1.000000000000000000e+00 1.226202062074539245e-01 1.061301144391866846e-01 -1.718306507739331135e-02 -1.707118162476256931e-02 -5.820999082762550597e-03 -4.282613595686579622e-02 -5.139315071289653203e-02 8.355383195510392158e-02 4.657860281665321400e-02 8.760217122578241658e-03 -3.804554999364168164e-03 1.393076407171714437e-02 9.945560379023665742e-03 -1.284659763702401120e-02 -4.005614481776199019e-03 9.723109150440607806e-02 1.069357465885106828e-01 8.351848370098576002e-02 1.230548966560036234e-02 -6.982846075763157745e-02 6.600746229434750062e-03 1.152846630837534719e-01 9.865014861304453875e-02 5.190054961183753618e-02 6.367435265331193583e-02 4.300627947292982867e-02 5.225929935502095919e-02 1.010208057385209024e-01 9.431373948138425944e-02 7.328328661652511178e-02 9.615077622899201315e-02 3.584172574765411706e-02 6.926082996517898827e-02 7.809474723978769573e-02 4.800563770753046161e-02 4.279802059307225015e-02 4.801472620733463620e-02 2.671171870742358387e-02 2.280583669227816048e-03 1.802674763651518006e-02 5.037523105992936998e-03 3.319279399280204018e-03 1.091229118618684650e-02 2.160119391496683264e-02 3.378452790491762864e-02 1.638996260048391357e-02 1.637321137200250382e-02 1.878905162188924602e-02 1.645548069616463785e-02 1.996261257297230959e-02 -3.438918813380958950e-02 7.927912797584962118e-03 3.769876883605075002e-02 5.611415362075921481e-02 4.049540895268270713e-02 5.209309701089279154e-02 2.301962488960138803e-02 3.234385211709935037e-02 2.800496554592621715e-02 1.820691042607951171e-02 3.010002896272652786e-02 2.312509918249099419e-02 1.693265880350511288e-02 2.214786364621056450e-02 3.338426079794846318e-02 2.510358918845534415e-02 2.569557972792252745e-02 4.476124996975900522e-02 -8.349636265870336721e-03 -5.230305332145690489e-03 2.539652521734355600e-02 4.240877697650674572e-02 1.726747472893502486e-02 2.584015974674264138e-02 1.972379712937147311e-02 1.891527433533506455e-02 4.654972679634213073e-02 3.069026611710842095e-02 4.178501194307859823e-02 2.372778639075708365e-02 3.032033524171518640e-02 4.031134412186666155e-02 3.801520501913794453e-02 1.661739027554440945e-02 2.534075425698808365e-02 1.876591722969819451e-02 1.396569900388325465e-02 2.550791213151700279e-02 2.196771302759065528e-02 6.664925878578962549e-03 9.273898742151169983e-04 1.217282332830431704e-02 1.327449907360655351e-02 4.128072896459993903e-03 1.161513452812030882e-02 -1.552548365254076065e-02 1.687647662047054133e-03 -3.010489518840004253e-03 -1.734802440435996617e-03 -5.029684105869922615e-04 6.101139843249367249e-03 2.866708266800084559e-03 3.020960321892037382e-03 1.524023772010256721e-03 2.328675849922699770e-02 4.618203421176176812e-03 1.313751012467128700e-02 2.575283232147348653e-02 1.018783176355115075e-02 1.064483016274013136e-02 5.966289882214110413e-03 1.644866188581689537e-02 9.183186451721406240e-03 1.798028294720587991e-02 2.154121404891215161e-02
1.226202062074539245e-01 1.000000000000000000e+00 1.081631690501337062e-01 1.247031051395947610e-01 5.626203107242180174e-02 9.273063469023877514e-02 1.334052905651028631e-01 1.132670532921863926e-01 1.780375567068886722e-01 1.758948948218349573e-01 1.712034482497759302e-01 1.590204114101690935e-01 1.465015042727224048e-01 1.493095851970429044e-01 1.591170079722362130e-01 1.457331868749240367e-01 2.243317199141297014e-01 2.371108961373329105e-01 2.243999582052310093e-01 1.501300140163565333e-01 1.097867868209415620e-01 1.707770518649613656e-01 2.449451429194101082e-01 2.375649392628223500e-01 2.021304833253269317e-01 2.080279343209893439e-01 1.958398200841114101e-01 1.896633778295809536e-01 2.121230000360035117e-01 2.237642171157761539e-01 2.085866389291176071e-01 2.267695343154504106e-01 1.959566859744705791e-01 2.161873706319357158e-01 2.125663204910133719e-01 1.969312264924134859e-01 1.957063069861039173e-01 1.961870682527316057e-01 1.813713872268745975e-01 1.804367838774149635e-01 1.699937508555155463e-01 1.685171711848311993e-01 1.679552377689703391e-01 1.703739588753118706e-01 1.819816443982354426e-01 1.837807018370065382e-01 1.677719070387174161e-01 1.715429258604412865e-01 1.670482591320834320e-01 1.649919219842727325e-01 1.806072719019033435e-01 1.427016096609814988e-01 1.616341915803276852e-01 1.825941214351681219e-01 1.852985220401280053e-01 1.910314939003605605e-01 1.827642298601277471e-01 1.688178504703218008e-01 1.774497713982195191e-01 1.726913181227530958e-01 1.707672533342418364e-01 1.776307930706227389e-01 1.699593255421462668e-01 1.676898439937322682e-01 1.766661435317083417e-01 1.743660787061889206e-01 1.806383309727785103e-01 1.918846576861194253e-01 1.984987277159195318e-01 1.685300713598429090e-01 1.692989858075317489e-01 1.881984999165928762e-01 2.071860565661172993e-01 1.878037200128772899e-01 1.852556467318719757e-01 1.744378741702549973e-01 1.821723292476416234e-01 1.928212824013251225e-01 1.912460531323715018e-01 1.921062520363820414e-01 1.824439842746989338e-01 1.833596319672469721e-01 1.934223527372997686e-01 1.907062505702557531e-01 1.753088553574352337e-01 1.860002300856072321e-01 1.787911277794338172e-01 1.769844180359894659e-01 1.793243865952338922e-01 1.887217895058739270e-01 1.729821783322838258e-01 1.664534659873194988e-01 1.771940359675786003e-01 1.695457625257300593e-01 1.647904951114377292e-01 1.700258632038314788e-01 1.549377690868116719e-01 1.566236886880692514e-01 1.602614250139001162e-01 1.650315556860882105e-01 1.654280254498028402e-01 1.659277208836752726e-01 1.644556914783658064e-01 1.616907503235079369e-01 1.697869362274590233e-01 1.721226059399664499e-01 1.629931890969160968e-01 1.706134371587085807e-01 1.822248371360010999e-01 1.709285927040966047e-01 1.715824656494111256e-01 1.640607069014239638e-01 1.707671551777898700e-01 1.659886586827818700e-01 1.753986946237854616e-01 1.736290479121795627e-01
1.061301144391866846e-01 1.081631690501337062e-01 1.000000000000000000e+00 2.901198691261562268e-01 1.709632452118095836e-01 2.330604607896697988e-01 2.981499058827846160e-01 2.585763812864595446e-01 3.375536394752384761e-01 2.938859453493114504e-01 3.410796318201439470e-01 3.498019437126109743e-01 3.037118022101702453e-01 3.190637245804093247e-01 3.245915918896754571e-01 3.322417417554831554e-01 3.471991411332294719e-01 3.571681551586079473e-01 3.637203443125781033e-01 2.767242679711976461e-01 3.109590107211132048e-01 3.643038163907186822e-01 3.513437341010763881e-01 3.499183970218755491e-01 3.707207518485413078e-01 3.697822011565501388e-01 3.476989148525438389e-01 3.431286614730237328e-01 3.491674598557457654e-01 3.620798114645126797e-01 3.632200727375999860e-01 3.620268288359956843e-01 3.384302393806962739e-01 3.556622292018423726e-01 3.496128337317838120e-01 3.581594525019884401e-01 3.466261939372407008e-01 3.514690258737777628e-01 3.509779775998533857e-01 3.478241158800566835e-01 3.513363162160008657e-01 3.467068212095116841e-01 3.484142252380416083e-01 3.497657298537426018e-01 3.535173148785176744e-01 3.547443082725104668e-01 3.428482816621785112e-01 3.441144203778245259e-01 3.418118481312202861e-01 3.470150906178675054e-01 3.533717768876001308e-01 3.394669730340534874e-01 3.452883121055928539e-01 3.420462820613067723e-01 3.533323459576072634e-01 3.534628782266142077e-01 3.471149856452604987e-01 3.437878958155286546e-01 3.489714408560478098e-01 3.479607839542854242e-01 3.517322448279123215e-01 3.512629920577687304e-01 3.488048517733214338e-01 3.468767044715024839e-01 3.502179726685060168e-01 3.488809133305022514e-01 3.502076555870767827e-01 3.591583247009664803e-01 3.564173845754136094e-01 3.414743458679863064e-01 3.624401875620424929e-01 3.552434757326855541e-01 3.563343563080529353e-01 3.637500774880498278e-01 3.567042061268381747e-01 3.460162811879568534e-01 3.490048686015124191e-01 3.517596254159291447e-01 3.520812248981497472e-01 3.581988344312713735e-01 3.521501550948194503e-01 3.496029382480313474e-01 3.518007599576073452e-01 3.549742963021876863e-01 3.505518772897682211e-01 3.540428439601359667e-01 3.518913978154539213e-01 3.485856734649265820e-01 3.515746782765666323e-01 3.551422344824963218e-01 3.492059495600351449e-01 3.442215959176488371e-01 3.476007541569988701e-01 3.431639074421675706e-01 3.396553674373589127e-01 3.421844289004065121e-01 3.473411425375455552e-01 3.396930254435402419e-01 3.418096191269380246e-01 3.451565935702085031e-01 3.442504548732556180e-01 3.448311626750452108e-01 3.430953474205898357e-01 3.440201370100722245e-01 3.531145178609324531e-01 3.502209647036646500e-01 3.398216749540489690e-01 3.425173408003977515e-01 3.521658935530097567e-01 3.439789384442575870e-01 3.438023416338361615e-01 3.410515536982326457e-01 3.439238709807077576e-01 3.443875855636312489e-01 3.472110013743140988e-01 3.446276835024384422e-01
-1.718306507739331135e-02 1.247031051395947610e-01 2.901198691261562268e-01 1.000000000000000000e+00 3.597873680704700150e-01 4.007833826629912388e-01 5.925717874450684430e-01 5.277677962825018110e-01 5.437405384388848129e-01 4.969852143301792258e-01 5.716959027922200454e-01 6.436700244226777334e-01 5.319993107486188366e-01 5.641661718046115936e-01 6.233852268298365473e-01 6.035488579696726141e-01 5.410999988772589031e-01 5.726135205661480043e-01 5.622676485810912395e-01 5.855445873562511450e-01 6.621967165791107224e-01 6.638447239619642559e-01 5.112534807838615691e-01 5.373595839557475662e-01 5.975968838222075474e-01 6.085310937810258780e-01 6.014085599868881360e-01 5.792251077675276694e-01 5.611459809502934437e-01 5.654120334406014248e-01 5.971040127068144576e-01 5.617045237018123416e-01 5.521029939406897347e-01 5.541435358997918170e-01 5.297830185189630336e-01 5.847736551634987734e-01 5.679301858826321103e-01 5.874290780497384290e-01 5.984796167180033155e-01 6.100344477591509440e-01 6.009862873997774413e-01 6.124879306565775838e-01 6.118683570663652205e-01 6.174038111981431376e-01 6.169590679945773370e-01 5.972443657260103622e-01 5.999764930681463770e-01 5.977123239073683925e-01 5.986879551399760802e-01 6.010010329593880041e-01 6.113689663798219653e-01 6.315070051076473456e-01 6.356214023455305506e-01 5.855570622585735130e-01 5.929413850258333785e-01 5.874619433919781031e-01 5.911397789136751957e-01 6.027928149571127880e-01 6.013367685871497947e-01 6.015220445673900018e-01 6.104453834628367215e-01 6.006994050868659230e-01 6.034883534923625170e-01 6.043071894064655503e-01 6.089848794320150693e-01 6.037363137020659298e-01 6.012947833929007668e-01 6.108025389723563681e-01 5.909184518805122854e-01 6.491914935831876177e-01 6.560569324356434473e-01 6.144285060539594889e-01 5.979174689950439436e-01 6.146663912483781855e-01 6.124562104399170481e-01 6.063375446013069547e-01 5.992981401463468583e-01 5.970629366157378382e-01 5.998945503506690757e-01 5.965729839184840122e-01 6.028220794489126400e-01 6.007847812132053322e-01 5.903657420941360590e-01 5.808816346069345382e-01 5.949485166773132994e-01 5.995562065576888200e-01 5.975990878551938890e-01 6.002767252203192738e-01 6.032172674113582822e-01 6.040972594060544099e-01 6.038855640133957703e-01 6.058836524711233018e-01 6.102296685557139222e-01 6.024430130187911070e-01 6.007193000672158556e-01 5.986675432770082184e-01 6.190016980994414997e-01 6.038628987931404790e-01 6.095724270210202134e-01 6.099613126120579931e-01 6.098322257852106798e-01 6.135205061006366867e-01 6.166830041501238924e-01 6.100397349963945226e-01 6.203581066618889528e-01 6.057849952711478192e-01 6.009708160708929769e-01 5.948161768651948345e-01 6.049827574530621810e-01 6.063891890184197608e-01 6.056208949012616971e-01 6.014689614262391792e-01 6.000781314150631651e-01 6.011164672475483028e-01 6.051920653694078389e-01 6.033627963464034405e-01
-1.707118162476256931e-02 5.626203107242180174e-02 1.709632452118095836e-01 3.597873680704700150e-01 1.000000000000000000e+00 3.296049818859003167e-01 4.671593647296593543e-01 4.148288209327763987e-01 4.169903625103921208e-01 3.993877100193194418e-01 4.375946800286136251e-01 4.743697428265123972e-01 4.255434993212041106e-01 4.311868483491769766e-01 4.787696702265533122e-01 4.737966133164938642e-01 4.101287716591245358e-01 4.030226532319695631e-01 4.369901729014173952e-01 3.953409928749283542e-01 4.173919978963427369e-01 4.603657533874419006e-01 3.999371440429034252e-01 4.071489822199446107e-01 4.461446988799492863e-01 4.620445712126985405e-01 4.382345818867123821e-01 4.363677150653698655e-01 4.049293879469594848e-01 4.137563548383371703e-01 4.501938730143400513e-01 4.277032874122768114e-01 4.122950488059963225e-01 4.142656638287487980e-01 4.162772884710310151e-01 4.449460240123808141e-01 4.299624838609016897e-01 4.362456849063238162e-01 4.585153462295488147e-01 4.418184587897556748e-01 4.719422625435771290e-01 4.688308526832570267e-01 4.795989012457328449e-01 4.742618965346996340e-01 4.639020007223543240e-01 4.659362690990872524e-01 4.614345394756407814e-01 4.622790086648725927e-01 4.536422263029772917e-01 4.453927372886530844e-01 4.529034791695862872e-01 4.717550075757770411e-01 4.653223973723011886e-01 4.596784090213843488e-01 4.524477357775259501e-01 4.529134042406815497e-01 4.371141579980966640e-01 4.671161311449898434e-01 4.522353340608169514e-01 4.692697809313852164e-01 4.675294085471467520e-01 4.627339503111545516e-01 4.579301974175402634e-01 4.624739467020852479e-01 4.678150534696999263e-01 4.650440550194793743e-01 4.687889360877751099e-01 4.749022858793380264e-01 4.633510321131961152e-01 4.895908370180418467e-01 4.863323149056167360e-01 4.709519210778825848e-01 4.663332131653447621e-01 4.741078397395873667e-01 4.735808027651554064e-01 4.685243592043262240e-01 4.653568602295134471e-01 4.498158078332769594e-01 4.607334715447565787e-01 4.598663080614981413e-01 4.638134103263625851e-01 4.694766960583318660e-01 4.557757156585867109e-01 4.562412385438412987e-01 4.647289545221948703e-01 4.645675036438224326e-01 4.661555476675623977e-01 4.704988303095782864e-01 4.667681565225295648e-01 4.680411076705945361e-01 4.660016108415566127e-01 4.718415306120881669e-01 4.702995137313717433e-01 4.732470407774229670e-01 4.700120279823124525e-01 4.673106307244176971e-01 4.704824370349020568e-01 4.662261659714643236e-01 4.720116217622307708e-01 4.727781279069206977e-01 4.789996299075608421e-01 4.706445763367257396e-01 4.782348179827233814e-01 4.731371756633441783e-01 4.764452673530724658e-01 4.648773444436105629e-01 4.654234751763060562e-01 4.681101853643943600e-01 4.694339108505741764e-01 4.721527369471566482e-01 4.668458322225311208e-01 4.724281145216832623e-01 4.669720604527128338e-01 4.695490400519606866e-01 4.684453473635166176e-01 4.657969006883759255e-01
-5.820999082762550597e-03 9.273063469023877514e-02 2.330604607896697988e-01 4.007833826629912388e-01 3.296049818859003167e-01 1.000000000000000000e+00 5.362211062841014675e-01 4.780677157976161995e-01 5.241209013468312028e-01 4.988119856522378881e-01 5.244840884821742044e-01 5.753231727285252894e-01 5.112059813572810141e-01 5.251638584121812725e-01 5.750262468489610868e-01 5.611675191781179128e-01 5.031732675398183918e-01 4.693567928911935860e-01 5.158944549336897945e-01 4.451387533072441172e-01 4.627128976493163903e-01 5.491691538232624792e-01 4.930312136128703893e-01 4.658190837072886392e-01 5.261198313463185672e-01 5.677813716289170642e-01 5.593699958322759791e-01 5.598716256836892002e-01 5.261727290547691949e-01 5.417420880468005739e-01 5.675184416555639766e-01 5.330491408505305673e-01 5.353440099296296051e-01 5.196530713828088066e-01 5.299586257624390173e-01 5.552864017702109356e-01 5.552926954227433987e-01 5.683159393223500278e-01 5.755762633306197307e-01 5.707938845516653537e-01 5.875582028525653255e-01 5.909025774531371233e-01 5.767334708952737143e-01 5.943040155987908690e-01 5.805744513015790309e-01 5.833671372320483606e-01 5.885714906357326637e-01 5.826238076437052493e-01 5.808660980903551652e-01 5.649238826562222870e-01 5.818479005308926366e-01 5.719215219442421727e-01 5.942836452901427702e-01 5.796653501915670637e-01 5.759348230007554914e-01 5.758260793114098330e-01 5.739758840500668313e-01 5.914321974377182434e-01 5.852696513127501055e-01 5.850943238181531836e-01 5.879654116118568918e-01 5.882950204385795079e-01 5.826569788589031074e-01 5.875117562584697417e-01 5.814500001436058163e-01 5.885154657708552284e-01 5.882362085750371117e-01 5.900287981207193999e-01 5.819853647745107939e-01 5.918902786145656680e-01 5.945826516757002356e-01 5.889988780434558535e-01 5.715463053927681836e-01 5.874499133812336460e-01 5.936651217147334014e-01 5.897751796644966626e-01 5.854980169016668068e-01 5.771225143385496636e-01 5.902820973173334984e-01 5.853015911295272877e-01 5.859073168069740545e-01 5.894803399554016110e-01 5.820072130616584793e-01 5.806254451314194487e-01 5.810967769457872079e-01 5.823550917049330478e-01 5.870435602196325542e-01 5.884961028646802372e-01 5.915095412698432309e-01 5.896607433899461181e-01 5.921236471404953683e-01 5.934660938676062925e-01 5.944800260028676453e-01 5.899456104839426729e-01 5.881354892479270235e-01 5.882224794629786757e-01 5.943854208349620416e-01 5.886069245588515519e-01 5.956349924518414829e-01 5.920243141901129214e-01 5.964386494472674327e-01 5.946613427726525902e-01 5.918381993757073634e-01 5.937259999081274664e-01 5.934213182960313970e-01 5.937659254472000825e-01 5.909127556759784516e-01 5.878784633671516602e-01 5.939850794902771236e-01 5.910746960975251652e-01 5.934331535494286047e-01 5.928181628262628733e-01 5.908736584567725325e-01 5.923982728898263828e-01 5.903542920000278693e-01 5.906263920527591305e-01
-4.282613595686579622e-02 1.334052905651028631e-01 2.981499058827846160e-01 5.925717874450684430e-01 4.671593647296593543e-01 5.362211062841014675e-01 1.000000000000000000e+00 6.976248823918824726e-01 7.150888574889651128e-01 6.818016428618804969e-01 7.378280258118186108e-01 8.067311969002484151e-01 7.114109534305831373e-01 7.401881056845007745e-01 8.434242177428951104e-01 8.098318698703197427e-01 7.013751590844060635e-01 6.482631453481996209e-01 7.079091467257775383e-01 6.782776743593463831e-01 7.060151279069705188e-01 7.769910858133334264e-01 6.737522835559422996e-01 6.616883678270490954e-01 7.213275830181363757e-01 7.838948115364959834e-01 7.815966078057969835e-01 7.738632683606270213e-01 7.058779995393510420e-01 7.322757222833748969e-01 7.900663183358004327e-01 7.459713541774759538e-01 7.298099508442399408e-01 7.380544818370018412e-01 7.239352190608354665e-01 7.675425683825105594e-01 7.618315306971726875e-01 7.930124620731924256e-01 8.008411170450915328e-01 8.009063691153419651e-01 8.212166984180697682e-01 8.255781088806459778e-01 8.063608313426943175e-01 8.263462274174802058e-01 8.146004387872065600e-01 8.102826323093126337e-01 8.205999244445066898e-01 8.177026903150705905e-01 8.177533963643515147e-01 8.081531492373041914e-01 8.195613824721628138e-01 8.225183900327804887e-01 8.272423170316235419e-01 8.052161975078385714e-01 8.009199004776911268e-01 8.026506520055909366e-01 7.956173458819489896e-01 8.166950453590395842e-01 8.172056251336284882e-01 8.177240055909299477e-01 8.270955789079759146e-01 8.173791880661871456e-01 8.164189894210132081e-01 8.165122215862867794e-01 8.144181091259869998e-01 8.131075314210381988e-01 8.178930227263453423e-01 8.178490318949518390e-01 8.017370559909750005e-01 8.461576768084519973e-01 8.381551327694771736e-01 8.187553681352267576e-01 7.965945045383653333e-01 8.115085784062210372e-01 8.269739057785386871e-01 8.226934065366265925e-01 8.186854607058779987e-01 7.954241384924681801e-01 8.152555720763835501e-01 8.073058161834862911e-01 8.167113555371762201e-01 8.205838070964797115e-01 8.077995572402436597e-01 7.997402247518019536e-01 8.136585435523117082e-01 8.158231741084736033e-01 8.170063792161149641e-01 8.268978496063393857e-01 8.235429412050974118e-01 8.224155001517913233e-01 8.256365900544444525e-01 8.312263824114819455e-01 8.256119858086850005e-01 8.251885521336433937e-01 8.260698283778415973e-01 8.228887644468629858e-01 8.355023838003310388e-01 8.248032034637440280e-01 8.368974201549924663e-01 8.359318100240132887e-01 8.339579334183560011e-01 8.337964170780530759e-01 8.319767187311746248e-01 8.322845607935935863e-01 8.333015367245697469e-01 8.239468484873478937e-01 8.284907300990859147e-01 8.204983868790348689e-01 8.242360463600445497e-01 8.306455276514869146e-01 8.302723544832520952e-01 8.270198409336037004e-01 8.240969261812731705e-01 8.263791740412872455e-01 8.218199223998499114e-01 8.208459964282552868e-01
-5.139315071289653203e-02 1.132670532921863926e-01 2.585763812864595446e-01 5.277677962825018110e-01 4.148288209327763987e-01 4.780677157976161995e-01 6.976248823918824726e-01 1.000000000000000000e+00 6.329985104943780527e-01 6.275095037720089808e-01 6.679637432483014337e-01 7.333537176286111237e-01 6.575638556317456862e-01 6.774432046896098347e-01 7.583604289159480150e-01 7.364665569378862076e-01 6.324235136780333999e-01 5.726939258774724761e-01 6.390933805426245451e-01 5.701590619443569485e-01 6.260707143758039717e-01 7.081731559900392714e-01 6.019238765269595559e-01 5.771514777123275541e-01 6.539162499913766524e-01 7.092934378755633151e-01 7.031072185529467777e-01 6.969266512794527468e-01 6.404549181960471627e-01 6.553886765767293898e-01 7.072932140489804897e-01 6.676630285008786636e-01 6.717245631890359503e-01 6.603430316592437954e-01 6.597851936254067740e-01 6.944855328377328441e-01 6.854701822018139934e-01 7.206791677982048450e-01 7.285026415519971765e-01 7.250770125072408812e-01 7.398349304547321426e-01 7.512833586793123963e-01 7.353420306073430446e-01 7.537756742894624606e-01 7.387536949378536999e-01 7.393376912464939554e-01 7.500090205301341850e-01 7.455527845665375075e-01 7.407489347740323637e-01 7.284261918848464745e-01 7.411660983881450671e-01 7.420454698887796186e-01 7.453465351492848390e-01 7.324537269921909122e-01 7.207547926225920110e-01 7.266862252634601615e-01 7.190440210101122220e-01 7.488962334134400267e-01 7.418415478491722226e-01 7.439059710697659700e-01 7.505700438513775996e-01 7.442662860090409893e-01 7.425587529937708320e-01 7.441914986687615530e-01 7.408565267906886964e-01 7.420837993056200732e-01 7.448682543014173429e-01 7.467528499859640290e-01 7.297896829889477521e-01 7.617985709613274148e-01 7.629500042510525271e-01 7.460932344800249583e-01 7.192518471654757439e-01 7.426332297346587286e-01 7.519522999755147152e-01 7.493048662380581426e-01 7.474306252410148899e-01 7.259829728215613232e-01 7.431092841529594040e-01 7.368934794470765048e-01 7.449693229958170848e-01 7.452407438703633202e-01 7.403755807639612607e-01 7.346210431272615082e-01 7.450906004901995949e-01 7.411140004839462669e-01 7.439305358254310052e-01 7.545461589222982601e-01 7.475196479726740062e-01 7.473755911490689297e-01 7.529952119741124550e-01 7.574025303073466109e-01 7.524121532571369508e-01 7.514427342258895859e-01 7.538580763077078473e-01 7.523202516259335226e-01 7.579952678683822276e-01 7.541018922879039188e-01 7.625425868883843883e-01 7.591622297792589569e-01 7.604642430875194758e-01 7.580781805020651021e-01 7.572010501318595654e-01 7.593044467053974289e-01 7.585538216292485592e-01 7.504601593904665080e-01 7.561399366251347898e-01 7.492598751932443291e-01 7.524700924637411914e-01 7.562897856139975117e-01 7.572346413725815628e-01 7.551260662793558565e-01 7.514343459624102106e-01 7.558664887736186166e-01 7.495974807048538802e-01 7.497832879323426125e-01
8.355383195510392158e-02 1.780375567068886722e-01 3.375536394752384761e-01 5.437405384388848129e-01 4.169903625103921208e-01 5.241209013468312028e-01 7.150888574889651128e-01 6.329985104943780527e-01 1.000000000000000000e+00 7.776116699812463118e-01 7.975538285449532694e-01 8.324815468073434310e-01 7.715812463664558640e-01 7.818604900825626425e-01 8.542536471629480488e-01 8.323661706197814647e-01 8.260896548561843522e-01 7.373971875947946675e-01 8.077278739466733359e-01 6.018429623329140110e-01 5.793702107293265957e-01 7.912732595498267463e-01 7.919161493115908224e-01 7.551337224490827227e-01 7.951127626346053967e-01 8.643224680675720695e-01 8.470687622561514640e-01 8.317631238975603525e-01 8.158107751746971337e-01 8.543416837280927156e-01 8.801065873809194029e-01 8.585479184428989052e-01 8.018783774152040689e-01 8.279505374432506448e-01 8.421830680136849212e-01 8.495001547870189018e-01 8.595023848592151516e-01 8.727966052617478487e-01 8.775914820251062842e-01 8.232780444742066051e-01 8.771580148158732992e-01 8.684377120275368345e-01 8.411294212962262540e-01 8.753921212248919614e-01 8.673340589512946730e-01 8.751430096149012128e-01 8.866703635498963676e-01 8.909326976664176945e-01 8.867543969248469216e-01 8.604426826805280371e-01 8.753223220102932522e-01 8.140252821100912861e-01 8.595644821736274643e-01 8.935794158465494297e-01 8.863540248757979523e-01 8.860592382749886697e-01 8.782592238872563017e-01 8.810154031598541602e-01 8.866863674503374648e-01 8.918832829482203906e-01 8.881989952101430053e-01 8.873589449115678596e-01 8.893516019872101941e-01 8.841744008815052291e-01 8.787827241180469207e-01 8.869073509534293187e-01 8.907257765002275507e-01 8.860263858445429630e-01 8.881939558612786945e-01 8.492053227653075798e-01 8.704180962393890386e-01 8.852242323099618337e-01 8.735172066229222043e-01 8.780499245257818997e-01 8.868507986194789083e-01 8.837624389487355181e-01 8.764803439385653316e-01 8.738226355479301599e-01 8.756965845954610694e-01 8.893970687280667864e-01 8.868309411788367624e-01 8.918484352627075173e-01 8.884196353832983784e-01 8.833743817623171957e-01 8.784772533238945913e-01 8.828798589298620936e-01 8.877101615479996433e-01 8.803798768911781369e-01 8.889149872000532415e-01 8.821015705920515204e-01 8.739605059229601514e-01 8.827630006668741869e-01 8.850773754180899511e-01 8.875404114585104809e-01 8.854264925445636258e-01 8.888922576848423684e-01 8.562673693421238852e-01 8.686618212207564138e-01 8.793461125053136929e-01 8.763630880943333867e-01 8.806460319963802519e-01 8.771239405853333837e-01 8.801268540778647287e-01 8.851138317669343669e-01 8.770128702221787753e-01 8.837807913436117602e-01 8.821527723887041539e-01 8.872952364708839301e-01 8.882567748903836824e-01 8.867306874678899664e-01 8.850578758996286988e-01 8.860615627730615840e-01 8.893985834310561556e-01 8.843354370184518531e-01 8.864421869817569188e-01 8.869707402117281703e-01
4.657860281665321400e-02 1.758948948218349573e-01 2.938859453493114504e-01 4.969852143301792258e-01 3.993877100193194418e-01 4.988119856522378881e-01 6.818016428618804969e-01 6.275095037720089808e-01 7.776116699812463118e-01 1.000000000000000000e+00 7.360381995153882917e-01 7.870515299753412242e-01 7.248149021316442342e-01 7.502732712253409320e-01 8.079815169638749905e-01 7.870245263506382427e-01 7.534458469317746321e-01 6.603861479421514469e-01 7.403953154908554657e-01 5.658835014444792977e-01 5.430925923304015246e-01 7.308366253787405009e-01 7.233810526769297589e-01 6.913464260266692918e-01 7.314832361476024669e-01 7.933192443263891169e-01 7.880949287522649449e-01 7.807589804761481123e-01 7.482410741419934785e-01 7.873226904453723973e-01 8.179188714476994804e-01 7.963991878544784964e-01 7.629096851906173038e-01 7.777748624771267938e-01 7.901016576099046951e-01 7.927020813620065942e-01 8.024851454294628095e-01 8.297854897831967724e-01 8.263588347631850572e-01 7.839743416044505642e-01 8.308870102504526400e-01 8.250013123637329748e-01 7.978200671334482186e-01 8.303703925855794310e-01 8.172541036207716658e-01 8.261355495182159947e-01 8.385526066727501115e-01 8.439066664278181973e-01 8.369683271484256171e-01 8.095516219220717513e-01 8.329757184436747952e-01 7.655058396503839901e-01 8.077976623368146036e-01 8.394821145365931603e-01 8.237209165885680529e-01 8.339621598403698099e-01 8.144838082665564194e-01 8.347706200386234565e-01 8.361086621474734804e-01 8.381779263842014105e-01 8.369911299408855365e-01 8.357929372746250030e-01 8.376111629889582133e-01 8.370057933358143742e-01 8.270773991958563220e-01 8.297320325208135117e-01 8.414042349278499922e-01 8.345634791940680364e-01 8.362361713835793076e-01 8.095633262836250399e-01 8.210366451357268280e-01 8.311116348825576816e-01 8.207821602199675270e-01 8.260227362184415778e-01 8.345852815219106935e-01 8.347478966155765789e-01 8.273423286824607148e-01 8.198770465787258432e-01 8.260298927703766392e-01 8.367334211778119091e-01 8.383529678037360267e-01 8.417079195931995717e-01 8.367479122689458482e-01 8.345152575587453381e-01 8.326117034138503792e-01 8.372139038260772992e-01 8.382108450393195298e-01 8.368972304246290461e-01 8.396866440933141718e-01 8.327613547856087539e-01 8.320037724891604647e-01 8.366915889248920379e-01 8.353719722154778760e-01 8.414369850566977282e-01 8.413694468145813676e-01 8.426391733013699481e-01 8.123768158920863236e-01 8.166797813250722404e-01 8.346404840320984508e-01 8.337355756278546082e-01 8.339842050260174444e-01 8.299710369465260751e-01 8.324405691348765179e-01 8.373923481738039243e-01 8.276075807223952641e-01 8.298470651822514865e-01 8.350586150289592835e-01 8.415457922597467944e-01 8.367041400987973443e-01 8.400619220464058401e-01 8.386772457910597334e-01 8.396763488721791235e-01 8.396745054724882307e-01 8.352114646580804935e-01 8.391258267759100775e-01 8.344833339778989778e-01
8.760217122578241658e-03 1.712034482497759302e-01 3.410796318201439470e-01 5.716959027922200454e-01 4.375946800286136251e-01 5.244840884821742044e-01 7.378280258118186108e-01 6.679637432483014337e-01 7.975538285449532694e-01 7.360381995153882917e-01 1.000000000000000000e+00 8.502244078862544185e-01 7.515836000576747722e-01 7.785484839097567278e-01 8.545615854470144379e-01 8.323991871766236450e-01 7.911130460807553888e-01 7.143536468156851393e-01 7.938028117081469270e-01 6.243468509756980866e-01 6.382853081191037781e-01 8.095373714742361004e-01 7.572632731843171872e-01 7.328747817351041194e-01 7.846226527367882175e-01 8.449165842891021017e-01 8.285738203896380050e-01 8.220423260890991068e-01 7.882135464494617327e-01 8.272640446837099537e-01 8.535969801204814633e-01 8.251611635557447588e-01 7.997194441467120329e-01 8.041896179646759180e-01 8.173490343245233269e-01 8.320345491414208317e-01 8.457244416099674034e-01 8.497546054715291453e-01 8.630713042859242679e-01 8.361341730179898679e-01 8.664942923152624266e-01 8.684388465706066595e-01 8.372934889922575286e-01 8.695783088869215582e-01 8.672718047643523942e-01 8.588264948882103900e-01 8.754363061072559793e-01 8.735108942183489322e-01 8.692652017198506664e-01 8.472275014220894684e-01 8.638395478762181945e-01 8.331758213250777256e-01 8.587596668286650026e-01 8.680726695752227773e-01 8.595816036736049215e-01 8.686167870619356801e-01 8.525610064820310363e-01 8.700459740831807398e-01 8.673316540419964138e-01 8.741278227961296610e-01 8.744187742418708664e-01 8.710442748649749323e-01 8.695641497132866604e-01 8.697911147831280942e-01 8.701147895077648853e-01 8.680300636839878292e-01 8.776921503291471582e-01 8.778418278463923086e-01 8.712164789273652010e-01 8.592836852282259574e-01 8.760566212273674935e-01 8.770387541386934771e-01 8.592721561689733445e-01 8.718591168059689478e-01 8.787218341722040638e-01 8.751348459241270472e-01 8.703909290905439411e-01 8.610067390180365932e-01 8.687107274177069405e-01 8.746448586314192752e-01 8.752412176814711176e-01 8.788545085708097115e-01 8.705446429754591930e-01 8.678629643830667595e-01 8.657424392666840385e-01 8.717665348304470818e-01 8.770183470331240905e-01 8.731103559904366263e-01 8.780318663426945891e-01 8.766290402466103693e-01 8.733133928860284945e-01 8.776687603799222526e-01 8.798298455840004584e-01 8.789896898850966256e-01 8.772348560895197878e-01 8.769891036467302170e-01 8.648032993204548546e-01 8.605692446474200175e-01 8.751252508261678775e-01 8.738508089138875556e-01 8.778527240409919052e-01 8.715930292511151478e-01 8.766044363814121665e-01 8.765917220489150008e-01 8.754104741188217798e-01 8.737602082333685294e-01 8.725358750403942043e-01 8.754496072257884620e-01 8.785333176232067443e-01 8.783387695731207367e-01 8.757268128831789955e-01 8.761127882345031148e-01 8.768051051500995730e-01 8.730098473955181237e-01 8.771389325935587955e-01 8.729834877295934437e-01
-3.804554999364168164e-03 1.590204114101690935e-01 3.498019437126109743e-01 6.436700244226777334e-01 4.743697428265123972e-01 5.753231727285252894e-01 8.067311969002484151e-01 7.333537176286111237e-01 8.324815468073434310e-01 7.870515299753412242e-01 8.502244078862544185e-01 1.000000000000000000e+00 8.112979185090002376e-01 8.406576022435363615e-01 9.179759384040737658e-01 8.947863698351979922e-01 8.137321582572013545e-01 7.214056603303143911e-01 7.991058467537586196e-01 6.881994813173459846e-01 7.284239549580989737e-01 8.597013914211752983e-01 7.556118653735292012e-01 7.326211317568156467e-01 8.086872579005792705e-01 8.825828484075305402e-01 8.698026126790721069e-01 8.564989887996081741e-01 8.063634210849229822e-01 8.435543902831130758e-01 8.875066242960062413e-01 8.487735709793743366e-01 8.263342741070274222e-01 8.338876436280261428e-01 8.303614953054818670e-01 8.658322269043107200e-01 8.692102128390098992e-01 8.937876959449814196e-01 9.046479178101701768e-01 8.787584480496961614e-01 9.165063768199439576e-01 9.173011664247471275e-01 8.910872495679680316e-01 9.256313433679800307e-01 9.108565347567886272e-01 9.080148376768218954e-01 9.283526120333792653e-01 9.269380371514190919e-01 9.247791985159411476e-01 9.052521538190498873e-01 9.202839973046723632e-01 9.036268078802767167e-01 9.244732572285242478e-01 9.187163411408737490e-01 9.088804926686986363e-01 9.083442743453192803e-01 9.079610181969591798e-01 9.265527504384505342e-01 9.236088548827647848e-01 9.289742223739106963e-01 9.332257014373170900e-01 9.270220279674165065e-01 9.268129679740456650e-01 9.264819347868216148e-01 9.254369549412868601e-01 9.273221547851090429e-01 9.280542616188206528e-01 9.215784874977593910e-01 9.107077805036952745e-01 9.260843982434445731e-01 9.359470323185945517e-01 9.237328632359959046e-01 8.971425705801332473e-01 9.150397068671812795e-01 9.286387759845325940e-01 9.249404897100604872e-01 9.170449950789525406e-01 8.997901141220578936e-01 9.147252778896752812e-01 9.185362828532188662e-01 9.227237591321889587e-01 9.275583974506393936e-01 9.173482009055704545e-01 9.112768777115856089e-01 9.181939043936252487e-01 9.181989020256517975e-01 9.245189695134061747e-01 9.229926449946320721e-01 9.259503646104629837e-01 9.230896361641358627e-01 9.213471175378462608e-01 9.314706537051227198e-01 9.298909099132515177e-01 9.294906463277822217e-01 9.315149233643555959e-01 9.317334468128999347e-01 9.234532665550683195e-01 9.250960352467301195e-01 9.353369027949780534e-01 9.297847752433606727e-01 9.332478853310581801e-01 9.312110819907308823e-01 9.368557995005006855e-01 9.356546873272528764e-01 9.331035628584042341e-01 9.303661009288469730e-01 9.317351533551434528e-01 9.288964318661252495e-01 9.293451789395562601e-01 9.336309144920940106e-01 9.316331392001880873e-01 9.339282134084445630e-01 9.335550186423497987e-01 9.316863597692648380e-01 9.311597836549646567e-01 9.308929129059687613e-01
1.393076407171714437e-02 1.465015042727224048e-01 3.037118022101702453e-01 5.319993107486188366e-01 4.255434993212041106e-01 5.112059813572810141e-01 7.114109534305831373e-01 6.575638556317456862e-01 7.715812463664558640e-01 7.248149021316442342e-01 7.515836000576747722e-01 8.112979185090002376e-01 1.000000000000000000e+00 7.538574521815598617e-01 8.311579107658825238e-01 8.242219530845371622e-01 7.520255779278234298e-01 6.851166019988645939e-01 7.556472778219402997e-01 6.068108199788715407e-01 6.161974706908436294e-01 7.769680814272696967e-01 7.261182320596535344e-01 6.971692576319613588e-01 7.519610977419046716e-01 8.208852523107097454e-01 8.059141701492165133e-01 7.969033067963720018e-01 7.613309292505151538e-01 7.922228724827925506e-01 8.273297983260831101e-01 7.949808189089467847e-01 7.630660845465629949e-01 7.696291629953598834e-01 7.765983706981433032e-01 7.931148409170971636e-01 8.041567258243538241e-01 8.260312903637226922e-01 8.312147620608882903e-01 7.991372427083056618e-01 8.428585167233793030e-01 8.416133701764557662e-01 8.103209837063127807e-01 8.468868766854049657e-01 8.365700600036164447e-01 8.366334020023475926e-01 8.522166683456805503e-01 8.520947478127840480e-01 8.442227980534515730e-01 8.158822892673051053e-01 8.341191663824351066e-01 8.048255155290742202e-01 8.372491766863792151e-01 8.475331987456826699e-01 8.335906034438899104e-01 8.384467648079815261e-01 8.280388241478046085e-01 8.470248106062744364e-01 8.434846269260751761e-01 8.552714228445016387e-01 8.500143215829263355e-01 8.473995183558065136e-01 8.471911194425212344e-01 8.468016930926216546e-01 8.489136450063446970e-01 8.480648264324107677e-01 8.536726208508838010e-01 8.502318601197539349e-01 8.425395203715689840e-01 8.371601821441435609e-01 8.475529684833562616e-01 8.502336952123750180e-01 8.313186244310014628e-01 8.419337990578279474e-01 8.559024146682440159e-01 8.513661001975625364e-01 8.462757403245203536e-01 8.354364983408577583e-01 8.433867539835779858e-01 8.496992276864111515e-01 8.492656214359176614e-01 8.547606048791157596e-01 8.488143745433871512e-01 8.435031677812667716e-01 8.406165799122941040e-01 8.466502826239431512e-01 8.509122015900276725e-01 8.495915616332472275e-01 8.517618961780519804e-01 8.490742406890003924e-01 8.461611704026806846e-01 8.534045559914631429e-01 8.533658357518502102e-01 8.536057644659512667e-01 8.546330958196139971e-01 8.557420393596121277e-01 8.313554545748815805e-01 8.411698434992137541e-01 8.491999433357380056e-01 8.476438809696449361e-01 8.531736155251777864e-01 8.477767970531411290e-01 8.542352787377246459e-01 8.544572983067646454e-01 8.514909947708241278e-01 8.507442826902270605e-01 8.520281315497686414e-01 8.541122779623793182e-01 8.530378625450222296e-01 8.558849966600134973e-01 8.522448760373234622e-01 8.552188209590951828e-01 8.542390327416727880e-01 8.554656337191851589e-01 8.547970957858763708e-01 8.553208263170880565e-01
