1.000000000000000000e+00 6.337017472029522758e-02 5.554196424687279227e-02 6.974663794220700708e-02 -3.027268898107521658e-02 -2.253238386086399772e-02 4.275299434855638764e-02 6.074996389683457593e-02 1.085061904716983633e-01 2.735898880675489975e-02 3.380829810977862421e-02 3.921494113734078774e-02 3.536652123774397354e-03 2.444431306319231473e-02 3.109968455825003544e-02 2.718616035986358426e-02 6.187395963509033370e-02 4.448460081493574303e-02 2.704263989836442478e-02 1.767419573826383219e-02 2.752320156366605541e-02 4.507694198613488440e-02 5.599951726125379503e-02 2.740464401532060473e-02 1.590199322039676996e-02 3.255491497699110337e-02 5.810061168560234912e-02 4.629210701036782366e-02 4.564944944792780068e-02 6.479743319319977712e-02 3.343492150348933989e-02 4.069816637757655425e-02 3.097135669421731061e-02 6.047930477267859928e-02 3.895580667200147090e-02 3.074392044896426604e-02 3.654002572698093754e-02 2.461026903584031048e-02 1.103194876844095645e-02 2.266485729191144993e-02 2.406876444040486132e-02 -3.257735024626250142e-03 3.031098996978859143e-03 1.411496852182799258e-02 5.892557397926837187e-04 9.147613463774788289e-03 1.286055135935382059e-02 3.898480234820729529e-02 2.773630352277229455e-02 4.698597970103947363e-02 2.305403773657317343e-02 4.087290853353054559e-02 2.803428653839156598e-02 2.939362612253088036e-02 2.385714584406037342e-02 1.901004037424994589e-02 4.854595344440237187e-02 5.537940166064845779e-03 2.570188883413102379e-02 2.730274417979880811e-02 1.546577199423451732e-02 2.496435695460409374e-02 3.000504306832046941e-02 2.214211737297646504e-02 2.985317588780381573e-02 2.496417890227476538e-02 2.007643140199750348e-02 8.314621970082388888e-03 9.751476746335942941e-03 4.366491958340645678e-03 1.152026475027788030e-02 1.173992839296048897e-02 9.157145324605419148e-03 6.656535103948640376e-03 2.440228705753518315e-02 1.244700988207495494e-02 1.314634427262220337e-02 1.668427204326992583e-02 1.397270287887421476e-02 1.718831337154390695e-02 2.920388426409543242e-02 1.130228958706843562e-02 1.881555165841992255e-02 1.993573633098223719e-02 1.708661998012605057e-02 1.779552196344042284e-02 1.130669730850624582e-02 1.008317445069208292e-02 1.055483325730961937e-02 7.441916429015807063e-03 1.070352109551427240e-02 5.861607104329835151e-03 4.124721535070638434e-03 4.974384093990330373e-03 5.075026439822723223e-03 9.433128228713737878e-03 2.713613362163599593e-02 3.383788774470684185e-02 1.482009934539101070e-02 1.568082119812606173e-02 7.471599813756070333e-04 2.183245577709124613e-02 1.134550312451548110e-02 1.221864141522993781e-02 1.215172873118985052e-02 2.530392216870885891e-02 1.705835850032064172e-02 9.557677030474184474e-03 8.572277726429038125e-03 1.473287983225654921e-02 1.337069759983077616e-02 1.149660994323589355e-02 1.507522569380905994e-02 1.439127563850428615e-02 9.587849869392385191e-03 1.482365620131680280e-02
6.337017472029522758e-02 1.000000000000000000e+00 1.073432213393317319e-01 9.193433602497995405e-02 8.202378683148066341e-02 3.806119964339229472e-02 1.245423010911592965e-01 1.194784141191704424e-01 2.065804485614117503e-01 1.454096534076791125e-01 1.526911025370993324e-01 1.604196194716711599e-01 1.025290412220850877e-01 1.159232840024592842e-01 1.625224184703848718e-01 1.310231349436408732e-01 1.691588924776840086e-01 1.494773321837815083e-01 1.554056324013355916e-01 1.539182624568600777e-01 1.497310670743119132e-01 1.723415647508848847e-01 1.636280721118411052e-01 1.502799067708034675e-01 1.531815724463619910e-01 1.373209949883609227e-01 1.633015703718142253e-01 1.537517436567565898e-01 1.334385762579362866e-01 1.436577226423473297e-01 1.386720000652542639e-01 1.525995551863036370e-01 1.367141541699571639e-01 1.397581249778657997e-01 1.513906936866457886e-01 1.266561929869956526e-01 1.423311393405812808e-01 1.365285721622094550e-01 1.422648960220572190e-01 1.432323232673355373e-01 1.457215833613803579e-01 1.537032090281183483e-01 1.555544544815257169e-01 1.478812415130132674e-01 1.504516747658306286e-01 1.518347359526944496e-01 1.572430562076800320e-01 1.761663556581710699e-01 1.483237751421944417e-01 1.443662834534471806e-01 1.416607706402683020e-01 1.521121345784018641e-01 1.525513503499381918e-01 1.645378833119166551e-01 1.544239224765486806e-01 1.535683719727045371e-01 1.612764489295139270e-01 1.558383984322084526e-01 1.577044260168646295e-01 1.655656321798232300e-01 1.510026705336937891e-01 1.644279007690639394e-01 1.555539925550720459e-01 1.460605116614407673e-01 1.606474884373924328e-01 1.607225454537740406e-01 1.569594890565086387e-01 1.537099625870471664e-01 1.547352794482116933e-01 1.680404631128887549e-01 1.577261504775542555e-01 1.590783066108391874e-01 1.594257577448534302e-01 1.517142590126627222e-01 1.519073435835578412e-01 1.536909862702555141e-01 1.517847446845386195e-01 1.495574169283768462e-01 1.520259241288432484e-01 1.512226812538749188e-01 1.530018858985708052e-01 1.503111323988702286e-01 1.650065065794311114e-01 1.519383211721607729e-01 1.499683339527415893e-01 1.473591259191639191e-01 1.540246410529318155e-01 1.517268839163831706e-01 1.487204773372856892e-01 1.493737830277981904e-01 1.504010127609667347e-01 1.531311047484824051e-01 1.490554516994820056e-01 1.540769489868441811e-01 1.591609701487801398e-01 1.573087034048758215e-01 1.498212775230909344e-01 1.548994864650514725e-01 1.518195085515093301e-01 1.475478151964544626e-01 1.477501073607917770e-01 1.587628242632385667e-01 1.578581938598924428e-01 1.535374607153133231e-01 1.531152679929436711e-01 1.612431005264071682e-01 1.587277253679443834e-01 1.555517888012382388e-01 1.513781587765714587e-01 1.562908078194331085e-01 1.607595671293754747e-01 1.583927693771415013e-01 1.602006871907744323e-01 1.591048369638957405e-01 1.498589072365805741e-01 1.581262794036111530e-01
5.554196424687279227e-02 1.073432213393317319e-01 1.000000000000000000e+00 3.248935747670093632e-01 1.996452857979300333e-01 1.739958998809251478e-01 2.813879505643485102e-01 2.911548894512283048e-01 3.462406550823914908e-01 2.774786507700634508e-01 3.724210762417894949e-01 3.620052396299708319e-01 2.806953479522665273e-01 2.877575876779603359e-01 3.409783754451605753e-01 3.155411902585409378e-01 3.247212978854605581e-01 3.145613252573987162e-01 3.414102980279179467e-01 2.182418329292072912e-01 2.321555917056002116e-01 3.160225825941745392e-01 3.552656283737698484e-01 3.341690191248589681e-01 3.082697361860861074e-01 3.600935447344517093e-01 3.577883468292031854e-01 3.915458891243082107e-01 3.402021591673911050e-01 3.502039921070311257e-01 3.527726832289015402e-01 3.679323989072492140e-01 3.378820479993744907e-01 3.529718067984944363e-01 3.443476540641349781e-01 3.244292753428052456e-01 3.526473019357048710e-01 3.440567965636865955e-01 3.367545322138146835e-01 3.493039130391976665e-01 3.409760765830288087e-01 3.619308879267481571e-01 3.427127183558525414e-01 3.543896361326362432e-01 3.575409981843565843e-01 3.392790403848185421e-01 3.498749350355505050e-01 3.556232034053974367e-01 3.453557430286567920e-01 3.461057479581677310e-01 3.476130062725681369e-01 3.465678961582512319e-01 3.459736164854471108e-01 3.495687196164222188e-01 3.501382628054016122e-01 3.584576977348340465e-01 3.458489680397164312e-01 3.531197289407458362e-01 3.454280156749853226e-01 3.524451096546694084e-01 3.483471425090752804e-01 3.497222664870237585e-01 3.387631985193965689e-01 3.400508257742169138e-01 3.474170879742893292e-01 3.434390958783788972e-01 3.535767700311662765e-01 3.574683199097832831e-01 3.604515694886721855e-01 3.437934076775718273e-01 3.396271849142225574e-01 3.525120757496599810e-01 3.570263078469272933e-01 3.496098633616921969e-01 3.536578478162899497e-01 3.629708978383994200e-01 3.522759116375597244e-01 3.518573544493689420e-01 3.542403659877019773e-01 3.533985824076783522e-01 3.536175358221860243e-01 3.514732655432090125e-01 3.580314646506096432e-01 3.518286919658419332e-01 3.487712157841415528e-01 3.486336004908010544e-01 3.462029526814315861e-01 3.511867837751346810e-01 3.446541062951267165e-01 3.508040467174604604e-01 3.540077357378785816e-01 3.513866562779033309e-01 3.547284812455992475e-01 3.510777419472619343e-01 3.549532865384844027e-01 3.487489786592341545e-01 3.412404805141070474e-01 3.450362168174286315e-01 3.554485389434558495e-01 3.440366390624212678e-01 3.470837778566250864e-01 3.472720421810728819e-01 3.509207192823973198e-01 3.512427874552578322e-01 3.454195528882549882e-01 3.433269499959129556e-01 3.469564333122675537e-01 3.436132464012169874e-01 3.418573472086510190e-01 3.486430058227952267e-01 3.484368969251059878e-01 3.533673286080173948e-01 3.471485875462831938e-01 3.448218422307222086e-01 3.421974596966047000e-01 3.527064060292086634e-01
6.974663794220700708e-02 9.193433602497995405e-02 3.248935747670093632e-01 1.000000000000000000e+00 3.385827536586890063e-01 3.670340297672075036e-01 5.324625428160624230e-01 5.391981657505862113e-01 5.129596972536339949e-01 4.803642605355486483e-01 5.783341673466784183e-01 6.074890611857076683e-01 5.200541236763633890e-01 5.210779548632693547e-01 6.019539813826388919e-01 5.824268504624269260e-01 5.426888564714341667e-01 5.608760262307553868e-01 5.625204703245365589e-01 4.585031955540474491e-01 4.946252024579680939e-01 5.685016988741240507e-01 5.900082022807298099e-01 5.683896571549700294e-01 5.692020566975859452e-01 6.127607149105251949e-01 5.897706694801791993e-01 6.109338661320909969e-01 5.927669269134414609e-01 6.068454171693816734e-01 6.157871035062476572e-01 6.301746359813995557e-01 5.813952668082166264e-01 6.201444220661761486e-01 5.864945606311703363e-01 5.775388053319191473e-01 5.996398472697120896e-01 6.054678314834937014e-01 5.962538641298826825e-01 6.123399490679412027e-01 5.890396679491066712e-01 5.950320044495940319e-01 5.945946743647467780e-01 6.169560175550967696e-01 6.109884194538829361e-01 5.969976460981262223e-01 5.921633246250191940e-01 5.876651082443876684e-01 6.063894019164036697e-01 6.018184200290482844e-01 6.122092437842383550e-01 6.009656625731535362e-01 6.014362313394113757e-01 5.910467028658987765e-01 6.064581115984297721e-01 6.213618615767553255e-01 6.069708660635585451e-01 5.942104592254695561e-01 6.036246657199725307e-01 6.023727603465300895e-01 6.010024152208442993e-01 6.046314308444614705e-01 6.022428725149248097e-01 6.016603580965548259e-01 6.014767106707991084e-01 6.021895246573367722e-01 5.983322674983875267e-01 6.058857058528631656e-01 6.186920543355237667e-01 6.020185710981565963e-01 6.037014986710089737e-01 6.039166275701352005e-01 6.085599031153354765e-01 6.053772237796223310e-01 6.057830207432132186e-01 6.030908690661797023e-01 6.007128205989998859e-01 6.016362161105757167e-01 6.083165051420211800e-01 6.103237837480489647e-01 6.101608850067441470e-01 6.074915302808093776e-01 6.100059549816274629e-01 6.083541356787249832e-01 6.114262812040552886e-01 6.106663134704403140e-01 6.073343194697178316e-01 5.998923574631570554e-01 5.992225746754036297e-01 6.055620909703773869e-01 6.038395933484949074e-01 6.009816808226232654e-01 6.027328729374966665e-01 5.974711260121525758e-01 5.965775051271977603e-01 5.943686893115173175e-01 6.098240848779904466e-01 6.133684167970484546e-01 6.050707994574748838e-01 6.039383445889587865e-01 5.979622412550811283e-01 6.076202742265928158e-01 6.024732271483278501e-01 6.040724836686650612e-01 5.977660403628606289e-01 6.049465209213175099e-01 6.016581416360422541e-01 5.924477372277799914e-01 5.994799123595198065e-01 5.966952068196643699e-01 5.986663588756760968e-01 5.966526303888970428e-01 5.978157931429650684e-01 5.984658145225649761e-01 5.970217593944777690e-01 6.016847982507650405e-01
-3.027268898107521658e-02 8.202378683148066341e-02 1.996452857979300333e-01 3.385827536586890063e-01 1.000000000000000000e+00 2.681078187707473526e-01 3.893108041231154171e-01 3.775465305861374632e-01 3.665177207675670012e-01 3.502688586034075069e-01 4.017595552727754038e-01 4.293696265534244216e-01 3.785800880431759441e-01 3.567510228333736766e-01 4.240263264094378259e-01 4.383735565489529362e-01 3.923984601819932583e-01 3.821031838213024279e-01 4.057252694964804673e-01 3.179914300662100013e-01 3.461185479200984960e-01 3.996392284349495894e-01 3.990764860718358231e-01 3.926906858519016996e-01 4.053777738024251787e-01 4.327800409219104139e-01 3.935116105356626925e-01 4.304213856057600984e-01 3.935491961439303021e-01 4.013859389137395262e-01 4.258005683078452397e-01 4.403673101348357655e-01 4.017317585421480430e-01 4.151656677738495560e-01 4.108778619788189812e-01 4.158431885404360595e-01 4.179308752928073689e-01 4.399677719054114200e-01 4.300246998078604554e-01 4.291566679007403073e-01 4.247899979681861726e-01 4.478577185774035851e-01 4.391464007624579224e-01 4.469672267588927217e-01 4.487241465780170691e-01 4.225691059679849704e-01 4.431477809304021354e-01 4.255673923999940822e-01 4.364107572893689557e-01 4.275296485683579006e-01 4.406502058511802544e-01 4.337295497550243684e-01 4.453478371868948016e-01 4.259188639094783624e-01 4.338706891974961621e-01 4.548122985956896125e-01 4.356496888047791671e-01 4.439897777589444927e-01 4.323815496937999936e-01 4.385773109916876189e-01 4.441042690317741348e-01 4.405579800030864357e-01 4.312716678068465592e-01 4.405427406767802312e-01 4.403519339784832121e-01 4.431056527970724246e-01 4.459667969774276375e-01 4.480204414641351662e-01 4.532067678898876739e-01 4.445213792689383658e-01 4.446089328769704530e-01 4.421240302048208282e-01 4.444046777339843990e-01 4.473748100917676052e-01 4.365416945008248617e-01 4.424258036186177190e-01 4.339546563980423710e-01 4.364671965961629541e-01 4.428121716747667747e-01 4.434780582280918870e-01 4.308114153382062717e-01 4.414042086052206715e-01 4.503267858129208490e-01 4.379712014475977688e-01 4.423469174331030040e-01 4.398053764618276018e-01 4.431668122691037603e-01 4.463858989984100800e-01 4.397010782196989487e-01 4.470336841167008579e-01 4.413106703418100962e-01 4.499215413275954867e-01 4.467301055910734564e-01 4.440066066247737031e-01 4.424361562673602699e-01 4.422696815624064248e-01 4.421798663762169790e-01 4.408599925187981494e-01 4.464363236013266789e-01 4.439930714008233914e-01 4.490861516923493890e-01 4.411811852484092134e-01 4.467645703581334948e-01 4.472519121932002628e-01 4.454797163033460405e-01 4.394107070556166894e-01 4.427722615083376501e-01 4.401414014205048408e-01 4.415153398720766398e-01 4.444780466560427912e-01 4.444901514734107550e-01 4.425879790891396048e-01 4.416736689305028052e-01 4.474876659390820688e-01 4.461898902310979520e-01 4.451194698807252048e-01
-2.253238386086399772e-02 3.806119964339229472e-02 1.739958998809251478e-01 3.670340297672075036e-01 2.681078187707473526e-01 1.000000000000000000e+00 4.757592882492740483e-01 4.015531274790090088e-01 4.095498166736004642e-01 4.125388767263440393e-01 5.052844136267919950e-01 5.210649007038680169e-01 4.905329031549109930e-01 4.828501437338954538e-01 5.235825967946571291e-01 5.128992957401203867e-01 4.519754664447629966e-01 4.335297514697937782e-01 4.630096834360333813e-01 3.659639724288745732e-01 3.909707304212828305e-01 4.725141344916490294e-01 4.624492903967065693e-01 4.560110605449231858e-01 4.620679329860339912e-01 5.031353391645271289e-01 4.591874692895627219e-01 4.938390584453705157e-01 5.068432637384051587e-01 4.814628343982184089e-01 5.169097213724884732e-01 5.100349230603241635e-01 4.866296314766414555e-01 4.998977861485597307e-01 4.921624744922514783e-01 5.043210767311323561e-01 5.092881037415220025e-01 5.283581578031786297e-01 5.334117872761513501e-01 5.080220703306217445e-01 5.377927220327491931e-01 5.563922592436228998e-01 5.448290518761467194e-01 5.500684849056144410e-01 5.532637419751449404e-01 5.412671931608593612e-01 5.617155680189430678e-01 5.300987277502209327e-01 5.417006240924988614e-01 5.118950596570465139e-01 5.439244790290965748e-01 5.136444497885007676e-01 5.322175435681110178e-01 5.412181116342726916e-01 5.481331809230658436e-01 5.416623998275558183e-01 5.310988909907903288e-01 5.599130285029920717e-01 5.584526541170551361e-01 5.635459824445068211e-01 5.578447238459306456e-01 5.639691486428728417e-01 5.471972467424874864e-01 5.531409320710625188e-01 5.538845708668062029e-01 5.508730548611643352e-01 5.512975510787475608e-01 5.547007958182346155e-01 5.592867974493008765e-01 5.417591997754744870e-01 5.475526978610476547e-01 5.560911671138925039e-01 5.380347154408089416e-01 5.445856208589964220e-01 5.484962607925827349e-01 5.538203036933723178e-01 5.520461390833224513e-01 5.485483313550738593e-01 5.472148615092318202e-01 5.480808692283050121e-01 5.358707603981993639e-01 5.527704422985443289e-01 5.501176539400279841e-01 5.442944684145798462e-01 5.442217273741103423e-01 5.505409806772452175e-01 5.562859484289499612e-01 5.530659609571964008e-01 5.573551274282645407e-01 5.541151128959311833e-01 5.449992135579981856e-01 5.609477341236365211e-01 5.588840840846838187e-01 5.544084195472581689e-01 5.632316300766501138e-01 5.568600675083142937e-01 5.447007105026399065e-01 5.497667059480882967e-01 5.599012791128822331e-01 5.551704374521935215e-01 5.603238997459990545e-01 5.563501113977548096e-01 5.548634271367232085e-01 5.586548055663186352e-01 5.524829041712436828e-01 5.492585641298047827e-01 5.560007278816732068e-01 5.553069894481534874e-01 5.505371177877598221e-01 5.549760521902988852e-01 5.502975711520228241e-01 5.623779461494866627e-01 5.597859441393465696e-01 5.607402305467235060e-01 5.561110555941655154e-01 5.572597127931302463e-01
4.275299434855638764e-02 1.245423010911592965e-01 2.813879505643485102e-01 5.324625428160624230e-01 3.893108041231154171e-01 4.757592882492740483e-01 1.000000000000000000e+00 6.840245236689855846e-01 6.942354285874060560e-01 6.708586872297011006e-01 7.365768645186749897e-01 7.871588097559348851e-01 6.966220063493777648e-01 7.260130441014006619e-01 8.125577062740029222e-01 7.887539884025850379e-01 7.108505327168824772e-01 7.355636016107524044e-01 7.353707963230445843e-01 5.627878742015735014e-01 6.203902130190520614e-01 7.309965476023098097e-01 7.648148434416538466e-01 7.048417804557721711e-01 7.406742587434966829e-01 8.093033360544070742e-01 7.783441663997682225e-01 7.979526176683017225e-01 7.963527727590344885e-01 7.953469447794717651e-01 8.129512189753802520e-01 8.154066186511629288e-01 7.871131355584225497e-01 8.041911177418091805e-01 8.000472228454760248e-01 7.783800113082782746e-01 8.076050451430353272e-01 8.198420064063536294e-01 8.261045812675206212e-01 8.228937154017839095e-01 8.190774582780656621e-01 8.084668693590419952e-01 8.171132438815499333e-01 8.315710655329301426e-01 8.174206900217668714e-01 8.219827837357474021e-01 8.090072638974976638e-01 8.108123102279644057e-01 8.229146093044893417e-01 8.082401297361117010e-01 8.202985764006144320e-01 7.978891857084087214e-01 8.121001072266725851e-01 8.088695485213882597e-01 8.154687560654386713e-01 8.298739353464371638e-01 8.171573528705301515e-01 8.110309804650004395e-01 8.137664757800113779e-01 8.061318078691274147e-01 8.149403583309910992e-01 8.089406971875398034e-01 8.150861930722090865e-01 8.164456125610680681e-01 8.100981413875852910e-01 8.103494462859910374e-01 8.165518789838867031e-01 8.253038103034792128e-01 8.270545584543765871e-01 7.995410770575684944e-01 8.132783149562292646e-01 8.191771697557990173e-01 8.143393648386986206e-01 8.187214537667585335e-01 8.348413664360823105e-01 8.239275763279396703e-01 8.292349135657018921e-01 8.285253859707051305e-01 8.264254875307155412e-01 8.243843192069812975e-01 8.227338513734501202e-01 8.256976758452847509e-01 8.301541003202062008e-01 8.301739597141775118e-01 8.200025626472207119e-01 8.252052373644159777e-01 8.219952491203402767e-01 8.285592412729957390e-01 8.274715344911549586e-01 8.334617748048581687e-01 8.318657881987545633e-01 8.273791213318305582e-01 8.251108863518513692e-01 8.267474532641352347e-01 8.127906330251223332e-01 8.199823858097157192e-01 8.268342984083104641e-01 8.160726755110510044e-01 8.205077544749694862e-01 8.230424221535695972e-01 8.261338762653274159e-01 8.238586080930375699e-01 8.178221975441717362e-01 8.241291884877061102e-01 8.212074025728427484e-01 8.187311897086256840e-01 8.212042121747986645e-01 8.251564397453948763e-01 8.327438374488687067e-01 8.205735430074508896e-01 8.256452305608800168e-01 8.144694865011712359e-01 8.201343981099094016e-01 8.202469157848618631e-01 8.216660828497559521e-01 8.169109960525982039e-01
6.074996389683457593e-02 1.194784141191704424e-01 2.911548894512283048e-01 5.391981657505862113e-01 3.775465305861374632e-01 4.015531274790090088e-01 6.840245236689855846e-01 1.000000000000000000e+00 6.852993726293452603e-01 6.405176198546260746e-01 7.023343909639029325e-01 7.537593953367480726e-01 6.579301397164074583e-01 6.817152634484595630e-01 7.666697724043110007e-01 7.639564405873637831e-01 6.830420255481683967e-01 7.034785320310920076e-01 6.991319639605392267e-01 5.864106715685510895e-01 6.635778312571877224e-01 7.139701068667647643e-01 7.216225045935381610e-01 6.812449116946629468e-01 7.305729712327960756e-01 7.377341006142307256e-01 7.240569978423809783e-01 7.381531341155420645e-01 7.438677938594338013e-01 7.541983041454943804e-01 7.582417953842045533e-01 7.811255637925588191e-01 7.279836387298634914e-01 7.618791290284208095e-01 7.372280924278001857e-01 7.549671454516040381e-01 7.552707448185774775e-01 7.512995571053947552e-01 7.596188615749145390e-01 7.569724109279755142e-01 7.549714150979949245e-01 7.326228081270114156e-01 7.613206509867942451e-01 7.687363907422635201e-01 7.565817414209596858e-01 7.601869635159060890e-01 7.560184303235277792e-01 7.678664429214007159e-01 7.702977883020381000e-01 7.576469157500492768e-01 7.571577599409216042e-01 7.716643696960905352e-01 7.715553252349457436e-01 7.742794257990964768e-01 7.707344977531617181e-01 7.807300201313238652e-01 7.885424889878689392e-01 7.554600517844264340e-01 7.739781559308323011e-01 7.636638717673984722e-01 7.673555053870415588e-01 7.762537171565111471e-01 7.812166766098891379e-01 7.727179730706783545e-01 7.622464456084803164e-01 7.817378365543522500e-01 7.628351261330078570e-01 7.620160799284787512e-01 7.623873731295462974e-01 7.562184853680645746e-01 7.723523042496729385e-01 7.677444636076802276e-01 7.572458636590437830e-01 7.691444053695537519e-01 7.676819569067002691e-01 7.546083334786334307e-01 7.594092093233043572e-01 7.590252093710453396e-01 7.664669292819640267e-01 7.664763550566077166e-01 7.728683049046406461e-01 7.632375517529264020e-01 7.724240878490534756e-01 7.684062812013450205e-01 7.678548978115951051e-01 7.712338332086245973e-01 7.654297210395362150e-01 7.654809130923680982e-01 7.665876047860438192e-01 7.701765581116390980e-01 7.689074124108222774e-01 7.603724006914490685e-01 7.612347632629427041e-01 7.654210555502347635e-01 7.573617349987314951e-01 7.634365609328712665e-01 7.769484701319899767e-01 7.709258172322457359e-01 7.682314861309006426e-01 7.661625120083059848e-01 7.629957583377042774e-01 7.778995922971914112e-01 7.667317758526108751e-01 7.665524495919763259e-01 7.686253229150576960e-01 7.803059814666339911e-01 7.667582841276198158e-01 7.644399508981011282e-01 7.731245017144993126e-01 7.654430782923478116e-01 7.730871479026800719e-01 7.650963092361194873e-01 7.731499426251633444e-01 7.664704664964606673e-01 7.652814857845522400e-01 7.731801637973222396e-01
1.085061904716983633e-01 2.065804485614117503e-01 3.462406550823914908e-01 5.129596972536339949e-01 3.665177207675670012e-01 4.095498166736004642e-01 6.942354285874060560e-01 6.852993726293452603e-01 1.000000000000000000e+00 7.206428269979623380e-01 7.695950786076150019e-01 8.089588892655035224e-01 6.863523050027319217e-01 7.274728059003988667e-01 8.137458006839850544e-01 7.907446642968251060e-01 7.750602821514988028e-01 7.187528576997117558e-01 7.597767217061919265e-01 5.876702370959705490e-01 6.467961669715448503e-01 7.530999044109382146e-01 7.841708410674674834e-01 7.088432590807288713e-01 7.507983625776852854e-01 7.769349803642809915e-01 7.951492532593484874e-01 7.993259062716756569e-01 7.829929132192469110e-01 8.011752809260587194e-01 8.079855687954923260e-01 8.281778996892216194e-01 7.741770306363323639e-01 7.996419851938408874e-01 7.974340596143605353e-01 7.890739822475034693e-01 8.124262911875237414e-01 7.986918304364147847e-01 8.095591516935122245e-01 7.950147271416333483e-01 8.192054822622283350e-01 8.118888539813416960e-01 8.089235350892025611e-01 8.214622642979081402e-01 8.141740277363596068e-01 8.164370323201064483e-01 8.362195888320896886e-01 8.656153880365947684e-01 8.372247486787991466e-01 8.185225775660968095e-01 8.159015865991999794e-01 8.312027424449441870e-01 8.311545315662990374e-01 8.523717284573784081e-01 8.352038778815658038e-01 8.293317167333786877e-01 8.482462761196731815e-01 8.302655027478296201e-01 8.332793484970986153e-01 8.423367170896318701e-01 8.342139505456256376e-01 8.380630962249119298e-01 8.306792846974074829e-01 8.288479844563249044e-01 8.350066205866635283e-01 8.453136567788902545e-01 8.428097756194498080e-01 8.287188475767874873e-01 8.238342685773619722e-01 8.139508019732842881e-01 8.247819154901300243e-01 8.330377660196301992e-01 8.166253730271949562e-01 8.265514804933599136e-01 8.345780569535864446e-01 8.343170222692988247e-01 8.295764967597879513e-01 8.255483542585796419e-01 8.260168183437879286e-01 8.356426606461930806e-01 8.408049973230918850e-01 8.363170422275972848e-01 8.387980279318624222e-01 8.322641751198502913e-01 8.293115395480864516e-01 8.318910036420753551e-01 8.334960135343250087e-01 8.330501731132246013e-01 8.298811440244948656e-01 8.255170447212561990e-01 8.326809883251923283e-01 8.294311814246848602e-01 8.303396225325112567e-01 8.357916189494561943e-01 8.393544592710607821e-01 8.428303617569516959e-01 8.365525199248330379e-01 8.401166401372819337e-01 8.390912965164846193e-01 8.296219446430566080e-01 8.283407632933329490e-01 8.417068456701916057e-01 8.371291661566101494e-01 8.353756928528262016e-01 8.368718126842339400e-01 8.430741716632532690e-01 8.406876394657790685e-01 8.397550659393817618e-01 8.332842485965353818e-01 8.399679357839602289e-01 8.429575599455589874e-01 8.436748218415852651e-01 8.426768931451735778e-01 8.388354026143771680e-01 8.322163101979496158e-01 8.450591414482838681e-01
2.735898880675489975e-02 1.454096534076791125e-01 2.774786507700634508e-01 4.803642605355486483e-01 3.502688586034075069e-01 4.125388767263440393e-01 6.708586872297011006e-01 6.405176198546260746e-01 7.206428269979623380e-01 1.000000000000000000e+00 7.061923858377707752e-01 7.715155230845556211e-01 6.659828850164585257e-01 6.942192039074137622e-01 7.844110986267933683e-01 7.676389176881966980e-01 7.111662611247601129e-01 7.042144355879624840e-01 7.260881218720258712e-01 5.981645322396658138e-01 6.484401653295439605e-01 7.148710722721430821e-01 7.377712650489871571e-01 6.833721594582533587e-01 7.388168248801025850e-01 7.500801487821756597e-01 7.474037652433934698e-01 7.532502882407791089e-01 7.631398545506187236e-01 7.681090026853071295e-01 7.769589822693087067e-01 7.791495415516773715e-01 7.379954664975042489e-01 7.580773431206100366e-01 7.578209426087499923e-01 7.439208734118157862e-01 7.775344999443746241e-01 7.645429009763816675e-01 7.928218052121402959e-01 7.654897264405577939e-01 7.859717684998264176e-01 7.784671506232575533e-01 7.802361648348126177e-01 7.890439846614284436e-01 7.792426488485714176e-01 7.937326177603744037e-01 7.909600900949668167e-01 8.056210086758369693e-01 7.940001554884870139e-01 7.619275406765431136e-01 7.801750136970984073e-01 7.708346889792567769e-01 7.820155051577543093e-01 8.060338495447029183e-01 7.933401972524409818e-01 7.951312871226260404e-01 7.961077803559586386e-01 7.920121263830297575e-01 7.941932023938249596e-01 7.925284031135186869e-01 7.946911502286799767e-01 7.937149305406508981e-01 7.948244219974687219e-01 7.936947511195976412e-01 7.866293493963154582e-01 7.969315034261792441e-01 7.997082523939270660e-01 7.961351351202871074e-01 7.894114504586720038e-01 7.865036642474926287e-01 7.955264789097433731e-01 7.961620760694129162e-01 7.897684423918230889e-01 7.971879339639970086e-01 8.003317823293711886e-01 7.930214165328451914e-01 7.988579955531504018e-01 7.934873927409430427e-01 7.969404831869165706e-01 8.018168496587375627e-01 8.010296023556533473e-01 7.995160942857251207e-01 7.980313086121857413e-01 8.003285714851297028e-01 7.910491081164973126e-01 7.954198017340302629e-01 7.941021160546158919e-01 7.965925490420177058e-01 8.018167888957217215e-01 8.021464085661201837e-01 7.964006544021758893e-01 7.972325845509942166e-01 7.942522195315748768e-01 8.002323133175534009e-01 7.968158423624793762e-01 8.049679094441666294e-01 7.949220072672998905e-01 7.905067429283413327e-01 7.990742620325125278e-01 7.910229404144284437e-01 7.954842891813840300e-01 8.019098449150997565e-01 7.952969280915471728e-01 7.981800302753799814e-01 8.005848076068788899e-01 8.009579409120627380e-01 8.015014797019895942e-01 8.060678500139316638e-01 8.043593793746021126e-01 8.017943732920407296e-01 8.020773695942382542e-01 8.011545279314173928e-01 8.043827709592812347e-01 7.998930082639670314e-01 7.984901928341845423e-01 8.022793130472065659e-01
3.380829810977862421e-02 1.526911025370993324e-01 3.724210762417894949e-01 5.783341673466784183e-01 4.017595552727754038e-01 5.052844136267919950e-01 7.365768645186749897e-01 7.023343909639029325e-01 7.695950786076150019e-01 7.061923858377707752e-01 1.000000000000000000e+00 8.580235051734165230e-01 7.274332490530912576e-01 7.652083878600260958e-01 8.560765281586300013e-01 8.260576607429027662e-01 7.768999994793786001e-01 7.602376241357911013e-01 8.005809719268266456e-01 6.195847217804139051e-01 6.820649318635905178e-01 7.953426971643459131e-01 8.072363551278882721e-01 7.618466123036643500e-01 7.914469141397612040e-01 8.342390388292311165e-01 8.105375486979898847e-01 8.438474308261069146e-01 8.265992140554137002e-01 8.347642704468181130e-01 8.470635412359772687e-01 8.694694016663555569e-01 8.205017544262560580e-01 8.454016310775984699e-01 8.337781858449224703e-01 8.179622969251871822e-01 8.488289930020413987e-01 8.557850654698386794e-01 8.613179609679485482e-01 8.444514913926725042e-01 8.604306434871970000e-01 8.658115198300386783e-01 8.617294918093197920e-01 8.756100739311351022e-01 8.708061395168364971e-01 8.634449213393273759e-01 8.762001350289266854e-01 8.783148228985762085e-01 8.735896724291224436e-01 8.477296043123092595e-01 8.706630417047426240e-01 8.551206485001431323e-01 8.672412033494732997e-01 8.757974288719555522e-01 8.721749080168077484e-01 8.764071763954602856e-01 8.726138122137189201e-01 8.744637431794226590e-01 8.765502686869320881e-01 8.784535843440093306e-01 8.789652191758597910e-01 8.783166356963570953e-01 8.706670068080551994e-01 8.729787717553981752e-01 8.779615213057772038e-01 8.754574765621200294e-01 8.811415212768491934e-01 8.802930779081424850e-01 8.800297441030280332e-01 8.616744099862597706e-01 8.737670718512957624e-01 8.808462832910878282e-01 8.690849577701302842e-01 8.736451881604826442e-01 8.773197163928744269e-01 8.815765179306225274e-01 8.734583409086050798e-01 8.748101899137028514e-01 8.764816744557524242e-01 8.803223204960540782e-01 8.763364765453902638e-01 8.815466064371073607e-01 8.825030710981339732e-01 8.761689533530970797e-01 8.771191733591922057e-01 8.806692985197434043e-01 8.806110459475605667e-01 8.811173116666514149e-01 8.768825936095725471e-01 8.768578518224391383e-01 8.782410555837315558e-01 8.784062555001669326e-01 8.810638205060367101e-01 8.802517214785989808e-01 8.825871513296585924e-01 8.820418548565154282e-01 8.732479007747230293e-01 8.778035715387266791e-01 8.825795951583554899e-01 8.787394541817336036e-01 8.763977848137757265e-01 8.820984277354912972e-01 8.795506281247558178e-01 8.806682551791439328e-01 8.779753738314429734e-01 8.771145507167077415e-01 8.816271999250756553e-01 8.798153029712887374e-01 8.774009653525557395e-01 8.814555417099362300e-01 8.826992249866167928e-01 8.836268256128326781e-01 8.827571506726981099e-01 8.812369483519149060e-01 8.771967067939442364e-01 8.821057941751536680e-01
3.921494113734078774e-02 1.604196194716711599e-01 3.620052396299708319e-01 6.074890611857076683e-01 4.293696265534244216e-01 5.210649007038680169e-01 7.871588097559348851e-01 7.537593953367480726e-01 8.089588892655035224e-01 7.715155230845556211e-01 8.580235051734165230e-01 1.000000000000000000e+00 7.861705023809997250e-01 8.182478621332774926e-01 9.152362859252601845e-01 8.854802513313104750e-01 8.234939148557820499e-01 8.138234915228280686e-01 8.384228140723157807e-01 6.568785672785156793e-01 7.147892116507663651e-01 8.324638276745058851e-01 8.594011508234764563e-01 8.029560137419597954e-01 8.401120418773304621e-01 8.966890173302087819e-01 8.724931314356251244e-01 9.011912367145687996e-01 8.858598811326179323e-01 9.011938534026900927e-01 9.225158597948931449e-01 9.244505407214936854e-01 8.770816949086442937e-01 9.040169999271665535e-01 8.958429249030170904e-01 8.810624884539879353e-01 9.166381350064111144e-01 9.180727314847375586e-01 9.233083081512826196e-01 9.069335494143812015e-01 9.199561870617118942e-01 9.232544104140365526e-01 9.185804264960131249e-01 9.369306344853632895e-01 9.315977321507179498e-01 9.243597317634791866e-01 9.303129619082571855e-01 9.360574325185924138e-01 9.317643481261609351e-01 9.122303026009086491e-01 9.272774449982702505e-01 9.146521518178604149e-01 9.266125244374339154e-01 9.303957021395432569e-01 9.261723503875115560e-01 9.362275921347424923e-01 9.305140756654529666e-01 9.280428368653180771e-01 9.301831753915464907e-01 9.308522577008191412e-01 9.332251180955258851e-01 9.281073200052309957e-01 9.263958553328632828e-01 9.317961552659128621e-01 9.306620486991638019e-01 9.334088235704954828e-01 9.384550165293076285e-01 9.373330132651637170e-01 9.388237560768349921e-01 9.169154991300544344e-01 9.283064494661494859e-01 9.359264210583634336e-01 9.243354724278293189e-01 9.332021823070545397e-01 9.399075294675695025e-01 9.388040272351212412e-01 9.347757692510229033e-01 9.338127962537664528e-01 9.395179800674047232e-01 9.406400444512738046e-01 9.380546180259876632e-01 9.421144085851833605e-01 9.404905920368152872e-01 9.384995892023224595e-01 9.339420824799270493e-01 9.376616611355158559e-01 9.374477324673650136e-01 9.396263005504523758e-01 9.389145016192168569e-01 9.381706860940074444e-01 9.393127561662184544e-01 9.398776977736389426e-01 9.393993017161429426e-01 9.406398042284019878e-01 9.374648296347799503e-01 9.396859619916284601e-01 9.358972415944649681e-01 9.337194420318287724e-01 9.394803341354807102e-01 9.363677166951592801e-01 9.369282491384263167e-01 9.395197080451949123e-01 9.387228403358256479e-01 9.404583858984031375e-01 9.390675366500400578e-01 9.328563904015320096e-01 9.389283622642773386e-01 9.379065759138248692e-01 9.399763518321819777e-01 9.389273473846534435e-01 9.397476028217182087e-01 9.372728914041497106e-01 9.383786200410226819e-01 9.384543037986606828e-01 9.372505059105106229e-01 9.395536823687606898e-01
3.536652123774397354e-03 1.025290412220850877e-01 2.806953479522665273e-01 5.200541236763633890e-01 3.785800880431759441e-01 4.905329031549109930e-01 6.966220063493777648e-01 6.579301397164074583e-01 6.863523050027319217e-01 6.659828850164585257e-01 7.274332490530912576e-01 7.861705023809997250e-01 1.000000000000000000e+00 7.391816566948425926e-01 8.092622652746489509e-01 7.986118710120359010e-01 7.161845838920037899e-01 6.995555720772858033e-01 7.313643273422889557e-01 5.776384065889970110e-01 6.273781061103265166e-01 7.286526056436667398e-01 7.272196525923577681e-01 6.976419210124401582e-01 7.391784213604126741e-01 7.862675063026159927e-01 7.330624015732724041e-01 7.695892149552627792e-01 7.758929290023124370e-01 7.761570596276534673e-01 7.991681299475223987e-01 8.079281838378592484e-01 7.702488695840045141e-01 7.976602369216773125e-01 7.831128153028982242e-01 7.814068314346999111e-01 7.973555984007143493e-01 8.103337392430121078e-01 8.194738403703418772e-01 7.913964160194747466e-01 8.163259069187782657e-01 8.153042098825981077e-01 8.174842924862197879e-01 8.294336050406104777e-01 8.284669834868269023e-01 8.146409903893617743e-01 8.278827333225481366e-01 8.179384482244237420e-01 8.258941737634417635e-01 8.009267016458077038e-01 8.239050766645167334e-01 8.023311190531051684e-01 8.212788562041050122e-01 8.203073398235687375e-01 8.199685774009431993e-01 8.252705919618258390e-01 8.162420121200337775e-01 8.307901307641664124e-01 8.243966409516827465e-01 8.282053220812192196e-01 8.331230148547099645e-01 8.237206223961456297e-01 8.192265959522936347e-01 8.318267342041241186e-01 8.246973068090959202e-01 8.297546427799816771e-01 8.328787473572571987e-01 8.304399295417070892e-01 8.321073915438226276e-01 8.081129470482332211e-01 8.280489267306733181e-01 8.331277873092083341e-01 8.178627546151617800e-01 8.260316581742812581e-01 8.316535370765183455e-01 8.290080172905107680e-01 8.261448456726880885e-01 8.268494262098773362e-01 8.295860641865190344e-01 8.289273978092586148e-01 8.237894463735160322e-01 8.324700766584728351e-01 8.332843142581355389e-01 8.287021506179643726e-01 8.302586375419924725e-01 8.354128212331702885e-01 8.305230036466586530e-01 8.366297645885127920e-01 8.372401506743200050e-01 8.347475603290770430e-01 8.296551416882200769e-01 8.364354028785951911e-01 8.352900555865137022e-01 8.366140886791192388e-01 8.344548237938397284e-01 8.355082180099054900e-01 8.339865813894395963e-01 8.310698660102351365e-01 8.355028115470510830e-01 8.370817622467517927e-01 8.377368888525535962e-01 8.354101890863444568e-01 8.342366371493484811e-01 8.371022871418976052e-01 8.385333554546050561e-01 8.295296212698097804e-01 8.378017596590864313e-01 8.361288024787137951e-01 8.378317461788457043e-01 8.369046848218586465e-01 8.325892656550601956e-01 8.336453473731429975e-01 8.348010753279574425e-01 8.379903879918220166e-01 8.392261868471173614e-01 8.359752451138191542e-01
