1.000000000000000000e+00 9.773024874784873306e-02 1.465389575265777511e-01 1.055971696834825113e-01 9.744898356222912381e-03 -3.157421872316641762e-03 8.425959186271871071e-02 9.514474338666693842e-02 1.746574605886747622e-01 5.503693184097930430e-02 6.192934745352084158e-02 4.795707948643505858e-02 3.801398412561266676e-02 2.524960625957788085e-02 5.443578757374688271e-02 3.906137339595847080e-02 1.703472531622482744e-01 1.691605622120771757e-01 1.557873212999813795e-01 1.007826219731159656e-01 1.452513218699202913e-01 1.645171454426307134e-01 1.427157672288209556e-01 1.709784827124445072e-01 1.234615143854499025e-01 1.055335994436679276e-01 7.215470772945982436e-02 6.204722791947155092e-02 9.675559754841196736e-02 1.457473102942494492e-01 8.820823354700382812e-02 1.252749640629442218e-01 6.334403040609720703e-02 1.021246140955039544e-01 1.045556045457311789e-01 9.620649215995942527e-02 1.122756591669371168e-01 2.178840969043079057e-02 6.378439378053170350e-02 2.434826717186739861e-02 4.630000754555555625e-02 1.646006479046703552e-02 3.732716598047910311e-02 4.085805974245411420e-02 6.503810656470576657e-02 2.826437748019350327e-02 8.856880748343504486e-03 3.664465639930602342e-02 2.456574680388211654e-02 6.305571664367062845e-02 3.332938954888274574e-02 8.130825079624307006e-02 2.699003915352579663e-02 4.134235877649228980e-02 7.533009701501875051e-03 3.949683357311246923e-02 6.254253448148426597e-02 3.339291423766106021e-02 8.469120321274274665e-03 4.971195844466359814e-02 1.805226481233620020e-02 3.426658431875428956e-02 1.617886145781773088e-02 6.628328638261897499e-02 8.376911447893894969e-02 4.130586057533013750e-02 4.767172275596436720e-02 6.064804693493049126e-02 6.763227042441560810e-02 4.965996400000306094e-02 5.887951094933804863e-02 5.350058094433766953e-02 7.800483951959073792e-02 6.576281963029802224e-02 4.049127127561565759e-02 3.918250760670757837e-02 3.610785329668359661e-02 5.062547389459645664e-02 5.242614475530561063e-02 6.040245794155240516e-02 7.392289980059964238e-02 3.888277390721073951e-02 7.469910746594507489e-02 4.802652886797043053e-02 6.403885735616836328e-02 5.510675239166495931e-02 4.537276468289336284e-02 3.075228094424727054e-02 3.787364610225316119e-02 3.576716539408762024e-02 2.842250536639947048e-02 1.431991122389513447e-02 3.097059736264405963e-02 1.466442242852645898e-02 7.590599757601319310e-03 2.066415044331975162e-02 6.011628263946811740e-02 8.681042428238612552e-02 2.035278115626772827e-02 4.646497004687051569e-02 2.077866656969666603e-02 4.291968777400721746e-02 3.020649235456294296e-02 3.198206491205279195e-02 5.306607839149488776e-02 6.369432126393793914e-02 4.133920909097738711e-02 1.788869744335750897e-02 2.553370331544653482e-02 2.829734639566537299e-02 1.739657120411254934e-02 2.614105582863555585e-02 3.131044478029609834e-02 6.200260143318579720e-02 4.901964318008328325e-02 3.823040381953267397e-02
9.773024874784873306e-02 1.000000000000000000e+00 6.660700681088539687e-02 5.020109290145895881e-02 5.658120809243730176e-02 1.279801795491614658e-01 1.470073002741412727e-01 7.478910045034843634e-02 1.551872054690612013e-01 1.796251120724268457e-01 1.225444033413272960e-01 1.179713349999977762e-01 1.151659465120623421e-01 1.021437755734636993e-01 1.438234230450288753e-01 1.113152023966910015e-01 1.611853383225725633e-01 2.008471751747401834e-01 1.940382516967764093e-01 9.526964994621625257e-03 5.895232582171784641e-02 1.434417279080203445e-01 2.022795868712396750e-01 1.548174815868044174e-01 1.651874115108719621e-01 2.066453790490827280e-01 1.954688717638844997e-01 2.150567407713779022e-01 1.840780373576933193e-01 2.172917262991204967e-01 1.991453631536023727e-01 1.602416135689903320e-01 2.042767499986877233e-01 1.505182447377581278e-01 1.930762470343908299e-01 1.395910643303512888e-01 1.524325631813790161e-01 1.527900023655077710e-01 1.835222621952458943e-01 1.610113443316696646e-01 1.745550427690757134e-01 1.494583754657037022e-01 1.327759659865700714e-01 1.425142288323405504e-01 1.578984854839456942e-01 1.585311180629378203e-01 1.304282154652638137e-01 1.508748296570820713e-01 1.277875554778335199e-01 1.092029180813998274e-01 1.361627176608017353e-01 8.593999726202417033e-02 1.095358844046202818e-01 1.540569363591222929e-01 1.399041526750212927e-01 1.518262910779676345e-01 1.201088638138737147e-01 1.499117979267033940e-01 1.207633603630630381e-01 1.427020413296450352e-01 1.275139674425626590e-01 1.362298846615012937e-01 1.087572165476357461e-01 1.271083911790829579e-01 1.439609985331287700e-01 1.394880688828130377e-01 1.610152644244061404e-01 1.698415833339261549e-01 1.633620957843506249e-01 1.139571013031231844e-01 1.288807384404283829e-01 1.651513851921253273e-01 1.584777339337307966e-01 1.540487415770563084e-01 1.774608475179708378e-01 1.761850147111948817e-01 1.771881425421601708e-01 1.730722143030010429e-01 1.730055443130649462e-01 1.758316809764159938e-01 1.633050666851561250e-01 1.587117542917569901e-01 1.698666500375464183e-01 1.726245537023175791e-01 1.510475637813393224e-01 1.515562451566001279e-01 1.522136696951831292e-01 1.641881061621173199e-01 1.621709047798447212e-01 1.626983974153785595e-01 1.728168910856509310e-01 1.516727120995839395e-01 1.578423201919232632e-01 1.549630728755715114e-01 1.414752039356347024e-01 1.534590081081055046e-01 1.330262466580867942e-01 1.314521727513104643e-01 1.407965206975304029e-01 1.492501936405849217e-01 1.401174270899477048e-01 1.356605441146428170e-01 1.288515052711666498e-01 1.386073947112748395e-01 1.376682903250409373e-01 1.368324835702579290e-01 1.450046555424260863e-01 1.584666275493279153e-01 1.572604063737518820e-01 1.451225142909355614e-01 1.371300759903278377e-01 1.413453484950786820e-01 1.469952097674896985e-01 1.463723979310589118e-01 1.433946342249860506e-01 1.426089481217563126e-01
1.465389575265777511e-01 6.660700681088539687e-02 1.000000000000000000e+00 3.648096822220818214e-01 1.809951810815017825e-01 2.055201126801159406e-01 3.234175488063873449e-01 3.595017952229428992e-01 3.616024362700652750e-01 2.898272879751775388e-01 3.656787892859215128e-01 3.586187065784003369e-01 3.178892006771215084e-01 3.156571284871523275e-01 3.652557701633460385e-01 3.626758532969431847e-01 3.569114993393438517e-01 3.654247618743039494e-01 3.681298017224845509e-01 3.292026311817520257e-01 4.109038863873733516e-01 4.070893427474963078e-01 3.780100929447802738e-01 4.092875826142809981e-01 3.765506927582776830e-01 3.392616360763593408e-01 3.511355857510647938e-01 3.353088627454485215e-01 3.226852739012230908e-01 3.810294535613203415e-01 3.704649902370859005e-01 4.273327416952579227e-01 3.519459123220634034e-01 4.139336201256488268e-01 3.754446820739586466e-01 4.151221773202778964e-01 3.956104873788969800e-01 3.406159080097236336e-01 3.721455135504569967e-01 3.549933624233063689e-01 3.597321375432940838e-01 3.354889740362737571e-01 3.709476788231172995e-01 3.575825913922102139e-01 3.778866838342361811e-01 3.503658726204645357e-01 3.453758987862030061e-01 3.543357661769614975e-01 3.638185290146510042e-01 3.802078012279853092e-01 3.629620126057978013e-01 3.805349446448430539e-01 3.543610310123387896e-01 3.579670543007477113e-01 3.450731638411022040e-01 3.674168985427851419e-01 3.679965588898632123e-01 3.454430574228389283e-01 3.443409558728166564e-01 3.615030941373662543e-01 3.581036640683166183e-01 3.560180299417259886e-01 3.440214759139318956e-01 3.679478753440889593e-01 3.627755176025841410e-01 3.595346259620108564e-01 3.585361259567789172e-01 3.742139052268329547e-01 3.930600420464867573e-01 3.821842149208728445e-01 3.816031505529686174e-01 3.653288972459700079e-01 3.863054494321174759e-01 3.836115318361593696e-01 3.523968217968119765e-01 3.430933300904581706e-01 3.431018567098572669e-01 3.470255366093838445e-01 3.637071886612610605e-01 3.597471706237515554e-01 3.808848717711543763e-01 3.626764056259567104e-01 3.720800671290906969e-01 3.606891516885810667e-01 3.855779622816800645e-01 3.798804043374978123e-01 3.780706531235216161e-01 3.544673188839829181e-01 3.636688746116810145e-01 3.621664405522204144e-01 3.529812964883607407e-01 3.438060095484129497e-01 3.556091875345721021e-01 3.483904247918007679e-01 3.363563964171905618e-01 3.486538907703199408e-01 3.758457114339305849e-01 3.720391000453830421e-01 3.488639740282777901e-01 3.659997780151330038e-01 3.598571873617372185e-01 3.609179316476061050e-01 3.615322956924267861e-01 3.583493779033675719e-01 3.745371201520231730e-01 3.639051697794682405e-01 3.641314025534261312e-01 3.445261580076138808e-01 3.527845247317986099e-01 3.489981986785239410e-01 3.458369182116469709e-01 3.466960817083827862e-01 3.504969689285853396e-01 3.665201308241634592e-01 3.484007518371254331e-01 3.543859935441575626e-01
1.055971696834825113e-01 5.020109290145895881e-02 3.648096822220818214e-01 1.000000000000000000e+00 3.773458685037479610e-01 3.749483461049535893e-01 5.446944524501634577e-01 5.766415878551014451e-01 5.276990272320208897e-01 4.393713737749475046e-01 5.556783436355453576e-01 6.257056704923178447e-01 5.244430155058453780e-01 5.295251755458999510e-01 5.875558120857271582e-01 6.033251644517495516e-01 5.167358481092297895e-01 3.967643678454805256e-01 4.237278707318654081e-01 5.679247409261294344e-01 5.791809955130378107e-01 5.606995126837432952e-01 4.363849843934232697e-01 4.529425285986687921e-01 4.727593693578702738e-01 4.668318130560888402e-01 4.895400006024409612e-01 4.801586930495349015e-01 4.340387134883099685e-01 4.746433352346197121e-01 5.000379735466964348e-01 5.654797643532859519e-01 4.955513050928893048e-01 5.626051397797631193e-01 4.870424252209966109e-01 5.936797751173119586e-01 5.305900895242294801e-01 5.297142419451627005e-01 5.396253672424876635e-01 5.567527401705248957e-01 5.501619443878402738e-01 5.534287269192970093e-01 5.793925873456310383e-01 5.907576071890876523e-01 5.680229769882813029e-01 5.498587367986946806e-01 5.780254303581133790e-01 5.782683608790427643e-01 5.970411647868032468e-01 6.137363963292571389e-01 5.823343745803580829e-01 6.284780774134108849e-01 5.932647872198479888e-01 5.815421150370267966e-01 5.673380184769233336e-01 5.833494160102876691e-01 6.217751408040768091e-01 5.777215144148796222e-01 5.854108532440565060e-01 5.868772952469821780e-01 5.941750866553988653e-01 5.958228408237621343e-01 5.961645399022913461e-01 5.982641263191379455e-01 5.838067729527738337e-01 5.975740195867744742e-01 5.670531867703485496e-01 5.510042729620281410e-01 5.676940438155404500e-01 6.172228020262970904e-01 5.906374793402938694e-01 5.598992015473380768e-01 5.560581015081117462e-01 5.587547424791218242e-01 5.455570290711598824e-01 5.472053620487062897e-01 5.460084389701954644e-01 5.251745941792196337e-01 5.468418931503450375e-01 5.332690978041124685e-01 5.589260950469465694e-01 5.588525124028258517e-01 5.780356369968193686e-01 5.493175932292123642e-01 5.916918990695434477e-01 5.829254130214832630e-01 5.722377545266223997e-01 5.662481109674292190e-01 5.632135643852774765e-01 5.782349779647661947e-01 5.650239606483975496e-01 5.679305861555038470e-01 5.714472710722152682e-01 5.646126575035456119e-01 5.687355466721882857e-01 5.702293174441580570e-01 6.154018604769850853e-01 6.187806653576526372e-01 5.845714727986067727e-01 5.855143939001942188e-01 5.890931202992608640e-01 6.021816843297180810e-01 5.920503456717652879e-01 5.915416016423150625e-01 6.047387650201470066e-01 6.145302057880838165e-01 5.961938174713009575e-01 5.632066395696986305e-01 5.744714934496163439e-01 5.822854707755116266e-01 5.839803489943464765e-01 5.779608627122585496e-01 5.858564780253848747e-01 5.960372572545638015e-01 5.712343290208955482e-01 5.934022967165349938e-01
9.744898356222912381e-03 5.658120809243730176e-02 1.809951810815017825e-01 3.773458685037479610e-01 1.000000000000000000e+00 3.027501084022027888e-01 4.596487278351807371e-01 4.615991372928092695e-01 4.338286677045730122e-01 3.778958648923784192e-01 4.328596360764555007e-01 4.893971261912019588e-01 5.036427815322231938e-01 4.338628031424842102e-01 5.059216705489256727e-01 4.945957332057877576e-01 3.920966071547982157e-01 2.986188018649522657e-01 3.358902596335690549e-01 4.036514851499475309e-01 4.167429211536469169e-01 4.160289032392897601e-01 3.340843477038599740e-01 3.374232170127726138e-01 3.685528464375939506e-01 3.764422808166202339e-01 3.822643404343051277e-01 4.016363172532978476e-01 3.508815672373518102e-01 3.440468574845135796e-01 3.894124427018504364e-01 4.198509338144854608e-01 3.654536488187911103e-01 4.186864429892343531e-01 3.840144128316355654e-01 4.494542218617397777e-01 4.006664530703561433e-01 4.359946489749837450e-01 4.274469207604194576e-01 4.534252298589435126e-01 4.568784334501876376e-01 4.612691508284024744e-01 4.690350333243205605e-01 5.010700086896089367e-01 4.536613521673191762e-01 4.599964219502619134e-01 4.796398201429168950e-01 4.769073151001742561e-01 4.780228892379275174e-01 4.627030134507855164e-01 4.658816891386373671e-01 4.964942030205855561e-01 4.906685315182600093e-01 4.758453364204732750e-01 4.735932343012099199e-01 4.623096381705077418e-01 4.817622391415446459e-01 4.707757201652140733e-01 4.640747605794974251e-01 4.929774869043241914e-01 4.891739225431761540e-01 4.799360110498513410e-01 4.721129728101193801e-01 4.845284615803430173e-01 4.804987769356649507e-01 4.912686803528105717e-01 4.688195633893489922e-01 4.523634833423301194e-01 4.499571362102192662e-01 4.897121840857340258e-01 4.760380699750298983e-01 4.627437482805277780e-01 4.479956144310059396e-01 4.561940872247775003e-01 4.483070287306767931e-01 4.543781861278438083e-01 4.566087831914436568e-01 4.311160919882415787e-01 4.492488484969245910e-01 4.296614740130004773e-01 4.479163384674711978e-01 4.540267307759487392e-01 4.585605939505126849e-01 4.477121824874058520e-01 4.609286614454805031e-01 4.630826103229269131e-01 4.668459241668230786e-01 4.628606966809147294e-01 4.626360841491339304e-01 4.712344525306154663e-01 4.608368139211711512e-01 4.800693992668844667e-01 4.755272618573285204e-01 4.746712800561807000e-01 4.813470431974450903e-01 4.750802807861992938e-01 4.782692886037127611e-01 4.796608308196151915e-01 4.776293390597524668e-01 4.695294591878930723e-01 4.901217325776432987e-01 4.790058004540301839e-01 4.900215301196332307e-01 4.965747855606651995e-01 4.898404655489624338e-01 4.847185055506758600e-01 4.802715917494460585e-01 4.748568361316879982e-01 4.713201129800874134e-01 4.812525903004849503e-01 4.799124754892822864e-01 4.908093904968747756e-01 4.802438278897048773e-01 4.856664272934609894e-01 4.741620182498027525e-01 4.882234094848392769e-01
-3.157421872316641762e-03 1.279801795491614658e-01 2.055201126801159406e-01 3.749483461049535893e-01 3.027501084022027888e-01 1.000000000000000000e+00 5.359654600976122563e-01 4.372950027895318725e-01 5.356229886090496661e-01 4.843543164548977931e-01 5.330863185843899288e-01 5.778010520382040882e-01 5.226627760845670156e-01 5.200187238160416392e-01 5.870457789150650418e-01 5.555016995800348134e-01 5.209926654953798142e-01 4.223152740227176793e-01 4.698291423301642067e-01 3.890210720648136777e-01 4.546951628780540600e-01 5.331313816674396744e-01 4.863364138074253162e-01 4.222700351995298806e-01 4.804263142005981702e-01 5.535452941766076940e-01 5.671485489744069186e-01 5.661550781069902838e-01 5.114131951096761997e-01 5.382209293722692856e-01 5.696485982150645277e-01 5.421916555188308617e-01 5.698050926243779513e-01 5.394569730157491305e-01 5.454255613135198244e-01 5.424645921866692033e-01 5.487393163550509101e-01 5.736917996831667477e-01 5.863415091957177028e-01 5.948662232573738162e-01 5.996125070636526555e-01 5.958134266086553277e-01 5.553663836147106903e-01 6.032954118897340123e-01 5.879873884254819272e-01 5.923483423681487059e-01 5.905835119466745775e-01 5.980678009913339421e-01 5.744362695915103956e-01 5.543155930802103892e-01 5.902647653000095973e-01 5.491150132057299738e-01 5.762334736535259516e-01 5.980759428714997883e-01 5.893784470197599434e-01 5.946536487171455443e-01 5.782047315428090473e-01 6.008539910214276691e-01 5.779646939380741477e-01 5.982629978603430931e-01 5.880031486082407666e-01 5.909868031142446743e-01 5.735576261123024322e-01 5.786693904164230684e-01 5.946496753194914220e-01 5.926882629598623220e-01 6.032401467263046602e-01 5.867617403880835969e-01 5.804627853933773673e-01 5.796040921935661228e-01 5.906884126989535577e-01 6.011994331596062224e-01 5.708014609251501614e-01 5.775219712295261987e-01 6.033943566747720366e-01 6.066917760924512848e-01 6.062579734581214908e-01 5.852079366555587026e-01 5.939731374382603013e-01 5.957629597070565053e-01 5.902393855939134237e-01 5.992904762687268905e-01 6.004305808078860274e-01 6.036347079395101289e-01 5.944439314060314672e-01 5.951981901349316928e-01 5.974204716715969532e-01 6.067265268262206357e-01 6.057690915813584986e-01 6.016578737803230936e-01 6.102808351616224591e-01 6.091006014008322200e-01 6.050435473967348265e-01 6.114797345616851398e-01 6.059586458118924046e-01 6.080723406923301821e-01 5.880853498862786966e-01 5.862884109638801799e-01 5.995606484470227260e-01 6.018046267751536726e-01 5.997326017102807549e-01 6.016281186623089194e-01 6.000163286367833360e-01 6.066946961606922706e-01 5.977574155195967132e-01 5.952354275104383419e-01 5.971630630805137008e-01 6.090211500544512324e-01 6.060154250213358740e-01 6.057853702594415690e-01 6.006860065159554951e-01 6.032914957502607534e-01 6.032686966501268344e-01 5.995501264987491696e-01 6.023401416400185893e-01 6.011697838601816057e-01
8.425959186271871071e-02 1.470073002741412727e-01 3.234175488063873449e-01 5.446944524501634577e-01 4.596487278351807371e-01 5.359654600976122563e-01 1.000000000000000000e+00 6.945452707427882677e-01 7.146502228481202978e-01 6.473650200300143931e-01 7.130945185058035207e-01 7.856058734569287827e-01 7.028960447626912966e-01 7.052937253201354562e-01 8.499608091383100694e-01 7.922715676702108967e-01 7.012479658621204592e-01 6.016356474962911705e-01 6.605281850527644494e-01 5.861005872572175868e-01 6.841671059399313526e-01 7.552643440287211130e-01 6.730622923895335230e-01 6.358676392781632547e-01 6.911894579149769902e-01 7.250569352938818213e-01 7.354907812384705590e-01 7.347145485050805558e-01 6.861172581953250971e-01 7.217197913076869309e-01 7.530267065215521249e-01 7.570059017498906861e-01 7.108221610102205545e-01 7.498730481834706696e-01 7.226246745607405320e-01 7.545305328724523086e-01 7.386096961459756027e-01 7.827928203968910204e-01 7.818625477734447715e-01 7.982732612237009029e-01 7.879158615687965606e-01 7.919644797584335372e-01 7.822775455052046745e-01 8.174801553149797506e-01 7.870720116585609993e-01 8.057461652686314091e-01 7.914626286639179220e-01 8.035544653393330572e-01 7.802235529355684429e-01 7.637993115864383231e-01 7.976061286835866015e-01 7.719504406249876327e-01 7.852483979270643566e-01 8.017349433374151291e-01 7.884792824641824183e-01 8.014709680436381545e-01 7.898247145410889347e-01 7.998195184556912141e-01 7.889991179070108274e-01 8.011043161948427915e-01 7.963621212334112132e-01 7.983405341410727551e-01 7.812947798596617810e-01 7.853554846458009608e-01 7.856689571483017609e-01 7.926192320989245976e-01 7.986299098234242999e-01 7.877161035213567919e-01 7.858422423298954129e-01 7.906679997030094942e-01 8.054940070225672377e-01 8.033214930322530867e-01 7.834930140731494186e-01 7.920914924689278491e-01 7.971092561772223917e-01 8.015887343063455850e-01 7.981346424703624765e-01 7.714085379121624619e-01 7.998219411515876676e-01 7.855860618014137708e-01 7.894114315286679950e-01 7.974897972503944832e-01 8.054306109329458785e-01 7.926989562122571664e-01 7.954271809847753838e-01 7.987710869409924141e-01 7.969033076885302380e-01 8.056706652282332737e-01 8.036450532426924198e-01 8.075093577703111869e-01 8.052634454834132205e-01 8.061295612198425831e-01 8.055619731576523224e-01 8.083016686733047740e-01 7.978665464301976096e-01 7.995503602725653192e-01 7.975482590712954512e-01 7.910970763114876236e-01 7.984038463659308693e-01 8.026808831279323986e-01 8.076641571034094413e-01 8.074421204746802250e-01 8.019077764595538005e-01 8.104551646360032002e-01 8.076833812360800779e-01 8.046078807383696407e-01 7.971315945070154285e-01 7.984540250779674775e-01 8.064278559293045490e-01 8.010818525842984261e-01 8.036877026814704950e-01 8.004960180471155651e-01 8.066418570161273394e-01 8.035020638005435645e-01 7.960296689389051439e-01 7.993140134896848936e-01
9.514474338666693842e-02 7.478910045034843634e-02 3.595017952229428992e-01 5.766415878551014451e-01 4.615991372928092695e-01 4.372950027895318725e-01 6.945452707427882677e-01 1.000000000000000000e+00 6.867802032300279746e-01 5.849323631596290429e-01 6.981409820399576693e-01 7.451680603301490402e-01 6.902992240850849281e-01 6.648922718423901923e-01 7.708364834210367222e-01 7.920048639022060355e-01 6.426701323612380445e-01 5.574687057079636965e-01 5.725984522019577083e-01 6.565238582236446740e-01 7.052023855879862024e-01 6.986230312678251009e-01 6.043494406321023860e-01 6.053235985681136855e-01 6.166682019376042989e-01 6.303592009677738695e-01 6.277998953475050214e-01 6.348349035878969593e-01 6.049413870311456387e-01 6.383258075211927229e-01 6.683507472221738022e-01 7.121427379349309916e-01 5.960812198812989182e-01 7.139461375064465321e-01 6.373312858760167288e-01 7.333866882082972216e-01 6.837643479708012118e-01 7.268908307822140591e-01 7.143895868967912177e-01 7.242965819735498467e-01 7.075668386814764066e-01 7.384294516795834040e-01 7.562368293424091004e-01 7.606609608681556001e-01 7.338023487091561714e-01 7.401700918688469688e-01 7.511740173292323908e-01 7.519415295200743143e-01 7.672175281734334717e-01 7.525433986617410254e-01 7.522098783326689464e-01 7.648493562541696100e-01 7.585569513384342599e-01 7.603132453734487983e-01 7.541265541524053706e-01 7.518823042096088871e-01 7.843396886611853080e-01 7.484920762827236285e-01 7.655725820025294226e-01 7.618858629114559911e-01 7.706731963099110461e-01 7.757694223280420243e-01 7.694410920717492663e-01 7.700873188352883592e-01 7.497435003304668832e-01 7.687912576575030021e-01 7.420263881328408306e-01 7.300628337306270810e-01 7.402690472687092349e-01 7.739625521428656896e-01 7.575041452103989936e-01 7.378118084958268375e-01 7.317196763155143779e-01 7.353704013679562834e-01 7.221092528455086423e-01 7.205137194856955363e-01 7.172537254573796428e-01 7.031710887482119920e-01 7.328538867035477855e-01 7.184635431643586756e-01 7.302585091235391790e-01 7.365343336515983719e-01 7.509643746643386297e-01 7.241074150653019625e-01 7.530243433307771683e-01 7.487032803462260189e-01 7.462406723615817583e-01 7.463176303809098133e-01 7.425800472794303886e-01 7.555328700113331797e-01 7.329738292792352672e-01 7.455287597624308260e-01 7.445072216339611026e-01 7.458048782221314843e-01 7.476642074832050566e-01 7.483627103214036680e-01 7.690604577403029607e-01 7.740441698661917336e-01 7.589390460323750531e-01 7.549715381160549965e-01 7.641150078699335824e-01 7.736930165179664032e-01 7.634893234588858713e-01 7.643595281923382112e-01 7.683796105767950468e-01 7.747499253112866135e-01 7.650491602293809645e-01 7.461435987791434910e-01 7.558531269530380792e-01 7.538119892048382731e-01 7.628285650198273204e-01 7.546916661103689750e-01 7.663838689100390678e-01 7.680406599219222752e-01 7.481715505559093371e-01 7.639019867583536350e-01
1.746574605886747622e-01 1.551872054690612013e-01 3.616024362700652750e-01 5.276990272320208897e-01 4.338286677045730122e-01 5.356229886090496661e-01 7.146502228481202978e-01 6.867802032300279746e-01 1.000000000000000000e+00 6.978161499180426386e-01 7.873004739117813733e-01 8.155232555847238274e-01 7.398057030643789833e-01 7.477248158332775452e-01 8.350353545632306362e-01 8.148909636710993665e-01 7.942837139646224953e-01 6.773343957387629732e-01 7.196916999923260727e-01 6.209282325284937176e-01 7.228779710079200616e-01 7.988735596756244561e-01 7.494939974977533614e-01 7.191338915824552203e-01 7.405896090375940766e-01 7.985303755549995053e-01 7.921380131452294693e-01 7.909462481644873311e-01 7.572550304993614922e-01 7.986355431540295147e-01 8.218717720283195138e-01 8.360997209855711709e-01 7.653144895687505889e-01 8.317734973251115216e-01 8.017479555540576452e-01 8.075486443921381374e-01 8.092952599377475353e-01 8.200777007370070315e-01 8.498859855029203825e-01 8.288879556723319775e-01 8.524902050564274747e-01 8.436764508595937517e-01 8.040417081758655105e-01 8.563918540161581383e-01 8.469671298050144292e-01 8.423269112828878358e-01 8.553025448584429258e-01 8.701230043664966995e-01 8.480151925813266267e-01 8.321240179442183083e-01 8.515949411742871344e-01 8.278106996463915346e-01 8.434739858405903012e-01 8.646247403207215632e-01 8.468356618082190090e-01 8.557218001089208492e-01 8.464087107035319635e-01 8.544811537772729615e-01 8.368528600134417239e-01 8.692447523229485107e-01 8.517444990844166286e-01 8.494490049756090455e-01 8.283953120981039087e-01 8.621576393377186065e-01 8.713849910798373566e-01 8.553962129395258351e-01 8.678124375645102084e-01 8.568888804570504725e-01 8.586113960874718343e-01 8.468347015719919213e-01 8.577464377418998476e-01 8.651712556392330278e-01 8.491040690898027377e-01 8.523251798226678666e-01 8.581024006339516008e-01 8.557942840811508800e-01 8.518335987878550286e-01 8.442986995947644457e-01 8.553414462615258618e-01 8.600187197299198338e-01 8.612303028718620856e-01 8.614546282932249444e-01 8.675768733381444830e-01 8.580696623760857289e-01 8.594057043814272712e-01 8.616257851922681787e-01 8.600018736677988995e-01 8.604288131361067515e-01 8.623642707140478647e-01 8.611426257061491896e-01 8.479638279755014052e-01 8.579220816203700917e-01 8.614939375687323819e-01 8.577080247095689725e-01 8.581564602757261184e-01 8.636623558644278553e-01 8.499564938903650946e-01 8.618503943858838445e-01 8.561051048132861663e-01 8.642923694688385838e-01 8.499093567683535522e-01 8.618000735060642459e-01 8.598532360822370713e-01 8.668736395439062825e-01 8.664713077664124574e-01 8.543173315723809891e-01 8.625730929206806286e-01 8.615130802072779037e-01 8.617379058736948094e-01 8.654571141747293694e-01 8.548960093739603749e-01 8.658858694851749860e-01 8.598284286478479199e-01 8.696867696668983960e-01 8.683657810351226303e-01 8.602959468227768802e-01
5.503693184097930430e-02 1.796251120724268457e-01 2.898272879751775388e-01 4.393713737749475046e-01 3.778958648923784192e-01 4.843543164548977931e-01 6.473650200300143931e-01 5.849323631596290429e-01 6.978161499180426386e-01 1.000000000000000000e+00 7.093895600722854855e-01 7.394835315096106587e-01 6.676445879183835475e-01 6.899398509912971766e-01 7.594588052779085441e-01 7.417259910610233264e-01 6.818813109825414553e-01 6.148165590314580431e-01 6.559270292770521538e-01 5.314101329126355022e-01 6.214994986265814925e-01 6.960382847132531303e-01 6.861879502437782108e-01 6.533426809515127109e-01 6.853650219842734037e-01 7.262416534364991572e-01 7.325316080282333608e-01 7.450335465340157670e-01 7.067414217276977162e-01 7.239250128610443813e-01 7.633156945723821307e-01 7.497370076229663560e-01 7.005709081918208847e-01 7.451069608860155791e-01 7.285618211099629260e-01 7.237372790888094709e-01 7.351379918647754641e-01 7.620157571166046306e-01 7.747763472897895021e-01 7.637575365123792093e-01 7.850236226549561769e-01 7.802026465888172169e-01 7.345082874883303026e-01 7.814472205170988062e-01 7.749950641499765425e-01 7.842082013193024670e-01 7.875212471726956709e-01 7.973631874454321089e-01 7.751831485006431821e-01 7.301244213182369602e-01 7.704865953093544828e-01 7.114764340608898952e-01 7.553956419856175941e-01 7.928036845337353977e-01 7.848598117521151663e-01 7.824560061314258519e-01 7.571328946180718722e-01 7.882185081161188211e-01 7.690047434844471397e-01 7.898473553073918074e-01 7.799277262773415265e-01 7.802711276100412485e-01 7.535328402212000398e-01 7.652146634509598977e-01 7.773178791648153174e-01 7.812967788335454244e-01 7.984465814399296368e-01 7.950432470141244323e-01 7.919842896596215320e-01 7.704923496666279403e-01 7.786892318673698243e-01 7.955030968969170058e-01 7.887057211436288018e-01 7.872683962563172821e-01 7.968964549060640890e-01 7.972702336995899364e-01 7.978081564388109781e-01 7.852767404360725401e-01 7.981001324075567283e-01 7.928763672367467041e-01 7.865332800071402897e-01 7.993838341843729767e-01 7.923423627226666710e-01 7.943077557437775438e-01 7.786527057784138339e-01 7.902370202000681410e-01 7.940640248080549357e-01 7.981041322050307363e-01 7.935642582167273806e-01 7.887959598320161136e-01 7.910781718129831219e-01 7.964043884162645970e-01 7.931630684300153833e-01 7.980054882571263608e-01 7.952735073631578278e-01 7.990332945745778348e-01 7.609312489582955585e-01 7.603194014339387241e-01 7.856975696189922864e-01 7.850200005076809484e-01 7.771734202541830117e-01 7.797340230822121798e-01 7.843972371644936104e-01 7.880635778183453510e-01 7.844845395985617920e-01 7.664669269464764456e-01 7.859946922792294677e-01 7.997592439135422504e-01 7.973633543978664306e-01 7.901891704367434155e-01 7.868685968029104361e-01 7.940765785383568920e-01 7.906655285784899290e-01 7.843938751172878643e-01 7.891497732911911811e-01 7.888106052460295281e-01
6.192934745352084158e-02 1.225444033413272960e-01 3.656787892859215128e-01 5.556783436355453576e-01 4.328596360764555007e-01 5.330863185843899288e-01 7.130945185058035207e-01 6.981409820399576693e-01 7.873004739117813733e-01 7.093895600722854855e-01 1.000000000000000000e+00 8.327269638417235109e-01 7.452794256719665889e-01 7.671583664909488176e-01 8.498963064245451671e-01 8.341876037514062148e-01 7.619451190407214858e-01 6.813939635534340677e-01 7.289985418564211006e-01 6.316256246412115249e-01 7.457511142362662770e-01 8.089695519770128129e-01 7.599306418392888229e-01 7.239882178093413057e-01 7.629282785516987575e-01 8.066600992137048509e-01 8.100433178684063318e-01 8.080980975363368790e-01 7.624876322490994340e-01 8.040903588665483381e-01 8.399486641530559128e-01 8.407085878044873173e-01 7.732107999230284356e-01 8.392434996282439608e-01 8.028287576159420791e-01 8.315393631667622465e-01 8.335080880007280646e-01 8.394525571504888317e-01 8.573113536988204997e-01 8.501918081843997665e-01 8.634502570423393530e-01 8.612068859268094956e-01 8.297766695725898867e-01 8.719338380668221200e-01 8.711545452148947710e-01 8.647798934769004298e-01 8.697311134828658030e-01 8.782147694614876876e-01 8.562761481253073903e-01 8.301236011218939836e-01 8.601476992203114236e-01 8.292478279086441528e-01 8.544757121324990656e-01 8.719707357480099841e-01 8.663565875688099549e-01 8.688633327745038937e-01 8.497364638400531911e-01 8.671908601547759776e-01 8.530679999571118000e-01 8.752541693197352091e-01 8.664164009923250864e-01 8.633991857859727448e-01 8.419394606656084301e-01 8.579227440005811056e-01 8.695965299185850483e-01 8.665444590723048179e-01 8.784703243206598566e-01 8.739569505350658352e-01 8.762755789586328392e-01 8.665627890930454047e-01 8.780735094060676538e-01 8.794175744465330125e-01 8.657744484695941711e-01 8.700210542666055868e-01 8.782374361499767357e-01 8.709546080453266503e-01 8.685583010183527408e-01 8.579020312550366123e-01 8.734462242565963486e-01 8.718961582305928548e-01 8.774614592643519284e-01 8.806145521998718362e-01 8.796118470097321618e-01 8.726751235317420363e-01 8.720963881280472396e-01 8.785437446498822744e-01 8.814243882582232237e-01 8.753221969968032479e-01 8.805109341827431768e-01 8.783031528295789370e-01 8.740139656211256547e-01 8.760506057630496057e-01 8.792506363094227950e-01 8.792519644603475903e-01 8.743069824069260587e-01 8.789855516515471257e-01 8.593087395035653442e-01 8.596077220954609910e-01 8.708689984014212904e-01 8.735371650427095069e-01 8.717550131146233339e-01 8.715397677537033427e-01 8.731428560157832308e-01 8.773666593209472619e-01 8.800049705525442301e-01 8.623921378101021551e-01 8.733492836939773518e-01 8.779709718993711220e-01 8.788787841967868886e-01 8.760369327282884200e-01 8.716330881199712000e-01 8.787156019515439676e-01 8.741634174573444938e-01 8.750847208001202304e-01 8.771465703629821586e-01 8.741138202886847841e-01
4.795707948643505858e-02 1.179713349999977762e-01 3.586187065784003369e-01 6.257056704923178447e-01 4.893971261912019588e-01 5.778010520382040882e-01 7.856058734569287827e-01 7.451680603301490402e-01 8.155232555847238274e-01 7.394835315096106587e-01 8.327269638417235109e-01 1.000000000000000000e+00 8.095151809944242105e-01 8.034987823362488291e-01 9.020582803549026529e-01 8.920343935265503399e-01 7.774720175037108660e-01 6.331697510850523569e-01 6.942498447722239563e-01 7.013518819401330928e-01 7.717483829950843033e-01 8.168531806348354740e-01 7.239503671239245763e-01 6.785868736151775549e-01 7.400950717290138980e-01 7.933287942349593891e-01 8.163447384077845426e-01 8.216407507710458136e-01 7.395149673941902035e-01 7.825475068301374071e-01 8.365213586457664885e-01 8.376571555999164920e-01 7.847739069432737580e-01 8.376714567316738691e-01 8.006450398472002572e-01 8.455685463029605220e-01 8.264758663164274433e-01 8.720468612578529122e-01 8.752470919313194431e-01 8.867902796730634529e-01 8.970851539677527908e-01 9.044447884205337740e-01 8.734935597585959943e-01 9.235970584357701130e-01 8.909603278513701374e-01 8.942400624711295265e-01 9.245129902895996565e-01 9.253291495001185751e-01 9.136844210300374414e-01 8.809141333619975311e-01 9.071948078658695902e-01 8.896019531720495976e-01 9.154049013723725148e-01 9.213165872453659144e-01 9.114241288748914371e-01 9.122950317367136686e-01 9.189794213148534396e-01 9.208102030087375045e-01 9.140133065095920051e-01 9.280236007469997439e-01 9.263566814329171617e-01 9.250439508071075512e-01 9.058577398989183793e-01 9.162590283847794614e-01 9.195370193647985912e-01 9.271867931128353613e-01 9.197841137024108660e-01 8.948093290707402891e-01 8.954920164945511241e-01 9.229386625685526147e-01 9.169789943609003569e-01 9.116419389440276744e-01 8.818632744432667314e-01 8.914352659669153578e-01 9.062158707834696569e-01 9.075450617597009551e-01 9.035263430386466510e-01 8.752375833906130831e-01 8.961582732299163689e-01 8.937360507051556047e-01 8.970541837834743459e-01 9.116312002989866992e-01 9.146090462131043486e-01 9.013644135072288455e-01 9.075919568903645374e-01 9.111524622414345354e-01 9.131915346180153881e-01 9.147587117800545231e-01 9.141567577394513755e-01 9.189577645503189673e-01 9.141361418034179565e-01 9.244590167999103825e-01 9.193906212142245460e-01 9.225584972651483806e-01 9.263766842562878301e-01 9.263889324397857061e-01 9.162245475247912108e-01 9.189203552091769200e-01 9.279960312922702625e-01 9.186785809435557004e-01 9.226650475106220606e-01 9.313821899734059384e-01 9.292396416440276141e-01 9.324810539538295195e-01 9.285560712939837646e-01 9.260874827701635059e-01 9.261588219098325636e-01 9.225343258617164643e-01 9.228563314364341963e-01 9.302760342382789815e-01 9.282043441662294336e-01 9.293237125391047293e-01 9.299067517737287236e-01 9.271417649560778074e-01 9.222943114561065192e-01 9.309557380092824408e-01
3.801398412561266676e-02 1.151659465120623421e-01 3.178892006771215084e-01 5.244430155058453780e-01 5.036427815322231938e-01 5.226627760845670156e-01 7.028960447626912966e-01 6.902992240850849281e-01 7.398057030643789833e-01 6.676445879183835475e-01 7.452794256719665889e-01 8.095151809944242105e-01 1.000000000000000000e+00 7.271586416479881576e-01 8.206864099073646335e-01 8.187029647139035804e-01 7.076455047250039820e-01 5.767444615913702721e-01 6.337372407067589641e-01 6.279435842161048553e-01 6.840945191912002343e-01 7.342343299451982164e-01 6.576708414144869508e-01 6.354521819068574828e-01 6.790798004348641559e-01 7.213492975611426328e-01 7.292441136427710857e-01 7.334487542581871189e-01 6.894556894003844860e-01 7.039455021370221166e-01 7.566898956547726263e-01 7.684194345741434118e-01 7.005327612795049230e-01 7.735194776901442859e-01 7.270917365089375473e-01 7.793901137495208298e-01 7.537083384630060001e-01 7.866585209412997326e-01 7.982520652260344241e-01 8.053818663205163375e-01 8.153246710871830949e-01 8.186158665548528557e-01 7.995622566918952900e-01 8.339706576293919316e-01 8.160402442317408189e-01 8.165248399603511897e-01 8.425147117745072078e-01 8.371084801856413238e-01 8.325079031606074098e-01 8.018378145587469197e-01 8.231026854580735241e-01 8.065203472575040999e-01 8.288647540727187568e-01 8.349417719872742616e-01 8.213554723531226731e-01 8.235817420437098191e-01 8.240769323101371224e-01 8.316223217370849463e-01 8.182157134815715160e-01 8.485444179950866195e-01 8.411814798385848224e-01 8.355625519587167593e-01 8.079407472118307343e-01 8.308787756736170094e-01 8.302685856493701166e-01 8.403031525242625754e-01 8.346655115258809765e-01 8.134646830200714662e-01 8.166329663241878034e-01 8.299374692618679550e-01 8.276661196575465507e-01 8.263622511685256855e-01 8.051613950717108059e-01 8.114991160949629467e-01 8.192257749148786905e-01 8.199297536161120892e-01 8.204305490078668273e-01 7.986652216084829670e-01 8.152120460122762591e-01 8.086781511050654681e-01 8.162412245875270145e-01 8.277972518407170632e-01 8.312163522607799448e-01 8.161135947632959242e-01 8.250471521109087325e-01 8.291925933688175654e-01 8.308759516239923038e-01 8.326104569413856904e-01 8.314566068252481346e-01 8.330001298709757140e-01 8.280546679266375110e-01 8.380648306532977321e-01 8.379445904308260307e-01 8.378805455767106558e-01 8.432878242613465192e-01 8.405056569091842178e-01 8.270502829069678041e-01 8.304415206219448731e-01 8.413070972437183270e-01 8.361031787481251198e-01 8.399185913657575275e-01 8.381296726603205682e-01 8.459185179002247645e-01 8.485569154247002421e-01 8.455757917716330008e-01 8.348909498570926679e-01 8.420152808593558413e-01 8.383942497934611104e-01 8.368904921627002835e-01 8.422321769762604049e-01 8.370297980146307326e-01 8.465014663758846369e-01 8.433545930818041603e-01 8.419680104005680121e-01 8.359854806499870117e-01 8.455777794440860751e-01
