1.000000000000000000e+00 4.629543652991732067e-02 2.009088531211693576e-02 2.350799843464460373e-02 4.911960962038031120e-02 -2.555195357978833764e-02 1.995655267286131421e-02 3.989419476230569167e-02 1.494808755525365018e-01 1.871095713243283928e-02 9.669891988854257062e-03 1.731971091020612086e-02 4.739309948324058747e-02 -1.194862090934221271e-02 1.961639358095487035e-02 2.396928320685626224e-02 7.578802036963058764e-02 -1.375862422768993343e-02 -7.762333220473123865e-03 -3.501296265990386930e-02 1.832843734439763492e-02 2.984597288854756725e-02 9.873098804355075891e-03 -7.193053409337510362e-02 -1.405685623828057708e-02 -2.592089386740109927e-02 -8.522363625177926602e-03 -3.600393793140890808e-02 2.239968415180910652e-02 6.518329959799347428e-02 3.774376274116007096e-03 -2.408160496106263523e-02 -3.679014510760943851e-02 -1.953360033126278622e-02 3.958830632814036576e-02 -7.247237231605244655e-03 -4.096589923607991957e-02 -2.510835275283047202e-02 -1.950729230560298982e-02 -9.982258202815759429e-02 -2.336536094454754950e-02 -3.953036426456716518e-02 -4.069675868559247817e-02 -3.709881628455843298e-03 -3.274264577982497620e-02 -2.513495171205714501e-02 2.076843120386942174e-02 3.373184841156202235e-02 3.169764136390633424e-02 1.392569379042746074e-02 4.479908827253693826e-03 7.684371873604695091e-02 2.693456466153065776e-02 7.357878509883457319e-02 4.250046308279829127e-02 1.979314730323437216e-02 1.070590040571210849e-01 4.167004509768783976e-02 3.038889102985979293e-02 6.401582826995191877e-02 2.853478678272349661e-02 6.526824450101838260e-02 5.607228842654048140e-02 4.251724733859223171e-02 9.115767377807132421e-02 9.402878310087761649e-02 1.720659013518503061e-02 -6.490098249598523841e-03 -9.594814818791916333e-03 8.432535884087700301e-03 5.286111509973964555e-03 6.349479066355575435e-03 -2.112569565980081110e-02 -1.503639626208856488e-02 -8.001264708580511226e-03 1.180555176321622900e-03 -7.528020943149097734e-03 2.019404766656091726e-02 2.037530212350663708e-04 2.801912673595635325e-02 3.519698994638914991e-03 2.122821238931739028e-04 2.009792630779555153e-02 7.229883555642576537e-03 -3.840201629778060982e-02 -1.192185349494792254e-02 -2.542850389614960405e-02 -1.572484775609404514e-02 -1.276877019717447687e-02 1.592866276634026176e-02 -5.049140490666918085e-02 -1.968761161321362294e-02 -1.359828527401454705e-02 -9.565434156185926434e-03 2.564698827482525339e-04 1.336992681758029759e-02 -1.459385920880381521e-02 4.910767548568630014e-02 -2.327509331272083291e-03 -1.013770401382553706e-02 -1.615080492024519032e-02 2.106407254894666903e-02 9.154868504998291481e-03 3.662843059050328257e-03 1.759502365139041166e-02 6.120711821636964228e-02 2.060289793409276690e-02 1.390483349082370472e-02 7.421581145174670040e-03 2.533781481835370442e-02 1.286515829468101203e-02 3.495522531547948925e-02 2.943165540402433930e-02 1.481879714391028113e-02 3.703907262039768389e-02 5.011797893708598572e-02
4.629543652991732067e-02 1.000000000000000000e+00 8.321032100726807879e-02 1.061954157194193726e-01 1.033138640567904110e-01 8.988401374508835084e-02 1.311841220608349345e-01 1.301476410736355227e-01 1.451972080001677767e-01 1.961924093275951853e-01 1.441350207518577176e-01 1.318758450691105699e-01 1.303600920690564935e-01 1.324901208101127437e-01 1.527578862251711134e-01 1.458407722963012687e-01 1.542617965997201968e-01 1.527280576755789820e-01 1.478059178250795691e-01 1.402690866125163582e-01 1.299114547755586546e-01 1.315552155727527373e-01 1.558876549600883565e-01 1.546277695717517553e-01 1.476462799059956865e-01 1.447723318938170245e-01 1.377865312082659222e-01 1.451741029520231541e-01 1.392627718387389191e-01 1.508679327219935307e-01 1.449898478975879257e-01 1.531257350216543300e-01 1.482123973213944068e-01 1.515293048958636091e-01 1.316306849548885272e-01 1.370149789250953987e-01 1.431241597087284378e-01 1.419385050521674574e-01 1.468220942104904725e-01 1.452507980706605195e-01 1.502754730637048119e-01 1.477881133119320345e-01 1.306800195633111006e-01 1.435380255606565347e-01 1.458975073175489134e-01 1.505139825587278879e-01 1.538792227919365818e-01 1.631122772624559736e-01 1.493400995431763689e-01 1.243129413856545323e-01 1.381849997071818992e-01 1.377685277192432223e-01 1.451277670480288218e-01 1.621149099580912467e-01 1.579401016373474242e-01 1.637084436838977808e-01 1.489799889949506850e-01 1.566689620202047495e-01 1.516609370502857157e-01 1.535251321028443805e-01 1.412586720743735369e-01 1.496241553690288995e-01 1.455504134438955488e-01 1.431416076953413719e-01 1.507821092491316295e-01 1.567465389763598727e-01 1.531762375446114599e-01 1.506940955062717469e-01 1.577399020377007466e-01 1.523813023214668494e-01 1.498430972397562788e-01 1.484909024766639662e-01 1.602698015641770279e-01 1.592168576058820006e-01 1.532934499762618752e-01 1.459010555706226342e-01 1.463081032216929089e-01 1.482901391814341607e-01 1.515120169278806328e-01 1.539332096912879033e-01 1.494953919011752508e-01 1.486376087555978109e-01 1.596872714168656449e-01 1.494090426854256526e-01 1.489904703259182228e-01 1.503632295241578987e-01 1.490589787203893679e-01 1.566118451967537240e-01 1.486826600392192332e-01 1.662406915220918935e-01 1.510083070578605302e-01 1.519233430691289688e-01 1.505300062798270444e-01 1.530249348222798011e-01 1.530900062337912648e-01 1.561690818553694571e-01 1.503084356933690746e-01 1.442027384287203895e-01 1.446734248301456416e-01 1.464738080748377025e-01 1.487742195899325326e-01 1.491642310219930545e-01 1.504256065318260449e-01 1.457919515688898271e-01 1.449310117541914855e-01 1.573554808353127277e-01 1.536915030805775517e-01 1.577599862174724754e-01 1.565598537561557757e-01 1.545289687842136273e-01 1.533590554865910116e-01 1.503636202704433655e-01 1.549454364264623296e-01 1.456581853114136682e-01 1.458847860910612859e-01 1.522095296208928750e-01
2.009088531211693576e-02 8.321032100726807879e-02 1.000000000000000000e+00 3.150029688012622731e-01 1.666931237618051453e-01 2.557021551543339766e-01 3.447998362580171339e-01 3.231529362723167820e-01 3.451285200695624056e-01 3.030412746910741695e-01 3.676396292738519644e-01 3.619012850445288421e-01 3.442389979327473704e-01 3.194333510888237027e-01 3.726121816181430235e-01 3.740185582019363575e-01 3.584125491915624018e-01 3.680852712113704683e-01 3.887231746968241586e-01 3.542552498324365029e-01 3.891107949100993668e-01 3.962434811177050209e-01 3.912769626980253657e-01 3.751990762930724754e-01 4.013894781421745162e-01 3.836733949355534135e-01 3.851822180108899762e-01 3.949956090511000384e-01 3.859129644525925440e-01 3.763753515124776960e-01 3.933892580321574628e-01 3.936566698413172527e-01 4.021983915977304647e-01 3.919119887830285198e-01 3.694132592167300166e-01 4.065720370740561473e-01 3.965045977436214009e-01 3.896751232791267339e-01 3.938977568118564587e-01 3.967796228476738185e-01 3.870302758118124298e-01 3.897000663627293582e-01 4.046380626459440411e-01 3.877978186970330587e-01 4.028266497963055581e-01 3.860776730131151857e-01 3.813055031137512763e-01 3.834000035788888705e-01 3.844918883193715886e-01 3.715091073526622378e-01 3.818059651569481461e-01 3.845616847618498757e-01 3.755100598408843138e-01 3.741249101479562911e-01 3.798690523729076340e-01 3.860075272494467580e-01 3.743928579891407371e-01 3.793731221100580253e-01 3.789419375228328390e-01 3.782127307575665620e-01 3.824137184392311650e-01 3.730726144381146248e-01 3.721016101434612144e-01 3.811765136750490668e-01 3.666815560726186529e-01 3.762360379195713866e-01 3.823203139604077205e-01 3.858173997631461627e-01 3.908647914135114920e-01 3.925820413678771104e-01 3.915775468639019485e-01 3.900996917432006383e-01 3.904536959159907172e-01 3.966301871808087798e-01 3.899235434183875304e-01 3.820075295175325292e-01 3.869536718168631872e-01 3.846005417803310400e-01 3.916463018847178290e-01 3.831948983551504151e-01 3.929104167096306166e-01 3.916933659431285908e-01 3.960398741318608695e-01 3.836891076727998451e-01 3.909186652665349038e-01 3.907661864390424844e-01 3.902294614220331859e-01 3.904186254410950685e-01 3.878701948826596690e-01 3.965110620418073051e-01 3.926409151758545324e-01 3.876302667950823899e-01 3.881697242248786650e-01 3.859195277201111218e-01 3.815493721071704925e-01 3.830720499394931200e-01 3.955131884078836313e-01 3.748130762853525422e-01 3.855055849823019187e-01 3.827017389529752678e-01 3.927855613434457771e-01 3.805063072202451435e-01 3.825833295484595276e-01 3.840891535898781073e-01 3.877017868411505308e-01 3.760839245368805539e-01 3.826358454923181607e-01 3.822610704108038715e-01 3.906445713583477364e-01 3.822250438695162789e-01 3.853071797350969829e-01 3.765430831993874516e-01 3.777704142406095866e-01 3.797637392349316188e-01 3.816764164871816467e-01 3.778002613106314356e-01
2.350799843464460373e-02 1.061954157194193726e-01 3.150029688012622731e-01 1.000000000000000000e+00 3.053169515613580742e-01 4.122374617896821247e-01 5.660144783310564476e-01 5.502660223860091904e-01 5.477769699004227943e-01 4.781624539208899072e-01 5.849733973331959769e-01 6.058446386924003502e-01 5.520128744884653660e-01 5.341344294419602123e-01 6.091579577294462533e-01 6.145588916062556528e-01 5.745872794336867040e-01 5.797215939601101375e-01 6.054412985233351696e-01 5.451985392001527098e-01 6.090499432328161378e-01 6.251680708957301214e-01 5.637410665933154652e-01 5.378706654527024567e-01 6.054018132406094876e-01 6.078129005455911171e-01 6.151370886157956352e-01 6.097340809723863497e-01 6.082288359182054238e-01 6.198663599228533272e-01 6.359605180907291766e-01 6.183424305217035677e-01 6.113151681105600810e-01 6.114343311241152712e-01 6.091103593265080329e-01 6.215938801110502121e-01 6.251938682759917709e-01 6.253504370097474618e-01 6.259111552320281158e-01 5.994592200936331716e-01 6.207812472871689913e-01 6.241648612237010729e-01 6.263522007836476169e-01 6.286434386499044624e-01 6.286782866739405451e-01 6.263061449167791617e-01 6.285207000403255639e-01 6.232302431009487664e-01 6.263781626450805051e-01 6.115355404155778940e-01 6.317516196554237018e-01 6.199475323977454710e-01 6.220890998780054248e-01 6.138044979610410845e-01 6.234679662887508966e-01 6.211657900376738040e-01 6.200640228734439763e-01 6.226103445470370090e-01 6.255957443970230347e-01 6.187979675851866812e-01 6.291747758004263558e-01 6.210704866705497595e-01 6.257548218738363532e-01 6.292406755248567407e-01 6.164463687450240093e-01 6.241258574280493798e-01 6.266867175985891825e-01 6.240792141746758226e-01 6.231490817833514884e-01 6.282803426649973266e-01 6.340747286622170353e-01 6.334048757270382968e-01 6.107082299146924242e-01 6.251750695890211373e-01 6.318994936993466149e-01 6.334675481393815533e-01 6.345941106590784475e-01 6.375170444663708080e-01 6.347673813993118808e-01 6.296534390054397967e-01 6.281501027977755003e-01 6.353633732368269005e-01 6.323628031906497471e-01 6.243349708300399703e-01 6.224818669545983951e-01 6.254653139456128885e-01 6.299034606009281667e-01 6.335075751428432822e-01 6.273094559653038527e-01 6.297872634733687747e-01 6.239569337777489677e-01 6.315124754630847548e-01 6.326664197520310839e-01 6.316053089649000807e-01 6.303792454143773982e-01 6.273457155503745497e-01 6.362572230998885248e-01 6.327904406822155714e-01 6.360455992031440742e-01 6.288685515580511032e-01 6.330207950465589484e-01 6.374423181016943829e-01 6.265765239065806957e-01 6.332123765752792899e-01 6.343351304660230783e-01 6.291549499226891662e-01 6.327000035481803453e-01 6.288230086915549411e-01 6.332120988508510573e-01 6.289104105667970845e-01 6.322476124521745344e-01 6.282246376559098566e-01 6.290971540086278679e-01 6.335750973318472479e-01 6.305718049989508245e-01 6.311846712671672632e-01
4.911960962038031120e-02 1.033138640567904110e-01 1.666931237618051453e-01 3.053169515613580742e-01 1.000000000000000000e+00 2.663431833181401642e-01 4.078630943260551645e-01 4.038797096517821039e-01 4.366131896142759761e-01 3.887019190675657376e-01 4.358129380241911877e-01 4.722233786994345928e-01 4.615237562719163300e-01 4.210214283948099934e-01 4.810774199311844690e-01 4.631826271656864225e-01 4.200147858984478733e-01 4.403978422320508068e-01 4.485197294105559007e-01 4.115294952209085366e-01 4.320327701164382028e-01 4.562410648077005471e-01 4.432945373197675343e-01 4.303165584982415193e-01 4.551738651361768029e-01 4.474253446380417887e-01 4.586983780709024128e-01 4.457036240024067064e-01 4.230011875168542823e-01 4.849028401227934992e-01 4.780468523178228457e-01 4.638602646797850837e-01 4.309547222399337518e-01 4.614105318098405406e-01 4.640134279352035596e-01 4.353826566535954901e-01 4.476052731804885387e-01 4.646011326605850589e-01 4.699370973317176237e-01 4.281024652059338131e-01 4.653669116710933418e-01 4.690350453442816425e-01 4.526708028069417189e-01 4.786037839874396904e-01 4.657570118437823758e-01 4.817358996771749502e-01 4.849239753557885169e-01 4.861381331960973884e-01 4.780733761801796988e-01 4.353748911083039075e-01 4.657670419627950031e-01 4.578386948953559465e-01 4.694848864717648951e-01 4.839422728667898133e-01 4.750091620377597801e-01 4.839246422113463453e-01 4.604609157226266514e-01 4.835002644642908409e-01 4.679090298376196166e-01 4.922076361368930564e-01 4.836636734709819363e-01 4.801219257378629424e-01 4.686469629042555041e-01 4.747085706895246004e-01 4.843482741390878199e-01 4.868539561348578237e-01 4.898536787252754099e-01 4.859636183552359934e-01 4.856502238548306982e-01 4.830436731581340681e-01 4.872447979584438871e-01 4.880535946086236310e-01 4.797662159873435916e-01 4.852695355524351828e-01 4.842095961373665269e-01 4.800812373986255710e-01 4.805914780815758736e-01 4.731799274297874836e-01 4.781581860314566557e-01 4.871299040837521743e-01 4.821735265948159932e-01 4.853183881798248667e-01 4.875763779570841949e-01 4.872586706415677482e-01 4.680723020025143177e-01 4.840397757262378531e-01 4.754406480129299561e-01 4.834724197343100993e-01 4.845226827450076490e-01 4.839576190257390831e-01 4.671321370481697488e-01 4.818391883302816092e-01 4.819011727571418380e-01 4.844524396811349387e-01 4.844801540226987280e-01 4.885314725598044472e-01 4.607967675635994409e-01 4.678148483579548378e-01 4.771631366830799692e-01 4.771701582206457903e-01 4.784607323467373052e-01 4.808104560477189926e-01 4.818100451131840378e-01 4.847419238437156719e-01 4.844207020130675834e-01 4.745824919217792592e-01 4.861957421734374174e-01 4.909418824663391856e-01 4.863258517021492588e-01 4.858215599816439467e-01 4.852754769794052070e-01 4.920377048816789722e-01 4.865365977071793302e-01 4.856578865391652511e-01 4.900131429336040401e-01 4.895870696260767319e-01
-2.555195357978833764e-02 8.988401374508835084e-02 2.557021551543339766e-01 4.122374617896821247e-01 2.663431833181401642e-01 1.000000000000000000e+00 5.521654527335986273e-01 5.082833139816986812e-01 5.072214470895473060e-01 4.903494874441582385e-01 5.573258341281417394e-01 5.678429586991947664e-01 5.043509716094497497e-01 5.314779138455767438e-01 5.879639787352695102e-01 5.728546105128344834e-01 5.404497270087044170e-01 5.709185198488484492e-01 5.652911961888473780e-01 5.558390138868862795e-01 5.605086756485038180e-01 5.746990894428453123e-01 5.589173042717621165e-01 5.455953821855578090e-01 5.841498532913297348e-01 5.971331299626322364e-01 5.912312465868004852e-01 5.980355132043796429e-01 5.741087119634331604e-01 5.790016927887169373e-01 6.092671595133424267e-01 6.014492307019163597e-01 5.808722489469235750e-01 5.935640600977490910e-01 5.681685556896044487e-01 5.881431637477863017e-01 6.018087399379474789e-01 6.048850893574602150e-01 6.064360046681169791e-01 5.951394974349433209e-01 6.140762993865201969e-01 6.143384671506264549e-01 6.083643023570650676e-01 6.103514319957596967e-01 6.162255040005029105e-01 6.132254145085684893e-01 6.016279178652029769e-01 6.028194672564695100e-01 6.024028221318933340e-01 5.861507084536320411e-01 6.085034881321812472e-01 5.886021847884901348e-01 6.002141322478535823e-01 5.831439457140209504e-01 5.863226024933385627e-01 5.986491743110485819e-01 5.727685934981848748e-01 5.972894422891300570e-01 5.936506031985835374e-01 5.944580985525724781e-01 6.039174043097956801e-01 5.901199859133769987e-01 5.897850184280122310e-01 5.982715050595016626e-01 5.878288111695871843e-01 5.875680081220091555e-01 6.073154508984378586e-01 6.119114162040654170e-01 6.102051950364626443e-01 6.109022401729653495e-01 6.150127964026741445e-01 6.151425662548707374e-01 6.059844085252141799e-01 6.137273052195505452e-01 6.181370615164254456e-01 6.114160313535583757e-01 6.165022339812152863e-01 6.078133706810946446e-01 6.174859705678583666e-01 6.057035678321167627e-01 6.109880380806597122e-01 6.124449349625621375e-01 6.154889689505996797e-01 6.045924761096733713e-01 6.111601842952613106e-01 6.117338585345031277e-01 6.185562759473833827e-01 6.150913435622840097e-01 6.211226066037728311e-01 6.137840984472509032e-01 6.150642509317572060e-01 6.175839053456331218e-01 6.163486552732150292e-01 6.141261713119903209e-01 6.117789682559338083e-01 6.088520274743983718e-01 6.111904402445198503e-01 5.972362215037722022e-01 6.094134002755795532e-01 6.144941218648154457e-01 6.167040550070459481e-01 6.068923659350744515e-01 6.142302260862332330e-01 6.115481571293119867e-01 6.122370167223751825e-01 5.917869907956342379e-01 6.089023913984310532e-01 6.078683927866129766e-01 6.124088770856168651e-01 6.071754303663707830e-01 6.067853599071380000e-01 6.060287814308703558e-01 6.045991769274721150e-01 6.105176331708558335e-01 6.065330391594457859e-01 6.039473626198217371e-01
1.995655267286131421e-02 1.311841220608349345e-01 3.447998362580171339e-01 5.660144783310564476e-01 4.078630943260551645e-01 5.521654527335986273e-01 1.000000000000000000e+00 7.118771993222201555e-01 7.019951122500684981e-01 6.423039432953696615e-01 7.543318385345433308e-01 7.851855096145694546e-01 7.160477567543314104e-01 7.004107502440132249e-01 8.279530175664685521e-01 7.973931342187950966e-01 7.272092155884686271e-01 7.550702418919791326e-01 7.686666612458867842e-01 7.291998951260394435e-01 7.674348025098793880e-01 7.866974744885033566e-01 7.305009033344751490e-01 7.307340016497099189e-01 7.726198308989213892e-01 8.021368756019295887e-01 8.031800373204085464e-01 8.012787481424171743e-01 7.843749552053554952e-01 8.079757538875976808e-01 8.299941105739259140e-01 8.006570435087000392e-01 7.705184738768169339e-01 7.801829589022754030e-01 7.762850376025519639e-01 7.650319042615839615e-01 8.008480472076088263e-01 7.976426854802681765e-01 8.114984011746682047e-01 7.718895022366006886e-01 8.132350348309291821e-01 8.181431410140302951e-01 8.019152920324874589e-01 8.159364949476606288e-01 8.086671120282090675e-01 8.219177015301791789e-01 8.125123247072461030e-01 8.093306655000409577e-01 8.026878879296834857e-01 7.538382041893482155e-01 7.981555737808597728e-01 7.759777575542805561e-01 8.003147325763448894e-01 8.007734701638314911e-01 7.965207301263393935e-01 8.058906428579648562e-01 7.738772690285407041e-01 8.050982574520512136e-01 7.987248273477484117e-01 8.128212585561925829e-01 8.147447399982988836e-01 8.013125284975062268e-01 7.923724085634523684e-01 8.043439780618374391e-01 7.940428100702595637e-01 8.023763532448732194e-01 8.139494295659385203e-01 8.152322637824235274e-01 8.157801254673978653e-01 8.233190269677881368e-01 8.220077638187077707e-01 8.201895559672575109e-01 8.069231243137562348e-01 8.175955838508781603e-01 8.269349759640990394e-01 8.219572312386508317e-01 8.295878089226291774e-01 8.210516954289922564e-01 8.259655715090369332e-01 8.170232113067957824e-01 8.222486948403101570e-01 8.254916640334890587e-01 8.159151634292426403e-01 8.133595829658729626e-01 7.984254042377180172e-01 8.118234053935490246e-01 8.149115632618570970e-01 8.168875829544921530e-01 8.202170094864580374e-01 8.162619246744425849e-01 8.118379046697513646e-01 8.242088482720685283e-01 8.209466742906088577e-01 8.225390465570744380e-01 8.156496535899568912e-01 8.151987591196202532e-01 7.953221505214854714e-01 7.880726645719514645e-01 8.104326874115732604e-01 8.112246201486856823e-01 8.179203509886611156e-01 8.086620507835227123e-01 8.106241238632826418e-01 8.181508989406041099e-01 8.133495526937343234e-01 7.930119080703359469e-01 8.113599939582791798e-01 8.158062783759617576e-01 8.183260534696820132e-01 8.117319988248391516e-01 8.111039860410503843e-01 8.143569383316086041e-01 8.128758442413777097e-01 8.120456748679943937e-01 8.151588565404292996e-01 8.115507932747793030e-01
3.989419476230569167e-02 1.301476410736355227e-01 3.231529362723167820e-01 5.502660223860091904e-01 4.038797096517821039e-01 5.082833139816986812e-01 7.118771993222201555e-01 1.000000000000000000e+00 7.050677791523899396e-01 6.221705511507261699e-01 7.343956429915525774e-01 7.652131397590604678e-01 6.984472888510292465e-01 6.769843021243043824e-01 7.766872996295043352e-01 7.907276929017116318e-01 7.195846263569771750e-01 7.222366751167293986e-01 7.522210511510322162e-01 7.057259366778549925e-01 7.570124978872816435e-01 7.683766058901225771e-01 7.206879872745406423e-01 7.100458691111394272e-01 7.488567652558034693e-01 7.478146102184287658e-01 7.562760820959061325e-01 7.448854068949414264e-01 7.346574477860631225e-01 7.883647651588203686e-01 7.887257681170551926e-01 7.737553308691811349e-01 7.425982915754560931e-01 7.718786868792790745e-01 7.599844783586766628e-01 7.464714887396545206e-01 7.565161054922660000e-01 7.894897255395245672e-01 7.893091143607264826e-01 7.403508501594182611e-01 7.767797194208737599e-01 7.806409325029584068e-01 7.782741093482300476e-01 7.885338842201680132e-01 7.747761105613495403e-01 7.854693634600913299e-01 7.947511534695866908e-01 7.936063995586438713e-01 7.943787219484389484e-01 7.534467942701623677e-01 7.903459601906448473e-01 7.579727145345973582e-01 7.782521625321279224e-01 7.918860644822133255e-01 7.924977614911037360e-01 7.849990116336802437e-01 7.894497428916924520e-01 7.980185085047707405e-01 7.975961242717192201e-01 7.879445763133161584e-01 8.001802618881308504e-01 7.958080373052355272e-01 7.968164628099836388e-01 7.909395538102084178e-01 7.759633972392273593e-01 7.886904475557605654e-01 7.922684151685804865e-01 7.932068014317137372e-01 7.923245428312186700e-01 8.019031102263765032e-01 7.988012316524066847e-01 7.980534255144008382e-01 7.873624464463897521e-01 7.929542029131290137e-01 7.921079778831946472e-01 7.888599295267930689e-01 7.877238338653048677e-01 7.851750743880381300e-01 7.926136801432330792e-01 7.924078573765632738e-01 7.879212745562910181e-01 7.931616117865006865e-01 7.947837291515622571e-01 7.930916792044784280e-01 7.782251965357203094e-01 7.913523803077997520e-01 7.789801437678459672e-01 7.950746016465924937e-01 7.909898216288883122e-01 7.946876204086732454e-01 7.735238829933331894e-01 7.910046652874147544e-01 7.914712445713092404e-01 7.913741402808803782e-01 7.954805586138951057e-01 7.948867674894600777e-01 7.930177111247508348e-01 7.940033975409757083e-01 8.025547224431066606e-01 7.927582443284794111e-01 7.915806424801736796e-01 8.040965931185924953e-01 7.905054201032629679e-01 7.967493635363700477e-01 7.950401285199582002e-01 8.033419341630287924e-01 7.985272725331994392e-01 7.932492382372385853e-01 7.982009221758921136e-01 7.982506622960569009e-01 8.015723811054689119e-01 7.933271486161123098e-01 8.005470565339196654e-01 7.981771179710708264e-01 7.923543540655386686e-01 7.951114192016169868e-01
1.494808755525365018e-01 1.451972080001677767e-01 3.451285200695624056e-01 5.477769699004227943e-01 4.366131896142759761e-01 5.072214470895473060e-01 7.019951122500684981e-01 7.050677791523899396e-01 1.000000000000000000e+00 6.968894154303644228e-01 7.892059867169667342e-01 8.117869978013324550e-01 7.557899959753264785e-01 7.377605721032712838e-01 8.173232982416011039e-01 8.210746475221391005e-01 7.958476863278337587e-01 7.529346956063740492e-01 7.807202244945944392e-01 6.880205942728775392e-01 7.721648652565745730e-01 7.987659266562799898e-01 7.487763012726538214e-01 6.903088453202859132e-01 7.747040810204319783e-01 7.680194934011475016e-01 7.888058620954623290e-01 7.531697872480860312e-01 7.492975022970869148e-01 8.480317924295002197e-01 8.359823716136403071e-01 8.178349546089931366e-01 7.732357313734888882e-01 8.044092783467913232e-01 8.283464460556496656e-01 7.923984855665956450e-01 7.945502578469488819e-01 8.190133969086352828e-01 8.251022041652643635e-01 7.425828733713442098e-01 8.135723757531174716e-01 8.069165975248295819e-01 8.059270714874051666e-01 8.399507271858445145e-01 8.109733098934729378e-01 8.233511441665802844e-01 8.579679782330017490e-01 8.627820917876535267e-01 8.628221598273215776e-01 8.160765732879060597e-01 8.409320233328188010e-01 8.549176856202775898e-01 8.551815035461441949e-01 8.695490186274097422e-01 8.541531383068661221e-01 8.385493398256814723e-01 8.725077970602972410e-01 8.566361843491443473e-01 8.552580000675623628e-01 8.728867566226674590e-01 8.640841867593509473e-01 8.719363183413745277e-01 8.680632758305361074e-01 8.649409785834699660e-01 8.681055901802233743e-01 8.793030647132749067e-01 8.536640506394042038e-01 8.450798083375735681e-01 8.406117435884550293e-01 8.494961975490098460e-01 8.502071166823366166e-01 8.509273406267279238e-01 8.252955725131922993e-01 8.342498361240404670e-01 8.380826128595991742e-01 8.419228122201035669e-01 8.277867856283732673e-01 8.323122258815034424e-01 8.351963955714615251e-01 8.572645995235286254e-01 8.441403444932236155e-01 8.490971302343092164e-01 8.493162858969854900e-01 8.515942215676058913e-01 8.187368111311228436e-01 8.412623637943620336e-01 8.265209931858025216e-01 8.387747821613135146e-01 8.414517790165183531e-01 8.457453645184883628e-01 8.075043114440917380e-01 8.356899795279272292e-01 8.408667501787138177e-01 8.434232577340643466e-01 8.495026858781343782e-01 8.579358913776684581e-01 8.326545025805306421e-01 8.540539461950371614e-01 8.476078049701899486e-01 8.423613415821163963e-01 8.397921486980033379e-01 8.581161632225280389e-01 8.545587243046348647e-01 8.524486672298763335e-01 8.555998747221357226e-01 8.656643618321251399e-01 8.602335664986431318e-01 8.552599990252156559e-01 8.502748447983238256e-01 8.582028537446975136e-01 8.537761947074015145e-01 8.654975144889047733e-01 8.632492800829706381e-01 8.588942210035932501e-01 8.608660207964639044e-01 8.707065287584628832e-01
1.871095713243283928e-02 1.961924093275951853e-01 3.030412746910741695e-01 4.781624539208899072e-01 3.887019190675657376e-01 4.903494874441582385e-01 6.423039432953696615e-01 6.221705511507261699e-01 6.968894154303644228e-01 1.000000000000000000e+00 7.178485533382544803e-01 7.591453746586138696e-01 6.885897241590701601e-01 6.858178015711066111e-01 7.644060999718020888e-01 7.508768522329588579e-01 7.062043495119757486e-01 7.011309013450960359e-01 7.299404644065269343e-01 6.673951648613800636e-01 6.995788878635235131e-01 7.269065698276273579e-01 7.156596128024180770e-01 6.783928396430044527e-01 7.310356163156610521e-01 7.375082507425700928e-01 7.397911331254046763e-01 7.259337209136842439e-01 7.032601829991951270e-01 7.760191299186747216e-01 7.822801235353523674e-01 7.763557989278493388e-01 7.350382243037978380e-01 7.543699765935828472e-01 7.592312701953350951e-01 7.338603970858262882e-01 7.554437015791014565e-01 7.662940391879202728e-01 7.779472808038454534e-01 7.339491801883397670e-01 7.752833603541896546e-01 7.714511529360672526e-01 7.580784982606986189e-01 7.855501241948704694e-01 7.715635565715177613e-01 7.816907939988577692e-01 7.946097793966839795e-01 8.020528832533210251e-01 7.889757500002404500e-01 7.273112616975573319e-01 7.739610360633742969e-01 7.581603300522695710e-01 7.803831579182816114e-01 7.912175157360193944e-01 7.820093405482706483e-01 7.855994712344317454e-01 7.675253344105331665e-01 7.932255901358763461e-01 7.866128980685340721e-01 7.965947638542122400e-01 7.903436232150201635e-01 7.915488118485504154e-01 7.837139661853760320e-01 7.815666571015608133e-01 7.779990537659339234e-01 7.882543130551002974e-01 7.953900768325149473e-01 7.938431932302608685e-01 7.935049204315002269e-01 7.923057272280729091e-01 7.899583739825901674e-01 7.930634677215889772e-01 7.817209565811820138e-01 7.877244448758345952e-01 7.894980532189063149e-01 7.912547653778588819e-01 7.816848401047176154e-01 7.766432294949250359e-01 7.852344009396643454e-01 7.975478148461151440e-01 7.910131671188876945e-01 7.946158007090651232e-01 7.951353704188234284e-01 7.964555147777372390e-01 7.749929985496426532e-01 7.899247484777754957e-01 7.827662383025337789e-01 7.931982755126699702e-01 7.925364493319934089e-01 7.937322231346181090e-01 7.787361372000141113e-01 7.904009267299558772e-01 7.912301811668707163e-01 7.951890195395554528e-01 7.949418215241291774e-01 8.007332906987683074e-01 7.727140930911988725e-01 7.669015361422685251e-01 7.847990660758384918e-01 7.870195051999775426e-01 7.882533930693265134e-01 7.866317781804852416e-01 7.920135198663874609e-01 7.930109251488881572e-01 7.894572240649257999e-01 7.833314499626796712e-01 7.951352243765281713e-01 8.000917399467984970e-01 7.950394914575984462e-01 7.955104424007252151e-01 7.943629906322381418e-01 7.974403598569885787e-01 7.992701434309326114e-01 7.925469025876630269e-01 7.916582377706440354e-01 7.949683031573074876e-01
9.669891988854257062e-03 1.441350207518577176e-01 3.676396292738519644e-01 5.849733973331959769e-01 4.358129380241911877e-01 5.573258341281417394e-01 7.543318385345433308e-01 7.343956429915525774e-01 7.892059867169667342e-01 7.178485533382544803e-01 1.000000000000000000e+00 8.589761647171002545e-01 7.716228027843448078e-01 7.730940159344141804e-01 8.669258696197569281e-01 8.564820089085513066e-01 8.100212427235671253e-01 8.156494552918304164e-01 8.386855676230821066e-01 7.703153654834181685e-01 8.270976918147491252e-01 8.476422790384258166e-01 7.929341199211983326e-01 7.781482977463488604e-01 8.400794797396058389e-01 8.503818059187679967e-01 8.554167787449072913e-01 8.416421808502261293e-01 8.144174811434569117e-01 8.732658187292419161e-01 8.973538685598887454e-01 8.803012650150923157e-01 8.422065827009029837e-01 8.632758647156449916e-01 8.525538882460070855e-01 8.427150786933376159e-01 8.689349725818610315e-01 8.793429564407176935e-01 8.878988674983785412e-01 8.430228530739192205e-01 8.851876524913029343e-01 8.815970664244272559e-01 8.740317659426456443e-01 8.963671322933134400e-01 8.818212052119829281e-01 8.896139427403930711e-01 8.990562326587443476e-01 8.950083177584187144e-01 8.944377671770651350e-01 8.505262540934959148e-01 8.872294216994403016e-01 8.690285417752728891e-01 8.859611308995158918e-01 8.812392687053145490e-01 8.799479177274673880e-01 8.860647870984835750e-01 8.672929684389502070e-01 8.891495373062262564e-01 8.868132776303039311e-01 8.930265950699435296e-01 8.964827942153510421e-01 8.883995411004859122e-01 8.872655966349379808e-01 8.906809095959110634e-01 8.786853869202734257e-01 8.869110031741241906e-01 8.981710014544036502e-01 8.981468210499847782e-01 8.962872374888064542e-01 9.003430401362713109e-01 9.019319374921218602e-01 9.013552841658323267e-01 8.828574886214706208e-01 8.942662139974709712e-01 9.005235699804922112e-01 8.981022063648941289e-01 8.929715182554844866e-01 8.871379410813429178e-01 8.950941347806883330e-01 8.985122060005328315e-01 8.975724958721615909e-01 9.002653655991852411e-01 8.965172243425943988e-01 8.994666247915933388e-01 8.887720012709150463e-01 8.972124562922686453e-01 8.926424028375365971e-01 9.010275406180098257e-01 9.007678092666644432e-01 8.972668723258186985e-01 8.881226775236732429e-01 9.006926481937519435e-01 9.005538623701168088e-01 9.010930104468033441e-01 9.013447596085271130e-01 9.011809740986521655e-01 8.904845982221071266e-01 8.803853793317706344e-01 8.985011765989087129e-01 9.000595239337407794e-01 9.001812320059174866e-01 8.980119528555798869e-01 8.981914166191763416e-01 9.025692796056107303e-01 9.003421738798337293e-01 8.841631547063447671e-01 8.992371532235080567e-01 9.003225563691269473e-01 9.009561956772974556e-01 8.992586471045478369e-01 8.975308119645882821e-01 8.993169417490971540e-01 8.987361331696094302e-01 8.999568706600242773e-01 8.972475789829432724e-01 8.980824626262575716e-01
1.731971091020612086e-02 1.318758450691105699e-01 3.619012850445288421e-01 6.058446386924003502e-01 4.722233786994345928e-01 5.678429586991947664e-01 7.851855096145694546e-01 7.652131397590604678e-01 8.117869978013324550e-01 7.591453746586138696e-01 8.589761647171002545e-01 1.000000000000000000e+00 8.041245942868455732e-01 8.105232508995875440e-01 9.094187888301398237e-01 8.992742568945161219e-01 8.345787958264598849e-01 8.338398775499894500e-01 8.643035178930127405e-01 7.904189886274897159e-01 8.558125752615700632e-01 8.794101230968653926e-01 8.174003155496197826e-01 7.925587800052231735e-01 8.654745000745707184e-01 8.806754580985360903e-01 8.877540341636478427e-01 8.729477752960269621e-01 8.415768820743247947e-01 9.065650423627412691e-01 9.251985239684807905e-01 9.140311358048323065e-01 8.743085116834071746e-01 8.950136789315639163e-01 8.877616002397507033e-01 8.733839240400292914e-01 8.978011666337224472e-01 9.152428232510947392e-01 9.229728866254828246e-01 8.779604996137354567e-01 9.188284691006713967e-01 9.200199349059481335e-01 9.070296887630734384e-01 9.341920169846029687e-01 9.133835784910999678e-01 9.296841251914012005e-01 9.361477287785044954e-01 9.333102229851112375e-01 9.297694460367944558e-01 8.815628171917250233e-01 9.240883002374753463e-01 8.962849559821212120e-01 9.193069262314944590e-01 9.221701483241038222e-01 9.176239310193242682e-01 9.248590119772475138e-01 9.012380017083988504e-01 9.281210397761796571e-01 9.261510086140744002e-01 9.315263687867545439e-01 9.336484210006528173e-01 9.282386688775301486e-01 9.202329747316962960e-01 9.282121900848303575e-01 9.170561938221950538e-01 9.222641384234544493e-01 9.349616221565716367e-01 9.334821566999471631e-01 9.308208520849718948e-01 9.339053102593626310e-01 9.378041006181291328e-01 9.383913932596371632e-01 9.166952409917060729e-01 9.272445815972234495e-01 9.360582264999320889e-01 9.331455535322756845e-01 9.295587899545316724e-01 9.209062813711110795e-01 9.304949402357954868e-01 9.353448585463709497e-01 9.326713669296773368e-01 9.390367931772776178e-01 9.322699456658473105e-01 9.349778369519298193e-01 9.204912651865498896e-01 9.327147967944195983e-01 9.281985508621465319e-01 9.366331201649373828e-01 9.364459600449774879e-01 9.343419141586529753e-01 9.215284294388373931e-01 9.362542967796684268e-01 9.358423588835902418e-01 9.385823501334691343e-01 9.378074681996425577e-01 9.389749123515634954e-01 9.194660386601855029e-01 9.135197476022905994e-01 9.326786165540661422e-01 9.340251245685788906e-01 9.338498821074995293e-01 9.339425857939767095e-01 9.336293196018118357e-01 9.394721531733717379e-01 9.349988645767826068e-01 9.189652179260051623e-01 9.373795474316397591e-01 9.380233552921939388e-01 9.387932528152522771e-01 9.368374508212052865e-01 9.358508856858289704e-01 9.385543537627792920e-01 9.367113576504166872e-01 9.368801066147391943e-01 9.354529032827353374e-01 9.350838138655719334e-01
4.739309948324058747e-02 1.303600920690564935e-01 3.442389979327473704e-01 5.520128744884653660e-01 4.615237562719163300e-01 5.043509716094497497e-01 7.160477567543314104e-01 6.984472888510292465e-01 7.557899959753264785e-01 6.885897241590701601e-01 7.716228027843448078e-01 8.041245942868455732e-01 1.000000000000000000e+00 7.227770799437134297e-01 8.273341961394370392e-01 8.333216927729082402e-01 7.668075979595105895e-01 7.664508921659066720e-01 7.973318391452142162e-01 7.399061837435795264e-01 7.831748165336944734e-01 8.062261295278252415e-01 7.692171978199359161e-01 7.440380131535755392e-01 8.022901792801576670e-01 7.981145327933935052e-01 8.072811066905404287e-01 7.877047300569007815e-01 7.600687571960990097e-01 8.414208033924915897e-01 8.441189539456344093e-01 8.305118660422357024e-01 7.901626205876574049e-01 8.218340457855279890e-01 8.196136256273001131e-01 7.993650181808110711e-01 8.171644675889923048e-01 8.217769582406287965e-01 8.348640520404960741e-01 7.795191250731986488e-01 8.305677650591435368e-01 8.280979877661083233e-01 8.206663768406137205e-01 8.466290983914989132e-01 8.322806293111137954e-01 8.418042408170512969e-01 8.523023282775156195e-01 8.493264893680231298e-01 8.402993196307958490e-01 7.878484445154863014e-01 8.274495423520958903e-01 8.225623722415297268e-01 8.401497998067547490e-01 8.449731035209423480e-01 8.334263747116309462e-01 8.403394702426957297e-01 8.226961866843167659e-01 8.434965812169643584e-01 8.345335255329405788e-01 8.598406597378125404e-01 8.504155668107385990e-01 8.453524326874766182e-01 8.368151567194592744e-01 8.411679516298535830e-01 8.427462991267040682e-01 8.478964386917609009e-01 8.523834119153478328e-01 8.503422242412190801e-01 8.533796235586766921e-01 8.530856850030675842e-01 8.530211857944989262e-01 8.530422476511758667e-01 8.430827750775137241e-01 8.512903810396610371e-01 8.498371764597936195e-01 8.468925973719787503e-01 8.422537898395149325e-01 8.328914244445696502e-01 8.456958610780680452e-01 8.551977960915111421e-01 8.509020344864408614e-01 8.509892803746913481e-01 8.529414692278176613e-01 8.513551755705582869e-01 8.311272926374928538e-01 8.501971928461500294e-01 8.423178785413982794e-01 8.473334722584455747e-01 8.499582939608569809e-01 8.497018114344006001e-01 8.296560533893528877e-01 8.472191846552213912e-01 8.485977379571328916e-01 8.511233757724876448e-01 8.496513017632190135e-01 8.540520830434703559e-01 8.258827465608443719e-01 8.255148098003404211e-01 8.418205773654177104e-01 8.408164241718825149e-01 8.452207764588814953e-01 8.431906157850806993e-01 8.487042336663218611e-01 8.510804462676136994e-01 8.492602490458157627e-01 8.356822492457351981e-01 8.491479099880380188e-01 8.537093478820435566e-01 8.512654245477365711e-01 8.519684246473279154e-01 8.470371785918768825e-01 8.546939603218437487e-01 8.507258553904567533e-01 8.494655125990613342e-01 8.530949245046557383e-01 8.534764510394552417e-01
