1.000000000000000000e+00 1.111526165257286924e-01 2.719730550240052058e-01 9.391709855048124833e-02 2.099630640274880999e-01 8.663337974951992870e-02 1.286080329576527459e-01 1.844195534988539997e-01 2.453044630666945114e-01 1.872544470125098448e-01 1.022938916960243888e-01 6.565979961656971675e-02 1.485227455932235652e-01 1.481290486638754157e-02 9.248340942660343567e-02 1.203472403141889469e-01 2.245219742968831700e-01 3.206945951329808198e-01 2.624984544782255624e-01 2.485104768133806485e-01 3.068048377883164091e-01 2.396467074668518771e-01 2.949986501509600512e-01 2.851891785733713935e-01 2.323957141957117001e-01 2.100328934976793405e-01 2.089453506211198519e-01 1.976647402034507062e-01 2.262090587477089410e-01 1.769913370055047619e-01 1.754023313315916655e-01 1.875529445222834934e-01 1.459826616207912375e-01 1.749613103161193617e-01 1.181443615548919135e-01 1.547305171928127498e-01 1.299979796315837710e-01 1.055814835955610348e-01 1.535538147736943415e-01 7.467246259712670420e-02 9.243725129024503440e-02 8.749418966418660848e-02 8.498412332735370833e-02 1.041587273383885737e-01 1.267486568537164182e-01 9.945688725758559945e-02 3.409321463863211610e-02 6.502827700234417585e-02 5.263755722302586315e-02 9.219970044533061515e-02 9.621825336965549036e-02 6.712106199727377320e-02 1.007407497830109661e-01 1.036805360165959922e-01 1.118762809742051695e-01 1.248031754140492416e-01 1.147252979009569240e-01 7.159081130850553087e-02 6.552323593354368592e-02 8.304631664019909709e-02 4.917075814127251643e-02 8.861055758202433796e-02 5.963818229713067215e-02 1.108928995881183210e-01 9.786439574442107325e-02 8.650607846422211922e-02 5.668214738510988365e-02 1.151372743645464047e-01 1.147129045180950713e-01 1.160562756487185793e-01 1.071427412133491158e-01 9.595322697824189284e-02 1.240574881072676883e-01 1.040923596566820930e-01 7.683698052769816211e-02 8.082001639963762307e-02 6.909510357330318764e-02 8.579535923591510849e-02 9.273978552267717057e-02 7.205232559799233660e-02 8.177532687382260690e-02 6.409303993965791146e-02 1.046042387931705453e-01 7.031942919198767850e-02 5.491511799373340053e-02 8.028941322235555456e-02 6.227810636389875115e-02 3.987707531706495556e-02 6.086497381979519977e-02 8.336966604141973769e-02 4.061263107526170285e-02 3.936861127048921910e-02 5.484964090143774895e-02 5.101766651727630830e-02 1.142100786565081877e-02 3.316987470039690217e-02 3.648759982643415972e-02 7.791739981472442511e-02 3.203638410570282952e-02 4.753957911292545219e-02 3.771846790744165512e-02 3.399442242891463628e-02 4.262641895081734772e-02 4.409412712267943291e-02 4.852653562950104416e-02 5.879522199243548963e-02 4.713473786603459420e-02 3.900764010954559102e-02 5.077493276676664502e-02 3.697049570243583078e-02 3.134854212427276576e-02 3.427771374801022453e-02 4.411888025416216969e-02 6.037620321009225244e-02 6.045535912597849171e-02 4.822169544047430478e-02
1.111526165257286924e-01 1.000000000000000000e+00 3.349973577378784900e-02 1.352803462702292141e-03 1.013286283335347454e-01 1.110862253540035871e-01 1.383280420230519614e-01 1.254146455148041350e-01 1.835641566192617036e-01 2.152405071531228453e-01 1.109951044836714057e-01 1.027459857622827072e-01 1.062894880826788513e-01 1.023663218465302033e-01 1.478900947882385575e-01 1.395721864383535626e-01 1.234244220443276030e-01 1.143225999755672073e-01 1.156434542828986278e-01 9.119589388758857218e-02 8.969071171638826057e-02 1.062889238915376289e-01 1.709470040604344765e-01 1.262892789620142231e-01 1.080291565435998052e-01 1.635435952854933928e-01 1.483042944608636282e-01 1.511961695324598454e-01 1.854702175226065064e-01 1.293483926600885181e-01 1.588436467797608165e-01 1.632986314316197674e-01 1.650068806566900859e-01 1.469662380468838847e-01 1.394368767670316200e-01 1.432922377878979581e-01 1.697288795270416872e-01 1.714886899226608641e-01 1.536367190566224339e-01 1.526381166285754876e-01 1.670314972498593287e-01 1.618200062537873407e-01 1.437643119345510256e-01 1.454629265203648270e-01 1.384258937826760572e-01 1.511949737793443216e-01 1.460164076012150647e-01 1.629726644382081813e-01 1.287747732384464661e-01 1.152761409616665372e-01 1.437157925892067478e-01 7.599651973149178230e-02 1.203828556720718534e-01 1.538470342330592877e-01 1.417305853621255718e-01 1.769434915381307982e-01 1.125695542956298006e-01 1.544528420861622786e-01 1.468458146083017890e-01 1.467877229241372483e-01 1.337033104854029042e-01 1.452923928909304052e-01 1.234075239115999117e-01 1.325190818451537356e-01 1.290068680960083092e-01 1.273525065362811348e-01 1.535753355396378694e-01 1.488235565399450289e-01 1.640790875543216565e-01 1.353122920114778194e-01 1.349051648827516159e-01 1.439764848285044752e-01 1.460204945622025907e-01 1.406635808265326304e-01 1.531420757266380994e-01 1.525784175672481591e-01 1.577646351347323783e-01 1.722680016370102263e-01 1.532384199335015962e-01 1.462967678586603315e-01 1.521650902780997128e-01 1.582736665254611819e-01 1.637603401068945530e-01 1.534802129687208583e-01 1.424554067954952041e-01 1.454669439152929677e-01 1.592694364263685103e-01 1.553243602290172998e-01 1.536762939474858869e-01 1.690212623099957012e-01 1.566339157118347147e-01 1.512362742266124271e-01 1.497072822260910041e-01 1.550293070912314441e-01 1.468097259956949729e-01 1.575543117861394893e-01 1.166867442679824923e-01 1.153898298029099462e-01 1.259003334484068981e-01 1.469879285775106403e-01 1.400148589053935022e-01 1.286658687612595442e-01 1.340306763858203076e-01 1.421955386652785092e-01 1.300302542567486064e-01 1.246747788338968821e-01 1.381690985689124074e-01 1.555427280911970411e-01 1.528575622413829715e-01 1.466115804363357089e-01 1.416464876112724924e-01 1.472744484579897317e-01 1.479124146015021735e-01 1.380293367260130299e-01 1.401412770938472163e-01 1.342863972877263168e-01
2.719730550240052058e-01 3.349973577378784900e-02 1.000000000000000000e+00 5.064203749479445626e-01 2.724168276482221707e-01 3.088584185151820871e-01 3.918396806221921547e-01 3.481748855944262200e-01 3.822468065900468948e-01 3.015308696207548711e-01 4.800517168055362660e-01 4.515387554046826346e-01 3.735130644670753841e-01 2.807061561952236550e-01 3.861443255626893500e-01 3.651536529971027845e-01 4.357582939682317358e-01 5.051535210444340063e-01 5.612128274231004132e-01 3.344148020659790110e-01 5.209111472103025164e-01 5.588116435692563888e-01 4.694320912440349547e-01 4.633047154028022696e-01 5.190164032547560646e-01 4.910261961482931814e-01 5.438649096284661200e-01 4.815482901681125139e-01 4.825705861964035837e-01 4.988782133685736864e-01 5.090530864345127471e-01 3.838648558657402621e-01 3.560099231813624865e-01 3.880155480861161021e-01 3.621722344564693996e-01 4.261241162252978887e-01 4.260582485804288444e-01 3.079505104993969233e-01 4.157646305997114156e-01 3.363184137893658887e-01 3.669719621246736452e-01 3.743816494833576147e-01 3.989982368111493205e-01 4.014531444712770014e-01 4.437390911997294296e-01 3.948200609847205000e-01 3.081779419287145605e-01 3.092962955608335451e-01 3.002901567357018631e-01 3.417117305691407814e-01 3.442182043655325208e-01 3.874717288981925911e-01 3.850059614015075571e-01 3.398382322417900503e-01 3.496251262015733219e-01 3.683402985960324005e-01 3.708874816223153292e-01 3.394285971568580251e-01 3.140861131058655942e-01 3.489149329048693571e-01 3.353152698576821744e-01 3.361383129625736821e-01 3.242551353442731932e-01 3.681872872774449856e-01 3.868965320635738281e-01 3.596972681449558951e-01 3.192845043939899208e-01 3.992691788107696760e-01 3.544968623527177121e-01 3.625954910236987017e-01 4.249061664406533212e-01 4.075208077647718419e-01 3.941106720529583551e-01 4.002690400794005621e-01 3.804690624649560426e-01 3.945403541793173763e-01 3.584774155027868336e-01 3.818895575839585388e-01 3.975143261433765618e-01 3.675935529841766192e-01 3.777965481926162106e-01 3.744382045049478580e-01 3.661286912979010988e-01 3.316793150664500978e-01 3.118822980010346746e-01 3.349487543024745051e-01 3.438914940995227432e-01 3.003013402844854629e-01 3.408574542101448501e-01 3.541258906596430056e-01 3.146065605554403954e-01 3.251733327279031638e-01 3.571612067129137924e-01 3.408770308963600670e-01 2.876520636693205013e-01 2.994574371907279264e-01 3.120792104439180092e-01 3.268582538342545418e-01 3.154844731662251878e-01 3.128665389923014351e-01 3.368459895210327848e-01 3.047456807684973401e-01 3.270672221254403711e-01 3.269574431807318882e-01 3.429546646101276353e-01 3.250778744179149693e-01 3.080994553701081884e-01 3.051442308551303162e-01 3.212216294323542720e-01 3.097100483847222141e-01 3.062570264412168841e-01 3.052625195331807872e-01 3.100591643140669929e-01 3.263797238683746604e-01 3.469437968509474501e-01 3.223462054289410461e-01
9.391709855048124833e-02 1.352803462702292141e-03 5.064203749479445626e-01 1.000000000000000000e+00 3.331690678442900122e-01 4.182192753288647147e-01 5.428158631825367175e-01 4.748776804036213273e-01 4.733084510454605986e-01 4.010275624638484082e-01 6.043719679183918725e-01 6.400571911073895670e-01 5.091998168772771116e-01 4.337624922115136950e-01 5.619863078036645421e-01 5.144712793129514461e-01 5.041258303022025933e-01 4.774461214874979875e-01 5.206708523734867589e-01 4.465560739161520964e-01 5.373521265440828198e-01 5.741949559061830799e-01 5.012235413559235075e-01 4.987385085713980093e-01 5.537253430198590953e-01 5.774718839561046035e-01 5.944041268979025627e-01 5.608930433914176561e-01 5.327531087462024084e-01 5.969781404220407817e-01 6.050763114844076584e-01 5.298753038957670913e-01 4.743378842897211234e-01 5.224810749658882481e-01 4.799598701099716536e-01 5.501358755623794172e-01 5.565106161870627677e-01 4.893452586384551828e-01 5.530888330765034722e-01 5.359463181263521836e-01 5.417016684653667147e-01 5.406506697089188407e-01 5.693292911507413789e-01 5.574665062630450585e-01 5.782087408908059833e-01 5.468202785604922012e-01 4.992971627833686643e-01 4.868345737734433576e-01 4.888082346042627591e-01 5.316928991944537275e-01 5.306986352492387704e-01 5.507636047063955154e-01 5.399693457129214336e-01 4.863839984525555327e-01 4.879054942050329857e-01 5.032432085836243685e-01 5.200345184397140441e-01 5.107037040671943418e-01 4.948911881145073854e-01 5.088755427801737730e-01 5.246699432836295918e-01 4.991825973913941450e-01 5.060035800139359718e-01 5.187832109585852614e-01 5.266286704099258920e-01 5.192007946297153564e-01 4.901675201482008637e-01 5.264113466988650236e-01 5.162037443262802450e-01 5.343316671793856276e-01 5.560134381501528056e-01 5.377746030887478046e-01 5.320766752907836183e-01 5.457769934640106513e-01 5.443469514740645332e-01 5.495125215170888477e-01 5.270202279142873758e-01 5.309089058481770707e-01 5.573863504029482607e-01 5.350994946150153808e-01 5.355657075382643795e-01 5.404223400512099262e-01 5.182969490555243697e-01 4.979250926894152052e-01 5.040158489618369320e-01 5.124042644862691898e-01 5.220172639223754629e-01 4.962879097284029761e-01 5.226219670772154213e-01 5.115434854827624056e-01 5.130708890047620541e-01 5.194545154039392765e-01 5.326747625880858816e-01 5.227466974287691137e-01 4.841782666688853043e-01 4.866784177224978136e-01 5.180611363752152254e-01 5.154757748874028156e-01 5.176416359857848315e-01 5.149467130338086784e-01 5.308866328431467441e-01 5.079401686194482402e-01 5.129591068460398473e-01 5.190133399710418205e-01 5.275481645720634383e-01 5.049524997197732956e-01 5.000096320359462831e-01 4.891356610593078913e-01 4.990970195405041721e-01 5.004515279664122351e-01 5.020125072824950241e-01 4.902008519009740661e-01 4.951655392983070891e-01 5.071741926988495575e-01 5.170399779753409586e-01 5.082018883785504038e-01
2.099630640274880999e-01 1.013286283335347454e-01 2.724168276482221707e-01 3.331690678442900122e-01 1.000000000000000000e+00 3.097014333402871578e-01 4.617120460299791729e-01 4.811538163192071171e-01 4.537882686635557605e-01 4.053744399979980484e-01 4.330696941784867859e-01 4.444352754524864002e-01 5.064520503587630618e-01 3.731213051471595765e-01 4.911100371297745237e-01 5.027541263578180208e-01 4.578508048068774539e-01 4.373874358689446851e-01 4.767488627116100441e-01 3.370409868004483611e-01 4.425056451818240033e-01 4.999107457817960620e-01 4.648276624326331263e-01 4.388912370961776666e-01 4.782977559420089619e-01 5.065119104872861655e-01 5.090210151396559191e-01 4.983685293583151044e-01 4.645162728561521015e-01 4.646385277208871512e-01 4.865115217303728756e-01 4.738836267034862160e-01 4.453174165038601418e-01 4.550506198952403158e-01 4.333096577024840856e-01 4.647566026862637867e-01 4.674011440068747136e-01 4.513498121260480778e-01 4.735282764780112674e-01 4.545466346216943121e-01 4.695056809230604422e-01 4.737542101355673441e-01 4.727598781290518470e-01 4.784246058254503220e-01 4.922034222699611661e-01 4.693612641666521923e-01 4.335894446474202746e-01 4.476892799531517197e-01 4.364003416788052037e-01 4.483849078837963131e-01 4.733183668007100442e-01 4.386376840804916410e-01 4.582578666911829579e-01 4.535178924375673493e-01 4.593352123567377432e-01 4.672340118004039144e-01 4.500754211957331830e-01 4.641601183699138322e-01 4.550780494956159217e-01 4.614230162678809033e-01 4.503420831239691169e-01 4.515936599562759834e-01 4.392024645842989017e-01 4.545505668469377314e-01 4.628851729584013142e-01 4.572830696553113472e-01 4.434012653008224669e-01 4.810691106248219939e-01 4.669053099188338329e-01 4.435118814385688446e-01 4.839791067864317453e-01 4.832338648571857243e-01 4.730822629251003608e-01 4.723766525197939936e-01 4.721553129373911584e-01 4.755839984297285383e-01 4.637350872246909783e-01 4.636613804045650045e-01 4.755572885255617277e-01 4.572981986553890654e-01 4.597346655143461636e-01 4.569685005544147915e-01 4.687805819190281054e-01 4.500693749240899377e-01 4.355020746782596319e-01 4.489892959790518501e-01 4.579046055631257328e-01 4.427387459400197178e-01 4.510069428004063186e-01 4.629006084798623633e-01 4.543869465310697020e-01 4.510713047470028547e-01 4.574218737364175169e-01 4.532417159129928375e-01 4.266244423156365095e-01 4.374596103782196765e-01 4.261356046849805734e-01 4.340502706713988967e-01 4.344058806366283276e-01 4.507155194519467667e-01 4.478298414421404972e-01 4.316733018021266521e-01 4.408720036703087652e-01 4.471007526131250964e-01 4.428023836971861638e-01 4.291910298498902154e-01 4.346612717341180598e-01 4.357130059705939251e-01 4.437670855365327127e-01 4.429157154769652882e-01 4.357984166308086493e-01 4.373066717987322272e-01 4.376177760627748548e-01 4.367666471505165515e-01 4.479889844081331174e-01 4.369710935969396970e-01
8.663337974951992870e-02 1.110862253540035871e-01 3.088584185151820871e-01 4.182192753288647147e-01 3.097014333402871578e-01 1.000000000000000000e+00 5.378138310113030895e-01 4.791750771854270119e-01 5.277070855911712988e-01 4.789772102387727104e-01 5.584550713353244600e-01 5.814085134038072811e-01 5.102377931760474494e-01 5.119306745111015244e-01 5.956228127254641347e-01 5.752160208201028135e-01 5.435333135858554376e-01 4.186938852795998867e-01 4.942455059298896392e-01 4.019761781256200872e-01 4.580765729709607159e-01 5.387721837451939777e-01 4.984795449610350260e-01 4.872333268866851363e-01 5.369255614251499109e-01 5.828269640176280131e-01 5.826766749818276248e-01 5.757230222122795560e-01 5.221047984046290891e-01 5.582111921957662037e-01 5.938589603038801901e-01 5.664203475320032100e-01 5.419093244333993420e-01 5.533714826188799174e-01 5.483493547676965285e-01 5.724860329851501062e-01 5.865023912415420204e-01 5.750802197338439337e-01 5.883179549987717083e-01 5.823079223617129152e-01 6.000953553549244202e-01 6.077033083714259432e-01 5.994467336078161956e-01 6.067823926720146144e-01 6.075774793934155538e-01 5.990540894329446919e-01 5.874766181448041191e-01 5.820541577143688583e-01 5.774449209829441987e-01 5.784026594039334279e-01 5.925516536297734671e-01 5.823551382064132698e-01 5.850604043413136779e-01 5.780307050543601610e-01 5.723577169463247571e-01 5.792887273073804577e-01 5.804365500982765491e-01 5.867140948605392703e-01 5.837667321178301449e-01 5.891646058212275383e-01 5.905156867041433388e-01 5.850544254210752193e-01 5.849299130398053492e-01 5.848542309616178159e-01 5.915651102399138717e-01 5.935389936471193728e-01 5.854269401969904862e-01 5.917731211988283002e-01 5.878307443502250873e-01 5.762972552444317609e-01 6.018075400186293500e-01 6.011684678703621554e-01 5.915128100929943900e-01 5.988987907656178056e-01 6.046977905323556168e-01 6.041199705989627189e-01 5.980854520818046360e-01 5.922871396285021017e-01 6.049546139638777298e-01 5.930025015681161804e-01 5.990305437209954009e-01 6.036406654232108204e-01 5.926292128600161302e-01 5.849789453377397530e-01 5.834095449019033319e-01 5.861684973591213543e-01 5.979189071329042982e-01 5.864898670898690547e-01 5.946641356422170954e-01 5.937012447947301874e-01 5.933034064702883414e-01 5.987421934667829237e-01 5.992570518670750079e-01 6.000167596948708937e-01 5.833071917049543753e-01 5.869836542837874038e-01 5.821536775833742183e-01 5.792374924066457931e-01 5.858121194589812619e-01 5.903612823841445367e-01 5.954604412384673084e-01 5.872569561515068592e-01 5.896740964838318444e-01 5.955270717067587816e-01 5.961210489956890735e-01 5.814308734597184447e-01 5.839892120436552814e-01 5.833723759765351291e-01 5.881825920328580537e-01 5.861677461102877684e-01 5.852111073512931139e-01 5.853200201004754577e-01 5.858249770223604713e-01 5.861883925911367532e-01 5.894993048710415184e-01 5.887031612345957621e-01
1.286080329576527459e-01 1.383280420230519614e-01 3.918396806221921547e-01 5.428158631825367175e-01 4.617120460299791729e-01 5.378138310113030895e-01 1.000000000000000000e+00 6.960882727172844620e-01 6.891378603388209623e-01 6.387841687435296123e-01 7.090242732938080161e-01 7.538576474807816563e-01 7.056132630206677359e-01 6.423253786112160801e-01 8.382647639658583616e-01 7.688394129025289958e-01 6.875724160689669073e-01 5.699311293979026916e-01 6.315417224068778923e-01 5.360343908974397609e-01 6.065560824574491861e-01 6.852427603711173099e-01 6.719110366059958261e-01 6.578947466964275570e-01 6.957290502739646998e-01 7.716593277045995514e-01 7.602915966502235001e-01 7.594436264311278384e-01 6.863986407711728521e-01 7.413786491451733740e-01 7.585280833758135666e-01 7.476095739845272092e-01 7.265816134203216814e-01 7.551176417448530742e-01 7.271463595022962245e-01 7.721389448464691663e-01 7.735463804246202058e-01 7.582465413436038082e-01 7.849269756720869129e-01 7.752980311167786409e-01 7.949608154419987027e-01 7.964696004044259370e-01 8.006906158863659195e-01 7.897790750995301590e-01 7.972504876507995331e-01 7.852014232225104085e-01 7.648980496626648362e-01 7.582003781364876627e-01 7.458366799782263357e-01 7.548661525096070912e-01 7.769078974412865213e-01 7.656965203491961081e-01 7.718227264909006680e-01 7.539409539589446707e-01 7.441400721572365429e-01 7.607322373960623274e-01 7.616814288219321272e-01 7.740561371455296769e-01 7.646534611606065068e-01 7.656816639102481670e-01 7.712437255083299803e-01 7.641501524874991791e-01 7.632632187914634159e-01 7.597618131256361762e-01 7.645948073414768897e-01 7.673490541755404459e-01 7.561199356799785942e-01 7.683755567239384243e-01 7.710993484299001333e-01 7.570160818926003898e-01 7.695477588248889056e-01 7.724767750846233128e-01 7.767543780233888695e-01 7.813547404804342955e-01 7.883241134724203736e-01 7.856998044457191854e-01 7.869762926417447346e-01 7.688456503837379774e-01 7.885026316771406307e-01 7.762516619369735915e-01 7.821455313083238714e-01 7.747415386878693244e-01 7.745705786050111064e-01 7.685899682557641999e-01 7.667026877525192630e-01 7.725317232032502535e-01 7.812441398256797509e-01 7.692040363639679468e-01 7.787168356005924608e-01 7.729273215454685042e-01 7.773926765934194849e-01 7.827496667477733538e-01 7.813367766582246521e-01 7.809738758134395775e-01 7.551451658089998187e-01 7.589112643229682931e-01 7.678055235902266906e-01 7.564613553871814000e-01 7.694852602532726848e-01 7.733204839479649317e-01 7.873226204831680342e-01 7.667607752781155916e-01 7.700776597727342354e-01 7.755829424838469599e-01 7.801833183541384553e-01 7.655563002157010910e-01 7.580583864380719961e-01 7.579088525069036519e-01 7.664504748696768788e-01 7.658142906404482586e-01 7.680185552167905216e-01 7.589761550165228243e-01 7.688858224570361832e-01 7.642017648283129239e-01 7.659600903434433672e-01 7.656878144148363541e-01
1.844195534988539997e-01 1.254146455148041350e-01 3.481748855944262200e-01 4.748776804036213273e-01 4.811538163192071171e-01 4.791750771854270119e-01 6.960882727172844620e-01 1.000000000000000000e+00 6.806822492589269524e-01 6.220218870289587754e-01 6.527887629660412694e-01 6.926917777862080516e-01 7.001390463773833339e-01 6.208325876181290948e-01 7.684765979602766750e-01 7.767557087141561123e-01 6.691454406649118836e-01 5.716736133955562238e-01 5.888995691289472534e-01 5.623592861260495734e-01 6.082142000035137830e-01 6.486299627518398170e-01 6.433863605122961404e-01 6.166305697877371150e-01 6.498751396518446244e-01 7.326844319043919196e-01 7.122924728998569766e-01 7.205758943622967427e-01 6.672718492946928537e-01 6.987242657648690125e-01 6.995533652411645154e-01 7.186314161014539792e-01 6.927774387182423776e-01 7.070044240215630493e-01 6.894114938810189663e-01 7.094106620677835817e-01 7.170574863707588342e-01 7.293103134714902236e-01 7.436881732553501934e-01 7.208827704207527720e-01 7.419095409515733541e-01 7.517376320988800042e-01 7.295904751492618967e-01 7.488872618379847079e-01 7.394714404927763551e-01 7.375178159979481896e-01 7.188979100907852970e-01 7.253744726404861565e-01 7.245231932278713982e-01 7.472535193762839256e-01 7.506069398664558801e-01 7.212952793224407522e-01 7.373553199042540696e-01 7.266905133870121825e-01 7.279488048601695516e-01 7.250549687719128888e-01 7.480267723372897581e-01 7.313878825843760367e-01 7.438256384537582644e-01 7.308409005709720629e-01 7.351898490415201826e-01 7.356528864461320261e-01 7.432767794874999279e-01 7.402055132286662342e-01 7.275660233771488183e-01 7.365251474020210187e-01 7.144220128617994048e-01 7.258808469717165091e-01 7.319373274380249761e-01 7.318752307890312725e-01 7.211721580078038762e-01 7.264169900102409594e-01 7.275479083715477024e-01 7.266592385634439433e-01 7.387644488646613050e-01 7.369673169289930881e-01 7.367887558035850493e-01 7.285774787010057540e-01 7.373217602145062388e-01 7.193355047015524972e-01 7.260195278639148819e-01 7.202977132046622932e-01 7.309415600059696594e-01 7.275461244209259215e-01 7.274025745200712878e-01 7.295910152530103998e-01 7.289002911920182681e-01 7.263645701832995849e-01 7.295259093656387694e-01 7.268459006245686638e-01 7.286423631432901171e-01 7.337176003517319467e-01 7.284840555963614239e-01 7.297186528119495863e-01 7.112126178054012371e-01 7.166504523822497807e-01 7.362325854440985307e-01 7.408853581316645620e-01 7.347980812935630546e-01 7.332817105432468674e-01 7.361462667684098848e-01 7.339094144184664659e-01 7.239695690226031211e-01 7.338493588139507473e-01 7.317766698096748179e-01 7.340838943967920027e-01 7.282756243678804031e-01 7.161099929521490548e-01 7.262760602002056309e-01 7.252445101011760764e-01 7.271701139828642413e-01 7.163081199357043127e-01 7.259874694764117953e-01 7.278104304550264692e-01 7.218924682601353116e-01 7.256191228909346647e-01
2.453044630666945114e-01 1.835641566192617036e-01 3.822468065900468948e-01 4.733084510454605986e-01 4.537882686635557605e-01 5.277070855911712988e-01 6.891378603388209623e-01 6.806822492589269524e-01 1.000000000000000000e+00 7.479219178120813938e-01 7.769631248642134835e-01 7.785284096982543200e-01 7.296169893226832626e-01 7.085480378334563234e-01 8.212104541605357300e-01 8.188505864796287170e-01 8.079900579972228991e-01 6.798227990219619654e-01 6.818117625644394275e-01 5.892558665509720628e-01 6.471689605934952683e-01 7.091851305453913401e-01 7.419260005194836527e-01 6.953656724029900760e-01 7.224397468991753390e-01 8.455675909341828778e-01 8.022618172750984877e-01 8.048081448873422028e-01 7.467099045058543938e-01 7.636328895482061840e-01 8.048837034290066139e-01 8.403287945351898269e-01 7.850981788302433539e-01 8.067999442849931313e-01 7.712054336940153965e-01 8.004339164244629323e-01 8.076559910706410106e-01 8.455358840063325054e-01 8.507592650469352202e-01 8.055802893965042788e-01 8.554859966347339029e-01 8.506021455153850441e-01 8.244447389143439997e-01 8.563389775297101103e-01 8.511819697570227605e-01 8.471296833445208785e-01 8.464609802526988913e-01 8.661786612756809944e-01 8.529234947742068140e-01 8.379354745456374376e-01 8.579259359426378850e-01 8.094383071102912997e-01 8.465525964883658938e-01 8.708341621823316725e-01 8.591735115512730836e-01 8.637850195963708844e-01 8.623475277499715874e-01 8.568294841503579784e-01 8.589967283927396613e-01 8.667963998791778923e-01 8.479601693917070415e-01 8.675086866611405600e-01 8.513805240406360220e-01 8.685006740625056398e-01 8.600565601516626524e-01 8.607617034596639627e-01 8.584134804425939125e-01 8.590849748650708495e-01 8.663641862015344364e-01 8.349237284451567209e-01 8.383342453424732499e-01 8.496423795527973111e-01 8.471829530141391507e-01 8.432557473461762543e-01 8.641753491679090571e-01 8.584517055280538322e-01 8.534760934530013499e-01 8.471243280962607036e-01 8.568772911254661784e-01 8.405189830634037795e-01 8.445179192190152007e-01 8.495133706326752909e-01 8.694587143127051609e-01 8.443096962255669524e-01 8.472196239072146140e-01 8.540407133846313892e-01 8.465030945487966862e-01 8.529567725853218763e-01 8.559653533675964932e-01 8.563793139552913214e-01 8.467073701471787839e-01 8.500493706724361331e-01 8.535731878664846173e-01 8.527238522121206588e-01 8.411025867656285460e-01 8.520536328874129817e-01 8.266386354707131456e-01 8.481095249092712729e-01 8.404106951970190531e-01 8.507594807282398142e-01 8.424026465270212372e-01 8.445543487176692121e-01 8.474224905195241186e-01 8.505148442642612716e-01 8.474158352235591218e-01 8.507039125466833163e-01 8.528778850619883611e-01 8.546598640735930674e-01 8.586519867483307644e-01 8.545758007904362685e-01 8.497267876314460455e-01 8.520465040342248830e-01 8.550700159882600460e-01 8.569165460743656260e-01 8.586501899649707781e-01 8.531759391563525918e-01
1.872544470125098448e-01 2.152405071531228453e-01 3.015308696207548711e-01 4.010275624638484082e-01 4.053744399979980484e-01 4.789772102387727104e-01 6.387841687435296123e-01 6.220218870289587754e-01 7.479219178120813938e-01 1.000000000000000000e+00 6.867907909896723284e-01 7.084170624350971668e-01 6.609001253168791390e-01 6.363797695726272075e-01 7.542174858359176337e-01 7.461314236918799025e-01 7.049727216235152083e-01 5.674410218188885580e-01 5.985913325648714034e-01 5.312932505997097765e-01 5.642366975653522188e-01 6.343621724152468389e-01 6.884825791196038658e-01 6.212906634179621301e-01 6.527686303260958889e-01 7.559370614069749195e-01 7.114705275457423594e-01 7.289005839529493214e-01 6.953493878974940090e-01 6.927029703413060124e-01 7.395855600429164234e-01 7.680267425923387181e-01 7.367166133840882258e-01 7.356176137383673153e-01 7.105017790147777346e-01 7.381153610314908908e-01 7.573020825721612503e-01 7.840990448076551322e-01 7.840507212649634461e-01 7.507322490515350166e-01 7.847899733940399969e-01 7.765137234090748741e-01 7.583609358713688797e-01 7.839520027588432471e-01 7.722269626841642420e-01 7.761391771135851547e-01 7.765716434814141644e-01 8.017974822514453148e-01 7.771608379807043443e-01 7.534573089011734615e-01 7.781388822544222927e-01 7.129100578595609639e-01 7.575976702789722905e-01 7.999048202304176458e-01 7.856153210225186312e-01 7.997879031558495777e-01 7.725005031103648889e-01 7.859190684374367519e-01 7.846499107953991414e-01 7.882554598948554592e-01 7.699709559039584761e-01 7.916012985998981399e-01 7.723952367407902475e-01 7.884032170002645001e-01 7.750246658664254884e-01 7.796555855180878902e-01 7.852549812662131812e-01 7.747511352132019358e-01 7.959601636333252239e-01 7.630488306084842742e-01 7.588990607101990804e-01 7.717825759397861640e-01 7.662708388910807189e-01 7.713446105140407960e-01 7.901655770026467795e-01 7.846536861778931060e-01 7.914591790854523801e-01 7.872807101912251415e-01 7.858581986034905986e-01 7.733067686387503636e-01 7.806765191363691514e-01 7.845403947198238415e-01 8.005251640417957448e-01 7.833922012879874774e-01 7.779773867053101366e-01 7.829566190819955418e-01 7.889087332644738604e-01 7.870978824368010107e-01 7.893213220614081482e-01 7.970730711763390763e-01 7.846127451131890140e-01 7.853939254126274250e-01 7.829273215221677074e-01 7.863330867240325706e-01 7.758521005711530583e-01 7.876907223244230538e-01 7.536422775955885500e-01 7.631108458141675488e-01 7.645499565067122028e-01 7.825403505236919743e-01 7.744067311867849357e-01 7.698558477795802713e-01 7.704400949697950418e-01 7.780796805808217753e-01 7.735729154158020870e-01 7.775244255660372916e-01 7.777286407706703875e-01 7.872900801394471237e-01 7.901475677298723799e-01 7.839024647973681370e-01 7.806894361902505519e-01 7.833202175648684706e-01 7.881891651682099154e-01 7.826938995337129334e-01 7.832370590609569749e-01 7.798250369119268388e-01
1.022938916960243888e-01 1.109951044836714057e-01 4.800517168055362660e-01 6.043719679183918725e-01 4.330696941784867859e-01 5.584550713353244600e-01 7.090242732938080161e-01 6.527887629660412694e-01 7.769631248642134835e-01 6.867907909896723284e-01 1.000000000000000000e+00 8.638429432917826833e-01 7.444071817622783804e-01 7.252221820940868424e-01 8.386108917640422433e-01 8.123496200692994496e-01 7.821792604835096085e-01 6.670959850445731254e-01 7.318671841576425141e-01 5.782855753501187079e-01 6.853971157072720199e-01 7.730402855811827623e-01 7.373586006187573538e-01 6.999692592428972127e-01 7.699565456747177183e-01 8.470416287609827677e-01 8.415678936265130750e-01 8.219933847429158336e-01 7.729635743277701865e-01 8.221496263440015717e-01 8.613940668379010956e-01 8.211477440044480103e-01 7.755791044929991607e-01 7.956221772870892828e-01 7.811230064019003549e-01 8.136648466679908820e-01 8.383158021706805796e-01 8.148373274283091661e-01 8.557151480552359635e-01 8.136479920285163425e-01 8.581087416463294426e-01 8.510419401388362726e-01 8.503234810844799707e-01 8.701313919302093858e-01 8.719055645779978381e-01 8.640735443657314718e-01 8.450081165790285231e-01 8.430065981090618665e-01 8.391218247842356925e-01 8.350679713099872226e-01 8.480818148347186725e-01 8.360604087459103662e-01 8.554194217872471695e-01 8.402448887226987573e-01 8.340561125271140908e-01 8.397074671152835457e-01 8.497533334135635164e-01 8.459349471245891650e-01 8.424324928216243569e-01 8.550653567928258036e-01 8.521014918050437981e-01 8.460492705552326020e-01 8.442184456881803856e-01 8.589173641413987426e-01 8.620000053544870644e-01 8.573482973732334811e-01 8.471846646505239997e-01 8.613422243142477841e-01 8.571564761134478072e-01 8.370271790999427308e-01 8.657501152291128266e-01 8.686250829533906925e-01 8.508193074457545135e-01 8.623185858731277076e-01 8.731602653313429441e-01 8.780225339148914898e-01 8.618988751546521332e-01 8.617115445386379635e-01 8.758933925224069439e-01 8.623261497335947823e-01 8.629813979828718784e-01 8.696534123812863504e-01 8.594761086502739067e-01 8.487023283867157764e-01 8.405526427911761411e-01 8.476798395221516458e-01 8.562463835095666109e-01 8.409774674848433662e-01 8.587026012032471511e-01 8.502921898862320083e-01 8.475179102182532898e-01 8.544496844789519763e-01 8.664736498053562386e-01 8.600859913269679469e-01 8.397217932619687186e-01 8.427326923990450247e-01 8.304207788745612273e-01 8.404911053734182014e-01 8.465121632196361823e-01 8.484810524671222431e-01 8.544782445539219617e-01 8.432990614738899993e-01 8.485359665447962385e-01 8.551269316569566348e-01 8.552935741998131114e-01 8.422299985494100527e-01 8.455181418842898644e-01 8.443218198131920982e-01 8.495647227983260663e-01 8.482235550681019864e-01 8.452641636641108347e-01 8.445406841599001346e-01 8.452639983207116403e-01 8.505236620189616792e-01 8.615382850760350264e-01 8.516445931523094481e-01
6.565979961656971675e-02 1.027459857622827072e-01 4.515387554046826346e-01 6.400571911073895670e-01 4.444352754524864002e-01 5.814085134038072811e-01 7.538576474807816563e-01 6.926917777862080516e-01 7.785284096982543200e-01 7.084170624350971668e-01 8.638429432917826833e-01 1.000000000000000000e+00 7.560303802151239205e-01 7.571010035515213232e-01 8.816761993326336366e-01 8.463389351677809147e-01 7.932551129638202303e-01 6.323319432589701306e-01 7.115208717171502828e-01 5.992332270314565390e-01 6.730492478772244214e-01 7.728030770648147696e-01 7.307452112274828160e-01 7.117312283568552056e-01 7.836210066300518529e-01 8.590086857255626596e-01 8.521810326990877371e-01 8.412130182749134599e-01 7.664312196600376881e-01 8.480430406142037691e-01 8.846185743229336707e-01 8.512496047259119347e-01 8.011353053298555515e-01 8.348561109865165752e-01 8.032987297597359300e-01 8.610079152586755935e-01 8.774388430695105878e-01 8.587772873579010424e-01 8.866759227978042723e-01 8.645262203527590561e-01 9.015746088201466168e-01 8.972151390689101502e-01 8.999474443932878875e-01 9.125925860899499753e-01 9.087037427914652632e-01 9.007304708679293448e-01 8.920567679389558302e-01 8.823315166470157012e-01 8.796545488832857584e-01 8.777129677402092378e-01 8.898081865407380109e-01 8.832304263023699198e-01 8.982747012615698301e-01 8.726811763544196632e-01 8.570571079789827129e-01 8.683348299251759661e-01 8.793550263491679564e-01 8.883655513160095829e-01 8.800063752846677412e-01 8.969057413303238580e-01 9.005935994844885828e-01 8.813004247899528520e-01 8.830310443970609269e-01 8.918008969249207052e-01 8.979573677425221057e-01 8.958321229956689447e-01 8.857986369110154579e-01 8.876530698288233046e-01 8.872090247885289216e-01 8.726666177594752938e-01 8.984383759575748085e-01 8.995522156089628130e-01 8.836846492300366451e-01 8.989532274687204172e-01 9.102615019232586091e-01 9.128003108356683715e-01 9.021091064693085304e-01 8.891825852400059294e-01 9.123632357958907368e-01 8.994545557655597712e-01 9.030554851417417206e-01 9.092435680346826476e-01 8.926125826855944023e-01 8.837216296077171629e-01 8.848777960562335121e-01 8.907828039574290369e-01 9.038477040964649767e-01 8.885939869876551267e-01 9.013345465747540919e-01 8.864489086571392118e-01 8.952113075134110476e-01 9.017748253088884169e-01 9.099851254095087105e-01 9.035490325401518419e-01 8.869162076750267687e-01 8.865532173861812026e-01 8.848118342676228876e-01 8.859174314781383952e-01 8.948248578391003738e-01 8.942466380822590155e-01 9.032189535827719329e-01 8.915033782952256347e-01 8.980525029372129486e-01 9.025706215313361591e-01 9.045675476931774872e-01 8.859186576526113521e-01 8.902781306027331976e-01 8.864686070978453625e-01 8.888441153796645677e-01 8.921258166075424212e-01 8.897997360277576373e-01 8.901275693428531977e-01 8.899486530248402749e-01 8.933804874951932762e-01 9.009854402781903859e-01 8.969814867225474053e-01
1.485227455932235652e-01 1.062894880826788513e-01 3.735130644670753841e-01 5.091998168772771116e-01 5.064520503587630618e-01 5.102377931760474494e-01 7.056132630206677359e-01 7.001390463773833339e-01 7.296169893226832626e-01 6.609001253168791390e-01 7.444071817622783804e-01 7.560303802151239205e-01 1.000000000000000000e+00 6.812432879727217117e-01 8.108937376333221758e-01 8.093114080586544246e-01 7.325896416411781242e-01 6.154754835260025647e-01 6.686083102629214459e-01 5.385302458407215109e-01 6.197527580134776226e-01 7.205026826956433261e-01 6.775372564770082429e-01 6.545414109792387913e-01 7.155631214334670087e-01 7.849427558302031205e-01 7.649385124408407677e-01 7.450503489553448322e-01 6.886147319057851490e-01 7.359441866685553224e-01 7.732617325614659087e-01 7.704440631942091056e-01 7.172665027781361946e-01 7.599755440683492180e-01 7.227951118327332614e-01 7.723308963245120173e-01 7.695488603340469025e-01 7.706075904469070759e-01 7.982236661999049243e-01 7.577395583131016910e-01 8.070218710776687621e-01 8.028381593936512184e-01 8.030994804724290725e-01 8.157934651189844288e-01 8.138827972360417329e-01 7.990944986125338989e-01 7.932911287352546470e-01 7.963486312111430765e-01 7.930549249599834205e-01 7.848413197485583082e-01 8.056030859651212017e-01 7.761926431433219253e-01 8.044872330485473011e-01 7.974849079948286290e-01 7.854687997247568054e-01 7.886682923775488741e-01 7.960060794645754667e-01 7.981530164034665864e-01 7.992293695640397821e-01 8.083372196182306846e-01 8.066059463175426769e-01 7.974225943838803010e-01 7.935401633106465846e-01 8.069702672531575693e-01 8.066821780429674904e-01 8.059220845512199416e-01 8.017454507286648768e-01 8.083903909774186047e-01 8.024693620701036645e-01 7.816045761135975711e-01 8.044154287253976188e-01 8.157891671819375023e-01 8.020220508568014495e-01 8.063606588658933649e-01 8.137847712470642758e-01 8.123677876875742276e-01 8.004808465882577995e-01 7.940536980882704210e-01 8.112365724857938387e-01 7.987707951777536231e-01 8.012568021666698348e-01 8.054937874568323108e-01 8.104349255738230173e-01 7.905468833960799246e-01 7.944977707865159555e-01 8.006384163350378502e-01 8.042631747972706080e-01 7.941732792001234831e-01 8.037572066840389384e-01 7.999049023078473875e-01 7.971934809356860940e-01 8.027843153979339341e-01 8.085887158969103927e-01 8.049570479630414610e-01 7.904487527787729118e-01 7.948842861700065043e-01 7.884303168674233753e-01 7.960331542204602817e-01 7.972068987842179100e-01 8.015612004109455846e-01 8.068249119092334443e-01 7.951074280831472718e-01 7.996787470820465593e-01 8.047299214897786213e-01 8.045626835798909138e-01 7.968136411718240719e-01 7.978487421219875309e-01 7.932400538091545217e-01 7.984262686464439485e-01 7.975413357415046534e-01 7.946436459431487354e-01 7.962623937670201268e-01 7.962086141879393120e-01 8.016458331750161426e-01 8.051120555278926672e-01 7.989261174463321291e-01
