1.000000000000000000e+00 2.130448829973301539e-01 6.698877704887581941e-02 1.342161807182104261e-01 6.409798432066127205e-02 -1.552112519235462592e-03 6.868348216786679394e-02 1.378084548106883744e-01 1.478700631440191537e-01 7.044567434962786812e-02 2.324194047529475754e-02 7.794868847236581522e-02 5.193068691344895904e-02 5.781950196369928241e-03 4.329288809988608017e-02 9.049383429891474928e-02 9.738818579879413018e-02 1.576237625441860857e-01 1.073058298552421325e-01 7.360400786783068139e-02 1.721838927789535456e-01 1.898928693597969619e-01 1.765860860356480710e-01 1.207516369555760721e-01 1.444304225091034843e-01 2.006752805967425834e-01 1.473758233242036531e-01 1.559204114388056395e-01 1.764600505271819719e-01 1.829331438622438799e-01 1.160465303157164341e-01 9.582651031793963659e-02 1.363145098089659779e-01 1.017560610615041716e-01 1.168171715709461767e-01 9.930872560663338289e-02 1.012527937951251122e-01 1.249616727468434718e-01 1.235956639155559450e-01 6.435761163516649785e-02 6.894375148808190579e-02 7.745054417569390004e-02 7.876364325891260787e-02 8.335258544254110780e-02 6.065317444370856015e-02 7.638465034188381131e-02 4.241795762119419250e-02 3.474006286188266457e-02 7.833230857437817329e-02 1.058699572933691352e-01 1.030423630955456249e-01 9.123946750098312075e-02 6.756363567215437071e-02 8.771350414742716539e-02 8.984175781771785996e-02 9.031056464017281349e-02 1.177718439675757983e-01 5.603233305579015389e-02 8.843951090279171534e-02 7.485285426041861367e-02 6.202634847287342990e-02 8.642975641427375066e-02 8.128218511991798512e-02 9.984799237120782489e-02 9.325266534869768031e-02 7.699853861904966401e-02 2.436376805621911362e-02 3.549856043414689744e-02 5.660813021392403083e-02 4.776776881482280857e-02 5.640743273335597358e-02 4.595103927605961175e-02 4.846576605808068650e-02 6.192206087671614512e-02 6.601065153085132475e-02 4.808407664928999320e-02 5.430358063012939024e-02 6.594251737759021514e-02 6.896298680941416459e-02 8.027979170689458766e-02 6.690584030480778432e-02 4.833145930660390915e-02 7.055152866239298992e-02 5.972531839729942199e-02 5.122164293347903491e-02 4.841476805713198356e-02 4.030789947766111325e-02 4.843541904404838339e-02 5.407419643095476985e-02 6.430506816739403608e-02 4.505757683952611725e-02 2.892831013621941644e-02 3.818540490018907524e-02 3.695235954412049578e-02 1.302349448762140684e-02 2.003145564854633826e-02 3.057731335364478192e-02 6.509659329315212184e-02 3.020046688696911841e-02 4.544283773760918882e-02 3.073954870317636631e-02 3.574297789791735375e-02 3.029018842645173765e-02 3.556326284331519372e-02 4.049865234914663825e-02 4.726024365589995280e-02 4.240313921054988250e-02 3.237888361761113998e-02 4.667043628802391986e-02 3.671367751814751113e-02 3.285179219258926170e-02 3.326806114847833534e-02 3.957881775124872520e-02 4.906599604702119310e-02 4.242137304191589270e-02 4.024399382684505644e-02
2.130448829973301539e-01 1.000000000000000000e+00 1.029789171195439473e-01 1.608346317032995632e-01 7.864849618931349373e-02 9.875825412602880216e-02 1.437326096830131017e-01 1.863613521670362816e-01 2.259479289153073223e-01 1.859938247454427096e-01 1.523595470094311344e-01 1.832508907453024583e-01 1.483599802197904105e-01 1.002149349733273132e-01 1.604410404403613377e-01 1.795156521788890125e-01 1.902559356261900314e-01 2.356744788007535119e-01 1.942350996827792997e-01 1.441393027035139107e-01 2.107946095421081578e-01 2.365419542954766419e-01 2.411120433972366861e-01 2.125157093040135059e-01 2.253094057769172154e-01 2.522080464891348628e-01 2.272183165216695722e-01 2.319382054725056541e-01 2.534626283161722782e-01 2.314708868335339786e-01 1.843120761459191570e-01 2.049050920318956637e-01 2.046587613900189007e-01 2.060920941117142802e-01 1.960810725404315835e-01 1.851334290701292240e-01 1.775858689738464558e-01 2.252115127323651156e-01 2.036338707373654411e-01 1.725170544342892742e-01 1.884658767243190258e-01 1.891099261856442892e-01 1.856216328013613470e-01 1.816878121126499490e-01 1.814473126535066094e-01 1.854144204133899854e-01 1.698654682867771493e-01 1.726652986330445283e-01 1.904264476816986407e-01 1.945646339569243599e-01 2.021213792495918371e-01 1.732216043822825402e-01 1.809359961745788670e-01 2.118222638891167631e-01 2.112844239807254443e-01 2.072939880562588433e-01 2.161383493533403088e-01 1.724105857761216720e-01 1.985877623796063196e-01 1.878248685232950521e-01 1.830830228109363300e-01 2.025418058696356882e-01 2.033411491474056698e-01 1.992509068035464570e-01 1.878732479158943258e-01 1.856346434274347701e-01 1.641493538869321089e-01 1.703000252330142128e-01 1.829441998435248906e-01 1.735053797355549376e-01 1.781424871367486007e-01 1.725069649550683148e-01 1.824387942276801955e-01 1.831482221912779651e-01 1.852256945799070353e-01 1.751013405927727695e-01 1.790790776519942396e-01 1.948468134730703405e-01 1.959922858452442240e-01 1.963085966333665000e-01 1.766178702896347430e-01 1.698831347800618674e-01 1.826877551126823429e-01 1.823564259642651841e-01 1.758596547511812047e-01 1.783695259575916459e-01 1.649946627553156020e-01 1.773522797809106155e-01 1.782374147483568316e-01 1.862841758234393408e-01 1.687309230020491713e-01 1.612509127386587138e-01 1.643063477596775068e-01 1.683438777560748723e-01 1.525196274262242691e-01 1.621309501459833602e-01 1.651501124882643612e-01 1.802389947582676843e-01 1.676838887894837316e-01 1.707299492937187357e-01 1.633240553945390638e-01 1.709382787576383123e-01 1.610403505967676896e-01 1.634010520298721236e-01 1.664096663343291593e-01 1.742916693427572494e-01 1.710801700947851556e-01 1.715976835757230812e-01 1.812646542084890011e-01 1.697261684283944416e-01 1.683239250714449464e-01 1.658513414396723951e-01 1.714942975895338839e-01 1.756360926092842834e-01 1.662398837843187538e-01 1.664134416164762820e-01
6.698877704887581941e-02 1.029789171195439473e-01 1.000000000000000000e+00 3.609759150474641798e-01 2.241509684252477597e-01 2.366941670659937769e-01 3.890677699777572163e-01 3.668477848734711944e-01 3.746179369640894041e-01 3.251622010782019290e-01 3.658526580143429685e-01 3.986869777444119189e-01 3.410076402335847634e-01 2.624753821980430057e-01 3.945615292976518695e-01 4.018345039381194250e-01 3.671183310209842898e-01 3.886730339778191046e-01 3.802726718953911011e-01 2.887546736675682402e-01 3.737521985826807724e-01 3.910140108358563515e-01 4.011721984819104914e-01 3.844610129445075741e-01 3.900612391341877760e-01 3.860288907915254697e-01 3.920359462759472891e-01 4.067086689380337572e-01 3.671802954859985646e-01 3.982058181231135086e-01 4.217961443865113624e-01 4.134588143719854503e-01 4.070010945248199730e-01 4.048873880361743560e-01 3.974528198151487390e-01 3.880768364253164848e-01 4.194211772381061798e-01 4.093380800386213769e-01 4.146469785831144450e-01 4.021647785456665680e-01 3.988634751020143643e-01 4.069453709568560118e-01 4.007397553174417704e-01 4.155783021102880115e-01 4.029495792640681584e-01 4.122651476660196823e-01 3.951996121593193134e-01 3.953052332244861300e-01 3.993362342650059182e-01 3.977661121319983062e-01 4.126309071902451442e-01 4.054127758705301510e-01 3.965039097946397861e-01 3.967250491418360947e-01 3.950551879985699233e-01 4.067180376308904277e-01 3.962447121971356956e-01 3.994065496552025030e-01 4.062582434316161506e-01 3.975081347810822674e-01 3.979394246556420822e-01 4.010930397575277473e-01 3.990994241884231464e-01 4.020542652889526614e-01 4.024171491241637644e-01 3.953694552414767638e-01 3.884501877101127487e-01 3.957235314074216137e-01 4.046461379685558080e-01 3.964896667455025669e-01 4.075907586103906244e-01 4.009514703997327234e-01 4.049110390759823042e-01 4.009145786266854472e-01 4.028862341050463147e-01 3.985698995704702319e-01 4.016024098561064015e-01 3.907043757509688908e-01 4.052270116085740503e-01 4.034951476238511914e-01 4.053481969677140140e-01 4.121311864745242359e-01 4.076228156155676241e-01 3.978136269746774256e-01 3.973891729733601830e-01 4.021103122950528408e-01 3.990027772375582260e-01 4.033909554501486361e-01 4.029822153255753769e-01 3.999206253690034685e-01 4.111622605323962953e-01 3.997258504860281003e-01 3.998081956679682691e-01 4.034905342615387469e-01 3.878226274271430740e-01 3.895042129195679936e-01 3.929625223994708261e-01 3.926312078143208151e-01 3.893656854706566417e-01 3.986678934352468340e-01 3.957203524724577925e-01 3.942342452604993275e-01 3.936904551033842403e-01 4.005867041660756134e-01 3.960186323825444776e-01 3.896461561145826424e-01 3.923817242392638183e-01 3.896555627459671323e-01 3.924430788138301152e-01 3.924887671630293284e-01 3.947892877306183324e-01 3.917114553783473396e-01 3.920037499633777234e-01 3.929268904677161722e-01 3.969549764247994328e-01 3.904805267480120357e-01
1.342161807182104261e-01 1.608346317032995632e-01 3.609759150474641798e-01 1.000000000000000000e+00 3.834854762550067298e-01 3.567663364832516781e-01 5.606162196155020094e-01 5.876165752431093958e-01 5.514389752626973618e-01 4.666290722605428987e-01 5.546093813579702214e-01 6.501186210236313823e-01 5.236476092861176435e-01 4.004467476531565762e-01 5.711181001372270805e-01 6.340014172070078668e-01 5.468072024303713974e-01 6.006238946123301226e-01 5.260696127796250510e-01 5.997780897622674301e-01 6.452448257906411300e-01 6.200943975483061976e-01 5.950609819447224558e-01 5.934751100791224587e-01 5.902391901930142959e-01 5.882341996246167604e-01 5.963146262480364390e-01 6.114857025405571189e-01 5.820477440261678792e-01 6.126380889657349060e-01 6.506986363622579983e-01 6.171971492380998736e-01 5.946110592182306531e-01 6.150379200432342097e-01 5.708444904112263130e-01 6.500406127045336158e-01 6.438008602946121428e-01 6.389075222095760287e-01 6.546490386166510245e-01 6.232271353396654501e-01 6.006004381959039184e-01 6.022585264560702534e-01 6.632169048055359672e-01 6.216053018958490606e-01 6.212474141420253337e-01 6.350210261342238427e-01 5.667290594594682762e-01 5.668724388809371906e-01 5.951661542097256286e-01 6.327212073805130732e-01 6.384583278361751768e-01 6.464618145722501596e-01 6.104368388466152595e-01 5.875862146825796550e-01 5.886871875512362795e-01 6.035395043841307317e-01 6.225905082345108976e-01 5.845134982464322837e-01 6.103403776179022744e-01 5.909006668918477256e-01 6.164498020273956325e-01 6.187634024872297189e-01 6.249125067101320985e-01 6.270012034490809461e-01 6.068197629783360636e-01 6.137911258239218126e-01 5.567076419976312307e-01 5.627239310635892000e-01 6.021424778824910895e-01 6.333457918983508295e-01 6.090423652441533386e-01 5.690694839703926977e-01 6.078648096220793384e-01 6.049342085054363327e-01 5.910446634328511140e-01 5.809835422290752227e-01 5.799610146629041729e-01 5.783814315319685262e-01 6.065307118685326904e-01 5.995525423774044071e-01 6.070381864271089389e-01 6.096341939267063692e-01 6.126001501622041490e-01 5.926204817818675474e-01 6.174673949269841033e-01 5.953262287319821544e-01 6.034857105007358502e-01 6.005372740333172477e-01 6.054995740295366913e-01 5.941763324239370814e-01 6.119815722293876492e-01 5.802897618398522583e-01 5.981219708472363950e-01 5.926231559927738202e-01 5.566463538800722199e-01 5.587661585465539815e-01 6.121240735466453309e-01 6.092529251228178122e-01 5.940577711423485896e-01 6.027805406927212450e-01 6.128059989488509052e-01 5.979672469653702915e-01 5.847060861584353342e-01 5.921835854901535967e-01 6.048561035737783920e-01 5.900433961241343672e-01 5.865178177894562195e-01 5.646335981055571329e-01 5.714895129553444475e-01 5.743229273885539499e-01 5.839789873001717257e-01 5.711004614762528186e-01 5.925867745759719751e-01 6.026788389751387420e-01 5.800796808297383755e-01 5.872369494595419681e-01
6.409798432066127205e-02 7.864849618931349373e-02 2.241509684252477597e-01 3.834854762550067298e-01 1.000000000000000000e+00 2.979059749168169735e-01 5.048831351070455220e-01 4.916190623648701852e-01 4.496872897755709308e-01 4.126174145861846720e-01 4.455513302193202518e-01 4.911179517517070825e-01 4.474627030434764619e-01 3.570482898366739155e-01 5.071611982850230405e-01 5.183306351158621927e-01 4.494469526724211850e-01 4.249802353619534512e-01 4.401633659200814286e-01 3.735907220420852659e-01 4.285846406097905126e-01 4.560976966619669226e-01 4.531278238318439677e-01 4.106135695979843958e-01 4.365021770192079043e-01 4.854742178165828981e-01 4.843310118199197212e-01 4.979537566800874004e-01 4.310572432310103008e-01 4.568841835748035929e-01 5.010121705099233047e-01 5.013664528864242298e-01 4.952226496265590971e-01 4.745736309347133308e-01 4.802804412338433360e-01 4.766489774225191600e-01 5.075159046848821687e-01 5.123670702635814145e-01 5.160344315069126386e-01 5.182774132761276409e-01 5.053733867275042035e-01 5.141377922858096916e-01 4.962719929127884511e-01 5.190744264805977615e-01 5.048365800940396442e-01 5.162133377335499373e-01 4.900302687756876718e-01 4.954039687852230811e-01 5.010452209287620251e-01 4.971658872630125292e-01 5.109442080367309069e-01 5.056472573659379632e-01 4.974001114499947418e-01 4.975430030286119298e-01 5.017031055930238903e-01 5.055255451022034885e-01 4.987253121281366997e-01 5.021359927211016538e-01 5.083808130130056391e-01 4.982378179040703459e-01 4.918837737267423016e-01 5.052214864715737219e-01 5.015374718436499402e-01 4.942128848346487024e-01 5.045729645239500627e-01 4.980155355226962843e-01 4.846016072499120808e-01 4.894474732441522202e-01 4.983695040683047139e-01 4.916856719611459314e-01 4.951346896780211559e-01 4.919552736013313998e-01 4.807291658059539285e-01 4.819161338678507045e-01 5.042769569525119566e-01 4.970306071493725830e-01 4.977627029240891954e-01 4.831669005274281115e-01 4.956860726864776301e-01 4.947084034421055931e-01 4.969073991243888599e-01 5.028165970945303043e-01 5.060722943203607160e-01 5.003560149652729327e-01 5.012630378954796573e-01 4.889197281918191140e-01 4.959804811889096388e-01 5.111691023693915037e-01 5.060857008445163174e-01 5.044610983412003424e-01 5.121669090735353480e-01 5.020513752579152111e-01 5.034833849309366949e-01 5.060597840106579870e-01 4.861105585225318770e-01 4.928726353817520778e-01 5.031013654942518842e-01 4.938515762743020954e-01 4.939406331257899518e-01 5.052251477974890603e-01 5.043383254913423874e-01 5.027881639560567439e-01 4.966547276362315855e-01 5.083301346490300965e-01 4.971999335809891840e-01 4.989384122838541602e-01 4.970472994538743805e-01 4.918911782602829463e-01 4.960364251675047909e-01 4.980379415640601715e-01 5.048597435984313320e-01 4.970728374087619028e-01 5.015114550278927386e-01 4.956827180099577790e-01 4.939278082473910758e-01 4.929958602805655787e-01
-1.552112519235462592e-03 9.875825412602880216e-02 2.366941670659937769e-01 3.567663364832516781e-01 2.979059749168169735e-01 1.000000000000000000e+00 4.794190665767373294e-01 4.128526883732892006e-01 4.887564551105044730e-01 4.445206773843591863e-01 4.934214306640919978e-01 5.206779743781444481e-01 4.795117885011150327e-01 4.043570575695258906e-01 5.359670351490453122e-01 5.101792343216418057e-01 4.923529327103355335e-01 4.434744277967602732e-01 4.735684581413640570e-01 3.484693414835287606e-01 4.146439841699996465e-01 4.708135687523264945e-01 4.486302528071763884e-01 4.331943567877412637e-01 4.547624064538169364e-01 4.755828524893281339e-01 4.980058414106208753e-01 4.948196541152524719e-01 4.585802646682453076e-01 4.698026718445812433e-01 5.387939150260724341e-01 5.345544126708161592e-01 5.008398044111693759e-01 5.090153106941579519e-01 5.236651876633610092e-01 4.871916078228067937e-01 5.382762555329740906e-01 5.155537839316669535e-01 5.273614152840570002e-01 5.283985840833088643e-01 5.529951437368297862e-01 5.468190139519191195e-01 5.095999697217048485e-01 5.435262296855979391e-01 5.542856010186081317e-01 5.495032326164189795e-01 5.665594652259197117e-01 5.616964355076108362e-01 5.525356722739774851e-01 5.090076867739473654e-01 5.386893847401943436e-01 5.139036753750004793e-01 5.482425467089068194e-01 5.504243003130089296e-01 5.467192246191037164e-01 5.426991927176081365e-01 5.376145027350953676e-01 5.547848365242891155e-01 5.524236878468855583e-01 5.612317008078703262e-01 5.461466440096299779e-01 5.510545411549083727e-01 5.429297430848777362e-01 5.373452395902563739e-01 5.483191944200326295e-01 5.576504663859450650e-01 5.614038657033518787e-01 5.559911245070038310e-01 5.514560948658977502e-01 5.466976620740069404e-01 5.576670424888292565e-01 5.561161533745356822e-01 5.440572027939615252e-01 5.455231624294565318e-01 5.631683817173540607e-01 5.678755488674759322e-01 5.610485767000523705e-01 5.470091255391527074e-01 5.511823452043166371e-01 5.509185524736406325e-01 5.626280092518679554e-01 5.683243147415858454e-01 5.567011344081675972e-01 5.548744512941045093e-01 5.519672741868476562e-01 5.533853892438059807e-01 5.683856638899966729e-01 5.602713140239394818e-01 5.615590746206347017e-01 5.535624303928332601e-01 5.634088323706784029e-01 5.687124677697381614e-01 5.670094748905298854e-01 5.634684355742820561e-01 5.687386936915409530e-01 5.682532456101190288e-01 5.515073360256801394e-01 5.499684767895473003e-01 5.581322592385932202e-01 5.609412852265488469e-01 5.584021529987120980e-01 5.620879223453013607e-01 5.631260864195906102e-01 5.645703139601939702e-01 5.572324870250950912e-01 5.604241827560230149e-01 5.614885754148218888e-01 5.671512236731757195e-01 5.605738286830529438e-01 5.643862219440346495e-01 5.637185742045186521e-01 5.657452310713865229e-01 5.667602361176504733e-01 5.573547770482304431e-01 5.630810761341810133e-01 5.648762156967045422e-01
6.868348216786679394e-02 1.437326096830131017e-01 3.890677699777572163e-01 5.606162196155020094e-01 5.048831351070455220e-01 4.794190665767373294e-01 1.000000000000000000e+00 7.486395074992927556e-01 7.450805211552955498e-01 6.582581048357541986e-01 7.526350514418564952e-01 7.967944711632611865e-01 7.257822149922767974e-01 5.537153304853040803e-01 8.293497254285479015e-01 8.272137180186746042e-01 7.314698116194585653e-01 7.254225016429300954e-01 7.633315464314164300e-01 5.920377740847510006e-01 7.137088023073825394e-01 7.741849607589718074e-01 7.474729087026535934e-01 7.291467828987173716e-01 7.495530552939169144e-01 7.937621351974807338e-01 7.931886445291217447e-01 8.086658038271680171e-01 7.267278221161594942e-01 7.625392035893138187e-01 8.167181712066822197e-01 8.225164416165519077e-01 8.102852477228035255e-01 8.002997310143351584e-01 7.782279776322288400e-01 7.722213818055870815e-01 8.069249793410980809e-01 8.348502696319620719e-01 8.324635525305220662e-01 8.343507806019306861e-01 8.265599146665278951e-01 8.359857552285299143e-01 8.077853149065752358e-01 8.454610273112452834e-01 8.197580631306756738e-01 8.423291655758270435e-01 8.037221739011917165e-01 8.107425615817808184e-01 8.208677828546051547e-01 8.136515839343838596e-01 8.318521666891713906e-01 8.156482612200104398e-01 8.015198821653887196e-01 8.123452651562960147e-01 8.185763740900048324e-01 8.274949007384894140e-01 8.093147582239820226e-01 8.204854054617605197e-01 8.286272492686266311e-01 8.145019657690717452e-01 8.114095909062858381e-01 8.191595955668509177e-01 8.219999877130175214e-01 8.110914081412486931e-01 8.123504823189688917e-01 8.000960092831701509e-01 7.986316568550020367e-01 8.120748554495824667e-01 8.201520243518105602e-01 8.054131260759590516e-01 8.192040795236543715e-01 8.122916438020695296e-01 8.085087252956669746e-01 8.066803785195183485e-01 8.273317922814529268e-01 8.124545478560931677e-01 8.189451882960877560e-01 7.998567496415223133e-01 8.182021232102889563e-01 8.146897913679743697e-01 8.097008081027846638e-01 8.226927109653505710e-01 8.225239196793222574e-01 8.197257078455032486e-01 8.138059102934038780e-01 8.089029239862189913e-01 8.069282283351378871e-01 8.318150615963691985e-01 8.240192545526064949e-01 8.264351768915293439e-01 8.339920966406454417e-01 8.192328511633875099e-01 8.182575268099536725e-01 8.266178234552518100e-01 7.988671123269563967e-01 8.065640093619839135e-01 8.166698349004901658e-01 8.026633280707468066e-01 8.073801947705717685e-01 8.216145109602587260e-01 8.168956909718585457e-01 8.189661663752990650e-01 8.015678153973980757e-01 8.289023297350742725e-01 8.102078917942221459e-01 8.110523173875139324e-01 8.136288618124044580e-01 8.053063148635551949e-01 8.162344568217109186e-01 8.172087648743379118e-01 8.264393779826001429e-01 8.130554577323961807e-01 8.160916530570041516e-01 8.109174895426676244e-01 8.067391316176684146e-01 8.022837263465862900e-01
1.378084548106883744e-01 1.863613521670362816e-01 3.668477848734711944e-01 5.876165752431093958e-01 4.916190623648701852e-01 4.128526883732892006e-01 7.486395074992927556e-01 1.000000000000000000e+00 7.339894747154743770e-01 6.361683177348822493e-01 7.307862834630293181e-01 7.840867958994778286e-01 6.888936694948747386e-01 4.965804438542194554e-01 7.751794355823199423e-01 8.113755247053375808e-01 7.242056679859409929e-01 7.284445837862433271e-01 7.212297689390764210e-01 6.609810640215253441e-01 7.320009188950499235e-01 7.728098215221296252e-01 7.508892589564657438e-01 7.193276625680002923e-01 7.294343855740059723e-01 8.052413186537301648e-01 7.881739618497050071e-01 8.123956634283726608e-01 7.423073545255228778e-01 7.674671376351362984e-01 7.904628525224878244e-01 8.053794184011021651e-01 8.036692700190329886e-01 7.837226877713382445e-01 7.498489918801354293e-01 7.785962940004116373e-01 7.891382600379188705e-01 8.308325921830551630e-01 8.235168126263566757e-01 8.224575936351240513e-01 7.996658977640729304e-01 8.046739156781880231e-01 8.076376078397955460e-01 8.141618019113374682e-01 7.900399603679186811e-01 8.127151559036210893e-01 7.566951945151422221e-01 7.618255837319731771e-01 7.878115628239157342e-01 8.039196466583401479e-01 8.147080770513093206e-01 8.049668449934974657e-01 7.756089683644720179e-01 7.826144747836512039e-01 7.906229143406883209e-01 8.038376639424802406e-01 7.990581950202853001e-01 7.858199431830059645e-01 8.020323835053090322e-01 7.698636428331732118e-01 7.866331875387896355e-01 7.955395057686625027e-01 8.096664886819631146e-01 7.932354680490925070e-01 7.852895758405789017e-01 7.745956783970969761e-01 7.406453196153722773e-01 7.592355660052569899e-01 7.853185007487029079e-01 7.835193358635176297e-01 7.710249662883554844e-01 7.620730016179242394e-01 7.676968322384191135e-01 7.637366178336526534e-01 7.839015140966962836e-01 7.605965955480327167e-01 7.734137910512003389e-01 7.633374145842377612e-01 7.827018615731240470e-01 7.785766187395987137e-01 7.715656792361913485e-01 7.773178902169163296e-01 7.892904941840463984e-01 7.799359150730951207e-01 7.800107015386561482e-01 7.665414421497762643e-01 7.602938663299818600e-01 7.917700759607864125e-01 7.825751731217411855e-01 7.917603705307492135e-01 7.958699059396776576e-01 7.654316202743085551e-01 7.723555257374490335e-01 7.792053696768652671e-01 7.385848238707803937e-01 7.495555708986966215e-01 7.834273312138121392e-01 7.728484089140393865e-01 7.702392493593168687e-01 7.815822578962653422e-01 7.802487006511040768e-01 7.827416640215106858e-01 7.536709820831130058e-01 7.835720068158724683e-01 7.712169312829398882e-01 7.751258153996420930e-01 7.691287025972619595e-01 7.520074124338158583e-01 7.720288905906864674e-01 7.694511066626910090e-01 7.816736657905977159e-01 7.608843122526925962e-01 7.765900411011079640e-01 7.743687872020722507e-01 7.587886039170220753e-01 7.579657493525056022e-01
1.478700631440191537e-01 2.259479289153073223e-01 3.746179369640894041e-01 5.514389752626973618e-01 4.496872897755709308e-01 4.887564551105044730e-01 7.450805211552955498e-01 7.339894747154743770e-01 1.000000000000000000e+00 7.276698754719072015e-01 7.916490604752038918e-01 8.344089856829588481e-01 7.800135284044694695e-01 5.873104457626246999e-01 8.497506814259794261e-01 8.457893696612260870e-01 8.043437999500335778e-01 7.633617335629779843e-01 8.053574420760600816e-01 6.144687012104015356e-01 7.074145664515193443e-01 8.218484068278244514e-01 7.878768376492968351e-01 7.649320284727979535e-01 7.960757278126134873e-01 8.461761574200907798e-01 8.409790819903267822e-01 8.435780738187559358e-01 8.036766966996787831e-01 8.296244468652042015e-01 8.358235990478064537e-01 8.717430939777625065e-01 8.360433921123262557e-01 8.510655629923595811e-01 8.457253633000610948e-01 8.204495526518198467e-01 8.367126777323747877e-01 8.680607032630383024e-01 8.661966538021340645e-01 8.388436477798199009e-01 8.752514879252418778e-01 8.730375641584579016e-01 8.405220618542779132e-01 8.759501644533812525e-01 8.659725092751756614e-01 8.649109961600719432e-01 8.714323260443449515e-01 8.781321590533339716e-01 8.834166592466105028e-01 8.533616239443864160e-01 8.788847260426475572e-01 8.518543767689862323e-01 8.705604469473071649e-01 8.855734274626376745e-01 8.818645851281535775e-01 8.840315934508499174e-01 8.824254814116827550e-01 8.794037306205064741e-01 8.825448263116311143e-01 8.827431713933214796e-01 8.805190123963524407e-01 8.821435440724494370e-01 8.822996572703281082e-01 8.807545269147548650e-01 8.837406575167595646e-01 8.760123033273798931e-01 8.679268045831233236e-01 8.739318938199184261e-01 8.796290335066166977e-01 8.626999903988145091e-01 8.692156474940011535e-01 8.757612890614113743e-01 8.624479977139437592e-01 8.676678382325292427e-01 8.841534641952852880e-01 8.737984944726603365e-01 8.766459221897783261e-01 8.721777149239351434e-01 8.786431816182849186e-01 8.822019887718720588e-01 8.702982789176374467e-01 8.713541957533019744e-01 8.801324259783339654e-01 8.814702768995131832e-01 8.698852123825864258e-01 8.724929040478579534e-01 8.665505645242188582e-01 8.793807185807529514e-01 8.772010721548644252e-01 8.851290331312944293e-01 8.717392346682198978e-01 8.725607828051766823e-01 8.728421350882951124e-01 8.768793120030572430e-01 8.643214076647331989e-01 8.704316669352609726e-01 8.688078332833998330e-01 8.705826826752501857e-01 8.732619993361047106e-01 8.765938349195141477e-01 8.696757718151814087e-01 8.772591461206897812e-01 8.652509236698099349e-01 8.768331544769806252e-01 8.722069796016225229e-01 8.768098538161042121e-01 8.771439814337758101e-01 8.723689179742106781e-01 8.815105887918005534e-01 8.778992706508923494e-01 8.768250158344271794e-01 8.765774971475395194e-01 8.780460744553065799e-01 8.773187430358707628e-01 8.747088615401938938e-01 8.709323960404844467e-01
7.044567434962786812e-02 1.859938247454427096e-01 3.251622010782019290e-01 4.666290722605428987e-01 4.126174145861846720e-01 4.445206773843591863e-01 6.582581048357541986e-01 6.361683177348822493e-01 7.276698754719072015e-01 1.000000000000000000e+00 7.158576847566674450e-01 7.395975597117175893e-01 6.940066574023293633e-01 5.430298954845164117e-01 7.632561993589545013e-01 7.407379898894571602e-01 7.115523699515519107e-01 6.677428143877859323e-01 7.319480298231765270e-01 5.053855767516010067e-01 5.933139437704447738e-01 7.164061710517616310e-01 6.880521081769765956e-01 6.703610687969812076e-01 7.003645845934571845e-01 7.457366858668112997e-01 7.472668031133733457e-01 7.497077671671247279e-01 7.027772275644156297e-01 7.190427709310440729e-01 7.437193674511213271e-01 7.787959897601407500e-01 7.476201529647922284e-01 7.536952337889200049e-01 7.669291605276813417e-01 7.217725377107641060e-01 7.457655961851153981e-01 7.648901038367255101e-01 7.606644320012824201e-01 7.564258361552181897e-01 7.855241630634968164e-01 7.815792230588736178e-01 7.414417047614503264e-01 7.745352857747931363e-01 7.804799147266887616e-01 7.715795570553417582e-01 7.852192038720149370e-01 7.948545779454964100e-01 7.898605487381230583e-01 7.488969499325699442e-01 7.773385070876954739e-01 7.458366681736678938e-01 7.703610169269620167e-01 7.937122562474671073e-01 7.875937667915218210e-01 7.919029196302167506e-01 7.729064169458663702e-01 7.829625549536468609e-01 7.800769791117664331e-01 7.853734803287760746e-01 7.765836345862509038e-01 7.762973616409233335e-01 7.759375866947003653e-01 7.709276578599804086e-01 7.820647438993941769e-01 7.778270179590889288e-01 7.861856177497221765e-01 7.909800881941647654e-01 7.873698371214258307e-01 7.609607967502343140e-01 7.801226985678997305e-01 7.915273512413019130e-01 7.728128245566117105e-01 7.788541625429932225e-01 7.934447241097662973e-01 7.859661045435327731e-01 7.913228737550984659e-01 7.832753064194264425e-01 7.866405840676758965e-01 7.881746058585032966e-01 7.830011435144893506e-01 7.835774877892045520e-01 7.902820411490592001e-01 7.905879275627507585e-01 7.810431018053805019e-01 7.820646079964337360e-01 7.810611255070469827e-01 7.907156432903611476e-01 7.888793696992214555e-01 7.943952041350660354e-01 7.878360028816365768e-01 7.907307142668192901e-01 7.885377173357819292e-01 7.922291518336540550e-01 7.834633833106486867e-01 7.892632552367615517e-01 7.760201965292536919e-01 7.735660159226712684e-01 7.836857844880195101e-01 7.853007413277529603e-01 7.819124546400175735e-01 7.865608177858036676e-01 7.783303680318571782e-01 7.891970771401254359e-01 7.810619625054069370e-01 7.854457369512911624e-01 7.877693094174903488e-01 7.903541712316456413e-01 7.946242990364066339e-01 7.913399289345532939e-01 7.906397216321826571e-01 7.888370648718234790e-01 7.863322649215318538e-01 7.857441325729760395e-01 7.871437644959250468e-01 7.833695193418364067e-01
2.324194047529475754e-02 1.523595470094311344e-01 3.658526580143429685e-01 5.546093813579702214e-01 4.455513302193202518e-01 4.934214306640919978e-01 7.526350514418564952e-01 7.307862834630293181e-01 7.916490604752038918e-01 7.158576847566674450e-01 1.000000000000000000e+00 8.484991303220168479e-01 7.659702452205471301e-01 5.953758251501236609e-01 8.578496783229031530e-01 8.392304552912598359e-01 7.808116967655702734e-01 7.556784944973641283e-01 8.055137440676435334e-01 6.290865351310653830e-01 7.119962854938438612e-01 8.011668760502669295e-01 7.623681920240237275e-01 7.673161867609756825e-01 7.899788655149794225e-01 8.078137967361379568e-01 8.265351274839827234e-01 8.325974699851526051e-01 7.722857205052758856e-01 8.015560727023471888e-01 8.570485312280118340e-01 8.618976775839419791e-01 8.308821374472071808e-01 8.481802309276632590e-01 8.232320460853892463e-01 8.382081989151166646e-01 8.507219336558499156e-01 8.556719422452443435e-01 8.605548312183023407e-01 8.514374028358734359e-01 8.792082258187404742e-01 8.761257921722945818e-01 8.492847187898550088e-01 8.823007281529803292e-01 8.788390622413243536e-01 8.727554862347892684e-01 8.743302879183604270e-01 8.764390383029383447e-01 8.787369337104993239e-01 8.557317672963268285e-01 8.718361232075263478e-01 8.601325073216751216e-01 8.700347107605701513e-01 8.699419666065896228e-01 8.646014138911787272e-01 8.745342469359772553e-01 8.657178136135150748e-01 8.768246412613990293e-01 8.731414115647948559e-01 8.740445187177555697e-01 8.820365606329960695e-01 8.728376117949631086e-01 8.756441837499561176e-01 8.740448411660628469e-01 8.775639265336085959e-01 8.730246244106297793e-01 8.704582374369855824e-01 8.800000649127568408e-01 8.838439586148164606e-01 8.727911550524833917e-01 8.780826116030876483e-01 8.810657703288504727e-01 8.735848659126280724e-01 8.747842194190975640e-01 8.858948613027020080e-01 8.752797621877176359e-01 8.818555798047063021e-01 8.699706955176864653e-01 8.779675151024962654e-01 8.783502501214220937e-01 8.778198524211763276e-01 8.828430712735406694e-01 8.829061717556154765e-01 8.852454257895397971e-01 8.791505169962736677e-01 8.777469198327788602e-01 8.770346620569658969e-01 8.844506622843920640e-01 8.818260570965188450e-01 8.854511208437482184e-01 8.859365232893957609e-01 8.804538792181316742e-01 8.804579429888377273e-01 8.854042956536452014e-01 8.720338360529564792e-01 8.768057977756098520e-01 8.826283409975392846e-01 8.743138066826519061e-01 8.826669387544860967e-01 8.824470521899608899e-01 8.821299559824202774e-01 8.812411237586602608e-01 8.720803822638860670e-01 8.869991896880935478e-01 8.821212676418862531e-01 8.790506433159904764e-01 8.807929415296723574e-01 8.748776549663902502e-01 8.830575625935948025e-01 8.822538187997881476e-01 8.838354318769994222e-01 8.802184669621292423e-01 8.818010575048293997e-01 8.815684666614358456e-01 8.792303673342881654e-01 8.735936972349286345e-01
7.794868847236581522e-02 1.832508907453024583e-01 3.986869777444119189e-01 6.501186210236313823e-01 4.911179517517070825e-01 5.206779743781444481e-01 7.967944711632611865e-01 7.840867958994778286e-01 8.344089856829588481e-01 7.395975597117175893e-01 8.484991303220168479e-01 1.000000000000000000e+00 8.184018714003682415e-01 6.431359278875593555e-01 8.979413195660965741e-01 9.129970203543331664e-01 8.378399458978156300e-01 8.263139236941990928e-01 8.463197015443787441e-01 7.036500510307363010e-01 7.983944678934292716e-01 8.691148566891829796e-01 8.299279744400046566e-01 8.295788926499245708e-01 8.466180294770784265e-01 8.623990777043530898e-01 8.814649518708257414e-01 8.871549905060041041e-01 8.436504950817176329e-01 8.622373083618122269e-01 9.176594170293342900e-01 9.213966423118774562e-01 8.782788449661728114e-01 9.043548391500338957e-01 8.811040482138340346e-01 8.936403720522253513e-01 9.077785846446988494e-01 9.204459437645315933e-01 9.273387184147682261e-01 9.032412620610852372e-01 9.243408215396499150e-01 9.264254482559466375e-01 9.188168114816727128e-01 9.339250026643814984e-01 9.296182686208285251e-01 9.324332573913651778e-01 9.214438902592461123e-01 9.218144710370179684e-01 9.303924527720279780e-01 9.161304907575670287e-01 9.387150443642868769e-01 9.165528570378783657e-01 9.235876069296254931e-01 9.255222806145461112e-01 9.250323601499679249e-01 9.278256833219852284e-01 9.306205395802444880e-01 9.264403183327206692e-01 9.357722753345755207e-01 9.307032195465230195e-01 9.388500890338894456e-01 9.392410505957566880e-01 9.373569315372572985e-01 9.337075794382022620e-01 9.305400410780803044e-01 9.346434284917827240e-01 9.145881169732092975e-01 9.215852097053288672e-01 9.350993128202491622e-01 9.358231544365529508e-01 9.349770091101839986e-01 9.232771990084172042e-01 9.286110857156029130e-01 9.294992967337251111e-01 9.322182608768561085e-01 9.259356458823612135e-01 9.268225005388803783e-01 9.222800135251217890e-01 9.360365748148984366e-01 9.334656666918024204e-01 9.336537478558316616e-01 9.378680993417333189e-01 9.393519550353085501e-01 9.324529224962254670e-01 9.374195748545104401e-01 9.314238202814532075e-01 9.318973588793729723e-01 9.372381407458854063e-01 9.384236921371980067e-01 9.339376524637842403e-01 9.367486039175800805e-01 9.280711779708622489e-01 9.341942691248356079e-01 9.344607101440359775e-01 9.179388183115364530e-01 9.210672720992582052e-01 9.365552205220840642e-01 9.336356187955832109e-01 9.323818460715760370e-01 9.375611320734594800e-01 9.367296883313664946e-01 9.359730557603004319e-01 9.255806329872006133e-01 9.357384328456800349e-01 9.348343141925155031e-01 9.317199940669128599e-01 9.325383410444755272e-01 9.215708325458227268e-01 9.276959515757194907e-01 9.285128121642980403e-01 9.321404078085236966e-01 9.259601869876191715e-01 9.356697457104941051e-01 9.363915860514195888e-01 9.267051348891657270e-01 9.281729506824422105e-01
5.193068691344895904e-02 1.483599802197904105e-01 3.410076402335847634e-01 5.236476092861176435e-01 4.474627030434764619e-01 4.795117885011150327e-01 7.257822149922767974e-01 6.888936694948747386e-01 7.800135284044694695e-01 6.940066574023293633e-01 7.659702452205471301e-01 8.184018714003682415e-01 1.000000000000000000e+00 6.056108294049412644e-01 8.389787263902219738e-01 8.292364749196516893e-01 7.804352839231631922e-01 7.020228777390715713e-01 7.706018325665462410e-01 5.666270594945015393e-01 6.556493932054654472e-01 7.646477519514066623e-01 7.315430373395053198e-01 7.110247084219467606e-01 7.429827963410495784e-01 7.777885362955813120e-01 7.915892940818297641e-01 7.955514290989200710e-01 7.397165374735777954e-01 7.603792189785335554e-01 8.114843890847576180e-01 8.397975692531133296e-01 7.983882350809770045e-01 8.156556217956488775e-01 8.136393259138235967e-01 7.869752074492238902e-01 8.135403287127880301e-01 8.252296033486348215e-01 8.350625577438841596e-01 8.175095741565631124e-01 8.516853126148001829e-01 8.508260911378680014e-01 8.096067017173620428e-01 8.517712284395569933e-01 8.485116299819640551e-01 8.443150358265812949e-01 8.634264777043791916e-01 8.602524670388046468e-01 8.563976310897629673e-01 8.195963152254677198e-01 8.504743217014445467e-01 8.226402865691762045e-01 8.487062345485082426e-01 8.557928916280399534e-01 8.498482431124116943e-01 8.517512706312841964e-01 8.408907864460385406e-01 8.573873061432580878e-01 8.553939766435378900e-01 8.634489660141179135e-01 8.524853161086036746e-01 8.536755399102327058e-01 8.483874493181755572e-01 8.494633565892146798e-01 8.536042178560888649e-01 8.565330737598902955e-01 8.597015476847443827e-01 8.600147334032096635e-01 8.578147992592113358e-01 8.440867321258149758e-01 8.553172742697106035e-01 8.589460577964966870e-01 8.429756164091105619e-01 8.445264746102991715e-01 8.640827821783363394e-01 8.599116065688995336e-01 8.607053304191387699e-01 8.485701762868971265e-01 8.528791356161754544e-01 8.566463492028704163e-01 8.560129825918386670e-01 8.617490464936441441e-01 8.638084481005918747e-01 8.608527372787473375e-01 8.563638635416659373e-01 8.580635277006172235e-01 8.587231245601313345e-01 8.665112262132219634e-01 8.650108797494301394e-01 8.631781633023534184e-01 8.608214519163988054e-01 8.656757066389653144e-01 8.637658490989983395e-01 8.654668106053308163e-01 8.627498372576141161e-01 8.643664221942526371e-01 8.544715373257009139e-01 8.533641103395447347e-01 8.594204447616757836e-01 8.636738503154413049e-01 8.586484017012658843e-01 8.636642630954796118e-01 8.607837934750858233e-01 8.662795253376746052e-01 8.600713200178266016e-01 8.610364957981784251e-01 8.644168873827990929e-01 8.639564697295053497e-01 8.640673190174145146e-01 8.664851439551155554e-01 8.639571183806735721e-01 8.663225215416111569e-01 8.659531757476963687e-01 8.637042999769364293e-01 8.635750259538301776e-01 8.626275820490495461e-01
