1.000000000000000000e+00 3.106498586252449123e-01 2.947065436694999430e-01 1.195932296501646674e-01 3.892291031611246066e-02 3.745703679489430921e-02 1.415643945510867974e-01 2.251265444458371012e-01 2.011091956243277468e-01 1.129659403337683887e-01 1.609432897803155793e-01 -1.702304124199391366e-02 9.488344696941028444e-02 2.036634499216335645e-02 6.383982865752453606e-02 9.076042757964149221e-02 1.865452992044501213e-01 4.165313263354492035e-01 3.163926828390923318e-01 3.172197309071494997e-01 1.970858814643107193e-01 2.174497557583355001e-01 3.997814798086140597e-01 3.875261900506828949e-01 2.963297157525456860e-01 3.031827514281349445e-01 2.876579654704841116e-01 2.334992414523482385e-01 3.297045961412826132e-01 2.849979534291373628e-01 2.448531314862299746e-01 1.883055803976967368e-01 2.329124247142641546e-01 1.964234308486898783e-01 2.192946847594751392e-01 1.490876489859997434e-01 1.540876046623313178e-01 1.517999784711173139e-01 1.315724129059987757e-01 7.403439365183625553e-02 9.308210077841282126e-02 8.052021765985936663e-02 1.410346200557632268e-01 1.108984097792672097e-01 1.567260936172783226e-01 1.037285287938695816e-01 1.511709068266016594e-02 7.548576997992602344e-02 4.202976431036681976e-02 9.748113752556149258e-02 1.146887355641187933e-01 1.127507155881769391e-01 1.033857579314599318e-01 1.532726564261171764e-01 1.759952289882855403e-01 1.663667528637698678e-01 1.394755057132553711e-01 8.419222501127682223e-02 1.297370892256861086e-01 1.131416979062874195e-01 9.484930138955824375e-02 1.141416044665584106e-01 6.689314566866075285e-02 1.190967476484131038e-01 1.369191512218011775e-01 1.642750972969081735e-01 8.749122144814629187e-02 1.452128965304061714e-01 1.369085807826427859e-01 1.276003748657209280e-01 8.363469553945061807e-02 1.093883614301953133e-01 1.638775271405520928e-01 1.565042324885443092e-01 1.243036454751942632e-01 1.129734999524707462e-01 9.185468287143712385e-02 1.388034808505601292e-01 1.080372282558456770e-01 1.538419428849729653e-01 9.955054699789141204e-02 1.061194141336090635e-01 1.131221374285894254e-01 1.030278642563925151e-01 6.851249701827223648e-02 7.947543535623434463e-02 6.919810209782779886e-02 6.300921836100908946e-02 5.434476398528663432e-02 1.158073572032021353e-01 5.568354193081902215e-02 4.538675987723105043e-02 7.017213648112646807e-02 4.437607312435905976e-02 1.865340383564364352e-02 3.736910301104189730e-02 2.666063486132583954e-02 8.458178965718431142e-02 6.774934178387949368e-02 6.186507279618207178e-02 4.419539134738283137e-02 6.409261537862338820e-02 3.051077901147541266e-02 3.656620695006836119e-02 7.025973714579132612e-02 7.640891327762310004e-02 4.432093575648029388e-02 8.396644778774568774e-02 7.903748571033891723e-02 5.693398919802746677e-02 6.815382365030268896e-02 6.177579551834864319e-02 6.559402357758595259e-02 5.822340809348540425e-02 6.949930976179093112e-02 7.565529500423114062e-02
3.106498586252449123e-01 1.000000000000000000e+00 2.370957348115216579e-01 1.469390138339118912e-01 5.813830090659852928e-02 1.091837372175178122e-01 1.854133293211335520e-01 2.106891042185724816e-01 2.364413765631365183e-01 2.126316901451847374e-01 2.240143219365707539e-01 1.228144826069123841e-01 1.966333787272388223e-01 1.406618596804183052e-01 1.758046026954273311e-01 1.887716885111500320e-01 2.396694131924701210e-01 3.736248016907371960e-01 3.108444666715033944e-01 3.177453247915648094e-01 2.119021152776201511e-01 2.541197879106407709e-01 3.559401545372944953e-01 3.630644754177144717e-01 2.944731135709914294e-01 3.070249013596849097e-01 3.228301357998118459e-01 2.897616276125449808e-01 3.475624801761737492e-01 3.113284710047019566e-01 2.917160284691655003e-01 2.663247581281776855e-01 2.815739504453544928e-01 2.697366578107986412e-01 2.641304247888153212e-01 2.348214814103788406e-01 2.520012165694443529e-01 2.465764116800377437e-01 2.308263152444653965e-01 1.982938230411305514e-01 2.167950451955758528e-01 2.013346962379904126e-01 2.295637914102564847e-01 2.142926772749750852e-01 2.528744125877622206e-01 2.122275756984179085e-01 1.530677421605279864e-01 2.045409949489401247e-01 1.834227541543666240e-01 1.976966319756689461e-01 2.183723362131217705e-01 1.959111726631751760e-01 1.945420727674207761e-01 2.490429017131242095e-01 2.629152777531784113e-01 2.548997044951751834e-01 2.333978508736234969e-01 2.093990534669028791e-01 2.360342784300547281e-01 2.148911291288370939e-01 2.097790365440345972e-01 2.245506387785594360e-01 1.893902083128936042e-01 2.229168578700026493e-01 2.206690415440289432e-01 2.444992491625467002e-01 2.151992351232881739e-01 2.473439755425241027e-01 2.406932148826664841e-01 2.402034025611960721e-01 1.979939057639773237e-01 2.219946835712374444e-01 2.593358569532052127e-01 2.398166551958327286e-01 2.262905685260256927e-01 2.244351041721939499e-01 2.124645798676924602e-01 2.442221283358216588e-01 2.349875184606158296e-01 2.501771105804212469e-01 2.182265632262349597e-01 2.256118517044025384e-01 2.195878380682672049e-01 2.189492405928467056e-01 1.986740919077613354e-01 2.051398942743392906e-01 2.014751359845168011e-01 1.938490354355491829e-01 1.902857693608309420e-01 2.221916738618489595e-01 1.908954039573468042e-01 1.813395574627006124e-01 2.018253298012880337e-01 1.880650506678146483e-01 1.698527375201024925e-01 1.846214127023285412e-01 1.623029842224564812e-01 1.885511023018977828e-01 1.880273846832483942e-01 1.916576762132359557e-01 1.827621097807230754e-01 1.901165318365777845e-01 1.758248779810314133e-01 1.793179345917918499e-01 1.917286718629755971e-01 1.942762209807965545e-01 1.774101453114255433e-01 2.094282575919141076e-01 2.033969603282024252e-01 1.902473984218779612e-01 1.979012030560637347e-01 1.920288376581351653e-01 1.993110605056536422e-01 1.878000576115248232e-01 1.933784351288246606e-01 1.970080786778150850e-01
2.947065436694999430e-01 2.370957348115216579e-01 1.000000000000000000e+00 3.508981990991414945e-01 1.646939882720077630e-01 2.224058858480254530e-01 3.963176038266110202e-01 4.357161169663988920e-01 3.982897801616537836e-01 3.321365678214160955e-01 4.213046844774810396e-01 3.070431997425967507e-01 3.261723421589601823e-01 3.076336343320971722e-01 3.815291799699468411e-01 3.892307040859394607e-01 3.961357636988551700e-01 5.357990837401509499e-01 4.950605921497214235e-01 4.856431731344078018e-01 4.315562867159696281e-01 4.749177589096913454e-01 5.185187622726503687e-01 5.262872936675477842e-01 4.855373921298216655e-01 5.015143260461009111e-01 5.066219916773729848e-01 4.940839110546971225e-01 5.305193763311448762e-01 4.941418739285483586e-01 4.828158258852139340e-01 4.458155935152683935e-01 4.805301386602400249e-01 4.432736705848318026e-01 4.582813344944114964e-01 4.311058071673147807e-01 4.293730014234929948e-01 4.417989644045506314e-01 4.210741838675274851e-01 4.218745048133651920e-01 4.018795132835916717e-01 3.992046160555658418e-01 4.520511052756021053e-01 4.173540387819217323e-01 4.468926097629098981e-01 4.142547830965583322e-01 3.339017431179992501e-01 3.743187408883866807e-01 3.629424412371436981e-01 4.080624529927526778e-01 4.293704120869585861e-01 4.108936992304246805e-01 3.977403449249963252e-01 4.193233311404446217e-01 4.380629615781176933e-01 4.341721499653842797e-01 4.336007562833159579e-01 4.003752432408611561e-01 4.303893990828648319e-01 4.010935244158595481e-01 4.122263769741881245e-01 4.150246854330724156e-01 4.001255493939432917e-01 4.066675972083020341e-01 4.034394635064502688e-01 4.316953482881897841e-01 3.811425540709915127e-01 4.283091675828208933e-01 4.156854458299887867e-01 4.195921145979724098e-01 4.013995450763533368e-01 4.078881667519221321e-01 4.340955659813172107e-01 4.349453774520323224e-01 4.058509833863863103e-01 4.152474615772943634e-01 4.030007103960968617e-01 4.307846642677217730e-01 4.199154192669801167e-01 4.318602630786728125e-01 4.091622549814477594e-01 4.133357681251075277e-01 4.024817120996393438e-01 4.002823552689380726e-01 3.813343354660657103e-01 3.874910773993472390e-01 3.848551042835486879e-01 3.825173316644384092e-01 3.721936074244752701e-01 4.042542813149360148e-01 3.842768538801017431e-01 3.688063115576511453e-01 3.856856753930308357e-01 3.746643588609228637e-01 3.440354237964674544e-01 3.539843875477501345e-01 3.649469990995705682e-01 3.862671403872799392e-01 3.870557921957161751e-01 3.863418137030980026e-01 3.846619860102690747e-01 3.862892857931866097e-01 3.654173838860864665e-01 3.679092628549834321e-01 3.824425725588269098e-01 3.919274102500615586e-01 3.591829543891624787e-01 3.816178942117319783e-01 3.797329507858687170e-01 3.714788381972103370e-01 3.858809083344725277e-01 3.733915407467872094e-01 3.826917746117833863e-01 3.740165598981652906e-01 3.727053636326695951e-01 3.781336405139911760e-01
1.195932296501646674e-01 1.469390138339118912e-01 3.508981990991414945e-01 1.000000000000000000e+00 3.767317132825540038e-01 4.305210029517254067e-01 6.032886670001486040e-01 6.415817698314346673e-01 5.852643987312931007e-01 5.236980818252947589e-01 5.974238655597959857e-01 6.503025274516582854e-01 5.786487840142254813e-01 5.483731236504808537e-01 6.343879432023900033e-01 6.508175940700712259e-01 5.745433610862276108e-01 5.215068843661053721e-01 5.725647474428798844e-01 5.795090949081121989e-01 6.956648556694188246e-01 6.631669750955518916e-01 5.499727802533505017e-01 5.449610122611211471e-01 5.760898294934186925e-01 5.956884071177095397e-01 5.741273424444082174e-01 5.725630037877410539e-01 5.170813936026770197e-01 5.814379720946878383e-01 6.092556501553748616e-01 6.179786158108167005e-01 5.664418238289458118e-01 5.805937259884582646e-01 5.680742476931702756e-01 6.286617785084864796e-01 5.967030067289156303e-01 5.975482905904696551e-01 6.314887967119776624e-01 6.151505532352034011e-01 6.179610752843595067e-01 6.106911512050210433e-01 6.675376993617885280e-01 6.435600474461292686e-01 6.249621448478672736e-01 6.062673363406877458e-01 5.938309397350695074e-01 5.932075849515247024e-01 5.959416122565890372e-01 6.365816348727597607e-01 6.399953199479269106e-01 6.535104785217296097e-01 6.464196336536975895e-01 5.952945614106828209e-01 5.937507009366546074e-01 5.927348359357165197e-01 6.176101735169846618e-01 6.060223085405439525e-01 6.025951265160101045e-01 6.226885036706919507e-01 6.587907007915115853e-01 6.227135590876832216e-01 6.385526683770395007e-01 6.297506459263423340e-01 6.230946132448986763e-01 6.273641066043954551e-01 6.030834189685707614e-01 6.088122785824637839e-01 6.153818092073384260e-01 6.576865858828023770e-01 6.623227264516773349e-01 6.130683423601918092e-01 6.186527733023285958e-01 6.245167842238527056e-01 6.173751711684004606e-01 6.100458094488299121e-01 6.119761166679530406e-01 5.954145520699063443e-01 6.019303429253909377e-01 5.994586821475420546e-01 6.011693284297409123e-01 6.105364991100824534e-01 6.201121981900969971e-01 5.906492289424802866e-01 6.041028869658743305e-01 6.104013898509412783e-01 5.989358428107534049e-01 6.153663375748130715e-01 6.060619295434693798e-01 6.060452784211148858e-01 6.188235753228609193e-01 6.139072891259660381e-01 6.167270371412648666e-01 6.103507508825720684e-01 6.005790753687698658e-01 6.000704365363039861e-01 6.252549200608097379e-01 6.235812872039357968e-01 6.407918076112519845e-01 6.254161620733034166e-01 6.387171025934230695e-01 6.275308699900802312e-01 6.256052727241321332e-01 6.225102099973460756e-01 6.283894642924122698e-01 6.167935018818276882e-01 6.094637377513902887e-01 5.998816314181292242e-01 6.057701398793067238e-01 6.109737049761605476e-01 6.105355621228658602e-01 6.151000793046921267e-01 6.087532829876441953e-01 6.186919369964316573e-01 6.128308262495958392e-01 6.123702070231662464e-01
3.892291031611246066e-02 5.813830090659852928e-02 1.646939882720077630e-01 3.767317132825540038e-01 1.000000000000000000e+00 3.563348457998863905e-01 5.078312044113464374e-01 4.849512535366680699e-01 4.701227825209098321e-01 4.146434918029032746e-01 4.644046475761833270e-01 5.096794126071537701e-01 4.874567858309469259e-01 4.414594273506688427e-01 5.113948376490987657e-01 5.035689314725257937e-01 4.333609708419792206e-01 3.596579043475254811e-01 4.299555745644272897e-01 4.010666155997003046e-01 4.912196029088305993e-01 4.943724485569033211e-01 3.814409286937868737e-01 3.826222108681863188e-01 4.322782108984428162e-01 4.496422418347732486e-01 4.211829943996171499e-01 4.322459676468350387e-01 3.587961779012334151e-01 4.303253440237105321e-01 4.521987253112856320e-01 4.639531812156333923e-01 4.138850746864729535e-01 4.218668203766981484e-01 4.264693638742355075e-01 4.734551895334683236e-01 4.663795284050661349e-01 4.413247820750804684e-01 4.780534037389785884e-01 4.654379851632430842e-01 4.878750553001786616e-01 4.791094223716565459e-01 4.873892915037790763e-01 4.933986996756415944e-01 4.822702669258728259e-01 4.741698254494809417e-01 4.938607771284561077e-01 4.761409832031914258e-01 4.831193928452440778e-01 4.735164810739095897e-01 4.793971194112856549e-01 5.073615441652140623e-01 5.186131026985378867e-01 4.739306060462292192e-01 4.719637275860723569e-01 4.650053747163692131e-01 4.827324908069730025e-01 4.743346128756216196e-01 4.643708617355291057e-01 4.962961111042000772e-01 5.079028179520970188e-01 4.856590426404137628e-01 4.991563183558141992e-01 4.977326379401182943e-01 4.917213982298895281e-01 4.880460740928712071e-01 4.853590315807311262e-01 4.776250004726954046e-01 4.769869155551875739e-01 5.071993686538427415e-01 5.224163444598206585e-01 4.891130039545555919e-01 4.766692171775108178e-01 4.940556289482075369e-01 4.926925500392967949e-01 4.841324650021388010e-01 4.864063617705531306e-01 4.648720282033457218e-01 4.767699878531155289e-01 4.660555714005389372e-01 4.809668953639444910e-01 4.781807849523838638e-01 4.875794249983504414e-01 4.637118855796319994e-01 4.720717512760071455e-01 4.715233162382385657e-01 4.765746510350494236e-01 4.838381894249764725e-01 4.799882981165995988e-01 4.832557360949993885e-01 4.861224685441482563e-01 4.945032554578468464e-01 4.930856755107611566e-01 4.895115176741658414e-01 4.930012374596799973e-01 4.897795842013887846e-01 5.015158406521884604e-01 4.968046649840052176e-01 5.104088661951432515e-01 4.867943717827444283e-01 5.048339872955570629e-01 5.013668587668945742e-01 5.052745490400460948e-01 5.012171168791038633e-01 4.981197857975911969e-01 4.932240980915678086e-01 4.968405750649312336e-01 4.864907650137303419e-01 4.925642972056903934e-01 4.950356412452547872e-01 4.904269911659268066e-01 4.976853748770550534e-01 4.873163405531613646e-01 4.945975481318674039e-01 4.952349551350265777e-01 4.917529114203358365e-01
3.745703679489430921e-02 1.091837372175178122e-01 2.224058858480254530e-01 4.305210029517254067e-01 3.563348457998863905e-01 1.000000000000000000e+00 5.695881056369099804e-01 4.920970625908213103e-01 5.533478580772528410e-01 5.196183857996824473e-01 5.661392025801031957e-01 5.893945269259140973e-01 5.535281899014660167e-01 5.429986873395710179e-01 6.095556748864198182e-01 5.897638384680822243e-01 5.485606252620852663e-01 4.583304427226791988e-01 5.242341567458782547e-01 4.435075696843197579e-01 5.010161836510491629e-01 5.594548944884881747e-01 4.843310509797782437e-01 4.865097117322056963e-01 5.342990198053489959e-01 5.563122860657375712e-01 5.436863208660009938e-01 5.469575890514969396e-01 4.876113180994864349e-01 5.411091596489313593e-01 5.787942147426778927e-01 6.020746407873004413e-01 5.355691198694140231e-01 5.666143324440421347e-01 5.526170948864602694e-01 5.856894867027530038e-01 5.899383905050594734e-01 5.858022642697284788e-01 5.999607077401430955e-01 5.828476424615610663e-01 6.157705674055437006e-01 6.066284015560905463e-01 5.930467228841362903e-01 6.136578926843631043e-01 6.037558979104366008e-01 6.024918276900774750e-01 6.118963718364430759e-01 6.119681158569568735e-01 6.085676983099254089e-01 5.990504909038719683e-01 6.031264200163528599e-01 5.964106443080667841e-01 6.108399887514286419e-01 6.096218471876416745e-01 6.048743146990900321e-01 5.970447613782163820e-01 6.074257911353845296e-01 6.103745816222708731e-01 6.049676866011273191e-01 6.145153901370100646e-01 6.130733522789453271e-01 6.107038978649519390e-01 6.078163438726947865e-01 6.096077312498899836e-01 6.057253805819982073e-01 6.077188151088358525e-01 6.142253367428657240e-01 6.106768871166167179e-01 6.112644233617701151e-01 6.152164825686592398e-01 6.216241659085065541e-01 6.138891275627649247e-01 6.111522310706486438e-01 6.115497500283237908e-01 6.162702360607047458e-01 6.135870015481552642e-01 6.176926975322305502e-01 6.063255933554395627e-01 6.107756375394900461e-01 6.026633694150571596e-01 6.101419372615644043e-01 6.126004665506543656e-01 6.179392729445575272e-01 6.082524209813924276e-01 6.151593245444871849e-01 6.160585296042406789e-01 6.165731190580012733e-01 6.204055105306998108e-01 6.135092017873609027e-01 6.125990589956796795e-01 6.220309758015409862e-01 6.229552568303308169e-01 6.177193162042374786e-01 6.199235851877800130e-01 6.181605672883473401e-01 6.189316520851837478e-01 6.180742750173248146e-01 6.119668303479215421e-01 6.217914159385719008e-01 6.221456348091644051e-01 6.234923053581541419e-01 6.226637671017215547e-01 6.179462570667439980e-01 6.207748821492670155e-01 6.167380130647427405e-01 6.174793527989143049e-01 6.198954451604967719e-01 6.174141770318345435e-01 6.197688236258930283e-01 6.197228153859628552e-01 6.225085159374422750e-01 6.199776212610512705e-01 6.173549890480571900e-01 6.164384174141833705e-01 6.120988273763456888e-01 6.143930768524472619e-01
1.415643945510867974e-01 1.854133293211335520e-01 3.963176038266110202e-01 6.032886670001486040e-01 5.078312044113464374e-01 5.695881056369099804e-01 1.000000000000000000e+00 7.596642014399422882e-01 7.601935128920325191e-01 6.865220547901734749e-01 7.862495571333272260e-01 7.828146495451875353e-01 7.488497693767316443e-01 7.296151312831855584e-01 8.400769496572121353e-01 8.201458808710869741e-01 7.621342201651486459e-01 6.939449600866467449e-01 7.648050207127717881e-01 6.688999851852974743e-01 7.454144028743791006e-01 8.179359207238767748e-01 7.145248282527600914e-01 7.258911285358180532e-01 7.634664320523665282e-01 8.128915744910287788e-01 7.854533459373930215e-01 7.921388396718297420e-01 7.265639147427482847e-01 7.672191789643757476e-01 8.138571503619256298e-01 8.299132283296751789e-01 7.820863033106689732e-01 7.952737621272835122e-01 7.758258482073546736e-01 8.260216547069219040e-01 8.032063326640699330e-01 8.144353783525289936e-01 8.343057894848190381e-01 8.234082641683471149e-01 8.307639150527796890e-01 8.211735151126190457e-01 8.492509827849948900e-01 8.461946758886084163e-01 8.361044113734606986e-01 8.315902952486403654e-01 7.989923267535943285e-01 8.019770275953591598e-01 7.964849857192136673e-01 8.081065435264055408e-01 8.301174427108644061e-01 8.134820713307315820e-01 8.311002605902233498e-01 8.145301927865241653e-01 8.147640108724709673e-01 8.157440760591762041e-01 8.128751223418189120e-01 8.192317161975813944e-01 8.132568942275348878e-01 8.308929653860073206e-01 8.270701117851531059e-01 8.244790533992460979e-01 8.156232219064694089e-01 8.237315209822070328e-01 8.201734402108410427e-01 8.236531467288259467e-01 8.090719925056337747e-01 8.153836226890550654e-01 8.200035584401134114e-01 8.286562768329091000e-01 8.336668610420158165e-01 8.180051618917933975e-01 8.290356809656688197e-01 8.289221539279663098e-01 8.333035080531472349e-01 8.263314265181825879e-01 8.294586583686562875e-01 8.222034406116646155e-01 8.178690358634127522e-01 8.065612467333980184e-01 8.140485081170880655e-01 8.159771168222029747e-01 8.271289713731255766e-01 8.100663645580304939e-01 8.067207657610695470e-01 8.144582179269982403e-01 8.077230857594553948e-01 8.243915744747841723e-01 8.109563604342509002e-01 8.239364668330264596e-01 8.305248263259951136e-01 8.225670962401334663e-01 8.207863047761939645e-01 8.219863229673042282e-01 8.012432821352055701e-01 8.028252584479230736e-01 8.090689926604771598e-01 8.025531072297037438e-01 8.185852664585677729e-01 8.205515635856592827e-01 8.315684613272487091e-01 8.171195150828254317e-01 8.110016020981989371e-01 8.171617530132355700e-01 8.159166769949958153e-01 8.119302567584451014e-01 8.060179090167266525e-01 8.147078768739027810e-01 8.168011186572582405e-01 8.130980802216226655e-01 8.230351763788670283e-01 8.158821099019363254e-01 8.086468671977468103e-01 8.094366335871167051e-01 8.079282553118207755e-01 8.075268643042969874e-01
2.251265444458371012e-01 2.106891042185724816e-01 4.357161169663988920e-01 6.415817698314346673e-01 4.849512535366680699e-01 4.920970625908213103e-01 7.596642014399422882e-01 1.000000000000000000e+00 6.991889924258607447e-01 6.167529230635178106e-01 7.094287983203867443e-01 6.940905526699819861e-01 6.812902698116141131e-01 6.341296913835479110e-01 7.512631674706313767e-01 7.716705499998758322e-01 6.796931046066669868e-01 6.913566268362085765e-01 7.250394573168363888e-01 6.839850356513489382e-01 7.658524409505383934e-01 7.878392690797728637e-01 6.942422711997701112e-01 7.122149786451053011e-01 7.276779638602142164e-01 7.631910503517379540e-01 7.339899193347234618e-01 7.185894500438076982e-01 6.807941134874119227e-01 7.331009618064164846e-01 7.648521019974929835e-01 7.515657199054961435e-01 7.187964962884021425e-01 7.172737130947369755e-01 7.134965582913053161e-01 7.534381845510924602e-01 7.242806926180653804e-01 7.363786368216422851e-01 7.526920331237875184e-01 7.409765272077358800e-01 7.365419546470577394e-01 7.267576514461725479e-01 7.967745635301098917e-01 7.632996332261345884e-01 7.560777594552308134e-01 7.355219490454156794e-01 6.929357475579744907e-01 7.039556869701507624e-01 7.003933035252174477e-01 7.491808394049798148e-01 7.699422736657579591e-01 7.565956874373584995e-01 7.646524106971872570e-01 7.306410429187178979e-01 7.410682489232068848e-01 7.347449840287422207e-01 7.584562913968654341e-01 7.321560711626455831e-01 7.465987625568720754e-01 7.478866870896411223e-01 7.701968383890873682e-01 7.523230604402039168e-01 7.589127437639545670e-01 7.518963428161802298e-01 7.383708946878926316e-01 7.566680955233763273e-01 7.125943060068621326e-01 7.307029976578169883e-01 7.296117783509754595e-01 7.548666691092096315e-01 7.564561953422023199e-01 7.308386729163891538e-01 7.457931683211601603e-01 7.520921022199894557e-01 7.442180913179344826e-01 7.328843354960018486e-01 7.323900283890496521e-01 7.277781498284950912e-01 7.254805958682161160e-01 7.244602998572107211e-01 7.178755930337538116e-01 7.265858088896267608e-01 7.421028225874186646e-01 7.096715639063716496e-01 7.109580330758962230e-01 7.166942397946697296e-01 7.075029191483576119e-01 7.288044360256383802e-01 7.081201202557464436e-01 7.334036426542879239e-01 7.304758464517008276e-01 7.219331848037346955e-01 7.255519646924857291e-01 7.186358082035990691e-01 6.973601577817363228e-01 6.999943117813505200e-01 7.313529541422892910e-01 7.375656546731281793e-01 7.474706219936166907e-01 7.354981612036809446e-01 7.474061968295548919e-01 7.396162305031398487e-01 7.181426927117917636e-01 7.252143504960645304e-01 7.312300618610870773e-01 7.369657062544876513e-01 7.129110682437491686e-01 7.175978078685482098e-01 7.239462096297878402e-01 7.214862442380456375e-01 7.324410321763835663e-01 7.236335523503848455e-01 7.212267892030400640e-01 7.233185391311757195e-01 7.112378736188587069e-01 7.158095321265195432e-01
2.011091956243277468e-01 2.364413765631365183e-01 3.982897801616537836e-01 5.852643987312931007e-01 4.701227825209098321e-01 5.533478580772528410e-01 7.601935128920325191e-01 6.991889924258607447e-01 1.000000000000000000e+00 7.537930453076736592e-01 8.338480084702357686e-01 8.168229633210540852e-01 7.961500619046952831e-01 7.820244351626236545e-01 8.570940900409191876e-01 8.444592192906679173e-01 8.284936347194972184e-01 7.043162233783551995e-01 8.075103116951372062e-01 6.426765348602128114e-01 7.065734515900946588e-01 8.367539496589280201e-01 7.672724677767011059e-01 7.593885781788154432e-01 8.083865382454503701e-01 8.451995251718292801e-01 8.285119755005236897e-01 8.170965288598353027e-01 7.502291135834939784e-01 8.451724292435885966e-01 8.597336818627300259e-01 8.724898359624867483e-01 7.977144389153726367e-01 8.392064755922514774e-01 8.268514471213440631e-01 8.498345795238987366e-01 8.662892672708428776e-01 8.557023947757107507e-01 8.726716669833551876e-01 8.114353258367273947e-01 8.754398523885499328e-01 8.612100900267136705e-01 8.411374446138082384e-01 8.733370694084943153e-01 8.742477915963834390e-01 8.629485618923486978e-01 8.662127299428737937e-01 8.842477309705679689e-01 8.695522193362247299e-01 8.569740070608792282e-01 8.592934449281678377e-01 8.568171613371791118e-01 8.723299671904291008e-01 8.938244758838178594e-01 8.886867355892702491e-01 8.807400629211231680e-01 8.732629369200709535e-01 8.707761478163370539e-01 8.699583445321231734e-01 8.903637301628588574e-01 8.778488737952525600e-01 8.805924119969591457e-01 8.551209227272417168e-01 8.918180245717957089e-01 8.980986163107826936e-01 8.976492885674434152e-01 8.876297295965068779e-01 8.915773737549358424e-01 8.924924721205357292e-01 8.753951409791863592e-01 8.825638038777002814e-01 8.897413738531211314e-01 8.891868564857203783e-01 8.927042730018780459e-01 8.942621126519538777e-01 8.846968901970954091e-01 8.764126242570312586e-01 8.727120915422001968e-01 8.786143556548511313e-01 8.881529194305066710e-01 8.834547141093374023e-01 8.851686694472379324e-01 8.924244093445631298e-01 8.755553161675181384e-01 8.708791262718508230e-01 8.790832471817331406e-01 8.744254831795866822e-01 8.732323869835977304e-01 8.761398369985097245e-01 8.908338542744443922e-01 8.648826335294678147e-01 8.750224926283798332e-01 8.825967472356491816e-01 8.724582128902176326e-01 8.709228973228346771e-01 8.765289556127596748e-01 8.560412180214068689e-01 8.731308446673556878e-01 8.774120668689862068e-01 8.699081084198456715e-01 8.659787697773335680e-01 8.750966300790455898e-01 8.710902225920436059e-01 8.736754715978864994e-01 8.838075718583688900e-01 8.735384065812682453e-01 8.777458512602938079e-01 8.887301881734408493e-01 8.870342403954022403e-01 8.800873932444418513e-01 8.772005113148453326e-01 8.826500196393185504e-01 8.765738050102725998e-01 8.790369985308799095e-01 8.881682957122594146e-01 8.831941852822797756e-01
1.129659403337683887e-01 2.126316901451847374e-01 3.321365678214160955e-01 5.236980818252947589e-01 4.146434918029032746e-01 5.196183857996824473e-01 6.865220547901734749e-01 6.167529230635178106e-01 7.537930453076736592e-01 1.000000000000000000e+00 7.630994496588304754e-01 7.695847299794977836e-01 7.370965631513649585e-01 7.318424845375987031e-01 7.974781439992812970e-01 7.849049970698300793e-01 7.449861863264239936e-01 6.070381035274038384e-01 7.183360550767081687e-01 5.623007627475793413e-01 6.236536390683705688e-01 7.504513964600483256e-01 6.761864266843794491e-01 6.652484118803367874e-01 7.221288603420429331e-01 7.598327526034606150e-01 7.450142161624255799e-01 7.496448155365903476e-01 6.692612642902052711e-01 7.672383597910918951e-01 7.886678376239958377e-01 8.039977133190485681e-01 7.393388108281455651e-01 7.660587281884847499e-01 7.634355093553669702e-01 7.743225483253822761e-01 7.997777264111048945e-01 7.997390140867007835e-01 8.105045581509958685e-01 7.703160898042618054e-01 8.198745363912075534e-01 8.133911756970452211e-01 7.859861146875186666e-01 8.150533973630338380e-01 8.094229415253294535e-01 8.102238055241253178e-01 8.153405670383599979e-01 8.257847924990491251e-01 8.193382351999374258e-01 8.007230098702606824e-01 8.108453897478069550e-01 7.774336177107412649e-01 8.036417684148523533e-01 8.279398520307506004e-01 8.174567832270023260e-01 8.150319448154701441e-01 8.148588308327807672e-01 8.223430445686152890e-01 8.195453955328421136e-01 8.283548008794737738e-01 8.199599158287117495e-01 8.253675777380999889e-01 8.018049439450185556e-01 8.253914300825265782e-01 8.164055559845744270e-01 8.262463105096159444e-01 8.274930457489928504e-01 8.241414498296102398e-01 8.290435778114899623e-01 8.058318686843022327e-01 8.148073038970005122e-01 8.275309174939169399e-01 8.146364692817413822e-01 8.184666249469072508e-01 8.251847288115723433e-01 8.212382909120594654e-01 8.162570262896921003e-01 8.040061048052258297e-01 8.197719943024001088e-01 8.250231557897580448e-01 8.242223343116136247e-01 8.271734018480653150e-01 8.260822834092542699e-01 8.218375755583334774e-01 8.229283964606450841e-01 8.223442496787157774e-01 8.216778042801806681e-01 8.254919873585339074e-01 8.232735652008627003e-01 8.252198117451577941e-01 8.177331499157025618e-01 8.243350551801835735e-01 8.257573589992924790e-01 8.222705022546067388e-01 8.203303281727821750e-01 8.242105627461164818e-01 8.116233794801148704e-01 8.158954769000981155e-01 8.221972120518767913e-01 8.257957478367827786e-01 8.189926857024556472e-01 8.225977381614002493e-01 8.162586637625173225e-01 8.230970483405314342e-01 8.212544018729260875e-01 8.188344842567165660e-01 8.244769266406763997e-01 8.269968126419342536e-01 8.259651677346682153e-01 8.262108575370760155e-01 8.263219035951673286e-01 8.264477358429167531e-01 8.262142242154401073e-01 8.240585812686105349e-01 8.226769044481336834e-01 8.251283890419668365e-01
1.609432897803155793e-01 2.240143219365707539e-01 4.213046844774810396e-01 5.974238655597959857e-01 4.644046475761833270e-01 5.661392025801031957e-01 7.862495571333272260e-01 7.094287983203867443e-01 8.338480084702357686e-01 7.630994496588304754e-01 1.000000000000000000e+00 8.354903899420639268e-01 8.002967909446238037e-01 7.949391732018662449e-01 8.741411992708771894e-01 8.634778175152509894e-01 8.298627803888414256e-01 7.334941503969862886e-01 8.249600220155424157e-01 6.654776188376295698e-01 7.300267334416083997e-01 8.575661113269362756e-01 7.808083674166833577e-01 7.827630585763739601e-01 8.264183146092147769e-01 8.707979166729752363e-01 8.683034634696402687e-01 8.661471119267191154e-01 8.006443405040851724e-01 8.687692659090933134e-01 8.974081938508854384e-01 8.987397910266327061e-01 8.440272315337656872e-01 8.712234288939750826e-01 8.575667330343137440e-01 8.788556273325592860e-01 9.001280078235109894e-01 8.956598305596075171e-01 9.001521061414615721e-01 8.691736823305999948e-01 9.043843604806295344e-01 8.986747737445845985e-01 8.801918947974516350e-01 9.050838725918483041e-01 9.063968012259877582e-01 8.977020972693054990e-01 8.856056238225680222e-01 9.025256535111623180e-01 8.948505553839587456e-01 8.882336252772614626e-01 8.995891648324392253e-01 8.750029310874608557e-01 8.904148085651729660e-01 9.148274309521352565e-01 9.127378906493188726e-01 9.101630653661927361e-01 9.057040352211556122e-01 9.052256106545073511e-01 9.085273355051229904e-01 9.103986503569927446e-01 9.019337299846634792e-01 9.092600612052823550e-01 8.886450274938323401e-01 9.082067465308351073e-01 9.035898442428155208e-01 9.137235549551201430e-01 9.081874799409828114e-01 9.148295568259463550e-01 9.122404871374604207e-01 8.943984855845662496e-01 9.028644943726057415e-01 9.131523834773358494e-01 9.110728431141373873e-01 9.120633019832657951e-01 9.152210530412032696e-01 9.153828969279057537e-01 9.095201855486565456e-01 9.074479490811930837e-01 9.086718943951550553e-01 9.138818817435629960e-01 9.116795889803447350e-01 9.121894825169678533e-01 9.135066568537778542e-01 9.053866122512066461e-01 9.013013331825958652e-01 9.040625378652006328e-01 9.038111749233207481e-01 9.051740161998343970e-01 9.021770325096220011e-01 9.129186350119520288e-01 9.012246877801637357e-01 9.025310029841147053e-01 9.080149233561217725e-01 9.030883033085278511e-01 8.919075932058387890e-01 8.985506867107194706e-01 8.883941303286821967e-01 8.940772811716281021e-01 9.007797384679705477e-01 9.030922720984090324e-01 8.982598347373206282e-01 9.027310197797682179e-01 8.935348012857782241e-01 8.986953224244037530e-01 9.018178190390507831e-01 9.010631798203957432e-01 8.977216581523410621e-01 9.083671690539657506e-01 9.081549993369357754e-01 9.045382755899485927e-01 9.076579222986391748e-01 9.043663165658020198e-01 9.052763031504160729e-01 9.014040079492149360e-01 9.016600546181900988e-01 9.031305788863618345e-01
-1.702304124199391366e-02 1.228144826069123841e-01 3.070431997425967507e-01 6.503025274516582854e-01 5.096794126071537701e-01 5.893945269259140973e-01 7.828146495451875353e-01 6.940905526699819861e-01 8.168229633210540852e-01 7.695847299794977836e-01 8.354903899420639268e-01 1.000000000000000000e+00 8.304410559814220383e-01 8.370470613753875355e-01 9.110416006049933957e-01 8.989733903778348578e-01 8.119440310693623042e-01 5.747477814482270242e-01 7.224711577959934683e-01 5.836482315324628134e-01 7.391345426736628532e-01 8.175993383447005547e-01 6.395308053610642141e-01 6.362242949973362371e-01 7.263307151276131579e-01 7.748875411946798408e-01 7.644773120472799777e-01 7.844723529785840865e-01 6.671674282641033571e-01 7.788855100245707375e-01 8.313257016901522967e-01 8.569466576874745778e-01 7.628257209530814320e-01 8.121568407348104257e-01 7.956163525372491607e-01 8.560291758452778232e-01 8.666289855311058998e-01 8.610916833786308455e-01 8.922193740277717389e-01 8.571600986863013860e-01 9.085963276550809153e-01 9.044768051386959939e-01 8.673104624065975932e-01 9.090341380727545717e-01 8.829546205641867207e-01 8.921799325226473787e-01 9.294772122803363068e-01 9.162599901985336581e-01 9.171738269285724110e-01 8.955507101733160003e-01 8.907556545159606154e-01 8.964108054583473928e-01 9.151829423773382155e-01 8.881506172503660368e-01 8.669302406406205197e-01 8.663419122103235281e-01 8.831719510983352395e-01 9.063081581762553185e-01 8.811016796024448983e-01 9.151147288873994201e-01 9.182939914056362785e-01 9.072973144469890228e-01 9.058651430133378701e-01 9.121477682896271810e-01 9.067469234415288515e-01 8.994128044772821129e-01 9.175010806565128130e-01 8.928508179371252851e-01 8.996546190396591536e-01 9.001500024946096357e-01 9.283510003111702380e-01 9.072215608516907004e-01 8.837229165078738236e-01 8.888831976143910518e-01 9.090970356697392063e-01 9.074455921795634428e-01 9.115788000483411313e-01 8.814752671256389505e-01 8.960609611234023886e-01 8.861918844455497490e-01 9.090799812947779612e-01 9.102807894496669494e-01 9.113821379282799340e-01 8.972209509503041858e-01 9.135950232704158624e-01 9.134541661875150709e-01 9.153989387249309440e-01 9.224368654390522337e-01 9.236827701820395919e-01 9.033186995686255383e-01 9.184524525372876891e-01 9.299869520322805450e-01 9.247925102896650262e-01 9.267847830270561360e-01 9.328265325641189598e-01 9.293216963489676630e-01 9.219133600711213461e-01 9.127628746216442934e-01 9.258055273388616779e-01 9.216124507455221160e-01 9.274410624116610213e-01 9.243541185060371035e-01 9.345211590972344329e-01 9.331773081461289809e-01 9.279504459517953219e-01 9.143915875680723726e-01 9.290792674720705913e-01 9.168110988265287808e-01 9.182982889425772566e-01 9.280672873767306097e-01 9.186802902076004473e-01 9.289555248130181297e-01 9.206009726581275698e-01 9.268482967392125405e-01 9.249770054351093007e-01 9.240574323633635734e-01
9.488344696941028444e-02 1.966333787272388223e-01 3.261723421589601823e-01 5.786487840142254813e-01 4.874567858309469259e-01 5.535281899014660167e-01 7.488497693767316443e-01 6.812902698116141131e-01 7.961500619046952831e-01 7.370965631513649585e-01 8.002967909446238037e-01 8.304410559814220383e-01 1.000000000000000000e+00 7.816547920460121812e-01 8.634879344025858661e-01 8.441798238386912789e-01 7.816165174340905519e-01 6.240147478875675002e-01 7.380620230865335696e-01 5.801557989504597668e-01 6.865868779534175514e-01 7.975481890516423755e-01 6.796860073779260603e-01 6.850202411503669708e-01 7.469263357262899694e-01 7.871914235960278949e-01 7.703625388470873858e-01 7.764966911183159848e-01 6.865291085381965974e-01 7.780298402071749164e-01 8.172076229285911708e-01 8.342812767052690814e-01 7.562806803168257153e-01 7.935646732155478000e-01 7.764860380633084036e-01 8.239269781176715712e-01 8.350618349486580438e-01 8.314083831397071078e-01 8.529662138806700655e-01 8.129106564516153099e-01 8.660446982416134531e-01 8.616567340055202306e-01 8.325348110931977130e-01 8.639838434995307237e-01 8.522002742057973590e-01 8.511418240449900585e-01 8.641393596961093326e-01 8.677120584100891376e-01 8.637708056837291037e-01 8.408348882115249667e-01 8.452587031339806600e-01 8.407900369797527418e-01 8.586626223739010078e-01 8.610974717776131993e-01 8.485348841008959475e-01 8.491367095176342028e-01 8.441585330340866111e-01 8.630333827560547899e-01 8.439113158310309615e-01 8.738539315046204292e-01 8.674406607698547100e-01 8.620039758734662216e-01 8.494656692860044211e-01 8.685782048902254138e-01 8.672647303247610351e-01 8.644742282817455825e-01 8.738096378211041015e-01 8.642240583226913353e-01 8.657542101005428758e-01 8.525583920379036229e-01 8.714843060311469047e-01 8.715138067866274874e-01 8.563051236516125986e-01 8.634382922153638340e-01 8.730043439572969799e-01 8.656798858901673110e-01 8.663283887772028624e-01 8.477457833798167641e-01 8.610222175520749754e-01 8.571181657348384553e-01 8.654571212777826261e-01 8.683420044295320217e-01 8.689321796965672196e-01 8.579159188226704869e-01 8.618362923297281375e-01 8.636653320610641060e-01 8.652399302403598336e-01 8.686909260046481451e-01 8.687064789365975814e-01 8.675243817926164835e-01 8.648579619171491428e-01 8.730476876904654793e-01 8.749881472594345233e-01 8.719752293457365688e-01 8.713686608490601726e-01 8.734930005745378256e-01 8.600378598602904656e-01 8.594863785383665133e-01 8.706643483451277366e-01 8.658944609686792804e-01 8.711043176738830773e-01 8.699174757395601310e-01 8.743333044642962459e-01 8.765515336535329993e-01 8.749716776800068319e-01 8.624016810759188578e-01 8.709188434053178884e-01 8.751427466947323541e-01 8.728806868943539410e-01 8.739847447360843402e-01 8.694033225767952011e-01 8.775745758210942160e-01 8.707182275601714760e-01 8.740030355578920496e-01 8.757470015145746300e-01 8.735786511494272322e-01
