1.000000000000000000e+00 1.937839919497361396e-01 2.079641115835305920e-01 1.036442838537917494e-01 6.853053263118867588e-02 3.989123327427206156e-02 3.857319387995540323e-03 6.411767106016295903e-02 1.796324730433042083e-01 7.170241403467025876e-02 1.872807232009353687e-02 3.558878686375034628e-02 -5.847875521345185547e-03 2.688502290034571959e-02 8.949618818028108255e-03 5.170283108504457326e-02 1.431593138939333820e-01 1.942359256788991906e-01 1.777626035783635150e-01 1.363078612074610230e-01 1.655870009079183636e-01 1.665996610011313273e-01 2.109430630804954299e-01 1.930213389892798115e-01 1.398573205182168655e-01 1.383202371711016176e-01 1.147038954826156837e-01 1.243236241036438927e-01 1.547786595265404630e-01 1.221630529784518138e-01 8.501402630742971311e-02 1.373448651387836894e-01 1.077472954423646795e-01 1.269098498160673993e-01 1.322647540936310040e-01 7.780702549227040687e-02 9.045933332917094338e-02 7.219001352735882060e-02 6.249414031696615829e-02 7.002306272580652302e-02 5.081418521599900817e-02 2.569161471647334397e-02 2.664018349210360223e-02 3.308551762067128005e-02 5.829674281621928522e-02 2.627595544227376984e-02 1.939325067371529265e-02 4.778433048157097740e-02 6.810297419139510477e-02 6.011870103457177261e-02 6.617934260546425029e-02 2.225655620680160388e-02 3.453827558100772133e-02 1.124938834254487069e-01 1.147335346780882642e-01 1.030863290414959776e-01 8.797647132256877778e-02 2.760640951183171432e-02 4.618802290425528395e-02 4.801588229281168047e-02 2.071139521638416456e-02 3.802797833575997238e-02 4.943480420161893568e-02 3.901606947600887859e-02 3.209282834067648388e-02 5.255565871895379049e-02 4.393868548436827975e-02 4.882832454343790513e-02 7.303309080764538996e-02 5.177529969194454712e-02 4.108057028163981245e-02 5.601475369542711219e-02 7.521467053930525060e-02 6.133459614692334666e-02 4.679780870713555474e-02 5.196478307911392425e-02 4.661504157542294829e-02 5.735460737706149503e-02 2.668085880321768855e-02 5.345896941332883151e-02 5.985691167436010124e-02 3.681230598095166368e-02 6.849606607907113287e-02 5.053913564024038046e-02 5.643214998589845405e-02 5.562750882255242113e-02 4.428506318545340908e-02 2.433342889500809611e-02 3.102824873357493476e-02 5.504484820676364826e-02 2.630739332918033413e-02 1.351528642125060346e-02 2.617145894562609640e-02 1.752784701125284852e-02 6.460620746863333583e-03 2.150304525276018272e-02 4.061954272187948828e-02 5.329969541019046603e-02 2.117549918033479611e-02 1.868224700511706901e-02 8.257756415859039689e-03 3.117702242045713654e-02 2.634249885549899348e-02 1.216333025896470903e-02 3.365461372712700433e-02 6.248003360760119584e-02 3.751156625282572876e-02 2.713125626296497214e-02 4.552996170875082960e-02 1.960238455836655833e-02 1.182790683811038752e-02 2.142944945877794591e-02 2.750884572330027436e-02 2.288898690877718203e-02 3.250798448806418300e-02 3.346283973398386097e-02
1.937839919497361396e-01 1.000000000000000000e+00 1.771411564172075959e-01 1.358044132430939743e-01 1.035347925690751625e-01 1.119341852376900953e-01 1.657269371319807505e-01 1.834228065075104996e-01 2.047444828782933879e-01 2.209117622660220770e-01 1.651849293386567219e-01 1.637292818643927839e-01 1.444690794694807323e-01 1.251102949086137228e-01 1.699393645353525495e-01 1.724348761648033801e-01 2.055429532672425619e-01 1.967483741253674423e-01 2.118649794310492052e-01 1.579796971351660195e-01 2.049736205058101113e-01 2.113871500433704975e-01 2.246139694235911588e-01 1.860317605252982398e-01 1.996329482219945939e-01 2.188563841273336308e-01 2.075305338762930552e-01 2.047394810960691813e-01 1.906844897696425845e-01 2.144488703067042867e-01 1.918803861627895735e-01 2.143613686026085707e-01 2.026028299211027617e-01 2.074058420286204185e-01 2.209106518546290199e-01 1.789640796370788600e-01 2.012556399897093007e-01 1.815645202348585840e-01 1.775232039538618412e-01 1.892235220216913483e-01 1.837107227229433648e-01 1.659221138109999716e-01 1.569630837507074994e-01 1.623246856666074878e-01 1.768616283763698172e-01 1.664853812942876654e-01 1.559859415032306684e-01 1.807572622873463153e-01 1.765961897180565454e-01 1.550641436807132234e-01 1.710910510507214766e-01 1.294623941565379854e-01 1.550289279032279477e-01 2.052908742582497392e-01 1.961684090552253679e-01 2.060050420551766681e-01 1.759934779548966433e-01 1.671485059838183906e-01 1.771366827559991697e-01 1.715455270716661207e-01 1.532301549322131196e-01 1.674855409936389095e-01 1.670052091176956466e-01 1.556729170258185635e-01 1.722837404657887594e-01 1.726700284183511902e-01 1.739193185549779419e-01 1.754757666283099371e-01 1.837957395306132613e-01 1.672172732809604767e-01 1.689803228402806390e-01 1.761354651354079814e-01 1.771068071431243507e-01 1.736295410044237653e-01 1.807559877240552393e-01 1.770183775929305425e-01 1.758822224199170225e-01 1.764529948411676374e-01 1.626502515924024561e-01 1.805862185765155781e-01 1.839567412585833284e-01 1.755578877147486450e-01 1.844044754375119277e-01 1.822009858362352297e-01 1.708714422087458107e-01 1.783424175674709622e-01 1.760184198375044917e-01 1.711062972931901294e-01 1.647544747732671844e-01 1.795680844575796853e-01 1.714019291715840609e-01 1.592789253787058323e-01 1.660409681670835247e-01 1.586219815839128855e-01 1.556113530928967259e-01 1.712417298574778757e-01 1.520134508497202885e-01 1.593596491061380072e-01 1.579950406468696444e-01 1.603250003716992778e-01 1.552656154287663792e-01 1.696570187776746674e-01 1.572614020787936606e-01 1.562177126929110149e-01 1.571388930596021027e-01 1.762537341041104932e-01 1.687747276691775322e-01 1.710111296560856420e-01 1.767299489971677906e-01 1.612101705812708230e-01 1.665720555771836309e-01 1.619402594880584023e-01 1.679353681422340872e-01 1.562192765702422881e-01 1.659759099801022542e-01 1.659530195675537612e-01
2.079641115835305920e-01 1.771411564172075959e-01 1.000000000000000000e+00 3.261688671953090757e-01 2.050465312603667045e-01 2.632087095318546011e-01 3.049363017654515562e-01 3.312114261914181901e-01 4.024105107243373114e-01 3.440465898459371119e-01 3.767951106082350621e-01 3.698873446284531852e-01 2.958003822647268799e-01 2.827407950075491727e-01 3.581757625961341507e-01 3.601916549177702764e-01 4.197422165783248893e-01 4.539613953205458019e-01 4.736541200011657460e-01 3.822838389341256526e-01 4.525635527785844547e-01 4.606907737132834857e-01 4.336516246831585986e-01 4.313838473963493292e-01 4.369490741178793658e-01 4.308125044087283140e-01 4.247972551975175426e-01 4.350717033889395791e-01 4.492742000253629464e-01 4.230581829083738254e-01 4.151683798319827923e-01 4.462283471443002636e-01 4.313179750481603292e-01 4.400221799493642116e-01 4.328484035517318196e-01 4.034225920235597340e-01 4.131871674323598365e-01 4.201554829975500116e-01 4.150320583205588942e-01 4.142339756409075813e-01 3.979497817893746792e-01 3.890163058251583927e-01 3.727827159300454718e-01 3.884786444283882534e-01 4.084107404882388326e-01 3.787581948779039642e-01 3.772770225997388871e-01 3.989861139009107660e-01 3.939716299945265621e-01 3.966907141630004463e-01 3.984553963174638502e-01 3.734093508907607717e-01 3.816997915060612034e-01 4.155597611518847545e-01 4.128496724868385148e-01 4.251984453432610667e-01 4.093435241060919827e-01 3.874561913882001440e-01 3.879994972753352811e-01 3.823720686908214650e-01 3.740178785516264370e-01 3.849436261275357429e-01 3.880444540561603373e-01 3.820297246930977053e-01 3.929233047757390573e-01 3.881439186362345417e-01 3.950816131135087561e-01 4.095156313235299717e-01 4.102592401832496627e-01 4.023300800641401165e-01 4.035190384594963264e-01 4.129448843946408321e-01 4.147725469943607801e-01 4.109598617725506720e-01 3.956000723407457342e-01 4.040538160660258615e-01 4.015203533693505467e-01 4.055856118059592008e-01 3.866014291318736751e-01 3.938389369506802296e-01 4.069824030206456444e-01 3.947451191089249023e-01 4.113689100511308538e-01 3.988458513984967646e-01 4.063219234091967613e-01 4.078462038968260761e-01 3.976853298412922344e-01 3.924104602775549955e-01 3.934688625706671550e-01 4.001300847475480205e-01 3.935656805515822532e-01 3.835712885109852643e-01 3.922569362188891295e-01 3.850340803193071371e-01 3.725518072144148318e-01 3.793348323035535818e-01 3.810377938228463046e-01 3.877915618766543115e-01 3.790244006531036103e-01 3.805004396941611411e-01 3.712205421532481786e-01 3.850974140327260709e-01 3.841959930000930501e-01 3.809004629770932349e-01 3.906365718645377072e-01 3.924685695790178230e-01 3.833052837456720208e-01 3.834986057020180472e-01 3.889267761172223170e-01 3.796647722824805782e-01 3.785962113840943832e-01 3.790100612192079388e-01 3.842057212152246715e-01 3.788077914498211296e-01 3.933914916720790411e-01 3.860089636097873700e-01
1.036442838537917494e-01 1.358044132430939743e-01 3.261688671953090757e-01 1.000000000000000000e+00 3.672406897480031129e-01 4.220925282659649946e-01 5.611238213512775852e-01 5.317080746166503724e-01 5.786843096392730867e-01 5.158568644174236217e-01 5.825923053004845586e-01 6.366013706348475631e-01 5.402700920410056229e-01 4.989900726820720722e-01 6.168523939454707561e-01 6.253946674108570303e-01 5.800847653919546376e-01 5.542210647452732175e-01 5.865067195352079432e-01 5.637771066844750045e-01 6.055677905572610653e-01 6.128440174757253667e-01 5.630663911401113664e-01 5.571435569586490333e-01 5.996915739846062632e-01 5.975501599253018048e-01 5.953803911724149245e-01 5.933167591639391114e-01 6.101773715887744975e-01 6.184783916690671512e-01 6.219937200127616528e-01 6.235719474871133094e-01 5.937422387962038028e-01 6.052637094539546903e-01 6.123481473318534984e-01 6.216235933758247345e-01 6.098176248881755912e-01 6.200123314590643142e-01 6.293858013730175838e-01 5.957989637839192776e-01 6.231134467659913412e-01 6.261411020353262469e-01 6.278308241802637024e-01 6.378412633223906614e-01 6.327156385971114405e-01 6.263536859419858160e-01 6.232098122952487440e-01 6.210556612745469218e-01 6.240696110751948744e-01 6.297262328126302933e-01 6.333926049154149363e-01 6.393435559636266863e-01 6.270566873984965151e-01 6.067327902329253675e-01 6.049975988017139983e-01 6.053272560288733839e-01 6.191334740336628117e-01 6.153884952212022030e-01 6.087535644362207510e-01 6.247968212546766154e-01 6.263729830048954117e-01 6.202584788637113267e-01 6.242710467410701458e-01 6.308650084035442029e-01 6.196534209905811830e-01 6.218152932793462595e-01 6.230207175322154400e-01 6.285471360595172863e-01 6.329718190956232782e-01 6.448947349681867225e-01 6.387601314631794480e-01 6.288277197211451508e-01 6.354357841864780587e-01 6.363875279481447933e-01 6.240516322825395701e-01 6.253700615367758786e-01 6.273616509960395771e-01 6.406006713983402046e-01 6.303469174749322113e-01 6.221358314175712279e-01 6.265147608274397317e-01 6.225744544277673764e-01 6.362108390572088767e-01 6.238830558909500557e-01 6.312831067770173776e-01 6.334259200210740071e-01 6.236213930260772198e-01 6.249409335362684503e-01 6.313757695036388284e-01 6.271476094101564591e-01 6.236311571107298057e-01 6.278452950543518263e-01 6.238955424747265610e-01 6.269105068481997112e-01 6.228930481478391901e-01 6.215498912401048459e-01 6.317376251108429708e-01 6.396454845986997428e-01 6.275517680477950000e-01 6.258917611148070437e-01 6.313421534274108460e-01 6.275026435825964422e-01 6.281670100916703081e-01 6.288918928196771674e-01 6.364120124204336593e-01 6.280975121383302051e-01 6.263031427339464940e-01 6.218652940756861369e-01 6.226916410740991337e-01 6.248864426544089579e-01 6.211645757327869388e-01 6.239874990291368606e-01 6.247817802426212097e-01 6.285483643738442039e-01 6.241309172679213590e-01 6.239358553195770707e-01
6.853053263118867588e-02 1.035347925690751625e-01 2.050465312603667045e-01 3.672406897480031129e-01 1.000000000000000000e+00 2.994048442018814593e-01 4.250799355375963762e-01 4.402576011217390062e-01 4.736432544704661241e-01 3.849838327617971512e-01 4.535695906906707098e-01 4.767439355567028580e-01 4.373546644548542139e-01 3.749593347106213725e-01 4.832597947848611963e-01 4.937799529276342692e-01 4.506153502714261849e-01 4.307515625482858934e-01 4.545221036504314971e-01 4.263857881262136384e-01 4.534260682126628472e-01 4.723569005541432553e-01 4.467855698804749642e-01 4.403156248394751726e-01 4.769378047379279062e-01 4.566984171470837572e-01 4.557816876912050286e-01 4.499935438068101146e-01 4.407462958316785140e-01 4.754599428392382032e-01 4.786775893141044236e-01 4.815393609844408895e-01 4.506578657694567669e-01 4.774409214429490844e-01 4.736934972576770653e-01 4.810204164210278299e-01 4.787902241798191461e-01 4.681191050408447518e-01 4.752231863634467923e-01 4.486404362651217892e-01 4.769999767443682259e-01 4.706393290366546744e-01 4.785767587964606662e-01 4.878833108813922514e-01 4.874097328309297539e-01 4.772368120705485217e-01 4.796498258593895891e-01 4.761280912950101030e-01 4.897232120302262293e-01 4.916714518042495374e-01 4.824671270899691944e-01 5.029230779998832279e-01 4.928893026272487266e-01 4.687213521062717492e-01 4.681455507978217190e-01 4.695094908190312610e-01 4.773553899231083308e-01 4.716294743399302991e-01 4.677910096307116850e-01 4.876607651850547454e-01 4.910247629054580454e-01 4.740435137931364729e-01 4.784830710630477713e-01 4.884340735148186563e-01 4.781138903074688140e-01 4.839196083500322820e-01 4.782114357559570372e-01 4.820220913865873036e-01 4.922939299777956412e-01 4.936058767605455699e-01 4.915265620358815757e-01 4.846669618659089074e-01 4.917194720690387655e-01 4.938721657895063788e-01 4.794097186127711518e-01 4.770534289782884518e-01 4.848184257322025181e-01 4.859463469752235976e-01 4.814392639318197387e-01 4.827276530257306186e-01 4.824117209663428274e-01 4.795359774420467902e-01 4.886169376994119462e-01 4.858928955773531566e-01 4.900702011499514787e-01 4.895819327572722424e-01 4.816750871532395339e-01 4.760425914201703579e-01 4.873419808310591739e-01 4.799658894828347511e-01 4.784553343773106371e-01 4.819762969243105988e-01 4.822446040828048952e-01 4.795750595106521019e-01 4.799671897813335697e-01 4.790777829911982977e-01 4.841117995134785468e-01 4.989358569628567497e-01 4.894642507307239709e-01 4.839039604741314227e-01 4.838657334379520281e-01 4.812999544059465840e-01 4.828072268621270147e-01 4.837171463090317869e-01 4.941398474309090516e-01 4.891026414706792780e-01 4.845359509660085995e-01 4.807330906725164610e-01 4.792266379317457470e-01 4.825848358447829001e-01 4.707485247632425818e-01 4.844377597011125802e-01 4.797046496821131822e-01 4.878025454373821068e-01 4.817799477014807485e-01 4.828882284562858729e-01
3.989123327427206156e-02 1.119341852376900953e-01 2.632087095318546011e-01 4.220925282659649946e-01 2.994048442018814593e-01 1.000000000000000000e+00 5.068797849014331502e-01 4.676024830541049004e-01 5.225404614767202860e-01 4.698550605434913541e-01 5.411156693697886100e-01 5.570650934479992600e-01 4.936350623614297328e-01 4.543460961663051689e-01 5.649384946214222047e-01 5.602044972565570768e-01 5.290446698620639987e-01 4.956717030082380959e-01 5.186500078453676332e-01 4.833516077471060046e-01 5.277243270374127881e-01 5.447256568042260216e-01 4.988181124848336534e-01 4.848858122158957173e-01 5.364394148187264788e-01 5.566291758098370623e-01 5.441622047952573427e-01 5.554092348993773243e-01 5.249869181653523675e-01 5.674794323183453004e-01 5.752856860862833877e-01 5.617648890641130377e-01 5.448391351602609456e-01 5.459724739184794728e-01 5.577156265916730637e-01 5.567633041113407844e-01 5.634088397599222864e-01 5.735611018569964914e-01 5.756837748735986748e-01 5.577379790214140876e-01 5.800328944009217613e-01 5.771596117129139669e-01 5.719236704606738275e-01 5.811920593759516418e-01 5.772979764759218479e-01 5.741016336172027890e-01 5.798744572414277210e-01 5.831627030137387369e-01 5.734977628325332866e-01 5.681688921527807690e-01 5.778579087736672726e-01 5.636089624805177278e-01 5.747037869967490664e-01 5.737044925613424828e-01 5.702517165481866268e-01 5.774390641163733573e-01 5.735881113297085498e-01 5.795738381960232610e-01 5.735381789464911728e-01 5.801901709185641742e-01 5.786120590229417715e-01 5.767889111697122040e-01 5.800971098940252979e-01 5.804924851368347127e-01 5.781321956891816161e-01 5.767537092005879940e-01 5.777981696267244782e-01 5.823443730089985504e-01 5.832298760769789592e-01 5.859374601742820543e-01 5.858687688799625315e-01 5.836985303532444824e-01 5.750920081707142639e-01 5.855352408820697629e-01 5.789403794290768346e-01 5.803882736929677488e-01 5.802956464505355516e-01 5.778766898642972993e-01 5.805704429696179059e-01 5.804275710301125546e-01 5.791021819314735586e-01 5.812164040495704231e-01 5.834041033573397206e-01 5.788028321291155409e-01 5.834787456871207700e-01 5.803784847235101685e-01 5.822024962214839006e-01 5.808714326989066201e-01 5.840371973790197124e-01 5.822838431794536973e-01 5.794106911957115358e-01 5.841677195610637252e-01 5.851856377780683127e-01 5.843900642060180228e-01 5.788266118919284109e-01 5.809928048837585957e-01 5.797358225993036740e-01 5.785623993855006919e-01 5.808852250317739774e-01 5.802437117664468458e-01 5.822100735446021913e-01 5.827799927311586581e-01 5.827793790322046696e-01 5.837466498114175506e-01 5.834056309085940972e-01 5.795749484894702208e-01 5.813758834114571838e-01 5.786796298621796897e-01 5.811650675622854756e-01 5.831053329365113447e-01 5.792526568902340856e-01 5.808643182852075704e-01 5.825985805178660604e-01 5.823503739864300810e-01 5.806377431470745032e-01 5.798895464977138481e-01
3.857319387995540323e-03 1.657269371319807505e-01 3.049363017654515562e-01 5.611238213512775852e-01 4.250799355375963762e-01 5.068797849014331502e-01 1.000000000000000000e+00 7.008657266569395805e-01 6.848181860681612498e-01 6.710525150164756703e-01 7.473033773623123377e-01 7.894794423189560595e-01 6.973047808630901123e-01 6.353988186641076341e-01 8.421217035735507617e-01 8.021155307160765524e-01 7.120042117798195402e-01 5.965699140007248991e-01 6.765421128681635698e-01 5.667681197879865795e-01 6.727450186727401693e-01 7.103171681014666117e-01 6.126656994610513163e-01 5.734477201781990052e-01 7.126720819808942675e-01 7.360585340121408304e-01 7.395146604535565160e-01 7.340723341863646390e-01 6.958374474590502956e-01 7.583386026829324056e-01 7.799242806440556119e-01 7.512726498730090130e-01 7.224314034094272419e-01 7.334352273918876008e-01 7.560398146987096224e-01 7.765133166956849076e-01 7.519049200937983901e-01 7.836954069668473633e-01 7.948723755223447984e-01 7.777662580736359743e-01 7.959353335635892535e-01 8.028226959992471601e-01 8.130910603439496231e-01 8.123312025761052491e-01 8.004307895178136567e-01 8.098995802516303355e-01 8.084880810356008807e-01 7.992631440511596130e-01 8.067018186418426495e-01 8.027638043076685825e-01 8.107121056331758613e-01 7.890923913695695457e-01 7.962705256667442777e-01 7.679168051190665700e-01 7.611766810506348513e-01 7.724000764349053805e-01 7.892971516371511953e-01 7.973260110120057309e-01 7.979702713160208294e-01 8.017106324259180017e-01 8.121489729881768982e-01 8.039079482756833483e-01 8.039889566784593766e-01 8.128164457897757433e-01 8.015601146002259147e-01 7.990127728391273054e-01 8.064833357462027896e-01 7.997353941041280834e-01 7.901920433962457135e-01 7.858873813852372825e-01 8.036292776978628538e-01 8.033493111013914056e-01 7.718128224326203934e-01 7.939236564179175115e-01 8.039481011033104974e-01 8.029158706860212158e-01 8.076434148574241911e-01 8.046290522288587210e-01 8.120741301828662273e-01 8.016485121285388260e-01 7.930028896402485650e-01 8.090847178394448003e-01 8.061431148365276744e-01 8.037631327014209681e-01 8.056645525181885814e-01 7.975953326993374670e-01 8.052344431025673099e-01 8.194867944986724551e-01 8.121109424332959570e-01 8.102303516283293483e-01 8.143369963859916627e-01 8.175467880792703923e-01 8.098681421261381130e-01 8.158967349126655666e-01 8.162173461179546008e-01 8.136519928666291479e-01 8.174563711922325782e-01 8.010994038054208843e-01 8.121191600330157634e-01 8.176860868531320437e-01 8.240833360347962211e-01 8.169857196909640074e-01 8.111873561921185694e-01 8.181061106232738744e-01 8.118853138340792475e-01 8.018825257870650924e-01 8.114091276605686076e-01 8.096836275768153346e-01 8.087185863705748101e-01 8.122699967897780704e-01 8.193094961878633065e-01 8.120417559572963295e-01 8.125768783241428261e-01 8.156391091421044681e-01 8.095095367556003341e-01 8.068352519002269796e-01
6.411767106016295903e-02 1.834228065075104996e-01 3.312114261914181901e-01 5.317080746166503724e-01 4.402576011217390062e-01 4.676024830541049004e-01 7.008657266569395805e-01 1.000000000000000000e+00 6.897922256515136574e-01 6.498925537209920833e-01 7.114124698273966985e-01 7.452701224296216509e-01 6.682947379340614669e-01 5.917751062519092109e-01 7.691180877504909530e-01 7.766643800527277541e-01 6.783871272042858447e-01 6.138490530536470091e-01 6.624259431098498130e-01 5.860369164222742899e-01 6.741003340848765735e-01 6.976431273459693383e-01 6.253229051100982483e-01 5.992808398018386606e-01 7.043488118846520374e-01 7.210106204929375151e-01 7.058959133015842990e-01 7.039080707351410560e-01 6.703485033398590698e-01 7.460693479057260991e-01 7.506775201730276903e-01 7.361969716365714955e-01 6.992765474854908403e-01 7.053656011958264749e-01 7.312280727133656510e-01 7.302646628941036333e-01 7.248429282966859510e-01 7.587425610777174256e-01 7.552113071319168647e-01 7.448209790629768401e-01 7.582419835983220668e-01 7.576219110311698257e-01 7.630434561341287170e-01 7.688269665467851732e-01 7.614945738552140186e-01 7.615896057573608990e-01 7.602334142308879716e-01 7.607219985218711678e-01 7.737795940337777179e-01 7.592853196946510730e-01 7.717687335856612263e-01 7.400888919976805758e-01 7.576924527126780440e-01 7.457627743178721902e-01 7.494090532064336951e-01 7.502363404311538364e-01 7.637862796102351526e-01 7.611557904651083950e-01 7.638756715598652436e-01 7.618507930831915909e-01 7.686056537640542086e-01 7.675564072055414133e-01 7.719509116150978789e-01 7.683378478752033169e-01 7.492296145239302207e-01 7.568995282915936818e-01 7.566086535250949874e-01 7.615559337436803578e-01 7.566559053309851457e-01 7.551679502740303862e-01 7.649930222188312534e-01 7.599211195764004056e-01 7.485543297349682712e-01 7.595555676732649308e-01 7.604675903389904734e-01 7.611850254580634356e-01 7.620313338352397992e-01 7.581701189721308243e-01 7.680331888372400329e-01 7.666043987189297138e-01 7.568633208432637982e-01 7.649345165194934015e-01 7.658569231407436062e-01 7.613681343383760236e-01 7.663304502303959209e-01 7.580625888500687193e-01 7.579393265777470967e-01 7.726928465922229261e-01 7.686974515653020035e-01 7.714693912860820513e-01 7.659185321545913805e-01 7.693312389769931814e-01 7.622584786656987355e-01 7.679343549471792096e-01 7.637099022091616840e-01 7.658197330085376731e-01 7.764192748111022890e-01 7.649813031194513391e-01 7.666106902047871152e-01 7.687134646154605289e-01 7.747923601220435552e-01 7.742599265901964900e-01 7.638794797235366474e-01 7.688211831277541597e-01 7.662939321096047252e-01 7.672995334522170197e-01 7.680005616271171620e-01 7.654153107600253358e-01 7.697013056876921278e-01 7.669711379674450935e-01 7.726259469598005802e-01 7.657184655579110100e-01 7.671473891065622164e-01 7.691725273580244382e-01 7.603138909441531368e-01 7.590912436739807312e-01
1.796324730433042083e-01 2.047444828782933879e-01 4.024105107243373114e-01 5.786843096392730867e-01 4.736432544704661241e-01 5.225404614767202860e-01 6.848181860681612498e-01 6.897922256515136574e-01 1.000000000000000000e+00 7.438744427587704600e-01 7.946308793926514236e-01 8.169261995739045545e-01 7.245031057551795106e-01 6.804606272444019277e-01 8.167793551135084096e-01 8.285256242177913011e-01 8.107554486860375498e-01 7.460689938965129331e-01 7.939797476914997043e-01 6.920419804396724661e-01 7.836759227871227251e-01 8.296361063877433217e-01 7.774479647868389742e-01 7.304779811412930313e-01 8.214322214674807388e-01 8.569482303373139320e-01 8.416307261091051650e-01 8.316198640170439083e-01 8.136214412272322338e-01 8.719377396748062559e-01 8.730380110209193800e-01 8.535601962906541607e-01 8.224555947696031710e-01 8.214461363095957314e-01 8.576969582651430279e-01 8.252438766383926039e-01 8.586882837122877810e-01 8.536945377136330171e-01 8.540775186623064119e-01 8.217113945263297969e-01 8.615181823608609735e-01 8.443232011317681751e-01 8.350597046569911974e-01 8.569898331554575144e-01 8.581261001921728360e-01 8.512841503665540266e-01 8.545025498252568630e-01 8.712819747612833288e-01 8.692942757419249711e-01 8.384393326913094358e-01 8.603887198548195725e-01 8.157082706694827046e-01 8.510232302246756309e-01 8.794233850553746512e-01 8.721864369033662800e-01 8.769228525376914218e-01 8.607548785306040617e-01 8.572606777298119596e-01 8.601140425520038546e-01 8.688519458685990404e-01 8.551172544680418763e-01 8.610862788270334800e-01 8.627354930922891407e-01 8.568607308764907282e-01 8.523042785124275156e-01 8.632671582161753898e-01 8.632118641084050026e-01 8.635989065994263969e-01 8.732780605596680568e-01 8.563496453539645170e-01 8.606713607278028144e-01 8.684828186613020584e-01 8.601628059053182396e-01 8.644857969155599342e-01 8.680042963172235337e-01 8.692952305138252900e-01 8.659714713694067756e-01 8.677836861087863118e-01 8.603784711865585244e-01 8.723409979230101197e-01 8.711996239944059806e-01 8.670877326695339837e-01 8.722261886087701033e-01 8.695176946675379215e-01 8.605493201364279310e-01 8.628350973140165303e-01 8.613219791992843266e-01 8.577032735061692614e-01 8.631916524800239410e-01 8.716605705303565044e-01 8.548623590312242060e-01 8.586682501648424948e-01 8.587175914267259902e-01 8.582756551467630723e-01 8.543202766237179002e-01 8.630655822742384631e-01 8.509744477827484443e-01 8.616272929762351929e-01 8.574395901988883795e-01 8.564579348394465441e-01 8.513044250171118987e-01 8.625387623257567693e-01 8.592674653215678360e-01 8.566720612079052888e-01 8.599745330375083707e-01 8.706980018114632847e-01 8.668058877640292259e-01 8.645806392557778830e-01 8.714549373317623804e-01 8.617618259970796224e-01 8.580546340799557470e-01 8.625929794520380556e-01 8.631753592705638800e-01 8.582809421338893907e-01 8.599433649906685906e-01 8.620276073354108393e-01
7.170241403467025876e-02 2.209117622660220770e-01 3.440465898459371119e-01 5.158568644174236217e-01 3.849838327617971512e-01 4.698550605434913541e-01 6.710525150164756703e-01 6.498925537209920833e-01 7.438744427587704600e-01 1.000000000000000000e+00 7.521288168385406037e-01 7.666033757943178095e-01 6.721308684381943621e-01 6.075936900101226446e-01 7.735323328684728938e-01 7.697787539563755166e-01 7.553193656835008873e-01 6.585911949123416376e-01 7.189322407188488695e-01 5.753967405649166311e-01 7.013144620787520322e-01 7.533259427082736881e-01 6.794984532159121793e-01 6.265388109150249463e-01 7.531331090188799759e-01 7.882865948796844435e-01 7.816479106912729291e-01 7.758881836895519246e-01 7.302741365594664913e-01 8.051162664770571409e-01 8.071228843369950834e-01 7.839738611058069129e-01 7.704819968802478769e-01 7.678706020722217973e-01 7.901708471318500404e-01 7.750711548016648855e-01 7.913425054825270477e-01 7.974044153471362417e-01 8.014144143918965346e-01 7.855346595012985267e-01 8.100208137199254033e-01 7.969994360774077524e-01 7.859180459281605025e-01 7.982821668004773663e-01 8.014839467812295837e-01 7.973878402955019151e-01 7.995949375484860955e-01 8.188987594996839370e-01 8.045809719024076268e-01 7.836832817473663448e-01 8.059730167973004900e-01 7.587471670036760596e-01 7.872617893065468886e-01 8.107905602403294720e-01 8.013945306988189410e-01 8.099070805049062294e-01 7.952674490727424939e-01 8.057350922939533477e-01 8.103527022017481540e-01 8.069512380115648753e-01 8.049984184230595252e-01 8.084161383579481219e-01 8.053325348783800797e-01 8.009194281075180388e-01 8.011357531372882423e-01 8.005078936901712794e-01 8.088516716686612318e-01 8.078185576741034879e-01 8.057752590606044318e-01 7.856616601472078409e-01 8.046641869968422789e-01 8.131516776645364430e-01 7.879692063706726923e-01 8.036338048203989226e-01 8.141384247570311317e-01 8.133266463878005004e-01 8.100779643479670833e-01 8.040337915963176041e-01 8.087678852495612247e-01 8.159313963486065635e-01 8.121015928028039177e-01 8.139365475062362298e-01 8.116373462827263241e-01 8.121379477030256089e-01 8.036159842305127254e-01 8.070018985983175019e-01 8.111057669327150776e-01 8.085886936334908404e-01 8.078418156756466129e-01 8.142636733400763216e-01 8.080945928796576805e-01 8.073334743188659290e-01 8.085594635646182748e-01 8.063198408100524794e-01 8.053686349999762406e-01 8.096284029401117355e-01 7.913313296227657556e-01 7.946673218391024918e-01 8.012238381365093254e-01 8.052972001614522313e-01 8.016266824375971600e-01 8.091334226537214569e-01 8.038491682359770740e-01 8.055989434270751648e-01 8.029720959387123269e-01 8.042847459093721563e-01 8.075003383716625738e-01 8.108845584626226399e-01 8.134431456889097412e-01 8.071850841293297663e-01 8.064204223217120715e-01 8.071186227472000319e-01 8.084920621648615802e-01 8.027801263212831495e-01 8.072388861834143281e-01 8.044032190622081302e-01
1.872807232009353687e-02 1.651849293386567219e-01 3.767951106082350621e-01 5.825923053004845586e-01 4.535695906906707098e-01 5.411156693697886100e-01 7.473033773623123377e-01 7.114124698273966985e-01 7.946308793926514236e-01 7.521288168385406037e-01 1.000000000000000000e+00 8.640302268311930156e-01 7.687079110904080359e-01 6.846213070822649849e-01 8.750879899617804991e-01 8.638453408705407677e-01 8.088595003153662422e-01 7.090995523358246677e-01 7.724785523839746704e-01 6.374111805254503160e-01 7.676661763058575394e-01 8.161734517125860400e-01 7.182234860206029303e-01 6.803699692435319912e-01 8.202798862202073105e-01 8.573801531096757467e-01 8.518856130155715300e-01 8.353094429211349592e-01 7.904724273554387670e-01 8.827310216824565403e-01 8.970732000892579494e-01 8.521404856503622671e-01 8.362280448928410825e-01 8.374881502873938732e-01 8.593728356390639700e-01 8.563730231849435715e-01 8.744516163866266067e-01 8.767481583585465810e-01 8.872206817424772574e-01 8.476504101198870655e-01 8.938180562708302190e-01 8.881961939168155906e-01 8.769399904947122737e-01 8.965625276557381840e-01 8.918935767581178675e-01 8.900003028196489252e-01 9.002079594039740229e-01 9.018436475805942099e-01 8.998421046510046706e-01 8.806707895860639290e-01 8.944798324392557731e-01 8.726653799106903753e-01 8.931892409674890843e-01 8.818982753410476993e-01 8.764059294551569401e-01 8.843925198303308477e-01 8.872306366245075182e-01 8.959330820417885644e-01 8.958853490677400888e-01 9.003176742812305511e-01 9.039094827344994476e-01 9.008299853357839559e-01 8.995192813871627502e-01 9.025919436608489388e-01 8.966308649681727916e-01 8.965237622076456248e-01 9.015534685997191877e-01 9.016392336495775428e-01 8.935395761103555046e-01 8.811533250071141854e-01 9.012193406657310613e-01 9.031273867829752167e-01 8.777165403846476366e-01 8.959783419459800280e-01 9.084346862218305452e-01 9.062044657614362064e-01 9.026067897283157615e-01 8.966080052472320538e-01 9.041421780287687282e-01 9.083500576406715599e-01 9.031019081545582639e-01 9.092795582872229554e-01 9.006249888503553569e-01 9.033780187192614886e-01 8.951211054429845104e-01 8.966540672902063580e-01 9.015435083049089249e-01 9.040249676093788933e-01 9.055863072689175342e-01 9.026102312622064083e-01 9.019192055741896974e-01 9.069784839476088267e-01 9.056961964630615425e-01 9.060099181585820061e-01 9.053376423197321277e-01 9.075899272698287890e-01 8.922031035008867184e-01 9.005304398913960284e-01 9.061736681727352583e-01 9.056695611243839039e-01 9.023903076604031792e-01 9.080071248351867519e-01 9.035073636175103839e-01 9.068614389409797027e-01 9.053474303441597648e-01 9.008058542420468440e-01 9.068213586423382599e-01 9.076698556805320450e-01 9.067485653287725711e-01 9.076200774461787857e-01 9.062966604193032349e-01 9.075261566811569924e-01 9.061916182222921057e-01 9.052615695243739768e-01 9.049619438097629143e-01 9.043516295145900274e-01
3.558878686375034628e-02 1.637292818643927839e-01 3.698873446284531852e-01 6.366013706348475631e-01 4.767439355567028580e-01 5.570650934479992600e-01 7.894794423189560595e-01 7.452701224296216509e-01 8.169261995739045545e-01 7.666033757943178095e-01 8.640302268311930156e-01 1.000000000000000000e+00 7.916811840149646784e-01 7.180720408001018962e-01 9.021120679057442748e-01 8.963096795700884467e-01 8.357289445838540498e-01 7.229842084557676074e-01 7.931947895655282466e-01 6.874783460777020849e-01 7.879618627098556871e-01 8.414170452638217723e-01 7.388115165407705964e-01 6.996604207031088540e-01 8.319182556639832526e-01 8.646245012361449822e-01 8.674763078695777452e-01 8.494639642453459816e-01 8.084369081575163429e-01 8.904681359344728264e-01 9.098278992825458156e-01 8.741093052603567948e-01 8.460608384027653583e-01 8.491275532732451836e-01 8.769516198798623652e-01 8.766308736709134131e-01 8.832143820537812218e-01 9.005103337005909703e-01 9.113985710889633829e-01 8.672426803908899196e-01 9.188512289896029195e-01 9.117580296307654653e-01 9.059256507785011792e-01 9.248519735455609236e-01 9.175167631082975506e-01 9.197864007469941372e-01 9.276049028577536548e-01 9.263810109315109287e-01 9.252356111246309300e-01 9.114254955962326488e-01 9.256806005450307628e-01 9.012346546275049608e-01 9.205306046548727972e-01 9.074809736199384025e-01 9.000367122094471428e-01 8.991115061850567525e-01 9.154773560403793864e-01 9.235521679282027163e-01 9.217244619704387798e-01 9.317322876148432798e-01 9.329626436233769970e-01 9.294718608018498474e-01 9.260240607235795673e-01 9.319572693179631884e-01 9.242883317267884813e-01 9.272606412777403273e-01 9.279344401648370599e-01 9.237129208943581915e-01 9.181444028860963336e-01 9.146346955137351076e-01 9.268523429230113297e-01 9.278688720014520719e-01 9.026744911880273392e-01 9.220809214643090890e-01 9.278089053968348043e-01 9.289640465821018545e-01 9.270537284277673429e-01 9.228592064890286384e-01 9.292603994433040748e-01 9.270664237427557186e-01 9.228775528882983137e-01 9.312729826481097595e-01 9.264903278267745401e-01 9.264518281229624508e-01 9.221831269987021962e-01 9.205913151053854993e-01 9.233906490554401048e-01 9.280574884791608081e-01 9.313495600356651583e-01 9.257725891249320993e-01 9.216823295018821138e-01 9.321615973877824812e-01 9.294551391658621986e-01 9.315491274018170564e-01 9.334250750572835598e-01 9.342320955237919389e-01 9.204821710200993268e-01 9.302621400739956581e-01 9.343652166153124661e-01 9.333690033984428647e-01 9.307296324936490395e-01 9.345593825012252776e-01 9.323256405279415349e-01 9.346652306071185912e-01 9.334786291464338692e-01 9.294665499442021916e-01 9.342148781157990634e-01 9.315697545629237908e-01 9.294092223652589135e-01 9.339489127410037783e-01 9.297854253956249204e-01 9.352317885356378202e-01 9.338988264146419471e-01 9.352478042556549021e-01 9.314131342523073176e-01 9.335759809533180631e-01
-5.847875521345185547e-03 1.444690794694807323e-01 2.958003822647268799e-01 5.402700920410056229e-01 4.373546644548542139e-01 4.936350623614297328e-01 6.973047808630901123e-01 6.682947379340614669e-01 7.245031057551795106e-01 6.721308684381943621e-01 7.687079110904080359e-01 7.916811840149646784e-01 1.000000000000000000e+00 6.454036413012701479e-01 8.099386425555507030e-01 8.056346497712519872e-01 7.345067389382161638e-01 6.480651067813820720e-01 7.001517927961597998e-01 6.180656067657009922e-01 6.968449800142656470e-01 7.404669201587854577e-01 6.544793859854364237e-01 6.301714115475056666e-01 7.506682557045789572e-01 7.797990380895643003e-01 7.645230191949498044e-01 7.488568517264846403e-01 6.951487883599423157e-01 8.050118419136401693e-01 8.236143148134148495e-01 7.682179478310531273e-01 7.436540483112656919e-01 7.471408277926896435e-01 7.853173107387464436e-01 7.705867819979976829e-01 7.967030542038021634e-01 7.938471489679377324e-01 8.066332375919709197e-01 7.624217669676044418e-01 8.215765631812705916e-01 8.126217618124964570e-01 8.077230155350674234e-01 8.278836435691460105e-01 8.216077990953836174e-01 8.184050665565816285e-01 8.311475001124476458e-01 8.296696649123154188e-01 8.221694406171762282e-01 8.006534892606408382e-01 8.157052888252925849e-01 8.007791606013573427e-01 8.250742171183139684e-01 8.092626378811387244e-01 8.037524923157550738e-01 8.088024365236100577e-01 8.022632032720828921e-01 8.262084717815038060e-01 8.203713062239139653e-01 8.331822323803281805e-01 8.393589084736877703e-01 8.280058187494917510e-01 8.242152097051174131e-01 8.270369213484988213e-01 8.265125749302567604e-01 8.286232318427113608e-01 8.329848300836194541e-01 8.298446594114005093e-01 8.288574358778456608e-01 8.208486265713854646e-01 8.283072462155904869e-01 8.308944143457478448e-01 8.134035510578401240e-01 8.291115548496785781e-01 8.355240477963741252e-01 8.298817117258613374e-01 8.288400614543423028e-01 8.166832405387227656e-01 8.343902303051179414e-01 8.382085099906346759e-01 8.327172514776099987e-01 8.383957590804295146e-01 8.262633130777320423e-01 8.296056336463673020e-01 8.233771546253938478e-01 8.260132960164229265e-01 8.257545725305975859e-01 8.322560168923222035e-01 8.347223762789139911e-01 8.322172531658372785e-01 8.225645073666482121e-01 8.367325751630615427e-01 8.359512780384209529e-01 8.359859406816554372e-01 8.399865905370732522e-01 8.393059103461328885e-01 8.274243418292447361e-01 8.326402012846005896e-01 8.404042736922932022e-01 8.363652563723457112e-01 8.361413703693562072e-01 8.374065612045936691e-01 8.369616398366347410e-01 8.388262267029191754e-01 8.364289252672811870e-01 8.323102473001279256e-01 8.386252325205381108e-01 8.387386387231549056e-01 8.384323250448926235e-01 8.393413067582762288e-01 8.358666216021333195e-01 8.407884868055306438e-01 8.384322066762157633e-01 8.391211548314425617e-01 8.335132379704003336e-01 8.371092200305937370e-01
