1.000000000000000000e+00 1.133516217660056197e-01 5.771600315269239528e-02 7.560099008736057002e-02 2.712524031075535386e-02 3.805182385750127683e-02 1.621353535533184495e-02 3.447122003876910284e-02 2.370399195897671119e-01 3.079382946909690541e-02 2.903421694110075793e-02 2.775254345703209724e-02 -1.570171953063135119e-04 -1.872880337158228797e-02 -1.639559271671592322e-02 2.814027416626093629e-03 8.496072435913097631e-02 2.516478743273719426e-02 1.490172043207435223e-02 8.239701053989037516e-03 1.922524770469949754e-02 5.764279850709752399e-03 -9.705883596694237642e-03 -7.005202867398534379e-03 1.199372523578691799e-02 2.074185834371887818e-02 3.745720930528905618e-02 -2.137966329871765839e-02 2.489877468485688847e-02 9.147969098065442117e-02 7.533209581510579012e-02 1.474136450829674656e-02 -5.699365954412897312e-03 2.034649050384698069e-03 6.444488804074827160e-02 -4.066660669525856697e-02 1.313631560124393395e-02 -2.066889986127222120e-02 -1.001727409959572365e-02 -7.463209997901056048e-02 -6.584838092295089949e-03 -3.770420399743582007e-02 -5.223645325500685110e-02 -9.610972057955576714e-03 -1.262347548451346266e-02 -6.568835901446455107e-03 4.071034612066608618e-03 2.939403626820040819e-02 3.230635156380932960e-02 -1.595166437395070759e-03 -2.739466694194715897e-03 4.336671465197457654e-04 1.612657936561331593e-02 6.328201269383393335e-02 2.848782907956342800e-02 -2.035334572097102085e-02 7.659177639599364096e-02 1.031427229659572127e-02 1.945624578815277964e-02 6.345612633366670696e-02 4.480435196221388590e-03 4.079904196132004557e-02 3.695657856207985870e-02 3.701617785970810759e-02 5.936026167933048520e-02 6.890596224431184968e-02 2.422171740101606088e-02 2.005001526835033677e-03 1.779214240488631929e-02 6.127085328173996655e-03 4.736197274510447509e-03 7.831903871663371125e-03 3.763245446874438627e-03 6.159183290915852538e-03 1.347053854488480459e-02 1.588308744639874842e-02 -1.956379026840465458e-03 2.243578837830563152e-02 2.064590419113465636e-02 4.060692093071446851e-02 1.981383326258065111e-02 3.031056103857721062e-02 1.388713108721214770e-02 9.757464324858852039e-03 -8.214163903243695136e-03 7.978031269936666781e-03 6.017372473092651641e-04 -3.089404512859636725e-03 9.846461956992401052e-03 2.074727997329951432e-02 -1.515700521298834341e-02 -8.770444808863174860e-03 8.279870387269401381e-04 -6.611007171613071968e-04 5.378146417322363614e-03 1.442797894836159167e-02 -5.329928937929806140e-03 4.247302217805352942e-02 1.553386772090033403e-02 -9.077072625780899587e-03 -1.521300124009156499e-02 2.283750339415547073e-02 1.392530899292421416e-02 -1.007693063257732158e-04 1.661684866105712921e-02 5.000874633582488848e-02 3.038687177765038092e-02 1.421027602122476412e-02 8.314802757531604763e-03 1.213430269103957931e-02 8.845860888696911511e-04 3.352152350529568475e-02 2.365718709201763623e-02 2.950803858552122211e-02 3.564366651420675797e-02 4.247237307238409948e-02
1.133516217660056197e-01 1.000000000000000000e+00 4.766168546188492838e-02 6.418116780628763118e-02 5.222906552759042781e-02 4.413095539078469576e-02 1.068547245633779397e-01 8.931451574608650912e-02 1.434965015507281560e-01 1.119415790422480100e-01 1.059498044589839150e-01 1.160521742198849515e-01 1.029746089632340156e-01 9.388006016553986088e-02 1.223628178210386386e-01 1.318621971360368350e-01 1.093407096303148363e-01 1.275919152576469318e-01 9.616545208529209132e-02 1.231553449633178976e-01 1.059461756745728039e-01 1.079318282361174663e-01 1.141868116460566934e-01 1.071257836092152360e-01 9.767849002020212446e-02 1.471719586506751720e-01 1.379609962853922400e-01 1.161526386973404518e-01 1.358179075548990866e-01 1.619322705253214700e-01 1.494136443138383563e-01 1.401578841727580960e-01 1.207743825645637981e-01 1.342308640366799422e-01 1.474011014514932938e-01 7.977506924796794185e-02 1.176432142625454119e-01 1.189744279975796376e-01 1.152488878060278221e-01 8.570825475547656780e-02 1.200219628440231667e-01 1.009579585891753478e-01 1.080879168582394301e-01 1.157932263706942938e-01 1.055046437289805655e-01 1.202911521870247830e-01 1.130565239288180701e-01 1.344271673781385068e-01 1.369139061730502427e-01 1.009133226159123764e-01 1.140782394879026329e-01 7.357336094817783223e-02 1.062767005868490433e-01 1.482105139647850456e-01 1.392993611133262200e-01 1.276592289378906675e-01 1.464852976774939086e-01 1.251966490492769923e-01 1.337433013456743591e-01 1.353484098122653967e-01 1.209513474899650970e-01 1.340031049324077461e-01 1.402543774874283333e-01 1.215987072708095418e-01 1.140638969353714866e-01 1.328521978805334569e-01 1.239011181016270169e-01 1.206341609812033033e-01 1.402063309541182468e-01 1.315701241122216314e-01 1.160597151612387384e-01 1.163328310398767801e-01 1.378760897841825039e-01 1.167649431915186164e-01 1.329925980443383837e-01 1.303565918981930694e-01 1.268452010309431832e-01 1.311961365545563363e-01 1.301866520979449715e-01 1.390984246647191946e-01 1.325058234852163341e-01 1.346566841861356612e-01 1.259248723712127205e-01 1.319735342390006283e-01 1.144741945660205373e-01 1.369061551261958609e-01 1.202799384977906033e-01 1.233525142798177904e-01 1.242977844893724121e-01 1.343132719210737847e-01 1.166893127376106148e-01 1.187839711009513327e-01 1.150723699244287773e-01 1.167421339435808086e-01 1.204210245589696499e-01 1.249517488449815583e-01 1.111924038097744372e-01 1.261411764625438858e-01 1.273701493029679721e-01 1.147962182782439056e-01 1.148926937434824325e-01 1.288424636207456675e-01 1.125444794025766138e-01 1.161636248996127802e-01 1.190616151418598528e-01 1.368366771763445677e-01 1.268528340023712953e-01 1.262084564389753250e-01 1.280779185915809637e-01 1.200162672257680668e-01 1.228485162841837508e-01 1.265922548215316634e-01 1.295313691467490369e-01 1.220878219904169976e-01 1.213188040375734467e-01 1.292139063029593693e-01
5.771600315269239528e-02 4.766168546188492838e-02 1.000000000000000000e+00 2.333900673372264201e-01 1.554510896818996069e-01 1.456119582118045319e-01 2.065732077512777431e-01 1.589267569314584405e-01 2.493889760424404245e-01 1.868092755578382169e-01 2.643839600584019234e-01 2.788178360804844380e-01 2.217784024053937042e-01 2.133818281640327830e-01 2.416238780165788635e-01 2.416801733614057091e-01 2.407828626874645717e-01 2.773554661755166517e-01 2.853597859445566876e-01 1.825369067288344360e-01 2.930667737482601787e-01 2.885131787695824346e-01 2.598008316438873422e-01 2.825809234691451510e-01 3.011646531329458809e-01 2.630836964625196672e-01 2.908500768199732134e-01 2.667998412830619448e-01 2.871307765760262032e-01 3.006514628153474367e-01 2.905154010309697887e-01 2.725626770183081637e-01 2.842534706648097709e-01 2.619271895332067057e-01 2.815394700266697914e-01 2.447186106021153329e-01 2.692267418601394513e-01 2.694348576539189466e-01 2.721679750442114742e-01 2.414111393518730275e-01 2.709142940390246723e-01 2.633250522484383849e-01 2.411600932240988981e-01 2.647036530677515098e-01 2.728909561281110951e-01 2.705701898392061100e-01 2.669532544987230915e-01 2.638458043069876191e-01 2.662426217001250262e-01 2.714007438677035755e-01 2.621418186494463010e-01 2.622559996944717198e-01 2.409947881766496824e-01 2.539615954250517560e-01 2.552096576192290911e-01 2.607478108705597042e-01 2.385165645914119059e-01 2.616609209406439152e-01 2.525995995978499442e-01 2.593606376056991070e-01 2.603215630862015795e-01 2.484213684001700118e-01 2.491730851307200345e-01 2.532661052198841301e-01 2.668524409537527120e-01 2.496619600184583343e-01 2.685000321190977868e-01 2.801564428666735718e-01 2.820206257710574094e-01 2.606084434204199995e-01 2.928506767668722088e-01 2.923157946561497078e-01 2.801563439646185816e-01 2.961965032749591664e-01 2.767542408572916113e-01 2.815083371829394387e-01 2.749264561946684338e-01 2.863495211405674423e-01 2.763588985591059477e-01 2.903165268287027923e-01 2.706642163451583039e-01 2.816253069431887135e-01 2.747082807285067818e-01 2.789498898177191211e-01 2.863941598049009607e-01 2.787633257790115837e-01 2.739690542891186076e-01 2.792867313212035740e-01 2.752997306923020138e-01 2.706566413753976885e-01 2.789735340483302517e-01 2.700714947005058431e-01 2.689199560558691582e-01 2.718239497023755002e-01 2.673889904965765507e-01 2.675285450198691684e-01 2.719389641695212911e-01 2.639726064089708557e-01 2.633131822630966901e-01 2.682308966412883522e-01 2.630241729621807800e-01 2.634178247119757788e-01 2.607062071517957103e-01 2.679470299660867139e-01 2.708383248833745593e-01 2.586270870890248763e-01 2.664389402107542049e-01 2.673788050476452183e-01 2.682155780325208294e-01 2.655455127273149141e-01 2.604950814203266796e-01 2.644291723647531622e-01 2.611711872401296097e-01 2.629580844237099924e-01 2.701870153888156212e-01 2.609464849205914150e-01
7.560099008736057002e-02 6.418116780628763118e-02 2.333900673372264201e-01 1.000000000000000000e+00 2.998950824045956698e-01 2.559689789144640182e-01 4.152839406135773737e-01 4.377547642647575676e-01 4.458464636594812736e-01 3.174103269138829897e-01 4.390698123699763866e-01 5.090258334152111264e-01 3.748444411052054837e-01 3.815562843404790572e-01 4.641646303610600377e-01 4.740925727424535885e-01 4.458042489841939626e-01 4.136624537858439310e-01 4.516807099322274754e-01 3.805868051351055659e-01 5.350776611764580526e-01 5.087851713897000305e-01 4.033269652139183647e-01 3.789754747729647821e-01 4.629366419522444320e-01 4.753839392154147192e-01 4.953840406943402219e-01 4.796783732545741863e-01 5.118709418726771210e-01 5.240968408017387947e-01 5.139557275795185731e-01 4.446725251315983840e-01 4.770242005730124246e-01 4.213353936694158031e-01 4.741148455395914896e-01 4.349302200645096539e-01 4.748722064241538421e-01 4.763349720632885087e-01 4.912891487870697516e-01 4.279108567015441067e-01 4.580306290950453829e-01 4.668384758541006541e-01 4.386634492347754599e-01 4.925989085429694492e-01 4.897110398491629213e-01 4.910539175927307043e-01 4.569734485709651683e-01 4.528410904302370699e-01 4.701229716059175945e-01 4.733884946164146346e-01 4.721222543860237875e-01 4.795134498455075334e-01 4.807923475620375919e-01 4.549481842457543390e-01 4.733750940897951676e-01 4.494334268518163644e-01 4.654593536644626717e-01 4.677270378314332677e-01 4.658159362768483636e-01 4.695366332171400647e-01 4.647347919080623280e-01 4.719964814197114000e-01 4.706930405477839918e-01 4.710780629782880813e-01 4.903619937879528101e-01 4.696581018063158974e-01 4.548386124086069016e-01 4.590429593926097507e-01 4.627961183685614932e-01 4.588050645907615355e-01 4.999172975052673107e-01 4.836922930855831471e-01 4.422079066859968544e-01 4.834217708871220709e-01 4.732869001568907885e-01 4.794904819209834801e-01 4.767901480927745905e-01 4.975224398858585362e-01 4.859718064405545990e-01 4.917609270961775803e-01 4.793421620626404644e-01 4.859593160568801418e-01 4.674993334705464521e-01 4.670345501577491398e-01 4.721534313422844353e-01 4.585090551435383466e-01 4.702827223437278104e-01 4.701064106778363727e-01 4.741684736043573767e-01 4.657020120739185920e-01 4.753119609043782168e-01 4.675158547911100193e-01 4.731420331114469802e-01 4.821818706941752297e-01 4.532821224490495293e-01 4.551392481823897662e-01 4.780294554166954479e-01 4.747819622144590634e-01 4.684244541353659863e-01 4.688999400309808996e-01 4.561181676870642576e-01 4.753332457252397725e-01 4.716000775815882839e-01 4.782827988320771939e-01 4.769128043155645980e-01 4.728402537078304491e-01 4.663267139183582821e-01 4.550951549366252236e-01 4.586911436881291326e-01 4.694060085943834171e-01 4.656600134307457561e-01 4.636777501464781626e-01 4.681449981175045405e-01 4.697914966240823165e-01 4.768698436707143884e-01 4.738114590763871092e-01
2.712524031075535386e-02 5.222906552759042781e-02 1.554510896818996069e-01 2.998950824045956698e-01 1.000000000000000000e+00 2.179440882370168309e-01 3.964312326548690146e-01 3.904152302285480158e-01 3.512162247486704247e-01 3.039612944706955311e-01 3.738840548483261528e-01 4.222086577752146019e-01 3.843606285881676077e-01 3.509786136955955205e-01 4.252697275020765888e-01 4.293453391945341591e-01 3.732302885461094566e-01 3.912704431992827248e-01 4.076541574701020854e-01 3.711299642482978056e-01 4.246099265833817582e-01 4.280812271402841263e-01 3.961648436975787613e-01 3.661764367091428496e-01 4.161359783253100186e-01 4.247552943377576606e-01 4.294295038595530301e-01 4.379448821058028463e-01 4.014571749878056428e-01 4.314063330441510469e-01 4.403252522898331023e-01 4.182193031217656953e-01 4.403080972530152848e-01 3.885296943573310346e-01 4.271122994888174595e-01 4.157021098324240049e-01 4.284401015415626457e-01 4.317809643820446630e-01 4.420222803605639572e-01 4.284977799746009786e-01 4.273735687914086978e-01 4.375007782073085383e-01 4.402475867903223872e-01 4.513625085251902758e-01 4.411017820969013736e-01 4.441737479431558389e-01 4.262821976580500327e-01 4.179266623500742517e-01 4.214857643030195389e-01 4.137646001234944193e-01 4.204926430758697542e-01 4.145997695484288093e-01 4.258137263645205284e-01 4.025254747620830020e-01 4.139800855680552116e-01 4.282964641703154718e-01 3.911508420920625229e-01 4.274913727743777092e-01 4.113291593538010438e-01 4.206807029158189382e-01 4.247110116153375303e-01 4.102603155895582776e-01 4.020905588255233032e-01 4.108065842616321905e-01 4.132728808506564433e-01 4.020840811652363067e-01 4.169307798238908180e-01 4.284139234007811048e-01 4.302208677842130902e-01 4.401976733121407137e-01 4.471222422834474908e-01 4.410016655536503349e-01 4.239358637208175962e-01 4.410139857232091010e-01 4.285962816557500332e-01 4.292340586682172332e-01 4.297802557527504175e-01 4.232513304490024830e-01 4.335129479934851648e-01 4.300783530558242029e-01 4.286419536380466910e-01 4.280235049871074504e-01 4.217626432593633568e-01 4.254635682527069251e-01 4.359865847941973294e-01 4.243694791077763373e-01 4.310450724872731398e-01 4.302220343430624983e-01 4.304584139340911775e-01 4.195313057178078897e-01 4.417143092949277206e-01 4.348025489808146071e-01 4.321093803519500121e-01 4.348012752499424982e-01 4.215459513713412654e-01 4.189946609723857462e-01 4.319834628865919512e-01 4.053104380004758922e-01 4.207702618382259119e-01 4.284418247414464309e-01 4.345693727694644459e-01 4.135818892234294775e-01 4.242215496065962488e-01 4.359713187835485004e-01 4.262023394982697999e-01 4.032339643340348556e-01 4.156097958766751255e-01 4.185818343730108859e-01 4.199646741670761685e-01 4.245480245954423859e-01 4.174414760857379503e-01 4.196239341981590210e-01 4.137384243559456554e-01 4.198568383378847857e-01 4.214406473554512811e-01 4.142756988540353125e-01
3.805182385750127683e-02 4.413095539078469576e-02 1.456119582118045319e-01 2.559689789144640182e-01 2.179440882370168309e-01 1.000000000000000000e+00 4.096595808104396830e-01 3.442879886438755532e-01 3.677517879861723626e-01 3.449698989847400643e-01 3.907104685723500892e-01 4.341888890538213031e-01 3.863541638657079780e-01 3.968942560906724148e-01 4.586191184800112453e-01 4.355200366716078242e-01 3.950636917415028537e-01 3.621629696688800082e-01 4.051843356405163687e-01 3.341578274941726101e-01 4.219257996707933001e-01 4.101795273041807799e-01 3.915594888053656741e-01 3.571210992631768111e-01 3.960755459066519490e-01 4.523665159601739649e-01 4.588985207321066295e-01 4.589130076467572428e-01 4.381454459130436629e-01 4.551518671697768470e-01 4.667015261238374180e-01 4.421550646007030849e-01 4.405124379472992735e-01 4.154807985699501827e-01 4.472201094065639260e-01 4.371509074211997747e-01 4.555535761089863356e-01 4.608033612120647771e-01 4.780533142060917617e-01 4.425166824649863773e-01 4.703503587043530998e-01 4.642074055329157845e-01 4.512705141890313576e-01 4.779175638649781899e-01 4.689246408333661575e-01 4.800889739787634891e-01 4.702284758202229242e-01 4.692410556983407366e-01 4.623458483093228488e-01 4.445606900363261449e-01 4.587226165109181686e-01 4.463714961623812538e-01 4.617719659439464830e-01 4.634203356557894948e-01 4.632746483730380560e-01 4.710069393643582791e-01 4.418079428059022984e-01 4.716036102699145416e-01 4.669108682981167324e-01 4.693733076943669702e-01 4.633459600575733917e-01 4.618432150025378324e-01 4.587934335216961035e-01 4.519919493128856103e-01 4.616755902959180924e-01 4.501593023201775901e-01 4.721487059011035270e-01 4.671002399231063418e-01 4.675272382991076947e-01 4.610381129301225345e-01 4.711929830486809023e-01 4.707283321053096770e-01 4.563256770401618589e-01 4.660260369107017686e-01 4.781825714128930538e-01 4.767784052712034648e-01 4.823241778452600492e-01 4.759053486458258986e-01 4.801807855181128293e-01 4.709677070884278893e-01 4.761886361922152977e-01 4.782147245772178645e-01 4.745541514771077218e-01 4.746708985772414291e-01 4.746215150371910219e-01 4.668206828756586990e-01 4.764105578570053123e-01 4.755213345639569544e-01 4.824813863624958232e-01 4.769053692658548060e-01 4.792928982266751459e-01 4.801292463155707457e-01 4.774596432629273357e-01 4.835345211803660503e-01 4.744824187399870330e-01 4.751428631214590914e-01 4.735881362758029844e-01 4.565997414029642765e-01 4.690644352206166934e-01 4.729046052848706050e-01 4.740550701258451349e-01 4.699136394574060516e-01 4.749141537990834161e-01 4.783404819461222202e-01 4.723132745137542110e-01 4.649477730762038852e-01 4.716026355495411271e-01 4.749595259750050147e-01 4.754828752611677811e-01 4.758899793317694638e-01 4.771627931279185386e-01 4.733242766090278719e-01 4.732407267541589024e-01 4.687396318950197149e-01 4.707626874761247637e-01 4.648101064878621957e-01
1.621353535533184495e-02 1.068547245633779397e-01 2.065732077512777431e-01 4.152839406135773737e-01 3.964312326548690146e-01 4.096595808104396830e-01 1.000000000000000000e+00 5.704617510987781692e-01 5.641694499607572411e-01 5.018934334418376775e-01 5.888017505910546623e-01 6.787682630232890757e-01 5.879906551777739354e-01 5.833314314000104250e-01 7.549206760709826769e-01 6.923950463340043937e-01 5.844467184045969432e-01 5.804135790689087804e-01 6.232373842271488051e-01 5.919506572774407838e-01 6.691732758852650953e-01 6.529573378464715860e-01 6.270531202901313828e-01 5.641800362512252587e-01 6.103429418279661123e-01 6.951209262183475346e-01 6.855421271074556566e-01 7.310050297064323299e-01 6.893635848431053370e-01 6.629696038441954542e-01 7.031191638699564317e-01 6.888505838298902839e-01 7.096401850385617438e-01 6.517145463185555210e-01 6.631706311368452678e-01 6.831362561384816123e-01 7.032910830272420810e-01 7.192436593199481587e-01 7.271483508379564809e-01 7.025968127762404203e-01 7.075433149557245338e-01 7.300963653680860865e-01 7.159410912435341112e-01 7.384493098430228164e-01 7.231174699081238666e-01 7.415366841412502907e-01 7.062006154635649402e-01 6.996674703541726492e-01 7.024998349231396100e-01 6.879945757370865556e-01 7.073260033705802696e-01 6.767864156271080622e-01 7.025438323982796662e-01 6.757234526792103013e-01 6.923217197875410900e-01 7.111775398138348026e-01 6.559318326146599265e-01 7.066861845408095588e-01 7.001164261616054096e-01 6.856310034176188450e-01 7.069010591813876809e-01 6.877224350940606135e-01 6.890973095059306219e-01 6.867535431414324432e-01 6.810556991548851746e-01 6.668107805607526029e-01 7.024495411627856845e-01 7.072855662066308557e-01 7.121215793182865683e-01 7.195670366269457663e-01 7.218581632000184989e-01 7.172430043477374673e-01 6.975474307413364050e-01 7.033259864493252023e-01 7.173824941668003330e-01 7.187371962632052025e-01 7.284006900715354060e-01 7.223435504017228226e-01 7.191375659707457402e-01 6.987563067113663484e-01 7.081497889896143372e-01 7.145916047107494506e-01 7.089660889597395599e-01 7.105533889084539867e-01 7.182387713367573978e-01 7.120586092116157895e-01 7.200775176879168349e-01 7.206190229378770518e-01 7.187548253863565995e-01 7.059447274529699889e-01 7.331828614398989696e-01 7.249698200056999831e-01 7.210234239122036426e-01 7.320027456226110285e-01 7.056163004466173838e-01 7.065928312023632696e-01 7.090476754903211054e-01 6.812189198251492606e-01 7.046110546732665680e-01 7.161203035574120745e-01 7.193610686479220417e-01 6.972058977106185829e-01 7.066678514271680367e-01 7.169833543911451335e-01 7.048967716079581614e-01 6.873554130935343176e-01 7.000960631287337366e-01 7.055606356259374046e-01 7.088848651594206185e-01 7.076796803767082533e-01 7.117981168086319199e-01 6.963910530333105031e-01 7.012703816661451928e-01 6.998879214398104898e-01 6.957782870786367591e-01 6.874087596059974548e-01
3.447122003876910284e-02 8.931451574608650912e-02 1.589267569314584405e-01 4.377547642647575676e-01 3.904152302285480158e-01 3.442879886438755532e-01 5.704617510987781692e-01 1.000000000000000000e+00 5.504987909161982440e-01 4.410443489955284124e-01 5.214186886047889047e-01 6.262944541095327722e-01 5.677241708390484698e-01 5.087648817939904866e-01 6.574495788912105843e-01 7.169618770401281482e-01 5.789555273540079039e-01 5.307816068940142129e-01 5.529622894913859277e-01 6.337993023726964381e-01 6.434840762964547656e-01 5.999524798531691294e-01 5.663720331345755143e-01 5.001612093077141274e-01 5.408813941018671967e-01 6.359872386224819651e-01 6.048590145722257949e-01 6.349458028461320014e-01 6.104166226042181398e-01 6.229059686261545492e-01 6.335209191473757384e-01 6.488346339870236790e-01 6.468095929544247502e-01 6.313871796073597942e-01 6.487601372638771569e-01 6.383906672372580138e-01 6.315674756361762121e-01 6.785680986083857391e-01 6.772390139083719340e-01 6.218041503113401758e-01 6.367841377644621881e-01 6.457770306159021922e-01 6.627127246804607186e-01 6.720699285231928055e-01 6.587365318759716981e-01 6.678121606335866156e-01 6.436554460740067096e-01 6.322811227552370683e-01 6.626545696225203397e-01 6.727700803371557958e-01 6.875689141128167314e-01 6.318883275639423092e-01 6.541637893051727159e-01 6.257133910944722155e-01 6.573457434330544080e-01 6.461831547675115361e-01 6.519533655203950673e-01 6.564241144157186847e-01 6.636362126144206286e-01 6.411369177767113348e-01 6.686764887890563891e-01 6.618602103557091887e-01 6.664962566550380885e-01 6.603325677732675425e-01 6.440628669861695466e-01 6.315527035918978571e-01 6.330798777317939718e-01 6.291917021002203514e-01 6.414233695632378662e-01 6.623233465535139919e-01 6.522538228309078256e-01 6.381976496203530802e-01 6.203946041973243952e-01 6.261347444475244828e-01 6.388516378625698211e-01 6.367656989942689361e-01 6.448494342525323830e-01 6.384929152548434184e-01 6.425669160648137535e-01 6.345890959630720030e-01 6.421369954534491553e-01 6.346023597363490421e-01 6.490691567086410707e-01 6.411814190084802467e-01 6.571447125656264543e-01 6.524548156140245192e-01 6.502563485517721675e-01 6.559483431006486454e-01 6.545984743525081750e-01 6.451429391193013174e-01 6.495395015265640337e-01 6.517526372200459495e-01 6.469336178558536821e-01 6.617346220732213125e-01 6.360002513132054780e-01 6.342334780711463837e-01 6.752577914139067383e-01 6.509350563537392720e-01 6.546348355085146453e-01 6.677103328213277456e-01 6.640860775834303009e-01 6.613832610408866275e-01 6.457769241896484935e-01 6.648315645760395354e-01 6.495197539349784055e-01 6.550441283723481556e-01 6.502768838160449816e-01 6.349271889817362791e-01 6.471669482489923464e-01 6.501222738506259313e-01 6.584564063052936733e-01 6.390088853889315246e-01 6.548776540993871409e-01 6.523350679823978204e-01 6.418991846742283514e-01 6.380982335908120806e-01
2.370399195897671119e-01 1.434965015507281560e-01 2.493889760424404245e-01 4.458464636594812736e-01 3.512162247486704247e-01 3.677517879861723626e-01 5.641694499607572411e-01 5.504987909161982440e-01 1.000000000000000000e+00 6.233231467290644146e-01 6.837716273599359074e-01 7.347111587636767638e-01 6.470545232425645166e-01 6.248660445582484568e-01 7.308095217799125409e-01 7.383774365084179170e-01 7.287906391747277501e-01 6.251070902354336489e-01 6.724862754722905622e-01 5.815048081752138831e-01 7.131164478438544174e-01 6.735785035153547540e-01 6.459109688660945592e-01 6.045845981302920835e-01 6.524746297066922329e-01 7.409053734907248279e-01 7.496004892793545205e-01 7.044037687400578340e-01 6.694099307814380673e-01 7.891040159163951184e-01 7.981067731236208829e-01 7.419491797181314574e-01 6.938315792795558545e-01 7.040614153271206321e-01 7.674989262596332296e-01 6.655121608019429758e-01 7.498753453625233156e-01 7.296946777617304702e-01 7.605280676633997539e-01 6.506385812041741712e-01 7.693878044257358439e-01 7.391590100613653069e-01 6.958843068452406078e-01 7.649644279462923802e-01 7.606104447088368747e-01 7.611706016487564952e-01 7.885442570660423645e-01 8.048683392566545747e-01 8.119028083041766042e-01 7.449226254664809144e-01 7.712228843165606085e-01 7.279361936078195816e-01 7.680849228358223035e-01 8.133744484701549426e-01 7.978572763730230610e-01 7.491247441461382772e-01 8.119502510209516410e-01 7.870348107425069184e-01 7.958929652998816273e-01 8.260865187091240847e-01 7.855871810764957219e-01 8.092486812149157771e-01 8.051198699777095680e-01 8.030713160048317256e-01 8.110411853589817310e-01 8.141715411450697326e-01 7.999774759658908607e-01 7.859772041414866406e-01 7.908846448913448013e-01 7.743548424686439446e-01 7.839277916665253754e-01 7.864305991783444583e-01 7.673031730274637585e-01 7.730867621484439622e-01 7.926389726431013472e-01 7.910798697837975180e-01 7.807939067180117432e-01 7.740929057441272576e-01 7.865582191881479446e-01 8.035803747970535760e-01 7.997391268140410236e-01 8.048279450235656940e-01 7.917795082672808293e-01 7.926838017083660537e-01 7.709264842552477903e-01 7.862252830806164550e-01 7.856482804233112516e-01 7.826063412806272268e-01 7.945928645594801942e-01 7.926803956174598431e-01 7.620168618316515152e-01 7.815942070371022510e-01 7.866855364437490561e-01 7.877968759082573103e-01 7.935908115928044237e-01 7.973393039323446452e-01 7.749469976120156867e-01 8.020860067555055650e-01 7.974538355034282988e-01 7.778499887801807455e-01 7.726806836156234759e-01 8.029350111532572720e-01 7.952039642897946736e-01 7.911187757276277877e-01 7.973123510786593870e-01 8.134965160806887363e-01 8.074849963785477591e-01 7.978138453513541339e-01 7.914007551867265899e-01 7.966895647991327767e-01 7.879447654974006676e-01 8.112476344985088961e-01 8.041338917396516628e-01 8.063511366856214169e-01 8.098624962474075817e-01 8.097771189822742244e-01
3.079382946909690541e-02 1.119415790422480100e-01 1.868092755578382169e-01 3.174103269138829897e-01 3.039612944706955311e-01 3.449698989847400643e-01 5.018934334418376775e-01 4.410443489955284124e-01 6.233231467290644146e-01 1.000000000000000000e+00 6.030096748947070262e-01 6.644287989820357732e-01 5.835518052179770043e-01 5.855035000451338512e-01 6.776761132164114132e-01 6.456088696433346374e-01 6.053344680010762646e-01 5.419442741705817745e-01 6.004857128622906881e-01 5.040993255879181456e-01 5.989333495236334182e-01 5.685885298809354449e-01 5.892170518972176252e-01 5.433379748018081212e-01 5.690897817138654835e-01 6.712852190210905068e-01 6.613571451815385416e-01 6.616654135060938691e-01 6.088177799465778195e-01 6.632653636964405131e-01 6.921500399423320404e-01 6.813692137351440303e-01 6.486159161885620694e-01 6.409303903592963314e-01 6.597216202393555440e-01 6.313115179424374501e-01 6.723133465226006633e-01 6.826135248154666657e-01 6.983512499842726706e-01 6.456243677107212919e-01 7.170511253006934815e-01 6.970989720988226557e-01 6.561681786709996356e-01 7.051357715404167337e-01 6.939540222911334544e-01 7.121600948289444899e-01 7.238246314816333404e-01 7.378609215051147308e-01 7.152473616393618672e-01 6.637522781550115880e-01 6.992824563572112018e-01 6.466377342301338205e-01 6.799151714429573223e-01 7.234382101557281786e-01 7.145461585585571873e-01 7.081429630027843425e-01 6.843632822506736657e-01 7.199246348000277740e-01 7.155046926449171174e-01 7.236055631919929843e-01 7.091257302189677425e-01 7.094970522713789363e-01 7.018602163162901419e-01 7.087428071612498215e-01 7.116861931677095354e-01 7.006786273441585333e-01 7.335753450567847889e-01 7.208847983264474735e-01 7.264073796083863055e-01 7.044520050438062286e-01 7.029639600915689179e-01 7.125021652254688309e-01 7.090269671468795165e-01 6.997320479017249406e-01 7.281808997209280321e-01 7.259301607391214217e-01 7.242574229227448646e-01 7.123131065729270128e-01 7.197574508869603038e-01 7.227418277346715492e-01 7.228975834028915637e-01 7.275328899479620581e-01 7.251025802040466095e-01 7.284165082925966317e-01 7.141836612972488618e-01 7.221394852592024627e-01 7.210877720480781683e-01 7.283793794707861258e-01 7.293646946797553987e-01 7.254342732965338714e-01 7.201673235293468700e-01 7.286720442758322092e-01 7.249875996133644529e-01 7.256266863656182231e-01 7.326490520006471163e-01 7.334953134141093400e-01 7.021657914219072705e-01 6.996989216556058766e-01 7.218218414775864344e-01 7.155319419565139283e-01 7.171399419476010006e-01 7.185620384224238322e-01 7.177237197896252363e-01 7.232636746066110067e-01 7.169873815072288492e-01 7.117432590294561212e-01 7.209877423164273713e-01 7.327275743364066729e-01 7.294463731422901054e-01 7.282935548321791686e-01 7.255097591873298501e-01 7.315069635202076093e-01 7.253702783288675793e-01 7.239122194150532374e-01 7.253085115527183602e-01 7.211373120784646540e-01
2.903421694110075793e-02 1.059498044589839150e-01 2.643839600584019234e-01 4.390698123699763866e-01 3.738840548483261528e-01 3.907104685723500892e-01 5.888017505910546623e-01 5.214186886047889047e-01 6.837716273599359074e-01 6.030096748947070262e-01 1.000000000000000000e+00 7.848188768045368802e-01 6.643095622973334002e-01 6.458833009631140820e-01 7.708343752167978735e-01 7.448488477050412282e-01 6.952742031154940383e-01 6.652570753017736926e-01 7.112044178503846847e-01 6.062623742132364768e-01 7.430622948026299746e-01 7.056930862250692105e-01 7.065872228627781970e-01 6.642817088084493893e-01 6.994712273491021648e-01 7.773066382550755105e-01 7.790142634208366834e-01 7.609327562216161578e-01 7.083051827612546480e-01 7.842951034626945983e-01 8.061730779995651686e-01 7.763865761124205678e-01 7.494565621766219321e-01 7.393789386551590237e-01 7.669134598890147148e-01 7.307525129667260533e-01 7.788294101184985996e-01 7.855090764576823092e-01 8.018564669634040687e-01 7.441515261109915569e-01 8.056118342705984592e-01 7.987612792779973381e-01 7.604403452710104538e-01 8.029109036039214775e-01 8.073903328155282999e-01 7.998837449764489849e-01 8.139242002156862332e-01 8.149834692246569201e-01 8.125209880118617889e-01 7.739148431081332991e-01 7.996125925231857279e-01 7.583295536116303470e-01 7.841760196243254821e-01 7.966365815209918155e-01 8.015848693008699177e-01 7.986640528572231945e-01 7.711935355285960414e-01 8.043599535379319931e-01 8.035047476496850472e-01 8.075121813117827063e-01 8.088882225537545878e-01 7.995308242422060063e-01 7.929037067263307037e-01 8.000884795249610937e-01 8.011536910167502690e-01 7.914952520140949854e-01 8.160396790209891726e-01 8.175558539575535910e-01 8.185310652460033864e-01 8.079557699094571666e-01 8.117329113815998642e-01 8.162147118347142793e-01 8.054919474346192709e-01 8.109423251370573293e-01 8.194185010790949741e-01 8.166658150567243091e-01 8.158594339955722585e-01 8.030178327922402604e-01 8.127380329999034370e-01 8.220596718306888429e-01 8.211843229650607201e-01 8.275443657951325749e-01 8.155522370620135186e-01 8.146353640051712253e-01 8.071355491084820644e-01 8.141732120428475383e-01 8.175331025929885032e-01 8.164086063829699702e-01 8.183884510034572513e-01 8.109183851389463182e-01 8.142417046523097168e-01 8.186308120107456121e-01 8.177512657531724738e-01 8.175541556998294768e-01 8.172586905321070905e-01 8.178492678402657923e-01 8.069645646504362002e-01 7.926138197040116795e-01 8.140242274451725546e-01 8.126071728072407074e-01 8.112096650103328699e-01 8.073804545495526508e-01 8.107383425001548627e-01 8.156577006847360867e-01 8.138754294282833923e-01 8.000554168294591317e-01 8.105007220287165914e-01 8.179207559604848576e-01 8.163898516092351620e-01 8.169476133139496055e-01 8.110618354042761213e-01 8.156486747920286273e-01 8.120435999795676540e-01 8.135748666173600041e-01 8.130440931953519801e-01 8.068963567284770377e-01
2.775254345703209724e-02 1.160521742198849515e-01 2.788178360804844380e-01 5.090258334152111264e-01 4.222086577752146019e-01 4.341888890538213031e-01 6.787682630232890757e-01 6.262944541095327722e-01 7.347111587636767638e-01 6.644287989820357732e-01 7.848188768045368802e-01 1.000000000000000000e+00 7.381228862775938149e-01 7.234350734982051279e-01 8.598709458456337273e-01 8.290990563144103875e-01 7.623204401478473891e-01 7.079964548921591216e-01 7.771368251506957092e-01 6.621885935849766147e-01 8.221089754652133319e-01 7.872239552366044890e-01 7.607527002756273582e-01 6.978349540394022110e-01 7.605533741940802006e-01 8.532688659872608161e-01 8.510721905302277568e-01 8.562143454424849809e-01 7.967688684037071978e-01 8.472689242378309560e-01 8.766445400367568475e-01 8.486987053383233670e-01 8.368470689657983019e-01 8.033197963562915822e-01 8.385511045570548383e-01 8.201869245967060573e-01 8.550489429379107831e-01 8.731184318530907928e-01 8.881390288356171281e-01 8.331047969771138151e-01 8.902826664815614022e-01 8.872923280803889368e-01 8.456552329421697101e-01 8.964509578762321906e-01 8.894285558892215393e-01 8.919912625310635335e-01 8.964650415518934379e-01 8.926779556436494900e-01 8.941932937975261009e-01 8.613692798103746995e-01 8.872830495608700074e-01 8.467885562778628694e-01 8.731180907262845459e-01 8.725389479620770938e-01 8.815697819745434982e-01 8.810556123141125573e-01 8.504154990339042319e-01 8.951103463243237357e-01 8.848484864727387267e-01 8.865246274960909556e-01 8.913434167516699480e-01 8.804196911203479026e-01 8.740153998386472889e-01 8.829643516669922754e-01 8.832906487533429551e-01 8.657698479545763437e-01 8.941303212866867911e-01 8.936041448356322192e-01 8.969571519147010452e-01 8.850718883318491326e-01 8.995659896355171492e-01 8.987604578701646751e-01 8.735615154283904449e-01 8.871242557234669812e-01 9.021804616179737168e-01 9.015355066815782248e-01 9.024594613969348922e-01 8.898331582537423179e-01 8.943813316091602239e-01 8.956594016895494947e-01 9.000503090374994963e-01 9.029504623796094087e-01 9.003417748399187293e-01 8.959621967394703068e-01 8.961037597260378407e-01 8.910695054584933938e-01 8.998266464197426373e-01 9.025660995284373600e-01 9.040429724658302080e-01 8.928030049295186954e-01 9.029508255688559748e-01 9.058937912339235510e-01 9.026173070942083987e-01 9.064679000104154394e-01 8.995240648269721140e-01 8.993132058422955710e-01 8.932520308747854410e-01 8.756593505374516972e-01 8.948478999596591876e-01 9.011848098650004912e-01 8.970382362499095263e-01 8.896406649602400796e-01 8.948092162974883301e-01 9.042529833945246454e-01 8.983093453924041460e-01 8.812528783889386208e-01 8.938078144554237880e-01 8.973809390551303888e-01 8.982904282044238409e-01 9.020730130567680138e-01 8.977370420325886391e-01 8.970154740630565948e-01 8.955224470884983745e-01 8.965144088581216142e-01 8.978077253388571100e-01 8.886491183000322369e-01
-1.570171953063135119e-04 1.029746089632340156e-01 2.217784024053937042e-01 3.748444411052054837e-01 3.843606285881676077e-01 3.863541638657079780e-01 5.879906551777739354e-01 5.677241708390484698e-01 6.470545232425645166e-01 5.835518052179770043e-01 6.643095622973334002e-01 7.381228862775938149e-01 1.000000000000000000e+00 6.417158764903664325e-01 7.577871801853022227e-01 7.445549890938077953e-01 6.484149722497523083e-01 6.129681348923760043e-01 6.645606297928448036e-01 6.047050313113471187e-01 6.985476669011253525e-01 6.681643749396252163e-01 6.625154395138568297e-01 6.118580638429811369e-01 6.520078652513915385e-01 7.452849942147304896e-01 7.445087962394680847e-01 7.390828496050412255e-01 6.767901474254311989e-01 7.381290034690271007e-01 7.588655053573645226e-01 7.289987735723483242e-01 7.052875315856591554e-01 6.849329089563636064e-01 7.290048680628111732e-01 6.986494206802184026e-01 7.500998007472864382e-01 7.436783730307154894e-01 7.618220173741394596e-01 7.178983937775483826e-01 7.836378325367230335e-01 7.701060791784547499e-01 7.488544265368164421e-01 7.789647775475644353e-01 7.655163922722160175e-01 7.742897569062588969e-01 7.888772069179045276e-01 7.875292459446244786e-01 7.841440073819387901e-01 7.330562513943619241e-01 7.691127448637822273e-01 7.210284097680391691e-01 7.608297282232182601e-01 7.690829691927212330e-01 7.690821937217005022e-01 7.670223569900592731e-01 7.393618805169481778e-01 7.814053010012310674e-01 7.734656835471310776e-01 7.859496549822974076e-01 7.815374859448732670e-01 7.719728322956324051e-01 7.639679257701745829e-01 7.650063562579749732e-01 7.673834098394003433e-01 7.581823876506984528e-01 7.846100116643289768e-01 7.863788377029867771e-01 7.859319110896918481e-01 7.864815345506167565e-01 7.838049426962788724e-01 7.852217406834206548e-01 7.682613879677169244e-01 7.768225534848590685e-01 7.918771966079968250e-01 7.866416034373909794e-01 7.873344359879045351e-01 7.716179735758177394e-01 7.865918740938481202e-01 7.863786316326194514e-01 7.880018597884712594e-01 7.918402142860527793e-01 7.788084825722261240e-01 7.850392889364850024e-01 7.765950373953910413e-01 7.788653036325233758e-01 7.881090484243471472e-01 7.856662321558303130e-01 7.874079179138887552e-01 7.805778857239304980e-01 7.821836031222315633e-01 7.919948595756574061e-01 7.901221793782227110e-01 7.904337037986578496e-01 7.936580419780998596e-01 7.913300057116153807e-01 7.773729672221761922e-01 7.604800715709765235e-01 7.839592360549462180e-01 7.870677096355918057e-01 7.887466205441657774e-01 7.750084404744645994e-01 7.900589084471386636e-01 7.933269826422758575e-01 7.827632208255476121e-01 7.689093196671146213e-01 7.837783625966080470e-01 7.892618446034169732e-01 7.887286264419108850e-01 7.910052818324843082e-01 7.820818328450348522e-01 7.912724660286516443e-01 7.832127100214688609e-01 7.835858730625050450e-01 7.834631492744482673e-01 7.780493633658541741e-01
