1.000000000000000000e+00 2.707218834696239473e-01 1.557910488825823003e-01 -5.100750490461133935e-02 9.067363555503010764e-02 2.151114888637617115e-02 -3.694735275382299983e-02 2.317604873107977428e-02 1.841162074567367912e-01 1.069618134102080509e-01 8.611855820216443580e-02 -2.463019452943036522e-02 1.465996909881690617e-02 1.027166795590534788e-02 2.521973867115395035e-02 -3.002205988618831742e-02 1.830837735733672200e-01 3.800453684727591597e-01 3.103352932051228752e-01 2.987240248831518064e-01 2.560524072252913785e-01 2.539325756454547944e-01 3.264297240464705263e-01 3.212439102637024702e-01 2.952078921675771461e-01 1.744716390209961054e-01 1.889447383278435311e-01 1.427346198042124259e-01 1.586050009018268592e-01 2.063575025550810904e-01 1.633182218430345167e-01 1.247713404989042041e-01 1.294402557298511003e-01 1.253954489945433570e-01 1.473665809027055462e-01 9.264106559532891971e-02 1.633724269240577065e-01 1.407064864670418657e-02 4.861575784296021802e-02 6.120662681012313533e-02 5.729447509496329860e-02 5.733168231992590014e-02 3.873298140480489066e-02 3.828573431030632412e-02 7.904162335893133440e-02 5.579681029442436907e-02 1.632541758406735877e-02 5.037772119936564930e-02 9.418662734677195336e-03 -1.495770301228159342e-02 1.668039660237589233e-02 4.045744519212882834e-02 3.121209530820551192e-02 8.088398762406254217e-02 7.170317627067082644e-02 9.318033307363898787e-02 2.865273617864262656e-02 3.859580480225835442e-02 3.475458083240267476e-02 3.646804378586352563e-02 2.573428298179760224e-02 3.792654645003959435e-02 2.491032554620071365e-02 3.636799122216700757e-03 9.432040968486442301e-02 6.342424226673530618e-02 5.800777626117578634e-02 1.342620210560251104e-01 1.140944469646846399e-01 1.456192162135255819e-01 1.005572421680683837e-01 1.137121147133912102e-01 1.462977827989850044e-01 1.521037185872674835e-01 6.832330826637730836e-02 6.596955252560268712e-02 6.757454842001997530e-02 8.391048622487241870e-02 6.530456721212161975e-02 9.016699910192223222e-02 8.996913980797950627e-02 7.358173897612176051e-02 9.328845574732143320e-02 7.196672855653223067e-02 3.894434771224652286e-02 7.069919270832999980e-02 6.963997992585875541e-02 3.587963869134941364e-02 4.076935274237201978e-02 7.797503646397407895e-02 4.876007843740250841e-02 3.113732132539534861e-02 4.724882607374352589e-02 2.823748057487799820e-02 1.124109698214377333e-02 2.426436337260283113e-02 -2.547296390295389693e-02 2.987844856485840500e-02 1.129774645843834024e-02 1.121399586833634991e-02 1.493103712769755509e-02 1.916599341097167258e-02 1.359945399730125466e-02 7.253623022297005229e-03 4.161006196488537673e-02 3.215479344148058222e-02 1.180399513954115583e-02 5.229792640917029639e-02 4.369851464638765254e-02 7.734334916540810956e-03 2.245080247175277460e-02 2.756052029756322214e-02 1.973138938325793776e-02 1.164705305334323877e-02 6.073763057738798543e-02 3.224675406025705876e-02
2.707218834696239473e-01 1.000000000000000000e+00 1.486958171924347982e-01 3.935240744246294373e-03 7.364294979326729829e-02 1.058539482222791983e-01 1.323837265325897572e-01 1.365013794114725842e-01 2.377677641933447772e-01 2.265677997353835738e-01 1.977702253163714230e-01 1.105926670761802622e-01 1.388175625298248839e-01 1.214841211450073677e-01 1.746262325677237770e-01 1.340285242886695982e-01 2.474512338155165914e-01 3.226509128840884810e-01 3.141889925800366856e-01 2.023555811954312889e-01 2.350853410023170109e-01 2.839676626287123140e-01 3.530689411565701707e-01 3.030366659174106858e-01 3.131033212499711449e-01 2.728393696211298680e-01 2.622678432528861570e-01 2.549914900239128035e-01 2.828876423241616367e-01 2.972485413931642562e-01 2.719546413288906339e-01 2.280567259740893526e-01 2.353608233540355477e-01 2.226789791818042374e-01 2.470128100574804642e-01 2.212298984063052476e-01 2.618356907968389380e-01 1.696617954819907292e-01 1.933063324271601380e-01 2.009733983085582043e-01 1.900589492584159601e-01 1.926497106625722766e-01 1.816908054504096648e-01 1.838929546426838479e-01 2.068140631776671789e-01 1.958636642564705044e-01 1.649702889273116646e-01 1.854438410002465232e-01 1.568392323051686632e-01 1.312281815550156994e-01 1.606256748141264568e-01 1.737501921701761487e-01 1.648614846042838755e-01 2.090600690897512492e-01 2.059714487614288381e-01 2.286543259634464531e-01 1.779803848624156859e-01 1.898717391898502027e-01 1.805352197054695407e-01 1.753414163247764557e-01 1.687236069078898171e-01 1.871470377429406140e-01 1.852969071700908132e-01 1.567170013613781998e-01 2.105810797211110363e-01 1.955218010663607453e-01 1.883795478467763795e-01 2.357521565191336987e-01 2.307264842120169412e-01 2.040681765836950268e-01 2.072160321710511677e-01 2.300483143299820177e-01 2.327448706702028303e-01 2.462536140005633090e-01 2.024406100686409749e-01 2.007073529848576732e-01 2.081684306498134129e-01 2.276374514835751706e-01 2.047333383114379179e-01 2.149309957164370621e-01 2.176926153369795891e-01 2.095748916439868492e-01 2.275635716003358289e-01 2.104594763616944586e-01 1.769930995857619815e-01 1.976901244446639949e-01 2.094269012789664874e-01 1.834061250216332539e-01 1.825324612064256335e-01 2.158868814375752287e-01 1.934341673862448874e-01 1.787270984983340416e-01 1.860624074384336912e-01 1.791621462333685966e-01 1.577027511435671880e-01 1.727839508173593386e-01 1.304406209497469826e-01 1.688943275270511080e-01 1.582166085629880814e-01 1.574537968723154213e-01 1.649147082802908115e-01 1.693605754124689333e-01 1.631240227299555201e-01 1.607449676760031587e-01 1.838484518774921583e-01 1.783755543978055580e-01 1.599461362858559388e-01 1.931358564965418023e-01 1.897338152604463590e-01 1.592222463067855531e-01 1.779215811388812352e-01 1.728162194800789420e-01 1.713951791929212987e-01 1.589345503278267735e-01 1.911706340811405169e-01 1.755544826725243535e-01
1.557910488825823003e-01 1.486958171924347982e-01 1.000000000000000000e+00 3.557414985527326268e-01 2.479847172178825110e-01 2.825478365512665846e-01 3.333943238335934089e-01 3.491303282909275496e-01 3.738501118833249537e-01 3.454518518557975759e-01 4.202044675202931678e-01 3.966504894237808942e-01 3.293886139122126910e-01 3.305743103270932237e-01 3.821278705191271663e-01 3.504288689307126226e-01 4.196568103500634694e-01 4.167039743648116024e-01 4.281757062828591698e-01 3.658589860851835796e-01 4.119024101003097016e-01 4.385593039745953048e-01 3.997005874260823877e-01 4.232163373772178105e-01 4.326936036513877593e-01 4.359836715779844551e-01 4.596944656040535815e-01 4.444069849337616285e-01 3.825853163071142315e-01 4.413833148415479690e-01 4.390395460191241495e-01 4.238819997088706937e-01 4.283525455754892963e-01 4.169376423836240186e-01 4.390090697355157334e-01 4.383348516093523717e-01 4.483457410209359950e-01 3.747739885086712186e-01 4.144116775904447270e-01 4.112156528210610396e-01 3.992394666057608732e-01 4.014170830594506745e-01 4.292414336454785651e-01 3.918707350116271138e-01 4.184964464803073159e-01 3.942491146638450461e-01 3.707944833906848259e-01 3.792081782771880571e-01 3.667683438299345067e-01 3.754445851334591300e-01 3.846241574390216189e-01 4.260531193106527614e-01 3.955522941445401286e-01 3.864773531435766740e-01 3.914622578538462516e-01 3.943413297502240678e-01 3.792759920480527902e-01 3.822615845852171956e-01 3.813402818292720986e-01 3.758470878355303357e-01 3.877743273794290735e-01 3.673466132169995180e-01 3.706935775955271795e-01 3.690701575188487515e-01 4.028334199105949032e-01 3.966656283888834178e-01 3.861616208316221432e-01 4.189767025711306214e-01 4.136503017297724072e-01 4.245845672573563823e-01 4.313561992605813300e-01 4.246827270134706511e-01 4.166393675164333787e-01 4.297974498559251066e-01 4.046333672605696430e-01 4.035018115635835012e-01 4.020093956755701470e-01 3.897794487545337416e-01 4.023997020467209862e-01 4.129792959621377824e-01 4.139373563053602711e-01 4.016902429191268054e-01 4.006915398293662833e-01 4.063275470712768844e-01 3.935476778298440115e-01 4.014387239039949873e-01 4.062045987403166136e-01 3.803442340808100841e-01 3.958933558135411257e-01 3.987560747564434238e-01 4.007491333541714496e-01 3.839563936234776098e-01 3.965836255610067362e-01 3.819940759870034674e-01 3.703335861812342422e-01 3.722033366064529947e-01 3.684890549143523542e-01 3.781392406213516244e-01 3.788065955019178643e-01 3.804603684060021696e-01 3.938004718177921526e-01 3.756359873706869301e-01 3.771704194041301528e-01 3.748771142398792389e-01 3.942070822483150772e-01 3.743340190124956890e-01 3.661388286658006086e-01 3.772184665447000373e-01 3.822462196326061323e-01 3.716624036017731059e-01 3.735877721266990803e-01 3.761714032707697553e-01 3.717867591353604673e-01 3.689114644374978380e-01 3.921899411762961862e-01 3.782387021883810152e-01
-5.100750490461133935e-02 3.935240744246294373e-03 3.557414985527326268e-01 1.000000000000000000e+00 3.530193938826559630e-01 3.816029061338850337e-01 5.464276961197174209e-01 5.564493482878978270e-01 4.279251549883494876e-01 4.191471302180682645e-01 5.375532971283332184e-01 6.280040841009735253e-01 4.916660211865312990e-01 4.869241698514058525e-01 5.562038677966087974e-01 5.560856101270457152e-01 4.529096432803935146e-01 2.908272134429539246e-01 3.338842721448456730e-01 3.404426174984658271e-01 4.025624849082881096e-01 4.115674065877608090e-01 2.816737139544351898e-01 3.277458142088716109e-01 3.647493436424108504e-01 4.987739147365374270e-01 5.160653181203400663e-01 5.094279506673091706e-01 4.219669430254773812e-01 4.497034353944518448e-01 4.941583505002530297e-01 4.952840817460685274e-01 4.875307081495561246e-01 4.706073569506210030e-01 4.765880185090334842e-01 5.401885721134905838e-01 4.740844662343342564e-01 5.258781125397620215e-01 5.410493416200751193e-01 5.415208699486745436e-01 5.320962481760597163e-01 5.381535522523184234e-01 5.806858928074973836e-01 5.453415175115421398e-01 5.312910714792845601e-01 5.289069403395109115e-01 5.263677874164837123e-01 5.128186024335892323e-01 5.215711012300174865e-01 5.523328817533050827e-01 5.444586465968347389e-01 5.842646640409796532e-01 5.550999491128817409e-01 4.970491330361228033e-01 5.174181631250419633e-01 4.971678736487412653e-01 5.247294323135528460e-01 5.225999940896330909e-01 5.208192817445991274e-01 5.258812783285788939e-01 5.388430275194779906e-01 5.021952310740985803e-01 5.126975830541325996e-01 5.365652501718036760e-01 5.109814033553098378e-01 5.274609752008819763e-01 5.062670572741039265e-01 4.723726062881746790e-01 4.814124450609182926e-01 5.094714140018292703e-01 5.320340836676595853e-01 5.022746263215595031e-01 4.610846321458040298e-01 4.834122105356818966e-01 5.236338927567437684e-01 5.267837187352095718e-01 5.190849101095826867e-01 4.868769141786594701e-01 5.301847653933208226e-01 5.173730687172880538e-01 5.102275958257525001e-01 5.164913016815620983e-01 4.894708777107059094e-01 5.022049070493218581e-01 5.220000934832120798e-01 4.997393094957701676e-01 5.120538778575193239e-01 5.143970248867502093e-01 5.312259684936936344e-01 5.055523944775508483e-01 5.297131624526724147e-01 5.291311496564498063e-01 5.290561520304115639e-01 5.285032604892021535e-01 5.218750022520192156e-01 5.129129173272061193e-01 5.564175069750038061e-01 5.296763453233891417e-01 5.387754897309028346e-01 5.372154275323480777e-01 5.493322858268329112e-01 5.245735289232683618e-01 5.370972057636345109e-01 5.339478200404571551e-01 5.349621523066403483e-01 5.199942065119188550e-01 5.237853945508409437e-01 5.065269633708093799e-01 5.136963375724160619e-01 5.317606488395278941e-01 5.203430621735442019e-01 5.221046014308095007e-01 5.149932230722330528e-01 5.277032331765947326e-01 5.168200781303697866e-01 5.211214327488532527e-01
9.067363555503010764e-02 7.364294979326729829e-02 2.479847172178825110e-01 3.530193938826559630e-01 1.000000000000000000e+00 3.318789094792289895e-01 4.620297827902534182e-01 4.474188521394126261e-01 4.616657125705959652e-01 4.503385586702291499e-01 4.532564182475201098e-01 4.792126752769677034e-01 4.683294107230269732e-01 4.446268602687409865e-01 5.004291589859100053e-01 4.825493261225902164e-01 4.439723647883803692e-01 3.598870182178204313e-01 3.734599528890705233e-01 3.260381808661975134e-01 3.524616889166791167e-01 3.889286084159059853e-01 3.992628358914631637e-01 3.796722868614829105e-01 3.903187461522230617e-01 4.820373337846863282e-01 5.044339761581368986e-01 5.077743539987261689e-01 4.538877885945430402e-01 4.816106983201136615e-01 4.907120428823117941e-01 4.883507991153459571e-01 4.946580070900563619e-01 4.599757592623512914e-01 4.999406404200524290e-01 4.924123868440959395e-01 4.925710323493255882e-01 4.853342292735504659e-01 5.047361098213652975e-01 5.037956731739531291e-01 5.051647425426927240e-01 5.092154489077409529e-01 5.185650207573656578e-01 5.094243945134542262e-01 4.951797228643696203e-01 5.089357937622893679e-01 4.905020225523022415e-01 4.930932685139582383e-01 4.777732826702961733e-01 4.569653793657577623e-01 4.768895452635094068e-01 4.929908223854412852e-01 4.968501617971156081e-01 4.888012476233906112e-01 4.905389923818584408e-01 4.834798202672802026e-01 4.668709476258024460e-01 4.971475277089763556e-01 4.766195379169363422e-01 4.992006759633046409e-01 4.902215952917583497e-01 4.836915840081801865e-01 4.862140335140386904e-01 4.836576623981568845e-01 4.911944599076301654e-01 4.920218101332751726e-01 4.884949900933802658e-01 4.840500083114303576e-01 4.941834462277220896e-01 4.878230736492598640e-01 4.796584168493494005e-01 4.854491152190325010e-01 4.750224035248781229e-01 4.783265931116885694e-01 4.986839170710466451e-01 5.055859848140978885e-01 5.127187170718081610e-01 4.949355985652215684e-01 5.051212984529406258e-01 5.072711689741031815e-01 5.059996353861011542e-01 4.962833492552923276e-01 4.894932418885787895e-01 5.066081093605573349e-01 4.864922252579493289e-01 4.856175019393678127e-01 4.943285685979290633e-01 4.946654707973460741e-01 5.021991192228958401e-01 4.957769517386669267e-01 5.024782815272883507e-01 5.019858957803897681e-01 4.996521841568217215e-01 4.984937897954080932e-01 4.898188464644623319e-01 4.888873520045118881e-01 4.739316859931744230e-01 4.730167083143017592e-01 4.884547626715297630e-01 4.830639029055250888e-01 5.030071171523903262e-01 4.829689862779958376e-01 4.929201223001395959e-01 4.943436689478561408e-01 4.927773503344933248e-01 4.811651384369466378e-01 4.801766104814212399e-01 4.968301895839445925e-01 4.937103421720288043e-01 4.944719605398337214e-01 4.896627184296351021e-01 4.937844597776299138e-01 4.858337894131935508e-01 4.835807455678161615e-01 4.909889820134431537e-01 4.901500885972759902e-01
2.151114888637617115e-02 1.058539482222791983e-01 2.825478365512665846e-01 3.816029061338850337e-01 3.318789094792289895e-01 1.000000000000000000e+00 5.511051739494343682e-01 5.033687614580988345e-01 5.077236266018287925e-01 5.086064317620805353e-01 5.514469562104863387e-01 5.730775904436151702e-01 5.029558472988036044e-01 5.106883717491549346e-01 5.860082892581685021e-01 5.652318558216680167e-01 5.228857494846747000e-01 3.643855104744991302e-01 4.139192596121824552e-01 3.306939813601526001e-01 3.811856160655805459e-01 4.273838228647498516e-01 4.070373399950194537e-01 4.145539602414663460e-01 4.122004226002164429e-01 5.609249807493337237e-01 5.678741938767641884e-01 5.764769219332200878e-01 5.239454876084317370e-01 5.347311022802185843e-01 5.711704810741766725e-01 5.705251054659201682e-01 5.550926083258497234e-01 5.447839424253315688e-01 5.547192422089924912e-01 5.688216752533054033e-01 5.636985796946826222e-01 5.819248824380789387e-01 5.887090088635765772e-01 5.863497234791690271e-01 5.939240274753917470e-01 5.925176388322601628e-01 5.959237861632666888e-01 5.993766955461754531e-01 5.875021810281568779e-01 5.908531116174029485e-01 5.867997862076000937e-01 5.860348949673427343e-01 5.860216565437615932e-01 5.813805499337297844e-01 5.878277130857426647e-01 5.940672133841657931e-01 6.007206021231480397e-01 5.816803780515390487e-01 5.843541149426910719e-01 5.783148800569685166e-01 5.792593508842367456e-01 5.918612325647402139e-01 5.798316784880953589e-01 5.886325765070106186e-01 5.930640906740561880e-01 5.806789698226476615e-01 5.808553218067621371e-01 5.875182901130783231e-01 5.770663679065280993e-01 5.850815295020685980e-01 5.866295760532947989e-01 5.665784588794449128e-01 5.723432243808984632e-01 5.504705240592686621e-01 5.604733503180702181e-01 5.720612464197011304e-01 5.487541663721566820e-01 5.519317781282753188e-01 5.939512617538569295e-01 5.999131742104224507e-01 5.976439533553802308e-01 5.842178819952588142e-01 5.908413267188293849e-01 5.927402236566206017e-01 5.909789897876185361e-01 5.916085635448238289e-01 5.783482339247827397e-01 5.897641404512957708e-01 5.927961315168166490e-01 5.795258272138669176e-01 5.894368021784459621e-01 5.906987268055736706e-01 5.937109820824313378e-01 5.868228432473605594e-01 5.969882292890231756e-01 5.972732307106874972e-01 5.931843265443613733e-01 5.936008716794267670e-01 5.911756855118834864e-01 5.894554536151562774e-01 5.923399596240969123e-01 5.866697612951657925e-01 5.962190191336824707e-01 5.953742989216236348e-01 6.003660636503762582e-01 5.900388777185853195e-01 5.942368187553093151e-01 5.945015783605603898e-01 5.939631952111626978e-01 5.868112419915655353e-01 5.885544666624793475e-01 5.877657164060315909e-01 5.914215738353141294e-01 5.953587374271173127e-01 5.903804081793805336e-01 5.927776575295069517e-01 5.894722663436615662e-01 5.883552988740351486e-01 5.863119038357201829e-01 5.876512582991313405e-01
-3.694735275382299983e-02 1.323837265325897572e-01 3.333943238335934089e-01 5.464276961197174209e-01 4.620297827902534182e-01 5.511051739494343682e-01 1.000000000000000000e+00 7.110325766179881324e-01 6.963054979962328694e-01 6.973669943603193477e-01 7.369220856718785573e-01 8.001831797074585584e-01 7.278462229614002243e-01 7.226041830376698227e-01 8.401631373583483553e-01 8.103974786704003508e-01 7.049165989724475168e-01 4.602088779734100354e-01 5.561300686907169055e-01 4.173741693410262243e-01 5.123728115281801498e-01 5.861932918398811143e-01 5.255997282477334887e-01 5.491411567915862602e-01 5.702929209135144673e-01 7.435050856279954434e-01 7.454879117578566694e-01 7.685685645915910635e-01 6.819339001633153430e-01 7.134814372361515389e-01 7.653338139400497342e-01 7.628633785645868581e-01 7.394295875616686553e-01 7.405400262136989653e-01 7.397462209041675285e-01 7.747525072704511961e-01 7.621633002439635041e-01 8.087359406268804785e-01 8.121248876741177236e-01 8.063153252889375677e-01 8.104048397975631701e-01 8.142759936826406975e-01 8.188618066145950669e-01 8.209084829493662472e-01 8.062832251694646013e-01 8.182258877937959030e-01 8.118230574184496229e-01 8.042218682200805713e-01 8.044853810510964598e-01 7.844086085459016644e-01 7.995467220820077214e-01 7.893232859718365413e-01 8.057698024812263160e-01 7.884151245092880789e-01 7.883525522133123520e-01 7.783296776990599186e-01 7.832242718439821338e-01 8.090861656720896855e-01 7.964389512360521284e-01 8.123110838230691577e-01 8.085367294291774254e-01 7.975300345454519046e-01 8.006807833767564109e-01 8.073520376428873213e-01 7.858466106050594480e-01 7.967161692640618575e-01 8.069588659146317289e-01 7.707720739765921980e-01 7.795625796525789131e-01 7.438203431136519717e-01 7.824620741378995881e-01 7.888845151347245732e-01 7.515349946005338566e-01 7.585954499628396741e-01 8.095294161106720843e-01 8.114245605052765598e-01 8.115513330189473296e-01 7.862743051890307422e-01 8.159491901423745475e-01 8.038450334778840523e-01 8.013859290014132553e-01 8.110838743492121417e-01 7.898415245619060387e-01 8.024923534765511235e-01 8.049759986187038363e-01 7.992928349727886905e-01 8.110428411638808122e-01 8.149772685905737335e-01 8.173721257873868273e-01 7.931788674260699112e-01 8.160671350989052719e-01 8.206329854427061310e-01 8.173081597042477497e-01 8.216718180540707461e-01 8.141962184377541378e-01 8.114403675260557502e-01 8.031913482616993560e-01 7.917843239262892796e-01 8.118217472956106295e-01 8.097000443807172987e-01 8.208599934787245145e-01 8.071309101542135656e-01 8.169802705853020930e-01 8.200134439938339126e-01 8.104486029867594699e-01 7.970538405168358098e-01 8.073161132251515104e-01 8.051064451793867871e-01 8.055857371468685413e-01 8.161445793359509704e-01 8.115003622728758081e-01 8.128840857943347986e-01 8.089911649042859088e-01 8.100895886835896009e-01 8.031491401645638462e-01 8.064627846106274811e-01
2.317604873107977428e-02 1.365013794114725842e-01 3.491303282909275496e-01 5.564493482878978270e-01 4.474188521394126261e-01 5.033687614580988345e-01 7.110325766179881324e-01 1.000000000000000000e+00 6.478775688936448951e-01 6.610062958613757145e-01 7.036711960801260712e-01 7.549189227115378209e-01 6.718677670547098524e-01 6.662259126812076770e-01 7.780365472599597432e-01 7.773535129624012940e-01 6.723047844668142980e-01 4.929611894093401947e-01 5.664807003502075888e-01 4.519316153508629585e-01 5.256839981768758330e-01 6.013230832039923035e-01 5.419000129402599120e-01 5.501915212204542271e-01 5.693464597278657946e-01 7.191660488458155864e-01 7.202564906243785758e-01 7.222342114772286603e-01 6.586441559653072320e-01 6.842835512301136403e-01 7.238038458923695684e-01 7.406303447988871191e-01 7.115650119277119323e-01 7.116910810213696870e-01 7.166353057058475473e-01 7.377671768499863836e-01 7.116387070859300223e-01 7.619582053002815769e-01 7.717928455431501966e-01 7.614188377934831831e-01 7.569480047554006941e-01 7.648101192512477553e-01 7.778353673506269716e-01 7.733452812251579989e-01 7.538473671308990598e-01 7.709505174337391020e-01 7.557862002806133850e-01 7.539902140973596678e-01 7.565687622568937343e-01 7.541995428904902932e-01 7.648990253993662725e-01 7.614450865274453584e-01 7.609026780965416625e-01 7.494202704260081171e-01 7.605457394730688048e-01 7.504418076799174164e-01 7.594842895003675043e-01 7.626937833989152482e-01 7.588714594258822999e-01 7.613374543523112603e-01 7.702499781266509693e-01 7.551522924608374820e-01 7.635195008508952608e-01 7.629482061027861306e-01 7.539574781725362218e-01 7.608379559485880517e-01 7.556356997284687793e-01 7.321877242893278792e-01 7.426416075259536509e-01 7.161004789979201757e-01 7.456863525428203410e-01 7.480982237621930375e-01 7.180501573720537989e-01 7.223670911732567035e-01 7.597484379750404360e-01 7.619635604738259627e-01 7.605076603336130558e-01 7.447535816285300037e-01 7.642123031838135017e-01 7.612770520250381479e-01 7.548757883022718662e-01 7.584282176890861926e-01 7.528916251843268403e-01 7.542321416675022983e-01 7.650333356445014887e-01 7.516194582578036298e-01 7.538338517289425722e-01 7.659114821852830435e-01 7.701063091652314840e-01 7.573331423428805165e-01 7.665069727461129023e-01 7.656411814685099015e-01 7.622514999398267710e-01 7.665190172750991904e-01 7.582618442218207466e-01 7.578428283997393766e-01 7.661854199276135757e-01 7.606581932380959143e-01 7.676891979001548849e-01 7.662388660952194064e-01 7.738143637570829014e-01 7.654118721374371104e-01 7.628699539551960784e-01 7.646896343054001566e-01 7.660799956460626614e-01 7.603580754615796300e-01 7.601803761986726249e-01 7.569595387595837721e-01 7.636359042394735841e-01 7.655872949377137138e-01 7.625904669186771567e-01 7.619894157918053468e-01 7.596511214302736903e-01 7.612741301281987782e-01 7.592248747458031355e-01 7.603139207757664275e-01
1.841162074567367912e-01 2.377677641933447772e-01 3.738501118833249537e-01 4.279251549883494876e-01 4.616657125705959652e-01 5.077236266018287925e-01 6.963054979962328694e-01 6.478775688936448951e-01 1.000000000000000000e+00 7.824299317967614575e-01 7.986619802559747905e-01 7.805057406202674519e-01 7.439804955853573931e-01 7.393140562462784393e-01 8.342152312270466608e-01 7.962313126151975284e-01 8.169576380461498477e-01 6.861780576272412668e-01 7.367313348359159075e-01 6.010165308137368489e-01 6.377853897398184646e-01 7.132422471437187550e-01 7.457324496481612108e-01 7.445739079506950020e-01 7.323406406251339318e-01 8.456040534087002625e-01 8.378438716228454597e-01 8.387551782105429066e-01 7.721218779169386481e-01 8.057044078281999644e-01 8.563858754950905983e-01 8.642965784538875207e-01 8.054092748646871636e-01 8.305539833808632810e-01 8.262410364187894318e-01 8.224212447902425893e-01 8.490787026813241267e-01 8.433518276036408023e-01 8.493720902171770781e-01 8.380920876340407499e-01 8.651482999895794279e-01 8.615409054146806467e-01 8.279467055331086733e-01 8.655525372008484597e-01 8.656920536305973135e-01 8.626860916513231503e-01 8.640356835702245331e-01 8.767224230021259945e-01 8.550560163315544804e-01 8.091774099833392020e-01 8.455311278080038795e-01 8.334424874392463156e-01 8.513773199681130555e-01 8.800448998383740840e-01 8.649549999105639042e-01 8.752333222061785545e-01 8.438638267047706698e-01 8.654767767661923905e-01 8.615891100292289995e-01 8.710690701480460207e-01 8.595307977685769929e-01 8.705266203737491715e-01 8.554691274564381054e-01 8.491476783982448984e-01 8.772933686060662151e-01 8.724684881799850134e-01 8.762681302645795034e-01 8.838640332881214645e-01 8.827003805600570630e-01 8.581929374380512510e-01 8.574682615469266800e-01 8.786306624136825949e-01 8.695508877984000629e-01 8.728182934234801627e-01 8.778444476935243213e-01 8.751097312825614205e-01 8.746634385645651877e-01 8.623705571909922041e-01 8.701042639300992088e-01 8.741007787260786088e-01 8.803650600962158457e-01 8.786068042373135212e-01 8.799846260396473330e-01 8.725694217889820026e-01 8.628192605057756204e-01 8.721168250892901153e-01 8.762706429959778998e-01 8.670983529932426714e-01 8.694622191297577407e-01 8.760837163732222432e-01 8.689103311249980477e-01 8.666607910081333133e-01 8.705920088540476387e-01 8.678678349166016881e-01 8.632172763630315826e-01 8.678770734911654960e-01 8.221419243472087857e-01 8.519129099200706268e-01 8.547359277201476147e-01 8.553593109157541230e-01 8.544233452515505034e-01 8.597030392467551740e-01 8.589833246862674798e-01 8.602139442854047635e-01 8.700905759595389810e-01 8.575531459787827382e-01 8.555461540647490981e-01 8.760671369264785291e-01 8.689552984894663989e-01 8.588658581454331475e-01 8.628755885184243857e-01 8.692676019022221867e-01 8.639741047355298242e-01 8.575778272133002256e-01 8.759760112338071947e-01 8.686183525609674216e-01
1.069618134102080509e-01 2.265677997353835738e-01 3.454518518557975759e-01 4.191471302180682645e-01 4.503385586702291499e-01 5.086064317620805353e-01 6.973669943603193477e-01 6.610062958613757145e-01 7.824299317967614575e-01 1.000000000000000000e+00 7.628556360866546315e-01 7.688016116563708424e-01 7.332834456695258574e-01 7.301129232517459267e-01 8.204803110979405067e-01 7.890916299699740621e-01 7.752881689351636130e-01 6.175850882061683089e-01 6.781117447931979125e-01 5.252150315545408565e-01 5.807064916835498192e-01 6.640744675505075856e-01 6.978994355811036776e-01 6.905751176012309145e-01 6.773540588662037010e-01 8.139457351798354834e-01 8.038700864318474304e-01 8.187528239188602841e-01 7.638316350604704708e-01 7.708412884253341701e-01 8.240770765457352542e-01 8.368577776102145149e-01 7.841484713426158937e-01 7.978951930193023401e-01 7.956831500817129754e-01 8.077902817135311775e-01 8.193641337522075130e-01 8.201569729148027177e-01 8.320211628277021099e-01 8.261416856518806195e-01 8.435694759128826714e-01 8.421597555940469881e-01 8.126129695339181502e-01 8.433578521346937196e-01 8.443264179848338769e-01 8.443740502342509391e-01 8.417224993251235521e-01 8.522875168243313482e-01 8.328764348993467070e-01 7.786598972560347942e-01 8.139528261752498883e-01 7.922075774825541039e-01 8.243705994900635270e-01 8.502957527957445416e-01 8.361749761100831790e-01 8.412622274178861437e-01 8.126885519860360674e-01 8.458492881898634908e-01 8.316537813607534080e-01 8.473936573000802053e-01 8.364872897210846592e-01 8.415770406800233694e-01 8.303323902304849957e-01 8.269215499420566884e-01 8.412140467285599277e-01 8.397436623757191798e-01 8.518011213906105938e-01 8.487610787337278584e-01 8.560907751724201598e-01 8.122542373020460449e-01 8.230454038640888648e-01 8.466886718712077764e-01 8.366981878297945485e-01 8.350232338570932056e-01 8.528317903770525898e-01 8.548169204835970314e-01 8.552747329542600419e-01 8.497183704349169364e-01 8.516434246573320044e-01 8.509557131451543910e-01 8.552944448776854669e-01 8.535888057001548290e-01 8.538053364440920667e-01 8.508327726927913393e-01 8.367734411982482579e-01 8.449264800025031441e-01 8.551261601244738442e-01 8.486111491883813196e-01 8.497439260253951687e-01 8.494594369188782634e-01 8.524719268109810510e-01 8.508207711587270072e-01 8.534783776104748476e-01 8.517866440442020126e-01 8.428998011367989651e-01 8.483663251960026352e-01 8.040172388326360942e-01 8.191061676642088507e-01 8.349478496631466129e-01 8.314461764608395145e-01 8.382014591654470825e-01 8.358768947102021007e-01 8.396104678846737501e-01 8.415134136146287247e-01 8.422952314433833632e-01 8.317466865533168496e-01 8.346575289683990651e-01 8.540505290234282620e-01 8.467902252063059798e-01 8.388833203280301465e-01 8.422414830876683300e-01 8.471265465477691992e-01 8.425619558857380120e-01 8.376363378028752749e-01 8.468203207213333972e-01 8.439624314949607520e-01
8.611855820216443580e-02 1.977702253163714230e-01 4.202044675202931678e-01 5.375532971283332184e-01 4.532564182475201098e-01 5.514469562104863387e-01 7.369220856718785573e-01 7.036711960801260712e-01 7.986619802559747905e-01 7.628556360866546315e-01 1.000000000000000000e+00 8.500432338410635058e-01 7.572735138985665637e-01 7.619348852432872299e-01 8.634988057462960054e-01 8.344652372895090542e-01 8.149448022320235907e-01 6.532146747330191960e-01 7.270412103048221608e-01 5.827511908219696890e-01 6.611125303358204031e-01 7.398345020413473749e-01 7.008973207343464074e-01 7.267298535884393340e-01 7.323550813998210840e-01 8.618465676600245429e-01 8.529630264056682343e-01 8.530189993545174154e-01 7.738509546061623778e-01 8.202697211973926095e-01 8.702642812775311931e-01 8.765513299583609363e-01 8.391488356844338803e-01 8.493010738291024708e-01 8.441542926268408298e-01 8.691617164579260590e-01 8.650699207380569966e-01 8.678161302546111289e-01 8.827892012143375711e-01 8.761081232390267592e-01 8.791242684573148392e-01 8.830969473900781574e-01 8.801794200411232616e-01 8.886862433386581994e-01 8.900390672453798446e-01 8.851719731054793483e-01 8.775186460229675856e-01 8.817324923990733643e-01 8.747105125831527994e-01 8.564657136999991316e-01 8.771284933415784968e-01 8.752288186139995929e-01 8.802835360842681256e-01 8.806700258464085218e-01 8.822454146026678101e-01 8.821576065481417928e-01 8.718993455627588318e-01 8.776226315992725624e-01 8.798105016941690781e-01 8.810365807987711184e-01 8.874540725671693497e-01 8.756306171187026033e-01 8.728050645304555877e-01 8.736238549952188848e-01 8.841312657064402947e-01 8.852218808543407258e-01 8.825915518787144087e-01 8.823834278246178719e-01 8.866618162967807582e-01 8.641161325342693322e-01 8.827648832371929322e-01 8.908590575636705644e-01 8.706876618472851881e-01 8.781446872783376101e-01 8.933405806983873987e-01 8.925546396672553451e-01 8.893630766571349877e-01 8.707886081876916595e-01 8.914542399481326651e-01 8.916045090558880615e-01 8.945429019115012093e-01 8.934786075392827653e-01 8.868149489183776435e-01 8.885478703767442088e-01 8.878349434472651014e-01 8.878366577938071602e-01 8.931288704178508286e-01 8.869107725752478633e-01 8.930393142161455744e-01 8.869821362665333275e-01 8.929310229814229061e-01 8.857464429747478052e-01 8.917496170703221869e-01 8.879210400916432988e-01 8.787285943417959544e-01 8.802640611747263311e-01 8.686420252042560408e-01 8.754414744284856331e-01 8.831820840627752078e-01 8.838353893904876690e-01 8.885391167800440471e-01 8.820310343951225374e-01 8.805776060500145608e-01 8.818161119079138688e-01 8.895518373108676213e-01 8.760463929214195034e-01 8.769329190400461105e-01 8.825152259566466650e-01 8.858142623378850722e-01 8.803705575384535020e-01 8.816866620227535867e-01 8.824945616178099250e-01 8.789873175633833302e-01 8.782683610049588641e-01 8.864166954435116486e-01 8.796010493785220152e-01
-2.463019452943036522e-02 1.105926670761802622e-01 3.966504894237808942e-01 6.280040841009735253e-01 4.792126752769677034e-01 5.730775904436151702e-01 8.001831797074585584e-01 7.549189227115378209e-01 7.805057406202674519e-01 7.688016116563708424e-01 8.500432338410635058e-01 1.000000000000000000e+00 8.140650966010506417e-01 8.080319734336648407e-01 9.063944574174878088e-01 8.904874174705040835e-01 7.822185540251389568e-01 5.464020058816724257e-01 6.262880210063626052e-01 5.360994438505530812e-01 5.910368846231565110e-01 6.606946500595614058e-01 6.072250852681503330e-01 6.288760637540981024e-01 6.358916088661975552e-01 8.353356169711259049e-01 8.333448469078266196e-01 8.382002024700072607e-01 7.405998693705798663e-01 7.669331709968688626e-01 8.419361881612644760e-01 8.692507670042137757e-01 8.130122904110955728e-01 8.257985068995943312e-01 8.143719994158197251e-01 8.614849722485067307e-01 8.321778534041244235e-01 8.991900087631713445e-01 8.982780993365430122e-01 8.936397415355167295e-01 9.069796109619407964e-01 9.085233627811366564e-01 9.076890751503015053e-01 9.197577620188188696e-01 9.007722636513167958e-01 9.044078677715421399e-01 9.149064656168391929e-01 9.098536538824947284e-01 9.117260655319320284e-01 8.942646262042658334e-01 9.090618964203365238e-01 9.041704353711443876e-01 9.157891899077339470e-01 8.945562485605326186e-01 8.969145328383547611e-01 8.858864443826679480e-01 8.950726903952632707e-01 9.075661224451836429e-01 9.059715913564382328e-01 9.145069127504845685e-01 9.184644467706931659e-01 9.007523285184201312e-01 9.008764289741899578e-01 9.135518247181209084e-01 8.925748931285262255e-01 9.048097864609747631e-01 9.068419932337623557e-01 8.703336503027856441e-01 8.813703364361133996e-01 8.664638975057910031e-01 8.843184055381581032e-01 8.846675811009744317e-01 8.498297173584310471e-01 8.543337468583491745e-01 9.113061641257175216e-01 9.099257401248119770e-01 9.050470561831617244e-01 8.754711692952119595e-01 9.079282737772977896e-01 8.982501930870461226e-01 8.981196667192480332e-01 9.077719126018695128e-01 8.899427331728457791e-01 8.948494671427399405e-01 9.071707506026586154e-01 8.932471104796207984e-01 9.032603337279516698e-01 9.113507094555980403e-01 9.154905740095957700e-01 8.982998168085347679e-01 9.143793545053052751e-01 9.196079602435145439e-01 9.161710174347671432e-01 9.191755491458182270e-01 9.185652990350502423e-01 9.147668960584396380e-01 9.172089394640093873e-01 9.025726477200906039e-01 9.201435397270673056e-01 9.197840442945561801e-01 9.236791207395744774e-01 9.129562530304468071e-01 9.213121935937834683e-01 9.227878409335444898e-01 9.155520834196623214e-01 9.034976939811939500e-01 9.144987198142048301e-01 9.085714680671725940e-01 9.104176313249461305e-01 9.209587477564162850e-01 9.155978149938722721e-01 9.170883548357958714e-01 9.122926066599235106e-01 9.149200269122019780e-01 9.059431068277469246e-01 9.117437120414647600e-01
1.465996909881690617e-02 1.388175625298248839e-01 3.293886139122126910e-01 4.916660211865312990e-01 4.683294107230269732e-01 5.029558472988036044e-01 7.278462229614002243e-01 6.718677670547098524e-01 7.439804955853573931e-01 7.332834456695258574e-01 7.572735138985665637e-01 8.140650966010506417e-01 1.000000000000000000e+00 7.621259737297679804e-01 8.398243862704550811e-01 8.290032434704880382e-01 7.370058388193320154e-01 5.330501389629052067e-01 6.025376946210850848e-01 4.899639655676992223e-01 5.240980138571955660e-01 6.015783787547136496e-01 6.068315361018942200e-01 6.115150563999673938e-01 6.083763200348665245e-01 7.830248066227030179e-01 7.675971131110990164e-01 7.834262922181928213e-01 7.180172974390078844e-01 7.221071044053217758e-01 7.940141933801773133e-01 8.128673895903010260e-01 7.390109494431911230e-01 7.668614299721693284e-01 7.565909675010861202e-01 7.903595985561796544e-01 7.837902775805731803e-01 8.272171636841504361e-01 8.317877499908361560e-01 8.175350101795122448e-01 8.470654617564953304e-01 8.464069536430107732e-01 8.230532082956845130e-01 8.564574277251920664e-01 8.350020326598390774e-01 8.438288776624781606e-01 8.579731325481846360e-01 8.563196345547747779e-01 8.479577424065547486e-01 8.007802077784266226e-01 8.243867494693158937e-01 8.103702737634709274e-01 8.422692874823604070e-01 8.430769829862636566e-01 8.327061876142485275e-01 8.286099920252611994e-01 8.199581131901267916e-01 8.527044821086984250e-01 8.375903285658335973e-01 8.605568855790716176e-01 8.498954202728434826e-01 8.473174611457385819e-01 8.383468306799103376e-01 8.433582713867102676e-01 8.362866188863856687e-01 8.462223748188545391e-01 8.543612731989099762e-01 8.278640046415204345e-01 8.386201447084138394e-01 8.029880942673565114e-01 8.165403419519621231e-01 8.333047160208895132e-01 8.100066011645511432e-01 8.126888303015338266e-01 8.538582874448259474e-01 8.543474971089509706e-01 8.528245966078243923e-01 8.370755284057358470e-01 8.494262799162884958e-01 8.415426792107632004e-01 8.473702369756577202e-01 8.529337136167909339e-01 8.428188775983821435e-01 8.397827087849558669e-01 8.409941176308609601e-01 8.392696396236482004e-01 8.500873860489273071e-01 8.542197990879006886e-01 8.529496783275775096e-01 8.473696364544668347e-01 8.527349752700978947e-01 8.604717848735742303e-01 8.566530609732405654e-01 8.596852964447393441e-01 8.606791677565218679e-01 8.613554414320855335e-01 8.363640696701017951e-01 8.350048952475771502e-01 8.544550187028494559e-01 8.499609544151027762e-01 8.549772633054585347e-01 8.490371315478195680e-01 8.590659776331054376e-01 8.608616711831549306e-01 8.537376535891489926e-01 8.460696485659681132e-01 8.545455370410734997e-01 8.571970331706657564e-01 8.532223592519794231e-01 8.594984363357198731e-01 8.542301316580932502e-01 8.608126221347123241e-01 8.572632445378851607e-01 8.561616506118867598e-01 8.514459458857196461e-01 8.570125600222455731e-01
