1.000000000000000000e+00 8.604936296828562259e-02 1.669059556676858597e-02 6.829335424654804643e-02 2.435586010117956127e-02 5.879120043497482358e-03 5.870996946389370891e-02 3.972665046910640874e-02 1.169885670558176716e-01 4.335012732250708573e-02 1.799487978064601146e-02 3.504102140452183128e-02 2.901342629178422020e-02 3.165751305318249050e-03 1.145817535740110277e-02 2.997726750125293341e-02 7.258817977149882583e-02 5.968037274565880096e-02 3.409543638964643991e-02 4.378845001557623434e-02 7.843560240831179420e-02 4.942894845801123344e-02 5.261291722162533130e-02 4.872075328134303773e-02 1.744562407325151582e-02 5.538513282412001193e-02 4.740727177141142168e-02 4.100459041877917848e-02 4.821574096721387842e-02 9.434004934015270682e-02 7.356184543756549843e-02 4.054303634903537457e-02 2.147981345181037074e-02 3.834452026035856803e-02 7.029035939515557163e-02 3.373655027701338849e-02 4.507221541088736461e-02 -1.287567692991433213e-02 2.005744144283261657e-02 -3.981898737127801541e-02 7.330739561045629404e-03 -1.287505537414421197e-02 -2.830084718386806277e-03 3.823751666643638528e-03 3.447474314538072349e-02 -2.598638292776728111e-03 7.139672544338974622e-03 1.211488091998164443e-02 1.395418838276728073e-02 2.915091405768851542e-03 -7.710223032448657466e-04 2.450700909587855223e-03 1.001233802846131574e-02 2.187312469391304234e-02 1.211171908562345273e-02 -7.368939560283467756e-03 5.242677391067742526e-02 2.368803599402819100e-03 9.384487302859989208e-03 3.913566610490747111e-02 1.955480359057325951e-02 3.003368951627030659e-02 1.807003514089541157e-02 5.169797391555620153e-02 6.528811668790784895e-02 3.762682524012379848e-02 2.693849953289294621e-02 1.314232506514047966e-02 3.429136025873343735e-02 1.931358143464298460e-02 1.611793886514103352e-02 1.238506740848648903e-02 2.049632226795528034e-02 5.277470806570571868e-03 2.189688014970422522e-02 2.040014022114577941e-02 2.014975508312990410e-02 2.520862153496063532e-02 1.079106614153678423e-02 3.860324575092492078e-02 2.921711169014580903e-02 3.265453220694834041e-02 4.030381345204545052e-02 2.744185634612755775e-02 1.368867816026149604e-03 2.233417432093471808e-02 6.440141399796980165e-03 4.564379199385163247e-03 1.184741156083482169e-02 3.642659540483427025e-03 -1.034780261617235415e-02 1.656914683578458161e-03 8.746967234721441525e-03 -1.841882957878769719e-04 7.027405996595957258e-03 7.550591819847067565e-03 8.637427538448158061e-04 5.138278979524676243e-02 1.132719924532503940e-02 9.130971606487741851e-03 4.266780267677464794e-03 1.772631003022573024e-02 1.276426019999257581e-02 7.228038205493924825e-03 1.740405757793627925e-02 2.646922833322130908e-02 1.871295173718933585e-02 1.061243625069785770e-02 1.244664242654352354e-02 2.338577320894273930e-03 -3.560197916303709095e-04 2.099108717339416910e-02 1.364102533142810304e-02 3.469031613344861209e-02 3.914217316819732645e-02 2.895584068123684823e-02
8.604936296828562259e-02 1.000000000000000000e+00 9.434758938177016663e-02 7.275548990128380411e-02 5.806147807426965263e-02 4.598384535575611443e-02 1.276656283486361232e-01 1.219149254714094743e-01 1.536678679242061973e-01 1.532595231085606691e-01 1.359616084756649912e-01 1.394424673052457875e-01 1.201652536183397679e-01 1.026766063715112559e-01 1.587647346081787481e-01 1.342840802103155151e-01 1.414694155712538925e-01 1.469538935875073782e-01 1.496816235859411981e-01 1.112638304162250485e-01 1.195762544569987373e-01 1.172593696379386208e-01 1.466975552029685936e-01 1.229368793087223799e-01 1.416206175428585123e-01 1.574063140945416439e-01 1.434688314689067101e-01 1.526285479687207181e-01 1.497592726405651553e-01 1.609531904651379519e-01 1.681137903652400456e-01 1.447370722130113530e-01 1.523952098577340819e-01 1.322963906926552802e-01 1.590450895753566241e-01 1.229315739149058340e-01 1.500498904069851591e-01 1.375869285791337937e-01 1.420271679313742930e-01 1.364266079927826114e-01 1.537198946025848112e-01 1.398301552115170099e-01 1.296750377678923261e-01 1.383582013026487534e-01 1.445144978954598924e-01 1.492379050931003648e-01 1.497882358359743649e-01 1.521701347700123441e-01 1.552581295383113347e-01 1.362659707665819786e-01 1.471331531607102394e-01 1.251069806678728469e-01 1.402876909628269497e-01 1.546166033771444182e-01 1.527166816793460724e-01 1.471241127723518227e-01 1.516232967217867600e-01 1.500046403163621256e-01 1.505061950335817855e-01 1.457439418957174881e-01 1.489491208062316552e-01 1.505060007859167215e-01 1.389912965683148260e-01 1.495424016260337441e-01 1.447983936076830680e-01 1.468444938589562321e-01 1.504719013487249291e-01 1.443825505569575895e-01 1.514858718403530313e-01 1.489800240019016897e-01 1.408354809716500511e-01 1.461812642675357765e-01 1.419273377847732331e-01 1.453377958348539278e-01 1.501730290647079469e-01 1.503746191768450813e-01 1.508502728918896529e-01 1.524139658022345412e-01 1.530810436070978997e-01 1.556487914296752761e-01 1.557023752353387525e-01 1.583305763934327315e-01 1.507071484324608579e-01 1.489671946720436402e-01 1.379077813697279220e-01 1.381959396640885240e-01 1.439971208103801581e-01 1.456125228115177639e-01 1.425412065184308574e-01 1.483833924951441230e-01 1.470506295970713251e-01 1.435360406378847486e-01 1.466569301014223059e-01 1.465860230679671972e-01 1.461548407264214589e-01 1.478980681422918109e-01 1.318320711807013101e-01 1.483184924345760658e-01 1.433165232065850281e-01 1.413853399713041192e-01 1.375042091676744183e-01 1.434935473565126240e-01 1.434775810051324152e-01 1.422468217042687222e-01 1.403763044688897677e-01 1.430509149034484839e-01 1.475932353113482698e-01 1.496136043476571642e-01 1.474137838177553839e-01 1.447767986925813655e-01 1.456403836489050252e-01 1.482801014231603376e-01 1.468447129291757247e-01 1.453137388961526499e-01 1.504522245300747851e-01 1.498722744866813894e-01
1.669059556676858597e-02 9.434758938177016663e-02 1.000000000000000000e+00 2.773032810383194158e-01 1.347172673054500835e-01 1.373012441829515595e-01 2.522820191344888330e-01 2.267280956447071949e-01 2.520070362150834686e-01 2.330696549151382302e-01 2.974115186385165033e-01 3.028442346836695553e-01 2.815527776970527807e-01 2.111502255987725563e-01 3.025546501482927475e-01 2.872398148648782623e-01 2.718439747109913651e-01 3.086871047511514643e-01 3.206338299504163936e-01 2.357754014795433173e-01 2.559414098881541144e-01 2.920900711848642972e-01 3.170805992799676232e-01 3.041735629832770238e-01 3.212367999367471416e-01 3.050241041869161673e-01 2.958091549221099625e-01 3.339508254164777479e-01 3.200120124459585047e-01 3.358194043002596940e-01 3.329305758897970202e-01 3.203460022900183057e-01 3.110717140430612204e-01 2.979626724350956102e-01 3.156585522626785267e-01 2.808270895872785888e-01 3.198788146101174124e-01 3.059981846303685971e-01 3.164104036944845877e-01 3.066761458621630188e-01 3.081473974265449001e-01 3.141361489771222204e-01 3.023687953684541796e-01 3.160768985556668409e-01 3.171867468394668488e-01 3.120448385581782169e-01 3.123788629640337211e-01 3.094924033333387170e-01 3.031522553868313263e-01 2.810287922564615459e-01 3.003560928218588777e-01 2.833211796040465691e-01 2.957259667395163993e-01 3.024642199984148294e-01 2.971949263456955537e-01 3.154297348952217472e-01 2.758534649441226616e-01 3.064690096105689987e-01 2.967679569208021007e-01 2.961024577519588141e-01 2.998141355194771096e-01 2.926954746521933104e-01 2.827906949528274927e-01 2.951501426290831231e-01 2.900522616686201371e-01 2.895857904548532202e-01 3.072352265878460220e-01 3.159707889338261300e-01 3.162137992810092335e-01 3.153403145892273995e-01 3.127735817034634769e-01 3.183720530639631008e-01 3.135879682413962866e-01 3.238377239227722137e-01 3.142123863081113244e-01 3.120217848701654639e-01 3.202382040200422719e-01 3.230506933829505045e-01 3.240388258729743898e-01 3.229630760687916546e-01 3.195090656834594367e-01 3.184147775444303718e-01 3.096381162027569411e-01 3.250506503906732125e-01 3.149467875595300392e-01 3.102630057572164368e-01 3.112693969440485375e-01 3.180340810187078926e-01 3.142996491178232099e-01 3.134861112910571346e-01 3.148995839446849243e-01 3.137703267529466933e-01 3.108529022150386401e-01 3.160426923514983444e-01 3.043878721732830583e-01 3.088419600391839603e-01 2.994419045017772674e-01 2.904865663867479131e-01 3.023094367160572560e-01 3.078168344835887638e-01 3.089569277442606454e-01 3.011163087962127616e-01 3.035326278366713981e-01 3.093194406153738085e-01 3.056409522812661428e-01 2.970105529648295883e-01 3.060113913377426331e-01 3.086293313273228422e-01 3.094892874423827989e-01 3.065152254421971700e-01 3.059518743707116406e-01 3.056858494127966952e-01 3.042019445064090832e-01 3.035164148161995090e-01 2.995754184343747961e-01 2.990208807683487069e-01
6.829335424654804643e-02 7.275548990128380411e-02 2.773032810383194158e-01 1.000000000000000000e+00 2.641376943828666612e-01 2.878294499969258347e-01 4.810031267931467736e-01 4.443921333958389952e-01 4.670001754718357545e-01 4.279601996270910869e-01 4.905422622950611489e-01 5.331215771079632626e-01 4.637764756736572069e-01 3.578933130798280238e-01 5.219988759077437424e-01 5.268021811874581406e-01 4.800341158819829701e-01 4.923384655091913031e-01 5.111572550570266937e-01 4.192449756458574983e-01 4.782442817701457738e-01 5.181055646109358204e-01 5.074174291683282156e-01 4.885349858890183916e-01 4.923253586950909755e-01 5.439572946166538747e-01 5.264672758288141408e-01 5.347263771368180318e-01 5.149205425549453485e-01 5.404192480199897508e-01 5.443252068884227857e-01 5.517623504705986281e-01 5.364737370867092014e-01 5.158983497880970104e-01 5.222404748864234447e-01 5.223359567788512514e-01 5.353123110488205993e-01 5.314133822478095404e-01 5.493540396408559401e-01 5.263087833271355986e-01 5.440317430262965326e-01 5.343085360783902393e-01 5.359341869745853915e-01 5.461395377447216815e-01 5.478053983061140775e-01 5.374041935845608187e-01 5.394536298044141365e-01 5.355869110266588962e-01 5.400004661428899899e-01 5.142198286222426917e-01 5.370495702899088508e-01 5.060614647973935565e-01 5.168766166722904565e-01 5.370498551703069001e-01 5.329156208507016546e-01 5.448596184217665561e-01 5.279918663211106145e-01 5.327668501628476383e-01 5.304430838402993675e-01 5.386744869088900822e-01 5.417678680710182881e-01 5.310759404491622870e-01 5.291134289021173220e-01 5.405557975402640603e-01 5.365511218615695022e-01 5.338120719408382397e-01 5.454033055732415702e-01 5.432008631664135834e-01 5.543940669301452573e-01 5.464218756406831190e-01 5.429097170163721398e-01 5.424532156444582531e-01 5.381856647745777433e-01 5.365232342283394740e-01 5.503618822940299360e-01 5.440933175445004100e-01 5.453033472874478926e-01 5.424184488384206082e-01 5.431859768019637880e-01 5.490407912783140665e-01 5.483089512486832851e-01 5.447701925634471642e-01 5.489168253750408288e-01 5.495594084509316524e-01 5.420151536996878905e-01 5.453928327162151923e-01 5.379989447141725334e-01 5.515681993000646210e-01 5.460941590607418794e-01 5.474930788839571516e-01 5.418118686820069252e-01 5.454489602747023547e-01 5.436906207595407770e-01 5.431428009545069546e-01 5.394947769059160736e-01 5.388300973727693233e-01 5.383398802344253609e-01 5.313796607621592560e-01 5.436572269193004070e-01 5.449774801305157235e-01 5.464037463974952269e-01 5.433078782958499220e-01 5.329064145304889255e-01 5.432006308933997607e-01 5.411647063725046891e-01 5.351297099755386588e-01 5.409938126303497352e-01 5.399867637105760787e-01 5.441727435612797592e-01 5.405279866466504712e-01 5.397055237264110072e-01 5.395625387878427714e-01 5.373766985809265151e-01 5.431904432214104128e-01 5.400495243688689939e-01 5.373623585511162482e-01
2.435586010117956127e-02 5.806147807426965263e-02 1.347172673054500835e-01 2.641376943828666612e-01 1.000000000000000000e+00 2.147383581209854619e-01 3.895125053656827707e-01 3.707925682763607012e-01 4.056612810456641793e-01 3.498066682150172690e-01 4.026445096625431708e-01 4.398524623907980047e-01 4.340643439752643884e-01 3.002542587786495853e-01 4.449706057208085430e-01 4.468647200978534406e-01 4.250001456087956209e-01 4.073612153619469711e-01 4.344183762658809234e-01 3.154457545861269474e-01 4.329361242696701528e-01 4.305447236469215899e-01 3.976112417961965018e-01 4.046465951814092743e-01 4.315161592450095784e-01 4.380931846973006860e-01 4.313839164510099855e-01 4.400964895174216962e-01 4.068248134693885354e-01 4.180412179550634377e-01 4.356433773961114753e-01 4.374463747723454365e-01 4.312503130875165458e-01 4.232258698664585483e-01 4.259513728957628476e-01 4.335050835095545785e-01 4.400770896205872806e-01 4.379179919877673188e-01 4.601247484970883983e-01 4.579228126335594395e-01 4.688537916624606616e-01 4.627895884142918526e-01 4.648167283026260477e-01 4.695400903926444380e-01 4.693261704642637255e-01 4.606183880122323715e-01 4.616044976405689892e-01 4.627302576916252352e-01 4.572832227034975827e-01 4.329983022599152576e-01 4.504440587101744553e-01 4.416380597058850999e-01 4.550413861717385045e-01 4.568857267232899755e-01 4.516022876166639888e-01 4.611194885671043298e-01 4.337928127194049521e-01 4.604915797553589263e-01 4.450151790069086788e-01 4.646438681856912556e-01 4.576316504091461068e-01 4.503578099671141088e-01 4.327642380185601767e-01 4.512196292842750034e-01 4.581765487851246488e-01 4.477266517867028450e-01 4.620405166742961867e-01 4.635012625306138001e-01 4.578184534258122884e-01 4.616316610169996504e-01 4.701636529024886824e-01 4.665898732342461663e-01 4.509583125010478977e-01 4.660585711350060389e-01 4.619175628718861781e-01 4.605802379341212838e-01 4.620280769985109504e-01 4.497944123423997520e-01 4.632619379748567634e-01 4.563690865396481389e-01 4.538488109618827870e-01 4.587718358362565807e-01 4.648240984790538710e-01 4.539865155531356278e-01 4.570530866567935058e-01 4.567340465337046962e-01 4.671911007682789663e-01 4.638802865998069569e-01 4.623897492554067123e-01 4.631632574770809807e-01 4.641617331506992516e-01 4.698341749382201060e-01 4.653913905449033050e-01 4.690832720544363954e-01 4.643672416860342711e-01 4.650746681716196318e-01 4.589195810651546248e-01 4.504286287340104056e-01 4.614177759409497370e-01 4.622849658114733806e-01 4.639319978352204332e-01 4.556867111992200514e-01 4.607158564225286024e-01 4.691998163831399005e-01 4.669861860749662807e-01 4.463165912075215958e-01 4.613511631896042298e-01 4.653773583825220883e-01 4.641364782137795131e-01 4.628284886387869501e-01 4.583139083191635210e-01 4.661590641881645514e-01 4.592236291375613733e-01 4.633840443970839718e-01 4.703627198765695794e-01 4.600476356189496241e-01
5.879120043497482358e-03 4.598384535575611443e-02 1.373012441829515595e-01 2.878294499969258347e-01 2.147383581209854619e-01 1.000000000000000000e+00 4.273813978495162313e-01 3.529194467487370979e-01 4.125793885578264986e-01 3.826186910021414644e-01 4.227244310905302060e-01 4.597571977303922530e-01 4.000035088823908347e-01 2.946716190232641086e-01 4.416417644886011518e-01 4.579381583387553412e-01 4.271092710248516333e-01 4.057894541666191013e-01 4.250512721586786613e-01 3.117886293311519230e-01 4.159043271054119195e-01 4.247578911269109803e-01 4.235466342355302949e-01 4.135980991533081963e-01 4.233122284206179975e-01 4.653993651775498730e-01 4.622574019916369514e-01 4.484459140603670457e-01 4.335607672395263568e-01 4.579540659833427063e-01 4.675617123748410653e-01 4.691851289402966252e-01 4.569826832431367336e-01 4.466342426488171258e-01 4.613864465706040696e-01 4.453183829961661067e-01 4.704572593277579484e-01 4.595491513225445912e-01 4.735967900586522394e-01 4.593699025971073602e-01 4.776973220106539575e-01 4.729213302064111391e-01 4.632774138574731193e-01 4.713298559387043007e-01 4.723905265607009074e-01 4.674717114556770636e-01 4.765687547470247032e-01 4.756387599612948991e-01 4.793430062818013759e-01 4.510882826656697486e-01 4.754564747790452350e-01 4.561988244515874369e-01 4.641309096118132471e-01 4.799429820122573798e-01 4.759364639941691677e-01 4.775596436627107533e-01 4.780353169558638760e-01 4.770817175964540691e-01 4.797517666823774563e-01 4.820391634875688114e-01 4.809061815002982354e-01 4.829648615753697194e-01 4.772014140559296957e-01 4.750596237732205296e-01 4.754623128708183599e-01 4.789894055191494804e-01 4.780893877086340171e-01 4.790986844491046392e-01 4.850300400861454198e-01 4.698272101802103418e-01 4.764935739985313723e-01 4.771040270403882344e-01 4.730876809086237977e-01 4.731672851169539951e-01 4.838908038497989894e-01 4.785310212197602109e-01 4.761349224918079992e-01 4.711072131118476114e-01 4.747203975711534740e-01 4.790740160684217042e-01 4.836100687324350056e-01 4.802005795423483492e-01 4.838144369008294254e-01 4.805381643139687298e-01 4.784014278465358316e-01 4.815741052811302048e-01 4.786846703258662017e-01 4.817620760618266385e-01 4.786354040422544642e-01 4.824789411817003160e-01 4.804480491455511149e-01 4.801200972091189123e-01 4.806840683695431937e-01 4.805469090186777481e-01 4.807326069782281164e-01 4.805807460017919586e-01 4.758797149403435345e-01 4.740694326426255767e-01 4.838067548087341407e-01 4.788620402446334134e-01 4.780223756552509085e-01 4.794452605082314967e-01 4.771650072499445949e-01 4.771257635652438878e-01 4.811568713663172958e-01 4.830417312396715346e-01 4.825092925352840179e-01 4.814461724231172135e-01 4.848559770250481238e-01 4.801334694968877326e-01 4.814749402248325039e-01 4.800702525022746414e-01 4.807454831767604131e-01 4.821665900007968131e-01 4.769219763598649409e-01 4.816733355088875235e-01
5.870996946389370891e-02 1.276656283486361232e-01 2.522820191344888330e-01 4.810031267931467736e-01 3.895125053656827707e-01 4.273813978495162313e-01 1.000000000000000000e+00 5.976853144139626650e-01 6.352469481879687851e-01 5.927042724769643334e-01 6.416030077371210893e-01 7.284658254146878509e-01 6.445181109435832445e-01 5.303352612611552663e-01 7.481447573217410163e-01 7.168443890212794489e-01 6.497272725868136201e-01 7.026893005836739592e-01 7.062729384235467700e-01 5.869723473530550351e-01 6.825382053658695103e-01 7.143198907495279526e-01 7.081895493874397207e-01 7.089482957198092183e-01 6.993209324488807166e-01 7.316255166432023005e-01 7.132346852273050430e-01 7.332207778837526169e-01 7.067157430125997619e-01 7.210236353670620435e-01 7.397100863921299840e-01 7.416757366475790203e-01 7.067919705648494366e-01 7.036972836923619523e-01 7.104649306176948897e-01 6.922018510486476206e-01 7.241585599713626920e-01 7.254653462400442177e-01 7.481706324747936510e-01 7.192484535199539231e-01 7.486289312055524059e-01 7.496839208668126808e-01 7.502260312112987162e-01 7.559932242965485827e-01 7.514323908752391645e-01 7.521514858250668567e-01 7.456289548434851255e-01 7.411145236603783326e-01 7.364063779707374913e-01 7.029439667869843422e-01 7.424021505768338969e-01 7.116488674856437102e-01 7.206936106612705784e-01 7.443861009933033790e-01 7.402932715728333113e-01 7.371041892698937392e-01 7.331516681651047973e-01 7.415036619449553168e-01 7.398588932095102599e-01 7.487722364264163266e-01 7.545084883482363614e-01 7.405466493497701030e-01 7.349246326713141375e-01 7.429168823199220340e-01 7.393320153643673232e-01 7.381164230795855818e-01 7.500735857826250630e-01 7.529971430281249267e-01 7.617939882530661011e-01 7.637844201656750487e-01 7.580115737296366785e-01 7.538476186885989527e-01 7.582814792992097486e-01 7.531435781939724849e-01 7.542282071876964533e-01 7.470537681182192191e-01 7.550474166993232927e-01 7.453650383919296907e-01 7.611017110029777433e-01 7.511860335098808905e-01 7.517048112869677556e-01 7.538113379310117379e-01 7.532618735778057184e-01 7.499018543204591936e-01 7.469632483651046373e-01 7.456192825672058877e-01 7.394865689804539510e-01 7.565720842755414566e-01 7.513802538383411722e-01 7.539493898401457006e-01 7.549767957002523344e-01 7.549248642955818100e-01 7.523464707146922947e-01 7.589524531287503706e-01 7.447971000787264595e-01 7.436132507736042951e-01 7.367040967637820126e-01 7.380944188744298362e-01 7.517794437692856269e-01 7.491961178032590096e-01 7.538666297386110715e-01 7.476723220194606556e-01 7.407235881293671165e-01 7.496728285392969537e-01 7.462609298088491716e-01 7.393010804517794465e-01 7.469612153655307285e-01 7.464748902881209736e-01 7.484636553921755198e-01 7.467204098503118503e-01 7.445361400850959432e-01 7.481494399076635826e-01 7.426335645963004772e-01 7.453981187512567219e-01 7.390730202368225310e-01 7.438271922837997874e-01
3.972665046910640874e-02 1.219149254714094743e-01 2.267280956447071949e-01 4.443921333958389952e-01 3.707925682763607012e-01 3.529194467487370979e-01 5.976853144139626650e-01 1.000000000000000000e+00 5.976525692861849315e-01 5.257814020826344636e-01 6.042114567393214175e-01 6.749245724792252155e-01 6.231351608521963348e-01 4.916015058458669262e-01 6.851038023240283437e-01 6.972449472081170274e-01 6.233501630011704098e-01 6.545588060056151125e-01 6.596584089513465310e-01 5.591086519258474663e-01 6.677516399714928941e-01 6.801987176408329505e-01 6.269399844646783571e-01 6.422741095231260244e-01 6.240844029653650482e-01 6.726622911781572345e-01 6.396690898974402018e-01 6.435887329575598059e-01 6.206344866652383496e-01 6.361239533197591278e-01 6.572452653244860166e-01 6.995377972027049251e-01 6.339402629825314772e-01 6.510002715631304504e-01 6.323729059403315755e-01 6.554052847568078155e-01 6.463969058652887512e-01 6.942534788319317807e-01 7.012937026026478948e-01 6.665591022556247580e-01 6.984248621197413076e-01 7.043499814221672040e-01 7.089982660329887665e-01 7.140841634129839743e-01 6.944166393800559334e-01 6.974032509034495675e-01 7.091785171490984085e-01 7.040444759907084071e-01 7.092214843673216862e-01 6.841210094744372139e-01 7.171340492871762784e-01 6.710877943733979389e-01 6.875848004293220184e-01 7.099843839621639008e-01 7.046545901973921833e-01 6.911971425701747274e-01 7.116080654917809056e-01 7.111860754402417051e-01 7.117830369812759850e-01 7.167868239769913385e-01 7.236133783328784208e-01 7.116041240181723015e-01 7.117656414280151278e-01 7.170386356427369545e-01 7.103368528557859607e-01 7.027941256536337500e-01 7.114705047978605590e-01 7.053625168107316989e-01 7.140547691129032204e-01 7.238589751380005710e-01 7.206978763051277159e-01 7.082488265984383524e-01 7.045931993709302343e-01 6.933249892729872466e-01 7.113597112530966049e-01 6.977094030432311467e-01 6.963554044533526444e-01 6.854487671152397210e-01 7.103285834469970084e-01 7.007757497307726124e-01 6.931629151608775796e-01 7.022011836001557095e-01 7.127111528133943663e-01 6.927181331232968864e-01 7.023704477995363904e-01 7.037885767394725933e-01 6.891512454216450756e-01 7.191841097495930146e-01 7.116512216853657646e-01 7.042844907156016188e-01 6.971033315618110349e-01 7.148992454158042964e-01 7.089956549813827280e-01 7.120810533811566811e-01 7.102203266468499754e-01 7.093051334412638909e-01 7.121605117382938666e-01 7.147287985822923240e-01 7.192602517109265570e-01 7.176323524154191169e-01 7.200399036268806396e-01 7.208530966653414751e-01 7.038678939314796379e-01 7.170236115337051963e-01 7.090700252107775547e-01 7.092325998581600066e-01 7.173282025475403723e-01 7.087271719942049852e-01 7.099928543053048990e-01 7.135499705832382134e-01 7.139617653135164055e-01 7.123719173948922512e-01 7.097075745158880622e-01 7.179495096801722376e-01 7.087071539002648413e-01 7.109069583069044240e-01
1.169885670558176716e-01 1.536678679242061973e-01 2.520070362150834686e-01 4.670001754718357545e-01 4.056612810456641793e-01 4.125793885578264986e-01 6.352469481879687851e-01 5.976525692861849315e-01 1.000000000000000000e+00 7.041954015217125606e-01 7.366951831010170038e-01 7.755278279420327880e-01 7.295183345465753311e-01 5.604753980475829511e-01 7.892412357397645684e-01 7.837672260352738229e-01 7.713888728872698719e-01 7.143578252533070438e-01 7.534091161139806481e-01 5.249895133037689732e-01 7.213731606350626269e-01 7.280540875061185524e-01 7.268225161558281577e-01 6.912778195914832668e-01 7.147466156644947111e-01 7.993171355327851613e-01 7.948366013675230990e-01 7.706987363157816739e-01 7.649620493904349949e-01 7.947432037635632218e-01 8.192145097491775330e-01 8.198108595164922408e-01 7.671996562440126510e-01 7.757197053142476095e-01 7.823077516957267497e-01 7.765948097591818255e-01 8.081841927809267911e-01 7.947059913260776653e-01 8.176543081460415641e-01 7.618329085017443436e-01 8.276503175565098624e-01 8.089536395279748326e-01 7.991972324267595518e-01 8.230666309677494574e-01 8.194940178261463926e-01 8.104334065627408767e-01 8.389255838023362832e-01 8.458560898632159208e-01 8.446287050676130059e-01 8.022085940683535421e-01 8.277344273138769193e-01 7.724411258200767350e-01 8.044740054449511790e-01 8.451911236448073073e-01 8.301788993638704595e-01 8.215084284979418117e-01 8.352014739559369128e-01 8.284726088316962667e-01 8.304854895602068465e-01 8.474154858436530047e-01 8.391283394368016513e-01 8.360219369178075732e-01 8.181325565230719299e-01 8.475701466093982228e-01 8.466439790199578042e-01 8.389533856001095691e-01 8.450636324864030380e-01 8.342147856167334563e-01 8.420439925930690572e-01 8.197833754692460673e-01 8.277395475049270646e-01 8.292657553479243493e-01 8.174443589840567626e-01 8.110842839246702463e-01 8.417036663826290566e-01 8.377680368993907223e-01 8.297501117598399256e-01 8.294646265222720416e-01 8.229362161813761345e-01 8.447959267325382271e-01 8.415087210367458992e-01 8.444293577759556246e-01 8.479753548689221709e-01 8.350107618015134570e-01 8.248325139624853586e-01 8.360985854596886258e-01 8.325463327865481045e-01 8.329872685857298009e-01 8.387297351326507000e-01 8.283357732508637161e-01 8.129236137259944206e-01 8.321826334431542405e-01 8.337920966828192837e-01 8.285548895599424979e-01 8.400241130265090339e-01 8.410684369330045929e-01 8.233280893408942980e-01 8.432174762693810388e-01 8.409604114192317237e-01 8.383721006984085067e-01 8.286183670223330466e-01 8.390830539876246164e-01 8.336221927654470232e-01 8.385036328126582728e-01 8.392650050766909953e-01 8.344488390080446738e-01 8.460094636417654357e-01 8.424579252936792439e-01 8.400591905552046157e-01 8.369606494637640282e-01 8.345510552423138773e-01 8.459137535248315576e-01 8.385791208274822051e-01 8.480779126472247631e-01 8.493032462413735439e-01 8.457089426186692460e-01
4.335012732250708573e-02 1.532595231085606691e-01 2.330696549151382302e-01 4.279601996270910869e-01 3.498066682150172690e-01 3.826186910021414644e-01 5.927042724769643334e-01 5.257814020826344636e-01 7.041954015217125606e-01 1.000000000000000000e+00 6.700788347675473711e-01 7.061562262711519322e-01 6.630221769411105415e-01 5.267134193765173888e-01 7.334713152627225785e-01 7.286389604036246359e-01 6.931742197230492675e-01 6.630097163628595469e-01 7.164733985869260469e-01 4.563240163732976140e-01 6.428478684968487178e-01 6.589835551696823224e-01 7.120129794437937143e-01 6.593518360321067862e-01 6.927816086053216749e-01 7.434658059844712064e-01 7.411340405494398764e-01 7.380575312744948047e-01 7.412090783241270797e-01 7.513851056121857441e-01 7.738802074012809395e-01 7.579719851288175825e-01 7.294072092473499191e-01 7.240699197953626154e-01 7.372123907301130208e-01 6.962823567388947144e-01 7.631947721523549832e-01 7.453819905452974126e-01 7.618647909271661911e-01 7.375214832650661689e-01 7.790848194567290275e-01 7.677454370025907915e-01 7.371408522286616583e-01 7.650756007293665339e-01 7.633349384926837455e-01 7.750043142131352036e-01 7.815664477782811037e-01 7.852464960664350402e-01 7.775689726208397934e-01 7.304958438581822255e-01 7.630238159404394427e-01 7.037253767249611602e-01 7.483350691845044311e-01 7.859489757631826778e-01 7.766532303091205902e-01 7.794575599377773223e-01 7.511743841374267650e-01 7.736504344403726252e-01 7.713498983246499519e-01 7.792429824880346967e-01 7.700406767497066651e-01 7.717166331743667840e-01 7.552260922989152414e-01 7.651296086155724430e-01 7.620990564862543115e-01 7.689308143202732149e-01 7.816975678459894272e-01 7.809021520863440591e-01 7.833217819246536262e-01 7.612109144579894959e-01 7.673868787097386512e-01 7.781288786663513868e-01 7.726756133714989261e-01 7.736693255986355489e-01 7.828660544277638023e-01 7.845692331291831412e-01 7.840543452207692221e-01 7.866682589155027383e-01 7.736351121831501754e-01 7.877457139299459676e-01 7.820325139347554799e-01 7.877677025261499155e-01 7.829409886712143107e-01 7.826922058875154242e-01 7.697018139515158230e-01 7.767396262998137457e-01 7.810802452727584333e-01 7.766334244851277324e-01 7.796640441062668847e-01 7.816013715837271114e-01 7.687343858666693119e-01 7.800749328564359208e-01 7.786793641532109289e-01 7.792186137294974113e-01 7.826504711575495987e-01 7.837816175299877619e-01 7.558548065764782997e-01 7.570513651520497378e-01 7.759586898112494913e-01 7.740175528314873210e-01 7.661872391637264412e-01 7.702128228980237301e-01 7.737102089677412309e-01 7.781509925156188112e-01 7.680125321933533034e-01 7.629858989080512410e-01 7.794899741847531871e-01 7.854955615545643477e-01 7.842475617368597218e-01 7.802328533375095798e-01 7.788639726399683161e-01 7.836364449240931229e-01 7.789358778198255395e-01 7.740573240744847983e-01 7.799010512411628238e-01 7.778088335855519730e-01
1.799487978064601146e-02 1.359616084756649912e-01 2.974115186385165033e-01 4.905422622950611489e-01 4.026445096625431708e-01 4.227244310905302060e-01 6.416030077371210893e-01 6.042114567393214175e-01 7.366951831010170038e-01 6.700788347675473711e-01 1.000000000000000000e+00 8.089204595384114072e-01 7.325100177041324878e-01 5.681773078588902015e-01 8.187301991452822225e-01 7.882815972565888618e-01 7.464460772713475967e-01 7.263850043712295479e-01 7.785707386701266053e-01 5.402668875429493811e-01 7.135339027046833094e-01 7.536553619970058904e-01 7.514968689868979368e-01 7.233639502522233311e-01 7.659364013911721392e-01 8.090870484551152542e-01 8.062723138250210697e-01 8.044662154972529455e-01 7.864054178915607096e-01 7.990296813203983106e-01 8.329878926891030044e-01 8.258909714869768770e-01 8.098794333243383159e-01 7.858734693925879533e-01 7.860432965613827205e-01 7.906132925657353150e-01 8.249548087713598488e-01 8.220194395952649113e-01 8.434671493237406725e-01 8.191776396234428104e-01 8.482443947699602749e-01 8.457241853918168184e-01 8.297812876503597446e-01 8.504120115969042715e-01 8.424282596300282089e-01 8.473080762965730095e-01 8.555965945407421058e-01 8.548845361242076724e-01 8.522859391391774952e-01 8.122344882718389725e-01 8.434275918188360865e-01 8.013167302983604801e-01 8.309062508459105212e-01 8.487008332439459624e-01 8.366951109454703328e-01 8.505408657899378166e-01 8.167597747965090749e-01 8.458623149690213117e-01 8.394244242035385772e-01 8.483888894408320169e-01 8.479208031769129850e-01 8.376416082239263039e-01 8.245011044103480735e-01 8.385140856524979647e-01 8.387485028964732914e-01 8.348520209723154784e-01 8.571160670312580887e-01 8.560663527862902855e-01 8.536590837378582597e-01 8.457428602878357404e-01 8.512220969870663012e-01 8.567025359205305834e-01 8.431741335405565918e-01 8.496412051847275215e-01 8.587916755613530517e-01 8.568551822143440910e-01 8.556380769084209748e-01 8.490999813110216010e-01 8.577483156414580368e-01 8.605839515944200269e-01 8.570558817256141992e-01 8.636074817061273334e-01 8.552577746375878975e-01 8.554403245882385987e-01 8.512896995108097942e-01 8.519074867871863077e-01 8.592728373695056598e-01 8.586823432470487294e-01 8.601249910838344448e-01 8.584835826047406693e-01 8.568173951125795940e-01 8.602070682102879173e-01 8.609996720827597372e-01 8.605886518568954813e-01 8.584855461586720082e-01 8.598595445243586433e-01 8.466320590621629893e-01 8.339959120129368797e-01 8.550317508189292370e-01 8.563605813768204733e-01 8.539550173357994822e-01 8.503705400901516720e-01 8.528038519406215823e-01 8.579851519946941618e-01 8.559233268282219198e-01 8.378715603382514976e-01 8.564971033170126757e-01 8.605496396954848137e-01 8.588560106124870641e-01 8.572115168036729127e-01 8.535915963188572819e-01 8.562897308684963571e-01 8.523542756836223200e-01 8.520592600005927331e-01 8.523938416514533767e-01 8.488069000972808809e-01
3.504102140452183128e-02 1.394424673052457875e-01 3.028442346836695553e-01 5.331215771079632626e-01 4.398524623907980047e-01 4.597571977303922530e-01 7.284658254146878509e-01 6.749245724792252155e-01 7.755278279420327880e-01 7.061562262711519322e-01 8.089204595384114072e-01 1.000000000000000000e+00 7.854093602758667192e-01 6.219778854984586713e-01 8.656836623141994647e-01 8.552820484220557962e-01 7.960751214796651931e-01 7.849006673482104013e-01 8.235509241274169279e-01 6.095715544401729691e-01 7.801624042462456110e-01 8.231000856868359028e-01 7.939802563635636190e-01 7.759046899419057564e-01 8.050567045794754240e-01 8.564645483524971903e-01 8.450973559401643298e-01 8.483579411819336391e-01 8.168370698699094490e-01 8.437038628819178987e-01 8.729921947887588907e-01 8.831646375824295792e-01 8.454034227676485713e-01 8.392001025434631112e-01 8.398740266635472684e-01 8.453324179305859998e-01 8.717443570508116579e-01 8.725153860285366214e-01 8.938207517631825416e-01 8.646416541265236066e-01 8.991800395805097379e-01 8.981999649378458184e-01 8.938900549539562368e-01 9.051745474221661869e-01 8.994477302973817867e-01 8.967809436054208216e-01 9.070001686688291542e-01 9.031859037936382784e-01 9.029589861259142980e-01 8.673685374651576296e-01 9.033727904833593891e-01 8.630809529842218275e-01 8.844565162464038677e-01 9.026160211957051649e-01 8.923487255557784881e-01 8.984773470644499271e-01 8.827167441164824879e-01 9.003060758471935765e-01 8.968227878556985777e-01 9.052251617562804276e-01 9.083520805068293624e-01 8.962809950201370279e-01 8.872522042890272909e-01 8.994008615963016151e-01 8.960548445047276100e-01 8.920833357960102905e-01 9.084893039970948214e-01 9.054061514720395110e-01 9.059842623146582286e-01 9.002709001702533520e-01 9.069879176441379975e-01 9.064274768645163016e-01 8.931591429804420779e-01 8.965591585690699805e-01 9.069546398582749580e-01 9.030712175082693527e-01 9.031869890944492774e-01 8.925731780309802410e-01 9.067765128991739365e-01 9.074563620937434738e-01 9.055994204463015951e-01 9.097928547389333431e-01 9.087164815687988062e-01 9.017108514588124679e-01 9.031433630415308667e-01 9.020675717943497096e-01 9.050284544254215691e-01 9.104589372637893474e-01 9.109712403632679312e-01 9.078954594595564087e-01 9.049682998802404121e-01 9.120320680348019682e-01 9.122074682054285288e-01 9.119246899057253941e-01 9.087482781616675886e-01 9.081375779172595752e-01 9.019879962812427099e-01 8.924154397470031030e-01 9.098652800039176425e-01 9.100966805665891002e-01 9.109459324447958251e-01 9.073925705648268059e-01 9.048485263548949886e-01 9.104643820174219693e-01 9.093125818496982093e-01 8.972854842143513920e-01 9.078738085948158121e-01 9.081189310901538470e-01 9.084659317314542903e-01 9.084540312790631011e-01 9.074400070892700843e-01 9.072507083792253901e-01 9.046225958163317538e-01 9.056860957575209037e-01 9.043975600523623815e-01 9.027599442188907197e-01
2.901342629178422020e-02 1.201652536183397679e-01 2.815527776970527807e-01 4.637764756736572069e-01 4.340643439752643884e-01 4.000035088823908347e-01 6.445181109435832445e-01 6.231351608521963348e-01 7.295183345465753311e-01 6.630221769411105415e-01 7.325100177041324878e-01 7.854093602758667192e-01 1.000000000000000000e+00 5.878459857896848328e-01 8.116859487348405677e-01 7.968589167780348870e-01 7.472683908027384359e-01 7.153399726049303187e-01 7.593536722195894928e-01 5.594481985725868745e-01 7.248352236348093447e-01 7.448605578377102132e-01 7.081492803867648345e-01 6.919188549708575886e-01 7.264237190981611691e-01 7.750479400638837779e-01 7.742556990491048508e-01 7.602777840985411872e-01 7.481037222912623186e-01 7.530096190644387510e-01 7.911732266244134726e-01 8.082224946574374513e-01 7.549638158975031654e-01 7.707563936776621327e-01 7.557422225693124496e-01 7.811616304674834366e-01 7.896530682334622631e-01 8.048544510417398046e-01 8.225321367703098963e-01 7.834916984286731667e-01 8.286316366189813154e-01 8.294395845531377098e-01 8.339387004139269255e-01 8.398271874716782825e-01 8.268220220510641427e-01 8.205447877605295259e-01 8.426362705708368983e-01 8.429059086922524591e-01 8.398288017453221510e-01 8.094559006658863520e-01 8.383502843095457235e-01 7.965745135696401524e-01 8.165344977708143270e-01 8.393901314480863851e-01 8.220525345230407233e-01 8.250161179545164591e-01 8.141274199825055957e-01 8.444199750400869231e-01 8.273838858182265277e-01 8.460914096781410043e-01 8.460856213716539953e-01 8.328669522625317123e-01 8.167661525472774686e-01 8.406807563854943322e-01 8.345854093497998560e-01 8.300244329752020089e-01 8.452828373685085106e-01 8.354521310480160778e-01 8.388147649517486704e-01 8.294143974936999397e-01 8.407104257023368943e-01 8.374745962247973630e-01 8.198171836521350730e-01 8.207987219339049068e-01 8.407337933434443356e-01 8.362377311323828666e-01 8.286523778827381559e-01 8.256764205204348839e-01 8.321420083601396289e-01 8.374358096334610924e-01 8.320676675227806074e-01 8.385756079102283378e-01 8.419104479309994504e-01 8.285666494012845495e-01 8.355471412627484273e-01 8.372559282439547834e-01 8.385464117667458250e-01 8.415966993937603613e-01 8.439248918050378245e-01 8.336549628280442992e-01 8.264201301793048238e-01 8.451103652118260312e-01 8.418105683084730062e-01 8.403736538916539711e-01 8.438980483771447716e-01 8.464906524177926439e-01 8.337768855462628359e-01 8.321668918727660458e-01 8.447487380938244472e-01 8.442314052812022185e-01 8.498911503515302890e-01 8.410431266967098862e-01 8.418347687444737160e-01 8.491767193099664102e-01 8.464297025475376879e-01 8.262804420694204177e-01 8.444748068028872234e-01 8.430145285992405313e-01 8.421260009416406955e-01 8.444259706951090516e-01 8.389582658808950599e-01 8.477290859916005727e-01 8.419428104623902787e-01 8.449698387380327746e-01 8.468400011683249184e-01 8.416012098544848330e-01
