1.000000000000000000e+00 5.675786830473191630e-02 8.788100676109245057e-02 4.933897251356655217e-02 1.643407038033672593e-02 6.099931691122073563e-02 5.374008465131525913e-02 2.581771456227834050e-02 1.525868812123842289e-01 3.577766319000620643e-02 5.593863345229521666e-02 3.655993154014854779e-02 1.982361530592990917e-02 -2.565089115720811403e-03 2.786702719029132084e-03 3.692179933228617594e-02 5.944487342404412150e-02 1.183663584097275762e-01 5.499273955230465222e-02 6.722311971721453561e-02 1.327132152695681411e-01 8.500980900880460156e-02 9.628683983591612705e-02 9.850786448580090005e-02 6.467723699662999981e-02 6.014560178256526946e-02 4.506070029857329323e-02 4.172238160860951284e-02 7.474866390682076422e-02 8.004472169476699317e-02 4.490462986836508963e-02 5.209575144730996948e-02 3.072662436177930542e-02 5.700957084315644297e-02 5.983187140742603910e-02 3.347308523711223921e-02 4.651786024069155118e-02 2.144023626993267484e-02 2.315333400640898903e-02 -2.209058652447121879e-02 1.653068694405418829e-02 -6.722498709211287282e-03 -2.175032456760637046e-03 1.785945776697275486e-02 2.074354765565313702e-02 8.765133740558650466e-04 8.031797280820669044e-03 1.417730667907479009e-02 1.463658997413638807e-02 1.512185605720876500e-02 1.805195982349172557e-02 2.729871118002452982e-02 1.393383463293026460e-02 4.820777468234477975e-02 4.209692331601036508e-02 1.577809634456753610e-02 6.320858498624920552e-02 1.657217557663169180e-02 1.705734144087273432e-02 3.176093200136156230e-02 1.878223600062300241e-02 4.060843792975109973e-02 2.410820061824014635e-02 4.023760187123874565e-02 5.588958643528443848e-02 6.265137553024793804e-02 1.946870855149994764e-02 2.613813019921989306e-02 3.135772882854238885e-02 3.587455559269481925e-02 4.082708645232137334e-02 2.597716140620219549e-02 3.333085391076213988e-02 2.379631425579321197e-02 2.084282008229204272e-02 2.082156497054794830e-02 1.698990123191917306e-02 3.028016755105513227e-02 1.347018487716754136e-02 3.405254819830539487e-02 3.872549208629477019e-02 1.930331119991363781e-02 3.409214627156609972e-02 2.143080724013068927e-02 1.240644288542218192e-02 2.336572031842108071e-02 2.026499698777788419e-02 1.339466610070368883e-03 1.193000501743541296e-02 2.789814164616859909e-02 -8.953543294976842870e-03 2.124575568530442417e-03 4.099124663053112412e-03 3.522167447376989280e-03 5.563331599824263528e-03 6.859448607987376351e-03 -1.966211225408750086e-03 3.838690407280143796e-02 4.644092822723655534e-03 8.814295672454827701e-03 9.206118387497522681e-04 1.371477919871366517e-02 1.128039809174179696e-02 1.119214043924235576e-02 2.615050681436312599e-02 4.618095599395671824e-02 1.491796186931974681e-02 1.360288559965415825e-02 1.336889722076142414e-02 1.469629628469397431e-02 1.070815145337684036e-02 2.095353633193386758e-02 2.420478575814988959e-02 1.870770271562229373e-02 2.744510207852910583e-02 3.844569084959235938e-02
5.675786830473191630e-02 1.000000000000000000e+00 6.981767810799495086e-03 6.416320486421210612e-02 6.421731225728342929e-02 6.494164000089114319e-02 1.023571766326122623e-01 1.094655835299849223e-01 1.694898320876477571e-01 1.740951436723559564e-01 1.392238227544802531e-01 1.391580175233831373e-01 1.344582355387488881e-01 1.019805585150448113e-01 1.474076889339702712e-01 1.449842985683352792e-01 1.565957617554722126e-01 7.992400607974696480e-02 1.403882256921675786e-01 2.751960135298991972e-02 5.407447671423142033e-02 1.121315295069467005e-01 1.237804595522810497e-01 8.851626004476245702e-02 1.194300438230092853e-01 1.528180912377349043e-01 1.521058648878891861e-01 1.702579501293070563e-01 1.595041016475540474e-01 1.508252475017378691e-01 1.632521419122288098e-01 1.379492116027802029e-01 1.500405415027560307e-01 1.176390104571413131e-01 1.448969574568101104e-01 1.393069306709925625e-01 1.531623140784403869e-01 1.561334198396622519e-01 1.564319918059982883e-01 1.515819827505696660e-01 1.573249660381593751e-01 1.563414819096700936e-01 1.373956991603388911e-01 1.570795245508119775e-01 1.612412186919770785e-01 1.554706789097783093e-01 1.572978552686951914e-01 1.635789345516215632e-01 1.563155638182939511e-01 1.329705760448735841e-01 1.429580113919988738e-01 1.208854362276826910e-01 1.437424770246161776e-01 1.628529655276556853e-01 1.467993377885916939e-01 1.515234859307239834e-01 1.396092617245472955e-01 1.479827002664806379e-01 1.515058698820062610e-01 1.665766830460383430e-01 1.473890221106021747e-01 1.548450820218035817e-01 1.394174733794620868e-01 1.658362130981829718e-01 1.687081141603050394e-01 1.531277985194340052e-01 1.676215678116890484e-01 1.485150311536471979e-01 1.550291024309468357e-01 1.219705045310069125e-01 1.329704960414477555e-01 1.540292660326511576e-01 1.382596602401303110e-01 1.412437308752322596e-01 1.619653537288972822e-01 1.600674386888036593e-01 1.617475849122840537e-01 1.620503851243724203e-01 1.643705692923841943e-01 1.652435580814398119e-01 1.591322279225881320e-01 1.622615703903396434e-01 1.649292504147765737e-01 1.589649872869401681e-01 1.472758519738159300e-01 1.451498178595271027e-01 1.566270991121055112e-01 1.611251791208437867e-01 1.598246093507889320e-01 1.631432800308871001e-01 1.630634808045161865e-01 1.580348609110822367e-01 1.635001728480747762e-01 1.646808843013432833e-01 1.603256038559580654e-01 1.622468487601302911e-01 1.383604054439109554e-01 1.404792719117225197e-01 1.504569583510788067e-01 1.533699572416566681e-01 1.482039980733094453e-01 1.487849402626216233e-01 1.542792414063897666e-01 1.511894643591743248e-01 1.460779514146613167e-01 1.504068195777381323e-01 1.593468668867913940e-01 1.654882615333071738e-01 1.578203479857484270e-01 1.534047253024133362e-01 1.535445275131309961e-01 1.610596177658003558e-01 1.575910354443832984e-01 1.575050330735384418e-01 1.631783960008555967e-01 1.543439480442993228e-01
8.788100676109245057e-02 6.981767810799495086e-03 1.000000000000000000e+00 3.254191557531945778e-01 2.038911611674887880e-01 2.350936945313157611e-01 3.581036955205721961e-01 2.966862233411243777e-01 3.424077483076800044e-01 2.856463071899592032e-01 3.800868453030891159e-01 3.777269334274162560e-01 3.095952167881073636e-01 2.371877137117466006e-01 3.639743380944297502e-01 3.574996744617982003e-01 3.341039887821931620e-01 4.252959192003760713e-01 4.045930031605538546e-01 3.245094867820052520e-01 4.264151960882968662e-01 4.228304264136424351e-01 3.986696622495025655e-01 4.295371253782328536e-01 4.097014759543883278e-01 3.769488234915501779e-01 3.839042128116852415e-01 3.863523652441693268e-01 3.887652142705309011e-01 4.114462612418458010e-01 3.941283978389463760e-01 4.093853361853013184e-01 4.055960013026777000e-01 4.123795860086954534e-01 3.926564391316364477e-01 3.979657756937909907e-01 3.918064570303154692e-01 3.843167377009398256e-01 3.831713318134404300e-01 3.857480539852476409e-01 3.771328635388632167e-01 3.685134307391411679e-01 3.929718883256477779e-01 3.807512986502586405e-01 3.884225494525087030e-01 3.743111380895547957e-01 3.630627365110648541e-01 3.625870023707368772e-01 3.674172520064907244e-01 3.865301662099061564e-01 3.862057168407777574e-01 3.866889857969875166e-01 3.700466718751351247e-01 3.566399638521098314e-01 3.720894790406144570e-01 3.885772146107550062e-01 3.655745604000515958e-01 3.658653448936686758e-01 3.608621841526609697e-01 3.592808405644739578e-01 3.733218648236673043e-01 3.536982829815952245e-01 3.685757348908477171e-01 3.567165001221493381e-01 3.608668067015696201e-01 3.596760806089249196e-01 3.651241989481079919e-01 3.924694268819519660e-01 3.839890478087029102e-01 3.933818084130659698e-01 4.082162946771408785e-01 3.876333397497483402e-01 3.991815568275017823e-01 3.990846719706479528e-01 3.723249495265789633e-01 3.791132707427212756e-01 3.684078497258219120e-01 3.760336272978470618e-01 3.746282557334158492e-01 3.818792848335688106e-01 3.901723258646055958e-01 3.789513714965848656e-01 3.841474664316281706e-01 3.748735447824750322e-01 3.857101377497916261e-01 3.912296259898662698e-01 3.880981620936649890e-01 3.715333825753501795e-01 3.742561389343005973e-01 3.805123072004882312e-01 3.721123043148512055e-01 3.709562533134606044e-01 3.730802763961049706e-01 3.670547271385483645e-01 3.615206767783840092e-01 3.649816990228125224e-01 3.840029703443675890e-01 3.663636852892723228e-01 3.649446832837298649e-01 3.756855295310894682e-01 3.780600934327160156e-01 3.723901102265428364e-01 3.689075981999379583e-01 3.733366769205200275e-01 3.813524605779837207e-01 3.705082683054319315e-01 3.602581619906283228e-01 3.674294095349539546e-01 3.725022484207549112e-01 3.684688370060972828e-01 3.723445885297910762e-01 3.618333501681086917e-01 3.623606961579809438e-01 3.687556880916654234e-01 3.650713016414320888e-01 3.642101750863206977e-01
4.933897251356655217e-02 6.416320486421210612e-02 3.254191557531945778e-01 1.000000000000000000e+00 3.689194669597335441e-01 4.227139110313588022e-01 5.744636004481118441e-01 5.498829403909237801e-01 5.460248458996586063e-01 4.823831869797035043e-01 6.007765132037151679e-01 6.294072921909412699e-01 5.404750358709230484e-01 4.112955159770014801e-01 6.149776151791032097e-01 6.183405568862609947e-01 5.355101522870051589e-01 5.714222931252274096e-01 5.855848219556829548e-01 5.181138808245521199e-01 5.860477487289518228e-01 6.283662873325790432e-01 5.814926675399673117e-01 5.661821150272082770e-01 6.009441968511369803e-01 6.059541140417692429e-01 6.075747714506618546e-01 5.958188398267921793e-01 5.851004003108783991e-01 6.031867234396252053e-01 6.172332724365151568e-01 6.187106293826403203e-01 6.012549055191707126e-01 6.111611001560937062e-01 6.048930843605014873e-01 6.256451625553193230e-01 6.003655652835606649e-01 6.013350570584272692e-01 6.178563350021324396e-01 6.066890122305893529e-01 6.232393732484909910e-01 6.231257600023437648e-01 6.403775602283764412e-01 6.343805360177389163e-01 6.286004494701590284e-01 6.061999935855938437e-01 6.154963371584405429e-01 6.118489418576829042e-01 6.136635565585548679e-01 6.285806345831289610e-01 6.320865292195858576e-01 6.450944218968802657e-01 6.310181223293241937e-01 6.082052341869781387e-01 6.055661005626021831e-01 6.187614561898581167e-01 6.185256882589829086e-01 6.172762239966693709e-01 6.030140360904143737e-01 6.159817400164796508e-01 6.287359858889161046e-01 6.072550347318105279e-01 6.223866700407970631e-01 6.200582095145238393e-01 6.190070988826125165e-01 6.226669410468937960e-01 6.139546292445279274e-01 6.278178849717316323e-01 6.215006556015594263e-01 6.447191541779651036e-01 6.501311305530602658e-01 6.322570004890729622e-01 6.212452338935365859e-01 6.384328874160919431e-01 6.202668226869954005e-01 6.239148650477516211e-01 6.145300916849858464e-01 6.130585883438781636e-01 6.228531287222281998e-01 6.213601616470857403e-01 6.157981846790304692e-01 6.226565094340109630e-01 6.360803593734707384e-01 6.121626604458012544e-01 6.309531339952640927e-01 6.334449102549707389e-01 6.271468200190842834e-01 6.234431402124180899e-01 6.202419449077263280e-01 6.261160231981942603e-01 6.184093609333981556e-01 6.271759453991541111e-01 6.251375305620802125e-01 6.207366078151005384e-01 6.159328200725616709e-01 6.147443666920507921e-01 6.378516158828507754e-01 6.294825692584425925e-01 6.243990302230743028e-01 6.287888483891440616e-01 6.355496178314725686e-01 6.293619677466142370e-01 6.294830151968894283e-01 6.299922808665551210e-01 6.419033530871424142e-01 6.267084006642896776e-01 6.175239689274888422e-01 6.191669809037637640e-01 6.227271238378729867e-01 6.231645071972566896e-01 6.252149048225947858e-01 6.210188088318270294e-01 6.203057942800046520e-01 6.276584679790487842e-01 6.170232560207391526e-01 6.268074600839090849e-01
1.643407038033672593e-02 6.421731225728342929e-02 2.038911611674887880e-01 3.689194669597335441e-01 1.000000000000000000e+00 3.117521030654488157e-01 4.490535579232473595e-01 4.353191379151662987e-01 4.420447298884896958e-01 3.845235946676058281e-01 4.425607695003257458e-01 4.736654552858801659e-01 4.733654699141193745e-01 3.527634611374392271e-01 4.809929918696915774e-01 4.776564009248185361e-01 4.279643748645988177e-01 3.913526465832496970e-01 4.374196276784249604e-01 3.984028111220160318e-01 4.146289500675148232e-01 4.376880179095696821e-01 4.165928329737771385e-01 3.935788632478252613e-01 4.113265882692445641e-01 4.585004631889552651e-01 4.494572797960719734e-01 4.291245647880209124e-01 4.292984857938136889e-01 4.221046516449702968e-01 4.598516650059075173e-01 4.613781358003107846e-01 4.308584296889379495e-01 4.411215321809866530e-01 4.359700587243459102e-01 4.375960447843146861e-01 4.568702828686133643e-01 4.526165964243352713e-01 4.654642897495395171e-01 4.404322189848070557e-01 4.758237397832305593e-01 4.757276485223267959e-01 4.778862420816886725e-01 4.864051086441242289e-01 4.741026850280900540e-01 4.684656023805828795e-01 4.819226835231993356e-01 4.833867378672380699e-01 4.752932960258730022e-01 4.582714112779272542e-01 4.750703105295170370e-01 4.680858245116445437e-01 4.888129162920498150e-01 4.779567264921274483e-01 4.654726926855347058e-01 4.632379524548709271e-01 4.680880203890717683e-01 4.870179276190650386e-01 4.659937939434336540e-01 4.953555182138353885e-01 4.884371508228247394e-01 4.772578924507090981e-01 4.787299873324374899e-01 4.776037916731434851e-01 4.809270566493000221e-01 4.851408816832477600e-01 4.840783295338530468e-01 4.836938715445888715e-01 4.815521183471581090e-01 4.961263251171726951e-01 4.875655106051980381e-01 4.853659737854726375e-01 4.772008829439160493e-01 4.713247854962506200e-01 4.818560300154309806e-01 4.797195927346578070e-01 4.729064563786092856e-01 4.698303401339601892e-01 4.749342833660530894e-01 4.711847419516366764e-01 4.730968284192040296e-01 4.797800319738382280e-01 4.827508594186399882e-01 4.755397538527214030e-01 4.872612032875480725e-01 4.840200150365998599e-01 4.761545320733277520e-01 4.826243967423324288e-01 4.798639321412551118e-01 4.802460306965378734e-01 4.759114020674619083e-01 4.881030718269828150e-01 4.853204863522512791e-01 4.820627182515459519e-01 4.853106511837341208e-01 4.860819699177611475e-01 4.875416114528212663e-01 4.880848399966146722e-01 4.938337842938707034e-01 4.906439152283925131e-01 4.927707292073023604e-01 4.902576262267965279e-01 4.919763999975209079e-01 4.944065875941184851e-01 4.928525480373360246e-01 4.872367360828805949e-01 4.868401941384908338e-01 4.835024963949678956e-01 4.848035930262982740e-01 4.927693120771825530e-01 4.892616613108832224e-01 4.934259523575166284e-01 4.876786462005860412e-01 4.874977948532735472e-01 4.881832474039580760e-01 4.947899043843889122e-01
6.099931691122073563e-02 6.494164000089114319e-02 2.350936945313157611e-01 4.227139110313588022e-01 3.117521030654488157e-01 1.000000000000000000e+00 5.476629140553294084e-01 4.923560781372120498e-01 5.318660748012334905e-01 4.751036384170473359e-01 5.479225845221004088e-01 5.685335326888747431e-01 5.253027321923526838e-01 4.050780446423532521e-01 5.761257708670411981e-01 5.712374101903421320e-01 5.032017462308729927e-01 5.517892162399516964e-01 5.557932236670682924e-01 4.813663356130435944e-01 5.220265672560906456e-01 5.595195657662609401e-01 5.645270471445369420e-01 5.529525058942169613e-01 5.690106509924246492e-01 5.776187342640676237e-01 5.669744262140794522e-01 5.544713785853967458e-01 5.570661321639280850e-01 5.845876675491759045e-01 5.877372386891496214e-01 5.914726856792804632e-01 5.744476950628580880e-01 5.858947933718160472e-01 5.726257266842320615e-01 5.677110115795458434e-01 5.756894806246911633e-01 5.782144203608959865e-01 5.856552261068767029e-01 5.521345506887272991e-01 5.868043243541659626e-01 5.818553799025909523e-01 5.847072030502384887e-01 5.885566082743565186e-01 5.800371844927260101e-01 5.833968251304598729e-01 5.858333810616646042e-01 5.826720282673006901e-01 5.789526793703493324e-01 5.789683209364033800e-01 5.879764329757027896e-01 5.675876215179361806e-01 5.788611551600527649e-01 5.832527059457973673e-01 5.824222368198145316e-01 5.956326924365826780e-01 5.753774953201946651e-01 5.810004585540468058e-01 5.716354040666177250e-01 5.811536247337101280e-01 5.933413104893319190e-01 5.734792493309150974e-01 5.800661871489237731e-01 5.776764000910208363e-01 5.768125899222865671e-01 5.814976417814530230e-01 5.806618842779668332e-01 6.023157339146093525e-01 5.941793275436593191e-01 6.000677820655743178e-01 6.019501145555518073e-01 5.995432560256045429e-01 5.994186129305568711e-01 6.048705015676936192e-01 5.893788574872553809e-01 5.897249393148951135e-01 5.824749696613934491e-01 5.826457392781242417e-01 5.885040911446872691e-01 5.933644811688021381e-01 5.928632748136388742e-01 5.894705108732573029e-01 5.921636991740002465e-01 5.886349627985483224e-01 5.936867505852075899e-01 6.018765975464535067e-01 5.977092712489662230e-01 5.857432654679664008e-01 5.917324114006605740e-01 5.929425096390205097e-01 5.802762590489537464e-01 5.870819452288514873e-01 5.868327820092278380e-01 5.856285195835398971e-01 5.841506927492720047e-01 5.832521937106143195e-01 5.879327131391902661e-01 5.850791925847280694e-01 5.904651569330744421e-01 5.908372235008025886e-01 5.934151655755864896e-01 5.885868373796317998e-01 5.859612614795888241e-01 5.897817417344537461e-01 5.970373615145269097e-01 5.850029749925038658e-01 5.838719312805923378e-01 5.856998458279972786e-01 5.898482375420577295e-01 5.876818751450547662e-01 5.851778959002307268e-01 5.858821522075254862e-01 5.838020260060452493e-01 5.875567894298031613e-01 5.807089167150144560e-01 5.881237677003079423e-01
5.374008465131525913e-02 1.023571766326122623e-01 3.581036955205721961e-01 5.744636004481118441e-01 4.490535579232473595e-01 5.476629140553294084e-01 1.000000000000000000e+00 6.815456575165550479e-01 7.266480775249554158e-01 6.497641150609252403e-01 7.449548858033512300e-01 7.912461341328090869e-01 7.194844722269402304e-01 5.493360351367182481e-01 8.207235892649195064e-01 7.959560615108861592e-01 7.231697712416107482e-01 7.232135994319285333e-01 7.514314579607570543e-01 6.517058306044003491e-01 7.054756469801090057e-01 7.616469703930500712e-01 7.506648484043818570e-01 7.251185555573295138e-01 7.483560120769239266e-01 7.814243673908972676e-01 7.744309163019582609e-01 7.679538838152816238e-01 7.630691449543112181e-01 7.714719324050324234e-01 7.960672773503714161e-01 8.068903278057658612e-01 7.694329835682549579e-01 7.860614172675793876e-01 7.776087506412980854e-01 7.815234727647621948e-01 7.833111677564937869e-01 7.950076959036290747e-01 8.085014665113968713e-01 7.874629555889101074e-01 8.165352507999442677e-01 8.139039289751560657e-01 8.164914883189428041e-01 8.212081687186736367e-01 8.117786885223191584e-01 8.051307698245880884e-01 8.106729809636891160e-01 8.091865756800218357e-01 8.067885289095925172e-01 7.972450182846152478e-01 8.131307387719858282e-01 7.844113004275156120e-01 7.982963877728678215e-01 8.043068713925695112e-01 7.963814988610116163e-01 8.066837912863790150e-01 7.955460763288069170e-01 8.102322225591792604e-01 8.019267003403482974e-01 8.095821538820017205e-01 8.179349447486816693e-01 8.005409791287887433e-01 8.053042059916895035e-01 8.000957260614441902e-01 7.954948416785192489e-01 8.017154156815936572e-01 8.117414193155362279e-01 8.264422103324091662e-01 8.218262095854584892e-01 8.284053177619892239e-01 8.295738118984027354e-01 8.235532236535769712e-01 8.202973434035237821e-01 8.209761071568177915e-01 8.148358578207858249e-01 8.171540473169335295e-01 8.144351981824335951e-01 8.033038219884045539e-01 8.161809863792305331e-01 8.101756086423667069e-01 8.087172079378711631e-01 8.123546785257526048e-01 8.254289398983708503e-01 8.072904918129837348e-01 8.232838202911328951e-01 8.257791845239935702e-01 8.235890094061064648e-01 8.200573369533509238e-01 8.197986150264996441e-01 8.201219479984087624e-01 8.177836649879571818e-01 8.233704796430638684e-01 8.193638882650697841e-01 8.185687246025884489e-01 8.143400571838396163e-01 8.134939288399585244e-01 8.179420919855793226e-01 8.056006994543110089e-01 8.176696285516780183e-01 8.227980526548570595e-01 8.241854534210183436e-01 8.186482621402590976e-01 8.146909134107512829e-01 8.207587443488233436e-01 8.226103072240918967e-01 8.091680968198747825e-01 8.122178039842988806e-01 8.154741356766037619e-01 8.181684928376420363e-01 8.199174016410289978e-01 8.204191487418617257e-01 8.153861559591362163e-01 8.129652841129576535e-01 8.152153291870996021e-01 8.094349503425951609e-01 8.127203946915767530e-01
2.581771456227834050e-02 1.094655835299849223e-01 2.966862233411243777e-01 5.498829403909237801e-01 4.353191379151662987e-01 4.923560781372120498e-01 6.815456575165550479e-01 1.000000000000000000e+00 6.861958682081833460e-01 5.951088987613065706e-01 7.030853854179545115e-01 7.525437504491084839e-01 6.843665401852991881e-01 5.106471693725155303e-01 7.591269446702181289e-01 7.659782916999346991e-01 6.773077603211719033e-01 6.437008320655236426e-01 6.938816220530839018e-01 5.832189675333252499e-01 6.572016992697387039e-01 7.039356426821676838e-01 6.759695324986176868e-01 6.372947594912354852e-01 6.760493794607970175e-01 7.379301086247284092e-01 7.293729864545690500e-01 7.169040610885535347e-01 7.267998163043808413e-01 7.183769639706647503e-01 7.529483204661778784e-01 7.472375771458239502e-01 7.093032517492832145e-01 7.249504860524867977e-01 7.251895437990955040e-01 7.241760889690979086e-01 7.237654991904819424e-01 7.543436009412159970e-01 7.589350273190175189e-01 7.288469343344468054e-01 7.643474971273956919e-01 7.635358116747628099e-01 7.582084890609690486e-01 7.736729415925093223e-01 7.591006426958047948e-01 7.568449998050468253e-01 7.707802437392585748e-01 7.641088953506853798e-01 7.664502239411006279e-01 7.568257835044522874e-01 7.721384885793102226e-01 7.418929363085419171e-01 7.549978759449439414e-01 7.627021094786230471e-01 7.569752526948585469e-01 7.601753459176096017e-01 7.603276839079793348e-01 7.745848426344371651e-01 7.665653606007670762e-01 7.673222292589365612e-01 7.741913745293638183e-01 7.629020392943266504e-01 7.693216345892925911e-01 7.636786780956975607e-01 7.602876440586956441e-01 7.646912401531560377e-01 7.663720438223446951e-01 7.697822866811689924e-01 7.673839993589581798e-01 7.673769216138515148e-01 7.750684581959451647e-01 7.720268035325502654e-01 7.544561995525081999e-01 7.589108232860122261e-01 7.702906544029787250e-01 7.714468154089086926e-01 7.662876386680592677e-01 7.657096372028283637e-01 7.651669384174633048e-01 7.685663565955794807e-01 7.648404706824087906e-01 7.695654941933836035e-01 7.724554551051796558e-01 7.652079189710746521e-01 7.737853121798030642e-01 7.741054144982696394e-01 7.661850389420883367e-01 7.748168710956213623e-01 7.724151048573060230e-01 7.671515006984256368e-01 7.599556686785058357e-01 7.742312940367680474e-01 7.703644881217157625e-01 7.715974273172002684e-01 7.719475930167563060e-01 7.696999052735652436e-01 7.731158266036197713e-01 7.733684089665970873e-01 7.761490021485977220e-01 7.798353891787213055e-01 7.754971269833095260e-01 7.794896781925311213e-01 7.707923671247678410e-01 7.793419476409849667e-01 7.798327946775442943e-01 7.697945675394458620e-01 7.742729453848606891e-01 7.690017112588776182e-01 7.717130504393961976e-01 7.788125639172761572e-01 7.775823390419841497e-01 7.720532600358273045e-01 7.714356467137235551e-01 7.747441556923996275e-01 7.707909914145089081e-01 7.724223510395574754e-01
1.525868812123842289e-01 1.694898320876477571e-01 3.424077483076800044e-01 5.460248458996586063e-01 4.420447298884896958e-01 5.318660748012334905e-01 7.266480775249554158e-01 6.861958682081833460e-01 1.000000000000000000e+00 7.126640816912557241e-01 7.799917250948120717e-01 8.170045971660372386e-01 7.478023350827905924e-01 5.775698446694769173e-01 8.188496268235389008e-01 8.136956633739005351e-01 7.883935114173492575e-01 7.248805596571535892e-01 7.784918043824413658e-01 5.622135245225482469e-01 6.627828010828323846e-01 7.588667750381890009e-01 7.955279256591850645e-01 7.179463097028769836e-01 7.392460449165935144e-01 8.461184371073999788e-01 8.299032504389629583e-01 8.335553325273786784e-01 8.377601089352898489e-01 8.456401266207561607e-01 8.600307611293585008e-01 8.381147437353851926e-01 8.078914161859794829e-01 8.041918487771247959e-01 8.330243489407218593e-01 7.869204079269512819e-01 8.468021855593640401e-01 8.333736714909585341e-01 8.482954900479958704e-01 7.846463803892964606e-01 8.459579884260114424e-01 8.370312391700578392e-01 8.059378720288218334e-01 8.526429383197233758e-01 8.415045052048556462e-01 8.429766416236164073e-01 8.525909600877435990e-01 8.570029718095334426e-01 8.469099989221352542e-01 8.047143042764687282e-01 8.382183240579097472e-01 7.904253718687240804e-01 8.293495102562342680e-01 8.671253213763479017e-01 8.487926770720406466e-01 8.440561602108435091e-01 8.479871027409495721e-01 8.498740730407101651e-01 8.457112292424898703e-01 8.638109620902938435e-01 8.497894387675684058e-01 8.609863522848703044e-01 8.460677644731258162e-01 8.567390627576387807e-01 8.629373906072101974e-01 8.639483563021818080e-01 8.595782701547161064e-01 8.578771470123824905e-01 8.638656397627507699e-01 8.283018772663617302e-01 8.382442908754551558e-01 8.594142946226983604e-01 8.431373471090249927e-01 8.364577678080897805e-01 8.616341141723088404e-01 8.628181641427915549e-01 8.580580683692518029e-01 8.634169943008649373e-01 8.549396960790268674e-01 8.682837808869220408e-01 8.642789313307982502e-01 8.651473576138420940e-01 8.586144655423199046e-01 8.644010885841338920e-01 8.466743748205500797e-01 8.519481599857153808e-01 8.557054568432410635e-01 8.493107805953413747e-01 8.576551983062408180e-01 8.593794941259790265e-01 8.368937182203401992e-01 8.495528407096017975e-01 8.524424196405758769e-01 8.526122451734662322e-01 8.529143583321594502e-01 8.557564966757187364e-01 8.219456203208674872e-01 8.397474222981774483e-01 8.450955220128086864e-01 8.476710177255939449e-01 8.406696707616472253e-01 8.495659246611934057e-01 8.497235211047089454e-01 8.541325130387239506e-01 8.518675760492817606e-01 8.593432492707446801e-01 8.535297881211094673e-01 8.576556106879501540e-01 8.555728340381681951e-01 8.556739124102308303e-01 8.511348255616816294e-01 8.620408725829262764e-01 8.597118307532578552e-01 8.587062132001268555e-01 8.604729926470426893e-01 8.633271649141541770e-01
3.577766319000620643e-02 1.740951436723559564e-01 2.856463071899592032e-01 4.823831869797035043e-01 3.845235946676058281e-01 4.751036384170473359e-01 6.497641150609252403e-01 5.951088987613065706e-01 7.126640816912557241e-01 1.000000000000000000e+00 7.132750696529490675e-01 7.520827932516134240e-01 6.824521380049806130e-01 5.604805714005619555e-01 7.646114707851531245e-01 7.374133021467569327e-01 7.129363065354915596e-01 6.106964417409835866e-01 6.899295325095710085e-01 4.942181622940851615e-01 5.421745328777959338e-01 6.571847752617110405e-01 7.017759335348101590e-01 6.148554217883758222e-01 6.516862713031665866e-01 7.594241421071996623e-01 7.561108810223479137e-01 7.512852004045497134e-01 7.404612801149582646e-01 7.410216878387333450e-01 7.732702036555916258e-01 7.553849695834337075e-01 7.426279525248136171e-01 7.138355396928374175e-01 7.467261383218714021e-01 7.171247915173191156e-01 7.690954978567237088e-01 7.682671144863487678e-01 7.772452837402518133e-01 7.549676273003744775e-01 7.860883009587399384e-01 7.890387655981162540e-01 7.628613592110702335e-01 7.893482847865854746e-01 7.828791721850508756e-01 7.901606610507044826e-01 7.960535864063419398e-01 7.996794055414568891e-01 7.811967425845649515e-01 7.290288534268348775e-01 7.743361422766451563e-01 7.209219300264122499e-01 7.685412935894687658e-01 7.915110825266521433e-01 7.759530690971487843e-01 7.825244956360862814e-01 7.568039485201922822e-01 7.860957174044609364e-01 7.750636360294480554e-01 7.962265772179046852e-01 7.837353292792543780e-01 7.828126315487569098e-01 7.648394140249173967e-01 7.839721274375923699e-01 7.827633837072111023e-01 7.806347963047806093e-01 7.984194321065538613e-01 7.858857090032590476e-01 7.886776024677207841e-01 7.569605058960919841e-01 7.611942193917430322e-01 7.899500360236704211e-01 7.677960445581220039e-01 7.659356561043690892e-01 7.962796658622215418e-01 7.938510487425594064e-01 7.939384257626929120e-01 7.900259623396552744e-01 7.955191909112155901e-01 7.927789673484599842e-01 7.923717499990042823e-01 7.970749250918514051e-01 7.923731445810419105e-01 7.935521008589598857e-01 7.771741084538922317e-01 7.780917073338691203e-01 7.896400186580039282e-01 7.957724675834976225e-01 7.980814884398936826e-01 7.982884004629905439e-01 7.940581764189301728e-01 7.969098077977534444e-01 7.945719004905091865e-01 7.994405157813868623e-01 7.967434929880811145e-01 7.993895235620788187e-01 7.620306969699303101e-01 7.580692580040476747e-01 7.824643976891825226e-01 7.879051274393087390e-01 7.851183005531975345e-01 7.817422460746435986e-01 7.880742219470978638e-01 7.906689450683788145e-01 7.802833585438880837e-01 7.787040872639037214e-01 7.887953338733242337e-01 8.005650585455681423e-01 7.970130407451666565e-01 7.922871508200719504e-01 7.928381455159221325e-01 7.987933256249097891e-01 7.929420747617119680e-01 7.931211555941195535e-01 7.963625428557334907e-01 7.905956811561792863e-01
5.593863345229521666e-02 1.392238227544802531e-01 3.800868453030891159e-01 6.007765132037151679e-01 4.425607695003257458e-01 5.479225845221004088e-01 7.449548858033512300e-01 7.030853854179545115e-01 7.799917250948120717e-01 7.132750696529490675e-01 1.000000000000000000e+00 8.553048933203346582e-01 7.458207894954544948e-01 6.000002902127193893e-01 8.525579170206036839e-01 8.365073521269098533e-01 7.843589238568197120e-01 7.690495324903323660e-01 8.122798832054372031e-01 6.221224854226841128e-01 7.071445705026228046e-01 7.959279032011242760e-01 8.140588846065186512e-01 7.615668656444013473e-01 7.854856387188092759e-01 8.526389899880477685e-01 8.565913174835469990e-01 8.499174998465599540e-01 8.429455008141376604e-01 8.603565445204920392e-01 8.767341985663578141e-01 8.661619924588703778e-01 8.451126148953929107e-01 8.351037808478316560e-01 8.599987950517377078e-01 8.311968809715124529e-01 8.561039018075178308e-01 8.631989400392034995e-01 8.774831549456258983e-01 8.482717789110953976e-01 8.754637306482047077e-01 8.731852570632052668e-01 8.653474766832500720e-01 8.803950655108988554e-01 8.786724710537895389e-01 8.748655442141863858e-01 8.780989623746380257e-01 8.784419508922213238e-01 8.730211234461836556e-01 8.437681333391474636e-01 8.718180446649463899e-01 8.386245020852243215e-01 8.683022461188519836e-01 8.772551232260978882e-01 8.761332027329180594e-01 8.835171492351151512e-01 8.625655924439634692e-01 8.736550080578944222e-01 8.655628396270168556e-01 8.764380526731486709e-01 8.797806412053171821e-01 8.711052334995831314e-01 8.692571247197405926e-01 8.704793339058294332e-01 8.679522455295612948e-01 8.737121561421524740e-01 8.820974235159666499e-01 8.890018013294034294e-01 8.864551345682785133e-01 8.730970565686341223e-01 8.805738405930761958e-01 8.887135048176877383e-01 8.752877954406175220e-01 8.792740025311948093e-01 8.856176088469455143e-01 8.885186743217383665e-01 8.860924803818055473e-01 8.824114991767907368e-01 8.858188515820013542e-01 8.890911319304464211e-01 8.860961871149946045e-01 8.891471005657454185e-01 8.883893981967768694e-01 8.834900635279229197e-01 8.818122746160765857e-01 8.849602904255777780e-01 8.877930263236144537e-01 8.856339488133769811e-01 8.880495706762697727e-01 8.882319632980139046e-01 8.827807734786977667e-01 8.866677815495793702e-01 8.853989672882535134e-01 8.863487493045887344e-01 8.836819231577848210e-01 8.845167495904474597e-01 8.741273090055928785e-01 8.659580782172552338e-01 8.793513765871602272e-01 8.833534441096919654e-01 8.834168039962941865e-01 8.814545987537318883e-01 8.832256132139815197e-01 8.846245746587462211e-01 8.855621189533550153e-01 8.785529975177147621e-01 8.794275323888511853e-01 8.866477214879139312e-01 8.877667279888022955e-01 8.821881990050089994e-01 8.844881993786730678e-01 8.820003795759631116e-01 8.814210006606926218e-01 8.842132945002491029e-01 8.810831462850178264e-01 8.833414336685044832e-01
3.655993154014854779e-02 1.391580175233831373e-01 3.777269334274162560e-01 6.294072921909412699e-01 4.736654552858801659e-01 5.685335326888747431e-01 7.912461341328090869e-01 7.525437504491084839e-01 8.170045971660372386e-01 7.520827932516134240e-01 8.553048933203346582e-01 1.000000000000000000e+00 8.070317554687325146e-01 6.448310791992428737e-01 9.065010630433806282e-01 8.930505027217783276e-01 8.291299431336789372e-01 7.699436680146382050e-01 8.376151899984549676e-01 6.474029461459525070e-01 7.354441837883970434e-01 8.234981418738251957e-01 8.228552853730546346e-01 7.616595304481589279e-01 8.069626197762717057e-01 8.940228816000577172e-01 8.920799383991160347e-01 8.729946598105806643e-01 8.708169270601786582e-01 8.783052164149289798e-01 9.168639368833163550e-01 8.964671297864599264e-01 8.733817914808265082e-01 8.702051493309516106e-01 8.828871134339660864e-01 8.720550156342152803e-01 9.000490024710149362e-01 9.045984866425808013e-01 9.205739167161447467e-01 8.917166684792429132e-01 9.249668077390158505e-01 9.228765454663752088e-01 9.131560274989004578e-01 9.323319786243380314e-01 9.230845981692895608e-01 9.219277052165579800e-01 9.330723159942236888e-01 9.340402326051367998e-01 9.259504725865599362e-01 8.942715431220557010e-01 9.235847688881857476e-01 8.908763699995122520e-01 9.235029901894894477e-01 9.292303271585595770e-01 9.201015182051299757e-01 9.237215010748317523e-01 9.147086440965696008e-01 9.292487256882610014e-01 9.205730430707649292e-01 9.328477794455335426e-01 9.357650517727795769e-01 9.267640753691651634e-01 9.257440282877824611e-01 9.265728792800140834e-01 9.209616885576021872e-01 9.268064371280628766e-01 9.347024778829989833e-01 9.351612009776990586e-01 9.301214174789220746e-01 9.204283038055427468e-01 9.269690649978744590e-01 9.364797298866966990e-01 9.169996213364900450e-01 9.197929605646845141e-01 9.363953992353387656e-01 9.343112940882984940e-01 9.314437241765448627e-01 9.280344128871992337e-01 9.332223795132217337e-01 9.326035123040867791e-01 9.323723539089763257e-01 9.385796770880375783e-01 9.337730802066803726e-01 9.301152138497159605e-01 9.285890994433894097e-01 9.332505468754005440e-01 9.360621160168882682e-01 9.347942066865888577e-01 9.358872610508439660e-01 9.355140980406640994e-01 9.285210893387881859e-01 9.379143708141537417e-01 9.367110407453697052e-01 9.371885288327752583e-01 9.372355793601935270e-01 9.390674993792936798e-01 9.231168302936678671e-01 9.182086873273159755e-01 9.336302702150270916e-01 9.341642104176460792e-01 9.355156134132905921e-01 9.350325138255299873e-01 9.366261342456849714e-01 9.386348323793723969e-01 9.386656629566931809e-01 9.293369343019848294e-01 9.334961050176803221e-01 9.382491953868108414e-01 9.378965739551042846e-01 9.373227864693024491e-01 9.368300342328832464e-01 9.381193629252499999e-01 9.357513780301653927e-01 9.375590243122037259e-01 9.321537834955837543e-01 9.378970691070084298e-01
1.982361530592990917e-02 1.344582355387488881e-01 3.095952167881073636e-01 5.404750358709230484e-01 4.733654699141193745e-01 5.253027321923526838e-01 7.194844722269402304e-01 6.843665401852991881e-01 7.478023350827905924e-01 6.824521380049806130e-01 7.458207894954544948e-01 8.070317554687325146e-01 1.000000000000000000e+00 6.036281049094182061e-01 8.318576645757543853e-01 8.153161401888168180e-01 7.618921950820305433e-01 6.630659654583361817e-01 7.400418084553613829e-01 5.935011890667262202e-01 6.489058838222103720e-01 7.245795212181357359e-01 7.212671936192709410e-01 6.577177783989996973e-01 7.033066990096271676e-01 8.092831383365316489e-01 8.030485128750792789e-01 7.817965917036882040e-01 7.784379730759466431e-01 7.711885094597512591e-01 8.216476491141859739e-01 7.965894539975489907e-01 7.728814401564185754e-01 7.683863237405571534e-01 7.835129062553700674e-01 7.771928031039619933e-01 8.060285395166800759e-01 8.092611861138203633e-01 8.327371490065592630e-01 7.845367626472663503e-01 8.402897717355196638e-01 8.355794136171030839e-01 8.277855637228100916e-01 8.487038637242888539e-01 8.341961413212946042e-01 8.315299564677174349e-01 8.530387715586977837e-01 8.522312257340858288e-01 8.338370720103929212e-01 7.933852219992154620e-01 8.329745128861553161e-01 7.970817342691485230e-01 8.412636689730974560e-01 8.480197722527330617e-01 8.294539989797391488e-01 8.285889035670970237e-01 8.223228779926162746e-01 8.523807748593005273e-01 8.297401861534905443e-01 8.599682123386093169e-01 8.553492715931066970e-01 8.423457487580222613e-01 8.417100066457808838e-01 8.493188798272561790e-01 8.434213082079131674e-01 8.448406004875650410e-01 8.553722297370685013e-01 8.469780475714547840e-01 8.458007019723851050e-01 8.367726012328359220e-01 8.366489864787162167e-01 8.511091237557778522e-01 8.295670377987207633e-01 8.266511630798306642e-01 8.532267120842174091e-01 8.476605560643148962e-01 8.437180587397586917e-01 8.388195946257738234e-01 8.446748506994302685e-01 8.433073322754899293e-01 8.444287318252597929e-01 8.539908134359621705e-01 8.453874684900846148e-01 8.477289413636166504e-01 8.426467993026395265e-01 8.462234693887433767e-01 8.481126345898852836e-01 8.514622681210145538e-01 8.512303186940667343e-01 8.531330285546343539e-01 8.389281575331315466e-01 8.544366264558875823e-01 8.515705816862864097e-01 8.520518647568425807e-01 8.569338108338822035e-01 8.582240029879962817e-01 8.369841322104040193e-01 8.360917191445789154e-01 8.561104117519260370e-01 8.521311241580830087e-01 8.547166342197666244e-01 8.523178613321594765e-01 8.559155586168820662e-01 8.602587476396483801e-01 8.555064511214949263e-01 8.475200052332487743e-01 8.531697915269331745e-01 8.572104283571312378e-01 8.549535685892692971e-01 8.557771146579742361e-01 8.532916756130741742e-01 8.633514498058830755e-01 8.555462231551353991e-01 8.584992074300628051e-01 8.568020913554764695e-01 8.577712830995847249e-01
