1.000000000000000000e+00 1.352914921246643476e-01 8.380355946065456973e-02 6.058619984865571545e-02 3.045325991152246156e-02 8.610717531692416160e-03 4.566550692329092442e-02 6.516060968683949628e-03 1.025905732563895945e-01 4.711614689912855397e-02 4.153567691268456735e-02 1.301185295588593374e-03 3.845589591981337513e-02 -2.069542238852233301e-03 1.280048752024186623e-02 9.822430637031436332e-03 6.697318046715966533e-02 8.439793685325536199e-02 7.088623776297159340e-02 2.198232081065908464e-02 3.915191686250839298e-02 4.954792745120530778e-02 8.760520667528143290e-02 7.378320292273160552e-02 6.714963712672557261e-02 5.739959127919384146e-02 5.164903150709621027e-02 3.932973710788192218e-02 1.124475121835629560e-01 9.954820695910361616e-02 7.174052804284684892e-02 4.668167533628634486e-02 2.275554903246983923e-02 2.394208918835298919e-02 6.077847193669951020e-02 2.447301862229759803e-02 3.478541055312873997e-02 1.571680940152824987e-02 2.319536720278907171e-02 -2.658870761432509389e-02 1.694350294371001209e-02 2.088863591887194469e-03 -1.957012149042069646e-02 1.405100694386143649e-02 1.224550394509923978e-02 1.504978297386407038e-02 6.879721544394797571e-03 1.335234972219866319e-02 1.106855310592809623e-02 7.375348070563160670e-03 -2.306799781423373059e-03 -6.400017797547024982e-04 1.032755618696836949e-02 3.319827332575810142e-02 1.795409871118553227e-02 1.746483654674987201e-02 3.479850281968576570e-02 3.741717566924021056e-03 1.237528378265468319e-02 2.672919525110956443e-02 1.033826755141172352e-02 7.139316107328843447e-03 1.604412521252131241e-02 2.281190187266722222e-02 5.122013248569542293e-02 4.271225177916946475e-02 1.921868798586506139e-02 2.115831222956507385e-02 2.261108086502334677e-02 1.689946338976450538e-02 1.554391302973345997e-02 2.267679716297273107e-02 2.425961606795002529e-02 2.439229839978632533e-02 1.955462043482626353e-02 2.035778053763231954e-02 2.213378745608530346e-02 6.126837735806133639e-02 2.725152747458224611e-02 4.142046338172501729e-02 2.954376885068432310e-02 2.823723753928856356e-02 3.468753379982553869e-02 2.450066077651652172e-02 6.227788959358852502e-03 1.734228993005099834e-02 1.259013998520851219e-02 1.054466156800878442e-02 1.172079343518561342e-02 9.022180821133599787e-03 -1.015977753960561891e-03 3.629856930130112135e-03 4.136063721319253178e-03 6.643745499942555616e-03 7.208040820221739246e-03 7.813158794849398708e-03 -2.348373057317904369e-02 2.746354077158695908e-02 7.222924683380280673e-03 1.071723989306098967e-03 -4.086897449683218539e-03 1.090486402279911872e-02 1.159695854464809842e-02 7.639030717153112281e-04 1.534364628060804966e-02 1.981714665216581517e-02 1.179851493418687669e-02 1.349790725769078187e-02 1.290258845979241550e-02 1.029284978156996128e-02 -1.039189797625348407e-03 1.958681838511385637e-02 5.914989398860151341e-03 2.100146329490953923e-02 3.049064080396785004e-02 2.759504153653876898e-02
1.352914921246643476e-01 1.000000000000000000e+00 9.558040846768306453e-02 5.763323932263058474e-02 8.703813316149740242e-02 6.403961215917873540e-02 1.378788369945703474e-01 1.347864418646531892e-01 1.682579108913359045e-01 1.789252108178090439e-01 1.304111703558766266e-01 1.298490477562599110e-01 1.083652751199542519e-01 1.194547993015344228e-01 1.392506866291096379e-01 1.374182507450336932e-01 1.583139114726329899e-01 1.481992653755159761e-01 1.447074432493464791e-01 9.963854902126637048e-02 9.934874546833323550e-02 1.313992523270939017e-01 1.649840416239297392e-01 1.296363746869413636e-01 1.173425687793984984e-01 1.559276512745563226e-01 1.498555293279560108e-01 1.547652985674511372e-01 1.924535398499977457e-01 1.872727140668078161e-01 1.691211208534982580e-01 1.563904750285010914e-01 1.518742703852933862e-01 1.393633230219454844e-01 1.729441976385079627e-01 1.246806930239987288e-01 1.397424887310605712e-01 1.534592705941496826e-01 1.449369991191540863e-01 1.194905168637199477e-01 1.487259037605804524e-01 1.456028236139067233e-01 1.247088355877439408e-01 1.365049876025765108e-01 1.344313486980302785e-01 1.477356424138109303e-01 1.516544304162273094e-01 1.539348160138423183e-01 1.496983378945574150e-01 1.344180682975681662e-01 1.413650996234393220e-01 1.029977726235326990e-01 1.259228226398871608e-01 1.614427664514384297e-01 1.589773013180554029e-01 1.461795797544082620e-01 1.629829940497542762e-01 1.468904107468696763e-01 1.554343254573163635e-01 1.539805086512116006e-01 1.462904345152551411e-01 1.543734030149915559e-01 1.595667191053585510e-01 1.603688341545904117e-01 1.689354504122737577e-01 1.630723663884053043e-01 1.542549478509519789e-01 1.507301920605105816e-01 1.539485924197103173e-01 1.413596159753438830e-01 1.400686094541370996e-01 1.553032645682225765e-01 1.528120316639147713e-01 1.439234991612252657e-01 1.534272402843622485e-01 1.547721956502588481e-01 1.552675993470616633e-01 1.760032095496486260e-01 1.577664309793771480e-01 1.655699714665199163e-01 1.551815269986845103e-01 1.601477659029059419e-01 1.614551426454666760e-01 1.578608858182697638e-01 1.439250798601988401e-01 1.457120354938725715e-01 1.472770967913854812e-01 1.515682723440149038e-01 1.500835168657274898e-01 1.491828654483756955e-01 1.370211526695355175e-01 1.468593585671225110e-01 1.415665795689895201e-01 1.465736648851402590e-01 1.497184028993623073e-01 1.540660016701619617e-01 1.265579750731999353e-01 1.548080394904912116e-01 1.507688765529615338e-01 1.430240420139636537e-01 1.436204286251264450e-01 1.540482050925019164e-01 1.453251030417311851e-01 1.448495341295116812e-01 1.457932932088675804e-01 1.572356350730217123e-01 1.547791723375694373e-01 1.534448004877347338e-01 1.529975012986268534e-01 1.504163612460490684e-01 1.478021580993334194e-01 1.553484486056818104e-01 1.530979172720587644e-01 1.592974279175350394e-01 1.620701773143429503e-01 1.576702751780307554e-01
8.380355946065456973e-02 9.558040846768306453e-02 1.000000000000000000e+00 3.500275200731381986e-01 2.120153453147400335e-01 1.975290131274187455e-01 3.477472452374604783e-01 3.280519024918540638e-01 3.192996436668340543e-01 3.245129143752902290e-01 3.415266057298912972e-01 3.649997366438293978e-01 3.074145154714265638e-01 3.166752956624588888e-01 3.693745874401784812e-01 3.548320955121858633e-01 3.379116605507547777e-01 3.616032580107298999e-01 3.470910273578151628e-01 3.467270650721668845e-01 3.717769478647180992e-01 3.631016924805988699e-01 3.639127815312824810e-01 3.572422678014760544e-01 3.597822959152547906e-01 3.697468886681448685e-01 3.826558607173868309e-01 3.695003708814377785e-01 3.640988913483182432e-01 3.709022240133410531e-01 3.813359324365100389e-01 3.759192075964344903e-01 3.629310305324570107e-01 3.786740930607329081e-01 3.679259151207796008e-01 3.773298835567152620e-01 3.735136066267648047e-01 3.680827304791388643e-01 3.769825371415735926e-01 3.674178499570369127e-01 3.637570841652540410e-01 3.671167710176696519e-01 3.610730456329140914e-01 3.689434121548266221e-01 3.744583211139732026e-01 3.703032754306164187e-01 3.570582384614351401e-01 3.600406284025202130e-01 3.638327912933803643e-01 3.715029565142020651e-01 3.614856085696641630e-01 3.616234400901703339e-01 3.658653351857030223e-01 3.637957033903599924e-01 3.628399161608211188e-01 3.661430598483605414e-01 3.689784732838157777e-01 3.600260748774546937e-01 3.614474884373022889e-01 3.629718402743721262e-01 3.646530867823162270e-01 3.623876794828616021e-01 3.616987493546486299e-01 3.641818992029304258e-01 3.656735917683018311e-01 3.705164125905757166e-01 3.613765523359003251e-01 3.662171687677260867e-01 3.685120879902585300e-01 3.785812007372149068e-01 3.696079680470435447e-01 3.685121251801121156e-01 3.672460559604172614e-01 3.631441068839727504e-01 3.673777728745448168e-01 3.705735554719652991e-01 3.633584382813581648e-01 3.689285844590716179e-01 3.726623145122459624e-01 3.658993699769827468e-01 3.669211284121081662e-01 3.704406679204552688e-01 3.705587828396488259e-01 3.696972739934376584e-01 3.693590485586205063e-01 3.720034272574793133e-01 3.752392535289614806e-01 3.671657497860891239e-01 3.669057266337220624e-01 3.686390247041511081e-01 3.672130164382595985e-01 3.647545127055643044e-01 3.650960562199260240e-01 3.664340454612513565e-01 3.584454280960400196e-01 3.601673810714501323e-01 3.696519748158508256e-01 3.675373784297547575e-01 3.618824286724646178e-01 3.696036968069420503e-01 3.655599940335662601e-01 3.614987730296373436e-01 3.628431601877061263e-01 3.678268432105942787e-01 3.685268137523851628e-01 3.622362504709419895e-01 3.597729346997286526e-01 3.604642871477876653e-01 3.615429335283029677e-01 3.623229262779970039e-01 3.591365234472686518e-01 3.621327782278648821e-01 3.604230280595152602e-01 3.651383507251287353e-01 3.647907850522760231e-01 3.612064481214626865e-01
6.058619984865571545e-02 5.763323932263058474e-02 3.500275200731381986e-01 1.000000000000000000e+00 3.343416728846932418e-01 3.512940255022704572e-01 5.494600850196139641e-01 5.586478940782471092e-01 5.246905261886777305e-01 4.576297843595802939e-01 5.566382411443220324e-01 6.309264803774716768e-01 5.233673157012888044e-01 5.112406146010469721e-01 5.947284717376267738e-01 6.021079683516372683e-01 5.481264015697835390e-01 5.312471610567867097e-01 5.530356442537301964e-01 5.496174457963863835e-01 6.088889677186406502e-01 5.981244897970271479e-01 5.635410025520141142e-01 5.604461464235179768e-01 5.772402370046956221e-01 5.929480108407233496e-01 5.966529394113401219e-01 5.906980750182825313e-01 5.585342884010204845e-01 5.772726508456031969e-01 5.996737568320723577e-01 5.919474417429739788e-01 5.642077905695507267e-01 5.980743094503203627e-01 5.711208232611411084e-01 6.060655131660920292e-01 5.986362310603222658e-01 5.772832447558786662e-01 6.091851101634997434e-01 5.941490417147147207e-01 5.954561963536134650e-01 5.928515328555815644e-01 6.037220749188565438e-01 6.090066359308032862e-01 6.127184179546040221e-01 6.029548153921095999e-01 5.782461002448029408e-01 5.828320081163491650e-01 5.831129324452571927e-01 5.951452845405010850e-01 5.895818349260604219e-01 6.209328212478582021e-01 6.053360666690488223e-01 5.810346937095477449e-01 5.780046770515951948e-01 5.923036404511662356e-01 5.951328447227520746e-01 5.853406612460723135e-01 5.793158041594393959e-01 5.968559303945524253e-01 5.962057722878144617e-01 5.896235593600528402e-01 5.894696756973452079e-01 5.862616075273654470e-01 5.927409628585456058e-01 5.997654509887521135e-01 5.866893885344370840e-01 5.922065847316706488e-01 5.928080992026816265e-01 6.106750766482849091e-01 6.076188410888861968e-01 5.940300705860708241e-01 5.903512158802813881e-01 5.908115031869966005e-01 5.911647417684228190e-01 5.908649329929245297e-01 5.867042062722529483e-01 5.794504370190205478e-01 5.915452422584530634e-01 5.862568819184129643e-01 5.883247120933519092e-01 5.885629271046640687e-01 5.944143275147585337e-01 5.903718986392834100e-01 5.952793494155629306e-01 6.005746975240079388e-01 5.946188016700056922e-01 5.947288865346216369e-01 5.943609358248450603e-01 5.992946011066890843e-01 6.003361135011707761e-01 5.939342468373132178e-01 5.959277358238914690e-01 5.939576527022080166e-01 5.836461582490283240e-01 5.814949368198849555e-01 6.061443854140838861e-01 5.946690745231186792e-01 5.914654613851508813e-01 6.004260582211949915e-01 5.982341302382722104e-01 5.910089145013931455e-01 5.993973318372658454e-01 6.001904468372702972e-01 6.025806080899315242e-01 5.899264519230910109e-01 5.823848493803622794e-01 5.840669285731064919e-01 5.853140834974600581e-01 5.898689528756846379e-01 5.882597226759865849e-01 5.885283099848387378e-01 5.876331744199726481e-01 5.886192368988532042e-01 5.894310730910208296e-01 5.881529986735785087e-01
3.045325991152246156e-02 8.703813316149740242e-02 2.120153453147400335e-01 3.343416728846932418e-01 1.000000000000000000e+00 3.142614980148791815e-01 4.315168257658600348e-01 4.161052113203921876e-01 4.173579591708733161e-01 3.774983231580782417e-01 4.339028050009857140e-01 4.604672250135285472e-01 4.259471189364714139e-01 4.052730970627180795e-01 4.714281853579641024e-01 4.686165190747599851e-01 4.198687017115816378e-01 4.043919313220092904e-01 4.287354550524692942e-01 4.212527767465261141e-01 4.416326142912405106e-01 4.571284135135090243e-01 4.194577959395567324e-01 4.073704360849521033e-01 4.298240838947840481e-01 4.585573807153205950e-01 4.643888615164404321e-01 4.587922924920818657e-01 4.453712805466475411e-01 4.482661538769701637e-01 4.704996501110377816e-01 4.585286644393232192e-01 4.329375483243615985e-01 4.526478301804471860e-01 4.587207431577040584e-01 4.496746670589135131e-01 4.639222788208838266e-01 4.547494127641590889e-01 4.648255656442869532e-01 4.589671358073633134e-01 4.654617445288858901e-01 4.704748929460735862e-01 4.814934382504317822e-01 4.766333695518047420e-01 4.716877130668351570e-01 4.715808860302541095e-01 4.624213421396961010e-01 4.660524654405876488e-01 4.639282822801932826e-01 4.661274740006052797e-01 4.671396056806683683e-01 4.747876910419997487e-01 4.704143543714622289e-01 4.601760097951085871e-01 4.624260107032002187e-01 4.700284044264924632e-01 4.648501577630031467e-01 4.637803971972804806e-01 4.630170725309082358e-01 4.754859905794110997e-01 4.708186287043210072e-01 4.631818131044978526e-01 4.640004559640446558e-01 4.690324203840241513e-01 4.657032427833880384e-01 4.708323176417319456e-01 4.643972564850894491e-01 4.704415885190335045e-01 4.667167113834362335e-01 4.760517343795754308e-01 4.721889589415762534e-01 4.713156091139786841e-01 4.624541503077162496e-01 4.638556120241719150e-01 4.696783508310438671e-01 4.712244246849967566e-01 4.723957268894873329e-01 4.658818344679984125e-01 4.751869839690242570e-01 4.669238180049053999e-01 4.676511020036930311e-01 4.731310861236556198e-01 4.666726704050937480e-01 4.649697783561356768e-01 4.632246514827270123e-01 4.676719530708859929e-01 4.680901170342413042e-01 4.704765597047878556e-01 4.691205130637478571e-01 4.730721082314874870e-01 4.701504802926967930e-01 4.723067510339655217e-01 4.711274207475417142e-01 4.714497023266221998e-01 4.675999410857185623e-01 4.673499373075756802e-01 4.665779014545108350e-01 4.705538010789419578e-01 4.703116696744858993e-01 4.732379891555593687e-01 4.741637334924296288e-01 4.693429546423931176e-01 4.758062764451152504e-01 4.752664406888468251e-01 4.754706451598418315e-01 4.657192096538638748e-01 4.652961393588347372e-01 4.692143262761828137e-01 4.650045655319989812e-01 4.720455707940460210e-01 4.695289459007528365e-01 4.700618230133715159e-01 4.673049620019064099e-01 4.676927950467167361e-01 4.702925665322379434e-01 4.701923834934028656e-01
8.610717531692416160e-03 6.403961215917873540e-02 1.975290131274187455e-01 3.512940255022704572e-01 3.142614980148791815e-01 1.000000000000000000e+00 5.119775018572217951e-01 5.033168552262337059e-01 5.036222148375830709e-01 4.685873393405928233e-01 5.311119585702662738e-01 5.668168920426451818e-01 4.977151994473169028e-01 5.294300134069359620e-01 5.784989142316256938e-01 5.787585044105690857e-01 5.245977230949528947e-01 5.146394760472968732e-01 5.264011631898888322e-01 4.780655346816739537e-01 5.180287182549495606e-01 5.427679629472904610e-01 5.215274028347494095e-01 5.101815703137495550e-01 5.210552155138057362e-01 5.697770069537095861e-01 5.675791724925431936e-01 5.789981829818700021e-01 5.447678110236419124e-01 5.630159485678971620e-01 5.791911361042039186e-01 5.765891715141087115e-01 5.622917956851640753e-01 5.761746191797046945e-01 5.669809591150053452e-01 5.546249994287851814e-01 5.800328735114922418e-01 5.845874011886903476e-01 5.887753566671803940e-01 5.871639756592470505e-01 5.948765901026755731e-01 5.917542695128300556e-01 5.942609639225497897e-01 5.962585424180697480e-01 5.896962266345027182e-01 5.897907546900738041e-01 5.918487832883987387e-01 5.968777966302657445e-01 5.961111925452080573e-01 5.808598848754759070e-01 5.941060119724677069e-01 5.760008813557712104e-01 5.890364264411227513e-01 5.946418588803740191e-01 5.903733382755717018e-01 5.955258487809647061e-01 5.893272392891296674e-01 5.985525625196704835e-01 5.936953560773061689e-01 5.958307566852378834e-01 5.983331726728483568e-01 5.967061962834707689e-01 5.925015696392333941e-01 5.915464157059469041e-01 5.850281243277772880e-01 5.924092410931821595e-01 5.944562251162446298e-01 5.971919373780546492e-01 5.940987500917702668e-01 5.946141260763736502e-01 5.951219558656321018e-01 5.938725789865043625e-01 5.882869031617736777e-01 5.901105067888017253e-01 5.994998912979446759e-01 6.001540534877048971e-01 5.980170889196256834e-01 5.816600058797195549e-01 5.966186993558180163e-01 5.973219591950976737e-01 5.966467782106937845e-01 5.996911409677725402e-01 5.941988048738405803e-01 5.976389552975170938e-01 5.934576039412210458e-01 5.953255883481864963e-01 5.969637573698743926e-01 5.972489077833968985e-01 6.016026498575193227e-01 5.989746060904356240e-01 6.004499246463732565e-01 6.004796833385013244e-01 5.998697480956992623e-01 6.020455047117013736e-01 5.984396809856964428e-01 5.988688056573804319e-01 5.956371650801479678e-01 5.919761877557851992e-01 6.006446036439336833e-01 6.029647902861791087e-01 6.004998580658895690e-01 5.960481220688426118e-01 5.997855546886337041e-01 6.016105704091231354e-01 6.001958387825081509e-01 5.985775192994609029e-01 5.993226735655460269e-01 5.987334269925838059e-01 5.987830250684336164e-01 5.988354217674546343e-01 6.016579359991146569e-01 5.989718867430012805e-01 5.990910067089261215e-01 5.965063288498675398e-01 5.951631034885884741e-01 5.973990453288609004e-01
4.566550692329092442e-02 1.378788369945703474e-01 3.477472452374604783e-01 5.494600850196139641e-01 4.315168257658600348e-01 5.119775018572217951e-01 1.000000000000000000e+00 7.187186879285522023e-01 7.014268714123966797e-01 6.580846171276918399e-01 7.388844855228300368e-01 7.802452117418278155e-01 7.090497168692169172e-01 7.044145968913891886e-01 8.299703449322527460e-01 7.992808021358955850e-01 7.121437920392484910e-01 7.336235076842353431e-01 7.545466303547609943e-01 7.058246110705856946e-01 7.309911287577269823e-01 7.584468115564654278e-01 7.514146695154876321e-01 7.454825359192341905e-01 7.493604171424793625e-01 7.993791097493102571e-01 7.862888575461584040e-01 8.068598419623067564e-01 7.851267812367830334e-01 7.905403074315831002e-01 8.109077119244227916e-01 8.149303151618363383e-01 7.847689875614626276e-01 8.084239452884331989e-01 7.901451867015604202e-01 7.805648087414407410e-01 8.068101988035353278e-01 8.165606076183936635e-01 8.162129038586285468e-01 8.067817071899712200e-01 8.144027957421786645e-01 8.139745602322051576e-01 8.110732531230047115e-01 8.162628518217698304e-01 8.174230658019645546e-01 8.242247435444757242e-01 8.048257044390246806e-01 8.058685400899299189e-01 8.052453496082259132e-01 8.061292882529104142e-01 8.160524088932293862e-01 7.763268797140174815e-01 7.935085513512909472e-01 8.014261963634128350e-01 8.025615470348840264e-01 8.120452279710893562e-01 7.939482455091698698e-01 8.064298203532223042e-01 8.074262345557832177e-01 8.055126025049376137e-01 8.082362157285423176e-01 8.005956412950232526e-01 8.007373478711118375e-01 7.991175172809994454e-01 7.889374779231862478e-01 7.977112009692681749e-01 8.061984257902821138e-01 8.154498580826744503e-01 8.170798815442374963e-01 8.188631510554738036e-01 8.111545656567920037e-01 8.119054603082915822e-01 8.134162293039060021e-01 8.124001729239802572e-01 8.157465703149581193e-01 8.154648754660488441e-01 8.184298804638986402e-01 8.102005701560337503e-01 8.189985830091708330e-01 8.164406359666465107e-01 8.183653839330137236e-01 8.168481876763251659e-01 8.097433957589750264e-01 8.168322440252246963e-01 8.171581557717347843e-01 8.201476499134425779e-01 8.138866358055113492e-01 8.206696997884398437e-01 8.195992876333462185e-01 8.144070829951473023e-01 8.199116072588422677e-01 8.165745479950643482e-01 8.139759921285171229e-01 8.193730186381110725e-01 8.092464564859288556e-01 8.087184768932639267e-01 8.113167928709844601e-01 8.030129100930101238e-01 8.102293652094044729e-01 8.193383224440599077e-01 8.154703521754391726e-01 8.069978656540143236e-01 8.065867987977169973e-01 8.150359097422797960e-01 8.087910499109285389e-01 7.995307766379249337e-01 8.052354995807738947e-01 8.094976224482841598e-01 8.102704315151372239e-01 8.118384061421574094e-01 8.110758591453486321e-01 8.052854796469977039e-01 8.057839712120113962e-01 8.079444776296983433e-01 8.026211056435077484e-01 8.003509827917688613e-01
6.516060968683949628e-03 1.347864418646531892e-01 3.280519024918540638e-01 5.586478940782471092e-01 4.161052113203921876e-01 5.033168552262337059e-01 7.187186879285522023e-01 1.000000000000000000e+00 6.883375205111874617e-01 6.257088173281096788e-01 7.178859310135033978e-01 7.710812191640965541e-01 6.955560652210531769e-01 6.870259728458190107e-01 7.999072481740814311e-01 7.982509818313358041e-01 7.016488172962191960e-01 7.001263242965353184e-01 7.311869308613466734e-01 6.937999748849489334e-01 7.141208586139385917e-01 7.388525430111880787e-01 7.274053873308934381e-01 7.105984776947272819e-01 7.170276015749079690e-01 7.693193068960419989e-01 7.649896348430759163e-01 7.751165598137310653e-01 7.464481573753610766e-01 7.559815812484582676e-01 7.803130145556695929e-01 7.894092542296310411e-01 7.525047311515603576e-01 7.775854503791969075e-01 7.580753746742125987e-01 7.585151245053615154e-01 7.746120977184588474e-01 8.002994552764387537e-01 7.972482936180189661e-01 7.946747740172127594e-01 7.899210340146963771e-01 7.938820687799927889e-01 8.013895405221171941e-01 8.015262013169247579e-01 7.928130814007656735e-01 7.979942626305071007e-01 7.916500640912763620e-01 7.895376698525219394e-01 7.933194782523965705e-01 7.967599966288251290e-01 8.065375485106790476e-01 7.695567472250858243e-01 7.832498972463021181e-01 7.857192136196197163e-01 7.925448820057803268e-01 7.980793252395343984e-01 7.880738688881832044e-01 7.979193607917035580e-01 7.977348646476076777e-01 7.908497271634891135e-01 8.005774519089609020e-01 7.928755665551748821e-01 7.957058781182607676e-01 7.903830951812633732e-01 7.767557230157435821e-01 7.845606952555571612e-01 7.914253566720444999e-01 7.955515784946430857e-01 7.983171314951457154e-01 8.020094594962976497e-01 7.967004729494118198e-01 7.940558037502610800e-01 7.891454056530222694e-01 7.887508704160681727e-01 7.981405392822150668e-01 7.935571895764086392e-01 7.946385945338083623e-01 7.836049794163476578e-01 7.952583027306949770e-01 7.912122087607217358e-01 7.927992764201964304e-01 7.953076478320870724e-01 7.928794856851872908e-01 7.951632750229622459e-01 8.063670398849158705e-01 8.007775331211395287e-01 7.988662448197801913e-01 8.055816428428207443e-01 8.008336541522337315e-01 7.974142017430682072e-01 8.014951942699320986e-01 7.994474882012756467e-01 7.978685499547936155e-01 8.001054415032120559e-01 7.943957884103628464e-01 7.930882339609133247e-01 8.098818558739920848e-01 7.972273280746293711e-01 8.028246279497159854e-01 8.088349507180764286e-01 8.046131500619566612e-01 7.984663527462986243e-01 7.954353186745020121e-01 8.024143249427310165e-01 7.983179957142517713e-01 7.926600180658415207e-01 7.939302117383529867e-01 7.926388252872864637e-01 7.962984341587371340e-01 7.987103716343371129e-01 8.001589220939745450e-01 7.927555629947634630e-01 7.955762407433292216e-01 7.957539530565679309e-01 7.882619996102884219e-01 7.871130600090686658e-01
1.025905732563895945e-01 1.682579108913359045e-01 3.192996436668340543e-01 5.246905261886777305e-01 4.173579591708733161e-01 5.036222148375830709e-01 7.014268714123966797e-01 6.883375205111874617e-01 1.000000000000000000e+00 7.085810946964523627e-01 7.698550571099392892e-01 7.972093993444218096e-01 7.221067495544476467e-01 7.422986877632541391e-01 8.274260149380817664e-01 8.150075324020578105e-01 8.122521522211093581e-01 7.859837485798871759e-01 8.013884248957364731e-01 6.827594110011709905e-01 7.459968119505896444e-01 7.978987294637464034e-01 8.177153698725837527e-01 7.890005598042201251e-01 7.953781428304778078e-01 8.549355882501021853e-01 8.269570140780105882e-01 8.375216553593400892e-01 8.475163284205471381e-01 8.556858863314413810e-01 8.635621475448915785e-01 8.555601823657464911e-01 8.032394569800036521e-01 8.349298790041332907e-01 8.358710512864248043e-01 8.044175060315230663e-01 8.407386675342928273e-01 8.427914337346150697e-01 8.493215389256874026e-01 8.147665040351564913e-01 8.531176259254553695e-01 8.450760167496959019e-01 8.269362445014856178e-01 8.536569573946062306e-01 8.418804046714215561e-01 8.532127050715948569e-01 8.606932572202833365e-01 8.689909338912333858e-01 8.601987405290527633e-01 8.362957867639557730e-01 8.503421785766788199e-01 7.968698052358256234e-01 8.354419333755948029e-01 8.713248638916383237e-01 8.626050745200508629e-01 8.602711233426217907e-01 8.598998662336777565e-01 8.534984389510876790e-01 8.586909383800581663e-01 8.667653225573865861e-01 8.574222834719957831e-01 8.591405892040591130e-01 8.580776581540233705e-01 8.615521686086551334e-01 8.667619917131607066e-01 8.664840211225565136e-01 8.685511507757942562e-01 8.669735523596994176e-01 8.682406812694626330e-01 8.576507459842391823e-01 8.585417471655079069e-01 8.675675668481802605e-01 8.647124378319714921e-01 8.633618369348308175e-01 8.662997653178184931e-01 8.637206043585299309e-01 8.627072646435859360e-01 8.751759745838335602e-01 8.679242948544906300e-01 8.738669705195450943e-01 8.651942843855914278e-01 8.709399411514899825e-01 8.713000269911914675e-01 8.635381613408150692e-01 8.563789202084868268e-01 8.632206229645773554e-01 8.566891377145846587e-01 8.616822663034856555e-01 8.621796906096325097e-01 8.629274235615981281e-01 8.528291809303393256e-01 8.607398510311452533e-01 8.606192262630260048e-01 8.603212283883726608e-01 8.629227893514913594e-01 8.645016647143953792e-01 8.377613335496482128e-01 8.616461441626288575e-01 8.619166684273823487e-01 8.581632869141204711e-01 8.547005582889822817e-01 8.639612932015620084e-01 8.577370241914373805e-01 8.582120699702597832e-01 8.613573879754579110e-01 8.625171527245164560e-01 8.665456692500591585e-01 8.687724983686045954e-01 8.665800753230779030e-01 8.643398342801799084e-01 8.588952936162586038e-01 8.666800226718494038e-01 8.618852548757863774e-01 8.666134858195942980e-01 8.705226947297342033e-01 8.678823846701823053e-01
4.711614689912855397e-02 1.789252108178090439e-01 3.245129143752902290e-01 4.576297843595802939e-01 3.774983231580782417e-01 4.685873393405928233e-01 6.580846171276918399e-01 6.257088173281096788e-01 7.085810946964523627e-01 1.000000000000000000e+00 6.951174975379131871e-01 7.270365936561422604e-01 6.674070297398589924e-01 6.745405950874726608e-01 7.633149061159177906e-01 7.475389865720456495e-01 7.095530078131426777e-01 6.896094696785178835e-01 7.072320109142214983e-01 6.121226503943026920e-01 6.479150023726403251e-01 7.046127820416663301e-01 7.203188459403969679e-01 6.914177656089801616e-01 6.889189597250088282e-01 7.632535915656594172e-01 7.488941234154808946e-01 7.647052003449785751e-01 7.603580063967395608e-01 7.625667679829467582e-01 7.769983131477393723e-01 7.788586171428405480e-01 7.495141151069950602e-01 7.607843378374530285e-01 7.523418980131789668e-01 7.294484542349649603e-01 7.632961987443470653e-01 7.771044007708570733e-01 7.761541662561499688e-01 7.507232178575716786e-01 7.805477573896915100e-01 7.701714529744543292e-01 7.527301303292505130e-01 7.776490457435695225e-01 7.682679817029883784e-01 7.775086341716846983e-01 7.841942447411747175e-01 7.895619714998203253e-01 7.890442560614401302e-01 7.594895472878425702e-01 7.794472664429762387e-01 7.101208959597022918e-01 7.551796053926816965e-01 7.926973053278620895e-01 7.885693791714109002e-01 7.837444193855810370e-01 7.834063199196084071e-01 7.844656318296876485e-01 7.870445831891895727e-01 7.862409447134093288e-01 7.835230375727040286e-01 7.893747020296076888e-01 7.833199738350850039e-01 7.855704229635629421e-01 7.819777358090822528e-01 7.861698154730710764e-01 7.908451335087187672e-01 7.883855305046612028e-01 7.911067940767443352e-01 7.756905895896801795e-01 7.767951507275350220e-01 7.880671250190898203e-01 7.812064871175565806e-01 7.775050881720033669e-01 7.909392004598441162e-01 7.897165106132747470e-01 7.881745855483339724e-01 7.962313755871984755e-01 7.871816510576905568e-01 7.961400466778155716e-01 7.895338129610349753e-01 7.936668697177958753e-01 7.955597570734697088e-01 7.922476939689845343e-01 7.809479069048581579e-01 7.842292897152631781e-01 7.864204201377071879e-01 7.893280162578643067e-01 7.903679554871112511e-01 7.893761097023884732e-01 7.827759674259059386e-01 7.894695632870754043e-01 7.864336964493088278e-01 7.881581344548521662e-01 7.903946551191044501e-01 7.920087218956441966e-01 7.665130827374873057e-01 7.807717233881007468e-01 7.886137532680606022e-01 7.841835091692545001e-01 7.836848895457986242e-01 7.886277275613098325e-01 7.821054116782647503e-01 7.867156214307250428e-01 7.832528136535258367e-01 7.892024010356747388e-01 7.929899902815026325e-01 7.933087505855411781e-01 7.931882762918915919e-01 7.927667542877971929e-01 7.876467591896514353e-01 7.929412296580924391e-01 7.930762874593416667e-01 7.934317394204680740e-01 7.915632613443445154e-01 7.921446144038015724e-01
4.153567691268456735e-02 1.304111703558766266e-01 3.415266057298912972e-01 5.566382411443220324e-01 4.339028050009857140e-01 5.311119585702662738e-01 7.388844855228300368e-01 7.178859310135033978e-01 7.698550571099392892e-01 6.951174975379131871e-01 1.000000000000000000e+00 8.456729091134748133e-01 7.508156920955627589e-01 7.606751449312952884e-01 8.573465373083888341e-01 8.482829840043957237e-01 7.905445263349797358e-01 7.674481972146113273e-01 8.012365559536326343e-01 7.188897856010860732e-01 7.637684181420442142e-01 8.112367221287203334e-01 7.894010058707555677e-01 7.739377416243367058e-01 7.834662754338078683e-01 8.580361805450371637e-01 8.429533374872237861e-01 8.472340183751554399e-01 8.218796923467774906e-01 8.347122458100968423e-01 8.652553081997178541e-01 8.651066086689360723e-01 8.207434547594432139e-01 8.478703693394762375e-01 8.342283820291218621e-01 8.167008655636488479e-01 8.467302531607474592e-01 8.598701849633996197e-01 8.661248326903883132e-01 8.536211511086437831e-01 8.743895611758591979e-01 8.698217572912462225e-01 8.600177595139076869e-01 8.775898395940427976e-01 8.714772245342052859e-01 8.687013270144494648e-01 8.746843315022959642e-01 8.800787681655664052e-01 8.792956611725927241e-01 8.620175541606875935e-01 8.703340003479085318e-01 8.344177584950578375e-01 8.655271436032180299e-01 8.790343923438533880e-01 8.733539037371071956e-01 8.773677120779472816e-01 8.759272384077119167e-01 8.760697156351355819e-01 8.743302324553325899e-01 8.819797741282524584e-01 8.810411481962336921e-01 8.779175088638208058e-01 8.732821506321948313e-01 8.743560142429759319e-01 8.735790851802474055e-01 8.775374278270817729e-01 8.797008536713150084e-01 8.801698215273735526e-01 8.800187125049172554e-01 8.760295775484893133e-01 8.784113215746671699e-01 8.812960400902428715e-01 8.708806524969031626e-01 8.717703882474714394e-01 8.822240547181640080e-01 8.787689436864442039e-01 8.757618544299644592e-01 8.705286438661083981e-01 8.772162044592179964e-01 8.752562831869893367e-01 8.763147032458300512e-01 8.820528738934840796e-01 8.793370435216849579e-01 8.747684289589789941e-01 8.741115661693323879e-01 8.769778195812851784e-01 8.751830406805832796e-01 8.799310329382084017e-01 8.799950619785289474e-01 8.807368417015540851e-01 8.798205441447949360e-01 8.817702418426832667e-01 8.816732569180628643e-01 8.825211640319862161e-01 8.811932254521476215e-01 8.823370400721841644e-01 8.693627972464396114e-01 8.766271721236722492e-01 8.820038371723752935e-01 8.801362721461714056e-01 8.792841068737248245e-01 8.800017286042326470e-01 8.811304597888021117e-01 8.813352036446354676e-01 8.817225916362038118e-01 8.794073818378452811e-01 8.813973838463096122e-01 8.822227182836385184e-01 8.819035733666608090e-01 8.827695908099570943e-01 8.807456536508989631e-01 8.836508790262842528e-01 8.804297891713952495e-01 8.810165782783889732e-01 8.785417636027643695e-01 8.803330008688737829e-01
1.301185295588593374e-03 1.298490477562599110e-01 3.649997366438293978e-01 6.309264803774716768e-01 4.604672250135285472e-01 5.668168920426451818e-01 7.802452117418278155e-01 7.710812191640965541e-01 7.972093993444218096e-01 7.270365936561422604e-01 8.456729091134748133e-01 1.000000000000000000e+00 7.915646738767306845e-01 7.982216547399153539e-01 9.054143741921669708e-01 8.981218508994235350e-01 8.203627900932586314e-01 7.961892046520696598e-01 8.359574204848965184e-01 7.698841417956568955e-01 8.208439414149744096e-01 8.633975172253507413e-01 8.314593723968851657e-01 8.065643080464121040e-01 8.257501091209626942e-01 8.957984656983859484e-01 8.870899560485077107e-01 8.930093754641384995e-01 8.504517047291297871e-01 8.672753729922592081e-01 8.988361311479281524e-01 9.029339651107426423e-01 8.580176355940690724e-01 8.902462903474035461e-01 8.722436202759035195e-01 8.701598495664710775e-01 8.917261041582208447e-01 9.040245094513553736e-01 9.138382174660314439e-01 9.102375990217347335e-01 9.156670580291179640e-01 9.181511902903776168e-01 9.199873185957099242e-01 9.284628230674967231e-01 9.213780516998497649e-01 9.176612224680747998e-01 9.200767531640927643e-01 9.219044379619576457e-01 9.218927292064623691e-01 9.103222763410141471e-01 9.217295070307272020e-01 9.033841182665349745e-01 9.216837339443095800e-01 9.172374341476924320e-01 9.165165927196308182e-01 9.203365573064890004e-01 9.193426266431907745e-01 9.234880711468739234e-01 9.205634961521141912e-01 9.275030263107238993e-01 9.285865855374538791e-01 9.242963341097414354e-01 9.191442450575978418e-01 9.215461211200265401e-01 9.131188756490703495e-01 9.217915854712066537e-01 9.224095992466130323e-01 9.244399279662695035e-01 9.242339367971601494e-01 9.275367735508703859e-01 9.281416226557800409e-01 9.250121452540176481e-01 9.139802216509061994e-01 9.169841841630184121e-01 9.263502761165323118e-01 9.228459462621830811e-01 9.208935243580128605e-01 9.053911031319421543e-01 9.178889687596677449e-01 9.163001583085884638e-01 9.201407110828033753e-01 9.233851661446218495e-01 9.204414263604938640e-01 9.170054751838847551e-01 9.181634586075960724e-01 9.227910028709255252e-01 9.228160834548011504e-01 9.252666724262426090e-01 9.246624637453565443e-01 9.281591694013642257e-01 9.271562063941711784e-01 9.284596618809933810e-01 9.296955049867061671e-01 9.292596423700990593e-01 9.258806660705616309e-01 9.248524507938510331e-01 9.251651876583364409e-01 9.183326760220009710e-01 9.264374524473453221e-01 9.306603596464457784e-01 9.296323110991334682e-01 9.252084926135666354e-01 9.298144911222147035e-01 9.326195780299421090e-01 9.295374879478309760e-01 9.219673090490972944e-01 9.253483025153633745e-01 9.244816034522685966e-01 9.248106640858416716e-01 9.271599515584748596e-01 9.271200191567697813e-01 9.273844918433384876e-01 9.270643568042706839e-01 9.251651589933432840e-01 9.233040784758352881e-01 9.229142316469078899e-01
3.845589591981337513e-02 1.083652751199542519e-01 3.074145154714265638e-01 5.233673157012888044e-01 4.259471189364714139e-01 4.977151994473169028e-01 7.090497168692169172e-01 6.955560652210531769e-01 7.221067495544476467e-01 6.674070297398589924e-01 7.508156920955627589e-01 7.915646738767306845e-01 1.000000000000000000e+00 7.274576203083495951e-01 8.156678997808642917e-01 8.080412556071830954e-01 7.433405800187196100e-01 7.226084535759458305e-01 7.612308100986420190e-01 6.708722579133790109e-01 7.197799795971636660e-01 7.709250677925563178e-01 7.495447782946776938e-01 7.317411716698559720e-01 7.445419214194513025e-01 8.042529746226531051e-01 7.937598060982261616e-01 8.046758029334296625e-01 7.773867519310575513e-01 7.871947062845173759e-01 8.127832444915074062e-01 8.170014175077094931e-01 7.741515922517985260e-01 8.013947182712347628e-01 7.893679636449788539e-01 7.696598165946241243e-01 8.114629074411779941e-01 8.107316314467181151e-01 8.180579065465096722e-01 8.122289564658520256e-01 8.247278573651056766e-01 8.240975325559112274e-01 8.226216399286622183e-01 8.315815420849035355e-01 8.221345739828650467e-01 8.248347797704055351e-01 8.298753780253126378e-01 8.276540531289111602e-01 8.273416519982230710e-01 8.146726771121419741e-01 8.244561438286737154e-01 7.980135638546284049e-01 8.205266405127261686e-01 8.261009201741849051e-01 8.226390175240273495e-01 8.299732719074580656e-01 8.222521266912753424e-01 8.293164510677908385e-01 8.255015664780148699e-01 8.318200994349136401e-01 8.344048254576978962e-01 8.272535589725150684e-01 8.231323324867525493e-01 8.214079466286250408e-01 8.181790857040304177e-01 8.256212539033236375e-01 8.303777126036653300e-01 8.323933340355099686e-01 8.327536539967295148e-01 8.253901503468203948e-01 8.283328491403982863e-01 8.306133532873724024e-01 8.245748898205120803e-01 8.244572991968756037e-01 8.322734278154403365e-01 8.266763481581498318e-01 8.279656392482588334e-01 8.189634426413477941e-01 8.256421730639599277e-01 8.268633989677852680e-01 8.294318251846491963e-01 8.314713614099038530e-01 8.270653402764147621e-01 8.274265818199236788e-01 8.280474143323648395e-01 8.299742156644845936e-01 8.285264279829788192e-01 8.312045159041600018e-01 8.318830994900127118e-01 8.321322097046316424e-01 8.319180379887373133e-01 8.335602441567185883e-01 8.324052356342391823e-01 8.339307317277737663e-01 8.310676656200284285e-01 8.316073776982250143e-01 8.234764301397936581e-01 8.247483093210313809e-01 8.294936235926874124e-01 8.335320407067456916e-01 8.334774622482130635e-01 8.284659500911973895e-01 8.332715830361259179e-01 8.339171927239327209e-01 8.318792595170109161e-01 8.261865758645059454e-01 8.304026885327469021e-01 8.309415550695552488e-01 8.318067688545102145e-01 8.323675967527734976e-01 8.302158437674083125e-01 8.323913115737530122e-01 8.303192911149145372e-01 8.298434957991689398e-01 8.261513422104712623e-01 8.274723120180453861e-01
