1.000000000000000000e+00 1.920328301250759373e-01 1.537509897259884128e-01 8.908018734840798813e-02 1.920114012389575325e-02 1.320603976147906866e-01 1.638288396372774014e-01 6.480046228743356618e-02 2.173926494022450362e-01 1.389901418617325579e-01 1.043523289261383269e-01 4.510509050424965638e-02 1.006142283889261899e-02 1.967734186583906114e-02 6.222769250693176157e-02 4.656748155489170982e-02 2.117459034364020387e-01 4.159533145298564549e-01 3.653019118342883953e-01 2.676705575433587780e-01 3.925896643688369658e-01 3.381523300987087643e-01 4.032707074257441682e-01 3.824005423640665091e-01 3.400583404425329692e-01 2.887031110720301719e-01 2.819808283306639574e-01 2.828658348066048767e-01 3.153538795176346610e-01 2.931992082831425539e-01 2.256197848857087462e-01 2.760484362015923621e-01 2.805933654086170126e-01 2.235239563231476712e-01 2.618002341324971449e-01 1.294893261142477658e-01 1.741116418573752100e-01 2.001591875875910753e-01 1.274927972650996277e-01 1.811186861757027311e-01 1.104854633112036799e-01 1.162765078448861483e-01 1.055257197352786613e-01 5.553333480421333151e-02 1.188075756015231632e-01 9.634226459227054895e-02 4.783250346741931697e-02 5.605920576613036832e-02 8.502507739776365980e-02 1.838345883292111238e-01 1.581361959850528798e-01 8.960728626940071828e-02 7.496702213143378868e-02 1.256709641435677371e-01 1.640947528076826534e-01 1.968710085200135740e-01 1.775216309675108628e-01 7.991095237550949193e-02 1.181015609583530024e-01 6.567981991186450097e-02 9.944419727217562732e-02 6.410322855341474280e-02 1.145395712883350153e-01 8.077526959053908662e-02 1.064757230802748922e-01 1.100821410183384502e-01 6.738809234872122911e-02 1.615070429524687046e-01 1.515971386315460578e-01 1.550159587816422879e-01 1.482600062028228971e-01 1.215130551209575582e-01 1.677977142703133695e-01 1.565680397130174151e-01 9.749299157635651913e-02 1.132777126606435980e-01 1.047615678283263657e-01 1.454887619814432820e-01 1.197177683819333621e-01 1.252656472815650845e-01 9.809701631537141864e-02 9.222549653591402552e-02 1.203361817452818783e-01 1.227857084154653083e-01 8.237494613721890735e-02 9.292380829156550448e-02 6.964995728817992282e-02 8.660397819789196483e-02 5.430474190561525999e-02 1.073415033031107774e-01 8.111176060136286725e-02 5.657478346702193850e-02 5.693018106559191022e-02 4.494175137390798297e-02 1.953384753099283999e-02 3.795744624833270742e-02 8.110895709444081170e-02 9.354183462112281022e-02 3.001467419431825753e-02 5.326409484204608358e-02 4.232454233316339937e-02 4.945605963003830291e-02 4.361112956724426393e-02 2.243019527129750529e-02 5.653555273999791991e-02 8.474254689465085533e-02 7.642242013782116206e-02 4.886454148885745891e-02 7.405689063356737933e-02 4.141127496796093849e-02 5.778916637715014737e-02 2.832682035209778751e-02 3.514246286425278670e-02 2.891437015401190219e-02 5.700159456441035444e-02 5.234290493138530481e-02
1.920328301250759373e-01 1.000000000000000000e+00 5.360597864729864381e-02 3.826510937406551321e-02 6.981561872137589941e-02 1.147534060394162780e-01 1.536053058545184535e-01 8.598245443072714822e-02 2.130320410144026788e-01 2.332962017197746651e-01 1.592229928584880938e-01 1.253668811964332996e-01 1.116584203363107652e-01 1.360515494539819847e-01 1.648093617175994119e-01 1.276380588340972622e-01 2.124920083812336102e-01 2.389580179634010204e-01 2.285586924861515712e-01 1.836312547293495745e-01 2.120728401128636753e-01 1.850345493802908747e-01 2.570003928758661238e-01 2.501725322583160938e-01 2.266543212508484173e-01 2.308646169030098005e-01 2.198795217421218307e-01 2.278134421874539739e-01 2.497134602097426936e-01 2.702275428903959664e-01 2.318403435182674055e-01 2.421101055046455675e-01 2.405143911133285073e-01 2.315229673345438610e-01 2.649846912488146300e-01 1.673226531887550550e-01 2.034811621127844694e-01 2.295351879429830544e-01 2.056385516725998674e-01 1.822391736608034440e-01 1.902487169039094317e-01 1.881815397201525297e-01 1.707109579443765457e-01 1.674123932991524455e-01 1.789472893466098058e-01 1.889375169773273855e-01 1.687188504891562746e-01 1.754569767538814995e-01 1.836983508534865694e-01 1.985521562873718282e-01 2.069568078629080710e-01 1.329437315579205803e-01 1.635549418281729839e-01 2.013175590437075446e-01 2.032536375171250520e-01 2.117789298305862988e-01 1.982604258576493861e-01 1.693716883396528539e-01 1.994494951998332377e-01 1.693235939028612802e-01 1.765697559429859342e-01 1.752906111389934130e-01 1.881812104751451886e-01 1.801260964501159856e-01 1.812282778448489895e-01 1.831949700964225769e-01 1.785739742521829931e-01 2.058994942769873659e-01 2.161228026961016790e-01 2.045368447664198397e-01 1.820314843378968706e-01 1.861422803720326480e-01 2.131040706931695838e-01 1.995381504497025504e-01 1.874492240874658655e-01 1.895921447492335266e-01 1.941985189065994766e-01 2.166498618513928442e-01 2.000156063656271244e-01 2.212617976665339770e-01 1.977619383506800388e-01 1.881316382832701195e-01 1.909588797132558968e-01 2.121149046478258415e-01 1.858690847490695741e-01 1.943902155598724868e-01 1.770258751412554232e-01 1.846315402537524186e-01 1.788666101336623959e-01 1.768202873705543854e-01 1.758738746759871407e-01 1.680498435245103561e-01 1.677036943301207506e-01 1.655142964423440000e-01 1.592830722170268942e-01 1.705417111581319090e-01 1.561680319724525479e-01 1.696699289685718592e-01 1.510760128463953800e-01 1.589037162434394357e-01 1.521196233034228795e-01 1.595047753169761828e-01 1.552989048681149287e-01 1.526513823489553390e-01 1.572963914029436028e-01 1.689835238076285162e-01 1.747443658360305352e-01 1.775038779694126656e-01 1.785301163102120670e-01 1.623019488371829078e-01 1.636539223969684931e-01 1.585696291207797926e-01 1.578751542415536835e-01 1.521045188173029694e-01 1.702325373294478195e-01 1.613780897382603996e-01
1.537509897259884128e-01 5.360597864729864381e-02 1.000000000000000000e+00 3.747212075860663072e-01 2.384569061589941197e-01 2.977411640138917792e-01 4.314347421171230157e-01 3.775107305699899607e-01 3.732820960791772835e-01 3.298501131095809003e-01 4.197180247431779310e-01 4.324623291101991063e-01 3.475560425799297803e-01 3.750733662372652821e-01 4.065145819727882803e-01 4.150813284329907260e-01 3.800075332943344542e-01 3.989578115733038444e-01 3.902979710322992402e-01 3.995176402867268717e-01 4.050130507862778617e-01 4.320997426322009671e-01 3.923879862979915423e-01 4.124561181897338780e-01 4.083248277868390952e-01 4.186130201700242193e-01 4.387326022146968429e-01 4.192367419541794260e-01 3.981286603075153141e-01 3.958310182934965393e-01 4.357498988961572839e-01 4.332531685795404375e-01 4.118999130318437008e-01 4.282607719092838550e-01 3.948132035039833010e-01 4.217182576990807230e-01 4.257021946952939118e-01 4.121040145321196446e-01 4.022254980731974627e-01 4.414054509163093387e-01 4.138701586862406634e-01 4.135697133858973751e-01 4.318933949178117015e-01 3.955176825773554783e-01 4.283006261296468109e-01 4.020617643155814935e-01 3.962862907997747319e-01 3.855457926383634715e-01 4.006787485965550566e-01 4.232974484957951478e-01 4.276109278760286680e-01 4.272199981138364300e-01 4.188714563570962723e-01 3.980550634819080558e-01 4.130305201434263385e-01 4.204845631305610953e-01 4.171392826766789907e-01 4.050548079423937353e-01 4.067439329273914717e-01 3.962747118952843484e-01 4.241467181439327327e-01 4.009292938955405505e-01 4.113645611627004817e-01 4.037941542621009683e-01 4.060847175048891144e-01 4.159881470658281510e-01 3.962073214734458393e-01 4.260696252066660805e-01 4.193004811541515831e-01 4.444113054342505031e-01 4.344265245640518969e-01 4.198656292468697648e-01 4.301345933080797379e-01 4.303583926620566658e-01 4.086325348609884389e-01 4.150022561208489558e-01 4.052237366525265894e-01 4.009278231700916240e-01 4.160983728447660290e-01 4.028897698788314052e-01 4.123605825590268559e-01 4.160441521184445324e-01 4.142353387098174911e-01 4.017095564576857458e-01 4.129156658580526718e-01 4.163276708268743853e-01 4.161405286762467903e-01 4.057625086325071795e-01 3.988084583268766137e-01 4.146936696091852448e-01 4.144037039988185400e-01 4.054450360926241670e-01 4.088561495809028279e-01 4.005237380688403404e-01 3.899053110973475511e-01 3.879472789507488195e-01 4.120159288360063510e-01 4.063433674561128250e-01 3.994834775508656621e-01 4.041137686508354809e-01 4.111478194572769085e-01 3.968547094574750300e-01 4.005380252877738245e-01 3.968412171567096691e-01 4.152047067777898115e-01 4.033970991912517179e-01 3.987399905170085357e-01 3.817498466813591951e-01 3.943213744227087592e-01 3.936706736410744423e-01 4.010796211988089666e-01 3.919692433709157098e-01 3.959584154075088125e-01 3.930333785367949861e-01 3.930329511967552980e-01 4.005646401453097361e-01
8.908018734840798813e-02 3.826510937406551321e-02 3.747212075860663072e-01 1.000000000000000000e+00 3.488261034242285952e-01 3.493433636271400800e-01 5.926883579104097466e-01 5.346324130531505681e-01 4.869317295907596432e-01 3.967986014847070808e-01 5.446503839325005369e-01 6.111947611676662451e-01 5.303007697721096037e-01 4.828498088775574071e-01 5.611364852875924125e-01 5.677948969068586926e-01 4.634372179122748792e-01 4.377063947997277271e-01 4.239413134509406045e-01 5.957381254853256758e-01 4.570746964400536072e-01 5.031839041089259945e-01 4.396170708483658762e-01 4.846276407712355461e-01 4.501045400805696040e-01 4.779717720557561389e-01 5.321914125680790031e-01 4.838284826378668746e-01 4.171860619007177196e-01 4.539618663330526882e-01 5.103498511429732654e-01 5.162849684467606393e-01 4.755951380740514045e-01 5.565822765646301074e-01 4.870064763843375277e-01 5.663528620889823895e-01 5.437793570291306056e-01 5.010760154853346471e-01 5.196996321292572940e-01 5.527749305084825870e-01 5.431284754819085681e-01 5.482134461838319428e-01 5.917556441086603281e-01 5.552008316939783805e-01 5.670439651686897120e-01 5.147520299231789220e-01 5.141255746355929412e-01 5.147515616901304769e-01 5.129513372197650467e-01 5.398335553515342111e-01 5.386409364920256015e-01 5.966431521358935841e-01 5.634457799170136116e-01 5.012570234286776172e-01 5.082864865978431457e-01 5.059665522556712203e-01 5.072168551245263002e-01 5.420876785637841477e-01 5.053599540399729140e-01 5.266152392660147230e-01 5.572599089103553727e-01 5.252341578297833324e-01 5.272798284326822849e-01 5.273701437933859815e-01 5.262909553185474154e-01 5.398129229104082771e-01 5.191437268855546572e-01 5.452114200922895115e-01 5.416438021958742688e-01 6.080666145999559236e-01 5.612405068252859230e-01 5.383050500575745634e-01 5.565110378355329068e-01 5.547439905360403989e-01 5.276183766956575871e-01 5.349926055126287272e-01 5.121877706395107088e-01 4.898087994641149301e-01 5.345310164597745217e-01 5.058997200786831128e-01 5.272492146294561755e-01 5.369618640108949625e-01 5.338921546919067618e-01 5.068957404400219469e-01 5.538893692942503666e-01 5.489054069927561397e-01 5.489414897395743509e-01 5.369782617690537219e-01 5.355952344868880610e-01 5.453314483449964722e-01 5.434114755228133253e-01 5.432172468008790167e-01 5.550048192353282950e-01 5.414711002340782953e-01 5.227858409634162928e-01 5.160750351917510192e-01 5.679731587537676374e-01 5.435812684995714461e-01 5.389047378230400476e-01 5.462601275670356804e-01 5.679265164957073564e-01 5.421953383760771406e-01 5.540131113085610126e-01 5.555853552376521787e-01 5.757698090620790854e-01 5.327960612755346936e-01 5.200915716424683310e-01 5.076845697964944559e-01 5.148516916674668042e-01 5.260438418031929686e-01 5.358863593302732875e-01 5.281871565424993697e-01 5.396205584922704190e-01 5.425150286233122454e-01 5.252896683814861634e-01 5.368170577657115361e-01
1.920114012389575325e-02 6.981561872137589941e-02 2.384569061589941197e-01 3.488261034242285952e-01 1.000000000000000000e+00 2.792482695816757565e-01 4.584365343300848550e-01 4.657221420191702266e-01 3.981876127567412493e-01 3.631241449803271903e-01 4.317137902977180586e-01 4.836530501826987183e-01 4.873765011627327892e-01 4.171200637666741540e-01 4.908129791006218823e-01 4.932857818809417427e-01 3.935489948373613878e-01 2.773338602772914552e-01 2.989955732648054143e-01 3.300772613899340402e-01 3.004339631317628490e-01 3.407224654213326098e-01 2.749476811873293736e-01 2.986831439015104617e-01 3.133462630251410141e-01 4.020819526559435420e-01 3.981879489137684081e-01 3.790680143884289088e-01 2.894525531189275913e-01 3.272938053520035306e-01 3.953291202916571767e-01 4.016127802389409251e-01 3.551166259805910719e-01 4.068011179412687750e-01 3.520318711665972877e-01 4.075655562645724150e-01 4.006944064421476548e-01 4.289632151482751787e-01 4.333722542064584182e-01 4.289482590947696905e-01 4.694031619285016776e-01 4.785789386667809175e-01 4.783117249355471889e-01 4.831874979468196996e-01 4.555785101601685372e-01 4.540645029104606323e-01 4.717289580661072623e-01 4.684345569635415263e-01 4.693569151398434003e-01 4.446114292117892552e-01 4.502189192702301113e-01 4.687898524415526902e-01 4.725923693836517891e-01 4.398167172180758033e-01 4.350635561622605563e-01 4.166478640606002259e-01 4.216064401339988943e-01 4.792572359157583062e-01 4.441378602792770969e-01 4.739165463760522945e-01 4.724773245352207329e-01 4.581092296750197135e-01 4.415648219311902323e-01 4.586694439761100917e-01 4.485682588780902647e-01 4.534968953698907956e-01 4.667854464963173688e-01 4.463768365101010716e-01 4.469076105735605431e-01 4.636361497014999111e-01 4.568105299686303633e-01 4.545643519580364056e-01 4.410653688812051221e-01 4.477517300034457026e-01 4.671304505940773732e-01 4.586092949678381991e-01 4.516358900967857304e-01 4.193582184645948119e-01 4.565598279752466349e-01 4.344412810564453054e-01 4.473397918660435568e-01 4.528244680123550969e-01 4.532152191010805353e-01 4.367911271663159622e-01 4.697578236434709620e-01 4.545984849331938249e-01 4.555671137639416557e-01 4.691948387959487543e-01 4.673933944127572349e-01 4.671921122553593375e-01 4.718095396083316628e-01 4.839043451694594045e-01 4.737335751621642999e-01 4.761721235291525578e-01 4.746937322204782816e-01 4.713398250596617101e-01 4.863378325681666503e-01 4.736686727789790607e-01 4.871918677510433948e-01 4.855231462523898478e-01 4.896715696954096475e-01 4.821437471327810753e-01 4.833226940049236142e-01 4.894499538182626175e-01 4.818850488688045663e-01 4.626587333074677622e-01 4.736306918329802884e-01 4.627536562611098137e-01 4.611293964810503354e-01 4.797440548306391439e-01 4.768149295881683458e-01 4.775085105513043882e-01 4.735738383943439711e-01 4.808831839456040869e-01 4.637875410072485050e-01 4.697014087461833798e-01
1.320603976147906866e-01 1.147534060394162780e-01 2.977411640138917792e-01 3.493433636271400800e-01 2.792482695816757565e-01 1.000000000000000000e+00 5.355848491873175243e-01 4.501303788592251331e-01 5.425298061115702009e-01 4.889212624546876995e-01 5.556962549406192498e-01 5.698591400940136165e-01 5.021696847144611064e-01 5.216272094474768695e-01 5.807235008802105192e-01 5.502082102010311671e-01 5.360605771692618093e-01 4.890734500050764044e-01 5.176346838359020541e-01 4.364529228626595203e-01 4.906600685008433160e-01 5.319860424133044940e-01 5.035183498834234772e-01 5.046680880482559139e-01 5.279514728144774072e-01 5.832331692715527760e-01 5.887774334488291572e-01 5.744278097789722315e-01 5.314616851643705342e-01 5.462855472098097076e-01 5.905767406107527151e-01 5.898866540358085331e-01 5.599356402089157303e-01 5.813988097973594726e-01 5.622105679717032123e-01 5.680975889610613283e-01 5.850439581241085873e-01 5.853852678989345248e-01 5.783406123261368714e-01 5.909105364619390288e-01 6.008615308546583211e-01 5.881310953069311953e-01 5.864638897488519964e-01 5.781230610136661729e-01 5.982598640516605393e-01 5.753380414616168226e-01 5.905016405227979659e-01 5.873744682786788962e-01 5.933866927374887856e-01 5.963954450484392211e-01 6.025877845785619913e-01 5.814403877526705955e-01 5.924033074592635062e-01 5.993809975034128934e-01 6.087635255640548859e-01 6.085201107632235429e-01 6.050530925852967146e-01 5.904131657515768739e-01 5.925619218555964185e-01 5.888714192360562372e-01 6.026945987259767490e-01 5.895849793674685646e-01 5.979418603199576632e-01 5.899257707246122751e-01 5.959899638272716516e-01 6.024550226467090264e-01 5.917582828611007706e-01 6.068805114626291131e-01 6.000265899926148228e-01 5.987418462761152638e-01 6.003764656309041881e-01 6.026549561787826192e-01 5.977687470701075201e-01 6.016832608665009241e-01 5.991278314900523316e-01 6.035011699621689596e-01 5.909534033735690528e-01 5.921526409470597718e-01 5.960179888462673325e-01 5.847171786457239229e-01 5.930566286237760609e-01 5.934726052534876617e-01 6.026750229873220066e-01 5.953485917403911198e-01 5.961310142841558246e-01 5.958848125343589874e-01 5.914331589587348281e-01 5.946681556170962946e-01 5.912554802749439009e-01 6.019470763370180499e-01 5.986786004448968468e-01 5.931967783669531702e-01 5.927000373669008004e-01 5.846530928684340322e-01 5.847442786428217465e-01 5.869250886187048488e-01 5.908287717058463562e-01 5.969825753561639470e-01 5.898129162228044065e-01 5.921445838604550982e-01 5.915749795781903853e-01 5.891819752013532918e-01 5.870409008232537751e-01 5.817586740657859634e-01 5.944201016755528144e-01 5.956785799680013316e-01 5.973548565364462659e-01 5.875600272808333413e-01 5.959624751541579002e-01 5.870293643862958266e-01 5.941593017911814822e-01 5.855523225101638696e-01 5.891314844171857690e-01 5.861067195731265445e-01 5.888514889422948873e-01 5.924496413144870743e-01
1.638288396372774014e-01 1.536053058545184535e-01 4.314347421171230157e-01 5.926883579104097466e-01 4.584365343300848550e-01 5.355848491873175243e-01 1.000000000000000000e+00 6.943743150807071274e-01 7.041555993806523084e-01 6.581024409549028897e-01 7.335893352890253682e-01 7.742376798523766812e-01 6.948659770034746330e-01 6.956414337263669978e-01 8.165148064587778309e-01 7.712007846803099476e-01 7.103864892690492372e-01 6.535137810028273098e-01 6.794837199752449264e-01 6.133387109908999824e-01 6.723728298643463219e-01 7.267297983765549363e-01 6.742927079918187294e-01 6.900163362063349570e-01 7.049599044840689777e-01 7.750294926376781746e-01 7.820272242445515110e-01 7.744650712301590634e-01 7.005265023011312264e-01 7.181709227847865584e-01 7.745494003057694643e-01 7.833919247810665620e-01 7.515896798191781247e-01 7.875213480987965919e-01 7.404030307014896062e-01 7.505074010740453438e-01 7.689544617572470209e-01 7.973768156956184683e-01 7.844593371681274352e-01 8.077806789889113714e-01 8.006905984952915611e-01 8.163926117284370232e-01 8.049100417271902730e-01 7.874274829653263863e-01 7.952964232211543472e-01 7.867572199903064556e-01 7.678708846053925452e-01 7.614688181529710720e-01 7.752179853541959487e-01 7.886042103944700399e-01 8.011040347142963647e-01 7.750378344961638133e-01 7.749768326899179050e-01 7.681129793848398002e-01 7.770054035271196646e-01 7.747774517121108762e-01 7.655772714745511243e-01 7.868442624104359240e-01 7.709310306403409641e-01 7.688663555484309686e-01 7.962079128502352887e-01 7.698736690912132419e-01 7.777839523260549059e-01 7.724427575596313211e-01 7.663250277242226183e-01 7.711532586964406910e-01 7.736807261090860033e-01 8.002022186371942070e-01 7.961517903104893268e-01 8.004129870132093982e-01 8.074257244253483234e-01 7.969220064876085807e-01 8.023866216552683062e-01 8.007094553187901198e-01 7.916949465963503130e-01 7.969335609772328910e-01 7.909692829074939091e-01 7.725329493273508374e-01 7.993381255853182488e-01 7.697548168298933291e-01 7.791376983012385793e-01 7.840601824218362825e-01 7.942463144683266085e-01 7.825171956953792529e-01 8.024779992932004058e-01 7.945158895929853582e-01 7.803558781128794308e-01 8.036548423061118385e-01 7.875946192947145263e-01 7.971984934805490530e-01 8.051979112956937357e-01 7.980006963808611298e-01 7.916447692825375748e-01 7.905933706187394661e-01 7.652288503940515296e-01 7.654362880300839000e-01 8.025662526942501929e-01 7.845861211784435074e-01 7.787019319961948627e-01 7.922492365133428915e-01 7.995775464069376781e-01 7.819807938845357853e-01 7.785208790902229392e-01 7.837122479077691661e-01 7.925311295723012073e-01 7.716432448764781737e-01 7.780295492312093719e-01 7.625119750751894188e-01 7.742262290287019733e-01 7.759668607117133909e-01 7.838784937185776514e-01 7.662363444713995442e-01 7.738575815087527232e-01 7.753391846380847108e-01 7.692399174647287508e-01 7.686670201198206875e-01
6.480046228743356618e-02 8.598245443072714822e-02 3.775107305699899607e-01 5.346324130531505681e-01 4.657221420191702266e-01 4.501303788592251331e-01 6.943743150807071274e-01 1.000000000000000000e+00 6.590054259528925762e-01 5.918287271574952380e-01 6.963057213466424811e-01 7.469204193771307176e-01 7.033932814416135049e-01 6.686225098644710263e-01 7.542049609695878898e-01 7.644524940402035451e-01 6.459999395090693097e-01 5.055601717922186822e-01 5.360066120030991810e-01 5.525840614957897579e-01 5.394689634481615315e-01 5.971266444485749947e-01 5.235911366992118676e-01 5.423731192130890610e-01 5.565726828864198117e-01 6.585000130001920082e-01 6.614817435757895936e-01 6.346915175926272079e-01 5.431682431813029677e-01 5.867684137477099382e-01 6.637554941683276866e-01 6.766213062629289343e-01 6.212252024021860386e-01 6.935146548333058769e-01 6.363278901514189956e-01 6.979795609697506675e-01 6.933549481185439234e-01 7.098245954901558630e-01 7.118381482454078091e-01 7.158042325602430589e-01 7.361326343608990408e-01 7.499669360344135560e-01 7.577301920524037726e-01 7.514870755183676865e-01 7.355069141281985745e-01 7.262711484475908863e-01 7.358587072026262499e-01 7.376270839746048580e-01 7.359096191259880682e-01 7.306810955972069532e-01 7.409783133561657076e-01 7.456862590950136260e-01 7.388262949611550390e-01 7.212136124521645320e-01 7.185738947530044829e-01 7.071455838870226440e-01 7.118798130120820300e-01 7.527790656894890464e-01 7.257006810879210734e-01 7.419492784315153688e-01 7.557004798269721935e-01 7.330455961288763200e-01 7.296169646064716297e-01 7.382593524470553170e-01 7.239245068295819818e-01 7.314045421225879862e-01 7.361645651093550180e-01 7.276997584951758746e-01 7.294932617165065247e-01 7.458719682153339692e-01 7.373452217902528583e-01 7.320302277864920715e-01 7.229183073940307347e-01 7.247199248773744662e-01 7.354196268353663246e-01 7.316674040312293181e-01 7.170584387680346561e-01 6.897650946301226993e-01 7.276273397025010414e-01 7.043486546419993610e-01 7.245762386169170011e-01 7.265655879143700924e-01 7.385901535435320797e-01 7.173002374150262428e-01 7.525324751321187389e-01 7.427353072333313655e-01 7.342095228385985273e-01 7.475283728252835047e-01 7.457482207458634438e-01 7.507472762552631629e-01 7.455769608237199364e-01 7.534691404311677498e-01 7.513435226677986911e-01 7.490404355439572726e-01 7.433647663862025246e-01 7.379859613403327856e-01 7.701743209182823069e-01 7.565412235622599457e-01 7.590786294415206026e-01 7.613819226406252083e-01 7.691908217778278267e-01 7.579053495264828078e-01 7.555768773632053348e-01 7.629124679878834803e-01 7.635373020637646890e-01 7.441352434706046681e-01 7.471804470520456709e-01 7.324230483462553787e-01 7.389756432247880369e-01 7.486656154385212814e-01 7.513761743704447937e-01 7.470455394800541438e-01 7.504057185034993527e-01 7.565672693983253039e-01 7.357250790798077755e-01 7.444422219120565565e-01
2.173926494022450362e-01 2.130320410144026788e-01 3.732820960791772835e-01 4.869317295907596432e-01 3.981876127567412493e-01 5.425298061115702009e-01 7.041555993806523084e-01 6.590054259528925762e-01 1.000000000000000000e+00 7.391076906608629038e-01 7.906766775602828146e-01 8.045948010176217080e-01 7.266809834252317968e-01 7.507162163860148230e-01 8.290713119790780183e-01 7.983917655900966137e-01 8.109123331663182777e-01 6.682428507758394476e-01 7.093987306016908967e-01 5.876109145605341588e-01 6.566680157239598303e-01 7.207782976245344919e-01 7.007093472157264191e-01 7.024379963597484622e-01 7.274243680247606259e-01 8.116778593988293045e-01 8.253991955654309542e-01 8.012216199518609194e-01 7.445755126519451039e-01 7.868331853492205319e-01 8.419636594062156476e-01 8.249882752806191322e-01 7.826460624362098217e-01 8.230802415561396801e-01 8.042893376941685490e-01 8.165006127606135866e-01 8.396765035670050725e-01 8.380213270017236038e-01 8.385033396840589903e-01 8.236778990863025118e-01 8.535763601168240289e-01 8.502813421963654195e-01 8.377460481895919742e-01 8.431003512496147989e-01 8.561854453038695301e-01 8.403508199907986365e-01 8.540280159649311642e-01 8.633140427274973439e-01 8.630331622610480924e-01 8.403503975078415733e-01 8.687517367403332358e-01 8.088934866458532547e-01 8.475042027036998604e-01 8.756843936637084269e-01 8.737814172934961210e-01 8.709753907607440393e-01 8.698114448659366449e-01 8.589662527827770511e-01 8.685365626951786489e-01 8.609152747733685995e-01 8.713350033011051377e-01 8.561061121800577212e-01 8.643438059060919443e-01 8.603578670578103660e-01 8.682852293792698850e-01 8.736697412890471748e-01 8.626557999076024386e-01 8.704492237576693103e-01 8.663982788227149179e-01 8.525092516503023354e-01 8.531991085455730150e-01 8.637740563923161918e-01 8.597196215356266435e-01 8.616304558811928027e-01 8.653807741173753509e-01 8.673491910462327592e-01 8.538661069792421454e-01 8.554442118854864718e-01 8.638344509954769546e-01 8.570449102534565267e-01 8.659550094303750667e-01 8.659981019239538780e-01 8.691249983841439208e-01 8.602380689914591594e-01 8.519928923784280128e-01 8.631089971429013463e-01 8.600939857059375360e-01 8.568574979563057248e-01 8.552825123620766412e-01 8.656309977482037343e-01 8.513193909325209585e-01 8.550215023611588139e-01 8.581468390548465663e-01 8.520369345505155456e-01 8.507772643172517579e-01 8.572208796940534725e-01 8.461492112087439788e-01 8.620295097358047220e-01 8.463545807298989976e-01 8.527350019894491817e-01 8.492180651961979132e-01 8.545073960445704886e-01 8.515844678758335284e-01 8.467459379047633794e-01 8.566854742236580389e-01 8.667381278749097806e-01 8.647454546620463312e-01 8.596386680669073632e-01 8.635079009713081399e-01 8.537961532876008341e-01 8.574897376625582046e-01 8.542748988179893477e-01 8.533803472254519740e-01 8.498679496422647528e-01 8.597679780891750445e-01 8.623282407123772364e-01
1.389901418617325579e-01 2.332962017197746651e-01 3.298501131095809003e-01 3.967986014847070808e-01 3.631241449803271903e-01 4.889212624546876995e-01 6.581024409549028897e-01 5.918287271574952380e-01 7.391076906608629038e-01 1.000000000000000000e+00 7.374602342916056763e-01 7.286847620741847553e-01 6.697184680997755324e-01 6.950685987184532788e-01 7.773509914199413506e-01 7.332336504790171183e-01 7.306410829345117985e-01 5.803575360158339524e-01 6.401930941814418796e-01 4.815012142897792669e-01 5.740699731347967960e-01 6.283299548078812302e-01 6.280253766819101635e-01 6.134568523333669976e-01 6.578814033049965593e-01 7.623137235938611811e-01 7.533641962427038985e-01 7.556176959451302855e-01 7.020722856906568277e-01 7.483207266301405980e-01 7.868585877349252300e-01 7.553748923493884826e-01 7.377781510918089980e-01 7.485174047946213660e-01 7.616022473785197811e-01 7.354057135108958976e-01 7.685889711938223012e-01 7.949240142198430448e-01 7.990521277417874657e-01 7.641175229961040261e-01 8.028883610477849375e-01 8.009598764650552871e-01 7.711344671215168978e-01 7.934420503477505049e-01 7.898502814138327333e-01 8.044485187803506188e-01 8.050141744404079036e-01 8.083120979032722975e-01 8.060291987647091316e-01 7.703084860060097627e-01 8.062906841669910118e-01 7.286924473585418838e-01 7.758796645032561834e-01 8.130262086356639939e-01 8.044147200483665605e-01 7.982803249261527512e-01 7.890053409316978295e-01 8.011002189199720736e-01 8.099328847948290555e-01 8.021929086004903064e-01 8.048982934394556255e-01 7.972041912287648469e-01 8.046847951365909690e-01 8.003152725701992987e-01 8.000208959813670528e-01 8.024186005056350712e-01 8.085567085277071131e-01 8.030528852090099701e-01 8.033340286490068261e-01 7.738641217687663998e-01 7.835948967408821186e-01 8.043774429577675855e-01 7.907643214823207867e-01 7.938570452486453100e-01 8.162737307111292973e-01 8.101592238761577969e-01 8.155816402139064447e-01 8.140456185178100990e-01 8.151345263430371801e-01 8.204974670832184680e-01 8.136194794219777648e-01 8.139543406034239759e-01 8.095001671394225218e-01 8.175155221974271802e-01 8.018845407079585597e-01 8.000393154009233232e-01 7.985573525331375322e-01 8.123256243647213326e-01 8.077903888637748553e-01 8.082152994933918810e-01 8.054702778737359292e-01 8.086360052192108627e-01 8.034319054491703138e-01 8.077348281793695906e-01 8.016682562603308915e-01 8.076994915042772227e-01 7.840967742510778216e-01 7.928403684184478495e-01 7.935973243254146325e-01 8.000501952448740850e-01 7.923993672629977558e-01 7.998656367281355983e-01 7.923934865397347371e-01 7.939871499451145453e-01 7.898389664737570648e-01 7.978217106148184357e-01 8.055713517294682546e-01 8.095558846593589042e-01 8.112381740340234293e-01 8.031103149932212748e-01 8.052609596277201520e-01 8.004745722728947577e-01 7.982900827059091764e-01 7.937417569806440865e-01 8.036241959750707320e-01 8.017199874485756439e-01
1.043523289261383269e-01 1.592229928584880938e-01 4.197180247431779310e-01 5.446503839325005369e-01 4.317137902977180586e-01 5.556962549406192498e-01 7.335893352890253682e-01 6.963057213466424811e-01 7.906766775602828146e-01 7.374602342916056763e-01 1.000000000000000000e+00 8.612582912264544754e-01 7.631594600925866168e-01 7.926511922582901715e-01 8.702765258627717104e-01 8.534290504862378501e-01 7.983525062110491399e-01 6.342131322437769558e-01 6.872309753267801247e-01 5.840629324415144152e-01 6.489588149693676922e-01 7.151817327116344325e-01 6.678362132422489550e-01 6.696548739774638159e-01 7.111926556596200877e-01 8.154588263300692752e-01 8.264766541014250123e-01 8.115585705784299497e-01 7.354928421625744894e-01 7.796006768070365966e-01 8.574633969829040803e-01 8.269341751206358282e-01 8.003929535591114419e-01 8.314869105551692119e-01 8.063413957908234231e-01 8.445462148110196576e-01 8.571747552205195575e-01 8.593436016814620659e-01 8.754519259196200665e-01 8.632817936936358905e-01 8.904057583370365014e-01 8.903992852341655606e-01 8.851008399361954826e-01 8.902527682681968813e-01 8.913873176708874135e-01 8.812812003359710156e-01 8.961125372249773013e-01 8.955083698666979064e-01 8.931164609227223439e-01 8.546610397343327170e-01 8.877709424594522059e-01 8.589761130365657360e-01 8.838397271549767176e-01 8.907428252236545552e-01 8.845156575274224497e-01 8.759833397251626241e-01 8.750267306625327812e-01 8.978770291828280792e-01 8.876853901781351919e-01 8.961813008573555894e-01 9.005805390818151235e-01 8.938426736549064389e-01 8.901184196203966170e-01 8.901394078599960125e-01 8.895553256513744067e-01 8.946437351055576137e-01 8.991250483798376436e-01 8.908877528427066039e-01 8.888055077259386927e-01 8.774212069785022328e-01 8.836118813958664386e-01 8.952523125230230638e-01 8.792012961112728453e-01 8.846701727288758255e-01 9.013312726844973088e-01 9.020874270537845296e-01 8.937420703198116767e-01 8.794742381030697942e-01 8.956004222648340507e-01 8.876817522498320345e-01 8.985502017318200974e-01 9.018565382904205618e-01 9.010608026157814754e-01 8.921341869041832240e-01 8.972687991281620423e-01 8.964236617144647479e-01 8.985646715282571417e-01 8.999371745944720891e-01 9.013340346387669344e-01 9.006689281490742882e-01 9.019964539385559865e-01 9.033906822571188266e-01 9.037798031869467286e-01 9.008274245963534543e-01 8.970033970491452235e-01 8.998432430543037430e-01 8.876526753033346928e-01 8.895668376560675883e-01 8.943812740562616659e-01 8.976442095678772715e-01 9.011305858443466876e-01 8.961451087621445932e-01 8.989632576977404366e-01 8.955247410569971978e-01 9.007823201568198046e-01 8.952871890278325528e-01 8.965492044362824986e-01 8.968525159414547643e-01 9.004376754452301235e-01 8.990646202376568752e-01 9.013003091322226989e-01 8.983057012236898009e-01 9.000234511396081327e-01 8.962727558997098942e-01 8.981837042686361405e-01 8.981286632986867913e-01
4.510509050424965638e-02 1.253668811964332996e-01 4.324623291101991063e-01 6.111947611676662451e-01 4.836530501826987183e-01 5.698591400940136165e-01 7.742376798523766812e-01 7.469204193771307176e-01 8.045948010176217080e-01 7.286847620741847553e-01 8.612582912264544754e-01 1.000000000000000000e+00 8.150228126833044540e-01 8.158404133340203535e-01 9.057774577066732835e-01 8.971676792980470827e-01 7.883438470996115832e-01 5.932507088205788426e-01 6.468094686525842629e-01 6.265195669543115464e-01 6.207464386217005359e-01 6.960522340184727152e-01 6.174331757492109718e-01 6.376168325916820034e-01 6.757252941146139058e-01 7.941288959235635048e-01 8.089134164470428434e-01 7.757114360443108092e-01 6.825286198525272185e-01 7.417114501368518020e-01 8.344452766171246427e-01 8.110408956953274462e-01 7.608155000524559064e-01 8.281175879243445337e-01 7.726243332328550650e-01 8.661827606161489612e-01 8.565548322411672411e-01 8.501852637157857329e-01 8.779474596865293190e-01 8.656710219521687177e-01 9.060211852062631799e-01 9.037511042073130829e-01 9.140110912367352958e-01 9.162824434628042969e-01 9.033989329016754999e-01 8.878582266821641866e-01 9.166644772661504126e-01 9.136617108598878989e-01 9.100676069166785398e-01 8.670290269341885958e-01 9.016920271872840287e-01 9.058609714480811981e-01 9.210944607967632702e-01 8.966037471930530245e-01 8.889144384642410079e-01 8.765225129319812458e-01 8.837281198568696094e-01 9.196132340889444645e-01 9.010702268246539859e-01 9.225949493667597867e-01 9.272004159643459920e-01 9.188043545179380711e-01 9.067490011635500613e-01 9.144555633428943509e-01 9.073016794356252301e-01 9.168328054001836369e-01 9.135926153118361093e-01 8.926831838875829428e-01 8.899908958819638949e-01 9.041079721589079243e-01 8.940356046868254136e-01 9.024584808037126038e-01 8.814901196478029943e-01 8.900556219573562133e-01 9.108874341931186835e-01 9.053174739856674202e-01 8.907954081056084217e-01 8.672723117784884028e-01 8.989535533088449659e-01 8.857292793105920881e-01 9.016939341915186645e-01 9.074017936356809644e-01 9.052188514393397778e-01 8.899954362271265129e-01 9.102683702315734759e-01 9.081083266135746568e-01 9.138497285817925864e-01 9.068141407057097592e-01 9.146050953495039604e-01 9.134096482596093525e-01 9.104504984710793947e-01 9.208183353138021943e-01 9.230857147786566408e-01 9.179550333110875204e-01 9.209006725748913880e-01 9.185894503084970353e-01 9.079763101144650017e-01 9.090654182580469866e-01 9.227152686491815192e-01 9.194595130308997888e-01 9.275672672948107600e-01 9.180974042870024832e-01 9.287916977840027233e-01 9.257431280445965749e-01 9.304551830939293833e-01 9.122187445353665547e-01 9.137993550905221252e-01 9.109039935628637785e-01 9.121473119663008333e-01 9.205488968811581518e-01 9.196021434922535542e-01 9.254340024728839875e-01 9.259237625701232099e-01 9.213295670869133813e-01 9.175959338014207933e-01 9.251309026599946472e-01
1.006142283889261899e-02 1.116584203363107652e-01 3.475560425799297803e-01 5.303007697721096037e-01 4.873765011627327892e-01 5.021696847144611064e-01 6.948659770034746330e-01 7.033932814416135049e-01 7.266809834252317968e-01 6.697184680997755324e-01 7.631594600925866168e-01 8.150228126833044540e-01 1.000000000000000000e+00 7.454106219529168520e-01 8.351918253340340215e-01 8.338066376009241054e-01 7.132882841436197774e-01 5.036678513604972984e-01 5.603973367273178408e-01 5.436924699978428199e-01 5.180014015367085944e-01 6.019399535010061530e-01 5.302658030156642832e-01 5.535031371498462249e-01 5.867217628890868397e-01 7.110897558688996645e-01 7.161856291534287600e-01 6.857221798138017910e-01 5.971659242373419385e-01 6.664537518520325943e-01 7.436270951684383901e-01 7.190605169457432444e-01 6.716594112787326321e-01 7.409069147682163514e-01 6.962575474565705358e-01 7.668923882283377180e-01 7.660141193694722794e-01 7.658710749451880240e-01 7.914381544717581374e-01 7.616240393903449535e-01 8.246859298479204403e-01 8.221465345462798391e-01 8.189717600148284093e-01 8.422630812647257104e-01 8.174621544781914828e-01 8.094854015704004979e-01 8.376824771816570037e-01 8.397199417711757041e-01 8.324519623429184056e-01 7.801283008124806351e-01 8.108338407714926754e-01 8.057802436732687257e-01 8.339557926712056757e-01 8.145400769792244811e-01 7.988300602531209771e-01 7.785458245842985514e-01 7.857547897120406022e-01 8.405667643254068899e-01 8.152306744303716712e-01 8.452484629193381949e-01 8.403619401814970136e-01 8.336433287830209427e-01 8.180732367422948181e-01 8.308542273377013121e-01 8.215143498950320256e-01 8.289545110140407180e-01 8.385793158479191156e-01 8.074608130415420471e-01 8.094096927901437422e-01 8.153448514189657326e-01 8.056122688042360869e-01 8.179185542280577037e-01 7.982959211939212318e-01 8.048810283334261184e-01 8.336998456039915739e-01 8.272171884357277793e-01 8.133902064603329984e-01 7.856271473279615725e-01 8.198110389994912595e-01 8.081779935756591149e-01 8.236194833636558688e-01 8.295607852012809591e-01 8.189808848531716645e-01 8.103411653514246415e-01 8.297963789006767010e-01 8.286048283033297102e-01 8.333069512572072179e-01 8.293569118066912438e-01 8.363734538831103515e-01 8.307974679399539042e-01 8.261705659760325560e-01 8.436322412666289461e-01 8.436700267349307447e-01 8.429378158790986619e-01 8.473954211174401507e-01 8.439713923843815691e-01 8.341382204772648246e-01 8.330868587848815343e-01 8.484119674575592018e-01 8.443516686244159075e-01 8.494511000937181588e-01 8.454339649033222326e-01 8.514555416873546001e-01 8.549045079659571833e-01 8.488836404320619922e-01 8.314588076129840744e-01 8.387109888749636477e-01 8.375574799709046836e-01 8.331893501882213782e-01 8.462136183166556469e-01 8.429716130256851292e-01 8.500393373493324578e-01 8.476672744549108574e-01 8.483343454245125814e-01 8.374361016386202561e-01 8.447784232017464534e-01
