1.000000000000000000e+00 1.754809214751564539e-01 1.429378580819282707e-01 7.950025624452126960e-02 6.311804122255300353e-02 3.664047178166298518e-02 1.852763467673459313e-02 2.834373919748760500e-03 2.440581983887307460e-01 8.885759467919621124e-02 5.781913650165944329e-02 6.494408748443171453e-02 7.635213896464920769e-02 -1.852178962713602311e-03 1.834775773239089719e-02 4.656782863396165262e-02 1.419105014961272448e-01 7.696943147758698867e-02 4.591101400121919140e-02 1.138125798745638767e-01 1.280048334696143320e-01 9.211845372505382545e-02 6.330696680980830993e-02 5.225749736976890297e-02 5.410489943229350451e-02 7.111742933333241312e-02 5.630311044799274356e-02 1.556412751452957745e-02 8.576679001348082310e-02 6.148627178297341039e-02 4.498347466335097383e-02 3.740720810226953741e-02 1.112208859677998006e-02 2.819463777018730438e-02 2.395917683670015230e-02 1.021717795933173127e-02 1.614598848246842633e-02 1.627698246242132232e-02 4.140947880905697202e-03 -5.709287039835708732e-02 -3.641198822974120713e-03 -1.405316668692140059e-02 -1.239085371486347339e-03 1.824996476551782321e-02 8.408354479351931240e-03 5.883804110919409365e-03 1.022408314979923391e-02 3.089671642987988978e-02 5.371616690229498448e-02 4.081616534840197541e-02 1.739769562091208338e-02 5.785057992916614600e-02 5.438239326506064120e-02 5.809153231547032475e-02 5.531613738424560195e-02 3.595827240433938782e-02 8.750622194442768398e-02 1.166026871827683699e-02 3.056468018172188092e-02 7.429745423054504028e-02 3.237781065863878233e-02 5.645228841441918971e-02 4.943660186967549497e-02 6.746331028658963946e-02 1.150346661112023328e-01 9.148361442194358206e-02 4.257623389263198721e-02 2.709236686355863746e-02 1.946412026798843495e-02 4.153524445536922738e-02 3.323179031075999823e-02 3.793536377530488946e-02 2.076704233353734649e-02 1.554555306832074851e-02 2.667596301629699546e-02 2.031300386776739228e-02 1.218030684231925093e-02 2.683679095286698596e-02 1.268038690857041517e-02 3.338697818442182969e-02 1.184618357203604672e-02 1.816102294228695915e-02 2.620694867101333592e-02 1.326555988404271719e-02 8.695343232589631058e-03 1.501176113159988570e-02 -5.914016996458714391e-03 -6.559452071618923803e-03 7.771257853202161864e-03 7.300394829138231144e-03 -2.533266855884106980e-02 -1.194399178272055086e-02 -3.997124032363717945e-03 -5.786930024702902943e-03 9.677625466060754689e-03 1.428101599358429057e-02 1.432384418673205047e-02 6.723790687254362075e-02 1.917242885939312441e-02 7.740396219416335877e-03 -1.105433978355075623e-03 2.440448429494149196e-02 2.479804116722639229e-02 1.015150436031688093e-02 2.671729770984419480e-02 4.889029685191609992e-02 4.701015929435090057e-02 1.419173512539280597e-02 2.018873145211424677e-02 1.717334973685868960e-02 -2.212341604793651405e-03 5.006540936833347999e-02 2.313378530705791775e-02 4.930488155865107164e-02 6.349156287765117535e-02 5.492890681230357119e-02
1.754809214751564539e-01 1.000000000000000000e+00 1.212592935185503595e-01 9.114816676872974921e-02 1.174464293453069824e-01 6.184167435603137031e-02 1.493541241790648233e-01 1.164564831189896510e-01 1.939864210398114241e-01 2.249499010224437767e-01 1.415618741429330307e-01 1.469907297711266214e-01 1.149987848830522214e-01 1.128508911742489157e-01 1.361799059734197792e-01 1.332792414097643541e-01 1.536979045577972214e-01 1.465549955433034512e-01 1.414003359620119860e-01 1.673953981668924729e-01 1.500595140719677145e-01 1.220966202427305608e-01 1.727225967246387162e-01 1.447102295738478539e-01 1.446418886556169736e-01 1.669756957404167352e-01 1.540403314076782826e-01 1.727065054100149766e-01 1.875804695540264633e-01 1.641953959924070117e-01 1.536748511711499288e-01 1.605750560978649599e-01 1.607390337761974153e-01 1.212206002588492870e-01 1.464328327044456535e-01 1.076931021529707461e-01 1.442486815771217012e-01 1.546498967325686813e-01 1.227043732485001010e-01 1.398783306426094053e-01 1.359950705336871457e-01 1.342397496875654961e-01 1.090929899985948054e-01 1.250444453667613753e-01 1.419695765477773375e-01 1.383347706820272083e-01 1.347569842035705734e-01 1.449213826142333184e-01 1.284591948655424698e-01 9.208601584014496078e-02 1.206896467931647954e-01 8.943386436953669472e-02 1.281079412256998507e-01 1.613618885281772886e-01 1.601639993545898588e-01 1.600999628695822241e-01 1.410537708673969548e-01 1.382159150431219730e-01 1.382652836061396273e-01 1.399496560048548444e-01 1.159271577774389078e-01 1.536176041909731727e-01 1.377075353624530596e-01 1.152419191834598011e-01 1.396228680931741184e-01 1.398625453656728024e-01 1.406714584896965603e-01 1.391591215298751960e-01 1.471094372520090343e-01 1.430625362417356217e-01 1.295685373387707728e-01 1.370158800014575351e-01 1.363084239070838644e-01 1.327430197255185795e-01 1.434025594642735491e-01 1.447377057552475532e-01 1.428142176894479920e-01 1.500939600962543363e-01 1.438408357958839423e-01 1.417204268336426376e-01 1.359672708085853665e-01 1.370086385717481647e-01 1.433212070431109653e-01 1.389920290836530736e-01 1.195460909365043400e-01 1.240584721805522012e-01 1.264211847261318689e-01 1.391569252473610629e-01 1.294810476783311015e-01 1.487228721227234485e-01 1.353310244869737333e-01 1.242060698578708045e-01 1.259365687719050664e-01 1.280511584517078916e-01 1.296047371435801177e-01 1.386059992158191201e-01 1.031415199337333832e-01 1.146503405490189309e-01 1.164294199418117320e-01 1.199884997043052237e-01 1.130202536960853987e-01 1.193945801801614970e-01 1.247101895046410780e-01 1.140722503390986797e-01 1.145245041099637179e-01 1.388292176767823016e-01 1.332252679768428649e-01 1.423952982676890688e-01 1.459903650616286852e-01 1.328629200218604811e-01 1.297324957326912442e-01 1.370385191635512812e-01 1.371251400738311421e-01 1.249883149019463402e-01 1.345392870914098038e-01 1.386288372300584493e-01
1.429378580819282707e-01 1.212592935185503595e-01 1.000000000000000000e+00 3.231977586308576456e-01 1.155484937932503148e-01 1.637551702020513256e-01 2.442936644403768676e-01 2.232980676300836687e-01 2.917626771354433490e-01 2.626920996988867385e-01 3.018872316022625513e-01 3.137606416195196091e-01 2.530616116513807468e-01 2.249980189770431904e-01 2.924332330597876339e-01 3.067898068272043033e-01 3.065953729180139198e-01 3.283589750337492230e-01 3.378717138276489673e-01 3.100613437056446986e-01 3.393034196711897654e-01 3.478282130051641441e-01 3.658338740645843967e-01 3.487565283716875797e-01 3.338294059387829638e-01 3.201979498876287300e-01 3.184987785610908229e-01 3.310295493582750548e-01 3.307820114355626839e-01 3.214369540160561534e-01 3.230105377800300825e-01 3.364828400018973764e-01 3.330168735329624430e-01 3.247627523250317672e-01 3.170419672141386869e-01 3.213435877872442004e-01 3.179296443908641301e-01 3.164879995044598826e-01 3.161196107615074635e-01 3.359231895832445192e-01 3.173233080378899396e-01 3.228213468490091498e-01 3.166397700735253395e-01 3.120574546923309267e-01 3.285309211323425016e-01 3.099805045507928458e-01 2.945975879380295925e-01 3.038843912904681810e-01 2.892470921196629297e-01 2.991054046648411457e-01 3.031651842283684117e-01 3.098860464445244989e-01 3.060785698961087098e-01 3.083138796281567062e-01 3.010718717232644948e-01 3.092403061403026787e-01 3.072293696905400440e-01 3.044928610871425745e-01 2.950300869587831887e-01 2.912677637702633104e-01 2.988901257996562921e-01 3.018616867447957985e-01 3.020995284829438576e-01 2.885004088052263160e-01 3.061152936225178256e-01 2.955658262276921744e-01 3.021239175128032084e-01 3.167567489059256447e-01 3.303289718903207328e-01 3.125260676661796300e-01 3.237609301892561131e-01 3.209390848205215807e-01 3.228399962252492816e-01 3.165960633701466187e-01 3.099314041472429060e-01 3.173639119317091528e-01 3.223128883334526185e-01 3.067424321288995670e-01 3.121748923110656548e-01 3.065629990996463494e-01 3.004504798876286853e-01 3.005693680432927617e-01 3.182727189835798387e-01 3.132560407705798911e-01 3.123919419551994814e-01 3.153540155970748216e-01 3.084477181019424363e-01 3.059112555948284018e-01 3.073315167479325205e-01 3.008076169049889725e-01 3.205358509304535586e-01 3.045464709549738913e-01 3.051238556581947203e-01 3.025757017756284806e-01 2.949478604844229523e-01 2.950734383199070665e-01 3.047695590898395479e-01 2.880752530521443200e-01 2.879832689068415053e-01 2.996587341690211126e-01 3.053025805052515529e-01 2.956190156458139429e-01 2.987997282507874885e-01 2.968329215972847490e-01 3.025211242825148195e-01 2.934322804788251360e-01 2.925730608760918061e-01 2.957984093028824812e-01 2.972002327011319944e-01 2.921743834897557734e-01 2.927183937908826028e-01 2.937172813753653466e-01 2.942585331711721208e-01 2.953453607672897330e-01 2.997086684934449630e-01 2.957465991129353822e-01
7.950025624452126960e-02 9.114816676872974921e-02 3.231977586308576456e-01 1.000000000000000000e+00 2.367151396179297818e-01 2.521957914627953601e-01 4.038501442316975720e-01 4.149351477601649907e-01 4.495538709975511193e-01 3.839204338456035370e-01 4.449557268672008625e-01 5.118149103492707352e-01 4.293568052344804986e-01 3.420936851696276260e-01 5.068266513461293643e-01 5.105172183890331894e-01 4.803851177314135135e-01 3.919065894441710607e-01 4.199080872783013674e-01 3.648797743719935927e-01 4.402443253748329344e-01 4.785561546416460255e-01 4.650189104266662654e-01 4.344307677750351981e-01 4.440382999838857758e-01 4.838009718885912247e-01 4.964854991005379081e-01 4.964003839692834319e-01 4.957345865226679416e-01 5.060514300161579326e-01 5.168121208852269888e-01 4.975720034151587257e-01 4.868069387174409068e-01 5.043130141179823500e-01 4.928487304098060351e-01 5.169809925174763121e-01 5.130874414978455755e-01 5.044164719026489330e-01 5.130676877263595781e-01 4.790986094921431127e-01 5.107757208711894981e-01 5.087613084433427746e-01 5.110484643888757450e-01 5.199209712685674001e-01 5.128306063550953642e-01 5.103727319002564489e-01 5.068387511198348960e-01 5.146518602950655996e-01 5.108677612308749616e-01 5.057398291369359367e-01 5.086480179256395173e-01 5.178848665769842929e-01 5.147148083733479318e-01 5.105134963158506345e-01 4.955928773558472833e-01 4.990792501456774999e-01 5.132915489120628560e-01 5.029213790110214077e-01 4.978769471655317136e-01 5.160308741762126283e-01 5.154517540027914180e-01 5.045204196275322461e-01 5.042536780395285856e-01 5.162915262916123460e-01 5.166961059813131030e-01 5.201940956041153363e-01 5.125533481848835171e-01 4.959770560092252034e-01 5.135334971990266340e-01 4.889460073072801061e-01 5.078969548240122034e-01 5.118994077905378859e-01 4.981986942788838579e-01 4.947884492432205739e-01 5.113459523330203815e-01 5.185341432992357502e-01 5.173585214501404961e-01 5.134368170911368656e-01 5.117178932119410550e-01 5.106382982708902452e-01 5.102553069999933300e-01 5.068516574152969190e-01 5.203904454292983539e-01 5.105278952152703109e-01 5.199015566400435606e-01 5.203550362084711223e-01 5.128266579551888915e-01 5.143317364893948973e-01 5.188361806763984729e-01 5.060469505764810805e-01 5.125664397965092878e-01 5.144035607755460537e-01 5.174565970465730969e-01 5.119681837091859533e-01 5.114357887412190884e-01 5.076645995646592580e-01 5.182906701880083400e-01 5.180128996681325759e-01 5.113225050258507487e-01 5.188083200270191542e-01 5.191989750037404594e-01 5.151962268297177738e-01 5.163671217564240745e-01 5.200919958127950826e-01 5.241323175409158264e-01 5.052026890114391655e-01 5.158030589012109202e-01 5.085560555763245505e-01 5.049787565754489949e-01 5.061465352682499308e-01 5.053007455940683457e-01 5.174548029460446230e-01 5.076409180329634063e-01 5.181501957832379546e-01 5.219302550062056012e-01 5.157891455746064224e-01
6.311804122255300353e-02 1.174464293453069824e-01 1.155484937932503148e-01 2.367151396179297818e-01 1.000000000000000000e+00 2.025342999546080047e-01 3.569258054234929478e-01 3.318087325292455314e-01 3.739352765937883349e-01 3.434155685754108900e-01 3.531371137923041692e-01 4.013791443635993383e-01 4.203155654416432796e-01 2.771793555146845889e-01 4.067319988896069272e-01 4.140237703564629834e-01 3.668453425148007208e-01 3.434125780661789196e-01 3.258087062024934699e-01 3.344174223595220985e-01 3.527787568226169457e-01 3.628514207118065382e-01 3.601211417330454911e-01 3.503917000651978753e-01 3.453756845903800943e-01 3.959181859565897299e-01 3.945616378723065809e-01 3.940872287180505196e-01 3.901158167721360259e-01 4.094148855896121431e-01 4.174356961280019651e-01 4.014792893805209650e-01 3.973823072592525540e-01 3.948269719324488114e-01 4.073372553106069938e-01 4.035766785593825068e-01 4.098431153495527557e-01 4.080225645616600283e-01 4.115242201394900823e-01 3.749133054973518564e-01 4.130733970586102921e-01 4.115592979682647923e-01 4.201013693043129105e-01 4.252308094523777338e-01 4.139069553690061798e-01 4.122792960056545497e-01 4.095845161246083332e-01 4.094569719624270299e-01 4.093075248920866605e-01 4.031232636930219271e-01 4.095210039411334990e-01 3.946564854533273214e-01 4.092955814690695249e-01 4.146054195383502283e-01 4.011174968242396943e-01 3.978769519447554748e-01 4.082943159103856190e-01 4.121397046477053849e-01 4.020591934957315483e-01 4.322981472005950065e-01 4.188067836318018489e-01 4.138447646959708681e-01 4.013736619889083923e-01 4.232944270251674523e-01 4.192665551873483998e-01 4.206096596836381152e-01 4.160556707608230598e-01 4.103575539699156338e-01 4.131056892554815230e-01 4.173077195321114874e-01 4.058550901378340514e-01 4.091917073731886623e-01 4.061739982055383447e-01 4.038368059262614773e-01 4.165697349475692701e-01 4.146117369229716521e-01 4.107965475158657509e-01 4.129477267004361130e-01 4.129185705035010590e-01 4.158314509479602572e-01 4.143035258343195082e-01 4.168962397010240739e-01 4.101684732875625627e-01 4.158475264759025070e-01 4.131556688394081300e-01 4.110227144892982243e-01 4.112359508162782840e-01 4.112288669710501554e-01 4.182941725015593137e-01 4.116733938568374884e-01 4.071687586713225171e-01 4.145307576156208595e-01 4.135128541458857332e-01 4.152858960163479107e-01 4.133713446703201622e-01 4.142475885067927743e-01 4.067963680431621043e-01 4.101751722139926892e-01 4.059756076832909955e-01 4.157596771863170670e-01 4.214626273914708898e-01 4.124533707584466802e-01 4.196382323515499002e-01 4.275635363014900769e-01 4.201044595512840596e-01 4.037318664379050959e-01 4.115369263111937626e-01 4.164544759388246198e-01 4.139059154759809345e-01 4.148603494723734908e-01 4.004139824751397625e-01 4.229750022283616517e-01 4.109099196941791154e-01 4.190553816237169715e-01 4.174996133602721926e-01 4.165902845000713506e-01
3.664047178166298518e-02 6.184167435603137031e-02 1.637551702020513256e-01 2.521957914627953601e-01 2.025342999546080047e-01 1.000000000000000000e+00 3.609723241087832157e-01 3.408339943556137341e-01 3.846190544289675439e-01 3.353436864731911826e-01 3.908122721824313084e-01 4.223785895606465557e-01 4.077672101169941277e-01 3.327951654073528220e-01 4.378241042065361688e-01 4.268359596253933352e-01 3.999836774346006152e-01 4.113628856957410318e-01 4.105715384542330537e-01 3.832600244883760388e-01 4.095872059327115844e-01 4.294322742764862255e-01 4.070406524318491148e-01 4.101660358790960026e-01 4.267217008313504145e-01 4.340889354805363420e-01 4.329278041362785157e-01 4.462661077602257942e-01 4.482478201464252798e-01 4.524327448040310062e-01 4.580144398547413287e-01 4.384032155515260043e-01 4.249560774832969456e-01 4.330598654712595197e-01 4.326330120728363315e-01 4.487319975370709368e-01 4.491370843890566955e-01 4.464660527803185897e-01 4.554151290970404609e-01 4.373403645376616744e-01 4.599379470048833296e-01 4.595646546916489217e-01 4.607385831226048500e-01 4.635635572817080607e-01 4.585355907202428583e-01 4.554894654080166028e-01 4.520417503147562410e-01 4.573426194125432831e-01 4.432104179803436073e-01 4.366341362672889193e-01 4.481185936914125478e-01 4.536972887018321798e-01 4.564983516165353472e-01 4.562315890777944305e-01 4.453977014601282480e-01 4.511053718396200729e-01 4.491308071521414313e-01 4.533718813484765575e-01 4.468458086319523348e-01 4.557630108438806005e-01 4.545010833506546444e-01 4.534397800673152790e-01 4.520703479578715989e-01 4.509981861279361848e-01 4.508283134247875745e-01 4.550954623801244936e-01 4.563008906807803355e-01 4.618131038051123682e-01 4.580406570577601477e-01 4.594353536795798276e-01 4.649045656494777967e-01 4.635130044049340370e-01 4.560191379710265558e-01 4.590171471439393192e-01 4.612793794885214349e-01 4.648370722654011633e-01 4.653267456656765555e-01 4.616034663073887989e-01 4.618139557534448048e-01 4.592336413052233168e-01 4.560179609316281080e-01 4.587439225327267778e-01 4.597732715671604131e-01 4.537268973489195223e-01 4.578365169502863208e-01 4.581682070469746959e-01 4.618875062592939229e-01 4.546964402741523470e-01 4.603373039025757119e-01 4.568397137635949457e-01 4.632004370566419338e-01 4.632983141928156967e-01 4.637224748931386142e-01 4.612624695088025639e-01 4.569020955931142325e-01 4.576073292432972228e-01 4.572054887557825964e-01 4.465941409678724772e-01 4.505819576117195413e-01 4.553269136351210666e-01 4.641083528253184265e-01 4.576284661708465706e-01 4.606427108186986752e-01 4.621139438234868613e-01 4.632386007396965266e-01 4.496655206542459760e-01 4.513134951900581449e-01 4.587659607415735530e-01 4.589534854285937659e-01 4.574866419817999463e-01 4.542433652953998813e-01 4.558311877376992616e-01 4.557917965575091213e-01 4.577318581196106462e-01 4.608864015249162227e-01 4.591830432913491800e-01
1.852763467673459313e-02 1.493541241790648233e-01 2.442936644403768676e-01 4.038501442316975720e-01 3.569258054234929478e-01 3.609723241087832157e-01 1.000000000000000000e+00 5.746107977694859814e-01 5.832957648220057356e-01 5.630990264412885082e-01 6.035794087054966450e-01 6.663943879209026644e-01 6.245625955781716199e-01 4.664846217971107545e-01 7.273028660986639027e-01 6.964296550527739882e-01 6.072503613227390185e-01 5.844046722900211321e-01 6.120349546917881467e-01 5.513226136880137185e-01 6.029830233648243443e-01 6.388930472979825748e-01 6.330854821961353629e-01 6.262569131161371816e-01 6.266397291606418118e-01 6.773686690289506540e-01 6.733602745403088896e-01 6.956374784939014511e-01 6.848911230351613089e-01 6.980423650166559524e-01 7.164025829894397068e-01 6.854093796373145198e-01 6.604455891945086865e-01 6.868930202417354858e-01 6.834980659145477588e-01 6.769304883728717304e-01 7.107463969254500524e-01 7.116881139070995177e-01 7.113093952856174296e-01 6.743496137215567732e-01 7.169608366519982789e-01 7.180839557046522215e-01 7.065894910542542817e-01 7.180883545087695108e-01 7.117985697377388066e-01 7.177563156241035802e-01 7.056251098265270416e-01 7.097895225571901889e-01 7.031153729658130569e-01 6.867669209023619104e-01 7.056247664206026782e-01 6.624534792594966026e-01 6.921570528581163506e-01 7.123445385908250271e-01 7.037979941567317210e-01 7.002777698581671428e-01 7.002765527944669888e-01 7.130596171460872323e-01 7.130499678516314388e-01 7.028301942471975039e-01 7.097048965524619391e-01 7.092934832373074538e-01 7.071287826730995318e-01 6.993189971043769493e-01 6.872576254430968756e-01 6.942765670390729227e-01 7.134284642275405819e-01 7.129327521376257470e-01 7.152205233643894600e-01 7.068784673319653544e-01 7.119122117728201582e-01 7.143161753336400022e-01 7.060014639834057970e-01 7.054662540004628113e-01 7.186102293960078269e-01 7.201390666398300722e-01 7.230583968618123913e-01 7.144441679302041548e-01 7.206238028521542160e-01 7.131582072689041096e-01 7.179220712077415412e-01 7.172070087803019689e-01 7.108981525164975723e-01 7.144113904103899237e-01 7.098342454727890605e-01 7.150329315493637594e-01 7.156112220173158622e-01 7.219663819855602904e-01 7.231952455255620249e-01 7.103651210722918830e-01 7.159272141672842205e-01 7.231479696628302367e-01 7.164683555581181640e-01 7.228802159985867615e-01 7.144108045425262565e-01 7.135001935099501980e-01 7.096730509187206826e-01 7.034401657770243954e-01 7.132312231812362180e-01 7.185910479139665519e-01 7.196068822414763977e-01 7.181766476194328952e-01 7.098464380580785660e-01 7.197271979478355730e-01 7.088015791116228925e-01 7.026894956311406926e-01 7.125991709132790675e-01 7.142791832069257385e-01 7.161621628608924039e-01 7.168254282985642156e-01 7.153475458157099176e-01 7.108618159070996256e-01 7.118057298120824550e-01 7.112536866213136078e-01 7.067844296160198381e-01 7.017277214902269966e-01
2.834373919748760500e-03 1.164564831189896510e-01 2.232980676300836687e-01 4.149351477601649907e-01 3.318087325292455314e-01 3.408339943556137341e-01 5.746107977694859814e-01 1.000000000000000000e+00 5.602873822937807224e-01 5.109849302323236087e-01 5.791017338332397069e-01 6.499632110463909873e-01 5.866468129696817968e-01 4.802556634117141066e-01 6.704187769744949232e-01 6.802822238345329620e-01 5.863964759719476616e-01 5.375312633871821566e-01 5.682582919023737578e-01 5.149962234389884319e-01 5.555214266305055215e-01 6.088841385178710430e-01 5.999491032522612510e-01 5.914812483511305841e-01 5.906416713598809931e-01 6.380751586179962409e-01 6.419491106863199903e-01 6.539065683702801612e-01 6.462363390439364030e-01 6.653025514585160227e-01 6.799291637685154210e-01 6.539376382348148775e-01 6.298115285900065530e-01 6.609896888315770491e-01 6.564564063863934651e-01 6.576839285598820029e-01 6.692539028627791931e-01 6.863520607126298856e-01 6.814297915484144319e-01 6.399113097834238095e-01 6.807065439653677830e-01 6.805932906672786942e-01 6.822649883131809423e-01 6.933969836583014912e-01 6.785663731203235294e-01 6.842219302234009426e-01 6.876481026126167739e-01 6.872105655490199361e-01 6.890707979780913428e-01 6.716723032229161561e-01 6.854273071409652252e-01 6.514622995363806846e-01 6.762819310432182096e-01 6.896049467407551203e-01 6.807777363766492895e-01 6.823898016840895808e-01 6.818509579827538580e-01 6.858531168918422516e-01 6.837523049082282478e-01 6.847670192810699774e-01 6.916595935255335226e-01 6.833712061108454527e-01 6.897192901282304112e-01 6.806888180331631677e-01 6.687631785233131287e-01 6.816628306782400726e-01 6.858470062700473546e-01 6.826195749456626105e-01 6.816373849922706674e-01 6.751777005299887113e-01 6.798452637941410082e-01 6.838544117808333933e-01 6.787365637202259494e-01 6.734668137526835796e-01 6.892469516305546051e-01 6.840263511241441163e-01 6.921293760878894918e-01 6.866175453845015930e-01 6.921301649035019876e-01 6.848508534652547608e-01 6.843992219211644246e-01 6.880434449406026554e-01 6.859815003141643830e-01 6.807761227206288179e-01 6.867400024339614939e-01 6.873030791052422428e-01 6.847065672726510011e-01 6.960769458349541638e-01 6.913766001983840948e-01 6.869207353497623902e-01 6.838383980133807549e-01 6.952881881368325745e-01 6.870983896114709610e-01 6.937611489898359851e-01 6.929224827514737228e-01 6.889807477756166865e-01 6.915463116479528827e-01 6.865342285606197414e-01 6.928191556323206601e-01 6.945057291550655876e-01 6.951701748475703768e-01 6.939952744494481962e-01 6.913188338220844775e-01 6.952609898198865990e-01 6.895454993380032427e-01 6.851933831417778009e-01 6.906823975745551847e-01 6.905669473273290393e-01 6.917175034373674869e-01 6.912791579918543539e-01 6.901416201338076428e-01 6.888195824599259165e-01 6.896335697399635922e-01 6.891894215938793034e-01 6.842368201078061762e-01 6.859056552565020448e-01
2.440581983887307460e-01 1.939864210398114241e-01 2.917626771354433490e-01 4.495538709975511193e-01 3.739352765937883349e-01 3.846190544289675439e-01 5.832957648220057356e-01 5.602873822937807224e-01 1.000000000000000000e+00 6.801648867005726240e-01 6.816339937286035600e-01 7.580719078891624552e-01 6.821328423861741097e-01 5.332070837907377792e-01 7.479782968301169621e-01 7.455635936101919770e-01 7.405672696119083298e-01 6.610732805435406423e-01 6.651093386392130657e-01 6.416096080756757969e-01 6.951057678994608802e-01 7.247686686002658973e-01 6.877161535999856135e-01 6.800509322713118587e-01 7.053004554554507255e-01 7.648874257327024084e-01 7.712396767351918925e-01 7.510920616374494596e-01 7.838724836507754423e-01 7.858172227633856144e-01 7.995633910056548777e-01 7.615631863413674374e-01 7.219076597076107271e-01 7.516508730212534406e-01 7.569746772318947103e-01 7.357479544291202211e-01 7.668059898353932757e-01 7.775883278791032582e-01 7.700224861345410510e-01 6.817730231454869338e-01 7.758125122730942236e-01 7.564932724369430872e-01 7.629980066201436095e-01 7.883640962547594500e-01 7.719722366835144456e-01 7.762916776247335005e-01 7.944631400394339682e-01 8.083085652965618095e-01 8.104402440600871893e-01 7.684484527503738782e-01 7.864844427680049987e-01 7.585220258704065133e-01 7.811534072553107944e-01 8.158664790943487288e-01 7.996603126925670990e-01 7.861714036421364460e-01 8.117599469637082343e-01 7.911721742028930970e-01 7.977624138953586241e-01 8.232842752557594235e-01 7.971581420089528525e-01 8.071487230212823771e-01 8.018926611423331519e-01 8.129360448490997593e-01 8.266043577453493496e-01 8.192146514587194117e-01 8.091748023579931060e-01 7.942745294913641230e-01 7.849207788835464994e-01 7.962610519683628318e-01 7.910975991440223343e-01 7.998120257617806761e-01 7.815297771319954512e-01 7.805490897145084261e-01 8.018901416130211901e-01 8.000996594354392588e-01 7.869797058949193902e-01 8.025845244453868599e-01 7.934580143559695209e-01 8.034425685516144444e-01 7.969287265349045413e-01 8.019870385684759739e-01 7.886790262165295218e-01 7.918596620672628816e-01 7.791023664768744750e-01 7.872779183161413563e-01 7.807279212965380077e-01 7.835107061109992665e-01 7.920799595741622179e-01 7.813200716241599508e-01 7.624150049659450534e-01 7.818690612460293954e-01 7.853911453903716922e-01 7.860935889507603136e-01 7.949177884657794291e-01 7.995479750614814529e-01 7.751693346613748314e-01 8.116290828745117425e-01 7.926523633534688917e-01 7.895815714558701570e-01 7.797066078874235195e-01 7.937053747358892020e-01 7.971796577825576158e-01 7.934847300045916318e-01 7.948306610176846254e-01 7.981893084088022006e-01 8.124025185711892805e-01 7.994938327378292575e-01 7.988405364340811499e-01 7.988464197022969726e-01 7.789229622568532019e-01 8.169762497049424255e-01 7.975483776904690458e-01 8.104421797089338408e-01 8.169105036244405094e-01 8.129131844018120390e-01
8.885759467919621124e-02 2.249499010224437767e-01 2.626920996988867385e-01 3.839204338456035370e-01 3.434155685754108900e-01 3.353436864731911826e-01 5.630990264412885082e-01 5.109849302323236087e-01 6.801648867005726240e-01 1.000000000000000000e+00 6.440590355221563756e-01 7.002233044785214355e-01 6.397074879986226481e-01 5.122068720213426296e-01 7.044243583615538151e-01 7.001177295332778883e-01 6.439660742049422293e-01 6.286727672564066394e-01 6.381086194527084698e-01 6.145499227272760434e-01 6.368258196207546851e-01 6.567671976707163406e-01 6.716099987695816065e-01 6.539741779178951386e-01 6.789626625176219399e-01 7.248140291364149057e-01 7.236254378800152098e-01 7.292471979171453178e-01 7.479497543699225037e-01 7.366913100199150577e-01 7.470439675369456856e-01 7.311027173044271077e-01 7.066226037353828815e-01 7.121397504240242204e-01 7.251473961584714578e-01 6.931443351532524666e-01 7.344032707146831429e-01 7.460250419821770063e-01 7.284190745473042572e-01 7.024922041455325949e-01 7.465844995772258352e-01 7.348822703629834807e-01 7.193820017357062113e-01 7.395913433108649571e-01 7.365183719075308888e-01 7.385910932047545785e-01 7.490426667772541736e-01 7.574452880896799245e-01 7.344151502493651007e-01 7.035731915866971775e-01 7.396426928961549185e-01 6.797221956567793821e-01 7.188544686602932332e-01 7.552241254260204650e-01 7.486015152868528144e-01 7.483466570595544987e-01 7.342484369672895861e-01 7.478447909126940685e-01 7.485234456657079427e-01 7.422204982211599855e-01 7.349525515638869466e-01 7.478870320164554553e-01 7.354219369274805906e-01 7.283865720615824157e-01 7.384915240507929912e-01 7.351759268060511499e-01 7.549608336721266300e-01 7.507765195460546215e-01 7.491534671666362222e-01 7.515799392809946466e-01 7.443500496285847534e-01 7.512016165936331591e-01 7.431734634685203122e-01 7.454983063161616519e-01 7.575553618944969037e-01 7.528641473257819960e-01 7.477259116161112384e-01 7.589500381504546977e-01 7.559296613688138988e-01 7.538299368388671207e-01 7.502381808397978746e-01 7.535662794420001642e-01 7.501091598554056050e-01 7.515268043107267149e-01 7.411339272523640442e-01 7.460266110323106048e-01 7.458233885476021063e-01 7.515302316223348988e-01 7.508393407794422547e-01 7.524584300247946222e-01 7.430643571899455679e-01 7.461763541929652410e-01 7.479112164427649256e-01 7.476118063453653928e-01 7.484259085894208186e-01 7.547851620819003848e-01 7.262165589466581528e-01 7.356570842495691043e-01 7.405759312554890395e-01 7.466485846499989476e-01 7.364600927325586355e-01 7.412455930963079975e-01 7.432794497396039146e-01 7.433222930546186102e-01 7.391825831785391321e-01 7.405323375210172143e-01 7.507944495372705918e-01 7.548951549399536276e-01 7.557662613503136617e-01 7.531026387643243725e-01 7.452626755699049976e-01 7.533630674486921919e-01 7.509224619234795561e-01 7.445313208943127314e-01 7.473129672210226948e-01 7.477928336047221514e-01
5.781913650165944329e-02 1.415618741429330307e-01 3.018872316022625513e-01 4.449557268672008625e-01 3.531371137923041692e-01 3.908122721824313084e-01 6.035794087054966450e-01 5.791017338332397069e-01 6.816339937286035600e-01 6.440590355221563756e-01 1.000000000000000000e+00 7.747223643411128569e-01 6.824471623816975585e-01 5.586574010516562883e-01 7.665165556165185468e-01 7.610936685875904217e-01 6.978125028928026108e-01 7.099456637165404427e-01 7.211564070362965762e-01 6.607996781010218035e-01 7.064370966780720851e-01 7.470557991463936398e-01 7.581808356637950164e-01 7.439339646511683446e-01 7.557530465979408474e-01 7.904606773693148014e-01 7.974351895269212731e-01 8.068781476476409864e-01 8.067815134904259278e-01 8.145515156942112478e-01 8.138396014983636517e-01 8.072997741455303355e-01 7.844347730330220037e-01 8.015134123664149346e-01 7.943822060041507704e-01 7.929209974780990766e-01 8.089191244772587774e-01 8.109416990270005288e-01 8.128094554475294720e-01 7.875474610666088893e-01 8.209910798001032184e-01 8.203482738518401707e-01 8.087462444450755905e-01 8.154112519418845739e-01 8.202925374496501387e-01 8.164470058127845098e-01 8.172696795077053489e-01 8.229970872692576878e-01 8.089293375790402862e-01 7.950497279160478881e-01 8.191357419017984975e-01 7.838092618878839124e-01 7.931729355875510867e-01 8.162740376343947668e-01 8.071252500361025817e-01 8.153966597895672130e-01 8.030680389072667458e-01 8.173054897496145887e-01 8.126928048535919658e-01 8.029432479321507721e-01 8.137212424112686415e-01 8.091779039783842942e-01 8.101938336412208841e-01 8.021663566044708871e-01 7.978786188382751554e-01 8.036830526357472415e-01 8.206145236581955382e-01 8.258619558033069019e-01 8.309041220933591765e-01 8.214186348866439058e-01 8.258660226752174705e-01 8.274022118742283549e-01 8.234530326618725304e-01 8.251261173124930792e-01 8.272794953342755830e-01 8.289668521653331679e-01 8.291989158356464218e-01 8.284275938261275174e-01 8.294198588479412271e-01 8.247633099576953120e-01 8.249002016834757756e-01 8.279153339554474744e-01 8.291403642485878356e-01 8.242709882473289174e-01 8.242462597228443766e-01 8.282811493570848560e-01 8.290785210312002773e-01 8.279332978833385814e-01 8.271209930383293107e-01 8.242983185489201059e-01 8.288519339572911759e-01 8.280822791187379961e-01 8.270280867006544190e-01 8.278355113486717265e-01 8.215015240922062256e-01 8.232346094054011632e-01 8.169901091293357842e-01 8.090084226757277008e-01 8.165071482532166858e-01 8.262865375359979003e-01 8.244067773938666965e-01 8.194003092415597100e-01 8.184216115085403143e-01 8.219753771800337727e-01 8.230631729703798971e-01 8.079470011356703063e-01 8.189680590136786398e-01 8.242582054798831548e-01 8.237607366279836585e-01 8.199181633558226823e-01 8.179885730259739418e-01 8.166111570966174682e-01 8.179245285641195684e-01 8.163648608404058260e-01 8.169532108563982709e-01 8.158504944053923680e-01
6.494408748443171453e-02 1.469907297711266214e-01 3.137606416195196091e-01 5.118149103492707352e-01 4.013791443635993383e-01 4.223785895606465557e-01 6.663943879209026644e-01 6.499632110463909873e-01 7.580719078891624552e-01 7.002233044785214355e-01 7.747223643411128569e-01 1.000000000000000000e+00 7.522615320245522597e-01 6.007715563877134013e-01 8.490655186482560790e-01 8.372217492175783038e-01 7.751859145748472013e-01 7.230858583680976892e-01 7.547283091662385646e-01 6.742083585536281509e-01 7.479204382721070798e-01 7.981753261825182966e-01 7.821661213705179971e-01 7.578511673420851302e-01 7.810727590115905672e-01 8.411642901854309295e-01 8.574805200689208373e-01 8.548555974116552880e-01 8.592443142140896439e-01 8.730706179331069183e-01 8.823035734034014865e-01 8.541612877643584012e-01 8.334635680716128148e-01 8.509840130327224195e-01 8.565864896719017629e-01 8.535112429433879822e-01 8.776139028373647344e-01 8.796176973616258721e-01 8.821236525538593831e-01 8.241676141654999954e-01 8.867721567210747891e-01 8.792569423031523224e-01 8.750265899165435846e-01 8.901392889033521438e-01 8.827519642380676768e-01 8.820058725624686513e-01 8.934828916272062882e-01 8.983809742359388784e-01 8.888156254280028534e-01 8.583523851221143142e-01 8.864971793298163094e-01 8.456810726662584710e-01 8.708209137464281158e-01 8.971097157899118324e-01 8.837953279488843794e-01 8.797885408851732203e-01 8.896247861508381760e-01 8.921877862895183364e-01 8.900158192323203155e-01 8.970406737577412137e-01 8.948423879605155173e-01 8.955112548007810869e-01 8.917029612402704863e-01 8.905484134890383485e-01 8.834789532423987790e-01 8.923893710371405552e-01 8.997836020990599426e-01 8.888593212048491177e-01 8.913355904087765236e-01 8.851037735506634974e-01 8.911966496821853712e-01 8.970006587174094159e-01 8.799622207049183631e-01 8.811310672455663351e-01 9.000164820020584155e-01 8.993560578501644809e-01 8.937920593461941010e-01 8.984279591578366864e-01 8.951174366453650277e-01 8.954408469800511083e-01 8.966583966966084063e-01 9.012203174938844263e-01 8.965048875956351804e-01 8.933722486069449742e-01 8.891725241138126457e-01 8.927717301716870946e-01 8.955298360454931883e-01 8.965234700117987732e-01 8.995746714723859006e-01 8.899239303125722200e-01 8.866379159828798873e-01 8.971546166678626699e-01 8.973625284171066196e-01 8.979650050345335810e-01 8.992956246589182134e-01 8.993520181546961201e-01 8.870755522552716821e-01 8.893944863537692758e-01 8.954386991083007619e-01 8.967864705404974268e-01 8.959016307185435624e-01 8.980922931122915509e-01 8.943408464019658721e-01 9.002665171776793596e-01 8.963932438797799218e-01 8.914437462640746324e-01 8.996177953708667241e-01 8.993727969639535580e-01 8.971762275583012869e-01 8.993811499049205738e-01 8.932213868123315414e-01 9.023711099474579500e-01 8.988139565805259856e-01 9.007701359918727224e-01 8.965102291509323695e-01 8.969817864533777829e-01
7.635213896464920769e-02 1.149987848830522214e-01 2.530616116513807468e-01 4.293568052344804986e-01 4.203155654416432796e-01 4.077672101169941277e-01 6.245625955781716199e-01 5.866468129696817968e-01 6.821328423861741097e-01 6.397074879986226481e-01 6.824471623816975585e-01 7.522615320245522597e-01 1.000000000000000000e+00 5.301368515508931845e-01 7.748205174529205763e-01 7.685590907490926771e-01 6.764506407444280667e-01 6.480912105170123505e-01 6.522342031318383304e-01 6.181045469023371819e-01 6.505904398591708659e-01 7.134096379150322020e-01 6.860350422467943465e-01 6.783915799569791849e-01 6.908972279512547443e-01 7.470867671642378305e-01 7.553065629741139153e-01 7.516928703594176753e-01 7.584116957384084978e-01 7.773525639906454510e-01 8.042085384198679465e-01 7.672778150119616836e-01 7.411311454240190333e-01 7.601558128378521628e-01 7.649009478001499440e-01 7.652503028747532632e-01 7.812057165961805438e-01 7.920659201327612253e-01 7.941594089556254232e-01 7.332819811813886535e-01 8.016607864890890056e-01 7.944488081589990980e-01 7.972540986725334955e-01 8.139108503606642397e-01 7.978021516052341555e-01 7.909541433145790279e-01 8.058728383480953106e-01 8.114175633424035583e-01 8.003054348517664174e-01 7.803225711533511300e-01 8.030883903613487140e-01 7.618242146627578482e-01 7.949016747122424897e-01 8.094735373796443367e-01 7.920150343649768887e-01 7.902480485078114958e-01 8.036275190129127388e-01 8.068235352934050031e-01 8.009777597746190470e-01 8.226939687768375364e-01 8.121075602602572108e-01 8.122109416228068257e-01 8.008855598231549022e-01 8.128234913513050497e-01 8.006531717409803850e-01 8.099482073592405573e-01 8.108561764570384467e-01 8.024417489334708664e-01 8.019004137761173157e-01 8.020091134812479261e-01 8.013781206371848320e-01 8.072512343112521194e-01 7.908147045421942689e-01 7.944593785591288482e-01 8.084655840045753550e-01 8.066697929227626407e-01 8.013101532828585949e-01 8.055561418233306847e-01 8.083237501481030929e-01 8.019253336266990440e-01 8.048037556284214356e-01 8.114835138741551823e-01 8.010995963938993825e-01 8.015369588304308568e-01 8.057776205249796986e-01 8.023950537333449651e-01 8.026951888438356164e-01 8.063134439563557354e-01 8.107612002903289428e-01 8.003804587879199683e-01 7.955257474480700308e-01 8.125097751664267509e-01 8.094218670557181694e-01 8.117488652586862807e-01 8.119361710980430580e-01 8.134264344495578669e-01 8.024849011991143088e-01 8.019198118734891523e-01 8.027671690428885842e-01 8.099044555220451524e-01 8.125566752408780458e-01 8.078925403694288132e-01 8.115446945824739133e-01 8.197829626844157502e-01 8.087037174944399220e-01 8.006560043004972149e-01 8.126612632912452172e-01 8.103216138969658866e-01 8.089742211745623024e-01 8.124998910050329481e-01 7.987532600820849149e-01 8.193682258139378671e-01 8.111467742048057428e-01 8.161340993479979655e-01 8.074260337415863908e-01 8.123505919507195694e-01
