1.000000000000000000e+00 1.028582073284517034e-01 7.093280109886428153e-02 9.594451220130688351e-02 6.409570253253511762e-02 2.261507518351096174e-02 6.878107893533481898e-02 8.728587435094571634e-02 1.348872870564837290e-01 3.290429872865884703e-02 6.395233435584336129e-03 6.288607365672418958e-02 4.092261227857390410e-02 8.160957263543790891e-03 2.023073428402167792e-02 2.904225246170810334e-02 6.691214825828813162e-02 3.971902875678855194e-02 3.085090425584266841e-02 1.494029010512400446e-01 1.070676482122671219e-01 6.981508914650569331e-02 4.795695370702773158e-02 5.461005450362808183e-02 5.452062124981141289e-02 5.131473492503708239e-02 5.739041460134231692e-02 4.400010687908828544e-02 6.809352920957409405e-02 6.496742645294856233e-02 5.180055083955962397e-02 5.512453424702265514e-02 3.556247645217223974e-02 6.236867472554975811e-02 4.160832815611206770e-02 7.144410933216388537e-02 3.356362081216315157e-02 2.876257937117233585e-02 2.759398683922789988e-02 1.799532797425612562e-02 3.034670617242188687e-02 2.201139213481422691e-02 3.732610830768155752e-02 3.417805783495003052e-02 2.195792289828302560e-02 1.988287147665834462e-02 1.302305247095384734e-02 2.526124710672503562e-02 4.769000982827601570e-02 6.400545080410310894e-02 4.490179415892098930e-02 6.523721493239166558e-02 4.407460510157663880e-02 4.248464417455460190e-02 4.339940130192970064e-02 3.888810805387322989e-02 9.219808898119764839e-02 2.776143842740485396e-02 4.277893218002822018e-02 3.881099210475178612e-02 3.474993410039473735e-02 4.782160205920253648e-02 4.429755173376052901e-02 5.261056919628308987e-02 5.263058659568356501e-02 6.788403090714366372e-02 2.190397603948282187e-02 8.138782323144853545e-03 3.063847388947788658e-02 4.488105103815959868e-02 2.179976890054421967e-02 1.663871244771165242e-02 2.125750597018667698e-02 2.002267546409959922e-02 2.404033975617314925e-02 1.971550964134492073e-02 2.474787830515877418e-02 3.041555309652419631e-02 1.999867869233823078e-02 2.980267747113247642e-02 2.032402545731934809e-02 1.978907873220813948e-02 3.891624391537513300e-02 2.143265033687923732e-02 1.816273180317940980e-02 2.334062905851716843e-02 1.811110510451401437e-02 1.471125777155746564e-02 1.220195809417305710e-02 2.723690486509962316e-02 6.784636198373134031e-03 1.058782898476990503e-02 9.748406761772377208e-03 8.498885896554432551e-03 5.726009543452908329e-03 2.190066430628864053e-02 3.893507799665315433e-02 5.128498272182074880e-02 1.185081903513643398e-02 1.484200713670107835e-02 1.453702977327782711e-02 3.455469022102623800e-02 2.207680193427116397e-02 1.227771265792970863e-02 3.207848961126309045e-02 5.478040264501275042e-02 3.529178763711551814e-02 1.869250341417614744e-02 3.005868803747766341e-02 1.922758211159519490e-02 1.871055417441551405e-02 2.353162750261283964e-02 2.770958845625441647e-02 2.501063577483483152e-02 2.099545287392627982e-02 3.242497195692650713e-02
1.028582073284517034e-01 1.000000000000000000e+00 4.460289707846633311e-02 8.527384342811408779e-02 6.058220632847109710e-02 1.220157189079366516e-01 1.675014819735421157e-01 1.238236153547284113e-01 1.914752252797345400e-01 2.037184602084200491e-01 1.344184706196210888e-01 1.749305289377041106e-01 1.438112843014374143e-01 1.595663178475781319e-01 1.661656288420424732e-01 1.420329070991164788e-01 2.003777559248968998e-01 1.865396676636457696e-01 1.682720719090495254e-01 2.250938804149333339e-01 1.600494465154414514e-01 1.656803851564009333e-01 2.004215397715157221e-01 1.919573257291872226e-01 1.583172618799956743e-01 1.904647077046929815e-01 1.758224577404270683e-01 1.681109174478141732e-01 1.585473406173215360e-01 1.863940848636033154e-01 1.850200969099016213e-01 2.164243465095103958e-01 1.811315196244416559e-01 1.864369049708480830e-01 1.722468779867844801e-01 1.418559170186590168e-01 1.603621555885708649e-01 1.712924574341556094e-01 1.607193080565976206e-01 1.538871937558349834e-01 1.734355622871627811e-01 1.655692490953223350e-01 1.452371572502776098e-01 1.658661647744003875e-01 1.624979456787499499e-01 1.635430117373902204e-01 1.740558478932320852e-01 1.826495737633688499e-01 1.897903608412364052e-01 1.693806517349303042e-01 1.687470178174589608e-01 1.476890546403864246e-01 1.698764588886669535e-01 1.852566344117006492e-01 1.758315931138112187e-01 1.762564278605355805e-01 1.898283143348440949e-01 1.689368817984036875e-01 1.763152121899263236e-01 1.859458585904823491e-01 1.715769071748020902e-01 1.828293887180504895e-01 1.666311091109215492e-01 1.721322565767140489e-01 1.782090571009139202e-01 1.899131985811954859e-01 1.759993768461809438e-01 1.652320650317174455e-01 1.858370568966714043e-01 1.894651392953408953e-01 1.631322781012741752e-01 1.638934436161290920e-01 1.803316978632871770e-01 1.621672427198013744e-01 1.722711261936391014e-01 1.777746317213535765e-01 1.649372328568416146e-01 1.678738843791537649e-01 1.659274272599025601e-01 1.754037860136562488e-01 1.636897242095879945e-01 1.741256954661172252e-01 1.791966515825637596e-01 1.702600787600850041e-01 1.611311035674865277e-01 1.651984100129240129e-01 1.572851057116581852e-01 1.727257846576986944e-01 1.586651043316993082e-01 1.736667475159004714e-01 1.647552292235868743e-01 1.661026216513822595e-01 1.649989069301931455e-01 1.638619991500726847e-01 1.681516158537648686e-01 1.779141429650712702e-01 1.597226105770956361e-01 1.577653821747736218e-01 1.626915551475145716e-01 1.644668525212224508e-01 1.566980213659203702e-01 1.620874207784087362e-01 1.696827871585040726e-01 1.630590346314983174e-01 1.595478723184614589e-01 1.755433599011664847e-01 1.724961609172917798e-01 1.737201943074901667e-01 1.774787164610351353e-01 1.720393906854259525e-01 1.721382840058530983e-01 1.724201904926118689e-01 1.763675055294634253e-01 1.638757407211801631e-01 1.689175074906125729e-01 1.721870360967790448e-01
7.093280109886428153e-02 4.460289707846633311e-02 1.000000000000000000e+00 3.294910878837642998e-01 2.335260875266656488e-01 2.267098371599483575e-01 3.228300888228184951e-01 3.405905976876669183e-01 3.297012308448064033e-01 2.708121877523572696e-01 3.138326098795035657e-01 3.486817986756496901e-01 3.204258201345250301e-01 2.839226544616117454e-01 3.455441395773861113e-01 3.564995081199981430e-01 3.176744592618442331e-01 2.968390508148188167e-01 3.409317209864886067e-01 2.606232384512294220e-01 3.382214036633504062e-01 3.505416116780825098e-01 3.015413560774012902e-01 3.091428232339356597e-01 3.401105511360058009e-01 3.516741577010423225e-01 3.519155064445377290e-01 3.423228599786037885e-01 3.085782665329610541e-01 3.452488917514833777e-01 3.524431909269274965e-01 3.384837015849910813e-01 3.303500899830649207e-01 3.475297422315353213e-01 3.424545267727895359e-01 3.708444220528177571e-01 3.419702782815626785e-01 3.475184853789854977e-01 3.576872849614854966e-01 3.425298677976165718e-01 3.430404963134247032e-01 3.508206220469307079e-01 3.579138733944693396e-01 3.564794464289253173e-01 3.513323835362216485e-01 3.491099536268246761e-01 3.353298531467013288e-01 3.356998452950421541e-01 3.491776030684138887e-01 3.444140059921054764e-01 3.518762799029056532e-01 3.577245191287491966e-01 3.397419483497535753e-01 3.417303256405335166e-01 3.490664824884266992e-01 3.536652643277337638e-01 3.578425646147349037e-01 3.525084514043067552e-01 3.465106423250210455e-01 3.473564479764599255e-01 3.460507148519820220e-01 3.527627572430196423e-01 3.527947327297673019e-01 3.560221661335148391e-01 3.436364878357955899e-01 3.489868493790398429e-01 3.427922081185467706e-01 3.438278506804872681e-01 3.518087652175703739e-01 3.443722520840997170e-01 3.487296355217512356e-01 3.565629091220043345e-01 3.423599061749996175e-01 3.432484297668070283e-01 3.549753229304935531e-01 3.539287115672672401e-01 3.517868059798174296e-01 3.450135748076255671e-01 3.447304130713382819e-01 3.521082069045230467e-01 3.541455261427589596e-01 3.455428698251425956e-01 3.601586103484288315e-01 3.487659813810554121e-01 3.502585524516147464e-01 3.475203572314854994e-01 3.518801226410046001e-01 3.481605420021229302e-01 3.472467871463362221e-01 3.574637427733885486e-01 3.488790426249492316e-01 3.487976042896222539e-01 3.443765028635656922e-01 3.454613306346882018e-01 3.393392439071290512e-01 3.451732836334786003e-01 3.571261722213721623e-01 3.546842889045326852e-01 3.461830882970398093e-01 3.540610827100971747e-01 3.517162165358464487e-01 3.538843990752966184e-01 3.460171439970775031e-01 3.449560277437273004e-01 3.538973116950305808e-01 3.559330762893191391e-01 3.534128230261670001e-01 3.470735404761337572e-01 3.511474593234236719e-01 3.474643097124996416e-01 3.506897302162479413e-01 3.446419011650285746e-01 3.508755077741690931e-01 3.517988162256800999e-01 3.508849459110552349e-01 3.482044077964295270e-01
9.594451220130688351e-02 8.527384342811408779e-02 3.294910878837642998e-01 1.000000000000000000e+00 3.767103683492917798e-01 4.091387860398513765e-01 5.861737921511716021e-01 5.987986798098696717e-01 5.913636503610913975e-01 5.172925471251219598e-01 5.859772337112710838e-01 6.494609829369594189e-01 5.620856052364833211e-01 5.363462338865498946e-01 6.138880262984416358e-01 6.190036063533387312e-01 5.522934349340945515e-01 5.819874173679986384e-01 6.109637168103965177e-01 5.463858459470550821e-01 6.400402984530294548e-01 6.430983484588703725e-01 6.052908066323848812e-01 5.982317784974321428e-01 6.459236378844119830e-01 6.480966600001435429e-01 6.402739701595293598e-01 6.460193490646619630e-01 6.016016914890180978e-01 6.525225375710627107e-01 6.380164438086737277e-01 6.234116147137709341e-01 6.344398063092264728e-01 6.342120477511978827e-01 6.451367559311954603e-01 6.288783094158599818e-01 6.296601093195948184e-01 6.238002345288542472e-01 6.375608449055389926e-01 6.348574718472813627e-01 6.299120484713374157e-01 6.324298983248843875e-01 6.289676232589604954e-01 6.239841020976125696e-01 6.277306485760406618e-01 6.245707621118193886e-01 6.087211623818222783e-01 6.057968768349234479e-01 6.061945603684890660e-01 6.158515456244604280e-01 6.272653384236601681e-01 6.298337529269375512e-01 6.189206458099142383e-01 5.968812041189962558e-01 6.019023073098750398e-01 6.232211326189289746e-01 6.024262562509105079e-01 6.213791589066833820e-01 6.088181080920056498e-01 6.065060985324735032e-01 6.091185441330646544e-01 6.040827962885877422e-01 6.026220997282590863e-01 6.115810165077361082e-01 6.074542744763431479e-01 6.169845103561835131e-01 6.134032211844595572e-01 6.147509817606304772e-01 6.312540821890811893e-01 6.282097432358277889e-01 6.355066102846075315e-01 6.330455478632118771e-01 6.196102134947666373e-01 6.318085365404619846e-01 6.334952373066359277e-01 6.318634217878206227e-01 6.418738718294200174e-01 6.308814938328751731e-01 6.315521391363750903e-01 6.333239288385581478e-01 6.296807100149687253e-01 6.160114631976888466e-01 6.392274141704438195e-01 6.360792694830551541e-01 6.408136054570411355e-01 6.377194895562691146e-01 6.341178136869691784e-01 6.327975322687973136e-01 6.365103562771017298e-01 6.389881617863453211e-01 6.400797009746300725e-01 6.256858798290091395e-01 6.204190515506557979e-01 6.259525651465035478e-01 6.062490936138384967e-01 6.164641734845938137e-01 6.468244610084665780e-01 6.312309514346087225e-01 6.203421445191891204e-01 6.359233159252658529e-01 6.329618762453071978e-01 6.319061758335807744e-01 6.189253345930130212e-01 6.204873706338742689e-01 6.378718503607444523e-01 6.220841774576925109e-01 6.231398642040523184e-01 6.128610034586927657e-01 6.237284199502347581e-01 6.176947262433046815e-01 6.191639565430523406e-01 6.096108207061374795e-01 6.182696192844542304e-01 6.218910365216578917e-01 6.124606897143175521e-01 6.176224769148136451e-01
6.409570253253511762e-02 6.058220632847109710e-02 2.335260875266656488e-01 3.767103683492917798e-01 1.000000000000000000e+00 3.358327414768982333e-01 4.711888510944760577e-01 4.734888355602434040e-01 4.547399078110634374e-01 4.008980820812041435e-01 4.443641021165100069e-01 4.808789388148500543e-01 4.585594623858447738e-01 4.132472854831218401e-01 4.964653448938241009e-01 4.991336027873331527e-01 4.162758637861263544e-01 4.510118561340176746e-01 4.748955194022771442e-01 4.239531342617666176e-01 4.761072425954751552e-01 4.812872733060872821e-01 4.439824676085848965e-01 4.448999222906194762e-01 4.831075515928009989e-01 4.919992481368102855e-01 4.809522423813947234e-01 4.787091896552689296e-01 4.360837965420362727e-01 5.051726382358068257e-01 5.031514316574512424e-01 4.758178484440633849e-01 4.698605091154391400e-01 4.704358214656490511e-01 4.933790224449240425e-01 4.731830125480491755e-01 4.885249787344334571e-01 4.802129634552698145e-01 5.008576897243344206e-01 4.840976464184362227e-01 4.934735525011362256e-01 4.938198928038300406e-01 5.080758407928920306e-01 5.014441581500982403e-01 4.907506748195065716e-01 5.031426118453400376e-01 4.832456595956937107e-01 4.835355455697272764e-01 4.851091770870543662e-01 4.719842073807178906e-01 4.855064450246365793e-01 5.010395610271460853e-01 4.948207077119468611e-01 4.863521091393091522e-01 4.874044360679647414e-01 4.992269060608532372e-01 4.868793380322701814e-01 4.899757376551322485e-01 4.792295854848104275e-01 4.940646188080761725e-01 4.962930828847111897e-01 4.898688335165792829e-01 4.870704714620935905e-01 4.917445640808804086e-01 4.872066021301535987e-01 4.976316720544757821e-01 4.874042381859660100e-01 4.906645636548847000e-01 5.015021239471257886e-01 5.015217766416746326e-01 4.983383187134345360e-01 4.975023324717174344e-01 4.899623350906078256e-01 4.985998059220426160e-01 5.026762296135635077e-01 4.950252647078191015e-01 4.930072310790360457e-01 4.860441806157265177e-01 4.951381159791258812e-01 5.018169623837444027e-01 4.997811755495255026e-01 4.950608809839203706e-01 4.988978595285603057e-01 4.998118542509977225e-01 4.986575137047589701e-01 4.998189115471886046e-01 4.991188759853996126e-01 4.946397017686485209e-01 5.026060079016410054e-01 5.027075901268445168e-01 4.962263662509560080e-01 4.953441768430718595e-01 4.919802352780314192e-01 4.984784114329056659e-01 4.848462949917309306e-01 4.924038116475471516e-01 5.021261183480226764e-01 4.945927224910887099e-01 4.928976542675465589e-01 4.982247666909484507e-01 5.012255306863803161e-01 4.944721865299878116e-01 4.926534150549049529e-01 4.935448608778348345e-01 5.045194350010125950e-01 4.947850845696098454e-01 4.948089406179617122e-01 4.929481272199146002e-01 4.995125855869801956e-01 4.908075752996633456e-01 4.906208012487077164e-01 4.911058805270536176e-01 4.910054489379744869e-01 4.950390910762175189e-01 4.908554461772851041e-01 4.937237869360190379e-01
2.261507518351096174e-02 1.220157189079366516e-01 2.267098371599483575e-01 4.091387860398513765e-01 3.358327414768982333e-01 1.000000000000000000e+00 5.334201652266372662e-01 5.089915384959965428e-01 5.366918568060162764e-01 4.807525459065360995e-01 5.317330154327813974e-01 5.775816568083854685e-01 5.232721092579080135e-01 5.179114394882171624e-01 5.780763823986051486e-01 5.736960396277249741e-01 5.310753014929361360e-01 5.410037468162361973e-01 5.647860325997724473e-01 4.862117200238436632e-01 5.736759515500670092e-01 5.755253495784599105e-01 5.390648444233823167e-01 5.322621661460337217e-01 5.763839288036703978e-01 5.880131481935744198e-01 5.704511025459996221e-01 5.672735196397057367e-01 5.273702935820234750e-01 5.913012155903585310e-01 5.926473384723701665e-01 5.772075855824986279e-01 5.700257542680302603e-01 5.736524429060224639e-01 5.872264003488976147e-01 5.643912878882535455e-01 5.796089365985703790e-01 5.881790807294703383e-01 5.961642968078645355e-01 5.894759664200608373e-01 5.874768174206363991e-01 5.903521350829303849e-01 5.882173756339971193e-01 5.886907714183384766e-01 5.847122985731219025e-01 5.951250436684012435e-01 5.828424248467081181e-01 5.825574393431264264e-01 5.864657978949948669e-01 5.681720950842307216e-01 5.900693461518413674e-01 5.669683510021873429e-01 5.778974110012525811e-01 5.795114900958262538e-01 5.755306863618664392e-01 5.916155523992733256e-01 5.733412510874461576e-01 5.879094125506109103e-01 5.859294877584778627e-01 5.815476982633328573e-01 5.824402324963480204e-01 5.852918517762766282e-01 5.806946519375226767e-01 5.830268127104022424e-01 5.830404060253624454e-01 5.832364162351320047e-01 5.849263080176485552e-01 5.909093124487486692e-01 5.919396411995432317e-01 5.933398489537821119e-01 5.985712077748038817e-01 5.969385019415748284e-01 5.873030219285086950e-01 5.957161651131291924e-01 5.966017813766975042e-01 5.956365393201662473e-01 5.950418480042044544e-01 5.851451414771162707e-01 5.911999772419679333e-01 5.972175634768696062e-01 5.959642643160002473e-01 5.940307804008295722e-01 5.967062040511597054e-01 5.957992763735191488e-01 5.890358050284939528e-01 5.929771145599244120e-01 5.942605234705176098e-01 5.943966923081643872e-01 5.936853802653238033e-01 5.921605824057039058e-01 5.955301141243515284e-01 5.943164809394064774e-01 5.921364107867183035e-01 5.943231250851059855e-01 5.882917813675391239e-01 5.906043061490486856e-01 5.882525686006901955e-01 5.793924664416528758e-01 5.878602428080704767e-01 5.942795840916700323e-01 5.927272655622892739e-01 5.886650181448129793e-01 5.843452889661707728e-01 5.907863492857492460e-01 5.871194229932826802e-01 5.853983004147567115e-01 5.900631916432006463e-01 5.880050778727119454e-01 5.915261894358304628e-01 5.883593128437468733e-01 5.898882823750394300e-01 5.874374012813174950e-01 5.902843129305147540e-01 5.903404288759317442e-01 5.866415547574296285e-01 5.857541620903934376e-01
6.878107893533481898e-02 1.675014819735421157e-01 3.228300888228184951e-01 5.861737921511716021e-01 4.711888510944760577e-01 5.334201652266372662e-01 1.000000000000000000e+00 7.135965007186345632e-01 7.285689442016033412e-01 6.598700782747323190e-01 7.334430079284719461e-01 8.002022996745582484e-01 7.258174689707771465e-01 7.055215686081193205e-01 8.336244011659406095e-01 7.853526656319945731e-01 7.023549466228627969e-01 7.467816856849849305e-01 7.591502028070847841e-01 6.911693214029234200e-01 7.779366870975084058e-01 7.933840623390888691e-01 7.624748152134936952e-01 7.214207967068794192e-01 7.934729324347160606e-01 8.104318830337422508e-01 8.075102141095081842e-01 8.279366589903234264e-01 7.733396950566412409e-01 8.314490259427800289e-01 8.316241059585227635e-01 7.773744400269154697e-01 7.919059508804219272e-01 7.681152820715178020e-01 8.118055824159411404e-01 7.490781600489914149e-01 8.283942118687259715e-01 7.826596292318463988e-01 8.130016244281750293e-01 7.973330187717516671e-01 8.037607833488229492e-01 8.119646562738954687e-01 7.968740323385610225e-01 8.053852380753173668e-01 7.991552073900756170e-01 8.263251548006967928e-01 7.897873519133661313e-01 7.898103883734988173e-01 7.779698910347945251e-01 7.436986715849112084e-01 7.849089244431781687e-01 7.645781763467777159e-01 7.785183001367443900e-01 7.884838238259022081e-01 7.865099677236483400e-01 8.024378669175514789e-01 7.599670257618927893e-01 7.983378454277015868e-01 7.789034810653843177e-01 7.962424970720447526e-01 7.890499898250143973e-01 7.879210490288405255e-01 7.711927721440892114e-01 7.815043153091988382e-01 7.855195733439486183e-01 7.915321341726867521e-01 7.892046231450771110e-01 7.977115294736627504e-01 8.128031194376584834e-01 8.183352757330767391e-01 8.143490169358260644e-01 8.071488568199961522e-01 7.941083913217683588e-01 8.129109140314896287e-01 8.135387552878193818e-01 8.151784244972541948e-01 8.255893100775455462e-01 8.201071324180954081e-01 8.195990890639301973e-01 8.123364222168316662e-01 8.203199159177967381e-01 8.183326676042684822e-01 8.042497086035459430e-01 8.167277539425343846e-01 8.040330486272538879e-01 8.061456599583995963e-01 8.208791469651914863e-01 8.085044645652220696e-01 8.149243355815066758e-01 8.044129390768928189e-01 8.181990912555903162e-01 8.070638466257111787e-01 8.052174010419433925e-01 8.186794533610723956e-01 7.921427082268863717e-01 7.983028858322489540e-01 7.931317020388832795e-01 7.758484050484790728e-01 7.947864991041069249e-01 8.027478167306845158e-01 8.039822053826324311e-01 7.930827397616857510e-01 7.919568116001869384e-01 7.984161980487348709e-01 7.960038547621877125e-01 7.856569614780660737e-01 7.916063891629800953e-01 7.977354117190805782e-01 8.020175386783181537e-01 7.950438402227513190e-01 7.946615586125446162e-01 7.929379239986239503e-01 7.971801784998937546e-01 7.944609020075942274e-01 7.911030563631089585e-01 7.937266370811807414e-01
8.728587435094571634e-02 1.238236153547284113e-01 3.405905976876669183e-01 5.987986798098696717e-01 4.734888355602434040e-01 5.089915384959965428e-01 7.135965007186345632e-01 1.000000000000000000e+00 7.377174465402164261e-01 6.358166191184887461e-01 7.129734343385730755e-01 7.922208050915011679e-01 7.064175919348129051e-01 6.754006889643766609e-01 7.691442906143290958e-01 7.993342609773866903e-01 7.035644625313371980e-01 7.156436501751181067e-01 7.513650305993191392e-01 6.646440989287349943e-01 7.843530459166970781e-01 7.851510557825708281e-01 7.353582241120930618e-01 7.199599124105624526e-01 7.798309802167009419e-01 7.907813051200712762e-01 7.715925542189887576e-01 7.738432612163853586e-01 7.032506805114678849e-01 7.910474932398636749e-01 7.816749052215377080e-01 7.778854066628704267e-01 7.791667177757033436e-01 7.929118153672474190e-01 7.816662592616888672e-01 7.887520501615690183e-01 7.785791956530477842e-01 7.879119374423828592e-01 8.008848425849193209e-01 8.026385908141464576e-01 7.835645911235005201e-01 7.965745320306489852e-01 8.023011181297590166e-01 7.880004855873099512e-01 7.795750846368493248e-01 7.879757835177053638e-01 7.710916177386070158e-01 7.666505841347363015e-01 7.760453797636828188e-01 7.895256810415318682e-01 8.053233936014952965e-01 8.022151074239297630e-01 7.754127189611843551e-01 7.618698786332102069e-01 7.735856877866362780e-01 7.911589196106884048e-01 7.796524023059320241e-01 7.861886741457323469e-01 7.841455769979307489e-01 7.703722512289323809e-01 7.857192931606704622e-01 7.718239153432728816e-01 7.758159651030253068e-01 7.853141214946424142e-01 7.792881005465367439e-01 7.835678480209566921e-01 7.712237324883880474e-01 7.771674223468083564e-01 7.938881391178280733e-01 7.873326088245564680e-01 7.994256970150953601e-01 7.957489579940036917e-01 7.783925446447333973e-01 7.914504478726959169e-01 7.909450685567186445e-01 7.887190478268450988e-01 7.902558480330680313e-01 7.765261122469075961e-01 7.849976206432498493e-01 7.931076356785143888e-01 7.887800042751195173e-01 7.778447451143563063e-01 8.009623345487193458e-01 7.925118256988350485e-01 8.022824130310196589e-01 7.979014648415480027e-01 7.988791244136341785e-01 7.928210218474499582e-01 7.959608809862329659e-01 7.969837300046351825e-01 7.944848685619408934e-01 7.867509054391377266e-01 7.794260178005990580e-01 7.869102198789074132e-01 7.674115302952713158e-01 7.770999036038246377e-01 8.080746613723132077e-01 7.992418894460350254e-01 7.848289636288918736e-01 7.955686020036307760e-01 7.962897487480463665e-01 7.979859185929099041e-01 7.806280902393913923e-01 7.833539934431844598e-01 8.002870457559014827e-01 7.879727484049903197e-01 7.884055794590243416e-01 7.764045144824288647e-01 7.873949543868641321e-01 7.806202691359126478e-01 7.807060595502598455e-01 7.727718627093420611e-01 7.802724715488683627e-01 7.902167437801271843e-01 7.781103329870036056e-01 7.819053013765797644e-01
1.348872870564837290e-01 1.914752252797345400e-01 3.297012308448064033e-01 5.913636503610913975e-01 4.547399078110634374e-01 5.366918568060162764e-01 7.285689442016033412e-01 7.377174465402164261e-01 1.000000000000000000e+00 7.461502426838778623e-01 7.961795535800979540e-01 8.477011702671634064e-01 7.849088052511270508e-01 7.648561582040869222e-01 8.464065730940454335e-01 8.547041930053754788e-01 8.221994983585766414e-01 7.773237630893636840e-01 8.217463357966350301e-01 7.053156064337283704e-01 8.179572486037325341e-01 8.300811848725390130e-01 7.835554751312093780e-01 7.619375236857296452e-01 8.198504825221337722e-01 8.556790011274967300e-01 8.440239523943164901e-01 8.166853093821798693e-01 7.567518870772788064e-01 8.688383733253884911e-01 8.710849134554968787e-01 8.618218605387438780e-01 8.258206011606986641e-01 8.556045896791991678e-01 8.474435264541795298e-01 8.349921301115322825e-01 8.437888766981118671e-01 8.658144193577480552e-01 8.731302400139250297e-01 8.519548394975696715e-01 8.696014208959631508e-01 8.674887291327194605e-01 8.607176054993596059e-01 8.800855328806139743e-01 8.647665884844620843e-01 8.661234172550931198e-01 8.738557308928140976e-01 8.829867176693846353e-01 8.871219453434123769e-01 8.521413124458534494e-01 8.761406240909123122e-01 8.670033130038728997e-01 8.665735061398305294e-01 8.809061688432295867e-01 8.771156745357642226e-01 8.806432884636150593e-01 8.832205748613309870e-01 8.764693776614675969e-01 8.768816483296565378e-01 8.855571220822318068e-01 8.815265111702373924e-01 8.839536655318347425e-01 8.794888742761425293e-01 8.872676741884082396e-01 8.886480001702135034e-01 8.900969249501774483e-01 8.794411053861651562e-01 8.733222385171993674e-01 8.793324539114985017e-01 8.769884261610868537e-01 8.781243361527960589e-01 8.771742719729257454e-01 8.639570263516791471e-01 8.707884047954103091e-01 8.804371139524035383e-01 8.800464961986025347e-01 8.735481146937110752e-01 8.584265802453099337e-01 8.734532717870566731e-01 8.870407008497377399e-01 8.788834682748338789e-01 8.782636791093338946e-01 8.864894175962642064e-01 8.787619717006147635e-01 8.726399309428238826e-01 8.776521771992241705e-01 8.726373838814538431e-01 8.782450317052715727e-01 8.768798181916312995e-01 8.811564549274916169e-01 8.680009782960487197e-01 8.776525260356973224e-01 8.738961208115640922e-01 8.759238044898577380e-01 8.735247449507556050e-01 8.819462013280763291e-01 8.767417996787311152e-01 8.789478895612989895e-01 8.758715261011503772e-01 8.759869845985298609e-01 8.752062588255253850e-01 8.818249782474412157e-01 8.757935877873624930e-01 8.796066857989782717e-01 8.823880116876163804e-01 8.834813289065314157e-01 8.856940239694363060e-01 8.815144416387492576e-01 8.850293585589105172e-01 8.813405750596515764e-01 8.792600192514200552e-01 8.822844967032749119e-01 8.819158854943320858e-01 8.824483888076104510e-01 8.819322887751539497e-01 8.842521344410345652e-01
3.290429872865884703e-02 2.037184602084200491e-01 2.708121877523572696e-01 5.172925471251219598e-01 4.008980820812041435e-01 4.807525459065360995e-01 6.598700782747323190e-01 6.358166191184887461e-01 7.461502426838778623e-01 1.000000000000000000e+00 7.401305132215364457e-01 7.676322313139910536e-01 7.071853359018718255e-01 7.241969622038472165e-01 7.912707853789570089e-01 7.702722050839044821e-01 7.357591245526811097e-01 6.951701499365180448e-01 7.511987945005482725e-01 6.250563752679828555e-01 7.105787042181263002e-01 7.386126341893748393e-01 7.021853804732774984e-01 6.763573422842370508e-01 7.320696338531943459e-01 7.812918764757268431e-01 7.653178456475792091e-01 7.470463317884744603e-01 6.965935656761935713e-01 7.940866632438902117e-01 7.991760132384237991e-01 7.907486790759706841e-01 7.518023794130885840e-01 7.616492359053987915e-01 7.836601280213487675e-01 7.338618653791512125e-01 7.721841274626868312e-01 7.948919987517869545e-01 7.950025269746213707e-01 7.795494356946370829e-01 8.032974670869209577e-01 7.949320156302213114e-01 7.758553755456962797e-01 8.065509309071251520e-01 8.016753209190184970e-01 8.015019468245438983e-01 8.177972100255247456e-01 8.241768853673124839e-01 8.191461131807746820e-01 7.625088635377675894e-01 7.930917963788760572e-01 7.707773246693200297e-01 7.982993765184499546e-01 8.197941613641187564e-01 8.117692977635062590e-01 8.155578528012993322e-01 8.009004300360651474e-01 8.119506137525440703e-01 8.077800458294233099e-01 8.171524536097498626e-01 8.112033940906663299e-01 8.159081330332901283e-01 8.109702793101193352e-01 8.087055223389733039e-01 8.156085851730697778e-01 8.145653384920170659e-01 8.178926343736925286e-01 8.097625031399214857e-01 8.115501044051876001e-01 8.029609049446826408e-01 8.045286262891274687e-01 8.099613404560916941e-01 7.953295384866503337e-01 7.982092227824262309e-01 8.151285989956477129e-01 8.174902823900833670e-01 8.103239692099277747e-01 7.973803818681234334e-01 8.106642317836660894e-01 8.216371659503637348e-01 8.152279685914929352e-01 8.188802514612590899e-01 8.165185033659769775e-01 8.153244673336355053e-01 8.033403788396776823e-01 8.063663289989830840e-01 8.085906161052406338e-01 8.163399784908225154e-01 8.127408786333759627e-01 8.177243252093823189e-01 8.079981230021238137e-01 8.166016654703645017e-01 8.149087290747839551e-01 8.158886880047845347e-01 8.190532848417478862e-01 8.237279834236571618e-01 8.021913401639083618e-01 8.017783752252107821e-01 8.148065711890545293e-01 8.106405582839520951e-01 8.103756569640464535e-01 8.115169040697526315e-01 8.139739264988904432e-01 8.178357984710443729e-01 8.102006153638801056e-01 8.190638062777991779e-01 8.197282855469755214e-01 8.229673828106939260e-01 8.234021458390021753e-01 8.194548768776435121e-01 8.207371763137712994e-01 8.224432807423879277e-01 8.223507177869517903e-01 8.142416374333364404e-01 8.175181717944458581e-01 8.214235532676404938e-01
6.395233435584336129e-03 1.344184706196210888e-01 3.138326098795035657e-01 5.859772337112710838e-01 4.443641021165100069e-01 5.317330154327813974e-01 7.334430079284719461e-01 7.129734343385730755e-01 7.961795535800979540e-01 7.401305132215364457e-01 1.000000000000000000e+00 8.534707354991111217e-01 7.742395243065560706e-01 7.776684026173191766e-01 8.672985399054964351e-01 8.521605560707942173e-01 7.897586231688571434e-01 7.818402873152326960e-01 8.241675747295105214e-01 6.730494301924579981e-01 8.025152688002819001e-01 8.225211262709056781e-01 7.841027208293251949e-01 7.524490362122729925e-01 8.166703690684427031e-01 8.589810277326038745e-01 8.383346862474889694e-01 8.240801694088268903e-01 7.640837125328729940e-01 8.634536191887128842e-01 8.728476203052385474e-01 8.543302200176345895e-01 8.364093074797599447e-01 8.436609367013793159e-01 8.541282250282671296e-01 8.197703688230221220e-01 8.549545029458718304e-01 8.702665783185351556e-01 8.821399181937722433e-01 8.651133824178176557e-01 8.827875534600687635e-01 8.836279342259454328e-01 8.618356484002105411e-01 8.836105951571739947e-01 8.844011259829499538e-01 8.799940752272861211e-01 8.884296663594001275e-01 8.881752031580953943e-01 8.803297209738861762e-01 8.365965893500578732e-01 8.754076976031549551e-01 8.578467042937851783e-01 8.765801733664692064e-01 8.812697563564795278e-01 8.752604201319447164e-01 8.841549637285854857e-01 8.521114833534920718e-01 8.866970083320989682e-01 8.776365375869610297e-01 8.852068933419511287e-01 8.853378696660441083e-01 8.785750014625602899e-01 8.742482388749451827e-01 8.798267021890490147e-01 8.808568344542241357e-01 8.778367337888878241e-01 8.888612279815782946e-01 8.905360241683760725e-01 8.872118270843101229e-01 8.823866144341485640e-01 8.906246913197586323e-01 8.904178638228040787e-01 8.775215518920829183e-01 8.883028466714391058e-01 8.939202485438634271e-01 8.924658785953780704e-01 8.887293042842144830e-01 8.737443247796590207e-01 8.880627692880687096e-01 8.942346882664727881e-01 8.925167046361088818e-01 8.917391817650806018e-01 8.911974259334715098e-01 8.948857354384153195e-01 8.910740466039493990e-01 8.897675608416392157e-01 8.913063775100781294e-01 8.965376869739054566e-01 8.963626534446884619e-01 8.912149475158545053e-01 8.936429806894461425e-01 8.962340392243255405e-01 8.947532372719207983e-01 8.951990322426551794e-01 8.928242289609722437e-01 8.941179308154036942e-01 8.841156095282750593e-01 8.787033049767937198e-01 8.929947965273825616e-01 8.945096665175403805e-01 8.932229785083928286e-01 8.904874434659967308e-01 8.918982719950983018e-01 8.948159435282511120e-01 8.909231840443143646e-01 8.798839428387295047e-01 8.911009783911451043e-01 8.936938964598097890e-01 8.930454559564550143e-01 8.937428080395011243e-01 8.925420589192806231e-01 8.916919722371489110e-01 8.917441760972201203e-01 8.933384351386294275e-01 8.903131387538650854e-01 8.912698856455065766e-01
6.288607365672418958e-02 1.749305289377041106e-01 3.486817986756496901e-01 6.494609829369594189e-01 4.808789388148500543e-01 5.775816568083854685e-01 8.002022996745582484e-01 7.922208050915011679e-01 8.477011702671634064e-01 7.676322313139910536e-01 8.534707354991111217e-01 1.000000000000000000e+00 8.231381981699595896e-01 8.235538321982774912e-01 9.177953191863696958e-01 9.089317241587963059e-01 8.380018444676874401e-01 8.427734253188871039e-01 8.799147377556257865e-01 7.461202640468055369e-01 8.702981055290065493e-01 8.927325486178355751e-01 8.510064850698718653e-01 8.206959986082231762e-01 8.849588888794176489e-01 9.165366558922147799e-01 9.002619998845533544e-01 8.910873979379134724e-01 8.242451057710050710e-01 9.261511449973083288e-01 9.264790140187959544e-01 9.124439137848727732e-01 8.975897687097410538e-01 9.089576722654815200e-01 9.164526974301142603e-01 8.850107029020604088e-01 9.123217183378606876e-01 9.210312939004380306e-01 9.351586541254768292e-01 9.188563168402499315e-01 9.281384850270382181e-01 9.329646792323360582e-01 9.214892442252772264e-01 9.368414526528243691e-01 9.319481124551293183e-01 9.330696798161195460e-01 9.329507903042094652e-01 9.309774857675443549e-01 9.281214805715036764e-01 8.959848938511372207e-01 9.281044683359629399e-01 9.143292843632992994e-01 9.258168223855371970e-01 9.272582992553556336e-01 9.258154720274509586e-01 9.350358573708035248e-01 9.125171306808157468e-01 9.333614501801164032e-01 9.242072773288301235e-01 9.343719699887050867e-01 9.337423678389109583e-01 9.302914384647021917e-01 9.225800084221351671e-01 9.303273674725832665e-01 9.306782593464789644e-01 9.352927812825835296e-01 9.320877575590076347e-01 9.333875989282216512e-01 9.394453193600120766e-01 9.359014730510852864e-01 9.423835201141573803e-01 9.408628132729478510e-01 9.264263520627760151e-01 9.374837392886473664e-01 9.413494007893909998e-01 9.402784704239669500e-01 9.388821353199776620e-01 9.253345936102023161e-01 9.377678543418905832e-01 9.428159039488138715e-01 9.407031670230131537e-01 9.373301612165716445e-01 9.421345805335852308e-01 9.424262152131888115e-01 9.400185160834346743e-01 9.407871981271682671e-01 9.419166853362445080e-01 9.420261973438519565e-01 9.427492164197800451e-01 9.392804807384974586e-01 9.395828253005309438e-01 9.403323995272024893e-01 9.384698395440672636e-01 9.414622495983909767e-01 9.321697971572913133e-01 9.377506635418663139e-01 9.331375629599335531e-01 9.272744266842306571e-01 9.355081895835166694e-01 9.398572744007080981e-01 9.394803424900394218e-01 9.374313925618943388e-01 9.355614574859756338e-01 9.383330087738309677e-01 9.406094302902391346e-01 9.301917993873480839e-01 9.362964857705716737e-01 9.370605039077711806e-01 9.401192396410023022e-01 9.367769025882306533e-01 9.344944097293289564e-01 9.345041568811028876e-01 9.363779416043137571e-01 9.386255827183497269e-01 9.346370899215242778e-01 9.382980997313337124e-01
4.092261227857390410e-02 1.438112843014374143e-01 3.204258201345250301e-01 5.620856052364833211e-01 4.585594623858447738e-01 5.232721092579080135e-01 7.258174689707771465e-01 7.064175919348129051e-01 7.849088052511270508e-01 7.071853359018718255e-01 7.742395243065560706e-01 8.231381981699595896e-01 1.000000000000000000e+00 7.601004023566759749e-01 8.425750756241100481e-01 8.330628472426468978e-01 7.520949959923920458e-01 7.565907974923988810e-01 7.970430546092525104e-01 6.632473695477045794e-01 7.749858171299954801e-01 7.970402579726997283e-01 7.588135293282595173e-01 7.311253467635586700e-01 7.962621571968463430e-01 8.299145872224633624e-01 8.143664654389008994e-01 7.951940481141350769e-01 7.319796202870443302e-01 8.448600205055163404e-01 8.517875471435352175e-01 8.191705220379646990e-01 7.931939588281452513e-01 8.112546120056025600e-01 8.259375445248393621e-01 7.934225733832687144e-01 8.317158573933599586e-01 8.329937810479376425e-01 8.539883414162962039e-01 8.222224831302659132e-01 8.493181925695497680e-01 8.511819030908565065e-01 8.385260231119235907e-01 8.644695307028579245e-01 8.540276433938241984e-01 8.539906739844014272e-01 8.551339567250937357e-01 8.590295151981698352e-01 8.504409908339657376e-01 8.000129230960175697e-01 8.374725614740379243e-01 8.209782710870040523e-01 8.420338987310894696e-01 8.535652479728637054e-01 8.436253656980440274e-01 8.512597593180494249e-01 8.254716205711444266e-01 8.591545197415983992e-01 8.385610291354301804e-01 8.644776702908221200e-01 8.578979857513844287e-01 8.519379498968107089e-01 8.416567155002242506e-01 8.531534769181986499e-01 8.521806376065383937e-01 8.505072178444266218e-01 8.576808541390025242e-01 8.579708201954923119e-01 8.568633550677136057e-01 8.538351783827156094e-01 8.599974407510632135e-01 8.633765424769962449e-01 8.460060307230443666e-01 8.553558698990153530e-01 8.653510108341329055e-01 8.610794369668715031e-01 8.596137036308062473e-01 8.405830358785439937e-01 8.591114505322735573e-01 8.657072815233625152e-01 8.630014726333904429e-01 8.634059981290860275e-01 8.590031471390048301e-01 8.620428968147328952e-01 8.547737499933620864e-01 8.584455861248134756e-01 8.597879878225089811e-01 8.620614454919008907e-01 8.639135628816936308e-01 8.610312550929106745e-01 8.567745917802236377e-01 8.658670951609616084e-01 8.617241561190810417e-01 8.646514188988121408e-01 8.590288960920133832e-01 8.631100304450940452e-01 8.482054539683859806e-01 8.443446225344674039e-01 8.598521825178814249e-01 8.620037658270660597e-01 8.596578487964708915e-01 8.568171752165072430e-01 8.575536273102275509e-01 8.648776024596277479e-01 8.571068617865370554e-01 8.492307474553582036e-01 8.583810406499418066e-01 8.626798580467978095e-01 8.617516025277408565e-01 8.634724132204831815e-01 8.604296361094118106e-01 8.638845450043910468e-01 8.602747675416725359e-01 8.595540230682366944e-01 8.613769991155766359e-01 8.600192551025709342e-01
