1.000000000000000000e+00 8.302753623099624891e-02 1.408062208777066115e-01 7.428044308119494121e-02 8.093017661393185624e-02 1.042425138258976369e-01 4.943457939666438122e-02 6.222402765639966499e-02 1.598236522759585998e-01 5.685886176893009680e-02 6.288248072626019536e-02 1.482682250131251572e-02 2.549648934557206120e-02 2.372296168811352524e-02 1.990279076070826381e-02 3.263699233615575263e-02 1.274720925848224495e-01 2.064414542093749860e-01 1.665986124575742633e-01 1.714898375422636290e-01 2.390948669216140243e-01 2.112197715339937110e-01 1.917343279335225192e-01 1.909445828452365213e-01 1.775537653962437623e-01 1.606856536198481289e-01 1.592191605158975731e-01 1.146759412767421604e-01 1.596195587440801811e-01 1.524707656460706218e-01 1.201247734916459642e-01 1.046317506760311572e-01 8.110962360548658323e-02 9.861941891031920926e-02 1.260161175004466394e-01 1.071790746651751086e-01 1.137059790120269059e-01 6.971508305729576249e-02 7.469853827357220144e-02 3.206065488059715168e-02 4.659348555316474016e-02 3.552476047117011232e-02 3.361757227767982886e-02 5.788751390992186857e-02 6.250208734292013457e-02 6.001027723530048819e-02 4.738120837204064240e-02 2.938337163225839335e-02 3.044364740601697428e-02 2.495236548513903030e-02 4.379446726468488871e-02 5.258544350862282696e-02 3.203699092968424755e-02 5.154840673144894109e-02 5.252107539554833060e-02 7.010304887926988027e-02 6.568466242565157431e-02 3.679693251494619427e-02 4.215432828580748664e-02 5.974646046381236475e-02 4.160550727785261582e-02 4.836980430704217182e-02 3.946125312975453520e-02 5.473746272211447300e-02 9.407712932216574786e-02 7.407468334042099922e-02 3.148590806592746483e-02 6.526397592991867169e-02 6.624019395006659761e-02 7.882340309756616370e-02 7.910039042216220062e-02 7.327067135358529548e-02 8.983623499483912866e-02 7.897000327125860974e-02 6.109353698408179212e-02 5.523238902689038554e-02 4.358085677281394593e-02 6.274918331851572773e-02 6.245910562166914065e-02 6.932619729674230347e-02 5.194832599874930207e-02 4.521230326170625619e-02 7.312553331394280876e-02 6.712596187923147717e-02 4.475285070318677644e-02 4.833393908731542510e-02 4.231240285249020239e-02 3.031800163143236193e-02 2.965643420645352329e-02 5.604155805196087831e-02 2.030133382973534767e-02 2.013743880116249108e-02 3.354255396915689635e-02 2.184380296486510692e-02 1.299413312786051183e-02 2.085807112968625365e-02 4.251412812426125058e-03 4.685324095268240951e-02 1.450302908491493334e-02 1.766477903233694760e-02 5.944963692070983144e-03 3.065573414818191858e-02 2.356563095493913879e-02 1.559619678943215994e-02 2.965875724317874190e-02 3.735233558563524209e-02 2.432680410413677261e-02 2.814202910174927463e-02 2.290113021679794983e-02 2.115347267634347730e-02 1.327821667300830427e-02 2.704984308117988276e-02 2.219129893415294763e-02 3.164893788617852144e-02 5.441712540617967692e-02 3.857899081226780907e-02
8.302753623099624891e-02 1.000000000000000000e+00 4.255092735794209491e-02 3.764819984210062559e-02 3.830278148061964233e-02 1.099063999977122758e-01 1.313995423029024889e-01 9.987187453519234814e-02 1.493388364184080885e-01 1.832802192115022821e-01 1.194095122028492606e-01 1.122612882246856875e-01 1.034153741541643384e-01 1.199653286012049153e-01 1.346584521479693708e-01 1.397055739375507588e-01 1.492505361798942276e-01 1.224722826812111726e-01 1.306638834158577456e-01 7.552222628241397895e-02 1.149853451244100822e-01 1.233639534522714548e-01 1.065044142521866383e-01 1.153372026488084096e-01 1.304324216534124004e-01 1.673316696962049710e-01 1.510532233827073245e-01 1.430489730362199952e-01 1.358013662727128312e-01 1.371607427478783725e-01 1.555279196351021798e-01 1.341591774886511379e-01 1.355970577617205408e-01 1.386261268158486826e-01 1.445267202926603101e-01 1.367567037479027470e-01 1.510191792382548082e-01 1.537000063931620031e-01 1.375799354139255748e-01 1.449403568985099255e-01 1.491308717616099122e-01 1.490352262269978301e-01 1.379637770394219198e-01 1.390052251170267872e-01 1.388918337743571263e-01 1.483761216554391471e-01 1.670475729133322207e-01 1.546974783786651819e-01 1.446418133295853115e-01 1.449544019472097656e-01 1.445668891586457394e-01 1.103993512382555331e-01 1.371086297746692551e-01 1.585061443742700471e-01 1.604635445128993754e-01 1.548666183844782662e-01 1.519365996194222690e-01 1.501697530298077565e-01 1.629595125355069174e-01 1.546558935036026761e-01 1.632179554786930831e-01 1.591023232090957584e-01 1.581661959601233514e-01 1.445437978182946004e-01 1.515936585377211654e-01 1.539790728956477450e-01 1.542280402936932471e-01 1.619918004891616747e-01 1.578805985597861450e-01 1.450402250819144423e-01 1.533720192746947375e-01 1.546295750058616081e-01 1.504064760604174322e-01 1.532987853375835929e-01 1.608133860827350436e-01 1.607486909763783667e-01 1.591092420546539044e-01 1.559599814401248508e-01 1.556437052795296705e-01 1.585306746505102671e-01 1.592189400858000647e-01 1.575557789741754977e-01 1.564683806289327295e-01 1.528175612866547739e-01 1.515833220704264905e-01 1.527288083570759736e-01 1.516832408444412084e-01 1.490903422456602567e-01 1.484688425542866619e-01 1.559368965267256268e-01 1.464016745758007221e-01 1.493343694683601786e-01 1.496017008810057169e-01 1.457042940790761187e-01 1.548958292632705291e-01 1.546930768903285458e-01 1.448274664150878133e-01 1.581215695742184957e-01 1.548470746614887539e-01 1.496577835735798667e-01 1.353433745345898609e-01 1.487525690615756901e-01 1.459656556487632373e-01 1.443197069984439029e-01 1.437951714679507886e-01 1.495741535913738540e-01 1.526393328936077320e-01 1.575343280759953224e-01 1.558310859986276886e-01 1.532519499688868858e-01 1.518750789871862183e-01 1.518062959135163259e-01 1.526927950404937118e-01 1.504955559059296677e-01 1.491171603670002344e-01 1.492371817888293317e-01
1.408062208777066115e-01 4.255092735794209491e-02 1.000000000000000000e+00 3.371702271949768015e-01 2.375964057377254468e-01 2.693396500376983860e-01 3.571275756997283612e-01 3.428893019107454587e-01 3.839838926863789470e-01 2.845608792498117712e-01 3.793338451498959873e-01 3.713898943882038006e-01 3.176383567048834400e-01 2.916425548788244004e-01 3.764156574748662165e-01 3.679206886443467384e-01 3.648157864250242688e-01 4.107144660898618405e-01 4.221746893639065634e-01 3.826862240730404263e-01 4.285936275674746554e-01 4.420179737079136251e-01 4.297742628592342573e-01 4.227424216523008593e-01 4.171828587392523158e-01 4.283917549433762240e-01 4.447114679115718450e-01 4.165674618072862101e-01 4.238426085720985448e-01 4.393398788323292781e-01 4.220479258562020997e-01 4.249459570758726268e-01 4.165323988748901307e-01 4.190315659978163243e-01 4.169456558102865307e-01 4.256943813874239924e-01 4.303200174700817504e-01 4.077337065244857617e-01 4.204370397669963122e-01 4.030346274712985899e-01 3.944118637521931148e-01 3.931351957059626145e-01 3.998216902915505133e-01 4.066620998253238084e-01 4.157333321250746283e-01 4.049399157608711830e-01 3.768490605032933649e-01 3.634821663660061097e-01 3.578630614014548517e-01 3.733538813999836004e-01 3.824431327868034747e-01 3.945321090799835395e-01 3.785122506224333772e-01 3.589742194267230846e-01 3.603098717971175979e-01 3.959275632689210900e-01 3.613843535036641574e-01 3.709667876211144022e-01 3.617034958759349217e-01 3.766411389475177174e-01 3.700571821847553067e-01 3.579141237323855140e-01 3.585711300329573747e-01 3.770382954338494241e-01 3.958386815476049314e-01 3.770717337013231307e-01 3.753698050893790050e-01 4.011761443063943111e-01 4.026625693429749520e-01 4.150726757751983520e-01 4.168152488088828211e-01 4.045234864420255705e-01 4.178246642131394628e-01 4.130948541706809252e-01 3.965561307029839555e-01 3.950470289551231695e-01 3.885999427414945639e-01 3.932343174119536378e-01 4.023142732197280136e-01 3.940063789920061899e-01 3.883206698407145607e-01 3.831489456068465915e-01 4.005595172711193253e-01 3.986728434427530554e-01 3.987408290006478340e-01 3.983047940603479664e-01 3.993197151857452720e-01 3.855138762799119045e-01 3.864904215275891119e-01 3.930476511374965676e-01 3.918204717156111849e-01 3.790632369434190352e-01 3.912299614437921291e-01 3.821674673672970091e-01 3.629859002223341791e-01 3.627440958757754408e-01 3.598891572864283961e-01 3.635102444196998128e-01 3.656359537599558340e-01 3.768664764416167490e-01 3.753031274047824439e-01 3.726369439856865307e-01 3.739277525863523022e-01 3.665769610929451305e-01 3.792197043853424709e-01 3.635295513072401286e-01 3.636043264742261916e-01 3.676069764445199506e-01 3.629479775427234545e-01 3.652461995579496801e-01 3.650659553083056008e-01 3.655386064290618853e-01 3.592725488602820927e-01 3.693413865910410987e-01 3.824739353382984874e-01 3.728467481602853462e-01
7.428044308119494121e-02 3.764819984210062559e-02 3.371702271949768015e-01 1.000000000000000000e+00 3.704101408572394449e-01 3.612799323343858227e-01 5.776866317300185516e-01 5.570892706956687146e-01 5.217553314760485783e-01 3.649263234619213869e-01 5.678843928510322048e-01 6.171941161230422024e-01 5.332277052617040436e-01 4.431906835560271984e-01 5.907436946129818178e-01 5.769274900249088400e-01 5.185571713635972468e-01 4.184285214133270370e-01 4.458157059391201216e-01 4.597890313638177684e-01 4.647493923900399282e-01 4.809828848447795235e-01 4.636044108313081002e-01 4.306225666630140170e-01 4.017413402850741888e-01 5.580754386567999825e-01 5.629211588032354552e-01 5.318429404354720891e-01 5.144367402228323671e-01 5.408229426630201120e-01 5.574574279926508558e-01 5.480046461330764229e-01 5.110316370191300139e-01 5.278529906728672838e-01 4.890765081879709375e-01 5.607995059004489136e-01 5.245888759560688452e-01 5.518574625548097190e-01 5.677306787067809557e-01 5.575775628187130684e-01 5.683724042952968958e-01 5.757184780319855033e-01 5.906588353552313375e-01 5.954657523995723345e-01 5.907673419914805102e-01 5.763114038623505797e-01 5.549656669429076095e-01 5.438190876292486875e-01 5.582505910070136856e-01 5.597366405706171166e-01 5.673121708433821464e-01 6.117076348249369522e-01 5.892392675773546751e-01 5.332736805386387724e-01 5.255909167569868812e-01 5.400142546579655978e-01 5.616263383493904637e-01 5.507260879930661046e-01 5.391952021211522394e-01 5.684838506774650968e-01 5.572458178218537839e-01 5.417335636845734825e-01 5.481611357463112011e-01 5.706477111216829989e-01 5.499571170031957168e-01 5.618539640340923791e-01 5.501072950470213829e-01 5.400081140766572751e-01 5.423620010419928361e-01 5.686308104832392685e-01 5.575601113581720725e-01 5.490850407595798677e-01 5.420168343095023156e-01 5.266833955989012050e-01 5.686277518836346800e-01 5.620706811530350455e-01 5.540828202556011828e-01 5.457601765212110045e-01 5.588492390034560664e-01 5.470238718652919996e-01 5.355113144666073799e-01 5.511562634424541640e-01 5.607408595942081631e-01 5.386804696313067797e-01 5.592238416887369556e-01 5.549471444274780563e-01 5.618391365114550062e-01 5.633251320501629911e-01 5.573587122205105882e-01 5.608349100289525824e-01 5.665627623774789345e-01 5.670900809184687974e-01 5.753166112667331689e-01 5.678129124963224861e-01 5.472892453479707431e-01 5.435226302445272939e-01 5.747352542688493049e-01 5.616407017006149749e-01 5.572171915476140658e-01 5.693675325413648514e-01 5.802270710545440746e-01 5.685699063271264508e-01 5.718779038464719688e-01 5.679075351611897471e-01 5.765517416779568638e-01 5.677898517076530593e-01 5.546140557157787088e-01 5.375727057203220083e-01 5.438914738468764165e-01 5.505394104225093121e-01 5.567959089651508542e-01 5.577256981104834477e-01 5.500182679050298340e-01 5.588368258204685635e-01 5.553595733526712763e-01 5.632254077025182770e-01
8.093017661393185624e-02 3.830278148061964233e-02 2.375964057377254468e-01 3.704101408572394449e-01 1.000000000000000000e+00 2.748151673100939218e-01 4.560911320140051406e-01 4.747779795483397236e-01 4.490768727822075923e-01 3.717609512123825621e-01 4.571211155214319199e-01 4.880888141821221327e-01 4.800189319006764044e-01 3.607712401107623923e-01 4.860717449227178744e-01 4.795170340327499225e-01 4.374212241182147132e-01 3.621716897785801081e-01 3.911048769763088573e-01 3.543931040984299452e-01 3.636216729669898839e-01 4.009056176875036570e-01 3.911244441251222614e-01 3.746475298012009736e-01 3.582832578730136275e-01 4.642734766055571227e-01 4.722849566178896064e-01 4.571406784473181495e-01 4.236931971039975542e-01 4.658134804266113593e-01 4.831399169848475950e-01 4.697430064679768980e-01 4.334083678877672097e-01 4.477278007184291031e-01 4.344987901501732308e-01 4.578381291336380277e-01 4.627747880751763021e-01 4.687394701134098840e-01 4.761741641827948457e-01 4.670578415992311938e-01 4.801187452874720596e-01 4.885454716617096960e-01 4.839722403530025141e-01 5.021083893961043598e-01 4.888016908300140129e-01 4.961547056221431995e-01 4.735861350212949850e-01 4.734437468943512028e-01 4.735941954265439624e-01 4.597210239593653158e-01 4.776889416568328994e-01 4.853602820120793693e-01 4.858270656721083713e-01 4.730132891084207203e-01 4.645390174345713219e-01 4.662554573683306280e-01 4.726775699895887639e-01 4.788234816214820833e-01 4.662656150485174344e-01 4.931335564327966048e-01 4.700537357202557165e-01 4.739557982060926822e-01 4.730238857145968590e-01 4.769762470493704720e-01 4.689879661151254986e-01 4.817453038532996112e-01 4.772226291983536761e-01 4.708807152866401058e-01 4.667274489057688380e-01 4.730754008382297982e-01 4.714788498021521557e-01 4.730396125572430832e-01 4.670633965375070029e-01 4.564785379975583868e-01 4.790337856876890066e-01 4.767128442177543390e-01 4.736491689219951007e-01 4.662877775834681771e-01 4.735694419377861064e-01 4.723220905725297181e-01 4.700309197851332832e-01 4.778036778367034110e-01 4.764541279529329598e-01 4.677938089607919236e-01 4.695602838724712291e-01 4.706193155035793274e-01 4.761336166769047362e-01 4.780365612923077601e-01 4.775506469081108318e-01 4.770019805642837230e-01 4.788656463527979357e-01 4.824702945728603920e-01 4.862032549302716666e-01 4.871616998796162723e-01 4.757758405587960149e-01 4.730632367724699194e-01 4.656865682390255445e-01 4.651156240624591542e-01 4.713203543151145425e-01 4.764297829726429345e-01 4.835778489511677880e-01 4.768501897250293498e-01 4.812856097144382894e-01 4.861319927977258426e-01 4.778935083624393787e-01 4.765115486803752631e-01 4.700203275161654037e-01 4.708890070418952911e-01 4.687788562574003448e-01 4.786248726709694812e-01 4.782976678368483503e-01 4.811933528693896900e-01 4.765077142982276359e-01 4.745308354311624233e-01 4.785023493362831060e-01 4.789911410428924765e-01
1.042425138258976369e-01 1.099063999977122758e-01 2.693396500376983860e-01 3.612799323343858227e-01 2.748151673100939218e-01 1.000000000000000000e+00 5.297813820118462136e-01 4.731752060677030802e-01 5.324206927603264417e-01 4.634687035331103711e-01 5.301828539358434123e-01 5.195299958794435957e-01 4.812887385269326024e-01 4.271347490020521720e-01 5.475757960593308216e-01 5.438713527859089236e-01 5.057373744492660306e-01 4.822395366905187775e-01 5.159140836512380313e-01 4.359016916372390194e-01 4.729362957102077325e-01 5.231612350579065707e-01 5.142332582207871372e-01 5.030385102070886738e-01 5.076676436804186121e-01 5.745490127099255329e-01 5.599495128113968212e-01 5.640328806925918315e-01 5.558836962813326066e-01 5.755914956541848815e-01 5.831803200407484900e-01 5.636149677560005067e-01 5.522530788437409743e-01 5.624607884672258029e-01 5.585403178504485533e-01 5.681308886467744124e-01 5.746633458580162612e-01 5.652353827320095725e-01 5.786250736296122410e-01 5.458764582886503902e-01 5.660152845274604161e-01 5.580993278269033020e-01 5.745473159615733794e-01 5.763910034864765386e-01 5.705254929025092014e-01 5.801935938039991525e-01 5.610670236645812770e-01 5.618776673166874236e-01 5.553533143788402793e-01 5.529394886063033754e-01 5.649472303273550544e-01 5.592102882425229460e-01 5.540783134252722508e-01 5.551891102271033773e-01 5.548698501622422175e-01 5.712431540503722927e-01 5.603809827427571610e-01 5.586645999332422452e-01 5.556555480775619005e-01 5.613502482438639252e-01 5.661175903147358524e-01 5.566549324969232160e-01 5.618652326631082827e-01 5.658301326338126547e-01 5.635494852621999451e-01 5.669838194390410813e-01 5.648858810893956361e-01 5.762853970136871951e-01 5.751537352035149819e-01 5.706811263910118726e-01 5.794495643993822220e-01 5.787257617063411574e-01 5.747778452106371283e-01 5.756026611571629648e-01 5.794143086612177918e-01 5.751102548419132487e-01 5.729457132888678972e-01 5.766774328863530918e-01 5.793021640829080221e-01 5.781889585362773865e-01 5.757181757212440631e-01 5.731564325730234000e-01 5.733858810856526933e-01 5.771827587619243749e-01 5.725303064259577024e-01 5.767616619535519407e-01 5.753040590143599919e-01 5.686225745918068730e-01 5.738846471679428518e-01 5.732876579524446292e-01 5.690916366020044581e-01 5.667752811209810782e-01 5.693466793905346268e-01 5.681819320587370159e-01 5.598153072604608038e-01 5.611601956715379647e-01 5.580520674240569967e-01 5.647165586822840977e-01 5.621589628196795863e-01 5.664809638801050484e-01 5.671062233899845095e-01 5.670450283044045081e-01 5.646144657022033053e-01 5.651617524086393063e-01 5.710849091153035184e-01 5.645333525755023008e-01 5.616256991253166797e-01 5.626120284409491523e-01 5.614857570327477232e-01 5.600760013210922539e-01 5.588970504422018371e-01 5.617032894619465866e-01 5.609412534543848361e-01 5.657120651868002836e-01 5.665309427347554605e-01 5.657776104738825307e-01
4.943457939666438122e-02 1.313995423029024889e-01 3.571275756997283612e-01 5.776866317300185516e-01 4.560911320140051406e-01 5.297813820118462136e-01 1.000000000000000000e+00 7.155568226770695484e-01 7.328195177210889977e-01 6.382104436793294422e-01 7.741170934226528910e-01 8.062577117800737714e-01 7.289755924084937444e-01 6.281367214524244957e-01 8.361617513717987116e-01 8.051705130538697741e-01 7.257933124957296478e-01 6.024856030448250133e-01 6.728934321916995032e-01 5.637793080301780613e-01 5.867842772808298246e-01 6.775655955984678513e-01 6.550701662705213923e-01 6.263977625703947005e-01 6.330878998243313349e-01 7.965640024905862315e-01 7.892029421815930368e-01 7.908601434115073436e-01 7.431673830311754658e-01 7.567832264352425398e-01 8.100150630432010335e-01 7.857021765652448808e-01 7.490914219485628189e-01 7.719064740573673422e-01 7.289350961757168346e-01 7.839967954964895958e-01 7.682195589375973022e-01 8.136189153420942954e-01 8.137735462739500436e-01 8.019432498729065495e-01 8.271136190106342934e-01 8.297745185202796137e-01 8.316697813839248887e-01 8.394460429617468522e-01 8.282465658366998662e-01 8.336617623673098221e-01 8.169378151123921628e-01 8.194847836580119171e-01 8.107873208109791507e-01 7.974060073284058303e-01 8.164979821912731195e-01 7.998506046079798537e-01 8.204576024168525050e-01 8.046340394911054572e-01 8.000394370174860326e-01 8.115711046500775350e-01 8.007971232738682055e-01 8.195833686474885971e-01 8.060166883587710496e-01 8.224670900780026717e-01 8.153628207887867463e-01 8.107047572524526124e-01 8.061814153402347971e-01 8.166035656829658818e-01 8.108007662506681035e-01 8.157720886493359247e-01 8.241590750151762679e-01 8.177480632979898800e-01 8.114803959805776401e-01 8.057513211785350959e-01 8.139556463380671625e-01 8.198404021594274393e-01 8.016781707874905960e-01 7.964418845885399278e-01 8.343060716987802383e-01 8.294997515961564094e-01 8.324423100372572160e-01 8.209571114591677210e-01 8.293479920953311657e-01 8.171538857607762996e-01 8.157579989588508163e-01 8.283203422603176991e-01 8.222969250708909161e-01 8.131763122555374368e-01 8.236766488289319899e-01 8.254979036241596457e-01 8.257708512740074003e-01 8.351855632072456848e-01 8.320079639921347248e-01 8.266656383008880171e-01 8.332921805654055492e-01 8.363613389365051054e-01 8.351658987940787648e-01 8.371163263760983408e-01 8.233298284715402371e-01 8.228962332587279604e-01 8.229001043549215577e-01 8.135443977415917072e-01 8.251988768874353175e-01 8.314622779149529741e-01 8.368689052869293654e-01 8.284696194203684527e-01 8.279310451473322896e-01 8.328501102891365804e-01 8.295766779474453845e-01 8.200328489306651925e-01 8.207976343526184326e-01 8.211784113056025403e-01 8.242037635764035697e-01 8.257459068434603866e-01 8.301354633439688158e-01 8.265286164920027101e-01 8.241125923442470524e-01 8.268900085934266508e-01 8.249795380838385039e-01 8.227927608170183538e-01
6.222402765639966499e-02 9.987187453519234814e-02 3.428893019107454587e-01 5.570892706956687146e-01 4.747779795483397236e-01 4.731752060677030802e-01 7.155568226770695484e-01 1.000000000000000000e+00 6.941366590176597517e-01 6.090020490545746679e-01 7.243882064872919635e-01 7.616790308963667933e-01 6.964219380572173046e-01 5.791967288150435822e-01 7.720425891589829392e-01 7.764900561530907463e-01 6.809283768413501026e-01 5.691426103034217254e-01 6.216827920915235506e-01 5.376141459443496418e-01 5.765497378165078679e-01 6.336823037418155558e-01 6.131358474621694254e-01 5.792619008843118422e-01 5.818681874521335340e-01 7.417358996281742112e-01 7.324047192093084968e-01 7.235688100659176669e-01 6.740924407176031030e-01 7.150754510037632405e-01 7.518159022584477436e-01 7.408699675648734440e-01 7.009640160651063878e-01 7.185471936714958874e-01 6.900021102413808061e-01 7.344038415757409011e-01 7.171970566644078060e-01 7.694373480164459211e-01 7.625386851040393266e-01 7.440519741605058357e-01 7.717575486649246308e-01 7.762581019699049678e-01 7.737457627677415406e-01 7.826597998009799939e-01 7.759960288709257803e-01 7.765907362680037895e-01 7.846146042188663072e-01 7.646811761037561883e-01 7.701361993649733506e-01 7.614085970101193146e-01 7.746112816583464733e-01 7.520381300792609025e-01 7.692133654257572450e-01 7.530183478232667094e-01 7.542301889842666363e-01 7.544495119268899153e-01 7.655230896996751966e-01 7.691246791169493724e-01 7.686614525520127916e-01 7.799526314135225569e-01 7.785051303733782069e-01 7.648719950122521150e-01 7.660593199568688227e-01 7.726610359138843531e-01 7.637597025067162093e-01 7.676041227752111729e-01 7.654293993441527721e-01 7.601088615725115627e-01 7.587221293755439522e-01 7.578757668100065681e-01 7.611354790363793477e-01 7.628502799517664634e-01 7.433353166021978708e-01 7.416086883856799483e-01 7.758013314002097927e-01 7.727246092030254365e-01 7.703868406976197569e-01 7.566756593940768827e-01 7.690319312231145288e-01 7.618529453872874280e-01 7.603079042303094726e-01 7.696616616480567163e-01 7.670762679516098803e-01 7.586788525098491220e-01 7.698987388298574874e-01 7.655696066228500074e-01 7.680361007722451561e-01 7.789651346078073635e-01 7.710631064935596912e-01 7.671579611814003385e-01 7.723592142899655677e-01 7.773832222733659814e-01 7.768252981652551403e-01 7.775638879533415260e-01 7.704151656301003737e-01 7.653935714349041630e-01 7.724364514339783216e-01 7.724503311912682690e-01 7.730180275707511095e-01 7.758414809821350122e-01 7.762145326440228477e-01 7.762543877661781666e-01 7.742011868987201950e-01 7.779997431531235907e-01 7.740620776898711197e-01 7.690457360465562386e-01 7.701884079859037113e-01 7.619531237957235525e-01 7.660006772926118979e-01 7.710474092036773142e-01 7.735935903185965357e-01 7.754293633449763634e-01 7.689441063858994951e-01 7.731042302640747099e-01 7.701190814795177975e-01 7.706807463040995509e-01
1.598236522759585998e-01 1.493388364184080885e-01 3.839838926863789470e-01 5.217553314760485783e-01 4.490768727822075923e-01 5.324206927603264417e-01 7.328195177210889977e-01 6.941366590176597517e-01 1.000000000000000000e+00 7.204862412437323949e-01 7.832273538035904314e-01 8.044347512345300100e-01 7.544508449847193710e-01 6.502514607239135991e-01 8.382341417307123121e-01 8.249995290389944280e-01 7.912156021684360052e-01 6.996269711508588118e-01 7.364716303710382439e-01 6.272960119394540568e-01 6.696336469963043436e-01 7.378074301410193492e-01 7.354511572377929740e-01 7.078250026730984468e-01 7.021648427746965959e-01 8.510881049176313162e-01 8.319409935489201491e-01 8.187160614206761000e-01 7.638637973870013864e-01 8.095585098557706027e-01 8.560968616171186207e-01 8.434431080671823677e-01 7.883126510676130572e-01 8.226893338768069830e-01 7.977405998960169775e-01 8.231111072416446017e-01 8.367944427211465586e-01 8.461021631791670883e-01 8.476108774613665409e-01 8.142428516585454856e-01 8.598906560087291595e-01 8.577683041710943979e-01 8.389826465479730544e-01 8.661811936405449108e-01 8.589373319960066366e-01 8.581093100168424304e-01 8.580183697250032271e-01 8.706696247113486775e-01 8.619663149868216356e-01 8.346857552704878280e-01 8.576972995784994946e-01 8.302430713558032194e-01 8.557061896640708598e-01 8.676955537876085423e-01 8.592399768817281513e-01 8.640941874317017435e-01 8.623488413999351732e-01 8.664275838325506962e-01 8.581508226453571364e-01 8.767386537018327930e-01 8.632286453887721978e-01 8.640795759339808813e-01 8.587309533059953592e-01 8.663593334276893376e-01 8.754548418348355732e-01 8.776523129666011780e-01 8.689281731151664578e-01 8.699798218399747984e-01 8.677941024476749643e-01 8.591026209130079305e-01 8.658064010203276872e-01 8.691222599721966091e-01 8.557282140767196177e-01 8.574513433896659986e-01 8.757927533388557562e-01 8.710229290845976635e-01 8.633441403978596718e-01 8.577899937119732865e-01 8.650803803988221796e-01 8.705905046911338596e-01 8.689567438728055260e-01 8.714526359061238736e-01 8.741038444038822242e-01 8.620158459002719153e-01 8.611316871642991089e-01 8.648499246073295676e-01 8.643604062357254092e-01 8.674289497188465425e-01 8.657979517009578574e-01 8.695021884793834310e-01 8.587549834404734073e-01 8.650764142103959387e-01 8.673776199978701085e-01 8.651873265305062288e-01 8.647530959940337159e-01 8.669279317565971033e-01 8.463093094984167619e-01 8.626206121822768136e-01 8.635366041287515504e-01 8.625834691359028916e-01 8.558144098120993304e-01 8.691541231935728806e-01 8.681961190813134444e-01 8.652211140151392366e-01 8.666942462083733201e-01 8.639031335005300516e-01 8.666544688419692832e-01 8.684841342538893727e-01 8.654237268192472854e-01 8.688514908011448767e-01 8.622013258851477513e-01 8.697760933002024464e-01 8.662871557676117273e-01 8.690839119295280524e-01 8.743299993851414431e-01 8.735875878416734519e-01
5.685886176893009680e-02 1.832802192115022821e-01 2.845608792498117712e-01 3.649263234619213869e-01 3.717609512123825621e-01 4.634687035331103711e-01 6.382104436793294422e-01 6.090020490545746679e-01 7.204862412437323949e-01 1.000000000000000000e+00 6.969981792749319061e-01 7.132575768515307946e-01 6.701822211846264477e-01 5.730304871581167747e-01 7.537098021944343973e-01 7.502522573320654642e-01 6.931731569248307245e-01 5.982159196226494169e-01 6.447643888001385326e-01 4.947806976937403900e-01 5.380670309894463044e-01 6.207522134010128312e-01 6.352584864066981307e-01 5.990083507337736757e-01 6.137416947000019496e-01 7.480440327339764606e-01 7.189999828392114045e-01 7.428259285574447812e-01 6.635970394234550485e-01 7.038281204844148986e-01 7.624726514247531783e-01 7.579892638276048977e-01 7.135606726891619012e-01 7.366849425336575719e-01 7.099812741441907660e-01 7.334853423732019539e-01 7.466305739868666080e-01 7.718630604595740907e-01 7.630371694073546651e-01 7.452234185896795537e-01 7.817293547398544984e-01 7.785220643046738553e-01 7.572636913503976164e-01 7.760345683217411139e-01 7.716764247654321895e-01 7.771881856102434982e-01 7.903497742895061462e-01 8.003779477469177284e-01 7.846315738206084411e-01 7.542474273210215685e-01 7.764531525960991498e-01 7.121244291918081837e-01 7.632308001863682412e-01 7.935481181069058421e-01 7.862021296937806714e-01 7.886797327582818484e-01 7.723356879906119188e-01 7.909084518227049720e-01 7.882766906656736294e-01 7.916813901554543564e-01 7.877981053634013353e-01 7.910939752316190621e-01 7.808837305427061004e-01 7.816145885063263687e-01 7.832674799264387477e-01 7.891508323015766768e-01 7.985629019586258925e-01 7.922825226122428566e-01 7.925271206894453080e-01 7.608346341805592994e-01 7.734183304578136076e-01 7.868730850979406277e-01 7.684356294522608488e-01 7.755030765180614960e-01 7.942555518133832537e-01 7.918330020748107767e-01 7.921999753559639812e-01 7.826331943578077599e-01 7.870917158429973082e-01 7.923159442920758577e-01 7.970556854956613035e-01 7.981427525524739108e-01 7.923701338255607629e-01 7.879597950021832720e-01 7.835577338485215648e-01 7.872090435097255368e-01 7.899595605929432551e-01 7.955688656327474240e-01 7.924775754977825271e-01 7.922814459304189372e-01 7.881789659396030157e-01 7.940997752033185364e-01 7.884939391833624134e-01 7.924001135580445165e-01 7.990153434829952994e-01 8.011500549914097880e-01 7.722784013239846201e-01 7.799971679293005167e-01 7.929337878994260347e-01 7.878501673475194478e-01 7.811665786248738197e-01 7.898647139377173998e-01 7.864697096957827815e-01 7.893340780824338321e-01 7.818198963053536454e-01 7.827996345108672038e-01 7.928084849793918254e-01 8.020774164902187975e-01 7.977137035156702805e-01 7.986358135549984638e-01 7.934922202819282289e-01 7.959941821406639750e-01 7.957324129954194136e-01 7.940628632042856516e-01 7.948980953915747438e-01 7.916747447328790210e-01
6.288248072626019536e-02 1.194095122028492606e-01 3.793338451498959873e-01 5.678843928510322048e-01 4.571211155214319199e-01 5.301828539358434123e-01 7.741170934226528910e-01 7.243882064872919635e-01 7.832273538035904314e-01 6.969981792749319061e-01 1.000000000000000000e+00 8.497644770125039049e-01 7.582788855747744083e-01 6.643901891112635738e-01 8.613591433297013156e-01 8.397359455049153709e-01 7.687692332420993369e-01 6.904524286646406273e-01 7.497067675690337607e-01 6.391071853552491300e-01 6.611703523621536016e-01 7.415469177737470385e-01 7.450651003482864354e-01 7.185278725579238301e-01 7.089275836536584885e-01 8.459017108192591339e-01 8.451337396018941961e-01 8.438556362359651564e-01 7.826580547297201651e-01 8.295180835516052786e-01 8.662457445128728395e-01 8.666829794882213722e-01 8.219178135252950268e-01 8.439172513659644048e-01 8.134237183930351778e-01 8.449534426913148932e-01 8.623156702547557506e-01 8.714582418755605353e-01 8.744680972630729521e-01 8.590227732166887398e-01 8.813482315355668506e-01 8.783409446525950459e-01 8.781926925974374853e-01 8.882626151782964108e-01 8.850616333406603475e-01 8.825433382110997593e-01 8.738028498944636624e-01 8.797307948398430666e-01 8.721963187703103415e-01 8.534552248829939680e-01 8.753462023992856222e-01 8.441795335931085997e-01 8.701092741613981607e-01 8.642231233804823498e-01 8.647606835911491041e-01 8.757147247188811212e-01 8.606604651467275602e-01 8.745933398882378418e-01 8.709139021283844873e-01 8.771900787839803648e-01 8.745348941571937651e-01 8.709655364739598005e-01 8.668784852501185689e-01 8.731648889099834498e-01 8.738580535353098755e-01 8.747020317536117195e-01 8.822388380465370217e-01 8.837488388876334477e-01 8.872705036044988836e-01 8.788895015989083292e-01 8.792994227158495990e-01 8.853026070506491152e-01 8.756233995422997296e-01 8.719793632819821116e-01 8.925095121678104926e-01 8.879528654244108754e-01 8.873052999821329223e-01 8.781552943778665465e-01 8.841425455954350365e-01 8.830768903823623672e-01 8.830782519759278193e-01 8.870989663041928264e-01 8.881747402897839372e-01 8.810438601334146247e-01 8.822378617310726590e-01 8.858601895504633061e-01 8.917513362635997032e-01 8.884888748117408808e-01 8.880106973828094663e-01 8.877122956424770006e-01 8.907580974170039578e-01 8.883125115315835263e-01 8.916642637308920261e-01 8.901722302688429567e-01 8.803795532049948358e-01 8.821834231607194043e-01 8.700973903004745047e-01 8.646844115325541535e-01 8.782237094348681605e-01 8.847767095448951791e-01 8.858459383004997356e-01 8.831093428820173674e-01 8.790633352951691126e-01 8.835589541589387030e-01 8.818693823222634176e-01 8.738515853685482337e-01 8.785775278351226625e-01 8.807537457845328044e-01 8.803926880107789676e-01 8.807957789384646130e-01 8.806313874685606224e-01 8.807507220443747675e-01 8.786036268239015845e-01 8.798135537206419610e-01 8.820095391314604072e-01 8.789726538403734857e-01
1.482682250131251572e-02 1.122612882246856875e-01 3.713898943882038006e-01 6.171941161230422024e-01 4.880888141821221327e-01 5.195299958794435957e-01 8.062577117800737714e-01 7.616790308963667933e-01 8.044347512345300100e-01 7.132575768515307946e-01 8.497644770125039049e-01 1.000000000000000000e+00 8.115024019213601392e-01 6.918248266017734682e-01 9.057166182015646827e-01 8.877109310668239717e-01 7.882315627413323256e-01 6.342662789105449894e-01 7.134782762207443341e-01 6.126267278903244629e-01 6.177818597612377838e-01 7.027745878964369863e-01 6.972352345710223220e-01 6.649244799145713758e-01 6.594113712908710179e-01 8.473255468320100015e-01 8.421457259988904820e-01 8.372425746838906280e-01 7.563961999671222625e-01 8.173949692309674386e-01 8.718438672408360679e-01 8.624092769837554684e-01 8.133334402777282479e-01 8.396809059898602268e-01 7.983406319222825509e-01 8.542562409498991594e-01 8.502324257468565349e-01 8.852111131189637216e-01 8.901079550346769897e-01 8.779474172087712303e-01 9.131827573021162880e-01 9.117816680325623313e-01 9.111033056011770270e-01 9.200582635582418289e-01 9.142723142443537343e-01 9.080978744338038533e-01 9.103933262817602845e-01 9.183912173107314780e-01 9.126837559823673951e-01 8.896834650412098755e-01 9.081534544776619367e-01 8.939610933543183924e-01 9.191474399413059881e-01 8.998189449972189280e-01 8.925837057689524068e-01 8.939068669219872865e-01 9.012530690400251121e-01 9.095443336398524314e-01 9.029477419215343748e-01 9.203578905904321594e-01 9.131846405768961894e-01 9.058611450958683475e-01 9.055898589464032034e-01 9.111828623248675596e-01 9.004559079611407224e-01 9.098038758018878180e-01 9.177352831249365739e-01 8.966574436510603707e-01 8.963748857171337514e-01 8.908774455993710983e-01 8.917494183002678820e-01 9.007918106236434408e-01 8.781375172192347200e-01 8.771020173816058696e-01 9.187506318619365064e-01 9.137090688358140422e-01 9.122392860738266496e-01 8.943455446520832686e-01 9.065186277696908324e-01 9.052224808390811894e-01 9.044195284486461484e-01 9.183222621108813044e-01 9.100956557341242092e-01 8.953586824807384659e-01 9.068195508746035305e-01 9.090232756746741138e-01 9.186049238717667320e-01 9.215184535101901275e-01 9.185685389581994542e-01 9.151087594461030372e-01 9.214410416369581691e-01 9.274940368308911554e-01 9.268598997041423981e-01 9.262905492730618695e-01 9.215822423211201819e-01 9.199904281761431823e-01 9.202301799538876725e-01 9.078619300039456608e-01 9.207571167854056160e-01 9.244284263110906785e-01 9.329918201275074763e-01 9.237555830011939806e-01 9.281648022869546377e-01 9.277645556955356199e-01 9.261772716468390509e-01 9.198432061991137498e-01 9.204681249480420879e-01 9.170881587608619157e-01 9.177159400388784638e-01 9.206731453862911918e-01 9.235197595279297511e-01 9.245922926937354402e-01 9.203744840887669865e-01 9.218191728687041842e-01 9.170566133567338296e-01 9.228462359509670421e-01
2.549648934557206120e-02 1.034153741541643384e-01 3.176383567048834400e-01 5.332277052617040436e-01 4.800189319006764044e-01 4.812887385269326024e-01 7.289755924084937444e-01 6.964219380572173046e-01 7.544508449847193710e-01 6.701822211846264477e-01 7.582788855747744083e-01 8.115024019213601392e-01 1.000000000000000000e+00 6.358995947271438576e-01 8.257456770279963942e-01 8.265270098515368202e-01 7.205695783764091145e-01 6.252638091530282605e-01 6.665511668128762945e-01 5.802885587712374171e-01 5.959782649089105933e-01 6.591975526149358444e-01 6.680018286047533227e-01 6.373315048208452183e-01 6.227428516242737855e-01 7.869665528858854620e-01 7.692295244627679329e-01 7.722511373647701349e-01 7.097560361879367008e-01 7.633845975124158301e-01 8.106944414281527234e-01 7.984090600897637557e-01 7.349899956128753686e-01 7.711197077868634508e-01 7.424445716197197731e-01 7.781116936290209951e-01 7.861245367637123005e-01 8.023598233565469862e-01 8.098352928547973839e-01 7.874970155913366687e-01 8.305146180379446852e-01 8.310578794242871048e-01 8.272529880775661981e-01 8.442916299531160185e-01 8.298327172170884003e-01 8.341493459340714178e-01 8.341351430275396606e-01 8.413064007709375458e-01 8.345402358408942067e-01 8.027976104420863068e-01 8.289583176702463030e-01 8.109480686133734295e-01 8.419177521925931273e-01 8.375755979403535223e-01 8.269371380324896936e-01 8.249559233377979917e-01 8.311100772045663110e-01 8.397697032194888500e-01 8.274045159582363862e-01 8.510375158533686202e-01 8.400337739250538505e-01 8.397333805143180063e-01 8.346082675934777262e-01 8.383313880574224664e-01 8.302089039022151340e-01 8.416628740772427175e-01 8.409216170007502988e-01 8.300793112166007237e-01 8.308784402633557775e-01 8.216347622221960023e-01 8.215880960598547222e-01 8.292152138039349252e-01 8.130692904008451904e-01 8.102955199505617045e-01 8.421594109782658544e-01 8.369608472394460819e-01 8.358308803753364824e-01 8.222231002484994278e-01 8.316971829123629423e-01 8.317406843976214992e-01 8.355593653441431012e-01 8.419356684761244436e-01 8.320225543719277361e-01 8.245523536232626238e-01 8.292658680047022557e-01 8.329372970445102498e-01 8.361120145121846425e-01 8.423994702012772562e-01 8.400433381550203027e-01 8.338563068707537385e-01 8.330170035028106046e-01 8.450251335115943618e-01 8.443927043125495358e-01 8.463108146667180920e-01 8.443589964620061838e-01 8.429976532223967256e-01 8.300183816466452091e-01 8.314465378034530119e-01 8.426415493587846584e-01 8.409612718939285525e-01 8.456646280767384782e-01 8.447617322516872695e-01 8.459611084777520773e-01 8.492069191830688979e-01 8.431213280025148249e-01 8.396666209279951554e-01 8.419906013988502913e-01 8.416864829510130042e-01 8.418305572355077038e-01 8.468187041093458989e-01 8.439777646773097830e-01 8.489999635143535839e-01 8.459534512938147177e-01 8.443602340854743371e-01 8.417559747258902547e-01 8.456340778026438798e-01
