1.000000000000000000e+00 8.995713116992666569e-02 9.290488566627366773e-02 1.121723385692503794e-01 -1.383045495756400102e-02 2.706279676630363520e-02 -1.453701963703751300e-02 -2.506254464541162342e-03 1.739509210064918709e-01 5.825097725075779193e-02 5.163949331767826029e-02 4.922403844115348648e-02 -6.031125493000871057e-03 2.106884635179005760e-02 -2.897540811815668606e-03 -1.214262293949425371e-02 1.418228758550953428e-01 1.631274258959736906e-02 -8.541821019231602211e-03 9.563740827527937279e-04 1.072251825047176171e-01 3.983751835419002685e-02 -2.346905245390683292e-02 6.954220627986179603e-05 -2.508522009010275000e-02 3.437510450496183284e-03 9.166162291070678245e-03 -8.142063379499582532e-03 1.634592776771928713e-02 5.411628210745600583e-03 -1.471969854159629150e-03 7.773001803923291521e-03 -1.341244903711990774e-02 2.477082647284566791e-04 -1.187068445663811735e-02 1.883489617780811226e-02 -2.147353180419005192e-02 1.422955863106965119e-02 -4.562767691231953311e-03 -2.083036858707951536e-02 1.740937141900391824e-02 8.032898273051801777e-03 -2.746965379170906302e-02 1.894780483923616879e-02 1.007494253238197350e-02 -2.846861478223336808e-03 1.147932217709082478e-02 1.622760404756368874e-02 3.464220518260805598e-02 4.902447025283734883e-02 2.917648867888210720e-02 4.688759375879065355e-02 4.490076428171226042e-02 4.243216020317266274e-02 2.432966133108974832e-02 -5.514084792650537914e-03 7.176247575284236402e-02 1.412103172008959302e-02 2.650600033882499762e-02 4.428096895113674963e-02 2.572729347134854877e-02 3.435504309087319963e-02 4.065287509424309054e-02 5.605183515318176712e-02 6.344041240050686536e-02 6.354029753584025664e-02 2.010105635207527427e-02 4.431263745992550240e-03 -4.113634095262946530e-03 1.080651791366996767e-02 2.094152464186661844e-02 7.145821437680228115e-03 8.142060557889629901e-03 -4.157183140379039181e-03 7.029160213596856790e-03 4.657265730578029339e-03 -3.996473153865087724e-03 7.211777155230654664e-03 -9.928964487172743311e-03 4.092164377995371680e-03 1.754186202831948095e-03 -6.148304494224740829e-04 2.207318653151444168e-02 -4.751530851701596739e-03 7.789812845600204566e-03 2.484512027847436948e-03 -1.263775621598971048e-02 -5.587533401816749574e-03 -4.976236277053401255e-03 8.990715169881055222e-03 -1.460185919611955811e-02 4.489766053836748632e-05 -9.493673959297450502e-04 -5.250449701003413218e-03 4.540603281515494770e-03 1.459399142472882736e-02 2.238447938474380505e-02 6.268722566470052993e-02 1.651270790780975245e-02 8.311520248138821315e-03 -1.266567313651336193e-02 3.483665900759098932e-02 1.125555643968589870e-02 1.546067872876664799e-02 2.484318420399941191e-02 5.315227219016870758e-02 3.334697434902483132e-02 9.719917811424059681e-03 8.594203849429342748e-03 1.703558623938732433e-02 9.942015938841497827e-03 2.940118392628362706e-02 2.160345867375047801e-02 3.576610348785948246e-02 3.699480099205905426e-02 3.788762068798863514e-02
8.995713116992666569e-02 1.000000000000000000e+00 1.788532530761871575e-02 4.254597428141908277e-02 4.435111947150837536e-02 9.303369891842014350e-02 1.156691842375624918e-01 9.007665502699314930e-02 1.998862019847065519e-01 2.004663942557218526e-01 1.454288696345520382e-01 1.431286071498439061e-01 1.328812568983882558e-01 1.414782411296330311e-01 1.425461908055570548e-01 1.306546586933679810e-01 1.654779182289458916e-01 1.342979116808861728e-01 1.576576272376218057e-01 9.030453068613576717e-02 8.730950902640105538e-02 1.537557788059042974e-01 1.542296598773386096e-01 1.383152282991156057e-01 1.515172731778788029e-01 1.574076014056529638e-01 1.582858771952350418e-01 1.536700429840884841e-01 1.742259318259219980e-01 1.709396830775907206e-01 1.632852899248553036e-01 1.488194053317865306e-01 1.265523824492196525e-01 1.303196369889222661e-01 1.454039804903638211e-01 1.402145637702384706e-01 1.557378584269133726e-01 1.369155269400042230e-01 1.421871013368112002e-01 1.343642670878575363e-01 1.602010535058807361e-01 1.334059482325058166e-01 1.247811780506743878e-01 1.452271242888307501e-01 1.470760161563169910e-01 1.492212603469368626e-01 1.544890976066018995e-01 1.693349799730551886e-01 1.570101720597898709e-01 1.304562604652645397e-01 1.419094898884775136e-01 1.205637627521084082e-01 1.452474298436005340e-01 1.761736515292657845e-01 1.639150829179291113e-01 1.636076390771967481e-01 1.574074469405378207e-01 1.522183007759065065e-01 1.646401265921393353e-01 1.583590588650636566e-01 1.417907470951067783e-01 1.640551745659346028e-01 1.512881597785155074e-01 1.471822762244954508e-01 1.694069014173328336e-01 1.623835593685469814e-01 1.603013029745629092e-01 1.567873580113419429e-01 1.527697328812920863e-01 1.433282068305794521e-01 1.492582624338528452e-01 1.627058122551426622e-01 1.517576116054766555e-01 1.537509563803317880e-01 1.605349079076392738e-01 1.637720896895140388e-01 1.584546202341018950e-01 1.648504651931947673e-01 1.613392368177049008e-01 1.642259980801762387e-01 1.615230658948260400e-01 1.602152168643493912e-01 1.608037128141147631e-01 1.542881117705550420e-01 1.377743929916882271e-01 1.464513668701702409e-01 1.584898423357841146e-01 1.473266585448043675e-01 1.525083065258801551e-01 1.622712614473627857e-01 1.457470667075715653e-01 1.532942994919262725e-01 1.539904612626494806e-01 1.534167260554893109e-01 1.559606320050975492e-01 1.614056904853249652e-01 1.339889246659979605e-01 1.443114246688994018e-01 1.451448227514991196e-01 1.436219181182648852e-01 1.384459999038786249e-01 1.504640627229772987e-01 1.494004604057967422e-01 1.445318538563631905e-01 1.482410532866782205e-01 1.570490203321111278e-01 1.566564563235462448e-01 1.652688105649561812e-01 1.609557151460147550e-01 1.557848437290366428e-01 1.580020372594369837e-01 1.557517813018809705e-01 1.606306648750671640e-01 1.490050341402400780e-01 1.573997102216327104e-01 1.600763871087562407e-01
9.290488566627366773e-02 1.788532530761871575e-02 1.000000000000000000e+00 3.340847533737059116e-01 1.552406612288557419e-01 2.240176839361100736e-01 2.662854805435153072e-01 2.743801356546054504e-01 3.163703437828866427e-01 2.999743929381642471e-01 3.396344118338447404e-01 3.724959036297370574e-01 3.005689002461678916e-01 3.151943344751894638e-01 3.249867747787251737e-01 3.225591858497277586e-01 3.472958219225659726e-01 3.290873546022403118e-01 3.167171789072527610e-01 2.983534051733233716e-01 3.721517512007010975e-01 3.624848929655113405e-01 3.175779435959831254e-01 3.274634994327040860e-01 3.061562708440201952e-01 3.411858605356463126e-01 3.521663007221058073e-01 3.555169125798686713e-01 3.277279368840099183e-01 3.328698052615636782e-01 3.455356515584941390e-01 3.616541086256066517e-01 3.305799392704983353e-01 3.550638909083606576e-01 3.227883432552179355e-01 3.617364725101970269e-01 3.302904216983909569e-01 3.562353807910614845e-01 3.480988765039446653e-01 3.582865253612882439e-01 3.599118048109836154e-01 3.601130718159530897e-01 3.493467291792756169e-01 3.604426596148170292e-01 3.670458715465027555e-01 3.406516629477723268e-01 3.577265025114146901e-01 3.562483307593081183e-01 3.605797280545864902e-01 3.707460652354181430e-01 3.644947007395820116e-01 3.808915775097315159e-01 3.678266641546040217e-01 3.533278642030634464e-01 3.538341739662198004e-01 3.442773458737551362e-01 3.677733469854115311e-01 3.525030133887300243e-01 3.518887458389052814e-01 3.567111439388372385e-01 3.605082100732497352e-01 3.481398467085124460e-01 3.607603920114530460e-01 3.641975262390216295e-01 3.653720203314950177e-01 3.714491412304796181e-01 3.571714868760483275e-01 3.539547021547507222e-01 3.566233668480521812e-01 3.634981578147547521e-01 3.704661282740659423e-01 3.547488341896326003e-01 3.595645053923630652e-01 3.550440760027719356e-01 3.537469030555297489e-01 3.551471733191545188e-01 3.490453981276599449e-01 3.473886662251665092e-01 3.398507782397854338e-01 3.467343107996844753e-01 3.524989275040035230e-01 3.524920432921059832e-01 3.595795849849882098e-01 3.481884018758591992e-01 3.631158930915329708e-01 3.588276196232159099e-01 3.497342145880029673e-01 3.560639286316608088e-01 3.498813054291445845e-01 3.559563770414505002e-01 3.590086691283541076e-01 3.571178917412272669e-01 3.555821383079463271e-01 3.498594222151156785e-01 3.501628162467206318e-01 3.543958537478189008e-01 3.639079368291813776e-01 3.658208490808765867e-01 3.568256176972554594e-01 3.623840948821830943e-01 3.534441612600878191e-01 3.599567211039242931e-01 3.599311356661037964e-01 3.580798737900619533e-01 3.689702897013144023e-01 3.651766495404231705e-01 3.620107597860448556e-01 3.476342480848305105e-01 3.518850096039614073e-01 3.551162672249021934e-01 3.556530828945715372e-01 3.558463702237446014e-01 3.534718808455200034e-01 3.595805281597113101e-01 3.594583228023841559e-01 3.622196144294628772e-01
1.121723385692503794e-01 4.254597428141908277e-02 3.340847533737059116e-01 1.000000000000000000e+00 3.488907811511969825e-01 3.540228488667109819e-01 5.421942635156613566e-01 5.548618440515382666e-01 5.055941062702273836e-01 4.479814938666538682e-01 5.559752130491405486e-01 6.317248574502140057e-01 5.208321057776056362e-01 5.036804041479354677e-01 5.981078425180568203e-01 5.958920353639161060e-01 5.298097190928653388e-01 4.835318660402465052e-01 4.004410530926448275e-01 4.882126191203748355e-01 6.458594814071442203e-01 5.107092353480466862e-01 4.051776519891080452e-01 4.198410446956083453e-01 3.523877985561746362e-01 4.976586670794788114e-01 5.057968723212090678e-01 4.928094930761168779e-01 4.665746293773689879e-01 4.770252795885109864e-01 5.255810330204189196e-01 5.719936842349995221e-01 4.992911430874600320e-01 5.456678538713750637e-01 4.830407529652689380e-01 5.369921312622158993e-01 4.879819163583296038e-01 5.791708745195928154e-01 5.695433765621995548e-01 5.520951694187172798e-01 5.586746559001485313e-01 5.844087203735722769e-01 5.740778516398574727e-01 5.953507991470794458e-01 5.693803432839316114e-01 5.713784862193879155e-01 5.716028419737765320e-01 5.654264719499139114e-01 5.890280400690863782e-01 5.911790256329937376e-01 5.901531281100511617e-01 6.059839710652142886e-01 6.079268777054267492e-01 5.769474119195618922e-01 5.688761043509571458e-01 5.374744284606977063e-01 6.054259995450084197e-01 5.818976172284275883e-01 5.807010632386779836e-01 5.922176741922989818e-01 5.899009501149328205e-01 5.895024036649411103e-01 5.923759248169389036e-01 6.032860511978868079e-01 5.839141951787667484e-01 6.046022451933094066e-01 5.770498129228440742e-01 5.522582834319936795e-01 5.587456288161120055e-01 5.903073786724342131e-01 5.773850054889984040e-01 5.440521031501601712e-01 5.470318056997967027e-01 5.224755733945832814e-01 5.545901494708418422e-01 5.498044910299659804e-01 5.342030766364495031e-01 5.429171132662508059e-01 5.392816184992985651e-01 5.400866634730498994e-01 5.379602082742562796e-01 5.619051449385457087e-01 5.716610189892510352e-01 5.419506896899245474e-01 5.765024310292083953e-01 5.691326716496957205e-01 5.451760278610199295e-01 5.800716945405943736e-01 5.674853976131880584e-01 5.677524202476109672e-01 5.650690351342064766e-01 5.755668086656814397e-01 5.691166255003123897e-01 5.730045318285454936e-01 5.716225864132544743e-01 5.745083082156987597e-01 5.892285707211631918e-01 6.061068533483450205e-01 5.813588086941040567e-01 5.864770365069172930e-01 5.804817054505952978e-01 6.006028746236062865e-01 5.895263958089534961e-01 5.903218393461977520e-01 5.932740985716499216e-01 5.991540733096096805e-01 5.946113447815772890e-01 5.684084672877448563e-01 5.670866939398374607e-01 5.847996283563337006e-01 5.833515309029203566e-01 5.887196001524436229e-01 5.868703030563685585e-01 5.956992557314654269e-01 5.826461448775183127e-01 6.015339989710110080e-01
-1.383045495756400102e-02 4.435111947150837536e-02 1.552406612288557419e-01 3.488907811511969825e-01 1.000000000000000000e+00 2.929628225218944837e-01 5.102598241557014802e-01 5.076045478519605192e-01 4.053629050602635120e-01 3.637674001891832987e-01 4.452069665434188472e-01 4.945707108010695685e-01 5.140015698250701703e-01 4.272296414137202181e-01 5.260151773858264823e-01 5.299770180746531389e-01 4.080816182750419685e-01 4.422729808836881604e-01 3.674012293998021317e-01 3.902290618758107454e-01 4.636819409230724109e-01 4.157548419517056448e-01 3.685110498992310579e-01 3.847504459238443308e-01 3.352972218766726020e-01 4.311327988081162799e-01 4.313950524715260970e-01 4.197112466922504614e-01 4.100585538455719381e-01 4.343351077386096160e-01 4.580602379175907624e-01 4.764229691075738127e-01 4.265001133487403839e-01 4.664989091416807399e-01 4.435391565528774560e-01 4.541144274761675370e-01 4.415173305384282321e-01 4.594612649314021025e-01 4.819773409905416250e-01 4.516072392280944259e-01 4.781781934609322660e-01 4.918157266174316700e-01 5.109001827931957118e-01 5.104361394158549725e-01 4.853191432224058244e-01 4.885805153456528327e-01 4.879723793785705199e-01 4.806557305776131273e-01 4.799783475267183075e-01 4.582309396942987334e-01 4.673982651853629267e-01 4.830995603166640673e-01 4.990582627774295954e-01 4.753067051419401778e-01 4.626706399873803388e-01 4.566148879791912529e-01 4.736780764884135353e-01 4.961991003538889777e-01 4.670777115205861363e-01 5.150697950274427672e-01 4.892086330702278274e-01 4.899043369592368524e-01 4.735065825873684409e-01 4.883659720365420842e-01 4.823199247286995006e-01 4.921299267896985796e-01 4.867529855253531212e-01 4.808677808694211131e-01 4.823894571958418642e-01 4.916707047212603432e-01 4.819277078994176344e-01 4.704181776725786523e-01 4.700609373966500026e-01 4.606110126283849415e-01 4.771992699948876537e-01 4.717771667853863371e-01 4.640912212861544872e-01 4.724197806865017557e-01 4.724408943783141579e-01 4.738455960218005414e-01 4.706452864180294404e-01 4.832605438507963092e-01 4.815164190856252580e-01 4.734205630305487467e-01 4.885421881772339936e-01 4.894481315505265773e-01 4.790563235290193900e-01 4.901628244568181914e-01 4.943253569020081284e-01 4.785624387793848689e-01 4.837500986437199280e-01 4.927185675737443260e-01 4.905371524245482062e-01 4.936061398948216050e-01 4.922774775195545849e-01 4.874185198088509807e-01 4.893588891884865788e-01 4.876390402528462120e-01 4.929423107401358362e-01 4.946140386030031255e-01 5.034977667012369151e-01 4.865461068362572639e-01 4.976770433979137431e-01 5.026747430274607353e-01 4.925581747717798775e-01 4.825590653730066903e-01 4.898499265282141857e-01 4.883513692754830604e-01 4.834346019836333053e-01 4.944974302235089492e-01 4.887088885614809253e-01 5.055600230423004104e-01 4.961073100020002569e-01 4.994914750906791490e-01 4.920902523980485999e-01 4.970269042842084817e-01
2.706279676630363520e-02 9.303369891842014350e-02 2.240176839361100736e-01 3.540228488667109819e-01 2.929628225218944837e-01 1.000000000000000000e+00 4.947632485866921837e-01 4.596333744448856118e-01 4.794181458753327130e-01 4.388299069160325194e-01 5.047721712939114980e-01 5.472883712329970063e-01 4.761390715736692480e-01 5.021262753926623024e-01 5.461354644843069428e-01 5.378913497644951525e-01 5.060422343042590976e-01 4.893885197021086153e-01 4.803443954811146277e-01 3.996278138254512613e-01 4.872966154441822351e-01 5.188137691687079167e-01 4.782660607150701071e-01 4.749974058521121978e-01 4.629454371392525136e-01 5.352404599405253816e-01 5.198628051614729850e-01 5.350537892447962962e-01 5.220266077023874018e-01 5.278886521927018682e-01 5.517932455209376696e-01 5.574334589102829529e-01 5.263454139833052547e-01 5.461207367095639587e-01 5.258453627751956683e-01 5.402077535709016720e-01 5.484697753530735076e-01 5.573427553318462957e-01 5.662708764603189282e-01 5.491971977163561114e-01 5.572529757643428505e-01 5.678577403298243897e-01 5.524198262109966118e-01 5.676831339220542727e-01 5.578742336315359873e-01 5.621184872935230947e-01 5.683199583225500007e-01 5.605111587111577531e-01 5.647678886433930012e-01 5.582074175535617355e-01 5.653154054698451558e-01 5.507780457332118740e-01 5.580861794034435164e-01 5.612385843884677428e-01 5.568010987522912236e-01 5.551551828965175517e-01 5.557355484178896354e-01 5.638300956687728460e-01 5.590738663657417451e-01 5.619200621858695399e-01 5.633678778399832110e-01 5.525713280112352077e-01 5.569626221748241734e-01 5.626108099901317994e-01 5.625570157031698493e-01 5.621290557715303837e-01 5.656359895433561435e-01 5.639407304943716559e-01 5.619787843126906601e-01 5.594583688807428512e-01 5.636226517783010648e-01 5.627529939094730871e-01 5.547884463177452652e-01 5.494597951471366093e-01 5.625566109408147719e-01 5.576987692032235877e-01 5.581700766095991639e-01 5.541475528967599873e-01 5.597892460711648699e-01 5.575002068902981112e-01 5.588838689741001398e-01 5.619277409353841124e-01 5.665212711711993254e-01 5.592468121465671294e-01 5.671425871852826539e-01 5.654847007978368589e-01 5.592201601373120168e-01 5.700114970496744649e-01 5.722454258525608850e-01 5.661520851206143234e-01 5.628468915889751623e-01 5.678943249395146387e-01 5.648830304533842828e-01 5.682502632827328704e-01 5.651029440535414450e-01 5.673625771897494730e-01 5.604480656039492192e-01 5.619255029528492651e-01 5.642131332693894885e-01 5.660591749812234896e-01 5.639154170126158272e-01 5.634653287869020311e-01 5.649775538819831189e-01 5.688053101257130040e-01 5.664986268887225451e-01 5.608567222092040172e-01 5.682306597366845180e-01 5.655140531731148723e-01 5.640943763495099850e-01 5.696176864803459416e-01 5.642709666662321100e-01 5.658854635343897321e-01 5.604034501747652275e-01 5.659861114458927256e-01 5.677320439211438474e-01 5.657122447437009649e-01
-1.453701963703751300e-02 1.156691842375624918e-01 2.662854805435153072e-01 5.421942635156613566e-01 5.102598241557014802e-01 4.947632485866921837e-01 1.000000000000000000e+00 7.360826985576994774e-01 6.236329801534685746e-01 5.788561973087511525e-01 6.683217219083197325e-01 7.567583920407130460e-01 7.265706339237477662e-01 6.688098533152303515e-01 8.340741793045872710e-01 8.077982503369552925e-01 6.544697106018937394e-01 6.139011776596027259e-01 5.540534130205990726e-01 5.545648544195144192e-01 6.740360988072651161e-01 6.122990242807924144e-01 5.534208769845664344e-01 5.226930211279531280e-01 4.795709598793390094e-01 6.838146091692354211e-01 6.678420975475560795e-01 6.733263428246358817e-01 6.607739113456034818e-01 6.702174746728876142e-01 7.129360273126282843e-01 7.439422611977539734e-01 6.834538675917520845e-01 7.171594707818820247e-01 6.806923407632377021e-01 6.968379488476771355e-01 6.824472823111681352e-01 7.561082492617214879e-01 7.663612943167004143e-01 7.247413844159349416e-01 7.385697752260277360e-01 7.563470333127146894e-01 7.663035652083638460e-01 7.790236753831539795e-01 7.465233877850002697e-01 7.692665688853935757e-01 7.585221864748213916e-01 7.473779899999823950e-01 7.646455037997607063e-01 7.444103118038537525e-01 7.550966919437727132e-01 7.526010600248151938e-01 7.671160076403559236e-01 7.478323511062178186e-01 7.415839120125129469e-01 7.204842845855409239e-01 7.599601635368058439e-01 7.541224927066259021e-01 7.487092342404318979e-01 7.675212268351664369e-01 7.657293233996781412e-01 7.624973019461623869e-01 7.570180692704011616e-01 7.726390748071042536e-01 7.502420714574405958e-01 7.673777516537642063e-01 7.564560608843670098e-01 7.336636188965452998e-01 7.403418098726064489e-01 7.464170204121305385e-01 7.349532637988592798e-01 7.228991470032140043e-01 7.118515472481454776e-01 6.909256562029085780e-01 7.391145483907439750e-01 7.350096855287145958e-01 7.246164927407016121e-01 7.407852793312100781e-01 7.411568949264243367e-01 7.358741054852523389e-01 7.287740767168465750e-01 7.513971958076688384e-01 7.490120442907673981e-01 7.381779373030971092e-01 7.604442113228188083e-01 7.554699081584204112e-01 7.369485833154931775e-01 7.694986056256740703e-01 7.648279136904371223e-01 7.465063909875981896e-01 7.497857610589871991e-01 7.631156443482536300e-01 7.576030289783759475e-01 7.656092205872260248e-01 7.612378727598512196e-01 7.571146278281443154e-01 7.667914935669095655e-01 7.718414021009648573e-01 7.696271370644459653e-01 7.716405023398782426e-01 7.722715498508133658e-01 7.704033279109033794e-01 7.696338862075340348e-01 7.739447645707365764e-01 7.661223194834788641e-01 7.608395044068009261e-01 7.712536821054999381e-01 7.537438431775139724e-01 7.515083839178130498e-01 7.628393047783804670e-01 7.592759464047517115e-01 7.685591241740050705e-01 7.654507975520369323e-01 7.745326113830313108e-01 7.586239511734347296e-01 7.742198918352756198e-01
-2.506254464541162342e-03 9.007665502699314930e-02 2.743801356546054504e-01 5.548618440515382666e-01 5.076045478519605192e-01 4.596333744448856118e-01 7.360826985576994774e-01 1.000000000000000000e+00 6.313635394857081140e-01 5.917395191915911790e-01 6.844549132198883834e-01 7.654500792122259645e-01 7.208415188679098140e-01 6.670016742418808375e-01 7.959176066074439282e-01 8.127324523716163984e-01 6.671148802660095134e-01 6.120670940577391805e-01 5.579777107781340728e-01 5.648581759946120773e-01 6.817778632901808633e-01 6.331530141629727604e-01 5.509062880844824983e-01 5.273670392900624559e-01 4.844547449521677818e-01 6.838823259208554051e-01 6.700919857375167155e-01 6.625334354716734264e-01 6.561615799893133483e-01 6.676608959839258617e-01 7.138028581561756125e-01 7.370007383402323864e-01 6.747608708339801753e-01 7.127099843171632587e-01 6.791476987835992629e-01 7.004449353792786548e-01 6.888416428872526920e-01 7.492410300867989870e-01 7.583845456007120012e-01 7.149182818768682335e-01 7.398659883122955527e-01 7.597173615412475822e-01 7.601681078856566964e-01 7.782625180441159474e-01 7.501493711539213294e-01 7.525342736398007437e-01 7.625104276348599885e-01 7.485560783245627237e-01 7.673596934628326149e-01 7.474096622955679337e-01 7.634739111372137454e-01 7.543081704959805345e-01 7.724673999888471698e-01 7.503765622858166173e-01 7.437416845077625682e-01 7.238935650268345512e-01 7.656656374431912715e-01 7.641998968032562844e-01 7.594206372521130621e-01 7.715606408877951905e-01 7.688302793509115274e-01 7.709949647045022392e-01 7.664315440920321798e-01 7.756279248595430165e-01 7.531737677287216881e-01 7.716711226790050615e-01 7.556968935680390409e-01 7.325834303471703279e-01 7.376435728654706647e-01 7.521309165173357680e-01 7.412908154584481046e-01 7.289575206442800992e-01 7.127140401777517509e-01 6.960589978578883841e-01 7.420876911867922976e-01 7.378282712089185846e-01 7.234577298772343346e-01 7.376430290987383565e-01 7.330083295687708222e-01 7.361006622912821262e-01 7.288957813392237250e-01 7.507899205647610152e-01 7.508749463124131385e-01 7.353010897548157843e-01 7.582501826870456929e-01 7.533364872422840808e-01 7.408936935281398295e-01 7.659629000841988722e-01 7.612703089281959157e-01 7.485113068278467230e-01 7.466503405317829190e-01 7.621667804815428493e-01 7.561777210348759048e-01 7.629480702917207369e-01 7.623584363045731171e-01 7.587540568762140003e-01 7.731000818634014005e-01 7.751914125254143473e-01 7.725872110750033883e-01 7.723739176335500112e-01 7.761289722016510018e-01 7.771374888791704461e-01 7.700149372840495721e-01 7.795119871283179291e-01 7.698795651106421500e-01 7.685037124783731244e-01 7.729982720874585267e-01 7.568459858632121673e-01 7.560021634919885658e-01 7.681450177548418967e-01 7.662171198649246895e-01 7.738774416364040398e-01 7.727501408387779103e-01 7.783058608449091587e-01 7.614302386840534620e-01 7.764535499138327523e-01
1.739509210064918709e-01 1.998862019847065519e-01 3.163703437828866427e-01 5.055941062702273836e-01 4.053629050602635120e-01 4.794181458753327130e-01 6.236329801534685746e-01 6.313635394857081140e-01 1.000000000000000000e+00 7.165390603904147060e-01 7.590865274898486170e-01 7.992752587641110962e-01 6.899974559684597386e-01 7.309139347693019984e-01 7.903466836146015861e-01 7.665348172240129543e-01 8.100059485993219566e-01 7.358410454911183951e-01 7.350856689126539223e-01 6.086485915845143424e-01 7.215297549327023274e-01 7.908957876026548872e-01 7.252182781108361675e-01 7.299213003414868339e-01 6.983973125272402438e-01 8.092676847469840729e-01 8.032280862399518995e-01 7.922072099949861723e-01 7.898643460972135655e-01 8.121837163709753060e-01 8.249098678148778507e-01 8.163586360536100317e-01 7.688300600870793255e-01 8.043235030455684331e-01 7.951754059933261454e-01 7.946181077630286582e-01 8.093950776609663000e-01 8.029315855989889172e-01 8.155229087645979869e-01 7.697413373380733725e-01 8.282390306411147041e-01 8.170746994273077046e-01 7.804453976766493328e-01 8.280830919860093786e-01 8.225610988174889560e-01 8.153592101811220072e-01 8.344199238568915655e-01 8.481148237140182511e-01 8.398629188439794557e-01 8.048621112309743975e-01 8.155445020180919213e-01 8.046220757797700740e-01 8.359806613788336449e-01 8.548061116861805919e-01 8.352649472364376271e-01 8.227885628734156187e-01 8.480203644126260709e-01 8.343111479715438206e-01 8.359965166137723891e-01 8.556541582428734971e-01 8.358920875153368346e-01 8.432222780208997737e-01 8.354221071731836590e-01 8.386965486929433000e-01 8.592342162348579615e-01 8.615060936600534847e-01 8.456480149257440404e-01 8.361241707937805412e-01 8.320272147360788795e-01 8.281204640884571866e-01 8.425585686906481575e-01 8.393454078234037219e-01 8.304402616777442070e-01 8.238575791136287796e-01 8.412065480857874311e-01 8.396884793177722406e-01 8.304309610208463477e-01 8.356179249791838570e-01 8.300499106889659418e-01 8.383469565216001840e-01 8.350308340131895601e-01 8.376435753698834308e-01 8.446850852319944813e-01 8.332516544158939942e-01 8.274711991201343375e-01 8.336029091200565233e-01 8.319432161690236693e-01 8.274744023295379503e-01 8.349442988768023266e-01 8.393779085981396548e-01 8.175039891936830561e-01 8.340385582031327738e-01 8.355168801604382356e-01 8.350702162072949353e-01 8.402227431678648273e-01 8.453894555292074120e-01 8.216328406642634530e-01 8.407848157634577602e-01 8.359079777201384731e-01 8.254466761603863612e-01 8.180409795754287616e-01 8.399222251966088626e-01 8.400421061294048863e-01 8.391989976238301008e-01 8.411688706076010380e-01 8.499935493823257415e-01 8.461152642674489854e-01 8.436022656728148217e-01 8.403575519908436098e-01 8.441331152080663314e-01 8.362544741220783173e-01 8.529001929835627882e-01 8.455478404026923744e-01 8.466814178548847103e-01 8.516619065241980424e-01 8.520209035566882472e-01
5.825097725075779193e-02 2.004663942557218526e-01 2.999743929381642471e-01 4.479814938666538682e-01 3.637674001891832987e-01 4.388299069160325194e-01 5.788561973087511525e-01 5.917395191915911790e-01 7.165390603904147060e-01 1.000000000000000000e+00 7.114412632040931772e-01 7.408179706184691016e-01 6.517527100054394396e-01 6.843277905314887333e-01 7.404910276166942751e-01 7.199729231422481446e-01 7.312995605896071005e-01 6.989531735416556479e-01 7.081459966898989711e-01 5.480565909466796892e-01 6.329704748523583557e-01 7.472971114442409357e-01 7.026953819414041291e-01 6.907564986422093378e-01 6.795653230254564692e-01 7.724561344422170572e-01 7.637191798266276255e-01 7.646324127394038550e-01 7.597676736014976617e-01 7.710500621856395398e-01 7.859398048940069437e-01 7.676736728292046230e-01 7.246873624898170219e-01 7.428954680940832445e-01 7.482615007634630944e-01 7.433009913624921694e-01 7.706355212515217934e-01 7.595067646509505721e-01 7.667721602088852784e-01 7.534485100767364107e-01 7.926592802251405390e-01 7.759834727182896019e-01 7.443104182899832333e-01 7.729517947105614128e-01 7.812850173538815612e-01 7.773904819682758705e-01 7.884446052240470237e-01 8.063606977592976399e-01 7.808960033111326249e-01 7.392610676168325234e-01 7.628975882751111159e-01 7.321911729657873957e-01 7.708140916844251622e-01 8.019910108962327033e-01 7.885438259754418144e-01 7.938227216361594119e-01 7.734860251213779847e-01 7.847586602340355100e-01 7.783549197127258568e-01 7.888514077154936688e-01 7.760449528147121967e-01 7.828883317700129352e-01 7.735324604305495733e-01 7.660880808497840810e-01 7.902622843627277183e-01 7.889625811126635968e-01 7.970908040853984522e-01 7.877748688377006481e-01 7.808369067784601825e-01 7.658488757330825791e-01 7.893848632062534509e-01 7.947106468266398327e-01 7.763356347207196473e-01 7.840496010172244290e-01 7.951915635703634688e-01 7.976764109520563251e-01 7.941066244953659536e-01 7.939412979111023505e-01 7.898455689426047144e-01 7.944534421438912419e-01 7.921285796985302330e-01 7.945931440912806787e-01 7.965047351435977641e-01 7.852415948972261139e-01 7.697282876638108506e-01 7.785314335899200522e-01 7.921293553698172119e-01 7.859060842230874977e-01 7.896734893456651694e-01 7.969227359543773481e-01 7.824951452608910341e-01 7.944955596362972550e-01 7.925102255521397909e-01 7.946242222705974800e-01 7.937756356162447569e-01 8.018052627784554298e-01 7.676427912607339810e-01 7.692711533291860526e-01 7.827304695178119998e-01 7.786963461229928773e-01 7.781663267972119824e-01 7.811455665237875268e-01 7.874249985895701576e-01 7.863274586871774607e-01 7.858818318015746707e-01 7.887987564139085084e-01 7.923917094671559802e-01 8.008083689992840926e-01 7.993784739656772942e-01 7.951731919087212663e-01 7.955730833077024888e-01 7.956412590467734081e-01 7.952364661264567092e-01 7.857304788262187145e-01 7.957971448656354641e-01 7.930869508246458643e-01
5.163949331767826029e-02 1.454288696345520382e-01 3.396344118338447404e-01 5.559752130491405486e-01 4.452069665434188472e-01 5.047721712939114980e-01 6.683217219083197325e-01 6.844549132198883834e-01 7.590865274898486170e-01 7.114412632040931772e-01 1.000000000000000000e+00 8.456661640174768513e-01 7.328472074972069983e-01 7.576875455034950413e-01 8.338864000071338767e-01 8.150304892722378680e-01 7.870771262655243961e-01 7.737202273878700520e-01 7.655649880095979354e-01 6.415398765915479862e-01 7.470704815156400391e-01 8.252734791101701273e-01 7.551616423002912581e-01 7.532894226163037166e-01 7.378732514449481972e-01 8.426718814909266442e-01 8.407258944005747692e-01 8.337740844623550140e-01 8.145890832709695717e-01 8.402008649866747891e-01 8.642333450321503241e-01 8.577311951901167575e-01 8.052658945599612261e-01 8.356312340316089937e-01 8.260228489721435086e-01 8.254319662921736356e-01 8.440843170957972319e-01 8.510244950657516183e-01 8.576890899580013050e-01 8.376953618086205866e-01 8.767460794472160535e-01 8.695836397017806529e-01 8.463737592044222602e-01 8.766214499369779922e-01 8.680904514204387246e-01 8.669201283219000187e-01 8.794097203168504961e-01 8.798023554981859728e-01 8.733230718512937640e-01 8.453347398599287965e-01 8.564559843118133564e-01 8.450743158479404604e-01 8.731983512585084206e-01 8.749176051704237178e-01 8.707709550991390435e-01 8.665946097339072285e-01 8.649353074687696763e-01 8.781544886677499218e-01 8.672964538730782991e-01 8.792667937860503269e-01 8.740257456742067665e-01 8.689422563612086980e-01 8.625317810475804370e-01 8.623025545367098976e-01 8.726183195976348062e-01 8.795275916117597514e-01 8.802536807462726376e-01 8.755912867232442665e-01 8.723928091868518031e-01 8.681767889335890720e-01 8.830678665741628075e-01 8.791747425141634986e-01 8.651653966670079798e-01 8.690701295082889910e-01 8.817814812794533275e-01 8.798065527237919348e-01 8.733408765825542153e-01 8.721388176176086970e-01 8.693951867307525561e-01 8.754970726725475050e-01 8.748121288063399614e-01 8.794782100599820573e-01 8.814781651800259743e-01 8.711895701215440768e-01 8.728112999682324791e-01 8.739144275116296212e-01 8.735073316877552951e-01 8.795301756277675853e-01 8.776513976978498333e-01 8.795683939013867469e-01 8.740190411158811346e-01 8.824562526386724448e-01 8.803090918032692169e-01 8.810624393968629064e-01 8.822578066273969455e-01 8.841181455063163996e-01 8.698371790438014228e-01 8.714756190822050552e-01 8.778104003269843192e-01 8.782383698829427932e-01 8.738286384893972913e-01 8.766086019279480945e-01 8.806850260764981231e-01 8.840549710135252592e-01 8.813221062836205100e-01 8.770119329461568691e-01 8.825396751670073758e-01 8.823517854794461490e-01 8.828332810181397372e-01 8.852065476498235386e-01 8.811093668911351706e-01 8.848288907704006112e-01 8.808352595516915073e-01 8.814256879258889343e-01 8.830704400650245534e-01 8.833974108938306147e-01
4.922403844115348648e-02 1.431286071498439061e-01 3.724959036297370574e-01 6.317248574502140057e-01 4.945707108010695685e-01 5.472883712329970063e-01 7.567583920407130460e-01 7.654500792122259645e-01 7.992752587641110962e-01 7.408179706184691016e-01 8.456661640174768513e-01 1.000000000000000000e+00 8.000954683355323560e-01 8.061088375403363537e-01 9.059141368536663963e-01 8.867034742806034764e-01 8.243071367591368048e-01 7.907135659046441445e-01 7.540894983936190510e-01 6.883309991754735790e-01 8.265846288855625001e-01 8.316869446269727906e-01 7.494227258602842445e-01 7.522170919932487099e-01 7.061714248684569650e-01 8.557284068324192416e-01 8.579374993186442699e-01 8.440723570540259457e-01 8.284941732954160809e-01 8.486125994983416687e-01 8.902962385032437975e-01 9.035159433584606381e-01 8.390468739483979421e-01 8.839905964036836039e-01 8.524976575415452729e-01 8.641314228529076713e-01 8.634378295294601324e-01 9.023601568860376565e-01 9.085413950278383721e-01 8.710957728366884867e-01 9.079170608680995347e-01 9.147832967051615638e-01 8.950938283469193069e-01 9.286237604840729132e-01 9.107367089270167471e-01 9.130499389614938899e-01 9.210157207220324160e-01 9.203765131454282322e-01 9.265804666327605021e-01 8.980296951920977433e-01 9.101527285893915575e-01 9.027740209738438493e-01 9.254312885643789510e-01 9.207781033364096368e-01 9.121567963163084158e-01 8.981539228903833161e-01 9.234518466030970929e-01 9.233660419949345499e-01 9.161003335811390702e-01 9.295123270639873425e-01 9.255969189080233139e-01 9.257240469658419846e-01 9.194933333545961540e-01 9.222865829858266640e-01 9.225050658374586154e-01 9.347284960927673136e-01 9.267729811077550783e-01 9.121643751631833830e-01 9.131240557811526326e-01 9.186502167866763546e-01 9.227271786792996533e-01 9.085982031241149892e-01 8.994516256047029312e-01 8.873914684767818528e-01 9.141221045905845166e-01 9.123749078553312630e-01 8.993287581615065918e-01 9.065457569862783727e-01 9.011517276727458725e-01 9.058204826329049331e-01 9.053345613640094713e-01 9.186632028725241206e-01 9.212979260660543179e-01 9.072964406067729470e-01 9.183699969838984289e-01 9.201514249969715564e-01 9.087856838151580074e-01 9.242781966727076082e-01 9.224804163613922192e-01 9.200379673846287298e-01 9.115396352825693160e-01 9.236941336960498017e-01 9.204439210110898495e-01 9.255971076619887716e-01 9.256593919940401261e-01 9.269618418780360969e-01 9.189697635488244254e-01 9.253887294278851927e-01 9.266090398540495210e-01 9.227088667462359783e-01 9.216544119686064240e-01 9.287095833006728807e-01 9.299154185347261459e-01 9.323916157904188484e-01 9.293844434662105192e-01 9.284006999454150755e-01 9.323280325553318093e-01 9.238147392695329474e-01 9.227087165166216742e-01 9.305898272643662317e-01 9.275153648353842151e-01 9.334839478354508557e-01 9.309405540418300706e-01 9.325590451313223728e-01 9.284407316769528462e-01 9.348350980605221183e-01
-6.031125493000871057e-03 1.328812568983882558e-01 3.005689002461678916e-01 5.208321057776056362e-01 5.140015698250701703e-01 4.761390715736692480e-01 7.265706339237477662e-01 7.208415188679098140e-01 6.899974559684597386e-01 6.517527100054394396e-01 7.328472074972069983e-01 8.000954683355323560e-01 1.000000000000000000e+00 7.181159126627751910e-01 8.371896290344938985e-01 8.354174651488228687e-01 7.080984237730367781e-01 7.169521678584540592e-01 6.824276443183227014e-01 6.435885488639071506e-01 7.226871079170582579e-01 7.326660764498722500e-01 6.831944514192253015e-01 6.777744205377235209e-01 6.411055690309660493e-01 7.774893805889205867e-01 7.621755950649207190e-01 7.580179532096951167e-01 7.518662668606440613e-01 7.746297564960230586e-01 8.016604627258647753e-01 8.065914412483145002e-01 7.528949396042767805e-01 7.888869086895076155e-01 7.721578242541263792e-01 7.736634330497350609e-01 7.829196700328437952e-01 7.998309978441876522e-01 8.206159869208698998e-01 7.769737412580209890e-01 8.130836903476192923e-01 8.193039439438177807e-01 8.202636132978631256e-01 8.363436174574819804e-01 8.172464991437080606e-01 8.165293822024990433e-01 8.259514267210603666e-01 8.202712338091117106e-01 8.203813421661388938e-01 7.924423775536161285e-01 8.055112135757158676e-01 8.048437262634875466e-01 8.209799802231123600e-01 8.121474573028810706e-01 8.024652545823821592e-01 8.035089246054668566e-01 8.089088881956698618e-01 8.195322319187466897e-01 8.011899705567419039e-01 8.402812561223704790e-01 8.289975684185099114e-01 8.171984001633811889e-01 8.083487745781920975e-01 8.236692578488049588e-01 8.195830016993392864e-01 8.297317008044573505e-01 8.277258296306317931e-01 8.192070491513590014e-01 8.231433134225222270e-01 8.280044178865131332e-01 8.211586630236880069e-01 8.128521583095368319e-01 8.068789275061651889e-01 7.973340665731288857e-01 8.209586761123018883e-01 8.179363754436990153e-01 8.075445360659230243e-01 8.154198543106553343e-01 8.143367085528352423e-01 8.159110522139167987e-01 8.130538661464484784e-01 8.268836669229030489e-01 8.242498803362893200e-01 8.169706309298117031e-01 8.249422647959444577e-01 8.265077985962526741e-01 8.185270007206084664e-01 8.291274035679613297e-01 8.319740596268339061e-01 8.216008423938927496e-01 8.189758399197099026e-01 8.303582546841208334e-01 8.287593055293802635e-01 8.310538225043954119e-01 8.319369578473553295e-01 8.286006354510329075e-01 8.204253688430244162e-01 8.249691731255027749e-01 8.303115421058465673e-01 8.297897148132298284e-01 8.330105831425493879e-01 8.248662625782123836e-01 8.343006746132946017e-01 8.376024960328239954e-01 8.326869331045613221e-01 8.205159879276897605e-01 8.314728366559337447e-01 8.258884638418153568e-01 8.234602227207232783e-01 8.320032915683668318e-01 8.226499367478965485e-01 8.374282728428447120e-01 8.275507711331636651e-01 8.361790125893059367e-01 8.301854656423974799e-01 8.365722082249261726e-01
