1.000000000000000000e+00 2.010908656171258302e-01 8.352236283079361723e-02 -3.832591354242852882e-02 1.438962621411041601e-02 1.789061881615715624e-02 -2.271899362620769317e-02 -3.956459395032613929e-02 1.243128588846712235e-01 4.135485663212477153e-02 4.833450945723759967e-02 -4.783803800653854688e-02 2.080722796934944552e-02 1.536556260795793501e-03 -1.389670167639601821e-02 -2.828367108291319522e-03 6.503463018217686686e-02 7.301649611921430527e-02 5.178316508183802847e-02 -1.024776801311588076e-01 -1.401576777822715301e-02 4.054797740290914249e-02 1.160411050335426048e-01 4.840873614002879494e-02 6.179001275286183370e-02 9.221637621054153133e-02 6.416913692711675998e-02 4.637445807147525662e-02 7.465800768363974049e-02 1.139153159379382302e-01 5.774398296627558658e-02 4.982817663980630002e-02 6.547645577656625859e-02 2.758049545931899604e-02 8.214903761512493130e-02 2.280819774380033957e-02 4.546957225104578809e-02 1.295681589685441538e-02 4.649775916907512852e-02 -1.174607800425479104e-02 2.869972333516471533e-02 5.657185377809549609e-03 -1.158471360499321867e-02 2.626858815919560705e-02 2.230240580645678414e-02 3.286075626106767927e-02 9.752417527213311840e-04 1.612226868936028276e-02 1.192226740829563023e-02 -9.579217213964732330e-03 2.113811906367233273e-04 -4.761134592409229510e-02 -1.217942855242586629e-02 5.392793721494559822e-02 5.110131447589670584e-02 7.259666050476379362e-02 2.861994323697768239e-02 5.900759528422228929e-03 6.775739246026360116e-03 2.294620211390740669e-02 -1.599858427747499539e-03 2.307509492493133030e-02 1.112284933359351108e-02 1.712257965390931447e-02 3.195277846281145001e-02 2.628744100504847372e-02 1.392950955764907066e-02 2.075460786941710559e-02 4.019914227423104086e-02 -1.650644278489661956e-02 -4.229141542617781933e-03 2.868180237627395573e-02 1.437838044324353699e-02 1.711708160721648470e-02 3.578573768082609491e-02 2.575585877302346074e-02 2.441221144110858332e-02 3.281947076178006600e-02 3.707186953071686664e-02 5.237934063066447543e-02 3.214034812327215551e-02 2.894921958755129407e-02 3.208684713323983057e-02 3.380704766267540046e-02 1.289726801417124223e-02 9.459066724784470637e-03 1.943210037974045512e-02 1.570549045490387055e-02 2.232163304475605695e-02 3.828921687705115484e-02 1.210605502100352455e-02 5.373277781803154421e-03 6.767069500741702132e-03 1.139723269096018857e-02 2.339326826490632956e-03 1.238405102259659135e-02 -1.169394205396607871e-02 -6.972106882876909217e-03 -1.299581331893179779e-02 -9.051024181091167631e-03 -1.553502979449720295e-02 7.736522491967098153e-03 -1.287336518681307489e-02 2.288352713113080313e-03 -8.455548105465286041e-03 1.949027942615081527e-02 6.352340737140521089e-03 2.007073932408810421e-02 2.274464548948739590e-02 4.117223752850866433e-03 3.437684797175637012e-03 1.007620177104719995e-02 1.299210268322628474e-02 4.299640301726572952e-03 1.390389407100826868e-02 2.668306852995224430e-04
2.010908656171258302e-01 1.000000000000000000e+00 1.558040079365629986e-02 -7.707934614932256123e-02 2.938589437963788631e-02 6.313243528591812315e-02 4.511475792954861702e-02 4.238685667949251140e-02 1.823282428404236766e-01 2.271060039913311568e-01 8.317159453275385639e-02 3.297686334766850719e-02 7.695475947452745658e-02 9.218273527748949148e-02 9.765397519932825232e-02 8.737571162159979421e-02 1.399407297714398979e-01 8.497583808738537470e-02 1.144607422916710110e-01 -4.884450059255546900e-02 -1.522118304827696153e-02 6.461875749469390973e-02 1.820830379297273816e-01 7.567550459504356064e-02 9.846352623115867120e-02 2.158020643971963470e-01 1.479092509206024475e-01 1.912807759362756266e-01 1.840317856350732473e-01 2.374319102305959828e-01 1.663603619646077392e-01 1.491152982411616257e-01 1.974956309108099051e-01 1.312386160637900312e-01 1.906195359995653260e-01 1.178476661282020777e-01 1.464490169247860407e-01 1.360691827415785593e-01 1.691097973778730723e-01 1.166106800898278478e-01 1.472823253185507608e-01 1.297190722398086915e-01 9.339705483950627718e-02 1.239363864819119226e-01 1.268590537255223361e-01 1.587003143271756567e-01 1.108825554472603198e-01 1.487865905936791300e-01 1.221350651810629989e-01 8.688423501107471469e-02 1.103236030174832294e-01 2.524329266006081901e-02 6.140835076718045848e-02 1.743929863718962081e-01 1.667070561269647366e-01 1.862315227417757901e-01 1.148490401076929512e-01 1.212493745099432058e-01 1.205920787273079553e-01 1.287852522456880977e-01 1.020603793447258517e-01 1.355626094951381810e-01 1.182664051238161984e-01 1.142393566208314420e-01 1.029753628988892278e-01 1.150566822513095222e-01 1.326646964730094913e-01 1.300558447806201556e-01 1.593931630542606004e-01 8.212358708285878717e-02 8.120898546438805321e-02 1.321130583446764595e-01 1.189440581300707928e-01 1.137384927942141077e-01 1.620773791708203238e-01 1.400419218112269881e-01 1.552384832748936461e-01 1.644382869868596664e-01 1.632970064910892471e-01 1.810757657871561732e-01 1.594156085284959834e-01 1.441762367785450194e-01 1.465062853302911972e-01 1.698130773183849640e-01 1.269112688691352298e-01 1.222424162495507893e-01 1.374050066790782343e-01 1.433184483146958954e-01 1.507483805353882766e-01 1.520310019159414328e-01 1.418969884185300456e-01 1.326153328360443751e-01 1.223302032115212157e-01 1.393154456135134445e-01 1.246817126681156046e-01 1.373964339316953442e-01 8.843851915518952111e-02 8.343802374532262311e-02 1.030665602139762271e-01 1.012669748012269832e-01 1.023913251884872172e-01 1.162479063565436399e-01 8.751486326745284983e-02 1.120358124709220221e-01 9.483402673603394395e-02 1.189945696921529822e-01 1.229185439037082106e-01 1.469122703870849866e-01 1.486804116398783571e-01 1.193962702407408150e-01 1.229325535991497437e-01 1.259203072512188881e-01 1.326950094716128625e-01 1.141015031772061455e-01 1.117430373287345569e-01 1.048445391776540864e-01
8.352236283079361723e-02 1.558040079365629986e-02 1.000000000000000000e+00 2.180418197474642272e-01 1.230020974441333875e-01 1.716225672513355116e-01 2.191829501770248823e-01 2.047351471418806523e-01 2.418687013871964331e-01 2.055213587777482698e-01 2.651903555096941090e-01 2.559664921117465464e-01 2.230074668612323507e-01 2.281351490396512083e-01 2.726231484653784398e-01 2.603709198378633127e-01 2.397813502214927728e-01 2.375526182439001155e-01 2.531321382608422432e-01 1.587495732755290490e-01 2.757601457632390396e-01 2.865012579311569385e-01 2.426618290606354367e-01 2.435537295152140069e-01 2.732471238411766645e-01 2.598751726967215014e-01 2.760613493371340543e-01 2.739280204134331709e-01 2.660783083174931840e-01 2.680570784864997891e-01 2.826997167808992240e-01 2.677126175583800505e-01 2.829566068462781026e-01 2.681575466908002747e-01 2.771148469008120063e-01 2.866324769828701435e-01 2.909535865285631240e-01 2.746166646538393818e-01 2.826180921096069221e-01 2.856599858596838293e-01 2.779286766530156272e-01 2.791441162114817742e-01 2.725767029390164797e-01 2.820579119236822363e-01 2.895334918800513413e-01 2.797983640811592676e-01 2.704030365220053134e-01 2.670666620266884950e-01 2.674377083786358966e-01 2.620723695457876090e-01 2.732303703926340366e-01 2.701038764813629145e-01 2.607153527953695038e-01 2.608364244827106049e-01 2.636808232331069868e-01 2.682265845270683235e-01 2.640599818139277577e-01 2.710089869784746974e-01 2.676350793699824870e-01 2.703061710936777162e-01 2.672846847834972062e-01 2.638553456147866294e-01 2.612208092554760275e-01 2.694944392778909070e-01 2.784054113433913069e-01 2.602138361202714911e-01 2.688351487522729899e-01 2.735521109397751061e-01 2.672660261719568275e-01 2.543029821115452838e-01 2.848562141449829110e-01 2.784921930792414457e-01 2.637926965521261158e-01 2.756903548226987688e-01 2.753043784824548146e-01 2.886200507026545625e-01 2.795324636793202200e-01 2.769405187765947018e-01 2.750806658755511336e-01 2.649072803404364795e-01 2.779015498117392013e-01 2.821808896000533307e-01 2.780500516549853640e-01 2.748371772168393123e-01 2.789949502884550014e-01 2.706905728644108389e-01 2.828216296745703073e-01 2.743023033110945086e-01 2.716713274425611169e-01 2.720126426706422906e-01 2.847082820057161845e-01 2.788680685629070788e-01 2.832932060086205128e-01 2.766385450193488693e-01 2.681435589997965829e-01 2.680328260418006758e-01 2.698502897003757783e-01 2.635380964961401840e-01 2.635122674969566092e-01 2.743899548632751650e-01 2.733792739245106684e-01 2.646031050164804332e-01 2.646925439549188686e-01 2.784734245263090213e-01 2.747233912441000014e-01 2.653715496144485875e-01 2.669122145216197284e-01 2.688336771745362119e-01 2.683840214300445837e-01 2.674252654182415201e-01 2.707413660607582706e-01 2.704394501029754871e-01 2.617728866408947641e-01 2.705094885300456942e-01 2.765852427144250836e-01 2.624132513169741832e-01
-3.832591354242852882e-02 -7.707934614932256123e-02 2.180418197474642272e-01 1.000000000000000000e+00 2.910588728716262952e-01 3.033303748242864861e-01 4.324645358381274951e-01 4.640364276899501261e-01 3.562435889691125124e-01 2.907178874400660473e-01 4.153337303195626662e-01 5.636244988723523308e-01 4.379692222147614222e-01 4.063120848471578062e-01 4.776739814056997768e-01 4.928154983428292835e-01 3.851329798082703815e-01 4.698785199377397692e-01 4.470185676403876096e-01 5.430174862475199982e-01 6.005619638638555191e-01 5.138451266838055531e-01 3.739008728805978121e-01 4.680231548515217388e-01 4.442014808591361330e-01 3.772973017491730863e-01 4.771240292236144653e-01 4.173820709770630355e-01 3.920481274071436761e-01 3.485979219205768143e-01 4.332518891420096274e-01 4.605905005249882889e-01 4.065770199385691508e-01 4.845189093857991125e-01 4.029960477192355839e-01 4.833276929236329789e-01 4.552082996009580995e-01 4.697050679288135022e-01 4.404806524148932589e-01 5.026451223483260344e-01 4.413220660874558332e-01 4.781597028239913394e-01 5.082715050811418278e-01 4.978965891962099932e-01 4.900385188504585154e-01 4.436203467300237069e-01 4.501188646460747567e-01 4.151247878681320613e-01 4.338580033006124159e-01 4.844356512808722370e-01 4.802310445714699227e-01 5.390541564554923726e-01 5.037154187987025189e-01 3.861751044178952652e-01 4.160169875380448912e-01 4.124598727027966594e-01 4.471208578463539141e-01 4.480732552831611648e-01 4.441666380939569003e-01 4.456850444287090429e-01 4.709102032548594385e-01 4.247995911846577655e-01 4.436191966516296326e-01 4.571646405933127988e-01 4.812649354765765053e-01 4.540986108507615304e-01 4.307600164854681890e-01 4.451542966016172054e-01 4.377698500783653857e-01 5.089282597416542320e-01 5.192305705020046069e-01 4.599534241351783681e-01 4.610902285631550135e-01 4.687807148391958667e-01 4.294132695218947360e-01 4.592621303606341243e-01 4.318176783667994623e-01 4.239317856600389733e-01 4.329589768017889084e-01 4.013001955755365890e-01 4.275415114413396722e-01 4.359325066850605612e-01 4.396923494441380420e-01 4.158799503295405042e-01 4.786968320186727466e-01 4.671001962482818071e-01 4.576683184138176652e-01 4.517898522048594545e-01 4.407786300265153501e-01 4.389168775199940309e-01 4.604000817093128473e-01 4.528382359668616242e-01 4.673348366602019244e-01 4.538370342734996399e-01 4.394351196694929462e-01 4.300942292472146877e-01 4.965684200423469141e-01 4.861594899472627129e-01 4.574980529979702504e-01 4.805742171720659428e-01 4.797266138929832668e-01 4.698567971532313647e-01 4.782665050493978831e-01 4.753051365458833000e-01 4.866217690440545196e-01 4.576651210331360020e-01 4.409947891835318545e-01 4.186271885565683304e-01 4.273174855991165311e-01 4.486779119793046222e-01 4.502787317786829391e-01 4.427314144287815001e-01 4.346662991319028002e-01 4.649687434591151525e-01 4.695245625660289801e-01 4.556547865534147923e-01
1.438962621411041601e-02 2.938589437963788631e-02 1.230020974441333875e-01 2.910588728716262952e-01 1.000000000000000000e+00 1.973488822570978185e-01 3.625657332149863632e-01 3.598091940846531167e-01 3.309845888279910331e-01 2.953672287858392087e-01 3.557766902862858349e-01 4.061834405246185775e-01 4.261420686128624680e-01 3.480897493929173692e-01 4.317569196564463585e-01 4.045972386127476561e-01 3.411661628097440446e-01 3.514134162570240472e-01 3.710814027794645531e-01 3.417959449643768188e-01 3.590410292300753037e-01 3.687958859719699944e-01 3.367797491944604649e-01 3.530834291848226059e-01 3.544141499188576128e-01 3.607562810592182534e-01 3.851077720722119180e-01 3.870373501821365303e-01 3.636121230066190479e-01 3.455029635121973919e-01 3.838651609982366431e-01 3.998541462660790691e-01 3.799924109929636029e-01 3.880329876803009781e-01 3.767363545305312811e-01 3.957552034994231138e-01 3.883756499847638155e-01 3.975651300115884412e-01 4.000787161698963201e-01 3.936854553064805806e-01 3.984039528107461980e-01 4.121013174300067750e-01 4.265858856457583892e-01 4.254687137355535609e-01 4.097732352791661481e-01 4.071090612876894776e-01 3.984895851606148343e-01 3.930363489457358028e-01 3.972883563185450329e-01 3.959548894329166790e-01 3.975607869017279694e-01 4.115466283183713547e-01 4.078910103855632463e-01 3.809257857909972289e-01 3.896343389335450991e-01 3.795432535111532557e-01 3.764647696215842054e-01 4.094458793257800266e-01 3.853015034787096726e-01 3.976104767933474338e-01 4.030510647991604189e-01 3.833385141799025009e-01 3.815759053751250907e-01 3.979502340544220362e-01 4.027091415956225995e-01 3.916988732945607676e-01 3.983037386544550640e-01 4.015797667221085443e-01 4.011368720770754348e-01 4.047857179196480137e-01 4.168315885488842465e-01 4.047351928875634886e-01 4.008138096342750978e-01 4.090580123917054167e-01 3.957525943937480473e-01 4.064173442550662041e-01 3.988346718036857586e-01 3.981668570509622751e-01 4.024960627934986435e-01 3.860860821999356207e-01 3.937034236932364650e-01 3.967960754113251109e-01 3.925371796335951347e-01 3.952266010505029459e-01 4.139737243697015900e-01 4.092545954189470425e-01 4.014796857985262757e-01 4.077070571351839590e-01 4.049549772013084081e-01 4.018720616753341246e-01 4.083979469993966882e-01 4.115441264226434859e-01 4.108360028430523281e-01 4.118158229006512738e-01 4.034212240923032433e-01 4.006033298362897122e-01 4.138888913805801040e-01 4.014823327930506780e-01 4.021461350630087805e-01 4.099275316021295246e-01 4.183970600354151581e-01 4.000692643234810553e-01 4.133264434638030393e-01 4.194216839000856623e-01 4.136044640288325525e-01 3.945088582421876211e-01 4.042867643923410692e-01 3.958639689970418485e-01 3.975731918264705511e-01 4.039428046895873203e-01 4.015301095833122558e-01 4.054568431804433382e-01 3.937563472222994077e-01 4.077492680925171586e-01 4.079868211295676339e-01 4.019455921831436296e-01
1.789061881615715624e-02 6.313243528591812315e-02 1.716225672513355116e-01 3.033303748242864861e-01 1.973488822570978185e-01 1.000000000000000000e+00 4.029045986877982655e-01 3.597195198662896387e-01 3.904490090852638651e-01 3.617965163801128980e-01 3.954310381406872521e-01 4.683732116863316697e-01 4.123196881061040320e-01 4.027502303231503822e-01 4.636315246217188601e-01 4.637845142497680762e-01 4.046346816104550159e-01 4.063285379280592857e-01 3.867862260305622857e-01 4.025003357028190676e-01 4.151205824372310449e-01 3.943634606631133410e-01 3.797644278090661074e-01 3.920037611224896912e-01 3.905145341866035902e-01 4.213961107310705279e-01 4.439231775156973203e-01 4.466789087232615474e-01 4.397007349678764276e-01 4.202299716155876719e-01 4.563645838450489101e-01 4.483783115263759167e-01 4.337981544276600654e-01 4.464677757539525782e-01 4.237157406314263075e-01 4.534255662136754683e-01 4.520325318284468263e-01 4.567036922354666961e-01 4.544920292392145011e-01 4.620025268122474604e-01 4.722288428293439644e-01 4.686372028102617771e-01 4.920836809993899830e-01 4.828311619322793735e-01 4.738101447760663665e-01 4.699066496686895578e-01 4.798818274353623403e-01 4.736907281613216836e-01 4.757391373298265891e-01 4.584938877290944959e-01 4.797529414404118620e-01 4.854752027553586591e-01 4.783039391878887714e-01 4.602340426380295280e-01 4.640347461666869400e-01 4.501380078199055945e-01 4.740486029618396491e-01 4.746841343451465023e-01 4.786829479630824724e-01 4.827947626264649794e-01 4.907092810976868003e-01 4.785629836058178377e-01 4.776379655626056819e-01 4.791064459116849972e-01 4.830781729432526150e-01 4.829186100955214500e-01 4.784837883188530760e-01 4.747269856597136628e-01 4.734106464945404547e-01 4.883251947501743295e-01 4.789636301382803607e-01 4.756949307683205341e-01 4.752962774357825659e-01 4.737708704725491216e-01 4.725688860769329813e-01 4.775348052558816003e-01 4.787220586759661223e-01 4.789355374934338716e-01 4.783667274609355591e-01 4.611418478684478628e-01 4.719497596158406250e-01 4.761132817303924125e-01 4.756883586117578999e-01 4.640506842387281949e-01 4.771646748586263476e-01 4.788839616817921474e-01 4.756220523464081973e-01 4.810811462561109808e-01 4.769283367594988610e-01 4.738176330264829428e-01 4.791563056752546346e-01 4.828224574166855021e-01 4.830626642784344171e-01 4.830533958373789960e-01 4.842119069283580268e-01 4.806292711032566500e-01 4.863740951445413851e-01 4.842002746380316136e-01 4.875679320826307173e-01 4.881642161428466631e-01 4.933864305070478351e-01 4.843782194281013864e-01 4.903750385319319283e-01 4.890590258638978782e-01 4.911372592071185927e-01 4.805105520111171979e-01 4.822519904566832660e-01 4.741540327646183717e-01 4.756239066189331122e-01 4.802102586512545512e-01 4.822175242382890636e-01 4.812783494292591779e-01 4.802453482424576259e-01 4.861291224077496920e-01 4.828608441920658745e-01 4.859034852648950187e-01
-2.271899362620769317e-02 4.511475792954861702e-02 2.191829501770248823e-01 4.324645358381274951e-01 3.625657332149863632e-01 4.029045986877982655e-01 1.000000000000000000e+00 5.887423570799213968e-01 5.702899550916743499e-01 5.245812411536443509e-01 6.120313647869671803e-01 6.798665664674381492e-01 6.093239538175214687e-01 6.167234730906346885e-01 7.352829031154051176e-01 6.871465942040513308e-01 5.978949468420406976e-01 5.743349804114852297e-01 5.927881880930119252e-01 5.609563633530941784e-01 6.089256290836572161e-01 6.118659888488352516e-01 5.428213820311844628e-01 5.654959679241604587e-01 5.795364880634575888e-01 6.112775131255793193e-01 6.495883041374721500e-01 6.629711284708497132e-01 6.268978296167911912e-01 6.011838619884668500e-01 6.733865848585043334e-01 6.538174369184718282e-01 6.596872212481468267e-01 6.518577159614160621e-01 6.212945451931022323e-01 6.742688456027615684e-01 6.590623085248673574e-01 6.950795034344257051e-01 6.807993252717758903e-01 6.944329240336430953e-01 7.031691007697914442e-01 7.156306313006485231e-01 7.117790464339990297e-01 7.227422430517346230e-01 6.971552531452052115e-01 7.021548257860023012e-01 7.025208156158631034e-01 6.914212531467485157e-01 6.864906476949926839e-01 6.574273852184794320e-01 6.963147069458957006e-01 6.938890983519210298e-01 6.897196129808768061e-01 6.713996073743739856e-01 6.771237940980100456e-01 6.651109168710760411e-01 6.763906481292961681e-01 7.057321115874953810e-01 6.952306375010953721e-01 7.000654585333706548e-01 7.097408880557825039e-01 6.900105150925848196e-01 6.866909705327046698e-01 6.927597175968190912e-01 6.965286123045386635e-01 6.870543916067111123e-01 6.981347809214787370e-01 6.952069510149204712e-01 6.818284052035329390e-01 7.015442856225260204e-01 7.103737223950684632e-01 6.983061887443671178e-01 6.886449981648008478e-01 6.932530299301005172e-01 6.885357147189784532e-01 7.065290007894590163e-01 7.036472715952820645e-01 6.887212564142870530e-01 6.922548595742671340e-01 6.728844854347076909e-01 6.843570944122913113e-01 6.964517085474651870e-01 6.928906080715474536e-01 6.898737406076492773e-01 7.036878882458675877e-01 6.980822971618892980e-01 6.985916775064699991e-01 7.094114003302278704e-01 7.010757537006158113e-01 6.921667738659953439e-01 7.108645473445546203e-01 7.115427598396890652e-01 7.137361530213108818e-01 7.141067304129692372e-01 7.071104028468079283e-01 7.002266180488504466e-01 7.110659456421487556e-01 6.960529136062418853e-01 7.051721243121494842e-01 7.157839076094421049e-01 7.175740958626712906e-01 7.025640973215960816e-01 7.081619587404305305e-01 7.182043255713302932e-01 7.102630454951839312e-01 6.973539840721100225e-01 7.010199753579461346e-01 6.931357045729383826e-01 6.956608991824156929e-01 7.067333762089941240e-01 7.078921549517728229e-01 7.072287828154205647e-01 6.995424424658525098e-01 7.052818410737852206e-01 7.052621759847745864e-01 7.038084106410007479e-01
-3.956459395032613929e-02 4.238685667949251140e-02 2.047351471418806523e-01 4.640364276899501261e-01 3.598091940846531167e-01 3.597195198662896387e-01 5.887423570799213968e-01 1.000000000000000000e+00 5.552775839560788462e-01 5.054711566977083681e-01 5.725227015242815298e-01 6.830114080271971755e-01 6.285598521663204874e-01 5.947140240359428676e-01 6.919438692480137654e-01 7.210616611809610443e-01 5.810047803540924205e-01 5.496929685734665005e-01 5.744252209969331613e-01 5.488548949838052415e-01 6.144731695489301648e-01 6.005753113043732494e-01 5.282886101036556870e-01 5.401787664967858671e-01 5.482425379216854244e-01 5.926252458571255044e-01 6.209799568963526584e-01 6.189373048311861414e-01 6.192814684648590973e-01 5.789355725436835520e-01 6.343266013486777988e-01 6.422863503919931105e-01 6.278964666021999985e-01 6.412376989407170269e-01 6.003810714321906605e-01 6.622144503901798984e-01 6.249236905652512108e-01 6.890131375692176707e-01 6.642928763287073712e-01 6.659434190347205407e-01 6.714525961684317812e-01 6.916817807557851250e-01 7.061580974258965249e-01 7.030429266098628949e-01 6.737557713096525847e-01 6.735911675949903810e-01 6.850625133271471823e-01 6.729668158874368977e-01 6.741213334407262225e-01 6.667379398004618096e-01 6.919635352772709469e-01 7.006484100811483096e-01 6.952266393454639148e-01 6.481252328308956256e-01 6.638243962505093743e-01 6.497248560489339297e-01 6.698909995857066368e-01 6.930675279458043958e-01 6.857184096915197591e-01 6.783151325162317669e-01 6.965349003751217793e-01 6.762823173791518983e-01 6.750426351777725209e-01 6.876424102853024856e-01 6.823887394723976429e-01 6.727804596223325717e-01 6.789769425148578508e-01 6.763434620708231870e-01 6.655237571686966058e-01 6.853397689850612151e-01 6.994554966127957130e-01 6.801785052878606130e-01 6.665711086234549221e-01 6.703887600671423197e-01 6.654261432212793537e-01 6.802814739407238021e-01 6.751577012766777353e-01 6.727499585541050209e-01 6.666896592719600001e-01 6.551228734772631679e-01 6.606082873340755057e-01 6.688669632144882415e-01 6.739738339613207119e-01 6.662191988266494835e-01 6.960599624408932984e-01 6.858146191475250619e-01 6.798377018824259821e-01 6.949546825385239934e-01 6.799119838284263251e-01 6.791750012783347445e-01 6.768754545127210198e-01 6.949704334231828762e-01 6.911411054000019538e-01 6.891339904665699789e-01 6.911364750448154570e-01 6.814652000415498678e-01 7.110736318733268391e-01 6.987454630296283664e-01 6.965487149107232323e-01 7.087635382862403910e-01 7.063911828434887852e-01 7.000298802511244478e-01 7.020969002972200501e-01 7.105807094276656022e-01 7.048039404753877468e-01 6.901365589852097582e-01 6.878509634446570153e-01 6.747587735133556697e-01 6.795305736812999875e-01 6.943551176134362679e-01 6.958372900746210288e-01 6.909518076374752127e-01 6.862831993680962306e-01 6.997067099420266612e-01 6.915144714785433910e-01 6.919606729153880975e-01
1.243128588846712235e-01 1.823282428404236766e-01 2.418687013871964331e-01 3.562435889691125124e-01 3.309845888279910331e-01 3.904490090852638651e-01 5.702899550916743499e-01 5.552775839560788462e-01 1.000000000000000000e+00 6.823804826426127512e-01 7.107364391619640509e-01 7.114527093487222897e-01 6.579014770435627213e-01 6.913378606867068843e-01 7.743444861423260939e-01 7.465681698131270139e-01 7.860988232573674628e-01 6.997218668850073708e-01 7.128083557394608860e-01 5.840671231991393375e-01 6.165981915348349718e-01 6.573909739030262545e-01 7.362926734839185805e-01 6.813597694745231470e-01 6.849063992079756913e-01 8.079599655362054156e-01 7.743146067179494940e-01 7.897386571006086431e-01 7.712423798719131307e-01 8.100420750727643782e-01 8.267813168119892975e-01 8.188744091701720684e-01 7.814779100274141799e-01 7.870443011235237485e-01 7.845693094591702499e-01 7.990996149600556597e-01 8.095669057749796949e-01 8.004299265621769299e-01 8.170056713185424035e-01 7.690968080882755187e-01 8.256739686509027010e-01 8.094573544173179203e-01 7.915757131416669701e-01 8.198840536072991014e-01 8.096826338248847010e-01 8.185731133050808683e-01 8.265860099481215917e-01 8.435858550148616075e-01 8.364201729135851693e-01 7.818572105979030296e-01 8.163336034541216479e-01 7.578689433490166660e-01 7.911365113642535585e-01 8.517797561513705817e-01 8.466579724764894399e-01 8.413590659411004369e-01 8.329928055664176378e-01 8.284002371491685501e-01 8.331379326993411105e-01 8.376503679748141806e-01 8.275917954595159998e-01 8.357753194784527384e-01 8.246912746169544617e-01 8.296274384349419106e-01 8.281595917520878647e-01 8.344811174714882318e-01 8.365375907898249253e-01 8.384338960555844933e-01 8.438974870375131054e-01 8.097330970428775476e-01 7.974929611614487435e-01 8.340462783366251465e-01 8.255035536910098060e-01 8.200751874600249458e-01 8.447532220611152498e-01 8.373193473868779657e-01 8.345637697145837919e-01 8.347463117630513629e-01 8.377770584881142346e-01 8.466489819326821209e-01 8.411484327754309431e-01 8.429664703264367898e-01 8.424711729932192750e-01 8.378490064941357396e-01 8.299314606035398389e-01 8.291029444729832720e-01 8.337788233718869124e-01 8.360639817006045860e-01 8.400355221481400347e-01 8.434055530164332737e-01 8.292449584309690147e-01 8.335518505957191238e-01 8.334333522433385877e-01 8.350949558628081304e-01 8.329753770583860906e-01 8.389058390918218144e-01 8.129865550666878216e-01 8.154466904333036448e-01 8.235569441541154001e-01 8.237552288579055304e-01 8.217905124056416044e-01 8.324257451559482490e-01 8.177672557044216584e-01 8.284216936812053289e-01 8.237418899649596726e-01 8.361693678125760032e-01 8.368063176245303936e-01 8.434699106010637992e-01 8.441471758209188048e-01 8.334664826523373593e-01 8.332390907922406775e-01 8.378656935616898283e-01 8.362362170154813423e-01 8.308352375216718766e-01 8.348794183314691697e-01 8.318280539649473004e-01
4.135485663212477153e-02 2.271060039913311568e-01 2.055213587777482698e-01 2.907178874400660473e-01 2.953672287858392087e-01 3.617965163801128980e-01 5.245812411536443509e-01 5.054711566977083681e-01 6.823804826426127512e-01 1.000000000000000000e+00 6.249805853781439380e-01 6.397992804836376557e-01 6.056223598704190136e-01 6.210856925201501122e-01 7.132173372815151513e-01 6.796226176483334269e-01 6.749165367511583691e-01 5.753685915240751569e-01 6.087530290603233585e-01 4.914280997977320542e-01 5.098458520651316661e-01 5.491017080035590636e-01 6.392572091587185312e-01 5.738538707154869911e-01 5.763366338959803326e-01 7.173161624641749556e-01 6.810830788770441124e-01 7.128025198797369733e-01 6.879395888466240949e-01 7.311721809850399989e-01 7.526986656217786731e-01 7.269327310307640566e-01 7.103005912992831350e-01 7.062546534835939527e-01 7.093967858541804228e-01 7.125360053771975233e-01 7.261041709589930448e-01 7.318937161093888033e-01 7.458672806543825695e-01 6.975123030084455777e-01 7.550213396214841000e-01 7.375058700849775883e-01 7.117075269778858626e-01 7.388946481443864345e-01 7.317878431835177500e-01 7.474265214627868747e-01 7.526809246339708492e-01 7.692156672550046759e-01 7.510429083664185157e-01 6.901714735038804172e-01 7.342622723092357973e-01 6.711109737207191506e-01 6.981300553306848400e-01 7.694082449592912765e-01 7.565278384150300184e-01 7.591376018984040686e-01 7.398059134418515370e-01 7.495438208709918060e-01 7.505082413015484732e-01 7.559660274273500846e-01 7.473355355076259920e-01 7.584686434258096632e-01 7.395774736694612495e-01 7.400242577374900321e-01 7.241176696597002582e-01 7.374187561451513995e-01 7.613663585578377413e-01 7.582135995092602609e-01 7.652340177803345078e-01 7.272927240642120816e-01 7.064322521902179908e-01 7.462600676636503838e-01 7.438781992575000945e-01 7.300237085546888993e-01 7.678452835616106364e-01 7.597416692478022870e-01 7.589144015659017306e-01 7.522731337606476387e-01 7.587709608797986727e-01 7.763394438108905948e-01 7.647457413615327271e-01 7.710305094941349857e-01 7.677527581316797578e-01 7.682499482371020205e-01 7.500581896383212710e-01 7.528576201429418857e-01 7.609460021770109162e-01 7.640037676108906162e-01 7.672267109660488860e-01 7.654192264872494711e-01 7.578785176951103875e-01 7.619898185130599133e-01 7.575375442904496159e-01 7.620698397800572677e-01 7.622117954801854722e-01 7.687379587295991579e-01 7.365078937193190178e-01 7.280541754722974490e-01 7.511545669060122332e-01 7.505552930693857316e-01 7.474576861528943184e-01 7.498484577229105330e-01 7.391868399634539122e-01 7.533374953396866358e-01 7.434252794211927418e-01 7.524226856032771860e-01 7.613213134198486554e-01 7.692995572377384628e-01 7.690883035076140350e-01 7.591153667468142352e-01 7.586669513685447841e-01 7.614818611442573104e-01 7.632617739285990632e-01 7.548794713026164560e-01 7.420761159262682094e-01 7.504402294539700424e-01
4.833450945723759967e-02 8.317159453275385639e-02 2.651903555096941090e-01 4.153337303195626662e-01 3.557766902862858349e-01 3.954310381406872521e-01 6.120313647869671803e-01 5.725227015242815298e-01 7.107364391619640509e-01 6.249805853781439380e-01 1.000000000000000000e+00 7.567735698584749926e-01 6.700442196803007011e-01 6.885307262963479280e-01 7.763528697365436049e-01 7.535336816988993380e-01 7.422197911747057120e-01 6.763362173238026687e-01 6.970704076072241628e-01 5.862928498886244011e-01 6.618040832538427676e-01 6.911370106605844166e-01 6.951158980379106289e-01 6.720632680052521790e-01 6.839532678268456234e-01 7.620750216769180962e-01 7.718207026487705624e-01 7.704934184590017665e-01 7.584568551406796200e-01 7.680054977966616070e-01 8.149644890490902460e-01 7.957835900120503458e-01 7.765719693091495124e-01 7.772715071600205805e-01 7.746700241045220148e-01 7.979011351349324377e-01 7.980825765656222037e-01 7.958575126546938439e-01 8.071055142711477393e-01 7.763506214530923044e-01 8.147593286987977468e-01 8.119207551517327870e-01 7.962712004692368284e-01 8.194292606368274168e-01 8.138301002662070571e-01 8.084142946220186365e-01 8.147612594769632066e-01 8.199043435882467090e-01 8.165643067353031137e-01 7.757437791804479010e-01 8.073536611062348545e-01 7.761023795673361869e-01 7.892591353700662005e-01 8.132354202720206704e-01 8.125136705071106524e-01 8.031207703240382800e-01 8.063277872973608762e-01 8.183463972532188935e-01 8.144151550513091253e-01 8.207822138319967875e-01 8.204209334413778976e-01 8.134115694533297081e-01 8.060046438650486644e-01 8.160558227599168379e-01 8.151358741611283154e-01 8.134190836190567930e-01 8.219344100555058263e-01 8.231072541669258724e-01 8.215659838819379113e-01 8.041422803784846751e-01 8.102141979860876253e-01 8.250908179580601631e-01 8.087064938600108110e-01 8.106191834092970616e-01 8.241699196039720121e-01 8.289765459950252380e-01 8.222168659644836231e-01 8.180656454845313119e-01 8.202136693346487872e-01 8.173018577231803139e-01 8.218792114055913922e-01 8.244386164711996479e-01 8.259386856386241593e-01 8.210677455264556723e-01 8.241648352285630974e-01 8.198553571749543911e-01 8.237555629410586722e-01 8.224060709218886656e-01 8.258015810564354187e-01 8.199362873901937521e-01 8.241417644774349238e-01 8.248709037167412106e-01 8.269127136443178427e-01 8.268594709308020319e-01 8.232133785253280545e-01 8.229504305789929752e-01 8.092655550873999459e-01 8.052123029047238978e-01 8.144119596240944059e-01 8.177587511447677038e-01 8.194958589452679965e-01 8.166419751332507637e-01 8.136919258922551412e-01 8.263709131561127741e-01 8.203968721817581633e-01 8.165521014348801065e-01 8.196824359414931482e-01 8.204212518010736144e-01 8.220047610458861564e-01 8.204343708529673318e-01 8.215022876072425317e-01 8.233471373034175755e-01 8.184377394135475825e-01 8.206060701067171559e-01 8.239959331068701376e-01 8.176864606372128419e-01
-4.783803800653854688e-02 3.297686334766850719e-02 2.559664921117465464e-01 5.636244988723523308e-01 4.061834405246185775e-01 4.683732116863316697e-01 6.798665664674381492e-01 6.830114080271971755e-01 7.114527093487222897e-01 6.397992804836376557e-01 7.567735698584749926e-01 1.000000000000000000e+00 7.456148312935196865e-01 7.325465728318385494e-01 8.504250507974925322e-01 8.407473832346900044e-01 7.571562426771338838e-01 7.027597537106047287e-01 7.258010839110548007e-01 7.375449141672306697e-01 7.741699592848411138e-01 7.401341935948553274e-01 6.802074425355736365e-01 7.089747973656610469e-01 7.036389382320870078e-01 7.493459590382219870e-01 8.016646421144448809e-01 7.818748933433984361e-01 7.527185347639537838e-01 7.338893073412356971e-01 8.197549444154731413e-01 8.230086248374816060e-01 7.792113333552798116e-01 8.215275410044730053e-01 7.607194134957778742e-01 8.486214965082724548e-01 8.155422412575733526e-01 8.436403042516283923e-01 8.281405377410121504e-01 8.390370311700808825e-01 8.538687338072979971e-01 8.578171214124050703e-01 8.707768832470162979e-01 8.740266138395204054e-01 8.629800840014471008e-01 8.405797156870420395e-01 8.741406031377779717e-01 8.550776547990164289e-01 8.581957958429844435e-01 8.344979403014176622e-01 8.642047737247230410e-01 8.811287459535991351e-01 8.776965729315571174e-01 8.253727817779380471e-01 8.303329772866290259e-01 8.121610950940254536e-01 8.512542286199491492e-01 8.668915917406249116e-01 8.640802209030403747e-01 8.665173099594061235e-01 8.796844928741742731e-01 8.582997819643607418e-01 8.554602631702686866e-01 8.685333388488505335e-01 8.713634323760961475e-01 8.609703642882796659e-01 8.661692624674102170e-01 8.624309270884354950e-01 8.496567969319980262e-01 8.873726287071250773e-01 8.814622972632879527e-01 8.634859468334316057e-01 8.565878653055292169e-01 8.538659199599849536e-01 8.524125805669316991e-01 8.657399485626664504e-01 8.526534658841397052e-01 8.424844983110144625e-01 8.452054334590896056e-01 8.313966799279473019e-01 8.458575107068189158e-01 8.596644947810520021e-01 8.597671456650523014e-01 8.441437732149413842e-01 8.754672424077776238e-01 8.708317398469629378e-01 8.706865813659276920e-01 8.670024914985342557e-01 8.615886963651903097e-01 8.536276039299925955e-01 8.671709621876264595e-01 8.731137095405487880e-01 8.760131186085483579e-01 8.704480549342763496e-01 8.736358709238601916e-01 8.677289580858559281e-01 8.841040928623709050e-01 8.735573998148318253e-01 8.783429326969618423e-01 8.840502049658819361e-01 8.879176285434214888e-01 8.769713936651414299e-01 8.863186657947039748e-01 8.856177835001652898e-01 8.876217163725302894e-01 8.685976446589068756e-01 8.690144531858465804e-01 8.571344691762378121e-01 8.584615433395295092e-01 8.758013109190835310e-01 8.745894274862903162e-01 8.734689427988856503e-01 8.682481900715479650e-01 8.779850751080917615e-01 8.790596291360721626e-01 8.773638976568630676e-01
2.080722796934944552e-02 7.695475947452745658e-02 2.230074668612323507e-01 4.379692222147614222e-01 4.261420686128624680e-01 4.123196881061040320e-01 6.093239538175214687e-01 6.285598521663204874e-01 6.579014770435627213e-01 6.056223598704190136e-01 6.700442196803007011e-01 7.456148312935196865e-01 1.000000000000000000e+00 6.790122909632064774e-01 7.743468296383683169e-01 7.688166830477569658e-01 6.917894038128642453e-01 6.373300008909396075e-01 6.715077396622831651e-01 6.095986394949104437e-01 6.632039464923951133e-01 6.699668599624524212e-01 6.322965441895225247e-01 6.427264953682780835e-01 6.639288110738665871e-01 7.118656310907210960e-01 7.219402375866283972e-01 7.237301006964345085e-01 7.147149521698010766e-01 7.013847684205284372e-01 7.530535671721426683e-01 7.524707367542361469e-01 7.132552111713793552e-01 7.362064020942103992e-01 6.966138142189154392e-01 7.580207877730740229e-01 7.424012123976750921e-01 7.593534931980483460e-01 7.592359413773418497e-01 7.382631732806791414e-01 7.786254108878618574e-01 7.787387360868927022e-01 7.938682107079967354e-01 7.975990714754396249e-01 7.750805256183767034e-01 7.703694943940417872e-01 7.928534031246412539e-01 7.871989298393813339e-01 7.893559970660087854e-01 7.499025157493215410e-01 7.787140780733506906e-01 7.847642574805170357e-01 7.884773304152047357e-01 7.735725274547180508e-01 7.762521760696242668e-01 7.563789662943666281e-01 7.739678551540853935e-01 7.917052784759611717e-01 7.772303041017990521e-01 7.958245830781810470e-01 8.042439485599340854e-01 7.815103031938297473e-01 7.750502622736903380e-01 7.946430263986891118e-01 7.949055255472711190e-01 7.892315086061439944e-01 7.948680855951364421e-01 7.964687561012046002e-01 7.818664694910290036e-01 7.917124757364522036e-01 7.959209786708516532e-01 7.975074240149119253e-01 7.817516957114124532e-01 7.879321483679412319e-01 7.866782229578943575e-01 7.911348761261629559e-01 7.876761827165876806e-01 7.841326115143927300e-01 7.850155710195275693e-01 7.755335570759268604e-01 7.799344657834201833e-01 7.889807256518632794e-01 7.880434111526993801e-01 7.810512816917494217e-01 7.935295286810692961e-01 7.921400844200872093e-01 7.906499216672382424e-01 7.932826245333316484e-01 7.900983240379848560e-01 7.895033787546485993e-01 7.851229136072801484e-01 7.987054231417110017e-01 8.003402462089103109e-01 7.949402664710167876e-01 7.996574930300155426e-01 7.969510299025939215e-01 7.996499705568398397e-01 7.938857886435984890e-01 8.008099869846023733e-01 7.999659088961265097e-01 8.067241718522367711e-01 7.942795052326772076e-01 8.066188855390834522e-01 8.088387061211046447e-01 8.070661156652174650e-01 7.936692010676701381e-01 7.971260451880287645e-01 7.911828493328803003e-01 7.920881220279408774e-01 7.982022310561401879e-01 7.944171534011228442e-01 8.016396261903526721e-01 7.923609618196971738e-01 8.025868826095903241e-01 8.027384979776370777e-01 8.019429880509202357e-01
