1.000000000000000000e+00 8.626006263506842686e-02 2.357420021419116482e-02 5.198154413676801811e-02 2.658892342632526717e-02 3.052641889210074358e-02 -7.897812249420798833e-03 5.800412134158381555e-02 1.472344834741348696e-01 2.482152652574468737e-02 1.348323780046717206e-02 2.660414458060956708e-02 5.168675690826676078e-02 8.287364610687929234e-03 -3.284938707501339032e-03 3.381953087057919249e-02 7.839512565209444395e-02 5.806177319414339982e-02 4.259166377278004838e-03 5.082295624434366582e-02 5.486717390525816529e-02 3.806038511523991003e-02 5.787695917578450366e-02 -1.169843644417058355e-02 1.249440579272103301e-02 2.591638815676105406e-02 9.324553016401837535e-03 7.702664711108008107e-03 4.470340716350328786e-02 3.429495383233167188e-02 1.907478462864012347e-02 1.326703056457399256e-02 1.296099346865197538e-02 2.124598832741609114e-02 3.144227670942243563e-02 4.534098735982936001e-02 1.336690884294257711e-02 -1.114468386210276489e-02 1.513550465589584906e-02 -8.211654300986212518e-02 -1.041188886066386245e-02 -2.427659079735954017e-02 -2.124557863509137293e-02 -7.606875799479650806e-03 -8.323384935141803914e-03 -9.811744172496464009e-03 8.210062238083903896e-03 1.124861390335461959e-02 1.905993650777737178e-02 3.218489798669954549e-02 1.359749322886045358e-02 4.502730671945021773e-02 2.392661984734311548e-02 3.622804063509366124e-02 1.571522102718552263e-02 -5.970683541610542072e-03 7.197107291774751392e-02 8.890603391486654253e-03 5.706582367581793103e-03 3.580737084533457126e-02 1.233388218353636406e-02 3.181122060205748836e-02 3.319951139285294561e-02 5.337192791129847375e-02 7.684374794133119746e-02 8.342120148195686369e-02 1.598808368477150008e-02 4.466134548164982232e-03 1.174394244105396445e-02 5.325352791413314434e-03 1.040915677839776912e-02 6.018896364700716817e-03 -1.104426393585131866e-02 6.444986416384927176e-03 7.278052455111514579e-03 6.224585465519243306e-03 1.472396620290845719e-02 1.940584567403912108e-02 8.200825034905372124e-03 1.571594760180656386e-02 2.743562913822356064e-02 6.192279756239535589e-03 3.130777507665341575e-02 1.532787625038972354e-02 1.032520996581258801e-02 4.229859162611726911e-03 5.183974640563865019e-03 2.867445374465226772e-03 1.018825637292371765e-03 1.111062506518828083e-02 -1.846148711779949103e-02 -1.130932455978927303e-02 -7.917073763313428256e-03 -1.125021110328741462e-02 8.960810729490491927e-03 1.147278026042302009e-02 5.397366494734240133e-04 7.156653868504103677e-02 1.739567535923981084e-02 6.767305451938976195e-03 -9.769690996806957434e-03 2.495859629832914914e-02 1.200634352222283707e-02 8.625612563189328022e-03 3.286446527334214995e-02 4.245203618608987817e-02 3.351162042707932220e-02 1.029165043131925056e-02 1.088434738228853324e-02 1.807002041863261729e-02 2.141738162530978495e-03 2.736202418892565852e-02 2.245837203805851889e-02 3.333952867251653573e-02 4.115182202459529565e-02 4.924766792106943791e-02
8.626006263506842686e-02 1.000000000000000000e+00 4.679861841881605838e-02 1.122181406087520567e-01 7.350620154940891438e-02 7.381689617757085375e-02 1.596254860387246455e-01 1.122934433301966267e-01 1.616279655702389240e-01 1.780768945239374068e-01 1.493507879699302876e-01 1.629071553698814012e-01 1.295885337341849408e-01 1.224861867357502215e-01 1.433424994383761530e-01 1.380057295081960067e-01 1.540726146993643964e-01 1.002484324768908863e-01 1.182607076118036143e-01 1.470623385807617312e-01 1.338892334733028655e-01 1.199340015241660146e-01 1.445370904529936495e-01 1.309686207472478825e-01 1.314144196086892424e-01 1.407844572757678825e-01 1.428582753653722393e-01 1.612753148836226502e-01 1.618604849856415950e-01 1.667362029018824854e-01 1.604647937193504348e-01 1.506603799195506133e-01 1.389610535929015900e-01 1.438504686607714744e-01 1.443957139351096930e-01 1.218296001499381970e-01 1.535713141011879890e-01 1.479393495298527983e-01 1.472082612378788902e-01 1.593660887518887626e-01 1.480204338205510228e-01 1.485356821102217229e-01 1.361421785572735632e-01 1.445608671279487445e-01 1.516183574109199739e-01 1.587977471627621817e-01 1.534464254734802247e-01 1.485329494379409865e-01 1.342914464754942638e-01 1.191860686173773082e-01 1.435222560650035728e-01 1.130855298644465740e-01 1.330918852149715337e-01 1.493468226760416018e-01 1.445644416491864148e-01 1.500782602857868020e-01 1.323944593903192413e-01 1.461966585283405173e-01 1.409208691115621248e-01 1.532192213524361524e-01 1.322641147063828571e-01 1.495882498648838932e-01 1.298592166476098264e-01 1.358630738397073046e-01 1.396747853758163738e-01 1.474059453632353134e-01 1.463255131853962721e-01 1.383377952971777680e-01 1.469579146363299837e-01 1.480339869912354889e-01 1.348692674725540941e-01 1.419411871353155885e-01 1.405863158026101623e-01 1.343731351272383634e-01 1.435487682932895803e-01 1.460856647456620916e-01 1.433720572702482654e-01 1.480298121429945435e-01 1.538334277861486687e-01 1.506216735036312593e-01 1.492811820122336153e-01 1.473666007469669748e-01 1.469219719019611292e-01 1.401739194706220770e-01 1.358456097890997638e-01 1.370867655645357508e-01 1.461305980094800283e-01 1.438600451785581602e-01 1.380689437216374993e-01 1.493780540822714775e-01 1.492332591776405759e-01 1.395276438085206183e-01 1.441350630951973577e-01 1.456129526656887996e-01 1.506077896931161675e-01 1.470159491983084321e-01 1.143571046695945198e-01 1.173303139959472607e-01 1.273633890450684147e-01 1.387393867858142116e-01 1.294695148933866224e-01 1.231355511257436058e-01 1.352199790728034756e-01 1.328179953278137704e-01 1.298069062886564873e-01 1.306708347745259846e-01 1.376813755614247903e-01 1.478158863969839532e-01 1.435414157499514121e-01 1.472731833764802933e-01 1.397677599466377318e-01 1.502279510076606761e-01 1.396650017134526411e-01 1.329766032625721295e-01 1.411077441773370134e-01 1.389533915699350530e-01
2.357420021419116482e-02 4.679861841881605838e-02 1.000000000000000000e+00 2.534142777722001583e-01 1.322826827100431479e-01 1.865893090077695715e-01 2.993633133544227887e-01 2.624359363671052159e-01 3.004356098680679987e-01 2.815447707955960333e-01 3.080842834473107583e-01 3.262423857999008359e-01 2.598391862588259049e-01 2.971285224475261333e-01 3.284958647804286924e-01 3.158482446404388688e-01 3.084014619972014204e-01 3.039528899845733712e-01 3.188891247408406349e-01 2.838679144065174853e-01 3.206115743416700359e-01 3.246866444578441202e-01 3.127159443395761129e-01 3.105429623749776380e-01 3.236377525148227408e-01 3.299690622998172063e-01 3.232876622208203377e-01 3.336075378419485205e-01 3.321714411090136987e-01 3.269599430033900966e-01 3.354521459016417406e-01 3.452091563830991805e-01 3.411603228023490364e-01 3.400870013021289329e-01 3.223365438514389503e-01 3.401881718447108960e-01 3.290482440917642526e-01 3.396102394045604767e-01 3.387843307069716703e-01 3.464896282164297570e-01 3.328705797692419477e-01 3.385644775443515941e-01 3.305467875172583558e-01 3.364154670572721550e-01 3.426547669889770109e-01 3.306925952192750207e-01 3.290973030250803344e-01 3.307819320408698083e-01 3.345444702726569908e-01 3.362881183402173790e-01 3.399446404195345384e-01 3.347598017548457650e-01 3.368337568080731481e-01 3.285329647487584825e-01 3.254137344198052562e-01 3.374613746047754881e-01 3.238549726696079434e-01 3.241911978881385492e-01 3.262859841731896582e-01 3.294265272103431008e-01 3.330376123903507901e-01 3.217576761103236316e-01 3.284798205786432779e-01 3.234318935675100093e-01 3.296097256850553103e-01 3.271006976266808142e-01 3.376595140226990588e-01 3.375380376072327770e-01 3.310306376264545714e-01 3.303458128769979907e-01 3.377025593650194168e-01 3.378128357916460600e-01 3.329099328196512553e-01 3.389676508977723102e-01 3.359607140118420765e-01 3.304290652221099633e-01 3.342665232934002306e-01 3.316659154736953941e-01 3.340915299950011907e-01 3.308588343463944592e-01 3.325653251332235660e-01 3.400525350974881733e-01 3.422700085051341157e-01 3.255965867267049951e-01 3.322338486666784885e-01 3.323234501828056242e-01 3.420167285314477668e-01 3.352221963749615341e-01 3.376027644276968775e-01 3.401904445936940746e-01 3.408176616084400146e-01 3.357258861269266648e-01 3.373464219713798173e-01 3.358924569105478652e-01 3.304977009477377825e-01 3.314550168073775449e-01 3.291983475460251718e-01 3.223398652450094048e-01 3.304031469215472638e-01 3.377070968677010621e-01 3.322550013666581981e-01 3.261923888032616237e-01 3.342054599717956265e-01 3.309634047996757866e-01 3.338735356093299744e-01 3.214362351844852195e-01 3.295270996450184731e-01 3.320364372566104727e-01 3.295336778714380577e-01 3.307393469008566567e-01 3.311196522158068034e-01 3.289453338000065119e-01 3.248423579162149633e-01 3.279899074765249556e-01 3.349803800421637945e-01 3.255503370390246953e-01
5.198154413676801811e-02 1.122181406087520567e-01 2.534142777722001583e-01 1.000000000000000000e+00 3.350361920057188803e-01 3.389642870702494482e-01 5.438050888500682856e-01 5.134614744666515795e-01 5.548262286295554402e-01 4.671740609334278371e-01 5.362300967991652234e-01 5.988752830120390724e-01 5.289567241407305831e-01 5.401412066689286195e-01 5.902066056329844379e-01 5.962132008638426628e-01 5.543172133193864370e-01 5.485602068716857183e-01 5.708903321910366868e-01 5.327362921085961878e-01 5.715783165522791975e-01 5.786686148623275683e-01 5.705740942204494681e-01 5.432814898075067900e-01 5.818206336828735115e-01 5.906389211923717131e-01 5.935214220037881017e-01 6.012053040700643392e-01 5.966011522796641486e-01 5.966966532879739438e-01 6.065938824055805423e-01 6.002451155045742670e-01 5.909461958580617402e-01 6.030196200560946629e-01 5.898476756807207178e-01 6.058446474290135608e-01 6.010042027626901762e-01 6.015501682563605401e-01 6.147141896745478284e-01 5.707523252548967196e-01 6.022804941299771953e-01 6.050386185848684040e-01 6.066059121591745873e-01 6.074548174466422035e-01 6.108972282623265082e-01 5.962302770274340302e-01 6.022823068561032889e-01 6.049026411107749635e-01 6.109514800971173054e-01 6.034991352455674196e-01 6.148054014145247770e-01 6.069268974350967571e-01 6.042162819851444322e-01 6.060559997402190646e-01 5.920106005765624069e-01 5.999398046781074800e-01 6.008308684488875562e-01 6.035196010737836625e-01 5.913283558086543934e-01 6.092479054217772028e-01 6.100625727131149256e-01 6.006703771901586997e-01 6.106599382175184054e-01 6.173816631866648752e-01 6.107638757731050916e-01 6.127865765735183157e-01 6.123000532234775806e-01 6.143780492670088966e-01 6.125880451749345923e-01 6.111176729021439158e-01 6.129935130292869516e-01 6.145539339996932693e-01 5.965135253299085338e-01 6.138516824254477422e-01 6.077655640300376749e-01 6.061170028315372438e-01 6.072136907129848105e-01 6.074358715641663409e-01 6.109886649863209840e-01 6.090056756529275139e-01 6.083381133866241353e-01 6.098827588844697445e-01 6.244282410466358568e-01 6.092092082288077526e-01 6.132295238318187236e-01 6.128608704078933878e-01 6.156826956878265200e-01 6.120832326893532738e-01 6.151804142744904391e-01 6.160564426633038382e-01 6.071163429316683846e-01 6.073701000441471543e-01 6.108701245365559807e-01 6.095773351756111902e-01 6.074066701793155998e-01 6.094894641263616242e-01 6.129819618981430240e-01 6.158282987022627442e-01 6.166519572393793780e-01 6.138250284983447491e-01 6.108231597795060752e-01 6.158737308680656275e-01 6.108891320799185731e-01 6.081358841972775986e-01 6.229787484786507568e-01 6.125741701244771242e-01 6.139062151543490664e-01 6.089387605720947283e-01 6.102603050199172374e-01 6.086964639560085155e-01 6.071861671042521058e-01 6.100351091260840519e-01 6.085394885529770148e-01 6.154446877658705795e-01 6.156576998373899379e-01 6.145363707314047685e-01
2.658892342632526717e-02 7.350620154940891438e-02 1.322826827100431479e-01 3.350361920057188803e-01 1.000000000000000000e+00 2.689872119695624342e-01 4.358306060400167770e-01 4.074985888464517925e-01 4.222524090770102823e-01 3.929793994343050989e-01 4.056435425865477784e-01 4.603602649904473543e-01 4.704600856448070689e-01 4.096456281012353373e-01 4.763291753583979715e-01 4.739578631633465378e-01 4.158377926057412188e-01 3.922296528860262921e-01 4.148078433590721148e-01 4.216251065080239280e-01 4.089359584979196383e-01 4.256874944617029533e-01 4.214747934961804443e-01 3.983481666878794236e-01 4.215723340679157216e-01 4.694165196928168360e-01 4.550033425177752999e-01 4.581528923428123123e-01 4.583035721763408787e-01 4.506097250535549548e-01 4.720498774025310706e-01 4.467156224487495719e-01 4.378353478726000336e-01 4.477556280185958637e-01 4.604147476758703728e-01 4.343096395896474116e-01 4.556439225559341666e-01 4.610646787325506923e-01 4.716323847154871851e-01 4.173554082194489423e-01 4.723040135400680684e-01 4.713698299684665471e-01 4.805943966252102517e-01 4.846679211555808831e-01 4.699052472020948112e-01 4.766110536884000104e-01 4.708517166396193332e-01 4.762590048671877518e-01 4.702977275600463414e-01 4.505117534688443115e-01 4.726852702524351746e-01 4.696029928651208607e-01 4.807958865907762669e-01 4.763994970894435133e-01 4.610830340235447244e-01 4.654151704676811607e-01 4.579752618767087835e-01 4.686039368376721526e-01 4.522540566168279375e-01 4.890948366831355809e-01 4.834613243909233193e-01 4.725922178002791574e-01 4.709277195181867381e-01 4.816961181550269422e-01 4.860443039516980090e-01 4.800031346572624091e-01 4.823972353279598058e-01 4.754425025353250511e-01 4.785536642903843729e-01 4.842372155720886528e-01 4.684213625759831023e-01 4.784242969081209385e-01 4.658732997134659159e-01 4.677225848094670457e-01 4.822504348384977213e-01 4.782408213345454295e-01 4.769290426667430749e-01 4.761138291205255779e-01 4.772309787046358220e-01 4.744068050462542652e-01 4.781226023194106722e-01 4.782915530158920459e-01 4.765615178657104933e-01 4.781592406617694579e-01 4.787257501418590855e-01 4.728365769283681130e-01 4.754083373091131937e-01 4.806250167872861967e-01 4.798746516962963948e-01 4.807089712897936185e-01 4.729947882415866389e-01 4.813358617342001766e-01 4.793922389247455840e-01 4.778453371142853401e-01 4.835934042556934709e-01 4.827290847453539202e-01 4.758788039313687768e-01 4.800072105796707733e-01 4.840546213567386569e-01 4.797369296716765819e-01 4.878373327632065104e-01 4.818891000110248068e-01 4.850520609902404523e-01 4.862978261565869542e-01 4.860913757050748241e-01 4.773217360220359251e-01 4.829975864591165569e-01 4.836697456481939827e-01 4.832845248804935046e-01 4.854277449418656909e-01 4.747527095678149567e-01 4.893633556401633666e-01 4.821074375849780380e-01 4.872972455336260222e-01 4.857607286857470452e-01 4.885080063415401797e-01
3.052641889210074358e-02 7.381689617757085375e-02 1.865893090077695715e-01 3.389642870702494482e-01 2.689872119695624342e-01 1.000000000000000000e+00 4.704802943935311732e-01 4.381748037328259127e-01 4.652401394341321716e-01 4.167016869409275182e-01 4.791225121936590892e-01 5.132490390943216241e-01 4.488850774894074247e-01 4.448147504550587494e-01 5.123743986190438804e-01 5.188640303404157272e-01 4.752035660756834812e-01 4.490562542043992633e-01 4.817997878782919741e-01 4.566229397487424069e-01 4.851755556047960827e-01 4.887386312634435792e-01 4.771226397878392533e-01 4.545255650471160536e-01 4.816355070174425101e-01 5.175125260029530549e-01 5.045099121042794232e-01 5.141684611907810787e-01 5.115740906673673649e-01 5.284158461130482598e-01 5.296966384841026443e-01 5.072292210531620382e-01 4.944548434770697498e-01 5.034693360955712071e-01 5.147216173008161144e-01 4.781179425997191257e-01 5.181956711596082954e-01 5.179527122321581079e-01 5.298750063301682633e-01 4.884315975388333619e-01 5.206186814431624788e-01 5.257693149236944974e-01 5.189120413873185012e-01 5.289947761696969231e-01 5.219082140850981322e-01 5.299138421219443673e-01 5.354416055241880690e-01 5.404626915896431072e-01 5.294306388002800734e-01 4.991900269045426164e-01 5.226173990731943775e-01 5.042383940765312600e-01 5.292485420022285947e-01 5.366962430585663357e-01 5.196559671404876735e-01 5.251086769881736505e-01 5.168208124442115192e-01 5.261311780607801358e-01 5.230786224671925000e-01 5.382491541923382083e-01 5.265452388093931901e-01 5.387241775152143974e-01 5.260684187372378640e-01 5.305203771007979130e-01 5.277276633602981937e-01 5.291566759258382602e-01 5.340398792261262795e-01 5.366151523797483280e-01 5.325016713534540536e-01 5.367197711797175863e-01 5.359762209620281270e-01 5.365174793555012034e-01 5.270875690590626217e-01 5.319830082926422232e-01 5.379943981621766458e-01 5.354354458731021005e-01 5.297473447288557624e-01 5.350501353632500789e-01 5.337447258629456348e-01 5.358476617772789385e-01 5.324537421951655025e-01 5.374759859387062688e-01 5.316475152825157480e-01 5.316817555421247121e-01 5.281484847150018647e-01 5.315387307321869370e-01 5.330552463237656635e-01 5.323792361386402439e-01 5.360567776785284400e-01 5.359310345806145293e-01 5.284839000342047566e-01 5.342524918236633003e-01 5.334087537172095272e-01 5.331822450415727443e-01 5.363524544741766764e-01 5.368209676015375242e-01 5.221002799067261391e-01 5.190191237571414318e-01 5.318981191708905820e-01 5.307442210445497688e-01 5.332500687639168957e-01 5.314566896999656231e-01 5.336118539707501718e-01 5.336980533321621367e-01 5.325010670846186400e-01 5.307967073353181409e-01 5.341179138747713662e-01 5.377466209687047360e-01 5.364601635047339112e-01 5.389005969659149686e-01 5.336976802701784983e-01 5.383448744622585380e-01 5.390706331137765650e-01 5.332064080111169613e-01 5.332327705439017240e-01 5.358220728498260810e-01
-7.897812249420798833e-03 1.596254860387246455e-01 2.993633133544227887e-01 5.438050888500682856e-01 4.358306060400167770e-01 4.704802943935311732e-01 1.000000000000000000e+00 6.670195341591714788e-01 7.020418203110134758e-01 6.670437678168659179e-01 7.222148376029829953e-01 7.987668822500317845e-01 6.959331974588659486e-01 7.118326378775700070e-01 8.201416472252037737e-01 7.870417495832503496e-01 7.196717959615642757e-01 7.133402539576974011e-01 7.561231034756380476e-01 7.261844736431415370e-01 7.447192907206449108e-01 7.598819658506653640e-01 7.566038553389045074e-01 7.412094420719304022e-01 7.708529901062037837e-01 8.028381240094971671e-01 7.922194563643650822e-01 8.155645951927094073e-01 8.012589135264526208e-01 8.041219915330146684e-01 8.187794830705776850e-01 8.125370990225899703e-01 7.957161563169761198e-01 8.071295455539171382e-01 7.784218634178348140e-01 7.655410276696444916e-01 8.114467524564830114e-01 8.174375661840281859e-01 8.259429387673430378e-01 8.045301453781943390e-01 8.223461314345964501e-01 8.282348813798712239e-01 8.187173221407917367e-01 8.283786082141146867e-01 8.226400365181935070e-01 8.236372698906634371e-01 8.246727649692090489e-01 8.226006300784285408e-01 8.155715309124323964e-01 7.897071621291458232e-01 8.229405637818858477e-01 7.888717742682817002e-01 8.110311565084091789e-01 8.176307607220146823e-01 8.032809594985758084e-01 8.239762526479855742e-01 7.832148332265080892e-01 8.159106367266171222e-01 8.084284971211646020e-01 8.234563557585421467e-01 8.219256987101980494e-01 8.103129519827947380e-01 8.047257062264548955e-01 8.078709471569680556e-01 8.002092266020168765e-01 7.998972350965106726e-01 8.240403535674023505e-01 8.277097838096069138e-01 8.277838954352836343e-01 8.309605049624843032e-01 8.272725328956695989e-01 8.273128567699813418e-01 8.210781799874229403e-01 8.279488833137836901e-01 8.260804100757938029e-01 8.228261510502937748e-01 8.248534800183107141e-01 8.244521050450024369e-01 8.291633074391077107e-01 8.220991678404281355e-01 8.211277335817551704e-01 8.264951033864400554e-01 8.270058095160423006e-01 8.197445209086584583e-01 8.215333190646775252e-01 8.267832345444757758e-01 8.315527649926338638e-01 8.312777535808433260e-01 8.308389041552207699e-01 8.307241749692437782e-01 8.330754288973062360e-01 8.304427520553313569e-01 8.320735678417682246e-01 8.330320832787387886e-01 8.267697866007680529e-01 8.261750722110712264e-01 8.123571077776676752e-01 7.911199359591315483e-01 8.222582280575588820e-01 8.288584841700927797e-01 8.291300040891589340e-01 8.145449344817625725e-01 8.217562529501337698e-01 8.238063660995634807e-01 8.198435022151410179e-01 8.048820374179752601e-01 8.179827875174795482e-01 8.264344807144324845e-01 8.262339070453461609e-01 8.260661939781186458e-01 8.249185277619421885e-01 8.224578499963202116e-01 8.175211510307963669e-01 8.161743889583484846e-01 8.170734536421456751e-01 8.149559371991732526e-01
5.800412134158381555e-02 1.122934433301966267e-01 2.624359363671052159e-01 5.134614744666515795e-01 4.074985888464517925e-01 4.381748037328259127e-01 6.670195341591714788e-01 1.000000000000000000e+00 6.678536988775873873e-01 6.007034575302957480e-01 6.786480996486172756e-01 7.352737660318654500e-01 6.835721609974103607e-01 6.747309992071913731e-01 7.555340394642969803e-01 7.654527760133910119e-01 6.628488848393441213e-01 6.725187253237902008e-01 7.093629653984704353e-01 6.858846738443926672e-01 7.148978842558439961e-01 7.204321900924025579e-01 7.012053635528067153e-01 6.712510740677484211e-01 7.104082001562684878e-01 7.502073439797042331e-01 7.365429995222734227e-01 7.436491254406616402e-01 7.450782373294709826e-01 7.566607192748738830e-01 7.645101029649414848e-01 7.497945344975772697e-01 7.277980987318660722e-01 7.385200875737456538e-01 7.412181007265111754e-01 7.134016694443507944e-01 7.508768441238312663e-01 7.587447542200925765e-01 7.656979738216145304e-01 7.147615011998855739e-01 7.585982148359091681e-01 7.639155572569997776e-01 7.574407998522169061e-01 7.709729512856263733e-01 7.555627837415320736e-01 7.616491174601203173e-01 7.663329786083206141e-01 7.639472239369224926e-01 7.682730369456577391e-01 7.536131163836711222e-01 7.741434475952337912e-01 7.569654771217220190e-01 7.711466706989729136e-01 7.610509169927207607e-01 7.544325247888377106e-01 7.635731922810896632e-01 7.528016183879854273e-01 7.642406589666931316e-01 7.613553981334905130e-01 7.680862266862159560e-01 7.761287585677775214e-01 7.623073890120174445e-01 7.686850148860420173e-01 7.684142601495889124e-01 7.535331751522510446e-01 7.613483236943777710e-01 7.668353927111822843e-01 7.701087996006703573e-01 7.681936789700890555e-01 7.729831797692893192e-01 7.724516240679319967e-01 7.701110565454031276e-01 7.547172420087537859e-01 7.693107746423545334e-01 7.699546089826931894e-01 7.659463490786064810e-01 7.655158189939068603e-01 7.694440767618569987e-01 7.628502052122745347e-01 7.690898834217754221e-01 7.681984690417237305e-01 7.682251366659651470e-01 7.670285926842522750e-01 7.704163219633616277e-01 7.724575183276392032e-01 7.707160255004966709e-01 7.710152856590899439e-01 7.714119795835664428e-01 7.721684120602126944e-01 7.707315089238643280e-01 7.620362924943782090e-01 7.696719230077248008e-01 7.681436789299067591e-01 7.686431710255667848e-01 7.707369551403181474e-01 7.691107934706045146e-01 7.705523320452019043e-01 7.656712079270662219e-01 7.793664529666953777e-01 7.734923699679997489e-01 7.746297579200127625e-01 7.787518516684713843e-01 7.719275114444770214e-01 7.746142192481154654e-01 7.773248274963733273e-01 7.644073580700282422e-01 7.710814092038172918e-01 7.696095997677478984e-01 7.720985775697323250e-01 7.750514538401304110e-01 7.723742023498082476e-01 7.703916185732184729e-01 7.694241247563438080e-01 7.718057062581730188e-01 7.649443882831381547e-01 7.688255276141424677e-01
1.472344834741348696e-01 1.616279655702389240e-01 3.004356098680679987e-01 5.548262286295554402e-01 4.222524090770102823e-01 4.652401394341321716e-01 7.020418203110134758e-01 6.678536988775873873e-01 1.000000000000000000e+00 7.092410039063157257e-01 7.546599714839540285e-01 8.161029624482851741e-01 7.396752556949426349e-01 7.237533394008204279e-01 8.192736516004542890e-01 8.130567899624464578e-01 7.749152947784040402e-01 7.077059792636067881e-01 7.484031083242808080e-01 7.223137875750378356e-01 7.567227370813721654e-01 7.604783502673968520e-01 7.672900327236283902e-01 6.985290714258435285e-01 7.417602064656022565e-01 8.288259959580844827e-01 8.173623251377534205e-01 8.221307042556650346e-01 8.366460449493129392e-01 8.397853184208124988e-01 8.508675411561122948e-01 8.220551885723421659e-01 8.039755274848194855e-01 8.000412512565567846e-01 8.296300076459989237e-01 7.756445523349358995e-01 8.362917658485037320e-01 8.300473569894660786e-01 8.388361501080524585e-01 7.622545969335283722e-01 8.360952179506545567e-01 8.294913207466420024e-01 8.173906451860449840e-01 8.415185713239331511e-01 8.316760086238195182e-01 8.339513045891963072e-01 8.548754327361006711e-01 8.569118305412835035e-01 8.485004453863049800e-01 8.203147163350981153e-01 8.460222273137761873e-01 8.125131681792929772e-01 8.448484316347015799e-01 8.615290773833135241e-01 8.400572801342313101e-01 8.378123021258402359e-01 8.474610204532266877e-01 8.500643351749573862e-01 8.437116232795185411e-01 8.651513506814394461e-01 8.475518136163918692e-01 8.587591471045415981e-01 8.514942721520234459e-01 8.557325262785501208e-01 8.630885894882730502e-01 8.662080020630051891e-01 8.562081354256683152e-01 8.460576070257932457e-01 8.484126707040322568e-01 8.484835591088525364e-01 8.422934251046003684e-01 8.475072334401826391e-01 8.235551680806912911e-01 8.303017432363362094e-01 8.524441302247494079e-01 8.547363937588174920e-01 8.502004607688437021e-01 8.564533910911552583e-01 8.475317895979749272e-01 8.573549385171145287e-01 8.529721033130632790e-01 8.571155347655126100e-01 8.529874139817342771e-01 8.536754880274175505e-01 8.475956160272114515e-01 8.419529288483804663e-01 8.493205269875032659e-01 8.508484683321733133e-01 8.489563314902920377e-01 8.511111436635176997e-01 8.393877156600293432e-01 8.478524548474259959e-01 8.484330435654073854e-01 8.479457601138147282e-01 8.577573440990000631e-01 8.592713476623051738e-01 8.246756846009318798e-01 8.495892559577946646e-01 8.479641476761858865e-01 8.492296917342956331e-01 8.391921829791298970e-01 8.485193529191187300e-01 8.527013468784846451e-01 8.510283620866412324e-01 8.533238145533427188e-01 8.529711033670943632e-01 8.593178135025226760e-01 8.568953815020360354e-01 8.552051237065848577e-01 8.595009670060727025e-01 8.508574440058529476e-01 8.631630900870242984e-01 8.589489424902998493e-01 8.583677560128663009e-01 8.620881491427626608e-01 8.649660486147495719e-01
2.482152652574468737e-02 1.780768945239374068e-01 2.815447707955960333e-01 4.671740609334278371e-01 3.929793994343050989e-01 4.167016869409275182e-01 6.670437678168659179e-01 6.007034575302957480e-01 7.092410039063157257e-01 1.000000000000000000e+00 6.927430748455351006e-01 7.483931418350715514e-01 6.683580235813428860e-01 6.695504349460321691e-01 7.628349480616499756e-01 7.368086183129831657e-01 6.869373528906970172e-01 6.279250564438265680e-01 6.770371898917570963e-01 6.592400742304739270e-01 6.815997253195956729e-01 6.772461528665294495e-01 6.871410586330737313e-01 6.496376202595445237e-01 6.722986390305805138e-01 7.584678081131237537e-01 7.543611061080444102e-01 7.593371748143648015e-01 7.599806783090244933e-01 7.684290605046355527e-01 7.851938268741501803e-01 7.618146878805471811e-01 7.476280306916850416e-01 7.378458431508765347e-01 7.471165000622109753e-01 6.885834972233703111e-01 7.651434768114770968e-01 7.709986345873049984e-01 7.746169902229905757e-01 7.468504563640638860e-01 7.825149014824774873e-01 7.776497470461879447e-01 7.551553231780339104e-01 7.786148959375094325e-01 7.720013359967090594e-01 7.765064230255630529e-01 7.887232969086308554e-01 7.896746641624429186e-01 7.702061568090908805e-01 7.326646023738758728e-01 7.722819307539563471e-01 7.129895799857384198e-01 7.589410718572009440e-01 7.830414035507072823e-01 7.690777890673488049e-01 7.797722500098129839e-01 7.458250931635203029e-01 7.799765775953449998e-01 7.738715534576828814e-01 7.873282203191722672e-01 7.722093257411112299e-01 7.813763904579298369e-01 7.638485896531936881e-01 7.623935375293091621e-01 7.661970052775399775e-01 7.668580400901465755e-01 7.865833365536215593e-01 7.754581331834867752e-01 7.835073584970531080e-01 7.814155671575023776e-01 7.712184386785452261e-01 7.787392430727927417e-01 7.656756452594383200e-01 7.638045356034488531e-01 7.860151818571923243e-01 7.843595499905127166e-01 7.859056054990268825e-01 7.859099914065414971e-01 7.828372113363083473e-01 7.878779755891307524e-01 7.829976746729805370e-01 7.897337297599903438e-01 7.771726122779929469e-01 7.810529970773418817e-01 7.763669016666248091e-01 7.748897713135317611e-01 7.831269625688785929e-01 7.865376071884446763e-01 7.834830981512567183e-01 7.834206538703072376e-01 7.849216025415504117e-01 7.872561244996532093e-01 7.845340510750137275e-01 7.879489083232140700e-01 7.921062477632068166e-01 7.903518697659279724e-01 7.490589130491835945e-01 7.464502735607592143e-01 7.696230870203254470e-01 7.826267465710492477e-01 7.736728440695831432e-01 7.648232317214845866e-01 7.793574507612253122e-01 7.807162487438574772e-01 7.683186070918223143e-01 7.625813381555438530e-01 7.781778071707446953e-01 7.895229293880628996e-01 7.847461768053596298e-01 7.865837992803675904e-01 7.841204124889318283e-01 7.884043958967824617e-01 7.810813430968228666e-01 7.745726088390083586e-01 7.810833026995624984e-01 7.776088471631333876e-01
1.348323780046717206e-02 1.493507879699302876e-01 3.080842834473107583e-01 5.362300967991652234e-01 4.056435425865477784e-01 4.791225121936590892e-01 7.222148376029829953e-01 6.786480996486172756e-01 7.546599714839540285e-01 6.927430748455351006e-01 1.000000000000000000e+00 8.323866889307852679e-01 7.255839234216201472e-01 7.333979354496699132e-01 8.387502381769185167e-01 8.237477245396688241e-01 7.681379736609691422e-01 7.230965921732414037e-01 7.718246040356291360e-01 7.339888450982511303e-01 7.723204486750722131e-01 7.718114809141417565e-01 7.613820546191777394e-01 7.375177136594076588e-01 7.708495091218821038e-01 8.415508304761817326e-01 8.258692536080471935e-01 8.373506280728998385e-01 8.327665077673381822e-01 8.435960326099620765e-01 8.676394613533426892e-01 8.356077176195794154e-01 8.219681724428574698e-01 8.190353736586756250e-01 8.322747352869976911e-01 7.933855068094067819e-01 8.472988484225795203e-01 8.546069350621596783e-01 8.577921961453595090e-01 8.208569358661500504e-01 8.613832749430971880e-01 8.591190156304342462e-01 8.474368190156105207e-01 8.619478304237118138e-01 8.562317654854296745e-01 8.558451274924002705e-01 8.634140299871232438e-01 8.685584986999429491e-01 8.582339054172848369e-01 8.218883261740919099e-01 8.573394185438443227e-01 8.170838884405673408e-01 8.465645606916187837e-01 8.644543547318062071e-01 8.481193432824066791e-01 8.612049095164976409e-01 8.341932046083853081e-01 8.638193673895104840e-01 8.524271364496565084e-01 8.630621823700255213e-01 8.606890920060317196e-01 8.606348536203952682e-01 8.510078321145189140e-01 8.531596733625557150e-01 8.494575451673492816e-01 8.500401739632267306e-01 8.678533377833107521e-01 8.637319518703885368e-01 8.616654295937529184e-01 8.631548143557467023e-01 8.617452101668625630e-01 8.664622060059367081e-01 8.485498902165460322e-01 8.560630555616780546e-01 8.672619047926964919e-01 8.668742459958082014e-01 8.625204310502497806e-01 8.655259872178403535e-01 8.666759955653592362e-01 8.672020639362857386e-01 8.632318309077521290e-01 8.699758061716138524e-01 8.637101960404267587e-01 8.642948121929819871e-01 8.578241271103460575e-01 8.610066960313993434e-01 8.686035738681181506e-01 8.693880720229397729e-01 8.677329223250884738e-01 8.688152813774649985e-01 8.684889163521885003e-01 8.703300176683222977e-01 8.699988517126860943e-01 8.700946328273274633e-01 8.682917546229963479e-01 8.706875641409715927e-01 8.484791681691208343e-01 8.362510014842625683e-01 8.602051795386796984e-01 8.663564500739039387e-01 8.640721749535891227e-01 8.545451369489301952e-01 8.669809869243929601e-01 8.668505299202886594e-01 8.620548069999394158e-01 8.528609765600837500e-01 8.624656891949147308e-01 8.700532462624158692e-01 8.687794422025899577e-01 8.669875421437142071e-01 8.653519841207772956e-01 8.684825625787979675e-01 8.652969815348093841e-01 8.632700402206322510e-01 8.642741045951124468e-01 8.628030909888665390e-01
2.660414458060956708e-02 1.629071553698814012e-01 3.262423857999008359e-01 5.988752830120390724e-01 4.603602649904473543e-01 5.132490390943216241e-01 7.987668822500317845e-01 7.352737660318654500e-01 8.161029624482851741e-01 7.483931418350715514e-01 8.323866889307852679e-01 1.000000000000000000e+00 7.972027346406593828e-01 8.036760774841982258e-01 9.106749935157810727e-01 8.980815360079733578e-01 8.218969500036050757e-01 7.990204002865187727e-01 8.470355328619428859e-01 7.954045028821128405e-01 8.408264598755057495e-01 8.490174516712355457e-01 8.390645818304796055e-01 8.035901858343725834e-01 8.435177664353278315e-01 9.095341687129220309e-01 8.963632852570534437e-01 9.073966278632862315e-01 9.064824257447247069e-01 9.126579518877586672e-01 9.295006622141078756e-01 9.116963269438292938e-01 8.867602029117855889e-01 8.950042897305150458e-01 8.963217511293098960e-01 8.603323084596321557e-01 9.146437459424310301e-01 9.272541356090943099e-01 9.291534110091160814e-01 8.847665621381859413e-01 9.273941669381087216e-01 9.256983464734037659e-01 9.188949170986028259e-01 9.341797448003698046e-01 9.279322853226439349e-01 9.290468420754507406e-01 9.362819388064697046e-01 9.374196102007535947e-01 9.342086569114790295e-01 9.007554407065374580e-01 9.324893603408500597e-01 8.948960688603685432e-01 9.246484935522923942e-01 9.368826657578341877e-01 9.257823659107387027e-01 9.336344501372132454e-01 9.146658662298762232e-01 9.326272306027472148e-01 9.301871677178339404e-01 9.360896825914777342e-01 9.372123284355811101e-01 9.342013820129785318e-01 9.301896242488234545e-01 9.285966375217545865e-01 9.239732750399355377e-01 9.276863616162689397e-01 9.406090272112691553e-01 9.396946867058922903e-01 9.365261805658299243e-01 9.366800111405160223e-01 9.353418413268301812e-01 9.393236633741618435e-01 9.200850776691108512e-01 9.284175069469252639e-01 9.390717874677532162e-01 9.376217715927552820e-01 9.355471740197111030e-01 9.368678137104389236e-01 9.372892098575948960e-01 9.394417798935830177e-01 9.350862298814858198e-01 9.411188881076577584e-01 9.383824541124036189e-01 9.374300677220512856e-01 9.349597542744972900e-01 9.346023929755277182e-01 9.397124600728035126e-01 9.422843586595536225e-01 9.415440473739721261e-01 9.396928675733016156e-01 9.380774780090168630e-01 9.416311359187807817e-01 9.400853023479341930e-01 9.414242143643576366e-01 9.414050633254904543e-01 9.425975965027124648e-01 9.244806445912063797e-01 9.185205901771568149e-01 9.364809393661234216e-01 9.397091297853747971e-01 9.362512225130429355e-01 9.348016578217771544e-01 9.376577047655976216e-01 9.400710606483312359e-01 9.385439871230487618e-01 9.309990288325513674e-01 9.390577810690592386e-01 9.418785256570828546e-01 9.416190205470198471e-01 9.411285040196294416e-01 9.408836900289359040e-01 9.405686339699881326e-01 9.393196409684623216e-01 9.376286780266924747e-01 9.378386279343041698e-01 9.367660182400031621e-01
5.168675690826676078e-02 1.295885337341849408e-01 2.598391862588259049e-01 5.289567241407305831e-01 4.704600856448070689e-01 4.488850774894074247e-01 6.959331974588659486e-01 6.835721609974103607e-01 7.396752556949426349e-01 6.683580235813428860e-01 7.255839234216201472e-01 7.972027346406593828e-01 1.000000000000000000e+00 7.345032358365681802e-01 8.294559079435988025e-01 8.215444937834681660e-01 7.242178875795102222e-01 7.133246231372366575e-01 7.469679490084820683e-01 7.313252559252593210e-01 7.453908610279372793e-01 7.608360267314204783e-01 7.588737464518821030e-01 7.155774821396096996e-01 7.466371459209218964e-01 8.223835460849777679e-01 8.061086124774248240e-01 8.108451738575664924e-01 8.104976872617238870e-01 8.159145304710601065e-01 8.315980284065503936e-01 8.056657625290726266e-01 7.885461536207609701e-01 7.933928377912442542e-01 8.046928310376271209e-01 7.583883030272317027e-01 8.164190161458286799e-01 8.164055079331923315e-01 8.315733310752543295e-01 7.604825248401658744e-01 8.333890360606230896e-01 8.312022484051216908e-01 8.259492146866563855e-01 8.383675704555237918e-01 8.213418180838431004e-01 8.332856341880088280e-01 8.330039696933428939e-01 8.357857973837342636e-01 8.309992991244287142e-01 7.964935876180496699e-01 8.314841051519812343e-01 7.983976158174042048e-01 8.314343196110733913e-01 8.345443524016294967e-01 8.145545637490969604e-01 8.206368352981783243e-01 8.058786315241034393e-01 8.302746964836982269e-01 8.161630729293941622e-01 8.459407322837407817e-01 8.424580341198151245e-01 8.325644792717477038e-01 8.323218976890011112e-01 8.367970702737835831e-01 8.347236649937662678e-01 8.331595852049344941e-01 8.425971936977960652e-01 8.401209450334850004e-01 8.430617604598907855e-01 8.441922505374720442e-01 8.337869616026257757e-01 8.423772603701333850e-01 8.256134891538877696e-01 8.312211619549247921e-01 8.450786358353654659e-01 8.398159688572203185e-01 8.425654692233870424e-01 8.408225433432133800e-01 8.411995002683575473e-01 8.431528186749593923e-01 8.433935596080349706e-01 8.439583610436068861e-01 8.372714666661420502e-01 8.432261055317251675e-01 8.418745601942911883e-01 8.395079059206511651e-01 8.396307645915840334e-01 8.418497279436174541e-01 8.432345267712446635e-01 8.405809340490562054e-01 8.358889401052059798e-01 8.436215757274601046e-01 8.402931135734573731e-01 8.410460705652340607e-01 8.436499781238011586e-01 8.447408795671070836e-01 8.307832728464114025e-01 8.289032096603307087e-01 8.445730432034945778e-01 8.429518724451284806e-01 8.448718155836960619e-01 8.417112249527880508e-01 8.443406296094081442e-01 8.461566649930168937e-01 8.429943211969281869e-01 8.321543010162136822e-01 8.430141978160556882e-01 8.438602067173178733e-01 8.420157873868920895e-01 8.471431907240783987e-01 8.383675710818870863e-01 8.486431868415713620e-01 8.422411910421881975e-01 8.450646530619762009e-01 8.415701106759824190e-01 8.446629909976763884e-01
