1.000000000000000000e+00 5.407146623360358645e-02 4.501253668267391275e-03 6.417484211150475959e-02 -1.693987228778828878e-03 -5.338288121380672067e-03 1.786373877580148956e-02 2.246946362518397605e-02 8.701185286360176019e-02 3.131222373156020145e-02 3.049803453871040640e-02 1.695853600361172525e-02 2.058797332768195695e-02 2.214899779324260715e-02 4.823950728962897450e-03 6.369211365201883114e-03 1.057352138450295964e-01 3.947040040965926061e-02 9.208800330143759177e-03 9.985417339849891188e-03 2.833520715675146018e-02 2.980884920749492586e-02 -4.929647474285294741e-03 -1.610561004090170154e-02 -1.570668243534305286e-02 5.766600749907422815e-03 1.306124010554585158e-02 -3.060630675461051275e-02 7.213920254899181157e-03 4.570709658711532425e-02 2.495757952647247729e-02 2.484950339906870712e-02 -2.503652480926570750e-02 2.448464100333321014e-02 1.901464489068052308e-02 3.183685166337586053e-02 7.257490020279833490e-03 -9.825239448105165321e-03 -6.664641568762513226e-04 -5.906002238353860734e-02 2.588451263185811545e-03 -3.522540692745287916e-02 -3.772256355261361521e-02 5.542209392891891094e-03 -6.399548303677403231e-03 -1.633412755787279000e-02 9.953873869614535130e-03 2.075159450412739082e-02 4.226074409866653614e-02 3.859955408502482171e-02 6.758816680281690310e-03 5.901896537053654551e-02 1.916570443841490723e-02 1.649514128457527096e-02 1.348920104476413785e-02 -3.350530344240433903e-03 6.418853333770462022e-02 1.814825078250101439e-03 1.808168225277661037e-02 2.519575276505065312e-02 1.825412237900686171e-02 2.682850098600675359e-02 1.816128298156584678e-02 5.490326668528871384e-02 5.332973317520998957e-02 5.371959608884463444e-02 2.044180746811589955e-02 7.123406952557452716e-03 1.196453525829955199e-02 5.961504010145413437e-03 -2.497282092542500113e-03 2.410413973006399983e-03 9.168867514400866336e-03 -1.581759404877641252e-03 9.563963933351390945e-03 8.138945373711247572e-03 -6.634760005649435743e-03 1.276827916638898115e-02 2.429738793349581205e-03 2.386184801991651089e-02 -3.004550119695074527e-03 8.935199720849931401e-03 2.177922213385843561e-02 7.444610569996287092e-03 7.269318813087770163e-03 9.570428712824803272e-03 9.543021393791473878e-03 -5.013929975840350668e-03 6.524356070609031027e-04 5.291117023630993559e-03 -1.610484654197099144e-02 -8.871639690568545664e-03 -3.169084497340306488e-03 -1.266210271651625578e-02 3.359735622301933920e-03 9.652490162474927290e-03 3.545484664962284677e-03 4.963691199785696256e-02 5.763796762426064840e-03 2.774972681592346481e-03 -8.662148668200043630e-03 1.104459266617939528e-02 1.142736485314861661e-02 1.968421610448013899e-03 2.519616300195556824e-02 3.139154126968327074e-02 2.344202384526510724e-02 1.422639465011993343e-02 6.089699674165775789e-03 1.420012102202489190e-02 1.116095765099621570e-03 1.567966148769508669e-02 1.356445830547416652e-02 2.788265060385173785e-02 3.667444443880899657e-02 2.715231758511278681e-02
5.407146623360358645e-02 1.000000000000000000e+00 7.412935852110405510e-02 1.338270449070396162e-01 7.580952016159034357e-02 6.927930500760137722e-02 1.477248110515092250e-01 1.489231520733088898e-01 1.684388836531333367e-01 1.636391742010892825e-01 1.331056836947280553e-01 1.551856437737487993e-01 1.340672259787425991e-01 1.508159831818723928e-01 1.481196503487593741e-01 1.486271769521869957e-01 1.710145493317402066e-01 1.678157292928330879e-01 1.561093283447419211e-01 1.627901056369014388e-01 1.376261912136799714e-01 1.577790510837766835e-01 1.556209972694828081e-01 1.527582150733355904e-01 1.449023409955074171e-01 1.707800003765928554e-01 1.564217888063512973e-01 1.562186412062835372e-01 1.619438212683743938e-01 1.801677818133972653e-01 1.625599454857784287e-01 1.765737769607877428e-01 1.536014495506674293e-01 1.557344988055807677e-01 1.560515915731542913e-01 1.621248943441284673e-01 1.579412379096580554e-01 1.599424271082061089e-01 1.565660114647932366e-01 1.448064243047921251e-01 1.582887542860690888e-01 1.487178601984786019e-01 1.390004682880772169e-01 1.542609949702377636e-01 1.546845782229506472e-01 1.583309688227135803e-01 1.570795909634114251e-01 1.637082156859696602e-01 1.712764077380714289e-01 1.597052571304008184e-01 1.596007269855323762e-01 1.595415088001108928e-01 1.574218166166121147e-01 1.638179355226532796e-01 1.615707812089802187e-01 1.640831856362247321e-01 1.725323465925171218e-01 1.551288816975617268e-01 1.672755480575248976e-01 1.607244946656174456e-01 1.557130583939601298e-01 1.629105412707662071e-01 1.547114389427634573e-01 1.709014242788262083e-01 1.679786554170034085e-01 1.720879606956300933e-01 1.638716902812213938e-01 1.599966724017062858e-01 1.617143622415478099e-01 1.666713488092415318e-01 1.551867511213992634e-01 1.577672594281891993e-01 1.581222313681681646e-01 1.598515549106620526e-01 1.592627551580136358e-01 1.593547420605681830e-01 1.583143519574312374e-01 1.577349647601443694e-01 1.591823430495779568e-01 1.631561633002366896e-01 1.599428520274246701e-01 1.604913683819929049e-01 1.678085607914484301e-01 1.578504146337855740e-01 1.502839532883925300e-01 1.578424581699397200e-01 1.569162317718215682e-01 1.539371471230233657e-01 1.563905662101791882e-01 1.586409098628392689e-01 1.532527222704243020e-01 1.547475338014027424e-01 1.560986295711707939e-01 1.558971850192590880e-01 1.546789038817298345e-01 1.597678587426557828e-01 1.484946412532059390e-01 1.586036556972708067e-01 1.545085207061825117e-01 1.565353602097001584e-01 1.458845575860674704e-01 1.532370064495217066e-01 1.579358935445001333e-01 1.506482210087558560e-01 1.607719373034893207e-01 1.610184841298441805e-01 1.598360573021684605e-01 1.580706830631349591e-01 1.572541155352809028e-01 1.596066978728571673e-01 1.566525681749771359e-01 1.617419782515649995e-01 1.614161890546826350e-01 1.602750483575426099e-01 1.599162503865295126e-01 1.611235354538483044e-01
4.501253668267391275e-03 7.412935852110405510e-02 1.000000000000000000e+00 3.027533835226877135e-01 1.588853625848792583e-01 2.040256954981644055e-01 3.082099061694252851e-01 3.271615824820804930e-01 3.371653724266387431e-01 2.607035933201840572e-01 3.363475068164728521e-01 3.518010180031901912e-01 2.850636003250713313e-01 3.126887083269359047e-01 3.459988870022733809e-01 3.445736864151724421e-01 3.169668719738343299e-01 3.452102022609226384e-01 3.282397141433402998e-01 3.513664139529206754e-01 3.282675710986591722e-01 3.387275361173079924e-01 3.184658591028367014e-01 3.573876011248157125e-01 3.373057534590531703e-01 3.341639972565970118e-01 3.236010407340696449e-01 3.171798040429882337e-01 3.049817341569037721e-01 3.289798832849201160e-01 3.346836224438716201e-01 3.611489562774571338e-01 3.323077212608922526e-01 3.619364648593654255e-01 3.371794196082148476e-01 3.559180584224439503e-01 3.185099339419354969e-01 3.483933033864769491e-01 3.488839564513454006e-01 3.339907192665554359e-01 3.348594806432633186e-01 3.391053133462177405e-01 3.471240761316078949e-01 3.398563916533201001e-01 3.410746134632989812e-01 3.359673439499858416e-01 3.433940483968730417e-01 3.453541639804521002e-01 3.405030550089975239e-01 3.479069194287364164e-01 3.476825605546584042e-01 3.436890390163892528e-01 3.376585882494683166e-01 3.458873088095045789e-01 3.431932506186146647e-01 3.519859339587060876e-01 3.463583299869554266e-01 3.556736368743705912e-01 3.453503380245300791e-01 3.418682124152626622e-01 3.448970384758205943e-01 3.470054370282755207e-01 3.491891443513082671e-01 3.373727614572772371e-01 3.317896067941328297e-01 3.448766615933739343e-01 3.463654020778350606e-01 3.496056978293985984e-01 3.555720021916437545e-01 3.493513931842894271e-01 3.425400819169333588e-01 3.452225289473346836e-01 3.629814590651062045e-01 3.486817095476163475e-01 3.479669596019292488e-01 3.440944409163695372e-01 3.401610042417561597e-01 3.372012071401716549e-01 3.395784754497835900e-01 3.435315181760424941e-01 3.434209296599427530e-01 3.458007240564479057e-01 3.576568118822368025e-01 3.513220781553246241e-01 3.552884556454938836e-01 3.605125164859034337e-01 3.510644415425904774e-01 3.567238132777589277e-01 3.498486723681789590e-01 3.551015836520335367e-01 3.450662446099177494e-01 3.496317221807575537e-01 3.501960583240024127e-01 3.458370227743184366e-01 3.439083096028029973e-01 3.441658497041730769e-01 3.586019257090332646e-01 3.457651873613731830e-01 3.492384504356649821e-01 3.546967522172833065e-01 3.493197362146180929e-01 3.540113968970773906e-01 3.496628845618111603e-01 3.455731990330697667e-01 3.512042804396423024e-01 3.509652093301269815e-01 3.458113937237838886e-01 3.439638270141252563e-01 3.507799690257011882e-01 3.517101688024681927e-01 3.545503703372188120e-01 3.433729569710314844e-01 3.492951145345872810e-01 3.466316299024149172e-01 3.394696009449004181e-01 3.449456440507910893e-01
6.417484211150475959e-02 1.338270449070396162e-01 3.027533835226877135e-01 1.000000000000000000e+00 3.083053303975317738e-01 3.800048184719369559e-01 5.512036751168922777e-01 5.573446450165228105e-01 5.531838183544546261e-01 4.872216978525001907e-01 5.554491279739922627e-01 6.243147020946123726e-01 5.536159011811865316e-01 5.431036047526389687e-01 6.051974258373231663e-01 5.997794812782344387e-01 5.614684224471042651e-01 5.812429363732740661e-01 5.755395930434178409e-01 5.901333188606073810e-01 6.220104023635013579e-01 6.015590529526912977e-01 5.677028288272589762e-01 5.745614865938988292e-01 5.719860436144073024e-01 6.028397917330490241e-01 5.899327242944175653e-01 5.867535128765005714e-01 5.530638173902879817e-01 6.053907083183041049e-01 6.039695433846377082e-01 6.143778359738610861e-01 5.874133143201086815e-01 6.124737975779960264e-01 5.926348039838004178e-01 6.175676353645580541e-01 6.040878196503065567e-01 6.109467347698739337e-01 6.234054446609125222e-01 5.959552313906822940e-01 6.054903481025564194e-01 6.064758769738278765e-01 6.096075512669060226e-01 6.218152482548654492e-01 6.085430006029932670e-01 6.012903791028954004e-01 6.096734132137897610e-01 6.078988904120335990e-01 6.151844497643077503e-01 6.225421110393883906e-01 6.168695489129293330e-01 6.190459308850659870e-01 6.046606744335837336e-01 6.067905220537798128e-01 5.987271016974127225e-01 6.073011458914369110e-01 6.116515866213895203e-01 6.167655410302207430e-01 6.072550203255465684e-01 6.135754757281334237e-01 6.222279069985710009e-01 6.089356826812897250e-01 6.090379784420180131e-01 6.123042639140117149e-01 6.050859152882608338e-01 6.100882532166551631e-01 6.113735932994289746e-01 6.114101521598011013e-01 6.153624381820355094e-01 6.179604173159883862e-01 6.087235884332000690e-01 6.073010455041818467e-01 6.055144508544856308e-01 6.037331185054272131e-01 6.156486239690931450e-01 6.130808364734070537e-01 6.057503387776780324e-01 6.022369825040422286e-01 6.016833622570914031e-01 6.085012292971675452e-01 6.068035109585807607e-01 6.073502192436708302e-01 6.200073063150088881e-01 6.141083324797682597e-01 6.164226651615756225e-01 6.175582123606363494e-01 6.124480236024569813e-01 6.156907590356938131e-01 6.136906581772462177e-01 6.169332001977284596e-01 6.180311193218970267e-01 6.143653656975837096e-01 6.132636540505624900e-01 6.086582129484086057e-01 6.067906495401332867e-01 6.061712069050171348e-01 6.215977460997319515e-01 6.134459011079383961e-01 6.098208616434618312e-01 6.170721444068624217e-01 6.121023336385588154e-01 6.155017973000771470e-01 6.124100250818406144e-01 6.138602929501274508e-01 6.210050796590614874e-01 6.128363512972578864e-01 6.076542337914161429e-01 6.055911359643576519e-01 6.096067559141076231e-01 6.130142553965201024e-01 6.145678563229722835e-01 6.090441048987554895e-01 6.113760834031128910e-01 6.129974295413174179e-01 6.058832826605559108e-01 6.096408466746334742e-01
-1.693987228778828878e-03 7.580952016159034357e-02 1.588853625848792583e-01 3.083053303975317738e-01 1.000000000000000000e+00 3.126179006003352301e-01 4.406626786441404375e-01 4.197320940333851280e-01 4.366305959350993970e-01 4.125045689135976579e-01 4.313907005957622887e-01 4.781776046215291398e-01 4.463643395915567469e-01 4.474816626801571551e-01 4.924466232698468393e-01 4.907380766840523378e-01 4.360344903957843465e-01 4.679723311078687886e-01 4.731329765878694582e-01 4.505215914583177161e-01 4.656987832678213812e-01 4.810700849487307140e-01 4.707840784845527815e-01 4.713212674510449673e-01 4.854309992801015272e-01 4.912270134204837491e-01 4.759616361694068432e-01 4.713194249172205641e-01 4.499606964935696229e-01 4.847024109641469569e-01 4.909770135410215786e-01 4.790721311395883530e-01 4.653009497393819083e-01 4.799563855595428974e-01 4.716705154565872249e-01 4.706205974290665339e-01 4.803025069800693769e-01 4.810135078817308618e-01 4.958281981883595479e-01 4.683881972886744793e-01 4.939033569920390776e-01 4.978403055136029765e-01 4.958187996007473730e-01 5.003410971026290843e-01 4.966962420485314667e-01 4.925646428812738287e-01 4.919949944055008739e-01 4.972240070968299563e-01 4.800192913998568844e-01 4.695699957454919637e-01 4.877833303676151755e-01 4.708446821687714001e-01 4.885119190295718616e-01 4.961457033915718795e-01 4.867086589846053579e-01 4.923218968696198572e-01 4.654575373024958385e-01 4.957425817833263082e-01 4.818455217842881888e-01 4.972664095160198028e-01 4.941771182518543970e-01 4.836330369921805206e-01 4.848626562865995804e-01 4.797956597546775281e-01 4.791666966982202625e-01 4.780706577924767053e-01 4.955818895336858709e-01 4.991611459319503785e-01 4.973816145898997676e-01 4.969875186159052882e-01 5.029024093031289055e-01 5.006359219318297082e-01 4.952903790087646585e-01 4.996848226779335156e-01 4.997803736276823505e-01 4.978834650289326591e-01 4.972752810332933815e-01 4.966520055785874077e-01 5.036115138486386700e-01 4.949265994396538360e-01 4.976424549294030109e-01 4.987061845630180179e-01 4.959319809743358842e-01 4.966455341600518603e-01 4.955678193858070735e-01 4.949048413554995585e-01 4.948205347030167345e-01 4.992598990174297868e-01 5.003037665044386406e-01 4.982948725108961585e-01 4.994184419832582433e-01 5.022783987919976489e-01 5.005750033636827689e-01 4.992277128946348563e-01 4.989016571548378631e-01 4.968015318033978112e-01 4.880565149184057372e-01 4.769498786278963398e-01 4.947599256481050034e-01 4.920850467374590642e-01 5.032148675472514210e-01 4.960204512409614463e-01 4.963080422397327940e-01 5.002543555723175661e-01 4.939037362684796095e-01 4.831305024023997419e-01 4.897130427398849739e-01 4.973863770696769770e-01 4.977862033547412746e-01 4.969386840567861507e-01 4.937208070185126196e-01 4.975861457091003137e-01 4.931485209855399066e-01 4.903493564337083610e-01 4.913955711333182763e-01 4.926092963224864563e-01
-5.338288121380672067e-03 6.927930500760137722e-02 2.040256954981644055e-01 3.800048184719369559e-01 3.126179006003352301e-01 1.000000000000000000e+00 5.118667074179813481e-01 5.019072029562314796e-01 5.210510303843561841e-01 4.749171034730489405e-01 5.091025654156098312e-01 5.627019598122914301e-01 5.084098356191592005e-01 5.208936896257118088e-01 5.713433417821960347e-01 5.705686581391942180e-01 5.003628199830586487e-01 5.421558850758948500e-01 5.413404224537431420e-01 5.035687651958953293e-01 5.369981946212949442e-01 5.570281940153211098e-01 5.439140635020164316e-01 5.452453445606944005e-01 5.530958902769449459e-01 5.612934272988466811e-01 5.429509422574446686e-01 5.451547866284454091e-01 5.203136709406211979e-01 5.683836919327753812e-01 5.719283884862732537e-01 5.631980254885206039e-01 5.541866130133584756e-01 5.716475912241518742e-01 5.625200258997369307e-01 5.607882866233683261e-01 5.579756767650141391e-01 5.731213319256487360e-01 5.788467422726846223e-01 5.364208146790033771e-01 5.774000682700960452e-01 5.774223641072405711e-01 5.733455187089745442e-01 5.829039753900814302e-01 5.696716109783532822e-01 5.733030259830861342e-01 5.825654600775673764e-01 5.839718631413255423e-01 5.797619042078985263e-01 5.661331941674712098e-01 5.753370532338011323e-01 5.611316991456775094e-01 5.755694326254834348e-01 5.820173131480267381e-01 5.783264075894753997e-01 5.826993870735109882e-01 5.647055168848692519e-01 5.798176488057824596e-01 5.707588039097185595e-01 5.822355792655554696e-01 5.812085986497879109e-01 5.808765815808414334e-01 5.662463573325162702e-01 5.795839690562366586e-01 5.766435932109669205e-01 5.754414673302578054e-01 5.862028401896639540e-01 5.906940807119530623e-01 5.893601824168478442e-01 5.847015437100148150e-01 5.854573818701886978e-01 5.887711322753075294e-01 5.872554752107186360e-01 5.875581050741969236e-01 5.919765373960304000e-01 5.860080545924649664e-01 5.794777471922294421e-01 5.833559380422951302e-01 5.890258326750608120e-01 5.872190468122201468e-01 5.874849268741120234e-01 5.862569579799734587e-01 5.839844274148578984e-01 5.870719639474217821e-01 5.875863060181153452e-01 5.866848755308159413e-01 5.845179847381486438e-01 5.875327153435395688e-01 5.902307286452408430e-01 5.861188436642933430e-01 5.830655683026343405e-01 5.870131865393647397e-01 5.850081731285955433e-01 5.876668048897347729e-01 5.891903618410502252e-01 5.893839555963480414e-01 5.813691170527285346e-01 5.728899393850407362e-01 5.872112393004786934e-01 5.850900085325518862e-01 5.904296509775871504e-01 5.858612466461851076e-01 5.855699106714375990e-01 5.906397979323847469e-01 5.838385443576783462e-01 5.782142297281299692e-01 5.841229242591754467e-01 5.895314856524356273e-01 5.872826926384014934e-01 5.871051347098142914e-01 5.815265724285189064e-01 5.869691879000153989e-01 5.837133913587920775e-01 5.842546132108223933e-01 5.840484214218819581e-01 5.842350070253523597e-01
1.786373877580148956e-02 1.477248110515092250e-01 3.082099061694252851e-01 5.512036751168922777e-01 4.406626786441404375e-01 5.118667074179813481e-01 1.000000000000000000e+00 7.258517641662287634e-01 7.409090542863334683e-01 6.790247980977006659e-01 7.417101865853968912e-01 8.072208788189579876e-01 7.187951438500304047e-01 7.411366165789755600e-01 8.289708116511361746e-01 8.125017923421218313e-01 7.411999560011915955e-01 7.746453722185342450e-01 7.732321134964059706e-01 7.563033766140343506e-01 7.729881394076241197e-01 7.892181403869786838e-01 7.640454766746906934e-01 7.655733864001336153e-01 7.871524287196010050e-01 8.104590989273883217e-01 7.808638157977748628e-01 7.962216267374900847e-01 7.839594051475144987e-01 8.200164681832220470e-01 8.212736165568090829e-01 8.060717984495832100e-01 7.910808098414660039e-01 8.078683627790698152e-01 8.050186291809857675e-01 7.996160853224071330e-01 8.051295932695828883e-01 8.205552815218793983e-01 8.246652846697883898e-01 7.788456573025538399e-01 8.214892280827327253e-01 8.157430579030356954e-01 8.134792553082815791e-01 8.318623046974829016e-01 8.193751313370857270e-01 8.274368103440479238e-01 8.268997928503166728e-01 8.301571607969439048e-01 8.232781126962811502e-01 7.999861578787544891e-01 8.199717930315181258e-01 8.007156163408462035e-01 8.133987736067073149e-01 8.334443306969917531e-01 8.240843853564443489e-01 8.257366364777319889e-01 8.146865728015908470e-01 8.271500088370953296e-01 8.223550540651728413e-01 8.286299466298225891e-01 8.315444918472922886e-01 8.273706772990460090e-01 8.223557929968775548e-01 8.178611678039947597e-01 8.185873919875457094e-01 8.260818366902051846e-01 8.293971587188031513e-01 8.339755852612664722e-01 8.321711883361886386e-01 8.330891460751924660e-01 8.328873960273315280e-01 8.341574114068355250e-01 8.272008877215503153e-01 8.305694779434635855e-01 8.327980717800107513e-01 8.294102610459631597e-01 8.347421082069241827e-01 8.371527493268789977e-01 8.325433282988120576e-01 8.331838976336796154e-01 8.301433553801469412e-01 8.334534343736853534e-01 8.337576867388222235e-01 8.342410999230079893e-01 8.268583513603234847e-01 8.314941422363576473e-01 8.301642083299488606e-01 8.340607697089317263e-01 8.333201753159495961e-01 8.352339841398258580e-01 8.288271941553342348e-01 8.361825502575902513e-01 8.302378951793216721e-01 8.349570558175494206e-01 8.328906805175778638e-01 8.324037748719376184e-01 8.242789575221044496e-01 8.202798742610103444e-01 8.320941425242515121e-01 8.303544421350743665e-01 8.308239339058994810e-01 8.337200515715360583e-01 8.281688571036335267e-01 8.330953806355680946e-01 8.307873983887705815e-01 8.271666362018470497e-01 8.305144268835945587e-01 8.309557862530237982e-01 8.344574664789266016e-01 8.357186224197780122e-01 8.355241577656731256e-01 8.330253064856925072e-01 8.346439587029216289e-01 8.306258541902381554e-01 8.271872073865769170e-01 8.301188625915177921e-01
2.246946362518397605e-02 1.489231520733088898e-01 3.271615824820804930e-01 5.573446450165228105e-01 4.197320940333851280e-01 5.019072029562314796e-01 7.258517641662287634e-01 1.000000000000000000e+00 7.262060486083168342e-01 6.554177133440268754e-01 7.346483393465278455e-01 7.940872054367124067e-01 7.207214634720598978e-01 7.303566710989615185e-01 8.105732258025515335e-01 8.158242202395539211e-01 7.140877862899179807e-01 7.508868888548125842e-01 7.583299429322571950e-01 7.337575659733965860e-01 7.678231079339222775e-01 7.912866046847402135e-01 7.404629822974039266e-01 7.565879658979121070e-01 7.677007092862544457e-01 7.879136648312554669e-01 7.802471401704327292e-01 7.721211718917456723e-01 7.567400719044518054e-01 8.030592048735591959e-01 8.086961038733201379e-01 8.010238466738022201e-01 7.798683351427592170e-01 8.025125957511741737e-01 7.836911770939071209e-01 7.926915836431526197e-01 7.815362553387024125e-01 8.102504229074726227e-01 8.135188427396432553e-01 7.644070433849948776e-01 8.105302882921725516e-01 8.067418756477898745e-01 8.004497834751121976e-01 8.232013018905046664e-01 8.022870715306059664e-01 8.082681429848234123e-01 8.139270556025046677e-01 8.150538842010244256e-01 8.139543232921659932e-01 8.046729037561116682e-01 8.113952723043681425e-01 7.978546357174358672e-01 8.062738906934507899e-01 8.142479711379009277e-01 8.120124791856783153e-01 8.090847653514482429e-01 8.079642182119287641e-01 8.205155921361013682e-01 8.096181238277401215e-01 8.140572242776414891e-01 8.218555516149643747e-01 8.158297880406203406e-01 8.124966175203752750e-01 8.141234768720481130e-01 8.048525517391093009e-01 8.142527124297320729e-01 8.182219290329713068e-01 8.231631770586134156e-01 8.195937665184518384e-01 8.234698230253688633e-01 8.213148051802151572e-01 8.177360887252340671e-01 8.173208208028901467e-01 8.157795796495647123e-01 8.210020407582991897e-01 8.155791911247587400e-01 8.190430618516068018e-01 8.164819267277878545e-01 8.175981155523615040e-01 8.214577334833361721e-01 8.157427120608892190e-01 8.188140722969562413e-01 8.195505517761473291e-01 8.207334282975071726e-01 8.227321500420070599e-01 8.213295048216514571e-01 8.148198463080170706e-01 8.233144536163811145e-01 8.205365785895104569e-01 8.194732613436678248e-01 8.146012890587703836e-01 8.198164465520340061e-01 8.172387376051136743e-01 8.199724281020782657e-01 8.178751815280270732e-01 8.169050310453273012e-01 8.180496130544447908e-01 8.115362511572373760e-01 8.214130982550277293e-01 8.219931127917045055e-01 8.211321325098618340e-01 8.244025616991121908e-01 8.151318664949812609e-01 8.245951905567823204e-01 8.210235416661514352e-01 8.169860912558254418e-01 8.170599058718350793e-01 8.185245605849027495e-01 8.211650943637759381e-01 8.216035599517997889e-01 8.199578023229969759e-01 8.211287425101457815e-01 8.206440809465099795e-01 8.191750239940145395e-01 8.116187213073051687e-01 8.191899497899158833e-01
8.701185286360176019e-02 1.684388836531333367e-01 3.371653724266387431e-01 5.531838183544546261e-01 4.366305959350993970e-01 5.210510303843561841e-01 7.409090542863334683e-01 7.262060486083168342e-01 1.000000000000000000e+00 7.195701143954322809e-01 7.835095469369859345e-01 8.380232661085094126e-01 7.260292868525138887e-01 7.762230472493532041e-01 8.364585551663009655e-01 8.326639069590321407e-01 8.101849444470923256e-01 8.016087145691470628e-01 8.051434054621302572e-01 7.759281245124595161e-01 8.010420782733848055e-01 8.309228258002316903e-01 7.985361588707117209e-01 8.010111875822796268e-01 8.135163886387565269e-01 8.343324512939795934e-01 8.146716539176630523e-01 8.025587008690189261e-01 7.919593409973484377e-01 8.616356272218562706e-01 8.627532243078734897e-01 8.603784680865489420e-01 8.134969715947020230e-01 8.550740598368830048e-01 8.398669734679327092e-01 8.419173753090325452e-01 8.407100326169253401e-01 8.490882263526950968e-01 8.539392738856659282e-01 7.791981361607523970e-01 8.556994034234928215e-01 8.326666546788699108e-01 8.134481739161903979e-01 8.604527999979827424e-01 8.463194821626295328e-01 8.494976001173027980e-01 8.694051850413189175e-01 8.767669035235955421e-01 8.721418879350988362e-01 8.521943022729269179e-01 8.556984304840703492e-01 8.557019965623868796e-01 8.545591591924605046e-01 8.659866943043589282e-01 8.518215863724922787e-01 8.556759455445068774e-01 8.603981485244502903e-01 8.543955074513178705e-01 8.556770799441212327e-01 8.734474930903309842e-01 8.627128689269498718e-01 8.619980521027815756e-01 8.473628064046235808e-01 8.701001825795853239e-01 8.764137221799097599e-01 8.711576377170932028e-01 8.742359791932355906e-01 8.716076678418175350e-01 8.729511498365151168e-01 8.683123753759540708e-01 8.650056439188984481e-01 8.684016413400483803e-01 8.677750716150610666e-01 8.664955268768632646e-01 8.709010950443221155e-01 8.654136208620495374e-01 8.601051961749665020e-01 8.661107818163090721e-01 8.642035382647644814e-01 8.753538021408656666e-01 8.661905234801645648e-01 8.724146120410132266e-01 8.745683061929832025e-01 8.708146889628991527e-01 8.685334969979650044e-01 8.726953664766365915e-01 8.660558558100684978e-01 8.657062148918309719e-01 8.670995392603514373e-01 8.664394559159414033e-01 8.528169642128581307e-01 8.641135228732078621e-01 8.648810020458942427e-01 8.620981309054046582e-01 8.689557283456559311e-01 8.706649718283283601e-01 8.581417931398303001e-01 8.701888575425190675e-01 8.683034085068838115e-01 8.679942794024784192e-01 8.608492706798797078e-01 8.691656170254482561e-01 8.686942671714820152e-01 8.659010412948987545e-01 8.743657467828914731e-01 8.682589880596325305e-01 8.724155769590705711e-01 8.715653119348415467e-01 8.679819895561912135e-01 8.722783448397817274e-01 8.649056313416855213e-01 8.729293351275880797e-01 8.694762725042456397e-01 8.749100575037543903e-01 8.762908860362798036e-01 8.744597880757717379e-01
3.131222373156020145e-02 1.636391742010892825e-01 2.607035933201840572e-01 4.872216978525001907e-01 4.125045689135976579e-01 4.749171034730489405e-01 6.790247980977006659e-01 6.554177133440268754e-01 7.195701143954322809e-01 1.000000000000000000e+00 7.087362298799737559e-01 7.607600753012785377e-01 6.796407287722614488e-01 7.062925972010466458e-01 7.793267363574345463e-01 7.610850084788307601e-01 7.190943273989380824e-01 7.146550335702882562e-01 7.392054288832189402e-01 6.965910524307301621e-01 7.166757360511114561e-01 7.485137885824711956e-01 7.275006325427261222e-01 7.237769964458549143e-01 7.480682920795155288e-01 7.759133966345158617e-01 7.577871000667126822e-01 7.605231334931938925e-01 7.368256611479471196e-01 7.929093935965159101e-01 7.956869821891946470e-01 7.853695181088066191e-01 7.588795961618488572e-01 7.761267362845625239e-01 7.658562148220353638e-01 7.701063871226694335e-01 7.758230602391447128e-01 7.897206504989860987e-01 7.926089609417348303e-01 7.492135120311408381e-01 7.909351613203904341e-01 7.839756279485677881e-01 7.657517703042545643e-01 7.942758785747385808e-01 7.927114330368721928e-01 7.930182052827694505e-01 8.019680736888364914e-01 8.086832654648700158e-01 8.000488424654106367e-01 7.742299392237089739e-01 7.917685934398023262e-01 7.744190217317618030e-01 7.868448423414864390e-01 8.013950877669704376e-01 7.889541052429505097e-01 7.973811031874493693e-01 7.887145049478508918e-01 7.894300771016616869e-01 7.994037503240966069e-01 7.995238036238557777e-01 7.987422705432090098e-01 7.984847657507433416e-01 7.866416180248223533e-01 7.982118219556165739e-01 7.938502201890149657e-01 7.964711221945363073e-01 8.006205027707189448e-01 8.016731859407345562e-01 8.005858537805119468e-01 7.987596222544101066e-01 7.999993344723098643e-01 8.036674445099345476e-01 7.940624414968762146e-01 8.002420777341582303e-01 8.041937486972415838e-01 7.995214981129831200e-01 7.983179006812705092e-01 8.026600095701311721e-01 8.028886884113679567e-01 8.054057499251100483e-01 8.024414432431677957e-01 8.043416212068821292e-01 8.037455092187327788e-01 8.000047218056471898e-01 7.953528104471745408e-01 8.001425837370607086e-01 8.004033563771676407e-01 8.023171940115310097e-01 8.036320515074693027e-01 8.028878608687578522e-01 7.974660229448765625e-01 8.027742715711458921e-01 8.011553823932338059e-01 8.033905272314628698e-01 8.037109555453471055e-01 8.045893393378212854e-01 7.924334903061099888e-01 7.913182957196276401e-01 7.992663662440899763e-01 7.989320792001308735e-01 7.977072217600998938e-01 8.006755529361528900e-01 7.980289840305987425e-01 7.994200762084446854e-01 8.009736326387679739e-01 7.971291129472040105e-01 8.027421495893538594e-01 8.038902903470546146e-01 8.025180198109306273e-01 8.031587959024866219e-01 8.033126982117678727e-01 8.050953059377505827e-01 8.042289317871089693e-01 8.024006408006747471e-01 8.025023578368786215e-01 8.042041085908044895e-01
3.049803453871040640e-02 1.331056836947280553e-01 3.363475068164728521e-01 5.554491279739922627e-01 4.313907005957622887e-01 5.091025654156098312e-01 7.417101865853968912e-01 7.346483393465278455e-01 7.835095469369859345e-01 7.087362298799737559e-01 1.000000000000000000e+00 8.454196560973936680e-01 7.479195094036205083e-01 7.731405791901114766e-01 8.486403816166069314e-01 8.407158690837774895e-01 7.754869553544545546e-01 7.951667563400904859e-01 8.048761450148901320e-01 7.738499559246642123e-01 7.893078109537361442e-01 8.312669472997473719e-01 7.920326953081646693e-01 8.009068585037579791e-01 8.155563537287854325e-01 8.336601435976634944e-01 8.209902260708199506e-01 8.110864145380763945e-01 7.874010211467147302e-01 8.538710421579828180e-01 8.686295567419751729e-01 8.586905082513237586e-01 8.190967182722665996e-01 8.612761053597235428e-01 8.431595919426522201e-01 8.434472532118979515e-01 8.459785560249973857e-01 8.608937081815699610e-01 8.610377297547459063e-01 8.009922799466415722e-01 8.548287594974405268e-01 8.450073437956504563e-01 8.348819703991242624e-01 8.642248253801101399e-01 8.522778675277474791e-01 8.611343310606167645e-01 8.686433147047846193e-01 8.723104526695636407e-01 8.650283975088773891e-01 8.532226407242942123e-01 8.633054380697615660e-01 8.472007157459886528e-01 8.528874470847855882e-01 8.720002075354670312e-01 8.631811492031841171e-01 8.649720511462790640e-01 8.641146141185203078e-01 8.648143024664154410e-01 8.677075411082427747e-01 8.706424280884926814e-01 8.696298286807373490e-01 8.692105165431067704e-01 8.611630315600524721e-01 8.703715275257672968e-01 8.655159049164697915e-01 8.680093981792373903e-01 8.735404345393923409e-01 8.759101247622889108e-01 8.777408374973894034e-01 8.731539305667586071e-01 8.708052174138263268e-01 8.731793179530309423e-01 8.736587785452937238e-01 8.713222905251186701e-01 8.744591939708503681e-01 8.688322572860439630e-01 8.635515344387754144e-01 8.686417347192686433e-01 8.670069212556708038e-01 8.751236489603887447e-01 8.709199488386485388e-01 8.749725746985967945e-01 8.764040660090085533e-01 8.743694587193763246e-01 8.734834099166766119e-01 8.761645317941851863e-01 8.701207822618159948e-01 8.756098390393640685e-01 8.744464709370982636e-01 8.717624981045006827e-01 8.623351586479446329e-01 8.718966617518467688e-01 8.716354161810671020e-01 8.714587913249758344e-01 8.749322632410022615e-01 8.748985367105053257e-01 8.678050368968385220e-01 8.687667027059040592e-01 8.749286338749672209e-01 8.750355316031475095e-01 8.689824474002205701e-01 8.756890037253594050e-01 8.723588903966679187e-01 8.722917707453458069e-01 8.736587558193547043e-01 8.727112555728863130e-01 8.752437217872496289e-01 8.741979694359758302e-01 8.744972534855001145e-01 8.757167648279953198e-01 8.726965731898714829e-01 8.751704410189857786e-01 8.762026730994474377e-01 8.759744602190575602e-01 8.721458640340147284e-01 8.748475324006758091e-01
1.695853600361172525e-02 1.551856437737487993e-01 3.518010180031901912e-01 6.243147020946123726e-01 4.781776046215291398e-01 5.627019598122914301e-01 8.072208788189579876e-01 7.940872054367124067e-01 8.380232661085094126e-01 7.607600753012785377e-01 8.454196560973936680e-01 1.000000000000000000e+00 8.055882112189874933e-01 8.337728774478424532e-01 9.102773702595307048e-01 9.090466468253317611e-01 8.216218289104669781e-01 8.508567546014756955e-01 8.592974820974795813e-01 8.334810042341568304e-01 8.587700305385225219e-01 8.841721518358780507e-01 8.494660472440619392e-01 8.512067770674225375e-01 8.672844190234927364e-01 9.019702789080968897e-01 8.858780788161706443e-01 8.817968622418461688e-01 8.441953968393234309e-01 9.132577413959440671e-01 9.259692418805739456e-01 9.160159552676024886e-01 8.833131128282541988e-01 9.157778114281319715e-01 8.950548866168321904e-01 9.078078919756169540e-01 9.010640304701118541e-01 9.209558675059875688e-01 9.282533464129679723e-01 8.732166454852919868e-01 9.226875577534005002e-01 9.181293529691618716e-01 9.085810762339557867e-01 9.342682763277813107e-01 9.231203849652784843e-01 9.246663234426085731e-01 9.333714967191550915e-01 9.360092987851276192e-01 9.307597830883389545e-01 9.184184159368614653e-01 9.321740394882388481e-01 9.116023726678180727e-01 9.237584444032282960e-01 9.361127619255124044e-01 9.281464351247730171e-01 9.332334484942943487e-01 9.255790129782769382e-01 9.334383525755873823e-01 9.303955556061646037e-01 9.366820008852108081e-01 9.372963751524987508e-01 9.341379712996346063e-01 9.282457747325261188e-01 9.321691477307768592e-01 9.245347576222209263e-01 9.327032710912336322e-01 9.370495731248416060e-01 9.387786545688022732e-01 9.388205651152481401e-01 9.379036611123205969e-01 9.358858130771792183e-01 9.370586159229861156e-01 9.322891999940158270e-01 9.329724867323403448e-01 9.400756056675109162e-01 9.341383137609059473e-01 9.326704953463386127e-01 9.325259907569219964e-01 9.322059928726138534e-01 9.367869457201287720e-01 9.342233664647675573e-01 9.387740479973990526e-01 9.404115940234477611e-01 9.386979790990199746e-01 9.363081107837943895e-01 9.394539994241343228e-01 9.350319187889398753e-01 9.410196569217457174e-01 9.383677430236477823e-01 9.407013262977924617e-01 9.303623249803698592e-01 9.390498309410509892e-01 9.371341599792315513e-01 9.382332000731624655e-01 9.385509068097999119e-01 9.394446262487804455e-01 9.343108346198947256e-01 9.309731384967452339e-01 9.392434380729022259e-01 9.397811874156247747e-01 9.372459167240894118e-01 9.407255764022177669e-01 9.374186061968137196e-01 9.402282468852881658e-01 9.407996231720903157e-01 9.368419391031882482e-01 9.389562240289454076e-01 9.390723394895968967e-01 9.409871845102196763e-01 9.413920902028494186e-01 9.399572599725827260e-01 9.398598264366692101e-01 9.402521450469583097e-01 9.398568149021149232e-01 9.360969600138621116e-01 9.395535724497329211e-01
2.058797332768195695e-02 1.340672259787425991e-01 2.850636003250713313e-01 5.536159011811865316e-01 4.463643395915567469e-01 5.084098356191592005e-01 7.187951438500304047e-01 7.207214634720598978e-01 7.260292868525138887e-01 6.796407287722614488e-01 7.479195094036205083e-01 8.055882112189874933e-01 1.000000000000000000e+00 7.460660114632587936e-01 8.315892769367083659e-01 8.201942645371748108e-01 7.202418515269576327e-01 7.502994187176085239e-01 7.676852246149811210e-01 7.327375315976569770e-01 7.578207863456100091e-01 7.899451434919885218e-01 7.611593894487319600e-01 7.577444816762307633e-01 7.781887796964963577e-01 8.207054765436938570e-01 7.974582673101576757e-01 7.938048042622511957e-01 7.572982483861319114e-01 8.296921697467094514e-01 8.312801756464746061e-01 8.173776743076267559e-01 7.885172826262832890e-01 8.150649059967334242e-01 8.090884368132416071e-01 8.042178707501059787e-01 8.144088972210093980e-01 8.276158480503691406e-01 8.335865346001669618e-01 7.734223580072000503e-01 8.338233084790530603e-01 8.278024500076091030e-01 8.216460939340871628e-01 8.409147466946730320e-01 8.251401833366247551e-01 8.315165427557446032e-01 8.390348860809863085e-01 8.442573517817034690e-01 8.377895559189773023e-01 8.154140527411857242e-01 8.316706183927419227e-01 8.093150331770274652e-01 8.291825832589366785e-01 8.435348992400902857e-01 8.361972304661283717e-01 8.342136545783475077e-01 8.186662108611056921e-01 8.400994453592917077e-01 8.354429544128311180e-01 8.436874348014503644e-01 8.431612628946286714e-01 8.383322775751441691e-01 8.297987665123948142e-01 8.383199820681802583e-01 8.304011528411193721e-01 8.320595991381151135e-01 8.427416377930309066e-01 8.440219180774346519e-01 8.442478569316179682e-01 8.405819988842671009e-01 8.444944936059032292e-01 8.439556798338456733e-01 8.351373906202580466e-01 8.408453598159112419e-01 8.491493317127463136e-01 8.412056828301854861e-01 8.385676496527344481e-01 8.394083869933711695e-01 8.399869012556456793e-01 8.467105592147449178e-01 8.437667534869031094e-01 8.474672832873784145e-01 8.422808851509454575e-01 8.457285782749734970e-01 8.417848224369923749e-01 8.413659630192059646e-01 8.444710232390292282e-01 8.451160368108920906e-01 8.448176874360128208e-01 8.442131882705504742e-01 8.370771364358496891e-01 8.459627799499549461e-01 8.442113269942045362e-01 8.465320452741086354e-01 8.468104897267981768e-01 8.477765214414114681e-01 8.369070600456242071e-01 8.326552617861202599e-01 8.466734860762991088e-01 8.435488340170693711e-01 8.465052881101846616e-01 8.457925443354940009e-01 8.438918134043463803e-01 8.492437882912716729e-01 8.441157396056558904e-01 8.369668252724392632e-01 8.448786068106413083e-01 8.483040874845617640e-01 8.478790537516714965e-01 8.476054200418676743e-01 8.420523504335639675e-01 8.489859101282971610e-01 8.451717364295651125e-01 8.448247332873520810e-01 8.421382429833735861e-01 8.445249592423820229e-01
