1.000000000000000000e+00 1.405195897431958107e-01 9.072628751764377775e-02 8.473091492866731411e-02 8.466328498828984417e-02 4.283149028228035171e-02 7.583041947359192569e-02 5.665404873189737456e-02 1.403474290958567905e-01 4.379685275879316442e-02 5.946974535134791351e-03 4.511850963954506383e-02 5.436160822942678883e-02 3.337973110103839569e-02 1.754507938885099816e-02 6.594390739857114436e-02 9.800733271945359648e-02 4.349052087582296056e-02 1.504372173043538527e-02 1.343788519908820922e-01 6.449992219149455752e-02 3.749722339143825994e-02 3.667859357962351824e-02 1.464224766415203084e-02 1.320692844086743430e-02 4.102118569146741278e-02 1.921811976991123425e-02 1.260935780324513693e-03 1.357446845687597554e-02 2.284424602790474657e-02 2.398314132093006673e-02 1.747649479023836994e-02 -1.420544582268818377e-02 -1.151253669830783373e-02 -1.064611145623688658e-02 3.798062361221613698e-02 -2.133906191194056071e-02 -9.335748082087655733e-03 -1.097606486825161536e-02 -2.973032800387616012e-02 -2.312826031795466898e-03 -1.591253008583029885e-02 -1.216664945452685873e-02 4.818511500504355123e-03 3.236649615141413798e-03 -2.139339543329515578e-03 1.286218571465791785e-02 1.484390900932283652e-02 2.379918852139911375e-02 1.178796622841278563e-02 -9.512089476268999005e-05 2.635551653672450756e-02 3.970031392335477555e-02 2.513719083057841877e-02 2.639198624644713623e-02 1.338609956715897283e-02 4.924317791502386826e-02 6.181270526331884970e-04 -6.683043641609352943e-03 4.218322956744336577e-02 1.199901538337817125e-02 1.361648627265999584e-02 5.959152700604288672e-03 3.894449297355996598e-02 6.326399417931737046e-02 5.531374009207729037e-02 3.528858744815004805e-02 -2.501748502472913899e-04 1.637294537206971518e-02 2.515181960101246436e-02 3.618610763121613179e-03 1.304211665414379412e-02 1.072975308245950783e-03 -2.650134335469427581e-03 1.531629638034979340e-02 9.750294087149736708e-03 -1.396970414073658373e-03 1.322777970689431246e-02 8.737925975505328111e-03 1.872107674533147678e-02 4.326193139637642474e-03 1.182724974128698293e-02 2.541494625984056996e-02 4.982511812445261472e-03 -1.646475956667390814e-03 -5.915502849454357115e-03 -2.361146508650504260e-03 -2.599414898994359836e-03 -2.488826452739202003e-03 1.202927707355695014e-02 -1.305318357347848637e-02 1.589534288651175097e-03 -4.163475567653633115e-03 -5.567090870708877627e-03 6.307790766595157764e-03 1.001647545568273671e-02 1.267255369674112966e-02 4.170873833532924568e-02 1.192491975623446825e-02 8.807867402856061484e-03 -2.474726367378896411e-03 2.302359004162816275e-02 2.080245106577549921e-02 1.236230573107012509e-02 2.668061898056034789e-02 3.439788348107176985e-02 2.363960715378693109e-02 1.545675194082881884e-02 1.411730964485531648e-02 1.563383061405501651e-02 -5.953604886033105536e-04 2.530072253159362447e-02 1.081203156103126978e-02 2.667174650782363349e-02 2.832389955234371551e-02 3.659462702531653816e-02
1.405195897431958107e-01 1.000000000000000000e+00 7.504105142926320582e-02 1.372385447421368698e-01 7.024757907557828418e-02 7.397725375687146110e-02 1.305196263802403944e-01 1.203447963770689078e-01 1.604891308598733468e-01 1.555422226125498242e-01 1.096094277187922988e-01 1.238861808311350204e-01 1.254944703612117518e-01 1.063045511629298751e-01 1.415546090600894036e-01 1.496100704215030941e-01 1.874141378920209100e-01 1.005630607559729328e-01 9.892854731256409129e-02 1.301263381289995136e-01 1.105073434511319036e-01 1.220033892809870846e-01 1.329766640862938831e-01 8.991295137871516130e-02 9.378867611375515945e-02 1.346285990632655472e-01 1.127615219888501163e-01 8.788411801216963748e-02 1.051220809417323376e-01 1.074293596279238261e-01 1.366814946809075948e-01 1.542844788645682252e-01 1.273489047420990616e-01 1.264190529483576186e-01 1.189713526482401723e-01 1.473035931177466562e-01 1.099347121667596794e-01 1.467871261580439290e-01 1.249327582849778656e-01 1.143357047227888112e-01 1.349048962530393081e-01 1.308168237023456804e-01 1.213938140181367031e-01 1.368790031310835598e-01 1.329448753641545855e-01 1.200195927670103524e-01 1.413738848138373083e-01 1.549825565377179193e-01 1.530563322543489757e-01 1.434395809871581717e-01 1.412925178123121406e-01 1.147752880476261006e-01 1.347093899624961510e-01 1.509923192739743847e-01 1.491587617766376439e-01 1.472703427968068968e-01 1.531342805281319663e-01 1.503493421250629569e-01 1.422334229342205880e-01 1.569544911143212762e-01 1.408701359454958557e-01 1.475206799087642462e-01 1.362020021696581928e-01 1.572108566028700971e-01 1.612485399574389022e-01 1.591581719549032548e-01 1.547089075634837940e-01 1.309056581816009091e-01 1.482722336241015793e-01 1.382251783934048128e-01 1.296896712019682540e-01 1.401253344786215216e-01 1.347368645425498501e-01 1.223301504095193198e-01 1.395325109000006281e-01 1.388071000097328422e-01 1.243213869627014800e-01 1.325899374780607765e-01 1.349326568809708915e-01 1.479455412150791349e-01 1.359400969515808244e-01 1.441576394860409061e-01 1.599317173685347593e-01 1.351172467689307211e-01 1.410314017297646105e-01 1.378295422720425545e-01 1.412499237718052025e-01 1.404173304071889561e-01 1.385671479027801856e-01 1.448932628067667872e-01 1.304005430739469951e-01 1.378560370685713576e-01 1.362080183892326046e-01 1.333910503204273068e-01 1.442339687912591595e-01 1.493981871088768398e-01 1.375417504602690077e-01 1.557773511333932770e-01 1.448888134579016662e-01 1.443649735311450244e-01 1.315482816686427414e-01 1.451833530742236145e-01 1.360113825147135913e-01 1.410303625445592235e-01 1.445761881846800156e-01 1.533379881796616828e-01 1.545795107963546799e-01 1.478328294814226229e-01 1.466083774364665138e-01 1.526845631187876695e-01 1.470839484640925898e-01 1.527850911073057039e-01 1.460321911391008198e-01 1.516886649617984750e-01 1.533014458826676418e-01 1.540293032193703060e-01
9.072628751764377775e-02 7.504105142926320582e-02 1.000000000000000000e+00 2.659801922033667720e-01 1.370638758096952847e-01 1.518432631044789038e-01 3.129628540665107539e-01 2.545621387708565941e-01 2.886141954124586406e-01 2.709738488151687275e-01 2.591076845294884579e-01 2.952659591779419612e-01 2.473151967846536070e-01 1.975216296257567838e-01 3.165087714160778609e-01 3.086990354327664443e-01 2.794201790594659784e-01 2.997526343392176162e-01 2.833999308584300714e-01 2.724969066966493880e-01 3.160676459287051765e-01 3.003109223937685535e-01 3.178652895945219825e-01 2.913346138985352107e-01 3.162992767347584389e-01 3.124955185686026371e-01 2.989625430875929579e-01 3.173502907798467776e-01 2.915750170968273713e-01 3.011813160936605005e-01 3.199662049150536758e-01 3.116143310958978119e-01 3.020822905545326176e-01 3.030879510620936856e-01 2.963561698306588221e-01 2.888720199725092752e-01 2.966577235706231441e-01 3.172123723576269483e-01 2.996500581519356832e-01 3.133395792875817154e-01 3.129494034965787930e-01 3.167495660110579703e-01 2.999354235856688811e-01 3.139562161747213587e-01 3.041554274709581396e-01 3.111196888610903710e-01 3.010893210559708599e-01 3.042555509034813310e-01 3.120793657222765694e-01 3.316279259995632001e-01 3.197855029404300664e-01 3.097057685130158999e-01 3.069444366162343840e-01 3.018398375312104642e-01 3.055737743995003974e-01 3.141961861653434496e-01 3.076013985717769295e-01 2.973607143328981794e-01 3.077753414419709399e-01 2.949234482687060344e-01 3.013452615838688176e-01 2.949353677482799974e-01 3.022119336553368840e-01 3.016601804730255632e-01 2.996223260700181523e-01 3.041850684802332450e-01 2.995022125085841092e-01 3.037249085050666153e-01 3.070779141795557110e-01 3.121301835454733942e-01 3.146265271878163627e-01 3.068875973955998981e-01 3.066214261516971296e-01 3.136578833967612057e-01 3.080961350652830499e-01 3.025941681620772927e-01 3.084064139531799142e-01 2.972481725785038331e-01 3.065545919057615087e-01 3.082285893985673431e-01 3.068517160348465667e-01 3.096022614726084976e-01 3.026227483703111121e-01 3.041355125369269441e-01 3.170098553918217488e-01 3.102618891213393404e-01 3.084319504154345859e-01 3.045010260745857344e-01 3.040357494922115156e-01 3.075849828844726130e-01 3.086098753796144845e-01 3.078189581655869089e-01 3.038775441038031322e-01 3.018808620495431749e-01 2.960235111794047858e-01 2.975505219151759473e-01 3.193576362759846798e-01 3.097243455466943129e-01 3.016778480086866332e-01 3.107807570013615406e-01 2.999954664537160531e-01 3.049807412940080398e-01 3.004504880001825917e-01 3.019437795859739038e-01 3.031765793692901556e-01 3.010856631881003720e-01 3.025258249246645659e-01 3.000478518376789028e-01 3.039528603178341393e-01 3.006227217676710750e-01 3.005380442701500732e-01 2.961504585521108068e-01 2.938322609041997269e-01 2.978832823178081401e-01 2.968776032254314412e-01 2.968349444227238454e-01
8.473091492866731411e-02 1.372385447421368698e-01 2.659801922033667720e-01 1.000000000000000000e+00 2.029503595821628426e-01 2.823697912985744241e-01 4.440037475288507451e-01 4.485540689475717158e-01 4.596217520401376655e-01 4.299497165490587247e-01 4.370968798509973774e-01 5.028738514286977823e-01 4.434240637242787830e-01 3.743715850941922718e-01 5.002453343833876964e-01 5.231670006447747268e-01 4.613989886967078680e-01 4.312758251907395368e-01 4.241614512845118257e-01 4.317749362128095458e-01 4.501130168154904854e-01 4.773347580082489827e-01 4.811946840564604866e-01 4.076112509376031978e-01 4.751055400955367936e-01 5.116923149788666914e-01 4.928704051681893628e-01 5.004234854339530969e-01 5.134770870761544703e-01 4.822126158714629129e-01 5.108389678596203520e-01 5.173642356329981595e-01 5.011522240156480734e-01 4.687337626616284170e-01 4.834647559517115112e-01 4.650217964057072884e-01 4.687896244457311901e-01 5.168160699346758813e-01 4.952470017285456327e-01 4.957913702206023232e-01 5.046566850728566589e-01 5.140389358044031853e-01 4.977861233518103834e-01 5.179514212125638783e-01 4.945449900436932889e-01 5.067196025949216587e-01 5.084704979303986683e-01 5.086289275133731858e-01 5.150719372762834203e-01 5.217808152929589438e-01 5.154893925669560284e-01 4.870099244423587437e-01 5.143879288239016079e-01 5.088172963799398874e-01 5.100593073660923960e-01 5.102988665221435127e-01 5.120458253052874165e-01 5.048707599748610830e-01 5.014309106695546969e-01 5.105548666663284330e-01 5.121508315437027781e-01 5.066087754412377242e-01 5.118453964214219054e-01 5.109654900124942500e-01 5.014070495206582878e-01 5.123975626537200512e-01 5.109033368975859357e-01 5.008427831338250202e-01 5.170855867812095275e-01 5.100528887027161451e-01 5.064137463649507342e-01 5.094386736525194914e-01 4.937407794128277905e-01 5.039976956318507062e-01 5.164346249971182301e-01 5.236104618213409667e-01 5.211353596677097411e-01 5.315792921292151751e-01 5.190720162762936241e-01 5.241801111370419930e-01 5.128922248556616603e-01 5.188341701013897689e-01 5.046311328856158962e-01 5.167320607609019456e-01 5.177685322061217343e-01 5.053501392279731164e-01 5.056142902460757371e-01 5.156209761023698990e-01 5.096745787390023485e-01 5.083987756102651412e-01 5.087770049599563693e-01 5.178619889357046757e-01 5.068093784704964522e-01 5.117036122482345739e-01 5.054176100745964018e-01 5.091633330757395770e-01 5.237620878780455680e-01 5.234440223698637595e-01 5.207934981696179522e-01 5.177078843027919097e-01 5.096596259738533918e-01 5.231949007746355962e-01 5.135599954485132734e-01 5.153125647358253181e-01 5.153785420216953073e-01 5.178556485488707839e-01 5.163138300115470702e-01 5.139378657124124006e-01 5.122140393665770564e-01 5.141439672689089857e-01 5.093316981306491575e-01 5.116120568106486965e-01 5.090287729943548944e-01 5.154902242225979370e-01 5.032196119297039916e-01 5.085811748588228154e-01
8.466328498828984417e-02 7.024757907557828418e-02 1.370638758096952847e-01 2.029503595821628426e-01 1.000000000000000000e+00 1.883072170063520290e-01 3.440619452893275976e-01 3.340373196261735012e-01 3.751947504769558295e-01 3.177273290358598179e-01 3.576132025279638582e-01 3.640893108285390700e-01 3.509866215153611968e-01 2.904541523510408840e-01 3.864533406120390091e-01 3.924034708574821728e-01 3.708413232740092602e-01 3.581981236643348998e-01 3.585789526459842169e-01 3.035811625778678802e-01 3.722019896730202060e-01 3.799181860455211335e-01 3.760919300089342054e-01 3.541505041208664606e-01 3.732204783133892256e-01 3.973276495791238094e-01 3.683039789576171841e-01 3.383364338251508285e-01 3.305978220992125127e-01 3.540890445159689537e-01 3.917667440277160518e-01 3.871938100600835764e-01 3.367985008057134966e-01 3.826458002333659181e-01 3.606650151499604107e-01 4.014405729996312067e-01 3.771821837849457237e-01 3.837803637474135887e-01 4.015570146800493956e-01 3.587432781180886487e-01 3.911306805112879648e-01 3.875838596470258524e-01 3.968270389218773175e-01 3.966129621858739962e-01 3.965146146421231199e-01 3.841143416387264309e-01 3.994415769933691851e-01 4.012892515892260148e-01 3.954018841008548613e-01 3.776758886388777436e-01 3.910057762144732996e-01 3.967739991219546014e-01 3.952107436214405412e-01 3.877767309063485102e-01 3.857460143466096003e-01 3.911630883254470503e-01 3.942793916126592357e-01 3.958397408283605423e-01 3.787795388405182373e-01 4.121573860629760833e-01 4.078246703528767836e-01 3.934096482923456484e-01 3.908626333452320245e-01 4.117821764396241146e-01 4.185791957375324945e-01 4.046572224305869381e-01 4.068247022892597098e-01 4.092343278893886271e-01 4.080209666198657548e-01 4.090629163381174771e-01 4.117409296957307840e-01 4.088338872148020164e-01 4.080820024528874490e-01 4.049772717828228341e-01 4.069406925493598837e-01 3.957938790320137956e-01 3.803547588270059787e-01 3.791340727596727023e-01 3.984122086682968522e-01 3.992267718804042853e-01 4.030236442967249366e-01 4.062332853990467396e-01 4.104314141277017880e-01 3.927932347484972553e-01 3.945133365310624085e-01 4.083928563119270105e-01 4.111003019026982508e-01 3.988410645909862273e-01 4.079984245985744939e-01 4.040139775497858521e-01 3.934971016271696653e-01 4.017166806333620221e-01 4.034645369775745061e-01 4.038664152370569638e-01 4.082362937931863778e-01 4.082233817436393131e-01 3.972795358452574366e-01 4.042869376376658774e-01 4.054171250248781444e-01 4.021515071580494260e-01 4.042934541284772809e-01 4.054365995933104649e-01 4.077398105156603836e-01 4.121154395067750942e-01 4.181739893313050072e-01 4.017923013557048728e-01 4.056870283150528222e-01 4.089933698567793652e-01 4.076744742013800882e-01 4.133973064622207816e-01 4.028856784295120064e-01 4.116069580066057942e-01 4.036087651360343309e-01 4.127670016467334113e-01 4.123598017653969383e-01 4.092199031023833200e-01
4.283149028228035171e-02 7.397725375687146110e-02 1.518432631044789038e-01 2.823697912985744241e-01 1.883072170063520290e-01 1.000000000000000000e+00 4.426455694526565399e-01 4.021748474566113063e-01 4.427754671569315015e-01 4.401037340016455413e-01 4.313362173286566792e-01 4.723009247179078551e-01 4.387968743709269037e-01 3.654878490979933670e-01 4.998748879140023638e-01 4.986748106833115979e-01 4.522261597571646252e-01 4.219014552925707817e-01 4.264438938197254170e-01 3.708895187080921696e-01 4.279270456214409601e-01 4.833821509032681929e-01 4.782985119062747037e-01 3.928632535696751082e-01 4.364913735335901879e-01 5.131354861649635168e-01 4.947263809402500101e-01 4.829909511669008837e-01 4.860115612403678731e-01 4.922494938584895952e-01 5.082197437476398960e-01 5.028044514824434597e-01 4.588022506350822871e-01 4.626806602376434818e-01 4.777006987609043187e-01 4.817097409912068917e-01 4.940176366695451793e-01 5.024429959068165141e-01 5.089598624044360253e-01 4.987021725576909481e-01 5.116237381706857379e-01 5.105171221191602271e-01 5.029309925520908386e-01 5.218736817846258980e-01 5.100534429264972358e-01 5.177653121851676365e-01 5.240147591406788541e-01 5.217348882364551965e-01 5.214906006462242116e-01 5.009440732257640638e-01 5.073534305103437614e-01 4.814074564017316038e-01 5.038451064186919570e-01 5.138027691618575199e-01 5.115640226043660643e-01 5.218763725246797769e-01 5.076370358539891159e-01 5.233664735479567343e-01 5.112146019037390188e-01 5.244743508723018754e-01 5.197089627099120701e-01 5.155587428784255133e-01 5.071333519168186310e-01 5.177089276668566109e-01 5.208363811400616994e-01 5.141225609260580143e-01 5.256307956090684463e-01 5.152210229419843524e-01 5.216255223456235379e-01 5.133854472235614974e-01 5.172526792437771581e-01 5.204405888168397443e-01 5.013862592898544746e-01 5.138009797729142791e-01 5.269417941678972150e-01 5.289031250001186013e-01 5.243431757564653850e-01 5.168634671425514915e-01 5.234528936689540890e-01 5.307975635062288644e-01 5.262892791311115648e-01 5.282530145276003175e-01 5.241154869951722972e-01 5.161353324802888665e-01 5.134879860400254348e-01 5.139096675316026097e-01 5.259031755485478188e-01 5.227497212096410273e-01 5.264745711044843679e-01 5.234393913583570423e-01 5.201536134954115598e-01 5.285131732320749176e-01 5.252028976414674366e-01 5.281955568456561112e-01 5.277875576946959857e-01 5.278380275317061665e-01 5.223274812114150345e-01 5.210591197610604519e-01 5.304086981622339048e-01 5.254539341815461784e-01 5.251645186504425578e-01 5.274496229831237004e-01 5.271820368262452039e-01 5.295289897524219080e-01 5.267970507817810732e-01 5.241814065357972563e-01 5.298126923551662593e-01 5.265943089166387203e-01 5.271252849801102425e-01 5.284312263204991034e-01 5.266848336738397807e-01 5.304755415695301402e-01 5.265151725324053178e-01 5.291950598450768650e-01 5.254176102665614190e-01 5.225192708263153296e-01
7.583041947359192569e-02 1.305196263802403944e-01 3.129628540665107539e-01 4.440037475288507451e-01 3.440619452893275976e-01 4.426455694526565399e-01 1.000000000000000000e+00 6.360684908963963879e-01 6.824561627701526412e-01 6.343574183265517918e-01 6.578415059414656207e-01 7.229004719967528914e-01 6.248004907794290075e-01 5.437069447243407794e-01 7.773204043164448906e-01 7.233204143379833306e-01 6.851782400587462796e-01 6.665316293827022731e-01 6.827016175924273123e-01 5.856907143701590712e-01 6.807940303643339464e-01 7.287107363258644721e-01 7.495203840738219325e-01 6.313844426313074409e-01 7.162515015498620574e-01 7.576056351473188233e-01 7.423358367245788125e-01 7.858612759402709980e-01 7.508033480308178298e-01 7.470580558538780780e-01 7.739652388001512229e-01 7.678987554477205713e-01 7.394630138887190451e-01 7.225317082792104273e-01 7.395345372177536403e-01 7.241638274328132674e-01 7.446517250237103536e-01 7.694795652935206842e-01 7.592433810955203644e-01 7.755982577115034804e-01 7.732255495378381749e-01 7.828978464088278688e-01 7.607411111708292095e-01 7.840683425004093543e-01 7.694926902718162154e-01 7.807045308353991464e-01 7.558248146093159425e-01 7.582296574898249597e-01 7.505187905560836148e-01 7.530814355426794782e-01 7.646375509536242898e-01 7.331094482469333595e-01 7.490386518122903459e-01 7.518264451722903585e-01 7.456882316002416689e-01 7.652213822263203014e-01 7.425235188303073164e-01 7.560429999967379633e-01 7.449017806171480682e-01 7.553578740868993613e-01 7.571725815896537259e-01 7.486086114937364755e-01 7.379662035183152113e-01 7.517537850955983147e-01 7.482880131597017259e-01 7.559249894723937269e-01 7.579027454256115348e-01 7.557312479136880645e-01 7.697151489851785655e-01 7.652154980712838617e-01 7.651872427877896010e-01 7.634619723957879467e-01 7.464076331347174742e-01 7.629841095877333279e-01 7.716028725644689112e-01 7.737912780518969580e-01 7.954000773326285190e-01 7.759347306224142482e-01 7.785243491783196967e-01 7.767284633351367873e-01 7.765472137247958484e-01 7.667150062537148036e-01 7.686505097611228132e-01 7.725815655460054332e-01 7.698458713003327736e-01 7.614419208616892698e-01 7.686123881318137618e-01 7.719322571776832120e-01 7.723161109665213075e-01 7.695245936517732810e-01 7.823854881845264675e-01 7.773755921558649362e-01 7.709582132590466763e-01 7.775425794486876541e-01 7.545067757775072437e-01 7.560702882977344830e-01 7.540359057682848309e-01 7.517705021021793277e-01 7.536893829872013395e-01 7.647859716219126414e-01 7.651897016990520939e-01 7.515003961161468293e-01 7.548820492053753828e-01 7.625052400244868300e-01 7.609390516524939807e-01 7.482809130611836057e-01 7.550135412851375349e-01 7.624083103803548367e-01 7.636974771326475731e-01 7.587315676206544124e-01 7.568177452896031054e-01 7.570166904288646581e-01 7.518617087943866295e-01 7.535763171733158572e-01 7.524628302450471207e-01 7.533374113568158670e-01
5.665404873189737456e-02 1.203447963770689078e-01 2.545621387708565941e-01 4.485540689475717158e-01 3.340373196261735012e-01 4.021748474566113063e-01 6.360684908963963879e-01 1.000000000000000000e+00 6.586755531748921255e-01 5.935697467368763469e-01 6.264020895536780431e-01 6.872564300662473702e-01 6.099447559921424844e-01 5.354141879028885276e-01 7.218594615472149201e-01 7.301346528960859228e-01 6.722239645101419914e-01 6.232934652278370180e-01 6.275741643248466950e-01 5.666942602377935678e-01 6.437298269302982323e-01 7.017925415332113559e-01 7.001208056250995959e-01 6.018103571183315292e-01 6.687873807111627267e-01 7.236888213434300443e-01 6.990797987234164124e-01 6.936807118450672993e-01 6.843034482987794265e-01 6.921413652460600696e-01 7.270855516897226645e-01 7.337197487915110283e-01 6.832665971009511674e-01 6.918083544075509517e-01 6.946062841068684213e-01 7.049351571871328437e-01 6.924407870102986529e-01 7.369724019202880116e-01 7.253968920744220394e-01 7.200907468536960065e-01 7.289094603271955020e-01 7.315460950497745252e-01 7.341945493093352537e-01 7.417584977917935918e-01 7.248293172679531882e-01 7.370599202402019490e-01 7.292995490237169642e-01 7.321936165095025428e-01 7.328748577485052484e-01 7.310051711404697006e-01 7.374416951784287244e-01 6.881562912118763808e-01 7.177340855516525231e-01 7.232671454449588477e-01 7.255338618863819145e-01 7.407337095576546071e-01 7.288784662869084441e-01 7.300855240271330038e-01 7.224818563044116404e-01 7.319921067891499433e-01 7.335998667508701887e-01 7.286674275018959479e-01 7.241328137079688920e-01 7.390748234724571208e-01 7.289545624443396488e-01 7.290557299314868178e-01 7.352568284569236390e-01 7.276609206515208816e-01 7.402526171956880230e-01 7.358990022224121130e-01 7.312382481706529713e-01 7.328166680518940490e-01 7.156887466122539010e-01 7.239452969994900622e-01 7.387913541955153374e-01 7.359338746177775947e-01 7.346271575760524586e-01 7.296109354909066091e-01 7.398959543730326827e-01 7.445192343154389825e-01 7.377917830848146341e-01 7.382247754460715683e-01 7.403387269630693490e-01 7.363877768799551582e-01 7.331311624723552134e-01 7.302954128530613209e-01 7.369907228697206714e-01 7.421062178085835459e-01 7.386717458476508291e-01 7.405734460043857936e-01 7.352060047168162971e-01 7.418332207757224461e-01 7.356013373081301543e-01 7.397895657598059227e-01 7.307820113828954467e-01 7.324922492211922709e-01 7.349559946893460260e-01 7.355001257179569762e-01 7.369032474691348256e-01 7.387584055636131630e-01 7.418206604710818608e-01 7.356838854865457300e-01 7.308929352640127775e-01 7.385269757884297404e-01 7.376022686256362704e-01 7.315918458677613812e-01 7.355962510747976468e-01 7.369477643483197671e-01 7.370140536183149571e-01 7.375220215519765476e-01 7.365157678468646774e-01 7.351570286700179757e-01 7.349562603482904244e-01 7.409313742058449836e-01 7.316653937225797710e-01 7.292907783659203780e-01
1.403474290958567905e-01 1.604891308598733468e-01 2.886141954124586406e-01 4.596217520401376655e-01 3.751947504769558295e-01 4.427754671569315015e-01 6.824561627701526412e-01 6.586755531748921255e-01 1.000000000000000000e+00 7.294183350972206492e-01 7.168080250747809190e-01 7.826535462793801079e-01 6.956522703272695063e-01 6.029924930421843854e-01 8.091069689972499868e-01 8.089134086037896854e-01 7.842848971851790196e-01 7.181368505078484787e-01 7.260644000490800165e-01 6.527660464402236240e-01 7.327691222254774095e-01 7.921416041000172159e-01 7.882369252736797227e-01 6.789111582850314575e-01 7.453179054124674519e-01 8.287612840128385505e-01 7.932681322721406580e-01 7.555312326829962677e-01 7.628449084945270187e-01 7.806269283710810525e-01 8.348002875506612686e-01 8.339837039745485736e-01 7.517669006606039206e-01 7.773949625604524849e-01 7.757770829583320316e-01 7.832658421986411490e-01 7.864105848844045177e-01 8.210459411658971307e-01 8.248922578416658657e-01 7.901877289741732202e-01 8.333628523927021359e-01 8.254699545344071909e-01 8.082192880828590331e-01 8.373014332996484566e-01 8.254953368146523696e-01 8.246186458451858492e-01 8.502070327349211531e-01 8.547184016482796132e-01 8.531825083663672205e-01 8.253361698556866966e-01 8.364885113504582081e-01 7.904394334145621315e-01 8.379631534943079441e-01 8.507036319511364075e-01 8.457873746926857228e-01 8.395088772275218769e-01 8.519478931340618288e-01 8.393307113346684112e-01 8.384171796686523681e-01 8.604351343543494846e-01 8.492259450425436729e-01 8.470786280854026851e-01 8.410940145769747467e-01 8.549378018295551440e-01 8.540070896232246911e-01 8.571281994077190047e-01 8.590214889635773288e-01 8.448759419209228572e-01 8.548008076551065759e-01 8.455950029209063912e-01 8.395627382534219807e-01 8.504872323404647494e-01 8.319965516001184280e-01 8.376533412367500597e-01 8.526277339709024128e-01 8.464846398286172136e-01 8.338065856441283508e-01 8.308680010187197151e-01 8.443572267735977022e-01 8.495486364320579131e-01 8.469583824475233058e-01 8.537204870819598002e-01 8.532550598210209003e-01 8.387823849640565488e-01 8.374355545342498930e-01 8.404476926568776873e-01 8.435726994206050877e-01 8.460785856883772382e-01 8.448355928010387039e-01 8.482940919080722564e-01 8.335101515115680426e-01 8.459773238622951830e-01 8.436627974395864982e-01 8.447884717408745692e-01 8.511169444163242392e-01 8.525205814086970202e-01 8.335108602401796185e-01 8.503598435621899654e-01 8.484719677381837855e-01 8.459994421703744827e-01 8.398635213547224199e-01 8.492775570063860746e-01 8.466392018291588606e-01 8.486088681020500513e-01 8.505924888736490219e-01 8.497517100349211150e-01 8.557960782186607718e-01 8.555120554867376992e-01 8.529648012405464108e-01 8.525424649250575859e-01 8.426312730330165479e-01 8.569888883390401890e-01 8.478140926981873049e-01 8.545200905979415396e-01 8.545032571316716341e-01 8.558252604142236875e-01
4.379685275879316442e-02 1.555422226125498242e-01 2.709738488151687275e-01 4.299497165490587247e-01 3.177273290358598179e-01 4.401037340016455413e-01 6.343574183265517918e-01 5.935697467368763469e-01 7.294183350972206492e-01 1.000000000000000000e+00 6.761341458068355070e-01 7.329805954966465142e-01 6.451407903103612007e-01 5.800758430333077253e-01 7.679897100197505821e-01 7.495660341530414605e-01 7.218582607133221529e-01 6.686157018922436190e-01 6.918175100505659092e-01 5.849958908140232561e-01 6.585219446450567560e-01 7.415658183995240682e-01 7.277060686395142586e-01 6.178783767974947994e-01 6.947350808445008630e-01 7.772472129221102977e-01 7.610487272897527022e-01 7.220279181238626887e-01 7.328777255695031467e-01 7.526243256639971735e-01 7.906455615136361859e-01 7.908102916538103377e-01 7.350999006421613524e-01 7.317566249161007175e-01 7.473308467935242394e-01 7.283969737824288471e-01 7.537077734880759383e-01 7.901224554926890020e-01 7.842014451329418767e-01 7.629808091758414346e-01 7.971325328138443300e-01 7.934698273811578995e-01 7.682545590264726609e-01 8.014017820822652016e-01 7.838280408169238100e-01 7.870086960607501902e-01 8.042080386661243363e-01 8.119464919029808492e-01 8.038038921661581071e-01 7.835862549224538176e-01 7.978579579346145589e-01 7.407391329876594765e-01 7.809327985290093199e-01 8.041263658272753689e-01 7.985378069871568174e-01 7.940171274243540411e-01 7.911867517387696225e-01 7.970721765030805983e-01 7.972059811159193377e-01 8.068858036990902427e-01 8.045193567839239446e-01 8.016040963831005950e-01 7.934711006972463565e-01 8.006320465898310035e-01 7.920390852739340737e-01 7.979848396163673474e-01 8.069209055330078817e-01 8.034379378844418440e-01 8.061671948025940226e-01 8.012093072433214003e-01 7.929525047381497105e-01 8.031631080276429024e-01 7.837716673242438592e-01 7.923400117936468812e-01 8.075238972861592535e-01 8.043061425449098412e-01 7.935097986867951647e-01 7.891918122162123739e-01 7.990579472700749530e-01 8.037278148962380131e-01 8.025575559855253616e-01 8.083978270196592320e-01 8.017283609208614159e-01 7.945406787169362328e-01 7.948238890757952646e-01 7.968513475716556549e-01 8.012173446983371639e-01 8.040838184940429789e-01 8.019784952364763519e-01 7.982585451039935220e-01 7.949768965020385103e-01 8.053309357839021354e-01 8.036114622194318047e-01 8.062260353036325711e-01 8.085725443301826632e-01 8.093876587485491214e-01 7.878155243944376940e-01 7.974697224676976504e-01 8.040641945109658906e-01 8.035098670500172569e-01 7.985860300563825120e-01 7.997197534313434941e-01 8.028249776823365158e-01 8.057146315127718950e-01 8.011130551443792491e-01 7.961236481195677062e-01 8.071435809212610391e-01 8.076439005075580768e-01 8.065663969223756391e-01 8.064704359123883171e-01 8.002850063382666024e-01 8.084627554516136128e-01 8.036066806762752757e-01 8.042398997078739065e-01 8.051960839935579095e-01 8.044693189090128538e-01
5.946974535134791351e-03 1.096094277187922988e-01 2.591076845294884579e-01 4.370968798509973774e-01 3.576132025279638582e-01 4.313362173286566792e-01 6.578415059414656207e-01 6.264020895536780431e-01 7.168080250747809190e-01 6.761341458068355070e-01 1.000000000000000000e+00 7.851174058027016178e-01 6.639602778121526105e-01 5.915232116978151877e-01 7.947522175189074556e-01 7.765000770092029825e-01 7.136285950201672890e-01 6.689873160048439571e-01 6.893680369789479956e-01 5.866217230802180937e-01 6.792800962508461771e-01 7.488146592657423106e-01 7.475409764231021326e-01 6.592682019982757380e-01 7.213998282446768551e-01 7.957332054631930385e-01 7.794092349951505794e-01 7.478214019069193697e-01 7.442733937727454840e-01 7.739502784286668158e-01 8.224344047868904495e-01 8.199244763664201852e-01 7.710590533736461083e-01 7.879016819530615390e-01 7.837162810183609940e-01 7.633993713020070793e-01 7.947116169879921976e-01 8.209699370395325824e-01 8.181623485552828035e-01 7.935769340556160234e-01 8.187260208674677076e-01 8.258367656494683962e-01 8.009724714166053250e-01 8.235036409279669067e-01 8.184110645709897769e-01 8.205911332995956542e-01 8.251193408867074641e-01 8.237422355482829639e-01 8.180872028877933522e-01 8.144298382203682962e-01 8.272323565068886442e-01 7.758983097684279961e-01 8.024036253199980928e-01 8.101152854559167116e-01 8.057574024793601186e-01 8.098500950172375923e-01 7.976359328281902306e-01 8.222097738248919097e-01 8.187195097103252550e-01 8.195218116060146718e-01 8.259927616812099416e-01 8.179171301946541739e-01 8.102403770211857870e-01 8.106045644343917722e-01 8.032223404998736216e-01 8.052746468560041393e-01 8.251306269113494185e-01 8.208024397072897216e-01 8.336945353842368789e-01 8.247503973396592691e-01 8.186551079099533279e-01 8.268050792859531484e-01 8.170926912122180585e-01 8.124775358144928905e-01 8.329755118088270072e-01 8.319117932347509514e-01 8.249014971292681908e-01 8.142447012517763927e-01 8.264616109273577038e-01 8.319406546228145238e-01 8.348765159442710360e-01 8.315157473076910666e-01 8.258321516582673993e-01 8.348475460671197501e-01 8.366571227697486846e-01 8.335257594111922241e-01 8.347128856536019104e-01 8.368365083262885307e-01 8.354709304108817181e-01 8.267834819198016660e-01 8.340738943518309911e-01 8.376914860424859999e-01 8.304988825953080189e-01 8.352717146151642513e-01 8.316790579346934331e-01 8.297726229059655401e-01 8.244114230706282020e-01 8.164784460172193059e-01 8.274248934126341437e-01 8.342507129021508039e-01 8.292087507377150501e-01 8.247836388471682101e-01 8.243391584969751440e-01 8.321743457794893439e-01 8.250748794604714220e-01 8.136805055165099443e-01 8.269128520269307669e-01 8.313696572445623545e-01 8.296424990063046012e-01 8.312084145310718597e-01 8.285547886218281866e-01 8.271725641589147138e-01 8.250029726999352775e-01 8.242165273327264341e-01 8.208601076492449966e-01 8.197914270082488075e-01
4.511850963954506383e-02 1.238861808311350204e-01 2.952659591779419612e-01 5.028738514286977823e-01 3.640893108285390700e-01 4.723009247179078551e-01 7.229004719967528914e-01 6.872564300662473702e-01 7.826535462793801079e-01 7.329805954966465142e-01 7.851174058027016178e-01 1.000000000000000000e+00 7.391502966370584460e-01 6.516771353131571853e-01 8.668432381458983649e-01 8.528603572038250258e-01 7.961002023143212147e-01 7.274676214264290675e-01 7.431309925785508641e-01 6.574795541403257726e-01 7.476594017204756248e-01 8.327809707557310981e-01 8.283385810400115679e-01 7.000430559110417672e-01 7.961015747352537808e-01 8.654382264349964604e-01 8.467023533515691813e-01 8.285869760045700971e-01 8.270253206828661607e-01 8.465523503748719758e-01 9.009450525697775269e-01 8.854559800955369431e-01 8.279057545662263928e-01 8.278696995463333819e-01 8.392589528341903859e-01 8.390343882527058206e-01 8.496125061807106027e-01 8.916952870503187523e-01 8.828971189360352856e-01 8.663169689697108877e-01 8.884393746212158050e-01 8.936765554874654960e-01 8.756207389511075911e-01 8.997773774735638996e-01 8.847863607674540942e-01 8.952563650593069466e-01 8.982211693951390741e-01 8.965884201384661800e-01 8.951806312503555185e-01 8.847804730833878084e-01 8.951399481729960250e-01 8.393076540911468264e-01 8.799536649988636272e-01 8.900733951096371221e-01 8.893430810408625709e-01 8.912194399091311059e-01 8.837357495166557886e-01 8.923205242307740148e-01 8.901672805763615193e-01 8.972374140394078212e-01 8.984518742093290378e-01 8.953929434468261839e-01 8.877776479853703995e-01 8.923240355053718709e-01 8.843710721520569029e-01 8.888515570197341731e-01 9.008924108713712853e-01 8.913323852832627514e-01 9.034752874830357383e-01 8.944830955391548377e-01 8.884971292919163766e-01 8.994487027829248804e-01 8.749346934341538651e-01 8.860346958076414925e-01 9.034817342186010070e-01 9.053860055752089853e-01 8.988266420398909329e-01 8.932021332452958484e-01 9.008098843456924243e-01 9.058435929975320322e-01 9.036075502615273924e-01 9.040076861639113615e-01 8.982121502240483224e-01 8.976529682454551518e-01 8.970258486025354250e-01 8.929969278882564643e-01 9.012820203733395985e-01 9.038696572061215573e-01 9.008294561874441442e-01 8.990576892113556484e-01 8.990679419937435135e-01 9.070310889422121825e-01 8.997397736736858498e-01 9.047156141386576422e-01 9.011870161730802797e-01 9.013531615597154545e-01 8.914381347918250986e-01 8.919185326810192826e-01 8.995127516995581329e-01 9.018914524025118951e-01 8.995579170033306537e-01 8.979656368666296684e-01 8.941768532480206533e-01 9.038931626722359614e-01 8.985922218991923005e-01 8.910462812041958225e-01 8.997399812794711904e-01 9.030209646331012197e-01 9.037643917514263103e-01 9.020695225153220198e-01 8.988406592162079267e-01 9.015505023320274924e-01 8.984315508376348181e-01 8.998793392549091497e-01 8.971904340630638686e-01 8.957980426909097904e-01
5.436160822942678883e-02 1.254944703612117518e-01 2.473151967846536070e-01 4.434240637242787830e-01 3.509866215153611968e-01 4.387968743709269037e-01 6.248004907794290075e-01 6.099447559921424844e-01 6.956522703272695063e-01 6.451407903103612007e-01 6.639602778121526105e-01 7.391502966370584460e-01 1.000000000000000000e+00 5.739127480767315381e-01 7.610915703387280962e-01 7.711160783625015114e-01 7.176346662737526083e-01 6.843195212110797510e-01 6.883815891809824672e-01 5.968327379794269305e-01 7.015886945805124286e-01 7.559001641137745864e-01 7.399270618532056698e-01 6.619719342287194719e-01 7.217216121698182274e-01 7.767885048434702844e-01 7.347521281622657607e-01 7.104223031914506103e-01 7.146894089980554421e-01 7.314024232748232990e-01 7.858239307684860009e-01 7.826189982994522509e-01 7.007488081841466432e-01 7.460531956955827049e-01 7.274322789348890428e-01 7.468630026217867313e-01 7.510654482251405417e-01 7.822039311374474613e-01 7.853839247230112175e-01 7.604203613781035376e-01 7.835913655991919580e-01 7.814411452625612542e-01 7.800329650887137811e-01 7.938275373891812148e-01 7.826922672881274634e-01 7.883972517594993734e-01 7.991824416086616978e-01 7.980071603583457351e-01 7.948695567689901820e-01 7.703146794056122681e-01 7.836338945802918676e-01 7.501176843018383389e-01 7.806250967665750995e-01 7.891712784095310518e-01 7.850648360629043365e-01 7.917590502079322468e-01 7.823177752900519755e-01 7.945804156654685535e-01 7.840183787454294562e-01 8.055519518182040484e-01 8.017715572405770263e-01 7.939503373586975776e-01 7.866458618989697893e-01 7.972428580587178626e-01 7.947428655495992755e-01 7.923106402920756519e-01 8.019776460931902218e-01 7.989511244139366752e-01 8.057774523138905298e-01 7.990002637776776329e-01 8.004363277803798749e-01 8.034469589397046363e-01 7.952329993430782284e-01 7.984697623944289058e-01 8.003901361837830741e-01 7.970018535046631269e-01 7.843058743317122827e-01 7.775682754034028976e-01 7.955377668399333801e-01 8.004191562210211108e-01 8.014174791615473747e-01 8.038264014979820127e-01 7.986772961915487024e-01 7.911304365452294096e-01 7.913774758315650359e-01 7.995416879950558720e-01 7.994469678535013335e-01 7.983479114274419919e-01 8.020838938047465394e-01 7.981524851388994701e-01 7.900259311056703204e-01 8.010571712634717567e-01 7.992777253628683409e-01 8.004168567981104765e-01 7.995148592360513673e-01 8.018207273285539172e-01 7.877018804534033913e-01 7.864000695612292091e-01 7.995431750270273197e-01 7.962070531928963080e-01 7.977432957324299689e-01 7.955019261274336451e-01 8.011431903243553254e-01 8.044393173634882821e-01 8.038227085840621289e-01 7.922344321627076136e-01 7.985961106329033665e-01 8.041834472903680586e-01 8.035032637665646682e-01 8.029514666692072478e-01 7.979767407749012165e-01 8.040457889798297009e-01 7.993782175850047134e-01 8.013014390669356279e-01 7.994139843645056143e-01 7.999360295504579499e-01
