1.000000000000000000e+00 2.185057149819865374e-01 1.627776911391244641e-01 -7.038036450978012171e-02 1.233973540027850646e-01 4.225698067513610628e-02 9.926178407014588090e-02 4.583349460394282870e-02 2.027089945128904280e-01 1.191889163313590849e-01 4.378468059797429451e-02 -5.616009901079795086e-02 3.163565601960218604e-02 -5.745531447383135648e-03 4.663551151001957273e-02 7.747720237709314339e-02 1.158755743060400356e-01 3.324253803235962534e-01 2.536595893712350613e-01 2.888053674903698909e-01 1.523105146974998159e-01 1.587057725140080533e-01 3.170102197409239708e-01 2.756741547356789668e-01 2.551660939275953721e-01 2.435010893774275376e-01 2.087831899166894545e-01 2.557827934690595217e-01 2.731390356044605672e-01 2.852685044870203468e-01 1.832121402096182072e-01 2.167454463414069665e-01 2.485645410862099558e-01 1.943231432872755959e-01 2.506643902693009851e-01 1.729210081257156473e-01 2.117123939001772370e-01 1.891179996968190002e-01 1.328204749203147350e-01 1.036136624945106083e-01 6.978587791661036710e-02 8.610951408471977098e-02 6.296275547644537840e-02 7.975483198058397338e-02 1.392693051803305104e-01 1.268753175741979822e-01 1.634664716354581118e-02 4.992980251974271644e-02 6.219963938647317392e-02 8.911454751606225078e-02 9.472530459696031080e-02 -6.570622616427104594e-03 2.091082224210065801e-02 1.254151320647566847e-01 1.568196085100894144e-01 1.617708027927303727e-01 1.366969970803821599e-01 5.027462232227643268e-02 1.189605213668555039e-01 5.535824440096029364e-02 7.084496010469476523e-02 1.050407490003599370e-01 1.071868622759630102e-01 1.013323861348481292e-01 9.386727355795299044e-02 9.099317274144258505e-02 6.084956628018981656e-02 1.053068238188758221e-01 1.406881104139451333e-01 1.071373813905063949e-01 6.905397617833429480e-02 1.067545094980531101e-01 1.139599191784725768e-01 1.073206258073459013e-01 8.627437915777980137e-02 9.052667282176608821e-02 6.537970384461636031e-02 1.467696573920027059e-01 8.352331571427505652e-02 1.091842394589367243e-01 1.237186503104476254e-01 8.900887058757478432e-02 1.008610860193856346e-01 1.230578715430712955e-01 8.931435295935234719e-02 7.793845865428090935e-02 9.292233472082861434e-02 6.947523384150264270e-02 8.153481493382191969e-02 7.676567455769170434e-02 9.531314363218797159e-02 4.059288736600135533e-02 6.244982614582202801e-02 5.883951307970647360e-02 1.113488864714784476e-02 2.540716430234299383e-02 2.533038008096634777e-02 4.706113894147960497e-02 4.119766081072066127e-02 5.057196382354248870e-02 3.304823162115012175e-02 4.256953812730566306e-02 1.084657931039455410e-02 2.794342655614415888e-02 2.555051982915088754e-02 5.273152029729574058e-02 3.213517988900894962e-02 5.611270157527196989e-02 6.786194917623512846e-02 2.564056548070221819e-02 3.665331390250101823e-02 2.488739945010429166e-02 4.431632638980653738e-02 2.964257434732205793e-02 5.131529141254251303e-02 3.658060575977445383e-02
2.185057149819865374e-01 1.000000000000000000e+00 7.421151200176408225e-02 -5.734408273762511832e-02 6.994297589442559360e-02 9.257817302844131846e-02 1.090464967508758265e-01 1.040625185751491710e-01 2.433988953162738722e-01 2.105477866284615474e-01 1.370912106355839655e-01 6.878757787820520553e-02 1.207240446552488994e-01 1.099486333101501317e-01 1.354916507022121408e-01 1.542005155442784381e-01 1.670799415155459211e-01 2.318750821350112346e-01 1.897019848357767713e-01 1.790215190803338408e-01 1.106298172925250511e-01 1.370933110317858472e-01 2.291731946543550946e-01 2.030659852138995414e-01 1.863559824488631445e-01 2.235004552671835121e-01 2.209034031231122963e-01 2.561822618479616120e-01 2.877456089277200535e-01 2.471713979627952473e-01 2.217749394279085184e-01 2.247970592138224533e-01 2.508280336864680549e-01 1.926915024481900551e-01 2.429244603047801820e-01 1.805197803154066916e-01 2.067098491448846886e-01 2.251993338956667923e-01 1.881439489984714775e-01 1.475788256129728637e-01 1.636543552252423261e-01 1.788270388275452205e-01 1.282509978650044624e-01 1.680449777783798171e-01 1.816356093705287500e-01 2.090268094418473444e-01 1.504475274690376674e-01 1.773460364114826382e-01 1.641200921420374881e-01 1.474116992472868370e-01 1.707561340464028576e-01 7.076572350815751866e-02 1.473676954716805765e-01 2.103176917872665308e-01 2.082446706595682817e-01 2.091873371775776203e-01 1.878395315093058793e-01 1.647245956575056625e-01 2.006386229174337843e-01 1.786711642102876696e-01 1.594174330637098125e-01 2.011660324012408962e-01 1.816572715458749376e-01 1.743828034806314264e-01 1.852997305976916698e-01 1.795000522224506623e-01 1.740262152144618213e-01 1.825670614966593830e-01 2.099265145428306500e-01 1.739388815780741893e-01 1.380774460836945161e-01 1.795079579743125153e-01 1.782762211011954256e-01 1.718365876511605272e-01 1.834359575907888174e-01 1.863283740016775658e-01 1.796735140122306951e-01 2.328190996757223685e-01 1.833428952527613454e-01 1.938135060514341867e-01 1.968225484870660125e-01 1.869629338921403594e-01 1.889079457256395422e-01 2.048538139885644482e-01 1.737362019768262655e-01 1.722371327820191034e-01 1.785157583891172628e-01 1.822164500292143274e-01 1.817490525333284868e-01 1.726469494073287203e-01 1.826959317696705276e-01 1.619111943895314709e-01 1.633123490141738521e-01 1.716676764037920466e-01 1.536390170744607875e-01 1.627243281766309058e-01 1.207654891041742284e-01 1.388984915372606654e-01 1.486556308753453071e-01 1.537285661323818386e-01 1.370509042549386547e-01 1.506570744914801363e-01 1.389742624094622570e-01 1.483036337474098465e-01 1.379797752406983213e-01 1.531658006728646992e-01 1.591180390696124991e-01 1.784036813489310869e-01 1.790848367693354815e-01 1.620108333694815494e-01 1.633784013830614223e-01 1.580253285775965744e-01 1.656083575017053555e-01 1.473791146287556642e-01 1.640033801821292325e-01 1.603190081983720539e-01
1.627776911391244641e-01 7.421151200176408225e-02 1.000000000000000000e+00 3.451936052612386563e-01 2.807861984503853825e-01 2.551265359819537837e-01 4.107856114235311495e-01 3.432211565935627817e-01 3.614122681545133275e-01 3.106943188560580826e-01 3.810179943211901565e-01 3.750780970171105344e-01 3.514096679796773759e-01 3.311721946917600690e-01 3.869505775529212821e-01 4.175007867034470355e-01 3.635659630447223845e-01 4.260056274221929451e-01 4.367737717918098173e-01 4.334402422576496550e-01 4.274621342818679670e-01 4.492095346589231597e-01 4.400803592391205332e-01 4.256772330016037054e-01 4.529228654690100608e-01 4.557475444141309562e-01 4.490122583955437063e-01 4.466663241352726299e-01 4.260595241286361246e-01 4.445332556125671242e-01 4.217867737210432288e-01 4.232996257768505410e-01 4.356266205847350581e-01 4.299478957994805617e-01 4.407671065465544880e-01 4.343975259606012163e-01 4.414370050809395263e-01 4.278368971379777896e-01 4.233932389939091268e-01 4.209749388010832760e-01 4.076769683463594141e-01 4.058016378368133892e-01 4.188167545457885943e-01 4.116953627808658811e-01 4.378260019857403984e-01 4.075644863682211239e-01 3.660479986326879986e-01 3.790332552760442009e-01 3.842995003256584052e-01 4.089620584918221002e-01 4.137267973782843833e-01 3.841588037311079451e-01 3.865763941382416302e-01 3.925025462549461275e-01 4.121241781872572174e-01 4.216113851700602488e-01 4.019394416365032474e-01 3.913050050014930115e-01 4.003842717971666798e-01 3.816483687691395454e-01 3.993792659859644045e-01 3.883313789526120496e-01 3.988852370841382555e-01 4.045454664589042126e-01 3.947155629792296616e-01 4.031913784508516230e-01 3.838592191838997025e-01 4.130259937821509908e-01 4.058124838903432452e-01 4.261072005534213281e-01 4.350458097755978137e-01 4.246808799551578528e-01 4.097960271701056589e-01 4.196400291424224327e-01 4.113946150235733845e-01 4.099945425865422766e-01 3.976045446443313147e-01 4.108266427841226753e-01 4.059417523847013709e-01 4.096764942973565304e-01 4.150641214080679209e-01 4.031421595425407345e-01 3.975686777463345867e-01 4.085263068221481331e-01 4.037330211042441941e-01 3.989012015708309211e-01 4.100288662803129314e-01 3.994487063613688660e-01 4.033914203276882104e-01 3.982113506417128135e-01 4.120848570240919218e-01 3.919228823368774983e-01 4.053454149535952733e-01 3.966467287083438320e-01 3.692806546379305277e-01 3.705401517458095095e-01 3.940163283128599314e-01 3.762794218955862191e-01 3.876607112184715653e-01 4.005178966231471294e-01 4.004138100207408901e-01 3.879884334413438163e-01 3.785085225804419862e-01 3.903413112958090680e-01 3.919567225289643519e-01 3.827187361948237165e-01 3.709657208461766276e-01 3.807447771804091108e-01 3.871163655381669177e-01 3.746390370520593649e-01 3.786141987768880668e-01 3.740642931323879816e-01 3.813783565300581380e-01 3.838549169238131276e-01 3.890538467753923424e-01 3.790515807897796852e-01
-7.038036450978012171e-02 -5.734408273762511832e-02 3.451936052612386563e-01 1.000000000000000000e+00 4.087156161579418856e-01 3.763159850167533960e-01 5.942485461338333774e-01 5.444366978944082947e-01 3.679754465512621309e-01 3.430804968291104040e-01 5.415729597571278253e-01 6.403165868645113168e-01 5.112143219532119254e-01 4.765319787729241918e-01 5.798518552928177971e-01 5.834450424244810307e-01 4.269728383910518787e-01 3.295737991219802043e-01 4.465657477255342567e-01 4.108144258555169182e-01 4.919500147893082209e-01 5.539481485800364924e-01 3.743784187827844945e-01 3.565112634422660243e-01 4.534484342672215340e-01 4.880198286161179788e-01 5.301590542969607522e-01 4.641709537107291395e-01 3.946119565295349019e-01 4.312903600133134452e-01 4.718046770287809277e-01 4.339732433617731755e-01 4.150213031382128936e-01 4.361462815356931810e-01 4.115210017589219782e-01 4.876826757564615145e-01 4.643246624549505763e-01 4.658014290488959874e-01 4.977962482413796907e-01 5.372414692388755020e-01 5.255443477229101434e-01 5.339977458688719425e-01 5.981900710200298565e-01 5.576652471692339352e-01 5.436899930768672728e-01 5.008228977124873360e-01 5.042733282376118398e-01 5.004625755411257204e-01 5.143172944520409962e-01 5.461610516126569337e-01 5.366751659047364065e-01 6.070509950976391567e-01 5.487074025612321826e-01 4.698208773756625267e-01 4.814942694976028781e-01 4.810593323263810950e-01 4.998480842756152231e-01 5.262380000505173516e-01 4.960355367821950856e-01 5.060446673528813388e-01 5.421255139317496807e-01 4.892385974749585698e-01 5.096707808898824910e-01 5.342741646835048597e-01 5.004273602837366886e-01 5.213197819833006452e-01 5.020380303298050961e-01 4.925171709790941987e-01 4.597603079023938610e-01 5.179194642914258795e-01 5.743949689506978595e-01 5.326812763991959354e-01 4.769048847266461055e-01 5.091608370672819905e-01 5.256254736799960137e-01 5.262583922060470876e-01 5.322197401192576560e-01 4.749007370775961689e-01 5.276458628297013842e-01 5.011562855605558031e-01 4.990167543990460808e-01 5.090308466737837323e-01 4.832077283955555913e-01 4.881563465358805254e-01 5.123942148142960340e-01 4.965019316159778318e-01 5.043293081128605859e-01 5.196819694098648856e-01 5.140361806764967012e-01 5.135348117524985989e-01 5.237943099466275676e-01 5.368759763273130980e-01 5.409234914540671513e-01 5.341566915406861238e-01 5.149853174116767462e-01 5.106431919786914575e-01 5.673426619285362182e-01 5.292904657285419923e-01 5.405047209212221482e-01 5.474295803257684945e-01 5.754853437485417667e-01 5.460088075674801589e-01 5.424864884834443846e-01 5.555072379472466571e-01 5.468350751915995733e-01 5.315232184250011649e-01 5.122205822118958141e-01 5.014827625096296426e-01 5.051700037619927253e-01 5.162840927589091855e-01 5.227802775355261389e-01 5.199673224137898453e-01 5.299235965723777531e-01 5.382640763988951749e-01 5.135295042422909351e-01 5.208021190323812721e-01
1.233973540027850646e-01 6.994297589442559360e-02 2.807861984503853825e-01 4.087156161579418856e-01 1.000000000000000000e+00 3.316728153643848098e-01 5.196634430925914927e-01 4.537847559871335812e-01 4.446857735668996447e-01 3.958156674527296137e-01 4.896358963811629494e-01 5.009576976708686180e-01 4.863778167459323343e-01 4.446402938926172776e-01 5.266948711306170816e-01 5.271435188485733558e-01 4.426749331914121566e-01 4.241906327562288137e-01 4.669696466445854566e-01 4.148241191218234869e-01 3.967131669859284004e-01 4.895871146267773977e-01 4.939818547935638793e-01 4.571191373108698386e-01 4.810149030894587119e-01 5.338104899306126416e-01 5.318691473801049341e-01 5.224349038841769044e-01 4.764702725567510622e-01 5.023144363380450672e-01 5.095883675139869506e-01 5.063967809577616386e-01 4.795337909998180770e-01 4.932259553261094664e-01 4.972258197221674503e-01 5.059001429186713583e-01 5.129249506444764073e-01 5.173512488210966209e-01 5.234516776251050274e-01 5.301780017666961609e-01 5.151820167467672240e-01 5.360190252368280950e-01 5.509242049415938869e-01 5.356539137352031021e-01 5.432383234702307107e-01 5.261663497709524462e-01 4.950496085991566431e-01 5.015869401996807531e-01 5.086712373327570980e-01 5.329870406740970790e-01 5.329968711140484761e-01 5.392268274758218460e-01 5.018998381185381108e-01 5.003170559787114557e-01 5.223398647712609311e-01 5.264097518183834534e-01 5.145305978619754139e-01 5.189631782323972375e-01 5.089366626505740232e-01 4.970833320619749696e-01 5.249841504023829986e-01 4.918833776410532765e-01 5.123753081273575427e-01 5.240079676295305022e-01 5.072096873448127541e-01 5.170286184766997861e-01 5.035819766621041360e-01 5.119396143267602728e-01 5.096026073347357244e-01 5.046981036354530881e-01 5.206747692215473178e-01 5.280842029368083557e-01 5.075962522129536802e-01 5.203897507541684897e-01 5.254042058070519383e-01 5.252975483740748297e-01 5.254079998721133959e-01 5.083980308002915560e-01 5.261806052830949598e-01 5.147508832795599787e-01 5.172707189683271034e-01 5.147401677949134946e-01 5.090126381387231058e-01 5.148565618914762165e-01 5.146762639184934152e-01 5.040847590171735337e-01 5.123590593294048423e-01 5.202026963885786337e-01 5.202680126707893704e-01 5.242128387490775365e-01 5.264633395082970457e-01 5.206827563835776385e-01 5.280255866112723018e-01 5.256159871676971962e-01 4.967378414628957350e-01 4.988101977492181427e-01 5.280083773063913855e-01 5.146643130525563326e-01 5.219634108690865970e-01 5.311624707340979468e-01 5.399696275905336851e-01 5.212170267925085865e-01 5.154461384427329040e-01 5.229357993592552711e-01 5.243012513566660537e-01 5.136808126342430336e-01 5.006369590569562655e-01 5.029610079705875147e-01 5.124318480721449243e-01 5.042368875640376169e-01 5.128735024771414741e-01 5.040539970119409796e-01 5.080326982307595829e-01 5.166564191993254784e-01 5.056924502462873949e-01 5.065642231295860443e-01
4.225698067513610628e-02 9.257817302844131846e-02 2.551265359819537837e-01 3.763159850167533960e-01 3.316728153643848098e-01 1.000000000000000000e+00 5.167756103722065397e-01 4.529014382551127538e-01 4.928663214747256993e-01 4.446640697856528712e-01 5.186134900312480145e-01 5.596605559475837932e-01 5.183857001701600575e-01 5.065398148080383356e-01 5.701738508023179719e-01 5.638061144094231869e-01 4.929097894149737091e-01 3.967205527429756295e-01 4.542485169629625341e-01 3.849087920747253921e-01 4.146291331838394267e-01 5.027916623978481159e-01 4.452297849316808054e-01 4.334898834185710315e-01 4.791949818411151973e-01 5.262521632520743564e-01 5.380102572690154128e-01 5.335978675037927887e-01 5.060597581813133239e-01 5.132905643635851112e-01 5.506922922836865464e-01 5.125528098885002715e-01 4.981101610328060314e-01 5.085831990209151998e-01 5.082200120910018715e-01 5.298514506796170309e-01 5.325320540536975233e-01 5.276333051790129680e-01 5.486791978352375532e-01 5.200120373737550095e-01 5.534224453479973382e-01 5.631155103714763355e-01 5.647023533494445191e-01 5.826409847392398644e-01 5.614074559313417812e-01 5.623133592433749994e-01 5.627241516436031210e-01 5.637415748173205676e-01 5.612347628516060061e-01 5.625915701105514977e-01 5.660454747529460873e-01 5.584890052906760216e-01 5.677271806701633672e-01 5.557181504876681499e-01 5.544185545497621881e-01 5.526289401238839716e-01 5.551839107248272009e-01 5.661947519895245140e-01 5.547316210486977761e-01 5.710403716180493250e-01 5.748470822777225209e-01 5.636728454656846354e-01 5.596299307424342784e-01 5.742349675499933692e-01 5.647059891328259917e-01 5.740606609318840148e-01 5.649213249908329182e-01 5.549280713986416425e-01 5.501309165850982730e-01 5.508812182983173766e-01 5.631957945453134329e-01 5.699905939718009629e-01 5.486447478853481163e-01 5.577419528070149957e-01 5.738300096255936067e-01 5.731033594175628521e-01 5.754940904138835522e-01 5.665662509036391015e-01 5.705693649415908286e-01 5.667307260010867598e-01 5.675803093893269091e-01 5.739680952870984676e-01 5.592375110836467211e-01 5.604440093320651739e-01 5.640019066908336098e-01 5.580104887865904306e-01 5.630683366150374125e-01 5.675032391096561657e-01 5.678101893392567545e-01 5.651277335530715540e-01 5.680016159823958466e-01 5.760959639791273235e-01 5.753557008468513922e-01 5.759779509731268732e-01 5.680792349150570741e-01 5.675993821194385003e-01 5.666362912696166765e-01 5.638866672763328536e-01 5.724188939772688611e-01 5.742298001035938126e-01 5.756176844465125120e-01 5.728225794733531329e-01 5.760317296536895393e-01 5.791032541452950655e-01 5.728372495045811474e-01 5.720328295391965412e-01 5.668828897772254516e-01 5.680284449822472492e-01 5.678380169855505866e-01 5.696403198862117767e-01 5.671790439001366257e-01 5.728255939098999550e-01 5.724343000997216269e-01 5.740275444698255125e-01 5.694488565871340668e-01 5.729909636532733996e-01
9.926178407014588090e-02 1.090464967508758265e-01 4.107856114235311495e-01 5.942485461338333774e-01 5.196634430925914927e-01 5.167756103722065397e-01 1.000000000000000000e+00 7.252723877074845893e-01 6.538257445964114067e-01 6.064796011261084363e-01 7.398521697860820368e-01 7.815042832007420559e-01 7.076561040839143280e-01 6.870447042814438188e-01 8.262223613732501137e-01 7.997356267822398612e-01 6.797755171309612932e-01 5.706897890506665849e-01 6.565918454104398005e-01 5.843544339967658985e-01 5.977039499330396577e-01 7.054906238568803278e-01 6.436628519318610131e-01 6.268787857739408498e-01 6.741221508154594533e-01 7.533094352524716264e-01 7.656097741008424107e-01 7.396353286781185421e-01 6.958412339443037498e-01 7.184505431843070111e-01 7.548030945529289326e-01 7.294184739803480921e-01 6.939138876463539773e-01 7.227333742850602372e-01 7.075062355066219499e-01 7.513782859306549211e-01 7.385141048381774764e-01 7.564394813607481227e-01 7.752056808840551705e-01 7.719444741894077033e-01 7.740064206355528054e-01 7.914471984895876666e-01 8.205685909533135813e-01 8.076498751751753913e-01 7.938935414807105628e-01 7.825005368785953319e-01 7.628479485018726525e-01 7.670166476031167191e-01 7.740216181881143243e-01 7.920655398886159437e-01 7.985643104615538501e-01 7.920588827640631102e-01 7.785476719069071017e-01 7.583119082713897230e-01 7.716248647520030923e-01 7.680097942925568910e-01 7.758095174473091937e-01 7.829879954405000175e-01 7.760131129843024222e-01 7.708424998791261196e-01 7.971881739237201003e-01 7.660555631651311259e-01 7.826630994941374819e-01 7.928109392544863132e-01 7.710805903826903895e-01 7.882114634984748180e-01 7.693085598739812792e-01 7.620732672781574957e-01 7.520504111189327823e-01 7.629816812732856945e-01 7.807531175795455747e-01 7.848467097539388870e-01 7.554045661072603668e-01 7.696440969226593376e-01 7.918539823251217191e-01 7.896961543242696502e-01 7.893037517899322841e-01 7.695491577132101968e-01 7.924227149415300486e-01 7.714684975290635460e-01 7.755843728829582284e-01 7.788145156228706290e-01 7.650981953338413799e-01 7.715137702002838882e-01 7.784577819258589049e-01 7.671604194365273521e-01 7.739724652627097967e-01 7.868797963244567040e-01 7.834615391922410410e-01 7.821527161431358621e-01 7.922631971082442215e-01 7.941625349122949373e-01 7.936015201668463748e-01 7.920664919498342504e-01 7.685235141763017142e-01 7.710594055935894309e-01 8.002503976453031465e-01 7.755845915756862663e-01 7.909173612469998504e-01 7.957884015775282815e-01 8.086434896848441189e-01 7.946537425373734198e-01 7.830011112246137994e-01 7.958449511287351008e-01 7.869673733129328719e-01 7.881442347793783387e-01 7.727259435449087555e-01 7.702810884182472728e-01 7.751329526092917144e-01 7.738810342466829750e-01 7.826431848109755007e-01 7.739749650707261619e-01 7.819629811060025970e-01 7.853886664279065011e-01 7.718745619061562202e-01 7.765319308795327613e-01
4.583349460394282870e-02 1.040625185751491710e-01 3.432211565935627817e-01 5.444366978944082947e-01 4.537847559871335812e-01 4.529014382551127538e-01 7.252723877074845893e-01 1.000000000000000000e+00 6.153824309393883807e-01 5.891965455743488622e-01 6.989290513575143748e-01 7.454215230311819207e-01 6.864240192280202102e-01 6.595325829068212631e-01 7.689411481784097502e-01 7.551462459383230241e-01 6.510560800175713148e-01 5.502692047775485928e-01 6.135445357894048213e-01 5.602947805778565327e-01 5.830871608070640200e-01 6.707862202009730046e-01 6.111481319666934864e-01 6.117320861889858907e-01 6.219710456250467923e-01 7.114077771957101337e-01 7.076016831962387288e-01 6.895265543182345080e-01 6.462593342717704026e-01 6.685328572161607363e-01 6.982078509493047092e-01 6.988031482691520191e-01 6.543323968999624762e-01 6.981550738100100739e-01 6.667271808234248587e-01 7.175802799986301661e-01 6.938296909061573148e-01 7.178442095875758877e-01 7.272218932527606539e-01 7.346599190568966486e-01 7.398270547255051399e-01 7.451063437869649420e-01 7.775795964029315055e-01 7.572926195371267877e-01 7.451090494759774474e-01 7.226168241274478765e-01 7.371737186075786319e-01 7.338480268719701494e-01 7.444334147037499072e-01 7.611150821165180158e-01 7.631622569981247883e-01 7.529227300197732786e-01 7.409967828166926784e-01 7.250448535136074790e-01 7.423675244195896417e-01 7.353063301157872766e-01 7.451753186212062285e-01 7.478137566612756970e-01 7.469706418696852035e-01 7.332385304966971828e-01 7.637143709107920841e-01 7.335454138929236034e-01 7.526472797125116632e-01 7.496589987237549657e-01 7.317019341161374868e-01 7.501759990933771771e-01 7.311372346824236423e-01 7.260416570104148981e-01 7.177156427490359869e-01 7.338855877504052438e-01 7.412749010138708350e-01 7.392399248352268248e-01 7.271500191621581566e-01 7.303996027785034650e-01 7.526598852584613919e-01 7.451660968881226310e-01 7.468180061365270461e-01 7.238016112600133001e-01 7.483668320729240930e-01 7.240962735935020378e-01 7.300998805375479295e-01 7.311361700017515730e-01 7.303961406766513731e-01 7.332687503039752031e-01 7.439378359103828720e-01 7.388102656570837423e-01 7.349083269487446390e-01 7.489272293437132522e-01 7.414670281049595690e-01 7.465417240020952860e-01 7.493178718852849807e-01 7.556801492224187733e-01 7.496218741043445544e-01 7.446832303877294335e-01 7.384818494651691489e-01 7.369220957412621065e-01 7.671007734627049990e-01 7.463740569434480499e-01 7.613036511372236470e-01 7.647825454267354051e-01 7.726810826418272216e-01 7.656808848844380844e-01 7.447634928272744981e-01 7.587341589796003927e-01 7.534106593854011935e-01 7.545536501185312606e-01 7.398675196598002435e-01 7.388920785928807522e-01 7.447492231766026372e-01 7.439177539570577258e-01 7.534118374731857415e-01 7.382223605771536246e-01 7.477513823097641232e-01 7.509590889505275424e-01 7.361134121666915719e-01 7.409112053634876460e-01
2.027089945128904280e-01 2.433988953162738722e-01 3.614122681545133275e-01 3.679754465512621309e-01 4.446857735668996447e-01 4.928663214747256993e-01 6.538257445964114067e-01 6.153824309393883807e-01 1.000000000000000000e+00 7.661916009448626053e-01 7.767404131388141453e-01 7.497033427770516401e-01 7.493827695873749306e-01 7.517771744036637616e-01 8.240099812448936634e-01 8.114891493305076420e-01 8.075641690030297415e-01 7.157508483223026241e-01 7.092187606190744065e-01 6.279928744332845536e-01 5.918259560929061136e-01 7.006757870350116546e-01 7.776133742057879106e-01 7.531403113567196606e-01 7.318227723624225467e-01 8.391524608115857875e-01 8.247769928061468026e-01 8.374467382775070412e-01 8.220510141125978443e-01 8.417002425846220603e-01 8.644379541747029272e-01 8.639502060636041758e-01 8.066341087056464465e-01 8.377506093450454161e-01 8.426289558889694664e-01 8.354288018187568943e-01 8.531939180541697754e-01 8.434824264882848643e-01 8.587860556589871353e-01 7.789900568035310613e-01 8.603557496299695240e-01 8.525498807437663640e-01 7.982272456744071709e-01 8.587343172703573169e-01 8.528428203034369437e-01 8.691239157661099224e-01 8.637244752053188090e-01 8.816688425529076722e-01 8.734473025258981949e-01 8.438740885822475501e-01 8.623632753798089468e-01 7.782983115182207090e-01 8.450439091034890327e-01 8.931055094344250156e-01 8.821600906306947820e-01 8.776094495726873834e-01 8.758956099702951414e-01 8.612590376590639751e-01 8.732672393367781893e-01 8.814904070478659648e-01 8.695604278420273614e-01 8.820931089055623620e-01 8.717689339517051827e-01 8.741039218264633481e-01 8.835949381576531092e-01 8.815732490663942267e-01 8.777512502254540827e-01 8.752887503646725742e-01 8.927512846579299666e-01 8.563783982019620433e-01 8.212191497459081502e-01 8.662561572763638473e-01 8.752096739740288234e-01 8.616498947235927686e-01 8.776149601418641311e-01 8.760281919970827058e-01 8.676684782223772485e-01 8.824168338490959718e-01 8.717124461270530089e-01 8.810451089733762897e-01 8.852789372832778891e-01 8.819944153179879454e-01 8.846757841630412678e-01 8.829108931030122953e-01 8.686814387639997248e-01 8.726889198910797729e-01 8.772160360006049373e-01 8.685966144190894189e-01 8.760208127368199760e-01 8.662224370755458036e-01 8.660165441465950131e-01 8.643739134874939278e-01 8.681551724120163405e-01 8.692753780914674877e-01 8.655484248634089939e-01 8.706652528751199771e-01 8.238800202417975171e-01 8.496544080880179539e-01 8.597727426565009434e-01 8.557661219072802972e-01 8.377156719818033004e-01 8.546304593001483596e-01 8.534107127664530834e-01 8.583169968046633347e-01 8.561340207738062924e-01 8.586739711821732568e-01 8.698226303384115621e-01 8.804957456041607733e-01 8.785682527193191538e-01 8.682244920543281674e-01 8.616101374085023412e-01 8.699972539309003272e-01 8.654475767089848670e-01 8.615772170228351845e-01 8.754379389612321205e-01 8.716212238711145144e-01
1.191889163313590849e-01 2.105477866284615474e-01 3.106943188560580826e-01 3.430804968291104040e-01 3.958156674527296137e-01 4.446640697856528712e-01 6.064796011261084363e-01 5.891965455743488622e-01 7.661916009448626053e-01 1.000000000000000000e+00 7.249094638510156230e-01 7.062712257522767434e-01 6.915614967209690045e-01 7.005366002080303245e-01 7.610970577823069627e-01 7.373588642178210417e-01 7.216162281456054428e-01 6.359075230663101541e-01 6.382592678898303395e-01 5.551223827781834874e-01 5.511431863509715923e-01 6.481497836870109275e-01 6.932763829059432892e-01 6.840227194679026068e-01 6.569529106006360974e-01 7.513149854798225613e-01 7.408168935872296856e-01 7.490433532055139620e-01 7.470465555266623259e-01 7.456081628754350765e-01 7.857425918102741713e-01 7.858504098605294530e-01 7.309144853968643218e-01 7.728533406494066949e-01 7.587110880494698506e-01 7.696000340685422714e-01 7.746762759446883528e-01 7.794199327196887905e-01 7.947062788668800559e-01 7.305291689119138843e-01 7.924630811697753741e-01 7.890412629863660099e-01 7.499895873679840452e-01 7.934946761276453486e-01 7.813639027948015015e-01 8.017458268486223893e-01 8.075820331959217002e-01 8.195629893430690371e-01 8.113155745205973268e-01 7.811147890935087323e-01 7.981477609186972133e-01 7.223418620539339141e-01 7.824101383328785353e-01 8.213090515222520871e-01 8.085028950842151341e-01 8.026849145258913021e-01 8.020536787996462857e-01 7.973737635053593786e-01 8.105240308289134443e-01 8.139475685788433168e-01 8.075487646745550530e-01 8.149755133748345370e-01 8.075665125194808613e-01 8.031844450313776473e-01 8.084000464202898417e-01 8.074403834464773944e-01 8.130669394815506212e-01 8.078078075497023836e-01 8.191672951274601155e-01 7.903331172872132271e-01 7.660420960950534708e-01 7.996376571872390038e-01 8.059500303266776688e-01 7.967363035246086689e-01 8.106506629716654366e-01 8.088887345078032975e-01 8.035619593977738617e-01 8.141733272727672555e-01 8.069548958871771704e-01 8.081298983621402199e-01 8.123463868440261582e-01 8.124337922530818767e-01 8.161488315323796039e-01 8.143558901465474120e-01 8.051541300153738367e-01 8.123636978856021429e-01 8.127924287355485777e-01 8.097511738519892477e-01 8.125697831314553365e-01 8.059274835472218790e-01 8.038655753266031878e-01 8.062680132339281602e-01 8.052781952232228591e-01 8.055666006637992593e-01 8.094970375748009594e-01 8.126867244161881665e-01 7.764264359315605768e-01 7.891411746547692951e-01 8.050089676068995503e-01 7.998561794290841576e-01 7.887493922608672658e-01 7.991090497273396487e-01 7.966301910521934593e-01 8.002828767615904892e-01 7.972468685024881596e-01 7.985414917584512384e-01 8.110978345068983186e-01 8.182257044831550141e-01 8.149910104297042324e-01 8.101242123586263055e-01 8.054220298417323898e-01 8.100294499305109586e-01 8.069929195068100691e-01 8.037884266898251973e-01 8.085462900680987497e-01 8.069734061810781567e-01
4.378468059797429451e-02 1.370912106355839655e-01 3.810179943211901565e-01 5.415729597571278253e-01 4.896358963811629494e-01 5.186134900312480145e-01 7.398521697860820368e-01 6.989290513575143748e-01 7.767404131388141453e-01 7.249094638510156230e-01 1.000000000000000000e+00 8.575416222125635812e-01 7.890682441372794953e-01 7.918172547054810329e-01 8.741923858547928639e-01 8.554150898173861206e-01 7.839624143041964421e-01 6.497998324587905827e-01 7.028243777819156435e-01 6.090410242940005325e-01 6.395958620957333807e-01 7.537866763685429072e-01 7.172253038818233728e-01 7.049681153719139504e-01 7.287591610215859994e-01 8.182212363278429379e-01 8.272307811458461391e-01 8.073724487685548512e-01 7.608777637226851187e-01 7.920596925599744376e-01 8.458897493785285659e-01 8.219358114088071154e-01 7.704399192156295983e-01 8.176677100852399738e-01 7.973896607003998493e-01 8.414294505449829709e-01 8.356547640576506009e-01 8.392056513187466926e-01 8.689354418861094942e-01 8.282586457503043897e-01 8.819288723554463694e-01 8.804827307533589220e-01 8.702005990060639462e-01 8.898423375062131102e-01 8.711107673505803506e-01 8.727882861957911853e-01 8.867012684156705404e-01 8.894218006301909396e-01 8.853248404417509709e-01 8.754673590355906976e-01 8.866649027573126896e-01 8.614531259902820093e-01 8.827421320781803082e-01 8.759728437816758362e-01 8.741252536538864915e-01 8.675842757820946272e-01 8.730920496406650022e-01 8.871689261622317524e-01 8.782020788830090519e-01 8.899021183878245145e-01 8.966974876270712436e-01 8.764850849369313357e-01 8.786433806479228004e-01 8.896586142294131694e-01 8.866625724260244201e-01 8.920927314626634352e-01 8.897739861994838906e-01 8.793971155372073412e-01 8.679175864651051953e-01 8.698677226532851581e-01 8.753344298159511094e-01 8.867994343615662745e-01 8.723868036765936029e-01 8.758222928685911457e-01 8.940258816925883423e-01 8.926860684227762022e-01 8.910767106174191099e-01 8.643430477106839316e-01 8.885790100980123229e-01 8.811831342280729285e-01 8.836669225967206387e-01 8.902245428800494853e-01 8.829006948095491358e-01 8.785415223375865335e-01 8.844947176136339628e-01 8.854453063098660648e-01 8.887971122615115904e-01 8.914914928949723150e-01 8.915266787757065714e-01 8.865771986153981876e-01 8.861620423159978222e-01 8.969160737813854922e-01 9.000730047994958127e-01 8.956700025283730326e-01 8.932160854927713167e-01 8.934639754966858805e-01 8.832315188872984502e-01 8.809020496316503079e-01 8.961903742489418789e-01 8.941565428315989550e-01 8.948580664524629080e-01 8.935814954398577648e-01 8.949784011824659657e-01 8.994253452922764680e-01 8.982815328306709146e-01 8.884521745920308522e-01 8.927456025111529803e-01 8.923835432368255605e-01 8.913933087129859434e-01 8.932824177699173473e-01 8.921939348525909086e-01 8.951877860498612671e-01 8.928521491013425848e-01 8.964062786841067165e-01 8.947369691367105249e-01 8.944810586259374086e-01
-5.616009901079795086e-02 6.878757787820520553e-02 3.750780970171105344e-01 6.403165868645113168e-01 5.009576976708686180e-01 5.596605559475837932e-01 7.815042832007420559e-01 7.454215230311819207e-01 7.497033427770516401e-01 7.062712257522767434e-01 8.575416222125635812e-01 1.000000000000000000e+00 8.216863859588512398e-01 8.102407386313940085e-01 9.081480771689813825e-01 8.859468411019444378e-01 7.835229397653108441e-01 5.849863893594555719e-01 6.747346969426982755e-01 5.795910976571526652e-01 6.468694763797560032e-01 7.580163067663063803e-01 6.659469344505708488e-01 6.612105643889167883e-01 7.021840708447579793e-01 7.903188610500726519e-01 8.169987320301467237e-01 7.725902898477080560e-01 7.142983559526818738e-01 7.519040779273633568e-01 8.295327270230568040e-01 7.985706221982580288e-01 7.377568693264606736e-01 8.006700671474160647e-01 7.645092026292878984e-01 8.332095405633941354e-01 8.105205671094565245e-01 8.224463662937216979e-01 8.642243715842286012e-01 8.348081648413867573e-01 8.923664599874390202e-01 8.864215056664792591e-01 9.015594573747486296e-01 9.083623281827517548e-01 8.781309820873598460e-01 8.706959632008594019e-01 9.081000379499946096e-01 9.017004516464474095e-01 9.062212186401529257e-01 8.975049076251353508e-01 8.993392312270644950e-01 9.090133233306475491e-01 9.146937211925648681e-01 8.713181139395460573e-01 8.647517692318399396e-01 8.553417549007423792e-01 8.798730863302207661e-01 9.021450338667835744e-01 8.794539025956406020e-01 9.026863516317302771e-01 9.177896124604904005e-01 8.838749451686996883e-01 8.893149671760055552e-01 9.064704551912499131e-01 8.934119382867163894e-01 9.062965273727248139e-01 9.006670621481589478e-01 8.782853660698064502e-01 8.594528228444405782e-01 8.739373299627947178e-01 8.947857127133652666e-01 8.919334887375608423e-01 8.692415496598885349e-01 8.785932035614661961e-01 9.024962368309333849e-01 9.008936482404354962e-01 9.030317969843449921e-01 8.574284802765604896e-01 8.946708012917434782e-01 8.826835906539860499e-01 8.820272241997574314e-01 8.951528138208747487e-01 8.814911943088552526e-01 8.773195596414942177e-01 8.943401773477078764e-01 8.916317309172617778e-01 8.907802636430994792e-01 9.005689882198626428e-01 8.987753501794116806e-01 8.924252367095767413e-01 8.908282277614837374e-01 9.156560412801226789e-01 9.132058699252564304e-01 9.095689597095742984e-01 9.136905897882807714e-01 9.124835810586656715e-01 9.168406613585801113e-01 9.065240726990981823e-01 9.194287857888666649e-01 9.152302295601741911e-01 9.232703521701386418e-01 9.185774033645838221e-01 9.218182752367032329e-01 9.238481823734682186e-01 9.211050600962009671e-01 9.095660637282327876e-01 9.123334198747046209e-01 9.029984672250406241e-01 9.004447410067654145e-01 9.103764202027456731e-01 9.083152743952329633e-01 9.146170383613759780e-01 9.133875424571809010e-01 9.218307500125141329e-01 9.079888783652074746e-01 9.146344916270182646e-01
3.163565601960218604e-02 1.207240446552488994e-01 3.514096679796773759e-01 5.112143219532119254e-01 4.863778167459323343e-01 5.183857001701600575e-01 7.076561040839143280e-01 6.864240192280202102e-01 7.493827695873749306e-01 6.915614967209690045e-01 7.890682441372794953e-01 8.216863859588512398e-01 1.000000000000000000e+00 7.650256807082878030e-01 8.491845080526911893e-01 8.383263640308182829e-01 7.526228472995970531e-01 6.066047523376085771e-01 6.536830680035065066e-01 5.619274754825429596e-01 5.856465446628096316e-01 7.025453725492778467e-01 6.763155504892643943e-01 6.653169706479094003e-01 6.861465075011384807e-01 7.785109096197284639e-01 7.953621430738847531e-01 7.742862336326228334e-01 7.248332008927989012e-01 7.600518243466648505e-01 8.109527319438235571e-01 7.897400524651047027e-01 7.416243571318468231e-01 7.820981329226232015e-01 7.645479547767853878e-01 8.041303263394634637e-01 7.958404295985834764e-01 8.057925663390587134e-01 8.354470509644964515e-01 7.969603005774178461e-01 8.537841060121950099e-01 8.477862817211330171e-01 8.415236373598076192e-01 8.593312810156819026e-01 8.384004625076462158e-01 8.429966615821469222e-01 8.574183003464681541e-01 8.566274977038521588e-01 8.550498327090439998e-01 8.457549980008680635e-01 8.539867999821380007e-01 8.345082366954408304e-01 8.520145747293935701e-01 8.428475294459615297e-01 8.383214706332510202e-01 8.367247529070316325e-01 8.363834864076337139e-01 8.594489294606488805e-01 8.427491131524181833e-01 8.536942904760493889e-01 8.637549947209575141e-01 8.374116088098357835e-01 8.430920625732066798e-01 8.554659839007654476e-01 8.505500897646512959e-01 8.575208935386925413e-01 8.608196059782230458e-01 8.450417643665500966e-01 8.372121288000911044e-01 8.281005176406557311e-01 8.323272782193240626e-01 8.508276436231199114e-01 8.367456866009574945e-01 8.403414695836375348e-01 8.598791120421775958e-01 8.597485525822605723e-01 8.583199759584860811e-01 8.314982620517807899e-01 8.537579267340584810e-01 8.514558085860983727e-01 8.505471055990233564e-01 8.566049176335227555e-01 8.502484932729638123e-01 8.472460769592398133e-01 8.531129062337093893e-01 8.501289737527956136e-01 8.527892553741912574e-01 8.603862551444471096e-01 8.587899289520586343e-01 8.556611821347601676e-01 8.524437295753954924e-01 8.662885764204362182e-01 8.665522368813721732e-01 8.664420305662519084e-01 8.620022699447908998e-01 8.623181977382519126e-01 8.562081606933261702e-01 8.510803873087832150e-01 8.651206750402188339e-01 8.638952438984707216e-01 8.661422728253070913e-01 8.644190897340748858e-01 8.674651450907199246e-01 8.698350331617324960e-01 8.676816989077937858e-01 8.593795872935066082e-01 8.603114346981391991e-01 8.599615433904762574e-01 8.604576456696384490e-01 8.617441612822417385e-01 8.631045501401408693e-01 8.646858995128409164e-01 8.625887697913287022e-01 8.654051430739856388e-01 8.613600315957886666e-01 8.627317336244049173e-01
