1.000000000000000000e+00 1.219194824484274714e-01 1.585307205860192192e-01 1.645101083909724926e-01 1.371730602029877788e-01 3.227738727559641141e-02 2.808301626962445311e-04 9.650707478601185108e-02 2.409808327131414685e-01 1.122886580993147781e-01 4.922453579694736209e-02 6.797342031052397426e-02 6.188496999257905862e-02 1.411096250331652681e-02 1.039209163186817324e-02 1.959577234261888901e-02 2.218265297482338028e-01 6.897585200142360151e-02 5.375447310414629282e-02 1.187847020869210041e-01 1.093274694593062979e-01 9.193687588161086888e-02 2.937887214579432832e-02 2.283821753618005788e-03 8.489430906914938180e-03 5.774800267630248590e-02 7.198302524286791237e-02 4.674653757783903824e-02 4.997372928286285959e-02 7.126436177135223038e-02 7.088472442901679049e-02 5.678985954742611642e-02 3.107226898037657864e-02 2.439070539832393844e-02 5.215599026013469780e-02 6.952950226970901204e-02 7.952092746433284121e-02 1.757707434274323162e-03 4.074122889387599838e-02 -2.462958853267329523e-02 7.680588961284654653e-03 1.484959204317554474e-02 1.885492629949272981e-03 3.295680775489585879e-02 6.248028750558347333e-02 -1.331697753521393288e-02 2.902364285008993128e-02 3.749973988388737023e-02 4.529477768689937206e-02 3.684399170797741929e-02 3.967554891902184272e-02 6.274855237065778135e-02 7.345110970622596713e-02 5.885673629861851858e-02 4.384383878281217228e-02 2.157748091315790998e-02 1.063696711749741036e-01 2.468869334796191736e-02 3.394759422013431810e-02 8.143834101763113009e-02 5.203792294828429865e-02 6.359854367324568880e-02 2.426574782902351374e-02 8.926968938238338813e-02 1.111318828688612065e-01 8.110992527691845977e-02 5.421717616388371797e-02 7.105760299607639940e-03 2.787498157541471594e-02 4.929496104969037507e-02 4.315516427953575845e-02 2.988904637278685245e-02 9.358020284202276176e-03 2.232015230445098461e-02 2.492127884610056618e-02 2.669494848992393088e-02 1.099333835135467632e-02 3.162554882732297040e-02 9.844736864545004795e-03 4.393083243405117300e-02 3.576532749270702749e-02 2.762006057135497558e-02 4.804273958689785073e-02 1.349766903723296704e-02 -1.336988733632979562e-03 1.973123571262951417e-02 3.708772264155023313e-02 6.102623793182217551e-03 1.393818816263361557e-02 3.153776203462167055e-02 7.210334751136533715e-03 9.289565656326426862e-03 1.826161297707530259e-02 -1.963295049576401028e-03 1.922093737723239507e-02 2.238730051928287945e-02 2.612584428573506631e-02 8.489194395142890537e-02 2.819277555805840829e-02 2.055091708852856830e-02 4.401907161378431493e-03 3.873396802253723653e-02 4.608690472637867047e-02 2.225776228531816184e-02 4.469195994146668571e-02 6.854168936993171313e-02 4.303344134286811451e-02 2.357064142602202997e-02 1.896111401575613017e-02 2.168688037074880531e-02 4.162549178874770661e-03 3.971455639921907255e-02 3.073781103074499019e-02 5.334124449203678925e-02 6.651951342190592920e-02 6.440755955131821642e-02
1.219194824484274714e-01 1.000000000000000000e+00 3.960871836521546833e-03 4.324684383846116864e-02 6.206196024222749436e-02 8.478541408126734347e-02 1.063444312781084700e-01 7.117263017267143332e-02 1.630026421526826752e-01 2.060196135924994565e-01 1.231369156385427044e-01 1.391295252483356060e-01 1.020580345279293449e-01 5.589920255142093869e-02 1.210217800389727233e-01 1.398439852118432691e-01 1.776337023662720727e-01 8.274261943124784635e-02 9.385384033108697122e-02 9.195225764664542722e-02 6.534092909462345389e-02 8.547136953995616848e-02 1.477344822092406529e-01 9.982702821152840411e-02 7.293417949894760721e-02 1.259078751422375575e-01 1.168467008704099641e-01 1.247311991515894086e-01 9.606822024612096667e-02 1.342449872838556157e-01 1.367812456843614244e-01 1.564601121117646376e-01 1.237629050258527708e-01 1.294513137595613150e-01 1.231597868880074942e-01 1.431983142082684513e-01 1.360254893249550623e-01 1.215875050095978072e-01 1.411378630787066824e-01 1.224524692080493637e-01 1.341026993548488366e-01 1.242441473445645983e-01 1.074409666850279221e-01 1.220421029793177653e-01 1.407607116748741394e-01 1.201503434502384920e-01 1.425391204815480428e-01 1.511052400743766178e-01 1.362060797744893692e-01 1.034825649839638401e-01 1.280419417743617616e-01 8.262034516135051410e-02 1.129372687511290690e-01 1.595896044916069456e-01 1.341883869651468997e-01 1.384065022724896010e-01 1.444945709616473895e-01 1.384927599581147750e-01 1.394590670375340791e-01 1.530339011041957353e-01 1.353501990908159147e-01 1.520261986258835130e-01 1.334219915883277929e-01 1.484401997427027831e-01 1.435669204322573833e-01 1.450093285604241167e-01 1.515786824448479564e-01 1.307312006463986764e-01 1.462619802773342248e-01 1.325120605026629261e-01 1.173172703082656643e-01 1.273904852951391053e-01 1.351564628873730134e-01 1.224711150071391835e-01 1.369010677581569413e-01 1.393316494465905442e-01 1.277123855441733291e-01 1.223169630926780882e-01 1.294791865719673862e-01 1.393114073591735225e-01 1.390138022732080036e-01 1.329759931555380137e-01 1.536880783091478797e-01 1.380621782149670795e-01 1.272134340800780139e-01 1.402616130504374947e-01 1.421624517978947178e-01 1.392752478642655389e-01 1.411354603358270510e-01 1.437060211492662276e-01 1.431066577680871199e-01 1.343625622591107238e-01 1.380778294618109914e-01 1.327869042810790323e-01 1.407319720556818310e-01 1.471514265457819215e-01 1.102909830571179722e-01 1.310936077384416143e-01 1.286504214887934094e-01 1.309518052676396926e-01 1.226409231040891112e-01 1.337396931739740502e-01 1.231078282114407008e-01 1.283656019289545758e-01 1.251923040330904791e-01 1.354940810564937148e-01 1.389367368876036624e-01 1.471395358690451849e-01 1.392005802727044883e-01 1.359516983477569163e-01 1.354279924261719004e-01 1.473208746664844693e-01 1.410187230081524357e-01 1.397917862994515759e-01 1.437616579605508205e-01 1.421915344368122336e-01
1.585307205860192192e-01 3.960871836521546833e-03 1.000000000000000000e+00 2.879102378050680255e-01 1.428261308657366446e-01 1.767472197964330693e-01 2.572267450643401787e-01 2.773606155323316003e-01 2.987412133343724241e-01 2.415090193380161898e-01 2.874440249468035447e-01 3.074147513775129514e-01 2.527047208866534111e-01 1.984524741334963149e-01 2.896963741287454930e-01 2.841473735021569080e-01 3.223659765839472224e-01 2.731827049792551199e-01 3.136210042952903287e-01 2.394178991936908030e-01 2.923263748060968004e-01 3.513887694832187880e-01 2.926057729771447402e-01 2.871190940737607389e-01 3.026561771999620731e-01 3.187541069552987105e-01 3.185022708786378609e-01 3.266164091554101256e-01 3.123237431704855016e-01 2.856843431269636135e-01 2.984860840371766910e-01 3.349908190571013189e-01 2.888745302533317627e-01 3.397449737074991760e-01 3.094364568955183525e-01 3.417302558036950932e-01 3.220232726370344523e-01 3.190872031971867528e-01 3.302799569595469831e-01 3.201290723941470073e-01 2.982677016662752534e-01 3.123538461292050261e-01 3.286541973963578167e-01 3.281344540305444202e-01 3.322535631628859565e-01 3.037173787410911707e-01 2.996207333297056241e-01 2.984649932142772188e-01 3.073892191581656386e-01 3.228590125603129635e-01 3.228034040389058390e-01 3.436149780824530597e-01 3.220162152560456237e-01 2.903899762251383465e-01 3.025413112037430574e-01 3.033429734313711768e-01 3.138760771111270831e-01 2.943192101570054064e-01 2.993574292810817772e-01 2.964458425177201040e-01 3.089634937026189410e-01 2.847115828815566241e-01 2.811652000290672526e-01 3.147585060556142844e-01 3.291028257024708470e-01 3.094044722319490570e-01 3.065146203898934663e-01 3.006716580958770924e-01 3.121412848672254770e-01 3.210391369048675170e-01 3.275683138862928723e-01 3.167810977022401109e-01 3.045280620002135952e-01 3.136479075468701083e-01 3.067521254756279681e-01 3.025311635413682199e-01 3.105583309096357492e-01 3.112951438125175496e-01 3.051109413697036254e-01 2.988532920178739727e-01 3.093778067809829224e-01 2.980730409749912657e-01 3.138028664163537429e-01 3.088679198476024235e-01 3.187359347009118271e-01 3.189279881882479128e-01 3.255594255220778388e-01 3.071282746954147602e-01 3.080556180816131362e-01 3.092598951203926472e-01 3.131148181795068708e-01 3.025877606864121883e-01 3.110632532261879968e-01 2.989713655599751663e-01 2.956574564585842668e-01 2.928505517669288682e-01 3.228824109624553462e-01 3.197964033647876514e-01 3.038884572476023282e-01 3.121962806089357279e-01 3.096207242481473498e-01 3.040761268245549820e-01 3.161327372377027989e-01 3.058759863135759316e-01 3.231281620941736099e-01 3.061054232996003321e-01 3.059053646089639478e-01 2.971728944187205235e-01 2.955851838125929665e-01 2.989448553314096313e-01 2.899339655642055869e-01 2.916270068681114935e-01 2.917684635540890303e-01 3.086104589675192633e-01 3.103719336193445089e-01 3.085476013361147518e-01
1.645101083909724926e-01 4.324684383846116864e-02 2.879102378050680255e-01 1.000000000000000000e+00 3.077610636634924290e-01 2.631848341474993802e-01 4.430944361199592452e-01 4.696334886850414558e-01 4.871936255870997212e-01 4.180661897302949681e-01 4.484039276224440207e-01 5.215674588002551237e-01 4.369619441017704164e-01 3.684818646134956355e-01 4.852924190074847655e-01 4.809385797265990359e-01 5.110099449902706370e-01 3.907524890190293143e-01 4.185169884835541754e-01 4.139325375884257419e-01 4.344051356514421203e-01 4.888988612071588635e-01 4.212166752397830116e-01 3.767635255084492707e-01 3.976374123740477606e-01 5.054877210314865366e-01 5.146679432343282956e-01 5.215131643476619283e-01 5.188437654643753838e-01 4.703278964162336262e-01 4.994220790961695911e-01 5.120396575455514743e-01 4.924653483635459961e-01 4.729611259026549885e-01 5.009105768698910444e-01 4.795874857091375065e-01 5.078607869056843693e-01 4.890277282537226489e-01 5.017572474959379747e-01 4.848896282459573825e-01 4.828704727216350245e-01 5.008936817526314922e-01 5.126541035926298617e-01 5.098753982684868236e-01 5.149523446415804617e-01 5.005712592762878721e-01 4.750522954542292231e-01 4.791891942905929791e-01 4.772044003195531348e-01 4.664498723980303740e-01 4.943412894887028175e-01 4.958638597556748184e-01 4.999680065902584181e-01 4.942783135529103533e-01 5.013865656931949522e-01 4.960427983784427286e-01 5.149254302476918843e-01 4.932332326476168149e-01 4.936480949065644719e-01 4.911347238428233064e-01 4.946429971331058328e-01 5.043581022336985908e-01 4.917450984511857470e-01 5.069628001845224441e-01 5.045266473381707639e-01 5.080729245003779981e-01 4.934983178693255201e-01 4.672898071805957620e-01 4.833597915370380638e-01 5.102429055573292072e-01 5.013483063812379514e-01 4.866765490735668331e-01 4.596220268044060031e-01 4.707774323853424758e-01 4.892500397745829788e-01 4.951068156608655624e-01 5.014835252367078056e-01 5.063654926425272818e-01 4.908514911450789775e-01 4.875788425205862531e-01 4.900656753626725370e-01 4.853855852412233829e-01 4.960478564282125857e-01 4.930993576617886953e-01 4.794872096901623415e-01 4.810973225140952603e-01 4.950468511746123901e-01 4.848299677987225609e-01 4.857064177099257307e-01 4.883949959026666066e-01 4.950235269795964510e-01 4.836696856892149232e-01 4.892835202945690076e-01 4.857222781513196308e-01 4.749477966436034815e-01 4.758171150944642269e-01 4.840882165728326303e-01 4.989903644895269386e-01 4.834887692505038803e-01 4.819634303883199578e-01 4.903418287098735284e-01 4.988236084994014941e-01 4.953539018744484435e-01 4.872911765961159269e-01 4.982769438060362099e-01 5.025787942688926258e-01 4.816204897758168957e-01 4.771098837044536745e-01 4.791657351058868364e-01 4.815670579374279336e-01 4.764460574842190876e-01 4.797531884771323862e-01 4.875977137149782314e-01 4.922204604875603517e-01 4.960821866991554918e-01 4.984733816913759497e-01
1.371730602029877788e-01 6.206196024222749436e-02 1.428261308657366446e-01 3.077610636634924290e-01 1.000000000000000000e+00 2.159280885044416731e-01 3.402220902822657989e-01 3.622425840551048437e-01 3.609930192857658815e-01 3.396909165758618676e-01 3.556578446132810933e-01 3.883048641139055235e-01 4.046098191260393273e-01 2.633711439018480149e-01 3.690985776917578010e-01 3.737346861073297388e-01 3.739657641551109579e-01 3.287244456240240864e-01 3.426291372158240534e-01 3.210404979822367166e-01 3.260462481813951596e-01 3.962945328603276751e-01 3.473418805674410303e-01 3.377740185744910750e-01 3.489687434794793153e-01 3.735542192957126972e-01 3.936211963167055017e-01 3.923595349314091263e-01 3.584200884443990986e-01 3.769377131219475152e-01 3.848286093103603367e-01 3.885521515848651131e-01 3.568711719298216511e-01 3.510233339149151366e-01 3.692809442296912659e-01 3.499106949402736588e-01 3.896467356738569920e-01 3.392279193741146726e-01 3.731870174132622120e-01 3.547767834692691080e-01 3.688818501189856103e-01 3.730686324402702203e-01 3.999423517718696530e-01 3.948688796631189546e-01 4.014019153099002146e-01 3.727167111534653299e-01 3.740992505672777191e-01 3.676324910961481507e-01 3.538385252984703189e-01 3.223204974592589478e-01 3.602693919489407537e-01 3.871028785186526044e-01 4.012825686824262883e-01 3.833589391685101044e-01 3.792640512809493103e-01 3.801290176101643215e-01 3.837950203268126192e-01 3.826349765864760499e-01 3.708499515601367258e-01 4.017754538424887500e-01 3.943805479894846866e-01 3.922566959057252611e-01 3.741820440447304885e-01 3.841027349189522488e-01 3.992444046415701830e-01 4.012579414255216248e-01 3.774025717405032343e-01 3.780627185698714476e-01 3.890074188197952254e-01 3.887311917422089924e-01 3.950572159149610685e-01 3.909289539690699589e-01 3.823939186126854572e-01 3.910547554272298942e-01 3.763163308351377689e-01 3.742939937654496951e-01 3.759225286231219765e-01 3.738924833864448738e-01 3.848022768112285275e-01 3.838828473408387176e-01 3.818302768915635137e-01 3.699992787139350647e-01 3.840342080493600596e-01 3.790665595809039612e-01 3.644838314228610043e-01 3.727744984019339958e-01 3.789692050028578008e-01 3.640225590423165070e-01 3.684776188881930814e-01 3.785503092288656224e-01 3.836708928220650128e-01 3.703316141048103582e-01 3.827243303952790887e-01 3.717672827706329231e-01 3.651070751114919299e-01 3.658184572019480552e-01 3.519614790575273378e-01 3.585575917088452136e-01 3.653251847318126910e-01 3.588953884956446738e-01 3.753439599621096745e-01 3.658857746270538502e-01 3.877023414338384155e-01 3.741344072565201406e-01 3.766661586260399153e-01 3.768414069255346388e-01 3.616615876048316913e-01 3.673121194929706568e-01 3.668555972713213875e-01 3.647813761869418414e-01 3.656220400422786621e-01 3.774426985627248876e-01 3.690673775413831903e-01 3.653668406521434209e-01 3.814646260690774393e-01 3.875677501664223090e-01
3.227738727559641141e-02 8.478541408126734347e-02 1.767472197964330693e-01 2.631848341474993802e-01 2.159280885044416731e-01 1.000000000000000000e+00 4.143598044120574420e-01 3.782842571257023501e-01 4.200456751085439033e-01 3.864869980388968562e-01 4.419653798343717299e-01 4.769521078668802483e-01 4.070510662420549486e-01 3.326229442526446034e-01 4.714275945053874040e-01 4.724051895285293345e-01 4.294738303308699434e-01 4.288391483916924041e-01 4.445796838622254055e-01 3.244064628349760393e-01 3.897578494919509140e-01 4.679285682009982072e-01 4.749813244839312665e-01 4.618804827622124964e-01 4.618308573593112309e-01 4.795555917846034411e-01 4.756349622437991975e-01 4.860194101670640143e-01 4.642965483632855439e-01 4.653426205067032750e-01 4.908956875303510659e-01 5.039013914387918680e-01 4.371903309651757330e-01 4.900974558009984494e-01 4.636919587791176189e-01 4.444911651658586815e-01 4.845698039893214792e-01 4.784794998882558326e-01 4.940215855924892652e-01 4.821950125648684082e-01 4.913854021698315644e-01 4.963231581484924271e-01 4.977478417978779546e-01 5.002816472342673793e-01 4.993924024500044911e-01 5.008325100720373291e-01 4.906911551547781247e-01 4.977273254097203670e-01 4.866229124876733092e-01 4.617298582662366369e-01 4.824174408090782795e-01 4.825682392604681570e-01 4.867926291082919632e-01 4.909675694022575532e-01 4.953673452309366732e-01 4.985327660290545526e-01 4.759163934372888094e-01 4.919867666923153915e-01 4.942785620387028511e-01 4.899702256964681424e-01 4.919787608287709002e-01 4.901135215597041128e-01 4.848659837544450069e-01 4.797034509459432994e-01 4.892553578674699311e-01 4.912711577769555693e-01 4.927595588018138240e-01 5.075685462990345842e-01 5.102494230152798682e-01 4.915743341518262755e-01 4.994214634625203653e-01 5.099599447662706009e-01 5.141604324475023136e-01 5.111678983701337664e-01 5.034968708148130911e-01 5.045378096763213360e-01 5.046814334561350313e-01 4.980167950189227644e-01 5.076387560342255911e-01 4.966194879929654027e-01 4.995228680903481266e-01 4.934154723124022923e-01 5.021041360260579678e-01 5.003447459208192338e-01 5.027539375582805725e-01 5.070335261951698369e-01 5.026828663539114617e-01 4.993177814427288697e-01 5.036916456361798522e-01 4.979776030067857850e-01 5.081625228485423529e-01 4.998069298309066322e-01 5.009778746236592806e-01 5.023764281589188085e-01 4.965824040507351711e-01 4.927439679891161273e-01 4.752789155003424026e-01 4.765612702143129931e-01 4.902805048910511276e-01 4.903596068435577271e-01 5.007055106322838567e-01 4.890152262883968870e-01 4.965639740380076161e-01 4.937256961013856138e-01 4.903144681436806263e-01 4.815469197780840593e-01 4.889182638632241784e-01 4.940444382268316392e-01 4.979334831908847625e-01 4.911481919819029041e-01 4.898591605682294792e-01 4.910371101324338405e-01 4.913099613238530172e-01 4.835531672396751190e-01 4.897996379103816134e-01 4.890393200370593552e-01
2.808301626962445311e-04 1.063444312781084700e-01 2.572267450643401787e-01 4.430944361199592452e-01 3.402220902822657989e-01 4.143598044120574420e-01 1.000000000000000000e+00 5.754425867688999219e-01 5.531108694496368328e-01 5.550824674026761940e-01 6.201470430541077272e-01 6.858386814946455523e-01 6.081732295264599131e-01 4.779548502094019824e-01 7.310395812114690584e-01 6.534497002618313566e-01 5.968076540122779772e-01 5.048795207650796923e-01 5.610706383018457810e-01 4.791354464738348251e-01 5.098502981773018750e-01 6.217543723645522213e-01 6.212201680865288012e-01 5.686434813663717724e-01 5.781914664555234395e-01 6.894792430137027806e-01 6.776261773800059673e-01 7.183346953817374425e-01 6.822907344064078616e-01 6.656078689241767821e-01 6.888599513479848335e-01 6.882071264050567683e-01 6.491208292372291355e-01 6.735551850465649748e-01 6.619813372137046681e-01 6.341319844823485319e-01 6.923934368586026622e-01 6.969527812167001235e-01 7.054458006905448553e-01 7.234747313395760715e-01 7.055750591485546730e-01 7.137700374394398972e-01 7.052100858624871238e-01 7.148744470189111189e-01 7.086930983292940578e-01 7.315052753366735327e-01 6.820949078474184413e-01 6.828069597778867461e-01 6.796515194076603317e-01 6.509871263074769043e-01 6.901709488366631895e-01 6.518582040249222276e-01 6.643753067526141365e-01 6.728072762977436172e-01 6.868509354419580770e-01 6.977441013940370862e-01 6.606386339111943728e-01 6.825137006413700691e-01 6.831895878959000079e-01 6.709488780590867618e-01 6.755709829087228613e-01 6.651345467860446670e-01 6.621492800415266222e-01 6.759168349973634360e-01 6.642734369179368326e-01 6.740488496027904342e-01 6.829829044787766312e-01 6.828258052834705882e-01 6.938666395005218535e-01 6.854104312752621331e-01 6.825925114145247052e-01 6.916511130938135521e-01 6.781359878990397272e-01 6.814279538648028156e-01 7.039840395685490471e-01 7.082314286598533348e-01 7.271289775260703081e-01 7.042695898675352950e-01 7.176706887455394090e-01 6.938271913503900601e-01 6.980479167016985231e-01 6.885235152967150718e-01 6.986524322352284377e-01 7.031084878392406257e-01 6.998098971101233134e-01 6.927289178057915997e-01 6.993024205880961075e-01 7.084881641714245726e-01 7.089601525967661466e-01 6.979158854579520233e-01 7.238937605555200161e-01 7.073542031039958822e-01 7.060319664025663799e-01 7.177054812843657317e-01 6.857178796682643629e-01 6.827600586869955190e-01 6.850672659828587197e-01 6.676439640955047494e-01 6.873230433263329830e-01 6.951852185633441428e-01 6.984963329204104676e-01 6.800880594706650850e-01 6.878376402893213726e-01 6.917834667762871037e-01 6.875458573390131889e-01 6.700793634254992304e-01 6.840619550563256102e-01 6.869469038300963781e-01 6.887616430559329039e-01 6.844838617075372778e-01 6.850409894385872667e-01 6.795508042192263121e-01 6.786969750268859736e-01 6.840416419366887046e-01 6.760247839523733093e-01 6.769664110664883605e-01
9.650707478601185108e-02 7.117263017267143332e-02 2.773606155323316003e-01 4.696334886850414558e-01 3.622425840551048437e-01 3.782842571257023501e-01 5.754425867688999219e-01 1.000000000000000000e+00 5.635252841505646870e-01 5.095456378226319583e-01 5.817078439507642473e-01 6.614421707927009564e-01 5.869094397985645806e-01 4.540111288127455236e-01 6.534143663443789940e-01 6.815428098967017956e-01 5.889227602117920179e-01 5.336786761113719857e-01 5.511629643898664499e-01 5.087810284691912655e-01 5.876127949780463045e-01 6.347827192036009647e-01 5.497775245196303562e-01 5.187074594344940337e-01 5.484917945547062024e-01 6.346842655138829059e-01 6.346221551529056537e-01 6.263013531959613633e-01 6.371242044211680167e-01 5.825354535630244968e-01 6.284955051094822664e-01 6.419137382492856592e-01 5.707792735138284002e-01 6.128733514966868690e-01 5.903513340593868897e-01 6.147205067910984644e-01 6.236452195090079753e-01 6.627004231370362541e-01 6.552061631650035745e-01 6.324424255742296941e-01 6.372381877814951023e-01 6.619187962805860304e-01 6.765037276587295700e-01 6.729198896302247546e-01 6.515725884261536205e-01 6.638037451152767332e-01 6.429389482513991894e-01 6.466423721407489333e-01 6.616308261994656714e-01 6.488450279338704441e-01 6.643522453209732559e-01 6.526343459082254439e-01 6.563498646653990187e-01 6.530706024158552392e-01 6.737305617193937168e-01 6.600513375378813663e-01 6.730299186454749005e-01 6.625730618156792096e-01 6.672463692108482336e-01 6.484983153447189119e-01 6.632195877006272777e-01 6.562467725894847170e-01 6.626977603476730261e-01 6.662449487524390035e-01 6.479217155263631289e-01 6.642189239536825385e-01 6.477926925931796198e-01 6.411713892902154432e-01 6.456440239182730245e-01 6.634955287974720894e-01 6.746326672065362517e-01 6.579042439996148905e-01 6.239284962785661692e-01 6.411989165578851901e-01 6.532515276354891043e-01 6.545953682222755976e-01 6.572757543487415255e-01 6.626127910360003481e-01 6.538374546046550329e-01 6.452644884303101458e-01 6.423623785981206202e-01 6.426238207759380483e-01 6.570511895308988048e-01 6.410699431731096132e-01 6.491414513247069085e-01 6.415499888567143261e-01 6.501951658084901275e-01 6.598908843296265037e-01 6.547916419851522729e-01 6.606299262489564450e-01 6.516905450502437080e-01 6.572935127853479775e-01 6.546916726264153663e-01 6.578623083238226421e-01 6.468493246461958224e-01 6.462620397182042842e-01 6.672511126172913087e-01 6.664231512274009228e-01 6.614095052378978767e-01 6.587069351200617318e-01 6.648644275559890682e-01 6.685747676235660464e-01 6.609543614002197920e-01 6.650361007333460694e-01 6.651452335464738130e-01 6.691352146947362467e-01 6.569936897777666207e-01 6.466124396814533215e-01 6.554666495838058493e-01 6.545766047579119062e-01 6.483036574814233788e-01 6.449670036893918601e-01 6.580271006389997179e-01 6.598833089725064660e-01 6.510972268763312032e-01 6.592953361009930013e-01
2.409808327131414685e-01 1.630026421526826752e-01 2.987412133343724241e-01 4.871936255870997212e-01 3.609930192857658815e-01 4.200456751085439033e-01 5.531108694496368328e-01 5.635252841505646870e-01 1.000000000000000000e+00 6.608770011194177174e-01 6.964942747180611349e-01 7.461010413990674106e-01 6.610577525586903702e-01 5.300293260094658399e-01 7.211709640127113019e-01 7.295921719121031268e-01 7.773211652561342611e-01 6.367235039447711742e-01 6.590274886173378421e-01 5.609143783212838796e-01 6.282118648130594618e-01 6.971319320975716272e-01 6.962727184578523243e-01 6.282064750161060473e-01 6.343348393528868145e-01 7.634657123495870445e-01 7.584397656531483012e-01 7.062381832515223223e-01 6.839359150148606181e-01 7.517411403284915972e-01 7.863960970282863894e-01 7.724677203820624616e-01 6.444502910629347214e-01 7.217768453110040561e-01 7.123309233231115423e-01 6.971752566552977814e-01 7.641687028946385629e-01 7.507515015770296340e-01 7.715209873449117017e-01 7.003668090185195538e-01 7.752621889631319263e-01 7.692860091949639267e-01 7.488157865166306104e-01 7.852191334688127800e-01 7.846589850045461167e-01 7.457247108854188067e-01 7.990504791247747818e-01 8.072043223321800909e-01 8.017788769540677984e-01 7.486511000860932574e-01 7.917595432810400347e-01 7.522458277593878639e-01 7.857498587569076154e-01 8.083704622401673978e-01 7.985942850906738721e-01 7.814184367956317212e-01 8.126949060333047425e-01 7.883862878165298627e-01 8.036668229419193787e-01 8.209745540384562057e-01 8.118240948988126870e-01 8.035037798278128474e-01 7.813769057213632019e-01 8.145214260437082521e-01 8.138458896232489970e-01 8.069866648445740420e-01 8.142674378263039525e-01 7.856772468621154859e-01 8.001130011757268123e-01 7.893281733566626102e-01 7.911212477629927520e-01 7.940705320312752002e-01 7.759843252028995053e-01 7.782803322696919546e-01 7.973774334070289349e-01 7.926573880028822128e-01 7.747364646474775851e-01 7.709919721867912745e-01 7.786007757361148585e-01 8.022122254860792889e-01 7.962198705260051801e-01 7.981491974409453682e-01 8.053261349118113754e-01 7.773697534824293154e-01 7.724825838969308078e-01 7.865559223707274672e-01 7.954498923715542791e-01 7.857832757344624941e-01 7.879035015016672139e-01 7.968277851044676119e-01 7.760626300576932701e-01 7.894105189126779942e-01 7.894917996197828858e-01 7.810412452451359622e-01 7.979711776656083222e-01 7.977242954883791981e-01 7.779261117290060534e-01 8.055268519553424600e-01 7.975264086167906941e-01 7.935345562803662878e-01 7.848383968367428354e-01 8.011813585064877508e-01 8.014843226535267595e-01 7.963269452974504059e-01 7.926467498802075573e-01 8.034073172155247189e-01 8.047717390158066753e-01 7.988066633803395655e-01 7.960292898353344970e-01 7.975285555789493053e-01 7.859594978052414360e-01 8.062791373962557850e-01 7.994445522154383088e-01 8.044779711915579501e-01 8.097965595478995304e-01 8.101759334008771241e-01
1.122886580993147781e-01 2.060196135924994565e-01 2.415090193380161898e-01 4.180661897302949681e-01 3.396909165758618676e-01 3.864869980388968562e-01 5.550824674026761940e-01 5.095456378226319583e-01 6.608770011194177174e-01 1.000000000000000000e+00 6.558755828070247373e-01 6.859265580196882706e-01 6.063607226869159872e-01 4.723463042291639602e-01 6.807347173943532059e-01 6.693644251617593133e-01 6.681986794632246429e-01 5.564574374098697485e-01 6.039111584724348170e-01 4.852146237536293372e-01 5.364635041966892004e-01 6.432152278376248589e-01 6.611821567610370876e-01 5.927890508228470523e-01 5.884553726280663533e-01 7.164932924805086367e-01 7.064787843036096637e-01 6.942012506532113658e-01 6.484596665403783433e-01 6.982489195255151548e-01 7.174551633170392906e-01 7.233803249008395886e-01 6.286378136696757490e-01 6.620368805474672325e-01 6.657002242792107172e-01 6.430794981670227006e-01 7.117999709093142391e-01 6.899766317019687678e-01 7.113432354413374847e-01 6.965308494271297279e-01 7.302948901766657119e-01 7.208931089733442432e-01 7.080339898237382190e-01 7.289881337591308519e-01 7.273023512134844104e-01 7.131765297834391504e-01 7.335956977223510034e-01 7.448830549341359797e-01 7.196136286993677356e-01 6.471960301497932111e-01 7.155873232091595204e-01 6.523971748810396543e-01 6.961005945376866899e-01 7.443161402113036562e-01 7.263242914669699735e-01 7.362229382881704254e-01 7.123582100571079767e-01 7.273418066212326005e-01 7.375247071566738422e-01 7.477886952966521505e-01 7.319653236963917786e-01 7.339973647268672741e-01 7.054509144082797834e-01 7.298150284955331468e-01 7.217475475858896594e-01 7.239975344969514781e-01 7.410992595672857286e-01 7.262746091865766029e-01 7.402421871416386967e-01 7.247304382342061313e-01 7.244655697692876650e-01 7.366263579941417783e-01 7.231146104964261134e-01 7.231415206809648222e-01 7.394470495613353345e-01 7.403173584193484258e-01 7.360636204049250120e-01 7.216477258390471272e-01 7.365788264270949348e-01 7.418820537111212587e-01 7.421546654761292938e-01 7.339137871250792644e-01 7.435372515941547356e-01 7.270409174038021671e-01 7.073270407664616899e-01 7.230640674441692894e-01 7.398970955273233008e-01 7.277431525799533674e-01 7.339557379931462844e-01 7.362152721481115547e-01 7.435219590509584142e-01 7.346775741547137972e-01 7.385990540995703846e-01 7.352153705213620993e-01 7.352112173264746531e-01 7.370425485186036241e-01 6.931634729934665895e-01 7.037957440793111141e-01 7.226112077182533788e-01 7.228141566240126048e-01 7.261176052572646533e-01 7.208293223304459429e-01 7.217416983872914082e-01 7.271946608798923739e-01 7.136375516587434298e-01 7.164217949301828758e-01 7.250922094907970017e-01 7.371074740487620902e-01 7.293765394596206653e-01 7.310349000521263463e-01 7.324137437929899574e-01 7.398791605781094294e-01 7.307557632290867522e-01 7.240086781488179746e-01 7.304396374002855019e-01 7.307507764423343266e-01
4.922453579694736209e-02 1.231369156385427044e-01 2.874440249468035447e-01 4.484039276224440207e-01 3.556578446132810933e-01 4.419653798343717299e-01 6.201470430541077272e-01 5.817078439507642473e-01 6.964942747180611349e-01 6.558755828070247373e-01 1.000000000000000000e+00 7.949677503953024305e-01 6.766576718795292988e-01 5.578063724544726210e-01 7.663373120541432382e-01 7.505221647062388923e-01 7.232243802107375386e-01 6.360588412707672834e-01 7.069662796389728499e-01 5.312479998568918615e-01 6.288893300369590156e-01 7.477955560274053282e-01 7.499283125379291315e-01 6.922336652304192928e-01 7.023078521248345973e-01 7.978221823224980191e-01 7.967861796311132005e-01 7.696147426449299056e-01 7.419607399840092432e-01 7.778852080282088188e-01 8.107072100254089086e-01 8.117889839459795365e-01 7.186230716139155872e-01 7.887517829084540466e-01 7.606419980397507441e-01 7.521667408333758686e-01 8.020716281363379219e-01 8.040823979382851761e-01 8.242893715579309166e-01 8.002148369480844847e-01 8.256668463069622987e-01 8.234345477988312956e-01 8.125112579821545111e-01 8.301150864846817967e-01 8.289234391982708283e-01 8.181270534070337330e-01 8.302389768292909311e-01 8.343181679404640949e-01 8.167690586365712324e-01 7.829175056761119578e-01 8.203204981730966017e-01 7.916346347451661547e-01 8.076593950237291875e-01 8.257695591741716079e-01 8.222105458399285860e-01 8.310055150591090234e-01 8.049633451524582650e-01 8.251970688071734727e-01 8.275445750470659112e-01 8.210887425912871684e-01 8.271945112216686491e-01 8.126423943767620006e-01 8.061742350289033965e-01 8.137443132872622664e-01 8.152705878777533055e-01 8.191375487818646217e-01 8.359622853880702698e-01 8.352241804573075079e-01 8.413743345740960500e-01 8.190385084465271470e-01 8.345809267688464317e-01 8.415296195360308928e-01 8.282555189331565204e-01 8.287620917742455351e-01 8.378860378946376697e-01 8.391822560310109314e-01 8.364078026875128025e-01 8.263417707710117854e-01 8.389691979488295148e-01 8.319277740670155685e-01 8.380735813337895079e-01 8.339277157528112161e-01 8.414898745407701774e-01 8.349011587648702548e-01 8.331106322745859272e-01 8.395038334082328690e-01 8.418743658726539625e-01 8.398513989927459678e-01 8.413143888423194605e-01 8.386578569652423099e-01 8.442366499511232414e-01 8.409513661813752261e-01 8.395852948984490194e-01 8.392833912531172391e-01 8.342397518701527570e-01 8.348665983747843855e-01 8.189103171695072403e-01 8.134108245709508189e-01 8.320316222402081019e-01 8.340388317030222876e-01 8.372696709079775479e-01 8.286096765262837005e-01 8.325560611153404178e-01 8.343470133628434482e-01 8.337342539623795457e-01 8.174311089734142000e-01 8.286765432746738824e-01 8.352853036404226383e-01 8.350835500649630427e-01 8.339543088235576995e-01 8.317600640603195483e-01 8.289734927570610035e-01 8.288989616839057550e-01 8.265988045455291422e-01 8.299025158804348434e-01 8.281434701671883669e-01
6.797342031052397426e-02 1.391295252483356060e-01 3.074147513775129514e-01 5.215674588002551237e-01 3.883048641139055235e-01 4.769521078668802483e-01 6.858386814946455523e-01 6.614421707927009564e-01 7.461010413990674106e-01 6.859265580196882706e-01 7.949677503953024305e-01 1.000000000000000000e+00 7.294171626884736748e-01 5.941216046738558854e-01 8.343846905883541831e-01 8.295962746264143872e-01 7.808211956154157418e-01 6.577805958621001370e-01 7.031216582670331006e-01 6.127276616784417262e-01 6.744824750883886555e-01 7.642149972289058457e-01 7.561167572421364502e-01 6.905249196418153934e-01 7.028493186638363754e-01 8.381776356969691255e-01 8.404218224288574346e-01 8.093145933308650841e-01 7.928998696620834785e-01 8.239394461853917218e-01 8.715944931065837675e-01 8.602594112769825774e-01 7.676833766475821275e-01 8.150026136968722135e-01 8.098510103637124313e-01 7.859043779575217714e-01 8.414482066110445801e-01 8.585309788451467305e-01 8.696218487489061344e-01 8.323482973325595502e-01 8.771442209818990365e-01 8.780765228248716969e-01 8.604480979457863610e-01 8.831611613810517181e-01 8.725581251834944041e-01 8.687350672006325381e-01 8.878208843362646041e-01 8.959697579129071165e-01 8.790750140940682966e-01 8.327706231856096819e-01 8.780871013200128861e-01 8.324280110606318006e-01 8.662068310213063560e-01 8.962785582948196161e-01 8.902654900965554230e-01 8.855553195599917826e-01 8.866750323065660799e-01 8.901341763796373208e-01 8.939315346288585484e-01 8.921387668501606916e-01 8.918042839729286575e-01 8.944928518001437068e-01 8.848880771271030454e-01 8.885756697288711425e-01 8.790795517469450759e-01 8.958068475276388387e-01 8.950883999235725863e-01 8.771049300019679862e-01 8.900024609582782853e-01 8.855380362807602213e-01 8.798874531524827347e-01 8.859303138640390873e-01 8.646892140452621112e-01 8.638075283127611970e-01 8.935174638953625736e-01 8.961233815888626220e-01 8.887239294735174155e-01 8.810495372538215131e-01 8.842056977185224209e-01 8.909533575008500295e-01 8.890915365255147584e-01 8.927028572371737969e-01 8.999367780700188169e-01 8.856314397076101574e-01 8.800292373994766937e-01 8.812888084997700933e-01 8.884695203460455382e-01 8.931314337780337231e-01 8.922237935095383987e-01 8.955332883298998681e-01 8.905631536662447223e-01 8.927992262356306830e-01 8.915123326871361442e-01 8.939650358727044832e-01 8.944837867523314223e-01 8.956606116308057919e-01 8.707826822314227444e-01 8.793536687506293692e-01 8.898240117184217368e-01 8.857894485208512858e-01 8.909849026543417150e-01 8.971518378209423217e-01 8.888795317779670802e-01 8.946033724101890572e-01 8.886850952279276017e-01 8.901012039120214103e-01 8.886243981704438077e-01 8.941974888178190195e-01 8.947396227419650572e-01 8.943619593526738187e-01 8.927268423452692225e-01 8.943106860032211669e-01 8.986718055931084415e-01 8.927472245758717451e-01 8.913149856814347460e-01 8.964031696580536668e-01
6.188496999257905862e-02 1.020580345279293449e-01 2.527047208866534111e-01 4.369619441017704164e-01 4.046098191260393273e-01 4.070510662420549486e-01 6.081732295264599131e-01 5.869094397985645806e-01 6.610577525586903702e-01 6.063607226869159872e-01 6.766576718795292988e-01 7.294171626884736748e-01 1.000000000000000000e+00 5.349127959890157546e-01 7.502938827648120146e-01 7.459646828550613451e-01 6.853341467348417204e-01 5.741221859828570251e-01 6.239583736869441788e-01 5.125406586775729245e-01 5.911763315849459799e-01 6.835784981567382124e-01 6.500914995266060536e-01 6.157929895003233511e-01 6.365396625958258392e-01 7.288875779760859430e-01 7.353955183054154965e-01 7.038853664619582062e-01 6.828983716336463061e-01 7.241835700738433745e-01 7.518366238444434968e-01 7.381683190564418684e-01 6.716609463501629351e-01 7.147156383901251964e-01 7.059780087360679746e-01 6.948910276336192071e-01 7.367726558063636411e-01 7.444432038217513314e-01 7.667667585715816081e-01 7.251137639606687335e-01 7.703788023260691453e-01 7.727841880234507244e-01 7.662386562954798253e-01 7.892470588793726316e-01 7.689099368209962870e-01 7.659088155221399630e-01 7.843695475979167719e-01 7.850842919449824153e-01 7.679687300642149550e-01 7.196055910646267373e-01 7.694820642790628495e-01 7.450474145158378914e-01 7.631607218342161270e-01 7.793940702561098499e-01 7.667923409282272340e-01 7.662051028201064540e-01 7.612761007912275391e-01 7.883895998384051751e-01 7.783951333643777115e-01 7.942292583189728417e-01 7.883311512325557047e-01 7.755008837268219102e-01 7.580324832464258034e-01 7.794741886482533522e-01 7.787645818608941450e-01 7.850253950139446379e-01 7.885190315968401142e-01 7.776264784964226351e-01 7.834764757460793705e-01 7.729981989423451161e-01 7.792291044878790762e-01 7.830495252609063206e-01 7.657662227007485667e-01 7.677667383775899079e-01 7.843265011484645832e-01 7.836083582464505870e-01 7.782891994847063177e-01 7.696096799280042200e-01 7.777594292952105803e-01 7.843262002782547260e-01 7.816353783231704266e-01 7.824105700970847010e-01 7.887788440687449887e-01 7.844447193017241027e-01 7.734501182498665361e-01 7.778224319804285525e-01 7.874956713783775042e-01 7.837958190907019507e-01 7.879740356519949751e-01 7.840106124721701875e-01 7.827435072086651457e-01 7.888537338146761613e-01 7.898465286953734177e-01 7.880500627889944765e-01 7.859523648830015752e-01 7.876595070509174734e-01 7.644380860101782638e-01 7.646143465156366448e-01 7.809893309735190803e-01 7.796435180300500534e-01 7.892142747796379032e-01 7.782364847963149090e-01 7.870038357749116198e-01 7.912341312522490622e-01 7.858581022947072059e-01 7.722917240084843371e-01 7.790203842395966305e-01 7.862523709243041115e-01 7.827866344539217147e-01 7.847446252428843527e-01 7.838762413632458514e-01 7.918490105021290804e-01 7.827709676254337445e-01 7.839430655376031787e-01 7.897020149548316104e-01 7.906132277102061456e-01
