1.000000000000000000e+00 1.038839869687908923e-01 6.541326851758937078e-02 1.114123322407366626e-02 -3.229506833127739757e-02 1.312540816153517746e-02 -3.275550720075948424e-03 -1.600568492425291992e-02 9.808260248160038941e-02 1.424625353280507996e-02 1.788886307643339224e-02 1.675083204629661260e-02 1.086319465101193149e-02 1.682089666421518470e-02 5.037237678306871573e-03 -4.297944047465571994e-03 9.078121126349891767e-02 -2.529225319278255446e-02 1.463815332740172823e-02 -7.960488825908404106e-03 5.844388217579185411e-03 8.496670475980678053e-03 1.896859504753385314e-02 -3.192147197277234866e-02 -3.832965186139657837e-02 5.506421769058557347e-02 4.357431267767677974e-02 2.963773473664866806e-02 3.897420219571205019e-02 4.208448370248498577e-02 2.646547130409851803e-02 9.819269161893720912e-03 5.291949146241961902e-03 3.707948946816275095e-03 4.037132247916720706e-02 1.031210239275255798e-02 1.895387117178322714e-02 7.437093480409265843e-03 9.833596375192321659e-03 -4.295224573645932409e-02 2.300373810503683267e-02 -4.227092882891350309e-03 -1.441592461310597234e-02 -2.837994777839391463e-04 -1.821216655240081661e-03 -9.851028854513733599e-03 2.748190078372096321e-03 7.463497562825386483e-03 3.047679919840435778e-02 1.573644797438557633e-02 7.427814348830449366e-03 9.934843633776641036e-04 2.637244259902810431e-02 2.506691648963655164e-02 1.059694056580259489e-02 1.228896980418876968e-02 3.317670445644613914e-02 -5.566622768914797521e-03 6.097573830972449066e-03 1.916837520454846636e-02 1.108603002063769834e-02 1.846345964511504970e-02 1.774952648669266692e-02 4.037630709514054839e-02 3.011922714723161074e-02 3.133503043738397609e-02 2.530465861113087231e-02 9.021388156774942180e-04 1.109548967346079022e-03 -2.384703248708769027e-03 -1.167916925229632412e-02 -3.718413050669301927e-03 -9.696105966681236796e-03 -1.467018346421111730e-02 1.637807430073950216e-02 1.535097342061362766e-02 1.726767247979892755e-02 2.304134948301758343e-02 -3.950586551611957355e-03 1.278305954821352605e-02 1.481401361071695531e-02 9.692440259807384023e-03 2.933427840066066272e-02 1.787040245308569447e-02 1.238849122841647991e-02 2.278734480140100129e-03 7.585712103724342147e-03 7.615768814509993496e-04 5.916495322145875861e-03 7.425375595632939356e-03 -9.582611256382074852e-03 3.121687388092837107e-03 -1.983266134029219602e-03 -6.582275719693961823e-03 4.012710846451584233e-03 7.649533319556778635e-03 -7.760183695116338980e-03 3.803825911089151607e-02 1.621006769295245051e-02 -9.140490274006918530e-04 -1.244559504176068893e-02 9.927103010046933393e-03 6.649649527065880188e-03 4.030033419553036983e-03 1.128242715824808590e-02 2.827956731125434719e-02 2.082628760526017073e-02 6.157636254625749490e-03 1.596885491370616866e-03 9.548801018543127961e-03 -5.991119028804153986e-03 1.327323243310781636e-02 1.297659959802139468e-02 2.499938975322576681e-02 1.742926296112001783e-02 2.115426074250071134e-02
1.038839869687908923e-01 1.000000000000000000e+00 7.226571694098946064e-02 9.521296022886749366e-02 1.027143951148240530e-01 1.155983323284432429e-01 1.646811495801073499e-01 1.259582827834089258e-01 1.375926738698040608e-01 1.646778971429848082e-01 1.458668633327982744e-01 1.560478208889427010e-01 1.320917183008187556e-01 1.172686433242709769e-01 1.578393661521443614e-01 1.505525322900229945e-01 1.492225675075620484e-01 1.299303607806550076e-01 1.516752282864828882e-01 1.147890953323808944e-01 1.381784609878625725e-01 1.699030843982474170e-01 1.624151209533713780e-01 1.182603120000328967e-01 1.372722294846889790e-01 1.654036246869635962e-01 1.527266424928200861e-01 1.656784975124671599e-01 1.782056638243337821e-01 1.555353652017739119e-01 1.514265890406473469e-01 1.625919156617752492e-01 1.537871241556136026e-01 1.491898940627142955e-01 1.580505618217143415e-01 1.457658871261310607e-01 1.413950022427122311e-01 1.596037436072750004e-01 1.605270587156184259e-01 1.591391511286678051e-01 1.594030909989127553e-01 1.604127474196096470e-01 1.334673699643680045e-01 1.620883585459420295e-01 1.482703425438507694e-01 1.642524956514726242e-01 1.595220074513893638e-01 1.611566563882081971e-01 1.602908106845143121e-01 1.429152313118288442e-01 1.540310065541418139e-01 1.301578609911550333e-01 1.480610145933089206e-01 1.661890414388199344e-01 1.616151230877799216e-01 1.637337869076782859e-01 1.599975408727916937e-01 1.522171593125954681e-01 1.710103710719207137e-01 1.555849492997214978e-01 1.476053423390562003e-01 1.629390834356164997e-01 1.548329498719001052e-01 1.572529892358073278e-01 1.555623385540039760e-01 1.588347636923550243e-01 1.568195906705235065e-01 1.550989106608957613e-01 1.515390079514286892e-01 1.527880884317067700e-01 1.559268502789320776e-01 1.572661099795612805e-01 1.468509873292748458e-01 1.515294232405152985e-01 1.595321052267028028e-01 1.588855541385316150e-01 1.592598627628106778e-01 1.707814376447681914e-01 1.644307906717329126e-01 1.643272958831863972e-01 1.551224128365046584e-01 1.534289013527674328e-01 1.630010125197405291e-01 1.625863763123916728e-01 1.513600125002923236e-01 1.537655413372663316e-01 1.555217052718655124e-01 1.577862779702589591e-01 1.557866981958729302e-01 1.597900719076651987e-01 1.551082822316992849e-01 1.567824590393505080e-01 1.536338668029270105e-01 1.582313847399011431e-01 1.577775506437591180e-01 1.618767785636434919e-01 1.470189851584684237e-01 1.519836864705497448e-01 1.543063529596958861e-01 1.564041341059856927e-01 1.488926264479573380e-01 1.577445119668296480e-01 1.549826904638766378e-01 1.558252555232668701e-01 1.513474999114085839e-01 1.587668339825568098e-01 1.573930495533317764e-01 1.603245846729365598e-01 1.601528719660480216e-01 1.588053354518393911e-01 1.641940502320475004e-01 1.592796871080856824e-01 1.642316642422921025e-01 1.550220291428598407e-01 1.537648471150918350e-01 1.567443788941189353e-01
6.541326851758937078e-02 7.226571694098946064e-02 1.000000000000000000e+00 2.988375358431427098e-01 1.667939897758206058e-01 2.003119885955189916e-01 3.288530266845668404e-01 3.272263348703775554e-01 3.396933699090643466e-01 3.219588534561467208e-01 3.628137979850526995e-01 3.641525753824125244e-01 3.108841449454036732e-01 2.669063866060462087e-01 3.757415930210319388e-01 3.590607420568746044e-01 3.490837257772009261e-01 3.399181852282243677e-01 3.468481027657260296e-01 2.812050992806616745e-01 3.285505600672774529e-01 3.451148411281784179e-01 3.526240446396733952e-01 3.391844107268152109e-01 3.306980379599324671e-01 3.821918630913619386e-01 3.694222541590910236e-01 3.715967708827196958e-01 3.448978912606544545e-01 3.755179228502584232e-01 3.810593116914659517e-01 3.839492027477871550e-01 3.786388057468406676e-01 3.790700939263518254e-01 3.750653998253553056e-01 3.492161202326186653e-01 3.721063926469891925e-01 3.811064740609823032e-01 3.687600211628276892e-01 3.688508615633931398e-01 3.791582202670207846e-01 3.738641257434883181e-01 3.742782805300627902e-01 3.689698753066663617e-01 3.689675229593423200e-01 3.750170395111988575e-01 3.664659720793297382e-01 3.709766096564094395e-01 3.731621687268554255e-01 3.738400553974736140e-01 3.734151378941406585e-01 3.578282501364815626e-01 3.691653919543528284e-01 3.728748829389202379e-01 3.811315836124181122e-01 3.740097214286114413e-01 3.760796873164915510e-01 3.693378163104503176e-01 3.785253226876595378e-01 3.630591013238025355e-01 3.757613912228393027e-01 3.770943446550275024e-01 3.847436510452687530e-01 3.685980406256197384e-01 3.550089922481627358e-01 3.638601327832555188e-01 3.702985983952263305e-01 3.723899269136407564e-01 3.818918160703256293e-01 3.707866740004888140e-01 3.679354205405744316e-01 3.723981353124586335e-01 3.738674265881884451e-01 3.693786313129214238e-01 3.750267895085287462e-01 3.727516675131655188e-01 3.772548210760005016e-01 3.712572777797396029e-01 3.699130077287932084e-01 3.706707552673650374e-01 3.694489319197465371e-01 3.719928266153829099e-01 3.709747086069569710e-01 3.766406804357320115e-01 3.788675491533315953e-01 3.811093086906719996e-01 3.733829681107597165e-01 3.710829420715666682e-01 3.704793941599058282e-01 3.728602313762058307e-01 3.721265061804295837e-01 3.721326895483453856e-01 3.684886829430167321e-01 3.723903371076711100e-01 3.689089615608855399e-01 3.691422554477288842e-01 3.659636986812776493e-01 3.694219790592202513e-01 3.715708569896624125e-01 3.680111043555184258e-01 3.748617800731882110e-01 3.729014628042833790e-01 3.727815093031876525e-01 3.698936481432213430e-01 3.716291807749360632e-01 3.711972997676661334e-01 3.674796913894411987e-01 3.666488247474928297e-01 3.711668896262651507e-01 3.729990972996608534e-01 3.709237082781088324e-01 3.653643996294586582e-01 3.724029226875187337e-01 3.657129587853955588e-01 3.622440419476029017e-01 3.692613793679519474e-01
1.114123322407366626e-02 9.521296022886749366e-02 2.988375358431427098e-01 1.000000000000000000e+00 2.895070735087284519e-01 3.788636434512210327e-01 5.652820493779665556e-01 5.378233732803634481e-01 5.700844058460698971e-01 5.119806873149586046e-01 5.633708638352532549e-01 6.066680512762606670e-01 5.172210466204942847e-01 4.426153701354656467e-01 5.967134648961240906e-01 5.997151858521446721e-01 5.660344793182229273e-01 5.538612976970322954e-01 5.705115931066407908e-01 5.166199927556106575e-01 5.565540035609026770e-01 5.869494043820552287e-01 5.910899399529268017e-01 5.280681502973373354e-01 5.540460562878662953e-01 6.285408830919868572e-01 6.009333288787312988e-01 6.088390343591962850e-01 5.927872826311878507e-01 6.066965832432449357e-01 6.046202413233444650e-01 6.173664526467996794e-01 6.057698316108883763e-01 5.919717779147787295e-01 5.944531433850966939e-01 5.866967974090803173e-01 5.810125502099268147e-01 6.106320842722630093e-01 6.084849379883490172e-01 5.963758175240784221e-01 6.063403773790864149e-01 6.001865946847975142e-01 5.949271770974925433e-01 5.960637950262530627e-01 6.015527496076616965e-01 6.072880726394717099e-01 5.929153770558015513e-01 6.023959896969648398e-01 6.093563516833714333e-01 5.948812095562243663e-01 6.030908753235804109e-01 5.747473455040325030e-01 5.968213312290820971e-01 6.161773026188531732e-01 6.126445091637093832e-01 6.118912713225963529e-01 6.233102399112147030e-01 5.993614000463992619e-01 6.077247053041673341e-01 6.050627535110377764e-01 6.077733998871582832e-01 6.163593144273541435e-01 6.072299631413413668e-01 6.183277939619948871e-01 6.081427005857868995e-01 6.195823881302697789e-01 6.047433330825980891e-01 6.079599582505770261e-01 6.114876059356553206e-01 6.202315199384574873e-01 6.129503673858219814e-01 6.113374270743409111e-01 5.924984621238434945e-01 6.089559175033426586e-01 6.165107641947864536e-01 6.080867330115906633e-01 6.136161233878191235e-01 6.241263462911683657e-01 6.194293134394925904e-01 6.124143769677153903e-01 5.989399838119646713e-01 5.996128365522902515e-01 6.176910275737464984e-01 6.142288448727541983e-01 6.067505076395526276e-01 6.043635961318316596e-01 5.986877648750179581e-01 6.092663767743555780e-01 6.050636717388481189e-01 6.103538450798801085e-01 6.034072256875576690e-01 6.031197247461042021e-01 6.013924095014053783e-01 6.040696046435413136e-01 6.007564889447312151e-01 6.041539152819793701e-01 6.025844276632803531e-01 6.133882021821009944e-01 6.114667780815110643e-01 6.007832720417596306e-01 6.069607407363536433e-01 6.141955376984734594e-01 6.041059670902811929e-01 6.072263583417465416e-01 6.093476820727475873e-01 6.207200091692639532e-01 6.094229144663564357e-01 6.057301916262903818e-01 6.097750405312273303e-01 6.056859073265091764e-01 6.067690628688172660e-01 6.097758015364964645e-01 6.165989959991938774e-01 6.135609831663816349e-01 6.096254360888613277e-01 6.148387612113064282e-01
-3.229506833127739757e-02 1.027143951148240530e-01 1.667939897758206058e-01 2.895070735087284519e-01 1.000000000000000000e+00 2.575582599565726660e-01 4.184882217734874343e-01 4.009779924629490733e-01 4.078897379848671623e-01 3.905591852350475679e-01 4.247458752085704892e-01 4.465671014595616883e-01 4.201766899850854498e-01 3.295053755474726120e-01 4.552686758091358254e-01 4.566415828722335535e-01 4.020271174421389815e-01 3.675125137589534963e-01 4.279406257676204861e-01 2.732849490470720677e-01 3.681137611786728936e-01 4.254919832985465389e-01 4.323914432883304571e-01 3.849944180924987913e-01 4.033430830927701161e-01 4.433173087265721013e-01 4.438357833045488698e-01 4.391190059345439489e-01 3.858019770637337587e-01 4.446013908362766998e-01 4.553722588500850876e-01 4.563282072327386474e-01 4.184836738955783897e-01 4.587633997317537293e-01 4.378499346313100560e-01 4.466553883252735724e-01 4.521530814892242289e-01 4.546244896154957305e-01 4.565531914200801067e-01 4.382727157754882086e-01 4.619110092784117216e-01 4.677860429506838225e-01 4.586377478771266336e-01 4.686857383744039152e-01 4.622265693664063257e-01 4.520272422127896150e-01 4.571956365567388381e-01 4.626091785544522161e-01 4.531900374076031079e-01 4.501538348353396612e-01 4.576428867672597822e-01 4.567651330590114522e-01 4.588756044289853953e-01 4.560274904484074576e-01 4.516776731338105200e-01 4.600719293663010911e-01 4.526873706775405015e-01 4.624236458316824949e-01 4.567064510896616802e-01 4.660402109091516532e-01 4.652833139177505184e-01 4.521712654181569424e-01 4.468882610798904920e-01 4.585644970921197161e-01 4.549236021848377387e-01 4.630000177684269747e-01 4.622156740681651055e-01 4.601301463850928641e-01 4.589196053045553891e-01 4.364154613101589586e-01 4.605712913235868178e-01 4.607954391529177074e-01 4.543429594875193489e-01 4.554706181267599296e-01 4.598314004834841429e-01 4.576448860272017138e-01 4.550174929164966242e-01 4.457673143080408407e-01 4.605908679751324897e-01 4.605562391917701892e-01 4.607090829582474178e-01 4.591016062800541420e-01 4.652204843179835736e-01 4.571897867922022907e-01 4.640168016785706229e-01 4.643305393348576282e-01 4.610515152380836312e-01 4.645838954506155694e-01 4.610697542066536925e-01 4.622616618362339058e-01 4.622434377597807731e-01 4.646998784345190980e-01 4.665451280694507541e-01 4.647255150878472074e-01 4.616753485111226851e-01 4.617369174288544764e-01 4.510015256767259118e-01 4.535901631400466316e-01 4.567359631114362717e-01 4.591254979719481821e-01 4.604572386051510868e-01 4.553849250940941729e-01 4.625968914619563721e-01 4.629501639540721802e-01 4.651372299508953478e-01 4.526954621393854405e-01 4.585892610479365694e-01 4.651793482428678295e-01 4.636185541006078714e-01 4.618997489956421232e-01 4.629481851441653029e-01 4.656449494610462869e-01 4.600787245044923868e-01 4.604652752535041693e-01 4.624873639097101807e-01 4.644428716179409000e-01
1.312540816153517746e-02 1.155983323284432429e-01 2.003119885955189916e-01 3.788636434512210327e-01 2.575582599565726660e-01 1.000000000000000000e+00 5.055370495097845085e-01 4.676854306750587997e-01 5.129914615983789394e-01 4.967748534798479554e-01 5.093560501616949399e-01 5.522615925998445308e-01 4.881588459663008250e-01 4.116105258858210880e-01 5.538082419883687546e-01 5.575534034854972010e-01 4.981136641467864834e-01 4.772692087391049998e-01 5.052885718379915847e-01 4.059328815725323780e-01 4.809452478045335710e-01 5.069408964476800339e-01 5.202527996796607601e-01 4.822412256975642242e-01 4.885198720779309056e-01 5.686364399075317655e-01 5.489808721990193652e-01 5.512341570907939303e-01 5.006647072075361971e-01 5.620786973041865808e-01 5.739940570690412747e-01 5.579155706988087049e-01 5.412506652481708924e-01 5.468730337715846934e-01 5.429979190360364472e-01 5.172098493896355453e-01 5.551599506223898750e-01 5.644630176760162543e-01 5.632600457042777897e-01 5.538187481972376425e-01 5.669095316178682786e-01 5.654951950323551246e-01 5.416664740296939229e-01 5.601775484424345031e-01 5.566311873093729989e-01 5.776788548039241133e-01 5.687913182265973422e-01 5.776120635422526961e-01 5.652069832677762973e-01 5.448571737552583283e-01 5.513347827032740733e-01 5.122715835643707472e-01 5.606369818261455196e-01 5.795305776421745270e-01 5.645227634915420678e-01 5.631920822933933479e-01 5.685050912619437069e-01 5.689551179469886089e-01 5.762249805593239182e-01 5.703282701428085133e-01 5.669749822912830695e-01 5.736257139339118183e-01 5.690569100170472794e-01 5.667585830584781492e-01 5.563950673391040436e-01 5.696147681305833155e-01 5.700601183075597600e-01 5.752531838234644646e-01 5.751970323907720228e-01 5.661579147971680381e-01 5.673309920268518880e-01 5.682458479467008550e-01 5.689612550385749756e-01 5.617182946687286904e-01 5.794493398045301724e-01 5.763671206816418646e-01 5.747190286030844364e-01 5.646100825762158104e-01 5.721943102832307559e-01 5.749249051453253490e-01 5.709563072737244838e-01 5.754081861737970760e-01 5.684603731211278488e-01 5.780521989809568328e-01 5.711773339284789142e-01 5.731656803089333341e-01 5.711240578703818960e-01 5.756584108294128255e-01 5.760708881772895751e-01 5.745268253340253262e-01 5.724954570741759285e-01 5.735596229687096592e-01 5.715942337445292232e-01 5.740550418246554987e-01 5.759677376460732301e-01 5.769335137572638716e-01 5.550600565174546031e-01 5.625030383297624503e-01 5.725139647738376469e-01 5.674164405169120906e-01 5.676460617643608320e-01 5.744040885838070931e-01 5.726560358568922871e-01 5.734395149473000552e-01 5.619576515817195084e-01 5.709621845956708297e-01 5.729931047358809426e-01 5.758637651473540453e-01 5.774453071014693517e-01 5.758454477388507131e-01 5.753647601885792939e-01 5.756227652493395297e-01 5.791540805665708058e-01 5.716630306464773881e-01 5.695852363120638140e-01 5.730929405528055742e-01
-3.275550720075948424e-03 1.646811495801073499e-01 3.288530266845668404e-01 5.652820493779665556e-01 4.184882217734874343e-01 5.055370495097845085e-01 1.000000000000000000e+00 7.221500639874640637e-01 7.358211758292537708e-01 6.854658126509624028e-01 7.516165246682704471e-01 7.996095873419962752e-01 6.958004332976989170e-01 5.867116680510559013e-01 8.271021176708457379e-01 8.126056514913641005e-01 7.049848925931618826e-01 7.475612241996512086e-01 7.805577428909340476e-01 6.467300704088057017e-01 7.384455201923456613e-01 7.899352846717997423e-01 8.003852651842341404e-01 7.380748180167338024e-01 7.678917220214790396e-01 8.216999489778308297e-01 7.982918928841550299e-01 8.160875310700796970e-01 7.681043690320913386e-01 8.148117829262678802e-01 8.187018041149199954e-01 8.306964463041989211e-01 8.143414912970550201e-01 8.188634895289851334e-01 8.010711531869568747e-01 7.863649889471616694e-01 8.114750447022813784e-01 8.243714459968312092e-01 8.251677744832394135e-01 8.110383126760298822e-01 8.139389155948049126e-01 8.194936033369344397e-01 8.155942737602140946e-01 8.208471176039989770e-01 8.170546466878779723e-01 8.370542838557655241e-01 8.110044548945036791e-01 8.216225239920424972e-01 8.078467015859095435e-01 7.966483196079841012e-01 8.084682173875454847e-01 7.748450944503371129e-01 8.084460114550657828e-01 8.224528963186720221e-01 8.204429120851128854e-01 8.200974446578745969e-01 8.165381883782701911e-01 8.172649747651925534e-01 8.238972513885611804e-01 8.156893021600660765e-01 8.211779109053071180e-01 8.250846240315241609e-01 8.166152766793121076e-01 8.161060158714216195e-01 8.043784437996610581e-01 8.111494621000351346e-01 8.170404383389645586e-01 8.289550337065585417e-01 8.354907432151663649e-01 8.253957589805990258e-01 8.321285950222337968e-01 8.315810458381748260e-01 8.242569547157228005e-01 8.296381890395687631e-01 8.287744375729071411e-01 8.252504294558861142e-01 8.297248464477092744e-01 8.287640419579976880e-01 8.354654784328571226e-01 8.270188450189122076e-01 8.220521757396973550e-01 8.199697245788009070e-01 8.246142465806897137e-01 8.313955635961465251e-01 8.279989002646581664e-01 8.295444782399327144e-01 8.230072765149077929e-01 8.286265217606099132e-01 8.237228316665772265e-01 8.246924489462057473e-01 8.285293598912093493e-01 8.250323624948865397e-01 8.226784947209965226e-01 8.258745843566912548e-01 8.160943211157563049e-01 8.216027315077955029e-01 8.065256694025184636e-01 8.113550215123350728e-01 8.205449230996003651e-01 8.174481327168071632e-01 8.249473095113508680e-01 8.246728375681026124e-01 8.171919403871925613e-01 8.235664881802010617e-01 8.192808937006348380e-01 8.167024284381053656e-01 8.167384712697653981e-01 8.221856779080888300e-01 8.274490746523800455e-01 8.222322018730455762e-01 8.260356714735125339e-01 8.192936491224045437e-01 8.267462756763647169e-01 8.177685545050896732e-01 8.140066450466495462e-01 8.170151215187949623e-01
-1.600568492425291992e-02 1.259582827834089258e-01 3.272263348703775554e-01 5.378233732803634481e-01 4.009779924629490733e-01 4.676854306750587997e-01 7.221500639874640637e-01 1.000000000000000000e+00 7.147528130585479866e-01 6.712635836328887384e-01 7.229751574068651321e-01 7.800485381047413957e-01 6.848115988996706927e-01 5.754673039264175394e-01 7.878472735251075276e-01 7.966017489369330296e-01 6.972583876495662691e-01 6.993505827110009232e-01 7.330034845644852748e-01 6.110374580757360619e-01 6.952855962473756257e-01 7.476818927424603300e-01 7.520902503738858824e-01 6.919000183372874258e-01 7.096507342507933913e-01 7.853442333420512789e-01 7.726339885670601149e-01 7.705133447056971008e-01 6.930643148867251524e-01 7.936733837964078386e-01 7.919055828889191018e-01 8.000064010599877706e-01 7.645212829287002521e-01 7.738576800352729990e-01 7.572718245752780852e-01 7.501164387041914239e-01 7.744646541690777264e-01 7.954948562988286564e-01 7.936737191062626096e-01 7.735073225306178246e-01 7.860546563589995150e-01 7.944522624268168798e-01 7.791227694193617603e-01 7.891251824769028866e-01 7.874572109879364179e-01 7.988590448591066373e-01 7.880612994985478625e-01 7.995474923370514686e-01 7.880512245164805751e-01 7.748577552771840349e-01 7.842906542952315929e-01 7.365705673474866044e-01 7.827509857048285946e-01 8.052630555913897759e-01 8.006145398303669003e-01 7.911009963456134830e-01 8.031621369660180143e-01 7.990614856527561427e-01 8.061548859954421609e-01 7.966347675481083579e-01 7.994767253874581758e-01 8.083842195728107027e-01 8.012219286671771190e-01 7.980974445428511421e-01 7.805843185693271957e-01 7.987676444427612710e-01 7.929985038141454945e-01 8.009016895844296435e-01 8.077814740218230982e-01 7.955512947428051707e-01 7.989252198743493905e-01 7.985424033900582197e-01 7.900309882906250136e-01 7.934907646051884145e-01 8.004744428855139482e-01 7.957498944800284191e-01 7.939599600278345326e-01 7.789127802677914270e-01 8.003524148366845115e-01 8.043819499177130572e-01 7.922172082209532062e-01 7.960286656387823845e-01 7.971820284354028674e-01 7.955261797025251491e-01 7.983259707149112927e-01 7.999292715586241442e-01 7.935512439143468377e-01 8.009281400472770818e-01 7.973337836082852181e-01 7.945056070478875299e-01 7.909942130572794605e-01 7.957445655135653162e-01 7.948578252462664695e-01 7.970782542732257614e-01 7.974394371781717838e-01 7.970008254679141757e-01 7.805039035066251296e-01 7.918088715969074931e-01 7.990803634984823267e-01 7.898215827790581178e-01 7.972148803014498242e-01 8.028254721238332614e-01 7.950853045185946044e-01 7.980383238658573797e-01 7.900782171322510150e-01 8.016985350984322523e-01 7.973723143044052497e-01 7.972647997337484194e-01 8.008851588276988398e-01 8.011827575528629453e-01 8.034277775192609772e-01 7.994040557704047423e-01 8.060471956046912911e-01 7.983126123265303908e-01 7.894156829941645359e-01 7.976298074844481167e-01
9.808260248160038941e-02 1.375926738698040608e-01 3.396933699090643466e-01 5.700844058460698971e-01 4.078897379848671623e-01 5.129914615983789394e-01 7.358211758292537708e-01 7.147528130585479866e-01 1.000000000000000000e+00 7.395647060685005547e-01 7.877071914035337352e-01 8.341876195188721033e-01 7.484521487276534213e-01 6.286381763620504382e-01 8.517996203102885522e-01 8.407452791608653886e-01 7.986633832312646231e-01 7.100190156621678517e-01 7.988936248032229015e-01 6.108932942000677713e-01 7.153865843890951925e-01 8.018803256155916381e-01 8.001221191567633451e-01 7.163854174448539558e-01 7.477598943712088220e-01 8.737612010283973829e-01 8.428841529625068496e-01 8.562555485164012881e-01 7.660864919938491502e-01 8.677430268338819364e-01 8.699202696507000176e-01 8.541963598278797809e-01 8.143443339418707794e-01 8.364504623519593007e-01 8.320586676577883534e-01 8.255906081553909814e-01 8.533146746692461537e-01 8.666572823066850395e-01 8.682532034982131108e-01 8.279953254017381470e-01 8.736930900159860514e-01 8.681078002402579097e-01 8.417438214991713741e-01 8.669184868194150795e-01 8.653334719981958800e-01 8.629989487106255464e-01 8.790790366176207682e-01 8.859750291885513107e-01 8.793591582717558142e-01 8.480773551808334920e-01 8.639669638691653830e-01 8.116764606625587186e-01 8.703633459831726649e-01 8.870019496662773228e-01 8.706855340336469018e-01 8.708292992706068159e-01 8.831801710612470213e-01 8.733822647172123643e-01 8.740712812184848746e-01 8.852293257221770517e-01 8.815832754766200763e-01 8.798663244152032936e-01 8.748108093718555134e-01 8.876981582509921864e-01 8.758805467792800670e-01 8.842776304193911141e-01 8.851671758469761286e-01 8.783330481367228604e-01 8.752255558463074570e-01 8.568353548168335942e-01 8.706272209516199290e-01 8.746393502661753416e-01 8.590378867475315650e-01 8.641143991404526270e-01 8.865613435725343550e-01 8.829764341898691526e-01 8.821262040981603381e-01 8.653368730939366982e-01 8.769877706994601008e-01 8.845699582911815684e-01 8.793840724216006599e-01 8.834426095314941163e-01 8.850493107182730856e-01 8.767864452746441106e-01 8.763409759816842559e-01 8.764221783895734808e-01 8.766316102898078499e-01 8.803287832591115691e-01 8.818326803767708721e-01 8.798279800815701490e-01 8.726510757538866736e-01 8.821031334689103387e-01 8.788291397224800017e-01 8.789400414801900041e-01 8.842386762042372395e-01 8.844924346336278109e-01 8.604055658727040035e-01 8.842051716366791103e-01 8.841629475714820607e-01 8.741529971894118622e-01 8.746150527532812191e-01 8.831093699730657720e-01 8.814915899390154408e-01 8.829045332270656354e-01 8.757886489381374595e-01 8.880554727589420327e-01 8.874151271651831152e-01 8.849395313022571097e-01 8.821767804482925079e-01 8.836726402897128185e-01 8.804522712408969776e-01 8.886451374858292951e-01 8.881664789888287226e-01 8.883620313030297089e-01 8.833212428488964596e-01 8.879098160412687291e-01
1.424625353280507996e-02 1.646778971429848082e-01 3.219588534561467208e-01 5.119806873149586046e-01 3.905591852350475679e-01 4.967748534798479554e-01 6.854658126509624028e-01 6.712635836328887384e-01 7.395647060685005547e-01 1.000000000000000000e+00 7.337343747571226649e-01 7.826273894495754391e-01 7.157913645452727014e-01 5.912609381214657400e-01 7.835870673396011510e-01 7.879048670410515598e-01 7.124599339461719083e-01 6.677450235746819063e-01 7.347320546719245948e-01 5.626768429305137875e-01 6.542762236050601032e-01 7.445789056897037517e-01 7.505937874448502800e-01 6.643556568976192178e-01 7.053459739846077436e-01 7.943478025683620158e-01 7.796807593376242629e-01 7.895749234233422342e-01 6.879147289389958564e-01 8.070606332465224408e-01 8.049690631324745160e-01 8.025427361943408000e-01 7.718591219670551951e-01 7.865364923068071112e-01 7.693331943071118895e-01 7.696474761202096726e-01 7.852684866591851387e-01 8.091929247540091685e-01 8.092328324340315460e-01 7.942839025015325793e-01 8.093974396283659667e-01 8.100503193721247941e-01 7.840237762671795618e-01 8.111614717404387331e-01 8.043350289211267379e-01 8.068972139970753688e-01 8.133176256889642630e-01 8.239149817820859978e-01 8.113189526844429844e-01 7.894818110377744835e-01 8.063065467023295962e-01 7.579110489369632608e-01 8.028279724085434221e-01 8.173875111651237590e-01 8.089816693331957076e-01 8.120849999355598259e-01 8.118036824885244140e-01 8.158744835404406759e-01 8.145731314431666759e-01 8.157948397266736595e-01 8.124750546392400796e-01 8.141790304954423796e-01 8.029514492743798915e-01 8.072785762695099399e-01 8.040459119825881240e-01 8.119845017688187561e-01 8.161987969844393120e-01 8.121238486754656094e-01 8.134978545459981003e-01 7.911029369909485798e-01 8.096376153174886792e-01 8.157553027630093379e-01 7.949124572364888452e-01 8.030368753188996678e-01 8.185613594558504014e-01 8.175829218371281071e-01 8.109656723331588601e-01 7.896112606905555387e-01 8.155086638658337606e-01 8.217727286707083856e-01 8.156912101524321779e-01 8.165305385513915715e-01 8.182762949816232423e-01 8.099607344642341111e-01 8.142409033105909577e-01 8.153730721026881678e-01 8.148829981563262548e-01 8.207982184045354845e-01 8.182200181706391628e-01 8.174303606535631150e-01 8.149370543075323825e-01 8.176406297404824608e-01 8.176572140348241646e-01 8.193389561033329604e-01 8.206079448965220013e-01 8.206204342845927480e-01 8.063801801924592727e-01 8.074037970739285086e-01 8.161974706866955698e-01 8.171640910152129234e-01 8.124334135318979078e-01 8.181322366260000978e-01 8.129341565521724933e-01 8.191081675697740039e-01 8.128187282500359823e-01 8.123486555335879267e-01 8.182237195773276461e-01 8.193292987011104866e-01 8.225283464558067470e-01 8.200643646270668885e-01 8.227550434419992342e-01 8.206763050084976419e-01 8.216057223163687473e-01 8.154906941103637896e-01 8.145581856531054488e-01 8.199933152350307175e-01
1.788886307643339224e-02 1.458668633327982744e-01 3.628137979850526995e-01 5.633708638352532549e-01 4.247458752085704892e-01 5.093560501616949399e-01 7.516165246682704471e-01 7.229751574068651321e-01 7.877071914035337352e-01 7.337343747571226649e-01 1.000000000000000000e+00 8.557708167745978756e-01 7.414175454522825559e-01 6.153926565414689076e-01 8.524404497824580318e-01 8.470299455676272293e-01 7.691171378673566927e-01 7.320236074123195325e-01 8.066995883574249460e-01 6.207816901049096892e-01 7.229805940702095368e-01 8.076419575220007419e-01 8.123216500637068238e-01 7.420389328438932175e-01 7.764952761144218174e-01 8.673090301781014588e-01 8.468270855316942791e-01 8.572410301398445398e-01 7.558127249122555957e-01 8.678169091520083755e-01 8.787443869721176526e-01 8.715693353268784138e-01 8.350530844897874339e-01 8.617668456693640122e-01 8.307965824743761551e-01 8.269912079818561024e-01 8.623362518049324521e-01 8.803450904141678635e-01 8.738974983490517268e-01 8.535180546051377437e-01 8.749822728776083247e-01 8.769299591271521033e-01 8.569716921087207062e-01 8.727979900593261231e-01 8.685940024265330628e-01 8.748230073062831513e-01 8.785665244496728699e-01 8.820336587636634640e-01 8.745293331845814810e-01 8.646366237289726531e-01 8.729373520952131704e-01 8.270763593888822429e-01 8.669255238325150881e-01 8.784520172933532045e-01 8.794659659942232199e-01 8.764090020246773083e-01 8.732335893029535834e-01 8.769249771927281056e-01 8.813752578122495684e-01 8.713509115835166297e-01 8.801041411229471034e-01 8.744574857924153344e-01 8.791224076835751911e-01 8.726113127539290026e-01 8.646395833644917595e-01 8.698194523132675160e-01 8.825027807624781229e-01 8.817771600817588817e-01 8.829019106032200970e-01 8.592525769913224032e-01 8.779274794035467622e-01 8.822741755317742296e-01 8.685650815068947095e-01 8.747920148332974932e-01 8.869906087871022304e-01 8.836413516905792243e-01 8.813562247778137237e-01 8.597715344962132411e-01 8.811512134996182244e-01 8.839779777765180979e-01 8.809059302339533604e-01 8.844121215036447881e-01 8.799829722167313850e-01 8.764376795950811205e-01 8.843846624199923623e-01 8.848805017804358686e-01 8.817554234626033827e-01 8.862103671431502683e-01 8.822798967194167563e-01 8.831613299803129369e-01 8.833776803238432285e-01 8.846585643423433565e-01 8.820157672443709185e-01 8.839365942166672596e-01 8.845001050241247942e-01 8.833953453474888695e-01 8.717479613204713873e-01 8.770069515966256724e-01 8.832563513990364656e-01 8.801706567174508722e-01 8.828151201180516328e-01 8.859677743457837762e-01 8.802141508969486550e-01 8.832869526958654349e-01 8.776846986041620946e-01 8.769553152220955772e-01 8.833973532687153796e-01 8.832448963362957706e-01 8.849731970131390346e-01 8.842932767975469899e-01 8.847776797425804807e-01 8.807363670014920487e-01 8.830411149982021479e-01 8.803412428563738290e-01 8.753046623688188754e-01 8.776109186156317854e-01
1.675083204629661260e-02 1.560478208889427010e-01 3.641525753824125244e-01 6.066680512762606670e-01 4.465671014595616883e-01 5.522615925998445308e-01 7.996095873419962752e-01 7.800485381047413957e-01 8.341876195188721033e-01 7.826273894495754391e-01 8.557708167745978756e-01 1.000000000000000000e+00 7.971347473030845343e-01 6.603361477127571710e-01 9.044633678323622528e-01 9.062511300310257534e-01 8.181090813798336248e-01 7.787863960620937664e-01 8.533233014238106318e-01 6.542861919927023262e-01 7.713537387983412374e-01 8.595700749762741344e-01 8.651288887190303756e-01 7.853526462812840947e-01 8.161090434358657664e-01 9.161206488595733388e-01 9.007689945283416932e-01 9.074895436254042380e-01 8.111559740313172284e-01 9.273183175258897792e-01 9.300201100535004928e-01 9.188132615363943101e-01 8.894099823040844122e-01 9.053250687620938431e-01 8.915930980251134397e-01 8.759328146964667772e-01 9.149461884532520406e-01 9.293373586668179920e-01 9.301198399941491557e-01 9.038377762071673205e-01 9.241533155727070792e-01 9.278548719824328828e-01 9.077684959074211468e-01 9.288650378377234507e-01 9.217757422267435219e-01 9.305184683763058073e-01 9.298745953745017889e-01 9.365719797494205245e-01 9.208348550978298075e-01 9.039394012884656160e-01 9.151545660397590876e-01 8.685052419737800955e-01 9.181981800846330533e-01 9.397101255379418649e-01 9.312476772261032432e-01 9.294708930513551071e-01 9.329262533863216245e-01 9.309151444844382395e-01 9.329984157373248932e-01 9.352436203937531944e-01 9.330395285619342838e-01 9.380068649357170552e-01 9.322273831554799273e-01 9.330522695010632361e-01 9.229353184257790277e-01 9.326186663306205160e-01 9.358756089892846797e-01 9.355308088578009329e-01 9.392140424849588776e-01 9.122936200862877820e-01 9.306335661001288173e-01 9.357725606482490965e-01 9.218485797633063639e-01 9.248733458668270124e-01 9.392317253190619608e-01 9.371240276756352960e-01 9.360543883231664530e-01 9.156267224036830354e-01 9.355026238021448837e-01 9.411166867174157735e-01 9.355138939281179011e-01 9.376660615150692601e-01 9.373897380521172273e-01 9.355466699552078547e-01 9.359260675123928230e-01 9.378791169578674092e-01 9.336159570259788820e-01 9.389867437416704599e-01 9.382165845603221976e-01 9.372425659499384887e-01 9.344641766542144401e-01 9.367746429814224340e-01 9.347575693289842391e-01 9.379040502322149031e-01 9.366319037679967652e-01 9.389664916523440263e-01 9.158878888619395031e-01 9.259798753319367082e-01 9.337070443811484877e-01 9.284923986564854737e-01 9.334664582223779483e-01 9.376059644993482989e-01 9.346776752502282681e-01 9.376437937809087853e-01 9.306689539507000397e-01 9.335744546863345983e-01 9.344297522118223398e-01 9.383394260403764564e-01 9.403708525412515229e-01 9.385873381121633274e-01 9.395611148636949794e-01 9.383248819005666208e-01 9.412406965247323010e-01 9.357814424187654856e-01 9.318467286437464026e-01 9.364059075912418706e-01
1.086319465101193149e-02 1.320917183008187556e-01 3.108841449454036732e-01 5.172210466204942847e-01 4.201766899850854498e-01 4.881588459663008250e-01 6.958004332976989170e-01 6.848115988996706927e-01 7.484521487276534213e-01 7.157913645452727014e-01 7.414175454522825559e-01 7.971347473030845343e-01 1.000000000000000000e+00 5.808638585463556936e-01 8.179420462980693252e-01 8.142032451177817487e-01 7.402077546328159618e-01 6.727691222179285058e-01 7.517893032938742781e-01 5.426233561381292869e-01 6.572657802463549581e-01 7.561135876106446219e-01 7.632010309742611742e-01 6.802127406315532365e-01 7.159236389590606375e-01 8.176747822389667242e-01 8.046099196561262712e-01 8.098076361132270362e-01 7.014181442056979243e-01 8.202625896125588234e-01 8.290478329292699788e-01 8.127685759634738494e-01 7.801512987504453100e-01 8.050455014154757061e-01 7.780894389119682453e-01 7.943839024140715299e-01 8.191808341012305483e-01 8.268360571771136147e-01 8.367677585616658531e-01 8.108083130952976614e-01 8.337419596477689820e-01 8.351378703442042806e-01 8.180613294314958983e-01 8.356290528129851625e-01 8.297875262427012455e-01 8.248083076055293672e-01 8.406115418377410053e-01 8.440678024109449229e-01 8.292257809522411982e-01 8.078854813583065120e-01 8.254015428781538155e-01 7.897180342076794979e-01 8.239459734875028696e-01 8.384533393333187812e-01 8.225051902026485617e-01 8.340594382801652662e-01 8.308810734911089568e-01 8.410637675654754064e-01 8.237381849300267067e-01 8.430983553390627439e-01 8.392557244100524727e-01 8.284374493983095444e-01 8.240334819575064751e-01 8.346135284806066590e-01 8.334012097113961959e-01 8.394760869387020152e-01 8.424359772670532154e-01 8.383728967033761137e-01 8.340744238709453251e-01 8.006508724030484414e-01 8.307972539982962923e-01 8.391900487535559616e-01 8.197373075422723643e-01 8.255385602418496838e-01 8.420661194276534145e-01 8.405506477238274821e-01 8.338556949485927960e-01 8.106218339529220884e-01 8.363804101328289331e-01 8.432616631168970978e-01 8.434017995156007919e-01 8.445415936813956970e-01 8.426454233218486634e-01 8.352650092423749006e-01 8.364278344661920661e-01 8.419898016274558472e-01 8.432425414599784563e-01 8.444367816973935570e-01 8.459602911980377282e-01 8.430009808805194460e-01 8.414374025342767904e-01 8.437188232585581815e-01 8.454373927915450615e-01 8.446368650644014986e-01 8.456299018857154071e-01 8.466204494812387127e-01 8.298128482042778087e-01 8.320003309328219965e-01 8.387508057104512416e-01 8.393969439350521533e-01 8.405941883102170387e-01 8.350308766621984402e-01 8.416288811407381942e-01 8.462499027900793891e-01 8.420751420350902627e-01 8.340509257956115752e-01 8.410376088621559498e-01 8.473992904764461320e-01 8.439669642802307692e-01 8.449205573145134318e-01 8.431749229588376693e-01 8.460023794072725201e-01 8.438067626233549667e-01 8.435771216574564635e-01 8.435429703542349777e-01 8.447744906583225522e-01
