1.000000000000000000e+00 2.588871303461749429e-01 2.595012284487086540e-01 1.004461918102731166e-01 3.923750872297940978e-02 2.961617658004911044e-02 -1.598101986581253534e-02 5.107347401387152958e-02 2.508599808258463737e-01 2.033194127615032265e-01 1.417978631265436607e-01 6.759579717986656522e-02 4.082212438587988490e-02 2.266521307547826256e-02 -1.005678040339753887e-02 7.113178255095758962e-02 2.281383330281833433e-01 3.669193354123340689e-01 3.251700568575599526e-01 2.065077092298603922e-01 2.740984402547643195e-01 2.974227934872958889e-01 2.992771755132669909e-01 3.004494850943393303e-01 2.657622446607196265e-01 2.798705621046257974e-01 2.639446756809168959e-01 1.930517840902778171e-01 2.762250975648772866e-01 2.407629223994218193e-01 1.872322411913093787e-01 1.776557720440430643e-01 1.768863679103878095e-01 1.460518356308175558e-01 1.925600173378901880e-01 1.568971465499567897e-01 1.661545964149551968e-01 9.071299833831432402e-02 1.124502861558008826e-01 1.383116506089605013e-01 9.826687484190881061e-02 4.599649787976890086e-02 5.491621863418031518e-02 6.203848055807944378e-02 1.262183389218153595e-01 6.014523115449147556e-02 2.276991919074587006e-02 4.000369144624727619e-02 2.226627653419674391e-02 6.043351209556592496e-02 7.088604330967432365e-02 7.805302465807363588e-02 5.421106243047311285e-02 9.636009746793075537e-02 1.231637485404858262e-01 1.674636922245925363e-01 1.151371190051691251e-01 5.729979133163294602e-02 6.511315724302418895e-02 5.300937393070779408e-02 4.606939339225745583e-02 5.977241382926352931e-02 7.956442919110660872e-02 5.225296555796751785e-02 1.010737788235582246e-01 1.059479541943821046e-01 6.857499401220609747e-02 1.439589588419769861e-01 1.376720012487994971e-01 1.145358405438383215e-01 1.142732075518384655e-01 1.242841310364619922e-01 1.369365694448412274e-01 1.192650472043057519e-01 1.053466584423324026e-01 1.078460875742660724e-01 7.615112652939245996e-02 1.275908056356353792e-01 1.046242829330035484e-01 1.025465289436989641e-01 9.996112626207181995e-02 8.957447645497992883e-02 1.205679546304750105e-01 8.299811363592045355e-02 5.291238130022798275e-02 6.585292268605835719e-02 8.301585860884144741e-02 5.014488264733259898e-02 4.930428775532515878e-02 9.755042138830363752e-02 7.127782309023708573e-02 3.412660120365564737e-02 6.764616950852771204e-02 3.640907879904401595e-02 6.143020562759544598e-03 2.317203055709527934e-02 2.695576628994488660e-02 4.840193100720674435e-02 3.014211760776421695e-02 3.173207350707572122e-02 1.535920851502937598e-02 4.161275079623699691e-02 3.183152291670706541e-02 1.349664187116869987e-02 5.191836852967475491e-02 5.352220775565380562e-02 3.338817965226024975e-02 5.056312011017644048e-02 5.567694542094664412e-02 2.748515880951451357e-02 3.290469708532522963e-02 3.204117761571890349e-02 3.123439692032729115e-02 2.265907138304370030e-02 7.220859828244369227e-02 5.131945722624009498e-02
2.588871303461749429e-01 1.000000000000000000e+00 1.270164988816935847e-01 1.186371660316748802e-02 8.304589175743642970e-02 8.047321126233081268e-02 1.390300689016682190e-01 1.425727357852427934e-01 2.361694638986378547e-01 2.451102738786765101e-01 1.571749537656967621e-01 1.109172929958279902e-01 1.404245996645300532e-01 1.030113712918955537e-01 1.418838954860802970e-01 1.683976631321647266e-01 2.083705769908531791e-01 1.961581940836587823e-01 1.997249281131346643e-01 8.348132017489354184e-02 1.022412952591080781e-01 1.440033884693133481e-01 2.174475803044830235e-01 1.832510372983285063e-01 1.648213522898480943e-01 2.388473601611363906e-01 1.959437557957626197e-01 1.896887408811058773e-01 2.202265481142246240e-01 2.086426859311530657e-01 1.748559810912398427e-01 2.042568666048842907e-01 1.837918018007579646e-01 1.731149142170928801e-01 2.096448913633815192e-01 1.470647435699906913e-01 1.543359425355081138e-01 1.769659747032911179e-01 1.599312527343286217e-01 1.618149990062572596e-01 1.732308654298390926e-01 1.449351930459450988e-01 1.400557397818945060e-01 1.378791993472907318e-01 1.506771777490553965e-01 1.522266288008220225e-01 1.400924037904541508e-01 1.604418477198151782e-01 1.408800776662140486e-01 1.468443706935393667e-01 1.633131381818262728e-01 1.113105930928291881e-01 1.336999620459175531e-01 1.876311606303924795e-01 1.938064918892649646e-01 2.102836518214286077e-01 1.765185142657380579e-01 1.627498254083170337e-01 1.746905508082146063e-01 1.561165699426960152e-01 1.513080441403812371e-01 1.701646783963415843e-01 1.742977382597702407e-01 1.594318412438763821e-01 1.614956007176594488e-01 1.615927486157437698e-01 1.620236028993136401e-01 1.792217916693364388e-01 1.847349864018026921e-01 1.406373699776223563e-01 1.302608153123793744e-01 1.588711909176764303e-01 1.700646293974953649e-01 1.522646346021497843e-01 1.751608176841520925e-01 1.723294208040742626e-01 1.652721617067411941e-01 1.821061075657045003e-01 1.720053705636263586e-01 1.774091004805961325e-01 1.705342357759373484e-01 1.617656321706927025e-01 1.742349478095970017e-01 1.790058176792711508e-01 1.522605157424874733e-01 1.544990324941349635e-01 1.485223971631988715e-01 1.580784301738763498e-01 1.495989947464231307e-01 1.778948749633887383e-01 1.557267558348012226e-01 1.483226995479472177e-01 1.487230061265440162e-01 1.462451444943755618e-01 1.391621696356275251e-01 1.518315359640126927e-01 1.319919831814381217e-01 1.347370783528638039e-01 1.418284746092604298e-01 1.446106789240489132e-01 1.317077961538635489e-01 1.460712736047013738e-01 1.389225437296741361e-01 1.348199207166052016e-01 1.365093744258525366e-01 1.488944759576182053e-01 1.489108956513920112e-01 1.638320732122830470e-01 1.625845593983130943e-01 1.468237095506727541e-01 1.489115583216167049e-01 1.459597163625993010e-01 1.481420812730071535e-01 1.378327754139115346e-01 1.525093480318889250e-01 1.454990450931415435e-01
2.595012284487086540e-01 1.270164988816935847e-01 1.000000000000000000e+00 3.522601322177631444e-01 1.634178819012876982e-01 2.629413853812207491e-01 2.553648186320993663e-01 2.607626551892978650e-01 3.795953363210345932e-01 3.284734886594325443e-01 3.837836343450968246e-01 3.546659880533566400e-01 3.064131575400048102e-01 3.040879847526311019e-01 2.993670827810402946e-01 3.322399246472804157e-01 3.993794357324076949e-01 4.055904975308368687e-01 4.374526424230363864e-01 2.775947641941884370e-01 4.135199964825466146e-01 4.109239957139765309e-01 4.047929432516487180e-01 3.951269095475660187e-01 4.068722718751963119e-01 4.254829473709800802e-01 4.244851311082394330e-01 3.681355274754861684e-01 4.104905652502638391e-01 4.078642210051888761e-01 3.872241983920176045e-01 3.838634222513898631e-01 3.584767293778621799e-01 3.572109694000136226e-01 3.707908277621260740e-01 3.772657132085551202e-01 3.762502881574970037e-01 3.489674801895147893e-01 3.587223401538913725e-01 3.754561299252242024e-01 3.589226253291740165e-01 3.432365432463851951e-01 3.512234505846426602e-01 3.553839365692184060e-01 3.800728322411645599e-01 3.405798198916787367e-01 3.380916829840699966e-01 3.494410191942232125e-01 3.384118225880861641e-01 3.496383020006050835e-01 3.628223678643424654e-01 3.735807976395509877e-01 3.668655113966724501e-01 3.582382947889672375e-01 3.753246940740086468e-01 3.939982002553380491e-01 3.656303917966917116e-01 3.590916744295200580e-01 3.586352523822915472e-01 3.521645804507017585e-01 3.487563208854387309e-01 3.468668242318166395e-01 3.589217070495668849e-01 3.481124206958199352e-01 3.759541986799719293e-01 3.792290797706068806e-01 3.664249481719283330e-01 4.041247983628784568e-01 3.876117676139139712e-01 3.682708884343280920e-01 4.005887875053181224e-01 3.986844227829505760e-01 3.843579074109433891e-01 3.901289868464782873e-01 3.831705412643127140e-01 3.900740253234831756e-01 3.650495998140865783e-01 3.876984494505710810e-01 3.779015174612871397e-01 3.747700035944439012e-01 3.735636249160334543e-01 3.744517180046422755e-01 3.871703470078263210e-01 3.606440770400817786e-01 3.475684694834381694e-01 3.538253528284534544e-01 3.689060500935186782e-01 3.533280014228700749e-01 3.502138504369470828e-01 3.732239782722581722e-01 3.600506871572581868e-01 3.530282939146416332e-01 3.695925855224250767e-01 3.509938112886304418e-01 3.372085398824181124e-01 3.402568720834999172e-01 3.465820192196807370e-01 3.560002985225157457e-01 3.509978533567790215e-01 3.524920439926739202e-01 3.403951456187064850e-01 3.518013720777687370e-01 3.625796798146888045e-01 3.422471038288620315e-01 3.591389446984121769e-01 3.459887790469585167e-01 3.456975391955441901e-01 3.504901962464524456e-01 3.566137787976198514e-01 3.458653154553962272e-01 3.446722355552300221e-01 3.449629885574360122e-01 3.450868460294216344e-01 3.401753983139432225e-01 3.764237812544644068e-01 3.603587276144061269e-01
1.004461918102731166e-01 1.186371660316748802e-02 3.522601322177631444e-01 1.000000000000000000e+00 2.951325804663579300e-01 3.654040237757040233e-01 4.182018601147042824e-01 4.705944232554330475e-01 4.714324847917527039e-01 4.292147161657173804e-01 5.410342520656814536e-01 6.299200844830631363e-01 4.665268056606808877e-01 4.907177200965567310e-01 4.903386079461247715e-01 5.279621277084337594e-01 4.986209228227013179e-01 4.533044691087023681e-01 4.791198967934360842e-01 5.104369293151943543e-01 5.687016113443529308e-01 5.364226864852299492e-01 4.856832348587822312e-01 4.730221459465999145e-01 4.632975450174114940e-01 5.375992410339527350e-01 5.908126310297915351e-01 5.683915924730957858e-01 4.600465207819942615e-01 5.135322993779259937e-01 5.634251254393385366e-01 5.281197718837769006e-01 5.326120226481818598e-01 5.441458911247444297e-01 5.072272264748473036e-01 5.931976868157061711e-01 5.759714275833169861e-01 5.251080209385434738e-01 5.578242648274388538e-01 5.786213898501435526e-01 5.603956506294553996e-01 5.533278466405413543e-01 5.789230009268100385e-01 5.818987509788636769e-01 6.036719973939351780e-01 5.401307721271827456e-01 5.212998762506861894e-01 5.175104646124009111e-01 5.161011970213380540e-01 5.476873463425370181e-01 5.401753733427953064e-01 5.947807908773525831e-01 5.817960534691875019e-01 4.970810372208327999e-01 5.140428979533395726e-01 5.246465873671480873e-01 5.117124585463082020e-01 5.310583518229858857e-01 5.015710450618665606e-01 5.345765405303390949e-01 5.304503953881450906e-01 4.948691957720717238e-01 4.943687406808809914e-01 5.218731833040484158e-01 5.473187512399265708e-01 5.626113250577009506e-01 5.324043276474974551e-01 5.455188286752917781e-01 5.393810195177238809e-01 5.900515570008056931e-01 5.827253961990042086e-01 5.529380380143491536e-01 5.330665269452331545e-01 5.480696462683377623e-01 5.532879850288487944e-01 5.649564146218585270e-01 5.475957730174551008e-01 5.088576549662328086e-01 5.397082512113348107e-01 5.205232593186613910e-01 5.283616299080275969e-01 5.514463432199151471e-01 5.468587705370837604e-01 5.111153453271751745e-01 5.393267127528037497e-01 5.350746863854666246e-01 5.652582978251869950e-01 5.351180124441535790e-01 5.341930110314855318e-01 5.307968041315127561e-01 5.569964890211254183e-01 5.422690131073634179e-01 5.625543666492075490e-01 5.434555673322323255e-01 5.215163206688800956e-01 5.168609179651183494e-01 5.606021258692965858e-01 5.484607009512978415e-01 5.401506649592636711e-01 5.438456220902102567e-01 5.513382003767136608e-01 5.307382340568348456e-01 5.643848480251879574e-01 5.436829804570871838e-01 5.596257532102126842e-01 5.211608383924546395e-01 5.263512864302577476e-01 5.167648331811313112e-01 5.210209715595265356e-01 5.253812957376342574e-01 5.219503303588559628e-01 5.308243299940609283e-01 5.231291684866107294e-01 5.298403097482773383e-01 5.455631409253035580e-01 5.451690012070211644e-01
3.923750872297940978e-02 8.304589175743642970e-02 1.634178819012876982e-01 2.951325804663579300e-01 1.000000000000000000e+00 2.759099058956669959e-01 4.509282962058071553e-01 4.579008602391632654e-01 4.157019486711063805e-01 4.000791651252718073e-01 4.262259469811084944e-01 4.430751057662367098e-01 4.445248423681146810e-01 4.020614605535307029e-01 4.794670225937159302e-01 4.789238838171286372e-01 3.919270099885742709e-01 2.795797467777150769e-01 3.075776624851688235e-01 2.701445651489832733e-01 2.949129985978101720e-01 3.286362946568997523e-01 3.403155598169164686e-01 3.053451872277488932e-01 3.024689105552866297e-01 4.123810969610767208e-01 3.980748721482550989e-01 4.196225888059614828e-01 3.709998899618562329e-01 3.859769013978109342e-01 4.202277521621676781e-01 4.405319588813041976e-01 4.204665303516383901e-01 4.407399360289557810e-01 4.043755684319091936e-01 4.246933461982874136e-01 4.149669097217413283e-01 4.639475416230992022e-01 4.571689069345007406e-01 4.368924324396736836e-01 4.665719724618742070e-01 4.740681481668256314e-01 4.592977089094924525e-01 4.751429330263479134e-01 4.484005072122745350e-01 4.647908655901543118e-01 4.706943888892761718e-01 4.681132488113366463e-01 4.746190764269275220e-01 4.725064683450945213e-01 4.734486572400330440e-01 4.589814223218319778e-01 4.672365879149150691e-01 4.619013414595771194e-01 4.572285290136710589e-01 4.447030101678480785e-01 4.586105093630533092e-01 4.669460494288195651e-01 4.634842967790017143e-01 4.729104422194077006e-01 4.776090501983416003e-01 4.626272037537468851e-01 4.541577709569807331e-01 4.707379732310595366e-01 4.598558044266934930e-01 4.655119468214300449e-01 4.682542021939621879e-01 4.432072780272051093e-01 4.470093441515048394e-01 4.387219582256089989e-01 4.415560094764800492e-01 4.490945519943366770e-01 4.353087674811347840e-01 4.303806258183561217e-01 4.679595430851926641e-01 4.600301098582694759e-01 4.614061932651089548e-01 4.488123232806439655e-01 4.568193819193804295e-01 4.474367098772180085e-01 4.513661114977642330e-01 4.594463765388961396e-01 4.518268165155442939e-01 4.554265347007803721e-01 4.701362186464030368e-01 4.651461559556360204e-01 4.549086437064642219e-01 4.718505142039776667e-01 4.664916284156566673e-01 4.575967283109411698e-01 4.674991346973903505e-01 4.699125289522751991e-01 4.642419334401965969e-01 4.711195701704335437e-01 4.704561328784091501e-01 4.688937457786851448e-01 4.704587374380000964e-01 4.742179542289862715e-01 4.700834427050210595e-01 4.743433815833291156e-01 4.697455258518776211e-01 4.664129858198560186e-01 4.670365800285010138e-01 4.748174655770616703e-01 4.682162986576739461e-01 4.652659967105386429e-01 4.688212548204834795e-01 4.662009631782411123e-01 4.670225368636469199e-01 4.696995914099583169e-01 4.639498668909909918e-01 4.723234617558937920e-01 4.673418846181220943e-01 4.707801192040494964e-01 4.614952199259523269e-01 4.648363289453848468e-01
2.961617658004911044e-02 8.047321126233081268e-02 2.629413853812207491e-01 3.654040237757040233e-01 2.759099058956669959e-01 1.000000000000000000e+00 4.853168895935804916e-01 4.322570241481039077e-01 4.809858655456216159e-01 4.506498757350970163e-01 5.197167616415423463e-01 5.488680546463360344e-01 5.020814101201694912e-01 5.032624932367156800e-01 5.486584249082572251e-01 5.517163534825435534e-01 5.012155635465576076e-01 3.889990965720532268e-01 4.444514097774984740e-01 3.296102937982954284e-01 4.113965993022948298e-01 4.561815497425421029e-01 4.602162470426898189e-01 4.388230152267076356e-01 4.630013351009550915e-01 5.237521053598704901e-01 5.286384070754959197e-01 5.370554529270881172e-01 4.789302169621663663e-01 5.231504146138536981e-01 5.586861627631048988e-01 5.371467208506175428e-01 5.203789508751218706e-01 5.235522660209415147e-01 5.094229304879840381e-01 5.415192384753663157e-01 5.523738512132633227e-01 5.382029879071106304e-01 5.678432138972411281e-01 5.602148316464470312e-01 5.779592758796747720e-01 5.691451478725485513e-01 5.761496052562614656e-01 5.779396056994960951e-01 5.705223194779550644e-01 5.678419543041847151e-01 5.734231323240202016e-01 5.745168671435390007e-01 5.681264051508397861e-01 5.396104057197557147e-01 5.639413203672205555e-01 5.683302846285102072e-01 5.726435937707973212e-01 5.636156405486737464e-01 5.639217293369450656e-01 5.614640686210325971e-01 5.601660177832005205e-01 5.750796005594080995e-01 5.697738864711775486e-01 5.742028692398609691e-01 5.738483032097212444e-01 5.659685616633385319e-01 5.628168063015424050e-01 5.739885990351807354e-01 5.744810116861740479e-01 5.777464069022961723e-01 5.789323848002360107e-01 5.739017441876342884e-01 5.665315289048480363e-01 5.479147075335764061e-01 5.716903987918673380e-01 5.765349015038240266e-01 5.608425064591436859e-01 5.723153166388026403e-01 5.814975297036847346e-01 5.845228547053026302e-01 5.805696579205950059e-01 5.660481018852250301e-01 5.784030680655746215e-01 5.726923206180334347e-01 5.758682000639929743e-01 5.851413330598057572e-01 5.753513748774360392e-01 5.699348023228376636e-01 5.650320164539986978e-01 5.680046412358645824e-01 5.815691077444695711e-01 5.760362441249157195e-01 5.816971671191456528e-01 5.747388895761652572e-01 5.823372376113380433e-01 5.809055992539849944e-01 5.853843987832451079e-01 5.804397682230789668e-01 5.779671848589764682e-01 5.766337902296460038e-01 5.712011509242039820e-01 5.734431762015649303e-01 5.818480248556953116e-01 5.783703969898019714e-01 5.824072626545089282e-01 5.763928523071955023e-01 5.811863434821776808e-01 5.800690809265317549e-01 5.823629801854945942e-01 5.736096258554990168e-01 5.776578848012622336e-01 5.783929529553840654e-01 5.784098904927854612e-01 5.765458709063236986e-01 5.765183615206430634e-01 5.796959215479163818e-01 5.775405797386439222e-01 5.784425339195965465e-01 5.827772598388804015e-01 5.815721128521241789e-01
-1.598101986581253534e-02 1.390300689016682190e-01 2.553648186320993663e-01 4.182018601147042824e-01 4.509282962058071553e-01 4.853168895935804916e-01 1.000000000000000000e+00 6.732454065733494142e-01 6.556077601850665015e-01 6.394234825768635444e-01 6.802199187771488242e-01 7.185035268289504673e-01 6.931309891590040628e-01 6.897937119468227074e-01 8.398379495963781416e-01 7.737762668796586141e-01 6.450649385532795099e-01 4.346028946733845322e-01 5.156224884524868157e-01 3.787596871758764361e-01 4.580194237576452054e-01 5.098412098376210455e-01 5.646928957676905503e-01 5.082685917738172243e-01 5.322923896482834039e-01 6.680571586594930000e-01 6.388924451408407590e-01 7.009382772249869165e-01 6.388344783376858071e-01 6.379318301515813916e-01 6.893563949939557345e-01 7.185753437517233833e-01 6.822976582889515029e-01 7.009294838786531701e-01 6.451121950258560389e-01 6.788907921072969698e-01 6.692484476421092232e-01 7.641327069719064946e-01 7.565658207284204906e-01 7.359039103317456254e-01 7.725175710355390857e-01 7.930978786928091218e-01 7.720035737590991154e-01 7.874361498813138294e-01 7.345153118180028917e-01 7.798143263844271589e-01 7.872571600539632897e-01 7.846723481746263884e-01 7.819425514992290882e-01 7.474196912009413163e-01 7.785212092758501123e-01 7.358568109623615516e-01 7.627236957395249206e-01 7.617643650064395144e-01 7.467752228393318426e-01 7.411923874499706244e-01 7.381400660166025363e-01 7.840559379505953608e-01 7.781460149855715658e-01 7.878144082542950510e-01 7.855065246464448814e-01 7.743445166707861871e-01 7.556375503162057194e-01 7.825680419428726609e-01 7.590300631013711108e-01 7.558657033675599823e-01 7.773653858841808040e-01 7.457537763890584870e-01 7.440563720591828467e-01 7.084903326401533752e-01 7.254590149140558442e-01 7.424809039250227505e-01 7.283283387904986306e-01 7.334226970620608688e-01 7.726242628243510380e-01 7.644261663916973593e-01 7.791021719810151680e-01 7.574935470197137199e-01 7.717941889629056362e-01 7.539733633512336608e-01 7.539656289760084951e-01 7.676656358155246052e-01 7.517329947368031062e-01 7.577589239804508603e-01 7.754766524044222065e-01 7.693358731550543617e-01 7.554813906018368330e-01 7.912642609486977285e-01 7.866130384365902506e-01 7.705049419636766928e-01 7.798662057383860535e-01 7.931073037109387380e-01 7.754761941664494174e-01 7.906654506140782246e-01 7.888613191087853194e-01 7.872118824396995285e-01 7.758434601104204908e-01 7.664917936054964631e-01 7.843532617609383362e-01 7.909394424835480830e-01 7.904357556867165346e-01 7.806974826845122228e-01 7.797847755116494861e-01 7.941072623168945466e-01 7.724455486678719618e-01 7.696717358824209931e-01 7.828050232650487494e-01 7.811595718660739873e-01 7.796772606441239040e-01 7.917220082106880552e-01 7.883332016119337649e-01 7.893659541642263910e-01 7.877476044862903315e-01 7.876238394192648373e-01 7.689387348571476988e-01 7.719697354390984145e-01
5.107347401387152958e-02 1.425727357852427934e-01 2.607626551892978650e-01 4.705944232554330475e-01 4.579008602391632654e-01 4.322570241481039077e-01 6.732454065733494142e-01 1.000000000000000000e+00 6.771650868619584207e-01 6.215818036604289221e-01 6.815129519935240188e-01 7.325849561451599490e-01 6.634920068790466363e-01 6.557956972722575051e-01 7.593985519938262208e-01 7.808645799646473096e-01 6.456684698709322934e-01 4.368951446418559148e-01 4.989318910807270524e-01 4.534050381717282252e-01 4.965859015818104294e-01 5.393403549874856706e-01 5.529556961729384934e-01 5.052562235463768925e-01 5.109363089471821162e-01 6.512440897915268145e-01 6.569118138657912276e-01 6.961955731025581962e-01 6.107639402638056492e-01 6.360953026840822089e-01 6.879041597197987912e-01 7.214755767466153324e-01 6.822280244350488188e-01 7.167462147697646335e-01 6.617131545945623694e-01 7.010404823496569904e-01 6.860327599469965287e-01 7.445091652553998962e-01 7.430499127864558240e-01 7.172443556549227273e-01 7.449567829971883715e-01 7.519654619685955943e-01 7.525324696229250820e-01 7.564022392992748589e-01 7.329762676400070065e-01 7.471930180620814932e-01 7.474226294081924848e-01 7.420998387740929125e-01 7.514338958735784502e-01 7.504160008724418685e-01 7.623029100944225256e-01 7.220889492518620667e-01 7.497287541239125996e-01 7.341756956626759312e-01 7.324518451169113042e-01 7.075053251079584937e-01 7.355984134967522570e-01 7.425555985736896902e-01 7.425566908186308490e-01 7.475230182744704299e-01 7.588927472176821842e-01 7.416434111008080032e-01 7.434978752410301706e-01 7.553574517208241357e-01 7.374541207989716574e-01 7.458819255513016167e-01 7.470229186121744025e-01 7.129914490570693486e-01 7.256203597193864319e-01 7.126673448074251072e-01 7.080350118299851836e-01 7.193991721741593848e-01 7.041184857909199568e-01 6.965391283507251785e-01 7.428108144802721968e-01 7.354798552266118561e-01 7.405709336020309674e-01 7.148489881025289483e-01 7.335312032572038898e-01 7.242988026096494059e-01 7.245997708047606789e-01 7.354586919036115722e-01 7.264298930671523324e-01 7.342742588300055218e-01 7.556321775948355857e-01 7.456529348497524801e-01 7.329969139636064446e-01 7.548110942742159990e-01 7.479813087680876604e-01 7.296233263075762032e-01 7.485935314959533127e-01 7.493107263192625433e-01 7.481878985550342032e-01 7.482534945192492737e-01 7.454307405953117804e-01 7.462204043886953020e-01 7.598893673762155965e-01 7.572491206838851685e-01 7.578491552147418320e-01 7.625041014387778926e-01 7.589191950750150406e-01 7.535122862652212650e-01 7.487991855487587944e-01 7.538986953562958337e-01 7.457343391435838909e-01 7.484036280753797454e-01 7.506273863250414458e-01 7.439191682491462787e-01 7.437594564001324127e-01 7.469763458303027015e-01 7.467527171984900125e-01 7.497665421788993756e-01 7.481761684728329698e-01 7.539971340042518344e-01 7.398298192789907191e-01 7.416410889811360097e-01
2.508599808258463737e-01 2.361694638986378547e-01 3.795953363210345932e-01 4.714324847917527039e-01 4.157019486711063805e-01 4.809858655456216159e-01 6.556077601850665015e-01 6.771650868619584207e-01 1.000000000000000000e+00 7.544188914079413832e-01 7.964612658993883709e-01 7.861985567453122492e-01 7.262215983366213656e-01 7.314697337794957566e-01 7.921991417709983718e-01 8.192789074670826510e-01 8.121877669235868513e-01 6.286472716807978145e-01 6.936131551855698740e-01 5.726029019029065248e-01 6.253522351077721586e-01 6.972923893748932400e-01 7.533201982477318870e-01 6.949078023236040513e-01 6.862718191644504584e-01 8.307743093607304896e-01 8.091566316570900641e-01 8.177745414562322956e-01 7.768354342212432373e-01 8.109437137421784403e-01 8.181065683514590070e-01 8.568117087906923501e-01 8.203184056390724344e-01 8.359597276473783589e-01 8.106243629966352060e-01 8.219110475015019013e-01 8.124726949282146116e-01 8.402084244708446503e-01 8.447385783981520291e-01 8.232053149601711306e-01 8.531086307174828853e-01 8.312155452586869053e-01 8.213735466432164900e-01 8.348402993499481894e-01 8.383474979979524955e-01 8.312552150210064106e-01 8.354162793178646629e-01 8.429102574696240024e-01 8.387823446258712012e-01 8.262629198789708251e-01 8.478704636350538060e-01 8.057649657874361715e-01 8.232840338061758745e-01 8.596953486391630816e-01 8.614509002199525201e-01 8.613049310464222508e-01 8.575991046162498854e-01 8.410748659809029748e-01 8.472384120535197960e-01 8.445950525002841047e-01 8.466113911927153346e-01 8.427037244542384675e-01 8.455051744217478848e-01 8.500373491888626454e-01 8.516829087069766047e-01 8.547944712483126484e-01 8.529286671276473664e-01 8.512260856733004921e-01 8.608967406309002701e-01 8.304664057039328195e-01 8.184977947369728168e-01 8.473623224940337595e-01 8.380739095621566603e-01 8.266775331326217113e-01 8.598698935894801831e-01 8.556851943322909548e-01 8.485483923802142892e-01 8.463137596364415094e-01 8.521561216938435823e-01 8.525196082909861639e-01 8.522207681755679110e-01 8.490659073861491768e-01 8.584057513961356189e-01 8.509896827199974201e-01 8.437091044707271115e-01 8.499447908611790226e-01 8.442809220038631768e-01 8.466503743737545662e-01 8.444971028404584246e-01 8.535045922132894480e-01 8.434191541168278849e-01 8.399974580012126157e-01 8.454005777912525499e-01 8.383543851679429171e-01 8.302169079234338334e-01 8.387526224671113528e-01 8.308327002201404410e-01 8.436763296334531814e-01 8.398989729219439315e-01 8.419388529176270453e-01 8.304327687423495030e-01 8.454048084962166865e-01 8.349421862346982914e-01 8.327307582462906144e-01 8.424769272443362045e-01 8.454928606108910172e-01 8.436257984218478168e-01 8.474868253569302068e-01 8.474058106974607929e-01 8.363454470658108209e-01 8.383588905358049237e-01 8.403714626595465420e-01 8.383410527414011382e-01 8.381160951753842125e-01 8.480069166369565981e-01 8.419650898151548324e-01
2.033194127615032265e-01 2.451102738786765101e-01 3.284734886594325443e-01 4.292147161657173804e-01 4.000791651252718073e-01 4.506498757350970163e-01 6.394234825768635444e-01 6.215818036604289221e-01 7.544188914079413832e-01 1.000000000000000000e+00 7.222003775084702148e-01 7.398335216980037599e-01 6.769204501627462678e-01 6.920134681784578801e-01 7.572530192071168509e-01 7.624708048829101914e-01 7.263762846440716681e-01 5.546798779634052323e-01 6.234899058091938340e-01 4.971798978262785274e-01 5.677302181779084744e-01 6.280316721916817668e-01 6.921535643046825559e-01 6.204530829765172451e-01 6.294378528507887927e-01 7.843780562791886624e-01 7.501646830145175526e-01 7.669054855720474073e-01 7.267477635909362910e-01 7.609192323823668058e-01 7.543926501498782189e-01 7.800081905975799756e-01 7.485654048040027986e-01 7.549795398861633977e-01 7.548080251242795802e-01 7.405831631352257638e-01 7.378310750620064029e-01 7.797687355410192200e-01 7.789915492143536513e-01 7.731642925028997526e-01 8.018354016234923165e-01 7.852644479628406726e-01 7.800684408071246745e-01 7.852254490775484319e-01 7.752767352121605615e-01 7.764717546050733388e-01 7.815871938216636394e-01 7.927147380197605564e-01 7.829034278680883085e-01 7.475978703353269861e-01 7.903725070264616681e-01 7.251125556707839204e-01 7.684651956208691237e-01 8.087937124285364821e-01 8.056657298661461519e-01 8.117035604697757645e-01 7.960015550827895803e-01 7.927804599365869676e-01 7.993328706023892227e-01 7.999109902100102198e-01 7.968427649647734645e-01 7.948251995798581993e-01 7.892349721448994604e-01 7.960266571105149014e-01 7.911126688462554180e-01 7.988583413820360413e-01 7.944836705973933322e-01 7.890024435025391192e-01 7.976932370792680915e-01 7.650483871345089559e-01 7.599021869241626703e-01 7.830507957583365819e-01 7.703376043257191830e-01 7.681503911818966523e-01 8.086306510203694620e-01 8.023096645317876474e-01 7.968691302134240928e-01 7.906174165756241212e-01 8.028195076882471692e-01 8.041240150861466152e-01 7.945373147399409364e-01 7.931436322383332849e-01 7.972912785693960780e-01 7.958990768445579622e-01 7.790552496775866587e-01 7.836874679495852147e-01 7.780983564994253809e-01 7.915753674126152495e-01 7.878916173872757556e-01 8.036646854497080383e-01 7.914505695647710004e-01 7.894358128732019697e-01 7.876537335067512746e-01 7.877897618911298139e-01 7.797560187938461507e-01 7.883579478100463112e-01 7.742645734200361840e-01 7.760886339103618692e-01 7.857590565158739659e-01 7.858285105153490768e-01 7.803043532521671821e-01 7.851902819567352365e-01 7.787612670093169154e-01 7.808841796120217227e-01 7.770297065850341189e-01 7.878441740302453145e-01 7.901833635113463261e-01 7.978450529010265857e-01 7.976956460882654865e-01 7.868995791607903412e-01 7.874997664830060140e-01 7.910737267956208241e-01 7.877454359595066347e-01 7.842162192141315380e-01 7.880126492866741383e-01 7.875928261850942969e-01
1.417978631265436607e-01 1.571749537656967621e-01 3.837836343450968246e-01 5.410342520656814536e-01 4.262259469811084944e-01 5.197167616415423463e-01 6.802199187771488242e-01 6.815129519935240188e-01 7.964612658993883709e-01 7.222003775084702148e-01 1.000000000000000000e+00 8.535401276661124248e-01 7.496201795780425003e-01 7.693420954846086346e-01 8.219441617949875267e-01 8.358007733807206741e-01 7.885085880819567850e-01 6.395396092852245751e-01 7.067950137715748316e-01 5.898172938829271406e-01 6.657220552979987716e-01 7.310182860905218849e-01 7.628420083937464957e-01 7.078827744878416484e-01 7.143881320592585515e-01 8.242069569741017343e-01 8.247615940101262755e-01 8.357737536224592034e-01 7.493992984218080800e-01 8.270186079971065807e-01 8.528120835778660869e-01 8.603020387299756822e-01 8.226752096450069551e-01 8.458130214900098087e-01 8.219879527373207262e-01 8.520173185726188647e-01 8.487667964918866881e-01 8.462224875769920329e-01 8.670015877331438414e-01 8.506160603097635553e-01 8.739100883596563341e-01 8.606388441762750086e-01 8.657528051332029628e-01 8.760572506927071235e-01 8.793432608321896105e-01 8.640217496347084580e-01 8.661112641712925830e-01 8.702942655126645333e-01 8.630375756527191022e-01 8.379063972062454901e-01 8.645662507341800307e-01 8.514658578667442246e-01 8.700774320194191169e-01 8.682062087145625551e-01 8.725650987438972050e-01 8.747850090927991040e-01 8.653746209367314535e-01 8.705362156076696944e-01 8.643445792960635643e-01 8.763283069489470334e-01 8.737043262294565960e-01 8.618431693405822491e-01 8.584061452160979266e-01 8.701834775120003140e-01 8.768302851829324895e-01 8.853316755929954152e-01 8.769389968430306714e-01 8.782038597030653593e-01 8.811968307548381230e-01 8.619744157296754805e-01 8.649797442506228506e-01 8.812642892878083112e-01 8.671030573236812033e-01 8.653819698635868418e-01 8.854477049288845825e-01 8.830244532666937651e-01 8.762830521809485962e-01 8.573546003842336116e-01 8.761715411321943092e-01 8.735749956628556800e-01 8.781801367421900872e-01 8.817106404865300284e-01 8.821828480326395772e-01 8.719635648162761266e-01 8.728085230362652158e-01 8.769410091037781463e-01 8.816903709453508542e-01 8.764357172886321212e-01 8.762361064607182559e-01 8.813655604090118167e-01 8.792639597399393159e-01 8.743278290889813231e-01 8.829545071067269602e-01 8.744427787031211485e-01 8.650536190897610833e-01 8.690737940730008937e-01 8.669262900008429806e-01 8.691955273530905801e-01 8.739888893971471395e-01 8.742284339085066858e-01 8.717439087803697806e-01 8.733201207182494930e-01 8.726386784500623772e-01 8.700448805978102662e-01 8.776556270002604521e-01 8.705820926372783708e-01 8.705842796072698064e-01 8.734371548113428751e-01 8.762561599834819415e-01 8.684642119982785013e-01 8.699849538552619777e-01 8.728183550228314491e-01 8.706332301135348839e-01 8.705492638425553764e-01 8.791289813894137550e-01 8.759265681238055379e-01
6.759579717986656522e-02 1.109172929958279902e-01 3.546659880533566400e-01 6.299200844830631363e-01 4.430751057662367098e-01 5.488680546463360344e-01 7.185035268289504673e-01 7.325849561451599490e-01 7.861985567453122492e-01 7.398335216980037599e-01 8.535401276661124248e-01 1.000000000000000000e+00 7.843952160768632442e-01 8.007801651226018613e-01 8.678324781813144817e-01 8.770869805830341370e-01 7.950294303169648247e-01 6.096069239480474966e-01 6.803142040948563229e-01 6.275698296796600184e-01 6.829820165162476808e-01 7.205482645196715774e-01 7.425090815357212604e-01 6.957710762600217702e-01 6.920842184096417382e-01 8.110797817309243207e-01 8.343488048897026443e-01 8.485014007811810810e-01 7.338954976826328469e-01 8.202114412619855299e-01 8.618829866718975552e-01 8.785153958907501170e-01 8.401695001677459418e-01 8.754199674509999252e-01 8.329676034755137959e-01 8.848598294088281246e-01 8.711418299303687052e-01 8.830489587949285069e-01 9.003262354345427099e-01 8.809091407895479620e-01 9.078683028120663190e-01 9.053731260088035970e-01 9.147265469650369685e-01 9.232320023175828450e-01 9.140287451197650626e-01 9.013954865043354303e-01 9.091550314465450811e-01 9.089859195700592531e-01 9.065178723781268655e-01 8.851195594332322836e-01 9.051764998444850052e-01 8.987208945683423655e-01 9.219402352233603271e-01 8.939476359391815841e-01 8.966622468090789111e-01 8.864494025845067737e-01 8.943925291712095937e-01 9.086569741134381539e-01 8.979092223623197366e-01 9.146514320872308756e-01 9.164479262392660752e-01 8.966259270006237125e-01 8.925005965951390285e-01 9.072988237898019781e-01 9.096910963602288236e-01 9.233770437237520667e-01 9.124874332135852750e-01 8.994538951196900944e-01 9.064678653890938520e-01 9.070652646091156290e-01 8.974988668172489970e-01 9.027949206916061620e-01 8.908636117760025952e-01 8.912688106001401822e-01 9.133720010883444873e-01 9.131993795589797847e-01 9.093499308069040721e-01 8.767644468834081550e-01 9.052237067941879545e-01 8.980962032489958613e-01 9.026742461435257603e-01 9.109409016610879872e-01 9.090336952432820361e-01 8.991552870691635890e-01 9.135214810779369587e-01 9.139716320880356681e-01 9.172434267738541758e-01 9.146475942623647493e-01 9.142930254359764586e-01 9.075000987852163137e-01 9.153331132993137720e-01 9.163870794547973597e-01 9.214557625971118160e-01 9.160991237042048763e-01 9.110868399144455010e-01 9.102789826730761646e-01 9.164873276885212583e-01 9.141965385324100080e-01 9.195264162231094884e-01 9.178332249753731187e-01 9.210655669473764018e-01 9.143175176142096516e-01 9.222904087899568282e-01 9.171990510572513022e-01 9.217167369907396379e-01 9.092050011436220158e-01 9.142247018258644609e-01 9.095774515081210820e-01 9.113277570378693904e-01 9.101322683134028813e-01 9.112534861426735411e-01 9.156393790216298401e-01 9.127407058064654910e-01 9.136287693728797343e-01 9.158425780386776349e-01 9.185932305214067339e-01
4.082212438587988490e-02 1.404245996645300532e-01 3.064131575400048102e-01 4.665268056606808877e-01 4.445248423681146810e-01 5.020814101201694912e-01 6.931309891590040628e-01 6.634920068790466363e-01 7.262215983366213656e-01 6.769204501627462678e-01 7.496201795780425003e-01 7.843952160768632442e-01 1.000000000000000000e+00 7.268649607993037387e-01 8.161843100256656047e-01 8.062693729688391597e-01 7.197330177843676013e-01 4.941293785190728483e-01 5.786095451031528780e-01 4.601742104138981104e-01 5.270957774923706873e-01 5.983526495828817016e-01 6.413163028286951173e-01 5.805845471252605305e-01 5.989791880617809650e-01 7.290185906023154416e-01 7.156690737023323479e-01 7.504790898741831029e-01 6.785704783027365350e-01 7.306584887372239434e-01 7.648553370028808862e-01 7.904083375395549727e-01 7.468166663893009982e-01 7.785352583570919194e-01 7.309299057550129319e-01 7.657900301640638840e-01 7.598837966775714436e-01 8.003108652051739158e-01 8.084695589722487030e-01 7.790669070056978063e-01 8.287657944972832702e-01 8.315672269660545624e-01 8.218498499467803420e-01 8.291735837894165240e-01 8.035778167053523324e-01 8.198206899548957649e-01 8.407868983905129046e-01 8.427040409693931089e-01 8.408125447175938127e-01 8.020739958647912227e-01 8.286511985121912671e-01 7.960506312699739961e-01 8.194853356392688415e-01 8.269432411877721822e-01 8.186674886666579498e-01 8.084651620381884118e-01 8.207414458714905603e-01 8.356542256613030961e-01 8.304150832029766338e-01 8.438601147531881175e-01 8.452716504927285657e-01 8.316410842588839447e-01 8.230826557787268571e-01 8.387465083521933318e-01 8.298056170053239589e-01 8.331925871419841867e-01 8.452369904306709092e-01 8.131756891368900897e-01 8.196663194549881348e-01 7.872040533258913841e-01 7.944548226145082825e-01 8.185377689007204971e-01 8.002753435220097966e-01 7.983917789607941629e-01 8.377309651522585332e-01 8.321815557690345200e-01 8.347908338091274416e-01 8.190953490189265551e-01 8.301939753172828951e-01 8.301544217293078676e-01 8.297701462860520571e-01 8.333614978043778487e-01 8.273210994041769739e-01 8.297197577829090731e-01 8.368774320059041427e-01 8.384532171852929761e-01 8.306566458656373664e-01 8.421675977628658716e-01 8.444856140524693577e-01 8.338087535334056666e-01 8.367228051872172001e-01 8.460474418855862266e-01 8.404546270992987456e-01 8.436455849741003599e-01 8.480188764162356341e-01 8.480437681226924429e-01 8.309079764626932096e-01 8.388568388013292187e-01 8.460929248079331888e-01 8.446651890256192674e-01 8.433458016135209068e-01 8.435186133778220796e-01 8.421008644417726785e-01 8.470739165724499031e-01 8.408616725633534239e-01 8.388659550301041934e-01 8.472026460391278713e-01 8.441102403634194173e-01 8.422044893743536598e-01 8.455385929001513201e-01 8.417935533462614917e-01 8.475863654341136977e-01 8.446142653959670676e-01 8.460295082335537176e-01 8.410830320707670671e-01 8.424030991160269544e-01
