1.000000000000000000e+00 1.023749476885372073e-01 1.445151412341565134e-01 7.709998427366954350e-03 3.421624741459525915e-02 5.674882563720666517e-02 5.935585558609154933e-02 1.524091407644542241e-02 7.813445657801613986e-02 2.580513425891879653e-02 2.883370627111234499e-02 -3.563735572506810355e-03 -1.966277228694121235e-02 2.888567497221230032e-02 2.002519093138787828e-02 1.404531124312447844e-02 7.482843459258012309e-02 1.233730361435701472e-01 8.063349530567556767e-02 9.304948958767374212e-02 1.380666546275965134e-01 1.150594039095233917e-01 1.367239618175874194e-01 1.111344841023046981e-01 1.193853400576955215e-01 1.237031847542281321e-01 1.014517552970334580e-01 7.982878301858725711e-02 1.020995963113200816e-01 1.223108396054732872e-01 1.004222857394312801e-01 5.503532950506067473e-02 7.453169384787360074e-02 5.526163543725041982e-02 1.039598851793175488e-01 6.025029271648589535e-02 8.016273690030426002e-02 2.828178769132766446e-02 5.581270897604843212e-02 2.694015543586488620e-02 3.392621837947476515e-02 4.096237228333140384e-02 2.620966900403227592e-02 3.168144853578332143e-02 5.104125818981310875e-02 4.680162620473285462e-02 1.977681039525428647e-02 1.868997531008567345e-02 8.274092947939961154e-03 2.429927561075578141e-02 1.559361948229524494e-02 1.788710876534155281e-02 2.023013261996754047e-02 4.614392891358462534e-02 4.795677497784610332e-02 6.044129942352380325e-02 4.061696705743408214e-02 3.217756769198359262e-02 3.514154602299855018e-02 2.402762612983385185e-02 1.703427863017641444e-02 2.711916626453641024e-02 2.534044780442295738e-02 2.158835395030033605e-02 3.683175324918831067e-02 3.266635680746832887e-02 1.892306917166863833e-02 3.398269101073901621e-02 4.355894087849411511e-02 4.224030569450084455e-02 4.111909025442381238e-02 3.935517235883361636e-02 3.992307999852158507e-02 4.881593736196373351e-02 4.025620697513115215e-02 4.322213671627646997e-02 3.816106269241776455e-02 5.375999303929394207e-02 3.241162406561716447e-02 4.560604775733851507e-02 3.930524015157479262e-02 3.725256696153375624e-02 4.200122923229626659e-02 4.300961102950016240e-02 2.532230783514042433e-02 3.003099945240662524e-02 3.118256323352970247e-02 1.939330946230955616e-02 1.782137098797325486e-02 3.701691769166738644e-02 1.773917130110348045e-02 1.326477904791723526e-02 2.133607082115275208e-02 1.999353236957424063e-02 9.882601766809741978e-03 1.440610625210274158e-02 1.047863801584257570e-02 2.278487525691511376e-02 1.922845165869894318e-02 1.907801882956406889e-02 1.108611914557132254e-02 1.869025346345062899e-02 9.778685591742542621e-03 5.705647769104493089e-03 1.505607259321719606e-02 2.584071310511640296e-02 1.626081206495124526e-02 2.859544558914560441e-02 3.267032081281201483e-02 1.699871685187133788e-02 1.733183611580970535e-02 1.058409824973919125e-02 1.432378667199867527e-02 1.498533785774128733e-02 1.471054380246720160e-02 2.166222985862501296e-02
1.023749476885372073e-01 1.000000000000000000e+00 7.767568823047935056e-02 9.467199929867398112e-02 8.537879800492652327e-02 1.492585505591199346e-01 1.754144179869872311e-01 1.369251955511902319e-01 1.920579366508600450e-01 1.810169282669572555e-01 1.716246035905804324e-01 1.531661777157392323e-01 1.517786519575532733e-01 1.564624549781269414e-01 1.573836785920956494e-01 1.702124727830900686e-01 1.682916709599878435e-01 2.131252761255724437e-01 1.820867352200567779e-01 1.250621142762620153e-01 1.864486494474512090e-01 1.915913303213273300e-01 2.356838013014191657e-01 1.875686265598593139e-01 1.932330194206383078e-01 2.193583819795493217e-01 1.937714462962234763e-01 2.057368761832860382e-01 2.290707934875379770e-01 2.167777484208276984e-01 2.061876511454407979e-01 1.807425977741267398e-01 1.911578299946233572e-01 1.651061363564887419e-01 2.013854340735333481e-01 1.677780922704854016e-01 1.751386453770571727e-01 1.700265391186952801e-01 1.856241753903004610e-01 1.669415389331243837e-01 1.782743939670592415e-01 1.807672720735609972e-01 1.739289478445427695e-01 1.735778702384543071e-01 1.734301918902204920e-01 1.827215200408567330e-01 1.686123575363382976e-01 1.715109979602775225e-01 1.583052689404706448e-01 1.546563691182289424e-01 1.644451725589813895e-01 1.583803549472627969e-01 1.604815512848918879e-01 1.870771190668306383e-01 1.844686038091472580e-01 2.012065449705928155e-01 1.766637816332158883e-01 1.884193698932605243e-01 1.739965340134995986e-01 1.769515999840288734e-01 1.682803705705699093e-01 1.816873169308495517e-01 1.759298739044356241e-01 1.714976377518841189e-01 1.713983346051949075e-01 1.771264623284887207e-01 1.655153744315340791e-01 1.712235283104909522e-01 1.804750003223541677e-01 1.664712836633781279e-01 1.755334834423524226e-01 1.748912280356617888e-01 1.730661586197736468e-01 1.779943757683036532e-01 1.777147627107259764e-01 1.847913079251534418e-01 1.869255880887127630e-01 2.017531369946721220e-01 1.769186416205444368e-01 1.841712281477798641e-01 1.784762981488098310e-01 1.809959656425793595e-01 1.807367441427449872e-01 1.793190279638896822e-01 1.674310171254451141e-01 1.608861388199598064e-01 1.689680286506566320e-01 1.703437561613191653e-01 1.697950753556126124e-01 1.850890509782159576e-01 1.664302032864230507e-01 1.689312405623842606e-01 1.663776649254903317e-01 1.690939496680818610e-01 1.609974303367133486e-01 1.665634326200707283e-01 1.564490909257558737e-01 1.572027313561743245e-01 1.689148382441173768e-01 1.649534461526856177e-01 1.658722263538696118e-01 1.675810059076436043e-01 1.589776204494917633e-01 1.651086299508883470e-01 1.588992812210658911e-01 1.693083167093475949e-01 1.662584218953302995e-01 1.758257219098957047e-01 1.803524737460371341e-01 1.715561074970781141e-01 1.673895581019128886e-01 1.651462196190686127e-01 1.671787473989626016e-01 1.640806823047197549e-01 1.639803892657812345e-01 1.669426068616426673e-01
1.445151412341565134e-01 7.767568823047935056e-02 1.000000000000000000e+00 2.708474025439366883e-01 2.210794392669673536e-01 2.099377942777850836e-01 3.206996395139954381e-01 2.739487147809065437e-01 3.148729263105775056e-01 2.916184955451844307e-01 3.335226117538183099e-01 3.254002881228639232e-01 2.909033099698779545e-01 3.002925953457573627e-01 3.273936676531480905e-01 3.083934598012488815e-01 3.297840001767453622e-01 3.368445169987591692e-01 3.370530900616671155e-01 3.281504342125729501e-01 3.474172973049262092e-01 3.668666197042834698e-01 3.492456680330004448e-01 3.387018836314831804e-01 3.527187702839854055e-01 3.628601302341668555e-01 3.583132826444651586e-01 3.604933409947595480e-01 3.514705612763643350e-01 3.716337958088377080e-01 3.672940546137035689e-01 3.366563121751005028e-01 3.264367599274383136e-01 3.305181835477835617e-01 3.458572698676432022e-01 3.257976294308135290e-01 3.396764492503014932e-01 3.186016743133406326e-01 3.356663456342533491e-01 3.334115169096303344e-01 3.375246233952540753e-01 3.369667479171375435e-01 3.343569075036889604e-01 3.406222046862717456e-01 3.492589287865433545e-01 3.390524281692626762e-01 3.298671212583960122e-01 3.292855969752461753e-01 3.247265745452225794e-01 3.248441650530521918e-01 3.319212215332921212e-01 3.274853343320938137e-01 3.273301191837333368e-01 3.358767256563975345e-01 3.357563558909866241e-01 3.454420171162168596e-01 3.346557215432602872e-01 3.344018364096815743e-01 3.344553552706344135e-01 3.382462708977894139e-01 3.328814271725692997e-01 3.314918560923318380e-01 3.318515168298963314e-01 3.298953757498054862e-01 3.383206575424180240e-01 3.376721254313221898e-01 3.311980104945714265e-01 3.428466818964248097e-01 3.430465645969756339e-01 3.507283974114392966e-01 3.522712582168515683e-01 3.484009325245700506e-01 3.368003106536294200e-01 3.495185759238998990e-01 3.475972880334024517e-01 3.444713583390329736e-01 3.450966808366013328e-01 3.463921132369456313e-01 3.450077571556139922e-01 3.475838151528329312e-01 3.271399144456867969e-01 3.407060383152747951e-01 3.381451051425251597e-01 3.428208101466437285e-01 3.320955460564017914e-01 3.347566269462197153e-01 3.320024080534385025e-01 3.313911543913697355e-01 3.314655688674249534e-01 3.357434317234902488e-01 3.355323515436646198e-01 3.284985907796496574e-01 3.380769444231070397e-01 3.338786053000182830e-01 3.255749047687478415e-01 3.278046671740449391e-01 3.228226378420072651e-01 3.256451134894539634e-01 3.309557994180421514e-01 3.299066425314464701e-01 3.306522729817224504e-01 3.278513382206797444e-01 3.281850476614484036e-01 3.278536320748642319e-01 3.284825353670048353e-01 3.270078547590483664e-01 3.284629814473047915e-01 3.307639058693948031e-01 3.334214773047666225e-01 3.273658721480838252e-01 3.261992255736368973e-01 3.265587509282364409e-01 3.266990118099751261e-01 3.239624448804629409e-01 3.274395242233629766e-01 3.307481114775515096e-01
7.709998427366954350e-03 9.467199929867398112e-02 2.708474025439366883e-01 1.000000000000000000e+00 3.327114544486558523e-01 3.587979853909016859e-01 5.647742659982445401e-01 5.427876527317168076e-01 5.044709358080284867e-01 4.682783285312714927e-01 5.649726526600215015e-01 6.337308320422524455e-01 5.471333198674610543e-01 5.336223819941088298e-01 5.991318118034907325e-01 5.910259882002451004e-01 5.267820556838930246e-01 4.630293758479052113e-01 4.908601432223625993e-01 4.620604740636326535e-01 4.589339248727635767e-01 4.713224733971659308e-01 4.497231813628779773e-01 4.638978331119426590e-01 4.341949037927393951e-01 4.817321637544614843e-01 5.162850302232186994e-01 5.318950210609155738e-01 4.831067110916709151e-01 5.020279836549162988e-01 5.306444496688264012e-01 5.539781501273098874e-01 5.214652209987098441e-01 5.515763960945445632e-01 4.999299762030618433e-01 5.620465031071364415e-01 5.347498751516631676e-01 5.685898121364239000e-01 5.670589042344126307e-01 5.891314530138471728e-01 5.791496123036304899e-01 5.895305756277360310e-01 6.096930414576859913e-01 6.005145824411519673e-01 5.909974555361175996e-01 5.685655542169633092e-01 5.886900473882205054e-01 5.842403916514785633e-01 5.916341760462497934e-01 5.958939434249632683e-01 6.007946150822432996e-01 6.093240736555376458e-01 6.084242644989633630e-01 5.690682767766930272e-01 5.626530931976465588e-01 5.519316389280084501e-01 5.904026861956204186e-01 5.878424752285398291e-01 5.800050795095101908e-01 5.910384951647486007e-01 6.042458456503662090e-01 5.892174090552624310e-01 5.873605220517251757e-01 5.870223797927370812e-01 5.825456392761314550e-01 5.909061806470022882e-01 5.886686503178774066e-01 5.851020965574401655e-01 5.765667853502367546e-01 5.981634507338486895e-01 5.860399674121574698e-01 5.807097506994289837e-01 5.751153059981460869e-01 5.705744710535388675e-01 5.855032802338440145e-01 5.773617340628394157e-01 5.807363659850842685e-01 5.523408533176424884e-01 5.826312676150925407e-01 5.712282695832840984e-01 5.725951572058087802e-01 5.735847739935773237e-01 5.770811839146747779e-01 5.654512673667603240e-01 5.881262978876736769e-01 5.870323731958964064e-01 5.816112229686798418e-01 5.962119580508867811e-01 5.869841193929338230e-01 5.787132352970160154e-01 5.997904140778762550e-01 5.964450684857161011e-01 5.977859615247896885e-01 5.986672936650400123e-01 5.926497600573271685e-01 5.892287080324298820e-01 6.195166424117986015e-01 6.032331623482156679e-01 6.049102623169865245e-01 5.976415888726774872e-01 6.118572476095893720e-01 5.957504147910995806e-01 6.089322587349516036e-01 6.088157456433920256e-01 6.032856003738344963e-01 5.972114613667989236e-01 5.925893113838547333e-01 5.779993413606228092e-01 5.766508474786627980e-01 5.931806249560659383e-01 5.907773739337944807e-01 5.955322427445719491e-01 5.977994041210368259e-01 5.977925730298713214e-01 5.931473611335813523e-01 5.956903129604562697e-01
3.421624741459525915e-02 8.537879800492652327e-02 2.210794392669673536e-01 3.327114544486558523e-01 1.000000000000000000e+00 3.140168215026613030e-01 4.769101487265432482e-01 4.553835445990990216e-01 4.646438896229089233e-01 4.291571144191849152e-01 4.801089585646124980e-01 4.906200165901034027e-01 4.667233982114175062e-01 4.497286582138651512e-01 5.038885931189658329e-01 5.078986037664571240e-01 4.625273822068750040e-01 4.189173845634565629e-01 4.408112924430832580e-01 3.562323004933466430e-01 4.010115310069805039e-01 4.456013137510628774e-01 4.394755003202446275e-01 4.277804396603156478e-01 4.224022806424022614e-01 4.661521717126985154e-01 4.810954214437097587e-01 4.937041289932392329e-01 4.673966833721650560e-01 4.708550605875764239e-01 4.875241905580411927e-01 4.958421303201570596e-01 4.811915304804972315e-01 4.916894786766229375e-01 4.785477658382788491e-01 4.836041683419771142e-01 4.873228218663764877e-01 5.083834699002650614e-01 5.060792765386949998e-01 5.003904213540281143e-01 5.048735982201911776e-01 5.196806503337600969e-01 5.074519090865297066e-01 5.237180681362487711e-01 5.014803261639146914e-01 5.036422860185555406e-01 5.152075446076179732e-01 5.170068580569281425e-01 5.170074773486695863e-01 5.171554006916848634e-01 5.168792986253590849e-01 5.096775066952003996e-01 5.004669430154264909e-01 5.111671103879473765e-01 5.097030721368569495e-01 5.057815261353952874e-01 5.106726579180612680e-01 5.216208785798448488e-01 5.173413105445536786e-01 5.176781764569209354e-01 5.195768308152997061e-01 5.151407175422816342e-01 5.138230203379059446e-01 5.127175862717965327e-01 5.079753492213655575e-01 5.132351241383606988e-01 5.133682899712633807e-01 5.125685474562636790e-01 5.123540786867714081e-01 5.041713883436999000e-01 5.167956383464894499e-01 5.097866304310506580e-01 5.049700709354383310e-01 5.061446268898011080e-01 5.171675038568869232e-01 5.150613587834494966e-01 5.170313331916572830e-01 5.077536779987027460e-01 5.118965822232385277e-01 5.115959953276301153e-01 5.098471333249755544e-01 5.140881214496897389e-01 5.097937933794298715e-01 5.117170448039535247e-01 5.148916561136492875e-01 5.117910126049224351e-01 5.098322387733962291e-01 5.182924646814582870e-01 5.150451687620315466e-01 5.120713785293582454e-01 5.149930303987945157e-01 5.181807604209965890e-01 5.151728697085568021e-01 5.156085116151067904e-01 5.157156687535342510e-01 5.166999084511778584e-01 5.132254322735150254e-01 5.144992820793944377e-01 5.175837743625787413e-01 5.161886599993708025e-01 5.164062492470101740e-01 5.186862209330042051e-01 5.160165920289588870e-01 5.167675420532173991e-01 5.131329874173187200e-01 5.148358764486022920e-01 5.163634001326214973e-01 5.125747873352124451e-01 5.156955669279890131e-01 5.180284132419448184e-01 5.143943289866266255e-01 5.157571319698289747e-01 5.150691160640197275e-01 5.150064747915558128e-01 5.127453455530586179e-01 5.114809488370558599e-01
5.674882563720666517e-02 1.492585505591199346e-01 2.099377942777850836e-01 3.587979853909016859e-01 3.140168215026613030e-01 1.000000000000000000e+00 5.583024456922733858e-01 5.043461101721754547e-01 5.577873127195829284e-01 5.113476540924206670e-01 5.395554780144619089e-01 5.688698828102900507e-01 5.240454191476092705e-01 5.473972811123066773e-01 5.842794110196189994e-01 5.729530157670276180e-01 5.598360899958724213e-01 4.790803766969510269e-01 5.223181188833495581e-01 4.284402485489318124e-01 4.727161906536859748e-01 5.213019709189546935e-01 5.132068793659034789e-01 5.073310214700975651e-01 4.947865944945555317e-01 5.480105107802862863e-01 5.514970969341094209e-01 5.657058040619132866e-01 5.351145078290229229e-01 5.603478507819285026e-01 5.757762406975241998e-01 5.799906016569621459e-01 5.634217725912785690e-01 5.717526120701748038e-01 5.534910356144605581e-01 5.794549050824049363e-01 5.792490485896404362e-01 5.783059177294193054e-01 6.019563965525313032e-01 5.916973768073295892e-01 5.970032400230722569e-01 5.952088413766477570e-01 5.918150045451253671e-01 5.987083301640483413e-01 5.998048157518932610e-01 5.962502171153999386e-01 5.993405880760633853e-01 5.980098448768642605e-01 5.979939282630609698e-01 5.886786242584569617e-01 5.857122335742122043e-01 5.933955387312138674e-01 5.846661534804064031e-01 5.994125975466871870e-01 5.974976417701426401e-01 5.965286557895724817e-01 5.982404828950322884e-01 5.924359361828526183e-01 5.961819958276525222e-01 6.006887783604287767e-01 6.002104657283378053e-01 6.003684932389539153e-01 6.018404652111087882e-01 5.920344325452644441e-01 5.955368140411092526e-01 5.984070628834866623e-01 6.003540307706022316e-01 5.974563998509213603e-01 6.008069662804755851e-01 5.927966258301639035e-01 5.926054018248545496e-01 6.010645258339801789e-01 5.936640740861600651e-01 5.947362508590968710e-01 6.061731171120506856e-01 5.994296474719427170e-01 6.006088483955541735e-01 5.825173336344776631e-01 5.964560332348297633e-01 5.978035551725604524e-01 5.998335264227341312e-01 6.019545458982963337e-01 6.050956120723178788e-01 6.001906071087349526e-01 5.974878574267065146e-01 6.035916640083008877e-01 6.053532548290120330e-01 6.029601783315839958e-01 6.000362042789703088e-01 6.037882650388662897e-01 6.049537630166478275e-01 6.012438902339590774e-01 6.067747070102916807e-01 6.037587549163858647e-01 6.000133688534265985e-01 6.020415992090336621e-01 5.966000899418778536e-01 5.949603561868423984e-01 5.983840449390728233e-01 5.996579728562909661e-01 6.016729519089782929e-01 6.005844138632431273e-01 5.988642309391041252e-01 5.986099332595111733e-01 6.021236579917231824e-01 5.998540393601411447e-01 6.006617048996832908e-01 6.037218802958567165e-01 6.032753198023905750e-01 6.004957769438001858e-01 5.998327416664021028e-01 5.998476515560238198e-01 6.000249758089555296e-01 5.999143800537422022e-01 5.994719545278236472e-01 6.016976553071538003e-01
5.935585558609154933e-02 1.754144179869872311e-01 3.206996395139954381e-01 5.647742659982445401e-01 4.769101487265432482e-01 5.583024456922733858e-01 1.000000000000000000e+00 7.278158774594003511e-01 7.624039351504663387e-01 7.097450891416524632e-01 7.665963168675076211e-01 8.148704006638937125e-01 7.557686831691169393e-01 7.649005791826168910e-01 8.484748199228985266e-01 8.294777177248338074e-01 7.665988288151318608e-01 7.078063381876518179e-01 7.511908892737685361e-01 6.195918546582160902e-01 6.829660035740119373e-01 7.522864595129304943e-01 7.493786007717989639e-01 7.445761321132879917e-01 7.207159804987215423e-01 7.884007803275649984e-01 7.985077925653950581e-01 8.199388850420923358e-01 7.733236634098643592e-01 7.952535934140516627e-01 8.179772015914297256e-01 8.337120811548756061e-01 8.148378662017728979e-01 8.264972819219967848e-01 7.979032146959478267e-01 8.287295777092892335e-01 8.222720934996615716e-01 8.282437620636693421e-01 8.445176034819312783e-01 8.399094309603876152e-01 8.431976582543255772e-01 8.498624597409065728e-01 8.515386532493368632e-01 8.562874305042244005e-01 8.485409191385389072e-01 8.412880410941908638e-01 8.414291852937687555e-01 8.390215504514230149e-01 8.377238088950457184e-01 8.376707443423528909e-01 8.412937129418881499e-01 8.325372067000984533e-01 8.326448465402085386e-01 8.369034117130009776e-01 8.329558117106798942e-01 8.369211143641241968e-01 8.372401685813091188e-01 8.456670230896620177e-01 8.393571132323608408e-01 8.432233107323126031e-01 8.416739870680661761e-01 8.435620222295573400e-01 8.403408069364988187e-01 8.365670534319766816e-01 8.384874034011597921e-01 8.406978594282632500e-01 8.429965007885404926e-01 8.479764369030436955e-01 8.484021116443662969e-01 8.354837391312966988e-01 8.434239596449331078e-01 8.489689861184528397e-01 8.468211721593826846e-01 8.426407811357549127e-01 8.535413795814935645e-01 8.514740062378944874e-01 8.522895319382307600e-01 8.367204168976940526e-01 8.459004525865047031e-01 8.440805206779126157e-01 8.482570949359419243e-01 8.473039480161527193e-01 8.527885330477728010e-01 8.479164646943619932e-01 8.486039598766511594e-01 8.506689738057630068e-01 8.509305822793712393e-01 8.553117707966809702e-01 8.506450151154946182e-01 8.508008916601973448e-01 8.555764369069406294e-01 8.517930566888824995e-01 8.519539111064722281e-01 8.523508821584527828e-01 8.438637413745221361e-01 8.442253509589661142e-01 8.498879450568229688e-01 8.418431676575383049e-01 8.486807935301813322e-01 8.496819283968294334e-01 8.558417595955650770e-01 8.478785040237987181e-01 8.448111185413325064e-01 8.506798354828142283e-01 8.496424336240891995e-01 8.457115567879579521e-01 8.434293723496492090e-01 8.471034102279317857e-01 8.479200881305937187e-01 8.479663817275259197e-01 8.452625195552239123e-01 8.448201569056733584e-01 8.464445417035657560e-01 8.452547966001948687e-01 8.428043902213006033e-01 8.442236091849204538e-01
1.524091407644542241e-02 1.369251955511902319e-01 2.739487147809065437e-01 5.427876527317168076e-01 4.553835445990990216e-01 5.043461101721754547e-01 7.278158774594003511e-01 1.000000000000000000e+00 7.172889040190363330e-01 6.691197278113435454e-01 7.356762585313393332e-01 7.928599081785276947e-01 7.421765912342290772e-01 7.285156398411591905e-01 7.961424264501204551e-01 7.948678606067544061e-01 7.159187514996194768e-01 6.203935472626892489e-01 6.742578450898634168e-01 5.510130180272609923e-01 5.905514228462440673e-01 6.567303904059977882e-01 6.737972206761287941e-01 6.378848807378395547e-01 6.187139343176366602e-01 7.031575175236673969e-01 7.162771887497281220e-01 7.463321385353741677e-01 6.942528993296374074e-01 7.069881905246013787e-01 7.410709757734349479e-01 7.781887323216164498e-01 7.471841761402130411e-01 7.697881575884149008e-01 7.231722548339886147e-01 7.632445490227574014e-01 7.504240519162349576e-01 7.909553712384999047e-01 7.903501806592868606e-01 7.916408346869294732e-01 7.883571758905345561e-01 7.974048042750795373e-01 8.006611676774452180e-01 8.047813701707795531e-01 7.868115595004934182e-01 7.858951425864620921e-01 8.024215418378161102e-01 8.000171273835366970e-01 8.060469387773556704e-01 8.006317380913589021e-01 8.082781032629327012e-01 7.949996110527107751e-01 7.877420744545021725e-01 7.925722597360669308e-01 7.898196284170441173e-01 7.840276919943424128e-01 7.948510460534398137e-01 8.032479595822394902e-01 8.037051778006555347e-01 8.041226599464920133e-01 8.052319235173959200e-01 8.049500902782085188e-01 8.023687412955545772e-01 7.987718661809984910e-01 7.915553371168937424e-01 7.995540792166389021e-01 8.023654281096713747e-01 7.943495382115407510e-01 7.989594324524947888e-01 7.860625100116788166e-01 7.895726527605771983e-01 7.890996890618379167e-01 7.899145288068645243e-01 7.794144294281190044e-01 8.017690393621726974e-01 7.923963445047362830e-01 7.947508536939544843e-01 7.754445439567820841e-01 7.934615991196511953e-01 7.904008635250736603e-01 7.917526295513572787e-01 7.959634527872089249e-01 7.972361134460839160e-01 7.910463449009330628e-01 8.021714019104635440e-01 8.002768321525178807e-01 7.977915105328853285e-01 8.089099407078593762e-01 8.046066297405679579e-01 8.012994496986226567e-01 8.067700049633937942e-01 8.091682565956984652e-01 8.052209240552039571e-01 8.084791535347010116e-01 8.067493317237754979e-01 8.068700940076144468e-01 8.115850637024103476e-01 7.999157893360884231e-01 8.082865807881653986e-01 8.092526124049475023e-01 8.122977427888221635e-01 8.044880474136367754e-01 8.051685978974270075e-01 8.122599715052752911e-01 8.056035833492443121e-01 8.012687764003034729e-01 8.061002840846511752e-01 8.015982019685505833e-01 8.032247990068314136e-01 8.101304409303903276e-01 8.063883867369190384e-01 8.079888427621283453e-01 8.085207942864147679e-01 8.063207989297509481e-01 8.028215857022616975e-01 8.026352501400000339e-01
7.813445657801613986e-02 1.920579366508600450e-01 3.148729263105775056e-01 5.044709358080284867e-01 4.646438896229089233e-01 5.577873127195829284e-01 7.624039351504663387e-01 7.172889040190363330e-01 1.000000000000000000e+00 7.684961292974423763e-01 8.178803543882676719e-01 8.215793854771030746e-01 7.810067465985879309e-01 7.859098071706646094e-01 8.568113487700146358e-01 8.441666942314424160e-01 8.111604662869307258e-01 7.399958015836268777e-01 7.680069490928183029e-01 6.235671772514940203e-01 7.080333517389723053e-01 7.768377493135011358e-01 7.885194190335537145e-01 7.611257356428954290e-01 7.441041416083771232e-01 8.260669471813401055e-01 8.407374464837928940e-01 8.530549192890087840e-01 8.240016721036713676e-01 8.393861217268997477e-01 8.596144434347696706e-01 8.656164271315531789e-01 8.440972110233299075e-01 8.482450808235643125e-01 8.414861194826916968e-01 8.436611412232449814e-01 8.515823859725386580e-01 8.635965816680382101e-01 8.766825634976830317e-01 8.550015935050022664e-01 8.766591505750964686e-01 8.731268153564301082e-01 8.531829862837010392e-01 8.737444787404086144e-01 8.689893388725761225e-01 8.734499590146754811e-01 8.822393646178238180e-01 8.835662683647618199e-01 8.759270281915271239e-01 8.632218639772371027e-01 8.703858917467539591e-01 8.552191596989417999e-01 8.539274638970574260e-01 8.859578132309164911e-01 8.831848458419266912e-01 8.856237308760105398e-01 8.819244522484341875e-01 8.830106592990447645e-01 8.831363056820186186e-01 8.838256343848847063e-01 8.785134032826291683e-01 8.844984352864914134e-01 8.829346420163250997e-01 8.792091655531401040e-01 8.767287602419329140e-01 8.845853377535157769e-01 8.819786576088733954e-01 8.832415686973917879e-01 8.836802065273534623e-01 8.669273194339485178e-01 8.778290262455423765e-01 8.831836440793691123e-01 8.794249775294189497e-01 8.769145259697553874e-01 8.868486457115498656e-01 8.870558546807505440e-01 8.851605394117396663e-01 8.821068429874120431e-01 8.809047036142102494e-01 8.912626994627100840e-01 8.867783707646409441e-01 8.901070800488848356e-01 8.808540467884500291e-01 8.881644377777954125e-01 8.775695408101360506e-01 8.804472159082941118e-01 8.831815532631422938e-01 8.829127624651630368e-01 8.837041475479644470e-01 8.821872796714466114e-01 8.789171423586538134e-01 8.827061927721533419e-01 8.831404429958840119e-01 8.829520795411699430e-01 8.821634632911032892e-01 8.837756499224799223e-01 8.697858816754039379e-01 8.753680365441942612e-01 8.787632658939270591e-01 8.812944314229990139e-01 8.763675783461365443e-01 8.818190395121638936e-01 8.751148340010747040e-01 8.787089765994329227e-01 8.774118378653433803e-01 8.804359077040547765e-01 8.830816995232237954e-01 8.877590422086947264e-01 8.873664162091849938e-01 8.841708755624851923e-01 8.825075992983377748e-01 8.833729957258755761e-01 8.815600833661015878e-01 8.815305155534081116e-01 8.809760573159751695e-01 8.825103756669185895e-01
2.580513425891879653e-02 1.810169282669572555e-01 2.916184955451844307e-01 4.682783285312714927e-01 4.291571144191849152e-01 5.113476540924206670e-01 7.097450891416524632e-01 6.691197278113435454e-01 7.684961292974423763e-01 1.000000000000000000e+00 7.618002337331560847e-01 7.774263042143035873e-01 7.458060542134404836e-01 7.344153536656088388e-01 8.064510458373528312e-01 7.974742757986972297e-01 7.571362048793772725e-01 6.694808058960060038e-01 7.109534218462251198e-01 5.504339221212524169e-01 6.219775589820101258e-01 7.166946247826099237e-01 7.354438618915347670e-01 6.960928572270523862e-01 6.898892180304067034e-01 7.678211098839866633e-01 7.766221905971139039e-01 7.875767780534743689e-01 7.659062075626504873e-01 7.745571722570244733e-01 7.933017835835169951e-01 8.145376624800138021e-01 7.835918150372611635e-01 7.875948409549972107e-01 7.762066841900966407e-01 7.807765602029650420e-01 7.991801603093046102e-01 8.013959520862001806e-01 8.177781847568964535e-01 8.071810622853727857e-01 8.239036175003364715e-01 8.176252790752081001e-01 7.975604953610797576e-01 8.165744249571621483e-01 8.126223534762264666e-01 8.166865936559143391e-01 8.298025032606618501e-01 8.323488653060606701e-01 8.245914775856215684e-01 8.041172212949010412e-01 8.121365871377002055e-01 8.026907079051662786e-01 8.039517140299692333e-01 8.325550226677935761e-01 8.279408140534577631e-01 8.305512444366628388e-01 8.274575777998738335e-01 8.283725749176691355e-01 8.318939875412033613e-01 8.312295076788068782e-01 8.258286867119619679e-01 8.317831809731999204e-01 8.291880331681017458e-01 8.273812842947985136e-01 8.244162561829668778e-01 8.293978930900848257e-01 8.315123191271827086e-01 8.272266382768715953e-01 8.293245747681642355e-01 8.045169618694861802e-01 8.222437508069349033e-01 8.268065019328487697e-01 8.225962171360963193e-01 8.198985413136412603e-01 8.286610477310334399e-01 8.275650738777388105e-01 8.294991081970233271e-01 8.252710869201431709e-01 8.266790904517321570e-01 8.308475809625719410e-01 8.265974690340734954e-01 8.332960757413185870e-01 8.294807856888618547e-01 8.306705973974363166e-01 8.198363836396586057e-01 8.239972344738214494e-01 8.283102760264111630e-01 8.272605210860820568e-01 8.321765169200783241e-01 8.303655510603764611e-01 8.241575660356642574e-01 8.288012291174708945e-01 8.287309916576461877e-01 8.293483252280832163e-01 8.299632604439078909e-01 8.318551017930971847e-01 8.142465184627150077e-01 8.193130485227649862e-01 8.261444694437042324e-01 8.265779293337749412e-01 8.244972122370937129e-01 8.283309976848980405e-01 8.219975882415090362e-01 8.254912373523233260e-01 8.243301934048501423e-01 8.275809411599899246e-01 8.298694646371747030e-01 8.330800242430542735e-01 8.341643883569271889e-01 8.316722091420941654e-01 8.295426298580317326e-01 8.299372281078014613e-01 8.296524901493814719e-01 8.274336753132200961e-01 8.268350946816059865e-01 8.282529274591866608e-01
2.883370627111234499e-02 1.716246035905804324e-01 3.335226117538183099e-01 5.649726526600215015e-01 4.801089585646124980e-01 5.395554780144619089e-01 7.665963168675076211e-01 7.356762585313393332e-01 8.178803543882676719e-01 7.618002337331560847e-01 1.000000000000000000e+00 8.679703717530278251e-01 8.096494462081135213e-01 8.093493496209155369e-01 8.796313547558400892e-01 8.653305391949509540e-01 8.072721473396753389e-01 7.174422798943359547e-01 7.584377242406385999e-01 6.313767512487021838e-01 6.884160136033949939e-01 7.629807801863347505e-01 7.583080994381079520e-01 7.405084227343228243e-01 7.245637477253904501e-01 8.043638079816637365e-01 8.367832067370176707e-01 8.415661614975851190e-01 8.045546020453686609e-01 8.272493312515710739e-01 8.402471967506386363e-01 8.653085071131940698e-01 8.305746224445231807e-01 8.442571731837107407e-01 8.234463831441420911e-01 8.482187763956438031e-01 8.452664787839612170e-01 8.681120343292767494e-01 8.774996200876234997e-01 8.637193810035749264e-01 8.885668692163871674e-01 8.842666131520459105e-01 8.696035329735100072e-01 8.861712810534528861e-01 8.808086672003105910e-01 8.784913769995833510e-01 8.974620914529125582e-01 9.003558000480459400e-01 8.954380536661736834e-01 8.755016672142630352e-01 8.847436823270234951e-01 8.761018003729922343e-01 8.801242167487853818e-01 8.961211319896513761e-01 8.884193680836218743e-01 8.839920568613057750e-01 8.940203835346404171e-01 8.938880318069082342e-01 8.951135538380347034e-01 8.998493906205993209e-01 8.992206460232600174e-01 8.977480833561702900e-01 8.971566397957337902e-01 8.958421837833280277e-01 8.953605331977797510e-01 8.992830949335213209e-01 9.003204505073256758e-01 8.978115095522957168e-01 8.945926522640542666e-01 8.857781113766478587e-01 8.896713845613357652e-01 8.940645491191415717e-01 8.863601964333748251e-01 8.842360565237422643e-01 8.964810656228511254e-01 8.971770711194212433e-01 8.951395400338274522e-01 8.841772733931319017e-01 8.915699859559325091e-01 8.974673016386494062e-01 8.935864687440496779e-01 9.002656690447922161e-01 8.914326026618746290e-01 8.942501166022042147e-01 8.923949105565504025e-01 8.930378540378030028e-01 8.929798385501247493e-01 8.988424458030779274e-01 8.987278508401952415e-01 8.935220875682760022e-01 8.960524440968418158e-01 9.016848017603257270e-01 8.996907098819575399e-01 8.998942099923632476e-01 9.016073404989087825e-01 9.025409021694361655e-01 8.942248968827636313e-01 8.972738877332342433e-01 9.015630654696420443e-01 8.984951295089079748e-01 8.974584636029278029e-01 8.993762318824708446e-01 8.979462195947037761e-01 9.004344717778332008e-01 8.980621646838310435e-01 8.986595189005661677e-01 9.028779628829340931e-01 9.005294897360525130e-01 8.996323680225941644e-01 9.029688137931928260e-01 8.999653964456147959e-01 9.040382048941837390e-01 9.011313723615950178e-01 9.018062036062419740e-01 9.019724311224527336e-01 9.019301952276975731e-01
-3.563735572506810355e-03 1.531661777157392323e-01 3.254002881228639232e-01 6.337308320422524455e-01 4.906200165901034027e-01 5.688698828102900507e-01 8.148704006638937125e-01 7.928599081785276947e-01 8.215793854771030746e-01 7.774263042143035873e-01 8.679703717530278251e-01 1.000000000000000000e+00 8.389782321663458164e-01 8.331354411661252568e-01 9.204782749476995152e-01 9.080798208861156073e-01 8.252245606481140028e-01 7.395244077550418016e-01 7.764556253346986958e-01 6.611877653800275478e-01 7.050870066739814979e-01 7.662076635718034767e-01 7.691389734569215042e-01 7.580963682503042422e-01 7.248553514618040206e-01 8.095235999062369014e-01 8.398229563824862742e-01 8.636218799974223481e-01 8.141981351134919276e-01 8.284411629100387753e-01 8.611103790894233390e-01 9.008943874667242335e-01 8.656237434493982974e-01 8.848663815294639523e-01 8.385588511921974186e-01 8.833772727471703723e-01 8.707686496980933111e-01 9.117436351643833925e-01 9.118728804352417283e-01 9.149555642018495361e-01 9.166022126620232413e-01 9.234185329737575332e-01 9.227929351147989845e-01 9.295508813433507322e-01 9.171362971871507286e-01 9.108782965794745001e-01 9.319328003484331768e-01 9.286850099707378847e-01 9.331177439876633395e-01 9.251920718611328365e-01 9.339792735960184000e-01 9.220174381241089678e-01 9.246002972394498087e-01 9.168006201339057304e-01 9.111263106148876911e-01 9.015625097538576549e-01 9.246346669737951496e-01 9.260678022408399546e-01 9.258501596218502439e-01 9.308008518270169951e-01 9.359857487767637707e-01 9.316803177272882097e-01 9.281775393361249016e-01 9.298061708130662684e-01 9.220268854493464117e-01 9.279792278419126683e-01 9.317124986245649554e-01 9.266748420369979033e-01 9.247843646812689000e-01 9.194510329211018629e-01 9.209698195488587036e-01 9.212845265178342125e-01 9.184050543003861033e-01 9.103469145944600438e-01 9.263751462414732130e-01 9.209819969942152351e-01 9.218408156919721819e-01 9.037126142081651770e-01 9.250524412312152167e-01 9.207902675185326569e-01 9.202217009578186335e-01 9.259952991461669614e-01 9.230690401639116693e-01 9.182067147256365303e-01 9.304783235423785825e-01 9.293498975246415883e-01 9.277370722279224546e-01 9.377054880867806697e-01 9.346018365302009023e-01 9.236592039126861886e-01 9.343257274330573070e-01 9.363779376906844476e-01 9.372545826852555217e-01 9.385287931105452675e-01 9.372054306321911943e-01 9.354530607674867992e-01 9.406764594837941917e-01 9.332412683987065805e-01 9.374332131045166605e-01 9.384783060576843416e-01 9.420996276347617382e-01 9.356248533202137230e-01 9.374763921980607817e-01 9.426363483006983124e-01 9.371968283154272772e-01 9.297386715942214108e-01 9.352908757997318023e-01 9.283240763730777889e-01 9.256689549331240663e-01 9.374289644800950505e-01 9.339157700307533228e-01 9.373218756114887196e-01 9.375315431314958925e-01 9.377423983520933870e-01 9.347151842781092901e-01 9.331399216412999964e-01
-1.966277228694121235e-02 1.517786519575532733e-01 2.909033099698779545e-01 5.471333198674610543e-01 4.667233982114175062e-01 5.240454191476092705e-01 7.557686831691169393e-01 7.421765912342290772e-01 7.810067465985879309e-01 7.458060542134404836e-01 8.096494462081135213e-01 8.389782321663458164e-01 1.000000000000000000e+00 7.861450018024530584e-01 8.660732813036545741e-01 8.536747961307158405e-01 7.799225976128272286e-01 6.858335655753090565e-01 7.259765700142992717e-01 5.946407833596176751e-01 6.397689809903127633e-01 7.189252086466196845e-01 7.294629927173759132e-01 7.045336130481717474e-01 6.782372288877384081e-01 7.647948111685654027e-01 7.872086570074893208e-01 8.053783584661413641e-01 7.634409322802758746e-01 7.727671659705896978e-01 8.066893747118495384e-01 8.432370047159755133e-01 8.097120998821786264e-01 8.266946182864810533e-01 7.881955248014212989e-01 8.243651231237049126e-01 8.185476989850036800e-01 8.495314161900963112e-01 8.551583277173101516e-01 8.472990196908946059e-01 8.643046443824959901e-01 8.612964017712058107e-01 8.505591081503274253e-01 8.674728593953489053e-01 8.540054945286637000e-01 8.507743416492741240e-01 8.780628786419755194e-01 8.781058364825693463e-01 8.763097862639271929e-01 8.601943613746387829e-01 8.685544318699711663e-01 8.582420666966699141e-01 8.574269266606100448e-01 8.695001915414771743e-01 8.607772407955236460e-01 8.584810674153372512e-01 8.680773186524026741e-01 8.720700748233154442e-01 8.716677039588941467e-01 8.791424551656341624e-01 8.774546752636223079e-01 8.768920071375019276e-01 8.721085742397122198e-01 8.751307148737559327e-01 8.706221241125207122e-01 8.729544404795889223e-01 8.809994082408206806e-01 8.719461021116812205e-01 8.714288615284567774e-01 8.572548550377697696e-01 8.622776555645705887e-01 8.660071759460281626e-01 8.632616242183033251e-01 8.545747136674960442e-01 8.705696519404675371e-01 8.678098525606098290e-01 8.682222652273744457e-01 8.546906877889848264e-01 8.686967070537831015e-01 8.685335770635836949e-01 8.663494930770511138e-01 8.708430240727380589e-01 8.668439902853397605e-01 8.661200952042459322e-01 8.718407114729189722e-01 8.726127631744664548e-01 8.719126635442930873e-01 8.786838038204254353e-01 8.795491792382412743e-01 8.724719864679101322e-01 8.754191708974941033e-01 8.809669903634447241e-01 8.785082926516725177e-01 8.806404558777375380e-01 8.841433878222485498e-01 8.831646869084477380e-01 8.753606355502751013e-01 8.728912436358395865e-01 8.788919024313437411e-01 8.793680476031799920e-01 8.803110032460836898e-01 8.791776469630667723e-01 8.796372913080097167e-01 8.827857469016084924e-01 8.776981768186375987e-01 8.749841385534135041e-01 8.821703572225702006e-01 8.789879420972169788e-01 8.770943139196175631e-01 8.831909317117194735e-01 8.805273428761144494e-01 8.838844135102147392e-01 8.820547391995193776e-01 8.811365224620200109e-01 8.794499222086460399e-01 8.797710494803961945e-01
