1.000000000000000000e+00 1.970462144017879891e-01 1.752565645480101408e-01 1.258370542853366469e-01 8.090501344728182054e-02 9.604288078936565332e-02 -1.335217511359555222e-02 8.723425303100475203e-02 1.033449707035574705e-01 5.232917634687466596e-02 4.372644974276364976e-02 6.594067215956915876e-03 1.449996456027710483e-02 -1.413745110960584143e-03 -1.005817869056978460e-02 2.258836704452882663e-02 1.201169463759066552e-01 1.095241848151007197e-01 1.232361946034993133e-01 6.148914631836783357e-02 1.091660749632449301e-01 1.257543200542108053e-01 1.733895947814184102e-01 1.245126075227705881e-01 1.055071625881593006e-01 8.670578106121427930e-02 1.063811472679285913e-01 9.643300312003089125e-02 1.099076229076280109e-01 1.127919281340907659e-01 9.292878422145348094e-02 6.795221494483050240e-02 8.948767063665620525e-02 6.588234633429210230e-02 7.697771317883267406e-02 4.865422399232322004e-02 7.004735676148082790e-02 4.128890472015243202e-02 3.986956058965926419e-02 3.209210614977968390e-02 2.298566030105180652e-02 5.053200977887258027e-03 7.424963835557810143e-03 1.997643700790407983e-02 4.785885946563908644e-02 2.376252457135600432e-02 -4.928720010720240817e-04 2.367921122996965305e-02 5.143156177468481693e-02 5.101145145913548590e-02 3.223416938637384960e-02 9.969525685254830225e-03 1.884394881661473689e-02 6.324740141509002656e-02 6.595653579165973446e-02 6.710850302500198650e-02 6.955960047120637868e-02 8.803140665163040196e-03 2.115970133040722886e-02 3.018564354394945998e-02 2.140305352129618852e-02 2.202676947228490029e-02 2.524062633074822606e-02 2.821450037493381663e-02 3.996186773116922053e-02 4.942107055150261191e-02 2.655758902638428662e-02 2.726195987483209793e-02 3.744548715469059319e-02 1.876547192136336292e-02 3.166213296222472606e-02 3.464373275877787040e-02 5.117284908527862386e-02 4.167219605004610083e-02 3.231531591092402095e-02 4.020605897216633640e-02 2.967704023748005820e-02 4.292744521030166654e-02 3.554068377248809085e-02 6.428791270786857193e-02 6.057415853912186121e-02 4.345747981237980950e-02 4.548859075629109461e-02 4.831990925338264242e-02 3.331531682422546325e-02 2.933771545258888336e-02 2.782996650909063882e-02 2.133312953202044088e-02 2.444285326570563854e-02 2.536438518375230128e-02 1.630476068873067119e-02 1.603045247661537623e-02 1.731819283706939258e-02 1.215929590959321377e-02 9.263267012192587593e-03 1.567447297649116403e-02 2.646740851361624458e-02 4.641352134176624650e-02 1.583442632192834029e-02 2.063383146849586194e-02 -3.965085378074096690e-04 2.424810801867615176e-02 6.794018541369796840e-03 1.107488922454099786e-02 1.745322794611881348e-02 4.922490881508874427e-02 3.110753711286133941e-02 1.317695680279338047e-02 2.489501086520929871e-02 1.510224696490977160e-02 5.312696300030159136e-03 1.172416837603343538e-02 1.587810607442813673e-02 2.369965232413240655e-02 2.506834305850213357e-02 2.945297393943072800e-02
1.970462144017879891e-01 1.000000000000000000e+00 1.521122269175403385e-01 1.433361741214307095e-01 1.392973520953239841e-01 1.471271302001184722e-01 1.752830586630184928e-01 2.030699589639243241e-01 2.217784532665279529e-01 2.452906338003797704e-01 1.747216048291896640e-01 1.558407656071130742e-01 1.230592020393727476e-01 1.206318767396078601e-01 1.646446357680510786e-01 1.852105003864878141e-01 2.027566233559973397e-01 2.092928909750030875e-01 2.290814262762424780e-01 1.127979789056135773e-01 1.883880844717288894e-01 2.129110732255317662e-01 2.312140262840332861e-01 2.012586435798814910e-01 2.259958491240989520e-01 2.053629738362881263e-01 2.158290225113261018e-01 2.034592763243820990e-01 2.199120992870540470e-01 2.356534202019637536e-01 2.196619442482917184e-01 2.071572700297901193e-01 2.026997041714988790e-01 1.907865665705696101e-01 2.036748213149100761e-01 1.841235235014439531e-01 1.801643919419905759e-01 1.922972081559729540e-01 1.856154112006785373e-01 1.884124643539242527e-01 1.707479704943090926e-01 1.606905231851385174e-01 1.706324338378333305e-01 1.590345826107362193e-01 1.822835804850216901e-01 1.682055484041187488e-01 1.533683944078036987e-01 1.705718254146381119e-01 1.810083793979282707e-01 1.782837004270143300e-01 1.751934340714672855e-01 1.323905843933398385e-01 1.557705327388426986e-01 1.876504822480613011e-01 1.790126967078920217e-01 1.985547077109596492e-01 1.852155401950440761e-01 1.538666008165783805e-01 1.658210742074599231e-01 1.629639840068146939e-01 1.621256343517951670e-01 1.649428968353940650e-01 1.688140839864785692e-01 1.760519163009429400e-01 1.692011175357205632e-01 1.697152864083809332e-01 1.689294435588840348e-01 1.751730172784105033e-01 1.794842419679093248e-01 1.470976659339436887e-01 1.698221150102823540e-01 1.776092269183331129e-01 1.842012280537965729e-01 1.802772285696969401e-01 1.791441724200970032e-01 1.809767892476002171e-01 1.792152522634371525e-01 1.863668097953380676e-01 1.895459385773703986e-01 2.035116948524771097e-01 1.919615121941418423e-01 1.861008374479753980e-01 1.845009527627437251e-01 1.918445113136348079e-01 1.828231547871251028e-01 1.764212233158051202e-01 1.701838809372308026e-01 1.796184181915877476e-01 1.755988276161137285e-01 1.778608605796992426e-01 1.754579174653748963e-01 1.636768394465020759e-01 1.670970354046019957e-01 1.616355931035030891e-01 1.580489138929145887e-01 1.695332145695622739e-01 1.810825012390867850e-01 1.714479815895064985e-01 1.629270866657331618e-01 1.684540399712887437e-01 1.572801785305986133e-01 1.736635899093295909e-01 1.534405438015359335e-01 1.569150936711178890e-01 1.564199817567963890e-01 1.821307661739471340e-01 1.740343619731375135e-01 1.608216235724296006e-01 1.706866432893793806e-01 1.611164796447494274e-01 1.692024913985029355e-01 1.595408856418715493e-01 1.625446133258814929e-01 1.683561850381893321e-01 1.635334879382883688e-01 1.601381146699768498e-01
1.752565645480101408e-01 1.521122269175403385e-01 1.000000000000000000e+00 3.642123289694702004e-01 2.575388794881260934e-01 2.876853487942339638e-01 3.389128291036352381e-01 3.526851965796496957e-01 3.822313209429978875e-01 3.512533018262473661e-01 3.902633843375966638e-01 3.942695105550705348e-01 3.289759482955945114e-01 3.326447699599400787e-01 3.764784043887289267e-01 4.017318286278905859e-01 4.076017840676863235e-01 3.907352963139977264e-01 4.138150398740111369e-01 3.148073691729335044e-01 4.066634342388157908e-01 4.265140533600750850e-01 4.385071330087618180e-01 3.881625272591677778e-01 4.218918902529880666e-01 4.294656757601393871e-01 4.380566473702318109e-01 4.323233360745914466e-01 4.187361050027312293e-01 4.254938522578659010e-01 4.292111835165032252e-01 4.202456774319977550e-01 4.313272724736683106e-01 4.106912122802470755e-01 4.143737224578237788e-01 4.087516777228510367e-01 4.138467639405432053e-01 4.180354965638256037e-01 4.158949556593897201e-01 4.154532620440848367e-01 4.027377989904478706e-01 3.993909725586066162e-01 3.974631900119656169e-01 4.052300675856497225e-01 4.129494968658985465e-01 4.060341020116040034e-01 3.810976476435983251e-01 3.969208977910393954e-01 4.073762145019070857e-01 4.083419565237578208e-01 4.038185507516154349e-01 3.714106026477489997e-01 3.844172483083455605e-01 4.100817860411544169e-01 4.099866941210293381e-01 4.205577520795192314e-01 4.081841189319385665e-01 3.922972354064377387e-01 3.971363513193487127e-01 3.931671705926492177e-01 3.916403490322227787e-01 3.946618429568113373e-01 4.040557223175190171e-01 4.014129756987633857e-01 3.961407219851574846e-01 3.982497705327230353e-01 3.989134139744853202e-01 4.014119114293620560e-01 4.104999257724654682e-01 3.888550392820990798e-01 4.044853642767139434e-01 4.106049205184208462e-01 4.100986968127728893e-01 4.077825373682093524e-01 4.085308609073913799e-01 4.092836456038273507e-01 4.042174157121222189e-01 4.101233152179732944e-01 4.098734696624631302e-01 4.139199468300723272e-01 4.166166772322767997e-01 4.148451726424073338e-01 4.127203265452743519e-01 4.175983072939848939e-01 4.077835602918105651e-01 4.030201066573841362e-01 4.056589691894403882e-01 4.066553039742860087e-01 4.038219636477606289e-01 4.014026171791137965e-01 4.078236945946381864e-01 4.033522986981533109e-01 4.000567762355901613e-01 3.999079827551521582e-01 3.900960653438483861e-01 3.943245687108122288e-01 4.042395664694121704e-01 4.009225760516824666e-01 3.944949443801810673e-01 4.022267939218212573e-01 3.921429504541584232e-01 4.010545639009513441e-01 3.929968904460675039e-01 3.973137307614174607e-01 3.962229712602757248e-01 4.063918903736262744e-01 4.019865994088134276e-01 3.878992232910979387e-01 4.007434646873606066e-01 3.919922332877934790e-01 3.939811372128737554e-01 3.920304673781294658e-01 3.961357046268190185e-01 3.996192671657141648e-01 4.007770577901072495e-01 3.955670386019370932e-01
1.258370542853366469e-01 1.433361741214307095e-01 3.642123289694702004e-01 1.000000000000000000e+00 3.981790261691416366e-01 4.414773914655019671e-01 5.806783912696091843e-01 5.816341175931842855e-01 5.685854388041630125e-01 5.265177518781836152e-01 5.942834545140863733e-01 6.214296612095716599e-01 5.280148894817556782e-01 4.925827133075835751e-01 6.118390058592514391e-01 6.124016755555246050e-01 5.933220678746333743e-01 5.755813769012312342e-01 6.025649078977614037e-01 5.290278386795833621e-01 6.435951638376851136e-01 6.521978106320606150e-01 5.900877701336162406e-01 5.699592974463771888e-01 6.333439536704746908e-01 6.358619358923643938e-01 6.193052282460164149e-01 6.274487646451508693e-01 6.153037424738453387e-01 6.112789477394028337e-01 6.180673406622799737e-01 6.148933557627379587e-01 6.074618919742922341e-01 6.176083566605212738e-01 6.083187795418989463e-01 6.297727905057782793e-01 6.049890626291020146e-01 6.228904063201503583e-01 6.265850426950593244e-01 6.183194308270174577e-01 6.192074775552476318e-01 6.226474058368468567e-01 6.116176532828233592e-01 6.405321769579758184e-01 6.338788262649007743e-01 6.219843322298681532e-01 6.042757833261053202e-01 6.038799622472960094e-01 6.165075383946385656e-01 6.398341675505954118e-01 6.233752943379577971e-01 6.243300214633943357e-01 6.148032645139366315e-01 6.005687117332684233e-01 5.966947996342184535e-01 6.145023193507992421e-01 6.167320840985480723e-01 6.085820435837113740e-01 6.040673353214480734e-01 6.087738960455509885e-01 6.154244688417707110e-01 6.064065797083106890e-01 6.163830272120757181e-01 6.275720546477752126e-01 6.158528899502296872e-01 6.122071094983349004e-01 6.104438330933201762e-01 6.136680591315123445e-01 6.162302491492936962e-01 6.219573376897967742e-01 6.417940963522222875e-01 6.221030315033551084e-01 6.165486247764463412e-01 6.291171534976534030e-01 6.178942946037940809e-01 6.182158644274280412e-01 6.177958731930285330e-01 6.278595620562686941e-01 6.188254477889900684e-01 6.115765316224103243e-01 6.092431788955208205e-01 6.153380203513509894e-01 6.201151928199378771e-01 6.117135350315991982e-01 6.102064562176888751e-01 6.102079255769202737e-01 6.093204314915490194e-01 6.205063835010088402e-01 6.193427498745830428e-01 6.105803648326025845e-01 6.159962039050728144e-01 6.232962789949496596e-01 6.183833818019615070e-01 6.195903440110668292e-01 6.064763640380932408e-01 6.050112108522082144e-01 6.267797080906979401e-01 6.237367698760359902e-01 6.128581106446596705e-01 6.149751308164433938e-01 6.127062668891953834e-01 6.164201558057241792e-01 6.139281803311509300e-01 6.198391422819600205e-01 6.225259616178295818e-01 6.171811918548856246e-01 6.135118031032443797e-01 5.994932906512270288e-01 6.119880201806834341e-01 6.123684679209044912e-01 6.110001745775953674e-01 6.092804115815763089e-01 6.100610862358565312e-01 6.185637842806208653e-01 6.152498424453061165e-01 6.085758920192482213e-01
8.090501344728182054e-02 1.392973520953239841e-01 2.575388794881260934e-01 3.981790261691416366e-01 1.000000000000000000e+00 3.086638023586130708e-01 4.408047447078763392e-01 4.574564222563977656e-01 4.553755980616705501e-01 4.089692305847771325e-01 4.624599198445718540e-01 4.667392944649119135e-01 4.326311048583011964e-01 3.608773923886700596e-01 4.766604768402056269e-01 4.704786605727463988e-01 4.414760707695915554e-01 4.405400866227331402e-01 4.466960822868476511e-01 4.137722732141633220e-01 4.696144238801067128e-01 4.706522688169729740e-01 4.445806393798180101e-01 4.161875221124078372e-01 4.735946220985111088e-01 4.981913691680057710e-01 4.763445637246473963e-01 4.859190861853242005e-01 4.524492632027199979e-01 4.775999591626618468e-01 4.818146631402908664e-01 4.606520240599883409e-01 4.669130461383912967e-01 4.584876594483354717e-01 4.704064039543214282e-01 4.619357332856759424e-01 4.780963009108565864e-01 4.586067628109171124e-01 4.730188818002776241e-01 4.636562762936382032e-01 4.696040133213361112e-01 4.756560069876912822e-01 4.685866136864880738e-01 4.834576552113478698e-01 4.764761175232800072e-01 4.717695487949389310e-01 4.634761660060375266e-01 4.629670656338598644e-01 4.684323820639065272e-01 4.802731862658127793e-01 4.689753951676628452e-01 4.645824952958769738e-01 4.803046326949821920e-01 4.643786774517272287e-01 4.628992515773023286e-01 4.768729220973725313e-01 4.725718369790902762e-01 4.679457454244217440e-01 4.579141717614589879e-01 4.687272901100635325e-01 4.741581333927095132e-01 4.677687344025033278e-01 4.713749537871078643e-01 4.748055929684444898e-01 4.662289486512540271e-01 4.734950523706588088e-01 4.632002544794736054e-01 4.657316785698491501e-01 4.702138767850847501e-01 4.746898099093507795e-01 4.782220660514680532e-01 4.734564682281419690e-01 4.645782216682461940e-01 4.747424543800061736e-01 4.776776822138980028e-01 4.762832752286147442e-01 4.757837561992489528e-01 4.767137653460128965e-01 4.780174317414557783e-01 4.719129633066340701e-01 4.733437048235518141e-01 4.724681046382702698e-01 4.697877545502788244e-01 4.754057227852258039e-01 4.658620643418501794e-01 4.581873160293778446e-01 4.679397675125618328e-01 4.710734754138984903e-01 4.739625448716788259e-01 4.653417946960424767e-01 4.721327763335970151e-01 4.749982894192243399e-01 4.682858661343599627e-01 4.693197579372537787e-01 4.622430273017636426e-01 4.625587113170243070e-01 4.728424886181555320e-01 4.749409194057265249e-01 4.680020305894279642e-01 4.674501636407190630e-01 4.671473804259275164e-01 4.712165924637948811e-01 4.631803220223779105e-01 4.707448632022593893e-01 4.727641080946852759e-01 4.712618138560435987e-01 4.688485547901630746e-01 4.603144698546187130e-01 4.692133526162147183e-01 4.672926304454591562e-01 4.691162276564384004e-01 4.662434893885985532e-01 4.641989959818575984e-01 4.700254344313499200e-01 4.656385705691352683e-01 4.675837317288117356e-01
9.604288078936565332e-02 1.471271302001184722e-01 2.876853487942339638e-01 4.414773914655019671e-01 3.086638023586130708e-01 1.000000000000000000e+00 5.197952735399373747e-01 4.829418838952606041e-01 5.406715340395353842e-01 5.142319815418856521e-01 5.670694240610599790e-01 5.762449238951882213e-01 5.084715501539401883e-01 4.704256506498537549e-01 5.755446829791265317e-01 5.805839149103432240e-01 5.565563986318466938e-01 5.267028372714722684e-01 5.430609240536263815e-01 4.882357901848697335e-01 5.452445619026281554e-01 5.727276322270193898e-01 5.322390631607804012e-01 5.156933662259803874e-01 5.697189216645083265e-01 5.815708239614078012e-01 5.817403215217021861e-01 5.712652364983977771e-01 5.463086846094782345e-01 5.761314141133765387e-01 5.935952071410850461e-01 5.901656875361556143e-01 5.634928263985387042e-01 5.873948810747430249e-01 5.909758970009979517e-01 5.738111169273030221e-01 5.861753766399839805e-01 6.015671272231655209e-01 5.982037918949588695e-01 5.672952343250418084e-01 5.999537429222892015e-01 5.968772594359335049e-01 5.842462717942241701e-01 5.985343323835590201e-01 5.982163704013879757e-01 5.993604040243881714e-01 5.982532867621043193e-01 5.993686458928151328e-01 6.005408476965115039e-01 5.956017666629584983e-01 6.029752336347743435e-01 5.840026317212312357e-01 5.847693742439814546e-01 5.928758572869397003e-01 5.871111282378883578e-01 5.907147201510850598e-01 5.880423741807134785e-01 5.934705030272907633e-01 5.944819725460677162e-01 5.964411243412132135e-01 5.999553100333129274e-01 5.940094888327860367e-01 5.969342135723182396e-01 6.002555727237124383e-01 5.990600026342404183e-01 5.945609250764006815e-01 6.018798732629836445e-01 6.010647795896242318e-01 6.012032658634655080e-01 6.005964679758872826e-01 6.055015772151750575e-01 6.023843074228980576e-01 5.986334584643272505e-01 6.024678065052261333e-01 6.024127501925646833e-01 6.024659372997578366e-01 5.950321552029160799e-01 5.964593845593133548e-01 5.984050265362471643e-01 5.991888982726335522e-01 5.994133327938225841e-01 6.022337234389244509e-01 6.028568275070780302e-01 6.002919630397717254e-01 6.065459463750909608e-01 6.039248746524209510e-01 6.002163979580438236e-01 6.017012878771909046e-01 6.053773580887172878e-01 5.974396224584626047e-01 5.977359643976102310e-01 6.028213594169141709e-01 6.003491170528447718e-01 6.008275623456120762e-01 5.997919034398941918e-01 5.997316033310143846e-01 5.971522260752416544e-01 6.000118419730652297e-01 5.978151002752492005e-01 6.038787353465137064e-01 5.983803575418051857e-01 5.987211640576223237e-01 5.986155349019233185e-01 6.002464292419129599e-01 6.015181558813972318e-01 5.986354511584173199e-01 6.015977197632007556e-01 5.963646365131022309e-01 5.991316598006233285e-01 5.988843455362238277e-01 5.961942878009173219e-01 5.991642759080174629e-01 5.988610002985191860e-01 6.030981659987598720e-01 6.004907839265068992e-01 5.977769845935525517e-01
-1.335217511359555222e-02 1.752830586630184928e-01 3.389128291036352381e-01 5.806783912696091843e-01 4.408047447078763392e-01 5.197952735399373747e-01 1.000000000000000000e+00 6.911294180752408645e-01 7.191525361575181741e-01 6.776794020843919242e-01 7.462307354954668126e-01 7.824778414904054458e-01 6.904707412964584679e-01 6.077455686894867037e-01 8.311519791385316713e-01 8.014441749037355400e-01 7.030352586453351149e-01 6.721295068027904884e-01 7.205688859812000580e-01 5.509958981817271173e-01 7.201206799782221557e-01 7.509214657856280173e-01 6.510316515885586908e-01 6.188734826549968648e-01 7.557899630725258833e-01 7.638730206077123386e-01 7.455668088985131225e-01 7.571533540868806700e-01 7.114359844317560411e-01 7.360349140828962300e-01 7.673835641385344797e-01 7.726870912766122812e-01 7.514989327556347298e-01 7.669611192713566838e-01 7.708806588398453563e-01 7.688884221741616454e-01 7.630462103951443087e-01 7.946140755088295649e-01 7.974824376763203215e-01 7.892800060328298839e-01 7.897063940139240623e-01 8.005379902474648590e-01 8.036147548328599344e-01 8.042338495569759660e-01 7.972659304856237750e-01 7.930751375002312864e-01 7.921885601556629686e-01 7.885443440884457589e-01 7.913524281302624086e-01 8.014286781503727752e-01 8.032933179565157067e-01 7.874205507140336069e-01 7.874324659750286948e-01 7.639579442152636402e-01 7.600187458736932244e-01 7.735625789828594057e-01 7.824390442987071426e-01 7.934396437611300756e-01 7.869277343620484366e-01 7.860413069852342227e-01 7.962206718322133447e-01 7.939409829607987357e-01 7.957939353728435972e-01 8.065362380162681699e-01 7.850639506214753816e-01 7.810937577717946834e-01 7.933543440853360051e-01 7.948935045183636028e-01 7.857696720106575050e-01 7.700863523889338591e-01 8.041850639477656770e-01 7.959127760680915209e-01 7.679633712879965213e-01 7.950859303677659806e-01 7.969630211711434820e-01 7.908303994957579519e-01 7.978710321210292777e-01 7.896137010100048315e-01 7.965869119113663244e-01 7.786711775114890655e-01 7.771699045235389569e-01 7.876672791354695224e-01 7.938328563471181987e-01 7.910673134310310939e-01 7.983180629359940550e-01 7.886469505571983563e-01 7.913255269705156136e-01 8.053281984364030199e-01 8.004976085930866070e-01 7.926258971164528155e-01 8.065561559782238321e-01 8.018613541999397576e-01 7.983279547252029040e-01 8.011177418575367026e-01 7.937732843330091992e-01 7.926809241221290936e-01 8.055816715309780385e-01 7.889803299348305821e-01 7.968859840280875240e-01 8.004982589459308517e-01 8.051372367864996216e-01 7.997392915779345524e-01 7.968741505151007987e-01 8.027784380798773656e-01 7.971868630878482520e-01 7.892243178715375729e-01 7.931382383257064017e-01 7.898628244866143788e-01 7.942975572846076027e-01 7.940976791406393342e-01 8.003800109275290842e-01 7.956493959924098025e-01 7.958059046127810010e-01 8.000615228892852260e-01 7.939009532468486174e-01 7.885100962667658253e-01
8.723425303100475203e-02 2.030699589639243241e-01 3.526851965796496957e-01 5.816341175931842855e-01 4.574564222563977656e-01 4.829418838952606041e-01 6.911294180752408645e-01 1.000000000000000000e+00 7.068450769695052704e-01 6.724177013441292594e-01 7.180976447387380501e-01 7.487363393182169258e-01 6.469331508285871557e-01 5.854489900812390735e-01 7.540061411647756007e-01 7.724943936608372752e-01 7.079164744441893697e-01 6.884815662896079935e-01 7.339870633343704709e-01 5.778591326522992677e-01 7.301479768760285038e-01 7.672878961193236869e-01 6.849751655548249607e-01 6.376724187807245592e-01 7.517331838328504823e-01 7.516078448009854140e-01 7.377319292255901662e-01 7.338692238920748734e-01 6.885309242451986833e-01 7.237484987443085771e-01 7.396695611952532889e-01 7.546250532186385973e-01 7.209298611411003588e-01 7.380451400105908499e-01 7.430816003438950323e-01 7.400979795038959974e-01 7.294726326082746626e-01 7.602394288431029157e-01 7.522058963826557809e-01 7.641582645511474370e-01 7.556048410425970641e-01 7.591467578901089919e-01 7.520582372394715165e-01 7.647697030498450399e-01 7.624311683006700369e-01 7.539814058198375246e-01 7.493070224549708280e-01 7.535235236079683707e-01 7.710610455307657096e-01 7.664819152296482585e-01 7.694071918342630934e-01 7.534056005826855751e-01 7.577276049136604241e-01 7.598691804727775168e-01 7.686797674816988613e-01 7.659801907872277882e-01 7.798586347034466293e-01 7.586763675817943531e-01 7.624040975834297518e-01 7.544651899228278502e-01 7.608001805387752947e-01 7.664054302444185396e-01 7.739680719220791705e-01 7.659108082536858486e-01 7.575770301337377832e-01 7.642047715152044951e-01 7.540523239248609899e-01 7.567766221498295476e-01 7.521290797139165152e-01 7.452223062292707700e-01 7.706925287452260909e-01 7.619227657292392264e-01 7.434775728588621790e-01 7.637199372704776001e-01 7.555272690420381521e-01 7.522318247877198827e-01 7.531931257427800785e-01 7.495902838824566317e-01 7.548350345838438225e-01 7.522208488680010019e-01 7.462583084589861082e-01 7.533403394705427969e-01 7.656374510791029708e-01 7.542741907395622558e-01 7.579765530265626383e-01 7.495530903135332323e-01 7.509323579247623170e-01 7.651727930191383198e-01 7.596933419093171436e-01 7.640654921136341704e-01 7.580303950767666166e-01 7.611883323561299264e-01 7.577074731369957128e-01 7.552951799863490967e-01 7.535489253300474699e-01 7.547850872790767829e-01 7.725439501607292980e-01 7.662421644603657489e-01 7.584480415936352138e-01 7.605930781484580017e-01 7.606019764428691987e-01 7.691776968183599017e-01 7.550159799910439729e-01 7.608572678864752303e-01 7.626610200042205356e-01 7.689566600571038357e-01 7.613236614332355989e-01 7.501647791803691678e-01 7.638933589312101313e-01 7.585944970538782695e-01 7.625008505959072203e-01 7.553051221249532654e-01 7.603749845394039975e-01 7.620441959656732989e-01 7.582920597194069412e-01 7.596718195694306397e-01
1.033449707035574705e-01 2.217784532665279529e-01 3.822313209429978875e-01 5.685854388041630125e-01 4.553755980616705501e-01 5.406715340395353842e-01 7.191525361575181741e-01 7.068450769695052704e-01 1.000000000000000000e+00 7.780258088309598419e-01 8.211502473313179173e-01 8.331164512674813505e-01 7.347755361616004066e-01 6.640346215175172429e-01 8.337659294910196861e-01 8.402326301674285514e-01 8.150880273824906430e-01 7.591054966141915772e-01 8.099455784675606562e-01 6.787176716882646899e-01 7.919772545753764881e-01 8.279553671992104791e-01 7.807547965115321231e-01 7.273875336778437006e-01 8.299413806494253532e-01 8.617184125780001924e-01 8.439735635082504794e-01 8.347467468721817552e-01 7.871929378005306788e-01 8.670655630581138862e-01 8.792249922401923490e-01 8.606484398009315306e-01 8.295987690122574865e-01 8.365029530254901591e-01 8.657681053805148519e-01 8.251059800685764944e-01 8.613083633305085307e-01 8.634768671406176654e-01 8.672510799400167114e-01 8.335229244997587328e-01 8.650603170136542674e-01 8.571394825039763132e-01 8.491715818979306274e-01 8.666619873722040124e-01 8.650553662847343395e-01 8.626900032908643157e-01 8.677876821482732872e-01 8.787449669394210572e-01 8.824380984509616610e-01 8.559089168872491271e-01 8.756626902027093706e-01 8.253106925932194304e-01 8.578659496630480774e-01 8.875292219927440884e-01 8.788579347744395198e-01 8.796692404535429999e-01 8.789940736740939897e-01 8.657462606820547357e-01 8.762744427585775764e-01 8.767154519340397689e-01 8.711007197542816050e-01 8.789306320925326377e-01 8.775153167784566222e-01 8.741884865291126294e-01 8.698382342240530418e-01 8.815560768137078451e-01 8.747064338140585482e-01 8.722076074604846463e-01 8.766057113890665109e-01 8.641778396736782275e-01 8.722283810806381599e-01 8.747054841908753486e-01 8.626917488162025860e-01 8.708485760225923578e-01 8.786146397995635571e-01 8.768301211490778790e-01 8.694892488389596164e-01 8.646395500515233756e-01 8.768142016754419954e-01 8.872339378481458594e-01 8.800134638636617490e-01 8.808237367217280900e-01 8.756690605814534401e-01 8.797627176009025218e-01 8.635367293564794045e-01 8.650555192946366434e-01 8.665763406756045173e-01 8.716164234203700456e-01 8.748658020105195554e-01 8.705802343835075119e-01 8.626133401217518371e-01 8.740163859431864246e-01 8.702995981202126252e-01 8.708914972527960208e-01 8.698390774713955498e-01 8.761022300820032749e-01 8.569620198177723136e-01 8.660307649550573750e-01 8.708194958619331905e-01 8.699999659148213160e-01 8.632447670478905488e-01 8.781049179087381251e-01 8.657853867354290411e-01 8.704856550073128973e-01 8.644036495258121677e-01 8.801156060485632038e-01 8.779514503730552200e-01 8.720729984038397831e-01 8.758202659901637155e-01 8.732110621849182852e-01 8.728154935168931372e-01 8.733266113536596320e-01 8.740592270617154602e-01 8.738797831028672913e-01 8.734359888689241513e-01 8.747728519452804274e-01
5.232917634687466596e-02 2.452906338003797704e-01 3.512533018262473661e-01 5.265177518781836152e-01 4.089692305847771325e-01 5.142319815418856521e-01 6.776794020843919242e-01 6.724177013441292594e-01 7.780258088309598419e-01 1.000000000000000000e+00 7.700848673694310476e-01 7.731348820439418734e-01 6.811369471773448536e-01 6.244874610380684032e-01 7.865328402386339013e-01 7.848646939570687042e-01 7.552653189565921021e-01 7.049592136942837151e-01 7.549731559549778259e-01 6.062846950757416753e-01 7.253261621414475169e-01 7.719301896840012889e-01 7.219095973282187995e-01 6.694578011848255628e-01 7.858565310810776694e-01 8.031041880247599130e-01 7.937252898741784524e-01 7.884036847456101782e-01 7.384391931082660010e-01 8.090935684839920539e-01 8.201905435461287475e-01 8.039789732236670705e-01 7.802763902806442164e-01 7.819098631590770676e-01 8.043817211655470700e-01 7.785316112834320679e-01 8.005114807289156476e-01 8.078401546143439971e-01 8.138598728113086711e-01 7.848342651447062224e-01 8.152408208616759300e-01 8.081828041140701746e-01 7.992375047780554409e-01 8.115391237720945838e-01 8.164864622007876882e-01 8.101849670254097635e-01 8.165577682192501907e-01 8.276690957471322108e-01 8.216501884583691240e-01 7.922471127039258931e-01 8.172987159961059289e-01 7.633870029238890575e-01 7.984286625971047657e-01 8.253824992801741534e-01 8.161507952655212561e-01 8.275747076369797117e-01 8.121404341594762322e-01 8.145919125814751194e-01 8.219835704460519699e-01 8.212832894321427935e-01 8.176281163961123255e-01 8.210231465538967432e-01 8.209178703438414493e-01 8.205687101514532733e-01 8.155680093874337899e-01 8.174531935141325922e-01 8.222109368814630725e-01 8.236085214200521420e-01 8.250823779119942358e-01 8.024066304166936892e-01 8.184003197768362492e-01 8.271709946074861097e-01 8.091996803801554394e-01 8.228769482324357343e-01 8.291312727323669751e-01 8.276691852955789797e-01 8.219543189108500236e-01 8.151684615101925102e-01 8.255505786932605394e-01 8.309299930206339724e-01 8.259151578746304345e-01 8.298497871639645140e-01 8.253961183612430474e-01 8.274370886684433435e-01 8.162856487330572008e-01 8.166917823088241102e-01 8.191247632678253510e-01 8.232675622513485614e-01 8.240622616513851861e-01 8.232444141773884727e-01 8.183874578936973787e-01 8.239492370220896644e-01 8.228985718535485328e-01 8.209046202113080559e-01 8.219330546759593403e-01 8.259256667387592232e-01 8.089980273272625588e-01 8.097202735317289291e-01 8.197199804009093205e-01 8.219738900289641492e-01 8.166721033573952626e-01 8.230229625626676038e-01 8.144003896451655899e-01 8.196602465477694777e-01 8.126449079824754618e-01 8.241761273440399993e-01 8.254492836325466598e-01 8.227350314207816373e-01 8.251518578843578533e-01 8.225978310829153983e-01 8.230131738834893795e-01 8.225828945887038168e-01 8.234684921382144918e-01 8.220501328543901032e-01 8.201800412452781019e-01 8.196048391390188259e-01
4.372644974276364976e-02 1.747216048291896640e-01 3.902633843375966638e-01 5.942834545140863733e-01 4.624599198445718540e-01 5.670694240610599790e-01 7.462307354954668126e-01 7.180976447387380501e-01 8.211502473313179173e-01 7.700848673694310476e-01 1.000000000000000000e+00 8.698437557441731638e-01 7.617403725705620410e-01 6.919517637936704046e-01 8.680458437787913484e-01 8.599056944438425720e-01 8.336475607278319711e-01 7.874778838186655694e-01 8.272764193268171695e-01 6.888538289206320719e-01 8.011323828910706935e-01 8.453670219224783677e-01 7.909028412578992251e-01 7.482151412596893536e-01 8.511242883228463674e-01 8.753827003489507153e-01 8.626046378721744512e-01 8.649956202422538487e-01 8.115369690084696108e-01 8.752840739741105658e-01 9.013160429958999575e-01 8.915058304930771893e-01 8.560173039183285315e-01 8.703229164542986007e-01 8.809562148930315528e-01 8.612600097787969089e-01 8.846322042311801637e-01 8.949007112740514636e-01 8.985783794053412432e-01 8.778324060556991215e-01 9.009307461178038823e-01 8.952452019409161688e-01 8.804490128471628152e-01 8.974193362216494885e-01 8.971391761840598056e-01 8.935805244629028143e-01 8.955234545640706756e-01 9.031586944832832309e-01 9.037364281702886526e-01 8.831563458262743360e-01 9.035017425795881518e-01 8.637641777111338959e-01 8.873181685868464230e-01 8.988712048506961594e-01 8.931732169391853882e-01 9.013050612424234886e-01 8.953487036534560906e-01 8.967549875293914230e-01 9.012164904589119452e-01 8.996944634202960200e-01 8.982741113534812305e-01 9.020004608427292236e-01 9.038848825463420278e-01 9.021050784186630533e-01 8.965451018261748617e-01 8.982333316373254384e-01 9.019719556740155575e-01 9.033115927912246379e-01 9.051890325531231074e-01 8.911199825229172422e-01 8.977872638075221623e-01 9.057263748176175300e-01 8.942713028700042255e-01 8.991727115063558040e-01 9.065153918330156602e-01 9.031626341915173217e-01 8.987590209950393483e-01 8.929969847419296780e-01 9.051294747131178875e-01 9.055899703640877263e-01 9.015997889303358770e-01 9.059611735841733848e-01 9.048856003749864430e-01 9.044082596050754264e-01 8.953463550742146726e-01 8.987012005486908484e-01 9.017129646966360879e-01 9.062660918464094939e-01 9.066141162762835215e-01 9.002383181585553729e-01 9.008386281817145624e-01 9.052139179466441865e-01 9.037746781526484474e-01 9.018077751663696739e-01 9.007944395316388464e-01 9.046037965198610031e-01 8.901158548970713458e-01 8.928619075853481135e-01 9.010791148520477245e-01 8.999846220491196647e-01 8.979553536089766030e-01 9.064965391046825305e-01 8.975410360053688308e-01 9.033760092517026941e-01 8.981358837844023446e-01 9.021149001573242066e-01 9.042573509070445104e-01 9.005871739210196125e-01 9.047434165784310478e-01 9.026486361434636896e-01 9.038662014232391462e-01 9.015176374660556213e-01 9.037263358717175787e-01 9.033838009115359169e-01 9.029929802234799574e-01 9.002627916244134720e-01
6.594067215956915876e-03 1.558407656071130742e-01 3.942695105550705348e-01 6.214296612095716599e-01 4.667392944649119135e-01 5.762449238951882213e-01 7.824778414904054458e-01 7.487363393182169258e-01 8.331164512674813505e-01 7.731348820439418734e-01 8.698437557441731638e-01 1.000000000000000000e+00 7.895268176964715945e-01 7.209624744469141921e-01 9.057981703817770125e-01 9.018171426172972849e-01 8.421748979268377511e-01 7.786260987752802176e-01 8.276025600634148160e-01 7.247670943927360110e-01 8.254031979681836217e-01 8.641585171759854633e-01 7.752786067403787396e-01 7.422884879418313320e-01 8.584608883842073102e-01 8.962678325890924835e-01 8.699209803645833183e-01 8.688660821893980923e-01 8.138844314028724769e-01 8.680439813744857958e-01 8.981448234384943330e-01 9.011605101706695597e-01 8.576002237660785843e-01 8.832386235740712355e-01 8.886762512447787810e-01 8.768939388694108050e-01 8.873456128552319466e-01 9.178905295140972198e-01 9.205738606420794667e-01 8.959834944527635958e-01 9.277206269734789013e-01 9.251774194528366024e-01 9.099759762381489647e-01 9.325845693695881122e-01 9.221080202807132586e-01 9.274025031155962440e-01 9.298112388496349023e-01 9.300038028850348137e-01 9.312282938251146280e-01 9.203755098292274450e-01 9.350224113191981656e-01 9.058741172964626109e-01 9.189918657468655327e-01 9.190227794583950560e-01 9.164254418683113190e-01 9.157098266623365790e-01 9.224822890400686815e-01 9.296519786734647184e-01 9.318564594012334057e-01 9.288740038872603799e-01 9.302722061920132290e-01 9.341959722269385091e-01 9.322374887537654420e-01 9.331139830224921550e-01 9.236304370170301814e-01 9.266363072318241079e-01 9.282874006321913951e-01 9.292017357538238098e-01 9.273151379605858446e-01 9.291913946289284132e-01 9.331653667314646627e-01 9.305895762718329189e-01 9.109575095544257817e-01 9.260706538645459007e-01 9.316340308038908447e-01 9.260305357453811892e-01 9.244302833505829708e-01 9.169398001651953845e-01 9.271566136163709171e-01 9.187378518428402918e-01 9.164220099279729581e-01 9.257509052676641259e-01 9.265243906287744524e-01 9.214742262165964704e-01 9.260516724042691106e-01 9.246085183828086640e-01 9.235781852973263817e-01 9.339187764745611187e-01 9.331176448709884719e-01 9.274420993004108826e-01 9.246057548132301518e-01 9.360093130797274563e-01 9.323187753306111381e-01 9.344295546560017485e-01 9.333633207761155015e-01 9.342536814895471275e-01 9.255044067744956360e-01 9.290770444029518016e-01 9.352062213099489041e-01 9.347636587740018044e-01 9.315994460806948929e-01 9.369022933149548926e-01 9.322425015660210645e-01 9.366600868709975547e-01 9.327152437893531101e-01 9.295270453666736321e-01 9.351260743363446482e-01 9.304685064805948702e-01 9.328852258170809986e-01 9.343357313562180577e-01 9.350060715332169092e-01 9.333105132008462368e-01 9.348213138823786572e-01 9.359683725467423665e-01 9.328653680589287234e-01 9.315056382346903474e-01
1.449996456027710483e-02 1.230592020393727476e-01 3.289759482955945114e-01 5.280148894817556782e-01 4.326311048583011964e-01 5.084715501539401883e-01 6.904707412964584679e-01 6.469331508285871557e-01 7.347755361616004066e-01 6.811369471773448536e-01 7.617403725705620410e-01 7.895268176964715945e-01 1.000000000000000000e+00 6.404544255183856061e-01 8.111591016507111451e-01 8.092020196844801339e-01 7.509516184354299018e-01 6.798855037053777028e-01 7.266621606580987436e-01 6.264551369183875007e-01 7.196200931100347198e-01 7.601176444601746018e-01 6.783519238219611891e-01 6.431321279074931896e-01 7.557214307096757899e-01 7.976306310104925856e-01 7.773457262541273449e-01 7.781284624506580316e-01 7.123928398438719167e-01 7.720058179561172240e-01 8.008476073669344997e-01 7.882797898136260084e-01 7.559903573914484864e-01 7.808447901741384367e-01 7.901754477088902551e-01 7.745269572006520109e-01 7.955082652275746735e-01 8.073611330079497606e-01 8.131548302814805007e-01 7.768808373257161115e-01 8.312655956725044648e-01 8.228789810328958065e-01 8.114471263014328972e-01 8.326816684120492695e-01 8.233784941674404667e-01 8.197730856693286050e-01 8.318982753344232872e-01 8.313837532994569068e-01 8.262749287564634670e-01 8.149637571621369814e-01 8.279211195035368620e-01 8.053539662002937582e-01 8.222278299677729940e-01 8.199682163712036509e-01 8.102494630759000671e-01 8.139966392957719288e-01 8.127226967994798379e-01 8.320476631318057814e-01 8.271313856152717747e-01 8.336331789646238555e-01 8.337629878343283396e-01 8.311428229706406823e-01 8.209652491945734765e-01 8.315967396414639667e-01 8.265119863170161674e-01 8.291158768723219108e-01 8.328881351328801808e-01 8.286187979643271362e-01 8.269544884570753096e-01 8.237656959451115091e-01 8.317606989065754464e-01 8.327587019225251019e-01 8.063617190710750116e-01 8.269695133081311766e-01 8.334070124527056533e-01 8.306453203008428154e-01 8.302252427387191158e-01 8.151281883810996831e-01 8.246922536081116029e-01 8.208320635256433073e-01 8.217868795982330443e-01 8.311021158841802592e-01 8.247601994121268598e-01 8.231416967536264728e-01 8.276661844276365088e-01 8.248947345223394123e-01 8.270266177870012614e-01 8.322598432284865622e-01 8.334931357266261998e-01 8.276551758824503002e-01 8.249024108762837981e-01 8.388624444167778194e-01 8.341445964305131966e-01 8.362875806326415251e-01 8.379753914893701694e-01 8.354043910281064855e-01 8.243338768985292164e-01 8.285310652798467679e-01 8.367066015451398719e-01 8.368136722886723167e-01 8.345086833232093770e-01 8.349562895008886265e-01 8.332392543782918271e-01 8.380956857952396311e-01 8.368561723187790680e-01 8.284479093357155488e-01 8.347689545105162479e-01 8.341992675754514863e-01 8.333692231756457680e-01 8.370574301113674620e-01 8.338097169482560078e-01 8.376508217289043712e-01 8.370690910980952415e-01 8.385202971849177178e-01 8.352620654162744573e-01 8.349716023353144223e-01
