1.000000000000000000e+00 7.317785524676305442e-02 9.016447596726127889e-02 1.069580656479147407e-01 2.142043037764978716e-02 6.064704733828097868e-03 -1.082155572534918182e-02 2.625110093992767939e-03 9.957730271156652047e-02 1.567009094178844694e-02 2.881972914108492032e-02 4.467578235254306140e-02 -1.046892291010961644e-02 4.643257634009824268e-04 3.885028712000727371e-04 7.992758225330289998e-03 5.051527848966769207e-02 7.876156945914198140e-03 -1.597645760836184300e-02 2.991726728153332529e-02 2.377586231657205507e-02 1.894284671009220308e-02 -1.580630447569530885e-03 -9.000980694255410544e-03 7.144782765722164190e-03 5.237472451846463678e-02 3.304140551753509403e-02 2.664757164449494189e-02 7.200812508139642354e-02 6.333299369532292833e-02 4.284806659740659357e-02 1.938050021591799024e-02 3.386607176963971760e-02 2.210677067115122962e-02 4.712192393860192841e-02 2.369033108809264626e-02 3.528602259227478499e-02 3.888167631390653835e-03 1.875419651768892373e-02 -3.132947318981899043e-02 1.089674025205856697e-02 -1.334690486592253304e-02 -7.448879147469428426e-03 3.664673887478841954e-03 1.197153376049468060e-02 1.150564096301295511e-02 2.159910378135770166e-04 1.319942451267665587e-02 1.934155222062913446e-02 2.715449698316237462e-02 4.036741403799041020e-03 3.885292684764715676e-02 2.491909478994385960e-02 2.998655256605717301e-02 2.907377727327809663e-02 1.095719100706580868e-03 6.033664070693330050e-02 1.527034393343687513e-03 5.138572413811187678e-03 5.560972530924150094e-03 1.447395827055597550e-02 2.347859425372076161e-02 2.058779036158016329e-02 2.744250179601506398e-02 4.799387413871297053e-02 5.358150998603990189e-02 1.466905699380817441e-02 -2.637406704742964632e-04 7.147616286936238524e-03 7.977024822931272699e-03 -4.084665895534681478e-03 8.830501682700562030e-03 -1.501664439513308120e-03 3.155761541256578168e-03 1.615770671310768486e-02 1.336545889306369785e-02 7.046257959299901015e-03 2.349990216866708684e-02 8.418213337031871940e-03 1.646208430246564117e-02 5.476213976758526232e-03 1.974028928299563848e-02 1.699185220047243899e-02 1.282280140209153541e-02 1.695677985310233699e-02 8.655132595041298629e-03 7.567294441909688113e-03 2.260164291218793274e-03 8.811730859451551851e-03 1.595585714794928514e-02 -1.892319884422962546e-03 1.874071497379633730e-03 6.569401311730950835e-03 2.050159744113944256e-03 2.190733662241570873e-03 9.840120460421436163e-03 8.977239066459046304e-03 4.089002864280955052e-02 1.228124555926654073e-02 5.744077180002358715e-03 -4.087212559974831051e-03 1.649712315850786551e-02 1.654531667302431425e-02 5.670637599307847346e-03 2.412840947015798890e-02 4.055205878605360609e-02 1.970030610281250927e-02 1.351121831433762209e-02 1.076239398169738341e-02 1.370196251182269516e-02 8.102253398769986015e-03 1.415031476574461593e-02 2.418857612172930355e-02 1.870863865931313499e-02 2.801893497111175579e-02 3.435457323848953304e-02
7.317785524676305442e-02 1.000000000000000000e+00 1.188597781894615707e-01 1.307473483499306532e-01 1.095785327844494977e-01 1.058560094216009773e-01 1.457101594888991769e-01 1.407796795161542769e-01 1.656984252668481927e-01 1.678289223056645685e-01 1.740847600010263230e-01 1.737262735443299289e-01 1.390534663697804707e-01 1.619939337823067260e-01 1.723922421166838026e-01 1.527719679664019670e-01 1.387394099628601607e-01 1.416749589971140200e-01 1.550977308457788528e-01 1.004860268344557189e-01 1.553438821282475402e-01 1.453141151701184408e-01 1.607519234057015745e-01 1.350976303474929474e-01 1.510249246395254930e-01 1.612018508229923486e-01 1.676089557729462942e-01 1.582591415684113656e-01 1.816682570996097645e-01 1.706860779074179379e-01 1.694624380451775769e-01 1.638227531471887766e-01 1.666543018619691674e-01 1.666052636261702302e-01 1.615971655258601480e-01 1.554122559477144339e-01 1.677729708548545973e-01 1.629804467627755660e-01 1.691898395357188944e-01 1.380812563571894303e-01 1.662247657826206315e-01 1.485364627803575643e-01 1.525310378075848128e-01 1.564199384618860378e-01 1.583006293690414623e-01 1.663594611149156743e-01 1.644705563698473372e-01 1.719055913045123285e-01 1.710509763341157841e-01 1.556306918419932406e-01 1.592111069476296881e-01 1.307137104410392991e-01 1.550600031403612522e-01 1.753640542891427290e-01 1.687834864639685406e-01 1.689002899163364046e-01 1.618595644222085017e-01 1.568201970594611250e-01 1.693388407051726885e-01 1.594727063446561843e-01 1.548893818530845679e-01 1.658952645660703717e-01 1.578001761214486709e-01 1.651244934066274372e-01 1.571101831219211264e-01 1.672529499911183659e-01 1.698869228552033761e-01 1.640262467584227002e-01 1.685591029270221974e-01 1.606204473724789916e-01 1.593813222347786884e-01 1.645755988912779300e-01 1.564164433421263434e-01 1.572291128975643049e-01 1.654162446925544760e-01 1.692320044517029443e-01 1.613857522764897690e-01 1.761457607181354246e-01 1.660272385020028774e-01 1.707907198606497257e-01 1.664739702859202308e-01 1.684120957508618288e-01 1.707114887744889398e-01 1.668870801052129704e-01 1.622913146160055442e-01 1.630860680076766656e-01 1.640947495314447335e-01 1.615792355876552733e-01 1.654884738442680692e-01 1.659235236870304775e-01 1.586405777332896005e-01 1.607667371547517043e-01 1.626987507605885119e-01 1.656261111078663750e-01 1.649570566964233542e-01 1.680758480947349143e-01 1.540676145479201453e-01 1.646416160470667855e-01 1.598499384649124666e-01 1.562228153019337429e-01 1.574178855884257600e-01 1.602350216008236183e-01 1.572020356740838898e-01 1.586465171768677296e-01 1.584447364046370765e-01 1.667478837735625330e-01 1.695667035887452878e-01 1.700234110119490383e-01 1.686953229907144081e-01 1.639179959696340783e-01 1.638277536968855141e-01 1.673027476451727225e-01 1.676292615827238985e-01 1.646697517738996142e-01 1.620227463239408139e-01 1.694347021403901643e-01
9.016447596726127889e-02 1.188597781894615707e-01 1.000000000000000000e+00 3.712070520193482825e-01 2.146393186350719351e-01 2.347825701527023190e-01 3.511838924839200127e-01 3.113261079696424405e-01 3.655287014799111223e-01 3.059553536504053817e-01 3.568468260156789640e-01 3.788124368433642974e-01 3.328500434821986542e-01 3.503759063912272875e-01 3.802251871136314576e-01 3.645512657519979771e-01 3.550130526023034805e-01 3.568576974318068418e-01 3.620660727751444652e-01 3.856721331885501480e-01 3.697683645067959546e-01 3.632147699880641234e-01 3.440188076616167989e-01 3.655040731032238588e-01 3.675603870382718741e-01 3.897399292817905758e-01 3.731948003497384536e-01 3.764094844312987909e-01 3.881037368784147068e-01 4.155174838927329639e-01 4.024066346523271775e-01 3.890988659735901689e-01 4.009807656639264861e-01 4.019963790645899593e-01 4.025214105027052347e-01 3.865049035704045122e-01 3.947931459267651766e-01 3.822873765532670554e-01 3.928870847028831936e-01 3.603360541065570577e-01 3.893110593604016123e-01 3.777905412856011336e-01 3.842990673075062924e-01 3.840331063489739183e-01 3.867928958339710288e-01 3.897226463182796863e-01 3.833372191359971648e-01 3.802085793720210161e-01 3.825273985285544409e-01 3.816885611190363181e-01 3.712460973368620354e-01 3.958357241008038097e-01 3.938633121659531611e-01 3.831900144358717508e-01 3.797986678909818781e-01 3.811956257110276081e-01 3.867081071499429701e-01 3.764855817377391056e-01 3.727230833453973879e-01 3.853221697848130400e-01 3.840858618735720209e-01 3.801201654752195402e-01 3.839172806085860423e-01 3.811677167482224737e-01 3.917724354672321163e-01 3.917576850205420347e-01 3.880523882904628463e-01 3.831910668511376294e-01 3.908995685455795566e-01 4.024242400712744194e-01 3.851824349506093315e-01 3.855043036735696371e-01 3.912188967233309889e-01 3.885958427790657255e-01 3.897233943780102905e-01 3.885605845394577984e-01 3.895637285579056086e-01 3.886447408912018786e-01 3.957241232091521788e-01 3.899381963365340931e-01 3.867626091227696628e-01 3.892166718662753988e-01 3.899495907098611269e-01 3.923175485225782744e-01 3.971457927590675285e-01 3.961271110237003512e-01 3.923473629318787181e-01 3.867057842776053245e-01 3.913060432057569038e-01 3.897214155811509206e-01 3.854576724159399226e-01 3.859304822927964729e-01 3.882700041563705851e-01 3.908987200589533195e-01 3.828370366266165004e-01 3.832084646939623584e-01 3.831546489993990501e-01 3.882647330462245527e-01 3.839465116552342461e-01 3.828769505843249710e-01 3.840263241385958870e-01 3.868505095776194613e-01 3.926042899362183758e-01 3.861186863441177231e-01 3.964141462819574802e-01 3.876121723672037445e-01 3.878817112875257989e-01 3.847256940592747032e-01 3.879489686198322462e-01 3.845893194621541333e-01 3.827299847567900426e-01 3.882834434765519704e-01 3.852998349299249226e-01 3.858822904524218389e-01 3.850884332987509207e-01 3.899414582205266711e-01
1.069580656479147407e-01 1.307473483499306532e-01 3.712070520193482825e-01 1.000000000000000000e+00 3.287651526718646799e-01 4.048984814128091525e-01 5.772961273814321004e-01 5.567240102395680790e-01 5.971095713652009307e-01 5.158002717223691969e-01 5.905556251144188362e-01 6.368636759859350738e-01 5.526553940341716320e-01 5.688957337339654030e-01 6.310875413243912657e-01 6.120504041983638732e-01 5.729473745571280752e-01 5.845447939532968373e-01 5.926610886561515246e-01 5.946944205348997370e-01 6.252807912107082311e-01 6.131251989890691423e-01 5.587121930852783080e-01 5.866095422005466187e-01 5.967119233728755967e-01 6.380526274069205916e-01 6.112605618436858235e-01 6.225834177007295578e-01 6.418653087852338457e-01 6.588147205132554030e-01 6.467664298420670033e-01 6.290420455236943598e-01 6.356510859568805794e-01 6.284075262050118349e-01 6.322992424993877369e-01 6.272436578544569041e-01 6.273495011955859679e-01 6.214128933529233789e-01 6.362716670970856025e-01 5.951952583907732519e-01 6.244088563737020259e-01 6.120509461459618938e-01 6.325175961468508801e-01 6.271119879332220926e-01 6.297871622462719587e-01 6.241896527416043172e-01 6.151887000829291408e-01 6.206396377285634536e-01 6.307446936186446029e-01 6.315217766254709320e-01 6.261892012034357968e-01 6.392538910554489417e-01 6.414979795541496665e-01 6.255834412550526080e-01 6.283058035575204148e-01 6.279987217898351792e-01 6.544336093663535303e-01 6.199901525822963944e-01 6.124387625438086902e-01 6.237845869723221970e-01 6.380010238213473794e-01 6.228838096066510177e-01 6.387798620181097675e-01 6.360963242842547771e-01 6.348679083914990917e-01 6.407487260531432582e-01 6.264494346583698858e-01 6.228648798819357291e-01 6.295058813443862311e-01 6.427249330355514489e-01 6.321868124738028172e-01 6.279955820159702773e-01 6.285814903005807475e-01 6.309078976872662947e-01 6.349250510348699583e-01 6.287581461006248595e-01 6.345109723591721984e-01 6.364084840042459890e-01 6.351658493143893525e-01 6.323168186197012375e-01 6.314658531277245190e-01 6.360851647088153760e-01 6.374929367854919038e-01 6.307210203017540318e-01 6.347029370639717394e-01 6.347077265402284452e-01 6.308317796529884225e-01 6.311872225170503947e-01 6.312786880559941860e-01 6.409155716767563904e-01 6.299139363926631319e-01 6.292441913442442525e-01 6.318043908436655753e-01 6.322380175380715173e-01 6.237882984409367504e-01 6.272661182894810894e-01 6.435371366367509394e-01 6.495961534795995362e-01 6.407774351459847306e-01 6.351723836023577263e-01 6.295676497627061829e-01 6.401846156383076414e-01 6.405269428332990289e-01 6.322419046682626886e-01 6.502627115185571904e-01 6.459082327485881070e-01 6.362438068505332778e-01 6.259638265410673030e-01 6.341763523146998205e-01 6.308457374387831385e-01 6.298919517643090105e-01 6.301686240662891514e-01 6.345281535382172322e-01 6.360814479168430680e-01 6.314931594346200328e-01 6.385766529084652143e-01
2.142043037764978716e-02 1.095785327844494977e-01 2.146393186350719351e-01 3.287651526718646799e-01 1.000000000000000000e+00 3.434515635663618061e-01 4.525809684694889756e-01 4.596048893148352854e-01 4.375961741052401544e-01 4.153892431117553463e-01 4.637647237751804652e-01 4.844501543563875523e-01 4.707411691036146872e-01 4.497860104552020566e-01 5.053156608951044904e-01 4.923673198380363880e-01 4.748802953851155029e-01 4.556076366802349065e-01 4.683139645430611231e-01 4.338979360479821024e-01 4.657845632547284453e-01 4.790241643641579006e-01 4.431449604104333861e-01 4.579761836577870282e-01 4.651680543976092763e-01 4.881447946458370435e-01 4.867975512118004611e-01 4.835560913114063109e-01 4.494260063340107525e-01 4.815391411826831503e-01 4.924610301210488594e-01 4.996345266449723210e-01 4.807730262067713700e-01 4.958400251953996030e-01 4.770243619829099280e-01 4.950479294395545016e-01 4.832863060376673126e-01 4.915508966207557395e-01 5.052795570434198691e-01 4.806701287666799716e-01 5.068225027102906122e-01 5.049773679173789054e-01 5.085279205030477367e-01 5.061807593724818588e-01 5.054536706936807455e-01 5.005215039413117850e-01 4.970984113260037973e-01 5.017814502734061488e-01 4.988939177707261141e-01 4.842687243030719402e-01 4.980786337012330089e-01 4.882654144796647611e-01 5.036341263434426230e-01 4.871604118114019610e-01 4.739498766473597136e-01 4.950733214108183899e-01 4.709495336255609121e-01 4.946536654590241167e-01 4.812645193500272311e-01 5.020543811726392303e-01 5.009052503318187632e-01 4.907675075812167886e-01 4.828144535879305699e-01 4.953938437920326621e-01 4.971681461144387137e-01 4.867520847021163943e-01 5.046896992774900781e-01 5.053871918729246904e-01 5.055631505710068696e-01 5.084167321852873789e-01 5.036702675624998848e-01 5.063238267362528688e-01 5.072491475487165280e-01 5.035512546040105120e-01 5.045837634506143976e-01 4.996853801671367612e-01 5.037886458764447850e-01 4.972773478803902414e-01 5.029169094872445456e-01 4.979865941251486183e-01 5.020971968508374239e-01 5.014003705512489750e-01 5.074386735767008050e-01 5.049410171432928696e-01 5.035044135783618424e-01 5.091120329818180634e-01 5.049670661292281482e-01 5.082059511117910100e-01 5.087827016350073839e-01 5.082453375831998965e-01 5.113638896508474474e-01 5.100085354169787699e-01 5.055506245398321274e-01 5.082327382450108066e-01 5.067002199084975622e-01 5.050387448788837830e-01 5.062814369995574104e-01 4.981492568550721090e-01 5.063251319202113354e-01 5.077720340062668036e-01 5.115795356067232014e-01 5.026658730044850643e-01 5.039421978184173145e-01 5.088003650847907622e-01 5.090894678807067475e-01 4.947292509571289409e-01 5.026225136689721484e-01 5.039332189581152699e-01 5.055201643059535899e-01 5.046880302035462451e-01 5.033017106562802656e-01 5.058775451423288549e-01 5.016440566441300319e-01 5.044892023090046251e-01 5.050321765572205468e-01 5.022047333883267184e-01
6.064704733828097868e-03 1.058560094216009773e-01 2.347825701527023190e-01 4.048984814128091525e-01 3.434515635663618061e-01 1.000000000000000000e+00 5.459470042669994916e-01 4.860221342651909193e-01 5.188405335264560936e-01 5.060130065551657896e-01 5.449090991049555521e-01 5.707892070609840163e-01 5.426000046098337082e-01 5.447235217152202047e-01 5.903872673917843761e-01 5.819616416975649242e-01 5.229648661474488591e-01 5.194962368005855424e-01 5.441200636698216853e-01 5.182108948766076528e-01 5.467504481995533183e-01 5.534823859294185633e-01 4.912408364040100617e-01 5.075150755512629619e-01 5.329520574496492413e-01 5.551580067248025330e-01 5.659643870910174845e-01 5.617994925025266983e-01 5.426363353236622888e-01 5.622219316012239121e-01 5.866849688059727619e-01 5.776941098214855019e-01 5.637075384263573463e-01 5.691384886478508820e-01 5.604657765216604082e-01 5.734174398118300209e-01 5.724931739518276386e-01 5.766208933207269682e-01 5.927123865791013024e-01 5.674471407635129916e-01 5.917584181690739298e-01 5.979348695076720510e-01 6.023993550574426870e-01 6.008329878579332650e-01 5.979199722305553744e-01 5.944118175105932433e-01 5.923712948138369905e-01 5.928824738460801713e-01 5.874860983230532074e-01 5.709372611656177154e-01 5.880869922328164634e-01 5.775796303000980680e-01 5.912548149248103568e-01 5.806548122287387148e-01 5.726733122095173378e-01 5.820147434205450443e-01 5.730659594564535553e-01 5.951006501818379979e-01 5.824521302842692316e-01 6.003891356821785541e-01 5.987318789492607207e-01 5.889961731868077477e-01 5.868179017375827478e-01 5.881312133365279582e-01 5.885307779808741646e-01 5.841190682648903509e-01 5.966893219753339750e-01 5.937928541748254130e-01 5.915443277854638415e-01 5.985944352076859598e-01 5.970887438255729762e-01 5.949015439557162610e-01 5.865334542181026567e-01 5.901220411172247715e-01 5.967011884976745062e-01 5.899655963365225686e-01 5.982067885756040537e-01 5.923155950531953096e-01 5.978533437038037190e-01 5.937443321528967921e-01 5.971635163552698744e-01 5.971108928284297734e-01 5.936116084879919930e-01 5.924328271459293749e-01 5.915239434152553821e-01 5.957991783833223032e-01 5.981382124694497593e-01 5.998297484301462479e-01 6.020727785951968114e-01 5.994944245298412522e-01 6.016658572227393531e-01 6.037869831164154322e-01 5.990627240188997060e-01 6.018307804635899538e-01 5.982850552956728851e-01 5.982963079154277608e-01 5.984129777372202419e-01 5.877953407503442307e-01 5.973434715049604771e-01 5.992801532075350268e-01 6.039907010274118138e-01 5.960317452303900421e-01 5.966413863570196874e-01 5.994727000118442728e-01 5.977758943198636654e-01 5.870931009419048108e-01 5.956963893622579942e-01 5.981692056337782892e-01 6.002507691867567940e-01 5.995088197325189050e-01 5.975113468007073880e-01 5.990011213450842087e-01 5.956353696895810845e-01 5.948541885572324883e-01 5.950306159816149965e-01 5.945431783802687109e-01
-1.082155572534918182e-02 1.457101594888991769e-01 3.511838924839200127e-01 5.772961273814321004e-01 4.525809684694889756e-01 5.459470042669994916e-01 1.000000000000000000e+00 7.051274089270788137e-01 7.274532022731032832e-01 7.118350059199483049e-01 7.702563635410873966e-01 8.109974267912765100e-01 7.493375208711446911e-01 7.567724273294307302e-01 8.520686646645407869e-01 8.147402817341002912e-01 7.386199650075825351e-01 7.558086335186093851e-01 7.797295409320627035e-01 7.337323137797820971e-01 7.838721602302290981e-01 7.776630883907548197e-01 7.411424337038688970e-01 7.572916865535227471e-01 7.719336146946331745e-01 8.042936775652460568e-01 8.063860502031476862e-01 8.150365027660885220e-01 7.866745976297487841e-01 8.102103411749111972e-01 8.313531704248606768e-01 8.332745401217414027e-01 8.120199304394596362e-01 8.242995715206909990e-01 8.071100261363797213e-01 8.092619049773691620e-01 8.176274728234339539e-01 8.307070759087199496e-01 8.390334215375562232e-01 8.072718198588968441e-01 8.384470662176778388e-01 8.427733791707264777e-01 8.482949619686568354e-01 8.442009894936577385e-01 8.333924499339449010e-01 8.376131420619677970e-01 8.286982772025123234e-01 8.324778597090251031e-01 8.295989597408555127e-01 8.066361615161893317e-01 8.245235612081195375e-01 7.961850437436164274e-01 8.248993820323515802e-01 8.209329206420826752e-01 8.155116428126223393e-01 8.366105871821054585e-01 8.020233261532783153e-01 8.324864553044841742e-01 8.175522133947814574e-01 8.322858158551011964e-01 8.356630328189530443e-01 8.224094463183301285e-01 8.189158829449650900e-01 8.217807354777262319e-01 8.157912388594268371e-01 8.171833552958855940e-01 8.369311305652238353e-01 8.384463914162842979e-01 8.434771476980892357e-01 8.484170373814284849e-01 8.397141966739595231e-01 8.370986822224034674e-01 8.403799163489337198e-01 8.344112771774443438e-01 8.419448560973260554e-01 8.376282272947247476e-01 8.448967771706357155e-01 8.347377180806017094e-01 8.412474472355689903e-01 8.361995144123773871e-01 8.377291586597533923e-01 8.385197650888140952e-01 8.381548484568357438e-01 8.385031551650834469e-01 8.423620887030064397e-01 8.455774843107543015e-01 8.418254927279354982e-01 8.476237984355767807e-01 8.445147912435893023e-01 8.416035275136968252e-01 8.472693323977144031e-01 8.477921003287308688e-01 8.436159661051962910e-01 8.478289560155966020e-01 8.380486998842550106e-01 8.377031687821433481e-01 8.397422664359919242e-01 8.259283272894968331e-01 8.389204801925151944e-01 8.423253258911966856e-01 8.475551744263546405e-01 8.368918613934213102e-01 8.382974347150772276e-01 8.431275993606207608e-01 8.387733664199014116e-01 8.229482827818563884e-01 8.360695592827752654e-01 8.380669848883464113e-01 8.420492847081286758e-01 8.386421851500929225e-01 8.396604715097262250e-01 8.380078823459877757e-01 8.327243187980740702e-01 8.339856886745282694e-01 8.301122959685846014e-01 8.280652391687685077e-01
2.625110093992767939e-03 1.407796795161542769e-01 3.113261079696424405e-01 5.567240102395680790e-01 4.596048893148352854e-01 4.860221342651909193e-01 7.051274089270788137e-01 1.000000000000000000e+00 7.035076242625611931e-01 6.542364066645361964e-01 7.375932276801868692e-01 7.689282137455146771e-01 7.050132264512575242e-01 7.184769069943430786e-01 7.843828826754026817e-01 7.814553807471865676e-01 7.114684116364220490e-01 7.112959414357457044e-01 7.292181896207545755e-01 6.800657539341568025e-01 7.515606504502014840e-01 7.379411499155320575e-01 6.907100025472079352e-01 7.039868541726049811e-01 7.236034760126791587e-01 7.454657565612226033e-01 7.442172341321736662e-01 7.369883428453340990e-01 7.286136552525956933e-01 7.610948829818344752e-01 7.794446635661622658e-01 7.830689292700047099e-01 7.501543584407579512e-01 7.755405222413697119e-01 7.576546739075055159e-01 7.595000000271316942e-01 7.676640701825384605e-01 7.906290118405390199e-01 7.892433454893876821e-01 7.367117390627337947e-01 7.832848469290124571e-01 7.889459981996049809e-01 7.967657437565268674e-01 7.955183712258087070e-01 7.806610464480479017e-01 7.881850160093891722e-01 7.856365700576822819e-01 7.889507528263565161e-01 7.897899860312639353e-01 7.790383087000519735e-01 7.924394997984421929e-01 7.523397673461671431e-01 7.812604954108636202e-01 7.806927546343587210e-01 7.827410554958714739e-01 7.932833135129955249e-01 7.707081948263196924e-01 7.898979625934349214e-01 7.881143591219255118e-01 7.918885056120238408e-01 7.938959782970159695e-01 7.860221328597911672e-01 7.841858448727675457e-01 7.873230103715250783e-01 7.816735937310661519e-01 7.799768163145821553e-01 7.924885049737693254e-01 7.907406465190923717e-01 7.925558312068240463e-01 7.936834755855641799e-01 7.968777760274837751e-01 7.910915755935816751e-01 7.873686208319842228e-01 7.844133910897801432e-01 7.906914273206406829e-01 7.884591812153816104e-01 7.868043507792492619e-01 7.844169688553233044e-01 7.922358180430988384e-01 7.909865643189623041e-01 7.867952654359772202e-01 7.912520306577949247e-01 7.945689484635852784e-01 7.909329694365981878e-01 7.945873058855523752e-01 7.955290057497480527e-01 7.906433795991140157e-01 7.984146421923349335e-01 7.943236792159987791e-01 7.953769465286050222e-01 7.887669115977362644e-01 7.945221989118865791e-01 7.901034674254918677e-01 7.960038655232936078e-01 7.912568841262824781e-01 7.918859170542312809e-01 7.928972308556067050e-01 7.896037853755210056e-01 7.949348389317152375e-01 7.963185647288041347e-01 7.940183042630171162e-01 7.958212839498074453e-01 7.893695012070357508e-01 7.950289024948004046e-01 7.928103766792451434e-01 7.841079319569249639e-01 7.935426748989994339e-01 7.914010691802463304e-01 7.957306501536451915e-01 7.948304767987436348e-01 7.980725698794668421e-01 7.937790194505560670e-01 7.911088586749174256e-01 7.928086562465240794e-01 7.892882125124689452e-01 7.878076118573692499e-01
9.957730271156652047e-02 1.656984252668481927e-01 3.655287014799111223e-01 5.971095713652009307e-01 4.375961741052401544e-01 5.188405335264560936e-01 7.274532022731032832e-01 7.035076242625611931e-01 1.000000000000000000e+00 7.491602948787922100e-01 8.196042558128993072e-01 8.486260598710092529e-01 7.632463586339679473e-01 7.804165071418467381e-01 8.492168009293706854e-01 8.391129630996060351e-01 8.006249678589794083e-01 7.558865123472801040e-01 8.073777067831490184e-01 7.268430153743344890e-01 8.007792249220246905e-01 7.992489196921228611e-01 7.247572180951759035e-01 7.461193941824232345e-01 7.835695463559709806e-01 8.270321320929966413e-01 8.355184530766130990e-01 8.060824535313551031e-01 8.151276591601288590e-01 8.572016352176264897e-01 8.738338202351059181e-01 8.438703230548748602e-01 8.157212597172610602e-01 8.338485803047303024e-01 8.533896726670795463e-01 8.167457074749273627e-01 8.584827640830269280e-01 8.497659405354694995e-01 8.608350637918783521e-01 7.559058464915979769e-01 8.594816889923018177e-01 8.468099062421603485e-01 8.415023994980951327e-01 8.657270174804235774e-01 8.522304936425039168e-01 8.600551920761019264e-01 8.706861105205915274e-01 8.813919819262818756e-01 8.752377990085338233e-01 8.380757727671882540e-01 8.557002300947748052e-01 8.346678159452217693e-01 8.687074685870710411e-01 8.847543804381161614e-01 8.704773612971113961e-01 8.482598743609335301e-01 8.731115759211441896e-01 8.717701862379346744e-01 8.668786302666638965e-01 8.814549859757767614e-01 8.818252096130232420e-01 8.868088686057752357e-01 8.769141472646598823e-01 8.777993402675605683e-01 8.832144023837710245e-01 8.908082237527678027e-01 8.794689495260077372e-01 8.742944903375294841e-01 8.803256316735528220e-01 8.766426558337470087e-01 8.740380178951790979e-01 8.780978774788474883e-01 8.643657896708099031e-01 8.655428281550393566e-01 8.798696817064514120e-01 8.789814981767570812e-01 8.700647488008664832e-01 8.762263755282754252e-01 8.733016790197473123e-01 8.829496444070140670e-01 8.800720730576783168e-01 8.849239628953028403e-01 8.789056143642562935e-01 8.796930772551864175e-01 8.746047053673533522e-01 8.768147756977282548e-01 8.749401030270865798e-01 8.735176510861203392e-01 8.778395115731427722e-01 8.784179327054404407e-01 8.608246703483108941e-01 8.715694261011669441e-01 8.749778860717369877e-01 8.751328871962762435e-01 8.797817649098554904e-01 8.833210123416720405e-01 8.607256585518460179e-01 8.788710498577053665e-01 8.781373770132500090e-01 8.727849964040174102e-01 8.669234236207115085e-01 8.803753883042259032e-01 8.782934986140069622e-01 8.771627482081897353e-01 8.817157377500787208e-01 8.845807072608220523e-01 8.865601231732546106e-01 8.847312779033595920e-01 8.833781445840681590e-01 8.838811573475234828e-01 8.796857157408257688e-01 8.850844588152095849e-01 8.865862088374623085e-01 8.839531696237202807e-01 8.850742671417050067e-01 8.905268388006200020e-01
1.567009094178844694e-02 1.678289223056645685e-01 3.059553536504053817e-01 5.158002717223691969e-01 4.153892431117553463e-01 5.060130065551657896e-01 7.118350059199483049e-01 6.542364066645361964e-01 7.491602948787922100e-01 1.000000000000000000e+00 7.630868351113241355e-01 7.843501937740094965e-01 7.170681056966162759e-01 7.459554394783388664e-01 8.057471849795385666e-01 7.868300411026685204e-01 7.371528478077211677e-01 7.211677689649399481e-01 7.512275076326773160e-01 6.638190934740123561e-01 7.411316666610270332e-01 7.378684224397865643e-01 7.048440989048115890e-01 7.089141770491769190e-01 7.384114631639809856e-01 7.723008418199630576e-01 7.885230503235911570e-01 7.720480398052241844e-01 7.595677650759622423e-01 7.913040960220777409e-01 8.194113104412852344e-01 7.979982197611864558e-01 7.789625955692964787e-01 7.875076821347575251e-01 7.877708418313384975e-01 7.725262862687152232e-01 8.055505109309555323e-01 8.087910552327245428e-01 8.136015143518859905e-01 7.468161235921557672e-01 8.134195163272105455e-01 8.073353517159570503e-01 8.032216516533841055e-01 8.173437023298153470e-01 8.087080413576711591e-01 8.187975575295703967e-01 8.214638129625904117e-01 8.289755468786277337e-01 8.208574093482779999e-01 7.878352854687259432e-01 8.109669100541194720e-01 7.578852026591650359e-01 8.042669393369811237e-01 8.188839401836618404e-01 8.031944500814283128e-01 8.067149469218516389e-01 7.915090756804886718e-01 8.143414608481028827e-01 8.101019461007942235e-01 8.247151239057289862e-01 8.202758163768189004e-01 8.176544059965502598e-01 8.038127373224344119e-01 8.159376487258578337e-01 8.080112006667258262e-01 8.131889640461047453e-01 8.289101433366601324e-01 8.248179179486860857e-01 8.260339108902315930e-01 8.222281925484348220e-01 8.188862674795615026e-01 8.234539285105405559e-01 8.147927061223998457e-01 8.154654769137594794e-01 8.250934401568994492e-01 8.283480540951468907e-01 8.223955143456985750e-01 8.222027962307421056e-01 8.197898692356895278e-01 8.279796624801687432e-01 8.268855898996331222e-01 8.284568382162711409e-01 8.269225500365806614e-01 8.251955256453299414e-01 8.195060931066773247e-01 8.237492198535669718e-01 8.268546822240298022e-01 8.273822571402588144e-01 8.263607818476542688e-01 8.250018384697553886e-01 8.190721675103633803e-01 8.266149341433126629e-01 8.254036901100483270e-01 8.277375776945627983e-01 8.292587358901577499e-01 8.311565547889903094e-01 8.115129955844763154e-01 8.157837056746344295e-01 8.229330376874701702e-01 8.240118101204774170e-01 8.224134982195000498e-01 8.243635831095876831e-01 8.191424896164949399e-01 8.249144038831716097e-01 8.201307493348068967e-01 8.164254325108322163e-01 8.286170727734029073e-01 8.312954342966630827e-01 8.292110799690700640e-01 8.266480509076939986e-01 8.249832519659729968e-01 8.285599232485039156e-01 8.265764951270705430e-01 8.254583865142428589e-01 8.244140998270407250e-01 8.245694349861715233e-01
2.881972914108492032e-02 1.740847600010263230e-01 3.568468260156789640e-01 5.905556251144188362e-01 4.637647237751804652e-01 5.449090991049555521e-01 7.702563635410873966e-01 7.375932276801868692e-01 8.196042558128993072e-01 7.630868351113241355e-01 1.000000000000000000e+00 8.783721514502039751e-01 7.960997047267133198e-01 8.115909913356975647e-01 8.860167649304526716e-01 8.731523006217685179e-01 8.106650296795592237e-01 8.033104556466325041e-01 8.500310928041294734e-01 7.443870680963683428e-01 8.234477400445977535e-01 8.436191810145997616e-01 7.844960610705520310e-01 8.065249620982798406e-01 8.387270767732207810e-01 8.552416586333146942e-01 8.651712358192167329e-01 8.518025483668019149e-01 8.336335023840508729e-01 8.777328257784949850e-01 8.970901750249589135e-01 8.782857201521491186e-01 8.481572086527634502e-01 8.722020818594578007e-01 8.636006661922666083e-01 8.549389941077362165e-01 8.850415797043381660e-01 8.882441534494277535e-01 8.973349418022626978e-01 8.257870306782943981e-01 8.922489742218031594e-01 8.933033113287685012e-01 8.875629991336726476e-01 9.036047201733991008e-01 8.925385377514891694e-01 8.987058080491988621e-01 9.007829131833355873e-01 9.053721428601263499e-01 8.964919157137883898e-01 8.636991610650883722e-01 8.888989179585522482e-01 8.479226796969844271e-01 8.865032162363267743e-01 8.973891756786223084e-01 8.838753187653818344e-01 8.932011126143583057e-01 8.712698494139629046e-01 9.005429699009561695e-01 8.912935366635988954e-01 9.053734028626021502e-01 9.007295578468934583e-01 8.973398260878051591e-01 8.913075125784578612e-01 8.932986330749124182e-01 8.931901043419921971e-01 8.926858137389070968e-01 9.067727555035274278e-01 9.079214885731909934e-01 9.080576163779201515e-01 9.069213382426640768e-01 9.091286291296433175e-01 9.112876746949580831e-01 9.033662958599725235e-01 9.065314862607845026e-01 9.088263006503188857e-01 9.078703991337961909e-01 9.032217567288733928e-01 9.014390869100684656e-01 9.076400821915325823e-01 9.101191429468942218e-01 9.085564585898616707e-01 9.113779138897413201e-01 9.075917015143087907e-01 9.058791434602083692e-01 9.015038506768338067e-01 9.075302562737506129e-01 9.070359986629128457e-01 9.079413270146272641e-01 9.076967374773157182e-01 9.052327577439186479e-01 9.029517066308551110e-01 9.080653023930050916e-01 9.070677080631895928e-01 9.105463429242467432e-01 9.071615038018581156e-01 9.084901653483523631e-01 8.907515769215281765e-01 8.933113584137982732e-01 9.020746078983703509e-01 9.030937591727730140e-01 9.042407974728147169e-01 9.046910909287998459e-01 9.035263139313659542e-01 9.061857871453309343e-01 9.026389045201169692e-01 8.954547482840314876e-01 9.072915262511912493e-01 9.098898132539718908e-01 9.091252985290696476e-01 9.081118188480056252e-01 9.069441707858408863e-01 9.086926540440830591e-01 9.057326017560829445e-01 9.043477821829553065e-01 9.048628329948341653e-01 9.056092782325199098e-01
4.467578235254306140e-02 1.737262735443299289e-01 3.788124368433642974e-01 6.368636759859350738e-01 4.844501543563875523e-01 5.707892070609840163e-01 8.109974267912765100e-01 7.689282137455146771e-01 8.486260598710092529e-01 7.843501937740094965e-01 8.783721514502039751e-01 1.000000000000000000e+00 8.298800424648876684e-01 8.480348465845152228e-01 9.241714580710974625e-01 9.132093502948358532e-01 8.470823223111625389e-01 8.353364816650918900e-01 8.731798753620294562e-01 7.833428194299736358e-01 8.733621901545859378e-01 8.738149512753405901e-01 8.051003323704180037e-01 8.217247659914009850e-01 8.582408124018527928e-01 8.919493917881805567e-01 8.967783380585276909e-01 8.843285064660900696e-01 8.702076447988725816e-01 9.089273588568909101e-01 9.347582023702210030e-01 9.169145641426321713e-01 8.844975559895085215e-01 9.035283006539527317e-01 8.958657653059503012e-01 8.962950616913247792e-01 9.163034448589065795e-01 9.256741384434049591e-01 9.352120117755277073e-01 8.634944701433360237e-01 9.320300372756407103e-01 9.302403659738844866e-01 9.290288398257152691e-01 9.406100318069443578e-01 9.283443975613016041e-01 9.341742552400673638e-01 9.377624371624475597e-01 9.420514296243424068e-01 9.368456996153401439e-01 9.081987411220687756e-01 9.302901458804411217e-01 8.946352235708660006e-01 9.297603179434495990e-01 9.344799500891788346e-01 9.256084659325207742e-01 9.323223423752449168e-01 9.188282723727931867e-01 9.380041056556629453e-01 9.316144341799000861e-01 9.425450376086151882e-01 9.435333443963443978e-01 9.379469848521453379e-01 9.345539639994336900e-01 9.351871265892915952e-01 9.342666448678323965e-01 9.367767317653848957e-01 9.441510509993813471e-01 9.434097657553870420e-01 9.441574798355480969e-01 9.445005811766439274e-01 9.465188825066368494e-01 9.459846518010301963e-01 9.360517198782017934e-01 9.370568832610016718e-01 9.458083393258264193e-01 9.436600423925106673e-01 9.392408209614983017e-01 9.378721729056013201e-01 9.419219170678982955e-01 9.446610760049328759e-01 9.450056146226234466e-01 9.471359540810067035e-01 9.441687455108035421e-01 9.426608552362097937e-01 9.403161380927312907e-01 9.435265599322814056e-01 9.437571574848100386e-01 9.455711216013489295e-01 9.453491741874086030e-01 9.440932093480631782e-01 9.408360369973841619e-01 9.449398520817906544e-01 9.454283695749413630e-01 9.457764658201702757e-01 9.447713683287595199e-01 9.456567409890896947e-01 9.319444762823237971e-01 9.357365527041331399e-01 9.423593481999342769e-01 9.431385388707977935e-01 9.413407060045393404e-01 9.446748665611510720e-01 9.424093916142958216e-01 9.447012023035319395e-01 9.437832211946219907e-01 9.357377446133839927e-01 9.455694205239099093e-01 9.455645053098565844e-01 9.460155845267986807e-01 9.445662519053441564e-01 9.444617542529303300e-01 9.455903151062888812e-01 9.437021329949121240e-01 9.440305884774774503e-01 9.424884804733486554e-01 9.439490874152928201e-01
-1.046892291010961644e-02 1.390534663697804707e-01 3.328500434821986542e-01 5.526553940341716320e-01 4.707411691036146872e-01 5.426000046098337082e-01 7.493375208711446911e-01 7.050132264512575242e-01 7.632463586339679473e-01 7.170681056966162759e-01 7.960997047267133198e-01 8.298800424648876684e-01 1.000000000000000000e+00 7.689664278860366409e-01 8.449243876101801831e-01 8.465580049109884264e-01 7.634901504273370332e-01 7.483329659206990891e-01 7.931225947878403071e-01 7.134076827222077810e-01 7.762827847399424996e-01 7.905410821501335228e-01 7.290547605850334900e-01 7.423658723211172816e-01 7.827360953808950583e-01 8.028670950210208268e-01 8.112969252652769692e-01 8.011604384585444549e-01 7.917439502693797149e-01 8.202938216157780182e-01 8.473735289190940101e-01 8.240518960374546564e-01 7.890235435677794840e-01 8.085881626920600196e-01 8.093601907350831404e-01 8.033149413462618016e-01 8.318568648659138143e-01 8.352146292249394977e-01 8.457924163643795179e-01 7.767342264616953207e-01 8.496301275677509146e-01 8.460858311596010095e-01 8.476162047145233691e-01 8.588959253615836564e-01 8.441101977247267296e-01 8.545197297803922565e-01 8.563891248683696000e-01 8.584795721565976478e-01 8.494144586231682226e-01 8.084147201948519434e-01 8.408948007414305259e-01 8.087266859142893116e-01 8.451662898975214055e-01 8.505691943541708877e-01 8.375588340130735165e-01 8.411072076016561372e-01 8.278370251735176488e-01 8.548879063074195095e-01 8.440072318394721274e-01 8.633455796349039923e-01 8.625802913299819297e-01 8.543925089966705189e-01 8.485241580258738869e-01 8.524952238541949612e-01 8.517720139875200047e-01 8.511740984317052172e-01 8.619889123697044298e-01 8.614365717059775385e-01 8.601674023538800062e-01 8.637171615736631836e-01 8.589691037919737759e-01 8.622131556676631003e-01 8.533471660117338820e-01 8.539257845217759213e-01 8.613987116032407743e-01 8.605176826270610757e-01 8.578358567075626828e-01 8.564475151429390420e-01 8.601122781917640570e-01 8.623991690096762808e-01 8.614258192496230260e-01 8.636899489358806914e-01 8.587962586007050758e-01 8.592181388773038053e-01 8.507618418197966381e-01 8.571959906242965221e-01 8.591406367639247144e-01 8.617732005413775154e-01 8.627991613452657971e-01 8.614992894660009615e-01 8.561830964242922448e-01 8.642558359791606692e-01 8.625347602940555136e-01 8.649508207438801888e-01 8.647781096962144920e-01 8.651500871124419012e-01 8.464584597647502040e-01 8.499388420717646220e-01 8.613763429634236912e-01 8.590614241016933939e-01 8.628923231195756438e-01 8.604274212234706010e-01 8.604409906771597338e-01 8.628344694229412859e-01 8.602260521144918792e-01 8.519502227230562053e-01 8.627956280342846673e-01 8.652330311266035467e-01 8.647265242928897644e-01 8.631349292672496620e-01 8.621140081271387867e-01 8.663118796511939390e-01 8.601841716265603566e-01 8.613901254295149856e-01 8.597862019913987686e-01 8.621324183690798337e-01
