1.000000000000000000e+00 1.418047651739930415e-01 1.295446295575652385e-01 8.722697124502970523e-02 7.736435913478255377e-02 4.158833776703482060e-02 1.061249086125867769e-02 3.308126166644088928e-02 1.440429890311098471e-01 8.458848430231247217e-02 4.859743534768163481e-02 5.616826345158160150e-02 5.200864051492470885e-02 1.829494294225958440e-02 -3.195160364609839990e-03 3.576758375944426999e-02 1.238115099066295216e-01 1.652698009660122924e-01 1.097706316012077438e-01 7.969664055196262753e-02 1.158043640830513782e-01 1.277317440476799792e-01 1.505169895192055018e-01 1.384896735237509113e-01 1.202800105952095688e-01 1.036186637845969705e-01 5.514666077387925247e-02 7.465715594865238169e-02 9.706448555653190979e-02 1.041233390746160170e-01 8.465490933409029750e-02 7.839154145898824533e-02 6.064698243813062412e-02 8.818020828935901889e-02 8.428278842675679394e-02 7.472269854246248177e-02 5.809798574262075438e-02 4.263593756751214714e-02 5.155035829977046985e-02 2.105965512831259236e-03 2.459809487370453324e-02 1.876301766687283115e-02 5.688013769897126704e-02 5.923923711645833617e-02 1.995086882895333313e-02 3.021901856711970216e-02 1.099327891938968113e-02 2.407843824696771426e-02 4.039514576780547234e-02 7.069375453031331857e-02 4.757744984695193302e-02 3.834478357807947352e-02 4.978199870774548119e-02 4.625531635027434890e-02 5.549207864937085594e-02 5.245219402513238982e-02 6.931115798718479049e-02 2.725473165452265215e-02 2.800617927803399770e-02 4.207967461688719851e-02 2.758649168957965497e-02 3.599240436359780332e-02 4.643193110923118233e-02 5.783903770500287145e-02 6.077604843905198839e-02 5.277996225794020363e-02 2.709746483635957354e-02 4.673736888058635519e-02 4.838554028736687107e-02 3.153064915806094021e-02 4.584828435731592294e-02 5.111379703732978758e-02 5.642560281858893800e-02 5.030630355148429933e-02 3.191879618918488232e-02 1.950029619099963307e-02 1.637969664571176098e-02 3.332519024970580224e-02 4.170415445337451177e-02 4.125236981767273908e-02 2.494150371651101747e-02 3.223332062458162534e-02 5.400068218255755365e-02 4.199153160360491466e-02 3.360802985689933381e-02 4.348165490578178444e-02 2.837485623959758174e-02 1.359641638440982174e-02 2.009889461165464269e-02 2.826105721164143963e-02 3.123909524209173699e-03 9.200490192988103333e-03 2.055216642255582038e-02 1.292645708306200923e-02 6.344660020170389027e-03 1.641656873653472154e-02 1.962511804645762983e-02 5.459151203492624421e-02 2.272227021507671266e-02 6.253832945616597146e-03 1.435701071510919052e-02 2.561107207142141601e-02 2.438445365358068301e-02 1.174881028097596834e-02 2.968969582037925617e-02 4.874752588879831955e-02 1.999114458078306983e-02 1.356495543150103462e-02 2.378724276547036082e-02 1.158946106845744339e-02 1.106171772773949409e-03 2.285961321142485764e-02 2.011390109217686684e-02 2.921773299314956579e-02 4.230132713458679278e-02 3.464234867248280197e-02
1.418047651739930415e-01 1.000000000000000000e+00 7.567402821276079938e-02 8.774902329250400257e-02 8.511045344363989129e-02 9.085056217321385574e-02 1.219715743405911518e-01 1.007172683285670889e-01 1.391947419715879597e-01 2.186245154548281666e-01 1.444616277031847973e-01 1.310814009243582989e-01 1.462963154062449644e-01 1.251068216627519991e-01 1.326901531419615032e-01 1.547211864323539132e-01 1.538571119616994332e-01 2.277759658494843131e-01 2.250253788812499045e-01 1.613555075271189410e-01 8.589141869353793257e-02 1.283168843973909179e-01 2.520927096761764741e-01 2.471483906091174465e-01 1.991587579157897414e-01 1.955105864828814433e-01 1.588427756810465719e-01 1.762347937442581003e-01 1.846873568573447477e-01 2.381558735656210957e-01 2.051585328039360889e-01 1.907753414250960566e-01 1.660919408761931393e-01 1.850162616597631760e-01 1.910140212571161955e-01 1.396412503084062118e-01 1.718862804526438415e-01 1.682968990186468616e-01 1.626784334732797599e-01 1.241658432685233265e-01 1.594539597559519739e-01 1.483089812211944025e-01 1.474532548639163887e-01 1.472863088034331303e-01 1.491671596920955967e-01 1.536889655606349381e-01 1.405589186566447435e-01 1.550323334777045647e-01 1.516293720659876720e-01 1.253565697042265947e-01 1.395422320910810754e-01 8.661312036011760418e-02 1.381852217449947573e-01 1.605686200153937371e-01 1.498495056908668022e-01 1.674026796848217258e-01 1.442739084121577031e-01 1.417648150384508421e-01 1.370952512680428392e-01 1.514636110775106348e-01 1.382765270950803704e-01 1.451264416429638993e-01 1.308994280222957052e-01 1.478484908813338106e-01 1.353626274744320901e-01 1.394382521475729941e-01 1.530852482080329036e-01 1.872991003043250335e-01 1.856993283979387066e-01 1.458067465940135199e-01 1.386043029863938403e-01 1.683076512176287509e-01 1.925409627082189101e-01 1.811737626623386443e-01 1.579689074630643286e-01 1.537786544812068945e-01 1.482927467181862913e-01 1.552601215045124328e-01 1.772073185504736970e-01 1.810189198410030731e-01 1.712175242421552224e-01 1.711987887985695622e-01 1.693316085140532945e-01 1.677287915891788606e-01 1.521105443047346129e-01 1.675006921973976604e-01 1.577732600422479536e-01 1.537506345045646372e-01 1.512019609468863712e-01 1.574921391416528038e-01 1.398750179916450342e-01 1.424163034915281179e-01 1.517239862615555879e-01 1.474503393579593979e-01 1.432892136813000428e-01 1.497834031725094606e-01 1.271796505168103220e-01 1.221473514539351130e-01 1.359196672013504303e-01 1.327171881154107502e-01 1.412275127019803900e-01 1.297189016277877915e-01 1.391277195269857991e-01 1.375111375726892626e-01 1.330907888827174146e-01 1.361412512482589876e-01 1.437270981636575018e-01 1.508369558143506373e-01 1.500781537030537738e-01 1.394844738078404034e-01 1.369588751622930478e-01 1.458686816935564068e-01 1.414020357543232520e-01 1.408033816572276387e-01 1.462059262938658066e-01 1.405555797229556259e-01
1.295446295575652385e-01 7.567402821276079938e-02 1.000000000000000000e+00 3.035437242521232815e-01 9.461548844735538644e-02 1.490081967854016420e-01 1.884477953496270786e-01 2.491286021072263990e-01 2.617673593763857331e-01 2.291175120175005797e-01 2.727061256593272809e-01 3.024867461739977337e-01 2.429482841974776319e-01 2.209143899401812827e-01 2.652610484910250532e-01 2.518719937144593413e-01 2.438805821395502726e-01 2.822087629591941149e-01 2.727517127523873541e-01 2.681739734991086532e-01 3.074923341814768674e-01 3.161470706854772050e-01 2.862989709234694535e-01 2.719624880770064035e-01 2.790312940123261254e-01 2.945844484714030820e-01 3.130089566007958624e-01 3.015512979783828706e-01 3.149351496057256061e-01 3.066968526247312865e-01 3.064191970491335626e-01 2.990830769565252512e-01 2.761775243456280893e-01 2.969624979158885791e-01 2.913995865099735516e-01 3.018607959405312235e-01 2.975596997088512663e-01 2.904605502575105525e-01 2.886245704802452572e-01 2.951571129643057456e-01 2.889990039402167143e-01 2.837398663083592343e-01 2.920838327929937694e-01 3.043191031031838301e-01 3.007580576708634434e-01 2.866524476882855721e-01 2.722543298659819144e-01 2.771315577597981972e-01 2.775116146912872117e-01 2.936081485325610640e-01 3.027688249478199811e-01 2.842873287966135587e-01 2.771696420112405024e-01 2.753613349696810708e-01 2.889855786097038637e-01 3.001424741253250761e-01 2.920445183053082538e-01 2.836472528380948877e-01 2.803452582849139119e-01 2.745868793965462462e-01 2.823265709450443750e-01 2.767112897390841542e-01 2.855021520736278906e-01 2.921797930076278083e-01 2.857070216736797286e-01 2.881754887001782839e-01 2.774075491028683005e-01 2.873929458730121733e-01 2.919763337151589644e-01 3.047394103109780650e-01 3.022223277748473658e-01 3.006173610565377463e-01 2.930045308888025168e-01 2.914019179973530438e-01 2.908428553642761205e-01 2.871239693244044267e-01 2.876876041830322417e-01 2.970221777090169546e-01 2.895279780211389431e-01 2.870111735565484268e-01 2.835957352149384159e-01 2.827107410193896997e-01 2.928381730442556896e-01 2.861828136918552756e-01 2.843660365202830831e-01 2.869095486606333401e-01 2.888162138901536058e-01 2.809395382902326044e-01 2.814718023524951929e-01 2.877143357504591270e-01 2.842340438853598328e-01 2.783250047888913836e-01 2.863460050967747139e-01 2.873528105218216000e-01 2.721533288197790501e-01 2.718656275584213633e-01 2.799458323477548305e-01 2.803470728563550174e-01 2.755380956880823518e-01 2.723316709571854122e-01 2.793783668529515318e-01 2.799503062500747763e-01 2.782264750199358039e-01 2.779556214691430993e-01 2.862790656639579434e-01 2.852113719351473398e-01 2.736517233347656175e-01 2.743791462107649792e-01 2.836829146579827876e-01 2.712145219483271807e-01 2.730582475120025276e-01 2.710812234322726444e-01 2.744033997841902051e-01 2.777039604088462066e-01 2.818647379404287667e-01 2.810440209387555233e-01
8.722697124502970523e-02 8.774902329250400257e-02 3.035437242521232815e-01 1.000000000000000000e+00 2.705896420630942711e-01 2.780641702826583961e-01 4.298955922672155205e-01 4.462989888743136291e-01 4.337834600293348220e-01 3.576023058442938662e-01 4.785454746605832255e-01 5.557236608206529427e-01 4.666382675240980937e-01 3.823518863537703760e-01 4.996513075181127639e-01 4.972438644667894203e-01 3.969153813717113954e-01 4.217073834045755309e-01 3.919336270366423625e-01 5.049640911655851605e-01 5.420060140570908125e-01 5.058179869853564048e-01 4.018870001233645350e-01 4.065891652714425653e-01 4.105154955689233054e-01 4.798260560887366855e-01 4.795510188299810794e-01 4.776712787640833291e-01 4.656319771883779546e-01 4.723489235478577908e-01 5.059909573726439902e-01 4.853513345005149859e-01 4.597758013792806464e-01 4.699395454555628793e-01 4.697793065014004288e-01 4.877619843924876908e-01 4.854500116830165468e-01 4.946129441271611693e-01 4.857983306969957948e-01 4.880767199409424273e-01 4.962916635832291257e-01 4.914111938505154042e-01 4.973974485924305133e-01 5.174739252770385045e-01 4.986078432154317230e-01 4.873868490617144777e-01 4.838955901404317639e-01 4.772173533393159195e-01 4.944594295243638360e-01 5.089787672046116596e-01 5.125712910721592630e-01 5.137096426779774738e-01 4.978857599140766310e-01 4.709397005927534186e-01 4.880010412921139684e-01 4.829573104317784193e-01 4.832533237285666639e-01 4.879776078402253692e-01 4.880975155687485856e-01 4.817333787421667624e-01 4.983401785688832408e-01 4.778748210876141433e-01 4.985950560960195621e-01 4.927247878692730954e-01 4.971119000204500815e-01 4.963825130718942380e-01 4.822850598415379109e-01 4.788545683893977167e-01 4.910127793126896623e-01 5.462144627464114999e-01 5.313934209539162845e-01 4.995814442230641639e-01 4.901805760730183481e-01 4.875646694115509661e-01 4.968210985132701096e-01 4.958555431152725235e-01 4.983086427486988490e-01 4.963973268973358444e-01 4.893458521180874543e-01 4.816141391360045376e-01 4.868889507433803443e-01 4.951942152851868673e-01 4.897396817171345562e-01 4.843384099745440818e-01 4.975176044459843072e-01 4.927890526256539783e-01 4.959838463732994529e-01 4.956582726949221307e-01 4.895186185735442841e-01 4.824759360996023205e-01 5.005869835517220423e-01 4.943050086003014099e-01 4.939116948114830596e-01 4.954333662725827758e-01 4.872871258816918738e-01 4.839233232715904887e-01 5.121673432188719177e-01 5.065313663694006596e-01 4.987145359359010377e-01 5.031419495262384745e-01 5.028240667879643189e-01 5.021117578410796423e-01 4.968080511395697174e-01 4.979773183949202098e-01 5.069047306858607271e-01 4.918377889541146186e-01 4.907095133215547134e-01 4.789501440865729376e-01 4.950193245039834489e-01 4.888042357682583772e-01 4.915417838600144029e-01 4.856568795954552820e-01 4.902031764540636383e-01 4.967345992288541012e-01 4.962480399143633369e-01 4.964593275550521212e-01
7.736435913478255377e-02 8.511045344363989129e-02 9.461548844735538644e-02 2.705896420630942711e-01 1.000000000000000000e+00 2.217519698094811420e-01 3.925878858454119880e-01 3.829899639063503169e-01 3.673134959895767437e-01 3.275925805161011839e-01 3.499949352800101887e-01 3.963059039923195193e-01 4.090130678016121735e-01 3.122609523652200569e-01 4.252967457111080929e-01 4.175448599186038501e-01 3.509234395591689926e-01 3.471435717301696311e-01 3.244227556540963398e-01 3.920454662482418806e-01 3.568636734966634250e-01 3.719432087671052378e-01 3.359354473359019710e-01 3.279606662772518444e-01 3.055655403726019737e-01 3.930061694640963332e-01 3.803598107361326752e-01 3.918628659880052933e-01 3.504127935476470390e-01 3.905505262004645428e-01 4.159546012922723524e-01 3.991280580634977704e-01 3.422349716928326235e-01 3.648603227089610712e-01 3.745713626645300054e-01 3.591845632269993205e-01 3.932884500208446155e-01 3.903919022746824008e-01 3.939346222014463716e-01 3.673484783598546799e-01 4.181665845341691612e-01 3.962500384560806999e-01 4.161319077755777363e-01 4.143606017859493007e-01 4.020403076990768376e-01 4.013827642735444678e-01 4.182682966185116147e-01 4.093109013141587593e-01 4.182982833414200519e-01 3.998258610328071505e-01 4.151185614606746621e-01 4.186575043193280221e-01 4.228310149201088830e-01 4.203191205089150118e-01 4.246174124082285894e-01 4.138276425040077755e-01 4.068181467576472143e-01 4.118503790273846388e-01 3.997630114152309067e-01 4.273831173391995919e-01 4.272543368793411678e-01 4.048040675338893113e-01 4.128587821537990643e-01 4.114215674905130626e-01 4.213641562798690621e-01 4.314833122728687353e-01 4.123430504515916972e-01 4.097970079389711695e-01 4.175086340515395400e-01 4.429766994618385967e-01 4.276783923615475880e-01 4.084064318355276613e-01 4.044550203760743923e-01 3.933169024773745526e-01 4.149523820213836811e-01 4.164859641734135476e-01 4.049443296094581424e-01 4.004707013114598424e-01 4.110474592768701974e-01 4.098571975672343215e-01 4.120884781671892427e-01 4.172616116941377795e-01 4.131074992161627435e-01 4.064348043295784030e-01 4.088845748856325679e-01 4.049859802160736821e-01 4.061744721315431739e-01 4.107147285881144749e-01 4.073444396944097545e-01 4.095074600068567827e-01 4.018762937128087520e-01 4.158198162575150181e-01 4.143483512350148446e-01 4.096617484927820851e-01 4.180856044037574715e-01 4.165363640808190659e-01 4.208901016908293546e-01 4.296121316227399234e-01 4.313104332056065249e-01 4.212776343996557649e-01 4.273044883996829357e-01 4.242538080972883541e-01 4.270648791231408947e-01 4.236737580569307493e-01 4.245605791431397158e-01 4.174713706139754898e-01 4.197069197601918100e-01 4.143357782959399827e-01 4.244256084656663486e-01 4.200793476901831247e-01 4.125662426986004272e-01 4.215561022860938034e-01 4.168137642109778773e-01 4.242701926756663466e-01 4.224937871699314118e-01 4.280559456474236080e-01
4.158833776703482060e-02 9.085056217321385574e-02 1.490081967854016420e-01 2.780641702826583961e-01 2.217519698094811420e-01 1.000000000000000000e+00 4.151996237725100181e-01 3.321312096851680162e-01 3.937044768146967799e-01 3.831416522098872179e-01 4.089031586010183350e-01 4.442894857952221499e-01 4.179118097057910597e-01 3.585561070515398407e-01 4.561752774294860480e-01 4.354106161241290684e-01 3.766048729108940618e-01 3.705612913479258141e-01 3.797896837223901367e-01 3.868587055847588219e-01 3.739933165025584594e-01 4.007158954500825154e-01 3.595684547748114190e-01 3.515121024930480398e-01 3.502507141612870023e-01 4.519154693215303720e-01 4.444637655770628526e-01 4.355669346796765540e-01 3.992803555775406021e-01 4.438043257805768804e-01 4.643443439694944774e-01 4.551168470774004104e-01 4.120631608647425392e-01 4.331156411495251657e-01 4.406970459542898788e-01 4.416010495129591984e-01 4.549469789022078103e-01 4.613449409251127453e-01 4.644083009958714370e-01 4.404047253800588146e-01 4.668874825189364697e-01 4.638376241671909872e-01 4.712483676256324916e-01 4.823437232082226078e-01 4.644146531583475124e-01 4.769385139126994244e-01 4.710518936358752962e-01 4.739848564820094978e-01 4.748926495381525781e-01 4.611567344556265491e-01 4.758379784783174915e-01 4.640714561439495123e-01 4.701340282176904029e-01 4.737337594434469223e-01 4.742710239341436651e-01 4.727472296138064412e-01 4.685192506195496875e-01 4.718809925440831110e-01 4.692529801412291257e-01 4.751284773044728849e-01 4.845526464389053323e-01 4.744343371211435234e-01 4.770081296409529048e-01 4.701040494996722163e-01 4.774441495494448073e-01 4.777900740947675362e-01 4.797935931734276793e-01 4.742623672929027201e-01 4.754951134013829517e-01 4.841522683515637748e-01 4.738231068430500681e-01 4.732697496906489998e-01 4.635747875161300713e-01 4.572149786564618790e-01 4.816907116023391722e-01 4.781772499403894594e-01 4.676443191583934400e-01 4.621489388347188587e-01 4.709729246442064254e-01 4.742591675879332946e-01 4.752452776679560453e-01 4.806570239891172491e-01 4.731210784211603571e-01 4.720648946261553625e-01 4.722306952273717107e-01 4.762211463060829209e-01 4.761942834426506344e-01 4.729873370341654559e-01 4.776407228665854876e-01 4.772197890590470504e-01 4.751149384803427522e-01 4.812777740777077762e-01 4.796512313703930608e-01 4.827126978112120104e-01 4.813715271662356576e-01 4.799421396855990118e-01 4.790904988693700517e-01 4.747151335264309102e-01 4.819101911986836684e-01 4.813646571613603431e-01 4.848954388703077822e-01 4.781101208119689083e-01 4.831057416452017028e-01 4.826282181400586291e-01 4.830348829831973001e-01 4.729572724561788566e-01 4.795316830530393371e-01 4.797238395960489732e-01 4.819630164495994906e-01 4.780535178988911116e-01 4.805530767064427056e-01 4.805078179584367781e-01 4.797834381650847302e-01 4.810793538454018470e-01 4.804251898344816252e-01 4.811845728093021024e-01
1.061249086125867769e-02 1.219715743405911518e-01 1.884477953496270786e-01 4.298955922672155205e-01 3.925878858454119880e-01 4.151996237725100181e-01 1.000000000000000000e+00 5.451075635990711987e-01 5.645856483615003807e-01 5.135055526098125656e-01 5.962700360700909918e-01 6.396197464859071369e-01 5.928727696249451729e-01 5.334285886204476190e-01 7.446475861063814872e-01 6.503967070726651700e-01 5.300613867594373696e-01 5.198342086016561892e-01 5.125512082077966491e-01 5.972004400625927634e-01 5.671957677964784006e-01 5.891993373650283861e-01 4.934111391873634012e-01 5.100180462574133156e-01 4.877347447714057704e-01 6.311223001179395720e-01 6.237130749800889884e-01 6.406882612383804076e-01 5.733036680270618968e-01 5.958643187044758704e-01 6.573042535954071175e-01 6.538728448351797118e-01 5.873261199467650906e-01 6.241007866359457035e-01 6.097398297698441993e-01 6.291276511835796059e-01 6.310064574810573257e-01 6.705617542638228068e-01 6.669175891644495424e-01 6.605721374723960704e-01 6.866485734513012584e-01 6.827945411304712220e-01 6.939558447850556755e-01 6.831158848327807398e-01 6.695520843180008397e-01 6.761682921331679808e-01 6.797928521884565312e-01 6.656690434915445431e-01 6.839730170578977031e-01 6.689653787803219176e-01 6.906035717414745756e-01 6.721777292127437686e-01 6.705303723191188281e-01 6.612907294260554902e-01 6.683959771012755180e-01 6.653782808365208412e-01 6.535084911118234086e-01 6.705256579670328954e-01 6.719417504791159734e-01 6.683339602360358622e-01 6.873976538203554476e-01 6.690191197848320837e-01 6.750318286366639997e-01 6.660903975541631050e-01 6.567718379181031185e-01 6.655735779726532630e-01 6.713887104425136920e-01 6.657735964664723838e-01 6.717603432665915086e-01 7.076792559917545189e-01 6.880667530658369779e-01 6.656806329578390802e-01 6.649852908551552311e-01 6.476154692536266744e-01 6.846204318352492324e-01 6.767970589857873476e-01 6.838420090294660136e-01 6.607153540368714273e-01 6.815716930118939088e-01 6.595023271749046456e-01 6.681802657214059860e-01 6.801798042037201508e-01 6.633132740827371032e-01 6.672279299556740373e-01 6.786871014575608374e-01 6.748913549855245497e-01 6.678490759396421561e-01 6.860816414845198885e-01 6.784270954064431924e-01 6.673894159581976737e-01 6.894856315889166254e-01 6.918239562165222623e-01 6.788774465792278834e-01 6.893585869760043838e-01 6.821713582311091928e-01 6.766662282438310472e-01 6.954893028629086649e-01 6.709381496678975543e-01 6.877853848521435776e-01 6.969797377892262835e-01 7.017442878424736685e-01 6.794034919729384780e-01 6.780656418151383980e-01 6.862841384853297644e-01 6.807004626848249806e-01 6.607159145729418759e-01 6.777569822094539065e-01 6.736102167028897858e-01 6.813086670761987484e-01 6.786332192225942306e-01 6.862337090569815556e-01 6.741408047164978434e-01 6.745162706426088839e-01 6.792488166730625831e-01 6.727230284613610056e-01 6.708991395218714127e-01
3.308126166644088928e-02 1.007172683285670889e-01 2.491286021072263990e-01 4.462989888743136291e-01 3.829899639063503169e-01 3.321312096851680162e-01 5.451075635990711987e-01 1.000000000000000000e+00 5.765183303787720925e-01 5.033695483435277618e-01 5.953660972934519124e-01 6.468853305428281519e-01 6.021587773094840834e-01 5.143294227191532730e-01 6.713720607513450345e-01 6.822372575263109251e-01 5.297028852236204122e-01 5.177344370287243480e-01 5.181052149851317346e-01 5.778235845629624556e-01 5.791660565895511148e-01 5.976397266692723420e-01 5.234796051976862152e-01 5.074660105239630070e-01 4.778605450863321891e-01 6.145392148284611888e-01 6.326833734467443016e-01 6.181036060284554878e-01 5.800484868413170458e-01 6.151209733297869908e-01 6.569195649537998838e-01 6.502481157607090667e-01 5.910775460758707078e-01 6.120154715699051007e-01 6.018572408589315526e-01 6.133792369470200123e-01 6.370693437031051953e-01 6.686866858697976257e-01 6.674146235936491145e-01 6.462900728397882322e-01 6.693309836213561237e-01 6.675534461362033767e-01 6.688306110945987371e-01 6.782992511799861290e-01 6.667421804469834123e-01 6.702680044115859603e-01 6.746169746999540751e-01 6.648412999409732960e-01 6.749370533467808908e-01 6.584404270001457116e-01 6.825626080998054013e-01 6.441471881759329721e-01 6.661002745538746606e-01 6.608336545666251283e-01 6.683774404043356654e-01 6.619154227560956061e-01 6.687776884249249099e-01 6.794209583842224509e-01 6.757714017847566979e-01 6.721045656230849596e-01 6.804298535068323828e-01 6.732268231317839469e-01 6.824568872805980568e-01 6.774950351603954424e-01 6.615353183327911113e-01 6.660670003400795958e-01 6.655414533474144356e-01 6.566313276251962705e-01 6.718493892709618276e-01 6.964591468777571182e-01 6.809135594094238852e-01 6.612207531252907167e-01 6.517412655975790559e-01 6.372805236703266152e-01 6.709426495236918697e-01 6.678337625146520962e-01 6.630607131720770431e-01 6.620665111172839845e-01 6.672208762999065623e-01 6.626688453341135210e-01 6.643547383158149300e-01 6.739617377497988393e-01 6.661129767349197595e-01 6.615731325479977665e-01 6.740391522098272414e-01 6.638362873883630888e-01 6.652789781657211243e-01 6.840059743420034977e-01 6.752399284658008316e-01 6.693287765885812535e-01 6.739262630502358409e-01 6.788865392416252309e-01 6.744971371468018173e-01 6.784201469930906114e-01 6.753041915045047139e-01 6.721657912372612786e-01 6.892598951238306793e-01 6.756844247158210193e-01 6.826214800846889252e-01 6.872158076211327682e-01 6.837303130999834444e-01 6.857348225282755561e-01 6.757563709693664711e-01 6.839606205202966027e-01 6.723672266209772541e-01 6.741638126020963462e-01 6.761716062722772369e-01 6.660541888479170058e-01 6.786698715163193008e-01 6.809598614142855499e-01 6.826842807542131686e-01 6.743657754436395146e-01 6.795232639734274382e-01 6.785502674125656331e-01 6.704125657180441955e-01 6.718081722278851364e-01
1.440429890311098471e-01 1.391947419715879597e-01 2.617673593763857331e-01 4.337834600293348220e-01 3.673134959895767437e-01 3.937044768146967799e-01 5.645856483615003807e-01 5.765183303787720925e-01 1.000000000000000000e+00 6.642186978020676591e-01 7.168503229600008408e-01 7.569190928406676067e-01 6.839723318381647488e-01 6.128049484287316773e-01 7.508749219412267362e-01 7.434413110723834262e-01 7.338949936477379143e-01 6.258502815517656970e-01 6.823460880693256181e-01 5.830804669580025301e-01 6.338209920212245496e-01 7.379213850051458135e-01 6.506542752066939439e-01 6.123581176060913789e-01 6.247987146857967300e-01 7.613599543994764574e-01 7.762505775646130202e-01 7.596703856727636817e-01 7.086854480266798761e-01 7.638450238580192231e-01 8.073973275094018520e-01 7.836414872423401734e-01 7.239440365775711150e-01 7.461991159401898388e-01 7.563398497353476246e-01 7.514065550062973831e-01 7.889255636889417334e-01 7.868360470120407957e-01 8.045145784846826631e-01 7.439568898341465397e-01 8.159533572981636507e-01 7.904931894056200781e-01 7.810288354774114206e-01 8.197158340385255482e-01 8.042424364586728824e-01 8.026841630442314024e-01 8.300084752607368443e-01 8.381305961830614049e-01 8.331805764151796190e-01 7.949012740097131102e-01 8.086014807382749803e-01 7.731746196551625427e-01 8.092562390829546315e-01 8.397069640713178407e-01 8.361664292632132733e-01 8.204611158679372407e-01 8.280208057837521451e-01 8.264717355021057310e-01 8.218576929650430740e-01 8.415471132808688415e-01 8.334819434970002217e-01 8.273870403572869403e-01 8.177379088601638424e-01 8.354007988212700520e-01 8.410760257159243247e-01 8.408632948035479338e-01 8.327299097366145375e-01 8.191823889267192405e-01 8.199911441728143791e-01 8.076956779471797798e-01 8.208917787075242778e-01 8.306720450611930762e-01 7.990324540560013178e-01 7.985946320887271632e-01 8.271301965912493115e-01 8.267686303732618702e-01 8.107345318613797813e-01 8.100099772106522655e-01 8.169489623492862673e-01 8.266672550046058054e-01 8.268593239840772435e-01 8.304986893051367058e-01 8.364260524634449245e-01 8.191289178929915815e-01 8.166046017278516533e-01 8.191637151822170893e-01 8.229234247066868901e-01 8.190328567410317673e-01 8.244624524802348642e-01 8.293147124152744354e-01 8.054130549210480883e-01 8.230518454903783532e-01 8.275391523610929889e-01 8.220416883426463484e-01 8.310147968384423711e-01 8.339599043090673014e-01 8.099256415686717503e-01 8.271774531066358183e-01 8.283610000391085082e-01 8.204945873414675184e-01 8.186093701584501447e-01 8.289821399306441796e-01 8.334583589249271451e-01 8.306070786268340278e-01 8.302335169730286069e-01 8.341318348853139497e-01 8.353350914928028281e-01 8.316089305844471813e-01 8.336580803444630927e-01 8.328544725009799921e-01 8.236858534508665342e-01 8.369454320699335481e-01 8.327938127306260263e-01 8.354237482292411476e-01 8.386930308135044365e-01 8.377963165716257876e-01
8.458848430231247217e-02 2.186245154548281666e-01 2.291175120175005797e-01 3.576023058442938662e-01 3.275925805161011839e-01 3.831416522098872179e-01 5.135055526098125656e-01 5.033695483435277618e-01 6.642186978020676591e-01 1.000000000000000000e+00 6.647805501008521301e-01 6.721511759775830042e-01 6.300022451903631859e-01 5.623492376348886435e-01 6.892954182479215097e-01 6.809184781152566313e-01 6.604230743337905496e-01 6.222028441619892325e-01 6.796927416720612847e-01 5.489179244108588485e-01 5.299331657488390857e-01 6.430490752336749383e-01 6.591935120506243750e-01 6.190027539086951913e-01 6.162002558735354407e-01 7.198613309897257118e-01 7.184978809984430281e-01 7.193944976534183411e-01 6.820547286025198108e-01 7.473305559407704690e-01 7.676375185085925201e-01 7.603674654268736122e-01 7.007551798347594341e-01 7.246203061100622289e-01 7.291547049943467584e-01 7.104605772053342871e-01 7.436848005559859587e-01 7.570736427977271532e-01 7.631023428002653430e-01 6.949416855507277724e-01 7.569629005803513166e-01 7.396611927246601326e-01 7.280140098628982148e-01 7.529114207492489941e-01 7.451701446470273549e-01 7.504008425683481587e-01 7.644698385911371519e-01 7.703115479104414298e-01 7.640819541134934445e-01 7.230738582093133582e-01 7.495071520104140683e-01 6.702934170930577862e-01 7.315203003602227527e-01 7.737901500390303999e-01 7.565910555671953031e-01 7.611598532530410299e-01 7.418621742464486246e-01 7.551845556084906264e-01 7.515514049958214038e-01 7.619268375158307904e-01 7.557220274027164342e-01 7.541403112334632564e-01 7.338566777652354434e-01 7.623081174645615077e-01 7.462881978751547685e-01 7.556264054916070894e-01 7.707508698765356270e-01 7.737235287289070396e-01 7.768463514983502405e-01 7.400032799918457860e-01 7.380456724400809021e-01 7.694686139231896593e-01 7.615538339545037116e-01 7.526416830185426177e-01 7.636258012267969075e-01 7.598219825103721403e-01 7.479641911939669541e-01 7.493295050361404863e-01 7.680896678117451470e-01 7.798434103224974878e-01 7.759501455522936908e-01 7.759787787826287753e-01 7.756910467897676353e-01 7.758533734570470797e-01 7.614496762203027957e-01 7.745574768646387165e-01 7.695869765078807712e-01 7.676147264858441677e-01 7.717718690026501571e-01 7.659648207411774434e-01 7.496458420687024393e-01 7.598978663081422669e-01 7.664353303220683422e-01 7.637076801477074017e-01 7.645888438322714364e-01 7.675996862524092634e-01 7.313807938950547261e-01 7.278742418333146169e-01 7.517871209681241673e-01 7.519349131670166608e-01 7.530100172492942834e-01 7.490562248055259165e-01 7.523331184808577099e-01 7.578422779787787888e-01 7.499344701368786392e-01 7.446812839909699999e-01 7.625161654981169601e-01 7.682408190731846442e-01 7.627350005249429188e-01 7.615377704631556277e-01 7.548654795773134252e-01 7.624183747438912917e-01 7.595738174167241397e-01 7.587362156848175276e-01 7.623532820242882035e-01 7.522275204843542618e-01
4.859743534768163481e-02 1.444616277031847973e-01 2.727061256593272809e-01 4.785454746605832255e-01 3.499949352800101887e-01 4.089031586010183350e-01 5.962700360700909918e-01 5.953660972934519124e-01 7.168503229600008408e-01 6.647805501008521301e-01 1.000000000000000000e+00 7.891497337975786897e-01 6.921216850584099856e-01 6.383302274086840589e-01 7.822538599027744066e-01 7.533250897762587828e-01 6.772287305207331798e-01 6.591255905709657581e-01 6.999941123162660706e-01 6.408084737641582818e-01 6.707990006892907697e-01 7.464452948130407828e-01 6.869303138316397161e-01 6.668886167275456245e-01 6.760416645128887181e-01 7.879676589005287779e-01 7.956343246389048218e-01 7.948332379670568493e-01 7.441529887573802293e-01 7.856814964248098887e-01 8.139928751441856125e-01 8.078841628277114717e-01 7.505069658907246311e-01 7.784920177262126817e-01 7.838006302310956963e-01 7.787361252527909006e-01 8.110967596429028426e-01 8.234143531808016947e-01 8.261662162240466234e-01 7.942198021338948699e-01 8.334545906220536260e-01 8.243876855605178910e-01 8.172494707185450347e-01 8.387403160477727715e-01 8.306160400701855240e-01 8.303522996473842177e-01 8.346716978358630357e-01 8.301708662475465461e-01 8.295976542190510727e-01 8.115842775314388025e-01 8.320755105710583299e-01 7.942923426842238843e-01 8.150591373927051908e-01 8.221954153283601574e-01 8.246846043314807195e-01 8.313261638086937300e-01 8.036575983308533733e-01 8.249640352460797521e-01 8.197582237983481734e-01 8.234429580402403692e-01 8.345902855349925931e-01 8.163254798572515680e-01 8.133798200571081827e-01 8.246094339636265147e-01 8.214447586902071663e-01 8.285904662220291428e-01 8.338734194241148590e-01 8.323453507759310810e-01 8.373303096833393244e-01 8.355817400045121301e-01 8.406219809002887233e-01 8.385147552661941228e-01 8.287221908579303076e-01 8.258159273191886252e-01 8.425964087486449428e-01 8.407394038930813274e-01 8.367793951154873788e-01 8.267450002423319955e-01 8.350997773747439457e-01 8.330840381444015730e-01 8.409990138807053039e-01 8.432757491011686479e-01 8.381709845720275442e-01 8.351717223451844418e-01 8.381606736220768017e-01 8.391257360506952923e-01 8.433852497544293003e-01 8.407759733391020340e-01 8.413337130747450265e-01 8.382363288699020698e-01 8.404907454711475490e-01 8.426917698514083677e-01 8.431364877781515332e-01 8.435280357586947275e-01 8.363814013912727052e-01 8.350391453142818055e-01 8.289882419561253046e-01 8.163126852855098203e-01 8.311580224260791683e-01 8.381924618587044407e-01 8.398025780762268244e-01 8.310836068268417920e-01 8.329838771676812970e-01 8.405491262646552775e-01 8.389546933220258795e-01 8.168205305851758968e-01 8.338928257625065621e-01 8.324332439344853674e-01 8.373800015047809797e-01 8.323066673286615424e-01 8.343271576097669451e-01 8.305705287156496253e-01 8.308974466359618782e-01 8.322032044933815875e-01 8.325334209056685086e-01 8.320986770212145389e-01
5.616826345158160150e-02 1.310814009243582989e-01 3.024867461739977337e-01 5.557236608206529427e-01 3.963059039923195193e-01 4.442894857952221499e-01 6.396197464859071369e-01 6.468853305428281519e-01 7.569190928406676067e-01 6.721511759775830042e-01 7.891497337975786897e-01 1.000000000000000000e+00 7.568029763169521473e-01 6.548313384964710160e-01 8.329848456213815311e-01 8.298727260163373254e-01 7.262796576898654655e-01 6.327067329725937217e-01 6.706287333800878825e-01 6.830355227526726525e-01 7.254746575978014977e-01 7.847435102132453988e-01 6.473953724110971253e-01 6.169985719484790687e-01 6.375282039285623537e-01 7.903747264063551992e-01 8.197341114819740593e-01 8.092488482390257643e-01 7.553827336904302969e-01 7.923227616816027608e-01 8.477013748383216418e-01 8.284777409492742883e-01 7.679649567588007208e-01 7.786210409049156844e-01 7.966277148173359635e-01 8.086795437572790179e-01 8.348959636615638225e-01 8.502062204075004903e-01 8.502733631803660597e-01 8.247395571640776524e-01 8.642144169152788935e-01 8.477358622833757185e-01 8.499788710510354228e-01 8.751549795843464041e-01 8.626725261288915592e-01 8.637597519667759016e-01 8.796732006072043308e-01 8.750160551193579828e-01 8.808552928302465501e-01 8.545559961646223002e-01 8.767296828602895165e-01 8.495034479181068354e-01 8.679359887974218424e-01 8.703163880814840381e-01 8.748621073836403417e-01 8.621562467565420107e-01 8.720799178978688726e-01 8.744281149841044432e-01 8.777827029061632258e-01 8.819056811209453617e-01 8.882143459829652254e-01 8.773839219369289344e-01 8.778652459531899321e-01 8.825362259476380311e-01 8.793768906056901313e-01 8.868417314211188840e-01 8.752159758121047517e-01 8.556901589263243846e-01 8.608618277112960460e-01 8.868400714495131565e-01 8.875178307808511136e-01 8.717183172968762106e-01 8.351733610405318586e-01 8.371351323489653051e-01 8.767347847852161591e-01 8.799019505712647460e-01 8.725462400882088021e-01 8.642248750123093792e-01 8.648722005772662147e-01 8.636294973259989183e-01 8.681510967981702631e-01 8.807732483244450350e-01 8.733560976857873692e-01 8.638591265025939991e-01 8.632424646944991675e-01 8.607254741605757653e-01 8.742242819028576140e-01 8.745223124348859844e-01 8.742114658127335680e-01 8.731209223503013650e-01 8.729795575966197152e-01 8.808848234413657607e-01 8.799091820262899821e-01 8.789904887561267310e-01 8.838506495595118695e-01 8.803555325888269278e-01 8.651628521229844937e-01 8.701883033293837943e-01 8.782113754904441461e-01 8.779111747143005795e-01 8.772928494045806325e-01 8.798965286913114081e-01 8.821434732781144872e-01 8.832021164768810717e-01 8.850169288447793381e-01 8.713022172927230580e-01 8.802507195596631639e-01 8.749708802864962776e-01 8.792837412337203284e-01 8.800827534863158164e-01 8.816234335382566734e-01 8.806631644560179994e-01 8.818152699002625994e-01 8.817405943273588509e-01 8.849315443891527799e-01 8.859027780309597366e-01
5.200864051492470885e-02 1.462963154062449644e-01 2.429482841974776319e-01 4.666382675240980937e-01 4.090130678016121735e-01 4.179118097057910597e-01 5.928727696249451729e-01 6.021587773094840834e-01 6.839723318381647488e-01 6.300022451903631859e-01 6.921216850584099856e-01 7.568029763169521473e-01 1.000000000000000000e+00 6.165024201036515272e-01 7.721115113987178091e-01 7.682252232136225212e-01 6.550112173204512001e-01 6.045847834649774599e-01 6.464102839832811531e-01 6.220861203078513757e-01 6.109573642080138312e-01 6.849968397732510983e-01 6.335129673313838472e-01 6.061975294698455086e-01 6.060800738540152999e-01 7.344979353330370886e-01 7.495724916174374419e-01 7.430642656376038602e-01 6.970847909142009469e-01 7.484905123219786072e-01 7.892412396127941321e-01 7.616675715412295489e-01 6.978774868248646124e-01 7.136260755362597852e-01 7.287915966120143141e-01 7.217917821529860056e-01 7.607924462699130475e-01 7.687456781286648999e-01 7.811029919503371666e-01 7.318834951368168307e-01 7.943533191555590678e-01 7.733199118293248020e-01 7.713153073932229598e-01 7.960397630595563712e-01 7.867248181743736746e-01 7.927571844760745723e-01 8.106824647072167211e-01 8.079629985776066725e-01 8.082419249963054275e-01 7.659640419715576520e-01 7.864029523275783973e-01 7.624806999399575957e-01 7.886996805587954684e-01 8.044401873956749105e-01 7.976114312956072983e-01 7.907191840489483647e-01 7.832960249954175058e-01 7.999937984618692433e-01 7.903737543339651728e-01 8.109077451837529704e-01 8.139372707712552169e-01 7.916807410464645756e-01 7.851370640197889994e-01 7.958129535348341665e-01 7.980134291423852666e-01 8.069241457119437078e-01 8.088712378852670470e-01 8.005562929675960060e-01 8.053178901075235263e-01 8.099179029613643443e-01 8.026178334929531255e-01 8.031704925126134098e-01 7.826679309792365924e-01 7.820489246730686350e-01 8.079133940002856118e-01 8.100727390631876634e-01 7.994542097193736430e-01 7.929195985196388907e-01 7.995360092568810639e-01 8.055859402020906224e-01 8.061604245402286262e-01 8.136933751480078802e-01 8.071360753557231815e-01 8.003210499664337174e-01 7.985720550914063853e-01 7.981123037533441877e-01 8.034326162294793683e-01 8.064750830799237713e-01 8.074406828220237475e-01 8.043760240647729320e-01 7.982891867381576301e-01 8.107562716548856185e-01 8.097309294300116811e-01 8.097160046532825284e-01 8.142858745869865356e-01 8.136217313967190057e-01 7.982298672559281494e-01 7.998566262912821800e-01 8.137983139980888847e-01 8.093679651048831802e-01 8.104164756595229058e-01 8.070602433630741368e-01 8.140460870703477569e-01 8.131264427639612880e-01 8.107323012207590107e-01 7.998382808223324369e-01 8.124114350529816342e-01 8.087238718144401650e-01 8.111658820677820625e-01 8.113335128431895527e-01 8.084707523562325582e-01 8.145770824973376234e-01 8.119463864620107829e-01 8.123448124859168340e-01 8.131271887366978701e-01 8.151604614890872735e-01
