1.000000000000000000e+00 6.288561118941686512e-02 1.084438365427869422e-01 1.551740191811527281e-01 7.624444777556334263e-02 -6.464905340429533132e-02 7.052252142080989508e-03 8.246732418388433294e-02 1.491808735163437927e-01 5.678574914697917531e-02 1.658817230209068752e-02 5.503097830171216343e-02 5.526723487343633556e-02 2.466874049410585842e-02 2.726407741965043013e-02 5.032725656297178107e-02 1.091843731523785693e-01 4.593481947563425594e-02 4.657031854151546385e-02 7.875707646172100396e-02 5.753951791580107916e-02 6.093907956080803212e-02 6.259549118352225258e-04 3.106022930627810527e-02 3.926486227812635288e-02 8.804005304040060653e-02 6.987041490804875299e-02 3.798976669572939197e-02 6.435082943488779073e-02 5.184849910881723922e-02 4.441958422421050240e-02 8.070444521019985587e-04 2.859433463322276492e-02 -2.831581014387062403e-02 2.804931317335197793e-02 -4.302839284789153340e-03 3.599021249161211272e-02 1.923968658173064519e-02 3.091860244013789737e-03 9.235736033161280611e-03 2.669715592596463155e-02 1.095168011227229919e-02 1.501895533534013463e-02 3.741004295050971012e-02 3.888498784196704749e-02 6.813685986481420737e-03 1.220665113938570155e-02 2.695328835544031146e-02 4.015828434473282804e-02 4.044317602518653076e-02 3.534549952884858542e-02 6.953117937138549032e-02 4.050897340227346821e-02 5.452312501224988728e-02 5.590545031062939957e-02 2.049970958380886374e-02 8.874599421604639771e-02 2.577396446075857009e-02 4.649397484774834416e-02 4.615671757616508081e-02 3.148789467425881783e-02 5.000110346629538932e-02 5.737914169416969551e-02 6.292193212481156372e-02 6.441222388267714427e-02 7.019149725714723953e-02 2.930705166904339423e-02 1.649552680896514828e-02 6.615239658828189241e-03 2.673281984921511978e-02 2.170661875835595486e-02 2.803763485351795301e-02 -2.845020360693935844e-03 1.366899030211441747e-02 2.720728026930848212e-02 2.315773256565184166e-02 8.788478993730620970e-03 3.138069818613408585e-02 1.722515532885814799e-02 2.940400884687601607e-02 2.605257487190485929e-02 1.324316859653177150e-02 2.426950954169893732e-02 1.267322353688680320e-02 3.169396460554591531e-03 -1.293960416136545437e-02 8.479352897933854771e-03 1.149957855737229404e-03 2.568815333141017277e-03 2.271419738702084787e-02 -8.878149484493522668e-04 -6.054291217238741375e-04 1.316733633885966426e-02 2.146187857364055106e-03 9.440755011874493036e-03 2.339277592286036558e-02 2.939945011589136653e-02 7.473953068558356061e-02 2.792211931127946273e-02 2.058220683524223868e-02 1.600901972594425890e-02 2.874929861032574432e-02 2.706834539041881246e-02 1.970677126110942021e-02 3.341101311807143787e-02 7.464299462003058661e-02 3.876413519642015609e-02 2.683816701581994910e-02 2.839715875131458220e-02 2.130529258176247151e-02 2.784506691686268118e-02 2.787957188795841049e-02 4.233568961616052811e-02 4.369187200442236491e-02 4.547476932910238245e-02 5.445848588752355557e-02
6.288561118941686512e-02 1.000000000000000000e+00 1.305927113671029871e-01 1.076141678893150627e-01 9.252227893364826927e-02 7.208806129517009165e-02 1.367356815433257988e-01 1.350186763350700314e-01 1.794033034484410205e-01 1.838767708225833575e-01 1.633769858453978374e-01 1.617221015252144345e-01 1.753361344738290917e-01 1.051342181990573554e-01 1.771008046989940576e-01 1.579045405282279713e-01 1.827918748040782970e-01 1.710296653626093011e-01 1.895498881611038522e-01 1.219497399427719314e-01 1.499902417343948191e-01 1.694634038858987557e-01 1.849038678550522508e-01 1.789069416410071500e-01 1.744073817137707927e-01 1.912362971133660106e-01 1.933010081659289892e-01 1.712668672384626001e-01 1.788977140661713316e-01 2.030867027079954479e-01 2.026309926248192339e-01 1.686296788442039896e-01 1.703528446875491598e-01 1.616619179098446324e-01 1.793967623121742461e-01 1.654157999496627951e-01 1.648027911961742475e-01 1.676296645998870682e-01 1.763125990683837852e-01 1.483226774211859611e-01 1.742989612524111220e-01 1.688040014199002903e-01 1.337135016653187014e-01 1.725680427004279982e-01 1.706226836228366128e-01 1.742633207362390968e-01 1.643377359281865402e-01 1.727633731858325139e-01 1.612107317913415994e-01 1.403346575657582473e-01 1.586568090977614476e-01 1.227845877650043382e-01 1.454759362712324811e-01 1.698741734109896762e-01 1.566476161167043302e-01 1.685395602100989709e-01 1.382357087339730617e-01 1.610431436563333207e-01 1.570375370019300443e-01 1.738016388877697826e-01 1.503245794313648187e-01 1.555392207687346096e-01 1.482521507897801016e-01 1.643333538186156628e-01 1.729310530365558707e-01 1.556590717346948982e-01 1.782878334283573563e-01 1.750779488228049463e-01 1.733934580372412382e-01 1.751622770134789453e-01 1.696964405580845270e-01 1.810832363148809354e-01 1.760157628824645104e-01 1.791635060510488320e-01 1.792444909496537786e-01 1.770325854670778409e-01 1.730378405119631369e-01 1.810621589442901191e-01 1.813737550467915682e-01 1.883967041477284110e-01 1.800701252246504624e-01 1.838529583099747511e-01 1.783489789456391972e-01 1.737405695729748178e-01 1.670162283419850957e-01 1.740514513466197843e-01 1.730467481370114857e-01 1.701377837989672404e-01 1.765131694198666390e-01 1.778670281611565984e-01 1.657622053441835386e-01 1.681672366397985174e-01 1.712391937571486888e-01 1.736954253923452818e-01 1.669658361883745168e-01 1.761877143897219444e-01 1.529304266864932593e-01 1.506829800257383500e-01 1.557615445805911047e-01 1.565099433348738078e-01 1.583586526496141011e-01 1.584844229949945449e-01 1.636528204260889741e-01 1.655553303894992945e-01 1.637897035364289378e-01 1.533885903597439204e-01 1.608603917867528210e-01 1.771813456888908789e-01 1.682714919794758568e-01 1.667858090041485775e-01 1.553149420731376740e-01 1.693440163724485581e-01 1.651802944139907359e-01 1.658999371099822984e-01 1.761254627363101899e-01 1.630337735225020068e-01
1.084438365427869422e-01 1.305927113671029871e-01 1.000000000000000000e+00 3.010145393885759191e-01 2.040612841249071774e-01 2.122040588413556250e-01 3.228827764690522795e-01 3.331766509901212814e-01 3.572753038092472133e-01 3.216305945199008365e-01 3.412150044006597716e-01 3.683350769020998783e-01 3.358082079691595001e-01 2.523169523168183881e-01 3.574702836750816015e-01 3.635252213704598945e-01 3.526953817898597632e-01 3.539160181196608912e-01 3.747296093858040744e-01 3.027540932918750261e-01 3.634848858488730072e-01 3.834069615340991999e-01 3.725024105553429443e-01 3.792537297501850646e-01 3.712145229903845989e-01 3.914649496854480382e-01 3.810480323414817128e-01 3.861599155189083810e-01 3.765873397117991406e-01 3.776408846064753244e-01 3.792277980468083398e-01 3.708300358906699845e-01 3.742563051715460110e-01 3.681122408144110736e-01 3.654805423619759686e-01 3.646005884770923133e-01 3.737947488475487079e-01 3.844231118775834344e-01 3.773753265719808625e-01 3.720243562962552430e-01 3.726148132288493731e-01 3.849824936363974159e-01 3.659670322704240975e-01 3.867072124144793621e-01 3.777891626561611371e-01 3.775995891229002033e-01 3.709492667640172381e-01 3.684385634395160869e-01 3.714774743790985045e-01 3.532595442440732425e-01 3.726665913619540138e-01 3.417433687085817962e-01 3.709162981906299894e-01 3.753125251322629863e-01 3.701642239044061755e-01 3.601905904237120981e-01 3.556650982987618059e-01 3.716584576202529577e-01 3.665620045564706997e-01 3.745635695351425820e-01 3.691308399432198240e-01 3.687858814436162924e-01 3.591868727405788109e-01 3.718559044015538606e-01 3.762160785447663525e-01 3.660701026332874308e-01 3.768955173722091656e-01 3.831434491200159664e-01 3.841452887601360944e-01 3.832379713777164243e-01 3.827663961867059372e-01 3.876772807144691080e-01 3.823119592532022715e-01 3.840505682395826126e-01 3.808932810350585951e-01 3.806000534493091392e-01 3.763684892344348887e-01 3.832693433601859212e-01 3.821857350682594245e-01 3.777393205342239324e-01 3.733070250781851951e-01 3.737213393985354681e-01 3.854613152329083858e-01 3.788282290894379734e-01 3.767829589444950389e-01 3.802560989426136406e-01 3.780019083270918512e-01 3.757163042580193291e-01 3.775979043650453670e-01 3.783286999850107857e-01 3.791812970644891090e-01 3.761898438509280740e-01 3.747908175602461256e-01 3.765100817477084472e-01 3.695721923370570150e-01 3.715773839399673095e-01 3.726635144667010402e-01 3.690662325671761890e-01 3.705040400453156191e-01 3.704036455000706551e-01 3.780541037065521248e-01 3.684063524547872004e-01 3.715579467010767800e-01 3.751552465892588062e-01 3.714241468666521495e-01 3.709454106958495201e-01 3.713253654433927298e-01 3.737778518054847288e-01 3.737667177569053978e-01 3.703737515774958577e-01 3.661896236968215090e-01 3.727419329075625232e-01 3.733744859853901921e-01 3.768947845650055251e-01 3.727254555701758343e-01 3.717860111204981388e-01
1.551740191811527281e-01 1.076141678893150627e-01 3.010145393885759191e-01 1.000000000000000000e+00 3.301049585970649569e-01 3.881604950365286633e-01 5.228123089011218472e-01 5.819106162685879768e-01 5.725614581478311038e-01 5.079750182890925281e-01 5.715842004674469568e-01 6.247624727295612024e-01 5.560307407139785107e-01 4.215923353998390355e-01 6.058621238256324260e-01 6.154933710685962511e-01 5.748308043094679798e-01 5.454927169483259064e-01 5.656911148165946202e-01 5.308484965333036820e-01 5.646110011312516219e-01 5.795147730090784988e-01 5.513840885610105103e-01 5.612736220915850449e-01 5.391690740141247273e-01 5.904793137358549382e-01 5.934294781695066412e-01 5.992827367491335711e-01 5.844243398976756154e-01 5.789598991383986260e-01 5.909449626784817333e-01 6.082678022331248213e-01 5.712717491420520322e-01 5.895517094627490406e-01 5.974287406932757838e-01 5.843692641966742318e-01 5.901072987427882222e-01 6.156568115044347422e-01 6.038709133087997172e-01 5.958259466799973314e-01 6.067654674200365639e-01 6.162098876381888468e-01 6.125026174916247124e-01 6.201742154575886623e-01 6.107100066036926789e-01 5.984939759555037986e-01 6.022244338369114880e-01 6.059825661176526657e-01 6.166865775086840529e-01 6.202266286335287315e-01 6.241153666672294431e-01 6.332053347534073451e-01 6.233549639896136529e-01 6.201284476076813768e-01 6.289964184222417432e-01 6.092811717524626580e-01 6.314640098087679343e-01 6.213548676577774765e-01 6.191486194116354591e-01 6.184063676216274841e-01 6.276893747807172907e-01 6.177615575485071453e-01 6.272451035467531133e-01 6.251152449660841715e-01 6.229906282224311198e-01 6.357793033833254448e-01 6.117398405591011334e-01 6.107442167026964075e-01 6.142952711448079750e-01 6.181541569134173519e-01 6.137651035927578214e-01 6.097019906326750505e-01 6.103761558350283556e-01 6.007599241586721872e-01 6.077314840444273392e-01 6.035760537024701389e-01 6.084698481022466909e-01 6.095266240247437795e-01 6.064756648037938902e-01 5.978005064339017016e-01 5.963547957902449737e-01 5.973800012295369388e-01 6.186312377622191772e-01 6.092142559422131232e-01 6.176579275101780064e-01 6.096045303826415074e-01 5.992622655798375275e-01 6.154552460832692917e-01 6.046279670663088357e-01 6.130851734616280524e-01 6.085925348090837073e-01 6.080005571506761353e-01 6.057757903631133534e-01 6.072746640209945035e-01 6.066111429462565097e-01 6.096021367620116926e-01 6.231092370901901711e-01 6.424107600749268121e-01 6.227085652069379584e-01 6.215270069548198828e-01 6.238048186508028392e-01 6.238495835475283968e-01 6.174115430778124303e-01 6.198854452200960319e-01 6.242678567043813409e-01 6.357828267566861813e-01 6.237821040660906924e-01 6.088605006979277423e-01 6.155979951201856482e-01 6.156127926389909355e-01 6.208348709017422751e-01 6.152760370357243103e-01 6.213519567830665391e-01 6.267298857036969206e-01 6.202077226848849989e-01 6.298582880443627241e-01
7.624444777556334263e-02 9.252227893364826927e-02 2.040612841249071774e-01 3.301049585970649569e-01 1.000000000000000000e+00 3.344412436071349526e-01 4.534681332105748308e-01 4.498566389320652892e-01 4.475567218159661742e-01 4.192669593604956280e-01 4.408107564393297650e-01 4.848587049750129330e-01 4.829985102504039118e-01 3.738306034785965903e-01 4.972704059683086264e-01 4.929759911601199196e-01 4.346387336281150593e-01 4.232367958541675690e-01 4.517112685026591912e-01 3.957866477457498977e-01 4.270787989933643169e-01 4.607671197228482285e-01 4.670084535420727101e-01 4.646414922649146906e-01 4.453462989830192509e-01 4.977165165114351142e-01 4.849522796811137071e-01 4.958196658635623533e-01 4.790794229653520531e-01 4.824872027439385258e-01 4.940089304744056387e-01 4.808506941886815933e-01 4.475588957985044414e-01 4.749665620823101397e-01 4.762844244443014685e-01 4.613182016628522009e-01 4.758822588054482661e-01 4.871548110075906712e-01 4.883343685517955168e-01 4.591608975781462654e-01 4.888763601567753248e-01 5.033195646705307391e-01 4.985478722914593042e-01 5.002409234874239941e-01 4.874330972606082391e-01 4.967894995924519996e-01 4.893597573137241641e-01 4.879528764982719036e-01 4.807460797688897780e-01 4.595816382945847600e-01 4.799928344759162857e-01 4.666078311297892078e-01 4.920372074912893745e-01 4.946282575300975926e-01 4.868669164867687194e-01 4.745445757238176410e-01 4.619945812604461799e-01 4.939905239789900149e-01 4.692491883852497603e-01 5.008625923764967736e-01 4.908292896539570571e-01 4.822134859047488842e-01 4.750495806529896892e-01 4.816629723942272290e-01 4.855153187162016271e-01 4.851087200349016859e-01 4.940209021696998493e-01 4.981291062653486201e-01 5.051519605759673404e-01 4.961112003471148668e-01 4.938668714423520845e-01 4.946566275150961478e-01 4.991110482184448194e-01 4.924821174995746564e-01 5.040671617216779810e-01 4.948420856137263346e-01 4.981848902325646256e-01 4.934661798480768913e-01 5.017879577050996520e-01 4.929536020835036392e-01 4.949414969589661095e-01 4.944047346006831822e-01 4.931703866009634618e-01 4.980993781227640582e-01 5.008025152980556394e-01 4.980187724595032672e-01 4.945395480081768436e-01 4.947002235649740065e-01 4.997363022253179521e-01 4.928093357002909514e-01 4.963486421080628985e-01 4.983055599971717431e-01 4.940631932824053330e-01 4.981503449920158810e-01 4.918356522509022555e-01 4.914720856045903252e-01 4.951397918545367705e-01 4.929165225045519794e-01 4.967188301330210942e-01 4.899238482302353814e-01 5.057549132133004610e-01 4.951243794839572110e-01 4.916174096216753830e-01 5.006433766941693619e-01 4.957629006996926990e-01 4.868851479494865075e-01 4.885245609855802251e-01 4.959704665601243900e-01 4.962008070502947898e-01 4.933398366854097050e-01 4.823659461525304226e-01 4.944587248308977001e-01 4.924770130440930815e-01 4.987970528375165746e-01 4.873703771234558224e-01 4.954540059663148366e-01
-6.464905340429533132e-02 7.208806129517009165e-02 2.122040588413556250e-01 3.881604950365286633e-01 3.344412436071349526e-01 1.000000000000000000e+00 5.011602596372175533e-01 4.853862309063576852e-01 5.271844831181426994e-01 4.870365344676659825e-01 5.469043601670852128e-01 5.653501160784984991e-01 5.157358574525577888e-01 4.381677012617496980e-01 5.727686665484343909e-01 5.724690554886898708e-01 5.280929794101895114e-01 5.053005880936222161e-01 5.182012098564676705e-01 4.358773247478797686e-01 5.155782121327604495e-01 5.344059155367635316e-01 5.387633502501901761e-01 5.257411957513615786e-01 5.114337620119009387e-01 5.380354638480164819e-01 5.493501060020226090e-01 5.619105701571022182e-01 5.411693903135912365e-01 5.697226187059459823e-01 5.800354532320914913e-01 6.040127925406515441e-01 5.550833851658590889e-01 5.974708369286784171e-01 5.646943022581142335e-01 5.858326833574676318e-01 5.782674594368262255e-01 5.975744244009718598e-01 5.979117412347351168e-01 5.754329107348222783e-01 5.924913377031933992e-01 5.960969406335594467e-01 5.810909893189705189e-01 6.013235485264015745e-01 5.917123580325535093e-01 5.998288588791714782e-01 6.026011117381664395e-01 6.015601166852604376e-01 6.000829314408760995e-01 5.908730075347133903e-01 6.017232986645758563e-01 5.696449935656731078e-01 5.888273832505593886e-01 5.893624613064877282e-01 5.915478980067447878e-01 5.933720137828779606e-01 5.823949170417713761e-01 5.953021237979022606e-01 5.938690317663053442e-01 5.963597753043836658e-01 6.026689420562659771e-01 5.926478270081960709e-01 5.919145429686668569e-01 5.925351626580793729e-01 5.932395296931939344e-01 5.884190853001398658e-01 5.999182965553264690e-01 5.992084075221809636e-01 6.058976165948115611e-01 5.965029166775906999e-01 5.955051983243896396e-01 5.965060384430220797e-01 6.013486648405452772e-01 5.896234741948968017e-01 5.959064253237630338e-01 5.973867407343926850e-01 6.003894896541976944e-01 5.904223659806276947e-01 5.985931713777791208e-01 5.929242222305444177e-01 5.977536815642874313e-01 6.003823301908689514e-01 6.053461525748644600e-01 6.021957572204781339e-01 6.098472629334156236e-01 6.118050843262761163e-01 6.033353470540154806e-01 6.106419661355824147e-01 6.041276195977731689e-01 5.999970937564496065e-01 6.050241518834126309e-01 6.040245538207921205e-01 6.028517177107718394e-01 6.061601785240148255e-01 6.024920018150307088e-01 5.996053491816999426e-01 5.950665901298476390e-01 5.839402858726778778e-01 5.961069276190059663e-01 6.010221667949440238e-01 6.004872788498625269e-01 6.000598117008889565e-01 5.951641427777842885e-01 6.034967804348300158e-01 5.988956345349630839e-01 5.879617920036307455e-01 5.965904343699117707e-01 6.015001544748463935e-01 6.017679366503869698e-01 6.029379215416950100e-01 5.983219093806769751e-01 5.996920719006446632e-01 5.957709554133592267e-01 5.987552004330328748e-01 5.943535762409838386e-01 5.938249449815776737e-01
7.052252142080989508e-03 1.367356815433257988e-01 3.228827764690522795e-01 5.228123089011218472e-01 4.534681332105748308e-01 5.011602596372175533e-01 1.000000000000000000e+00 6.996662580156639555e-01 6.766840351918800289e-01 6.693595634713638276e-01 7.230944692896970061e-01 7.567985983060154798e-01 6.989373337065921676e-01 5.761713944779657259e-01 8.360356369788722875e-01 7.806174848045036585e-01 6.910236945371488471e-01 6.823381798981883462e-01 7.021562555206561917e-01 6.291851192995854269e-01 6.578490802594481046e-01 7.053122345614289967e-01 7.567556436642867146e-01 7.322211359367226668e-01 6.805293049581494502e-01 7.760575103790544604e-01 7.621896260927945033e-01 7.899553899329828655e-01 7.659201400276017813e-01 7.628869653307067678e-01 7.787299810010274159e-01 7.988341887738416025e-01 7.549193225156874965e-01 7.988643957447388866e-01 7.831806527784199723e-01 7.709764628670293662e-01 7.738030952018618569e-01 8.080199764895942272e-01 8.096814575643193068e-01 7.770562056010326124e-01 7.901439280697748480e-01 8.088973580569004396e-01 7.874429940035886366e-01 8.009231533940557313e-01 7.860356754988528927e-01 7.921696196105216803e-01 7.894917994806428529e-01 7.835353944020509998e-01 7.812655321881899484e-01 7.612323301456008773e-01 7.940058708685739930e-01 7.418739694327860512e-01 7.762834944168913731e-01 7.806576460123398897e-01 7.783520012343071448e-01 7.842137132193685023e-01 7.531929047847237824e-01 7.927178345513837820e-01 7.810245518240699347e-01 7.861607191451662757e-01 7.894329213271298329e-01 7.761032209889167088e-01 7.715686634739784555e-01 7.782726474621617374e-01 7.689813372641505218e-01 7.686889995509051943e-01 7.919641645783254136e-01 7.969782441459941635e-01 8.115581624029859498e-01 7.963696229567217566e-01 7.829698737504653394e-01 7.840173728979898948e-01 8.008162301498540359e-01 7.757234051366397320e-01 8.020475580135394411e-01 7.933201889882037783e-01 8.083753516718032994e-01 8.009366434497741105e-01 8.033669616352554499e-01 7.879093005424526730e-01 7.862214260588243908e-01 7.914201672121818909e-01 7.999182635639461303e-01 8.047799746959432010e-01 8.064214205153212855e-01 8.077544380981543926e-01 7.966245249487288183e-01 8.087741761398212770e-01 8.064827884058776153e-01 7.948846647688025957e-01 8.073086163781478808e-01 8.054794053018324851e-01 7.958410642506448252e-01 8.039066759010867758e-01 7.912515328720239882e-01 7.898871388432538998e-01 7.899217691986003542e-01 7.737963463607665515e-01 7.917639045800495268e-01 7.966091220923844363e-01 8.043009279682220569e-01 7.919246801307162631e-01 7.828069009715501458e-01 7.970072162334822519e-01 7.898817787541027036e-01 7.723738929430817857e-01 7.837861082910982935e-01 7.910944535914102849e-01 7.921710920587380356e-01 7.938659570282158295e-01 7.861898529083938270e-01 7.897253425129783233e-01 7.859101812352988770e-01 7.908601182101145932e-01 7.797611928723094943e-01 7.818343528557860633e-01
8.246732418388433294e-02 1.350186763350700314e-01 3.331766509901212814e-01 5.819106162685879768e-01 4.498566389320652892e-01 4.853862309063576852e-01 6.996662580156639555e-01 1.000000000000000000e+00 6.991366903649383069e-01 6.537289428290368187e-01 7.148857081810817693e-01 7.639705066217675755e-01 7.089578411550169212e-01 5.727174640951899764e-01 7.874288335001659034e-01 7.879977882863583583e-01 7.140113826079287351e-01 6.819658682032637698e-01 6.972972227947199508e-01 6.440594609179388641e-01 6.920109418651814170e-01 7.142080844517906257e-01 7.181869414454569167e-01 7.105769242664191632e-01 6.774590246247708114e-01 7.653754082404695680e-01 7.539369784148766129e-01 7.639097442773210567e-01 7.346588709472209322e-01 7.499883021573892083e-01 7.693314152273723616e-01 7.811929611160690623e-01 7.235200009579408897e-01 7.585620644309645222e-01 7.503990794170410927e-01 7.392356699573704448e-01 7.521830126809218031e-01 7.937926953412520747e-01 7.841499556208049171e-01 7.618032946123318716e-01 7.829435659082287779e-01 7.940433051998578851e-01 7.827192299540677300e-01 7.962253735072866156e-01 7.785625920133817379e-01 7.755282297934995572e-01 7.846686495897678970e-01 7.848705925117542836e-01 7.903628682577381603e-01 7.706860622767698343e-01 7.921262747704385099e-01 7.567330599740920150e-01 7.805792960611951381e-01 7.878687057170501440e-01 7.919049500982402456e-01 7.808256100330842608e-01 7.783216576522440366e-01 7.978957703842164406e-01 7.921859391481613777e-01 7.886349987617692348e-01 8.006706054553804908e-01 7.885505332747356766e-01 7.870689224761471259e-01 7.902724766793637334e-01 7.808504209319510059e-01 7.841781377747848447e-01 7.871513371584182295e-01 7.908561272410058463e-01 7.961082568123971637e-01 7.876107528469643571e-01 7.858360174608942650e-01 7.825064526639613494e-01 7.905155384903607141e-01 7.707890963356237579e-01 7.936201723836032729e-01 7.825581721853236417e-01 7.876956972278285063e-01 7.820095875177827116e-01 7.889047920741322217e-01 7.802367605144179263e-01 7.777412454253298524e-01 7.803486657740963395e-01 7.934963942800308256e-01 7.857067032849150978e-01 7.960067081517042675e-01 7.897979407657054196e-01 7.794288219621708924e-01 7.979626254026672694e-01 7.899880443125075757e-01 7.904446715704311899e-01 7.874730130307241449e-01 7.932281902603551815e-01 7.868209439249386206e-01 7.911109734900108048e-01 7.882722001118757094e-01 7.876394367158365828e-01 7.972388454971157667e-01 7.935414831492569876e-01 7.965555494949159154e-01 7.956380260459651188e-01 8.010443589312344903e-01 7.984917355830961627e-01 7.850234405244250757e-01 7.990955437986427823e-01 7.918882120949494174e-01 7.932188551379127928e-01 7.925423376003843945e-01 7.892847082576943674e-01 7.948326324131808063e-01 7.928515756164747907e-01 7.944766317441288583e-01 7.895418626702559450e-01 7.942917069950296005e-01 7.966720575415792149e-01 7.847949596624957946e-01 7.918191971936648921e-01
1.491808735163437927e-01 1.794033034484410205e-01 3.572753038092472133e-01 5.725614581478311038e-01 4.475567218159661742e-01 5.271844831181426994e-01 6.766840351918800289e-01 6.991366903649383069e-01 1.000000000000000000e+00 7.623394947143495859e-01 7.963480026804566902e-01 8.387426852284883827e-01 7.519326793125178376e-01 6.458034396894187790e-01 8.256666313411732405e-01 8.305543006140503337e-01 8.117039716315799236e-01 7.452591102120349476e-01 7.745236420924705989e-01 6.564747384892802851e-01 7.408953579163968239e-01 8.018888072080244678e-01 7.650212839537571252e-01 7.577924907521345066e-01 7.624915529039819617e-01 8.119690796750345108e-01 8.295659596144882020e-01 8.127092604396884967e-01 8.123095941848893498e-01 8.547762436326232782e-01 8.676991287091988525e-01 8.267715280760574714e-01 7.808415158823807101e-01 7.989902769570628172e-01 8.273469812617980645e-01 8.104388648222173863e-01 8.499180832504381611e-01 8.321278847612404439e-01 8.469666878378758756e-01 7.920997546991352944e-01 8.564203983599778525e-01 8.420708391113977953e-01 8.143587883133277527e-01 8.698520002625275138e-01 8.615883746429228163e-01 8.570213018386473314e-01 8.638252713261967974e-01 8.763661725179430206e-01 8.737138609885874985e-01 8.334152538369051788e-01 8.502678508362552234e-01 8.361051338485061546e-01 8.593137233040558653e-01 8.818836034242262256e-01 8.703409155735837288e-01 8.492969241450103457e-01 8.639627031137703250e-01 8.669973591301061155e-01 8.602507419789232612e-01 8.812483515712654647e-01 8.689614688077678117e-01 8.733371086206436207e-01 8.631375573340932528e-01 8.742915284949358545e-01 8.775072860862345170e-01 8.804962330792871494e-01 8.740485210392555659e-01 8.673069293889906772e-01 8.582311121030528067e-01 8.623742579487067017e-01 8.658889240843715696e-01 8.693202131228304763e-01 8.531549600872776473e-01 8.537620991057256470e-01 8.664197886451913133e-01 8.699190748423103470e-01 8.561201154714798145e-01 8.638553608114036830e-01 8.677314919922251013e-01 8.745628936996834302e-01 8.739637556633149673e-01 8.737986091308921344e-01 8.670245463681223175e-01 8.647128591677175624e-01 8.578864329312076986e-01 8.524332927089587342e-01 8.638725521237954341e-01 8.614426034929819620e-01 8.670640907381911289e-01 8.690532152948223787e-01 8.510102187749056801e-01 8.626388191178957499e-01 8.697279536793049992e-01 8.656172663220601526e-01 8.692236275958390435e-01 8.759513074999593085e-01 8.601420870156513132e-01 8.697807876729016785e-01 8.678338221806153330e-01 8.618467207461816271e-01 8.644910749334929756e-01 8.665677186618984118e-01 8.732397262746826039e-01 8.711701809954827125e-01 8.698309013153444624e-01 8.785918536501456932e-01 8.754540484931720989e-01 8.770408065986330381e-01 8.736571476736163522e-01 8.724195565396934970e-01 8.673066579767806372e-01 8.786046962620127632e-01 8.782752037887404661e-01 8.776775450056480965e-01 8.788238695060439643e-01 8.835957411134437445e-01
5.678574914697917531e-02 1.838767708225833575e-01 3.216305945199008365e-01 5.079750182890925281e-01 4.192669593604956280e-01 4.870365344676659825e-01 6.693595634713638276e-01 6.537289428290368187e-01 7.623394947143495859e-01 1.000000000000000000e+00 7.472115052183235795e-01 7.879149637187936595e-01 7.180603391162595495e-01 6.008203327383235814e-01 7.890801153088038422e-01 7.861759582800897928e-01 7.450154266376524115e-01 6.838814046509545941e-01 7.160421197439328367e-01 6.042021030905441181e-01 6.774241788628740935e-01 7.275086110779708237e-01 7.307611814420140739e-01 7.142309601693256349e-01 6.894252996819819623e-01 7.618084746691351494e-01 7.771894430371217855e-01 7.659307649296954734e-01 7.536371630779560293e-01 8.034188488943213580e-01 8.152034131002982020e-01 7.993285426500359447e-01 7.484361062175126644e-01 7.751650992674467000e-01 7.829516171642443290e-01 7.783252668495964643e-01 8.024589071432435272e-01 7.986274257346248628e-01 8.124006683071648416e-01 7.588647514461610566e-01 8.136660932719462780e-01 8.044709388984799814e-01 7.586137623479414227e-01 8.169733169585899901e-01 8.116759063037459754e-01 8.113373884242210954e-01 8.211643085988876711e-01 8.306244253440456804e-01 8.184291473072945466e-01 7.773179953478543958e-01 8.062687856541134179e-01 7.672976965192119803e-01 8.033276463200311746e-01 8.293286569782365447e-01 8.151441467793975049e-01 8.068709052765791201e-01 7.947124587048863820e-01 8.171735474097769902e-01 8.099502461651234553e-01 8.287530072361735112e-01 8.140724239599588241e-01 8.157981825476292581e-01 8.043327231493468954e-01 8.143593949916777541e-01 8.235914085500096737e-01 8.165833172973678833e-01 8.318148630643406038e-01 8.211674074585693095e-01 8.187978150221004725e-01 8.132261562814695477e-01 8.136808056534922118e-01 8.175084033132314909e-01 8.131649597333020507e-01 8.026536738754767031e-01 8.225038437722578255e-01 8.228810504885251120e-01 8.143043901843531884e-01 8.164988989644302864e-01 8.234574064741654320e-01 8.292608162159444962e-01 8.265347823004306482e-01 8.322846744850865841e-01 8.264245123142750504e-01 8.249305447385471002e-01 8.154999809487707418e-01 8.200014779492982298e-01 8.247910886384040019e-01 8.260454313135465743e-01 8.280432217030467834e-01 8.277081658522427166e-01 8.159852203274702287e-01 8.253553990980496691e-01 8.264696058053083716e-01 8.258224382372497674e-01 8.288660565372385491e-01 8.331020642446770319e-01 8.070263676984140711e-01 8.065101360629586269e-01 8.182064885164922474e-01 8.177855387162006329e-01 8.140098081761164561e-01 8.160629633161968766e-01 8.227867789188361147e-01 8.229389420386068466e-01 8.210563510504645945e-01 8.149679465004698864e-01 8.241972898218223875e-01 8.323431047037813668e-01 8.281076967459819471e-01 8.286190298448180558e-01 8.227193370257749327e-01 8.319692362062288682e-01 8.293122891806271602e-01 8.248518934143993508e-01 8.291311218577267494e-01 8.264204354615556358e-01
1.658817230209068752e-02 1.633769858453978374e-01 3.412150044006597716e-01 5.715842004674469568e-01 4.408107564393297650e-01 5.469043601670852128e-01 7.230944692896970061e-01 7.148857081810817693e-01 7.963480026804566902e-01 7.472115052183235795e-01 1.000000000000000000e+00 8.543776199299411012e-01 7.592244980098410423e-01 6.445607791644061280e-01 8.543358469156407953e-01 8.484609022359652641e-01 7.964259083101812298e-01 7.706634232042860466e-01 7.922947295456194139e-01 6.743349880873934499e-01 7.673413937798369000e-01 8.061747127008956904e-01 8.022998767704899725e-01 7.909961234399223162e-01 7.735011784738196061e-01 8.341163583056837583e-01 8.488368242427003496e-01 8.479431889764568187e-01 8.180040698186084036e-01 8.635586568363703419e-01 8.756517676479333989e-01 8.711665275496630612e-01 8.172017170008032405e-01 8.464300125826405008e-01 8.541164268345702304e-01 8.473591615181139680e-01 8.659210840593167813e-01 8.718868352247002296e-01 8.810794932276484470e-01 8.460242668864463855e-01 8.790302078501558425e-01 8.789849980461152956e-01 8.466947744214392557e-01 8.898338163790571187e-01 8.824684144011415432e-01 8.782237275044170177e-01 8.892457316112376553e-01 8.938635155773717589e-01 8.899108931058579142e-01 8.619063686495759269e-01 8.841810105275650367e-01 8.511698372236693455e-01 8.779147693734701274e-01 8.891128917141187804e-01 8.836336885841183930e-01 8.818479629664855990e-01 8.685599748936965181e-01 8.883087157864560934e-01 8.807166047861377800e-01 8.865895705666372306e-01 8.907892811172319902e-01 8.838941052903933615e-01 8.796776262206135177e-01 8.837091400078447290e-01 8.824383789697997083e-01 8.848404623244037204e-01 8.940729296864231568e-01 8.931924243154172327e-01 8.894391450339438343e-01 8.862011727478347201e-01 8.908457405120631112e-01 8.887569044353154091e-01 8.847559815006766915e-01 8.805309560446750172e-01 8.935498240391688274e-01 8.923517378835492675e-01 8.896837521932928761e-01 8.836979612463188305e-01 8.893037890049814154e-01 8.926443188587309674e-01 8.919244433581776654e-01 8.954379325974924919e-01 8.948843073062561215e-01 8.930450953110546930e-01 8.896684993191783519e-01 8.896769387310909938e-01 8.940224994036540807e-01 8.948381438957110356e-01 8.941443447443131465e-01 8.941843982396627810e-01 8.910485381662419657e-01 8.937664016260735700e-01 8.940709803331471361e-01 8.942735490038842272e-01 8.938183125955657671e-01 8.959482055295168168e-01 8.861298602040456052e-01 8.802606697720920526e-01 8.894913872201842819e-01 8.902757344528217098e-01 8.911126691218224094e-01 8.907121777558256737e-01 8.921909318272339684e-01 8.946451528921198770e-01 8.936785700514080499e-01 8.832290214642146697e-01 8.922539427501380294e-01 8.952129565524118426e-01 8.957818519538013335e-01 8.935291927401067813e-01 8.899188963161542842e-01 8.941620876623312952e-01 8.917200195239424199e-01 8.922609415453423010e-01 8.920894881471832516e-01 8.920770723667437174e-01
5.503097830171216343e-02 1.617221015252144345e-01 3.683350769020998783e-01 6.247624727295612024e-01 4.848587049750129330e-01 5.653501160784984991e-01 7.567985983060154798e-01 7.639705066217675755e-01 8.387426852284883827e-01 7.879149637187936595e-01 8.543776199299411012e-01 1.000000000000000000e+00 8.084286971660084031e-01 6.880353985102873882e-01 8.978142188173822147e-01 8.995016383400924465e-01 8.307159178128677990e-01 7.963483429728800411e-01 8.219949476420547185e-01 7.128497754084024418e-01 8.027012496713551437e-01 8.471696224422700094e-01 8.252733605683695295e-01 8.171654707980237076e-01 8.064785334708992615e-01 8.617558021283169278e-01 8.773920228279979971e-01 8.795981202374527630e-01 8.542101176231989834e-01 8.913103768241127378e-01 9.076561726450423917e-01 9.069833914914853246e-01 8.486434594120355612e-01 8.807022802752935142e-01 8.851936858222817506e-01 8.834531993552973139e-01 8.984365293966349864e-01 9.154614479205865907e-01 9.170384212493495335e-01 8.826026344031364657e-01 9.177102431178010278e-01 9.195194572083197349e-01 8.914754842075220953e-01 9.326843214342708244e-01 9.199702794078616908e-01 9.183973438834038827e-01 9.303358766702612970e-01 9.338650262455727713e-01 9.312929278655530663e-01 9.049294311676754354e-01 9.249507320338736793e-01 8.975958866586642992e-01 9.193519112750662137e-01 9.334582953576298081e-01 9.292065859127943694e-01 9.204790616156292016e-01 9.180227352201197899e-01 9.332420532021563631e-01 9.253408454337678224e-01 9.327247880906298638e-01 9.353037501966559031e-01 9.308526766377492878e-01 9.246261806144607798e-01 9.289662102675321220e-01 9.269079242948001784e-01 9.328511718748130344e-01 9.346506722655725241e-01 9.321231366624103121e-01 9.259621359308245481e-01 9.252135937974689250e-01 9.302756142239954062e-01 9.285385806827110011e-01 9.222747415200546195e-01 9.166219085792375321e-01 9.289042799555505825e-01 9.302878176997181336e-01 9.261914153018596663e-01 9.219584956414026422e-01 9.275088651522650496e-01 9.273587206504020353e-01 9.255066290677994578e-01 9.312378683605350149e-01 9.320247814545413734e-01 9.304598175939123861e-01 9.247078999290464507e-01 9.243756080599829783e-01 9.295095305935351382e-01 9.337735304628957955e-01 9.317149390011509880e-01 9.322174270138018359e-01 9.252486435061485492e-01 9.329813143234902961e-01 9.323666284959443162e-01 9.341010382974777038e-01 9.336355228958488350e-01 9.365732468279267531e-01 9.252335711328314449e-01 9.227176701801733660e-01 9.312410637945895964e-01 9.297827662299142926e-01 9.325464099807944107e-01 9.311337543332344202e-01 9.321808943847947893e-01 9.366652904002825686e-01 9.327528804277015473e-01 9.280286906411363557e-01 9.334528706677691634e-01 9.356272863081633862e-01 9.356073562088421669e-01 9.358592905671614393e-01 9.315313218799038397e-01 9.366850386140566087e-01 9.349776988745669426e-01 9.345934335764901624e-01 9.344867853679658110e-01 9.367153030402027847e-01
5.526723487343633556e-02 1.753361344738290917e-01 3.358082079691595001e-01 5.560307407139785107e-01 4.829985102504039118e-01 5.157358574525577888e-01 6.989373337065921676e-01 7.089578411550169212e-01 7.519326793125178376e-01 7.180603391162595495e-01 7.592244980098410423e-01 8.084286971660084031e-01 1.000000000000000000e+00 6.176587965741137110e-01 8.216106352247152245e-01 8.255979461892328786e-01 7.521396441841419200e-01 7.256562014763411339e-01 7.500016962524806985e-01 6.502202132169663251e-01 7.233265642235778836e-01 7.669812475896522486e-01 7.592074841611308189e-01 7.522757374722832679e-01 7.290558518768648355e-01 7.989742911221529020e-01 7.967996274209623309e-01 8.102778359587609058e-01 7.826844109552295592e-01 8.194992652742960626e-01 8.357160512347523440e-01 8.186007858542614368e-01 7.661518587429284599e-01 7.986427076643454193e-01 8.106717214655426718e-01 7.994014263919060337e-01 8.245046069729484728e-01 8.252720404542686072e-01 8.369042041677241528e-01 7.930498421388669783e-01 8.394501045414904938e-01 8.405579402068554806e-01 8.131785620356867250e-01 8.482004506699220014e-01 8.366949332763772285e-01 8.396828224672743257e-01 8.461528932711049888e-01 8.471069922720101397e-01 8.442855579927173171e-01 8.085188368948569293e-01 8.292555414805519165e-01 7.926928667678568852e-01 8.316530710984224584e-01 8.481056685178137711e-01 8.385793363022765456e-01 8.231332395408129665e-01 8.157097819161356345e-01 8.444005641214838986e-01 8.300417211037941501e-01 8.521516727833652327e-01 8.464839212281664027e-01 8.387961124927059142e-01 8.323545519349226929e-01 8.406688105850526060e-01 8.364449650188828800e-01 8.388924654331471054e-01 8.512218842642950145e-01 8.501953972119279390e-01 8.471824919203364557e-01 8.440083685767485466e-01 8.455936118279706593e-01 8.466515749904526267e-01 8.442925234978595483e-01 8.348426457779841714e-01 8.519936287837642785e-01 8.488942569657477177e-01 8.448322231363299961e-01 8.385195700552500186e-01 8.464176347687957236e-01 8.496944678513422833e-01 8.490896639435885351e-01 8.521458605117669949e-01 8.465314398611210045e-01 8.468352366283048438e-01 8.451363327080735344e-01 8.443317004075611143e-01 8.485309960775542226e-01 8.480680507498825627e-01 8.520595381227403786e-01 8.476495569678484943e-01 8.441855376141181866e-01 8.517159766682229627e-01 8.508882528718724192e-01 8.521322076608174312e-01 8.519304396857699802e-01 8.526689868231301928e-01 8.460686165349797783e-01 8.432723149126939433e-01 8.531584220872857616e-01 8.481227575617915626e-01 8.536693299880134811e-01 8.492902743162772383e-01 8.474165211843672774e-01 8.558171274763296532e-01 8.477329325564298967e-01 8.416455578161035067e-01 8.509824472026800146e-01 8.536307909180335107e-01 8.510698495517019513e-01 8.519506643137358948e-01 8.418595599960335685e-01 8.539355851477299364e-01 8.514034986886469536e-01 8.542097496768387144e-01 8.466878721143354936e-01 8.492738605274002817e-01
