1.000000000000000000e+00 1.287701591547914526e-01 7.886963034672811457e-02 -3.562660814549426652e-02 1.873549390958982597e-03 -5.164883244528391953e-02 3.231240839268658283e-04 1.421132481095874547e-02 1.352503693878867597e-01 1.077574794546712067e-01 1.835987723394262236e-02 -1.152044269221775587e-02 -2.619054574779349767e-04 -7.054007911547026388e-04 -2.266114821401855450e-03 1.211429423215588247e-02 1.360831912132327848e-01 1.636199052315329971e-01 1.589407649263936961e-01 -4.740410887011040075e-02 6.451378543491849415e-02 9.131609253977014673e-02 1.673872698911563761e-01 1.493505904727532863e-01 1.468824075409134455e-01 6.898115866651910455e-02 1.047678838243870370e-01 7.867990159304030784e-02 1.344100078602817605e-01 1.144641643136954656e-01 8.180445163890193161e-02 4.649356177932351813e-02 2.229900081417515029e-02 6.240057211334842924e-02 7.444525647455686734e-02 3.670020856266852094e-02 6.269034912184000274e-02 1.791039694573106147e-02 2.730257842786757913e-02 -5.550755852149173025e-02 3.966915499976346460e-02 -4.113921901712978249e-04 -1.510268143344471910e-02 1.693772096074710326e-02 7.583955213285580900e-03 4.031984144070283049e-02 2.074326516324332282e-03 3.263298351296346073e-02 3.991700120270524378e-03 1.047378239125332580e-02 -5.181571030856856400e-03 2.208646556330896588e-03 -9.966344686102137154e-03 5.914762726210898158e-02 5.320136960729091036e-02 3.186345379556976970e-02 4.324441622922211431e-02 1.347449669436135214e-02 1.381851575047527043e-02 1.553933002570663698e-02 4.966282624412086087e-03 2.729625673690101381e-02 3.244368265206429985e-02 1.258428419904192644e-02 5.385733973358331622e-02 3.702216131144714373e-02 2.854729398068433718e-02 4.950077190197462590e-02 4.277874367890606433e-02 -8.501023316228617857e-03 2.493497623015767523e-02 4.783363840979456411e-02 5.237671664131357541e-02 7.037972402208195200e-02 3.972248323282045329e-02 4.892947520515553844e-02 3.257851647862159555e-02 6.903068300900597198e-02 5.783422118515962190e-02 4.244272681785448559e-02 4.180043566180739051e-02 3.625027715547422813e-02 6.207293640775757987e-02 3.673404510771621084e-02 1.191427442178607903e-02 3.066981229560363995e-02 2.598907145527925427e-02 6.221741755858597317e-03 1.563934689115186252e-02 3.096079075974212183e-02 -1.043750967327507738e-02 3.445881930838194315e-03 -1.312622882861010478e-03 9.093483327440331221e-03 1.615057504247897815e-03 1.410582224229679597e-02 -1.823405564975550883e-02 1.638324621082241569e-02 1.778083384187641516e-03 -7.346305327329683346e-03 -9.588230801288313149e-03 7.057299131645510849e-03 -1.173487437998607837e-02 -1.355974513369138240e-03 1.602714674394830480e-02 1.958982274365056106e-02 1.575767919642184767e-02 2.349408613258050296e-02 1.844823927541989345e-02 2.357956400380571173e-03 -2.779647229693552914e-03 8.646682282835681244e-03 4.597236328935037399e-03 1.290539490507806170e-02 2.974018767606017785e-02 1.992914093270661824e-02
1.287701591547914526e-01 1.000000000000000000e+00 3.893441151210784434e-02 -2.496857404695662294e-02 3.634942809651726947e-02 4.715764936269874197e-02 7.772586315082698205e-02 9.551955939379726257e-02 1.647963622860649791e-01 1.901279473728128000e-01 1.253617916331472293e-01 1.038713046311278004e-01 1.071722028388792380e-01 1.264232028865857616e-01 1.247358113773010674e-01 1.307950190424472248e-01 1.447196478117041274e-01 1.618148530874665425e-01 1.897592407150747729e-01 -1.198408669100255175e-02 6.857879385373094605e-02 1.172236284554417363e-01 1.777052972348037718e-01 1.448262952063429365e-01 1.901327016370804868e-01 1.865130717274154359e-01 1.739034496614275116e-01 1.660753172183255799e-01 2.287731634744125941e-01 2.221254611389004152e-01 2.093611663973708459e-01 1.556234218248764845e-01 1.545289565619690220e-01 1.635850577333253508e-01 1.971064132557799053e-01 1.334495777189162180e-01 1.862521435380518064e-01 1.439812365447786513e-01 1.553210651878951520e-01 8.359022774226317065e-02 1.595498773520739877e-01 1.307400851712040846e-01 1.220455388776630068e-01 1.407583881454092523e-01 1.400538004859746000e-01 1.693212856960981672e-01 1.457457589816832377e-01 1.610207028184308942e-01 1.425846052419832699e-01 1.063276307984735991e-01 1.219765383205874271e-01 8.903415086637206377e-02 1.205643353217192432e-01 1.758423699441078736e-01 1.687734879052340542e-01 1.533486291395267653e-01 1.352179005211401053e-01 1.465274836114574264e-01 1.477261974956647905e-01 1.518566641381041971e-01 1.421699822374423994e-01 1.619669665298111572e-01 1.536060775408180645e-01 1.443817712176792001e-01 1.519950582332767475e-01 1.439190191353370840e-01 1.505053951381896959e-01 1.656769850097373487e-01 1.645736284889740553e-01 1.124014683126746961e-01 1.367831547891139587e-01 1.588210872955530539e-01 1.560036289768518547e-01 1.707666938236361009e-01 1.697869266641106878e-01 1.779873466313970087e-01 1.673765784709932980e-01 2.021312882362001073e-01 1.847442267356154411e-01 1.745273265426975640e-01 1.750092654337495612e-01 1.724972259904797023e-01 1.643374867931201300e-01 1.741347557512032129e-01 1.377017440673818094e-01 1.619333745240147393e-01 1.579695021564760660e-01 1.436633022918435976e-01 1.579670393278127527e-01 1.527801222803582548e-01 1.321052696864020715e-01 1.433744276683833752e-01 1.425353772299231825e-01 1.517668052715404059e-01 1.465385177123648686e-01 1.568561050304110305e-01 1.159324581099790141e-01 1.270769347287267204e-01 1.385309647771726660e-01 1.293120636873914264e-01 1.353627179447501605e-01 1.395689991999208845e-01 1.297074241273434569e-01 1.376988981530974654e-01 1.340025691099694105e-01 1.434505512193765264e-01 1.469253760574915080e-01 1.585501474954384982e-01 1.558204670787893820e-01 1.463198290561087689e-01 1.409802814529741155e-01 1.451729917781270918e-01 1.500168344757557004e-01 1.462215831686771716e-01 1.475680316728145980e-01 1.450467036681829525e-01
7.886963034672811457e-02 3.893441151210784434e-02 1.000000000000000000e+00 2.926254639956607506e-01 1.863773092520695507e-01 2.145766589861756724e-01 2.847743062602941522e-01 2.967506092240422277e-01 3.601001939233975935e-01 2.915536588283605401e-01 3.635204140700677988e-01 3.560664594487584766e-01 3.131619760570199529e-01 2.869279846618151830e-01 3.552077869559831513e-01 3.419331093751197259e-01 3.811531078475142720e-01 3.864744669343828654e-01 3.840034607584820181e-01 3.079032703231078250e-01 3.851153824202966924e-01 4.028949850537398292e-01 4.094855658570452084e-01 3.901392949314425596e-01 4.019226855802321974e-01 3.781379355315581670e-01 3.928977554107500048e-01 3.935747568921029726e-01 3.620393589348271379e-01 3.844610695427072566e-01 3.726989197721976010e-01 4.046793705125657503e-01 3.670119114361917179e-01 3.859799255773323501e-01 3.708440525746429239e-01 3.836687481012831524e-01 3.804639866464663012e-01 3.623681272843226053e-01 3.579696127086778867e-01 3.711466645996084890e-01 3.816905007632787061e-01 3.682954615297917567e-01 3.661757716824743936e-01 3.784378148310489909e-01 3.717124800665403961e-01 3.685708907479817165e-01 3.505890825037435432e-01 3.630361869913539263e-01 3.617747577784660717e-01 3.670696487068922931e-01 3.686429843867556344e-01 3.757980975087934494e-01 3.683098861849800620e-01 3.709244020593572833e-01 3.793622740370659052e-01 3.919377830740056190e-01 3.817885911304993996e-01 3.548672436542338327e-01 3.588525707813244314e-01 3.583331016592116169e-01 3.549859667482359593e-01 3.586365276485010689e-01 3.665740908472497894e-01 3.571280440830119085e-01 3.799223994154625750e-01 3.740159412124168803e-01 3.640011418501770124e-01 3.842043398812458044e-01 3.811974301914734520e-01 3.666351079375630984e-01 3.869753408527081273e-01 3.889605665165771220e-01 3.979546646771726093e-01 3.939592712150538079e-01 3.739673661979601715e-01 3.755779343312643515e-01 3.698775341062676136e-01 3.627216486613562552e-01 3.728171488710015913e-01 3.726943882569262456e-01 3.718901989658804363e-01 3.666287982944282930e-01 3.871095398977566493e-01 3.674114491453024933e-01 3.719596332213409573e-01 3.779150951759335797e-01 3.707598315336751993e-01 3.617098789622661958e-01 3.590651298113859413e-01 3.825718330859577687e-01 3.681287677449994189e-01 3.636382311793739941e-01 3.700644936758137327e-01 3.575517731851413639e-01 3.557202236092368297e-01 3.600955295925604149e-01 3.631240871964298567e-01 3.668049057362918197e-01 3.579611353646031113e-01 3.660187438008988825e-01 3.567912146355169400e-01 3.618730598936364951e-01 3.551995321963969388e-01 3.597023349257860714e-01 3.739468358805838610e-01 3.642457104042999827e-01 3.629676221258693603e-01 3.637768397231368467e-01 3.646234834380421286e-01 3.562178211117008608e-01 3.607451410796997382e-01 3.562448744582242255e-01 3.530582313716773002e-01 3.579193279518192439e-01 3.707074333420969925e-01 3.669846420138145326e-01
-3.562660814549426652e-02 -2.496857404695662294e-02 2.926254639956607506e-01 1.000000000000000000e+00 3.508024993588320095e-01 3.905680504846872347e-01 5.565945132062195544e-01 5.731833736422847769e-01 5.005574760323723282e-01 4.060359939951485031e-01 5.487757456521112909e-01 6.539886773515100060e-01 5.593673737771530652e-01 4.918109634269475228e-01 6.089529506078028565e-01 6.049131555086365575e-01 5.404349593734353308e-01 4.270585852748809974e-01 4.428620535194205954e-01 6.019077613895194023e-01 5.952722362533533484e-01 5.814412791708575279e-01 4.324714747069340337e-01 4.536542142678422485e-01 4.686199952066934515e-01 5.279088379827289179e-01 5.141513376044406503e-01 5.138804445425735334e-01 4.166903719316344956e-01 4.645280743395873713e-01 5.169723785046186348e-01 5.901957022821880949e-01 5.235646040344017482e-01 5.526681260132976226e-01 5.053983830591618487e-01 5.959447354022832100e-01 5.358273813468896751e-01 5.775884906677232200e-01 5.800669152399960948e-01 6.211371306664866809e-01 5.865328741089298470e-01 6.068030371185799687e-01 6.310236049950521675e-01 6.148837287700027465e-01 5.992463910977149366e-01 5.757853583188939917e-01 5.926045633708756366e-01 5.864908238803933083e-01 6.019319223904882055e-01 6.318528993217286116e-01 6.241264664326371392e-01 6.577044673351316595e-01 6.259976706191192619e-01 5.690558783461202585e-01 5.695831050111715976e-01 5.789552934190332900e-01 6.155543580899787148e-01 5.757233559858356831e-01 5.803912786409202162e-01 5.970550166702662809e-01 6.092952693448249191e-01 5.842516715000676264e-01 5.896181999889446024e-01 6.084204993713723253e-01 5.927016257107065034e-01 6.151215823837037355e-01 5.919915211175450498e-01 5.822250351331026419e-01 5.869457184818543949e-01 6.501024095602944142e-01 6.273300426770730409e-01 5.908486919497002443e-01 5.947706950822992944e-01 5.737620275588942720e-01 5.794458668371468280e-01 5.654470093416086307e-01 5.700433708238615838e-01 5.247391942653646391e-01 5.538235485929237090e-01 5.647429366012574059e-01 5.652794705512550477e-01 5.668866230816430596e-01 5.868444296561133866e-01 5.711430442682047248e-01 6.158899303648542878e-01 5.882829689045363519e-01 5.857822036023129231e-01 6.046688682009535576e-01 5.862381218772089175e-01 5.969474531122966887e-01 6.081142172501441401e-01 6.062073674813109880e-01 6.025121208746202495e-01 5.908941168201823357e-01 6.017584813918043229e-01 5.914536618360072273e-01 6.403774552068876025e-01 6.303815168033050087e-01 6.178273834104673901e-01 6.256480657695420167e-01 6.177859171159841845e-01 6.143380610996770352e-01 6.152440955103692932e-01 6.141316784133642459e-01 6.235056666089934252e-01 6.092211037529255968e-01 6.025128560685629742e-01 5.905755352795841739e-01 5.922437451557867050e-01 5.982574636108568544e-01 6.059339880606131601e-01 5.996872762747679220e-01 5.934979586292488118e-01 6.064011616368450985e-01 6.020729808279119410e-01 6.109878473700922630e-01
1.873549390958982597e-03 3.634942809651726947e-02 1.863773092520695507e-01 3.508024993588320095e-01 1.000000000000000000e+00 3.011072061209445483e-01 4.459377326162917154e-01 4.354850325237968334e-01 4.246507899549400999e-01 3.486378770824141715e-01 4.240336227021255788e-01 4.980466087213798465e-01 4.385099240933453268e-01 4.005860479465072066e-01 4.834867783933138874e-01 4.710196760805590022e-01 4.247457254584451336e-01 3.397253252673567703e-01 3.785809567601950976e-01 3.855278836167964629e-01 4.179397322757117950e-01 4.242547345505622292e-01 3.445886585497792143e-01 3.427173155216014511e-01 3.885575770259977468e-01 4.493131084319201829e-01 4.252131207483400011e-01 4.132529430664619863e-01 3.771114844548301148e-01 4.126111789642522010e-01 4.524802450441702817e-01 4.606131564791874355e-01 4.137093554695984721e-01 4.402714067457312863e-01 4.253673371986368412e-01 4.696953977059190044e-01 4.573056518039153584e-01 4.576748031161744779e-01 4.758704452583177869e-01 4.519392208736658367e-01 4.747665707419855829e-01 4.839332734342693398e-01 4.871046833367260187e-01 4.905501105522167005e-01 4.826537148814810108e-01 4.728916277317122274e-01 4.855720168939771653e-01 4.848647326272217395e-01 4.777132297113222403e-01 4.721198244622459850e-01 4.823093469780952991e-01 4.897790397484453329e-01 4.895623783819441632e-01 4.788400646336222755e-01 4.616359196031961099e-01 4.704373931274400955e-01 4.748663114754380632e-01 4.782475727132060039e-01 4.614857536655355141e-01 4.893341059059548859e-01 4.850863869275872098e-01 4.833457791108795032e-01 4.740807270342900503e-01 4.914133143905200507e-01 4.871565845635417169e-01 4.885527089474514528e-01 4.872218206044549582e-01 4.763141628473694378e-01 4.800809505292986112e-01 4.997491473374225390e-01 4.933104975853002117e-01 4.814500433726375817e-01 4.697366206195731086e-01 4.660044647501467296e-01 4.820085163186482724e-01 4.727361468032598713e-01 4.717229449125319163e-01 4.488287315103959285e-01 4.698741829385157387e-01 4.764742302798466445e-01 4.767317060452191946e-01 4.785780031423719771e-01 4.807039114567821514e-01 4.706411262839476639e-01 4.892931083561343208e-01 4.825607775788010034e-01 4.840218029528824961e-01 4.868385643799200690e-01 4.861250100277250685e-01 4.850768042101483712e-01 4.866012592008481241e-01 4.895821773469919980e-01 4.896433150168240656e-01 4.855609972162089893e-01 4.886131296055348794e-01 4.872558422221623942e-01 4.906595404096041335e-01 4.928237869511931102e-01 4.881442357708872248e-01 4.959123532908989440e-01 4.941824625919061797e-01 4.899177204692378162e-01 4.927377041466410867e-01 4.967244453800850335e-01 4.974821139024432348e-01 4.849817044611459682e-01 4.885648751801798806e-01 4.879295631720351745e-01 4.859076801432878345e-01 4.861484304123405153e-01 4.826833901131043492e-01 4.922716003621653846e-01 4.853599525101132128e-01 4.924490846362621355e-01 4.931880613534694313e-01 4.903020638115732077e-01
-5.164883244528391953e-02 4.715764936269874197e-02 2.145766589861756724e-01 3.905680504846872347e-01 3.011072061209445483e-01 1.000000000000000000e+00 5.266576632414498027e-01 4.727834550526379687e-01 4.877290461317629333e-01 4.386681952023905318e-01 5.265431848677044613e-01 5.587730239976889113e-01 5.155292655451517714e-01 4.974010196315618026e-01 5.821906942131684914e-01 5.672196371461890596e-01 4.939024971299862399e-01 3.839203695073514777e-01 4.388725230771164942e-01 4.038097380743401188e-01 4.455290379358688435e-01 4.642086357385030726e-01 3.970807696986880519e-01 3.877057952126192752e-01 4.633360541919535613e-01 5.286449778058870397e-01 4.854700630835161457e-01 4.890475978092528320e-01 4.635654383210587315e-01 5.043185488071666445e-01 5.405956042669328721e-01 5.417106000177825953e-01 5.039628077186968369e-01 5.108339027068480309e-01 5.015109194244430357e-01 5.510839326661987059e-01 5.425465005396395979e-01 5.557854163163964412e-01 5.597415454283702907e-01 5.531326397126532513e-01 5.716044726569908807e-01 5.769616610518402133e-01 5.744374798712549302e-01 5.795527661650178297e-01 5.778526562461175908e-01 5.679625595945633210e-01 5.866059180780802684e-01 5.821526894440943733e-01 5.817365012160683468e-01 5.523905223733600600e-01 5.799830254457991607e-01 5.633660447237246460e-01 5.790574929847814856e-01 5.683614100149589898e-01 5.571287588810628355e-01 5.625739718917603938e-01 5.675997667346811548e-01 5.768450542937743064e-01 5.715443611732333729e-01 5.854413747719059424e-01 5.836224601821539126e-01 5.826330790420782835e-01 5.754412975344234127e-01 5.799965663483042100e-01 5.734651851109492382e-01 5.788623446823298879e-01 5.825179708925664057e-01 5.702454595226854606e-01 5.728603229154710652e-01 5.820783042776163096e-01 5.748034191874600296e-01 5.724972066424728334e-01 5.610562391496739520e-01 5.607957204652168626e-01 5.768803187886009098e-01 5.648550446732885089e-01 5.698131681461283682e-01 5.514764409784821408e-01 5.665186676136715338e-01 5.706511716718747351e-01 5.696298198992224560e-01 5.744926932973311029e-01 5.723037228725977865e-01 5.668150021609900113e-01 5.758268952572135335e-01 5.710131820784422052e-01 5.796795311812913409e-01 5.818401128784717047e-01 5.810309122662163928e-01 5.824047254160348297e-01 5.852451037975535675e-01 5.873537954661045557e-01 5.842398114000999509e-01 5.862977465729187765e-01 5.871913562572836920e-01 5.848021377744014870e-01 5.826148002243338730e-01 5.727557778945596700e-01 5.828193720012743162e-01 5.883583979743488568e-01 5.891175821444228911e-01 5.853091240895456071e-01 5.861543879344801589e-01 5.892732506685994798e-01 5.836484958656960043e-01 5.811246536571591514e-01 5.842861556847254167e-01 5.831102921100251857e-01 5.854121346870883036e-01 5.874193726764788126e-01 5.858810307844739551e-01 5.868635700627269358e-01 5.860451797298669163e-01 5.824748800841410556e-01 5.844648139018475685e-01 5.826487152230357403e-01
3.231240839268658283e-04 7.772586315082698205e-02 2.847743062602941522e-01 5.565945132062195544e-01 4.459377326162917154e-01 5.266576632414498027e-01 1.000000000000000000e+00 7.212198850636841740e-01 6.883306901523957855e-01 6.228672097110720118e-01 7.467557104532605017e-01 7.883403656209918564e-01 7.270069192825691085e-01 6.733306156885633387e-01 8.230896841484292015e-01 8.055025014468921718e-01 6.998463664090163183e-01 5.119964471021483110e-01 5.883885425627051191e-01 5.974362223074752842e-01 6.400855099140333460e-01 6.549890193777234693e-01 5.521922386687607709e-01 5.285055621106935497e-01 6.186406703370157523e-01 7.393968581329093404e-01 6.887265879897067622e-01 7.297411113911569380e-01 6.534163803324983810e-01 6.959264177775424942e-01 7.543490859338279897e-01 7.542443825230207288e-01 7.223057928652307780e-01 7.052283644815476871e-01 6.936897261896914912e-01 7.759710680401374905e-01 7.560841045075634703e-01 7.840825034461784693e-01 7.878714201332700506e-01 7.927213705751632311e-01 7.989613390094563172e-01 8.260398953893159923e-01 8.212689043682444012e-01 8.157202455834843269e-01 8.116315657967269059e-01 7.997471584306736769e-01 8.119322220089324471e-01 8.086723132216099286e-01 8.044528678540581179e-01 7.720594842453871731e-01 8.123118452827401414e-01 8.027448077211378763e-01 8.129678460211344770e-01 7.924903493154908940e-01 7.741449063423946342e-01 7.854896388016466835e-01 7.901222528937872358e-01 8.105663008079141418e-01 7.951370952991753116e-01 8.188138067747816606e-01 8.162837952220476367e-01 8.083653098690141148e-01 7.995375415198627822e-01 8.057003946752644419e-01 7.995676031400786865e-01 8.060786599435548760e-01 8.112934058535611337e-01 7.924016337535800814e-01 7.959976115614827430e-01 8.275227624158538742e-01 8.047439628517117916e-01 7.951642100665556878e-01 7.828602395312881379e-01 7.762043248315588784e-01 8.045816459172467905e-01 7.940501241221035178e-01 8.101733462548302844e-01 7.713393404062891534e-01 7.873819386962633837e-01 7.920031785837312599e-01 7.933987532683984822e-01 7.988884436513760123e-01 7.957330117009421278e-01 7.915223321028008741e-01 8.038887397619227659e-01 7.942096348954362783e-01 8.050777027800182228e-01 8.181604694373413311e-01 8.134090240680178496e-01 8.120655736654587287e-01 8.222521687390635936e-01 8.249065922642723203e-01 8.174016442062901344e-01 8.193954429731038491e-01 8.205401812150862062e-01 8.139246598275100553e-01 8.155784935666566815e-01 8.011234631096090242e-01 8.116966094098528872e-01 8.227435953362028931e-01 8.278308433863407201e-01 8.168528224920671432e-01 8.200467362500354351e-01 8.223354946756292749e-01 8.170433603165160319e-01 8.102353399928738931e-01 8.104878892397529011e-01 8.130035288547552419e-01 8.140061176258283071e-01 8.198467539023922557e-01 8.179328764283476660e-01 8.169795294590921353e-01 8.172582704062594239e-01 8.128649877022028347e-01 8.099520782292067844e-01 8.135029532424860044e-01
1.421132481095874547e-02 9.551955939379726257e-02 2.967506092240422277e-01 5.731833736422847769e-01 4.354850325237968334e-01 4.727834550526379687e-01 7.212198850636841740e-01 1.000000000000000000e+00 6.883489637328563671e-01 6.091589877445373613e-01 7.282516469473493403e-01 7.796307944494802467e-01 7.053797558546033297e-01 6.544195311250603497e-01 7.892355869842867522e-01 8.021324891633229148e-01 7.132858349812305487e-01 5.828224578879768192e-01 6.332096854443036715e-01 6.227087018552245334e-01 6.967856990317260468e-01 7.035052525114477984e-01 6.027169443606896770e-01 5.975221575169329391e-01 6.619496434606109148e-01 7.212545353083559263e-01 6.969779780052476337e-01 7.032121433766606033e-01 6.379307859293417149e-01 6.968128716530059830e-01 7.396355340031305348e-01 7.609815049396968512e-01 7.092863336816822573e-01 7.327221335195023277e-01 7.065499488551527651e-01 7.754037182277694340e-01 7.479182467344879237e-01 7.798532314228363571e-01 7.730868202630057917e-01 7.623079952052315145e-01 7.758623686652100782e-01 7.934868681910040022e-01 7.966240420921839593e-01 7.986431603374831711e-01 7.865741566936853557e-01 7.770245475917120226e-01 7.813580568598972320e-01 7.831416086831833878e-01 7.850854386982396571e-01 7.824470058780764736e-01 7.964184180470056384e-01 7.866526923771658408e-01 7.814823827102191922e-01 7.744230762126682599e-01 7.711337804061575429e-01 7.686296348838538295e-01 7.910550614295830396e-01 7.797977451327896548e-01 7.860595159310217461e-01 7.886796134582751971e-01 7.901154574837466749e-01 7.886398165249183245e-01 7.890475237423544286e-01 7.857922747573420352e-01 7.838592156193773253e-01 7.932660579411273671e-01 7.843644259336091107e-01 7.823163087621113343e-01 7.829346416098150740e-01 8.094050516382722549e-01 8.008352637617691672e-01 7.858265467230595158e-01 7.809376073454835643e-01 7.751304517035519925e-01 7.780220803175018629e-01 7.703804204456162763e-01 7.699410785353754116e-01 7.446808297044122948e-01 7.658908247282721904e-01 7.699650996439590944e-01 7.742320332470790101e-01 7.740355575968608237e-01 7.831141543100208491e-01 7.753924423612745809e-01 7.948129146947936485e-01 7.815455235448987015e-01 7.858660132352596195e-01 7.951962742583696953e-01 7.865829414166842781e-01 7.880827654415701877e-01 7.875169035487058489e-01 7.915514206225234828e-01 7.890589054589149942e-01 7.879978555715685395e-01 7.883402306555233885e-01 7.852102006976864335e-01 7.962364494171597640e-01 7.885013468288640803e-01 7.914073302658058973e-01 7.992715984876642699e-01 7.971299764452922654e-01 7.958876685848788046e-01 7.876175505132232413e-01 7.950955054192576643e-01 7.966731366112490553e-01 7.887106897870861388e-01 7.869070395787775007e-01 7.832581008469505779e-01 7.856962538153012821e-01 7.883296223643797562e-01 7.931498888878422138e-01 7.865612110355829634e-01 7.866043736790241381e-01 7.874364097564553466e-01 7.889031633459283599e-01 7.879078829164849473e-01
1.352503693878867597e-01 1.647963622860649791e-01 3.601001939233975935e-01 5.005574760323723282e-01 4.246507899549400999e-01 4.877290461317629333e-01 6.883306901523957855e-01 6.883489637328563671e-01 1.000000000000000000e+00 7.046393577897059890e-01 7.917097772563941316e-01 8.077216803967912639e-01 7.407852895419033690e-01 7.042066895666628801e-01 8.225018749235971649e-01 8.256687819454369137e-01 8.082434138927162559e-01 6.813738253450586368e-01 7.500265229935081379e-01 5.602196400268952825e-01 6.919545720451221182e-01 7.370649532302083751e-01 7.110440140785643237e-01 6.661511451796767735e-01 7.678282441929789037e-01 8.210317723125258871e-01 8.065149290985844655e-01 7.814354507319297705e-01 7.890194889312706072e-01 8.390130764716339229e-01 8.605199137820809252e-01 8.343198306413820431e-01 7.795966602117603284e-01 7.975563648232666392e-01 8.169484558565287546e-01 8.119599507907260261e-01 8.489114438594855816e-01 8.232644328859307636e-01 8.384688111133075106e-01 7.604479443993007459e-01 8.480002337878380647e-01 8.325619422708373518e-01 8.263403027709533832e-01 8.528590902957138287e-01 8.400489520779500507e-01 8.526137614373182627e-01 8.447020221284848862e-01 8.665489088406445051e-01 8.447293897488793446e-01 8.073678613430255169e-01 8.336539150858059966e-01 8.094083110590490904e-01 8.317071934467540339e-01 8.715404500414942746e-01 8.551657823911112954e-01 8.446348535692661530e-01 8.514988441403792407e-01 8.434314429309053285e-01 8.401373148498910703e-01 8.604182555295739609e-01 8.517146108357733780e-01 8.622041464247637288e-01 8.560423787739899204e-01 8.552189976154870310e-01 8.670253018054876470e-01 8.666765856718650074e-01 8.615612382725117424e-01 8.639316570085875391e-01 8.659743131281747441e-01 8.350586815199337876e-01 8.505129876492717456e-01 8.664561993383521621e-01 8.494442635034291644e-01 8.591491086964412327e-01 8.626778724859450742e-01 8.631372719463155097e-01 8.485177722308366866e-01 8.546897353307525425e-01 8.632759105709431058e-01 8.671184106653302415e-01 8.618526694686162726e-01 8.659440396101032444e-01 8.705829525902002430e-01 8.569466495447036758e-01 8.482375720305055378e-01 8.584143813372139276e-01 8.589239601040470351e-01 8.495729162297550596e-01 8.550380254219411835e-01 8.629418670615556231e-01 8.346530565140498625e-01 8.517228355471460066e-01 8.530622386189918860e-01 8.537413035011273132e-01 8.528481041197191193e-01 8.614990694139087468e-01 8.333498519939160909e-01 8.503910659284980023e-01 8.484829503917709070e-01 8.466908733208684534e-01 8.436482377086949036e-01 8.543265106183122182e-01 8.447996065807834576e-01 8.518976638030418824e-01 8.576016602104784559e-01 8.552472278675909978e-01 8.603329618397034251e-01 8.629328162147972270e-01 8.614837982653946735e-01 8.511767931292452127e-01 8.480501446884215477e-01 8.574584300242366064e-01 8.539463602392873831e-01 8.563448932026734850e-01 8.654544669096297937e-01 8.632108844865947761e-01
1.077574794546712067e-01 1.901279473728128000e-01 2.915536588283605401e-01 4.060359939951485031e-01 3.486378770824141715e-01 4.386681952023905318e-01 6.228672097110720118e-01 6.091589877445373613e-01 7.046393577897059890e-01 1.000000000000000000e+00 7.038800743143436289e-01 7.042153942146870405e-01 6.545855612683615377e-01 6.430740011111943932e-01 7.511023292545568886e-01 7.347188273251742396e-01 6.826090093783822033e-01 5.891548153452285108e-01 6.639979121483083890e-01 4.401943503542058989e-01 5.727305518302331366e-01 6.173232859545995099e-01 6.201754522803003544e-01 5.700093585742677105e-01 6.750581825537808056e-01 7.348345409265821804e-01 7.302436249938453194e-01 7.288912240434748391e-01 7.542620181036633342e-01 7.707075962924818668e-01 7.901543062822518060e-01 7.543875455810341579e-01 7.417781642379566165e-01 7.303610878596049627e-01 7.618438054615760402e-01 7.281784719537635064e-01 7.728336377764115639e-01 7.710324436896676126e-01 7.715716562795336131e-01 6.911063534003942799e-01 7.713222272293404069e-01 7.616318374489033927e-01 7.372779177783489457e-01 7.651706287097477244e-01 7.556911293553567610e-01 7.828412547128292820e-01 7.719556711621162748e-01 7.844285271278678140e-01 7.667756342634611810e-01 7.303767333689609176e-01 7.570970872505010663e-01 7.055684199368386089e-01 7.410486666989554161e-01 7.862834073643882871e-01 7.812068822220951114e-01 7.654643553593127869e-01 7.488539495879368291e-01 7.738823291171130769e-01 7.761355480324099165e-01 7.724973714432137317e-01 7.648122716458612969e-01 7.827059403758074296e-01 7.776672764907043289e-01 7.622585718738006388e-01 7.672250535132391080e-01 7.641046709288763505e-01 7.808340233571019473e-01 7.801151958850772727e-01 7.845259431851665521e-01 7.393927343428449150e-01 7.555672261335956152e-01 7.783205337980144689e-01 7.611637778968195489e-01 7.713165237203493119e-01 7.832113649451937221e-01 7.861717342880121251e-01 7.825428372523035581e-01 7.968304168520576880e-01 7.887240606191958658e-01 7.894595143046161390e-01 7.893664588077673461e-01 7.913493189270651706e-01 7.809304270719217289e-01 7.918648541760682225e-01 7.713569595368779952e-01 7.810929917431637115e-01 7.818604592062982084e-01 7.786961591108602088e-01 7.819742163439219462e-01 7.749032860383763266e-01 7.678617448193096884e-01 7.724466270431924464e-01 7.706117972363911717e-01 7.802945727651007246e-01 7.729915491019020424e-01 7.808617715399229775e-01 7.442849326512557262e-01 7.484143805861495080e-01 7.587387737834745405e-01 7.653676491299423734e-01 7.614216333316731200e-01 7.694700763266580923e-01 7.577599086545939722e-01 7.659592353765034556e-01 7.644345782457403482e-01 7.616693211532518104e-01 7.755292536956928107e-01 7.810813761390771326e-01 7.815474387380710874e-01 7.733196164814691853e-01 7.729771231931653608e-01 7.736013169900815001e-01 7.753851480731566159e-01 7.692038828498257708e-01 7.721490584988528472e-01 7.685279752197433645e-01
1.835987723394262236e-02 1.253617916331472293e-01 3.635204140700677988e-01 5.487757456521112909e-01 4.240336227021255788e-01 5.265431848677044613e-01 7.467557104532605017e-01 7.282516469473493403e-01 7.917097772563941316e-01 7.038800743143436289e-01 1.000000000000000000e+00 8.557050170452811244e-01 7.661318932968822493e-01 7.446064868296632389e-01 8.646050034831523901e-01 8.573484092893646213e-01 7.964028044716680022e-01 6.492794932683092490e-01 7.281392400041788449e-01 6.070854681478554671e-01 7.139674722273439134e-01 7.537597545392138443e-01 6.749820727553049737e-01 6.407288667319970266e-01 7.489048240061306760e-01 8.365034774438233622e-01 8.176245472703845829e-01 8.140618874896100587e-01 7.814200202049141897e-01 8.297402779302711640e-01 8.657319253178381580e-01 8.537718076879070583e-01 8.153093789512694256e-01 8.058143666076913458e-01 8.154549335381336972e-01 8.457558819694294128e-01 8.627233677726185990e-01 8.699346232910889487e-01 8.673688792066436282e-01 8.398977543572483384e-01 8.854725769659537171e-01 8.851565850788186696e-01 8.759879903444530713e-01 8.881952867734250745e-01 8.807722589387219081e-01 8.795470651190191447e-01 8.828867311562478282e-01 8.883900748449686802e-01 8.788073987976138257e-01 8.512075847765103731e-01 8.846235078131134966e-01 8.566289184367119613e-01 8.736573782597901738e-01 8.809865718877966101e-01 8.727983259425245999e-01 8.738430198540227956e-01 8.717843456608201924e-01 8.832240373267247202e-01 8.810252765341215486e-01 8.894526249604036705e-01 8.880180114788142065e-01 8.888832168463860484e-01 8.837832327607556548e-01 8.834482710841090602e-01 8.838577038346805415e-01 8.842937611569857692e-01 8.908908704618840879e-01 8.859702182619564326e-01 8.851356674785014755e-01 8.801138852077480257e-01 8.854805368106808405e-01 8.899630015848356557e-01 8.667859724310083003e-01 8.742763573708621783e-01 8.903342782956343848e-01 8.881144745921808470e-01 8.844039838108718188e-01 8.698516813961172378e-01 8.829364516080514536e-01 8.886007043474352107e-01 8.861970157664958991e-01 8.898481544120322440e-01 8.837294824381853875e-01 8.833344855623833647e-01 8.835935518719858495e-01 8.805770756677653299e-01 8.888802887797871977e-01 8.910843444553151471e-01 8.889058708632554540e-01 8.883097041465879418e-01 8.847677525202538584e-01 8.938159408767698544e-01 8.934068558664962634e-01 8.910947467183079063e-01 8.908767892294818802e-01 8.919799210286228908e-01 8.846131350667209015e-01 8.811246935413378223e-01 8.867107464565650021e-01 8.920523492147541811e-01 8.900585312391464665e-01 8.924695935779103362e-01 8.884337863946112357e-01 8.923713593959521351e-01 8.910743855119420687e-01 8.843437472146882250e-01 8.905367917147534174e-01 8.911044189190813203e-01 8.925386076423689197e-01 8.897362073807633109e-01 8.903946550949671801e-01 8.898358658813755317e-01 8.896893190239461013e-01 8.889218498712906369e-01 8.906722737904554377e-01 8.903791012760297052e-01
-1.152044269221775587e-02 1.038713046311278004e-01 3.560664594487584766e-01 6.539886773515100060e-01 4.980466087213798465e-01 5.587730239976889113e-01 7.883403656209918564e-01 7.796307944494802467e-01 8.077216803967912639e-01 7.042153942146870405e-01 8.557050170452811244e-01 1.000000000000000000e+00 8.130205512622357134e-01 7.704057953730670816e-01 9.114393889226742873e-01 9.100656223389871347e-01 8.277708915491582831e-01 6.747814435612439210e-01 7.421714091125102275e-01 6.980237134533487930e-01 7.863152199271538079e-01 8.082697720431936128e-01 6.912093144995771210e-01 6.726825758713838033e-01 7.654057307532816656e-01 8.573322505453851994e-01 8.282222167559829540e-01 8.212170114207866245e-01 7.690039590786371670e-01 8.310516234984290929e-01 8.777157459459808964e-01 8.942547170832463310e-01 8.413452881770048242e-01 8.453245766328103539e-01 8.322193421100188004e-01 8.934210416331233029e-01 8.835000490225268788e-01 9.025898429445791127e-01 9.074535679758872764e-01 8.920924401865153452e-01 9.161563463853763523e-01 9.255254816298017495e-01 9.276214780208718036e-01 9.338036560322766633e-01 9.232922333110200608e-01 9.112647327241270023e-01 9.256878543665429948e-01 9.286495837474283421e-01 9.244736917598768144e-01 9.096001420357213707e-01 9.336353076966558140e-01 9.206278608487564741e-01 9.239091278772966209e-01 9.146781643389108041e-01 9.050796285636134586e-01 9.062724191661433171e-01 9.228250358718681490e-01 9.201172376910851103e-01 9.156269025490360036e-01 9.307048207446417809e-01 9.326965800543739471e-01 9.278395250766342528e-01 9.232078716904204008e-01 9.331035229534369035e-01 9.256803558980188917e-01 9.326000566227411470e-01 9.300128786947757797e-01 9.210607822761580632e-01 9.218924492739819510e-01 9.386757803275967982e-01 9.382278140252696685e-01 9.278342436221327372e-01 9.079677871077402873e-01 9.070515509030581125e-01 9.224978446884088967e-01 9.152440228969870306e-01 9.107007018800380438e-01 8.862895457522855791e-01 9.086397635521110683e-01 9.182535663629679545e-01 9.158985548831094503e-01 9.207192423500044631e-01 9.208054829610698988e-01 9.147447109825577183e-01 9.317360507776822898e-01 9.206507634261739126e-01 9.260310992331044488e-01 9.326967766049790720e-01 9.271678827315664728e-01 9.272561663954854705e-01 9.283202430947973260e-01 9.349962307868358025e-01 9.345109766895188796e-01 9.285927285001928100e-01 9.347981431560591359e-01 9.322738472473607318e-01 9.405913806089997165e-01 9.351990138391530483e-01 9.353578305617080701e-01 9.419524176730090792e-01 9.383214375522674899e-01 9.398726806137640555e-01 9.354482326370189282e-01 9.397342880544184984e-01 9.414706672140741306e-01 9.328868124975969733e-01 9.349204965073661944e-01 9.283995558545803384e-01 9.308908814733354298e-01 9.330749259789324901e-01 9.348109509527358085e-01 9.341654343890204437e-01 9.317120608280782257e-01 9.367163504082519632e-01 9.348042004595171761e-01 9.372663916519449190e-01
-2.619054574779349767e-04 1.071722028388792380e-01 3.131619760570199529e-01 5.593673737771530652e-01 4.385099240933453268e-01 5.155292655451517714e-01 7.270069192825691085e-01 7.053797558546033297e-01 7.407852895419033690e-01 6.545855612683615377e-01 7.661318932968822493e-01 8.130205512622357134e-01 1.000000000000000000e+00 7.143696233143526086e-01 8.354104173902244801e-01 8.241668134784042588e-01 7.288184591843372973e-01 5.755400726920442134e-01 6.554009487246257315e-01 5.931666764116020341e-01 6.685412587920854799e-01 7.044964014406464026e-01 6.061668523626663196e-01 5.831936293450333819e-01 6.890710932083035090e-01 7.748609932621576268e-01 7.481373968202317259e-01 7.348684119285383565e-01 7.003825074275559226e-01 7.527396169309801266e-01 8.025605541708711321e-01 7.908112669917960469e-01 7.357143627610515102e-01 7.436322290738086593e-01 7.421986450781870026e-01 7.888261606366858691e-01 7.993444348127137777e-01 8.004446613342172112e-01 8.118967630933781043e-01 7.827512501066542505e-01 8.350866821651237171e-01 8.372372611895073646e-01 8.349243732267992435e-01 8.446758070941924323e-01 8.400995148040827365e-01 8.276171435224659589e-01 8.472314311584256963e-01 8.451406536653510715e-01 8.434014445355002554e-01 8.035260622916013951e-01 8.337601276746275936e-01 8.229385936333499796e-01 8.429554714601472654e-01 8.328628181910294748e-01 8.157883048401387560e-01 8.153931807971426249e-01 8.226631429005025753e-01 8.386999866623908728e-01 8.256700088567322515e-01 8.558032511292721356e-01 8.497193029941246811e-01 8.445232997383996798e-01 8.328867458494209064e-01 8.457918960749324366e-01 8.396930076430589862e-01 8.450909396051985434e-01 8.493052271873198222e-01 8.356306451234637445e-01 8.395855734054389341e-01 8.479967707928494081e-01 8.451433050130303659e-01 8.420068692040932889e-01 8.189953491647293804e-01 8.262510318933256048e-01 8.422552590187647459e-01 8.381367624726469012e-01 8.355317265808934746e-01 8.134453150268098343e-01 8.325337998298963926e-01 8.399103796080784612e-01 8.371093528053716870e-01 8.435546362134360709e-01 8.345225893214838209e-01 8.323018754765587612e-01 8.411099055782831346e-01 8.356703518085188964e-01 8.430856917367779424e-01 8.467512918492453577e-01 8.464634720760555453e-01 8.431967655305933063e-01 8.422912592787782371e-01 8.552207835371200551e-01 8.527345953471808793e-01 8.503982682332498211e-01 8.561397091911384649e-01 8.528860407802332233e-01 8.508325846814273064e-01 8.469863658609546597e-01 8.534908651073273012e-01 8.546921346110086803e-01 8.548305828376348003e-01 8.531086742508142695e-01 8.568255603928093267e-01 8.576147724477654055e-01 8.555305674081411516e-01 8.470349318880644462e-01 8.534803091206912828e-01 8.508081035522067070e-01 8.497064161190636122e-01 8.535520256171201803e-01 8.490487232341505930e-01 8.560521756190330178e-01 8.521042764241062439e-01 8.539800134224769801e-01 8.506665210624496654e-01 8.548513490816956883e-01
