1.000000000000000000e+00 1.983308759189451875e-01 4.758141327888753408e-02 8.423544572249555551e-02 3.522549317545289188e-02 -5.159871205683326176e-03 9.310559034135067538e-03 4.398971069692458186e-02 1.825197212045366335e-01 1.239119950045499130e-01 5.128668421156464680e-02 2.790645526099648499e-02 3.910763708826887203e-02 1.557465777761558000e-02 1.904784676106018471e-03 4.680736784992476501e-02 1.080634860941952768e-01 6.855539004194889999e-03 -1.990612294637393240e-02 4.755478677305613466e-02 3.513605329317961296e-02 3.040303137128207850e-02 -1.353138496447632219e-02 -8.913118323656089165e-03 -1.367324214122933243e-02 -5.491128932069688426e-03 -1.727241913609586094e-02 -2.795842941127789361e-02 -7.183372819169565014e-03 1.482362168458436873e-02 1.838845012316704317e-02 3.603562505612048581e-03 -2.725926809408224169e-02 -2.061768940405001027e-02 -1.151612000369570468e-02 -3.451189327147347052e-02 -2.208992601324869312e-02 -1.043589183618940860e-02 -1.244945964886101999e-02 -5.324459936353747452e-02 1.447176785938920820e-03 -8.223687721523136734e-03 -5.143465414098698923e-02 -2.544075257468155112e-03 -8.450338062410654716e-03 -3.132985841198311638e-02 2.199063235200121244e-02 2.425741314061228074e-02 2.760151197224424563e-02 2.724453470313785083e-02 1.114164230296308018e-02 1.871091496132884502e-02 2.871461076481568453e-02 4.478487901035640983e-02 3.129548213857486633e-02 2.334716333141404788e-03 7.032133341383520198e-02 1.164393823042450711e-02 3.469660426013854160e-02 4.952328018227606515e-02 9.569158140728464823e-03 4.327531648201120296e-02 4.001403486656755770e-02 6.376223270774897256e-02 7.999887924720321120e-02 7.616699360493131565e-02 3.579195861180565347e-02 -9.126564183067292432e-03 -3.363025454857206109e-03 -2.157538027021766933e-02 9.544114241643379920e-05 1.382679230234495037e-02 -6.277633433841606214e-03 -2.072975897359132305e-02 -5.624261389379324114e-03 -1.544350787538766078e-03 -1.007040041002665171e-02 -1.600736063090601926e-03 -1.018304051388300990e-02 7.624552419306806009e-03 -4.262349688223187119e-03 1.455917438561948538e-02 2.429973355763856077e-02 -1.754552880145624936e-03 -9.351390806982362233e-03 -6.571558915816507612e-03 -4.852687760047673729e-03 -2.121951562060711300e-03 -1.123841499044593920e-02 8.695525172511169368e-03 -3.347432701466436511e-02 -5.896944496593010086e-03 -9.921909145565248681e-03 -1.901996343071440596e-02 9.062839454297103026e-03 1.286898699991795639e-02 -4.958906101539053979e-03 5.158106890191313521e-02 1.023974546154414640e-02 3.760393497944052640e-03 -2.042931645635525859e-02 2.875183156478771512e-02 2.159921721364418956e-02 7.597169321933495457e-04 1.386051216795842513e-02 4.123601313044313738e-02 2.998246706425850699e-02 1.734872585838895948e-02 8.963089995999047599e-03 2.414861850377227753e-02 1.824090616725209876e-02 3.274382669566190673e-02 3.109786365912066072e-02 2.342894364576782532e-02 4.878704464836863819e-02 5.765162137048226998e-02
1.983308759189451875e-01 1.000000000000000000e+00 5.075918246844123710e-02 1.181218268597409582e-01 1.008411975072940475e-01 6.450897009105657776e-02 1.047745620872648775e-01 1.130520112743416405e-01 2.064108947299266306e-01 2.251572499803255190e-01 1.310248165999224890e-01 1.391384410268675376e-01 1.285319145443394595e-01 1.157349180012119116e-01 1.391988467458277756e-01 1.479738033879448855e-01 1.625200165548913445e-01 8.996226983030582158e-02 1.171352251807787487e-01 9.162646622003439711e-02 9.770388176091697463e-02 1.468863999403727527e-01 1.314121021666714850e-01 1.077083511153423129e-01 1.117823797060112506e-01 1.107358260369244451e-01 1.226612121950094308e-01 1.074382131688482039e-01 1.303594411195283798e-01 1.609482806600905924e-01 1.568453663086690764e-01 1.343818545986130986e-01 1.071013662165445218e-01 1.077698306870322614e-01 1.217050212692786099e-01 8.581943673372602333e-02 1.195111895128941060e-01 1.114594104754439152e-01 1.225377726433968806e-01 8.697424846684277677e-02 1.433203775631430588e-01 1.174360214634245503e-01 7.504575433427805586e-02 1.294396516487507920e-01 1.270581473472101597e-01 1.212265188404620803e-01 1.583023554202011018e-01 1.573506865883013417e-01 1.459777294311817852e-01 9.762777757983556737e-02 1.312875235576691779e-01 7.837114751974329219e-02 1.164464081387768107e-01 1.714551618308464143e-01 1.631322947735915074e-01 1.376055317145777335e-01 1.516029158236159580e-01 1.487978679015785621e-01 1.629432283151586724e-01 1.681348521042483612e-01 1.303616272573215884e-01 1.653848624965094660e-01 1.461187550223145282e-01 1.543983338933878069e-01 1.739770700951008553e-01 1.604163600316186045e-01 1.580410344726865812e-01 1.397395668238698985e-01 1.388625915139015121e-01 1.239946866221233457e-01 1.353547804297776380e-01 1.488674870644262072e-01 1.387567222595069427e-01 1.218945561288604373e-01 1.256307490124446979e-01 1.451177039537419056e-01 1.415915333526890640e-01 1.488921911951981703e-01 1.436096468682295790e-01 1.453338445294402592e-01 1.407460731996319492e-01 1.539154215230789935e-01 1.532075811168441548e-01 1.377351872917492726e-01 1.235683439618247281e-01 1.351964516943019723e-01 1.404932162043406874e-01 1.371783294101455719e-01 1.388166128718795744e-01 1.532665074397713822e-01 1.195178471406267984e-01 1.386265948533599024e-01 1.387434848228367434e-01 1.370633136023262644e-01 1.500204679368563054e-01 1.551757707705924139e-01 1.112261547810204643e-01 1.396006312015720952e-01 1.411298130974567855e-01 1.379155583409090169e-01 1.230237098135714136e-01 1.513457733296979524e-01 1.342677285024951317e-01 1.354305885435300449e-01 1.240179503759069046e-01 1.540776750608937318e-01 1.466072612284838872e-01 1.578984753742204705e-01 1.493100371018052097e-01 1.569208396186256571e-01 1.578276835738558204e-01 1.603033816341376538e-01 1.658625910799158554e-01 1.376920091167367910e-01 1.629920266576520005e-01 1.706993790670443545e-01
4.758141327888753408e-02 5.075918246844123710e-02 1.000000000000000000e+00 1.972302905974159803e-01 8.492444063713339153e-02 1.204991470042499763e-01 1.671619737594465527e-01 1.796160110650779074e-01 2.209210564656071407e-01 1.677498598478529557e-01 1.843797354567292268e-01 2.359672188794664782e-01 2.055451079734783026e-01 1.842348160450088812e-01 2.404192979534969798e-01 2.196086365780966498e-01 2.302162455492252346e-01 2.088410782665559018e-01 2.245121930274121269e-01 1.861248325863733843e-01 2.415002487789623953e-01 2.506363028146305072e-01 2.129773614861486530e-01 2.190274789187074134e-01 2.358691979892645063e-01 2.341067548515845531e-01 2.258922747853013557e-01 2.192149457056253026e-01 1.914841487084085470e-01 2.119952659572795772e-01 2.309715690920048636e-01 2.248250918653595387e-01 1.958752760276384342e-01 1.911693871696773239e-01 1.954493409312589580e-01 1.919524749586666856e-01 1.928045020963624068e-01 2.243555109165597250e-01 2.178136592616743417e-01 2.166195253100673956e-01 2.454281006061124204e-01 2.477942917918140309e-01 2.180689295764993429e-01 2.489750259424071133e-01 2.427369955447782890e-01 2.208976847571655910e-01 2.520083351143992401e-01 2.518187799932357640e-01 2.445499939160322156e-01 2.427754341459479603e-01 2.440968251912158937e-01 2.522945014621792437e-01 2.650624258668137778e-01 2.501481151823221616e-01 2.415205083502231509e-01 2.449411470846282746e-01 2.544463981405895026e-01 2.575418328844008564e-01 2.541839181615643817e-01 2.610501756656448125e-01 2.469813999644640268e-01 2.554804419625359424e-01 2.470103710592830015e-01 2.512966605488415883e-01 2.634282416757431911e-01 2.575588267650468222e-01 2.512598401717166530e-01 2.524831824142734771e-01 2.477436535540084861e-01 2.539173532997929250e-01 2.553994481385525872e-01 2.544702095035370482e-01 2.535194476073288627e-01 2.501812195500832670e-01 2.507240864016777038e-01 2.504454146783084423e-01 2.428192454728554661e-01 2.388219796382335947e-01 2.427972999282547450e-01 2.333252302103816789e-01 2.292553127957531189e-01 2.464837529094164870e-01 2.486672721519767315e-01 2.345097696342681448e-01 2.386690782731858695e-01 2.444385105024645954e-01 2.376108999557156320e-01 2.479336870384954705e-01 2.377568033684695770e-01 2.460367911392873641e-01 2.398307133475985065e-01 2.535715494142070092e-01 2.500338387324098632e-01 2.434410881671242033e-01 2.535618430345327190e-01 2.527239311971055113e-01 2.479801316673787837e-01 2.525621660913587307e-01 2.504301101298401777e-01 2.469479737788021767e-01 2.484466142657723031e-01 2.548868063591067101e-01 2.618803795549810021e-01 2.552314708824612310e-01 2.567485178736864104e-01 2.573911976305895410e-01 2.500319330050981281e-01 2.522526429919186297e-01 2.501730348083665567e-01 2.553415864930462797e-01 2.524043627933266198e-01 2.586894998973998105e-01 2.540735625290704847e-01 2.571927388606455311e-01 2.613220802411212462e-01 2.591883183014921377e-01
8.423544572249555551e-02 1.181218268597409582e-01 1.972302905974159803e-01 1.000000000000000000e+00 2.642165481722059117e-01 2.387287760785526680e-01 4.155694947340215495e-01 4.371974811311454823e-01 4.211953386146629619e-01 4.297540715289819291e-01 4.131653508827425325e-01 4.959371442179263956e-01 4.296356321500978126e-01 3.758723094043723290e-01 4.805820192883342168e-01 5.040144207220469408e-01 4.344018996681870415e-01 3.979401466010392130e-01 4.322084779651342856e-01 3.954885658873188992e-01 4.425033428295945814e-01 4.731693893966260056e-01 4.462299535974655895e-01 3.722709298966250802e-01 4.130267475141130018e-01 4.940342133277031422e-01 4.690818813517728114e-01 4.583976917150396346e-01 4.275843069653753603e-01 4.639087394609071047e-01 4.894982373704933609e-01 4.916704199182458934e-01 4.714400955908807367e-01 4.553249110341806571e-01 4.526566120375073998e-01 4.546151328866933072e-01 4.589371586095686295e-01 4.957509400186056459e-01 4.850289159204068667e-01 4.767019471842954270e-01 4.724712709156024815e-01 4.780353314678114640e-01 4.509368973773328348e-01 4.877957836712301098e-01 4.781880815967097798e-01 4.626884553982791304e-01 4.680301645642783170e-01 4.719571088674110459e-01 4.776606412717926964e-01 4.825126624151417909e-01 4.943035006127666220e-01 4.672639293434415753e-01 4.621056318108324734e-01 4.649043521562780668e-01 4.685875372618052426e-01 4.854596359515525039e-01 4.711122215190166052e-01 4.613207295823026910e-01 4.657224506336610781e-01 4.697466050178675245e-01 4.672558765092978406e-01 4.708612425955683856e-01 4.718126193685222014e-01 4.852907257441071986e-01 4.831973058761086515e-01 4.740878003364868976e-01 4.697551023225474132e-01 4.569182522148214631e-01 4.692045294310149828e-01 4.490214869294549271e-01 4.622001987928121003e-01 4.711216626227078819e-01 4.492805708986516988e-01 4.392534427792854079e-01 4.762590618262037556e-01 4.632333758704305082e-01 4.686128793614651178e-01 4.562202424536097034e-01 4.580876262092706264e-01 4.673329608738615581e-01 4.736710337830187245e-01 4.727470625902350232e-01 4.822696031292495467e-01 4.714961836290977870e-01 4.759238789386590618e-01 4.718230941806275669e-01 4.761371831795609966e-01 4.793129926071281743e-01 4.774478876898407553e-01 4.678385752776342277e-01 4.684449325991715818e-01 4.679720411864249363e-01 4.683662250814885075e-01 4.665226038546074760e-01 4.599543923567212533e-01 4.640160648680609623e-01 4.635883916274294858e-01 4.791820840054826225e-01 4.635248777788942842e-01 4.746240498692359533e-01 4.596444611501825928e-01 4.726364615541129299e-01 4.661218762763518764e-01 4.692297081067992037e-01 4.764137424223968131e-01 4.665262120263754531e-01 4.759861762197762358e-01 4.592688206884656399e-01 4.635297714349245757e-01 4.701090295887072612e-01 4.656736863485123612e-01 4.644609152728567669e-01 4.627409854229632136e-01 4.765011702887256839e-01 4.732243304218404778e-01 4.742188127418426880e-01
3.522549317545289188e-02 1.008411975072940475e-01 8.492444063713339153e-02 2.642165481722059117e-01 1.000000000000000000e+00 2.257127226825333954e-01 3.839798982914376935e-01 3.827149249147909216e-01 3.619014914059184851e-01 3.367540688691424422e-01 3.449311342415845028e-01 3.963805136485606395e-01 4.458476356522741990e-01 3.292811546963780311e-01 4.338816050186884987e-01 4.185095371338908854e-01 3.392142793926103961e-01 3.544620998195296968e-01 3.856987812459629072e-01 3.268512758572815757e-01 3.637696024494719849e-01 3.900580561234296417e-01 3.897984253875203531e-01 3.615931710910294528e-01 3.942448843572353701e-01 4.336909332696065045e-01 4.033233135886125642e-01 3.912792289163828929e-01 3.623197895779189937e-01 4.159386760948065587e-01 4.172975884433742788e-01 3.989821560205261131e-01 3.748342974147913509e-01 4.034936990257950162e-01 4.039974925651170778e-01 4.034970712929684122e-01 4.069269358444013718e-01 4.019238666107724511e-01 4.216633359575492901e-01 4.032098504211774626e-01 4.131112018497985483e-01 4.220119381034040940e-01 4.376281895683643564e-01 4.332376769684252449e-01 4.049113111607473003e-01 4.148938321482974478e-01 4.020910038047289525e-01 4.045713239077577961e-01 3.964105172165671709e-01 3.936145875168748920e-01 3.985491783566741386e-01 4.130557382169567915e-01 3.989136293138089706e-01 3.841961208727807109e-01 3.766084909543491177e-01 4.073053894409475184e-01 3.539246452817984001e-01 3.995794764912656283e-01 3.671055081389332786e-01 3.939445645251457018e-01 4.012636111394899396e-01 3.734220839480521525e-01 3.609294074596586244e-01 3.867842633688687304e-01 3.888200011841058124e-01 3.614121917078915724e-01 4.080634821093765408e-01 4.108725010757990348e-01 4.100060243615905042e-01 3.970798781936019650e-01 4.159418508981401197e-01 4.136274048852386365e-01 3.999071381580671103e-01 4.154117921006199587e-01 4.245098366940848189e-01 4.083473978140672034e-01 4.097531485806807372e-01 3.958291248408981611e-01 4.135372247688069436e-01 4.166767767942099465e-01 4.244117415005113081e-01 4.149824202124227646e-01 4.112394146404341755e-01 4.112015173714306804e-01 4.117011571705843642e-01 4.136950588640823656e-01 4.156284488692165713e-01 4.138546817990296223e-01 4.149972284480745177e-01 4.124151484699942749e-01 4.117384230386113564e-01 4.161738944099829252e-01 4.065568280855927918e-01 4.142969785584472153e-01 4.035641195278935611e-01 4.039916173147241607e-01 4.204348191621841146e-01 3.962941873314789754e-01 4.020477889364598711e-01 4.155855771681480904e-01 4.205388221141785898e-01 3.953191462585824989e-01 4.122362334088411351e-01 4.197594997964784747e-01 4.195336472602908540e-01 3.822762259713775035e-01 4.023872604469955760e-01 4.032167223252628441e-01 4.049534828258961605e-01 4.068012978946500269e-01 3.997914867383327575e-01 4.017673370767187446e-01 3.860844398565531077e-01 4.068174808266434850e-01 3.994066739079922823e-01 3.870456643985046852e-01
-5.159871205683326176e-03 6.450897009105657776e-02 1.204991470042499763e-01 2.387287760785526680e-01 2.257127226825333954e-01 1.000000000000000000e+00 4.004890218969780480e-01 3.452784869460775452e-01 3.992090842898673997e-01 3.678975084990893096e-01 3.845400599844810974e-01 4.412307361409318340e-01 3.850397001577317013e-01 3.852535601601948523e-01 4.797656083882637090e-01 4.551394528142285179e-01 3.934793448482394318e-01 4.029577652435490931e-01 4.333417647769936543e-01 3.122428834137114806e-01 3.805006677726531783e-01 4.421635604631898309e-01 4.564347585747540736e-01 4.087912803634482506e-01 4.419573028516261548e-01 4.796965769068181062e-01 4.824498279554511604e-01 4.936453446603238371e-01 4.510426096294913867e-01 4.622279458086594461e-01 4.729922956709209925e-01 4.716467246720780770e-01 4.721477223493128483e-01 4.533285448647043636e-01 4.620859701025187838e-01 4.418895652303294064e-01 4.686563394617539458e-01 4.661095442154347679e-01 4.816376021469789270e-01 4.761223338382047365e-01 4.946536463582771881e-01 4.943435806901572138e-01 4.811636370816753661e-01 4.887715352443108840e-01 4.911184437970169681e-01 4.909403403271427324e-01 4.877958873886599767e-01 4.878763436435132883e-01 4.768090523193435071e-01 4.473509404462808758e-01 4.711493888665839735e-01 4.633887848656274566e-01 4.696999653973989997e-01 4.792677095927339592e-01 4.642486222432020693e-01 4.935339885929375670e-01 4.563200599038093053e-01 4.830116702388285166e-01 4.662554189458407716e-01 4.888399874218528063e-01 4.870363154079297985e-01 4.687850854624311392e-01 4.587871101309321520e-01 4.779675988523545138e-01 4.791420739436473841e-01 4.734780586214468734e-01 4.944213733670497213e-01 4.944107812304900373e-01 4.977970106183822185e-01 4.826812691899055041e-01 4.924075273067681779e-01 4.968959579465382359e-01 4.867002625063936438e-01 4.878333839242047221e-01 4.997471012304347537e-01 5.014146231343040716e-01 5.046040683539543270e-01 4.941793535676300420e-01 4.990663897304177810e-01 4.979205136119490005e-01 4.946998134741828479e-01 4.933135894256902576e-01 4.998852531755874073e-01 5.000079391523815087e-01 4.915164943661461394e-01 4.977810268289559748e-01 5.006394361935113668e-01 4.963704415142923265e-01 5.005995312011557452e-01 4.939743934219949506e-01 5.065888472223198935e-01 5.001347731758700732e-01 5.024676298536321362e-01 5.030535817004436749e-01 4.937048060650299219e-01 4.959242803923242793e-01 4.915873732605441915e-01 4.800628050903688604e-01 4.930934346715177830e-01 4.958835367978970954e-01 5.011605082702877967e-01 4.897629507571501506e-01 4.941753439887092703e-01 4.999007932859462766e-01 5.002590301986702404e-01 4.833411056514470561e-01 4.915207868132154823e-01 4.959138882911253154e-01 4.905700175358977955e-01 4.890262307972940703e-01 4.864143340222970013e-01 4.949317262102468917e-01 4.841530748273716878e-01 4.972609310969395846e-01 4.901466295395596195e-01 4.848487674482717114e-01
9.310559034135067538e-03 1.047745620872648775e-01 1.671619737594465527e-01 4.155694947340215495e-01 3.839798982914376935e-01 4.004890218969780480e-01 1.000000000000000000e+00 5.854239106461394115e-01 5.650604477067915354e-01 5.603306940007685144e-01 5.806595708740239781e-01 6.579169198299905652e-01 6.060523386896652376e-01 5.668093496925981079e-01 7.601502753951571156e-01 6.690697726637043763e-01 5.667523751607154159e-01 5.949897917522516400e-01 6.481298733785726407e-01 5.082057345873545184e-01 5.940062055624519832e-01 6.557807556042630770e-01 6.778772806329224077e-01 5.858888602064377116e-01 6.465140425243121047e-01 7.143819175012557920e-01 7.031832690256819562e-01 7.217050495863006621e-01 6.732095880045493308e-01 6.936459900485760777e-01 7.049640975985477231e-01 7.013733524051919410e-01 7.119141532493216129e-01 6.751063333515758824e-01 7.060817475911305152e-01 6.624329852880405101e-01 6.942464457590624693e-01 7.180924035476153877e-01 7.335972655752290850e-01 7.218870043785863277e-01 7.139237492687230402e-01 7.287041759143778608e-01 7.342822079454315309e-01 7.265915168912896460e-01 7.097948225902815933e-01 7.523451691281086706e-01 7.000648385680043884e-01 6.980486965026218016e-01 6.781935608759983580e-01 6.525757508339139479e-01 6.925489337765979858e-01 6.490417152879621732e-01 6.483809275805249017e-01 6.756207859559848483e-01 6.576029010350693538e-01 7.170459528857933140e-01 6.221090289383804928e-01 6.926203333082319169e-01 6.587480525572995127e-01 6.849840518075165363e-01 6.862988704654912064e-01 6.613231526359805157e-01 6.419915465082327577e-01 6.704942979239696399e-01 6.659611011166860495e-01 6.407843920738993670e-01 6.977330169799124127e-01 7.034825159786758375e-01 7.152315633242563031e-01 6.869661850712789342e-01 7.085867353228133547e-01 7.108169040993632670e-01 6.883519721558506443e-01 6.970087304348440149e-01 7.225478988813718306e-01 7.163355386426268900e-01 7.252486228228167686e-01 7.079929504421416109e-01 7.227450155692808353e-01 7.168774061639850981e-01 7.220396016524419647e-01 7.120488439222157906e-01 7.108362751217813802e-01 7.227050266121171074e-01 7.148261791732830606e-01 7.085803532232911595e-01 7.154893259792761695e-01 7.254536432403971835e-01 7.267305931225922500e-01 7.112499893763014613e-01 7.355125203740713324e-01 7.234083020920218932e-01 7.174782196097484466e-01 7.347478231316387776e-01 7.001286354511034871e-01 7.045882258241638052e-01 7.045603706493268614e-01 6.661502550517799381e-01 6.937066920869396913e-01 7.128325112157890553e-01 7.226189641100693173e-01 6.846266507285202474e-01 6.879404469198276972e-01 7.132073286333056039e-01 7.067377455050194435e-01 6.705903186430676177e-01 6.930398180013670473e-01 7.009150043895115978e-01 6.999378956066863999e-01 6.992632253202240022e-01 6.981280595117115295e-01 6.939244177672356795e-01 6.826143840419021114e-01 6.980929463824654402e-01 6.878824424500017409e-01 6.738163543040551762e-01
4.398971069692458186e-02 1.130520112743416405e-01 1.796160110650779074e-01 4.371974811311454823e-01 3.827149249147909216e-01 3.452784869460775452e-01 5.854239106461394115e-01 1.000000000000000000e+00 5.719245906101888544e-01 5.571377911154546947e-01 5.791348850536827131e-01 6.666415012490334302e-01 6.123166125158361339e-01 5.413520035013650311e-01 6.871803875251164540e-01 7.060352405036631751e-01 5.524557009537700569e-01 5.431319316499777505e-01 5.822107687159655542e-01 5.431012271408457437e-01 5.798696149767545993e-01 6.311465951542262198e-01 5.997979421511980824e-01 5.197325651785504874e-01 5.950313511879813388e-01 6.704582436538391033e-01 6.402326543165615114e-01 6.460604072891029670e-01 6.202500330131511808e-01 6.504781411343996123e-01 6.759150665312478878e-01 6.663502259167076724e-01 6.235849834574251904e-01 6.038762183791466231e-01 6.353168733892110565e-01 5.835633220892211259e-01 6.153855861559414109e-01 6.933058245849671453e-01 6.774615248412219071e-01 6.664454046155600109e-01 6.769580928749449056e-01 6.905077766627982783e-01 6.671431735937340957e-01 6.988528496472857787e-01 6.630590818145358778e-01 6.817726807094629526e-01 6.806021499986179002e-01 6.847403428851096541e-01 6.893523440668681834e-01 6.742822758497761804e-01 6.915949977690624140e-01 6.372510792904467758e-01 6.520883198836409100e-01 6.780308789068292263e-01 6.787750391327269650e-01 6.883293307310363041e-01 6.628885882442483446e-01 6.810751046226034555e-01 6.781807191203700347e-01 6.789323194168924713e-01 6.890116758724588175e-01 6.750502800301175776e-01 6.789236380749292810e-01 6.850598610885033635e-01 6.639619951131937592e-01 6.566959528851080696e-01 6.722210850800930393e-01 6.642555021410030403e-01 6.772034875088654982e-01 6.645167687102760956e-01 6.748204829606708754e-01 6.782614624549486715e-01 6.388924923885090923e-01 6.536390089866903619e-01 6.867357458795477765e-01 6.771096813811142701e-01 6.790743768823473969e-01 6.685767305159827645e-01 6.811537945451152654e-01 6.818251587770353117e-01 6.758915924116276619e-01 6.855287813789311402e-01 6.774189410696858094e-01 6.727079664307813456e-01 6.706934473096540783e-01 6.590077926229369609e-01 6.688748032673966781e-01 6.917114953056476834e-01 6.839468324577484548e-01 6.788677653885401009e-01 6.736731109047761068e-01 6.879773893875266166e-01 6.791929207035928284e-01 6.864780231877419814e-01 6.803556591708264101e-01 6.825918865498613597e-01 6.940200501663960075e-01 6.841214475499876047e-01 6.903368263058243803e-01 6.882961304042346518e-01 6.902666112432996881e-01 6.877993037109428887e-01 6.794939722735403587e-01 6.973264118109145926e-01 6.821797372866270637e-01 6.818703905211607186e-01 6.934938288208928325e-01 6.807346890075279822e-01 6.842086234174028503e-01 6.874397486153335235e-01 6.859630641835988696e-01 6.806895629651613655e-01 6.792955124177534332e-01 6.951688246632150570e-01 6.711392432842488986e-01 6.765634136396068143e-01
1.825197212045366335e-01 2.064108947299266306e-01 2.209210564656071407e-01 4.211953386146629619e-01 3.619014914059184851e-01 3.992090842898673997e-01 5.650604477067915354e-01 5.719245906101888544e-01 1.000000000000000000e+00 6.907908975103780325e-01 6.874147140102544462e-01 7.303072707979767486e-01 6.647604594607301465e-01 6.147096881459382933e-01 7.441511518934499358e-01 7.354572809088426588e-01 7.337635928477574954e-01 6.238527053978126791e-01 6.648894365915841709e-01 5.779886683902571987e-01 6.439806874238853673e-01 7.219656129990981164e-01 6.857761872388270508e-01 6.086281136094753297e-01 6.764475069169925137e-01 7.390553282099333599e-01 7.436067725294592812e-01 7.082305525762353504e-01 6.764361709378208243e-01 7.597724247466889347e-01 7.850377921781016566e-01 7.614865781899444741e-01 6.836906366565698168e-01 6.969988469566897882e-01 7.167015617599555855e-01 6.623716024149890469e-01 7.197891032947456580e-01 7.368753441817056382e-01 7.430957968737791353e-01 6.998465498596673218e-01 7.841572810106025582e-01 7.708377072543909359e-01 7.088678907851075905e-01 7.835509145055521429e-01 7.680790385379434593e-01 7.383475961068695081e-01 8.086688564290303027e-01 8.192826933926731225e-01 8.044810485547283507e-01 7.593768352070150440e-01 7.823279282573056825e-01 7.563244640268576013e-01 7.890428989917045444e-01 8.160286067575521773e-01 7.978843437683724726e-01 7.853841492079766118e-01 8.023079326400833766e-01 8.033704888013059042e-01 7.974891728855288964e-01 8.270351272326845748e-01 8.043441761723770789e-01 8.061199715243758668e-01 7.864192452704341640e-01 8.119860551212508826e-01 8.300575133176719689e-01 8.141193784099046704e-01 8.185614417443924928e-01 7.846068346597792065e-01 7.901765410507588516e-01 7.640580020623483071e-01 7.905745493502287502e-01 8.047324681766734322e-01 7.678736265832817320e-01 7.614774117910502182e-01 7.919298343988722122e-01 7.980710040638243630e-01 7.846319936339350987e-01 7.805052474259996931e-01 7.860582379152157850e-01 7.957155328250373749e-01 7.932946913044468529e-01 8.102272612393626172e-01 8.118929817498725665e-01 7.900398057965484222e-01 7.793201987479766446e-01 7.874319363111412784e-01 7.915165730751708706e-01 7.935547672945858499e-01 7.903379609858229848e-01 7.998728386315832051e-01 7.666084172782723360e-01 7.986406685809928074e-01 7.954811242763291101e-01 7.856655513719418282e-01 8.090982323967069734e-01 8.120718736400174276e-01 7.807776750705398561e-01 8.091299379680995107e-01 8.036261588345791074e-01 7.993318755698738398e-01 7.840823646823829041e-01 8.118742108089417320e-01 8.089627255109019810e-01 8.023008334281568343e-01 8.058105627643105118e-01 8.119874881556157220e-01 8.133173152086171642e-01 8.125098782299944311e-01 8.060690319331857978e-01 8.160303501252037517e-01 8.047704680820877421e-01 8.223895860564363058e-01 8.113556323367111522e-01 8.091536723218285543e-01 8.269495197127191277e-01 8.247311399321416436e-01
1.239119950045499130e-01 2.251572499803255190e-01 1.677498598478529557e-01 4.297540715289819291e-01 3.367540688691424422e-01 3.678975084990893096e-01 5.603306940007685144e-01 5.571377911154546947e-01 6.907908975103780325e-01 1.000000000000000000e+00 6.508550214333983508e-01 7.027154037768184036e-01 6.255608003997358280e-01 5.897174510671809866e-01 7.148242084972468158e-01 7.162722441277836749e-01 6.493851718200465140e-01 6.116128253903929668e-01 6.338080906584619978e-01 5.635973121582765755e-01 6.165239665731571117e-01 6.785102609337344548e-01 6.734044297297234749e-01 5.972444995558281455e-01 6.404394417853472854e-01 7.068874864510995559e-01 7.094276956771390363e-01 6.741789144573353543e-01 6.483460560124923999e-01 7.328020625901437990e-01 7.585649346445458852e-01 7.358363951831260463e-01 6.673679804198722199e-01 6.635425797725936770e-01 6.932339936272131631e-01 6.336112628230028410e-01 7.001674973516361922e-01 7.134455035697720993e-01 7.136173161734804538e-01 6.886990840023747840e-01 7.481398163393800926e-01 7.294463693919421843e-01 6.762767720215743239e-01 7.394045674633201726e-01 7.272791417683829307e-01 7.170209430329403943e-01 7.581078171164855606e-01 7.733860350088428426e-01 7.538792697162495227e-01 6.923131964303591568e-01 7.450431323878921042e-01 6.648062196365569498e-01 7.106644864731993527e-01 7.729290178308414472e-01 7.633193287137780558e-01 7.546585235965596050e-01 7.446853929066002964e-01 7.566186511485242239e-01 7.645308204809675434e-01 7.689343670811586984e-01 7.477767370285698378e-01 7.642424686196614969e-01 7.458621240813287923e-01 7.625048267079855835e-01 7.587685523386452635e-01 7.538740146315195956e-01 7.597059617631677364e-01 7.439318173691210623e-01 7.471737267857693210e-01 7.250771026533260333e-01 7.445477338758180741e-01 7.539085789419452954e-01 7.263427764875051151e-01 7.203064639418099713e-01 7.425368926672658576e-01 7.458854341002839616e-01 7.389597441410741263e-01 7.359910912893448121e-01 7.433079499201589169e-01 7.549083472270494699e-01 7.501241615096135851e-01 7.659602287069740001e-01 7.620818829768015723e-01 7.477045284728069952e-01 7.227663252146935280e-01 7.304515648725372623e-01 7.482363384130894524e-01 7.467354921912568999e-01 7.447335165778535826e-01 7.601368888156441184e-01 7.268543273067282762e-01 7.473885507186898147e-01 7.483623564228946146e-01 7.435353296249023192e-01 7.559077949543003827e-01 7.627273995253498473e-01 7.212646664503499228e-01 7.336826238167544201e-01 7.484909065031912778e-01 7.459343828549879207e-01 7.403353108915923242e-01 7.588328419716801054e-01 7.407054372223953465e-01 7.507040749662627910e-01 7.387448241437800656e-01 7.564508410190876608e-01 7.532697127364234024e-01 7.639549986349688515e-01 7.602668466481824483e-01 7.640745425840430594e-01 7.633259657518719488e-01 7.649732850692808617e-01 7.669575212987833623e-01 7.481115209666232557e-01 7.583124451090402784e-01 7.665236492067187823e-01
5.128668421156464680e-02 1.310248165999224890e-01 1.843797354567292268e-01 4.131653508827425325e-01 3.449311342415845028e-01 3.845400599844810974e-01 5.806595708740239781e-01 5.791348850536827131e-01 6.874147140102544462e-01 6.508550214333983508e-01 1.000000000000000000e+00 7.506126781926019120e-01 6.506289728541951867e-01 6.120876264768086994e-01 7.467360718132538544e-01 7.402526626057910342e-01 6.857655192666304300e-01 6.569911691352023908e-01 6.887741719766924398e-01 5.842608083162869059e-01 6.643683395593071861e-01 7.240666466470274676e-01 7.035668901765199656e-01 6.264388121132223874e-01 6.997560290267051952e-01 7.490479988906608710e-01 7.463463021534225694e-01 7.391650363518507127e-01 6.914858501728442519e-01 7.654996403254609172e-01 7.884254160242343268e-01 7.676752898840690786e-01 7.129377639340187534e-01 6.974877111171460253e-01 7.311362385350853588e-01 6.732298328319877845e-01 7.341496989671397744e-01 7.554905427313686195e-01 7.568346961090836045e-01 7.363700645828766822e-01 7.820914143793148421e-01 7.805215124332497423e-01 7.326234293015727594e-01 7.886265225538169332e-01 7.795134916240344936e-01 7.679475363605287042e-01 7.980767155457029194e-01 8.043650143458566104e-01 7.966658791185128319e-01 7.435348823723083589e-01 7.823668542485739952e-01 7.395940680154701186e-01 7.723526347007990678e-01 8.018271981496939427e-01 7.950285851619848243e-01 7.952232404710560809e-01 7.833044647318547771e-01 7.928854106243233835e-01 7.926171088166458212e-01 8.070710235756782813e-01 7.959330534970656679e-01 7.977718791716881253e-01 7.841180753471342912e-01 8.002061495032298799e-01 7.942897097165083631e-01 7.897722017654280613e-01 8.005735774250869463e-01 7.910840413315766151e-01 7.910512428751416136e-01 7.800281382877730652e-01 7.954281936437904710e-01 8.009333387062309573e-01 7.700758510044065641e-01 7.725925388412361317e-01 7.933144497036079823e-01 7.961762630269317853e-01 7.913509683595528754e-01 7.830913357794898610e-01 7.920744359941211954e-01 7.916380492319611273e-01 7.904522906175360797e-01 8.074570518989873102e-01 8.034005625616970070e-01 7.902148999603744173e-01 7.689791662917025983e-01 7.791768613691483214e-01 7.928382150010772067e-01 7.944375905548607397e-01 7.929155312525832944e-01 7.974650854570628500e-01 7.822068089869069762e-01 7.984228951664215090e-01 8.006865421398218219e-01 7.942672371455868907e-01 8.033614971956773987e-01 8.045044935533757213e-01 7.764396469596098749e-01 7.848927488012598097e-01 7.985787544759839207e-01 7.928959453706183602e-01 7.920464181065359766e-01 8.021735969816063960e-01 7.959449398943464482e-01 7.991697413153829865e-01 7.950944861957969234e-01 8.006388268861885926e-01 7.998424840958886506e-01 8.042818251813349528e-01 8.035508643031769038e-01 8.045948388214662073e-01 7.993315054760553595e-01 8.064189867960283031e-01 8.047856976461887912e-01 7.997728034079171211e-01 8.027689832117244073e-01 8.020931616295993161e-01
2.790645526099648499e-02 1.391384410268675376e-01 2.359672188794664782e-01 4.959371442179263956e-01 3.963805136485606395e-01 4.412307361409318340e-01 6.579169198299905652e-01 6.666415012490334302e-01 7.303072707979767486e-01 7.027154037768184036e-01 7.506126781926019120e-01 1.000000000000000000e+00 7.196876883790763735e-01 6.750199873568224485e-01 8.254814296557613229e-01 8.327269606371221489e-01 7.292814486710312849e-01 7.140057404071885605e-01 7.462997220811524723e-01 6.543377466557944722e-01 7.247817798444374793e-01 7.890508643652375254e-01 7.720418512067461769e-01 6.777207190717327023e-01 7.532430224636488258e-01 8.390212463610968729e-01 8.266991077996442838e-01 8.191687453179231637e-01 7.615714071480554903e-01 8.250898041666346883e-01 8.595040574252643673e-01 8.514309260741521612e-01 7.913821091195072377e-01 7.831241982852011896e-01 8.023434024828617339e-01 7.617363909775396458e-01 8.143974409997293273e-01 8.482343027158053550e-01 8.370308727195482357e-01 8.294224274645725092e-01 8.588980033895758925e-01 8.618667415232911244e-01 8.240213940229915712e-01 8.724689968869100420e-01 8.589047753363161508e-01 8.386125638851423814e-01 8.701453292758986047e-01 8.724407260084323656e-01 8.736484424625907685e-01 8.363205521794603303e-01 8.702509949599628314e-01 8.204376986005664785e-01 8.413127871538310654e-01 8.690937795016611123e-01 8.678924058208405956e-01 8.752006451923445285e-01 8.557061204221745321e-01 8.696162178847043345e-01 8.674670681094106550e-01 8.757453981856658798e-01 8.733307240649352821e-01 8.724950784695625350e-01 8.608354158334775574e-01 8.753577010244126821e-01 8.630924986659033182e-01 8.588688639232014976e-01 8.684885106668756016e-01 8.586135792248698051e-01 8.678836256298996243e-01 8.518258388699181394e-01 8.619375739762326072e-01 8.692874859855774794e-01 8.362801047678708466e-01 8.385420209679552705e-01 8.740120754697161543e-01 8.701888131798077852e-01 8.669190732307556768e-01 8.542251378571028564e-01 8.621921506338887653e-01 8.655498010376535545e-01 8.642337124272864157e-01 8.795836973488418975e-01 8.742750448939273777e-01 8.646183697729411533e-01 8.540603794715366792e-01 8.561070062810494097e-01 8.728372271941858829e-01 8.711366393937481911e-01 8.700534636176587844e-01 8.691981153609810162e-01 8.627696113389148325e-01 8.732495756433772405e-01 8.722600493084633477e-01 8.700220419755354540e-01 8.722914835413532186e-01 8.745517168729511903e-01 8.613242322617703506e-01 8.625068771939017331e-01 8.736255579382071756e-01 8.707669311507144627e-01 8.717159724198443316e-01 8.764504142205615800e-01 8.700860842713512566e-01 8.770343308333750088e-01 8.724851278349667894e-01 8.727670443117071519e-01 8.752244746784353380e-01 8.715379844824497901e-01 8.729723644671545379e-01 8.745249560681698231e-01 8.708805621500168570e-01 8.738879971752867570e-01 8.737003598425014950e-01 8.790978970468481535e-01 8.688377956349021547e-01 8.700289887909283815e-01
3.910763708826887203e-02 1.285319145443394595e-01 2.055451079734783026e-01 4.296356321500978126e-01 4.458476356522741990e-01 3.850397001577317013e-01 6.060523386896652376e-01 6.123166125158361339e-01 6.647604594607301465e-01 6.255608003997358280e-01 6.506289728541951867e-01 7.196876883790763735e-01 1.000000000000000000e+00 6.264831239871051505e-01 7.551136001573144352e-01 7.426772005147974642e-01 6.474148421600567360e-01 6.416959094038611200e-01 6.817870766611668909e-01 5.636349151867837692e-01 6.507330731691491899e-01 7.187655147189437876e-01 7.167772015837902133e-01 6.360767712829202836e-01 7.118606486896120744e-01 7.705258945190408548e-01 7.438974084830468625e-01 7.388479375641769931e-01 6.852565677532335142e-01 7.556492050505564384e-01 7.719786295037113222e-01 7.555420307656287582e-01 7.042311882596340444e-01 7.001891076915017775e-01 7.334396552658041246e-01 6.753515061605719350e-01 7.309450802539382286e-01 7.494986896571873558e-01 7.532403372061680091e-01 7.405720587653562559e-01 7.817969914182658631e-01 7.782040856108672910e-01 7.541138008422600958e-01 7.888845020560514287e-01 7.680010583585906714e-01 7.630629182407510092e-01 7.829048786577643693e-01 7.860718153956265386e-01 7.720267611115513295e-01 7.331837663165182706e-01 7.669907204666422951e-01 7.447012929176340945e-01 7.599675521173064885e-01 7.717604279041080373e-01 7.643761778426935161e-01 7.831019497617497382e-01 7.383648664745954271e-01 7.805851642796368672e-01 7.598617997593942741e-01 7.844387367178754511e-01 7.853541589793705535e-01 7.641842513968091222e-01 7.475286124751427952e-01 7.695386136664212895e-01 7.641660684869436837e-01 7.498494702787170674e-01 7.823274859702292749e-01 7.817674785635093659e-01 7.835672549420596988e-01 7.673376269312486286e-01 7.862328495939934214e-01 7.868919436253976052e-01 7.599247048553759987e-01 7.721986256179553809e-01 7.959803453099846271e-01 7.828966038481202094e-01 7.838566865949565532e-01 7.690402700314074025e-01 7.849332651609273181e-01 7.824878716072748430e-01 7.882188255094703111e-01 7.913441907846531231e-01 7.839422536783774431e-01 7.810325383174826497e-01 7.682140191349997593e-01 7.709352828180661144e-01 7.841022627203034778e-01 7.869096659268602911e-01 7.837750487708208258e-01 7.834923971075791194e-01 7.799393858861006779e-01 7.924192618743446381e-01 7.853479033209022075e-01 7.878047088334928505e-01 7.860521178055109859e-01 7.875885094674959230e-01 7.784418857335131392e-01 7.697146776367123078e-01 7.849395537849854776e-01 7.848144178504097290e-01 7.857441765740843520e-01 7.802349104382294565e-01 7.885225011593602895e-01 7.936048894478656690e-01 7.885629710166058848e-01 7.699670213530265261e-01 7.824240738273219309e-01 7.855309153882463757e-01 7.879783003415115061e-01 7.905501798988131545e-01 7.832473158059376495e-01 7.876533084246384320e-01 7.755825333502281982e-01 7.835024978207680846e-01 7.790095885611005855e-01 7.754624336090673031e-01
