1.000000000000000000e+00 1.371338841380248530e-01 2.130546406873881637e-01 2.691765769620965351e-02 1.792389182260979014e-02 4.351142842289398502e-03 1.163328882293444139e-01 7.418473119532309479e-02 2.074274531606765948e-01 7.299691631047189322e-02 9.470868216149665175e-02 -2.786280094992646048e-02 3.876879302719072468e-02 2.586981368041156928e-02 6.308183124787873630e-02 7.467598099657811461e-02 1.661483153398987389e-01 3.249042234720652678e-01 3.021319121451211953e-01 1.918057251498322402e-01 3.322432140751230278e-01 2.814298986517522194e-01 2.674213184281715172e-01 2.557475115176369163e-01 3.035476095757393966e-01 2.372046507461406384e-01 2.494068251968274419e-01 2.549783843408904849e-01 2.602776831256254919e-01 2.575282876096892104e-01 2.141869683240851807e-01 1.483392491052691331e-01 2.298689716220267409e-01 1.682680939941110509e-01 2.365992956724013163e-01 9.643887637542189473e-02 1.881118443854446209e-01 1.234708707753302687e-01 1.457618969286999244e-01 1.113788391722246168e-01 1.047535110847869627e-01 7.251612382170732896e-02 6.168803539140376574e-02 6.883652795376604683e-02 1.192957944733206016e-01 7.716545894539203476e-02 2.643510666324355371e-02 5.351101548278109493e-02 4.104212688103543033e-02 8.024171661966800206e-02 7.237854395312312561e-02 9.237579582679887602e-02 3.824752231813201286e-02 1.140885802089277867e-01 1.040412734441117093e-01 1.181735447169801195e-01 8.666119329780906655e-02 3.854137730121386107e-02 4.965503189840691362e-02 6.084592778483144393e-02 4.753883950847159062e-02 7.377199059641167955e-02 3.927752496393732695e-02 6.052040594683187613e-02 9.651076638186342760e-02 7.231810459180103290e-02 5.971691033184476499e-02 1.131480442331056907e-01 9.614454246701921447e-02 1.095965254060290994e-01 1.354259783119956817e-01 1.117282480882905854e-01 1.082368192852012911e-01 1.407947794599863356e-01 1.016656320794898927e-01 1.081111433394393584e-01 9.963185782504856147e-02 1.219271996901688804e-01 1.019100740751096995e-01 1.193827798573499771e-01 1.141777885968378037e-01 9.940881267407615518e-02 8.264341943152238301e-02 1.130056018121123468e-01 6.803495828826484904e-02 8.832706120385690196e-02 8.363020736238263586e-02 5.233550110095755437e-02 6.814612404254107025e-02 7.236165681055499455e-02 7.286695739701584684e-02 4.283489890275221645e-02 4.226635703635109320e-02 5.005603234580324051e-02 1.339695012228029301e-02 2.957276812196653684e-02 1.190780037168748251e-02 4.499949591048407055e-02 3.341963134775796651e-02 4.377072810072280690e-02 2.224532630411677273e-02 2.369769983462781046e-02 7.731686083727494323e-03 2.369038257059340180e-02 3.830337987177378362e-02 4.383766170579337512e-02 2.154605391744054965e-02 5.416144577609799393e-02 5.572614737583068273e-02 3.476771908270658712e-02 3.710302502591778656e-02 2.538137294610431569e-02 3.208397390903152541e-02 3.054960008194786830e-02 6.088101383830119701e-02 3.744985600259288783e-02
1.371338841380248530e-01 1.000000000000000000e+00 5.045208243072429877e-02 -1.082241955465472819e-02 3.003016364374288052e-02 7.243966722868430685e-02 1.478154951377128046e-01 1.022593921119575450e-01 1.959542312486357574e-01 2.445489465370263016e-01 9.468237367794425652e-02 6.269392334958263924e-02 9.733933366316539770e-02 1.137676030824914530e-01 1.467440249037542943e-01 1.514256188998609476e-01 1.933660744362219741e-01 1.363439217414619820e-01 1.567404950920615603e-01 4.836555168895837614e-03 7.806059348363282580e-02 1.128200536451041958e-01 1.453539293082047879e-01 8.582758439620796764e-02 1.028110556990452229e-01 1.703654060919604363e-01 1.686585862998659369e-01 1.751495018554281025e-01 1.526026011614708966e-01 1.362884498470876282e-01 1.140185242272023503e-01 1.707507819912827129e-01 1.905364662508017837e-01 1.271083516463090146e-01 1.660972400841179697e-01 4.981981578482265471e-02 8.764337825043466701e-02 2.106046098915947129e-01 1.576362282083425270e-01 1.622457722139228620e-01 1.612856466956175960e-01 1.764740557127014164e-01 1.136639710008382903e-01 1.471756634890317161e-01 1.268524318029618791e-01 1.581532000261878790e-01 1.571569676298186780e-01 1.738696935907910468e-01 1.411274378036920241e-01 1.494753789294843982e-01 1.648490360211318506e-01 8.365753314993348844e-02 1.125781747477310329e-01 1.782588277245187869e-01 1.705843794788352852e-01 1.773983596735581036e-01 1.346022074239330568e-01 1.589123828950306794e-01 1.723150109565271260e-01 1.590248746625236298e-01 1.213922564420284594e-01 1.727201075289211962e-01 1.457203807269294438e-01 1.555086821914914152e-01 1.505662543705309497e-01 1.275630238858886656e-01 1.647664630277755060e-01 1.647641416557358574e-01 1.647746627429392263e-01 1.183054805032275475e-01 1.408834366385332271e-01 1.519181544963609520e-01 1.480067819900055537e-01 1.356321090638918370e-01 1.653006092400364779e-01 1.625955619083381543e-01 1.654100674780161484e-01 1.596826017869090730e-01 1.546100155349257044e-01 1.509033495640790534e-01 1.526945542332188710e-01 1.499398169923517599e-01 1.624980257000948336e-01 1.701698159073302685e-01 1.597680630700891169e-01 1.461707076571542863e-01 1.206858525548153566e-01 1.753442363680193239e-01 1.560992760019968839e-01 1.736444585642416272e-01 1.632937306922629117e-01 1.547360232567907279e-01 1.325393996439910016e-01 1.513042373875821134e-01 1.476446736925774161e-01 1.602378244393969087e-01 1.238641844637450445e-01 1.281092723880782325e-01 1.244552524453171050e-01 1.520111017481755866e-01 1.270742379194000071e-01 1.432756673864591102e-01 1.271447486426497409e-01 1.429944395452344419e-01 1.163694203145613365e-01 1.353720424985023485e-01 1.467515960497896843e-01 1.727648450427222981e-01 1.639701209914051772e-01 1.561462072218077757e-01 1.608193281050616930e-01 1.567667601370325847e-01 1.529004015596998611e-01 1.511399396465001321e-01 1.488984597760846240e-01 1.390185959509836477e-01
2.130546406873881637e-01 5.045208243072429877e-02 1.000000000000000000e+00 3.536981826326454081e-01 1.986817593255691683e-01 2.248463998037267542e-01 3.437860756101159820e-01 3.254327888130218449e-01 3.558919354220003162e-01 2.839100625214097673e-01 3.869688177271588536e-01 3.358925892597577900e-01 3.392203084995418227e-01 3.436891274190036483e-01 3.627523423519207757e-01 3.744711159347443585e-01 3.692795267763908651e-01 3.762189247026850314e-01 4.178483545623666862e-01 3.268292343302985348e-01 3.910019329538396149e-01 4.213993326435090947e-01 3.916760838434825143e-01 4.124331531687028263e-01 4.273711816896334503e-01 4.278453719976764713e-01 4.255501045934985682e-01 4.153604525924122215e-01 4.087026931447288458e-01 4.144859896795881626e-01 4.352941018963457642e-01 3.777543746455694906e-01 3.513192300607161922e-01 4.171920793972763719e-01 3.710470119962693825e-01 3.884637951275733969e-01 4.141852559445579063e-01 3.596983883174456054e-01 4.048409552266904465e-01 3.824421855270123127e-01 3.889061898360310354e-01 3.710593025036998394e-01 3.907913468219298969e-01 3.836914757368734552e-01 4.142147127410253926e-01 3.727737041951682539e-01 3.446622971374311839e-01 3.530057470298047506e-01 3.558096614607438868e-01 3.824302775100009710e-01 3.684903734076747650e-01 4.082307428229366431e-01 3.784084179233600520e-01 3.771387027304027306e-01 3.705077562316461126e-01 3.878546837090125488e-01 3.738503593448957996e-01 3.563975618882908591e-01 3.418199626185566831e-01 3.628960400834051470e-01 3.700189103771201471e-01 3.534499052783278694e-01 3.411975096553351849e-01 3.634686625428208417e-01 3.863386067393492773e-01 3.795436277302175476e-01 3.671438039102978279e-01 3.930674102975200701e-01 3.725764947569968899e-01 3.800684526194938462e-01 4.032177782206321504e-01 3.968675387888860873e-01 3.960786080357763805e-01 4.122805197777749120e-01 3.905991687587182515e-01 3.923965425599544310e-01 3.796750713446945813e-01 3.932335847550661456e-01 3.893909680810836993e-01 3.918273873100685534e-01 3.939210292819499415e-01 3.994495245397956529e-01 3.720902233410375848e-01 3.731772598888504766e-01 3.674859892324395250e-01 3.843246477942379169e-01 3.930412640137109781e-01 3.552125874462392363e-01 3.736552168803835006e-01 3.671527689071878986e-01 3.688965109230408213e-01 3.590210771072828710e-01 3.703942390151991337e-01 3.672581760540402085e-01 3.442266498853895351e-01 3.447189211856130919e-01 3.551341055340840880e-01 3.609597430656386607e-01 3.573588815121426232e-01 3.574529270861535601e-01 3.614201085262978008e-01 3.475395403785422888e-01 3.555444427764373194e-01 3.572368479555520504e-01 3.714479497402705666e-01 3.537004812591729719e-01 3.449798862169821678e-01 3.597705271574795360e-01 3.623206858263586239e-01 3.514247309955706999e-01 3.490272566656872910e-01 3.474345360828873241e-01 3.503294636301605980e-01 3.521595905136205573e-01 3.699054932815891150e-01 3.587914368711976332e-01
2.691765769620965351e-02 -1.082241955465472819e-02 3.536981826326454081e-01 1.000000000000000000e+00 3.667174811685319780e-01 3.496535663818312600e-01 5.189777074148211877e-01 5.548567936647439414e-01 4.439314726412613155e-01 3.842445889235136525e-01 5.611035966290188748e-01 6.739674075534961561e-01 5.498273766979000499e-01 5.158746156196589716e-01 5.740828946806266764e-01 6.037379754393702447e-01 4.047756298829746080e-01 2.580741423264288903e-01 3.567263982522461130e-01 3.890164590569150649e-01 3.238358551842236421e-01 4.367367827863423146e-01 3.917490278659794822e-01 4.131095731768611445e-01 4.065946340075691778e-01 4.899534708742747102e-01 4.864371349756358431e-01 4.485096133219642622e-01 4.299006280155227566e-01 4.594045175504009038e-01 5.398437409043046475e-01 4.772129153781185518e-01 3.424196085451340354e-01 5.115175521475413545e-01 3.968397974426359220e-01 5.984565916803838981e-01 5.517298696547057180e-01 4.550560194833339622e-01 5.210293198325441910e-01 5.296070451534418133e-01 5.463487884735152011e-01 5.329174085503705083e-01 5.971665593183601572e-01 5.704198174195104221e-01 5.801467011359304760e-01 5.350878244243002513e-01 5.221772125914828644e-01 5.217558684595876572e-01 5.594936737521991610e-01 5.258369678957568460e-01 5.375419036992322708e-01 6.020019454395845182e-01 6.086561574697409993e-01 5.139939105263934271e-01 5.141152166221234499e-01 5.122212576406273143e-01 5.573000234677266684e-01 5.368734244488769791e-01 5.079563600080579944e-01 5.444528757643690708e-01 5.766546543581964057e-01 5.097803333595557485e-01 5.336934101022546839e-01 5.333734649093009317e-01 5.384357596908747601e-01 5.695215183030958306e-01 5.265669709211199256e-01 4.963499746238531629e-01 5.037925741767551591e-01 5.168871436717628054e-01 5.192131104979721412e-01 5.280920761952125897e-01 5.158668840047403448e-01 5.262323159303338160e-01 5.399536190641600619e-01 5.377205051447654371e-01 5.197313372871869008e-01 5.213667611225631937e-01 5.489382176810705394e-01 5.305500284266045918e-01 5.293928432959842389e-01 5.585820989548770932e-01 5.198503388023339999e-01 4.931729221440429578e-01 5.204714247255104453e-01 5.367263286479915241e-01 5.749337680277810669e-01 5.145066237881169569e-01 5.401222659963726969e-01 5.177710462836473404e-01 5.318396236371460972e-01 5.487998574402692675e-01 5.752857855920318064e-01 5.526568808771870067e-01 5.408913723884439806e-01 5.297171202501638199e-01 5.732676788865834761e-01 5.587348453649351177e-01 5.698220972255514383e-01 5.463285572377337695e-01 5.810812935638766108e-01 5.396847778035229748e-01 5.775682114566437209e-01 5.586183780290583378e-01 5.819261625945618688e-01 5.498002831699968507e-01 5.461158411955572278e-01 5.233448121679256104e-01 5.336242812827238780e-01 5.392691795293712564e-01 5.304358359313452453e-01 5.352319853171053632e-01 5.408993916830204807e-01 5.439432478004383453e-01 5.384246736393742960e-01 5.505934673405208368e-01
1.792389182260979014e-02 3.003016364374288052e-02 1.986817593255691683e-01 3.667174811685319780e-01 1.000000000000000000e+00 2.938293777525284312e-01 4.319120431287429840e-01 4.784059881401953596e-01 3.892951920342264671e-01 3.627243054818924950e-01 4.203340092948034123e-01 4.712619553522948146e-01 4.708105700082804157e-01 4.267129151125806374e-01 4.710569066425381313e-01 4.839963596407853008e-01 3.552502855437320028e-01 2.238030049183683534e-01 2.843247079499114371e-01 2.507760576798432339e-01 2.401588828766481332e-01 3.405495065884464045e-01 3.200801945353256572e-01 3.102657845764281719e-01 3.143375722136945716e-01 4.308001095164484262e-01 4.043007295590031469e-01 3.765808441517330962e-01 3.323676469429460156e-01 3.662236139147144742e-01 3.922597934584938772e-01 3.974295561188989079e-01 3.440664105806284789e-01 3.999944988814095326e-01 3.615483395432352864e-01 4.217085262755027597e-01 4.066635515953130886e-01 3.923661486224315209e-01 4.236450078570382360e-01 4.311993271189910604e-01 4.600003599585477665e-01 4.533728990715488738e-01 4.649299575523638817e-01 4.611570770010539611e-01 4.520806984307839116e-01 4.304081139989977545e-01 4.475337324639645509e-01 4.437573851165013128e-01 4.443168570644138726e-01 4.317081559779671895e-01 4.430211845080214150e-01 4.652558577375286997e-01 4.690082995051381154e-01 4.213364136208613275e-01 4.173291445808801625e-01 4.240899907297524529e-01 4.281829902074944516e-01 4.459444873124248088e-01 4.223540127137556111e-01 4.522463260337858948e-01 4.558027504746516856e-01 4.187906015116594771e-01 4.115963168771339942e-01 4.286098158329531005e-01 4.402032515914494071e-01 4.511436940144594732e-01 4.445785799084205903e-01 4.231676733242779043e-01 4.269171736996038025e-01 4.098230208427461885e-01 4.212238276006058935e-01 4.341335467852424079e-01 4.214024216740044348e-01 4.216424961315493602e-01 4.552493684794940987e-01 4.499925788004506821e-01 4.383881166435983912e-01 4.226019281703598529e-01 4.362735326639521904e-01 4.319477103249991234e-01 4.365555246082181151e-01 4.421188849421074374e-01 4.329695769851885090e-01 4.263044502279711434e-01 4.383675452353736901e-01 4.414926989833135029e-01 4.495929543572332321e-01 4.354030436232930734e-01 4.449600928804205990e-01 4.384992268549948169e-01 4.490283732943292638e-01 4.586039708971194617e-01 4.645295752517903387e-01 4.536795419350631020e-01 4.500489167265089852e-01 4.461083764358653725e-01 4.491345458862058826e-01 4.483722285424835419e-01 4.558281836335630888e-01 4.552748875090434355e-01 4.669225576946404166e-01 4.366114830526521273e-01 4.654052769923922028e-01 4.586913481177719021e-01 4.652109605307201967e-01 4.376738586999688319e-01 4.470880058651341971e-01 4.440383545947514943e-01 4.454034428445143301e-01 4.501695416119439463e-01 4.382455843800086570e-01 4.507600023889755669e-01 4.422792467617592815e-01 4.472026141013874523e-01 4.472896893140811958e-01 4.504497656390509808e-01
4.351142842289398502e-03 7.243966722868430685e-02 2.248463998037267542e-01 3.496535663818312600e-01 2.938293777525284312e-01 1.000000000000000000e+00 4.535473657429585082e-01 4.521339351073938029e-01 4.724955313835973447e-01 4.676163236264003764e-01 5.177318598052162990e-01 5.356469707865372243e-01 4.988926469299453936e-01 5.012143128046555596e-01 5.529499255291943083e-01 5.374862684270200752e-01 4.742619298235160041e-01 2.840818247240905481e-01 3.549884306418166768e-01 2.876890787403749705e-01 3.079847799393034546e-01 4.009926136295606236e-01 3.730485792305854309e-01 3.615598735924516749e-01 3.704438662101460222e-01 4.814853064268155292e-01 4.937790409568422745e-01 4.505487201891803517e-01 4.004045079736281432e-01 4.324454047940028967e-01 4.676702563359657616e-01 4.681297031434280553e-01 4.091985312103837980e-01 4.784145482796829940e-01 4.313284550864822098e-01 4.855474526492469800e-01 4.799756497921726650e-01 4.874506219274400420e-01 5.099383309114388085e-01 5.222071252936637542e-01 5.486565612631539857e-01 5.540397240434526971e-01 5.349091038502131745e-01 5.603951994760022481e-01 5.418635693071794934e-01 5.428128373477647539e-01 5.569322069266956499e-01 5.579492470948359539e-01 5.496289266549574393e-01 5.116477031992733293e-01 5.333566378639529315e-01 5.345157066888270858e-01 5.669572966387952384e-01 5.317763202708791770e-01 5.241069067469960041e-01 5.274009869405718032e-01 5.326490178086150662e-01 5.565204434004217271e-01 5.329661788957780200e-01 5.651344292967671601e-01 5.555427106744350585e-01 5.401472636740826117e-01 5.360834182798481784e-01 5.371576345682147480e-01 5.510011807215886570e-01 5.536101304556897418e-01 5.612645556870977659e-01 5.345382097504000063e-01 5.294099554228794968e-01 5.221658011555420087e-01 5.332365423732690068e-01 5.478453945090600019e-01 5.300282684660133636e-01 5.255644172510877121e-01 5.602805216190912541e-01 5.559180037974615907e-01 5.532766997697161626e-01 5.303828618640886727e-01 5.518526838479036467e-01 5.435313966209202041e-01 5.431179409830101390e-01 5.518243619138860634e-01 5.452936040759849279e-01 5.369654960925753784e-01 5.423184814911725660e-01 5.479688874783759100e-01 5.534589009608731347e-01 5.582300042992709432e-01 5.611187952621078390e-01 5.541642981120934452e-01 5.555915832429378920e-01 5.735995073587940585e-01 5.707332974850645169e-01 5.654006339519799251e-01 5.725171962610601240e-01 5.692613777368872308e-01 5.624524790563808496e-01 5.532386468166369253e-01 5.683024810576955410e-01 5.622896521386452351e-01 5.724420084791487229e-01 5.628626051694727295e-01 5.741362625733564817e-01 5.721552384214427800e-01 5.691776494042347645e-01 5.566509942830746294e-01 5.644745603500741504e-01 5.621836538163559327e-01 5.609392119680146616e-01 5.658650118836050513e-01 5.637838320133200520e-01 5.692000810099819841e-01 5.659785818987597139e-01 5.673622158163152962e-01 5.637429366874958658e-01 5.650870811019671480e-01
1.163328882293444139e-01 1.478154951377128046e-01 3.437860756101159820e-01 5.189777074148211877e-01 4.319120431287429840e-01 4.535473657429585082e-01 1.000000000000000000e+00 7.363410726491395053e-01 6.860257072560922431e-01 6.171054814896080876e-01 6.992371074297102362e-01 7.197474521442702722e-01 6.887168097508853393e-01 6.814585654676196258e-01 8.308365609925327799e-01 7.763578263113132261e-01 6.742039477378370949e-01 5.244856182844894743e-01 6.159394491747155476e-01 4.596214608039919658e-01 5.315887038117558250e-01 6.643834992256283378e-01 6.032115586172092092e-01 5.802910936832833544e-01 6.212714576358228102e-01 7.333790386124194871e-01 7.329487979273532350e-01 7.293722659217725113e-01 6.671117359252224377e-01 6.774408918243789435e-01 7.314438336431676735e-01 6.954148429870405934e-01 6.387986645036827227e-01 6.851452624980242101e-01 6.234070629759187465e-01 6.727926600992566453e-01 6.856055570822428002e-01 7.203021582463722261e-01 7.461659605862084321e-01 7.336250296155206740e-01 7.650590135303281247e-01 7.640847310964777872e-01 7.611112655412755057e-01 7.783777694180602502e-01 7.604010073990777885e-01 7.631743049101757936e-01 7.330491652904093103e-01 7.410407755858031686e-01 7.323899922663977824e-01 7.094643346501978698e-01 7.480828357221868119e-01 7.284552501151786430e-01 7.376103896823900108e-01 7.386058284771204185e-01 7.357865940723388176e-01 7.350099836946806242e-01 7.330787183926841255e-01 7.485893586155850654e-01 7.313575218739829520e-01 7.540806586555764968e-01 7.479717990304470820e-01 7.366323549570951146e-01 7.165701078845452265e-01 7.312309934971604752e-01 7.484839492971263608e-01 7.455565727386846975e-01 7.439822473571835459e-01 7.404960934997931732e-01 7.217217073632564706e-01 7.092306108456275515e-01 7.392478099602621811e-01 7.511114525933025865e-01 7.283267816678641315e-01 7.302648942077882843e-01 7.615240776221585683e-01 7.652772630434698797e-01 7.607873672458720371e-01 7.453794843507887125e-01 7.597668559960537582e-01 7.378378594665004897e-01 7.389798823178178599e-01 7.614185019652329744e-01 7.414445054789786660e-01 7.281268170703319997e-01 7.314971965321339642e-01 7.392054438090308599e-01 7.365559648016917205e-01 7.406072957259198786e-01 7.547454174415761941e-01 7.430928973700189344e-01 7.551758203242604495e-01 7.570846901708769838e-01 7.545355427759988798e-01 7.601150261222241467e-01 7.334931736674885627e-01 7.372240351271142078e-01 7.305662924395042168e-01 7.242997791848884148e-01 7.436427533931188050e-01 7.448865569499631967e-01 7.578529630667096839e-01 7.278346291499839804e-01 7.338613043545444414e-01 7.493309783710023764e-01 7.433443872942141484e-01 7.350874377666906101e-01 7.307114656585302903e-01 7.451472666866980621e-01 7.445320833970230368e-01 7.437984118430012170e-01 7.368894082603467677e-01 7.368025145512034912e-01 7.404510921015803326e-01 7.417637128465112140e-01 7.408780028520542960e-01 7.340833563504467474e-01
7.418473119532309479e-02 1.022593921119575450e-01 3.254327888130218449e-01 5.548567936647439414e-01 4.784059881401953596e-01 4.521339351073938029e-01 7.363410726491395053e-01 1.000000000000000000e+00 6.795557732516672722e-01 6.359579172785383427e-01 7.252085838981014998e-01 7.675041275667630059e-01 7.309733363856633082e-01 7.049926982783910612e-01 8.077824131016012599e-01 8.152640362873907476e-01 6.548611371209974719e-01 5.172900777943746364e-01 5.973123023910801299e-01 5.253664993513812442e-01 5.505400707818641770e-01 6.541643258233966751e-01 6.273998291846997200e-01 6.093030830203607362e-01 6.118336787626895701e-01 7.232162724199590054e-01 7.231528969076965740e-01 7.019129144471436543e-01 6.467899588300155544e-01 6.747298895243643013e-01 7.134266203494671332e-01 7.250318889484814733e-01 6.468881884724412279e-01 7.182276456765487316e-01 6.536858443206907676e-01 7.057514567398009975e-01 7.044988079592340302e-01 7.346079194165544557e-01 7.565661869790148986e-01 7.391498379357536175e-01 7.786072442304257102e-01 7.752051921649953936e-01 7.846872231086323701e-01 7.927254672005757952e-01 7.767801962329914378e-01 7.728634333325670180e-01 7.666679983947304322e-01 7.696838664583792733e-01 7.824853060740264432e-01 7.488005144814925407e-01 7.776154835267010679e-01 7.521793552498106106e-01 7.796075881601033375e-01 7.621648194892611805e-01 7.578544364971414593e-01 7.489037560219233836e-01 7.718964507712149370e-01 7.719416543182858748e-01 7.598396884516360750e-01 7.803698117568452775e-01 7.892628509347171528e-01 7.645782011721190541e-01 7.586908561452033739e-01 7.642740914268286723e-01 7.664209903158506476e-01 7.787548189387224484e-01 7.696936255447387465e-01 7.607078658861907705e-01 7.560490785285466364e-01 7.553615879833585067e-01 7.650825935210323614e-01 7.722375493681524761e-01 7.597064303548856090e-01 7.539945534481315992e-01 7.817250667603261594e-01 7.772001862123101290e-01 7.736948182675749131e-01 7.601101723741737759e-01 7.792615615973724763e-01 7.646175240381333227e-01 7.656289261232621657e-01 7.753791963728383640e-01 7.645404486576280467e-01 7.571854263569223198e-01 7.658165947834026932e-01 7.715469764456420743e-01 7.690569060787498801e-01 7.655482561092195049e-01 7.789877272135835584e-01 7.625075098437266163e-01 7.749940708105717002e-01 7.804414719102521492e-01 7.830342011298586646e-01 7.824182995213974090e-01 7.692911913793569756e-01 7.693731830207010125e-01 7.739317822152074200e-01 7.700279006673882431e-01 7.869347084015534399e-01 7.790866432555163534e-01 7.926618253163659755e-01 7.672865800604377062e-01 7.756274783054630806e-01 7.808950782810599733e-01 7.807112184990379067e-01 7.725642519857666146e-01 7.740327332158446483e-01 7.678028316678768839e-01 7.725219566362520052e-01 7.763750296410905083e-01 7.661571665400193076e-01 7.708443717562626363e-01 7.741942668619584689e-01 7.754560627717624888e-01 7.706961656611215350e-01 7.723304420996035535e-01
2.074274531606765948e-01 1.959542312486357574e-01 3.558919354220003162e-01 4.439314726412613155e-01 3.892951920342264671e-01 4.724955313835973447e-01 6.860257072560922431e-01 6.795557732516672722e-01 1.000000000000000000e+00 7.506557188848208551e-01 7.692131929271873725e-01 7.528950223692815191e-01 7.338641754883253876e-01 7.497252162290282129e-01 8.135632068180236320e-01 8.129945439571026888e-01 7.904251802330521937e-01 6.140373925944306865e-01 6.778064743208936926e-01 5.433458824899359829e-01 6.247504815959622482e-01 7.198416216177897509e-01 7.348563149623907886e-01 6.435154533995898207e-01 6.698838675180216473e-01 8.231752612483345111e-01 8.225898852800271888e-01 7.988442632756691530e-01 7.336708156369917688e-01 7.472816356049447606e-01 7.777193535322436402e-01 8.082990536497739464e-01 7.507452846762247001e-01 7.780717741086692341e-01 7.468409781111157164e-01 7.230353710770917042e-01 7.619509046121335505e-01 8.349198333788560022e-01 8.297904043805232055e-01 8.289903344663293039e-01 8.587030584274109035e-01 8.514592778208519563e-01 8.109370523558205868e-01 8.544069356014896144e-01 8.371646367919062248e-01 8.474332764381714567e-01 8.468354393196388941e-01 8.606072854053286036e-01 8.412535189622253329e-01 8.222430782366593194e-01 8.527255601922063555e-01 7.937873255719104515e-01 8.223010672989634617e-01 8.552187398686872388e-01 8.474002429587947915e-01 8.501290094732057989e-01 8.402833651124125280e-01 8.496326876013288176e-01 8.480672484977753722e-01 8.585912530028197986e-01 8.369208351928150158e-01 8.534476485681833369e-01 8.268243419271041894e-01 8.471250046994079907e-01 8.556076435068638020e-01 8.466188412081481207e-01 8.540503003505144353e-01 8.487552302392509240e-01 8.459987449042470908e-01 8.271949032529349877e-01 8.472423192043961881e-01 8.510653766335993797e-01 8.280837943648891031e-01 8.288622124612089470e-01 8.666937877460387796e-01 8.632487943616249382e-01 8.599758454874019131e-01 8.413707777647978503e-01 8.509533502930828330e-01 8.435579476563699330e-01 8.506701278794842613e-01 8.506525405461551337e-01 8.531439820872952495e-01 8.456456421509582766e-01 8.456499706682688577e-01 8.433587589178405119e-01 8.343453706252221824e-01 8.555443933136397394e-01 8.538712724974900636e-01 8.558397399133168548e-01 8.553831041212085484e-01 8.546337841141746772e-01 8.452019094583557157e-01 8.539719036868218538e-01 8.439101172281249230e-01 8.514990936321340520e-01 8.273624683257946311e-01 8.377870418734352231e-01 8.385322411661408903e-01 8.522041092902093995e-01 8.355694942678376647e-01 8.429209120242445730e-01 8.333538880537864069e-01 8.504443332294140401e-01 8.380047765656072345e-01 8.407397334536209632e-01 8.443677394192041774e-01 8.579666795081659636e-01 8.557909978071903678e-01 8.546285789261284238e-01 8.514545943843521147e-01 8.505314025756972596e-01 8.506262927890159142e-01 8.486500848721703072e-01 8.536459550057754475e-01 8.477414869295016864e-01
7.299691631047189322e-02 2.445489465370263016e-01 2.839100625214097673e-01 3.842445889235136525e-01 3.627243054818924950e-01 4.676163236264003764e-01 6.171054814896080876e-01 6.359579172785383427e-01 7.506557188848208551e-01 1.000000000000000000e+00 6.945573630785154551e-01 7.091598636258875654e-01 6.878273720350989162e-01 7.067727329607821352e-01 7.583977815908562459e-01 7.613576135974167158e-01 7.137140731464975962e-01 5.085836135283171577e-01 5.823494178058979953e-01 4.326824692291038055e-01 4.936166154186927835e-01 6.027462146355325734e-01 6.298941279489794765e-01 5.562349299676457859e-01 5.609902868528349185e-01 7.154927852759189744e-01 7.228644337351148863e-01 6.940835279246527767e-01 6.305384661109256772e-01 6.343274251038925060e-01 6.745396611103250395e-01 7.448236247257138398e-01 6.780828328453023524e-01 7.070898513432485322e-01 6.711047685365556514e-01 6.568203506093711619e-01 6.663620965497575321e-01 7.796735374015864029e-01 7.579168387870875989e-01 7.609269904312133681e-01 7.995518252304131268e-01 8.064855350305866200e-01 7.538729125993165470e-01 7.881375238724521726e-01 7.640839876758964699e-01 7.871224738401332299e-01 8.114245921680210971e-01 8.207974871767214076e-01 7.956690079381342207e-01 7.723745457089197242e-01 7.975951458755288215e-01 7.149929358712376892e-01 7.698758712414242034e-01 7.941626541861640520e-01 7.844194924762840637e-01 7.935984441799629474e-01 7.755671105494458262e-01 8.103128041226883571e-01 8.002229228639959890e-01 8.078576755632300710e-01 7.895109792812751159e-01 8.025802206651114767e-01 7.824963118595457123e-01 7.987377896151436341e-01 7.888156935010064430e-01 7.865696230559817703e-01 8.123861720541635245e-01 7.956660738389391696e-01 7.979766744267448031e-01 7.582997179589116010e-01 7.746754110499692869e-01 7.894036283375569507e-01 7.787552237965317259e-01 7.646541956046876143e-01 8.070979308886147008e-01 8.020128724268124065e-01 8.016259008665795882e-01 7.773388512038271747e-01 7.936177114066359506e-01 7.827339353127330535e-01 7.886108567583046680e-01 7.902605856385189753e-01 8.015492267535799797e-01 7.955556944112965878e-01 8.044797676256114638e-01 7.931929947368098199e-01 7.762518960581302752e-01 8.184106216867800265e-01 8.073885122036116302e-01 8.152483131670692496e-01 8.062406199476556123e-01 8.135371438243960140e-01 7.968612583117149484e-01 8.080981226569513565e-01 8.134116320490863972e-01 8.187821221156669216e-01 7.955197531330302496e-01 7.906376280368034859e-01 8.005863811501831018e-01 8.137687369572256246e-01 7.985072118067911839e-01 8.067014739089695130e-01 7.961091892206053622e-01 8.098692183987085125e-01 7.898345058276324826e-01 7.966034806942323687e-01 8.098687529441217503e-01 8.184200413343490910e-01 8.124038478323344359e-01 8.160295820029254132e-01 8.137073191713969367e-01 8.143621247319831058e-01 8.132488317428266944e-01 8.120620905930746591e-01 8.057664757613949291e-01 8.008104093375334465e-01
9.470868216149665175e-02 9.468237367794425652e-02 3.869688177271588536e-01 5.611035966290188748e-01 4.203340092948034123e-01 5.177318598052162990e-01 6.992371074297102362e-01 7.252085838981014998e-01 7.692131929271873725e-01 6.945573630785154551e-01 1.000000000000000000e+00 8.378870729191940647e-01 7.769696498620045633e-01 7.838926076676415722e-01 8.455188921347548403e-01 8.462153364458115945e-01 7.643667650694957461e-01 6.116644830610750150e-01 6.826623289982237663e-01 6.034121473916719269e-01 6.422361702254559823e-01 7.367713951801042604e-01 7.322120286925511978e-01 7.064631784887638322e-01 7.041387333870848808e-01 8.148018812996594695e-01 8.236411211507650432e-01 8.085313635619685302e-01 7.521994203961790415e-01 7.768725861468033234e-01 8.274057455396356398e-01 8.305906049279657699e-01 7.414382871611352455e-01 8.322706534331032469e-01 7.593501443848142962e-01 8.069453943529772966e-01 8.239867674850664958e-01 8.325834154091609207e-01 8.565500551201130630e-01 8.479288287671263857e-01 8.764768504637924229e-01 8.697569816092480810e-01 8.649636271673267762e-01 8.809127359675026359e-01 8.783481182706940338e-01 8.675144715326589262e-01 8.732345422086020825e-01 8.742501895055907468e-01 8.729221523558556850e-01 8.533460466422656543e-01 8.712783499233567319e-01 8.483594840403373416e-01 8.687910988649588662e-01 8.688813992995565449e-01 8.633397552330189795e-01 8.702807391078111188e-01 8.688856153200220644e-01 8.691450549431879447e-01 8.598811401218379169e-01 8.765232630502183264e-01 8.802194747764210403e-01 8.624892596242090814e-01 8.526352238224303992e-01 8.589891440386854260e-01 8.733594046317654236e-01 8.802864022674022904e-01 8.785699068941030809e-01 8.743010807042499444e-01 8.708628747142551640e-01 8.660455799443964597e-01 8.734253321018230487e-01 8.807383112864857200e-01 8.693818202056509126e-01 8.724491222592647421e-01 8.851827275840590259e-01 8.859072688669707984e-01 8.791916075768884120e-01 8.702338577248320828e-01 8.820999232221650166e-01 8.791739894911492215e-01 8.827820217170710970e-01 8.860191057495920841e-01 8.752875464827859497e-01 8.693116811552240586e-01 8.762438553878639791e-01 8.834391674345571932e-01 8.857767045246844884e-01 8.736360683846758901e-01 8.853230632807431721e-01 8.730723281722573281e-01 8.812983193518192371e-01 8.822641848469618964e-01 8.858160908391327082e-01 8.850382352445798073e-01 8.748373027929088330e-01 8.747466972267254892e-01 8.724749606675458180e-01 8.729544348699689316e-01 8.828068838779288274e-01 8.804487487629941711e-01 8.813632428845878941e-01 8.730536945478087896e-01 8.748721989390136899e-01 8.806332077521761281e-01 8.853481368274325192e-01 8.720627580520521338e-01 8.745277959876499585e-01 8.764825278147200249e-01 8.798873841162546672e-01 8.783911311024734658e-01 8.724344436672574199e-01 8.738582298061294829e-01 8.766445122313397675e-01 8.758446211677279880e-01 8.795254804719062625e-01 8.788985109254607853e-01
-2.786280094992646048e-02 6.269392334958263924e-02 3.358925892597577900e-01 6.739674075534961561e-01 4.712619553522948146e-01 5.356469707865372243e-01 7.197474521442702722e-01 7.675041275667630059e-01 7.528950223692815191e-01 7.091598636258875654e-01 8.378870729191940647e-01 1.000000000000000000e+00 8.220131484060652083e-01 8.105006965859008483e-01 8.762738748118353849e-01 8.870490055755234637e-01 7.331322910079720589e-01 4.768197109688988578e-01 5.783991705204047928e-01 5.534237281791101193e-01 5.259518384010830605e-01 6.568106269298445987e-01 6.530196936308518829e-01 6.264095820463735365e-01 6.084634029057001126e-01 7.586263075345630602e-01 7.689355391189129918e-01 7.344181488602321561e-01 6.790779451040903636e-01 7.133605495819507203e-01 7.947975648502215718e-01 8.022183389997430414e-01 6.687656181914299891e-01 8.045256025525115984e-01 6.944677161162934320e-01 8.293150293671744944e-01 8.024108347473912772e-01 8.082755910452680270e-01 8.392062998655767103e-01 8.414652593212808007e-01 8.777411460792482467e-01 8.781079534073946702e-01 8.941582816921973542e-01 9.033978032217188092e-01 8.828661404374706922e-01 8.747459122847918156e-01 8.961644151529579716e-01 8.903315537291301984e-01 9.054432052327997527e-01 8.581623705937694302e-01 8.859974018103563553e-01 8.755430444007195057e-01 9.132235885903152717e-01 8.574357122896922867e-01 8.546156544297341950e-01 8.503035519148955945e-01 8.891221399281086235e-01 8.934570587017878207e-01 8.730281543557434354e-01 9.005354702191428196e-01 9.123570189956133891e-01 8.738210949990780074e-01 8.823348706860765223e-01 8.846583956919711333e-01 8.820052920059376911e-01 9.049060877185022278e-01 8.911813259297023393e-01 8.527643388669365887e-01 8.622444353928033767e-01 8.533542013802977166e-01 8.516022622975137901e-01 8.691363623475705236e-01 8.568250984693485117e-01 8.481688254733312782e-01 8.842928496787099135e-01 8.822613010607388562e-01 8.742289801780687153e-01 8.562216106142905847e-01 8.819097325356460848e-01 8.696513432114456599e-01 8.734650861223332008e-01 8.894766729021719165e-01 8.793674035825587154e-01 8.545987201301606939e-01 8.796337247694113737e-01 8.847765116129971963e-01 8.983910903596573627e-01 8.837604359861610526e-01 8.959325960571827840e-01 8.760590473169426184e-01 8.875473676564739067e-01 9.045403867874806103e-01 9.158628360987953743e-01 9.035679468461365049e-01 9.075891797264522554e-01 8.998478735828423503e-01 9.126906000051687728e-01 9.033447844710644770e-01 9.176208762410494879e-01 9.037457923810354732e-01 9.208191770040392576e-01 9.027688461547590526e-01 9.219809433791011921e-01 9.135763495374848997e-01 9.190781779872432278e-01 9.013991376105098263e-01 9.080329920015799416e-01 8.897461103435284624e-01 8.934676104029216637e-01 9.042516126831076084e-01 8.952893229395032515e-01 9.038889032010410940e-01 9.046891477562855055e-01 9.083152348142878862e-01 8.970169671668514200e-01 9.076232593623423384e-01
3.876879302719072468e-02 9.733933366316539770e-02 3.392203084995418227e-01 5.498273766979000499e-01 4.708105700082804157e-01 4.988926469299453936e-01 6.887168097508853393e-01 7.309733363856633082e-01 7.338641754883253876e-01 6.878273720350989162e-01 7.769696498620045633e-01 8.220131484060652083e-01 1.000000000000000000e+00 7.647684667055906216e-01 8.357950362925768983e-01 8.353096262202569511e-01 7.162992636664099466e-01 5.265114005247575335e-01 5.961560973256972984e-01 5.383069933080067981e-01 5.423454058013303936e-01 6.475196643360001669e-01 6.659276700264232796e-01 6.347810404579521393e-01 6.180823955905867528e-01 7.592589469055368578e-01 7.565947573736061527e-01 7.305030889920731685e-01 6.775652837852792487e-01 7.015346716421360096e-01 7.559763440617910391e-01 7.760418474114951781e-01 6.744661435220079548e-01 7.783140963488611730e-01 6.971364531919818086e-01 7.658619768829552088e-01 7.655922249337208108e-01 7.765155034976756188e-01 8.023231484772883615e-01 8.004589153528632872e-01 8.431673705892385184e-01 8.360317847826606030e-01 8.363842748191906429e-01 8.481285863958107907e-01 8.354074680204539582e-01 8.254503030962726529e-01 8.494210632907662761e-01 8.516291475279760270e-01 8.566845047224799226e-01 8.158123760102543587e-01 8.350764166276828382e-01 8.117246519781254888e-01 8.516412273299623914e-01 8.354581031337415808e-01 8.295315149455981807e-01 8.230731513130669086e-01 8.461523645448641995e-01 8.446312546982652769e-01 8.327153631012411683e-01 8.585054637776824427e-01 8.612918931618646079e-01 8.376336027739837986e-01 8.326200428685216481e-01 8.377987470308529971e-01 8.403213895890466745e-01 8.546452494021662405e-01 8.502420859917040330e-01 8.296798684864520324e-01 8.338459189175040365e-01 8.190914072371192622e-01 8.210759801971569960e-01 8.369651141813472250e-01 8.275338497724440412e-01 8.234982682143785482e-01 8.513796304667726744e-01 8.459710097262430617e-01 8.406249199460666954e-01 8.274512216392980735e-01 8.419442347236865132e-01 8.358684330998875645e-01 8.391802714770688620e-01 8.465796527215377898e-01 8.403197590010565987e-01 8.304076797806837495e-01 8.407740507449207312e-01 8.488163087468553192e-01 8.515699774762541807e-01 8.430263898763422636e-01 8.504006998591085997e-01 8.423069541576275743e-01 8.464448529498921348e-01 8.556460841661490679e-01 8.606174086247575516e-01 8.565859155933689406e-01 8.564843900758739581e-01 8.559327484894453386e-01 8.512858556948147415e-01 8.496954628151597300e-01 8.621772971788886908e-01 8.533831443262780425e-01 8.618547538404679464e-01 8.489457464024063871e-01 8.608175043043435615e-01 8.582186800946802752e-01 8.583917487308172500e-01 8.505906884516482025e-01 8.574429941549450707e-01 8.539410121195125658e-01 8.546727401275994174e-01 8.539685783378523354e-01 8.473057544174860123e-01 8.564623208159528600e-01 8.557432615426932010e-01 8.551988123500714467e-01 8.523210757995669518e-01 8.575006434294613067e-01
