1.000000000000000000e+00 1.997135674741499500e-01 6.107930180355226196e-02 -3.584396310389206114e-02 1.785806742572796507e-02 1.553508599723294782e-02 -1.790972796730360556e-02 -9.223582269367744391e-03 1.609364932510836954e-01 1.044859123502576287e-01 9.463323780734441554e-03 -4.175098281355285774e-03 1.818249541003264316e-02 -8.822918282791452488e-04 -1.696600391376107669e-03 9.814511622888736839e-04 1.122836852760343562e-01 7.788475522263711703e-02 8.444763103640240409e-02 5.570363005043977439e-02 3.655604478298483256e-02 9.258971350051381499e-02 1.388319088091654607e-01 6.459468848891064541e-02 7.485852795062401810e-02 1.258277433227794340e-01 9.705665944713584570e-02 8.149083595797355917e-02 1.683191382949806025e-01 1.244374755216532125e-01 8.907215539563508033e-02 9.167187753392956606e-02 8.547630234720045295e-02 1.044132610953526774e-01 1.165689140631934184e-01 2.276373585078465128e-02 7.596667448715295479e-02 1.402334632543364955e-02 3.412303054476081149e-02 -5.146427324991863228e-02 2.158871562183534848e-02 -1.845826866247433440e-03 -6.055348033721415224e-02 -5.946977858631049933e-03 6.493562027459481335e-03 7.699233772703728898e-03 2.842301848292962466e-02 3.030671541278028014e-02 1.242492100192766832e-02 1.912522503300943810e-02 1.382738937846152150e-02 -7.109151666394553440e-03 2.019344401327291885e-02 5.633712915396792836e-02 2.747201292510059734e-02 3.359563197275457214e-02 7.794176760690510464e-02 -1.519851736911733905e-02 3.306393336711673653e-03 5.518291447060035687e-02 2.205422916867074562e-02 1.738643220404117659e-02 1.188213726774954224e-02 3.259462835332134489e-02 7.215502823313384162e-02 6.823330013591388798e-02 3.188053919106032669e-02 2.610428443484754529e-02 4.367140969779473997e-02 2.372749232876772418e-02 1.693222669069604364e-02 3.620233697658149785e-02 2.622445320214309220e-02 2.676463557502741994e-02 3.645344908135183387e-02 3.573634722197630009e-02 2.475454895078354339e-02 6.907481250237099135e-02 2.740026742203313659e-02 4.946697041891937041e-02 4.645967140194459666e-02 3.840964109609389110e-02 3.791442718961546277e-02 3.574976758243493535e-02 2.907517882819284083e-02 2.859050826422447275e-02 2.229746355746414430e-02 -3.129606868747797713e-03 8.731656434671497546e-03 2.998567148481869060e-02 -1.288098880016462500e-02 -6.493762584455841508e-03 -5.854490395089412963e-03 3.302138511645382780e-03 9.726995008758822225e-03 1.050541699048211826e-02 -1.855509845054072182e-02 4.687004051062498844e-02 9.786038944367551548e-03 3.251674433815375954e-03 -2.452943686866236248e-02 5.849787199672574871e-03 1.139959426366470713e-02 -3.934387980652361526e-03 1.509630166625665522e-02 5.964780333099945625e-02 2.664383312788466684e-02 2.371878745433968205e-02 2.132457444824302495e-02 1.586263553380736283e-02 -7.064815484086088386e-03 2.656060538044800051e-02 9.110392933850736466e-03 3.372895882044442406e-02 4.396946347194967408e-02 4.906522533039116285e-02
1.997135674741499500e-01 1.000000000000000000e+00 9.569248451033383895e-02 3.808469035288784832e-02 7.351695418448520036e-02 7.673252038150378540e-02 1.360073414752616117e-01 9.310536430902512095e-02 2.042964492467414517e-01 1.983473679932498401e-01 1.268472541743071169e-01 1.065375581805930727e-01 1.298886907745094021e-01 1.107806202304725818e-01 1.418444631996633454e-01 1.231443485817477895e-01 1.914563751916974477e-01 1.482195362940536831e-01 1.553379540788563384e-01 1.223533093570551289e-01 8.896025789905880055e-02 1.600913060250762632e-01 1.891745394801090663e-01 1.655500813397267623e-01 1.478801618127963680e-01 2.065739080193977062e-01 1.798333192881107767e-01 1.794399455984421465e-01 2.199967377271317137e-01 2.029011125112779035e-01 1.841836790613530228e-01 1.889728126445076040e-01 1.938188989255732186e-01 1.858045897885517439e-01 1.932364999161476915e-01 1.438677861652492562e-01 1.721220870473899600e-01 1.490183033496368659e-01 1.667619162441792147e-01 1.138940711940200495e-01 1.525277828854228190e-01 1.399846853772103161e-01 9.187750758886770175e-02 1.307790609841061324e-01 1.395701970715730877e-01 1.526127148955239710e-01 1.460375338647951493e-01 1.519174850061839610e-01 1.374036892146627831e-01 1.229529255521208259e-01 1.358151584517243993e-01 9.506326800514133812e-02 1.323073989657692906e-01 1.685996387262793939e-01 1.434838372652360028e-01 1.632733325954999481e-01 1.524390624127862359e-01 1.284017178394538383e-01 1.313978330159947805e-01 1.616445825196093367e-01 1.310217305962196599e-01 1.370599434913101766e-01 1.339062571147420222e-01 1.481606676131954903e-01 1.641400696112968183e-01 1.567952039512039986e-01 1.534915415575760222e-01 1.497246075326173764e-01 1.686562732085974681e-01 1.402001487293708382e-01 1.351580837437821314e-01 1.503250030717712404e-01 1.558180735488276514e-01 1.460999512550991697e-01 1.580108695985611433e-01 1.510780248093054889e-01 1.573197668586140963e-01 1.789596155871250316e-01 1.628551640072340989e-01 1.649196704358542598e-01 1.589523267475296264e-01 1.596179841571436775e-01 1.686185964326055720e-01 1.582383532493205069e-01 1.555242444817816483e-01 1.596058248827895432e-01 1.457660934215183890e-01 1.423065637665189564e-01 1.464513252864992621e-01 1.532194135127815104e-01 1.352011325870517700e-01 1.363503573005498126e-01 1.354119501730265684e-01 1.405338442020321876e-01 1.419515015104680089e-01 1.448912897014511258e-01 1.133305490395551118e-01 1.422902049354319021e-01 1.341538717973467798e-01 1.412794745220184445e-01 1.209264175732209373e-01 1.276608503929257676e-01 1.289232295649260229e-01 1.285025438101178863e-01 1.342453332623517182e-01 1.566502448512557821e-01 1.451865919757200363e-01 1.525099749359007661e-01 1.490585581783858138e-01 1.448280416608642152e-01 1.331734637297518342e-01 1.467514743664599941e-01 1.367998689383641553e-01 1.526692601369978308e-01 1.567718535801817248e-01 1.543498763513198591e-01
6.107930180355226196e-02 9.569248451033383895e-02 1.000000000000000000e+00 3.178283676383168999e-01 1.677983119513968002e-01 2.025251187846628664e-01 3.036270584825763175e-01 3.185343884164975603e-01 3.031398896625057682e-01 2.676212202375910509e-01 3.115001623806493702e-01 3.369580945276783868e-01 2.941197498970622437e-01 2.877551243651315649e-01 3.442464253205949620e-01 3.244376883244198262e-01 3.017974409749152875e-01 3.323459154956235895e-01 3.381364116610469650e-01 3.024056494834710951e-01 3.318041879101326086e-01 3.401744376424435945e-01 3.221065375694522892e-01 3.203448840491461280e-01 3.214073700845957449e-01 3.494813384820030233e-01 3.471378228653961839e-01 3.426123992383825478e-01 3.184900102039239789e-01 3.175263722243599762e-01 3.314027225781363550e-01 3.464304183208257726e-01 3.546560411036671634e-01 3.399214969067967385e-01 3.198111815177891448e-01 3.492197319261532984e-01 3.468142383189727340e-01 3.441249901774228181e-01 3.388320645831963684e-01 3.642649071412742412e-01 3.452144618030171253e-01 3.482589420094960309e-01 3.383222212547524754e-01 3.417303574699079305e-01 3.517532889661315609e-01 3.375001583920286263e-01 3.320171617003624398e-01 3.197580339803559601e-01 3.198586930903936643e-01 3.249998453348670324e-01 3.339074954478864488e-01 3.314886318071547655e-01 3.223513757056432616e-01 3.193883828653623080e-01 3.192287558894173483e-01 3.306715837749293341e-01 3.187689298808220051e-01 3.320685565235556580e-01 3.168877287000809728e-01 3.247567549651008689e-01 3.217231875543375974e-01 3.218039601056451038e-01 3.206661597209117809e-01 3.296597697634626734e-01 3.270330586026244379e-01 3.246907211920401215e-01 3.235267044233716693e-01 3.328962262430526509e-01 3.219362759422482734e-01 3.448041234983297287e-01 3.415884395906413906e-01 3.370408325385953474e-01 3.383111931784992810e-01 3.382735581720577311e-01 3.340487629737207143e-01 3.331629273230491961e-01 3.296064170398170790e-01 3.266355714474127869e-01 3.318391122306966756e-01 3.193814663146763433e-01 3.323852932445031660e-01 3.297095167526685744e-01 3.377323405618076202e-01 3.302908212153290446e-01 3.353895998480636576e-01 3.365282348607078755e-01 3.471499484053549578e-01 3.347220904928747132e-01 3.311190044644213293e-01 3.318398141331921902e-01 3.476281128874008641e-01 3.329622869165426713e-01 3.384493549869120321e-01 3.299111553614699210e-01 3.231331034790156376e-01 3.216411465149746629e-01 3.407941701833002712e-01 3.283128570210780417e-01 3.240922901488887953e-01 3.334388008604410869e-01 3.321251539612541936e-01 3.292200517036282248e-01 3.301859297415632444e-01 3.286032990168280543e-01 3.354584096509124480e-01 3.217217770094583096e-01 3.291691732888833433e-01 3.204475014648046072e-01 3.220483264179990202e-01 3.272645271663401356e-01 3.233480717636115775e-01 3.245737988503616944e-01 3.227277232219407099e-01 3.262909526689006245e-01 3.248936639103491286e-01 3.251694815841579267e-01
-3.584396310389206114e-02 3.808469035288784832e-02 3.178283676383168999e-01 1.000000000000000000e+00 3.190731941419827633e-01 3.304522131633517157e-01 5.241755411048852897e-01 5.205841651818295945e-01 4.594617156485251708e-01 4.370480055327310431e-01 5.163858281097030156e-01 6.116080509591120817e-01 5.158239754829143653e-01 5.068504356114936771e-01 5.763358919685103166e-01 5.683688128395605332e-01 4.900482519900987155e-01 4.970260091166489036e-01 5.016866309515217726e-01 5.368272312549725589e-01 5.411105995154603665e-01 5.221007995182348482e-01 4.509040231020549627e-01 4.683656558407877646e-01 4.663307435929839317e-01 5.253317529069170266e-01 5.544414410710823971e-01 5.461191593576713021e-01 4.445353642853995257e-01 4.826623714572332302e-01 5.285064851568627153e-01 5.173872979406271000e-01 5.151068721349602031e-01 4.966471808913386354e-01 4.780580653149466008e-01 5.610567565080361030e-01 5.411793496962206129e-01 5.332222423428709668e-01 5.433002670557773861e-01 5.886079784791936609e-01 5.747276913739089999e-01 5.760671125932012027e-01 5.820498596429175553e-01 5.746980062997141259e-01 5.759974971255381604e-01 5.541833300083159886e-01 5.570180883028110763e-01 5.449941259895182410e-01 5.442182468159432185e-01 5.394498290373813676e-01 5.547383302179670350e-01 5.799564693193480780e-01 5.637689388529435464e-01 5.325076150894609839e-01 5.371088433143996754e-01 5.435112414031448846e-01 5.460823136554381341e-01 5.630144687874506504e-01 5.418231967493135626e-01 5.563721481648590261e-01 5.532618621712412921e-01 5.532712849734588989e-01 5.580931040825647393e-01 5.604811623460821401e-01 5.431924447190665806e-01 5.581400144453541046e-01 5.455626278061500578e-01 5.523558100427379269e-01 5.282403883636435094e-01 5.921866304058338581e-01 5.745440718865755247e-01 5.482234583610721135e-01 5.499179143231791578e-01 5.472322643255055352e-01 5.549058402403428403e-01 5.559861998990784926e-01 5.485739020032099900e-01 5.216513770103013981e-01 5.404296624668952775e-01 5.268228537627406283e-01 5.433868140024137317e-01 5.443188150330620090e-01 5.554362413534464915e-01 5.434870076842278630e-01 5.489330140095266541e-01 5.456033086007081589e-01 5.685796597092587223e-01 5.605408408820486965e-01 5.553085191427038492e-01 5.647460622346092141e-01 5.787047616642407855e-01 5.676563320439450555e-01 5.742180683653281825e-01 5.590573705613475219e-01 5.536279924599643021e-01 5.508483454545689550e-01 5.858916000208429509e-01 5.665256428695585322e-01 5.618266161313048013e-01 5.617146906565041453e-01 5.737832339949668903e-01 5.724810998048905919e-01 5.652746959710643893e-01 5.671324147970377982e-01 5.775302208190478126e-01 5.593516610724644789e-01 5.555775246313222615e-01 5.483328973705932086e-01 5.471802878190821229e-01 5.592249871073355916e-01 5.561616712322599021e-01 5.585202241573022919e-01 5.593074964883785194e-01 5.575107760762723075e-01 5.490843591618053132e-01 5.582397424520657570e-01
1.785806742572796507e-02 7.351695418448520036e-02 1.677983119513968002e-01 3.190731941419827633e-01 1.000000000000000000e+00 2.413520714275460277e-01 4.175530183951489671e-01 4.497010583311565890e-01 3.867258146705113142e-01 3.803256825598595459e-01 4.118314980427531524e-01 4.203260293753396937e-01 4.034498389033156496e-01 3.845314432480239075e-01 4.465067789469043258e-01 4.405510927350397843e-01 3.812255034632717754e-01 4.149697531987750487e-01 4.047612946813874402e-01 3.727547420365163733e-01 3.740613623140375266e-01 4.027299774035776325e-01 4.093342799316429526e-01 3.997196938756393259e-01 3.984648930313256510e-01 4.320008454065578651e-01 4.342916466836534983e-01 4.348271371382495531e-01 3.862223308758955254e-01 4.238229765214017730e-01 4.398827005427572989e-01 4.312911556173108507e-01 4.269402676579587275e-01 4.128474317687605422e-01 4.128250572956068676e-01 4.236367233005949307e-01 4.334194204055015209e-01 4.273193831494691008e-01 4.436384141038146600e-01 4.444203131204016999e-01 4.487260699260893770e-01 4.539071988398156732e-01 4.496680300921953033e-01 4.518115496143975673e-01 4.459111607421708534e-01 4.456858463646596880e-01 4.349236627985384462e-01 4.378331164925895469e-01 4.320010057453002039e-01 4.121467161967389270e-01 4.301587802751611900e-01 4.270226587922476003e-01 4.168494294180787318e-01 4.233730575916591077e-01 4.262427238902289361e-01 4.395786125954094792e-01 4.088229884246727952e-01 4.372106386606555706e-01 4.259172122180590048e-01 4.292488947669724220e-01 4.307542745689317276e-01 4.265242636570414914e-01 4.245886347514807313e-01 4.340675898775209762e-01 4.276260430766982701e-01 4.281266678441884577e-01 4.368550348217273838e-01 4.434725454791448862e-01 4.391175360103954928e-01 4.502534436002294527e-01 4.441348824429468545e-01 4.413692022613762145e-01 4.432129280393100612e-01 4.398792567187597702e-01 4.443016014902226862e-01 4.443381312456382015e-01 4.409510306637636767e-01 4.261797982073501356e-01 4.404066757121753439e-01 4.360384401509598273e-01 4.409581457086996226e-01 4.415340023933045366e-01 4.440678770188534186e-01 4.416285487510002716e-01 4.394113385061718113e-01 4.402443459699759143e-01 4.481588469440367373e-01 4.446837737211113417e-01 4.446619451704467707e-01 4.451570853681542927e-01 4.523891143519667146e-01 4.486543958278064737e-01 4.459914310697676854e-01 4.460895322734074186e-01 4.372232419461962172e-01 4.356605608467534196e-01 4.400959542103258793e-01 4.279370638828471352e-01 4.361324742902757956e-01 4.406988525256478884e-01 4.471565491505547496e-01 4.392752135355784127e-01 4.356107624176976945e-01 4.428130905423144914e-01 4.391164889157317397e-01 4.249709880823178132e-01 4.345072737948806330e-01 4.393043375181309163e-01 4.382711429303280393e-01 4.400425611303824813e-01 4.358268414640819044e-01 4.387504537432658780e-01 4.334128857686648795e-01 4.356360658046158352e-01 4.314521477026536656e-01 4.346763550682347099e-01
1.553508599723294782e-02 7.673252038150378540e-02 2.025251187846628664e-01 3.304522131633517157e-01 2.413520714275460277e-01 1.000000000000000000e+00 4.801352847680733782e-01 4.568004947231379953e-01 4.818140576795355012e-01 4.524118841683559267e-01 4.816275390422419811e-01 5.251929328795961194e-01 4.876293073559986868e-01 4.838983093527460255e-01 5.531148668258151213e-01 5.250353980367933326e-01 4.886077041152236955e-01 4.827685798522619587e-01 4.891242925030572231e-01 4.304976746834809354e-01 4.548496690741769544e-01 5.078314865553882340e-01 4.742159247462372496e-01 4.812161126949288104e-01 4.823014928003347412e-01 5.375125543890534319e-01 5.335470012155363317e-01 5.339133023516062782e-01 4.976356935309459439e-01 5.324480536096526384e-01 5.506733474399611028e-01 5.368086849547570871e-01 5.206096612004018631e-01 5.206605857368071799e-01 5.268005932472969999e-01 5.228643045697539682e-01 5.428804097676872553e-01 5.338008798636841856e-01 5.509209964868057030e-01 5.269384184600276466e-01 5.605456275536920829e-01 5.602967932740892110e-01 5.417886448991731108e-01 5.558690711402189955e-01 5.595462392620643710e-01 5.479447513404209769e-01 5.532718912679717160e-01 5.534539828856962496e-01 5.547588505482706767e-01 5.296587191604319456e-01 5.393503641170551699e-01 5.252598093382008226e-01 5.364316569768824428e-01 5.497150786414848334e-01 5.527149055478497441e-01 5.515671812263258644e-01 5.331667951615843837e-01 5.501156045046684540e-01 5.471982335519237628e-01 5.503841938174074411e-01 5.478119178617982810e-01 5.476694641100535721e-01 5.467086494681345776e-01 5.473937940893693899e-01 5.476770822959734497e-01 5.480488034553302468e-01 5.568563692916558283e-01 5.573158135831721705e-01 5.547278028740134648e-01 5.523906871693937681e-01 5.578603745804405767e-01 5.557299169216667334e-01 5.522173173754906239e-01 5.527917945944768041e-01 5.584271844291823772e-01 5.557476541855744800e-01 5.542408349676064550e-01 5.474009502184030707e-01 5.543533696099198771e-01 5.551143473275419460e-01 5.606430327550921966e-01 5.570746526590925063e-01 5.579790803733312154e-01 5.581230249515869435e-01 5.523573351495962847e-01 5.567619693565560857e-01 5.577112781139456077e-01 5.552724005745937053e-01 5.610263162143759308e-01 5.584617005683866209e-01 5.587418985883051414e-01 5.597374437934903302e-01 5.585529275628318135e-01 5.597581441415311332e-01 5.563526547811643574e-01 5.565091187091678604e-01 5.505778046146139193e-01 5.479067828305723697e-01 5.536665621490587386e-01 5.538050336925510742e-01 5.573122950166439216e-01 5.541922040985876041e-01 5.561480349756099395e-01 5.564025297335449816e-01 5.555498640188262227e-01 5.485438926889137923e-01 5.549924194587229076e-01 5.566637694982007334e-01 5.579243124637368600e-01 5.581965845074902122e-01 5.553935909463860732e-01 5.567760604648646083e-01 5.561464082374479867e-01 5.562984627522132852e-01 5.519819299297308302e-01 5.558778093131800935e-01
-1.790972796730360556e-02 1.360073414752616117e-01 3.036270584825763175e-01 5.241755411048852897e-01 4.175530183951489671e-01 4.801352847680733782e-01 1.000000000000000000e+00 6.895461214999413224e-01 6.752512832175768809e-01 6.411342971184431638e-01 7.056796429761105216e-01 7.681435258331827942e-01 6.928157215447648953e-01 6.871313503124071298e-01 8.179579697681224060e-01 7.709054440608581471e-01 6.798513891013787669e-01 6.494378500299600177e-01 6.602361362979628501e-01 6.460798944484096307e-01 5.902986189237146020e-01 6.637908334478601624e-01 6.405082133030958191e-01 6.351165241459005850e-01 6.211524362813707345e-01 7.308667215262554251e-01 7.252804660401561687e-01 7.593637557782412228e-01 6.856521478930642788e-01 7.274482081102112696e-01 7.526697195351115255e-01 7.363208849225177932e-01 7.299166890122779083e-01 7.205640996179821789e-01 7.287380820642563872e-01 7.285395314309007775e-01 7.501614964796339269e-01 7.662176476949243975e-01 7.750056574225426820e-01 7.584257951065686010e-01 7.773014243752640606e-01 7.833045194341252682e-01 7.777387311378074486e-01 7.842208614469465822e-01 7.813736428728472738e-01 7.799611075456412967e-01 7.822748935231177425e-01 7.750367890671795434e-01 7.756588159432192819e-01 7.539909790726013750e-01 7.769523190523357492e-01 7.505608105530202634e-01 7.667137750699212217e-01 7.668142925877468041e-01 7.606785334829521128e-01 7.748487606749310252e-01 7.609355346623857264e-01 7.717890308164040425e-01 7.715724116938509347e-01 7.759016614788615263e-01 7.786226642908600226e-01 7.741007278815505988e-01 7.738876485643115810e-01 7.823748680022934998e-01 7.646325845599830640e-01 7.766134797661448097e-01 7.767713862467497954e-01 7.705900862125421025e-01 7.699850188776380389e-01 7.910223416558317400e-01 7.692112240530250000e-01 7.656232838622797354e-01 7.662787120715779388e-01 7.566671897496508592e-01 7.810063692975802718e-01 7.797398730721593063e-01 7.826645841446973062e-01 7.682419251610359545e-01 7.798256245669633602e-01 7.739101608259477683e-01 7.736801601866999389e-01 7.766587876998501949e-01 7.838357025088047436e-01 7.838615281513797717e-01 7.745058785555524183e-01 7.753568581889664912e-01 7.819690391173781396e-01 7.887030779080517195e-01 7.896573740417305309e-01 7.824542332027444314e-01 7.938369403277191205e-01 7.898831605955617396e-01 7.878827839548070422e-01 7.884136055772082985e-01 7.808188051781900230e-01 7.814788103085736903e-01 7.812407208694486238e-01 7.774681256524641482e-01 7.826840071006274657e-01 7.846013890801264434e-01 7.894666914625243503e-01 7.860877563469979012e-01 7.813269760019023735e-01 7.828938716809551446e-01 7.837058383375639092e-01 7.759190814863179408e-01 7.799686086435240195e-01 7.796196943753685993e-01 7.798842112004512606e-01 7.857186320285135528e-01 7.801678085791935446e-01 7.824438172584949891e-01 7.831799286929097548e-01 7.859222434943241575e-01 7.789346943109687338e-01 7.807393667135771320e-01
-9.223582269367744391e-03 9.310536430902512095e-02 3.185343884164975603e-01 5.205841651818295945e-01 4.497010583311565890e-01 4.568004947231379953e-01 6.895461214999413224e-01 1.000000000000000000e+00 6.587670723231808800e-01 6.392837658507948273e-01 7.002670936861353779e-01 7.613888292353634402e-01 7.041922318557428673e-01 6.767298600769853234e-01 7.840062825610458752e-01 7.825587901826862591e-01 6.848976218721142262e-01 6.599161394888803933e-01 6.724264954880989631e-01 6.123867006049007466e-01 6.247733048993637794e-01 6.786688944343137742e-01 6.525351095381372035e-01 6.491346019687331825e-01 6.430476948713488294e-01 7.358298407631956861e-01 7.431312993050983584e-01 7.532019944117446242e-01 6.808864484294862018e-01 7.264455102969012978e-01 7.531436667539300744e-01 7.422999460618143752e-01 7.234992516030963605e-01 7.261791446273065942e-01 7.210501701267079122e-01 7.451646102015653250e-01 7.452576730207514100e-01 7.618769195620335166e-01 7.739477116463883144e-01 7.671728172445813065e-01 7.838678202085964664e-01 7.776754870233724137e-01 7.847559468234616142e-01 7.874281528208494363e-01 7.784011187492430039e-01 7.718189019533298056e-01 7.814447434438231976e-01 7.739725444645970676e-01 7.759282646945008244e-01 7.574454906919725339e-01 7.781677313319227407e-01 7.595800482512921059e-01 7.603965837790709337e-01 7.610052110825865634e-01 7.681630155070143795e-01 7.764171287619806572e-01 7.588231258776547694e-01 7.706364150950510972e-01 7.716261116527823871e-01 7.664286650995799643e-01 7.821020162699116041e-01 7.721283758029720001e-01 7.787485152393688326e-01 7.852931808196335073e-01 7.616841116892331121e-01 7.693586004439350035e-01 7.764963245410957393e-01 7.742504968869156068e-01 7.660761092047398968e-01 7.791734814150310662e-01 7.767005667552332460e-01 7.714332075153562673e-01 7.682457167040949164e-01 7.653486955414084969e-01 7.788676004627642646e-01 7.781938271282126118e-01 7.745304605911393914e-01 7.582921271338493030e-01 7.731723301112578550e-01 7.665062329723030254e-01 7.723841125490821247e-01 7.750835108339582114e-01 7.800267680040292584e-01 7.747398044471072165e-01 7.765275092386715317e-01 7.776504554342102971e-01 7.807399272523726230e-01 7.862876834953363980e-01 7.843279839121626296e-01 7.853467489263988854e-01 7.880509783589518813e-01 7.862518748797416857e-01 7.874963390502143223e-01 7.827744500518877269e-01 7.777972589703691098e-01 7.777112009286794025e-01 7.890722326818702115e-01 7.731187028254257187e-01 7.819999090019397192e-01 7.851985955143369056e-01 7.914347100349811148e-01 7.863399471657053219e-01 7.797076067826604895e-01 7.859742473813473573e-01 7.865550319887923969e-01 7.712024191745747714e-01 7.796895228267252120e-01 7.770540488180456284e-01 7.784263158784380243e-01 7.814858499360761712e-01 7.809130520136603471e-01 7.795643085498963343e-01 7.777925354244503708e-01 7.820367231391863738e-01 7.734864049692947718e-01 7.765453820286474240e-01
1.609364932510836954e-01 2.042964492467414517e-01 3.031398896625057682e-01 4.594617156485251708e-01 3.867258146705113142e-01 4.818140576795355012e-01 6.752512832175768809e-01 6.587670723231808800e-01 1.000000000000000000e+00 7.596010248011120236e-01 7.572411602089949012e-01 7.851281946635159104e-01 7.479092518185412874e-01 7.434507071000684419e-01 8.216535837765944761e-01 8.071899704107908802e-01 7.938314592797683922e-01 7.275759721795640456e-01 7.549213439316175833e-01 6.310428882765071190e-01 6.543920177075472910e-01 7.644949255618656014e-01 7.541800597050185573e-01 7.284868211981619934e-01 7.350752967358490375e-01 8.431800121635680823e-01 8.285574431924817018e-01 8.346153935999987006e-01 8.149776595516056155e-01 8.574705521454226709e-01 8.685146840452727668e-01 8.423166532132001505e-01 8.125618559288456666e-01 8.225039608484231435e-01 8.367574948765967857e-01 7.787792706668588139e-01 8.411884908082598589e-01 8.243272084497336172e-01 8.472054294800821506e-01 7.706489385549604165e-01 8.448063231603833989e-01 8.370895687120312179e-01 7.986985716280505798e-01 8.429802525630892829e-01 8.426808778164066593e-01 8.425484154013911375e-01 8.630008447123708182e-01 8.683802023579189067e-01 8.543590636481692702e-01 8.170505600727889783e-01 8.346736501956800724e-01 7.994879592506105581e-01 8.393089070748781522e-01 8.726470305541997874e-01 8.542781385921784931e-01 8.586740148220031177e-01 8.540178663241865253e-01 8.438349256084864969e-01 8.500495449595256714e-01 8.668944124987277844e-01 8.533395055194519241e-01 8.557984115639256650e-01 8.489310105141514295e-01 8.572179108919627533e-01 8.645285723848141757e-01 8.664901049501950725e-01 8.648726342446590998e-01 8.598089232465127019e-01 8.668467846942853328e-01 8.459852329961912165e-01 8.495703262685139201e-01 8.624899284764726559e-01 8.501271458436869821e-01 8.519716057080345406e-01 8.683793098973591196e-01 8.653374371737393433e-01 8.565511085294320592e-01 8.646511082195110776e-01 8.601025795709594801e-01 8.693529799151396009e-01 8.661827560820276606e-01 8.701470839350743391e-01 8.631322460176406031e-01 8.646545194069652496e-01 8.527311546260240016e-01 8.602951956655605636e-01 8.536036255467581713e-01 8.496681536949864944e-01 8.583340224785637185e-01 8.594706519973742687e-01 8.402334716585709851e-01 8.529594142891749886e-01 8.510682881757459795e-01 8.573174998703877447e-01 8.605485282149051285e-01 8.622728192012797388e-01 8.283316644721349098e-01 8.519082577279024626e-01 8.548668144890274601e-01 8.533652593631785299e-01 8.426824330097559823e-01 8.503089772476448704e-01 8.529460892105044101e-01 8.533045117896692622e-01 8.499672531542775689e-01 8.580569204385919413e-01 8.635980445935653727e-01 8.660209302033680112e-01 8.636704693068693039e-01 8.633967364592348703e-01 8.507674638020257252e-01 8.653936571371046993e-01 8.573855325740911137e-01 8.634931319543035499e-01 8.627986390368808101e-01 8.650612351317300552e-01
1.044859123502576287e-01 1.983473679932498401e-01 2.676212202375910509e-01 4.370480055327310431e-01 3.803256825598595459e-01 4.524118841683559267e-01 6.411342971184431638e-01 6.392837658507948273e-01 7.596010248011120236e-01 1.000000000000000000e+00 7.101121979972802034e-01 7.329874185225544458e-01 7.016473550024967532e-01 6.964517833440015959e-01 7.775450467744231542e-01 7.547265435459235006e-01 7.230540303687927883e-01 6.602765383338481398e-01 6.862669151228608655e-01 5.824473959723892591e-01 5.829792281267746068e-01 6.952787350629311414e-01 6.945154775835036265e-01 6.682933717402713691e-01 6.720066158014689206e-01 7.768865114439960085e-01 7.640729027312642696e-01 7.795488429380319495e-01 7.585801124564529596e-01 7.913056297232664571e-01 8.056044355925850997e-01 7.828020356867793073e-01 7.589663013847562922e-01 7.639882358949631191e-01 7.732890218413801531e-01 7.318904109307654560e-01 7.732138465815088235e-01 7.773556440205886542e-01 7.997812129976218376e-01 7.325627158932754845e-01 7.932028192294151570e-01 7.861910467240526001e-01 7.562351912814065935e-01 7.892738918562971495e-01 7.867063168633874337e-01 7.944770350862746522e-01 8.032706363458994581e-01 8.117580288672042732e-01 7.993123580024176222e-01 7.628998887271932761e-01 7.808844579364753180e-01 7.436134721392431146e-01 7.771840798815339291e-01 8.107867276841737025e-01 7.961205778347664186e-01 8.028676626270725425e-01 7.911544159802089693e-01 7.869855012031931052e-01 7.902225243067871885e-01 8.033156564678394229e-01 7.969519012121980550e-01 7.957976619867348500e-01 7.953937198964859956e-01 8.042136679403524280e-01 7.990103441191325206e-01 8.020145010392155660e-01 8.062654005621787690e-01 7.993851121910672264e-01 8.077792316646547066e-01 7.861048018600207410e-01 7.865414235640290075e-01 8.012388902492130205e-01 7.936647673673217218e-01 7.916761615366297855e-01 8.094152161232843756e-01 8.052954819570493639e-01 8.045742309514419821e-01 8.113459474741543387e-01 8.077306155854604430e-01 8.127445613839039407e-01 8.087979322984012454e-01 8.119168239656886499e-01 8.102559672314200157e-01 8.103847876108639658e-01 8.017037620144717991e-01 8.063484733974234375e-01 7.997088262921306923e-01 8.006407321720685477e-01 8.068321590710777480e-01 8.053929004597355501e-01 7.930989980546175877e-01 8.006334825007677125e-01 7.954571552306231030e-01 8.035866930881288006e-01 8.036408154630563239e-01 8.068462627568423473e-01 7.779771457553441572e-01 7.894623438931677173e-01 7.982794366385913554e-01 7.985409261280056459e-01 7.928119424253672332e-01 7.947715285193116541e-01 7.944984881694280299e-01 7.971188268334715721e-01 7.947976987224444345e-01 7.979066653044203372e-01 8.051187847677416798e-01 8.096702148109024000e-01 8.078505463000924536e-01 8.041197362236163215e-01 7.971232870955559102e-01 8.069600202620519358e-01 8.013616018722252710e-01 8.082319458285800451e-01 8.046207984063509233e-01 8.041279451302996151e-01
9.463323780734441554e-03 1.268472541743071169e-01 3.115001623806493702e-01 5.163858281097030156e-01 4.118314980427531524e-01 4.816275390422419811e-01 7.056796429761105216e-01 7.002670936861353779e-01 7.572411602089949012e-01 7.101121979972802034e-01 1.000000000000000000e+00 8.235168631787821436e-01 7.632316996664894049e-01 7.558350096925753325e-01 8.415331116287192437e-01 8.333861864805803821e-01 7.694767232823213066e-01 7.286400985008528730e-01 7.555346916075917907e-01 6.559454543926758197e-01 6.749035951251990406e-01 7.611973940088333501e-01 7.366092774854343661e-01 7.301985778659506598e-01 7.275967313988446206e-01 8.270442544864857748e-01 8.261659403568675231e-01 8.382352183786555555e-01 7.842895773931424230e-01 8.284357904713883780e-01 8.532677568445108385e-01 8.367151123300604620e-01 8.115913108389455344e-01 8.121314854002423811e-01 8.186897562245291082e-01 8.079695766943786328e-01 8.346871978333393338e-01 8.372884845970262058e-01 8.511782502345924817e-01 8.134708824000623784e-01 8.585523790058756655e-01 8.522785395311489598e-01 8.401029412398689500e-01 8.579435526781535870e-01 8.556458764964475217e-01 8.482105509696409307e-01 8.653775028412648007e-01 8.628470719048269011e-01 8.618377957349943053e-01 8.298953566436667595e-01 8.499947175848378000e-01 8.253936975402301757e-01 8.384664300745757748e-01 8.594953507206074539e-01 8.546358905639224179e-01 8.568259096841129852e-01 8.450854270739667218e-01 8.545354931962335643e-01 8.538163542870486067e-01 8.577993851179985807e-01 8.628333331024969910e-01 8.573071789874110449e-01 8.613238747171853005e-01 8.637139265147368850e-01 8.501306379554833814e-01 8.588246737705225176e-01 8.629285238020242277e-01 8.616843996898908564e-01 8.617889174930124518e-01 8.597132348213000208e-01 8.617960102508988030e-01 8.633003160996427505e-01 8.534240293442917347e-01 8.532010403601721915e-01 8.670549245354604029e-01 8.674604184595786638e-01 8.624758171819927322e-01 8.559898853943219699e-01 8.567155232385820218e-01 8.594454812133487387e-01 8.613323505795044133e-01 8.677655923579856712e-01 8.652953861471567309e-01 8.617242824715340976e-01 8.593861121376624723e-01 8.640066194105426867e-01 8.635335260796782597e-01 8.610491837005960214e-01 8.658575093826543778e-01 8.635167566359099878e-01 8.621372116801834240e-01 8.653413848716005052e-01 8.636940141477248423e-01 8.647506816424740395e-01 8.628666698228782961e-01 8.650497580592629854e-01 8.521589129144163666e-01 8.509590513603522144e-01 8.631487462266517197e-01 8.627106436382220300e-01 8.635571374918431520e-01 8.602109669921826907e-01 8.591853043121652211e-01 8.651160892269847968e-01 8.643995645115852833e-01 8.521461986394359700e-01 8.644848769324730009e-01 8.638863633260310815e-01 8.652326685381306337e-01 8.659911940469681157e-01 8.601267022824690134e-01 8.649777319992441038e-01 8.620715328250846410e-01 8.652166315500081639e-01 8.632159434466505354e-01 8.605280730301085867e-01
-4.175098281355285774e-03 1.065375581805930727e-01 3.369580945276783868e-01 6.116080509591120817e-01 4.203260293753396937e-01 5.251929328795961194e-01 7.681435258331827942e-01 7.613888292353634402e-01 7.851281946635159104e-01 7.329874185225544458e-01 8.235168631787821436e-01 1.000000000000000000e+00 8.237354807979627713e-01 8.098310140502418264e-01 9.020945467253744798e-01 8.927959599801738033e-01 7.983113467015230391e-01 7.436297082209225584e-01 7.694042462037606889e-01 7.201360902937151698e-01 7.344865460121006162e-01 7.891012833825906680e-01 7.232822370407904211e-01 7.302808154500033400e-01 7.370665311986305257e-01 8.462334580306165588e-01 8.669903867761055150e-01 8.651084814717715510e-01 7.756263164467939175e-01 8.401521424507000235e-01 8.782803275620955086e-01 8.533131037906671601e-01 8.300552380831679455e-01 8.294341773757465397e-01 8.353058944974948163e-01 8.496334814293144966e-01 8.773516557861932297e-01 8.730887122751551654e-01 8.897824149430929586e-01 8.710999290023089259e-01 9.119754467880073490e-01 9.036981684558779149e-01 8.998039616128663543e-01 9.191190248478728897e-01 9.096488042716640576e-01 8.989451631809446397e-01 9.178282754498527929e-01 9.128330089079703669e-01 9.108321219859948359e-01 8.786436925928724495e-01 8.966821023558361192e-01 8.991372408272308991e-01 9.085645625635825340e-01 9.048314990408464764e-01 9.012706156698376825e-01 8.951972843150250991e-01 8.994887593398951386e-01 9.165239486939263935e-01 9.078763771128610660e-01 9.197525782607719469e-01 9.186156847461874886e-01 9.178807831111993609e-01 9.156742762413230263e-01 9.183030044981378426e-01 9.038622328466631162e-01 9.156383659109246231e-01 9.142120796461780108e-01 9.052919911392443009e-01 8.982683541519335124e-01 9.186147161254967219e-01 9.157519092867687505e-01 9.061133892480153218e-01 8.934282115118290513e-01 8.938918835320212031e-01 9.133060339032755826e-01 9.158530475826677231e-01 9.073001368817099621e-01 8.841525446972036129e-01 8.981607753405844718e-01 8.959780649936915919e-01 9.068412212440123410e-01 9.120393004804866477e-01 9.092369375804595366e-01 9.051912121049047188e-01 9.017734096937753963e-01 9.068493472011350809e-01 9.165661700058771455e-01 9.105698050049452208e-01 9.134317671708721553e-01 9.132606029901437772e-01 9.174203134604352883e-01 9.204450650308482196e-01 9.231264590732363162e-01 9.169972624293787344e-01 9.190609575187178582e-01 9.183372897950384806e-01 9.116847233494912439e-01 9.109134342761610048e-01 9.186313248344050164e-01 9.160228473454324893e-01 9.221491665942324056e-01 9.178719485209910767e-01 9.204552313073278702e-01 9.249480690495047730e-01 9.245115217156226750e-01 9.084379719821270571e-01 9.183324948018113387e-01 9.151693952454243997e-01 9.136846149802095862e-01 9.223443671172020242e-01 9.154872902600588169e-01 9.221458040960259783e-01 9.191789669629244486e-01 9.182596407442362718e-01 9.150138140496488770e-01 9.193296401642327975e-01
1.818249541003264316e-02 1.298886907745094021e-01 2.941197498970622437e-01 5.158239754829143653e-01 4.034498389033156496e-01 4.876293073559986868e-01 6.928157215447648953e-01 7.041922318557428673e-01 7.479092518185412874e-01 7.016473550024967532e-01 7.632316996664894049e-01 8.237354807979627713e-01 1.000000000000000000e+00 7.549305350091013445e-01 8.420658586517528743e-01 8.396845005719842936e-01 7.512956672619396370e-01 7.004120737171192213e-01 7.197644826308671195e-01 6.416164584806384186e-01 6.616195739649836094e-01 7.377096842930761511e-01 6.981828160831988761e-01 6.954037694958432603e-01 7.030913242403334928e-01 8.097718956166252147e-01 8.201565153990991730e-01 8.121378763011732893e-01 7.561480219343598153e-01 8.126658292473561973e-01 8.440840579026936963e-01 8.130068064937778782e-01 7.822182397964112521e-01 7.794439735122925539e-01 7.946743462782169809e-01 7.904305968359534029e-01 8.297211835836042493e-01 8.089721146347025327e-01 8.410258094317272226e-01 8.038824148206951126e-01 8.547400906194005943e-01 8.481599509693056316e-01 8.287093410783638037e-01 8.623476952400996876e-01 8.568288903451319882e-01 8.508509591651046700e-01 8.664766224555224827e-01 8.637657041729542851e-01 8.609980917600421613e-01 8.078760497284607212e-01 8.292568799379657074e-01 8.243560016579071226e-01 8.572751584427724669e-01 8.582740130820025737e-01 8.460600556637084546e-01 8.455530502450073760e-01 8.374814575272607753e-01 8.622785120319009788e-01 8.450820975109077926e-01 8.741884066158704947e-01 8.603153734436718159e-01 8.608953320417908062e-01 8.531406499393427989e-01 8.670173361379658328e-01 8.576548171038422819e-01 8.631920671446120519e-01 8.696667224716989608e-01 8.598922931569988881e-01 8.558842663167115505e-01 8.549748597153937757e-01 8.587420183057595802e-01 8.605069763017701989e-01 8.457447327235949608e-01 8.476834500809771189e-01 8.675634887639487314e-01 8.665313166454636784e-01 8.590329121063834394e-01 8.479040031628862772e-01 8.563748531605518410e-01 8.576197672469489941e-01 8.628153410905778919e-01 8.683290884759320427e-01 8.649156969385337623e-01 8.609139010131947600e-01 8.516444525203946680e-01 8.575115206278394187e-01 8.654147928242379439e-01 8.592626010399030401e-01 8.627277506923685113e-01 8.668306459904295824e-01 8.592075015420815864e-01 8.687151957223760990e-01 8.705278930820082861e-01 8.677928009471681525e-01 8.692028271006406737e-01 8.700983627764814488e-01 8.476561626392531412e-01 8.535992627758608453e-01 8.654343566542180843e-01 8.640902615524111985e-01 8.661479516704232440e-01 8.607608237121499029e-01 8.677896322174900590e-01 8.711159447253379318e-01 8.690536796681729292e-01 8.542662585476070713e-01 8.669610369306648412e-01 8.689514126750714773e-01 8.661813525132204816e-01 8.710109488155560742e-01 8.638704181788268155e-01 8.742993851324990517e-01 8.679820942817439988e-01 8.692623514791228967e-01 8.690874404366085715e-01 8.716387801336626939e-01
