1.000000000000000000e+00 1.551079220528705505e-01 2.395200437156561335e-01 2.008246970947882293e-01 2.301354044206535055e-04 2.483673911480409335e-02 1.181432147567622604e-01 1.024512251385369527e-01 1.635237006450785402e-01 1.313761086364250708e-01 7.315623932648401828e-02 7.918287192638824579e-02 3.451829350550294356e-02 7.734745654385043190e-02 6.135387636796528488e-02 7.119751803218236919e-02 1.571643633734918777e-01 2.101039738189141581e-01 1.759838322546402878e-01 1.443897331107182880e-01 1.949053869336656586e-01 1.479918002848840120e-01 1.875355535062766532e-01 1.543970369133636777e-01 1.564536077371510570e-01 1.479128321021247472e-01 1.319080860286750423e-01 8.912720381598394914e-02 1.127234504601694609e-01 1.165845225135747759e-01 1.428671855221882447e-01 1.121287182921330700e-01 4.898408406832020778e-02 8.315895109312683442e-02 4.858111941342010964e-02 6.006891922976541343e-02 5.778782376288328637e-02 5.297455164079196283e-02 4.949550566593167999e-02 4.783375774107059830e-02 3.844417392915203124e-02 4.359127840243407631e-02 6.037614936059402387e-02 7.012369410048435725e-02 8.306311459817840304e-02 4.210051738264412868e-02 1.503120050796427458e-02 2.896412059513456261e-02 2.718797580032561445e-02 4.778443418676221049e-02 7.151940502901514563e-02 5.157895075141803037e-02 4.971351077030000676e-02 6.493039584374388218e-02 7.314851092387761322e-02 6.708736324025996178e-02 7.642117935641672133e-02 4.897244837866226302e-02 4.310741855720644916e-02 4.260172846857785550e-02 3.326734097243408406e-02 6.128180423380138325e-02 4.685544349794464741e-02 6.285893654640832551e-02 9.238217877093729546e-02 4.669966440224528059e-02 4.473310246485413116e-02 7.439258631221624951e-02 8.337349117970571655e-02 6.293269260529847642e-02 7.007297568725151526e-02 6.896631915956884240e-02 8.097170405483150590e-02 7.209430003939358567e-02 6.637407213468954348e-02 4.596015216748500914e-02 5.092774155227294819e-02 5.310723665259692999e-02 5.938750521867716681e-02 6.019370934137763945e-02 5.301659199539170142e-02 6.158803423555966189e-02 6.985428398375619075e-02 4.192028327345488636e-02 3.171410390239407656e-02 4.288347989477003103e-02 4.550781974704711658e-02 3.389531659248332107e-02 3.103137905193264004e-02 5.601864022301368540e-02 2.780935783979961509e-02 1.580063034013986026e-02 4.311271068995307931e-02 3.108850800514048260e-02 9.881830781354490958e-03 8.761677167315970807e-03 1.749569636826237354e-02 6.094266001229631247e-02 1.988445860863736342e-02 3.613181961722885388e-02 2.379036652208629463e-02 3.386933315353712892e-02 3.062345565444507534e-02 1.845699529036622100e-02 3.189153588637633902e-02 3.206901153592105896e-02 3.186798529414494596e-02 2.772736969146045310e-02 3.284257520589465434e-02 2.771389179888712750e-02 2.294035726622923113e-02 1.822672044399358676e-02 2.261032963645343008e-02 3.836335347959831527e-02 4.851105300182517038e-02 3.938453125129886406e-02
1.551079220528705505e-01 1.000000000000000000e+00 7.337156754093906996e-02 9.265900396481822898e-02 8.460903112001777471e-02 4.676103139813159171e-02 1.743041715526144064e-01 1.577212570482739162e-01 2.026927961608062378e-01 2.306328956972760191e-01 1.466356672864500277e-01 1.503878534399043787e-01 1.529019178368173915e-01 1.376745221213009907e-01 1.801361652339730779e-01 1.621179697647787965e-01 2.023637352383033938e-01 9.924305327116902942e-02 8.845145239617929755e-02 5.142330340093025087e-02 4.486924886900200277e-02 7.802020200570691788e-02 1.490865676217382751e-01 4.884242721433890849e-02 5.878059369453609434e-02 1.992366243552793348e-01 1.774061068644631756e-01 1.538841857008623193e-01 1.261322584077590736e-01 1.410201526371872849e-01 1.574087018317703590e-01 1.473995641103362508e-01 1.089960944683217997e-01 1.198033530875975555e-01 1.065389693197141135e-01 9.782001160699461961e-02 1.248837130627993564e-01 1.789057959578976009e-01 1.388745521177748576e-01 1.264139662513188711e-01 1.675015740637876838e-01 1.668705116277426903e-01 1.422877529908667116e-01 1.525741383305619370e-01 1.438130890053947175e-01 1.543813461413388322e-01 1.624813795869500532e-01 1.747715449603721161e-01 1.568075463530793634e-01 1.131892607723595096e-01 1.419924229137955185e-01 1.047726317947116903e-01 1.437604247979925032e-01 1.851809407799278606e-01 1.732251268876415229e-01 1.602443101451996310e-01 1.512233957520182359e-01 1.766859383765813363e-01 1.666300121663593647e-01 1.683207361779216205e-01 1.435503068491832124e-01 1.724705023220447497e-01 1.451833539877744328e-01 1.588681954439965238e-01 1.690795135370534441e-01 1.503924920299041235e-01 1.785808475065460144e-01 1.630545771999588056e-01 1.688887179570871810e-01 1.417155895477084926e-01 1.259698913432708567e-01 1.476301955405797672e-01 1.340255901264323091e-01 1.179711040455761473e-01 1.839217103249132235e-01 1.664345811788424945e-01 1.647722283622894690e-01 1.571378838395958155e-01 1.698466818684849777e-01 1.681836315304846841e-01 1.495063703094842988e-01 1.617381404198379169e-01 1.745498009564548370e-01 1.516234782873355780e-01 1.360457341361182571e-01 1.423965141112213117e-01 1.452907317965049794e-01 1.614044129222263757e-01 1.552498441501012072e-01 1.620256640050915797e-01 1.507409161038719414e-01 1.559792850203540471e-01 1.559072652572296991e-01 1.557016848236305318e-01 1.550079532917219283e-01 1.680663713853076113e-01 1.009072027980831010e-01 1.384082240546398168e-01 1.461414889583530774e-01 1.447483748613641596e-01 1.438648848091031440e-01 1.427844021961591214e-01 1.554809364585719722e-01 1.494710981555275875e-01 1.397091914898468956e-01 1.531194710774297363e-01 1.561237615458238581e-01 1.713413584523311717e-01 1.561115209124578074e-01 1.649423757145542513e-01 1.607846416144724788e-01 1.668692284519529556e-01 1.628889636084243087e-01 1.582504548749274487e-01 1.612583878434435403e-01 1.610665735871478765e-01
2.395200437156561335e-01 7.337156754093906996e-02 1.000000000000000000e+00 4.644234798019725163e-01 1.656247311470323003e-01 2.505026109905081899e-01 3.838355310664614550e-01 3.924073585733919844e-01 3.662899100215383230e-01 3.301356664448539813e-01 3.536847592930522644e-01 3.925384795807438931e-01 3.056540534838806944e-01 3.495285559667437592e-01 3.767265044167749655e-01 3.669599249929985652e-01 3.534998681138185050e-01 4.225753110143707914e-01 4.307769931658000928e-01 3.318082753435250831e-01 4.376960231835668735e-01 4.502883872468366744e-01 4.164724784604913466e-01 4.098152229923482381e-01 4.411563732813453265e-01 4.279868219523747519e-01 4.264130401352163036e-01 4.018457105201368451e-01 4.004538018589672843e-01 4.100666981298024538e-01 4.239596892872540823e-01 3.987289085079364637e-01 3.626475736030780883e-01 3.781769837780527554e-01 3.714447162405857816e-01 3.588016649656145529e-01 3.591666169010745979e-01 3.605853027035205716e-01 3.650521141194955077e-01 3.777901786372065973e-01 3.558994548397441671e-01 3.693434954027595141e-01 3.753322410533370679e-01 3.885396056875174975e-01 3.913511246246140773e-01 3.621311868998164929e-01 3.306713219510483692e-01 3.362312140037138630e-01 3.317818489831907969e-01 3.552130254626113537e-01 3.781933502073220876e-01 3.720469934045591565e-01 3.621787689474439964e-01 3.601427879875050975e-01 3.802357449973087777e-01 3.654378835517401725e-01 3.677473637574779075e-01 3.675486709422208231e-01 3.564408994700061784e-01 3.543319298081613611e-01 3.631518578375389494e-01 3.575319784363552023e-01 3.597391342596457098e-01 3.624209353559278979e-01 3.701422266904168534e-01 3.490500837340887452e-01 3.465684153890190022e-01 3.860849220117314462e-01 3.912668435110549514e-01 3.652228014411407209e-01 4.024006833248133796e-01 3.923551813737816696e-01 3.958855396510797542e-01 3.963808533374041376e-01 3.782514716408827971e-01 3.593729236730366927e-01 3.625609933409792984e-01 3.604228514951685614e-01 3.722667600283416922e-01 3.616461149926838980e-01 3.595517907871667029e-01 3.739819090106112354e-01 3.737257650309954160e-01 3.599203553247491416e-01 3.552219974358475363e-01 3.613956123967371203e-01 3.603764267072097072e-01 3.567449271114306875e-01 3.548930788832179162e-01 3.690799290629891427e-01 3.598431101424358625e-01 3.423926333319063375e-01 3.613089882284492016e-01 3.536162366246781708e-01 3.288208137301888989e-01 3.218345958249795857e-01 3.567738729763735850e-01 3.620304139099160268e-01 3.393770007822188850e-01 3.506250685613118701e-01 3.517695033634309354e-01 3.512160067716621481e-01 3.441665678884445745e-01 3.438454216614578174e-01 3.561372820884065593e-01 3.438857484371096174e-01 3.380957905812964071e-01 3.404571860329299593e-01 3.579680033431777431e-01 3.420148592766988349e-01 3.460758709131550037e-01 3.310998875869424762e-01 3.372153805083746292e-01 3.454049730447898980e-01 3.543440577002205383e-01 3.452656395698237013e-01
2.008246970947882293e-01 9.265900396481822898e-02 4.644234798019725163e-01 1.000000000000000000e+00 3.318477853533380317e-01 4.143495382968384044e-01 6.277216899897342106e-01 5.917258552989789200e-01 5.610685570358258101e-01 5.026083814009201234e-01 5.760492692974301665e-01 6.536390001837013575e-01 5.318797957583571989e-01 5.665040878338041264e-01 6.173950059851622818e-01 6.091662344778014937e-01 5.393115024321315509e-01 5.221646892273815732e-01 5.536210627869370127e-01 4.995234052139133629e-01 6.150476152397081897e-01 6.307181746833538938e-01 6.018675613900651422e-01 5.508084090191623927e-01 6.140668719585415936e-01 6.421311050369157281e-01 6.606338623446078584e-01 6.426077878589521175e-01 6.229092103447289031e-01 6.164122293123291962e-01 6.481772923658479790e-01 6.069225947833608581e-01 5.823277007272111838e-01 5.787027911718384265e-01 5.857017994782108827e-01 5.962823187240486877e-01 5.753654775124615872e-01 5.937938025951646770e-01 5.991514477116974824e-01 6.336548373713604132e-01 5.865919886120745108e-01 6.080384419091933168e-01 6.242025190595112960e-01 6.363226054641534235e-01 6.288279486484789071e-01 5.973202799434820243e-01 5.644155481412208575e-01 5.672892476196496059e-01 5.717707562627720730e-01 5.945810087287771717e-01 6.126858086719679797e-01 6.319037980403373611e-01 6.133564944705514055e-01 5.729620194870537198e-01 5.934392961019842039e-01 5.937838041709455617e-01 5.998567613521488262e-01 6.065932519317487337e-01 5.807305395236644907e-01 5.917314276737112300e-01 5.927331543004237258e-01 5.887882873696348440e-01 5.963116622790120003e-01 5.951371874230586556e-01 6.038264693429442609e-01 5.859822757734659548e-01 5.749809723667562711e-01 5.907748675756138157e-01 6.077757331370752247e-01 5.964645016401195488e-01 6.353739774997506640e-01 6.188072390524549382e-01 6.049365935866843902e-01 6.195564575274491448e-01 6.171086301850997602e-01 6.030401365191609964e-01 6.068034528642665126e-01 6.022854478790617971e-01 6.062672974879234067e-01 5.878712790354594375e-01 5.875313818937158983e-01 6.069746472675275895e-01 6.121242996688057714e-01 5.829641834672542045e-01 5.818279227133861253e-01 5.861733610144683748e-01 5.875083215088955368e-01 5.967349312205340039e-01 5.889635006611688706e-01 6.175133687179834574e-01 6.016484088350012582e-01 5.859375177246306521e-01 6.009690633981308316e-01 5.962886131577588289e-01 5.666444372830518050e-01 5.564853657870363346e-01 6.061510705069538263e-01 6.016745892835489995e-01 5.817854886887670052e-01 5.890839926648362423e-01 5.965817183279763514e-01 5.928955642847392182e-01 5.879271792962316168e-01 5.877252154004135587e-01 6.031237330823178144e-01 5.834970171519934246e-01 5.738689833866061907e-01 5.739455479620978462e-01 5.978008390614221179e-01 5.827742925684951114e-01 5.896270715201964441e-01 5.705170345330119464e-01 5.746590086597437308e-01 5.762173986620294786e-01 5.872476945599789389e-01 5.863290347037285466e-01
2.301354044206535055e-04 8.460903112001777471e-02 1.656247311470323003e-01 3.318477853533380317e-01 1.000000000000000000e+00 3.535462012818757493e-01 4.799539048023191978e-01 4.576719534243287035e-01 4.629228512710661936e-01 4.235270797061331249e-01 4.824172700590300122e-01 5.039956162590865096e-01 4.949850999845123445e-01 4.646660314433018746e-01 5.214648861446220529e-01 5.204791843258299577e-01 4.475809474339314531e-01 3.001319683164570540e-01 3.118281660241380426e-01 3.178230188907867904e-01 3.611963664174290267e-01 3.590912660175246685e-01 3.734466747164641998e-01 3.448598368588694507e-01 3.479705378233066693e-01 4.480133203310279200e-01 4.724919931246764904e-01 4.887661272213457142e-01 4.507397511014865632e-01 4.801672389771598493e-01 4.718006503951916453e-01 4.838404604696039946e-01 4.957418374661110572e-01 4.801208995254989120e-01 4.977651257017224884e-01 4.782993839080553200e-01 4.903898122914581714e-01 5.189538053542566143e-01 5.160987846667086654e-01 5.130640108984568792e-01 5.224318511911166807e-01 5.167449803263890473e-01 5.117294503252439730e-01 5.214229343201493005e-01 5.050927292195476204e-01 5.115329620459933002e-01 5.240861884809658866e-01 5.199816144708375720e-01 5.301762645489179748e-01 5.201335487108421640e-01 5.197217515704014579e-01 5.133018307591571405e-01 5.185646151559254458e-01 5.057455959917421806e-01 5.059011600543040776e-01 5.227727849896285361e-01 5.246265804442744596e-01 5.226838614728085419e-01 5.246172886058415585e-01 5.226999194404663429e-01 5.270867826788249166e-01 5.168202318567428621e-01 5.254574733629032712e-01 5.175599026566441996e-01 5.052301099881102431e-01 5.221746054423834771e-01 5.128392846170354291e-01 4.859435318147671823e-01 4.971168773670324170e-01 4.947230059262617274e-01 4.912544937769836029e-01 4.929532759396974551e-01 4.751684868819543439e-01 4.852881239832901872e-01 5.103003680512978590e-01 5.208083680467022747e-01 5.130989586936476332e-01 5.053932841992405667e-01 5.058146549122033431e-01 5.062284511943248022e-01 5.095502323599835348e-01 5.115770515058682966e-01 5.098715716727468816e-01 5.120656840435223733e-01 5.246320446490582157e-01 5.159635709532764958e-01 5.093640117270751277e-01 5.195330900418198006e-01 5.190676595651118053e-01 5.172216987789322040e-01 5.248885971564576369e-01 5.282236265183856139e-01 5.210507716303509618e-01 5.213308236944210750e-01 5.258714538492406110e-01 5.238721468754876653e-01 5.249651407121591618e-01 5.242745982536887173e-01 5.286421387681858874e-01 5.243038703383539056e-01 5.261474457363222168e-01 5.276157773878800139e-01 5.194078444319637500e-01 5.261692525815234722e-01 5.266355138378479017e-01 5.280884525725829670e-01 5.263157569685312787e-01 5.168161311244862111e-01 5.183821493328562013e-01 5.276092490920837319e-01 5.252854246777989289e-01 5.242867057728781699e-01 5.255149138154370236e-01 5.199101504054060019e-01 5.191998854819935838e-01 5.238165014281971343e-01
2.483673911480409335e-02 4.676103139813159171e-02 2.505026109905081899e-01 4.143495382968384044e-01 3.535462012818757493e-01 1.000000000000000000e+00 5.356945788354775528e-01 4.983962784768579124e-01 5.336281784990571930e-01 4.865095566734681243e-01 5.631194336085476593e-01 5.893643558048764497e-01 5.306196697104066384e-01 5.402173902657863014e-01 5.877422097350037955e-01 5.807730147974723423e-01 5.237040543425236505e-01 4.427255776078422578e-01 4.869622521766016621e-01 3.932357249359303419e-01 4.835982687854866735e-01 5.131389789879150509e-01 5.321614115267512268e-01 5.000734419874862668e-01 5.296363103287168306e-01 5.652044298112265386e-01 5.730954715411542555e-01 6.025298192984414047e-01 5.526422265637037645e-01 5.840992346284644698e-01 5.893510488103733680e-01 5.888352025253443811e-01 5.925118997226331841e-01 5.749558620996927383e-01 5.936293032296159344e-01 5.917658609917704204e-01 5.969824184813763424e-01 5.933737542811684529e-01 6.090795220382975161e-01 6.168644572363627399e-01 6.039786120522284696e-01 6.086063683030821236e-01 6.087664117074992332e-01 6.110126415977020775e-01 6.127835941407765441e-01 6.097700817489769554e-01 5.993722237953513776e-01 6.014162592889639170e-01 6.000922067387490788e-01 5.815277361713698800e-01 6.052271880873134613e-01 5.938398218856606459e-01 6.032123973823750873e-01 5.936254023571150285e-01 5.972106948844834173e-01 6.020950038678735128e-01 6.019165635483250121e-01 6.035746500784195945e-01 6.034453565771932260e-01 6.046494278859652072e-01 6.176928767154993283e-01 5.945971963188414477e-01 6.002938709343319523e-01 6.069410323934318896e-01 5.942602238470459097e-01 6.052178253154039123e-01 5.956002045140297296e-01 5.991110426289117941e-01 6.022004560661972095e-01 5.859609343058562736e-01 6.081277183763746930e-01 6.063434344037124113e-01 5.987902516507012107e-01 6.132518785862269839e-01 6.046851539709005019e-01 6.063608423671985603e-01 6.027554745064654940e-01 5.948554652699327150e-01 6.028806445865805275e-01 5.963438622930351540e-01 6.025202886073935948e-01 6.052862254777992002e-01 6.062123659773540618e-01 6.011149601652849839e-01 5.989745506846841927e-01 6.056140293026212040e-01 6.054624175127878427e-01 6.082308119922578138e-01 6.099644924751707054e-01 6.090852061745292145e-01 6.150641324953193267e-01 6.071440333061458583e-01 6.083683384236396874e-01 6.088958985746993902e-01 6.006499461523701067e-01 5.973261201166546464e-01 6.052025530352596050e-01 5.965279044668814201e-01 6.018607266492360663e-01 6.012327705964869429e-01 6.065382738500879611e-01 6.013308818957007196e-01 6.002689395169684694e-01 6.015078169363031746e-01 6.094554475751168265e-01 5.991807584054402724e-01 5.984046409068957129e-01 6.021168346998013732e-01 6.106493780154464979e-01 6.017226799443382568e-01 6.026965867370522867e-01 5.982558772757369248e-01 6.002995976983753756e-01 5.943844558520752219e-01 6.002876076401283401e-01 6.025734895779785161e-01
1.181432147567622604e-01 1.743041715526144064e-01 3.838355310664614550e-01 6.277216899897342106e-01 4.799539048023191978e-01 5.356945788354775528e-01 1.000000000000000000e+00 7.585261360770796379e-01 7.442895087172001212e-01 6.825517363827596773e-01 7.572514226038696838e-01 8.177461481736647553e-01 7.369408563248984745e-01 7.454718106184621274e-01 8.479336675314083083e-01 8.283503051333589440e-01 6.975586793661000540e-01 5.506120930804940805e-01 5.638619690426549536e-01 5.604582582132627833e-01 6.361836374580982501e-01 6.297193488122589944e-01 6.562259349221087890e-01 5.832334381270509738e-01 6.188350046636924562e-01 7.585541993721816034e-01 7.858772552975653580e-01 8.088230708275069292e-01 7.366891407157417637e-01 7.739106698216878799e-01 7.781126682285213203e-01 7.706542629630154240e-01 7.766695656621067645e-01 7.428497684123459566e-01 7.709667830891990814e-01 7.433902969943945171e-01 7.557937433350161438e-01 8.100398674359533535e-01 8.005265593133460422e-01 8.244162313624171512e-01 8.106235337687462961e-01 8.214035801528557501e-01 8.029659986416510797e-01 8.300065964739649083e-01 7.982511610085848419e-01 8.071664905778426213e-01 7.997736572433845614e-01 7.972761967536575733e-01 8.060556267564529254e-01 7.993384770051557009e-01 8.199781010317911401e-01 8.044278374157953770e-01 8.149041736312648831e-01 7.872601985430386362e-01 8.006282693840297560e-01 8.029706910927556507e-01 8.102072657148839951e-01 8.150290421421384490e-01 8.177429346090253626e-01 8.061683803754017275e-01 8.203627292921915615e-01 8.044643049723200212e-01 8.098173403445947383e-01 8.017135457363977480e-01 7.863379327972803701e-01 7.932905641339390579e-01 7.929453398652837048e-01 7.737037860189280858e-01 7.933370280624783000e-01 7.883105591931645062e-01 7.912995250025491867e-01 7.858580014148722759e-01 7.628370787787374097e-01 7.757362304459533009e-01 8.173790579972666226e-01 8.154522712874795465e-01 8.149141526696691562e-01 7.954904891503028486e-01 8.099355507607952642e-01 7.955223485449129939e-01 7.933102632432574852e-01 8.005967667703948187e-01 8.058383829949263832e-01 8.013566581893100116e-01 8.049759852528205473e-01 7.909397291611440783e-01 7.882786266319564694e-01 8.164638353554706240e-01 8.083002741552384185e-01 8.112210207866131784e-01 8.236645268298091738e-01 8.139948569744998030e-01 8.064228502187077430e-01 8.120357853684865290e-01 7.971765611365095872e-01 7.925330025806351930e-01 8.158943635773918679e-01 8.123142273849098816e-01 8.053175563919251490e-01 8.133022125131451618e-01 8.117760132940156081e-01 8.103138995381080623e-01 8.051534881885733519e-01 8.067232092647201869e-01 8.088672837659175441e-01 8.065269327987832915e-01 8.053565251201812991e-01 7.971667166958269490e-01 8.086484713321433482e-01 8.079385581174953757e-01 8.129797345454105040e-01 8.001109102856430733e-01 8.023380321451532016e-01 8.001454522243921508e-01 7.974139752101777612e-01 8.029319032920851917e-01
1.024512251385369527e-01 1.577212570482739162e-01 3.924073585733919844e-01 5.917258552989789200e-01 4.576719534243287035e-01 4.983962784768579124e-01 7.585261360770796379e-01 1.000000000000000000e+00 7.373369731916401548e-01 6.831859306339239657e-01 7.376609672183274125e-01 7.985297937024473658e-01 7.239270408523595934e-01 7.389489249743727006e-01 8.106188330472627879e-01 8.248799007413485374e-01 7.218244857545311755e-01 5.876068113882364496e-01 6.005138986487547070e-01 5.185529514361894021e-01 6.471036038246978928e-01 6.525292031506924051e-01 6.458027155894789928e-01 6.053656696973758189e-01 6.367900604630807315e-01 7.546476079586535990e-01 7.858147884271737826e-01 7.910023598951881896e-01 7.315790451815604722e-01 7.681751043682665259e-01 7.713216558342594897e-01 7.667453003543158729e-01 7.540473139472245734e-01 7.502916811013845555e-01 7.536680737472913894e-01 7.230872310017140148e-01 7.494034045899229390e-01 7.957704570519829046e-01 7.859381183999500919e-01 7.844396444531811508e-01 7.946133580395571272e-01 8.013761762213972295e-01 7.877566193977744158e-01 8.125870899496767663e-01 7.859857604529199016e-01 7.894388910668886927e-01 7.882492512698616727e-01 7.924462429036154276e-01 7.956306221680560231e-01 7.806268618771911028e-01 8.092036064124672468e-01 7.879902523709173545e-01 7.969550548809012369e-01 7.942434742794793889e-01 8.019959934637631571e-01 7.997667854610275295e-01 8.068517096917783293e-01 8.090429305839561547e-01 8.043744586727207269e-01 8.032119929115174584e-01 8.071093207015678228e-01 8.010484500299530630e-01 8.035214330001475558e-01 7.975122725894975284e-01 7.946157466503421807e-01 7.892403533047416264e-01 7.922310623306174637e-01 7.869727071820301623e-01 7.937426823190087966e-01 7.702187055214848588e-01 7.952091892680895890e-01 7.922093566014252186e-01 7.674103659269458921e-01 7.784413469102239302e-01 8.094539740402828532e-01 8.043600179106377146e-01 8.038863959480940791e-01 7.892629392689859413e-01 8.010461746088450852e-01 7.870164951885795235e-01 7.889905634989765604e-01 7.931337584265676366e-01 8.000941208182260622e-01 7.947578507391164226e-01 7.971294491459461895e-01 7.873532446460783651e-01 7.833227783573103453e-01 8.052413491675933788e-01 7.975638790811796497e-01 8.057288245137176341e-01 8.064543945553758197e-01 8.021802690496487864e-01 8.002479227648343629e-01 8.014321263844522703e-01 7.920639514101955880e-01 7.884486256678809868e-01 7.999360266184222246e-01 8.064326866260992377e-01 7.995231634296429135e-01 8.054695282249552113e-01 8.019101471228055056e-01 8.043431905056871445e-01 7.989413225154495812e-01 8.011616588502290526e-01 7.999770765234885950e-01 8.030893127536991027e-01 8.000588872651605010e-01 7.930082957264725785e-01 8.053416349521781425e-01 8.019927167966875992e-01 8.059690826520732321e-01 7.937916055623757128e-01 7.965635317367246726e-01 7.968128323315586403e-01 7.959463147377514591e-01 7.977109088464832132e-01
1.635237006450785402e-01 2.026927961608062378e-01 3.662899100215383230e-01 5.610685570358258101e-01 4.629228512710661936e-01 5.336281784990571930e-01 7.442895087172001212e-01 7.373369731916401548e-01 1.000000000000000000e+00 7.868694147615281631e-01 8.084094996135983147e-01 8.430766324168106340e-01 7.659975192287502566e-01 7.885114589403726670e-01 8.572856558729352594e-01 8.509773653620247291e-01 8.188897693639689557e-01 6.554762642894772506e-01 6.630971550494393352e-01 5.398331735201982173e-01 6.542629702509630274e-01 6.852331302435874516e-01 7.256981497356087552e-01 6.683138955595435693e-01 6.935844568583676706e-01 8.216481436987794762e-01 8.361505180142413396e-01 8.527632490179908320e-01 7.843875381096110377e-01 8.558086412185671454e-01 8.428132293702033095e-01 8.425507858551642970e-01 8.167098862632385936e-01 8.107779478797615402e-01 8.254659299948254869e-01 7.895860975928024050e-01 8.357305656310524133e-01 8.691758806961260575e-01 8.649681122033197056e-01 8.302276933130064984e-01 8.731421903838630927e-01 8.716598985137632427e-01 8.514872056454240168e-01 8.785400527130979853e-01 8.597975922586066355e-01 8.682882863117450389e-01 8.683407275003736103e-01 8.773008575349946492e-01 8.711945656077781930e-01 8.264693594918787189e-01 8.727554869077068789e-01 8.171521300790940412e-01 8.549108491974946045e-01 8.801109107049075453e-01 8.768919769663344743e-01 8.717991003353253721e-01 8.760711630224311541e-01 8.727604274987016408e-01 8.754918837756154870e-01 8.790252205539806907e-01 8.680865856962826088e-01 8.804396363533285585e-01 8.699895098892770351e-01 8.800421357658282373e-01 8.760573161391669306e-01 8.686694906293047636e-01 8.799021193319652712e-01 8.737066789685498103e-01 8.793934288054716664e-01 8.428459848388710762e-01 8.523001371658868175e-01 8.679453071513417717e-01 8.469002634094329185e-01 8.532186298884127940e-01 8.822526327417831160e-01 8.770588457130555904e-01 8.770332915697530707e-01 8.600856296054198991e-01 8.757491819247741338e-01 8.713212210339652541e-01 8.717941931072127337e-01 8.735512463033459074e-01 8.770619520433633465e-01 8.698961031040925995e-01 8.573830596494655953e-01 8.644866200922547428e-01 8.631310466843108431e-01 8.735104938603305280e-01 8.728280893817392805e-01 8.735146012668082438e-01 8.707776566481780778e-01 8.726366794960697115e-01 8.725673534481034332e-01 8.756657294959186988e-01 8.686410660302896769e-01 8.700577932472418619e-01 8.329136052067999119e-01 8.648279310245240437e-01 8.661487656914005351e-01 8.698638579285965511e-01 8.651326901906785105e-01 8.685363116733395561e-01 8.682737917354287349e-01 8.687461793676642952e-01 8.633100459071986199e-01 8.677222438622378409e-01 8.752074563663841955e-01 8.766606337727463893e-01 8.727448046197080478e-01 8.765890998208017981e-01 8.709790108035143641e-01 8.724756849101834577e-01 8.726027361653105885e-01 8.738593182468653575e-01 8.798780391962729430e-01 8.749705962880954813e-01
1.313761086364250708e-01 2.306328956972760191e-01 3.301356664448539813e-01 5.026083814009201234e-01 4.235270797061331249e-01 4.865095566734681243e-01 6.825517363827596773e-01 6.831859306339239657e-01 7.868694147615281631e-01 1.000000000000000000e+00 7.530156798499451076e-01 7.805258766599356690e-01 7.107896764138023071e-01 7.440014782459223319e-01 8.090472779106772094e-01 7.990842974777228047e-01 7.709114919155908296e-01 5.814257228398332922e-01 5.879120586597303966e-01 4.778299719992456507e-01 5.612984187454662655e-01 6.100974993480214881e-01 6.669164026525497002e-01 6.025226502762310865e-01 6.201472828329247511e-01 7.699237187860641374e-01 7.836077105885818073e-01 7.783289615870445655e-01 7.244189576913289130e-01 7.893322688541438703e-01 7.886525415594276556e-01 7.867966065431646339e-01 7.469040209428573496e-01 7.614380188550144979e-01 7.640972205921234828e-01 7.420281244342933347e-01 7.829581678640918918e-01 8.157598360493191203e-01 8.106244832997910876e-01 7.684392916355901049e-01 8.194145155775836020e-01 8.154983702554807756e-01 7.958253925802051265e-01 8.220200788936870007e-01 8.027523951837368665e-01 8.110602036374007229e-01 8.219639577158225352e-01 8.341895941199033437e-01 8.222795658008863473e-01 7.787787659181559796e-01 8.221915115994019585e-01 7.677174502672737821e-01 8.057217819537447756e-01 8.350768844640314992e-01 8.242036363533671306e-01 8.176581017410887720e-01 8.226732014539789306e-01 8.271061551135607814e-01 8.262887826943110525e-01 8.302019499903708910e-01 8.142070821620636112e-01 8.330982108874196435e-01 8.186901778523947293e-01 8.288891847402435342e-01 8.287546229907439832e-01 8.176506595831054547e-01 8.368387148847176160e-01 8.209595362467334567e-01 8.297293417624137524e-01 7.909564295725748373e-01 7.897396093805711947e-01 8.103325577677902292e-01 7.945130021925442820e-01 7.925750606190697933e-01 8.355630275665895113e-01 8.238494921483143774e-01 8.249964835354473003e-01 8.142598347512720602e-01 8.279314426803523475e-01 8.252392664277078405e-01 8.224770391163903627e-01 8.257088613138997557e-01 8.312713168965120136e-01 8.200091496854380324e-01 8.131346678011860396e-01 8.176427551816914940e-01 8.163999980070812956e-01 8.304051232444109587e-01 8.277660302254369329e-01 8.274521361606452796e-01 8.166470919290800268e-01 8.238586239974315939e-01 8.263011024364271817e-01 8.274944462133270173e-01 8.239818273496086753e-01 8.282535631554469591e-01 7.839251790946543119e-01 8.157640181850569494e-01 8.212895162032824992e-01 8.251114906333455457e-01 8.208638627007061039e-01 8.234799623512000233e-01 8.241590923201735919e-01 8.243670703665556543e-01 8.175744795689708910e-01 8.216240803732951514e-01 8.306429113382584051e-01 8.341078125322870518e-01 8.277560817491123046e-01 8.304985915483499292e-01 8.278862938205179267e-01 8.293448941528092089e-01 8.289704763420545630e-01 8.327870524420162290e-01 8.318867298828932499e-01 8.280340235134363569e-01
7.315623932648401828e-02 1.466356672864500277e-01 3.536847592930522644e-01 5.760492692974301665e-01 4.824172700590300122e-01 5.631194336085476593e-01 7.572514226038696838e-01 7.376609672183274125e-01 8.084094996135983147e-01 7.530156798499451076e-01 1.000000000000000000e+00 8.683664903991455963e-01 7.874324650932896796e-01 7.907572770961109887e-01 8.756698444200514686e-01 8.622623893557207486e-01 7.938045189412439306e-01 6.158987881920481300e-01 6.632909193046238050e-01 5.328299075018820830e-01 6.618302904524588914e-01 7.106692668606950924e-01 7.111091371334327116e-01 6.626995467044832777e-01 7.071832688798405098e-01 8.097477565317583448e-01 8.475090889646121894e-01 8.589997979829293584e-01 7.989380967229131603e-01 8.593111132444261058e-01 8.584431153331228970e-01 8.375063538172593525e-01 8.345859846405642157e-01 8.186727236700550581e-01 8.431242103786775743e-01 8.199998263994227043e-01 8.477527673013397491e-01 8.736944383177468465e-01 8.795208458539224283e-01 8.615200590421430160e-01 8.782261611502925058e-01 8.827195167813971510e-01 8.740719179776293979e-01 8.887898935106360865e-01 8.764110869348873400e-01 8.804180246588063641e-01 8.838848290375005412e-01 8.843693265564606110e-01 8.848726455411363157e-01 8.507914872000313933e-01 8.863415985572810074e-01 8.573444614438159306e-01 8.767399704399482241e-01 8.787035758905469285e-01 8.768493911165439192e-01 8.769620612417928784e-01 8.857404332456533247e-01 8.839318062034239309e-01 8.841263497780735836e-01 8.896627794258010757e-01 8.854167916877148103e-01 8.877624366455506566e-01 8.852456599671105764e-01 8.865310468997079640e-01 8.779490756706599397e-01 8.809001247124357281e-01 8.859057550933103764e-01 8.754413204004034554e-01 8.788650294498137061e-01 8.515733234925004780e-01 8.747276260313685547e-01 8.801966439848512014e-01 8.522788452444319818e-01 8.691773038421238828e-01 8.895511880561446372e-01 8.890530833057649351e-01 8.869585297700861570e-01 8.774385028916521501e-01 8.864579650353292539e-01 8.802447560497744794e-01 8.837369676895678872e-01 8.877568627595736617e-01 8.841564414933427152e-01 8.843189613656592396e-01 8.760095207242610815e-01 8.772878988156023183e-01 8.790979339475818444e-01 8.895641046853904887e-01 8.884400950914833617e-01 8.852331406378990408e-01 8.899189218678449365e-01 8.899784183141484784e-01 8.913592167047142967e-01 8.914506658829084440e-01 8.843556430127154089e-01 8.842191315255343298e-01 8.690993802191731010e-01 8.791710120730529265e-01 8.870753468475633952e-01 8.850920347789913434e-01 8.880242989378027696e-01 8.874289209319834448e-01 8.864337110481629312e-01 8.894892936279603646e-01 8.873603613418963310e-01 8.850710327089127416e-01 8.881755349280798795e-01 8.868249039193429883e-01 8.884737379684476410e-01 8.896008961365095002e-01 8.891245005577873561e-01 8.866518767124090816e-01 8.881370881240133741e-01 8.863059325560732615e-01 8.894535276552413272e-01 8.885025097861277699e-01
7.918287192638824579e-02 1.503878534399043787e-01 3.925384795807438931e-01 6.536390001837013575e-01 5.039956162590865096e-01 5.893643558048764497e-01 8.177461481736647553e-01 7.985297937024473658e-01 8.430766324168106340e-01 7.805258766599356690e-01 8.683664903991455963e-01 1.000000000000000000e+00 8.317907560734620898e-01 8.436640767912286787e-01 9.274645130168233109e-01 9.144859758644543479e-01 8.377061625682377111e-01 6.545928224316386324e-01 6.969673484338912983e-01 6.158773214128491214e-01 7.304883779698794211e-01 7.644056632450524358e-01 7.622639258463981271e-01 7.137697994422127490e-01 7.553536864634770032e-01 8.694545348818535357e-01 9.023878438929261447e-01 9.123461993923462909e-01 8.511166023960723415e-01 9.063010772843966834e-01 9.076490926777522894e-01 8.933476294777772386e-01 8.768734246590491610e-01 8.696301795328862383e-01 8.913539859322311409e-01 8.796162715364267415e-01 8.984917930731242119e-01 9.236816229260409461e-01 9.304143269861133714e-01 9.185594048362532016e-01 9.327521927268213053e-01 9.362646017031974743e-01 9.338206233362290609e-01 9.426729958377184637e-01 9.305279898154940055e-01 9.325433975872330361e-01 9.330305402941196924e-01 9.346927372625741803e-01 9.335213448409984682e-01 9.048322559370358675e-01 9.377905225047996618e-01 9.194804308091640843e-01 9.313651007610784793e-01 9.268753111959417978e-01 9.257057906095887967e-01 9.282424869511335386e-01 9.353577100275891620e-01 9.364442945649921191e-01 9.314644212997438277e-01 9.399997055325084450e-01 9.333054696641984727e-01 9.363893095988270465e-01 9.390613848827857879e-01 9.376303867978333928e-01 9.318777542777613165e-01 9.356308608750135702e-01 9.318917460436320077e-01 9.195576661575590727e-01 9.285035950933143711e-01 9.158607469490352981e-01 9.321580267520589436e-01 9.307521064645257747e-01 9.062382503505045372e-01 9.219649810813930202e-01 9.417464034132065898e-01 9.414519083076684502e-01 9.389735629019798635e-01 9.270253247942131791e-01 9.351465471694095921e-01 9.267321070629179758e-01 9.317081164737036625e-01 9.387167732243132390e-01 9.358083547827357185e-01 9.273610595213904739e-01 9.223616044566390615e-01 9.277911491644021957e-01 9.308724461468848022e-01 9.414254251460297818e-01 9.381282053920524389e-01 9.411458277197093381e-01 9.413473639489385869e-01 9.408269799847053250e-01 9.423497145913302120e-01 9.422352031426033392e-01 9.351631605159810290e-01 9.318693810613560835e-01 9.231716350373050384e-01 9.300804783596514635e-01 9.363387960981212066e-01 9.364848451563742016e-01 9.405710206660513606e-01 9.381795052613729480e-01 9.384234110460591971e-01 9.399632279251479705e-01 9.415764347418159597e-01 9.336159978899281064e-01 9.358080266008690362e-01 9.350975214575232286e-01 9.408498952152064554e-01 9.406842901839863602e-01 9.406743618340704938e-01 9.359782673891404725e-01 9.369576232993017673e-01 9.328962316656753684e-01 9.382389552158356683e-01 9.397291207720670503e-01
3.451829350550294356e-02 1.529019178368173915e-01 3.056540534838806944e-01 5.318797957583571989e-01 4.949850999845123445e-01 5.306196697104066384e-01 7.369408563248984745e-01 7.239270408523595934e-01 7.659975192287502566e-01 7.107896764138023071e-01 7.874324650932896796e-01 8.317907560734620898e-01 1.000000000000000000e+00 7.619848217330122964e-01 8.505228982816003258e-01 8.462418995638270047e-01 7.525194084098943970e-01 5.501109947217915908e-01 5.880625026142027867e-01 5.145148055397809062e-01 6.063631618337891327e-01 6.539393464155761615e-01 6.679257263255923283e-01 6.114541247265068424e-01 6.486567925825678094e-01 7.858533717262417007e-01 8.091379868124694008e-01 8.217650721675018310e-01 7.623343219464726594e-01 8.077299567748216225e-01 8.064290307476286168e-01 7.975164302828081642e-01 7.894609782111458030e-01 7.818875211821482152e-01 8.063885053935853087e-01 7.935197730355445511e-01 8.197580659842652606e-01 8.419812592303966836e-01 8.420719149948968640e-01 8.268751044009455820e-01 8.563566772379824776e-01 8.589437368128644001e-01 8.461914552910994036e-01 8.566902881432711947e-01 8.425173247290089762e-01 8.493467593850135833e-01 8.648917184734125074e-01 8.646968021164839202e-01 8.594188178598330952e-01 8.175622017170997013e-01 8.486991276416614438e-01 8.373910263984207791e-01 8.554788276852970386e-01 8.538362053131268725e-01 8.455817507196903282e-01 8.495923675041453516e-01 8.508528092855205394e-01 8.626093666868200893e-01 8.546765833914883315e-01 8.685305249725706611e-01 8.565992161077805589e-01 8.587530712055723159e-01 8.559439557547143806e-01 8.562800351533532695e-01 8.496842929302338421e-01 8.622745972566495665e-01 8.595676848548327031e-01 8.361370263010138304e-01 8.440192671029570493e-01 8.305391765369252166e-01 8.369391442087015243e-01 8.467366742205035823e-01 8.171670399585532207e-01 8.320354140032121260e-01 8.643748897126256603e-01 8.656400277140632316e-01 8.622657229667611833e-01 8.538023614757844770e-01 8.603831745512048323e-01 8.503927433859164164e-01 8.547722018201158178e-01 8.593436818669197841e-01 8.546511550540264457e-01 8.519424993332895824e-01 8.442517247611244224e-01 8.505764088503868781e-01 8.532005598498045851e-01 8.630420250499181156e-01 8.631000160118972309e-01 8.600186260147560935e-01 8.634456233975904560e-01 8.684287919380673237e-01 8.652081721111948287e-01 8.671720928011832363e-01 8.666096027256352530e-01 8.658867243979403439e-01 8.376305895375052435e-01 8.505711953285094440e-01 8.647181582979422965e-01 8.579940264251493254e-01 8.644559134106121201e-01 8.604837858522643712e-01 8.645463547068298338e-01 8.659896513349212288e-01 8.658622313488766320e-01 8.630064635438150500e-01 8.634182946000226178e-01 8.657782469849153451e-01 8.648113064504584502e-01 8.678404225331116661e-01 8.659688367851992030e-01 8.679226780493283222e-01 8.664365838737368986e-01 8.611919490094710472e-01 8.626046976463125349e-01 8.682951188903044182e-01
