1.000000000000000000e+00 8.478142428569741818e-02 1.926486059620451663e-01 3.278063973379339441e-02 -1.265416626646416638e-02 2.688801076247768207e-02 2.675803473456482215e-02 2.120754784937382842e-02 1.561701118941605237e-01 8.841848307641925198e-02 6.912076820210749650e-02 6.665009825599578670e-04 1.914523449399360353e-02 -1.040041441845449693e-02 7.624071893584992952e-03 2.113749984889586736e-02 1.124757815794414917e-01 2.342924623455416022e-01 2.132878411878531000e-01 1.569321670015743075e-01 1.120265659462374164e-01 2.026230593632104282e-01 2.407400080226592687e-01 2.502587531142739796e-01 2.369268270191388359e-01 1.633242694870575829e-01 1.348214257257544790e-01 1.334022196881239353e-01 1.533594051664591285e-01 2.035926927742733594e-01 1.311903919079013547e-01 1.110136486548687351e-01 1.114503186414061986e-01 1.329022938385011898e-01 1.762885565575916524e-01 1.084235733206850572e-01 1.710136648634113521e-01 5.253713879211816679e-02 5.877152577294007807e-02 4.525816483383559435e-02 5.990181082034345267e-02 4.339080930818060844e-02 3.556346610498952593e-02 3.119634280630369932e-02 8.262433889894992001e-02 3.044680473792946152e-02 1.681221213470699902e-02 3.053201454372484955e-02 9.116448052124208681e-03 7.039081411971331859e-02 3.682441094397800180e-02 5.069502041842514906e-02 3.071838802410544259e-02 3.542306117708683005e-02 6.027567074985563933e-02 8.070207275868754304e-02 5.190399779533799024e-02 2.326347663837105562e-02 1.796702412267267568e-02 2.827074493616949305e-02 4.704588216827187974e-02 1.510038911723690647e-02 2.434500648679327472e-02 2.179642219094378441e-02 6.726094102088460425e-02 4.884968277615434062e-02 3.032458285129293468e-02 7.046991214710582319e-02 6.212396834164710113e-02 6.401358146388270998e-02 7.281201092347680537e-02 8.443078345977030053e-02 9.430589180912460345e-02 1.065275378487517133e-01 5.404184233845096136e-02 6.757112617166967372e-02 5.265015790351042224e-02 7.784631400583705285e-02 6.663794494353021680e-02 8.098630202121294419e-02 8.761367521972410199e-02 5.423627205150342856e-02 5.722545688463600427e-02 6.606554985961878013e-02 4.441719819649109918e-02 6.634730664197981131e-02 7.542564465429585363e-02 2.509135087755288290e-02 2.818141540798164632e-02 4.692461447472882213e-02 4.081182042509406971e-02 2.415451621069537175e-02 3.218977216392655827e-02 1.633824821215508483e-02 8.591523381295209164e-03 1.390145027081589324e-02 3.113524304849779253e-02 6.293754007243519688e-02 2.836710405371867250e-02 2.134896465213225944e-02 1.839775980087929655e-02 2.957381163598231041e-02 2.815201351736667038e-02 1.142342390171605278e-02 4.316841405002257159e-02 3.962635798147527005e-02 2.347786649516065208e-02 1.637869582129659884e-02 2.811786888850556845e-02 1.307196346747039814e-02 1.069258970557802717e-02 1.871584172769716337e-02 1.422521384990407985e-02 2.337380152828240007e-02 3.013072549987610288e-02 3.440089857633018416e-02
8.478142428569741818e-02 1.000000000000000000e+00 4.330699747336792110e-02 -3.009135282307422860e-02 4.768290917768863713e-02 6.631008191715855038e-02 8.411862738003379747e-02 4.636550207591630390e-02 1.581997623164675959e-01 1.927954855139465962e-01 1.157803116167957502e-01 8.895695782763117510e-02 1.270734786894302248e-01 1.150905141918103364e-01 1.239025840228169667e-01 1.229751215684634219e-01 1.540852535938880830e-01 1.261508199943270903e-01 1.589693040655773271e-01 3.980805724360181319e-02 -4.384159740018411799e-02 9.783536226418164394e-02 1.883166839370715162e-01 1.269273702225638956e-01 1.601936581239988833e-01 1.731158320779331572e-01 1.585843984281430363e-01 1.612456592703686853e-01 2.055207662002204450e-01 2.065161275290207654e-01 1.912946619992861308e-01 1.550461501618093096e-01 1.528696474104148662e-01 1.620823958145760912e-01 1.821543062892915232e-01 1.476882612813189000e-01 1.718963122350014028e-01 1.522746245760042139e-01 1.599147883490580901e-01 1.378785119691655903e-01 1.474760229174207904e-01 1.311142329114058924e-01 1.355211147244303194e-01 1.347950672674688433e-01 1.477088530175372783e-01 1.511347246102258401e-01 1.463933401834139059e-01 1.615068157027516882e-01 1.505104199412901078e-01 1.263183377862265588e-01 1.445664826909612566e-01 7.959332807866957571e-02 1.212077096722402048e-01 1.703659404464291649e-01 1.637661799617021741e-01 1.771625903336954688e-01 1.432338607549391296e-01 1.460229777490171799e-01 1.460569052583949035e-01 1.569670854438165453e-01 1.449391741308472814e-01 1.574395287547779299e-01 1.428315601300055027e-01 1.572416846764169429e-01 1.472422273899419709e-01 1.578111705735096293e-01 1.571231489561912553e-01 1.574451395244710339e-01 1.585241434289456630e-01 1.094894476024873969e-01 1.179716894632215213e-01 1.616841230500253856e-01 1.444407625031605968e-01 1.451374516500400780e-01 1.628968079623314413e-01 1.639286213243064116e-01 1.572738427008418538e-01 1.790158877710010255e-01 1.629526756435506762e-01 1.769049508120236480e-01 1.702201262170328910e-01 1.669444039125936585e-01 1.629290396220445525e-01 1.665923334286263380e-01 1.429063801452060689e-01 1.551117602784195248e-01 1.590832001414178298e-01 1.470162079374009167e-01 1.534361200920213164e-01 1.639842673526926142e-01 1.416920257995602506e-01 1.441826345886731420e-01 1.461983136791669968e-01 1.452097371710603657e-01 1.496483117622583459e-01 1.556057955165880691e-01 1.254003183189846549e-01 1.292476853495103384e-01 1.450759340521599328e-01 1.327166882938724257e-01 1.409022759925455115e-01 1.455486818748168154e-01 1.327336553767909100e-01 1.350763401645538042e-01 1.339256938847497858e-01 1.497290276313649471e-01 1.532385770891664389e-01 1.589654898898592017e-01 1.587043211830462264e-01 1.502221807531035902e-01 1.467419944417080457e-01 1.508526467905415558e-01 1.495384190572972283e-01 1.521376815159256324e-01 1.485003657392897081e-01 1.508511192877881602e-01
1.926486059620451663e-01 4.330699747336792110e-02 1.000000000000000000e+00 3.825871191244447633e-01 1.747589591722328306e-01 2.650172272869733003e-01 3.497156378991436165e-01 3.490123070768847979e-01 3.698326814006879792e-01 2.882291173432691145e-01 3.836715526209207860e-01 3.871227097638055836e-01 3.434095271349077438e-01 2.375103962559462212e-01 3.660155049037798203e-01 3.956359033441794182e-01 3.750762117699080744e-01 3.619696105405944553e-01 3.617522421136490363e-01 3.323317045717969487e-01 4.008521185297518330e-01 4.243441276494904213e-01 3.881168161913302050e-01 3.619394053733916983e-01 3.608523655811090025e-01 4.355352984355249091e-01 4.239553455480138400e-01 4.456962881482533501e-01 3.705861771145891881e-01 3.988781550424492783e-01 4.024019201294081749e-01 3.979788625790799395e-01 3.862146476178041632e-01 3.916337728550453590e-01 3.882856138525763723e-01 4.017824335892705157e-01 4.138445638136580285e-01 3.976402600851243752e-01 3.851804710538468401e-01 4.045931934156293264e-01 4.017639919664069970e-01 4.003828577023896829e-01 3.830401971684236351e-01 3.925082181222109279e-01 4.172867564535556184e-01 3.740967047922085786e-01 3.693247254652357037e-01 3.699243604874053459e-01 3.621036328521266556e-01 4.060264818737910342e-01 3.875907238622479101e-01 4.117587011048065015e-01 3.938258252285734007e-01 3.622939900211289421e-01 3.869514889981903183e-01 3.984547797920206524e-01 3.914747066822499844e-01 3.743780472343420929e-01 3.677622487782122862e-01 3.724504120099941806e-01 3.863795569883878289e-01 3.673609690988355325e-01 3.778365727644050764e-01 3.798908705318465029e-01 4.039694174007560368e-01 3.829951338231966651e-01 3.668683779667634703e-01 3.842908358490139120e-01 3.781988365852714251e-01 3.957184893815428595e-01 4.089693772722090559e-01 3.929241386812830084e-01 3.925421291751102215e-01 3.922785047651982104e-01 3.926382465375710673e-01 3.990646259562751763e-01 3.989438875375470039e-01 3.859910901262939009e-01 3.891632628917128800e-01 3.842067411246862241e-01 3.946772572564994364e-01 3.846765219969116023e-01 3.914580307191062314e-01 3.855537520336054236e-01 3.898091456504703123e-01 3.885088631221845779e-01 3.931118262520101880e-01 3.789268669948464008e-01 3.736236164922018266e-01 3.846056057217058233e-01 3.947496297675404664e-01 3.814333288991121340e-01 3.841715679144239726e-01 3.751164133289702218e-01 3.615423944475316120e-01 3.627232427898690603e-01 3.808078486312414523e-01 4.003104184293760914e-01 3.780034446175661311e-01 3.760499772626792470e-01 3.751282742626175226e-01 3.782412852533877934e-01 3.861576563368270820e-01 3.734363598696779363e-01 3.959573510771914329e-01 3.850685763747678236e-01 3.683791125436847724e-01 3.614529296406175374e-01 3.746022988462788250e-01 3.665039103266515830e-01 3.667108936194507507e-01 3.705819139603722112e-01 3.705516902711754601e-01 3.753352734363266108e-01 3.777759191463785915e-01 3.790442283531302303e-01
3.278063973379339441e-02 -3.009135282307422860e-02 3.825871191244447633e-01 1.000000000000000000e+00 2.960027179754977644e-01 4.100757425071459017e-01 5.888124203444746740e-01 5.753848452158979443e-01 4.862488011879663174e-01 4.041844003705878374e-01 5.813686972793888907e-01 6.556399075745752425e-01 5.033024095593147118e-01 3.759734894315014397e-01 5.859027074731040230e-01 5.961814784220551555e-01 5.051859389038894088e-01 3.860386835197051059e-01 4.038891127974503226e-01 4.629953117026219811e-01 6.292031507813234947e-01 5.558589956882739047e-01 4.045275735405462481e-01 3.798101844545292982e-01 3.821607864318748993e-01 5.583540617946688434e-01 5.415516982082564379e-01 5.612277780741351529e-01 4.037282155405306217e-01 4.354977497133899478e-01 5.007078645364265723e-01 5.437910802078552708e-01 4.932204617568251570e-01 4.984324396876252394e-01 4.404661204243544570e-01 5.442077753786775940e-01 4.915248947564838100e-01 5.712951741982656984e-01 5.412748730298427846e-01 5.870329475872406721e-01 5.798399546382191350e-01 6.017876985849736071e-01 5.945427864990937561e-01 6.006283676637632629e-01 5.798233523353711893e-01 5.465503121523128671e-01 5.551436112119804145e-01 5.444102448119957360e-01 5.494416264785987325e-01 5.964025664287745387e-01 5.807613496172948642e-01 6.501157064011063857e-01 6.001125130516457018e-01 5.213669452422377004e-01 5.372886624231166808e-01 5.521592574587369517e-01 5.575797973088800763e-01 5.675312526558793369e-01 5.516428814172908979e-01 5.503671994409822243e-01 5.624613410461002383e-01 5.445368884368755324e-01 5.502018817199778589e-01 5.591014178844020410e-01 5.770690388493402434e-01 5.510755766083204055e-01 5.476822099902983743e-01 5.424874876985213978e-01 5.384689370051474189e-01 6.003940880163459726e-01 6.039757042719243740e-01 5.483177901614600946e-01 5.434864860385046903e-01 5.410005834735426289e-01 5.704571986633649727e-01 5.648889509513891349e-01 5.747968575856411411e-01 5.221380638039921918e-01 5.571692111680462967e-01 5.262521330778592299e-01 5.360162769133418603e-01 5.434609839781566754e-01 5.577658358980355224e-01 5.342841329971643738e-01 5.844539329386825299e-01 5.510136311571408596e-01 5.539301233345057529e-01 5.741111409848029812e-01 5.570457104392255721e-01 5.600402953391768746e-01 5.891782019947189308e-01 5.789606727565940192e-01 5.750808800491140627e-01 5.734281582710351044e-01 5.534476742320948439e-01 5.495129159601405133e-01 5.999715768510003322e-01 5.921653352949697302e-01 5.706660700108971973e-01 5.850648791987660413e-01 5.836020449392878007e-01 5.686098954974939668e-01 5.846492400656547739e-01 5.835336575815754934e-01 5.973821085421758825e-01 5.712642398649040443e-01 5.556118600440781430e-01 5.436042821880836540e-01 5.547876719891240427e-01 5.614226075028184715e-01 5.609241951591594777e-01 5.586630137828728637e-01 5.625883736138612701e-01 5.679131033880555623e-01 5.638371551363434708e-01 5.612194992769240498e-01
-1.265416626646416638e-02 4.768290917768863713e-02 1.747589591722328306e-01 2.960027179754977644e-01 1.000000000000000000e+00 2.848048494158101351e-01 4.142704122853568816e-01 4.054324761632485119e-01 4.062584190609107027e-01 3.692985937335210855e-01 4.218884197283718773e-01 4.524869411537368880e-01 4.520972157884677878e-01 3.135508913429860267e-01 4.558518253604216253e-01 4.539751854129840947e-01 4.040165058295620559e-01 3.078461564529372807e-01 3.687155807936998708e-01 2.237544175548674130e-01 2.919731904524573429e-01 3.646875745101076371e-01 3.432127100877312986e-01 3.000572892099322431e-01 3.516134833201098320e-01 4.060869231561066717e-01 4.021277267442962544e-01 3.944624232230375949e-01 3.458155130436953995e-01 3.654511981078045757e-01 4.201708484650127362e-01 4.350137659569114357e-01 3.700572021826945557e-01 3.869938893203773156e-01 3.727437544145147386e-01 3.816041537079724599e-01 4.016594124216913420e-01 4.289524361779903372e-01 4.450916863780796651e-01 4.200714797212439233e-01 4.632348697994314590e-01 4.518419091528458331e-01 4.568575679683422042e-01 4.620128991998133094e-01 4.477156102114012159e-01 4.594342832995503279e-01 4.673302907555655916e-01 4.667303931851714549e-01 4.576756087382244376e-01 4.154757252204950291e-01 4.356279021340874191e-01 4.353009227329427966e-01 4.651707584422347663e-01 4.598081737697823912e-01 4.475910136467396438e-01 4.347095642397262316e-01 4.187481702316578347e-01 4.569970248707951321e-01 4.415101990067667459e-01 4.689192118889632388e-01 4.502516258034642838e-01 4.537844164722605877e-01 4.393839689392752823e-01 4.528922911349176905e-01 4.571226255365121172e-01 4.502302449668019180e-01 4.694956839139424742e-01 4.601607873553218431e-01 4.600518724611027954e-01 4.316875667228106117e-01 4.623119529753974000e-01 4.630200016603428503e-01 4.454502295911825227e-01 4.527034382187620776e-01 4.650665223523031133e-01 4.561975970882694020e-01 4.546675476777873870e-01 4.422224995919191159e-01 4.569916251142127628e-01 4.480857270778529911e-01 4.437460882627681791e-01 4.598068498272869786e-01 4.574143417144808654e-01 4.518283510583346319e-01 4.622805757152134154e-01 4.525272486106668990e-01 4.535393168388414109e-01 4.629996979581196825e-01 4.664487737796438327e-01 4.589421423769219355e-01 4.573210541287831554e-01 4.685517760750435579e-01 4.656070230811859001e-01 4.677224267041814598e-01 4.681852644473600833e-01 4.674893454433754481e-01 4.590975150941798977e-01 4.643242989760992812e-01 4.681824165771598101e-01 4.686003779323082430e-01 4.731394842160266401e-01 4.615507778350883550e-01 4.710621711310957749e-01 4.730926148957595445e-01 4.692975480617499473e-01 4.553986519732596272e-01 4.656184886438384241e-01 4.685094605307417726e-01 4.618952043114213368e-01 4.711420392514427680e-01 4.610185808547015984e-01 4.724276461681492512e-01 4.637014068141734335e-01 4.701522622990700340e-01 4.677332530975297775e-01 4.702024592034098616e-01
2.688801076247768207e-02 6.631008191715855038e-02 2.650172272869733003e-01 4.100757425071459017e-01 2.848048494158101351e-01 1.000000000000000000e+00 5.441776270816318650e-01 4.857640892490116546e-01 5.400419419914455066e-01 4.750407329164826331e-01 5.523529450664440565e-01 5.737073159637233744e-01 5.095117699247196930e-01 3.529598306359881255e-01 5.749619849463959431e-01 5.808286087089183924e-01 5.343496333928916542e-01 4.553439970718518581e-01 4.830757148813666912e-01 3.839241757279013290e-01 4.273008881291662786e-01 5.140323741311915162e-01 5.041628521974061972e-01 4.392675659311346958e-01 4.612432637570739735e-01 5.711454802094094729e-01 5.624743447601610047e-01 5.739987126789722893e-01 4.951494796249851782e-01 5.233194643206618979e-01 5.709733647264383372e-01 5.796678747883645677e-01 5.385819354469654208e-01 5.413035890056421273e-01 5.233468413280203402e-01 5.383999343474684673e-01 5.541637656807251178e-01 5.844384291017200583e-01 5.847722720120769324e-01 5.833832907011859970e-01 5.994655537242882248e-01 6.015241377908038256e-01 5.862520374652732125e-01 6.005847833875369579e-01 5.981599391293115353e-01 5.875345571691672486e-01 5.909077031763473320e-01 5.931544011825601315e-01 5.898038459512331411e-01 5.739980538727987858e-01 5.886984183654808689e-01 5.729808778785372425e-01 5.914158451876220246e-01 5.854356870776376010e-01 5.916933780174945534e-01 5.920100556303506956e-01 5.710961732036343719e-01 5.920642550287171790e-01 5.839429611559622257e-01 5.896804410628549986e-01 5.862949976361181426e-01 5.854222395812611612e-01 5.799504254134149051e-01 5.836884880429008549e-01 5.898040654640973601e-01 5.858801708322386448e-01 5.886789905290747971e-01 5.901102028677194244e-01 5.929368528951182160e-01 5.822426851946409521e-01 5.960375955688053118e-01 5.950918616802782779e-01 5.774071986034725601e-01 5.813840717166943728e-01 6.016536274161291553e-01 5.999939656067028171e-01 6.025548773160379623e-01 5.810294921660352774e-01 6.024391102607191684e-01 5.843415567189166326e-01 5.896408587495727271e-01 5.943960575007313230e-01 5.960224579370037024e-01 5.919481366007472989e-01 5.995628130977602721e-01 5.903962078347537723e-01 5.934378780248055207e-01 6.020404309319147274e-01 5.965945186492982444e-01 6.021187189560007758e-01 6.081449156230931408e-01 6.057317803065344064e-01 6.029954967653496922e-01 6.013972113549714837e-01 5.923089566487879098e-01 5.947433828552324275e-01 5.947212695905375046e-01 5.929255485251829771e-01 5.934348550532312361e-01 5.990494929994097939e-01 5.997500028649005444e-01 5.925696944597403926e-01 5.983913230894136737e-01 5.990456651604910698e-01 5.999123137594202237e-01 5.913068734083199995e-01 5.947538802738855379e-01 5.950873082197384312e-01 5.982198041949248202e-01 5.931566083106235565e-01 5.910867268104949002e-01 5.925110807057648588e-01 5.904357676350767692e-01 5.944025287468293062e-01 5.922972173007573504e-01 5.936284114711151139e-01
2.675803473456482215e-02 8.411862738003379747e-02 3.497156378991436165e-01 5.888124203444746740e-01 4.142704122853568816e-01 5.441776270816318650e-01 1.000000000000000000e+00 7.072681877370382564e-01 7.083641182981813555e-01 6.502781731394901010e-01 7.538295834480573943e-01 8.020824261531713795e-01 7.192402694143315012e-01 5.567290472186851025e-01 8.350449020460896099e-01 8.072439504976038904e-01 7.324649259515314537e-01 5.720980348344185673e-01 6.212837122519825339e-01 5.241288932414539525e-01 6.060554160856291839e-01 6.812788442218289386e-01 6.359906684596646764e-01 5.569578624489498475e-01 5.800684246755412055e-01 7.592435597575137862e-01 7.365061046523474486e-01 7.441884921118895324e-01 6.434361579483107718e-01 6.790785356285257146e-01 7.620981191566156276e-01 7.911084781185105941e-01 7.182387924840444304e-01 7.498419408351255644e-01 6.836817149484522016e-01 7.430715556605211880e-01 7.252962692970099656e-01 8.142026171670403434e-01 8.090438937928385865e-01 7.903651874817063661e-01 8.178547342466688796e-01 8.276765661961488219e-01 8.136581140594764117e-01 8.284778390529924375e-01 8.027352436159521654e-01 8.176711545319277352e-01 8.131087442333468918e-01 8.078189296414659548e-01 8.063972916063344432e-01 7.965106764339197065e-01 8.173431441168538258e-01 7.903145550042830481e-01 7.984671766964761552e-01 7.943469389285039428e-01 7.932843898958431561e-01 7.980155319465876973e-01 7.712055731900818722e-01 8.106403943993649719e-01 7.997501994053636265e-01 8.060424069042630979e-01 7.948941806223034368e-01 7.994038869107015222e-01 7.837395606636028411e-01 8.054053383574663050e-01 8.060815566779288011e-01 7.950596922828579993e-01 8.131922487590069748e-01 7.983098234402398186e-01 8.054167328367199952e-01 7.970671322909412826e-01 8.085335992131988947e-01 8.005849722870942431e-01 7.836867137835499264e-01 7.749070881898875163e-01 8.193830406046725967e-01 8.073135344074621189e-01 8.140645956218862667e-01 7.830984573620721756e-01 8.131717599128205354e-01 7.907809183656282492e-01 7.901672342552960027e-01 8.087939887373426506e-01 8.113458309354427689e-01 8.020362985763342945e-01 8.273852464849149602e-01 8.143874902345772382e-01 8.006023881278264698e-01 8.298490546528840550e-01 8.210868373126570807e-01 8.190951623314872698e-01 8.245520014708854761e-01 8.271360732818722195e-01 8.169971990857383126e-01 8.262220986202479800e-01 8.145249601479522816e-01 8.136525800975860090e-01 8.159419276753608896e-01 8.113853395074133168e-01 8.151343999250103556e-01 8.284990010501140922e-01 8.264494735545777626e-01 8.111711931675413823e-01 8.168822453958082264e-01 8.265666276106296007e-01 8.195990735750962042e-01 8.024609090770354891e-01 8.126999334638792538e-01 8.121867209912199126e-01 8.144921061701031473e-01 8.191127470927448417e-01 8.143514825443007865e-01 8.131135082370497535e-01 8.092395517530661664e-01 8.178807165746221353e-01 8.122782710367131287e-01 8.099079843517626998e-01
2.120754784937382842e-02 4.636550207591630390e-02 3.490123070768847979e-01 5.753848452158979443e-01 4.054324761632485119e-01 4.857640892490116546e-01 7.072681877370382564e-01 1.000000000000000000e+00 6.649568642147120068e-01 6.002479389775774443e-01 7.279600598596325245e-01 7.731695293922327128e-01 6.750003374862320049e-01 4.965436063464653826e-01 7.621121900564308271e-01 7.704177082920697917e-01 6.832393020939241390e-01 4.999447154715211949e-01 5.479997084015382214e-01 4.682371110356560728e-01 5.927178176127634313e-01 6.276985617569293963e-01 5.626674778177086500e-01 4.913619652217370293e-01 5.129808645083001606e-01 6.929543406289282448e-01 6.888482975436632794e-01 6.777430778063269212e-01 5.700258835397711277e-01 6.155062394245677249e-01 6.932602408242971581e-01 7.199076205210843682e-01 6.435049218287645090e-01 6.743850455824147438e-01 6.190802306437142022e-01 6.916624844538595829e-01 6.624410677021099758e-01 7.501594302208179910e-01 7.478191627879552383e-01 7.301766010130104068e-01 7.602189218036893292e-01 7.716101437562072896e-01 7.608599231060505508e-01 7.780184331447500545e-01 7.472910361444130567e-01 7.485567731753314247e-01 7.603807866092879841e-01 7.510404819212587180e-01 7.549330483038506623e-01 7.572565387953351657e-01 7.678127865450519174e-01 7.605568773522012327e-01 7.634592341168502383e-01 7.371387371737044836e-01 7.409263652175445136e-01 7.373855490727634354e-01 7.339201303964036915e-01 7.672859848253335002e-01 7.551045544126429032e-01 7.505288126889416711e-01 7.539718158431213402e-01 7.487607346818262455e-01 7.460191645768365909e-01 7.573141409070786034e-01 7.570576401732623806e-01 7.465395633587562640e-01 7.566164469697288508e-01 7.382699528653754451e-01 7.422792190489279074e-01 7.410151410351213386e-01 7.588932940472069566e-01 7.400312540065714373e-01 7.216669232684593815e-01 7.143395563175605201e-01 7.597613979665909234e-01 7.503285346865655736e-01 7.520222737115400680e-01 7.142478164798117257e-01 7.421256060312102498e-01 7.326165098893553385e-01 7.317615183372409016e-01 7.499375258655748278e-01 7.538436555822398688e-01 7.380204445984275274e-01 7.664186212204137094e-01 7.468976750610473170e-01 7.416792023542803092e-01 7.683840728251384311e-01 7.580332540131107244e-01 7.598591361474326122e-01 7.623236884129277469e-01 7.725399740335789911e-01 7.629026678886949853e-01 7.653556591526974318e-01 7.583981557619963176e-01 7.567092986115657727e-01 7.753497088018949102e-01 7.716903248423794270e-01 7.699918798728055958e-01 7.751663171068063907e-01 7.737079930628173452e-01 7.683631727626019092e-01 7.720551696202392344e-01 7.768784557826060588e-01 7.746697087373651813e-01 7.619144293878616914e-01 7.614885666715989210e-01 7.543941928903817873e-01 7.596642683139988028e-01 7.668663042946928243e-01 7.647353506021543623e-01 7.619491424261551904e-01 7.626575716162017349e-01 7.673546890682950705e-01 7.611712761646068914e-01 7.604305937648641045e-01
1.561701118941605237e-01 1.581997623164675959e-01 3.698326814006879792e-01 4.862488011879663174e-01 4.062584190609107027e-01 5.400419419914455066e-01 7.083641182981813555e-01 6.649568642147120068e-01 1.000000000000000000e+00 7.231322384915432888e-01 7.953144462080897759e-01 7.936816350837232470e-01 7.343554116733906900e-01 5.561289468046435314e-01 8.075118773980075604e-01 8.090861799930413323e-01 8.040875797569497774e-01 6.631980114136002413e-01 7.289506042032029010e-01 5.195786852130542810e-01 5.516557304374912762e-01 7.330802186759999284e-01 7.682295306530468881e-01 6.642426329823856168e-01 7.014973130347068597e-01 8.120816638972176982e-01 8.199471648956768721e-01 8.055405255749152893e-01 7.234875654450062532e-01 8.045751125607942811e-01 8.502040769152956479e-01 8.535219840438982297e-01 7.730828938214395762e-01 8.092341451248566964e-01 7.922667038993284061e-01 7.958399814067338429e-01 8.262768487194944722e-01 8.441789931327091656e-01 8.519014397352183687e-01 8.135516370623752103e-01 8.600032581546863675e-01 8.481927357542278223e-01 8.340723781421536254e-01 8.549153598537060361e-01 8.607446718897966420e-01 8.473680707042641203e-01 8.573657147265627554e-01 8.669596312919576331e-01 8.549610203894412175e-01 8.414529820356423384e-01 8.486335317047002391e-01 8.139379709162993803e-01 8.443487104941992394e-01 8.625494674851120758e-01 8.613262086838522347e-01 8.589080397578882087e-01 8.343330894278493393e-01 8.555773680563441008e-01 8.465019303421249530e-01 8.600158598176406155e-01 8.541591604135089222e-01 8.463629698104230270e-01 8.340582928768280890e-01 8.531613986505984792e-01 8.646087671774554950e-01 8.643508452418975363e-01 8.646178870858367560e-01 8.662680863597750358e-01 8.685518332262003316e-01 8.207041442462456038e-01 8.537499284602498850e-01 8.710524125673771989e-01 8.491662027214450514e-01 8.513610743657068491e-01 8.681735526075807785e-01 8.685281410051766127e-01 8.617325636775946540e-01 8.437388708583980490e-01 8.662752442077235049e-01 8.675423356511290374e-01 8.682700999904210404e-01 8.691448911287446011e-01 8.714330388090619772e-01 8.641561017934533684e-01 8.624085351998547200e-01 8.661587657727799483e-01 8.647997541849415937e-01 8.624537333630086788e-01 8.631340701091219092e-01 8.653580668612743665e-01 8.606913280746383288e-01 8.635047540609347427e-01 8.640050364324668442e-01 8.599985170524389044e-01 8.600887320924841539e-01 8.622392143949659804e-01 8.502273432642479811e-01 8.622487639557609995e-01 8.593369149156691034e-01 8.585841504314088990e-01 8.549205887338303667e-01 8.588389979128457918e-01 8.619320969534300936e-01 8.571032165269275582e-01 8.667387753518611682e-01 8.555493845156220134e-01 8.633962289064390783e-01 8.611404518937063601e-01 8.635365073774323719e-01 8.606205831217584867e-01 8.534925903035145422e-01 8.622063857815236432e-01 8.534163506023653145e-01 8.613394054872812733e-01 8.653592464613804047e-01 8.676558193646262129e-01
8.841848307641925198e-02 1.927954855139465962e-01 2.882291173432691145e-01 4.041844003705878374e-01 3.692985937335210855e-01 4.750407329164826331e-01 6.502781731394901010e-01 6.002479389775774443e-01 7.231322384915432888e-01 1.000000000000000000e+00 7.179290192641951673e-01 7.171954748335630514e-01 6.765397139251820846e-01 5.420513520766205851e-01 7.515081815144788457e-01 7.571018184752734692e-01 7.269647253256520392e-01 5.798596242084620433e-01 6.396233161362191444e-01 4.443162697074192202e-01 4.379940867776681013e-01 6.214781136665221695e-01 6.805403492781821884e-01 5.678126521291656514e-01 6.060551293926557115e-01 7.421567407414215722e-01 7.394097582447507477e-01 7.237899974448223084e-01 6.906897213420378767e-01 7.413700970463371620e-01 7.850759006399502526e-01 7.711579733100825118e-01 7.020286406731341966e-01 7.333864374091721983e-01 7.257215670992227530e-01 7.178237193975961494e-01 7.434951805434518723e-01 7.824993086435458878e-01 7.923499306126032815e-01 7.436337576622509271e-01 7.921206265458500262e-01 7.729787360239667171e-01 7.613413955678726142e-01 7.857380891791772015e-01 7.787107077207060524e-01 7.866256356809901984e-01 7.975653156652044995e-01 8.105424941960586160e-01 8.003492872868636088e-01 7.591867825586771090e-01 7.904162391993331260e-01 7.137826951552318500e-01 7.649238910054951823e-01 8.071717044491560911e-01 8.030771368874415339e-01 7.959875716982395266e-01 7.692679645520451581e-01 7.972386970304403686e-01 7.952338250575696765e-01 7.978093674857775763e-01 7.891300386821969992e-01 7.966389156341008304e-01 7.809667524836001462e-01 7.943152127119034178e-01 7.829851958059456107e-01 7.945548103944576335e-01 8.017834553214421289e-01 7.929322624183791079e-01 7.989146310128537598e-01 7.408245558365988970e-01 7.634566521594998711e-01 7.941711907236806978e-01 7.692475347711449363e-01 7.648701974911104040e-01 8.061505879946413433e-01 8.002705762045349003e-01 7.970670015241361206e-01 7.938867031368853633e-01 7.990819254899894641e-01 8.065601338378836083e-01 8.006102504251790819e-01 8.085855703615109080e-01 8.040927464106917277e-01 8.034873586362283326e-01 7.906286483698033996e-01 7.935303153662522924e-01 7.926864416408574421e-01 8.016029882018417263e-01 8.025785142344472600e-01 8.065163932210706044e-01 7.902394276711316445e-01 7.986277915098984881e-01 7.981799339031384610e-01 7.983072754336592025e-01 8.010182549398622287e-01 8.041386279702242845e-01 7.802831706291679659e-01 7.766602102174893218e-01 7.951826305323470567e-01 7.929459399041984824e-01 7.905430911808440930e-01 7.964742551500065826e-01 7.884955961670618851e-01 7.924827604461962549e-01 7.868550888393265330e-01 7.934836061792873707e-01 8.020436655139363546e-01 8.081980407076930772e-01 8.084558827861180186e-01 8.019264665065723996e-01 7.994092057318957778e-01 8.002270705557390507e-01 7.990376070987910140e-01 7.970915114431754711e-01 7.954452559144220558e-01 7.990759299720815445e-01
6.912076820210749650e-02 1.157803116167957502e-01 3.836715526209207860e-01 5.813686972793888907e-01 4.218884197283718773e-01 5.523529450664440565e-01 7.538295834480573943e-01 7.279600598596325245e-01 7.953144462080897759e-01 7.179290192641951673e-01 1.000000000000000000e+00 8.615593256124629562e-01 7.688700116302434884e-01 5.855388519988802276e-01 8.519963827827774505e-01 8.596645031926460900e-01 8.118276249329369199e-01 6.416526003400362388e-01 6.962641815567941483e-01 5.610588477464145685e-01 6.249881724335974997e-01 7.405119560251348654e-01 7.330856285639539838e-01 6.366919275373604803e-01 6.666860651278084804e-01 8.278586045992908371e-01 8.292654842272699778e-01 8.216229743436994637e-01 7.193461544216579462e-01 7.848923675444638981e-01 8.542099392275125380e-01 8.631237976145804680e-01 7.751346108360510634e-01 8.109330925414687252e-01 7.794316071575358995e-01 8.156239765540935771e-01 8.159347653901002362e-01 8.726236393600826924e-01 8.718992279889183905e-01 8.501967165000403615e-01 8.878909622951168812e-01 8.830969688097747294e-01 8.677938688230992792e-01 8.952852052898508939e-01 8.838368996527027344e-01 8.729090749651275960e-01 8.890154432603938339e-01 8.856564186255969640e-01 8.861759773028775600e-01 8.753477427196968419e-01 8.888427810289756259e-01 8.600304426624136855e-01 8.810262614453253649e-01 8.802395217863117072e-01 8.817672115374045605e-01 8.745878423219690667e-01 8.713740032374469591e-01 8.897787885401556851e-01 8.832516358835568182e-01 8.848757376069829039e-01 8.856853221992160297e-01 8.806365723370848109e-01 8.759261701572669256e-01 8.884540645844027917e-01 8.841781421638926775e-01 8.865297013355075695e-01 8.848576134746773958e-01 8.782161779376187472e-01 8.837464030895734179e-01 8.615192388530951151e-01 8.807447816938275276e-01 8.820175814559052530e-01 8.613178620167897259e-01 8.575373147060874057e-01 8.937339522578747752e-01 8.901469216004075369e-01 8.869360852710087562e-01 8.598003324727501173e-01 8.858558595049412787e-01 8.775474908875554592e-01 8.775928312760966632e-01 8.876379481836725871e-01 8.900727661652240164e-01 8.795782848699854606e-01 8.887557683981784917e-01 8.829960780766797912e-01 8.810622007169222059e-01 8.933235884157046947e-01 8.876456918050150691e-01 8.910495349110622021e-01 8.919969063117751951e-01 8.945387388767244152e-01 8.918204415257275919e-01 8.909873674077105621e-01 8.880112386657836865e-01 8.878208533566946947e-01 8.869464675136625731e-01 8.903710312878992950e-01 8.910156609860956367e-01 8.920804385965380723e-01 8.886616936768376718e-01 8.915075798280451824e-01 8.923016332148625551e-01 8.912797402478250808e-01 8.965925897940332234e-01 8.881255432741977929e-01 8.898294117310170392e-01 8.865695165500045993e-01 8.893682722360035653e-01 8.915403674715349780e-01 8.872591135231896464e-01 8.882705202952831947e-01 8.882719546800894594e-01 8.906481837461417417e-01 8.908604692312548368e-01 8.910501649776422228e-01
6.665009825599578670e-04 8.895695782763117510e-02 3.871227097638055836e-01 6.556399075745752425e-01 4.524869411537368880e-01 5.737073159637233744e-01 8.020824261531713795e-01 7.731695293922327128e-01 7.936816350837232470e-01 7.171954748335630514e-01 8.615593256124629562e-01 1.000000000000000000e+00 7.961040021432626013e-01 6.160590839947427400e-01 8.955070111588682158e-01 8.995456528434786492e-01 8.142268753289241268e-01 6.072666083363412737e-01 6.779496829044557860e-01 5.555830355086354144e-01 6.842142671128734754e-01 7.510736087364235924e-01 6.887585516189708157e-01 5.997464892268427050e-01 6.295059102459305000e-01 8.252894015475726874e-01 8.272741998261582408e-01 8.189808101421747200e-01 6.838765323120031825e-01 7.370634126849450185e-01 8.375793346095422587e-01 8.677751691292339142e-01 7.706040943192548065e-01 8.053736450256655521e-01 7.442743502534353572e-01 8.248836510071810846e-01 7.993704809761480456e-01 8.913502590396771286e-01 8.895371870966376493e-01 8.785491394331286230e-01 9.075358193910929572e-01 9.143281372152666231e-01 9.009470249037035972e-01 9.287881353541004303e-01 8.985354946357930750e-01 8.963231481253969291e-01 9.144015167726980975e-01 9.057450892369911521e-01 9.103350457782524163e-01 8.936977505141746603e-01 9.130235788947966835e-01 8.995024064326990754e-01 9.126846897924782986e-01 8.944099744871509827e-01 8.932007978537744863e-01 8.868007099241168589e-01 8.863030298302160270e-01 9.156633379939648210e-01 9.053774138344616862e-01 9.113729763436568820e-01 9.039802499000426650e-01 9.040291880459376817e-01 8.944764377145056899e-01 9.122405468030062581e-01 9.115654652912256184e-01 9.057906247266865885e-01 9.104973341095089490e-01 8.924222271300864540e-01 8.959446897193950043e-01 8.888373181365478715e-01 9.116996181078489414e-01 8.927643805082949857e-01 8.711457700163882656e-01 8.647290222911094837e-01 9.154139609654272647e-01 9.049035566567393829e-01 9.059689960571163381e-01 8.620207424137118490e-01 8.978482885739953456e-01 8.813401963899321068e-01 8.806609284010149530e-01 9.010268093737557882e-01 9.079325161262026267e-01 8.886528786894336562e-01 9.135365296887472120e-01 8.979173199476357947e-01 8.949349794847735184e-01 9.187344706312343678e-01 9.117401415492871752e-01 9.116396584207933085e-01 9.174526327733267816e-01 9.243999811706221648e-01 9.187324407788718394e-01 9.200549527207018130e-01 9.159311495228719124e-01 9.130627185565572956e-01 9.171178894650190427e-01 9.142856696291064011e-01 9.168551255564018065e-01 9.225512070235573070e-01 9.215388342966742696e-01 9.153447633888546209e-01 9.224178865448411369e-01 9.264456124808594373e-01 9.243197669594955812e-01 9.126950981698621623e-01 9.139432138886575130e-01 9.106777180511828051e-01 9.126860144767962035e-01 9.190752795693346577e-01 9.155286959513505574e-01 9.172121755613720229e-01 9.155552810427247667e-01 9.183820613995417048e-01 9.163425652218463169e-01 9.160666348980160967e-01
1.914523449399360353e-02 1.270734786894302248e-01 3.434095271349077438e-01 5.033024095593147118e-01 4.520972157884677878e-01 5.095117699247196930e-01 7.192402694143315012e-01 6.750003374862320049e-01 7.343554116733906900e-01 6.765397139251820846e-01 7.688700116302434884e-01 7.961040021432626013e-01 1.000000000000000000e+00 5.476697218306795234e-01 8.101672911650599218e-01 8.126013819183443010e-01 7.519146544209831529e-01 5.612608723649175069e-01 6.403610111756075085e-01 4.525235520434138792e-01 5.211723949691894342e-01 6.589937753380161745e-01 6.616845966090104669e-01 5.551205727508378152e-01 5.918284868236528551e-01 7.580507282738084829e-01 7.568819717231924926e-01 7.438093370770989532e-01 6.670446295213231513e-01 7.103658040614295732e-01 7.944158135174684832e-01 7.979515942334293177e-01 6.955090001450006110e-01 7.354965910474778878e-01 7.070275553829182824e-01 7.431059318377816192e-01 7.572517069296955672e-01 7.966359689170197100e-01 8.218779727952486569e-01 7.723611625339275033e-01 8.338226178932740540e-01 8.232453907310695040e-01 8.231025874798013620e-01 8.427850171833186632e-01 8.240753512832572625e-01 8.290307450848571902e-01 8.407107260249372382e-01 8.422510116886571252e-01 8.361476218257638537e-01 7.801224595351829993e-01 8.119145291090613670e-01 7.770942498874710003e-01 8.263963098108824123e-01 8.343238790938221072e-01 8.252456145793767295e-01 8.104109374641287333e-01 7.938198907150323391e-01 8.343107930513803394e-01 8.179775642608768660e-01 8.443801457815063305e-01 8.239409830340395091e-01 8.347633375532134137e-01 8.067027373629404030e-01 8.338617994308168413e-01 8.331691200379932605e-01 8.319036578189384912e-01 8.432345509723502275e-01 8.284436513579390704e-01 8.333019622373024626e-01 7.897548501452267278e-01 8.164582039534237223e-01 8.266783627156826242e-01 8.007636312274849510e-01 7.945746169893546096e-01 8.453733537920107288e-01 8.376010507023572416e-01 8.329748891062115357e-01 8.103452335815903851e-01 8.324718992749106095e-01 8.277933700092786617e-01 8.263621589144176660e-01 8.394035338921570499e-01 8.379553005704667434e-01 8.281466310193644764e-01 8.292157851635910681e-01 8.267151670974243194e-01 8.301558826324406670e-01 8.408466068434865548e-01 8.445563312010734291e-01 8.399104950334520536e-01 8.343370876146496418e-01 8.470114900202216912e-01 8.463977032347232976e-01 8.457174108149523306e-01 8.454785979454697564e-01 8.459190415606562263e-01 8.271963076041732865e-01 8.305896377287921295e-01 8.417459514349980854e-01 8.377414537025483776e-01 8.461247432864191786e-01 8.395108525193323290e-01 8.420468412958319604e-01 8.485134271146951290e-01 8.431544448967445149e-01 8.347149497417584163e-01 8.427272749850385214e-01 8.448635269144819659e-01 8.442989821072952594e-01 8.453961731235477561e-01 8.416950075755805782e-01 8.495080301800458367e-01 8.433991591413037003e-01 8.474765122422387442e-01 8.453939346746252026e-01 8.465626576673902504e-01
