1.000000000000000000e+00 2.164661631058369951e-01 1.531067582813454842e-01 2.632903234120361757e-01 1.714056009800590252e-01 3.579636462683846720e-02 2.001638854389003741e-01 2.444736860920541655e-01 1.536321920186500822e-01 5.873972085206291549e-02 1.000815129795537828e-01 1.109214339786043085e-01 7.877795403978581079e-02 6.096164220940365752e-02 8.918197966116907238e-02 1.376321624546897049e-01 1.701606631167088268e-01 1.567517713612021080e-01 8.340645522250038357e-02 1.947589407463755917e-01 2.550595417598849890e-01 1.567841281816726162e-01 1.217984126978295112e-01 1.387578086805010269e-01 1.000352634406855706e-01 1.997079482991336308e-01 1.543819961956318931e-01 9.797282530989064042e-02 1.410019860774429645e-01 1.237752934328149867e-01 1.084916963496768555e-01 1.070090493933553155e-01 1.119831549517437269e-01 1.116514216116578501e-01 1.067878553361374799e-01 7.966149213625894898e-02 5.591393949712424732e-02 8.987371301961248615e-02 7.984392529068176647e-02 6.911784969193369987e-02 6.407151688623670405e-02 5.888284509040089820e-02 7.367061164430077636e-02 8.703425550079424422e-02 6.865312590988986718e-02 4.839596606905987447e-02 3.611675806400792971e-02 4.419194710770453505e-02 7.347008778367970783e-02 1.052148023640236962e-01 1.010159903142044124e-01 1.265690615576649525e-01 9.838557973956951752e-02 8.322135793852977748e-02 6.992420917783788437e-02 5.688289482088302457e-02 1.124350339919385489e-01 5.127499679073251743e-02 7.697518344065243379e-02 7.051978797912665520e-02 6.769031335162137286e-02 8.341598794563745423e-02 8.470959376758242787e-02 8.492385037514832424e-02 9.679848828889958678e-02 9.613677461027644866e-02 4.310808160198826428e-02 4.829015253862083135e-02 5.588574424098316507e-02 8.756502665229431992e-02 6.030251850322079082e-02 5.110902800853266148e-02 6.879072803359909116e-02 5.718834887284486579e-02 7.491916702939452333e-02 4.640591579871384403e-02 5.212678418574338141e-02 6.728186348486318857e-02 5.452253809511765220e-02 5.788505941324743193e-02 4.605844082130437778e-02 4.167176435307114180e-02 7.433323718509068923e-02 6.192980823637439514e-02 4.994278949153541786e-02 4.484608747181485777e-02 2.460833107574381465e-02 4.684153296730615701e-02 3.920921621020190262e-02 4.748782297700326893e-02 2.958206360085712666e-02 2.769106438733357628e-02 3.154467261847973547e-02 2.308003688427794770e-02 1.767159646823258240e-02 2.567553976766883198e-02 5.478357690581311945e-02 7.810893020196041370e-02 4.490875865647412507e-02 6.231268191158112479e-02 3.380246427805093379e-02 5.654528786458051792e-02 4.780501788839188609e-02 3.944041804610874669e-02 4.698025055595054372e-02 6.574062544825479137e-02 5.674551813521745702e-02 3.116213139507547497e-02 3.639504423063589372e-02 5.070302127699673894e-02 3.584702155322681133e-02 3.444662108999830413e-02 4.554342068889437323e-02 5.497622200169436507e-02 6.127975339289529894e-02 4.441584011067393339e-02
2.164661631058369951e-01 1.000000000000000000e+00 1.509980841753807979e-01 2.074728530004900651e-01 1.458066483929812418e-01 1.136325633184510769e-01 2.328891003259330739e-01 2.311476607320862575e-01 2.023487017807325816e-01 2.129933909993898533e-01 1.946065100326426212e-01 1.770549760434252384e-01 1.405188267428931770e-01 1.193873263591184591e-01 1.860540779565926783e-01 2.002571441184608503e-01 2.036902180150487185e-01 2.101993967270668895e-01 1.974817212947539702e-01 1.330533191923101155e-01 1.717111989589483467e-01 2.016303888337986905e-01 2.336577945200463413e-01 2.014731113819838160e-01 1.990534344006490985e-01 2.625088291473857693e-01 2.267589181507305429e-01 2.325997856816475196e-01 2.232512122658415754e-01 2.207274802193823493e-01 2.172363178672483963e-01 1.961558263775733946e-01 2.007485144143915934e-01 1.815094037817263362e-01 1.857181762989778273e-01 1.739768560374080897e-01 1.730555524557062519e-01 2.036418744088959454e-01 1.974316592942778337e-01 2.201030797916460335e-01 1.954155156880058031e-01 1.962435304805412173e-01 1.848759780473195335e-01 1.999121681547778306e-01 1.968909105467877285e-01 2.015240580452306030e-01 1.663760648651624319e-01 1.685116333046655090e-01 1.752040789539215382e-01 1.707131087967605765e-01 1.887092370085911575e-01 1.821570810558876263e-01 1.877676600721521205e-01 1.991082912986243403e-01 1.934341362095036987e-01 2.026544200021423436e-01 1.924280321306340580e-01 1.683692659439489925e-01 1.847559167368029998e-01 1.773121494502963857e-01 1.775056564135700787e-01 1.853657015922103857e-01 1.822403987074993625e-01 1.807786862367378178e-01 1.863285189493392724e-01 1.870394634928676802e-01 1.747608903749065246e-01 1.781067483184510247e-01 1.901944517495189613e-01 1.692497043127655365e-01 1.673657364967320593e-01 1.770832035739817734e-01 1.857499968772620691e-01 1.821999000098804000e-01 1.960107716017092105e-01 1.800902138744982506e-01 1.943788456564153333e-01 1.927007464237761036e-01 1.990024367583514975e-01 1.859324828543162667e-01 1.768047806202123484e-01 1.816364178952510344e-01 1.990715709753770601e-01 1.814490976797071276e-01 1.719706484374973199e-01 1.701729602375808004e-01 1.666826897756645276e-01 1.932811634926457633e-01 1.800723264773164412e-01 1.928586733333879366e-01 1.887349135569910685e-01 1.760211607530755562e-01 1.767230379104453852e-01 1.787261309209965399e-01 1.666862072478195178e-01 1.736461317136414051e-01 1.797724661959082260e-01 1.759222675402341562e-01 1.796294942970916575e-01 1.820634424514578076e-01 1.807165109083692933e-01 1.794647565430773362e-01 1.755709657855928640e-01 1.698207942469613929e-01 1.679543917220354676e-01 1.882452113582696873e-01 1.804341131406786425e-01 1.773751807507921441e-01 1.885801459169509919e-01 1.812622098304405294e-01 1.823672735388937594e-01 1.697160400367788702e-01 1.813768960397545704e-01 1.752213522713204630e-01 1.695104510361964412e-01 1.682029553153235601e-01
1.531067582813454842e-01 1.509980841753807979e-01 1.000000000000000000e+00 4.341969770472152157e-01 2.268148766907739367e-01 2.558179506399698711e-01 4.313221579782764992e-01 4.210780169609986134e-01 3.665112473394604442e-01 3.197053663148287650e-01 3.982074280894633556e-01 4.228692460663296959e-01 3.647579634653385638e-01 3.010361472672719585e-01 4.320545161556299529e-01 4.486510222186219643e-01 3.981561143752463949e-01 4.032518113020847617e-01 3.519628744855318181e-01 3.717979650060424524e-01 4.471988826262795480e-01 4.266821676009044384e-01 3.591043294804062702e-01 3.702078199393779578e-01 3.656165499776982131e-01 4.275734865355065861e-01 4.237008039134922965e-01 4.164312166249328206e-01 4.100158206726309262e-01 4.024392661116478753e-01 4.042887647342760515e-01 4.272633560891003213e-01 4.218921209074487089e-01 3.966459442370010025e-01 4.154676660289801648e-01 3.843206303259233958e-01 3.774610164972953541e-01 4.313457764483321633e-01 4.119272265643693087e-01 4.164567147269022107e-01 4.074897258729488492e-01 4.165357334782087695e-01 4.022965208710108098e-01 4.161834155264797497e-01 4.049801360311688914e-01 4.008710481043076812e-01 3.908665287803010369e-01 3.965004261158128207e-01 4.182571989726021622e-01 4.373701169856227255e-01 4.308200302431231532e-01 4.092909362530737782e-01 4.182624970647981777e-01 4.050321533052041456e-01 4.160691901849716268e-01 4.131486490922255950e-01 4.312034720883143879e-01 4.081897675342902598e-01 4.267590994441199381e-01 4.062328206771113059e-01 4.080896422905725407e-01 4.146977871983515418e-01 4.175640482459720415e-01 4.139594643735863277e-01 3.955013590280676006e-01 4.044396217361024837e-01 3.839980514805751421e-01 3.950122982603308519e-01 3.980108303652590274e-01 4.177988029388067237e-01 4.157026847307287443e-01 3.946182243467950546e-01 3.959924223840077251e-01 3.938267134570381245e-01 4.101207810120369723e-01 3.968951637356555318e-01 3.977986158244033454e-01 4.020939272584250213e-01 4.027727405160487217e-01 3.964767131046896820e-01 3.840237428552334409e-01 3.920420934768319987e-01 4.081043055228622540e-01 3.974132652728026849e-01 4.055939987897108634e-01 3.884668061080070456e-01 3.799505275012945993e-01 4.112439101413751796e-01 3.965774459362754745e-01 4.026358918000219056e-01 3.975719492698850943e-01 3.944558382958361364e-01 3.940452565116961958e-01 3.924553027474382838e-01 3.829325643673370250e-01 3.866608515950070712e-01 4.204879539205062522e-01 4.150987679484007820e-01 4.021404705188718620e-01 4.168935416968762575e-01 3.957135296183113549e-01 4.119071191677156629e-01 4.026465951153377354e-01 3.981322040329421386e-01 3.948854110894470248e-01 4.111247178160838955e-01 4.094676734289779407e-01 3.840073728051102142e-01 3.996482063947244256e-01 4.015714358540448670e-01 4.044307884139393128e-01 3.886577263785474523e-01 4.014196934150838225e-01 3.985276212377708571e-01 3.937818921332286726e-01 3.886985088648922670e-01
2.632903234120361757e-01 2.074728530004900651e-01 4.341969770472152157e-01 1.000000000000000000e+00 3.959631813147164725e-01 4.048973632567743342e-01 6.974515418888552754e-01 7.023265018277851102e-01 5.130709433431448474e-01 4.482731341610787235e-01 6.095981501634015753e-01 6.551495436462698718e-01 5.228087994743636502e-01 4.700421832362555175e-01 6.332201589389285790e-01 6.610211773929516310e-01 5.956173636112979120e-01 6.260931909290506914e-01 5.300364742675784946e-01 5.879493325445820373e-01 7.221405111641108210e-01 6.468873873311782319e-01 5.343120740828273263e-01 5.664159421820476048e-01 5.349088402259668529e-01 6.930986576514743813e-01 6.623156794665543412e-01 6.355533408872597878e-01 6.462889209367561616e-01 6.101907838235738346e-01 5.963858475235928047e-01 6.372136966684585069e-01 6.377326205842842599e-01 5.843887296223994055e-01 6.045326635183804198e-01 5.843033417879200941e-01 5.522092991135372220e-01 6.532737809421765851e-01 6.120457904812688366e-01 6.444024268481987061e-01 5.887471544913545074e-01 6.130689074710125031e-01 6.238354996730881563e-01 6.178581578173373279e-01 6.096505708364521325e-01 5.974643439673151812e-01 5.515777334803049214e-01 5.709452958848182380e-01 5.969144121774478950e-01 6.442046719915843767e-01 6.472094229685433353e-01 6.288501694245121065e-01 6.136332182238140032e-01 5.904069533387925617e-01 6.113574462987951819e-01 6.127434121821372370e-01 6.408190046969179932e-01 5.883308734320240596e-01 6.288861946323885954e-01 5.818219830328394959e-01 5.956859016913097493e-01 6.029902847475899774e-01 6.255955884181924054e-01 6.096548150753521300e-01 5.705946282922597090e-01 5.887720964380623867e-01 5.425328697087885566e-01 5.605928751199420468e-01 5.714351356647935365e-01 6.152191106944766563e-01 5.946194746628776784e-01 5.627651453404272086e-01 5.675454405879051256e-01 5.733864805976833789e-01 6.004587900085434082e-01 5.685069303357659365e-01 5.793146187301471128e-01 5.880307912412244820e-01 5.872801386067784124e-01 5.698227075185050561e-01 5.489327909162474706e-01 5.511279852841408644e-01 6.032059042312404307e-01 5.786282681244855342e-01 5.878952839299173005e-01 5.579048129443935355e-01 5.443415726206987104e-01 5.998753387407188553e-01 5.725924240101443186e-01 5.816614161647845060e-01 5.810592089796455806e-01 5.617985578218611664e-01 5.590781842370335930e-01 5.602024676773977863e-01 5.325091704294954154e-01 5.470444409074585179e-01 6.095909768897976866e-01 6.023807102661454804e-01 5.732076628746586300e-01 6.029245595410503977e-01 5.789823561568652188e-01 5.937439853019965685e-01 5.720237699899628492e-01 5.663911903179711382e-01 5.742544501814941249e-01 5.922748935111802338e-01 5.764897927906167396e-01 5.472914710904975832e-01 5.734003576026825977e-01 5.693719957489815631e-01 5.810785698819103118e-01 5.411562693989390160e-01 5.710781313827043570e-01 5.721092872272878216e-01 5.605896764036059077e-01 5.496081404964385797e-01
1.714056009800590252e-01 1.458066483929812418e-01 2.268148766907739367e-01 3.959631813147164725e-01 1.000000000000000000e+00 3.309564693144556036e-01 4.801106396867139692e-01 4.777122517493170850e-01 5.128962203797799990e-01 4.358645114490943273e-01 4.868778158848532933e-01 5.274452992522152828e-01 5.118351990022717013e-01 4.052527921502943054e-01 5.267441496666801504e-01 5.326862595828784075e-01 5.058468885463908160e-01 4.756642081945191003e-01 4.626487704021320368e-01 4.080014972738910117e-01 4.576265513270328378e-01 4.994376995832543464e-01 4.986907147274033392e-01 4.430666074331853777e-01 4.538560576795024337e-01 5.381940917297860505e-01 5.237249297641151102e-01 4.951141488565517501e-01 4.847005324887581068e-01 5.345234604540186618e-01 5.308246274927594932e-01 5.100634857706050074e-01 4.757619904549634793e-01 4.787729927689631793e-01 5.183634460694757085e-01 4.889606580098600497e-01 5.080465370831620531e-01 5.006490629512385659e-01 5.165397563081659538e-01 4.629625042320806294e-01 5.162417181467221505e-01 5.081086633097178229e-01 5.186050197090967817e-01 5.380988754486358827e-01 5.164236548067377974e-01 5.176371476712076092e-01 5.181683528743274980e-01 5.187424830980768009e-01 5.100754387289628822e-01 4.854705141001565138e-01 5.161313692906707162e-01 5.135588448324038824e-01 5.330127046223870346e-01 5.403246827380921991e-01 5.270379908601930952e-01 5.105685935959531907e-01 5.247560381039979571e-01 5.216334583802549885e-01 5.142877491097029852e-01 5.369950241938376001e-01 5.306724073471602576e-01 5.343309671118922077e-01 5.265372084404371655e-01 5.329176042484783382e-01 5.411410940272468606e-01 5.358930711410855308e-01 5.219554769092342728e-01 5.172582276536117352e-01 5.239237732273416270e-01 5.305646956347184195e-01 5.212696179889040327e-01 5.200015533246493682e-01 5.147384588292877039e-01 5.133908970070354405e-01 5.361595218007383368e-01 5.219583001292235069e-01 5.184264463566609082e-01 5.165969393317992875e-01 5.240956222703889722e-01 5.332954500085829164e-01 5.222683667616280223e-01 5.209230019465072026e-01 5.218475006400692395e-01 5.240409000297664432e-01 5.110224353666180663e-01 5.123774991338412299e-01 5.064117603371810494e-01 5.191110225239338183e-01 5.193769427668284422e-01 5.165383507812332242e-01 5.128589977593325244e-01 5.155084602512072234e-01 5.181935507364259230e-01 5.133660482579459616e-01 5.121965289406374966e-01 5.160767236186156737e-01 5.031128289031845391e-01 5.142262868360473194e-01 5.223263675876670398e-01 5.217543669263661199e-01 5.210225044240240910e-01 5.207343696685948764e-01 5.259059579444639310e-01 5.249365335472689909e-01 5.201270581538103288e-01 5.209039447958777602e-01 5.165021487106175035e-01 5.208134335520648861e-01 5.201110426652454377e-01 5.259785419884920321e-01 5.119866316017973595e-01 5.200816997715490553e-01 5.225982418022989684e-01 5.280028182473289755e-01 5.271650680702648639e-01 5.226482592803795013e-01
3.579636462683846720e-02 1.136325633184510769e-01 2.558179506399698711e-01 4.048973632567743342e-01 3.309564693144556036e-01 1.000000000000000000e+00 5.181924260779491309e-01 4.662468247808251864e-01 5.384058486185933079e-01 5.007994081098832151e-01 5.583416794412852102e-01 5.689578750699365584e-01 4.935398126039156064e-01 4.549454297156963478e-01 5.913285112979137503e-01 5.595239386854603536e-01 5.426480846752586018e-01 5.135045548412769945e-01 5.366938747456054815e-01 3.726318974446473087e-01 4.755151761024094537e-01 5.689682124412743791e-01 5.115890719315744350e-01 5.075268467383571291e-01 5.349996920602620998e-01 5.727354371292462387e-01 5.746321498013765572e-01 5.719573145578962237e-01 5.467305296566087325e-01 5.832520857506038325e-01 5.933096575694484232e-01 5.870076240082350294e-01 5.429794270154665314e-01 5.490795983668206315e-01 5.718030088162694424e-01 5.823652220456946305e-01 5.837712873981223405e-01 5.849166602579447538e-01 5.965940400010423250e-01 5.699366397367731096e-01 6.048272979758092527e-01 6.039395292452839348e-01 5.944284856179573584e-01 6.094988626543630383e-01 5.988153978872183814e-01 6.049826533460803679e-01 5.885929459936889430e-01 6.129406782660622444e-01 5.809121261380648660e-01 5.654686882559344374e-01 5.820329350268904633e-01 5.799591367692599198e-01 5.867393648286484131e-01 5.876231293412788048e-01 5.867376573832463471e-01 6.018185591601423745e-01 5.752575416063727687e-01 5.932170156249783055e-01 5.850710134996273126e-01 5.954768735943821723e-01 5.899335511974106439e-01 5.811397405312717090e-01 5.818172373778588424e-01 5.858047302151943025e-01 5.861459805878063145e-01 5.771123227992334126e-01 5.943216697468474141e-01 5.954891442018582781e-01 5.996404251315942124e-01 5.764610114846261402e-01 5.981078133718388257e-01 5.989497245165266159e-01 5.895399316696096070e-01 5.977084266899534981e-01 6.079339294150908346e-01 6.009567513791890248e-01 6.036112112532058260e-01 5.862696504234826689e-01 6.052796933662395462e-01 5.950863948786405677e-01 5.930619672230996731e-01 5.936720002353559344e-01 6.059115145552366188e-01 5.944469888725825157e-01 5.950158702415710987e-01 5.956919316748652271e-01 5.978349720295866865e-01 6.015928075139053144e-01 6.019005783842581447e-01 6.025021167525117516e-01 6.030252914206327697e-01 6.019220902677688834e-01 5.992162853006939294e-01 6.030841071970564071e-01 5.858677002014780477e-01 5.962628371857527920e-01 5.905311776358567188e-01 5.875266339740494725e-01 5.902953155438901423e-01 5.949902320868785122e-01 6.037303858304886583e-01 5.929952917203549223e-01 5.972247285133031047e-01 5.999775763561456809e-01 6.012496390096884191e-01 5.876953255090595629e-01 5.870036899668619190e-01 6.003591404755650451e-01 6.020661451749500515e-01 5.966620398323070340e-01 5.993540241257212520e-01 5.917994052361771340e-01 5.928343558756334897e-01 5.948291999981569766e-01 5.950005878152592187e-01 5.851598027927298329e-01
2.001638854389003741e-01 2.328891003259330739e-01 4.313221579782764992e-01 6.974515418888552754e-01 4.801106396867139692e-01 5.181924260779491309e-01 1.000000000000000000e+00 7.735954773323737710e-01 6.720918021706001610e-01 6.145765678094405882e-01 7.572675042069636486e-01 7.780209787248685283e-01 6.685752099524502334e-01 5.931829792768590348e-01 8.276072595167052182e-01 8.047070220207650504e-01 7.311479232182701571e-01 7.440776388535860209e-01 7.043151409220963499e-01 6.294608825676600850e-01 7.512385819093849726e-01 7.860341019946358587e-01 6.998939318906908236e-01 7.187214751685444547e-01 7.111647143944183069e-01 8.239831019909658050e-01 8.009964179634201376e-01 7.921920463760556697e-01 7.662571607322310463e-01 7.748924146349153164e-01 7.743075242136087111e-01 7.952552084267715538e-01 7.652714099076048937e-01 7.436350767904652548e-01 7.580419347587458168e-01 7.486462142637053674e-01 7.363084724961028726e-01 8.209268076090300292e-01 7.870143085844079067e-01 8.015831009257520234e-01 7.740336020957957475e-01 8.012126442661736681e-01 7.922163365616102793e-01 7.971260515916998024e-01 7.881727930828617001e-01 7.922120924223062799e-01 7.448792269025147350e-01 7.572308622652891286e-01 7.697598961781191296e-01 7.866727969672994147e-01 8.027101727752217197e-01 7.768703466349685671e-01 7.778751025346551939e-01 7.725704498309307056e-01 7.901323218314969532e-01 7.999699217628519765e-01 7.906231008047973630e-01 7.685402447205080811e-01 7.979746468220251243e-01 7.621663071538610223e-01 7.734913317463681937e-01 7.755590892559528493e-01 7.879344491135663597e-01 7.731301449800082048e-01 7.561267590939660943e-01 7.595048338360064211e-01 7.433420499301648388e-01 7.577970363497815720e-01 7.673711919375415524e-01 7.768265835540367759e-01 7.697383630994448778e-01 7.561526912279717960e-01 7.635929597912497480e-01 7.636612819947994346e-01 7.875780783994771328e-01 7.652623560664221225e-01 7.775549169478416234e-01 7.682926678836159429e-01 7.857311808036239187e-01 7.601268573135379070e-01 7.488000585646858998e-01 7.487268554680466259e-01 7.882299428877632685e-01 7.652288819124858366e-01 7.744014811306834112e-01 7.551757362352946590e-01 7.438690352447129284e-01 7.931784592023061187e-01 7.650023722354108990e-01 7.760450061879620165e-01 7.786928763738524273e-01 7.632778682319050212e-01 7.584576229190761465e-01 7.628445865779835966e-01 7.346123542875552248e-01 7.438239467962934892e-01 7.857560819956606046e-01 7.764451731445846105e-01 7.633657286230336458e-01 7.820055549740078105e-01 7.743364020977134832e-01 7.743870773663785734e-01 7.595286596489261299e-01 7.591574417372076722e-01 7.628793118968665299e-01 7.700842996606906965e-01 7.642006829159818659e-01 7.494221260249182004e-01 7.690978444006912884e-01 7.604568948107613968e-01 7.720885067838522131e-01 7.403208440713260341e-01 7.623655107136046993e-01 7.594384268974327945e-01 7.511182890361691733e-01 7.387686780619950877e-01
2.444736860920541655e-01 2.311476607320862575e-01 4.210780169609986134e-01 7.023265018277851102e-01 4.777122517493170850e-01 4.662468247808251864e-01 7.735954773323737710e-01 1.000000000000000000e+00 6.470833823480606206e-01 5.663319845053805812e-01 7.116853613879574603e-01 7.520410705170197385e-01 6.308270059876205371e-01 5.531879364793141907e-01 7.582626934251265327e-01 7.963593048972971156e-01 7.072583255614095510e-01 7.006375817520507088e-01 6.455766059111949229e-01 6.560577775861176075e-01 7.672864209028648075e-01 7.517155960351561417e-01 6.346726505356848902e-01 6.600819746556976231e-01 6.431369492358928186e-01 7.772531032303712228e-01 7.624979767589372681e-01 7.160811076082599369e-01 7.295262430482341021e-01 7.383112889262531953e-01 7.252297330573780343e-01 7.453972989150605688e-01 7.218079127862141453e-01 7.017860476479469423e-01 7.203618476298845330e-01 7.135641763744027255e-01 6.935282834406095720e-01 7.743089081989659173e-01 7.406079113473378328e-01 7.346215443311771010e-01 7.162902233480066272e-01 7.366363002042644048e-01 7.517599787026375546e-01 7.523420791413321096e-01 7.298782691973609849e-01 7.287018146409798280e-01 7.035369749366056080e-01 7.165835713994579415e-01 7.396015990791994232e-01 7.586561822582008618e-01 7.753734009693484808e-01 7.404754298120886924e-01 7.451005328268824890e-01 7.387769908069541369e-01 7.589750887195434448e-01 7.428714150101292102e-01 7.800086339214096220e-01 7.362359495759772665e-01 7.768063220710139660e-01 7.254759426259290711e-01 7.468691657299436626e-01 7.567087810943577963e-01 7.717848571094727550e-01 7.512563289494167407e-01 7.164650127070254504e-01 7.262858505411303733e-01 6.899178090385331696e-01 7.041200143050314608e-01 7.107564116546286614e-01 7.428609881766933265e-01 7.223671173378152233e-01 7.023459014003182732e-01 7.099643224185042678e-01 7.040214697974593872e-01 7.341740687436798529e-01 7.079027792080105908e-01 7.086430811574949695e-01 7.215591543110029260e-01 7.200207631760218163e-01 7.112552529540292490e-01 6.937292855574022088e-01 6.938589450531656988e-01 7.352035093478952454e-01 7.157402311887016699e-01 7.212240128402179762e-01 7.013224893577487684e-01 6.847430233133533495e-01 7.328614244326734362e-01 7.098115409109538865e-01 7.214693160495595503e-01 7.078404101025085327e-01 7.009526109325188159e-01 6.983895846629578630e-01 6.969698850339673957e-01 6.801694762907953828e-01 6.916687338774045735e-01 7.393450168315114368e-01 7.445243391810537625e-01 7.212586484573350054e-01 7.394369129469037238e-01 7.156398696524136627e-01 7.386037092927651981e-01 7.110581611789416057e-01 7.106708896906785977e-01 7.106167418736484276e-01 7.361790670368325573e-01 7.225188124741095397e-01 6.925990053057711204e-01 7.151242787098580633e-01 7.218662267098846508e-01 7.273233929297611144e-01 6.934785006822885567e-01 7.218848398721604553e-01 7.173905825520017210e-01 7.057689865064145085e-01 6.946071174397959735e-01
1.536321920186500822e-01 2.023487017807325816e-01 3.665112473394604442e-01 5.130709433431448474e-01 5.128962203797799990e-01 5.384058486185933079e-01 6.720918021706001610e-01 6.470833823480606206e-01 1.000000000000000000e+00 7.388713786425109564e-01 7.798324819882286318e-01 8.235904775834467229e-01 7.627104629243933731e-01 6.476091558313603613e-01 8.352875016359213589e-01 7.921164255948104360e-01 7.854714791068997393e-01 7.288327148649705878e-01 7.682440724959288536e-01 5.467137640815655786e-01 6.629151113056943601e-01 7.855351482172062694e-01 7.470193910207429955e-01 6.879460288756603648e-01 7.432186385315180388e-01 7.937439300860200664e-01 8.113690860912075031e-01 7.869189367534598079e-01 7.620495094287006443e-01 8.413230430222220502e-01 8.545501001400922503e-01 8.327081551902767442e-01 7.569259241317584097e-01 7.726699051969434517e-01 8.192190056866986980e-01 8.139414691910370481e-01 8.467241179326653322e-01 8.107054491350289549e-01 8.431582163495600080e-01 7.522264899221581258e-01 8.579064845952971696e-01 8.309244502519503861e-01 8.134684679282853104e-01 8.612492237871406386e-01 8.432559602452417424e-01 8.405401217271469827e-01 8.607440970032104177e-01 8.736071163927586758e-01 8.471801026047048877e-01 8.068538576126274009e-01 8.371762820448731546e-01 8.171768737170026498e-01 8.561399805843772359e-01 8.644587938963252949e-01 8.398866716591695258e-01 8.360504722503169228e-01 8.385248240070644066e-01 8.530684611464611766e-01 8.386907057413039990e-01 8.708384734786432935e-01 8.562745632446552291e-01 8.568663059699561657e-01 8.408370308766440759e-01 8.581585370186866069e-01 8.733814107418887973e-01 8.624199354003900808e-01 8.686076859744458201e-01 8.617374823411044771e-01 8.615251795482631314e-01 8.377718951220544108e-01 8.540340819112111070e-01 8.608932124256785112e-01 8.441908888865944371e-01 8.478503918777338111e-01 8.678859564096661483e-01 8.642821292132519817e-01 8.554682562863666906e-01 8.492698646435069554e-01 8.553074601992854964e-01 8.677376042413564861e-01 8.640303001807768668e-01 8.675770505172485381e-01 8.593746841279440440e-01 8.609508261227623027e-01 8.490864811361286124e-01 8.567623281863938622e-01 8.615747748526189076e-01 8.496505029509853202e-01 8.605902071561080113e-01 8.558654316309410870e-01 8.472361611703157491e-01 8.589625425314525442e-01 8.593444648971554356e-01 8.567290922250166973e-01 8.583695516109146606e-01 8.644297377619032385e-01 8.342565081894208756e-01 8.495096602515881390e-01 8.552968687260016356e-01 8.537242580282169424e-01 8.505717951003464172e-01 8.544335159175054928e-01 8.627639031278165893e-01 8.631257875110679434e-01 8.607240996754282891e-01 8.520939757996827124e-01 8.594061469265991127e-01 8.632611117102414466e-01 8.565566222543635755e-01 8.666134433334790055e-01 8.495519788238138359e-01 8.665314291614903963e-01 8.611499530607433783e-01 8.664062968286233568e-01 8.728689688701392058e-01 8.644003867203625679e-01
5.873972085206291549e-02 2.129933909993898533e-01 3.197053663148287650e-01 4.482731341610787235e-01 4.358645114490943273e-01 5.007994081098832151e-01 6.145765678094405882e-01 5.663319845053805812e-01 7.388713786425109564e-01 1.000000000000000000e+00 7.041926242673730574e-01 7.410104664973953259e-01 6.891997861951785209e-01 5.820814990345606343e-01 7.651539002845866300e-01 7.271455164791610359e-01 7.095457584036006793e-01 6.384461549156439375e-01 7.012705396662456403e-01 4.795468895141337673e-01 5.826725029687820356e-01 6.979851858582057922e-01 6.680281128608831498e-01 6.102720550653046860e-01 6.637763817717751147e-01 7.106402507216014186e-01 7.272001220868880011e-01 7.199193498338911645e-01 6.839854538876823931e-01 7.484848305958605730e-01 7.725204676453030217e-01 7.596575997717984752e-01 7.006933709926216336e-01 7.052624281497852365e-01 7.421332654834636999e-01 7.536982761116854945e-01 7.750637609751570567e-01 7.550310827864394891e-01 7.784587051572161576e-01 7.167187529146197278e-01 7.907598072150944235e-01 7.711942853734455872e-01 7.487802586895757617e-01 7.894439903083080301e-01 7.757838400606673623e-01 7.774837521672999241e-01 7.943443766080090507e-01 8.069037928900649748e-01 7.816218936490922919e-01 7.373547147378682887e-01 7.699372953271464981e-01 7.282803474473507066e-01 7.776370033891543132e-01 7.912132364343390512e-01 7.660249435798966999e-01 7.799270567944980304e-01 7.633442178661447031e-01 7.887476461283092766e-01 7.771210916303872285e-01 7.960021427919252712e-01 7.851992975730146540e-01 7.847054227889728173e-01 7.673264043620900976e-01 7.846470579162660997e-01 7.931088034631551542e-01 7.819131619861461324e-01 7.973734131740282116e-01 7.861554493281363021e-01 7.900180494317193824e-01 7.635453093604543939e-01 7.782050847651111880e-01 7.871700123173408503e-01 7.689788337740995905e-01 7.706923958430149657e-01 7.926683096131633688e-01 7.932777379267436091e-01 7.839290258941397083e-01 7.779455346202012178e-01 7.844960674783590937e-01 7.890009519948123495e-01 7.922006152787297584e-01 7.970582521870384074e-01 7.950279463253824286e-01 7.879336661591548330e-01 7.829843920921050193e-01 7.879647158674525365e-01 7.955199589247039516e-01 7.900653719620399640e-01 7.939189125802572633e-01 7.954992923427274265e-01 7.874673181597346971e-01 7.951376360904797158e-01 7.945221369483723706e-01 7.952426000495215197e-01 7.948318778697401887e-01 7.999733353770537292e-01 7.690665147456341444e-01 7.722840273928746058e-01 7.865347469698400484e-01 7.846602560445453678e-01 7.858630863056010885e-01 7.855779054626598201e-01 7.893915840506721127e-01 7.947834573920580237e-01 7.887559443727214514e-01 7.817856152320540319e-01 7.893576395997884410e-01 7.988618872321596731e-01 7.942548308103053456e-01 7.982912577488039396e-01 7.913684391518409633e-01 7.989215326400914696e-01 7.956110290736289059e-01 7.932083695871017248e-01 7.974543258572822646e-01 7.935867631302906400e-01
1.000815129795537828e-01 1.946065100326426212e-01 3.982074280894633556e-01 6.095981501634015753e-01 4.868778158848532933e-01 5.583416794412852102e-01 7.572675042069636486e-01 7.116853613879574603e-01 7.798324819882286318e-01 7.041926242673730574e-01 1.000000000000000000e+00 8.655377669610695435e-01 7.604860904026409241e-01 6.491890826352787469e-01 8.697120520637058316e-01 8.479633727769968488e-01 7.926420889629535171e-01 7.723720741986046523e-01 7.895954346660757350e-01 5.992929755480581600e-01 7.386549512933084927e-01 8.266267917017212641e-01 7.573206993851407942e-01 7.392510880611229407e-01 7.769391770592377622e-01 8.268468353483467981e-01 8.363424237839058861e-01 8.276978293727551561e-01 7.931771497529115367e-01 8.611298440039515389e-01 8.696468585162309139e-01 8.716613181515342479e-01 8.236621341650655070e-01 8.135813732200269932e-01 8.564555338888819591e-01 8.480957843215795045e-01 8.577532472772950722e-01 8.713201695538490554e-01 8.806363400657357676e-01 8.337185672623054211e-01 8.825259334464147232e-01 8.758422089972427438e-01 8.709641041720296295e-01 8.904826722765285529e-01 8.821480500391450930e-01 8.760724367409297164e-01 8.755776909059131974e-01 8.759314991699601594e-01 8.716199375480753186e-01 8.609630768560151415e-01 8.866404484620302728e-01 8.466602116893076069e-01 8.784819230684901559e-01 8.726593240676143726e-01 8.699293511006397361e-01 8.783662295948128085e-01 8.663404314771896431e-01 8.768222628964768006e-01 8.788550373592001197e-01 8.800772208060163582e-01 8.859058865304585417e-01 8.784939614664227792e-01 8.735809975579506004e-01 8.784316022499226717e-01 8.745307849362914387e-01 8.686435107042782544e-01 8.767975490615179668e-01 8.792665132230449432e-01 8.828158639711327638e-01 8.698544200874100962e-01 8.844173641785258999e-01 8.783909844588767557e-01 8.649798980724071606e-01 8.736573544770737110e-01 8.877555312405008836e-01 8.818078943990659280e-01 8.804085107701847823e-01 8.702429222086761618e-01 8.797390071512831700e-01 8.812142796324859972e-01 8.755068334362984261e-01 8.776117484518923817e-01 8.871301199533844217e-01 8.859814196918587292e-01 8.824731529650913231e-01 8.770631404574935619e-01 8.770762701629133407e-01 8.892403594989654048e-01 8.869160652371363973e-01 8.831026754640914911e-01 8.828208630543746827e-01 8.830153600801360358e-01 8.824578189805564188e-01 8.819095304646287214e-01 8.746430452390075994e-01 8.780570585545117712e-01 8.807508060782437420e-01 8.767407778223106352e-01 8.830839492991396922e-01 8.900966747420394620e-01 8.838201864544426023e-01 8.851978151879478229e-01 8.817449269758333985e-01 8.847871344282552952e-01 8.827177690117615771e-01 8.761047538273757374e-01 8.806730035492881248e-01 8.772036663792553979e-01 8.836877113550437590e-01 8.827674109709107153e-01 8.840926483111188894e-01 8.757335841799774867e-01 8.815115564022532046e-01 8.824742722368089654e-01 8.770753714968898551e-01 8.714946976292023972e-01
1.109214339786043085e-01 1.770549760434252384e-01 4.228692460663296959e-01 6.551495436462698718e-01 5.274452992522152828e-01 5.689578750699365584e-01 7.780209787248685283e-01 7.520410705170197385e-01 8.235904775834467229e-01 7.410104664973953259e-01 8.655377669610695435e-01 1.000000000000000000e+00 8.302511107151249181e-01 7.065356644194324964e-01 9.138878093327843510e-01 9.067176165523419540e-01 8.363121439231300247e-01 8.006169953672641615e-01 8.148534538936088589e-01 6.643832438332232249e-01 7.832489544210842203e-01 8.706469674670125336e-01 7.843988034133534404e-01 7.564028988206535908e-01 7.981771418064205204e-01 8.600457722837265839e-01 8.753184053043595592e-01 8.631663398682846156e-01 8.405658723358467865e-01 8.892825377283576360e-01 9.051822658998358584e-01 9.183314419313730603e-01 8.554123060793930033e-01 8.525713177784932650e-01 9.008137051047599986e-01 8.803440996660339968e-01 8.965907789329072841e-01 9.111653174942567768e-01 9.166680696979069287e-01 8.543341023464803285e-01 9.198050580186686309e-01 9.100944376155448712e-01 9.085939440096891806e-01 9.347144927899815325e-01 9.173059517346936476e-01 9.183907801669846105e-01 9.236587721451610111e-01 9.266379533432796967e-01 9.258604871682021287e-01 9.111227162922982403e-01 9.321767508338074659e-01 8.888228198803149738e-01 9.301157376705100344e-01 9.272378404768740756e-01 9.215678304227999940e-01 9.185167452544057420e-01 9.279882330637839738e-01 9.331873847323475246e-01 9.333273395381717075e-01 9.358910057341662814e-01 9.356678073580456667e-01 9.351799316102118453e-01 9.329536935445257306e-01 9.378664803592922095e-01 9.241855235695777271e-01 9.317729498406196464e-01 9.223896922767793605e-01 9.240256056791961159e-01 9.282171572216205702e-01 9.310787035256419264e-01 9.368997887872283492e-01 9.243129834638185161e-01 9.081094828401727881e-01 9.145702082846924874e-01 9.324459523146020334e-01 9.269846361970683901e-01 9.205388373742373620e-01 9.216626881793248405e-01 9.222465819622779337e-01 9.270639712600716731e-01 9.213778374638582624e-01 9.223063558060862199e-01 9.295211355024336486e-01 9.288366924976317884e-01 9.255981071624032053e-01 9.208572965423120760e-01 9.194871740298774521e-01 9.325351934999004389e-01 9.311360179869632159e-01 9.264674351147093034e-01 9.221256684269784065e-01 9.258660008405508179e-01 9.259403579222330594e-01 9.252582781051374994e-01 9.226355594637359880e-01 9.264254436638301726e-01 9.173885633185079325e-01 9.259489163674399226e-01 9.303954347656706592e-01 9.316754457617988372e-01 9.260629517839058522e-01 9.334318975550203179e-01 9.309903594772471758e-01 9.310954020941265563e-01 9.288020762224887816e-01 9.265249887194687561e-01 9.283240495534780257e-01 9.258261552802368177e-01 9.278677335396918746e-01 9.309254730780809339e-01 9.280014273910380806e-01 9.259109489135606275e-01 9.311810108330287328e-01 9.328440753136262309e-01 9.288017245238696651e-01 9.275998414600714614e-01
7.877795403978581079e-02 1.405188267428931770e-01 3.647579634653385638e-01 5.228087994743636502e-01 5.118351990022717013e-01 4.935398126039156064e-01 6.685752099524502334e-01 6.308270059876205371e-01 7.627104629243933731e-01 6.891997861951785209e-01 7.604860904026409241e-01 8.302511107151249181e-01 1.000000000000000000e+00 6.376304875632359259e-01 8.286326244980161126e-01 8.167238960090688060e-01 7.519004820460430949e-01 6.938252715616177735e-01 7.376128093523161011e-01 5.765000526543659909e-01 6.543538621898743468e-01 7.639685063187137137e-01 7.124510875611407279e-01 6.667747856181776012e-01 7.210327387260884180e-01 7.650571460656180323e-01 7.747490231437775821e-01 7.609326600800661033e-01 7.415721506111923045e-01 8.105096145799467466e-01 8.269255212729715865e-01 8.195525845373570206e-01 7.403246101464181494e-01 7.599263692665996217e-01 8.102332512991604618e-01 7.862002662205719306e-01 8.198243038189738652e-01 7.980697733955065543e-01 8.245696328487948090e-01 7.336349587618751222e-01 8.445391457623999676e-01 8.146743443999010514e-01 8.101157411605515168e-01 8.485941741066512778e-01 8.299846370713307442e-01 8.297493141502034764e-01 8.583808435869608733e-01 8.498067755572713544e-01 8.497604577866042508e-01 8.085900116623423450e-01 8.362405185516643691e-01 7.923856482485488462e-01 8.484062123487281504e-01 8.490180533659411610e-01 8.304868343581488510e-01 8.224005325185060888e-01 8.262980006150785206e-01 8.507358869900250031e-01 8.358406571744815272e-01 8.654737398800360637e-01 8.578808269288390465e-01 8.512638789079544077e-01 8.372733438206466650e-01 8.566103740868267202e-01 8.590855862188188086e-01 8.559354224131182631e-01 8.578946640526372569e-01 8.532362774707630271e-01 8.538970142904104277e-01 8.492100916969109736e-01 8.550075501693660263e-01 8.529443955907950459e-01 8.360015094318645756e-01 8.382863405887051034e-01 8.609595000167742374e-01 8.558771843796253442e-01 8.424822437529005947e-01 8.436284884982540033e-01 8.465856013364989607e-01 8.592025029437221351e-01 8.560848604985880073e-01 8.586813883285434601e-01 8.421585423694838424e-01 8.508160845240229087e-01 8.448152937327945144e-01 8.475545175263399234e-01 8.483301636059709105e-01 8.471802935719175975e-01 8.551147579298302714e-01 8.501948517343426159e-01 8.404043132835415930e-01 8.551757859513160476e-01 8.549253384150974355e-01 8.537194136736561134e-01 8.627804680733853759e-01 8.605400840841309629e-01 8.345349822300652809e-01 8.442707013516068670e-01 8.586417763480336252e-01 8.529615587816068434e-01 8.498597606193210030e-01 8.540862615385312884e-01 8.630954208719769927e-01 8.613731962661125285e-01 8.522346706602383914e-01 8.479592674026154020e-01 8.591265263562180010e-01 8.601946927503852924e-01 8.550769199549393962e-01 8.592296224734399246e-01 8.483693619845521505e-01 8.621378498766352205e-01 8.586307425585342212e-01 8.628816269488430724e-01 8.607316845206912648e-01 8.639321766792356083e-01
