1.000000000000000000e+00 9.861844563921765006e-02 1.744640511453795506e-01 1.756766849144552056e-01 7.577875593757862904e-02 4.031255868825045496e-02 1.251652280926451866e-01 8.925615402316139368e-02 1.859669679179179469e-01 1.273358484382847433e-01 9.985342398069066427e-02 9.782617901365314728e-02 4.722709579236735594e-02 -7.799351048630376142e-03 4.037831026872645140e-02 6.775962648718536485e-02 1.626441381445859202e-01 1.494863561034527055e-01 1.331608392782866190e-01 1.602153659704195765e-01 1.767044978607556216e-01 1.484301228822487995e-01 1.163994250451090978e-01 1.278457163264849761e-01 1.132072180995205013e-01 9.636304598368246321e-02 9.910732016080769924e-02 6.135830472359276450e-02 9.866157323294437453e-02 1.155105442238286290e-01 8.011603572180436839e-02 9.170654987521256740e-02 4.173701797697242782e-02 6.938113396116427078e-02 5.944787919446566787e-02 6.615105391442757665e-02 6.084436244335381105e-02 4.490893436275525397e-02 4.465351264583433677e-02 3.405235625279652567e-02 4.937636765207597395e-02 1.944000352998912634e-02 4.894504481423960635e-02 3.681247442164611167e-02 4.960661775954668118e-02 3.454473617310513389e-02 2.549660416339847441e-02 3.138958366549132045e-02 5.026027742853536595e-02 4.725383720020061989e-02 5.140965935343855958e-02 4.113044822069793910e-02 3.677117466770415261e-02 5.582505396850871715e-02 6.451058515089880263e-02 7.615000067966985753e-02 8.634437984512535746e-02 2.246600289557947050e-02 4.373774198757980625e-02 3.623177812226854866e-02 2.459296311695084725e-02 4.142624088141247385e-02 5.714716963498465974e-02 6.772483923043400023e-02 5.963238022162287849e-02 6.060325863008906438e-02 4.491575809957629867e-02 5.132966862158544474e-02 6.931371686759466022e-02 6.600399102187327893e-02 5.111985206013928279e-02 4.083430366552777413e-02 6.553013774146314308e-02 5.106137859375049770e-02 3.949112977151583714e-02 2.363322730098426153e-02 2.562045531944032520e-02 3.521189540054713019e-02 2.762329595899168030e-02 2.705833721427377409e-02 3.304147498884121154e-02 3.126444570209691021e-02 4.774203273086993771e-02 1.859726473143327036e-02 4.189436118214220038e-03 2.903932383203760431e-02 2.052178554658188811e-02 9.272826350587411171e-03 1.677697474565940233e-02 5.483934576248885445e-02 3.299997152979859943e-03 1.481484766749681901e-02 1.354816648053063129e-02 1.195943436998652028e-02 2.434874572626477551e-03 2.418307353573396698e-02 6.511364369818760205e-03 3.601566451796408413e-02 5.961133388444951088e-03 1.151325839849130610e-02 1.136754235627606378e-02 2.322035529887362879e-02 1.874638214580679266e-02 1.745084537937483665e-02 2.236147432618063730e-02 4.761118764783711654e-02 4.240747142283677468e-02 2.329869318967553102e-02 3.398382497663649665e-02 1.456325678997187102e-02 1.566810287936533375e-02 2.820224659843457646e-02 2.017417421885265433e-02 2.356086505635123993e-02 3.737274141680700656e-02 2.432244555092164320e-02
9.861844563921765006e-02 1.000000000000000000e+00 -4.016642537949142652e-03 8.292509548689930288e-02 9.584746973058159980e-02 1.147625379388289846e-01 1.377845337368608369e-01 1.451255794888215989e-01 1.809053511855847896e-01 2.120182068938883946e-01 1.575183715592225198e-01 1.491856062986147147e-01 1.564410750125976857e-01 1.548425795203302036e-01 1.562354880016484093e-01 1.574712358778627141e-01 1.951981039419021791e-01 9.080000943389122947e-02 1.319534342464685206e-01 1.035075167408521929e-01 1.345708805600253632e-01 1.196079056345854819e-01 1.393168655207005224e-01 1.004080364484546545e-01 1.355223803054460274e-01 1.253676011660959100e-01 1.562828840518366569e-01 1.430282741874550900e-01 1.515807203355257482e-01 1.726135542932297762e-01 1.617606487138831539e-01 1.596349541243627657e-01 1.681028549216927181e-01 1.589664952180351865e-01 1.695142837742982522e-01 1.591331520250986731e-01 1.761758570585487960e-01 1.561573934651319384e-01 1.722982684415768906e-01 1.362523858494637530e-01 1.529780871909692530e-01 1.500089451262415219e-01 1.415000571276286423e-01 1.614869032575479701e-01 1.645733131200178001e-01 1.712387373066413254e-01 1.611070722982261005e-01 1.672111815839222304e-01 1.513958281450737131e-01 1.375929336626865451e-01 1.515795376964620411e-01 1.507206905250776940e-01 1.580792364854172738e-01 1.662580762402000867e-01 1.566259031052216200e-01 1.533394085561613496e-01 1.626353589019393642e-01 1.592827566126882310e-01 1.669101950797157730e-01 1.545268091178877146e-01 1.445471507605882444e-01 1.647261926717680236e-01 1.651483357026126697e-01 1.543753304966971052e-01 1.528508327608000261e-01 1.667221168611744408e-01 1.635383263602573356e-01 1.523463820707851024e-01 1.525913563054016875e-01 1.354794844142445109e-01 1.476774113499874086e-01 1.422320152468588006e-01 1.477075569749332073e-01 1.348125508012251728e-01 1.411367697390489284e-01 1.495550313147223365e-01 1.400593257257674307e-01 1.456952940838872057e-01 1.423753440733429021e-01 1.610622941412618025e-01 1.602568763423598830e-01 1.546064835644632429e-01 1.544243638452399703e-01 1.599173882226538612e-01 1.451808917600800886e-01 1.545925139238729373e-01 1.605993736508870839e-01 1.426624726942870292e-01 1.569944188649958772e-01 1.527141311971113025e-01 1.391414642205185404e-01 1.456974339125214346e-01 1.446473786772194958e-01 1.517082131167748760e-01 1.458201471271009242e-01 1.602456598647534203e-01 1.342997114689797600e-01 1.456591612912455647e-01 1.489365017870621366e-01 1.464512912762603869e-01 1.441229337975584168e-01 1.476507702887902840e-01 1.517935937874625441e-01 1.464896927247869574e-01 1.473500402985346569e-01 1.547838862739434884e-01 1.617603556733195336e-01 1.554158646310800085e-01 1.524487887025155752e-01 1.541240315625287127e-01 1.523621678307497951e-01 1.556887069412486169e-01 1.563785159645657008e-01 1.513078351368399854e-01 1.517759348172421641e-01 1.511668153473700038e-01
1.744640511453795506e-01 -4.016642537949142652e-03 1.000000000000000000e+00 4.572031669830689538e-01 2.623886424403801820e-01 2.587841369661763036e-01 3.984664113639245775e-01 3.617706262188583044e-01 3.613044323889703646e-01 3.171160265765220476e-01 3.806073055815317185e-01 4.112841708140908548e-01 3.303171870030448543e-01 2.747000252657681441e-01 3.732472999508804623e-01 3.928314276567227981e-01 3.776673517019417670e-01 4.489420458095436661e-01 4.441647491748206278e-01 3.900896961214144754e-01 4.535950324317508664e-01 4.529037598310399759e-01 4.434900054661357061e-01 4.412354988959736324e-01 4.272204222054596934e-01 4.178768523012366121e-01 3.980681570126786140e-01 4.129280480403975107e-01 3.808065137662471900e-01 4.054266367632836099e-01 3.907056583349420853e-01 4.261907379441781107e-01 3.951924298515536171e-01 4.012141650456176323e-01 3.659866298668354445e-01 4.159830395103034095e-01 3.766911146964033730e-01 3.869554779132542977e-01 3.808883120165428293e-01 4.286606314827308695e-01 3.892783671549532309e-01 3.863093796490254528e-01 4.227288015371927221e-01 3.811677519388173563e-01 3.948062028317608219e-01 3.717334510982368001e-01 3.500472055882795086e-01 3.506106484653019884e-01 3.656328251477097835e-01 3.989480536405621280e-01 4.067944344973100645e-01 3.925844974233765328e-01 3.636867738565128239e-01 3.534292185216486581e-01 3.809923897411481852e-01 3.997537945256433578e-01 3.763707050611556637e-01 3.641068991041216396e-01 3.555591277522502924e-01 3.494214242736520815e-01 3.599732545218307656e-01 3.475583658309624457e-01 3.585196140208900539e-01 3.767152786861535652e-01 3.726165894883933793e-01 3.586631354884604606e-01 3.634174813646304236e-01 3.908187061046418109e-01 4.066130400660032951e-01 3.936434113355714581e-01 3.943677880675373060e-01 3.889886932679332276e-01 4.019609173026950644e-01 4.004345979352185170e-01 3.842651205066858200e-01 3.726156598970407074e-01 3.839847114778658921e-01 3.669541485511420009e-01 3.774756763397378867e-01 3.610008765574296286e-01 3.593343341155269544e-01 3.692299393542168851e-01 3.986694189820227940e-01 3.598709378912542389e-01 3.752639369528865676e-01 3.749445214057646747e-01 3.704930577377801293e-01 3.774038169323898351e-01 3.683093649796059244e-01 3.881778095196693479e-01 3.856408209208164739e-01 3.738840113641063168e-01 3.736385560239592341e-01 3.663608186319354254e-01 3.467330637933151438e-01 3.545323050702173795e-01 3.862373703021851901e-01 3.701036264069890724e-01 3.548840348805467615e-01 3.684016636837653125e-01 3.779519344781978596e-01 3.605225565651111741e-01 3.610268514279723062e-01 3.649736945699653679e-01 3.739041139434106653e-01 3.743484857442694325e-01 3.660496833341211897e-01 3.573199364582850812e-01 3.751696367123531495e-01 3.506093835217009014e-01 3.573586478598614335e-01 3.522944843931382630e-01 3.502806591969240824e-01 3.648564831243538698e-01 3.635789347005744521e-01 3.540276874602526491e-01
1.756766849144552056e-01 8.292509548689930288e-02 4.572031669830689538e-01 1.000000000000000000e+00 3.821788567497013678e-01 3.989773299405086626e-01 6.090486253396335536e-01 5.741368372547018817e-01 5.293926062849068082e-01 4.700518975397869892e-01 5.791799968433515300e-01 6.351309934942547253e-01 5.222288309023718211e-01 4.403587589248183498e-01 5.889140856784842448e-01 5.947793602185376116e-01 5.425273973542181771e-01 5.744743541622820970e-01 5.961837554341543610e-01 5.664599426686210970e-01 6.490654320533492116e-01 6.321886167401035150e-01 5.945644783887078511e-01 5.586541500186087417e-01 5.606750568995746420e-01 5.993838537622349083e-01 5.991943356727115200e-01 5.984714232324142014e-01 5.749085325133670432e-01 5.892133119460425394e-01 5.907368467732182493e-01 6.044697068076969604e-01 5.810137870566238760e-01 5.718225304631269212e-01 5.355585799326209040e-01 6.066252602495542101e-01 5.617973719177553615e-01 5.926484170023228470e-01 5.875021947277123679e-01 6.187122594158023237e-01 5.869601088944326195e-01 5.893044809579940368e-01 6.178647496502551739e-01 5.817808533139505744e-01 5.952301297550615100e-01 5.794319203991602496e-01 5.489614540526962516e-01 5.459189009998189901e-01 5.601470030456677796e-01 5.951559104135066836e-01 6.109365514651395879e-01 6.039016248576715151e-01 5.618919394649292132e-01 5.470445361460825051e-01 5.618386999113351710e-01 5.937633026853567086e-01 5.637197975116396975e-01 5.588713789550472377e-01 5.476195725412082993e-01 5.487007779520284290e-01 5.577738789463825286e-01 5.399977350005082943e-01 5.573867826941667492e-01 5.793159689428810655e-01 5.708660373197839144e-01 5.577008175534383660e-01 5.608831078529058489e-01 5.840859412191719002e-01 5.935982586098887959e-01 5.960157198106696974e-01 5.897549815173193100e-01 5.752342673690737929e-01 5.828982706516885326e-01 5.794031028470310041e-01 5.838772436803875143e-01 5.707558235925357382e-01 5.839887487519013209e-01 5.706367240907213034e-01 5.669877354874385267e-01 5.562081060907410057e-01 5.603969386067763070e-01 5.669819590617387606e-01 5.999525358982116252e-01 5.521617145790017611e-01 5.728726486616326774e-01 5.633418705354630296e-01 5.662849097617894678e-01 5.833403506657737214e-01 5.646550450188885240e-01 5.958747001756250494e-01 5.895563089493685016e-01 5.759292609666359919e-01 5.706978627650736158e-01 5.637543546323697807e-01 5.427889716584985980e-01 5.542875412726488982e-01 5.913630274361225680e-01 5.824560697349033811e-01 5.566886357023419496e-01 5.793528618293463106e-01 5.789165440803136775e-01 5.732988289185947384e-01 5.629464395626411211e-01 5.676373151533510297e-01 5.775639282141372677e-01 5.735630218254444967e-01 5.674795228887150600e-01 5.582670632417091605e-01 5.764845089540096001e-01 5.526226336527524374e-01 5.626403032622712130e-01 5.537063816181160281e-01 5.505991930965832282e-01 5.692869472384259888e-01 5.647467546982731790e-01 5.546790510377701544e-01
7.577875593757862904e-02 9.584746973058159980e-02 2.623886424403801820e-01 3.821788567497013678e-01 1.000000000000000000e+00 3.165619978517202338e-01 4.896011030244258877e-01 4.799742288921438615e-01 4.535860249545864420e-01 4.376358459494882891e-01 4.835767568781894066e-01 5.175681047605860119e-01 4.746468810792215387e-01 3.945747457387156487e-01 5.008749495000568430e-01 5.054790043775995168e-01 4.608822661308970003e-01 4.380151321874795611e-01 4.618634556282322223e-01 4.695645939283247250e-01 4.883927919348312052e-01 4.859928568057502174e-01 4.652830790955099216e-01 4.296325826912028023e-01 4.517638853942269050e-01 4.987133744275377145e-01 4.982703464999239107e-01 4.870299602624881818e-01 4.568190205681537108e-01 5.005970817415957841e-01 4.971463601069341931e-01 4.968538332364188514e-01 4.694308541613886887e-01 4.856683396150470178e-01 4.709214422653889009e-01 4.864967043681464043e-01 4.995436282780600368e-01 4.954415291647416564e-01 5.031821525815084462e-01 4.957676472606773466e-01 5.067420129750096480e-01 5.000267734584779022e-01 5.065753960513769139e-01 5.038457077712059640e-01 5.065044325458306629e-01 4.963844655787523763e-01 4.898554939319126333e-01 4.894106570871028516e-01 4.804472088142069941e-01 4.884574829352694159e-01 5.040362954572238374e-01 5.070354402992762743e-01 4.910895415699701450e-01 4.822055006832575708e-01 4.791801852223675495e-01 4.995419765940010137e-01 4.758230613745021431e-01 4.919562725042924134e-01 4.767264039167140033e-01 4.878585004504293332e-01 4.887548047322036737e-01 4.790231619180308487e-01 4.764998356063409601e-01 4.930421409799510823e-01 4.934525228112738859e-01 4.897072422943349879e-01 4.949836205104253817e-01 4.929404114514021606e-01 5.022584377482484097e-01 5.071459223820261597e-01 5.032950932294507629e-01 4.926240030501117251e-01 4.924264407086789141e-01 4.908771937310794642e-01 4.992281007291791695e-01 4.917506700439635559e-01 4.952811771444113886e-01 4.817932128210514198e-01 4.871712376594879434e-01 4.926653348617669459e-01 4.965842313167911914e-01 4.942631444411275110e-01 5.001403085803244331e-01 4.927509771475103162e-01 4.929975735377660206e-01 4.915959491458432029e-01 4.949050422728630827e-01 4.969076303015063645e-01 4.941763134722376161e-01 5.037147508638150084e-01 5.016911265457029145e-01 4.983346215975770210e-01 4.994072685819165858e-01 4.959772183677880752e-01 4.853252810760493308e-01 4.923134474905961899e-01 4.873872736408015882e-01 4.879154824140781166e-01 4.857920520903760697e-01 4.992890064804197392e-01 4.999295289629525629e-01 4.916939646697658373e-01 4.959742195961874267e-01 4.981699298364551942e-01 4.987716913114741413e-01 4.864410199370428067e-01 4.906457448377969932e-01 4.929622515583103048e-01 4.974221168208178834e-01 4.919494376077666042e-01 4.914562443372676448e-01 4.938000366326786295e-01 4.857770223908778884e-01 4.949034074275527328e-01 4.944907493999199377e-01 4.902789342386389970e-01
4.031255868825045496e-02 1.147625379388289846e-01 2.587841369661763036e-01 3.989773299405086626e-01 3.165619978517202338e-01 1.000000000000000000e+00 5.369519553616888263e-01 5.056244368873535899e-01 5.185447261232515315e-01 4.934445337467234793e-01 5.372134436933007073e-01 5.786378164570673555e-01 5.261175867074309176e-01 4.951966860169490503e-01 5.858907173223568687e-01 5.701897495235964675e-01 5.197997904849854800e-01 5.317988095163526108e-01 5.599439994277207733e-01 5.206637378664827898e-01 5.457417962853653437e-01 5.479070620886771215e-01 5.469970507016773675e-01 5.269042055304241634e-01 5.442957833142257895e-01 5.712003344873365362e-01 5.623903820482217819e-01 5.795619972310597223e-01 5.423950025976402856e-01 5.877693611878789248e-01 5.933086048691266212e-01 5.955130383503485225e-01 5.683741772497409306e-01 5.837633556274390845e-01 5.709425294837594533e-01 5.821542924709742772e-01 5.854461681221601044e-01 5.992029193990990876e-01 5.939752156687267970e-01 5.923900259769120380e-01 5.915946103217867291e-01 5.974353584227773961e-01 5.921511821386462593e-01 6.045869032363833107e-01 6.002972570379820905e-01 6.006421055635786654e-01 5.888811313087883859e-01 5.898621095866832809e-01 5.839539787660453785e-01 5.860865858433298436e-01 6.004537481535306975e-01 5.882477796801499625e-01 5.901133761125588739e-01 5.876882359074645512e-01 5.873497385072694588e-01 5.905304782720217638e-01 5.799778801507973203e-01 5.909847648218280458e-01 5.862967876682284585e-01 5.835814180533732687e-01 5.903798372270038231e-01 5.841650793991929325e-01 5.816954795689732727e-01 5.870482372134727678e-01 5.813447019187716336e-01 5.906995362377914782e-01 5.930067431023600122e-01 6.028372592303051780e-01 6.027206111257612520e-01 5.992956042608073020e-01 5.992195268894228155e-01 5.960505200181135388e-01 5.970782478382267167e-01 5.938278963596391735e-01 5.985721969269136578e-01 5.947012174580599275e-01 5.994597942123230938e-01 5.813295192703921144e-01 5.926741020433229368e-01 5.916390182563402433e-01 5.936047566965779732e-01 5.954388306916870155e-01 5.975718762196604583e-01 5.930748114949876415e-01 6.001450623972905962e-01 5.977175755052873685e-01 5.984319927047555554e-01 5.990304216889326128e-01 5.997242597083543014e-01 5.984122150945655472e-01 5.992061914761872554e-01 6.005229670601491820e-01 5.979835135728458484e-01 5.979179888532115683e-01 5.905633515895063468e-01 5.945644453094562909e-01 5.944636218374680370e-01 5.926693306205459422e-01 5.943555610258672850e-01 5.983755196379856311e-01 6.023078575979741167e-01 5.955753873037900048e-01 5.933157482743217637e-01 5.979215577299686890e-01 6.001456026922716847e-01 5.903969294546670410e-01 5.956930706176164492e-01 5.944107572154561092e-01 5.998966619495832431e-01 5.921336618315915512e-01 5.934326000020565539e-01 5.929733471087133001e-01 5.906973222727194273e-01 5.967906796379132128e-01 5.908187787227625609e-01 5.916418618729990531e-01
1.251652280926451866e-01 1.377845337368608369e-01 3.984664113639245775e-01 6.090486253396335536e-01 4.896011030244258877e-01 5.369519553616888263e-01 1.000000000000000000e+00 7.343601008926539109e-01 7.237977293551096647e-01 6.914752321627786191e-01 7.738411132923875835e-01 8.151567637160708202e-01 7.331087051175093627e-01 6.442483034699665323e-01 8.304640706441626108e-01 8.103048961026564356e-01 7.122830369438929443e-01 7.475018573557883350e-01 7.662200898375294278e-01 7.491801043512126279e-01 7.958237413945943306e-01 7.810329329513852059e-01 7.509798155192222158e-01 7.234676677031156578e-01 7.418212131551844557e-01 7.981951635915094379e-01 7.982213921978893456e-01 8.054056245663940850e-01 7.367878357251398391e-01 8.106591883806627541e-01 8.237827530241763618e-01 8.170217909139987356e-01 7.780882684990648723e-01 7.879757189421457975e-01 7.734550101650226051e-01 7.772535770070677641e-01 7.976714529159912859e-01 8.138620397756471947e-01 8.089397897950174610e-01 8.158985008443008224e-01 8.099038888780359935e-01 8.155457068125260278e-01 8.196454177962591015e-01 8.203028554927074278e-01 8.231168018067905878e-01 8.164091082188627002e-01 7.949483555376045674e-01 7.959763004247870644e-01 7.945568656347742342e-01 8.006253207440661157e-01 8.197640784248928503e-01 7.969804346353650537e-01 7.979465924720497982e-01 7.936146227490671334e-01 8.063456460079100330e-01 8.166317557075528644e-01 7.868724470266771354e-01 8.005437322467690020e-01 7.980921234847414558e-01 7.920207247938400030e-01 7.916827130466069784e-01 7.957707671596581100e-01 7.895400792029753090e-01 7.952458671272597535e-01 7.876781124268863454e-01 7.953234749536749471e-01 7.986458095752481112e-01 8.146632202446025817e-01 8.207483536822802739e-01 8.270640689058190720e-01 8.180841932353704049e-01 8.055400546305728771e-01 8.098825281599356662e-01 8.068040483886971259e-01 8.157082755136613184e-01 8.085318255156431766e-01 8.164347313215638557e-01 7.854096021789575000e-01 8.075911257231600526e-01 7.993042549352034065e-01 8.076434113420865035e-01 8.082443925085812664e-01 8.109381839780591683e-01 7.997615530826713837e-01 8.026638820342570924e-01 8.015080706690019818e-01 8.036008151172693292e-01 8.115713938155402207e-01 8.065142463051947486e-01 8.161327837747990310e-01 8.172010524009069021e-01 8.129367663179175585e-01 8.092261995749441272e-01 8.094153466417602916e-01 7.887080256807261769e-01 7.982392524708592507e-01 7.959820027824437982e-01 7.921123836684067498e-01 7.941090967131207989e-01 8.024795097167409796e-01 8.102935916683146056e-01 7.981446292770263407e-01 8.003279622755570255e-01 8.057460237887391630e-01 8.038974235074850538e-01 7.982536998699089059e-01 8.001605045245587799e-01 8.016236433889919466e-01 8.144235797196026638e-01 7.983132113943866015e-01 8.035358498206471856e-01 7.977074129205068420e-01 7.970317585381965220e-01 7.990589280953310780e-01 7.948223647257400826e-01 7.939518611380046442e-01
8.925615402316139368e-02 1.451255794888215989e-01 3.617706262188583044e-01 5.741368372547018817e-01 4.799742288921438615e-01 5.056244368873535899e-01 7.343601008926539109e-01 1.000000000000000000e+00 6.873919372285905993e-01 6.533579226339167878e-01 7.390964560283851403e-01 7.795640052160547340e-01 7.068179096821015639e-01 6.222552710093023354e-01 7.746538789386224755e-01 7.848016071685551820e-01 6.829569306029659170e-01 6.875808918233589084e-01 7.077084444885599623e-01 7.026267204501659425e-01 7.386426800042191765e-01 7.270511675952865405e-01 6.962793990810638434e-01 6.485079276901647427e-01 6.717987828739734324e-01 7.470546641579121072e-01 7.407171852323199968e-01 7.494657534195169335e-01 6.799957695121048307e-01 7.639701245941943331e-01 7.740864303860837126e-01 7.753941346819397396e-01 7.385227166316802316e-01 7.477742819072636937e-01 7.320368017917473491e-01 7.526376108280490307e-01 7.544432426988925133e-01 7.832080981774151018e-01 7.759744459018541596e-01 7.738546915947973615e-01 7.710763683820658354e-01 7.747302569833455221e-01 7.775899369948630069e-01 7.804230476714791864e-01 7.794083386839985028e-01 7.736622161875714720e-01 7.670781295328470417e-01 7.646038417399797504e-01 7.686039733466606405e-01 7.750038902227286419e-01 7.934556027593862026e-01 7.622115594884230072e-01 7.665950416857256755e-01 7.661801382480682987e-01 7.703919052273604517e-01 7.828721737188850671e-01 7.676091984589764605e-01 7.738818010008069459e-01 7.727665470823068539e-01 7.617550558497138136e-01 7.678041957888224189e-01 7.660931480401786953e-01 7.643568672466396485e-01 7.687306569548143509e-01 7.611823279911054119e-01 7.692389689800888108e-01 7.677348960633735286e-01 7.716523177214441587e-01 7.768274336363227839e-01 7.871090305619030669e-01 7.778366528009639236e-01 7.679031710170493019e-01 7.609520349492299163e-01 7.608310610007649188e-01 7.750370052882893379e-01 7.720786171284601540e-01 7.752337805294597928e-01 7.431276982652982310e-01 7.639207018586271492e-01 7.700562466754679036e-01 7.715763170073324240e-01 7.729928858858133855e-01 7.795202641726942661e-01 7.670910957512940831e-01 7.713897961336221298e-01 7.684308733951998871e-01 7.661040013375080004e-01 7.817004948602309655e-01 7.727046907575290113e-01 7.799415167882179922e-01 7.799003059817930517e-01 7.795913642630125651e-01 7.738463054369358884e-01 7.742977945474176504e-01 7.635992020340786057e-01 7.698756381134650439e-01 7.757022330784214548e-01 7.750962941126087191e-01 7.693718236407663946e-01 7.780389756797880807e-01 7.817783260179116400e-01 7.776522063585297184e-01 7.717745256546294508e-01 7.770062701889781653e-01 7.761716622499915674e-01 7.749276262772408774e-01 7.745580587573589471e-01 7.709433993127988716e-01 7.801762475734070890e-01 7.710758043457726085e-01 7.778943250499575912e-01 7.684511000970606354e-01 7.709278628593948524e-01 7.770401315368672401e-01 7.679609814745061991e-01 7.691362118280770099e-01
1.859669679179179469e-01 1.809053511855847896e-01 3.613044323889703646e-01 5.293926062849068082e-01 4.535860249545864420e-01 5.185447261232515315e-01 7.237977293551096647e-01 6.873919372285905993e-01 1.000000000000000000e+00 7.610279032269378074e-01 7.904555589147689298e-01 8.136894395895745147e-01 7.546665245760959539e-01 6.924798355106852599e-01 8.317210130920835720e-01 8.215881275955888574e-01 8.024781252204304938e-01 7.473098790161548655e-01 8.013273763385823090e-01 7.140554306019382125e-01 7.722024912414415798e-01 8.029059005730758702e-01 7.331104820513502096e-01 7.332289147943620300e-01 7.662978543359162398e-01 8.249705898584371866e-01 8.174008135372777817e-01 8.044926863278225593e-01 7.804562368910314962e-01 8.617869569412781594e-01 8.616902147188650885e-01 8.436628345492404035e-01 7.942640298664094267e-01 8.398780445486870860e-01 8.356625905873146243e-01 8.034622685957453214e-01 8.410914291334806725e-01 8.464126674383809501e-01 8.456343893478931451e-01 7.767420070138022492e-01 8.488899538629055552e-01 8.321553887824127971e-01 8.124039669102868233e-01 8.486614221981922945e-01 8.480992111145844170e-01 8.442382381634275790e-01 8.563332409482504737e-01 8.609903965946137383e-01 8.582754321372597639e-01 8.366314147814711832e-01 8.484621525858209168e-01 8.113954857669530840e-01 8.486299062485123113e-01 8.675215085371366097e-01 8.546003692944041941e-01 8.551478240344037030e-01 8.581509495638662832e-01 8.460337015477361611e-01 8.540416776734297555e-01 8.555450244780560265e-01 8.551949954640072349e-01 8.549468114586095124e-01 8.528010029704762296e-01 8.630422945090783227e-01 8.575937235912322043e-01 8.641887482116348274e-01 8.652957591612767674e-01 8.619244124396961970e-01 8.593901061890866222e-01 8.547238288321076238e-01 8.617462700413694998e-01 8.604700736006818396e-01 8.507397551164681548e-01 8.512833852524254175e-01 8.597796126243848480e-01 8.526940920389834977e-01 8.436225943441328923e-01 8.376535511826255220e-01 8.475295062780130451e-01 8.571070552613223592e-01 8.571244318412204466e-01 8.595523756033146556e-01 8.552181259262093826e-01 8.530563702282090155e-01 8.407237909109583907e-01 8.586327218059329747e-01 8.503539158596239433e-01 8.457344706409277713e-01 8.519658572575998789e-01 8.569478755795559843e-01 8.298644796172264249e-01 8.508245099980100701e-01 8.467226755697521146e-01 8.514190488415223079e-01 8.527009243820683482e-01 8.600562716378272743e-01 8.294054923897755671e-01 8.494832836383038321e-01 8.524390100664973602e-01 8.453512650204937362e-01 8.470002107359519972e-01 8.561877313680958945e-01 8.528224269287026926e-01 8.549683250619161123e-01 8.521781938273333967e-01 8.582701978753293215e-01 8.646620507882698536e-01 8.579748572263169448e-01 8.588662922698688806e-01 8.553081119195941051e-01 8.524161604982687379e-01 8.611323782378962344e-01 8.554707580898093244e-01 8.576257491914797138e-01 8.622896566381977879e-01 8.594903037460757123e-01
1.273358484382847433e-01 2.120182068938883946e-01 3.171160265765220476e-01 4.700518975397869892e-01 4.376358459494882891e-01 4.934445337467234793e-01 6.914752321627786191e-01 6.533579226339167878e-01 7.610279032269378074e-01 1.000000000000000000e+00 7.419223110542385591e-01 7.702282088450634889e-01 7.289196345103756691e-01 6.519298860985067723e-01 7.962247036304587189e-01 7.747038395732726013e-01 7.590977721928799937e-01 6.770148974859575564e-01 7.319030823019246901e-01 6.679361648664026152e-01 7.130361703861261002e-01 7.340529559501838275e-01 6.951421876457083426e-01 6.685613489548150046e-01 6.971363531500874844e-01 7.803262869118123835e-01 7.735521681296370078e-01 7.650097261985577823e-01 7.492278405070368352e-01 8.064019669724175055e-01 8.159044894226660238e-01 7.957472927070343705e-01 7.536985488440994807e-01 7.915754825019160057e-01 7.824701554362883948e-01 7.614408928571727575e-01 7.927020872195718049e-01 7.969001463222555870e-01 8.053123887703007577e-01 7.510132147796565460e-01 8.036813953375314679e-01 7.910067107514838769e-01 7.632673750041174543e-01 8.000279611601701646e-01 8.069323998265280906e-01 8.023261913428602066e-01 8.142020429378027391e-01 8.156606975455001907e-01 8.081886269042891646e-01 7.840671711847827519e-01 8.036584750567224988e-01 7.653786668382196456e-01 8.017230790289689990e-01 8.156969172982079241e-01 7.987176690588171368e-01 8.086578875786695209e-01 7.985713118332726790e-01 7.976799689145631644e-01 8.072406843345232286e-01 8.065131293729687068e-01 8.056188266950998766e-01 8.059232427663644005e-01 7.992195380848604591e-01 8.083074654599927689e-01 8.028102208020968522e-01 8.129875608174749191e-01 8.168227477702265649e-01 8.090194367509134787e-01 8.089443955481480097e-01 8.041635310009626059e-01 8.087686215154460401e-01 8.053776665095460086e-01 7.962098502420276169e-01 7.938415901281201670e-01 8.107587506024515056e-01 8.078155980845684869e-01 8.019316108177273472e-01 7.992745060485105801e-01 8.030556050005369650e-01 8.129291964599818510e-01 8.134212807575296189e-01 8.151771452135553320e-01 8.110019121342821879e-01 8.105316141821325981e-01 7.980016116976934581e-01 8.104074026809392484e-01 8.081865285335216864e-01 8.036836251815492327e-01 8.105882958619045064e-01 8.140661908136325176e-01 7.930381260349912420e-01 8.087199132699224302e-01 8.062083985665006169e-01 8.082369168267631299e-01 8.078917334511916959e-01 8.164404694828584219e-01 7.818854955791161299e-01 7.921476331207407684e-01 8.056555578970377995e-01 8.057149358303193898e-01 7.999037048012428430e-01 8.041155175407640465e-01 8.056942519614925802e-01 8.093315559223503985e-01 8.054364406425030820e-01 8.038392651899703978e-01 8.167002959568677722e-01 8.128917220734200866e-01 8.139432547408630425e-01 8.103532944891116419e-01 8.114644243391646583e-01 8.134302602357116330e-01 8.104655529272385417e-01 8.080706151124993353e-01 8.122011551827079678e-01 8.100338854907309649e-01
9.985342398069066427e-02 1.575183715592225198e-01 3.806073055815317185e-01 5.791799968433515300e-01 4.835767568781894066e-01 5.372134436933007073e-01 7.738411132923875835e-01 7.390964560283851403e-01 7.904555589147689298e-01 7.419223110542385591e-01 1.000000000000000000e+00 8.580368837107195112e-01 7.761839460520626455e-01 7.090683163647560905e-01 8.655791354663732173e-01 8.547637863686662341e-01 7.767359708276336816e-01 7.661561188982342063e-01 8.091386964250814051e-01 7.566400532311512439e-01 8.146885708415403382e-01 8.198439249746581892e-01 7.773360033302518790e-01 7.560034682639152903e-01 7.783615439293243288e-01 8.498673242439886977e-01 8.447099826588460036e-01 8.492943992859735003e-01 8.058824527994333797e-01 8.669122991243743970e-01 8.922230443874705763e-01 8.696379186123655014e-01 8.326502125388799413e-01 8.550353865623074867e-01 8.434206598029259094e-01 8.300478820375983835e-01 8.636664598126170267e-01 8.759263588408034984e-01 8.710886778577303646e-01 8.496351076456644114e-01 8.744044568294663256e-01 8.680979583204462280e-01 8.556019668761265518e-01 8.753810426714503379e-01 8.825748847232223193e-01 8.779512945140660607e-01 8.732363779183234254e-01 8.770003243330944942e-01 8.749322061907611747e-01 8.652151073274139126e-01 8.856742157646829705e-01 8.398363134210327097e-01 8.661757766930461289e-01 8.717736809300415946e-01 8.743031935996474768e-01 8.796649435827808006e-01 8.623809842675513870e-01 8.695527475741111623e-01 8.755851888411959605e-01 8.679008645489244556e-01 8.736183907192883735e-01 8.702796222324500341e-01 8.683973489962517611e-01 8.710726264900124916e-01 8.580679331888988459e-01 8.715987998471188547e-01 8.742421678464756818e-01 8.820716669841864865e-01 8.833186740177328966e-01 8.849087255902241544e-01 8.859314608420689741e-01 8.774038109010497966e-01 8.714795943278406121e-01 8.720308700353658349e-01 8.818696323443862006e-01 8.782342151344924019e-01 8.794776181060486309e-01 8.630551470920653223e-01 8.726181100446074312e-01 8.761673507049545506e-01 8.798033344728642957e-01 8.820732698788190662e-01 8.815015352838624363e-01 8.750553244276418896e-01 8.711303677072445018e-01 8.748171398927889753e-01 8.754123300828512422e-01 8.797651751465500602e-01 8.766966576796598742e-01 8.819635566961945283e-01 8.783036769761108919e-01 8.815739782410876302e-01 8.768703669962745195e-01 8.779049452465556014e-01 8.719655650665266711e-01 8.790947751219683193e-01 8.662343970723219710e-01 8.668301072075484948e-01 8.754549794329018475e-01 8.783511519587208216e-01 8.770402388466944643e-01 8.745803051326320743e-01 8.749032595232472120e-01 8.775418245995515454e-01 8.757494653775880211e-01 8.720561211740761598e-01 8.799426432807271325e-01 8.778462087165826988e-01 8.855467546052685490e-01 8.766994400819009270e-01 8.825216917100316971e-01 8.754564124788792867e-01 8.755545812587549603e-01 8.754713986549624849e-01 8.740756565113385612e-01 8.738202654906453981e-01
9.782617901365314728e-02 1.491856062986147147e-01 4.112841708140908548e-01 6.351309934942547253e-01 5.175681047605860119e-01 5.786378164570673555e-01 8.151567637160708202e-01 7.795640052160547340e-01 8.136894395895745147e-01 7.702282088450634889e-01 8.580368837107195112e-01 1.000000000000000000e+00 8.198949369008398103e-01 7.307367470436136880e-01 8.998270731359350183e-01 8.979936074605384677e-01 8.147736948846860949e-01 8.018779899867353178e-01 8.434740558714683978e-01 7.995991058355518266e-01 8.604266425686165620e-01 8.598371522313776882e-01 8.085241913973355565e-01 7.779726011909455785e-01 8.077131948267177730e-01 8.737383889255624370e-01 8.731276452115604991e-01 8.746468897996872993e-01 8.262215060254418653e-01 9.016675012790057453e-01 9.172438623200791508e-01 9.054935828223051875e-01 8.668044168424173801e-01 8.838469079236292991e-01 8.686946823008582230e-01 8.756667748842003052e-01 8.914178129397197781e-01 9.125234779814879182e-01 9.097650351979673644e-01 8.898653190974948890e-01 9.069816963610525251e-01 9.037188748190072562e-01 9.028846572844841933e-01 9.164122729019076319e-01 9.172870949072832181e-01 9.110571161323182121e-01 9.045499322578151036e-01 9.065360474183464801e-01 9.074391679824375112e-01 9.010497042649564525e-01 9.222642383823738133e-01 8.870808573374856509e-01 9.046866504620943994e-01 9.039521426710996899e-01 9.042481876244133909e-01 9.173244459439712228e-01 9.016313126664083910e-01 9.057317823238991705e-01 9.044622830802248048e-01 9.050520052213337774e-01 9.077571426828685563e-01 9.053978216773472809e-01 9.017885016815594401e-01 9.117081356085749988e-01 9.023253201930394596e-01 9.112242480346713913e-01 9.103433049876613614e-01 9.157027582776072760e-01 9.158878272725020642e-01 9.230122701378605798e-01 9.224766672050546124e-01 9.111729259985793528e-01 9.052236329543104087e-01 9.030398460928045212e-01 9.142721348795068703e-01 9.091784262748271450e-01 9.109250191156026411e-01 8.908756424151749176e-01 9.048998339372763544e-01 9.097386254765090774e-01 9.126601957789521880e-01 9.154029184532629371e-01 9.182876669708983641e-01 9.072099227825634049e-01 9.050689527875160900e-01 9.088206883811048575e-01 9.112994920946030364e-01 9.140920857617801376e-01 9.123034037507157246e-01 9.159803343227980177e-01 9.137717021537046236e-01 9.147946716760465558e-01 9.117053226287534784e-01 9.128684308163729222e-01 9.028969703510327793e-01 9.105151091949752473e-01 8.998623812242619868e-01 9.022320451846492784e-01 9.059506257056972878e-01 9.110971513391153964e-01 9.145026989037112752e-01 9.105518724934054120e-01 9.090280744983793015e-01 9.139176463439373510e-01 9.135243357785741702e-01 9.074037786771228520e-01 9.115654612277752644e-01 9.098090123898976422e-01 9.164561851712328400e-01 9.084407121008531982e-01 9.126692073618292156e-01 9.101596306100439016e-01 9.081448071029332159e-01 9.129106372270493486e-01 9.108563249201692136e-01 9.095591163307876759e-01
4.722709579236735594e-02 1.564410750125976857e-01 3.303171870030448543e-01 5.222288309023718211e-01 4.746468810792215387e-01 5.261175867074309176e-01 7.331087051175093627e-01 7.068179096821015639e-01 7.546665245760959539e-01 7.289196345103756691e-01 7.761839460520626455e-01 8.198949369008398103e-01 1.000000000000000000e+00 6.909293018474704784e-01 8.536794711257262858e-01 8.336308462607651126e-01 7.563754278764850403e-01 7.229010889946069218e-01 7.698600393672880848e-01 7.166135299285262272e-01 7.590821849692557244e-01 7.874910808796869999e-01 7.093348894938810156e-01 7.064630493890931007e-01 7.436447874907239353e-01 8.132719014848200922e-01 8.093285435426204044e-01 8.128255691732613197e-01 7.662984571666301425e-01 8.383597913052678319e-01 8.532303673472445560e-01 8.318600749042442954e-01 7.915241695934367439e-01 8.273245652418538265e-01 8.239619679980758615e-01 8.042742698299212289e-01 8.369430226899029490e-01 8.485604698229745058e-01 8.560652257281685662e-01 8.004241137162694253e-01 8.551274227797417415e-01 8.534329086535392683e-01 8.322645752919134443e-01 8.630185259316065505e-01 8.585289767188007959e-01 8.563575501850223537e-01 8.605259763961725650e-01 8.646916817394673105e-01 8.555905157111870496e-01 8.405361104892892232e-01 8.558303573646474094e-01 8.335281131975138535e-01 8.523533138828459643e-01 8.591913298127603626e-01 8.392281690581695486e-01 8.470454311969839445e-01 8.402838620697020700e-01 8.589417226570489339e-01 8.493868868378375847e-01 8.645920695467830264e-01 8.601384111740825178e-01 8.557505500875703941e-01 8.460133104451107444e-01 8.596993030444817219e-01 8.572932330229513509e-01 8.628536340499070034e-01 8.660289668826852694e-01 8.616907123565005211e-01 8.571086625836662476e-01 8.620944419285904159e-01 8.669982326939871253e-01 8.624973429308898654e-01 8.468856939542563911e-01 8.514181098008848370e-01 8.655349785648899230e-01 8.626512836392893346e-01 8.599849716068468375e-01 8.447164883057103335e-01 8.572458347709986937e-01 8.661893330236027921e-01 8.638593043411892936e-01 8.669048934784958638e-01 8.571885678462782820e-01 8.608024962159596116e-01 8.588181323385680743e-01 8.627283027532497428e-01 8.617155016166410109e-01 8.641880609743111119e-01 8.648669584605167548e-01 8.608053275263719550e-01 8.545225613214830762e-01 8.665788536956918753e-01 8.652559407502765643e-01 8.681549377422653757e-01 8.637576306244575397e-01 8.669854630753904834e-01 8.431744716133031670e-01 8.524581424797806894e-01 8.628159317937350581e-01 8.613926187890225128e-01 8.644577983010448552e-01 8.629826235856057348e-01 8.661041764769472628e-01 8.689168411012857529e-01 8.661279438898172867e-01 8.551269620056528575e-01 8.649108326926896462e-01 8.664823753202273160e-01 8.658487883521353012e-01 8.655394930135393849e-01 8.627703662189080136e-01 8.675166555569494564e-01 8.623812966238213473e-01 8.673025670816442156e-01 8.653077122547303546e-01 8.673270626259972360e-01
