1.000000000000000000e+00 2.667393568716899810e-01 1.592330425108459957e-01 -1.225424376068195848e-01 5.356749264579902664e-02 3.551308023669766389e-02 4.574248453491758237e-02 3.419004321335995106e-02 2.400369437617185520e-01 1.571122531697863034e-01 6.339757377172067221e-02 -5.934656913451802351e-02 3.457948671877385249e-02 -1.076467467140442523e-02 3.894480886014823218e-03 2.623959445428122178e-02 1.872708699398044074e-01 2.264033548111759608e-01 2.233711751193900308e-01 2.525831438115482275e-01 1.542477742475067692e-01 2.008910584240031216e-01 2.318878492919189405e-01 1.618185972884397250e-01 1.602187430865244788e-01 1.539404444169907016e-01 1.045128507441939469e-01 9.223805715165188379e-02 1.888344823757246715e-01 1.957279388618087534e-01 1.226658808448113508e-01 1.506713610826523608e-01 1.493550744947354236e-01 1.495966333161491690e-01 1.745609139573478519e-01 4.905943576799718514e-02 1.128086693793555056e-01 4.948151085906002389e-02 8.289507892628077135e-02 -3.753310736964436678e-02 4.765007158415135446e-02 9.285538938803896900e-03 -3.353307382407853116e-02 1.275625847349824704e-02 4.272311896999386044e-02 6.396469372901879280e-02 -1.223239762112766915e-02 5.283274904932401539e-02 1.920689382606248150e-02 1.189243265109754533e-02 5.006925607849303100e-02 -2.005130142466471713e-02 -1.867479856885933057e-02 1.073287779265832409e-01 1.073675983523621202e-01 8.337788715403442186e-02 8.554309616279714978e-02 2.242450111744891811e-02 4.226135318855452072e-02 5.565424742149632092e-02 1.633076455592237866e-02 4.975832377736334050e-02 5.163857113435164903e-02 7.667510946128743010e-02 1.059927253089087140e-01 7.822339734279389056e-02 5.678471138785697730e-02 8.802727795331587168e-02 1.062381871934087729e-01 1.050829086580413463e-01 6.413428522261992171e-02 7.897800234211789505e-02 9.756919017714332787e-02 7.609573176370870717e-02 4.545362663697911920e-02 3.795915310308211471e-02 4.337144638951924425e-02 8.148854224102049237e-02 4.917218873293433684e-02 7.603998363423716822e-02 6.917535488977659408e-02 4.948212721807660613e-02 8.101315965854535839e-02 8.834384206594063371e-02 3.829330956561675936e-02 7.201479924259608645e-02 3.769402580535012592e-02 3.461733377437666015e-02 4.096632713392928810e-02 5.480154520708050564e-02 1.091469580126313600e-02 1.125847276458974595e-02 9.578838021100542430e-03 1.997705727421663843e-02 1.539231746545796468e-02 2.481836798964097077e-02 -6.765600111137819520e-03 3.561092297288272895e-02 1.768548483733030016e-02 1.893873368665638032e-02 -1.345554954600331268e-02 1.642994403929832689e-02 -7.590478700070585165e-03 1.374996480806145406e-03 1.117884831380662122e-02 4.239267090050858472e-02 2.029579587093766069e-02 4.864279415336644069e-02 4.972719244980441933e-02 1.656968379210902245e-02 2.156712962670178507e-02 2.929240764921106632e-02 2.184680833453139792e-02 2.224447272692050420e-02 6.017176369173457551e-02 3.712438444234453933e-02
2.667393568716899810e-01 1.000000000000000000e+00 1.053758939435124886e-01 -4.180636732939017192e-02 1.254575612834397391e-01 1.229276073499155908e-01 1.624566379868065680e-01 1.463977870395591629e-01 2.449696786621523570e-01 2.548429041393134864e-01 1.591990747911860571e-01 8.318173713387938539e-02 1.520850437392340382e-01 1.221943529475903317e-01 1.576936206911931648e-01 1.471218244388918794e-01 2.008901173020484487e-01 2.057179006906633689e-01 2.089927310935636717e-01 2.106246599408220788e-01 1.429430179774686394e-01 1.931642662940754873e-01 2.198972747192029509e-01 1.640488731344068307e-01 1.832713703065658173e-01 2.017670608441919922e-01 1.643045836937911675e-01 1.807163159298915689e-01 2.128749344396526355e-01 2.203402268022414956e-01 1.912285712947899563e-01 2.081467563545560950e-01 2.100290976303155199e-01 2.015504956312019758e-01 2.421911540155779197e-01 1.498852294875852587e-01 1.931973081451761609e-01 1.865215673221818915e-01 1.847673089138675562e-01 1.064312162506511339e-01 1.715049797008670884e-01 1.492575872524150860e-01 9.206566971065947846e-02 1.365636967508539190e-01 1.430689436961970207e-01 1.810307744797652885e-01 1.438974817970316566e-01 1.850804438214680714e-01 1.618613220669692099e-01 1.320364378098233260e-01 1.673549537584230751e-01 7.908061200866042806e-02 1.114310695698044196e-01 2.178733297046959450e-01 2.155304968175630886e-01 1.996300488664961015e-01 1.857981712605561164e-01 1.523624498641485414e-01 1.737393313969575748e-01 1.827056280113804887e-01 1.536250701732470580e-01 1.714578725097416767e-01 1.698680010376422689e-01 1.910471601992346224e-01 1.895151550416497577e-01 1.794239787295935640e-01 1.821102423659050895e-01 1.947166457537143347e-01 2.071668400434907575e-01 1.888363515203038689e-01 1.664747404019052968e-01 1.844375933950026802e-01 1.912441093665908087e-01 1.817121254368152250e-01 1.729339857306501083e-01 1.708326610480280228e-01 1.750308643367546602e-01 1.853358355093091270e-01 1.741459979086769083e-01 1.898592463621453230e-01 1.887051779573970522e-01 1.722202395895248705e-01 1.872881615008979705e-01 1.991507507995484982e-01 1.695006978017708221e-01 1.890060762711515407e-01 1.607791676019520166e-01 1.735554710984930360e-01 1.703383727118926716e-01 1.814110425806584048e-01 1.477025321091550436e-01 1.568433069977805960e-01 1.475111680890783539e-01 1.600231563031435378e-01 1.702657827364565390e-01 1.689591476121413971e-01 1.361310925446098941e-01 1.566456248368551796e-01 1.781882353905299698e-01 1.601315283919269306e-01 1.389183488932185240e-01 1.566601950161943257e-01 1.340091029334192219e-01 1.437187725390595971e-01 1.396199788064355629e-01 1.689150811172666633e-01 1.613215611607259903e-01 1.839142279354337994e-01 1.824829324916482642e-01 1.634913502735523272e-01 1.642640475135659917e-01 1.742501855796708410e-01 1.629708348540886698e-01 1.582632164280118325e-01 1.755179463302460885e-01 1.645495613466513019e-01
1.592330425108459957e-01 1.053758939435124886e-01 1.000000000000000000e+00 2.514223883181459507e-01 2.184636989029407339e-01 2.356186222921335394e-01 3.489467709543279672e-01 3.453286354992516349e-01 3.899696737111103539e-01 3.212250029502340398e-01 3.782670653852723275e-01 3.622151975721857320e-01 3.555819508144918983e-01 3.346187432946701734e-01 3.702319566330483647e-01 3.784422076899405796e-01 3.793706193334676069e-01 3.635967502153733544e-01 3.843719464575310329e-01 3.264869507000578985e-01 3.473119116558788244e-01 4.188880072638704877e-01 3.838281202594907016e-01 3.474661155801966328e-01 3.876918403067654006e-01 4.271305319625712804e-01 4.179237112725671111e-01 4.140547391276946376e-01 4.307619879109512717e-01 4.269072290794624358e-01 4.285936784691025125e-01 4.257181030624820339e-01 4.007803814623382421e-01 4.111475960076824143e-01 4.095323405554081586e-01 3.993634446489249812e-01 4.296730679561827082e-01 3.868823336020045245e-01 4.194918615452555288e-01 3.719396891832700836e-01 4.007844620952656922e-01 3.914035521483374969e-01 3.761452146943581321e-01 3.942597736124964225e-01 4.158749557296950172e-01 4.007784652120951474e-01 3.722671472785056279e-01 3.831941094735440978e-01 3.782263259524002441e-01 3.801139906651590517e-01 3.914133981019343178e-01 3.629777294851840863e-01 3.649301048280411686e-01 3.902951946931565996e-01 3.794889743507125490e-01 3.949739083606809698e-01 3.765490757793608090e-01 3.793342087396670004e-01 3.694891842962713668e-01 3.860220441074167508e-01 3.794247210308077656e-01 3.779436995085938555e-01 3.690498714005767678e-01 3.879886354281261718e-01 4.000176234145285115e-01 3.897660851841898144e-01 3.902311686421114922e-01 4.068742502594544508e-01 4.098217704269750961e-01 4.031781919382237955e-01 4.075749856142028005e-01 4.102591773938303876e-01 4.010075719089327140e-01 3.985983281950141732e-01 4.025247736977439206e-01 4.002414856056385473e-01 4.010065416239897429e-01 4.116301815061245706e-01 4.010938203386805179e-01 4.075864188294986423e-01 4.079817729128377701e-01 4.033551723618921669e-01 4.100528552395905635e-01 4.112266780873177763e-01 4.002638151152697055e-01 4.055892854956049676e-01 4.073723183625935773e-01 3.938330974601693124e-01 3.982167169028121290e-01 3.978280133110356220e-01 3.970490617877332484e-01 3.903001059893447255e-01 3.925269793946724040e-01 3.943745963132473387e-01 3.761244520526847990e-01 3.828592363583198654e-01 3.832842671973726301e-01 3.885960580557442090e-01 3.750741966879443390e-01 3.923136219682030190e-01 3.819513370195489754e-01 3.851644736562338522e-01 3.762765839607420948e-01 3.870381490091789889e-01 3.852388903872046022e-01 3.877375614629265388e-01 3.848482202485077885e-01 3.867082759618690746e-01 3.923494061695513291e-01 3.795877134335577385e-01 3.818224947504595401e-01 3.796623102088013679e-01 3.809133749910911249e-01 3.831981775901794895e-01 3.940505396663744886e-01 3.850282539268358173e-01
-1.225424376068195848e-01 -4.180636732939017192e-02 2.514223883181459507e-01 1.000000000000000000e+00 3.199256278462349057e-01 3.783928192105551203e-01 5.137255402798714954e-01 5.474922304747141810e-01 4.415444955708774932e-01 3.827204879447678176e-01 5.240770614805951855e-01 6.651305793076005557e-01 5.409687614606584205e-01 5.427694241878574521e-01 5.706625224412177344e-01 5.809685586099621046e-01 4.382239983440184283e-01 3.433138708149024998e-01 3.767032782637635413e-01 3.035788099993835809e-01 4.831204329197078540e-01 4.982310073853619126e-01 3.676128284114226763e-01 3.959195511733049067e-01 4.152743091013406107e-01 5.089636164722417533e-01 5.426990754645223403e-01 5.008623201524045054e-01 4.639265848675319104e-01 4.431863279225843333e-01 5.249341690483749767e-01 4.951244594515962216e-01 4.324572928799879645e-01 4.672074704674856749e-01 4.415491231642790226e-01 5.451985589054301196e-01 5.162809857185428619e-01 5.233426678152861555e-01 5.399065538058184233e-01 5.734474384324236285e-01 5.689876253536190198e-01 5.737452417073813926e-01 5.943683234874684862e-01 6.033929811590313941e-01 5.850489497636433001e-01 5.424238955088002134e-01 5.823260852009363164e-01 5.487567906859156519e-01 5.660578154456498146e-01 5.763219404500494747e-01 5.468824584017883961e-01 6.277111877443845023e-01 6.159189152960387048e-01 5.103898628995848785e-01 4.897958141343838334e-01 5.274031528744786979e-01 5.413423876306230342e-01 5.772980006089533100e-01 5.390381863781058547e-01 5.678964534058338343e-01 5.812684404191740262e-01 5.574990135888692189e-01 5.491492295816993163e-01 5.508748170887480811e-01 5.516955012536142178e-01 5.635720833286604892e-01 5.476696944401925338e-01 5.262991617590939697e-01 5.174942284376818913e-01 5.394562341825883678e-01 5.796935402067540100e-01 5.547787055234694176e-01 5.179227861477221362e-01 5.295376702472164299e-01 5.632032112295679571e-01 5.736074959721481070e-01 5.567593558790544517e-01 5.363216983215614020e-01 5.473974278268995963e-01 5.388254024208847248e-01 5.374759704191448551e-01 5.661130003556670287e-01 5.626798484782056242e-01 5.268587422458511638e-01 5.638149204497295841e-01 5.412441695506240436e-01 5.735091007412580488e-01 5.616759451043656926e-01 5.587144789799465272e-01 5.583579118013709541e-01 5.794555771249491061e-01 5.823013048264584768e-01 5.910443056759729918e-01 5.764675917593645726e-01 5.634495140928208468e-01 5.663949616016717981e-01 5.914647421351068024e-01 5.759774854277436296e-01 5.634716035924705047e-01 5.762342977269920841e-01 5.924196594661521598e-01 5.822720877071735357e-01 5.985831238852328262e-01 5.948154122323290327e-01 6.010267152452856143e-01 5.658140712664032623e-01 5.743205114186911153e-01 5.481356451525473128e-01 5.534655805886768976e-01 5.747527265526632956e-01 5.686803534115963954e-01 5.685131552865850812e-01 5.743662781314762267e-01 5.777916469065941252e-01 5.612621890580922202e-01 5.796316462307261608e-01
5.356749264579902664e-02 1.254575612834397391e-01 2.184636989029407339e-01 3.199256278462349057e-01 1.000000000000000000e+00 3.520473351498185077e-01 4.717575408585051866e-01 4.425005278835441591e-01 4.453525193343393362e-01 4.172560859260307509e-01 4.542292479188907994e-01 4.616095327277864868e-01 4.604180768469139928e-01 4.402058236268610036e-01 4.926021197732340373e-01 4.923593660838678776e-01 4.063774353877074308e-01 3.686807390074846036e-01 3.821404873959818316e-01 3.530949437484176001e-01 4.042119134834417649e-01 4.331152704867265446e-01 3.593090962849459502e-01 3.781439577185519707e-01 3.910446239159407478e-01 4.485325808560270411e-01 4.292040325310796378e-01 4.283570580653326410e-01 4.152249021612647306e-01 4.228668044950879001e-01 4.583308565139975199e-01 4.563190295617106096e-01 4.243498060854316578e-01 4.468241138957380620e-01 4.482225638192202100e-01 4.504965596434655217e-01 4.645710777451549922e-01 4.596880224019613825e-01 4.787333292855255329e-01 4.401849859778192986e-01 4.806574232972721794e-01 4.761843451987742837e-01 4.523150608008600915e-01 4.757201254596959972e-01 4.701424979220933942e-01 4.834841989131763995e-01 4.765554869779813352e-01 4.871299733946701238e-01 4.694325603762699584e-01 4.557644609569014293e-01 4.597788201848211354e-01 4.583806344809886468e-01 4.698887526242086499e-01 4.720041849042042048e-01 4.549253782270125113e-01 4.647392049989507723e-01 4.520680494299315622e-01 4.807101397224282646e-01 4.608456221796002894e-01 4.981836818183079663e-01 4.849886774248182153e-01 4.693441173593997928e-01 4.603207034515024443e-01 4.801732471319398177e-01 4.753526345831445288e-01 4.723325171902836295e-01 4.816719502012715703e-01 4.758936040771553078e-01 4.737834527908073023e-01 4.872123871365967029e-01 4.835258778563387705e-01 4.774398105153775385e-01 4.728492530421022910e-01 4.655391500251100378e-01 4.777732955089726841e-01 4.768515498846134237e-01 4.743004652105157759e-01 4.690664843806840456e-01 4.647717619639182285e-01 4.707071599719144794e-01 4.703251230192078136e-01 4.779785326211758445e-01 4.750821070693100334e-01 4.738108363413548463e-01 4.780117656367785517e-01 4.806000917542038176e-01 4.833516268965660778e-01 4.804068899934381687e-01 4.794452629768815033e-01 4.722802397112050299e-01 4.735616252535359560e-01 4.861519127641911187e-01 4.784289403399364926e-01 4.785895856938945925e-01 4.937452653383099244e-01 4.808738262923515916e-01 4.618543143519044381e-01 4.667310257310833266e-01 5.004556899705036033e-01 4.838259425932912028e-01 4.872583497299783351e-01 4.762230406916374559e-01 4.819000996219975352e-01 4.813593154637260674e-01 4.837264650490291085e-01 4.679826788998300291e-01 4.772557249252081801e-01 4.825603681123905586e-01 4.792263558365336684e-01 4.894719634649547513e-01 4.764907559655491287e-01 4.976716786306665807e-01 4.798005195878243256e-01 4.754198261356445410e-01 4.803287806620968881e-01 4.805652663293145666e-01
3.551308023669766389e-02 1.229276073499155908e-01 2.356186222921335394e-01 3.783928192105551203e-01 3.520473351498185077e-01 1.000000000000000000e+00 5.559459546986215139e-01 5.181605632436140363e-01 5.526531314920792859e-01 5.054713396393428759e-01 5.748162750235844554e-01 5.963195060839976414e-01 5.618240750966597696e-01 5.584590017805722839e-01 6.086339632192060423e-01 5.998038837730486073e-01 5.336991602612762842e-01 4.610436519431739266e-01 4.982425963412999148e-01 4.095442914646258981e-01 4.713781040456593852e-01 5.418723471551581961e-01 4.968396814779251769e-01 4.986571610578182101e-01 5.340525417547152820e-01 5.807996496702676481e-01 5.675026416651398620e-01 5.670997435753960536e-01 5.610748386863523285e-01 5.541942438283754546e-01 6.045785955115722254e-01 5.901574963419571329e-01 5.232514080612213903e-01 5.630527727567335994e-01 5.400473547718943612e-01 5.862867016894066641e-01 5.853021632766264304e-01 5.884380689687962462e-01 6.062380075935055457e-01 5.867049261800678650e-01 6.169760848312174639e-01 6.182098439030460080e-01 5.970940049783020065e-01 6.213078599003123426e-01 6.191702481002641090e-01 6.191483202932757113e-01 6.129282943455294230e-01 6.234902275194225130e-01 6.116927829742063727e-01 5.790225803005111249e-01 5.893682348798120474e-01 5.788761364094450190e-01 5.997717710313656969e-01 6.042214844703333032e-01 5.911759068042108378e-01 6.078580352038286394e-01 5.804396244601442989e-01 6.091121958760796762e-01 5.929638794909040111e-01 6.215364635079339006e-01 6.175705367306231208e-01 6.029807759520386945e-01 5.922669060022098808e-01 6.050912250378009949e-01 6.029221089292456925e-01 6.021238585952140010e-01 6.233438662221175708e-01 6.156960717042088138e-01 6.150779291220168643e-01 6.094314499428385989e-01 6.218888431939302297e-01 6.231695213302365088e-01 6.140701558051822051e-01 6.152100312074249011e-01 6.203607610560764041e-01 6.223316740015037984e-01 6.228728962013713177e-01 6.180137360189610352e-01 6.181273621218219549e-01 6.107811303776820022e-01 6.113272268620144612e-01 6.221103834019250378e-01 6.230748019791733094e-01 6.113234043678095198e-01 6.179082019346056054e-01 6.167935101055070923e-01 6.247384489230857207e-01 6.218241755872724319e-01 6.223457011115152149e-01 6.268184031784357346e-01 6.251339272012502724e-01 6.294732443343405981e-01 6.284894235533867723e-01 6.288654156413523433e-01 6.251858658902039734e-01 6.232841665576887014e-01 6.116547696605916240e-01 6.027698819297161448e-01 6.246498735734797858e-01 6.233531870006715492e-01 6.235446269325094493e-01 6.178002126625899981e-01 6.158798323771643712e-01 6.236215380145250231e-01 6.213073365752121990e-01 6.097771612271049024e-01 6.213708663605096438e-01 6.222278705430215329e-01 6.230494365823188163e-01 6.235745543546185043e-01 6.217403330265290906e-01 6.246127997648874830e-01 6.208359198609737506e-01 6.157036679235083909e-01 6.175083043343927436e-01 6.164149066359310147e-01
4.574248453491758237e-02 1.624566379868065680e-01 3.489467709543279672e-01 5.137255402798714954e-01 4.717575408585051866e-01 5.559459546986215139e-01 1.000000000000000000e+00 7.252897535562854436e-01 7.167707314976730082e-01 6.901156832483625880e-01 7.531685039939000070e-01 7.865750692889953433e-01 7.431306244567319474e-01 7.516446681875422753e-01 8.434228006574943093e-01 8.133645680207257644e-01 6.748920791708977740e-01 5.586831337347677451e-01 6.214820248782726431e-01 4.976085745579711950e-01 5.740734993658379581e-01 6.855341678416571050e-01 6.116269425084900346e-01 5.922556254782361806e-01 6.583431718940880861e-01 7.709599763402953387e-01 7.634910787175946956e-01 7.768501928376584376e-01 7.418143253116256108e-01 7.456453954860865485e-01 8.048238088117516398e-01 7.636815500079093821e-01 7.333679102107548697e-01 7.417515283443568697e-01 7.526710984708533392e-01 7.715012395652117716e-01 7.948344207291375696e-01 8.110858117147907720e-01 8.173018455380536285e-01 7.983645160442864874e-01 8.249634878543339322e-01 8.315399659678817113e-01 8.120854515577116128e-01 8.291600226329848278e-01 8.154763294567289877e-01 8.283858384518578699e-01 8.263785529335685442e-01 8.248957774421550315e-01 8.212018163504630763e-01 7.865414918671554956e-01 8.042664135231062383e-01 7.651165821977470305e-01 8.096633853842284401e-01 8.020457103165972157e-01 7.807530343310908894e-01 8.077801869296452608e-01 7.785340741781249241e-01 8.236481771141734853e-01 8.064385508824740700e-01 8.232204866111254571e-01 8.260897280990806557e-01 8.092301049592807161e-01 7.978349275668145113e-01 8.046890089306925065e-01 7.990791821718662424e-01 7.968420838710276177e-01 8.244210403503929863e-01 8.004179825767006040e-01 8.046609992003505019e-01 7.879143594810390505e-01 8.105046288780075603e-01 8.184002199619462292e-01 7.868910525205722317e-01 7.899058901629185669e-01 8.317552556273114517e-01 8.321713160365699080e-01 8.354791778535817226e-01 8.206802234414406483e-01 8.246584629186689552e-01 8.211553326158494981e-01 8.189088936274527830e-01 8.296377788498083827e-01 8.182752050115986719e-01 8.226298265645649588e-01 8.255966308521810459e-01 8.193754727780431235e-01 8.324188267617660397e-01 8.377850568283031762e-01 8.326672879546482831e-01 8.269543941780550522e-01 8.390940202529558745e-01 8.426684827061334815e-01 8.344090331329984123e-01 8.392595353561973504e-01 8.344537156164923974e-01 8.322490463098872748e-01 8.196841074384747516e-01 8.061308045518804644e-01 8.315495906139059867e-01 8.363465194010246684e-01 8.376985264087635219e-01 8.288617006380405439e-01 8.251565807559159138e-01 8.357481464888667499e-01 8.221932898568995451e-01 8.089799298091510105e-01 8.275198272734727301e-01 8.256955068172848744e-01 8.292267756610924856e-01 8.344255746839818189e-01 8.324292373584760707e-01 8.318007205808757298e-01 8.275220422989707503e-01 8.228303191674102290e-01 8.208057067695535558e-01 8.163873927174846168e-01
3.419004321335995106e-02 1.463977870395591629e-01 3.453286354992516349e-01 5.474922304747141810e-01 4.425005278835441591e-01 5.181605632436140363e-01 7.252897535562854436e-01 1.000000000000000000e+00 6.754398939738124330e-01 6.550030777252480174e-01 7.133874434864010405e-01 7.772722751345892966e-01 7.199825297132790292e-01 7.032883091048930391e-01 7.919530567681316580e-01 8.004654242233781858e-01 6.478396270300007531e-01 5.281863914136404325e-01 5.903604014915172504e-01 4.727978930038274630e-01 6.017637029697430195e-01 6.886429313041407818e-01 5.769849684264476419e-01 5.611494900308949818e-01 6.259621558365321414e-01 7.371435849163239240e-01 7.336577871070643075e-01 7.150229798394117653e-01 7.126375589922375742e-01 7.096136671735621126e-01 7.636334683021145375e-01 7.187082934631457976e-01 6.711829921911945940e-01 6.988426712471158542e-01 7.039501876317731943e-01 7.342994023440637674e-01 7.388116519057541520e-01 7.646012309548622099e-01 7.671075250662763301e-01 7.367324411188452826e-01 7.727356785743519918e-01 7.795512238332744648e-01 7.730685212260184347e-01 7.954550341895684218e-01 7.674633446352675525e-01 7.793965097087802718e-01 7.831691345887903388e-01 7.817894695622235046e-01 7.724397388655461771e-01 7.628926320672791972e-01 7.649051931179383645e-01 7.537822685014053947e-01 7.816086897064155048e-01 7.609149044814405016e-01 7.430802172854814591e-01 7.602100106037259497e-01 7.588769369381109797e-01 7.887665183497752919e-01 7.705290019362229792e-01 7.878572885455132901e-01 7.873886480832947843e-01 7.825693083818745510e-01 7.716803046628736285e-01 7.759857696189147447e-01 7.695338264141902140e-01 7.736036689592213911e-01 7.791048813986517496e-01 7.584528235067589108e-01 7.556955077181950475e-01 7.545863708507265510e-01 7.831267181175673997e-01 7.763622940954219009e-01 7.417231968263023889e-01 7.454828264344558475e-01 7.839063225004047064e-01 7.854554305209848764e-01 7.828563427436981970e-01 7.780390743137652887e-01 7.761493847684127756e-01 7.795566812346803598e-01 7.723806852200509887e-01 7.882876515359505953e-01 7.811047843789128420e-01 7.698893364174738130e-01 7.816112602446981805e-01 7.708051910148261410e-01 7.833252833666827231e-01 7.878497870655927215e-01 7.833267946825062111e-01 7.807186978360352025e-01 7.828321858635632902e-01 7.942953788599019793e-01 7.884432082717484080e-01 7.927738058940011490e-01 7.850129960890878111e-01 7.854100015332639018e-01 7.932256763356894114e-01 7.850316363884886073e-01 7.870236417625158243e-01 7.925778495273408941e-01 7.943719800464849046e-01 7.958079265374260469e-01 7.906289209182049138e-01 7.990762576611468715e-01 7.881606772584885956e-01 7.835930089076086347e-01 7.869335517194945284e-01 7.797443823456184919e-01 7.855299661900713160e-01 7.932391041456483549e-01 7.927325227071033709e-01 7.885959937613519211e-01 7.922579670334828350e-01 7.908122226467970695e-01 7.810035579907878001e-01 7.844176193925915808e-01
2.400369437617185520e-01 2.449696786621523570e-01 3.899696737111103539e-01 4.415444955708774932e-01 4.453525193343393362e-01 5.526531314920792859e-01 7.167707314976730082e-01 6.754398939738124330e-01 1.000000000000000000e+00 7.687626149188582225e-01 7.832330173551906860e-01 7.621463850325448375e-01 7.479252749996446736e-01 7.492276988373514079e-01 8.153047488331987003e-01 8.108179381004469999e-01 8.038819038810851580e-01 6.847527462990082858e-01 7.503687091673688636e-01 6.397807841838738518e-01 6.536810007206553808e-01 7.730795031091827196e-01 7.303659550974396231e-01 6.922715493085318528e-01 7.521655597986891539e-01 8.399105887919955382e-01 7.956410092311844151e-01 7.970727927541775282e-01 8.183320841909995647e-01 8.328757423382440184e-01 8.560887915569326267e-01 8.438476085949367933e-01 7.769910026209311260e-01 8.228973074695378198e-01 8.211948604456784651e-01 8.020499664491430591e-01 8.357037932606741215e-01 8.275242664584026020e-01 8.501639102197214859e-01 7.525546724914389252e-01 8.488894365027680466e-01 8.215336304204429174e-01 7.847777844906175249e-01 8.310976190036341027e-01 8.293288447865050372e-01 8.480491334279177673e-01 8.324366172094593841e-01 8.654998292296287588e-01 8.469926436267909420e-01 8.108699324262426122e-01 8.374507145316715251e-01 7.746540803773606099e-01 8.125794575922266061e-01 8.762125771454022383e-01 8.606418355783423957e-01 8.544519132031295205e-01 8.467406071485032992e-01 8.413465586801580631e-01 8.397826182947438767e-01 8.584027034750322249e-01 8.449959975794799627e-01 8.490671236187066206e-01 8.427120636042076951e-01 8.618655245954875976e-01 8.717267161887866100e-01 8.596978745462743321e-01 8.622622778286397338e-01 8.633655789811875980e-01 8.649217717201783673e-01 8.545473256457364331e-01 8.466343630531866227e-01 8.647329286641750601e-01 8.515981386713625811e-01 8.448441180936994144e-01 8.568171397269037648e-01 8.518575717404458514e-01 8.492569307877692042e-01 8.610496816998353120e-01 8.525044447455112362e-01 8.626963837834542570e-01 8.646020253079671480e-01 8.594557239202438303e-01 8.637885547277028842e-01 8.667197192610841538e-01 8.556353649925759752e-01 8.644204647898180438e-01 8.508367428128202903e-01 8.513760340870344390e-01 8.552544108937050193e-01 8.576356268835060304e-01 8.349361774560264404e-01 8.451181731691156385e-01 8.423092260426849887e-01 8.491833158306156815e-01 8.464242350569471940e-01 8.531370407207730100e-01 8.262727596094302518e-01 8.443222550101394663e-01 8.362840437602392374e-01 8.474634672925331902e-01 8.285895072593021382e-01 8.466849275528447460e-01 8.327944359371103333e-01 8.416979798195761697e-01 8.442967238023495469e-01 8.503969587392155027e-01 8.504322055335136188e-01 8.619261611901511966e-01 8.625964596760145042e-01 8.461845441478733632e-01 8.471732639268864107e-01 8.522915991994232110e-01 8.509499000161904192e-01 8.501728699482928864e-01 8.627846582220712879e-01 8.547509262026091736e-01
1.571122531697863034e-01 2.548429041393134864e-01 3.212250029502340398e-01 3.827204879447678176e-01 4.172560859260307509e-01 5.054713396393428759e-01 6.901156832483625880e-01 6.550030777252480174e-01 7.687626149188582225e-01 1.000000000000000000e+00 7.426085866969670546e-01 7.154046408524019629e-01 6.965231331473048515e-01 7.054781153483140610e-01 7.855629988811367870e-01 7.669427451145917063e-01 7.186946182835874941e-01 5.867783264255039821e-01 6.532958256592091839e-01 5.458383133752827687e-01 5.676851772964717213e-01 6.921779232394075221e-01 6.506451614024443275e-01 5.965422020121721181e-01 6.607153950165126632e-01 7.642267359937008342e-01 7.292334123973905902e-01 7.451938707796600392e-01 7.405873847439100599e-01 7.578078766164721980e-01 7.898259263619551440e-01 7.758792411578505632e-01 7.510433357168451174e-01 7.495922470020029982e-01 7.797676234125037187e-01 7.473639852226969804e-01 7.831102944535924815e-01 7.902389831688112487e-01 7.988464329748199422e-01 7.231537130069460861e-01 7.996605048228836443e-01 7.833826416478255616e-01 7.389616469281431455e-01 7.738779333327011623e-01 7.689574576212103718e-01 8.002679866337917280e-01 7.927054321735664821e-01 8.241735973500270429e-01 8.015697212236495561e-01 7.498784373497860978e-01 7.877389506857891410e-01 7.003856456374075723e-01 7.563718406323109988e-01 8.230497037335214872e-01 8.016582656323688605e-01 7.988877056392119647e-01 7.916383929680480547e-01 7.968080670167333457e-01 7.993980851497664020e-01 8.145510783029612512e-01 7.959763574616649517e-01 8.020779940066485869e-01 7.898765928363671307e-01 8.124404612703470807e-01 8.120318891110284154e-01 8.021059337630401798e-01 8.161712608348479225e-01 8.006768564637243291e-01 8.082807040059842851e-01 7.888344091921661860e-01 7.858466539669806128e-01 8.080479324834094479e-01 7.843355848813590159e-01 7.808689529858239275e-01 8.080812280478484322e-01 8.013109863088743179e-01 8.047164665518043991e-01 8.035334408032086539e-01 8.009737743114706543e-01 8.094671658963007443e-01 8.120243670862545837e-01 8.069628044326582206e-01 8.114410259874813569e-01 8.171031947740347023e-01 8.021096548219420752e-01 8.087882762864693209e-01 8.037585297280593899e-01 8.109662430700780300e-01 8.116449514841841406e-01 8.078350337331771103e-01 7.953346160816857635e-01 8.044291166279082805e-01 7.948307392010349748e-01 8.040475567573260873e-01 8.113448744339980534e-01 8.103343334156499767e-01 7.776298387209477081e-01 7.897083681201796379e-01 8.074995299924411229e-01 8.044878902291066058e-01 7.888543088906031509e-01 7.996991998457577688e-01 7.843883023474026439e-01 7.950564768022750917e-01 7.900951431095296629e-01 8.003814756490224003e-01 8.067151062707560438e-01 8.168732699895863147e-01 8.151925286898348277e-01 8.079229850369969990e-01 8.072934430135076944e-01 8.130562109377276192e-01 8.058056575210139627e-01 8.030349776037641885e-01 8.121755255760376713e-01 8.036061694506945186e-01
6.339757377172067221e-02 1.591990747911860571e-01 3.782670653852723275e-01 5.240770614805951855e-01 4.542292479188907994e-01 5.748162750235844554e-01 7.531685039939000070e-01 7.133874434864010405e-01 7.832330173551906860e-01 7.426085866969670546e-01 1.000000000000000000e+00 8.423532283045791491e-01 7.830852743187269871e-01 7.973924578292158616e-01 8.697036464213698803e-01 8.558193578024333448e-01 7.677768770285621214e-01 6.388134038229360545e-01 7.115804794809065248e-01 5.667283772927736996e-01 6.226546408071249594e-01 7.573776302537564842e-01 6.990758456844137214e-01 6.695680760781369534e-01 7.462662298574163078e-01 8.484679082812578432e-01 8.292203825169754960e-01 8.275384133935432818e-01 8.097242796700397927e-01 8.180682359549743543e-01 8.704843995510359589e-01 8.428717405404405616e-01 7.871349133980569679e-01 8.174833577676485774e-01 8.173119222146291163e-01 8.375940909814882929e-01 8.575781273076426015e-01 8.672236416384835334e-01 8.774447014005910539e-01 8.376194879192033760e-01 8.870591593936772989e-01 8.816618643485556461e-01 8.632631695353293333e-01 8.831897439956324369e-01 8.798732708030809757e-01 8.870856631652301871e-01 8.857029028587284358e-01 8.925435692146957978e-01 8.875217890302414814e-01 8.592622304313857207e-01 8.795419127665314862e-01 8.281644291006095004e-01 8.653824835552671457e-01 8.757857435626978937e-01 8.626080348820919230e-01 8.822534845118346070e-01 8.612350358002961448e-01 8.861002532001487353e-01 8.795421437638863971e-01 8.873151023052212594e-01 8.901669060445546178e-01 8.807005047908640361e-01 8.732960753506734397e-01 8.800647478709349159e-01 8.798506095830340712e-01 8.741756810853587023e-01 8.935011738127514036e-01 8.824801118748852868e-01 8.823979857956398831e-01 8.629057518176465047e-01 8.744027640040118454e-01 8.932449999479059599e-01 8.658068832433932771e-01 8.684600441176267838e-01 8.992305716069722843e-01 8.970155350113415693e-01 8.931383737432924130e-01 8.886927686543262261e-01 8.915713560655946779e-01 8.894586667158839166e-01 8.915169824499766804e-01 8.978879359082903022e-01 8.884756365976987924e-01 8.891523513917033439e-01 8.935143595748998857e-01 8.908725584053972524e-01 8.959200017066585309e-01 8.959353684296267328e-01 8.975709600780318320e-01 8.961092788555446997e-01 8.943950543849984447e-01 8.966847672402464831e-01 8.947877721329169365e-01 8.982003244536074238e-01 8.931948828048276168e-01 8.968090368063972306e-01 8.789209487586756575e-01 8.765365897704152642e-01 8.840136166957481834e-01 8.953615410470879832e-01 8.903695382228585808e-01 8.896610115812190189e-01 8.847568180360035894e-01 8.942656533048854994e-01 8.895820116386254917e-01 8.812659357028440610e-01 8.952901630684448886e-01 8.927840293864821586e-01 8.964073487375978644e-01 8.919719989058635390e-01 8.927955150854626210e-01 8.912603088266451978e-01 8.922602644315478226e-01 8.910969258116909764e-01 8.917639131285267640e-01 8.868112154480201070e-01
-5.934656913451802351e-02 8.318173713387938539e-02 3.622151975721857320e-01 6.651305793076005557e-01 4.616095327277864868e-01 5.963195060839976414e-01 7.865750692889953433e-01 7.772722751345892966e-01 7.621463850325448375e-01 7.154046408524019629e-01 8.423532283045791491e-01 1.000000000000000000e+00 8.278369249224553084e-01 8.298797273563112142e-01 9.062193068838187981e-01 8.960390615181335061e-01 7.422880409437060401e-01 5.857966971289272351e-01 6.588895028946382126e-01 5.124362616313493657e-01 6.519529861073076749e-01 7.475036650455231246e-01 6.330851709119699189e-01 6.435003551453544191e-01 7.125368774282784257e-01 8.249946528758969055e-01 8.327137609876608115e-01 8.174292179059675645e-01 7.857578842687477083e-01 7.836471108541158692e-01 8.667451696358334789e-01 8.241170989179301687e-01 7.457805541461282051e-01 7.906311539932845411e-01 7.830689663720956650e-01 8.520813912983742355e-01 8.491842922501985358e-01 8.693209754343861340e-01 8.808536131261243129e-01 8.642250586238606758e-01 9.023937844904554861e-01 9.047414199787037203e-01 9.026477801143980573e-01 9.254060783083382091e-01 9.008803919911237967e-01 8.971119981917242692e-01 9.271585319751930454e-01 9.105439617384808448e-01 9.160912714883481245e-01 8.915462068338384505e-01 8.891957118201163635e-01 9.036187181693646764e-01 9.299399169786496389e-01 8.760695267714319057e-01 8.570191538999090142e-01 8.774884812010049773e-01 8.796256796352172058e-01 9.163798548888016926e-01 8.963953741921151241e-01 9.177933101231910973e-01 9.283301048781978926e-01 9.096277176801612629e-01 8.981264289996854222e-01 9.003929629302265258e-01 8.939048372458716640e-01 9.041750902638339138e-01 9.097514632554379865e-01 8.839792973140354615e-01 8.760202740960715273e-01 8.697470995996718912e-01 9.054080345064733359e-01 9.041669947651064243e-01 8.656001452249171280e-01 8.769192442774471630e-01 9.156438026369176919e-01 9.184572194075810714e-01 9.121303048907759559e-01 8.954926338291405719e-01 9.055407735998755037e-01 8.998942219373360363e-01 9.005310391920746671e-01 9.192833789614451856e-01 9.023280987153418087e-01 8.899924495485104226e-01 9.103151677121634755e-01 8.969984189325408419e-01 9.194586666276907128e-01 9.138164491946123569e-01 9.155158792542444912e-01 9.061288303243368869e-01 9.188697593414584253e-01 9.292126164256061527e-01 9.304122004712191973e-01 9.264031758694036833e-01 9.233095685355873217e-01 9.245644796173007052e-01 9.195212606257647803e-01 9.131798159443669238e-01 9.181816772264288495e-01 9.228408476680870498e-01 9.306246291748540012e-01 9.257155921362200113e-01 9.358078495142011510e-01 9.353569313115378536e-01 9.335102560732199128e-01 9.110362806519102241e-01 9.264283088135679689e-01 9.107784390960119714e-01 9.111271535978127112e-01 9.264015763311056473e-01 9.224478676078926576e-01 9.238848031898310165e-01 9.253612160644540952e-01 9.249694995719379698e-01 9.155491125929622331e-01 9.236511278006706016e-01
3.457948671877385249e-02 1.520850437392340382e-01 3.555819508144918983e-01 5.409687614606584205e-01 4.604180768469139928e-01 5.618240750966597696e-01 7.431306244567319474e-01 7.199825297132790292e-01 7.479252749996446736e-01 6.965231331473048515e-01 7.830852743187269871e-01 8.278369249224553084e-01 1.000000000000000000e+00 7.754677718245878149e-01 8.478730361191839648e-01 8.437076491361977792e-01 7.205467919040819957e-01 5.999919607533884536e-01 6.540579860811553958e-01 5.520420103408500978e-01 6.150891071582107461e-01 7.085190317446786734e-01 6.521249108008903006e-01 6.496830836785040253e-01 7.011737216931676064e-01 7.913379674510844231e-01 7.777322248126598003e-01 7.745103485892220752e-01 7.598548609492804529e-01 7.752353310240898132e-01 8.322461418412653300e-01 8.029195738011232208e-01 7.178195071613254763e-01 7.739577121731203713e-01 7.680452504879118347e-01 8.098780880980934738e-01 8.153855996540838591e-01 8.190228857767698489e-01 8.382086519242959444e-01 7.892938256437358469e-01 8.465237525840745292e-01 8.440566503071271764e-01 8.291312358364254509e-01 8.578588201600887420e-01 8.437086570486179715e-01 8.510101935597468303e-01 8.613838867895491358e-01 8.616539602715270751e-01 8.568695360481867196e-01 8.288366113212084496e-01 8.340998905564629418e-01 8.254446212703843155e-01 8.546532436778189190e-01 8.394404568456776961e-01 8.197847276227675506e-01 8.364474609742507116e-01 8.282342987145210333e-01 8.525309550508692880e-01 8.382485977101135077e-01 8.621161335766522882e-01 8.665964769528996525e-01 8.513732607748275560e-01 8.415517011898232536e-01 8.525148911195378210e-01 8.481297794081956720e-01 8.550250133960746179e-01 8.594333219565188919e-01 8.461619915918678903e-01 8.462668431144761971e-01 8.386712820089970988e-01 8.491678589029105773e-01 8.574360536437718450e-01 8.355511243080366857e-01 8.414798254451707482e-01 8.604891473382284550e-01 8.598723566211138314e-01 8.583993743992334169e-01 8.512240165524996849e-01 8.569342528329927378e-01 8.588515269690575327e-01 8.588402120902616232e-01 8.659340916367144203e-01 8.575173921091423512e-01 8.506642550862868468e-01 8.594112005014091782e-01 8.554085055472206989e-01 8.648047376031273714e-01 8.590869041218966995e-01 8.625792671284634450e-01 8.560078457509817662e-01 8.555265334788462184e-01 8.662286733389176208e-01 8.706759461221525997e-01 8.662858450975632341e-01 8.643602650781392338e-01 8.655128471561633896e-01 8.543093703102491165e-01 8.573793619284598710e-01 8.599400588085047703e-01 8.650186525833645224e-01 8.639902805505593752e-01 8.633696116971839585e-01 8.694981981570016893e-01 8.682128967751340243e-01 8.722775378347710218e-01 8.525348839886497387e-01 8.651371217517077605e-01 8.597715277477797624e-01 8.604267964849051653e-01 8.636239418443325544e-01 8.603935885864416599e-01 8.659245812205420556e-01 8.663195106916429244e-01 8.650382158796324772e-01 8.639054127830188001e-01 8.687574183341761902e-01
