1.000000000000000000e+00 4.357235016060585081e-02 -5.568348141709288275e-03 2.444051786534616119e-02 -1.849536354327769964e-03 -1.474910791760017381e-02 1.822234946641915904e-02 -1.146316064587197224e-02 2.362686678023638229e-02 9.200743690447540230e-03 2.317530012145627843e-02 2.456996255224412271e-02 7.927700355462063628e-03 -4.187112198496671656e-02 4.859555452839803410e-04 4.682823928280608651e-03 5.372906304743484129e-02 3.846531643444624227e-02 1.413593675018082196e-02 6.409248246668514115e-02 2.907075191404270842e-02 9.088307703312785077e-03 4.157883591734014284e-02 4.184478897980612594e-02 3.871970837277158295e-02 1.836755649801389417e-02 1.333765236998732395e-02 1.313374101963361330e-02 1.387852716840451070e-02 1.438474996877366248e-02 1.632877382230178351e-02 8.386108431175756314e-03 -6.488736923911609701e-03 1.578064092423804576e-02 1.611789734216827197e-02 2.257179601535346490e-03 9.484325441601670209e-03 -2.416369543557326941e-04 7.513006065989862904e-03 2.106406541822286160e-03 1.044589963767786692e-02 3.619884614364245103e-03 5.899472219980746515e-03 6.646527011089459376e-03 7.416325077443420254e-03 -3.564709060722081983e-03 4.630599341006345557e-03 1.067556876458099907e-02 6.068361908126341901e-03 -3.600837193174501530e-03 -2.206690394593104152e-03 2.098614791143830691e-02 8.100027102542563945e-03 1.642564172257394289e-02 4.954114170478934702e-03 6.262790891185667647e-03 -8.212409352459882836e-04 -5.782258605309132868e-03 -3.265563958826306519e-03 8.272062067273867197e-03 6.960637363219826165e-03 4.469510266019271170e-03 -4.856303096595838281e-03 1.552637581074787186e-03 1.194752929045700407e-02 6.356844538136461123e-03 1.223367078061231468e-02 9.372020647277774785e-03 1.552889573173426609e-02 2.299776004977209520e-02 7.542236033210488952e-03 1.031564721066836714e-02 1.657169156214973252e-02 1.020642045310326575e-02 6.545221160222877872e-03 9.092757081246783529e-03 7.242578748493136778e-03 1.541549277774877970e-02 5.270308717196774649e-03 1.173396226359683069e-02 3.156905586570311201e-03 6.223786937645326214e-03 1.321825848015779556e-02 6.917442173594027383e-03 4.677290422167788321e-03 1.112112414062739300e-02 1.276489238901698173e-02 2.519289682832323313e-03 5.131130113172214027e-03 7.530076763117201505e-03 7.547301771701700338e-04 3.443119606393977260e-03 3.913736497294891155e-03 6.238789370320736976e-04 9.398207610213151495e-04 4.742419536243884688e-03 3.651408146147303111e-03 3.946958888381471228e-03 3.197038605256270153e-03 3.819363305764845399e-03 1.856708248837689486e-03 3.947436377390577469e-03 4.745010390279694006e-03 2.194804583114064699e-03 1.056827423977952686e-02 8.403312664040981511e-03 2.860242587624010034e-03 5.390005686210004414e-03 1.848328274140523210e-03 3.395818299268576167e-03 -7.991702860437826074e-04 3.957454373594990887e-03 3.785225816576060810e-03 3.764246329276624801e-03 1.022153787009535617e-02 7.696898928350218508e-03
4.357235016060585081e-02 1.000000000000000000e+00 4.034026843894152059e-02 9.685991412198688422e-02 9.978140902327597983e-02 4.952458266007782328e-02 1.008243454137582873e-01 8.916128711505091897e-02 1.125765104306953729e-01 9.133381156404851708e-02 8.812201766226090971e-02 1.042298147983351242e-01 9.147902610447046501e-02 5.815919681385330747e-02 1.040904343820400618e-01 9.548664985019401918e-02 1.400333985566314388e-01 1.686617578120177818e-01 1.388300083347879244e-01 1.343341496880573749e-01 1.570768864683821375e-01 1.529698344101808050e-01 1.857578270134741805e-01 1.676834870411624823e-01 1.665438241107813633e-01 1.475309294503311663e-01 1.334386137307403408e-01 1.412459439248479331e-01 1.804336950192038380e-01 1.411338704747999995e-01 1.335793814584144701e-01 1.428310748287867360e-01 1.218619814933418616e-01 1.258981803495189400e-01 1.270738070442279377e-01 1.271870824943784339e-01 1.401347146665788967e-01 1.099908866067296070e-01 1.136706672879262969e-01 1.249152309636522712e-01 1.188109725369755204e-01 9.961233502294083997e-02 1.132164251345189193e-01 1.079091933770250644e-01 1.212686467861413264e-01 1.064475670676422459e-01 1.038131419719078991e-01 1.057463950375176764e-01 1.017913926043563511e-01 1.103426207130860648e-01 1.087259825658524193e-01 1.167264265577477172e-01 1.004590583040630425e-01 1.206501570432984699e-01 1.200422319438862462e-01 1.207464046310501582e-01 1.130482199122839065e-01 1.028173082972985153e-01 1.108723413534316166e-01 1.054775796718392528e-01 1.096924389175741588e-01 1.077678076216468245e-01 1.064785363388712075e-01 1.071473596153469793e-01 1.084474219827761821e-01 1.098655148730869335e-01 1.041081381309272025e-01 1.210788265037970740e-01 1.276304922560644040e-01 1.236119636271626188e-01 1.122487292452820501e-01 1.113248267547316123e-01 1.295047998962226277e-01 1.259256009441223068e-01 1.153743600851603046e-01 1.106663450492068879e-01 1.035703404725136362e-01 1.290052868498234584e-01 1.221120392831859247e-01 1.247577205638826237e-01 1.178757740661538073e-01 1.128680526740053341e-01 1.205079795889649891e-01 1.110577585398986461e-01 1.105573311306132928e-01 1.137385745362211181e-01 1.129736441139694431e-01 1.015637323698618949e-01 1.068620889748686104e-01 1.094915462853718047e-01 1.090119541996252689e-01 1.048398640946052451e-01 1.060691475896858305e-01 1.002579079086391572e-01 9.898183269817130425e-02 9.833312690023204850e-02 1.043974820492537120e-01 1.081789473507081406e-01 1.077300777502988305e-01 1.042878850818886594e-01 1.014332737469255674e-01 1.027888240743536075e-01 1.068584605581381214e-01 1.006572738917985571e-01 1.087904909422114236e-01 1.053170772249702875e-01 1.018770962643433253e-01 1.080970230284688943e-01 1.056482183312410922e-01 1.051784877322442385e-01 1.002451472514727798e-01 1.050088883717435334e-01 1.017151889634429485e-01 9.983432346258075407e-02 1.108411942157843111e-01 1.060373629879607232e-01
-5.568348141709288275e-03 4.034026843894152059e-02 1.000000000000000000e+00 2.882069275678540432e-01 1.746469129788714714e-01 2.060590548820590562e-01 3.043516631206465983e-01 2.964791418883845897e-01 3.016536217976347745e-01 2.882569249174632975e-01 3.305018241120525890e-01 3.419089949736746625e-01 3.126947809926189925e-01 2.535905104376426911e-01 3.439028558546459169e-01 3.408747714267207352e-01 3.100463169694223642e-01 3.219195024055888643e-01 3.283841431326270932e-01 2.902222368579340239e-01 2.944199603653545050e-01 3.349561052275420447e-01 3.250472157943685714e-01 3.392376270835959495e-01 3.309300147508290046e-01 3.475889540594218619e-01 3.389347944118579758e-01 3.512994025564979972e-01 3.350600794417601946e-01 3.378447506378652876e-01 3.561596821173864114e-01 3.535444761172316097e-01 3.357511169622990344e-01 3.470021127829884811e-01 3.477883504516181001e-01 3.489231870612086728e-01 3.482137361163605282e-01 3.592097769005703767e-01 3.516587865960228432e-01 3.523529325326211770e-01 3.570315504002189444e-01 3.567444066393242186e-01 3.549386194708537556e-01 3.642737053512042356e-01 3.552970139362451318e-01 3.512928833951010632e-01 3.496870416788110392e-01 3.520898490510561696e-01 3.526246527105587059e-01 3.545414974407767317e-01 3.578165393573858877e-01 3.488037665926890241e-01 3.542429272166874865e-01 3.466537141143163914e-01 3.510790824052607007e-01 3.529000054327116054e-01 3.416521032493487486e-01 3.570034169652229750e-01 3.529328598400583994e-01 3.492861911644320472e-01 3.557563043603878539e-01 3.459723509336381508e-01 3.474583905617079638e-01 3.522812000352957829e-01 3.445933289965341650e-01 3.439920182492476886e-01 3.502397124719182075e-01 3.555142210662247670e-01 3.576142271525336036e-01 3.615008258564839094e-01 3.539290046595791606e-01 3.572857781323436344e-01 3.604785542441968915e-01 3.571151156036394547e-01 3.537710841789962202e-01 3.548334324804020556e-01 3.561923388654730793e-01 3.563532181498400009e-01 3.572407405254753865e-01 3.533363514617282597e-01 3.642909028075224653e-01 3.621297937200182449e-01 3.537758730267254736e-01 3.538273253612559954e-01 3.582404303425163472e-01 3.576981707136541733e-01 3.573645501428994176e-01 3.597637200357883258e-01 3.536471434109897949e-01 3.563600426811481814e-01 3.594437255177143631e-01 3.591588151238973570e-01 3.554935506520559563e-01 3.575490806588357273e-01 3.511867938008449430e-01 3.503260371631896075e-01 3.582794530802253519e-01 3.492801259952634796e-01 3.538740745998659731e-01 3.582913310890872838e-01 3.564554343788248203e-01 3.539339364992725723e-01 3.534589546093730439e-01 3.540890565212633789e-01 3.553625525407714814e-01 3.474769855055253598e-01 3.511240411344208612e-01 3.517691672786603108e-01 3.519802992134008490e-01 3.542680051992425083e-01 3.542184056216671206e-01 3.501453727985604503e-01 3.502825803560932760e-01 3.513863806003896806e-01 3.566623161415605203e-01 3.474010263628370399e-01
2.444051786534616119e-02 9.685991412198688422e-02 2.882069275678540432e-01 1.000000000000000000e+00 3.178665209552926085e-01 3.194648185571237753e-01 5.588993430021342856e-01 5.472210890485484924e-01 5.130829040334865532e-01 4.727460713864723441e-01 5.548808291100075785e-01 6.107253317145955318e-01 5.007927931561155788e-01 3.751462824825831932e-01 5.829038835075611713e-01 5.802078185099756036e-01 5.570856923898054314e-01 5.429808846094856811e-01 5.458592018189492023e-01 5.488470046708601169e-01 5.326795260149396194e-01 5.554265781766525301e-01 5.263187564216645908e-01 5.273790006233444183e-01 5.516096088417662413e-01 5.730729860296996936e-01 5.585959256225984104e-01 5.660814768966491162e-01 5.341354203252995925e-01 5.508082582337344713e-01 5.857403438683915775e-01 5.590797986814206588e-01 5.296547109441219758e-01 5.528025920528630843e-01 5.494069633281188914e-01 5.561648805033936327e-01 5.658011629078828486e-01 5.719795908342938384e-01 5.815334054258322061e-01 5.736859966089974394e-01 5.887162717179020843e-01 5.881991492547161693e-01 5.879072495341612914e-01 5.943730390750545656e-01 5.900066479826545640e-01 5.836058239014412230e-01 5.790452507625715173e-01 5.828626001743812957e-01 5.841883737818622802e-01 5.781359597165786068e-01 5.926805118663180938e-01 5.952565198967472160e-01 5.894433983800497767e-01 5.731304862376551679e-01 5.692010793835006188e-01 5.713919313382500587e-01 5.796449228955466992e-01 5.894648466898261274e-01 5.832462357836849520e-01 5.851568006458773841e-01 5.935989135944192974e-01 5.821330411997137633e-01 5.795175322532992723e-01 5.881261889716605795e-01 5.845254064580064357e-01 5.849113544793855812e-01 5.828916189318836816e-01 5.860593366911512891e-01 5.843067742905599937e-01 6.127487276108604108e-01 5.989972331950584872e-01 5.875559218716969179e-01 5.808020011402291738e-01 5.860697805413770389e-01 5.899356815519937181e-01 5.840629198928010135e-01 5.859801700407557545e-01 5.798903560745218844e-01 5.794881751181344409e-01 5.796241220596893839e-01 5.795479880138140194e-01 5.894160969557841190e-01 5.817814816219930574e-01 5.740003872598288259e-01 5.799550794172115831e-01 5.795558417423362085e-01 5.839248365983429334e-01 5.869893637443089895e-01 5.854536649937217563e-01 5.805331878057692352e-01 5.824642942879031393e-01 5.875729355649539354e-01 5.925692274718601382e-01 5.878993573475909118e-01 5.845137046687721716e-01 5.811449763539655589e-01 5.963712519980507443e-01 5.878758878829177803e-01 5.892883410914456777e-01 5.914673057318611260e-01 5.896441390190571008e-01 5.908013396355310531e-01 5.931197588031130730e-01 5.914287663953812224e-01 5.922677019999702530e-01 5.885753793064500972e-01 5.865641547489180985e-01 5.780586393911182341e-01 5.797136535899022336e-01 5.888949376188682416e-01 5.869921303814680247e-01 5.851087510478548692e-01 5.858986161572132811e-01 5.846991146757941626e-01 5.868818722474112848e-01 5.867181361380022775e-01
-1.849536354327769964e-03 9.978140902327597983e-02 1.746469129788714714e-01 3.178665209552926085e-01 1.000000000000000000e+00 2.633943461423051691e-01 4.325215146951156275e-01 4.311871546860724935e-01 4.305628565783271022e-01 3.852308527862549625e-01 4.302222068071545058e-01 4.680350645953069155e-01 4.365356592203465391e-01 3.329097779622605668e-01 4.813084487329082894e-01 4.746625230177554111e-01 4.392076810502548168e-01 4.362274488691113006e-01 4.411602697589065980e-01 4.164849446557019608e-01 4.244759124431325970e-01 4.547309596940312670e-01 4.317184966457192075e-01 4.327040463996061348e-01 4.374573055564574542e-01 4.719679029402428228e-01 4.652926477815708117e-01 4.664401628383896825e-01 4.484912821328824739e-01 4.680535109428068941e-01 4.813698921103909401e-01 4.760855233536482878e-01 4.505439587677625424e-01 4.605275862323507940e-01 4.689398285746482764e-01 4.610854327424744326e-01 4.726586657207322850e-01 4.775407466140983437e-01 4.781113595583504905e-01 4.785088857209021662e-01 4.851142262084672252e-01 4.843072022475767846e-01 4.845825627550877090e-01 4.845529123139173389e-01 4.835117571196285158e-01 4.768504659850352767e-01 4.900664890785272343e-01 4.853240508361473804e-01 4.854414881300774254e-01 4.770751799237069046e-01 4.860773077756854743e-01 4.822181604833648549e-01 4.872245246741955804e-01 4.802226764557891991e-01 4.818220470683747259e-01 4.837128562948116994e-01 4.801602545762067020e-01 4.855854157425360529e-01 4.870074726967299483e-01 4.866358043628100649e-01 4.851971543062045256e-01 4.849074903916126833e-01 4.814177745620654703e-01 4.844470007669902656e-01 4.794224465792448764e-01 4.841398359010328223e-01 4.824583070525093054e-01 4.860460931203102741e-01 4.860776608204731564e-01 4.961654792795450186e-01 4.929642230207303966e-01 4.849627951090155209e-01 4.839021310234347117e-01 4.873942053359024418e-01 4.894804764227367322e-01 4.826335921824469466e-01 4.796802401882877542e-01 4.772500988888350171e-01 4.805826808480294088e-01 4.806106737515916105e-01 4.832568394945890855e-01 4.836855884599698396e-01 4.846815372563662572e-01 4.780419546795392494e-01 4.833050213440168719e-01 4.838066367318089589e-01 4.855405491838235554e-01 4.878505289059522076e-01 4.840078631838906631e-01 4.844192037765825409e-01 4.900344228054470674e-01 4.887805300864363489e-01 4.882389536162805022e-01 4.844664673609361816e-01 4.850873238174430724e-01 4.836048824632945276e-01 4.864950195354769136e-01 4.833530346830364754e-01 4.872941321058851805e-01 4.895121598312580646e-01 4.869323456835320529e-01 4.831315387592705624e-01 4.916162958513966563e-01 4.879812187828819203e-01 4.899352192307784293e-01 4.829688072737599036e-01 4.858710715107861233e-01 4.854824761594178639e-01 4.845893026728139152e-01 4.881419871449136361e-01 4.884107018393594180e-01 4.866026518216091112e-01 4.861685948210529573e-01 4.839459970342788186e-01 4.850004270637582326e-01 4.856179895707442018e-01
-1.474910791760017381e-02 4.952458266007782328e-02 2.060590548820590562e-01 3.194648185571237753e-01 2.633943461423051691e-01 1.000000000000000000e+00 4.887800722843019807e-01 4.665749028716516533e-01 5.155979419023510868e-01 4.363397677749509818e-01 4.944619163016866770e-01 5.169840624606598656e-01 4.590317795284467040e-01 3.890716802821095333e-01 5.445715585800761094e-01 5.339066314371262445e-01 5.122964668158282997e-01 5.146939645242328831e-01 5.418118657647758019e-01 4.012795972991171634e-01 4.883252285456401998e-01 5.329237397510236951e-01 5.247312247119002571e-01 5.211554129646253086e-01 5.283979816334909430e-01 5.636181291520057091e-01 5.589230114362827573e-01 5.633105379257834500e-01 5.375323230484043702e-01 5.560611651877340744e-01 5.652189752798313371e-01 5.599456082412122004e-01 5.568043234525404950e-01 5.398596973887443973e-01 5.585942758660419338e-01 5.674198236090184366e-01 5.711132303633400520e-01 5.579222660022599145e-01 5.636667780593878074e-01 5.699457213099597963e-01 5.628126938046329464e-01 5.562475522374922265e-01 5.649832068696030163e-01 5.654482278250847482e-01 5.689903753177355528e-01 5.638494058145661070e-01 5.557145960869619428e-01 5.532880176287547913e-01 5.629724362021782946e-01 5.563754006035536159e-01 5.642148648471954075e-01 5.655029588050574096e-01 5.635710185959608154e-01 5.626353267102257583e-01 5.709698597117385255e-01 5.724904022246057878e-01 5.688892221787152925e-01 5.623909259508690361e-01 5.656356003796841891e-01 5.632132330944478182e-01 5.665992582640003716e-01 5.630772541663927599e-01 5.671023677877634617e-01 5.617506936152445451e-01 5.576528693065768705e-01 5.643518043064901235e-01 5.586296428258856750e-01 5.704197085821629543e-01 5.686919578680117437e-01 5.567216930017121479e-01 5.664720533709125538e-01 5.654548242416164161e-01 5.663765753825836802e-01 5.713677161208665645e-01 5.658623105662283770e-01 5.597264036376039531e-01 5.619713700854068739e-01 5.610342136171557748e-01 5.695718917795592473e-01 5.636111846552877003e-01 5.676014533849466082e-01 5.633781910912459834e-01 5.659251584276995262e-01 5.668295821075886032e-01 5.630603194320475957e-01 5.663238505931890154e-01 5.688577478677629973e-01 5.685048136523869200e-01 5.648449163324966715e-01 5.674928377757492148e-01 5.712561362775003815e-01 5.657271212926731074e-01 5.656507339143151958e-01 5.634164239346590719e-01 5.597006932427814885e-01 5.579595360170805929e-01 5.700800296666610478e-01 5.678182208615485393e-01 5.700957665190206081e-01 5.653810137222025078e-01 5.652420502320348872e-01 5.652146542704873378e-01 5.633433401496972248e-01 5.634259915513214478e-01 5.693803847380606298e-01 5.631896945673338095e-01 5.619304847776717127e-01 5.649328951023082634e-01 5.646531910159491296e-01 5.666955119025826049e-01 5.666129245383395574e-01 5.629351068753767340e-01 5.643055894767614600e-01 5.634847855785499737e-01 5.621230945819937208e-01 5.614391973203495256e-01
1.822234946641915904e-02 1.008243454137582873e-01 3.043516631206465983e-01 5.588993430021342856e-01 4.325215146951156275e-01 4.887800722843019807e-01 1.000000000000000000e+00 7.187454145805800554e-01 7.348638349525059565e-01 6.555927947107099696e-01 7.441180956155096782e-01 7.887631385771817216e-01 6.981317843448168192e-01 5.569365609209968593e-01 8.176701179617045234e-01 7.988638458511180263e-01 7.671651322234498416e-01 7.411251419272454344e-01 7.686190645994308568e-01 6.421312062065622772e-01 6.923267068235232635e-01 7.680181698899606335e-01 7.482255493406105851e-01 7.439054919016312439e-01 7.568249575599724777e-01 8.043914279300937720e-01 7.854075746943063319e-01 8.028810719021862718e-01 7.621420808148485770e-01 7.900604900836926126e-01 8.182456104215339865e-01 8.069807737179964802e-01 7.939594862245322737e-01 7.920418365405527128e-01 7.989924489601083479e-01 7.997342947542004366e-01 8.056544006319842355e-01 8.172726486583639094e-01 8.233405370652325805e-01 8.191504825582510696e-01 8.224469287730209466e-01 8.198831766677426858e-01 8.265386205955295162e-01 8.278748732040343006e-01 8.246162103699293811e-01 8.225531073975632657e-01 8.159387347532836010e-01 8.168510256594950780e-01 8.244725430113202247e-01 8.177617873790133940e-01 8.318196507096187187e-01 8.222323939453383135e-01 8.152594236804295846e-01 8.112535555553443967e-01 8.142431915993346703e-01 8.198448903119512909e-01 8.214886201798939913e-01 8.210972921660616430e-01 8.241324606479216719e-01 8.180699058920599676e-01 8.295648809279650981e-01 8.198312429300754767e-01 8.205904295276970073e-01 8.231271328729692360e-01 8.166438416248581467e-01 8.187687591722715430e-01 8.186658818713703489e-01 8.259684542742274926e-01 8.231845968303771466e-01 8.220681740452432384e-01 8.261986121678466244e-01 8.210473235930407787e-01 8.207173020741023173e-01 8.224392584625955793e-01 8.240989273916843327e-01 8.194727889829648282e-01 8.205950409730374817e-01 8.149639727930627631e-01 8.223222475290757894e-01 8.177646096117694441e-01 8.193702461228945522e-01 8.221561442187655944e-01 8.228967811381424635e-01 8.210271498174072091e-01 8.217612164676438846e-01 8.225854689311873358e-01 8.236291585926622805e-01 8.261062555713659661e-01 8.225395710266233396e-01 8.206493484593773147e-01 8.270862944098127389e-01 8.245321476845465236e-01 8.270000954250892322e-01 8.238586206806878254e-01 8.189213340994201396e-01 8.169143603732075265e-01 8.302565161033773622e-01 8.235491965330883346e-01 8.255509632635604778e-01 8.284110276764169445e-01 8.261765424900558985e-01 8.253204320365636892e-01 8.241917473755716594e-01 8.242549233783900142e-01 8.277201492614403300e-01 8.196781453162758080e-01 8.219420506126390302e-01 8.177851461773824049e-01 8.191086876625151003e-01 8.239786252694888402e-01 8.242963740114900295e-01 8.203556574139679869e-01 8.222468522255357293e-01 8.206925403834794963e-01 8.197077881734193827e-01 8.193277246865009467e-01
-1.146316064587197224e-02 8.916128711505091897e-02 2.964791418883845897e-01 5.472210890485484924e-01 4.311871546860724935e-01 4.665749028716516533e-01 7.187454145805800554e-01 1.000000000000000000e+00 7.152936973090167072e-01 6.520820943906384670e-01 7.266694062996283954e-01 7.726985465728783975e-01 6.917080587630264343e-01 5.393343351123625062e-01 7.927159556076447400e-01 7.834620481873311171e-01 7.310205424484033099e-01 6.997688455504967875e-01 7.362794857864547460e-01 6.172184976604460083e-01 6.542989869637793054e-01 7.310167188228566815e-01 7.012262022062926148e-01 7.039149750687050400e-01 7.117798287311618566e-01 7.777859118846401909e-01 7.527156462004701565e-01 7.716615264820082531e-01 7.329611823946907689e-01 7.682755114754876713e-01 7.912651109184847265e-01 7.815961950370059474e-01 7.521771846137892403e-01 7.675612666983100407e-01 7.727113127837249573e-01 7.735251350614871235e-01 7.800410814486353761e-01 7.918415025599377932e-01 8.033276622162095482e-01 7.863661100265828541e-01 8.013331920210694514e-01 8.035764072816267145e-01 8.019366775852790896e-01 8.072235111494283633e-01 8.045878395310579467e-01 8.008393800005131347e-01 8.028380345169688903e-01 8.005335154476070914e-01 8.074208185849183206e-01 7.968445680365486838e-01 8.110289231319434133e-01 7.964164754244876798e-01 7.994115728581807634e-01 7.941011275731582053e-01 7.976990253550996224e-01 7.998288628474425899e-01 8.057775816307187755e-01 8.041742430112015505e-01 8.074539490984311563e-01 8.068511384352282656e-01 8.152430854996727261e-01 8.068333738594315463e-01 8.062440318546270079e-01 8.100686019445981767e-01 8.031471603186787211e-01 8.032926482956507241e-01 8.044931438639569832e-01 8.074183934201554225e-01 8.049297092093052886e-01 8.032225894336425531e-01 8.059307745981895144e-01 8.044225922578622789e-01 7.970498606527726126e-01 7.965482464684827679e-01 8.076827776792228075e-01 8.042311218946018858e-01 8.019095388572258232e-01 7.945615570461596056e-01 8.015359831410080460e-01 7.966739143952742408e-01 8.001982428671892134e-01 8.070369238692219893e-01 8.040704719840373604e-01 8.011774821110104750e-01 8.062709599532248417e-01 8.042521549415588833e-01 8.051922476883015545e-01 8.102493923859527269e-01 8.088192872538839673e-01 8.056887014787973422e-01 8.071266896410228542e-01 8.098430357935779700e-01 8.109627770706990812e-01 8.093831140064514651e-01 8.054404049984725811e-01 8.048882018615685086e-01 8.140565737037124272e-01 8.097491051619629676e-01 8.111620842295639289e-01 8.135387525395381125e-01 8.118608523804741184e-01 8.118661381137043387e-01 8.102536290439953381e-01 8.108652351612140041e-01 8.110166001458714025e-01 8.075892468291011594e-01 8.080466984928317276e-01 8.052620646947572514e-01 8.060015741184834992e-01 8.102340726069955368e-01 8.106521750195075926e-01 8.084179460699225661e-01 8.092532198346427119e-01 8.083183264846114380e-01 8.046857356752079582e-01 8.063857796067971373e-01
2.362686678023638229e-02 1.125765104306953729e-01 3.016536217976347745e-01 5.130829040334865532e-01 4.305628565783271022e-01 5.155979419023510868e-01 7.348638349525059565e-01 7.152936973090167072e-01 1.000000000000000000e+00 6.960692125056400226e-01 7.720824643125019371e-01 8.178065436911693409e-01 7.514166252913968558e-01 6.009635077759605259e-01 8.453430880939077907e-01 8.368144934314560857e-01 8.196634066960916121e-01 7.712954859914821215e-01 8.117175784333093835e-01 6.489040433396056073e-01 7.161728504414035523e-01 8.069104468005029451e-01 7.890975033922598136e-01 7.826751572682006941e-01 7.933672530749078522e-01 8.623630899461246502e-01 8.484787574953995826e-01 8.527994170220591919e-01 8.307704226160307348e-01 8.632563062231084494e-01 8.738048617565955523e-01 8.559443135696984672e-01 8.293427323218962588e-01 8.443438693245380877e-01 8.614258092986432080e-01 8.434937703388566410e-01 8.663397556219848417e-01 8.560276472985642870e-01 8.694349867467919823e-01 8.480534883628079168e-01 8.699541155865230246e-01 8.680089955694936243e-01 8.671716179326671714e-01 8.742798406852942961e-01 8.707676980738191519e-01 8.737304631056014292e-01 8.721099863194562429e-01 8.751816062633644977e-01 8.729822405980223188e-01 8.537240343452824343e-01 8.691349939320103246e-01 8.525653370679319165e-01 8.614206458111396403e-01 8.801906488288950836e-01 8.738590780263566504e-01 8.767807621794195816e-01 8.753698823092253001e-01 8.716254566681947979e-01 8.757094252021254688e-01 8.768658230490825600e-01 8.765284886783515361e-01 8.772636354882352716e-01 8.718802305625376059e-01 8.709242508399460680e-01 8.721038223129556899e-01 8.731474624535268125e-01 8.754412246843754630e-01 8.797267961856881646e-01 8.800359844740721638e-01 8.696928504924981151e-01 8.731474583063145722e-01 8.772492400741183083e-01 8.756231285461599789e-01 8.755647884897763689e-01 8.784715326556742365e-01 8.762544969341009571e-01 8.749805606779458289e-01 8.775939897432479819e-01 8.774911050324269990e-01 8.796851411853766622e-01 8.787587735904465180e-01 8.784174952352912236e-01 8.800507071270584625e-01 8.766365490827624507e-01 8.715668583398188396e-01 8.779869561776160181e-01 8.796538938946132369e-01 8.750554362673079734e-01 8.772305077207663837e-01 8.792301520844484353e-01 8.743239642703588554e-01 8.761257141232279277e-01 8.770958754426675386e-01 8.762847187263277382e-01 8.740595428840154391e-01 8.737953009292066531e-01 8.671108864275033357e-01 8.709393890833909690e-01 8.757420474371431229e-01 8.741270097279911777e-01 8.749568808187159208e-01 8.717913315751627534e-01 8.755621120210644870e-01 8.746105570722414457e-01 8.784419567035708365e-01 8.716237173249933301e-01 8.768167502352790521e-01 8.778856654170146268e-01 8.776363134089745222e-01 8.777446004473445917e-01 8.754925977320703323e-01 8.773571309481515978e-01 8.754012702822246972e-01 8.748904238865309324e-01 8.766684918655770486e-01 8.746449147363222210e-01
9.200743690447540230e-03 9.133381156404851708e-02 2.882569249174632975e-01 4.727460713864723441e-01 3.852308527862549625e-01 4.363397677749509818e-01 6.555927947107099696e-01 6.520820943906384670e-01 6.960692125056400226e-01 1.000000000000000000e+00 7.063595096483845648e-01 7.460897887939245132e-01 6.826149751426107137e-01 5.303913272694493752e-01 7.550621312822640707e-01 7.563194733653462176e-01 7.039416571918506449e-01 6.697783856336066988e-01 7.129128881419901642e-01 5.565827162014379548e-01 6.037518097492693414e-01 6.956231511635934117e-01 6.864544762093387487e-01 6.762346188430655713e-01 6.919937470845558547e-01 7.660270543043552482e-01 7.425663831064892584e-01 7.533283025920788356e-01 7.340527651811813437e-01 7.677779928428518641e-01 7.783270292741165663e-01 7.514622175256312486e-01 7.341800313642881104e-01 7.477502054443423418e-01 7.623936514800343511e-01 7.417111686242636726e-01 7.629089450974962938e-01 7.631431857773079974e-01 7.813115270114198152e-01 7.450588258378977313e-01 7.830342693350603733e-01 7.834153818966620442e-01 7.767407513769852834e-01 7.852024971331673653e-01 7.772534908524200148e-01 7.809248637652851377e-01 7.885793753412463358e-01 7.929961865856349768e-01 7.840398086421915824e-01 7.620205971650976240e-01 7.783901887094558658e-01 7.558820776243759809e-01 7.734082755413442811e-01 7.875037468537027241e-01 7.812803316285336086e-01 7.838096559224636550e-01 7.761545012705454161e-01 7.872909577405763359e-01 7.828130722696159394e-01 7.891820228402531834e-01 7.854140308535590975e-01 7.880006059321775780e-01 7.808353879377096796e-01 7.834190026803482532e-01 7.821105498738329942e-01 7.849620808452336673e-01 7.887278322856986490e-01 7.896370364085574245e-01 7.885738347388193681e-01 7.744976506250180748e-01 7.829888863391978315e-01 7.875900316778576826e-01 7.798073705427369662e-01 7.811704621208089838e-01 7.933076329399381121e-01 7.930833539038436575e-01 7.899524213866653266e-01 7.876074854950317894e-01 7.868442325078065513e-01 7.906933259990633900e-01 7.903817641234048841e-01 7.938371668265612469e-01 7.872648079686891398e-01 7.914499722484777955e-01 7.844200428216979715e-01 7.856358373473185663e-01 7.887504621328530474e-01 7.898321696887807830e-01 7.906064832689868593e-01 7.911242871267623045e-01 7.863191295039160256e-01 7.907620384814609826e-01 7.890152201036714219e-01 7.924363691092195516e-01 7.906235717693592679e-01 7.919457442472377373e-01 7.803786158347731927e-01 7.822063903509943739e-01 7.874528734971969479e-01 7.904023537616842177e-01 7.897365621946131897e-01 7.860210120590072069e-01 7.853425862602890772e-01 7.909455322082022954e-01 7.884301956176706927e-01 7.861234086927169074e-01 7.895735657090282578e-01 7.912592847628306947e-01 7.897406186907451886e-01 7.895677719481671852e-01 7.896155525742054593e-01 7.912717981211478957e-01 7.901863088014507985e-01 7.887129326445037059e-01 7.867484775262036933e-01 7.880851941161606256e-01
2.317530012145627843e-02 8.812201766226090971e-02 3.305018241120525890e-01 5.548808291100075785e-01 4.302222068071545058e-01 4.944619163016866770e-01 7.441180956155096782e-01 7.266694062996283954e-01 7.720824643125019371e-01 7.063595096483845648e-01 1.000000000000000000e+00 8.473564823804414781e-01 7.480499913832332481e-01 6.042749502269508799e-01 8.499633774024555333e-01 8.457294513256026214e-01 7.938889696329575196e-01 7.299427307877068838e-01 7.822522939887779359e-01 6.207784091926680237e-01 6.689351125339588755e-01 7.678710204935482730e-01 7.462052538971362114e-01 7.432305402464979283e-01 7.649195864710360837e-01 8.391543247333161926e-01 8.151355824787804849e-01 8.286891320165274966e-01 7.944717452066674124e-01 8.415260466925583716e-01 8.755984917060720685e-01 8.359192560102680636e-01 8.135297246919794834e-01 8.260138531531998618e-01 8.353726060806787590e-01 8.353495279275024998e-01 8.554653704647211532e-01 8.511476162546955937e-01 8.669373298785297832e-01 8.364605666347113555e-01 8.682212967247497915e-01 8.720991798068969958e-01 8.631542579555043782e-01 8.727644623697693449e-01 8.674241094346850645e-01 8.692551136682205026e-01 8.734518133917843485e-01 8.789116765038155199e-01 8.750422660607461989e-01 8.566310013539409907e-01 8.709621966417534500e-01 8.568011140153396488e-01 8.629313725242030442e-01 8.718474339334191248e-01 8.629082533491735374e-01 8.626175252384206127e-01 8.658676752427937329e-01 8.740668190358363843e-01 8.701042904005732437e-01 8.777691573077071041e-01 8.770971503696131100e-01 8.762003965549607365e-01 8.706979793477365170e-01 8.763409521881964093e-01 8.737225524612670657e-01 8.742492901142364659e-01 8.795204742835840417e-01 8.760371042928095653e-01 8.751346581833346905e-01 8.642706118667907722e-01 8.733361214204715672e-01 8.787271185722917988e-01 8.644190701887787265e-01 8.709841252309683535e-01 8.811977127120625974e-01 8.798601804456553932e-01 8.775538719740507698e-01 8.727647230610491302e-01 8.726008541797763973e-01 8.771135474250311148e-01 8.780731553971482528e-01 8.820722360805997031e-01 8.770937474541794510e-01 8.784960604946903118e-01 8.754480084596983902e-01 8.761593194309950094e-01 8.796629036785131861e-01 8.818155144233178477e-01 8.828136275413184242e-01 8.793146191683148816e-01 8.790473960485001292e-01 8.824887421868404802e-01 8.819728592478702778e-01 8.841292765903508988e-01 8.816816103445233033e-01 8.825260901296448912e-01 8.801690878123482609e-01 8.788346701414512241e-01 8.813085095591493001e-01 8.843817774243402097e-01 8.817486159779133192e-01 8.845928170783182720e-01 8.793862024648329001e-01 8.831645357206259206e-01 8.820502260338440870e-01 8.806299407234077226e-01 8.820995191393931067e-01 8.792869248346106836e-01 8.803955834527699142e-01 8.821741760127682630e-01 8.804162438385427780e-01 8.822854768790280300e-01 8.827889669904680492e-01 8.828098482108415190e-01 8.809969141179464502e-01 8.815082159592588784e-01
2.456996255224412271e-02 1.042298147983351242e-01 3.419089949736746625e-01 6.107253317145955318e-01 4.680350645953069155e-01 5.169840624606598656e-01 7.887631385771817216e-01 7.726985465728783975e-01 8.178065436911693409e-01 7.460897887939245132e-01 8.473564823804414781e-01 1.000000000000000000e+00 7.862333166056770795e-01 6.212690921766508279e-01 8.980496142069332999e-01 8.959444409320176383e-01 8.360068434023841810e-01 7.769419243966847466e-01 8.223059258511237202e-01 6.927943947739159114e-01 7.196483527076618092e-01 8.146540946030490504e-01 7.808064484014153317e-01 7.791747087289949691e-01 8.061950416236904893e-01 8.841888092325791426e-01 8.610842906733698898e-01 8.738586736738124250e-01 8.329416634528901131e-01 8.774900185745960757e-01 9.086433172195174102e-01 8.713531461143702028e-01 8.487757826015556173e-01 8.659517563499906645e-01 8.770429076305169547e-01 8.722161965669571471e-01 8.882249393692950301e-01 8.990166329826844160e-01 9.141210947549490706e-01 8.825252298339896218e-01 9.147622408576295827e-01 9.204251074451667014e-01 9.135948466613502683e-01 9.228603619621802423e-01 9.159097776753523101e-01 9.143158408661564707e-01 9.210497229839464950e-01 9.270721193141495675e-01 9.238801332745475436e-01 9.033681488208414878e-01 9.201858575774644056e-01 9.051699623325368815e-01 9.088639352316559838e-01 9.149340957218764503e-01 9.085657706437840764e-01 9.078241702102144428e-01 9.152060490631552803e-01 9.220553845036509877e-01 9.189247589101692260e-01 9.253107222976737489e-01 9.266742399517343687e-01 9.243672338855433157e-01 9.175487208084152080e-01 9.239250431898247129e-01 9.209904598738219983e-01 9.222858441728342127e-01 9.235207464033520219e-01 9.191639928329671250e-01 9.169547390496312067e-01 9.174966223978268109e-01 9.211893633061259967e-01 9.222696351552291949e-01 9.065107617257226469e-01 9.109304381954086427e-01 9.262193632223743034e-01 9.253237421264312035e-01 9.187771749801577625e-01 9.132766492168243877e-01 9.165028706590245822e-01 9.188852059299753572e-01 9.195578191030874260e-01 9.269114292946764033e-01 9.195794852632781513e-01 9.200986367023870072e-01 9.161754687026494315e-01 9.180006921625527561e-01 9.221792543932346709e-01 9.253439321740254409e-01 9.257314451319671456e-01 9.210121106023517745e-01 9.194950209219530102e-01 9.273820589756217592e-01 9.278548093699524602e-01 9.283504575197158992e-01 9.268639121477890708e-01 9.278205749749409703e-01 9.240247842238591414e-01 9.231058881644841341e-01 9.264831111923650386e-01 9.276095663488784782e-01 9.270374912758211350e-01 9.279633581775178497e-01 9.279607369493201308e-01 9.297510231941100711e-01 9.274851140999088583e-01 9.262824046639775988e-01 9.269742419415540891e-01 9.242752031385595979e-01 9.236623022768141178e-01 9.282742624363850004e-01 9.262868553736101074e-01 9.281423304782407957e-01 9.272997892960085364e-01 9.278680607410066949e-01 9.254436335039207817e-01 9.264621288460892501e-01
7.927700355462063628e-03 9.147902610447046501e-02 3.126947809926189925e-01 5.007927931561155788e-01 4.365356592203465391e-01 4.590317795284467040e-01 6.981317843448168192e-01 6.917080587630264343e-01 7.514166252913968558e-01 6.826149751426107137e-01 7.480499913832332481e-01 7.862333166056770795e-01 1.000000000000000000e+00 5.935869103028049709e-01 8.152009729059273013e-01 8.161347159779440696e-01 7.501448212777848124e-01 7.002230864520186948e-01 7.544377132378171646e-01 5.920309788911194415e-01 6.466202060765067205e-01 7.345464206165586152e-01 7.071109160675993488e-01 7.106712029054871316e-01 7.255434790641951404e-01 7.995649876437531667e-01 7.785259647409370487e-01 7.918743597157037462e-01 7.594398962008998000e-01 8.023133483522923992e-01 8.262204509628833238e-01 7.962340651581583106e-01 7.796298469219106186e-01 7.913703581667484999e-01 8.040606741761385790e-01 7.953649276324818995e-01 8.116435040656917455e-01 8.130756394390750152e-01 8.288029206940598081e-01 7.993252295800478135e-01 8.266839811508688296e-01 8.310577234318033968e-01 8.266762765938284740e-01 8.353629155279700402e-01 8.290404356576279721e-01 8.351961606994545706e-01 8.391648119644475878e-01 8.420528754094771529e-01 8.387772787425659127e-01 8.158952262220939833e-01 8.313988190354639762e-01 8.195452770689081179e-01 8.312779905046771001e-01 8.340485944112936423e-01 8.329205256627928433e-01 8.327228896301278604e-01 8.354212351492754651e-01 8.381747177185354669e-01 8.362899376902759307e-01 8.426726759102192155e-01 8.415484609193240040e-01 8.424593113965088698e-01 8.347222298556553621e-01 8.371713339235621332e-01 8.374569734895960238e-01 8.401738824366921099e-01 8.443996191196397882e-01 8.394045906787613864e-01 8.375655912301306349e-01 8.276382042236438696e-01 8.349567534362696275e-01 8.404683675855195713e-01 8.300655030151988800e-01 8.314139048039391744e-01 8.423305195122956501e-01 8.402278144566233120e-01 8.406857625796485545e-01 8.323165593209810309e-01 8.344330564084572188e-01 8.386480810554193255e-01 8.419091382509622523e-01 8.455167280129290974e-01 8.405758651495474076e-01 8.420402042103382056e-01 8.361394325682187656e-01 8.380345122373368261e-01 8.434850975349956759e-01 8.443177559396471965e-01 8.446897442795444633e-01 8.418054874781759622e-01 8.428749704445430702e-01 8.470300850924963321e-01 8.446456521022424058e-01 8.462437864842368151e-01 8.467362680432591882e-01 8.463871399160285414e-01 8.383192203750231553e-01 8.430975704295389228e-01 8.450419382565453885e-01 8.445643426739252169e-01 8.452811925735760346e-01 8.442965788394185545e-01 8.430411959689154688e-01 8.456160110253052586e-01 8.452632748652519901e-01 8.433139759980198269e-01 8.477036985482121478e-01 8.455338889216383880e-01 8.454109298694091335e-01 8.447223775315174654e-01 8.460150973439111155e-01 8.472806888824631066e-01 8.465446875418412009e-01 8.479875546181164792e-01 8.442134020264071559e-01 8.454127032730531788e-01
