1.000000000000000000e+00 3.151135391412140385e-01 2.119605050680523906e-01 9.967142657353335322e-02 8.602997022748692935e-02 -3.782680212918079071e-02 3.040863896205246025e-02 -8.076528941834113656e-03 2.772666840694036905e-01 1.657638779313982125e-01 8.109144928669843877e-02 2.031835613166613468e-04 8.348310768880028154e-02 -4.952029823670193315e-02 -5.359768968678620821e-03 2.753793534650050487e-02 2.131657203550089974e-01 1.985293654251574780e-01 1.107973724988327718e-01 2.417526594882594276e-02 1.804629782453830433e-01 3.596885890595353380e-02 1.736906947829786607e-01 1.158140676893237436e-01 4.675277710100592121e-02 1.567673200446094151e-01 1.723880464356924991e-01 9.036978361404725268e-02 1.718266899020980953e-01 2.263664249030932218e-01 1.589421641144442565e-01 1.342168784234810397e-01 9.179307810557631175e-02 1.031860145524590988e-01 1.572010977585995284e-01 6.875927416547367166e-02 8.821673516521488789e-02 3.511200115464179622e-02 8.930408664522641871e-02 -9.644657778090766354e-02 2.775594611547211113e-02 -5.654003954261659602e-03 7.724325603113738406e-03 2.132709145456676905e-02 1.650769035108646740e-02 1.872019915223882211e-02 2.155355439883281307e-02 4.249032784755708142e-02 6.191842985845586594e-02 4.420612535539643340e-02 1.416416090081673573e-02 3.483891297294196970e-02 2.776570540771247306e-02 9.168456820502102200e-02 7.766826282644173629e-02 1.219809426808232330e-02 1.228980432731322653e-01 3.118193021510772683e-02 3.123188989934156529e-02 7.094081096082495430e-02 4.281934016721872932e-02 8.945904376375141132e-02 9.176438105645397247e-02 6.843806506015623348e-02 1.017754132809721851e-01 1.249405192472878845e-01 5.613625017505943782e-02 4.801696464151215815e-02 6.712237421555239392e-02 3.304715459694006208e-02 5.850425872730526979e-03 1.879046565950209802e-02 5.455668580760341529e-02 3.246925556342437902e-02 5.982825503103519210e-02 5.237289395639645878e-02 3.178406003415210762e-02 7.469374234167579230e-02 2.597224046085979191e-02 9.432742714325652311e-02 5.176263403081250020e-02 6.100359603128074210e-02 7.203074969941401784e-02 6.411394129301212219e-02 3.494634539147650765e-02 5.425091359114597028e-02 2.647361177695152501e-02 1.759521904768912917e-02 3.602037502173680711e-02 4.475202276574601762e-02 -1.049312569480341344e-02 5.818130235644741917e-04 5.952817566473251991e-03 -1.144858274856737313e-03 1.414437226646721169e-02 2.994454854507919844e-02 -1.023682553776025794e-02 9.151770361530334186e-02 1.033805466396484421e-02 9.045822883477787693e-03 5.648623939313610585e-03 2.762936102293266777e-02 2.839971277946445188e-02 1.127224232954527651e-02 4.875577559136824030e-02 7.596511619700593854e-02 4.938086080823027996e-02 4.111514081953293598e-02 3.406599644161136670e-02 3.408778762270797680e-02 3.005414915496941106e-02 4.748880456553962459e-02 5.214459138475670275e-02 6.462961480870033082e-02 6.246749621726812446e-02 7.176791044743542625e-02
3.151135391412140385e-01 1.000000000000000000e+00 1.773887782909011335e-01 9.554737926290698957e-02 6.863996800704075252e-02 7.088197789781953972e-02 1.606200909602864269e-01 7.860944415798877538e-02 2.833438909192052546e-01 2.986654906299395784e-01 1.962025684255221947e-01 1.337574331136170414e-01 1.691610684670374620e-01 3.523177222150672416e-02 1.468634621579713584e-01 1.586864302001979032e-01 2.448724419185500378e-01 2.652716669192841659e-01 2.151998217072740582e-01 9.750257160443961957e-02 2.049519932568150682e-01 1.463999919463715438e-01 2.577535222577440610e-01 2.036283236232528937e-01 1.800517904594847451e-01 2.476957947533083848e-01 2.766998167741643866e-01 2.269518084898865251e-01 2.755858095034031674e-01 2.912915478434665584e-01 2.544871379369614273e-01 2.518928163154376398e-01 2.152951724713615955e-01 2.289653418210114699e-01 2.347547470928407765e-01 1.736954864859560910e-01 1.819682464409466682e-01 2.064352485500512979e-01 2.136533300530690516e-01 1.001834263723616336e-01 1.699326679372092919e-01 1.547759485165621784e-01 1.381988973104208152e-01 1.646230465097695272e-01 1.463535657502289811e-01 1.697515332237092278e-01 1.606819392023596527e-01 1.752689869767816988e-01 1.898738499176382544e-01 1.743176284687737998e-01 1.699650139164896323e-01 9.477237985490401251e-02 1.344958815801609309e-01 2.044916648561871386e-01 2.097154601591435519e-01 1.712706562830989265e-01 2.072859051332919811e-01 1.639107965791851695e-01 1.950386900026890302e-01 1.838447854364417544e-01 1.614304863447199034e-01 2.085073636887953552e-01 2.077717010443145551e-01 1.814886386024133214e-01 1.828459751767612662e-01 2.010895197976159676e-01 1.732587344381542604e-01 1.832892220778396808e-01 1.990584967377526104e-01 1.555789835052233394e-01 1.434730048748893705e-01 1.551488398937817259e-01 1.895894217763411382e-01 1.743584516326448786e-01 1.864417586946716110e-01 1.869929457436639297e-01 1.798963801832941523e-01 2.064485027767101188e-01 1.750509744956346703e-01 2.069464035691096770e-01 1.808445298939107271e-01 1.858798120825609079e-01 1.897992264097291826e-01 1.885791331519792724e-01 1.664485135572481844e-01 1.850402482613320021e-01 1.561467078427257460e-01 1.611598114589601338e-01 1.726049007079388520e-01 1.665610477337891027e-01 1.500494009687105557e-01 1.467027781383394569e-01 1.441396731388675245e-01 1.505294579228043383e-01 1.500616505434550496e-01 1.601870194458830388e-01 1.107152888983549133e-01 1.624174406675313043e-01 1.331217282438811600e-01 1.448357007104691951e-01 1.335492561845371684e-01 1.348918363564948208e-01 1.377459301770690148e-01 1.370993296201018508e-01 1.446400702546777606e-01 1.623542758974860223e-01 1.629455626973094762e-01 1.692493605327954342e-01 1.676541183614912722e-01 1.635729521532639785e-01 1.625903720208087266e-01 1.629112809873384249e-01 1.656428542274296922e-01 1.637855730859827108e-01 1.681753934957154750e-01 1.668800777636751109e-01
2.119605050680523906e-01 1.773887782909011335e-01 1.000000000000000000e+00 3.773885483294711074e-01 2.481642210525434322e-01 2.068500125055452166e-01 3.583647821132569522e-01 2.836336576993805925e-01 3.913914590538795091e-01 3.159068522135957124e-01 3.652409543236970757e-01 3.508410642549003589e-01 3.306910401754722395e-01 1.907754404763223055e-01 3.461393375305757969e-01 3.609592093093843546e-01 3.632524340420804077e-01 4.061049059050195198e-01 4.387587066407931946e-01 3.722340811934928828e-01 4.565879355973416209e-01 4.400796413601328338e-01 4.585106551816885978e-01 4.305137525503909268e-01 4.257526790860832744e-01 4.287175670112938208e-01 4.406480513895914553e-01 4.305876508435842465e-01 4.246691132100695598e-01 4.526790731820198865e-01 4.320615998156093207e-01 4.234587225583710812e-01 4.258731660992224333e-01 4.120270033792003406e-01 4.472738408641553365e-01 3.978256552663515522e-01 4.279439042044668740e-01 4.003168678033290351e-01 4.248213522322643598e-01 3.651155466083801371e-01 3.798630090109836877e-01 3.857923522285549023e-01 4.054118816694410321e-01 3.905844557465782407e-01 3.995805757380513912e-01 3.944120397936704547e-01 3.493485827375200636e-01 3.592042772066523226e-01 3.582563469997831485e-01 3.719322964432119627e-01 3.754885901499491196e-01 3.809893621206394965e-01 3.606043109706016936e-01 3.654120515180758200e-01 3.812908938948509907e-01 3.942583197145810847e-01 3.714899570696113540e-01 3.567053454262261170e-01 3.560248196413351995e-01 3.665846417150301351e-01 3.604031574458684828e-01 3.668608160752119263e-01 3.718026832427280270e-01 3.603712378542437422e-01 3.761838962224376970e-01 3.771876556439471839e-01 3.511711001956660527e-01 3.780038860664266531e-01 3.891049261774533474e-01 3.904310034020729292e-01 3.906422320052673203e-01 3.803258463219972851e-01 3.961432766278530360e-01 4.033803092744980834e-01 3.759820131513199049e-01 3.650412956626377659e-01 3.808086444481303401e-01 3.804247176637359784e-01 3.670261530461709221e-01 3.784093190879068147e-01 3.787745980112923738e-01 3.692343904008763000e-01 3.877782685300579790e-01 3.777200657336745593e-01 3.683792802674998312e-01 3.772500193588173012e-01 3.740051081563500746e-01 3.674590340593429372e-01 3.701233708044397441e-01 3.754714791684767294e-01 3.736009295203871483e-01 3.606200198713257477e-01 3.589413357642821101e-01 3.641353841754502163e-01 3.370918051332084109e-01 3.440784079942265095e-01 3.476626876929925225e-01 3.529069001636842007e-01 3.411986048285179929e-01 3.547344238921952275e-01 3.645899735158246724e-01 3.468027436273158348e-01 3.503518941038824552e-01 3.537264206725365123e-01 3.697584795969112159e-01 3.475006810828261128e-01 3.401000318677542267e-01 3.497145402828168992e-01 3.590160186229052197e-01 3.460236127530726957e-01 3.554634165323659056e-01 3.495413903037527525e-01 3.487965211914513253e-01 3.502163710061370061e-01 3.602115626827299133e-01 3.533283949654592027e-01
9.967142657353335322e-02 9.554737926290698957e-02 3.773885483294711074e-01 1.000000000000000000e+00 3.706428177605448626e-01 3.494575449848690840e-01 5.424160738268012372e-01 5.386016133565590946e-01 5.215980129049438974e-01 4.312141896211342806e-01 5.341286707715310333e-01 6.297224060769813780e-01 5.298062404635812683e-01 3.751710934504992045e-01 5.688303325075592110e-01 5.974890798764048716e-01 5.037656326800813433e-01 3.950358410866257608e-01 4.895226621898581265e-01 5.022613054503304308e-01 5.342570963220668601e-01 5.834559432973833726e-01 4.707612214134301309e-01 4.716956248893126036e-01 5.157746362366867343e-01 5.442038743968765635e-01 5.529577938534776527e-01 5.191022291630079666e-01 4.852661699707447873e-01 5.345760026337575965e-01 5.527994292729492276e-01 5.133476766877671515e-01 4.864952565638598347e-01 5.111437560189471263e-01 5.350175086022621596e-01 5.539899758621944503e-01 5.463928663161424781e-01 5.407081971453763236e-01 5.614936731103352674e-01 5.197600016292680536e-01 5.719516756293770987e-01 5.700866109654216807e-01 6.081670560771645917e-01 5.967315917294400140e-01 5.885069008697125792e-01 5.697315746786956181e-01 5.632048766174359011e-01 5.670364440146902218e-01 5.763850738778267813e-01 5.843983335419009606e-01 5.772641255583179642e-01 6.175726529919850494e-01 6.023364835324848121e-01 5.745374264574814038e-01 5.825798684403186156e-01 5.704904927173419793e-01 6.111407250508051892e-01 5.780119322804313509e-01 5.637259418976504621e-01 5.934524224300770090e-01 5.950084946526947860e-01 5.917189125228032864e-01 5.927861132046516879e-01 5.902902784417284332e-01 5.884533852423418088e-01 6.067134264814575406e-01 5.624866569625652790e-01 5.584899955039066555e-01 5.497810899139029539e-01 5.958593251846689975e-01 5.956197057508867410e-01 5.825846624233811388e-01 5.533291638885577957e-01 5.665532268599917654e-01 5.667925844154058090e-01 5.553913720755395689e-01 5.590088793347097740e-01 5.427674742989437862e-01 5.509035945282324542e-01 5.624386327346053704e-01 5.621028622158299459e-01 5.598208153629515849e-01 5.710995653293914343e-01 5.476828324460740749e-01 5.649751845799466654e-01 5.545647680098098053e-01 5.590726121135422000e-01 5.688795202879586288e-01 5.634866362936098438e-01 5.749831383387852268e-01 5.505520165080213246e-01 5.702546443802690712e-01 5.716402725975193722e-01 5.701233040344557690e-01 5.643531130868829626e-01 5.634447451776855020e-01 5.988229196807789423e-01 5.955721384912324723e-01 5.817848883327403353e-01 5.767739897665334903e-01 5.903384417340388213e-01 5.902347148969515622e-01 5.843776074399393838e-01 5.869070772408601089e-01 5.974173315377017124e-01 5.973945266585914959e-01 5.771887517825564640e-01 5.651979543710485832e-01 5.719865521826251742e-01 5.673736234206653295e-01 5.733835164242115923e-01 5.782404791872096661e-01 5.852792434739381155e-01 5.838899554774723555e-01 5.784748847661592697e-01 5.868292937739919557e-01
8.602997022748692935e-02 6.863996800704075252e-02 2.481642210525434322e-01 3.706428177605448626e-01 1.000000000000000000e+00 2.974987639509448223e-01 4.727906495340119530e-01 4.727441869051331458e-01 4.253453274875577672e-01 3.623094822847850449e-01 4.295464072751849494e-01 4.720927605791729320e-01 4.950313455562013187e-01 3.255424727170491694e-01 4.812600830937563412e-01 4.935382431768992606e-01 3.899214151671140938e-01 3.232961065570850168e-01 3.687739425090101886e-01 3.739146188782693780e-01 3.841226937923982732e-01 4.334439183834700726e-01 3.973076069686535816e-01 3.918019434432986059e-01 3.924885814763764413e-01 4.561865781417004939e-01 4.339403276901175888e-01 4.178231903987092988e-01 3.857294427239059131e-01 4.324270073736704023e-01 4.567028784025519150e-01 4.370781356308878762e-01 4.095916884407979075e-01 4.322043327843232974e-01 4.451732008755008851e-01 4.538449523447459777e-01 4.584124699222110189e-01 4.357284836092226721e-01 4.604292421474847075e-01 4.130742489752207147e-01 4.720268562221373587e-01 4.605485609463222385e-01 4.800031438171860620e-01 4.809150056940668105e-01 4.780836053309620026e-01 4.654208494315911770e-01 4.632907291290306317e-01 4.656189681333257058e-01 4.643224567719158036e-01 4.512014219611454879e-01 4.594652596441402004e-01 4.556921170515260133e-01 4.764601966522352128e-01 4.602756730659779416e-01 4.576996559509899920e-01 4.597676530410684803e-01 4.609372985882843055e-01 4.653393490008859712e-01 4.501021365440802113e-01 4.769293087265089048e-01 4.684440043303497170e-01 4.641701848678080888e-01 4.587352277815724411e-01 4.706202896967263127e-01 4.590991474318836807e-01 4.707310522010416109e-01 4.643136864928719687e-01 4.570185065291809123e-01 4.651161022242114029e-01 4.783652643943135940e-01 4.741897540830196656e-01 4.656855325585442240e-01 4.626895104497316669e-01 4.598075749524485056e-01 4.694865034933938253e-01 4.605159015365711817e-01 4.565898943350060191e-01 4.450388129272770943e-01 4.579472459795213557e-01 4.598349280718168064e-01 4.645867899275290536e-01 4.643344778516669824e-01 4.655121626836652982e-01 4.556250076553698958e-01 4.695703986516084338e-01 4.677435523083583457e-01 4.650349779554470708e-01 4.659636960245897019e-01 4.652244121291068679e-01 4.701415135315166749e-01 4.569639413378183690e-01 4.717086461102471540e-01 4.715033215573218306e-01 4.697742804697637165e-01 4.625913602375221201e-01 4.659512821742814448e-01 4.772362750173992363e-01 4.728438689827728636e-01 4.730556536043228344e-01 4.675211524026461340e-01 4.813837375279776953e-01 4.739135036744183127e-01 4.716535973009739480e-01 4.775140161980719333e-01 4.813565549834882829e-01 4.726033957164164079e-01 4.687117630673360291e-01 4.630630965220595141e-01 4.673901061796910117e-01 4.661918082125657836e-01 4.662252262353813181e-01 4.710325691127443815e-01 4.699966387305846149e-01 4.736540354440090805e-01 4.659015921572740027e-01 4.700944250924563583e-01
-3.782680212918079071e-02 7.088197789781953972e-02 2.068500125055452166e-01 3.494575449848690840e-01 2.974987639509448223e-01 1.000000000000000000e+00 5.143332045991821921e-01 4.659020119336996224e-01 4.731458390031719752e-01 4.619230884292717665e-01 5.328123626421713555e-01 5.642352326921419303e-01 5.075851743428410057e-01 4.176273993869002443e-01 5.704415204305730569e-01 5.531995194693721807e-01 4.719936359962691452e-01 3.864737298157500112e-01 4.737370275527418295e-01 4.063746436992161093e-01 4.316076424368215370e-01 5.268649974562569227e-01 4.487582698625901534e-01 4.300864275081118238e-01 4.946416084333139507e-01 5.278060252192714463e-01 5.337277884534579186e-01 5.286219976624574324e-01 4.903672222558567717e-01 5.123165873274815318e-01 5.533607032325330577e-01 5.252905330071374612e-01 5.039831635432244772e-01 4.970385629041184639e-01 5.190166991372348049e-01 5.303064566787112355e-01 5.450373288915587588e-01 5.564578881586096371e-01 5.517930981295781079e-01 5.383858422824514545e-01 5.886003505251451440e-01 5.889975081890995723e-01 5.765495710367126714e-01 5.971464222648448228e-01 5.775931120026277510e-01 5.785700165837829312e-01 5.868245606469905118e-01 5.872899135553011352e-01 5.756211456714414032e-01 5.680142897297254523e-01 5.822951344476428037e-01 5.656731512204017376e-01 5.832150237292462736e-01 5.751160839219361387e-01 5.764823553949035562e-01 5.773537105987550655e-01 5.628061789953461291e-01 5.883352192528683577e-01 5.743946289773272929e-01 5.854440695746832013e-01 5.877505193153083063e-01 5.768928718882411211e-01 5.738593779004301787e-01 5.777191952746200121e-01 5.761978521310199275e-01 5.722089264173372269e-01 5.825721643825751972e-01 5.846957602700939560e-01 5.741591696924613908e-01 5.856671049646190452e-01 5.954814498377831722e-01 5.948955158923491249e-01 5.631238249599117562e-01 5.775304516247946607e-01 5.861817654676423350e-01 5.853259164469173381e-01 5.854753470312394903e-01 5.720955570993278005e-01 5.900797841507897656e-01 5.763721885810330070e-01 5.872975040206663833e-01 5.884854646064164863e-01 5.798774140654109344e-01 5.797260107991389910e-01 5.831097913309493119e-01 5.741712858994730828e-01 5.856694093617639263e-01 5.919315667339957177e-01 5.863332165914041383e-01 5.833300291023810757e-01 5.909421113163330075e-01 5.975968102293659490e-01 5.929229304662835265e-01 5.967197022092757264e-01 5.920202011281521237e-01 5.914704077467596299e-01 5.883006812168933841e-01 5.753184597461474814e-01 5.922283134916869196e-01 5.944128218062056934e-01 5.983951349251434015e-01 5.940388305551439485e-01 5.911814648421421792e-01 5.997480310292732097e-01 5.911541507415759567e-01 5.774396498868480387e-01 5.843836554524403093e-01 5.905475247413479734e-01 5.917397119000671335e-01 5.901165118637410334e-01 5.907202152358409508e-01 5.884741703218236974e-01 5.875013215282737233e-01 5.851867675236513966e-01 5.858789684010821119e-01 5.812341192017111968e-01
3.040863896205246025e-02 1.606200909602864269e-01 3.583647821132569522e-01 5.424160738268012372e-01 4.727906495340119530e-01 5.143332045991821921e-01 1.000000000000000000e+00 7.057846322741991862e-01 6.759800359139402914e-01 6.457946606748884433e-01 7.281563719162014170e-01 7.883512753599283274e-01 7.168694849498336019e-01 5.438671281233963262e-01 8.265820497507984088e-01 7.970021392187863762e-01 6.778332445627835989e-01 5.545786580079009598e-01 6.551063242460432035e-01 5.790833666644228384e-01 6.090049879339334282e-01 7.203693940760923509e-01 6.585087747756216414e-01 6.136711808616797104e-01 6.766663363807916554e-01 7.692166186594765476e-01 7.540599468278436079e-01 7.661035499352418787e-01 7.171118231120754416e-01 7.210969903373193324e-01 7.828439327235290346e-01 7.465588156647454676e-01 7.284616396825029927e-01 7.224883977844933636e-01 7.371331436819339444e-01 7.508127889392367527e-01 7.722697771681487078e-01 7.862742046264687978e-01 7.870935803532186359e-01 7.637716011026388641e-01 8.057362498432740772e-01 8.090858909756857287e-01 7.980438677385220947e-01 8.160689070475488638e-01 8.045072682142411225e-01 8.083944626811525591e-01 7.987084980335084072e-01 7.965417195927398941e-01 7.893326091932965083e-01 7.740948566790479823e-01 7.993471431252271442e-01 7.482689931594250776e-01 7.827731081639919264e-01 7.921278900818421453e-01 7.884031397876164471e-01 8.038963752754314518e-01 7.705622946491107461e-01 7.996711455179906780e-01 7.907526859275769704e-01 8.009919096495206059e-01 7.935939835632281891e-01 7.923938695796307607e-01 7.811676611136729731e-01 7.893152670046824637e-01 7.854170570605165658e-01 7.797074465401899745e-01 7.965893683974720751e-01 7.940662440896816276e-01 7.969678021842738769e-01 8.031541502731167625e-01 8.009711043235052674e-01 8.065444266780199545e-01 7.776349577359794596e-01 7.855454726983762681e-01 8.071139899104055049e-01 8.031246454259690637e-01 8.088846655221806348e-01 7.970034665420598907e-01 8.072544162253871836e-01 7.936589695890613472e-01 8.026808076985958440e-01 8.033806846573280369e-01 8.025149537821636425e-01 8.002499868821082440e-01 8.012125390311199968e-01 7.926669019938672456e-01 8.012090109479746980e-01 8.120289352079738121e-01 8.070271657598852011e-01 8.035331876572047172e-01 8.117174789437370253e-01 8.105473979113537730e-01 8.084899908716127737e-01 8.151085788891796469e-01 7.984544964387209065e-01 7.996892385162124306e-01 7.960487739433518284e-01 7.799060283090823997e-01 8.015317419904067764e-01 8.107471510756879551e-01 8.121732285091177728e-01 7.955877863078631984e-01 7.958206303111780011e-01 8.081412691654684677e-01 7.981161553212005044e-01 7.815103008217887393e-01 7.955295355315696870e-01 7.983741055589677060e-01 8.055286063620135106e-01 8.015231354145191389e-01 8.039528000377008654e-01 7.981078001277657208e-01 7.959431009758373143e-01 7.935639148392633624e-01 7.951878932384712773e-01 7.910432277955855573e-01
-8.076528941834113656e-03 7.860944415798877538e-02 2.836336576993805925e-01 5.386016133565590946e-01 4.727441869051331458e-01 4.659020119336996224e-01 7.057846322741991862e-01 1.000000000000000000e+00 6.437573660342030824e-01 5.796588863312484019e-01 6.749105107026054373e-01 7.736298737429723182e-01 6.762886050813691208e-01 5.413353156694633572e-01 7.695212361141011703e-01 7.958366647933552418e-01 6.169004214556075283e-01 4.686764523843874874e-01 5.558432162139890220e-01 5.657622825459155402e-01 5.418542776241637160e-01 6.552248241842061338e-01 5.555859905872888582e-01 5.363467189852464401e-01 5.895608471870406042e-01 6.789788723179055463e-01 6.761971964816779757e-01 6.547668687539675014e-01 6.095315323441101718e-01 6.491816489794380862e-01 7.001267311497707535e-01 6.683292631592506750e-01 6.311038952036566174e-01 6.474035368680797209e-01 6.629420737773178418e-01 7.000784704543284720e-01 7.000364442060537096e-01 7.059587775052444947e-01 7.129153573489727114e-01 6.825750607835886496e-01 7.536203052416390324e-01 7.511176156183370090e-01 7.629794113325225613e-01 7.714706857363444747e-01 7.538860568050238520e-01 7.470588267945872385e-01 7.643633315022634322e-01 7.622668733948444464e-01 7.612471264862259446e-01 7.437898254301085199e-01 7.594288124929403638e-01 7.316126326027178051e-01 7.664918880831878001e-01 7.540814389611599777e-01 7.534826547404654962e-01 7.445186534541659018e-01 7.543869468381760868e-01 7.693115076103331784e-01 7.587821337491125195e-01 7.705657878693530360e-01 7.750614131770016124e-01 7.654048803199474671e-01 7.575605970707995906e-01 7.656919749125183916e-01 7.459086878691474354e-01 7.565553319705765611e-01 7.595907186955593859e-01 7.400832134649839578e-01 7.397556166366366925e-01 7.679714743610142058e-01 7.584217682174450026e-01 7.604988772501788397e-01 7.198924218405411413e-01 7.287743075424640837e-01 7.534723940688272670e-01 7.484371419089030919e-01 7.424721697904966833e-01 7.339004774152977362e-01 7.489928313720942699e-01 7.483134918598266516e-01 7.520280058816566360e-01 7.583004614117219155e-01 7.498220703055733516e-01 7.438834174436780300e-01 7.593946723914102304e-01 7.419967793250797916e-01 7.533466923962225392e-01 7.693901746002846931e-01 7.560885660273395370e-01 7.604322423994630542e-01 7.473234145785935256e-01 7.674192814662532669e-01 7.689113342346554081e-01 7.701753518312209890e-01 7.695085134598287357e-01 7.670918926826751916e-01 7.831353625260416562e-01 7.656793570872093557e-01 7.801316885525502176e-01 7.748227888964088761e-01 7.804969165510128315e-01 7.776531092186608207e-01 7.710299201482649911e-01 7.791355399431968420e-01 7.702167137451647605e-01 7.683983104772719175e-01 7.728987862476605075e-01 7.630954927597217718e-01 7.684090237766298959e-01 7.681094474645873138e-01 7.718529036789542053e-01 7.707485362216797142e-01 7.750113161677248952e-01 7.689367021771454924e-01 7.587169811135802133e-01 7.671786946223888570e-01
2.772666840694036905e-01 2.833438909192052546e-01 3.913914590538795091e-01 5.215980129049438974e-01 4.253453274875577672e-01 4.731458390031719752e-01 6.759800359139402914e-01 6.437573660342030824e-01 1.000000000000000000e+00 7.390408555766910803e-01 7.754317092692502023e-01 7.791509580006055202e-01 7.520507020075596349e-01 5.270701697028971067e-01 7.888790743183863308e-01 7.996270013363240281e-01 7.943765128341294668e-01 6.573217761331612286e-01 6.886590460051797979e-01 5.631564869292005060e-01 6.569292606858142536e-01 7.069559798361337855e-01 7.167064841377563944e-01 6.532664375349100938e-01 6.747318345961068609e-01 8.277247706433265018e-01 8.287579801632468657e-01 7.733129610594962067e-01 7.734872929490427262e-01 8.310406466925257529e-01 8.532803167328225635e-01 8.095260603152616419e-01 7.322657603241009561e-01 7.484025652148518226e-01 7.960957143777183109e-01 7.564762582831826565e-01 7.915633359499940624e-01 7.794147278919500987e-01 8.069683965007455884e-01 6.728923254769927365e-01 8.245150331724037107e-01 7.989693213058810528e-01 7.801264936238221370e-01 8.166310428268140909e-01 8.026315463752032864e-01 7.989503571660924175e-01 8.361744282693985841e-01 8.491898397982453606e-01 8.381136837010279006e-01 7.952974435992424818e-01 8.033815646576618619e-01 7.859833865653167440e-01 8.245099543892902005e-01 8.649061008176598397e-01 8.473891790034807636e-01 8.130714516520818336e-01 8.567794526649180620e-01 8.373239104522226528e-01 8.268188415443232797e-01 8.602191515330980254e-01 8.386740582188287885e-01 8.605468273477439034e-01 8.500263091449268282e-01 8.409998402920672023e-01 8.631210774382009898e-01 8.721715910013965178e-01 8.496791117402588966e-01 8.402939052063993497e-01 8.410616006019069335e-01 8.222098145946009629e-01 8.097365589095147920e-01 8.300116396514717332e-01 8.196807704722129939e-01 8.107832365384693984e-01 8.519196939703495008e-01 8.487679433535629814e-01 8.296722585534825889e-01 8.415680577680646479e-01 8.276874009928394393e-01 8.605879679455644693e-01 8.463067606363291473e-01 8.525250368534547096e-01 8.473359868551952889e-01 8.455764202466792279e-01 8.246344143994053244e-01 8.308840042560035055e-01 8.251817922504821601e-01 8.281958309981364286e-01 8.359197172319912106e-01 8.400453776038123710e-01 8.070063471118690268e-01 8.251619277485771065e-01 8.256486817043510174e-01 8.216170215243706609e-01 8.344212127218859631e-01 8.420210203199568477e-01 7.955200874577663672e-01 8.472310664482437526e-01 8.249466035720700585e-01 8.210718100852064660e-01 8.176117817874226645e-01 8.333867978631580575e-01 8.386974684479494568e-01 8.300164425247432698e-01 8.427420080801947266e-01 8.473078096387905989e-01 8.423085347120744526e-01 8.481222106847305930e-01 8.430494651050529642e-01 8.430889634628163654e-01 8.388026578113311205e-01 8.512047399060653774e-01 8.474553512145628353e-01 8.527830857759760574e-01 8.547824452416353802e-01 8.571906953128513029e-01
1.657638779313982125e-01 2.986654906299395784e-01 3.159068522135957124e-01 4.312141896211342806e-01 3.623094822847850449e-01 4.619230884292717665e-01 6.457946606748884433e-01 5.796588863312484019e-01 7.390408555766910803e-01 1.000000000000000000e+00 7.239895365060874388e-01 7.127188524748206966e-01 6.693063615287458967e-01 4.996014934819927866e-01 7.393441260392447090e-01 7.302642173644646739e-01 7.128577052388862523e-01 6.062831823122686314e-01 6.388107592211533792e-01 5.021200618395981197e-01 5.768314578312105922e-01 6.399037611562691241e-01 6.622165210035272365e-01 6.030907466224445512e-01 6.309426152594030945e-01 7.710324392023942819e-01 7.669566054598433436e-01 7.334717311273082352e-01 7.328656640900063080e-01 7.633757721620422210e-01 7.879203030233721261e-01 7.619395928001445606e-01 7.075763053051908891e-01 7.152213880633252474e-01 7.394847308265483088e-01 6.988855230560696574e-01 7.293245184496495170e-01 7.588993908888149731e-01 7.555585914291518268e-01 6.597242684550302938e-01 7.735541354364779965e-01 7.571860649650464792e-01 7.214154282351658010e-01 7.643522471533691354e-01 7.448185479482588578e-01 7.545804398502428123e-01 7.784635463329456773e-01 7.877774715008133422e-01 7.813987749465187704e-01 7.433923282414572897e-01 7.635827962130705693e-01 6.772826835613946495e-01 7.412922703745329356e-01 7.948989853800088046e-01 7.864326107171423219e-01 7.664290929461905488e-01 7.684044573083863572e-01 7.745175490782736372e-01 7.839063234706515892e-01 7.839962539519649276e-01 7.688336613498994998e-01 7.890889147607607068e-01 7.754251689409588089e-01 7.738430058191126948e-01 7.724396396160996270e-01 7.767914894457876862e-01 7.834603024289744644e-01 7.826271652017221525e-01 7.874254091532361111e-01 7.571860867321027477e-01 7.490742729626723717e-01 7.687053977710920361e-01 7.620752778681344486e-01 7.560909168035312433e-01 7.931106282938625851e-01 7.899790585121797548e-01 7.779796691802811637e-01 7.903542176777135220e-01 7.764426536883235475e-01 7.979772327006573462e-01 7.841402040744541724e-01 7.904371519942552382e-01 7.824058347205709030e-01 7.898030204654012953e-01 7.747214124749203235e-01 7.784926275153467579e-01 7.658685764104077309e-01 7.764461969355747062e-01 7.793924169436978744e-01 7.754739211291704626e-01 7.626318710406143619e-01 7.718772138963581053e-01 7.656574634481461139e-01 7.702561443710307376e-01 7.751170920915885221e-01 7.812876568456537107e-01 7.332812709847528199e-01 7.601470685102517111e-01 7.616767742938150842e-01 7.696948599888588927e-01 7.567875313631242662e-01 7.601682674358375413e-01 7.620226283666954314e-01 7.650617617069845888e-01 7.611757056052104176e-01 7.648621402678026371e-01 7.765267633973645944e-01 7.864207026924355803e-01 7.842998804071246166e-01 7.827866439812439792e-01 7.806519057210703494e-01 7.806382870014818565e-01 7.795564139133532855e-01 7.763226767417757967e-01 7.782987598419021102e-01 7.761023616996343133e-01
8.109144928669843877e-02 1.962025684255221947e-01 3.652409543236970757e-01 5.341286707715310333e-01 4.295464072751849494e-01 5.328123626421713555e-01 7.281563719162014170e-01 6.749105107026054373e-01 7.754317092692502023e-01 7.239895365060874388e-01 1.000000000000000000e+00 8.392618185584794777e-01 7.546887152847524538e-01 5.755064622591645751e-01 8.521127125292191629e-01 8.364017288907256154e-01 7.740984231420945383e-01 6.640265587366122046e-01 7.338839902164072670e-01 5.833276040737742640e-01 6.730216476733805742e-01 7.684865136134293451e-01 7.298333096759657135e-01 6.886650580729510862e-01 7.413376437322926060e-01 8.395234486144231845e-01 8.393637467725394430e-01 8.144017937952787722e-01 7.851390487516685113e-01 8.301292884553380658e-01 8.659161787449807246e-01 8.345130478175900590e-01 7.807088030411244439e-01 7.933493669920579361e-01 8.127302131986476885e-01 8.013389363047037639e-01 8.249990066940136035e-01 8.441252774164357264e-01 8.531917478767291341e-01 7.775699155306672328e-01 8.741918343000965042e-01 8.658197138047639685e-01 8.436192361719307975e-01 8.769006927426086229e-01 8.600989749325282929e-01 8.607487684170901376e-01 8.805725767751456656e-01 8.810916707351722499e-01 8.735105823400086678e-01 8.505288637463862544e-01 8.692208889016521667e-01 8.179175837768006829e-01 8.577352646096464417e-01 8.798968454166955500e-01 8.766262793519137286e-01 8.674643507348560600e-01 8.640536501277471526e-01 8.762369006758129464e-01 8.752987879414514394e-01 8.786721321573894850e-01 8.760993473144940147e-01 8.792634998385365774e-01 8.736650572454669472e-01 8.735337442517048245e-01 8.721678270931425558e-01 8.734729736925700427e-01 8.829967664088212986e-01 8.842093595896557412e-01 8.763271539098659302e-01 8.657982261023224879e-01 8.712621569063945248e-01 8.846688452353290710e-01 8.651686397538206341e-01 8.652599874549156134e-01 8.897687288125873950e-01 8.880738592549221044e-01 8.802089989741014309e-01 8.766571130545941504e-01 8.769147190517987411e-01 8.888479200802532620e-01 8.827486502875643293e-01 8.887647392453109640e-01 8.834556198216237943e-01 8.808215558395887657e-01 8.729129701775555361e-01 8.755170248712902392e-01 8.720455810533416230e-01 8.833806103929432441e-01 8.817997609484879984e-01 8.826472462366479199e-01 8.740153472973817284e-01 8.840643066614044532e-01 8.811100769026416479e-01 8.810904350311808964e-01 8.799309985053260785e-01 8.840499890277250250e-01 8.583324335911431957e-01 8.642646622257105227e-01 8.753132708942175100e-01 8.784826445162732256e-01 8.751022784693338608e-01 8.757827839213141452e-01 8.760834339463070553e-01 8.810297426120188291e-01 8.800772772848841630e-01 8.711447612243173877e-01 8.759393719341764806e-01 8.848513872888275067e-01 8.869072232437446024e-01 8.832144373142001292e-01 8.842873283992978006e-01 8.826174703847851077e-01 8.801927089975426499e-01 8.798219483305108612e-01 8.853076485975823751e-01 8.782470328862449493e-01
2.031835613166613468e-04 1.337574331136170414e-01 3.508410642549003589e-01 6.297224060769813780e-01 4.720927605791729320e-01 5.642352326921419303e-01 7.883512753599283274e-01 7.736298737429723182e-01 7.791509580006055202e-01 7.127188524748206966e-01 8.392618185584794777e-01 1.000000000000000000e+00 8.067161819789829824e-01 6.274109397118005083e-01 9.013445594687212736e-01 9.068344744022351911e-01 7.781987676959138955e-01 5.967178571579990765e-01 7.032448943282031406e-01 6.507042952008651460e-01 6.610375125726482004e-01 7.991550418318198457e-01 6.972245743550032904e-01 6.725285052130651753e-01 7.422433337570509826e-01 8.322386565222740229e-01 8.313560385518259377e-01 8.101895379649632911e-01 7.605260592356879457e-01 8.069124776407349264e-01 8.598367518541637500e-01 8.297692445499231795e-01 7.791793930018151570e-01 8.022721559090573162e-01 8.172980769548450208e-01 8.437008909187586614e-01 8.516016779535041659e-01 8.621872514412884936e-01 8.712977749872742317e-01 8.281812782187347732e-01 9.108418092332419835e-01 9.042260213255369772e-01 8.980902983468048717e-01 9.231963641085175754e-01 9.129401157146711521e-01 8.995475718533498810e-01 9.260672016039975807e-01 9.270243384034163592e-01 9.212944215609671916e-01 8.918372005063375241e-01 9.079771050249485498e-01 8.869102919664175744e-01 9.246264421339989159e-01 9.195791634924792568e-01 9.102955480413670308e-01 9.048665583674633250e-01 9.098866309090667404e-01 9.245624261833971236e-01 9.144499717112343218e-01 9.326286861171356746e-01 9.295889621855487617e-01 9.239791495622629025e-01 9.131927882231998250e-01 9.219625173555048292e-01 9.175022924233309229e-01 9.191418724106612537e-01 9.239443985934321368e-01 9.096772415741127826e-01 9.023796770104236531e-01 9.187084671057543783e-01 9.190114873696074715e-01 9.260890020145466917e-01 8.853159899927997012e-01 8.934929411871938010e-01 9.200734443136825425e-01 9.179506145555414998e-01 9.093728707086832230e-01 8.976630050143534767e-01 9.136533140836768929e-01 9.133041744235178561e-01 9.190014931981548285e-01 9.226898938926917371e-01 9.158843985004992971e-01 9.117044897283870242e-01 9.149380382154312930e-01 9.078209536812904545e-01 9.163690216735133065e-01 9.247675134486327275e-01 9.226847234311166268e-01 9.217709190950645892e-01 9.097393050373714374e-01 9.300099848237083355e-01 9.303962108495971162e-01 9.292668979752368719e-01 9.306412014359095597e-01 9.306322793297768792e-01 9.236709629721966408e-01 9.175318587047948116e-01 9.315163154630106135e-01 9.268772560812555961e-01 9.306262653916814731e-01 9.301142510601319024e-01 9.323842408622934341e-01 9.356719477778570049e-01 9.320616643365511322e-01 9.215330208609668894e-01 9.291273478930199836e-01 9.282548521482686388e-01 9.295305482607968406e-01 9.291791140146379302e-01 9.288327564961557092e-01 9.329223324888250568e-01 9.310620720310613940e-01 9.279005961755982801e-01 9.270156181223084824e-01 9.287064188786772201e-01
8.348310768880028154e-02 1.691610684670374620e-01 3.306910401754722395e-01 5.298062404635812683e-01 4.950313455562013187e-01 5.075851743428410057e-01 7.168694849498336019e-01 6.762886050813691208e-01 7.520507020075596349e-01 6.693063615287458967e-01 7.546887152847524538e-01 8.067161819789829824e-01 1.000000000000000000e+00 5.479081112749170090e-01 8.169689653149936337e-01 8.139527954706869961e-01 7.174195190278328527e-01 6.003402856736803628e-01 6.611204561171640792e-01 5.777721902370334117e-01 6.198058446611761640e-01 7.160879653101415165e-01 6.793601500322403730e-01 6.435647030556665982e-01 6.806142761134541530e-01 7.886305727172231439e-01 7.820331082131171119e-01 7.486001952231589041e-01 7.146386929482009265e-01 7.721736868451837266e-01 8.091656501593340600e-01 7.735773979074799245e-01 7.130388114588263049e-01 7.300966045423420425e-01 7.612800128241167252e-01 7.518061946809665441e-01 7.780192634726116330e-01 7.783388257949032107e-01 7.951288931877665833e-01 7.182552376437169039e-01 8.274545688508488928e-01 8.101056950573770621e-01 8.053181869853430763e-01 8.260289685729237386e-01 8.133897962064922105e-01 8.066623034603901399e-01 8.332093726521115906e-01 8.381078292365775617e-01 8.232210959707385589e-01 7.906555670152856097e-01 8.090295260199885652e-01 7.846130584344576109e-01 8.223867667587451136e-01 8.389585602067727299e-01 8.260688125837691853e-01 8.210660401883304038e-01 8.193570434540460301e-01 8.328015031962471282e-01 8.210137292895660632e-01 8.433906296524907864e-01 8.314843027546006127e-01 8.350200643362897246e-01 8.245448139369742080e-01 8.271549857581437237e-01 8.323011608522143945e-01 8.341516638877529699e-01 8.369900757069935748e-01 8.293439066076001565e-01 8.280070522775239139e-01 8.260669798512414452e-01 8.223970165130994880e-01 8.318739456253078091e-01 8.122713168533319816e-01 8.140224071086950008e-01 8.400993040529614042e-01 8.349263625756248031e-01 8.237888073325536631e-01 8.175541730519366723e-01 8.236515412046881979e-01 8.356595808676912096e-01 8.350597968281729955e-01 8.391714531047922421e-01 8.347460343212631528e-01 8.293343198777164416e-01 8.255082822370818363e-01 8.230182983946032760e-01 8.253213649138062546e-01 8.332550512793439612e-01 8.334151522332767792e-01 8.396020644067824223e-01 8.188766985127076126e-01 8.359419095513339615e-01 8.345512440025717460e-01 8.334550230476009958e-01 8.358852541892892729e-01 8.393216101599740853e-01 8.196930904526515960e-01 8.254911319832701766e-01 8.331548263679544597e-01 8.300821767191383094e-01 8.337936845333741021e-01 8.355361759603079364e-01 8.374853719896496740e-01 8.413056403053519317e-01 8.386269440171633116e-01 8.326396538610665310e-01 8.356775951404140645e-01 8.389645043541952285e-01 8.397458043800327676e-01 8.375620410759089252e-01 8.374133761497993822e-01 8.419440002816407365e-01 8.387996058679322298e-01 8.403798224016235663e-01 8.394398334170101172e-01 8.392901894454476430e-01
