1.000000000000000000e+00 1.542234602595702331e-01 4.217897296455361267e-02 6.671421681780979190e-03 2.940407516168130203e-02 8.658190673864071818e-03 6.857249640485361085e-03 2.202763878274013529e-02 1.238170219453283150e-01 6.539418631240107027e-02 1.356265241484761429e-02 5.495742595762986328e-03 8.658893527065262066e-03 6.410576764256786624e-03 1.810330241868749260e-02 4.318262949835668246e-03 4.282979573817237429e-02 8.730725889822806007e-02 4.261898035211637153e-02 2.121680557230997896e-02 9.470984548308480910e-02 4.284629600942341937e-02 1.383258841148074236e-01 1.013360951627080703e-01 6.154340496873690614e-02 6.974917688945685146e-02 4.124171620542346067e-02 5.197279565989406519e-02 9.606768950211301561e-02 9.396863732908969369e-02 4.734952280585034978e-02 3.822425256737297522e-02 2.740673859244687621e-02 4.428867375612630108e-02 5.250185899353160962e-02 4.529760144327856820e-03 3.605927797040572869e-02 1.280836930346222063e-02 2.222511536800374568e-02 -3.728841836245837260e-02 -3.353880881963404708e-03 -3.524494310326339690e-03 -2.041581430449438198e-02 9.540804386791959524e-03 4.910644557939149342e-03 2.234283926352026786e-02 1.122169392867180399e-02 1.795694509377968040e-02 1.221783673112231648e-02 -2.029107665970123625e-02 -9.857873546921167279e-04 -3.304010004735108419e-02 5.272133159412697480e-03 4.977146295973939455e-02 3.586793189896806539e-02 2.782511711674175853e-02 2.266405941605692184e-02 4.773982002144147889e-04 1.558012649128931275e-02 2.733727935484196736e-02 2.426541845565415804e-03 2.422842408043597920e-02 9.338136553952965449e-03 2.812941113822813727e-02 2.606181014267723584e-02 2.730781061641245067e-02 1.499520041642245401e-02 2.497707427730464294e-02 3.862309736023599588e-02 1.650382134683696725e-02 2.759531460956758317e-02 1.802021173524826284e-02 4.123249136303385604e-02 3.853926200914702116e-02 2.830244834246969585e-02 2.340530864502385691e-02 2.145859634255077933e-02 3.976989635554740998e-02 2.546125380679126887e-02 2.940662558960777107e-02 1.550613525070781117e-02 1.546737954514654928e-02 2.926464450359017241e-02 2.472223155662997551e-02 4.580932492259014925e-04 1.889760921325391724e-02 7.536444786010373757e-03 6.049123200743039379e-03 7.838555555913642031e-03 1.619453122983903828e-02 -2.510609621214790130e-03 -3.801078729496378396e-04 -3.189743086642787329e-04 3.414143049934626004e-03 3.630850203885379636e-03 9.705750284962901334e-03 -1.569518903434967069e-02 4.431509812131067400e-03 1.062140571892626834e-03 -1.387561807125120474e-03 -1.432187753389630759e-02 1.987576354666313095e-04 4.806294931851373860e-03 -5.028869062055373040e-03 -1.632357985103086205e-03 9.216550143119608615e-03 1.126133469920979555e-02 1.908924424853361557e-02 1.607014521602309620e-02 1.180382894935101939e-03 -4.122120368229691698e-04 1.419070909180548956e-02 6.850511118361089259e-03 9.237575363294860814e-03 1.238565013343155552e-02 1.553103428458398397e-02
1.542234602595702331e-01 1.000000000000000000e+00 5.719729688188396333e-02 5.569005627006747700e-02 8.771380681538165636e-02 7.205714649780999015e-02 1.152800184628193225e-01 1.140149848009429090e-01 1.864648659646338247e-01 1.861911936405466761e-01 1.317775396268311694e-01 1.307902253249669799e-01 1.064952689617724574e-01 1.249941454894601123e-01 1.543190636918845837e-01 1.310998205200444577e-01 1.476555201579293486e-01 1.728404069570179113e-01 1.567965761986532536e-01 8.814872211995090912e-02 1.814858905622494523e-01 1.514058847212658154e-01 2.057087970978695168e-01 1.784960602138476460e-01 1.692472967049030441e-01 1.742112988433489607e-01 1.653744384107551091e-01 1.698595753013980580e-01 1.966724763282598487e-01 2.009441051154650104e-01 1.712335057285739592e-01 1.689370719726931147e-01 1.594129800334347091e-01 1.528824270655704809e-01 1.649810659960875558e-01 1.290830028542237495e-01 1.587317477149346456e-01 1.563489216032966922e-01 1.492514812333610441e-01 1.327182988601441072e-01 1.497046641046986537e-01 1.387971871002514068e-01 1.221509999292110377e-01 1.410505896631919776e-01 1.436302097870688632e-01 1.526502061034079594e-01 1.483519699856431784e-01 1.553438266801109302e-01 1.456738343128361757e-01 1.173363153619133153e-01 1.420736664330141119e-01 1.161389552870853020e-01 1.413648714447088561e-01 1.692781049203638810e-01 1.610553075517760779e-01 1.629545776110002120e-01 1.497306650068577494e-01 1.444286393383822087e-01 1.563229661707712659e-01 1.572104225709755887e-01 1.389049597275370529e-01 1.591508868371948882e-01 1.411429546450445882e-01 1.476165833801325322e-01 1.559442111948663168e-01 1.573479484511356163e-01 1.557207334009646227e-01 1.596189183778807530e-01 1.647421055823184433e-01 1.447967342434788030e-01 1.614808291602427559e-01 1.596441253398885318e-01 1.697618733296621663e-01 1.629953640002892168e-01 1.603770955054144298e-01 1.549913944758651851e-01 1.600681769821348799e-01 1.701570515620269564e-01 1.628145256869372448e-01 1.591625590788613154e-01 1.545236471705189740e-01 1.514473123396089527e-01 1.632437110145402992e-01 1.588464080948127355e-01 1.449086122494138429e-01 1.518252806070136407e-01 1.476164373795837426e-01 1.503568073597991439e-01 1.477626399230603238e-01 1.572307126470666450e-01 1.480393004907186727e-01 1.451783474364261028e-01 1.440131420822517161e-01 1.458524202002008108e-01 1.451234375311920288e-01 1.512152579295933108e-01 1.256119914360576961e-01 1.290335922616315800e-01 1.381461523860902652e-01 1.406351411160030040e-01 1.343599905975993158e-01 1.384637798897987437e-01 1.425884500796976706e-01 1.382795104013281873e-01 1.389198962352738154e-01 1.453562245701767452e-01 1.457056582108215148e-01 1.554137127606801672e-01 1.510718850462437479e-01 1.412756943082607297e-01 1.445528443688156306e-01 1.483466769429971077e-01 1.442614356463785830e-01 1.442323489799450520e-01 1.523380390275972662e-01 1.463083654809714251e-01
4.217897296455361267e-02 5.719729688188396333e-02 1.000000000000000000e+00 3.151101050107411594e-01 2.332006655047533794e-01 2.131224859659470172e-01 3.257366096936532562e-01 3.338786166690293489e-01 3.159020573270683863e-01 2.828311258691068586e-01 3.443341150675318652e-01 3.585625947864947705e-01 3.020678643786986473e-01 3.038739482259911195e-01 3.635097906772870591e-01 3.517309726970451744e-01 3.403744141931691614e-01 3.513947329837509015e-01 3.692324302887373122e-01 3.137567543704531947e-01 3.496931056379758984e-01 3.829983602251550989e-01 3.364237117359064055e-01 3.479570009341645398e-01 3.588036221181404306e-01 3.499293545237256997e-01 3.666499989783623681e-01 3.485416708028820088e-01 3.409917733473448731e-01 3.651870722104124667e-01 3.675978528717962490e-01 3.685786566763487038e-01 3.517072927819335781e-01 3.629714552383782045e-01 3.383735046794985046e-01 3.551858389676774141e-01 3.614673300485942709e-01 3.586358374355272938e-01 3.656109325841908064e-01 3.623866276731647629e-01 3.620591471888134905e-01 3.656869740299024119e-01 3.677981618017227006e-01 3.696672106467244201e-01 3.726022491975036766e-01 3.654175532327528786e-01 3.562982242311376613e-01 3.579048338050992428e-01 3.587715550394844910e-01 3.524224643953754454e-01 3.649885421572922062e-01 3.498251969820148077e-01 3.501942197945747681e-01 3.439774642456083775e-01 3.380940393220224216e-01 3.623756590443902303e-01 3.486269136460602436e-01 3.601239049158465044e-01 3.518504931129514124e-01 3.515453370188205140e-01 3.614252006399225614e-01 3.514186268511579336e-01 3.557917166150633137e-01 3.520460782618120565e-01 3.594759015699138804e-01 3.488218476865170281e-01 3.625980546620692357e-01 3.744351345484004945e-01 3.710676349602191615e-01 3.800579134161833905e-01 3.788940295351347909e-01 3.755153933211050066e-01 3.720022577807803321e-01 3.739542000052936133e-01 3.621413090020151881e-01 3.658980677102693368e-01 3.677055817812056593e-01 3.629118286775164792e-01 3.732038444317083425e-01 3.713940176327253928e-01 3.621284156388369646e-01 3.700048729080303023e-01 3.678460733385380821e-01 3.598157177039904564e-01 3.684298567529267210e-01 3.679583834691043664e-01 3.669045285365153397e-01 3.662157914301748529e-01 3.637430900366896980e-01 3.641277268735597650e-01 3.674394328344269267e-01 3.671646085911334234e-01 3.686357232668823203e-01 3.658690771815794607e-01 3.579243966562187240e-01 3.597294410737101877e-01 3.642964284971492717e-01 3.599960637097499583e-01 3.657510833271376827e-01 3.639865223639311975e-01 3.674666930776598339e-01 3.626821298908653457e-01 3.535937769461892088e-01 3.647002789238383280e-01 3.617299644507209200e-01 3.529435850800637930e-01 3.581498016628873460e-01 3.610670606733760724e-01 3.639531014077339588e-01 3.629378880957068731e-01 3.589957569283508398e-01 3.566679231624102497e-01 3.585154854727993778e-01 3.585689784280482462e-01 3.601026327551671846e-01 3.526740606575182735e-01
6.671421681780979190e-03 5.569005627006747700e-02 3.151101050107411594e-01 1.000000000000000000e+00 3.461829730572075770e-01 3.674690315781026229e-01 5.782753511711571370e-01 5.361347042679376340e-01 5.223729260969645072e-01 4.756926172508642026e-01 5.844444956081884524e-01 6.085193766071621546e-01 5.360199454934830854e-01 4.942633725588556071e-01 6.106856427086453376e-01 6.022593112336621646e-01 5.626964558604437006e-01 5.151092476282019827e-01 5.740352739037156704e-01 4.629869976001277920e-01 5.586510109792364176e-01 6.017517395464141439e-01 5.225543627254800594e-01 5.019356626086657336e-01 5.411616741015887744e-01 5.951135680896737501e-01 6.123302244332535782e-01 5.957892936708024667e-01 5.677898121430078326e-01 6.026816174437729101e-01 6.202323099710336241e-01 6.091224276783964164e-01 5.803712450398144096e-01 5.966792749995157852e-01 5.798972667752364529e-01 6.117658799073354414e-01 6.079138850365424229e-01 6.076224092433539781e-01 6.148055453099597889e-01 5.898297473739043673e-01 6.165182238679045579e-01 6.161242987604993449e-01 6.252568889835679045e-01 6.384953795346688388e-01 6.243480861025459960e-01 6.134877737862645120e-01 6.181161415613983801e-01 6.117820374476297118e-01 6.179256833092090506e-01 6.162213202193999040e-01 6.228277907005846936e-01 6.081392691050170329e-01 6.093288492017469027e-01 5.916841985734601073e-01 5.872342743766320039e-01 6.047479733727921802e-01 6.082801058754666590e-01 6.196516661093101064e-01 5.975330485326381114e-01 6.134018267845924299e-01 6.214381154273882490e-01 6.027318435643813643e-01 6.098935857857843423e-01 6.147753656559339364e-01 6.138654055228105477e-01 6.092350257126529778e-01 6.190233989718475494e-01 6.192061434370520479e-01 6.158045317577404143e-01 6.265058006639098176e-01 6.279432699173742582e-01 6.267245242564085661e-01 6.060370593524501137e-01 6.128036746571577931e-01 6.192758544473652149e-01 6.190410739801673889e-01 6.252217699203461709e-01 6.102605808014429645e-01 6.177191329688342947e-01 6.225138012412262389e-01 6.161755706902239949e-01 6.265554163032492907e-01 6.194953208230804531e-01 6.110660306404084308e-01 6.263207341505298009e-01 6.195871138875197470e-01 6.244019203326092171e-01 6.205384090561567589e-01 6.217571723576635900e-01 6.151906997337961425e-01 6.175688063709299236e-01 6.260201910386341551e-01 6.274478007455694950e-01 6.264742200163530006e-01 6.182135338845899941e-01 6.161687308042257394e-01 6.302430724783020244e-01 6.254180305584550181e-01 6.245266660272345005e-01 6.258179970011847892e-01 6.304015503388334940e-01 6.217929123695948856e-01 6.165058698449326080e-01 6.298198667507010073e-01 6.225873796179873798e-01 6.171834338901164285e-01 6.215156664591163782e-01 6.131222366113384670e-01 6.185954793967198828e-01 6.255400927278038647e-01 6.187686788412332106e-01 6.177695982622277704e-01 6.187147392630449882e-01 6.220393303687388187e-01 6.196645114102313778e-01 6.147035944140626373e-01
2.940407516168130203e-02 8.771380681538165636e-02 2.332006655047533794e-01 3.461829730572075770e-01 1.000000000000000000e+00 3.137696809710095458e-01 4.587766119396106124e-01 4.632619702854137711e-01 4.387507136212225323e-01 4.079824441877571428e-01 4.642615332331617717e-01 4.869389739281351770e-01 4.267399846027010168e-01 3.951022273249030214e-01 4.942105396485184099e-01 4.972316110878817197e-01 4.671722363081742824e-01 4.084596023155048217e-01 4.355451362612756117e-01 3.692338877205869063e-01 4.105697797583640618e-01 4.563405817143356136e-01 4.285059177600948344e-01 4.020722547436083039e-01 4.095818957769715163e-01 4.948146838859807661e-01 4.856139121310548146e-01 4.802424808174179938e-01 4.529623798890516362e-01 4.863386515742797456e-01 4.980315987573608605e-01 4.820897810351464918e-01 4.480688887670950526e-01 4.710056232726519410e-01 4.693504486814094601e-01 4.723799876128495501e-01 4.816590957614044211e-01 4.805508487966432818e-01 4.977664436751793597e-01 4.605010304265482746e-01 4.996143605761766415e-01 4.903651031381970338e-01 4.990952597200537522e-01 5.124853280179380022e-01 5.059470515253551293e-01 5.025170694484331069e-01 5.064139759102785909e-01 4.995977807268470738e-01 4.992666147804395993e-01 4.820961739154251413e-01 4.989049661439154404e-01 4.956645183489774564e-01 5.022920110437248953e-01 4.942598574355828167e-01 4.875833750540589095e-01 5.007504240932103556e-01 4.930599084486357864e-01 5.035338929796661089e-01 4.869651985396418747e-01 5.074481161678420227e-01 5.081795560317012850e-01 4.970718844235541556e-01 4.978977172835808984e-01 5.007485197315174608e-01 5.054828440494942843e-01 5.031718541495856512e-01 5.068320410520447128e-01 5.014247561108151618e-01 5.019729013710365617e-01 5.083289174757373852e-01 4.992366696772733148e-01 5.064018632878579673e-01 4.944859910089418054e-01 4.895405177841351541e-01 5.119057091143415228e-01 5.066916199443012303e-01 5.053616799967451945e-01 4.962493502270986512e-01 5.035484583058377206e-01 5.104715225690246161e-01 5.050723511052442882e-01 5.060386157353266023e-01 5.057060712361144406e-01 4.996168041552350725e-01 5.039385102316006337e-01 5.029811017984976429e-01 5.029334702700665183e-01 5.069398555191337863e-01 5.051621742181917618e-01 5.115575247109375168e-01 5.024496348310951710e-01 5.108106370292997411e-01 5.089507129689890830e-01 5.103740400136633770e-01 5.057274231690156441e-01 5.058867787158676244e-01 5.081388423656514330e-01 5.075364330955458581e-01 5.087563957287061234e-01 5.076252268279891622e-01 5.090969491597145957e-01 5.060160449927314508e-01 5.118727179572754027e-01 5.113360962255071307e-01 5.105083890276718162e-01 5.027025091591957873e-01 5.066095943133994695e-01 5.058279692249237902e-01 5.086479031451426325e-01 5.101890164397164806e-01 5.039046936156638123e-01 5.092316198717872222e-01 5.084069633560341916e-01 5.061899847289625942e-01 5.038114093876859823e-01 5.067080993643863218e-01
8.658190673864071818e-03 7.205714649780999015e-02 2.131224859659470172e-01 3.674690315781026229e-01 3.137696809710095458e-01 1.000000000000000000e+00 5.374851847319294107e-01 4.945645913432137331e-01 5.161118978918403100e-01 4.766736601658063677e-01 5.288919864200972709e-01 5.607884190452075979e-01 5.200889036231267637e-01 4.851478214198671757e-01 5.888853866727301600e-01 5.772015593454431492e-01 5.465625613619573553e-01 4.480318504121817980e-01 4.981343218658937366e-01 3.632810212610623757e-01 4.359594698832073845e-01 5.078899326434803685e-01 4.850210914224592496e-01 4.300426235655760432e-01 4.533995887664223345e-01 5.524403134288626838e-01 5.556805832532062395e-01 5.626728142751886708e-01 5.427370126602387712e-01 5.457379092959822042e-01 5.760347755883492571e-01 5.624123583504557766e-01 5.327788778306797868e-01 5.546230874727151594e-01 5.541991879650894903e-01 5.570206220913629380e-01 5.782811338267604961e-01 5.774404317098170702e-01 5.836700344966723186e-01 5.675182555475468682e-01 5.940750510658475703e-01 5.917460444235378425e-01 5.812431952930263712e-01 5.904778657811241560e-01 5.816398385655566772e-01 5.881213760443450012e-01 5.914316554886190902e-01 5.922038892640325569e-01 5.851915750995635435e-01 5.706427743749200587e-01 5.832860348919105542e-01 5.797660984509075410e-01 5.898554226837430248e-01 5.784343111690654071e-01 5.721679609990222293e-01 5.882234060104531981e-01 5.727058949618794026e-01 5.921197978849725985e-01 5.758638402645871457e-01 5.870047792401218434e-01 5.877706356012615263e-01 5.803436204503248375e-01 5.837655636961671668e-01 5.808386428280288838e-01 5.901167644630491704e-01 5.851628773438907194e-01 5.929121273364515998e-01 5.884229927801617466e-01 5.855738725411396839e-01 5.717706989828478248e-01 5.802274382605314695e-01 5.903921375846876707e-01 5.689216351373149738e-01 5.745941594367252048e-01 5.929666101124339006e-01 5.901649820835003224e-01 5.913918830530573434e-01 5.907789999146949578e-01 5.921608510296805239e-01 5.887937499175353029e-01 5.952813390007845040e-01 5.968576830880897299e-01 5.913417683343393794e-01 5.945472158482502101e-01 5.884392268804108372e-01 5.930694301627363885e-01 5.996618965024942405e-01 5.960551664976873054e-01 5.975580116181228307e-01 5.931209021502353851e-01 5.957537503719415595e-01 5.975447499117207961e-01 5.979173771872664522e-01 5.984240282376704911e-01 5.943968317759139586e-01 5.953489898557761117e-01 5.887135916281619474e-01 5.898414224787507099e-01 5.925289370830711944e-01 5.966890432151923385e-01 5.962775746677017041e-01 5.959819490680287046e-01 5.960229642327540267e-01 5.963875870961075076e-01 6.000109747820430162e-01 5.872061468435491038e-01 5.934243170531688927e-01 5.949250961942281757e-01 5.909015625882341194e-01 5.959368458144335134e-01 5.936871828991454603e-01 5.944554838872980751e-01 5.915433025390332000e-01 5.939238347206367008e-01 5.909845728752626259e-01 5.912477881732599583e-01
6.857249640485361085e-03 1.152800184628193225e-01 3.257366096936532562e-01 5.782753511711571370e-01 4.587766119396106124e-01 5.374851847319294107e-01 1.000000000000000000e+00 7.223012110173064881e-01 7.180986860202828170e-01 6.689590850681298440e-01 7.749486297496336329e-01 8.079070035645752323e-01 7.142156432315394099e-01 6.698592014272726214e-01 8.450030049373752350e-01 8.186045594225580535e-01 7.483823958409401289e-01 6.729788759044887936e-01 7.330165076349001163e-01 5.971822791313481371e-01 6.588732109409247695e-01 7.533555090185403147e-01 7.222899215500289127e-01 6.711315186690962609e-01 6.891890201395887150e-01 7.911971209548404049e-01 7.975759414206393672e-01 8.071344298626601521e-01 7.638699721827357791e-01 7.900439814678511530e-01 8.288667032182146510e-01 8.221267231484333804e-01 7.836337727243517515e-01 8.048205918103524814e-01 7.877473889164193777e-01 7.900040616154577755e-01 8.230699455430678935e-01 8.312479747681259523e-01 8.332630141039363281e-01 8.201304044903741097e-01 8.351114805152526355e-01 8.437577623757708256e-01 8.449790721937588955e-01 8.494396854251421436e-01 8.403452341003911918e-01 8.415402092770156717e-01 8.341642873336456709e-01 8.317464792604097878e-01 8.283538207978309309e-01 8.135147588908356875e-01 8.363092244248175877e-01 7.999530803587312500e-01 8.178621953791506138e-01 8.089480041626248008e-01 8.065989762825591658e-01 8.351233650100291506e-01 8.029871063931195430e-01 8.318932828968845783e-01 8.200112674508338584e-01 8.186913178796741963e-01 8.313983579486672326e-01 8.155647380939262669e-01 8.237525427183971516e-01 8.086828841391943135e-01 8.158767985530654965e-01 8.072282032776874061e-01 8.345296860910250691e-01 8.331420165993786986e-01 8.389609562928679320e-01 8.320773598537057891e-01 8.264327182927615478e-01 8.385486886517755645e-01 8.229342008045881229e-01 8.184762608973149556e-01 8.368094875630860408e-01 8.372393018518041741e-01 8.421603165626585508e-01 8.277346743907677551e-01 8.450787505462306060e-01 8.350554995384522616e-01 8.381301724452906443e-01 8.385196165540799162e-01 8.375458729469335006e-01 8.356129127700568926e-01 8.455142848506482789e-01 8.419629040434549738e-01 8.451603475124995768e-01 8.477415924087312593e-01 8.461660071316274845e-01 8.400165009389037873e-01 8.484046793646324858e-01 8.493076160285897291e-01 8.460294727703465689e-01 8.501138295839165693e-01 8.382236427782944199e-01 8.370831379667664773e-01 8.399654785112427025e-01 8.210518484492570490e-01 8.374732500549451064e-01 8.430734687511879377e-01 8.515916047183735849e-01 8.356583301548230480e-01 8.336418484876049195e-01 8.435458594925719922e-01 8.344560187747692703e-01 8.211560299026284815e-01 8.330529533758498362e-01 8.349115500620013508e-01 8.399412058433600725e-01 8.420675251523186411e-01 8.404564810465171565e-01 8.313180472397919685e-01 8.327383177345725196e-01 8.298476484082091265e-01 8.290808470395457652e-01 8.206056736759335113e-01
2.202763878274013529e-02 1.140149848009429090e-01 3.338786166690293489e-01 5.361347042679376340e-01 4.632619702854137711e-01 4.945645913432137331e-01 7.223012110173064881e-01 1.000000000000000000e+00 7.099952391246869832e-01 6.599678325761664244e-01 7.380018898106855962e-01 7.860654229473582610e-01 6.966058752728740977e-01 6.443734300942309812e-01 7.981662710254564530e-01 7.973824945985191759e-01 7.223849365638793651e-01 6.510310902797892263e-01 7.132601720244696741e-01 5.412642439624042456e-01 6.488011421870003570e-01 7.289008853908406360e-01 6.927370562849898272e-01 6.391415130932019961e-01 6.734055608655857839e-01 7.722011799670068788e-01 7.822429571034450468e-01 7.789424220550275058e-01 7.516218411430317659e-01 7.811101961915825065e-01 8.035898681011250932e-01 7.891281419889465409e-01 7.537762255614639528e-01 7.717515426978813764e-01 7.713980036703467213e-01 7.574324011816596647e-01 7.914680962928841712e-01 7.981335378251495083e-01 8.052197141672584602e-01 7.722534185665050899e-01 7.982480359724684060e-01 8.030027712686635954e-01 8.048731183429864711e-01 8.193928965831620559e-01 8.047588493868002013e-01 8.111392649493830431e-01 8.082361476043306014e-01 8.082475044313909285e-01 8.103304469586292136e-01 7.887572999421841313e-01 8.095114150998065083e-01 7.741329260748451846e-01 8.000288554643759653e-01 7.968644008819304458e-01 7.971146440699575786e-01 8.079936109843028902e-01 8.012234202332594313e-01 8.121631669158096978e-01 8.062234347666520362e-01 8.052830257657496160e-01 8.131065879196918145e-01 8.082369685024686223e-01 8.060063922071115661e-01 8.068482494211114409e-01 8.001377709892437684e-01 8.005997020015557242e-01 8.065878120466768442e-01 8.089468634021863558e-01 8.116708251251703032e-01 7.954607983834919294e-01 8.040297885950231649e-01 8.099134372579157581e-01 7.916623033244830632e-01 7.930980983072847268e-01 8.108111922515540693e-01 8.118426775353622116e-01 8.093338233284211869e-01 8.020606277766322290e-01 8.108820374405251163e-01 8.124506292706727972e-01 8.087957680552094741e-01 8.128726015952298933e-01 8.103909491026881629e-01 8.072236486874839745e-01 8.105406099670352527e-01 8.111239768819977769e-01 8.110025001091151209e-01 8.128300988595161813e-01 8.133158141877654401e-01 8.103448025379624831e-01 8.089656768760640215e-01 8.146129593450707196e-01 8.130581992684312587e-01 8.154539635830396760e-01 8.127959182772607205e-01 8.121647663676487827e-01 8.129867486842182744e-01 8.053448422913660476e-01 8.144446460564296331e-01 8.133137560469645422e-01 8.156423750264207850e-01 8.138867807559203582e-01 8.084884549059629943e-01 8.165390025784912131e-01 8.097108452539250045e-01 8.070332452339435969e-01 8.131204278189874124e-01 8.107761778644051454e-01 8.138696285335020875e-01 8.161516073746840627e-01 8.141631647159310869e-01 8.112421037411172708e-01 8.141897234727832888e-01 8.120015465735633819e-01 8.051952554630231740e-01 8.061563585879045757e-01
1.238170219453283150e-01 1.864648659646338247e-01 3.159020573270683863e-01 5.223729260969645072e-01 4.387507136212225323e-01 5.161118978918403100e-01 7.180986860202828170e-01 7.099952391246869832e-01 1.000000000000000000e+00 7.513864673341135170e-01 7.772880790514015148e-01 8.117374858770254331e-01 7.306966324843504612e-01 7.003681416779263813e-01 8.366983130682268399e-01 8.168061642036806846e-01 8.003150396154884438e-01 7.014208901649137129e-01 7.443982232693943102e-01 5.448190307035040147e-01 6.893197530485287716e-01 7.473516756447118325e-01 7.663149332771110878e-01 6.931677487392208237e-01 7.059985729913692554e-01 8.350306497226622771e-01 8.246237431627961856e-01 8.325414237577007937e-01 8.200758604812690145e-01 8.406669063157345967e-01 8.642899838101045784e-01 8.315522577717158192e-01 7.898814377573963874e-01 8.084846841111842375e-01 8.263905995087018619e-01 7.811617198576730203e-01 8.378401989827657381e-01 8.394723559536920732e-01 8.410287594025873670e-01 7.867215744600594141e-01 8.471891455093071288e-01 8.405201768128115480e-01 8.112701659314993652e-01 8.460185518351830414e-01 8.382431460223095376e-01 8.495606097236821919e-01 8.639404501354368549e-01 8.694359528512789481e-01 8.574644409020715230e-01 7.995712077064923706e-01 8.443259817738726358e-01 7.971650906687296478e-01 8.478693144767539547e-01 8.706625532328361450e-01 8.568906958092840087e-01 8.596041947862893551e-01 8.467736286210613139e-01 8.518694432546137785e-01 8.567751916254648936e-01 8.653693742222737795e-01 8.507328847570446717e-01 8.607096541279719570e-01 8.529935621547704017e-01 8.571050363146075490e-01 8.615699525294490124e-01 8.614661037551234468e-01 8.668191197121837277e-01 8.618559299687660324e-01 8.657182052627917512e-01 8.407900170500166581e-01 8.540238585822311768e-01 8.594522344892708832e-01 8.491403251745603953e-01 8.491126526551215914e-01 8.671505181419063568e-01 8.658277245595926708e-01 8.631817722473837939e-01 8.675333248498922067e-01 8.622534485041298824e-01 8.693693956118585531e-01 8.652182138152976210e-01 8.684689210100275947e-01 8.673758101660752340e-01 8.654210041155536715e-01 8.477817211762962435e-01 8.569024228954214006e-01 8.581651896794618706e-01 8.605292767265322329e-01 8.619220134543462697e-01 8.614216347882619473e-01 8.525656169394378869e-01 8.596763032086808254e-01 8.591783222650249963e-01 8.603761680387702615e-01 8.632330077533882928e-01 8.681622951603624738e-01 8.389460025271506805e-01 8.483809107955303519e-01 8.556532294849926723e-01 8.576792430286926949e-01 8.481518947911005357e-01 8.588283911772239820e-01 8.576743857229994772e-01 8.573309683179570762e-01 8.558808978528072986e-01 8.571499771686926783e-01 8.633253718796303211e-01 8.708931658107678109e-01 8.660200460432821989e-01 8.614603337984364506e-01 8.619755710169648699e-01 8.676817821332662994e-01 8.634521331119414667e-01 8.640969854305786679e-01 8.657703344875956608e-01 8.636152220519915934e-01
6.539418631240107027e-02 1.861911936405466761e-01 2.828311258691068586e-01 4.756926172508642026e-01 4.079824441877571428e-01 4.766736601658063677e-01 6.689590850681298440e-01 6.599678325761664244e-01 7.513864673341135170e-01 1.000000000000000000e+00 7.272552747101131976e-01 7.616765295663310287e-01 6.785523503748910334e-01 6.535605840941395295e-01 7.836441300834217083e-01 7.714353822126288618e-01 7.289257436843229465e-01 6.503947949989640209e-01 6.914300868778123776e-01 4.859761091377712283e-01 6.300761716332622386e-01 6.943139677519883923e-01 7.054783632149177475e-01 6.358383399313057849e-01 6.539816006279169924e-01 7.747792468631430340e-01 7.714050290339619087e-01 7.843910659721052836e-01 7.712807520927342786e-01 7.745505893021316091e-01 8.076941801695366463e-01 7.757260867112986125e-01 7.479687012264920609e-01 7.504599682937920235e-01 7.653914078160195533e-01 7.326482006165155880e-01 7.765432467223222224e-01 7.917165723476948802e-01 7.903550733815083440e-01 7.536103813282571950e-01 8.067767871899550469e-01 7.941298375510366103e-01 7.655588535574510134e-01 7.951999127293235547e-01 7.838599452800750766e-01 7.990411202240085276e-01 8.066391614844007352e-01 8.185596284317169236e-01 8.033488248479085936e-01 7.461713977265659326e-01 7.921816699132978590e-01 7.450241643147386128e-01 7.916757727225648411e-01 8.145447587048653126e-01 8.024965293000071442e-01 8.094806163804343369e-01 7.881934593959559754e-01 8.010086609736823959e-01 8.039910571618467117e-01 8.090420875194924699e-01 7.983490182759379605e-01 8.067035008771070714e-01 7.987878603744872352e-01 7.984370444066946071e-01 8.035476922549990020e-01 8.041123747148242185e-01 8.121661224221263797e-01 8.070542745445620225e-01 8.070573710732935613e-01 7.803034080056369115e-01 7.990341018478029911e-01 8.080855745674756507e-01 7.910393726037467932e-01 7.965345461485957568e-01 8.152824962915836693e-01 8.142540916599503298e-01 8.148401985866375874e-01 8.155937146194301990e-01 8.099894464961311380e-01 8.133649008138875702e-01 8.103146121346085362e-01 8.150994425517156250e-01 8.146248907496842495e-01 8.114722303112974489e-01 7.963106879759400680e-01 8.029132469524741245e-01 8.065877627379303139e-01 8.089718905846655650e-01 8.102745332635004072e-01 8.117517132473203167e-01 8.062355480293060817e-01 8.112277270743959434e-01 8.058848636162481149e-01 8.090677931609749907e-01 8.119617777920137280e-01 8.160688877425622545e-01 7.886615123885715173e-01 7.898300482132830647e-01 8.016689235804591585e-01 8.059826652626808086e-01 7.964662280616850998e-01 8.042753738690394671e-01 8.031222092193699424e-01 8.048323177110566773e-01 8.031417559474597345e-01 8.031700876917341470e-01 8.088888590165842496e-01 8.179093187508381657e-01 8.148290515716483107e-01 8.091962900349816135e-01 8.117931036119840904e-01 8.120490245560928466e-01 8.100827176146387920e-01 8.086619329990667460e-01 8.105161244861587289e-01 8.080536236251473214e-01
1.356265241484761429e-02 1.317775396268311694e-01 3.443341150675318652e-01 5.844444956081884524e-01 4.642615332331617717e-01 5.288919864200972709e-01 7.749486297496336329e-01 7.380018898106855962e-01 7.772880790514015148e-01 7.272552747101131976e-01 1.000000000000000000e+00 8.633988840450262936e-01 7.587375999302395924e-01 7.091987427995205540e-01 8.741804346778730972e-01 8.574128319767794215e-01 8.143069539088537701e-01 7.225393215115435419e-01 7.927692731547901772e-01 5.845480303784312825e-01 7.164564872185275046e-01 8.046581861176398398e-01 7.600669055739940339e-01 7.098977302531841449e-01 7.420228386432101697e-01 8.463492057023389581e-01 8.454702471535744390e-01 8.473479248607272973e-01 8.095896553951892338e-01 8.406147676325566032e-01 8.951627450496379979e-01 8.702692109117395880e-01 8.210495179850149094e-01 8.538106346217717579e-01 8.399144885909386460e-01 8.388034519925895438e-01 8.678433654972270705e-01 8.810692488261882005e-01 8.815994211221533927e-01 8.459331359082109536e-01 8.844845528440667959e-01 8.837569043121201728e-01 8.743644273760406982e-01 8.965622630382845681e-01 8.833017775274479844e-01 8.857618323131291049e-01 8.950394913226629168e-01 8.983865618875034320e-01 8.926857103663725646e-01 8.690015328044322640e-01 8.917817078826028032e-01 8.587694638445513284e-01 8.810110134428574824e-01 8.811990925763182325e-01 8.713555275041607873e-01 8.863921181241884995e-01 8.747602358668706835e-01 8.897473663502348806e-01 8.818024506941242180e-01 8.868309044076535530e-01 8.906372450783140993e-01 8.806649062105925685e-01 8.876742833904688323e-01 8.829263651344857466e-01 8.887970452693029211e-01 8.812870017648684051e-01 8.987717634727224736e-01 8.976977676624035007e-01 8.964163623042324947e-01 8.809987260797670361e-01 8.907898350145342370e-01 8.985041625882216332e-01 8.812099851930172978e-01 8.817964792297408039e-01 8.973330606411811239e-01 8.964918377086927848e-01 8.941015990727322338e-01 8.877193147619829583e-01 8.929924454754949448e-01 8.964717494041162249e-01 8.963005054987203124e-01 9.010345749678920768e-01 8.982018408157564915e-01 8.914709991976672576e-01 8.973984501912419809e-01 8.994437549061404802e-01 9.011790588615492537e-01 9.005347114239363737e-01 9.016439324647685938e-01 8.969715645346661992e-01 8.973597722359580864e-01 9.020232803706309532e-01 9.016959194749614159e-01 9.039605987449246260e-01 9.010578641670849986e-01 9.006895417432225770e-01 8.965973347662128390e-01 8.911561371309180135e-01 9.001977201788649019e-01 9.016913702435291889e-01 9.025537048656083750e-01 8.994648614611147064e-01 8.958247579831239982e-01 9.027779366112771431e-01 8.988873910476560258e-01 8.906514698844643085e-01 9.002638210004687558e-01 8.998263806679821508e-01 9.003763431128806172e-01 9.009605517972185673e-01 8.988886821513580871e-01 8.988679265812882235e-01 8.975610870804776598e-01 8.976202377452395798e-01 8.978797501387022484e-01 8.931407639737202198e-01
5.495742595762986328e-03 1.307902253249669799e-01 3.585625947864947705e-01 6.085193766071621546e-01 4.869389739281351770e-01 5.607884190452075979e-01 8.079070035645752323e-01 7.860654229473582610e-01 8.117374858770254331e-01 7.616765295663310287e-01 8.633988840450262936e-01 1.000000000000000000e+00 8.014333478094295415e-01 7.406285238594617626e-01 9.080954994901140331e-01 9.028359845316710208e-01 8.398194050492974183e-01 7.370165226687495075e-01 8.139580025802921615e-01 5.961593991926201763e-01 7.331357232244236632e-01 8.236766482007739087e-01 7.884670633212188529e-01 7.271229803246762602e-01 7.582748750873818944e-01 8.783959701231528472e-01 8.879207657320824509e-01 8.872972409844337438e-01 8.504718735468237423e-01 8.759398658287080863e-01 9.262335874841984840e-01 9.017296307493802843e-01 8.582985280721365795e-01 8.815138846054448862e-01 8.817245946318518213e-01 8.740892556782042799e-01 9.023926978862060189e-01 9.191120304168264310e-01 9.208026485700822050e-01 8.838762985168848729e-01 9.234485861395380635e-01 9.235457882365271098e-01 9.129766587022902780e-01 9.344914411341409544e-01 9.223682498437500987e-01 9.247013913369575011e-01 9.341939900931940377e-01 9.338360205477340692e-01 9.325319520250746619e-01 9.041521810644398416e-01 9.305969571665678730e-01 8.948884011386938342e-01 9.202870832834260106e-01 9.195658179654719877e-01 9.137230927293296112e-01 9.271239565330242627e-01 9.184433922373649306e-01 9.323383954760749992e-01 9.257101075297208270e-01 9.277693680360292738e-01 9.344075305892108885e-01 9.256581483093621054e-01 9.288756652110440326e-01 9.233073003422144209e-01 9.252980832635238073e-01 9.225903767542561473e-01 9.338672897580251320e-01 9.313966168430083403e-01 9.308078675664404056e-01 9.117935220181582201e-01 9.246001207200372773e-01 9.332724698248239248e-01 9.114296707350780791e-01 9.126174571648486555e-01 9.341921635907980415e-01 9.345003016727984058e-01 9.314299105855025074e-01 9.255795588311565014e-01 9.293896228597499087e-01 9.336191399828047688e-01 9.340463633474365146e-01 9.385665521748670637e-01 9.345877458382242375e-01 9.307144236598650089e-01 9.323222720024819665e-01 9.340444771487850240e-01 9.375280702477043482e-01 9.378130580320694909e-01 9.388670003573029721e-01 9.334102815493583449e-01 9.349780353505832142e-01 9.383441034009641912e-01 9.388850283185856682e-01 9.398290203811977550e-01 9.381368834508636567e-01 9.379965547976257811e-01 9.331957724726377412e-01 9.280766054352237449e-01 9.387083063900587554e-01 9.386521030508641061e-01 9.370799675148443475e-01 9.375825788089441337e-01 9.352417365747874856e-01 9.408723940213237213e-01 9.370598194443059414e-01 9.306696841199761927e-01 9.377065992052316945e-01 9.363188982914421032e-01 9.370414781150918637e-01 9.390687316647702287e-01 9.383989858278509733e-01 9.361263057769058094e-01 9.379920507058913115e-01 9.361765814039153533e-01 9.341148866093178516e-01 9.324132008418919426e-01
8.658893527065262066e-03 1.064952689617724574e-01 3.020678643786986473e-01 5.360199454934830854e-01 4.267399846027010168e-01 5.200889036231267637e-01 7.142156432315394099e-01 6.966058752728740977e-01 7.306966324843504612e-01 6.785523503748910334e-01 7.587375999302395924e-01 8.014333478094295415e-01 1.000000000000000000e+00 6.774557010720884120e-01 8.205110467313084799e-01 8.172190013996163405e-01 7.498451149739108201e-01 6.559940569564364221e-01 7.127348772998651771e-01 5.278176958638239880e-01 6.259909769314677686e-01 7.123405563748240743e-01 6.937668784373612896e-01 6.382495924384459229e-01 6.536909225733078532e-01 7.885378654493673256e-01 7.818160285238110463e-01 7.817757500932334125e-01 7.401334453478336517e-01 7.782317149524091704e-01 8.250353372062190216e-01 7.974649794350308074e-01 7.500804914375091004e-01 7.739783571796224892e-01 7.704123152031239208e-01 7.623749345512940145e-01 7.977109275691240953e-01 8.116159384865485604e-01 8.149219827155822493e-01 7.728107622787595554e-01 8.271993027619308769e-01 8.211839248353561826e-01 8.043192262815184179e-01 8.342173007217786873e-01 8.184708790457075889e-01 8.229880879865782983e-01 8.432864234263811598e-01 8.442597201475785518e-01 8.377380088999131225e-01 7.923053830134753062e-01 8.260141182616225208e-01 7.957369721457278056e-01 8.299281232482633719e-01 8.357867794031904607e-01 8.268214801885315213e-01 8.288707299741751022e-01 8.263818755499077184e-01 8.437843837370837541e-01 8.352131959891515578e-01 8.432736155065587713e-01 8.394285568554668009e-01 8.379060971104799194e-01 8.369948932676499753e-01 8.340716293269588855e-01 8.352187294418764729e-01 8.341691528768486741e-01 8.458586798297830223e-01 8.369059299906381755e-01 8.364818505597501064e-01 8.186298561499755211e-01 8.232015458072746705e-01 8.358357188738637644e-01 8.198984414147385547e-01 8.157244904872864577e-01 8.428373060713068021e-01 8.396843974042155212e-01 8.326512927613654025e-01 8.251185943298080527e-01 8.312460190599119114e-01 8.387016481516885724e-01 8.418040599246132683e-01 8.473337465430614834e-01 8.384653600324253331e-01 8.348417473182579984e-01 8.337422552826835309e-01 8.378501493680861056e-01 8.395123525664226483e-01 8.432874048920075971e-01 8.441177982188158291e-01 8.403833123566681884e-01 8.322732632700595712e-01 8.440156770344450221e-01 8.434136206206305220e-01 8.443844068069727982e-01 8.497795496940677706e-01 8.489709942438626866e-01 8.369685661680056343e-01 8.366804897054485046e-01 8.464472405511651587e-01 8.449878454573631625e-01 8.412658710727144440e-01 8.458865098302129626e-01 8.421949975996497750e-01 8.477044929037631515e-01 8.425150488941928195e-01 8.443779604200796207e-01 8.471120656923718517e-01 8.463633333637906597e-01 8.466880419971324345e-01 8.491972508107575868e-01 8.486429190325656124e-01 8.492619891806183485e-01 8.479981699102328019e-01 8.474082210618192335e-01 8.449352856906112708e-01 8.474650741269085241e-01
