1.000000000000000000e+00 2.115022849117644821e-01 2.701162860421926770e-01 1.852000044805638124e-01 1.386997614396937861e-01 4.424877323262410567e-02 1.467655925866516720e-01 6.391103297502755132e-02 2.359792947076985725e-01 9.202892356682393360e-02 1.441987510415253526e-01 7.716093706282485531e-02 4.857290940951969338e-02 3.952548689058241194e-02 7.810909700379647935e-02 5.879078560015727623e-02 1.891450836369257260e-01 3.186599640793251753e-01 2.466165395161013241e-01 2.452551901436958171e-01 2.667630351579287074e-01 2.526523328324752349e-01 2.691168743545379605e-01 2.680638575592189654e-01 2.195795921119650385e-01 2.402390312738767186e-01 2.772562020746734412e-01 3.047595262312449149e-01 2.409293249758098221e-01 2.617218961826148216e-01 2.949236176036116874e-01 2.160421852658190867e-01 2.208237442452506138e-01 2.102877677550163971e-01 1.889261065781638604e-01 2.232902793774423633e-01 2.276173422995037554e-01 1.971814307073918304e-01 1.794271652027734087e-01 1.715484802698566680e-01 1.225546545972282519e-01 1.430418535119049039e-01 1.382622386599030029e-01 1.302630207775296589e-01 1.759851638256786366e-01 1.752647534611725677e-01 5.086500121534155011e-02 4.927864560391483073e-02 7.065495486014136683e-02 1.164563538775943291e-01 1.144906414247432863e-01 8.552730920849037355e-02 1.044559239433030806e-01 8.212331847998975698e-02 9.878404969802248581e-02 1.354511083755511602e-01 1.018998123594417882e-01 1.075625900137499175e-01 7.695720780491374646e-02 9.440904137187815237e-02 8.874032291624717184e-02 8.177443171454014392e-02 6.568062996538757969e-02 8.651025839773415771e-02 1.230845974249657748e-01 9.233733674129490643e-02 6.815391814043116059e-02 1.104402884828317305e-01 1.179805175096131087e-01 1.371022678427276931e-01 1.066184908952721722e-01 1.006522072586498312e-01 1.306959229930112765e-01 9.810671653106114998e-02 1.069044662933235912e-01 1.153663866898645418e-01 1.141046759720127646e-01 1.087309161492248794e-01 1.171091811078362049e-01 1.320400966223684303e-01 1.322338802391671009e-01 1.367657162469013699e-01 1.041520274742669533e-01 1.091877681540851519e-01 8.208055753439365276e-02 1.077980908846400271e-01 1.088717288331542826e-01 8.483311651607550186e-02 9.266815944410340677e-02 8.555563751365861946e-02 1.002997758767693870e-01 5.836121161876066388e-02 8.486553117907331967e-02 8.179482170674655384e-02 2.975965898296364931e-02 3.482762438326535842e-02 4.246516694110550466e-02 7.888343228181296518e-02 5.836377538223964934e-02 6.413808078433887172e-02 5.502669780344753014e-02 4.155393546337245170e-02 5.912411161509609908e-02 5.821222817476872508e-02 6.065995799593602161e-02 6.326271834362932889e-02 5.522786587667852243e-02 4.690964349489961521e-02 5.303282253954909320e-02 5.404265602137755392e-02 4.700687781248368002e-02 4.587687650932527339e-02 3.848473211971160934e-02 5.669349927810646977e-02 6.814471822577324034e-02 4.898002225187453318e-02
2.115022849117644821e-01 1.000000000000000000e+00 1.405876512107436249e-01 1.023739355473952117e-01 1.313661209006335429e-01 1.316757735304977250e-01 1.861317898239181479e-01 1.347086524132186935e-01 2.241493095185240203e-01 2.179871213601038693e-01 1.485545006668855250e-01 1.317745920787271596e-01 1.488442025133047131e-01 1.490244188047642748e-01 1.553421959054722967e-01 1.536350799523993893e-01 1.939833386297187268e-01 2.129803623931984802e-01 1.502778760426516091e-01 1.781650144180961792e-01 1.467451710814576815e-01 1.324070416673284456e-01 2.389517176879253357e-01 1.831014959533802944e-01 1.407406275960903230e-01 2.199223789730522516e-01 1.951952087860192586e-01 1.955555336739092376e-01 1.823957322118055779e-01 1.847494667748040553e-01 1.882902605979430710e-01 2.417776266968218180e-01 1.762906297535010991e-01 1.963009668511439543e-01 1.649799427897898907e-01 1.709313785554900655e-01 1.740330298082954363e-01 2.076328885133241764e-01 1.768147833649102163e-01 1.611928398478963687e-01 1.986904661923730164e-01 1.828474400126686439e-01 1.514851016878656365e-01 1.765899762674754681e-01 1.780040975452300833e-01 1.821857185778484600e-01 1.643460419331062017e-01 1.762608265598262780e-01 1.741996124006529589e-01 1.622972881561341452e-01 1.724420224507523802e-01 1.028681320934956289e-01 1.563332195473184916e-01 1.997442522768178852e-01 1.932496459533280531e-01 2.036820537740103298e-01 1.743412362033839869e-01 1.835939452262528859e-01 1.846922797704324826e-01 1.803783677964036491e-01 1.650448936396088917e-01 1.771700984439682769e-01 1.639585791530367154e-01 1.671162936652408060e-01 1.651577703082373616e-01 1.791257144536771984e-01 1.727816564213780215e-01 1.847621145266034048e-01 2.127083328991398181e-01 1.954206541504140138e-01 1.539394815308897102e-01 1.540954212365183706e-01 1.926799096779196474e-01 1.585552652598641865e-01 1.801715190944047362e-01 1.735426326606988590e-01 1.699630564071962224e-01 1.712984236079005407e-01 1.671032762364745294e-01 1.661474123448015705e-01 1.629251726728818961e-01 1.729327328273304876e-01 1.955872153200726438e-01 1.653396024889325078e-01 1.686158877962591340e-01 1.760014830829611243e-01 1.568847239814984695e-01 1.779317868302563999e-01 1.631126999491154805e-01 1.867617558214781648e-01 1.639141404123967416e-01 1.645535377163132862e-01 1.619830700636243626e-01 1.648433918626159567e-01 1.576857364030687658e-01 1.658304777886958903e-01 1.397062660754974650e-01 1.535297590523697631e-01 1.613358963696117365e-01 1.637541387764045453e-01 1.415402259290478859e-01 1.450608878295865933e-01 1.500666299813441795e-01 1.594049709855503150e-01 1.464119596016255354e-01 1.601622598895295346e-01 1.722713225695860773e-01 1.761530073610923508e-01 1.730037305745137921e-01 1.716790099203720499e-01 1.689077510440175900e-01 1.632387556181233157e-01 1.577124080181412646e-01 1.563059417600933809e-01 1.557252513466146071e-01 1.626208316726011904e-01
2.701162860421926770e-01 1.405876512107436249e-01 1.000000000000000000e+00 5.263883269741717053e-01 3.003962564955872105e-01 3.135989875033809438e-01 4.327652012461480346e-01 3.699014404219505003e-01 3.985920395468107724e-01 3.089204502924177143e-01 4.630756594087130917e-01 4.717552566232889877e-01 3.537382910524977664e-01 3.525128702589745977e-01 4.114692326897684271e-01 3.875864306239527046e-01 3.805713115149781944e-01 4.154094715260379655e-01 3.907935418649564063e-01 3.757407801802052916e-01 4.214004659017814847e-01 4.409245932417922287e-01 4.027204949804761291e-01 4.357805486434336850e-01 4.064961186253455705e-01 4.779354727571983874e-01 5.370447799817479329e-01 5.244850114632676474e-01 3.932875961371397611e-01 5.061143366073332928e-01 5.448417772746130261e-01 4.350895682431646372e-01 4.594347990783169688e-01 4.797407193811076276e-01 4.412061041323744326e-01 4.940817341588479850e-01 5.066666489891972214e-01 4.261962298942744143e-01 4.643678979267393814e-01 4.620333634123922617e-01 4.329527451102758162e-01 4.434756542019839265e-01 4.361904276256767243e-01 4.347980720049665071e-01 4.748981026835934482e-01 4.547216169690086462e-01 3.661254372006274016e-01 3.540848324711571848e-01 3.690370478543283927e-01 4.253448800707267385e-01 4.238452326708725404e-01 4.458219092064496514e-01 4.354653673383638846e-01 3.344353931867627971e-01 3.287446952949543699e-01 3.817194545557638374e-01 3.648853798403723370e-01 3.843818125558511323e-01 3.516007955281247321e-01 3.851713023418941728e-01 3.987662416879472760e-01 3.539013474055897612e-01 3.480533448717503808e-01 3.806308934071588879e-01 4.062766710731164355e-01 3.920545353408961264e-01 3.718756852209109121e-01 4.002119026809672353e-01 4.093913465392933215e-01 4.152930506365916097e-01 4.071685608021816671e-01 4.005525493183068608e-01 4.215068479649197730e-01 4.124863766329128212e-01 4.245439223406231588e-01 4.340138090414168426e-01 4.215449257834503749e-01 3.801644831568168348e-01 4.287908339544787006e-01 4.424928712446312695e-01 4.516104368415309045e-01 4.558003266831734401e-01 3.863048824838456463e-01 4.191508656907934616e-01 4.186450628816857922e-01 4.326224781099703987e-01 4.295788022874367229e-01 3.958407352142799263e-01 4.164915146436629079e-01 3.833779770147059951e-01 4.336258554118128106e-01 3.862363899773741394e-01 4.156154091072786216e-01 4.064832474915681115e-01 3.611100958743270195e-01 3.542492917262941021e-01 3.848313603075143585e-01 3.892335966228435695e-01 3.822755947821068756e-01 3.951425107567046457e-01 4.000509836353858262e-01 3.652835618860088562e-01 3.944352747284544103e-01 3.833487330215065159e-01 4.025074729425757725e-01 3.520899752063176291e-01 3.596419815009302412e-01 3.536241540509911796e-01 3.502384282008463301e-01 3.640437995343817623e-01 3.482888274246749849e-01 3.630986449751880674e-01 3.527992409682125796e-01 3.745996526129175552e-01 3.816664660782230212e-01 3.686963099566710755e-01
1.852000044805638124e-01 1.023739355473952117e-01 5.263883269741717053e-01 1.000000000000000000e+00 4.219668598922222125e-01 4.369508089429735564e-01 5.957077543806993392e-01 5.650998225804825248e-01 4.815272093701103429e-01 3.787484313663539437e-01 6.105119890611002686e-01 6.808186825354507477e-01 5.109906937166536212e-01 4.898071013332482848e-01 5.712857531548465317e-01 5.496607335974141861e-01 4.506409383299437854e-01 3.916421280347231471e-01 4.112197313538841770e-01 4.010045241957628237e-01 4.222502661770616839e-01 5.023159038801023879e-01 4.239857393806165664e-01 4.309005186560142531e-01 4.396782149374473536e-01 5.977920563448325675e-01 6.297043675110053362e-01 5.888554018629104103e-01 4.551353219461036215e-01 5.921778987567981600e-01 6.284697332933589786e-01 4.998246721929547887e-01 5.058129145265963800e-01 5.388019291461504379e-01 4.942112835834870932e-01 5.812865707032804918e-01 5.861057198120670497e-01 5.100915315705969455e-01 5.685922186192251537e-01 5.694568129511927701e-01 5.636326091573971020e-01 5.703355004719494747e-01 5.582910610676231622e-01 5.680115486076615650e-01 5.886876205239311988e-01 5.568380278157645247e-01 4.909360735364963202e-01 4.738904996119712165e-01 4.920479697916781969e-01 5.204311317979719576e-01 5.417836228880507088e-01 5.785493854211009035e-01 5.650317858015524441e-01 4.349440556010698566e-01 4.242813366206469872e-01 4.772735977738609137e-01 4.806251445248252430e-01 5.003744638251342858e-01 4.613558458702554099e-01 5.115410336787127310e-01 5.194346221517120998e-01 4.703006258028873954e-01 4.662088052803195493e-01 5.018184192232530982e-01 5.178975410966510928e-01 5.130397987657001613e-01 4.903477879010395557e-01 4.921996747419911111e-01 5.080306007147421532e-01 4.993360448865569179e-01 5.023108062255746686e-01 5.099562901007447246e-01 5.013491963397294082e-01 5.099680039752774174e-01 5.529846041361491382e-01 5.520452868957533843e-01 5.386873143162492772e-01 4.852949008642913342e-01 5.497049873730883718e-01 5.541017969523377440e-01 5.476070519851271579e-01 5.687321008487922214e-01 4.952883037886020579e-01 5.183781338077458889e-01 5.357766595485562444e-01 5.356056625064863352e-01 5.380684994416128353e-01 5.173614132481433314e-01 5.371640326200700644e-01 5.075084704198641328e-01 5.591083316989793328e-01 5.169883693573985584e-01 5.417932884787450831e-01 5.356159365663570870e-01 4.929722645935755154e-01 4.823093757503673640e-01 5.304174095487281804e-01 5.128629240026659764e-01 5.123442135756549609e-01 5.259050815622517971e-01 5.421953295982736565e-01 5.016652645692584178e-01 5.339755763537895605e-01 5.182584332261904736e-01 5.381433315162862385e-01 4.794598258759975029e-01 4.821611451626192646e-01 4.738675930305945583e-01 4.682505512698692529e-01 4.903798507267074780e-01 4.719751042298223620e-01 4.941734037835153748e-01 4.840934953410916397e-01 5.049313605585526998e-01 5.044713539314218398e-01 5.012579828210920185e-01
1.386997614396937861e-01 1.313661209006335429e-01 3.003962564955872105e-01 4.219668598922222125e-01 1.000000000000000000e+00 3.382528202103080583e-01 5.266611274304126011e-01 5.259153201059565408e-01 4.703399785969818447e-01 3.790680734298018661e-01 4.865638615535434752e-01 5.130659152057887029e-01 5.273369589838974303e-01 4.749346876025342667e-01 5.420724850110244519e-01 5.300231899279401748e-01 4.278918057837447497e-01 3.587977671108703026e-01 3.886322910658375207e-01 3.694520551877414904e-01 3.582770504590512273e-01 4.218594989414038432e-01 3.889378802360828891e-01 3.862402854983349454e-01 3.954897004371459857e-01 5.022729028604847601e-01 5.167070038962184864e-01 4.898040851147466013e-01 4.325419867214340131e-01 4.776318992750720471e-01 4.908284130277256185e-01 4.793936144877370964e-01 4.402583656202918583e-01 4.919066219798996498e-01 4.447072174174312997e-01 4.838204312718228373e-01 4.990883428253711784e-01 4.816645613836957329e-01 4.911935289834472584e-01 4.842991449985377672e-01 5.169884620114125751e-01 5.083232864371837190e-01 5.213245168459824663e-01 5.148780449206651344e-01 5.100431174453111671e-01 5.011554973442005068e-01 4.937042707604487601e-01 4.854539937552804774e-01 5.103274225267486752e-01 5.096745958988995184e-01 5.188260895995279176e-01 5.057339730093191044e-01 5.195846822258295417e-01 4.742101218003575980e-01 4.697445679511055294e-01 4.798490489834636996e-01 4.894504486641813590e-01 4.952187550073605671e-01 4.968899920594648800e-01 5.098095131683109127e-01 5.145205963748973321e-01 4.862289697608290218e-01 4.864571355907331141e-01 4.845528689213539075e-01 4.985095725310475512e-01 4.989882096294919744e-01 4.891792087215129370e-01 4.887124044693197944e-01 4.983940171065482372e-01 4.926516390612328822e-01 4.800471037520631645e-01 4.919057004823142454e-01 4.899075401991782042e-01 4.846807387159758340e-01 5.117430270199103681e-01 5.133434038867260574e-01 5.066252136105265924e-01 4.839274846007151076e-01 5.025685583102098564e-01 5.005986511930823335e-01 5.055798393920645228e-01 5.089809206088740101e-01 4.857921687877626571e-01 4.962992749538619464e-01 5.036557639147113408e-01 5.091733940211542464e-01 4.986317380867306137e-01 4.924062967980372130e-01 4.954485244481325878e-01 4.875550746869501961e-01 5.040869502201752450e-01 4.976787082169488174e-01 5.043254499308691408e-01 4.992232129942289487e-01 4.934386683332011025e-01 4.883620253544641021e-01 4.986368822467072692e-01 5.110560681841713748e-01 5.125537910935328290e-01 5.072344821328325093e-01 5.086684945286689130e-01 4.948512608923068545e-01 5.076305676669827793e-01 4.994660770698353680e-01 5.065978589161738155e-01 4.895984508730645834e-01 4.982726834006470096e-01 4.871398113790681439e-01 4.854779613652147052e-01 4.908402890811376929e-01 4.766342163553505262e-01 4.959935318852254915e-01 4.867919975145159617e-01 4.947489243461823394e-01 4.927694433233050786e-01 4.943937924012300478e-01
4.424877323262410567e-02 1.316757735304977250e-01 3.135989875033809438e-01 4.369508089429735564e-01 3.382528202103080583e-01 1.000000000000000000e+00 5.569203907121875741e-01 5.541826519832824260e-01 5.740844623184416795e-01 5.109249757456534313e-01 6.067389781846850294e-01 6.198986621180241352e-01 5.590075975116508555e-01 5.735255449436128528e-01 6.260076125817715109e-01 6.205213964380942304e-01 5.450452051791740971e-01 3.947433756099209545e-01 4.488852040169926116e-01 3.756935954317601190e-01 3.908705616823451301e-01 4.614388613957416396e-01 4.599797786435939062e-01 4.350710031776664488e-01 4.409665715650889495e-01 5.738777910568373386e-01 5.826448186758291792e-01 5.747869512065575393e-01 5.283890304624967449e-01 5.356590043967549564e-01 5.646289745750880940e-01 5.913494935637156891e-01 5.435569430449453954e-01 5.856606652830305126e-01 5.426862868919768434e-01 5.953493165671478460e-01 5.917097024754226497e-01 6.052880396357036563e-01 6.223426395564243263e-01 6.080979242364858983e-01 6.360004415357257690e-01 6.312408538374042477e-01 6.233642836296736656e-01 6.370218369722273621e-01 6.315132198183146528e-01 6.140464508631691132e-01 6.267211457734040980e-01 6.292633450650274574e-01 6.284435963429835237e-01 6.179522705116814452e-01 6.273585648520275670e-01 5.955684515430768045e-01 6.305003131550228623e-01 6.180061602987941827e-01 5.988303521637711180e-01 6.142195745578621358e-01 6.215969077797968145e-01 6.279538017540644557e-01 6.195596418741451394e-01 6.332689380925905498e-01 6.308735382285405313e-01 6.192478466818270855e-01 6.188307908626516918e-01 6.271318876027482947e-01 6.196831330856855669e-01 6.310834698859862923e-01 6.318388553129926644e-01 6.194449495079161760e-01 6.295468382239937100e-01 5.992835554721834823e-01 6.052134460730739240e-01 6.158892285907155983e-01 6.072100709622827441e-01 6.049181349686201248e-01 6.382382802891075624e-01 6.389738449736438453e-01 6.356464925223630491e-01 6.173832400211047844e-01 6.303968869699118072e-01 6.182332036234989836e-01 6.279292853317756107e-01 6.348464344737997367e-01 6.295005906785225980e-01 6.216751464014931283e-01 6.363616673060363826e-01 6.360782029221154765e-01 6.377627776909193802e-01 6.344012194038027852e-01 6.415369437963984733e-01 6.320603932057843322e-01 6.427208197431238945e-01 6.402800941271910018e-01 6.430592937009844690e-01 6.396363840051559890e-01 6.347701484713590414e-01 6.333698267726552977e-01 6.362577887289260214e-01 6.325170440176399733e-01 6.371722710861144057e-01 6.396307450075666701e-01 6.407691658083983777e-01 6.330958793430295772e-01 6.405494960571697094e-01 6.391670424411735052e-01 6.367627340012129711e-01 6.286279617745558213e-01 6.340884238475690271e-01 6.313702606404910656e-01 6.284001503337779404e-01 6.340917663318461628e-01 6.287518877967580577e-01 6.359380227728208546e-01 6.334676361047077986e-01 6.352742144262620849e-01 6.297239759608023180e-01 6.363598718497353035e-01
1.467655925866516720e-01 1.861317898239181479e-01 4.327652012461480346e-01 5.957077543806993392e-01 5.266611274304126011e-01 5.569203907121875741e-01 1.000000000000000000e+00 7.566126376010814392e-01 6.907314217246381949e-01 5.988480696351132782e-01 7.482535111270264272e-01 7.809299063697231480e-01 7.013194416959359634e-01 6.984195074144865512e-01 8.313093273992065990e-01 7.901809056406895460e-01 6.407779893338341193e-01 5.020683332246981267e-01 5.654068803987216674e-01 4.482301580074088410e-01 4.788236568972286111e-01 6.071165070551033383e-01 5.830942240988105096e-01 5.614657245274715658e-01 5.872080829798776991e-01 7.323597907998169454e-01 7.462753313007098876e-01 7.322363826708642165e-01 6.436512262353273339e-01 7.020079239781196190e-01 7.438385054613461111e-01 7.226561205094981233e-01 6.627401647812501961e-01 7.135015002185810529e-01 6.775612524165804951e-01 7.351962509631322362e-01 7.403646975332716096e-01 7.460865897422805926e-01 7.632500012596279415e-01 7.602675515141519291e-01 7.784678227108159376e-01 7.842061812002535381e-01 7.748535838454926328e-01 7.858472575355229806e-01 7.815621026599818277e-01 7.722067734277684448e-01 7.566371949626863325e-01 7.437204558956728162e-01 7.624632554890775626e-01 7.598009359120246886e-01 7.783382841055460633e-01 7.539552065667569636e-01 7.747537018396766229e-01 7.208958166507312137e-01 7.053256145667408106e-01 7.333166877582052434e-01 7.437556536106165739e-01 7.591426045658750121e-01 7.466864688328849198e-01 7.658444646574823489e-01 7.665680041577298542e-01 7.459960008759924932e-01 7.434348434361658375e-01 7.528690343044066591e-01 7.450823489919127240e-01 7.591300230204595101e-01 7.515930301524965662e-01 7.454248006442544261e-01 7.635077963430498826e-01 7.162752944885741879e-01 7.310639767981373938e-01 7.522433513435594632e-01 7.370948385459918928e-01 7.476186750105869860e-01 7.782564725970114727e-01 7.775751364386733755e-01 7.722471753592453636e-01 7.376172036831882828e-01 7.781924576237426727e-01 7.751619231092581330e-01 7.733475276379595531e-01 7.850034528547509272e-01 7.516798777352281524e-01 7.617656234908215529e-01 7.715057792720902974e-01 7.687646075150093017e-01 7.714172978710787110e-01 7.693523388933078966e-01 7.763628024026674179e-01 7.540734806271497392e-01 7.810817876631468426e-01 7.678198845836412545e-01 7.771434920148367897e-01 7.753365789833637223e-01 7.558229466462434987e-01 7.516069716738904560e-01 7.718324774985135805e-01 7.645827172420932571e-01 7.719375521701392628e-01 7.791462605106808104e-01 7.790608152476949932e-01 7.614234911874331324e-01 7.719856009829828558e-01 7.676895633129512397e-01 7.702224581596157638e-01 7.454701138097161728e-01 7.599867583882943256e-01 7.441702623701385022e-01 7.457327514821960879e-01 7.538834916668564201e-01 7.435044106398421837e-01 7.574661357776835136e-01 7.533832175510674078e-01 7.601844890733112647e-01 7.493191568360477728e-01 7.550048025084852288e-01
6.391103297502755132e-02 1.347086524132186935e-01 3.699014404219505003e-01 5.650998225804825248e-01 5.259153201059565408e-01 5.541826519832824260e-01 7.566126376010814392e-01 1.000000000000000000e+00 6.770827524342523107e-01 6.283167316743254460e-01 7.436821954205752316e-01 7.975638839695150528e-01 7.455809665036235989e-01 7.179381574773601171e-01 8.179292199662689944e-01 8.287595065341871736e-01 6.301112813917377764e-01 4.512316367186773869e-01 5.267322660218475283e-01 4.295387118377196334e-01 4.448901899608003752e-01 5.609080252365367114e-01 5.173346194429857547e-01 5.142015805795568939e-01 5.344290460595313430e-01 7.018592867521150636e-01 7.049475788184940139e-01 6.831750066538981869e-01 6.283698939919523108e-01 6.690161882679579453e-01 6.928786423695256769e-01 6.969188781325496018e-01 6.291700198130595334e-01 7.006079869459872489e-01 6.472622511494844355e-01 7.029295356677808249e-01 7.068140751429314861e-01 7.472493025320954274e-01 7.582542881123014444e-01 7.367999987501223647e-01 7.813562280348477218e-01 7.805351929789930976e-01 7.743526591679765758e-01 7.881665583985919543e-01 7.654993794380902106e-01 7.641458547072427221e-01 7.719669865522734709e-01 7.658815355990696849e-01 7.732201519007831925e-01 7.617629604540550048e-01 7.815730015353683502e-01 7.556474767110245017e-01 7.801459769401197786e-01 7.314412627717663540e-01 7.164977203044039511e-01 7.253746410404352529e-01 7.437111236997495656e-01 7.702857191330839681e-01 7.607399421244924742e-01 7.740777868827443120e-01 7.762411943012644810e-01 7.589587858951911681e-01 7.606717254969147524e-01 7.683565219012988834e-01 7.493911365459662299e-01 7.662822385072023401e-01 7.660835351203965082e-01 7.444702434171696082e-01 7.565706022249621965e-01 7.180828686949167761e-01 7.324411070457605977e-01 7.508606589635267170e-01 7.328688152334478234e-01 7.390707197087040825e-01 7.773240489188767421e-01 7.779274654929082544e-01 7.720149929987464299e-01 7.489340906160448785e-01 7.772745723075650259e-01 7.645177094474649993e-01 7.644210779038491665e-01 7.755398586996740118e-01 7.484473107607790832e-01 7.578872388268608207e-01 7.830350594400491415e-01 7.742523021553184837e-01 7.692505570483638699e-01 7.835310784521087868e-01 7.837872013040996233e-01 7.564676759417522378e-01 7.796713091997455880e-01 7.856125637744530987e-01 7.830692186411333244e-01 7.858294939668162282e-01 7.775722009236785137e-01 7.727136326003835043e-01 7.861538099220511944e-01 7.746227987658975689e-01 7.880803081618400485e-01 7.939344997537586268e-01 7.946828011010835802e-01 7.836330937472935076e-01 7.898073710838048322e-01 7.881759272793172899e-01 7.837512083883252378e-01 7.575955496826167757e-01 7.779826922747110629e-01 7.640565814069758543e-01 7.627625245153057953e-01 7.777017400541310632e-01 7.659796392825496403e-01 7.767223373126285191e-01 7.737346844626086240e-01 7.796437592145223361e-01 7.641327838767171254e-01 7.733594560851755340e-01
2.359792947076985725e-01 2.241493095185240203e-01 3.985920395468107724e-01 4.815272093701103429e-01 4.703399785969818447e-01 5.740844623184416795e-01 6.907314217246381949e-01 6.770827524342523107e-01 1.000000000000000000e+00 7.306584326747154190e-01 8.111564430588958929e-01 7.886886620494892863e-01 7.507923015787457688e-01 7.654016461158406059e-01 8.220475707986849567e-01 8.127229771907447109e-01 7.987450215426858957e-01 6.169303718674759018e-01 6.753350627659211458e-01 5.563348996321871853e-01 5.964927953066799793e-01 6.770993999667423990e-01 6.703150581279578857e-01 6.591710829265671201e-01 6.690032731329887961e-01 8.008095359672245950e-01 8.264209716639505654e-01 8.220785201771082518e-01 7.737586299161260950e-01 7.820101088517085186e-01 7.973264777242706769e-01 8.336482325050811326e-01 7.712092961137115843e-01 8.089603646938898773e-01 7.694722284497949039e-01 8.252424755365944664e-01 8.145167606481938938e-01 8.695107302136856342e-01 8.591085880453728230e-01 8.325147958360455958e-01 8.758234410660452607e-01 8.745530679458587420e-01 8.584778401552769500e-01 8.803794894647917202e-01 8.701236943398812373e-01 8.690932996735015736e-01 8.684815109944038491e-01 8.724790280753955685e-01 8.653738141396969397e-01 8.501663714647277326e-01 8.702795848929781863e-01 8.038300731987754189e-01 8.586789428504935096e-01 8.624627607797903384e-01 8.369024643866747049e-01 8.523359468042376319e-01 8.586298788333751597e-01 8.784594908849345796e-01 8.661058266429794150e-01 8.796802083781494197e-01 8.701391528212194526e-01 8.702705446048019100e-01 8.548702040393739710e-01 8.718830121417718848e-01 8.731107688477616202e-01 8.748131864844486127e-01 8.738232747013413571e-01 8.654273742877068853e-01 8.694873713005089044e-01 8.479825122500921353e-01 8.455214013315909272e-01 8.620628545732389458e-01 8.530915565219112651e-01 8.460442782895182257e-01 8.786447151602341243e-01 8.835025151086450812e-01 8.802927146882257858e-01 8.657025018990469611e-01 8.759940899880391818e-01 8.687903277318694828e-01 8.693855937616782326e-01 8.755581347672418691e-01 8.720793088932810022e-01 8.676081509580945150e-01 8.616209330525457233e-01 8.720456364688312645e-01 8.715910238383512976e-01 8.765767142112929067e-01 8.735638175992611609e-01 8.647463711822852561e-01 8.699710415363521854e-01 8.743699570736830351e-01 8.770431904282018909e-01 8.759775891852594754e-01 8.667378350915797558e-01 8.676421576214570219e-01 8.549351044526068977e-01 8.647408130979874485e-01 8.683513614919334822e-01 8.689910532271021282e-01 8.654441901426971340e-01 8.629682486261679442e-01 8.679330894121960460e-01 8.735896105236380382e-01 8.677616416719996506e-01 8.596241801869317634e-01 8.693607319534334410e-01 8.682714677999100461e-01 8.638865241689188679e-01 8.733961614901251114e-01 8.661007323786744649e-01 8.720934278816213636e-01 8.669891237010725060e-01 8.719120662284379764e-01 8.722460573107391202e-01 8.665405594967571234e-01
9.202892356682393360e-02 2.179871213601038693e-01 3.089204502924177143e-01 3.787484313663539437e-01 3.790680734298018661e-01 5.109249757456534313e-01 5.988480696351132782e-01 6.283167316743254460e-01 7.306584326747154190e-01 1.000000000000000000e+00 7.066781827492623069e-01 7.034010603599295530e-01 6.774250112810800140e-01 6.982012864563229559e-01 7.437465577695170360e-01 7.471286868444798612e-01 6.924047714457538527e-01 5.016799775579848797e-01 5.529937075699851157e-01 4.499275171052999900e-01 4.728860074276835523e-01 5.372607037630342530e-01 5.583399351925064646e-01 5.452815779873707580e-01 5.457476315766010000e-01 6.949908252092725780e-01 6.915275909546301225e-01 6.930279625209744276e-01 6.564298884378572119e-01 6.648150322633078479e-01 6.682630133241376225e-01 7.342709592000403740e-01 6.643995225255139303e-01 7.002075029361286562e-01 6.743314736974840296e-01 6.979367605323915091e-01 6.989239226315485665e-01 7.814401003678482782e-01 7.574032343909428144e-01 7.259298310771801210e-01 7.950746279196004851e-01 7.816181513291056149e-01 7.521015559043076060e-01 7.898808382234445702e-01 7.656358371507014926e-01 7.760389858122389573e-01 8.015809109132637778e-01 8.098284125615784479e-01 7.943899814158499328e-01 7.634677897963407789e-01 7.843526381711897200e-01 7.096829205431243182e-01 7.708320248644350281e-01 7.960572090885509322e-01 7.645956658156289887e-01 7.647763096863594567e-01 7.754561071123609040e-01 7.998185033033156088e-01 7.979347482125340729e-01 7.987696917741742286e-01 7.910947744379075441e-01 8.002812506712865259e-01 7.929448165981165531e-01 8.004966266799129482e-01 7.784057893563950392e-01 7.930297372756157648e-01 8.019481846294312932e-01 7.841199703478790584e-01 7.891023713451694732e-01 7.638839248975042295e-01 7.582214680996781642e-01 7.709476575106427587e-01 7.704244193889653314e-01 7.579364769331433660e-01 7.993895873687536513e-01 7.983323999347647915e-01 7.940709827012790711e-01 7.816010368126968810e-01 7.902189849678902256e-01 7.757711340842756709e-01 7.800732169432389451e-01 7.840596559053759629e-01 7.886304316637758882e-01 7.854012167017060397e-01 7.860660065737181679e-01 7.868965021236871138e-01 7.856417493465219781e-01 8.050568817692345114e-01 7.975827797685637321e-01 7.863441385990663779e-01 7.857843118390126502e-01 8.050921246157526356e-01 7.965801391679959709e-01 8.012089357496587905e-01 8.049714776886875978e-01 8.059214630721380779e-01 7.786310597616983298e-01 7.839264146305159331e-01 7.969909799924184135e-01 7.971906014743002089e-01 7.863071710560111116e-01 7.944698766064717255e-01 7.944217010229496223e-01 8.034888410944787118e-01 7.888100101440520540e-01 7.831569860920150061e-01 8.040751913472810042e-01 8.074545980647056531e-01 7.966243039827607397e-01 8.092881306058876678e-01 8.024579764419701444e-01 8.046340882889190249e-01 7.999166297742735798e-01 8.011281501813015682e-01 7.943175251538060477e-01 7.994538479804261799e-01
1.441987510415253526e-01 1.485545006668855250e-01 4.630756594087130917e-01 6.105119890611002686e-01 4.865638615535434752e-01 6.067389781846850294e-01 7.482535111270264272e-01 7.436821954205752316e-01 8.111564430588958929e-01 7.066781827492623069e-01 1.000000000000000000e+00 8.689810683432619420e-01 7.755049082085037071e-01 7.969976205340478792e-01 8.656202202992941963e-01 8.471315580414428004e-01 7.738872074333676965e-01 6.035232013116070826e-01 6.760929737781490312e-01 5.437514418427714658e-01 6.097552893993755108e-01 7.085355207645191999e-01 6.561960508873920794e-01 6.684958479618645644e-01 6.946579428983661320e-01 8.195320193946207254e-01 8.536494167842485492e-01 8.271617729025981802e-01 7.504243178417859816e-01 8.066149523194853233e-01 8.435826071179886032e-01 8.202679553869782758e-01 7.634127113660470476e-01 8.210368411661210786e-01 7.753056738880504950e-01 8.547006045779822481e-01 8.506781605824054182e-01 8.571145718988854023e-01 8.785942957396831732e-01 8.583883716194673497e-01 8.955807786440476148e-01 8.911651641109795685e-01 8.794799836918805180e-01 9.022760896808150743e-01 9.023407024294688439e-01 8.871814181706261238e-01 8.816807745143027120e-01 8.752706937351460992e-01 8.710565061442299140e-01 8.658918602818612698e-01 8.857109961421913980e-01 8.649987593418531073e-01 8.910006363392999340e-01 8.467662550497253582e-01 8.196559667286581474e-01 8.457810812053081495e-01 8.583444352143699829e-01 8.799542762386363126e-01 8.574698458264984335e-01 8.897799105559073274e-01 8.858079370124969376e-01 8.679491567082860959e-01 8.583801985998281703e-01 8.841764308988319110e-01 8.846953765665428460e-01 8.878037497625491659e-01 8.822150359578894152e-01 8.789383646576884868e-01 8.740462559118661323e-01 8.538289517176961274e-01 8.727115767916325817e-01 8.842166249335590145e-01 8.675275134943553068e-01 8.763931482952301844e-01 9.017076470626316231e-01 9.039108201200245496e-01 8.934242791804830608e-01 8.660034520815212966e-01 8.971284597524975535e-01 8.923458800413093250e-01 8.929026814072239526e-01 9.077795825171072197e-01 8.758080982387367319e-01 8.768393806472539742e-01 8.865749170994925432e-01 8.922862582525391550e-01 8.989144141424428858e-01 8.906141212809145502e-01 8.989754452802086737e-01 8.782111437549012800e-01 8.981189194547530841e-01 8.929819317190623718e-01 9.038488019331415435e-01 9.003666535280457905e-01 8.843089598065110302e-01 8.807425758270293059e-01 8.856827438731207369e-01 8.807929613122785772e-01 8.870746962149034243e-01 8.911377954024232162e-01 8.972561683873900851e-01 8.823123797558074521e-01 8.953308318554450418e-01 8.939370174561910298e-01 8.988663586374828762e-01 8.667873167307850180e-01 8.779667600198777233e-01 8.765649763252463256e-01 8.695059990269893291e-01 8.837608865078019349e-01 8.741903698172295289e-01 8.861382421805733545e-01 8.805997284841023953e-01 8.897267312225624059e-01 8.881413985214007267e-01 8.858885215036059746e-01
7.716093706282485531e-02 1.317745920787271596e-01 4.717552566232889877e-01 6.808186825354507477e-01 5.130659152057887029e-01 6.198986621180241352e-01 7.809299063697231480e-01 7.975638839695150528e-01 7.886886620494892863e-01 7.034010603599295530e-01 8.689810683432619420e-01 1.000000000000000000e+00 8.073459648396292820e-01 8.170238258822146715e-01 8.986995750860533594e-01 8.819117113108545514e-01 7.449702173854035880e-01 5.208630884738002509e-01 6.050458546305911289e-01 5.074292384035968828e-01 5.391631439865500752e-01 6.528897162914599761e-01 5.869125395192621442e-01 5.971060804358291341e-01 6.285452864220967273e-01 8.119213988334049725e-01 8.361074969128622358e-01 8.077339781223994430e-01 7.236743879235705279e-01 7.914207343460899491e-01 8.125747127092699529e-01 7.960659359376769384e-01 7.536757174959189953e-01 8.064511494061910035e-01 7.595021043878812383e-01 8.320943331619058414e-01 8.282799029422442949e-01 8.439487020250066029e-01 8.794070967272025197e-01 8.606877706946191031e-01 9.028042175029448169e-01 9.008512057710198473e-01 8.823209200328365753e-01 9.083485806712032762e-01 8.945988690795033671e-01 8.795569476234171846e-01 8.860220049824181210e-01 8.777614193357354822e-01 8.752928278570143439e-01 8.621684844143761017e-01 8.876102175142607242e-01 8.730947687429025938e-01 9.005248251267869986e-01 8.346739262906971435e-01 8.027573027293412045e-01 8.254898574419744506e-01 8.491619884337779922e-01 8.794118831969790495e-01 8.555112700425349104e-01 8.908542549556984769e-01 8.865292585873939535e-01 8.648001671445217919e-01 8.604049732456208188e-01 8.844111085417878382e-01 8.696352534260167744e-01 8.813980006880021145e-01 8.832309475866264581e-01 8.573940736191150158e-01 8.625415279973062121e-01 8.322925283526005913e-01 8.492957839078413285e-01 8.675239722091042660e-01 8.433047936288569080e-01 8.552955847162274639e-01 9.023181452605214536e-01 9.039559605996796421e-01 8.960973094015911578e-01 8.581120380055141661e-01 9.005562277560934525e-01 8.927114500294331956e-01 8.890147282502823822e-01 9.025444944851038764e-01 8.596742926166041077e-01 8.790835047182286033e-01 8.932243446586152213e-01 8.908835215257919771e-01 8.940468562793839613e-01 8.937024882815838289e-01 9.052361777261852538e-01 8.710539619358462771e-01 9.054527436552682884e-01 9.019860069597929186e-01 9.068420601503683898e-01 9.076119629208245776e-01 8.928422849813804074e-01 8.877783661185931763e-01 8.998148799674615672e-01 8.787901277661227528e-01 8.912954202783813784e-01 8.991136459720460161e-01 9.105927440097026926e-01 8.909504778294552452e-01 9.065198685105806398e-01 9.041276489492884316e-01 9.051959855146999301e-01 8.638817996383332254e-01 8.791460466493051795e-01 8.760526598244439134e-01 8.652520144572024563e-01 8.866345727495246187e-01 8.741381243185264438e-01 8.918001448475222359e-01 8.848905629979785248e-01 8.956369578142506782e-01 8.869968379536140590e-01 8.893412390985451221e-01
4.857290940951969338e-02 1.488442025133047131e-01 3.537382910524977664e-01 5.109906937166536212e-01 5.273369589838974303e-01 5.590075975116508555e-01 7.013194416959359634e-01 7.455809665036235989e-01 7.507923015787457688e-01 6.774250112810800140e-01 7.755049082085037071e-01 8.073459648396292820e-01 1.000000000000000000e+00 7.653211512645369252e-01 8.368922824074701561e-01 8.404111211468633380e-01 7.093238788156122077e-01 4.952751439746537754e-01 5.752117137441885575e-01 4.835171455236190186e-01 5.022164495413309337e-01 6.034857150788360824e-01 5.644429198776966805e-01 5.630500379028993141e-01 5.902951742206871133e-01 7.453720882603451781e-01 7.433754089521541486e-01 7.227509301981067669e-01 6.694048723149803592e-01 7.035040746212689600e-01 7.164065404600674647e-01 7.576009158453537173e-01 6.881085829713250446e-01 7.539723886131952657e-01 7.043396353303102986e-01 7.602557270298904157e-01 7.462484235181442438e-01 7.965746242274683864e-01 8.068554422417896221e-01 7.806389423548688589e-01 8.480298276434379279e-01 8.357652159320284602e-01 8.286412176052244671e-01 8.458383907056048479e-01 8.216077563260708594e-01 8.100083031556092328e-01 8.506406521231103524e-01 8.485335382267389370e-01 8.438877327003653228e-01 8.259404280544875299e-01 8.422547349689829543e-01 8.081310041585281212e-01 8.399952213960891756e-01 8.192733941469318992e-01 7.885606513967353681e-01 7.944514316465182135e-01 8.133186987592316841e-01 8.381004544326987604e-01 8.286489231256588539e-01 8.504438903662501215e-01 8.448993079246990279e-01 8.301278738433592874e-01 8.271992317647686166e-01 8.415783074284195475e-01 8.269405176621981157e-01 8.396749253330068052e-01 8.486518912427589711e-01 8.231154459181541094e-01 8.257350450816030030e-01 7.987867213742581018e-01 8.090248968055722134e-01 8.262662438409217325e-01 8.086929944621102928e-01 8.122915237689061208e-01 8.491532841412853250e-01 8.471177802248298638e-01 8.432665576544148278e-01 8.181813792364607263e-01 8.385504705900818090e-01 8.255200452611477502e-01 8.270097434504505296e-01 8.363498745757994568e-01 8.241279048256623385e-01 8.302317660289814105e-01 8.439389856586781979e-01 8.419306403708494146e-01 8.379249037228452268e-01 8.489452798707813885e-01 8.469588766625112397e-01 8.332510317070317418e-01 8.445077536495871895e-01 8.577034115806607684e-01 8.526272119570612595e-01 8.529348717009243019e-01 8.561473641608502438e-01 8.546383617621646778e-01 8.494671580908820241e-01 8.420903265741035426e-01 8.548586640297330952e-01 8.551309869543709530e-01 8.599473433186881621e-01 8.506736923542640438e-01 8.586184737934302591e-01 8.572322422842439948e-01 8.580118209632426884e-01 8.324877324369042153e-01 8.508503113322674061e-01 8.483454713129574554e-01 8.381263200756394749e-01 8.526093172788401509e-01 8.423796933181985080e-01 8.554139913753973090e-01 8.480037826600421713e-01 8.541384810664249816e-01 8.462739598914407191e-01 8.490533318050877964e-01
