1.000000000000000000e+00 9.491129498267103504e-02 8.428234221613960242e-02 7.060762241430279529e-02 -2.843210569161780041e-02 -4.058751388743475630e-02 -9.763348258655728598e-03 2.078711923532627903e-02 1.270196191390080553e-01 6.124131332420010981e-02 -2.514906033874502074e-03 2.230198293785193991e-02 1.323055630352941436e-02 5.774273175179716125e-03 1.787695350405936858e-03 1.746856974608145679e-02 1.244541347479733440e-01 2.897430498220559050e-02 3.434771541440429649e-02 7.656998812320220393e-02 4.220446330141966462e-02 3.787319344635265567e-02 3.270776749396640815e-02 -2.843895875166910225e-03 -1.103641517117033566e-02 1.400496896787703678e-02 4.412554036067667038e-03 -3.235503607454298658e-02 4.693465314713435831e-03 3.112167316299509472e-03 8.573249238199862413e-03 1.225648685292520836e-02 -3.706200171173340465e-03 2.181147414075847862e-02 1.235894636735661821e-02 3.772567602442460175e-03 1.020156756063961799e-02 -3.688929047128774313e-02 -7.365742120322052444e-03 -5.020494064830531566e-02 -1.214540346752087698e-02 -4.290085457730688501e-02 -5.274647699599767370e-02 5.999523858273430205e-05 3.558618839115898665e-03 -2.492062176555831510e-02 -4.887043807954669083e-03 1.786473257528258668e-02 -4.886547593336496020e-03 -3.683116349698278141e-02 -1.445421637971207145e-02 -3.879856188068150913e-02 5.835762644500665924e-03 3.858251982959248066e-02 6.069110606508255901e-03 -2.375533734091650820e-02 4.685644896683908989e-02 1.298136392236955497e-02 -9.361787628347722698e-03 5.414947046651930052e-02 1.870475118634797387e-02 2.599176568493834563e-02 1.954136111004410939e-03 2.715978322349657872e-02 7.059989756830624408e-02 5.281893063317453368e-02 2.480374003763262739e-02 1.205837794267406067e-02 2.409985501624896387e-02 2.340238086825297339e-02 1.285584052096825497e-02 1.575373115954712550e-02 4.351013997215031834e-03 -1.462342053991065594e-02 -4.955039382571517492e-03 -4.278207177957049287e-03 -1.868969495442926801e-02 7.030684256842108931e-03 -1.667477880742982560e-02 9.062727420581033130e-03 2.717493014956004829e-03 4.209623650618544294e-03 1.437693980541504199e-02 1.411555433110297034e-02 -1.147960017783607352e-02 8.860601298822285560e-03 -4.624512569137935783e-04 -1.762308528602924904e-02 -4.081990014542982888e-03 -5.542344667927673503e-03 -3.454190599587177862e-02 -1.677217450189645576e-02 -4.682711988316417412e-03 -1.810183966046399751e-02 1.332644200180207062e-03 1.102902355114565233e-02 -3.429139192433153932e-02 2.907059432031158797e-02 -1.549519986797659281e-03 -1.665073216603406639e-02 -2.549320757579705624e-02 3.725046795722068184e-03 -1.653072499105104485e-06 -8.897422487999968876e-04 7.221794559438396346e-04 2.699831443459123348e-02 1.499461209991631398e-02 1.420337275254737741e-02 3.406952112257605539e-03 1.570813861535529446e-02 -6.751692820695999117e-03 3.033826408780075645e-02 2.406818981422240156e-02 2.088403964054461395e-02 4.348152731948374400e-02 4.343847614046258965e-02
9.491129498267103504e-02 1.000000000000000000e+00 6.121295152439750614e-02 1.321969423788543763e-01 1.243411507558891266e-01 2.922834826470802061e-02 1.187812975486687572e-01 1.402327864152869419e-01 1.929741836707498659e-01 1.814258351947050651e-01 1.480076849683392703e-01 1.574362686163339464e-01 1.590501109904158827e-01 1.423590833945714562e-01 1.517981434518834161e-01 1.646329683723055382e-01 2.453523306380131497e-01 1.610609687767016185e-01 1.628197418368943772e-01 1.843775363087523100e-01 1.482606768357512539e-01 1.673014435524148302e-01 1.764919978050458749e-01 1.517189141436498245e-01 1.289381218379176686e-01 1.757063351570601062e-01 1.664949654076315622e-01 1.121519600956782520e-01 1.342529951625242302e-01 1.536444615944319303e-01 1.623332502938840682e-01 1.737263964755238199e-01 1.326227031713372861e-01 1.803878825788241269e-01 1.429684843673672823e-01 1.731278443171159198e-01 1.466904925974137908e-01 1.150929699129294159e-01 1.546178593271719526e-01 1.105635421640680793e-01 1.525889079436908713e-01 1.283537251846096072e-01 1.321548850517161589e-01 1.514535352095434106e-01 1.595831910136858711e-01 1.323696409756121295e-01 1.476288365627232702e-01 1.723082762772126242e-01 1.517234005791877338e-01 1.023521545325412063e-01 1.266296513443402327e-01 1.069918903097708401e-01 1.441465269218965284e-01 1.832230018597978960e-01 1.472755517916518875e-01 1.468806494775678761e-01 1.782484104465644204e-01 1.664185731430700144e-01 1.377460645683795670e-01 1.995832733693007066e-01 1.652820869625480360e-01 1.761178862064897432e-01 1.504870136841861272e-01 1.792521820221471274e-01 1.988464147891476630e-01 1.931731243184519331e-01 1.736597840602899234e-01 1.627682400150495257e-01 1.766477065676824443e-01 1.739378063154240761e-01 1.598366914714830223e-01 1.617189794985648132e-01 1.674663199953592418e-01 1.429476833034050431e-01 1.575627190107750930e-01 1.557842815833933026e-01 1.361791143292304107e-01 1.471480836150542704e-01 1.403546986170990940e-01 1.633087881310831824e-01 1.509705447630492192e-01 1.595034459383761205e-01 1.721683266034661763e-01 1.633793832710200011e-01 1.495225803225848915e-01 1.692117842431830610e-01 1.568638254549759026e-01 1.454062284267569338e-01 1.540608497192257065e-01 1.615711358854300672e-01 1.305115973532138540e-01 1.460378460482377738e-01 1.525371350921072289e-01 1.433693927601332185e-01 1.612964124027396751e-01 1.694319798750829054e-01 1.229285627818709897e-01 1.611910699854214035e-01 1.531718979655161683e-01 1.412743079999054241e-01 1.427965425035550295e-01 1.606466158350325635e-01 1.535493561477689894e-01 1.570100049559801092e-01 1.567085536265679646e-01 1.764659708528220905e-01 1.723717760490549589e-01 1.738446154076775108e-01 1.677264985169943934e-01 1.716900316736042764e-01 1.531766318388362857e-01 1.833462066083387798e-01 1.788760183655158653e-01 1.754202450298452953e-01 1.820721168974872017e-01 1.847652657374064533e-01
8.428234221613960242e-02 6.121295152439750614e-02 1.000000000000000000e+00 3.015771958558786103e-01 1.957692177764450703e-01 1.358397437660283091e-01 3.071140021287240840e-01 3.037808263515978657e-01 3.276738529708858039e-01 3.092788233845926715e-01 3.173555662237105834e-01 3.600750159748415946e-01 3.245592692644980182e-01 2.554366866503260947e-01 3.490045988568590829e-01 3.491555733855388755e-01 3.431675655221678167e-01 3.574942727279001864e-01 3.604450252354204354e-01 3.053050068406243933e-01 3.638014907506860185e-01 3.560292105593367284e-01 3.534151935755515117e-01 3.601994143820099192e-01 3.481651418364852257e-01 3.567519747898242888e-01 3.513691152653459215e-01 3.414796575555655855e-01 3.526122033781546872e-01 3.559256989862354392e-01 3.606264732391469829e-01 3.657844524966528676e-01 3.355783111235886018e-01 3.656162067823946482e-01 3.340661567995669712e-01 3.350314449074275336e-01 3.473586947362332089e-01 3.493733795750293969e-01 3.530279125616449520e-01 3.341184206730650752e-01 3.595824433794433395e-01 3.460143640476560645e-01 3.373913996288065986e-01 3.506782778825462965e-01 3.628664032072174694e-01 3.490741846188721853e-01 3.583676359738464101e-01 3.639102264764542127e-01 3.598588700989707179e-01 3.411277435832145710e-01 3.552374033660000707e-01 3.406219868504773984e-01 3.554377813979628375e-01 3.572277175460636944e-01 3.534988279618012652e-01 3.626714976379503685e-01 3.599163568667695379e-01 3.593269631637371897e-01 3.522584347963472196e-01 3.573311892363737474e-01 3.566754230515671864e-01 3.563906392945240809e-01 3.531886706098364970e-01 3.591925776875338761e-01 3.675247835383603223e-01 3.634646072405375294e-01 3.631896719354849590e-01 3.649782255625690364e-01 3.693772038397706292e-01 3.658223996840084813e-01 3.675290893485355648e-01 3.664328279358937124e-01 3.658772816909190984e-01 3.609046330218707022e-01 3.630913096025504272e-01 3.606991758295898798e-01 3.587911274128137706e-01 3.657847383091655247e-01 3.596517110724882227e-01 3.618023906466267259e-01 3.599478081346821901e-01 3.636681445108579935e-01 3.649650596671227820e-01 3.582161627598544063e-01 3.578778578004380151e-01 3.653266594684069779e-01 3.591425852862028534e-01 3.608007776019490076e-01 3.570916026949312871e-01 3.614096926319971814e-01 3.492668043978853221e-01 3.577277091680692300e-01 3.612068485736129042e-01 3.565674445929034042e-01 3.604066107689455900e-01 3.633002582175264839e-01 3.517228662965126151e-01 3.603957810000900097e-01 3.619799564381442347e-01 3.620477057026273426e-01 3.544338460108551470e-01 3.654339448318084105e-01 3.621851003012417913e-01 3.607267689675236477e-01 3.602125841790388416e-01 3.647260081778677665e-01 3.657106078889890699e-01 3.629633650311349102e-01 3.632732800951927188e-01 3.611610486220088179e-01 3.615589607388430826e-01 3.635783535911130127e-01 3.659651959705295665e-01 3.639785611842634161e-01 3.675828302491652155e-01 3.638336895430661078e-01
7.060762241430279529e-02 1.321969423788543763e-01 3.015771958558786103e-01 1.000000000000000000e+00 3.288996895355710826e-01 2.835203687260774985e-01 5.738100438531138492e-01 5.761943437330043771e-01 5.830050948851226433e-01 5.652298336539470780e-01 5.934738796012257733e-01 6.273697375027964540e-01 5.833846015604832180e-01 4.504089400852968050e-01 6.216336093936281060e-01 6.315128284305487893e-01 5.754581351803136346e-01 6.171630078462172486e-01 6.304056328477540827e-01 5.231495793400260386e-01 6.171349275802350265e-01 6.457728539007931978e-01 6.214776662793634054e-01 6.148461566130094536e-01 6.198691552256558879e-01 6.414302409954020234e-01 6.324178967070714918e-01 6.232447946746532130e-01 6.203022098394318506e-01 6.224831554699933323e-01 6.262129152319678704e-01 6.397914822866291873e-01 6.118067136318563470e-01 6.275563495417465498e-01 6.284855943846350268e-01 6.135419727904480869e-01 6.332138779031500908e-01 6.237623330263147858e-01 6.331153148962052057e-01 6.244246613775024102e-01 6.417369496792382222e-01 6.383751711880888413e-01 6.244704197890807995e-01 6.452041474128491494e-01 6.499243623788084623e-01 6.331459257586780076e-01 6.309724088717957313e-01 6.375918961562506704e-01 6.333789442551170934e-01 6.061580691667121101e-01 6.274306700719622931e-01 6.080371379296769518e-01 6.358723996181966376e-01 6.248796652744628144e-01 6.155827258609803954e-01 6.366449878876329072e-01 6.320888757690961146e-01 6.429228412388812153e-01 6.181694605168381873e-01 6.402694515172057121e-01 6.373851277827523587e-01 6.240440213125404423e-01 6.250994469599492342e-01 6.338878814817106022e-01 6.422886122816683363e-01 6.397094366011304434e-01 6.412680454845990363e-01 6.453864359513346027e-01 6.479653814303003578e-01 6.468491124109306822e-01 6.501178287630435815e-01 6.472142060413763609e-01 6.370028355016623678e-01 6.394097697248370959e-01 6.462869492645095804e-01 6.426913452780085301e-01 6.450801962387830990e-01 6.424125326202315689e-01 6.420003079665658197e-01 6.365225193532323411e-01 6.362913792273454661e-01 6.391102705480217194e-01 6.527711747861162372e-01 6.445966243706545695e-01 6.429373802016848938e-01 6.438531193678473930e-01 6.426735228034110570e-01 6.489202963600051444e-01 6.417293073173401252e-01 6.428454048230968221e-01 6.444662846825843783e-01 6.456720256996931750e-01 6.450856725238055533e-01 6.445236214942624553e-01 6.384416541192627914e-01 6.426498086409188071e-01 6.365989756379335507e-01 6.376358917836046913e-01 6.414410012558250385e-01 6.462042261474419957e-01 6.454878743833339927e-01 6.464024114570968704e-01 6.413741014996683365e-01 6.465815607928427911e-01 6.442960735462702759e-01 6.454664553642883718e-01 6.420864866679034666e-01 6.426436294748211209e-01 6.444067863146671904e-01 6.422132562766481589e-01 6.437007801201070079e-01 6.444589634170169168e-01 6.433405766456394836e-01 6.467797578247778123e-01 6.469038140397262993e-01 6.466830791811828405e-01
-2.843210569161780041e-02 1.243411507558891266e-01 1.957692177764450703e-01 3.288996895355710826e-01 1.000000000000000000e+00 2.504153213051876214e-01 4.558474602824478805e-01 4.695283646878805617e-01 4.716611294898907514e-01 4.375277319755299654e-01 4.599300578758702129e-01 4.986580844902349652e-01 4.996850029075034505e-01 3.406645002060287308e-01 5.091767290317067429e-01 5.022256417904904513e-01 4.633241603359045113e-01 4.699483629367369741e-01 4.623865517619198950e-01 4.172289958334559068e-01 4.676344288522322756e-01 4.760051926356700935e-01 4.669033747514690913e-01 4.675888794026236694e-01 4.722076796176164493e-01 4.977144505451255307e-01 4.894535703394866655e-01 4.696438985822942169e-01 4.515918658630220239e-01 4.939549671980347223e-01 5.023142240442598494e-01 4.934166599356984428e-01 4.468388264338243321e-01 4.853898599663202251e-01 4.766732215400991679e-01 4.670761402805702622e-01 4.791510422675147596e-01 4.802633730582991367e-01 4.929658713520910784e-01 4.599611926889830005e-01 5.045195836244457110e-01 5.016767964209624120e-01 4.966914724749560417e-01 5.141446684371722142e-01 5.010188354622557849e-01 4.970319424894188431e-01 5.043618339536647399e-01 5.079124305109639081e-01 5.087817507469580836e-01 4.700841745640253477e-01 4.930607578262076740e-01 4.857863405884945140e-01 5.124695638372653850e-01 5.047152869328029867e-01 4.921049867378888276e-01 5.096321552123311838e-01 4.951791948081492589e-01 5.195770551305120000e-01 4.928875114780708611e-01 5.223702275190459376e-01 5.164566517826014724e-01 5.033365404131439069e-01 4.986730016908704766e-01 5.062348343562110831e-01 5.177660440498229599e-01 5.153942901736847659e-01 5.136532021940500847e-01 5.108255465427498088e-01 5.077087193177074465e-01 5.123635420840961796e-01 5.094890662732929343e-01 5.101663754551317709e-01 5.031445979822757320e-01 5.013133841321339990e-01 5.104830234399517774e-01 5.088212965427997281e-01 4.977928044151757603e-01 5.001591431612609773e-01 5.076550706361030452e-01 5.116183951485554493e-01 5.055480833493916082e-01 5.105190171893421169e-01 5.020343243919554999e-01 5.016218224148462079e-01 5.008735504791962390e-01 5.082172547656857997e-01 5.003850636253844852e-01 5.032277776721587603e-01 5.066699353175529996e-01 5.032357698697123016e-01 4.941600374509835247e-01 5.118357507562250053e-01 5.112904468763591614e-01 5.093831775446955312e-01 5.115114500652931939e-01 5.126541350658760932e-01 4.956630835885769137e-01 5.007344876477329843e-01 5.095015237049443924e-01 5.074643895081795142e-01 5.076416812310023952e-01 5.084927928335145619e-01 5.149814039762204976e-01 5.193415386650913623e-01 5.109386604981186464e-01 5.089881174756994975e-01 5.113492848272199742e-01 5.137957554570454777e-01 5.122456305785111352e-01 5.128985509450050273e-01 5.035672537600370813e-01 5.210392202190220479e-01 5.064202254052495578e-01 5.116394510687086727e-01 5.134288280580739938e-01 5.148937351134849072e-01
-4.058751388743475630e-02 2.922834826470802061e-02 1.358397437660283091e-01 2.835203687260774985e-01 2.504153213051876214e-01 1.000000000000000000e+00 4.476842037246374639e-01 4.098788996758440106e-01 3.960339157492845930e-01 3.772903958495251175e-01 3.961206190807127769e-01 4.370364056222085791e-01 3.842222211736912585e-01 3.052460706969494786e-01 4.458313927032511170e-01 4.390009737655862776e-01 3.764456553026704344e-01 4.082532473471245926e-01 4.359231658248444163e-01 3.449222189986245746e-01 4.172758161249289777e-01 4.326903968427773806e-01 4.387728061083488451e-01 4.322004768013684162e-01 4.445539876869236129e-01 4.467203864518998202e-01 4.287696735105983592e-01 4.480585144275292531e-01 4.313168043317813227e-01 4.375346106484452324e-01 4.435231552825683043e-01 4.491134751905359046e-01 4.286736842271275938e-01 4.478334889017373532e-01 4.364691073178162961e-01 4.462190901250974173e-01 4.421717731928905826e-01 4.551058605151803715e-01 4.644645887277510377e-01 4.679474180524995086e-01 4.613714095085310607e-01 4.703587035384829140e-01 4.570253291688271546e-01 4.594308370114204565e-01 4.704914415243217629e-01 4.658582119905088637e-01 4.456189310909924317e-01 4.454491931832296192e-01 4.476865934300950367e-01 4.490769889067328657e-01 4.529366333495527530e-01 4.609952669886207555e-01 4.517097340110841630e-01 4.145548671609408098e-01 4.143558388974044049e-01 4.585296211148570666e-01 4.250086920450422134e-01 4.437435251586078211e-01 4.295896283585355357e-01 4.305920061299638446e-01 4.440466751068891660e-01 4.166552831720767847e-01 4.346128532024319813e-01 4.465886336910944165e-01 4.307446745690202139e-01 4.342963746149325899e-01 4.502816331566485419e-01 4.566102400205989675e-01 4.502194923736133059e-01 4.456667178281678021e-01 4.559176607435704853e-01 4.561491401067889195e-01 4.524844719427879580e-01 4.630647110853495230e-01 4.607903563849629625e-01 4.561640950553765839e-01 4.640704888339182155e-01 4.526701821668777659e-01 4.667471468054454342e-01 4.472560050621418593e-01 4.569280269005448480e-01 4.548427848548433072e-01 4.626713724018505225e-01 4.521982856221751224e-01 4.651224551770870019e-01 4.595164471846170384e-01 4.617848934844376307e-01 4.681366813758768841e-01 4.597258043563966501e-01 4.628293217923591940e-01 4.726980785489803827e-01 4.645529956494787727e-01 4.657000088449098629e-01 4.673917209062925515e-01 4.528252794035876327e-01 4.538167820977590527e-01 4.628935700262531427e-01 4.444868967802836912e-01 4.534873687683956822e-01 4.655123749847552839e-01 4.680514945499539836e-01 4.551972868484731038e-01 4.571665692132378944e-01 4.590299540159871738e-01 4.635602665208238826e-01 4.483493613136965150e-01 4.484667365340420653e-01 4.521055911261050997e-01 4.529836272454383361e-01 4.497848751874813922e-01 4.531334865513205745e-01 4.473653739379000460e-01 4.446583442583728618e-01 4.541010023862406264e-01 4.444236112113643111e-01 4.482201827969956587e-01
-9.763348258655728598e-03 1.187812975486687572e-01 3.071140021287240840e-01 5.738100438531138492e-01 4.558474602824478805e-01 4.476842037246374639e-01 1.000000000000000000e+00 7.117315180055124868e-01 7.208880537266852961e-01 7.048239649165746190e-01 7.480292853650207796e-01 7.875178825338257083e-01 7.312303944125042587e-01 5.725426398955513196e-01 8.453314593587409886e-01 8.074053483429383116e-01 6.856924416532967914e-01 7.485783714674484335e-01 7.653966039797766019e-01 6.769844865750430651e-01 7.459307944482241881e-01 7.659305578764123990e-01 7.706119612080390979e-01 7.645622794225577223e-01 7.827443138457046423e-01 8.050423172685126083e-01 7.924745156771043630e-01 8.103961232698762007e-01 7.856744202998392490e-01 7.967681478416406282e-01 8.156786079175598614e-01 8.032397917275030386e-01 7.555747584243910353e-01 7.892740687065064042e-01 7.880997143830298368e-01 7.677679197758758844e-01 7.932768920118349332e-01 8.155703413797390500e-01 8.158885411229009899e-01 7.980931072323400599e-01 8.135285712409476844e-01 8.273093721281153945e-01 8.099152045665430899e-01 8.243531046862716538e-01 8.213972969118693568e-01 8.401984493053250569e-01 8.102115227296343702e-01 8.137910791839541025e-01 8.120314926174071468e-01 7.938110780478062622e-01 8.101761441567683075e-01 8.058710079194894016e-01 8.095483318147738139e-01 7.776430590460242653e-01 7.729492713983066032e-01 8.202467881826486229e-01 7.764949587377434348e-01 8.030213059392969921e-01 7.934691503845399119e-01 7.882790629302158791e-01 8.047399142385872617e-01 7.748153023827831776e-01 7.975777229076472796e-01 7.924407996415279154e-01 7.860413655650992926e-01 7.912297109088671787e-01 8.124761500063349962e-01 8.188670103824955415e-01 8.158748076261432836e-01 8.210346433800173038e-01 8.138478250599374686e-01 8.185323277048425217e-01 8.125234394511163805e-01 8.238901593256455769e-01 8.274333918011692601e-01 8.243628678345403804e-01 8.312637907579319974e-01 8.202235449619637020e-01 8.397312196809151308e-01 8.129347969597373602e-01 8.191892823817144009e-01 8.221805848279525319e-01 8.224143652730974141e-01 8.189519508171226869e-01 8.248947027320022718e-01 8.218035466528530453e-01 8.205331113769244178e-01 8.353104468978186370e-01 8.247818630873011703e-01 8.248181909490268637e-01 8.317811850710685739e-01 8.291402126205279499e-01 8.293942042729166575e-01 8.380372836010895332e-01 8.167663724929403735e-01 8.194865700253011198e-01 8.158687174172076784e-01 7.986667913355751658e-01 8.144344687714402120e-01 8.242099852718028918e-01 8.273345724955815106e-01 8.161377137859440190e-01 8.180034861139968694e-01 8.194687613857000175e-01 8.229943944191965288e-01 8.052942945030503452e-01 8.121228210627038369e-01 8.175695674794849488e-01 8.205819457788980920e-01 8.104029575708249222e-01 8.181123133667981273e-01 8.084565238455941882e-01 8.047481098825847168e-01 8.112910301138184233e-01 8.056854829604489510e-01 8.055842288656572814e-01
2.078711923532627903e-02 1.402327864152869419e-01 3.037808263515978657e-01 5.761943437330043771e-01 4.695283646878805617e-01 4.098788996758440106e-01 7.117315180055124868e-01 1.000000000000000000e+00 7.199358741739102507e-01 6.766047290284367133e-01 7.270702564838426030e-01 7.767726689200048495e-01 7.356318408132520581e-01 5.612909666617125204e-01 7.885887832196195601e-01 8.022867676007872095e-01 7.115991237857876017e-01 7.355784194003319731e-01 7.546324143621817582e-01 6.158006977726934172e-01 7.338785138555876664e-01 7.685902953161408702e-01 7.252685133128441430e-01 7.326928908666560103e-01 7.575690419919774987e-01 7.764723712255843235e-01 7.581537482553093454e-01 7.428366337202046976e-01 7.339874041256335691e-01 7.737357359620360420e-01 7.842004784353566738e-01 7.836968221200035778e-01 7.200223625180641740e-01 7.646945688352251302e-01 7.547248861554385346e-01 7.529673483215457708e-01 7.696023094753550176e-01 7.872669613928710008e-01 7.892478349225238166e-01 7.592549100449832444e-01 8.005531230435800616e-01 7.956140413367243092e-01 7.854623951697201623e-01 8.062729762285124613e-01 7.998579731467367893e-01 7.950108654242468154e-01 7.999308266261861977e-01 8.017793896934130027e-01 8.034427213838498671e-01 7.728676679561482521e-01 7.985583188454353776e-01 7.710336199073408725e-01 7.975826757280594093e-01 7.789340175086033602e-01 7.713196132932709226e-01 7.990342803656166337e-01 7.859363828350071079e-01 8.076911742299026642e-01 7.901196731372888138e-01 7.979081112996098124e-01 8.011123510414327464e-01 7.878466639105216052e-01 7.977216756055067748e-01 7.980267806523700935e-01 7.938013648204292894e-01 7.970339613753468777e-01 8.083081681293556864e-01 8.061757230933110918e-01 7.976907868041074323e-01 7.981637177390099591e-01 8.048419283223167131e-01 8.052874135158575308e-01 7.920862067609873991e-01 7.993054021978497348e-01 8.080762008000064167e-01 8.059488141175921161e-01 7.948593082429774581e-01 7.897867259519057992e-01 8.012425229031663321e-01 7.999330696777693372e-01 7.999272271030424264e-01 8.037161102639766019e-01 8.063944714026423100e-01 7.961643654199402897e-01 8.003736372095402452e-01 8.019659419867969374e-01 8.000240718937537965e-01 8.114221662787172162e-01 8.058117682417083039e-01 8.044937805306268119e-01 7.984374013075066223e-01 8.089160725003977648e-01 8.070888478861010240e-01 8.091559570855336725e-01 8.088379374625945806e-01 8.079650743517277078e-01 7.964406246627840913e-01 7.940085848251678957e-01 8.052935088904716876e-01 8.081198271264470323e-01 8.066103296693059033e-01 8.103551521000509350e-01 8.043824913621264727e-01 8.137809420666445304e-01 8.064115068337149861e-01 8.030188123372193898e-01 8.053791661304893212e-01 8.065801190783363772e-01 8.091897661065903247e-01 8.086623539173636299e-01 8.105712357043081129e-01 8.072870482462454200e-01 8.048705260823795227e-01 8.085655338933837033e-01 8.022964823748218732e-01 8.041768640478704766e-01
1.270196191390080553e-01 1.929741836707498659e-01 3.276738529708858039e-01 5.830050948851226433e-01 4.716611294898907514e-01 3.960339157492845930e-01 7.208880537266852961e-01 7.199358741739102507e-01 1.000000000000000000e+00 7.646407476674533799e-01 7.877237375329264601e-01 8.398886003477457063e-01 7.847763701581084161e-01 6.116500300940452828e-01 8.381911213435703223e-01 8.398623983835800111e-01 8.199603479580250820e-01 8.083671384462794984e-01 8.235715446972969866e-01 6.766075369727976296e-01 8.048745142541547937e-01 8.369744760261779160e-01 8.025943732525188112e-01 7.926840229196747689e-01 8.218631394409583457e-01 8.479846020921015803e-01 8.284545566454231125e-01 7.900608166713499747e-01 8.013860191902377750e-01 8.437848049039831100e-01 8.538057564662172583e-01 8.563407119229261566e-01 7.807858113454085869e-01 8.305942947574733726e-01 8.168903452819923361e-01 8.048986495652153961e-01 8.476102236060121253e-01 8.250674555134526189e-01 8.518740677716063470e-01 7.914928485936648661e-01 8.624094833948816596e-01 8.423572865114621333e-01 8.149437625026367815e-01 8.701830052300170149e-01 8.603609225881517775e-01 8.448059316907794436e-01 8.668014392795857503e-01 8.807888270107405715e-01 8.671355475235359433e-01 8.012277280418450554e-01 8.423827562815502379e-01 8.026385751411414526e-01 8.628902512301764860e-01 8.680783639696186826e-01 8.423277560000610453e-01 8.578764873932731572e-01 8.670833877382160271e-01 8.728439617572701925e-01 8.481825579066384346e-01 8.900134491318180130e-01 8.743304915068326189e-01 8.649940292022761934e-01 8.607965405182261831e-01 8.695565659127620917e-01 8.903906113165845904e-01 8.839881265217348627e-01 8.843076929175860412e-01 8.764947117147567912e-01 8.754562022875660432e-01 8.699594317449602654e-01 8.773424530845961300e-01 8.799281703358708961e-01 8.633415019996237838e-01 8.609355211135895081e-01 8.737217008329929424e-01 8.719495062098600036e-01 8.544072986301498585e-01 8.663065609483533436e-01 8.607288423209065176e-01 8.769343232355891748e-01 8.696826801496511106e-01 8.768092114204295573e-01 8.708017845540094726e-01 8.701232452768958847e-01 8.582317897531697160e-01 8.719255170959265833e-01 8.707508034303975686e-01 8.656002890309945075e-01 8.738694305869539880e-01 8.679514091060548386e-01 8.488401742620622636e-01 8.695304154264144048e-01 8.754858888531407146e-01 8.699165595242345228e-01 8.780458713821222005e-01 8.816516749940505049e-01 8.396321311213513772e-01 8.637636462959895622e-01 8.707357876980632572e-01 8.626963966938996364e-01 8.565401870123899863e-01 8.725618449103023089e-01 8.738006090606115217e-01 8.770287057323079560e-01 8.692470854331730834e-01 8.744542584538964602e-01 8.778758971403184397e-01 8.809888400802374786e-01 8.762235202610384466e-01 8.816175581683465268e-01 8.691223757234115554e-01 8.896014721440936857e-01 8.780534413114797765e-01 8.792885669012642236e-01 8.881453065591534690e-01 8.885398099402204153e-01
6.124131332420010981e-02 1.814258351947050651e-01 3.092788233845926715e-01 5.652298336539470780e-01 4.375277319755299654e-01 3.772903958495251175e-01 7.048239649165746190e-01 6.766047290284367133e-01 7.646407476674533799e-01 1.000000000000000000e+00 7.443364410044202018e-01 8.067943737786024139e-01 7.506513156576035684e-01 5.936948260616975448e-01 8.201308070283293006e-01 8.073728213208725135e-01 7.642471439921926235e-01 7.783421505908353355e-01 7.980460434202555353e-01 6.589854128101829689e-01 7.553947076147945472e-01 8.038792253984269331e-01 7.716000796104932613e-01 7.715064402066751370e-01 7.793714229191059939e-01 8.129704943050869437e-01 7.957334573784660137e-01 7.752366768342431325e-01 7.771347762674334358e-01 8.118101711151961553e-01 8.267259267098254760e-01 8.303668782260932302e-01 7.533552145623672036e-01 8.078897395260882242e-01 7.960967673882708429e-01 7.624404662659250986e-01 8.112512414296252361e-01 7.969761679377834751e-01 8.186565645170109651e-01 7.643305789760297397e-01 8.276320011444449065e-01 8.064607281597103716e-01 7.831664388547876499e-01 8.264705381658346006e-01 8.258586034354461480e-01 8.201330947215424994e-01 8.384688391866934598e-01 8.486829820135002311e-01 8.415192019855148864e-01 7.711817288039503060e-01 8.044170470876164103e-01 7.617188335016278344e-01 8.227752204648801637e-01 8.436133774389772411e-01 8.237385908048528993e-01 8.305111398601864314e-01 8.303488141735926309e-01 8.377529215995229706e-01 8.266727947134067112e-01 8.438529082432757455e-01 8.364017832565335819e-01 8.373886332061515336e-01 8.313319452130997211e-01 8.286866258641840677e-01 8.364940983649358230e-01 8.435876253091521004e-01 8.448263498538521876e-01 8.448857489705052792e-01 8.444852210869971953e-01 8.371174141755131082e-01 8.399424294531394608e-01 8.449721352182282263e-01 8.370203160690790067e-01 8.291296144026402137e-01 8.412320724663072680e-01 8.379142144550334459e-01 8.265146494016094580e-01 8.324385555491504718e-01 8.307708972562419802e-01 8.393832088397918945e-01 8.362388889386377366e-01 8.420481796466686708e-01 8.350896998937609172e-01 8.381592420766781348e-01 8.248774986472734438e-01 8.425983240689115528e-01 8.364391775564200548e-01 8.310523797947056979e-01 8.406483037104555134e-01 8.366044855405465608e-01 8.204136557239705141e-01 8.355085734979648127e-01 8.379076212950171687e-01 8.357907801708490680e-01 8.442530742958147538e-01 8.479223449840248561e-01 8.090982056292196356e-01 8.248617145535651618e-01 8.352468079301863524e-01 8.269722382618379664e-01 8.209734235372787570e-01 8.393737674114071234e-01 8.364882087648528586e-01 8.376034441103262784e-01 8.300846987435266389e-01 8.410794193733613922e-01 8.459907939941104793e-01 8.475445555361479366e-01 8.458328611845502554e-01 8.443800980287045066e-01 8.373812102496998033e-01 8.465405244343623403e-01 8.454163742892616407e-01 8.395147857336673347e-01 8.433392622056621324e-01 8.467832258776357701e-01
-2.514906033874502074e-03 1.480076849683392703e-01 3.173555662237105834e-01 5.934738796012257733e-01 4.599300578758702129e-01 3.961206190807127769e-01 7.480292853650207796e-01 7.270702564838426030e-01 7.877237375329264601e-01 7.443364410044202018e-01 1.000000000000000000e+00 8.517249800641245594e-01 7.768906899268481769e-01 6.195657801424493405e-01 8.531701228188902641e-01 8.455749307764982570e-01 7.805340689091462281e-01 8.115216058064226301e-01 8.320770073035035352e-01 6.672570124731831420e-01 7.993339778130726936e-01 8.419253139480024073e-01 8.244856509270765965e-01 8.152360534823113181e-01 8.409312040808294419e-01 8.626271122348708742e-01 8.481402469758382301e-01 8.331627304058499828e-01 8.333836404953743893e-01 8.666558780404488571e-01 8.851533643273081786e-01 8.695138558633731529e-01 8.204465004012665430e-01 8.468946767259841746e-01 8.432858342779111505e-01 8.216498486221474051e-01 8.700777550912561775e-01 8.585572207430306468e-01 8.708224483197209986e-01 8.385259401575722027e-01 8.818481586556647933e-01 8.724586859764325020e-01 8.492272953518572587e-01 8.829131366226000699e-01 8.781135015890111362e-01 8.742177612260824127e-01 8.837846117227693421e-01 8.856246755260381853e-01 8.853857259486286324e-01 8.425248559595847064e-01 8.653581956426031896e-01 8.367181546703053030e-01 8.773222225775988425e-01 8.687895212924993116e-01 8.627708852520177274e-01 8.804158707791364114e-01 8.711182466381729439e-01 8.803322554970530733e-01 8.696173407878629025e-01 8.741906420472964623e-01 8.820565984978564478e-01 8.711707281987556284e-01 8.777450780323634572e-01 8.733625224183116931e-01 8.700049501440104693e-01 8.779391647958699751e-01 8.843515629511821130e-01 8.895763465860364594e-01 8.852022530842503789e-01 8.789665897057139521e-01 8.887833688166553170e-01 8.900357843411226266e-01 8.793689120384904356e-01 8.837860982545854283e-01 8.931322573230192630e-01 8.893675809960468470e-01 8.832837610361279346e-01 8.859831224546678152e-01 8.839374762808483998e-01 8.890640471352795338e-01 8.887869814547624259e-01 8.929035892996888268e-01 8.836448868205957208e-01 8.888115605402898689e-01 8.823238309806457069e-01 8.879239779942825761e-01 8.907542261159836494e-01 8.874567656693228557e-01 8.914858893950632357e-01 8.859266754843880820e-01 8.862477074435641811e-01 8.900158497323721329e-01 8.915081327184610771e-01 8.908082706942822560e-01 8.897385183326248503e-01 8.912450316425717389e-01 8.738703111653342015e-01 8.748937720270214546e-01 8.856398183834423010e-01 8.858136129341283027e-01 8.812661102444958594e-01 8.886568449002523185e-01 8.865416437882898126e-01 8.894379327434535076e-01 8.836943820297382679e-01 8.832648885539465811e-01 8.893019934980247454e-01 8.893575945872038702e-01 8.914978930283059544e-01 8.875151578345410464e-01 8.862428095888954527e-01 8.863077318535906857e-01 8.853485289906969369e-01 8.850124067710672948e-01 8.838175058674841988e-01 8.845671640538688152e-01
2.230198293785193991e-02 1.574362686163339464e-01 3.600750159748415946e-01 6.273697375027964540e-01 4.986580844902349652e-01 4.370364056222085791e-01 7.875178825338257083e-01 7.767726689200048495e-01 8.398886003477457063e-01 8.067943737786024139e-01 8.517249800641245594e-01 1.000000000000000000e+00 8.386242073963778854e-01 6.590155898873889528e-01 9.121498586129271890e-01 9.027914786052373408e-01 8.383155572140037481e-01 8.625266852135796691e-01 8.875815315446859977e-01 7.159307094745842592e-01 8.557373128857942435e-01 8.949465548419197614e-01 8.646383286194746498e-01 8.587117725338359042e-01 8.849252358995566281e-01 9.056761302000762015e-01 8.921426799718495948e-01 8.819474822640565037e-01 8.769174141136555356e-01 9.093490357783214906e-01 9.277105062374761957e-01 9.205383883414663959e-01 8.557563113084490913e-01 8.962143944729061840e-01 8.911913870310635977e-01 8.756079652797154056e-01 9.154131181103351000e-01 9.075595257866130305e-01 9.251913550819654830e-01 8.825245164793943387e-01 9.323777271170075043e-01 9.229750164322003680e-01 9.010481179062286294e-01 9.375012185991046243e-01 9.307856505059298735e-01 9.273449296773983441e-01 9.367687859653019977e-01 9.415504791521857042e-01 9.397787692996841802e-01 8.827761546406428517e-01 9.161791109783924414e-01 8.843049966888475444e-01 9.279718398446391570e-01 9.249669629067243104e-01 9.124555405322473112e-01 9.323555698397284486e-01 9.216560295694798954e-01 9.366826702678250349e-01 9.211518345139199093e-01 9.331245639940251024e-01 9.343419626030682323e-01 9.243186618684585687e-01 9.287487227970924186e-01 9.279587694532323017e-01 9.316786036881915534e-01 9.327270259043707323e-01 9.433957354357821457e-01 9.437290785787576519e-01 9.379455015924436090e-01 9.328874915614567831e-01 9.398269902133848941e-01 9.435788955105934850e-01 9.298047859218288025e-01 9.331863870370464831e-01 9.437979921141812500e-01 9.416611685008545729e-01 9.352391557974666370e-01 9.359942261837403965e-01 9.346384788665359489e-01 9.393223668440805474e-01 9.388013980732802244e-01 9.427472909527950806e-01 9.391101513595327965e-01 9.373210416129996725e-01 9.306491749008274361e-01 9.401015599200658324e-01 9.427610184317816167e-01 9.396815658274187966e-01 9.449412620436062893e-01 9.392636497653671368e-01 9.339995334362486412e-01 9.439517363993147336e-01 9.439693840104363964e-01 9.433849919178758370e-01 9.436649096909212053e-01 9.455973621986538680e-01 9.193331922657758115e-01 9.232579415271564560e-01 9.368179101554550137e-01 9.338858173085317071e-01 9.334259765539532072e-01 9.388025448856681665e-01 9.392388300191698569e-01 9.420990895250271890e-01 9.374233479491569376e-01 9.352392371568786222e-01 9.403357199204747108e-01 9.448438614936934821e-01 9.435246934019166920e-01 9.436382338584060614e-01 9.365193039779258211e-01 9.423288271273054795e-01 9.385826993005369490e-01 9.387473862550860249e-01 9.419247967354097417e-01 9.397184504849970255e-01
1.323055630352941436e-02 1.590501109904158827e-01 3.245592692644980182e-01 5.833846015604832180e-01 4.996850029075034505e-01 3.842222211736912585e-01 7.312303944125042587e-01 7.356318408132520581e-01 7.847763701581084161e-01 7.506513156576035684e-01 7.768906899268481769e-01 8.386242073963778854e-01 1.000000000000000000e+00 6.055296292255822888e-01 8.427986382880665595e-01 8.487606788063730701e-01 7.704094184483646357e-01 8.056922438413747223e-01 8.160859483183806606e-01 6.421390475572567036e-01 7.999626836632751647e-01 8.305717804023894368e-01 7.963376910204241765e-01 7.945132221641788561e-01 8.153977431010838162e-01 8.348551826649700525e-01 8.209079801784974206e-01 8.028752326486341406e-01 7.930169965881538330e-01 8.384706491742943690e-01 8.484557124171452358e-01 8.473400899444689660e-01 7.854744179181021302e-01 8.228562915963127944e-01 8.190296393537288555e-01 7.972312049053167371e-01 8.398119902858902641e-01 8.310590153615008413e-01 8.484369592950818939e-01 8.021569779823057855e-01 8.585332617897651897e-01 8.469383042684400786e-01 8.220375190377696706e-01 8.639913420902751717e-01 8.565024665513308877e-01 8.494917127034697923e-01 8.636518618411332948e-01 8.683220429301435894e-01 8.666550727402669851e-01 8.120560294662226841e-01 8.404984383770545131e-01 8.161766430404531203e-01 8.597513330669251941e-01 8.557902428427242025e-01 8.420855956834719658e-01 8.608529934126556427e-01 8.505271521161846815e-01 8.669918711838596748e-01 8.485316696167791717e-01 8.674000425200627529e-01 8.643736053558473964e-01 8.541194137768047812e-01 8.543113975933960269e-01 8.558132200867275552e-01 8.610191194203038467e-01 8.633349178062913465e-01 8.716174672758566500e-01 8.712101660731852437e-01 8.622716316575997908e-01 8.575433628157537180e-01 8.719459154067691342e-01 8.720989645008274671e-01 8.583079566457012533e-01 8.604625093472098030e-01 8.695178548822483089e-01 8.688173805800532001e-01 8.548548207528958720e-01 8.554074526119260780e-01 8.604725611441217392e-01 8.668251583286320505e-01 8.645094935043652340e-01 8.696240535690373807e-01 8.635044410266977666e-01 8.610227477984869759e-01 8.580605796860817369e-01 8.654791989129791974e-01 8.659143401130307005e-01 8.626473557238565348e-01 8.686683481556338737e-01 8.629223520747627552e-01 8.541473554214220609e-01 8.682578872322245234e-01 8.685905634192839786e-01 8.675560864383492499e-01 8.728070101035894091e-01 8.737940170672044982e-01 8.481362031775648846e-01 8.564667898402834600e-01 8.674823272795082474e-01 8.631470633953101101e-01 8.578135225633434224e-01 8.677546421225501572e-01 8.703471587621662842e-01 8.729175444775109094e-01 8.666574263236661579e-01 8.622439773662864404e-01 8.702407965382271682e-01 8.726269219982107916e-01 8.718174758571485272e-01 8.725883368718309052e-01 8.648357246118900665e-01 8.738141162014861907e-01 8.657448152554635401e-01 8.683961502023455070e-01 8.714352237622240427e-01 8.716023922164238824e-01
