1.000000000000000000e+00 1.202258048407753438e-01 7.023510278118325068e-02 6.463860661403084129e-02 2.347174936051323046e-02 -4.201433268383377231e-03 1.859536000061718861e-02 2.599469437533439772e-02 1.344122718961275886e-01 5.920115313883818342e-02 2.300979583628932901e-02 3.049999474853605161e-02 4.389627179093286147e-02 4.650843478754244573e-03 2.218465639876713788e-02 3.317764991792238743e-02 8.697790348032767571e-02 -1.899786784336886941e-02 -3.180999719457588970e-02 -7.484695814965321159e-02 -1.243081045868496548e-02 -1.055827684466605597e-02 1.172253118671882574e-02 -5.801574798843593672e-02 -7.576529074527486862e-02 9.524646279288388750e-03 2.284940914023013067e-02 -6.897681287482408663e-03 4.907720880189783697e-02 6.487316648936326813e-02 4.553996001270081695e-02 1.086723180727943621e-03 9.265968797280834529e-03 -3.531428704798911244e-02 4.364669583895970650e-02 -3.421886718372421643e-02 1.698841341799327970e-03 -3.200458402092350857e-02 -1.064377309035165892e-02 -9.103460920403666501e-02 2.062968936661076919e-03 -2.740581306484981064e-02 -6.389610529611158829e-02 -9.585259028850384375e-03 -9.454316683337377070e-03 -3.337782562919493212e-03 1.435339475860074668e-02 1.578273417846464896e-02 1.963401964501530067e-02 -9.996720954137226431e-03 -1.725849272247841071e-02 5.871285567099972930e-02 3.028581085030342818e-02 4.937914144053508203e-02 1.988273408647100310e-02 1.228691167447398813e-02 8.322497086473948369e-02 7.282383158198926093e-03 4.759337156955867343e-03 5.542312911934724889e-02 3.479968069903318761e-03 3.440868744341857299e-02 2.508195581986926229e-02 3.555979791099690701e-02 6.298973742988626945e-02 6.749769350665529855e-02 1.773449379021147312e-02 2.746954707586214683e-03 1.298489000972141358e-02 -5.011147674240499020e-03 -1.538079654186300799e-02 -7.861926553123692665e-03 -9.932725123434866382e-03 -2.950406283570132862e-02 5.927086420158527574e-03 8.830789002229066237e-03 2.767994079873358111e-03 2.114745661866603357e-02 2.990140111686837151e-04 2.922727168394938582e-02 1.159584035287414966e-02 1.622813432289912580e-02 1.314194792453508842e-02 2.118084656111022049e-02 -1.449267013352575906e-02 -1.707534158281550155e-02 -9.468295103422607120e-03 -1.554114724068055529e-02 -8.788319962373534328e-03 -1.361049428045099999e-02 -2.706623895949211364e-02 -1.089423179016450229e-02 -7.661792107780976586e-03 -1.016247954299385504e-02 7.218193708887422205e-03 5.536583540132661123e-03 -3.074787052266957782e-02 4.800344005703079120e-02 -4.878429252647432587e-03 -1.009657143716812498e-02 -3.883309943233070188e-02 1.319316243697494714e-02 2.244422043108953296e-02 -4.052537826540842866e-03 2.037071030597395818e-02 3.832479731963857328e-02 9.960544968262690507e-03 3.354579087335323329e-03 1.403139176262933364e-02 9.975932966573439198e-03 -3.626281018731709188e-03 1.867097200712580785e-02 1.599194335274501527e-02 1.627924002457553643e-02 3.900666271444957339e-02 3.982716250675771841e-02
1.202258048407753438e-01 1.000000000000000000e+00 8.612380996350219031e-02 1.239549551237337649e-01 8.788974586275254131e-02 9.116342433129326350e-02 1.481804245931810093e-01 1.272509128448321980e-01 1.881012167290510573e-01 1.788910055627437323e-01 1.581587452119694037e-01 1.603564439925804497e-01 1.442665077216690739e-01 1.360058897411300372e-01 1.687385105603951552e-01 1.574743183916495759e-01 1.770966209873778008e-01 1.754035045667442227e-01 1.729490667822345396e-01 1.587555362661486891e-01 1.620748590171609271e-01 1.675706482374270112e-01 2.002497378443648945e-01 1.650983875087360941e-01 1.390164675162577357e-01 1.553084017179517384e-01 1.671211206928241710e-01 1.633546285187678637e-01 1.866627285512915124e-01 2.005163443621742481e-01 1.863751507880453406e-01 1.795902460046169269e-01 1.772270324271343067e-01 1.616793663722970731e-01 1.888546592383761602e-01 1.418958599041067470e-01 1.738720393961793453e-01 1.413287054152245481e-01 1.617579328055366861e-01 1.261252082180871203e-01 1.563926184059461488e-01 1.446078910158108410e-01 1.363640016660417065e-01 1.512167267776403090e-01 1.615618042906850904e-01 1.490988551284998798e-01 1.603070553077275140e-01 1.712167695700811398e-01 1.663322527022839392e-01 1.491325942376279245e-01 1.485615423324221085e-01 1.750443546751662416e-01 1.609582143416397326e-01 1.778481433091199382e-01 1.713244617594384123e-01 1.706667279335152554e-01 1.886345101167480331e-01 1.506936885679064919e-01 1.606303593375827121e-01 1.752976272685953241e-01 1.576270411602693211e-01 1.736502977941881687e-01 1.640925035479334770e-01 1.686062474379757536e-01 1.803598126873774132e-01 1.836535208175394396e-01 1.637535429929203590e-01 1.665132656281546331e-01 1.749261015273713415e-01 1.673754441306357366e-01 1.583816162480816969e-01 1.619724347175654222e-01 1.642109895663734498e-01 1.599504317694362965e-01 1.607427088046333719e-01 1.615202833151667128e-01 1.649408834826290859e-01 1.681782168687429302e-01 1.647783990973643309e-01 1.764896816943144764e-01 1.693568044342843582e-01 1.638478840603573294e-01 1.648207806050940860e-01 1.796278794017772407e-01 1.519004635049748808e-01 1.599348022959440896e-01 1.608605648987475323e-01 1.503639501639436327e-01 1.557623826858429150e-01 1.586100180151208683e-01 1.565110069834693973e-01 1.517093000739578035e-01 1.549011411321277454e-01 1.554172715999350696e-01 1.601805407374407575e-01 1.577964376268406743e-01 1.373378773287158017e-01 1.652000192990180916e-01 1.533120289550566617e-01 1.531816126415972701e-01 1.445360705203570795e-01 1.602430657882230880e-01 1.584602471928195644e-01 1.499689670760951388e-01 1.605162397647456329e-01 1.696276176784364820e-01 1.570037634577353403e-01 1.588899841170666738e-01 1.658952923362953247e-01 1.590699827260049493e-01 1.534454240513856982e-01 1.606544841100062404e-01 1.623735404094901191e-01 1.623628203671677317e-01 1.679290016067886693e-01 1.677083181704964177e-01
7.023510278118325068e-02 8.612380996350219031e-02 1.000000000000000000e+00 3.242993082798542037e-01 2.261691438476758631e-01 2.152863312887874914e-01 3.318428225078755567e-01 3.200349007846523541e-01 3.380029291284436521e-01 3.104372127258648861e-01 3.677267052041036099e-01 3.908706703246350167e-01 3.416066429657105830e-01 2.932193588885836366e-01 3.856597347012443722e-01 3.797532503959350492e-01 3.658456362290635755e-01 3.757984731796160105e-01 3.644327823127723187e-01 3.408645415341880480e-01 3.712288412324343811e-01 3.770408288926375695e-01 3.902875953411185095e-01 3.651340243894141691e-01 3.589003293055083033e-01 3.912923926758773430e-01 3.723027106019006216e-01 3.894150435951962419e-01 3.781711606600934306e-01 3.854319842834069698e-01 3.839394907245751165e-01 4.070416333578790180e-01 3.950929202840401389e-01 3.938640335656831137e-01 3.973250261449720599e-01 3.886306450568264848e-01 3.848888207786229088e-01 3.843793468500287802e-01 3.879691684554397169e-01 3.845536824408694598e-01 3.811698159098693695e-01 3.813497373525110978e-01 3.838818448688039453e-01 3.894091251928089581e-01 3.875748487693470024e-01 3.834270530789821163e-01 3.804084690845932482e-01 3.833150493678691428e-01 3.825452855456584200e-01 3.797360955141752537e-01 3.810674001576693781e-01 3.971009658984810953e-01 3.835031848101356222e-01 3.861849523379760618e-01 3.917198689359170372e-01 3.900874603586667044e-01 3.938749809561135073e-01 3.807889504602944841e-01 3.788349365156094550e-01 3.822632708697863979e-01 3.873811838547788766e-01 3.812730748760320698e-01 3.821460000258432022e-01 3.879960732822784197e-01 3.935637672227632611e-01 3.890829218897144948e-01 3.851343857534730852e-01 3.919150921994820624e-01 3.949577881365469167e-01 3.929322443389409725e-01 3.900003476486541554e-01 3.887748128739044184e-01 3.944844634475305756e-01 3.888370664792270004e-01 3.843656344858583096e-01 3.838267853332557600e-01 3.832179886397705237e-01 3.829753371250202432e-01 3.800289730152447421e-01 3.810002191251328774e-01 3.806883487512185971e-01 3.883701794197156887e-01 3.928997878068299365e-01 3.813504412329349336e-01 3.858326891358941357e-01 3.907574562111357230e-01 3.855179477283915412e-01 3.802463583956616766e-01 3.835936879408125555e-01 3.863594111106207207e-01 3.856042634256342527e-01 3.814276487741657395e-01 3.816105519853482120e-01 3.805419722111588743e-01 3.811857250076200465e-01 3.805942526480361465e-01 3.788231867537167341e-01 3.849468813677049406e-01 3.800857289871579781e-01 3.802094521084708467e-01 3.802887216597286568e-01 3.837866313871571844e-01 3.868821455634940398e-01 3.805493426122726897e-01 3.895458986285348368e-01 3.870982765973853823e-01 3.785159639857926805e-01 3.827187502843730216e-01 3.853327675875566904e-01 3.774655404480116716e-01 3.798986159267161433e-01 3.800154990088145945e-01 3.798299738962234162e-01 3.838756572763782349e-01 3.866233430578435160e-01 3.833172921356293728e-01
6.463860661403084129e-02 1.239549551237337649e-01 3.242993082798542037e-01 1.000000000000000000e+00 3.219577640132614826e-01 3.649976679250480083e-01 5.793238295263754001e-01 5.489391964691985315e-01 5.295673520517664157e-01 5.092145747339413830e-01 5.836282101583041282e-01 6.225587340374387768e-01 5.418048430022822659e-01 4.894817349160868192e-01 6.140266193173380405e-01 6.171007944038733317e-01 5.440374321295651239e-01 5.880585194209962951e-01 5.872119763031864448e-01 5.341566851166406060e-01 6.011544047420971371e-01 6.093045822176522686e-01 6.029110501710666092e-01 5.603316815406796936e-01 5.578859614570041980e-01 6.136428801594384641e-01 5.988597016250835070e-01 6.055714073428167810e-01 6.041477286644882927e-01 6.045785693547907069e-01 5.983047178385333398e-01 6.351999229925885393e-01 6.178758695687535107e-01 6.245951596977412645e-01 6.089016502662067953e-01 6.122715194078824918e-01 6.065267034816452796e-01 6.072499291858931558e-01 6.243373206117911467e-01 5.952506736389483466e-01 6.078281498872418753e-01 6.102330163536422436e-01 5.993240668897720225e-01 6.177083803884911850e-01 6.184451393174437150e-01 6.086590568502652232e-01 5.989504994082089917e-01 6.000421543581350159e-01 6.018741861763955425e-01 6.092078045742119752e-01 6.088390070105812457e-01 6.085765317436581112e-01 6.051324587414824707e-01 6.021204392253143300e-01 6.053684385700121018e-01 6.249096177314779066e-01 6.052514527483601192e-01 5.998199184182478882e-01 6.041989828186919986e-01 5.991882026595718447e-01 6.057267598649106466e-01 5.932721941212741879e-01 5.983035183092522136e-01 6.041937448684807643e-01 6.063709598206405982e-01 6.044992559670304688e-01 6.044478485349876751e-01 6.166107777735433393e-01 6.164037312320775897e-01 6.146244387580415136e-01 6.197926593192760736e-01 6.133974865683129440e-01 6.117068298434603646e-01 6.112067682989754669e-01 6.073764059376622892e-01 6.039005502973763262e-01 6.064849488710382097e-01 6.063553342970186000e-01 6.044678629325767050e-01 6.004814443313339911e-01 6.073473337429037278e-01 6.013568695353910254e-01 6.192257777668357388e-01 6.080299323256401767e-01 6.178713693006655516e-01 6.140273023640142602e-01 6.104627908128323899e-01 6.106892388032387764e-01 6.066618104597600869e-01 6.142740397630688243e-01 6.143673654289043551e-01 6.060612146785208099e-01 6.052804672371389083e-01 6.052323798773027175e-01 5.999187533828209684e-01 5.984838607925920817e-01 6.092527082337131361e-01 6.147004081114630925e-01 6.066438483672070836e-01 6.079849316697597539e-01 6.033510374140657051e-01 6.129259880862264476e-01 6.019034284449876759e-01 6.052118606103843446e-01 6.169829455294862930e-01 6.113819232838733075e-01 6.048610145145036920e-01 6.056409646354965481e-01 6.076877464687596708e-01 6.017580764716041752e-01 6.067132475432848171e-01 5.982370964183717499e-01 6.008915580758645847e-01 6.057841325245757469e-01 6.039952311064875623e-01 5.988048938924127595e-01
2.347174936051323046e-02 8.788974586275254131e-02 2.261691438476758631e-01 3.219577640132614826e-01 1.000000000000000000e+00 2.751755086536115114e-01 4.476949560934999628e-01 4.609180377226702596e-01 4.475984997609456228e-01 3.955894585148739817e-01 4.541737684533918573e-01 4.769460303688043967e-01 4.553224537806691563e-01 3.980699892791331740e-01 4.929104449667818799e-01 4.892933995821971416e-01 4.316419708277920431e-01 4.196303913758360205e-01 4.295147604710472522e-01 3.893308614909675724e-01 3.952713808456308486e-01 4.215999635604857909e-01 4.429985907577277948e-01 3.941659959013837922e-01 4.085955595561358011e-01 4.840403697166582586e-01 4.596160812469815560e-01 4.738758189161436651e-01 4.643580252619126658e-01 4.722279355720143679e-01 4.769354474917915643e-01 4.714760783084987472e-01 4.616263129750816097e-01 4.558513364013865865e-01 4.620640860664553262e-01 4.480246732031065160e-01 4.663659394403086855e-01 4.792031854268073987e-01 4.843729200673219659e-01 4.493454984240045080e-01 4.829237865164078269e-01 4.778105302879215310e-01 4.801352150467343427e-01 4.890349317092418380e-01 4.726263028302948310e-01 4.834692276410510470e-01 4.863374836449508298e-01 4.841089421973266971e-01 4.880635790270874685e-01 4.795615668264566755e-01 4.779394534453798027e-01 4.730930440720205743e-01 4.776426152217105869e-01 4.844926161051631985e-01 4.827863398139274898e-01 4.734659496576105742e-01 4.712185378593919949e-01 4.814727171149781326e-01 4.773561999944079259e-01 4.909370485823674191e-01 4.904032809659296666e-01 4.775496670775022934e-01 4.703877516356035904e-01 4.868514679163332137e-01 4.858587756160707150e-01 4.822964753422162576e-01 4.887085032990244882e-01 4.878291939642431241e-01 4.879231916688458459e-01 4.858743642569164356e-01 4.815659067109789859e-01 4.854305445610935799e-01 4.753917762687141502e-01 4.768431961748690884e-01 4.901157857345616597e-01 4.872906946588266841e-01 4.897119603132829013e-01 4.896079706573062684e-01 4.840962134548412732e-01 4.822425190251335980e-01 4.855741059550346961e-01 4.886905090828113640e-01 4.835142530510807002e-01 4.822984263442137154e-01 4.905940074210480284e-01 4.868015747955781736e-01 4.820023528180683026e-01 4.937397060328831411e-01 4.879284082566782144e-01 4.875778621142657365e-01 4.840038724710184481e-01 4.931210974065307062e-01 4.887164656896213488e-01 4.910524057828475897e-01 4.894450060648984913e-01 4.891731104383927886e-01 4.981742786857600302e-01 4.840972805914368626e-01 4.959248840996002272e-01 4.954085278073340204e-01 4.909382700256791354e-01 4.875411120108653074e-01 4.900473104438365368e-01 4.977028260062651976e-01 4.898771406643905868e-01 4.818651870753510313e-01 4.942523163619328419e-01 4.905138775257512074e-01 4.924359957931714882e-01 4.910110383697330327e-01 4.830930367467737296e-01 4.916608041596425838e-01 4.863595055047840732e-01 4.878641098302970991e-01 4.860444138770073086e-01 4.874361017477494840e-01
-4.201433268383377231e-03 9.116342433129326350e-02 2.152863312887874914e-01 3.649976679250480083e-01 2.751755086536115114e-01 1.000000000000000000e+00 4.882107447483088336e-01 4.439389211094396104e-01 4.796507456278066295e-01 4.542847196508711383e-01 5.141859182033164943e-01 5.398781988243207541e-01 4.826262664389339707e-01 4.542329434158214885e-01 5.486643837117910483e-01 5.367629928997864619e-01 4.969081921003613567e-01 4.809883671002896377e-01 5.029986521606980565e-01 4.224766334363679876e-01 4.693674312100348800e-01 5.085523500896802496e-01 5.077542909251773207e-01 4.609705210073681836e-01 4.877827027817116523e-01 5.404532607516042697e-01 5.363700564200242216e-01 5.521069715696805824e-01 5.357066184456437119e-01 5.439180136245231889e-01 5.511115096911352040e-01 5.463536730537031927e-01 5.340484481781981874e-01 5.398268626668646375e-01 5.370480346515972281e-01 5.374468336248897637e-01 5.536201983299116058e-01 5.522730585932476011e-01 5.668678933919117924e-01 5.354149807880965728e-01 5.571774074489045381e-01 5.637807209854699408e-01 5.508699444087896691e-01 5.590079577724188509e-01 5.575740977157326306e-01 5.573513162445264957e-01 5.581637943868624774e-01 5.637891423989819240e-01 5.603458176647039268e-01 5.453720328666652462e-01 5.553055803182241901e-01 5.435286806105305013e-01 5.573376287254461214e-01 5.598277614404130187e-01 5.604021953909390508e-01 5.579457972642615227e-01 5.506669498182122924e-01 5.678381150800937416e-01 5.638075110919051891e-01 5.578159234636009822e-01 5.624274035181718867e-01 5.606566042431917474e-01 5.609943959146357351e-01 5.604052167081989833e-01 5.578512791630043655e-01 5.577891611322406407e-01 5.636976937678326305e-01 5.659918527747679340e-01 5.634319025932764680e-01 5.574971011287876976e-01 5.644483941978235553e-01 5.660582986558051477e-01 5.581052825305855558e-01 5.604390228441040733e-01 5.636434235205951548e-01 5.631486094816887666e-01 5.661494619011033791e-01 5.651957066573172206e-01 5.632567470276528265e-01 5.634094609132976883e-01 5.634942235228902474e-01 5.666664224928519289e-01 5.647175624037407138e-01 5.640095281942640870e-01 5.643065328232973465e-01 5.665112970717408603e-01 5.675226932979031691e-01 5.697944091477324946e-01 5.670493639136298114e-01 5.681156918551318880e-01 5.632542626829893928e-01 5.695974540362929162e-01 5.660848288635290659e-01 5.677942502961267346e-01 5.676346027822060103e-01 5.663921293617190100e-01 5.637057577021602484e-01 5.536898716007213617e-01 5.673621848103687082e-01 5.660373663854099124e-01 5.669236427997677019e-01 5.653639708652299367e-01 5.629327937655692615e-01 5.677490360071797415e-01 5.648949108841713196e-01 5.631111532279533538e-01 5.652953543766531253e-01 5.673795698210168936e-01 5.656077631084696078e-01 5.630026907166415517e-01 5.684923993267988473e-01 5.653648240805637659e-01 5.653990218728903727e-01 5.654663315823298397e-01 5.641790809902635928e-01 5.625786225592454004e-01
1.859536000061718861e-02 1.481804245931810093e-01 3.318428225078755567e-01 5.793238295263754001e-01 4.476949560934999628e-01 4.882107447483088336e-01 1.000000000000000000e+00 7.100598280990392253e-01 6.975302804892233866e-01 6.686182811013220428e-01 7.713500219488447218e-01 7.894521781764771706e-01 7.325727342904948536e-01 6.503935359228999458e-01 8.298037774438753456e-01 8.074950388218494757e-01 7.205091248645884017e-01 7.353101080416314383e-01 7.581597748460383590e-01 6.470209730100692225e-01 7.313943632357879920e-01 7.690426390010081104e-01 7.664855492998879916e-01 7.186490879706957102e-01 7.346238250726886410e-01 8.052112041294348099e-01 7.911733522621874348e-01 8.034467109691549869e-01 8.031132310816507802e-01 8.132707655485709175e-01 8.128025290255735946e-01 8.115328860336156191e-01 7.958264806915730238e-01 8.048393449143446121e-01 7.922672491857095656e-01 7.845897848192419088e-01 8.097515906743378844e-01 8.085981839936695614e-01 8.228247943252136043e-01 7.801808859702785703e-01 8.106461334527154117e-01 8.153137328411852458e-01 7.970821298934718246e-01 8.192532689266408541e-01 8.179239958816771905e-01 8.181064020146975313e-01 8.086214653610118708e-01 8.078793444871397167e-01 8.092159151931593852e-01 7.950483396530015900e-01 8.101940156257934067e-01 7.791216490352063095e-01 7.944402823348134524e-01 8.041294207892025758e-01 8.029738885915601587e-01 8.061379724673681801e-01 7.867295723187235357e-01 8.029782923485605517e-01 8.128419489234354200e-01 8.036158303580372975e-01 8.065064233131833404e-01 7.999316304938328681e-01 7.933053018564976133e-01 8.030283296966110873e-01 8.044505699344121075e-01 7.950984110101498858e-01 8.109902876298992203e-01 8.218891140070311296e-01 8.212948497521324054e-01 8.135827589114892344e-01 8.230552509083132184e-01 8.225271435135188547e-01 8.131054554315984007e-01 8.162249929047992181e-01 8.184535230177938381e-01 8.123955633647222951e-01 8.178656580686429756e-01 8.151831245831573369e-01 8.206129714671072106e-01 8.156047243866429985e-01 8.166130271180297440e-01 8.143096773161641044e-01 8.184355369112861212e-01 8.145472919988927529e-01 8.172543979353477095e-01 8.201114222684319222e-01 8.183958436515140766e-01 8.211232549767131239e-01 8.168279864575688221e-01 8.193365815612081438e-01 8.204809802499668514e-01 8.172065407348748645e-01 8.151345293637384248e-01 8.195803896245147380e-01 8.104054809487569733e-01 8.114642502328620610e-01 8.070795125013572324e-01 8.010784980373399922e-01 8.148668450108458305e-01 8.175950283381246964e-01 8.131154742525350532e-01 8.099115704180360753e-01 8.058866640709341223e-01 8.134590497360426609e-01 8.117581763625419944e-01 8.037477579725009758e-01 8.114022628762591616e-01 8.139764917141112388e-01 8.127590314351311740e-01 8.100196678419178120e-01 8.123132903319441045e-01 8.079836012031192949e-01 8.076549326038630072e-01 8.114548190689246931e-01 8.083606280007775702e-01 8.021471250809292242e-01
2.599469437533439772e-02 1.272509128448321980e-01 3.200349007846523541e-01 5.489391964691985315e-01 4.609180377226702596e-01 4.439389211094396104e-01 7.100598280990392253e-01 1.000000000000000000e+00 6.911997855522796774e-01 6.584507164763645504e-01 7.456780915290679435e-01 7.705526975528075306e-01 7.109539791686299015e-01 6.343923460660180202e-01 7.823594743165065424e-01 7.884768101648018668e-01 6.955092246630149022e-01 6.849880319663782524e-01 7.022531964128972959e-01 6.162937176711834608e-01 6.563937086234443719e-01 7.103557571042266039e-01 7.207970168995384563e-01 6.541389298653027540e-01 6.630340921230606366e-01 7.754665743426315538e-01 7.528165567375415534e-01 7.619798533997195200e-01 7.669843322485435655e-01 7.637010011475103832e-01 7.751541557644651137e-01 7.778612415584860162e-01 7.587912638122494835e-01 7.644508710457593725e-01 7.605828093745686802e-01 7.400979437586292509e-01 7.659641491400420721e-01 7.824480781780642769e-01 7.885209254170810755e-01 7.361480350269692385e-01 7.858058157490165341e-01 7.878428602088893840e-01 7.594686591455451774e-01 7.929941757089886689e-01 7.818548345271280064e-01 7.892927118211958692e-01 7.837647997708053760e-01 7.853326140594684146e-01 7.868325701546997619e-01 7.781787413949033949e-01 7.877464571093409917e-01 7.569851499688037277e-01 7.749502778687215043e-01 7.836888184039215721e-01 7.771235586336967538e-01 7.789064379556364104e-01 7.708708318444320584e-01 7.856273912489355471e-01 7.890079116761693490e-01 7.850102335459996361e-01 7.860022576744739586e-01 7.778608919513839703e-01 7.746676306477491281e-01 7.845557959029333395e-01 7.829594913114971133e-01 7.776817638968882562e-01 7.868081906930358693e-01 7.895776007609242031e-01 7.912108124734450465e-01 7.893861828303894157e-01 7.853544379412017440e-01 7.871740225321323114e-01 7.831584816919674452e-01 7.755651151194610238e-01 7.918557710013975903e-01 7.829870412506888533e-01 7.893219622216317566e-01 7.894863248712502557e-01 7.839586073354988249e-01 7.824663262779465445e-01 7.859500009502859985e-01 7.877371450548865672e-01 7.894557533690808038e-01 7.875944104045102812e-01 7.960301555635638238e-01 7.885543059340309746e-01 7.829427691868697803e-01 7.964091668197813556e-01 7.900534759076855984e-01 7.903445474839848606e-01 7.851719415496818399e-01 7.912184411148601715e-01 7.882804289336645676e-01 7.921645489747449753e-01 7.900453861092819885e-01 7.875641951850388400e-01 7.904899696963151312e-01 7.863609483477180806e-01 7.929306364906092419e-01 7.954298742650198761e-01 7.853570082362855143e-01 7.918740196407353382e-01 7.871515815094948243e-01 7.934801285871642129e-01 7.885938845418989374e-01 7.843597281768446283e-01 7.923304024471075069e-01 7.897134157043381730e-01 7.909530293476673135e-01 7.911099378314205843e-01 7.903730448886040483e-01 7.882491643158884287e-01 7.878760051769829742e-01 7.891769044236465191e-01 7.857607895486155014e-01 7.849725154504715308e-01
1.344122718961275886e-01 1.881012167290510573e-01 3.380029291284436521e-01 5.295673520517664157e-01 4.475984997609456228e-01 4.796507456278066295e-01 6.975302804892233866e-01 6.911997855522796774e-01 1.000000000000000000e+00 7.377588156458433355e-01 7.901411746897123445e-01 8.248897604812917006e-01 7.572093973433117187e-01 6.960990398903961207e-01 8.310048903496667361e-01 8.250583699016132977e-01 7.847953870631734219e-01 7.041803310235198454e-01 7.303796836188338748e-01 6.205037514443003666e-01 6.709784686960310607e-01 7.283542599616007474e-01 7.525094551067305071e-01 6.445269123664028044e-01 6.684307817300328969e-01 8.153194359322374352e-01 8.112448110879179053e-01 8.223517240737683309e-01 8.248882208716082909e-01 8.412373224736413579e-01 8.529524560354918572e-01 8.164503434023503425e-01 8.082592122205721763e-01 7.846940672900306613e-01 8.293177546602741312e-01 7.701054436837745376e-01 8.359118530026786731e-01 8.122831416443703212e-01 8.312073062704664617e-01 7.550396473835663258e-01 8.444347297469222413e-01 8.329834709700060236e-01 7.952703029598721107e-01 8.441686259791099101e-01 8.320397399950317796e-01 8.407417142940918353e-01 8.635584529172903867e-01 8.627763358463086396e-01 8.633954551743188155e-01 8.148607381450058140e-01 8.343022357343117257e-01 8.453738750687468384e-01 8.555662755238105932e-01 8.720670547789222127e-01 8.567073482437086440e-01 8.459581355654892665e-01 8.723289651397675426e-01 8.541317047329872736e-01 8.558522942119477506e-01 8.780970638607243917e-01 8.573946081158646537e-01 8.694318668037023246e-01 8.531898503234282005e-01 8.684899435099500131e-01 8.761236366315545698e-01 8.763158678545480695e-01 8.658328072387803109e-01 8.506158063231773481e-01 8.579061172979641769e-01 8.479612584647466811e-01 8.375829214040714232e-01 8.483945837583756200e-01 8.312762533417122901e-01 8.273843337477575499e-01 8.588318968877176607e-01 8.589318090554499685e-01 8.580197349132767659e-01 8.632810973439936086e-01 8.508124139188143475e-01 8.645209685055411652e-01 8.572680757878886615e-01 8.648115718712116040e-01 8.585845338197627408e-01 8.643963066835927966e-01 8.438924948078905253e-01 8.425762682210333754e-01 8.489992736602487433e-01 8.514121446823796902e-01 8.535088749432794275e-01 8.472683278595559697e-01 8.390443366560479399e-01 8.556235396135110083e-01 8.550563226187979371e-01 8.559961635774137045e-01 8.633223646870440415e-01 8.629937596218945073e-01 8.318125250836710949e-01 8.636396606207440430e-01 8.571538633741172530e-01 8.536344130710504796e-01 8.379618208741153040e-01 8.618993464678788019e-01 8.646188047783843755e-01 8.589595595404968531e-01 8.624619133132739313e-01 8.662028747611471013e-01 8.630197319903184505e-01 8.607043480041286498e-01 8.667396630264210255e-01 8.649585422922653200e-01 8.574850646425493661e-01 8.696816120452303123e-01 8.660971806949665508e-01 8.663600165132112618e-01 8.738321802329140908e-01 8.745709467592176489e-01
5.920115313883818342e-02 1.788910055627437323e-01 3.104372127258648861e-01 5.092145747339413830e-01 3.955894585148739817e-01 4.542847196508711383e-01 6.686182811013220428e-01 6.584507164763645504e-01 7.377588156458433355e-01 1.000000000000000000e+00 7.463505431933593615e-01 7.821645291191036131e-01 7.092380790433038262e-01 6.498843758049581698e-01 7.957264509103467720e-01 7.784810356510476481e-01 7.219093580084584572e-01 6.908820982705017322e-01 7.216556313922869448e-01 6.186377202106719819e-01 6.689105164471020881e-01 7.139609830205211338e-01 7.313697366638260977e-01 6.588981266048357099e-01 6.796664241352852187e-01 7.859632614833601538e-01 7.707492478988894336e-01 7.900147070417621320e-01 7.804507472941235591e-01 7.944860478105697510e-01 8.037127025486594523e-01 7.899203873456591696e-01 7.769319059487154178e-01 7.728552080632583587e-01 7.786668879221810835e-01 7.557693845162816171e-01 8.028990604498256189e-01 7.869241911119423394e-01 8.000462170690868513e-01 7.562941421375238837e-01 8.057578915817584786e-01 8.030322263280678108e-01 7.815703270250509149e-01 8.073525172730448007e-01 7.998458395645312580e-01 7.992496179544782420e-01 8.170520054628214179e-01 8.187438706916848608e-01 8.158420946863674805e-01 7.862668799220193794e-01 8.036496380609313706e-01 7.889172628354571559e-01 8.020599928053492311e-01 8.181134488541087491e-01 8.110368698408378929e-01 8.084503583490596501e-01 8.060994342272275182e-01 8.100255924280330699e-01 8.135114977673099101e-01 8.199444855766196971e-01 8.144988417103545819e-01 8.166337043529321438e-01 8.061523793907089397e-01 8.138907677034347143e-01 8.159200367521812769e-01 8.157540283599274966e-01 8.179144906110975555e-01 8.134931722585285740e-01 8.166059821842311939e-01 8.104230428947037934e-01 8.051634817885042761e-01 8.115273762698420601e-01 8.018844113991074884e-01 8.019406966843757312e-01 8.161390641369523635e-01 8.140357246278856485e-01 8.167705955528254957e-01 8.176097232038849194e-01 8.156124996892114565e-01 8.200879032433791016e-01 8.175429286150331931e-01 8.195379156904183393e-01 8.154655170477336235e-01 8.195972961314056393e-01 8.102278222783922956e-01 8.136135565489375221e-01 8.165912382590982954e-01 8.160627201680599185e-01 8.171814505833698838e-01 8.136862740160826224e-01 8.119137924184773869e-01 8.182980656798422014e-01 8.141719835466442179e-01 8.174318333264667391e-01 8.203783490071222539e-01 8.202138756053998225e-01 7.991692167069406327e-01 8.067233407657820043e-01 8.152673625155518744e-01 8.153871813417913339e-01 8.090021812882970398e-01 8.139856813612832420e-01 8.154591489647817770e-01 8.158339119977737752e-01 8.144850961440514014e-01 8.090557239525484334e-01 8.161214026309572267e-01 8.206996759401563590e-01 8.191476048790298226e-01 8.191815829022490725e-01 8.158624452755149914e-01 8.200546002457734795e-01 8.178472364684546969e-01 8.181778548935221274e-01 8.184868452890623480e-01 8.172923480072811220e-01
2.300979583628932901e-02 1.581587452119694037e-01 3.677267052041036099e-01 5.836282101583041282e-01 4.541737684533918573e-01 5.141859182033164943e-01 7.713500219488447218e-01 7.456780915290679435e-01 7.901411746897123445e-01 7.463505431933593615e-01 1.000000000000000000e+00 8.747055526541568371e-01 7.876963253563109557e-01 7.229010720744872831e-01 8.827800848536300204e-01 8.721808225296909800e-01 7.994373414133888467e-01 7.858707512758487113e-01 8.178588373707557091e-01 7.116183007153935591e-01 7.669296102634354240e-01 8.112205674106106601e-01 8.273602491992952945e-01 7.529060691664692939e-01 7.759208764583385154e-01 8.818087157892304795e-01 8.673437261051876179e-01 8.807206219559885474e-01 8.738844929779379100e-01 8.848413862331453439e-01 9.025782617386477469e-01 8.846584152664052070e-01 8.677652009917310449e-01 8.760719749588298244e-01 8.734022397128896609e-01 8.592542373589482363e-01 8.907987124656542299e-01 8.830862040463491880e-01 9.016325561744612527e-01 8.498943533752580937e-01 8.963139859329638526e-01 8.967759598472790916e-01 8.783324011539124232e-01 9.068681213063465307e-01 8.998530893713853063e-01 8.983807649686456065e-01 9.047464999441884315e-01 9.084434768377976921e-01 9.068346864101026750e-01 8.838454618726591105e-01 8.958872180122924300e-01 8.873313482194821189e-01 8.996500614364081327e-01 9.067095410723399196e-01 9.028211558462867492e-01 9.023212430197663503e-01 8.968771806913559130e-01 9.021578800874371362e-01 9.078088065704741361e-01 9.041191531714665164e-01 9.103823933004606683e-01 9.044626772860749897e-01 8.989947130085528260e-01 9.065762539431315714e-01 9.044965454980617992e-01 9.034931543372998197e-01 9.095337025176924994e-01 9.092290116856539539e-01 9.116961629489350738e-01 9.065622168414861903e-01 9.042775983024980979e-01 9.090303017447709522e-01 9.005301093235301702e-01 9.002222359605869251e-01 9.137689205746177823e-01 9.132759667009329174e-01 9.115484435966508814e-01 9.114832486315203042e-01 9.089198342402465824e-01 9.098675251243234507e-01 9.107625974656333723e-01 9.122127215842338321e-01 9.110577212494608279e-01 9.125556423001784934e-01 9.102199734307752088e-01 9.102722203089487207e-01 9.105665049819375856e-01 9.092976859934696066e-01 9.124593720539349029e-01 9.093086248411124117e-01 9.083650218011442012e-01 9.123266660207791645e-01 9.108054864474495194e-01 9.123880559625157094e-01 9.122227010337768949e-01 9.119964259235222581e-01 9.012029567821109310e-01 9.051462755648205238e-01 9.130311852073776935e-01 9.093578428739681474e-01 9.076671299430879580e-01 9.124412515617819075e-01 9.088692991773965613e-01 9.122777061816239597e-01 9.134967648880831792e-01 9.088240713399371451e-01 9.105826157926291131e-01 9.127252844088797890e-01 9.122620221288942899e-01 9.118975723988883564e-01 9.099758328063425328e-01 9.113259090063129397e-01 9.114584982635774990e-01 9.126784298315986366e-01 9.087293276360098870e-01 9.091870269701380902e-01
3.049999474853605161e-02 1.603564439925804497e-01 3.908706703246350167e-01 6.225587340374387768e-01 4.769460303688043967e-01 5.398781988243207541e-01 7.894521781764771706e-01 7.705526975528075306e-01 8.248897604812917006e-01 7.821645291191036131e-01 8.747055526541568371e-01 1.000000000000000000e+00 8.132432933999905744e-01 7.363980463643441388e-01 9.094143286029685580e-01 9.019172916419424535e-01 8.269410858982644275e-01 8.109174184627837567e-01 8.371579724914984810e-01 7.401185794101876603e-01 7.891779067418719373e-01 8.369413384694307512e-01 8.497781662857375462e-01 7.737455672412045793e-01 7.985585884308691318e-01 9.033221849520783886e-01 8.870715374218489657e-01 9.059981484509089800e-01 8.940145587559638063e-01 9.093136804678048080e-01 9.200009717734285442e-01 9.107369317368152473e-01 8.981790261240274464e-01 8.986598795519010752e-01 8.995097886866018078e-01 8.843833640513211192e-01 9.158980638260642015e-01 9.085846164794468827e-01 9.286946939574004523e-01 8.760242155972933764e-01 9.255308387262007885e-01 9.264421978074531827e-01 9.092179496757150092e-01 9.335084409151634954e-01 9.260848666904245574e-01 9.252008813580867574e-01 9.317354646605960911e-01 9.340242494940717011e-01 9.314489940057523176e-01 9.076842564525612334e-01 9.240527430970774114e-01 9.141341969975782522e-01 9.242876332662492977e-01 9.315781668653940750e-01 9.297501596567357973e-01 9.278366510393718514e-01 9.227383916525320195e-01 9.324653111464932254e-01 9.329891893041969420e-01 9.321308704801746225e-01 9.374161707127578458e-01 9.319318056016882013e-01 9.263154652505559694e-01 9.316442408227786354e-01 9.315895105112685926e-01 9.304401231772183589e-01 9.357439165171926865e-01 9.356312415856896658e-01 9.375655377477948305e-01 9.337936102680787220e-01 9.305888815585954266e-01 9.354527734510907910e-01 9.238371127145882378e-01 9.247467766753477703e-01 9.386335409734684054e-01 9.357536008044721187e-01 9.370655219217033371e-01 9.344523636239818742e-01 9.323615816905066467e-01 9.349291245280947349e-01 9.354751126719881293e-01 9.373574978990215634e-01 9.373853731814010271e-01 9.368554385928096195e-01 9.346853650710604811e-01 9.355842810447546620e-01 9.351183643423423009e-01 9.371122042588024836e-01 9.376916523765604916e-01 9.365080497952367189e-01 9.326069496360459565e-01 9.371930270899572202e-01 9.364888882489075250e-01 9.384772056878568636e-01 9.366870983319884880e-01 9.375778357701508581e-01 9.254208685715894500e-01 9.273852947054007645e-01 9.369038375528925267e-01 9.346075696679047029e-01 9.327374340457087465e-01 9.364752304341692479e-01 9.352246726916015884e-01 9.389238200868148532e-01 9.388312249277420696e-01 9.337287267343176156e-01 9.349677295762499618e-01 9.371602863375277925e-01 9.382112264261506240e-01 9.362250461568897286e-01 9.358528020200418407e-01 9.374616453554691642e-01 9.366085478474475146e-01 9.379018837337740333e-01 9.360005126284743904e-01 9.363190173965405538e-01
4.389627179093286147e-02 1.442665077216690739e-01 3.416066429657105830e-01 5.418048430022822659e-01 4.553224537806691563e-01 4.826262664389339707e-01 7.325727342904948536e-01 7.109539791686299015e-01 7.572093973433117187e-01 7.092380790433038262e-01 7.876963253563109557e-01 8.132432933999905744e-01 1.000000000000000000e+00 6.829102595303823131e-01 8.376186317970035766e-01 8.254967495816406542e-01 7.481580882336100746e-01 7.226752928748227944e-01 7.558356061766315914e-01 6.454619804850073583e-01 7.061163554683232979e-01 7.466505641489341594e-01 7.669296285303828231e-01 6.956370567134065874e-01 7.156895872559987382e-01 8.261297975637563740e-01 8.150641736872183962e-01 8.293647887517533457e-01 8.211900940788769976e-01 8.271122784235239722e-01 8.431376208564381747e-01 8.249272113106801418e-01 8.074789694662176665e-01 8.030646826014113948e-01 8.133489178490036497e-01 7.906833207758974247e-01 8.304766666732089631e-01 8.289960486242391458e-01 8.362209028867749749e-01 7.878517869037620081e-01 8.440524795509909417e-01 8.392109885103234967e-01 8.184748063310328670e-01 8.502995291544797052e-01 8.382062387556817873e-01 8.434326451269206215e-01 8.499485639951345206e-01 8.514709285108219561e-01 8.502335051733783677e-01 8.264748929613111583e-01 8.390255523372637247e-01 8.279000716085087586e-01 8.417062369046041104e-01 8.491084887238135037e-01 8.436552678291127094e-01 8.401741561640262423e-01 8.358483940527836609e-01 8.473301805812530896e-01 8.459895826052654666e-01 8.549290694334883423e-01 8.550524855535963642e-01 8.462651988895396604e-01 8.381110520541336095e-01 8.484765913590772701e-01 8.493216355697270625e-01 8.481751647573507746e-01 8.528118593385596302e-01 8.510217285369798823e-01 8.524447562984063254e-01 8.459070331371270068e-01 8.475787993593455472e-01 8.513379874686018978e-01 8.415714009415390384e-01 8.413594452691517400e-01 8.575717598997187885e-01 8.530403865798997787e-01 8.556805247769123657e-01 8.568297374630946539e-01 8.510371854185282414e-01 8.528812621593165888e-01 8.529571695012002630e-01 8.573953191173301347e-01 8.499542948002779541e-01 8.537530803035980886e-01 8.506954226652381212e-01 8.481031375055481103e-01 8.515594446093542880e-01 8.529995196793707102e-01 8.524664257805640855e-01 8.489994468635183589e-01 8.477911707957359599e-01 8.560072150506233823e-01 8.548083139933893015e-01 8.548427362728379109e-01 8.566866122977199183e-01 8.560011116080443738e-01 8.487596090876577959e-01 8.469997689847078570e-01 8.566890204487667138e-01 8.551609615504160988e-01 8.487814411491456656e-01 8.520808158885782024e-01 8.526457831637290763e-01 8.578334689970513738e-01 8.542265026528829130e-01 8.488763347363608158e-01 8.570139060708682477e-01 8.564870496615670792e-01 8.567630230444367445e-01 8.567221907627999844e-01 8.514833370851825345e-01 8.562536657668465834e-01 8.534455725115167590e-01 8.547344815731605649e-01 8.543881679540092922e-01 8.536624167362432125e-01
