1.000000000000000000e+00 1.685596319146581701e-01 6.657080188034097956e-02 1.423967533307022096e-02 -2.092170255495680309e-02 -5.196853354402560660e-03 8.638563312229782104e-03 -1.893352101802975307e-02 1.535769268115012021e-01 8.013664977961686142e-02 2.691931879762815213e-02 1.014408219813541651e-02 2.191340506914498526e-02 -2.404758597442085283e-02 1.726900328066141490e-03 1.488440084853454373e-02 8.216356206525449180e-02 3.745471079709385837e-02 3.283706363219413005e-02 -3.859729797747411123e-02 -4.160823292658124423e-03 2.364329843726732661e-02 7.185145008279780754e-02 2.867050549322874495e-02 4.923459812946731629e-02 5.797204487713669002e-02 1.620136310862900497e-02 -1.706510327694292116e-03 4.653106027177669746e-02 1.768279400917321248e-02 2.404527963206734217e-02 1.948885861435716363e-02 -4.432765587919079014e-02 5.304530566742965067e-03 4.722028632185517119e-03 -2.352450624961184913e-02 -1.229610977964024944e-02 -5.720040287912448243e-03 -3.240728949806888966e-03 -4.996491660449044886e-02 -9.447588830272961313e-03 -3.384927690009605084e-02 -3.093699314539301998e-02 -4.662811022275589138e-05 5.654555156873613403e-03 9.241347134248137363e-03 1.551533543355650309e-02 3.058702117889600461e-02 1.103510577361341803e-02 -6.675919287098344007e-03 -1.283323028325947072e-02 1.641471042416941042e-02 1.310646384714645243e-02 5.220391927169214241e-02 3.737150737711682214e-02 3.107211155187842785e-02 3.764064955169024035e-02 7.658196066636244193e-03 3.527278835965980911e-03 3.581665018232164238e-02 1.400134895010350265e-03 2.856104351517165310e-02 1.464586241752242890e-02 2.672907518460347978e-02 4.752211803820394903e-02 4.616160168598634761e-02 2.645094365910112197e-02 1.547533155224223300e-02 1.832159920331639241e-02 -6.547439843140294077e-03 -1.784080112012458399e-04 1.134804287711601092e-02 1.747383821107327539e-02 2.810669443957610966e-02 1.330971276673206284e-02 8.639464511095835270e-03 7.068865654367935186e-05 1.932749361953935846e-02 2.245709658101150558e-02 1.519031247542484281e-02 1.075256667124518603e-02 9.883336323562917289e-03 9.794845520376868273e-03 3.425427415560952388e-03 -8.214686914006247981e-03 -4.491485050855549728e-03 -7.209229593884701123e-03 -1.412334113170179289e-02 -8.606355740353368450e-03 1.082187674575399265e-02 -2.734812412284712974e-02 -8.584004796523353464e-03 -3.524747860306287096e-03 -5.970862832450849964e-03 -4.479508483825182276e-04 1.826426537181473006e-02 -1.830940244377405809e-02 1.538036932827244706e-02 -7.455975645902403713e-03 -1.976623464373561401e-02 -2.330499447029947199e-02 5.332463542712074459e-04 8.529818047001931636e-03 -4.682525849521700263e-03 9.651937565910920095e-04 2.409961171461384027e-02 1.737423964654446693e-02 2.139209217415609376e-02 1.888186433822539728e-02 1.145798985327358376e-02 1.277585170474051894e-03 1.861175320248622395e-02 1.439037088198233394e-02 8.666519478217915920e-03 2.744967213041672391e-02 2.719830526866314976e-02
1.685596319146581701e-01 1.000000000000000000e+00 5.528689756883520268e-02 -7.920093999472421070e-03 3.872432816671673300e-02 7.064992058809618780e-02 9.806926092740539391e-02 5.352895372779203909e-02 2.143004287006391728e-01 2.175476907812343152e-01 1.294499147123238936e-01 9.433800031879399639e-02 1.304002401215306195e-01 1.160387503129088338e-01 1.138736017320689103e-01 1.010755900610164765e-01 1.405026432299157635e-01 1.554233898157103833e-01 1.318793019978098668e-01 3.781408915826679068e-02 4.807098521765496013e-02 1.098822570229120860e-01 1.977425300868334845e-01 1.685185343236469679e-01 1.798729004510128127e-01 1.777447393678014687e-01 1.428842063280569841e-01 1.330231680540015504e-01 1.702637734554800497e-01 1.348904569074335091e-01 1.515991682943289842e-01 1.532670247469463398e-01 7.553931996442768415e-02 1.183989116839940375e-01 1.208053692679908891e-01 7.943555569416918538e-02 1.178605572767521953e-01 1.063063191704327337e-01 1.039843516360428044e-01 8.783348599018345193e-02 1.294422987167036243e-01 9.771765342081895067e-02 8.529932550653480938e-02 1.076289695372707189e-01 1.227890688520536788e-01 1.222115318666928269e-01 1.453771801338938630e-01 1.620308230150295237e-01 1.325777041918137777e-01 7.939243689794391046e-02 9.848864016168466795e-02 8.880648883372585511e-02 1.175861427086585115e-01 1.690993202887787206e-01 1.571914501989629676e-01 1.611557999955730569e-01 1.172393391365007115e-01 1.250899250688486952e-01 1.247875391180846144e-01 1.465606805186318307e-01 1.197879706171516428e-01 1.349333436647916773e-01 1.096670155261462443e-01 1.212582764770241683e-01 1.453960586453486581e-01 1.438061818060398234e-01 1.571467451323147746e-01 1.542086224621999901e-01 1.637993420193857852e-01 1.022210986955819773e-01 1.231856468464384846e-01 1.446310694513552042e-01 1.717663185675245008e-01 1.700202324076948435e-01 1.544123783464562139e-01 1.497644501103233827e-01 1.466896380996881022e-01 1.549539805812507054e-01 1.686613370938946088e-01 1.499610122930296885e-01 1.523143019102736195e-01 1.513107790181334456e-01 1.383797249981779665e-01 1.503261869251900640e-01 1.220444217597675823e-01 1.336432554537750617e-01 1.311869291345180433e-01 1.194386675658992009e-01 1.271554465710924009e-01 1.466983661698381125e-01 1.227243962780006359e-01 1.317862252351583996e-01 1.303419443287275326e-01 1.316695364608499175e-01 1.345081682123948352e-01 1.527483411848139516e-01 1.001055188976534699e-01 1.136306058278676590e-01 1.189073632285962551e-01 1.118153362604389217e-01 1.074470567292072493e-01 1.155879484901186777e-01 1.280455647326614876e-01 1.214992969156960118e-01 1.142607786408637582e-01 1.317817170988919151e-01 1.387906486936964223e-01 1.533736262203046485e-01 1.466071324703313306e-01 1.364875765441687927e-01 1.265873620750125328e-01 1.415275031049099685e-01 1.357445236670528355e-01 1.270867858543343609e-01 1.405356595864655778e-01 1.395590621072236859e-01
6.657080188034097956e-02 5.528689756883520268e-02 1.000000000000000000e+00 3.112203480074499096e-01 2.084575671207868908e-01 2.231168944628097173e-01 3.133911436692064512e-01 3.107586957817126128e-01 3.394084667345184103e-01 3.021283528938020768e-01 3.572414314528608026e-01 3.591279607043479927e-01 3.034081468810729265e-01 3.038736119389083279e-01 3.530621054187707553e-01 3.512314965405398670e-01 3.337622113156594184e-01 3.544880499863896084e-01 3.617240274964672042e-01 3.097140940589298563e-01 3.531331578008493621e-01 3.664419212219144906e-01 3.361082171011091635e-01 3.435607561271754595e-01 3.511548840014350192e-01 3.789493131072149690e-01 3.550750137675018903e-01 3.634556654088610395e-01 3.675370496860447256e-01 3.558419261930328981e-01 3.810967861514321098e-01 3.579951013382873803e-01 3.467424293237880151e-01 3.581456882881826065e-01 3.489505821255175499e-01 3.369830712717167831e-01 3.634038045703132935e-01 3.651368138216873338e-01 3.666646372003108389e-01 3.588466623805336431e-01 3.554100538282000121e-01 3.610437536978719497e-01 3.503904045086468355e-01 3.710047307379504278e-01 3.749993094601753452e-01 3.715433230204307491e-01 3.497426498883456358e-01 3.549423277054755133e-01 3.521108117145895222e-01 3.496777423919688599e-01 3.555771076409974807e-01 3.493828057803594622e-01 3.592051488347940413e-01 3.578241734824975095e-01 3.572226473401513003e-01 3.657873010750366527e-01 3.505917299570378565e-01 3.585081662458858842e-01 3.530911531825656757e-01 3.564481966714994066e-01 3.512443910973154781e-01 3.498484877500452894e-01 3.539178696843710004e-01 3.480270049239773122e-01 3.590525637423321315e-01 3.588088472835120335e-01 3.524516484561602270e-01 3.663954171231885160e-01 3.644111312916304968e-01 3.712093810516827741e-01 3.724550516742137218e-01 3.652177983878250322e-01 3.594271508657828629e-01 3.657985591216039722e-01 3.711643316577888374e-01 3.722227690273482437e-01 3.691251653696057122e-01 3.725183506812356216e-01 3.725754573032951655e-01 3.651251346943159559e-01 3.679862837322734337e-01 3.703813967474323676e-01 3.576809276491261236e-01 3.593643452044748554e-01 3.553254867014212226e-01 3.589284176874523169e-01 3.662570500204501700e-01 3.626463193230772264e-01 3.619044318895548451e-01 3.618095773131990156e-01 3.589988021314619582e-01 3.613771735711603372e-01 3.707546797365951496e-01 3.678578336855523045e-01 3.508843684193435619e-01 3.529244291471138606e-01 3.497523173407239838e-01 3.465441407692526621e-01 3.493524494097131061e-01 3.488579131221280494e-01 3.539612882137344041e-01 3.549596223902328207e-01 3.552485666404247566e-01 3.615604750826313940e-01 3.574180367859591811e-01 3.492941137255307638e-01 3.514685804333931296e-01 3.524657141129269866e-01 3.595197341476381037e-01 3.553734877758986666e-01 3.575699250437236465e-01 3.532064047968760945e-01 3.507284843671877872e-01 3.494414432464642561e-01 3.542493324775786712e-01 3.553887694556469024e-01
1.423967533307022096e-02 -7.920093999472421070e-03 3.112203480074499096e-01 1.000000000000000000e+00 3.160377946435626861e-01 3.784107995035366767e-01 5.156172260847295963e-01 5.418556823460844996e-01 4.677253371315521768e-01 4.387874386760863277e-01 5.341995320088437360e-01 6.374315715215411737e-01 5.164471224508214720e-01 4.971736774304089113e-01 5.881137736680551731e-01 5.933920962558922874e-01 5.223317580345619993e-01 5.036759124770757712e-01 5.491524454729420635e-01 5.015120609397495377e-01 5.330062554275342146e-01 5.927657452583966480e-01 4.906184756052770490e-01 4.989603645305928925e-01 5.054464365322933750e-01 5.639771437721448066e-01 5.886150067527733398e-01 5.950164432988784835e-01 5.465747865998910049e-01 5.774318665228026504e-01 6.018740466226385477e-01 5.617968491490820115e-01 5.754002576770747002e-01 5.673388426852520317e-01 5.693179237239406332e-01 5.874716281845652199e-01 5.828532344748673655e-01 5.833050064011764402e-01 6.154242874622120052e-01 5.932893821357286823e-01 5.930025418683133598e-01 5.984570075795869748e-01 5.984365013432442204e-01 6.183120604274148224e-01 6.140717705940677007e-01 6.102836289153347193e-01 5.698577003222904391e-01 5.666558163777618562e-01 5.724187159040637907e-01 5.823993034187675555e-01 5.942785908502501435e-01 6.048769790418777603e-01 5.967452757243967287e-01 5.525479245846114384e-01 5.555303707577471384e-01 5.717808309707143044e-01 5.787198797037254039e-01 5.838818239867472615e-01 5.696991555572238353e-01 5.737717668478247157e-01 5.920106113456422570e-01 5.694651736267724029e-01 5.782036275406744474e-01 5.846874510300897887e-01 5.871697756348998043e-01 5.788937997906168365e-01 5.674284789427882503e-01 5.678833028325707133e-01 5.661129765657451074e-01 6.121121004603388149e-01 5.986404312559338026e-01 5.818082262624194589e-01 5.553765187007817516e-01 5.652136010106936226e-01 5.926626253176053849e-01 5.901299101676985570e-01 5.911963707174662241e-01 5.868436639572299773e-01 5.757118135111809476e-01 5.803065889313558934e-01 5.842667604478442023e-01 5.998601296122481052e-01 5.907535221551853954e-01 5.703512828709585980e-01 5.849955291067469032e-01 5.832511370862184519e-01 5.918271691351224550e-01 5.986970616079329011e-01 5.962590139419234880e-01 5.837998876397005876e-01 5.930978602845322634e-01 5.912682294503205371e-01 5.979653500610662142e-01 6.038350407705158629e-01 5.786694770142207789e-01 5.704913413719653326e-01 6.003409866940242479e-01 5.880339775272445113e-01 5.904608731159944890e-01 5.953956602318032365e-01 5.985341040084780628e-01 5.976696111753547758e-01 5.960555495967776451e-01 6.001321471029517074e-01 6.037441585463360072e-01 5.844424368848895046e-01 5.780103857334047968e-01 5.687538906989151322e-01 5.780357289077570071e-01 5.839159628689251091e-01 5.892774119429191604e-01 5.792286447869262611e-01 5.820551136535174752e-01 5.910982868516370115e-01 5.815121028832134220e-01 5.839642549739632038e-01
-2.092170255495680309e-02 3.872432816671673300e-02 2.084575671207868908e-01 3.160377946435626861e-01 1.000000000000000000e+00 2.831700332894920291e-01 4.069223895374728395e-01 4.556281898884778081e-01 3.986454974230935755e-01 3.820614216564894305e-01 4.228019994055907116e-01 4.713442811671539889e-01 4.548170717750932290e-01 4.164887321381057217e-01 4.766137749112591693e-01 4.828365105974484761e-01 4.043295771474178513e-01 4.057064775561231018e-01 4.167495342409980319e-01 3.880208743561045504e-01 3.885722293307217190e-01 4.347923063566918045e-01 4.146156281153134948e-01 3.860957407126756613e-01 3.943308947236176532e-01 4.537040423248892007e-01 4.318533793525468067e-01 4.244440824913121024e-01 3.912301119956048678e-01 4.362246880633277590e-01 4.610546208435837845e-01 4.513210179068740113e-01 4.181489672831454341e-01 4.474257873071166292e-01 4.469358533616759610e-01 4.447953162624930790e-01 4.511779640379268153e-01 4.566913638473825698e-01 4.642246007299326016e-01 4.538865377139711388e-01 4.633615939370022696e-01 4.593638476583634667e-01 4.748859564666395028e-01 4.835121265342738339e-01 4.660047564132255293e-01 4.612149046634540506e-01 4.690105541770301922e-01 4.668033663611834139e-01 4.624302300378866359e-01 4.538178832811289309e-01 4.709555910666269329e-01 4.741441663485103652e-01 4.762452070856083020e-01 4.681607447403582922e-01 4.620775738470745408e-01 4.698180527716707688e-01 4.683478451034803758e-01 4.768359150139247493e-01 4.528162103479388412e-01 4.864156786543905042e-01 4.836736527807536934e-01 4.719949672574593746e-01 4.734546925849210108e-01 4.804722969220788231e-01 4.728610822186225526e-01 4.793297324455411124e-01 4.639567211206987452e-01 4.676582245672155635e-01 4.677468120914292093e-01 4.842991934581252211e-01 4.704490702616993536e-01 4.686397140165831088e-01 4.593879770464779355e-01 4.583094869884996037e-01 4.700931708019174260e-01 4.655609081988790754e-01 4.610610125432808570e-01 4.547354282296907080e-01 4.580405971720954428e-01 4.696220000990163346e-01 4.686947361409487534e-01 4.747361236315734700e-01 4.713156124504168099e-01 4.609035298109557810e-01 4.635784257608453474e-01 4.671166508385120597e-01 4.671641494142865780e-01 4.687932760711283064e-01 4.704141103684135738e-01 4.739049550549322976e-01 4.627063730406166253e-01 4.726493086771506036e-01 4.735561623532846265e-01 4.717122235895848115e-01 4.716891787777167111e-01 4.681122590365719427e-01 4.698030321439092272e-01 4.629036019192115381e-01 4.693806125185329692e-01 4.695833295249872696e-01 4.735966797681991358e-01 4.716860628504984110e-01 4.779945090901192573e-01 4.813575480434474363e-01 4.788963172185466965e-01 4.686801892209017106e-01 4.642213900434811191e-01 4.696957886743010069e-01 4.705950273082272206e-01 4.719180216159356012e-01 4.729885579024633024e-01 4.791081666771009329e-01 4.683424775215266900e-01 4.732019882025645940e-01 4.689319628708367160e-01 4.745183319267209932e-01
-5.196853354402560660e-03 7.064992058809618780e-02 2.231168944628097173e-01 3.784107995035366767e-01 2.831700332894920291e-01 1.000000000000000000e+00 5.012157818946705312e-01 4.658678212072068781e-01 4.951561432036765131e-01 4.826165487602800397e-01 5.240913327072924677e-01 5.643981883858848470e-01 5.126455311631660239e-01 5.113793485287697616e-01 5.830875167285523020e-01 5.708357198226039486e-01 4.956995576561125660e-01 5.090917611170902024e-01 5.222840756969401310e-01 4.402259481386738282e-01 4.823983872103471127e-01 5.316661408040516124e-01 5.238746619156722240e-01 4.884894696885664911e-01 5.088661324292386157e-01 5.782305162341948579e-01 5.650417377357170867e-01 5.690156628081685097e-01 5.224932574008986919e-01 5.443889303585404127e-01 5.875688753707508649e-01 5.805727936803163347e-01 5.537219512228702678e-01 5.750969987259432203e-01 5.610865933290266616e-01 5.483497511476875808e-01 5.721985103652533766e-01 5.803185850263546941e-01 5.924124614467057848e-01 5.754203233964235720e-01 5.984642979114667138e-01 5.946476215097291629e-01 5.739805157580263328e-01 5.942693098571093513e-01 5.942381768758568938e-01 5.924099250587334664e-01 5.966444797936644173e-01 5.953061177606647769e-01 5.864791749778818231e-01 5.682119040547467526e-01 5.866163398826427233e-01 5.678316143523636228e-01 5.821785893384380239e-01 5.859638668503127645e-01 5.834873876801877080e-01 5.989131540116406915e-01 5.721133921544127032e-01 5.896921571938456008e-01 5.800091490842466113e-01 5.873808497777373017e-01 5.879651904851583843e-01 5.768702344813723126e-01 5.761382063083120286e-01 5.809212224677723357e-01 5.808514368063869560e-01 5.865840141741752722e-01 5.957877035087794093e-01 5.936811952549798654e-01 5.966549650328637489e-01 5.875762150591911093e-01 5.956364263035400786e-01 5.982254482838513798e-01 5.856528855953604396e-01 5.869599504460878414e-01 6.023421400503335965e-01 6.024877997364568305e-01 6.048089395895900333e-01 5.919713651354286954e-01 5.968963951632573206e-01 6.028607055046216745e-01 6.014996463812301020e-01 6.032549349350124768e-01 5.999799954330821139e-01 5.979133330239060351e-01 6.019939191866512385e-01 5.989761063829570631e-01 6.021573583607440217e-01 6.039095313014417599e-01 6.038183105563700304e-01 6.014893558348025637e-01 6.044341654562840338e-01 6.045915760603333133e-01 6.042105771442520812e-01 6.062532092638209802e-01 6.005371697501619144e-01 5.987148962894659476e-01 5.899398781191600438e-01 5.859139403318085471e-01 5.966783793568911642e-01 5.986796301361252404e-01 5.949521556301615721e-01 5.971584618205303396e-01 5.981356109269261312e-01 5.996799431594606045e-01 6.003198320978924141e-01 5.904074506414369594e-01 5.963710972812913402e-01 5.996014562167767403e-01 5.986505418797400946e-01 5.998708663622942527e-01 5.972336887290905505e-01 5.969647781451401514e-01 5.943702109378199427e-01 5.952599328631683617e-01 5.929373136153727186e-01 5.962906127970037939e-01
8.638563312229782104e-03 9.806926092740539391e-02 3.133911436692064512e-01 5.156172260847295963e-01 4.069223895374728395e-01 5.012157818946705312e-01 1.000000000000000000e+00 6.750728047928329367e-01 6.637066178882564671e-01 6.439679549384811352e-01 7.174396546380412687e-01 7.671550537295040995e-01 6.788577724526814183e-01 6.720179111718153075e-01 8.309362720069888297e-01 7.625135240423734917e-01 6.525850399776056410e-01 6.761159534751635114e-01 7.110544090518731153e-01 5.932217672856369139e-01 6.181571795784946977e-01 6.893821211044273145e-01 6.994462688951450513e-01 6.540771051661412594e-01 6.707566036140065746e-01 7.639159397355984593e-01 7.505462904715618500e-01 7.795111596390400521e-01 7.365237005819177396e-01 7.408144280347167543e-01 7.919284422987258321e-01 7.610864120139498867e-01 7.460934164543810976e-01 7.535180056895089962e-01 7.576143314034110565e-01 7.261265561960610349e-01 7.689805901387697373e-01 7.800972948568504206e-01 7.892977550499208350e-01 7.767940466789554632e-01 7.928359342395049358e-01 7.935052158752482487e-01 7.779954332986322996e-01 7.974067049862811896e-01 7.888706089930713761e-01 8.060446504398183221e-01 7.875329703771413170e-01 7.876639988718268093e-01 7.768686481657349763e-01 7.453039841157891310e-01 7.737058742471012440e-01 7.438425959748676819e-01 7.788670188353760127e-01 7.751666139052186821e-01 7.726025309855034662e-01 7.878322548203683384e-01 7.546970090979706614e-01 7.739017400876168074e-01 7.643259517407107184e-01 7.788590767198222409e-01 7.824928072199992535e-01 7.693199117228214368e-01 7.632055477399678489e-01 7.753357090341302937e-01 7.671489459449215564e-01 7.717789499238812967e-01 7.879922332069815294e-01 7.860989554346149433e-01 7.905181510017788016e-01 7.886583251908538816e-01 7.797827887750257148e-01 7.820462288915871474e-01 7.745242318803498005e-01 7.764082071368575422e-01 8.000514962875229230e-01 8.022374833748856515e-01 8.113587691799047930e-01 7.985887878942496965e-01 8.004409702317585307e-01 7.966436791316515720e-01 8.024973748749401059e-01 8.043634040143822217e-01 7.941161200227719874e-01 7.964446015068147311e-01 7.896732686344106744e-01 7.894837758446318077e-01 7.981040458385963987e-01 7.993045725838570092e-01 8.028184698372758943e-01 7.967303026256531417e-01 8.045704661013330927e-01 8.021897763450769325e-01 8.011132583191518108e-01 8.085247063129702427e-01 7.919748686035950058e-01 7.922846826307212709e-01 7.863485810661154929e-01 7.744925323180177346e-01 7.897682020053354846e-01 7.912847999620656880e-01 7.949571157054692305e-01 7.859004059758435412e-01 7.905264893458930908e-01 7.955317277006789256e-01 7.894545172095226437e-01 7.797572031872834764e-01 7.898007339529907744e-01 7.914813317810467375e-01 7.937856724757111904e-01 7.889569390853546915e-01 7.869782515223779917e-01 7.887489103362971266e-01 7.880715596168992310e-01 7.887404797276628132e-01 7.812693953206756303e-01 7.864172253294209325e-01
-1.893352101802975307e-02 5.352895372779203909e-02 3.107586957817126128e-01 5.418556823460844996e-01 4.556281898884778081e-01 4.658678212072068781e-01 6.750728047928329367e-01 1.000000000000000000e+00 6.132473322686181616e-01 5.966735769533270117e-01 6.798820485912985268e-01 7.592165492669206150e-01 6.840363637783376527e-01 6.616751594097787237e-01 7.709848398065710651e-01 7.944894573092904366e-01 6.384694959611759701e-01 6.653904867522458799e-01 6.987479088665407012e-01 6.124710014957809312e-01 6.645993775643426194e-01 7.128773207618198660e-01 6.669182811213447692e-01 6.469035310184301224e-01 6.430785606735681670e-01 7.152004621779952664e-01 7.114626496822965551e-01 7.239022588442175499e-01 6.942324654842704224e-01 7.230148910882974178e-01 7.357618902295623986e-01 7.470730470786943744e-01 7.262765674630263790e-01 7.548045490552153236e-01 7.430452082743914666e-01 7.535021046958469970e-01 7.402056471285752837e-01 7.758964576926045131e-01 7.728750342200372270e-01 7.583698026365258693e-01 7.521431316517755983e-01 7.693141570872206181e-01 7.939232343836176709e-01 7.933057419986420111e-01 7.645961526474421843e-01 7.722875089793783676e-01 7.571762351378267253e-01 7.501787608917580563e-01 7.614609417411825065e-01 7.711371723414703894e-01 7.766846243907892244e-01 7.758805524284648758e-01 7.717796703918983203e-01 7.390060465254938427e-01 7.489529567384004549e-01 7.582566630030992405e-01 7.655720311888161156e-01 7.697248801439314780e-01 7.576756860725458731e-01 7.619951187624416367e-01 7.843334853382590843e-01 7.614136681338664614e-01 7.785339453073004679e-01 7.767919645079116586e-01 7.515032629591822388e-01 7.624284271463019902e-01 7.498015060934365428e-01 7.554987020609083004e-01 7.546229260743915201e-01 7.820172008962428256e-01 7.716577488959270870e-01 7.584713249283793202e-01 7.424146456266080829e-01 7.461760228999285705e-01 7.576247959851359903e-01 7.577696608127966194e-01 7.605661738891433821e-01 7.596529868998534996e-01 7.546225633714601644e-01 7.581444468606572951e-01 7.597288177306382728e-01 7.619328229129539443e-01 7.659297215582397955e-01 7.572515055972049991e-01 7.678009151606346450e-01 7.698832108382854811e-01 7.614658394444840939e-01 7.719226991890688616e-01 7.721302380498450413e-01 7.644298844907279067e-01 7.602235166788030574e-01 7.689615798133261348e-01 7.690869202500382196e-01 7.718754920973089906e-01 7.613792156146949042e-01 7.545647909919774854e-01 7.779459720681224377e-01 7.622076567138428294e-01 7.696891356082772306e-01 7.710289972013181226e-01 7.837866262435074782e-01 7.704142734611629795e-01 7.707588741240796182e-01 7.790116295687322667e-01 7.799327869892214160e-01 7.582893040183648070e-01 7.591379742885512316e-01 7.536088947128396498e-01 7.594268601340491420e-01 7.599814703012015560e-01 7.651054812292182872e-01 7.618923482081907395e-01 7.612369747561930078e-01 7.688640423773721588e-01 7.532615425454267655e-01 7.590138003975922532e-01
1.535769268115012021e-01 2.143004287006391728e-01 3.394084667345184103e-01 4.677253371315521768e-01 3.986454974230935755e-01 4.951561432036765131e-01 6.637066178882564671e-01 6.132473322686181616e-01 1.000000000000000000e+00 7.156115712770478865e-01 7.483204905895954884e-01 7.797522799143018490e-01 7.270142424472236797e-01 7.160283669067777357e-01 7.952473574288274616e-01 7.886204617653636006e-01 7.505220331633484232e-01 7.021748847517569336e-01 7.333636430851331323e-01 5.538451163852802228e-01 6.380534033564516649e-01 7.283910362354090173e-01 7.374591747236045602e-01 6.722218515248347126e-01 7.111911671110752176e-01 8.111934131597692277e-01 7.719584694249786994e-01 7.383488207004037518e-01 7.209076012285582369e-01 7.455856859828648986e-01 8.174569984858237603e-01 8.009249729147400743e-01 7.033133542979796982e-01 7.835594169355094563e-01 7.599604346062599491e-01 7.170081588653045568e-01 7.699337607511846926e-01 8.015664253847114562e-01 7.908729834453591678e-01 7.391050413790076767e-01 8.062845969818073222e-01 7.769304180871210441e-01 7.535363189430660524e-01 8.122139779558852357e-01 8.086339403841111828e-01 8.010345133358870440e-01 8.409680255227539591e-01 8.496817218729770804e-01 8.229360409463823967e-01 7.720936267986778789e-01 8.027334407590234200e-01 7.713327686482088774e-01 8.189084614163469888e-01 8.533031937936558231e-01 8.445209153111807865e-01 8.383459479341693887e-01 8.216418615075421483e-01 8.366344353965521341e-01 8.263288665083698969e-01 8.506611675541699835e-01 8.234894243699167893e-01 8.331850629289843102e-01 8.179520238750678240e-01 8.257358105424953409e-01 8.451011822838552234e-01 8.409117361794008483e-01 8.513823375272496774e-01 8.397129098975523176e-01 8.391356061573188585e-01 8.028689420376725616e-01 8.223546874389877637e-01 8.382326782547628863e-01 8.284686619150708475e-01 8.341680123806425318e-01 8.423455175843989062e-01 8.366291003874305465e-01 8.216372234730093815e-01 8.208230568329377697e-01 8.365827597294910323e-01 8.366241205884018539e-01 8.345016570482567397e-01 8.420656498845824345e-01 8.336398208705387836e-01 8.319525761454010793e-01 8.200488774432872496e-01 8.240619515926254079e-01 8.247544698357022197e-01 8.224500077733172265e-01 8.271307820726865323e-01 8.370868774982573868e-01 8.063147381020463467e-01 8.291748902856623804e-01 8.276251529358616965e-01 8.277263936268873801e-01 8.392863835717255805e-01 8.489132490660808994e-01 8.040149085453611733e-01 8.228318606763511678e-01 8.249579049846407219e-01 8.129685465135477740e-01 8.019140800939427161e-01 8.303015690604482746e-01 8.339219230828560647e-01 8.314194197615268900e-01 8.248622030771143310e-01 8.332123542354478163e-01 8.408736310608130315e-01 8.506963850224968926e-01 8.488702143745313622e-01 8.444238282901561643e-01 8.365285043235149987e-01 8.476140010934878344e-01 8.388601093077870940e-01 8.332902597364656438e-01 8.468866052748573736e-01 8.456590092145830351e-01
8.013664977961686142e-02 2.175476907812343152e-01 3.021283528938020768e-01 4.387874386760863277e-01 3.820614216564894305e-01 4.826165487602800397e-01 6.439679549384811352e-01 5.966735769533270117e-01 7.156115712770478865e-01 1.000000000000000000e+00 7.042413339334446798e-01 7.262452115505961814e-01 6.767204272633211559e-01 6.678325426358089345e-01 7.598735999085693971e-01 7.410225563085167666e-01 6.925042874117055547e-01 6.712446799184454971e-01 7.000690517662456758e-01 5.482547647832222149e-01 5.797652364791964219e-01 6.804496139083624495e-01 7.062717172001281574e-01 6.546439201331253344e-01 6.732563065183091444e-01 7.703988526664401482e-01 7.368959343273090434e-01 7.285321468101968456e-01 6.942253948382992590e-01 7.098115828779546499e-01 7.671040422120211089e-01 7.807143459286195464e-01 6.958901765046440202e-01 7.544765936895273528e-01 7.379971958106015251e-01 7.005570826482212521e-01 7.418654931545619613e-01 7.666864269281362665e-01 7.645172779708909738e-01 7.361245267971878725e-01 7.728182504581523338e-01 7.567132894330004245e-01 7.410086881947435256e-01 7.736054036767168185e-01 7.720547064750414856e-01 7.670378685997909507e-01 7.914819955979844890e-01 8.039235024469081337e-01 7.849797932763403763e-01 7.322461592147236908e-01 7.627638790366643162e-01 7.239959431252736000e-01 7.710766711960285180e-01 8.015558358319484489e-01 7.929469561755307927e-01 7.996080270982689475e-01 7.628446742221124399e-01 7.788317482285488369e-01 7.725010136579983921e-01 7.904019184368830109e-01 7.838368007843309337e-01 7.768266609612728413e-01 7.636769472292402883e-01 7.766165032644163357e-01 7.821344885027977645e-01 7.819072974933107822e-01 8.003428669854473210e-01 7.967777628474780327e-01 8.048735821439483296e-01 7.694120296725158736e-01 7.755783321684172060e-01 7.928470020331543910e-01 7.893050719651586444e-01 7.877472935454412628e-01 7.973780976506903428e-01 7.929651688557514122e-01 7.903459586111436508e-01 7.756755442371509046e-01 7.960186087187831605e-01 7.897883859420948838e-01 7.911225264160729465e-01 7.962365151015670106e-01 7.946159858978643076e-01 7.921949859591652654e-01 7.866979881922994133e-01 7.907963585170465493e-01 7.868906631317640343e-01 7.855705250959990060e-01 7.877333368875629738e-01 7.991667337999190934e-01 7.823692774315109677e-01 7.938024038361785051e-01 7.898907571701346830e-01 7.914127841638398664e-01 7.948438222234962547e-01 8.020245184211092226e-01 7.730433853721838666e-01 7.734574634896423939e-01 7.847834796103183574e-01 7.799927967772550819e-01 7.787010943004238905e-01 7.829046070375808020e-01 7.869454778871590728e-01 7.876139217617493804e-01 7.831994598310837441e-01 7.827666917816741288e-01 7.946446567776029868e-01 8.014541867159432620e-01 8.003860680711509801e-01 7.934445823510968276e-01 7.876975001830263112e-01 7.956827810582723925e-01 7.890921149464449336e-01 7.897231292478876785e-01 7.924854079397407602e-01 7.924107621872797935e-01
2.691931879762815213e-02 1.294499147123238936e-01 3.572414314528608026e-01 5.341995320088437360e-01 4.228019994055907116e-01 5.240913327072924677e-01 7.174396546380412687e-01 6.798820485912985268e-01 7.483204905895954884e-01 7.042413339334446798e-01 1.000000000000000000e+00 8.370752341249494410e-01 7.516426063773480326e-01 7.449260755610969120e-01 8.395111960906158632e-01 8.251682391855255094e-01 7.510491620088701747e-01 7.469595296968528642e-01 7.773905855227050132e-01 6.364176578261144801e-01 7.047272573481164759e-01 7.831024338250510697e-01 7.691067266931571611e-01 7.225063754770796320e-01 7.404502414069068505e-01 8.382289231437867194e-01 8.214974608191141225e-01 8.031266548748862144e-01 7.569314713025053765e-01 8.019746968530463427e-01 8.635176223016745034e-01 8.438793195268661229e-01 7.807724297043409090e-01 8.297450520774001248e-01 8.152581142655914714e-01 7.887757169929023870e-01 8.313858222622658722e-01 8.458315764557176042e-01 8.471097335506756476e-01 8.280832247367483356e-01 8.538419609443325120e-01 8.412369277057636374e-01 8.304919635015822754e-01 8.630201072936396489e-01 8.655952692249555547e-01 8.540744582718403644e-01 8.671078761056900674e-01 8.666587222848111116e-01 8.525703192036373501e-01 8.244105924497869831e-01 8.506589710031458029e-01 8.145539829873541526e-01 8.520006857831979863e-01 8.604986056910324255e-01 8.576945296061886381e-01 8.622411261029984120e-01 8.425049770030292873e-01 8.607499841922547912e-01 8.538473214692589019e-01 8.639814790216374663e-01 8.604363131013484933e-01 8.549888594672768738e-01 8.474634222284411766e-01 8.501400920981145859e-01 8.538290464727793516e-01 8.576603863837585218e-01 8.658734780699252065e-01 8.642567251028275832e-01 8.689442891315274364e-01 8.554317671369507936e-01 8.637103824154580556e-01 8.672846504553635150e-01 8.551599488910288649e-01 8.577796759192322096e-01 8.730855472287704089e-01 8.699966558791655258e-01 8.607244701302336765e-01 8.509398813096245018e-01 8.650012700819442735e-01 8.664875625706475182e-01 8.703787660955507599e-01 8.767652446398438437e-01 8.686577666580965751e-01 8.615324734734722822e-01 8.641228031756225114e-01 8.671150182154528929e-01 8.682337577387726490e-01 8.663970894933186173e-01 8.691028137801782849e-01 8.686074053198320488e-01 8.621726158433414833e-01 8.693140345316303641e-01 8.708977745757141564e-01 8.731959468871501873e-01 8.687481219635456720e-01 8.691388204356849112e-01 8.571016931473955935e-01 8.520056512907449031e-01 8.645560357323232026e-01 8.601272788996430219e-01 8.606121369378604280e-01 8.650522682313761536e-01 8.650261260987507361e-01 8.711810680329276080e-01 8.656698736165373553e-01 8.596266533196764703e-01 8.657020436437850019e-01 8.681789140384454928e-01 8.713393407052970607e-01 8.701603009057556903e-01 8.685076845055390571e-01 8.686744081837961540e-01 8.673069754892314132e-01 8.644917075335027956e-01 8.620208927104918706e-01 8.667851768816211555e-01
1.014408219813541651e-02 9.433800031879399639e-02 3.591279607043479927e-01 6.374315715215411737e-01 4.713442811671539889e-01 5.643981883858848470e-01 7.671550537295040995e-01 7.592165492669206150e-01 7.797522799143018490e-01 7.262452115505961814e-01 8.370752341249494410e-01 1.000000000000000000e+00 8.004291174324107416e-01 8.051267134983254303e-01 9.032164209145953082e-01 8.944951322448760900e-01 7.968901830443868572e-01 7.646770841629755289e-01 8.156150875193648453e-01 7.062421250241319726e-01 7.538349352339238640e-01 8.268738092827560004e-01 7.798635023959635815e-01 7.387497380050543905e-01 7.608020490595533980e-01 8.730122614658702984e-01 8.703827486179388506e-01 8.526384893628388140e-01 7.897633345386049220e-01 8.429345510578053480e-01 9.078193886084818809e-01 8.869188887812285982e-01 8.317132000117652968e-01 8.816635173644752355e-01 8.625590462724493923e-01 8.576892682085769382e-01 8.769716108038723146e-01 9.027458053168878616e-01 9.073921101980371162e-01 8.788772904202170055e-01 9.079061568439463770e-01 9.000876995473204856e-01 8.933950268205550493e-01 9.262445275437325432e-01 9.143903848483657670e-01 9.078619174082677157e-01 9.219801652443078144e-01 9.191299438638499408e-01 9.131622999667704521e-01 8.877405631006897169e-01 9.166678033162123374e-01 8.934367056213962099e-01 9.177869871449155781e-01 9.128720364708854396e-01 9.069600572458345056e-01 9.097059221534190554e-01 9.114497769488367762e-01 9.230216744276995566e-01 9.128563736885800806e-01 9.255926398203393468e-01 9.277232373317356728e-01 9.174339244169524843e-01 9.125132397437869525e-01 9.213032896339252709e-01 9.197044641186845615e-01 9.228500332822389129e-01 9.207112467118547805e-01 9.113781055639759154e-01 9.134242161236642010e-01 9.247779646423590627e-01 9.207320774609021319e-01 9.193985430128255310e-01 8.942341657561574397e-01 8.972386657406143939e-01 9.239924084317082675e-01 9.229307153244306061e-01 9.154672898333342523e-01 9.022012422242873253e-01 9.093917077676609839e-01 9.163534569436122545e-01 9.162575496642021422e-01 9.286820906045974988e-01 9.256864760739035303e-01 9.119288783282304411e-01 9.177121330600401805e-01 9.186736992680187841e-01 9.224717370610863165e-01 9.268746187625866995e-01 9.277730313778427274e-01 9.245849500382805619e-01 9.163783665140973200e-01 9.266774512170239397e-01 9.271516694221868526e-01 9.293736247862478539e-01 9.262153382403884860e-01 9.255904188676845612e-01 9.198999510893576259e-01 9.168312322425148375e-01 9.261656157697633063e-01 9.215295620343928462e-01 9.209262473363234447e-01 9.297800162321877560e-01 9.287879416741936511e-01 9.331285836693753444e-01 9.300778215646648972e-01 9.211969894211100574e-01 9.249719774441479414e-01 9.234777186418400285e-01 9.259509510893058071e-01 9.276803756445088922e-01 9.262712662558293397e-01 9.279483371165515582e-01 9.259619396007099379e-01 9.282852958003758870e-01 9.254248321499112251e-01 9.279951221042465059e-01
2.191340506914498526e-02 1.304002401215306195e-01 3.034081468810729265e-01 5.164471224508214720e-01 4.548170717750932290e-01 5.126455311631660239e-01 6.788577724526814183e-01 6.840363637783376527e-01 7.270142424472236797e-01 6.767204272633211559e-01 7.516426063773480326e-01 8.004291174324107416e-01 1.000000000000000000e+00 7.330285476878578566e-01 8.167418184820421923e-01 8.251149550018477274e-01 7.191961945610411133e-01 7.090525123842201793e-01 7.348995730286473904e-01 6.090017257665899519e-01 6.716852349017741197e-01 7.412574226936122779e-01 7.300209640337946837e-01 6.801547934338781909e-01 7.105706794877916233e-01 7.945849015049526454e-01 7.759800746053322484e-01 7.500996008683740168e-01 7.026276133312043815e-01 7.512211511724654622e-01 8.040794146964609368e-01 8.057781106018730988e-01 7.288881932213830961e-01 7.953486421158820763e-01 7.740713154385022721e-01 7.651315594746261883e-01 7.827717600162586997e-01 8.116645712191882245e-01 8.111517260385279204e-01 7.835220303272908415e-01 8.223630518570688164e-01 8.078715374394965787e-01 8.084517001303931361e-01 8.336751766205378056e-01 8.222667541380396239e-01 8.083297317877686794e-01 8.462735876708812333e-01 8.426600507340508139e-01 8.260051521997410218e-01 7.861403188294605604e-01 8.207025710809073837e-01 8.066742916091060867e-01 8.351698798311241179e-01 8.335364481810391135e-01 8.291289929598613107e-01 8.352837631956608888e-01 8.209984021171843338e-01 8.425096800412172904e-01 8.198041765829265914e-01 8.524643040306321140e-01 8.464002331461720763e-01 8.315491147008396977e-01 8.216546564384042961e-01 8.385639854275364069e-01 8.419521687646391861e-01 8.399928793685447204e-01 8.431299357447371579e-01 8.405178570995215370e-01 8.405647317593334389e-01 8.301422456664636629e-01 8.377426171411809230e-01 8.436183322883870073e-01 8.273964914072069465e-01 8.310093616815001916e-01 8.428633856815911374e-01 8.380917301987418355e-01 8.284166465732217821e-01 8.155198577767003298e-01 8.299545095263263228e-01 8.378425732569786399e-01 8.339057525690511952e-01 8.419424167888575061e-01 8.416010695120863527e-01 8.346527706524412560e-01 8.327765194789141789e-01 8.374261781157416040e-01 8.354774905328228307e-01 8.367775120021581081e-01 8.404303200913088023e-01 8.451018063679504033e-01 8.251469517144486288e-01 8.436449498142454262e-01 8.411435780095943837e-01 8.399031554267453181e-01 8.471616162627417790e-01 8.468136058485897788e-01 8.264992530270166560e-01 8.261329196932212238e-01 8.400358727005775572e-01 8.352284347015525023e-01 8.338669603858952506e-01 8.394437692062891587e-01 8.457198237222889325e-01 8.500089021419408031e-01 8.436862419947345204e-01 8.323018707866985944e-01 8.397711379874168713e-01 8.472771366107734181e-01 8.458712413048871115e-01 8.468247196218464667e-01 8.415827567700053802e-01 8.511940352474015592e-01 8.405177604971396654e-01 8.449779812666585732e-01 8.449823673518451761e-01 8.471314118503802115e-01
