1.000000000000000000e+00 -2.659566706742924266e-02 3.129725368020706555e-01 5.348561052103691787e-02 -3.308228330718116644e-02 -7.046528436544802210e-02 -5.857344489414782751e-02 -3.434654103715297294e-03 2.483849177998915247e-01 1.322587286461258949e-01 1.513339101977681511e-01 9.532656481201381938e-04 2.304809353856883403e-02 8.614060048174550233e-02 -4.416731993873277556e-02 -3.072083413771442648e-03 1.785259894714258389e-01 3.405476433009146930e-01 2.633027959063593548e-01 3.383732360721223298e-01 3.507187734211448804e-01 3.058457514807975119e-01 3.165760603094663339e-01 3.596612481258267269e-01 3.008189423632539605e-01 2.831124634612224855e-01 2.930229890683511140e-01 2.635078904025515700e-01 2.270770221997363836e-01 2.667744582434670164e-01 2.417534105644831288e-01 1.939294164703607160e-01 2.523986422510198779e-01 2.722656569584196995e-01 2.492505344585134452e-01 2.442159741959871178e-01 2.623664320000518857e-01 6.687913736490573580e-02 1.562315821345301448e-01 1.825684140383974363e-01 1.430589440929174450e-01 5.588609044142164167e-02 6.320324793820275566e-02 5.704521491353709006e-02 1.737536273636395845e-01 8.858375101138617203e-02 2.944100366860357906e-02 4.704451510729528579e-02 3.343870816468754587e-02 1.157347614720645179e-01 5.033675134137775842e-02 1.015876054544928991e-01 5.439177071123851848e-02 9.702287122909469819e-02 1.208058400567932900e-01 1.787058084375458267e-01 1.284438958275428422e-01 2.993786669248964943e-02 3.689793113212662401e-02 4.303974339015546879e-02 5.557928341800116162e-02 5.410771916027889289e-02 5.082977836442248432e-02 4.444071188349733859e-02 8.187950986568243161e-02 1.093591359306472083e-01 5.664482457214137234e-02 1.194266249458537793e-01 1.094255471423423165e-01 1.652120755200510993e-01 1.339649190321471617e-01 1.197525894385320089e-01 1.582682685969439285e-01 1.602119339511932083e-01 1.146659441912374483e-01 1.085940509745476346e-01 6.805001674844536608e-02 1.097624721027018191e-01 7.656341959327823965e-02 1.330112180266185273e-01 1.340788720446542126e-01 1.035610780874708370e-01 9.568446528774147974e-02 1.169069540295959997e-01 9.731137680239354548e-02 1.193676132748239804e-01 1.166512418087931741e-01 3.321662251998531989e-02 6.836164376373178586e-02 9.687599218333782514e-02 7.967908424410395651e-02 3.343899145080217461e-02 7.748722345813389978e-02 4.711131855792351913e-02 1.168154893629764698e-02 2.499752833205060726e-02 3.595912000198492331e-02 5.623318340211989202e-02 2.404537734557926285e-02 2.843587575838559325e-02 2.847358784976439586e-02 2.417282142622209640e-02 2.427865468493904319e-02 9.386706426853059712e-03 6.784761229995933673e-02 6.585651718814206079e-02 1.917157211064098726e-02 4.839384850606904404e-02 5.694279401061928120e-02 1.594194306653162405e-02 1.387532810866236310e-02 1.707880360370643558e-02 2.157515827434661887e-02 2.221119777311007445e-02 5.038197841120926196e-02 6.532638954103069107e-02
-2.659566706742924266e-02 1.000000000000000000e+00 -9.327058529609819071e-02 -3.015047525140196472e-02 1.272753421809215413e-01 7.347308369610625056e-02 1.311943035749219277e-01 9.276743534629300347e-02 1.127801237255710992e-01 1.878849087627519898e-01 5.299460722060557460e-02 8.613592072538918398e-02 1.411722487784660418e-01 9.437807306620414616e-02 1.291566197163545593e-01 1.488524063967293920e-01 8.898899020936237858e-02 1.557986115819680155e-02 8.274948909600980326e-03 3.484029094586638033e-03 -5.545273746679478533e-02 -3.201612243558721316e-02 8.380563830693429916e-02 -2.218628943850170163e-02 -3.269306771710873277e-02 4.192537985331901140e-02 -8.146201014545845914e-04 2.967437022138417341e-02 3.830130260044112972e-02 3.083075723893978839e-02 2.311312185279755863e-02 9.971280707454645287e-02 3.684199742380674797e-02 1.420482487800146798e-02 3.702833896769805455e-02 -5.672105771189262825e-04 5.424478433404533555e-03 1.444984640743764148e-01 8.975796486716659806e-02 5.722816993778695460e-02 9.449967146091473036e-02 1.178893608909413471e-01 6.489197220996967275e-02 1.103950963528236434e-01 5.255679315361324461e-02 1.157993481692923543e-01 1.363498225183525092e-01 1.599013268033789847e-01 1.416821176482790101e-01 6.688306645010455576e-02 1.150054384267691771e-01 3.733841411799636995e-02 1.031671131985762713e-01 1.344437672397969241e-01 1.021563779782077158e-01 1.000539211073686319e-01 6.563283768269007057e-02 1.365219649896554366e-01 1.318964223941911096e-01 1.339957064403610731e-01 9.376500737974151345e-02 1.322222293786042280e-01 1.192926918158818128e-01 1.213904949224247631e-01 1.121581194734693754e-01 1.015797249014244868e-01 1.415405780987966933e-01 1.037933215936912984e-01 1.347442251007062719e-01 8.582407221570215183e-02 7.224403800328013658e-02 9.603739611935997733e-02 8.381099156754852342e-02 6.495031980739525423e-02 1.128774312247487199e-01 1.080438162114261691e-01 1.238076435989112350e-01 1.080651949745462387e-01 1.238233768381780397e-01 1.099579236106768415e-01 9.296630556306983983e-02 1.060586322015076438e-01 1.363581766796345129e-01 1.117248813639201283e-01 1.059585988266514844e-01 1.022152122694150178e-01 8.786555526546772910e-02 1.556611322564855349e-01 1.262029183082503947e-01 1.245931047276806203e-01 1.170363815107329647e-01 1.362469704762328537e-01 1.139535307366023875e-01 1.324691384838214692e-01 1.456424791059417467e-01 1.530247887286036723e-01 1.090933313468463867e-01 1.081480112270404303e-01 1.164203992284037065e-01 1.334681853175476718e-01 1.179679491432835126e-01 1.315321472102154443e-01 1.324579344356528465e-01 1.331394304747473556e-01 1.115198523817182291e-01 1.099916716209165951e-01 1.446247727862305377e-01 1.484852262480491070e-01 1.353949675254436658e-01 1.440337080471097431e-01 1.393348016557390823e-01 1.472408650111610151e-01 1.403261410534241138e-01 1.433722718580034416e-01 1.289285687619629583e-01 1.288941111380992322e-01
3.129725368020706555e-01 -9.327058529609819071e-02 1.000000000000000000e+00 4.015296399372376146e-01 8.825802670383528503e-02 1.440819704828967818e-01 2.497903797581682017e-01 2.775981920938138670e-01 4.534996705396617256e-01 3.132931025026786664e-01 4.671383371421781727e-01 3.384598259960337474e-01 2.862973515705312111e-01 3.483793617022079570e-01 2.801997061012377888e-01 3.115603169242456838e-01 4.307650115441529204e-01 5.185378126285571376e-01 5.480117352514665141e-01 4.699334872503663219e-01 5.791634797115009503e-01 5.734290102528792898e-01 4.679790944693853483e-01 5.566354094798916519e-01 5.660436726724674683e-01 5.489161102731852093e-01 5.704415714440765894e-01 5.366223759215962286e-01 4.646700827556588531e-01 5.268668973132540900e-01 5.485694559919731539e-01 4.344509734184205385e-01 4.803254275925279426e-01 5.068311122615114517e-01 4.814057860472861772e-01 5.328477869678905909e-01 5.391072646861085893e-01 3.321596303391221583e-01 4.534676142301997670e-01 4.956181378040498409e-01 4.374305331675660824e-01 3.553881084766004617e-01 3.999807631372368499e-01 3.791266837990046601e-01 4.991089438802716050e-01 3.808048148053131965e-01 3.235298569475140718e-01 3.258603468498333933e-01 3.263262903067573606e-01 3.943602570252143780e-01 3.488984795349986401e-01 4.425730097712039512e-01 3.622526368117016671e-01 3.685336799375714678e-01 4.065919698749056455e-01 4.488270226557152798e-01 4.288976048133203989e-01 3.233732890671047189e-01 3.254114720472843780e-01 3.437614409285969508e-01 3.670121729272625699e-01 3.455843684563701390e-01 3.530548869269035106e-01 3.513165678449591267e-01 3.875151925546307941e-01 4.149719241538289416e-01 3.489867746190412623e-01 4.209392991716597865e-01 3.810931301562314744e-01 4.461967842860777300e-01 4.553404476011965185e-01 4.376622792984680155e-01 4.426646288994111056e-01 4.783575494466713596e-01 4.265437371797229926e-01 4.184092392450767250e-01 3.672889182297345845e-01 3.997421838118959680e-01 3.917991710680894801e-01 4.306409634542210929e-01 4.411955869880991310e-01 4.302268032516859964e-01 3.843042889368313286e-01 4.015612016684969587e-01 3.812272381080926142e-01 4.030601978835064436e-01 4.318034150507509272e-01 3.240224089698018339e-01 3.768477044814114163e-01 3.885421077716354477e-01 3.860616623192703045e-01 3.401180442796176151e-01 3.965632382065373829e-01 3.574910867884545929e-01 3.128005281766852996e-01 3.150602980839581901e-01 3.555477845653206570e-01 3.614190349379131084e-01 3.429437378356747224e-01 3.306828730359191448e-01 3.518965112326671862e-01 3.333744364153672923e-01 3.391942760899623877e-01 3.238456669680860878e-01 3.887398468717939704e-01 3.717299933915312327e-01 3.155878063883749696e-01 3.370334345246875363e-01 3.528575367829827614e-01 3.150283469023137939e-01 3.126809969825143920e-01 3.166753657483036277e-01 3.234384982061193625e-01 3.273731643118621415e-01 3.572598550040054222e-01 3.685756440591629324e-01
5.348561052103691787e-02 -3.015047525140196472e-02 4.015296399372376146e-01 1.000000000000000000e+00 3.251056038465227060e-01 3.903038661801237486e-01 5.767362495173221637e-01 5.247078251969611307e-01 4.468224167291652282e-01 3.884009681502139655e-01 5.574416699289086452e-01 6.269430296369926658e-01 4.674000332365300103e-01 4.704442824293322278e-01 5.731511960296010733e-01 5.501410362184507852e-01 4.207800827760274642e-01 2.674873805994997245e-01 4.059207632994760728e-01 3.017154532352137042e-01 3.767858034680882651e-01 4.370860745068010922e-01 2.759421229829434608e-01 3.351512740442447735e-01 4.186522015134676589e-01 4.918674868528102873e-01 5.140881249356576976e-01 5.105258091350972638e-01 4.399251360679459211e-01 4.493239064167263708e-01 5.373250598905110476e-01 4.240820429897503852e-01 4.153162445258632984e-01 4.469834135604326408e-01 4.034189343128513627e-01 5.380994087419727068e-01 5.024190701991979591e-01 4.749857610598910429e-01 5.280427983259132763e-01 5.585688985132325479e-01 5.682822184796516574e-01 5.547926008268291298e-01 5.702730328057248332e-01 5.750739989261040019e-01 5.749296768422681447e-01 5.372700079858407918e-01 5.210625297750849372e-01 4.965741099566262640e-01 5.027641479920627043e-01 5.137648124700998631e-01 5.167970092160284468e-01 5.897716706447770907e-01 5.612144793509831198e-01 4.698867822336946221e-01 4.862785855825878523e-01 4.819202018303914703e-01 5.082705333338689568e-01 5.095499973878725442e-01 4.871387579193509620e-01 5.229244982028218303e-01 5.321162483199675108e-01 5.015335658484638692e-01 5.160295722774165261e-01 5.216958806948616134e-01 5.122772617136254203e-01 5.340352633916634062e-01 5.042239051255743565e-01 4.921087589928022643e-01 4.673478669889693515e-01 4.901868254381487322e-01 5.300163696342446995e-01 5.259254197287979160e-01 4.855169435286606494e-01 5.247807569579479026e-01 5.452109218556870918e-01 5.435375828293772527e-01 5.283029997362526098e-01 5.190615371004958511e-01 5.403835098304923257e-01 5.043621406201951318e-01 5.191088593353828662e-01 5.541557423283550721e-01 4.929601686347839795e-01 4.806445833168852544e-01 5.165490594447492700e-01 5.029728549850221997e-01 5.472919194983335567e-01 5.065830570871512339e-01 5.287297556260504017e-01 5.155000523956899672e-01 5.409110356644059037e-01 5.452258975968515831e-01 5.559595206520500099e-01 5.382880207877591694e-01 5.163856171557272834e-01 5.084502160417661010e-01 5.589017232613463504e-01 5.319662806860588899e-01 5.517679471317120665e-01 5.244749763591339820e-01 5.572886375299583861e-01 5.357675373764005933e-01 5.425076703371307651e-01 5.442343571336984986e-01 5.556957757425968758e-01 5.305770399672418147e-01 5.135452113181417921e-01 5.038639983807359224e-01 5.134525821474683616e-01 5.198697375881379257e-01 5.161428093336459799e-01 5.163835733191163291e-01 5.221416496888355852e-01 5.200133330995965197e-01 5.193751921566299723e-01 5.261313134224305799e-01
-3.308228330718116644e-02 1.272753421809215413e-01 8.825802670383528503e-02 3.251056038465227060e-01 1.000000000000000000e+00 3.143762755757764649e-01 4.606371276334317866e-01 4.553414511340131976e-01 3.509092284003403894e-01 3.454525451651587198e-01 3.694924569782829238e-01 4.740035167275866157e-01 4.627185857937881064e-01 3.624828160354569007e-01 4.882354933900439065e-01 4.977334170159038451e-01 2.831506178646082117e-01 1.399295708048524101e-01 2.025157390689407699e-01 1.946589841979002589e-01 1.617520753803424194e-01 1.932336396977318849e-01 1.714134362079271778e-01 1.479183394295253418e-01 1.702487390165609848e-01 2.919328287424096113e-01 2.757063208965604417e-01 2.990723928691594313e-01 2.743972580845624454e-01 2.435589713797776112e-01 2.963215289333633873e-01 3.260413797697334082e-01 2.667131448868576005e-01 2.822648514305801104e-01 2.532138436029421347e-01 3.045693505614797680e-01 2.955234307667830573e-01 4.139699039850352480e-01 3.895111177683725501e-01 3.800173436739314736e-01 4.308058659744117835e-01 4.600207331329806970e-01 4.376502856990835411e-01 4.615508854722052412e-01 3.779404825427648551e-01 4.364621441114263645e-01 4.613297065132223040e-01 4.441186053590415184e-01 4.433094401217786973e-01 4.114811206055912218e-01 4.446788629609198518e-01 4.183179826090939746e-01 4.623681747586194657e-01 4.064478972144486280e-01 3.960831917588938378e-01 3.629529584872389636e-01 3.829576936302735990e-01 4.594201432054510481e-01 4.375122559517415355e-01 4.543170275132558666e-01 4.490229390726701020e-01 4.403573337659655862e-01 4.402171104565170690e-01 4.422155292884172861e-01 4.167691419356628901e-01 4.242429879365761103e-01 4.384155004984505721e-01 3.973986841643751822e-01 4.003790799085527041e-01 3.918807331903649271e-01 3.880730730739896939e-01 3.990003097923869313e-01 3.781843293316717869e-01 3.692955970554872569e-01 4.345311345748571474e-01 4.197881053822087871e-01 4.408526282337978941e-01 4.146763463650740555e-01 4.402185052957103273e-01 3.897184604089352078e-01 3.983623694424910933e-01 4.131390917770025872e-01 4.070837345086131265e-01 3.961289798461994360e-01 4.280628507172987152e-01 4.086483817768394311e-01 4.144482199365354669e-01 4.575460839463079132e-01 4.380283754411241626e-01 4.279283783489883364e-01 4.407420246022095700e-01 4.688768780906145128e-01 4.411873078706279316e-01 4.556561466436741537e-01 4.625876788209157819e-01 4.572885317276798589e-01 4.586916385660733675e-01 4.437926033095145328e-01 4.657071516534319056e-01 4.581018330864322641e-01 4.632094298822517220e-01 4.655110856917178408e-01 4.651444362480337547e-01 4.723180213382744408e-01 4.467484626482426946e-01 4.384598317692704472e-01 4.574735130301226804e-01 4.477318213474457687e-01 4.487517087368836366e-01 4.652527667064377259e-01 4.636922053856395443e-01 4.619946665446447720e-01 4.582190273733902086e-01 4.549650292746602598e-01 4.403276957265338520e-01 4.407067054668024064e-01
-7.046528436544802210e-02 7.347308369610625056e-02 1.440819704828967818e-01 3.903038661801237486e-01 3.143762755757764649e-01 1.000000000000000000e+00 5.283078340588220900e-01 4.593062168326489392e-01 4.463491895593582059e-01 4.273278404769483285e-01 4.886937902509604359e-01 5.747545532439443106e-01 4.981386053741077569e-01 4.701740624200948515e-01 5.766368315071709327e-01 5.681258175524671605e-01 4.422938740898674226e-01 2.628135034529309189e-01 3.394127214943268855e-01 2.625693903385451500e-01 2.893330297541799045e-01 3.262431094114927044e-01 2.809883057232307468e-01 2.827205047455129683e-01 2.942616150130396013e-01 4.166756483647789944e-01 4.162353302433157709e-01 4.351179715693185845e-01 4.076458825641841033e-01 4.083274236860392481e-01 4.559777926183848917e-01 4.747861008579687958e-01 4.078608060366893939e-01 4.335216296090753096e-01 4.180283407487208058e-01 4.630480492334291820e-01 4.562359106559975563e-01 5.402662651080072376e-01 5.316325850949294995e-01 5.007101131772616620e-01 5.513739198562606081e-01 5.718199600509996650e-01 5.596138184873771237e-01 5.809763831224704633e-01 5.240592816741834747e-01 5.639000865298630094e-01 5.771689669725655891e-01 5.643666306728275517e-01 5.690863471563809561e-01 5.131794505551028340e-01 5.624982504740995148e-01 5.011161985325822688e-01 5.638855483353975018e-01 5.308877582714048859e-01 5.175003741394047507e-01 4.886761722032932909e-01 5.082296014744681623e-01 5.655693200283931077e-01 5.527557740041206813e-01 5.697315853247213457e-01 5.638988809715199668e-01 5.597539679073957331e-01 5.636509588670212123e-01 5.680330447188386422e-01 5.445233523887393901e-01 5.407098730655934826e-01 5.681068756008522680e-01 5.315651329380514101e-01 5.407926522008046355e-01 5.129186222686819008e-01 5.272307528363971985e-01 5.310881175021429090e-01 5.140393876578122079e-01 5.053598801585540423e-01 5.520907500021258185e-01 5.584608213296876622e-01 5.716957257904634604e-01 5.503413865971366059e-01 5.659720891370039197e-01 5.386295447467447373e-01 5.418448437379942417e-01 5.558130302859481953e-01 5.446030129290543309e-01 5.420005290120071262e-01 5.558960165174199330e-01 5.486491497876737622e-01 5.519197647019823405e-01 5.735555564325011124e-01 5.706814998970565211e-01 5.501170816404254982e-01 5.681903067197090484e-01 5.850408978542720462e-01 5.720865049441218320e-01 5.804561084297389373e-01 5.819353797279167573e-01 5.766861813015217164e-01 5.695655629195225389e-01 5.591619594698914453e-01 5.854550945927037287e-01 5.800186933059877648e-01 5.848503953388621834e-01 5.787355477470155218e-01 5.789370915800314821e-01 5.869490768808307557e-01 5.670725687651115843e-01 5.606475768412721994e-01 5.770695001138260727e-01 5.690518057214269954e-01 5.644937584197402547e-01 5.829557635356231726e-01 5.796573910562361487e-01 5.804264611325857803e-01 5.807220436594328072e-01 5.795320552802318836e-01 5.698283261868520855e-01 5.624391004889151002e-01
-5.857344489414782751e-02 1.311943035749219277e-01 2.497903797581682017e-01 5.767362495173221637e-01 4.606371276334317866e-01 5.283078340588220900e-01 1.000000000000000000e+00 6.909225589631606823e-01 5.960378871224316644e-01 5.892554136474679183e-01 6.689572787562583223e-01 7.691914994749090573e-01 6.880808691174898906e-01 6.292210933538204820e-01 8.319869913051592958e-01 7.748363660301805789e-01 5.772702812335670508e-01 3.415834843897959661e-01 4.736667579324537192e-01 3.588687203213808963e-01 3.847847399512974720e-01 4.654919017076012966e-01 3.567145938000241823e-01 3.644740106931710910e-01 4.225988443483231216e-01 5.593729210748796810e-01 5.533496165703354341e-01 5.730698531136260154e-01 5.080939939010961082e-01 5.264726891740270087e-01 6.115842376714005768e-01 6.117458456541414735e-01 5.387835423476271535e-01 5.687726322767853171e-01 5.441593454768541838e-01 6.230818965889016736e-01 5.991664026900269668e-01 7.058690498203686881e-01 7.027236962330731807e-01 6.664683021576816024e-01 7.282807587643943537e-01 7.455314462577909973e-01 7.435249069145120071e-01 7.672223484778968317e-01 6.958149827366698625e-01 7.394684668967966834e-01 7.597625996262961090e-01 7.392365333302437502e-01 7.426623147771148625e-01 7.063120387398854616e-01 7.445598371014325867e-01 7.277104849976403500e-01 7.611951592627529406e-01 6.947118944626073933e-01 6.895983098397268085e-01 6.502290715499930984e-01 6.918142117713029782e-01 7.426540986273402201e-01 7.309730779105747533e-01 7.505885839946128124e-01 7.516327151024541076e-01 7.395275544541021207e-01 7.420287728816246098e-01 7.507976956295153714e-01 7.280516775477388070e-01 7.302537684992972400e-01 7.421024739858825825e-01 6.979208781670910300e-01 6.952595282383061681e-01 6.745634102911131080e-01 6.977725687218289119e-01 7.112312986643801738e-01 6.663000870371675877e-01 6.778258932035378104e-01 7.383124914997086785e-01 7.402133285043395183e-01 7.437358899109183241e-01 7.098432508826734155e-01 7.429826108881815161e-01 7.073633117458278941e-01 7.146306578792096520e-01 7.351420689263942210e-01 7.090460741900224129e-01 7.068009194287394603e-01 7.277505902322519704e-01 7.132743348256789240e-01 7.295284702252117226e-01 7.537144513216418318e-01 7.504070829060095482e-01 7.257197845448838391e-01 7.468034836966533918e-01 7.679915115340565368e-01 7.556039258646091161e-01 7.612888020172993153e-01 7.617895986623883786e-01 7.559316774416251494e-01 7.661152785021168032e-01 7.510850471951039387e-01 7.748443099886613838e-01 7.615245040770188822e-01 7.722415602887008346e-01 7.702162453753159665e-01 7.702668120456402923e-01 7.747773521883782877e-01 7.595351724495400525e-01 7.483298450461786100e-01 7.599297311930212073e-01 7.466203532979095447e-01 7.463984165030950191e-01 7.612167040716136812e-01 7.598077311843021153e-01 7.613835780531276187e-01 7.602324280840201398e-01 7.617860293062445054e-01 7.496438095124197121e-01 7.470168102658062415e-01
-3.434654103715297294e-03 9.276743534629300347e-02 2.775981920938138670e-01 5.247078251969611307e-01 4.553414511340131976e-01 4.593062168326489392e-01 6.909225589631606823e-01 1.000000000000000000e+00 6.214510733572377044e-01 5.787886668533464007e-01 6.745695756351201000e-01 7.458564233270258415e-01 6.893880496279842784e-01 6.219972608152705140e-01 7.748096664698471692e-01 7.807153191432363304e-01 5.935076715380395163e-01 3.921287224861227938e-01 5.012595259785106450e-01 4.065630419312011301e-01 4.251735730974678940e-01 4.796128272375809187e-01 4.087151405023015660e-01 4.172900896685505789e-01 4.542478743253540729e-01 5.695467639180928909e-01 5.718911888892315165e-01 5.869549276196427412e-01 5.609311304045024871e-01 5.437921035777488754e-01 6.214470863081790197e-01 6.411089680022649118e-01 5.609941730450460629e-01 5.938896763618850549e-01 5.592183423844659940e-01 6.318101621366190024e-01 6.164570063764222008e-01 7.184818372733573488e-01 7.106667999043080330e-01 6.830089803239314250e-01 7.318880524438438062e-01 7.540213730477911547e-01 7.457595754106940422e-01 7.675359813029654088e-01 7.006983077558777140e-01 7.392982645076250359e-01 7.628961971671959219e-01 7.477162441392444236e-01 7.528432766509619567e-01 7.199239479636746486e-01 7.578999520556551905e-01 7.286968980265015050e-01 7.637178545273418662e-01 7.149977932182931539e-01 7.142789752601775843e-01 6.681510892308492044e-01 7.197135661715653443e-01 7.621267482225450030e-01 7.618774232115883560e-01 7.613699003023624012e-01 7.689223439414764050e-01 7.552584477503678784e-01 7.609412806028215126e-01 7.583247395771355315e-01 7.378286804975670021e-01 7.499723757008536218e-01 7.471436682276945129e-01 7.163419600036683432e-01 7.083841414218872146e-01 6.964551057835587367e-01 7.120158494612831568e-01 7.242511884330731231e-01 6.903463714405818630e-01 6.993828213176388475e-01 7.517588691496470688e-01 7.393667501917141616e-01 7.441136777735872787e-01 7.257749203529034743e-01 7.494420100466796519e-01 7.074850315366536524e-01 7.206032461532255740e-01 7.384088195021288881e-01 7.182582249455216061e-01 7.173619532897811402e-01 7.332778488936928518e-01 7.250847065893318844e-01 7.376691392045502393e-01 7.610692043814534236e-01 7.542746376861249047e-01 7.332269843329263237e-01 7.519690190580102795e-01 7.675410283870229833e-01 7.561685143253409347e-01 7.649280352809263439e-01 7.632911539330646811e-01 7.578395176794753274e-01 7.693870145581678255e-01 7.630585733085436528e-01 7.751742473391537436e-01 7.659187615798817017e-01 7.715343489462409554e-01 7.774675551278001917e-01 7.747071347103876571e-01 7.769380716085251271e-01 7.633558342666706409e-01 7.606738311602989633e-01 7.646531269204053238e-01 7.498288537418483779e-01 7.554165169404856162e-01 7.679128947857097875e-01 7.704691549761436553e-01 7.651723432403678693e-01 7.667139611461823989e-01 7.667005098129259233e-01 7.536949715775862479e-01 7.563028473853664613e-01
2.483849177998915247e-01 1.127801237255710992e-01 4.534996705396617256e-01 4.468224167291652282e-01 3.509092284003403894e-01 4.463491895593582059e-01 5.960378871224316644e-01 6.214510733572377044e-01 1.000000000000000000e+00 7.473316681528274774e-01 8.091126054394538469e-01 7.480516019447951415e-01 7.194394731624060846e-01 7.026037020667984523e-01 7.351586344616900526e-01 7.813062656368413572e-01 8.008942245498796852e-01 7.072608497445812548e-01 7.688579749745841907e-01 6.570864871921189287e-01 7.184418467338579140e-01 7.638514719739210035e-01 7.272965693956188193e-01 7.317118205248005491e-01 7.326767481171153618e-01 8.132428903929143083e-01 8.042304435662389617e-01 8.078208900254484348e-01 7.704422280879273943e-01 8.028098637032767826e-01 8.452010786615253846e-01 8.491556394333136248e-01 7.801516610538422603e-01 8.264329686537640329e-01 7.983225924952455088e-01 8.338404865161828106e-01 8.471631416179630225e-01 8.222733720676826952e-01 8.716613185965258470e-01 8.399235520613309580e-01 8.648298374961091994e-01 8.257946794920536515e-01 8.175099410582344905e-01 8.384140247532636536e-01 8.677919019629053432e-01 8.475256099680648081e-01 8.363935117707412825e-01 8.457006608445671869e-01 8.360125298219854839e-01 8.124618372038048264e-01 8.324288974514839623e-01 7.844037069290551445e-01 8.312546943118672704e-01 8.482525217145945318e-01 8.471066279109027430e-01 8.586969672188736746e-01 8.381686444603609898e-01 8.282577635051974196e-01 8.249936913890173473e-01 8.450343148418555383e-01 8.337555056862169245e-01 8.429162908582511493e-01 8.344858642384431757e-01 8.389545691298905261e-01 8.604739168758809287e-01 8.604953753993693777e-01 8.550591220329031295e-01 8.735414168051709449e-01 8.644203178305457369e-01 8.677025786486544101e-01 8.731208528249965184e-01 8.766410799809747356e-01 8.697557177737281764e-01 8.755664950876035357e-01 8.784885552788593843e-01 8.718926697125950476e-01 8.507227626219590055e-01 8.632263287523879169e-01 8.558341195148165825e-01 8.715481865660066330e-01 8.756097334694374901e-01 8.746310821699333493e-01 8.651490170834456039e-01 8.590327658946091960e-01 8.472002496679454930e-01 8.651973658903988618e-01 8.731664938020075040e-01 8.375505009162174108e-01 8.597520934602729259e-01 8.616487242104238220e-01 8.566389134939927930e-01 8.405093472905068586e-01 8.632197691787573124e-01 8.501633858407238176e-01 8.318653340026680443e-01 8.369555492186626644e-01 8.167567172067663472e-01 8.266488974152615965e-01 8.270014089141146663e-01 8.310497260271325626e-01 8.325992781097787399e-01 8.302043755483196064e-01 8.306632868384690171e-01 8.246496564098793058e-01 8.527154839987810542e-01 8.362413230816140297e-01 8.308503335482296803e-01 8.481424430469274300e-01 8.490631501509702250e-01 8.301704207778176636e-01 8.244286023692760645e-01 8.337809965927435174e-01 8.328952537819499513e-01 8.340989347500393780e-01 8.529922036624014714e-01 8.546840219052206367e-01
1.322587286461258949e-01 1.878849087627519898e-01 3.132931025026786664e-01 3.884009681502139655e-01 3.454525451651587198e-01 4.273278404769483285e-01 5.892554136474679183e-01 5.787886668533464007e-01 7.473316681528274774e-01 1.000000000000000000e+00 7.343526487652116685e-01 7.120919212400637077e-01 6.795272795649430764e-01 6.346078574634570479e-01 7.230147135633691047e-01 7.459003253487198615e-01 7.127315092869143109e-01 5.974957647703954544e-01 6.281646410566581462e-01 5.663231171024348809e-01 5.791785100014069654e-01 6.000569745435582192e-01 6.426765120185993219e-01 6.012987720684382920e-01 5.722650267120341638e-01 6.998344364407167451e-01 6.789439264365010329e-01 7.039045836804890266e-01 6.623291107333104666e-01 6.935977580667399556e-01 7.352629094891333095e-01 7.901170354150507391e-01 6.926921818984397294e-01 7.129551044851324404e-01 6.991349509267267281e-01 7.274493684934226767e-01 7.326196802722733104e-01 7.893009396551937673e-01 7.918611308270072646e-01 7.529965724760713242e-01 8.006698447505995464e-01 7.828895738093359924e-01 7.614514942258818753e-01 7.884742863078986197e-01 7.709608550479285505e-01 7.909432828234728152e-01 7.917097999054256707e-01 8.101451352076655121e-01 7.902515461192620716e-01 7.423152195356963468e-01 7.804232744589665316e-01 6.958014224314682528e-01 7.706862355933226105e-01 8.002816005135061639e-01 7.833967866029623028e-01 7.925162971364930753e-01 7.664537728114154680e-01 7.890015613767239477e-01 7.814265542310732116e-01 8.028934124661352145e-01 7.764843556163201210e-01 8.016351260461820338e-01 7.921682877684845803e-01 7.902148708738837568e-01 7.948629270141933656e-01 7.973944937865897753e-01 8.062467886881187207e-01 8.026062850415673910e-01 8.126819830541969214e-01 7.924806253572976855e-01 7.794688976512993417e-01 7.912761292676551150e-01 7.914728123895012901e-01 7.748594377996206317e-01 8.074330668725305804e-01 8.040976323149732208e-01 7.996296871410781826e-01 7.931082631635981706e-01 7.906474334161586182e-01 7.976107089840019926e-01 7.979689658720178214e-01 8.043306027402280511e-01 8.153524694458472721e-01 7.940178420311704288e-01 7.850426159338981247e-01 7.968058938909022837e-01 8.010201341360670968e-01 7.996231529698720752e-01 8.023684617002987407e-01 8.139322519484580853e-01 7.988452684730709130e-01 7.961669598117740998e-01 7.998982798913597536e-01 7.989214894707623582e-01 7.937659673295438534e-01 8.022567733918305466e-01 7.648437870503765890e-01 7.698162619187831623e-01 7.778882453772747452e-01 7.858507056278219993e-01 7.872257188936713224e-01 7.895140835321179384e-01 7.830891956692632716e-01 7.842671911120859818e-01 7.945537791715410192e-01 7.880734543160896610e-01 7.897305565951058259e-01 8.100340556750575960e-01 8.055510334395151739e-01 7.926668761495178073e-01 7.879928458428626659e-01 7.984858659676263848e-01 7.960031883280275222e-01 7.965692573148948075e-01 7.999100835649934904e-01 8.068563971618819552e-01
1.513339101977681511e-01 5.299460722060557460e-02 4.671383371421781727e-01 5.574416699289086452e-01 3.694924569782829238e-01 4.886937902509604359e-01 6.689572787562583223e-01 6.745695756351201000e-01 8.091126054394538469e-01 7.343526487652116685e-01 1.000000000000000000e+00 8.354291776764030120e-01 7.460012208336146422e-01 7.343767576137963937e-01 8.040849542256772731e-01 8.197828632838205509e-01 7.826842038736639973e-01 6.541864678480063811e-01 7.413707617804137229e-01 6.300634518245594728e-01 6.978467025138379576e-01 7.471147959296045027e-01 6.908192589231176850e-01 6.997118544581110156e-01 7.181944159818518525e-01 8.073820351971946474e-01 8.099827107260241243e-01 8.159701036746696001e-01 7.494741757138891902e-01 7.958338728094073167e-01 8.564382364905499534e-01 8.439228704673673587e-01 7.781187656348456105e-01 8.189299158592392436e-01 7.889015288122112057e-01 8.531259651106094521e-01 8.559922788920035774e-01 8.349129958352559111e-01 8.868905398504441928e-01 8.741730064335611061e-01 8.925844275093152147e-01 8.609085745577531590e-01 8.732242822091831336e-01 8.793658070641615643e-01 8.962248891473760803e-01 8.714546276357078014e-01 8.656899785663481062e-01 8.633407011260689767e-01 8.607628518622507663e-01 8.373623815152326788e-01 8.631041558013867743e-01 8.365548566890480542e-01 8.690842813350921903e-01 8.556178132385220403e-01 8.623136080356240685e-01 8.602475936421550839e-01 8.644029495621000647e-01 8.571566442163763844e-01 8.501169775108818882e-01 8.726420721023662175e-01 8.720394167352623072e-01 8.683185746881862954e-01 8.678510163553452283e-01 8.681540434745916857e-01 8.757519488829342835e-01 8.847706544620437263e-01 8.748137948652146001e-01 8.848943755531686328e-01 8.754961848005894387e-01 8.804598983619993380e-01 8.905956832556501945e-01 8.924051093459353101e-01 8.789887229819522974e-01 8.909070465168890118e-01 8.984349365465302828e-01 8.953412025693769927e-01 8.763442589301096985e-01 8.749589458905377981e-01 8.833494933396971449e-01 8.838402954402794220e-01 8.933313069040830223e-01 8.962485068688279544e-01 8.809026585772401496e-01 8.744045272415029713e-01 8.766763686535442579e-01 8.828222155831894069e-01 8.991419354423493271e-01 8.654722529783895890e-01 8.855469462356144739e-01 8.803099206617177597e-01 8.913698380745758154e-01 8.766804086881079261e-01 8.942073277625476324e-01 8.809219996237102057e-01 8.639957412514088775e-01 8.641582444397268858e-01 8.664121502825911092e-01 8.597940386344794517e-01 8.708539031440261091e-01 8.685999908426609295e-01 8.786194166019731799e-01 8.670576552269717574e-01 8.694608218772350572e-01 8.657491620127274468e-01 8.863195371293939306e-01 8.696072733755593198e-01 8.599139008623973846e-01 8.700801127184267791e-01 8.741590833992437526e-01 8.626545119859942989e-01 8.588080800352960731e-01 8.645845270214966849e-01 8.661684374504395878e-01 8.660086619269676822e-01 8.763386891318392102e-01 8.784606451802463578e-01
9.532656481201381938e-04 8.613592072538918398e-02 3.384598259960337474e-01 6.269430296369926658e-01 4.740035167275866157e-01 5.747545532439443106e-01 7.691914994749090573e-01 7.458564233270258415e-01 7.480516019447951415e-01 7.120919212400637077e-01 8.354291776764030120e-01 1.000000000000000000e+00 7.878592957969468014e-01 7.411204260572485936e-01 8.934836024662350384e-01 8.852872463850702811e-01 7.061868198773008087e-01 4.766344093793706826e-01 5.959192691336273606e-01 4.857872687779454801e-01 5.268794750049698994e-01 5.913500279888487254e-01 5.249390015259884912e-01 5.217708841963203392e-01 5.537643162218102155e-01 7.074529561498784647e-01 6.917613033861812477e-01 7.224982873208120049e-01 6.650524107410171748e-01 6.763763638949319423e-01 7.654408608984797358e-01 7.869404462096226682e-01 7.010960898234053218e-01 7.281210144673493367e-01 6.963937741398793513e-01 7.706586989629005124e-01 7.625242274306072154e-01 8.585699645680827663e-01 8.580539736277171814e-01 8.342898555377622483e-01 8.894808190566988459e-01 9.018718402207396290e-01 8.864451826505893584e-01 9.163819960679279175e-01 8.498322306593718567e-01 8.935138342605931649e-01 9.111747186771543827e-01 9.008006706762087257e-01 9.019555892540928044e-01 8.478482746616755605e-01 8.944545535167255368e-01 8.430325340563155079e-01 9.101596131189781946e-01 8.649228115630511748e-01 8.560690123423900788e-01 8.198750300309584071e-01 8.499862962788284904e-01 8.969087779327320487e-01 8.872983242863630160e-01 9.102276759596938938e-01 9.006741064929029150e-01 8.987567939698206665e-01 8.984697953915918855e-01 8.996281988068224322e-01 8.781090464315789434e-01 8.897483646311282746e-01 8.966220848118996445e-01 8.618828938201910095e-01 8.667231052831010363e-01 8.409404265863319461e-01 8.619642135988403453e-01 8.711772325890491109e-01 8.392694564681570935e-01 8.432473565809721627e-01 8.973954891512410104e-01 8.947407501599184965e-01 9.017580556643280953e-01 8.719890382165236264e-01 8.967825850433749357e-01 8.594056385934366604e-01 8.761654872856050602e-01 8.903369613170935004e-01 8.720718461095083862e-01 8.701556344080386696e-01 8.926973908024621318e-01 8.804471711440166048e-01 8.935149449774177910e-01 9.067544288398071695e-01 9.046725086721044695e-01 8.834928664013947941e-01 9.110649192660513762e-01 9.222139203372052840e-01 9.102848811901325110e-01 9.145460140827585960e-01 9.163247070969340324e-01 9.125855369074161727e-01 9.131039818921470319e-01 8.948194117319790974e-01 9.210500072155594076e-01 9.139143521406362103e-01 9.219950248260583292e-01 9.165130363742965969e-01 9.185188492356962664e-01 9.237507156069981740e-01 9.099911766880826036e-01 8.970538563408145816e-01 9.118748420273620203e-01 9.047656209033233532e-01 9.042068425695970468e-01 9.147741247529580511e-01 9.116064472607772196e-01 9.151112327944200819e-01 9.152992313751527886e-01 9.105664765527633486e-01 9.018761813451945386e-01 9.035675877618021268e-01
2.304809353856883403e-02 1.411722487784660418e-01 2.862973515705312111e-01 4.674000332365300103e-01 4.627185857937881064e-01 4.981386053741077569e-01 6.880808691174898906e-01 6.893880496279842784e-01 7.194394731624060846e-01 6.795272795649430764e-01 7.460012208336146422e-01 7.878592957969468014e-01 1.000000000000000000e+00 6.738568224382517347e-01 7.963904356131659146e-01 8.290380141696797045e-01 6.896324549535342019e-01 4.947870359165605358e-01 5.977993709787325916e-01 4.950852744983525455e-01 5.201080055810383129e-01 5.743795128837585473e-01 5.361214797506737018e-01 5.198935614490503010e-01 5.434947628524320340e-01 6.712402084538010572e-01 6.664166595987462971e-01 6.891746038017073639e-01 6.513211576670008274e-01 6.525644098860668985e-01 7.131003698864695206e-01 7.404551297047389236e-01 6.523935736306640809e-01 6.854209486983364741e-01 6.576286936233518565e-01 7.089321266051920034e-01 7.012986864217566341e-01 7.996208962775022133e-01 8.012546376281467486e-01 7.608370874934918815e-01 8.185520149514364796e-01 8.249112367609172658e-01 8.066103814853621268e-01 8.385277941938946711e-01 7.844764586473739199e-01 8.209923549570297130e-01 8.423029217403983360e-01 8.359511548479163778e-01 8.286478206544172220e-01 7.689426986700325095e-01 8.220968423899600586e-01 7.620880496673099191e-01 8.218216671233686821e-01 8.037182077058767637e-01 7.889782460928261854e-01 7.600702896256038565e-01 7.784304046393348830e-01 8.348345068391958002e-01 8.168631866378358586e-01 8.411238977232388114e-01 8.263903123694962272e-01 8.289739894954194499e-01 8.261566167571202657e-01 8.291701792333889820e-01 8.221248471946313030e-01 8.204755844633501161e-01 8.384525798437613142e-01 8.116508220529363715e-01 8.093787916817477557e-01 7.934553748453261335e-01 8.042094343373187293e-01 8.167412758574449372e-01 7.894575156804674032e-01 7.909423589198242288e-01 8.355523333681497133e-01 8.318476426678140800e-01 8.348890852727532952e-01 8.178789223130616959e-01 8.370759560982078407e-01 8.049300684931162131e-01 8.121899942056305388e-01 8.270507474397320591e-01 8.196672947116605545e-01 8.091107109808945985e-01 8.157310597412795738e-01 8.158112773005389284e-01 8.212205706822018891e-01 8.420702781076335741e-01 8.421562160157107790e-01 8.231588088029139216e-01 8.359786634846234632e-01 8.466080766544413772e-01 8.392718578028106613e-01 8.452231405462826697e-01 8.434252900952040610e-01 8.406609570635139583e-01 8.258106860536460481e-01 8.195924841579572684e-01 8.396165052487808422e-01 8.377754436192190735e-01 8.423795656709400781e-01 8.416781796115415659e-01 8.417189153676157831e-01 8.463875637007209907e-01 8.365111505819005089e-01 8.248053846289429281e-01 8.372758412428069619e-01 8.356370989905729241e-01 8.359104989421718424e-01 8.426042314281765311e-01 8.389598071251802569e-01 8.445096488886854047e-01 8.413364459733947420e-01 8.425205886964447499e-01 8.383928666925937190e-01 8.359603543205608167e-01
