1.000000000000000000e+00 2.472995643236595431e-01 2.068642564302854425e-01 1.069652331128555234e-02 1.156579715433496552e-01 -6.289186792839742204e-03 4.334671435418842311e-02 1.505235246345371786e-02 1.989216868654226089e-01 1.169887008289820091e-01 7.776939327686148429e-02 3.428648973122083634e-03 7.271683809633658346e-02 -5.067493582019028629e-03 5.805871526267796477e-03 5.556834262383059803e-02 2.309535337382451758e-01 3.746221991183371625e-01 2.718399028453196697e-01 3.029148173423724111e-01 2.448373048862082790e-01 2.621211144230405354e-01 3.371963541139716969e-01 2.989755268501941843e-01 2.941630592321219373e-01 2.406127059533509360e-01 2.282967311936837385e-01 2.305023346641109638e-01 2.714017294445043027e-01 2.360499969142942633e-01 2.091918790494443903e-01 2.363354210135575062e-01 1.652284600822154503e-01 1.941852840751507603e-01 2.142470099770277803e-01 1.825203770885030774e-01 2.107644582038865899e-01 1.294367837702146973e-01 1.333753449339726838e-01 6.995747066950579185e-02 9.746846911011861070e-02 9.342303820271101455e-02 9.555003299452044518e-02 1.083479422027173733e-01 1.229950804837300765e-01 9.414588020679282021e-02 1.635119481803667257e-02 5.406793797401301255e-02 5.994504015119955787e-02 1.231674422309664702e-01 1.114020193951252707e-01 1.170190927436401684e-01 8.443240726000279806e-02 1.271418345926217941e-01 1.570751437541488549e-01 1.643030264597427070e-01 1.623980749713261895e-01 3.867689660803335511e-02 9.706628290219085353e-02 7.773187079123612675e-02 1.000263597752749367e-01 1.009798248673222515e-01 1.175230019495061146e-01 1.219064337321059260e-01 1.298703197820164912e-01 1.405139403720733482e-01 8.229633490028553933e-02 1.397397397101603489e-01 1.598188265481724490e-01 1.614765793329407673e-01 1.019053345875628458e-01 1.215120543130416009e-01 1.450662343906770346e-01 1.489438860030062317e-01 7.486257554317177210e-02 9.853892767964572696e-02 7.858387335235701709e-02 1.230129183070604731e-01 8.538188996448194124e-02 1.098719972281450713e-01 1.262256699425054196e-01 9.605507504251241391e-02 1.252130680832914122e-01 1.055372879097551259e-01 5.626087492912480031e-02 1.133457396778185661e-01 9.911809172872880491e-02 4.531662174731759807e-02 6.365927415930794364e-02 1.004097454386339294e-01 3.421183186183442138e-02 3.630931381713082412e-02 6.979798813861227968e-02 5.021853921821975431e-02 1.492649791098456420e-02 3.134756758998420018e-02 3.029858586353458699e-02 8.024638053046161124e-02 4.344873372653399596e-02 3.085030795082353838e-02 3.091449923732307939e-02 4.722642809225463534e-02 4.663672525662999196e-02 2.260197844098000425e-02 7.347424767129227818e-02 9.454177952194048329e-02 5.050552206732289440e-02 5.378800418085998708e-02 7.172502976641560724e-02 3.334474113437117110e-02 3.591886138458229988e-02 6.166057833004503358e-02 4.204823307337204191e-02 5.299359856310248418e-02 8.436755892749879526e-02 7.443216077949427190e-02
2.472995643236595431e-01 1.000000000000000000e+00 1.745961964431716473e-01 7.769865023504560209e-02 1.424841951034539755e-01 1.023898529228164100e-01 1.443003319554594099e-01 1.279730061673348684e-01 1.870101403116132543e-01 2.309012529169598427e-01 1.787187321818069496e-01 1.333485321157434067e-01 1.808915296676069095e-01 1.325600180760292679e-01 1.644017078712060043e-01 1.977945418653392073e-01 2.272819186837323480e-01 3.380840984347040501e-01 2.645897669574127087e-01 2.742919162619330553e-01 2.223059395917450498e-01 2.342377786451600719e-01 3.252498584299413076e-01 3.036121044097800370e-01 2.537429209035809152e-01 2.389692983962097006e-01 2.668583818479514647e-01 2.799646309150716772e-01 2.747829711310377232e-01 2.543992769725377245e-01 2.453612871359170666e-01 2.969947332403734541e-01 2.491395503022357516e-01 2.755528662524199257e-01 2.625102103680117538e-01 2.461898760276429454e-01 2.574537145331888821e-01 2.535996955706479872e-01 2.339686051591880200e-01 2.037989929555273638e-01 2.131368635652643173e-01 2.063397647961552339e-01 1.915651261884092349e-01 2.070951831360674789e-01 2.184168326791360304e-01 1.977540260920435944e-01 1.579798232771590372e-01 1.859886288217055816e-01 1.829007403196758474e-01 1.962466437779705475e-01 1.993132323454442634e-01 1.613400651036068778e-01 1.679834088733819231e-01 2.244521610414307866e-01 2.321635249481346641e-01 2.504885056346822236e-01 2.212625699137784063e-01 1.783449684804740976e-01 2.164236278917969769e-01 1.827497269781626910e-01 1.947160148979150684e-01 2.100121408749003049e-01 2.173119378320850226e-01 2.062620179580584301e-01 2.015465933141245836e-01 2.201505380972546000e-01 1.958562432368699535e-01 2.390330575988426354e-01 2.519262902742999688e-01 2.317195927958830559e-01 1.950624525913525753e-01 2.084758458059573771e-01 2.402669166725053540e-01 2.200898780376039643e-01 1.906220888981157435e-01 1.984840251447918813e-01 1.859065840629606781e-01 2.158910328197862771e-01 2.063902756837686925e-01 1.967701028050314049e-01 2.098763032261198036e-01 2.007149023545349298e-01 2.289833184896887253e-01 2.080010758355214651e-01 1.873689439336638507e-01 2.190956652774849744e-01 2.101356142675836203e-01 1.945438470070143533e-01 1.936889028814927360e-01 2.233798819471946029e-01 1.754319146025629383e-01 1.727862032904592116e-01 1.904148282877920484e-01 1.838622935567431060e-01 1.603982434970206428e-01 1.748804487548782094e-01 1.518323132192249958e-01 1.652782012908331766e-01 1.677200946259563841e-01 1.658349216223173606e-01 1.647015782944367401e-01 1.745629378817578348e-01 1.577373071480065725e-01 1.586994744250625755e-01 1.782626381542286587e-01 1.973373634523694631e-01 1.751912702635204377e-01 1.874624159786889566e-01 1.980764714625348755e-01 1.627362025864220463e-01 1.851052072562573425e-01 1.777075235948084864e-01 1.847114113464589924e-01 1.776050426276392646e-01 1.845421756266368563e-01 1.865738938046778150e-01
2.068642564302854425e-01 1.745961964431716473e-01 1.000000000000000000e+00 3.575428813502135039e-01 2.177039644017260966e-01 2.064734005184060972e-01 2.939503288959315341e-01 2.978246948290000917e-01 4.004414879599430543e-01 2.634759839562977879e-01 3.600655295690982638e-01 3.402413928883607497e-01 3.113161049791470791e-01 2.636669558028310600e-01 3.220198196121926149e-01 3.203433274443006074e-01 4.349256307881642636e-01 4.490667697662885649e-01 4.589904954967174433e-01 3.954340976192862178e-01 4.559164743740738990e-01 4.580377094816318051e-01 4.572787998384245101e-01 4.284780733709577238e-01 4.255402364034814866e-01 4.676265109277082388e-01 4.471488860107736829e-01 4.497592083493210380e-01 4.524830626670388600e-01 4.478705286290887710e-01 4.515855207219213185e-01 4.712994529021657386e-01 4.514414851741471724e-01 4.497368496808392124e-01 4.440787761935393041e-01 4.311622678764657768e-01 4.388736817387009492e-01 4.238172313267302149e-01 4.275466510472539228e-01 4.227594372412152857e-01 3.905768223484938906e-01 3.752751123846819747e-01 4.165649827330676347e-01 4.033198609426045245e-01 4.088537234394621911e-01 3.873178914728995226e-01 3.275486830729567034e-01 3.359917499303958777e-01 3.478157823107222435e-01 4.092161094367643415e-01 4.087578691532123831e-01 3.737753160741191238e-01 3.766046295812734979e-01 3.710874067177871161e-01 3.911043700829186509e-01 4.270317364122761528e-01 4.023990573338878107e-01 3.355470909953025549e-01 3.689484070870890364e-01 3.511196995106055652e-01 3.587140484015109987e-01 3.719560641262018019e-01 3.841295184604061053e-01 3.808358540074954224e-01 3.883868914869075817e-01 3.758519204469771280e-01 3.551795332384921067e-01 3.965302768456596127e-01 3.997476930854574340e-01 4.086838620960656643e-01 4.143117997456658985e-01 3.919697868826534926e-01 4.004922047030093357e-01 3.979197018018409415e-01 3.698815285163992161e-01 3.910442646943916301e-01 3.690160112390932223e-01 4.042274553972491913e-01 3.790553134194919460e-01 4.003676350967856901e-01 4.113568697389154427e-01 3.884572980181643098e-01 4.055618680846979629e-01 3.966786276628990193e-01 3.780590455552177431e-01 3.965903213430578278e-01 3.906135682076794513e-01 3.619680292065245442e-01 3.748068841080365865e-01 3.874129013836686841e-01 3.686070828024488044e-01 3.509419928439658221e-01 3.779506640554106678e-01 3.631929679810023126e-01 3.280258833823594955e-01 3.270261485829691894e-01 3.610680182320524234e-01 3.706901946547958571e-01 3.474975829844653141e-01 3.579967168581878467e-01 3.602457766547834117e-01 3.526875865119648013e-01 3.523994504792246629e-01 3.420896412835947031e-01 3.698345626667960406e-01 3.783401208031790253e-01 3.462874899551051100e-01 3.376608986068433960e-01 3.599846599875208830e-01 3.413118972071632617e-01 3.452824660624911335e-01 3.474472647783576340e-01 3.453583365257481552e-01 3.539776528648308496e-01 3.655759610258865755e-01 3.521892572643914865e-01
1.069652331128555234e-02 7.769865023504560209e-02 3.575428813502135039e-01 1.000000000000000000e+00 4.310877290105241677e-01 3.838346891867326360e-01 5.414332542668339743e-01 5.374163621458567519e-01 4.858633628679042138e-01 3.658619557040208581e-01 4.760542176856930041e-01 6.185125507850436355e-01 4.919019565482224965e-01 4.757776039464614581e-01 5.479283562731130930e-01 5.651655398908015382e-01 4.769572534100057770e-01 3.076772259093856765e-01 4.047435641403928641e-01 4.152114805949477794e-01 5.343009738407011877e-01 4.683874111224465842e-01 3.856748219096225450e-01 3.798890421071406953e-01 4.046879109397544250e-01 5.336845074633067565e-01 4.954872580882955790e-01 5.022510827823458701e-01 4.472369263129240546e-01 4.738232429090938891e-01 4.966449322549115197e-01 4.873696026467491116e-01 4.820059802937201598e-01 5.008934892911052206e-01 4.521997273178908205e-01 5.201645321488325147e-01 5.045368917095766070e-01 5.132711264077803870e-01 5.326661384012931766e-01 5.941152857678897448e-01 5.559516916153379729e-01 5.541704514082372857e-01 6.010836808662227693e-01 5.872068751453695112e-01 5.525486766939060601e-01 5.249988438894316323e-01 5.310165623855658268e-01 4.949240750151951973e-01 5.230737699185409317e-01 5.526408427181752625e-01 5.441516399767729606e-01 5.669532680745559272e-01 5.736745047613101001e-01 4.732306056932788496e-01 4.643852854675744046e-01 5.105878212153835971e-01 5.110777691633232589e-01 5.133929255755046439e-01 4.893111731593565161e-01 5.114644808015320621e-01 5.174576590359235562e-01 5.024010373642032734e-01 5.060923075049398312e-01 5.182083911168632318e-01 5.144313483895401884e-01 5.045908105667167298e-01 5.073407429629632759e-01 4.902678606353446655e-01 4.920228269492331052e-01 5.481461798814343256e-01 5.638119972365601695e-01 5.006037684738707805e-01 5.022064684272961044e-01 5.152716962072851903e-01 5.433200848610146849e-01 5.350834753607814909e-01 5.344026208931771382e-01 5.221069326724875337e-01 5.307441264482909427e-01 5.079298641357962163e-01 5.187687219908954095e-01 5.168467420495818088e-01 5.218974526659233559e-01 4.900220886116039565e-01 5.419230623133540758e-01 5.144556185809429083e-01 5.302431793597233156e-01 5.258629208745944084e-01 5.346304294092809606e-01 5.270137204080854731e-01 5.733956438119647281e-01 5.494644515764398607e-01 5.556018554061470383e-01 5.493477472147102469e-01 5.146454422954105379e-01 5.080254850427196045e-01 5.844919277430457027e-01 5.402500818981743613e-01 5.241554475103041844e-01 5.505448557105359075e-01 5.677231095095228719e-01 5.320794706059381873e-01 5.561959832533642789e-01 5.572832525775845980e-01 5.551100042560257464e-01 5.264809453523007221e-01 5.205195526124076766e-01 4.974383823537025795e-01 5.116770243785937478e-01 5.268161461925789935e-01 5.188283988512815137e-01 5.127944092022226341e-01 5.162216076479673177e-01 5.245346950457340229e-01 5.194902957860638715e-01 5.201938177876196390e-01
1.156579715433496552e-01 1.424841951034539755e-01 2.177039644017260966e-01 4.310877290105241677e-01 1.000000000000000000e+00 3.518963456232032105e-01 5.056859641420473617e-01 4.892343436094874209e-01 4.633730749194863718e-01 4.011303204943784118e-01 4.319891317959139720e-01 4.939231277784911778e-01 4.898876307131936336e-01 4.316810154950411760e-01 5.108729075872074921e-01 5.215464539035146174e-01 4.553375728871259520e-01 3.148189587638943188e-01 3.868493084536790971e-01 3.402181439776749694e-01 3.916350609649328351e-01 4.075415531009238257e-01 3.685487432407226205e-01 3.775455232186791799e-01 3.892695891478230585e-01 4.930532469677116891e-01 4.730915609400813682e-01 4.823194488649818479e-01 4.386814846203972440e-01 4.499435309173698272e-01 4.663752084222489991e-01 4.546366723682511712e-01 4.337059901179814436e-01 4.578055175651896125e-01 4.361195104347419527e-01 4.749181442062045400e-01 4.772378554175391030e-01 4.757523457411805268e-01 4.820987601644846077e-01 4.967600760402320348e-01 5.168004752090883391e-01 5.147092194341480464e-01 5.157301525989635982e-01 5.253405961000880975e-01 5.135873391912800789e-01 5.024673469155421790e-01 4.971308825824271027e-01 4.895709426368177186e-01 5.015776864189731565e-01 4.813323143672018078e-01 4.905186035778993925e-01 4.979418323706261695e-01 5.121592804082163441e-01 4.921790758451963232e-01 4.852717365787483916e-01 4.866069796927383617e-01 4.938425563657030670e-01 4.973973123221833159e-01 4.860583551770842892e-01 4.986206329567537954e-01 5.000121266513805063e-01 4.994063855911091143e-01 4.941714935857540181e-01 4.977632140071637790e-01 4.953549790556732169e-01 4.958453041649429349e-01 4.939320255978225660e-01 4.887363062141975578e-01 4.832210626699312561e-01 5.029277432650111068e-01 4.940174580735749443e-01 4.904758801620542896e-01 4.876877051296051313e-01 4.915197568802454620e-01 5.131596046617324935e-01 4.990803466389589493e-01 5.046413960225427653e-01 4.993507562074652184e-01 4.997493156275842896e-01 4.797111351745145247e-01 4.881196836470860778e-01 4.892354593877506486e-01 4.921681960214601137e-01 4.693577362962320643e-01 4.895573216727579502e-01 4.922418227204461427e-01 4.975272859334308184e-01 4.899527039820183449e-01 4.951407091257976067e-01 4.969832877139472305e-01 5.064444239615928378e-01 5.073537200760946941e-01 5.114894837711910780e-01 5.083049793335074895e-01 4.895964495136707062e-01 4.892879460998763030e-01 5.088925711142395780e-01 4.975617074209663926e-01 4.943633466980060787e-01 4.960520474443199102e-01 5.149660165761753561e-01 4.978264754558720528e-01 5.082853703785559230e-01 5.135219843897480541e-01 5.128955224466419383e-01 5.031422161497520751e-01 4.953796889002065051e-01 4.884456307477177961e-01 4.982756205141226080e-01 4.985445913985686039e-01 4.948261054493854894e-01 4.976324761183315015e-01 4.952740111649183707e-01 4.971317703476196836e-01 4.975424023490759851e-01 5.002094639471450499e-01
-6.289186792839742204e-03 1.023898529228164100e-01 2.064734005184060972e-01 3.838346891867326360e-01 3.518963456232032105e-01 1.000000000000000000e+00 5.399313439191797404e-01 5.160907921985098401e-01 5.341008864612829532e-01 5.009024147935065008e-01 5.479372469146094327e-01 5.995138404872332183e-01 5.457026940103184565e-01 5.563045615740609406e-01 6.210932728207561038e-01 6.097861783984550588e-01 4.909587804122432786e-01 3.197380730724435627e-01 4.065880072528436640e-01 3.254181598831279998e-01 4.005128292381566202e-01 4.275675456825099308e-01 3.690340362541059127e-01 3.730547358736129304e-01 3.959061858575314563e-01 5.388580147849247881e-01 5.391860418434550883e-01 5.469531242417168260e-01 4.709703095299223596e-01 4.980576936705880531e-01 5.448115694779154250e-01 5.141851938584681703e-01 5.107545454069499780e-01 5.284553065616285350e-01 5.066032715281417742e-01 5.446979160763401051e-01 5.517658053657940043e-01 5.799011096907369378e-01 5.764640836231166299e-01 5.810378968429128488e-01 6.110889063408491140e-01 6.175008132264649952e-01 5.866172133644302900e-01 6.200527211106656722e-01 6.060981166404241227e-01 5.985250131365662529e-01 6.195962821929426045e-01 6.142080586733887904e-01 6.251269612627471384e-01 5.914863936262644284e-01 6.027557454950730476e-01 5.886133627486177522e-01 6.151144441178958422e-01 5.967391692933819991e-01 5.843712527946215429e-01 5.694113836677102691e-01 5.907427033333044752e-01 6.161706780992797228e-01 6.030469425654443327e-01 6.129485263781826454e-01 6.119315847886536153e-01 6.055327615031798061e-01 6.018969236881895890e-01 6.060830434138426703e-01 5.960589618172694726e-01 6.060381776551810873e-01 6.117781319668397222e-01 5.824722001709508046e-01 5.731403609763165985e-01 5.759218363989673239e-01 5.924426242511443563e-01 5.923371229011856753e-01 5.685547259992717040e-01 5.719648393521254981e-01 6.218282799982026710e-01 6.182334276864135392e-01 6.243054291270793144e-01 5.975118620663985025e-01 6.144930871000127137e-01 5.958376241357330461e-01 6.016433387943815880e-01 6.072489168400301285e-01 5.945720919531835014e-01 5.920166878372657981e-01 6.132969421616322192e-01 5.974859846272896347e-01 6.134672596767046793e-01 6.162718285509792837e-01 6.193887562043184358e-01 6.045391693393131760e-01 6.223434082103451725e-01 6.286654199838962453e-01 6.237096367723400370e-01 6.271142255273489674e-01 6.215577722361970148e-01 6.200606895125487794e-01 6.229818299513959490e-01 6.206497691179864162e-01 6.199920241450982417e-01 6.236493636737041601e-01 6.258652878191279800e-01 6.234653734004020897e-01 6.273185320438651180e-01 6.302202390044349123e-01 6.212346110568105484e-01 6.153584600181448705e-01 6.219042536247840758e-01 6.113661744114537999e-01 6.159938468409442702e-01 6.232669437141530322e-01 6.180576059254957455e-01 6.199838732612836800e-01 6.207204923291290699e-01 6.237967010090407216e-01 6.158665496731613453e-01 6.220862357808925047e-01
4.334671435418842311e-02 1.443003319554594099e-01 2.939503288959315341e-01 5.414332542668339743e-01 5.056859641420473617e-01 5.399313439191797404e-01 1.000000000000000000e+00 7.282895723531476184e-01 6.387698077545439501e-01 5.972952449935644559e-01 6.401180311043580540e-01 7.440300827884555046e-01 6.962924837987977122e-01 6.614502433229175749e-01 8.195646462028673973e-01 7.790590459492732212e-01 6.274100698472254711e-01 3.543600085385451015e-01 4.758766451806365483e-01 4.043875758742178639e-01 4.703510012004451513e-01 5.144870996712047617e-01 4.443821148494471185e-01 4.393475949174348583e-01 4.695750815545203793e-01 6.893241382519327276e-01 6.629463205348831156e-01 6.995380176986979448e-01 5.693928988359725496e-01 5.925290347607032881e-01 6.417612686401578115e-01 6.344372700227112194e-01 6.483665639697271388e-01 6.564147703201133055e-01 6.185676553113662601e-01 6.844354629572300119e-01 6.764185369107913459e-01 7.325343097428345107e-01 7.136086760960008712e-01 7.627244442351472919e-01 7.611459964820413981e-01 7.775771190452966941e-01 7.493045873647945498e-01 7.689883677430775499e-01 7.569298332885530112e-01 7.364571692521310053e-01 7.524062572062093501e-01 7.371115243286817664e-01 7.539441652160434604e-01 7.329633997454619854e-01 7.308361005047601111e-01 7.314841995114439444e-01 7.500523095204588708e-01 7.206325183590008843e-01 7.049288478590072238e-01 7.007917768212363896e-01 7.151686846204917680e-01 7.474852163751212197e-01 7.245977951324705790e-01 7.325290427229367296e-01 7.313657660019844409e-01 7.261515637376336763e-01 7.211420109773998277e-01 7.346738225377529297e-01 7.229397354049944546e-01 7.189954173207079302e-01 7.357646243486735127e-01 6.937174130811910588e-01 6.890437742634373253e-01 6.972327729775247285e-01 7.042731405053335170e-01 7.046110890824321960e-01 6.807363724433163066e-01 6.801891456323135854e-01 7.649458377594412495e-01 7.447534523132259832e-01 7.591253565356721467e-01 7.163573790710534572e-01 7.428213230689869606e-01 7.131790871266711074e-01 7.221908401369906416e-01 7.199644371819754474e-01 7.296987067613053268e-01 7.113864307892341365e-01 7.525076693343455414e-01 7.230410942971089439e-01 7.472236495079012109e-01 7.584735924908627691e-01 7.560948119577515225e-01 7.420208271356419916e-01 7.803775386106590606e-01 7.701125589652959569e-01 7.620339286284972813e-01 7.666138667917486993e-01 7.440696018269404854e-01 7.444305333118750312e-01 7.814522736989037988e-01 7.522506231774555019e-01 7.435796077395310233e-01 7.658930004765487354e-01 7.751512375045389591e-01 7.565348001860621174e-01 7.617559251016952082e-01 7.746569941923915348e-01 7.621754192501580816e-01 7.443518017184780344e-01 7.480452823268525231e-01 7.374977821967885205e-01 7.445712107799273838e-01 7.524009192804665958e-01 7.529645752504762202e-01 7.386953350505016669e-01 7.465793552817237000e-01 7.541114502079712123e-01 7.418123663349387442e-01 7.431049511950061914e-01
1.505235246345371786e-02 1.279730061673348684e-01 2.978246948290000917e-01 5.374163621458567519e-01 4.892343436094874209e-01 5.160907921985098401e-01 7.282895723531476184e-01 1.000000000000000000e+00 6.343011484416224421e-01 6.082963542921629996e-01 6.396042980324466720e-01 7.441079917989131820e-01 6.823283239633997077e-01 6.604944213459589264e-01 7.700737488337455749e-01 7.831485686224870513e-01 6.071675824722514436e-01 3.419116071157077830e-01 4.561540437904619272e-01 3.908559551470301985e-01 4.624763520714002540e-01 4.823473411099414854e-01 4.167946765294602285e-01 4.135512329600304349e-01 4.283898100192059522e-01 6.644119029266186693e-01 6.460227046557980302e-01 6.662577427908441541e-01 5.584638671743975546e-01 5.833867333884444895e-01 6.273614666467594025e-01 6.158587842010092572e-01 6.268428298409791655e-01 6.295627167753830022e-01 6.088904834402539823e-01 6.436951672053342621e-01 6.439947625234363482e-01 7.109948795686678036e-01 6.893285292779732787e-01 7.293853684961938422e-01 7.403462453412258393e-01 7.561169821161929372e-01 7.155973367181216460e-01 7.495824873939271882e-01 7.236323322360929122e-01 7.129756593706744194e-01 7.420454133301808142e-01 7.261112347856600868e-01 7.410473516777956737e-01 7.057718629521755327e-01 7.180803610044319552e-01 6.957644998963586902e-01 7.292044248092178771e-01 7.041743439181236131e-01 6.893031141803085404e-01 6.768360791766797613e-01 6.920377201079476182e-01 7.352562395883798230e-01 7.180512056364817264e-01 7.177064207663272910e-01 7.199362782087165291e-01 7.127484604975374838e-01 7.122616112646188435e-01 7.174509750688844445e-01 7.020730317910303109e-01 6.996209898950321859e-01 7.199601107050880300e-01 6.765774651115118443e-01 6.686065414199586776e-01 6.799153284925710805e-01 6.907250939442111104e-01 6.844808745740642575e-01 6.594276166346783041e-01 6.497119060471204799e-01 7.461983476019996564e-01 7.294372522999549302e-01 7.362601087849347525e-01 7.033297095174910751e-01 7.211061684520132520e-01 6.945191126774254986e-01 7.011597156446164325e-01 7.083624379148457662e-01 6.996737586446273305e-01 6.998874120907715435e-01 7.307713881116557619e-01 7.019810677171496316e-01 7.211006693972696890e-01 7.356505343822570264e-01 7.326264179829664602e-01 7.166909768009553927e-01 7.504838506582077740e-01 7.488702319120430495e-01 7.377475479523939450e-01 7.457664340786541723e-01 7.329231072244791756e-01 7.310331059721891789e-01 7.509435727986683018e-01 7.345488975685892097e-01 7.298536430621225257e-01 7.478616060119442910e-01 7.509044770968348326e-01 7.393347263217504572e-01 7.454619455466272582e-01 7.580064701651046954e-01 7.373759153415464507e-01 7.231628209545908348e-01 7.339168441440384605e-01 7.230387428200748534e-01 7.278475717046124505e-01 7.398579155213296232e-01 7.375358657883360758e-01 7.257287873197603156e-01 7.314293300116344598e-01 7.390610398009663795e-01 7.219777287117591369e-01 7.265262259756376517e-01
1.989216868654226089e-01 1.870101403116132543e-01 4.004414879599430543e-01 4.858633628679042138e-01 4.633730749194863718e-01 5.341008864612829532e-01 6.387698077545439501e-01 6.343011484416224421e-01 1.000000000000000000e+00 7.134877042895765298e-01 7.801448579534633332e-01 7.938640938035347316e-01 7.346446988932857636e-01 7.215888151783688143e-01 7.960239150407170117e-01 7.800005663233710029e-01 8.152085876919242802e-01 6.225312320248564957e-01 6.949000937997648064e-01 5.846191732574052002e-01 6.462082629976543258e-01 6.769242110036245430e-01 7.018008090700958990e-01 6.778188013316556182e-01 6.740830810421352126e-01 8.079008161378958830e-01 8.095174317896947080e-01 8.077393730839140806e-01 7.330412231291965064e-01 8.010831830476931037e-01 8.407969071377238146e-01 8.335910929048869766e-01 7.559972235240348670e-01 8.142650506769455454e-01 8.022706081172137349e-01 8.230950165587936906e-01 8.247886012496742358e-01 8.400737000891599360e-01 8.482802273951791650e-01 8.061017892048779609e-01 8.690885243926793624e-01 8.481584311453780334e-01 8.253745085181198871e-01 8.618380327228153392e-01 8.580528541496375006e-01 8.682629947810960314e-01 8.564363176566385238e-01 8.679270106216299130e-01 8.631008314365217204e-01 8.379314437825354789e-01 8.584683917430716571e-01 8.222753494644166050e-01 8.611346721633190704e-01 8.736735648568088042e-01 8.582582131041243123e-01 8.684586571303620772e-01 8.564545595700244762e-01 8.526203872766278113e-01 8.635465735655516450e-01 8.783279776615311452e-01 8.735453709335793127e-01 8.745820675565098012e-01 8.668166356825338648e-01 8.775006741991965287e-01 8.821833955793355608e-01 8.796812468047349176e-01 8.803228575816112178e-01 8.748973969846779442e-01 8.741387653880551278e-01 8.719901151056370647e-01 8.505478961524958192e-01 8.697776655541696877e-01 8.673195931058925723e-01 8.542334439143515201e-01 8.705947307118163669e-01 8.806597395775797033e-01 8.631549711874091368e-01 8.633870760734170258e-01 8.636827965790089268e-01 8.744316256070877591e-01 8.807541578091223622e-01 8.752878155126259108e-01 8.791518074357781432e-01 8.643427461857510208e-01 8.653318335672164352e-01 8.784709260155928456e-01 8.744507170292107334e-01 8.591440918472942334e-01 8.673982403909749062e-01 8.734708645719297948e-01 8.528980629179150341e-01 8.643850578880647451e-01 8.728525534895360538e-01 8.655678396878387915e-01 8.610217875860219916e-01 8.632093911389181473e-01 8.417785836572440061e-01 8.647484857370389966e-01 8.677612450737821614e-01 8.570489000411223302e-01 8.553814123410969916e-01 8.629394262898075763e-01 8.654838732145431202e-01 8.588133117256409044e-01 8.742462162027673234e-01 8.691659616597370297e-01 8.699395505200839818e-01 8.682802546413040945e-01 8.701681837898728178e-01 8.670814085446094666e-01 8.579234302166038884e-01 8.764440168016133237e-01 8.614514126038524955e-01 8.695996998398971556e-01 8.804611751644297879e-01 8.731268352682892697e-01
1.169887008289820091e-01 2.309012529169598427e-01 2.634759839562977879e-01 3.658619557040208581e-01 4.011303204943784118e-01 5.009024147935065008e-01 5.972952449935644559e-01 6.082963542921629996e-01 7.134877042895765298e-01 1.000000000000000000e+00 7.158736735639964488e-01 7.392552034203340172e-01 6.940179991243959901e-01 6.989165474883224372e-01 7.698818867631876950e-01 7.742539911630416105e-01 6.668277392704545781e-01 5.014007166365135326e-01 5.647640795345582054e-01 4.200166153232386956e-01 4.618141283453447987e-01 5.291543641147882227e-01 5.803416832093314381e-01 5.684586904436671473e-01 5.439117124685635130e-01 6.822056485497833833e-01 7.102762052917509505e-01 7.294857575392046378e-01 6.337019693283330035e-01 6.692396571839465125e-01 7.279480367286463860e-01 7.260888613368395861e-01 6.891039682888544515e-01 7.224661062129424938e-01 7.054630602163629582e-01 7.102988301294524964e-01 7.170826733947548437e-01 7.841081673052315848e-01 7.643284967481899228e-01 7.290293354777146462e-01 7.914768706822917776e-01 7.940704641313028889e-01 7.248554392271217006e-01 7.825797252552920691e-01 7.715060839338181431e-01 7.856581060475943401e-01 8.003017942117633954e-01 8.147881439157272920e-01 8.016161997516461080e-01 7.399302000642884458e-01 7.617416813642586826e-01 7.050082911916988326e-01 7.597349083235368505e-01 8.036439372596874131e-01 7.720333244045645138e-01 7.698413952543703420e-01 7.463802459637689513e-01 8.076599914503305166e-01 7.976791294633851503e-01 7.979583737068890459e-01 7.919628769348910913e-01 7.928219105565769143e-01 7.828136304956857527e-01 7.870590132667041328e-01 7.767414140278435797e-01 7.888897673552051071e-01 8.107384757415193599e-01 7.989199560329812710e-01 7.980274765113728463e-01 7.487769211704267125e-01 7.499738794624187799e-01 7.811091754260481856e-01 7.809774551762943551e-01 7.589402163463604412e-01 8.024304209384000020e-01 7.979538309521324591e-01 8.008522728793614487e-01 7.814149344190547408e-01 8.052580897354225664e-01 7.828995398360155678e-01 7.920243960699815400e-01 8.037266473805315670e-01 7.903088597172539531e-01 7.956139858226061179e-01 8.041188603644184862e-01 8.007309086019802624e-01 7.978212347942412741e-01 8.160427893914983244e-01 8.068411724680982777e-01 7.996434902132044664e-01 7.936094712216720248e-01 8.072438979219677124e-01 7.998198385710911795e-01 8.069823771356766651e-01 8.048219907636087189e-01 8.121241658140361253e-01 7.623055805028992049e-01 7.741599434305489469e-01 7.959022099011405782e-01 7.994045872493280580e-01 7.891072680243146342e-01 8.008203535587196109e-01 7.905451878754997663e-01 8.021559282417156655e-01 7.855006876957534301e-01 7.845614998565602072e-01 8.024004359320280333e-01 8.133095588350095495e-01 8.085588093528924825e-01 8.031231919995627244e-01 8.087079349256559579e-01 8.067740449740957720e-01 8.059278383787326083e-01 8.057972554613678229e-01 7.942334315799610689e-01 8.026555085021805924e-01
7.776939327686148429e-02 1.787187321818069496e-01 3.600655295690982638e-01 4.760542176856930041e-01 4.319891317959139720e-01 5.479372469146094327e-01 6.401180311043580540e-01 6.396042980324466720e-01 7.801448579534633332e-01 7.158736735639964488e-01 1.000000000000000000e+00 8.195127787458900137e-01 7.230844109751373150e-01 7.371780448838576305e-01 8.110002207869112523e-01 7.923717310204551056e-01 7.456838627622131010e-01 5.786935888460723598e-01 6.656474245045408411e-01 5.045947307188198838e-01 6.009744957720112302e-01 6.547790904267547507e-01 6.492891529800317585e-01 6.434455225098973941e-01 6.418264481084225981e-01 7.735909362929174193e-01 7.848765872804533972e-01 7.849963403326645217e-01 7.022463842190107552e-01 7.699363857890989538e-01 8.192216128119436114e-01 7.958305735927999613e-01 7.468147176730478565e-01 7.963938915442604349e-01 7.804068337469703964e-01 7.974794007689479658e-01 8.045999550570600567e-01 8.259044294609814152e-01 8.342854027819629481e-01 8.003222143299330016e-01 8.559316873898236144e-01 8.453852495543053847e-01 8.187607957378792989e-01 8.542178000849033337e-01 8.501818740753848136e-01 8.505986260789326625e-01 8.546666482484372995e-01 8.621202583300514588e-01 8.587463729710793636e-01 8.160982443384005025e-01 8.387819044843441985e-01 7.994126466706280576e-01 8.451962902295557800e-01 8.613154139318675018e-01 8.444389500705987706e-01 8.417887520330561424e-01 8.326683125776787042e-01 8.573752496167158510e-01 8.521057666403358821e-01 8.615084040226441697e-01 8.606125922387831695e-01 8.644519079562417163e-01 8.556766620406910384e-01 8.565199075521369165e-01 8.525631972549110316e-01 8.564759970465313232e-01 8.664462540570975202e-01 8.607500593619583640e-01 8.553502740491214507e-01 8.304997297539570278e-01 8.472385545841756294e-01 8.576959282310909760e-01 8.452958714458622680e-01 8.372176749233283255e-01 8.681466130437205386e-01 8.675992833962618000e-01 8.569540121397335453e-01 8.499194944456388567e-01 8.615203032808531614e-01 8.581400942583095048e-01 8.655411115517850362e-01 8.700446269467787541e-01 8.582051666117898048e-01 8.567311175507366094e-01 8.582436687083581095e-01 8.659758948065430229e-01 8.673612548140449130e-01 8.629956211477523009e-01 8.660196910581335894e-01 8.615964618977760558e-01 8.489457203403157903e-01 8.636242477531610451e-01 8.683972182759670533e-01 8.668484037583285007e-01 8.617982931778737088e-01 8.643912340378974157e-01 8.397954273945804626e-01 8.500338584435376266e-01 8.661324788378887973e-01 8.597683713071395673e-01 8.600831668614324910e-01 8.663541351288303050e-01 8.636768614955604439e-01 8.608017327738874958e-01 8.610572312883897350e-01 8.640276042644055021e-01 8.665961467115789185e-01 8.669669422408770032e-01 8.691652244567902308e-01 8.652118043210969001e-01 8.650034410508496974e-01 8.684901615518414442e-01 8.684238463868442226e-01 8.690223685906517392e-01 8.637789777924415047e-01 8.676262088409418816e-01
3.428648973122083634e-03 1.333485321157434067e-01 3.402413928883607497e-01 6.185125507850436355e-01 4.939231277784911778e-01 5.995138404872332183e-01 7.440300827884555046e-01 7.441079917989131820e-01 7.938640938035347316e-01 7.392552034203340172e-01 8.195127787458900137e-01 1.000000000000000000e+00 7.985021473842696116e-01 8.235144525789181991e-01 8.959663544374087962e-01 8.851099675496562069e-01 7.594610481276978797e-01 4.823476173396586408e-01 6.153508930109300445e-01 4.833593855260364114e-01 6.059831967531380537e-01 6.251034291626148542e-01 5.801061503608108127e-01 5.807131440377254483e-01 5.919209852251623438e-01 7.768914448870407607e-01 7.829283981980099671e-01 7.912542472925045978e-01 6.689710189582219746e-01 7.381409518391057745e-01 8.013127724132579344e-01 7.784639913270663403e-01 7.492722425802930131e-01 7.911311477816191928e-01 7.550843685505294056e-01 8.083463555535100875e-01 7.993491352027636276e-01 8.547081678607042488e-01 8.584983170273948749e-01 8.635137026733311627e-01 9.052009576827999560e-01 9.063885458583279542e-01 8.647578818025555281e-01 9.078208831982966798e-01 8.850813726971040740e-01 8.890338182995494165e-01 9.236483967589075306e-01 9.128166370142928310e-01 9.143947112034908065e-01 8.638920869774850964e-01 8.796547749892048573e-01 8.560317295330091003e-01 9.021317084091279304e-01 8.801362180944982683e-01 8.481787121444761546e-01 8.516566221898689282e-01 8.563544944698323613e-01 9.134403933593349123e-01 8.866564421756629732e-01 9.118311453043600467e-01 9.010665476861232648e-01 8.957449382852065156e-01 8.828287281833974154e-01 8.950765999547406482e-01 8.851373685053246509e-01 8.881888325692388619e-01 9.092449079111445398e-01 8.746427929016157288e-01 8.627249949891999670e-01 8.614881354800246749e-01 8.855165881511252168e-01 8.775795403548356521e-01 8.600682451851305865e-01 8.542458902010539035e-01 9.182245698143244317e-01 9.058428389930350821e-01 9.082358298471486791e-01 8.736850085789621412e-01 9.033188743936731990e-01 8.787081069063570338e-01 8.858025250716166088e-01 8.968779191722162647e-01 8.877552110902278137e-01 8.772257756381575122e-01 9.143962829607324982e-01 8.928254751544532075e-01 9.022609080153565220e-01 9.158437062370680115e-01 9.143467333897903337e-01 8.978176984126977622e-01 9.230536994185507549e-01 9.267568019139597046e-01 9.201300582450537835e-01 9.243058475618548542e-01 9.225530229097095303e-01 9.214748430961998693e-01 9.096595001346799991e-01 9.039591969472032806e-01 9.149566713604909696e-01 9.212895146241082411e-01 9.220623067938955586e-01 9.192607641668589791e-01 9.257797690836904181e-01 9.312272234515491798e-01 9.163000862375311195e-01 8.987953168800797421e-01 9.187168108114821541e-01 9.128128892711129261e-01 9.102396569660543557e-01 9.230354880754679803e-01 9.160693918362760035e-01 9.177291011491172101e-01 9.157235159274879077e-01 9.207501365260406523e-01 9.104038661977302827e-01 9.150911515740288715e-01
7.271683809633658346e-02 1.808915296676069095e-01 3.113161049791470791e-01 4.919019565482224965e-01 4.898876307131936336e-01 5.457026940103184565e-01 6.962924837987977122e-01 6.823283239633997077e-01 7.346446988932857636e-01 6.940179991243959901e-01 7.230844109751373150e-01 7.985021473842696116e-01 1.000000000000000000e+00 7.234482438161286000e-01 8.186073085014924366e-01 8.257168696554152421e-01 7.059075808584445166e-01 4.685839635776971046e-01 5.834370264979920062e-01 4.529969223852962634e-01 5.296456098920200306e-01 5.937221284456701831e-01 5.565392301190735802e-01 5.520979824074522258e-01 5.663290104988210061e-01 7.327015794485008948e-01 7.330766877558356764e-01 7.449588978796062300e-01 6.441720105173371902e-01 6.817360474454421393e-01 7.369579720221588470e-01 7.142045161988517243e-01 6.879270951307082660e-01 7.185517328063678599e-01 6.976482229618337083e-01 7.361470221440566952e-01 7.413180331815019120e-01 7.818681064356630683e-01 7.788779964242381615e-01 7.724773400946508550e-01 8.225787130406564396e-01 8.236010500632420239e-01 7.794659216905563959e-01 8.216795730355139771e-01 8.071502887171505547e-01 8.062535327414707131e-01 8.313506205470574395e-01 8.276919436950681552e-01 8.292445386178480815e-01 7.687455158962397395e-01 7.868442684416171451e-01 7.757491821040923830e-01 8.181550056928513781e-01 8.201624150115558454e-01 7.970013122489216784e-01 7.866012548194872833e-01 7.903944575738404144e-01 8.281489805923917258e-01 8.118887528298953660e-01 8.322248405890859679e-01 8.211508314736368774e-01 8.206810459502946742e-01 8.093591155299137974e-01 8.140524473947211570e-01 8.142460610531682130e-01 8.220604499500514528e-01 8.227719414405666454e-01 7.997814727084096020e-01 7.913145605565932161e-01 7.837319001505573812e-01 7.967827577541328754e-01 8.035266631720114905e-01 7.851120411211750527e-01 7.811408999806789266e-01 8.346346750042938911e-01 8.225597955325391064e-01 8.239669693274775941e-01 8.031172316033756697e-01 8.227396620169906694e-01 7.962265302476619899e-01 8.058486793234619361e-01 8.145145420587133200e-01 8.078210747539109615e-01 7.949167945990406325e-01 8.141241377143988434e-01 8.085952892441009565e-01 8.189764181067284987e-01 8.257082586924110457e-01 8.236767065194401383e-01 8.233589188200933773e-01 8.237820447285757464e-01 8.341519789838423016e-01 8.297797212418228652e-01 8.351298056682970872e-01 8.274886966806461741e-01 8.297014157621348529e-01 8.111264986087886042e-01 8.097154366351181354e-01 8.223774978165050431e-01 8.205653917402088160e-01 8.256066747266607164e-01 8.276554427928108915e-01 8.324100103577519727e-01 8.370742796623605875e-01 8.255519040972624234e-01 8.202292092901442011e-01 8.278341169718191894e-01 8.299312049765832366e-01 8.321417805911659471e-01 8.316019631657221023e-01 8.300060381343440374e-01 8.316540144345810903e-01 8.306480087270047274e-01 8.291986562036700592e-01 8.269586238018256097e-01 8.348763841435993260e-01
