1.000000000000000000e+00 2.910914311435715551e-01 2.626799463789167843e-01 2.034883356264664267e-01 -7.800696113380808407e-03 3.295811559980370287e-02 1.560051384194751645e-01 1.714574570766084216e-01 2.313209032796215425e-01 9.545779587120158116e-02 1.030549803967526629e-01 2.175229355710038906e-02 6.263524457527593070e-02 -1.989660423258552552e-02 3.710295566744521711e-02 7.181741913417995227e-02 1.775383176078949021e-01 3.247664192705074782e-01 2.589986095730300031e-01 2.671099844525194333e-01 2.754653584518714227e-01 2.509710831754700111e-01 3.377947379038521714e-01 2.967307018624785186e-01 2.377187447355693373e-01 2.332988068660129255e-01 1.951522565205014714e-01 2.018065392205304343e-01 2.271185843924225789e-01 2.231772898770385261e-01 2.047471513406249055e-01 1.978979889224221633e-01 1.690281003994973941e-01 1.769225747247943625e-01 1.485599407739451316e-01 2.022951990271213696e-01 1.665690768397715127e-01 1.200305093674060714e-01 9.784697254040815306e-02 1.157536944066537982e-01 7.490330424250894736e-02 6.264952424042359580e-02 1.000584526689918263e-01 7.207742878371736772e-02 1.170317158233819682e-01 8.338460098515415586e-02 2.191546716549679780e-02 4.632683913422554201e-02 6.710684592403751147e-02 9.505339593992152836e-02 8.143801186979182649e-02 1.012313579312621031e-01 6.018617631215553154e-02 8.743240758073106411e-02 1.074806880933197456e-01 1.647196495438657815e-01 1.304502138791097388e-01 5.114804359444712067e-02 4.566584065161704425e-02 9.024561230972426296e-02 6.082234892000237814e-02 8.054554929490684301e-02 5.460386514832232807e-02 8.455742773602573092e-02 9.542805671441614845e-02 1.079528111627899578e-01 5.221433248804212279e-02 1.097055746312874669e-01 1.219048776164543130e-01 1.230397249277992711e-01 1.060595010487626194e-01 8.067982598812978301e-02 1.357876143406382685e-01 1.153707993632564766e-01 7.959632793324776523e-02 9.247621954524644361e-02 8.228579660835387555e-02 1.065056141161417336e-01 8.943574652856516038e-02 9.945377234948632461e-02 1.041136949350675994e-01 9.380048933967832792e-02 1.110550594904401306e-01 9.524249259167893999e-02 8.989704204502194096e-02 7.965988471750820588e-02 9.223133615582529421e-02 6.036328608361640757e-02 5.788984565201370225e-02 9.797259675367298026e-02 7.273223849607508840e-02 4.458003949773641644e-02 5.649210994331986535e-02 4.589623894850593244e-02 8.958856146520116637e-03 2.988045600971857632e-02 4.871533589049349688e-02 7.864747870130528451e-02 2.647113367745909315e-02 5.249153954268650363e-02 4.181455010451567283e-02 4.296548721854585168e-02 2.787842605454781547e-02 2.511972394315123425e-02 5.554063437536711084e-02 6.952997798679010077e-02 4.350630455683431735e-02 4.171139211021308857e-02 6.453052561765032502e-02 3.425942504450501386e-02 4.370361858379024494e-02 4.407346607826571200e-02 4.171520117262025179e-02 4.223470067031123709e-02 5.333160186195617242e-02 6.597556979406467292e-02
2.910914311435715551e-01 1.000000000000000000e+00 1.919674461874812943e-01 2.200690159994347361e-01 8.562084043289758251e-02 1.197292241360684295e-01 2.530228504680888113e-01 2.441341823710470593e-01 2.708058111032147774e-01 2.450289833171833687e-01 1.867094685594621328e-01 1.514493432395151717e-01 1.578291684596294930e-01 1.018757243701143289e-01 1.714645712660911037e-01 1.923073729534522103e-01 2.455634459970717220e-01 2.845857049553807139e-01 2.678409737805529933e-01 2.264514958184080384e-01 2.259369916271907752e-01 2.451519750276472120e-01 3.602588668134025229e-01 2.751314183458574147e-01 2.632310632469031519e-01 2.813174412868977847e-01 2.500413252191156510e-01 2.621694554345139205e-01 2.425350143141797588e-01 2.692510193779307226e-01 2.575734218188089342e-01 2.610041270070836417e-01 2.195401012782645378e-01 2.226110122060304397e-01 1.994757583882228180e-01 2.585886676474996593e-01 2.154057285947936218e-01 2.262605609997959955e-01 2.033011483386303053e-01 2.289284927570954808e-01 1.906500164298384203e-01 1.960199120715734045e-01 2.070171590047276133e-01 1.854395028593812389e-01 2.151433416840493607e-01 1.981724638812484562e-01 1.494107404526772431e-01 1.754751583354474953e-01 1.767309537532945063e-01 1.757722359421110270e-01 1.945438781261934480e-01 1.946893888159735575e-01 1.646249957795421770e-01 1.964857464094965089e-01 2.020947338426673234e-01 2.683593662513980571e-01 2.131520161294414850e-01 1.746767975158359520e-01 1.634577461514343522e-01 1.955318782732318184e-01 1.714017814413820451e-01 1.901879687505775018e-01 1.659769295963840208e-01 1.915677734164923096e-01 1.849901277423726953e-01 1.995721493419197468e-01 1.695874806098655319e-01 1.967387004790628890e-01 2.172423764256038448e-01 1.928504708783913280e-01 1.870654276379879188e-01 1.868178635239078900e-01 2.109860718837996696e-01 2.073802556141261244e-01 1.900444767642760768e-01 1.939429946457551790e-01 1.853088414509715121e-01 1.920831173030010663e-01 2.019326927697823459e-01 2.042691015184183723e-01 1.940198915491594400e-01 1.957356382711426812e-01 2.247696584056507463e-01 1.819005868033032880e-01 1.841118986928161338e-01 1.828135383136629266e-01 1.885014083440969268e-01 1.846788245991639044e-01 1.768499412220458367e-01 2.179256127595744219e-01 1.935447790530194778e-01 1.696594817707053615e-01 1.785078372603828567e-01 1.741801795621348292e-01 1.419139507824775936e-01 1.597673632266734811e-01 1.581707348281016223e-01 1.661662158810973955e-01 1.477934901478610286e-01 1.695822007661301478e-01 1.712200067944206205e-01 1.623827739693037564e-01 1.472487163495421747e-01 1.520077693150934384e-01 1.726307183430910719e-01 1.775535076407002144e-01 1.599759034665288737e-01 1.667706266643716462e-01 1.857102564715732707e-01 1.567270284681629156e-01 1.669899657312280961e-01 1.628451636707495542e-01 1.658286942425900856e-01 1.637542176385110848e-01 1.648145302942540524e-01 1.742464304627898142e-01
2.626799463789167843e-01 1.919674461874812943e-01 1.000000000000000000e+00 4.022464174501635403e-01 1.948536250010335369e-01 2.912041915681045090e-01 3.830370199223565031e-01 3.893092648430989677e-01 4.150238695040575632e-01 3.342780504315889245e-01 4.155021782200480907e-01 3.661907238436208356e-01 3.362294204631458561e-01 2.963413638784851978e-01 3.516718336935791278e-01 3.784219189613421408e-01 4.307319610584161573e-01 4.400435009362739236e-01 4.724836492159075751e-01 3.354994731423280308e-01 4.445479927649525487e-01 4.910415127001365732e-01 4.622013741529906183e-01 4.746702205897093685e-01 4.915495029418734396e-01 4.706452881943242739e-01 4.856966130329218867e-01 4.906474122612408673e-01 4.838861549372219240e-01 5.058429716130661280e-01 5.029583457744808417e-01 4.479128483627065060e-01 4.790029216362887698e-01 4.572485949192842680e-01 4.674605729614585981e-01 4.738564577360134256e-01 4.838684453882040604e-01 4.197279856402896248e-01 4.323434007240304910e-01 4.231954104717480791e-01 4.037151452770818549e-01 3.996251128470524328e-01 4.255694636003441444e-01 4.051004572516277991e-01 4.457830187967076752e-01 4.146335938906355323e-01 3.576622702459814063e-01 3.621972461053802328e-01 3.728516509286630143e-01 3.867269362947137190e-01 3.978168536424288027e-01 4.112030997731149773e-01 3.967771716925838077e-01 3.866897921199755062e-01 3.974803670395175015e-01 4.153427221287158133e-01 4.072492358526632050e-01 3.779877784172487321e-01 3.699057113505257455e-01 3.929254542629134206e-01 3.866696807774430700e-01 3.872133884842870466e-01 3.675923462074457970e-01 3.886257138894007035e-01 4.017493673989154801e-01 4.055270868683419350e-01 3.696930596031168248e-01 4.158684176631788354e-01 4.203195510821586822e-01 3.989280742009295166e-01 4.227423752441293314e-01 4.161761763202683206e-01 4.212369954133655670e-01 4.413774902839192049e-01 4.045359488945627913e-01 4.256716004832417077e-01 4.127578701234038694e-01 4.256604168662578846e-01 4.293882551583130258e-01 4.401835180306637452e-01 4.496125887221146256e-01 4.294885990741506565e-01 4.026009072644582409e-01 4.270530005141602303e-01 3.944150091311894868e-01 4.025039968347772223e-01 4.263324160612855240e-01 3.821490140359638521e-01 3.970669191470488357e-01 3.946724864497284657e-01 4.096269713318561601e-01 3.780898093141836780e-01 3.955102505364198606e-01 3.881930395804142897e-01 3.483266408127563829e-01 3.562586139618774128e-01 3.676058493536124572e-01 3.785672022571969775e-01 3.609548314328747121e-01 3.764739522897893598e-01 3.794782011376735542e-01 3.617950513267605972e-01 3.646922477958919329e-01 3.604577015048827660e-01 3.804680550254967986e-01 3.758326415034983770e-01 3.624970325543724892e-01 3.645744364453272768e-01 3.792076652259603331e-01 3.653367084340167770e-01 3.702457119886218839e-01 3.640024829519256100e-01 3.686294034364440142e-01 3.674711963291895089e-01 3.786044235112933087e-01 3.828316305697516131e-01
2.034883356264664267e-01 2.200690159994347361e-01 4.022464174501635403e-01 1.000000000000000000e+00 3.211484148689337514e-01 4.286454672606479499e-01 6.171916280659439646e-01 5.654075226852028901e-01 5.414593397375569994e-01 4.777335749136779053e-01 5.573633506352374534e-01 6.104717500193976853e-01 4.922325614025728768e-01 4.594295470078256227e-01 5.600818494546899728e-01 5.766743504295774869e-01 5.533787459199125403e-01 3.725098030444548569e-01 5.072501326911299513e-01 3.946221755594702674e-01 4.376600505346022740e-01 6.200255720474576737e-01 4.762924458250530901e-01 4.595464324489047514e-01 5.179720329575717708e-01 6.590811032010887027e-01 6.323912378633460563e-01 6.237109711324670958e-01 5.943242578135172760e-01 5.691023887951679461e-01 5.864911315225422861e-01 5.493852010561508514e-01 5.648845237711478395e-01 5.282088950318128973e-01 5.485916054493794602e-01 5.603229636733086938e-01 5.414535837890270820e-01 5.774634839717063262e-01 5.670545781305008637e-01 5.802316466416235219e-01 5.854208166069503338e-01 5.839463284062540449e-01 5.872413705190679956e-01 6.012706737579615046e-01 5.915884400006869992e-01 5.834375716777561172e-01 5.338774549686037263e-01 5.345431230616253249e-01 5.586958293769119788e-01 5.585216779450913327e-01 5.728512346445278069e-01 6.012169843944471515e-01 5.765863845005370081e-01 5.473611797859376793e-01 5.546791045013441668e-01 5.716238337166952288e-01 5.713306260746315868e-01 5.636823117780142001e-01 5.417381541165960934e-01 5.665905850135442012e-01 5.707900939202827928e-01 5.497696378532613837e-01 5.425306357227989151e-01 5.528759320413103584e-01 5.607693768531536449e-01 5.613598229377653182e-01 5.417032683960476547e-01 5.504552139054905702e-01 5.545226958660803840e-01 5.422307548880069827e-01 5.962993996274498221e-01 5.711121395910703225e-01 5.497479056230342165e-01 5.597729747445765458e-01 5.973282821404348741e-01 5.892891488186005056e-01 5.879654287284444836e-01 5.859498000373828397e-01 5.908220407177843247e-01 5.726974589502298318e-01 5.624477349797446513e-01 5.723236218476125403e-01 5.537230205228861335e-01 5.627494586455443759e-01 5.531633024277405886e-01 5.498645430191243522e-01 5.509632079525097481e-01 5.597398250627242389e-01 5.530934161768898960e-01 5.617235707559603552e-01 5.792114932116673165e-01 5.636688783546678350e-01 5.673924421965181875e-01 5.610407435369589857e-01 5.330469603662036926e-01 5.349200782700045398e-01 5.702642615325226316e-01 5.683828214224888598e-01 5.472067860572146225e-01 5.583568512364386338e-01 5.526308838324786032e-01 5.485580567091888904e-01 5.583017008466546471e-01 5.564613442947161648e-01 5.624660734873779822e-01 5.668526666531332747e-01 5.456748307046189739e-01 5.450270126830339956e-01 5.571782601780994604e-01 5.505878860067504599e-01 5.544584397816471055e-01 5.451428464351163461e-01 5.420357999290988937e-01 5.454677567967052276e-01 5.507894540389960403e-01 5.555170911886327945e-01
-7.800696113380808407e-03 8.562084043289758251e-02 1.948536250010335369e-01 3.211484148689337514e-01 1.000000000000000000e+00 2.912150735396047407e-01 4.344065430261069838e-01 4.371113576986688232e-01 3.791875566332515435e-01 3.580096689253457476e-01 4.183041110951067343e-01 4.253813644124943560e-01 4.126852678182761358e-01 3.674032367986591052e-01 4.599351847767684798e-01 4.561016910194129470e-01 4.033167468242713216e-01 2.913502116901611205e-01 3.627941643732400245e-01 2.609212431177463376e-01 2.954569877658816957e-01 3.637401688427800983e-01 3.202666631047911272e-01 3.503499654911479411e-01 3.648628217559263254e-01 3.929330079768805217e-01 4.018263835938134521e-01 4.109002608029568848e-01 3.437000589215717938e-01 3.773700322386084882e-01 3.746363784993032575e-01 4.147594252342605148e-01 3.842091463657689721e-01 4.145101980400344721e-01 3.942083025231257754e-01 3.959985280942611707e-01 3.875705902115217927e-01 4.123546166544491132e-01 4.199848955589018940e-01 4.123173575686406300e-01 4.331660271794631201e-01 4.457800251572375250e-01 4.356277591765417290e-01 4.405277414562459026e-01 4.360056552541085040e-01 4.254112513030032239e-01 4.433564942837178169e-01 4.314792966109604611e-01 4.312752259720442072e-01 4.303184284241815538e-01 4.362170809702458074e-01 4.579744942937787888e-01 4.411060831144199557e-01 4.302596473151540923e-01 4.285956626591032603e-01 4.198509173171120490e-01 4.311735596794347702e-01 4.457802410856049335e-01 4.313738092863235729e-01 4.428692372959773249e-01 4.455912358098794712e-01 4.331505543142457615e-01 4.257538289227199568e-01 4.342780381588967065e-01 4.443100756569780541e-01 4.375249951234370105e-01 4.436366623883112870e-01 4.417663502850044943e-01 4.363982814157673640e-01 4.292017151910592077e-01 4.439831650067442292e-01 4.478241757695845537e-01 4.435839977166677883e-01 4.433004960810868478e-01 4.389777282720957463e-01 4.343668908316535293e-01 4.360063386479755554e-01 4.252552913371535626e-01 4.383963481881247848e-01 4.306722964325552794e-01 4.318494057385344753e-01 4.302055534895710687e-01 4.361178829137847823e-01 4.355123313820984388e-01 4.394720527756089679e-01 4.506301373100157215e-01 4.348099823866877767e-01 4.407133508688017565e-01 4.369413860254179882e-01 4.345575581767338602e-01 4.371513477041523710e-01 4.412197881124107490e-01 4.469917730034141390e-01 4.424595895230808984e-01 4.402099834275344792e-01 4.388365597903929327e-01 4.464276971313635989e-01 4.404244444595457053e-01 4.442337900730055633e-01 4.417073550773748525e-01 4.496905569669836789e-01 4.422868635480600719e-01 4.514490797085285445e-01 4.496483065549508606e-01 4.515934964254428863e-01 4.430830380580640382e-01 4.413228080988917390e-01 4.370811420559572724e-01 4.431953240374080227e-01 4.421896937164285224e-01 4.406600397533909086e-01 4.415431549988828586e-01 4.407571002573563157e-01 4.436451256536063092e-01 4.447282677168955534e-01 4.432899577543217839e-01
3.295811559980370287e-02 1.197292241360684295e-01 2.912041915681045090e-01 4.286454672606479499e-01 2.912150735396047407e-01 1.000000000000000000e+00 5.289425952761092065e-01 4.811024643153632430e-01 5.178399622123258661e-01 4.689885739209005422e-01 5.662551705534731861e-01 6.018520132277601631e-01 5.017446507572622671e-01 5.080895641895805115e-01 5.959456730513725820e-01 5.833834594134673646e-01 5.305353919602191493e-01 3.429312724499929410e-01 4.757690004289152341e-01 2.970763098572999361e-01 3.934906262003441957e-01 5.149195914964053156e-01 4.142521025977964899e-01 4.184897040230161069e-01 4.877380322345248875e-01 5.756571482291374942e-01 5.862770450566667790e-01 5.958755256654919563e-01 5.477030121862590528e-01 5.322571014457000427e-01 5.733173465266010460e-01 5.566745977726056394e-01 5.665279219240254571e-01 5.474962994141155948e-01 5.581787755565427167e-01 5.682372365158504524e-01 5.608036092599438804e-01 6.005508727700153981e-01 6.054709768115438262e-01 5.999124602510900184e-01 6.157753822174820701e-01 6.161999718775557078e-01 6.102165361637114094e-01 6.222128639928170557e-01 6.118292455787575079e-01 6.157613255254045237e-01 5.983878115730189018e-01 5.969810935810139219e-01 6.029464154895275430e-01 5.864712472824252787e-01 6.089492950491701695e-01 5.998783862028725933e-01 6.071884003452265866e-01 5.965004117006574846e-01 6.029310872922084563e-01 5.838266522627234556e-01 5.967481445140557783e-01 6.081815042020166651e-01 6.086101626551271293e-01 5.978814821840705562e-01 6.049900336533090561e-01 5.967115959031833450e-01 5.996978053513735141e-01 5.968025884394475566e-01 5.967552218512593987e-01 5.982008457951485392e-01 5.985375352422871442e-01 5.896396235222705062e-01 5.863525828782586435e-01 5.544391008632091333e-01 5.945460266831934515e-01 6.050362898798047340e-01 5.741642719776707260e-01 5.865173492278088485e-01 6.195042717936748433e-01 6.173304463213238336e-01 6.180798386125117005e-01 6.103828783361280319e-01 6.159912611013051986e-01 5.984142000591391453e-01 6.019879689288750724e-01 6.126362891791052867e-01 5.931255825244204916e-01 6.019107053184232781e-01 5.902263780566486817e-01 5.964298223992049452e-01 6.038596066807800922e-01 6.072772631028900969e-01 6.068607933841825286e-01 6.003320879631932616e-01 6.197501469830852816e-01 6.127056731395638112e-01 6.157346425426731829e-01 6.137383120857612395e-01 6.007808584411267194e-01 6.024908528970328581e-01 6.051819105118919628e-01 5.985923273973615677e-01 6.035011813862067864e-01 6.067763440976973177e-01 6.104025791023676151e-01 6.023653508753762376e-01 6.068766370557558965e-01 6.099837923199329381e-01 6.090367496798145819e-01 6.060432008804396142e-01 6.012187376370136116e-01 6.048042487635878484e-01 6.089963107789053698e-01 6.075218224039105053e-01 6.095314525621280399e-01 6.011628783637885665e-01 6.023658284943602670e-01 6.025227806180520895e-01 6.041232582638983439e-01 6.019451096828376535e-01
1.560051384194751645e-01 2.530228504680888113e-01 3.830370199223565031e-01 6.171916280659439646e-01 4.344065430261069838e-01 5.289425952761092065e-01 1.000000000000000000e+00 7.234752186551847153e-01 6.832094251041507249e-01 6.555083420288501106e-01 7.251679606002217060e-01 7.499430586738080606e-01 6.492236423295429937e-01 6.288107446160374758e-01 7.992720822457847207e-01 7.672156818778143039e-01 7.143704850409871021e-01 4.943890952705628505e-01 6.325454197615273388e-01 4.475853608396052064e-01 5.000091509284297908e-01 6.546694697865793611e-01 6.290897725210792268e-01 5.982923452881810933e-01 6.349913679942809086e-01 7.530531614063533663e-01 7.545863359914921631e-01 7.866178851537648509e-01 7.013690266708816345e-01 7.103813916040135901e-01 7.149524196268282061e-01 7.487852868206540391e-01 7.432445842343049502e-01 7.206878544448162005e-01 7.243606873953368774e-01 7.306348198416114936e-01 7.128693868257729438e-01 7.776272451112469231e-01 7.636277203160714011e-01 7.741962465275489258e-01 7.649739160100125224e-01 7.808583721489013030e-01 7.706096011899558063e-01 7.756225716913517365e-01 7.743658720363791881e-01 7.702164051668741740e-01 7.391255742922036021e-01 7.435094812202976966e-01 7.558067250927840153e-01 7.500341657442037846e-01 7.755128237757149545e-01 7.726055946424920107e-01 7.522289318949064718e-01 7.500832914895876335e-01 7.544939290372657537e-01 7.621633901024402746e-01 7.559142977355670645e-01 7.530793342207481311e-01 7.432447750437991552e-01 7.542082103978704488e-01 7.561430723359540140e-01 7.437978349584684068e-01 7.356835697241905780e-01 7.481160926326736460e-01 7.467547447144600170e-01 7.526332954586413271e-01 7.468878827062382930e-01 7.447439426820190445e-01 7.591726667585638744e-01 7.101183910631357898e-01 7.447779741436371115e-01 7.530538416951382263e-01 7.455495643113443371e-01 7.430288468968134774e-01 7.715778474363798045e-01 7.708664857582822050e-01 7.704025507259876226e-01 7.611225671903247836e-01 7.752154634426114965e-01 7.467490419382128986e-01 7.511062909644581342e-01 7.542066352787097916e-01 7.624512402293693869e-01 7.583736937402570932e-01 7.601833439230829548e-01 7.593629419466388919e-01 7.520312036893969099e-01 7.693935497142389002e-01 7.588465152594620067e-01 7.615802850690934767e-01 7.779203776318653896e-01 7.634192346788368777e-01 7.653573400485720324e-01 7.634640864402754135e-01 7.365207743593964462e-01 7.433851916611120547e-01 7.617417527562936330e-01 7.532477097915812880e-01 7.454123630437491377e-01 7.618880475751166337e-01 7.645479111432846864e-01 7.515347492921821138e-01 7.516689846294887234e-01 7.533271428817939208e-01 7.584125139710612418e-01 7.558627080919420038e-01 7.489182013995984155e-01 7.501874863141489991e-01 7.623285206880593412e-01 7.461680095129331614e-01 7.539413038282597457e-01 7.452283202977048049e-01 7.473371785816036450e-01 7.502454198639370020e-01 7.462648633800420539e-01 7.510772461039511017e-01
1.714574570766084216e-01 2.441341823710470593e-01 3.893092648430989677e-01 5.654075226852028901e-01 4.371113576986688232e-01 4.811024643153632430e-01 7.234752186551847153e-01 1.000000000000000000e+00 6.881516659584026030e-01 6.303606267749559677e-01 7.064095474169349576e-01 7.155674260753579485e-01 6.495319817125713158e-01 6.024315108009978825e-01 7.542724629636374800e-01 7.683860461394392827e-01 7.030137656489645614e-01 5.766938561396004470e-01 6.807890424446193522e-01 5.124928233298844393e-01 5.822210830283433003e-01 6.858450790491210647e-01 6.339150048368804580e-01 6.619320810572060232e-01 6.600869415495845827e-01 7.307341285269098874e-01 7.324967297811916245e-01 7.468830633418542808e-01 6.489102189896081008e-01 6.900764794257552293e-01 6.948735773101172297e-01 7.462068379661864759e-01 6.977962427869698336e-01 7.368845765912896972e-01 6.946618725817796935e-01 7.243543641568062075e-01 6.920384373654205890e-01 7.566906633606744759e-01 7.395028152167648638e-01 7.489872113700586365e-01 7.403339018661702076e-01 7.605937595390793726e-01 7.579859072351468052e-01 7.542709145531509840e-01 7.510200135961870860e-01 7.332957450663631915e-01 7.252088731234503927e-01 7.270448547581889187e-01 7.404477490267704631e-01 7.512159323732267024e-01 7.657747977692410668e-01 7.755697984620584240e-01 7.390235248773637800e-01 7.384880923220059623e-01 7.468253908625438475e-01 7.423513626749340677e-01 7.554554384164186009e-01 7.503918717826016938e-01 7.390017937361087474e-01 7.411296765191860425e-01 7.536749333977995624e-01 7.343688081910969556e-01 7.328932979927899050e-01 7.362250577644504634e-01 7.422547218055901563e-01 7.440145348499268563e-01 7.309218142865220313e-01 7.578792845535713418e-01 7.532509363735322427e-01 7.366917316719941988e-01 7.589815190884623419e-01 7.515143315243142386e-01 7.633788565688471861e-01 7.523934752664767078e-01 7.468537672320926246e-01 7.444822758998281831e-01 7.378717276980814033e-01 7.248731426988501703e-01 7.487868328845344035e-01 7.218349216166314308e-01 7.294639503843555195e-01 7.360275064979074910e-01 7.452794255583238270e-01 7.258338874279111064e-01 7.452968682829157476e-01 7.535473668995400498e-01 7.364093875987625104e-01 7.471105479139521499e-01 7.357552039175636605e-01 7.416432547841766976e-01 7.482649180948580669e-01 7.392777205647917960e-01 7.454889657067684805e-01 7.397946521320740709e-01 7.184291404903693223e-01 7.249569248565050916e-01 7.554788883755244600e-01 7.479178640880828066e-01 7.336213999175653644e-01 7.463228941572490616e-01 7.511831935833869212e-01 7.385797898901884651e-01 7.360327397376369429e-01 7.387395468567385937e-01 7.499177879907903410e-01 7.456144819724144224e-01 7.335530959038469856e-01 7.288629670921049630e-01 7.450616801298948211e-01 7.307674452197342463e-01 7.386558039079772486e-01 7.272641801739641032e-01 7.321205466356818237e-01 7.357853241580520898e-01 7.371952162858518287e-01 7.400100423281289475e-01
2.313209032796215425e-01 2.708058111032147774e-01 4.150238695040575632e-01 5.414593397375569994e-01 3.791875566332515435e-01 5.178399622123258661e-01 6.832094251041507249e-01 6.881516659584026030e-01 1.000000000000000000e+00 7.315024787083592717e-01 7.858816988765805478e-01 7.867569713936338749e-01 7.175930211887777688e-01 6.770176082193799516e-01 8.119259211785341268e-01 8.101676293597499523e-01 8.003116133768476415e-01 6.435660127954023757e-01 7.266091894837897192e-01 5.667042046056165461e-01 6.380028427762683974e-01 7.098940454800984901e-01 7.091190234417877880e-01 6.989515700907483753e-01 7.152235857738704627e-01 8.036786809669663745e-01 8.209091808412206648e-01 8.290354313663286234e-01 7.443118043976141296e-01 7.523254741677615209e-01 7.894589650337353604e-01 8.444256829031279166e-01 7.898999888614433029e-01 7.952106488032245624e-01 7.902953595047651492e-01 8.055964331948779478e-01 7.871250482816137817e-01 8.331156456236664676e-01 8.220126999163771542e-01 8.080232147178749713e-01 8.495015822216265278e-01 8.373500052361172452e-01 8.213322809266696556e-01 8.452194416693710188e-01 8.379629495444794740e-01 8.252748217149572518e-01 8.380548220101717849e-01 8.503032316645516842e-01 8.517092735554424587e-01 8.214275877971570772e-01 8.455766708548094757e-01 8.326790465902359495e-01 8.420327962375452335e-01 8.621540342170523896e-01 8.524455471760922221e-01 8.537858302326317705e-01 8.653740645761667238e-01 8.474436799041930035e-01 8.464146628180131415e-01 8.644321249507983529e-01 8.536101139825793549e-01 8.577139593374385473e-01 8.373405573031026394e-01 8.559439404213271541e-01 8.557745566649666014e-01 8.683620102001313734e-01 8.517127050588865211e-01 8.623759434810276403e-01 8.658214260729019118e-01 8.355413040762116328e-01 8.394715928467582078e-01 8.537371955932931966e-01 8.478779455446635582e-01 8.434322735272394844e-01 8.540596668929240076e-01 8.590957410803168326e-01 8.541052324061858547e-01 8.384544213117165468e-01 8.489567759844469652e-01 8.447818217886163827e-01 8.434886067009849109e-01 8.491459284710896060e-01 8.620108545660459809e-01 8.489931717331620220e-01 8.468795640706724415e-01 8.476230230598792437e-01 8.484151149004202086e-01 8.503803520062647170e-01 8.456183867803758192e-01 8.592249937909977042e-01 8.503316155330382653e-01 8.471585083852203324e-01 8.466444437282333313e-01 8.470839736289138555e-01 8.350109817461929262e-01 8.453210766267496012e-01 8.280011799143051077e-01 8.447159720356260948e-01 8.392672377682204310e-01 8.470768979440040924e-01 8.448511815779439216e-01 8.429108704941911112e-01 8.379002870115883628e-01 8.394212905502507205e-01 8.495048690599819041e-01 8.491511851351125628e-01 8.490201872744564948e-01 8.457766544261867692e-01 8.553998598542038589e-01 8.449945454792375799e-01 8.466072981713097523e-01 8.496180909303685524e-01 8.500315095922176267e-01 8.466004656241971071e-01 8.518943418019291336e-01 8.576602269477962004e-01
9.545779587120158116e-02 2.450289833171833687e-01 3.342780504315889245e-01 4.777335749136779053e-01 3.580096689253457476e-01 4.689885739209005422e-01 6.555083420288501106e-01 6.303606267749559677e-01 7.315024787083592717e-01 1.000000000000000000e+00 7.390472214157248754e-01 7.634775049285832393e-01 6.813601953573213965e-01 6.666994515179027747e-01 7.813075986743633905e-01 7.665201560415916271e-01 7.161102939389328847e-01 5.114054540153145645e-01 6.046125017126600110e-01 4.691719308885789474e-01 5.067724129425055235e-01 6.005547981519749889e-01 6.195288401192071692e-01 5.663676549583326336e-01 5.998279734780127548e-01 7.215853459147559823e-01 7.376988689869145022e-01 7.517932276276076964e-01 6.677533799585162466e-01 6.743020057202504525e-01 7.186356366295834075e-01 7.661683984611951104e-01 7.098160061433195223e-01 7.101235248729540483e-01 7.124923558711901972e-01 7.371577650220254574e-01 7.156209351285277576e-01 7.776165950829821982e-01 7.729888911818518782e-01 7.660900795288120291e-01 7.963455273050917826e-01 7.948554289660317851e-01 7.643232489190024959e-01 7.928671369957168702e-01 7.815761030189839476e-01 7.851914810631446251e-01 7.973661595427613547e-01 8.087027671139394025e-01 7.924798540604940378e-01 7.550613521909091963e-01 7.883654088685867478e-01 7.694314082655073772e-01 7.771625351249089597e-01 8.015856541811190450e-01 7.866684258749173653e-01 7.960646399522728345e-01 7.865813533368813948e-01 7.953873541978654371e-01 7.900539613811764506e-01 8.044848632304605340e-01 7.946903713895139276e-01 7.942126065769140597e-01 7.790013400674463684e-01 7.961583829327978368e-01 7.939758400514679293e-01 7.985347043211231677e-01 8.068478891100039352e-01 7.916731529125399236e-01 8.034708499879459342e-01 7.641943779985072016e-01 7.648042548396326579e-01 7.914312914675984967e-01 7.743436611078436949e-01 7.713814321942724650e-01 8.042371186950431072e-01 8.010650510748029696e-01 8.012562701718466407e-01 7.835885873199098794e-01 8.010915879711256737e-01 7.849056596908893235e-01 7.844782267969223621e-01 7.982073411067065472e-01 8.119455592037501113e-01 7.854393134770362161e-01 7.900305532714572143e-01 7.928577828392600058e-01 7.943312588945871111e-01 8.087364026988331789e-01 8.022709684636945004e-01 8.136660880966364306e-01 8.055662487289149132e-01 8.073530139546297724e-01 8.034914553314428387e-01 8.066764878740757538e-01 7.995918851737383592e-01 8.063350486743735557e-01 7.848593422079848114e-01 7.850813451712864710e-01 7.975662578221771604e-01 8.016516705555144506e-01 8.004470832154654270e-01 7.962921304838509462e-01 7.927782612936394857e-01 7.999896244626151232e-01 8.027864086085337858e-01 7.967205286957342869e-01 8.010875237837330465e-01 8.043926857366773264e-01 8.095394965463272863e-01 7.996247972533463422e-01 8.039907078450230227e-01 8.052859376508573197e-01 8.030138958836755547e-01 8.029629050636254428e-01 8.041032186775843860e-01 8.043428512410260023e-01
1.030549803967526629e-01 1.867094685594621328e-01 4.155021782200480907e-01 5.573633506352374534e-01 4.183041110951067343e-01 5.662551705534731861e-01 7.251679606002217060e-01 7.064095474169349576e-01 7.858816988765805478e-01 7.390472214157248754e-01 1.000000000000000000e+00 8.502282902746068904e-01 7.581443158536710358e-01 7.345327374440887569e-01 8.564188381836900232e-01 8.497815638543927408e-01 8.042492482278286170e-01 5.784821504631644240e-01 7.170442472623479446e-01 5.046927599978164869e-01 5.965901765465178030e-01 7.205361649576127459e-01 6.632803432115926823e-01 6.662088747081427176e-01 7.268299224127322544e-01 7.994163212731068002e-01 8.522289198639968477e-01 8.499942610319257685e-01 7.652172289268847072e-01 7.920487055101765872e-01 8.250922867221921475e-01 8.376807991852187607e-01 8.195904791925101573e-01 8.133698776736956182e-01 8.266187933529016707e-01 8.302936012399262378e-01 8.348352982869493566e-01 8.595820148522974602e-01 8.723161760447544211e-01 8.428381802814216561e-01 8.855018591243593029e-01 8.790711757438676166e-01 8.564771147847930477e-01 8.874120018554876310e-01 8.830618280243642815e-01 8.777560329578565357e-01 8.812750299704323886e-01 8.832568625891638048e-01 8.789671004668817567e-01 8.472921537633376632e-01 8.751559031727745852e-01 8.630185600560649206e-01 8.833193567807999802e-01 8.853981007801664527e-01 8.749075113069154641e-01 8.577232171919006998e-01 8.784169886097997759e-01 8.833516944977652940e-01 8.806096256125095501e-01 8.903801076681631121e-01 8.859092710356207823e-01 8.839551842633186496e-01 8.704593164820423334e-01 8.822840675685480472e-01 8.845073843430368843e-01 8.922955530365089816e-01 8.873354469983892878e-01 8.844830374165656428e-01 8.827830059917650685e-01 8.414518024379595840e-01 8.713197306769394634e-01 8.929146897862356713e-01 8.671724498228243760e-01 8.771299550318356619e-01 8.914952084296275947e-01 8.977096137433830947e-01 8.947450141325421491e-01 8.770741747201037386e-01 8.898582913221211310e-01 8.821811035056563721e-01 8.849162587537136027e-01 8.893408582995362410e-01 8.857677181448030401e-01 8.855144311779299393e-01 8.767819109813442813e-01 8.856754026254741730e-01 8.909518290073790148e-01 8.872509217634336753e-01 8.916946351292780459e-01 8.859026987819799137e-01 8.937867276632551761e-01 8.927252013015485321e-01 8.951121587759366394e-01 8.936367408813948865e-01 8.841915250215517386e-01 8.875124677000203466e-01 8.685305482864494886e-01 8.739167985062495925e-01 8.819577212064134697e-01 8.831017334266599850e-01 8.868477583839018408e-01 8.803952548626755581e-01 8.840391717020844586e-01 8.859469578099797848e-01 8.918700731668744996e-01 8.835439500449741024e-01 8.834046101976051890e-01 8.885809226456007348e-01 8.900613401694769111e-01 8.870865940935502847e-01 8.880742619924206771e-01 8.883844527746330710e-01 8.877228909959562486e-01 8.864772265534424101e-01 8.899038215296120047e-01 8.927918397404862594e-01
2.175229355710038906e-02 1.514493432395151717e-01 3.661907238436208356e-01 6.104717500193976853e-01 4.253813644124943560e-01 6.018520132277601631e-01 7.499430586738080606e-01 7.155674260753579485e-01 7.867569713936338749e-01 7.634775049285832393e-01 8.502282902746068904e-01 1.000000000000000000e+00 7.932468856172983918e-01 7.642484810481440238e-01 8.970305041795658685e-01 8.845421957479868702e-01 7.995988512045522079e-01 5.072586391761723101e-01 6.725074102196222370e-01 4.909125098819014377e-01 5.600063916089117466e-01 7.162887191251248176e-01 6.040391467471515341e-01 6.055416995282907333e-01 6.786672771824174832e-01 8.182426800546330758e-01 8.496869453303848019e-01 8.474025506281175346e-01 7.523603397446988472e-01 7.572865638779761044e-01 8.174215055965139420e-01 8.370598318751862887e-01 8.089787560432006863e-01 7.994525819147825230e-01 8.171326862229353338e-01 8.123926006802756339e-01 8.128431943520235681e-01 8.829816705437183444e-01 8.883315286716122472e-01 8.636392622446700251e-01 9.191030549298647712e-01 9.142237157841984763e-01 8.775318202502999654e-01 9.269892994608204262e-01 8.969997669604676815e-01 9.028392620400433888e-01 9.235122277975168492e-01 9.209879361624218053e-01 9.201928377608946663e-01 8.834458704897815151e-01 9.075780589626235573e-01 8.943527174851726436e-01 9.156141137868473168e-01 9.079606377751988644e-01 8.927126366784370326e-01 8.623723114484936891e-01 8.972823383722088320e-01 9.190716496447263184e-01 9.158310881323212804e-01 9.202956669734427830e-01 9.249851921971565805e-01 9.092060312327554517e-01 9.034746615269849679e-01 9.080950062479368201e-01 9.064131714983725274e-01 9.106121121268286878e-01 9.215458872527113598e-01 8.983392068279019149e-01 8.993490465273480394e-01 8.625273540821392082e-01 8.993293428320213723e-01 9.158844535276313703e-01 8.716519306921247656e-01 8.799817861352250414e-01 9.312032625484806259e-01 9.231062858971579299e-01 9.253419960683488821e-01 9.000798304234662872e-01 9.145273942198818284e-01 8.951720159494910289e-01 8.947511317197927028e-01 9.126631128383942970e-01 9.019095861870698450e-01 9.034479323623801905e-01 9.062030653653968537e-01 9.076339736135894398e-01 9.062653064134099656e-01 9.248380741346073908e-01 9.198547957240470474e-01 9.083954473957480680e-01 9.255666983875118214e-01 9.318903395819709834e-01 9.272094821204049930e-01 9.287649386875762580e-01 9.279404844553044152e-01 9.259222291999009702e-01 9.170675425361177746e-01 9.142282297866676233e-01 9.269654776809245211e-01 9.258292390105744563e-01 9.219109670578704563e-01 9.209250313704095969e-01 9.308463811277105648e-01 9.325851716668409619e-01 9.271702525379474924e-01 9.192247242922042538e-01 9.273924305648079125e-01 9.249644990425291979e-01 9.214082533385953289e-01 9.292510104077265076e-01 9.282741584719502725e-01 9.284794059609922101e-01 9.232767429428424544e-01 9.244111886977790515e-01 9.245652317057204694e-01 9.248366575970773384e-01
6.263524457527593070e-02 1.578291684596294930e-01 3.362294204631458561e-01 4.922325614025728768e-01 4.126852678182761358e-01 5.017446507572622671e-01 6.492236423295429937e-01 6.495319817125713158e-01 7.175930211887777688e-01 6.813601953573213965e-01 7.581443158536710358e-01 7.932468856172983918e-01 1.000000000000000000e+00 6.741790351763469191e-01 8.076331745682124863e-01 7.938778361808848105e-01 7.201697777900893938e-01 5.159462281587992027e-01 6.262505551191857034e-01 4.931776824283284344e-01 5.400155983912781066e-01 6.325180025734891132e-01 5.786400336453502158e-01 5.865006896553131011e-01 6.255570029364811990e-01 7.208034921704888909e-01 7.514706860486700668e-01 7.551086892978046139e-01 6.541037293291290800e-01 6.846262460059089339e-01 7.199431869851572463e-01 7.619805655406410860e-01 7.250523500148171596e-01 7.287672676929206617e-01 7.406772082825393566e-01 7.332368142709944081e-01 7.338460591176092507e-01 7.828623478600179597e-01 7.869193968627479219e-01 7.609119983156155120e-01 8.175975148248699753e-01 8.087676941369248418e-01 7.817419573210790951e-01 8.221416505147840503e-01 7.981490155879742421e-01 7.968367225582705382e-01 8.300284892242891788e-01 8.288603896189302711e-01 8.214364857300884282e-01 7.927359093926886757e-01 8.093969720803558809e-01 8.052993871710820706e-01 8.292663523025644023e-01 8.238672270982081436e-01 8.085631825714630905e-01 7.832981465380888242e-01 8.153479489846831019e-01 8.265842708998611954e-01 8.235564721961623480e-01 8.334147829760670811e-01 8.331054792381868968e-01 8.239393753561732314e-01 8.142398962987285049e-01 8.221006616831513236e-01 8.207246938954445570e-01 8.310255533948689433e-01 8.323907877051571758e-01 8.224894059718335093e-01 8.223657525561750559e-01 8.040178565760160989e-01 8.117751516894837760e-01 8.240576317493869540e-01 8.010847106242697802e-01 8.047742101849594265e-01 8.309109600079869207e-01 8.289030157634350582e-01 8.233107370310734918e-01 7.976373066333356521e-01 8.130304877169959310e-01 8.073491438795192821e-01 8.083696212827371497e-01 8.171908329489205869e-01 8.187551087642113146e-01 8.147304496248206629e-01 8.141019741785811004e-01 8.209369453299630859e-01 8.172286970500525216e-01 8.259941518747466738e-01 8.231731383830170889e-01 8.205989804911983931e-01 8.235750995201324143e-01 8.315213402813920185e-01 8.285616637000561280e-01 8.295892173609653586e-01 8.340673111594815170e-01 8.338740542261038335e-01 8.193209955546241208e-01 8.253805861249449149e-01 8.334280507884146427e-01 8.290434957581896969e-01 8.277797751837917550e-01 8.288385037415737511e-01 8.353347512455598922e-01 8.341508672027263538e-01 8.339728849085137341e-01 8.305582307543916132e-01 8.328315641274830483e-01 8.304839971500592721e-01 8.314168743781371607e-01 8.343217513220553272e-01 8.317575835227488668e-01 8.359305548026746413e-01 8.327063120682827169e-01 8.331741412807323055e-01 8.334423293417680956e-01 8.360224552746647886e-01
