1.000000000000000000e+00 2.478036599214788749e-01 1.600753221993309605e-01 2.930904817838214313e-02 1.230624423077266577e-01 2.344367214806430261e-02 1.616418226564986516e-01 1.554648710202516382e-01 2.755140172559747969e-01 1.334982221078084841e-01 6.239498944837067879e-02 2.191857640836336607e-02 5.364813228294480763e-02 4.053566737344120596e-02 8.704815310643194970e-02 9.830052293730587309e-02 2.447633637207477786e-01 2.877861035181211724e-01 2.993390042699256015e-01 2.069677970702699099e-01 2.904732830833746671e-01 3.022488967279082228e-01 2.356961782953285733e-01 2.454279964825201998e-01 2.412774392268778045e-01 2.693069068408816547e-01 2.127870056390768760e-01 1.844602934132599514e-01 2.103932900987115218e-01 2.095650773156463864e-01 1.344043496898141010e-01 1.548383678183453682e-01 1.378903259157301942e-01 1.670848400016426150e-01 1.788883551419344631e-01 1.581512164891830385e-01 1.058846125435279617e-01 1.239938816836923252e-01 9.442139844280020289e-02 7.680491438737874210e-02 8.330793419751139628e-02 6.415729663004836325e-02 5.345335974954754793e-02 8.523898672536625587e-02 9.644852598536367283e-02 8.348505507593159680e-02 3.350414768884521499e-02 6.805225737259135155e-02 8.794511546527902790e-02 1.137540606217978811e-01 8.417283253696491996e-02 4.280530568741525849e-02 3.204448935048782171e-02 1.164760589373042554e-01 1.108311587512877949e-01 1.286343992056210306e-01 1.256349044779891955e-01 8.273592103471037740e-02 9.494113690951358486e-02 8.239768209563574919e-02 6.390705873269400539e-02 8.196668439028537145e-02 9.410717499465655334e-02 8.367322222784887020e-02 1.268246354556025468e-01 9.337504835324518526e-02 6.520257277183526268e-02 1.020355287926169308e-01 9.496660043343083113e-02 1.082952705100322932e-01 1.214426076493144158e-01 1.145907327518479596e-01 1.079343771953999997e-01 1.021799944796214915e-01 9.768345304337622270e-02 7.605562211963531882e-02 6.752879436888213627e-02 1.147512016966681370e-01 9.959099792608029633e-02 8.101023051368144712e-02 7.164518200524792879e-02 5.007358851713418491e-02 9.647262460792706273e-02 9.880279465476210499e-02 7.537324923640993657e-02 7.782108456310718458e-02 6.153549980498460026e-02 4.663349575287056847e-02 4.697931869313504843e-02 1.132588227658474639e-01 4.301494876061604661e-02 3.815845063300226520e-02 5.234626077296663377e-02 3.966949453447819046e-02 1.717661427425220752e-02 2.943823479742015831e-02 4.845066786010231857e-02 7.227331444502828328e-02 3.523267117984778263e-02 3.804233410285906558e-02 2.805717871965014709e-02 5.391405837004371870e-02 2.304894110851217481e-02 2.892914505927121280e-02 4.005688493155167701e-02 9.049859305496334161e-02 4.896342763727705438e-02 4.796373998397324839e-02 7.173430268281884292e-02 4.053341846701567081e-02 4.644116405415106563e-02 4.313412733129060039e-02 4.908181721586809404e-02 4.245894244667223344e-02 7.201801388290680894e-02 6.439535502635139463e-02
2.478036599214788749e-01 1.000000000000000000e+00 9.373319773520613629e-02 -1.389979174712476125e-02 6.549803793266069374e-02 9.392613315078249259e-02 1.293103241567152284e-01 1.208368578709068386e-01 2.495279342225513175e-01 2.377156019984166813e-01 1.346578548157193189e-01 8.344671111402157671e-02 1.248479657584464914e-01 1.418280110506622560e-01 1.453372488436606991e-01 1.499307740533583622e-01 2.056549339040585622e-01 2.005161903531458567e-01 2.239552861950426799e-01 9.666168271962290170e-02 1.398977666893074789e-01 2.229010473384759328e-01 2.114069178056559029e-01 1.846665862000622660e-01 2.010888725594023596e-01 2.574889819004476110e-01 2.240840117664385789e-01 2.382832105175473336e-01 2.320180008576099018e-01 2.431704774984547179e-01 2.086186472317740626e-01 2.228797402670393280e-01 2.303852737538911177e-01 2.205729461954604731e-01 2.240242551733287735e-01 2.012228052582503424e-01 2.010629851139554281e-01 2.278315964436633534e-01 1.929097961920791804e-01 1.899821608748453183e-01 1.794031591701973904e-01 1.760051327502220875e-01 1.681258302458907283e-01 1.726552649249298854e-01 1.871456028827716833e-01 1.910055322961701219e-01 1.562198985362009962e-01 1.667661615682900500e-01 1.817389079528043405e-01 1.927108136472753530e-01 1.821260735796820240e-01 9.532762206650254033e-02 1.386710459778600635e-01 1.917046165723942652e-01 1.902175521427313665e-01 2.151838772926180088e-01 1.821939301449244097e-01 1.772445632740676513e-01 1.971662176777796149e-01 1.625398287897567573e-01 1.632429873093494410e-01 1.799830180716088801e-01 1.794462401588909073e-01 1.809849251947226179e-01 1.896129239035381220e-01 1.690263347202715372e-01 1.756602735031020657e-01 1.817277933404778945e-01 1.997135315362093266e-01 1.485462422129937843e-01 1.666659484930718416e-01 1.907360963634077700e-01 1.777599707795944339e-01 1.796843694221730847e-01 1.919344312693685994e-01 1.747596347830304708e-01 1.818113250768172429e-01 1.983318597976791164e-01 1.910659680335792532e-01 1.855988948014244133e-01 1.864716903597594400e-01 1.729355564740929219e-01 1.948226510366418973e-01 2.038558512727462468e-01 1.948208982130260891e-01 1.874564448442267994e-01 1.805070209676561399e-01 1.703132242648825734e-01 1.751309493149831031e-01 1.995726280822158194e-01 1.742836999216214044e-01 1.637430499378332571e-01 1.642554164469386679e-01 1.634859918639084142e-01 1.534214616753449556e-01 1.621847349634061020e-01 1.702502892708099846e-01 1.677009777349286190e-01 1.558362172794308664e-01 1.624313697447153093e-01 1.496034549980533590e-01 1.589113445676045011e-01 1.355112199453563371e-01 1.472617814853691698e-01 1.427202444994374875e-01 1.699033618985515137e-01 1.717024444441012931e-01 1.732674448089818464e-01 1.837103749380944173e-01 1.605349453743674659e-01 1.615283395743385142e-01 1.548082528743221775e-01 1.617553614912983773e-01 1.581596019865242897e-01 1.692310589926249165e-01 1.551897155555583829e-01
1.600753221993309605e-01 9.373319773520613629e-02 1.000000000000000000e+00 3.684084337158378686e-01 3.041191770890698809e-01 2.323742301474009120e-01 4.454897545781193458e-01 3.902820993975571473e-01 4.091508531431281015e-01 3.180102833675128582e-01 4.051340543861093879e-01 4.136776916017163575e-01 3.638328651127478719e-01 3.730823124938190127e-01 4.371574711062189422e-01 4.160327938469621234e-01 4.042399761581711437e-01 3.793839621436281284e-01 4.061297736750815734e-01 4.293526089080621500e-01 4.303012905472876626e-01 4.086248696346115872e-01 3.986121476074308001e-01 4.002177076745113138e-01 3.885104597289312234e-01 4.397388898608179386e-01 4.465197577648506999e-01 4.228085279500966576e-01 4.274911001792844889e-01 3.919247596088248908e-01 3.796790216398578388e-01 4.054121665086730109e-01 3.837492496736137348e-01 4.020211269881083793e-01 3.732409618884331426e-01 4.184548314308366157e-01 3.669314242269616222e-01 4.009226807407978987e-01 3.908454973798550225e-01 4.276939297053634070e-01 4.122419302366999161e-01 4.104822514703097558e-01 4.211925706143039294e-01 4.074679315051257245e-01 4.116624811657098038e-01 3.868387727201436643e-01 3.829084274174334168e-01 3.843630976341839700e-01 4.082027043211458595e-01 4.159665290062339316e-01 4.207940105779437445e-01 4.181398668778379957e-01 3.899136576981010460e-01 3.966353690605848858e-01 3.978475182216873463e-01 4.140717458053919109e-01 4.071853318714833692e-01 3.962065026225216613e-01 3.994919582065316610e-01 3.812226796540441054e-01 3.961480847643042980e-01 3.749961787929191881e-01 3.951486758924393494e-01 3.931587101492531877e-01 3.872680475749529228e-01 3.907003013563779548e-01 3.816230830233099947e-01 3.908779287334616104e-01 3.828645962730847785e-01 4.340067368571491890e-01 4.053806951290337968e-01 3.965816459167637031e-01 3.996682903771507367e-01 3.954180352629772521e-01 4.033950751730526196e-01 4.004164464387947042e-01 3.993373792352197804e-01 4.106520062426773365e-01 4.093291745827947192e-01 3.845485721128641399e-01 3.801090367991602492e-01 3.692806611877855749e-01 3.963676109781393841e-01 3.786115250928981379e-01 3.859170083939838514e-01 3.848372119118484980e-01 3.733252882241316906e-01 3.876725777598548639e-01 3.768374544838766216e-01 4.106867549075344792e-01 3.955346073555600084e-01 3.876209165355856689e-01 3.952194479908930358e-01 3.895530920930918017e-01 3.631870027165073345e-01 3.692715474121175956e-01 4.091038161549208074e-01 3.836738521907070987e-01 3.787342011536118380e-01 3.895665444396944066e-01 3.963845691690394690e-01 3.916790531850490864e-01 3.790302330428639288e-01 3.826539522953056882e-01 3.890485056817661880e-01 3.913970202498143203e-01 3.744871153486453719e-01 3.729291933924543390e-01 3.898578389671389366e-01 3.713729525505085616e-01 3.867494468390509921e-01 3.728497511516621343e-01 3.682441923860155231e-01 3.764558308438279433e-01 3.806533590767854358e-01 3.811564206348139749e-01
2.930904817838214313e-02 -1.389979174712476125e-02 3.684084337158378686e-01 1.000000000000000000e+00 4.754495056879105563e-01 3.843635947560730681e-01 6.548481053072116032e-01 6.301636350308650325e-01 4.826793678635397655e-01 3.664502099768239818e-01 5.614857933088385211e-01 6.719547022670142589e-01 5.784403127003338030e-01 4.781329094562408732e-01 6.295650356246301760e-01 6.364527362870733285e-01 4.892737944880607426e-01 3.681742234332795460e-01 3.809172636061375350e-01 5.816402418958045439e-01 5.581837161015956728e-01 4.386432058832619996e-01 4.092932238283996105e-01 4.284548939862424244e-01 3.986282177709772889e-01 4.619736763543768054e-01 5.015552328838125407e-01 4.677927310806267447e-01 5.073032648143424028e-01 4.149635634974170872e-01 4.394707340446343258e-01 4.720359350877220694e-01 4.442045605363808547e-01 4.421502696072767691e-01 4.096909866250719734e-01 4.936160334072265954e-01 4.043994026373392559e-01 5.206007750009963297e-01 4.993719697442493555e-01 5.576884692992279957e-01 5.499506039562949145e-01 5.543754183825476689e-01 5.774045987396471125e-01 5.712141813355426923e-01 5.262265579237984658e-01 5.100521882912493199e-01 5.476595429815411809e-01 5.265266987000225551e-01 5.486017849792094170e-01 5.629100969770401974e-01 5.793359986152697427e-01 6.527472549282034020e-01 5.827802112474028684e-01 5.201143732314646995e-01 5.309030271477443996e-01 5.215839512042658166e-01 5.795024413924179107e-01 5.438353973026662791e-01 5.434684318425033744e-01 5.521369333103097743e-01 5.683951313054911303e-01 5.403563583260514447e-01 5.684508810929176370e-01 5.454687093712125012e-01 5.101298807697565163e-01 5.527413026473555480e-01 5.066686711037138302e-01 4.923389934670298063e-01 4.701672414331940497e-01 5.979062491889980402e-01 5.310634412283944394e-01 4.945487079545769493e-01 4.959701850173807158e-01 4.973431108005985646e-01 5.286798574161212239e-01 5.285379984044520363e-01 5.224821584297180133e-01 5.337861408909370109e-01 5.251213718440158607e-01 4.820935969451643488e-01 4.813532841389477346e-01 4.920190467041711813e-01 5.104579238460569268e-01 4.526458876563073663e-01 4.996804544404766513e-01 4.873317976185823630e-01 4.772467520606565317e-01 5.341693439525455611e-01 5.049905420274406476e-01 5.222899428048891624e-01 5.267892238009775907e-01 5.385604049540790861e-01 5.361248701727934218e-01 5.293871030819540247e-01 5.165523688414564996e-01 5.115560928329330181e-01 5.726454516939410988e-01 5.626757787824188117e-01 5.452136854119230547e-01 5.490443667243878334e-01 5.560924333187260427e-01 5.681697563770272685e-01 5.665820359121026550e-01 5.539418025313462834e-01 5.615948441197723406e-01 5.582052868763087705e-01 5.229301024376468154e-01 5.121620599657252804e-01 5.227780224500215844e-01 5.324110432202271426e-01 5.503141548501683245e-01 5.386566285174703150e-01 5.343220450881350780e-01 5.387404859489529629e-01 5.162588763757773869e-01 5.515805540386181649e-01
1.230624423077266577e-01 6.549803793266069374e-02 3.041191770890698809e-01 4.754495056879105563e-01 1.000000000000000000e+00 3.233012350072334562e-01 5.781224223986832778e-01 5.779791661747454290e-01 4.757232090920552880e-01 3.758413297631961192e-01 4.816957932387873620e-01 5.425271255084274102e-01 5.147647664367583920e-01 3.931237207522434995e-01 5.449345119425176298e-01 5.488639181999144245e-01 4.714604799882770592e-01 4.158634512364469682e-01 4.443510368178995584e-01 4.907239892360618638e-01 4.941625986712956387e-01 4.872966579912867413e-01 4.470850279027758778e-01 4.745790071738600346e-01 4.602327147643260341e-01 4.976350432798530288e-01 4.914966737431388233e-01 4.756726918680491134e-01 4.874999987483482622e-01 4.422176313046304319e-01 4.318309060397194088e-01 4.520057147950820031e-01 4.480247933919958570e-01 4.510467129754073823e-01 4.359293729127818318e-01 4.737896285958556053e-01 4.143266192336474973e-01 4.703009093698646836e-01 4.559363339042069585e-01 4.905026295950495885e-01 4.883657241969881491e-01 4.760417329107524131e-01 4.916061925365247109e-01 4.892338930640844352e-01 4.737172266415761168e-01 4.565175492371291721e-01 4.581734461836036720e-01 4.597000866062072033e-01 4.678601270565097003e-01 4.743406122418871163e-01 4.856699770264218952e-01 5.187420565338651812e-01 4.696041432425618889e-01 4.705457568478730312e-01 4.736832844872601589e-01 4.816465373231717528e-01 4.908482301764087730e-01 4.650058835362622101e-01 4.544886386291805969e-01 4.804112380569874885e-01 4.646356026358793301e-01 4.581682472258127858e-01 4.801497008913481745e-01 4.607862829466828902e-01 4.634192457644112917e-01 4.768158971024729076e-01 4.368535345733260411e-01 4.442187251469440490e-01 4.339268586758612822e-01 5.113666198244910532e-01 4.784762144224508629e-01 4.557162019419423449e-01 4.644019958546636850e-01 4.622899974072509632e-01 4.678324930178702212e-01 4.670240515403836778e-01 4.641017252159663764e-01 4.756928939142961443e-01 4.705786121593110716e-01 4.397163453349380302e-01 4.394899872883584746e-01 4.327356665233188515e-01 4.576948304806284784e-01 4.348105849739943851e-01 4.457494771236698572e-01 4.456574016342730871e-01 4.311830243177463551e-01 4.594040538805949092e-01 4.366710675334976588e-01 4.771101122399912242e-01 4.594567561750220186e-01 4.591725867663851157e-01 4.635466560515833501e-01 4.528003979219165087e-01 4.296021706371406235e-01 4.335421335948565491e-01 4.744403602154373956e-01 4.643531171037065253e-01 4.513807869585715338e-01 4.621537677633686947e-01 4.697459582703487624e-01 4.665474638962393006e-01 4.536198677600843387e-01 4.596587341077695843e-01 4.680632927775029706e-01 4.782457245850731398e-01 4.424679551922215959e-01 4.437508501481078338e-01 4.607877518384295712e-01 4.518723007001693159e-01 4.595782900815851835e-01 4.561280153884646471e-01 4.484601953614822389e-01 4.503330965839952293e-01 4.507407115169155265e-01 4.696942133656691332e-01
2.344367214806430261e-02 9.392613315078249259e-02 2.323742301474009120e-01 3.843635947560730681e-01 3.233012350072334562e-01 1.000000000000000000e+00 4.804849668740774349e-01 4.514348617487003446e-01 4.978239099927760924e-01 4.636252682478281817e-01 5.356775030978483398e-01 5.631071430527516686e-01 5.230100079236724708e-01 5.072361172145436470e-01 5.721171947221250775e-01 5.510401018823554153e-01 4.948604812067739500e-01 4.284422041633190181e-01 4.491112465009270416e-01 4.215200751944567226e-01 4.504407173951804344e-01 4.742449454101138051e-01 4.481154091917141646e-01 4.618818370672209683e-01 4.705923507926033644e-01 4.927809281571297051e-01 5.162497669704504411e-01 5.148691148349882063e-01 5.203503376487891297e-01 4.965012203535949520e-01 5.233044416182401903e-01 5.346414225166746803e-01 5.144773249240796043e-01 5.151512926313335239e-01 4.869166011275976036e-01 5.286959982989607454e-01 5.155662543954739885e-01 5.487241467924055538e-01 5.497155749166143801e-01 5.560364870492898737e-01 5.744460742823916943e-01 5.682645629183575853e-01 5.643499451451859938e-01 5.777385184533614382e-01 5.618753826235446391e-01 5.618102285631098036e-01 5.788655280669570136e-01 5.782627781612701412e-01 5.677837145523914053e-01 5.553671883353687999e-01 5.686145172625000077e-01 5.685170977691994532e-01 5.710933097553239080e-01 5.665751960874622073e-01 5.628460679079817508e-01 5.633028088031585279e-01 5.645716339375816961e-01 5.696349807946720079e-01 5.650868306517211614e-01 5.733639887008578073e-01 5.765262634299775923e-01 5.643362920746669564e-01 5.651121537415956242e-01 5.663325164582050375e-01 5.638148211438354096e-01 5.688388303215957675e-01 5.706963590682658793e-01 5.673743696842655782e-01 5.607861469693222745e-01 5.768129337622343034e-01 5.731712882087212080e-01 5.642976276536387781e-01 5.614238481687792159e-01 5.628940770322765630e-01 5.764027582410803374e-01 5.734146208554623536e-01 5.730710019023481649e-01 5.670897067535453084e-01 5.690289593188011530e-01 5.549461421282150253e-01 5.637406760075338585e-01 5.648557730942872501e-01 5.701328320261489502e-01 5.482577040183866934e-01 5.690796361928759373e-01 5.656227347262681171e-01 5.655925073814158655e-01 5.806448844615886840e-01 5.683810615085870266e-01 5.721133495119130608e-01 5.785456696087298845e-01 5.829411405577569205e-01 5.803036605604421361e-01 5.781554844057015252e-01 5.776612342653507648e-01 5.766697573153837242e-01 5.823874942154758649e-01 5.757166749817420603e-01 5.801719440731928357e-01 5.817671712252643346e-01 5.812719601238015565e-01 5.827375675591128790e-01 5.812549807579167060e-01 5.849072994731170372e-01 5.820841336706690239e-01 5.761161420395015664e-01 5.760874189484219698e-01 5.755083382546650750e-01 5.766943072174032237e-01 5.789941154813958990e-01 5.817074371299375546e-01 5.789117138363920612e-01 5.758039528685545694e-01 5.777103595640996625e-01 5.708719700452551393e-01 5.776977334507016337e-01
1.616418226564986516e-01 1.293103241567152284e-01 4.454897545781193458e-01 6.548481053072116032e-01 5.781224223986832778e-01 4.804849668740774349e-01 1.000000000000000000e+00 7.922814142202831977e-01 7.047747708331688621e-01 5.684162567785754350e-01 7.069598581990408359e-01 7.711199996630085929e-01 7.079349519732037743e-01 6.452670024359120626e-01 8.380500252988716259e-01 7.987583369009489953e-01 6.979059317825875297e-01 5.957437711261794888e-01 6.279236766992555285e-01 6.998441774652918168e-01 7.055164742367706632e-01 6.664411741246892840e-01 6.564559765586710505e-01 6.569834980927965473e-01 6.230438936713302844e-01 7.368938057536918995e-01 7.418748859453873079e-01 7.231753435497310090e-01 7.126743948180698229e-01 6.572124830417046537e-01 6.495119591043434504e-01 7.117230861828510724e-01 6.863805259307349527e-01 6.926705252366276433e-01 6.684611816855224875e-01 7.138972484843685296e-01 6.277900612665319180e-01 7.472117751149236486e-01 7.177990345007529971e-01 7.630464542226261804e-01 7.517583949021569012e-01 7.590229039861680072e-01 7.648095943948395314e-01 7.588439028865476832e-01 7.373935053838139853e-01 7.168732602882280647e-01 7.261825636111092219e-01 7.153198279291311801e-01 7.506193636443034833e-01 7.624353289252464583e-01 7.695263639194620531e-01 7.683250930872906892e-01 7.400362364271079185e-01 7.318460750217153921e-01 7.446658940319774711e-01 7.486716630925540628e-01 7.674991518791954848e-01 7.381779676374291554e-01 7.432620864329180232e-01 7.281243627850539912e-01 7.465477130765482139e-01 7.268688917918170178e-01 7.571406274849011853e-01 7.330158865887222985e-01 7.128328982789801094e-01 7.358031457025067112e-01 7.030311612851931624e-01 7.050359751410355535e-01 6.936072253258873666e-01 7.701000213332381827e-01 7.251336755376565080e-01 7.078687616994399079e-01 7.087765702705717263e-01 7.020177120529986770e-01 7.398389070199390405e-01 7.312334506421442892e-01 7.345659352385442986e-01 7.350866323451202833e-01 7.398847746727530428e-01 6.859567023472475933e-01 6.888487645672647375e-01 6.813112754256837045e-01 7.233692916455392030e-01 6.863243646014495214e-01 7.183802390314533159e-01 7.043173826963311512e-01 6.855755543574676425e-01 7.353308142004584269e-01 7.039899081883568277e-01 7.466341634400120997e-01 7.325121876000870724e-01 7.308975577863897621e-01 7.270895093703204637e-01 7.205775144960578915e-01 6.931855361612445643e-01 6.969637184456289880e-01 7.595272623880908736e-01 7.357177421429944575e-01 7.226134506994048579e-01 7.375184586692530297e-01 7.404343271393556414e-01 7.423194514885724793e-01 7.241616572473469349e-01 7.274726448127084577e-01 7.286449428656932570e-01 7.440265761183753046e-01 7.143199599477234596e-01 7.037889921372453284e-01 7.278592377948913672e-01 7.139543659158068545e-01 7.345784724281536615e-01 7.135633792014530741e-01 7.129647207069876869e-01 7.145962890223626074e-01 7.081043285455647096e-01 7.261222961208608773e-01
1.554648710202516382e-01 1.208368578709068386e-01 3.902820993975571473e-01 6.301636350308650325e-01 5.779791661747454290e-01 4.514348617487003446e-01 7.922814142202831977e-01 1.000000000000000000e+00 6.862971539837926516e-01 5.671256248444963566e-01 6.952812199633732204e-01 7.598384615361624128e-01 7.039859727247035348e-01 6.162206640203992114e-01 7.937110090276079388e-01 8.013345768224123811e-01 6.908841907512445202e-01 5.897065903605203108e-01 6.275395185162481182e-01 6.450278356653814660e-01 6.968738313493187952e-01 6.759957914168095439e-01 6.321327650024692879e-01 6.524680149106617533e-01 6.322956194553941422e-01 7.030365064620809346e-01 7.065150988771209395e-01 7.006381004909789656e-01 6.895880009137992372e-01 6.347254875637889926e-01 6.288915291716736800e-01 6.893378574832893513e-01 6.687351850103001594e-01 6.780733804807466125e-01 6.449477087288909560e-01 6.987407467778462555e-01 6.098334199776497266e-01 7.268315763745236691e-01 6.977998467711105102e-01 7.379508917173008831e-01 7.234084481521693144e-01 7.320746296258364705e-01 7.338831186351165714e-01 7.364440010274942994e-01 7.090890958223414753e-01 6.960972256113323597e-01 7.064031814166983336e-01 6.947659395035127305e-01 7.213397952169832150e-01 7.379855674111196473e-01 7.445059690895297067e-01 7.459222793128091888e-01 7.106006365073552766e-01 7.090276678528710796e-01 7.192307132382593782e-01 7.237107138610380241e-01 7.425176747453549053e-01 7.190216170819521135e-01 7.188005248175367567e-01 7.141272694534706034e-01 7.169370129909717893e-01 7.061085808647781237e-01 7.307795635627837294e-01 7.087237797476227952e-01 6.992850084753545747e-01 7.157207445691075032e-01 6.779501686838677044e-01 6.829922507054945191e-01 6.683146620912386870e-01 7.389025678148771759e-01 7.142813977885849042e-01 6.901448134621308572e-01 6.915492846681423611e-01 6.877284660300023722e-01 7.096455743603535815e-01 7.022094580783808659e-01 7.042985175334376402e-01 7.100630402362090310e-01 7.109249475945997876e-01 6.638064963914720451e-01 6.648551351700388024e-01 6.594713606287504470e-01 6.990300937983381369e-01 6.629898197687492667e-01 6.942505542248516015e-01 6.834662579259818127e-01 6.639110420119657130e-01 7.101573411493610211e-01 6.792463641821280262e-01 7.177297785574368039e-01 7.030024044685982965e-01 7.037335733748959488e-01 7.010053488459081494e-01 6.953016372790813415e-01 6.711504730040676048e-01 6.718539329046365749e-01 7.323819094068818591e-01 7.122806327035097196e-01 6.983501837843829607e-01 7.127870654501607950e-01 7.125578883956512621e-01 7.183446050125843474e-01 6.963929079355264395e-01 7.056627212757878853e-01 7.060907400905320763e-01 7.186462823900104935e-01 6.892642630699931106e-01 6.797124298762198258e-01 7.008535153289076058e-01 6.922040945471255036e-01 7.105987082672576838e-01 6.945495478169995129e-01 6.902820136534210116e-01 6.919438757108665738e-01 6.890917295348675253e-01 7.047656628491294484e-01
2.755140172559747969e-01 2.495279342225513175e-01 4.091508531431281015e-01 4.826793678635397655e-01 4.757232090920552880e-01 4.978239099927760924e-01 7.047747708331688621e-01 6.862971539837926516e-01 1.000000000000000000e+00 7.403319519594550036e-01 7.909347503938827240e-01 7.753799826294349717e-01 7.346227174609781807e-01 7.376261033699288427e-01 8.331338628161432114e-01 8.154102293840820304e-01 8.255801652540766256e-01 7.399891896972147221e-01 7.856924730241233723e-01 6.203951548220826284e-01 7.350061411009917167e-01 8.091326112963409534e-01 7.709349379664299784e-01 7.705977296163225576e-01 7.892977951537454295e-01 8.422290443364701673e-01 8.457977579712282479e-01 8.457736280088998804e-01 8.357863247984503863e-01 8.316751074566665070e-01 8.294849060548077357e-01 8.417409578910314272e-01 8.156359650921418680e-01 8.237328889705991530e-01 8.121725872641875066e-01 8.406660342156829779e-01 8.220082524899671172e-01 8.386726194972745629e-01 8.421712810481266631e-01 8.206109066478496361e-01 8.552740758607477733e-01 8.437758935690902184e-01 8.336194170911997992e-01 8.606456387341478997e-01 8.531268935864748659e-01 8.465159537962645420e-01 8.378795191158524558e-01 8.638550498088849450e-01 8.526619493724288956e-01 8.252391132386626138e-01 8.424056191078751477e-01 8.000904327388801418e-01 8.158554156267739943e-01 8.654756871130073748e-01 8.583212741024964787e-01 8.669580969262219439e-01 8.539448201745931666e-01 8.560215531055824778e-01 8.520608381624382721e-01 8.588450417887361077e-01 8.433539891620024376e-01 8.499797359455804058e-01 8.476636916227036078e-01 8.502127353951940414e-01 8.655089240800909467e-01 8.557204917907891284e-01 8.486786492474974741e-01 8.605579543763229866e-01 8.509769980139807455e-01 8.500037373620475956e-01 8.645611468565463920e-01 8.639976430727478451e-01 8.541118226538492175e-01 8.560602964348330568e-01 8.643216774273304592e-01 8.571711261888520506e-01 8.522759405273945266e-01 8.655697923693911333e-01 8.605633449415660552e-01 8.491542580800575113e-01 8.498536077633178643e-01 8.390003356154400738e-01 8.597265918476696411e-01 8.499817733777981221e-01 8.457404748292601804e-01 8.501881197119252054e-01 8.426677630677175124e-01 8.407702532729347533e-01 8.409258894590441180e-01 8.670888935100730111e-01 8.411230340356942170e-01 8.427506569419166427e-01 8.466989851179573812e-01 8.423782472436462943e-01 8.308407758875822058e-01 8.369942133820640340e-01 8.289362898355585596e-01 8.364402889578071987e-01 8.374514461086906003e-01 8.390532292068370035e-01 8.371009901899726380e-01 8.454874925175783762e-01 8.287662793569182673e-01 8.395098115061049304e-01 8.404361295622971850e-01 8.541687571625666830e-01 8.389489260083015099e-01 8.458287587031483312e-01 8.548376282321976660e-01 8.420153870112346839e-01 8.430674351155285073e-01 8.451676205442282264e-01 8.434881424150567630e-01 8.415491619809762902e-01 8.536691454767864062e-01 8.492789099419558729e-01
1.334982221078084841e-01 2.377156019984166813e-01 3.180102833675128582e-01 3.664502099768239818e-01 3.758413297631961192e-01 4.636252682478281817e-01 5.684162567785754350e-01 5.671256248444963566e-01 7.403319519594550036e-01 1.000000000000000000e+00 7.482861449692702616e-01 7.144771240775094068e-01 6.872274172203525211e-01 7.013453585394022749e-01 7.613590593096706272e-01 7.281421353833559262e-01 7.148870478907362047e-01 6.200507896858613588e-01 6.673824028965176236e-01 4.805232875641208823e-01 5.555946692548352495e-01 6.876964692714970795e-01 6.858193634987236331e-01 6.663358659625735481e-01 7.079511019142837869e-01 7.620154464236464920e-01 7.719614679595073747e-01 7.818703850651683718e-01 7.788170043987956426e-01 7.824067396164987587e-01 8.106042956969706781e-01 7.917907412384802557e-01 7.820185661867743443e-01 7.744968812405386149e-01 7.644695298369365011e-01 7.759582449916464508e-01 7.967439093528058125e-01 7.994195551855296511e-01 8.063959722869028512e-01 7.801160622754683693e-01 8.086277139783561996e-01 7.968204018938602751e-01 7.814012832012467991e-01 8.054256627411614522e-01 8.098062416627072047e-01 8.133893995493537421e-01 8.112173455792132115e-01 8.187379658204768651e-01 8.087567831231872173e-01 7.732073100297198742e-01 7.966049652543925053e-01 7.248499145591944526e-01 7.820117033221127834e-01 8.238454606822644966e-01 8.152678135917472702e-01 8.181206570897912034e-01 7.906928775915370577e-01 8.101972580321847861e-01 8.127873712274968909e-01 8.077423522989387594e-01 8.025216479086330068e-01 8.095805098641823960e-01 7.990883784789143407e-01 8.030681624788581496e-01 8.158596838198863832e-01 8.072230561032974760e-01 8.161345807246053186e-01 8.155425948633727717e-01 8.203212621827460360e-01 7.744552220036989842e-01 7.978507249481234798e-01 8.202234874564220402e-01 8.060559496497082810e-01 8.069576128885155297e-01 8.240939445112660522e-01 8.173443667047949335e-01 8.187911896437353176e-01 8.225673095204482088e-01 8.182073327225780623e-01 8.228672241949557264e-01 8.238752611289892336e-01 8.246512005705368686e-01 8.228210236726112292e-01 8.197982847473088697e-01 8.190012637333622392e-01 8.189733772047460558e-01 8.222870571957342500e-01 8.153881143669755582e-01 8.209743051346575227e-01 8.215418071316558102e-01 8.133211025089966961e-01 8.160662655378754238e-01 8.174779270561214339e-01 8.162099317962879796e-01 8.149106738172892106e-01 8.175262706458124029e-01 7.944248624304393047e-01 7.971107311976169951e-01 8.120206962810123663e-01 8.112038972164853368e-01 8.035847434927245736e-01 8.105883798632829151e-01 7.956709839464589651e-01 8.073081811136008090e-01 8.025985260866059789e-01 8.086971863063742161e-01 8.182786209485763962e-01 8.237097454445787559e-01 8.255465911404827883e-01 8.169754606431783861e-01 8.165927041268437048e-01 8.125157888666864059e-01 8.158765954979365631e-01 8.127430497578522761e-01 8.174962087749844120e-01 8.120025335275408152e-01
6.239498944837067879e-02 1.346578548157193189e-01 4.051340543861093879e-01 5.614857933088385211e-01 4.816957932387873620e-01 5.356775030978483398e-01 7.069598581990408359e-01 6.952812199633732204e-01 7.909347503938827240e-01 7.482861449692702616e-01 1.000000000000000000e+00 8.647327930111881056e-01 7.925621518321137593e-01 7.900132072072163503e-01 8.774769728490550147e-01 8.585737209852135621e-01 7.927396532900761184e-01 6.903450925966440055e-01 7.322498509988158988e-01 6.309136363499581179e-01 6.989724141828972392e-01 7.561029613838354813e-01 7.460393303863337433e-01 7.432860716464131379e-01 7.637439606339819775e-01 8.164192274235428926e-01 8.394063540054136352e-01 8.433679324949647782e-01 8.420101924076895950e-01 8.261982864575871943e-01 8.649410619884204676e-01 8.593696717010793629e-01 8.369115548335208654e-01 8.402530036506619115e-01 8.139904335164092064e-01 8.584214021354160673e-01 8.468733550198140891e-01 8.826475156041825310e-01 8.848702388218900872e-01 8.812632221774422403e-01 9.016135046535571629e-01 8.939911714281824073e-01 8.905675633169342076e-01 9.071214440575222637e-01 8.963609115661337334e-01 8.939282558262149347e-01 9.037991293200323684e-01 8.988768165183049774e-01 9.013529523994756598e-01 8.798350934581474769e-01 9.026920214876659188e-01 8.729242329787335608e-01 8.879210701629157709e-01 8.963225280264044414e-01 8.956585224000723766e-01 8.975484122954181521e-01 8.903909528283562302e-01 8.999279773110259173e-01 8.976710808401504593e-01 8.988329135330053177e-01 9.005026473006736421e-01 8.949139131509700196e-01 8.975973611907744898e-01 8.956391459077941430e-01 8.940329380960749805e-01 8.993103071767285517e-01 8.948312127637145785e-01 8.951158932500622445e-01 8.857070796582683370e-01 8.958785831098273755e-01 8.968735028413084009e-01 8.950083399858892452e-01 8.880376673745064009e-01 8.904421634289524379e-01 9.039758248835397803e-01 9.029162921306291834e-01 9.015206415038180543e-01 9.013969911790470357e-01 9.015224534910806220e-01 8.922555958522735420e-01 8.928024145651174415e-01 8.985857766700821037e-01 8.978143038568899836e-01 8.787566919031247759e-01 8.975578752042934205e-01 8.946394763733586109e-01 8.914415570952923806e-01 9.055222228145305419e-01 8.994212527860738771e-01 9.021452583963206484e-01 9.013365124859614719e-01 9.066590750772149931e-01 9.058556434598911133e-01 9.033001182019607667e-01 8.984239107113413114e-01 8.988335012383245060e-01 8.981924197371355945e-01 8.907616869532177795e-01 9.035342720618145806e-01 9.064177806990391106e-01 9.031324880019996337e-01 9.074513794159356772e-01 8.989995178476999360e-01 9.057153842360792240e-01 9.039239308558847386e-01 8.985342886821233721e-01 8.985636168702705318e-01 9.017124270095039362e-01 9.043435905418720777e-01 9.043676416571377885e-01 9.078699978279348715e-01 9.012972206257090502e-01 9.008142164832257937e-01 9.014634700318293614e-01 9.004405828466884865e-01 9.034291721721534607e-01
2.191857640836336607e-02 8.344671111402157671e-02 4.136776916017163575e-01 6.719547022670142589e-01 5.425271255084274102e-01 5.631071430527516686e-01 7.711199996630085929e-01 7.598384615361624128e-01 7.753799826294349717e-01 7.144771240775094068e-01 8.647327930111881056e-01 1.000000000000000000e+00 8.294088456820002397e-01 7.861015579608464643e-01 9.059503043014336399e-01 8.973949903308023890e-01 7.754160715755407107e-01 6.512875153758368452e-01 6.793686562618040936e-01 6.765314498426168166e-01 7.159182170765451270e-01 7.211852655914122723e-01 7.057572491224437528e-01 7.169088038490698533e-01 7.161061441263413263e-01 7.743652192074864660e-01 8.103362364257772343e-01 8.067964873772031087e-01 8.204890897102485869e-01 7.723866199117811471e-01 8.191071857977706427e-01 8.273699083060699344e-01 7.973147564233116213e-01 8.005314206831074531e-01 7.622220588640552519e-01 8.301866032286094876e-01 7.917849581303028073e-01 8.625913247608081313e-01 8.631607784043934251e-01 8.783590786098551817e-01 8.951836149834996315e-01 8.900778442220277364e-01 8.971285659805032786e-01 9.045796839064849104e-01 8.760170236674316158e-01 8.765759167923525830e-01 9.015370454229648667e-01 8.903716119256440686e-01 8.925825492466095135e-01 8.760677995162201581e-01 9.042302522223002459e-01 9.113968153143203743e-01 9.009209610140580526e-01 8.813078130234330843e-01 8.849357823492817188e-01 8.775887949895861961e-01 8.947174837310619688e-01 8.937567506286024921e-01 8.889847373786825546e-01 8.990387688000096578e-01 9.032196670559128338e-01 8.902678731368718346e-01 9.032260276987487124e-01 8.906233065311640607e-01 8.729321931866029782e-01 8.956973195615023364e-01 8.764511461266807357e-01 8.686846287307349312e-01 8.549348932334216444e-01 9.046724256773958084e-01 8.830056739662330845e-01 8.661556460455044348e-01 8.684238312921970238e-01 8.670102006510483905e-01 8.876880557887864009e-01 8.888789536633457944e-01 8.870305126706109489e-01 8.866689956975341014e-01 8.822482669074891426e-01 8.654194761199111019e-01 8.640685250430250042e-01 8.762408407267749944e-01 8.764275320301410099e-01 8.423529057598971859e-01 8.757727872884298881e-01 8.697992209350028370e-01 8.615487723847153889e-01 8.955400253566111468e-01 8.817347225832246060e-01 8.796148383352919708e-01 8.906149028265671896e-01 9.003615085724487876e-01 8.975301928957062358e-01 8.932268533225152796e-01 8.886285590866380701e-01 8.857319363202220686e-01 9.029058807423927524e-01 8.930582433480573901e-01 9.010932026622634483e-01 9.034878335730434085e-01 9.053647034715174291e-01 9.093095187875583907e-01 9.048858773306545089e-01 9.051758756326739874e-01 9.054160865656671886e-01 8.958085358325678094e-01 8.872580497698611124e-01 8.884634683800013422e-01 8.899598601036253775e-01 8.972797290210424714e-01 9.036702621086575293e-01 8.976350531992066673e-01 8.944974418590487808e-01 8.972123263466496024e-01 8.850668823231808702e-01 9.012417206463133601e-01
5.364813228294480763e-02 1.248479657584464914e-01 3.638328651127478719e-01 5.784403127003338030e-01 5.147647664367583920e-01 5.230100079236724708e-01 7.079349519732037743e-01 7.039859727247035348e-01 7.346227174609781807e-01 6.872274172203525211e-01 7.925621518321137593e-01 8.294088456820002397e-01 1.000000000000000000e+00 7.579320448029984725e-01 8.499559569020219696e-01 8.379686683126745805e-01 7.452530712389435763e-01 6.213239501749250326e-01 6.551602582070087388e-01 6.016152422733532790e-01 6.481959280528265532e-01 6.969303596398895850e-01 6.853146820509614656e-01 6.873631935885778921e-01 6.954170400966945831e-01 7.555837197977490760e-01 7.747136398193955609e-01 7.729412281025676013e-01 7.730521759359141321e-01 7.451476044100887597e-01 7.823073963518444307e-01 7.905810951415717103e-01 7.683716617964693185e-01 7.661536670968805973e-01 7.481976070508413734e-01 7.981334577612761993e-01 7.690991920193812614e-01 8.100340790866024099e-01 8.180760737152513729e-01 8.190978857262778412e-01 8.422583281885590578e-01 8.338596941562915754e-01 8.389922845558221987e-01 8.465259413705327196e-01 8.321421536135957808e-01 8.287570410503549700e-01 8.487016346250085830e-01 8.398982229827879342e-01 8.389029102542574501e-01 8.109303084665779870e-01 8.411403192253129601e-01 8.326423490388024096e-01 8.398064451935250974e-01 8.405887195225190123e-01 8.361321066133426960e-01 8.317517138962799983e-01 8.411788743096050291e-01 8.427302954622424291e-01 8.323051206613946151e-01 8.545985825358741739e-01 8.479531361917200805e-01 8.394412815776707282e-01 8.416245454726978270e-01 8.429228399988041298e-01 8.344146473917040119e-01 8.490917175429679720e-01 8.340015884792330025e-01 8.288356754646396540e-01 8.205607528456201338e-01 8.397307800849176385e-01 8.319099265046034919e-01 8.278282056075643158e-01 8.238677264937572797e-01 8.236828428351830045e-01 8.430459745876938138e-01 8.409041682770401760e-01 8.385176208345063165e-01 8.350883771819820334e-01 8.373510936412511541e-01 8.238198714638568232e-01 8.212081908174337919e-01 8.298175577559722127e-01 8.387255759123897203e-01 8.112123568372435756e-01 8.288795196035912971e-01 8.288587661722849331e-01 8.223725783182592730e-01 8.451124087099208815e-01 8.350669880881547158e-01 8.408806407236166791e-01 8.393139258193705876e-01 8.476888971443746756e-01 8.465423159765653738e-01 8.419090887153294345e-01 8.383206693005152976e-01 8.376541968443896868e-01 8.430721513088016428e-01 8.379420910842766412e-01 8.487938387631953630e-01 8.476657261559918943e-01 8.499782852281883017e-01 8.528804172564080632e-01 8.474392931658393247e-01 8.497501746775054654e-01 8.508770828031443356e-01 8.494633959287681835e-01 8.402221381748233853e-01 8.412328006386706747e-01 8.464751887980898060e-01 8.477226346861070905e-01 8.495718246481792635e-01 8.499390907063202327e-01 8.451563463003349819e-01 8.476857262219736899e-01 8.416775115840195998e-01 8.529832766371655550e-01
