1.000000000000000000e+00 2.978116567728741892e-01 4.179676994067851314e-01 2.867173678010788151e-01 1.655215865197254554e-01 7.733340716782598212e-02 2.064113612587266389e-01 1.172841492990065876e-01 2.941109085367264453e-01 1.415701133311647320e-01 2.082442241343974987e-01 1.317327655864448943e-01 1.120497771559158945e-01 9.588271804098617845e-02 1.425588595615002729e-01 4.026523755591725900e-02 2.710315000965776155e-01 4.425542123551274853e-01 3.606721799768376480e-01 1.585775035033789582e-01 2.618618222903447146e-01 3.428599167540821724e-01 3.505366718490542377e-01 3.320028172320005355e-01 3.437976465568856610e-01 3.813356056994925414e-01 3.636565790811281396e-01 3.563742613901313416e-01 3.687287573923648254e-01 3.449802895431344218e-01 3.190350902319543103e-01 2.030007996068059761e-01 2.638032004714447321e-01 2.629658331960773587e-01 3.154829583127022330e-01 2.310723767370670978e-01 2.903035671494529901e-01 1.355645218246064043e-01 2.129133874516988545e-01 1.621806713918778897e-01 1.611926625079640185e-01 1.322575248115955004e-01 1.876976572317025083e-01 1.734020721855758784e-01 2.052467067634912434e-01 1.604163297305334357e-01 4.304363216552397481e-02 6.001076175035198468e-02 4.289895915472901472e-02 1.110096591853774739e-01 1.177001612637111477e-01 1.227170618146658371e-01 1.253101046881040792e-01 1.201144969281833369e-01 1.304211862229869845e-01 1.891839118764910566e-01 1.698727677530486868e-01 7.171093489309170177e-02 1.029035488795492642e-01 1.105849233407607546e-01 8.231979289782849485e-02 1.403858029079249892e-01 1.167294552192910256e-01 1.222755009139695759e-01 1.442068194055763641e-01 1.395837497007991479e-01 5.917929630152198722e-02 1.411185604170310526e-01 1.275922084386248712e-01 8.568705685046389131e-02 1.448823075870298016e-01 1.465833747730334868e-01 1.442349685878635823e-01 1.397188119850267252e-01 1.425123059606100417e-01 1.565704471985526758e-01 1.558879240229218976e-01 1.848158058522683667e-01 1.421515512968155037e-01 1.525456727113193023e-01 1.554579276824737399e-01 1.365621088210672296e-01 1.112096225327125487e-01 1.412294764926009805e-01 7.900377114491401176e-02 1.216722031076362120e-01 1.111395328396429377e-01 6.303838216688187335e-02 9.524881982229026212e-02 1.184340294543663602e-01 9.276239346552415943e-02 6.073021098649100669e-02 9.065814186712314870e-02 7.508398356240025828e-02 1.605922632703074907e-02 2.938218621130194580e-02 2.851925943680861178e-02 8.098215310078647755e-02 3.208849092347323267e-02 2.754475172758208759e-02 4.599001089413570081e-02 5.725173262160675874e-02 4.847198723774338858e-02 5.425948912536428248e-02 7.510220536623048171e-02 9.430183351475172893e-02 3.019355320594304531e-02 5.474112703553713627e-02 7.149199278891253673e-02 4.005982120280978526e-02 4.908445709391502654e-02 5.764388870247109248e-02 6.175610075342431032e-02 6.464037977942113655e-02 7.505152668017324447e-02 8.082143553127524305e-02
2.978116567728741892e-01 1.000000000000000000e+00 2.094338125312004140e-01 6.540837805239642366e-02 1.533036501531992446e-01 7.163375735273989908e-02 1.486156783920041524e-01 8.795739807391037002e-02 2.391003442953221758e-01 2.381778316397672735e-01 1.924413494897465327e-01 1.179058009294502718e-01 1.186716604177001644e-01 1.840734173130897378e-01 1.820177578869261459e-01 1.367549233562801447e-01 2.060005415614038216e-01 2.686237172082680535e-01 2.195585500903448617e-01 4.948801748010730334e-02 1.176565518564429980e-01 1.676163481650422005e-01 2.134889571577533729e-01 2.040358252061945099e-01 2.039868612713066354e-01 2.980688960384547115e-01 2.635124703406712676e-01 2.912969403132040225e-01 2.930511603102415874e-01 3.184542580339855267e-01 2.741950023142599169e-01 2.021191002822063376e-01 2.704516839598949396e-01 2.169585326483059462e-01 2.608610276576917575e-01 2.093144675463334825e-01 2.593341594099450864e-01 1.852594144424485056e-01 2.412056159409937950e-01 1.890799753619674672e-01 1.926695416760790536e-01 1.857069163913118715e-01 1.847986606064171144e-01 1.741095065935255870e-01 2.013020695879008115e-01 2.082374894352055916e-01 1.505939882009955655e-01 1.651790612007848491e-01 1.345498378179099674e-01 1.475902807899229507e-01 1.566472886206065063e-01 1.380261129025914524e-01 1.416628926728703275e-01 1.912567307353303381e-01 1.895148591068762656e-01 2.202572776568297308e-01 1.693781883071874828e-01 1.679158838664465414e-01 1.668996953944653083e-01 1.725514513383345772e-01 1.556312254557639663e-01 1.766431269952984107e-01 1.581221211977506813e-01 1.670381056561590360e-01 1.777855778779802443e-01 1.646325947900067477e-01 1.607410875970107511e-01 1.891163160301564117e-01 1.807989914515265306e-01 1.242924183329861265e-01 1.525607108763022413e-01 1.797022031368017136e-01 1.739376928196440242e-01 1.717260755188782517e-01 2.039055474328273221e-01 2.022454092038364626e-01 2.082862115469955311e-01 2.251106848623170564e-01 1.910953763243459225e-01 2.141577198755918177e-01 2.091231739287200686e-01 1.998828897306688668e-01 1.775901323055635028e-01 2.176934967020176248e-01 1.704187773944866036e-01 1.793240773563690438e-01 1.803737697113140526e-01 1.746395941108631888e-01 1.854765081103199043e-01 2.055967781804094174e-01 1.809867991439838286e-01 1.630447269286812439e-01 1.657666403747752870e-01 1.622687740403095102e-01 1.415264625082731098e-01 1.537873947148417630e-01 1.182579995352713575e-01 1.452958235636562234e-01 1.393430810716682899e-01 1.344608222236654826e-01 1.460175390466294520e-01 1.487708003193209949e-01 1.325494521070333387e-01 1.416884167883149803e-01 1.472610773476148438e-01 1.588691170415381659e-01 1.338807624683188424e-01 1.683399775440343471e-01 1.774216795338794395e-01 1.539158914241580967e-01 1.675159451559388724e-01 1.580263822766141690e-01 1.565186850978282640e-01 1.486593457543769203e-01 1.615559170356242191e-01 1.535616471362715452e-01
4.179676994067851314e-01 2.094338125312004140e-01 1.000000000000000000e+00 4.852322835404478951e-01 2.148219833249330746e-01 1.749057386847304163e-01 3.618186779168057199e-01 2.579474264553909824e-01 4.149440930384057924e-01 2.548003656491857893e-01 4.038485154673098765e-01 3.657419726517928127e-01 2.994464113242788494e-01 2.695889820171640805e-01 3.534725115259805261e-01 2.298064373061469157e-01 4.007519920236346511e-01 5.508466491222243633e-01 5.156047679201812839e-01 2.899940897954871311e-01 4.625794267635625068e-01 5.242726012756545595e-01 5.072487131772652758e-01 5.140801450605240186e-01 5.195394460741779019e-01 5.492405646997399193e-01 5.412974377641206480e-01 5.264078958922010498e-01 5.188974924460600935e-01 5.109518662239661557e-01 5.173158017730609126e-01 3.943187268801968681e-01 4.260200207737371847e-01 4.582572632272192137e-01 4.848335835015119555e-01 4.242439367129697270e-01 4.744152999676565785e-01 3.204752219685313985e-01 4.045602860212883511e-01 3.824166331167447863e-01 3.757670418581004479e-01 3.472635176123122780e-01 3.968699114580893639e-01 3.870875820179043303e-01 4.135234785167630767e-01 3.555222717848087743e-01 2.517477831905679531e-01 2.614622052082433701e-01 2.546901702403205903e-01 3.151516261647708261e-01 3.268940698118576460e-01 3.049484334483252290e-01 3.250998949455179976e-01 3.041027873158667072e-01 3.100267144255494656e-01 3.819494776185139995e-01 3.372682940018164599e-01 2.748558287843280712e-01 2.983819788100242620e-01 3.064555046922176063e-01 2.940472367127071052e-01 3.197133457593090422e-01 2.996012732267417378e-01 3.082004813461587944e-01 3.303799561115876027e-01 3.244515453665220983e-01 2.550164495083946381e-01 3.413808069172274973e-01 3.317745260165788634e-01 2.912887690985805356e-01 3.666342010866662782e-01 3.598127162250338573e-01 3.544227241503523085e-01 3.610347535314434309e-01 3.514287869824438970e-01 3.684329326702647789e-01 3.661560946516557169e-01 3.875681990677697364e-01 3.495433118276642381e-01 3.563900629803076203e-01 3.574665366396809763e-01 3.560906271944224710e-01 3.145689589123509267e-01 3.368173900423736544e-01 2.912243140801445973e-01 3.268436994836493859e-01 3.265519150967454154e-01 2.752568964448265376e-01 3.067950288828995564e-01 3.216431100612329175e-01 3.122328760839347406e-01 2.774763847570431707e-01 3.105198464931478997e-01 2.985671255664378854e-01 2.308452273375756758e-01 2.380251292289804199e-01 2.484905490957097507e-01 2.746476389845600163e-01 2.496410769202275781e-01 2.484287240487005888e-01 2.713187167556823653e-01 2.647010024006586915e-01 2.698884441005017787e-01 2.699821426562596383e-01 2.852389766992942111e-01 2.870550343578980312e-01 2.400416148735869393e-01 2.548184430055442373e-01 2.777061482947500437e-01 2.479219737791781286e-01 2.608890670098475417e-01 2.650489393467930777e-01 2.592979848321732561e-01 2.629971335007557642e-01 2.806171836400975228e-01 2.789965151332786109e-01
2.867173678010788151e-01 6.540837805239642366e-02 4.852322835404478951e-01 1.000000000000000000e+00 2.881130999955167082e-01 2.909805943699424469e-01 5.005749264342859162e-01 4.666711542698836479e-01 4.559448502592287622e-01 2.955565242490397204e-01 5.205601871028079364e-01 6.049831099709738202e-01 4.727160436051267012e-01 3.715753508041020892e-01 5.052935586037697879e-01 4.267292357190479168e-01 4.900100376420827297e-01 5.258247370063561243e-01 5.893781443146165477e-01 5.698690969071474877e-01 6.422800223887107363e-01 6.741089320330485579e-01 5.421725929285567958e-01 5.841728409484523432e-01 6.400438989705313775e-01 5.610420602480152841e-01 5.898555848460733664e-01 5.278275594061673237e-01 4.921322885582490869e-01 4.835834611233180702e-01 5.755028364769355642e-01 5.059822124931074860e-01 4.452738516044105199e-01 5.428299261185883795e-01 4.868452925698177336e-01 5.432264389207985822e-01 5.340538488674265727e-01 4.260250994675208736e-01 4.847099087840812670e-01 5.221292753051766100e-01 5.087080812573854249e-01 4.817706128005954103e-01 5.555459761606289515e-01 5.620307047835332304e-01 5.465127012796970885e-01 4.647888250841258895e-01 4.102576864828214043e-01 4.096195475602383840e-01 4.458901802043549467e-01 5.006628502506610401e-01 4.889371300894322925e-01 4.981635792334300206e-01 5.078273466346502341e-01 4.321313754780481964e-01 4.324816649996190976e-01 4.711134263665763267e-01 5.006581513086891810e-01 4.256881346819773038e-01 4.402525003198003439e-01 4.523866410049891540e-01 4.531009229585104547e-01 4.584310329531072759e-01 4.594792025859993911e-01 4.726763064563703209e-01 4.742681998867613880e-01 4.698234686618233402e-01 4.076259998920988559e-01 4.637361020041548820e-01 4.557728097603657158e-01 5.069893949787661613e-01 5.481423842998175422e-01 5.113719842501357471e-01 4.912095046906042595e-01 5.218415998613959994e-01 4.721052362393151069e-01 4.935023217471014578e-01 4.821185913637865417e-01 4.722777516022845234e-01 4.962546995274266237e-01 4.412874478924331823e-01 4.659120667199554422e-01 4.799658469962292950e-01 4.455705790835281510e-01 4.231646499551302565e-01 4.382323808675312460e-01 4.653752185993330626e-01 4.627009014871333314e-01 4.207401232903657529e-01 4.412923073250810679e-01 4.300767100021661293e-01 4.661547146338722025e-01 4.393753868910143523e-01 4.819670176897620228e-01 4.647918174726503038e-01 3.935097120497582091e-01 3.910605526509880470e-01 4.569160996008980735e-01 4.519652413862254026e-01 4.252319505062234217e-01 4.288012134102138218e-01 4.510758544944463155e-01 4.314644005373606817e-01 4.550284527597343032e-01 4.505827635267573017e-01 4.568518923543741228e-01 4.450895828298197521e-01 4.191854228514227398e-01 3.959477716828045391e-01 4.122535620069430196e-01 4.029378909956459198e-01 4.084510419525683167e-01 4.205814762530564743e-01 4.097065096645405302e-01 4.275015738085209960e-01 4.340660927455261553e-01 4.373539685789895604e-01
1.655215865197254554e-01 1.533036501531992446e-01 2.148219833249330746e-01 2.881130999955167082e-01 1.000000000000000000e+00 2.042004390841996031e-01 4.107163383278074065e-01 3.601189930208260614e-01 3.784616790525309193e-01 3.254473832904258845e-01 3.716076773223900287e-01 3.851655519600129529e-01 3.868105761304145296e-01 3.436331287891284392e-01 4.282371770648689679e-01 4.163515509300184658e-01 4.079742138160485920e-01 3.730580875018516540e-01 4.186708209013955684e-01 3.154413318881947315e-01 3.797031559598553763e-01 4.095630347797504234e-01 3.341993015306535253e-01 3.709490023706873418e-01 4.099742648083765650e-01 4.307324484201341397e-01 4.260222547147160532e-01 4.057248286951599114e-01 3.912463276038145588e-01 3.881058315906628087e-01 4.224073894582471289e-01 3.951710528509068121e-01 3.780652280131338583e-01 3.875555321232710404e-01 3.590109066112829872e-01 4.155250345133822409e-01 4.073839074500723023e-01 3.784846031714056980e-01 4.159820646581772752e-01 3.922837675090110054e-01 4.306451027699018108e-01 4.161778780976861936e-01 4.238308666623528675e-01 4.382863307780159867e-01 4.237438439787560296e-01 4.194882694849877969e-01 3.955174467185173515e-01 3.956502074350115583e-01 3.849072942820862542e-01 3.824182505789917585e-01 3.973053706883385439e-01 4.074325368133115410e-01 4.119130389740435216e-01 4.103447141275649024e-01 4.015973121331304352e-01 4.144422001934446875e-01 4.004258041900921605e-01 4.018436578500977352e-01 3.906571478602741121e-01 4.119202667774001791e-01 4.066891996419647604e-01 4.038695532560435675e-01 3.972553860373573276e-01 4.066086792583997744e-01 4.181600235221332174e-01 4.113767098144815448e-01 3.948742624649151933e-01 4.175947706117565938e-01 3.943900947261219647e-01 4.017673580737504690e-01 4.281780942837513093e-01 4.249408732574263547e-01 4.069263310680312773e-01 4.187462561780843640e-01 4.215776434335409273e-01 4.264691254416524413e-01 4.209327692246556119e-01 4.135093867378260013e-01 4.149184001706367475e-01 4.019181916417454148e-01 4.063175390680570098e-01 4.149146020965578940e-01 3.953700514526518606e-01 3.889436167133515365e-01 3.886841819346882887e-01 4.024646204996323862e-01 4.051927446602974769e-01 3.941566520263956042e-01 4.035655770663028052e-01 4.096560495222130172e-01 4.061586291192825771e-01 4.054397180039002735e-01 4.125916776278268916e-01 4.078664833754803154e-01 3.868041647358383961e-01 3.898973040324844597e-01 3.866552945170745881e-01 3.929871050698849344e-01 3.927274263156332879e-01 3.863246208046950403e-01 4.039001524252374686e-01 3.986617007114619526e-01 4.039472428037302887e-01 4.080204604107655619e-01 4.037327928456502235e-01 3.982256237639451579e-01 3.869895955698240964e-01 3.969632277373444373e-01 4.029087100015281697e-01 3.906681243047163132e-01 3.962668264268668361e-01 4.033844720408993889e-01 3.937976654726629278e-01 3.962209763340819868e-01 4.039256419388183028e-01 4.041460130736481693e-01
7.733340716782598212e-02 7.163375735273989908e-02 1.749057386847304163e-01 2.909805943699424469e-01 2.042004390841996031e-01 1.000000000000000000e+00 4.017500260483556906e-01 3.584790696271861199e-01 4.384451132515536087e-01 3.731414876394973934e-01 4.396047095129130833e-01 4.892776869585387378e-01 4.131975863639658075e-01 4.152389168090456772e-01 4.748771826971832088e-01 4.495237377654943134e-01 4.389112584087745406e-01 3.822679364386413758e-01 4.239918949077025601e-01 4.089355757038269923e-01 4.468981309851708938e-01 4.402619649910739508e-01 4.116916754917765431e-01 4.282125918071060244e-01 4.394755805200263321e-01 4.408829541240890104e-01 4.499466940291462214e-01 4.506683796512676587e-01 4.333384631669894849e-01 4.384407479198891289e-01 4.790619870746585796e-01 5.020346626203101570e-01 4.525697291411297507e-01 4.845369654394483527e-01 4.494116892639313798e-01 4.874562380318186450e-01 4.804407368379977616e-01 4.935223047951600717e-01 4.948671875090558947e-01 4.964091309204065605e-01 4.944408413539309599e-01 5.029156463727072479e-01 5.005053844531200946e-01 5.124280829956292527e-01 5.087035431454989265e-01 5.018166408691842051e-01 4.964534055584723937e-01 5.007911702188749814e-01 5.066987400181782730e-01 5.033868544754702690e-01 5.087230460221286998e-01 4.912642603463812097e-01 4.951094397572430861e-01 4.983015065979238822e-01 4.951764661115455879e-01 4.963559117710203972e-01 5.031976524178185528e-01 4.977405454048940414e-01 5.034345671817260781e-01 4.999393054654537871e-01 5.106139198207656493e-01 4.977845805889481445e-01 4.994862394779787107e-01 5.054649195742643153e-01 4.985694686549946297e-01 5.078854226625676427e-01 5.005445667742872695e-01 5.058443533326291153e-01 5.117034209825978008e-01 5.108968651685061868e-01 5.126335803191415241e-01 5.129199284919674362e-01 5.082194223090302776e-01 5.075202519232077103e-01 5.107261266955920309e-01 5.078004624297118852e-01 5.085229891853396689e-01 4.991255911771873555e-01 5.106750350416929818e-01 4.909159492632610977e-01 5.044905889438650037e-01 5.105694934378258720e-01 5.111989887438780356e-01 4.934155091031496299e-01 5.075137840386056975e-01 5.104815002628618759e-01 5.103346484960533669e-01 5.072902749990720883e-01 5.045653373934482211e-01 5.022234192057761781e-01 5.111200006040549360e-01 5.060226970921483103e-01 5.152855486392785567e-01 5.159283480918230858e-01 5.004842852448861956e-01 4.991842162747282541e-01 5.080197376759137962e-01 5.075701087155356506e-01 5.054389667577440237e-01 5.064621407146077114e-01 5.089064206367744925e-01 5.074151377520970119e-01 5.122085583548160459e-01 5.115822355127872534e-01 5.136766898805089632e-01 5.035075147469355583e-01 5.084752609126180767e-01 4.974215795701170117e-01 5.018619717781788170e-01 4.992734084670166217e-01 4.997632368852952256e-01 5.048151652646926113e-01 4.987346090565359380e-01 5.074210599196199434e-01 5.059662511138662833e-01 5.090735441806618633e-01
2.064113612587266389e-01 1.486156783920041524e-01 3.618186779168057199e-01 5.005749264342859162e-01 4.107163383278074065e-01 4.017500260483556906e-01 1.000000000000000000e+00 5.835816353851667193e-01 6.546761901343072232e-01 5.684058226216816001e-01 6.522040281768014536e-01 6.907973532234227276e-01 6.315385042567670526e-01 6.045098107067515825e-01 7.714975569076660822e-01 6.949086834136900537e-01 6.658979936277695799e-01 5.943110338926901326e-01 6.552944154686364264e-01 5.692882246536894453e-01 6.123978219653389843e-01 6.636014625425222802e-01 5.757435176126796117e-01 5.972661316199542325e-01 6.583535477911147682e-01 7.011362145097844722e-01 7.005635844413078406e-01 7.010924472792041673e-01 6.703728313235136627e-01 6.756738993150280814e-01 7.376395561310001847e-01 6.943824450443846219e-01 6.639074797420416729e-01 6.878153984086510242e-01 6.457381980387425502e-01 7.018788045663648667e-01 7.179309588614843918e-01 7.018187227582599608e-01 7.278788848235612230e-01 7.135039956586310961e-01 7.275552327604566383e-01 7.283208609534645994e-01 7.349647066974360765e-01 7.492384083136646167e-01 7.255280249850278862e-01 7.321603420484784630e-01 6.890178602010688103e-01 6.953823111103336618e-01 6.898548984720771493e-01 6.925868541939612655e-01 7.106834765951295374e-01 7.019293316113881520e-01 7.073703519904378512e-01 7.109062676485514709e-01 7.100638902963951615e-01 7.189086874651697823e-01 7.120774744086671992e-01 7.021871715789850255e-01 7.033793487739042893e-01 7.199453056509108606e-01 7.120067004334883487e-01 7.162390312740026799e-01 7.117583386980497195e-01 7.115137707409233681e-01 7.127208568925520460e-01 7.145694972955712876e-01 6.899086527966621363e-01 7.111347523607106647e-01 6.942663854336826867e-01 7.053636465849898451e-01 7.202010354316409346e-01 7.270086390587660041e-01 6.959651001347512134e-01 7.098393337790116497e-01 7.267887132945435313e-01 7.351808863146970241e-01 7.347926489020438767e-01 7.211319603446586513e-01 7.328425826182317637e-01 7.166547313073081682e-01 7.202925553239387657e-01 7.280682298250010787e-01 6.948081535986534440e-01 6.954749993403371855e-01 7.010382016749640011e-01 7.075162531214602701e-01 7.087591330218672159e-01 7.060287414920196625e-01 7.137713417156438256e-01 7.048865379970004064e-01 7.217363263833924680e-01 7.118729534198616760e-01 7.198734372727605413e-01 7.153696461680637553e-01 6.800393659917930433e-01 6.839120613620888189e-01 6.950638178826393787e-01 6.918734723122457186e-01 6.902446837826503589e-01 6.889939924332630916e-01 7.075526131284425313e-01 6.995634187346427835e-01 7.004611067526314017e-01 7.067724119187757115e-01 7.061217569438953401e-01 6.992033526561126644e-01 6.856948386495951286e-01 6.926587331708388140e-01 7.027035976659617988e-01 6.919099550299897539e-01 6.993930120189374433e-01 7.022760513077632716e-01 6.957663246790911638e-01 6.963380297369156091e-01 6.995017008698455330e-01 7.000346607870164828e-01
1.172841492990065876e-01 8.795739807391037002e-02 2.579474264553909824e-01 4.666711542698836479e-01 3.601189930208260614e-01 3.584790696271861199e-01 5.835816353851667193e-01 1.000000000000000000e+00 5.696852525335990292e-01 5.041767671979118237e-01 5.768051046613573707e-01 6.659673765892547559e-01 5.937576082379483200e-01 5.510035304169176307e-01 6.684427639923438136e-01 6.757868072572786877e-01 5.721023425112741201e-01 4.883071677807508393e-01 5.584852992035942432e-01 6.175715326226959290e-01 5.921628337226152450e-01 5.967231621746981185e-01 5.117384403490314870e-01 5.470517419331749620e-01 5.901234383516743565e-01 5.800987260448747795e-01 5.761472966943831375e-01 5.751040256744133217e-01 5.307325473715186481e-01 5.726569493130444499e-01 6.217273501309615868e-01 6.469205703530545026e-01 5.676982272440820321e-01 6.339184397526642645e-01 5.742328205609297243e-01 6.504410398443770669e-01 6.189129888519879774e-01 6.577802721152111731e-01 6.564854837544823463e-01 6.557332063168550551e-01 6.654851719986050185e-01 6.758396864834084194e-01 6.984543863700779509e-01 6.946345946301114571e-01 6.576753468748862685e-01 6.648292899274681478e-01 6.596562723560236430e-01 6.553383023450367606e-01 6.831071232466410237e-01 6.963852823778716727e-01 6.954923476459682341e-01 6.864171729342120054e-01 6.792102728292591651e-01 6.530369416510974911e-01 6.545366095720237531e-01 6.442674305654985112e-01 6.840865407405863907e-01 6.625581741273788294e-01 6.694455280340402270e-01 6.682039290861649938e-01 6.855165302483293699e-01 6.746372985351498652e-01 6.823051429148702107e-01 6.868658256336519496e-01 6.618333390313925202e-01 6.790321779000614288e-01 6.509479007775629267e-01 6.521233577065830289e-01 6.529525773679165646e-01 6.965377811451783918e-01 6.773918972924712900e-01 6.689066721785372760e-01 6.534191184829296617e-01 6.665954133570001217e-01 6.651972746596813701e-01 6.656156113853168854e-01 6.619371397844079352e-01 6.370954457357977940e-01 6.744114016060986927e-01 6.502391797210113067e-01 6.567769786374789698e-01 6.635546963776586260e-01 6.516517854575494262e-01 6.348763142822542171e-01 6.704731394709254610e-01 6.658751134172959940e-01 6.601106783483470242e-01 6.641796288282352245e-01 6.653993283851796781e-01 6.449309241658038871e-01 6.662645384150065464e-01 6.677492081957359105e-01 6.738003107391290492e-01 6.739407203473383179e-01 6.516759192388965616e-01 6.496831280005511688e-01 6.874184553035055378e-01 6.861917042177243520e-01 6.746259753073990950e-01 6.778391047216423271e-01 6.808358793963571465e-01 6.756053852409988902e-01 6.748235797882428111e-01 6.785939554490183490e-01 6.820571679821514355e-01 6.706812264625900966e-01 6.695761620131170933e-01 6.491821035917134664e-01 6.550964075582476065e-01 6.612616947462479633e-01 6.591569091989589735e-01 6.632097106097802897e-01 6.613214202740475001e-01 6.752946984893801741e-01 6.611082832604273651e-01 6.695805382974545639e-01
2.941109085367264453e-01 2.391003442953221758e-01 4.149440930384057924e-01 4.559448502592287622e-01 3.784616790525309193e-01 4.384451132515536087e-01 6.546761901343072232e-01 5.696852525335990292e-01 1.000000000000000000e+00 7.160498460747938276e-01 7.554113794432234519e-01 7.355164005996349674e-01 6.762949425270931014e-01 6.958140409296509343e-01 8.030910543355438413e-01 7.233212216559072871e-01 8.072976032450195349e-01 7.384056283548801058e-01 7.628725131977066587e-01 5.903064139781176722e-01 6.964652537216811101e-01 7.479354816655974236e-01 7.364156613297986320e-01 7.425428866182844923e-01 7.664867225633744674e-01 8.240714416610426252e-01 8.164121069083207782e-01 8.306811946175083339e-01 8.068241106266447193e-01 8.335346843601679767e-01 8.545220185043616024e-01 8.325395122166647788e-01 8.025332201665170695e-01 8.096012129063964169e-01 8.102063768079289519e-01 8.145333082179604389e-01 8.519431937256963794e-01 8.090308321104791034e-01 8.572525531933175014e-01 8.001712467043728960e-01 8.447253751921934839e-01 8.243306149842342112e-01 8.180652552322250637e-01 8.346254805314184955e-01 8.448463422456523597e-01 8.399534586357428889e-01 8.039121371858571896e-01 8.193626832623215339e-01 7.942286042303331461e-01 7.811648824263112134e-01 8.071446501524444095e-01 7.796783486488307879e-01 8.035453858317403997e-01 8.401860501624817124e-01 8.292442454950591513e-01 8.520970527951590157e-01 8.290497126415291573e-01 8.137905082936305323e-01 8.210117843338954335e-01 8.372124058962477910e-01 8.215415812265393081e-01 8.419808495933418513e-01 8.234009757885925040e-01 8.248021875230246991e-01 8.348679231400770728e-01 8.379999293010889083e-01 8.123659973780477106e-01 8.433851592679023623e-01 8.373215749846008027e-01 7.990849835879096918e-01 8.296369565051620043e-01 8.434776883262617986e-01 8.303291308499674006e-01 8.347959266593909522e-01 8.498440373377910140e-01 8.535151957394303546e-01 8.525589096017451851e-01 8.525678880495063394e-01 8.417840768168358689e-01 8.491741414446667413e-01 8.566825845086418756e-01 8.518776084663043369e-01 8.316593064792889844e-01 8.385724578202936597e-01 8.115441763808882714e-01 8.320728468918078269e-01 8.383778111017085033e-01 8.122940205042208373e-01 8.342800516658581689e-01 8.377505608223073663e-01 8.223938103230110652e-01 8.178940608628406661e-01 8.269862051137609749e-01 8.236285814281739670e-01 7.963525812495543255e-01 8.036700135210036455e-01 7.725378734243050216e-01 8.043298081865148941e-01 7.993329383523493092e-01 7.880589037651388740e-01 8.016155098400052914e-01 8.077088939896793773e-01 8.046697172386149122e-01 8.115185608903531245e-01 8.172165440957511739e-01 8.171640681260362582e-01 7.965522960123214702e-01 8.161550908274571858e-01 8.240379186377705389e-01 8.048375444042059623e-01 8.101571358394401567e-01 8.177270653323742700e-01 8.135941321886078770e-01 8.122217250174240677e-01 8.207057317058148449e-01 8.223093256864566492e-01
1.415701133311647320e-01 2.381778316397672735e-01 2.548003656491857893e-01 2.955565242490397204e-01 3.254473832904258845e-01 3.731414876394973934e-01 5.684058226216816001e-01 5.041767671979118237e-01 7.160498460747938276e-01 1.000000000000000000e+00 6.435262028122193945e-01 6.590905749194904129e-01 6.131182222443980478e-01 6.613410676779238884e-01 7.373202482427989590e-01 7.002393960427233388e-01 6.899773272439035932e-01 5.620633368936303054e-01 6.062121437761155418e-01 4.803519290416241039e-01 5.335198952988202681e-01 5.699296185573760054e-01 5.872701313124635281e-01 5.906099117721459457e-01 5.978258352307015411e-01 6.943223826380447994e-01 6.760002424740474414e-01 7.145156554623771639e-01 6.955767962798213855e-01 7.346376088400244919e-01 7.299439344163097809e-01 7.452813911424612803e-01 7.386047618932064518e-01 7.039018034094923770e-01 7.128726280722244013e-01 7.181142525075079330e-01 7.337005485462053667e-01 7.775484621608944602e-01 7.867896358512930233e-01 7.324797134486078498e-01 7.705305284845309632e-01 7.717564526024902616e-01 7.369423354979183216e-01 7.519476932752573450e-01 7.504087815646979243e-01 7.835095149451034580e-01 7.853701788607611034e-01 7.909747115192378164e-01 7.586912107504937275e-01 7.216316803975728611e-01 7.542793184561472630e-01 7.066245272945455014e-01 7.392081063168663979e-01 7.906836776139589684e-01 7.775809612778485924e-01 7.848056231001795391e-01 7.497227607118446269e-01 7.873797736444798634e-01 7.794266123306859972e-01 7.922362942265878116e-01 7.796295773283966613e-01 7.848697971394738016e-01 7.728516243225650451e-01 7.745111041355298154e-01 7.733748988980841954e-01 7.727818391967803402e-01 7.871845371669363711e-01 7.830593245070829322e-01 7.818213890035802249e-01 7.408573921777104054e-01 7.466160963421600849e-01 7.722084209990002224e-01 7.620584256549595148e-01 7.589740697081340803e-01 7.940460274282951092e-01 7.894653410341824218e-01 7.889104173390191210e-01 7.883000196915740387e-01 7.819694381487029000e-01 8.019532841646004329e-01 7.963650188430476673e-01 7.928306388960664197e-01 7.851481872545784668e-01 8.007318724582084268e-01 7.788425514299911478e-01 7.797772532952578217e-01 7.863450399913052280e-01 7.909431126577950444e-01 7.994235537762687249e-01 7.965864824574423464e-01 7.818992568309655056e-01 7.883722355212722244e-01 7.775453318951456305e-01 7.822521252979653950e-01 7.844618022049253403e-01 7.895309865101699520e-01 7.463723979194485381e-01 7.612955764991509167e-01 7.739664946586616301e-01 7.674790303385989887e-01 7.716253643688234520e-01 7.800370985324963646e-01 7.652052108865993185e-01 7.760569612467631551e-01 7.759775168347388119e-01 7.744080914190797360e-01 7.744414938838547480e-01 7.957947797626243602e-01 7.966052436072533771e-01 7.888722227339997062e-01 7.951704349554310491e-01 7.910335280092575250e-01 7.908200564320733150e-01 7.820092493397106104e-01 7.847449790651972457e-01 7.835613014403837173e-01
2.082442241343974987e-01 1.924413494897465327e-01 4.038485154673098765e-01 5.205601871028079364e-01 3.716076773223900287e-01 4.396047095129130833e-01 6.522040281768014536e-01 5.768051046613573707e-01 7.554113794432234519e-01 6.435262028122193945e-01 1.000000000000000000e+00 7.895705999703795941e-01 6.804699793047427336e-01 6.923445957752673019e-01 7.970131733531660156e-01 7.060966360182810986e-01 7.589299872547237147e-01 7.068953834162194916e-01 7.535685350061607224e-01 6.125764300987672772e-01 7.236518963206211019e-01 7.672773730611230913e-01 7.264910813419495073e-01 7.465886274167963244e-01 7.766575910880560984e-01 7.928358389766809733e-01 8.039740947883694533e-01 7.862710278574845946e-01 7.588397017989426674e-01 7.870425828013194458e-01 8.382248459350849501e-01 8.162313522758869455e-01 7.637802334788147407e-01 8.018966918782265418e-01 7.696843926866949737e-01 8.109441050358845438e-01 8.273146672809416069e-01 7.724546527389660744e-01 8.290762183386429784e-01 7.895248644975757513e-01 8.303935730307854257e-01 8.137759461254672200e-01 8.129111818922253319e-01 8.354313584145486304e-01 8.443802963810639328e-01 8.111534005560975258e-01 7.911171539095034344e-01 7.996739252837244960e-01 7.862185876561610387e-01 7.827263544071755286e-01 7.923152154872452613e-01 7.772385687706242496e-01 8.053039350316084644e-01 8.110125398705239075e-01 8.033955305728416318e-01 8.235672359078148874e-01 8.060238755659023813e-01 7.912432462606633354e-01 7.925047244994189999e-01 8.137225304247722724e-01 8.086035395965882611e-01 8.074201398494117443e-01 8.014024304283091649e-01 8.063823210914184969e-01 8.174821938240337538e-01 8.195774085464664349e-01 7.970944701081994488e-01 8.288243155602649237e-01 8.225869242321419694e-01 8.046306278542489920e-01 8.349659350266914748e-01 8.379468156435541104e-01 8.294437724029569692e-01 8.370612268232122677e-01 8.323577441275918920e-01 8.384979081700244530e-01 8.333940062054736586e-01 8.281959713135983447e-01 8.312796595283290513e-01 8.256077725379233900e-01 8.362799469440886924e-01 8.393288726113188325e-01 8.159881361332699257e-01 8.106948737148388373e-01 8.028582535364834349e-01 8.232043695231675562e-01 8.283167230354010480e-01 7.974712432888543256e-01 8.191113734475096164e-01 8.148192885010849817e-01 8.172988247661308048e-01 8.078829448648541245e-01 8.259300751632375759e-01 8.204870890346125378e-01 7.847291831067764178e-01 7.896038831319225348e-01 7.798160619853224951e-01 7.955335649552721655e-01 7.935895494808831163e-01 7.865911190157424127e-01 8.030298590285105398e-01 7.986534813302234026e-01 8.020527418424377997e-01 8.053269634898719831e-01 8.118819989633153655e-01 8.034378347000405984e-01 7.892522712627204617e-01 7.959530574204922715e-01 8.028344617863353294e-01 7.904408037751859961e-01 7.933439525160187467e-01 8.017069552391381526e-01 7.917481279624059010e-01 7.989002648108015636e-01 8.079073334835800146e-01 8.060855825458157486e-01
1.317327655864448943e-01 1.179058009294502718e-01 3.657419726517928127e-01 6.049831099709738202e-01 3.851655519600129529e-01 4.892776869585387378e-01 6.907973532234227276e-01 6.659673765892547559e-01 7.355164005996349674e-01 6.590905749194904129e-01 7.895705999703795941e-01 1.000000000000000000e+00 7.419810836980377244e-01 7.195796935709637410e-01 8.427239834638510230e-01 7.953516894991770059e-01 7.785841445893397772e-01 6.534364821911804455e-01 7.491190923878311425e-01 7.304349561936259727e-01 7.774271766752858248e-01 7.931740054991197608e-01 6.983361483106798051e-01 7.414955419370676815e-01 7.814718934713970055e-01 7.665210489799118010e-01 7.931672985721263114e-01 7.696729091884222385e-01 7.223701822389428928e-01 7.403479749226381523e-01 8.253550968508995833e-01 8.471067764868833727e-01 7.634267861286845314e-01 8.197353619119124302e-01 7.518358000525187101e-01 8.384941181565188639e-01 8.221947165098784094e-01 8.261203328003454693e-01 8.441703343763609091e-01 8.482562149584096378e-01 8.704337301830143980e-01 8.630655263129812793e-01 8.691125746196051161e-01 8.966675145022657833e-01 8.753280433112557990e-01 8.457612155844537183e-01 8.491684776997102668e-01 8.504422247592856587e-01 8.634230743093275207e-01 8.571842513625415050e-01 8.648480151499702284e-01 8.436443135649273062e-01 8.668050566288538761e-01 8.457559879412986925e-01 8.405819980580535589e-01 8.431582274788600451e-01 8.589465038885648607e-01 8.472506823647859564e-01 8.511994618328778683e-01 8.633216004562290768e-01 8.677970501027303385e-01 8.543302736768475514e-01 8.602346101835827152e-01 8.673310341032444137e-01 8.621952802538122018e-01 8.634038224787290439e-01 8.514542408374721205e-01 8.599957352154563583e-01 8.542422177017685581e-01 8.865303664586977606e-01 8.946220585597730590e-01 8.834965996317615256e-01 8.639610783008451200e-01 8.790716863012866256e-01 8.657148565427800202e-01 8.740126175583897705e-01 8.642395457131314407e-01 8.454301358848451686e-01 8.730079693278312014e-01 8.438931787664949447e-01 8.587335577465655678e-01 8.724524807169952156e-01 8.534170977778278155e-01 8.358164322378112132e-01 8.568303416987808063e-01 8.637892369256235936e-01 8.677688108426084845e-01 8.505959219549237282e-01 8.624780423043801880e-01 8.409550878710919664e-01 8.681566161033502649e-01 8.662626684608605299e-01 8.823801431232058956e-01 8.791568237733804470e-01 8.469522213677932454e-01 8.463892422154352113e-01 8.654925079562327817e-01 8.610575652541057057e-01 8.617364344303889423e-01 8.597650341587981249e-01 8.714945107174278949e-01 8.629916080824168167e-01 8.701284470073870070e-01 8.740283772908111759e-01 8.731219359900760368e-01 8.564969500497786603e-01 8.588393608511272204e-01 8.432368963198668688e-01 8.478293973810767659e-01 8.490027705831382221e-01 8.483908848647889744e-01 8.563771835355837858e-01 8.489452996101278792e-01 8.602728126501527628e-01 8.622159335161558857e-01 8.612064585017867868e-01
1.120497771559158945e-01 1.186716604177001644e-01 2.994464113242788494e-01 4.727160436051267012e-01 3.868105761304145296e-01 4.131975863639658075e-01 6.315385042567670526e-01 5.937576082379483200e-01 6.762949425270931014e-01 6.131182222443980478e-01 6.804699793047427336e-01 7.419810836980377244e-01 1.000000000000000000e+00 6.683781216577782125e-01 7.630068939557087537e-01 7.490239979955560790e-01 7.115312769074376709e-01 5.717115074205719738e-01 6.559366245185433986e-01 6.073895536536760842e-01 6.586204942156355102e-01 6.738247881422999574e-01 6.052553854310970260e-01 6.371037036065816395e-01 6.779401257473083309e-01 6.763280656852835859e-01 6.848413484140791763e-01 6.681794833953319523e-01 6.326026525476944329e-01 6.680750799339951751e-01 7.284701149351078264e-01 7.461659991958898841e-01 6.658978958638964718e-01 7.134855702328322113e-01 6.605928355271792896e-01 7.382349365185860712e-01 7.229269573157632855e-01 7.277133961907568116e-01 7.603342584413428362e-01 7.240113298665379338e-01 7.865864518716878528e-01 7.673383522122668721e-01 7.579274871204597641e-01 7.926672272486389170e-01 7.739897666398926068e-01 7.680062409358774378e-01 7.827120379041917486e-01 7.800651634645006105e-01 7.780907196874768950e-01 7.547357865965872437e-01 7.665097129112052876e-01 7.710952759678731949e-01 7.807356260061669717e-01 7.752706299586351602e-01 7.560531202562339459e-01 7.604222319153353116e-01 7.700937411713343339e-01 7.764384096059540052e-01 7.605937589035658419e-01 7.907016181725277093e-01 7.906739257198155402e-01 7.767655957439851822e-01 7.722947858274588073e-01 7.900564523802632300e-01 7.883350369378345768e-01 7.873715854982631379e-01 7.820100329074236578e-01 7.855794318557430822e-01 7.734885889241442936e-01 7.898858788381947216e-01 8.024743054769999384e-01 7.994520010806350774e-01 7.764148880614213377e-01 7.967182588061316739e-01 7.875753931897224724e-01 7.895678039562507022e-01 7.818368327267641860e-01 7.605059407657577264e-01 7.795882453405602597e-01 7.686671864677752097e-01 7.770986398249568605e-01 7.921138073637853383e-01 7.779268374534733521e-01 7.589058893311912968e-01 7.733036962800344805e-01 7.799875692563955631e-01 7.848520827209199968e-01 7.742228880217810749e-01 7.858449115853648470e-01 7.748269280523418789e-01 7.781225086522791656e-01 7.881285665033282983e-01 7.976905026592838732e-01 7.937967208050400458e-01 7.807036571377043987e-01 7.800871970807216060e-01 7.724649207131073503e-01 7.775968639486811051e-01 7.854518566192155715e-01 7.758887041455275746e-01 7.882084870651531183e-01 7.827443195125181052e-01 7.948341833088012898e-01 7.936496864041706623e-01 7.948056246991292983e-01 7.785983889699907845e-01 7.808075026186278578e-01 7.799155026459483331e-01 7.802974880831989868e-01 7.800237029777150610e-01 7.758156823742740071e-01 7.900417487277867634e-01 7.786439698795604158e-01 7.886939104433519088e-01 7.914788068120648390e-01 7.905225630589061137e-01
