1.000000000000000000e+00 1.195901647093520065e-01 1.062617186835497773e-01 5.163344514491798737e-02 5.381643293689591934e-02 9.022328580375767876e-03 2.191247051705299750e-02 2.589675806823501722e-02 1.479499044522263884e-01 6.013060943398790964e-02 3.074130081093058228e-02 1.358836615384379116e-02 2.034844337320771551e-02 1.353468240945184843e-02 9.923249562486960093e-03 2.871854066259251631e-02 9.668112510485703248e-02 5.301327522406204529e-02 7.936171293337930532e-02 3.742867736886505703e-02 8.564007214909252763e-02 1.177135878749492465e-01 9.515329840572313291e-02 4.555485879017821815e-02 8.567466009314288200e-02 7.054022301469775602e-02 1.041641960584009929e-01 1.062295780960240132e-01 1.312190926854195638e-01 1.375575257416120911e-01 8.324227460471997353e-02 3.588627605850794322e-02 4.447531641938266833e-02 3.120526301409556197e-02 9.525111530837876428e-02 3.965307143446730742e-02 8.819577137418432855e-02 2.961022861729041555e-02 4.726390909156738540e-02 1.931573979639716583e-03 1.284824470110166802e-02 2.293161740221169934e-02 7.886279773418408690e-03 3.871704303823832877e-02 3.923793925313409647e-02 4.290083536815565701e-02 9.233992067419373798e-03 3.213417134951893767e-02 2.452537583456540146e-02 1.436595644220446839e-02 1.056526778371753329e-02 1.819129964057585383e-02 2.169041774259490921e-02 3.597739490762048159e-02 3.032585778117183328e-02 2.716801076903745463e-02 4.706482104269919114e-02 3.229553177358631538e-02 2.008604985771655915e-02 4.967346441398211992e-02 2.018921064333979026e-02 3.733122177856301738e-02 2.616151631807603350e-02 2.976575999981935505e-02 6.055669196485467115e-02 3.992262704051514205e-02 2.767084022432431470e-02 1.575053413893314283e-02 2.901267139493697578e-02 2.792735682248349491e-02 3.116089875290826289e-02 3.522780368123257927e-02 2.638473957233248082e-02 3.057669682458192748e-02 2.324519738186388643e-02 4.023860048875376599e-02 2.549846848657920384e-02 5.339386664134217197e-02 3.704146417954000403e-02 5.105385817629301548e-02 4.100363435263771478e-02 3.282793424207475913e-02 2.518768340548152226e-02 3.777454039791541818e-02 5.614632714352555017e-03 2.329509764035269867e-02 3.188311453414491986e-02 -5.450614299497196034e-04 1.979836739353630151e-02 1.076109942848253211e-02 -9.163390312881672384e-03 -1.257445108901394677e-03 1.527989700349726039e-02 5.563007281937754414e-03 -8.812661013098864937e-04 1.149980832469433070e-02 -9.052395223957889966e-03 2.791362507783493388e-02 -5.155732615722810955e-03 -8.421305990481613851e-03 -1.287826208296080632e-02 6.610741649224869017e-03 1.096750359201877599e-02 4.956920081042616270e-03 5.782428946297354759e-03 1.502043404882067758e-02 1.621634283020157233e-02 1.322191097103507518e-02 8.330349793944955700e-03 1.416374103195455758e-02 -5.959271626375169974e-03 2.082292857368791411e-02 1.121540681471260579e-03 1.396934195551366963e-02 3.051568736113164856e-02 1.962207805182614173e-02
1.195901647093520065e-01 1.000000000000000000e+00 1.463601889312421411e-01 7.288726622851424142e-02 4.701579395142143486e-02 8.245459778866666423e-02 1.750853767936166039e-01 9.875137285076591998e-02 1.678248680761700029e-01 2.337363909860484812e-01 1.847153500488526168e-01 1.490964054627982871e-01 1.452891681486238040e-01 1.547935843646225940e-01 1.736997276843241789e-01 1.582581110775852229e-01 1.486618673135978175e-01 1.390768381346843274e-01 1.856564377766739271e-01 9.604871687087319920e-02 1.332297952361392035e-01 1.880959244037362643e-01 2.333467616509752318e-01 1.821182466523425802e-01 1.898906730110687113e-01 1.947709289527512488e-01 2.309104598048060952e-01 2.141620642998539048e-01 2.504789712356003117e-01 2.609519454497288837e-01 2.456413154580578129e-01 1.937692335478679029e-01 1.942030557743775754e-01 1.857738862303252025e-01 2.204626982349416897e-01 1.452066452128208396e-01 2.142586280933607978e-01 1.890243046710656238e-01 1.906279200026747833e-01 1.713689405236717145e-01 1.766170386289371286e-01 1.602897292568879195e-01 1.329406533579811089e-01 1.730633030100785785e-01 1.982248823533299953e-01 1.974722734821432735e-01 1.573736690604400634e-01 1.828332642503874839e-01 1.564546107126374153e-01 1.294657838651115389e-01 1.547469399785249833e-01 6.756295817699738138e-02 1.204911817410093539e-01 1.817076277599291023e-01 1.774141531753829493e-01 1.886658959654754775e-01 1.406192452319875996e-01 1.649544402866909010e-01 1.753236221523560845e-01 1.631639718068142730e-01 1.347682756813251281e-01 1.658089296978546845e-01 1.546328717060823366e-01 1.457438284427965691e-01 1.422735602258333454e-01 1.484162535356293722e-01 1.680330269840847879e-01 1.719101606308625907e-01 2.026126517169528074e-01 1.675956352741724553e-01 1.668311136787506699e-01 1.766879457171393053e-01 1.873772940185408908e-01 1.791109752343977568e-01 1.744966099016604932e-01 1.857680610525512532e-01 1.808360444321316374e-01 2.072539763582618155e-01 1.852291187440323339e-01 2.030482850177078857e-01 1.971561346492098077e-01 1.980592899089998471e-01 1.748671245533920671e-01 1.984864173189212211e-01 1.600297297247866568e-01 1.828539810941876564e-01 1.866748097801939621e-01 1.644488874032466186e-01 1.765643265923393102e-01 1.763355078831983780e-01 1.582401257188500721e-01 1.600448827157641696e-01 1.727997827197785274e-01 1.664168329491219067e-01 1.643119446156022512e-01 1.739485253692208966e-01 1.142487506373320166e-01 1.242066306393615621e-01 1.384750196466900674e-01 1.361801864782377358e-01 1.414879924964144720e-01 1.452767372092029774e-01 1.377914553333093040e-01 1.464314469157415310e-01 1.255512948113535754e-01 1.426841668866302704e-01 1.516792087954145496e-01 1.756224309680584628e-01 1.656884095762794495e-01 1.587750738273552564e-01 1.576738857220518764e-01 1.620504790625121871e-01 1.566634868964836558e-01 1.462627743752745180e-01 1.499964693820216299e-01 1.550613354588991077e-01
1.062617186835497773e-01 1.463601889312421411e-01 1.000000000000000000e+00 3.181094224596949238e-01 1.915624932186639484e-01 2.415383821742114745e-01 3.696810261299693923e-01 3.369276012843375190e-01 3.686465617205368361e-01 3.435726345539283355e-01 3.647989406687695557e-01 3.887427759285337348e-01 3.471443419827571208e-01 3.517268768494261066e-01 3.839824593255836138e-01 3.698101679298583244e-01 3.666671681395600735e-01 3.335775215794405946e-01 3.905739087155904454e-01 2.892360936318642550e-01 3.678127835816445423e-01 3.952866179962516435e-01 4.091363923058942698e-01 3.565359458928504810e-01 3.756652178012080956e-01 3.993889368411449592e-01 4.127968974317409168e-01 4.050062399705522398e-01 3.952800629970033008e-01 3.842051922322353152e-01 4.046940544991725619e-01 4.025102014920419191e-01 3.831207066342587342e-01 3.870933020728554719e-01 3.860608881749996724e-01 3.814787834061924565e-01 4.077683688906801329e-01 3.892290482309442856e-01 3.988332843085794499e-01 3.994496696277951564e-01 3.987652892664889093e-01 4.013302088916110844e-01 3.810328269150128899e-01 3.978724603598978726e-01 3.980949260858736571e-01 3.960014703585225115e-01 3.806433647668830411e-01 3.910858667584869441e-01 3.688062891218574224e-01 3.693137234350531983e-01 3.854619439861640684e-01 3.534947725182948086e-01 3.665015798367192157e-01 3.742605480938779317e-01 3.726780202848216095e-01 4.090072260000627291e-01 3.601075990227212698e-01 3.811894264887484285e-01 3.759704318176900761e-01 3.758955805066492850e-01 3.794115853502873503e-01 3.657165477308094714e-01 3.611548681398293326e-01 3.730549268467737156e-01 3.777261451926964830e-01 3.702348695483454466e-01 3.863593326726232347e-01 3.912435185513891689e-01 3.986504254600894415e-01 3.924968180369272641e-01 3.925629233241654803e-01 3.979799599658229159e-01 3.925562298443759368e-01 3.914759921654010766e-01 3.916921431498507356e-01 3.963922239509727885e-01 3.955670286197775498e-01 4.013886824618161930e-01 3.956919430627065526e-01 3.953824834189774706e-01 4.009490956697009389e-01 3.962138228371394066e-01 4.053206039270161321e-01 3.880630343446828667e-01 3.844907957853511138e-01 3.925513584782557297e-01 4.040648691233039713e-01 3.927426672827609710e-01 3.916165729462320333e-01 3.954697805986439607e-01 3.938763310791899008e-01 3.895580849052434624e-01 3.972828460061865186e-01 3.921280765528806778e-01 3.775998561975348333e-01 3.862736752824565412e-01 3.784798476934802536e-01 3.724526789267927906e-01 3.783164668622126525e-01 3.856014183288463681e-01 3.883699343757822664e-01 3.845249238259701441e-01 3.793493038282724217e-01 3.859037086069299627e-01 3.838350789689324860e-01 3.771714699315564245e-01 3.819308893073490863e-01 3.872735531298102107e-01 3.864228748196842367e-01 3.824303785651599896e-01 3.860131872411428633e-01 3.819784386088457828e-01 3.839952377405860817e-01 3.835524031702987613e-01 3.809212656140107955e-01 3.786759849665855548e-01
5.163344514491798737e-02 7.288726622851424142e-02 3.181094224596949238e-01 1.000000000000000000e+00 3.502752465758163791e-01 4.119815997732949042e-01 5.772620894795346125e-01 5.858203383247068130e-01 5.275562649613246835e-01 4.682116651339365831e-01 5.341537838701886365e-01 6.426760997208252890e-01 5.740058574990242191e-01 5.487027533684130098e-01 6.029921718421979993e-01 6.170559276002148819e-01 5.619900828411209526e-01 4.317094309492042759e-01 5.132287543791176354e-01 3.646327337951443259e-01 5.470597724465904310e-01 5.428538686978530148e-01 5.352923838723092631e-01 4.568473891648577312e-01 4.869267770583125543e-01 5.756002337832337723e-01 5.425391516592595886e-01 5.009384890969672544e-01 4.750013899795943462e-01 4.404399530825839348e-01 5.185412784255607477e-01 5.747944995779330490e-01 4.831083698714405128e-01 5.592520601257708890e-01 4.917779309526423281e-01 5.891680488677182304e-01 5.371387680503969531e-01 5.674793537123113962e-01 5.644266809454369094e-01 5.715745309150490616e-01 5.914458536346350881e-01 5.878476520517608161e-01 5.963356102791937952e-01 6.008423610709958673e-01 5.846985084442362091e-01 5.638066627861743063e-01 5.882359851328150535e-01 5.965057068921207906e-01 5.783209608530138768e-01 5.800393733477477998e-01 6.026774257927509648e-01 6.004304000907770833e-01 5.954370203304893971e-01 5.827343538064562178e-01 5.771140208672905780e-01 5.949790769825599179e-01 5.857281631996099636e-01 6.072278159630646321e-01 5.891882998599046184e-01 5.959686091007482256e-01 6.127622732909687731e-01 5.875955030903906584e-01 5.852589379909217682e-01 6.042850586197331397e-01 6.045590452648391677e-01 5.955760355188848276e-01 5.927783183293419134e-01 5.822388164783468545e-01 5.891970199616480830e-01 5.660745662805202194e-01 5.866567514794436278e-01 5.837726519008253900e-01 5.642384068982111422e-01 5.605723315961262943e-01 5.982110110541535297e-01 5.809920742617689093e-01 5.758653793827571699e-01 5.667725906354942333e-01 5.732459441158926916e-01 5.457309688117312207e-01 5.645663642229885593e-01 5.694024682690574934e-01 6.084098644306493719e-01 5.490615329400970746e-01 5.811613711851038033e-01 5.765498275941006723e-01 5.824483096089052570e-01 5.957250195957627392e-01 5.823245853299235941e-01 6.028711372257976597e-01 5.866039199767416612e-01 5.943545342446688862e-01 5.899140186286380150e-01 5.887158430759815708e-01 5.853173760172940554e-01 5.893042495772169431e-01 5.924407669884014238e-01 6.009753869729518305e-01 5.988164055403332187e-01 6.001277945095495614e-01 6.034232835122377292e-01 6.050883234420537660e-01 5.941706257679709724e-01 6.027170276651333536e-01 6.063856380216935404e-01 5.979500620127443655e-01 5.890645747625625761e-01 5.909559364761922673e-01 5.946627306583718298e-01 6.002659864483178564e-01 6.001941401993556857e-01 5.945368280813393413e-01 5.983518256005736502e-01 6.021572282625116124e-01 5.975759241551198420e-01 5.964418344880606515e-01
5.381643293689591934e-02 4.701579395142143486e-02 1.915624932186639484e-01 3.502752465758163791e-01 1.000000000000000000e+00 3.019785582504035948e-01 4.322186286950559508e-01 4.721098988995742207e-01 4.286596605090653989e-01 4.063201403283294155e-01 4.204334670973949306e-01 4.833135695532462806e-01 4.912440485881446328e-01 4.343852103120193209e-01 4.825838416520369378e-01 4.946010836443535119e-01 4.375600832588046885e-01 3.730544131082391135e-01 4.253276487593413147e-01 3.060977475598600783e-01 4.190850700484786140e-01 4.307843129253155490e-01 3.956434014576803992e-01 4.034458946129060863e-01 4.181753874676499838e-01 4.538182767062530765e-01 4.309085290643120403e-01 3.991321022591882706e-01 3.855796250268171410e-01 4.013457039817377447e-01 4.391238223565003818e-01 4.416200592657659185e-01 3.704426045764633302e-01 4.445158330001063307e-01 4.048170215651044623e-01 4.460347676866510125e-01 4.366923637489525389e-01 4.417414900695248448e-01 4.570355502042550699e-01 4.207438494024975939e-01 4.660850538492211648e-01 4.673444938926304415e-01 4.884374967487046248e-01 4.792177493821355161e-01 4.653163858030391342e-01 4.609204126139604396e-01 4.767362826763647532e-01 4.794212604374338826e-01 4.670995296403666619e-01 4.565959387098953992e-01 4.667529292920372108e-01 4.747688319939528112e-01 4.774686952450871713e-01 4.700236145738851956e-01 4.681955647607235482e-01 4.615868602085747563e-01 4.641159897330590645e-01 4.753705193874758761e-01 4.611822689665813213e-01 4.858438896213065905e-01 4.914880502849857113e-01 4.681228941472984073e-01 4.605333811816061385e-01 4.755644182150266519e-01 4.842287031085800719e-01 4.783982845239324599e-01 4.790051806514503130e-01 4.772313421368404307e-01 4.695490217053830961e-01 4.639209717555554113e-01 4.779947693638993411e-01 4.738835492169550800e-01 4.703499164595806858e-01 4.705583273804275768e-01 4.795277243686137947e-01 4.721451211917615520e-01 4.665939034634812299e-01 4.586708945592548048e-01 4.756505547410994073e-01 4.635289448076259089e-01 4.651405495397824552e-01 4.717571901941604584e-01 4.715018474998708409e-01 4.521082485812563112e-01 4.761287839848074577e-01 4.725727312459733209e-01 4.680696245510447273e-01 4.721574651291359226e-01 4.761312663657354394e-01 4.744599970143730805e-01 4.587697547219654615e-01 4.780496557690889214e-01 4.750099104572227948e-01 4.775681771874951131e-01 4.757527609764416465e-01 4.764806313216097822e-01 4.788536900371512250e-01 4.769836320500835947e-01 4.876849018583074846e-01 4.866840782129230880e-01 4.854835145812236852e-01 4.786999240366651143e-01 4.861326558836362999e-01 4.902291304251032988e-01 4.894222105692589975e-01 4.646594103576645596e-01 4.825820495316650582e-01 4.781114554066752120e-01 4.760954510011463081e-01 4.831340542202378630e-01 4.745714176453113553e-01 4.818761229196444340e-01 4.709823297349479687e-01 4.851377762263638371e-01 4.844824046345745927e-01 4.791919593408062727e-01
9.022328580375767876e-03 8.245459778866666423e-02 2.415383821742114745e-01 4.119815997732949042e-01 3.019785582504035948e-01 1.000000000000000000e+00 5.330010304590627745e-01 4.944398335594394900e-01 5.233030784423519099e-01 4.833801212763845223e-01 5.435570334249874014e-01 5.780829827599474058e-01 5.313478458302213214e-01 5.372322427450004767e-01 5.847786669126945336e-01 5.744921914922562767e-01 5.341514199800347917e-01 4.848909025183118504e-01 5.441487220420523352e-01 3.865000030925346830e-01 5.193297814538995194e-01 5.602371233536860284e-01 5.224663206645873137e-01 5.008523886089806254e-01 5.339979324381349812e-01 5.660280975685084703e-01 5.563617230957784709e-01 5.347690959131990995e-01 5.121273383414406410e-01 5.133380643103213625e-01 5.540800735583661929e-01 5.791218962574259388e-01 5.132862713272300370e-01 5.601692562773832318e-01 5.336416250739201006e-01 5.547776940600578355e-01 5.578640030084837109e-01 5.764840728659463842e-01 5.701657327438969247e-01 5.610425966936123388e-01 5.909609267536103383e-01 5.936261176530421846e-01 5.878295541173859107e-01 6.009761908684004839e-01 5.849275308990126154e-01 5.837568833377444477e-01 5.952321169752510244e-01 6.016526080794123432e-01 5.936921858873801527e-01 5.801237768209617229e-01 5.955140164200882769e-01 5.699415697679882653e-01 5.936219060635355982e-01 5.927730547078627898e-01 5.848281103214565402e-01 5.938164041452879127e-01 5.828035968541536160e-01 5.984342950414672790e-01 5.954196688488301303e-01 5.973226969996187075e-01 6.000033899835485185e-01 5.885571638207649503e-01 5.822402613490096357e-01 5.900368970946162639e-01 5.903999460388028586e-01 5.912555433511410552e-01 5.978360137132687768e-01 6.006103247794430944e-01 5.966375822745013657e-01 5.901070503473802020e-01 5.980128334843797244e-01 6.003174542200312436e-01 5.921514321921762525e-01 5.898315205363628966e-01 6.009170581014516843e-01 5.974852159078456459e-01 5.949955298072273635e-01 5.878253193156126599e-01 5.969025227953009827e-01 5.833463558246917424e-01 5.902138906459479806e-01 5.933043767606215324e-01 5.987949216768360117e-01 5.821037507419365431e-01 5.951123553276125300e-01 5.946885802286231426e-01 5.940913529436872009e-01 5.984967382609647224e-01 5.947961453985405322e-01 5.967181436540133221e-01 5.926832387806260094e-01 6.016975196237190904e-01 6.004856983509648805e-01 6.010956099604183311e-01 5.961665850501549624e-01 5.977313994657744711e-01 5.927551551583212230e-01 5.925703024440145406e-01 5.981797533369872522e-01 6.003159906911262889e-01 5.987919250381033009e-01 5.983698536386090616e-01 5.985078045543654746e-01 6.033196399104925334e-01 5.971329969437595420e-01 5.854621892500984082e-01 5.980714349565137145e-01 5.983494015813174416e-01 5.959559061961944293e-01 6.001620326214482937e-01 5.993740928880563201e-01 5.985792731377188591e-01 5.983006051921069268e-01 5.986649784835392785e-01 5.959732904427800237e-01 5.956187386213743773e-01
2.191247051705299750e-02 1.750853767936166039e-01 3.696810261299693923e-01 5.772620894795346125e-01 4.322186286950559508e-01 5.330010304590627745e-01 1.000000000000000000e+00 7.092870371636043059e-01 7.041401202260892944e-01 6.771122222118712841e-01 7.364820058711618600e-01 8.016724929381348064e-01 7.306361235362167639e-01 7.416694649717138210e-01 8.582145480515195324e-01 8.073654136233459067e-01 7.181845080783140212e-01 6.660550153904342130e-01 7.492676283245088831e-01 5.402841330925203245e-01 7.039390429518945780e-01 7.613517371729139338e-01 7.413268691987490167e-01 6.934457400585968267e-01 7.217413849029690187e-01 8.033600910683823537e-01 7.794611923287180222e-01 7.600434921420553547e-01 7.360245408386483223e-01 7.162979713431004702e-01 7.881644572204651311e-01 8.006802669448255250e-01 7.240385585425507253e-01 7.815001316148479926e-01 7.387484676558292440e-01 7.647920433083839065e-01 7.762755944256120033e-01 7.921756767231035168e-01 8.020998305464301925e-01 7.825968053114547018e-01 8.198333614708097627e-01 8.211074172265152571e-01 8.088716530494370893e-01 8.188669018693679469e-01 8.168848180550054572e-01 8.176386479987476363e-01 8.123918989668340584e-01 8.222674447253230934e-01 8.066538311925476323e-01 7.811549004462629009e-01 8.098449927661319769e-01 7.542470227551830719e-01 7.891894986639801379e-01 8.115719392744003002e-01 7.993132600853912750e-01 8.194577624866780097e-01 7.829578972469750653e-01 8.072913544970098387e-01 8.064795857973378057e-01 8.042005302627560637e-01 8.168075849841736069e-01 7.964394962545403578e-01 7.939222770186584732e-01 8.028392753875698284e-01 7.909367099784881949e-01 7.952626281845630585e-01 8.159575803558422047e-01 8.213740453739138969e-01 8.312752594234810166e-01 8.078429640761156660e-01 8.159867135814906636e-01 8.173076568537039899e-01 8.126093225250072827e-01 8.041674589357877823e-01 8.285906831646236981e-01 8.199519799951672239e-01 8.267196880809856152e-01 8.191679585912241546e-01 8.230487275009121806e-01 8.006474568212561538e-01 8.119582638635105543e-01 8.218597494704905637e-01 8.244515604443737322e-01 8.071075173824775462e-01 8.171649093970644318e-01 8.196024579358742734e-01 8.151565951391933629e-01 8.326281482490422992e-01 8.231058236565527153e-01 8.271998536976367111e-01 8.221967823484256366e-01 8.282750262302414068e-01 8.242782661733050187e-01 8.306065809650555742e-01 8.172018263734637245e-01 8.218708699691811281e-01 8.091476800913541823e-01 8.005123985982407486e-01 8.196112723380618581e-01 8.239391233193467112e-01 8.269985255077696440e-01 8.193630187053949632e-01 8.107117448948009120e-01 8.228863203875748100e-01 8.109931695744947433e-01 8.002469552498586713e-01 8.196525454416706546e-01 8.201083860203371989e-01 8.229579821333959933e-01 8.182569209637203800e-01 8.218415489206406521e-01 8.146362707118568469e-01 8.171951255902693001e-01 8.176058172259356160e-01 8.096159122410697684e-01 8.102269574837838162e-01
2.589675806823501722e-02 9.875137285076591998e-02 3.369276012843375190e-01 5.858203383247068130e-01 4.721098988995742207e-01 4.944398335594394900e-01 7.092870371636043059e-01 1.000000000000000000e+00 6.765567084615630167e-01 6.125459710794236567e-01 6.787721125420169699e-01 7.687151862485658294e-01 7.187217500220165478e-01 6.862321922064223978e-01 7.696778250844305003e-01 8.043208889127082539e-01 6.911399579239736468e-01 5.744801894597172387e-01 6.573281351914876947e-01 4.425847071567797775e-01 6.591119392405545563e-01 6.958698800608037471e-01 6.554974008378643413e-01 5.851000291986947488e-01 6.307125690425151587e-01 7.206111744444454459e-01 6.932405820007214725e-01 6.460233748269484932e-01 6.337604811858102982e-01 6.302898203761615470e-01 7.009904220264840946e-01 7.338819324926301180e-01 6.518499122639026533e-01 7.177832838811698535e-01 6.691094492701660235e-01 7.401137285854810788e-01 7.045667064633260868e-01 7.502167882070804872e-01 7.470649962976038116e-01 7.127708580434884977e-01 7.444091893348341316e-01 7.523036812038578214e-01 7.691279255472415199e-01 7.679941112788943869e-01 7.416446343183509260e-01 7.450400858398015247e-01 7.614563900183186629e-01 7.629344919598231023e-01 7.582377061512586280e-01 7.569729094242133582e-01 7.745864078788136098e-01 7.337124996881392303e-01 7.536993338936778253e-01 7.511413467895284857e-01 7.466268217090744619e-01 7.458201797307896230e-01 7.566260867832393933e-01 7.682294756043043238e-01 7.667420078874463973e-01 7.590449253513820160e-01 7.896420740868361765e-01 7.586926765875994239e-01 7.638677986414166288e-01 7.739134637648439341e-01 7.551227680112255758e-01 7.546429451668379418e-01 7.571704289040109837e-01 7.511681171477559982e-01 7.591941440731352353e-01 7.272044836588679173e-01 7.540113856172402373e-01 7.524035028103623901e-01 7.299134724526169515e-01 7.261307326486594604e-01 7.596562425423004639e-01 7.460030244538317090e-01 7.395513370970688838e-01 7.405570974562422082e-01 7.447549234096128012e-01 7.327615846184721837e-01 7.422589203899919719e-01 7.502310952162440927e-01 7.642554471170750485e-01 7.357343369987185966e-01 7.591579858713293216e-01 7.525704371190578001e-01 7.494451818641616470e-01 7.677679055228905369e-01 7.606062329018850043e-01 7.573436015156780332e-01 7.416465057715490028e-01 7.592946432715824701e-01 7.564684251330523468e-01 7.592913960148571784e-01 7.559357699088840032e-01 7.591634992096926160e-01 7.653455015499235348e-01 7.687095210210249663e-01 7.691341653188107363e-01 7.732775943667916652e-01 7.671308854400114008e-01 7.759031038837688188e-01 7.574274944949064281e-01 7.704264730908645387e-01 7.657411511659385495e-01 7.511392237939719108e-01 7.658722081959719041e-01 7.580395944726221469e-01 7.589623981893145466e-01 7.637521745085394942e-01 7.621972244533556928e-01 7.603245507074463116e-01 7.632681021508161967e-01 7.710472243987027685e-01 7.588738680669412373e-01 7.576146517468288488e-01
1.479499044522263884e-01 1.678248680761700029e-01 3.686465617205368361e-01 5.275562649613246835e-01 4.286596605090653989e-01 5.233030784423519099e-01 7.041401202260892944e-01 6.765567084615630167e-01 1.000000000000000000e+00 7.477757959232482765e-01 7.886802817172186009e-01 8.236299249010847756e-01 7.477281943090984262e-01 7.775300501040169898e-01 8.339643984215308059e-01 8.186628722517597101e-01 8.098612898583098518e-01 6.673377995597951085e-01 7.708580488368838024e-01 5.068806756614088194e-01 7.252452799317608001e-01 8.131979306605081614e-01 7.466389700555123854e-01 6.817648373943970830e-01 7.522882394877949963e-01 8.197746722130583308e-01 8.293842400344431098e-01 7.755033336249189668e-01 7.667479649483420756e-01 7.955044475090597977e-01 8.388865518722065096e-01 8.224724126503133448e-01 7.299384411910575521e-01 7.963701516309149575e-01 7.928809547527522206e-01 7.938690172663404043e-01 8.257288354537619668e-01 8.296966008490521682e-01 8.346287107059464638e-01 7.768123298147450173e-01 8.435051395140800157e-01 8.381549075517115144e-01 8.282335758823269334e-01 8.656779116913797534e-01 8.454949609529111010e-01 8.458106480482369127e-01 8.664617899147626368e-01 8.733803809909335136e-01 8.700829141495342034e-01 8.425022944615279119e-01 8.519458150380405659e-01 8.280961948753909896e-01 8.632443101910258765e-01 8.722570813355063901e-01 8.618860700336259395e-01 8.382943555206255892e-01 8.682149143014040726e-01 8.690768188677218120e-01 8.617795584164629208e-01 8.844211256261877985e-01 8.692081752439568820e-01 8.746065888497539520e-01 8.612366145099923376e-01 8.708015288204652427e-01 8.771083787383057162e-01 8.793074383820376205e-01 8.710266237463656358e-01 8.633887831408550984e-01 8.579331322959430350e-01 8.307511356688235260e-01 8.599732744364466663e-01 8.671114553064099839e-01 8.437406047393487540e-01 8.464032619360633003e-01 8.673411365169058085e-01 8.657353971431701600e-01 8.540336906050147725e-01 8.587033046202082742e-01 8.583904099378418806e-01 8.650190848408055855e-01 8.669364687460867636e-01 8.678521784948930451e-01 8.510274758044489296e-01 8.535850179242349123e-01 8.466215470335411997e-01 8.562258389490325916e-01 8.566810709457561845e-01 8.480349026005691293e-01 8.614991931202314879e-01 8.495790229586066555e-01 8.244835451912554403e-01 8.508795853365574979e-01 8.602086044247704288e-01 8.576107594547515145e-01 8.615227332009429695e-01 8.647965154293195678e-01 8.357720318459186393e-01 8.679560400758756789e-01 8.550337135881423967e-01 8.420564131104861794e-01 8.410956501430473242e-01 8.612682522292024467e-01 8.667720008031599699e-01 8.623508111909923279e-01 8.594724378794900144e-01 8.477883020822614135e-01 8.648197771719257076e-01 8.653841943055538000e-01 8.592645606349563758e-01 8.680905489042407552e-01 8.489062577873388582e-01 8.733243622455941768e-01 8.586064929309389360e-01 8.664028825957946767e-01 8.730967029639460364e-01 8.704165372638783538e-01
6.013060943398790964e-02 2.337363909860484812e-01 3.435726345539283355e-01 4.682116651339365831e-01 4.063201403283294155e-01 4.833801212763845223e-01 6.771122222118712841e-01 6.125459710794236567e-01 7.477757959232482765e-01 1.000000000000000000e+00 7.582692161078863347e-01 7.640676290913097635e-01 6.911984636413099903e-01 7.405242269320418957e-01 7.950256548626779551e-01 7.691443878819814728e-01 7.249486207032367346e-01 6.596593784164817009e-01 7.486142502614709926e-01 5.132843787448849726e-01 6.853960514347480215e-01 7.706186933779225479e-01 7.437540255539832890e-01 6.823460404574008820e-01 7.379824251906723642e-01 7.748052286952529233e-01 7.930579671547784981e-01 7.529491706718436372e-01 7.529869828642673513e-01 7.807594480500180678e-01 8.185165479687015466e-01 8.015961238981023085e-01 7.469624485721363394e-01 7.714755003447086867e-01 7.770264119622338761e-01 7.488584734546827049e-01 7.963770154277545199e-01 8.057444472506213318e-01 8.105577607332564716e-01 7.815348627291710537e-01 8.205987715080005351e-01 8.105007473381697913e-01 7.786252397686087567e-01 8.196388022698657405e-01 8.273621092362911655e-01 8.217121560891150756e-01 8.228357415404687902e-01 8.317544370146685573e-01 8.074017316897420526e-01 7.764688243157281677e-01 8.010923163336214348e-01 7.262092234537358415e-01 7.870104618234453620e-01 8.231517044185515664e-01 8.124089702386657619e-01 8.185495359920732517e-01 7.862992834227865435e-01 8.196050904897744793e-01 8.132703263434570840e-01 8.125648552208164510e-01 7.975170515441573071e-01 8.073709894224686545e-01 7.953715153164002682e-01 7.973600143756339742e-01 7.969634752599159544e-01 8.046965846971675385e-01 8.239096397140103223e-01 8.282767065619971447e-01 8.314871124221815402e-01 8.055155842130129473e-01 8.255385584270564792e-01 8.298522614244538964e-01 8.176664942411361325e-01 8.195295247309324349e-01 8.247997015647078323e-01 8.306741207111302261e-01 8.202546201078645405e-01 8.271379782663824676e-01 8.277873977862785226e-01 8.379866218175875403e-01 8.366842478208895706e-01 8.371039989555216776e-01 8.193082562070379549e-01 8.270919170954634803e-01 8.125991522537475698e-01 8.251004864823472396e-01 8.253975232158019537e-01 8.251057961486440995e-01 8.294929855978000477e-01 8.195614540866168474e-01 8.082309217256008482e-01 8.220715476269924160e-01 8.255684410025598829e-01 8.254995578204203932e-01 8.246267626554151242e-01 8.265960815813306883e-01 7.858582488843514069e-01 7.963187235666771002e-01 8.038929720922167732e-01 8.054412876954329947e-01 8.029371485052523294e-01 8.126871313219856674e-01 8.105020149194244183e-01 8.171870909376104386e-01 8.007876529672828259e-01 7.957645411046334605e-01 8.149385222541842833e-01 8.280299457655330153e-01 8.218847426107102061e-01 8.230144153666700824e-01 8.183982009891885845e-01 8.224018124663399210e-01 8.165720171848526165e-01 8.125031834314200285e-01 8.156813843962728017e-01 8.186212916844113341e-01
3.074130081093058228e-02 1.847153500488526168e-01 3.647989406687695557e-01 5.341537838701886365e-01 4.204334670973949306e-01 5.435570334249874014e-01 7.364820058711618600e-01 6.787721125420169699e-01 7.886802817172186009e-01 7.582692161078863347e-01 1.000000000000000000e+00 8.433021804204219318e-01 7.529806837416079812e-01 8.034235409972552144e-01 8.598770823568747668e-01 8.339037663132725653e-01 7.876752646693770954e-01 6.941288600674416776e-01 7.988750892852892749e-01 5.508532174606349807e-01 7.481740685354216769e-01 8.239835001114474977e-01 7.961053273075333614e-01 7.189353047515094630e-01 7.823664293410125259e-01 8.472178000211432192e-01 8.445839413063238599e-01 8.063328015184343389e-01 7.811161410726408239e-01 8.067647178227830285e-01 8.639350448134516247e-01 8.552691483321448462e-01 7.913432445482119215e-01 8.214397920483180737e-01 8.185048037518440900e-01 8.156583895365764336e-01 8.542834540586636827e-01 8.539219851768183878e-01 8.570020846572036222e-01 8.421496567296112845e-01 8.818273702971318739e-01 8.738091079790158977e-01 8.516089453719386526e-01 8.850234283228866072e-01 8.804846242049401139e-01 8.741810800508068580e-01 8.851904684020601710e-01 8.905065178744954180e-01 8.722884695964662205e-01 8.424074706480041419e-01 8.676144738118781730e-01 8.116800965667028134e-01 8.647174373356801835e-01 8.748281303496704409e-01 8.653368874649519649e-01 8.761133936056570981e-01 8.475955944718036594e-01 8.777872710319933880e-01 8.683483346171865236e-01 8.777151773653319999e-01 8.709001798041168252e-01 8.668289589161548570e-01 8.550362814766169217e-01 8.658674695070220917e-01 8.692265983742749613e-01 8.718460737729645249e-01 8.907756552387737781e-01 8.889770361884233862e-01 8.894648211054672071e-01 8.653487284919421096e-01 8.886169209398629976e-01 8.928610480460505983e-01 8.721851152828938858e-01 8.777206617284960544e-01 8.929803488605783102e-01 8.933468102602577510e-01 8.877752876282115624e-01 8.856226077167933530e-01 8.903237580175309418e-01 8.876085762499749121e-01 8.926910966192903585e-01 8.969361294344795343e-01 8.884360496770514759e-01 8.808260936666832963e-01 8.797157277216726134e-01 8.851992577911946825e-01 8.896245771810397107e-01 8.907186634890098542e-01 8.924780166655184033e-01 8.851984623059536705e-01 8.803157239139258738e-01 8.913260164695123722e-01 8.945091406352942975e-01 8.921919509321717401e-01 8.917790488648839053e-01 8.928419816357454630e-01 8.693645097575321001e-01 8.704424358609100798e-01 8.829263382884489086e-01 8.832913404337893182e-01 8.815203695620920099e-01 8.841334128027454886e-01 8.843933384196184244e-01 8.901599552583523423e-01 8.779191908141307232e-01 8.669189659406583148e-01 8.873820086236855476e-01 8.923443988575777697e-01 8.879594652790298026e-01 8.907305923779172963e-01 8.852779063916232927e-01 8.919086534294022872e-01 8.847073667685207976e-01 8.858600907401171787e-01 8.842545224489672950e-01 8.876902666555799293e-01
1.358836615384379116e-02 1.490964054627982871e-01 3.887427759285337348e-01 6.426760997208252890e-01 4.833135695532462806e-01 5.780829827599474058e-01 8.016724929381348064e-01 7.687151862485658294e-01 8.236299249010847756e-01 7.640676290913097635e-01 8.433021804204219318e-01 1.000000000000000000e+00 8.180825637088831037e-01 8.373859563945150741e-01 9.134165111667091885e-01 9.033636662266003592e-01 8.387839586465432040e-01 6.740037835514528508e-01 7.964121970260802374e-01 5.273706038409053942e-01 7.738583139089586505e-01 8.389094154237356493e-01 7.859192995099267831e-01 6.966180471706587829e-01 7.685685169925270399e-01 8.603956552840460459e-01 8.502661578620845928e-01 8.012697222065813252e-01 7.744398855012526450e-01 7.768301925523877216e-01 8.537238845163083178e-01 8.713570462261678307e-01 7.778223879286843001e-01 8.470917295645817857e-01 8.128764502636703915e-01 8.622603431333810686e-01 8.498661824397832909e-01 8.852672493670518117e-01 8.838908661482491880e-01 8.569710084856634325e-01 9.055635734865880027e-01 9.059618386329907347e-01 9.054076845066738599e-01 9.271098354472326886e-01 9.031845019463274893e-01 8.995255761557231500e-01 9.250249607212930325e-01 9.290199975971547008e-01 9.150361817452001834e-01 8.932938678855307790e-01 9.168742319349931780e-01 8.804341668778059571e-01 9.162784442044884514e-01 9.208081614685392768e-01 9.125000270211719444e-01 9.028617396009834817e-01 9.076660412880489526e-01 9.289585253298736633e-01 9.191353343198902515e-01 9.301818006773417968e-01 9.325948995145776355e-01 9.228909899361147362e-01 9.135982350940783370e-01 9.275701957025828115e-01 9.222623847208327730e-01 9.278713085309754360e-01 9.296987328072685575e-01 9.183699463399889185e-01 9.142336945966628159e-01 8.824737334555334822e-01 9.168528708669062555e-01 9.202562475456580460e-01 8.883250783390260752e-01 8.902661761319822231e-01 9.263036803304797173e-01 9.184570281401389646e-01 9.109376191874362094e-01 9.046765410087315162e-01 9.098032135401380449e-01 8.983295269550956030e-01 9.089317830837043699e-01 9.170494269946359855e-01 9.213051124379429968e-01 8.965463001344508021e-01 9.080040191916605163e-01 9.081734195128524645e-01 9.126891068617465352e-01 9.212028200840266523e-01 9.210415534985563202e-01 9.207347542120977169e-01 9.040284693917791659e-01 9.234524982999126053e-01 9.239618757858758524e-01 9.249949897561028367e-01 9.281554561359546263e-01 9.305276095580115037e-01 9.077737834801495875e-01 9.218212686353599583e-01 9.260417095615044447e-01 9.192370803271451285e-01 9.227789300040518672e-01 9.315057835270116326e-01 9.276400681447204422e-01 9.320445266926468131e-01 9.264383533378086621e-01 9.140120989204141289e-01 9.243510826654823820e-01 9.299293217614862384e-01 9.257773254800959473e-01 9.332632040103544524e-01 9.260642314810328957e-01 9.332411688551464080e-01 9.296702742877561709e-01 9.336776418033014835e-01 9.321110916395705104e-01 9.318777720074452597e-01
2.034844337320771551e-02 1.452891681486238040e-01 3.471443419827571208e-01 5.740058574990242191e-01 4.912440485881446328e-01 5.313478458302213214e-01 7.306361235362167639e-01 7.187217500220165478e-01 7.477281943090984262e-01 6.911984636413099903e-01 7.529806837416079812e-01 8.180825637088831037e-01 1.000000000000000000e+00 7.627914434299193358e-01 8.330302169060186390e-01 8.289871444441192505e-01 7.497809701813330507e-01 6.352473170956186577e-01 7.380603052752324755e-01 5.111038468289387238e-01 7.041536048341229259e-01 7.640656408058329463e-01 7.144268260460103770e-01 6.670003706279060696e-01 7.208818674308906660e-01 7.867564013445640381e-01 7.693717474411713164e-01 7.285871659969637149e-01 7.017441778054921420e-01 7.124643523344414975e-01 7.757483620606074881e-01 7.882072394960768502e-01 6.954348915414759746e-01 7.654187530135710960e-01 7.340223032935828673e-01 7.767186071733974684e-01 7.724203311659758597e-01 7.902963950379376934e-01 7.993647613843682942e-01 7.732007337485756748e-01 8.220492551378199009e-01 8.206334723586330426e-01 8.269489909707590236e-01 8.380853486480839276e-01 8.198100441808535699e-01 8.147552958227460840e-01 8.342525671517907471e-01 8.377959267447845360e-01 8.183280636704428623e-01 8.008268221628739303e-01 8.213001605571341734e-01 8.083984844816975990e-01 8.319163561418173591e-01 8.251370898147316613e-01 8.171119080531891177e-01 8.149667884829880915e-01 8.078117491141417750e-01 8.339593785043951657e-01 8.167805545346641383e-01 8.429289414004631498e-01 8.428966332890823754e-01 8.235825221892213444e-01 8.124683892426466381e-01 8.287456753835698020e-01 8.305807630624776339e-01 8.341924349610473355e-01 8.400712507460055267e-01 8.324674319604490336e-01 8.281687917015931877e-01 8.058744183529870098e-01 8.331356601897392800e-01 8.344015503614345963e-01 8.114055354953936261e-01 8.170003057676220592e-01 8.402928438898498165e-01 8.298153606135958427e-01 8.238280145712643110e-01 8.161635847346160322e-01 8.272597943278906518e-01 8.152941287193883335e-01 8.230162738252266852e-01 8.284002349419979927e-01 8.289312757870959114e-01 8.092280922445941327e-01 8.268639340295291795e-01 8.233427483288344728e-01 8.253734047224309256e-01 8.322364914897619759e-01 8.354681013101611375e-01 8.333975718219359674e-01 8.173800456192105157e-01 8.374993205103294924e-01 8.352092243408434369e-01 8.373318608575467392e-01 8.378877593686829828e-01 8.401669863174688890e-01 8.264641370372981521e-01 8.311434955903227451e-01 8.420186002304977935e-01 8.359335402747363197e-01 8.399137619559794432e-01 8.372577090043684667e-01 8.425914999611798795e-01 8.458028905388975671e-01 8.413722558224243642e-01 8.199915296362256800e-01 8.370320212075895716e-01 8.393511795896552163e-01 8.357534560997131878e-01 8.440795140016885689e-01 8.320403682206728435e-01 8.427179475492011518e-01 8.353962309710064593e-01 8.424720364630730041e-01 8.402030342844709621e-01 8.401901915566231116e-01
