1.000000000000000000e+00 2.516590592911676499e-02 1.386859675455352769e-01 8.557877512775863282e-02 1.029951817560802035e-01 7.725894724378960798e-02 7.354099959627755090e-02 9.753096043283396299e-02 1.284994906181893826e-01 5.395901159459711577e-02 4.372942697910239124e-02 4.428116065935210760e-02 5.442116231803308113e-02 4.010236002230280900e-02 3.363614008385631265e-02 3.703003409073418045e-02 8.878947537313276739e-02 1.271399637334467148e-01 8.755060641936693311e-02 1.096992951863864224e-01 6.991822241226994250e-02 5.411706308653146946e-02 1.240291939872217586e-01 1.158418634081352233e-01 9.505144292528298899e-02 7.961909797926795818e-02 9.907265280856433765e-02 7.089044796135032800e-02 1.294499512087960713e-01 8.637655826462493913e-02 4.393198543173556375e-02 8.060856147790072812e-02 9.409993982750977648e-02 7.675363750372940497e-02 8.135002481838216060e-02 7.148592735003936327e-02 4.735265869936986644e-02 4.899525202616564212e-02 3.448886835638587806e-02 4.770835921786898554e-02 4.527814612940800343e-02 3.495071283207155932e-02 2.331677099189697830e-02 4.388641892273947159e-02 4.954834420851270127e-02 1.930123432629933522e-02 1.244268715845679892e-02 2.487233112548055403e-02 5.187992904465232868e-02 8.904652785219305255e-02 5.525500816139269911e-02 6.853889056710352201e-02 4.559718549873066629e-02 3.043052721803540805e-02 4.766853098835237973e-02 5.525116326230725822e-02 8.742024763650149688e-02 3.304576568018952748e-02 5.023910710627401549e-02 3.822359214586062287e-02 3.292823390032947189e-02 4.177594472296674438e-02 6.407631631258320359e-02 3.875443590430576596e-02 6.315517422978111917e-02 6.450992207719266625e-02 2.869013952667011716e-02 3.784782951335619039e-02 4.860477426625531977e-02 4.514563815050400691e-02 3.040617881480101384e-02 3.644558058148145846e-02 4.594013836211879170e-02 5.308517916484026267e-02 3.824558730050532651e-02 3.137904142912408684e-02 2.987929929334614751e-02 5.907351455088162562e-02 2.670329283097763393e-02 2.682764343179101091e-02 2.629266567610100830e-02 1.929064118510219472e-02 4.145102485885430316e-02 3.908775632730761285e-02 3.189529844343064885e-02 3.708093168123674510e-02 2.956587248462531209e-02 1.437722826679864278e-02 1.287229000958944880e-02 2.863617869105699112e-02 1.170138557731950288e-02 1.551520390563587010e-02 1.745455607362535189e-02 7.874929027572303078e-03 1.105210205283969904e-02 1.239893456596846862e-02 3.749497795264612743e-02 6.485070518638244574e-02 1.834431221954169189e-02 1.708929581123076052e-02 1.200006019487080862e-02 3.514140221601692177e-02 2.557956940160847209e-02 2.250529314627594535e-02 2.944291136885261728e-02 4.433488840659664809e-02 2.844637987297701440e-02 1.555983837390215001e-02 2.009324316241656652e-02 1.895836116823929746e-02 1.660157327405410374e-02 2.060018566115628599e-02 2.123085526226413389e-02 2.400307871728629694e-02 2.723884808709396352e-02 3.421853981876513823e-02
2.516590592911676499e-02 1.000000000000000000e+00 2.116012981301814908e-02 4.485132395665523269e-02 8.088372982298504266e-02 7.295484656197752382e-02 1.211478594534037001e-01 9.840198895798503431e-02 1.595795214144549168e-01 1.640472772683420621e-01 1.464780714655858074e-01 1.432414566081760821e-01 1.317247438660991976e-01 8.840104817147882710e-02 1.303962635599545117e-01 1.323452974438991403e-01 1.199698522442645132e-01 1.109677496786209139e-01 1.176273464580397526e-01 4.087852256780161869e-02 1.005426807506977771e-01 1.011964535572904139e-01 1.372500452598723331e-01 9.324393163310276678e-02 9.252015616846516466e-02 1.691483712156276187e-01 1.235001345272051243e-01 1.247861885137897531e-01 1.194171134692343511e-01 1.536356827782789092e-01 1.395895851765376894e-01 1.415875341798093767e-01 1.157057277267578288e-01 1.144374910850298743e-01 1.296900285352882987e-01 9.239558061099976960e-02 1.124714046870265716e-01 1.407043769615650974e-01 1.413613924490608187e-01 9.920698787049571366e-02 1.529521137155154809e-01 1.301418337027796523e-01 1.274830734969979174e-01 1.458141249740926848e-01 1.308546132214175040e-01 1.391584076936368541e-01 1.513591790430158235e-01 1.470040588818515570e-01 1.473971308517564027e-01 1.182250190416356816e-01 1.433253878938603176e-01 1.067692902808006772e-01 1.444649574633644351e-01 1.642914230074912219e-01 1.579580328064102424e-01 1.539496402598027613e-01 1.477524087993438984e-01 1.533032538286177859e-01 1.483914177152165503e-01 1.603640457446300072e-01 1.596133484584043583e-01 1.609061969444137152e-01 1.450040744457019026e-01 1.583099460262299696e-01 1.490345209681265826e-01 1.579004040323568892e-01 1.557739591232656373e-01 1.528535595635900080e-01 1.583033229548251597e-01 1.245806464486309412e-01 1.455219437492240864e-01 1.507608817687656477e-01 1.418200554858834450e-01 1.408776548647552584e-01 1.583999073171625527e-01 1.503592265101154901e-01 1.501370795805164748e-01 1.513866590233322318e-01 1.568793030772030472e-01 1.617463204771565355e-01 1.531212530754982593e-01 1.542576722759175234e-01 1.475565340788309032e-01 1.590488042673186830e-01 1.403943588882000659e-01 1.433730139209532239e-01 1.402088763636341884e-01 1.493792255273173053e-01 1.529859705754259835e-01 1.571682606972942819e-01 1.405149032708110368e-01 1.520729070395681060e-01 1.453888860180992115e-01 1.501746806648728838e-01 1.576939820433968242e-01 1.599086854852231898e-01 1.381726657756740528e-01 1.435591664270389201e-01 1.537200243793829524e-01 1.480220689696185588e-01 1.477179875343000159e-01 1.481501207333719983e-01 1.477789918940450864e-01 1.490975735259164880e-01 1.396813360797982406e-01 1.516729990714595910e-01 1.585105421966823691e-01 1.646709026789349439e-01 1.616407886713280562e-01 1.555026850759732848e-01 1.501286992465440673e-01 1.573467712331473589e-01 1.542587760019298593e-01 1.598296644483219453e-01 1.534037362005198912e-01 1.548235608914028394e-01
1.386859675455352769e-01 2.116012981301814908e-02 1.000000000000000000e+00 3.413970392540801591e-01 2.169353519046248735e-01 3.021205839620771383e-01 3.911591460305853807e-01 3.683864210978834430e-01 3.729009530223033608e-01 2.964016053061758194e-01 3.480610155572790854e-01 3.815903906558086867e-01 3.279763214292839568e-01 2.952515801994973210e-01 3.882383089745297666e-01 3.570527395583162900e-01 3.628578053163776240e-01 3.978805650353289258e-01 3.854027277639676119e-01 3.206109586577646220e-01 3.499205561896985284e-01 4.032977821088484793e-01 3.905930512247876574e-01 3.906150718012674772e-01 3.941877298242807415e-01 3.676221663358221758e-01 4.099205721191213070e-01 3.876586466750734372e-01 3.733385011969662659e-01 3.985631285756733866e-01 3.892692273303391959e-01 3.946139171614522212e-01 3.913434957945818859e-01 4.105001336667039591e-01 3.923194622627104722e-01 4.119079639140358351e-01 3.987664675817446103e-01 3.740987069814080135e-01 3.890066381630511438e-01 3.902484902124895849e-01 3.775680147734500891e-01 3.822776337205934238e-01 3.828371546273160453e-01 3.837352091031877577e-01 3.996529757200046329e-01 3.711314096642778226e-01 3.537747441085146716e-01 3.615266128371838472e-01 3.559494495463605412e-01 3.854005264491505711e-01 3.733129852462948595e-01 3.761249080758046759e-01 3.702535342071698876e-01 3.408101851426965090e-01 3.404108648951800209e-01 3.662210180302173379e-01 3.587196499193390231e-01 3.673763407515450718e-01 3.634004444033075987e-01 3.650947191352205690e-01 3.611176903024919671e-01 3.522382463891370330e-01 3.557611873214122089e-01 3.621288756314735013e-01 3.771766225032783248e-01 3.645157458354431612e-01 3.713781072250991189e-01 3.880383808865131012e-01 3.799852428174088081e-01 3.797897207069015901e-01 3.921527848194897858e-01 3.834891147671132816e-01 3.899379052503456067e-01 3.937746055958847857e-01 3.733505118502226106e-01 3.736505960119357872e-01 3.668766799467524931e-01 3.700915577063951245e-01 3.667620956902473139e-01 3.679042132401278420e-01 3.749837921960489373e-01 3.686926856170686939e-01 3.848062605085690313e-01 3.707936805443914907e-01 3.765368649416904745e-01 3.850974461786532688e-01 3.844448317868929266e-01 3.692256907470000682e-01 3.681826507330394627e-01 3.722812133761531639e-01 3.711401007206034386e-01 3.669472267380773367e-01 3.708984124994467169e-01 3.640432727916161904e-01 3.521256647910036008e-01 3.525823714548568244e-01 3.712263317578620714e-01 3.675495513604045139e-01 3.601529813411469827e-01 3.673750919960550032e-01 3.679605834464810266e-01 3.648741188202432872e-01 3.591999831517816988e-01 3.667919925989176488e-01 3.749344040847999437e-01 3.585490607194919410e-01 3.556879149428288645e-01 3.489268691236908637e-01 3.589264217733807438e-01 3.616568960601719840e-01 3.658711666933967543e-01 3.575809926327700450e-01 3.567175474016066605e-01 3.596118993895395244e-01 3.649022793638758699e-01 3.558052938525584907e-01
8.557877512775863282e-02 4.485132395665523269e-02 3.413970392540801591e-01 1.000000000000000000e+00 3.308480510921421591e-01 4.320479811299137718e-01 6.031894294898211273e-01 5.747439703126072663e-01 5.356892694517010334e-01 4.753352534215471437e-01 5.598565872990262093e-01 6.220264929396536191e-01 5.468519693216282729e-01 4.653658144578917688e-01 6.379734870844244732e-01 6.077404654491892488e-01 5.128713574898479122e-01 4.350522903268337904e-01 4.986446291963138600e-01 4.074783265526745746e-01 4.250144622390711335e-01 5.505042057485203255e-01 4.745929810077165190e-01 4.339063800633049528e-01 4.927759164673507497e-01 5.456822302120857282e-01 5.952645329630906756e-01 5.728384482420157964e-01 4.915170722719904850e-01 5.731900376864687008e-01 6.015007690525214779e-01 5.451707745810842054e-01 5.231041625843001475e-01 5.541001832544951711e-01 5.488847098556084436e-01 5.996801696570075446e-01 5.940868628516441374e-01 5.830938442010474843e-01 6.006854675707709035e-01 6.006025838942937733e-01 6.054194685755615035e-01 6.110679505606857465e-01 6.217169886154462199e-01 6.114232508496372231e-01 6.171721711373776564e-01 5.970172640428230704e-01 5.838959983594725900e-01 5.900290287475385975e-01 5.833750152845516013e-01 5.982293520404505793e-01 5.988544120428648254e-01 6.249192381090074022e-01 6.144422237683474508e-01 5.563264910045029321e-01 5.473308909105563114e-01 5.542250932904432270e-01 5.636119697034106535e-01 5.924567043101541808e-01 5.798944954468012725e-01 5.944628236201789928e-01 6.002569986854766615e-01 5.767533880936904778e-01 5.739099184543873244e-01 5.870608672298621711e-01 5.962295447095651291e-01 5.828416728309139261e-01 5.909509575283863336e-01 5.818807689156981766e-01 5.695009916527949967e-01 5.795780185711573163e-01 5.977162396060426985e-01 5.948099283273046156e-01 5.734697242953036289e-01 5.854191938734645273e-01 5.980480393399806305e-01 5.996122282226755695e-01 5.939542304892766467e-01 5.761437468525465455e-01 5.868706871853244245e-01 5.829985098767819229e-01 5.846204528398967204e-01 5.979160488392628592e-01 5.906047142440088438e-01 5.788607464489698984e-01 5.969716710272467974e-01 5.937137466009732023e-01 6.027763100567878896e-01 6.003242921978013680e-01 5.937234083049132138e-01 5.879114501420467098e-01 6.042237319239186499e-01 6.022859777383742230e-01 6.059909612094971365e-01 6.019359339367217343e-01 5.927870413911292546e-01 5.888831385205006708e-01 6.205184768158298336e-01 6.052119826704639438e-01 6.037426773659863022e-01 6.067777929058797426e-01 6.103670076065338401e-01 6.060610426579932097e-01 6.079212418281026986e-01 6.060028450970958991e-01 6.158704144107465250e-01 5.856708405037122089e-01 5.899662922802217935e-01 5.780994964484974519e-01 5.847026447955525619e-01 5.966596508136526866e-01 5.977572823666442714e-01 5.948640598102838961e-01 5.953234729437665296e-01 5.961343897916050460e-01 5.921479210322166953e-01 5.934540760605442333e-01
1.029951817560802035e-01 8.088372982298504266e-02 2.169353519046248735e-01 3.308480510921421591e-01 1.000000000000000000e+00 2.937462598348444254e-01 4.490837365202546838e-01 4.564273621573848860e-01 4.614258544916540750e-01 3.736476691230281588e-01 4.411493954561994668e-01 4.596453898861306286e-01 4.606051831962034715e-01 3.594654649929183154e-01 4.688768907811578512e-01 4.785384893376887772e-01 4.477537264953565521e-01 4.332798266998111880e-01 4.418432728135044951e-01 3.695771483758866771e-01 4.134979861158236125e-01 4.343584958639774563e-01 4.495595563826654817e-01 4.361377734587321142e-01 4.082969067799789853e-01 4.717771305812790694e-01 4.705731185566651154e-01 4.452541505257481824e-01 4.216770545697013373e-01 4.514312372089523961e-01 4.643792990649450725e-01 4.651565951242430663e-01 4.081620815823914228e-01 4.534992088613539196e-01 4.351972931795370925e-01 4.355422315027736024e-01 4.394075957001685184e-01 4.601279161229563930e-01 4.589826903031979932e-01 4.364354972504536634e-01 4.705638731842065048e-01 4.742418076318801190e-01 4.643440620122616380e-01 4.816873516514130205e-01 4.726843622178672488e-01 4.662420328007296777e-01 4.745587956139896146e-01 4.723367271123328215e-01 4.749829232964040138e-01 4.576261511504398083e-01 4.693467798271434566e-01 4.588056325358883525e-01 4.825809605984648920e-01 4.744299882389148570e-01 4.649278425480580235e-01 4.712955139498797297e-01 4.664677954424199524e-01 4.762353445251214512e-01 4.757387327576731995e-01 4.848870244322325829e-01 4.786443839994624638e-01 4.804646893354304615e-01 4.747883151769962118e-01 4.737307492523048502e-01 4.829891462406450398e-01 4.842104232876046632e-01 4.786888272413781231e-01 4.895698441613787200e-01 4.844824829338945094e-01 4.844788330353468897e-01 4.874065200272367782e-01 4.817693815939493862e-01 4.884168050491623503e-01 4.841349702712385850e-01 4.824271811545276512e-01 4.817521621338017312e-01 4.734999963871826534e-01 4.717524164909118189e-01 4.735620670435468083e-01 4.748043579023262240e-01 4.722617865855959773e-01 4.747488715062802567e-01 4.751589119240511305e-01 4.729923398663703482e-01 4.745341016902630549e-01 4.794827354205603021e-01 4.691087192634839087e-01 4.762749175116994804e-01 4.723613014274429811e-01 4.732000502800245423e-01 4.670134642815936821e-01 4.767358314821885656e-01 4.774390826816897748e-01 4.738458621822031480e-01 4.774994852620534358e-01 4.737086657702836989e-01 4.744400439655931945e-01 4.790903658205463156e-01 4.745647161388058533e-01 4.773319177016037695e-01 4.766673757932760047e-01 4.804045585237751159e-01 4.785424929905364722e-01 4.802218738259049213e-01 4.781983528355271407e-01 4.756119590714182888e-01 4.767302703157469401e-01 4.742068508888497846e-01 4.746997883606423607e-01 4.798270919556364977e-01 4.799535616620198564e-01 4.808234438392825494e-01 4.797170196139213250e-01 4.762480400460102903e-01 4.744749592920349812e-01 4.787480519515459609e-01
7.725894724378960798e-02 7.295484656197752382e-02 3.021205839620771383e-01 4.320479811299137718e-01 2.937462598348444254e-01 1.000000000000000000e+00 5.206507707447707300e-01 4.887823750923521171e-01 5.252004944224305527e-01 4.782953761402187753e-01 5.155036460277345745e-01 5.602666151659003724e-01 4.832613127112144746e-01 4.525874177888787320e-01 5.805713727837333860e-01 5.417666269109037147e-01 4.877632061573422551e-01 4.399088526153985823e-01 4.751895919103976684e-01 3.809148698929102350e-01 3.956196544783391333e-01 5.149886389259509256e-01 4.918793916360542084e-01 4.493147935099296442e-01 4.757014359627375066e-01 5.364695364717223525e-01 5.499677595971415034e-01 5.433611534362976503e-01 4.942835892039075252e-01 5.564558922542239827e-01 5.624394918661681508e-01 5.278103003545714378e-01 4.976467024157639751e-01 5.333511702948091626e-01 5.310136608379492085e-01 5.293089892363073146e-01 5.520235666571181588e-01 5.349083111842233285e-01 5.617570033056729084e-01 5.369258630286714018e-01 5.660470772983106080e-01 5.669600295322301253e-01 5.605859081042898762e-01 5.710305519756966319e-01 5.768095164687225829e-01 5.619419880651674859e-01 5.604366685265254056e-01 5.727337042899746100e-01 5.410736898762393832e-01 5.256839769244918692e-01 5.483170390563018026e-01 5.393926683462797467e-01 5.732368700450934940e-01 5.431101006814786913e-01 5.213896684057137687e-01 5.327580559638550595e-01 5.217858518821236746e-01 5.677438410633900423e-01 5.514948743332565018e-01 5.629756176394491440e-01 5.666427591773465222e-01 5.517569361100157499e-01 5.381682890190965241e-01 5.515848351637557823e-01 5.572015999336393799e-01 5.456523679949918382e-01 5.742437697684129594e-01 5.661295424794442477e-01 5.642690899577482710e-01 5.489646679807357321e-01 5.667947602842374755e-01 5.695175990804877131e-01 5.630826988235572150e-01 5.653368969561731738e-01 5.736329162396378578e-01 5.761412185214315196e-01 5.758967768398021159e-01 5.628542422526506828e-01 5.724863020696862037e-01 5.698826635406618601e-01 5.638747351853976575e-01 5.679782541586025912e-01 5.605679439757722538e-01 5.626387452324244087e-01 5.666465895312724488e-01 5.727248079784418300e-01 5.687785777002110077e-01 5.696732370429420378e-01 5.663904398855759137e-01 5.639761777805034626e-01 5.676667190704753896e-01 5.769114447926462219e-01 5.760890587609569513e-01 5.706676811108811753e-01 5.639208515390871090e-01 5.657554350366444940e-01 5.660799531882277913e-01 5.533481621157162467e-01 5.700630377617550426e-01 5.685989469651107076e-01 5.732883859558602913e-01 5.635617961409044030e-01 5.689668208215721279e-01 5.728463872758313702e-01 5.710126457775397402e-01 5.496212987787844062e-01 5.588825059386656191e-01 5.602413959899454898e-01 5.668589755982221812e-01 5.672867532771751486e-01 5.669302795061530453e-01 5.667430247129423559e-01 5.644518347572833328e-01 5.617046210139561291e-01 5.646300440877332072e-01 5.581425017257682919e-01
7.354099959627755090e-02 1.211478594534037001e-01 3.911591460305853807e-01 6.031894294898211273e-01 4.490837365202546838e-01 5.206507707447707300e-01 1.000000000000000000e+00 7.311385945580266554e-01 7.224670243341025921e-01 6.547925702251300439e-01 7.360613874115478072e-01 7.840919553511542794e-01 7.322131854214156688e-01 6.052240002468384228e-01 8.265782721181528236e-01 7.864079342645957649e-01 6.935328775611312446e-01 6.257706398980554807e-01 6.847412840965386716e-01 5.501038680696218597e-01 5.809581728664594547e-01 7.306907755359890455e-01 7.008177269725435199e-01 6.236244761174400963e-01 6.738988940719869980e-01 7.447415509632270281e-01 7.898114377221373550e-01 7.730378880124801899e-01 7.128750208359534435e-01 7.748083983607799707e-01 8.145996070747414386e-01 7.580707728534161749e-01 7.120961663837156452e-01 7.602854341907596680e-01 7.509265165892028415e-01 7.645638435117494414e-01 7.827370602563974433e-01 7.819878174970391616e-01 8.044154539079910737e-01 7.743197545827711359e-01 8.024635649798195214e-01 8.034688682869030041e-01 7.994006618882155690e-01 8.063117525911907002e-01 8.161850253036597724e-01 8.034523422811794546e-01 7.921446158028266904e-01 7.910941099259287679e-01 7.772813476576989622e-01 7.709912245958921995e-01 7.885966370834806005e-01 7.773756908580746749e-01 7.983306964875095391e-01 7.662383669125455432e-01 7.489677107525803956e-01 7.684519475355592322e-01 7.513581380015470490e-01 7.955262026887606197e-01 7.862363944297596774e-01 7.951262513912762397e-01 7.987105137544534550e-01 7.820073892397625404e-01 7.684719587301857002e-01 7.849699707887575206e-01 7.929858911238445440e-01 7.797958067220517320e-01 8.009865195650348602e-01 7.974315383962188308e-01 7.941594500667277234e-01 7.828724387465686441e-01 8.020952803744091364e-01 8.043218618514907936e-01 7.932972959055339945e-01 7.957039112595657437e-01 8.047932929703411897e-01 8.133792138666035010e-01 8.116595118471119363e-01 8.015533532024635699e-01 8.048231823004942109e-01 7.989814355341254837e-01 8.031935351899465170e-01 8.101798654685277157e-01 8.001797036021262022e-01 7.973108786808886794e-01 8.020356885232980959e-01 8.075576019652912496e-01 8.066377198307858043e-01 8.100279131017820156e-01 8.038591533344968676e-01 8.003029638129051104e-01 8.094434315838898719e-01 8.107606892537100318e-01 8.086333893342000367e-01 8.088962149950000846e-01 7.981759757011857026e-01 7.953863732952796139e-01 8.041371030820205767e-01 7.883238238299631329e-01 8.050413241336472625e-01 8.106791093806822168e-01 8.118978605392562775e-01 8.020615438914195927e-01 8.019188450460524864e-01 8.074889355252921064e-01 8.081633728966832741e-01 7.819857530787100997e-01 7.909301801980974655e-01 7.899587319072801650e-01 7.968846874440828065e-01 8.043677010513721193e-01 8.067727820573652453e-01 7.977488176169571510e-01 7.976745481688743977e-01 7.948296643324529454e-01 7.968700172584219921e-01 7.922511167920938124e-01
9.753096043283396299e-02 9.840198895798503431e-02 3.683864210978834430e-01 5.747439703126072663e-01 4.564273621573848860e-01 4.887823750923521171e-01 7.311385945580266554e-01 1.000000000000000000e+00 7.155955160433044027e-01 6.413913738739472903e-01 7.132948538544248152e-01 7.709123280439856840e-01 7.188293633235357527e-01 5.871990279747686392e-01 7.955675779549388205e-01 7.964651140740443003e-01 6.843080553171976277e-01 6.106531489293400838e-01 6.663681663535444555e-01 5.401585098458498990e-01 5.762223488523714465e-01 6.904085162984773261e-01 6.721958094963425001e-01 5.960887688938105722e-01 6.111820385622982466e-01 7.309295878918947720e-01 7.497234751118794227e-01 7.394732538107117170e-01 6.764771168148756564e-01 7.500056684500947535e-01 7.718097603832014819e-01 7.430445996361644267e-01 6.952965165609947817e-01 7.286783157920573295e-01 7.301533704631616439e-01 7.419189197552588100e-01 7.410517049606522022e-01 7.703239250557971651e-01 7.745101300345572648e-01 7.515823638974861165e-01 7.818375923452499654e-01 7.849668335554836895e-01 7.827469665916196861e-01 7.907741212544294740e-01 7.860287504711780393e-01 7.806688369155712071e-01 7.793299973139313774e-01 7.783916849376907310e-01 7.749990559857915517e-01 7.607614516193887955e-01 7.804544215327351431e-01 7.491444642579375701e-01 7.795680857939789599e-01 7.636380372457262089e-01 7.526940341710858240e-01 7.638240883287727989e-01 7.580941063583658268e-01 7.864772401520686573e-01 7.864284211489975807e-01 7.842453542975894587e-01 7.869870841673767270e-01 7.784082738731378237e-01 7.747112507665713244e-01 7.734753031418946101e-01 7.790365854074184915e-01 7.680393255532224073e-01 7.835376015303601172e-01 7.766301566908831999e-01 7.739035365042915560e-01 7.647848968925722302e-01 7.754306979843044179e-01 7.783147241864315502e-01 7.683686587728338901e-01 7.610563492033438626e-01 7.873854665737360925e-01 7.862668260968270761e-01 7.841700556705814007e-01 7.735931192858773731e-01 7.788289922869072734e-01 7.757754107456332759e-01 7.767817218591164252e-01 7.823382756964635254e-01 7.808763935743742168e-01 7.751747132939091900e-01 7.813913504101565044e-01 7.817844065508207096e-01 7.800317923544928256e-01 7.896236152772367900e-01 7.810487215117530857e-01 7.836795784230186079e-01 7.829486950514101817e-01 7.902071851472476371e-01 7.887712495041590000e-01 7.866342467360293300e-01 7.841310960708115507e-01 7.822632666807126656e-01 7.932293244522016229e-01 7.800998406545499586e-01 7.902366220120580209e-01 7.943829965208795141e-01 7.939725184024344351e-01 7.939217164516131353e-01 7.862694410440013160e-01 7.933763562931352986e-01 7.866616464448159540e-01 7.759978313144959561e-01 7.820823478983398580e-01 7.774792034668900342e-01 7.834063254649097363e-01 7.907132268171155332e-01 7.940128509270596435e-01 7.847556965768507364e-01 7.876235883962210416e-01 7.820327646535718547e-01 7.810949494906351820e-01 7.779366370867799585e-01
1.284994906181893826e-01 1.595795214144549168e-01 3.729009530223033608e-01 5.356892694517010334e-01 4.614258544916540750e-01 5.252004944224305527e-01 7.224670243341025921e-01 7.155955160433044027e-01 1.000000000000000000e+00 7.475591497164317811e-01 8.056125840745719247e-01 8.363617121588178271e-01 7.722884960101625840e-01 6.417132949331957326e-01 8.311479376438660749e-01 8.339313038781163145e-01 7.936792413524871304e-01 7.029516993593940555e-01 7.602053987551830039e-01 5.529452888405353983e-01 6.525864472436833097e-01 7.618454650314743226e-01 7.795656753228541458e-01 6.789447077295593935e-01 6.873078841909033843e-01 8.526003045815462311e-01 8.388180158340835524e-01 8.224697457346148433e-01 7.598751315277861851e-01 8.495167561808848466e-01 8.452334963391516798e-01 8.505467700602431513e-01 7.918560901388761453e-01 8.235053471405561210e-01 8.290393375897764372e-01 8.150492338409269788e-01 8.262596013952028251e-01 8.611683559545231237e-01 8.558959527031581027e-01 8.125329072354761095e-01 8.740212983255131185e-01 8.678874682518568084e-01 8.507140227738401173e-01 8.805330208554916771e-01 8.714550594231185165e-01 8.634602017735167889e-01 8.750874943574505904e-01 8.803093323973807394e-01 8.798188504193799053e-01 8.500655228193220170e-01 8.737106174043302032e-01 8.206578196836824546e-01 8.643878382772116620e-01 8.692320597435060359e-01 8.622933788644399078e-01 8.723908861496199041e-01 8.618835661090573641e-01 8.765505928209792463e-01 8.820450836701020370e-01 8.855248158825225202e-01 8.841328728677351201e-01 8.789705287131078792e-01 8.706725308041276534e-01 8.775928870858072939e-01 8.833116612020973646e-01 8.816170938046117289e-01 8.831212334471177927e-01 8.765651050112586162e-01 8.787454518697446204e-01 8.373003450887617216e-01 8.683488149410727441e-01 8.788112031486894349e-01 8.632406710528112148e-01 8.613698033329106885e-01 8.858858220090515267e-01 8.807420235008509568e-01 8.793484775857581814e-01 8.664353146117186322e-01 8.769125156950136057e-01 8.794699651435403664e-01 8.794252643817894732e-01 8.760941220645028782e-01 8.784415311235990176e-01 8.787717220225983450e-01 8.748692301610770938e-01 8.767397208767501171e-01 8.721302947047298026e-01 8.773157016924830742e-01 8.767674723745133569e-01 8.795186839202860929e-01 8.648864759240613154e-01 8.796576914503160260e-01 8.800635162830096059e-01 8.755071564887768609e-01 8.787564350449087458e-01 8.809722259473984352e-01 8.732479188074996346e-01 8.773581812884400088e-01 8.763569265958294219e-01 8.748236145804414443e-01 8.757679883377315067e-01 8.808292440670791867e-01 8.746886142426708588e-01 8.818498771683603854e-01 8.756457163990096770e-01 8.751899175636519423e-01 8.814038057659994152e-01 8.805488120405874364e-01 8.821039352649232557e-01 8.810784298102442014e-01 8.794124518820195524e-01 8.813830467731853524e-01 8.808695411002130937e-01 8.793765836887741383e-01 8.819206196480532389e-01 8.819505252981115762e-01
5.395901159459711577e-02 1.640472772683420621e-01 2.964016053061758194e-01 4.753352534215471437e-01 3.736476691230281588e-01 4.782953761402187753e-01 6.547925702251300439e-01 6.413913738739472903e-01 7.475591497164317811e-01 1.000000000000000000e+00 7.127131133853434886e-01 7.642434247621631149e-01 6.942638798111089304e-01 6.040405401580078992e-01 7.765806810961149997e-01 7.685477323806734207e-01 7.246429812842553053e-01 6.018561448182533358e-01 6.670529597476170247e-01 4.661070129518529725e-01 5.625180839213096418e-01 6.821270206806209213e-01 6.933952071765699943e-01 5.818753961394227403e-01 6.094456708609302664e-01 7.849109281412363082e-01 7.549405288376171974e-01 7.462984775252553549e-01 6.892432641056293052e-01 7.714178251704100209e-01 7.811066811128248855e-01 7.706566102828341647e-01 7.109934038392021760e-01 7.372901909050120217e-01 7.492213509569393137e-01 7.351660835964606289e-01 7.515816162996179495e-01 7.922771875454979185e-01 7.945136029642800857e-01 7.447447694980683375e-01 8.079007846180089603e-01 7.980826479863785128e-01 7.885738155580198638e-01 8.090684836264305790e-01 7.936523023098180918e-01 8.033766851710626433e-01 8.223710040905427565e-01 8.278757420286454449e-01 8.121845335840226499e-01 7.603894690120662769e-01 7.964636546561107977e-01 7.267630246877664346e-01 7.860250041562669709e-01 8.152590613202611580e-01 7.942417295967972857e-01 8.028881167152455145e-01 7.822431630220499921e-01 8.126824579349843924e-01 8.087208849126377164e-01 8.206959787691606723e-01 8.210002421603769251e-01 8.112729764461896753e-01 7.943685448413476680e-01 8.094864070995287930e-01 8.001038442045158572e-01 8.066033425525757083e-01 8.182101719268799478e-01 8.062348160944632358e-01 8.072928970597585963e-01 7.636698199212725857e-01 7.936177551039637068e-01 8.100789941284858298e-01 7.865675879256098790e-01 7.860064460538014330e-01 8.185107498900862089e-01 8.180932352826544296e-01 8.156583500228140604e-01 8.042157073400492129e-01 8.166836011027618358e-01 8.110358906711395699e-01 8.096347452035418391e-01 8.130954900486522252e-01 8.094682382868826354e-01 8.054804060525487808e-01 8.041000944394179895e-01 8.062986905219797773e-01 8.062917738170953807e-01 8.136679648935589704e-01 8.178765935611604920e-01 8.111755350237177531e-01 8.047643796133562288e-01 8.210595886785598818e-01 8.129205517113965440e-01 8.173478530478665016e-01 8.209509088766199225e-01 8.243652985652552001e-01 8.015796160451207353e-01 7.953977813378586559e-01 8.185634147484677214e-01 8.117371349851125739e-01 8.161788199901991447e-01 8.121193078914216157e-01 8.071415457887326506e-01 8.169004347096071594e-01 8.058238178582279865e-01 8.068000214485171462e-01 8.189581571171398178e-01 8.224876188743319716e-01 8.220581299626981142e-01 8.206934824138033546e-01 8.179481945678840349e-01 8.210368120691549088e-01 8.201711475530738538e-01 8.175979167729917618e-01 8.130665133948314915e-01 8.164037048235566196e-01
4.372942697910239124e-02 1.464780714655858074e-01 3.480610155572790854e-01 5.598565872990262093e-01 4.411493954561994668e-01 5.155036460277345745e-01 7.360613874115478072e-01 7.132948538544248152e-01 8.056125840745719247e-01 7.127131133853434886e-01 1.000000000000000000e+00 8.582846558866612519e-01 7.755955235053231256e-01 6.323875971127012052e-01 8.458625163290688365e-01 8.441449381489349868e-01 7.875412486731900863e-01 6.896350753068491990e-01 7.628858812615095797e-01 5.601733240431459038e-01 6.439204006548764347e-01 7.793114205990333554e-01 7.735268863349327173e-01 6.686992161276460456e-01 6.915093028094057015e-01 8.454943733172251008e-01 8.449590193738590882e-01 8.352594862205882098e-01 7.531537003567699839e-01 8.445567173639548786e-01 8.636493045465961638e-01 8.514704629307127126e-01 7.874386272392726038e-01 8.305131109588412830e-01 8.235737394268000111e-01 8.346920992937859607e-01 8.440660595424410717e-01 8.726903256497476891e-01 8.713979675740171071e-01 8.345211790595108425e-01 8.828441711164938255e-01 8.818161526147537677e-01 8.739346215305164867e-01 8.894800541589696907e-01 8.829320609611931436e-01 8.796317531708190973e-01 8.843345673048874644e-01 8.779548683709318402e-01 8.748262805110941231e-01 8.579742918257708961e-01 8.788391721620067987e-01 8.433272530271018752e-01 8.766352887293304974e-01 8.661831511206425915e-01 8.537268502607200382e-01 8.714983485378722250e-01 8.484838374421530549e-01 8.823368593634416390e-01 8.783681433250342119e-01 8.863392304613665340e-01 8.890934017367826403e-01 8.756403116879052373e-01 8.669097341822776803e-01 8.813224948173977724e-01 8.866769851659873636e-01 8.748705021588226716e-01 8.891592063799326207e-01 8.825458622627845306e-01 8.836657428373831946e-01 8.498929128505849917e-01 8.788469528836984068e-01 8.864939773470024154e-01 8.689077817809829352e-01 8.659480830899493053e-01 8.912768181965861070e-01 8.892827030425447532e-01 8.861018895881928037e-01 8.722649223773608629e-01 8.856767814644528336e-01 8.851853459803963320e-01 8.907923781030443466e-01 8.915490690176861577e-01 8.922126349549049928e-01 8.834139430335342658e-01 8.889681679297183337e-01 8.892488149114530227e-01 8.915012850157845170e-01 8.940421763823771517e-01 8.914869470553797859e-01 8.911901850140786507e-01 8.869732539296584228e-01 8.904465813936981444e-01 8.930618892143566967e-01 8.925478821060388590e-01 8.894403840881789369e-01 8.889552670277078850e-01 8.854608959247807221e-01 8.803023719745458608e-01 8.884090850379996462e-01 8.904834322678026881e-01 8.923816070912440335e-01 8.904829799380218347e-01 8.886197867879013224e-01 8.931714094593117270e-01 8.941655447225484998e-01 8.767020903864187753e-01 8.859982731050672911e-01 8.875566179188119076e-01 8.880341781020885117e-01 8.907247804574575101e-01 8.898546355115313222e-01 8.883722255337702656e-01 8.885554249037123098e-01 8.907748093622479546e-01 8.924950512840676975e-01 8.873592865396937590e-01
4.428116065935210760e-02 1.432414566081760821e-01 3.815903906558086867e-01 6.220264929396536191e-01 4.596453898861306286e-01 5.602666151659003724e-01 7.840919553511542794e-01 7.709123280439856840e-01 8.363617121588178271e-01 7.642434247621631149e-01 8.582846558866612519e-01 1.000000000000000000e+00 8.095404868500634121e-01 6.837194977865614920e-01 9.016004478084227447e-01 8.960353250152993665e-01 8.178333168802256470e-01 6.970399717609464529e-01 7.768346957538808661e-01 5.709283596553864637e-01 6.632885077653650763e-01 8.153532029656577196e-01 7.798515472527451919e-01 6.823904750680519493e-01 7.244023203629057495e-01 8.710202606008293769e-01 8.739789679178645576e-01 8.547830240817257952e-01 7.683121626705603502e-01 8.797897711745715776e-01 9.046390906729561143e-01 8.743643902228750431e-01 8.082218183821858748e-01 8.563167302480575449e-01 8.575599367216810709e-01 8.710230783390404685e-01 8.798486493647841300e-01 9.056391102608266630e-01 9.151111466450216891e-01 8.683461248811483735e-01 9.212740021302303628e-01 9.222252420840847398e-01 9.169440464025956361e-01 9.290417321696683439e-01 9.264478535524655056e-01 9.196540091348560653e-01 9.295783776868418169e-01 9.270796000853507302e-01 9.163720763417999571e-01 8.894631102318353300e-01 9.156733546289065329e-01 8.794099858971923256e-01 9.152479322312583321e-01 9.042729021412619916e-01 8.884084644620873217e-01 9.019579325530334701e-01 8.836414931730386391e-01 9.249978495185083860e-01 9.204076831154537341e-01 9.296034196634690439e-01 9.325353652380836689e-01 9.177592707122227411e-01 9.056201602263953543e-01 9.227631472699562298e-01 9.189137300798397856e-01 9.123483936002784178e-01 9.289706992888469017e-01 9.209657095619666611e-01 9.151860110343936761e-01 8.868853479421778818e-01 9.220181471372685955e-01 9.268169629655467201e-01 9.050255696516420478e-01 9.055311789221207608e-01 9.323819548901921550e-01 9.315505753989891113e-01 9.275314103187812798e-01 9.053104051156378729e-01 9.238446763209353652e-01 9.209966035014255370e-01 9.247271662490166300e-01 9.322323557586684739e-01 9.251370959832021512e-01 9.163169338079774073e-01 9.249622496139700001e-01 9.262602568185470675e-01 9.289685929388407093e-01 9.324182083786644037e-01 9.319203128511263090e-01 9.270130210049908337e-01 9.239206046609882428e-01 9.353972597965599656e-01 9.352489392764408160e-01 9.342056486032473961e-01 9.321026103313133637e-01 9.319294714522705636e-01 9.282574302118428156e-01 9.184447469898672223e-01 9.331290646408795242e-01 9.318741065585034455e-01 9.368027381054777614e-01 9.318639179122897298e-01 9.309233046342453299e-01 9.364462639284796275e-01 9.350995191106961091e-01 9.166826800801568531e-01 9.288982724103532762e-01 9.283588633775283760e-01 9.283383454198342877e-01 9.336507787197372288e-01 9.327459421029753450e-01 9.323272181317771024e-01 9.328746114615417140e-01 9.314062762737574941e-01 9.307280109866616913e-01 9.287270715454055692e-01
5.442116231803308113e-02 1.317247438660991976e-01 3.279763214292839568e-01 5.468519693216282729e-01 4.606051831962034715e-01 4.832613127112144746e-01 7.322131854214156688e-01 7.188293633235357527e-01 7.722884960101625840e-01 6.942638798111089304e-01 7.755955235053231256e-01 8.095404868500634121e-01 1.000000000000000000e+00 6.229611701270093560e-01 8.305659762322247230e-01 8.260923247865553654e-01 7.343709742738172563e-01 6.677508195585057926e-01 7.148086642756245057e-01 5.594619110809809781e-01 6.186017452661094485e-01 7.279615007517813430e-01 7.366317136796639575e-01 6.466805988399795257e-01 6.569649069851732914e-01 7.993938818057394480e-01 7.994061708185709048e-01 7.872353139034825587e-01 7.129671647169614213e-01 8.090752839544920194e-01 8.291814476354327779e-01 8.015934370931470099e-01 7.309490880707528726e-01 7.864622060186743369e-01 7.779425309688301482e-01 7.812242380843638090e-01 7.938537258984816880e-01 8.224081177707270873e-01 8.340355002644992410e-01 7.771542731018598049e-01 8.425518103519230584e-01 8.383536915342043594e-01 8.308413190777087509e-01 8.500359755468310796e-01 8.400680958777080320e-01 8.450061961429508051e-01 8.453951331464349961e-01 8.429654838084394974e-01 8.322863253079783030e-01 8.066457041552261842e-01 8.336772212491240230e-01 8.145361116646623323e-01 8.503940229140427576e-01 8.339528279938828170e-01 8.157743138853906784e-01 8.284073879322028100e-01 8.104582684546085547e-01 8.506649923148651427e-01 8.405395284643866205e-01 8.527653533678605235e-01 8.542807965644281243e-01 8.412393343629914755e-01 8.275632098291547667e-01 8.390797713182630568e-01 8.485746427307548911e-01 8.398491274990598221e-01 8.551882645351598367e-01 8.475283286018931994e-01 8.477560602895526376e-01 8.239847947912936066e-01 8.408783691475557598e-01 8.480492074086422027e-01 8.402514088184556140e-01 8.302056923906930841e-01 8.549899157295158814e-01 8.542565845404589409e-01 8.521148898668318150e-01 8.333626274911242193e-01 8.504542549340186053e-01 8.545414921535092745e-01 8.526946810400942711e-01 8.571579459527590705e-01 8.470613206321238042e-01 8.478748708797145817e-01 8.471617556488036938e-01 8.516349938280199927e-01 8.459645020640418345e-01 8.542774253785534455e-01 8.528112661869476918e-01 8.554506031247246511e-01 8.416923076281792593e-01 8.553130542987388285e-01 8.568973804736386146e-01 8.563782732262014141e-01 8.562929155187742891e-01 8.539292367756657898e-01 8.470262726908849293e-01 8.457762535144778271e-01 8.541935400208571227e-01 8.546260059550947474e-01 8.586984473766907655e-01 8.549236167729745706e-01 8.596454272256061069e-01 8.582204451984167815e-01 8.580497197483477612e-01 8.426558794080121206e-01 8.490707265028357709e-01 8.525002887419925734e-01 8.548035713570748539e-01 8.566395568546240069e-01 8.567638953413635461e-01 8.560817910479580073e-01 8.555066458192801537e-01 8.537000368604338307e-01 8.547281660314336449e-01 8.540415025526412185e-01
