1.000000000000000000e+00 2.147402639434616567e-01 9.622404890228020147e-02 -6.831334586783323337e-02 3.511375048120712883e-02 -7.683510609357619217e-03 -1.966298509526480387e-02 3.613387882288580238e-02 1.537583799136421070e-01 1.225121531388607132e-01 9.734110558968758764e-02 -1.661150151488251236e-02 -1.806721241456699795e-02 -3.188093365505811905e-02 5.676043189908260532e-03 3.006463907458667428e-02 1.175006258718362256e-01 2.672053676933647814e-01 2.165529666692107835e-01 1.644555431296945147e-01 1.196211006709817226e-01 1.372850815442505645e-01 2.373577964419773811e-01 2.401573233415146835e-01 2.260155145432057033e-01 1.836990708062528621e-01 1.364826653793237976e-01 1.310022889890264663e-01 1.764373699556032460e-01 1.911920972722228884e-01 1.118691958638497602e-01 1.200562992731868256e-01 1.534405483325916031e-01 1.460933644388074104e-01 1.917720235593284583e-01 4.685712626494655669e-02 1.123890871723257356e-01 5.299943224413937448e-02 6.429750979675212530e-02 2.134475168980928123e-02 4.341030601342177331e-02 2.837875019146160124e-02 -3.103250189221338790e-03 2.192431559674729025e-02 5.264169795504480831e-02 3.301513916116512182e-02 1.803831896914145222e-02 3.858800091254842302e-02 2.065550034590867695e-02 4.487105920434961842e-02 3.050482116547287639e-02 1.487988365491403793e-02 1.476469250358470459e-02 8.160951199102782494e-02 7.466772730174368877e-02 6.317923521777253637e-02 6.532533406642226925e-02 2.978780770181802331e-02 5.162083135999664951e-02 4.349635986861175724e-02 3.138474669946181989e-02 5.477128018767109946e-02 5.411049934032648168e-02 4.380635551186469467e-02 5.063087595886459069e-02 5.118994749959107637e-02 6.237038645645848894e-02 9.338588005396175618e-02 9.046830086635535007e-02 7.322275774680128690e-02 4.181688742773299883e-02 7.389513176538668737e-02 1.023772080344174384e-01 1.045426071697881792e-01 7.372769551015700973e-02 5.746724579673900130e-02 5.439976426955581146e-02 9.329026617250774089e-02 4.072295560215538623e-02 7.897158087116437630e-02 5.792017341079210013e-02 4.432885439980741721e-02 6.864381851419502911e-02 8.542677724594999189e-02 5.093221060347805779e-02 5.597571987414090566e-02 4.177784798808573119e-02 3.550936816934258111e-02 2.204819162701677007e-02 5.031052959128944069e-02 3.771180041774799957e-02 9.013143570269254931e-03 1.602732591841326756e-02 9.705804129609026804e-03 7.591756682177633678e-03 2.301372173209305025e-02 -8.984918668174428705e-03 4.514345606876477707e-02 1.125067612754253842e-02 7.781066640125920697e-03 -1.158025564707037582e-02 2.796057713512362791e-02 1.213755674095384415e-02 1.195653636383066333e-03 2.048462065481814615e-02 5.575463717345137404e-02 2.748165979693500266e-02 4.058133793485432794e-02 5.809978445762380150e-02 1.941807839016678958e-02 2.686508214159577523e-02 2.660735055640589194e-02 3.336769318616819580e-02 2.972494909229290647e-02 4.790670343523085323e-02 4.620046572417016439e-02
2.147402639434616567e-01 1.000000000000000000e+00 7.529939286147728505e-02 3.618684046479480471e-02 3.523598848033712705e-02 4.089855929182208832e-02 1.273658147327922097e-01 1.456282322105779126e-01 2.044467162256416726e-01 2.152208512359947146e-01 1.671056564439405701e-01 1.115562849385598326e-01 1.100155160991762859e-01 8.237776006017998032e-02 1.682175779209804101e-01 1.499353113076616340e-01 1.970727689866169641e-01 2.642823455768641416e-01 2.334221059201096182e-01 1.943014666065837615e-01 1.261009929852141831e-01 1.730979250661190127e-01 2.589034928921717382e-01 2.658298621469986078e-01 2.468723055999493543e-01 2.523454595394160616e-01 2.012685566591328468e-01 2.409482576410727495e-01 2.550699349607508104e-01 2.650687483630357888e-01 2.152538738739091795e-01 2.223449545725030008e-01 2.386938034421667021e-01 2.340455371470938906e-01 2.704663507698112923e-01 1.697634659491703835e-01 2.309179073307146834e-01 1.897090190230619200e-01 1.964848434078152462e-01 1.552259535133973800e-01 1.623918621226911885e-01 1.589075815991163876e-01 1.405671531275883568e-01 1.613508054898331601e-01 1.725026644610812288e-01 1.765824399575807446e-01 1.442816536955800200e-01 1.625143719578868717e-01 1.432812377617113386e-01 1.593749805338241787e-01 1.625862155397905240e-01 1.336475163623947193e-01 1.267117618159171732e-01 1.847008367629248970e-01 1.815441329513408364e-01 1.762075310086142765e-01 1.577887662495682519e-01 1.492015246290073482e-01 1.644765560561642082e-01 1.667572085233098578e-01 1.583523543251499355e-01 1.610593515337681580e-01 1.726223440749620475e-01 1.637037175137075196e-01 1.542142643191177498e-01 1.647132515997881130e-01 1.664983200340893754e-01 1.813644272892824538e-01 2.024661613357352508e-01 1.806262531393055537e-01 1.453996785235172617e-01 1.694042834197865555e-01 1.982717777819136273e-01 1.976586497987946056e-01 1.823186771811232398e-01 1.694512982270066637e-01 1.790215537236259646e-01 1.988599289351334620e-01 1.703868180629862505e-01 1.916850623456196057e-01 1.815694809843085289e-01 1.661963295826898446e-01 1.681716557221837327e-01 1.935284070756193298e-01 1.730682188105602815e-01 1.725213054723033768e-01 1.668032878174802169e-01 1.633766196725127684e-01 1.564647148139640953e-01 1.659269021609094397e-01 1.678050764371309123e-01 1.439991225422193044e-01 1.465978355105623243e-01 1.511309280997453486e-01 1.393888655767458462e-01 1.480829379330502460e-01 1.232283694177803285e-01 1.491200194728385942e-01 1.363068308278684304e-01 1.368783376548289021e-01 1.315816724611759969e-01 1.464079688637289489e-01 1.321052658674674030e-01 1.390124002387131408e-01 1.400470776556211883e-01 1.551539043289116848e-01 1.458700186748964067e-01 1.625418466515936577e-01 1.679669349484061991e-01 1.419954295184105431e-01 1.485684367798731365e-01 1.503744195223244984e-01 1.496917538030161365e-01 1.515997803254100496e-01 1.584358415841410905e-01 1.580506578091931125e-01
9.622404890228020147e-02 7.529939286147728505e-02 1.000000000000000000e+00 2.128768364857863415e-01 1.066222993730470830e-01 1.506855377708713750e-01 1.765620355943165465e-01 1.766373942764742355e-01 2.666834721174026201e-01 2.299532711762653225e-01 2.844523601651432476e-01 2.629605245099974620e-01 2.204267576971387643e-01 1.860489235969351174e-01 2.422704077018227875e-01 2.527504391014065432e-01 2.722275644170882303e-01 2.652835119741341341e-01 3.190438529009850255e-01 1.949658118776878279e-01 2.629193451331752196e-01 3.118104999800143662e-01 2.998537797586835474e-01 2.896009960291314189e-01 3.222644573466858509e-01 3.117799161298694943e-01 3.300702873931465886e-01 3.165811357453618968e-01 3.161538912163368020e-01 2.938973065013077424e-01 3.123368380617059792e-01 2.884364808797810764e-01 2.862650747717885857e-01 2.895637557491344549e-01 2.763252639236025154e-01 2.712503576005083628e-01 2.956258615947321977e-01 2.699573371943136402e-01 2.636909418306787600e-01 2.923872582822967803e-01 2.980906637484780908e-01 2.769101255213804458e-01 2.584816920149180519e-01 2.703549372390550154e-01 2.901211972648966020e-01 2.683054128015623374e-01 2.752704113308552802e-01 2.792150752303009242e-01 2.773640366550063074e-01 2.717054162895707892e-01 2.669048778759391949e-01 2.564763808841971082e-01 2.573105793364856564e-01 2.744691183706393089e-01 2.698195038842082227e-01 2.877069472879187906e-01 2.592761687307396645e-01 2.812812896799075646e-01 2.779026057041721343e-01 2.767390487189031467e-01 2.700182447000027408e-01 2.632566057211395694e-01 2.537288977246241473e-01 2.653143116006477231e-01 2.836542948731795577e-01 2.733841661204732820e-01 2.876173369477377784e-01 3.054032807181158438e-01 2.910531895811949155e-01 2.783803427261570818e-01 3.003756345044130138e-01 3.151493909263538007e-01 3.019918899416685898e-01 3.125621101801068225e-01 3.018722107172715496e-01 3.080407649495904843e-01 2.976435302180412412e-01 3.114875993598146264e-01 2.903733852118385861e-01 2.963103287247953466e-01 2.922485744702093546e-01 2.928689181038527378e-01 2.926086405002547020e-01 2.904507225908286028e-01 2.788757341394835776e-01 2.865295867235477245e-01 2.905853285859382185e-01 2.762172712000376951e-01 2.747198272359975268e-01 2.848302188453651351e-01 2.926291987990097820e-01 2.823448287563861125e-01 2.887320569038401841e-01 2.718863741247203869e-01 2.740125490165645772e-01 2.759193957672810837e-01 2.644699677349352518e-01 2.655381910854863192e-01 2.710792258480654859e-01 2.734453939782962584e-01 2.618749194338528263e-01 2.648412866702394286e-01 2.722961483723059795e-01 2.723636761875047330e-01 2.766616805545599189e-01 2.680036941866188460e-01 2.753158673431213566e-01 2.796035635119265006e-01 2.823230666610699324e-01 2.792647741899725311e-01 2.747553932987194525e-01 2.737279875960476061e-01 2.680619901221603651e-01 2.687083936839038123e-01 2.835909494013488796e-01 2.712348858438667354e-01
-6.831334586783323337e-02 3.618684046479480471e-02 2.128768364857863415e-01 1.000000000000000000e+00 2.567757090075888926e-01 2.242795476456235226e-01 4.894318154935222709e-01 4.717382946719985148e-01 3.650348921827838433e-01 3.103974128669899635e-01 4.219981481345937979e-01 5.589368404321602979e-01 3.999432250956896917e-01 3.405736398666148190e-01 5.077407023993831814e-01 4.610768869215276511e-01 3.592257982716721698e-01 2.578101582618940735e-01 3.002610043911034809e-01 3.255337818923459969e-01 4.344435828507641206e-01 4.649813218088061362e-01 2.984774346763278685e-01 2.944094886554961543e-01 3.431942426135685675e-01 3.871245919510194478e-01 4.355012321557268362e-01 4.106771540587095815e-01 3.666761379035149426e-01 3.562518646690167046e-01 4.240840852737822186e-01 4.006867482668496350e-01 3.536973542796370551e-01 3.767129976913482503e-01 3.195554162994522773e-01 4.729791815662475751e-01 4.105981611389014629e-01 4.573876400850491186e-01 4.720289231299651944e-01 4.980840053154549918e-01 4.524023846563562934e-01 4.888902091741728073e-01 5.201331876838111157e-01 5.038589649669861226e-01 5.010225269404361415e-01 4.716171802085100673e-01 4.483969496198760285e-01 4.337854364818350961e-01 4.618014775672799610e-01 4.623145408077719565e-01 4.925056162332112075e-01 5.144117952035566210e-01 5.064024636642177057e-01 4.238373371126299416e-01 4.276580782847896889e-01 4.299993314440236913e-01 4.650073029999371998e-01 4.768119753604763700e-01 4.559096870817843095e-01 4.689094038892560601e-01 4.828299754151197387e-01 4.572177687935908841e-01 4.743282372248128764e-01 4.832127770462480987e-01 4.274750456552784961e-01 4.678669417559229715e-01 4.316471810002900922e-01 4.050522727457818717e-01 4.226222015586532099e-01 4.555255023781342172e-01 4.935453718794942657e-01 4.445515236307024942e-01 4.055099220644944880e-01 4.257989122137284532e-01 4.389672782983318755e-01 4.494636649728548927e-01 4.526058106936131642e-01 4.172492199008868141e-01 4.685070204295304630e-01 4.364370564388103113e-01 4.364975006488885367e-01 4.516679774583767792e-01 4.286639989153190888e-01 4.172064237032539480e-01 4.527136418766469772e-01 4.299944321914132561e-01 4.542066007771746183e-01 4.578767183534662721e-01 4.654439575491213787e-01 4.353283693201007720e-01 4.546547692396198936e-01 4.668593521514768363e-01 4.766149425992277089e-01 4.748303522435725621e-01 4.504908875565235005e-01 4.462430199866651570e-01 5.068625681280971573e-01 4.698288672480020467e-01 4.753233251980456542e-01 4.820813545114102094e-01 4.910831987117529884e-01 4.741410921933650879e-01 4.796868028211395685e-01 4.862599147062146576e-01 4.681298790608554583e-01 4.674907631509365169e-01 4.653605776913927183e-01 4.280073942527581332e-01 4.236250036812188036e-01 4.591770237367371332e-01 4.612728996270955006e-01 4.596746746891284263e-01 4.603713967358773473e-01 4.620950273094358018e-01 4.405304231478137655e-01 4.547256844323562253e-01
3.511375048120712883e-02 3.523598848033712705e-02 1.066222993730470830e-01 2.567757090075888926e-01 1.000000000000000000e+00 1.747730552193339504e-01 3.346392486035707492e-01 3.655127855124897240e-01 3.634797509239212632e-01 2.881019903698134321e-01 3.458686861962269044e-01 3.870243479351100913e-01 3.724621554821130331e-01 3.082246509325401451e-01 4.168367089515586099e-01 3.985245743799823437e-01 3.761245077181026852e-01 3.217580297469643802e-01 3.622631857568351932e-01 3.000050682184440265e-01 3.682187223729825321e-01 4.173836967316734703e-01 3.569539678830905838e-01 3.454545628933701762e-01 3.777676112438617673e-01 4.013830816441072424e-01 4.049220749976728539e-01 3.912123756253211848e-01 3.622211021386535501e-01 3.547562662295166147e-01 3.973663446060903270e-01 3.760744313645297265e-01 3.253063626155880961e-01 3.677452168839406288e-01 3.254664372236333314e-01 4.231802420554417465e-01 3.769663621187887004e-01 3.973099117463151919e-01 4.036025338250951999e-01 3.977338748067993923e-01 3.982773512780651837e-01 4.104165958052293228e-01 4.266829883196361362e-01 4.264969615265637448e-01 4.300184356404030406e-01 4.125129462969622240e-01 4.005004500711901172e-01 4.038837935693860848e-01 3.934182114122233842e-01 3.815385567587449289e-01 3.929336246336794236e-01 4.148370055396525258e-01 4.135044482702429081e-01 4.016986947693670373e-01 3.988383044337658334e-01 4.004914037809110261e-01 3.899180702501343632e-01 4.132357937668953984e-01 3.927190897617364174e-01 4.168478384845376583e-01 4.103453140625080708e-01 4.002781530434484925e-01 3.816339930559816684e-01 4.099026527926072916e-01 4.149314140983730304e-01 4.194536017000028427e-01 4.111836029618523569e-01 4.068470511595270178e-01 3.998638511607606194e-01 4.073604445625177983e-01 4.298941253950664398e-01 4.236426151036415955e-01 4.025550900385810316e-01 4.081896997189893850e-01 4.110171769440175149e-01 4.088832001921635095e-01 4.075458347335119136e-01 3.993306763789190583e-01 4.170066021626509523e-01 4.005749067458367896e-01 4.026189608642979367e-01 4.110372080755950730e-01 4.110329627751923010e-01 3.899274240365764865e-01 3.991811434787559953e-01 4.017743805525106904e-01 4.084052216369379318e-01 4.065319685410797024e-01 4.126791181741175096e-01 4.045892332564076654e-01 4.058813948608887556e-01 4.088666682408949038e-01 4.187322914770756910e-01 4.147340334281937602e-01 4.015851384821341741e-01 4.058433772589578603e-01 4.051618684849796481e-01 4.037286649578597508e-01 4.104801094290110863e-01 4.030816782239551865e-01 4.207278766372901657e-01 4.026105598306983779e-01 4.174162704888162989e-01 4.134860526836873218e-01 4.209941410560184005e-01 4.063000184501255330e-01 4.032143144008288327e-01 4.022784047396586460e-01 4.020744884384632178e-01 4.097912233287013817e-01 4.051765992646714776e-01 4.123766264261488623e-01 4.065716160417156000e-01 4.169065878098604516e-01 4.139718710389536649e-01 4.150367441557751835e-01
-7.683510609357619217e-03 4.089855929182208832e-02 1.506855377708713750e-01 2.242795476456235226e-01 1.747730552193339504e-01 1.000000000000000000e+00 3.505445630208089414e-01 3.173622866743192050e-01 3.708882279879515687e-01 3.636164852654450996e-01 3.788703004399793794e-01 4.365395227952498791e-01 4.189533781680701008e-01 3.175352179496330196e-01 4.259788624925947564e-01 4.491155098769508136e-01 3.696620918492444785e-01 2.807135641252302971e-01 3.333107614344000824e-01 2.450395022458876360e-01 3.319229864103735994e-01 3.776591388856778697e-01 3.538304650342740110e-01 3.153379656142989984e-01 3.517405253999083548e-01 3.887494199426461683e-01 4.064165815901243373e-01 4.093435806154093748e-01 3.545989809782875701e-01 3.920391265726935748e-01 4.472404857791960064e-01 4.302910567388867347e-01 3.952427983641907394e-01 4.115508583818997534e-01 3.738430305545167309e-01 4.446423562764283965e-01 4.423654178921077040e-01 4.444116469062882602e-01 4.528117449969391028e-01 4.647429714623199648e-01 4.748188507620773602e-01 4.753939309775997990e-01 4.747129994391478536e-01 4.712275342098170561e-01 4.567163160837919289e-01 4.660389279873971557e-01 4.817646250003618236e-01 4.750488649271306096e-01 4.744083307761924884e-01 4.568184485159406671e-01 4.598165326355992955e-01 4.618290877797887606e-01 4.573612947818893049e-01 4.554633440949457102e-01 4.455231018084616634e-01 4.642839816603728798e-01 4.433259388155404435e-01 4.693540841812492981e-01 4.537081176484605849e-01 4.701684223363627457e-01 4.754550780383122732e-01 4.384684901927611289e-01 4.400533505577214899e-01 4.581654514768000452e-01 4.689223600489834110e-01 4.640428126886177451e-01 4.718655605200521297e-01 4.568040598040961631e-01 4.525026442663158677e-01 4.444049468717941043e-01 4.702480902121015105e-01 4.720029261430719880e-01 4.507371818029692334e-01 4.575373418878287968e-01 4.677072520127409372e-01 4.724032624995805341e-01 4.660292210976294536e-01 4.466119346708527504e-01 4.690006199705139545e-01 4.607074698800289747e-01 4.636572646825020128e-01 4.722196275094423523e-01 4.712309718945368875e-01 4.569314636886325220e-01 4.651826187093936471e-01 4.660171334595058501e-01 4.786489648439294919e-01 4.734654311006309402e-01 4.740336334939971308e-01 4.753500514920756537e-01 4.767493288315117206e-01 4.850469737359161537e-01 4.787454485777214441e-01 4.793885286782295085e-01 4.849271502979073389e-01 4.812172698360493994e-01 4.784885593884376509e-01 4.619857958709643331e-01 4.828789285482263383e-01 4.783935162625625459e-01 4.836436416820933393e-01 4.677235949393253600e-01 4.784155068401231281e-01 4.828191079517046291e-01 4.772493194165631225e-01 4.614922310669567485e-01 4.786642816928584065e-01 4.756555187865252887e-01 4.697275900362375411e-01 4.777897346964383729e-01 4.737313575679950040e-01 4.762572078914185103e-01 4.711021035765667886e-01 4.723400408495267433e-01 4.781704488249231000e-01 4.709040068028093606e-01
-1.966298509526480387e-02 1.273658147327922097e-01 1.765620355943165465e-01 4.894318154935222709e-01 3.346392486035707492e-01 3.505445630208089414e-01 1.000000000000000000e+00 6.182338377751800396e-01 5.339259008893636471e-01 5.008155281066609676e-01 5.682314964593124795e-01 6.747784285028651796e-01 5.550631180627928485e-01 4.726072596582288621e-01 7.612229723493417755e-01 6.540281299351138333e-01 5.254161962887861081e-01 4.787314833277564463e-01 5.038853521017050419e-01 5.091926455982120903e-01 5.500161157694832825e-01 6.380248584743618556e-01 5.331944669577269869e-01 5.225203943729141987e-01 5.523417112550743635e-01 6.174109118298183319e-01 6.323367693973280801e-01 6.339519373786334233e-01 5.773561147134536053e-01 5.639552053761830441e-01 6.318085158864443773e-01 6.286034307678474153e-01 5.671241951442835827e-01 6.099788711136668873e-01 5.268701910236099906e-01 6.760363603392791632e-01 6.127760141942472094e-01 6.782810659123440500e-01 6.913616786840391937e-01 6.891768397582155314e-01 6.429825591706974652e-01 6.893778837903979939e-01 7.156219873967898382e-01 7.002174205634698056e-01 6.977686154436680832e-01 6.919620840879728840e-01 6.375361132064896186e-01 6.291509373759850421e-01 6.380067575605115060e-01 6.516438827861706917e-01 6.798163235797871629e-01 6.812990748325121748e-01 6.688220903156388841e-01 6.191641006936872138e-01 6.155213447215519551e-01 6.520006631565028465e-01 6.292594575025984849e-01 6.602556913470742916e-01 6.376979489784587729e-01 6.520282288117487113e-01 6.715083779500389261e-01 6.267193039970272439e-01 6.558565079340614723e-01 6.561116642900881590e-01 6.145686995000733122e-01 6.491915422287041215e-01 6.323340006002620139e-01 6.138713664172141815e-01 6.470354556617704533e-01 6.634491286082971895e-01 6.746381012603558380e-01 6.450535933449536019e-01 6.243701664153187281e-01 6.410121604305764054e-01 6.498963614354793528e-01 6.474109048528087218e-01 6.668320733312061988e-01 6.303731087722597159e-01 6.838410312527708479e-01 6.366004211008455815e-01 6.389668146846655405e-01 6.467767422604511207e-01 6.393307661919824803e-01 6.262378442336637985e-01 6.544755340525678644e-01 6.425537927297280127e-01 6.552372980980778472e-01 6.696728465454701018e-01 6.652824819041204263e-01 6.461928938867366190e-01 6.660325087227482177e-01 6.621858783827700989e-01 6.714409555290484777e-01 6.748718616380772195e-01 6.407369058301788378e-01 6.381918467289496855e-01 6.829329147561933322e-01 6.427168811886398991e-01 6.623465956392182719e-01 6.678464138605370026e-01 6.796119422946028665e-01 6.574269869512707754e-01 6.575545798409960785e-01 6.669635823897880345e-01 6.548282589926613939e-01 6.440747497229292184e-01 6.466850423317649366e-01 6.279168875328335897e-01 6.302676993263371941e-01 6.419489661852115781e-01 6.552027931869154331e-01 6.440372093183037716e-01 6.443381268976097198e-01 6.525464691647373527e-01 6.301450808771247303e-01 6.409767967819122170e-01
3.613387882288580238e-02 1.456282322105779126e-01 1.766373942764742355e-01 4.717382946719985148e-01 3.655127855124897240e-01 3.173622866743192050e-01 6.182338377751800396e-01 1.000000000000000000e+00 5.462384842684960828e-01 4.884251884501885632e-01 5.550010208845745918e-01 6.284320837501747858e-01 5.263117941471884276e-01 4.568588885008370570e-01 6.942671404639700894e-01 6.506025362610702301e-01 5.434507230392424670e-01 5.023856827165984473e-01 5.199600074558571317e-01 5.244473631568489225e-01 5.624466917272012978e-01 6.232452611658285679e-01 5.369842754545519625e-01 5.439354478478500843e-01 5.660597983934273492e-01 6.069387849521097333e-01 6.156961688544764222e-01 6.042294618068951850e-01 5.658756201120722640e-01 5.804046154472365382e-01 6.178096945952163965e-01 6.290568796432306486e-01 5.632319048863319022e-01 6.182434271684870142e-01 5.543032418507609638e-01 6.671685756910971099e-01 6.190454108015224222e-01 6.669947043645119145e-01 6.722130742821820215e-01 6.558370578472239032e-01 6.280821884573121183e-01 6.659986413689650275e-01 6.899740108433964902e-01 6.740379331231287630e-01 6.731357069889627454e-01 6.574550662063076700e-01 6.289081986253581835e-01 6.259462624165290645e-01 6.367868362512212332e-01 6.545450714452074603e-01 6.716620731584737047e-01 6.775672764489740763e-01 6.555825543348933193e-01 6.188659554308455490e-01 6.164624903086018959e-01 6.300987680679780434e-01 6.382064071553188445e-01 6.482461164287123268e-01 6.369876782720269581e-01 6.432213709506382493e-01 6.688849924477309195e-01 6.208848544889064014e-01 6.577868478419321985e-01 6.613597534873135730e-01 6.230227693433149083e-01 6.440729119604881037e-01 6.288757551694534875e-01 6.215738159194156287e-01 6.371031590533804412e-01 6.571975067733950571e-01 6.636331054181231481e-01 6.396168971025890659e-01 6.271091099752986731e-01 6.370099139156797374e-01 6.431650667147180700e-01 6.387265104995845100e-01 6.422971810381248314e-01 6.229681148415224801e-01 6.551586589347259126e-01 6.389015532014907794e-01 6.344372050136166674e-01 6.344638836179193886e-01 6.346996491221860159e-01 6.231186218083781814e-01 6.540175645252764847e-01 6.403992684266910373e-01 6.464248730122241771e-01 6.559907733129419771e-01 6.479691909209588374e-01 6.295363486324245805e-01 6.466301868132272590e-01 6.421833406886228168e-01 6.549384739389181309e-01 6.512638592539594651e-01 6.283718612713143914e-01 6.279189925402191008e-01 6.764027844751855367e-01 6.540685973085452742e-01 6.552670960561722824e-01 6.642993698398860225e-01 6.623184709279316129e-01 6.562738382334364351e-01 6.480589175316471273e-01 6.533431550880326455e-01 6.521892526414899693e-01 6.471601584187519629e-01 6.460079540795700126e-01 6.232588470377161682e-01 6.270205516935271062e-01 6.370661086481607116e-01 6.453451574608946029e-01 6.328223641182454395e-01 6.389415562506018942e-01 6.491761290201224499e-01 6.315066938314093381e-01 6.357995899121884342e-01
1.537583799136421070e-01 2.044467162256416726e-01 2.666834721174026201e-01 3.650348921827838433e-01 3.634797509239212632e-01 3.708882279879515687e-01 5.339259008893636471e-01 5.462384842684960828e-01 1.000000000000000000e+00 6.829661461799049205e-01 7.307285410051216346e-01 7.154368111376983030e-01 6.436932817554285036e-01 5.409752284724913540e-01 7.385934471287042280e-01 7.400489694006613384e-01 7.401400372690822849e-01 6.758019901855345513e-01 7.103158507274108802e-01 6.001036946915635495e-01 6.315841715284575830e-01 7.171420281170488575e-01 7.327026911361785855e-01 7.094933260433622380e-01 7.324927361658675196e-01 7.747220854208876073e-01 7.689574051724132886e-01 7.723347911215894257e-01 7.311473411966804559e-01 7.926078324585885682e-01 8.177837105859293576e-01 8.149752818456956760e-01 7.603925772212684064e-01 7.996651222859610941e-01 7.815243257246774489e-01 7.883541519054925173e-01 8.163814600826146961e-01 8.041461539229254329e-01 8.049186813995634626e-01 7.603585672017205699e-01 8.087455813938838611e-01 8.102765498400046340e-01 7.793951772197428296e-01 8.123145130882356568e-01 8.080990514309526196e-01 8.045529981926414775e-01 8.136617958826080077e-01 8.296620828261216385e-01 8.109439864035707934e-01 7.937308439551368222e-01 8.108867764894975849e-01 7.787392769612825338e-01 7.945591690918285543e-01 8.392887642952614469e-01 8.268480579669716946e-01 8.214399364050624097e-01 8.155146172325843379e-01 8.203049511994903176e-01 8.269992748846899389e-01 8.320690826433374543e-01 8.202037500698909911e-01 8.290051518310115330e-01 8.100638232471728539e-01 8.206284878080584155e-01 8.241404983348338265e-01 8.327378243576711858e-01 8.309735233280607369e-01 8.360811991624728101e-01 8.399729556314722290e-01 8.214357684966095974e-01 8.116904647774488835e-01 8.296021872546915921e-01 8.297803757627679744e-01 8.290106203862578349e-01 8.369360060732804474e-01 8.274115585673160744e-01 8.248623024551487992e-01 8.262469918196245766e-01 8.137095430187123446e-01 8.402812414637490512e-01 8.334005931602684880e-01 8.315300506798001257e-01 8.355194725714092385e-01 8.326344140234476221e-01 8.238266147127373262e-01 8.286989776860295143e-01 8.295833588429264438e-01 8.246680116771345492e-01 8.200387925263915578e-01 8.263159872389459482e-01 8.211987262032567347e-01 8.149391922008488720e-01 8.193492186992735737e-01 8.177899007699376277e-01 8.156351795214511480e-01 8.242087355497615953e-01 7.922415397895616884e-01 8.197611944329197264e-01 8.154484037861333690e-01 8.079554974284682833e-01 8.048391751430693519e-01 8.206361991264459199e-01 8.104009530969997765e-01 8.140392938198786066e-01 8.226876186618675701e-01 8.269632051838632369e-01 8.217456552840927131e-01 8.282883100616416083e-01 8.343576754482530111e-01 8.231119399276058957e-01 8.252735995001148073e-01 8.262399690616828440e-01 8.277782793379494519e-01 8.268171791716412145e-01 8.301826472184828942e-01 8.326410054432410446e-01
1.225121531388607132e-01 2.152208512359947146e-01 2.299532711762653225e-01 3.103974128669899635e-01 2.881019903698134321e-01 3.636164852654450996e-01 5.008155281066609676e-01 4.884251884501885632e-01 6.829661461799049205e-01 1.000000000000000000e+00 6.531384319215951528e-01 6.622524182783489088e-01 5.897528152856695849e-01 4.878575018766748150e-01 6.791622082943820082e-01 6.840878620909526253e-01 6.305449502909762360e-01 5.975151071532455171e-01 6.184136592103753882e-01 5.292077082123579634e-01 5.388744430114117412e-01 6.103690756484640989e-01 6.591080765665081609e-01 6.338724395596726513e-01 6.339195714695787798e-01 6.918356125955988922e-01 6.732763791775272511e-01 6.984880627479607140e-01 6.469511796162921158e-01 7.158852012666987452e-01 7.411760476989872615e-01 7.473313213796849430e-01 6.934325175980272649e-01 7.284706077257503409e-01 7.032854255693923307e-01 7.088725367867307892e-01 7.439568622830632361e-01 7.438297051211975042e-01 7.396940665631211997e-01 7.022025902369499750e-01 7.502404598649535794e-01 7.388961875452091377e-01 7.094410594208466758e-01 7.385724353264505604e-01 7.176031766449615379e-01 7.410646684902271186e-01 7.521087467820534167e-01 7.709961987091282776e-01 7.486336775410105115e-01 7.286604852752648354e-01 7.474187568806227588e-01 6.866152301658913215e-01 7.159202132371778049e-01 7.737163999704378403e-01 7.618743444074977944e-01 7.617128816091470744e-01 7.451225390292685047e-01 7.472178632233039686e-01 7.640154584941944993e-01 7.592507275004553025e-01 7.497208691072203557e-01 7.532843947913133720e-01 7.513547250635391750e-01 7.533320946409610697e-01 7.483172124900236977e-01 7.555828443304107855e-01 7.601414319659433039e-01 7.628483880303611464e-01 7.625572876700528191e-01 7.419868318180267153e-01 7.314179157983949908e-01 7.495222601347727442e-01 7.570897784915424644e-01 7.513833272158800813e-01 7.581350198892984338e-01 7.530487863435005869e-01 7.515917578858910542e-01 7.505537698959826587e-01 7.493875976357267099e-01 7.591952767206152641e-01 7.567953485077595355e-01 7.561727455183788749e-01 7.616462790099908231e-01 7.601931505529915256e-01 7.496723977468547906e-01 7.563367506778005955e-01 7.569754840208260394e-01 7.575630547279145199e-01 7.498004405269464989e-01 7.590008660562775900e-01 7.519108691070548467e-01 7.506679300494860652e-01 7.428111100999256200e-01 7.501070790795522081e-01 7.529471795445403792e-01 7.582732201851882792e-01 7.191848472263973058e-01 7.403083764868424455e-01 7.451383265801646560e-01 7.372431301642996537e-01 7.374091785685017442e-01 7.505677652092339613e-01 7.368105487397814679e-01 7.441059310749912337e-01 7.437660913983709099e-01 7.512104164038764242e-01 7.515993827431488583e-01 7.629056661945499140e-01 7.659731132152580724e-01 7.513617331267509192e-01 7.564885697552506949e-01 7.574463258437938995e-01 7.556440663830047422e-01 7.524630642524762214e-01 7.545703365335224566e-01 7.567601986913110590e-01
9.734110558968758764e-02 1.671056564439405701e-01 2.844523601651432476e-01 4.219981481345937979e-01 3.458686861962269044e-01 3.788703004399793794e-01 5.682314964593124795e-01 5.550010208845745918e-01 7.307285410051216346e-01 6.531384319215951528e-01 1.000000000000000000e+00 7.569411615454989528e-01 6.243994289127436925e-01 5.661572336091732494e-01 7.589437191864278898e-01 7.346808232651991233e-01 7.010403791774569848e-01 6.277630606231536792e-01 6.908757278484068953e-01 5.764612221932802205e-01 6.592773287171749264e-01 7.498884618488589338e-01 6.963346661265449322e-01 6.769156568448841949e-01 7.313855122052267399e-01 7.689331066618653177e-01 7.881361318410470274e-01 7.752414391750888090e-01 7.366984523175315047e-01 7.753524715992478056e-01 8.378179745097567022e-01 7.903271527981869937e-01 7.450114997633484615e-01 7.741794427376390564e-01 7.464515316159745506e-01 7.913678869911154878e-01 8.092780908754958480e-01 8.020607148364268246e-01 8.057931482213188668e-01 7.820091971493182692e-01 8.062239850751307113e-01 8.123897370522344952e-01 7.891219090472832987e-01 8.187345999509962891e-01 8.209326388332958135e-01 8.060396708971182544e-01 8.107311925210687331e-01 8.152078245030511816e-01 8.084067295773247341e-01 7.928496880488229426e-01 8.149297550938680024e-01 7.918441749149955911e-01 7.972571183697796382e-01 8.170174183676585100e-01 8.142198622421448206e-01 8.078949724978462532e-01 8.043749973717896351e-01 8.143737539855385732e-01 8.166973875301929420e-01 8.215666404836080572e-01 8.144353708976420636e-01 8.163136393630400223e-01 8.022260341791646043e-01 8.130276762661797774e-01 8.126166756137153113e-01 8.239119324420167700e-01 8.172879993979457192e-01 8.163810204140008464e-01 8.198832878787722933e-01 8.121916086166056647e-01 8.259242760848096720e-01 8.289608427048142936e-01 8.081465713075230983e-01 8.218925932474764329e-01 8.324693749148569522e-01 8.309069867214599059e-01 8.271315666255762977e-01 8.226691411548859856e-01 8.219470022825262623e-01 8.299366482258834221e-01 8.282535658167221593e-01 8.335055616020909941e-01 8.193633700580353896e-01 8.200861278245717978e-01 8.149983376529569279e-01 8.146845675930595165e-01 8.283169918717340208e-01 8.194135849123064252e-01 8.224763287935279443e-01 8.184187082520423262e-01 8.242619761718370519e-01 8.162139606913936252e-01 8.227921827976671931e-01 8.194825010660632403e-01 8.124635202066620154e-01 8.151913613305631356e-01 8.017457830651691930e-01 8.108562962147334297e-01 8.129185522622571769e-01 8.128943179106038475e-01 8.114281484384929799e-01 8.149540985474118537e-01 8.113121874169588743e-01 8.152402733948433955e-01 8.174759404877278701e-01 8.169854551093077566e-01 8.158359170388809201e-01 8.139661209853239487e-01 8.195002663853832026e-01 8.176194532077335486e-01 8.217984354855765172e-01 8.182630370182141233e-01 8.195150298814373180e-01 8.187674671049708364e-01 8.201207674948144399e-01 8.200001731507745584e-01
-1.661150151488251236e-02 1.115562849385598326e-01 2.629605245099974620e-01 5.589368404321602979e-01 3.870243479351100913e-01 4.365395227952498791e-01 6.747784285028651796e-01 6.284320837501747858e-01 7.154368111376983030e-01 6.622524182783489088e-01 7.569411615454989528e-01 1.000000000000000000e+00 7.138826537239453263e-01 6.049267754784273254e-01 8.387692865090282668e-01 8.222075961433727986e-01 6.889648667998525822e-01 5.454328739999279030e-01 6.116606227717122923e-01 5.673181345355249316e-01 6.609698062208447800e-01 7.352413574331242430e-01 6.489389959831334265e-01 6.042071268249377125e-01 6.526698048693452270e-01 7.338010359738392774e-01 7.713971608468663810e-01 7.592544223709123408e-01 6.765924599124800709e-01 7.244613190741410191e-01 8.228552335973025045e-01 8.069201150298148661e-01 7.261643803617071624e-01 7.622523621483675571e-01 6.991680848857335651e-01 8.362095371540838595e-01 7.985442543110220504e-01 8.486731458422122065e-01 8.501964520871967412e-01 8.529228817941491014e-01 8.593181711242982024e-01 8.769989952451524573e-01 8.740688978412420873e-01 8.892782727095360773e-01 8.625718106086810444e-01 8.676873626468697420e-01 8.708069998117816679e-01 8.651060611843616188e-01 8.750078351517632802e-01 8.497256367528399634e-01 8.806120900125758988e-01 8.656741537548777732e-01 8.774013838083204453e-01 8.550268088754960916e-01 8.484481036621589478e-01 8.498760983718712803e-01 8.653855168690175459e-01 8.770393805498132300e-01 8.709398542874816629e-01 8.822561956903042235e-01 8.850136361015085162e-01 8.666409074744380048e-01 8.622195241458063819e-01 8.816069293169485066e-01 8.516446314911449988e-01 8.772625325516959505e-01 8.609172039234204155e-01 8.299314218729040293e-01 8.423180150443381198e-01 8.493777362387920915e-01 8.738194229413257519e-01 8.535290432866569077e-01 8.209762194209049291e-01 8.288246598737717408e-01 8.557719235114507050e-01 8.594686906772194268e-01 8.577449822149876280e-01 8.290018713835471953e-01 8.657677577045389539e-01 8.490931439886187926e-01 8.496558273060211830e-01 8.674700356675826285e-01 8.561031289897533814e-01 8.372214417834967781e-01 8.608463244239517032e-01 8.506183225436478867e-01 8.687796626957452473e-01 8.728108481335805635e-01 8.773823988866428225e-01 8.597913937750253366e-01 8.663714614146286186e-01 8.816233829630981678e-01 8.829083711717062855e-01 8.817097772627553454e-01 8.768343117348748050e-01 8.746723219956527018e-01 8.874665692948283668e-01 8.717046840114306416e-01 8.853891371072027949e-01 8.830870825511636379e-01 8.907129561989631794e-01 8.802423770825537064e-01 8.828271771001742207e-01 8.898067225900098132e-01 8.807477233717625476e-01 8.719858813009837561e-01 8.798330693901015298e-01 8.628716981736336278e-01 8.563711389781828442e-01 8.794622340471666133e-01 8.793925344861548421e-01 8.815436195507541095e-01 8.783943181358065955e-01 8.788704741076929228e-01 8.662184300064731390e-01 8.760369450814396997e-01
-1.806721241456699795e-02 1.100155160991762859e-01 2.204267576971387643e-01 3.999432250956896917e-01 3.724621554821130331e-01 4.189533781680701008e-01 5.550631180627928485e-01 5.263117941471884276e-01 6.436932817554285036e-01 5.897528152856695849e-01 6.243994289127436925e-01 7.138826537239453263e-01 1.000000000000000000e+00 5.170739991651400747e-01 7.232148581360503536e-01 7.308455475147648261e-01 6.200173798327188734e-01 5.235123143226511067e-01 5.593401356394693824e-01 4.928256027456809907e-01 5.381774914252015485e-01 6.113501556904354928e-01 5.967307453422736607e-01 5.628377441492492528e-01 5.855119647276157968e-01 6.309064103041464033e-01 6.506371479300804284e-01 6.559879348807831079e-01 5.849656998365718730e-01 6.453759647452166348e-01 7.089135412558339455e-01 7.239255278572719332e-01 6.460128224650142359e-01 6.940612126784353464e-01 6.354769467985683651e-01 7.338258471841858643e-01 7.160256403693113780e-01 7.456478605448719765e-01 7.468515244852259594e-01 7.286228856552490196e-01 7.479461977366244074e-01 7.643639379370741338e-01 7.631514493930517951e-01 7.729087662217145605e-01 7.474702046762317087e-01 7.637613632336539560e-01 7.685347154726369645e-01 7.685371950487165371e-01 7.675121153384533157e-01 7.506529151096545949e-01 7.608439989886714994e-01 7.433071440591455525e-01 7.565410210676530856e-01 7.520848750677389116e-01 7.389873176183929804e-01 7.498581588679462673e-01 7.457313945477621608e-01 7.624926836426411114e-01 7.594331318273306319e-01 7.712610665194159498e-01 7.762465245646403833e-01 7.519226206768575560e-01 7.534656295298902684e-01 7.688543780755049406e-01 7.544021642485165824e-01 7.639202624027651156e-01 7.683779121391799416e-01 7.501533007074107084e-01 7.520011385328019271e-01 7.451559807972953919e-01 7.563789911530651722e-01 7.585657424324745435e-01 7.437777947787865829e-01 7.401564857856022250e-01 7.532758795121389239e-01 7.583344722922146230e-01 7.512155614615796395e-01 7.311164709183931576e-01 7.564489345047120672e-01 7.518541801842008043e-01 7.531775358420406130e-01 7.615326875228682901e-01 7.653433222573704509e-01 7.464122882909394185e-01 7.589828554606892208e-01 7.628470621807058594e-01 7.690582948500470639e-01 7.676354714607817042e-01 7.693745582253603832e-01 7.617641971768870368e-01 7.629445969114769799e-01 7.735431140266193495e-01 7.701471846200832472e-01 7.721493969964950965e-01 7.752554889844289754e-01 7.748818094410899748e-01 7.653647008702502141e-01 7.615402168948762762e-01 7.777847933811903314e-01 7.703239602988590784e-01 7.805402174896827194e-01 7.702100852734943270e-01 7.682741277001385871e-01 7.768740017387499863e-01 7.755508747835787586e-01 7.589119334727196797e-01 7.746943648954577322e-01 7.688750511920279251e-01 7.637537113408208178e-01 7.736336328027575426e-01 7.713418051842328982e-01 7.737094545661785672e-01 7.702254056953895534e-01 7.745366778304200173e-01 7.704215427998843957e-01 7.686722412981833452e-01
