1.000000000000000000e+00 2.125441948401489423e-01 2.394575859136105489e-01 -2.479367924091422856e-02 1.873476121420790050e-02 -7.633656291647936652e-03 5.297351041283375472e-02 1.118949291675824659e-01 2.099715353314641486e-01 1.125549519662488729e-01 9.437984590073601743e-02 2.964072581979307341e-02 4.138048925848146486e-02 4.039076066156524480e-02 3.815295791706040107e-02 3.423249085102166023e-02 1.529319227337576081e-01 2.758037421344891604e-01 2.178516712250736787e-01 1.511432443605592313e-01 2.350553705658913195e-01 2.408891434439305035e-01 2.382509591558624740e-01 2.343845514306420741e-01 2.145373312173783076e-01 2.044933500557122030e-01 1.951471095120154708e-01 1.869858721136017365e-01 2.313114883416728940e-01 2.207478754040866631e-01 1.938539122520368529e-01 1.610886038444764301e-01 1.491830415402203569e-01 1.381110639722507027e-01 1.388246757960844568e-01 1.128492560444170761e-01 1.242075816358222395e-01 9.892059156300404832e-02 9.830649895924617465e-02 9.605223633283577200e-02 7.584498009488234438e-02 7.788617342115847220e-02 6.256228845543312933e-02 5.878233763166196280e-02 1.008520621370804921e-01 7.303906690302175431e-02 2.293958337188608046e-02 4.897994327427548922e-02 5.759603597150838444e-02 8.611106663946005435e-02 8.437820426080314129e-02 7.892438195566561787e-02 5.024078405565097355e-02 9.488738086116170478e-02 1.064570222855763248e-01 9.413939135003832059e-02 1.195877653970093407e-01 6.368127550888527666e-02 6.044749843701224812e-02 5.729486992431076509e-02 5.146793924032124629e-02 5.812714732584173954e-02 6.032476273009187290e-02 7.004075410191103190e-02 9.770739713473892973e-02 7.906934116058876583e-02 5.085099012029150461e-02 7.739810309175880476e-02 9.904385669007391424e-02 6.421001091959037399e-02 6.993369801677679076e-02 7.832848747957024682e-02 9.872061254073950798e-02 8.283282766359335858e-02 8.983602861495820768e-02 7.569986573327470991e-02 8.227072779220830079e-02 1.192789329079858573e-01 1.034830871487332632e-01 1.043140121336888632e-01 9.616096880047154960e-02 7.943937191717524715e-02 9.023003463432242854e-02 8.634124904015400004e-02 5.548924216384006070e-02 6.077738612266080781e-02 6.097633153625761637e-02 5.243343589165966323e-02 4.883148485598942656e-02 7.716017035282345116e-02 6.276466454096238379e-02 3.456693041857383797e-02 3.812175118630356518e-02 3.560978897145841704e-02 1.032855001325785199e-02 2.258383281154999894e-02 2.475612877988448562e-02 5.157960556945399844e-02 2.603441097323471246e-02 3.486161920065574543e-02 2.165117744455152815e-02 2.659144106460268470e-02 1.807502781070077433e-02 2.355722276411651925e-02 3.813560068359501953e-02 4.572534338445356089e-02 3.020850439395155254e-02 3.997674628199138214e-02 5.839268996774658882e-02 3.145397824956994853e-02 3.099226213121181531e-02 3.193066037279190111e-02 2.695085790509524001e-02 2.958043785566165373e-02 4.366105328843831318e-02 3.907200498449054510e-02
2.125441948401489423e-01 1.000000000000000000e+00 1.644658577219466622e-01 4.470388123825700527e-02 8.693779540009223539e-02 6.746161726231304778e-02 1.206970258907286569e-01 1.679364231647444694e-01 2.437594378576076748e-01 2.230293808725444249e-01 1.980872961009450817e-01 1.334281766688645843e-01 1.513020513783425725e-01 1.587081375045411580e-01 1.744670099411411435e-01 1.507031191068466391e-01 2.060307711807873587e-01 2.841003408394769392e-01 2.323751367495771047e-01 1.390099351848191334e-01 2.001996250858483761e-01 2.206996199561072070e-01 3.164163660146753210e-01 2.766083434887234294e-01 2.257415707532269000e-01 2.486388021428901085e-01 2.426770845696938073e-01 2.486415036876026829e-01 3.167463780656084027e-01 2.623519136780740890e-01 2.633657675744384696e-01 2.679166344194267024e-01 2.284227808591825504e-01 2.518638849197505358e-01 2.240107520556595677e-01 1.786440063201069073e-01 1.993625213715382594e-01 2.188329442949859260e-01 2.072554937566124245e-01 2.085929678840693358e-01 1.935115130604258271e-01 1.856990376131843756e-01 1.813914331155526694e-01 1.774553944288084772e-01 2.042219041850190375e-01 1.929973612261781102e-01 1.678846171485625927e-01 1.816877166732258353e-01 1.855852699366769831e-01 1.847066683658764585e-01 1.998726913106901593e-01 1.329820582563698839e-01 1.610085151099254486e-01 1.973686053436316534e-01 2.012506023017554269e-01 2.187366802600106408e-01 1.888335382131828000e-01 1.859527392258416845e-01 1.931595241161670196e-01 1.737238693820970792e-01 1.767581179677822356e-01 1.737834365027308980e-01 1.728341960623459572e-01 1.719943669873909842e-01 1.788644640197445956e-01 1.739637932862349023e-01 1.820733714456098384e-01 2.033163437449344302e-01 2.288862726451228180e-01 1.688269219646950092e-01 1.842119126552065056e-01 1.877244580960282516e-01 2.258444656580464449e-01 1.954340746765153014e-01 2.011812584427323525e-01 2.005334182407379762e-01 2.077976165888043292e-01 2.498983276004394516e-01 2.268666209166509407e-01 2.083750537799372859e-01 1.996315088565730200e-01 2.051221313865143059e-01 2.136574145647215373e-01 1.931312547046254713e-01 1.873167077048133455e-01 1.963045321790507780e-01 1.841791253357088487e-01 1.876875563352211618e-01 1.851091218083396606e-01 1.944615983122349456e-01 1.907814450400687201e-01 1.725517757352669490e-01 1.736950050760265041e-01 1.730493677546672271e-01 1.609422291674811878e-01 1.628506859636935367e-01 1.571376468618691236e-01 1.586058469383314351e-01 1.601976746350750325e-01 1.735588279885586505e-01 1.656107552458681575e-01 1.571168087358670862e-01 1.516915000021495097e-01 1.620406814077451629e-01 1.561068864505757436e-01 1.510708499897532031e-01 1.685390821045088250e-01 1.744754358164742614e-01 1.848612178051191324e-01 1.671465920696142415e-01 1.671148192230265395e-01 1.626107495123083058e-01 1.585636005022078299e-01 1.565587959652918748e-01 1.636964501052117216e-01 1.560511884974994934e-01
2.394575859136105489e-01 1.644658577219466622e-01 1.000000000000000000e+00 2.894937119733403952e-01 2.081509062827843481e-01 2.219937972958246908e-01 3.782729493542601462e-01 4.075956232831031700e-01 4.484739425579965522e-01 3.796981269317426522e-01 4.470631039485331026e-01 3.970962436402429852e-01 3.758953088979467561e-01 3.629577303555646117e-01 4.033739161124599293e-01 3.770999384616123828e-01 4.225195039927079343e-01 5.494063008856433505e-01 5.144781459553280367e-01 4.266299390254381652e-01 5.729537695227724381e-01 5.426948179874436784e-01 4.817564053824224257e-01 5.262854131951546499e-01 5.232613608898555313e-01 5.135538882991966814e-01 5.170675139557090461e-01 4.918061441934604150e-01 4.929570140441925652e-01 5.239394958722022322e-01 5.035099512579397363e-01 4.939889798090293382e-01 4.776445437818557238e-01 4.857050582668208105e-01 4.845916116456282507e-01 4.464368732959232422e-01 4.779617788187237037e-01 4.422989195317019173e-01 4.489534335711107826e-01 4.457897654897026718e-01 4.249154354365646813e-01 4.312291661390713071e-01 4.195247352456724643e-01 4.123025720800673755e-01 4.538344025004780180e-01 4.236974799133789715e-01 3.816448517036397647e-01 3.910490718108036168e-01 4.160363092780040017e-01 4.540992585894010336e-01 4.406548820111458320e-01 4.328265131136531108e-01 3.845930136473970640e-01 4.161631688013065489e-01 4.288881373776302630e-01 4.440338336328168434e-01 4.334399276233168452e-01 4.073218660547625602e-01 4.028715240836385214e-01 3.902001931748662611e-01 3.960044862011868894e-01 3.971073181396590490e-01 4.026619290214107361e-01 3.996213099674613134e-01 4.258623385417398266e-01 3.981077932253893059e-01 3.906900291023028271e-01 4.348532483725608411e-01 4.562988076863581655e-01 4.390007435772372846e-01 4.417583089654952277e-01 4.377665176763751997e-01 4.645061420451375711e-01 4.441094490408810658e-01 4.417659871850720954e-01 4.311564541193782518e-01 4.300624920463677614e-01 4.440309737913820110e-01 4.601353630624482882e-01 4.547322456804974156e-01 4.586668416031775553e-01 4.317763931348622131e-01 4.375290983829984159e-01 4.462572444743443389e-01 4.357749524693591558e-01 4.319256036801791265e-01 4.290704120694077139e-01 4.164987205570692685e-01 4.143536345818167321e-01 4.221473481932836447e-01 4.338603893499182185e-01 3.992378826717751794e-01 4.037663236973173531e-01 3.966519104606554547e-01 3.711837865376338974e-01 3.739879978125638105e-01 4.092070930307154519e-01 4.125003377075603384e-01 3.891564899164313140e-01 4.141448910406297923e-01 3.952397329930188441e-01 3.957777048923020180e-01 3.751330490453867461e-01 3.840456438785110893e-01 3.990868538370784258e-01 3.989696880078744123e-01 3.889467439295130613e-01 3.870855176589015345e-01 4.078871392347742653e-01 3.825590662568629230e-01 3.878061208090839429e-01 3.769596068758298557e-01 3.802085092118082099e-01 3.827812764618550023e-01 3.859133526709803697e-01 3.844734294340975134e-01
-2.479367924091422856e-02 4.470388123825700527e-02 2.894937119733403952e-01 1.000000000000000000e+00 3.895950773603588102e-01 3.720580942781752665e-01 5.481927004226645472e-01 5.237298155806583422e-01 4.659544257443349879e-01 3.849590508220118168e-01 5.481429662569322625e-01 6.388821256192491749e-01 5.117825692614900168e-01 4.493066159347671729e-01 5.737495182234111368e-01 5.513482517701454588e-01 4.619537876373970287e-01 3.218912059513321378e-01 4.054109639150023092e-01 4.568327291595858375e-01 4.457251285794835427e-01 4.472461586590409377e-01 2.827278166705122775e-01 3.534953923152157063e-01 4.209660398454951324e-01 4.041823472756884139e-01 4.366859402651305788e-01 4.097549721510436727e-01 3.400492271545807466e-01 4.107817722523727233e-01 4.256252971205104485e-01 4.188437623745555061e-01 3.859985366329696244e-01 4.295235358811209658e-01 4.202154074218120150e-01 4.804418366202449775e-01 4.617819614356856173e-01 4.690183152493770935e-01 4.870012441551785365e-01 4.525911525696070248e-01 5.284475612811824208e-01 5.246894173090678182e-01 5.476339384691234491e-01 5.516884458314065265e-01 5.197180127616798373e-01 4.978985614730798703e-01 5.529962334781513000e-01 5.379937555031020224e-01 5.414875592745206356e-01 5.089051266379367444e-01 5.258551356210123817e-01 5.720455616380818453e-01 5.791704177240861728e-01 5.333467973532178830e-01 5.123916778454444820e-01 5.008961498814447078e-01 5.478078096801018981e-01 5.412748827128235352e-01 5.383204312649714218e-01 5.575851766309276591e-01 5.706705463117474064e-01 5.516680198202039698e-01 5.535541280166313971e-01 5.570497884320558812e-01 5.335119676702827496e-01 5.558395269529107230e-01 5.416116583224132031e-01 5.297038870709219749e-01 5.158422677544273194e-01 5.824937222517455604e-01 5.687048085835374467e-01 5.523798619219418837e-01 5.156296897907844956e-01 5.421215931910479124e-01 5.193283038217543224e-01 5.287638586539326058e-01 5.137768345470365983e-01 4.780096530456117154e-01 5.163379259369983432e-01 5.229220639209084531e-01 5.145457184590849220e-01 5.257857284017072308e-01 5.232908282452043425e-01 5.068678408897262511e-01 5.323470011466625573e-01 5.336736107664538098e-01 5.340858022417902529e-01 5.262723361759510388e-01 5.340358571807447552e-01 5.185436059639640938e-01 5.167832441904953722e-01 5.513076767637227205e-01 5.510353336246236466e-01 5.487227376138458235e-01 5.598321133962236296e-01 5.517949934576055204e-01 5.634079286219054739e-01 5.681402718573644872e-01 5.788435944608566475e-01 5.498383289337247515e-01 5.731845175409272519e-01 5.760808489153478318e-01 5.802972656400162688e-01 5.704988799046171177e-01 5.731139276411477690e-01 5.696305389688864906e-01 5.635636693788719231e-01 5.390834492860279159e-01 5.346294110539233646e-01 5.563356811410750113e-01 5.470865774856455976e-01 5.642771468493609222e-01 5.572898589132866398e-01 5.691541576767710220e-01 5.543706987114684903e-01 5.679523369922089282e-01
1.873476121420790050e-02 8.693779540009223539e-02 2.081509062827843481e-01 3.895950773603588102e-01 1.000000000000000000e+00 2.880155025479816389e-01 4.627640196656819249e-01 4.726024388512449215e-01 4.333185935269227573e-01 3.874099420875914412e-01 4.791930887653193527e-01 5.068553162581234117e-01 5.078666455359647225e-01 3.707596056974720167e-01 5.019463180634197164e-01 5.052741553449133782e-01 4.179478929613425486e-01 3.062297727164215444e-01 3.643366488941505166e-01 3.704161293639280927e-01 3.755138404333313584e-01 4.099733455531962001e-01 2.858219277425327332e-01 3.354692839179142516e-01 3.880235294641759536e-01 4.020321841774271987e-01 4.105659832005733034e-01 3.902937987424792698e-01 3.451751061156764777e-01 3.661327086430569144e-01 4.016412721850964318e-01 3.969457464301510696e-01 3.485728682863749039e-01 3.820517566294869272e-01 3.777711270225890261e-01 4.292087414199133866e-01 4.141103705238777799e-01 4.308213065461655167e-01 4.326003210620903427e-01 4.123524300202715542e-01 4.812545157933648121e-01 4.769855116880459822e-01 4.889965329356235069e-01 5.009040949995637870e-01 4.683836236341206716e-01 4.676689493146724552e-01 4.990455443720942519e-01 4.889544165534262521e-01 4.823288531856271266e-01 4.410311388713032965e-01 4.759352267125610547e-01 4.958819041386322568e-01 5.140018370993374441e-01 4.753605595723709998e-01 4.659940345299934950e-01 4.516716771383810225e-01 4.725139944572509521e-01 4.867920225492585184e-01 4.856942703290350050e-01 5.105236376065541704e-01 4.994908897729198882e-01 4.895359753339162956e-01 4.839333596655772674e-01 4.891257800474821393e-01 4.865173300644918819e-01 4.969812378604847036e-01 4.916618069948591740e-01 4.800291984772213638e-01 4.747022944486378737e-01 5.103929498941951470e-01 5.048916083144134870e-01 4.979300460556522756e-01 4.712250386036911931e-01 4.888462649261841042e-01 4.812405424775258456e-01 4.821361750665387746e-01 4.744773326490816512e-01 4.514435002038801881e-01 4.704869222621536617e-01 4.631490923683754812e-01 4.598273614975559309e-01 4.801013486804383001e-01 4.670406969885412263e-01 4.539286527304290386e-01 4.624604043960034994e-01 4.736017914972147635e-01 4.747197780494639141e-01 4.744975869282453407e-01 4.777625712498307919e-01 4.731648076814921611e-01 4.664020659853558293e-01 4.961024587831376897e-01 4.940092668856874702e-01 4.945490397752228540e-01 5.010247568070756996e-01 4.969293316120213522e-01 4.774846839126892228e-01 4.785628963460545338e-01 5.001186609014035556e-01 4.836377630924374449e-01 5.006139657909749463e-01 4.939105967818709364e-01 5.127236738927136717e-01 5.072999530617241515e-01 4.985903219136333941e-01 4.833619530166115563e-01 4.953306926787118258e-01 4.928937474976019528e-01 4.851220670371778065e-01 4.969029726832774885e-01 4.872759237744357930e-01 5.060310719333560581e-01 4.928248276417173113e-01 4.951559888504747931e-01 4.946125031805092553e-01 5.041121471989733482e-01
-7.633656291647936652e-03 6.746161726231304778e-02 2.219937972958246908e-01 3.720580942781752665e-01 2.880155025479816389e-01 1.000000000000000000e+00 5.576083082661574819e-01 4.763906181404323203e-01 5.037969308309572236e-01 4.821222779279205617e-01 5.475041929189582435e-01 5.602874868757681259e-01 5.117793463067349391e-01 4.607067980214196723e-01 5.998191703343966896e-01 5.713088298543406163e-01 4.953084825579209816e-01 3.777268510206280294e-01 4.694931038243938537e-01 3.591487955865691473e-01 4.172247097672137639e-01 4.849080614967373193e-01 4.120948705210878416e-01 3.976782461530274371e-01 4.737007431024251591e-01 5.185747756088130433e-01 5.305339475864283560e-01 5.217686436303429209e-01 4.544336659568280479e-01 4.880377486795822728e-01 5.254036443851960447e-01 5.220240819571020374e-01 4.892413509432910201e-01 5.185827420416239120e-01 4.888111299766882412e-01 5.502481254350285456e-01 5.432386223203607978e-01 5.671712741580090533e-01 5.683477838726923581e-01 5.527340472240108715e-01 5.924162880709402668e-01 5.932126900468748243e-01 5.865341238107668609e-01 5.995515680588451302e-01 5.803452409388896172e-01 5.788070417433520687e-01 6.037643199911193470e-01 5.960293143733103038e-01 5.919429722317598452e-01 5.686328808717129313e-01 5.796192507306392461e-01 5.798162386088986375e-01 5.878462994289235244e-01 5.799534646600248422e-01 5.701697067039013245e-01 5.782713763348927838e-01 5.633000745729773717e-01 5.889002252297069750e-01 5.845157018158807505e-01 5.932722310111189223e-01 5.889795521932326139e-01 5.862027983422669619e-01 5.845013640369929320e-01 5.843570191807911929e-01 5.788349866479833850e-01 5.750636500600099232e-01 5.985788267927339978e-01 5.848236508763935415e-01 5.802598989016791720e-01 5.749144367419538604e-01 5.967922692538809581e-01 5.949760089215208048e-01 5.654685321570196432e-01 5.847243393422174584e-01 5.963403026264820772e-01 5.952048701326839719e-01 5.898396199797084627e-01 5.631105066817960747e-01 5.864891506555434120e-01 5.818354108915453349e-01 5.803550834019544080e-01 5.919990517663221707e-01 5.886875907082523840e-01 5.750464593779478495e-01 5.933022143318753550e-01 5.936853587173894775e-01 5.956491490238541298e-01 6.011617897161757318e-01 6.007777173971208251e-01 5.903894272727214787e-01 5.950867440803236930e-01 6.063193927861472154e-01 6.016538100767689912e-01 6.033816774856480825e-01 6.043569650472447874e-01 6.015538540742882967e-01 5.953367611538060711e-01 5.847332942810630207e-01 5.996278282256837233e-01 6.046126132158597954e-01 6.058770614026787182e-01 6.022579090503648036e-01 6.020710450125476010e-01 6.053580279686040511e-01 5.983667108615547958e-01 5.829622230322538678e-01 5.994245317713946530e-01 5.977243752574014080e-01 5.954761816137980057e-01 6.028667115227428486e-01 5.989643274125924233e-01 6.018550142379701651e-01 5.971495948634927275e-01 5.975820615976188410e-01 5.994155197356352271e-01 5.932934335348413191e-01
5.297351041283375472e-02 1.206970258907286569e-01 3.782729493542601462e-01 5.481927004226645472e-01 4.627640196656819249e-01 5.576083082661574819e-01 1.000000000000000000e+00 7.065276023636652969e-01 7.067140622868937072e-01 6.407889623591466188e-01 7.700795431636011656e-01 7.955170726495554012e-01 7.333031585724740786e-01 6.613544298769421514e-01 8.423558625366690533e-01 7.920049599289339382e-01 7.032120774647890871e-01 5.794730481877563566e-01 6.753254490200414351e-01 5.914361405469069632e-01 6.497795859941196683e-01 7.047768850698801213e-01 5.628228949416681504e-01 5.812888522880133024e-01 6.863095019003735420e-01 7.266152894609054780e-01 7.433292825144421911e-01 7.399900014050624364e-01 6.425526108735198916e-01 6.897628157989614817e-01 7.463227646247948543e-01 7.218319679526804533e-01 6.727384264876258291e-01 7.040941571723562387e-01 6.856421919527792008e-01 7.479876633868906000e-01 7.584293356164365507e-01 7.769344379185293414e-01 7.783781255690257472e-01 7.617756336395475891e-01 8.050173202160068042e-01 8.195109702002078000e-01 8.067975792775158306e-01 8.234562027871368262e-01 8.084572512083771922e-01 8.053195132235853038e-01 8.097907371574363244e-01 8.069643183492782867e-01 8.043676792460061620e-01 7.780346739961484515e-01 8.040078430118329234e-01 8.078787291766702516e-01 8.105496925139136222e-01 7.889168126103999201e-01 7.843228039625493864e-01 7.861325133726991821e-01 7.863662039748883226e-01 8.086945718572731145e-01 8.006157588954319060e-01 8.138965757745644236e-01 8.031970286878680199e-01 8.039902052203622418e-01 8.042093893243803526e-01 8.012911894156086179e-01 7.980098302251177333e-01 7.927260353733848186e-01 8.085144363397278600e-01 7.978096747944861677e-01 7.917181692361946466e-01 8.172242262359279419e-01 8.162813512863159593e-01 8.138638167350561448e-01 7.793751227054978026e-01 8.008964861729137574e-01 8.098291463609982310e-01 8.138340801784057499e-01 8.092807399436947602e-01 7.696370644467731559e-01 8.073616300270402002e-01 8.022747395032177042e-01 7.991488190230311428e-01 8.089678213676244622e-01 7.966273544235585868e-01 7.845961212300928134e-01 7.951461827427311890e-01 7.963859331373468464e-01 8.095163575435958547e-01 8.125635585597372756e-01 8.071680550380263552e-01 8.037968788665152964e-01 8.102510880757896050e-01 8.225394554474825259e-01 8.171348782415688294e-01 8.219472327434620418e-01 8.102214033987782393e-01 8.080946307638398052e-01 8.042438672003824340e-01 7.916612396191771150e-01 8.134797755807372521e-01 8.140886921487897609e-01 8.181924146408726672e-01 8.146149300932262749e-01 8.152774631279272599e-01 8.185706400696672880e-01 8.103926850652605207e-01 7.984017543508962200e-01 8.097127386071191202e-01 8.044254691387756617e-01 8.057355855575261128e-01 8.148045493574450626e-01 8.113031559096219869e-01 8.135718969351278806e-01 8.072550412541442677e-01 8.056630041462097269e-01 8.040008307311969915e-01 8.051565516942773559e-01
1.118949291675824659e-01 1.679364231647444694e-01 4.075956232831031700e-01 5.237298155806583422e-01 4.726024388512449215e-01 4.763906181404323203e-01 7.065276023636652969e-01 1.000000000000000000e+00 7.002871738538227753e-01 6.095675276841167056e-01 7.341685834305144986e-01 7.487546326387780615e-01 6.985012973878536036e-01 6.155728223970633461e-01 7.645565422655578036e-01 7.706284208053831852e-01 6.739709235550015443e-01 5.819506142162824691e-01 6.519597282211654354e-01 5.823431057788135412e-01 6.495758809286552582e-01 6.810052459798754398e-01 5.635434361923772340e-01 5.701092641689625706e-01 6.482741883505696023e-01 6.975140725320156943e-01 7.012044186752748320e-01 6.883106112740654536e-01 6.322135821710419545e-01 6.628131225690936379e-01 7.030141200499815390e-01 6.958951907478396759e-01 6.448902523379581586e-01 6.745345661281962890e-01 6.658657820007550798e-01 7.139745985982645093e-01 6.979646441192179918e-01 7.405549829655845295e-01 7.363861889050221654e-01 6.988945475482992720e-01 7.499440312364095140e-01 7.584670949191851808e-01 7.506486090606010464e-01 7.613860031923220806e-01 7.439995423899895544e-01 7.447346586215031206e-01 7.580040668093377398e-01 7.541494645167471367e-01 7.734662268639266314e-01 7.484020235557213852e-01 7.647932959216190429e-01 7.561794510528143665e-01 7.630040323849364148e-01 7.619081204019917397e-01 7.549603985280058938e-01 7.513843488381154456e-01 7.745812627905874770e-01 7.623757003496545170e-01 7.713598548805016275e-01 7.626056687321669525e-01 7.708946597940202761e-01 7.658781936580237870e-01 7.740022594918049004e-01 7.715704828455894893e-01 7.597014635406733607e-01 7.624999136474337469e-01 7.562554357407021977e-01 7.547924056394351711e-01 7.519207577196921344e-01 7.697798451867576830e-01 7.698780191048065769e-01 7.677899470317823827e-01 7.359410632121919926e-01 7.550899001906047348e-01 7.615779587645533644e-01 7.600019202877791313e-01 7.559932588998853342e-01 7.390704912920501579e-01 7.545700737564440264e-01 7.555002089727199666e-01 7.511552738753226599e-01 7.588162058229804829e-01 7.553385508381995628e-01 7.420712884866063064e-01 7.538563656399278612e-01 7.523622689079105808e-01 7.499180210885160180e-01 7.631586315286330580e-01 7.576491060073620165e-01 7.590168735589688520e-01 7.489203720908701456e-01 7.629408706366719306e-01 7.579814751481577240e-01 7.607704936503683069e-01 7.563283768475607127e-01 7.540650840804631327e-01 7.695697581124086861e-01 7.701638011453195709e-01 7.713117521064846160e-01 7.674396319366376673e-01 7.677647294586629201e-01 7.760092643932848810e-01 7.613178597262009184e-01 7.643185315641585209e-01 7.684263786153828768e-01 7.709994988580618491e-01 7.691758346085365572e-01 7.534133518410517372e-01 7.634915079692367046e-01 7.624170595255117533e-01 7.640175778593844003e-01 7.604296050547011410e-01 7.648457157188738309e-01 7.684510042026229115e-01 7.564312494987213142e-01 7.614653530131004766e-01
2.099715353314641486e-01 2.437594378576076748e-01 4.484739425579965522e-01 4.659544257443349879e-01 4.333185935269227573e-01 5.037969308309572236e-01 7.067140622868937072e-01 7.002871738538227753e-01 1.000000000000000000e+00 7.469060726599342503e-01 8.166515507181908440e-01 7.908347260107880805e-01 7.694564364721203642e-01 6.999090059164564392e-01 8.367471255964614718e-01 8.259253866497753283e-01 7.978806543573973009e-01 7.092470683683337329e-01 7.786873457675306254e-01 6.021807831712108205e-01 7.366945351479592397e-01 7.906878809703624666e-01 7.370188270537968434e-01 7.133896069201105528e-01 7.728862061486162505e-01 8.359128770761684590e-01 8.369533606057963926e-01 8.368602085604205376e-01 8.017547483905496097e-01 8.261366718686349309e-01 8.573538335456083459e-01 8.440875612185356758e-01 7.777456576081928086e-01 8.089536588170436193e-01 8.122924778309617011e-01 8.259247054033697077e-01 8.311905635351681809e-01 8.465265986859542569e-01 8.557459200781871722e-01 8.119380403909858268e-01 8.687702920012169150e-01 8.626845409749802629e-01 8.423756995558518978e-01 8.650023103083879228e-01 8.651025340203851721e-01 8.571746947071322564e-01 8.606725413448429451e-01 8.718646973535871814e-01 8.654572636040659406e-01 8.334656603346523029e-01 8.642979051940975488e-01 8.333801166252413628e-01 8.511695135023746861e-01 8.787377847542046094e-01 8.751377054259723565e-01 8.711948382582405115e-01 8.666766789647893932e-01 8.702758670013229780e-01 8.658788507821759683e-01 8.733935345753467416e-01 8.651987082849701416e-01 8.698091484692477282e-01 8.665195316256866231e-01 8.696325028104651134e-01 8.771114317914936453e-01 8.674550074559517210e-01 8.681117499038940588e-01 8.805039378487906632e-01 8.815504979147358311e-01 8.592037194077236650e-01 8.751113433341091152e-01 8.793375003176403526e-01 8.692329788106952781e-01 8.718822220973795334e-01 8.822870193712821774e-01 8.806946304219565036e-01 8.775165285527126713e-01 8.799762472097235610e-01 8.755808474989229540e-01 8.792630662736812264e-01 8.767842185771045349e-01 8.835252036023351074e-01 8.754064652856348161e-01 8.718167566641724653e-01 8.601712736735600551e-01 8.701674081162992236e-01 8.634689448025582026e-01 8.713416394644961649e-01 8.686474985908807511e-01 8.796969905752106689e-01 8.645136923799465745e-01 8.661411262575032799e-01 8.666353569384873667e-01 8.656899815147084398e-01 8.579925175714194774e-01 8.632820086945093285e-01 8.468373073911993343e-01 8.509051373203433410e-01 8.568569738219815601e-01 8.611339741614344456e-01 8.559150760896964139e-01 8.571486303504272097e-01 8.533197611236951197e-01 8.622584455028707850e-01 8.621877588057778041e-01 8.548694941602453801e-01 8.645987461183775036e-01 8.724810184559573800e-01 8.765422976415749856e-01 8.649297418475476729e-01 8.604431996106983727e-01 8.649383177993292815e-01 8.629021484692417365e-01 8.613496905494965050e-01 8.684310457687459683e-01 8.634954317696559301e-01
1.125549519662488729e-01 2.230293808725444249e-01 3.796981269317426522e-01 3.849590508220118168e-01 3.874099420875914412e-01 4.821222779279205617e-01 6.407889623591466188e-01 6.095675276841167056e-01 7.469060726599342503e-01 1.000000000000000000e+00 7.405242127908986394e-01 7.196821556871685344e-01 6.891192875812478524e-01 6.518173933062985093e-01 7.702878112659552468e-01 7.590865829254733743e-01 7.072463448293081489e-01 6.318337900263457652e-01 7.038142806313097966e-01 4.845143941332181736e-01 6.283108079255965706e-01 6.875539403947014128e-01 7.047359234191636901e-01 6.513410615208174992e-01 6.911824901094221207e-01 7.641762715003951323e-01 7.602230728845348340e-01 7.766021849205754224e-01 7.391001641752688034e-01 7.469841264885466181e-01 7.824923538660604194e-01 7.884912121020508646e-01 7.305981171939143204e-01 7.573566753394446183e-01 7.540572630605854032e-01 7.584334188952948086e-01 7.730257896862406941e-01 8.021096479250313660e-01 7.977202795719264827e-01 7.798218513559433962e-01 8.116661523500137143e-01 8.064460773417574391e-01 7.847584340977545869e-01 8.051306364548178607e-01 7.996602931901207745e-01 8.023431703540189197e-01 8.019430371619777898e-01 8.131193021627293183e-01 8.043169528550362379e-01 7.738032397665643991e-01 8.031951818973375179e-01 7.413202742028852654e-01 7.745435521403722934e-01 8.002210410508133753e-01 7.995012569377712985e-01 8.155066220256615983e-01 7.723809539052826079e-01 8.072157653164383495e-01 8.017724602567182224e-01 7.990175631944762547e-01 7.950876251601074474e-01 7.979401796896735677e-01 7.926022450419654142e-01 7.870016588304565852e-01 7.907232441892110275e-01 7.779914163076637745e-01 8.069456614656206339e-01 8.172504323764595568e-01 8.199858093908382051e-01 7.761738979961946283e-01 8.018545799568796983e-01 8.095734140063793882e-01 8.046554988750029835e-01 8.065170617324843860e-01 8.176527695121484918e-01 8.180285001516502952e-01 8.192118909203374155e-01 8.195509386886264958e-01 8.145506942966556085e-01 8.128563141825446703e-01 8.117464300086533191e-01 8.174923227376662549e-01 8.171302264959587891e-01 8.089893715618933223e-01 8.035862461395402168e-01 8.124934886066291773e-01 8.071253026573524947e-01 8.184398668275869593e-01 8.121563556437949583e-01 8.190584362700443766e-01 8.154604604727899719e-01 8.115403411683491663e-01 8.109961023061744712e-01 8.123232671071218824e-01 8.018272753739776881e-01 8.065120357959654207e-01 7.865308292231674159e-01 7.746542850237883027e-01 7.943676920492230842e-01 8.082780935374831444e-01 7.987707572684629165e-01 7.931345115170126414e-01 7.880382728759499633e-01 8.010889704786507970e-01 7.912301950468979550e-01 7.770119474961882933e-01 7.993113230923714063e-01 8.118047845533337137e-01 8.165381375768513417e-01 8.067289314146697254e-01 8.068094794894198341e-01 7.998582040793791315e-01 7.980623458867841524e-01 7.910058344359586213e-01 8.006123424264087740e-01 7.886503683202121806e-01
9.437984590073601743e-02 1.980872961009450817e-01 4.470631039485331026e-01 5.481429662569322625e-01 4.791930887653193527e-01 5.475041929189582435e-01 7.700795431636011656e-01 7.341685834305144986e-01 8.166515507181908440e-01 7.405242127908986394e-01 1.000000000000000000e+00 8.572809362005642253e-01 7.874138894270352740e-01 7.271778302964365670e-01 8.760016648742650069e-01 8.520694993246585858e-01 8.003899338102962169e-01 7.153918672748150742e-01 7.915968622862940007e-01 6.479478769849505992e-01 7.685613645698714524e-01 7.993127330306771805e-01 7.296325765248821149e-01 7.284579646131345010e-01 7.835887223337264507e-01 8.292054519872370522e-01 8.439081459514991002e-01 8.383657536015736156e-01 7.910295519070162928e-01 8.132114492170524622e-01 8.516402642677473045e-01 8.531343957910098030e-01 7.990216766273403604e-01 8.338188442743356132e-01 8.222734271109282123e-01 8.502927419930178532e-01 8.576249812194792765e-01 8.683575814145558791e-01 8.764247169712573449e-01 8.491958298371713454e-01 8.943941392049288286e-01 8.913354585210795378e-01 8.790575149290822399e-01 8.982187121429521248e-01 8.951064441340235156e-01 8.843510180390415920e-01 8.888771777160046073e-01 8.912491319180841920e-01 8.927270486049661002e-01 8.607871035706932128e-01 8.882851996498044578e-01 8.683295649139952666e-01 8.801572873387587537e-01 8.890258932052120810e-01 8.851087864897226876e-01 8.911958919556187686e-01 8.791206741828794247e-01 8.928349314056039931e-01 8.886790987807796638e-01 8.926385404752380515e-01 8.886579895169123278e-01 8.920749217172075918e-01 8.911958092739218351e-01 8.861650554172084693e-01 8.893595164678442799e-01 8.826416112599537733e-01 8.930664094190420288e-01 9.044574959396814995e-01 9.039307251472467053e-01 8.996436466984285563e-01 9.084981424408977713e-01 9.069112218223733812e-01 8.950413603961143716e-01 8.991572917851006208e-01 8.997656305378577413e-01 9.020023833323782547e-01 8.960500499470913649e-01 8.900177821809769352e-01 8.991885783653720265e-01 8.976130692427906066e-01 8.975761479527933906e-01 9.010347529401050437e-01 8.988887403619875149e-01 8.903085494150623225e-01 8.910117514886402024e-01 8.987362247003934934e-01 8.976634565843516489e-01 8.973425521896608581e-01 8.975149850365886639e-01 8.985731687664771927e-01 8.942482599818259992e-01 8.975361588145901459e-01 8.984506110268907220e-01 8.982138357966397146e-01 8.886384535379653338e-01 8.894818795525870625e-01 8.819073645207355927e-01 8.775673413148965540e-01 8.893651700408865546e-01 8.935340660011145131e-01 8.950210408704236675e-01 8.936597692104998325e-01 8.876384809544063392e-01 8.935219847235577051e-01 8.927744774926260618e-01 8.822891645766929303e-01 8.926466150835294933e-01 8.939956367049788355e-01 8.969840200897374327e-01 8.917115764570612280e-01 8.919531813166117207e-01 8.913449457572265588e-01 8.907854636019227890e-01 8.876753767441257770e-01 8.904959072066899184e-01 8.874798611853085273e-01
2.964072581979307341e-02 1.334281766688645843e-01 3.970962436402429852e-01 6.388821256192491749e-01 5.068553162581234117e-01 5.602874868757681259e-01 7.955170726495554012e-01 7.487546326387780615e-01 7.908347260107880805e-01 7.196821556871685344e-01 8.572809362005642253e-01 1.000000000000000000e+00 8.104353907364860721e-01 7.318248616476923374e-01 8.965432730196669642e-01 8.817699970641823537e-01 7.796312570447931911e-01 6.225749956511406058e-01 7.273443361742718549e-01 6.533778547656972080e-01 7.061353549444447930e-01 7.479827837368038246e-01 6.232229441386777369e-01 6.341476992342656160e-01 7.257189628266170756e-01 7.694678321766773577e-01 7.964058184315301325e-01 7.851536888576314821e-01 7.060565687931514844e-01 7.551070857284700732e-01 8.023809642876623682e-01 7.949527002911924711e-01 7.295996013753878184e-01 7.737039560404466165e-01 7.621069441710209835e-01 8.285271904071408455e-01 8.199713747475285697e-01 8.401777449668121900e-01 8.561944305681047362e-01 8.165199193029187841e-01 8.943604243843189527e-01 8.894889622371805471e-01 8.863911065289745705e-01 9.097701595822613729e-01 8.846888213729210415e-01 8.741615810330205516e-01 9.099189007756686154e-01 9.052254916500352966e-01 9.006722695536379941e-01 8.510282719545354535e-01 8.833942344851006823e-01 8.931139551295869117e-01 9.117710806495322728e-01 8.904998557623451383e-01 8.801821063021290081e-01 8.744393301072469482e-01 8.888999001108872644e-01 9.026693410948644081e-01 8.971667411364115940e-01 9.140665165449890495e-01 9.120869084253123704e-01 9.101223970623725235e-01 9.063133396196337843e-01 9.058073264582607864e-01 8.965209290278675081e-01 9.023352572978565744e-01 9.080543816127938372e-01 8.968135765918202607e-01 8.851697306559126455e-01 9.143081874010351440e-01 9.141820688133092121e-01 9.098452628340717441e-01 8.702537212548652201e-01 8.952131991142229239e-01 8.932570370143864125e-01 8.989619761857543523e-01 8.890306181783287354e-01 8.619189791677179802e-01 8.831114674967378564e-01 8.870769397680338120e-01 8.822735330347761806e-01 8.979733235336206931e-01 8.893940943304903257e-01 8.683609319444383079e-01 8.837418190659958039e-01 8.931716641398503853e-01 8.970576556795817336e-01 8.961301105222256869e-01 8.998139911089457765e-01 8.936980344701699330e-01 8.846692142001008063e-01 9.122661356825697565e-01 9.109930329251403336e-01 9.118890425013562728e-01 9.132924368080710398e-01 9.118607497134990636e-01 8.950617969461136525e-01 8.953105438439495911e-01 9.141562875753150852e-01 9.009676090134313142e-01 9.136202751709563419e-01 9.145428089124467697e-01 9.176088876684580509e-01 9.192528176680263563e-01 9.149940145834588590e-01 9.052755757702302120e-01 9.119027820180779509e-01 9.048162262785974796e-01 9.017775002851318167e-01 9.135214423994734156e-01 9.067206411910764263e-01 9.165986222916814308e-01 9.136503224924740207e-01 9.134387768544478536e-01 9.107114724152206575e-01 9.150055165346977493e-01
4.138048925848146486e-02 1.513020513783425725e-01 3.758953088979467561e-01 5.117825692614900168e-01 5.078666455359647225e-01 5.117793463067349391e-01 7.333031585724740786e-01 6.985012973878536036e-01 7.694564364721203642e-01 6.891192875812478524e-01 7.874138894270352740e-01 8.104353907364860721e-01 1.000000000000000000e+00 6.784891658356598798e-01 8.323452853032126120e-01 8.432467816066198107e-01 7.393006593180900810e-01 5.956400374677421894e-01 6.971738390742576730e-01 5.948720630387324126e-01 6.653130128183186720e-01 7.155611850325594991e-01 6.123699447811432606e-01 6.025963180371830541e-01 6.959400072075515586e-01 7.546270919476700811e-01 7.531628717906970749e-01 7.491620285284058545e-01 6.799424162298451924e-01 7.246924585965324184e-01 7.718090448963714767e-01 7.637751172289437562e-01 6.869560846324381798e-01 7.303064343925769197e-01 7.250817257650492564e-01 7.935516864979159646e-01 7.734295348524811153e-01 8.013174840792304243e-01 8.107728796520378145e-01 7.652655938045624939e-01 8.443114282598824794e-01 8.395005135351404357e-01 8.288542893793584554e-01 8.551989843756617748e-01 8.308380034667944836e-01 8.287711406425591898e-01 8.552038492533018399e-01 8.547137334145953336e-01 8.529640692985367423e-01 8.096326355816796383e-01 8.354132841720876002e-01 8.343876175214793856e-01 8.475572832823832226e-01 8.390932809110370760e-01 8.312709285464130460e-01 8.234544358938842290e-01 8.316243715912792211e-01 8.482726336710468829e-01 8.410898625947513807e-01 8.621656026327865208e-01 8.533315048587120089e-01 8.510801602291383494e-01 8.466793425071230672e-01 8.524808105139554115e-01 8.502535180799518644e-01 8.513516816915210894e-01 8.536997411746589659e-01 8.480270124699352818e-01 8.386695845292371221e-01 8.551050675977180937e-01 8.557754140592167547e-01 8.567281758739825337e-01 8.225476040039476633e-01 8.455099135998830340e-01 8.506810062544160056e-01 8.495685660100185110e-01 8.450875823777235230e-01 8.218938130772429629e-01 8.361743198060964666e-01 8.367797737840432237e-01 8.311439976023533571e-01 8.514381274659341692e-01 8.418392232463467462e-01 8.241867613255546843e-01 8.360490573300471961e-01 8.409064810489184083e-01 8.406160132027584719e-01 8.481492951142005632e-01 8.489569555563948322e-01 8.476595968987804541e-01 8.362716300406942693e-01 8.575649534767134652e-01 8.548058007238870104e-01 8.566022640751210782e-01 8.586080842212323594e-01 8.599494577463753231e-01 8.407726966121360501e-01 8.461048448601102834e-01 8.547459751715517084e-01 8.520501946574575713e-01 8.532320863847349113e-01 8.556037436990558964e-01 8.577238480832514167e-01 8.618152945876864646e-01 8.616731843369968002e-01 8.460421518492897697e-01 8.605942662411150135e-01 8.590446725399581984e-01 8.537278802774852515e-01 8.583048004806829168e-01 8.506581246386750728e-01 8.638949817344413473e-01 8.552925378535759515e-01 8.591037196814260701e-01 8.574874730201124118e-01 8.602825202505719471e-01
