1.000000000000000000e+00 2.702695808277195272e-02 1.075437556212576196e-01 9.680964344428083512e-02 1.069767173696625079e-01 1.195823130273596969e-02 1.310804330440170917e-01 9.329469349733314487e-02 1.296005394960010604e-01 1.731728128207290357e-02 3.359925237287891137e-02 1.360066333941854777e-02 7.764495861398922061e-02 3.025941305046311869e-02 4.050684806520117587e-02 9.474678426808855192e-02 8.689016696295451259e-02 1.635341727097385234e-01 1.329135465457349230e-01 8.889368234027812676e-02 1.389693669810773691e-01 1.305068634928304994e-01 1.851546638194275229e-01 1.361567461076663155e-01 1.549964322740939038e-01 1.698152622269391843e-01 1.191004768990511775e-01 1.289639569903386629e-01 1.770424825989606599e-01 1.608400547351996612e-01 1.332072771451849047e-01 1.195791157766639690e-01 1.574957982994570904e-01 9.971189896100511596e-02 1.312751664327516388e-01 9.686174398884601910e-02 9.935164459240002077e-02 6.600546334597977294e-02 8.496928627136214607e-02 8.707661933038861324e-02 5.088395000911966753e-02 3.291235071550104030e-02 4.847414676868531946e-02 6.286400082106353981e-02 8.176426590181808118e-02 9.258605663893079707e-02 1.384669790327319391e-02 1.702164882597968429e-02 3.323723091301691857e-02 7.594079884029503180e-02 4.419222426975059903e-02 1.986189942115878723e-02 4.333017805967907116e-02 5.056977024297469592e-02 7.612036822368173361e-02 8.875716060165754484e-02 7.287932008328559808e-02 3.011633091725144859e-02 4.850817531874822286e-02 4.040391535380516430e-02 3.506966965138336861e-02 5.106581456225638832e-02 4.292391323300311784e-02 4.886308703156179434e-02 4.100951500848735998e-02 3.558090310371472831e-02 3.061954993738153982e-02 5.042659163257528360e-02 6.781470119557780896e-02 4.995546835662811880e-02 5.441776396723767978e-02 4.908764485928321375e-02 5.131190360568903958e-02 5.472571153738538252e-02 5.945078923870782822e-02 4.305058305964536841e-02 5.525610236598764435e-02 7.398473197239310850e-02 6.615943857140264839e-02 5.840485828706799831e-02 6.482834153584991765e-02 5.361759504390418984e-02 5.537078430043703564e-02 6.319269029781353353e-02 4.711540778158771620e-02 4.302307663522119546e-02 5.328658771205022765e-02 3.357499743990403906e-02 3.566451837115890144e-02 3.982508922332870377e-02 4.760463286853262171e-02 2.525378111019206326e-02 4.433543067958812395e-02 3.907890336517899632e-02 6.102740798049559323e-03 1.293942364043044850e-02 9.266216065136461191e-03 3.957994944049056385e-02 2.004953328337355511e-02 2.201097442261893550e-02 1.537185129872186209e-02 1.350112258911185040e-02 1.880911032318981213e-02 1.267374506671193994e-02 2.282614862700834898e-02 3.063590316021439289e-02 2.144335122383149439e-02 2.777886513728240400e-02 3.001088737695085940e-02 2.507371346980748206e-02 2.646128557870487674e-02 2.297633116160674796e-02 3.315954865903034121e-02 2.771604535771626798e-02 2.962796941396467557e-02 2.021752091540789456e-02
2.702695808277195272e-02 1.000000000000000000e+00 2.397268369679795164e-03 3.976677562896269169e-02 2.573866066220900639e-02 9.162352552970209896e-02 7.970071050116828149e-02 9.683141805471565111e-02 1.331413994509133003e-01 1.330502060380354123e-01 1.183584871391621107e-01 1.127408993886601790e-01 9.186573203967905721e-02 1.248043806497075026e-01 1.135872937584104375e-01 1.243142369082141929e-01 1.323769522272974786e-01 1.097451703522694944e-01 1.209692295349573538e-01 4.290033382080433999e-02 7.162270887624246074e-02 1.019008381141900260e-01 1.217259923004255923e-01 1.086560840257699140e-01 1.048123932409514847e-01 1.351532214106447027e-01 1.166088459891504586e-01 1.148425549181590205e-01 1.182594968033373189e-01 1.292247728268042239e-01 1.268215307849850093e-01 1.364181364801813345e-01 1.276263569312911239e-01 1.239439743424519680e-01 1.292769542558603324e-01 1.161562312202345515e-01 1.234494913528576543e-01 1.338413937031166512e-01 1.230852662659683988e-01 9.983743467186616261e-02 1.285148086942545231e-01 1.224398182867235813e-01 1.064537626301814005e-01 1.137738226732857988e-01 1.239242050498400999e-01 1.206866036266739800e-01 1.383334642672115200e-01 1.402631020307797127e-01 1.380491928678871105e-01 1.115812492673785156e-01 1.295776318682823891e-01 9.027845136805642823e-02 1.150327750707512697e-01 1.415604358906878968e-01 1.437373130102463370e-01 1.417474409880728481e-01 1.205643084638025053e-01 1.294527319430372192e-01 1.421052312671222950e-01 1.341765942744155837e-01 1.300928130192870735e-01 1.373344772888480392e-01 1.275291782203075985e-01 1.323651976878731928e-01 1.337009274390649760e-01 1.248191553163948142e-01 1.402279947909091384e-01 1.313358119972953819e-01 1.401900349391027034e-01 1.142419607007933158e-01 1.214136441849795883e-01 1.335492254113136434e-01 1.314819649975423610e-01 1.282868557918688812e-01 1.378225896251295268e-01 1.337037055627747217e-01 1.302209997442886069e-01 1.321302338977271007e-01 1.297068956657173866e-01 1.393608679761876024e-01 1.354506618557694830e-01 1.335237733512153191e-01 1.374972086291716689e-01 1.407470478516648360e-01 1.365195256179571326e-01 1.306671776160229781e-01 1.300751193431002040e-01 1.324036680089458740e-01 1.331566133985393474e-01 1.349284987201063712e-01 1.284321170863239880e-01 1.305386515599324115e-01 1.256474121023340718e-01 1.287825743973652348e-01 1.324495855311430270e-01 1.360665068026020719e-01 1.116848096719361000e-01 1.176036608606428197e-01 1.266334606497917514e-01 1.249282905454690562e-01 1.227593869223610884e-01 1.243280645912812343e-01 1.222404040567260097e-01 1.253318426202018609e-01 1.259976870691830175e-01 1.255083387092951752e-01 1.337360559449652930e-01 1.428304929465038231e-01 1.391646496570496383e-01 1.322372931358592740e-01 1.298485413608244377e-01 1.335830062867646995e-01 1.339908262928884985e-01 1.293656460142037223e-01 1.299778377828694487e-01 1.242689682236091941e-01
1.075437556212576196e-01 2.397268369679795164e-03 1.000000000000000000e+00 3.660109728087369008e-01 2.521960127096601334e-01 2.728053415359494860e-01 4.167402412515717192e-01 3.839490663913927571e-01 4.157231837590782408e-01 3.020974127316765623e-01 4.013387778103231218e-01 3.940237752294174500e-01 3.895640227338785788e-01 3.533536996866001312e-01 4.178870851597832892e-01 4.295894686033269183e-01 3.848923163461119290e-01 4.286761730083802902e-01 4.186581622754607102e-01 3.470458281970254522e-01 4.037531897522384505e-01 4.356914166934006127e-01 4.542876322186054638e-01 4.091695500382426243e-01 4.340185772780742468e-01 4.515756679125217388e-01 4.367168924971211452e-01 4.456854117402288540e-01 4.490864810279336927e-01 4.559663571742257893e-01 4.513843403439202762e-01 4.483104220231444170e-01 4.403561678937005230e-01 4.360017160496409416e-01 4.431655410587748145e-01 4.480049252348721200e-01 4.459315504341435643e-01 4.304631778896550465e-01 4.345766589093544852e-01 4.372066041792678770e-01 4.247242258004804705e-01 4.147012035323692225e-01 4.181992295983870678e-01 4.253719320897725309e-01 4.354920026338138239e-01 4.270084922901644653e-01 3.878076392183993359e-01 3.939748176543784175e-01 3.955636451066641412e-01 4.240699683282053711e-01 4.161520983823074893e-01 3.947758136851587385e-01 4.088298471563111547e-01 4.015233420470438741e-01 4.176756235271862350e-01 4.285904440677464899e-01 4.231111693175018118e-01 4.099684776171833578e-01 4.101163170473684505e-01 3.988825671436944109e-01 4.031188597294230735e-01 4.048318713002950209e-01 4.070805011696386200e-01 4.045094574654383712e-01 4.108035861581160741e-01 4.040783817266342393e-01 3.997202708467059162e-01 4.186946898258482874e-01 4.274754749946615973e-01 4.154203632364376619e-01 4.187661533771898648e-01 4.182213474516199847e-01 4.166111452335762855e-01 4.184663992272974475e-01 4.210208291249020740e-01 4.126090224669995421e-01 4.159296818924095862e-01 4.289017909858666711e-01 4.248510837309513732e-01 4.167712266817653055e-01 4.266656081614069174e-01 4.270686617906388483e-01 4.245131274929776488e-01 4.232228306035730747e-01 4.146165130431610502e-01 4.153004136647843181e-01 4.283572210139164338e-01 4.138937318118302566e-01 4.098750925368110920e-01 4.219442426802912371e-01 4.245530515660166926e-01 4.077639804505725496e-01 4.221187189589237776e-01 4.147433700074491525e-01 3.882863508055201529e-01 3.904630238188452340e-01 3.997531166184780660e-01 3.978536025591123959e-01 3.948751424711889890e-01 4.021849213922786825e-01 4.043328501552813647e-01 3.923158070306703160e-01 3.955919945579343122e-01 3.933073597725221804e-01 4.078904578024801220e-01 4.024617655018168372e-01 3.949714541527867273e-01 4.001536758660326210e-01 4.060829747122493560e-01 3.960047042068983725e-01 4.061325543650284309e-01 3.943187682551916873e-01 4.033176662851261640e-01 3.981317723481162529e-01 4.048574723304613210e-01 3.969197514695234075e-01
9.680964344428083512e-02 3.976677562896269169e-02 3.660109728087369008e-01 1.000000000000000000e+00 4.492624659220505468e-01 4.179948609321181840e-01 6.529521033000230679e-01 6.152738147987475426e-01 6.033011046712803971e-01 4.495714831587480087e-01 6.049980638942819011e-01 6.488865171374305074e-01 6.041504747916454088e-01 5.527025824107316687e-01 6.478391221546683232e-01 6.650901860221739570e-01 5.600659736723969662e-01 6.166692014235211072e-01 6.275282872922580690e-01 6.183353569298013497e-01 6.685232492014785421e-01 6.596681187542279279e-01 6.275940083320482588e-01 6.052777626586791637e-01 6.183883852731323350e-01 6.248216328057911717e-01 6.255090588341509772e-01 6.280316761708596429e-01 5.866529604160453104e-01 6.261485273869896728e-01 6.524339143013846432e-01 6.451688003664638460e-01 6.050829401316643041e-01 6.364350103661499114e-01 6.239300351105155906e-01 6.500049166005908985e-01 6.622492274528180012e-01 6.398721906735717058e-01 6.667065076959185488e-01 6.657816087870418453e-01 6.592613494746323299e-01 6.447182860085000078e-01 6.837424192866008443e-01 6.765481947117153450e-01 6.615944988597793897e-01 6.567320076198943646e-01 6.192700370088928263e-01 6.113536399889871742e-01 6.271809400910997034e-01 6.710746595021120919e-01 6.544086787313733167e-01 6.706567423787272997e-01 6.655686523769640539e-01 6.067302333535405934e-01 6.109577070478890981e-01 6.174671258354668124e-01 6.540636939868045285e-01 6.411416415102794142e-01 6.286697893628406808e-01 6.290191446547631626e-01 6.362608787964137980e-01 6.304460335373476276e-01 6.335496256451077501e-01 6.302577741752388718e-01 6.252811499281718532e-01 6.366488157940606296e-01 6.173168841743069679e-01 6.337336282580641189e-01 6.324681891530171685e-01 6.706237662522567256e-01 6.618057653307264365e-01 6.334419139045133207e-01 6.320893669536463699e-01 6.426093111580462036e-01 6.337438487276958465e-01 6.333663747924436205e-01 6.361985155351116417e-01 6.209370416194918141e-01 6.423806002122806058e-01 6.189403865854778974e-01 6.230638942794336499e-01 6.296025468333997788e-01 6.296229764240256488e-01 6.243108428033734558e-01 6.305412267363037504e-01 6.300325712321451777e-01 6.415110056532116189e-01 6.357203339997696823e-01 6.335838379620752914e-01 6.247131064887300189e-01 6.386560823905971240e-01 6.383800851895913286e-01 6.471883357134554648e-01 6.413720954861650281e-01 6.143008751401400902e-01 6.118244237077314907e-01 6.502467685026593891e-01 6.406815041826602330e-01 6.354508403108490855e-01 6.424200307449794423e-01 6.419459445581676693e-01 6.352921790322317852e-01 6.371288306325370021e-01 6.343227909600657188e-01 6.415131505040662097e-01 6.321403040735023016e-01 6.259602881672181596e-01 6.133222618118999714e-01 6.179378645482670462e-01 6.305662975581294294e-01 6.371585895647965403e-01 6.257737662604112572e-01 6.285853144850932495e-01 6.270556040492980543e-01 6.250452229971038554e-01 6.316587983808836793e-01
1.069767173696625079e-01 2.573866066220900639e-02 2.521960127096601334e-01 4.492624659220505468e-01 1.000000000000000000e+00 3.563474100837160097e-01 5.425348021547259370e-01 5.114387708914837072e-01 4.645147827443370514e-01 3.498589011462557297e-01 4.526454034469090670e-01 4.971354337216159491e-01 4.996342864904215197e-01 4.342733971355591804e-01 5.139457038572761149e-01 5.252097755983473615e-01 4.345077511464815467e-01 4.828527324171587032e-01 4.866814424965350550e-01 4.963138493948689445e-01 5.388877200399270206e-01 5.040121669449821873e-01 4.856535117069594176e-01 4.545825742551851678e-01 4.737056434131154958e-01 4.938870312694823572e-01 4.968875260346249378e-01 5.035712259643616573e-01 4.735997881446364355e-01 4.781081420205441912e-01 5.036671394519690592e-01 4.952537435680532396e-01 4.756984278073017602e-01 4.702636196160145943e-01 4.809815363802819599e-01 4.854574712128569836e-01 5.013910900277839255e-01 4.935752576475365694e-01 5.081725085211710180e-01 5.102023708019002290e-01 5.071191065318846336e-01 5.074983891398502367e-01 5.402650927491108312e-01 5.349042253490453591e-01 5.135651644427160489e-01 5.226907438353908253e-01 4.808164081802061007e-01 4.709644030309879104e-01 4.785092617755483113e-01 5.101542505329127453e-01 4.986850505256191224e-01 5.163425687415201804e-01 5.224548054300925948e-01 4.713593812954314788e-01 4.807084977454861296e-01 4.860038384005923584e-01 4.968910539268502347e-01 5.054294483956591755e-01 4.821709887676380868e-01 4.914713993929897828e-01 4.988746252010807791e-01 4.911470062554242899e-01 4.916316048779457160e-01 4.794432212431509188e-01 4.822710262501057055e-01 4.967917945097226617e-01 4.754785067832204559e-01 4.873591254013644458e-01 4.890208314812322654e-01 5.214613670821408586e-01 5.091712236308442163e-01 4.875869263325335323e-01 4.858038401840294451e-01 4.964883822615108744e-01 4.977783737216193161e-01 4.916296583097032324e-01 4.992324918647338405e-01 4.926520738370991914e-01 5.040274286150998595e-01 4.778270806130008874e-01 4.829384095873811567e-01 4.866145731056528700e-01 4.816005809609559263e-01 4.860072595298888798e-01 4.908794323803766790e-01 4.827352210967225665e-01 4.922010270191506942e-01 4.952842117837010782e-01 4.876475091926024130e-01 4.850174179087678450e-01 4.983131255879635346e-01 4.983989652691972472e-01 5.011682953614141622e-01 5.010651708882765121e-01 4.749178557559178837e-01 4.716739194497751586e-01 5.070139630602356062e-01 4.968034176390976331e-01 4.956827832373595366e-01 4.996370140511011138e-01 5.057371104855288291e-01 4.912311799591442818e-01 4.929702371414289575e-01 4.952546454473988891e-01 4.943849776028229615e-01 4.886556219156804048e-01 4.815509002198390398e-01 4.777591514782779658e-01 4.782964167716755588e-01 4.851660005761191385e-01 4.940917085496827066e-01 4.851320148158688728e-01 4.876776237927489266e-01 4.854404979811516307e-01 4.817526969410871329e-01 4.882223985870530192e-01
1.195823130273596969e-02 9.162352552970209896e-02 2.728053415359494860e-01 4.179948609321181840e-01 3.563474100837160097e-01 1.000000000000000000e+00 5.281763748846777240e-01 4.874206736486654812e-01 5.173019949656024741e-01 4.498298968377495433e-01 5.685328244750458282e-01 5.747709022366123133e-01 5.364003417970298893e-01 5.142480625850297526e-01 5.713744647521987741e-01 5.749893634510429008e-01 5.091816117587977253e-01 4.999235753620515088e-01 5.280709725538662580e-01 4.451346984076586244e-01 4.940788057041878290e-01 5.456935699768803438e-01 4.933341394626544751e-01 5.013521225863231123e-01 5.171766999834244150e-01 5.456782928582110115e-01 5.618102609493167421e-01 5.525911031990684563e-01 5.126738685724481215e-01 5.415491868837613021e-01 5.701108873460398740e-01 5.649716497876332566e-01 5.262668616622927509e-01 5.504328563097119487e-01 5.418650257699894057e-01 5.567047580663622153e-01 5.764766956871802961e-01 5.684551920120710644e-01 5.795235276638137645e-01 5.505788700007383518e-01 5.951248562019236799e-01 5.950642896959708050e-01 5.768990299833252067e-01 5.922036660986006451e-01 5.894359649130633816e-01 5.836581767719906111e-01 5.889345963152933239e-01 5.871360095567306203e-01 5.809544394800242317e-01 5.714107725078780842e-01 5.802378776639209867e-01 5.775277230028807995e-01 5.937769813955733333e-01 5.844984708867727585e-01 5.732167411380920674e-01 5.709843791242187327e-01 5.709675314043469729e-01 5.863796318095572113e-01 5.778476917474991703e-01 5.893684153322945596e-01 5.840878924102744785e-01 5.876810834242863768e-01 5.826955674676471686e-01 5.764450261678079057e-01 5.857392010854823861e-01 5.890297102806892893e-01 5.878043311405508620e-01 5.897621101346502970e-01 5.846505584244418019e-01 5.920770993385761072e-01 5.927339854187798629e-01 5.876576143893459392e-01 5.822086685495982961e-01 5.875173780475938523e-01 5.940337508587814064e-01 5.948814356500741196e-01 5.932997562813032699e-01 5.803129282184319448e-01 5.919084311128004483e-01 5.803458341616885008e-01 5.800262346620770337e-01 5.846897877160811552e-01 5.844838338307351000e-01 5.801397052504986274e-01 5.883806702837196534e-01 5.873177300442481430e-01 5.899586139045578381e-01 5.938254406575382838e-01 5.892807777782299583e-01 5.867578804716241381e-01 5.929296970031581182e-01 5.971280829487778385e-01 5.954889421391746929e-01 5.939656874055067037e-01 5.889150663428553978e-01 5.902005879953511336e-01 5.868176486197110853e-01 5.799279838549669108e-01 5.917875132308935138e-01 5.937148558613452032e-01 5.911212265235056273e-01 5.867588969416972500e-01 5.962924830631237683e-01 5.940344830007496801e-01 5.893523861615741488e-01 5.827626343228424766e-01 5.885092761155706897e-01 5.899229674419946834e-01 5.873528310684971165e-01 5.950839064458744998e-01 5.916526836958488911e-01 5.923394399574922753e-01 5.906935556849248758e-01 5.897291377270962309e-01 5.868302699537736311e-01 5.920328312613865052e-01
1.310804330440170917e-01 7.970071050116828149e-02 4.167402412515717192e-01 6.529521033000230679e-01 5.425348021547259370e-01 5.281763748846777240e-01 1.000000000000000000e+00 7.525405019109560056e-01 7.569184668028839935e-01 5.905737659938484763e-01 7.370491220061379245e-01 7.820035634983476536e-01 7.603593147251649365e-01 6.934051267031567933e-01 8.252953987399017644e-01 8.142916353634371829e-01 7.141700053618944555e-01 7.682968580882827414e-01 7.695355845113898141e-01 6.856231608349374618e-01 7.797559789676724584e-01 7.980499893418583346e-01 7.894590873026090527e-01 7.325922893756259269e-01 7.702397316711652175e-01 8.065476650648404355e-01 8.014518330946662772e-01 8.278290060583118892e-01 7.981187818470154571e-01 7.952011654365875870e-01 8.240015404656125808e-01 8.102796317575274854e-01 7.993728981895734664e-01 7.933234752946549673e-01 7.921638278785479992e-01 8.127490905854785064e-01 8.150099492123520362e-01 8.189686001471868648e-01 8.336753409031125717e-01 8.277226756874145330e-01 8.077057377508912728e-01 8.108737469259325037e-01 8.284329388413343986e-01 8.357020191436584922e-01 8.241395914737289496e-01 8.344431882176002180e-01 7.748154854704040195e-01 7.690436968335033763e-01 7.787689167391170786e-01 8.238658122109951965e-01 8.141928820698685065e-01 7.900656488978787806e-01 8.110689182641722672e-01 7.705407447907199892e-01 7.872797504843880301e-01 8.081797028352257772e-01 8.085178117175521040e-01 8.015206425969203519e-01 7.915803989538657826e-01 7.871345713110942111e-01 7.948670194121931765e-01 7.930068725125102302e-01 7.978934356626461444e-01 7.887129906043105487e-01 7.832866599784005235e-01 7.906241230534898357e-01 7.783660604765207935e-01 7.976147496322500974e-01 8.044295839901006717e-01 8.107822658241554681e-01 8.082020435991158491e-01 7.971007758798622778e-01 7.932579132257855381e-01 8.000513776049973380e-01 8.079373847193029867e-01 7.991182772867700956e-01 8.127524501827336767e-01 8.147332907783499945e-01 8.191045196511621551e-01 7.888787283212890244e-01 7.989575821478790418e-01 8.003584873491966789e-01 8.001626033017182893e-01 8.027020577746553087e-01 8.053659208804113678e-01 7.970730345983805254e-01 8.074452328244248189e-01 8.107947030852432624e-01 7.995749592591168131e-01 8.017788939341264909e-01 8.182395809075259097e-01 8.022260668503773395e-01 8.109748650957300242e-01 8.113401714939992848e-01 7.736921650888007873e-01 7.702009391865273225e-01 8.032181990329777532e-01 7.902980470099757460e-01 7.937940993388238331e-01 8.041480064924030335e-01 8.035444839877731171e-01 7.888441475097549560e-01 7.876943979736197310e-01 7.924701554265451975e-01 7.945125226604505819e-01 7.846236746847945476e-01 7.827411643316730672e-01 7.785731651515913621e-01 7.866636038639543971e-01 7.886329449623339372e-01 8.013076289870509905e-01 7.817440334431245974e-01 7.913913570951521814e-01 7.864602764973047666e-01 7.856885874997090458e-01 7.846772157647521340e-01
9.329469349733314487e-02 9.683141805471565111e-02 3.839490663913927571e-01 6.152738147987475426e-01 5.114387708914837072e-01 4.874206736486654812e-01 7.525405019109560056e-01 1.000000000000000000e+00 7.325206291822962124e-01 5.940438787207011906e-01 7.355622230627512081e-01 7.782559718567856333e-01 7.399100745967689408e-01 6.885007800594938887e-01 8.041535508555116563e-01 8.059997580973885523e-01 7.114991067335318942e-01 7.349702201368125687e-01 7.404825051334444908e-01 6.746545350599458812e-01 7.624155590029204621e-01 7.707576204970149059e-01 7.556962156949206255e-01 7.065938351539796658e-01 7.294148009451520975e-01 7.761485760733883854e-01 7.745204307747037831e-01 7.718033368600080157e-01 7.457777155580633810e-01 7.566944283670753446e-01 7.870641665429685130e-01 7.963786736316086357e-01 7.476222625133613908e-01 7.730479505468166312e-01 7.559680244817450490e-01 7.847085766380619276e-01 7.838921585956717397e-01 8.064937740203577121e-01 8.111221993359682969e-01 7.885271362886137059e-01 7.964549694742690811e-01 7.959657939443962604e-01 8.140619469955834298e-01 8.185480286843599407e-01 8.047279294888617374e-01 8.055054722542174250e-01 7.793444985814578230e-01 7.719110265346339483e-01 7.832233515855013817e-01 8.083955729211678154e-01 8.077450337017587634e-01 7.800907795460653160e-01 8.013285239580396624e-01 7.729102347029065401e-01 7.833101839163971736e-01 7.942323130213755356e-01 8.056628477880084516e-01 7.990409596828931260e-01 7.974997462888503419e-01 7.884732180581136562e-01 7.978236363077253479e-01 7.946901322815592694e-01 7.964479438896907570e-01 7.916194022809837083e-01 7.845472122143904992e-01 7.878820481362470707e-01 7.790023506207540693e-01 7.913771164993048668e-01 7.954507719047994030e-01 8.094430910926975198e-01 8.020942170627578527e-01 7.892680637177494907e-01 7.856733352803645376e-01 7.911000096306243234e-01 7.992789791123737775e-01 7.897748977579012175e-01 7.915800250578212127e-01 7.893891386067951599e-01 8.002249832068258906e-01 7.811670858130385087e-01 7.882880828281593200e-01 7.896559574441862628e-01 7.944458339088990018e-01 7.894621615015633420e-01 7.969797013950690179e-01 7.884236763874786780e-01 7.961114405955520557e-01 8.005949663744033051e-01 7.946004828361890038e-01 7.963878785658480286e-01 7.990061821963222455e-01 7.964641624686321641e-01 7.987786270589462001e-01 8.001909359364650642e-01 7.750030588378462593e-01 7.743984530112518749e-01 8.004789958926774585e-01 7.903412730770755790e-01 7.943306382890162887e-01 8.004065217883592487e-01 8.007668035373461946e-01 7.923231274149198367e-01 7.857294559024597946e-01 7.908333013396255939e-01 7.936056087273400950e-01 7.887034814082735101e-01 7.862552837300520459e-01 7.796720448457319375e-01 7.873702775836537437e-01 7.909283002674025731e-01 8.001084118673831291e-01 7.830721910119253781e-01 7.910368322210608039e-01 7.886940073779745708e-01 7.859552708701293966e-01 7.827691587629986847e-01
1.296005394960010604e-01 1.331413994509133003e-01 4.157231837590782408e-01 6.033011046712803971e-01 4.645147827443370514e-01 5.173019949656024741e-01 7.569184668028839935e-01 7.325206291822962124e-01 1.000000000000000000e+00 6.871391762356274802e-01 8.167065321145334789e-01 8.300696939945940711e-01 7.904633299639420851e-01 7.610231341933286764e-01 8.611292688029923426e-01 8.467604173836703607e-01 8.174639528808508304e-01 7.957982869427507877e-01 8.140073037174339055e-01 6.561051363767647082e-01 7.769961515130273666e-01 8.391511301332060802e-01 8.205242973282176333e-01 7.802665418733419900e-01 8.060784981976312213e-01 8.563080065872050728e-01 8.567970487231465482e-01 8.541111704699301255e-01 8.230141367285693788e-01 8.540791020181338622e-01 8.691303638915705010e-01 8.796859016390184971e-01 8.225948451635516356e-01 8.475413587849982555e-01 8.536983030314340137e-01 8.394872496614768087e-01 8.676993700060375847e-01 8.667353876900477649e-01 8.710189563731129958e-01 8.178976149768338866e-01 8.673351074581864273e-01 8.577638960894155007e-01 8.469540832041276834e-01 8.720210898381319797e-01 8.754349576287553392e-01 8.711119237713993435e-01 8.575957233473742169e-01 8.611831744753402074e-01 8.662955629368734867e-01 8.571671225238363112e-01 8.692398053692703686e-01 8.255343114724477127e-01 8.637641041969503775e-01 8.703114444208680522e-01 8.775339635459555865e-01 8.833673743783944099e-01 8.745175831447683512e-01 8.682800516577682259e-01 8.736964637674937695e-01 8.731312934871483522e-01 8.711524045636501734e-01 8.741534031751289069e-01 8.706633033301111046e-01 8.688541525893115347e-01 8.703273543397338496e-01 8.713405569853828192e-01 8.684739066446292011e-01 8.764292014845360690e-01 8.831063341844945791e-01 8.696112042184442892e-01 8.756696912379796638e-01 8.789776355373317696e-01 8.713408329215158732e-01 8.729537945188117209e-01 8.826820930518007868e-01 8.710345103746144346e-01 8.708404760964505442e-01 8.744541647205285040e-01 8.772379712158573373e-01 8.763818897361357330e-01 8.786766930270538678e-01 8.781085032045173877e-01 8.785679680814136860e-01 8.800430558452522201e-01 8.754400612062424036e-01 8.708137769727340993e-01 8.758401215523443639e-01 8.709782566915191815e-01 8.706671908968860452e-01 8.747607710109042145e-01 8.728820047957832617e-01 8.685491895186036038e-01 8.749295496121728410e-01 8.737037636155449150e-01 8.572803252533370832e-01 8.603039339678023589e-01 8.549758925275854349e-01 8.619482830033496912e-01 8.636595621885430063e-01 8.640895850628973474e-01 8.642237674200811126e-01 8.589731554632508148e-01 8.593264602005078467e-01 8.610418579100829195e-01 8.680934964742281768e-01 8.675006323116467577e-01 8.660656336865948379e-01 8.677587411689908770e-01 8.714298585113570139e-01 8.649037244662775015e-01 8.668388078540241182e-01 8.642407403820163703e-01 8.701670241227581482e-01 8.663723111419886491e-01 8.706021377677076734e-01 8.638881917146321587e-01
1.731728128207290357e-02 1.330502060380354123e-01 3.020974127316765623e-01 4.495714831587480087e-01 3.498589011462557297e-01 4.498298968377495433e-01 5.905737659938484763e-01 5.940438787207011906e-01 6.871391762356274802e-01 1.000000000000000000e+00 7.238642829418020508e-01 7.378544284663992592e-01 6.734262877740675446e-01 6.853002822751885770e-01 7.478945314488305574e-01 7.210684158219672346e-01 7.075961037172654455e-01 6.246200245320240318e-01 6.743357660669256903e-01 4.875240281197635861e-01 5.854714988979027313e-01 6.842892926333643544e-01 6.474332841066324784e-01 6.426044143367529715e-01 6.493097046812235096e-01 7.109029122764640718e-01 7.274340642066989826e-01 7.154429235149428745e-01 6.773636641890173893e-01 7.247123946506179859e-01 7.432743579855923821e-01 7.562718301746148564e-01 6.898108826636437652e-01 7.314202251255539355e-01 7.287284434123622034e-01 7.208018419484496508e-01 7.443753315162695561e-01 7.630421733113550431e-01 7.591313380741699923e-01 6.870281920123612052e-01 7.767924353456494568e-01 7.744477530456898018e-01 7.300577648364982020e-01 7.602065238437153427e-01 7.627221406916769864e-01 7.562723507062871775e-01 7.901820598301351195e-01 7.977630580452893527e-01 7.865789002273557706e-01 7.404772719285378502e-01 7.715261175765025792e-01 7.086462686495988983e-01 7.507793223853729270e-01 7.918742785695859210e-01 7.825812588295379957e-01 7.791545845464231679e-01 7.568041537965325416e-01 7.798307438468043973e-01 7.824069429034740120e-01 7.915117338082002796e-01 7.808918239560524999e-01 7.822639694415097766e-01 7.698148843718873868e-01 7.799208868439527764e-01 7.815367116085235599e-01 7.717160803364399024e-01 7.943969674727507924e-01 7.839807383939417784e-01 7.851943715125281331e-01 7.535937603357756309e-01 7.691686446245433739e-01 7.862970247098862719e-01 7.795956871864871962e-01 7.726575504089341351e-01 7.884287012328233812e-01 7.879932499164177262e-01 7.830756566484151637e-01 7.754103012942296091e-01 7.796024784034765176e-01 7.927234489893384417e-01 7.872098179002694485e-01 7.895685784839322485e-01 7.890171922678025362e-01 7.857270492276533513e-01 7.809724831104865039e-01 7.866021658267056127e-01 7.817074333158803290e-01 7.877462030305539820e-01 7.903861314226338086e-01 7.906398027561246655e-01 7.822833813422060967e-01 7.896550919114100342e-01 7.833068446637757587e-01 7.868208487461203493e-01 7.936790534719313506e-01 7.961435077540860439e-01 7.643791272839111084e-01 7.660019301568243844e-01 7.863624118144385555e-01 7.837490180820418928e-01 7.814801401348574483e-01 7.828277252936679531e-01 7.806809753077736946e-01 7.871487585960892375e-01 7.838091241870330794e-01 7.816301562613487963e-01 7.904824088693287454e-01 7.987802139940047841e-01 7.957183888191250443e-01 7.903656043667911524e-01 7.864152772415835546e-01 7.937265128245873935e-01 7.925431788298895608e-01 7.914993615715265607e-01 7.901375501365822673e-01 7.838840694199088466e-01
3.359925237287891137e-02 1.183584871391621107e-01 4.013387778103231218e-01 6.049980638942819011e-01 4.526454034469090670e-01 5.685328244750458282e-01 7.370491220061379245e-01 7.355622230627512081e-01 8.167065321145334789e-01 7.238642829418020508e-01 1.000000000000000000e+00 8.812305343399413626e-01 8.179964890318229820e-01 7.940803738634166775e-01 8.844959192478554222e-01 8.616268280816169467e-01 8.200056087534248750e-01 7.700938133588947077e-01 8.083989940158687881e-01 6.551719528784472057e-01 7.558142976393769086e-01 8.254625623882566599e-01 7.812366282320079014e-01 7.701862417403063654e-01 7.853608641645990485e-01 8.384970696210267693e-01 8.578168727180409681e-01 8.486190472340674473e-01 7.924817763098059853e-01 8.505315059770232056e-01 8.824844700796048436e-01 8.806502998731479126e-01 8.081243559162873957e-01 8.573493105805278791e-01 8.468027843288968848e-01 8.533840068399813905e-01 8.876410607120536200e-01 8.850672512569992545e-01 8.914032838040939488e-01 8.265277775724710896e-01 9.063261987539146247e-01 9.008463083797854098e-01 8.761827230727664562e-01 9.013482884056077671e-01 9.014972182972093018e-01 8.917628099498848826e-01 9.069466039462646956e-01 9.109985187006438556e-01 9.078865528129961282e-01 8.760201636026178074e-01 8.986233294142130790e-01 8.634853240301297861e-01 8.969815869461115199e-01 9.087155395036503602e-01 8.989074969310187901e-01 8.945049424735762589e-01 8.918771521963534399e-01 9.081028603393648257e-01 9.026788399431975307e-01 9.125121249823540115e-01 9.067236203689837959e-01 9.070456892901087587e-01 9.011935788032510164e-01 9.010359628677856447e-01 9.066993678871837492e-01 9.058277336847141425e-01 9.128532010469528890e-01 9.120981303997466316e-01 9.089869983048877167e-01 8.998428583303915707e-01 9.075218448064000798e-01 9.128092428768396216e-01 9.062377820120465222e-01 9.068254750954710675e-01 9.147973606713795114e-01 9.125361715118691652e-01 9.074486400454113699e-01 8.967978588186662492e-01 9.081019021803204971e-01 9.113652224689112735e-01 9.094083732840291256e-01 9.138394731494566825e-01 9.125968515959652638e-01 9.073137124400688647e-01 9.079222417683658897e-01 9.107901072542987642e-01 9.110402091831601989e-01 9.118420532615711949e-01 9.144560985083248772e-01 9.129969974877135686e-01 9.090542412944234707e-01 9.151467844576627320e-01 9.152721443816703717e-01 9.137153079240613041e-01 9.129784320759954941e-01 9.135229167650256166e-01 9.014179991046119556e-01 8.998948146109452262e-01 9.123440273784034771e-01 9.116633049195241867e-01 9.088064848340952073e-01 9.097934246398664548e-01 9.113863751577754302e-01 9.133398800737633216e-01 9.134347777982112504e-01 9.080361059011335945e-01 9.132360502618933618e-01 9.139587191123607068e-01 9.149420314480045668e-01 9.140305550367007204e-01 9.132507678399932605e-01 9.141684996607043479e-01 9.142803578085989535e-01 9.126856998715562330e-01 9.142377620500007351e-01 9.113864596378583594e-01
1.360066333941854777e-02 1.127408993886601790e-01 3.940237752294174500e-01 6.488865171374305074e-01 4.971354337216159491e-01 5.747709022366123133e-01 7.820035634983476536e-01 7.782559718567856333e-01 8.300696939945940711e-01 7.378544284663992592e-01 8.812305343399413626e-01 1.000000000000000000e+00 8.534400685566033706e-01 8.337296108327065802e-01 9.273652971061819850e-01 9.024756326771893322e-01 8.340279386287994257e-01 7.745254930493542522e-01 8.187994793367050494e-01 7.099154228926061183e-01 7.954725526224517562e-01 8.452269232160317669e-01 7.900258931140407004e-01 7.690976859618897654e-01 7.867137190513959766e-01 8.394561087900286322e-01 8.771223204746702029e-01 8.661211287202823517e-01 8.031500203097108326e-01 8.584334429374074205e-01 9.029450310211161179e-01 8.964615295269743322e-01 8.125430626177000404e-01 8.718762919572865533e-01 8.572440459817182168e-01 8.750181260979239539e-01 9.001540720014150621e-01 9.156963588881078531e-01 9.193010166348755119e-01 8.551924408006273959e-01 9.342119255615226603e-01 9.362303939074271275e-01 9.275241496655981521e-01 9.432687123545522301e-01 9.306162751910687092e-01 9.237537097727009927e-01 9.420121924433173533e-01 9.434743740396851486e-01 9.412613375726731624e-01 9.146131523088167903e-01 9.376030313984506925e-01 9.192082187508298086e-01 9.407927652868589563e-01 9.356273317094250253e-01 9.184267628044150422e-01 9.131786213736982072e-01 9.298292865883159841e-01 9.447441379048172605e-01 9.345943223680248657e-01 9.457496157521138036e-01 9.462912198353018445e-01 9.404191331419979871e-01 9.398135440925436956e-01 9.386929517544256862e-01 9.402818195923665634e-01 9.462166154098540227e-01 9.430070709420026454e-01 9.371242375606916308e-01 9.321020627532196068e-01 9.407504942261989411e-01 9.399422695609804812e-01 9.373683586500995979e-01 9.287601089882679961e-01 9.306448274328651404e-01 9.394848679481594411e-01 9.427166145010980047e-01 9.375400370276507633e-01 9.242467321497961352e-01 9.345962884318093078e-01 9.353535587338777102e-01 9.338401687160959863e-01 9.416701939184347614e-01 9.377631715887344566e-01 9.316072884010214716e-01 9.365267275556243831e-01 9.374245342720309848e-01 9.392123861191739032e-01 9.413347998756965707e-01 9.449741065457145650e-01 9.391587656426345632e-01 9.376646242884454363e-01 9.485687140639073034e-01 9.473040381371696794e-01 9.473082215598229716e-01 9.466769311011954402e-01 9.467007295130888123e-01 9.431279467898192603e-01 9.393917248856428204e-01 9.505360249891409152e-01 9.489626987803378988e-01 9.495531916725130639e-01 9.486754344349244139e-01 9.517828610944395473e-01 9.508307961262856267e-01 9.505066969649322850e-01 9.449966889482420696e-01 9.482735319231144766e-01 9.425349045276070203e-01 9.430570660451611520e-01 9.489086074175030472e-01 9.471301286026124755e-01 9.480395001243651087e-01 9.476713268231365950e-01 9.480941516247455292e-01 9.458513693305771186e-01 9.496895587560353347e-01
7.764495861398922061e-02 9.186573203967905721e-02 3.895640227338785788e-01 6.041504747916454088e-01 4.996342864904215197e-01 5.364003417970298893e-01 7.603593147251649365e-01 7.399100745967689408e-01 7.904633299639420851e-01 6.734262877740675446e-01 8.179964890318229820e-01 8.534400685566033706e-01 1.000000000000000000e+00 7.618213997762232070e-01 8.716902357749614083e-01 8.553298764927323994e-01 7.918618970835640258e-01 7.558187394271692616e-01 7.901156346211524184e-01 6.579799823229697253e-01 7.596406840055872633e-01 8.107387999622417407e-01 7.652544061741959336e-01 7.449691323290354994e-01 7.707261546740946656e-01 8.188040096123149203e-01 8.378983658133826173e-01 8.291502786154124616e-01 7.904184601645215524e-01 8.322860930371452914e-01 8.593951294567947485e-01 8.471411136771486161e-01 7.808219356628850472e-01 8.193433093571316217e-01 8.192613802735898565e-01 8.183097235915450796e-01 8.466009705674373276e-01 8.534053161470868121e-01 8.612973268904360324e-01 7.993184732634982526e-01 8.702741433147486161e-01 8.702515816169711371e-01 8.629637037482352779e-01 8.836379497238298075e-01 8.741126792738407314e-01 8.736914191523565965e-01 8.686670544157290008e-01 8.712087379742821103e-01 8.699862503788620138e-01 8.528900375688002189e-01 8.667553068651993042e-01 8.481277031286647006e-01 8.779774613608517519e-01 8.701557085813130810e-01 8.661208927966768112e-01 8.625282006326620010e-01 8.664288541803949473e-01 8.777226205571416751e-01 8.673147482360956673e-01 8.795980989296980912e-01 8.785564464407406016e-01 8.772947273880519203e-01 8.737526287323571506e-01 8.700751059958474753e-01 8.731302885691788473e-01 8.784002443764381551e-01 8.741141252855603172e-01 8.757860420840697380e-01 8.728691041169106546e-01 8.712114437824238777e-01 8.780181965054923987e-01 8.744148416451106298e-01 8.671907766906483683e-01 8.727800226512625326e-01 8.821829745455663785e-01 8.755080147597854578e-01 8.776235042266472552e-01 8.698469373209751776e-01 8.774690042461357198e-01 8.756091856958860831e-01 8.750549023730710418e-01 8.812150253481373374e-01 8.731956316586244604e-01 8.710126239987042718e-01 8.731883223333526400e-01 8.707764291811261881e-01 8.742133706832733164e-01 8.748875311198446303e-01 8.764040690992906946e-01 8.751489842842500311e-01 8.721858538441424891e-01 8.796516245045870042e-01 8.822008352888586202e-01 8.821876336281161413e-01 8.728970549039305471e-01 8.730103092146811461e-01 8.734525028315188733e-01 8.752079286122229629e-01 8.813358394024453091e-01 8.790959041171704236e-01 8.796730201143732053e-01 8.784194138038694533e-01 8.802554877515225140e-01 8.808695781164589400e-01 8.787201690062923509e-01 8.777288707604701257e-01 8.776458208337113431e-01 8.739549166478853826e-01 8.768527395638999744e-01 8.784526147008135943e-01 8.796243271977554068e-01 8.773754255003857194e-01 8.795375448966639143e-01 8.777698860069000908e-01 8.760119719722538889e-01 8.793291101532385579e-01
