1.000000000000000000e+00 1.307368748211972798e-01 2.826468823803164887e-01 1.235675634311723947e-01 8.744091695015321353e-02 1.737010762111913451e-02 6.989451291499837460e-02 5.883018938364321937e-02 1.609611181159398829e-01 1.043366252347690121e-01 7.290745863197896359e-02 2.691076319575985004e-02 -6.038981800806824188e-03 6.899911438979362821e-02 2.700392722947174765e-02 5.059521860134946758e-02 1.605545627442776790e-01 2.467292299407218836e-01 2.566332924597478637e-01 2.610841451334676155e-01 2.922676823988714090e-01 2.914619191708240908e-01 2.273890999458768047e-01 2.402913259055552420e-01 2.921399636298027125e-01 2.168103297251261219e-01 2.365905690518382565e-01 2.022298677220635277e-01 1.855613099160247081e-01 2.266687985995571308e-01 2.355598261840599894e-01 9.581867177084782417e-02 1.147196868000617820e-01 1.556481927441625557e-01 1.247116978712493746e-01 1.632677247544907506e-01 1.672614915680009640e-01 1.035221746810157106e-01 1.438297342268677059e-01 1.070955714507488277e-01 9.919221466892415295e-02 9.868980828378294545e-02 1.030852783894266878e-01 9.851616989522360424e-02 1.294217228727053970e-01 9.472643354330735621e-02 3.149924620172273038e-02 3.221676792331677752e-02 2.138525087304280273e-02 5.006943722689492782e-02 6.292068420670342277e-02 9.672486311800219949e-02 5.125071912156312082e-02 4.198685820243496652e-02 6.992974735925133745e-02 1.069763876052575446e-01 7.104332460913528879e-02 9.857778313126770720e-02 4.607094125005701396e-02 6.639357072044532737e-02 2.958535728631083925e-02 5.354481042759615117e-02 4.444397604911345251e-02 5.922173612693598654e-02 9.083141048379728133e-02 5.604384399483897106e-02 2.931518144090067973e-02 6.739842406098890681e-02 5.395463701539380402e-02 9.990272084284977649e-02 1.243703107428998644e-01 9.683077937823704462e-02 7.358137703281969477e-02 1.138580962016314535e-01 8.407049786429870997e-02 8.591014553996642600e-02 5.875142400800292819e-02 6.781483090281162363e-02 9.547955473567718010e-02 1.154361020707435209e-01 8.663370998051127259e-02 9.558859542817796373e-02 6.588187959843962160e-02 5.761124533767090355e-02 4.446943573833512381e-02 6.631525527899341521e-02 8.141467244650876789e-02 4.861085087555748474e-02 6.716031940188477156e-02 6.033702031582768854e-02 4.926085857847125465e-02 4.732787545594697998e-02 6.638721785173377909e-02 5.733542758493078567e-02 5.486589639394194758e-03 1.452475351049017753e-02 2.746276931494642803e-02 2.769299245734811038e-02 1.277867414815359731e-02 3.817681816134271128e-02 3.927987055491280466e-02 2.523848892443568415e-02 2.419244185190098928e-02 4.365289970704772093e-02 4.389495157284326737e-02 3.398901703359185483e-02 1.307150362888183023e-02 2.549684101815507045e-02 2.646812342635368812e-02 2.525766878040021021e-02 2.636179159126078933e-02 3.727328392689851361e-02 3.108603539005659264e-02 3.285776013452124111e-02 4.673248188099379807e-02 3.155310312049518923e-02
1.307368748211972798e-01 1.000000000000000000e+00 1.477161870881457117e-01 7.870451265913448735e-02 9.403181005856792174e-02 1.006812326660940504e-01 1.447604219677194604e-01 1.152882206585027353e-01 1.916382732775566977e-01 2.145656060158023237e-01 1.597692506872288865e-01 1.425274653461954533e-01 1.320826899424207557e-01 1.232785017493268909e-01 1.477942408476633773e-01 1.509132310538934540e-01 1.726431821531276556e-01 2.067520530208603602e-01 2.032129047810772582e-01 1.548584316848346520e-01 1.766608030821743835e-01 1.922570754650909930e-01 1.826354684474910950e-01 1.904750774225941745e-01 1.978483407883098177e-01 2.327840900107693012e-01 2.306547380093997013e-01 2.135824739070341927e-01 1.938024824446689942e-01 2.213262648611510064e-01 2.190046165469647366e-01 1.828559210082433273e-01 1.724334484560806624e-01 1.587956393564644020e-01 1.698025988796729169e-01 1.713597586481442614e-01 1.758827094904899802e-01 1.877545220976817586e-01 1.834500794501851828e-01 1.684330025151826171e-01 1.926703391705666124e-01 1.845893262498363718e-01 1.806286364586053295e-01 1.802680056171274414e-01 1.808963412360483913e-01 1.791695140492531313e-01 1.674146653330724210e-01 1.718086252530223734e-01 1.588390211748522962e-01 1.551746998033916580e-01 1.703895636158183624e-01 1.536236936158613953e-01 1.600202101037540015e-01 1.678949583913548760e-01 1.591834013222157285e-01 1.816119730592088699e-01 1.562230685862596169e-01 1.868502280262029636e-01 1.594609062545189748e-01 1.756095223468406019e-01 1.589705293103423622e-01 1.649877866161376938e-01 1.521664793504000635e-01 1.742428369098994734e-01 1.841383761910649342e-01 1.626599073740095380e-01 1.656849915733152601e-01 1.778533545265109928e-01 1.745197289225437209e-01 1.722344026979704956e-01 1.778635094633156666e-01 1.781935830920377828e-01 1.812862230421296295e-01 1.845728603917405619e-01 1.892716127057878783e-01 1.850120666072825604e-01 1.836734886574985792e-01 1.796283602380966404e-01 1.888283457408864718e-01 1.941402979800128381e-01 1.776099389280731689e-01 1.874890723108427193e-01 1.690364847789876390e-01 1.710906579570044828e-01 1.585695601513351649e-01 1.647380009591764005e-01 1.684099931442372411e-01 1.747178030094482803e-01 1.725263509220407165e-01 1.767372118236762157e-01 1.698647918767798026e-01 1.744047634590114026e-01 1.713271190857653670e-01 1.727390282314097136e-01 1.587797088663908951e-01 1.605624600149622716e-01 1.496606995082474523e-01 1.516736352737433624e-01 1.573242481885202826e-01 1.702095246894309855e-01 1.656211584190832864e-01 1.599693269468159817e-01 1.573595397063193846e-01 1.636813406215239519e-01 1.608390117469171710e-01 1.512161062851528626e-01 1.533674987169067472e-01 1.691306064198626335e-01 1.640119287034237094e-01 1.652491056367303701e-01 1.652866725592796460e-01 1.681580842068465531e-01 1.611721552919480882e-01 1.611866329244540375e-01 1.657924271097361013e-01 1.600084671961056193e-01
2.826468823803164887e-01 1.477161870881457117e-01 1.000000000000000000e+00 4.218262564102293055e-01 2.288338147554933866e-01 1.948669439309805018e-01 3.603028017868318833e-01 2.880479844660617239e-01 4.104791782516565846e-01 3.404824324303677430e-01 4.008524005786704980e-01 3.648981541243162541e-01 3.135734889220572752e-01 3.013186849224139263e-01 3.730044119465456554e-01 3.746010861422892635e-01 4.326525846015714105e-01 4.161181791632884153e-01 4.792631744505948532e-01 4.160640337406574241e-01 4.632284051577130746e-01 5.050571035326623104e-01 4.746147421109231934e-01 4.572557178398709010e-01 4.798085753211224769e-01 4.776419319972571853e-01 4.926434380970695637e-01 4.677931003074468075e-01 4.277826748130388324e-01 4.726086832874358268e-01 4.961381325134805453e-01 4.233425171335247761e-01 4.371145701721623200e-01 4.597801480359391957e-01 4.344574485131099117e-01 4.704544913886492541e-01 4.668874615945188822e-01 4.145793415276063931e-01 4.705315632999906850e-01 4.312794348105754572e-01 4.160534197414531010e-01 4.191912325422556540e-01 4.236804455899367827e-01 4.284273823203124110e-01 4.507660245632447715e-01 4.272352812899353758e-01 3.675438356722733890e-01 3.673665977236530433e-01 3.597793631565109895e-01 3.830471868319019757e-01 4.004997078272427569e-01 4.095975566074775420e-01 3.753550643547205468e-01 3.635259966373180496e-01 3.734831048520145802e-01 4.210544420190248660e-01 3.809889047117024918e-01 4.017486528676758040e-01 3.650623443668382095e-01 3.862964991105991008e-01 3.693986686324807200e-01 3.718058804741984358e-01 3.667935393334465499e-01 3.898809094909144735e-01 4.102363175766224890e-01 3.819259980229831042e-01 3.742565601951883814e-01 3.978223768164735885e-01 3.912579582780698617e-01 4.115131600903877418e-01 4.339394151013175605e-01 4.235257175199755308e-01 3.929361873363054203e-01 4.215286687285586531e-01 4.088863420603967569e-01 4.119370703541703760e-01 3.855058285766865822e-01 3.905589033186722681e-01 4.195096049522844539e-01 4.258583658668166350e-01 4.191587691387780867e-01 4.184892363426089834e-01 4.062831503051279602e-01 3.959481015414599292e-01 3.906657893497341716e-01 4.034771485480942999e-01 4.136881532291352137e-01 3.905955176855279709e-01 4.110901927175732995e-01 3.991604325327187119e-01 3.966627956537763788e-01 3.919241110930880012e-01 4.078289640690541118e-01 3.985360186763798329e-01 3.563761674268418056e-01 3.600528846122781346e-01 3.693354104676199179e-01 3.638064505235351076e-01 3.616586040035136840e-01 3.838994377819747172e-01 3.855527532049577988e-01 3.723015632354723103e-01 3.701823218641662749e-01 3.849440779170695826e-01 3.899701612572231690e-01 3.702627303999432296e-01 3.591637845639492621e-01 3.672655037651050836e-01 3.709972352473120405e-01 3.688703720216351400e-01 3.721408311627165677e-01 3.729945760782739650e-01 3.702472153149898859e-01 3.742320518971511967e-01 3.878236873469313450e-01 3.704014988132970920e-01
1.235675634311723947e-01 7.870451265913448735e-02 4.218262564102293055e-01 1.000000000000000000e+00 3.639330790395137738e-01 2.858189704367824491e-01 5.725435199160177069e-01 5.246905070474832122e-01 5.326482021991203464e-01 4.711179431085396052e-01 5.797182289588478366e-01 6.439098355488870329e-01 5.306327922589088031e-01 4.246226031804447021e-01 5.989755787670157927e-01 5.831073140689931877e-01 5.520198558202598083e-01 3.661595897217196915e-01 4.838172630695147247e-01 4.102579753174042110e-01 5.239451440813999161e-01 5.745729993343829944e-01 4.774850302681299952e-01 4.534400111377341891e-01 4.573517679590445306e-01 5.348061018559695512e-01 5.421878772498710530e-01 5.284121576027386302e-01 4.821535589293732271e-01 5.266136011845815590e-01 5.479099816422591251e-01 5.538244576270194841e-01 5.479039188309632324e-01 5.807520892298100312e-01 5.360776715922896951e-01 5.877224597397711081e-01 5.565816096149632797e-01 5.716365431849979029e-01 6.047686726660524981e-01 5.877632254396303324e-01 5.822179310004409469e-01 5.797251734586891248e-01 6.007277683237365329e-01 6.084843467256890737e-01 6.020950481523915654e-01 5.817355023554562354e-01 5.672264456609164007e-01 5.628890298764356315e-01 5.785126686766645099e-01 5.872155394902756065e-01 5.949360237722788325e-01 6.064791734714799487e-01 5.792036448843317364e-01 5.352342843400156314e-01 5.234478239579526404e-01 5.595535364131943856e-01 5.705419623429589526e-01 5.710122649143820617e-01 5.463687747704654152e-01 5.825117316611041485e-01 5.762752003167102011e-01 5.674886353489760893e-01 5.625843224671308596e-01 5.880816909530515169e-01 5.828397157021246722e-01 5.720780118112785972e-01 5.671095187572492424e-01 5.490219065228920670e-01 5.548894780003185145e-01 5.700362246136213562e-01 5.910703642301513572e-01 5.831393432285482126e-01 5.361570825457852019e-01 5.485114044113363896e-01 5.691930437873147230e-01 5.759699290234059355e-01 5.539175834174449031e-01 5.430678611198110906e-01 5.804716835647308892e-01 5.730053172173492637e-01 5.737377861290352543e-01 5.755887756671406175e-01 5.826161854282396746e-01 5.651242264345380795e-01 5.826387646999162673e-01 5.812573551580147990e-01 5.867133484520771214e-01 5.829212915481865043e-01 5.918999699034441786e-01 5.651391949683830518e-01 5.814272427732379844e-01 5.793816237402127367e-01 5.871471239195433789e-01 5.859602118829446704e-01 5.647494039143620137e-01 5.658826528351665885e-01 5.865305100163460406e-01 5.799405841870893807e-01 5.693802325803600795e-01 5.805897836451417993e-01 5.892409891515352216e-01 5.796439434811981872e-01 5.793739821406983515e-01 5.900597883023800394e-01 5.902801856076392850e-01 5.727876925108137396e-01 5.740816929686050063e-01 5.551837035723901081e-01 5.604334183722115004e-01 5.692316564827812897e-01 5.698911434473937776e-01 5.758424719211959752e-01 5.714190117478618047e-01 5.831835883134435239e-01 5.851111067394746401e-01 5.758375022485017203e-01
8.744091695015321353e-02 9.403181005856792174e-02 2.288338147554933866e-01 3.639330790395137738e-01 1.000000000000000000e+00 2.671004456164999818e-01 4.431607111212538808e-01 4.333954091179496038e-01 4.518509140183576411e-01 4.003215738255782585e-01 4.571837549347544938e-01 4.870417469132411470e-01 4.651737432136219819e-01 3.811060643953586569e-01 4.957876574584481055e-01 4.945931188412225898e-01 4.641263467910646257e-01 3.677641328882078064e-01 4.212314452896783190e-01 3.463615642425613150e-01 4.163773595372819991e-01 4.483814996985155399e-01 4.084280609398466821e-01 4.038575802974831985e-01 4.083316615189707122e-01 4.637116046014639892e-01 4.661089718688867234e-01 4.573381451400816422e-01 4.241865178601074704e-01 4.350692611728685932e-01 4.495700625371568115e-01 4.785630847436710966e-01 4.469995987510913538e-01 4.697899118758433468e-01 4.518371031820773154e-01 4.750114096681572473e-01 4.527757005915334365e-01 4.867643595879611595e-01 4.752409439597016783e-01 4.793011636508485163e-01 4.879566708890454851e-01 4.918617983863431409e-01 5.046839582466668972e-01 5.081252553477368927e-01 4.915076509704315866e-01 4.814614617980857991e-01 4.932183555834813160e-01 4.909804001478010327e-01 4.869221455255240971e-01 5.007124779161431505e-01 5.039385994423659643e-01 5.152747912274384667e-01 4.981721406191725321e-01 4.731921475220112194e-01 4.674249076995480312e-01 4.805383631490357521e-01 4.814168688355878190e-01 4.908336657136477821e-01 4.750176974476320035e-01 4.969885970672484610e-01 4.955040638332237068e-01 4.892926465978834072e-01 4.787327345064153472e-01 5.007584568289131788e-01 4.976190507558957976e-01 4.912441783004468654e-01 4.897216944371945990e-01 4.900427725304097315e-01 4.897538621268544001e-01 4.904422566100473113e-01 4.971590673062220578e-01 4.955190624799185595e-01 4.786251641856039685e-01 4.871045605518212196e-01 4.932888807024953803e-01 4.908538649869850223e-01 4.861564254851198363e-01 4.783203854321824156e-01 4.957232009698496200e-01 4.837598184979590710e-01 4.855030045616217649e-01 4.870316098958178963e-01 4.879665881189254595e-01 4.818163535513754203e-01 4.921664414867695792e-01 4.933715601177423582e-01 4.907699075594440519e-01 4.897829758441049064e-01 4.943366489495484295e-01 4.839239496136456542e-01 4.901652763996924844e-01 4.936401334182098921e-01 4.966681222575116683e-01 4.940468071102109837e-01 4.886536165041077129e-01 4.883745834572607580e-01 4.897006924376012260e-01 4.842268210508661741e-01 4.894006478329400167e-01 4.969948817356862336e-01 5.005745252422795222e-01 4.852170105190666827e-01 4.913090748076647807e-01 5.005063554375152046e-01 4.996792028446620515e-01 4.770974886601204168e-01 4.871357975683709429e-01 4.860511349782374313e-01 4.865008200368935443e-01 4.901208871230833819e-01 4.853841628365379024e-01 4.914491650276553991e-01 4.852792077290243311e-01 4.917000600788420939e-01 4.942001500523496849e-01 4.893226270641301001e-01
1.737010762111913451e-02 1.006812326660940504e-01 1.948669439309805018e-01 2.858189704367824491e-01 2.671004456164999818e-01 1.000000000000000000e+00 4.078637852620572435e-01 3.414800037426307111e-01 4.127372328755432584e-01 3.865760472238017331e-01 4.212207430190983981e-01 4.383922529627998221e-01 4.044489925651849060e-01 3.318348031677137433e-01 4.423050146199865584e-01 4.335684534017788527e-01 4.119385589072865339e-01 3.344033723912696598e-01 3.712325350752542219e-01 2.953173885854984970e-01 3.269967671498179573e-01 3.675393975577974093e-01 3.552505423884526614e-01 3.517185991283303115e-01 3.476430799136140393e-01 4.184071769319287482e-01 4.137911710047357805e-01 4.157036141495006887e-01 3.775022718047262860e-01 4.054721726625064582e-01 4.180945285318380389e-01 4.362689613594175619e-01 4.082337924081929637e-01 4.055071758207312027e-01 4.020073849580041991e-01 4.183585562485929721e-01 4.144865953520422974e-01 4.439426481154426507e-01 4.294596355304475810e-01 4.434617358559287403e-01 4.509539179147114552e-01 4.547343751479331897e-01 4.461808214511162607e-01 4.624437340416061026e-01 4.527630876487342970e-01 4.513349140040269214e-01 4.586851276002276712e-01 4.547703232008820096e-01 4.471899343151069517e-01 4.383861250867718828e-01 4.486801708873876526e-01 4.362363450798124043e-01 4.553629907719763392e-01 4.457238683383669131e-01 4.397817521863116585e-01 4.493029326062313311e-01 4.346025465649733244e-01 4.552432352723207454e-01 4.398608560754265762e-01 4.525989883983384532e-01 4.465564977044700901e-01 4.462000101081342041e-01 4.394337411568072782e-01 4.487106993238896280e-01 4.549242617570051772e-01 4.459782175227930412e-01 4.558142667491125732e-01 4.510036475664168654e-01 4.544000734829684585e-01 4.485083857288567066e-01 4.445493505044313953e-01 4.497285356226365383e-01 4.468287714481874451e-01 4.415089275988043349e-01 4.558211764366799645e-01 4.577551224897761228e-01 4.531253579210356985e-01 4.380592152669560146e-01 4.571290373815967700e-01 4.459209971120945970e-01 4.504186422726739192e-01 4.535188476012659287e-01 4.472970437616032857e-01 4.448584327197301902e-01 4.538446680392610455e-01 4.515081576983084322e-01 4.521832764867212973e-01 4.576053179538995819e-01 4.561032114969780227e-01 4.519222048425656224e-01 4.556246491220202199e-01 4.626044993433014452e-01 4.624911777317738393e-01 4.593301314009015646e-01 4.591348014755398665e-01 4.582314221447255642e-01 4.529437425098573611e-01 4.466149255847949306e-01 4.550947057076626945e-01 4.585368065359339274e-01 4.596952284381372045e-01 4.556448799596153343e-01 4.593790371482099899e-01 4.621369376812612395e-01 4.581867585561341105e-01 4.456788600965633784e-01 4.557542371623032329e-01 4.554127599852639263e-01 4.568307682612302578e-01 4.598271919806501407e-01 4.574179637764317907e-01 4.564447377875663903e-01 4.516832923406455258e-01 4.534152377126230427e-01 4.603048731358681533e-01 4.534349820673172493e-01
6.989451291499837460e-02 1.447604219677194604e-01 3.603028017868318833e-01 5.725435199160177069e-01 4.431607111212538808e-01 4.078637852620572435e-01 1.000000000000000000e+00 7.046924390360470580e-01 6.914264534151670638e-01 6.609324657451746132e-01 7.281474302557849887e-01 7.705276915473285859e-01 7.204380321640436735e-01 5.682127663040358323e-01 8.269570650745518003e-01 7.894532468295226701e-01 7.105579958728742707e-01 5.570148376944539237e-01 6.326380778017995921e-01 4.946630702852321537e-01 5.855678429846720157e-01 6.567473876326924698e-01 6.395195331931597948e-01 6.310232097540288132e-01 6.153975265298097241e-01 6.958324229495362889e-01 6.938734256022487390e-01 7.174316544834801190e-01 6.493117317980056091e-01 6.637336379605283110e-01 7.100005473865729222e-01 7.559384304276575151e-01 7.063627532990203184e-01 7.393605691290306980e-01 7.137239811179736382e-01 7.456305225725933239e-01 7.279857195285830418e-01 7.803493320096517305e-01 7.691201891589255490e-01 7.716022066670693569e-01 7.736135762558340456e-01 7.928515011796836154e-01 7.933476708625151197e-01 7.959550791743726927e-01 7.837323356427419174e-01 7.819424621863270142e-01 7.781655202129975635e-01 7.778757985763865568e-01 7.748471787045697612e-01 7.730134703012176978e-01 7.900326614033975625e-01 7.763478325742375619e-01 7.799996162949325296e-01 7.474714618804783051e-01 7.238214610158504314e-01 7.593095340128769299e-01 7.500291574271776840e-01 7.818375938997919050e-01 7.550209309300637273e-01 7.851626876892470186e-01 7.827622928527994128e-01 7.693110700023539916e-01 7.519994312745764686e-01 7.826989032944682290e-01 7.812645046116541980e-01 7.692668079097036982e-01 7.858930979739312539e-01 7.745047947927814480e-01 7.789285053054365582e-01 7.598896371388453863e-01 7.689069130015792064e-01 7.816351093911083625e-01 7.638466880416692195e-01 7.643091890093152152e-01 7.735227256910583993e-01 7.809293534538533921e-01 7.793019934100283708e-01 7.537187975708288246e-01 7.781018423251553351e-01 7.602043705290882913e-01 7.771919613568446517e-01 7.791337082966605099e-01 7.857518766440608760e-01 7.756877557554455738e-01 7.877814786655572554e-01 7.872084387226664370e-01 7.877267844298753152e-01 7.967785181247999393e-01 7.977576144350387866e-01 7.756194938975962128e-01 7.915754887064542222e-01 7.934477538649737927e-01 7.954396359282337459e-01 7.962092634953588099e-01 7.818338793276816689e-01 7.836800037108276884e-01 7.819923232900830579e-01 7.752092447086876836e-01 7.795476154372588118e-01 7.945884325177225982e-01 7.960223010292790669e-01 7.808744654783776884e-01 7.875333551212824190e-01 7.948966705543448752e-01 7.919916973669627325e-01 7.695013280130474920e-01 7.822089052718849134e-01 7.753737005896091938e-01 7.770076271584807071e-01 7.836614959590606500e-01 7.874382786704776649e-01 7.843699136791713045e-01 7.788244317824500884e-01 7.859895578187162668e-01 7.883923013339605435e-01 7.793479677691893537e-01
5.883018938364321937e-02 1.152882206585027353e-01 2.880479844660617239e-01 5.246905070474832122e-01 4.333954091179496038e-01 3.414800037426307111e-01 7.046924390360470580e-01 1.000000000000000000e+00 6.514701778856544223e-01 6.065956680648832977e-01 6.745500720849387788e-01 7.214539359579958955e-01 6.746707344479351276e-01 5.202281775248837059e-01 7.611370940701992494e-01 7.526363093230956647e-01 6.516850375830072206e-01 4.709154835841523057e-01 5.337844936641688021e-01 4.450533369781417559e-01 5.262844394457404373e-01 5.956665683301081149e-01 5.419027376085193692e-01 5.306642253193810665e-01 5.349339423351626710e-01 6.116941375586989471e-01 6.133491464890855616e-01 6.269182532075331382e-01 5.572038522733058219e-01 5.775727523047557987e-01 6.247225089937020748e-01 6.787542454087934773e-01 6.266207936899922393e-01 6.546161464176407652e-01 6.303522322606265327e-01 6.668429050857108686e-01 6.344549279758892046e-01 7.154903959847411787e-01 6.923622680780173733e-01 6.951870923496415999e-01 7.055060552380679750e-01 7.302752593538814896e-01 7.207926499311100299e-01 7.289595710846761278e-01 7.078558504942308316e-01 7.075155588992985134e-01 7.216949344379852693e-01 7.237021360673657755e-01 7.262699401908641050e-01 7.182372293008219000e-01 7.313930692204098083e-01 7.173014093108945888e-01 7.227199255326768323e-01 7.002197707766730783e-01 6.750284848740948362e-01 6.921776374441882540e-01 7.087268235510958414e-01 7.284863839127796448e-01 7.053977160653451817e-01 7.325696097592940825e-01 7.280982972656840913e-01 7.221957180328274495e-01 7.110250286057694380e-01 7.293043321171822635e-01 7.211126529513059991e-01 7.242092829467910997e-01 7.248938254703821693e-01 7.025682099203371944e-01 7.071610954387701486e-01 6.954125611995944922e-01 7.034487465705567821e-01 7.151803103030051068e-01 6.888091187785750913e-01 6.872574629400638457e-01 7.078996496027709640e-01 7.157287903842436405e-01 7.118459154600437211e-01 6.802914675875850747e-01 7.115627484539602809e-01 6.936059899820429253e-01 7.041477187544286087e-01 7.073155211425428135e-01 7.182428931138812311e-01 7.055773270074757741e-01 7.205451574570312934e-01 7.196719583657820163e-01 7.163937331134812014e-01 7.321165211782425519e-01 7.269550934009367804e-01 7.109961662019409490e-01 7.238077545214174346e-01 7.282324290702878455e-01 7.244593013625285627e-01 7.287267022962675700e-01 7.255913755276870436e-01 7.266446269726922758e-01 7.276969635160160932e-01 7.265524829441390997e-01 7.242729840474043668e-01 7.296922938954762961e-01 7.304506804984985946e-01 7.290764393156390355e-01 7.291996308743786681e-01 7.364503397894929249e-01 7.312551400104881916e-01 7.200465441425603075e-01 7.279787573201893514e-01 7.173789659941943730e-01 7.174066032062371701e-01 7.279726693320102138e-01 7.301677500060630432e-01 7.303152492168059062e-01 7.260517641075212580e-01 7.317108788686385035e-01 7.278336870317825280e-01 7.260873975130260893e-01
1.609611181159398829e-01 1.916382732775566977e-01 4.104791782516565846e-01 5.326482021991203464e-01 4.518509140183576411e-01 4.127372328755432584e-01 6.914264534151670638e-01 6.514701778856544223e-01 1.000000000000000000e+00 7.530521126225309114e-01 8.094939205459141807e-01 8.219608059494862840e-01 7.415161250567123830e-01 6.352789171583537176e-01 8.279555716099255003e-01 8.210954963518731775e-01 8.081867617116013092e-01 6.858885040087859819e-01 7.395118900320065691e-01 6.288233894626505949e-01 6.969354346020983915e-01 7.666485165318382977e-01 7.182594583925104859e-01 7.337763923697421253e-01 7.393718492181846624e-01 8.275808815297081011e-01 8.202798171311252995e-01 8.143026563454393019e-01 7.648477264746122994e-01 7.954221537811935194e-01 8.317416555919802112e-01 8.426062028941339044e-01 7.760569346426827719e-01 7.960614110115011854e-01 7.985388556607653232e-01 8.150329709693070468e-01 8.117286412707346299e-01 8.582120456278521381e-01 8.345314609544232098e-01 8.402730047284147075e-01 8.658674662960501589e-01 8.683032032851769610e-01 8.505706324018599274e-01 8.747106184837364351e-01 8.674198443400111813e-01 8.566497911145162236e-01 8.704505780261286851e-01 8.736775029791306046e-01 8.602711126518561846e-01 8.357000283420347175e-01 8.618345072055457745e-01 8.313951821767199268e-01 8.540853559370168435e-01 8.623126874650700602e-01 8.457926311173598055e-01 8.602268271604277539e-01 8.523232260297448626e-01 8.770804769808369095e-01 8.539138378572187493e-01 8.798614698521722843e-01 8.629213113985036987e-01 8.646837778722580303e-01 8.498780527628636561e-01 8.711441206580485819e-01 8.772971220000227444e-01 8.681265204065323760e-01 8.722161532402923356e-01 8.695822539521980143e-01 8.644224873526230590e-01 8.675341907869802416e-01 8.702894365883691030e-01 8.795163015491637148e-01 8.611144428393731065e-01 8.670568506330266212e-01 8.785122985098999804e-01 8.766700224737433711e-01 8.673614218094438666e-01 8.549372687863606712e-01 8.756830791977281425e-01 8.723782938765298756e-01 8.720697247301369970e-01 8.770848638230348548e-01 8.620843418316264106e-01 8.612156648058477693e-01 8.598409026139108846e-01 8.689669234073399418e-01 8.725737164062797868e-01 8.723631035673635736e-01 8.716128180293641892e-01 8.624711455886386879e-01 8.693072320665345964e-01 8.748321422832114891e-01 8.762660456048257940e-01 8.743706941353602824e-01 8.651412948626443500e-01 8.668629598805300818e-01 8.584173727950716870e-01 8.577383429782649005e-01 8.640262624191282770e-01 8.712997307345951015e-01 8.667126538871365860e-01 8.649227038374814880e-01 8.662885264677757657e-01 8.745058029625173424e-01 8.705205916912317488e-01 8.574110443505700285e-01 8.655392685872217440e-01 8.678748064698056375e-01 8.662211787314637590e-01 8.697760659236809522e-01 8.654773447518682161e-01 8.751695014662386196e-01 8.682565811916037601e-01 8.709231521273280707e-01 8.746111586051908970e-01 8.690575162657948605e-01
1.043366252347690121e-01 2.145656060158023237e-01 3.404824324303677430e-01 4.711179431085396052e-01 4.003215738255782585e-01 3.865760472238017331e-01 6.609324657451746132e-01 6.065956680648832977e-01 7.530521126225309114e-01 1.000000000000000000e+00 7.451276020884269879e-01 7.533745614554656633e-01 7.124557382523680760e-01 6.028114113996095869e-01 7.837900547971112797e-01 7.669118291465423232e-01 7.428541619778721294e-01 6.396587331752364713e-01 6.843123067759949718e-01 5.418720980946895027e-01 6.077442604580438612e-01 6.823144608734386107e-01 6.750447297276012115e-01 6.808732105632835374e-01 6.755544715266507128e-01 7.752668471297938790e-01 7.609459737144268487e-01 7.774671263367448626e-01 7.277766189328270796e-01 7.478993018995123698e-01 7.752208915962378599e-01 7.837727610068032646e-01 7.483792931434637419e-01 7.414066532450183100e-01 7.630731746514386460e-01 7.531056697585245541e-01 7.540404851124152819e-01 8.081581094553658140e-01 7.809132239304980017e-01 7.850286303701333734e-01 8.113329002682937441e-01 8.152449553781212499e-01 7.986384880541309572e-01 8.089557559165310163e-01 8.087210656377049611e-01 8.045295125176433748e-01 8.132737578775245391e-01 8.173289239860704880e-01 8.009500297690497206e-01 7.706411417537541997e-01 7.969472996262181308e-01 7.641451872321819438e-01 7.923669655038596549e-01 8.040587560335858974e-01 7.805870513382092701e-01 8.036521117308303985e-01 7.805318183625969963e-01 8.186948233099685668e-01 7.951002355293228518e-01 8.156320365552235385e-01 8.035348773958529423e-01 8.039450564637264929e-01 7.835624742044164925e-01 8.053442678687726675e-01 8.108085985063481216e-01 7.991437468051088011e-01 8.154775655950343705e-01 8.159657631211643114e-01 8.109542604291148926e-01 7.913942149065756881e-01 7.992986565119005737e-01 8.179704055295432541e-01 8.067497291711597240e-01 8.087913963552836316e-01 8.258543320798596987e-01 8.203896800965044811e-01 8.256038981869685545e-01 8.108986084188212207e-01 8.208772231931009689e-01 8.147407623056046599e-01 8.142843574571069221e-01 8.226322315985404865e-01 8.102616002285782937e-01 8.143834413470871780e-01 8.036368527401979156e-01 8.092743362004581886e-01 8.155751254820282625e-01 8.197904235857094157e-01 8.180694875884606532e-01 8.135810031049268698e-01 8.177842195646874979e-01 8.210830522168732770e-01 8.198675523820341260e-01 8.211965017542833811e-01 8.107762081062310777e-01 8.122278559057589664e-01 7.962696804398688988e-01 7.959876495926005990e-01 8.065175413139182847e-01 8.142626303663457188e-01 8.119210877405733662e-01 8.035757659650555329e-01 8.064090580702970579e-01 8.144477223608549421e-01 8.111980671610449223e-01 7.953227032071706892e-01 8.071631937726243544e-01 8.146986060357359616e-01 8.129610392461948942e-01 8.160507028084827974e-01 8.135345972818454063e-01 8.158420026488294452e-01 8.112010718079487592e-01 8.111351292236544941e-01 8.118639898353187112e-01 8.094539606316402125e-01
7.290745863197896359e-02 1.597692506872288865e-01 4.008524005786704980e-01 5.797182289588478366e-01 4.571837549347544938e-01 4.212207430190983981e-01 7.281474302557849887e-01 6.745500720849387788e-01 8.094939205459141807e-01 7.451276020884269879e-01 1.000000000000000000e+00 8.651304651785721722e-01 7.764266876808230133e-01 6.560724848928860542e-01 8.640201439110511972e-01 8.506581062994750253e-01 8.091973955970420684e-01 6.758926583905849883e-01 7.323806101321953532e-01 5.991843133334270322e-01 6.697434871440604010e-01 7.547326187510424722e-01 7.384111510444774096e-01 7.371132516663954082e-01 7.324123666334407812e-01 8.238251831112719525e-01 8.164027495073541418e-01 8.255526639073803574e-01 7.756044733639954059e-01 8.094713246510112370e-01 8.444858092340593592e-01 8.638970206660966378e-01 7.994448619830750724e-01 8.218822912555350246e-01 8.288923588013563659e-01 8.385468495173907799e-01 8.438549319669976789e-01 8.752758698186147157e-01 8.593063991633016485e-01 8.714570880202044956e-01 8.882788202767553098e-01 8.881121491895644926e-01 8.822387639629560852e-01 8.981668759041785410e-01 8.940397484084658952e-01 8.856214323786260056e-01 8.947430945023489013e-01 8.962768172878128325e-01 8.862324820026568073e-01 8.645051957914533514e-01 8.874755516941904565e-01 8.588858871013587137e-01 8.850278317533943895e-01 8.836459005332939487e-01 8.659832418559694212e-01 8.878212000677129234e-01 8.722726069950120786e-01 8.916692850098840717e-01 8.790142432234829828e-01 8.979076199349680376e-01 8.886270631124548736e-01 8.909945208392533456e-01 8.795013310764262515e-01 8.930542250038138175e-01 8.926190017501722807e-01 8.929322902869364365e-01 9.000269677912240418e-01 8.973994012033056356e-01 8.968711689175460355e-01 8.805286541457169047e-01 8.842487142465793593e-01 9.000639116578643684e-01 8.881672176515444939e-01 8.865362428826693009e-01 9.026246733487682805e-01 9.015350081434135854e-01 8.938466227496300043e-01 8.831344463075849749e-01 8.996330747880749712e-01 8.920955386432595224e-01 8.993033843532080018e-01 9.035235407866839541e-01 8.954619415010047767e-01 8.903564573936695314e-01 8.932501473193790176e-01 8.995275642653618453e-01 9.043731296486168247e-01 9.010950710532678043e-01 9.026964861533657292e-01 8.969585119060967671e-01 9.040125146595320293e-01 9.048632884596014003e-01 9.055869157897720179e-01 9.050909084211690159e-01 8.989323054268678614e-01 8.999379148346539070e-01 8.871045387904307189e-01 8.828521831387634577e-01 8.952783245627504716e-01 8.992588618268143597e-01 9.040448374706577805e-01 8.957649520156167888e-01 8.973141342904470408e-01 9.035815470407362326e-01 9.024771205014718856e-01 8.901977640036794481e-01 8.971121696453219219e-01 8.989901170496376048e-01 8.993198438764530289e-01 9.001139150963035629e-01 8.979468839592067431e-01 9.007929335501506651e-01 8.991687880632580621e-01 9.003643875050207912e-01 9.024298010339244502e-01 8.984650223266595903e-01
2.691076319575985004e-02 1.425274653461954533e-01 3.648981541243162541e-01 6.439098355488870329e-01 4.870417469132411470e-01 4.383922529627998221e-01 7.705276915473285859e-01 7.214539359579958955e-01 8.219608059494862840e-01 7.533745614554656633e-01 8.651304651785721722e-01 1.000000000000000000e+00 8.214892575651907558e-01 6.629289893745777817e-01 9.030085073949862817e-01 8.848637890040497167e-01 8.145908294795842775e-01 6.225795704301440026e-01 7.016383347471184528e-01 5.737103845259957646e-01 6.650020627604302792e-01 7.519573357845963368e-01 6.872083272538821452e-01 6.968379381765811287e-01 6.901561723035912754e-01 7.992148562234862030e-01 7.925384709766487568e-01 8.017214118605512363e-01 7.526922067942937167e-01 7.775048196405980327e-01 8.153555034303909821e-01 8.684047791528971549e-01 7.921487900639133661e-01 8.116369712974255135e-01 8.146843641634754496e-01 8.271867445595066926e-01 8.195068355892045631e-01 8.882973893771899387e-01 8.577815254149496749e-01 8.815658839968073535e-01 9.036309361762663306e-01 9.005963416725539794e-01 8.963819144344763457e-01 9.210500145041274900e-01 8.976282885314262883e-01 8.979923261671933776e-01 9.264815640929232599e-01 9.264168743630261105e-01 9.287506900104827157e-01 8.923723283424789265e-01 9.151364249041555876e-01 8.865300482738471821e-01 9.169878603949733753e-01 9.098129760838875590e-01 8.862848990859495402e-01 8.922617583018535026e-01 9.086038323724906496e-01 9.131346493424563615e-01 9.094374755850573866e-01 9.281662597378870228e-01 9.254416874231905510e-01 9.240838221626770377e-01 9.155195829802476037e-01 9.278663402871005772e-01 9.163024885612425230e-01 9.244342653889316974e-01 9.283411429550868510e-01 9.088139735627469573e-01 9.095973331333774281e-01 8.962288191866052411e-01 9.035880608307028661e-01 9.180467456386997016e-01 8.950197786774921616e-01 8.916264892122985897e-01 9.147127050232090051e-01 9.157705116601032591e-01 9.107574368241213580e-01 8.930626326038590967e-01 9.154985033518157067e-01 9.024639490316919144e-01 9.095264148322421693e-01 9.153927057678712398e-01 9.106812231527507961e-01 9.061035505855669081e-01 9.141191952433118662e-01 9.145955144516635382e-01 9.156417104457227341e-01 9.257399922393976244e-01 9.208757780061473941e-01 9.101945621418308097e-01 9.227020432649867265e-01 9.286818698783588788e-01 9.265712651230565422e-01 9.291841240801527180e-01 9.317379001210204237e-01 9.324725763660881572e-01 9.267225682048219060e-01 9.223036022194200934e-01 9.303170836723305692e-01 9.267415991359116978e-01 9.306674782681142455e-01 9.318532252492557344e-01 9.296801596872891205e-01 9.351963904254553261e-01 9.297607992710454905e-01 9.253648390188509154e-01 9.337581263765575290e-01 9.250949568115479638e-01 9.246157552213779551e-01 9.318657442925974976e-01 9.281311842702372195e-01 9.338330713647112757e-01 9.315896458542877179e-01 9.338942211022011053e-01 9.321772518228691462e-01 9.326887236547236615e-01
-6.038981800806824188e-03 1.320826899424207557e-01 3.135734889220572752e-01 5.306327922589088031e-01 4.651737432136219819e-01 4.044489925651849060e-01 7.204380321640436735e-01 6.746707344479351276e-01 7.415161250567123830e-01 7.124557382523680760e-01 7.764266876808230133e-01 8.214892575651907558e-01 1.000000000000000000e+00 6.089521263314681132e-01 8.363940699699905501e-01 8.279968961459656107e-01 7.438823953493615138e-01 5.877539433881017183e-01 6.458278042573755151e-01 5.022854178419836613e-01 5.772531602685326835e-01 6.630663741187814431e-01 6.393925528397639280e-01 6.363943534678502267e-01 6.262850398811385944e-01 7.473589882784641425e-01 7.302365049939238961e-01 7.448220086116673633e-01 6.923373670188340823e-01 7.100034347433017423e-01 7.429773098301285517e-01 7.987701934618548494e-01 7.391341243233143787e-01 7.464720395695692012e-01 7.526341996334131590e-01 7.609308640969706383e-01 7.483833799844640255e-01 8.205837031956927374e-01 7.852837209586128742e-01 8.072442497662408734e-01 8.318981727508375501e-01 8.331603216838610049e-01 8.305788660358067732e-01 8.469848585577431921e-01 8.235994071903866010e-01 8.268159506159837857e-01 8.553632208788820579e-01 8.521944276275473795e-01 8.473917617394135515e-01 8.256276740307912920e-01 8.407846278923005734e-01 8.254154691099389041e-01 8.459707368223768897e-01 8.353836911956206146e-01 8.056169769633882982e-01 8.184233894719139535e-01 8.194683567821172687e-01 8.430432942825102360e-01 8.277397839680479263e-01 8.542546007790799978e-01 8.537004181513614398e-01 8.459859400555980180e-01 8.294808370134525433e-01 8.496616927700462174e-01 8.455760437833933496e-01 8.483846696895357420e-01 8.576383145291679444e-01 8.407349550280880379e-01 8.435510400244000673e-01 8.146837851945866182e-01 8.186598757176952734e-01 8.415477885264626146e-01 8.251739934324059389e-01 8.177350545980890395e-01 8.461947237221864038e-01 8.443234676689362894e-01 8.439165949468306893e-01 8.270547367376415160e-01 8.425378792265114658e-01 8.293584544073839826e-01 8.368467183344484583e-01 8.418209200721372687e-01 8.385089830454229842e-01 8.368547220003977882e-01 8.457485557627875128e-01 8.453384308464608754e-01 8.417589717146535255e-01 8.552102837021960946e-01 8.488933792935304812e-01 8.404208688806400485e-01 8.523844466351796489e-01 8.576101841417055338e-01 8.526452815159901721e-01 8.564708473934585786e-01 8.600693526682171575e-01 8.590043352646852259e-01 8.477816078825483048e-01 8.441190731914859358e-01 8.581522480618308801e-01 8.562752874296121197e-01 8.571202277403068281e-01 8.534477588975437623e-01 8.576483908605448958e-01 8.635749497430917909e-01 8.577453142650545148e-01 8.402791031171513714e-01 8.571273536273218419e-01 8.539512120760014424e-01 8.533961171757888931e-01 8.580148094106767598e-01 8.544470710399773017e-01 8.603472101773750325e-01 8.538114282094575458e-01 8.570035420911831237e-01 8.570519902531287260e-01 8.569017097029307806e-01
