1.000000000000000000e+00 5.732571293823295749e-02 9.824063371680211154e-02 8.228563371592235998e-02 4.914873454183520812e-02 3.510539049747425644e-02 5.863635780038699286e-03 6.522088580732678109e-02 1.916718965411031983e-01 3.359306857318370559e-02 4.706712388564041061e-02 5.045645128915730165e-02 3.359572345943776656e-02 -2.291357247591189247e-03 1.100949627342112658e-02 1.715419182831715711e-02 1.701882880957714395e-01 4.783556730877742968e-02 7.924556401224563040e-05 7.794508240761335860e-02 8.952191516120511228e-02 5.347729650401701618e-02 7.110699071301410101e-02 3.308197482427548825e-02 4.374409525207904187e-02 9.365250481843599706e-02 6.354974855972352066e-02 3.170340078375144532e-02 1.146512986015967156e-01 8.906922346962325987e-02 9.385686534939180481e-02 4.964488079894599504e-02 -8.976870740516867953e-03 3.800957699225165909e-02 2.799013794877258654e-02 -1.756707145844537115e-03 3.309546143865699924e-02 1.545455395587816937e-02 8.920050673181223119e-03 -5.514444699283817947e-02 2.687523931195629975e-03 -3.002852978369852099e-02 -5.218168718845041243e-02 -7.449462357978854686e-04 1.477166673478077369e-03 5.445689456651283712e-03 2.722194322293135585e-02 2.185113182592142780e-02 5.910649803250685175e-02 4.692946255878024941e-02 1.786414110636806718e-02 6.270150076850757037e-02 5.132388383796078479e-02 5.498889123297127229e-02 5.184238769747827325e-02 3.126684051380523161e-02 1.013909673990694843e-01 2.130900676595479451e-02 3.604348072885055210e-02 5.887937069603561835e-02 3.276989752993857141e-02 5.735952277676316380e-02 3.802851010853895708e-02 6.995680108481808213e-02 8.854630429186119422e-02 9.212438896943238309e-02 3.613745568461020075e-02 9.081209443477941679e-03 2.366810634604074939e-02 4.104343795061123068e-02 2.335502549113660162e-02 2.303636058457434604e-02 1.374011693040788976e-02 9.985372126003165538e-03 3.106394976454634332e-02 3.229073993772169082e-02 1.581608402924774767e-02 5.410633211386225300e-02 2.086280980945226862e-02 4.909182088114760756e-02 4.720086651153355267e-02 3.612084113714672529e-02 4.352046247440521931e-02 2.460567767326921410e-02 1.511691042784640490e-02 2.272892865050504113e-02 6.896805680410510696e-03 4.314794856976956680e-03 2.546583609073390514e-03 2.772225731427986964e-02 -1.414223405972836987e-02 -7.088741083271676846e-03 2.429493248566978215e-03 -5.815602842891592038e-03 1.233894176059370344e-02 1.257693628888468390e-02 5.730839495146719358e-03 7.800802430602879478e-02 2.033294148524933398e-02 1.786882041632749732e-02 -2.049799513866600378e-02 3.245150875177305050e-02 3.215158143465827317e-02 8.231369398936141599e-03 2.595385187816262595e-02 4.901134296448219491e-02 5.037834648696791484e-02 2.108626299327276063e-02 1.881770005942285870e-02 2.337399625881280904e-02 5.707075365345761278e-03 2.845009048841290467e-02 1.981742951250014054e-02 3.270122279849469599e-02 5.148377316617622212e-02 6.107382076121374570e-02
5.732571293823295749e-02 1.000000000000000000e+00 5.704155426871967971e-02 5.635051939196693976e-02 9.821825669490426292e-02 1.012847630473689003e-01 1.226330419841272501e-01 7.342438693219550949e-02 1.225532159202694371e-01 1.614450602822725678e-01 1.088152592920933609e-01 1.101839246348282619e-01 1.255450176495745140e-01 1.184206035623176362e-01 1.163717326012650988e-01 1.046421745949503157e-01 1.058800141371908504e-01 9.573549391445407286e-02 9.827591205334895719e-02 3.865874741130115311e-02 2.133051335428981510e-02 6.453245939464138936e-02 1.460087732890237022e-01 1.165576963152204631e-01 1.069533417654320306e-01 1.453926248984296066e-01 1.248397957814936787e-01 1.308047897677734606e-01 1.369613065013725595e-01 1.320876829067157143e-01 1.428847681796127089e-01 1.517189466194237557e-01 1.062651700462215187e-01 1.203781355452030050e-01 1.130677283699694502e-01 1.145045328403392210e-01 1.143566414412670873e-01 1.271371957984479828e-01 1.309735005365628147e-01 1.329987010327040309e-01 1.470074679553398100e-01 1.328440748452136000e-01 1.227065364858610230e-01 1.331271457918732359e-01 1.420697960871678545e-01 1.396661653880992282e-01 1.416591384714317448e-01 1.459652150476022925e-01 1.404808788765951888e-01 1.103582432159857657e-01 1.279092485215148900e-01 1.106013278859869498e-01 1.213558877694185661e-01 1.339021901744321952e-01 1.336426766408408962e-01 1.550503047711611626e-01 9.872254881131345416e-02 1.311389877620925681e-01 1.190633929560482723e-01 1.341259263621003284e-01 1.277875098385100605e-01 1.241035888960258515e-01 1.124881684200676607e-01 1.198362455892698769e-01 1.206600268624927752e-01 1.220022681677506576e-01 1.425529747686343218e-01 1.429395599616292423e-01 1.555678899378186153e-01 1.105683239982841876e-01 1.119497465779661083e-01 1.356135896885195258e-01 1.455969888276204827e-01 1.354980938645384825e-01 1.476949425711043817e-01 1.446901134688934332e-01 1.460065066979040760e-01 1.453917367662845295e-01 1.490216444629972048e-01 1.517241324838653482e-01 1.530200465454819581e-01 1.448771098393130952e-01 1.425670860608692359e-01 1.452971334771351875e-01 1.384274380513255409e-01 1.403841068827406668e-01 1.444013163173896719e-01 1.464821306813679780e-01 1.457932075182722109e-01 1.460407725163194725e-01 1.482910029609170177e-01 1.447349382358300574e-01 1.452486743352790211e-01 1.418932118742925186e-01 1.419768723764381624e-01 1.427161006935378229e-01 1.287015007842075009e-01 1.132709106261726856e-01 1.333182046767913687e-01 1.403386726188903533e-01 1.345039940975633341e-01 1.303490903655329103e-01 1.312853677053640589e-01 1.357386503803932054e-01 1.342931921340856372e-01 1.178275910082198091e-01 1.364364902655374745e-01 1.458331869715066287e-01 1.434602815492933281e-01 1.412887965623703113e-01 1.361256006978382171e-01 1.378368768111967180e-01 1.336425243838437749e-01 1.295857361642339667e-01 1.312153650633381685e-01 1.297092235165950846e-01
9.824063371680211154e-02 5.704155426871967971e-02 1.000000000000000000e+00 3.032190468233921243e-01 1.605355384612679459e-01 2.161420179612905945e-01 3.428210866262186851e-01 2.860762394085119009e-01 3.344212896610563313e-01 2.868107851619344228e-01 3.553285927721538950e-01 3.617753682327972675e-01 3.034473691481505697e-01 3.022505966767742858e-01 3.611069394903430596e-01 3.360924860051409113e-01 3.094654350263708054e-01 2.739168878292664866e-01 3.363842975337087426e-01 3.016427282817940592e-01 3.322474739448860181e-01 3.583152367164715857e-01 3.193340911620831113e-01 3.210771535001931687e-01 3.448083541127640039e-01 3.756100321131389808e-01 3.795152158425079136e-01 3.792686743413598016e-01 3.960009679406873428e-01 3.668207191816731383e-01 3.826274811782074958e-01 3.702857768254303461e-01 3.392894702556000230e-01 3.751662016604681016e-01 3.360265338667632329e-01 3.506790650916329355e-01 3.694456494229777510e-01 3.572259063279437097e-01 3.651919152063187735e-01 3.609242229138378000e-01 3.643291313759833838e-01 3.629504266505921284e-01 3.633288923611638910e-01 3.598060598073440364e-01 3.590467174394341709e-01 3.593888878440117396e-01 3.561249626943034929e-01 3.497683728569935258e-01 3.617824046545236594e-01 3.737052928608358693e-01 3.675971456277727922e-01 3.817756134913523058e-01 3.647490035186229385e-01 3.556872209832120380e-01 3.524624911426549323e-01 3.640873965940946144e-01 3.693684803250084636e-01 3.448367468477440689e-01 3.531422807585721246e-01 3.458312054489768306e-01 3.643742828387189214e-01 3.494918383802633755e-01 3.509615327229904658e-01 3.630932159862817477e-01 3.626878177780528678e-01 3.574472099366525768e-01 3.535653349962931680e-01 3.608463939852739610e-01 3.762963153811637040e-01 3.809733001580715150e-01 3.745328556585179047e-01 3.705652806289506662e-01 3.677217937694900463e-01 3.698534731003654263e-01 3.709616174975751135e-01 3.731264611817549648e-01 3.727343823743637374e-01 3.809870098355471746e-01 3.751967305044114909e-01 3.689273669070968764e-01 3.708234376542121069e-01 3.642260805795988765e-01 3.708968746157382257e-01 3.607270574430855858e-01 3.731803606617222213e-01 3.767698057575697423e-01 3.664069910634593086e-01 3.633883355133312176e-01 3.617129804920454772e-01 3.674420040964770373e-01 3.713793630375077370e-01 3.630038407190972483e-01 3.656582779612342349e-01 3.569824939139503717e-01 3.511017952589233770e-01 3.513986634079500071e-01 3.735849210293364364e-01 3.733283827978584046e-01 3.605881450021899415e-01 3.651703134262692108e-01 3.655210326939946630e-01 3.646294140424793384e-01 3.645933577886962818e-01 3.577796420005566191e-01 3.711245953309040835e-01 3.621503635576235336e-01 3.690628511266593192e-01 3.535882168727652042e-01 3.574689146737122236e-01 3.533014534345217950e-01 3.526378670933690285e-01 3.532349562292029788e-01 3.479736314735025760e-01 3.607349653932522271e-01 3.563695825955160990e-01 3.617844812330835436e-01
8.228563371592235998e-02 5.635051939196693976e-02 3.032190468233921243e-01 1.000000000000000000e+00 3.206717134711212225e-01 3.911289619412456897e-01 5.922801485854168879e-01 5.323347803560801728e-01 5.885146603356163908e-01 4.803234457666600288e-01 6.182587105304696573e-01 6.450182857769165556e-01 5.444637013880964105e-01 5.493555837826036292e-01 6.405185531571759849e-01 6.124563697941641793e-01 5.630419296570545740e-01 4.446675421779548443e-01 5.200071884545167666e-01 4.929019262230453502e-01 5.768043615111205780e-01 5.670476041015957147e-01 5.042251576417783321e-01 4.720805263920551109e-01 5.240288593904111059e-01 6.045957865832823908e-01 6.054175473638097049e-01 6.079960907308586959e-01 5.754392514234751843e-01 5.904194257518484701e-01 6.303732298098192466e-01 6.130383946709702103e-01 5.827281164463156138e-01 6.176794724020238103e-01 5.814609316820645857e-01 6.086585398820751891e-01 6.101467241939900754e-01 6.366435863407494677e-01 6.358512771708635380e-01 6.108853451298860149e-01 6.201506069733679904e-01 6.228695831164192676e-01 6.080181846505492427e-01 6.280663888321109667e-01 6.341399969054472008e-01 6.134951369327318327e-01 6.226887577703256182e-01 6.156676936833244129e-01 6.304404649259482962e-01 6.458318838758893010e-01 6.346813553023022969e-01 6.258906919203279795e-01 6.294628520432475893e-01 6.190818383156011517e-01 6.064704082972859345e-01 6.313373953818532947e-01 6.337998005037531746e-01 6.201875729252732672e-01 6.255572390845490771e-01 6.194147181463499630e-01 6.241137140712916809e-01 6.168975715430504714e-01 6.240271791544113045e-01 6.302176388843759858e-01 6.329042686150164743e-01 6.240367925082068723e-01 6.190291339360373124e-01 6.017358358427202791e-01 6.161188937495793994e-01 6.355398003044230304e-01 6.309539624308333483e-01 6.198399868345298991e-01 5.906617876560668057e-01 6.058493147307026927e-01 6.224260562567422994e-01 6.274738005791664630e-01 6.226266533255532254e-01 6.135411502115819538e-01 6.211183590389165454e-01 6.177611950578900668e-01 6.216767167330492505e-01 6.242989556872888812e-01 6.339350970241413030e-01 6.165230791098380569e-01 6.398632867882444453e-01 6.289304646125634113e-01 6.273121239768675306e-01 6.306879494719600521e-01 6.255982170787773855e-01 6.302468330778646655e-01 6.280587292267743038e-01 6.234434403443115391e-01 6.290987717389765477e-01 6.219987555280467317e-01 6.173821484912080937e-01 6.165436490290268079e-01 6.388978949844092980e-01 6.414897677874380477e-01 6.251108615139151503e-01 6.355423739441652398e-01 6.236231887229740645e-01 6.345666713564229733e-01 6.346874984495548544e-01 6.286221473258370995e-01 6.360137120808035949e-01 6.313520618708923227e-01 6.339594672150746790e-01 6.172956231301386376e-01 6.246082462917802447e-01 6.289224036629637027e-01 6.283267553344209499e-01 6.215941051334608058e-01 6.226042053031330958e-01 6.255126512189035370e-01 6.309679127009175659e-01 6.307600648299503954e-01
4.914873454183520812e-02 9.821825669490426292e-02 1.605355384612679459e-01 3.206717134711212225e-01 1.000000000000000000e+00 3.038905665729270122e-01 4.188838634151071938e-01 4.443040750630296576e-01 3.961089726139156997e-01 3.550289807367522643e-01 4.069605518275196676e-01 4.323497703242868417e-01 4.382241803153887338e-01 4.030690106263848937e-01 4.628432382756868524e-01 4.554257197182757788e-01 3.967305133862140676e-01 2.564134869017339335e-01 3.134529220960047824e-01 3.021193262517568590e-01 3.238389088635992841e-01 3.506344549345992712e-01 3.096468980080029909e-01 2.795043682756832015e-01 3.241595679024376619e-01 3.990598497817348655e-01 3.715441708671569088e-01 3.695298620488874364e-01 3.706696442784527812e-01 3.560891449234251938e-01 4.213631710809375708e-01 4.140073491869814548e-01 3.695251551725158290e-01 4.039355063833418580e-01 3.690920005602780773e-01 4.009236599962411329e-01 3.727758070385015499e-01 4.472409934488609795e-01 4.377004473506859727e-01 3.860061583791882245e-01 4.372667428651599852e-01 4.326375153966617315e-01 4.352430615124482927e-01 4.636541731647056408e-01 4.270231079708022848e-01 4.411041409798138746e-01 4.648173071046198257e-01 4.560843968506506640e-01 4.674807898646615167e-01 4.513498333020758424e-01 4.595669869000800767e-01 4.347477719665657214e-01 4.580156082775348469e-01 4.517900482103119897e-01 4.375120325836308610e-01 4.429446990893031733e-01 4.451938481192422858e-01 4.637509683164815488e-01 4.493999971205968613e-01 4.808851235264502422e-01 4.688334793770429498e-01 4.627023853690606647e-01 4.484372279430634545e-01 4.750862675519699208e-01 4.555409687796874163e-01 4.648477436759116399e-01 4.615945071763740137e-01 4.381173906436535148e-01 4.421793726893580301e-01 4.521392789757532893e-01 4.406427423963460432e-01 4.447197645839325864e-01 4.277843914044612283e-01 4.227762041849456587e-01 4.553553120114097741e-01 4.522487729823996827e-01 4.479127883237713492e-01 4.448568785061667863e-01 4.432825449209684132e-01 4.498121857935061807e-01 4.441080655537456567e-01 4.568130185954991096e-01 4.567033891209008045e-01 4.403803269403481768e-01 4.590085971905436546e-01 4.521466484455986534e-01 4.483065839972728561e-01 4.636943395430140891e-01 4.562179508650957005e-01 4.599190703498572397e-01 4.415852292817771252e-01 4.589631467360240080e-01 4.542371833928495750e-01 4.588777406118311752e-01 4.665941497312657837e-01 4.647863867438519758e-01 4.594872465913207304e-01 4.648159958500618361e-01 4.696785160434064355e-01 4.684462066104065348e-01 4.619014328707994332e-01 4.710644219865389171e-01 4.666570490488888834e-01 4.722571337591383034e-01 4.612688157672718003e-01 4.670774862257903171e-01 4.729255454663479075e-01 4.627873337071017334e-01 4.608045846568405990e-01 4.711401416725386482e-01 4.630169808464542069e-01 4.738922380607543672e-01 4.667964202745552016e-01 4.741200524433407670e-01 4.634782693604511672e-01 4.691317434067663883e-01
3.510539049747425644e-02 1.012847630473689003e-01 2.161420179612905945e-01 3.911289619412456897e-01 3.038905665729270122e-01 1.000000000000000000e+00 5.047728383362940496e-01 4.686221989804879029e-01 5.064310856000624472e-01 4.614132989032911358e-01 5.223175905775938599e-01 5.541698629932662046e-01 5.067948701343240048e-01 5.036920446183906774e-01 5.705581328423174892e-01 5.591394482751840256e-01 5.100028940044424308e-01 4.208732197521836138e-01 4.839202701672135065e-01 3.621201521243631594e-01 4.479641348141283896e-01 4.972389079309305626e-01 4.888123400019074305e-01 4.551779486642582584e-01 4.921045005587468824e-01 5.411102917638846987e-01 5.333832436214653860e-01 5.366338087700556203e-01 5.153601335587013610e-01 5.347325079401173964e-01 5.780875231709636797e-01 5.609712454608640764e-01 5.160165218945177434e-01 5.582198357530900878e-01 5.199350156223225827e-01 5.354440813855687598e-01 5.507607355828592066e-01 5.807770988064930862e-01 5.798376662300718243e-01 5.383260269463857606e-01 5.744159495911570490e-01 5.750379411628698811e-01 5.646590946377287867e-01 5.847569305162243491e-01 5.692176617612998424e-01 5.753016626255063048e-01 5.848834800948659041e-01 5.822394257941529983e-01 5.784100517726584734e-01 5.659099759597244761e-01 5.819707994716062371e-01 5.604832213257305851e-01 5.742609182688668268e-01 5.771744496108961453e-01 5.741109478751073025e-01 5.843328681205729458e-01 5.600428693071760611e-01 5.766510357111978013e-01 5.739424054147870269e-01 5.779614698787342020e-01 5.839740236589514577e-01 5.717771140085745607e-01 5.725605089479290921e-01 5.805082961723685431e-01 5.774054738712736112e-01 5.687613928157869703e-01 5.844329028766444001e-01 5.822096535584062593e-01 5.873079448807418945e-01 5.676948389436000664e-01 5.789445275913372990e-01 5.867080855615510737e-01 5.768443824091639138e-01 5.796389561047972094e-01 5.886127351982676226e-01 5.910645987935388979e-01 5.825999187200414653e-01 5.789300413026966519e-01 5.883568112551007534e-01 5.933119351466034086e-01 5.940045818991442905e-01 5.921917437973859277e-01 5.865914096857973714e-01 5.899799456865183478e-01 5.895253105551039319e-01 5.918340534402686259e-01 5.891472274044543544e-01 5.886219721196488397e-01 5.947970591927174144e-01 5.888540737056618957e-01 5.868385830602884656e-01 5.876363360835992200e-01 5.902814877424835682e-01 5.897094416409720541e-01 5.869751291151075190e-01 5.863193676900747553e-01 5.821799115267410896e-01 5.755302382872371503e-01 5.861321100131380302e-01 5.854994450986629184e-01 5.851463178814042543e-01 5.849761985600497871e-01 5.831476008532748834e-01 5.885565233571415922e-01 5.870564214927573854e-01 5.758252210886817268e-01 5.860887237722264276e-01 5.884486919486777712e-01 5.876016014669938059e-01 5.843270081595042242e-01 5.826195680585589676e-01 5.855727431057741184e-01 5.815777292061400372e-01 5.850841975256624306e-01 5.838420210637808028e-01 5.809851752742877240e-01
5.863635780038699286e-03 1.226330419841272501e-01 3.428210866262186851e-01 5.922801485854168879e-01 4.188838634151071938e-01 5.047728383362940496e-01 1.000000000000000000e+00 6.863737061742080092e-01 7.039169456874697639e-01 6.330360571244106893e-01 7.519220543327269635e-01 7.915727645241619204e-01 6.901487947350549712e-01 6.840331032168903702e-01 8.393658760963361720e-01 7.879782737098106615e-01 6.677507656488038679e-01 5.902878822664564540e-01 6.970650755610720006e-01 5.800157881797395332e-01 6.829103899540710509e-01 7.183026139672464838e-01 6.660379313865772977e-01 6.423878549889047163e-01 6.913076524467302031e-01 7.656994757499095972e-01 7.640434069945422069e-01 7.736577403121958074e-01 7.211331758670843639e-01 7.384414797915999085e-01 7.895662045520565053e-01 7.909540964815785502e-01 7.340681105329914802e-01 7.949081641669081266e-01 7.201009912430998972e-01 7.671348503220075665e-01 7.712075640241938812e-01 8.168093541726967333e-01 8.198208949577182603e-01 7.939979082775484587e-01 8.068742419350273254e-01 8.154386541969157465e-01 8.111956198421024222e-01 8.153118021155564277e-01 8.068543231315112862e-01 8.034347844977322017e-01 7.997001949946452859e-01 7.926146332841172981e-01 8.003913030900828840e-01 8.025416838084672433e-01 8.152934652027892248e-01 7.769327474430978153e-01 7.954850622206872668e-01 7.895243435802378196e-01 7.897450708705410216e-01 8.081779470761779605e-01 7.815112328173959844e-01 7.999392992350663478e-01 7.967304041327317732e-01 7.846622708916349831e-01 8.033380961276410659e-01 7.821275075019062939e-01 7.908017317016238223e-01 7.929216861401600092e-01 7.784057267401822688e-01 7.770155365699706884e-01 7.955473779340966889e-01 7.972889445910590345e-01 8.068417266072961391e-01 8.100456995476570388e-01 8.133876678038449715e-01 8.046748716358450570e-01 7.897433789204933996e-01 7.975592787978830200e-01 8.108114691992126533e-01 8.082155800646949606e-01 8.034178574419386099e-01 7.928415104532964275e-01 8.115455102759211448e-01 7.954762531760949384e-01 8.016306185751458369e-01 8.036042418183600988e-01 8.057462358685887338e-01 7.927248304918197430e-01 8.222385444306018476e-01 8.193547870722027726e-01 8.122552477512947622e-01 8.181622883570873750e-01 8.145239718813035434e-01 8.112809919813274151e-01 8.200381725112609876e-01 8.136685689291883739e-01 8.158848873654824807e-01 8.102869091736668583e-01 7.980200354092535919e-01 7.958365916140103247e-01 8.227545702782175230e-01 7.993688171012186539e-01 8.062645751564230245e-01 8.165441702835769533e-01 8.161851058532152425e-01 8.100533835843704011e-01 8.034075596517606943e-01 8.118115211253693619e-01 8.092211971621595668e-01 7.972963619997974760e-01 8.075370048668276679e-01 7.983248063705077335e-01 8.049799267199542196e-01 8.046628485971512035e-01 8.079684107796533121e-01 7.968406283085581743e-01 7.976994851935695907e-01 8.022482942515474225e-01 7.928951249902321807e-01 7.940631363350447725e-01
6.522088580732678109e-02 7.342438693219550949e-02 2.860762394085119009e-01 5.323347803560801728e-01 4.443040750630296576e-01 4.686221989804879029e-01 6.863737061742080092e-01 1.000000000000000000e+00 6.493852368706227729e-01 5.827293288830674989e-01 6.797809504577225770e-01 7.292658216768461710e-01 6.373636785892812240e-01 6.406397297610297858e-01 7.512665686634975026e-01 7.506996158021220777e-01 6.313412850964935652e-01 4.978349081311528312e-01 5.898834840860456286e-01 5.081230764984574488e-01 5.886260823122553276e-01 6.133926643606947282e-01 5.708505090904806289e-01 5.385952514942458080e-01 5.798625586909788021e-01 6.588030319294605475e-01 6.395552747545799610e-01 6.392462960388280990e-01 6.166374822334252936e-01 6.380248154665245641e-01 6.930960353771886684e-01 6.985689076056572633e-01 6.392652174798741926e-01 7.025684157949809716e-01 6.491203348257036376e-01 6.832557727844872364e-01 6.637962693836295669e-01 7.423107873949807978e-01 7.313678349694203717e-01 6.780775233553363313e-01 7.171383037931353677e-01 7.186947363125953947e-01 7.198870160750070468e-01 7.426973528899749599e-01 7.104149837653463972e-01 7.173977316049062747e-01 7.479331231464511065e-01 7.371401772463180846e-01 7.510510892824024953e-01 7.357765392180409814e-01 7.575112701247966873e-01 7.049625239415884259e-01 7.366660315766648814e-01 7.389854218706700673e-01 7.349732513355884400e-01 7.303923532572129673e-01 7.404317656518024648e-01 7.509442482872930036e-01 7.510737812074264053e-01 7.427256112562304891e-01 7.532580686485867982e-01 7.479686394934541571e-01 7.456585139397825523e-01 7.510594956649149223e-01 7.323843240317170489e-01 7.336791979652185214e-01 7.402498807208564013e-01 7.266549458018898289e-01 7.328908033052715654e-01 7.393622215761047611e-01 7.319559476941709386e-01 7.317431545307188090e-01 7.143823899242084385e-01 7.140043480461018000e-01 7.350489837647538049e-01 7.310508608286836463e-01 7.242075647039798447e-01 7.183759808554091020e-01 7.275906350881423679e-01 7.226813076384386303e-01 7.274331931175557209e-01 7.330737341304152110e-01 7.456204072297639707e-01 7.261305109154743143e-01 7.525995731325115790e-01 7.472082479875410410e-01 7.363998878178360519e-01 7.507776332667582819e-01 7.429764077261373778e-01 7.489645337168383543e-01 7.320284872327413872e-01 7.409320233942556788e-01 7.403054807790809821e-01 7.395217477502040726e-01 7.441348046390390270e-01 7.429951370941718647e-01 7.639525838329568330e-01 7.585009016145838334e-01 7.613294057005719484e-01 7.592842540489928016e-01 7.496808156282650515e-01 7.670845895679927473e-01 7.497516205933586475e-01 7.551985138315083779e-01 7.466805796819110386e-01 7.574026207383272036e-01 7.638969753024252851e-01 7.423307661784679379e-01 7.499865830175417303e-01 7.527113477358170490e-01 7.551280342262364220e-01 7.487038208970887565e-01 7.533484783538560992e-01 7.565488231078980608e-01 7.427706893842190849e-01 7.451440361589477535e-01
1.916718965411031983e-01 1.225532159202694371e-01 3.344212896610563313e-01 5.885146603356163908e-01 3.961089726139156997e-01 5.064310856000624472e-01 7.039169456874697639e-01 6.493852368706227729e-01 1.000000000000000000e+00 6.980140399507344107e-01 7.882202635471083907e-01 8.275610779299215070e-01 7.187518651368449696e-01 7.320069604160094334e-01 8.226168877024715442e-01 7.893177801185413678e-01 7.977989586394346189e-01 6.325726437423150328e-01 7.052495365507877034e-01 5.532720862140466656e-01 6.730835686539539120e-01 7.363777796008122989e-01 7.315692192171269204e-01 6.488732474454806942e-01 7.261873429495609988e-01 8.151853835435636242e-01 8.000336811107595647e-01 7.958779698621902821e-01 8.044759310052717050e-01 8.036334871729921003e-01 8.598669932096648649e-01 8.242316826110700489e-01 7.463563477308197136e-01 7.994449338225803059e-01 7.717525283310456841e-01 7.702388018572461359e-01 7.961799456441805978e-01 8.329255747474368921e-01 8.365799273008998060e-01 7.472634559405579857e-01 8.269588967850688421e-01 8.133463041257222859e-01 7.840907395216459852e-01 8.341475763052830228e-01 8.205664118175763910e-01 8.334847352344517679e-01 8.431683563598751929e-01 8.500472145400059798e-01 8.548150436746119185e-01 8.240245098805072388e-01 8.306788762339986087e-01 8.215351709186563545e-01 8.438831761166317724e-01 8.558409833035346415e-01 8.374591405391880183e-01 8.507823017043261160e-01 8.549057583322873244e-01 8.340181744694618038e-01 8.425757947714268559e-01 8.541757904978863891e-01 8.428792715737117858e-01 8.470231453935054278e-01 8.408366210198719992e-01 8.535750298446344031e-01 8.623284037314615791e-01 8.635447957333378666e-01 8.515412358643787982e-01 8.339098949268661798e-01 8.394910319525086262e-01 8.289946555285154783e-01 8.376027255598831323e-01 8.485372778977086083e-01 8.172154690618785855e-01 8.295897988868752293e-01 8.501774034419823378e-01 8.530967877515911457e-01 8.427040248038317749e-01 8.535133565419245061e-01 8.451462054353715558e-01 8.502282845758888374e-01 8.513762351365319336e-01 8.575402471711449648e-01 8.542337002281842340e-01 8.401020680996682533e-01 8.368644832071147066e-01 8.435895990782413811e-01 8.368994095360382524e-01 8.415877874010051496e-01 8.421040515635165313e-01 8.497209769540002844e-01 8.257214836278347070e-01 8.354382030211113808e-01 8.403378769326563802e-01 8.380827892430607884e-01 8.414640126252219687e-01 8.430530385131270732e-01 8.275366626504127021e-01 8.494089917164382442e-01 8.367671256658489876e-01 8.391419067640882856e-01 8.190824164840208033e-01 8.428485497804700799e-01 8.508982622265857110e-01 8.400019536756685445e-01 8.439807098188131240e-01 8.458215402755173695e-01 8.532225636553464332e-01 8.478642050291549381e-01 8.465482558630903487e-01 8.494930457715766936e-01 8.363586222570804640e-01 8.478489354312740423e-01 8.419439634652314819e-01 8.460403717881997965e-01 8.550925767953405643e-01 8.588965415299767425e-01
3.359306857318370559e-02 1.614450602822725678e-01 2.868107851619344228e-01 4.803234457666600288e-01 3.550289807367522643e-01 4.614132989032911358e-01 6.330360571244106893e-01 5.827293288830674989e-01 6.980140399507344107e-01 1.000000000000000000e+00 7.011556866961262680e-01 7.409504339489431102e-01 6.772200219595082560e-01 7.077921462885762294e-01 7.553624600634462061e-01 7.339606121013122486e-01 6.815737235619065970e-01 5.421848025323312559e-01 6.237063481782321173e-01 4.687484814390210364e-01 5.485595225703219224e-01 6.228506949918780622e-01 6.381292138337028019e-01 5.748458596940608789e-01 6.288399160577513580e-01 7.230882419943506223e-01 6.986741939635141563e-01 7.127059481637507687e-01 7.013254403251671931e-01 6.929586918891251779e-01 7.611415412418155446e-01 7.508345844552285486e-01 6.885818631197975215e-01 7.260355489710996757e-01 6.893633449417355674e-01 7.120477048691381539e-01 7.005470155866947435e-01 7.687092794815818531e-01 7.728560680754477108e-01 7.150095953721827824e-01 7.807555858748935762e-01 7.684150688825610587e-01 7.420149495372263537e-01 7.818070788052137177e-01 7.626980101242232246e-01 7.733472002495301867e-01 7.902853299400065534e-01 7.976431002496401357e-01 7.821157535528574511e-01 7.431564451302032914e-01 7.701014203955591775e-01 7.309354936048398921e-01 7.656364735073005745e-01 7.764264274766186080e-01 7.621496853960972873e-01 7.876811211013333702e-01 7.364948270163277355e-01 7.755830462832021821e-01 7.702445642440048923e-01 7.761511045071506354e-01 7.740665886440707411e-01 7.625149458113713585e-01 7.601624378139945071e-01 7.673159129416312618e-01 7.653732644408574037e-01 7.609952821010315116e-01 7.935341630333225815e-01 7.788335448898132674e-01 7.809950584209582880e-01 7.540992303720700507e-01 7.624157963642991254e-01 7.834642256162187568e-01 7.632462764445494541e-01 7.663544820623020559e-01 7.908766202038894910e-01 7.864301878659143430e-01 7.877880932623009258e-01 7.831188131760072890e-01 7.865544780523872070e-01 7.848222100594265394e-01 7.818493682653157029e-01 7.944012871054608738e-01 7.862985028670017584e-01 7.729978835544274451e-01 7.792038692240013109e-01 7.808102763808135727e-01 7.833053147910322700e-01 7.928293547183267176e-01 7.937991360966145660e-01 7.922506947233366459e-01 7.817824403566274727e-01 7.928792187641564571e-01 7.917520356145278937e-01 7.929875517968976162e-01 7.963966362693213341e-01 7.961809000069869358e-01 7.762552473150174936e-01 7.615201825576144445e-01 7.844015992400832360e-01 7.889037037943100739e-01 7.822594162426782516e-01 7.794334016209706339e-01 7.866434317581068036e-01 7.894498190040627472e-01 7.846832558243563849e-01 7.690870183244263858e-01 7.863826942874858617e-01 7.951217668977824671e-01 7.932542074891406614e-01 7.939351774602746437e-01 7.888526833840793229e-01 7.896197878569736206e-01 7.857894537904743792e-01 7.834997495876580009e-01 7.826269875764521045e-01 7.825480164021308971e-01
4.706712388564041061e-02 1.088152592920933609e-01 3.553285927721538950e-01 6.182587105304696573e-01 4.069605518275196676e-01 5.223175905775938599e-01 7.519220543327269635e-01 6.797809504577225770e-01 7.882202635471083907e-01 7.011556866961262680e-01 1.000000000000000000e+00 8.688955975808647647e-01 7.424033551196769221e-01 7.694573758157635668e-01 8.628309510782788960e-01 8.324146263290675973e-01 7.467097418915797924e-01 6.501983439178350421e-01 7.453507956501120857e-01 5.757441585977326470e-01 7.089508809896336583e-01 7.644649075139351435e-01 7.410207119876814907e-01 6.868953785006317592e-01 7.538992532986947825e-01 8.333851337057095465e-01 8.407085582294114845e-01 8.429834820130762685e-01 8.169871084272094519e-01 8.268897512222602719e-01 8.716399666530059154e-01 8.600239564001364023e-01 8.081793959717881171e-01 8.516776874831942790e-01 8.130176393618500086e-01 8.363477253921481891e-01 8.458041966035839687e-01 8.740383116037359068e-01 8.862353456778163663e-01 8.345900949992314244e-01 8.741963304603141971e-01 8.734729859165993870e-01 8.593329650169536649e-01 8.807042461528673538e-01 8.752452173257180279e-01 8.771101625091221043e-01 8.792766507291730482e-01 8.779568543753409893e-01 8.760422843647190927e-01 8.665879120018580295e-01 8.756384614300182223e-01 8.557754357564073544e-01 8.742940769949766322e-01 8.729172288323411300e-01 8.598354655248139355e-01 8.860770551725505317e-01 8.625414829719371124e-01 8.710040333553430436e-01 8.690645060691781776e-01 8.707920448033257266e-01 8.807276326871471550e-01 8.644604450044084398e-01 8.675585100355855950e-01 8.720050284825306974e-01 8.684868077709683165e-01 8.665152681467315210e-01 8.781121809322693927e-01 8.764691233797475833e-01 8.834846076749593990e-01 8.701914248441683375e-01 8.815346590728815324e-01 8.858455864992540452e-01 8.611085373057598691e-01 8.758433089797240667e-01 8.876275090893273045e-01 8.902970754647793195e-01 8.865279688870826291e-01 8.858045161896355157e-01 8.873438327726679287e-01 8.789930873379486753e-01 8.844046063468035124e-01 8.885616877933526503e-01 8.874755085402961097e-01 8.819981062214963252e-01 8.899122193319154439e-01 8.909166493347823179e-01 8.903606067897175125e-01 8.879285675261767707e-01 8.890151678873573493e-01 8.864807150511083700e-01 8.877017639863022946e-01 8.854932265631865196e-01 8.898215463990082341e-01 8.853688222047312317e-01 8.803693216159462764e-01 8.799331454733712032e-01 8.853369016878968045e-01 8.709162987248596499e-01 8.791075993988793913e-01 8.836655160081137161e-01 8.822358613642017344e-01 8.809708239291461629e-01 8.824934782246584009e-01 8.853242808253503071e-01 8.870640187925715736e-01 8.761202808892882832e-01 8.824126280080913931e-01 8.812345212354782964e-01 8.843739018795594431e-01 8.824147299844895542e-01 8.812655318884592415e-01 8.796105745330862202e-01 8.782289792516031479e-01 8.808860144288409577e-01 8.765005627386405207e-01 8.811013784880201705e-01
5.045645128915730165e-02 1.101839246348282619e-01 3.617753682327972675e-01 6.450182857769165556e-01 4.323497703242868417e-01 5.541698629932662046e-01 7.915727645241619204e-01 7.292658216768461710e-01 8.275610779299215070e-01 7.409504339489431102e-01 8.688955975808647647e-01 1.000000000000000000e+00 7.994143991183514375e-01 8.164412800961324823e-01 9.153493890801261967e-01 8.950728805127488030e-01 8.025609242844244928e-01 6.431145331946069854e-01 7.516689133427856273e-01 6.065301972769029382e-01 7.324726916623482964e-01 7.851349002446502690e-01 7.456548355904762948e-01 6.759136056803415338e-01 7.594315189855324055e-01 8.570279319091032022e-01 8.565824443985672332e-01 8.624729789602948449e-01 8.283528335972429879e-01 8.470752733628217346e-01 9.052492262296853998e-01 8.831416086604915172e-01 8.309261428095018331e-01 8.756411352408982607e-01 8.413882278950503002e-01 8.632461574833947271e-01 8.689938970791994954e-01 9.202014355842953464e-01 9.243601259320574082e-01 8.603708070769092719e-01 9.134896326101906716e-01 9.148103014924060528e-01 8.955002277027321878e-01 9.314267558033608729e-01 9.153168943324430096e-01 9.221180264063121301e-01 9.308839574864699040e-01 9.316998677683545615e-01 9.320780204549659054e-01 9.115450119737902313e-01 9.261518083280944058e-01 9.051735689829381037e-01 9.306323259719031515e-01 9.301847089888796161e-01 9.161819245237259324e-01 9.282152670160621621e-01 9.238666264776137504e-01 9.266441533013958232e-01 9.288196887384950751e-01 9.305787153020560476e-01 9.334242317579598547e-01 9.270137237299154176e-01 9.274233534351794539e-01 9.309908797430918037e-01 9.281291335844665813e-01 9.302609655599523020e-01 9.321022889546676238e-01 9.151058079646039456e-01 9.174030246895678031e-01 9.176118828504430391e-01 9.226357564069911366e-01 9.287363970474569186e-01 8.940381295427404229e-01 9.091805514355820739e-01 9.336856321584472429e-01 9.353998895909505507e-01 9.296084723333243316e-01 9.225761109632789614e-01 9.244113100975802633e-01 9.218071921507358102e-01 9.253629033597308151e-01 9.366420597900924072e-01 9.342940330504978519e-01 9.240240228928447985e-01 9.321791013673091930e-01 9.308658010572437025e-01 9.317372390077323097e-01 9.342896981945995050e-01 9.347594298305917926e-01 9.360233601484536647e-01 9.251386161946880682e-01 9.337425046374397963e-01 9.354891853508070509e-01 9.357741660008997986e-01 9.338931997609130065e-01 9.345779223225489929e-01 9.284192645772476604e-01 9.284982924987648101e-01 9.331250729747894157e-01 9.314754562256468695e-01 9.276455574871929066e-01 9.346956741066989593e-01 9.380141839682801796e-01 9.368225329076571573e-01 9.376734073584523932e-01 9.325271081095081183e-01 9.379118245555002620e-01 9.340658961643513170e-01 9.364345340647612925e-01 9.377718320361657645e-01 9.340161573838028364e-01 9.360429287752618510e-01 9.340414697548012901e-01 9.349337488824288611e-01 9.355444823286372946e-01 9.386462875169916398e-01
3.359572345943776656e-02 1.255450176495745140e-01 3.034473691481505697e-01 5.444637013880964105e-01 4.382241803153887338e-01 5.067948701343240048e-01 6.901487947350549712e-01 6.373636785892812240e-01 7.187518651368449696e-01 6.772200219595082560e-01 7.424033551196769221e-01 7.994143991183514375e-01 1.000000000000000000e+00 7.392135235998651410e-01 8.116104013478891988e-01 8.049699147272953992e-01 7.201084638882224720e-01 5.463582070621969544e-01 6.371354523958241423e-01 4.957987664453508136e-01 5.872461917820676058e-01 6.535308783476945216e-01 6.583449610788417727e-01 5.823718392863854731e-01 6.469317212460161670e-01 7.392344286398179198e-01 7.273715963065499057e-01 7.364264799673693185e-01 6.991930928401667300e-01 7.223100225760098470e-01 7.874903676788418405e-01 7.775283044208936012e-01 7.227481840526073231e-01 7.616044620892958861e-01 7.299533604835269918e-01 7.523445381823035127e-01 7.426899541097221613e-01 8.128445255467866559e-01 8.167933615139009174e-01 7.420260540393198712e-01 8.136834963379125929e-01 8.116858539538425177e-01 7.961252263006025620e-01 8.309420098429927126e-01 7.982243842990782712e-01 8.210048632694283421e-01 8.333609705875734130e-01 8.382582643297354918e-01 8.286854062223052431e-01 7.888094354031343070e-01 8.174487605469893392e-01 7.841807913561792409e-01 8.204550285938509990e-01 8.282862416604845901e-01 8.074497851975716012e-01 8.210753566440627260e-01 7.991127447036918685e-01 8.309221550415393232e-01 8.152999273215786324e-01 8.409229329021463695e-01 8.336053439900856787e-01 8.240046682741538620e-01 8.135561893376644926e-01 8.346428515344961330e-01 8.216372746135024441e-01 8.258501265797134616e-01 8.393017081899080134e-01 8.162134169562783592e-01 8.201194395722202213e-01 8.006264479455987848e-01 8.061642564939364153e-01 8.223451937060692885e-01 7.992101387736747498e-01 8.015787053052273459e-01 8.309014992870547012e-01 8.298749698250948992e-01 8.268535761101416526e-01 8.124451961362394448e-01 8.192174516710151178e-01 8.220397703190784888e-01 8.193411716713497883e-01 8.349428158305087777e-01 8.349397631811711351e-01 8.243839734717488543e-01 8.299152691018459871e-01 8.282389396176622620e-01 8.292990071341108660e-01 8.389022064519425781e-01 8.384946491994701434e-01 8.349446913823418415e-01 8.225055619472374513e-01 8.374257840224447191e-01 8.343282039573323150e-01 8.395070492930265527e-01 8.436230571312031135e-01 8.418628735351764147e-01 8.203804602721435080e-01 8.162201480118546071e-01 8.347388925019453287e-01 8.322225190100022152e-01 8.298738698409123815e-01 8.335928857705683370e-01 8.390497492948434388e-01 8.423912289127403197e-01 8.343664680570388459e-01 8.258010769888627367e-01 8.348597950591348793e-01 8.411223797476450326e-01 8.368246181945845352e-01 8.428322356697237616e-01 8.330702220923326129e-01 8.443009805854317928e-01 8.377892647382871871e-01 8.405922104889395063e-01 8.361055873206554301e-01 8.388239579756161524e-01
