1.000000000000000000e+00 2.028912630164260156e-01 3.227157258484183999e-01 1.240519398312487503e-02 6.928086410326274314e-02 1.633038380994881189e-01 8.219633792128613892e-02 6.288333456550555811e-02 3.442948010170859274e-01 9.263503314241075537e-02 1.161078355607562118e-01 4.200157327521943790e-02 -1.143629123895352831e-02 8.532256057772451274e-02 5.792617616932053265e-02 1.235287828512320919e-02 2.791988893991243503e-01 4.172688985516346261e-01 3.734073317371813250e-01 2.881687065540933235e-01 3.795799466886372042e-01 3.707615995846367252e-01 3.757721723294962790e-01 3.966965645857282730e-01 3.760855968851716247e-01 2.913841981547486970e-01 3.074709094791050479e-01 2.610895911116021262e-01 2.856899229262803708e-01 3.140055672620589711e-01 2.401234909433395126e-01 2.309790796606714658e-01 1.930954991891415673e-01 2.784810254377402261e-01 2.678486560204442757e-01 2.910161891552096591e-01 2.593889600035398924e-01 1.879391464196666084e-01 1.835799396526932026e-01 1.234986885118546512e-01 1.470346088208055735e-01 1.180871507859801023e-01 9.523980753403922528e-02 1.390300694299378970e-01 1.642279614966211387e-01 1.267566019830204394e-01 4.501064907691952610e-02 7.609584797091940855e-02 7.299243639089871005e-02 1.576291176630750801e-01 1.461221535567815422e-01 1.195887602606298256e-01 4.280130993091905978e-02 1.318577836802432290e-01 1.444973135998295355e-01 1.637559874941143245e-01 1.334637522940910759e-01 1.059489521359823078e-01 9.122066019382904511e-02 9.903732717108602868e-02 5.996405363637580255e-02 1.105819033958724967e-01 9.485559852778295553e-02 1.182836870643932392e-01 1.696544944618193773e-01 1.280801136753925429e-01 9.651942199070737138e-02 1.571392164721503171e-01 1.391590643212172185e-01 1.463921540525044418e-01 1.601613780253382524e-01 1.551636809951702223e-01 1.734377939104531086e-01 1.812145489536536036e-01 9.986036410249342354e-02 7.840294391568151944e-02 8.135143251954896071e-02 1.209019610166798542e-01 8.085511441564205426e-02 1.337399688372032658e-01 1.383629119418520459e-01 1.011740841201124591e-01 1.331307973176606707e-01 1.287176934672246975e-01 7.879811287688760768e-02 1.259270140779240321e-01 1.063439147299029830e-01 6.890819525585634153e-02 6.453172762713267618e-02 1.023995827810245257e-01 5.052556221537338188e-02 4.570704043492768154e-02 7.231727220845356185e-02 5.318086969421129129e-02 2.233966459701244509e-02 3.346739691152027935e-02 3.887011723185185286e-02 7.075848776753794478e-02 2.426474091239954126e-02 5.926272081633113253e-02 2.458757787503258047e-02 5.512208654647708650e-02 2.517328095710298988e-02 5.166473038440042020e-02 8.510074926458055522e-02 4.463642942237907446e-02 5.047324936477380619e-02 5.563804387779834604e-02 5.688593680851644629e-02 3.656236705626079303e-02 4.513480411716788709e-02 4.196668154190331262e-02 4.525331951694740867e-02 4.335034101386103095e-02 8.498814836565281305e-02 6.188207791674792818e-02
2.028912630164260156e-01 1.000000000000000000e+00 1.575434031952948899e-01 1.796108293497058334e-02 6.960848687511729527e-02 1.069146727755400095e-01 1.375361060061022211e-01 1.156988214034889162e-01 2.593294742855409840e-01 2.458326510760963091e-01 1.872278465207016518e-01 1.209105575825801249e-01 1.266511490877007540e-01 1.553559112435191902e-01 1.674852335641854040e-01 1.489687438298910316e-01 2.086257616582583851e-01 1.955874004517360876e-01 2.040617131999233058e-01 9.907588446479127786e-02 1.598908725805915643e-01 1.787414701945183315e-01 2.469315075137544224e-01 1.870960681424038707e-01 1.842174413867799787e-01 2.549071724933942851e-01 2.197308127318667592e-01 2.470565846071726135e-01 2.135776453006308917e-01 2.032544103961433646e-01 2.309859455701969988e-01 1.977695053236118161e-01 2.408138529961245666e-01 2.074352276466496781e-01 2.203108977424753367e-01 1.934453025139407922e-01 2.138392826917777378e-01 2.261992936783962516e-01 2.133046602335147701e-01 1.979591701972152618e-01 2.051250634400114126e-01 1.947215717589599049e-01 1.598128279814108321e-01 1.767243595812487966e-01 1.875288183011453169e-01 2.144034640887256538e-01 1.738581796823821801e-01 1.957055238164571442e-01 1.696691078851492174e-01 1.702861347985143992e-01 1.860088004530361661e-01 1.298972237655050266e-01 1.507484003093264580e-01 2.084886017701650940e-01 2.132904528535962407e-01 2.263509487858004487e-01 1.761266756449290927e-01 1.927376542433767992e-01 1.955463331049782649e-01 1.844580531723280792e-01 1.618951466743755729e-01 1.951729897505960210e-01 1.849766897324915671e-01 1.766191819334909374e-01 1.917665348144401150e-01 1.870246452551057870e-01 1.883280351222452464e-01 1.987432363548360115e-01 2.006235842269319669e-01 1.682814737869683941e-01 1.848416648322538380e-01 1.933036324269145345e-01 1.941534549262341480e-01 1.927492491733148183e-01 1.987018449296616140e-01 1.888198748521073000e-01 1.982218620908861584e-01 2.008210332209453552e-01 1.867808328306637955e-01 1.983996987754320651e-01 1.994216132007660125e-01 1.954364734445980800e-01 1.990912114596348481e-01 2.166691895105175847e-01 1.780032432895394534e-01 1.885641295927437955e-01 1.868849616328028818e-01 1.890813797737089241e-01 1.882196763881533730e-01 1.930916196856552192e-01 1.880784822931351463e-01 1.751238806787858981e-01 1.750043057693722037e-01 1.796388435085638502e-01 1.678968961233870405e-01 1.756580511279764445e-01 1.438210060970530890e-01 1.484265030250042361e-01 1.577307919233334743e-01 1.759219746367237103e-01 1.589557375259751659e-01 1.675115855049245928e-01 1.556717286580054649e-01 1.642593893828443175e-01 1.653984646417516746e-01 1.606012739599777805e-01 1.622501303972991582e-01 1.877821654967232745e-01 1.807030974719384397e-01 1.732510089890167138e-01 1.821693658441190800e-01 1.739324289415156710e-01 1.748415024161004139e-01 1.651838477353649026e-01 1.795940372322437917e-01 1.753780866198068888e-01
3.227157258484183999e-01 1.575434031952948899e-01 1.000000000000000000e+00 2.745100815149281726e-01 1.811192975999215693e-01 3.108610748999397488e-01 3.530939604065077564e-01 2.860646197116831213e-01 4.468241086954103936e-01 3.327700707440072736e-01 4.115512556282513446e-01 3.539552872949592310e-01 2.637024181390282274e-01 3.275850987858432428e-01 3.687001585180328389e-01 3.131932806533335722e-01 4.250533532280813542e-01 4.637128339904926233e-01 4.802782415669196170e-01 3.352293565256595498e-01 4.848056960495326639e-01 5.141731482736411341e-01 4.653009292908333316e-01 4.621015681549526799e-01 4.918864963843674332e-01 4.652566133480411925e-01 5.079420249328500114e-01 4.836925983789652772e-01 4.973430902410158061e-01 4.874504747434351137e-01 4.958145396926801896e-01 4.459922343441907189e-01 4.303337709061749172e-01 4.674195154217504200e-01 4.604321954701850461e-01 4.619326101096917214e-01 4.763941173186889144e-01 4.402753241674574602e-01 4.411852731188894983e-01 4.172329129647644463e-01 4.158955509781662174e-01 4.167741298974614872e-01 3.991274532700174182e-01 4.189461000612590968e-01 4.346172676730330475e-01 4.285053229870069424e-01 3.594800765024731004e-01 3.781613990423946525e-01 3.712391588160743328e-01 4.134326338613165674e-01 4.095492303568931680e-01 3.890926111122249287e-01 3.499397623529140189e-01 3.961559101338743560e-01 4.039613956704966591e-01 4.233829381658338331e-01 3.832958653508336533e-01 3.956693626900673055e-01 3.814522068793218534e-01 3.784420352644199959e-01 3.701481494773812275e-01 3.831180308631115805e-01 3.792626269974621045e-01 3.851730531481045716e-01 4.130039653936556365e-01 3.936595523797765672e-01 3.851549763571910923e-01 4.222015293424739579e-01 4.167768984992665793e-01 4.048850818004723906e-01 4.431399256404079390e-01 4.346706923118868193e-01 4.261247822587986289e-01 4.481389461326852897e-01 3.965750383948943303e-01 3.895760997834812889e-01 3.917273636706493645e-01 4.273205725339946914e-01 3.906123194745120819e-01 4.217274246726311904e-01 4.213549468993461056e-01 4.187569326181792562e-01 4.070783719354116870e-01 4.174279205044739149e-01 3.867419530888649426e-01 4.095400418795244746e-01 4.034794652648447388e-01 3.799835415212646783e-01 3.786463321055023590e-01 3.968425073189412733e-01 3.744954584688966470e-01 3.681773973744716932e-01 3.886043701452221444e-01 3.751666360480391260e-01 3.494641710136620061e-01 3.546658979090007158e-01 3.595091408744121586e-01 3.712337304127980575e-01 3.506436864387769137e-01 3.724042467305407333e-01 3.552403051461739958e-01 3.655112624684221934e-01 3.494540217156951178e-01 3.684991131677287091e-01 3.855499715485392054e-01 3.519875553051916017e-01 3.658304230204283414e-01 3.658462957337905719e-01 3.720277446423197465e-01 3.533947419926971589e-01 3.646019461691031305e-01 3.526246942427732622e-01 3.630091485595490219e-01 3.572048472572770805e-01 3.804258713223436783e-01 3.643473219458212564e-01
1.240519398312487503e-02 1.796108293497058334e-02 2.745100815149281726e-01 1.000000000000000000e+00 4.054779819952879505e-01 4.076913276653504337e-01 5.857063415039217569e-01 5.520511072657063867e-01 4.345751820013450950e-01 3.732607434610952235e-01 5.430727932373011768e-01 6.736397809966508943e-01 5.540792449666844810e-01 5.223210608197080829e-01 5.934190780655030917e-01 5.991141675405216027e-01 4.782207782261680973e-01 3.424332768649137049e-01 3.934170184564003692e-01 4.634752371358545897e-01 4.332061713037662631e-01 4.595520019812731616e-01 3.974795021492399938e-01 4.278863999122568540e-01 4.565352480858481110e-01 4.345265857762558581e-01 4.775126636524425483e-01 4.513760908730672927e-01 4.936644793853349200e-01 4.890965007994218516e-01 5.247336148001578993e-01 5.545866254106118776e-01 4.228006187763639345e-01 5.149919475375751565e-01 4.552595880408784046e-01 5.361817089973557326e-01 5.057648542191357510e-01 5.256858336771634832e-01 5.259024770361813150e-01 5.279302755038782768e-01 5.532195987427218631e-01 5.631981514227254459e-01 6.009364227284345050e-01 5.927235689394201312e-01 5.705956055201789612e-01 5.306173274193667355e-01 5.722901486909917068e-01 5.501395664990711420e-01 5.872042289056086384e-01 5.962159646904133803e-01 5.821179601120649583e-01 6.331010267639238798e-01 5.980565423517119061e-01 5.313495556687770627e-01 5.390031432280830703e-01 5.264705071602815423e-01 5.771025400857310306e-01 5.648172207684915014e-01 5.572169201049074205e-01 5.768094282937351602e-01 5.923837543059534694e-01 5.536604895042570584e-01 5.596493416979650970e-01 5.696904765286061600e-01 5.517087074350748299e-01 5.804665298719983157e-01 5.499242166818354427e-01 5.377699556859973917e-01 5.526871808221250904e-01 5.960144970391193509e-01 5.592162086963303747e-01 5.450596236929834415e-01 5.541434981317193698e-01 5.528770946833543309e-01 5.507253855373369644e-01 5.535207314316290539e-01 5.512460988299410225e-01 5.497548096439037746e-01 5.687903491078986074e-01 5.585715329305963595e-01 5.539370427510683648e-01 5.626790226302286202e-01 5.557671485200931238e-01 5.214211584600046967e-01 5.698437673042635598e-01 5.715828004445513422e-01 5.699075200306463751e-01 5.631642772154595855e-01 5.505882711538679919e-01 5.529325802978587445e-01 5.525344057122724140e-01 5.715123376275754730e-01 5.767584294482311913e-01 5.631132960823918010e-01 5.644030275891046555e-01 5.556661370845358272e-01 5.999700159456915483e-01 6.028676992405124224e-01 5.803113436176325912e-01 5.757512920727797523e-01 5.793803044971232996e-01 5.772804601327111707e-01 5.840718741728783137e-01 5.856216676516849962e-01 5.983686501140160763e-01 5.746127312491067229e-01 5.811562246567042456e-01 5.458241568862296500e-01 5.631183365633809501e-01 5.638530316650186558e-01 5.642328584685500914e-01 5.628924994308819318e-01 5.622455703286682871e-01 5.732012443950580405e-01 5.557073873287426968e-01 5.700344991405460471e-01
6.928086410326274314e-02 6.960848687511729527e-02 1.811192975999215693e-01 4.054779819952879505e-01 1.000000000000000000e+00 3.416956181619378863e-01 4.985274093281884533e-01 5.023992070659217823e-01 4.399534084790335808e-01 3.939807610702484864e-01 4.334849123477616528e-01 5.344249586012140840e-01 5.115341112147744340e-01 4.602513479269899066e-01 5.205710074444463986e-01 5.376257378572047996e-01 4.367617377542779566e-01 2.805853987418909234e-01 3.355134673025144676e-01 3.536687540181655542e-01 3.191212562190161028e-01 3.570375272309825876e-01 3.241380137675798911e-01 3.310462858942986863e-01 3.545267643919894351e-01 4.121256899938831042e-01 4.183461348298196936e-01 4.180767776327629082e-01 4.149597196011802769e-01 4.145301517549334624e-01 4.479975534346115618e-01 4.597074620135639389e-01 3.906337336860840059e-01 4.337239891939558833e-01 3.953522816619827185e-01 4.655375722680140105e-01 4.366016267036859078e-01 4.764700450267465026e-01 4.732181381417328581e-01 4.511300683784283394e-01 5.014088046928428799e-01 4.915054173070767529e-01 5.060740496701378044e-01 5.205770778275560229e-01 4.983533250944062742e-01 4.723951424639695196e-01 5.142330258823775146e-01 5.033081967323184136e-01 5.246146255426312743e-01 5.075029585236655594e-01 5.136113467215390749e-01 5.175562254070411594e-01 5.149820575005772394e-01 4.990638108047091848e-01 4.931131511226535258e-01 4.756045421694144459e-01 5.208679455376201695e-01 5.046377777710933099e-01 5.042630714129022751e-01 5.293744329512448665e-01 5.274554353870531953e-01 5.109047677826187295e-01 5.076277732684633115e-01 5.280149724747018602e-01 5.048439410916683023e-01 5.179306322715061528e-01 4.972897480744110643e-01 4.774756118607837441e-01 4.854973700387525404e-01 5.006317418140773245e-01 4.797305085503483779e-01 4.798201981550889728e-01 4.755004832424107319e-01 4.667044940022267441e-01 5.004952238843796142e-01 4.934696743763655191e-01 4.897597036465924925e-01 4.841503512763410400e-01 4.958634843697750649e-01 4.930293278819286584e-01 4.893175594899055736e-01 4.922863534953981213e-01 4.990187454543802414e-01 4.734644516585359009e-01 4.993100143990997775e-01 4.993337362086415210e-01 4.970769902313196820e-01 5.030045400343134965e-01 4.916320872416840571e-01 4.936048681389565429e-01 4.840730528644955899e-01 5.057444729960753893e-01 5.059857563160942151e-01 4.975116913225911541e-01 5.054312786777500621e-01 5.011473400952228818e-01 5.160672772139163200e-01 5.269067602519906801e-01 5.154433301136178702e-01 5.097536043313408705e-01 5.079097224246045261e-01 5.149613534698581629e-01 5.136984104861801459e-01 5.206219816522016375e-01 5.197215985687372308e-01 5.102500566674459392e-01 5.162575154462830662e-01 4.987954252756173767e-01 5.020100625109958914e-01 5.083103541379268009e-01 5.045734882298417157e-01 5.134019155824812719e-01 5.034765730808113959e-01 5.170854957690338427e-01 5.053385394354822369e-01 5.116582256573857235e-01
1.633038380994881189e-01 1.069146727755400095e-01 3.108610748999397488e-01 4.076913276653504337e-01 3.416956181619378863e-01 1.000000000000000000e+00 5.749340220399368206e-01 4.845026577395909473e-01 5.563767035543566442e-01 4.867010835311724182e-01 5.486967792261941979e-01 5.825512775929209131e-01 5.232568377463538978e-01 5.566592792806698275e-01 5.979413503159879406e-01 5.633080658193078127e-01 5.526038401940517319e-01 4.620011562750347411e-01 4.948552336188048462e-01 4.528751892955113489e-01 4.859441914444669885e-01 5.321952581929311199e-01 5.106654762093469913e-01 5.129430290238932155e-01 5.374747573927000088e-01 5.555648191124521462e-01 5.757707304860864017e-01 5.728604555115043295e-01 5.648647428446933461e-01 5.745438493967008897e-01 6.054555432257385794e-01 6.047371462077550941e-01 5.281667967925842699e-01 5.822280183733203884e-01 5.494841953382734179e-01 5.944727731346903798e-01 5.964080396086762770e-01 5.989785978527760735e-01 5.940200772881069069e-01 5.928596123921454630e-01 6.121035524310315390e-01 6.126658180107243945e-01 6.105415039233591523e-01 6.223585689063380055e-01 6.193357572674195177e-01 6.000247067430545256e-01 5.962413687376290072e-01 5.998137829627644413e-01 6.056387627941408613e-01 6.127543143324701846e-01 6.169488960455068449e-01 6.091232607610789218e-01 5.853119013160895667e-01 5.990516469690297940e-01 5.987903757282462269e-01 6.081360915446673010e-01 6.081854807266711127e-01 6.124392047933038263e-01 5.967366128953200954e-01 6.084716053762249111e-01 6.049103011776073568e-01 6.009031050776679761e-01 6.028392191098261854e-01 6.064329801201208126e-01 6.080105503030004410e-01 6.142973222609272588e-01 6.007197269651441962e-01 6.072235684306874770e-01 6.131304884836887847e-01 6.137172746481919239e-01 6.094403739615406046e-01 6.090373296276235804e-01 6.131981988913975945e-01 6.158193020933836470e-01 6.086867391200631028e-01 5.982803390316282499e-01 5.987660438616313474e-01 6.020582737162923914e-01 6.045484946345003330e-01 6.073551143302197142e-01 6.101994450910567247e-01 6.067459970091108046e-01 6.103288280016604395e-01 5.908700567450720920e-01 6.037973293464076185e-01 6.179734824739024912e-01 6.132638804103017760e-01 6.028744846782612132e-01 5.960016362824657188e-01 6.082295647783815262e-01 5.958906182906625881e-01 6.021993887292770298e-01 6.093731880726545036e-01 6.004245913440295901e-01 5.917574196103354556e-01 5.926262751754524105e-01 6.055274020070633423e-01 6.093663281717567326e-01 5.964359470623346038e-01 6.035499869142401108e-01 5.985755687090178467e-01 6.050603404707203259e-01 5.926950861651878455e-01 6.057368775093017188e-01 6.161891575552308487e-01 5.962777007899801029e-01 6.047737366374514867e-01 5.925188247109135498e-01 6.025039488399992482e-01 5.944161607063591646e-01 5.977743620973567928e-01 5.938229590527096535e-01 5.963635311730747235e-01 5.993530012380753336e-01 6.030244327116514036e-01 5.977555392472583273e-01
8.219633792128613892e-02 1.375361060061022211e-01 3.530939604065077564e-01 5.857063415039217569e-01 4.985274093281884533e-01 5.749340220399368206e-01 1.000000000000000000e+00 6.988287381688572664e-01 6.837276823167993678e-01 6.254790911875788284e-01 7.244995485527505608e-01 8.088253708429180566e-01 7.245051390615855347e-01 7.296137361530550258e-01 8.370208676230436184e-01 8.003711111512162857e-01 6.974585310108166736e-01 5.341138250141391763e-01 6.109667658350401709e-01 5.653535192825271949e-01 6.004739253606852234e-01 6.559538704708308687e-01 6.092024856088372742e-01 6.021544825414171243e-01 6.484141673755348112e-01 6.947746032871526811e-01 7.200924768665122322e-01 7.341044585199840711e-01 7.260485822770508246e-01 6.916857817168127198e-01 7.606119122671600730e-01 7.724211197887865810e-01 6.831882652207543760e-01 7.340130837427017996e-01 6.817863124152375720e-01 7.564431433607577970e-01 7.475869935848356018e-01 7.840273754996337496e-01 7.730003629052157876e-01 7.825960213260483300e-01 8.106671752766441141e-01 8.161412066542275134e-01 8.188454575692742932e-01 8.258441968315612947e-01 8.078963268115756380e-01 7.865627570358052489e-01 8.043705958881943729e-01 7.983446859217850911e-01 8.147195948933549925e-01 8.134071592442132514e-01 8.195278921942747985e-01 8.147443759969429378e-01 8.064173843086152038e-01 7.749662812273557799e-01 7.798449357053572895e-01 7.854569549048832089e-01 7.947971918084817400e-01 8.025120115480788296e-01 7.921981256000152349e-01 8.076950879277117190e-01 8.172413427928146845e-01 7.869006958138332619e-01 7.952107293301068358e-01 8.016744454815558640e-01 7.906253335910933266e-01 8.033802992550913569e-01 7.957145578874403880e-01 7.866204059500294665e-01 7.984162900890481307e-01 8.089741132990767580e-01 7.973683048847446386e-01 7.935353167276509856e-01 7.921257401202191906e-01 7.939219478225831850e-01 8.059417084754728622e-01 8.036596449667824382e-01 8.072444690200428763e-01 8.028564635284287654e-01 8.138160308122710518e-01 7.992144328929289276e-01 7.988549647247256136e-01 8.005881090438099479e-01 8.030153291186288289e-01 7.779803414614615553e-01 8.068044841747381568e-01 8.117257468270230314e-01 8.098869192106222803e-01 8.084266440226092199e-01 7.965097897944525274e-01 8.041648856985311733e-01 8.049200360547824618e-01 8.125362567792836499e-01 8.152564359463345678e-01 8.076911470142037475e-01 7.997395118965118233e-01 7.960211617282356711e-01 8.220306699349790858e-01 8.174818640293245453e-01 8.088971048128592578e-01 8.133938525354913462e-01 8.134338499337737671e-01 8.103916149205111497e-01 8.077873785129632278e-01 8.176228984726794380e-01 8.234615648307884728e-01 7.965599967099974421e-01 8.119551357066734365e-01 7.928285825323745373e-01 8.036406463951200063e-01 8.005776731090864518e-01 8.010677564696254693e-01 7.963250211376720067e-01 7.967915145714073999e-01 8.052036308553129906e-01 7.988588095717902293e-01 7.984422623629576776e-01
6.288333456550555811e-02 1.156988214034889162e-01 2.860646197116831213e-01 5.520511072657063867e-01 5.023992070659217823e-01 4.845026577395909473e-01 6.988287381688572664e-01 1.000000000000000000e+00 6.247435797913941657e-01 6.068313263290260329e-01 6.420644794467642580e-01 7.498721202676581488e-01 7.074690021585604560e-01 6.708520011456342580e-01 7.680506730835852114e-01 7.927595558774009898e-01 6.220428962624143798e-01 4.085859040783377250e-01 4.620210304226091136e-01 5.019961558469537843e-01 4.547933523550692358e-01 4.897954652774589857e-01 4.737462693312086692e-01 4.723994163013214842e-01 5.024440712960360766e-01 5.631176314205497135e-01 5.888965262097553000e-01 6.083508077678075887e-01 5.885365131030387831e-01 5.805504918052507568e-01 6.534952282617461083e-01 6.760722259767723008e-01 5.849090633560780628e-01 6.267518605338079363e-01 5.777860863472243924e-01 6.426565460427626775e-01 6.324620360050481338e-01 7.197312026372923999e-01 6.793851873516224549e-01 7.007909612692053702e-01 7.219592338180423896e-01 7.377158670637846694e-01 7.547129169474914301e-01 7.509797781777853842e-01 7.166848082468686432e-01 7.063576070697930032e-01 7.571155552950249445e-01 7.494185909827559833e-01 7.672300608287256907e-01 7.510291050464309448e-01 7.609589535420836492e-01 7.473286666750017515e-01 7.535692843950618780e-01 7.316813350244955050e-01 7.263957337162575412e-01 7.126937869695767480e-01 7.522808470415610627e-01 7.561258336912961564e-01 7.553981372867509814e-01 7.556778642101846799e-01 7.760534588299039527e-01 7.449664499701782461e-01 7.541514368719194339e-01 7.539198790112257020e-01 7.261249614240857797e-01 7.511231901386943299e-01 7.439133172660254978e-01 7.061235307654722959e-01 7.253207434466444337e-01 7.307027129413633526e-01 7.017070322699081597e-01 7.099716980289445534e-01 7.037364385953653878e-01 7.012613847271884637e-01 7.311115632781969298e-01 7.223948012139705943e-01 7.232686159015221383e-01 7.147895436933436875e-01 7.289447115303309133e-01 7.240286149109408376e-01 7.222104475551541780e-01 7.291246632907603109e-01 7.336059693619613187e-01 7.057354865702772928e-01 7.462324397779257490e-01 7.428431383274798350e-01 7.336074660732586628e-01 7.508444102874088921e-01 7.316540157063353700e-01 7.341042659278856908e-01 7.295489864826149029e-01 7.515360620402485869e-01 7.485798899687972074e-01 7.444830376697292307e-01 7.541156336821372985e-01 7.500407607703495350e-01 7.721592030367865345e-01 7.782419926401036303e-01 7.711889085823302459e-01 7.613615697969740026e-01 7.660206842195029786e-01 7.638973445146438612e-01 7.641803821909457506e-01 7.656559234868637320e-01 7.671573080724851668e-01 7.571651511687259584e-01 7.664620010528587768e-01 7.427002760093858180e-01 7.532475091382091481e-01 7.529050741852294504e-01 7.567397077188059429e-01 7.532651578016062999e-01 7.588622394543119709e-01 7.595039334492169614e-01 7.468723874935281337e-01 7.544639301482141125e-01
3.442948010170859274e-01 2.593294742855409840e-01 4.468241086954103936e-01 4.345751820013450950e-01 4.399534084790335808e-01 5.563767035543566442e-01 6.837276823167993678e-01 6.247435797913941657e-01 1.000000000000000000e+00 7.019138856364144363e-01 7.841439441352210382e-01 7.606945289300881541e-01 6.821669012356067485e-01 7.533141342576815669e-01 7.949681590940125275e-01 7.552882711137766103e-01 8.309165193390265491e-01 7.283616190743976704e-01 7.827260589596303220e-01 6.094153145234040281e-01 7.055392751038256360e-01 7.813634219405800607e-01 7.929712176391179312e-01 7.507724619004808586e-01 7.695922193848413473e-01 8.253879941428636791e-01 8.371311362613851337e-01 8.451820879707135914e-01 7.790285320733495444e-01 8.388100340592034021e-01 8.564001028579746322e-01 8.619460204411181214e-01 8.141102652207420354e-01 8.543308637635530500e-01 8.413089489595465542e-01 8.510091649022255567e-01 8.624361076039924745e-01 8.659399429231627865e-01 8.710653264718259958e-01 8.173438452519025121e-01 8.575706668350777662e-01 8.368281474784426965e-01 8.182122679213983396e-01 8.526353917881154265e-01 8.636828586185806289e-01 8.454676493450310470e-01 8.218460995289175175e-01 8.394448006987137445e-01 8.320913528315183605e-01 8.450726718495413792e-01 8.598320209370080569e-01 8.066220826538840205e-01 8.089796902712408366e-01 8.532730922631880377e-01 8.523887090979782588e-01 8.654615729439043559e-01 8.535747607433126216e-01 8.423620828744192712e-01 8.418332981914029567e-01 8.496163486264064479e-01 8.226228700624369505e-01 8.531526477014664822e-01 8.450112161230061147e-01 8.558061065165895043e-01 8.727697553537336894e-01 8.552513092567209929e-01 8.458499220908515248e-01 8.691634379815776912e-01 8.646369360848136232e-01 8.455257440122810886e-01 8.573944252672068833e-01 8.614554137159271541e-01 8.626853333139118396e-01 8.557909518333682852e-01 8.485034793897340277e-01 8.356859074762588158e-01 8.317855166344655382e-01 8.326282949399901323e-01 8.327870256889181588e-01 8.570833925150267429e-01 8.575997988596066879e-01 8.447269168304134546e-01 8.624396245981414966e-01 8.553676630690713045e-01 8.370526053972141556e-01 8.576229412182923006e-01 8.471314174469639635e-01 8.364898588429788839e-01 8.362021014831031440e-01 8.453327131931650529e-01 8.225969577940289712e-01 8.228977666092661680e-01 8.354213424263625676e-01 8.274465725389742454e-01 8.133875218705270971e-01 8.182217615022010504e-01 8.032919839229135661e-01 8.248157466945851279e-01 8.094199132840468325e-01 8.300853240721408621e-01 8.040794753026119235e-01 8.273811032892878226e-01 8.080877795952370324e-01 8.235498880414734435e-01 8.340937447520002657e-01 8.180357787273092596e-01 8.258508154774745202e-01 8.275594261102060534e-01 8.271967524022382223e-01 8.191012352079646286e-01 8.224776938897127021e-01 8.231918461588272340e-01 8.231046611865886486e-01 8.237044611172479325e-01 8.423904177758075873e-01 8.291119891133712505e-01
9.263503314241075537e-02 2.458326510760963091e-01 3.327700707440072736e-01 3.732607434610952235e-01 3.939807610702484864e-01 4.867010835311724182e-01 6.254790911875788284e-01 6.068313263290260329e-01 7.019138856364144363e-01 1.000000000000000000e+00 6.921681178632780318e-01 6.807685705344215243e-01 6.529620802107064526e-01 6.865671460499177536e-01 7.681473045423258261e-01 7.394652483937611542e-01 6.587320495658836039e-01 4.678031485199156125e-01 5.387454390951934569e-01 3.943162976796925623e-01 4.664543794241713948e-01 5.425189493219697567e-01 5.779706448910776340e-01 5.021081255064454574e-01 5.453249971796044759e-01 6.875008340854696920e-01 6.816594363917143351e-01 7.228168025155834453e-01 6.421642249730870056e-01 6.493241010688745041e-01 7.496892990167077775e-01 7.088900242100111271e-01 7.182090858860828986e-01 6.797911814350702242e-01 6.812235554648446989e-01 6.687672222772024222e-01 7.123460876109842799e-01 7.774120647836995079e-01 7.635537108596353040e-01 7.588085157130671776e-01 7.789161011542495849e-01 7.776725083438528197e-01 7.569747944519525928e-01 7.670542677355952632e-01 7.573050103534443300e-01 7.849172899973457795e-01 7.944410559554717643e-01 8.069346347004076048e-01 7.812953538547600107e-01 7.418552197531823600e-01 7.769754391676875205e-01 7.046956949732060549e-01 7.660551857775262929e-01 7.982785587201249866e-01 7.877006595344295814e-01 7.937505848850711088e-01 7.673737365404601496e-01 7.970693443544486501e-01 7.966519722530014391e-01 7.861845017119681867e-01 7.880039116299430990e-01 7.921216024217533347e-01 7.932619460336107764e-01 7.783106937950532433e-01 7.695956342449293830e-01 7.786940546783263084e-01 7.972510201109318517e-01 7.701439332922711545e-01 7.863033942772682527e-01 7.357741409629890983e-01 7.593485390679537428e-01 7.756481990784085401e-01 7.519727378085125924e-01 7.580752350571652309e-01 7.968572287879002181e-01 7.894045859876209770e-01 7.928292641443216437e-01 7.820141022699765854e-01 7.818841907949231063e-01 7.855011086931465991e-01 7.907054307864455067e-01 7.989333846124310190e-01 7.901529405985892041e-01 7.978891965688041932e-01 7.861237762561159581e-01 7.830659692412985651e-01 7.872034953949793579e-01 8.008239169074958808e-01 7.989396524025879076e-01 7.936429097853042736e-01 7.964371146133669699e-01 7.953778188422034878e-01 7.915646407119784067e-01 7.981349801514834308e-01 7.982132057493662725e-01 8.025191290055060378e-01 7.683193085436353931e-01 7.730590779874181306e-01 7.912176585216632585e-01 7.932485978651224734e-01 7.898710836409139624e-01 7.917730156442925882e-01 7.875433871777192119e-01 7.891622911845287414e-01 7.796594860022327822e-01 7.844008762262479895e-01 7.900832158894282031e-01 8.055082345878500361e-01 8.013748418369234239e-01 7.963071858763048905e-01 8.010508056552776424e-01 7.969949923535297742e-01 8.021837630272281583e-01 7.928323356317393822e-01 7.944087112785558347e-01 7.923373917359219920e-01
1.161078355607562118e-01 1.872278465207016518e-01 4.115512556282513446e-01 5.430727932373011768e-01 4.334849123477616528e-01 5.486967792261941979e-01 7.244995485527505608e-01 6.420644794467642580e-01 7.841439441352210382e-01 6.921681178632780318e-01 1.000000000000000000e+00 8.383706832367152639e-01 7.357919146591702653e-01 7.922709783608620215e-01 8.463579422779123895e-01 8.110280837273928789e-01 7.895019281753481444e-01 6.462576386326072120e-01 7.359307748523056247e-01 5.301994105071423657e-01 6.529879211177088694e-01 7.553061490427341873e-01 7.279665081941151250e-01 6.647633926335153598e-01 7.203089204956255598e-01 8.073773468766952677e-01 8.278312301879933166e-01 8.427709410757742159e-01 7.729252710789970005e-01 8.134148254707811443e-01 8.735708940362494346e-01 8.506882367702183201e-01 8.358653724555258346e-01 8.267043579870700931e-01 8.385419449132822667e-01 8.172329091609203955e-01 8.461434290210944065e-01 8.675069775920279946e-01 8.865541436309146706e-01 8.442212936244126720e-01 8.837929677584220878e-01 8.745509643001218025e-01 8.542829642247175004e-01 8.827524134964365166e-01 8.838542019859342291e-01 8.860012589218101420e-01 8.773412070416136688e-01 8.769782547607041234e-01 8.682163709896358883e-01 8.587773428622976768e-01 8.759493896732837293e-01 8.373985996324337933e-01 8.651067013346411816e-01 8.668396595693272921e-01 8.664015730606261512e-01 8.774284792539265299e-01 8.624129802602238382e-01 8.751219483323346982e-01 8.722211968149767847e-01 8.820549367162777710e-01 8.710303121161263595e-01 8.767524025493905748e-01 8.715152042744940264e-01 8.776750836980662385e-01 8.805865583417914477e-01 8.772404629251939756e-01 8.840310572567102732e-01 8.907386142735009837e-01 8.909601717865586190e-01 8.629382697716669881e-01 8.923193179128539043e-01 8.931581417643111864e-01 8.730445776210303821e-01 8.753689288153531090e-01 8.915408705013405655e-01 8.938201666305382043e-01 8.870670726511586945e-01 8.773123927959612933e-01 8.875360435637003054e-01 8.933663465129338954e-01 8.917266284713024627e-01 8.940746230917979709e-01 8.877173952186303563e-01 8.939604223028249086e-01 8.851747226391543100e-01 8.841193539694075509e-01 8.856241770720310047e-01 8.852890702982045834e-01 8.905360471459643490e-01 8.850818954129811011e-01 8.813819887241131079e-01 8.825049139622062055e-01 8.858247486986144947e-01 8.872429229843261655e-01 8.770526060445683614e-01 8.774341912530619902e-01 8.597968553117995016e-01 8.690172875678980891e-01 8.730940305059983197e-01 8.819560187105940363e-01 8.652512003372225813e-01 8.785075587130116714e-01 8.717607126070416879e-01 8.803942911478603861e-01 8.780481377357916006e-01 8.724755007040242427e-01 8.769506262973237876e-01 8.791178929750544935e-01 8.811730205632865021e-01 8.776220965329279977e-01 8.778234782160097005e-01 8.783088263590410616e-01 8.766639947116982023e-01 8.780652169282919806e-01 8.816114227426063987e-01 8.755787953525135947e-01
4.200157327521943790e-02 1.209105575825801249e-01 3.539552872949592310e-01 6.736397809966508943e-01 5.344249586012140840e-01 5.825512775929209131e-01 8.088253708429180566e-01 7.498721202676581488e-01 7.606945289300881541e-01 6.807685705344215243e-01 8.383706832367152639e-01 1.000000000000000000e+00 8.129791982052247956e-01 8.308379092318283199e-01 9.048849663517206654e-01 8.909714371147465783e-01 7.737106322784881307e-01 5.780996320413246403e-01 6.639416224477405759e-01 6.047575477924230780e-01 6.380983755644012989e-01 7.050306488569773045e-01 6.634887761070725753e-01 6.418748147489707900e-01 6.870408549428143052e-01 7.573214663620555509e-01 7.787419878380935634e-01 7.869279651839001799e-01 7.646781347153970287e-01 7.802293484126231471e-01 8.407853273777724512e-01 8.560609018277868243e-01 7.673439261550583090e-01 8.111309604054864897e-01 7.800612315651913597e-01 8.280492118825608650e-01 8.240588453499274602e-01 8.623633016732253909e-01 8.696257178311883607e-01 8.474282852316462611e-01 8.911697223769974308e-01 8.891034719776972350e-01 9.006047666607741586e-01 9.100636117872631381e-01 8.956128670041592077e-01 8.759342410822271718e-01 9.092111314109306841e-01 8.993298872937247612e-01 9.156556596612677179e-01 9.000833980375096965e-01 9.065677852483875476e-01 9.004790089432641587e-01 9.125943918256373966e-01 8.821676632521366912e-01 8.828498355929417230e-01 8.725795611978454103e-01 9.101456186485753497e-01 9.006443279551752390e-01 9.032366293810820679e-01 9.148062369723698461e-01 9.167517746029897330e-01 9.039101047897172281e-01 9.033565095511973952e-01 9.105962511878731291e-01 8.938668845476548386e-01 9.133110147362364373e-01 8.986138562681798003e-01 8.851679756879057281e-01 8.952057439865092059e-01 9.044893732695101773e-01 8.915694620991008179e-01 8.873823163841362271e-01 8.811887366727456650e-01 8.733090053485191850e-01 8.998906878423632572e-01 9.040896619794750455e-01 8.983021517268640066e-01 8.857083601697172126e-01 9.071856889380937039e-01 9.017818616227999406e-01 8.967822730466410430e-01 9.002852518412314264e-01 8.981053184439492520e-01 8.787659498462381258e-01 9.043118299431731621e-01 9.039318965583434951e-01 9.050380127920374385e-01 9.068107719919306087e-01 9.003866575802202954e-01 8.990949808022529188e-01 8.953454511274083760e-01 9.099138800955629547e-01 9.121752476061409931e-01 9.073639338059702464e-01 9.071334648497522135e-01 9.031288797597863960e-01 9.117900844452700992e-01 9.215453415956355032e-01 9.138010631518316274e-01 9.100621932387159552e-01 9.046292301789334855e-01 9.161200070098106663e-01 9.150731025210281366e-01 9.170356537029404898e-01 9.197944430627218448e-01 9.148616758264768167e-01 9.161311727237213542e-01 8.976384176573487528e-01 9.074254168968957091e-01 9.075589854997608841e-01 9.077672807142440625e-01 9.094484940955928076e-01 9.066581966405617976e-01 9.132246780344488446e-01 9.034249883874357900e-01 9.117986063210266057e-01
-1.143629123895352831e-02 1.266511490877007540e-01 2.637024181390282274e-01 5.540792449666844810e-01 5.115341112147744340e-01 5.232568377463538978e-01 7.245051390615855347e-01 7.074690021585604560e-01 6.821669012356067485e-01 6.529620802107064526e-01 7.357919146591702653e-01 8.129791982052247956e-01 1.000000000000000000e+00 7.486907593332369215e-01 8.367647112081401106e-01 8.418368479915273594e-01 7.003143461933206693e-01 4.667644694280075335e-01 5.393983310998013980e-01 5.045013784258848277e-01 4.890531880517337560e-01 5.518340257871975352e-01 5.525436793614343367e-01 5.220003240454820226e-01 5.555207623407525386e-01 6.676212960808963759e-01 6.694289800214572317e-01 7.021364764804622904e-01 6.329994781762398048e-01 6.654973934041017447e-01 7.435381163103356172e-01 7.580679651265207486e-01 6.768520708909834260e-01 7.079162815573628587e-01 6.778206921663120221e-01 7.200400219598256379e-01 7.197895030596425103e-01 7.832259696126201431e-01 7.805461890054683494e-01 7.641155606645432252e-01 8.151718026336715051e-01 8.187127724899897485e-01 8.209871226544042111e-01 8.296495791404698839e-01 8.043451462365047711e-01 7.982688364491550281e-01 8.552075191833379275e-01 8.433560902654979596e-01 8.475094170620431910e-01 8.071428324832825574e-01 8.285166088447915023e-01 8.186070585688279833e-01 8.509657864420890894e-01 8.167918855714483284e-01 8.103545444267292730e-01 8.022203220211427954e-01 8.258834302810152961e-01 8.360043420856525520e-01 8.316353099537634463e-01 8.531729994684176255e-01 8.556212731851159381e-01 8.320392197474453244e-01 8.341876750065473356e-01 8.421618070637059139e-01 8.240929461710091442e-01 8.407007010275436842e-01 8.426675201514510771e-01 8.102638897657979955e-01 8.234969050939532353e-01 8.191963917068372236e-01 7.945318765451002685e-01 8.070724443489424305e-01 8.009030389693830854e-01 7.878841570093277902e-01 8.361014316865952312e-01 8.341991286392335114e-01 8.291693865759206528e-01 8.038569731238099925e-01 8.321232091348000903e-01 8.195662286554098452e-01 8.229706761952836347e-01 8.337401998455825636e-01 8.308210242930741396e-01 8.043430192009836111e-01 8.342309053488455861e-01 8.312155685432885965e-01 8.347404448724583537e-01 8.436907765705287110e-01 8.378311474472373011e-01 8.306179015551496958e-01 8.321423408829375923e-01 8.522551270107349142e-01 8.461864202010977998e-01 8.453019100304228761e-01 8.550983601732493611e-01 8.518711712212669873e-01 8.406756177366841998e-01 8.495523640455867609e-01 8.549821917044200248e-01 8.488568684658189811e-01 8.511195545412194585e-01 8.509829500769323651e-01 8.570516470728984926e-01 8.558539602886398034e-01 8.530565171741626429e-01 8.413541861097648678e-01 8.526762632502452588e-01 8.444036510333937651e-01 8.473824189950333041e-01 8.537725962777767963e-01 8.458696784131527480e-01 8.559792084112881616e-01 8.455081326630098371e-01 8.562372690139166131e-01 8.477590478679273289e-01 8.522206473047497788e-01
