1.000000000000000000e+00 1.656283283009917784e-01 1.310829852705037157e-01 -1.657658484071483640e-02 9.512436167000827558e-02 8.223512484049922203e-03 -7.787346887636651359e-03 1.164168718335369633e-02 1.495484899695592729e-01 1.078869514469440322e-01 2.532159206566812759e-02 -8.070856076850679850e-03 1.381735442698979119e-02 4.313731323925952370e-03 -6.989650617986948970e-03 2.531144874268713083e-02 9.261871230836081492e-02 1.425311376565804311e-01 8.367995645249022563e-02 -3.942777513743010026e-02 2.772489316859964859e-02 6.823993362795321982e-02 1.814269599688585477e-01 8.950910540020082240e-02 1.037366972632554063e-01 9.510177780271832082e-02 1.157860678240795610e-01 1.288381682321482480e-01 1.809180349690324430e-01 1.660264859420476358e-01 1.031915647686170445e-01 9.319048179674353782e-02 1.255942260477509176e-01 5.750332696761215057e-02 1.539438998165645334e-01 3.684982218533920661e-02 1.223375042970029358e-01 2.869134872146408138e-02 2.894118366022666727e-02 1.936216189157888290e-02 5.491335199821308771e-02 1.232249034005095632e-02 -3.637142881978697173e-02 8.916041024184855057e-03 4.058622116719984990e-02 2.165746172092318511e-02 1.066215408880963160e-02 3.306275915884881317e-02 3.055719237207392067e-02 1.881825801252318131e-02 8.951702715654581352e-03 -1.895959107668289748e-02 7.793930590620133658e-03 4.703081040909915661e-02 4.578285084064430410e-02 6.288461183506446894e-02 5.781367806315371172e-02 9.866014271343521644e-03 2.854194500388140127e-02 2.020467456494258809e-02 -8.155839227391416257e-03 2.652336821280000881e-02 1.391942641474679110e-02 3.368481464188981256e-02 5.039362486480261638e-02 4.526705714443224338e-02 3.602878621636537021e-02 4.472017112018492058e-02 6.319349467354772043e-02 9.824196542131428608e-03 8.020110851347898862e-03 3.705156654461779636e-02 3.296090668980274085e-02 3.889940333533343370e-02 4.028174191684866928e-02 4.365854633485268671e-02 4.890556112030327446e-02 8.312126098508587635e-02 4.278416923638634489e-02 6.744797397003488015e-02 5.129105008989093967e-02 4.247124382551242111e-02 7.033335803881123061e-02 5.486309819823727979e-02 2.077391949146845107e-02 2.076002148324032279e-02 4.002025892456557987e-02 1.290081437211047614e-02 1.300400282096856805e-02 3.660746458820666321e-02 1.753942624958442983e-02 1.258605851492540680e-02 1.750509386717999036e-02 1.066607639597759102e-02 3.233770634707907286e-03 1.848144969342114044e-02 -1.321893798527704403e-02 2.848492915228434397e-02 1.407183845635821351e-03 -1.376808134809272884e-03 -1.274273296499435666e-02 9.031577037974041280e-03 7.770693076638016637e-03 -3.470046033507658955e-03 1.534523704647131753e-02 3.522530379388636584e-02 2.086411530809300502e-02 2.766153577722852905e-02 2.701250070890991520e-02 8.848147172457111742e-03 1.217181800383077862e-02 1.612120714603490143e-02 1.452347029823908807e-02 1.840777586556917658e-02 3.685420391802661511e-02 3.220747402357434369e-02
1.656283283009917784e-01 1.000000000000000000e+00 5.785450803048781954e-02 -3.209435085754325147e-03 1.877310201427392911e-02 7.369035403738910528e-02 9.707457854033610389e-02 7.830303642653128893e-02 1.903678125193634108e-01 2.165712818334724343e-01 1.468492789463866910e-01 1.086930895710505884e-01 1.178429763764788502e-01 9.367258136529485468e-02 1.348187341870168698e-01 1.269399268039221873e-01 1.529791668774796443e-01 1.180208401608013741e-01 9.561980055141572343e-02 5.219033207400799318e-03 -7.257467229731768416e-03 5.157728622836350862e-02 1.647440525830709546e-01 9.237847665197415625e-02 8.718616632593258198e-02 1.827395196912435793e-01 1.676798701236593692e-01 1.919907654986999501e-01 2.456884549684411612e-01 2.125646390277230180e-01 2.143406019151160302e-01 2.035476275192958928e-01 1.987476933132862889e-01 1.406784973510900594e-01 1.991180783709481372e-01 1.084114839487273912e-01 1.958237656319288256e-01 1.819147171608400670e-01 1.721181169404273903e-01 1.366471325011330284e-01 1.526249921575311974e-01 1.438512103754977789e-01 9.456304329925153962e-02 1.321178091387826548e-01 1.464965288798634191e-01 1.579799404461511569e-01 1.576157605449091392e-01 1.676257892098712843e-01 1.603645739141315030e-01 1.370317742076470890e-01 1.438462369662492635e-01 7.840562402963793809e-02 1.323134685510222730e-01 1.781869617359237989e-01 1.683513434801928443e-01 1.776312021921248319e-01 1.488429245299147663e-01 1.468415491553769769e-01 1.635556127995290987e-01 1.533901272933401172e-01 1.275011359242104736e-01 1.644458258845058474e-01 1.546170574340178516e-01 1.612071158243605640e-01 1.540614234444488972e-01 1.532940466493448728e-01 1.662916545554013192e-01 1.586106251471650352e-01 1.749879772103197784e-01 1.167432098376669641e-01 1.175130030733894659e-01 1.416067909003501935e-01 1.418062723817669901e-01 1.351762976311743358e-01 1.582883577909066364e-01 1.637860808379661137e-01 1.730664913455852161e-01 2.070945464915923961e-01 1.660815081706418228e-01 1.849526783576048161e-01 1.712167669651446789e-01 1.821600168969161049e-01 1.726271674436886672e-01 1.823046644822222673e-01 1.611552611639860411e-01 1.527193011333714268e-01 1.611018776597119284e-01 1.610836571421920826e-01 1.585873332499604105e-01 1.687111271531331336e-01 1.573689481794896261e-01 1.492396717359661118e-01 1.470934325148123556e-01 1.519203985907259247e-01 1.578864484503106902e-01 1.646120307197482258e-01 1.190671367986478740e-01 1.467417144719113387e-01 1.402301099973778942e-01 1.338399169508132924e-01 1.205598064209361664e-01 1.398095332859481399e-01 1.470769861768184972e-01 1.378523542036780847e-01 1.365565214856473697e-01 1.570140861739643678e-01 1.540963917159673402e-01 1.707502229236811941e-01 1.682321687277275601e-01 1.507899337769044168e-01 1.588438947310268079e-01 1.559054916577644612e-01 1.594148450542956508e-01 1.558387503847019628e-01 1.581878130902444335e-01 1.632315301905958027e-01
1.310829852705037157e-01 5.785450803048781954e-02 1.000000000000000000e+00 2.776207602144309394e-01 2.272685495592137173e-01 2.008037104976035381e-01 3.380723670252187563e-01 2.975786162680094660e-01 3.805143029278217348e-01 3.393639621487566926e-01 3.760499649314319459e-01 3.849884208250451412e-01 3.294104731465123392e-01 2.876198406053108725e-01 3.752465472745654118e-01 3.835894151770136706e-01 3.913218941037925336e-01 4.136610685058474401e-01 4.008382877196305927e-01 2.748249116612878074e-01 3.644000497816362039e-01 4.186850477790554637e-01 4.358891788301532677e-01 3.957595545221505029e-01 4.033873482105653219e-01 4.128910333219572570e-01 4.339736003405997300e-01 4.431965922267716018e-01 4.441799828989695942e-01 4.590032786677650245e-01 4.271433613891598702e-01 4.397830316083594648e-01 4.308539019155562255e-01 4.116620065944577855e-01 4.293265551311521988e-01 3.982556084216818948e-01 4.258561311570081553e-01 4.034686793139169447e-01 4.022803733414948568e-01 4.143742525913514108e-01 4.163816348561634739e-01 3.913484475995825940e-01 3.849148195935616079e-01 3.909246597760476227e-01 4.124187175131983629e-01 3.965516607383267611e-01 3.876985728201848280e-01 3.952433294004757958e-01 4.062627403081070510e-01 3.995563919804133168e-01 4.016587908137749796e-01 3.758881389933799722e-01 3.933989177953072791e-01 3.895340830003767851e-01 4.038873502511169389e-01 4.184452385783016259e-01 4.023299341986650846e-01 3.852519016260370632e-01 3.875868984535951745e-01 3.878995480465322609e-01 3.881704204863449248e-01 3.866230002499415619e-01 3.882857827630949443e-01 3.877213852742946720e-01 3.892330572967794278e-01 3.974941792331660451e-01 4.017109541640726533e-01 4.175086649565695751e-01 4.291329944819500808e-01 3.970119235676151104e-01 4.040226353240351509e-01 4.080704064626053951e-01 4.168589173405566894e-01 4.115853885327478423e-01 4.160796608548577025e-01 4.134979974862321161e-01 4.207599947369144444e-01 4.230249893081120538e-01 4.180048634284935782e-01 4.170510787953304876e-01 4.121234204111864363e-01 4.041875760011274799e-01 4.190472213153837999e-01 4.127292494450755522e-01 4.053998925514299412e-01 4.033318693376546915e-01 4.045638646863315979e-01 3.986083329077854120e-01 3.947213514945846491e-01 4.109598885783255495e-01 4.050264343859420468e-01 3.978245864199424497e-01 4.040920885747248947e-01 4.002904552964737239e-01 3.871933239347803979e-01 3.918339631256569922e-01 3.965499591125203893e-01 3.892914632062610680e-01 3.918439484981044996e-01 3.996073553866941741e-01 3.975989048525752079e-01 3.925528942823039436e-01 3.866432885308279666e-01 3.893750267500102336e-01 3.962166375998877887e-01 3.956086866444374350e-01 3.924762274973602749e-01 3.961097195550624117e-01 3.987536655675165687e-01 3.889705170918956179e-01 3.927932561418791546e-01 3.859124590581300418e-01 3.888697273979337399e-01 3.880190584679967802e-01 3.923481347355052828e-01 3.884538514647757346e-01
-1.657658484071483640e-02 -3.209435085754325147e-03 2.776207602144309394e-01 1.000000000000000000e+00 3.562828450517118162e-01 3.696094750376596738e-01 5.342112821924039912e-01 5.523030724896538235e-01 5.353618788169024478e-01 4.564835941662223617e-01 5.729174844963611513e-01 6.473899133497932334e-01 5.580151624901805718e-01 4.368649562573522216e-01 6.029582371030770549e-01 6.176937722239315143e-01 5.402436479765310162e-01 4.814237478578750062e-01 5.315466060554928651e-01 5.413623911129338273e-01 5.672593987181149267e-01 5.974842137397634589e-01 4.679795555722406353e-01 4.620618632114681379e-01 5.062978951444762066e-01 5.497065403147078921e-01 5.665610752673303496e-01 5.280713898087142644e-01 4.422002084295271751e-01 5.064331049478761893e-01 5.510978188207126260e-01 5.242706569228368085e-01 4.976831565501733112e-01 5.320962457934774736e-01 5.258310261863067270e-01 5.736224790723668532e-01 5.535204533185538178e-01 5.730928960370965664e-01 5.810928253641205465e-01 5.800812615536463657e-01 6.088586078749856911e-01 6.039225462327760807e-01 5.988835658541282747e-01 6.224936568430837758e-01 6.141526069361492590e-01 6.017311395803134344e-01 6.091636357300457272e-01 6.064195431887610122e-01 6.118267969705419862e-01 6.042633708538516224e-01 6.028016703502399043e-01 6.273599256178946648e-01 6.192490461523771916e-01 5.977661258359860952e-01 5.898355501403136358e-01 5.918235524801679359e-01 6.105206990859028959e-01 6.070896758068182741e-01 5.947538409489591116e-01 6.196700690091709873e-01 6.243596874475562108e-01 6.059730108808680793e-01 6.036351497514303999e-01 6.085345783202907866e-01 6.187374353233543456e-01 6.295950534075710481e-01 6.084027295537035585e-01 6.056572990506939869e-01 5.855741569242739475e-01 6.599223792374402375e-01 6.406953383295648230e-01 6.202667183363563819e-01 5.910632604564234338e-01 5.993066593190365943e-01 6.091884487933865167e-01 6.092009521797352445e-01 5.958291078884003777e-01 5.678103681961107485e-01 6.019998838674701647e-01 5.880014609656284419e-01 5.967436803926897682e-01 5.956643357005769746e-01 6.020366462166556465e-01 5.859714510033666723e-01 5.974468685896613396e-01 5.976166370523813276e-01 6.028839137315272767e-01 6.104956105832192170e-01 6.104595802272663185e-01 6.049168148804096035e-01 6.030138451217540441e-01 6.167035402833969115e-01 6.182949798560469779e-01 6.190567139162520549e-01 6.143862699624536017e-01 6.128051191264748399e-01 6.281344961399392135e-01 6.227105662985240597e-01 6.242367987572459143e-01 6.244479634738969720e-01 6.225597002321509033e-01 6.270631690331258667e-01 6.254178507599350567e-01 6.242442777957127875e-01 6.219939324204554199e-01 6.203873753522203272e-01 6.224279223981744602e-01 6.062227766418721853e-01 6.077903511456430596e-01 6.184943138476204361e-01 6.165468608853661436e-01 6.202054353487270744e-01 6.186667932932297109e-01 6.187881235940381197e-01 6.165745499589853074e-01 6.193493398171160402e-01
9.512436167000827558e-02 1.877310201427392911e-02 2.272685495592137173e-01 3.562828450517118162e-01 1.000000000000000000e+00 2.796195061785068936e-01 4.388387978041517479e-01 4.441852652551276370e-01 4.243074267957101520e-01 3.575714101607583295e-01 4.362880530701743753e-01 4.476568758073905530e-01 4.471574768434954938e-01 3.097509131250564263e-01 4.547027827150080803e-01 4.653167596580448651e-01 4.403703592406955636e-01 4.469763923366047442e-01 4.876009501860676942e-01 3.620686779516745779e-01 4.492452027668693559e-01 4.917849706038388558e-01 4.527296319749112841e-01 4.597962125174240300e-01 4.807232953162899336e-01 4.633997622266065042e-01 4.755502474846961536e-01 4.684932612477048508e-01 4.148910259370662823e-01 4.666565577274783827e-01 4.555619972152242236e-01 4.634123441470521243e-01 4.424069705254090601e-01 4.805104528392507013e-01 4.735680417606331072e-01 4.661262902095131833e-01 4.637586011046032630e-01 4.574180319588904697e-01 4.701449219682882208e-01 4.593119934355991418e-01 4.829050429517906529e-01 4.695344762647967185e-01 4.658801612829996386e-01 4.754409013019084695e-01 4.840615915422180615e-01 4.628998246615620427e-01 4.632455820007002623e-01 4.576994499246804238e-01 4.575041824485027719e-01 4.580354132266485356e-01 4.569182858303756367e-01 4.719686527215298799e-01 4.614615127048993237e-01 4.482582962075565280e-01 4.481462374416068095e-01 4.640936632120305494e-01 4.515142730304420593e-01 4.624389022437147001e-01 4.368103308744814561e-01 4.673066423638662648e-01 4.665654704506588812e-01 4.446032859260591885e-01 4.342544511936159424e-01 4.616703164636892232e-01 4.702490018656592663e-01 4.683232503589855322e-01 4.667362581836103641e-01 4.814948025635707451e-01 4.827307019021792045e-01 4.734388337210870823e-01 4.900316413948991312e-01 4.853490072996072269e-01 4.920351401578059169e-01 4.915235980787991954e-01 4.829112644030394974e-01 4.754631056328066374e-01 4.755881750235100291e-01 4.547601515855155263e-01 4.784732522768530560e-01 4.675723214995256005e-01 4.772049089232501817e-01 4.631431010528301306e-01 4.742894171273763226e-01 4.708983060864551096e-01 4.715615594239093156e-01 4.793685283476321612e-01 4.750551100302013996e-01 4.687075738065185071e-01 4.684150224784022210e-01 4.631581834176412005e-01 4.689810167970916988e-01 4.741362247639805405e-01 4.750026673789720100e-01 4.707896354969847708e-01 4.550350347021516750e-01 4.566902454455257776e-01 4.619585015033261244e-01 4.608143871135068070e-01 4.659113572893389676e-01 4.733412570786914575e-01 4.801545430881016818e-01 4.592906570745408645e-01 4.693727382045194685e-01 4.710939991965561457e-01 4.768790900478283579e-01 4.559296910394033397e-01 4.622584491024283038e-01 4.581981785048903633e-01 4.588204360114844782e-01 4.648235842779290250e-01 4.529718346604708623e-01 4.647940681155151577e-01 4.537795647884075856e-01 4.623311455863062802e-01 4.682283806220410294e-01 4.621825633007490275e-01
8.223512484049922203e-03 7.369035403738910528e-02 2.008037104976035381e-01 3.696094750376596738e-01 2.796195061785068936e-01 1.000000000000000000e+00 4.737747108086627357e-01 4.520933133077180144e-01 4.874301502934459407e-01 4.586009428137527988e-01 5.101605038704840611e-01 5.509136769406604017e-01 5.038199493651086547e-01 3.728189658205687262e-01 5.424122026399041951e-01 5.390327872597892034e-01 4.937397091368447288e-01 4.151550034737843675e-01 4.781317119590471343e-01 3.619821744286261800e-01 4.205170758320332380e-01 4.993183067696693733e-01 4.339238345201143487e-01 4.324057721638537855e-01 4.804278242446733960e-01 5.025972741980707648e-01 5.166320989531127950e-01 5.134961190161726474e-01 4.525750157982264543e-01 4.915892064359217439e-01 5.167262874598554934e-01 4.949796837006581463e-01 4.859308136516593546e-01 4.976556305426241833e-01 4.957090325363144867e-01 5.238833317963702552e-01 5.285914082613467624e-01 5.382368345106935958e-01 5.454029019011192858e-01 5.315345610998850612e-01 5.532949559107486204e-01 5.601188099991155633e-01 5.489476814286154971e-01 5.727631460954402121e-01 5.562682781213024175e-01 5.647052024463744546e-01 5.624603795731429878e-01 5.622532227436379815e-01 5.579925028276830901e-01 5.473448150072502960e-01 5.504887277261172329e-01 5.466526804804722195e-01 5.541581331877502015e-01 5.535398228449894820e-01 5.472233848860360572e-01 5.467424058356926686e-01 5.492485673497294885e-01 5.586819711324674254e-01 5.497804246909375747e-01 5.667025308945771167e-01 5.672588593678465907e-01 5.566412763361494598e-01 5.527068307899297706e-01 5.627152495931159182e-01 5.616877230393428899e-01 5.604238775178055354e-01 5.636724621650176514e-01 5.599976179429364542e-01 5.436111813962165584e-01 5.561760855048238916e-01 5.700448302692083802e-01 5.686221997616652812e-01 5.454199107255774948e-01 5.556172410750712665e-01 5.594690605960400687e-01 5.576741277110625061e-01 5.559055318627930120e-01 5.441932912840466985e-01 5.568482128867537906e-01 5.504997377840721295e-01 5.600901271248022173e-01 5.543240505468041146e-01 5.584526758669351443e-01 5.510596585726268426e-01 5.558507418485000295e-01 5.580446249297000838e-01 5.626352690068406881e-01 5.623280822161599302e-01 5.674704278047828510e-01 5.573732562713493710e-01 5.580546736008220599e-01 5.666239355945692502e-01 5.637429351102420938e-01 5.690476112791276186e-01 5.674230817997666376e-01 5.649019290301687812e-01 5.579059503479748550e-01 5.605086581967532178e-01 5.677548209906434495e-01 5.610454850497231805e-01 5.672123640004541612e-01 5.620389325638706080e-01 5.651917483608410731e-01 5.705102178745213859e-01 5.685141514894374026e-01 5.564923511134597378e-01 5.641231994491658908e-01 5.606281862564473917e-01 5.621801732948125130e-01 5.668529535762255600e-01 5.603734215841401634e-01 5.676561150813067558e-01 5.630134663762446090e-01 5.657072725241436562e-01 5.656576894601346162e-01 5.658062657228912773e-01
-7.787346887636651359e-03 9.707457854033610389e-02 3.380723670252187563e-01 5.342112821924039912e-01 4.388387978041517479e-01 4.737747108086627357e-01 1.000000000000000000e+00 6.804771039844240699e-01 7.230326805853577454e-01 6.683485483915719838e-01 7.551755712251514430e-01 7.864350525135728187e-01 7.262792616999365070e-01 5.748937835566828580e-01 8.262477381263106935e-01 7.943403781178711709e-01 7.315597902456720814e-01 6.395002804270615293e-01 7.101211946460769253e-01 5.442984789001924506e-01 5.987562490697089235e-01 7.247345253491410677e-01 6.692091987087764871e-01 6.518930090535114408e-01 6.986576681665088717e-01 7.834841005495378763e-01 7.840233999900633188e-01 7.812650680306606477e-01 7.110148818180511698e-01 7.474902880674016981e-01 7.969966603974516506e-01 7.770106320970256997e-01 7.460137739212481245e-01 7.595807540410315362e-01 7.608149918932020084e-01 7.753518024957800625e-01 7.856265377926564542e-01 8.181716575084059251e-01 8.210014270218901622e-01 8.091029311644490907e-01 8.231004702803036421e-01 8.358463645446674306e-01 8.190156232689889126e-01 8.350149106204115546e-01 8.291667281242107723e-01 8.272082441393817653e-01 8.272474572653850666e-01 8.210308887916720755e-01 8.117708292803822445e-01 8.111358654073269614e-01 8.177937851767280719e-01 7.891709729931911665e-01 8.178137261886143650e-01 8.045124860960887192e-01 8.033473530761611192e-01 8.169256682352979970e-01 7.881886266967950139e-01 8.250213713754118716e-01 8.065487438749365801e-01 8.237713126854073753e-01 8.279497024403056349e-01 8.075471519135469789e-01 7.994765569404832517e-01 8.180758044911593529e-01 8.130884613672600958e-01 8.093504233948238813e-01 8.268753089806971657e-01 8.252464343017387183e-01 8.180336319566804404e-01 8.106141813609868407e-01 8.261311295952593614e-01 8.310128286599931524e-01 8.130173711883518228e-01 8.160010839914306757e-01 8.343239727058726629e-01 8.305511539441324809e-01 8.308358728932704329e-01 8.125551739367609105e-01 8.338226766043923543e-01 8.208762470127478617e-01 8.268548782326528013e-01 8.291385028789683975e-01 8.205277198798849314e-01 8.233737481613200293e-01 8.303145759127763537e-01 8.306445361127521299e-01 8.298128807846000266e-01 8.365931894198893604e-01 8.358337567341218577e-01 8.279065754252878939e-01 8.362017680501381278e-01 8.371352700987931827e-01 8.342157784636540230e-01 8.385934504069972872e-01 8.285652135741883306e-01 8.270582016277248094e-01 8.252666303579534457e-01 8.135023048896722342e-01 8.315782588949034437e-01 8.369717852113892631e-01 8.386419187674980513e-01 8.237723921287334328e-01 8.286956286697810814e-01 8.357996683334307786e-01 8.302322980479411862e-01 8.100750062340480451e-01 8.233037867508854468e-01 8.262403265974713751e-01 8.243185891120444753e-01 8.314123401149069448e-01 8.245896157029314333e-01 8.272575436626661283e-01 8.229890393509383673e-01 8.257739915831900923e-01 8.230735930485536533e-01 8.176687020154657093e-01
1.164168718335369633e-02 7.830303642653128893e-02 2.975786162680094660e-01 5.523030724896538235e-01 4.441852652551276370e-01 4.520933133077180144e-01 6.804771039844240699e-01 1.000000000000000000e+00 6.777859527773795190e-01 6.062901569395428014e-01 7.024935995930836619e-01 7.412726960436625268e-01 6.942129325168702181e-01 5.318148719853915685e-01 7.609263430413654161e-01 7.605919059013418471e-01 6.885069927634659415e-01 5.915898871960627581e-01 6.601129683464997955e-01 5.359183718861559864e-01 6.036430168714562727e-01 6.834512943659341033e-01 5.955772260288739739e-01 5.718735431481076770e-01 6.274903709298333965e-01 7.231287947221402002e-01 7.273184317689068701e-01 6.986216521248181932e-01 6.337188303434146963e-01 6.802450164245448239e-01 7.313243611277732148e-01 7.007597512363958892e-01 6.704734644079519690e-01 6.801812205357546937e-01 6.964633504344198700e-01 7.049456118335857280e-01 7.186961115522493282e-01 7.519007246157783930e-01 7.449215951775596256e-01 7.303357427478321950e-01 7.585503863218175935e-01 7.656892844016826016e-01 7.434335495385909764e-01 7.716632408491799211e-01 7.586977002232726530e-01 7.598161972344735782e-01 7.666500531351753134e-01 7.637391957099268769e-01 7.648038832553637478e-01 7.619589282370988759e-01 7.655274410816105268e-01 7.352898154967837385e-01 7.582627706495741471e-01 7.581327117297326224e-01 7.568753963578264132e-01 7.563910571230588742e-01 7.585474328415290346e-01 7.686401791251885607e-01 7.623201592634247792e-01 7.718369273975281830e-01 7.730285229252228385e-01 7.659975713684853416e-01 7.637244993666650883e-01 7.692970004129928707e-01 7.644180208549971045e-01 7.676658614968056016e-01 7.674470931531132134e-01 7.632254580657147347e-01 7.473317255852748309e-01 7.687645123883223297e-01 7.751722552380428954e-01 7.679189490759834591e-01 7.349127355233073811e-01 7.433460846305733893e-01 7.713750923880634547e-01 7.672036407017067683e-01 7.578219705141659990e-01 7.439479670356418106e-01 7.625574381569402149e-01 7.547620486721199340e-01 7.584945009745083233e-01 7.632799820468908480e-01 7.604088061558955669e-01 7.555113583720717285e-01 7.608122796031860924e-01 7.566732322468067151e-01 7.617479319444894204e-01 7.706635509626726943e-01 7.685930793912484349e-01 7.636800103313712285e-01 7.585021936389104713e-01 7.696743694994220286e-01 7.701302530153325554e-01 7.694777978292584031e-01 7.684631715775157579e-01 7.676632218010641662e-01 7.714220188547026291e-01 7.724797848329866268e-01 7.751228508330412215e-01 7.723623605454006391e-01 7.710722149214899179e-01 7.745925319322729541e-01 7.704564045252481064e-01 7.736947341595413752e-01 7.683046127464210340e-01 7.664501323486584417e-01 7.733460769864403117e-01 7.648511986893232750e-01 7.683292014432323569e-01 7.720624692847829484e-01 7.697661107087930832e-01 7.717141374825384759e-01 7.708416435524876320e-01 7.758177287110953335e-01 7.690557490849817546e-01 7.670655178254953688e-01
1.495484899695592729e-01 1.903678125193634108e-01 3.805143029278217348e-01 5.353618788169024478e-01 4.243074267957101520e-01 4.874301502934459407e-01 7.230326805853577454e-01 6.777859527773795190e-01 1.000000000000000000e+00 7.516494232984987089e-01 8.037221125428198887e-01 8.149260147997765547e-01 7.638688669193974823e-01 5.850159222069382103e-01 8.343614810939574689e-01 8.282489269904442786e-01 8.122715322527565007e-01 7.027208027365935417e-01 7.584029439503829906e-01 5.396591428247167199e-01 5.999161839505600113e-01 7.565995801654271657e-01 7.572083019547519722e-01 6.877195519822080216e-01 7.494795434487192543e-01 8.368993721023175736e-01 8.417930392070396284e-01 8.489659846781077990e-01 8.110527905173248175e-01 8.521196520663341101e-01 8.707222692244188655e-01 8.344662614001815415e-01 8.048568715303743293e-01 7.953489744265480610e-01 8.376504495444180298e-01 8.094041192562285714e-01 8.770625595051982915e-01 8.528999002652201122e-01 8.601168920381632166e-01 8.347610262114117941e-01 8.766726511113960285e-01 8.640356294154220018e-01 8.191051879200752506e-01 8.668426712463446204e-01 8.702306685599023872e-01 8.624508216748422162e-01 8.724806145506522892e-01 8.809384726476012784e-01 8.730978266311845148e-01 8.527493092406907005e-01 8.564590980119363151e-01 8.213273733256094555e-01 8.614683522246756597e-01 8.760717187112763149e-01 8.679569540176220732e-01 8.808426524690294857e-01 8.640481598271055885e-01 8.680293246897886617e-01 8.641402112879268405e-01 8.753313661101466137e-01 8.668413051429963989e-01 8.696424548689165590e-01 8.559350446801099466e-01 8.733988014010175549e-01 8.752116758945234221e-01 8.761180646441260045e-01 8.809397217247780798e-01 8.792330095785526600e-01 8.763012617974991203e-01 8.457115076176240365e-01 8.578174888318872426e-01 8.782218250734700193e-01 8.539341459126448264e-01 8.592770101571336472e-01 8.814951711684284597e-01 8.846523497725011786e-01 8.827547354259239754e-01 8.879357621853656291e-01 8.792486679645521441e-01 8.888526408796719736e-01 8.862884763862175497e-01 8.855487814551136205e-01 8.879987894149777850e-01 8.821036643194573035e-01 8.702946051488599233e-01 8.691445812922345970e-01 8.829888676036999895e-01 8.755183113069432421e-01 8.764092854790601628e-01 8.821883669655506965e-01 8.727286295437489683e-01 8.772605041646396318e-01 8.797783608020802726e-01 8.765327201933805767e-01 8.749765074305826396e-01 8.807936371853739566e-01 8.543325366973857360e-01 8.666446280244913813e-01 8.708192578980002985e-01 8.669960711548598820e-01 8.625523979254929863e-01 8.678045733454969879e-01 8.715369901312113310e-01 8.720116829888893140e-01 8.749803728185945317e-01 8.721052646345890391e-01 8.750002621257378932e-01 8.843395119650142577e-01 8.812963687287169723e-01 8.752929198013180700e-01 8.732235937732030218e-01 8.775429633112694638e-01 8.746434146914293661e-01 8.759847124253989925e-01 8.822226049366971301e-01 8.778351459880412433e-01
1.078869514469440322e-01 2.165712818334724343e-01 3.393639621487566926e-01 4.564835941662223617e-01 3.575714101607583295e-01 4.586009428137527988e-01 6.683485483915719838e-01 6.062901569395428014e-01 7.516494232984987089e-01 1.000000000000000000e+00 7.412360951394930675e-01 7.475408443839844930e-01 6.826024605710311333e-01 5.331334587882593512e-01 7.770170082801142186e-01 7.596809818023737559e-01 7.234852638713256123e-01 6.090676688625533686e-01 6.635540815500718947e-01 4.899565692708477416e-01 5.189131442907903846e-01 6.657750594637042996e-01 6.658701871200772837e-01 6.049876356180372561e-01 6.557272493684682679e-01 7.663788338733589223e-01 7.605080544955231669e-01 7.692287277678181434e-01 7.350160478486904569e-01 7.772530490433718908e-01 8.015706950426195743e-01 7.587912768412719000e-01 7.320525139956487459e-01 7.151736129267903808e-01 7.715887756053476654e-01 7.210261430319212517e-01 7.935678237377612465e-01 7.854676530748988528e-01 7.947670091034371165e-01 7.540044912956509471e-01 8.011109506567645200e-01 7.896954710194794558e-01 7.509447253972219016e-01 7.983246392819441928e-01 7.937658041302054768e-01 7.996083996216610812e-01 8.099868842299307037e-01 8.181571760279937600e-01 8.025930294053665870e-01 7.804642937773050848e-01 7.853673011304094231e-01 7.383804279380633551e-01 7.903533325190862380e-01 8.138554607747822134e-01 8.045597901227481419e-01 8.095116430781824635e-01 7.906471433210381372e-01 8.018023037040147294e-01 8.012055389660749372e-01 8.088699960995117122e-01 7.979652597112101287e-01 8.074252953335336880e-01 7.939192532796469637e-01 8.067389940619533739e-01 8.031231438183231708e-01 8.028173005006485896e-01 8.134265506388693723e-01 8.038648943159822924e-01 8.018908982279264741e-01 7.764656982006153951e-01 7.850174277032644365e-01 8.015272479354998980e-01 7.785173606553599246e-01 7.817672790962896245e-01 8.081938144970987059e-01 8.135482840965294615e-01 8.104146902612784364e-01 8.152561835872492724e-01 8.085866822882430416e-01 8.214837373618499861e-01 8.176090548546149916e-01 8.195381865554256517e-01 8.141536387378647266e-01 8.158747691152442583e-01 8.034657949954994161e-01 7.993045065335635524e-01 8.107146820882605853e-01 8.112870103325949822e-01 8.119465432131631744e-01 8.141135128502823282e-01 8.035052081099584020e-01 8.111162089757741889e-01 8.097411779100097684e-01 8.091119011344126699e-01 8.123619423681801566e-01 8.175416971181512782e-01 7.894378480084783822e-01 8.002006699811551327e-01 8.084295754188259853e-01 8.001614943055956886e-01 7.948995054671800231e-01 8.041261142946459772e-01 8.067744147442627023e-01 8.077795397583503734e-01 8.046587279714287888e-01 8.069613280636006580e-01 8.103927477601674534e-01 8.201830684966487928e-01 8.171117718655757090e-01 8.119501206249272185e-01 8.144460884312050286e-01 8.130634379029795245e-01 8.123423080825301623e-01 8.104996968767084198e-01 8.129796561674210720e-01 8.126470777990923988e-01
2.532159206566812759e-02 1.468492789463866910e-01 3.760499649314319459e-01 5.729174844963611513e-01 4.362880530701743753e-01 5.101605038704840611e-01 7.551755712251514430e-01 7.024935995930836619e-01 8.037221125428198887e-01 7.412360951394930675e-01 1.000000000000000000e+00 8.610478980386376824e-01 7.766757981821116319e-01 6.094440816624118185e-01 8.712578367183886341e-01 8.532464350317323643e-01 8.061882584616669734e-01 6.867800273256651211e-01 7.599095062499983122e-01 5.834684664503120288e-01 6.380497097646584681e-01 7.733805693302653328e-01 7.320565567506748250e-01 6.784915478882731499e-01 7.452127007760668276e-01 8.426773534627537421e-01 8.456435437982127157e-01 8.415820075300023406e-01 7.706317606204929893e-01 8.247112401730891662e-01 8.648756850678736008e-01 8.360592298370089770e-01 7.995215998858702378e-01 8.048578880214063425e-01 8.291716457730173850e-01 8.254234393865264030e-01 8.657722787120487595e-01 8.741912260743563978e-01 8.812234657596698106e-01 8.581527261674760654e-01 8.905328617260109825e-01 8.866264292156856852e-01 8.528903469674627980e-01 8.950657660516423419e-01 8.875055255179576941e-01 8.851421795816343252e-01 9.013518787707638369e-01 9.011521992871288633e-01 8.980075772408950829e-01 8.802530831338016837e-01 8.839696328663098068e-01 8.537464043533049551e-01 8.899011996743207975e-01 8.921821829406507698e-01 8.866672003201325758e-01 8.935136668663532511e-01 8.819550577333007402e-01 8.934803961586017529e-01 8.866283158739078907e-01 8.998160239271236760e-01 8.976468206587857601e-01 8.905266201399499870e-01 8.844063638092215518e-01 8.933729314886417194e-01 8.918343867969225069e-01 8.955983149399833199e-01 9.010504191297872278e-01 8.952353954043006379e-01 8.861551455897725971e-01 8.780204490371918968e-01 8.901329060502867208e-01 8.986042530731578326e-01 8.708033762228764019e-01 8.763301781951431391e-01 9.019485405098164321e-01 9.032514035476917336e-01 8.956654500757689208e-01 8.857575863799814764e-01 8.951709077526762703e-01 8.972951861201502455e-01 9.005990647413829597e-01 9.024600464375679421e-01 8.996307542383602529e-01 8.955209924898112073e-01 8.958905071698205491e-01 8.916928658854686995e-01 9.007178299152758250e-01 9.022977508525327206e-01 9.024668086946888712e-01 9.017105822292962314e-01 8.984024165196375922e-01 9.038379753878709177e-01 9.045519857889309234e-01 9.029892459358299650e-01 9.039167507577685612e-01 9.059453981073892770e-01 8.981444736175063781e-01 8.956240267355258799e-01 9.036241658095411911e-01 9.015627060071138565e-01 8.982265179797193078e-01 9.024617363342336551e-01 9.025053406532516087e-01 9.042396143527047236e-01 9.024639942968765149e-01 8.966244144943695815e-01 9.041304149433282422e-01 9.041687617624755147e-01 9.044175764550205221e-01 9.037744897053888726e-01 9.015473095979706919e-01 9.036521568348857558e-01 9.032678974193443233e-01 9.026379017760458590e-01 9.022512687900339223e-01 9.017873685391708527e-01
-8.070856076850679850e-03 1.086930895710505884e-01 3.849884208250451412e-01 6.473899133497932334e-01 4.476568758073905530e-01 5.509136769406604017e-01 7.864350525135728187e-01 7.412726960436625268e-01 8.149260147997765547e-01 7.475408443839844930e-01 8.610478980386376824e-01 1.000000000000000000e+00 8.170694166838315953e-01 6.391792391789168359e-01 9.018082442375841001e-01 8.966637904161558481e-01 8.252753787374618177e-01 7.062176043425929528e-01 7.808754091167340317e-01 6.574459871796881627e-01 7.015697474129998223e-01 8.129021979125503616e-01 7.223601353920656720e-01 6.908417155909527541e-01 7.522091740293019857e-01 8.376135720344657365e-01 8.559675044785870490e-01 8.313897212745391396e-01 7.430668879196438148e-01 8.126619737656488596e-01 8.693285542705697644e-01 8.360865920148703445e-01 7.901729893947524452e-01 8.139892704291945558e-01 8.238711980605484264e-01 8.458657726782906616e-01 8.630322849752464220e-01 8.942020340203017392e-01 8.956449680974419847e-01 8.757060687954295597e-01 9.128621331187429799e-01 9.130405181704809303e-01 8.810193734569490287e-01 9.272250495793546987e-01 9.154497536427880222e-01 9.144583303549927988e-01 9.312242493260630694e-01 9.284378061891152001e-01 9.285015024606592116e-01 9.138938695837263149e-01 9.172422925392091919e-01 9.030908265061672324e-01 9.226969586713814619e-01 9.192346888700606566e-01 9.144512135785064499e-01 9.086003001370164256e-01 9.191100492025325863e-01 9.260933827998469869e-01 9.204620881641436547e-01 9.355008616667764842e-01 9.334396464510827940e-01 9.244771704955825342e-01 9.208585063200419585e-01 9.236389125253209320e-01 9.248695232413716161e-01 9.337591442724194613e-01 9.290656372187290346e-01 9.207400777113482482e-01 9.008678457717850252e-01 9.319597649488394753e-01 9.316507023830542522e-01 9.271920383330481963e-01 8.941406222563906825e-01 9.007736924635630915e-01 9.229204728853088735e-01 9.251429369480872467e-01 9.129487728881391373e-01 8.955740475623416019e-01 9.150985981131828373e-01 9.096403156280259417e-01 9.184549366267164006e-01 9.209111952018038671e-01 9.208837589252403255e-01 9.105537530476933705e-01 9.171297032960978868e-01 9.147728064538448445e-01 9.224548506780845258e-01 9.288556302699937373e-01 9.283654211827422342e-01 9.216000875039110918e-01 9.178824674818799600e-01 9.324663781153511577e-01 9.329618664672261197e-01 9.321636848765532113e-01 9.349227853572072977e-01 9.337577940893595496e-01 9.288629842797161418e-01 9.315700458004116946e-01 9.364840563766156922e-01 9.318826838375104948e-01 9.269171061820310475e-01 9.363095097476014095e-01 9.355539275939196431e-01 9.367871277314153700e-01 9.350260454879221195e-01 9.287825925597529286e-01 9.363249692531514512e-01 9.301388071879421737e-01 9.290046926266583016e-01 9.359737485917858368e-01 9.324638450691709046e-01 9.356529467240152220e-01 9.346326130476745320e-01 9.329663509809171806e-01 9.320606014519702276e-01 9.345496367262520199e-01
1.381735442698979119e-02 1.178429763764788502e-01 3.294104731465123392e-01 5.580151624901805718e-01 4.471574768434954938e-01 5.038199493651086547e-01 7.262792616999365070e-01 6.942129325168702181e-01 7.638688669193974823e-01 6.826024605710311333e-01 7.766757981821116319e-01 8.170694166838315953e-01 1.000000000000000000e+00 5.735914226688832995e-01 8.310330308889022355e-01 8.242288267289535897e-01 7.643530558070747993e-01 6.383285503194987553e-01 7.177297864874486732e-01 5.574642450963319673e-01 6.106193981579853824e-01 7.433708313317584082e-01 6.643966744578935213e-01 6.451784237385953524e-01 7.065964283551429137e-01 7.853678170005757853e-01 7.968125497346164599e-01 7.856136120090567720e-01 7.120130027676861983e-01 7.602900417567526326e-01 8.077909322647494061e-01 7.687055835331939591e-01 7.387133487365898921e-01 7.600527690930086733e-01 7.665451223863496422e-01 7.848372277682933440e-01 8.022223837402502333e-01 8.145908795563140403e-01 8.302156500978741249e-01 8.033366125791411294e-01 8.384483221676026776e-01 8.462054290741760632e-01 8.247209852360144478e-01 8.533123199783950730e-01 8.485968895370000764e-01 8.383778965307334685e-01 8.461880969277881803e-01 8.468491210563319216e-01 8.409836246232618162e-01 8.239230401508528256e-01 8.272319170226596352e-01 8.321757102356872604e-01 8.444298413648374524e-01 8.387018960217963448e-01 8.236757475144980134e-01 8.301315097534149867e-01 8.251976636661036979e-01 8.506333003216491884e-01 8.317128086066096770e-01 8.574727213039821105e-01 8.541189940567934791e-01 8.422104693715666279e-01 8.240498261328583762e-01 8.478542053057606109e-01 8.510954672699314605e-01 8.468020220525565023e-01 8.548427554600410705e-01 8.441747966316947016e-01 8.292683443308349611e-01 8.332438337651978388e-01 8.481476526615562284e-01 8.543889728597502398e-01 8.262878986403274784e-01 8.317031518651681887e-01 8.505619334217964234e-01 8.506989415916760278e-01 8.468637509185156231e-01 8.293109653634582745e-01 8.488183213952569250e-01 8.404927783396544116e-01 8.475926810262042199e-01 8.486711334539100982e-01 8.425508375896971769e-01 8.425453947791359255e-01 8.403804756823550770e-01 8.451548200496498131e-01 8.509775982829540508e-01 8.532044121686045424e-01 8.543494148612483796e-01 8.448584805054573099e-01 8.483487170808922118e-01 8.570770717013925788e-01 8.583729739235476108e-01 8.567007854640131814e-01 8.546527940338363161e-01 8.534699300078844031e-01 8.418272964453893392e-01 8.440980233780184250e-01 8.542568948287374564e-01 8.512206025393194153e-01 8.558173713780459213e-01 8.494208475303455241e-01 8.581290749218416503e-01 8.608009151249808033e-01 8.565525977806792701e-01 8.413927252016867309e-01 8.507628368449963174e-01 8.507166054388320964e-01 8.486550259401923757e-01 8.573375935825708893e-01 8.472262202909484063e-01 8.586089975872450708e-01 8.522331041780312200e-01 8.555305107425370537e-01 8.568811572691735767e-01 8.528241247395357272e-01
