1.000000000000000000e+00 6.455824036969561031e-02 4.639438354063311898e-02 -3.808119747317240122e-02 1.506625992571751504e-02 -2.811640181752395398e-02 1.305514974019178487e-02 -6.684932459168446521e-03 7.201087105170993208e-02 5.321397283801606454e-02 1.452290638476103589e-02 -1.142329135480322708e-02 5.460355067727824287e-03 1.923898607781327971e-02 -2.647495200333918868e-03 2.352150723082534894e-02 7.809091293260983502e-02 1.198735609058245444e-01 1.035304757588850766e-01 8.185552368442147730e-02 8.139075866894938949e-02 9.001942604383961211e-02 8.545770257411325344e-02 1.159152609679717366e-01 1.098175052470253127e-01 5.899687085035716649e-02 5.171077172741838507e-02 3.711148146617863908e-02 1.115082171173227416e-01 9.350603401432178163e-02 5.649046295263474016e-02 5.181072301641412997e-02 2.777450021378568071e-02 6.017844984433923933e-02 3.201359074223553841e-02 3.944320872318055060e-02 6.796242593300162727e-02 1.341597172776739025e-02 3.042229649581769044e-02 -1.432378649539483954e-02 2.040868521436158337e-02 2.813273995348769801e-03 -1.216436929938567984e-03 2.613463682811353536e-02 2.794129940620228292e-02 3.016242050129933766e-02 9.962410050915101664e-03 1.519513314411874601e-02 1.711930326295489982e-02 1.848725089814737960e-02 6.868554467155274339e-03 3.790900812125401476e-03 3.189569431786828686e-03 3.714738757630710320e-02 4.056969313307950270e-02 2.172194207433323851e-02 4.036782358366697299e-02 1.053006659619835743e-02 1.655202131863692597e-02 2.761370658725113836e-02 9.931730238615019829e-03 2.583563134591041269e-02 1.413023766202405745e-02 3.544726485632599539e-02 3.992997924602717519e-02 3.470020823826736045e-02 2.142522109453007251e-02 3.466291333043810402e-02 3.580841704417464522e-02 3.419261979047754502e-02 3.496022963642322207e-02 3.252406703844643032e-02 4.021843133199368842e-02 4.184748395166528606e-02 2.394805335424651099e-02 2.355941264018783857e-02 2.263534633342106570e-02 4.603543629612905780e-02 2.868896922798486876e-02 4.072083251372164703e-02 3.368590346765069216e-02 2.616113649141576722e-02 3.896119119879646459e-02 2.658631200102823389e-02 2.192379220213836258e-03 1.921415656953117529e-02 2.584704199602527730e-02 1.126393168981272910e-02 7.897028585972154860e-03 2.934678314330780788e-02 2.860231962475124311e-03 2.354656736094974580e-03 1.404147743662240155e-02 7.986713184251618622e-03 2.594239424577433027e-03 8.970595623559238577e-03 -1.817296240386262474e-02 2.200217512407604686e-02 1.617739995989374074e-03 1.759652916464969239e-04 -6.135643769476400652e-03 1.404539090004463956e-03 3.203185705250525400e-03 7.030909005319183579e-03 4.590568627484158115e-03 2.460784593652531535e-02 5.650753811148763288e-03 1.502189356972773518e-02 2.166866553481651414e-02 8.121711914607041352e-03 4.054300372824922241e-03 1.137125581363345080e-02 1.188406387349325369e-02 1.603801603307804940e-02 2.508371682766076874e-02 2.342326981948283579e-02
6.455824036969561031e-02 1.000000000000000000e+00 6.631797135269583421e-02 6.377399367861624757e-02 7.210819609823110321e-02 6.492778188851117127e-02 1.535752241340175295e-01 1.520559864333508593e-01 1.901550639717624891e-01 1.886402840300487604e-01 1.493671066847277740e-01 1.323478606751920528e-01 1.252995873840526964e-01 1.210693675405530439e-01 1.708013308451659384e-01 1.710776614510388649e-01 1.970188691011241777e-01 2.124369904219969019e-01 1.959387338773797282e-01 1.887819285890405818e-01 1.995475249269878515e-01 1.945145547260801466e-01 2.022306258285165304e-01 2.014606163974513864e-01 2.044120084050409791e-01 1.797134139962167365e-01 1.920319643435780821e-01 1.827993177237153266e-01 2.172805982202126174e-01 2.167023947979412613e-01 1.968913969867805980e-01 2.108437487522006049e-01 1.933352637895785486e-01 2.150858073469187615e-01 1.868654947018022761e-01 1.941730022062718997e-01 2.037764243417553578e-01 1.955393034304489241e-01 1.904531092892159383e-01 1.572463168678747414e-01 1.807440189767102745e-01 1.860194311763998798e-01 1.633905903695074546e-01 1.884914948468902340e-01 1.744151375070358279e-01 1.870540076300557797e-01 1.751957397534702476e-01 1.782727594682280703e-01 1.747565318778041554e-01 1.877141299279407038e-01 1.755508535838647688e-01 1.634309140912255376e-01 1.572549619492125406e-01 1.764734776490895218e-01 1.798226073503340350e-01 1.762668888378420007e-01 1.784908856377162845e-01 1.709720519583972920e-01 1.736129689984632629e-01 1.720267241809594616e-01 1.688389448370536672e-01 1.740163140841546885e-01 1.716414803347193763e-01 1.846543860265824899e-01 1.820585829707103975e-01 1.767438559121725650e-01 1.809464917098707604e-01 1.874538875645534175e-01 1.918741318556219655e-01 1.912149657204833542e-01 1.845747058647827232e-01 1.843170868352614067e-01 1.946714398923082012e-01 1.847635073088703672e-01 1.801744980586556799e-01 1.776154432577101983e-01 1.803429681506451276e-01 1.918063055866846278e-01 1.873679030988633087e-01 1.884554469811922928e-01 1.884492417594476332e-01 1.826086955549232338e-01 1.893360217788617461e-01 1.843210127536084875e-01 1.769348634321641078e-01 1.902525639070447860e-01 1.871476132447516816e-01 1.835385832602760003e-01 1.785279886396062832e-01 1.787946552172300640e-01 1.746039570585155298e-01 1.728252232822521384e-01 1.761805269231437598e-01 1.778619132245584378e-01 1.704129412909280439e-01 1.719125339944231612e-01 1.620614429617058816e-01 1.778053379819327651e-01 1.679481540262648120e-01 1.733316919258349187e-01 1.651704687309534236e-01 1.760958005468774290e-01 1.658739763370658260e-01 1.735056485108768531e-01 1.721963610798661337e-01 1.736570217035929287e-01 1.708570978911638782e-01 1.741629422378385694e-01 1.767399590476675664e-01 1.720712738055802937e-01 1.737425034490292786e-01 1.710142695893664133e-01 1.722930963953609174e-01 1.754003151820003881e-01 1.788025194544810570e-01 1.767340114279924157e-01
4.639438354063311898e-02 6.631797135269583421e-02 1.000000000000000000e+00 3.104101447602272135e-01 2.032661941674665795e-01 1.938746889414921515e-01 3.327062848256485128e-01 3.213327693564732579e-01 3.347269818656069540e-01 3.167990581067606781e-01 3.659107084922220143e-01 3.627127282948842679e-01 3.349381982560006299e-01 2.817343985342584678e-01 3.557394682627249005e-01 3.676254352316830065e-01 3.524212946878667041e-01 3.460806362343482601e-01 3.602125747710254733e-01 2.907682945893549364e-01 3.672943559623080279e-01 3.653095073817947402e-01 3.670881606951099663e-01 3.514471265926683574e-01 3.608435286375305528e-01 3.684018487111490603e-01 3.626420245149529764e-01 3.613027140158235340e-01 3.632577570955394797e-01 3.725828504560738108e-01 3.862185518240683346e-01 3.784517274835150213e-01 3.530234022950082817e-01 3.597235369532602589e-01 3.634332368110814726e-01 3.616438054039629590e-01 3.664522572452849625e-01 3.657813639533522010e-01 3.674339710785727853e-01 3.639973125377161667e-01 3.658664422663511218e-01 3.711313087289772605e-01 3.660819130467171667e-01 3.763649309249549879e-01 3.732609245946204024e-01 3.682324842911301466e-01 3.723086610789822504e-01 3.731950665804330547e-01 3.743119849589069403e-01 3.766281436420326201e-01 3.823429993097772761e-01 3.668496310287531204e-01 3.688462618969935991e-01 3.798371116233824063e-01 3.767369553404064653e-01 3.737634876552959340e-01 3.847848541070164607e-01 3.727646342502413113e-01 3.812351669586618308e-01 3.770680579444081193e-01 3.776332782388069909e-01 3.771548738076858642e-01 3.842030885522129124e-01 3.796142037962563776e-01 3.779069483919830219e-01 3.827182897515544191e-01 3.738617640836561784e-01 3.832757246125200190e-01 3.816364276842799663e-01 3.821765032821853869e-01 3.847102730791071568e-01 3.845102316971410472e-01 3.832066833034174502e-01 3.813298092112246684e-01 3.780085689152105077e-01 3.798841200446132493e-01 3.759535486311018082e-01 3.773677211391714414e-01 3.787949265294809909e-01 3.826620257954651549e-01 3.790580422657649495e-01 3.772791681469073732e-01 3.805437814206079628e-01 3.771556570605217318e-01 3.792688061394233201e-01 3.792826378573938562e-01 3.767711227652571493e-01 3.747086044504248648e-01 3.739081574861631840e-01 3.773945294725538080e-01 3.722119318968876711e-01 3.738448524104947546e-01 3.740632797453893876e-01 3.744496700657928279e-01 3.741065196660628422e-01 3.726660555441322908e-01 3.700620175849259619e-01 3.802931175183772994e-01 3.770378175933883913e-01 3.761375515963545912e-01 3.733720693286620151e-01 3.772847894534759883e-01 3.730295384490516231e-01 3.766103889431330343e-01 3.757588990991143074e-01 3.786953747814729154e-01 3.730219657002545874e-01 3.747371383133815126e-01 3.780576556756299333e-01 3.732427157114889260e-01 3.754294906952626021e-01 3.747432202105314691e-01 3.764148062026369534e-01 3.771344987788968206e-01 3.765757641148562151e-01 3.750791733905163294e-01
-3.808119747317240122e-02 6.377399367861624757e-02 3.104101447602272135e-01 1.000000000000000000e+00 3.758377258712192748e-01 3.382716667104913588e-01 5.096652713028893000e-01 5.405966651411281410e-01 4.884936191678736495e-01 4.731414897380032958e-01 5.727184206568137759e-01 6.519338172287379995e-01 5.495637505183907923e-01 4.492242058635222968e-01 5.803456628417879015e-01 5.806685482983894309e-01 4.584944650454793602e-01 3.842704793590517864e-01 4.089216806320530861e-01 4.112134318671747391e-01 5.089972933074176087e-01 4.537502712695831719e-01 4.890568272432535002e-01 4.438305045243820524e-01 4.394475077483916414e-01 5.208330309052076057e-01 5.273748823622542714e-01 5.225748973193717895e-01 4.541174521212449355e-01 4.919968935932255150e-01 5.354425932533615207e-01 5.267595852655870825e-01 5.073915720144726027e-01 4.948862604777903296e-01 5.140694196722882525e-01 5.130591062852611905e-01 5.009517602911049972e-01 5.378264645342961670e-01 5.371062705687458250e-01 5.729162322363097193e-01 5.687284114337728402e-01 5.648723106120127069e-01 6.035142195524922926e-01 5.732449867990397907e-01 5.694081775074016916e-01 5.510777876838403033e-01 5.905304462378122565e-01 5.840191933610526798e-01 5.812105923989987488e-01 5.734817365555788804e-01 5.922033757993087066e-01 6.304764262485861304e-01 6.214727154840697931e-01 5.695030908480586129e-01 5.561060632378076463e-01 5.627922905092999084e-01 5.796620076774138264e-01 5.829735748069623247e-01 5.812505000236617425e-01 5.858220814254924136e-01 6.065904008137761316e-01 5.771418784766985111e-01 5.937714893887349188e-01 5.774607779970898358e-01 5.612989137361261704e-01 5.992477950801811115e-01 5.804821979925182118e-01 5.620987922366607048e-01 5.785847372537725741e-01 5.847896658237764500e-01 5.811521681555508190e-01 5.676846151275163344e-01 5.728137510934169230e-01 5.709370748720931088e-01 5.777158717781247788e-01 5.778728097930669882e-01 5.642013285299143366e-01 5.528390771595330655e-01 5.659609098956430717e-01 5.726138483067252372e-01 5.706826608250650246e-01 5.737723301314298086e-01 5.755480269965883577e-01 5.718963964062641070e-01 5.874705280564763710e-01 5.733092660116212436e-01 5.694230168236651402e-01 5.733584188425765449e-01 5.763953725312809251e-01 5.773024135505764320e-01 5.876992240866750761e-01 5.879306839191601464e-01 5.865676610781187517e-01 5.780204383512584920e-01 5.923365410554768395e-01 5.888273684712888034e-01 6.123725074195859319e-01 5.947370798097265654e-01 6.081297743496040242e-01 6.014264884011212287e-01 6.066195127859516090e-01 5.948758124734578878e-01 6.114250216880493527e-01 5.934649470399736559e-01 6.083506470203399186e-01 5.934397517933591715e-01 5.987395200828677932e-01 5.797575046725886860e-01 5.723079506548959250e-01 5.911324443677765661e-01 5.847377520856418265e-01 5.947750083993390557e-01 5.867766783149285237e-01 5.904345996742883518e-01 5.816954328441988897e-01 5.960712747176549753e-01
1.506625992571751504e-02 7.210819609823110321e-02 2.032661941674665795e-01 3.758377258712192748e-01 1.000000000000000000e+00 3.025062958768531263e-01 4.294217174164431383e-01 4.799923470849434270e-01 4.310158439786749285e-01 4.000027549716835273e-01 4.601249868651045571e-01 5.093856764818333049e-01 4.849508677026879155e-01 3.729940182601071963e-01 4.914158559662093473e-01 4.852963781068564408e-01 4.239050102539044240e-01 3.823166818792100297e-01 3.592068934200296493e-01 3.745917816842319059e-01 4.388438776548960751e-01 3.977695480412910545e-01 4.449147559754310643e-01 4.222239867052247075e-01 3.965990357119077991e-01 4.559738213694626285e-01 4.659959838399880816e-01 4.494897209125796600e-01 4.066052669671641473e-01 4.225277110901258237e-01 4.583484214563603998e-01 4.762547487032083859e-01 4.299335809855646118e-01 4.493205708282682620e-01 4.455468997065634151e-01 4.604037777518375507e-01 4.522722058553165780e-01 4.633996208483427970e-01 4.661921966746052082e-01 4.974711168103872483e-01 4.975336585461411221e-01 4.838543710776820883e-01 5.113222407166841954e-01 4.897204781128335349e-01 4.983292454494812618e-01 4.772235066844539575e-01 5.011532349370189099e-01 5.009242218915238576e-01 5.007326119816236654e-01 4.914523607491233514e-01 4.943256624203574701e-01 5.246752255784821184e-01 5.210852164372524742e-01 4.878395913126676864e-01 4.841940326479312606e-01 4.902312769333447284e-01 4.972199929068257807e-01 4.998821737614012606e-01 4.941297388740988894e-01 5.036511106835982465e-01 5.140096239615100648e-01 4.950938919163658247e-01 5.038031620864565907e-01 4.883951788405327399e-01 4.848633770284012101e-01 5.093393489327879831e-01 5.040942234153630297e-01 4.923794954529011614e-01 5.058560513565938388e-01 5.064182832380965671e-01 4.933831775072956560e-01 4.887234015020343048e-01 5.024175023047098287e-01 4.992182452575332774e-01 4.993789910812700961e-01 4.983283967231471046e-01 4.874650790369756681e-01 4.822232882976496549e-01 4.880064400878157960e-01 4.894995775161924412e-01 4.963283831092941689e-01 4.926211670790114905e-01 5.015713992872573579e-01 4.946745100386545912e-01 5.068179332723453667e-01 5.027430795692651166e-01 4.998265306108078398e-01 4.908232539312633036e-01 4.957298327510412106e-01 5.022982900085839475e-01 5.072203691602711340e-01 5.044319326164419248e-01 5.080671609174071124e-01 4.971204622051109689e-01 5.047062465663886277e-01 5.076015040465465811e-01 5.142471104652853731e-01 5.051115367964743585e-01 5.139778492396782639e-01 5.117385603604799327e-01 5.180137807776064029e-01 5.029342020140595837e-01 5.178700024023519255e-01 5.092529111242499740e-01 5.210060381366730109e-01 5.004749416313587496e-01 5.104226239705955681e-01 4.992391646063821242e-01 4.960073122842565962e-01 5.051250334106573980e-01 4.981716516956988250e-01 5.096094134769114659e-01 5.001219085042333257e-01 5.015027974179926407e-01 4.990356514731320026e-01 5.090934488311745776e-01
-2.811640181752395398e-02 6.492778188851117127e-02 1.938746889414921515e-01 3.382716667104913588e-01 3.025062958768531263e-01 1.000000000000000000e+00 5.084001925353637263e-01 4.461807005458321429e-01 4.898597317812819485e-01 4.601798878178335328e-01 5.228550524301533997e-01 5.478130916544856621e-01 5.222657647373227796e-01 4.235160877087230658e-01 5.617145034774352341e-01 5.416715412851871303e-01 4.943450997619284748e-01 4.175085094547352771e-01 4.315415797792716557e-01 3.576826206322359925e-01 4.552815733452326707e-01 4.518731329097951388e-01 4.917770333838599739e-01 4.439992085503566277e-01 4.545343682812833519e-01 5.321054219939300722e-01 5.278259339587976218e-01 5.290376214596745896e-01 4.753441932936596226e-01 5.065387061396893209e-01 5.339480205963040849e-01 5.334938963368145437e-01 5.246218890977187854e-01 5.136724847362000856e-01 5.366853502613925242e-01 5.199898455638037875e-01 5.291403974221140505e-01 5.451815771618533368e-01 5.411006687842160323e-01 5.629711171822352478e-01 5.603061467303608323e-01 5.609945255091294269e-01 5.575900681387371272e-01 5.591468387658141692e-01 5.574806768446868288e-01 5.563574027254193366e-01 5.727185942260285545e-01 5.716143953850734150e-01 5.699305375298515663e-01 5.484530099338925657e-01 5.593749544917923089e-01 5.538221481151583969e-01 5.712058019819842292e-01 5.607519140760038878e-01 5.545245839812944499e-01 5.642030074438121323e-01 5.548168463822077401e-01 5.709330671892204334e-01 5.657817570482674974e-01 5.684185905562909591e-01 5.707626766330082813e-01 5.677251869476562796e-01 5.655871047236397109e-01 5.565823075937964548e-01 5.558165716900195230e-01 5.679262511525328128e-01 5.729737985748596385e-01 5.622733257066693247e-01 5.641114723364379913e-01 5.557581180948765187e-01 5.590887098360926011e-01 5.605801584582598140e-01 5.569541025534709977e-01 5.572739484613884464e-01 5.695477906530983514e-01 5.668362184447196528e-01 5.685605237059484507e-01 5.533938753973959290e-01 5.595290595724466964e-01 5.619565365281221636e-01 5.654130732985469532e-01 5.684169533545720965e-01 5.670384265530306056e-01 5.680949106857869912e-01 5.698483698992548030e-01 5.667390836402701471e-01 5.694061275883803841e-01 5.693355898404616200e-01 5.710459155498170958e-01 5.693640466213124585e-01 5.756565868609826442e-01 5.758167285123779733e-01 5.750461289793995512e-01 5.726191993798850355e-01 5.781329612341395974e-01 5.792067129534064218e-01 5.734638433914555078e-01 5.625819875861943764e-01 5.768162378449354089e-01 5.757032828391154267e-01 5.785214883868808888e-01 5.757836871883595942e-01 5.785202709589294390e-01 5.764174172831302290e-01 5.771312052264869763e-01 5.676273277186523192e-01 5.767955464387664044e-01 5.749287734796295624e-01 5.698112582812591143e-01 5.757246259814697842e-01 5.746459256163962692e-01 5.766482350028373505e-01 5.739586877800471054e-01 5.718798041863006887e-01 5.705921476672354276e-01 5.735607689722923563e-01
1.305514974019178487e-02 1.535752241340175295e-01 3.327062848256485128e-01 5.096652713028893000e-01 4.294217174164431383e-01 5.084001925353637263e-01 1.000000000000000000e+00 7.148623542629432004e-01 7.686543547911242058e-01 7.280365103702677310e-01 7.681771042303526809e-01 7.984098163307524754e-01 7.609326089766466072e-01 6.487537604137357805e-01 8.457643100971991013e-01 8.295698240883279118e-01 7.652319526715408715e-01 7.077948091416962351e-01 7.351660326674335222e-01 6.303163873010113605e-01 7.307739690144697819e-01 7.631946468418954188e-01 7.780336604057236372e-01 7.236370842809000115e-01 7.450348725708713093e-01 8.277707826595843699e-01 8.175743346613433271e-01 8.439252849696774472e-01 7.742833774747319708e-01 8.083188647436742036e-01 8.492908007107264901e-01 8.427216200996352491e-01 8.293693358163384266e-01 8.158191438534451168e-01 8.199762975168898294e-01 8.129988873574028885e-01 8.230958492377893343e-01 8.574600840064648954e-01 8.494768600698985317e-01 8.548983669883570835e-01 8.605107243592324817e-01 8.618446301773508011e-01 8.532842583889962418e-01 8.607212297506432463e-01 8.559762953149123721e-01 8.537441225159146940e-01 8.506494868387663999e-01 8.567815101326970995e-01 8.526364896201646948e-01 8.471807937694484369e-01 8.612692640014946166e-01 8.087574580699371518e-01 8.289901912999598776e-01 8.516434118875353398e-01 8.506845638668426579e-01 8.604103330818371198e-01 8.443951885975938820e-01 8.538981034975048345e-01 8.568823338640222387e-01 8.524780080961535944e-01 8.543120702698503433e-01 8.507560814636248026e-01 8.589995739215298132e-01 8.503446103539793466e-01 8.435011696506142798e-01 8.436483788420386931e-01 8.593561034214327599e-01 8.564305568900982824e-01 8.587439319377531133e-01 8.501858723185515831e-01 8.564037507589093989e-01 8.561071271237529201e-01 8.488742282550532092e-01 8.492493309291476722e-01 8.595995693167586271e-01 8.589477858350607065e-01 8.611826305522933822e-01 8.487082364252834799e-01 8.615719748635747299e-01 8.565314064655924486e-01 8.600905627107674478e-01 8.627958243475425393e-01 8.572704447872002698e-01 8.600928783870419592e-01 8.609728832753272831e-01 8.589072753818981498e-01 8.598318587451279083e-01 8.660257169950753564e-01 8.659527043631186638e-01 8.620519586137391777e-01 8.673654655811094960e-01 8.649070146114198332e-01 8.628275697182250514e-01 8.654179824461780690e-01 8.573398795961886254e-01 8.587499930070436882e-01 8.489708840246011912e-01 8.408834151858796124e-01 8.574100150109122964e-01 8.614664748817314477e-01 8.614920055395449694e-01 8.604947330194884225e-01 8.507892557787888332e-01 8.624152405194880355e-01 8.563278065583731502e-01 8.455572016729792084e-01 8.553060503809962745e-01 8.595954458372054852e-01 8.617327065317341717e-01 8.592615673640090490e-01 8.625381331975767729e-01 8.554027471701188823e-01 8.567996989891194515e-01 8.551767155859669733e-01 8.521542374800882280e-01 8.505461661364145387e-01
-6.684932459168446521e-03 1.520559864333508593e-01 3.213327693564732579e-01 5.405966651411281410e-01 4.799923470849434270e-01 4.461807005458321429e-01 7.148623542629432004e-01 1.000000000000000000e+00 6.805534812269119493e-01 6.700635128056621204e-01 7.216010619437043250e-01 7.686607941695209334e-01 6.994668192185583555e-01 5.990084410069171916e-01 7.828944856379637107e-01 7.846137401849749837e-01 6.773150848980035166e-01 6.081426910408588293e-01 6.214306616261879856e-01 5.650325278176862032e-01 6.745230483930062526e-01 6.595759569464014760e-01 7.077638297892862029e-01 6.327248113316287226e-01 6.426431779696438751e-01 7.451501382230851789e-01 7.254352366363682192e-01 7.392609338634752447e-01 6.802753151844359580e-01 7.041067512704088927e-01 7.495359310014262366e-01 7.700359937654360776e-01 7.471139877810237806e-01 7.345631560801207938e-01 7.283348347525685496e-01 7.348329077843365198e-01 7.213753282271713196e-01 7.832164425705842037e-01 7.671179335999827043e-01 7.879922052425082368e-01 7.778901342769292127e-01 7.798536385562524487e-01 7.925131954406159362e-01 7.792346521357204070e-01 7.781257657646002412e-01 7.689053421754649120e-01 7.859659777254305313e-01 7.834464920124748488e-01 7.875298611725932707e-01 7.868446611724435602e-01 7.969053753845741772e-01 7.709955335559769418e-01 7.853724348802213484e-01 7.751837354207350428e-01 7.720663582788808155e-01 7.835528869851614564e-01 7.788863520545669106e-01 7.861013286509915821e-01 7.891014909191266247e-01 7.787116836355166827e-01 7.952907304826383195e-01 7.756859929239686702e-01 7.929316211689053651e-01 7.746315457607380051e-01 7.689068494493617179e-01 7.791132451106801415e-01 7.843827427380373196e-01 7.736342185144743366e-01 7.882974590295168671e-01 7.814222394016223650e-01 7.794331174533066786e-01 7.777096665782109453e-01 7.754997979788958995e-01 7.694903410861335669e-01 7.845584619788533720e-01 7.792325213994419908e-01 7.768066723527362605e-01 7.675424409705401407e-01 7.776710371658286380e-01 7.733184857418067271e-01 7.800529641097786460e-01 7.835061842847784730e-01 7.835599603696337123e-01 7.827168669740169893e-01 7.996776504407377972e-01 7.914753033884602829e-01 7.829587647351543556e-01 7.905359375137844813e-01 7.925115171354155663e-01 7.868772067566098816e-01 7.970651935560884027e-01 7.934584971094623684e-01 7.909644891164471225e-01 7.897263215306000728e-01 7.908785201017787259e-01 7.881648328964819816e-01 8.064756289908313613e-01 7.853699885745065723e-01 7.957780772231589639e-01 8.010010458418459489e-01 8.010469277566524271e-01 7.937305515676963408e-01 7.939802955759518444e-01 7.943262756265470070e-01 7.970550255795590955e-01 7.828635740097263929e-01 7.924419521542971356e-01 7.856416537339964146e-01 7.831799454911961833e-01 7.907160189443017684e-01 7.907806452460056645e-01 7.865813678636793815e-01 7.872226315816091002e-01 7.883997934208422098e-01 7.813172404911321589e-01 7.840092014929728181e-01
7.201087105170993208e-02 1.901550639717624891e-01 3.347269818656069540e-01 4.884936191678736495e-01 4.310158439786749285e-01 4.898597317812819485e-01 7.686543547911242058e-01 6.805534812269119493e-01 1.000000000000000000e+00 7.610269025262105247e-01 7.842355994773493322e-01 7.949666569046459630e-01 7.567613555936434366e-01 6.510842092055731944e-01 8.389456123112963848e-01 8.371973662665221916e-01 8.208121368954347519e-01 7.710788288400881596e-01 7.852535314057521587e-01 6.352067399620237031e-01 7.676316121817218230e-01 8.088010571704495888e-01 8.230260653573400198e-01 7.696863169471531707e-01 8.040397890574738637e-01 8.586887613348728188e-01 8.498006821691611590e-01 8.533490252153194122e-01 8.420687222852868414e-01 8.596458501592200152e-01 8.781532069424465847e-01 8.676643444985925324e-01 8.451719346065329486e-01 8.417964733995610960e-01 8.523638636855412898e-01 8.376202586904603065e-01 8.575480525658721875e-01 8.692597518916905797e-01 8.737392321361397984e-01 8.436783900579519768e-01 8.741408317452271648e-01 8.724345525709504834e-01 8.489281243420127021e-01 8.784263624005911320e-01 8.669067481563731414e-01 8.753385136741522743e-01 8.744001967093019134e-01 8.804995563198748654e-01 8.723556218167449750e-01 8.589646374076399526e-01 8.669709252832963342e-01 8.135542371095875192e-01 8.428739586920318549e-01 8.847656561522934116e-01 8.809798364696097561e-01 8.774723658597943787e-01 8.746370109974519469e-01 8.723858934709320945e-01 8.788850595472162963e-01 8.799089738105219105e-01 8.698426761548967434e-01 8.797991803860980564e-01 8.704497384638021362e-01 8.764054072265685669e-01 8.812055756228117653e-01 8.725345197535379071e-01 8.811723957657047190e-01 8.848466645943954267e-01 8.829174740379539532e-01 8.721137384627721811e-01 8.795743401133726547e-01 8.847950308839461764e-01 8.753376995909497582e-01 8.784935990094057123e-01 8.832077529386668235e-01 8.811003147880979158e-01 8.832204898031377205e-01 8.871898521069550014e-01 8.807705277031911972e-01 8.860720382889590852e-01 8.870647165108347387e-01 8.869695382523290483e-01 8.847016118157013942e-01 8.851428301530037679e-01 8.703949781025073218e-01 8.772907330634311940e-01 8.829087013344940615e-01 8.803710988276235438e-01 8.785555953265363760e-01 8.845768050498117319e-01 8.756828193698243945e-01 8.762971166780547660e-01 8.794778334677531006e-01 8.808325720645534540e-01 8.732319783228008614e-01 8.759144453717452317e-01 8.418590855981205046e-01 8.627053223556072625e-01 8.676033946393689744e-01 8.690046431907618718e-01 8.644435203216581654e-01 8.724940655682451585e-01 8.646475096570102048e-01 8.752690274993408792e-01 8.681992655502600575e-01 8.696981573276997279e-01 8.712560632703231223e-01 8.805018437699831946e-01 8.825058610259417513e-01 8.749552185229146906e-01 8.758762674784938973e-01 8.763939082882057363e-01 8.759743680125425813e-01 8.758570616645627860e-01 8.808917986115638588e-01 8.738295807679217209e-01
5.321397283801606454e-02 1.886402840300487604e-01 3.167990581067606781e-01 4.731414897380032958e-01 4.000027549716835273e-01 4.601798878178335328e-01 7.280365103702677310e-01 6.700635128056621204e-01 7.610269025262105247e-01 1.000000000000000000e+00 7.347579305809341932e-01 7.486142625139611262e-01 7.153249349686204850e-01 6.095238160601668120e-01 7.990813979416048207e-01 7.927676617284090677e-01 7.527467504553547739e-01 7.090067921375774462e-01 7.318184254940525157e-01 6.025732413979960622e-01 7.110168465447095354e-01 7.420344494080136633e-01 7.637525508498612670e-01 7.099300636313118362e-01 7.305068523854502116e-01 8.027377804535354988e-01 7.891790861810127344e-01 8.050269911660981048e-01 7.724413471138721343e-01 7.980902181375016946e-01 8.188713214625410464e-01 8.166448914566573070e-01 7.937263430050507385e-01 7.925307769481578779e-01 7.930440917009133894e-01 7.794695467964459779e-01 7.912321444783837476e-01 8.189385170128788971e-01 8.118478550584635745e-01 7.961562313201843155e-01 8.198814231939489661e-01 8.227301891405925938e-01 8.009689096148830956e-01 8.251819519244145695e-01 8.129618812676460138e-01 8.206355499562160150e-01 8.237881333972969511e-01 8.231498608597421773e-01 8.217656670029902521e-01 8.035435356798791284e-01 8.188079308999456352e-01 7.664654407613817888e-01 7.887685870103496866e-01 8.262839457625892337e-01 8.235227485596101626e-01 8.265207284423260470e-01 8.147428724523805288e-01 8.191709304539916969e-01 8.226158777946948053e-01 8.223443590656878133e-01 8.163881562845491935e-01 8.213008320211666602e-01 8.172143713905712925e-01 8.192254734108864733e-01 8.182245579274700642e-01 8.132603714348264345e-01 8.242464777199418613e-01 8.250948974829829252e-01 8.260592208573559470e-01 8.187367338099996728e-01 8.198251779070865330e-01 8.266195463428784862e-01 8.203608092973126986e-01 8.184192956378685269e-01 8.296492488507081209e-01 8.231576988970604747e-01 8.243513389103063194e-01 8.273653432239707062e-01 8.248754389155593669e-01 8.266852270930770130e-01 8.276381581603058368e-01 8.311653199717254914e-01 8.267296034452439324e-01 8.281772756923382328e-01 8.224154273537718218e-01 8.265717087037213195e-01 8.271111429357829170e-01 8.286646229304320821e-01 8.285195729458715297e-01 8.282150315826253273e-01 8.246151099506915383e-01 8.245805421749345943e-01 8.257327601102861792e-01 8.276987849253708562e-01 8.217594308617912624e-01 8.225414528847800888e-01 8.026694648937552357e-01 8.118912737920472855e-01 8.179553718429207754e-01 8.212391042666574714e-01 8.161079685791280403e-01 8.220378740284419727e-01 8.126059896541890648e-01 8.234977413269647384e-01 8.183856517182176438e-01 8.154405981919401469e-01 8.205424794147166967e-01 8.248326989897317718e-01 8.275899863388525013e-01 8.233417633190232010e-01 8.264541697374411244e-01 8.216135526379528820e-01 8.234602096665319948e-01 8.229109573476672823e-01 8.245607577456340875e-01 8.195071390426429403e-01
1.452290638476103589e-02 1.493671066847277740e-01 3.659107084922220143e-01 5.727184206568137759e-01 4.601249868651045571e-01 5.228550524301533997e-01 7.681771042303526809e-01 7.216010619437043250e-01 7.842355994773493322e-01 7.347579305809341932e-01 1.000000000000000000e+00 8.535159037652022551e-01 7.888342737543290184e-01 6.449974169035525007e-01 8.598151306733622379e-01 8.555280298245141468e-01 7.761531728033217448e-01 6.956151329200683797e-01 7.226570895757046253e-01 6.005206509498501877e-01 7.377628432384593093e-01 7.491895824280161431e-01 7.884574121344062325e-01 7.213343419836694137e-01 7.424512950665950184e-01 8.354183316715225738e-01 8.275183751972208235e-01 8.345151158442258854e-01 7.698494188486485479e-01 8.062035409025781751e-01 8.402492927363330866e-01 8.483913914932282863e-01 8.188616952614478084e-01 8.112323491127835240e-01 8.283827652227732097e-01 8.180938064948753974e-01 8.185741721115200598e-01 8.538437456468963571e-01 8.564029567957684996e-01 8.644451890162454522e-01 8.760924039730100255e-01 8.757146513256832687e-01 8.749983270680727898e-01 8.769973112230677881e-01 8.681570428535619888e-01 8.676346705847797214e-01 8.874738506263918358e-01 8.911506058180695966e-01 8.873799743464394485e-01 8.594361976814933746e-01 8.775285212119040557e-01 8.529114627291387585e-01 8.781662236188244597e-01 8.830407266963327118e-01 8.739052075670800113e-01 8.787244347696921976e-01 8.760520187231422007e-01 8.859177229192172209e-01 8.860060168712614592e-01 8.881342102579393716e-01 8.932849982519530663e-01 8.868385257068693850e-01 8.836402486383927446e-01 8.807316646186469367e-01 8.765146327482633559e-01 8.856810037378819445e-01 8.905046775234815026e-01 8.811836105320758339e-01 8.839830076828091299e-01 8.767787816530430156e-01 8.796680927822332352e-01 8.811352110219069500e-01 8.766987979356308802e-01 8.733896903532291089e-01 8.888163192217362063e-01 8.861249908368069583e-01 8.844364209727941795e-01 8.699522305435797298e-01 8.782080142913044618e-01 8.777769662493193348e-01 8.819171300694540472e-01 8.866129626532962549e-01 8.872378546152565049e-01 8.811094106058144915e-01 8.863786183514289485e-01 8.820886631515716392e-01 8.836001811453004784e-01 8.875846143594677828e-01 8.880264403322448707e-01 8.889644847622184543e-01 8.928670755928901359e-01 8.922924955889597332e-01 8.914542896457269272e-01 8.896512032794886560e-01 8.944399820368869047e-01 8.947255750153642051e-01 8.795474035952215441e-01 8.792478932252079105e-01 8.950333745795626683e-01 8.927811784301664666e-01 8.937700291486493365e-01 8.914539848627630603e-01 8.937058265443864613e-01 8.937620267850264755e-01 8.936886309234826076e-01 8.877499426942057070e-01 8.940657743207444108e-01 8.932289264041172183e-01 8.886875036900486746e-01 8.934056937575695079e-01 8.931722263674009010e-01 8.946433585897115570e-01 8.933153594836553690e-01 8.923201748062926653e-01 8.898007286020120921e-01 8.922807717859359000e-01
-1.142329135480322708e-02 1.323478606751920528e-01 3.627127282948842679e-01 6.519338172287379995e-01 5.093856764818333049e-01 5.478130916544856621e-01 7.984098163307524754e-01 7.686607941695209334e-01 7.949666569046459630e-01 7.486142625139611262e-01 8.535159037652022551e-01 1.000000000000000000e+00 8.223930826099487001e-01 6.828125204452819563e-01 8.975674150636036019e-01 8.901388327725193728e-01 7.751718509829900183e-01 6.863539503095410499e-01 7.113318928626937154e-01 6.169078430107235445e-01 7.642796152582722602e-01 7.445873572380655725e-01 7.940447284986846821e-01 7.286476917305767520e-01 7.393909778462228743e-01 8.442081828538771093e-01 8.462794743889104909e-01 8.494518138554084663e-01 7.747072452132274245e-01 8.121025450554403280e-01 8.610089347237722679e-01 8.638516125037326576e-01 8.309202712670089586e-01 8.251203266884488130e-01 8.421422769138272590e-01 8.396010694349267389e-01 8.352500448752908646e-01 8.783082362643727103e-01 8.792706589802822270e-01 8.983397216698405519e-01 9.018910799109421950e-01 9.008689014677627727e-01 9.128869723892516497e-01 9.043576875070419296e-01 9.005119410293920268e-01 8.864166988995796359e-01 9.193048344201819599e-01 9.178374781010893990e-01 9.175145930687922391e-01 8.931950108583198711e-01 9.156805815727570019e-01 9.033783637094949803e-01 9.238274357894374900e-01 9.060280209979585386e-01 8.954195455399418524e-01 8.997729807889668363e-01 9.058951798452723470e-01 9.189566835781517451e-01 9.163688335767223858e-01 9.189703801514800263e-01 9.308955161397558520e-01 9.147812414910018175e-01 9.182547549707232859e-01 9.067408852140643738e-01 8.967093947007167554e-01 9.185735892959500104e-01 9.198284825100139228e-01 9.023824377183068401e-01 9.109969006843247064e-01 9.058698513726833879e-01 9.059729062153084600e-01 9.052873810420538625e-01 9.023135837149842686e-01 8.996330481698827652e-01 9.133111791460889473e-01 9.123924096307070020e-01 9.046462214718490324e-01 8.911873743793056191e-01 9.003265221278615726e-01 9.045322998583656959e-01 9.074246940968774267e-01 9.127807398906253589e-01 9.100812582557505914e-01 9.080100265993400477e-01 9.175885238851073655e-01 9.099977477944554138e-01 9.097548518769645876e-01 9.135862223692577944e-01 9.169006574037629198e-01 9.111538176720175297e-01 9.218919647732378708e-01 9.233974036551100273e-01 9.220047158481164962e-01 9.175442770842561213e-01 9.274170966862015364e-01 9.255328675999233701e-01 9.222531102490585386e-01 9.101964156766955139e-01 9.321149413641560688e-01 9.268433849848465300e-01 9.308613035984918405e-01 9.244655471450915485e-01 9.310581672284184984e-01 9.263767050059259489e-01 9.307497206019381686e-01 9.185029024674461473e-01 9.287656451586560058e-01 9.193485392462934502e-01 9.138361917709652005e-01 9.255174128563619096e-01 9.216476652664087332e-01 9.265159426237935536e-01 9.224152311830654538e-01 9.226282183856866492e-01 9.167396466275681277e-01 9.231043457302242627e-01
5.460355067727824287e-03 1.252995873840526964e-01 3.349381982560006299e-01 5.495637505183907923e-01 4.849508677026879155e-01 5.222657647373227796e-01 7.609326089766466072e-01 6.994668192185583555e-01 7.567613555936434366e-01 7.153249349686204850e-01 7.888342737543290184e-01 8.223930826099487001e-01 1.000000000000000000e+00 6.466868896123307842e-01 8.443397308047192462e-01 8.401754854701054542e-01 7.565694986365565367e-01 6.722856058740359630e-01 6.962099820808941297e-01 5.878375119445914398e-01 7.143228621873757289e-01 7.206237877989385421e-01 7.567072652566615432e-01 7.042097471157424682e-01 7.172368733704069799e-01 8.106006017600826397e-01 8.087913982512946465e-01 8.167136204932579080e-01 7.479275559861194855e-01 7.831874006570591629e-01 8.266349981096975386e-01 8.264031274107846992e-01 7.981154006301472981e-01 7.904030807390240998e-01 8.084566681735251281e-01 8.020121014153319683e-01 8.034704093051957541e-01 8.358680260287552066e-01 8.404098588984802998e-01 8.529093422907473299e-01 8.588848581717395403e-01 8.573134332414034109e-01 8.602718398013531331e-01 8.583371889854594095e-01 8.543203812200125258e-01 8.470144737086801046e-01 8.716275092317168349e-01 8.721447768900938424e-01 8.702525335994414357e-01 8.397280276022202061e-01 8.614711157865774238e-01 8.364450479284119000e-01 8.628437923626584016e-01 8.640917134919170461e-01 8.560111957667216886e-01 8.608789237635937619e-01 8.570723468336948203e-01 8.698005301329408967e-01 8.682873982348194852e-01 8.729118343080655151e-01 8.756003163467606099e-01 8.706286645653014133e-01 8.680979376944469861e-01 8.604340906150113044e-01 8.531494700017568933e-01 8.656853812778840807e-01 8.726460393799372328e-01 8.605751162502254248e-01 8.648978739152881623e-01 8.585462201635254420e-01 8.591527267946152957e-01 8.621337359075808005e-01 8.566534091313914301e-01 8.546346720364416116e-01 8.690314051714755905e-01 8.658984035113153066e-01 8.657751034851696170e-01 8.515770087767157159e-01 8.577425036380819101e-01 8.616181074464894785e-01 8.632622958961643223e-01 8.678723124807784517e-01 8.660669892460480801e-01 8.626191420538763532e-01 8.669523395539803223e-01 8.645637925695282000e-01 8.673595102785436328e-01 8.671023980323806502e-01 8.699809637659655648e-01 8.698052011055308341e-01 8.730412127607418693e-01 8.762557126374760363e-01 8.746459695871992013e-01 8.714905406027735335e-01 8.772795053195588943e-01 8.776884862330807113e-01 8.626791588275812828e-01 8.584937379694760340e-01 8.786671170216844295e-01 8.755241783182273752e-01 8.776922623502245724e-01 8.753404308007388668e-01 8.759963695586249210e-01 8.777461163178986725e-01 8.775788375766596650e-01 8.683060394177766206e-01 8.763073221930193224e-01 8.736928377757173791e-01 8.723759328370377375e-01 8.770238179804803469e-01 8.735124950522151765e-01 8.786772708367888152e-01 8.746655929095482618e-01 8.727115918926917626e-01 8.710389340284141468e-01 8.724609835745275044e-01
