1.000000000000000000e+00 8.964690391180642204e-02 1.132443212397657439e-01 3.450458841752011147e-02 9.662153944559041807e-02 2.464484044901621082e-02 -2.616960887762781462e-02 4.106716489835142772e-03 1.308872265755681719e-01 3.925873274112923195e-02 1.070945569234321888e-02 2.815628754731604611e-03 2.539206919829207001e-02 5.453223666744822645e-02 -5.663748150265621693e-03 9.821528201415206938e-03 1.279084066842166856e-01 1.274226711472396523e-01 1.170299431641605853e-01 4.109783464648222341e-03 1.169152583496447795e-01 1.559959871096379402e-01 1.133550413428014020e-01 1.124716659673690722e-01 1.411014066797207089e-01 1.032496663696036571e-01 1.200248440661156463e-01 1.020301292638293722e-01 1.181172573755315397e-01 1.477827834596496803e-01 9.044606290696179107e-02 5.953161506113191503e-02 7.316082913939826737e-02 4.589720371023606194e-02 1.147596399302829445e-01 7.473262014676529397e-02 6.382729099309654430e-02 1.767219431149890177e-02 6.017765826415689273e-02 1.985273295133757956e-02 3.041979291681670347e-02 1.676329878737263870e-02 -7.431585191610483657e-03 2.738733107606306644e-02 4.355850152734174613e-02 4.655445222772443964e-02 1.082465474585254071e-02 2.693996009243490933e-02 1.354303243341209093e-02 1.630623361266182736e-02 1.681601449581121219e-02 1.657905510431985190e-03 2.103039514092754428e-02 4.732473339639756832e-02 5.069067362447558789e-02 5.372558657502266716e-02 6.422240676903939738e-02 2.068021895992247505e-02 1.275287411202561880e-02 4.292503913763019013e-02 4.663501293786100933e-03 3.208586662712220594e-02 3.594894870697559752e-02 5.198404106249630841e-02 7.889782510947850047e-02 5.644000271325247398e-02 2.832915757480454488e-02 4.276861838434602159e-02 3.959493785587721304e-02 1.469597422403115181e-02 4.595361917507807814e-02 4.818692795544744084e-02 3.680616632657628118e-02 5.630040720829454504e-02 4.132633273389090672e-02 3.884470008093487969e-02 3.329265134527875647e-02 4.637330155903601758e-02 3.692839476154166634e-02 5.961097903896503403e-02 3.691801332306968858e-02 2.859506196039932058e-02 4.461280976981153723e-02 4.820669127004857668e-02 2.010378417763400080e-02 2.630132299972686577e-02 2.212207178495657206e-02 2.113871187663139348e-02 2.480589810310489599e-02 4.148848504131106424e-02 9.050510181270550111e-03 9.417904498353795242e-03 8.619302724136929800e-03 1.336961877475681924e-02 3.847466875993556246e-03 1.578848610657586707e-02 7.410257881682647853e-04 4.119905651414817321e-02 3.800408216864439512e-03 1.346958223029891440e-02 -1.519911095176421090e-02 2.492313349025449681e-02 1.250819608560190498e-02 1.101652401720442688e-02 1.753794944151487734e-02 3.792397025859770010e-02 2.143898657786877729e-02 3.175006147502773546e-02 2.965072181418394737e-02 1.986930816429194682e-02 7.261888234445024789e-04 2.599917062891784342e-02 1.717671971110260043e-02 2.736760749244673135e-02 4.763884705177389572e-02 3.270533301899861134e-02
8.964690391180642204e-02 1.000000000000000000e+00 6.654055475683608167e-02 8.291005193011648233e-02 8.524484197158462007e-02 1.018120161783719335e-01 1.581050314231295106e-01 1.334390615079797671e-01 1.792822861122318201e-01 1.815091200473203381e-01 1.413188336530833145e-01 1.569651505157987903e-01 1.377093353998322112e-01 1.576216824309863429e-01 1.611085228151713789e-01 1.565418867373033485e-01 1.596061235928767919e-01 1.671074424191108798e-01 1.618946029047836910e-01 1.419038150316892233e-01 1.528800001736629333e-01 1.691447832483277958e-01 1.693241513629701045e-01 1.538939229702479539e-01 1.643158549966366733e-01 1.848799324823072465e-01 1.705818574384449782e-01 1.844187898515369517e-01 2.128635715802290884e-01 2.082780443848776530e-01 2.011584183245617441e-01 1.729436531343658823e-01 1.847800203083282133e-01 1.739422905133021224e-01 1.895624172998330026e-01 1.601429065467415702e-01 1.725406250322716606e-01 1.840693590916191169e-01 1.889708262725249832e-01 1.722111896617072035e-01 1.671566021505457578e-01 1.662385136117806306e-01 1.500335203467182132e-01 1.686927110840156230e-01 1.691386762499324514e-01 1.912126496471868720e-01 1.769810716758523916e-01 1.749536543419291934e-01 1.678214498619043371e-01 1.551355953282045064e-01 1.677041634325065755e-01 1.251920001037771235e-01 1.512160275026293577e-01 1.759281202507310682e-01 1.768140954220150662e-01 1.807748972018098088e-01 1.663984077427134167e-01 1.673358286723774513e-01 1.741546812077073569e-01 1.761823802855552179e-01 1.591050357371837920e-01 1.713040957834055245e-01 1.703371097493014685e-01 1.743661749607078870e-01 1.695156509701779557e-01 1.628088134132846532e-01 1.709467954373982412e-01 1.756758109812701640e-01 1.754800554032552029e-01 1.708232077138285010e-01 1.740010446873278549e-01 1.736603054828561588e-01 1.711007982119872872e-01 1.749722190100569674e-01 1.753505482415900207e-01 1.754185151710044299e-01 1.800797911539281371e-01 1.908943425525071458e-01 1.805246382443171649e-01 1.873320660475474297e-01 1.758086370492952799e-01 1.810248090231115770e-01 1.793139568958060370e-01 1.812816808982848360e-01 1.640041254794004366e-01 1.756202199775293293e-01 1.701668492353086148e-01 1.715611698475095759e-01 1.727665778297970967e-01 1.788842912299626331e-01 1.682533686847313137e-01 1.717538484727463288e-01 1.630862305810911739e-01 1.757515561234505030e-01 1.691226302552594762e-01 1.722874601890373447e-01 1.486393925318151565e-01 1.541474593926380754e-01 1.606421548962492785e-01 1.614808346622773061e-01 1.544479518048837430e-01 1.577716596833052543e-01 1.577691736295324110e-01 1.627732581753570940e-01 1.547801134095038444e-01 1.601232893315220063e-01 1.656760983279788602e-01 1.760317001654671254e-01 1.750579504114035956e-01 1.711003515515370499e-01 1.647434507656866387e-01 1.714839795387462784e-01 1.680372801096428337e-01 1.642858155528901798e-01 1.719151204279569800e-01 1.646766506384425011e-01
1.132443212397657439e-01 6.654055475683608167e-02 1.000000000000000000e+00 3.140457657758475296e-01 2.501998439672436514e-01 2.341717968140229478e-01 3.300018984339844197e-01 3.332662381239676619e-01 3.555349476974939416e-01 3.020970214698334155e-01 3.609224652682793688e-01 3.770366891950786559e-01 3.634241126175588588e-01 2.715879739437390139e-01 3.690166950399955681e-01 3.772414254848087678e-01 3.662317483740616386e-01 3.649591157369214134e-01 3.975735063311839346e-01 3.174753624286795750e-01 3.842005798651387805e-01 4.036955449630117987e-01 4.080651894379192512e-01 4.007319682396229266e-01 3.922260224446849630e-01 4.236521714021012630e-01 4.199140572423029072e-01 4.238215009917045695e-01 3.865787714423213339e-01 4.158067836108089166e-01 4.113504203192705488e-01 4.102830756992256189e-01 4.111146976247700424e-01 4.000027624137246218e-01 3.965886764647533758e-01 3.992654614134202307e-01 4.106169760367971433e-01 4.014631848915614087e-01 4.067365077589584210e-01 4.006283943019330329e-01 4.014706334660475551e-01 3.987132098519736156e-01 3.698988239261489785e-01 3.923412481324632384e-01 3.997910566464136783e-01 3.977029679295087106e-01 3.750942399750954448e-01 3.783233204489556689e-01 3.817632072089066630e-01 3.830987044409284725e-01 3.752872435307523791e-01 3.557286128665375080e-01 3.854464434327982136e-01 3.842412981796635707e-01 3.818177686419687022e-01 4.118627035615173293e-01 3.702859705752502006e-01 3.799503856436043936e-01 3.764080631671116728e-01 3.800014524087834689e-01 3.710621263448414253e-01 3.744804697963560192e-01 3.710063074928695581e-01 3.803245981252937336e-01 3.821034697693332927e-01 3.771536531103686363e-01 3.815777911432983172e-01 3.983989557076376142e-01 3.969177236420302624e-01 3.794880265781083173e-01 3.910982811591633412e-01 3.936704119027623627e-01 4.012609034700879707e-01 4.059986564407673248e-01 4.051947537463292948e-01 3.898219523587229673e-01 3.993035037541598498e-01 3.874535864007889185e-01 3.922172360774152655e-01 3.923979743713105206e-01 3.990891319896117118e-01 3.790842278960592227e-01 3.979599447337808238e-01 3.980216795692620990e-01 3.906960402381433606e-01 3.968054899974607919e-01 3.930730478368922309e-01 3.972281071717309597e-01 3.930867394648752677e-01 4.029410860990617627e-01 4.009229048699685105e-01 3.870923819917529984e-01 3.891597141245324853e-01 3.903974612600949468e-01 3.734858213880745126e-01 3.767117176417039137e-01 3.774589879895117739e-01 3.728696968342225526e-01 3.737978241546222602e-01 3.838987671291496095e-01 3.763784221197963853e-01 3.766351029089129443e-01 3.806195606411027499e-01 3.856916701652441937e-01 3.814822716617586873e-01 3.747994017777808162e-01 3.797849344466110444e-01 3.840974878516044688e-01 3.895131650296105863e-01 3.787716688421703948e-01 3.778554455825991476e-01 3.779557647176825519e-01 3.780295518944142841e-01 3.781168122762565420e-01 3.816125303856839346e-01 3.768691513821332828e-01
3.450458841752011147e-02 8.291005193011648233e-02 3.140457657758475296e-01 1.000000000000000000e+00 3.782848538916624981e-01 3.995007948013342136e-01 5.653459672934164626e-01 5.638308306266807124e-01 5.203009132475557852e-01 4.762468518145599461e-01 5.796185460199033690e-01 6.510815176076880650e-01 5.499313761754099916e-01 4.286086270035715518e-01 6.128305431485093768e-01 6.302774068421301834e-01 5.559555982820930664e-01 4.779950311052632017e-01 4.968560747802568400e-01 6.157791086055649510e-01 5.866395163363661291e-01 5.378844114541553312e-01 5.749880296223403020e-01 5.503072982142633851e-01 4.802412559670926062e-01 5.884351067410678038e-01 5.506617305656734684e-01 5.555217879327974950e-01 4.713115885424639107e-01 5.058583612406113428e-01 5.796735202708558354e-01 6.058950213034040022e-01 5.678354536596018631e-01 6.214757284511240876e-01 5.453597819350274323e-01 6.235053819594900126e-01 6.160069666318139792e-01 5.962919117657615731e-01 6.029167121215992520e-01 6.171107930186521262e-01 6.101681366259716910e-01 6.099317574864914215e-01 6.327941431481358681e-01 6.066951493563372821e-01 6.109875457381985786e-01 5.985462522652800210e-01 5.964652939736333481e-01 5.890501250512348852e-01 6.040242084351288288e-01 6.226059594058278579e-01 6.095302708401265646e-01 6.455709357419163741e-01 6.270762393859558026e-01 5.876858126559441065e-01 5.984986667772516089e-01 6.171587845160332320e-01 6.016268435452077901e-01 5.951317668101593350e-01 5.941682855085114179e-01 5.913363120291509345e-01 6.146410260268466708e-01 5.966222349283299975e-01 6.018537780355659450e-01 6.097179663221720114e-01 5.982779336114465440e-01 6.129818715545930496e-01 5.926816379552385383e-01 5.916842741225848412e-01 6.002724325756498835e-01 6.191440581948333133e-01 5.927476588528448609e-01 5.806003458125182926e-01 6.078010663966165739e-01 5.924805109184351215e-01 6.037204916751087724e-01 5.872303187584650974e-01 5.982747012617997129e-01 5.582260255879792910e-01 5.843359404526083933e-01 5.652291336717950587e-01 6.038766085859690325e-01 5.860689973364580085e-01 6.226426118352033079e-01 5.787284968693580112e-01 6.176446823173118439e-01 6.222604163005086564e-01 6.119909805102778932e-01 6.151598898625505463e-01 6.072003894625288556e-01 6.071212750128284208e-01 6.160714463577121602e-01 6.065215916173098964e-01 6.109790431191519655e-01 6.026123606038679137e-01 5.950281499068063029e-01 5.933351563696975806e-01 6.241207365583811839e-01 6.181969690330445522e-01 6.119678022175309984e-01 6.214790892475333672e-01 6.214680852617897600e-01 6.153358900831361611e-01 6.155936147827020255e-01 6.145597997376677224e-01 6.271547833192878674e-01 6.079856914081492869e-01 6.039471672606693264e-01 5.967811830449195609e-01 6.041776582030563558e-01 6.034393360629078940e-01 6.065552008799340866e-01 5.976107969208840354e-01 6.049628197938056173e-01 6.083234477227479342e-01 6.002594237575740177e-01 6.079183918749171411e-01
9.662153944559041807e-02 8.524484197158462007e-02 2.501998439672436514e-01 3.782848538916624981e-01 1.000000000000000000e+00 3.411415446859167866e-01 4.672630929680547385e-01 4.825048222941059062e-01 4.615398261736702312e-01 4.204214509138579636e-01 4.699537678242378114e-01 4.961647258101987146e-01 4.978035833392836507e-01 3.812624519264644629e-01 4.939806517895363736e-01 5.135126762136900114e-01 4.578780322907207156e-01 3.923410305450780733e-01 4.335943996268279976e-01 4.938596357393995606e-01 4.757042484793221337e-01 4.572699159788380374e-01 4.592747177081857868e-01 4.487894808254233037e-01 4.188895272401935710e-01 4.784533240557564127e-01 4.744803561959592964e-01 4.690905686374117756e-01 4.239145453141224817e-01 4.415970727270958629e-01 4.853916364660079141e-01 5.041462786962566112e-01 4.644553308700962169e-01 4.955253303306517143e-01 4.580922164612613590e-01 4.970509113028599435e-01 4.872939847311471562e-01 4.962168716267882917e-01 4.906189996839173673e-01 4.982250596562338707e-01 5.073294855435975803e-01 5.040278771263594360e-01 5.140305351816891744e-01 5.163671223691289613e-01 4.945580085430508754e-01 5.089742663708567427e-01 5.019022735307245853e-01 4.976908354495266917e-01 4.992547874227076243e-01 5.049074339312493720e-01 5.106394548011885526e-01 4.996960682034218837e-01 5.053410990715122564e-01 4.996531602496109836e-01 5.024449176019335495e-01 5.147699327722133900e-01 4.946475225053417746e-01 5.034012984898137422e-01 5.036201864201058642e-01 5.041717208812638296e-01 5.049726918666367359e-01 5.004030368997098854e-01 4.976571827188296937e-01 5.122115362192154464e-01 5.009027696379787509e-01 5.040649103929034647e-01 4.960746144972540406e-01 4.966713118501062119e-01 4.962746607697205992e-01 5.092252764586564506e-01 4.913434648687319273e-01 4.928223086593385704e-01 4.985157379238722153e-01 4.935967354567899479e-01 4.997903382581272980e-01 4.924579951808021328e-01 4.955283840888991542e-01 4.742835102103589162e-01 4.904018858653090840e-01 4.829629853311787069e-01 4.986571099196525081e-01 4.899274309841795683e-01 5.023270986195664811e-01 4.884250371343480945e-01 5.017118618984794942e-01 5.066284197067897344e-01 4.942318656612842975e-01 5.015458464366584490e-01 4.982569925207188666e-01 5.054298979119944413e-01 4.971780927554435014e-01 5.046105430531214742e-01 4.978449029352168820e-01 5.000714581843699325e-01 4.946639182532154289e-01 4.951803208552056912e-01 4.993791060824611661e-01 5.024299981403917981e-01 5.019647240582560954e-01 5.072134658133469198e-01 5.008246397404124695e-01 5.000073000985968408e-01 5.061702575928238579e-01 5.070037690499028527e-01 5.065382661489771232e-01 4.947279829358440795e-01 5.006791847299433273e-01 5.009913326847650339e-01 5.021129235888279752e-01 5.021253909659901815e-01 5.000167219198438096e-01 4.998529510672249931e-01 4.978343361779984377e-01 4.971238988918059709e-01 4.991754138100611415e-01 4.987304408543662970e-01
2.464484044901621082e-02 1.018120161783719335e-01 2.341717968140229478e-01 3.995007948013342136e-01 3.411415446859167866e-01 1.000000000000000000e+00 5.330538382269449649e-01 4.991100099148685909e-01 5.284331312714550810e-01 5.036839792483907008e-01 5.341169638700364874e-01 5.717810722407371538e-01 5.327840024136806241e-01 4.322978603613428228e-01 5.817539345712685606e-01 5.751725024568572486e-01 5.415650205551602037e-01 5.104394517672248277e-01 5.429742214498677333e-01 5.183328044990370698e-01 5.455568197941230713e-01 5.564673506144560688e-01 5.581960464860714621e-01 5.362772841463402385e-01 5.269526316471870864e-01 5.685005615298230897e-01 5.586922015659885332e-01 5.580245309494723527e-01 5.163134948464375151e-01 5.430155733924586503e-01 5.852847462123754729e-01 5.804614698485787150e-01 5.510620549166190818e-01 5.698070728199282620e-01 5.577846004805004920e-01 5.666761817082508479e-01 5.941545840758577501e-01 5.730688266895987981e-01 5.894112976492804634e-01 5.711893826711443856e-01 5.956763697870933738e-01 5.902055873270426467e-01 5.833390346266823512e-01 5.965136932640925371e-01 5.948265643591182927e-01 5.902941788836054693e-01 5.967003805730611843e-01 5.994607266614954133e-01 6.007330064495602917e-01 5.799794988351886227e-01 5.894549499326229292e-01 5.723809082360590272e-01 5.903245414630653443e-01 5.943511053033858627e-01 5.907652109852143951e-01 5.952335402786497198e-01 5.795520512716582084e-01 5.934617229580098074e-01 5.935999664542136456e-01 5.951098171786549651e-01 5.989903890689936006e-01 5.899476288619505127e-01 5.884593925641650181e-01 5.950111285282655427e-01 5.943860500627915489e-01 5.940761491750449208e-01 5.997788461932321846e-01 6.036640633509480214e-01 6.033104993779652148e-01 6.053851118013541255e-01 6.027822509621836300e-01 6.005480185141881533e-01 6.051757177353623840e-01 6.024571047567334192e-01 6.056019780961646726e-01 6.005614960981784378e-01 6.024081074004987713e-01 5.866576266955110253e-01 5.990316289897835711e-01 5.967197855364229087e-01 6.069839513236234829e-01 5.989362350088736076e-01 6.065128515449966784e-01 6.002001874874089982e-01 5.991082420372212392e-01 6.068357729137957568e-01 6.043855290265317537e-01 6.043732715458548510e-01 6.017176240996580106e-01 6.096172086923300482e-01 5.993983601979454567e-01 6.042700353719776540e-01 6.026578198549089604e-01 6.022717372245179890e-01 6.009585659820373404e-01 6.009289031755891131e-01 5.914686431209444928e-01 5.944258536491268119e-01 6.006604534357803393e-01 6.023951400481620810e-01 6.004708670748098998e-01 5.979613491913238210e-01 6.007510607059610708e-01 6.016197913186260848e-01 6.028484725395231170e-01 5.948437318966667275e-01 6.010796341436241974e-01 6.027123696424604438e-01 6.031661322613433018e-01 6.002444039924265118e-01 5.994035964403674477e-01 6.010264794242470288e-01 5.985313187410895575e-01 5.989819929572608448e-01 5.976460643430392405e-01 5.991168799777626397e-01
-2.616960887762781462e-02 1.581050314231295106e-01 3.300018984339844197e-01 5.653459672934164626e-01 4.672630929680547385e-01 5.330538382269449649e-01 1.000000000000000000e+00 7.142625239549914573e-01 7.062989017266618763e-01 6.916697191374087117e-01 7.634670804137908551e-01 8.109266654401731111e-01 7.384155359428293819e-01 5.972252344764928944e-01 8.427205280219798311e-01 8.056278064549171614e-01 7.115406058725571858e-01 6.407105448460113095e-01 6.800638256431064121e-01 7.310687373860512706e-01 6.959240672617464929e-01 6.973553004912340647e-01 7.163801811551332444e-01 6.827175131699790844e-01 6.434443423054753142e-01 7.654619924099326234e-01 7.426362729093479720e-01 7.528392373210469612e-01 6.776104917486921453e-01 7.001975768584665083e-01 7.825187440540000150e-01 7.986180152817543565e-01 7.487839642134468399e-01 7.699801003251162124e-01 7.312291822247748430e-01 7.537183839586919509e-01 7.841363056200187920e-01 8.053602292875189361e-01 8.038147626447873506e-01 8.084291635179562396e-01 8.135196691289230397e-01 8.211314241097198430e-01 8.240843100715827818e-01 8.293542586708700926e-01 8.096316968172878603e-01 8.212320875119133445e-01 8.191849800875543597e-01 8.104226552545400475e-01 8.130848987034061670e-01 7.904074349642223885e-01 8.119859771481322541e-01 7.746912243022132660e-01 8.092240116307792830e-01 8.023649968815844691e-01 7.950184807881723881e-01 8.104745532727477553e-01 7.737295423632779556e-01 8.132904001263784322e-01 8.144874443268429465e-01 8.094604320643560280e-01 8.190042266547117311e-01 8.054593477105337351e-01 7.954451888132300086e-01 7.997164530264074811e-01 7.858773332853717930e-01 7.964410671584719603e-01 8.123161904340515660e-01 8.060676559399545527e-01 8.097403120686581524e-01 8.208968813955339616e-01 8.012299535449904919e-01 8.012124623324339279e-01 8.064853461210943486e-01 7.938396969537085957e-01 8.176115357446277487e-01 8.088074357005381465e-01 8.170293589852738458e-01 7.844162937053607010e-01 8.098342483131932834e-01 7.900826305608711353e-01 8.094475645564382926e-01 8.120946015321921507e-01 8.139278685379363054e-01 8.013056116437130560e-01 8.098222590579479130e-01 8.200801973652606103e-01 8.118110460879091050e-01 8.233132255395549937e-01 8.187715162491551180e-01 8.180944012843297530e-01 8.265942423423763286e-01 8.293750407969908700e-01 8.227382728947321144e-01 8.265607819303942838e-01 8.190827262281068499e-01 8.162563976338009786e-01 8.064400155723564501e-01 7.927049215871456722e-01 8.191507952343101140e-01 8.191383162704024556e-01 8.278842217730624231e-01 8.053643336314820766e-01 8.188794824633645053e-01 8.247263986684232329e-01 8.149173081275234987e-01 7.946653351295666079e-01 8.131669148078143339e-01 8.161379182995085468e-01 8.173325177763203220e-01 8.197881529729835748e-01 8.222196846627080058e-01 8.143423500870967668e-01 8.131549706608099948e-01 8.050368379771940530e-01 8.068747043422263010e-01 8.080405415911241507e-01
4.106716489835142772e-03 1.334390615079797671e-01 3.332662381239676619e-01 5.638308306266807124e-01 4.825048222941059062e-01 4.991100099148685909e-01 7.142625239549914573e-01 1.000000000000000000e+00 6.641958146549538089e-01 6.276040891723675408e-01 7.118824076702925385e-01 7.745653087982915519e-01 6.940628655712043349e-01 5.625085898185666622e-01 7.699174778020260179e-01 7.798093387858308079e-01 6.772239125204139176e-01 5.834520728086411978e-01 6.242132489338713119e-01 6.931796264063366797e-01 6.637019279388013393e-01 6.520954983675143479e-01 6.626746337263754727e-01 6.338944355565250266e-01 5.916213494773636672e-01 7.140970434106445053e-01 6.907905701176240143e-01 7.028687569063228890e-01 6.341194618018840545e-01 6.444669734239244496e-01 7.322360939201901786e-01 7.414688006858544123e-01 7.006498613350850002e-01 7.271343742012865707e-01 6.789604023736437455e-01 7.303414394607570248e-01 7.344490934212269950e-01 7.573418295919810417e-01 7.512053502670025251e-01 7.577906518706614136e-01 7.661086880093753715e-01 7.682977527149227326e-01 7.755415910605074625e-01 7.781076635807729902e-01 7.609549022075445812e-01 7.642814749000728103e-01 7.643612419154998117e-01 7.619653959120119557e-01 7.705073707160920993e-01 7.663967187862026353e-01 7.730546650979038814e-01 7.571362312939026173e-01 7.706286180257616580e-01 7.594279137868598095e-01 7.619300950695039321e-01 7.682412456755106644e-01 7.545059805243627959e-01 7.680486651955479305e-01 7.685901825330379022e-01 7.601530058260608236e-01 7.760850885967893742e-01 7.637645393947271044e-01 7.634988662338476617e-01 7.627952834976646779e-01 7.518492985145439622e-01 7.602703038648291889e-01 7.598277752930941986e-01 7.513007699839452380e-01 7.552424953863260404e-01 7.694564213382392159e-01 7.453239612057284136e-01 7.458991797483975894e-01 7.486284922649509843e-01 7.413707385027589192e-01 7.650063957759203337e-01 7.553160231651884216e-01 7.640069006293945808e-01 7.335800190121362085e-01 7.521862278185662554e-01 7.373808200180694827e-01 7.568504657171635230e-01 7.580503039341019988e-01 7.662571058590887940e-01 7.471765744711964530e-01 7.682952817169267368e-01 7.690879263531067433e-01 7.610579582216100425e-01 7.765926382792793792e-01 7.664057961335865032e-01 7.684064048020549098e-01 7.717476409599225429e-01 7.755547325059993780e-01 7.687404467262816121e-01 7.690877033211066527e-01 7.691860564533551381e-01 7.655293012648873852e-01 7.815493077379381814e-01 7.720237979074241474e-01 7.797106633082706573e-01 7.821430266375867246e-01 7.801319435357371157e-01 7.741268383674484443e-01 7.725316251361008524e-01 7.796317518312974038e-01 7.750279246842811665e-01 7.664560971887047769e-01 7.713530353583761823e-01 7.657651195847851033e-01 7.717096202443801678e-01 7.724918926580033318e-01 7.777438592345642387e-01 7.671921449152359074e-01 7.711219365664006009e-01 7.699256499621617289e-01 7.580660984651470535e-01 7.652497739234552787e-01
1.308872265755681719e-01 1.792822861122318201e-01 3.555349476974939416e-01 5.203009132475557852e-01 4.615398261736702312e-01 5.284331312714550810e-01 7.062989017266618763e-01 6.641958146549538089e-01 1.000000000000000000e+00 7.476326771499309798e-01 7.885766349009791787e-01 8.174905702291238585e-01 7.593818019056634006e-01 6.217091347033524285e-01 8.315370432276605328e-01 8.211510935488631757e-01 8.035837136684345072e-01 7.457048018956896618e-01 7.893244497629531287e-01 6.930489947546712992e-01 7.500495118349977952e-01 8.114286476221801436e-01 7.990930170978762792e-01 7.354069843099028114e-01 7.693559129162723664e-01 8.207398315363230168e-01 8.252833065367675136e-01 8.265782435146150631e-01 7.989620310540137549e-01 8.230673349514628923e-01 8.649637629276434314e-01 8.443922378418917685e-01 7.904250392973535266e-01 7.850070766510924836e-01 8.238013662748987498e-01 8.048995504676057511e-01 8.386492237852408715e-01 8.233703222575718961e-01 8.511475333575538871e-01 8.019411355313194045e-01 8.621339151970175418e-01 8.456065457252845974e-01 8.190091621931866461e-01 8.599639131057381647e-01 8.553343065598517647e-01 8.581854242063795546e-01 8.703643642655525259e-01 8.806680261374532082e-01 8.697148060961213956e-01 8.165707080143266294e-01 8.526670373090337041e-01 7.965313014223738275e-01 8.511752614290167829e-01 8.811602059891963101e-01 8.687132926545212408e-01 8.644072898952948059e-01 8.548237127003802671e-01 8.678399783427723779e-01 8.656747671882193407e-01 8.837079049093830019e-01 8.665869118028424190e-01 8.711055366950090084e-01 8.640121156511091360e-01 8.762437237137326029e-01 8.847438241052109076e-01 8.770372866302045267e-01 8.785189270150657315e-01 8.794088334271472629e-01 8.742188623999990194e-01 8.673229019877537471e-01 8.752765362782327641e-01 8.803556325127933624e-01 8.590764476147606521e-01 8.684076173840069579e-01 8.767558664327129714e-01 8.764487521981949580e-01 8.735514404155330093e-01 8.727974871640211685e-01 8.751282479258057911e-01 8.799818164597343895e-01 8.741291315947228302e-01 8.802792155807991348e-01 8.736499141553017989e-01 8.765653635848148495e-01 8.562855961517711334e-01 8.649658280988263837e-01 8.671477233179540889e-01 8.674271926035880265e-01 8.746298494584867633e-01 8.769481771447366070e-01 8.541800559981783669e-01 8.708385979308823632e-01 8.696785386365621928e-01 8.729850781737485965e-01 8.746555349904894250e-01 8.796155132306733293e-01 8.376565478505092477e-01 8.629222089923698213e-01 8.666323540992754149e-01 8.633503127284815060e-01 8.552991581414617350e-01 8.645503520032860045e-01 8.688530716793921860e-01 8.695870298918144670e-01 8.668693823245815500e-01 8.653366847797416828e-01 8.761637254514904605e-01 8.835608889113241160e-01 8.774023959543366669e-01 8.763391922328339634e-01 8.654862586003266856e-01 8.806596388522563990e-01 8.728857649058103796e-01 8.742344838980075084e-01 8.841972091412786394e-01 8.789318216095259872e-01
3.925873274112923195e-02 1.815091200473203381e-01 3.020970214698334155e-01 4.762468518145599461e-01 4.204214509138579636e-01 5.036839792483907008e-01 6.916697191374087117e-01 6.276040891723675408e-01 7.476326771499309798e-01 1.000000000000000000e+00 7.565965353105448266e-01 7.657416934514272855e-01 7.108542168472841150e-01 5.858046625576448507e-01 7.940389260114711911e-01 7.692505622525608322e-01 7.211443167399642640e-01 6.843563935686042266e-01 7.229172164636237241e-01 6.611939410471530110e-01 7.008304474345719015e-01 7.365138288615512563e-01 7.309114771526665777e-01 6.815095568810752846e-01 6.970745990735837117e-01 7.627271941230697738e-01 7.631854415069955211e-01 7.610126041468247005e-01 7.486256077935070641e-01 7.610117777595982735e-01 8.078611132049493548e-01 7.834550095581819251e-01 7.353473368150418299e-01 7.398688335457932475e-01 7.594722711085204470e-01 7.396283272573882517e-01 7.779202914688287951e-01 7.705432549591789693e-01 7.952551098641572613e-01 7.535886875048360967e-01 8.071472588547857763e-01 7.953491819321306666e-01 7.707539616971061935e-01 8.073731723743676758e-01 7.973326440923785841e-01 8.052957563667973995e-01 8.222054423020594971e-01 8.266868154708532090e-01 8.196888768906240852e-01 7.601032266183861408e-01 7.955242281924468362e-01 7.336483796466691798e-01 7.927004334815509479e-01 8.270364329435179185e-01 8.169002968895580086e-01 8.070732486122361715e-01 7.940380943565213956e-01 8.204878007856032385e-01 8.156403482826553031e-01 8.267256967647230725e-01 8.154454350406462604e-01 8.177370678246796976e-01 8.107891094794112963e-01 8.119917081073401155e-01 8.121248664720125410e-01 8.125832886048082182e-01 8.254511303385140275e-01 8.227415120909395974e-01 8.199598191003294456e-01 8.185660496071939241e-01 8.222415298944208972e-01 8.242178821340347961e-01 8.113506741901620467e-01 8.114273862663831105e-01 8.236020571981137461e-01 8.240043536135188695e-01 8.215653897938105521e-01 8.223329333801536745e-01 8.216182726144763970e-01 8.264603367472698192e-01 8.184036100874607644e-01 8.302756239192370380e-01 8.178164702343991843e-01 8.201574539787120921e-01 8.040706354822864110e-01 8.137102548509468347e-01 8.146754779848961459e-01 8.168855016008434999e-01 8.205885191292799918e-01 8.239301031729089342e-01 8.055171675398372644e-01 8.221235991624614714e-01 8.181049612146726879e-01 8.225126937570845786e-01 8.256514075743748293e-01 8.286475535992465780e-01 7.926318350603017704e-01 8.045876881414796289e-01 8.183851293498870527e-01 8.108997210568006375e-01 8.079495214723659835e-01 8.135499561381935862e-01 8.175475809218293310e-01 8.183459642968718972e-01 8.114988939920894095e-01 8.121717668741067486e-01 8.243407085972810355e-01 8.295665964987744001e-01 8.270865049469653396e-01 8.255638095957450462e-01 8.207794288978301767e-01 8.285849177202149196e-01 8.242175666751477836e-01 8.199310121146001773e-01 8.242578455368191337e-01 8.234533589022791089e-01
1.070945569234321888e-02 1.413188336530833145e-01 3.609224652682793688e-01 5.796185460199033690e-01 4.699537678242378114e-01 5.341169638700364874e-01 7.634670804137908551e-01 7.118824076702925385e-01 7.885766349009791787e-01 7.565965353105448266e-01 1.000000000000000000e+00 8.582740939516734224e-01 7.787509178412704847e-01 6.281038636461386826e-01 8.676271594654576536e-01 8.538372092480530640e-01 7.864058149770631889e-01 7.323903363348339690e-01 7.740637995136961935e-01 7.374228413516993319e-01 7.594769834149779353e-01 7.884543139962144620e-01 8.022381895766562687e-01 7.473606046662766289e-01 7.445816550294404035e-01 8.354744427539054774e-01 8.225543210111098125e-01 8.242069762356615259e-01 7.773827183123489526e-01 8.017191450889477045e-01 8.689436802752495970e-01 8.630340424665569055e-01 8.161307488347141481e-01 8.250247409525360842e-01 8.200971113663704237e-01 8.318794386700066879e-01 8.511574685878287028e-01 8.527811984603148598e-01 8.719155298695158152e-01 8.446876290396790887e-01 8.816077839737670452e-01 8.701105980625127856e-01 8.639738847315975301e-01 8.823709343776227065e-01 8.768890293234038458e-01 8.740006849226010788e-01 8.897629080513435040e-01 8.911653393207504825e-01 8.915400933954719109e-01 8.563952134495587121e-01 8.801500617070020516e-01 8.440004188729914869e-01 8.792467762910265439e-01 8.889568140434694898e-01 8.828152781022500228e-01 8.834638167381224649e-01 8.714707291922800803e-01 8.839187632227633040e-01 8.877746757472264605e-01 8.897085357952866369e-01 8.927312307523213031e-01 8.884313435268968995e-01 8.846294003188287514e-01 8.881690352741085093e-01 8.798566819875934808e-01 8.860898407683537314e-01 8.930652226667098459e-01 8.898405669603591805e-01 8.891948914381901936e-01 8.880822572066446874e-01 8.855076119911468036e-01 8.864191080144289137e-01 8.803609332408647292e-01 8.775430258726601984e-01 8.924738321037078981e-01 8.880366734953446528e-01 8.857738118708839981e-01 8.760979430310201765e-01 8.843241119544501538e-01 8.783119348328156661e-01 8.883147959371507918e-01 8.929865451039650237e-01 8.929111959638598162e-01 8.823715430583597419e-01 8.849429617010877713e-01 8.913518969938515335e-01 8.888458842078983402e-01 8.937939837461916781e-01 8.941709574377280090e-01 8.920919101171893573e-01 8.856944688873794602e-01 8.950211640619916142e-01 8.933276570050664445e-01 8.938959990625015006e-01 8.941959983905432008e-01 8.945313795618279329e-01 8.809501902173366705e-01 8.839474764484303027e-01 8.954781536468989778e-01 8.922943085240739869e-01 8.940684752554373116e-01 8.917353402399704754e-01 8.953163026818081738e-01 8.962688868233711359e-01 8.937689933055452673e-01 8.860980575611745458e-01 8.957026928899241014e-01 8.936706169653410026e-01 8.958443017061511471e-01 8.956528123905722616e-01 8.938527978161702192e-01 8.947727294913605522e-01 8.965093370327945621e-01 8.944185269973021768e-01 8.902674585026969512e-01 8.942708268449072184e-01
2.815628754731604611e-03 1.569651505157987903e-01 3.770366891950786559e-01 6.510815176076880650e-01 4.961647258101987146e-01 5.717810722407371538e-01 8.109266654401731111e-01 7.745653087982915519e-01 8.174905702291238585e-01 7.657416934514272855e-01 8.582740939516734224e-01 1.000000000000000000e+00 8.182832454130647415e-01 6.681826840155720149e-01 9.124784232149631968e-01 9.062547851452308345e-01 8.303576071929529290e-01 7.359881477667181704e-01 7.804086737584426947e-01 8.010110135950987420e-01 7.920353921777947281e-01 8.051767817168365982e-01 8.220107725401637477e-01 7.681790518397909606e-01 7.431536857276765939e-01 8.628200413958976300e-01 8.441796080007339942e-01 8.489588157835109561e-01 7.835239017973383291e-01 7.999626890361937193e-01 8.868368209458669105e-01 8.979846373230893075e-01 8.455818995321335851e-01 8.657079826716889137e-01 8.344194881676491038e-01 8.766112483239356656e-01 8.929623245915578877e-01 8.983830342840701810e-01 9.036735075864597011e-01 9.000468165074416715e-01 9.226339434201743517e-01 9.180791886728353335e-01 9.180777500760021193e-01 9.261212012518671433e-01 9.195480953545962510e-01 9.129978147992721116e-01 9.291275616377618896e-01 9.267595518437472535e-01 9.282968509152841330e-01 9.036297239536028592e-01 9.260389759068031745e-01 9.041245972024261057e-01 9.262968289238433517e-01 9.221055668780112624e-01 9.194250361666163052e-01 9.254276022296810122e-01 9.117500458715150913e-01 9.271800077249356953e-01 9.291822609177972092e-01 9.258678297810524205e-01 9.352462533575244263e-01 9.273857369571075759e-01 9.249892997906561387e-01 9.266750542775322730e-01 9.169503950975893547e-01 9.263194107290509960e-01 9.255512631968207948e-01 9.192905387419992858e-01 9.203764304632169324e-01 9.325512479283186718e-01 9.143704126687605127e-01 9.140614280722344498e-01 9.128445653409938965e-01 9.075975572647343448e-01 9.268476563164880222e-01 9.186115510460810540e-01 9.219873291524687264e-01 8.981158175480700168e-01 9.128430696786083987e-01 9.009572575752410328e-01 9.221018884286409367e-01 9.239080230372479496e-01 9.323143402086891962e-01 9.102523130162791798e-01 9.245474721365539716e-01 9.302978056601792778e-01 9.286223553929514596e-01 9.328492827760430650e-01 9.296236931263276437e-01 9.287292922086767266e-01 9.283241924459719741e-01 9.355451114580621841e-01 9.334184240502251262e-01 9.317075398503018580e-01 9.326695468904753206e-01 9.306336510916621840e-01 9.278261844422769355e-01 9.243790315496587251e-01 9.363610437110514439e-01 9.360970114678142107e-01 9.378594428364604996e-01 9.323435207789926293e-01 9.356840055913678844e-01 9.378378613134917829e-01 9.378939382647643042e-01 9.247489399289430256e-01 9.328592309484688982e-01 9.294547791237330880e-01 9.329551515297244135e-01 9.336177162989605094e-01 9.353734222819434230e-01 9.309795659259262335e-01 9.337290516498388815e-01 9.310541828268054099e-01 9.267180336318077138e-01 9.326040509593417349e-01
2.539206919829207001e-02 1.377093353998322112e-01 3.634241126175588588e-01 5.499313761754099916e-01 4.978035833392836507e-01 5.327840024136806241e-01 7.384155359428293819e-01 6.940628655712043349e-01 7.593818019056634006e-01 7.108542168472841150e-01 7.787509178412704847e-01 8.182832454130647415e-01 1.000000000000000000e+00 6.198497111895518996e-01 8.400042364103417203e-01 8.276789297575093407e-01 7.567478574571617767e-01 6.850806938296178927e-01 7.378092108503051527e-01 7.377477971344261753e-01 7.454285858530530495e-01 7.574401965830326322e-01 7.535158533549639603e-01 7.186745362707214202e-01 7.066456604890415383e-01 7.895283625422695462e-01 7.852550754783580444e-01 7.800015452232773594e-01 7.362290043366598313e-01 7.573462752855326663e-01 8.205035794231828605e-01 8.216333456434590232e-01 7.592513238068921977e-01 7.840418641865949390e-01 7.692812709675371785e-01 7.873933886511956803e-01 8.089213477264282082e-01 8.094369709235192945e-01 8.230271688847247136e-01 8.026044352895530531e-01 8.461589977508710003e-01 8.384721010565698851e-01 8.319397511797875788e-01 8.500652736316492986e-01 8.356203482305611940e-01 8.377955986670431177e-01 8.587240587184343799e-01 8.546989015245062271e-01 8.498079136383810406e-01 8.117105435069038588e-01 8.413591172164179843e-01 8.142354362426085235e-01 8.473223400482725598e-01 8.549240326302017801e-01 8.474506401623889129e-01 8.450261843341486667e-01 8.327988008631568295e-01 8.566249817294111502e-01 8.508515270130214692e-01 8.607901049494822709e-01 8.630258451953809473e-01 8.530630235264685668e-01 8.466753784890151957e-01 8.489870078501778883e-01 8.458575042964575630e-01 8.542651909460706738e-01 8.567076180710928579e-01 8.503547037873392389e-01 8.497274011532052196e-01 8.634564230545739294e-01 8.453499621711384471e-01 8.495118963909943366e-01 8.446304713667746045e-01 8.415199677809802603e-01 8.550245898294570601e-01 8.499775116961055810e-01 8.492932393378644917e-01 8.350682656572598894e-01 8.458621952742332306e-01 8.413471103853462640e-01 8.479792025851871085e-01 8.526841319440625622e-01 8.494521187422492403e-01 8.434421120499678848e-01 8.402199137887051972e-01 8.512333346517568788e-01 8.489899532914632063e-01 8.528461408696340618e-01 8.539863480551831421e-01 8.543766647115162982e-01 8.448218999275337593e-01 8.606842781431466305e-01 8.548064190481772240e-01 8.554918191273559458e-01 8.597118874373015363e-01 8.590904741827449786e-01 8.378539240663157583e-01 8.456506712813348647e-01 8.587336728166198307e-01 8.543951739692611236e-01 8.549755369148488438e-01 8.521590575053605843e-01 8.584865498049893962e-01 8.621263000220422690e-01 8.577458254572768448e-01 8.465638801810980718e-01 8.590165957131771224e-01 8.592978632157014518e-01 8.581743389839211478e-01 8.607049065694317713e-01 8.578506029178925019e-01 8.602655025066873185e-01 8.575402800427981420e-01 8.526489487371810005e-01 8.541937628307273433e-01 8.596579360326985775e-01
