1.000000000000000000e+00 1.167717727774992137e-01 1.117648889292041509e-01 -5.230771302489219121e-02 -3.074010913421954330e-02 -3.103140580411546667e-02 -1.470559153087187994e-02 -1.884589317055397270e-02 1.024531655134870434e-01 1.203818843629215346e-01 2.272612448349988976e-02 -2.479944798130448089e-02 -1.293030131609226039e-03 -2.804603410663420587e-02 -2.623740816047394862e-03 1.537106231789115741e-02 1.459880965248502027e-01 1.799368459343767268e-01 1.757209311735512813e-01 -7.708698178283707181e-02 1.340916356235975493e-01 1.208302441343112460e-01 1.458018642743401649e-01 1.774359685123849117e-01 1.702524650889569446e-01 8.958565203991104842e-02 8.511110067550532732e-02 1.055485040749195719e-01 1.445356113653979979e-01 9.623155922978797461e-02 5.297721615852096777e-02 8.840947843425994712e-02 8.764877030443150863e-02 8.690584286362278144e-02 8.103021631806521519e-02 5.825866280348607901e-02 6.975675911985138034e-02 4.764939050408271287e-02 4.968372264141138889e-02 1.292317455440276756e-02 2.507550210006352295e-02 -3.265872308159505251e-03 -1.263923497668064701e-02 8.568355119397791722e-03 1.922762803585428837e-02 2.975888907046926948e-02 1.722588091259412077e-02 2.716260373481873061e-02 3.064567603319488451e-02 1.662555830917793187e-02 2.350577373943492365e-02 3.732473728663796703e-02 -4.971368592179337131e-03 5.073047872845373035e-02 7.193886644185353008e-02 6.996731701450811802e-02 6.804954774401142381e-02 1.031482628562567505e-02 3.164764037928998602e-02 2.841567398799153821e-02 8.312325798787175909e-03 4.266043943257451232e-02 4.296196998718863902e-02 4.024441989354215349e-02 8.061010542951804747e-02 6.122138508229416770e-02 4.345886609938982847e-02 8.097872710259064466e-02 6.851676220850817789e-02 1.174171069636725101e-02 6.433248026715338019e-02 6.350514983806038183e-02 9.189756801042590906e-02 8.440879131637987753e-02 3.795555426851988240e-02 4.427466184149130707e-02 4.697775862448194673e-02 7.178531768373684618e-02 3.308490391933181785e-02 5.376845909078192126e-02 4.986727850240123272e-02 1.778852297380530828e-02 7.674825064453180690e-02 5.568859795963224807e-02 2.604901240779302837e-02 4.390843508177980775e-02 2.691910135903989587e-02 2.128191063301770533e-02 2.380259341636422818e-02 4.941556991935665277e-02 3.119730773268019133e-02 8.747716648008985879e-03 1.765929070832662935e-03 1.068508217593464558e-02 2.267608914066904582e-03 1.125872791152923887e-02 -8.354507364922407128e-03 2.845499340770519733e-02 1.671802963446338995e-03 -6.455021691732531521e-03 -1.264408896965034390e-02 2.174554112639293102e-02 -2.488527992283435467e-03 -8.832235214245620289e-03 1.495374706199632982e-02 3.377820673884188857e-02 2.181845255117019489e-02 2.625336136913164475e-02 3.696864063997888639e-02 6.434010337876227420e-03 7.488873680631264948e-03 1.704426287237525636e-02 1.436601192246401981e-02 2.741681056863170055e-02 4.766867997967813575e-02 3.098129564931129815e-02
1.167717727774992137e-01 1.000000000000000000e+00 4.579870959498821836e-02 -1.181956476709649685e-02 3.669583463667169115e-02 7.203496443924767290e-02 9.390890183149981640e-02 7.157850633629275761e-02 1.640233439641699265e-01 1.883600889501171605e-01 1.175331686059384317e-01 9.470969272285034712e-02 1.035885196042277689e-01 1.074083286492090172e-01 1.190178161356237052e-01 1.254699870854339983e-01 1.745013642697788858e-01 1.416913334922300927e-01 1.365183471294309225e-01 3.703530821550390234e-02 1.120450465393309086e-01 1.205224979213580655e-01 1.618861465905473418e-01 1.369829557135511522e-01 1.306957472740516157e-01 1.635057935211744473e-01 1.457418727830819827e-01 1.657868895357652028e-01 2.003875697347312634e-01 1.598907418846091666e-01 1.587595496736284861e-01 1.540861076929835316e-01 1.595879791972709683e-01 1.249530022333455032e-01 1.664776647210865768e-01 1.176783140727183791e-01 1.476422889730173160e-01 1.459582344115369079e-01 1.398927623611739002e-01 1.157671509410515553e-01 1.388443959958945706e-01 1.096241623279447103e-01 1.088800005382209585e-01 1.271698134065686880e-01 1.195940313880196754e-01 1.465861579458258013e-01 1.483134712083191420e-01 1.537881654441201340e-01 1.552335883575822473e-01 1.122194045861946154e-01 1.426738053698056730e-01 9.980098400323168806e-02 1.163769461627582602e-01 1.634767372534002283e-01 1.700695527735293089e-01 1.605845317899785019e-01 1.664641719202322734e-01 1.336900198361347658e-01 1.516492662493628962e-01 1.537768063629297299e-01 1.391602968326397238e-01 1.638567102186182511e-01 1.584247298601933196e-01 1.549690296050277027e-01 1.661363024317359938e-01 1.621051682728305021e-01 1.594373393909830072e-01 1.620645439470386473e-01 1.626120437721754186e-01 1.242040980492582491e-01 1.389913059932424422e-01 1.542422441641125297e-01 1.519549213277789079e-01 1.501788410933121154e-01 1.561911158054834492e-01 1.545768282470171839e-01 1.603481169634748127e-01 1.761370234745850138e-01 1.481373106420943719e-01 1.656703802191039354e-01 1.542007799011648472e-01 1.498128130388280133e-01 1.678936084599922662e-01 1.672428120468089918e-01 1.275870036497967486e-01 1.417935622123764616e-01 1.435599567593906778e-01 1.405843460018699198e-01 1.485738678858186390e-01 1.574830147840370898e-01 1.436998920526722789e-01 1.358006596794909537e-01 1.276979245965768894e-01 1.384391759429001723e-01 1.415417244617247772e-01 1.488182703432206488e-01 1.198211420895504975e-01 1.388601007547220767e-01 1.380019424640387959e-01 1.288951195333272182e-01 1.272129013259920283e-01 1.472055284676003217e-01 1.226345145241372475e-01 1.285825886634909265e-01 1.270949707364913139e-01 1.498243593331216872e-01 1.513887401051047243e-01 1.548540353280742077e-01 1.592815028853777348e-01 1.413822497864064553e-01 1.414325946193650818e-01 1.497717781313386842e-01 1.485512878465996833e-01 1.541020632755305542e-01 1.558562106246170476e-01 1.511831615304096710e-01
1.117648889292041509e-01 4.579870959498821836e-02 1.000000000000000000e+00 3.199663901483124628e-01 1.206336441513894686e-01 1.618559150250359069e-01 2.448744721342670239e-01 2.546918365206435331e-01 2.836144460460562899e-01 2.254726258425925334e-01 3.055721999958286306e-01 3.229959578005752174e-01 2.298424526096044251e-01 2.420876382845726371e-01 2.583757650655434945e-01 2.891284879955808296e-01 2.938771287903110818e-01 3.423960770110425766e-01 3.344441734780752573e-01 2.667005736123454485e-01 3.960241212369070007e-01 3.715097286364229534e-01 3.281800776654056895e-01 3.486251979254059163e-01 3.472205036628785435e-01 3.210020632506189187e-01 3.242071978762291473e-01 3.260106048221240727e-01 3.279475433269770646e-01 3.442705825287705190e-01 3.126647016750099262e-01 3.288883139943372114e-01 3.052038291163281514e-01 3.282445612321088779e-01 3.017842368518214857e-01 3.264095283832939010e-01 3.247861599150723144e-01 2.990479007740927675e-01 3.059215673464787399e-01 3.013196555529890075e-01 3.050458010142070853e-01 2.999806836138551591e-01 3.014709016346605597e-01 3.081166251259566669e-01 3.270902423942882442e-01 3.013733474837432258e-01 2.839736803996663062e-01 2.843347579291224392e-01 2.864881017642230687e-01 3.149570997881413481e-01 2.967206668101730616e-01 3.240655190237997085e-01 2.967080788935121949e-01 2.898520861965736550e-01 3.098894523669060153e-01 3.082470802253635678e-01 2.903395198320444792e-01 2.881337840173936460e-01 2.846400393932059791e-01 2.886872191087612172e-01 2.823268196732498514e-01 2.816248063374466870e-01 2.846760322300596613e-01 2.890222331964184543e-01 3.034020534048901263e-01 3.027122734603688303e-01 2.952857300198545309e-01 3.284396210356674839e-01 3.197638788487268680e-01 3.330985262180161666e-01 3.423320043002327506e-01 3.320695424562189468e-01 3.306349347630062607e-01 3.396224098627767529e-01 3.083972867753702052e-01 3.148588187316092579e-01 3.067724604568368707e-01 3.167355410342535538e-01 3.149613988380269847e-01 3.144561955753741311e-01 3.214853739767878360e-01 3.025853143585146010e-01 3.117956445426530721e-01 3.092698254014868975e-01 3.114361122392312331e-01 3.101356931796692140e-01 3.059385180988570263e-01 3.034223953509823657e-01 2.972217296274148324e-01 3.140407433631237089e-01 3.145014695940264171e-01 2.925100330170452567e-01 2.990305622602454916e-01 2.977302832204885008e-01 2.754940803290943374e-01 2.785471249895053458e-01 3.001494729871136413e-01 2.970297694821101286e-01 2.863136334235797387e-01 2.911277911687085718e-01 2.911959105702447981e-01 2.950961244791787119e-01 2.971791148332821875e-01 2.922370817994413561e-01 3.068721674688520418e-01 2.998690522990505314e-01 2.827080023695648925e-01 2.852297225136938286e-01 2.932587706172980480e-01 2.835799650152635021e-01 2.868746545815917814e-01 2.834713536371546994e-01 2.839323203066881351e-01 2.843292191981063310e-01 2.871304726797423990e-01 2.900167021014869451e-01
-5.230771302489219121e-02 -1.181956476709649685e-02 3.199663901483124628e-01 1.000000000000000000e+00 2.430888736833185793e-01 3.028814708413262169e-01 4.462295587223115145e-01 4.319080733530769600e-01 3.161023996386858048e-01 2.919751696997652801e-01 4.184434008840304253e-01 5.413810434905800273e-01 4.017845040464338435e-01 4.143496839895520756e-01 4.755945359133535444e-01 4.731106683109597699e-01 2.961388471357978003e-01 2.179427756344590184e-01 1.968619947346895438e-01 5.349399393525453572e-01 3.677760989075483655e-01 3.226896969184906427e-01 2.386528040739478718e-01 1.988013974063821965e-01 1.946162066996856010e-01 3.893622237662353047e-01 4.079958691271799998e-01 3.494440723665284132e-01 2.818307523334113718e-01 3.812002697545526231e-01 4.301713415772566718e-01 3.755636369718144962e-01 3.169033449083395459e-01 3.332932531091233885e-01 3.346300196709531827e-01 4.128458120418897481e-01 4.033771539750492519e-01 3.918806802802189404e-01 4.141990243948575623e-01 4.232702353117974714e-01 4.404230888522186471e-01 4.744097202216392417e-01 4.953909884950897236e-01 4.806965397608018997e-01 4.729323846118957952e-01 4.367818969009233387e-01 4.475262049861821190e-01 4.279000070251269827e-01 4.117586322106290830e-01 4.497385490355179649e-01 4.493772358513253296e-01 4.768615244820406107e-01 4.808254233847315540e-01 4.027458455648817992e-01 3.833434505908543399e-01 3.825012873772156707e-01 3.860945619395548811e-01 4.643755590049660764e-01 4.291555185169715347e-01 4.514807951196059266e-01 4.569851503767931589e-01 4.241054110607487826e-01 4.073215944704235425e-01 4.280297450379751956e-01 3.876662412712629235e-01 4.211653002825448966e-01 4.223870916391332386e-01 3.894371480360644400e-01 3.997040847419026655e-01 5.087857742706642927e-01 4.232650888837950487e-01 4.099649255985632346e-01 3.684287195711312135e-01 3.748055754169097864e-01 4.429507103707519544e-01 4.370815276988752052e-01 4.193660664614154432e-01 3.989807084879219978e-01 4.364937013478057404e-01 4.132439434216091945e-01 4.243467379570082798e-01 4.529838096039111028e-01 3.943289991706891429e-01 4.017922706517405573e-01 4.379492910478832157e-01 4.125304533946534957e-01 4.434246920517314616e-01 4.430923526133637158e-01 4.351761144541698156e-01 4.217436351939239381e-01 4.455178005612214776e-01 4.628480236996587172e-01 4.673707599602681673e-01 4.585200313908510683e-01 4.519936683079546769e-01 4.444414001527138836e-01 4.786699353842126525e-01 4.487711670803281039e-01 4.678912558297991242e-01 4.694764919118111779e-01 4.793445749134585543e-01 4.531656651227921606e-01 4.898073718570937762e-01 4.783158450809744111e-01 4.723375857582652881e-01 4.496281890328234776e-01 4.375394134080302089e-01 4.299353085107700534e-01 4.246782443069013202e-01 4.617718645255329823e-01 4.561043121454344540e-01 4.585555920065619295e-01 4.506758319670456370e-01 4.392650333247885008e-01 4.137712232444410443e-01 4.446918944953948682e-01
-3.074010913421954330e-02 3.669583463667169115e-02 1.206336441513894686e-01 2.430888736833185793e-01 1.000000000000000000e+00 2.536501186842343158e-01 3.464798205988136037e-01 3.340092274444360076e-01 3.308804475257863809e-01 2.823938460872494893e-01 3.331498432647975183e-01 4.000361024674988775e-01 3.666701032770028346e-01 3.824801959735980583e-01 4.175331052784524433e-01 3.966833327072824544e-01 3.119063808272866112e-01 2.089381763364697442e-01 2.170494440151645166e-01 3.656276049216477531e-01 2.527475157352980784e-01 2.771351915427878732e-01 2.619505013149509010e-01 2.159026013764119012e-01 2.135149074490260979e-01 3.556608372147802011e-01 3.548825718824705766e-01 3.289337278706588874e-01 2.856222976517748813e-01 3.499692598672262678e-01 3.885722900944040825e-01 3.536257331330123765e-01 3.082130716875283172e-01 3.357217678618058532e-01 3.213864512343405089e-01 3.661445049892034787e-01 3.696015255887817874e-01 3.678568527902033036e-01 3.893630153707127173e-01 3.883631663277277157e-01 3.997915122425388934e-01 4.096909912601022219e-01 4.284582336348528031e-01 4.163986474031062812e-01 4.083748008281095077e-01 3.955302954468685739e-01 4.125039459331650282e-01 3.987672117443607500e-01 4.015482911486159545e-01 3.963164419147334194e-01 4.034717331126321804e-01 4.182068685666524566e-01 4.292355449367443176e-01 3.851593990275677948e-01 3.708917817753173973e-01 3.682045698877574602e-01 3.733034787738375160e-01 4.118558391862491841e-01 3.997750302268959222e-01 4.127981573300226192e-01 4.174296283457513690e-01 3.979599639200065986e-01 3.898311342656014533e-01 4.046551111198761763e-01 3.796170672428534343e-01 3.915956694966942764e-01 3.962570683741843958e-01 3.713829857618897168e-01 3.823543369721572049e-01 4.151921893768772964e-01 3.728768715007789725e-01 3.782003282949019107e-01 3.569823861848967494e-01 3.568199458324934903e-01 4.018222263441801889e-01 3.943870339251765444e-01 3.875736175936926320e-01 3.688218839207778044e-01 4.008459585032326800e-01 3.859616016357981239e-01 3.905161087698473255e-01 4.115883299637144721e-01 3.766642260125697139e-01 3.728764903735512504e-01 3.967682504082586936e-01 3.923161636570493549e-01 4.030408393430735536e-01 4.055823460148493265e-01 4.034195649399688888e-01 3.900866449443513018e-01 4.016099419615328792e-01 4.173565131070889889e-01 4.199619660613654326e-01 4.146531220937076379e-01 4.161728952667872461e-01 4.129169261995697671e-01 4.175556266522204574e-01 4.082332974697596706e-01 4.183477215694798024e-01 4.210705007778396958e-01 4.295312715964835215e-01 4.096025689044194285e-01 4.289629538149627441e-01 4.260956795185905643e-01 4.207591047798381889e-01 3.990946684150598056e-01 4.079986646311811183e-01 4.024821841117206533e-01 3.961932867713260920e-01 4.195180154596712119e-01 4.152076825427404860e-01 4.168938614557754496e-01 4.122158922926644209e-01 4.086323520665088305e-01 3.973966766288329899e-01 4.118630707543421976e-01
-3.103140580411546667e-02 7.203496443924767290e-02 1.618559150250359069e-01 3.028814708413262169e-01 2.536501186842343158e-01 1.000000000000000000e+00 4.257476592466055698e-01 3.764964215902878442e-01 3.762258141609649553e-01 3.646777119338223128e-01 4.157585520481362762e-01 4.634295696265690045e-01 4.097596044569699614e-01 4.376944352914334813e-01 4.886242994303555132e-01 4.725955770134014911e-01 3.911581801805599223e-01 2.710678420198027183e-01 2.724595591258609506e-01 3.752863782890071276e-01 3.174661296488701101e-01 3.430400870385535428e-01 3.058522952720729715e-01 2.634287878108477199e-01 2.568226756768098307e-01 4.339586484695777679e-01 4.277762526459477632e-01 3.998090260631979032e-01 3.568930542486861701e-01 4.084704647014784640e-01 4.632980824450387836e-01 4.214871187815784070e-01 3.670245999937720160e-01 3.897891033571332375e-01 3.941745798474387552e-01 4.224520848888206892e-01 4.214244027883403132e-01 4.448036503334529823e-01 4.624616408261583156e-01 4.557035820287305694e-01 4.861163480846462659e-01 4.831569951599565260e-01 4.896272537441944683e-01 4.936774067218707707e-01 4.732160071609980978e-01 4.805361906874888733e-01 4.925393111542006874e-01 4.864006269228833834e-01 4.782770880039756145e-01 4.627803635322464415e-01 4.822389192933831392e-01 4.673911066637160272e-01 4.973345858647901796e-01 4.676279209936221593e-01 4.496691809983984212e-01 4.486614656271490920e-01 4.550517169817235308e-01 4.935717545211915636e-01 4.871519541958872490e-01 4.939333748973894767e-01 4.969624137533550368e-01 4.860874558289736136e-01 4.769024812556174053e-01 4.873627211472837950e-01 4.603383456836517285e-01 4.742628482014251134e-01 4.824452301129781850e-01 4.547612073766631458e-01 4.583831547270271756e-01 4.874522060507836541e-01 4.518194256742326664e-01 4.582943056521767700e-01 4.337662731785515424e-01 4.339764934319127465e-01 4.870500956486969457e-01 4.770432854499321307e-01 4.747695957063196581e-01 4.585555916593301307e-01 4.799110536404597172e-01 4.719653180761300693e-01 4.667374125640672555e-01 4.877354750992954346e-01 4.598581275703029769e-01 4.583607841969403740e-01 4.680851218262692126e-01 4.655738919603377157e-01 4.837640383395043764e-01 4.827568501673597523e-01 4.948031847288655305e-01 4.705197961842560450e-01 4.778134836552734854e-01 4.964530585951628106e-01 4.941343507585096440e-01 4.937192558976317702e-01 4.982062040603960074e-01 4.966112934747419216e-01 4.880757334557427884e-01 4.853664789404434354e-01 4.951743493423138576e-01 4.934355020666412184e-01 5.025082469567855314e-01 4.902423341531460532e-01 5.045460450031405975e-01 5.003193269325799664e-01 4.955289057259344432e-01 4.845387429448974048e-01 4.905654781880351423e-01 4.888981405636034783e-01 4.824105188527638699e-01 4.962031109559806863e-01 4.953773439030644266e-01 4.969661572100820823e-01 4.951230202079104914e-01 4.915769453326949701e-01 4.788339721441253194e-01 4.923429683393810707e-01
-1.470559153087187994e-02 9.390890183149981640e-02 2.448744721342670239e-01 4.462295587223115145e-01 3.464798205988136037e-01 4.257476592466055698e-01 1.000000000000000000e+00 5.895106739609794477e-01 6.076019030103894103e-01 5.710124758196720718e-01 6.376873937087269573e-01 7.034706211066741322e-01 6.045499851208218089e-01 6.373363291872724545e-01 7.612067036440141043e-01 7.144257219801941616e-01 6.118085635885665008e-01 4.722078297074712161e-01 4.447644003448000261e-01 6.291608437273206178e-01 5.566472323925982790e-01 5.414288152592973136e-01 5.418047385380280190e-01 4.676048747104057379e-01 4.290471046316829962e-01 6.885581528906021820e-01 6.714467441679539128e-01 6.606987080433666115e-01 6.030046507903309427e-01 6.718961108679498695e-01 7.180972792765470958e-01 6.890324182535132458e-01 6.340708337601207445e-01 6.448962606479645698e-01 6.449518703875646297e-01 6.803983707864850183e-01 6.808736514983028121e-01 7.204706555309621230e-01 7.243432872803461375e-01 7.220058501586034128e-01 7.245086298045307904e-01 7.464974203290625221e-01 7.503267533115984822e-01 7.540143181663613303e-01 7.320054478360364936e-01 7.308636784649302776e-01 7.390695186401470274e-01 7.311411115813927220e-01 7.189658101589411210e-01 7.345313530766264254e-01 7.465641010218444507e-01 7.168295573569795076e-01 7.250875518517232443e-01 7.110086032431631731e-01 6.934727858751258411e-01 7.018086302993735703e-01 6.865424779054617455e-01 7.421279230368488244e-01 7.333219275984642627e-01 7.312532342182703760e-01 7.421939068271458106e-01 7.198615387994055093e-01 7.120938473860033424e-01 7.253717048424925817e-01 7.016126940779454646e-01 7.073906470586009965e-01 7.301614951000295894e-01 6.982971201278508344e-01 7.133171752915696828e-01 7.497474707562526985e-01 6.901785150063933783e-01 6.990772015261174088e-01 6.761317369931496568e-01 6.630650172706900047e-01 7.372923165365364850e-01 7.299929322028242407e-01 7.328857266004921156e-01 7.125607031331510077e-01 7.347907974127807496e-01 7.191434977166502041e-01 7.210134286928007175e-01 7.387879157037350319e-01 7.137425267681402064e-01 7.117893881824440827e-01 7.315120083728916534e-01 7.225140803956144886e-01 7.372873132252053541e-01 7.459249517189684431e-01 7.406241239941296906e-01 7.282963740363601612e-01 7.435726987097822649e-01 7.505755342550071152e-01 7.462720069874869688e-01 7.482357950071883979e-01 7.400162468169012575e-01 7.384702411244200571e-01 7.441563414768873619e-01 7.313475016363537584e-01 7.504021460842420499e-01 7.541220893114999324e-01 7.549060157043289143e-01 7.429461049110370752e-01 7.441128748818519600e-01 7.528274020626719576e-01 7.437381970691745448e-01 7.252627633891611802e-01 7.342369860893713795e-01 7.315430479450208967e-01 7.300770637378738437e-01 7.477978079957163793e-01 7.459458469378987822e-01 7.392736850833350193e-01 7.377842663416223079e-01 7.341763832729977235e-01 7.251764129823126126e-01 7.286984824896981516e-01
-1.884589317055397270e-02 7.157850633629275761e-02 2.546918365206435331e-01 4.319080733530769600e-01 3.340092274444360076e-01 3.764964215902878442e-01 5.895106739609794477e-01 1.000000000000000000e+00 5.812265182873485037e-01 5.213337005660589885e-01 5.921084443118450613e-01 6.762680335379204211e-01 5.691741725856543921e-01 5.977129020582371277e-01 6.928551999842268438e-01 6.761902521341731642e-01 5.685145548612259292e-01 4.434091589101462616e-01 4.418708658314041693e-01 5.722250800534766091e-01 5.200524066398923839e-01 5.428094628121715726e-01 4.937730484348096804e-01 4.324098943405127460e-01 4.235827616711408394e-01 6.374490447427323403e-01 6.326441291436529779e-01 6.125706609364889310e-01 5.514498415776489804e-01 6.238884994711025866e-01 6.651358016335527923e-01 6.307071085865566529e-01 5.752455652089339955e-01 5.847622838830857095e-01 5.905757158909704652e-01 6.417794879033292821e-01 6.483531041222720948e-01 6.560875666703552822e-01 6.694128718134513267e-01 6.754023510266841113e-01 6.883618884666222737e-01 6.970689428648169095e-01 7.039159348537653571e-01 7.076705145205053338e-01 6.873041841893479109e-01 6.803875383709497848e-01 6.858970937095035802e-01 6.779295663623515766e-01 6.674745024030611651e-01 6.798560415231131859e-01 6.922171468284796791e-01 6.820164333514794341e-01 6.857084801141702934e-01 6.583388764980244723e-01 6.451872046929850724e-01 6.492786184872125776e-01 6.439562994720924305e-01 6.953352090104051308e-01 6.822996676543428007e-01 6.840800582573068889e-01 6.919530087417216091e-01 6.709730421620467844e-01 6.631887042638922036e-01 6.786429296577618508e-01 6.562964250990338533e-01 6.628799691745853595e-01 6.774150835048184938e-01 6.512346294593356344e-01 6.540730841446290578e-01 6.955551942256850140e-01 6.556713072603396197e-01 6.630687779791192282e-01 6.246108021234536567e-01 6.273742650588365333e-01 6.873793316338927539e-01 6.804253963270467942e-01 6.770024160499822363e-01 6.583606745953138883e-01 6.843263446967742247e-01 6.654775965330763654e-01 6.763147426315047062e-01 6.851362740208307711e-01 6.615429429727356370e-01 6.554036145815808068e-01 6.746035790077544725e-01 6.615638546422237809e-01 6.865816115861966829e-01 6.876826507678935885e-01 6.830443464327289327e-01 6.769240165064310810e-01 6.919178441915702082e-01 6.971530082547816587e-01 6.954982985110231830e-01 6.973327813585104007e-01 6.890739913712088383e-01 6.864589870668108551e-01 6.998944387992562799e-01 6.875730741558735426e-01 6.980414974850304155e-01 6.991116951570924831e-01 7.026731496462917947e-01 6.922247352521091468e-01 7.022139340293263032e-01 7.054886799162189970e-01 6.992948035109147753e-01 6.859220079586939578e-01 6.840504832017679782e-01 6.790726868716790987e-01 6.772380817161393063e-01 6.936603201065471014e-01 6.938848733148664794e-01 6.902943576999505115e-01 6.897155032068364999e-01 6.855472691854023193e-01 6.750527972817434996e-01 6.824265335689385648e-01
1.024531655134870434e-01 1.640233439641699265e-01 2.836144460460562899e-01 3.161023996386858048e-01 3.308804475257863809e-01 3.762258141609649553e-01 6.076019030103894103e-01 5.812265182873485037e-01 1.000000000000000000e+00 7.206114237979507342e-01 7.283186091004550944e-01 7.273554830676390859e-01 6.495046328268704316e-01 6.962277187309002802e-01 7.671252025012085252e-01 7.788397410638588925e-01 7.818447959968560790e-01 6.960330065508532060e-01 6.983260056370330648e-01 5.238400981348144692e-01 6.818815079822682090e-01 7.319926453138986266e-01 7.444737284990836645e-01 6.907011628819103022e-01 6.708659495457630628e-01 8.251591347344335858e-01 8.095796576953785406e-01 8.212757760250830597e-01 8.137594655622183426e-01 8.322799209402729215e-01 8.439950069319089865e-01 8.278002674875855060e-01 7.792035673893484837e-01 7.954451978870156204e-01 8.089061945849804758e-01 7.953741807682657150e-01 8.371657833466903398e-01 8.294385534917886327e-01 8.424325664257141799e-01 8.077843701479699989e-01 8.383605327122545248e-01 8.095580685985803715e-01 8.029032707156040782e-01 8.271223591658692920e-01 8.176175862293211249e-01 8.418052552493340279e-01 8.398625364467736665e-01 8.544662102809588156e-01 8.527303478709526985e-01 8.244591318315452888e-01 8.337698734468387274e-01 8.016706919310693236e-01 8.022411790898409389e-01 8.590064739367491153e-01 8.594381082512706493e-01 8.569636585071914725e-01 8.430698914932666099e-01 8.388685877589644457e-01 8.501863815145566106e-01 8.434923270269322204e-01 8.385892731965841618e-01 8.517908551910853276e-01 8.498449263854144231e-01 8.450669227605592804e-01 8.510756453122492182e-01 8.488380810421904954e-01 8.543891953140531070e-01 8.580702986858388392e-01 8.540194435144539131e-01 8.162873951420513974e-01 8.386752762349612977e-01 8.515004019830295645e-01 8.407691808306124726e-01 8.388717632317638229e-01 8.547515859832455209e-01 8.544100780602602585e-01 8.513881090708004251e-01 8.607100187269416391e-01 8.492227271727781357e-01 8.583406531851466292e-01 8.535206111124918893e-01 8.463078787579291218e-01 8.606439962486240880e-01 8.542612118029596635e-01 8.355789160078274103e-01 8.461579287101608227e-01 8.451471186005129477e-01 8.450806150469175604e-01 8.508080709920343709e-01 8.540189377956960426e-01 8.447008919832448282e-01 8.413238314132294171e-01 8.337591837887629032e-01 8.423985263151935188e-01 8.386058366030360034e-01 8.458813622365812801e-01 8.226761279193818277e-01 8.392929468579478636e-01 8.370900925772757351e-01 8.290045848106756265e-01 8.249800379815321882e-01 8.458598713115853540e-01 8.264569515893817053e-01 8.310863349813737422e-01 8.396262932721819672e-01 8.429283431922206526e-01 8.483151620937011694e-01 8.507592324779277293e-01 8.557272322270258469e-01 8.403784613159887007e-01 8.418497042805836994e-01 8.414940182007549785e-01 8.441004967401253278e-01 8.473211135988528708e-01 8.529828076871673881e-01 8.457889178656556872e-01
1.203818843629215346e-01 1.883600889501171605e-01 2.254726258425925334e-01 2.919751696997652801e-01 2.823938460872494893e-01 3.646777119338223128e-01 5.710124758196720718e-01 5.213337005660589885e-01 7.206114237979507342e-01 1.000000000000000000e+00 6.486894531336537817e-01 6.717395055474442156e-01 6.244504554399910035e-01 6.408449243773738369e-01 7.331142839499763530e-01 7.199507139347413043e-01 7.155687480177569393e-01 6.046810216735977184e-01 6.024497997600872790e-01 5.000143381570825163e-01 6.009063934698860576e-01 6.499445298852819519e-01 6.568476594473385832e-01 6.023359758798559893e-01 5.802158660121384814e-01 7.526354316119419074e-01 7.358153728219630763e-01 7.435063653776364800e-01 7.329580599498676241e-01 7.469802341796527578e-01 7.748244839431335240e-01 7.540609828291527927e-01 7.147804454355467518e-01 7.126401987486555845e-01 7.318849692968850684e-01 7.220624697208661846e-01 7.546276347824644182e-01 7.612632554671573404e-01 7.713772891967884959e-01 7.400907451303490037e-01 7.677469520558309890e-01 7.499303084762697358e-01 7.348744903214845525e-01 7.632769572692235105e-01 7.469895132372758040e-01 7.683956756775653929e-01 7.744919074197201825e-01 7.839433149828601843e-01 7.772320417436244799e-01 7.457927700117102932e-01 7.701986065056021236e-01 7.118646910228423330e-01 7.342855459870784030e-01 7.861516368528010945e-01 7.807799912924736629e-01 7.766135307037582702e-01 7.658559698325673182e-01 7.717252890769337181e-01 7.780592986303851433e-01 7.748208364714831431e-01 7.726569293178656705e-01 7.807050749369839338e-01 7.771608629998381090e-01 7.801171999331451001e-01 7.725966249096027916e-01 7.737322388961538344e-01 7.860025328400116473e-01 7.799556968328346107e-01 7.809798712112889785e-01 7.519117979022376108e-01 7.594658028699182717e-01 7.745166649723815855e-01 7.608945549042999135e-01 7.590875733522910451e-01 7.866989517130501541e-01 7.831953336081222128e-01 7.844541341319463124e-01 7.863659784569999589e-01 7.747802039516430428e-01 7.868618408361996996e-01 7.822590034688037264e-01 7.809875681549856008e-01 7.886052658213379418e-01 7.825552840605450866e-01 7.646612833830691569e-01 7.721186584490969951e-01 7.801654291317560164e-01 7.753551996243341904e-01 7.814694608013509347e-01 7.822857393433189088e-01 7.748684808198774698e-01 7.732718049053154408e-01 7.671538136900225568e-01 7.727838395238358915e-01 7.723163758618096786e-01 7.780727061717117587e-01 7.493842100791752170e-01 7.661278201775811869e-01 7.680939718230452851e-01 7.615340924083369156e-01 7.606529629867596620e-01 7.782254070345822061e-01 7.580869569142357767e-01 7.648401204498754824e-01 7.684003336294876751e-01 7.712779797447592012e-01 7.804052417421718513e-01 7.839930802574613944e-01 7.866401696866006654e-01 7.739515118255620996e-01 7.756091421419520904e-01 7.786836274653704537e-01 7.756588288518245777e-01 7.802267748875828524e-01 7.806705718398327942e-01 7.773640388534777124e-01
2.272612448349988976e-02 1.175331686059384317e-01 3.055721999958286306e-01 4.184434008840304253e-01 3.331498432647975183e-01 4.157585520481362762e-01 6.376873937087269573e-01 5.921084443118450613e-01 7.283186091004550944e-01 6.486894531336537817e-01 1.000000000000000000e+00 7.700006563884498334e-01 6.383221639473695141e-01 7.056329401601455498e-01 7.784187853900577103e-01 7.681535678039475012e-01 7.290481522137058912e-01 6.396068919697124322e-01 6.399028472424711511e-01 5.746358605101669070e-01 6.660086337832519243e-01 7.075652788444486418e-01 6.883505965059693033e-01 6.319801833997407137e-01 6.259167621853081176e-01 8.032560672307542671e-01 7.935692559021494397e-01 7.850099133328106715e-01 7.540277691553032291e-01 8.098822151361225741e-01 8.408602585585583933e-01 7.868160632429689327e-01 7.591412061704790881e-01 7.515091530710593659e-01 7.763046098790851168e-01 7.787163071552128946e-01 8.087434357432111698e-01 8.004281497450161931e-01 8.228597347850908905e-01 8.007041188602043169e-01 8.250850072861238838e-01 8.135409456390677585e-01 8.121713975216472425e-01 8.275550596455768515e-01 8.198653009853194007e-01 8.211055759494033657e-01 8.269490551846133686e-01 8.282139102143990517e-01 8.241518339362989831e-01 8.136877147107988151e-01 8.165743127438398474e-01 7.932367689630793750e-01 8.082952576918311927e-01 8.246494895939969760e-01 8.183156566328196879e-01 8.243936019847356578e-01 8.006863850300132146e-01 8.279224155438359434e-01 8.220107314185891578e-01 8.266546485814553202e-01 8.248489197957971086e-01 8.199044343020656100e-01 8.140702625053239938e-01 8.194942729774911117e-01 8.114730181485766414e-01 8.146918868354020571e-01 8.282809303013561886e-01 8.263784831160327915e-01 8.281139066111882219e-01 8.238157411058647517e-01 8.206445182407454686e-01 8.295343689649515850e-01 8.050211349098487235e-01 8.101534774548625473e-01 8.375970632887517198e-01 8.379724171937762423e-01 8.375050911913008989e-01 8.340570414040593406e-01 8.362414363815005025e-01 8.364254917776942078e-01 8.338542411616639560e-01 8.342842494691796729e-01 8.285097287873691707e-01 8.325219034891137015e-01 8.227003160183615771e-01 8.221964501414634752e-01 8.341083643701707739e-01 8.332514464152656064e-01 8.345694945436140655e-01 8.348764669450456921e-01 8.360676166523675068e-01 8.343979571496887848e-01 8.319398867349888649e-01 8.337289217918759654e-01 8.278462851018075774e-01 8.285731541417843404e-01 8.251624921356492948e-01 8.208963444102669316e-01 8.296408050950174751e-01 8.285958309156905566e-01 8.290328564917437415e-01 8.327410311258326425e-01 8.293341537454724799e-01 8.313628380226052439e-01 8.330982287320940483e-01 8.254300403182499579e-01 8.290476813313792936e-01 8.313388031520696497e-01 8.344231807814732615e-01 8.277611814580306815e-01 8.305998935827488827e-01 8.277950831625824346e-01 8.288907598211586736e-01 8.278764351932906829e-01 8.274344182428556849e-01 8.252289502447268665e-01
-2.479944798130448089e-02 9.470969272285034712e-02 3.229959578005752174e-01 5.413810434905800273e-01 4.000361024674988775e-01 4.634295696265690045e-01 7.034706211066741322e-01 6.762680335379204211e-01 7.273554830676390859e-01 6.717395055474442156e-01 7.700006563884498334e-01 1.000000000000000000e+00 7.132164515490553303e-01 7.621939024133058682e-01 8.533788278013680895e-01 8.353007351394164948e-01 7.070395516728179564e-01 5.740709390047892269e-01 5.736687462605699617e-01 6.999601586854363733e-01 6.684781096022143210e-01 6.954656291239853516e-01 6.372183625291543141e-01 5.629797784647302406e-01 5.561386229420832716e-01 8.044507855931886109e-01 8.126413973885318054e-01 7.690875640786399847e-01 7.163803435340813097e-01 8.021938892765465567e-01 8.615153775696481331e-01 7.988503979241383668e-01 7.329270180051655759e-01 7.584007418037655990e-01 7.650293039213167390e-01 8.080355565377936866e-01 8.248274785558065147e-01 8.257549148338765299e-01 8.525964553272628033e-01 8.315894395696086239e-01 8.600305043106619696e-01 8.656576531711360767e-01 8.805142554706054669e-01 8.823214991918759686e-01 8.652334448628934416e-01 8.631016799730130140e-01 8.725950969950944103e-01 8.640084213013631276e-01 8.586461595852241668e-01 8.616080865272427447e-01 8.710073624537474357e-01 8.573018274159822649e-01 8.740258349121982073e-01 8.487785884792913293e-01 8.326829832356951178e-01 8.263362793920188132e-01 8.327953678026410733e-01 8.782420560965136236e-01 8.672690302109262728e-01 8.767454118242311578e-01 8.829243794853008920e-01 8.630473677727613646e-01 8.526029764079355866e-01 8.632198265333953513e-01 8.380486185399839139e-01 8.561957751755114865e-01 8.577854962521153093e-01 8.306364712585730947e-01 8.404529241897980008e-01 8.861112775498827254e-01 8.434793816684553747e-01 8.461089984152267984e-01 8.011580809231756417e-01 8.076747886448143454e-01 8.719284873904975530e-01 8.688889991850911043e-01 8.585876792160145321e-01 8.444026914386230098e-01 8.676001896552165693e-01 8.547827776444336667e-01 8.568077415966871557e-01 8.786353804595758987e-01 8.426408561029734567e-01 8.434266840497144369e-01 8.579937637281713769e-01 8.470272683537284353e-01 8.728300344341325401e-01 8.689425047016882120e-01 8.707658039928732885e-01 8.531947746723451687e-01 8.671662415298153626e-01 8.801338198948521763e-01 8.811398687602499669e-01 8.808765806728117154e-01 8.779186880411206095e-01 8.747180101434716137e-01 8.792740416124394942e-01 8.727917786617703788e-01 8.822757187466160333e-01 8.808148683638185039e-01 8.856063569537595548e-01 8.787627995481525067e-01 8.902809476347174344e-01 8.884048996579991808e-01 8.853064995395809600e-01 8.702818013813752307e-01 8.734792269744646731e-01 8.658012698215235003e-01 8.638325897272064458e-01 8.817611725356420127e-01 8.783893564793400222e-01 8.799146868211333850e-01 8.769377838730164632e-01 8.723578883647453708e-01 8.600432968568051395e-01 8.759766120631612418e-01
-1.293030131609226039e-03 1.035885196042277689e-01 2.298424526096044251e-01 4.017845040464338435e-01 3.666701032770028346e-01 4.097596044569699614e-01 6.045499851208218089e-01 5.691741725856543921e-01 6.495046328268704316e-01 6.244504554399910035e-01 6.383221639473695141e-01 7.132164515490553303e-01 1.000000000000000000e+00 6.657708199729732712e-01 7.606644246677087828e-01 7.543538042051407544e-01 6.503400248295096997e-01 4.850532993105761692e-01 4.947997581878330609e-01 5.797030788319500472e-01 5.278459180061699785e-01 5.842336775925330850e-01 5.539605995224237134e-01 4.957886413360537703e-01 4.755770410140669480e-01 7.084096838387181627e-01 7.017372829877230878e-01 6.705665313811817185e-01 6.231502337798252578e-01 6.899311929027640566e-01 7.532374948003114357e-01 7.065260137562158205e-01 6.372667177324916610e-01 6.644279602049425471e-01 6.652798606031410378e-01 7.019938797891031035e-01 7.200130208584406555e-01 7.352237143752465842e-01 7.505592900856394856e-01 7.301013152636668391e-01 7.702111202924373234e-01 7.665651401996772529e-01 7.724595374574726447e-01 7.816901084755307760e-01 7.642133340305679035e-01 7.609525576735923780e-01 7.871477843870267055e-01 7.826096082888548411e-01 7.672059985576913377e-01 7.458368705656313047e-01 7.780830757401183684e-01 7.237878147741578783e-01 7.661896559899783465e-01 7.629151087157591826e-01 7.366839609997035687e-01 7.417753397980864083e-01 7.356333253658642324e-01 7.847653579826930903e-01 7.762958889074721425e-01 7.826568410142542565e-01 7.876759208728987272e-01 7.719509395976014154e-01 7.580115589781264429e-01 7.791167969025548645e-01 7.482066446624108247e-01 7.536890905190331003e-01 7.775016672909764726e-01 7.443474340576557990e-01 7.546102971432372408e-01 7.737014814605538415e-01 7.362991265505713923e-01 7.514103598486230329e-01 7.226875934141847591e-01 7.213405465826815410e-01 7.780657229271995545e-01 7.670622905165531691e-01 7.612072473093198788e-01 7.459751869767033972e-01 7.673940252327781097e-01 7.627239509934182760e-01 7.653944306886651949e-01 7.862905048130293117e-01 7.553161744400722633e-01 7.512336713682348233e-01 7.574819558411652887e-01 7.608422429047567714e-01 7.809452867856405689e-01 7.754657665307757020e-01 7.777208928928964760e-01 7.638057211762461218e-01 7.690234841327674431e-01 7.863468532214276108e-01 7.886586119310550202e-01 7.880494945140325003e-01 7.902872835214014291e-01 7.883712395315006782e-01 7.747969389416144992e-01 7.721073210794520136e-01 7.874632944339094998e-01 7.874332735357196800e-01 7.912136791600018482e-01 7.837788716477783746e-01 7.911268858151641048e-01 7.931663897810456998e-01 7.858675824198554372e-01 7.690752358462924487e-01 7.862921277129197861e-01 7.821667261873372912e-01 7.744577345375230903e-01 7.912498598767313540e-01 7.873142368712913175e-01 7.948705923030077169e-01 7.864139638214601158e-01 7.880663667166770692e-01 7.757953375589943246e-01 7.822730221088860514e-01
