1.000000000000000000e+00 2.164984628422383373e-01 2.064667900815193857e-01 7.698355274894080891e-02 2.532223115794858190e-02 9.354555145225175450e-02 4.107949758006856911e-02 3.120842236454250684e-02 2.215950430466118448e-01 8.347349826799889405e-02 7.863275617275519713e-02 1.781670216714081184e-02 4.661504200586228525e-02 2.131912311388049763e-02 1.787139432038569245e-02 6.785367320968641036e-02 2.442361349163325590e-01 3.769525360839500183e-01 2.986363384764567086e-01 3.838067945814104265e-01 2.972327584392706057e-01 2.522591528753396761e-01 3.583904298622763163e-01 3.453994869328016470e-01 2.527813277172630269e-01 2.456473889587130754e-01 2.625111970892853863e-01 2.355483811971910701e-01 2.590786398081105779e-01 2.498763852299896171e-01 2.249307930710267855e-01 2.280164733907171504e-01 2.275622943561402267e-01 2.363317394718449371e-01 2.517301176131307994e-01 2.156773342090816947e-01 2.212596358855043743e-01 1.081664900717391603e-01 1.202498820980729966e-01 8.260714396544469040e-02 8.131611406786390384e-02 8.596412481760819235e-02 5.496783316082754639e-02 7.651089432320218320e-02 1.035818396412186287e-01 1.065950006288129276e-01 2.136552624972581568e-02 5.903775255370611458e-02 5.344640424997539746e-02 1.197643297092542275e-01 8.005938848239887995e-02 1.230663785007510280e-01 4.294587590398358384e-02 9.451568011193094143e-02 1.040453509669948678e-01 1.600938938150978375e-01 1.139197243224172040e-01 4.596543612717228500e-02 3.574767488199082771e-02 6.361737410479310906e-02 2.791336907663972966e-02 3.591373156139159029e-02 4.045563828035450560e-02 6.260540209329062966e-02 1.335231060827352656e-01 1.139866162092631752e-01 7.062755287008565253e-02 1.132594022494143593e-01 1.239870997077192477e-01 1.744372255675582239e-01 8.366266237998692956e-02 1.122994972578422318e-01 1.610855209265013577e-01 1.296993722698438212e-01 8.431515503937822564e-02 8.814523379315995777e-02 8.066931003542512912e-02 1.193454555703855613e-01 9.571987276894222685e-02 1.034615059840960499e-01 1.070682517838043718e-01 8.350430677990712536e-02 1.326729026016469914e-01 1.132309622100710067e-01 9.495764442583222442e-02 1.125987490260704771e-01 1.046899517974610866e-01 5.069870590019307649e-02 5.318181400334790615e-02 1.159616659055712484e-01 5.216614217139616677e-02 3.914411293987389573e-02 6.494106301564260553e-02 4.146390096313933016e-02 1.626782957542013269e-02 3.374962041097420706e-02 3.732455444329390443e-02 9.776892082428473296e-02 2.680626871463279159e-02 4.881539109588148295e-02 3.275909096068307241e-02 3.429543554289921081e-02 1.982243363132784805e-02 2.707716080892533933e-02 7.518893067641628514e-02 7.122763277549976069e-02 4.619083324478041874e-02 5.460902158317502975e-02 5.667198138197178381e-02 3.137114289722165578e-02 3.465040461746852346e-02 2.929533601898269557e-02 1.925307465532900830e-02 3.999112742710211887e-02 7.537824115835452254e-02 5.844743297367142876e-02
2.164984628422383373e-01 1.000000000000000000e+00 1.180361459538503272e-01 3.517973098404383187e-02 1.110593660160696799e-01 9.945986604421319655e-02 1.578608036287852401e-01 1.391901309794096320e-01 2.332831375248184125e-01 2.090169246011883697e-01 1.363551113513990221e-01 1.103569274956857638e-01 1.354281817378570063e-01 1.053712510385718393e-01 1.466344614607391073e-01 1.806246042468347690e-01 1.881287611934093496e-01 1.966567635016921445e-01 1.708339904655197250e-01 1.812382543264240975e-01 1.260683808303850462e-01 1.530036506967989707e-01 2.210565197970365825e-01 1.665655757710679530e-01 1.666311643399303044e-01 2.098409644172483102e-01 1.874803972174528544e-01 2.177756494499469286e-01 2.086140229196693785e-01 2.024962027360018013e-01 1.972399731704740922e-01 1.951826533610818426e-01 1.870698109320319547e-01 1.763663559042099871e-01 1.878949913835103736e-01 1.840412736663284976e-01 1.794889062888094799e-01 1.905412263775334292e-01 1.703352249792530471e-01 1.673788800220904482e-01 1.727117862366762124e-01 1.681824963502761006e-01 1.539504913565966082e-01 1.570741753901596371e-01 1.631053418539381572e-01 1.817451121823320803e-01 1.381750715649328332e-01 1.626658002307301287e-01 1.450334828513454022e-01 1.662456548324483252e-01 1.656091320337993444e-01 1.498957311703046080e-01 1.290110169345859426e-01 1.744731884745558681e-01 1.773819858454028231e-01 1.862772532008830917e-01 1.668495426629985900e-01 1.634217549681827863e-01 1.585228292285712770e-01 1.624836943911323606e-01 1.385008610489804615e-01 1.561553668684066698e-01 1.541925013234444197e-01 1.517171157010540339e-01 1.693589281396652435e-01 1.638661701350659639e-01 1.654851568396930872e-01 1.660576781965050763e-01 1.781817160042380443e-01 1.731282416460816487e-01 1.367037181563932335e-01 1.580835126332498231e-01 1.775322361242181179e-01 1.581921191304039020e-01 1.683686135587404431e-01 1.636732439929173000e-01 1.739647746259294359e-01 1.766229634077538801e-01 1.718774856694029463e-01 1.661589863363968078e-01 1.648576771608053770e-01 1.636295068291833965e-01 1.804032594391035971e-01 1.749073833042860404e-01 1.619484910947915635e-01 1.610783718641233542e-01 1.607003307617569376e-01 1.641960756243417974e-01 1.543048703638632835e-01 1.760199140829543096e-01 1.564039847026726104e-01 1.549267417730463836e-01 1.572212477796376129e-01 1.530808971902600513e-01 1.439636434937695830e-01 1.536763939374090338e-01 1.401787525395755962e-01 1.584149324804001169e-01 1.421905164140687683e-01 1.500317270072595577e-01 1.484250536525600073e-01 1.510421140061601608e-01 1.364712265924784840e-01 1.483010947793504120e-01 1.518570289568602349e-01 1.601099911501258077e-01 1.485731246278819973e-01 1.589839659599337207e-01 1.613097681611957157e-01 1.523491249715849816e-01 1.523049831273681209e-01 1.470819465720072661e-01 1.459482384338649796e-01 1.472069623360225121e-01 1.578471278949823420e-01 1.471395687478135594e-01
2.064667900815193857e-01 1.180361459538503272e-01 1.000000000000000000e+00 3.930897973328812967e-01 2.303825237444813989e-01 2.817027321547606045e-01 3.134280670928040191e-01 2.792908644242296234e-01 3.672466765942087319e-01 2.869748750661407777e-01 3.905935662341610271e-01 3.913261616047136737e-01 3.528359938490566727e-01 3.228577655919365741e-01 3.483393515347689151e-01 3.601674725503762886e-01 4.083410695284246383e-01 4.293529242163641180e-01 4.474886732202901785e-01 4.137949121779230244e-01 4.319944983263415694e-01 4.590294162621133545e-01 4.478230953553155591e-01 4.496387617085226829e-01 4.347003979116932371e-01 4.547957716562650576e-01 4.672191253336401839e-01 4.367097526982640088e-01 4.399077406030479365e-01 4.544847966086392188e-01 4.639319981439649077e-01 4.370428812375873329e-01 4.567209625989825383e-01 4.497604404662320920e-01 4.363396700533683781e-01 4.540161503305034096e-01 4.582869571336921632e-01 4.047030095903346170e-01 4.120364470462246631e-01 4.132635003349856007e-01 3.899596246224639740e-01 3.988054187653288785e-01 4.063628696566172205e-01 3.995555040723824947e-01 4.207640117900523502e-01 4.085139232793231212e-01 3.625881972671507469e-01 3.772327778276181598e-01 3.780840747927212142e-01 4.157646461526815496e-01 3.990944349063134666e-01 4.173585186013294424e-01 3.716476175818316241e-01 3.791332172454284222e-01 3.704835619628819576e-01 4.204100185214796892e-01 3.939230105753390720e-01 3.710600270354512120e-01 3.703162706464016574e-01 3.815463098695209276e-01 3.762930389742265014e-01 3.639403945231738935e-01 3.708502443862909392e-01 3.730179389111591415e-01 4.104142062324777074e-01 3.925814706667728471e-01 3.814766800898211629e-01 4.090862360268169851e-01 4.129522103158972945e-01 4.389829105614869165e-01 4.234343217532378634e-01 4.260471403516696287e-01 4.280729262410847835e-01 4.329314970018089959e-01 4.055233766014669783e-01 4.035183395133462581e-01 3.949261482818520741e-01 4.109285961039287893e-01 4.087622771500596941e-01 4.062508191291089865e-01 4.088131645219547639e-01 4.118138348208541522e-01 4.153314221291930508e-01 4.055942732654724270e-01 4.071917713728023802e-01 4.101297596639359444e-01 4.231960603919640573e-01 3.776331772062789249e-01 3.850224750726183864e-01 4.042502125016618764e-01 3.893540523425384481e-01 3.788882071108971017e-01 4.020382120478427357e-01 3.849216801527793885e-01 3.633095714049013880e-01 3.705374115724552886e-01 3.870788819364664457e-01 3.935138999847869190e-01 3.743601514230662786e-01 3.860405236642935889e-01 3.814053572870176323e-01 3.699413544996906222e-01 3.719639855681445839e-01 3.708718919461444496e-01 4.007102767188228110e-01 3.807758400869692417e-01 3.754063055287740758e-01 3.721714361488461797e-01 3.717491866454594174e-01 3.681132573687134757e-01 3.653206747129298937e-01 3.654770769902456751e-01 3.602942507549445894e-01 3.730750318041463620e-01 3.911109889058793088e-01 3.792482217127446376e-01
7.698355274894080891e-02 3.517973098404383187e-02 3.930897973328812967e-01 1.000000000000000000e+00 3.549896757354132348e-01 3.868436856565306003e-01 4.770345792543786989e-01 4.755192206492502849e-01 4.181238800536169475e-01 3.955268862080880132e-01 5.588025815565993426e-01 6.412845008292539228e-01 4.919198079936966672e-01 4.688498533102932742e-01 5.299995014191244413e-01 5.279092647810098571e-01 4.779836688377251952e-01 4.196872136427748923e-01 4.899418122209356907e-01 3.960370528228328024e-01 5.004578284794901633e-01 5.524715858987133688e-01 4.326320416293902849e-01 4.467236837960588680e-01 4.613457295440724915e-01 5.565548619150310072e-01 5.514666972842598991e-01 5.164214376816780305e-01 4.724989106920030046e-01 5.139035851040111291e-01 5.543685068953047024e-01 5.383237567785654765e-01 5.443475482821310552e-01 5.442284938787534943e-01 5.157982214120043762e-01 5.648261146047294234e-01 5.487284223067615541e-01 5.523914461077429339e-01 5.677393453909173049e-01 5.817788809411204021e-01 5.465661991103638595e-01 5.633330106431166939e-01 5.957031422942438148e-01 5.800939797202172565e-01 5.735145157887757694e-01 5.643663571813598567e-01 5.348184095075719791e-01 5.260585529434798069e-01 5.566919974114820091e-01 5.855672860025930015e-01 5.719311090512512186e-01 5.742898131407282447e-01 5.599697815200622708e-01 5.104924108638926317e-01 4.979938450894276780e-01 5.463466834404882011e-01 5.504130459759514205e-01 5.276607738490184385e-01 5.348574261402481156e-01 5.340921739384416611e-01 5.615860987189817966e-01 5.269719775803177741e-01 5.413312174574931301e-01 5.367290694258636252e-01 5.365744915890251487e-01 5.351895027425191964e-01 5.257422269444399499e-01 5.372378637090419184e-01 5.295142686339435745e-01 5.460029161141253251e-01 5.849432566355268204e-01 5.504674929341802914e-01 5.344604201917753095e-01 5.474180780662162293e-01 5.589760983584023402e-01 5.458231623867826343e-01 5.387451895442497696e-01 5.216633720224854720e-01 5.546821339287882902e-01 5.289671367516809442e-01 5.315378795197607253e-01 5.549762536360322018e-01 5.361002374805126092e-01 5.334160782417697311e-01 5.602813486698607903e-01 5.499715543480477864e-01 5.584545614758341658e-01 5.372687673687124299e-01 5.454699638073177148e-01 5.319552816404972129e-01 5.559794353236355846e-01 5.453088806032526659e-01 5.599420705828669353e-01 5.518574853793870583e-01 5.317532992453863905e-01 5.326519855266509396e-01 5.834481859796195602e-01 5.552534528679561321e-01 5.545148151128344027e-01 5.586356097660294395e-01 5.610868793668722931e-01 5.388123567709628414e-01 5.532357102078101496e-01 5.518851706564786852e-01 5.629520342059085580e-01 5.425292274490223221e-01 5.467592326200283459e-01 5.190077446344802947e-01 5.220613081348267626e-01 5.342708094757734338e-01 5.316002273279554213e-01 5.303830306344268219e-01 5.343517954769113620e-01 5.399230085919128896e-01 5.339789080701246027e-01 5.344458858974988624e-01
2.532223115794858190e-02 1.110593660160696799e-01 2.303825237444813989e-01 3.549896757354132348e-01 1.000000000000000000e+00 3.247611644202950676e-01 4.342162040574596427e-01 4.367434310523317653e-01 4.106535618952500966e-01 3.993192490292730157e-01 4.738903901493357051e-01 4.974569853318536738e-01 4.665967519631148974e-01 4.374841999338381360e-01 4.856102076913917931e-01 4.931391226578398790e-01 4.026818908273894770e-01 2.979001791268893196e-01 3.631212392452713433e-01 2.616506079374131266e-01 3.065332814530664085e-01 3.876996694855195380e-01 3.121036181435386525e-01 3.212094406140755254e-01 3.548432872727573240e-01 4.419751502337241345e-01 4.214960483334783126e-01 4.350392772720623746e-01 4.010356546115940723e-01 4.003499757302926843e-01 4.397251643188295200e-01 4.447234797528145656e-01 4.263895011742515617e-01 4.464374462151270428e-01 4.068355794530200131e-01 4.578629586189127409e-01 4.396139245819192798e-01 4.920491655335484382e-01 4.851696651500161384e-01 4.889483680070761951e-01 4.899017396367653654e-01 4.961558460017630456e-01 5.089897904034343945e-01 5.029145848193415924e-01 4.882797818564055814e-01 4.914654528448823001e-01 4.977222843745844338e-01 4.855504698381267747e-01 4.955306809710114391e-01 4.882462094770472771e-01 4.941475611643845745e-01 4.911624628543571069e-01 4.976655314740721647e-01 4.743648563643401150e-01 4.653117141368524057e-01 4.618449896934061494e-01 4.823512752431451944e-01 4.901145498110386356e-01 4.897092095394726119e-01 4.927361335430773259e-01 5.011005429455390736e-01 4.954131312639574181e-01 4.953488893195295284e-01 4.947004386479070814e-01 4.716404504643486040e-01 4.787339801472130785e-01 4.846076208568314003e-01 4.783016908996066130e-01 4.679521158513569312e-01 4.573686836899868990e-01 4.883615980750818375e-01 4.779366384404521995e-01 4.587504534538954792e-01 4.647652530460859022e-01 4.935102868834063683e-01 4.836722547252252924e-01 4.888846673889222227e-01 4.682066586929166663e-01 4.873339807086592979e-01 4.711137257068070405e-01 4.705462737061160139e-01 4.857126706792554427e-01 4.701827029545722625e-01 4.676468556925255093e-01 4.912939188435199722e-01 4.837351644104962989e-01 4.848688079747816571e-01 4.929918318037487257e-01 4.949999126546670292e-01 4.735353696943446211e-01 4.943538214597273939e-01 4.960500009373646768e-01 4.963801195615384909e-01 4.948659208363130890e-01 4.933885261697187330e-01 4.929602772131699284e-01 5.093378616990887897e-01 4.922083186207840133e-01 5.052144791685191372e-01 4.997923795186202112e-01 5.021721955917970437e-01 4.969691728980053513e-01 4.970219672948546497e-01 5.013439260170496903e-01 4.978225188706683624e-01 4.905229954353385602e-01 4.970118310691536978e-01 4.843799600529171689e-01 4.860870048204400384e-01 4.966917592705948348e-01 4.931894513874582331e-01 4.947616928080972865e-01 4.977489501738579514e-01 4.977321589938106250e-01 4.849783091211960495e-01 4.873055833867111497e-01
9.354555145225175450e-02 9.945986604421319655e-02 2.817027321547606045e-01 3.868436856565306003e-01 3.247611644202950676e-01 1.000000000000000000e+00 4.998149958345597388e-01 4.490032541957597600e-01 5.285744801861206321e-01 4.910648264605239621e-01 5.538757220337032772e-01 5.799068519551531242e-01 5.288696563675912010e-01 5.338662051734910374e-01 5.746603390469876560e-01 5.658648751178174674e-01 5.244705733933958669e-01 4.376062477479500945e-01 4.844812908081650438e-01 4.119950443679277208e-01 4.311855995023727850e-01 5.124062070370321020e-01 4.505702739022472980e-01 4.714743098489470596e-01 4.782153115591651904e-01 5.486847394664848832e-01 5.494913426028326109e-01 5.598039011888401584e-01 5.332192682193400701e-01 5.512529084318522621e-01 5.839249450979843159e-01 5.877861432457646140e-01 5.554283432418407607e-01 5.816844170563031380e-01 5.538602195880037993e-01 5.795793762766886514e-01 5.749324869926958348e-01 5.962741337984025503e-01 6.067539793037516338e-01 5.810319499353142625e-01 6.011808469071958649e-01 5.923806138567379032e-01 5.937514637275964624e-01 6.069843383218695987e-01 6.052943197918941864e-01 6.013543177832707531e-01 5.992129064865959753e-01 6.031580757203950371e-01 6.040227040940876480e-01 6.007335527879058557e-01 5.988130589814799620e-01 5.956782966632678811e-01 5.914444345779594769e-01 5.875536219336668919e-01 5.771737903750376875e-01 5.834991298031469986e-01 5.891857144925133349e-01 5.940202447159202981e-01 5.936066436403868440e-01 5.963032177964469049e-01 6.046158511264136948e-01 5.965601733790169003e-01 5.920348364279736098e-01 5.964750006551511330e-01 5.969526636082442828e-01 5.954646207936851177e-01 5.984529720059846847e-01 6.055014194407190020e-01 6.030714854107883660e-01 5.964948871966435640e-01 6.091983030003399469e-01 6.015396544619325825e-01 6.021436384222684790e-01 5.976880034279798970e-01 6.057696069984370713e-01 6.038627986097069300e-01 5.999082515136076044e-01 5.939362548952216159e-01 6.042856763133810372e-01 5.988489713064087949e-01 5.993230630325711017e-01 6.061929381945267981e-01 5.995678128993187084e-01 5.993980328312620287e-01 6.118251874332959472e-01 6.141052621578798609e-01 6.068749077701902639e-01 6.049329520853269360e-01 6.048361768846109987e-01 6.004807271942482760e-01 6.019865474030436925e-01 6.005812998635796651e-01 6.075600362912088048e-01 6.090939512488972030e-01 6.008790975624024311e-01 6.028582491547146427e-01 6.045095367217542259e-01 6.070022035306386066e-01 6.062512933956764050e-01 6.085547463646139299e-01 6.048927283701864832e-01 6.023690830278722874e-01 6.002378813680178116e-01 6.018720916288362588e-01 6.112657046553190421e-01 6.008256091298600499e-01 6.056000911901255890e-01 5.986846218156021138e-01 5.980607570835457798e-01 6.000652653079787680e-01 5.992959560716368816e-01 5.990170281443668587e-01 5.994038673885746515e-01 5.999697816154250241e-01 6.003589741116541756e-01 6.010872776242196514e-01
4.107949758006856911e-02 1.578608036287852401e-01 3.134280670928040191e-01 4.770345792543786989e-01 4.342162040574596427e-01 4.998149958345597388e-01 1.000000000000000000e+00 6.896274074354054040e-01 6.620240459979527259e-01 6.334500918516828838e-01 6.966280566319922318e-01 7.369655482235248911e-01 7.047862884994138266e-01 6.762659184092418840e-01 8.183148390075931644e-01 7.773166000263173059e-01 6.408156893225290807e-01 4.763967649505964630e-01 5.392831427311917114e-01 4.119163694331090531e-01 4.602740473458760695e-01 5.644199252858064231e-01 4.932862810063427528e-01 5.111686910670870665e-01 5.313090490943174204e-01 6.793992684027344575e-01 6.401694597142812970e-01 6.892019311952329863e-01 6.306973107684383795e-01 6.486204059877928030e-01 7.047196297390549979e-01 7.179689815805256892e-01 6.873356741557502536e-01 7.021141507969385076e-01 6.629190090764662813e-01 7.064764346103677983e-01 6.948180179770293563e-01 7.731794612430170632e-01 7.711229333685130083e-01 7.553230545690758913e-01 7.679783506813055993e-01 7.678431111473296156e-01 7.737188490757473947e-01 7.796291426683682468e-01 7.650542867028339300e-01 7.664123756695283562e-01 7.724145819259848889e-01 7.694838104629839748e-01 7.683750020050668095e-01 7.561145551580693569e-01 7.701043546599174450e-01 7.490301236489632641e-01 7.608484603588123729e-01 7.472212899286005960e-01 7.305613538868370727e-01 7.311615539513158790e-01 7.393639241169136511e-01 7.742032223751649234e-01 7.675513075802299356e-01 7.689135783151388459e-01 7.703712380035263596e-01 7.726906933352081230e-01 7.655018994065385662e-01 7.696810744482553979e-01 7.399640221395514805e-01 7.466138297113162903e-01 7.650948426028257865e-01 7.528129804349921184e-01 7.520252190634916234e-01 7.221652026769582733e-01 7.425100045559100970e-01 7.392907915931481444e-01 7.396577197174551976e-01 7.191164190009650126e-01 7.681079125290128928e-01 7.616736680019235983e-01 7.711848597170423147e-01 7.462798833184660641e-01 7.665496930228063999e-01 7.536842145237558910e-01 7.546066517170716414e-01 7.677253509780940233e-01 7.465368121392600420e-01 7.557926799778603710e-01 7.749219087995644628e-01 7.652763732076240943e-01 7.635003023292431523e-01 7.862508080404893018e-01 7.797237344107549317e-01 7.491588022831887628e-01 7.843493645569097339e-01 7.816671673791526498e-01 7.752792423820267231e-01 7.816723883931175898e-01 7.771712620575540464e-01 7.763712170080900865e-01 7.806758742377071236e-01 7.652726523355855015e-01 7.812322632395723998e-01 7.825962381601303530e-01 7.821566075746421154e-01 7.763620075292680944e-01 7.745177748037170851e-01 7.826277284548929236e-01 7.736762458014417865e-01 7.623458507168621168e-01 7.753826071613542092e-01 7.692524219319374357e-01 7.661712673521712258e-01 7.810607375144470454e-01 7.767042992322150674e-01 7.748661534741170254e-01 7.781264454622046634e-01 7.763564956581117116e-01 7.601169731391201889e-01 7.659271542111920628e-01
3.120842236454250684e-02 1.391901309794096320e-01 2.792908644242296234e-01 4.755192206492502849e-01 4.367434310523317653e-01 4.490032541957597600e-01 6.896274074354054040e-01 1.000000000000000000e+00 6.344238544158424808e-01 6.188512865472867164e-01 6.892894736293483371e-01 7.313925072743173716e-01 6.721665877953814094e-01 6.548640285197403488e-01 7.626548483182122862e-01 7.623391529662034705e-01 6.017153292747622340e-01 4.651828989655484858e-01 5.483310449608606030e-01 3.824471785304214833e-01 4.758447453398412241e-01 5.794192616694034959e-01 4.638743911209008974e-01 4.950973363125757976e-01 5.373138003533719509e-01 6.422209906869975615e-01 6.194014655083698306e-01 6.470324958583574260e-01 6.061189618670768109e-01 6.139240440795364906e-01 6.698327071237186736e-01 6.881043585161934484e-01 6.585599028757731510e-01 6.776604994448151009e-01 6.308925886991044729e-01 6.829008709589899917e-01 6.655981873361606072e-01 7.501675440276088791e-01 7.483843479544887156e-01 7.242694748218060363e-01 7.373917333087978143e-01 7.457423691035369728e-01 7.565402651037798076e-01 7.594231361375404221e-01 7.364498164172115224e-01 7.438446929336347546e-01 7.521321921608894456e-01 7.450018892334624443e-01 7.522582484108708556e-01 7.428045497487020254e-01 7.544439078150062539e-01 7.413926107954847966e-01 7.454946172860192899e-01 7.267332271170057201e-01 7.208400333242950264e-01 7.136797412017061859e-01 7.280257743670212056e-01 7.544685637348452767e-01 7.532060097431201307e-01 7.462076223898133076e-01 7.556373386011397963e-01 7.552730608687929781e-01 7.511679315641152099e-01 7.514672358737446434e-01 7.269926094680562167e-01 7.310009449596416298e-01 7.435567325730365607e-01 7.311749281965972402e-01 7.216783319880673009e-01 6.954767687542310339e-01 7.398780143799710274e-01 7.301070232834792062e-01 7.106199757570349496e-01 7.100853534948645684e-01 7.435350784698444571e-01 7.408381125206715545e-01 7.469678511789541453e-01 7.210329516839187880e-01 7.402265811198679435e-01 7.248192424322474903e-01 7.305148427886734019e-01 7.408071516556939962e-01 7.213255743801230135e-01 7.288284609964285066e-01 7.498348468459764549e-01 7.373070454379478944e-01 7.398097711184494774e-01 7.627595397429330903e-01 7.589491582619319887e-01 7.287621039074098084e-01 7.562840255030905956e-01 7.599322785389941437e-01 7.526535087642731714e-01 7.583433494702399580e-01 7.548176825042373084e-01 7.552122585117311271e-01 7.642841656163984476e-01 7.471886037526370705e-01 7.615312804130979218e-01 7.630070877287783437e-01 7.639740941171312416e-01 7.600819600712117596e-01 7.559174160997371716e-01 7.635375339654983939e-01 7.552604227358288291e-01 7.473856494682761253e-01 7.560496660221076581e-01 7.480264452543998743e-01 7.497309305637260834e-01 7.608573454798081004e-01 7.577675947366605547e-01 7.538704616034289652e-01 7.607280298290473031e-01 7.582926001576156816e-01 7.422427913846239012e-01 7.451156937609908493e-01
2.215950430466118448e-01 2.332831375248184125e-01 3.672466765942087319e-01 4.181238800536169475e-01 4.106535618952500966e-01 5.285744801861206321e-01 6.620240459979527259e-01 6.344238544158424808e-01 1.000000000000000000e+00 7.231137195788754912e-01 7.526110319885345179e-01 7.534622356369266027e-01 7.380477404272234310e-01 7.143752029445854523e-01 7.889504019444060212e-01 8.006638615893725275e-01 7.993833299967426642e-01 6.982406900664809291e-01 7.152965934773189982e-01 6.322020304222155662e-01 6.148872328622690953e-01 7.032540544149860073e-01 6.962945614655486892e-01 7.133028365825472283e-01 7.144988147115315380e-01 8.239354307340251982e-01 8.071612523661421124e-01 8.340294909313712424e-01 8.080650599214436181e-01 8.101313529737950159e-01 8.414394718499368375e-01 8.393298442149889071e-01 8.085456835036015644e-01 8.216444892723464566e-01 8.142595023572045676e-01 8.208895442051922231e-01 8.358275294138431954e-01 8.451727873930497958e-01 8.485816075663364932e-01 7.972465514475761683e-01 8.491271388200241077e-01 8.409767409684619777e-01 8.131987290851554473e-01 8.441575721974408086e-01 8.474419499948643297e-01 8.533229352446229932e-01 8.291027388455975977e-01 8.533153669826297749e-01 8.394708333224318864e-01 8.287864052825002492e-01 8.379953465273227708e-01 8.280789891877819997e-01 8.195939867035646476e-01 8.585112414533155878e-01 8.445300920466060068e-01 8.450488327874852157e-01 8.409859452997254792e-01 8.405223650771850297e-01 8.326802550284667648e-01 8.536314252905515820e-01 8.267587376454924586e-01 8.424915679697242421e-01 8.359387321499072154e-01 8.463734314449525842e-01 8.606469747986152941e-01 8.609854586410359278e-01 8.542063542906932483e-01 8.632757133953744555e-01 8.582506890241019537e-01 8.520714607665895723e-01 8.250780527792650476e-01 8.523239396215259722e-01 8.605707873172993017e-01 8.418231660862809385e-01 8.557837010786256693e-01 8.570298472482399399e-01 8.557163515751698979e-01 8.585713378786117289e-01 8.555903485786340301e-01 8.580002530682974138e-01 8.585453991612674862e-01 8.563410851554759118e-01 8.565269370711220409e-01 8.579687479443773857e-01 8.489342997514198741e-01 8.507233604355503020e-01 8.555744315683742052e-01 8.457833946913551060e-01 8.473202055360693485e-01 8.571840033419689808e-01 8.387189852941179247e-01 8.439235698033075161e-01 8.492966201369761547e-01 8.426882435448314057e-01 8.362127673479042844e-01 8.403677093788262109e-01 8.155962656610287187e-01 8.521155193535038253e-01 8.331664514724487214e-01 8.407673726358727562e-01 8.335527996587113186e-01 8.399572360835155793e-01 8.275073271848812917e-01 8.361266443193768882e-01 8.501409422894192769e-01 8.474830140615347007e-01 8.434197458330447983e-01 8.531568120164614299e-01 8.489038807972356659e-01 8.421408349352458300e-01 8.402118396307882708e-01 8.426518408430913043e-01 8.361214251850529466e-01 8.432074099671289513e-01 8.557534759283293990e-01 8.493313791225487464e-01
8.347349826799889405e-02 2.090169246011883697e-01 2.869748750661407777e-01 3.955268862080880132e-01 3.993192490292730157e-01 4.910648264605239621e-01 6.334500918516828838e-01 6.188512865472867164e-01 7.231137195788754912e-01 1.000000000000000000e+00 7.052628156724440878e-01 7.237588106477379490e-01 6.841969751004536304e-01 7.005488707263254344e-01 7.726666253013774188e-01 7.544383050131825419e-01 6.788879345269737131e-01 5.191995389705746922e-01 5.681992692877824158e-01 4.593889473712124971e-01 4.633604609144958419e-01 5.642935605203905913e-01 5.563473547487416404e-01 5.416625382835187352e-01 5.551226022711792663e-01 7.090897558116224797e-01 6.783909267942996868e-01 7.110467817753249875e-01 6.805487179161197053e-01 6.770276076001310317e-01 7.257315163889200837e-01 7.390188113225704125e-01 6.913507384989542315e-01 7.043336192515007310e-01 6.799291557274205200e-01 7.103144914776110541e-01 7.111368601588929916e-01 7.833270952043271951e-01 7.807167674369126509e-01 7.499002102993416186e-01 7.947148388112349471e-01 7.846933929595896196e-01 7.749223811471250833e-01 7.904670299318639071e-01 7.804404390970607341e-01 7.870928458559260932e-01 7.930462240022675413e-01 8.074094292113332960e-01 7.941079348691481021e-01 7.612474762175235332e-01 7.912033841646944898e-01 7.490928457305551236e-01 7.741026273345110731e-01 7.994396095162568106e-01 7.869502743726248806e-01 7.728873038655187377e-01 7.733289568626988686e-01 7.995028189403220464e-01 7.997759821623109389e-01 8.031139422525594984e-01 7.937025666784730538e-01 8.045011564963119310e-01 7.986266612726682368e-01 7.937244998934317453e-01 7.776824341800755436e-01 7.863441600531551057e-01 8.038188474054435151e-01 7.899197935909317847e-01 7.877641124188495825e-01 7.537694030613119045e-01 7.588866208369561273e-01 7.704183494197835991e-01 7.694178987287494387e-01 7.511281311814137496e-01 8.003471203768092179e-01 7.936893172625983928e-01 7.981682763572560679e-01 7.859406471353472812e-01 7.901543334636790261e-01 7.880461976946679936e-01 7.857910304177082583e-01 7.966114985107007884e-01 7.877611856308840421e-01 7.829411261935322885e-01 7.909166715314940310e-01 7.868540098393604909e-01 7.881616765708975292e-01 8.044476795569049932e-01 8.008345270544191541e-01 7.926863179212711996e-01 7.950107447804715122e-01 8.013696097093464532e-01 7.969955011349008078e-01 8.025163128036734150e-01 8.017646057129032000e-01 8.065488897273068725e-01 7.799483501436739186e-01 7.900503604176007943e-01 7.987243341201503144e-01 7.997542234519880999e-01 7.961485307714976090e-01 8.015894659641263909e-01 7.920230779610998306e-01 7.987711860661079744e-01 7.922681262194473106e-01 7.918674341026400443e-01 8.023990878346182187e-01 8.084499633412510766e-01 8.053122381084718562e-01 8.042728227733985102e-01 8.046348252591742911e-01 8.032785845600622920e-01 8.022704529395345840e-01 8.006862116861425127e-01 7.982563450140680583e-01 7.974185045267572214e-01
7.863275617275519713e-02 1.363551113513990221e-01 3.905935662341610271e-01 5.588025815565993426e-01 4.738903901493357051e-01 5.538757220337032772e-01 6.966280566319922318e-01 6.892894736293483371e-01 7.526110319885345179e-01 7.052628156724440878e-01 1.000000000000000000e+00 8.491220149894488367e-01 7.643125960138352770e-01 7.736717677398115001e-01 8.422071780416087172e-01 8.333385899275914666e-01 7.437511759601308503e-01 6.136440235273659116e-01 6.744588727571446674e-01 5.526471860499087008e-01 6.003662953212072217e-01 6.951926378876958079e-01 6.381618163444090497e-01 6.485553659344720501e-01 6.735996647042513663e-01 8.019648470876544755e-01 7.883097722077277991e-01 8.127876510410385613e-01 7.718081394202231937e-01 7.889255012682830914e-01 8.403414788909965294e-01 8.260513077650272207e-01 8.168612059270686787e-01 8.076899661517649154e-01 7.947160203563252701e-01 8.138836783678334852e-01 8.290823615535338753e-01 8.680933370949942551e-01 8.741142178713592337e-01 8.556638980606907641e-01 8.787985950419928693e-01 8.741243111317006376e-01 8.731200104882178570e-01 8.822141999041077653e-01 8.780418775591000147e-01 8.754066467704298971e-01 8.756232353682950054e-01 8.807232665471720345e-01 8.770066905302851268e-01 8.584660434640309923e-01 8.800406331329913012e-01 8.486157125953763813e-01 8.689281340910037787e-01 8.691034433087350131e-01 8.510015301900982765e-01 8.549527494067571398e-01 8.576266285574948300e-01 8.756245557429432891e-01 8.778993458477407641e-01 8.793323293844822475e-01 8.793655543805151131e-01 8.783054142087083349e-01 8.737380535555726579e-01 8.746931828176681689e-01 8.646903369894969327e-01 8.721485422933240583e-01 8.778514419669116720e-01 8.767961595545634701e-01 8.718973760595343236e-01 8.560094533797188987e-01 8.725301426193566856e-01 8.707446608196257598e-01 8.600615064964665102e-01 8.592071337977924550e-01 8.882586731691410886e-01 8.866355500987517235e-01 8.827925146638069265e-01 8.701534631591064661e-01 8.835883410727942699e-01 8.793245824975316483e-01 8.819901837414328982e-01 8.857863316782601526e-01 8.668278947282027636e-01 8.789409935589861389e-01 8.825585272646083723e-01 8.753769636894931372e-01 8.858630829257735373e-01 8.822579562915656703e-01 8.851670820940303885e-01 8.719800017949916882e-01 8.862424210962173143e-01 8.852139509367707992e-01 8.885306778478868628e-01 8.871519287257723096e-01 8.803270155341254011e-01 8.828722806724731420e-01 8.748115591229532750e-01 8.763391929262865920e-01 8.838118734875718419e-01 8.855955434249911384e-01 8.863733696702061904e-01 8.823944879578917710e-01 8.799932097703364597e-01 8.843702006868394694e-01 8.852013145711636888e-01 8.776519700743256047e-01 8.822353208106842315e-01 8.800193449737044871e-01 8.785625881990668518e-01 8.821665208245146328e-01 8.806845371771584441e-01 8.801606127074494967e-01 8.813333350202623429e-01 8.831267155943207658e-01 8.798477377529178023e-01 8.809251323812999912e-01
1.781670216714081184e-02 1.103569274956857638e-01 3.913261616047136737e-01 6.412845008292539228e-01 4.974569853318536738e-01 5.799068519551531242e-01 7.369655482235248911e-01 7.313925072743173716e-01 7.534622356369266027e-01 7.237588106477379490e-01 8.491220149894488367e-01 1.000000000000000000e+00 8.076808849139718305e-01 7.958489129534886963e-01 8.908599028180612667e-01 8.677977447741320738e-01 7.462028304493305564e-01 5.718806988333203778e-01 6.620108039279716250e-01 5.127433255479787455e-01 5.850517000086580266e-01 6.942428174991721601e-01 6.008422405232367591e-01 6.216013791001800959e-01 6.555110857884514086e-01 8.060143969436076583e-01 7.815321176175917817e-01 7.977328129029459536e-01 7.491983465799663122e-01 7.754164028558053756e-01 8.381432361440354084e-01 8.387867171354830287e-01 8.052441800763262547e-01 8.228283737425221567e-01 7.802656843426386546e-01 8.350421415099539280e-01 8.294244688525294062e-01 8.906096507548650898e-01 9.020848211992202881e-01 8.866555329677864306e-01 9.046659724614397602e-01 9.009972038014045781e-01 9.172444994423203379e-01 9.183911394606452117e-01 9.050760234087147360e-01 9.022817577594060001e-01 9.119437680196964546e-01 9.082589636979485626e-01 9.159672757722396863e-01 8.954610313977190428e-01 9.130001830139888863e-01 8.844468256031159381e-01 9.051299211504517661e-01 8.864186348205895793e-01 8.641919894001264257e-01 8.687739523777792128e-01 8.850528215991717573e-01 9.048623914317238670e-01 9.088209461365204245e-01 9.099212816169988116e-01 9.224675724056299320e-01 9.111243294391244696e-01 9.089414949560759016e-01 9.094985190850380929e-01 8.792257610169091908e-01 8.920973506029739042e-01 9.045733288066629685e-01 8.934565047749271072e-01 8.874414706605584513e-01 8.624992618940527933e-01 9.012560151976946043e-01 8.878662730907413980e-01 8.701943360801612792e-01 8.718444843711700143e-01 9.125014739357885096e-01 9.050176684896340529e-01 9.036147789393599306e-01 8.795213141120648004e-01 9.020237596880753550e-01 8.906746805943582812e-01 8.920621196952510656e-01 9.078862134017444685e-01 8.869949954830728123e-01 8.894886642307212599e-01 9.110630031077122659e-01 9.010128224209118519e-01 9.074114294404876935e-01 9.142214255535453526e-01 9.159746502769047227e-01 8.915112135378738811e-01 9.187619813499486865e-01 9.188873109167478015e-01 9.165805014490293612e-01 9.205133655428617834e-01 9.167112937193946376e-01 9.164834543752968798e-01 9.215729624203689019e-01 9.069739880799282394e-01 9.232044347506928039e-01 9.226168687596576490e-01 9.236439318637628126e-01 9.161886404795973604e-01 9.188290384546311529e-01 9.219746693859972586e-01 9.186521168132898429e-01 9.052075150140549420e-01 9.185633806696044124e-01 9.071569143935737101e-01 9.040015790022725151e-01 9.146076549143832279e-01 9.134946083541329864e-01 9.155618737794716244e-01 9.168518425612505185e-01 9.180210016661474182e-01 9.046294531918132042e-01 9.096086132213484499e-01
4.661504200586228525e-02 1.354281817378570063e-01 3.528359938490566727e-01 4.919198079936966672e-01 4.665967519631148974e-01 5.288696563675912010e-01 7.047862884994138266e-01 6.721665877953814094e-01 7.380477404272234310e-01 6.841969751004536304e-01 7.643125960138352770e-01 8.076808849139718305e-01 1.000000000000000000e+00 7.513273936135378417e-01 8.357946368506652401e-01 8.276034286584147415e-01 7.063631950982033336e-01 5.594839210388065087e-01 6.265503573915548463e-01 4.995788926633085159e-01 5.350864373407131502e-01 6.511172588281739504e-01 5.733029216009256634e-01 5.969156020597088386e-01 6.324240155377525152e-01 7.662814754257973870e-01 7.344748547279460471e-01 7.695355676345184692e-01 7.313199549265387844e-01 7.392072362889665627e-01 7.892734626146268306e-01 7.825670267603371810e-01 7.534015923301058404e-01 7.719505006517229928e-01 7.468004715124004766e-01 7.789494202427339475e-01 7.818303531074386470e-01 8.372210034073780394e-01 8.411075959673514069e-01 8.151960975416919775e-01 8.473599374589645405e-01 8.477569073500765828e-01 8.385894921707907068e-01 8.573896552196154097e-01 8.445543594776278029e-01 8.438926451767976289e-01 8.541770865055525741e-01 8.511797158738327873e-01 8.484727304028790718e-01 8.272519397281190567e-01 8.446682885759048132e-01 8.243704747727822468e-01 8.426367351800420069e-01 8.380901322373952578e-01 8.191709174714429942e-01 8.081739359627840846e-01 8.253108660450838574e-01 8.539860420463255553e-01 8.455523373934139553e-01 8.564553257348097581e-01 8.533565841706554078e-01 8.545565839310299561e-01 8.492195609111625743e-01 8.482899575487850008e-01 8.299543066116054080e-01 8.414859516103594395e-01 8.508129106910572448e-01 8.396413500836510391e-01 8.325593156040522747e-01 8.113080392431344379e-01 8.332201947137211073e-01 8.333380333910440640e-01 8.221995825616859044e-01 8.175707791015452974e-01 8.541512748309764147e-01 8.513706648190939585e-01 8.532264088279446490e-01 8.361729783331257604e-01 8.473266721101182508e-01 8.413716753684935545e-01 8.419923321753158829e-01 8.518903998105074038e-01 8.290672777854817266e-01 8.403680363756423910e-01 8.470159404381714108e-01 8.423940614584799480e-01 8.469750126578613481e-01 8.548968777121558338e-01 8.574793996525730266e-01 8.355726561230378824e-01 8.518394823432292595e-01 8.582679826716842486e-01 8.573923874435940284e-01 8.579734079048770834e-01 8.576278304969123800e-01 8.561004293738579962e-01 8.458057350108859618e-01 8.472202662844317000e-01 8.580823598561558851e-01 8.554917344414439961e-01 8.561805162823453719e-01 8.560058075192227278e-01 8.541710951188539180e-01 8.604687585219423784e-01 8.565355212794175666e-01 8.503161966476034950e-01 8.568810580711354596e-01 8.534793962601890938e-01 8.499666278440483058e-01 8.589998505354652369e-01 8.549948342984918792e-01 8.581506245561296709e-01 8.575672684214126207e-01 8.576974222756702515e-01 8.499552462378863193e-01 8.545597452161948215e-01
