1.000000000000000000e+00 1.204971247398720774e-01 7.746535721537813057e-02 8.189652627739210655e-02 7.451995923937958233e-02 5.458658214590480715e-03 2.523074313332427168e-02 2.894067009586170566e-02 1.356386278063333173e-01 5.106915141561131632e-02 3.730480851968421413e-02 1.650705579312057580e-02 4.130330260394928649e-02 -1.584819098591644382e-02 7.533200269587106424e-03 1.919305760546219028e-02 1.186195988963333475e-01 6.294347014072769475e-02 6.125465774620220821e-02 6.751111524526813568e-02 8.341609741661873412e-02 8.866585881425496918e-02 7.919589063290555231e-02 5.629086165464045055e-02 6.889607114807715094e-02 4.614548044973471042e-02 3.404798104732389974e-02 3.431440386684233429e-02 4.869374666299518956e-02 4.347359882961980559e-02 2.755221251604086929e-02 5.143911434359371010e-02 1.831686194752199168e-02 1.170813728106196404e-02 2.103205588613233160e-02 2.544381443146158037e-02 3.632075773168988442e-02 -8.689651062365334744e-03 2.857532087218174390e-03 3.877635858899246366e-04 1.414780164486517319e-02 4.756008801766283510e-03 5.487439624549180807e-03 1.240464165948616804e-02 3.602761487324793871e-02 -4.095898138652575475e-04 4.796578244824991136e-03 1.755015736872215723e-02 4.094855719000493194e-02 2.302565066235975899e-02 5.569869891862766660e-03 4.451389081543289522e-02 5.078750793361387628e-02 3.217648737042842072e-02 5.595570998267626779e-03 1.873663023370581576e-02 7.054877280781896021e-02 3.550254666635159050e-03 -1.418168757663107742e-04 2.621462804350443293e-02 1.393698715442074666e-02 1.864530378395294966e-02 7.753477807456540805e-03 3.350874749681092418e-02 7.698555673493623352e-02 5.432418595678673023e-02 2.998856815699674216e-02 2.216922598951837770e-02 2.612411604913049759e-02 3.989612041464418030e-02 2.919421920598389356e-02 2.461307315051827066e-02 1.683505918230929557e-02 2.636744936116148380e-02 2.127283526710332592e-02 1.488344372856384955e-02 1.241018324578922749e-02 1.244710765459912556e-02 6.589451359232552201e-03 1.711849515039782707e-02 1.625918909262818665e-02 8.483712567124143678e-03 3.947831867555284813e-02 6.242087148959477895e-03 7.994159838524935932e-03 1.288888846906167777e-02 1.696055937975593508e-02 -3.474165114785548666e-03 2.894682102999709874e-03 8.703612805236545305e-03 7.787786796846851191e-03 1.530273917963379101e-03 8.045472447717012462e-03 1.362409690807514463e-03 4.270659382191848916e-03 1.125566296583756232e-02 8.819351009072599890e-03 5.869282656576348123e-02 1.358139952398635525e-02 9.967443159984736706e-03 6.469206730458599772e-03 1.965547547692363464e-02 3.071194673159917052e-02 9.476502693454560630e-03 2.385160488611491603e-02 4.653349821365294903e-02 2.935123232618091701e-02 1.547110359291927438e-02 1.327096411557722976e-02 1.143634799856337557e-02 2.575300290550937028e-03 1.975095240842254449e-02 1.419609357372149210e-02 2.293881856398363381e-02 3.894069990196062647e-02 3.624501228082208787e-02
1.204971247398720774e-01 1.000000000000000000e+00 6.545867653824510857e-02 1.403023235758872056e-01 1.240246334711894854e-01 8.759198899077526301e-02 1.444635947250125507e-01 1.298897633168173138e-01 1.796112254281687359e-01 1.506251871275882392e-01 1.481234209774052180e-01 1.526008125031640683e-01 1.463300977498383226e-01 1.120391490926130468e-01 1.583332108829929308e-01 1.524620093455059944e-01 1.754470884621823490e-01 1.583451279764307440e-01 1.555091144377515888e-01 1.348760615943954411e-01 1.732733848902054119e-01 1.687683801928375471e-01 1.722645047863202161e-01 1.440332429662652403e-01 1.593306973297416440e-01 1.745766381746340079e-01 1.549078817217329207e-01 1.707784415764714570e-01 1.818073338386266280e-01 1.774278849183567042e-01 1.645875953231067113e-01 1.713108604229363896e-01 1.748470900496721936e-01 1.519918889225765346e-01 1.645243076395664639e-01 1.625438032370646879e-01 1.655568771069452771e-01 1.646964848658361014e-01 1.573984624853521919e-01 1.614424610434377072e-01 1.667574410863392476e-01 1.569074277627850456e-01 1.496833667448137506e-01 1.536204466897001519e-01 1.648873053360438989e-01 1.550870701580803757e-01 1.613539256254584442e-01 1.582450565755459670e-01 1.752351510786359368e-01 1.692918016779147439e-01 1.640724329345105426e-01 1.522342076787527032e-01 1.464153861675584756e-01 1.549832928798236253e-01 1.503358121665828440e-01 1.576708028724712329e-01 1.639890951258557439e-01 1.487374764545544015e-01 1.483831090105818540e-01 1.534192181854363568e-01 1.515544187859350078e-01 1.534733102754913814e-01 1.466385676659180404e-01 1.611840402093853153e-01 1.696773642246562352e-01 1.602517452083507266e-01 1.591365378769973860e-01 1.528633132021960384e-01 1.615911152195871614e-01 1.594394887058473431e-01 1.553774882458965334e-01 1.605268249975700667e-01 1.510585391427963775e-01 1.546123854331217795e-01 1.599603197400050747e-01 1.571944770056575291e-01 1.582923433605418484e-01 1.591461502870046563e-01 1.530065121409273921e-01 1.606549034897996886e-01 1.583964243925140292e-01 1.583054390344859619e-01 1.657994771736328588e-01 1.571938316175881256e-01 1.553333009971746559e-01 1.544965361707050788e-01 1.557424299245418753e-01 1.497552055387648684e-01 1.546830450201788221e-01 1.538117455842386294e-01 1.567609426600616029e-01 1.530535329180797155e-01 1.517506108650674701e-01 1.531474786901707852e-01 1.520233042214199637e-01 1.542569588898748401e-01 1.521176779407229229e-01 1.661370874087277905e-01 1.541776239254313841e-01 1.578127550805433210e-01 1.514413006331288003e-01 1.585673791976951463e-01 1.542011151194449259e-01 1.545518594934350287e-01 1.514692035171772699e-01 1.581892353657968209e-01 1.591793094948286413e-01 1.558033939802414558e-01 1.528313108394240005e-01 1.547842222559029923e-01 1.522575306608615064e-01 1.530868088219578815e-01 1.519495124026909172e-01 1.578060659623699569e-01 1.577337542017769323e-01 1.584640410981130454e-01
7.746535721537813057e-02 6.545867653824510857e-02 1.000000000000000000e+00 2.893188580804569865e-01 1.933301424543742153e-01 2.389562640986849507e-01 3.030281361185483968e-01 3.220157325032639850e-01 3.371998988762202609e-01 2.899309172831432968e-01 3.585642946681293908e-01 3.588782588864024570e-01 3.231489634502901498e-01 3.116964723637351553e-01 3.520101583272742807e-01 3.528863217188509815e-01 3.517373420495094050e-01 3.595411674108218159e-01 3.837373887781386772e-01 3.109212403438431083e-01 3.813774094668822556e-01 3.866462089575586902e-01 3.485941601418242608e-01 3.608363396465923967e-01 3.759776489441132297e-01 3.830030491633114598e-01 3.608327073895896131e-01 3.778694533336878214e-01 3.795358774883204056e-01 3.821188165483529464e-01 3.788635911541854417e-01 3.814313771271286568e-01 3.553641006848246020e-01 3.742378618000913315e-01 3.678859627110185326e-01 3.727749116373058058e-01 3.757804836952363670e-01 3.637054436186153983e-01 3.699009386840763081e-01 3.648503174152954442e-01 3.650058743569710717e-01 3.626605666162684982e-01 3.651628194090281165e-01 3.712314170546617276e-01 3.740042474326965016e-01 3.739128465757555753e-01 3.625467225151642880e-01 3.651745203420443397e-01 3.648168927513933402e-01 3.734694329279606984e-01 3.669283602853204429e-01 3.695284326605827174e-01 3.695844878349542895e-01 3.596102460073798968e-01 3.482317771636291304e-01 3.723007178292112029e-01 3.554907644438983771e-01 3.678650141145005104e-01 3.580122301495411441e-01 3.617781998279876454e-01 3.605231780719054813e-01 3.567339818146507691e-01 3.449349574959723053e-01 3.654093593793923400e-01 3.748577219621824219e-01 3.620908647932790103e-01 3.719526635387979119e-01 3.758617410448930052e-01 3.826901852466415566e-01 3.840555515321864566e-01 3.861052715228530663e-01 3.802223279815593049e-01 3.722532980992029894e-01 3.809282091429226913e-01 3.752991373266582054e-01 3.694750194873368532e-01 3.685360448172075309e-01 3.717036558779160393e-01 3.661496501899378364e-01 3.711064828898535395e-01 3.717550982786284042e-01 3.693044088972592953e-01 3.768598187762808305e-01 3.717457769015557467e-01 3.755245737143009244e-01 3.776674812030473283e-01 3.775238561227778344e-01 3.704281539882297025e-01 3.717645081445242750e-01 3.686707855347870488e-01 3.755125926671553649e-01 3.697244529940369451e-01 3.712658325596176478e-01 3.718630464579060213e-01 3.651785584892058290e-01 3.662710261474208528e-01 3.683334010498480748e-01 3.719522584505473572e-01 3.658282096684647433e-01 3.723608950933999795e-01 3.688927999820639791e-01 3.693433479268290465e-01 3.739098364222602222e-01 3.682968617091730845e-01 3.752284984133428258e-01 3.651531695022064428e-01 3.703140732390106660e-01 3.668316855145379862e-01 3.642806519849643987e-01 3.672850126524402903e-01 3.652846608112096383e-01 3.661447251291092275e-01 3.617019886192739953e-01 3.684522732439031167e-01 3.768129720855117881e-01 3.654515810931346365e-01
8.189652627739210655e-02 1.403023235758872056e-01 2.893188580804569865e-01 1.000000000000000000e+00 3.266872056316235118e-01 3.651723658610169787e-01 5.614514678776146850e-01 5.718572215908170886e-01 5.686500300732675317e-01 5.234779959810494931e-01 5.743677536545794826e-01 6.238554030084546564e-01 5.529205789572860796e-01 5.323283545008078432e-01 6.188731996357856868e-01 6.245305575318306213e-01 5.835586529780991683e-01 5.635560424127039614e-01 5.800169337115407275e-01 5.047605155926326859e-01 6.066477924025716062e-01 5.974463722225792361e-01 5.820721063087180847e-01 5.640526586729378566e-01 5.892099431798574205e-01 6.060590707289523760e-01 5.915176884834731919e-01 5.996834894585700848e-01 5.885099030147019628e-01 6.098208958374742306e-01 6.195939714477294302e-01 6.382012413297996067e-01 5.890729127508828045e-01 6.084891717009778267e-01 6.062080521548651735e-01 6.064891166593373573e-01 6.179426066925481908e-01 6.319744883651068346e-01 6.266626109746198381e-01 6.107494022800459277e-01 6.154044312566566699e-01 6.134766789036916190e-01 6.131258306973454975e-01 6.238686065242722290e-01 6.245127626627037243e-01 6.130327708893376082e-01 6.181220018515259929e-01 6.190488620953560339e-01 6.336878540790962244e-01 6.307693355364598631e-01 6.342442102862729802e-01 6.167489046987835177e-01 6.189185843296469702e-01 6.130560295698360695e-01 6.016969890381115293e-01 6.221784348303919243e-01 6.222862209908676112e-01 6.121012247931013617e-01 6.197556710207754449e-01 6.198463550288396684e-01 6.245540506595216312e-01 6.149460483888274931e-01 6.125308327563743216e-01 6.306881752847456335e-01 6.304393940229652271e-01 6.158599053819155955e-01 6.298752138146814783e-01 6.256253578122332737e-01 6.384385835720282065e-01 6.384493596233392632e-01 6.333614728270152705e-01 6.270164568210653266e-01 6.194605551320502279e-01 6.209117262324256314e-01 6.228926490474820943e-01 6.223606603485554167e-01 6.192250920376579648e-01 6.131561643019096675e-01 6.182083047528343922e-01 6.214955188593742630e-01 6.231943093390207578e-01 6.195597070682499208e-01 6.396312577218089546e-01 6.281054916513501007e-01 6.349317328680244010e-01 6.338848584239454853e-01 6.319081840716507248e-01 6.302524526761630330e-01 6.257368249159819262e-01 6.248824885053330114e-01 6.319233020040201376e-01 6.231048980920724789e-01 6.234182477699983238e-01 6.206059442647909874e-01 6.201263489656666517e-01 6.226606616849611475e-01 6.279481955927079806e-01 6.333809173739833875e-01 6.277112854297611788e-01 6.342951006132726555e-01 6.246084607805095779e-01 6.287992514170884784e-01 6.223245808570924131e-01 6.242204656688402631e-01 6.299441513750780874e-01 6.267087076076242047e-01 6.315019359112798991e-01 6.238964020648244402e-01 6.222038803599317935e-01 6.257121244373353708e-01 6.252837029902990063e-01 6.240161172175727744e-01 6.200129226404427207e-01 6.267792617221308316e-01 6.294984279213459155e-01 6.197806405807418928e-01
7.451995923937958233e-02 1.240246334711894854e-01 1.933301424543742153e-01 3.266872056316235118e-01 1.000000000000000000e+00 2.745267944847432084e-01 4.228223037350220537e-01 4.236822595869411123e-01 4.444737681818641817e-01 4.040802486668650939e-01 4.324509548224361732e-01 4.668028524591841255e-01 4.642518085985067322e-01 4.245005147653522770e-01 4.743302626738635785e-01 4.679305860413638385e-01 4.068703168855656860e-01 4.089925595536557656e-01 4.283059328911044683e-01 3.719075858308689142e-01 4.421430540399129971e-01 4.438727028970487209e-01 3.963367253403500268e-01 3.908522476123817979e-01 4.271820875866849110e-01 4.631159680241232479e-01 4.552562304086799627e-01 4.636252476581610438e-01 4.531980580714787266e-01 4.792627908144281856e-01 4.736704856253186047e-01 4.291959730694793196e-01 3.956871261941386497e-01 4.029595187577750814e-01 4.212711197106380201e-01 4.101373879242060649e-01 4.591017333949403145e-01 4.511657570306905063e-01 4.601606420326755376e-01 4.419832808413379222e-01 4.702291998247357108e-01 4.758057780714249341e-01 4.730568908626442970e-01 4.773333909730281821e-01 4.667713051973398364e-01 4.696325176090012099e-01 4.818740556269222597e-01 4.860060866566644489e-01 4.755811744095935212e-01 4.304143416989203996e-01 4.710512800461383320e-01 4.584376935326220370e-01 4.853388203539937829e-01 4.892516742402748808e-01 4.745359532729497842e-01 4.708026707957108092e-01 4.738420649523637507e-01 4.835984405747693615e-01 4.745616980438108756e-01 4.956782742142821774e-01 4.790259624046036002e-01 4.886503504436200407e-01 4.778265954432194818e-01 4.808551080825823609e-01 4.953085544686026132e-01 4.896355457524704247e-01 4.822256102162537639e-01 4.789995581644294065e-01 4.726561196156874867e-01 4.837371035485757975e-01 4.775999475758620494e-01 4.807992931828549699e-01 4.635197975192206776e-01 4.722916592700788230e-01 4.801031873833347952e-01 4.779000142013386521e-01 4.801259282257827610e-01 4.797786799740341168e-01 4.809433779278109444e-01 4.855372777787137495e-01 4.782696365250796444e-01 4.830071674769206846e-01 4.735328826563207638e-01 4.722548660458137926e-01 4.566572436721798578e-01 4.690458764971526806e-01 4.744411918158251140e-01 4.720668718552067933e-01 4.760114248172002682e-01 4.726083768261077900e-01 4.711600963603063685e-01 4.789918002945129927e-01 4.783060090090003880e-01 4.775649913747174735e-01 4.853673566825547625e-01 4.864355039004935044e-01 4.610250356170922936e-01 4.740110538106625526e-01 4.752338797164212258e-01 4.740696436367092814e-01 4.760225859083163646e-01 4.778996648001621050e-01 4.885181297384943999e-01 4.844798349724747655e-01 4.778048968814338493e-01 4.795145740211003149e-01 4.820063991668923631e-01 4.859613827417911813e-01 4.839472703159197198e-01 4.872648497104645204e-01 4.806594490514309870e-01 4.908007516033571216e-01 4.873127200022243088e-01 4.824601388283349390e-01 4.855865887877103826e-01 4.877497258089553145e-01
5.458658214590480715e-03 8.759198899077526301e-02 2.389562640986849507e-01 3.651723658610169787e-01 2.745267944847432084e-01 1.000000000000000000e+00 5.093506329917718567e-01 4.745020201329734899e-01 5.094321555217868891e-01 4.574162197396223206e-01 5.359050706551401477e-01 5.712600188012868507e-01 5.171792796109717649e-01 5.238705149401592376e-01 5.831557559420837977e-01 5.615900719755233528e-01 5.187823934146255089e-01 4.892159627539099387e-01 5.342884396002925973e-01 4.146231264829270957e-01 5.137393920003986425e-01 5.226760016817313392e-01 5.062035796942220278e-01 4.926600917139329905e-01 5.463793562739365228e-01 5.744448460736095718e-01 5.646688555616115046e-01 5.774838303780679416e-01 5.757412943136300809e-01 5.781689230966772231e-01 5.875361912337283554e-01 5.601278573675187999e-01 5.383191317686024657e-01 5.492884530877087945e-01 5.684718041486673812e-01 5.659137323520899709e-01 5.769875939096446027e-01 5.834698492164044348e-01 5.918290411498197123e-01 5.746220411816727047e-01 5.861080664722323474e-01 5.910842253509012156e-01 5.887800968668874813e-01 5.899194787399908435e-01 5.876409383035873235e-01 5.937439271273763364e-01 5.897858039994464674e-01 5.906192502075824358e-01 5.836202542800318360e-01 5.713317426852092540e-01 5.864174966019887192e-01 5.735229233733609711e-01 5.918744701251804630e-01 5.777795290835968656e-01 5.743132950240176227e-01 5.877376105797096351e-01 5.645322003147623668e-01 5.863747420479336059e-01 5.817174878295816587e-01 5.889095154141865684e-01 5.867632973377326921e-01 5.824410668992231477e-01 5.708977687361208586e-01 5.814137091622127995e-01 5.827356860184291776e-01 5.780612588811265828e-01 5.928876744372597596e-01 5.900463037721530579e-01 5.865325798609650754e-01 5.793474709797136191e-01 5.875393360325008585e-01 5.919765644268044635e-01 5.707720031289081897e-01 5.875733784529572068e-01 5.927110453867483475e-01 5.940381614956304901e-01 5.950510558872466049e-01 5.939034087915696647e-01 5.922368048942200369e-01 5.922938228467642396e-01 5.952295521339799889e-01 5.954631665226679527e-01 5.914036966563934739e-01 5.950235876661724710e-01 5.934086999833384501e-01 5.932391767179429065e-01 5.970056177433409328e-01 5.988073269377643948e-01 5.964857081553701645e-01 5.908052309228042365e-01 5.963342755348763902e-01 5.974810740057772129e-01 5.961903451046777214e-01 5.968541935360832662e-01 5.924986764877557821e-01 5.941430386647765793e-01 5.888268551034382403e-01 5.828561768324739267e-01 5.902733829326795023e-01 5.963725854739951870e-01 5.936220768451395680e-01 5.892645600731900579e-01 5.890013144077709262e-01 5.932030240428581847e-01 5.928047114730010669e-01 5.772625306355465558e-01 5.916956926880025947e-01 5.933892118489100254e-01 5.905771910822174009e-01 5.930009938451966667e-01 5.917700754158425891e-01 5.923044316556376199e-01 5.891037234315918969e-01 5.908639795128973748e-01 5.911847269151335738e-01 5.848736536515110052e-01
2.523074313332427168e-02 1.444635947250125507e-01 3.030281361185483968e-01 5.614514678776146850e-01 4.228223037350220537e-01 5.093506329917718567e-01 1.000000000000000000e+00 7.115415898912771375e-01 7.275956504052082385e-01 6.889433514630358690e-01 7.516934876112334463e-01 7.935493859599384026e-01 7.284145790651380681e-01 7.165444126822280158e-01 8.276740501645442061e-01 7.994491542316772836e-01 7.258959019570218052e-01 7.136147000516405159e-01 7.482082770823151874e-01 6.105740749146874036e-01 7.352547468849549572e-01 7.524664719256434209e-01 7.315352433702321244e-01 7.117322293960753887e-01 7.603887718834732024e-01 7.985290520146218762e-01 7.764257347613173765e-01 8.074518944837132395e-01 7.783215793585868125e-01 7.983091136952000788e-01 8.111850906865694100e-01 7.886258179740688323e-01 7.432678532794846360e-01 7.698556687209137106e-01 7.751967770436440919e-01 7.857889978280788723e-01 8.046192607354690773e-01 8.075397342197085937e-01 8.227987386013604354e-01 8.160141573349743993e-01 8.185724408097775351e-01 8.216164501999171366e-01 8.229972945371690773e-01 8.263253440866304977e-01 8.233657324364166419e-01 8.216840721874941744e-01 8.213735689192692702e-01 8.248466509615495212e-01 8.181153778065519688e-01 7.895794277292769170e-01 8.181844901793163816e-01 7.978014422610780754e-01 8.119246751309666665e-01 8.126673655453264811e-01 8.047770803073641677e-01 8.307343889523713942e-01 7.998380516021316167e-01 8.156485218153681771e-01 8.144797548306167423e-01 8.212113774955290824e-01 8.189676947874017232e-01 8.147190915370007280e-01 8.041852576369489247e-01 8.178396639814261571e-01 8.120882782146077172e-01 8.081324093561021993e-01 8.279232286797142404e-01 8.260370982347535751e-01 8.270991291148629410e-01 8.238137605947463138e-01 8.228454272211433995e-01 8.270217853404419062e-01 8.117219273360293252e-01 8.208442320613237309e-01 8.295883962511533261e-01 8.231006398384357325e-01 8.292722558783059972e-01 8.205157548098425124e-01 8.233503679534434072e-01 8.222304413166817705e-01 8.263075088368229126e-01 8.235220621788796880e-01 8.356713599311342833e-01 8.224682735295311131e-01 8.211015811044864998e-01 8.282591232364012734e-01 8.328453352228883944e-01 8.317504690708653614e-01 8.284834578144987249e-01 8.345937894175677885e-01 8.357148573704501482e-01 8.310200639103844100e-01 8.326119994171549132e-01 8.295368146430606160e-01 8.273743351724172079e-01 8.283493464008586660e-01 8.244628228340664666e-01 8.140478743666251793e-01 8.258430407409911300e-01 8.310388018173280322e-01 8.329027521231298081e-01 8.239990683703702912e-01 8.246794151750436175e-01 8.273559700481345480e-01 8.290550036137074308e-01 8.202168701586748378e-01 8.281717804262280769e-01 8.284933727200290976e-01 8.313516170356114454e-01 8.272612676635994200e-01 8.296131652943073975e-01 8.261950937234521231e-01 8.275202889174111398e-01 8.259249791278898689e-01 8.243981880388910888e-01 8.202404263878015911e-01
2.894067009586170566e-02 1.298897633168173138e-01 3.220157325032639850e-01 5.718572215908170886e-01 4.236822595869411123e-01 4.745020201329734899e-01 7.115415898912771375e-01 1.000000000000000000e+00 7.143762656422876223e-01 6.597061981024677779e-01 7.331707947675683013e-01 7.861729736307608851e-01 7.110205440674470800e-01 7.139886815849906254e-01 7.933464528319582598e-01 8.039020656520478036e-01 7.169754200619814499e-01 6.735339830095544711e-01 7.168913342369426234e-01 5.947386359959059288e-01 7.080777039570849141e-01 7.204219035511432168e-01 6.823477208716692832e-01 6.622959754947310707e-01 7.254660892056099541e-01 7.702388286844548126e-01 7.562563146309680961e-01 7.774022403215394839e-01 7.515915728772878390e-01 7.832051753506937830e-01 7.872779783299002077e-01 7.581784602344842083e-01 7.293152828890268058e-01 7.302919007033119581e-01 7.529950793412406584e-01 7.549586336520401897e-01 7.755655190779320307e-01 7.957430825992305445e-01 7.976876608484103626e-01 7.764630406608912239e-01 7.979100195835588938e-01 8.068504062816401756e-01 8.010754682346438171e-01 8.088646761921732820e-01 7.908604278960968959e-01 7.969939315218450560e-01 8.026959573998398989e-01 8.057778182429562452e-01 8.125025536422626482e-01 7.807335675674023090e-01 8.064947590228436214e-01 7.741788721293344500e-01 7.913605205405498388e-01 8.031437093069899724e-01 7.958795544567062175e-01 8.031713380730979290e-01 8.010622462978047587e-01 8.061029447023153605e-01 8.089617055556030945e-01 8.098512384504626960e-01 8.093768464113593186e-01 8.068499950396361697e-01 7.974797911011023421e-01 8.126054573406951143e-01 8.019362000556642389e-01 7.997028756020256868e-01 8.074250119200956366e-01 7.994040376990101393e-01 8.018247036114529713e-01 8.038795673126227781e-01 7.990920761956815666e-01 8.045857009883764510e-01 7.753869837330221726e-01 7.941901851399350010e-01 8.040804657307991654e-01 8.061584796945271414e-01 8.076957530349490044e-01 7.959310241176129619e-01 8.003707215201295577e-01 8.064511459823234807e-01 8.035394562527763407e-01 8.063064472005438965e-01 8.105536587052769582e-01 8.050038317662747689e-01 7.979198793797829259e-01 8.000721780790127635e-01 8.061428270518240513e-01 8.097778567858195942e-01 8.076240253460881258e-01 8.078588093841836404e-01 8.050844479196689329e-01 8.103240275342458165e-01 8.087793853872742300e-01 8.066327268639169601e-01 8.096657813341148202e-01 8.112198948367703721e-01 8.038866440702664429e-01 8.058837383760011353e-01 8.121795195358888497e-01 8.118966543008591108e-01 8.118440845782278759e-01 8.131358020042990242e-01 8.104700841794103550e-01 8.123982758388382797e-01 8.070153279864905604e-01 8.084451265949115228e-01 8.144636663731488202e-01 8.103601179390509390e-01 8.151769896424064799e-01 8.148844518819968741e-01 8.175968810143834364e-01 8.129321814762857645e-01 8.140800672819522577e-01 8.128351977504411074e-01 8.074203365665298948e-01 8.066608022264715183e-01
1.356386278063333173e-01 1.796112254281687359e-01 3.371998988762202609e-01 5.686500300732675317e-01 4.444737681818641817e-01 5.094321555217868891e-01 7.275956504052082385e-01 7.143762656422876223e-01 1.000000000000000000e+00 7.272517497408869103e-01 7.904930840832090633e-01 8.308997179358684759e-01 7.678534654201983889e-01 7.502149456814131145e-01 8.413179699074492257e-01 8.269669413252883627e-01 7.928289851737766458e-01 7.340446078879736547e-01 7.764599678630442758e-01 6.369651627666113036e-01 7.712598713253977500e-01 7.902698197870183794e-01 7.477874094250621662e-01 7.184595462423751799e-01 7.956157924451563446e-01 8.489125059399130757e-01 8.280722227113721523e-01 8.429562775241377093e-01 8.369289712671603709e-01 8.591385313027813941e-01 8.626389844514465999e-01 8.013149123122661477e-01 7.755387436338757601e-01 7.687448623172228324e-01 8.169876490458373164e-01 8.006477824349348404e-01 8.406096839032183299e-01 8.347042158340223228e-01 8.450036948776576962e-01 8.196684385824857255e-01 8.537772247639335843e-01 8.541492234591012700e-01 8.481728363625513634e-01 8.621524146037893299e-01 8.537201379521252020e-01 8.517197918680742275e-01 8.626508272398519805e-01 8.702092867843758128e-01 8.692598625354374109e-01 8.216031305817526054e-01 8.510163474995695587e-01 8.378165761195339734e-01 8.597653792388901817e-01 8.692928888744889671e-01 8.489101681011640421e-01 8.595861748616828724e-01 8.643356482474753300e-01 8.598262918397051591e-01 8.556087875793157993e-01 8.721289024092666597e-01 8.619259928646926250e-01 8.669477250639371357e-01 8.518355944597979512e-01 8.694871518053663983e-01 8.791697384603259779e-01 8.711056125275924433e-01 8.685332282398625647e-01 8.614057058404045453e-01 8.566936873747027503e-01 8.643564157033571949e-01 8.571096169024108313e-01 8.660114085959974561e-01 8.280633367830295688e-01 8.582750634474897167e-01 8.689723493136453092e-01 8.662504178389094367e-01 8.675393483172849640e-01 8.634967428986246585e-01 8.614881603109116881e-01 8.702782786633990186e-01 8.646852638708062422e-01 8.693820667783173084e-01 8.661757777018203042e-01 8.583585495905844409e-01 8.461548829599147004e-01 8.523712923704426236e-01 8.611186245748713164e-01 8.570201868728998251e-01 8.623734473881764506e-01 8.586038489126260886e-01 8.591082437379254921e-01 8.636229525341495572e-01 8.644101962958026242e-01 8.638330633730892938e-01 8.668965128152904542e-01 8.689186249345922652e-01 8.459208576754226883e-01 8.672071748348444409e-01 8.629777586175361170e-01 8.615640603900142080e-01 8.624836057680542734e-01 8.650158964205679757e-01 8.719417624031680081e-01 8.673922636950577303e-01 8.643916947328121880e-01 8.694855383757050804e-01 8.718568202814692691e-01 8.698856086034713053e-01 8.653219713397417578e-01 8.694049373840224693e-01 8.619544022583415233e-01 8.726903362377175233e-01 8.680283850118882816e-01 8.700661684333580448e-01 8.712279422727048361e-01 8.734960414464295608e-01
5.106915141561131632e-02 1.506251871275882392e-01 2.899309172831432968e-01 5.234779959810494931e-01 4.040802486668650939e-01 4.574162197396223206e-01 6.889433514630358690e-01 6.597061981024677779e-01 7.272517497408869103e-01 1.000000000000000000e+00 7.324908759384933798e-01 7.778493356267013326e-01 7.042434363003087228e-01 6.889774481412687113e-01 7.842311978759380908e-01 7.656017885434349690e-01 7.170045675590133172e-01 6.723224223761053997e-01 7.205381147825038468e-01 5.576889563937060812e-01 6.872545682112568555e-01 7.169448731291070409e-01 6.909322095698390287e-01 6.589519466683255722e-01 7.227724062245598491e-01 7.784885440649786936e-01 7.576145607287818606e-01 7.843225139153551240e-01 7.735370060314699092e-01 7.934085553805284574e-01 7.981564390851290103e-01 7.447232059140155291e-01 7.279232902392008819e-01 7.289084646529785383e-01 7.629605356724287191e-01 7.335196866941644522e-01 7.747515420683221965e-01 7.873863426922895759e-01 7.921492809295507254e-01 7.647227512496131974e-01 7.988187125465165961e-01 7.918885925899769029e-01 7.886014174581911229e-01 7.992476613848300548e-01 7.852710295652023387e-01 7.927906193168107185e-01 8.033610465115055277e-01 8.047003735481381703e-01 7.978881477587770332e-01 7.635091373010055582e-01 7.953135658459956625e-01 7.559748057126390863e-01 7.797922654706955781e-01 8.005568970537827456e-01 7.937113679797446197e-01 7.985642638513007485e-01 7.843951201607632928e-01 7.963133043334827965e-01 7.989323722672351247e-01 8.013858001761614558e-01 7.957772880025116846e-01 8.008504177323026996e-01 7.876162645781058513e-01 7.970205721446274039e-01 7.958176523585095419e-01 7.938875777036265013e-01 8.044051916799104252e-01 7.962800631115001249e-01 7.937192222414251042e-01 7.868734706854799699e-01 7.898278327111638575e-01 7.992904738563810785e-01 7.711342749380327710e-01 7.916472790569660800e-01 8.024738225124494750e-01 8.013902634964150673e-01 8.009085708588180585e-01 7.995759474679530188e-01 8.022869594284797179e-01 8.049767449101583594e-01 8.013039548952379798e-01 8.054387206973075974e-01 7.989082064692053509e-01 8.024234505833466313e-01 7.881645023100717351e-01 7.940003143524868578e-01 7.985497700975802138e-01 7.998561211225789780e-01 8.026718416812622658e-01 7.962105186511365673e-01 7.978740969579813935e-01 8.030156230827197872e-01 8.020219478273512559e-01 8.033794074408364683e-01 8.054784233880801780e-01 8.068822952276543115e-01 7.801714209069580130e-01 7.862310639248999422e-01 7.985094409584423403e-01 8.002217748719306911e-01 7.986457272317971645e-01 7.971388723220007577e-01 7.976056846527108668e-01 8.021545215416053809e-01 7.949422280253162221e-01 7.931040435304315128e-01 8.026622206411142546e-01 8.052501783859358220e-01 8.036029470684354914e-01 8.042316069322086314e-01 8.038139225936350440e-01 8.041428010755761191e-01 8.022236134633337068e-01 8.026837579152545921e-01 8.005568487868874872e-01 8.005192839707929719e-01
3.730480851968421413e-02 1.481234209774052180e-01 3.585642946681293908e-01 5.743677536545794826e-01 4.324509548224361732e-01 5.359050706551401477e-01 7.516934876112334463e-01 7.331707947675683013e-01 7.904930840832090633e-01 7.324908759384933798e-01 1.000000000000000000e+00 8.701770780796852511e-01 7.713404687929878989e-01 7.823360889526919104e-01 8.715414041525348932e-01 8.505105159281394211e-01 7.908288377322908458e-01 7.780970900688245484e-01 8.239720416487859023e-01 6.473951083124721562e-01 7.872951419833739140e-01 8.137141667330000105e-01 7.799085945471969650e-01 7.657262905912091133e-01 8.176994462794687779e-01 8.781809061359368007e-01 8.595947511212074232e-01 8.725632758361903107e-01 8.696928074119675278e-01 8.893857711424685286e-01 8.997927053367109629e-01 8.383320283348532076e-01 8.147235952238429668e-01 8.240555294916179774e-01 8.520737802943451067e-01 8.378932181537439572e-01 8.694155174646844841e-01 8.785795510699927480e-01 8.899644044581015434e-01 8.613382003661501640e-01 8.886446472034096322e-01 8.924359506014248877e-01 8.887091340093227210e-01 8.980614694476368731e-01 8.812677174631097232e-01 8.943475868265825524e-01 8.990140352850101158e-01 8.988673612937911894e-01 8.881552771588672179e-01 8.575494728756219986e-01 8.889898210211254481e-01 8.645776651884836683e-01 8.808546909274138637e-01 8.925034309974791968e-01 8.802011159294351739e-01 8.954867772973562623e-01 8.708346461915611458e-01 8.928423313193373234e-01 8.917270584430233571e-01 8.963346280466764071e-01 8.966796713346549819e-01 8.932600060028714761e-01 8.832505045129424026e-01 8.925731317065629389e-01 8.905476315608110705e-01 8.861418027117663465e-01 9.016986306988017397e-01 9.016687798606346504e-01 8.957098924993570632e-01 8.918544891642035122e-01 8.934816711110762366e-01 9.007798025788291696e-01 8.754696181852106296e-01 8.948931367086279121e-01 9.041679836480700505e-01 9.011507097445236036e-01 9.010358999555762027e-01 9.007408952886890585e-01 8.987544865337815381e-01 9.033449327714391242e-01 9.023313237560511846e-01 9.060177229229456897e-01 8.988018036242552133e-01 8.992748409903300599e-01 8.886372179927417569e-01 8.951990532004492351e-01 8.987285810789290563e-01 9.009259474482834706e-01 9.034449412088054743e-01 8.960174583593665254e-01 8.969057743943186223e-01 9.043652168959050996e-01 9.011902038055445985e-01 9.044569376537957561e-01 9.025325128851368062e-01 9.035932956037593389e-01 8.833034754224687868e-01 8.837973503939106079e-01 8.999996601553065245e-01 9.003396503668076312e-01 9.007579766096539542e-01 8.978062029879202433e-01 8.970395910213156965e-01 9.032626650951192104e-01 8.976893979908883159e-01 8.912468648290847728e-01 9.013889307993692146e-01 9.028487689917864545e-01 9.004306188923025811e-01 9.016631993731555328e-01 9.010268072591666177e-01 9.032138670519072043e-01 9.005687405618909569e-01 9.020792842989330262e-01 9.002679226135239521e-01 8.959117725670536769e-01
1.650705579312057580e-02 1.526008125031640683e-01 3.588782588864024570e-01 6.238554030084546564e-01 4.668028524591841255e-01 5.712600188012868507e-01 7.935493859599384026e-01 7.861729736307608851e-01 8.308997179358684759e-01 7.778493356267013326e-01 8.701770780796852511e-01 1.000000000000000000e+00 8.226177386712191231e-01 8.182960677963618812e-01 9.214208650537171197e-01 9.093952908143128067e-01 8.340041668168417521e-01 7.977086526318297732e-01 8.483365789996994977e-01 6.842175312917098129e-01 8.256677855861684900e-01 8.402035712290535363e-01 8.004331342270403216e-01 7.872753454792126293e-01 8.504628004311856060e-01 9.121175682938578166e-01 8.940289490824906427e-01 9.095180140533611901e-01 8.986688670849709570e-01 9.259393622362891429e-01 9.314006299878936357e-01 8.837212198102449845e-01 8.569613201237893385e-01 8.640990695708606895e-01 8.923630167257374790e-01 8.775717705433949689e-01 9.052415005382485891e-01 9.274007407677640202e-01 9.351040995997662586e-01 8.980004131472542062e-01 9.319533329716982450e-01 9.356042463361846639e-01 9.289638821813405167e-01 9.389886184385803913e-01 9.235126216590042736e-01 9.335722762418551257e-01 9.437946635977607635e-01 9.452794041408737469e-01 9.385256532525303452e-01 9.085285395217799209e-01 9.395062825120611416e-01 9.096664512786823975e-01 9.264081373532737640e-01 9.400817672873506003e-01 9.296752009055064825e-01 9.375807334749356459e-01 9.235017019951905493e-01 9.386446498632405877e-01 9.403109331821383199e-01 9.450401149203567774e-01 9.448573615469427756e-01 9.420589936388870100e-01 9.332594031196119744e-01 9.433403526976156250e-01 9.331307522948601996e-01 9.351965287153363171e-01 9.477531550641246083e-01 9.408661141452009380e-01 9.373378964190635099e-01 9.360532656526626694e-01 9.351543188753533853e-01 9.422577495190890273e-01 9.130323456304951790e-01 9.330708462086521049e-01 9.454003973371705172e-01 9.448202945053488788e-01 9.436285012052807453e-01 9.416651910356530486e-01 9.415389345078818417e-01 9.477145990907664963e-01 9.434722498978960203e-01 9.484225177105336524e-01 9.424843089749802560e-01 9.424457030793194079e-01 9.335351085746620425e-01 9.380239726782424459e-01 9.411980831706732165e-01 9.455170077150018004e-01 9.469531234392212227e-01 9.399486475338778568e-01 9.392331534772015988e-01 9.479452806854378188e-01 9.444373745126398711e-01 9.473198710376338205e-01 9.484582160162485787e-01 9.495343146179201499e-01 9.291126745659566977e-01 9.328372073602176906e-01 9.447572690225479741e-01 9.467802956972889428e-01 9.455057993121057658e-01 9.451080575241904702e-01 9.430045391619472639e-01 9.481007691189349273e-01 9.444165320378130613e-01 9.388253497990561858e-01 9.479639165168539661e-01 9.486040713169935357e-01 9.451000149939148276e-01 9.487015981281742283e-01 9.477221337255852252e-01 9.495444044377167048e-01 9.472580945202432323e-01 9.480159163229963104e-01 9.446467788724045578e-01 9.436608972211711910e-01
4.130330260394928649e-02 1.463300977498383226e-01 3.231489634502901498e-01 5.529205789572860796e-01 4.642518085985067322e-01 5.171792796109717649e-01 7.284145790651380681e-01 7.110205440674470800e-01 7.678534654201983889e-01 7.042434363003087228e-01 7.713404687929878989e-01 8.226177386712191231e-01 1.000000000000000000e+00 7.354538683837420487e-01 8.352984746077900535e-01 8.207669442074914112e-01 7.558433856235829973e-01 7.188712164036987762e-01 7.611960633020290468e-01 6.480570517376323947e-01 7.608566373822006623e-01 7.598947620028612127e-01 7.216105496611266990e-01 7.038579979113616103e-01 7.580701980613457902e-01 8.184372801208416037e-01 8.022571110107482584e-01 8.159129090355820013e-01 8.056064284666129005e-01 8.313033297798551047e-01 8.355861150228567347e-01 7.943400564095530747e-01 7.568125957258795555e-01 7.636973290697275374e-01 7.917967959766750718e-01 7.733596534710418524e-01 8.099992500103575521e-01 8.263429170118828937e-01 8.315344892419679335e-01 8.056794533152945581e-01 8.379991733539986498e-01 8.447710720385378513e-01 8.403788136426384447e-01 8.457431812865916498e-01 8.325929450795249709e-01 8.397085599224874963e-01 8.479030139116783271e-01 8.551565045659731412e-01 8.440393192342555695e-01 8.007485524322841552e-01 8.379646057710551377e-01 8.141476626501736868e-01 8.375431681529255101e-01 8.528961135038427566e-01 8.390331744936825320e-01 8.428998677782919557e-01 8.328924034120368525e-01 8.484947654712279297e-01 8.454258250507890038e-01 8.581969112054926851e-01 8.495747244357058081e-01 8.533381421277385082e-01 8.405090454760199004e-01 8.480864183936448475e-01 8.492155637543402635e-01 8.494560346600769085e-01 8.527534147450001045e-01 8.482512205647488868e-01 8.475993236716812262e-01 8.526258611334318616e-01 8.411598880659223454e-01 8.457742488830045646e-01 8.247305650891740836e-01 8.361377781522680852e-01 8.524474322356129230e-01 8.505741570700432463e-01 8.507359221743563404e-01 8.477054657256591907e-01 8.456801987625396366e-01 8.536597713339103555e-01 8.493148929474103603e-01 8.514643179225065417e-01 8.467689442409327416e-01 8.463589610495458881e-01 8.336728673976803172e-01 8.428839977517882387e-01 8.448998322798428884e-01 8.482465586069446450e-01 8.511417312456881490e-01 8.458265670845254158e-01 8.455537069902020475e-01 8.516056241340361765e-01 8.498310085135561964e-01 8.514081179610547556e-01 8.541717839284347358e-01 8.558224338573675594e-01 8.268192873474068394e-01 8.337973413840741310e-01 8.457503954663085910e-01 8.491588836184029709e-01 8.485732219799471121e-01 8.450303778528648335e-01 8.532827713640933620e-01 8.529087222923800171e-01 8.463627962540393179e-01 8.419745167688751364e-01 8.518192932124067918e-01 8.553583064985900153e-01 8.521109278778266072e-01 8.548587618703327173e-01 8.515011995648777976e-01 8.576436386183615701e-01 8.542104191417372316e-01 8.521253212544155353e-01 8.516996769414186819e-01 8.524192296958849058e-01
