1.000000000000000000e+00 2.495133936111013917e-01 2.181739122165402278e-01 2.674930279619075826e-02 4.116554755980104952e-02 5.980206186476752506e-02 6.789491411834996937e-02 1.106923936892705157e-01 2.742446863018687675e-01 9.672461469592545658e-02 9.590948586435088519e-02 -1.016569171831815249e-02 4.126792500155320592e-03 1.932550873119660839e-02 2.282377516617014809e-02 4.461618916881613522e-02 1.545390110139818751e-01 3.347750447237201055e-01 2.284809625174465397e-01 3.312126722423683889e-01 2.490247739366928392e-01 2.176708170941747955e-01 2.284217058739619888e-01 2.302745774955161917e-01 2.354004790937237190e-01 2.182709595744174724e-01 2.392320385496005397e-01 2.405832670204127444e-01 2.371506088501670606e-01 1.987512275348287671e-01 1.705674838974685914e-01 2.200715372700112471e-01 1.735297618239354245e-01 1.544745640845583690e-01 1.862966569209112411e-01 1.346649702850261643e-01 1.757911652432861682e-01 1.280759311842818993e-01 8.104869967764344318e-02 1.072230760021256890e-01 8.432502062473086479e-02 8.595400324005379733e-02 6.677557796877256480e-02 9.117585275048363525e-02 1.191545392179395868e-01 7.534788922750755569e-02 3.382166935581641665e-02 7.679919073381982764e-02 7.145125942188527979e-02 8.954322519383431378e-02 1.071808405946616388e-01 4.828828075553046051e-02 2.906599149478766853e-02 1.019842373044057837e-01 1.164953596994760532e-01 1.263764619254953703e-01 1.060585803529436461e-01 7.165209452937525147e-02 1.147075246808811899e-01 7.746303482998484480e-02 5.953671954157474522e-02 7.754552732901681678e-02 5.621865200245933919e-02 5.825411532505049561e-02 8.727226968460846668e-02 8.254558518165353020e-02 5.308528417174186026e-02 1.183175379257527526e-01 1.238654714754053726e-01 1.491780439612781228e-01 7.827869047448347828e-02 1.002544519364512304e-01 9.665567827559412573e-02 9.036351255879117306e-02 8.608437763844332957e-02 8.498594184174307342e-02 1.044376267748741566e-01 1.125167631906656557e-01 5.620276636285907734e-02 7.917774735144600395e-02 6.829784329463145509e-02 6.033135420194921106e-02 7.059421929004207341e-02 8.771572571509013427e-02 4.705585533981583579e-02 4.604977169969549922e-02 6.691903972573225168e-02 3.962246667685939000e-02 3.374080875879827135e-02 6.069960713030230631e-02 4.841749928708953543e-02 3.949212115680057755e-02 4.937917463368036997e-02 3.138040549375747251e-02 1.883946734831645070e-02 3.271724182860653168e-02 -4.473640790510868652e-03 3.367510433135249143e-02 2.297016822691221732e-02 3.699043947643116531e-02 1.077333145620726004e-02 3.074996874257760610e-02 1.953895549474213289e-02 1.901665904428762391e-02 2.978529392371983761e-02 3.829183400264866977e-02 3.042113893808751079e-02 5.292717307636433943e-02 5.395980356889257951e-02 3.980957400052267947e-02 3.501858091864387679e-02 3.010607188800466447e-02 2.772465724711229915e-02 1.762299586923264313e-02 4.759856260624581448e-02 5.196289818847645015e-02
2.495133936111013917e-01 1.000000000000000000e+00 7.935979450421760950e-02 -1.638852225321240849e-02 1.909373658385666445e-02 8.175599611592954119e-02 1.054368111858387663e-01 1.089796585781184213e-01 2.504818202916861969e-01 2.548586497099799009e-01 1.168750909909658936e-01 2.661021905110512800e-02 7.445001958708793999e-02 8.360916452145530919e-02 1.065006395919639581e-01 1.084076447891031414e-01 1.801484228523048126e-01 2.447842593376836628e-01 2.176874703062791627e-01 1.745949735203696229e-01 1.284029386692558672e-01 1.739713887867785636e-01 2.110829986973176142e-01 1.695591429948714590e-01 1.954663924063399782e-01 2.177499513707041590e-01 2.075545073836686516e-01 2.363294015387612246e-01 2.489422396264158455e-01 1.846922993097590282e-01 2.022227742894721902e-01 2.167426352439769388e-01 2.314688792128228589e-01 1.646343588592429352e-01 2.246220167783994359e-01 1.532073342615633549e-01 1.928745050701698993e-01 2.145822347618510928e-01 1.814950400142380238e-01 1.855709557794327780e-01 1.693888528714551089e-01 1.700082222457778292e-01 1.551560370913222520e-01 1.602857304993104137e-01 1.552562263309872626e-01 1.654327695970689016e-01 1.480838308978136286e-01 1.842684710766953893e-01 1.508190894141502314e-01 1.203744885003877191e-01 1.810673258806784203e-01 7.008075350618275801e-02 9.518533283112155796e-02 2.043122880863137703e-01 1.965772594394653572e-01 2.141455599354397110e-01 1.680828466775621810e-01 1.736351974133387710e-01 1.954566422267845494e-01 1.708687226443568186e-01 1.414872640952900273e-01 1.850468501819265421e-01 1.626415673686700536e-01 1.501016031323683109e-01 1.454000829239937287e-01 1.419408720017265868e-01 1.505347262687304621e-01 1.680578167783996490e-01 1.777227539118730881e-01 1.565125690026267780e-01 1.555166273238558772e-01 1.698401765981968348e-01 1.497276416801108234e-01 1.542834886328847410e-01 1.533466831289208021e-01 1.652151191138489517e-01 1.756517737527562018e-01 1.979779310344934595e-01 1.606922801840884596e-01 1.536466394486260822e-01 1.584037903111223666e-01 1.518207698997252331e-01 1.552968730683231269e-01 1.743178484515796045e-01 1.345296550281359360e-01 1.350480430102170004e-01 1.453441990779214266e-01 1.617464282034123402e-01 1.441792091680709764e-01 1.729387089453201243e-01 1.510272114451065573e-01 1.448722852932610161e-01 1.328363925527825673e-01 1.376773152129892042e-01 1.370248967918960836e-01 1.497244689830690145e-01 1.072942289620914813e-01 1.106916402380520165e-01 1.322204963672986844e-01 1.440206587410116368e-01 1.283882338063040696e-01 1.446693906218128878e-01 1.055189713248507744e-01 1.298157638781810563e-01 1.187594299622465877e-01 1.496252602926712583e-01 1.311499890680776770e-01 1.657165367438018233e-01 1.661086628692235168e-01 1.549081567537312909e-01 1.577745016777065967e-01 1.462509122129726780e-01 1.548898004399357764e-01 1.317493055931434065e-01 1.406616302955555897e-01 1.365443947604230990e-01
2.181739122165402278e-01 7.935979450421760950e-02 1.000000000000000000e+00 3.357350133528921865e-01 1.633371655410532364e-01 2.092375166932118336e-01 2.823616593064728897e-01 2.752620512120723117e-01 3.416081717172634868e-01 2.440446030205400407e-01 3.354094147044444640e-01 3.027992268618386329e-01 2.530323381107971170e-01 2.548131703568377038e-01 2.782320595578515743e-01 3.024284675619993701e-01 3.427912580777838225e-01 3.790729153739153534e-01 3.765917816760476211e-01 3.314107213933843443e-01 4.066668101044577099e-01 3.969215521803242108e-01 3.471778224499993959e-01 3.557021112908391736e-01 3.961859292812692224e-01 3.713985876900835481e-01 3.825346273792648022e-01 3.823493379872203168e-01 3.734914542657023495e-01 3.521018997319699806e-01 3.854537447741947509e-01 3.324193061241714764e-01 3.007468433523091678e-01 3.298824668759578471e-01 3.167801423359345447e-01 3.543746948501847460e-01 3.712643815615068177e-01 3.033619743705270877e-01 3.184290220639939273e-01 3.361064374165443347e-01 3.263429740875986584e-01 3.292046621354432490e-01 3.481775383804938673e-01 3.377083231748918557e-01 3.663410219065142970e-01 3.236588524413153145e-01 3.071504390257954187e-01 3.019886658355999676e-01 3.050192924229601643e-01 3.183443701023571659e-01 3.280036591121472389e-01 3.363943947527235911e-01 3.207820796664523910e-01 2.947182387324112085e-01 3.085918152350253241e-01 3.185280623880215600e-01 3.247064083935020662e-01 3.123892802817007652e-01 3.170326938289854124e-01 3.218417748546514301e-01 3.250443675164750301e-01 3.115167143433671404e-01 3.046992415141423494e-01 3.134363783752499022e-01 3.317376197793051040e-01 3.241083762663066192e-01 3.026551751214170416e-01 3.598253685045470496e-01 3.309110999417021470e-01 3.588522727071940532e-01 3.587109631173839852e-01 3.557845486793175249e-01 3.404433219348096396e-01 3.530367170418876044e-01 3.246143646046760756e-01 3.282273576887501654e-01 3.351135348397248359e-01 3.362162547482085984e-01 3.209087331338003612e-01 3.257412721573780257e-01 3.177701021648679514e-01 3.237920572496096883e-01 3.166428439527290140e-01 3.076724820854873088e-01 2.961766836491148136e-01 3.099960139136553328e-01 3.231112425233712004e-01 2.944087999126279720e-01 3.003541319425366285e-01 3.032779913210833511e-01 3.119263246676893808e-01 3.086748709086522546e-01 3.267345129966858774e-01 3.058574939716707797e-01 2.938085105676497277e-01 2.913351042070990715e-01 2.944711664978857946e-01 2.979075145120838042e-01 3.065000035481200147e-01 3.039060882272998643e-01 3.103692717605753271e-01 2.993750322235367856e-01 3.032367801093531212e-01 2.996384922835021447e-01 3.147999075105882838e-01 2.927142412707969821e-01 2.939234785618948242e-01 2.918455773695566857e-01 2.938427019028339582e-01 2.997176475432781761e-01 2.930360718802402231e-01 2.960803917824720299e-01 2.884037035361833312e-01 2.974113306874815454e-01 3.188822167034314203e-01 3.087818583200711564e-01
2.674930279619075826e-02 -1.638852225321240849e-02 3.357350133528921865e-01 1.000000000000000000e+00 2.925282732436638722e-01 3.069040671834935008e-01 4.742759432803592690e-01 4.471939679185137906e-01 3.335661633883603150e-01 3.299700178561202346e-01 4.179764071977142836e-01 5.631358299918326482e-01 4.473178131911850208e-01 4.347805314910562213e-01 4.999688754794395784e-01 4.777147054498028789e-01 3.766373670028342335e-01 1.842672854548561001e-01 2.677442928721254223e-01 1.960240065141831411e-01 3.196855084598808072e-01 3.552337169441835973e-01 2.597866354010332501e-01 2.211293735403099814e-01 2.949468130169532465e-01 4.143008145019763666e-01 4.285011281713439479e-01 4.065793962428673747e-01 3.381964456000479124e-01 3.648566014914171318e-01 4.263745293909574352e-01 3.218153101614147360e-01 3.051136899731236585e-01 3.183942605464468167e-01 2.954107526710395004e-01 4.100672773647802694e-01 3.848467844491650358e-01 3.480821973775106160e-01 4.018144031280553308e-01 4.328724385171959232e-01 4.362654848598717661e-01 4.425208402349646852e-01 4.837535426527202476e-01 4.625425909639637179e-01 4.663260043510380481e-01 4.358600624443609295e-01 4.406018905517997686e-01 4.087556841930056750e-01 4.196962882010176754e-01 4.354750897882058713e-01 4.234417887107213563e-01 4.774626134770399433e-01 4.854967762408428644e-01 3.742256870267723912e-01 3.724396712377729401e-01 3.829916571739527265e-01 4.244082749283828448e-01 4.213225611191783182e-01 3.945633299879989231e-01 4.494688950228363233e-01 4.508200432886741993e-01 4.191609640680997173e-01 4.102091638115276662e-01 4.391105676128793656e-01 4.297134465124575198e-01 4.442494165806489259e-01 4.259237478773663099e-01 4.111216319198352509e-01 3.903507392080116101e-01 4.049916683253157457e-01 4.353051924862433308e-01 4.283237160120852982e-01 3.807482390772949365e-01 4.022838252750717825e-01 4.507137547292158763e-01 4.479824760965179786e-01 4.548934197963683812e-01 4.112422991178678600e-01 4.439002128220036480e-01 4.185864748560992332e-01 4.064149655928686045e-01 4.365305770809395636e-01 4.251844025156350515e-01 3.879685974417234617e-01 4.108186785626853355e-01 4.085244376957494206e-01 4.302213181511700957e-01 4.126905621596277385e-01 4.288950877933907502e-01 4.175749145275212681e-01 4.448108668399524679e-01 4.549585355714909629e-01 4.547437781353960706e-01 4.488338256454497688e-01 4.382938155669027780e-01 4.275635974935875772e-01 4.686898147555300098e-01 4.554138369652617202e-01 4.573483085005242699e-01 4.407437286378973473e-01 4.699293015014812114e-01 4.428172940752077014e-01 4.716473770331340853e-01 4.603811386769191549e-01 4.592193796919528670e-01 4.357271994085809563e-01 4.428147434255028103e-01 4.138982002151190276e-01 4.099516418222600711e-01 4.382366402660299864e-01 4.332376267086929245e-01 4.401534652827188143e-01 4.289005546678416603e-01 4.481473559270308105e-01 4.387968530535211187e-01 4.465189324672748095e-01
4.116554755980104952e-02 1.909373658385666445e-02 1.633371655410532364e-01 2.925282732436638722e-01 1.000000000000000000e+00 2.790491201635614260e-01 4.116889419709164888e-01 3.838609638433855831e-01 3.610246002613178296e-01 3.102854851016417781e-01 4.113159365115903743e-01 4.705366378115836690e-01 4.219953987747189772e-01 3.705775281772478169e-01 4.515059718642244202e-01 4.374528110688866156e-01 3.798043273744410864e-01 2.859829323906787346e-01 3.315651177057786780e-01 3.001296131963605562e-01 3.606847207462792193e-01 3.615029370684046395e-01 3.293266595928025509e-01 3.585765804942771529e-01 3.395477082264293789e-01 4.166424755627555765e-01 4.000516489950582399e-01 3.731618677316833610e-01 3.546004047675960780e-01 4.100745631309827277e-01 4.100011145889672082e-01 3.845048901524321661e-01 3.349810969261166060e-01 4.025721281353358827e-01 3.688670329321615537e-01 4.218305974243130030e-01 4.153425389721791539e-01 3.560681966677980981e-01 4.079498074804174812e-01 3.941012979710856179e-01 4.233095167691012795e-01 4.062222210256209443e-01 4.210245509571471922e-01 4.377616622392719870e-01 4.390891343973067906e-01 4.195035368616896188e-01 4.200835552876300838e-01 4.140615631367871030e-01 4.170860935987159013e-01 4.085100922969445714e-01 3.970746570996809832e-01 4.265818358066784111e-01 4.258266080915927287e-01 3.922616427595977395e-01 3.935881178909250155e-01 3.986907561976513747e-01 4.093221216262651896e-01 3.987776460885905649e-01 3.909945303553389873e-01 4.274837389376256458e-01 4.298576246234729337e-01 4.067930946565253003e-01 4.023222465949401472e-01 4.121052080641580684e-01 4.321624040752857221e-01 4.304653366641713608e-01 4.252872435546704022e-01 4.347322180817024817e-01 4.310046397797717699e-01 4.404093570129550272e-01 4.329418258280119391e-01 4.291003318475717920e-01 4.395699237169424234e-01 4.372510779200535769e-01 4.457759921718447704e-01 4.305764733318662163e-01 4.280023609117490913e-01 4.086136065101633741e-01 4.260026137591260698e-01 4.316431574126964876e-01 4.334793959016826626e-01 4.358161973154952573e-01 4.300251075566556280e-01 4.146422975745216455e-01 4.218893984469176406e-01 4.364020628494365561e-01 4.434936911679749905e-01 4.115204068044953090e-01 4.273421489998768807e-01 4.180987877947491271e-01 4.298950877572784157e-01 4.362574203647172633e-01 4.446296645373890577e-01 4.328748453041824651e-01 4.303819108074786737e-01 4.256439759975157999e-01 4.269174449135776928e-01 4.285793976280552475e-01 4.344025088499802179e-01 4.230355294236832764e-01 4.387376403406472170e-01 4.213696822330625369e-01 4.401035447881687102e-01 4.352728002029985221e-01 4.375375281196841604e-01 4.186716102222826086e-01 4.269100096698426605e-01 4.211749965102613014e-01 4.168529101426538541e-01 4.230797323986593139e-01 4.169594451402501289e-01 4.276011074349379548e-01 4.153919479377894408e-01 4.273500162734384378e-01 4.323900485517428449e-01 4.312426796257116668e-01
5.980206186476752506e-02 8.175599611592954119e-02 2.092375166932118336e-01 3.069040671834935008e-01 2.790491201635614260e-01 1.000000000000000000e+00 4.668017470086803233e-01 3.711738887304698586e-01 4.379559608350409028e-01 3.819017741768676033e-01 4.418950142134681625e-01 4.817550954627899396e-01 4.446305239259142339e-01 4.428573373861179330e-01 5.079159388777677586e-01 4.787287119528075285e-01 4.373300564062332918e-01 3.223574617729375591e-01 3.616640281448541550e-01 3.300054168089181506e-01 3.584629588496903163e-01 3.750914786935163336e-01 3.565704892079210042e-01 3.582687330612199239e-01 3.597793629225207734e-01 4.649930357658001445e-01 4.657508361465012015e-01 4.696667988304439878e-01 4.352388920530940730e-01 4.545845749367108946e-01 4.820696840488301604e-01 4.461854215434262194e-01 4.120471961104132941e-01 4.413543662484756824e-01 4.244230576770786079e-01 4.669473074967458448e-01 4.578691021884374046e-01 4.530588603281480164e-01 4.804431541430963515e-01 4.713904694057625688e-01 4.976849135834949256e-01 4.961367022015648054e-01 5.009072344827804057e-01 5.030510998485877572e-01 5.117111596506681570e-01 4.970301622786626461e-01 5.046480384493693405e-01 5.042495989643527299e-01 5.024132629259983052e-01 4.846948308723983412e-01 4.912217761469627741e-01 4.894986951052415769e-01 4.978846958331388795e-01 4.819429863910901779e-01 4.790551003972456368e-01 4.874371793488762039e-01 4.903975501186848551e-01 4.951740293411865390e-01 4.833658794331578967e-01 5.063775847080380643e-01 5.097827641153905853e-01 4.905174653605327006e-01 4.891476700870958094e-01 4.987301097427763175e-01 4.961678861749866942e-01 5.031891084521273871e-01 5.063126463990907933e-01 4.990905368745554571e-01 4.950301468514355374e-01 5.001296893410431821e-01 4.900106439308953288e-01 4.995825422997317022e-01 4.923533891278149000e-01 4.839240018009640099e-01 5.143898377790939724e-01 5.135720130198123679e-01 5.175078708447046205e-01 4.935599673585004399e-01 5.067692920643966925e-01 5.010074190605122713e-01 4.958292223517907216e-01 5.059299523484861449e-01 5.015729159729722664e-01 4.841817409778592096e-01 4.928969100480205534e-01 5.000168754315075237e-01 5.067491504036264471e-01 4.950678188904698018e-01 4.965070231493351471e-01 5.021773584362521081e-01 5.088186758584865022e-01 5.166196821478101775e-01 5.170146207596519883e-01 5.090245644532102043e-01 5.073243991576311673e-01 5.085470811482428743e-01 5.035557427755833482e-01 5.048530803663470179e-01 5.111270529759157633e-01 5.023535094066741147e-01 5.125334843724999034e-01 5.041024555665644113e-01 5.113130511476288165e-01 5.097320970192242839e-01 5.144536246692781312e-01 5.013895325482279342e-01 5.087488216785613915e-01 5.058855084153743853e-01 4.968650750722823917e-01 5.050780350735556423e-01 5.028276166952635462e-01 5.062162179270424112e-01 4.999836062720730556e-01 5.032701286371340510e-01 5.071303737037162751e-01 5.070650022190411610e-01
6.789491411834996937e-02 1.054368111858387663e-01 2.823616593064728897e-01 4.742759432803592690e-01 4.116889419709164888e-01 4.668017470086803233e-01 1.000000000000000000e+00 6.080596412025222053e-01 5.995878525208870879e-01 5.924557098651455078e-01 6.065252031521579656e-01 7.025989762007225359e-01 6.587204715393724097e-01 6.478649893669007342e-01 7.864266156338574065e-01 7.080946723644392371e-01 6.544733416304007179e-01 4.028309275941149847e-01 5.134532809570583334e-01 3.707556571468907936e-01 4.686884620790147116e-01 5.588609851189993982e-01 5.077153954044590911e-01 4.771126319537619676e-01 5.207010776647826855e-01 6.731273753027879891e-01 6.647332001786946387e-01 6.630140207253636397e-01 6.124118325247809302e-01 6.296701961527456648e-01 6.834460600645229089e-01 6.103923635535217773e-01 5.953556093355694134e-01 6.127712563141745061e-01 5.918011773468809800e-01 6.698028878158575061e-01 6.424732158383232861e-01 6.519145243386098576e-01 6.926893882939257896e-01 6.982589049801285475e-01 7.263598071506826015e-01 7.263003965916663418e-01 7.343677650733626550e-01 7.413989682173065532e-01 7.293146914164030381e-01 7.221712050359654356e-01 7.229221953887392527e-01 7.100465947101294306e-01 7.028236610457356814e-01 6.797404528815148561e-01 6.972124035456986890e-01 7.075483658041969992e-01 7.229336090393729819e-01 6.846879640519167864e-01 6.818070828038657050e-01 6.909484420786231595e-01 6.977356494571337331e-01 7.148459133395956844e-01 6.918609514020320761e-01 7.269036743189948302e-01 7.228687795727953835e-01 7.125499230402350115e-01 7.058519277908124057e-01 7.101058410790157538e-01 7.151062223325741485e-01 7.122520186262735198e-01 7.197363361907964663e-01 7.006967244229866942e-01 6.818675165199649113e-01 6.666312633338342675e-01 7.045929020330419235e-01 7.130117630639375426e-01 6.828795376152871910e-01 6.872844949099522482e-01 7.343529786341328469e-01 7.297912526129377575e-01 7.348843366635501306e-01 7.044332877565899764e-01 7.249921026331831442e-01 7.074883456478193722e-01 7.054228073524252407e-01 7.244992315202645194e-01 7.145354168687434449e-01 6.917968083102192800e-01 6.979537483668754039e-01 7.073798001064979246e-01 7.174765936526813492e-01 7.172821081991179737e-01 7.233566346085056331e-01 7.166796228457001927e-01 7.359070141069130599e-01 7.413555113351438797e-01 7.340464760103675435e-01 7.363686747732450799e-01 7.231634485905736875e-01 7.208381637947728349e-01 7.358432833497309256e-01 7.152576781311111853e-01 7.312755910118071689e-01 7.238575729027272310e-01 7.466308086486147522e-01 7.261606614979065899e-01 7.329235891306284945e-01 7.419245572744823658e-01 7.316462281248982125e-01 7.208495785384166910e-01 7.200793393214406368e-01 7.166529441232369901e-01 7.131244423158603629e-01 7.263348335218993146e-01 7.299382705544472660e-01 7.278033067174876081e-01 7.245420820713392995e-01 7.286834248508285983e-01 7.248450581759243727e-01 7.196525502238780847e-01
1.106923936892705157e-01 1.089796585781184213e-01 2.752620512120723117e-01 4.471939679185137906e-01 3.838609638433855831e-01 3.711738887304698586e-01 6.080596412025222053e-01 1.000000000000000000e+00 5.840626579239255323e-01 5.591406114883092915e-01 5.891590496265143306e-01 6.533098617653431139e-01 6.202768826390476775e-01 5.936145420338985179e-01 6.871583520891900720e-01 6.935858870667661602e-01 6.015041259317043254e-01 4.322264901141582016e-01 5.032890690578680770e-01 3.818593834039011314e-01 4.690264830285522102e-01 5.504523984364196876e-01 5.022379814537156761e-01 4.545680756222681418e-01 5.017993485658963637e-01 6.425826007601743717e-01 6.266998741907642279e-01 6.299781048625131552e-01 5.975911008888240561e-01 6.057302917565697831e-01 6.279813030296620413e-01 6.120043172295978051e-01 5.858161232551297726e-01 5.831957154855139658e-01 5.804078262499393626e-01 6.250884377963407124e-01 5.983185747248093156e-01 6.409540924989532984e-01 6.498938244443782652e-01 6.651920996702163080e-01 6.778897529237575270e-01 6.885077299089894520e-01 6.850794475298783714e-01 6.969828699768632063e-01 6.782859914639534082e-01 6.716399491042863712e-01 6.785394685356056499e-01 6.699542345846538627e-01 6.636898067321040928e-01 6.593754068012482872e-01 6.760607868395513975e-01 6.625862369398038965e-01 6.861394589729958859e-01 6.517437674166823847e-01 6.575094881505489930e-01 6.645849521672478888e-01 6.657999001183302346e-01 6.899924322396833176e-01 6.714895355530892118e-01 6.875817310866393361e-01 6.819990111644026465e-01 6.757332409517546878e-01 6.704761431295500618e-01 6.766400030889168082e-01 6.725845313501497280e-01 6.737963019527996034e-01 6.752726251217791020e-01 6.644950264724516220e-01 6.567545076078430411e-01 6.372501981957607864e-01 6.655229868178978991e-01 6.693267761799249760e-01 6.378934051973128572e-01 6.443546264898707410e-01 6.866613157462135852e-01 6.820949310600347149e-01 6.816391929501548486e-01 6.672807135145616408e-01 6.755099807185733773e-01 6.565117662587108827e-01 6.599763327358363352e-01 6.684454965757689049e-01 6.703755395764098290e-01 6.581103311143722268e-01 6.651634336424299132e-01 6.611857645380125881e-01 6.634115994226033042e-01 6.813634202079428270e-01 6.728739618920243082e-01 6.777121001094206232e-01 6.836067859663268464e-01 6.888200852136940888e-01 6.822589759151805877e-01 6.811503976537781613e-01 6.760416087218525938e-01 6.731256392852472681e-01 6.905165560402298786e-01 6.707548455890381955e-01 6.833611303788599267e-01 6.851267740227201530e-01 6.909145179462132802e-01 6.831240170414134560e-01 6.863804212269526417e-01 6.912354220744356681e-01 6.795558766414889762e-01 6.707073420109473938e-01 6.756732724197975770e-01 6.718371464045486130e-01 6.757626658486438620e-01 6.842532711032977000e-01 6.888596556436799023e-01 6.794447109616172931e-01 6.776779324892419076e-01 6.797588449630218577e-01 6.770116553907069568e-01 6.768909986543657498e-01
2.742446863018687675e-01 2.504818202916861969e-01 3.416081717172634868e-01 3.335661633883603150e-01 3.610246002613178296e-01 4.379559608350409028e-01 5.995878525208870879e-01 5.840626579239255323e-01 1.000000000000000000e+00 6.945063925462181542e-01 7.131437267260581914e-01 6.771717489536361878e-01 6.727470218797689805e-01 6.630213282783652406e-01 7.425270345410386330e-01 7.343892252154857747e-01 7.853669493209435304e-01 6.381046324801585845e-01 6.641206322868128398e-01 6.021500829287617096e-01 5.974395945932462482e-01 6.792759173840864362e-01 7.208546193998381924e-01 6.433071184713795576e-01 6.620349298049057474e-01 8.080179192953608203e-01 7.976443470075161857e-01 8.145379901357944208e-01 7.952473157093576939e-01 7.978833296595714275e-01 8.230607719077934759e-01 8.277989002336693103e-01 7.722031191209948187e-01 7.741159742360370632e-01 7.861796873826618626e-01 7.895366527552077907e-01 8.106588917393284799e-01 7.869037369046513186e-01 7.951495541674317158e-01 7.854606723336970964e-01 8.280066981180572716e-01 7.989446416607395296e-01 7.793352803414264063e-01 8.216474512900975302e-01 8.274469736282000776e-01 8.096725399465768414e-01 8.149346832614339231e-01 8.337504368533965593e-01 8.209948590082664088e-01 7.819569731137232527e-01 8.188459146134828837e-01 7.521783906740545644e-01 7.662984295233106202e-01 8.305689756997812756e-01 8.292209223824185127e-01 8.366909438678691302e-01 8.253265806546988825e-01 8.142211587931347250e-01 8.308323545390763343e-01 8.303572249211658152e-01 8.189306023105797916e-01 8.209610469159178692e-01 8.026945488767145420e-01 8.103536392459618209e-01 8.280716520358548660e-01 8.256245951905509806e-01 8.219318498015526497e-01 8.275747647511982885e-01 8.386090666688894579e-01 8.133727783219614205e-01 7.887433549566152946e-01 8.224973751027265800e-01 8.052725356863300599e-01 8.021019013245520579e-01 8.289615669238959983e-01 8.329119887394048627e-01 8.344603983847664885e-01 8.328182623575617338e-01 8.128306305503304463e-01 8.184408179161670738e-01 8.268458219536787279e-01 8.235957024689930517e-01 8.255699630730868321e-01 8.194213733245686582e-01 7.982334253656188094e-01 8.086698959695918232e-01 8.271476395255976666e-01 8.053570239001941466e-01 8.039113325425655265e-01 8.185121519797877720e-01 8.147299448259787136e-01 8.137063267521245091e-01 8.199195027811364556e-01 8.086103450200701204e-01 8.084482014905889358e-01 8.164649023693204555e-01 7.680309118816726066e-01 7.935778787485266994e-01 8.034761591225482169e-01 8.073338285559960026e-01 7.903284882571014469e-01 8.058669737108781206e-01 7.913207687068201102e-01 7.996247884557514674e-01 8.070766846155238428e-01 8.029295730767056494e-01 8.061521649859806349e-01 8.236715971437134076e-01 8.179208682335912250e-01 8.155105384686448522e-01 8.105248107853855188e-01 8.108478186261937060e-01 8.057131658625681370e-01 8.012662571169280046e-01 8.193174492602519621e-01 8.177933920810187551e-01
9.672461469592545658e-02 2.548586497099799009e-01 2.440446030205400407e-01 3.299700178561202346e-01 3.102854851016417781e-01 3.819017741768676033e-01 5.924557098651455078e-01 5.591406114883092915e-01 6.945063925462181542e-01 1.000000000000000000e+00 6.295485181534971053e-01 6.505279712288237759e-01 6.706154881623040964e-01 6.468536060264765686e-01 7.418901091613271381e-01 7.200645770898506104e-01 6.867600081401866730e-01 4.661421871364219149e-01 5.502637108676075028e-01 3.933719484022783486e-01 4.345018309297878356e-01 5.544998903072698715e-01 5.677304735732514596e-01 4.859960844798769108e-01 5.273420617859438941e-01 7.012764315706790930e-01 6.772101874153804157e-01 7.052733895544366360e-01 6.965282339428184866e-01 6.730534139753953093e-01 7.265125770069514877e-01 7.050543114332485928e-01 7.082336636357041693e-01 6.688150096754243989e-01 6.825680045907640547e-01 6.796587231161143050e-01 6.760813062137964735e-01 7.665959176564326460e-01 7.637392275474441661e-01 7.306805026313035745e-01 7.818564079512762000e-01 7.696409427683130744e-01 7.321331568479567675e-01 7.700001021531827083e-01 7.404732929306748757e-01 7.753325660319800861e-01 7.850700305722256855e-01 7.968268132953685301e-01 7.680532335358210005e-01 7.106253963047536315e-01 7.670656004760625368e-01 6.835209180399245410e-01 7.239974061994839394e-01 7.919146086993826827e-01 7.750064009603190307e-01 7.749052715120480217e-01 7.533283038343479010e-01 7.923810621388273079e-01 7.867606927507471148e-01 7.877816089183548032e-01 7.620977425316481924e-01 7.868858747588020064e-01 7.720720554767831478e-01 7.707966547390966427e-01 7.591251630756298274e-01 7.595488403288576107e-01 7.850048914652895116e-01 7.490318333124243999e-01 7.530428817665348884e-01 7.063547088190473833e-01 7.362470569628388750e-01 7.564297255571943435e-01 7.233614002196143700e-01 7.279792497986125044e-01 7.749796985650850845e-01 7.755159240264565268e-01 7.748420198788622537e-01 7.820871048090275446e-01 7.812942851683950529e-01 7.696586391890540835e-01 7.750581722545931695e-01 7.778211091172249070e-01 7.658771367748171688e-01 7.735507086124610021e-01 7.607543394370840373e-01 7.608904690403421878e-01 7.599501205724571440e-01 7.939358234753565169e-01 7.827831527372235421e-01 7.790993755505027929e-01 7.801659817372372796e-01 7.866223857587161250e-01 7.681010961040314333e-01 7.865074563070896252e-01 7.850919921406841473e-01 7.890891756887284947e-01 7.575579002960268760e-01 7.521495142883344309e-01 7.726592747159707342e-01 7.827740346813147898e-01 7.708281312645722805e-01 7.801153951597238345e-01 7.612667113037826505e-01 7.828205775300615121e-01 7.659477336860538443e-01 7.712550504270520024e-01 7.749339887767310309e-01 7.904364062329214402e-01 7.882236015758219416e-01 7.887128886041377962e-01 7.893417408819791703e-01 7.883155043961765918e-01 7.930562703919462608e-01 7.806704348567827800e-01 7.753706971111885560e-01 7.739729213979674727e-01
9.590948586435088519e-02 1.168750909909658936e-01 3.354094147044444640e-01 4.179764071977142836e-01 4.113159365115903743e-01 4.418950142134681625e-01 6.065252031521579656e-01 5.891590496265143306e-01 7.131437267260581914e-01 6.295485181534971053e-01 1.000000000000000000e+00 7.869853025422476334e-01 6.932546839965211261e-01 6.930347046529363730e-01 7.755418921145132982e-01 7.635661649782722327e-01 7.509788159801558116e-01 5.918007612371245507e-01 6.724385413891709184e-01 5.633471016768908379e-01 6.382570144041532778e-01 7.134572223480600828e-01 7.060444931761810095e-01 6.624608695691649451e-01 6.739917695460232450e-01 8.056646987934391602e-01 7.938921432533913025e-01 7.873298032753948128e-01 7.568664543523163646e-01 8.089054152873329517e-01 8.224188436120501988e-01 7.890230832887968893e-01 7.534126239218881249e-01 7.800689901036529372e-01 7.741257567805034379e-01 8.095787932275484433e-01 8.048976279841338899e-01 7.787031994214342889e-01 8.207210359016376966e-01 8.116758029634708604e-01 8.288267945186026386e-01 8.185738495676524451e-01 8.207244731788415626e-01 8.315759821316367484e-01 8.408551700126556394e-01 8.208982126635012699e-01 8.177863020490364621e-01 8.218107777929885005e-01 8.183175004999129198e-01 7.931678985095996781e-01 8.153889415013082509e-01 8.010995519697715617e-01 7.961064624677436363e-01 8.148761822634965624e-01 8.145029575105388053e-01 8.203229967831625613e-01 8.271860186652448821e-01 8.174020339745076136e-01 8.164057620554925343e-01 8.280332289258586220e-01 8.366765326571515837e-01 8.237832353875534919e-01 8.205296505584556144e-01 8.213446040724214914e-01 8.380853363536577838e-01 8.364213375524517380e-01 8.274476414781565259e-01 8.418172955275040614e-01 8.354802712245337215e-01 8.224223356493495229e-01 8.253764706129149697e-01 8.398657428502933620e-01 8.261120391103976557e-01 8.310391651904991406e-01 8.469576284316576720e-01 8.424089302126833712e-01 8.371923926745897804e-01 8.235365530570626369e-01 8.325998017343694269e-01 8.440851023583088031e-01 8.434845950077463073e-01 8.463234030283327547e-01 8.357104227271366925e-01 8.306917462604255231e-01 8.231434287549938000e-01 8.334710539228967763e-01 8.418446679938905719e-01 8.207448012551649130e-01 8.334854692047732883e-01 8.217164220322258350e-01 8.339558130271188530e-01 8.349720380325463820e-01 8.456094063794172833e-01 8.343732942836262767e-01 8.276358673619965689e-01 8.260420794550543677e-01 8.118776158383713693e-01 8.152301076038044325e-01 8.294920682501547571e-01 8.252091058117563271e-01 8.285112838738198926e-01 8.287095143106198991e-01 8.260869096614891216e-01 8.247194729300567628e-01 8.343228886283369228e-01 8.232091636919375288e-01 8.218237027505584935e-01 8.255346232432033693e-01 8.268302194648670111e-01 8.297347600683422364e-01 8.226548398255904004e-01 8.264341927325646875e-01 8.198197929364264835e-01 8.237281827443215798e-01 8.342725749982956573e-01 8.328173950111841251e-01
-1.016569171831815249e-02 2.661021905110512800e-02 3.027992268618386329e-01 5.631358299918326482e-01 4.705366378115836690e-01 4.817550954627899396e-01 7.025989762007225359e-01 6.533098617653431139e-01 6.771717489536361878e-01 6.505279712288237759e-01 7.869853025422476334e-01 1.000000000000000000e+00 7.622634229809508444e-01 7.453015728146867858e-01 8.550692053549242555e-01 8.219642859230072984e-01 7.284602135561067948e-01 4.388909666870492998e-01 5.671397256467891612e-01 4.351696397136307626e-01 5.405844664075488692e-01 6.348499800463911491e-01 6.002473427307577492e-01 5.370811096536893814e-01 5.789890868997379370e-01 7.754389768615674861e-01 7.601752789167642854e-01 7.484404852017249032e-01 7.007011633644552040e-01 7.553664250946533487e-01 7.971552700483390819e-01 7.281668277215732621e-01 6.930413847666354599e-01 7.166829353832347982e-01 6.990642500331256670e-01 7.882094704934590190e-01 7.603540780988899961e-01 7.504198339986273281e-01 8.083822727531981833e-01 8.015778359972339784e-01 8.447322876727250129e-01 8.354025846257466803e-01 8.458704533944394477e-01 8.551329848543871570e-01 8.475438314764892622e-01 8.310027935046729874e-01 8.495923809754203360e-01 8.331086097893828368e-01 8.349351397592633672e-01 8.066116219124369602e-01 8.168687882875473871e-01 8.299285779690602771e-01 8.466872098405486824e-01 8.049578145241670368e-01 7.974366967984307664e-01 8.009718577096291980e-01 8.238954051244529175e-01 8.297329381332743115e-01 8.082979312411224804e-01 8.487352386849406072e-01 8.598284094155402846e-01 8.324336676314240124e-01 8.301667183306348230e-01 8.408672313553997579e-01 8.402398585156874988e-01 8.488019552802728018e-01 8.502799130991939291e-01 8.189982367851380562e-01 8.153732838013274531e-01 7.936500760934535048e-01 8.168511026211293657e-01 8.321345347270096005e-01 7.996412502764532748e-01 8.089151296710308525e-01 8.661969573523115029e-01 8.549494720822385929e-01 8.512908415408461105e-01 8.217750620276720319e-01 8.523409325191086960e-01 8.451968674410055282e-01 8.396804419735676150e-01 8.606062432886160130e-01 8.406822082813655284e-01 8.181284473780555677e-01 8.342352009712260541e-01 8.386875835703485604e-01 8.511624226338138088e-01 8.385908162482139661e-01 8.554659026553442791e-01 8.368704301303219184e-01 8.567862439304707589e-01 8.672483679812730273e-01 8.686044232606568993e-01 8.661460854718252556e-01 8.608032360375483805e-01 8.540931094544864655e-01 8.627722669863743254e-01 8.530758364757904388e-01 8.667473664584961490e-01 8.555836190275136754e-01 8.729656032472730143e-01 8.573909698937857149e-01 8.696585543431064602e-01 8.689091832597097831e-01 8.660645326779209396e-01 8.502173896263349739e-01 8.571388324408932835e-01 8.457087672345847684e-01 8.419601601954085357e-01 8.552993455109370036e-01 8.507410726243473942e-01 8.583924216572056398e-01 8.503575590481622370e-01 8.616472196593202293e-01 8.533707750368237921e-01 8.568787358103373553e-01
4.126792500155320592e-03 7.445001958708793999e-02 2.530323381107971170e-01 4.473178131911850208e-01 4.219953987747189772e-01 4.446305239259142339e-01 6.587204715393724097e-01 6.202768826390476775e-01 6.727470218797689805e-01 6.706154881623040964e-01 6.932546839965211261e-01 7.622634229809508444e-01 1.000000000000000000e+00 7.003828493990225112e-01 8.108307199143617305e-01 7.951726223756073741e-01 7.144608828973353365e-01 4.399990359351897418e-01 5.414420986809047598e-01 4.253456610385118464e-01 4.903561808372962072e-01 5.704694661147702295e-01 5.724174308262830468e-01 5.060686249621254573e-01 5.237484331967421358e-01 7.193636224527618639e-01 6.965754701714964581e-01 7.039270249254734324e-01 6.716886064519758115e-01 6.935151646331568775e-01 7.452884627894237335e-01 7.126943477934242210e-01 6.748419243329285555e-01 6.930161550990980857e-01 6.757346941548536545e-01 7.315576489405173355e-01 7.116493909560289710e-01 7.264958495070972244e-01 7.740698648421578953e-01 7.520890477778257033e-01 8.106770776540399570e-01 7.927991892286264664e-01 7.795904278468965831e-01 8.166266422756461862e-01 7.934358340654698027e-01 8.048615919230217575e-01 8.250274587287057537e-01 8.185082610844948148e-01 8.075356537456075401e-01 7.671520660128019475e-01 7.779617020222389101e-01 7.730258470937494408e-01 8.044590782435887544e-01 7.932463734223021978e-01 7.822842467870827488e-01 7.816023518151994365e-01 7.833877032560531140e-01 8.009294293340935011e-01 7.833852074470355475e-01 8.227805043818691155e-01 8.137566944961415194e-01 8.032303108599453401e-01 7.919657613753197101e-01 8.027812237680724827e-01 8.035382731278041257e-01 8.133455967968585831e-01 8.277797220853138072e-01 7.863316226217575977e-01 7.928271556409632881e-01 7.661580646236735292e-01 7.802486844520857279e-01 7.906096666129807105e-01 7.728192767801349561e-01 7.711059579428630739e-01 8.234847747080180635e-01 8.178933249670615746e-01 8.100405408299310439e-01 7.992376109229331060e-01 8.160824710197616128e-01 7.979000279698936771e-01 8.078323421027935325e-01 8.188287684800863442e-01 8.112853584813325414e-01 7.923245523686500702e-01 8.087767934294751715e-01 8.118498408092743590e-01 8.122433353237804576e-01 8.139497608746477653e-01 8.193534436554126277e-01 8.131744563884448773e-01 8.217599316938219989e-01 8.315549754389075510e-01 8.269846939620969506e-01 8.269995699541464740e-01 8.311195407996462281e-01 8.298662297569567858e-01 8.227700803564050869e-01 8.150665307938055326e-01 8.276971552109337882e-01 8.228373675162173884e-01 8.262886304035564899e-01 8.199701020037490906e-01 8.281489644173956055e-01 8.334596429101962523e-01 8.290107817130846213e-01 8.144987713138591712e-01 8.282669312776219650e-01 8.258274624796273500e-01 8.204812204856146707e-01 8.282350893379915036e-01 8.240974870036041899e-01 8.307281954256059420e-01 8.228763141888189026e-01 8.280133581552290289e-01 8.254953660132968718e-01 8.268921171663899949e-01
