1.000000000000000000e+00 4.849440697078542806e-02 3.168564030502384748e-02 3.854760816954551361e-02 2.945099942040568797e-02 2.881603277332773355e-02 4.191120470656521137e-03 3.595553189096956787e-02 6.719752550996788143e-02 3.632092366441060788e-02 -4.639379909008313832e-03 7.181595537962923159e-03 5.888524387685868449e-04 -3.058128955888600280e-03 7.189712492785558899e-03 1.980740952551647213e-02 5.191373480023552672e-02 3.304891777037155531e-02 6.046658842482201084e-03 3.057073117538429419e-02 1.745267299046600676e-02 2.968357459051430142e-02 2.040324900374082193e-02 1.643970032739748002e-03 1.172425596519919427e-02 1.569000135244982830e-03 -2.801413650151347683e-03 -8.606255817616063550e-03 -5.455160401156457575e-03 3.717798409938023220e-03 6.350136655621870310e-03 1.653663537604187911e-02 1.093434823024764212e-02 4.682854752981823777e-03 7.030333719410554287e-03 1.213040651895540972e-02 8.795533546665880442e-03 -6.020071259590503709e-03 5.490082475930556762e-04 -7.110023017514016316e-03 4.910830413875765833e-03 -5.067612362281874623e-03 -6.693814116539042493e-04 4.221845799859878096e-03 2.257651294722476734e-03 -3.872276145033534678e-03 1.570983549342031471e-03 7.479355108393513814e-03 1.476177442568171912e-02 2.956968625888186861e-02 1.171557701122607521e-02 2.342278651903397305e-02 1.322096363230037055e-02 1.689150463658879719e-02 1.541467749146437950e-03 -2.388538211220707537e-03 3.091903822211041972e-02 6.174746381793547352e-03 1.352637247836950898e-02 1.131836232743086736e-02 1.010587510805729429e-02 1.091545932215078410e-02 1.025658095213089448e-02 1.327613423722630651e-02 1.934708262640439866e-02 2.307947475938271556e-02 1.333068116131508156e-02 -2.874235881098695898e-04 1.978113100754558869e-03 8.961522692118438493e-03 8.299481767974735066e-03 7.879365634514259864e-03 -2.032413608867604179e-03 2.372411170998905625e-03 6.709852272317719246e-03 2.913169421932089703e-03 8.543101230858685894e-04 1.017018717739666921e-03 2.303342870826657635e-03 5.569182017952422313e-03 9.830665149264753919e-03 4.932897033104573226e-03 1.357169818789250547e-02 4.389034385198661153e-03 4.482940653958151014e-03 1.109070165040226688e-03 2.813352973038063184e-03 -9.263544510592542931e-04 5.203485733231670574e-04 2.769904690608857110e-03 -1.194422716302404432e-03 -4.221790803784008323e-04 3.111288091681021096e-03 -2.207969512891080031e-03 1.225223554088572878e-03 6.781102831723588228e-03 1.042589103239900845e-02 2.708175866083306627e-02 7.438065033081825254e-03 5.887331151058244894e-03 -1.649259386117528663e-04 9.143766079862586382e-03 1.046830168776085625e-02 3.940301471111779148e-03 1.292125477178534751e-02 1.652553501225545105e-02 1.144745100895408485e-02 2.791673965977799644e-03 6.964724547106252274e-04 1.016535285816803393e-02 3.461749668227337689e-03 4.021578977871836935e-03 4.302513978427668744e-03 5.624968227315452207e-03 1.401973661132732522e-02 1.782217229277890252e-02
4.849440697078542806e-02 1.000000000000000000e+00 9.999079118240115915e-02 1.260215188127243036e-01 4.888886381704989070e-02 5.022638731356273561e-02 1.773132889303540849e-01 1.298976947212349964e-01 1.652006089413403378e-01 1.705428077919459717e-01 1.673065306241394989e-01 1.693286698768612375e-01 1.494043509982941609e-01 1.159473040939541094e-01 1.732861001335485596e-01 1.730456099004045734e-01 1.531846637686453128e-01 1.761426442521479563e-01 1.810656960862399856e-01 1.734873232234135920e-01 1.685093191528511947e-01 1.764153309543068093e-01 1.935231930807235212e-01 1.937784132671429016e-01 1.938396697292320281e-01 1.736900240350729152e-01 1.720512334000513788e-01 1.860198498210687557e-01 1.557982465434668007e-01 1.724730276850536537e-01 1.800821235199181192e-01 1.837395124311446970e-01 1.648345431270268890e-01 1.897097086235087493e-01 1.584307539952908572e-01 1.890330359361366563e-01 1.747294654839978700e-01 1.828820640843872858e-01 1.852606409647915009e-01 1.998176828024538221e-01 1.793740445641959780e-01 1.894516444110528608e-01 1.835656388128364125e-01 1.816410706207595704e-01 1.856178451965942444e-01 1.812200645644163888e-01 1.691235673509767778e-01 1.756962271990284707e-01 1.752716485962943216e-01 1.721972592888906251e-01 1.805262679416785865e-01 1.742783560766792694e-01 1.650606148215611746e-01 1.729037292365767364e-01 1.719538912990839774e-01 1.907741630928817544e-01 1.582222709324787313e-01 1.694823411682641889e-01 1.741211354390322930e-01 1.732436572724850854e-01 1.704594177015470446e-01 1.673624082680970349e-01 1.565200626105287818e-01 1.721217436515626031e-01 1.659111219889981281e-01 1.653325054336061417e-01 1.748161112873175271e-01 1.794906412837793397e-01 1.793072665230421026e-01 1.761382016150199736e-01 1.823511587746769469e-01 1.825218064488360603e-01 1.829598328077643443e-01 1.909346958448519260e-01 1.762518896140242708e-01 1.721602180971459617e-01 1.769729830641282586e-01 1.693854114819937084e-01 1.808127669007275340e-01 1.744412593970403602e-01 1.772319928687341728e-01 1.782506933161435436e-01 1.866153637438461299e-01 1.702282493292400500e-01 1.748411201564525064e-01 1.818197999617257865e-01 1.799507477283349699e-01 1.782269563372284871e-01 1.777231870202630737e-01 1.846374305639625346e-01 1.815810726871322778e-01 1.771405934784030523e-01 1.777612614679739134e-01 1.773310058589918359e-01 1.680754343786527161e-01 1.743269256274348755e-01 1.646260411505104382e-01 1.652064571663093284e-01 1.675129524694212446e-01 1.719521330387352720e-01 1.717555635381550760e-01 1.631491078072645762e-01 1.742463589061622742e-01 1.729602395783030044e-01 1.739385073213321198e-01 1.561209330131035355e-01 1.731667868073102357e-01 1.773684107579013569e-01 1.779365974766489444e-01 1.698518358555378971e-01 1.688509993970133682e-01 1.714142094473884992e-01 1.685177048540870970e-01 1.691749273844207480e-01 1.741434880839479171e-01 1.677735803808407533e-01
3.168564030502384748e-02 9.999079118240115915e-02 1.000000000000000000e+00 3.175699296313929110e-01 1.963237881217066716e-01 1.738439756473210140e-01 3.432274388141183796e-01 3.361568439346940274e-01 3.441640416119668422e-01 3.343899064932550069e-01 3.722563538761793356e-01 3.920359248936228780e-01 3.433880023259422432e-01 2.986972756101192172e-01 3.883210484866010392e-01 3.811753589309485046e-01 3.703935854224582602e-01 3.752068378936175841e-01 3.800924440261067017e-01 3.504657743847448548e-01 3.790951277817788956e-01 3.925667084427085229e-01 3.765528659360776187e-01 3.800411471190590085e-01 3.797437602094460574e-01 3.949873830757680282e-01 3.896484927087275896e-01 3.832114927117040715e-01 3.744328431021175518e-01 3.868399560633838941e-01 4.045072680812267785e-01 4.026196914151872752e-01 3.933020673452909399e-01 3.987447862144440913e-01 3.826981727055958626e-01 3.953789232670004705e-01 3.965070791401583139e-01 4.000785704979570312e-01 4.004717590204508459e-01 4.012449594966378541e-01 4.003372840753232631e-01 3.989851478726718081e-01 4.001784740270670770e-01 3.978753828338221221e-01 3.988686075740608961e-01 3.938210332609144437e-01 3.976300328489423830e-01 3.994927253567760461e-01 3.975783659997825792e-01 3.979278022635585610e-01 3.997077313187550884e-01 4.009633683904900159e-01 3.888393436863044617e-01 3.949010287646044226e-01 3.841410652351378574e-01 4.000944964077892130e-01 3.840747920416746064e-01 3.941168544639235272e-01 3.922781946654221308e-01 3.949654384475300151e-01 3.995816689085467943e-01 3.890316058278859845e-01 3.900793500800123770e-01 3.965041060850925114e-01 3.950301646160735980e-01 3.938525851353820717e-01 4.023448243833124827e-01 4.020117993386926325e-01 4.013108615541881030e-01 3.999574007472263548e-01 4.016546083607749340e-01 4.019185367870279357e-01 3.999424393113428788e-01 4.021526666464336208e-01 4.056284844727897076e-01 3.951917151825348751e-01 3.992747989554227828e-01 3.941588429152498851e-01 3.997675342841391366e-01 3.981909367274257816e-01 3.995629236014517360e-01 4.026013589612683075e-01 4.079713542314655772e-01 3.961630372831225211e-01 4.059121908035859816e-01 4.043677297860452935e-01 4.029251131945054132e-01 4.021830074423919377e-01 4.020647375182601624e-01 4.062720798908930342e-01 4.057550936260201913e-01 3.998225367593593038e-01 4.068388222724589887e-01 4.015564420352541464e-01 3.939677229936292546e-01 3.985192189705835109e-01 4.028172947176487106e-01 4.009706659081956892e-01 3.984007754290693759e-01 4.026430659229877640e-01 4.020794147444503586e-01 3.948921073804274595e-01 3.990995691442029147e-01 3.978394298121952777e-01 4.027252661886998042e-01 3.930483226958125242e-01 4.015097876218576278e-01 3.952316945771663925e-01 4.013478894780417860e-01 3.964588556856414314e-01 3.974282239409897555e-01 3.981622986996295466e-01 3.968990185918299107e-01 3.967636722405685767e-01 3.973307462142353086e-01 3.967635957583214856e-01
3.854760816954551361e-02 1.260215188127243036e-01 3.175699296313929110e-01 1.000000000000000000e+00 3.221355304427048205e-01 2.523869171922570320e-01 5.633966551746464324e-01 5.635412435398912123e-01 5.861336379085629877e-01 5.663254712256884371e-01 5.946427141703637398e-01 6.402750902705808267e-01 5.739489858120455645e-01 4.672503740796295491e-01 6.366410822614712028e-01 6.289437612473447459e-01 5.882204762388311137e-01 5.989264014328574692e-01 6.032121527741667322e-01 5.821734649038071696e-01 6.037645709926351412e-01 6.325098700874657309e-01 5.923060752941794460e-01 5.990122986462284027e-01 6.056703923712550841e-01 6.363606773957168894e-01 6.360974978169106064e-01 6.262692811121158831e-01 6.168950583476489058e-01 6.368933616177475665e-01 6.557463136829174699e-01 6.399229854521752969e-01 6.167030966425476324e-01 6.276369553562461956e-01 6.161811027295851506e-01 6.404053027486068528e-01 6.334303584223256456e-01 6.406200788091040987e-01 6.505797713684334793e-01 6.349930189918193690e-01 6.581158946572308599e-01 6.552808124240480092e-01 6.534325922417477672e-01 6.508600373141565365e-01 6.537395151701337337e-01 6.471910250091293948e-01 6.429174319103833080e-01 6.551385890055776429e-01 6.430241867409693945e-01 6.313319763507823090e-01 6.460109965077845962e-01 6.405765517668634557e-01 6.380066708024086930e-01 6.492719218548066440e-01 6.343058482007524201e-01 6.456104229106086612e-01 6.302188771625494290e-01 6.469802897094989458e-01 6.351635004281891428e-01 6.499590149205987100e-01 6.505319833002248808e-01 6.420068023417034864e-01 6.331281145911028529e-01 6.474677318414800986e-01 6.490780151451750468e-01 6.471728981432207650e-01 6.519488651153227954e-01 6.512299580295238810e-01 6.484270945251023877e-01 6.573150215774958838e-01 6.571582974414632572e-01 6.564224677830103882e-01 6.482848666175350383e-01 6.537743045219847060e-01 6.534441392224499268e-01 6.548420056595521954e-01 6.521593040054359802e-01 6.515039766217873840e-01 6.531290801719432659e-01 6.529876596315443704e-01 6.523070003981296106e-01 6.530055628635348386e-01 6.584692076732536758e-01 6.513125616845361066e-01 6.517049310921980698e-01 6.529065188576669287e-01 6.551510737170183063e-01 6.551562521185388954e-01 6.544798965226306109e-01 6.568160832585973052e-01 6.555379638274201337e-01 6.558977738280973302e-01 6.584040196969875858e-01 6.543709892558784436e-01 6.513610178382519544e-01 6.526217385304632357e-01 6.519055799383473015e-01 6.501455376893615634e-01 6.537218414729888405e-01 6.543816133070941010e-01 6.570927129830917979e-01 6.515732796952601324e-01 6.525922109723882869e-01 6.565684264007539683e-01 6.578379660044729738e-01 6.490196427233432264e-01 6.535176087174511261e-01 6.516787930998891865e-01 6.541552046026345435e-01 6.508288655150743507e-01 6.513249282136145402e-01 6.521533533092612744e-01 6.535211539937311187e-01 6.523267485772188401e-01 6.526401834462641771e-01 6.529582384209291490e-01
2.945099942040568797e-02 4.888886381704989070e-02 1.963237881217066716e-01 3.221355304427048205e-01 1.000000000000000000e+00 1.739413802481989679e-01 4.539314220339781270e-01 4.723369479154657102e-01 4.337672675927486399e-01 4.309757829822487563e-01 4.508805945445767960e-01 4.858588951774563958e-01 4.669105302154529236e-01 3.600058772794605955e-01 4.962132784723116696e-01 5.000906300673075844e-01 4.548663767766259469e-01 4.572925920728729832e-01 4.448908611321544804e-01 4.664400954781668385e-01 4.689056133572988561e-01 4.752801642917414138e-01 4.553149745329847509e-01 4.559028991175174128e-01 4.428924073240243509e-01 4.928507382068906262e-01 4.617353455746732172e-01 4.507142433176555274e-01 4.348281003794175481e-01 4.684285194881661618e-01 4.955980107276397040e-01 4.928092038773900230e-01 4.595046312270759103e-01 4.816620960282115282e-01 4.639585090104704213e-01 4.833087685742371575e-01 4.758648710836582141e-01 4.903551608843999543e-01 4.988856737623525439e-01 4.666794948059608816e-01 5.012707305146294479e-01 4.865199432344563535e-01 4.989663195411012664e-01 4.963899512728786045e-01 4.928581999998560836e-01 4.880852730397909900e-01 4.971754657200062599e-01 4.984978242887456723e-01 4.951852071132225586e-01 4.909694753949596646e-01 4.979208023588368448e-01 4.875901831394005015e-01 5.007610038217392701e-01 5.040990332638741744e-01 4.905362430547546282e-01 4.929364407522293656e-01 5.074289752271461396e-01 5.047729545836087128e-01 4.972097011127069033e-01 5.048660892705972847e-01 5.060105722172139053e-01 5.069413689999060502e-01 5.004298912927593879e-01 5.051711720293917685e-01 5.048180220300451104e-01 5.081813958638111695e-01 5.008881852514688315e-01 4.991047739832884522e-01 5.015295296472184194e-01 5.087206317793873112e-01 5.006774105473237313e-01 4.991556186526302508e-01 4.989668629011171364e-01 4.926506107460321693e-01 5.005430749263399814e-01 4.939281316932771504e-01 4.882386906849885966e-01 4.823230759121220901e-01 4.946705352184440074e-01 5.007145844851389471e-01 4.992193941101809029e-01 4.997375565130227071e-01 5.062676622698927265e-01 4.982695672594869007e-01 5.024948911273943164e-01 4.994000385866067537e-01 4.984146229543086060e-01 4.987081850102805247e-01 5.002861897958685855e-01 4.985493762111173899e-01 4.932200271984352735e-01 4.972265135216393794e-01 4.953963056445798152e-01 4.939752560336716503e-01 5.001590571691961751e-01 4.998155159277961057e-01 4.982139366427737470e-01 5.051752987670724560e-01 5.034115541645972636e-01 4.994054953590064683e-01 5.019361259752108673e-01 5.053965790136363267e-01 5.005058905297103955e-01 5.005089595332427033e-01 5.052529420958277173e-01 5.085311619666500471e-01 5.031903508830084526e-01 4.991438781196336771e-01 5.015728307754042659e-01 5.049302411851233074e-01 5.021138840195241704e-01 5.030741256518017623e-01 5.036254377950258876e-01 5.035878281673212831e-01 4.987762207491499566e-01 5.063455057007018034e-01
2.881603277332773355e-02 5.022638731356273561e-02 1.738439756473210140e-01 2.523869171922570320e-01 1.739413802481989679e-01 1.000000000000000000e+00 3.674598800320704184e-01 3.173634346459328071e-01 3.271910439599747256e-01 3.139416604746218531e-01 3.336738078729007961e-01 3.637896147891228615e-01 3.082193613242885100e-01 2.514920060418913694e-01 3.641994019272709604e-01 3.589378095647339229e-01 3.240302184722538836e-01 3.412433817518372714e-01 3.252091807706348203e-01 3.527612303657706172e-01 3.360820948494165350e-01 3.590422569239943851e-01 3.138034706871484225e-01 3.226720853607025208e-01 3.316133318884765813e-01 3.578548932303586838e-01 3.555881761906147798e-01 3.447809506269285951e-01 3.662629282816568521e-01 3.520627067485226913e-01 3.676621153253178953e-01 3.558775091540147262e-01 3.448167001715322089e-01 3.352986984399177750e-01 3.371426595166434059e-01 3.583057148565865768e-01 3.600263774061903677e-01 3.677793214519592957e-01 3.613771781588253074e-01 3.581230447175837162e-01 3.733428153558555063e-01 3.712302697582995359e-01 3.625666960829588836e-01 3.709007191139805371e-01 3.654657163708340817e-01 3.647528879764855847e-01 3.756331129839163285e-01 3.780564350788477856e-01 3.756774362769541575e-01 3.659075090697323507e-01 3.684068460474185791e-01 3.679028920235378197e-01 3.713313622411097414e-01 3.739677972741659029e-01 3.745194441605272373e-01 3.685350212364694733e-01 3.634719126821682189e-01 3.741803524988005503e-01 3.749201112957999404e-01 3.719851451086682026e-01 3.733260915144161474e-01 3.735728641305161024e-01 3.654173921490482813e-01 3.732764743223389026e-01 3.679944523451201821e-01 3.694189248134392978e-01 3.724066461471418621e-01 3.727262585602515443e-01 3.686413434343913109e-01 3.728514099972262130e-01 3.739350509702822345e-01 3.780559913211645751e-01 3.647514882475046960e-01 3.685629173975992767e-01 3.752114879380002987e-01 3.802329504495552404e-01 3.732874701706563325e-01 3.831573611823091974e-01 3.715205624352398428e-01 3.766177749868673263e-01 3.727715311553977950e-01 3.778817760757121613e-01 3.729358528510810511e-01 3.722181227765533063e-01 3.676245913051773284e-01 3.664865531100647278e-01 3.767535386668824371e-01 3.736040899481572475e-01 3.741642216456675940e-01 3.710500730171224504e-01 3.742791186301926420e-01 3.769867737448012179e-01 3.747160186658514136e-01 3.742969529644675220e-01 3.757883699549777190e-01 3.780339629324904194e-01 3.716132370788272077e-01 3.707341076005200020e-01 3.752658578616080987e-01 3.748605474032986606e-01 3.733798803598809557e-01 3.725924256200129348e-01 3.780265275279239279e-01 3.758570448912814110e-01 3.752774673916484671e-01 3.690888806392151889e-01 3.755002722589018127e-01 3.744960200834701047e-01 3.752164519828511402e-01 3.761178487993339647e-01 3.767442357806160547e-01 3.752495699112579630e-01 3.762529243522179101e-01 3.733855675289605713e-01 3.735960741077979930e-01 3.729197278739733168e-01
4.191120470656521137e-03 1.773132889303540849e-01 3.432274388141183796e-01 5.633966551746464324e-01 4.539314220339781270e-01 3.674598800320704184e-01 1.000000000000000000e+00 7.177144184506074609e-01 7.380864098633783676e-01 7.104736164356102446e-01 7.559735030974110703e-01 7.985411001404659759e-01 7.139754663140869262e-01 5.763694886842728460e-01 8.253539986543758644e-01 7.988795309262918254e-01 7.378943842477310167e-01 7.436448886383163481e-01 7.437545958697452386e-01 7.384003892102832811e-01 7.427329283707448937e-01 7.749576119263701379e-01 7.353538521176679055e-01 7.299214226929182647e-01 7.251588277076076450e-01 8.055752144188067509e-01 8.015351662677516753e-01 7.895849403136900868e-01 7.725093508892657557e-01 8.118860714913350707e-01 8.370390910633546122e-01 8.153723615026391425e-01 7.728096119372283024e-01 7.924411690850536871e-01 7.817813007765592737e-01 8.016738121962359021e-01 8.106823582272434381e-01 8.151844599014705928e-01 8.241012807761972647e-01 7.954983007547713481e-01 8.230359873795609627e-01 8.229350806237072380e-01 8.213358209230379181e-01 8.267119405977872981e-01 8.234733353273333556e-01 8.250561141154266753e-01 8.227031160669721066e-01 8.266973980509151332e-01 8.312558163902573627e-01 8.117299006300174868e-01 8.215990559071054689e-01 7.963582880300852374e-01 8.132152914175649894e-01 8.279307146462355771e-01 8.144708885879697879e-01 8.184936046930429976e-01 8.161294513630628078e-01 8.236283753261771645e-01 8.264404933330056213e-01 8.258113159100711753e-01 8.321772220302989798e-01 8.286274072515524836e-01 8.226988274946583912e-01 8.267337449817766526e-01 8.179824655121736843e-01 8.218343520378255107e-01 8.298577637474904289e-01 8.275175930496897481e-01 8.319283768062127882e-01 8.347051069288097258e-01 8.236444201388343211e-01 8.269127220992474880e-01 8.240786266717780029e-01 8.144693471184863975e-01 8.367573974513049517e-01 8.328880590498342062e-01 8.344669349145354964e-01 8.266185694928791516e-01 8.337593409565352554e-01 8.346775456760665568e-01 8.327800465607380076e-01 8.364047170625950045e-01 8.336832317333232600e-01 8.273838438683490670e-01 8.276736100777123406e-01 8.278475336155237674e-01 8.335171883844456620e-01 8.341371223757897413e-01 8.346634325860130543e-01 8.277162027769463526e-01 8.310147027513581364e-01 8.331779267361848484e-01 8.301458371360921351e-01 8.330065970383475626e-01 8.288397269816714097e-01 8.301593693585060940e-01 8.251128224941923772e-01 8.286822913484978015e-01 8.340736118361625762e-01 8.311612158299055420e-01 8.301683325506640232e-01 8.307766854057754280e-01 8.280469121418285727e-01 8.301564432628381063e-01 8.280566530928175073e-01 8.272105212654721207e-01 8.339482746498471100e-01 8.294398189750986639e-01 8.324587363905607829e-01 8.303719245559890716e-01 8.325047747901496153e-01 8.300562805489367646e-01 8.310172659033746578e-01 8.299544608219106001e-01 8.245543714175652683e-01 8.245204097252812891e-01
3.595553189096956787e-02 1.298976947212349964e-01 3.361568439346940274e-01 5.635412435398912123e-01 4.723369479154657102e-01 3.173634346459328071e-01 7.177144184506074609e-01 1.000000000000000000e+00 7.285131941345188711e-01 6.954485596515209700e-01 7.418810501056376516e-01 7.900840557167377876e-01 7.168608775719903514e-01 5.725378205009263866e-01 8.001780885827023404e-01 8.009798381985674398e-01 7.320230964275991070e-01 7.603492562799810672e-01 7.298997656127016453e-01 7.361512218825092546e-01 7.581199866707635238e-01 7.791168641136250184e-01 7.181424412254753253e-01 7.170578880492380902e-01 7.153864239711986706e-01 7.784945706610433280e-01 7.703276007271158132e-01 7.387975547296825596e-01 7.288120904289209223e-01 7.775102283720534135e-01 8.077638361889926122e-01 7.942828338849684533e-01 7.420727127797995815e-01 7.713072403750608208e-01 7.579365050250511660e-01 7.744989189129797280e-01 7.754374130716084057e-01 7.995610834134517786e-01 8.060589438009658769e-01 7.671023474740441550e-01 7.977962721113301958e-01 7.993665944725419914e-01 8.097074658126400815e-01 8.106143064370820994e-01 7.971538799574791057e-01 7.992889407324100803e-01 8.102452979411348677e-01 8.164783409782724322e-01 8.168642744644581954e-01 8.068556512552861326e-01 8.143779168221019216e-01 7.861056710871946462e-01 8.021636586387619339e-01 8.204491972080539819e-01 8.042695072716943283e-01 8.051978986416244988e-01 8.203501613173447282e-01 8.130097251208044939e-01 8.183660348833856624e-01 8.141017961165806227e-01 8.229920460387449843e-01 8.229400698615447762e-01 8.190817666427114840e-01 8.186805554502443183e-01 8.096651959096028417e-01 8.194825485152161804e-01 8.131649101377215194e-01 8.141211615943270141e-01 8.130946201860973499e-01 8.253750137777744467e-01 8.172260867418738028e-01 8.134402964712129647e-01 8.075103443125235536e-01 7.984612466658248531e-01 8.146888682404930249e-01 8.115617865921082030e-01 8.031835532242161957e-01 8.000589953492603934e-01 8.089028613065527562e-01 8.158748222395453276e-01 8.102864881123490459e-01 8.145382691164444466e-01 8.186669008394816816e-01 8.084165538029356446e-01 8.127701035915814165e-01 8.084004767736870933e-01 8.114558044766412293e-01 8.148484978683646629e-01 8.152130468021797638e-01 8.102408682724642208e-01 8.051160823827716584e-01 8.128776035189572147e-01 8.109043360987686633e-01 8.124918769259110718e-01 8.131632853759866997e-01 8.167594605391869100e-01 8.185388406859573918e-01 8.236378233113784697e-01 8.212564824115561324e-01 8.193959602336665649e-01 8.194888685470183010e-01 8.228770817791227765e-01 8.151484276779590310e-01 8.171700113558854062e-01 8.187579642268069113e-01 8.239537731186261649e-01 8.217696646397288918e-01 8.131134700924043113e-01 8.163535396988964576e-01 8.181575564340749507e-01 8.210240135913313697e-01 8.160950452472069960e-01 8.210681337120470102e-01 8.191536799181916573e-01 8.132740396215460965e-01 8.169651286340672280e-01
6.719752550996788143e-02 1.652006089413403378e-01 3.441640416119668422e-01 5.861336379085629877e-01 4.337672675927486399e-01 3.271910439599747256e-01 7.380864098633783676e-01 7.285131941345188711e-01 1.000000000000000000e+00 7.287645577539437758e-01 7.822457066778804036e-01 8.323990524977226135e-01 7.512982211032358526e-01 6.009762574517647504e-01 8.340159287207551397e-01 8.333380167970836361e-01 7.753796751127980391e-01 7.637333077461780917e-01 7.622524434699483598e-01 7.407495661293204137e-01 7.631938585083333226e-01 8.029010162568761544e-01 7.223590649081369497e-01 7.221068238409206197e-01 7.337100167588082034e-01 8.233932240284517201e-01 8.223790480413492032e-01 7.800889948865590284e-01 7.722401250003250173e-01 8.257469547699672896e-01 8.585820705552462684e-01 8.220192939045052327e-01 7.732157639086186807e-01 7.998413099385166536e-01 8.023850024781915558e-01 8.135650813405300719e-01 8.260437280776042890e-01 8.369675431520987585e-01 8.469334041528019386e-01 8.002718386836974451e-01 8.487905726772397852e-01 8.446989411265416470e-01 8.469142277946666297e-01 8.642104679552349289e-01 8.472695169258762649e-01 8.470221118092217116e-01 8.633136240949312867e-01 8.692459540690784525e-01 8.677213833201109505e-01 8.463212128129055101e-01 8.611928223976391683e-01 8.225600887933616212e-01 8.521225216961182403e-01 8.665320545889805270e-01 8.454393374587607646e-01 8.421107385470263385e-01 8.518181207185367976e-01 8.623338261542107253e-01 8.655740728316306809e-01 8.692152755172392053e-01 8.680577552291252053e-01 8.678653754449173752e-01 8.566612028871419815e-01 8.690784644369288214e-01 8.626620966378872879e-01 8.646465329840247183e-01 8.663512989604688075e-01 8.586748810298587831e-01 8.574828013549599115e-01 8.605775423135813007e-01 8.573820387559736300e-01 8.636043274517444246e-01 8.458788489601241078e-01 8.396125105728234894e-01 8.626876736464755835e-01 8.622169658758492838e-01 8.538985702998503902e-01 8.478546225120048296e-01 8.568858172966274944e-01 8.672562201171656326e-01 8.635381535399963004e-01 8.678164889513073632e-01 8.631851118114283183e-01 8.580225244902166537e-01 8.574329097852840809e-01 8.515538823954094116e-01 8.609219819856300804e-01 8.625244028984189182e-01 8.625173309886464690e-01 8.540977723865427196e-01 8.527598843828851916e-01 8.608041792934598702e-01 8.623216110763318731e-01 8.638618607466000965e-01 8.655237603667000901e-01 8.680736926803483966e-01 8.554036310642186836e-01 8.663923096727675910e-01 8.668403814896022963e-01 8.668330560758303882e-01 8.592940074578968579e-01 8.649830020798053853e-01 8.623767451690846908e-01 8.658254355753929321e-01 8.609769995890528271e-01 8.581748203464728553e-01 8.702713928651801822e-01 8.660332469295457525e-01 8.637279015793131176e-01 8.678854210955815329e-01 8.658010615444468039e-01 8.674767722927400060e-01 8.666654588722674246e-01 8.662965285442266739e-01 8.649429278655013098e-01 8.653734825258785346e-01
3.632092366441060788e-02 1.705428077919459717e-01 3.343899064932550069e-01 5.663254712256884371e-01 4.309757829822487563e-01 3.139416604746218531e-01 7.104736164356102446e-01 6.954485596515209700e-01 7.287645577539437758e-01 1.000000000000000000e+00 7.421242835364489920e-01 7.967390826831233230e-01 7.138420507367377876e-01 5.718471077246118917e-01 7.952009262688353175e-01 7.918291529365357739e-01 7.198761498257408853e-01 7.415918771637005635e-01 7.345113248148769092e-01 7.204730583124336896e-01 7.269534803335696571e-01 7.795414090531462836e-01 7.187049946863550698e-01 7.209856851758781326e-01 7.269983894779858957e-01 7.986468703822973136e-01 7.868402818329237602e-01 7.664150072087778653e-01 7.520153922341819008e-01 7.869626028184290023e-01 8.196501094036989787e-01 7.970825552921384505e-01 7.481654412171269142e-01 7.735521896864541169e-01 7.566829567420362279e-01 7.877302255564216926e-01 7.904550178150409057e-01 8.104107399687281443e-01 8.105952646621437108e-01 7.855447599266193182e-01 8.163488956148053921e-01 8.153376451377662981e-01 8.095701903677919864e-01 8.213988785112158464e-01 8.086036427814171645e-01 8.172143756158404271e-01 8.169451101717000174e-01 8.286034925044946098e-01 8.181501483748848669e-01 8.010319754188468533e-01 8.174885682250006003e-01 7.897926635139835838e-01 8.071682338565132619e-01 8.239785615452641654e-01 8.187919345872218813e-01 8.182006165426262134e-01 8.038629093945274251e-01 8.189243506131235195e-01 8.191315640938739984e-01 8.207201166041465656e-01 8.211108416686178080e-01 8.188850668302687374e-01 8.102610623527467526e-01 8.212639752312248520e-01 8.205655583071801429e-01 8.140512052368744644e-01 8.255022309865792662e-01 8.214075225554611226e-01 8.201637084935875510e-01 8.240504028956423532e-01 8.220127714736197300e-01 8.251476561921297082e-01 8.127272679057923055e-01 8.132332664708387115e-01 8.229367101339472024e-01 8.228059518890474822e-01 8.199274271818892679e-01 8.134145857123393775e-01 8.235376401410945402e-01 8.258081142597092361e-01 8.227739904115658476e-01 8.273963229955848542e-01 8.256107034919699661e-01 8.164121758766922365e-01 8.159457497371128687e-01 8.159844510884233237e-01 8.238774044861519874e-01 8.258064310256291174e-01 8.240133898386131639e-01 8.225598544039652849e-01 8.198195759027032681e-01 8.246728411514877566e-01 8.233680284877923361e-01 8.249367551081775440e-01 8.232041463595314301e-01 8.268575294188755809e-01 8.128080339056084069e-01 8.191423886088919915e-01 8.242919714548143650e-01 8.243570131467951034e-01 8.207247482000255001e-01 8.220045592436689974e-01 8.216379455450000258e-01 8.230846689176681830e-01 8.220861684681257664e-01 8.125018684748156472e-01 8.260387896956449261e-01 8.265455250654388797e-01 8.273905755776655990e-01 8.224210717793017933e-01 8.242885538068157603e-01 8.233757019998624305e-01 8.247416843064182546e-01 8.231896531145056484e-01 8.220467331672215439e-01 8.218270100507331088e-01
-4.639379909008313832e-03 1.673065306241394989e-01 3.722563538761793356e-01 5.946427141703637398e-01 4.508805945445767960e-01 3.336738078729007961e-01 7.559735030974110703e-01 7.418810501056376516e-01 7.822457066778804036e-01 7.421242835364489920e-01 1.000000000000000000e+00 8.583890701391126976e-01 7.715926550763511083e-01 6.060423943668927782e-01 8.589423666896793819e-01 8.458817053606146885e-01 7.802786375125848606e-01 7.888348272545345763e-01 7.877177257976194502e-01 7.545241377104666691e-01 7.778902188609350121e-01 8.176808408766680358e-01 7.715007979234751456e-01 7.600945436679814593e-01 7.645570717985257225e-01 8.519263313199334497e-01 8.462524787272132087e-01 8.248363879254636544e-01 8.095770086245277497e-01 8.562680530827452285e-01 8.818828414589944265e-01 8.526190111395869353e-01 8.136651370366843050e-01 8.293323297672403616e-01 8.299792024698693371e-01 8.378526915352205728e-01 8.557747182911572548e-01 8.598902378553805459e-01 8.745809487543335647e-01 8.354405136337718085e-01 8.710756525060329158e-01 8.704621990869964021e-01 8.690307842468472099e-01 8.767857428989074275e-01 8.737999288710970314e-01 8.708593471370802419e-01 8.791963847944641586e-01 8.812553833835304884e-01 8.809753909298025931e-01 8.556800748305184445e-01 8.740439721883040969e-01 8.481082983409696796e-01 8.675265984065526625e-01 8.802669952293187272e-01 8.648570713524118547e-01 8.670437813277959149e-01 8.672255818071764599e-01 8.772743249446579572e-01 8.736200114504661940e-01 8.801193115214720475e-01 8.839698255769039559e-01 8.825296229922257041e-01 8.749809273867926729e-01 8.822249373002211126e-01 8.740859281256274649e-01 8.774228188038664111e-01 8.817022994988680251e-01 8.826284641104615858e-01 8.813072307255783722e-01 8.812011743066517910e-01 8.753923376598889972e-01 8.805432359739808756e-01 8.714676880588840824e-01 8.642075906156165832e-01 8.857334504990748147e-01 8.852608596884234959e-01 8.816293453614854059e-01 8.730393114707483138e-01 8.801046703710464492e-01 8.848394259638362458e-01 8.845047918802323439e-01 8.849687745358826296e-01 8.845967765993343335e-01 8.796973047723681827e-01 8.765890951216012139e-01 8.757565699029519202e-01 8.821178982357547049e-01 8.826253739182355895e-01 8.839291742136391461e-01 8.773990538492597580e-01 8.814567346278583404e-01 8.829791978888309467e-01 8.824777153863599954e-01 8.852732874911800609e-01 8.813165496356590856e-01 8.842406815309351575e-01 8.771401189757594974e-01 8.811252380438047149e-01 8.849489692465619672e-01 8.824095119739195914e-01 8.837940249257357772e-01 8.836473666456894360e-01 8.803899361199454265e-01 8.837213151080719475e-01 8.808967822064293074e-01 8.796351804497603011e-01 8.854492199819977705e-01 8.821773575012112900e-01 8.844286388472586413e-01 8.825429231603809654e-01 8.840416567364299816e-01 8.838385134198510906e-01 8.851061165901320527e-01 8.843454480655938976e-01 8.787248767757974699e-01 8.817032325560921757e-01
7.181595537962923159e-03 1.693286698768612375e-01 3.920359248936228780e-01 6.402750902705808267e-01 4.858588951774563958e-01 3.637896147891228615e-01 7.985411001404659759e-01 7.900840557167377876e-01 8.323990524977226135e-01 7.967390826831233230e-01 8.583890701391126976e-01 1.000000000000000000e+00 8.246697823114970127e-01 6.644606429743892262e-01 9.166073158474162819e-01 9.128581531214602363e-01 8.346128667598875506e-01 8.387194682500747067e-01 8.409756241971072521e-01 8.213171700319021884e-01 8.333179043272239683e-01 8.793239752486565752e-01 8.229981145432613276e-01 8.230937802021061067e-01 8.239528533972731994e-01 9.090692761460207327e-01 9.070538535835556138e-01 8.738978581842427040e-01 8.568677472370456183e-01 9.070555542546681060e-01 9.410081729020980390e-01 9.135879629054204365e-01 8.653389165576425013e-01 8.899740844700336773e-01 8.823651690987350804e-01 8.993062030886833647e-01 9.058386695958711154e-01 9.268440669513554608e-01 9.358720817328833874e-01 8.899896263198554536e-01 9.358847861964190162e-01 9.356141146090511951e-01 9.289341749291921690e-01 9.469143765005261226e-01 9.332158737266644799e-01 9.369322717451805671e-01 9.457072274836363368e-01 9.498207160773862734e-01 9.420723624618284608e-01 9.166948470423317286e-01 9.376880514916813292e-01 9.123827973007297976e-01 9.344459348384370756e-01 9.474608365937832177e-01 9.301965511545274845e-01 9.320177003993191933e-01 9.295636169748350275e-01 9.427547333168053711e-01 9.383966540191970296e-01 9.495274102990690634e-01 9.491978916365459984e-01 9.478054416295562667e-01 9.382769693635961694e-01 9.464928932126358552e-01 9.426629777318121794e-01 9.463336635518951878e-01 9.482465441445382393e-01 9.478498981036093118e-01 9.456567976257973518e-01 9.489824359337037940e-01 9.443767151761343071e-01 9.482619514905737956e-01 9.383735621719313524e-01 9.303263335002570633e-01 9.505747950261984602e-01 9.482702929446218398e-01 9.429139341949385189e-01 9.378866408473062188e-01 9.468842875518410640e-01 9.500395950527813493e-01 9.473572068514684030e-01 9.515106394809700330e-01 9.498111423799655562e-01 9.465399323516764385e-01 9.431840054653524152e-01 9.421632195163759382e-01 9.460155085477500725e-01 9.508136625290142252e-01 9.508118546854098518e-01 9.437047689619011415e-01 9.440106809485380168e-01 9.502164267793447028e-01 9.487204671822812019e-01 9.509520209012005676e-01 9.498173100118426637e-01 9.526589961034248599e-01 9.387019360540631574e-01 9.448770302237997631e-01 9.509825702687003668e-01 9.504234096605036486e-01 9.481515498873162029e-01 9.502318573204858732e-01 9.489952503785934468e-01 9.508671006998604680e-01 9.471443330590547660e-01 9.419336286572171923e-01 9.517282357871292842e-01 9.510285085729004440e-01 9.512838128556124762e-01 9.510799617174295895e-01 9.504298289815455991e-01 9.520065868333148495e-01 9.523688794058087215e-01 9.515285762015902593e-01 9.484594946963759154e-01 9.497526219705285655e-01
5.888524387685868449e-04 1.494043509982941609e-01 3.433880023259422432e-01 5.739489858120455645e-01 4.669105302154529236e-01 3.082193613242885100e-01 7.139754663140869262e-01 7.168608775719903514e-01 7.512982211032358526e-01 7.138420507367377876e-01 7.715926550763511083e-01 8.246697823114970127e-01 1.000000000000000000e+00 5.826888454091546654e-01 8.288520418310922899e-01 8.252697455713533525e-01 7.487933280863545704e-01 7.506587116860012898e-01 7.433930897319439568e-01 7.243234116280555801e-01 7.488561204612126376e-01 7.882710446180543062e-01 7.289788983123944854e-01 7.276670774456888147e-01 7.274840596308997931e-01 8.113844295867217449e-01 8.073340870976325467e-01 7.674351404664601084e-01 7.619598939156193573e-01 8.115720438572793238e-01 8.420921523359333749e-01 8.137561528358252527e-01 7.680900725948890395e-01 7.910198755644662905e-01 7.884756571805294767e-01 8.029173838293216514e-01 8.061309810722788738e-01 8.239023810543993909e-01 8.366776593668756590e-01 7.855418899925896703e-01 8.306467148110600052e-01 8.296690605458197920e-01 8.334551866389471320e-01 8.440418892792942440e-01 8.280062410686018781e-01 8.302128148946742447e-01 8.417420640465015369e-01 8.495202556090362123e-01 8.435802773354443840e-01 8.229103780893837206e-01 8.387797882523400084e-01 8.146844709835764364e-01 8.368623727968437231e-01 8.487651966413953808e-01 8.316571055816924796e-01 8.307705023038262082e-01 8.428308798795521861e-01 8.438534151057696109e-01 8.422042246000972510e-01 8.506576248921984273e-01 8.524202097405313427e-01 8.521207769116071473e-01 8.470156914526171255e-01 8.512747129250629596e-01 8.472630580433945235e-01 8.544686986338944079e-01 8.496802563287974008e-01 8.476025295216803590e-01 8.441545708409144977e-01 8.493687927142221650e-01 8.434846610875208484e-01 8.458443760491735075e-01 8.379897030928733503e-01 8.257454616676909165e-01 8.469257140748873702e-01 8.448927813732771686e-01 8.354907417873198572e-01 8.328789089912288501e-01 8.423464689015890405e-01 8.501309442289968210e-01 8.444506447464802390e-01 8.503831387216705950e-01 8.479714725720074453e-01 8.445868015156741127e-01 8.423823404327893671e-01 8.406008774105344639e-01 8.442630841344617165e-01 8.474394700300819094e-01 8.479177334454142123e-01 8.397024678767808226e-01 8.367808396541217553e-01 8.452438301481595140e-01 8.444306004976238622e-01 8.461402307403560474e-01 8.487062765736734793e-01 8.503710657874351542e-01 8.399191014601598004e-01 8.488135447674677314e-01 8.511880048210875849e-01 8.460539219129904476e-01 8.472849864012429455e-01 8.518256367828280773e-01 8.474389238530448676e-01 8.492328936965500841e-01 8.478918320441177769e-01 8.500464136309486829e-01 8.523813799474146968e-01 8.489021539163587038e-01 8.504592617794139997e-01 8.525343822755987455e-01 8.506092413992567547e-01 8.512087725631252155e-01 8.530891343174531460e-01 8.521846408760135327e-01 8.510956525576791609e-01 8.532608760825700633e-01
