1.000000000000000000e+00 2.925535151286756674e-01 2.492697844356708270e-01 -3.843454898280929816e-02 1.924550165994316428e-02 4.817635971696272723e-02 -1.340647116046321009e-02 1.239657237158049707e-02 2.507624436318122707e-01 1.176621750125537713e-01 6.554162673489241642e-02 -7.667856091411985597e-02 1.950298142604198898e-02 8.088795708561516418e-02 8.825678389641131855e-03 -5.474614197583782711e-03 2.271785944083965503e-01 3.635604498990429034e-01 2.942487367104699159e-01 2.200192097740657216e-01 3.145265277387193636e-01 2.660242811496349447e-01 2.954818775426970578e-01 2.745689572902602626e-01 3.017783033400690540e-01 2.226552098136815316e-01 2.412999928543127226e-01 2.379722110109878663e-01 2.712672888056225085e-01 2.761644574080223125e-01 2.041997508792573190e-01 2.191129567540119338e-01 2.372085674787805243e-01 1.791978273844654079e-01 2.732998810223167263e-01 1.296146903303455056e-01 2.278797968697423293e-01 1.637241630310628526e-01 1.789774077694075982e-01 1.384414067535585935e-01 1.047591830467250601e-01 1.112306171372774433e-01 8.757577080168142680e-02 1.042791546239333761e-01 1.332090893601809434e-01 1.308326350863036891e-01 2.042512394154239949e-02 6.170327605062891213e-02 5.952136165264699380e-02 1.081869355806325539e-01 1.018287154531326566e-01 9.708619393784203092e-03 2.237744403692045261e-02 1.220586236743706060e-01 1.315365561928601434e-01 1.499931836045446665e-01 1.484414418007672376e-01 7.147450376843832165e-02 8.244660031335906969e-02 6.696430692478273772e-02 5.443098375039628206e-02 8.216501067386369761e-02 7.020967653377818696e-02 7.412577256674161841e-02 8.549886950876862957e-02 7.836994035970655526e-02 6.731939872791789514e-02 1.250130603713598409e-01 1.170790142000349976e-01 9.649884559766065684e-02 1.098914038691656964e-01 1.067114680013983158e-01 1.089259182941030163e-01 1.302192042244537107e-01 6.345779309482900421e-02 9.662689588442731348e-02 7.999126296638697786e-02 1.168961541477504806e-01 1.029689117557285732e-01 1.314785041215329464e-01 1.188133821187719735e-01 9.029390091542857655e-02 1.037844435966977646e-01 1.245814038740167690e-01 6.612076892060568534e-02 8.959854258621155476e-02 9.022041772247421654e-02 5.632678045198786371e-02 8.033854781678646806e-02 1.005768171892135743e-01 5.660417180458075792e-02 3.599333286268596721e-02 4.129695043411032301e-02 5.970049929432267449e-02 1.406218156678639385e-02 2.892514096528196743e-02 2.553134504121620102e-02 4.483739249171597024e-02 3.521887170623979463e-02 2.608981041168232165e-02 4.899271891674736312e-02 3.963132483441543508e-02 1.243954768377512681e-03 1.958685846308354239e-02 3.361682720027460436e-02 7.456593716471278388e-02 3.257248431810432637e-02 5.455888035294460814e-02 6.162008809451364338e-02 2.959916058939830730e-02 3.237088597120232891e-02 3.678480438977003997e-02 3.416266525895400585e-02 4.795923405032262443e-02 6.583108251542237055e-02 4.849038591175305890e-02
2.925535151286756674e-01 1.000000000000000000e+00 2.002973644936954789e-01 -1.713524237429983610e-02 4.413294298857369652e-02 1.108119792465434711e-01 1.042112576828812809e-01 9.812082270102495674e-02 2.697051430443050957e-01 2.412209360233004418e-01 1.545015984695975453e-01 5.445415074765101726e-02 1.285966139454601809e-01 1.672949570185720269e-01 1.440509920456194970e-01 1.313015543131450524e-01 2.676420764013823228e-01 3.325566798516860767e-01 2.868920718504126555e-01 1.753397776177406664e-01 2.877090497287884130e-01 2.672904692480236877e-01 2.818490332075345162e-01 2.333369523518024902e-01 2.655925977714584385e-01 2.541210964211659817e-01 2.599266311777579386e-01 2.663467054774283915e-01 2.870663073571541601e-01 2.862791428231826196e-01 2.613407190400232061e-01 2.490488510163016977e-01 2.601658530603863095e-01 2.062844015525354957e-01 2.818917180403469613e-01 1.977303344115906580e-01 2.637876029929510091e-01 2.441228203382965756e-01 2.438860387848307276e-01 2.203551440189444599e-01 2.026045826239430969e-01 2.058391492880403129e-01 1.773143401172007916e-01 2.027352371451029978e-01 2.169636354310842952e-01 2.265978037227847630e-01 1.506267896640661741e-01 1.822750198529499432e-01 1.736885016160157336e-01 1.765591877783521391e-01 2.008647823798457022e-01 9.900381167820053452e-02 1.305350881270157803e-01 2.166447194653380870e-01 2.230973340514787184e-01 2.414854246166117935e-01 2.161988015103679106e-01 1.887411094089551933e-01 2.055028990889891383e-01 1.729485131237551987e-01 1.674900771598505089e-01 1.941961190961924988e-01 1.841442721255021620e-01 1.792939942827220523e-01 1.773510143963274166e-01 1.706996015166418745e-01 1.810894482231679703e-01 2.129994756369457953e-01 2.039363279830049835e-01 1.787146438418707739e-01 1.937594711103363398e-01 2.009928580509057761e-01 1.855162305432034864e-01 2.036727812286218964e-01 1.779845037876703895e-01 1.968532974487315068e-01 1.893953545492152724e-01 2.099314609394201669e-01 2.020641075094900263e-01 2.211705251985160436e-01 2.080763378973501387e-01 2.015637958374657257e-01 1.989285133605127320e-01 2.136263975795615333e-01 1.721303893206451163e-01 1.774572015639637179e-01 1.916114840488201132e-01 1.773347869535813748e-01 1.919320738573102036e-01 2.063302443914230289e-01 1.777696293058015908e-01 1.619313008209957161e-01 1.630378917747544176e-01 1.787733477293221573e-01 1.478705114311832658e-01 1.588771076901859813e-01 1.320071676345725420e-01 1.389890435047284323e-01 1.490657381817460103e-01 1.431436605740409040e-01 1.599429721601678955e-01 1.528083205146190393e-01 1.249929804838802033e-01 1.432254878656941677e-01 1.434946309431216760e-01 1.648586878658809818e-01 1.506778547630998055e-01 1.803932721387674354e-01 1.793239492042160710e-01 1.552648591906656272e-01 1.623997213728979871e-01 1.556358755887120304e-01 1.567676936047820990e-01 1.594859334700886588e-01 1.781034555718528090e-01 1.593013824875649520e-01
2.492697844356708270e-01 2.002973644936954789e-01 1.000000000000000000e+00 3.770625051943811146e-01 2.538243366608864959e-01 3.004570675393364310e-01 3.751980984305236522e-01 3.516786220018606191e-01 4.286379993674691025e-01 3.538946303948868333e-01 4.099364046498188974e-01 3.522417686809534154e-01 3.483871501940082327e-01 3.221775784408388299e-01 3.881014178893655298e-01 3.746520338959866692e-01 4.408144250268995479e-01 4.809949325595996861e-01 4.887181612342473280e-01 4.150217728045060839e-01 4.948764517614101521e-01 4.852411916907886646e-01 4.636540130635612988e-01 4.621082732102900770e-01 4.894023097414240131e-01 4.720161667170550412e-01 4.859189587398164978e-01 4.576409015179661033e-01 4.707485386864931898e-01 4.714526348856914462e-01 4.771189025343062218e-01 4.562601194723999720e-01 4.579352500105140500e-01 4.506530357556269295e-01 4.631167846058402704e-01 4.285263618145107034e-01 4.697591410505796428e-01 4.149102283342199771e-01 4.254686479519090292e-01 4.388999870070601217e-01 4.171315661877204595e-01 4.166106579924250819e-01 4.221978550333515545e-01 4.171004425678361827e-01 4.496929425372216960e-01 4.128397968368629489e-01 3.760834739368259516e-01 3.804395924807629781e-01 3.788571335502766702e-01 4.119311053075858653e-01 4.186336866312237448e-01 3.848726819605060023e-01 3.903907679605562731e-01 4.068887527897243617e-01 4.105589538846011743e-01 4.302039019920123608e-01 4.134595054567960504e-01 4.017917492404907698e-01 4.037204732953373898e-01 3.986657261897182947e-01 3.982083848711352458e-01 3.859105712480510042e-01 3.683123894023146994e-01 3.874617729373305841e-01 4.005926923437774789e-01 3.921733339186563860e-01 3.889187415090947231e-01 4.310573107993934672e-01 4.248129181906339369e-01 4.243854916803931898e-01 4.397881599381105455e-01 4.267207170221536949e-01 4.286571620492612977e-01 4.464806864846485590e-01 4.033329014352355357e-01 4.215091918654608194e-01 4.110306262639008557e-01 4.238015326486574419e-01 4.177414215831618538e-01 4.271971773093785618e-01 4.238143000383546299e-01 4.225179940697815772e-01 4.162707354722679498e-01 4.168229259067219306e-01 4.014473086101054133e-01 4.141895481331003270e-01 4.124517210548072077e-01 3.927535115832253565e-01 3.999590527649832805e-01 4.107976803491676931e-01 4.011880213551006213e-01 3.830412034635676255e-01 3.900388395069495640e-01 3.940818416663889878e-01 3.647902733426166000e-01 3.656692661477000672e-01 3.770201713001448685e-01 3.748294814021397858e-01 3.817358943149980477e-01 3.836913620957311810e-01 3.969376173459116530e-01 3.785085547272508122e-01 3.646974856635536999e-01 3.703198988433478167e-01 3.885062711657936152e-01 3.841890279714365586e-01 3.708735493455783128e-01 3.780775348708187433e-01 3.906343009149431111e-01 3.786083040765028107e-01 3.785774860257910546e-01 3.790962749782683106e-01 3.699253276108270261e-01 3.816677659315836357e-01 3.980308633769791271e-01 3.817309111057477500e-01
-3.843454898280929816e-02 -1.713524237429983610e-02 3.770625051943811146e-01 1.000000000000000000e+00 4.200178421102640502e-01 3.958933317515003214e-01 5.767719892277723970e-01 5.596744373395440286e-01 4.173189531602715108e-01 4.021086657147222576e-01 5.548100785453531358e-01 6.479430661932408242e-01 5.230308948627151455e-01 4.034703082965156451e-01 5.692339639370925797e-01 5.684397710974400386e-01 4.055513705417378989e-01 3.342178295014336387e-01 4.079854263129348291e-01 4.636890884749983455e-01 4.128655474921503754e-01 4.160758557190727402e-01 3.909357447012147269e-01 4.547082695884217540e-01 4.020280879428671517e-01 4.333637435816004024e-01 4.541569510172456248e-01 4.093233822164989433e-01 3.864807297571769551e-01 4.085900293920892712e-01 4.601861658242043518e-01 4.682037443881547079e-01 4.127429490542105506e-01 5.258253828395359486e-01 4.055656375570663719e-01 5.340166391523644140e-01 4.722805903579572195e-01 4.187815114894988811e-01 4.394069583822784453e-01 5.019379758151636395e-01 5.141799281110194242e-01 4.928206655004080949e-01 5.533550635947630525e-01 4.984658632529698208e-01 5.163275444797977842e-01 4.534514661460150586e-01 5.413688156524781858e-01 5.069204387500183540e-01 5.078208586698818028e-01 5.162413951156711311e-01 4.923795582553557870e-01 6.089762417226328717e-01 5.689615773494448581e-01 4.766885538547523948e-01 4.673159736686226529e-01 4.667305696986012720e-01 4.807410492601270624e-01 5.036657115481596447e-01 4.837016143974288140e-01 5.316360862545591592e-01 5.391686521956203793e-01 4.786253560754650249e-01 4.682986501898093179e-01 4.973009163553713252e-01 5.145332224391908627e-01 5.245973468730095179e-01 5.131279311494566509e-01 5.125146513552618632e-01 5.219610267505695456e-01 5.524143101801066713e-01 5.287020271649470748e-01 5.144178779645920407e-01 5.492631272498315065e-01 5.260264606012367006e-01 5.221963040584713944e-01 5.149425313196163145e-01 5.241669054439292985e-01 5.008769084626479851e-01 5.084650355489853668e-01 4.946937272291296872e-01 5.070872738412535163e-01 5.139064029288744617e-01 5.256029952508687320e-01 4.910859015945547301e-01 5.374517404317541436e-01 5.480469651294005429e-01 5.266879868869873693e-01 5.216418056692121441e-01 5.119221936588478350e-01 4.998876413445662581e-01 5.401051006718279313e-01 5.336053247434991986e-01 5.403163833432862440e-01 5.147106461495645213e-01 5.318846957811836917e-01 5.163335141134210993e-01 5.533922783214791918e-01 5.416604205848325471e-01 5.414895802918403556e-01 5.504110680187775939e-01 5.413077018417907782e-01 5.283901497597927044e-01 5.602666145881064486e-01 5.331594112197314272e-01 5.627186289518455453e-01 5.134457092496050867e-01 5.292244372062500091e-01 5.012388834881922328e-01 5.127843701110902375e-01 5.274189494531341671e-01 5.185549786568997011e-01 5.306052697388331518e-01 5.110940023797876375e-01 5.210406859808466296e-01 5.256302214682557761e-01 5.330153021731737217e-01
1.924550165994316428e-02 4.413294298857369652e-02 2.538243366608864959e-01 4.200178421102640502e-01 1.000000000000000000e+00 3.395931322971044719e-01 4.998654230407886256e-01 4.933355750623188429e-01 4.379695323742540669e-01 4.042038278745424540e-01 4.825608400870131098e-01 5.359157774236369409e-01 5.167924771995385802e-01 4.103904150837023868e-01 5.242619331900199020e-01 5.314040681980058967e-01 4.099584922620221339e-01 3.177064204778199397e-01 3.936119047797435044e-01 3.709359374710345936e-01 3.731649386906187305e-01 4.030461176125733069e-01 3.391699118217649800e-01 3.668715914045588278e-01 3.554329266477445071e-01 4.491592314070778635e-01 4.591145581946342036e-01 4.334746220737005218e-01 4.153028906720958036e-01 4.108649450024617900e-01 4.558474558611695371e-01 4.225873753899573315e-01 3.908597819437700793e-01 4.282277065443700348e-01 3.954451276346617750e-01 4.716210654828449367e-01 4.536866926142885115e-01 4.095266487369493280e-01 4.280485969155108372e-01 4.610112918620861144e-01 5.147899260796539034e-01 4.843825117575792372e-01 5.112072084267734740e-01 4.985407665497314511e-01 4.879305532059970418e-01 4.545629104368935081e-01 5.188552415052409827e-01 5.051238905260901912e-01 4.903946833681827044e-01 4.414512358676583870e-01 4.743126607684263751e-01 5.411295717491892976e-01 5.384573922745771180e-01 4.938372808885634901e-01 4.866867628068802243e-01 4.681218920167411479e-01 4.872266514650316349e-01 5.065895575644502324e-01 4.906688409725983302e-01 5.301640748142166792e-01 5.238213734615181361e-01 4.992730137300699367e-01 4.743015274661098180e-01 4.935458889875873334e-01 5.110579939467192467e-01 5.260701838868137026e-01 5.034717955325831440e-01 4.940885557219682478e-01 4.829941261611394587e-01 5.077070722190505370e-01 5.010131306217667779e-01 4.944547710964991571e-01 4.873663339380620019e-01 4.852279802930463681e-01 5.119426522368935029e-01 5.056681295729368308e-01 5.028932247391610932e-01 4.961398358812527665e-01 4.965447877202632809e-01 4.883648563931504705e-01 4.989481311899241489e-01 5.007353515078615258e-01 4.960258569345666890e-01 4.806133343894978815e-01 4.786616680548389513e-01 4.970750032882179648e-01 5.041408587912296069e-01 4.917466757303621261e-01 4.917757864380697952e-01 4.955503106611348629e-01 5.017326224032151449e-01 5.122272680730409755e-01 5.143755521120924046e-01 5.003118201438631063e-01 5.141916010680955829e-01 5.088501771493694203e-01 5.049259528429301813e-01 5.091572591737912878e-01 5.199723145823117454e-01 5.170493715985552408e-01 5.170297915946864276e-01 5.098235106216301160e-01 5.324755437838240013e-01 5.154757316002912537e-01 5.278942561493031871e-01 5.182736782319399271e-01 5.087348179692832151e-01 5.073541634726038696e-01 5.117838997303226778e-01 5.150694513987377210e-01 5.095663543487970459e-01 5.247581791792925721e-01 5.127365447659729680e-01 5.122718747025786223e-01 5.126127880103542589e-01 5.275990895419914173e-01
4.817635971696272723e-02 1.108119792465434711e-01 3.004570675393364310e-01 3.958933317515003214e-01 3.395931322971044719e-01 1.000000000000000000e+00 5.784700152501469628e-01 5.262217828951366583e-01 5.281674031789204138e-01 4.963996685782400275e-01 5.590495715873139426e-01 5.911716667510399370e-01 5.535031938799442885e-01 4.682480396087507768e-01 6.258388803041261550e-01 6.037992435852902462e-01 5.259251557682586009e-01 4.434014279512186740e-01 5.163071183759120331e-01 4.401426966493730553e-01 4.843702910667530004e-01 5.220917249731041876e-01 4.594224171828208969e-01 4.759930429678989050e-01 4.851652045751302378e-01 5.426410484973697157e-01 5.705757457581535075e-01 5.674504364092105568e-01 5.508955848035010927e-01 5.360112104212931827e-01 5.788356213281165008e-01 5.690858712546028597e-01 5.296073840746162720e-01 5.691016546275560195e-01 5.344635758170208639e-01 5.827345740443116151e-01 5.807286260639027420e-01 5.715689733239192050e-01 5.758519290308753424e-01 5.920356392598672413e-01 6.165726092585888107e-01 6.198587718362590371e-01 6.115871809494665134e-01 6.170104879969275924e-01 6.138884555541054278e-01 5.945433599434255534e-01 6.122412410606178357e-01 6.083749788547746506e-01 6.039594668355630080e-01 5.833200186550541178e-01 6.008817180369447897e-01 5.873399707712233520e-01 6.054517718925851444e-01 5.856316073532346067e-01 5.851998526540400647e-01 5.920421080725186691e-01 5.736768401069756163e-01 6.126227999660105450e-01 6.031548352580048400e-01 6.142065001275862635e-01 6.121529337272334503e-01 5.940732159154096248e-01 5.800084430051177797e-01 5.988155682676694624e-01 6.071447725020513442e-01 6.068887416638878429e-01 6.182074785431241892e-01 6.139292477452706898e-01 6.089979243307199752e-01 6.109216305822212645e-01 6.141293115746542242e-01 6.178367219616698325e-01 6.065082821164109461e-01 6.084511186594835364e-01 6.180029750114515164e-01 6.227655506932358032e-01 6.216249193799446848e-01 6.179557706628774350e-01 6.209302280963274745e-01 6.066565293243033619e-01 6.148779239840700406e-01 6.181909935161277181e-01 6.156319605578627341e-01 6.020181639206951818e-01 6.109625069963380284e-01 6.178114864705359643e-01 6.232747773513001022e-01 6.195149680204933285e-01 6.203520845172976195e-01 6.120584239095279155e-01 6.198163154080005288e-01 6.236024084987943361e-01 6.248532450328585508e-01 6.227382382817574502e-01 6.172753398247220469e-01 6.125643851863782352e-01 6.101170610665686000e-01 6.048949451766326701e-01 6.164643343349958116e-01 6.216746740329608389e-01 6.238604266557078448e-01 6.138191753791997218e-01 6.120199277256439530e-01 6.171907860952668967e-01 6.203643452990186269e-01 6.035274553144113208e-01 6.140934025518497430e-01 6.137366165119216843e-01 6.147444043622309895e-01 6.187839089662030556e-01 6.165301286803179792e-01 6.156868751914510440e-01 6.100723428056191722e-01 6.152086832601924016e-01 6.188257278880866519e-01 6.153819514417767644e-01
-1.340647116046321009e-02 1.042112576828812809e-01 3.751980984305236522e-01 5.767719892277723970e-01 4.998654230407886256e-01 5.784700152501469628e-01 1.000000000000000000e+00 7.403485353586620743e-01 6.733146883860512411e-01 6.389838156274582071e-01 7.516411637401460011e-01 8.008523675001723019e-01 7.449990177244067979e-01 6.177064831915928256e-01 8.518731591790565938e-01 8.059392052010777574e-01 6.597287490227637941e-01 5.359532073654008633e-01 6.417948772393791135e-01 5.525427183218505345e-01 5.966882603196056456e-01 6.629319109834650448e-01 5.600257946193241132e-01 5.873220518424921988e-01 6.007633306529761574e-01 6.975133644769998531e-01 7.242281534273048438e-01 7.272699002280454961e-01 6.768971397877415752e-01 6.719719541078149616e-01 7.468206840482995990e-01 7.093707191383947785e-01 6.811617624689092487e-01 7.321025568974908193e-01 6.761413837291759821e-01 7.577881205407560605e-01 7.427149998639303030e-01 7.201827027621847677e-01 7.257114729305634837e-01 7.764680068710009264e-01 8.032399392479087075e-01 7.993183230913250004e-01 7.969978611118343492e-01 7.889614887100094842e-01 7.925897681354979740e-01 7.586158940569491804e-01 8.092964851654688152e-01 7.935829753297268807e-01 7.798032977021472911e-01 7.448810388600519694e-01 7.691895113033389020e-01 7.800216481328967610e-01 7.975985750480918401e-01 7.606181619319128950e-01 7.490945036215833630e-01 7.525254095804103649e-01 7.358075894828375318e-01 7.977625486947828026e-01 7.788120682243355741e-01 8.021735460571666199e-01 8.009727273291208371e-01 7.616021512435924290e-01 7.454384299052444485e-01 7.634410381727517736e-01 7.824734857906473495e-01 7.853712950631589473e-01 7.970511037594690817e-01 7.900117496153260532e-01 7.802172491252640230e-01 7.870047771801271796e-01 7.984896675271601074e-01 7.971017546786545171e-01 7.847814438846394403e-01 7.798610678679610553e-01 8.049925275485213527e-01 8.076026112774622456e-01 8.194408645119808376e-01 7.947751227325547951e-01 8.018179737609606450e-01 7.806354053235647905e-01 7.986194681934158934e-01 8.025894893853320333e-01 7.930689717989554133e-01 7.826685018810050076e-01 7.953548006231776490e-01 8.015054291047370993e-01 8.071946567204084655e-01 8.078966001702323485e-01 8.018684510996268999e-01 7.861847011282950826e-01 8.208723659226585534e-01 8.191366737516767582e-01 8.182504807335959640e-01 8.074731501196654726e-01 8.088385231641821438e-01 8.004008639082957899e-01 8.019858455346127180e-01 7.869061623443497355e-01 8.088413969808867510e-01 8.183621219045671413e-01 8.131494530889370465e-01 7.988279311006140082e-01 8.105802990714872092e-01 8.062967923709492002e-01 8.108856387122409526e-01 7.810017956598647171e-01 8.016374309719013214e-01 7.939833894285713844e-01 7.986596700582989650e-01 8.069033140683821159e-01 8.042556235675262233e-01 8.068291171089350122e-01 7.927235992262811060e-01 7.967398035243002941e-01 8.037693841303836795e-01 7.995125123670073775e-01
1.239657237158049707e-02 9.812082270102495674e-02 3.516786220018606191e-01 5.596744373395440286e-01 4.933355750623188429e-01 5.262217828951366583e-01 7.403485353586620743e-01 1.000000000000000000e+00 6.473766016905563303e-01 6.192808292775245915e-01 7.206098075402164183e-01 7.720188059861692320e-01 7.319671028954567449e-01 6.051711110908285507e-01 7.869021434216375566e-01 8.004044327234861589e-01 6.300984496127831624e-01 5.517203306646679684e-01 6.198228464823605233e-01 5.697991470859737895e-01 6.035597165381523244e-01 6.333229124796750931e-01 5.665757854184124698e-01 5.761247307632058057e-01 5.719421166316793759e-01 6.882959746338225271e-01 6.833584567029199475e-01 6.828408757224060377e-01 6.304785748500185694e-01 6.332750601239752752e-01 6.954030041334761103e-01 7.117658412393362832e-01 6.487915389695958490e-01 7.223142306232130938e-01 6.451907078272375307e-01 7.376881997835104121e-01 6.984755429455697939e-01 7.093664769923254676e-01 7.029736829119986874e-01 7.490593626479928879e-01 7.719850595413557670e-01 7.661095221872853411e-01 7.671898444950893126e-01 7.621122063770006116e-01 7.601748928332305866e-01 7.281164992082816978e-01 7.818532871782083449e-01 7.707019791754003979e-01 7.694888737057421491e-01 7.465301261026834334e-01 7.568198801893601946e-01 7.612804511883676239e-01 7.717691645475251994e-01 7.481578837920211944e-01 7.461638570636887069e-01 7.481704055686188015e-01 7.365218320280062514e-01 7.734893450339795917e-01 7.613204889313159862e-01 7.747162751010545634e-01 7.798989921545039783e-01 7.475352660921873449e-01 7.410046754061968555e-01 7.535526920316709676e-01 7.587295690869378939e-01 7.678980757848817840e-01 7.733165821400506124e-01 7.673823206299096311e-01 7.658975965142968967e-01 7.827896360613331161e-01 7.665303349766449115e-01 7.653311409600960236e-01 7.649809673390621789e-01 7.486119966989198682e-01 7.775026784713928718e-01 7.712852857699402653e-01 7.798492156411597209e-01 7.547002692670889967e-01 7.654439988761851943e-01 7.484027577936457343e-01 7.651922186443881335e-01 7.624602901435206803e-01 7.762519450149706346e-01 7.571216544539638438e-01 7.790626116957470870e-01 7.823364300555658568e-01 7.748157144031296850e-01 7.841805416640023063e-01 7.715160744241732482e-01 7.699072759152610912e-01 7.831578593001737865e-01 7.874891514139434889e-01 7.872458688262204962e-01 7.769543353893698656e-01 7.825952955715376191e-01 7.740541141796141167e-01 7.827969375481460546e-01 7.782037892465115680e-01 7.873627834234259160e-01 7.918948272444547021e-01 7.859173062987305780e-01 7.823700638643956706e-01 7.849142350070970053e-01 7.830526367264114551e-01 7.928719864442252963e-01 7.667891235122782367e-01 7.807088282069833962e-01 7.717319962429299851e-01 7.819751026143090256e-01 7.831726423567544337e-01 7.848374215115877517e-01 7.800342680966299014e-01 7.735983063827073236e-01 7.751955035621655998e-01 7.784847793936656712e-01 7.789078245576859238e-01
2.507624436318122707e-01 2.697051430443050957e-01 4.286379993674691025e-01 4.173189531602715108e-01 4.379695323742540669e-01 5.281674031789204138e-01 6.733146883860512411e-01 6.473766016905563303e-01 1.000000000000000000e+00 7.455380565314949637e-01 7.826379877524077822e-01 7.226278919365376474e-01 7.419105927169405978e-01 6.429684516511786629e-01 7.980555077810814746e-01 7.788230375847544629e-01 7.987010960536058413e-01 7.283197209592340293e-01 7.934787599255280766e-01 6.159583950282222498e-01 7.441294398048623471e-01 8.095756924643736641e-01 7.093339801084714846e-01 6.855686480755062151e-01 7.448461245406559073e-01 8.191698914576523993e-01 8.331376372014833720e-01 8.197712463754068812e-01 8.092299744419431118e-01 8.254344554672687906e-01 8.531688155541659047e-01 8.299742915345457162e-01 7.980388699555038823e-01 7.973250868337841135e-01 8.288668615617772462e-01 8.092500802758263445e-01 8.473459609719244945e-01 8.209025436465241521e-01 8.395626339441762953e-01 8.144866334221551041e-01 8.588795408014228139e-01 8.485143005640350955e-01 8.237326807958358366e-01 8.612629688294142216e-01 8.550558559729654062e-01 8.478732423618696723e-01 8.369601588765039901e-01 8.569288074085343876e-01 8.415341930009982985e-01 8.111783415154698584e-01 8.426670580382363829e-01 7.819903546220570156e-01 8.211690764502261874e-01 8.653153349949195272e-01 8.526888400229006848e-01 8.577726919328212407e-01 8.509576866645619520e-01 8.516729343602643665e-01 8.479240499639045803e-01 8.577240391985151424e-01 8.500349203951146349e-01 8.539759305526630762e-01 8.308821486333636264e-01 8.460669536119055367e-01 8.576213121466191858e-01 8.544297280950112761e-01 8.584098968281665964e-01 8.717230079756784766e-01 8.580813863273615283e-01 8.432543186381796785e-01 8.647850045707914379e-01 8.691802388101670385e-01 8.390420054431014796e-01 8.581334907510206333e-01 8.577229882573350617e-01 8.669354971578584479e-01 8.489097079773496590e-01 8.651067977749909987e-01 8.620959398202175938e-01 8.729259004611903405e-01 8.722549554597089916e-01 8.649076915522247999e-01 8.612200218271072183e-01 8.661814585032379110e-01 8.350235367246410245e-01 8.501720392798666204e-01 8.600973905237635497e-01 8.446062021243959661e-01 8.586893663881950411e-01 8.594501181362836917e-01 8.389078481476712756e-01 8.427488788416431786e-01 8.467708893612857501e-01 8.526482730777292796e-01 8.370993534517339185e-01 8.440961207770981689e-01 8.148890406398221486e-01 8.290527310545365847e-01 8.407784096037657084e-01 8.315839040465079490e-01 8.442049279641778980e-01 8.400913804116090233e-01 8.227966016078256395e-01 8.364235153761471198e-01 8.391521590824896348e-01 8.478557426260133756e-01 8.396169259373715832e-01 8.560470820501707712e-01 8.537884375859615682e-01 8.450438273965215075e-01 8.403059401957176933e-01 8.476531973522496433e-01 8.434249730640145382e-01 8.469686811927638059e-01 8.589009032657078935e-01 8.485394691172616355e-01
1.176621750125537713e-01 2.412209360233004418e-01 3.538946303948868333e-01 4.021086657147222576e-01 4.042038278745424540e-01 4.963996685782400275e-01 6.389838156274582071e-01 6.192808292775245915e-01 7.455380565314949637e-01 1.000000000000000000e+00 7.307648592217973471e-01 7.127667047752384022e-01 7.149478080845269590e-01 6.231803736262230275e-01 7.705437774167781528e-01 7.565567057765207881e-01 7.179579501460988666e-01 6.364121168805868534e-01 6.955091786805646104e-01 5.212773566828270422e-01 6.511033170349767030e-01 7.067350558892152579e-01 6.265354701856260533e-01 5.904844799146155010e-01 6.428904621719989665e-01 7.416294937607491589e-01 7.463908272228440000e-01 7.490021598296972005e-01 7.274541341821765261e-01 7.381414782269448693e-01 7.831728243669670020e-01 7.649083430884916490e-01 7.235788674827947631e-01 7.254963452089244758e-01 7.425950176118125690e-01 7.538133798508164229e-01 7.719668472390810443e-01 7.699318827390796427e-01 7.767861809708155318e-01 7.678438004331727962e-01 8.152430022953043309e-01 7.954648284810178493e-01 7.723684952480829313e-01 8.057436758318874404e-01 8.040039320279681601e-01 7.986514216886232420e-01 8.038969544517554633e-01 8.202135477919958451e-01 8.037816000624531387e-01 7.530656981158545538e-01 7.910490454914901326e-01 7.247358770372080983e-01 7.735359093246620965e-01 8.136088903283807960e-01 8.060623153639969729e-01 8.097904874910395456e-01 7.899179394881348237e-01 8.079604891204404948e-01 8.069665450341214630e-01 8.077207971581000789e-01 8.075359946222081531e-01 8.125614381552532794e-01 7.933712332584552662e-01 8.019189099595467329e-01 8.088579103487913979e-01 8.084760375905414298e-01 8.202734977609433820e-01 8.203688646150784081e-01 8.072972941343083964e-01 7.910453726781203621e-01 8.094836185834070053e-01 8.175839100683733873e-01 7.823548428816767819e-01 7.955484368133034501e-01 8.197905793547837217e-01 8.188169574417161201e-01 8.072465548123710644e-01 8.123504211992725876e-01 8.168344655005241872e-01 8.216900344972941639e-01 8.179118338223977380e-01 8.207763954696294384e-01 8.119576170869505782e-01 8.160869722724631847e-01 7.920335771796063185e-01 8.004964254364239640e-01 8.158488427719610137e-01 8.097987202048984035e-01 8.164137415911912887e-01 8.185851668633286060e-01 8.030078926127955929e-01 8.100851727086274545e-01 8.121693166677392828e-01 8.159423082925502113e-01 8.086895321187150820e-01 8.145642979089028346e-01 7.759425507019149792e-01 7.843577795836359501e-01 8.026623526226155381e-01 7.943834028697203120e-01 8.032268219337572734e-01 8.023745157699666564e-01 7.924358803955309227e-01 8.029761365707237530e-01 8.011079472883564367e-01 8.029223850381931316e-01 8.075568218710756918e-01 8.227605605601663319e-01 8.189915465485957391e-01 8.093192531859488836e-01 8.108991694696267016e-01 8.108499692967580108e-01 8.116651477356726652e-01 8.090962695009132899e-01 8.183317251818794658e-01 8.128353462005847296e-01
6.554162673489241642e-02 1.545015984695975453e-01 4.099364046498188974e-01 5.548100785453531358e-01 4.825608400870131098e-01 5.590495715873139426e-01 7.516411637401460011e-01 7.206098075402164183e-01 7.826379877524077822e-01 7.307648592217973471e-01 1.000000000000000000e+00 8.458949865539168167e-01 7.825157442470083158e-01 6.894417824800078698e-01 8.642473444146646644e-01 8.519297321584541338e-01 7.448484923883643694e-01 6.517786131907141733e-01 7.379607126928109384e-01 6.008763713264700934e-01 6.892541065933828204e-01 7.620711414899147274e-01 6.591482296676249852e-01 6.504331612562261888e-01 6.854903587637742879e-01 7.927787037416952343e-01 8.169430508074355668e-01 7.922404052966837140e-01 7.550428049841085842e-01 7.739481218189816492e-01 8.428398573833130181e-01 8.283811959636744326e-01 7.703694383554058334e-01 8.152779712810021007e-01 7.806166323399792439e-01 8.447174803596126935e-01 8.270216685921325528e-01 8.252156089892197510e-01 8.456520392604738312e-01 8.489961295193063640e-01 8.848233389420763206e-01 8.683278462994173941e-01 8.742830937015032555e-01 8.842481287586003713e-01 8.827797984133574083e-01 8.626466703878822306e-01 8.943149602066671200e-01 8.889134805560492403e-01 8.815161206145495365e-01 8.450962513697469758e-01 8.668793571420492228e-01 8.530675067997257610e-01 8.802006170237997029e-01 8.762717498142488237e-01 8.592829441932614554e-01 8.620731626803342929e-01 8.529093231289099908e-01 8.805677170905545914e-01 8.700341948480999621e-01 8.906943952700542289e-01 8.912079298369474101e-01 8.793787973392881430e-01 8.626914942800578689e-01 8.835537614315427390e-01 8.843763678292753116e-01 8.861377291516133736e-01 8.931742787077988632e-01 8.911797038423227013e-01 8.836116416967308984e-01 8.794897489860202811e-01 8.878880986139144893e-01 8.904318995943091286e-01 8.678009948151647057e-01 8.719337771862698538e-01 8.941910619018592632e-01 8.929081379075384239e-01 8.842619347579245836e-01 8.777414698977017427e-01 8.866518305975413794e-01 8.793502183243501191e-01 8.852758462401361106e-01 8.939737047394999969e-01 8.875376740911863349e-01 8.809823716078964972e-01 8.857406548104198585e-01 8.907147138277115017e-01 8.931429266093109387e-01 8.895783066231848224e-01 8.945832630368615312e-01 8.825938222359628327e-01 8.928102268542337239e-01 8.958457328713014256e-01 9.002107035598265750e-01 8.958935435049741880e-01 8.932233463689690511e-01 8.937726491427382403e-01 8.848980037733189530e-01 8.795252491522702609e-01 8.917993758914286584e-01 8.934104350930884841e-01 9.003770041870177154e-01 8.913170298045173245e-01 8.909489334791923509e-01 8.954220099565617375e-01 8.971931754281478044e-01 8.800275165858408855e-01 8.935488008756186096e-01 8.882159078913012262e-01 8.938373305348426001e-01 8.944392266128051716e-01 8.895804582438878727e-01 8.957474218920400411e-01 8.933031516710109310e-01 8.941502018552484055e-01 8.957724179244187512e-01 8.912115444641551809e-01
-7.667856091411985597e-02 5.445415074765101726e-02 3.522417686809534154e-01 6.479430661932408242e-01 5.359157774236369409e-01 5.911716667510399370e-01 8.008523675001723019e-01 7.720188059861692320e-01 7.226278919365376474e-01 7.127667047752384022e-01 8.458949865539168167e-01 1.000000000000000000e+00 8.140377279935814281e-01 6.604703166865349973e-01 8.936575668169207676e-01 8.889005176632372995e-01 6.964095592806091028e-01 5.259650864799951808e-01 6.432138179086490659e-01 5.578959634473775742e-01 5.963996914991632758e-01 6.768613023601911527e-01 5.676978360602188411e-01 5.872698826952402751e-01 5.908088185332642794e-01 7.234805936180221941e-01 7.410634408643667070e-01 7.184924895724865701e-01 6.734464449634274263e-01 6.890695981161636396e-01 7.779391201992805760e-01 7.653532875615881581e-01 6.992406354072338015e-01 7.813534962589276933e-01 6.977436380216917033e-01 8.272477310688817198e-01 7.711569675836003057e-01 7.758972570328604990e-01 7.912744245432863366e-01 8.178180687923561898e-01 8.748410302727294141e-01 8.495377142181876895e-01 8.684981558604223384e-01 8.671004935902335564e-01 8.498116173356627945e-01 8.246561260772952151e-01 9.097569237747892279e-01 8.881253950624670157e-01 8.817236563440301600e-01 8.345606763614099588e-01 8.521782818812306814e-01 8.886719094170344446e-01 9.015182756701488609e-01 8.488931562481965010e-01 8.292021848230978209e-01 8.180973738780454863e-01 8.281062334799723645e-01 8.738727552566376566e-01 8.604278462348079470e-01 8.946241607085899661e-01 8.992315374175603448e-01 8.676395007555264272e-01 8.542719997229119011e-01 8.768782194095453564e-01 8.759508219487341929e-01 8.859579352171296218e-01 8.894774655175093914e-01 8.634059772763228446e-01 8.602155601212286840e-01 8.679945200300895891e-01 8.692423531176509677e-01 8.697310389430553679e-01 8.547427728497424271e-01 8.451152099888310509e-01 8.892256543331519270e-01 8.758374709899779953e-01 8.740279008345100964e-01 8.549077018753489243e-01 8.669059195400221629e-01 8.513116805683004218e-01 8.649217243704545588e-01 8.768555497664094478e-01 8.726286839592103384e-01 8.527175919474445642e-01 8.755707365482960913e-01 8.826508533815186075e-01 8.843447071884227295e-01 8.845711158892229919e-01 8.821616108777163845e-01 8.631835143680844924e-01 8.900106225162550677e-01 9.024675381317130984e-01 9.043771122672086271e-01 8.896692820187731554e-01 9.093346581781553972e-01 9.020014211272645577e-01 8.938497191074951109e-01 8.896675859744597181e-01 9.026066966081066623e-01 9.043527239265117812e-01 9.017867573925202329e-01 8.967665982122436930e-01 9.155815192419141102e-01 9.075463791447765383e-01 9.111315258831089725e-01 8.775118657755096585e-01 9.031099466728776948e-01 8.886459720906881854e-01 8.880023911527040736e-01 9.036828714181263100e-01 8.939900762806187728e-01 9.055438355147255036e-01 8.975960355824851300e-01 8.979399603008556552e-01 8.945746278616689695e-01 9.013482413898541434e-01
1.950298142604198898e-02 1.285966139454601809e-01 3.483871501940082327e-01 5.230308948627151455e-01 5.167924771995385802e-01 5.535031938799442885e-01 7.449990177244067979e-01 7.319671028954567449e-01 7.419105927169405978e-01 7.149478080845269590e-01 7.825157442470083158e-01 8.140377279935814281e-01 1.000000000000000000e+00 6.528119272388881456e-01 8.517748131986673243e-01 8.478269790840559095e-01 7.096924970324520743e-01 5.863067078889517836e-01 6.766072972029709698e-01 5.582142596699262160e-01 6.360645376986892030e-01 6.994407355985248209e-01 5.826219387015115769e-01 5.813128187597218499e-01 6.139205258809998789e-01 7.545812237549696100e-01 7.608944047964930624e-01 7.546887152025728573e-01 7.206417030236242915e-01 7.260752332251250163e-01 7.871206887007885511e-01 7.573795357966769393e-01 7.117775325291511024e-01 7.447041408885695102e-01 7.223924057951462974e-01 7.878051473766103374e-01 7.778728541187802659e-01 7.675979734875058025e-01 7.747407331793710883e-01 7.937405310933424163e-01 8.564872936295901962e-01 8.380649858459036095e-01 8.312795005470849929e-01 8.475954199702181446e-01 8.275905412319436438e-01 8.095721675191265287e-01 8.665857897496042073e-01 8.631775898755128518e-01 8.476084692446848035e-01 7.874278410139049500e-01 8.256456899755951762e-01 8.191967513769271569e-01 8.471418832615450478e-01 8.442790732355721639e-01 8.302295759090156935e-01 8.178290901655480560e-01 8.175325722488938629e-01 8.588263691080051387e-01 8.445507675382071255e-01 8.687588728183363029e-01 8.666820831080415122e-01 8.448953240965509925e-01 8.237883795443577961e-01 8.352155902527833575e-01 8.479725140582557996e-01 8.568252528253068601e-01 8.584947056898406537e-01 8.451675564997597201e-01 8.336074295832388570e-01 8.396472503250748121e-01 8.461406979682511986e-01 8.511916925819342783e-01 8.197177749608152153e-01 8.251937639107254086e-01 8.665818428800380335e-01 8.606592031632311901e-01 8.556745197442728879e-01 8.500231661129206140e-01 8.537541625368705311e-01 8.480624270303079859e-01 8.541138471500773210e-01 8.584113256225582855e-01 8.453453409655090622e-01 8.425195747143415792e-01 8.364912016568579745e-01 8.451934095024383753e-01 8.557614797136766649e-01 8.526594664768931686e-01 8.554401179774957509e-01 8.488800632623016984e-01 8.522117886274216403e-01 8.671981208053513024e-01 8.648503149267102730e-01 8.594030474575217182e-01 8.683972849541500283e-01 8.663163821232758854e-01 8.476974033725074298e-01 8.496142163641152711e-01 8.654308461032532707e-01 8.617180823904702081e-01 8.630671741529382102e-01 8.614383324740860770e-01 8.656553050340014543e-01 8.664561944495076107e-01 8.663623672057650937e-01 8.547358328690709550e-01 8.637078969355689306e-01 8.649879534411500925e-01 8.649212264996892774e-01 8.690719381281254430e-01 8.622784338768558765e-01 8.713601012954752534e-01 8.624370111437003050e-01 8.609834707330858983e-01 8.642581781083056303e-01 8.685046533498719246e-01
