1.000000000000000000e+00 1.223603757393882802e-01 6.655553731492029612e-02 7.054980771595457945e-02 4.837764130597306533e-02 2.263903488006801731e-02 -2.000306581919005650e-02 3.984450583160011050e-02 9.156083917311716447e-02 1.424340743812027923e-02 4.009201629642478865e-02 2.923685730472789374e-02 4.173734281217368614e-02 -1.558567656679166354e-04 -9.860640944270086111e-03 1.618509094867663645e-02 7.353213969044977705e-02 3.989132090979365802e-02 3.745457616810390911e-02 3.753217112967367070e-02 5.114022054793053440e-02 5.022223652019221912e-02 2.948553394415659792e-02 2.760037784044282877e-02 4.188272808222165411e-02 4.733009500495874433e-02 5.056362393912620934e-02 2.317059759197761734e-02 3.903429755751722935e-02 7.062094842029922881e-02 4.626904713762595295e-02 1.113670989313694792e-02 -9.738784235268444162e-04 -1.239386642521099783e-03 1.516960767486111826e-02 1.749362810628196652e-02 2.185315573303601294e-02 -1.899894437039450004e-02 6.646633286364844696e-04 -2.273331062541849787e-02 1.506496675266061694e-02 -4.919958777674221344e-03 -5.948004663401887035e-03 4.229164624019567456e-03 2.103772256424358764e-02 -5.206877563688775724e-03 5.847386388708963011e-03 5.447526104936383645e-03 2.173533066273410867e-03 -6.236605862662223873e-03 -2.124202260735548117e-02 3.073781893933514447e-02 2.462425007504308316e-02 1.366008166498945166e-02 -4.886226063447708483e-03 -8.387818267455581997e-03 5.651544620483179258e-03 -8.690234602479793291e-03 -2.287473245984152775e-02 3.358086375082632025e-02 1.263363081855605830e-03 1.063831602012185653e-03 -2.509497073435380463e-02 1.260490435991352617e-02 4.590902705927371596e-02 3.339608359870817333e-02 1.877955509076964513e-02 1.197729938694713607e-02 1.789790762456794360e-02 1.518311896785095802e-02 1.428489891850720332e-02 2.040181973339767404e-02 6.393124154128411452e-03 1.537589971187320464e-02 1.904314470884451924e-02 1.792136259266987122e-02 4.008408686454435592e-03 1.476340010354469136e-02 1.756173428463991132e-02 2.816115291911649304e-02 2.078294883830811290e-02 1.827765237174343652e-02 2.057658238422542876e-02 1.146558510666880262e-02 -1.471280886922059553e-04 7.742682041110961720e-03 1.118267128023919983e-02 -3.640055368406283891e-03 6.510227904242040994e-03 1.037083342315908967e-03 -2.253771073380859448e-03 -1.299416534275382902e-03 1.073036429630298307e-02 4.774265401096724169e-03 3.880918810348292936e-03 8.271908733353625781e-03 2.495554057918077974e-03 3.064082401783350951e-02 4.714195582609550898e-03 3.989972763529881297e-03 1.005848320353825440e-03 -7.617425787331176751e-04 2.117003793569881276e-02 9.310464218135361403e-03 2.728627433292456217e-02 1.474801111396529911e-02 9.954341065902675909e-03 1.083518481686870406e-02 5.408381564255679806e-03 3.993686571673337772e-03 -7.084266112776664397e-03 2.453888523875430785e-02 5.158827198904670890e-03 2.054903081789900138e-02 2.861470477975157356e-02 3.582218470145103612e-02
1.223603757393882802e-01 1.000000000000000000e+00 5.479039947532665655e-02 7.447486615548355726e-02 6.734893169124374357e-02 1.065351571305983985e-01 1.209777932107553994e-01 9.712934587053038971e-02 1.327396101313302601e-01 1.731357695115928463e-01 1.200783191299669150e-01 1.408433455975770798e-01 1.177657617051013766e-01 1.287605679940209968e-01 1.556153217751573836e-01 1.443325317662597085e-01 1.523237443206173769e-01 1.476155448896659672e-01 1.716631341472973082e-01 1.636701337287717051e-01 1.294475434340509878e-01 1.606460658794898744e-01 1.648556811990305182e-01 1.679831871527543985e-01 1.663607319917536354e-01 1.655165965432406627e-01 1.722821128672369084e-01 1.500726497109958202e-01 1.688055656612975075e-01 1.780253505996725050e-01 1.784369875167209629e-01 1.596304619020772753e-01 1.188387093044353110e-01 1.297104077801507216e-01 1.388509615826548915e-01 1.206191777348292887e-01 1.461588235745303610e-01 1.354179691068627678e-01 1.237062958149755115e-01 1.249438961558019395e-01 1.523893960986463514e-01 1.388704660676403357e-01 1.134929617103251631e-01 1.417969104913212597e-01 1.481730571334894941e-01 1.432012480723547088e-01 1.379161786657741584e-01 1.531554263245624992e-01 1.341045763261557167e-01 1.031226642990776682e-01 1.272124147234876823e-01 9.370715809281801589e-02 1.187104796982952626e-01 1.659782687136924229e-01 1.472828414092832994e-01 1.500180875269235548e-01 1.395379748982710222e-01 1.473127644181363161e-01 1.446736823487844992e-01 1.513618806405324091e-01 1.250632975311411488e-01 1.569413736346347843e-01 1.410213900298790679e-01 1.361984097107538927e-01 1.450845109118172327e-01 1.530103779195222391e-01 1.459834484160676404e-01 1.520317969313334239e-01 1.587897252359482259e-01 1.549080304853507062e-01 1.490696940953173677e-01 1.514876635867133392e-01 1.554673536689047397e-01 1.529845039273158847e-01 1.556524491530787702e-01 1.540956252520410408e-01 1.460733204508237459e-01 1.580106526761250185e-01 1.627496916930986914e-01 1.638401584410079936e-01 1.549295811336550144e-01 1.572593179503393168e-01 1.559741197215760711e-01 1.506581155892634249e-01 1.266044677850551581e-01 1.431282427411363634e-01 1.453911753802676621e-01 1.395857737975867152e-01 1.358881477187565412e-01 1.477502256414149895e-01 1.400498371994211011e-01 1.398749476525874835e-01 1.428257359466742760e-01 1.448604031818774562e-01 1.411447505640176237e-01 1.473657748368671361e-01 1.127510556939186476e-01 1.330411862920896915e-01 1.269996185766549268e-01 1.294463766247486436e-01 1.275349791194873572e-01 1.350251305050517991e-01 1.304670697162148285e-01 1.279406854130129279e-01 1.366220419514949658e-01 1.469769546426535345e-01 1.407660674924526567e-01 1.521717388702751028e-01 1.485539753652402040e-01 1.456298525635524310e-01 1.443068424915281700e-01 1.485851267538072507e-01 1.484367991468222847e-01 1.404849838087354197e-01 1.443762449746075482e-01 1.495388433967129727e-01
6.655553731492029612e-02 5.479039947532665655e-02 1.000000000000000000e+00 2.808571318149700180e-01 1.382113951979458411e-01 1.481200427031764133e-01 2.459152088056001662e-01 2.247660239177375063e-01 2.237138529689387256e-01 2.149914265613191711e-01 2.413100045895470447e-01 2.783175020140647993e-01 2.387003195280323342e-01 2.151540487684787950e-01 2.692057806587939139e-01 2.677216848266844584e-01 2.284114058577289275e-01 2.485914914202987103e-01 2.424595376363842536e-01 2.247222710211582708e-01 2.442316443243423008e-01 2.562799890154629501e-01 2.630652926750201015e-01 2.397521483091800687e-01 2.442957881644050866e-01 2.689845277958051728e-01 2.686793744981610388e-01 2.709984269158201564e-01 2.720828489820576457e-01 2.758369378874137579e-01 2.691103954659521125e-01 2.723877539833023387e-01 2.670152617039228682e-01 2.647802651408140417e-01 2.536895112274000219e-01 2.589978716732656561e-01 2.548614027746216038e-01 2.647149445623108721e-01 2.612312959342768526e-01 2.490505072160900946e-01 2.736867379954818214e-01 2.767552501513426133e-01 2.668445521943351162e-01 2.820242580266451027e-01 2.634974820536624129e-01 2.731857764558405788e-01 2.592780711301219676e-01 2.567232706292087996e-01 2.633125738832648999e-01 2.613384750759613628e-01 2.684544648125440358e-01 2.591277013808939156e-01 2.564620077999701930e-01 2.623861567774180004e-01 2.595798597707873467e-01 2.679498027191612453e-01 2.646258218129972084e-01 2.726004294325267141e-01 2.572135840858231770e-01 2.678141560613753192e-01 2.660276774972150093e-01 2.703380594964991390e-01 2.540928858721684946e-01 2.666738721001056800e-01 2.652781750352997681e-01 2.699514991408957787e-01 2.598492928559127391e-01 2.588068744410988997e-01 2.694028048948078347e-01 2.747362368899529117e-01 2.597519817095049754e-01 2.654123660836232301e-01 2.625273738125548650e-01 2.637166828590055689e-01 2.660571638422865037e-01 2.591767077464023905e-01 2.682849853771025472e-01 2.735378970616478833e-01 2.734996708894265049e-01 2.735789387983812992e-01 2.614626800765638692e-01 2.718472227381087958e-01 2.705111354735165730e-01 2.664104195902524119e-01 2.670689626641575831e-01 2.625538883702369097e-01 2.655845288833815765e-01 2.703269426721034985e-01 2.611318213605283711e-01 2.727781820148232339e-01 2.656199922312847406e-01 2.667827739886356464e-01 2.684835441777958520e-01 2.688974463664731696e-01 2.557336470640401704e-01 2.578860601796496566e-01 2.641124697424684364e-01 2.589803061047942223e-01 2.587673907036548981e-01 2.637711469541055287e-01 2.626299492769236243e-01 2.633900679249476240e-01 2.573996405475605931e-01 2.678003288839629348e-01 2.659779378042017584e-01 2.681238328831813122e-01 2.596568348399184156e-01 2.605739442630108926e-01 2.677017616334259054e-01 2.656981259484177960e-01 2.630051171641409335e-01 2.619278159558966479e-01 2.697996993083351946e-01 2.617342878135563433e-01 2.601131623926759562e-01 2.636161001232969481e-01
7.054980771595457945e-02 7.447486615548355726e-02 2.808571318149700180e-01 1.000000000000000000e+00 2.793715311113348920e-01 2.844638341143438942e-01 4.167600283519418691e-01 4.587051705344655783e-01 4.580736884796929864e-01 4.171813079283706593e-01 4.641656551516339380e-01 5.248698258137782791e-01 4.511562226769865180e-01 4.428571333825828127e-01 5.141276558794914964e-01 5.246203763586034796e-01 4.665292829315852985e-01 4.708430492330417105e-01 4.726852654866011694e-01 4.721909698039408187e-01 4.896989668229802528e-01 5.037938847942398102e-01 4.879661279360501536e-01 4.819017411462216405e-01 4.605815387453017218e-01 5.034508542344287019e-01 5.070735693111253495e-01 4.965329244803743935e-01 4.736964384495538360e-01 4.937396693227543709e-01 5.206516469719502105e-01 5.131507786945007643e-01 4.705622017422257941e-01 4.887278203214858729e-01 4.775639612400247591e-01 5.060122739232527644e-01 4.868362348625860925e-01 4.893047025062894351e-01 5.080031437590122323e-01 4.867632083878070115e-01 5.192903176164621604e-01 5.093397150438705445e-01 5.168488089593030743e-01 5.229343507502468569e-01 5.174986711178467536e-01 5.072431759745693602e-01 5.104316859256277095e-01 5.119030263752001320e-01 5.149167002208320243e-01 4.931003301959123730e-01 5.070953353257857676e-01 5.150035791574351096e-01 5.119392364376282867e-01 5.155825904236742696e-01 5.052273152490043273e-01 5.158544484354601334e-01 5.170469926058486321e-01 5.169910335906532373e-01 5.020679527998349601e-01 5.234455186053096343e-01 5.183827408762304856e-01 5.188905871827056426e-01 5.049993998352212410e-01 5.206522909708745095e-01 5.252910298970773217e-01 5.261449403198334984e-01 5.160848298442991533e-01 5.124430035776854631e-01 5.182654370657492349e-01 5.271548714890217369e-01 5.152077948674572694e-01 5.130849504409950024e-01 5.094144918226022334e-01 5.100290834950303998e-01 5.166728923670682594e-01 5.151757546954172096e-01 5.126068774680863083e-01 5.135128304316664005e-01 5.219401994022354607e-01 5.219650007929883540e-01 5.181644765810758946e-01 5.291997502560610300e-01 5.304393154651686482e-01 5.182134796492784412e-01 5.169119028108127845e-01 5.133357871173376274e-01 5.150996479667314665e-01 5.254520925693109135e-01 5.207584110997645066e-01 5.287391593710812909e-01 5.135372221644046720e-01 5.187426241771335711e-01 5.252216716218001125e-01 5.265622286466012936e-01 5.131442741853967648e-01 5.154317058711748167e-01 5.258165860018839677e-01 5.282667162022898211e-01 5.199665803949764520e-01 5.211813731327384902e-01 5.278115695184969480e-01 5.314204510747201349e-01 5.216908631775256655e-01 5.281432401656134257e-01 5.319629343819028966e-01 5.361549231162380247e-01 5.178444887037724209e-01 5.172132525188636309e-01 5.251130279242405274e-01 5.224014192408973356e-01 5.265742056498435852e-01 5.222795124883138351e-01 5.348509190897243748e-01 5.304216182312658789e-01 5.247304518223067094e-01 5.288513488295003562e-01
4.837764130597306533e-02 6.734893169124374357e-02 1.382113951979458411e-01 2.793715311113348920e-01 1.000000000000000000e+00 2.421815806701794471e-01 3.835021713465114335e-01 4.183379056233907378e-01 4.146099110282223110e-01 3.755562177486336251e-01 3.882304841060607581e-01 4.422781263727154077e-01 4.167734814875577176e-01 3.988107523727070225e-01 4.516891619760127763e-01 4.499461385105026912e-01 4.149026499063313556e-01 4.002206958651198243e-01 4.221693015049534647e-01 3.726815492226467352e-01 4.192309996937939043e-01 4.371887374218255129e-01 4.249689551703147994e-01 4.143238669541197128e-01 4.248561648123611589e-01 4.300685444989514328e-01 4.314952757865851973e-01 4.308360709364883467e-01 4.147176862101984440e-01 4.185725185178378327e-01 4.473296478865633197e-01 4.457166788681531377e-01 4.204482615181163729e-01 4.197064754713117352e-01 4.259927953934741773e-01 4.385347980659394240e-01 4.317278923174010519e-01 4.419922714274628350e-01 4.438543383513448015e-01 4.285275961886855223e-01 4.547976485419185089e-01 4.512456625978469860e-01 4.465169783040627838e-01 4.626899127219673558e-01 4.538094045395081322e-01 4.478130569211482004e-01 4.582421388999368683e-01 4.600650791578910215e-01 4.619431799890382218e-01 4.296144047609263272e-01 4.471547221255826599e-01 4.395958368781516246e-01 4.462153160995770418e-01 4.603321999849879775e-01 4.600175046075722918e-01 4.552535523440752740e-01 4.598987013205314001e-01 4.606069281871325027e-01 4.451142269999322498e-01 4.733633341126413652e-01 4.652366802212710151e-01 4.594361021765334674e-01 4.510005559933271679e-01 4.552273687636430588e-01 4.660818145619377018e-01 4.673804792473625902e-01 4.599845162247993557e-01 4.669381799215332474e-01 4.638827421676935403e-01 4.639016467626688733e-01 4.587868113356586286e-01 4.604340430549357377e-01 4.532259820876672340e-01 4.609890482707338921e-01 4.588963213095524907e-01 4.577043349725019583e-01 4.543500728191336990e-01 4.504501300162288002e-01 4.598868186983273154e-01 4.577485655317783397e-01 4.580704849677873503e-01 4.619150399531549156e-01 4.594683695461149187e-01 4.571776794379428521e-01 4.485658897339769857e-01 4.544952244987800483e-01 4.605444841268802603e-01 4.569836758131695653e-01 4.568542718135929492e-01 4.555225070908053842e-01 4.513132084706021896e-01 4.607833310512612357e-01 4.599246737917991323e-01 4.581833158752365853e-01 4.640031777627884879e-01 4.628595693481885043e-01 4.483723352952478369e-01 4.552455527328128082e-01 4.585433220410429223e-01 4.553056748133287868e-01 4.567888082776310754e-01 4.585878584616266962e-01 4.628218131261287449e-01 4.668518627522269537e-01 4.648637068112820292e-01 4.569468401409838010e-01 4.605922558430565750e-01 4.622172976511683684e-01 4.619718365659862269e-01 4.644497120229488796e-01 4.561219851300673533e-01 4.681357311131978394e-01 4.587211178774214804e-01 4.613887952894014655e-01 4.634958665686886303e-01 4.644453043182324437e-01
2.263903488006801731e-02 1.065351571305983985e-01 1.481200427031764133e-01 2.844638341143438942e-01 2.421815806701794471e-01 1.000000000000000000e+00 4.684976099188450926e-01 3.999968567586660861e-01 4.518939295709455961e-01 4.292298837269016842e-01 4.409029012605464870e-01 4.992144457727988316e-01 4.593968769626254334e-01 4.449566379777348812e-01 5.191985581976432673e-01 5.120974516612354366e-01 4.760845039549568281e-01 4.803943707056849144e-01 4.870784550535056101e-01 4.643862173359512013e-01 4.864737229609033542e-01 5.180663298838006359e-01 5.065161388821672883e-01 5.075976584822909921e-01 4.984412117763766248e-01 5.094952052217457394e-01 5.010124899596823944e-01 5.079807973541551336e-01 4.778107070697953374e-01 4.947573227521031569e-01 5.255238563640789451e-01 5.372635696787979587e-01 5.046377400208698072e-01 5.128904850913217350e-01 5.047962567583862414e-01 5.059033176243245000e-01 5.229315568553732918e-01 5.124309677127319995e-01 5.289912401116205753e-01 5.203246322775730848e-01 5.365503464894492147e-01 5.313066066871289239e-01 5.123485306770780845e-01 5.402493985462970549e-01 5.377777669087698831e-01 5.337565223298614825e-01 5.448892612171342131e-01 5.449991650151850830e-01 5.440943798622437377e-01 5.055690037555972127e-01 5.272711008736608029e-01 5.146906060852851628e-01 5.284691276487711864e-01 5.407695333630064827e-01 5.331181078074740398e-01 5.371854306269916446e-01 5.371491543638312605e-01 5.348796138244250598e-01 5.345661805553385548e-01 5.420682454228833436e-01 5.397833599701161722e-01 5.369051699521186771e-01 5.291861887654807362e-01 5.343407446287179452e-01 5.386380746190748692e-01 5.415325567414372987e-01 5.465492218560539239e-01 5.457067400373486477e-01 5.509795947897970780e-01 5.507438586633012223e-01 5.442064515960511883e-01 5.458415092083811482e-01 5.468655358982893455e-01 5.443037340855282347e-01 5.460022725749604788e-01 5.426246758447442753e-01 5.442812949558580859e-01 5.393842028365387620e-01 5.426407555338751409e-01 5.400128882583346002e-01 5.450514055948062486e-01 5.433029006623203427e-01 5.504595159219712874e-01 5.484582212064965656e-01 5.423612536176258825e-01 5.469980692472977690e-01 5.455892679196489015e-01 5.522271522745954009e-01 5.530582224815135950e-01 5.518344314204597367e-01 5.519405833440207410e-01 5.499997432566487987e-01 5.503742351938410993e-01 5.530125899422759783e-01 5.468074660247803642e-01 5.496083791193213663e-01 5.391515098393773187e-01 5.345878937579656709e-01 5.445900436160330260e-01 5.427842302850429679e-01 5.456127083239178388e-01 5.427812684090227435e-01 5.416857947579258870e-01 5.462967280604732467e-01 5.452294390180888461e-01 5.424388123763781433e-01 5.461944464322879833e-01 5.493625976337016548e-01 5.480464799152698907e-01 5.477760314640943706e-01 5.472536842282146319e-01 5.466346922201752445e-01 5.471245268719896471e-01 5.419270315602734422e-01 5.468668820452462498e-01 5.441883999847733078e-01
-2.000306581919005650e-02 1.209777932107553994e-01 2.459152088056001662e-01 4.167600283519418691e-01 3.835021713465114335e-01 4.684976099188450926e-01 1.000000000000000000e+00 5.973452672880967818e-01 6.168727360015315853e-01 5.875873202469352741e-01 6.131423406847575919e-01 6.877213223999172342e-01 6.461512499837990253e-01 6.286028507975888191e-01 7.613503143490506497e-01 7.293275665594024515e-01 6.571177225618065609e-01 6.436822290041365191e-01 6.577749243159293213e-01 6.339602699004143194e-01 6.756158106037118971e-01 6.728061608368152147e-01 6.763339419965557209e-01 6.629659314182826391e-01 6.434768934120587147e-01 6.809273231910337731e-01 6.913683587642647232e-01 7.150690749077727171e-01 6.396877618014407130e-01 6.289088850908932660e-01 6.938972835247048110e-01 7.392085333517427470e-01 7.146707707073581828e-01 7.187348949139071852e-01 6.982649844052142285e-01 7.076433767242790163e-01 7.154423253523853887e-01 7.485538215266862583e-01 7.404721361361623622e-01 7.390255500753710738e-01 7.467091044369983388e-01 7.570226023088351130e-01 7.416033074800962854e-01 7.642468876745398543e-01 7.481414805536938939e-01 7.557784515628828137e-01 7.462716306507699571e-01 7.506272937596931705e-01 7.494735447077932600e-01 7.377876602587698507e-01 7.509163302319130651e-01 7.163345427564482559e-01 7.347048287674807776e-01 7.409733086355972942e-01 7.436203880184117931e-01 7.477709688866146509e-01 7.347780289031069501e-01 7.455077090818351682e-01 7.388318149096460008e-01 7.424103655663724100e-01 7.462234137048550098e-01 7.331797015405192575e-01 7.353401402755367355e-01 7.388508624106902012e-01 7.404425995310942588e-01 7.333990037004107787e-01 7.502414407094571969e-01 7.477728992184913270e-01 7.477341395718131167e-01 7.537889039610414788e-01 7.467140580007769479e-01 7.449474636258482940e-01 7.469010852700863623e-01 7.382184663047374196e-01 7.442546323179821677e-01 7.456682353718879774e-01 7.553654890626210205e-01 7.335801065711174962e-01 7.408406133741493038e-01 7.273060832409652399e-01 7.457086131854160360e-01 7.399607296794787903e-01 7.562572252154338148e-01 7.517977944253995126e-01 7.600769820341369831e-01 7.583718970314197172e-01 7.556923679028736407e-01 7.681106385218816612e-01 7.608018631487524219e-01 7.553568164875474888e-01 7.610679604958123790e-01 7.643881937536880500e-01 7.600831874694291557e-01 7.656739087840785940e-01 7.541507811824176288e-01 7.531154120288172660e-01 7.521914780372658260e-01 7.458956142572892301e-01 7.570702670314041205e-01 7.618745057685822886e-01 7.651932328224283486e-01 7.582164399623005924e-01 7.519271998598181517e-01 7.617305412578564416e-01 7.543423104852219341e-01 7.436876176804430028e-01 7.577390646582388145e-01 7.513507837132639144e-01 7.524176530342205904e-01 7.539882540295497204e-01 7.538354634227254492e-01 7.474070737326590219e-01 7.528812237717916744e-01 7.537637918107461532e-01 7.470505569274716873e-01 7.415573784416535918e-01
3.984450583160011050e-02 9.712934587053038971e-02 2.247660239177375063e-01 4.587051705344655783e-01 4.183379056233907378e-01 3.999968567586660861e-01 5.973452672880967818e-01 1.000000000000000000e+00 6.160002602196995580e-01 5.640642613721014165e-01 5.943735571731778577e-01 6.811726349860979246e-01 6.407355438847829321e-01 5.862266619292944014e-01 7.214679809739835692e-01 7.417401193089181444e-01 6.258752464369672364e-01 6.204266295341862580e-01 6.352714165592070472e-01 6.052041910460068674e-01 6.415711903780494385e-01 6.532524603416617337e-01 6.287520794744774211e-01 6.233493036693356082e-01 6.084064654275741502e-01 6.409480670431744187e-01 6.575974579681693744e-01 6.548522127115320446e-01 6.320448958587124855e-01 6.317272330783265666e-01 6.809396834688501432e-01 7.087036036867658817e-01 6.694093151073658987e-01 6.830047495285546111e-01 6.729811751363232730e-01 6.984092439282194587e-01 6.751614255116898944e-01 7.034233831379492763e-01 7.116709230392844754e-01 6.696741304680347007e-01 6.995605689769630597e-01 7.109954256157998698e-01 7.085422240315198961e-01 7.231343079473445679e-01 7.052910045752867063e-01 7.061555315951648648e-01 7.187908081685995265e-01 7.230937076551997578e-01 7.291774649615129222e-01 6.957059315441700420e-01 7.189301285088054438e-01 6.800453140390579909e-01 6.955065806911380211e-01 7.290247571743516675e-01 7.241180974980366836e-01 7.095314967619176239e-01 7.370082205955510446e-01 7.261558533533256643e-01 7.234946020539930744e-01 7.307265417867090385e-01 7.339149054899102298e-01 7.370448208007648327e-01 7.352680500063075719e-01 7.314050474688438275e-01 7.202678251506380303e-01 7.301030867346914865e-01 7.191904029148641353e-01 7.201010642150850183e-01 7.196990602003642268e-01 7.163930212557394483e-01 7.108222251764330091e-01 7.156932466266711090e-01 7.069822799740629327e-01 7.054255623235690109e-01 7.061592779366704375e-01 7.120677758291565906e-01 7.006714661183212067e-01 7.041342257701456164e-01 6.989310015584869751e-01 7.095649555829823818e-01 7.087947513899349739e-01 7.147601912281947856e-01 7.168194377164504028e-01 7.189154931359706957e-01 7.117258927933297619e-01 7.172618311765851518e-01 7.187477641607602497e-01 7.210116934506320963e-01 7.219906798367086154e-01 7.141915848025641722e-01 6.995712964398548284e-01 7.162252267718439702e-01 7.154647919740712014e-01 7.222637826272885198e-01 7.251063091417697670e-01 7.249231669357266705e-01 7.127208996567188093e-01 7.260367790669196575e-01 7.261254730107663535e-01 7.218488975774495220e-01 7.231072718159713419e-01 7.350982059127426638e-01 7.129182901064499145e-01 7.318865592417355126e-01 7.233536906359538943e-01 7.352815847550060457e-01 7.274345616542322590e-01 7.226747338109025254e-01 7.271333483819111265e-01 7.289507816811661156e-01 7.284114280114907247e-01 7.272595817988677380e-01 7.353798343481177113e-01 7.352450522718237957e-01 7.230527958900102581e-01 7.257208061930947585e-01
9.156083917311716447e-02 1.327396101313302601e-01 2.237138529689387256e-01 4.580736884796929864e-01 4.146099110282223110e-01 4.518939295709455961e-01 6.168727360015315853e-01 6.160002602196995580e-01 1.000000000000000000e+00 7.058027144795494534e-01 6.953136756245540395e-01 7.588385341275255547e-01 7.200450205809986182e-01 6.818053607451001197e-01 7.995473716134566811e-01 7.785914605025752167e-01 7.682223435298143333e-01 7.198631622338294012e-01 7.486114651352221427e-01 6.971068180141793968e-01 7.192678734060492518e-01 7.692598721367592818e-01 7.461011138156244948e-01 7.435306575477044211e-01 7.380312511865899650e-01 7.819571197396327777e-01 7.820930909014268684e-01 7.729306877410458965e-01 7.464523009691527156e-01 7.778993597177540353e-01 8.102124850913984266e-01 8.012585093243012047e-01 7.352684431382837671e-01 7.381050180318238230e-01 7.339502063134178966e-01 7.435847735944179915e-01 7.633934259854165960e-01 7.756157778491817867e-01 7.757027620352677788e-01 7.529983219823860319e-01 8.213575942465567437e-01 8.030359966098131741e-01 7.711399998996742999e-01 8.125634450137320108e-01 8.123322789905503827e-01 8.107063546813566557e-01 8.273751768637722659e-01 8.383755650732891418e-01 8.230688508338337428e-01 7.487748790117496611e-01 7.932735780455987262e-01 7.663626497712068275e-01 7.917469802877564744e-01 8.419579428172867530e-01 8.228158873000032125e-01 8.151243568458823585e-01 8.248945100760080029e-01 8.161194203235556666e-01 8.105039453843818631e-01 8.472081265780793125e-01 8.271929482474172923e-01 8.328188782410166358e-01 8.070907142448535687e-01 8.230732817167947246e-01 8.392791909990241495e-01 8.420178332145522582e-01 8.349220152659108107e-01 8.321631704447295386e-01 8.264414456674966658e-01 8.295506308974414100e-01 8.261014701624416201e-01 8.315542720867072912e-01 8.166170815196982513e-01 8.228738005059658134e-01 8.314806424181224731e-01 8.292880096514324562e-01 8.227345265095997728e-01 8.208431400608691142e-01 8.281537444608780829e-01 8.332662314857622876e-01 8.298145690077447512e-01 8.346023334879041355e-01 8.300531701425799547e-01 8.198229182985621311e-01 7.923331284059359492e-01 8.133651871164604419e-01 8.198253021807446750e-01 8.195293011530145888e-01 8.194574226028357167e-01 8.201128096643872656e-01 8.096841023189450537e-01 8.243634675239073228e-01 8.242336961022987962e-01 8.259375740516069486e-01 8.325599341753759930e-01 8.359575255874324151e-01 7.840461458857553856e-01 8.153421425352144203e-01 8.156278209205438667e-01 8.123734908607650462e-01 8.100592294369933777e-01 8.173122947337089217e-01 8.216968882447774902e-01 8.218054618987058468e-01 8.237131471717568099e-01 8.231281210034526730e-01 8.306922474749177665e-01 8.379648331678801743e-01 8.327754663003450464e-01 8.329944367048405240e-01 8.211897460514308023e-01 8.423935417903642975e-01 8.300885640760717887e-01 8.298023150611590903e-01 8.364175806678020297e-01 8.410682679138674622e-01
1.424340743812027923e-02 1.731357695115928463e-01 2.149914265613191711e-01 4.171813079283706593e-01 3.755562177486336251e-01 4.292298837269016842e-01 5.875873202469352741e-01 5.640642613721014165e-01 7.058027144795494534e-01 1.000000000000000000e+00 6.437401502192046099e-01 7.176906832328653341e-01 6.617895165048087724e-01 6.477531073237158266e-01 7.444830537828799333e-01 7.195113569760729355e-01 6.829675274922267780e-01 6.836671685886031025e-01 7.055772918871783261e-01 6.609657958402344047e-01 6.758606206791712978e-01 7.214054564717614637e-01 7.173650733075044306e-01 7.153791787762723287e-01 7.087627491673734736e-01 7.375147089729610084e-01 7.405686735509183771e-01 7.382807751400348728e-01 7.154303829594238495e-01 7.311812880897733402e-01 7.632250121085685235e-01 7.642388021927118968e-01 7.058420538634885277e-01 7.002811007470610694e-01 7.052094562711314074e-01 6.962053654605502295e-01 7.202455473680866582e-01 7.430588956073728157e-01 7.353497924467893299e-01 7.333068780409134346e-01 7.765984320642853600e-01 7.656387377751877610e-01 7.369049559237275115e-01 7.680787305773846274e-01 7.629958997292568545e-01 7.657856954462900489e-01 7.799564891474107808e-01 7.877490630933974280e-01 7.773072533200321432e-01 7.080358352633524532e-01 7.578360505854998541e-01 7.144981499888549692e-01 7.450771033392062925e-01 7.903880708937264243e-01 7.764927348448760203e-01 7.821934170122734065e-01 7.699033051844214048e-01 7.764818075773040063e-01 7.736674295394702083e-01 7.795487834845209463e-01 7.725004518847173873e-01 7.840626995977627578e-01 7.647092097340493222e-01 7.579176874443788181e-01 7.684313242342900585e-01 7.734111373122235511e-01 7.797824380350226736e-01 7.825447381162256022e-01 7.792266179198944487e-01 7.841970823702657523e-01 7.765650631107140489e-01 7.786804837670330270e-01 7.749157691737842413e-01 7.777459448995525104e-01 7.774475412982712053e-01 7.750462856086263175e-01 7.768379235152133022e-01 7.751127699273894223e-01 7.813418255472952545e-01 7.835098869463426041e-01 7.827357107688338589e-01 7.814659648486966814e-01 7.783102968441307778e-01 7.739632010016959107e-01 7.505363961532516281e-01 7.646359078367787054e-01 7.695597315017154161e-01 7.765138107432042469e-01 7.711335939309068577e-01 7.846679056310369438e-01 7.711139954552469478e-01 7.778143405358886042e-01 7.758902631550126383e-01 7.808562644036927125e-01 7.806309585515460725e-01 7.837999951056807690e-01 7.422559764468983357e-01 7.469177393017094602e-01 7.622298547269850122e-01 7.610837575623425888e-01 7.634216017972426105e-01 7.644374084068276121e-01 7.675736525330012494e-01 7.695164979156983165e-01 7.643792398819880818e-01 7.683341056094525889e-01 7.739941327365652546e-01 7.849601170469976408e-01 7.861382919613741915e-01 7.813677229317161910e-01 7.794719142052760619e-01 7.808575162408950554e-01 7.821151780687422006e-01 7.683598778305529287e-01 7.775105374871266184e-01 7.772112685091421280e-01
4.009201629642478865e-02 1.200783191299669150e-01 2.413100045895470447e-01 4.641656551516339380e-01 3.882304841060607581e-01 4.409029012605464870e-01 6.131423406847575919e-01 5.943735571731778577e-01 6.953136756245540395e-01 6.437401502192046099e-01 1.000000000000000000e+00 7.696922299028966519e-01 6.747037351664189053e-01 6.663404428261522350e-01 7.668427457047360951e-01 7.471308745402411855e-01 7.045105011767546221e-01 7.106460067910085332e-01 7.399103603107993754e-01 6.656392962088815146e-01 7.161485713528140673e-01 7.504788188193639575e-01 7.435588757431077500e-01 7.278067958889693490e-01 7.292546325228452808e-01 7.643088706429523871e-01 7.648024597028730831e-01 7.624990475168890169e-01 7.339383103352560278e-01 7.540973812761601058e-01 7.995823471004506189e-01 7.770172446978010905e-01 7.385515180970978477e-01 7.387543126613823619e-01 7.418599797521688854e-01 7.545662727275064263e-01 7.683570445842735630e-01 7.540697148777679715e-01 7.811329745474338004e-01 7.527641040638998193e-01 7.934423529061590541e-01 7.839620400189128979e-01 7.650451032150197284e-01 7.932355431507978061e-01 7.945899469875568055e-01 7.855733890893645821e-01 7.986729015414908428e-01 8.045855130962442647e-01 7.985477882638544189e-01 7.493199024795964558e-01 7.790009674116185057e-01 7.557031956918993654e-01 7.691445777847121246e-01 7.945150198176780254e-01 7.862480621749867726e-01 7.912912035629723340e-01 7.866024567104789034e-01 7.884043772930775518e-01 7.790216324859235986e-01 8.032280652014768263e-01 7.981059460875670197e-01 7.888904055736428722e-01 7.746454964699058809e-01 7.895987845661442961e-01 7.979883460616069568e-01 7.960065826960888158e-01 8.053717054466387193e-01 8.027894053659769824e-01 8.033768252918008779e-01 8.001582111167738764e-01 8.030074044138408862e-01 8.054446679352014193e-01 7.902096880902106379e-01 8.002530602758293199e-01 8.063229442401155245e-01 8.024968269505048379e-01 8.020835277789358786e-01 8.024299378264064808e-01 8.028810168778175438e-01 8.079963193693031620e-01 8.074227222459713360e-01 8.085405939984374735e-01 8.042214371798546146e-01 8.036371089436965542e-01 7.854154448517242093e-01 7.962969757727742515e-01 8.058221329890495888e-01 8.001849885785348171e-01 8.054291987182309320e-01 8.019180668972163417e-01 7.998236794294658614e-01 8.046894904695097717e-01 8.077677179091447002e-01 8.066096029510810839e-01 8.047956408348316826e-01 8.059937673379845569e-01 7.818720338008005033e-01 7.878605621176405505e-01 7.961388853112209008e-01 7.959637657592235627e-01 7.985016457223260700e-01 7.958619007667302458e-01 7.976063772520174400e-01 8.029256311831772797e-01 8.016027274830748173e-01 7.926294370667725797e-01 8.018305949690707202e-01 8.046852427019172138e-01 8.039094334469120140e-01 8.048285003180307706e-01 7.964009248110527350e-01 8.075848283683448869e-01 8.007432126254764304e-01 8.005017188186762667e-01 8.066921178977509710e-01 8.030955398147562319e-01
2.923685730472789374e-02 1.408433455975770798e-01 2.783175020140647993e-01 5.248698258137782791e-01 4.422781263727154077e-01 4.992144457727988316e-01 6.877213223999172342e-01 6.811726349860979246e-01 7.588385341275255547e-01 7.176906832328653341e-01 7.696922299028966519e-01 1.000000000000000000e+00 7.674974138511054811e-01 7.468706351112267550e-01 8.699242700830829289e-01 8.501890692778643066e-01 7.933141453968465262e-01 7.896180330182313023e-01 8.170188828211170096e-01 7.484836406020431987e-01 8.148099103084173178e-01 8.408651846674379815e-01 8.251101527991469009e-01 8.145227844291660357e-01 8.074823631736552931e-01 8.429200373364906795e-01 8.545293085855962811e-01 8.524735224267990796e-01 8.156118586869258724e-01 8.280729738348798774e-01 8.834182317589954758e-01 8.787484402252397908e-01 8.346206158025003541e-01 8.328406840825249846e-01 8.275547061037588081e-01 8.356723576945763732e-01 8.456085383575250303e-01 8.739328463359334886e-01 8.731960353313152901e-01 8.455364143727112092e-01 8.885385188878607288e-01 8.878280870033222749e-01 8.556466021795214871e-01 8.954203706700167853e-01 8.837275670851235665e-01 8.855527851906387360e-01 9.001154416093709587e-01 9.022890127871997512e-01 8.964900003709672660e-01 8.539714401713631720e-01 8.850845261118693852e-01 8.452752216644370264e-01 8.609861978843100783e-01 8.988981513680445179e-01 8.910228782320180896e-01 8.913007375526047493e-01 8.865841031521392024e-01 8.914541398130944039e-01 8.835412499157441202e-01 8.989766165847833390e-01 8.956791512149078205e-01 8.928282477430571351e-01 8.781363218952098482e-01 8.894537374356210613e-01 8.931699445661293035e-01 8.938540020770069372e-01 9.025410764721160106e-01 9.000401814857303950e-01 8.996278788856967301e-01 8.995916096896365843e-01 9.020016887435572395e-01 9.025626145124900912e-01 8.864055435063717958e-01 8.964215073416651469e-01 9.007557595837534237e-01 9.005253489450580906e-01 8.928972234419982890e-01 8.936205913040743409e-01 8.952462020924728536e-01 9.033052653870459192e-01 9.030881904858100162e-01 9.063364920604930486e-01 9.004939073023995322e-01 8.993449333524532463e-01 8.849344870240067884e-01 8.930175480892216244e-01 8.983314928894956530e-01 9.009981904073471881e-01 9.006301995115466585e-01 8.967098099209738216e-01 8.906685793847389787e-01 9.027337695325887701e-01 8.998776012641492850e-01 9.021741356451813409e-01 9.037699615054766156e-01 9.045389653117814621e-01 8.739650337944679936e-01 8.859586982709696246e-01 8.907652806432445614e-01 8.929067764770937110e-01 8.904362600816543294e-01 8.951729158901500227e-01 8.877829413182402041e-01 9.004796375225982974e-01 8.976649026184997382e-01 8.909990188729787208e-01 9.009956075212521842e-01 9.030238632174431013e-01 9.026316991282320457e-01 9.032283134653960044e-01 8.985658075752609442e-01 9.030039092975209458e-01 9.004373013135305026e-01 8.987071861044264587e-01 9.013881089062801832e-01 8.984612301917788146e-01
4.173734281217368614e-02 1.177657617051013766e-01 2.387003195280323342e-01 4.511562226769865180e-01 4.167734814875577176e-01 4.593968769626254334e-01 6.461512499837990253e-01 6.407355438847829321e-01 7.200450205809986182e-01 6.617895165048087724e-01 6.747037351664189053e-01 7.674974138511054811e-01 1.000000000000000000e+00 7.034643821957855536e-01 8.069936264393531289e-01 7.909763171222522482e-01 7.344703674613841660e-01 7.208485431939278820e-01 7.411047196822991845e-01 6.932638984675477678e-01 7.264853939282297501e-01 7.597798674190217039e-01 7.558646187443761599e-01 7.428067250742751426e-01 7.376831452217138541e-01 7.680551596040731122e-01 7.695848160819905859e-01 7.808759210928846173e-01 7.238282177836485864e-01 7.458107177065522730e-01 7.949508589115690249e-01 8.092895797408926617e-01 7.598088691595092925e-01 7.581181193127868312e-01 7.590415096001503770e-01 7.618487084281750921e-01 7.754221803241564404e-01 7.898041378105585819e-01 8.005172943554319520e-01 7.816585134570728233e-01 8.198058533566707773e-01 8.186944864973710878e-01 8.011298243285217557e-01 8.238580528339958242e-01 8.145544149877583795e-01 8.148995221588981597e-01 8.328298307850352522e-01 8.329325648224277234e-01 8.322094710433445286e-01 7.727684269144388107e-01 8.068964771499013144e-01 7.849502713660876374e-01 7.993231491281848067e-01 8.277990655826414912e-01 8.269666155721527856e-01 8.216918226898927147e-01 8.196920034259388421e-01 8.253264504605477558e-01 8.125436863383244113e-01 8.370005222281790003e-01 8.315788228947033067e-01 8.239434635789597561e-01 8.125499170793483161e-01 8.196338345869065289e-01 8.271080747497634444e-01 8.274174785543269017e-01 8.334883241792154784e-01 8.320945830724281178e-01 8.312243072282549106e-01 8.295301062447797413e-01 8.289430553449912420e-01 8.316134216748215513e-01 8.203923084400326360e-01 8.247483276939501229e-01 8.297274262949330126e-01 8.264447275098806278e-01 8.244432550009033189e-01 8.152843099087134782e-01 8.213865595077820547e-01 8.232740439632362239e-01 8.289806799394929815e-01 8.306879858833722263e-01 8.303105335781353347e-01 8.302406531976249671e-01 8.135560615278917274e-01 8.238049110253199414e-01 8.267735136052326572e-01 8.318143395843147214e-01 8.316316153666164501e-01 8.293541363321823567e-01 8.254426147950207904e-01 8.339668719224350157e-01 8.307592576119285921e-01 8.338432684340160161e-01 8.372192744104202111e-01 8.368463228888187722e-01 8.114324528086187538e-01 8.194759590552890272e-01 8.279447293948677400e-01 8.256300430527813150e-01 8.279630894650257256e-01 8.271476650284953491e-01 8.255274638689800160e-01 8.365609591369610465e-01 8.303240425322635510e-01 8.244754144225859838e-01 8.337686165779063518e-01 8.361043879527129130e-01 8.347045519358952115e-01 8.361698906566318312e-01 8.284552322256609758e-01 8.378367342238934867e-01 8.320145845152968622e-01 8.316434392629419303e-01 8.331965156286541552e-01 8.332746892345218592e-01
