1.000000000000000000e+00 2.262740929197039619e-01 1.694802242928665492e-01 2.396156110909368753e-01 6.769213275222180082e-02 1.116200357854893813e-02 1.275692066303104333e-01 5.424437512430401592e-02 1.229466874518099911e-01 1.225481781660909542e-01 1.469662832401064656e-01 1.199194095322434900e-01 2.053911501656492666e-02 1.965046729482655685e-02 1.826351324500893880e-02 3.822768414614169386e-02 1.404191909646148317e-01 2.205391802220569020e-01 1.856499754392469392e-01 1.880460028761236635e-01 1.849461090619853032e-01 2.131079299252820192e-01 2.010788535279836031e-01 2.121788288770023734e-01 2.396901371670386582e-01 2.280512823351148466e-01 2.059320190245850224e-01 1.666950423355769983e-01 2.219697641469037530e-01 1.986502508218959684e-01 2.212884236393022896e-01 1.118831897545978504e-01 1.276752099957164932e-01 1.674792058304767350e-01 1.633491605938147129e-01 1.495372222992205902e-01 1.647701124254970506e-01 8.075725309221450099e-02 1.304983029701576314e-01 7.977510497994812211e-02 4.745488077057014725e-02 5.841018059153513936e-02 7.604796698653309983e-02 8.511111329358300726e-02 1.140287333249813823e-01 1.188204542219519766e-01 1.738412894338120518e-02 2.911720996225613742e-02 2.427366373872259092e-02 8.458535784965724724e-02 6.099175378484549687e-02 5.912355686310400565e-02 5.046582318736547723e-02 4.814049658492215028e-02 7.620751242413531523e-02 7.520993690085812922e-02 7.271048284215304858e-02 2.476238419357406489e-02 3.321364260413475072e-02 4.552481572699827728e-02 2.641093551718077387e-02 5.121839271861600151e-02 4.526026146729735661e-02 4.394521583200773629e-02 9.765759456896269675e-02 7.695883194307469310e-02 4.767142639781640767e-02 7.345090672530363296e-02 8.651799986862361569e-02 8.234209326040339838e-02 7.784908353074256049e-02 9.594790362328577127e-02 9.121376416712013990e-02 1.053509433478144464e-01 8.902288912371530971e-02 8.711952966553157540e-02 8.039283944600740528e-02 1.166846758997494987e-01 9.834254832567071447e-02 1.064618181783835438e-01 1.058141629040935255e-01 1.003265076573666703e-01 8.150374818270997301e-02 8.119361633966136471e-02 6.041369503794849494e-02 7.217521437813856355e-02 7.626172085882851337e-02 5.006681197481202550e-02 5.901251348988025697e-02 6.567909248490952367e-02 5.871589213861731771e-02 3.332114849816257551e-02 6.151949633436866460e-02 5.541869577087813609e-02 4.453611634747059282e-03 2.235314305817148392e-02 2.077797642841515760e-02 5.253377280581347786e-02 2.488408917204384604e-02 2.515345852932845960e-02 2.959892550633652641e-02 3.694837282859619876e-02 1.887827025267140371e-02 2.348800410251664778e-02 4.921075153829664733e-02 6.065997450319481760e-02 2.215516432631759250e-02 3.294382602526408493e-02 5.123840664672623529e-02 2.180499539575388862e-02 3.530451219715259603e-02 3.032276066741210196e-02 2.439764193600663447e-02 3.426009584340666825e-02 5.243960344152288899e-02 4.491537308771460096e-02
2.262740929197039619e-01 1.000000000000000000e+00 1.733750424217508079e-01 2.465391288430935079e-01 1.835772421050985148e-01 1.017803567580910368e-01 2.364196593896187026e-01 1.494234142114974628e-01 2.247264837192267939e-01 2.192992103720230457e-01 2.466353870495541500e-01 2.152188019982693712e-01 1.447826906199746466e-01 9.800188220693840935e-02 1.875213832621624443e-01 1.814844746481511228e-01 2.458870489378677249e-01 2.787529787110519797e-01 2.772528975242854465e-01 2.210842746461494368e-01 2.146138162608513811e-01 2.652387172568424489e-01 2.949519229857419655e-01 2.841054857477914863e-01 2.703643564884617989e-01 3.267843830464883803e-01 3.010802763131296134e-01 2.805063350906703556e-01 3.119554225122785351e-01 2.932547447487022230e-01 3.124760489764182303e-01 2.426077547813628443e-01 2.258765109041421804e-01 2.625612431950209991e-01 2.449145264928763166e-01 2.626260388812499125e-01 2.449176826818449948e-01 2.088766142332096898e-01 2.510318010468192140e-01 2.309880627533999198e-01 1.955989645011199929e-01 2.172243217424689177e-01 2.073034566232285492e-01 2.234374797717509353e-01 2.380291824981770610e-01 2.445302614134873542e-01 1.639033909870041272e-01 1.717121593842132199e-01 1.603375525378130662e-01 1.650304702310575744e-01 1.807918788875626515e-01 1.480958275671177826e-01 1.754465552080979041e-01 1.857156874575859595e-01 1.971776776820920729e-01 2.152415076320290110e-01 1.716641639558724730e-01 1.719066353130958291e-01 1.750828031247915750e-01 1.792010638355884811e-01 1.602749354841264684e-01 1.772567534858985883e-01 1.680801949586007982e-01 1.762350449480853398e-01 1.996172407558076678e-01 1.832180943924155703e-01 1.903995784850276429e-01 2.094224094702093475e-01 2.173906172228842471e-01 1.934283419090011280e-01 1.957123758727059848e-01 2.140814521701294160e-01 2.282309902231344501e-01 2.142587078286003477e-01 2.256445804266983823e-01 2.200659912358873538e-01 2.154310765819109907e-01 2.458550242908897898e-01 2.297335131548389198e-01 2.368556002593691645e-01 2.279120175601094256e-01 2.316150107685030490e-01 2.118626889871669805e-01 2.026861513287739613e-01 1.841218979838601943e-01 1.968106241361628483e-01 2.019375751727697510e-01 1.950170761720117496e-01 1.960192168333403095e-01 2.060246785367680911e-01 1.992487549111201517e-01 1.820050298282286094e-01 2.032580556488964296e-01 1.984463331310148682e-01 1.528335365207824093e-01 1.665758090438752004e-01 1.463156997456682151e-01 1.487807042941807489e-01 1.585684286609833904e-01 1.642941532601438770e-01 1.709986603480498357e-01 1.667329460736687863e-01 1.537298449025852887e-01 1.622211937763764766e-01 1.718489418820384196e-01 1.713119535159908779e-01 1.566392590067097190e-01 1.761475456182266530e-01 1.859735148989140052e-01 1.615588264366630000e-01 1.734540718977476137e-01 1.692570038805022714e-01 1.615088572074485640e-01 1.638959557094667729e-01 1.801888371766582064e-01 1.627385521445022798e-01
1.694802242928665492e-01 1.733750424217508079e-01 1.000000000000000000e+00 3.472588745048774683e-01 1.612183625757437067e-01 1.575766362835460399e-01 2.672564998344023057e-01 2.258730814957264910e-01 2.848163635232217605e-01 2.612242554027776054e-01 3.285178085158072525e-01 3.403391820651363031e-01 2.475713244410313318e-01 2.230389342194942226e-01 2.757326893416358060e-01 2.835481261047789192e-01 2.930199905891276990e-01 3.185843295461638913e-01 3.503653406602751375e-01 2.666384314607274097e-01 3.063070002676719916e-01 3.468057722263519493e-01 3.129584164391706058e-01 3.349557783674433353e-01 3.706144452529165356e-01 3.497762564539987906e-01 3.665482428524666769e-01 3.523026543647957420e-01 3.582731462591822180e-01 3.388237811960759238e-01 3.691726177614313431e-01 3.145462074168413613e-01 3.263580119293350568e-01 3.482253632467771642e-01 3.427157800773762975e-01 3.566371577865676268e-01 3.694025476197387858e-01 3.074729045704047148e-01 3.536125547338591635e-01 3.236655212371735701e-01 3.084161660819712547e-01 3.107718454342318637e-01 3.409739764936530193e-01 3.390354113004473979e-01 3.515183795532638711e-01 3.479090303814631469e-01 2.933353774336539543e-01 2.892413888653424525e-01 2.784590524993422744e-01 2.903851611674054256e-01 3.059430379193987526e-01 2.978967718590176950e-01 3.089545503326922016e-01 2.900435564886480466e-01 2.948992639236618918e-01 3.070011969814470665e-01 2.964993930293912117e-01 2.964952079698114362e-01 2.926861700083633888e-01 2.997063895972026937e-01 3.041231127371313847e-01 2.975306398904767335e-01 2.985190129763465317e-01 3.048749493429819823e-01 3.181137592406046988e-01 3.054807071146612429e-01 2.996368530598848001e-01 3.237745296910479187e-01 3.150874970784354190e-01 3.128200928437339656e-01 3.247583470835746500e-01 3.328875730375466802e-01 3.246121618210697779e-01 3.410985753388927066e-01 3.249061500032685568e-01 3.297943551785645910e-01 3.265375104262858152e-01 3.501261817757832517e-01 3.300228534664048086e-01 3.206862480515673131e-01 3.366437120364395574e-01 3.386599819114519683e-01 3.133455397072719695e-01 3.246987349207716145e-01 3.053695724691263824e-01 3.179489502812165025e-01 3.414369049731186823e-01 3.068340285097654330e-01 3.217576792412908948e-01 3.061768023073463407e-01 3.184594265379496747e-01 3.065366191109019089e-01 3.214536322344092589e-01 3.187716895667734862e-01 2.834481654229604186e-01 2.892294912311506039e-01 2.869555085239555159e-01 2.840287590927653150e-01 2.953155324450209007e-01 2.983747762461572695e-01 3.108489599549315030e-01 2.992588441054254145e-01 2.914383708406741436e-01 2.967590445674717081e-01 3.049016752844096456e-01 2.999343532907174370e-01 2.801773028566024171e-01 2.909576660423618399e-01 3.013247331351603941e-01 2.930888303221843016e-01 2.990039756489539791e-01 2.916221420970172007e-01 2.925529064808444213e-01 2.940363362454108120e-01 3.010373631344152590e-01 2.945451022263013141e-01
2.396156110909368753e-01 2.465391288430935079e-01 3.472588745048774683e-01 1.000000000000000000e+00 3.223315678127107176e-01 2.838675239333356415e-01 5.318564007036411523e-01 4.201847610497432828e-01 4.524587622214734095e-01 4.313007875144247438e-01 5.337781937219115980e-01 5.808047953885179249e-01 4.200573676150732849e-01 3.268099874327285992e-01 4.795096615633076542e-01 4.758934002957946885e-01 4.877922794562574160e-01 4.907790733632094726e-01 5.287244413691053468e-01 4.772516390796136543e-01 5.322877545270295885e-01 5.740667886467177849e-01 4.771891515421854968e-01 5.388662363944324296e-01 5.764310848242715224e-01 5.610612830004105822e-01 5.822030157087063618e-01 5.864444204718680664e-01 5.409122421472967179e-01 5.846381644640766817e-01 5.998203810062420205e-01 5.128582357211930454e-01 5.324747159162582788e-01 5.594131279533600676e-01 5.854538644533487934e-01 5.772893312039140135e-01 5.955816242075265832e-01 5.080568981938833328e-01 5.717380420990831880e-01 5.350786809184784332e-01 4.982529447922190435e-01 5.217325774147061335e-01 5.807548633672302563e-01 5.577801486479392334e-01 5.697848694582956508e-01 5.583860565719253044e-01 4.548711275089525885e-01 4.577857670546962576e-01 4.557160058961375881e-01 4.822756263936898713e-01 5.021327204813099687e-01 5.162948091949157714e-01 5.224002665255447209e-01 4.437773844970179793e-01 4.538623538168340410e-01 4.716402266215174444e-01 4.673768127419359875e-01 4.705080617437656931e-01 4.525268778383849666e-01 4.802029795819773295e-01 4.829314319534580568e-01 4.686976699834990989e-01 4.742060641927596798e-01 4.920812063190578289e-01 5.112013626452747150e-01 4.854042632353094966e-01 4.743970855653474317e-01 5.055516390029441975e-01 5.021682810399590302e-01 5.179853110320131737e-01 5.347450373738282803e-01 5.316202058272356812e-01 5.154869288320362841e-01 5.479102925263902302e-01 5.167465665878410164e-01 5.282244056144557165e-01 5.255550073633261654e-01 5.387679971382693944e-01 5.300587397598911510e-01 5.237842909925078949e-01 5.336195512182244638e-01 5.350088314620201624e-01 4.917315765989875298e-01 5.269425806139382829e-01 5.080598163057420402e-01 5.107309472683821960e-01 5.284641634699485113e-01 4.988101642351498999e-01 5.181796596020246115e-01 4.863366061958378506e-01 5.198443951002551522e-01 4.921802810030757036e-01 5.129368066353042765e-01 5.143237259162779518e-01 4.489511861561060746e-01 4.591347722219294436e-01 4.869092052199402998e-01 4.677335169843125917e-01 4.756382010557984041e-01 4.894478035761856138e-01 5.110682210557335736e-01 4.851372937147293007e-01 4.862534633888738744e-01 4.848613410000076063e-01 4.966201975470299068e-01 4.892924260157260341e-01 4.547839432188322539e-01 4.618606665966467628e-01 4.730285515678292474e-01 4.672380523589431678e-01 4.762063653323447276e-01 4.656633575743073794e-01 4.696752358936041594e-01 4.778036533214186088e-01 4.811828682043280403e-01 4.680140748950760154e-01
6.769213275222180082e-02 1.835772421050985148e-01 1.612183625757437067e-01 3.223315678127107176e-01 1.000000000000000000e+00 2.445119764829507547e-01 4.314508167761973989e-01 3.951466737449630950e-01 3.901422653004685270e-01 3.920296648456453315e-01 3.916819562633002683e-01 4.249346804605346195e-01 4.147761275814922377e-01 3.164086545923406879e-01 4.462215783848039741e-01 4.519878928821792208e-01 4.168085988107447792e-01 3.412154802543021503e-01 3.927663669726416673e-01 3.122838673220545425e-01 3.539011001740416940e-01 3.888187127371640073e-01 3.675155600855526949e-01 3.571011974478116024e-01 3.759131320423679257e-01 4.376708102405038603e-01 4.300528083434684290e-01 4.361824679332007015e-01 3.917615074747625159e-01 4.044949672940127416e-01 4.303248338506172610e-01 4.337403321792464572e-01 3.911018895739455936e-01 4.219500284802310541e-01 3.990396133385570310e-01 4.284957282566155268e-01 4.245632233339752815e-01 4.342452579493474296e-01 4.502776822594866668e-01 4.403966967416873546e-01 4.509284704315541514e-01 4.616773725944136042e-01 4.689864746601622447e-01 4.652072662299077122e-01 4.558571214515801939e-01 4.569000692588400803e-01 4.366999712498486064e-01 4.417851656929222548e-01 4.238119272072288224e-01 4.038016131051455626e-01 4.339532671591881940e-01 4.332088412360051710e-01 4.492876119456750694e-01 4.269591740703754801e-01 4.062476733257723294e-01 4.348435615538849275e-01 3.975303305561913580e-01 4.357810344421561566e-01 4.175986294327877490e-01 4.511723905152967284e-01 4.365985472788895816e-01 4.225002456596939626e-01 4.165006866371917527e-01 4.311992000624874644e-01 4.427959619241965683e-01 4.257525587660570543e-01 4.455734351784966241e-01 4.482311679461117304e-01 4.471941945220333503e-01 4.396226346680929264e-01 4.489950405829025715e-01 4.499628578209783347e-01 4.359068773974107414e-01 4.422369253177799164e-01 4.561864653561002458e-01 4.522605544243626929e-01 4.535621953843270160e-01 4.431248124777302233e-01 4.529079466724298397e-01 4.407186705231993518e-01 4.473394912387417266e-01 4.493106725017257941e-01 4.480554441216946793e-01 4.404851131888713467e-01 4.425867302655404623e-01 4.448014925971033873e-01 4.486053827016964757e-01 4.490969721397314873e-01 4.548243687950169201e-01 4.495580172368413008e-01 4.536461551931660341e-01 4.540919797298192395e-01 4.542414076767685160e-01 4.551029307348612440e-01 4.396078876938381286e-01 4.392719250292551614e-01 4.367780991293813697e-01 4.278256251343358074e-01 4.428782328024705728e-01 4.429243085074275887e-01 4.585526934192714621e-01 4.415867444673217679e-01 4.435104624400624251e-01 4.492471966823593510e-01 4.504552127670810036e-01 4.382749523481919152e-01 4.355648839874008416e-01 4.448006302904912168e-01 4.435536595339487631e-01 4.400296840630821826e-01 4.397040451277074435e-01 4.465721383658103893e-01 4.403768886964683493e-01 4.451549530982627512e-01 4.447663055989342640e-01 4.370724593112718659e-01
1.116200357854893813e-02 1.017803567580910368e-01 1.575766362835460399e-01 2.838675239333356415e-01 2.445119764829507547e-01 1.000000000000000000e+00 4.236759573017311320e-01 3.871601604912219274e-01 4.232571192544577476e-01 4.263889857730827626e-01 4.269085844893106274e-01 4.683859963696963002e-01 4.397397096347369083e-01 4.019687950277210375e-01 4.943039106872448851e-01 4.975730878505614796e-01 4.365997994579643438e-01 3.495391639215247315e-01 3.797022693559079509e-01 3.277321838912001795e-01 3.360799182736547985e-01 3.734619949607505540e-01 4.020488355522340851e-01 3.671770675632713976e-01 3.683967740641337363e-01 4.237900145718118683e-01 4.221300552820861363e-01 4.509499490742979178e-01 3.765042904629116727e-01 4.232682145854103073e-01 4.354862314349108865e-01 4.867656520808133491e-01 4.327845503496673407e-01 4.548613575932688446e-01 4.298306865909172769e-01 4.579222092432457814e-01 4.540353021287251711e-01 4.791759114698813105e-01 4.862630269285154183e-01 4.800011743313359336e-01 5.116964915831881955e-01 5.117219582537446687e-01 4.922455071186442876e-01 5.057676637453543123e-01 4.954274895000213008e-01 4.863232131649481427e-01 5.085304522959023243e-01 5.136296355036026329e-01 5.034260752985266762e-01 4.714991589941851524e-01 4.939150788479994003e-01 4.813460391156364482e-01 5.048303481624710765e-01 5.085201706252114873e-01 4.921845382125157875e-01 4.986080244885749413e-01 4.907439470123332592e-01 5.113517004108468766e-01 4.991592627842210139e-01 5.119132119859655106e-01 5.118243772195699703e-01 5.008471180097215925e-01 5.015014348117896592e-01 5.026425632682310907e-01 4.994788908001380201e-01 5.072834698207850934e-01 5.131233222274934613e-01 5.062537519526262297e-01 5.095223053339298369e-01 4.960932835046165668e-01 4.842258166585977075e-01 5.069765469604202712e-01 4.959919497264356214e-01 4.949549297216670474e-01 5.046813889152601540e-01 5.073823374000704378e-01 5.026871999722150042e-01 4.825466960832385799e-01 5.003121217813703003e-01 5.004254312754824463e-01 4.938318561774907023e-01 5.043875190523767760e-01 5.107819365661614430e-01 4.995008240364221530e-01 5.111014241936250313e-01 5.080978094732383488e-01 5.054539654419706318e-01 5.146791353885344922e-01 5.123092448676688226e-01 5.139402924573985842e-01 5.102952360455610403e-01 5.162935149257111833e-01 5.129638937026783641e-01 5.162982604744571491e-01 5.135841406858910885e-01 5.180118451703656923e-01 5.027023533077740192e-01 4.996924481842738297e-01 5.103664793722859638e-01 5.080055069513520483e-01 5.142451064007304007e-01 5.109555548647125578e-01 5.158408342346378905e-01 5.180833098667195769e-01 5.161231727653584622e-01 5.105537382339899732e-01 5.138789714794305130e-01 5.155101998766415949e-01 5.130078316353414714e-01 5.155224944451457514e-01 5.074026151439953169e-01 5.164732083483296599e-01 5.121843153517074976e-01 5.129635842614730379e-01 5.132742757399622047e-01 5.128539588689946527e-01
1.275692066303104333e-01 2.364196593896187026e-01 2.672564998344023057e-01 5.318564007036411523e-01 4.314508167761973989e-01 4.236759573017311320e-01 1.000000000000000000e+00 6.037477966295268228e-01 6.142906021241310022e-01 6.053507718888716527e-01 6.474716268875101433e-01 7.086406571430090562e-01 6.165396862754500829e-01 4.996141199779571829e-01 7.483255054612899526e-01 7.086423672598661794e-01 6.279838212895605398e-01 5.794545789933635005e-01 6.192345288421018390e-01 5.342893258670459167e-01 5.715675474164390035e-01 6.233883079700592855e-01 6.270466443579318927e-01 6.064230698671331243e-01 6.258369618983564697e-01 7.028072510559766339e-01 6.872988491236325936e-01 7.237861692729464780e-01 6.329849225643016108e-01 6.442178186840642473e-01 7.007863184055658223e-01 7.264987083772542764e-01 6.649334630335683727e-01 7.016168741502897266e-01 6.451800592355925179e-01 6.979768223803319849e-01 6.902803726965478504e-01 7.079579859982005896e-01 7.201813493146874690e-01 7.258457706197580794e-01 7.150843127874993987e-01 7.325184217132542086e-01 7.428539837158516512e-01 7.440863825962641398e-01 7.282051161501549297e-01 7.251227930526209509e-01 6.848605958933162707e-01 6.955814390995858076e-01 6.962821420757752122e-01 6.902232002217427720e-01 7.090914616483120492e-01 6.760895586072243058e-01 7.075678061634468330e-01 6.898445409801203798e-01 6.853893135147655080e-01 7.062817881620979676e-01 6.779096663715469262e-01 6.933195216841658848e-01 6.906272800071008300e-01 6.943989965282143517e-01 6.931288735097028697e-01 6.877525260323492651e-01 6.876649813875065353e-01 6.983772655192547196e-01 6.942578687405346338e-01 6.876295498950756313e-01 7.045442701394418750e-01 7.138227276850040992e-01 7.269801694571009776e-01 7.091981102540168003e-01 7.054663187090719489e-01 7.258814175704246807e-01 7.116553974458149634e-01 7.220877467358132185e-01 7.271522384115846060e-01 7.262039028295328436e-01 7.295690317061013230e-01 7.128102980070204486e-01 7.315054113432516436e-01 7.089189497743504376e-01 7.159095467609609686e-01 7.222877431544257876e-01 7.206651553814380495e-01 7.122180797680043307e-01 7.232785244457261564e-01 7.210599244969196908e-01 7.190275675100118447e-01 7.235936910412174017e-01 7.213258245074866126e-01 7.209871910094775016e-01 7.366613455254050757e-01 7.196486627529361524e-01 7.210690448648953144e-01 7.331387050105868664e-01 6.868447377199393689e-01 6.956234879195779541e-01 7.096735599320606047e-01 6.965707587161062975e-01 7.032932557032504084e-01 7.123444773714604494e-01 7.263450194367417900e-01 7.097348557124643076e-01 6.978382258104076641e-01 7.087310002079698634e-01 7.085263031104339637e-01 7.063133366743429287e-01 7.032422983923000137e-01 7.021899284599819602e-01 7.091965301013799516e-01 6.978162041987568953e-01 7.038516712583935409e-01 6.955966985552504145e-01 6.988898892714017208e-01 7.015350074468011954e-01 6.961182624087612902e-01 6.908487538180659859e-01
5.424437512430401592e-02 1.494234142114974628e-01 2.258730814957264910e-01 4.201847610497432828e-01 3.951466737449630950e-01 3.871601604912219274e-01 6.037477966295268228e-01 1.000000000000000000e+00 6.008497106612004091e-01 5.723265167024066402e-01 5.895425466189242458e-01 6.585959779078567333e-01 6.398239443518831671e-01 5.051490312380084724e-01 6.951555069644806961e-01 7.136533799774046338e-01 6.070477194041581370e-01 4.792578480410775166e-01 5.400491718961267784e-01 4.532965504589557271e-01 4.971921310659155324e-01 5.454317429434255571e-01 5.245812229810518090e-01 5.039316769130360862e-01 5.258074260722048754e-01 6.230981353961989599e-01 6.173123374612947689e-01 6.501535919596544977e-01 5.467546933566493905e-01 5.767616192760357530e-01 6.216596595149971316e-01 6.794227569068760353e-01 6.159818181857176222e-01 6.440278193142835450e-01 5.959801067307710642e-01 6.493753460939754030e-01 6.269474990077282817e-01 6.841831528104429516e-01 6.914999468041735931e-01 6.786309371088233844e-01 6.993129964315016878e-01 7.053697356356564141e-01 7.086177132360077513e-01 7.173935791459513656e-01 6.880846858639861896e-01 6.755394263144295364e-01 6.921363548938842536e-01 6.973035556619803232e-01 7.013110290543391745e-01 6.802996443890695355e-01 7.037163399757636606e-01 6.678025517834255131e-01 6.938702849201596745e-01 6.795611074598475465e-01 6.635522279348985419e-01 6.845607624290087623e-01 6.702061262364602534e-01 6.943970625894652082e-01 6.838583784838140334e-01 6.937701155903345240e-01 7.079506137962847667e-01 6.822848490075692496e-01 6.840486448731750713e-01 7.075987809879509260e-01 6.889988205823592837e-01 6.826075644797440223e-01 7.024367833244351544e-01 6.906284479546299648e-01 6.904203843147365127e-01 6.823028498262320163e-01 6.781809590637819518e-01 6.961450510438227379e-01 6.710812546366162756e-01 6.764385844185309971e-01 7.019469592739180364e-01 6.986902504241192524e-01 6.981216838820498705e-01 6.683814766001655583e-01 6.889862265592354706e-01 6.786451495813704549e-01 6.840669915182643335e-01 6.937020653709859985e-01 7.011955286671278653e-01 6.885142928600338497e-01 7.084217628063886885e-01 6.990386661037690796e-01 6.984091197592938727e-01 7.112883500065496634e-01 7.107806121850132053e-01 7.031830498215005942e-01 7.086571945926931626e-01 7.135068212647508457e-01 7.038868919428168391e-01 7.127859423593052579e-01 6.990828187542660332e-01 7.018952953786918858e-01 7.186727009895094165e-01 7.050559538739427090e-01 7.120532783525441722e-01 7.156601677287744989e-01 7.251885361724608181e-01 7.150278116769718251e-01 7.102316728057365136e-01 7.161060315869800519e-01 7.149738477165948902e-01 7.062958254232770683e-01 7.081660774391246305e-01 6.988602707753076571e-01 6.999068073869690876e-01 7.054063316167821229e-01 7.043361775778546052e-01 7.028861098950689446e-01 7.071039918165216154e-01 7.166791463762677283e-01 7.058663634643078666e-01 6.984889666969656963e-01
1.229466874518099911e-01 2.247264837192267939e-01 2.848163635232217605e-01 4.524587622214734095e-01 3.901422653004685270e-01 4.232571192544577476e-01 6.142906021241310022e-01 6.008497106612004091e-01 1.000000000000000000e+00 7.079389140391831869e-01 7.439901857873365554e-01 7.787636022007898839e-01 7.172807560375237257e-01 5.797077453149420689e-01 7.755706850273269559e-01 7.719433900063447096e-01 7.666523832981789743e-01 6.341126776861372161e-01 6.776780884507842551e-01 5.720431444365724483e-01 6.256404828763396653e-01 6.599732305617240780e-01 6.793581783903743787e-01 6.392939071603320755e-01 6.695398624336157400e-01 7.773445340077986820e-01 7.679853833077557868e-01 7.816074453830877955e-01 7.125589415018138695e-01 7.545437573223053862e-01 7.927678225255855304e-01 8.169582201474832051e-01 7.579420010570441235e-01 7.950617134072637260e-01 7.565667996573557375e-01 7.715515062621882691e-01 8.093318888626710450e-01 7.986590476561025165e-01 8.281802932377776427e-01 7.856590445183828653e-01 8.299289677692123224e-01 8.227258434472615178e-01 7.984258576340688141e-01 8.369205142854005963e-01 8.232931875195641513e-01 8.196264199430863817e-01 8.353323072089061663e-01 8.391781283640754596e-01 8.249461017476759084e-01 7.861925142874458539e-01 8.232018380194862095e-01 7.732080567156963680e-01 8.241886321060568621e-01 8.357757966965568830e-01 8.239848799912897759e-01 8.242000798049023969e-01 8.135583995588051565e-01 8.306987293320751142e-01 8.240190168069269072e-01 8.444084767951823833e-01 8.364063990198997711e-01 8.366295856514592844e-01 8.247376780234421112e-01 8.324965367154840701e-01 8.388957946962942724e-01 8.358196545348042239e-01 8.420724192042111644e-01 8.344583300407178994e-01 8.335424079894222515e-01 8.265662256293030419e-01 8.098320822787048456e-01 8.387151822952256808e-01 8.161445117066926658e-01 8.187820661007508827e-01 8.484114253870559397e-01 8.467204797105229996e-01 8.435377823823297927e-01 8.324260606652781336e-01 8.435849031934087305e-01 8.413237647838037736e-01 8.467543841643606628e-01 8.499408273489525989e-01 8.429924109450451786e-01 8.388806636410433004e-01 8.300086237944680478e-01 8.378017462271715177e-01 8.463961209449520906e-01 8.383785124340837891e-01 8.461176972051444034e-01 8.324621499240288935e-01 8.359624745311147187e-01 8.391833321914184962e-01 8.466030496470706712e-01 8.418591337507070893e-01 8.349647767289924971e-01 8.390401354115861743e-01 8.086603209608470566e-01 8.160262946960085140e-01 8.336522169474096522e-01 8.286426450043667957e-01 8.330153422579257283e-01 8.343185719164548653e-01 8.305371346225719487e-01 8.379528423675906001e-01 8.372287478816876627e-01 8.296755542961472552e-01 8.298198817044942777e-01 8.398708739211003804e-01 8.424046417367561101e-01 8.379575045397554822e-01 8.345106506915310751e-01 8.420165034343007893e-01 8.362238395143978265e-01 8.385826406484037099e-01 8.440087331494436906e-01 8.370281210014729467e-01
1.225481781660909542e-01 2.192992103720230457e-01 2.612242554027776054e-01 4.313007875144247438e-01 3.920296648456453315e-01 4.263889857730827626e-01 6.053507718888716527e-01 5.723265167024066402e-01 7.079389140391831869e-01 1.000000000000000000e+00 6.988296684620135535e-01 7.194372333648532125e-01 6.814021094663743616e-01 5.420747287539304793e-01 7.393814767486491801e-01 7.351398363203429653e-01 6.996608340380701119e-01 6.039107956434152102e-01 6.529505140980358391e-01 5.286594124780141790e-01 5.865501953441926153e-01 6.316413635967611517e-01 6.579293771555182468e-01 6.215600395553138036e-01 6.456769687069868757e-01 7.386047985357977463e-01 7.222773580868347976e-01 7.466918626127260206e-01 6.758610108095475244e-01 7.091829649269404401e-01 7.404364100284361871e-01 7.694921218036856470e-01 7.139938042190823175e-01 7.409256913957297241e-01 7.065726384651007663e-01 7.260135565157327386e-01 7.469846303389406916e-01 7.582891466677559311e-01 7.789377254825323726e-01 7.591027551454460065e-01 7.922643097587561689e-01 7.900352720964862741e-01 7.590109930247358472e-01 7.912392247890474017e-01 7.870587347631109454e-01 7.796279797999521310e-01 7.844753763472065433e-01 7.913689905748194642e-01 7.755873095804162176e-01 7.230832039434335057e-01 7.613802553104918047e-01 7.099409597031458574e-01 7.617811016273532410e-01 7.884722270748665274e-01 7.712561513616275066e-01 7.874496481544904780e-01 7.484881302121122459e-01 7.799018214479694899e-01 7.721369116651183306e-01 7.909809874282021092e-01 7.778576962564458519e-01 7.766170811677430841e-01 7.650069534534740257e-01 7.730229295547491608e-01 7.782883481008883164e-01 7.740756617779696036e-01 7.933502180118583436e-01 7.931255048675117658e-01 7.909531302590748769e-01 7.762170326543840204e-01 7.669179463670616759e-01 7.949470458569408704e-01 7.779353442181564660e-01 7.799433673625211227e-01 8.016591045150742723e-01 7.996152264581282143e-01 7.985352502156080057e-01 7.868730955717855302e-01 8.021079341784458361e-01 7.961011656770957678e-01 7.997430569849979243e-01 7.975015484118544995e-01 7.964434868556874436e-01 7.929473296155283846e-01 7.838933382305443009e-01 7.919156284997279638e-01 7.969715952933827952e-01 7.947974303534921514e-01 7.963684752349651230e-01 7.923039213413568538e-01 7.953281209047432521e-01 7.949282376738968647e-01 7.989888908125395428e-01 7.998948393181329886e-01 7.845062181313381400e-01 7.901020461512576754e-01 7.610802223536492495e-01 7.567895701819142840e-01 7.818740910876945671e-01 7.791260546839284817e-01 7.847668083455254795e-01 7.796181785605854619e-01 7.780188777959864410e-01 7.878282754553489475e-01 7.827765341190702220e-01 7.752354145417558184e-01 7.803372000448630663e-01 7.920872104873349917e-01 7.939983352670066941e-01 7.872616158096009675e-01 7.864596899774847216e-01 7.900332240356667812e-01 7.831706213940959893e-01 7.826142668876981956e-01 7.891700142294363340e-01 7.807204609859754729e-01
1.469662832401064656e-01 2.466353870495541500e-01 3.285178085158072525e-01 5.337781937219115980e-01 3.916819562633002683e-01 4.269085844893106274e-01 6.474716268875101433e-01 5.895425466189242458e-01 7.439901857873365554e-01 6.988296684620135535e-01 1.000000000000000000e+00 8.014892802851669718e-01 6.941450930043822076e-01 5.560647733009900229e-01 7.687693439483276325e-01 7.649723126450667099e-01 7.397030853578634435e-01 6.761205757345323253e-01 7.312510032868052567e-01 5.981889983558714707e-01 6.593893849918089911e-01 7.221153065432244222e-01 7.146891696945966155e-01 7.012261368152130636e-01 7.420907966077027185e-01 8.079547110823546152e-01 8.104439787257208261e-01 8.178254898699079956e-01 7.578962834927295278e-01 7.920789400221563969e-01 8.403130938442324727e-01 8.131596453272003089e-01 7.737183114164155606e-01 8.133927966496984352e-01 7.846725276439990848e-01 7.976716675696620129e-01 8.394469480777605463e-01 8.127250364368198143e-01 8.432147120893814796e-01 8.067833794300673933e-01 8.200811248941674014e-01 8.293792113263562804e-01 8.160712162510965761e-01 8.439060034278887956e-01 8.422567616868461560e-01 8.440997252273281237e-01 8.114668571552350329e-01 8.165654261965178407e-01 8.027887195262544129e-01 7.752558701348262193e-01 8.144331070600026035e-01 7.594983642493636777e-01 8.056051027683779342e-01 8.124523805366090645e-01 8.122337251604134778e-01 8.232091003083441549e-01 7.956225227569144742e-01 8.152742045639943536e-01 8.125622274323450744e-01 8.175213190617052206e-01 8.142700480062241564e-01 8.173765795249576804e-01 8.131316351761868066e-01 8.126072227192917552e-01 8.171105670372756924e-01 8.087148366243824826e-01 8.215289812137278602e-01 8.332133323728356800e-01 8.275341182618305425e-01 8.205998754486064639e-01 8.185364519226884239e-01 8.412819757665098708e-01 8.238450815845084207e-01 8.384063215581821771e-01 8.446113404944638470e-01 8.450458306803643183e-01 8.437654425404088609e-01 8.420098699247930973e-01 8.463913548417615340e-01 8.375354579350211548e-01 8.486660168700788098e-01 8.509863062749549734e-01 8.286297261914435941e-01 8.380685529330906824e-01 8.206497701740665951e-01 8.304373445624434469e-01 8.419975549334499654e-01 8.282736084559093603e-01 8.359027346532611480e-01 8.248650897363499768e-01 8.361136321600920462e-01 8.265733225569447118e-01 8.372289904335099564e-01 8.397706457155603710e-01 8.073046341768091994e-01 8.152491288015083493e-01 7.971969759135488776e-01 7.920162068760748797e-01 8.152922553236184866e-01 8.155193867706115318e-01 8.219998398194260369e-01 8.171765543242368590e-01 8.050888457484667304e-01 8.186951562968360907e-01 8.162491962709896853e-01 8.104969462703977001e-01 8.055149760991502372e-01 8.173809163409907486e-01 8.249258300724684467e-01 8.165071960537853002e-01 8.216405366791338372e-01 8.153575762562919049e-01 8.133638346259207674e-01 8.105040036568188500e-01 8.186918697111684740e-01 8.048991957369789896e-01
1.199194095322434900e-01 2.152188019982693712e-01 3.403391820651363031e-01 5.808047953885179249e-01 4.249346804605346195e-01 4.683859963696963002e-01 7.086406571430090562e-01 6.585959779078567333e-01 7.787636022007898839e-01 7.194372333648532125e-01 8.014892802851669718e-01 1.000000000000000000e+00 7.547438837451572180e-01 6.177847677556244088e-01 8.457887847401804882e-01 8.366057965930222551e-01 7.899275765002982119e-01 6.515033078830875235e-01 7.413267633085113273e-01 5.896765843761375692e-01 6.946876178202355812e-01 7.486784252764306924e-01 7.003662409316890880e-01 6.912752349114641426e-01 7.477092333187485007e-01 8.058513336487336254e-01 8.149822471848102712e-01 8.342331954555343154e-01 7.451744298872897687e-01 7.977211941499480208e-01 8.437948919285988003e-01 8.468312790625318609e-01 7.974993673270422967e-01 8.373268361063905818e-01 8.051601724725415687e-01 8.372967389102854430e-01 8.598257657446886082e-01 8.525002852850630530e-01 8.844755780014323943e-01 8.426927495759428677e-01 8.743550976207596914e-01 8.797942371345915946e-01 8.814175108788396829e-01 9.033319325596749216e-01 8.870883101263133952e-01 8.819057799889412630e-01 8.681566750972600222e-01 8.720145667784214849e-01 8.596508800297785191e-01 8.321946033393472497e-01 8.725023962619754547e-01 8.408143042484924612e-01 8.743306843209190937e-01 8.589986302778188643e-01 8.496958787597355123e-01 8.556829825094722786e-01 8.484979392034776025e-01 8.701949261971089200e-01 8.605869030658236385e-01 8.804897215675594468e-01 8.794800478722525350e-01 8.705520317828221444e-01 8.654970347887300797e-01 8.796423645673077107e-01 8.797454769512362827e-01 8.710428464313140218e-01 8.772587987861937275e-01 8.792935696213265429e-01 8.691411702070704903e-01 8.654756958570352099e-01 8.793147787227626466e-01 8.931101441502860006e-01 8.566865289250231719e-01 8.798055228975977249e-01 8.891028664085927069e-01 8.927288597204727782e-01 8.878531665293323272e-01 8.732269780378365542e-01 8.858704840448270446e-01 8.753333061851424901e-01 8.852831071827298448e-01 8.946835747981616294e-01 8.776944093239257283e-01 8.820610483201762886e-01 8.745328137024824811e-01 8.787170784336519880e-01 8.939503564227287979e-01 8.807091676789491341e-01 8.938814749251784431e-01 8.705778859215111964e-01 8.870054582148907407e-01 8.858790941988344825e-01 8.901332630755801611e-01 8.944833787885061449e-01 8.708160995240170621e-01 8.745589433668624624e-01 8.640480583473566512e-01 8.584149142313871605e-01 8.772663449436368666e-01 8.768444475593994980e-01 8.889957479622856429e-01 8.806441230146191401e-01 8.784340235152321430e-01 8.858644191755058461e-01 8.832548580015769923e-01 8.735668040040652782e-01 8.671151182049310346e-01 8.746826283970877691e-01 8.766123007982392634e-01 8.765500003304673715e-01 8.756643241140963374e-01 8.776342367322085281e-01 8.771548389639589605e-01 8.798206117319689046e-01 8.808929713915283344e-01 8.727696383575482830e-01
2.053911501656492666e-02 1.447826906199746466e-01 2.475713244410313318e-01 4.200573676150732849e-01 4.147761275814922377e-01 4.397397096347369083e-01 6.165396862754500829e-01 6.398239443518831671e-01 7.172807560375237257e-01 6.814021094663743616e-01 6.941450930043822076e-01 7.547438837451572180e-01 1.000000000000000000e+00 5.923330682908685141e-01 8.082461569472974006e-01 8.084959233134414447e-01 7.106847748976360402e-01 5.529987366554721673e-01 6.212603704493524504e-01 4.915238763927352594e-01 5.626987484824950148e-01 6.002353235342926530e-01 5.927143653395704481e-01 5.593684226367003909e-01 5.881908434980326339e-01 7.034963848101327688e-01 6.923040014322364710e-01 7.224725610121498498e-01 6.199879455832491004e-01 6.632681347960819318e-01 7.052507025983506539e-01 7.850826443352768580e-01 7.095221619018140524e-01 7.463563203445621186e-01 6.892133489305835026e-01 7.369695753309511987e-01 7.385162977751590363e-01 7.933639516420994964e-01 7.973929722936293762e-01 7.777999693738540943e-01 8.296449762797463157e-01 8.212567314475910374e-01 8.122589571208067571e-01 8.270017288237191400e-01 7.992717426582787166e-01 7.896902254136998200e-01 8.398736570128083612e-01 8.383126144848535022e-01 8.276310863713405297e-01 7.835946276028106228e-01 8.182170967474331480e-01 7.877710132733009019e-01 8.208433272895985233e-01 8.237410255025997552e-01 7.947895871730857875e-01 8.074867024572396357e-01 7.922420183833759344e-01 8.323518888680293548e-01 8.175328637308257873e-01 8.389800335874350035e-01 8.393632898718541568e-01 8.180116586130836698e-01 8.137841695392376007e-01 8.265970333508209089e-01 8.175762203845234888e-01 8.151436904617294088e-01 8.393840328605338685e-01 8.224282665835014328e-01 8.169923362788916732e-01 8.039882779543452429e-01 7.993358629953033478e-01 8.212170000850309570e-01 7.917789780912295461e-01 7.919915486691339046e-01 8.292666838246153249e-01 8.241186185883015991e-01 8.257677009313959537e-01 7.897551740917896357e-01 8.141777377162354723e-01 8.057662024177181248e-01 8.143419815468468936e-01 8.189272739876543028e-01 8.290599535525106090e-01 8.170325176819950297e-01 8.324349520730509600e-01 8.301855769518147188e-01 8.313315483033015818e-01 8.361424073247151201e-01 8.426730658790884121e-01 8.254038751602560398e-01 8.309525373443259477e-01 8.470655426369975149e-01 8.343462198993184531e-01 8.398826541343070717e-01 8.457254384077533826e-01 8.448706176319412675e-01 8.347846451906956178e-01 8.282891156484116779e-01 8.453528892182708976e-01 8.413052816686973356e-01 8.487001774607764171e-01 8.419700753045743502e-01 8.448237486147991415e-01 8.510178484906216756e-01 8.480548376370509178e-01 8.314984136320676678e-01 8.423961890869187119e-01 8.413230054230858013e-01 8.382780250086567797e-01 8.448547948229443438e-01 8.364101755308984698e-01 8.444776981677797334e-01 8.433111505582133738e-01 8.485798270738332816e-01 8.432848701337009034e-01 8.395153586095795983e-01
