1.000000000000000000e+00 2.120819398447536808e-01 1.273172635539406572e-01 1.539649768092954916e-02 9.772240426341742559e-02 -1.934517833325653108e-02 7.452275461339914579e-03 1.114511959167009125e-01 1.789281305619883078e-01 7.333485967540555317e-02 8.842137120032728115e-02 5.476241869052447114e-02 3.476066618970288791e-02 2.320942235707473822e-02 -1.658835104932570225e-03 7.858019922499188958e-02 1.412613178881089726e-01 2.529825175770382684e-01 2.110002642980564613e-01 2.177577570221047309e-01 2.046182696432352066e-01 1.913607372450795985e-01 2.142693788287285961e-01 2.115821631535245717e-01 2.040154681477803211e-01 2.087512089844821284e-01 1.948648151597439648e-01 1.819596555637532920e-01 2.152777849663867482e-01 1.646489648822347107e-01 1.559072356434810791e-01 1.383189762406055179e-01 1.406808986417270868e-01 1.469048348543585680e-01 1.520126797868297797e-01 1.150198713753531471e-01 1.116548724799763109e-01 1.062279915534554559e-01 1.292292972136669660e-01 9.115614776799450814e-02 7.371672680266729005e-02 9.087495189838228071e-02 9.349229280391971320e-02 7.788555899755934819e-02 1.027636289237883749e-01 9.281558310791780675e-02 5.993054870660582088e-03 3.687666021796712906e-02 2.681751016482868122e-02 7.481123025182070951e-02 7.032204788432344644e-02 4.533354125769561288e-02 1.273692497552932242e-02 9.137018954529463333e-02 1.087670098143286024e-01 9.863036703129123006e-02 7.539008700860135026e-02 4.820887566700438748e-02 4.942887480744111162e-02 3.846522970265081609e-02 2.316541048447352466e-02 3.210316265702545246e-02 4.282394171010288353e-02 7.169968939378168482e-02 9.448970259719087494e-02 7.969314239306789227e-02 5.941180619139457136e-02 1.000809770334673693e-01 9.174406230510914750e-02 1.140232139671897432e-01 8.676258721133142671e-02 9.512559002267247099e-02 1.048795040987608312e-01 1.043909007117849869e-01 8.480266737889800843e-02 7.411299022286856053e-02 8.259078800321045799e-02 1.005195261282345320e-01 8.559104977044566798e-02 7.963593280156985865e-02 6.830848011006361575e-02 7.242884040019521852e-02 9.517738484064472426e-02 8.195734372791760314e-02 6.510503361362585117e-02 7.377752964887691889e-02 6.768191155299470296e-02 5.081397510182968091e-02 6.213435221290743854e-02 7.725392199946648497e-02 5.769050584764748302e-02 3.680544806519883000e-02 5.308496116556390282e-02 4.456536234926357365e-02 7.205545426949825152e-03 1.367643152753142237e-02 3.674827953305635081e-02 7.498592444005769408e-02 2.998613985088617595e-02 3.361876142041005794e-02 4.296273383576633409e-02 5.106588351538697557e-02 1.869082271346308652e-02 3.004125246072048352e-02 5.464953964693843730e-02 6.300278322336792802e-02 1.795044270495722502e-02 5.176724395294546310e-02 6.159991910817703281e-02 2.418039674968566755e-02 3.660022419840449487e-02 1.790515836201979696e-02 2.804477384188244077e-02 4.540963568463252803e-02 4.757646729229957766e-02 5.055655885479194006e-02
2.120819398447536808e-01 1.000000000000000000e+00 1.483209837985637880e-01 1.044447375456187960e-01 3.539676364792445490e-02 1.312537369227687045e-01 1.711650919711077412e-01 1.896293756887003912e-01 2.369176781260878550e-01 2.052948224133822330e-01 1.517249264016698185e-01 1.435844267555302922e-01 1.175492455191293056e-01 1.208104203809028387e-01 1.534578627728714895e-01 1.884907394894584365e-01 2.033683452363284072e-01 2.772904324632425310e-01 2.183118228506705505e-01 1.916548702675700822e-01 2.397282774394812466e-01 2.187015106829356959e-01 2.619974013600696594e-01 2.133775155283107183e-01 2.258469316187886600e-01 2.807688460560746613e-01 2.532738685676947932e-01 2.554098300715766934e-01 2.755269454799942341e-01 2.543885114515236912e-01 2.544407627557608298e-01 2.074457415397628901e-01 2.235873303312948535e-01 1.947233099137872514e-01 2.141672732810017132e-01 2.102664345959923409e-01 2.121152113864713529e-01 2.156796721899994496e-01 2.240196724886440172e-01 1.971960479653712961e-01 1.936873497231939578e-01 2.007531947926727289e-01 1.913942153733264040e-01 1.858947447697678890e-01 2.152017089222480750e-01 2.000089638181877794e-01 1.458875027773325617e-01 1.664611928165839749e-01 1.547977442944495075e-01 1.731145071277221115e-01 1.873969993799026734e-01 1.467968107363767094e-01 1.488978360521629740e-01 1.992511575492184883e-01 2.153248084260836193e-01 2.133997926807796597e-01 1.908546712394470768e-01 1.749845683756696413e-01 1.706214324960751427e-01 1.712783997555842319e-01 1.555444739800565801e-01 1.734915246972369152e-01 1.811683089841406857e-01 1.864991596018199804e-01 1.911141492583908752e-01 1.846656732813304613e-01 1.764145876245171995e-01 1.982574811688514460e-01 1.966928256716840573e-01 1.997700869143991254e-01 1.820918023775681127e-01 1.940281571104867098e-01 1.861764672588761826e-01 1.905968502856823232e-01 2.078434608761862146e-01 1.979982924321207483e-01 2.000809681539079676e-01 2.162007211473005452e-01 2.021262438547783702e-01 1.946468691505627291e-01 1.916532844733455365e-01 2.002870517767461889e-01 2.082460500204376674e-01 1.961463904391151369e-01 1.670126626420077587e-01 1.745104437632159222e-01 1.837341182678403073e-01 1.830715588776521130e-01 1.819733892147407106e-01 1.952194739570533577e-01 1.837986310502802700e-01 1.746042968677405383e-01 1.745659703571909860e-01 1.755821522374571564e-01 1.508990130521101758e-01 1.558870831523524736e-01 1.545890105205078024e-01 1.810997240002091002e-01 1.615642535606306440e-01 1.644801408196217563e-01 1.689625945253605821e-01 1.751816930687613294e-01 1.512580236513051124e-01 1.614542738708397707e-01 1.712709428896091735e-01 1.817141093623187986e-01 1.545552641305281416e-01 1.833585972208575110e-01 1.880895447056817604e-01 1.624810760154881406e-01 1.724996874553719473e-01 1.600068107892866631e-01 1.642897475222690473e-01 1.686269762049303622e-01 1.712792260221199514e-01 1.717796073717474115e-01
1.273172635539406572e-01 1.483209837985637880e-01 1.000000000000000000e+00 3.273012375439578459e-01 1.482987780540217237e-01 1.726605566296718630e-01 2.927360576535744108e-01 3.152634777855183312e-01 2.979870359473196784e-01 2.313874991532502701e-01 2.794330476736672786e-01 3.347260944892953560e-01 2.445941598255818306e-01 2.134389493391703196e-01 2.736677661552515683e-01 3.158280345740549500e-01 3.162743077873594322e-01 4.014934364421245960e-01 3.861007276899837692e-01 3.552555391603913204e-01 4.474688049659099609e-01 4.438787731196999209e-01 3.711263086417891377e-01 4.108981795406575488e-01 4.293621137832891455e-01 3.987776689717521528e-01 4.055190980086962327e-01 4.050587120538358676e-01 3.522646406108581596e-01 3.893633505814988460e-01 4.103895481311973237e-01 3.317622121743364350e-01 3.407272336900820653e-01 3.522683091628855956e-01 3.465057192772023065e-01 3.485587434917003513e-01 3.600246598873035331e-01 3.098252333474773024e-01 3.554376148144536285e-01 3.408348388827510678e-01 3.285008974641147050e-01 3.389034621170830541e-01 3.482236210913910446e-01 3.341080869676276710e-01 3.644862567183348445e-01 3.312725484508100560e-01 2.609915034177518467e-01 2.682757073056535879e-01 2.610648859762479956e-01 3.081336175666462007e-01 3.064736242186254511e-01 3.251581053858321191e-01 3.017083882983878640e-01 2.774627255799418935e-01 2.924114056440970111e-01 3.101404666456445414e-01 2.918204891274998047e-01 2.944225812871820724e-01 2.809151334417291368e-01 2.852843191156339553e-01 2.775054295174156360e-01 2.832059721115615103e-01 2.785947563581223085e-01 2.962993066014172894e-01 3.233008445085447380e-01 3.058531110373406969e-01 2.831042265629429844e-01 3.337878936847295530e-01 3.104937274864237873e-01 3.479596875936996070e-01 3.660118509193162617e-01 3.506355660683701525e-01 3.428646615564764910e-01 3.610489234381240031e-01 3.314927544721479324e-01 3.284128016225001390e-01 3.242672457045457923e-01 3.170355991528039374e-01 3.352645655863203400e-01 3.218654773540309266e-01 3.238720399263505523e-01 3.265409607182743201e-01 3.111982191996228719e-01 3.128972109569180815e-01 2.936274145616824538e-01 3.134453269704589595e-01 3.107162680334826232e-01 2.921602047888646747e-01 3.072455308269196328e-01 2.958671832415707970e-01 3.171413904807924289e-01 3.026975896124576848e-01 3.137907965462239379e-01 3.027076400309391957e-01 2.640587262130222879e-01 2.567508916912658590e-01 2.805524510681223216e-01 2.897019022649592324e-01 2.783652210725235943e-01 2.865412035500631283e-01 2.998392803127269968e-01 2.844431501704884346e-01 2.855328131470484254e-01 2.855117644819715195e-01 3.090648802130655515e-01 2.803437716874872532e-01 2.592537198287053202e-01 2.747268638138238295e-01 2.818308165386576580e-01 2.777259937179426541e-01 2.835042749832306641e-01 2.710073602686377536e-01 2.639552877040114431e-01 2.767445650197175588e-01 2.915329975167949561e-01 2.904607047842757694e-01
1.539649768092954916e-02 1.044447375456187960e-01 3.273012375439578459e-01 1.000000000000000000e+00 2.557926254238713226e-01 2.841421346402632220e-01 4.581206708799463456e-01 4.558163824523085994e-01 4.319340740917889110e-01 3.901607606016807561e-01 4.392372335932224203e-01 5.498197743506423318e-01 4.214879432615237786e-01 4.062209803031133770e-01 4.862887667892547561e-01 4.966445935843257775e-01 4.426581741785407531e-01 4.130459288489807257e-01 4.490093320995897641e-01 3.639655028898463041e-01 4.747512625751832416e-01 5.140325000997578719e-01 4.161528605190684682e-01 4.590531853746028235e-01 4.915583631706449963e-01 4.938571708610720590e-01 4.992224146376914029e-01 5.124348891156590424e-01 4.264515776850339446e-01 4.680728906254588151e-01 5.182537722543932857e-01 4.619694218110725892e-01 4.327752425413713411e-01 4.595630161979917805e-01 4.119830128266809832e-01 5.010058356010584912e-01 4.797304091148568705e-01 4.605402689213226042e-01 4.851098363435576988e-01 4.950118504439890987e-01 5.106611991460654476e-01 5.159100217992492743e-01 5.273662293904978204e-01 5.398232800981630497e-01 5.302756098163278198e-01 4.935711050106610931e-01 4.744957518660868900e-01 4.719616449843339057e-01 4.712713107211657926e-01 4.876431157802548766e-01 4.960096219525320094e-01 5.388960364678934134e-01 5.257345736662845104e-01 4.468269777983290281e-01 4.533559115371160742e-01 4.764195464146614434e-01 4.754360085791781709e-01 4.935007898271636106e-01 4.825314492454417792e-01 4.893584297675820927e-01 4.946205314601586633e-01 4.900762786548154559e-01 4.861413808287842753e-01 4.859055819073943572e-01 4.969631150012941978e-01 4.896473362918220551e-01 4.808474877763266320e-01 4.961573358056937666e-01 4.760014715889292480e-01 4.993938203974100931e-01 5.310707052089013169e-01 5.167792908174535516e-01 4.996932075063575396e-01 5.195623067171383225e-01 5.102200545772790363e-01 5.125533598755113163e-01 5.015951008649247589e-01 4.810522698765563598e-01 5.133429761778114386e-01 4.861562045904013196e-01 4.915709962182424064e-01 5.049298851147145939e-01 4.784082380393611666e-01 4.717319794112261877e-01 4.737876645330105219e-01 4.852858541779280777e-01 4.918594516686674578e-01 4.813611638391964154e-01 4.892151134845845184e-01 4.815909934858350061e-01 4.974493192171172695e-01 5.044266613059613658e-01 5.085108360701408037e-01 5.049434922215417787e-01 4.828233975108436882e-01 4.712110606738941776e-01 4.977181466815422950e-01 4.842823705568301551e-01 4.922630536930664436e-01 4.960541193957962447e-01 5.062146174330320880e-01 4.881061082995426514e-01 5.110036037026550737e-01 5.007022241848861910e-01 5.088543843625706886e-01 4.719132381799512332e-01 4.740785062740081601e-01 4.672118518253102759e-01 4.743658783192856165e-01 4.943824903276944904e-01 4.914855033152390473e-01 4.830186490285299228e-01 4.777550959866206370e-01 4.813574819005271843e-01 4.902980005190904489e-01 4.873565302242097164e-01
9.772240426341742559e-02 3.539676364792445490e-02 1.482987780540217237e-01 2.557926254238713226e-01 1.000000000000000000e+00 1.508497437096402438e-01 3.112925462446665681e-01 3.448287346150626931e-01 3.411210337621383148e-01 3.005345185313452738e-01 3.578524979272290074e-01 4.011161618964631526e-01 4.124646581456378192e-01 3.555260806425939446e-01 3.854030839247906681e-01 4.070700788426038774e-01 3.438400256154072743e-01 3.139755157322685619e-01 3.424858788470732107e-01 2.510021166126609748e-01 2.917669130810626732e-01 3.147285182378495305e-01 3.552564762242414464e-01 3.218667005164405626e-01 3.220270110871314984e-01 3.739878174821991696e-01 3.727555435586527577e-01 3.759658642699342801e-01 3.490812534119185351e-01 3.277125269949250352e-01 3.557287004900747673e-01 4.044801633880130143e-01 3.780636873452756785e-01 3.835508053225787362e-01 3.255777440809018985e-01 3.968399994511021545e-01 3.840180864441718467e-01 3.759751177717609583e-01 3.876610792355110746e-01 4.058620397779814648e-01 3.971256655541700042e-01 3.905850106190582038e-01 4.045777375401845566e-01 4.053535844402457178e-01 3.898272936282320411e-01 4.003307323700174836e-01 3.899005140902680466e-01 3.941764026380200625e-01 3.946286256323944253e-01 3.765476131793072945e-01 3.824213206184242098e-01 4.084026108863703097e-01 3.851242523767416936e-01 3.914866498877583312e-01 3.833893262261434676e-01 4.003055046364187852e-01 3.723830980666286705e-01 3.940406794022802694e-01 3.812092264385661955e-01 3.910791050472679498e-01 3.936647040997690028e-01 3.869220227625730923e-01 3.712697326038856827e-01 3.945473907271146441e-01 3.956985760332174529e-01 4.020063403988758388e-01 3.979216392464419161e-01 4.078582490864678944e-01 4.063199524249396233e-01 3.951010539563338253e-01 3.945619307120927788e-01 4.027794521974533692e-01 4.007206876207345947e-01 4.025161438085260723e-01 4.022812182972408390e-01 4.021486419648304667e-01 4.091403099806050214e-01 3.968858368228126987e-01 3.928500853869706932e-01 3.859421640774660656e-01 4.022197847400076354e-01 3.936670084626014421e-01 4.017173753799452296e-01 3.890245318624809268e-01 4.045423225499540920e-01 4.052586227746278191e-01 4.108589139071713303e-01 3.965491923942609520e-01 4.036008560620552021e-01 4.127911840905988949e-01 4.077540224249388001e-01 3.997852418513198058e-01 4.045636179461006843e-01 4.028123336411983946e-01 3.962117424363471030e-01 3.925736869124468731e-01 4.011008348614896746e-01 3.956678328947546008e-01 4.028302211625074958e-01 4.024126793880895003e-01 4.065975746387133771e-01 3.961923900186412051e-01 4.052037236371468509e-01 4.033733495061002650e-01 4.159827158796536861e-01 4.003976217053560327e-01 3.919464977896649494e-01 3.982339603127142413e-01 4.026361306340622837e-01 3.924942887729265806e-01 3.945262529643604466e-01 3.925521238859643880e-01 3.950192837292915149e-01 4.040429456016351173e-01 4.016590533789837769e-01 4.048010482056775827e-01
-1.934517833325653108e-02 1.312537369227687045e-01 1.726605566296718630e-01 2.841421346402632220e-01 1.508497437096402438e-01 1.000000000000000000e+00 4.449509501995915772e-01 4.113933841835723526e-01 4.223272486135203896e-01 3.998564645570052978e-01 3.984679153437917232e-01 4.508529195597760220e-01 3.734492338899697561e-01 3.978001924583921545e-01 4.790351581370175249e-01 4.529067042619258077e-01 4.319711377809797859e-01 3.544923411372628563e-01 3.620933863153553145e-01 2.764553099046369589e-01 3.595944916385078183e-01 3.777131649440183536e-01 3.925130121010229067e-01 3.672750432107256824e-01 3.557902158234020340e-01 4.590198372925134440e-01 4.307688607886660526e-01 4.578588277557805175e-01 3.984625181096633773e-01 4.413555309510881486e-01 4.586634596920627915e-01 4.648670456546226126e-01 4.393722405694195365e-01 4.428108664866887700e-01 4.173678740265201470e-01 4.620903387923614991e-01 4.618785231736236563e-01 4.875415969195967536e-01 4.735403441969425198e-01 4.739318946218041839e-01 5.007667155728703356e-01 4.929504869511777687e-01 4.893383792202368188e-01 4.953650918349985499e-01 4.879535833717785209e-01 4.827816901575479602e-01 4.850448136677429911e-01 4.902587284320800154e-01 4.887608865367162880e-01 4.883300591954848335e-01 4.998575480013888184e-01 4.868511908458260096e-01 4.981601048750920468e-01 4.780722279299378097e-01 4.793937934717706351e-01 4.891179516494599810e-01 4.978754974557441648e-01 4.905788789261874561e-01 4.977453391559012452e-01 4.917268114377499333e-01 4.956708513494670898e-01 4.969309371245225759e-01 5.022903992146269259e-01 4.936802264636533377e-01 4.824724952776782705e-01 4.910799025632180403e-01 4.890904106485701175e-01 4.808942916037093895e-01 4.828880046533567394e-01 4.607506814577509990e-01 4.662798473814104838e-01 4.791649340141124758e-01 4.759773076323200458e-01 4.653914225710608643e-01 4.989700684746223858e-01 4.932177811675335644e-01 4.943186215221206381e-01 4.760714506632575116e-01 4.921980836855835983e-01 4.813538343341440817e-01 4.827654535659026691e-01 4.908995220295702122e-01 4.873006956943261025e-01 4.854541960866388117e-01 4.850898442595162896e-01 4.853563163853829021e-01 4.774074776994086666e-01 5.003071026737889726e-01 4.847740833562524942e-01 4.877597746361168607e-01 4.955074074320935384e-01 4.979311597567753767e-01 4.923345053936079574e-01 4.950920499498035476e-01 4.926268765165267571e-01 4.900451222977412757e-01 4.932495356516003460e-01 4.955852263866600826e-01 4.968114008835476936e-01 4.973212663071133743e-01 4.957684347517996581e-01 5.000706783125385968e-01 4.969592067007658764e-01 4.993537509378266348e-01 4.927417077990993155e-01 4.929172040043099945e-01 4.917463588758829718e-01 4.898913313214534049e-01 4.938132085603063048e-01 5.011655664472398630e-01 5.006109018833285740e-01 4.963711747177241285e-01 4.956957254917958577e-01 4.912501439453091368e-01 4.909239861021458262e-01 4.939714005341401815e-01
7.452275461339914579e-03 1.711650919711077412e-01 2.927360576535744108e-01 4.581206708799463456e-01 3.112925462446665681e-01 4.449509501995915772e-01 1.000000000000000000e+00 6.282649593299252100e-01 6.133931234086202888e-01 5.894343805428641225e-01 6.106788558088203089e-01 6.923897789042359197e-01 6.047759747617155179e-01 6.043400217223927617e-01 7.598656673991436294e-01 7.201501457523186156e-01 6.234891571668502719e-01 5.249490946940191805e-01 5.724379979575551225e-01 4.458065935224275744e-01 5.528795485435236134e-01 5.931358371345365477e-01 5.947429999315214655e-01 5.768764133687882545e-01 5.840302828208943087e-01 6.608321644307993958e-01 6.500357661550073551e-01 6.920392942954993742e-01 5.931315186570564890e-01 6.517215763108438198e-01 6.966246263139539430e-01 6.976609428979582139e-01 6.668276654988801733e-01 6.835305587455879905e-01 6.390423756150976908e-01 7.097829039000974616e-01 7.057521530731160064e-01 7.239995256623129594e-01 7.217263860324908409e-01 7.211957585243444768e-01 7.271153858603497389e-01 7.380282351346832970e-01 7.460525941061512123e-01 7.411689084245225434e-01 7.327544897772039212e-01 7.252479417186209476e-01 7.070062370764479409e-01 7.083508052595925975e-01 7.121774894267275391e-01 7.298985112133389297e-01 7.367917450828493919e-01 7.260509867013804630e-01 7.262592390523253671e-01 6.845370088622002580e-01 6.856430667234951759e-01 7.118275792375116096e-01 7.086851427362551581e-01 7.235442320290407237e-01 7.159086814570777557e-01 7.135273899552299071e-01 7.230497032383602640e-01 7.253595675728886638e-01 7.252430609653982563e-01 7.234192925977669386e-01 7.097032565393873726e-01 7.103676802179632599e-01 7.125743911746582615e-01 7.109683077515831506e-01 7.139696679345245434e-01 6.902745584176480653e-01 7.068578203052695574e-01 7.199822689511989893e-01 7.062724632923795820e-01 7.110586816195779702e-01 7.294862296156783277e-01 7.295474488465897300e-01 7.284202141745145243e-01 7.018433963596744096e-01 7.257116216242756046e-01 7.186675615469790834e-01 7.253132968218598542e-01 7.292208958498310745e-01 7.194531797687179209e-01 7.176608481715573973e-01 7.261311825958061128e-01 7.250485644526202256e-01 7.234531657144066541e-01 7.358698139565144070e-01 7.296791567947794599e-01 7.209883509115314615e-01 7.371115453872024714e-01 7.369383060110598072e-01 7.326446345584951558e-01 7.356162444531224587e-01 7.151604690720075874e-01 7.097829856277243499e-01 7.324597406879921335e-01 7.225350243141452911e-01 7.256617560667247835e-01 7.358696908459684272e-01 7.388153551061867885e-01 7.268341177005260834e-01 7.222683385644022014e-01 7.309515676192640532e-01 7.303558985125758740e-01 7.100665243207571198e-01 7.121470793357145279e-01 7.079146161231666401e-01 7.118858998872360511e-01 7.244951652696528521e-01 7.271114909205756982e-01 7.166630522292025685e-01 7.152216744062114273e-01 7.220484623990564010e-01 7.184744878073835439e-01 7.155702022687876473e-01
1.114511959167009125e-01 1.896293756887003912e-01 3.152634777855183312e-01 4.558163824523085994e-01 3.448287346150626931e-01 4.113933841835723526e-01 6.282649593299252100e-01 1.000000000000000000e+00 6.153556423057976454e-01 5.623620954710070174e-01 5.921418343219628788e-01 6.796903349786166393e-01 5.749035776215297711e-01 5.468932663016704554e-01 6.826382106632160607e-01 7.160877785296632103e-01 6.302322714300858664e-01 5.988755594171116803e-01 6.105394073168235458e-01 5.379506657515134016e-01 6.017024808460258445e-01 6.273055693920026599e-01 6.390539743576199028e-01 6.414820199536664935e-01 6.219085739103160648e-01 6.894656122326718872e-01 6.735949489614080354e-01 6.979235821740992218e-01 6.388686422338798465e-01 6.522013521940782654e-01 6.879456105729937487e-01 6.890397649145090231e-01 6.566353877281064788e-01 6.821647644879106354e-01 6.236593248644698440e-01 6.991894080822179669e-01 6.876599628497411798e-01 6.888834379547656983e-01 7.075246972124458189e-01 6.863065910788224144e-01 7.021724528019350764e-01 7.127721412396704759e-01 7.256773492164002581e-01 7.231719122353251761e-01 7.090953855738042488e-01 6.980441899386206073e-01 6.519919282688153572e-01 6.631165789364972252e-01 6.566606948008465450e-01 6.926230007652595111e-01 6.957507093223248562e-01 6.857037416732405521e-01 6.825133979937775264e-01 6.613626036476349945e-01 6.804398899583457005e-01 6.907210579701933417e-01 6.794629382914045834e-01 6.891104336171512967e-01 6.817283746133331324e-01 6.728829535133307171e-01 6.785205163473695400e-01 6.857388865511091502e-01 6.860355822724932828e-01 6.835987176029280077e-01 6.837819092258408116e-01 6.850966206711334161e-01 6.705619370090466491e-01 6.880069977758193067e-01 6.884384114433065305e-01 6.918012297299794833e-01 6.895785755547686469e-01 6.962247976426376717e-01 6.968263441836313188e-01 6.943772135985022409e-01 7.016701840698577053e-01 6.962218134332589514e-01 6.972818232320614484e-01 6.872224420458152849e-01 7.022984765571259613e-01 6.730790252004661411e-01 6.850247247589145161e-01 6.880281642346521842e-01 6.898377736498544355e-01 6.781263220271553926e-01 6.793633598582986544e-01 6.893272526962284097e-01 6.858170066722331093e-01 6.886441851215098220e-01 6.881110713094329423e-01 6.889785565649080290e-01 6.950387025320425849e-01 6.900884171550980550e-01 6.906249219544989826e-01 6.912547555144541445e-01 6.584502219082511987e-01 6.541504519332114187e-01 6.765283535311663599e-01 6.820085522690089164e-01 6.778458978973977977e-01 6.812762780105979799e-01 6.906706844460133166e-01 6.812924782286393643e-01 6.740275518552094614e-01 6.841306548095845708e-01 6.902056350143648267e-01 6.705715248018837560e-01 6.580617335713127014e-01 6.662336295124331453e-01 6.793701232369431242e-01 6.738806860377052343e-01 6.807802465545069737e-01 6.638812690365480940e-01 6.657155154001579422e-01 6.733498114855375194e-01 6.736281951059900353e-01 6.748363262219424508e-01
1.789281305619883078e-01 2.369176781260878550e-01 2.979870359473196784e-01 4.319340740917889110e-01 3.411210337621383148e-01 4.223272486135203896e-01 6.133931234086202888e-01 6.153556423057976454e-01 1.000000000000000000e+00 6.998462535921851080e-01 7.081079625791362187e-01 7.480695445045784098e-01 6.776556139159233272e-01 6.754159148962775028e-01 7.694017729762361313e-01 7.727110734955626725e-01 7.911983766645723781e-01 7.095971548826019992e-01 7.067711403995481367e-01 6.152036029303977749e-01 6.509109478184225139e-01 6.772784965087963460e-01 7.506391396761523671e-01 6.999091200452350892e-01 6.851763798095230618e-01 7.913751322365775165e-01 7.793849931302455625e-01 8.024782946201505229e-01 7.337781322651569793e-01 7.726320869682600234e-01 7.947070563084244199e-01 8.320852617128797757e-01 7.804717827388163442e-01 7.945790835475112779e-01 7.464533133658993735e-01 8.087643556839755332e-01 8.164218102727259785e-01 8.225969480862992400e-01 8.294273661355952010e-01 7.961786379229676136e-01 8.372266332560868163e-01 8.264112079273743250e-01 8.204617687792240543e-01 8.326965872469398455e-01 8.330214170555496622e-01 8.339481681098335208e-01 8.192174582503892744e-01 8.375503146392980769e-01 8.270311431238110966e-01 8.093610386026606207e-01 8.326859367775100162e-01 7.847169036730728964e-01 7.913811744158895101e-01 8.425979831875217707e-01 8.412943352385924278e-01 8.425536875158975425e-01 8.331951006225591927e-01 8.294144365095167393e-01 8.335441837574764090e-01 8.365772383179943539e-01 8.248282622255814767e-01 8.312002586843425522e-01 8.264342657648070523e-01 8.405826746940783245e-01 8.417423134317293387e-01 8.429493374347932777e-01 8.414530210012993727e-01 8.481105630346337243e-01 8.428013105572551567e-01 8.400465385092064086e-01 8.084570862958301296e-01 8.357820203224721745e-01 8.374711420184762778e-01 8.256786463925167574e-01 8.476338118904322982e-01 8.415585743546053488e-01 8.421035385476622892e-01 8.252075403061089887e-01 8.364668984930453410e-01 8.342192077985888243e-01 8.368750965103491923e-01 8.411578847008589488e-01 8.476856522202010913e-01 8.336736350252654804e-01 8.313481868080044856e-01 8.375421314195812261e-01 8.390968251063978256e-01 8.349290782638133512e-01 8.414886920037141227e-01 8.399649296944384780e-01 8.344620994433753491e-01 8.353071507036583521e-01 8.383828730387763439e-01 8.381907622567229543e-01 8.235703229712729723e-01 8.244994568737080698e-01 8.158170659081893650e-01 8.372556033175153622e-01 8.316767755942702234e-01 8.293974941076485141e-01 8.314045255281743430e-01 8.355734284508292697e-01 8.167091748418032759e-01 8.305355037680848262e-01 8.354087296801184781e-01 8.342237792509186178e-01 8.265395275913378637e-01 8.414032411180148996e-01 8.420643257517282931e-01 8.303051176629931973e-01 8.337566523987500755e-01 8.300293696203184801e-01 8.300975166108768288e-01 8.344239535965272125e-01 8.361484126566477437e-01 8.361208405044970871e-01
7.333485967540555317e-02 2.052948224133822330e-01 2.313874991532502701e-01 3.901607606016807561e-01 3.005345185313452738e-01 3.998564645570052978e-01 5.894343805428641225e-01 5.623620954710070174e-01 6.998462535921851080e-01 1.000000000000000000e+00 6.402521321317085068e-01 6.998490704456703515e-01 6.226456263057716933e-01 6.519992861466292755e-01 7.587135778825336851e-01 7.255815695378923236e-01 7.037432354359630660e-01 5.837301944468403780e-01 5.978857857528045994e-01 4.610055943558270530e-01 5.451241781970608269e-01 5.743933359995795351e-01 6.327566276079344965e-01 5.643357970541332813e-01 5.809417108655553497e-01 6.988194477273275140e-01 6.884094705195571429e-01 7.190660735124914105e-01 6.522159588654929951e-01 6.878828585919187777e-01 7.245831369642442565e-01 7.524529701596220921e-01 7.037908544671956923e-01 7.024396371769068281e-01 6.734404321675155902e-01 7.369701581504453092e-01 7.491951138178035707e-01 7.649516518199611648e-01 7.612168695848847699e-01 7.318288690320270407e-01 7.792891387666394110e-01 7.728480163315893936e-01 7.583952838380043637e-01 7.743821614713060075e-01 7.628466406282903289e-01 7.673186647717924469e-01 7.909046853464003490e-01 7.972366170287483733e-01 7.905066322365618126e-01 7.541012079122663136e-01 7.846502180663702530e-01 7.335503436049773951e-01 7.537934156373564676e-01 7.892882762357905646e-01 7.848599188535680948e-01 7.829033665900196892e-01 7.783391923286069325e-01 7.888053597857239696e-01 7.913452873584847502e-01 7.909412517318615832e-01 7.905615228239839531e-01 7.901089598814050596e-01 7.877540331565827669e-01 7.870472038526009628e-01 7.834232716927891360e-01 7.841802972081207690e-01 7.967665796760617924e-01 7.823372615783028561e-01 7.821816147930902297e-01 7.535855433381881685e-01 7.496158432212479683e-01 7.783280531220518883e-01 7.597958502906440037e-01 7.573890932199093262e-01 7.901199746069876850e-01 7.901565194706228201e-01 7.878361528241555334e-01 7.711487778269319193e-01 7.785015070501531964e-01 7.832692719670479864e-01 7.855744071972086129e-01 7.934304868256147891e-01 7.896763090277633124e-01 7.786667890873777420e-01 7.779124194040453188e-01 7.809153882037940253e-01 7.838864282551605278e-01 7.937961561523043663e-01 7.955296751860492233e-01 7.826362751022563069e-01 7.835301444139124438e-01 7.934531135941552682e-01 7.918855112798738327e-01 7.944497346144900884e-01 7.938111652149403286e-01 7.956167096510925463e-01 7.684254630324944824e-01 7.834895684689618944e-01 7.928594322745349254e-01 7.894802971992325169e-01 7.894620142789608996e-01 7.936073902515715650e-01 7.774670233461172808e-01 7.902739050515836805e-01 7.875333060825122633e-01 7.852816681962311307e-01 7.936168897565581970e-01 7.971388867398364608e-01 7.958136394433640293e-01 7.930330634575499804e-01 7.962749516105624981e-01 7.953737873585960960e-01 7.929555775775897208e-01 7.930794069593904982e-01 7.955111546727989813e-01 7.945845391994211804e-01
8.842137120032728115e-02 1.517249264016698185e-01 2.794330476736672786e-01 4.392372335932224203e-01 3.578524979272290074e-01 3.984679153437917232e-01 6.106788558088203089e-01 5.921418343219628788e-01 7.081079625791362187e-01 6.402521321317085068e-01 1.000000000000000000e+00 7.822010740972202836e-01 6.681705753342456200e-01 6.903222583698656045e-01 7.673412708063546139e-01 7.556181201557065075e-01 7.076755678736270649e-01 6.381605362025799533e-01 6.645050764139437405e-01 5.247542377555579618e-01 6.358219704393647254e-01 6.614231249054375317e-01 6.818338195716452388e-01 6.328168136215062134e-01 6.473582507455085677e-01 7.483531140553825178e-01 7.563943753948099147e-01 7.754493063192690050e-01 7.041880133292751642e-01 7.422432930265741025e-01 7.734967100107746907e-01 7.768118087438464769e-01 7.408650916663546138e-01 7.410477481731905236e-01 7.092383463987962378e-01 7.745706081496700479e-01 7.874560280989107985e-01 7.810891625634858171e-01 7.954610572717459860e-01 7.830053255539158874e-01 8.024291658674564953e-01 8.096527404677997808e-01 8.023158146513265088e-01 8.155447643181223949e-01 8.114354891356574395e-01 8.105759532598612038e-01 8.027559374457738928e-01 8.024345057883113252e-01 8.036599112373462583e-01 7.808428981881273545e-01 8.037215896673377546e-01 7.760620906484032577e-01 7.868719829230080842e-01 7.863280173140161367e-01 7.858744592974445942e-01 8.006957106963185078e-01 7.868295400531141182e-01 8.116232284616533565e-01 8.082320220727069460e-01 8.079578524918190618e-01 8.069568322643194680e-01 8.078727372170200205e-01 7.955246574165973916e-01 8.056007613796910549e-01 8.100453318836605687e-01 8.061864598030196172e-01 8.124520377779637093e-01 8.171062103270045895e-01 8.069457314239302237e-01 7.967396857166476609e-01 8.062922796881419885e-01 8.195698556037310789e-01 7.943584905758567238e-01 8.069128802093504804e-01 8.250900375615800586e-01 8.225209445509741313e-01 8.260440346357171837e-01 8.058471552262450599e-01 8.178882506739203473e-01 8.166488481196374494e-01 8.189372161496742963e-01 8.278222058172429731e-01 8.079764425871609479e-01 8.043437811186803232e-01 8.058877992847376381e-01 8.097903616132390292e-01 8.192295562343048232e-01 8.127500026543401646e-01 8.202979190333817838e-01 8.077407597330973354e-01 8.202423749008131981e-01 8.186175663202558406e-01 8.219577673115086025e-01 8.227532600703463261e-01 8.090577272239379836e-01 8.058178492237091373e-01 8.053977142043607929e-01 8.030727625298378358e-01 8.137092080858151499e-01 8.153239679323640576e-01 8.197116104003420167e-01 8.122137148838998177e-01 8.100442384637899229e-01 8.152137867699795759e-01 8.182654925459925677e-01 8.021894119468784279e-01 8.085798103721550945e-01 8.090384040507155872e-01 8.083605525422635774e-01 8.131640429872846187e-01 8.141694434382231726e-01 8.098391526894289649e-01 8.105893674387723014e-01 8.145341062073674365e-01 8.191399735557158834e-01 8.144109082664611199e-01
5.476241869052447114e-02 1.435844267555302922e-01 3.347260944892953560e-01 5.498197743506423318e-01 4.011161618964631526e-01 4.508529195597760220e-01 6.923897789042359197e-01 6.796903349786166393e-01 7.480695445045784098e-01 6.998490704456703515e-01 7.822010740972202836e-01 1.000000000000000000e+00 7.442411421894591372e-01 7.456004902661897971e-01 8.473253815897406893e-01 8.453939786658298816e-01 7.593562386237238115e-01 6.812947799817430372e-01 7.158074966483880530e-01 5.868579013282689827e-01 6.943169905596191516e-01 7.291808409458779838e-01 7.344468954207209466e-01 7.138710806408226084e-01 7.229706823906806301e-01 8.162957125966636696e-01 8.148324555428604343e-01 8.382262182939135275e-01 7.385003227292521455e-01 7.932820057268287206e-01 8.346120215503853856e-01 8.515499268141388800e-01 8.037755304965602532e-01 8.155666585948809777e-01 7.587933690207189219e-01 8.585319957698801518e-01 8.540473738397863501e-01 8.482331331237284999e-01 8.643781331776224652e-01 8.601959529065814625e-01 8.877383944944317040e-01 8.850356018272335090e-01 8.860828371195365039e-01 9.003487723431656820e-01 8.883774340293193461e-01 8.777734679302037213e-01 8.738312847050366816e-01 8.729289258066514900e-01 8.717891560100421433e-01 8.604919768563817906e-01 8.803520050399848973e-01 8.721858557658839217e-01 8.710675396724187891e-01 8.496495314608727423e-01 8.482393140914026297e-01 8.706551501942737525e-01 8.573932701492698039e-01 8.824304036584135202e-01 8.765370245176253849e-01 8.781822701902305406e-01 8.814610424725244364e-01 8.799449423132201797e-01 8.669082147195995569e-01 8.748408670967504630e-01 8.794568460259661880e-01 8.786548063696542066e-01 8.810926153176864561e-01 8.852282535801330177e-01 8.783609179324913807e-01 8.708193756042236222e-01 8.803923508489406302e-01 8.893966097652445946e-01 8.736852400034083033e-01 8.823124307132388378e-01 8.961606480324074697e-01 8.945464955101957161e-01 8.941420453391699663e-01 8.637200214633878881e-01 8.884256426454582023e-01 8.771394859178756054e-01 8.844951020210168879e-01 8.909230636211825649e-01 8.761982280245752541e-01 8.672004588946592429e-01 8.789454137766214981e-01 8.835167981112219682e-01 8.905567577792380396e-01 8.838477922037133450e-01 8.900626477468097653e-01 8.792752885548453801e-01 8.932562348295866039e-01 8.951576459763216365e-01 8.979640687616924355e-01 8.970110186006859943e-01 8.813438187797769663e-01 8.756680518584207817e-01 8.825012990085963072e-01 8.758319846617861337e-01 8.862974553262901178e-01 8.909856157779370012e-01 8.952560932506133939e-01 8.828845227836236154e-01 8.886254100793580246e-01 8.928823486497337036e-01 8.951696483486514255e-01 8.695024182367081522e-01 8.765170987886042875e-01 8.758442905241701215e-01 8.773508499096456248e-01 8.859676568334684532e-01 8.865420972770235997e-01 8.806848453924768227e-01 8.789386183361468374e-01 8.825027696827949519e-01 8.835540563652494184e-01 8.851300118329935573e-01
3.476066618970288791e-02 1.175492455191293056e-01 2.445941598255818306e-01 4.214879432615237786e-01 4.124646581456378192e-01 3.734492338899697561e-01 6.047759747617155179e-01 5.749035776215297711e-01 6.776556139159233272e-01 6.226456263057716933e-01 6.681705753342456200e-01 7.442411421894591372e-01 1.000000000000000000e+00 6.728322744446169068e-01 7.746971212298605636e-01 7.591805295378977192e-01 6.782366056778587060e-01 5.672944050654818993e-01 5.805697565812246719e-01 4.773244783853207163e-01 5.341975045208410267e-01 5.634011927387324592e-01 6.307389404062752059e-01 5.784549900043617354e-01 5.725229004276255473e-01 6.726717663220552756e-01 6.759050793782657163e-01 6.995256145202820575e-01 6.172167734305782361e-01 6.613668252050529661e-01 6.997400425017628045e-01 7.535323131091600235e-01 6.869376186822880870e-01 7.080453413976713906e-01 6.481639597104418282e-01 7.471403135806375939e-01 7.483872378870910502e-01 7.468677268954246884e-01 7.542495912634407107e-01 7.442838316363368234e-01 7.838660879235871404e-01 7.698673740114261310e-01 7.720398775757243426e-01 7.857497697754255439e-01 7.695657970139002657e-01 7.788153433197132491e-01 7.989886239133444645e-01 8.023845482288067821e-01 7.950092345685252360e-01 7.537381937794863651e-01 7.757971577109484818e-01 7.617459890330900985e-01 7.748124493026959936e-01 7.767082076186542228e-01 7.641578995880852210e-01 7.788009982707927437e-01 7.676782220369607890e-01 7.884286987465856100e-01 7.853032356615229359e-01 7.988092182673613983e-01 7.969524088710625565e-01 7.946874738661841020e-01 7.780929240432242766e-01 7.911821599630747270e-01 7.817861805114100227e-01 7.940569442411652412e-01 7.991169274151557200e-01 7.878058815036245166e-01 7.898971094982677466e-01 7.688952306793206404e-01 7.615039208793970005e-01 7.750114714062950050e-01 7.726297687524174007e-01 7.695190735167771745e-01 7.923094808880990492e-01 7.911564305941641839e-01 7.888961559668168366e-01 7.647364661767601657e-01 7.788068720055199012e-01 7.784664167859151052e-01 7.914702852874961891e-01 7.914009833153832218e-01 7.892628645141200883e-01 7.708869238852467110e-01 7.861629749298915115e-01 7.907526233691392070e-01 7.995895927596943231e-01 7.941412924213958613e-01 7.993107357717346151e-01 7.933457790849497426e-01 7.930092783067278495e-01 8.027801770241513868e-01 8.032872148474604623e-01 8.023761189293547869e-01 8.056886771881511811e-01 8.030395193337895865e-01 7.863480398040958441e-01 7.872152594597454645e-01 8.041963712196397163e-01 8.004951705812015650e-01 8.042160167613821020e-01 7.974201044960261830e-01 7.993579989473270642e-01 8.049864697683377646e-01 8.037022630423384939e-01 7.955651245356487600e-01 8.010286301819561361e-01 8.001483050059823299e-01 7.956508724704592916e-01 8.036471320910226757e-01 8.000940137456499235e-01 8.034906341117811213e-01 8.032969357777073327e-01 8.052781071962484827e-01 7.990668231846960179e-01 8.019089224513150649e-01
