1.000000000000000000e+00 1.716347626419804095e-01 2.619605115411535734e-01 1.324632937684917522e-01 9.880726708898621147e-02 2.689184701517572176e-02 7.903521915828382038e-02 1.558361625917095150e-01 1.536486765049882297e-01 1.551146786503582176e-01 9.806545480065609333e-02 5.382779056665901174e-02 2.157067847666402360e-02 2.437067165575431890e-02 1.144902419666852904e-02 5.293114280235076963e-02 2.052368897756582655e-01 3.080517479419843663e-01 2.510352861997967033e-01 2.018753863136314164e-01 2.899140755503533673e-01 2.585622922843537896e-01 2.763739567117545759e-01 2.813471521625516281e-01 2.726735886572988488e-01 1.985529793678114385e-01 1.878317421266576526e-01 1.734832772111605526e-01 2.445749733438665752e-01 2.533055832568896770e-01 2.281391108464998763e-01 1.448595550634605156e-01 1.430312215343980120e-01 1.746594513032126705e-01 1.530937912964465408e-01 1.765457964767854493e-01 1.966735588267818358e-01 8.993263176015646454e-02 9.832181412080635841e-02 7.667350244828714800e-02 4.691351923657391398e-02 4.354217558145853650e-02 6.382024253954499127e-02 6.479620523766062290e-02 1.160786238718396202e-01 7.272141988728315909e-02 1.572630073563309125e-02 2.329725552117442935e-02 5.555013277971024982e-02 6.968324588289251387e-02 6.547184555995910760e-02 7.880804659345105878e-02 3.321412899062176766e-02 6.040868619160442293e-02 7.799734213060849353e-02 1.084292630625593862e-01 1.046054825479462019e-01 4.739297345641080295e-02 4.410043896214163595e-02 6.099219585030447172e-02 3.072132333970562998e-02 6.429954247267441469e-02 6.580679831099632560e-02 7.600329919079035212e-02 1.036116642127538484e-01 9.017789360152556055e-02 5.068616254502205515e-02 9.516752421857312128e-02 9.153819404303560614e-02 9.036705613355600075e-02 9.397235772992597325e-02 8.110673992236418217e-02 1.199378448169223232e-01 1.279130747495526577e-01 6.041657146955127511e-02 8.175398020688542933e-02 6.787053550482595454e-02 1.185201917639524677e-01 8.715590544333615131e-02 1.158154565059171109e-01 1.087706099981462643e-01 1.050483164312502327e-01 8.363434114019481502e-02 8.425740732710640390e-02 5.636497647484742940e-02 6.342383230758735779e-02 1.031646752675116768e-01 4.279208576341180653e-02 5.684534426171362204e-02 5.782383521640675761e-02 3.870100027939634563e-02 2.293293660210651841e-02 5.157978979585133711e-02 4.380127725981054071e-02 6.284732279473750904e-03 1.454997343980163858e-02 1.331820619354985406e-02 5.827398026977958362e-02 1.539204035379587547e-02 2.989284164569684307e-02 3.483472150827090358e-02 3.007085024173963145e-02 2.024685458231911817e-02 1.838262807303039925e-02 4.837139574278137566e-02 3.935634646268654918e-02 2.727027926838558949e-02 1.232121636942323274e-02 3.422052091963243697e-02 1.462015101397403337e-02 1.403692523789016981e-02 2.485217964869744847e-02 1.940959808914388338e-02 3.139518554421970309e-02 5.526587240534451551e-02 4.510959081495092421e-02
1.716347626419804095e-01 1.000000000000000000e+00 1.459696586614018798e-01 9.777228057348782975e-02 6.869281777402400091e-02 1.043326704824202728e-01 1.837723944127835352e-01 1.722043865884304858e-01 1.872205997679166067e-01 1.683733326213552872e-01 1.564503914346783153e-01 1.370345342659402277e-01 1.019469635309849520e-01 1.402634061305659541e-01 1.711726927332205828e-01 1.596234115952387400e-01 1.933653404458678948e-01 2.148415319566537030e-01 1.984985068638635552e-01 1.309969728106515907e-01 2.009862635780260975e-01 1.807454758966402508e-01 2.060565607776126684e-01 2.185078743814884428e-01 2.011303107918535060e-01 1.817400038393985617e-01 1.988991700896747261e-01 2.126608452645313008e-01 2.104093077239123644e-01 2.084794777741305616e-01 2.080060552309780653e-01 2.097139649063766986e-01 2.005991105058928525e-01 2.032109645022452116e-01 1.864032622134509654e-01 1.918092084679204889e-01 2.013995784318062254e-01 1.936022410710976638e-01 1.805620060583095488e-01 1.852564624862380604e-01 1.649937447259796908e-01 1.724929839328246672e-01 1.637597861104222452e-01 1.649455804623066735e-01 1.730459778480989141e-01 1.794819716300169454e-01 1.503410045483182245e-01 1.584015267172539099e-01 1.680299741834462290e-01 1.644327052719709026e-01 1.742716833246095165e-01 1.448358569253308803e-01 1.497833064026783956e-01 1.623430595722857028e-01 1.704985357196467377e-01 1.957260761495254464e-01 1.588511846821736295e-01 1.522641378407548207e-01 1.613469530280369491e-01 1.527104816016097710e-01 1.460309685061294271e-01 1.525767420196241231e-01 1.526364286461103781e-01 1.562114188139267223e-01 1.632659493825819874e-01 1.556701013344135853e-01 1.631165105439099927e-01 1.778823870472644453e-01 1.854553054222671526e-01 1.681201168461411433e-01 1.728225999844635319e-01 1.680386651654483532e-01 1.878528903731514210e-01 1.856861942630031737e-01 1.623804064151341264e-01 1.729820847033540776e-01 1.748784692757249237e-01 1.884268896202727916e-01 1.788081663213468286e-01 1.772097615060250209e-01 1.790693837787393494e-01 1.790554227093398010e-01 1.798216170627911226e-01 1.684900229491021750e-01 1.719440340995443683e-01 1.752517769106805845e-01 1.803759655838951814e-01 1.674648738814587534e-01 1.703716241787896490e-01 1.772810817429787134e-01 1.699989415020063677e-01 1.600815700527958574e-01 1.628463718706300301e-01 1.619249233315977476e-01 1.465202848358912180e-01 1.521577917682102321e-01 1.495039756273386644e-01 1.438787513365122062e-01 1.423725627525661563e-01 1.592860196183898402e-01 1.515753986528086406e-01 1.465123624156818571e-01 1.429645713289716125e-01 1.451056345019772487e-01 1.516543671128910697e-01 1.440288010239336725e-01 1.526326646991918168e-01 1.551312134467303094e-01 1.591704111138872724e-01 1.486047868527334559e-01 1.500286948154070377e-01 1.476185818448855491e-01 1.440353996791130520e-01 1.468392564830726665e-01 1.566291039912710847e-01 1.453855420239347496e-01
2.619605115411535734e-01 1.459696586614018798e-01 1.000000000000000000e+00 3.495387963302371559e-01 2.190988090172318603e-01 2.367899398279488254e-01 3.834158736708668802e-01 4.096183050433132578e-01 4.007484451316332685e-01 3.744550525220532999e-01 4.008934055560789966e-01 3.877203424028039525e-01 3.198454183324329070e-01 3.046558531527139846e-01 3.685001626591535850e-01 3.842702503379000767e-01 4.554004363586355852e-01 4.751285042714624707e-01 4.929642220165073585e-01 3.612799916144177059e-01 4.724152702045684160e-01 4.937207077008250455e-01 4.618476599427631668e-01 4.838067501706760365e-01 4.922714062000638213e-01 4.618256216801649994e-01 4.664635233153732186e-01 4.620318297633284055e-01 4.721923004637521015e-01 4.715678209400593901e-01 4.842173025028367328e-01 4.537503649730318944e-01 4.484355949327356594e-01 4.745050866735159856e-01 4.263711053728622136e-01 4.742050642621037926e-01 4.643426639178831472e-01 4.175295682310092849e-01 4.210763415592094772e-01 4.234093874332501284e-01 3.915258624842666291e-01 3.861736006139295796e-01 3.972673241718029935e-01 4.043834028257743962e-01 4.370129530963601239e-01 4.056252169734156365e-01 3.622405099661364369e-01 3.673755552476001274e-01 3.843418145620213222e-01 4.014618912067229872e-01 4.085749252880763738e-01 4.109893967979702523e-01 3.750585787817419248e-01 3.905115677244707650e-01 3.975097726517832775e-01 4.163321157008761375e-01 4.127151008441719005e-01 3.829642378170580730e-01 3.778085897177297925e-01 3.812541665065533603e-01 3.732891630202575528e-01 3.795974351214205234e-01 3.891052706257253080e-01 3.948182264069502456e-01 4.204026821898783628e-01 4.039771904589761764e-01 3.871475016450211526e-01 4.263895172805866052e-01 4.210404379722283985e-01 4.129098675702165822e-01 4.330757601315878835e-01 4.201814973928045815e-01 4.430576212769120614e-01 4.472032471040588986e-01 4.021818719288514643e-01 4.143021501505859128e-01 4.034749154645558278e-01 4.283128662790662289e-01 4.169592408691136787e-01 4.301003446650006334e-01 4.305536425785769783e-01 4.276360114197232942e-01 4.104497825360664542e-01 4.098115275331509766e-01 3.922181477967434104e-01 4.123859563229012037e-01 4.273730970818307440e-01 3.884358961879739724e-01 3.989867248444188830e-01 3.973116739782472928e-01 3.891491262856488498e-01 3.768949090655435152e-01 3.966810728981884360e-01 3.865256991544818166e-01 3.592468012859619808e-01 3.636768674196693696e-01 3.697379049668186313e-01 3.824747707635917093e-01 3.655637778038913210e-01 3.797383507250088330e-01 3.819665642976483033e-01 3.711551102077290110e-01 3.656104665332721715e-01 3.700287794136584707e-01 3.940949904313611474e-01 3.771614984319788255e-01 3.694652480055885535e-01 3.648367516170846758e-01 3.782282916880500001e-01 3.653384465279618798e-01 3.675035329442887244e-01 3.657637337972796665e-01 3.640671658387901188e-01 3.776618565437039332e-01 3.943542351095656318e-01 3.789693557762661702e-01
1.324632937684917522e-01 9.777228057348782975e-02 3.495387963302371559e-01 1.000000000000000000e+00 3.044992364358333203e-01 4.151193279216796039e-01 5.562709392545628351e-01 5.474069333022415496e-01 5.537142037041647979e-01 4.915075465070838368e-01 5.876713319654818246e-01 6.342612675372539810e-01 5.235700009735518856e-01 4.822104202991695510e-01 5.913621856957351763e-01 5.795819057584780110e-01 5.458372695992325108e-01 4.569384063077819302e-01 5.185354881930854809e-01 4.680244384260661139e-01 5.298323851578010668e-01 6.088788477628521711e-01 4.773025926932770724e-01 4.758541367037980585e-01 5.238723319699559733e-01 6.304731662023032035e-01 6.169947109773716853e-01 6.010667363937454155e-01 5.508087615642652812e-01 5.508508733591028772e-01 6.087828976451947760e-01 5.693741446356338498e-01 5.544491826597436335e-01 5.561237067338432594e-01 5.623218220946667456e-01 5.819598345823374652e-01 5.883538639927917702e-01 5.889296930329886992e-01 5.997490986267024482e-01 5.908346969434089546e-01 5.968713147446731426e-01 5.911752943896780854e-01 5.934055001749276581e-01 6.165668698992082808e-01 6.159206363762382841e-01 6.043400766211868280e-01 5.802461419028961398e-01 5.708334241584717139e-01 5.821045792539232266e-01 5.832287816633435762e-01 5.988610330128856241e-01 6.127928395465297440e-01 6.018028419418917085e-01 5.811231007590585973e-01 5.807815599282288854e-01 5.753210315659518237e-01 5.877420609775321214e-01 5.851331536698229918e-01 5.831422222514488496e-01 5.990467094372018408e-01 5.966126891568156454e-01 5.882307701936001498e-01 5.904920817684683465e-01 5.969911276187922500e-01 6.098622370736298537e-01 6.022825167615248887e-01 5.850292173257366501e-01 5.956068123137245873e-01 5.949497131750678403e-01 6.130301257350087019e-01 6.318877320600561065e-01 6.052070734221334236e-01 5.959354736714845835e-01 5.940605238965351864e-01 6.146601217135735373e-01 6.065186596816872777e-01 6.005638226352294495e-01 5.995651041940024406e-01 6.053297510835708994e-01 6.083384785982939302e-01 6.018468295422864101e-01 6.132296865469544223e-01 5.873120817676592553e-01 6.017228902708506855e-01 5.905409701562261970e-01 5.944060320264854536e-01 6.054507984540197230e-01 5.983252066905425659e-01 6.005396869790831094e-01 5.940930012543343963e-01 6.026586818419953362e-01 5.915998673999053326e-01 6.038778198725517354e-01 6.021103561616888422e-01 5.802868245845018702e-01 5.790038191013689994e-01 5.952026898269302535e-01 6.019023280486697214e-01 5.890738437523178606e-01 5.962761083997966116e-01 5.944615527941824462e-01 5.883141589773209779e-01 5.976307265390045087e-01 5.996708604213537575e-01 6.040530555510710276e-01 5.926371049226460963e-01 5.858138324424306820e-01 5.793493037627200914e-01 5.873016484169955032e-01 5.848702355539990849e-01 5.871731461096252325e-01 5.898457783778701113e-01 5.836646524357443910e-01 5.930103257202318234e-01 6.005058337782555045e-01 5.930369896708793664e-01
9.880726708898621147e-02 6.869281777402400091e-02 2.190988090172318603e-01 3.044992364358333203e-01 1.000000000000000000e+00 2.887013826705128183e-01 4.149328627222343413e-01 4.070161871299122214e-01 3.995993159283290352e-01 3.862601256274921790e-01 4.155775237662052701e-01 4.275788393451339653e-01 4.040501369762001804e-01 3.694904493555960512e-01 4.327454626498624668e-01 4.391990724494658771e-01 4.136801613548610757e-01 3.484803097600328581e-01 3.889894302007316229e-01 2.898445154913079080e-01 3.354804507474070108e-01 3.986967742501463796e-01 3.800086386310149722e-01 3.613920392496611789e-01 3.921837539217692958e-01 4.450026956545375945e-01 4.278674175335531182e-01 4.375429251747084969e-01 3.833028386507128515e-01 3.869047031840603945e-01 4.255003089948448114e-01 4.340865662831969729e-01 4.083050691911397911e-01 4.103519548451075027e-01 4.069410185544851677e-01 4.175880271712082425e-01 4.243830975148606410e-01 4.368387419358318313e-01 4.363072003797610066e-01 4.341831806392092985e-01 4.452662780954083632e-01 4.504175717429657611e-01 4.409594916315507929e-01 4.554292693581568074e-01 4.461911923879877118e-01 4.334940910562052330e-01 4.397129178329832189e-01 4.388015703133981149e-01 4.391570431170685462e-01 4.320462732774792980e-01 4.462244384828622512e-01 4.509792772864268384e-01 4.392375939621037118e-01 4.396693428460712316e-01 4.399148704227237028e-01 4.427330810404460082e-01 4.368506087251649572e-01 4.447435028504871934e-01 4.330563084525986817e-01 4.461524020971738280e-01 4.468770223849504730e-01 4.351357275749521691e-01 4.310838335075192207e-01 4.447145064850253071e-01 4.526470976538241597e-01 4.470358108269707476e-01 4.448870140902613790e-01 4.499945269202944576e-01 4.508226284413388019e-01 4.341920688431166186e-01 4.492814479980444808e-01 4.498464740851218502e-01 4.489249464402224610e-01 4.469273341550592527e-01 4.485352614037089181e-01 4.444179595254911797e-01 4.431907835404229612e-01 4.355642486606278729e-01 4.456914779913213054e-01 4.415240506843515211e-01 4.395393249922513457e-01 4.464056871020113948e-01 4.482037205492087062e-01 4.417173496222225326e-01 4.413510677125489501e-01 4.461597118036475518e-01 4.467072089925194223e-01 4.455014578463394881e-01 4.432061310124554288e-01 4.457384459359202689e-01 4.480024091828423982e-01 4.452976946834301675e-01 4.468835567245992846e-01 4.473075249997279235e-01 4.393645568141232305e-01 4.396925775527030789e-01 4.403752616237791018e-01 4.449258804365131548e-01 4.405755848037420375e-01 4.455643859570250775e-01 4.482913259590532995e-01 4.380191008901486716e-01 4.433546895763139650e-01 4.443502623046678424e-01 4.517062453447501236e-01 4.389801111486843488e-01 4.417725012168113863e-01 4.396242813286795892e-01 4.451167479346582745e-01 4.394771986868938329e-01 4.365896659990761708e-01 4.403196785034243499e-01 4.356371481890323194e-01 4.424858339496002824e-01 4.478232331801806354e-01 4.430235182761639301e-01
2.689184701517572176e-02 1.043326704824202728e-01 2.367899398279488254e-01 4.151193279216796039e-01 2.887013826705128183e-01 1.000000000000000000e+00 5.390917031698708728e-01 4.944480986314812587e-01 5.409831518955156016e-01 5.050102638335177696e-01 5.652939322711582060e-01 5.957058288161038995e-01 5.252298804279361688e-01 5.184136758243610421e-01 6.045728728708255062e-01 5.832739298436814268e-01 5.352127123758274596e-01 4.238474083351330690e-01 4.986207308464659649e-01 3.641773439518635747e-01 4.252488720809757816e-01 5.075398737016674211e-01 4.751943704227792886e-01 4.537521834523051134e-01 4.968701108627426866e-01 5.576240219437500478e-01 5.722079482621655888e-01 5.820021778974879822e-01 5.156988073603032685e-01 5.140639265211407460e-01 5.578210221155648352e-01 5.725710610889914731e-01 5.575126020716036912e-01 5.547418994140244086e-01 5.537583302590820544e-01 5.750495993113413640e-01 5.749819348701237232e-01 5.990501698489959503e-01 6.036111826259742408e-01 5.956356070275892201e-01 6.143089896694647889e-01 6.137869798319395276e-01 6.007541482757060569e-01 6.184207764630000881e-01 6.081936457660510609e-01 6.040026461227003818e-01 6.153018566533371425e-01 6.143411565705647615e-01 6.108940832651109654e-01 5.910249620521325076e-01 6.148485203693276890e-01 5.997717852970148034e-01 6.093296306785727090e-01 6.106551699876981987e-01 6.058395597948941225e-01 5.967787038345991890e-01 6.036738961047772856e-01 6.135981096027230963e-01 6.087796131959071211e-01 6.145854244079510531e-01 6.190031930509769520e-01 6.020631903763284942e-01 6.030735511496772006e-01 6.102746733340955743e-01 6.116259463911907224e-01 6.130002013243545100e-01 6.192864093453406271e-01 6.158072000831975590e-01 6.141713235323411624e-01 5.930601948151318359e-01 6.148144839089162428e-01 6.188395261265213776e-01 6.060615295918130307e-01 6.069206558016385644e-01 6.157486944056710376e-01 6.145604159319392190e-01 6.177288674412888536e-01 6.022815097275400209e-01 6.146442341220824668e-01 6.066943080443321090e-01 6.109405719560260239e-01 6.122305514658246128e-01 6.175897879203051666e-01 6.044857863187053093e-01 6.082375150659408147e-01 6.163702329175119177e-01 6.155181203966856307e-01 6.184529092228455704e-01 6.182588516628914066e-01 6.163117805434480401e-01 6.239993911591814602e-01 6.235816049571470954e-01 6.202520104241683319e-01 6.222768026121290319e-01 6.167020717373725702e-01 6.166023902223015662e-01 6.127265870150884197e-01 6.092239051234520364e-01 6.182184396015489858e-01 6.206699739965884088e-01 6.166472566364180619e-01 6.139219458712042998e-01 6.189856905917938690e-01 6.187291719580871874e-01 6.199882947991420812e-01 6.115716216800236582e-01 6.168821081617469337e-01 6.186105966735060413e-01 6.169183112886754694e-01 6.166985063671462930e-01 6.176699082758362325e-01 6.192478517335070487e-01 6.132575167084136636e-01 6.171080810504377956e-01 6.171239037774900460e-01 6.175206167358560094e-01
7.903521915828382038e-02 1.837723944127835352e-01 3.834158736708668802e-01 5.562709392545628351e-01 4.149328627222343413e-01 5.390917031698708728e-01 1.000000000000000000e+00 7.198555330463801694e-01 7.085007079832449373e-01 6.730770799177355768e-01 7.418085472006350489e-01 7.845487562805700810e-01 6.793871840477597734e-01 6.732753492659758754e-01 8.264867773451729516e-01 7.913575841361426555e-01 7.462733625674962123e-01 5.977348734499857708e-01 6.716770971334719009e-01 4.992385330606842753e-01 5.814550236313623666e-01 6.725910874361245018e-01 6.665744534685348333e-01 6.351862676827942922e-01 6.682774289529154199e-01 7.971112958270302196e-01 7.813684552716942955e-01 8.023135877577094455e-01 7.184385619970531378e-01 7.131029686492406094e-01 7.721450541577353777e-01 7.984018706083406691e-01 7.754641387718161916e-01 7.711350626365326422e-01 7.494543616911029105e-01 7.831955403527930404e-01 7.685948164280869133e-01 8.356008354750216194e-01 8.215791420980764759e-01 8.286244554535586726e-01 8.145302018072245742e-01 8.232009862073306206e-01 8.236635011846138443e-01 8.254675060332995473e-01 8.154755864851447322e-01 8.213117954824251665e-01 7.926945385753086937e-01 7.987594677512603880e-01 8.038855263762708647e-01 8.059705404787492755e-01 8.331444062497117553e-01 7.939767648441592440e-01 7.968707792763157771e-01 7.964267484825514609e-01 8.050872945960125815e-01 8.140468226372794547e-01 7.914482314867113955e-01 8.015738603586977096e-01 8.013011421165711079e-01 7.952300131335673372e-01 8.015458293326014338e-01 7.837228635398191257e-01 7.967227413572544048e-01 7.988879586925697884e-01 8.009087779192368695e-01 7.958456189993496910e-01 8.061542571069867380e-01 8.066223375133687590e-01 8.149070404973470794e-01 7.784478538663648362e-01 7.931542847353513226e-01 8.055583136509658626e-01 8.057673125346768161e-01 7.926527656043189651e-01 8.198443880879471291e-01 8.078070779451508310e-01 8.147050515937419579e-01 8.010934747579256943e-01 8.218859347658051817e-01 7.951027579498657349e-01 8.003795153144096508e-01 8.085742173446227588e-01 8.173982944829033537e-01 8.011530999714568946e-01 8.133295865659144752e-01 8.172527736256410824e-01 8.093807276380390325e-01 8.270820970909246173e-01 8.192624571523253740e-01 8.239298915392844203e-01 8.287685256282002477e-01 8.165659266099216662e-01 8.171222701586617898e-01 8.196272516151745791e-01 7.965832834129563667e-01 7.973802191113519289e-01 8.179342475294864023e-01 8.002557186490227847e-01 8.017194151174260597e-01 8.232145999353925880e-01 8.159392586642317813e-01 8.015554996648436292e-01 8.013540923251603054e-01 8.099794382444376328e-01 8.118624139975599840e-01 7.963350765551351351e-01 8.031404500785334077e-01 8.042446542591675795e-01 8.108862263165096396e-01 7.998084307634195644e-01 8.076403341570430605e-01 7.962172839238048638e-01 7.914800146631809641e-01 8.045359639318570011e-01 8.062701942921023379e-01 7.948330770090480391e-01
1.558361625917095150e-01 1.722043865884304858e-01 4.096183050433132578e-01 5.474069333022415496e-01 4.070161871299122214e-01 4.944480986314812587e-01 7.198555330463801694e-01 1.000000000000000000e+00 6.968796078670967953e-01 6.613797672896591928e-01 7.071580021612199340e-01 7.496212950555651844e-01 6.507981680381357270e-01 6.262320510948001795e-01 7.537658188568129303e-01 7.700289346146568237e-01 7.211772282510298115e-01 6.357684895004258596e-01 6.963300385233353040e-01 5.401572025468517335e-01 6.447693932381208803e-01 7.130236244285235170e-01 6.698286314538918207e-01 6.508001871882870271e-01 6.933529199440046087e-01 7.786997437350913209e-01 7.604517845825298217e-01 7.705275199853570678e-01 7.153043443061279927e-01 7.106116280097464211e-01 7.625048706967119116e-01 7.575156856596143573e-01 7.350265459055836947e-01 7.404549998385050458e-01 7.255933264929669280e-01 7.618172787177388550e-01 7.520407925197226673e-01 7.860091527287104141e-01 7.787851134293322097e-01 7.599282919646276335e-01 7.665732238874815030e-01 7.677275447482071469e-01 7.694471655685168887e-01 7.824872329113703451e-01 7.804544645358009181e-01 7.669885466585052436e-01 7.540920749558300828e-01 7.515345611894447275e-01 7.708451545306275188e-01 7.721980272307545912e-01 7.896619085614852152e-01 7.677689486337104796e-01 7.579679345204407559e-01 7.649517760623826268e-01 7.738714079590285344e-01 7.738075198135694333e-01 7.790740956328927602e-01 7.694296973256776750e-01 7.693409675628435362e-01 7.643625820607710120e-01 7.691945516152367546e-01 7.664593495719270733e-01 7.791348264044313243e-01 7.795036398035619651e-01 7.831536535404031163e-01 7.767731576733706289e-01 7.691259365590228381e-01 7.795772047052372811e-01 7.760858308546114692e-01 7.604849499433807836e-01 7.780639208224154890e-01 7.811049457460751411e-01 7.735261787633603836e-01 7.746762102740086808e-01 7.813496771190938661e-01 7.756005045421491273e-01 7.719506632926843581e-01 7.746460083744389769e-01 7.802887024471487631e-01 7.746164649007508674e-01 7.734550366976832292e-01 7.785773426908372263e-01 7.787324148607032148e-01 7.701940220983205521e-01 7.658057274789477065e-01 7.693084078373363388e-01 7.786507153358397382e-01 7.769265857421406851e-01 7.733753937873141249e-01 7.769716019656210948e-01 7.711307713557457033e-01 7.664920007602404883e-01 7.712551021716704813e-01 7.706360965411644948e-01 7.533304968273368818e-01 7.532665430205713886e-01 7.654176731054688210e-01 7.746192201112739317e-01 7.636111884577646558e-01 7.714308560142230098e-01 7.723912208833709769e-01 7.692940828515412166e-01 7.610047729003230899e-01 7.673757385970465528e-01 7.735500258761573988e-01 7.685801589812578660e-01 7.637070267487992004e-01 7.561616400491429912e-01 7.690031010468674211e-01 7.589386530728869928e-01 7.643686804192048045e-01 7.591913622790943394e-01 7.574123903048466389e-01 7.690535582423084771e-01 7.731731608930063615e-01 7.642150978059607525e-01
1.536486765049882297e-01 1.872205997679166067e-01 4.007484451316332685e-01 5.537142037041647979e-01 3.995993159283290352e-01 5.409831518955156016e-01 7.085007079832449373e-01 6.968796078670967953e-01 1.000000000000000000e+00 7.320891536033777847e-01 8.068613271165413492e-01 8.260207389854801185e-01 7.196241178283319107e-01 7.151173656963580871e-01 8.241611946663209842e-01 8.230025864851108208e-01 7.937083813355927386e-01 6.557150492593121216e-01 7.299856066970469293e-01 5.677382433211327628e-01 6.384334255610285558e-01 7.192791689591937487e-01 7.050680208040032149e-01 6.615191851577658655e-01 7.087374815874599721e-01 8.077613536619658863e-01 8.188579998514713409e-01 8.199476405998060713e-01 7.633606682575393432e-01 7.776431162038401901e-01 8.201328997245320718e-01 8.281326327837207346e-01 7.968612603830060870e-01 7.957720831881285317e-01 8.187184294912895899e-01 8.158801201698798744e-01 8.362843505409902622e-01 8.404821067239950372e-01 8.489102396391602356e-01 8.041642960454467026e-01 8.476098061001595685e-01 8.378071595846742214e-01 8.157528105728214518e-01 8.572429673810094686e-01 8.486747401428510473e-01 8.379964489992075549e-01 8.580020140553308305e-01 8.615712902771743842e-01 8.667319541447894293e-01 8.375557836331284367e-01 8.538947610500654539e-01 8.311246312931974689e-01 8.526451463801857367e-01 8.711466482237573139e-01 8.658669180570687240e-01 8.537991194127788619e-01 8.740887421136425139e-01 8.550568870649430941e-01 8.576010058311238637e-01 8.676099381278959966e-01 8.638799393437530671e-01 8.627613677698021677e-01 8.624049377008433659e-01 8.671361228286907918e-01 8.680149145502557007e-01 8.777376411001408529e-01 8.678261741399363460e-01 8.674777656485902488e-01 8.682540720946124724e-01 8.496565820723946949e-01 8.463788780397736300e-01 8.642491274091591569e-01 8.494570483482273282e-01 8.455617154925069157e-01 8.650467558539901569e-01 8.670188536324563433e-01 8.618797436634653142e-01 8.582102133425488777e-01 8.597791082055441514e-01 8.639835673496933932e-01 8.676587416288333854e-01 8.673771849736038320e-01 8.730522820824838659e-01 8.620920637546762855e-01 8.543315177105683667e-01 8.600451931962282970e-01 8.692895955666447572e-01 8.616114801792195133e-01 8.641066481923764808e-01 8.638832843354071755e-01 8.548528516427789103e-01 8.570021792580991837e-01 8.612024532593758330e-01 8.591893682285958178e-01 8.590014924408371222e-01 8.625168583467045513e-01 8.382399769232914410e-01 8.624448545347596085e-01 8.558281121576964967e-01 8.557518195094929725e-01 8.524222604921266599e-01 8.619725916953301370e-01 8.605817430741662388e-01 8.575030126446485657e-01 8.630826732178092930e-01 8.646709878018384865e-01 8.637861857246100783e-01 8.602728032990596407e-01 8.651400424205587525e-01 8.591194649964559726e-01 8.573309612483368536e-01 8.651606057930932847e-01 8.606235732177421882e-01 8.633540017645615627e-01 8.690730060794228384e-01 8.698999472804556099e-01
1.551146786503582176e-01 1.683733326213552872e-01 3.744550525220532999e-01 4.915075465070838368e-01 3.862601256274921790e-01 5.050102638335177696e-01 6.730770799177355768e-01 6.613797672896591928e-01 7.320891536033777847e-01 1.000000000000000000e+00 7.278914071293035581e-01 7.540291983828220079e-01 6.633928532734278960e-01 6.634197605553354693e-01 7.672885952158691181e-01 7.490735366905674208e-01 7.226608804348285675e-01 6.091408551885625355e-01 7.022929080799945600e-01 4.994086012075893422e-01 6.001275361474831538e-01 6.998178139212755111e-01 6.819752054344796477e-01 6.426850631670775194e-01 7.005774045751866907e-01 7.579804625913391103e-01 7.833471937728856416e-01 7.876649301924715241e-01 7.361250024891141663e-01 7.313332068956337473e-01 7.788823092927654734e-01 7.716157207830539599e-01 7.616930654193578842e-01 7.582574357698608214e-01 7.557809067221974431e-01 7.690926226836519719e-01 7.834281890673456816e-01 7.923460164820744778e-01 8.050363388431941436e-01 7.898739843031379326e-01 7.930597730548970548e-01 7.968578503260336232e-01 7.811470324445364266e-01 7.989765842541829421e-01 8.028792580711037186e-01 7.990171058332062870e-01 7.857660653197948708e-01 7.916331612690322705e-01 7.888071069677643488e-01 7.606697866044875855e-01 7.946484440980084996e-01 7.678081629066489944e-01 7.735434228167148429e-01 7.949108940451781180e-01 7.965252714367054843e-01 7.970394213512025372e-01 7.864656468758421948e-01 7.970248529131308546e-01 7.888727663971866200e-01 7.899675068344407247e-01 7.821382991193654988e-01 7.798547532921319414e-01 7.780880190578404187e-01 7.832322904948239017e-01 7.954754168020844451e-01 7.936580022126147327e-01 7.974047078575674519e-01 8.025014285138275527e-01 8.034371684267676006e-01 7.714204163600137942e-01 7.912469558885328880e-01 8.083867819443685265e-01 7.947515221589763756e-01 7.966890713313177219e-01 8.014881750412083949e-01 8.048953780317917861e-01 8.017681841409732835e-01 8.011074850227924982e-01 8.079633277479655318e-01 8.029165630149279753e-01 8.078234263170324114e-01 8.084454285646603955e-01 8.050136341477978075e-01 7.958326828706691058e-01 7.900815294112693010e-01 8.026526901408275183e-01 8.101839628999688570e-01 8.038046753095776653e-01 8.076910536536902052e-01 8.008473797447690501e-01 8.045949478877104655e-01 7.967636862222005067e-01 8.053309121227212319e-01 8.041707893499683291e-01 7.872499413492227704e-01 7.890421408379899582e-01 7.761396787313268320e-01 7.724056283034770320e-01 7.824519900856894417e-01 7.936435031092871073e-01 7.970442560674068089e-01 7.842829940057576277e-01 7.838800399622255499e-01 7.895168761493900345e-01 7.970582097326024407e-01 7.801011459201387943e-01 7.878879200598545296e-01 7.867089564315115080e-01 7.942361505616125639e-01 7.866246943723516072e-01 7.880522462266663641e-01 7.871082590474244300e-01 7.833070723807793456e-01 7.880397416390759746e-01 7.992518789677325319e-01 7.910579730782818508e-01
9.806545480065609333e-02 1.564503914346783153e-01 4.008934055560789966e-01 5.876713319654818246e-01 4.155775237662052701e-01 5.652939322711582060e-01 7.418085472006350489e-01 7.071580021612199340e-01 8.068613271165413492e-01 7.278914071293035581e-01 1.000000000000000000e+00 8.607238016377598555e-01 7.431143508377325846e-01 7.452275481585057815e-01 8.570183269986145769e-01 8.398020683122121577e-01 7.990765967739028586e-01 6.635450778973412955e-01 7.480282332693234393e-01 5.941316134953835704e-01 6.579174481643981220e-01 7.499527337965656848e-01 7.095906962703516507e-01 6.804155655115742274e-01 7.307932569820200230e-01 8.296936424572626256e-01 8.459711543030454806e-01 8.455267773787922270e-01 7.770474217955691820e-01 8.082357570610981812e-01 8.506254524167028430e-01 8.440032852326232460e-01 8.211858207550025712e-01 8.114480862387655202e-01 8.410209664139081109e-01 8.293640287510581910e-01 8.586461956125142070e-01 8.648755668112002581e-01 8.785683958722950715e-01 8.391997424560799779e-01 8.777729346458147397e-01 8.649553705613208798e-01 8.466343793188297884e-01 8.837404370973509504e-01 8.764253220085038709e-01 8.690110821046483913e-01 8.857498556859711991e-01 8.843111738308075953e-01 8.863596461935880910e-01 8.530418957594169127e-01 8.786057790720097627e-01 8.567334416584940771e-01 8.797234990970906887e-01 8.883238693044016587e-01 8.869360575571714200e-01 8.696932105795219803e-01 8.820123227477528749e-01 8.819894814822594187e-01 8.859357520710805511e-01 8.899093736911453112e-01 8.875813085418453596e-01 8.846837927070626550e-01 8.826501389368522910e-01 8.854699831575003621e-01 8.852014500083141835e-01 8.960480773745509442e-01 8.905609999849930514e-01 8.925021877964555150e-01 8.918132455679025350e-01 8.803881332455274489e-01 8.826429353929183819e-01 8.946190656967353272e-01 8.772887305850406436e-01 8.739353313838656989e-01 8.931616940254472059e-01 8.948120344744295851e-01 8.921749349155935205e-01 8.819704471156368797e-01 8.895225895511500447e-01 8.914533574132073035e-01 8.937270919601378871e-01 8.957712165521615200e-01 8.902487505184937255e-01 8.936993937947781408e-01 8.830634335720359829e-01 8.873627099199087320e-01 8.950189051540007323e-01 8.901099749654298732e-01 8.928245620616857003e-01 8.881719099161886621e-01 8.885116271056026083e-01 8.856679790392774088e-01 8.915857863485560086e-01 8.901435948421170252e-01 8.859803646620358908e-01 8.869945053636725252e-01 8.670569482763222924e-01 8.801199401581354387e-01 8.832506859934878829e-01 8.849418084585526367e-01 8.835434759985493214e-01 8.873347952625174617e-01 8.877415182822009365e-01 8.860676736774764084e-01 8.893312267660010706e-01 8.854252106596193217e-01 8.871272092742799042e-01 8.854795438590907786e-01 8.902208577191658145e-01 8.870550320303715042e-01 8.875221241411128670e-01 8.906039694777978522e-01 8.884632189694605664e-01 8.889168286265647367e-01 8.938497449427236230e-01 8.929635475619641660e-01
5.382779056665901174e-02 1.370345342659402277e-01 3.877203424028039525e-01 6.342612675372539810e-01 4.275788393451339653e-01 5.957058288161038995e-01 7.845487562805700810e-01 7.496212950555651844e-01 8.260207389854801185e-01 7.540291983828220079e-01 8.607238016377598555e-01 1.000000000000000000e+00 7.935132189198894626e-01 7.767476054956680143e-01 9.081146074619446118e-01 8.893305713489174646e-01 8.087730675121469481e-01 6.264144110550350364e-01 7.368744975984325984e-01 5.745546130717175126e-01 6.507678876512895672e-01 7.598578397432155240e-01 6.915508714274284374e-01 6.518202532994447074e-01 7.179291475533438049e-01 8.544545813921371469e-01 8.634201179461337139e-01 8.735722140204159603e-01 7.869653016128276279e-01 7.972254903339940357e-01 8.541961328930035569e-01 8.584461985520959182e-01 8.407857034706079924e-01 8.213366662527777917e-01 8.517593858267064055e-01 8.517096475169437797e-01 8.641416023558855519e-01 9.023528339797516340e-01 9.146307325118633313e-01 8.796179417720408900e-01 9.239099275248778831e-01 9.151737335989286182e-01 8.993187388216196121e-01 9.335437799881017851e-01 9.128902748184372085e-01 9.131225959135971237e-01 9.305932670073714386e-01 9.302704552710007180e-01 9.265750433004127373e-01 8.995996814759826821e-01 9.244594780280561697e-01 9.017768916960376968e-01 9.318723608158795413e-01 9.275805220178220400e-01 9.201675283830025309e-01 8.975812520519610427e-01 9.202484296330715186e-01 9.276963580516044416e-01 9.277682049669927489e-01 9.336626600150343958e-01 9.364634153030820807e-01 9.256234683758651771e-01 9.235896426523646507e-01 9.311073324940059015e-01 9.274107884597434515e-01 9.350556843732552581e-01 9.350133280650138046e-01 9.223783505879198374e-01 9.214197968020155782e-01 9.111045064806286842e-01 9.233465680304230316e-01 9.290863734779223337e-01 8.995159107099829354e-01 8.963707900722422961e-01 9.371027479146177841e-01 9.340763588733712597e-01 9.329577570245088936e-01 9.175295181341928119e-01 9.273539937412317302e-01 9.221013469204634161e-01 9.233115228499835236e-01 9.276127872456050305e-01 9.281064628203098410e-01 9.268907252583462597e-01 9.227568780411162797e-01 9.251817080294887363e-01 9.275714366696173885e-01 9.344419565924951820e-01 9.351289946173447776e-01 9.294422781457517546e-01 9.337343825950248366e-01 9.359279804047796469e-01 9.363177312073390768e-01 9.364306332802748711e-01 9.362623450481555309e-01 9.364902288322934920e-01 9.231939840034566469e-01 9.306249171172249479e-01 9.347308899639631408e-01 9.342425250359411848e-01 9.317412326385799970e-01 9.343092593552360103e-01 9.388954709258041653e-01 9.389396029838226188e-01 9.376173441348839566e-01 9.337327011600344839e-01 9.362319274528304591e-01 9.341531139377108328e-01 9.346061312473888938e-01 9.364137710373665602e-01 9.352711039083705380e-01 9.396229230050475723e-01 9.353536814953380407e-01 9.386075287847237547e-01 9.379553672037060918e-01 9.391790312284700182e-01
2.157067847666402360e-02 1.019469635309849520e-01 3.198454183324329070e-01 5.235700009735518856e-01 4.040501369762001804e-01 5.252298804279361688e-01 6.793871840477597734e-01 6.507981680381357270e-01 7.196241178283319107e-01 6.633928532734278960e-01 7.431143508377325846e-01 7.935132189198894626e-01 1.000000000000000000e+00 6.838822525683437847e-01 8.119388214632830003e-01 8.001103132731872680e-01 6.991657840698771720e-01 5.235825222145530367e-01 6.350833748378614807e-01 4.810564513498201134e-01 5.417132655896482740e-01 6.500452155341267524e-01 5.848404123711071767e-01 5.439584831794012088e-01 6.201523464436734523e-01 7.381324197415712884e-01 7.556084300111433061e-01 7.638482028965074555e-01 6.847953341738513000e-01 6.775889384862108233e-01 7.457043288526837843e-01 7.404109546591074453e-01 7.202311330618572649e-01 7.064597576841179505e-01 7.365486092156505737e-01 7.437632719691478211e-01 7.532354180054439130e-01 7.897580491122211388e-01 8.061761104287693547e-01 7.796083149013453006e-01 8.217929310649654262e-01 8.201405958002547791e-01 7.986620839261047156e-01 8.330031226694681878e-01 8.031703050509622077e-01 8.078856004663865775e-01 8.355054484897430633e-01 8.327480095799337789e-01 8.207512116461060936e-01 7.905471527336249693e-01 8.157271771937767424e-01 8.010730312871947589e-01 8.238648215260584440e-01 8.275712155110980239e-01 8.126419686721284563e-01 7.970091296160697336e-01 8.118357862102181244e-01 8.306270731876516100e-01 8.168585633474232388e-01 8.346795936978660402e-01 8.369816503360910653e-01 8.170755243678924362e-01 8.117265471729507853e-01 8.234296099779420119e-01 8.264349920891865819e-01 8.295773155230428131e-01 8.348712719743498489e-01 8.150969204226142795e-01 8.119909566886106544e-01 8.026144042492066033e-01 8.162760439519261002e-01 8.296628957434847296e-01 7.871664976312828799e-01 7.943033031143648115e-01 8.358194316410970659e-01 8.299083330782466295e-01 8.319593074303812674e-01 8.113600128712531445e-01 8.246753230066792284e-01 8.140568665178398167e-01 8.143221637085212850e-01 8.256560141653642715e-01 8.253748859838718754e-01 8.150998399079047996e-01 8.125407055148947677e-01 8.187982946051172162e-01 8.231873224735491990e-01 8.323386604749049011e-01 8.322328481409659862e-01 8.286058683864441221e-01 8.319162250096570066e-01 8.370534628477709349e-01 8.336907646972953057e-01 8.370446294662877706e-01 8.408355137009838609e-01 8.387539801408845364e-01 8.245238218422771270e-01 8.274524871366246703e-01 8.379573655746548333e-01 8.330564984494096548e-01 8.338439932031997959e-01 8.343938763715810225e-01 8.379185079122363211e-01 8.424783040364302034e-01 8.372646588274497148e-01 8.312456167250091843e-01 8.351458817306853799e-01 8.361522727364781860e-01 8.351650840442393919e-01 8.392039347622363143e-01 8.353956354209329804e-01 8.393857431432527605e-01 8.343038240236674286e-01 8.388973631133613829e-01 8.390814090295051209e-01 8.398336150814608159e-01
