1.000000000000000000e+00 7.976350504818360831e-02 5.611884130841688495e-02 4.291916049946583982e-03 2.568550390144348078e-02 5.087046142890304205e-03 5.600998277632020933e-02 2.317901853632324538e-02 1.374637595363323861e-01 5.719479684160538868e-02 3.152843811920672673e-02 -2.536244188806168615e-04 1.103645116496648065e-02 -1.314868662513960992e-02 -1.337912206323797152e-03 2.381575700675952686e-02 1.181956796489005562e-01 1.245377731894855983e-01 1.296094804338955020e-01 5.586947982415127467e-02 6.557309998259543138e-02 9.898560887290554222e-02 1.404341761497809038e-01 1.396989459972338699e-01 1.505800568905253378e-01 1.258056543106240710e-01 1.194155183481338534e-01 8.540794017899390467e-02 1.404959668088475999e-01 1.139059050780864280e-01 6.431118034084939983e-02 7.111681630154083333e-02 6.046295306672008069e-02 3.560159907187040312e-02 4.936856816058431130e-02 1.865954860810009608e-02 3.536222574577230215e-02 1.038800222205841887e-02 2.858173930051877837e-02 1.175079578385069060e-02 3.771725399656560701e-02 1.761277980359094580e-02 -1.358797849660332673e-03 1.904369246073783078e-02 4.215961259801236094e-02 1.959871527195792065e-02 7.181747087542973348e-03 2.118630351943213627e-02 1.697104292341447898e-02 2.902775940767290605e-02 2.344929760697922819e-02 2.214916261853088625e-02 2.765363625090216590e-02 3.838771162415061805e-02 5.066548887888153163e-02 5.704805515178609787e-02 7.158565134219485593e-02 1.038268930438565087e-02 1.584875887955286902e-02 2.183538196315202781e-02 5.049633944542426464e-03 2.810059469251072195e-02 2.488628370880492310e-02 3.172257364983637612e-02 6.243971268714688244e-02 3.705358696232603777e-02 3.007058135532099039e-02 4.071247661803750056e-02 4.339702432029619861e-02 2.969988635349374642e-02 3.226163647034700072e-02 4.740744627125415001e-02 5.062707051987121870e-02 6.294326008781449266e-02 4.507269089114589872e-02 3.473967656437824264e-02 3.940584254495276689e-02 5.280791842922331891e-02 4.098819987677104065e-02 4.914058024479256437e-02 4.644168415077305073e-02 2.836942079638622369e-02 4.171177538383490785e-02 2.361690525229844309e-02 1.765883309810947766e-02 1.753403491791716978e-02 1.232417250943003244e-02 1.200523363713940778e-02 1.237130934650279394e-02 3.244707630416844568e-02 9.867786564788741735e-03 1.845597696293770421e-02 1.081771257887029040e-02 9.350134807772759668e-03 7.423126807168604901e-03 1.258952471878829055e-02 2.267765243265942171e-02 4.605326226200182060e-02 1.848529356143163715e-02 1.337553715999673098e-02 7.375815406832794859e-03 2.359874754328467744e-02 1.057114324390543737e-02 1.298812135363552542e-02 1.490523728634305690e-02 3.924860121386992973e-02 2.168179330698426915e-02 2.511694192546728988e-02 2.406683912224156716e-02 1.399900591454969999e-02 8.093691295362562613e-03 1.511593624490966889e-02 1.480416655030704527e-02 2.214944892042384345e-02 3.571752882049968741e-02 2.016024061968597902e-02
7.976350504818360831e-02 1.000000000000000000e+00 6.222887895904190975e-02 8.313825115661335752e-02 8.529386214809224487e-02 1.066164650123670038e-01 1.262686271794097037e-01 1.084135207531182754e-01 1.670739591819503100e-01 1.877596662539375849e-01 1.321602347134410715e-01 1.429446100817639009e-01 1.371358242191616228e-01 1.488225401654709734e-01 1.452140188165368384e-01 1.309728331244578992e-01 1.572006882790543958e-01 1.378171175093420298e-01 1.417132088568326953e-01 6.402975039687550107e-02 1.232753450157175745e-01 1.314698138140792116e-01 1.407068305955028464e-01 1.259586339225209906e-01 1.374837667624737858e-01 1.822688134381310054e-01 1.553899181080848901e-01 1.668213895745843112e-01 1.823193612811758735e-01 1.727480985858686202e-01 1.644788074037716319e-01 1.602838388775190415e-01 1.662984309349747059e-01 1.560486512516932323e-01 1.536422193845030648e-01 1.451088393447132474e-01 1.598054924367222907e-01 1.608109742170432122e-01 1.562847321772627418e-01 1.520329226664585975e-01 1.604037470565986834e-01 1.566050435965367915e-01 1.346935163340362840e-01 1.423217267283793941e-01 1.538694928425902164e-01 1.537285767865520514e-01 1.528494023347794495e-01 1.558940997696121877e-01 1.537680000216155862e-01 1.684285630250715315e-01 1.590766734274599581e-01 1.387781486729700586e-01 1.424422939031873003e-01 1.574474099424270912e-01 1.543461557376404336e-01 1.631492046481828606e-01 1.456867572845498560e-01 1.472855694140352278e-01 1.559712718479656091e-01 1.458822931861348815e-01 1.404616568161714263e-01 1.485483781766320233e-01 1.474337170829685129e-01 1.589451679127712458e-01 1.499034030993323385e-01 1.479095480025546805e-01 1.600361410042281385e-01 1.550355702743071717e-01 1.537662913134260068e-01 1.397803838183916680e-01 1.452067175152778333e-01 1.555577153920917610e-01 1.426315921027551947e-01 1.526402129317863954e-01 1.610569915000217012e-01 1.566798604333662637e-01 1.579612472215216890e-01 1.699871161727792845e-01 1.593928167020575160e-01 1.592941068403803673e-01 1.577697244827520606e-01 1.586413402854321975e-01 1.585111321485457581e-01 1.534705995249181776e-01 1.484148089810798099e-01 1.526858424846769258e-01 1.521880067517507318e-01 1.509883092844499508e-01 1.539583697900923642e-01 1.627247530762196137e-01 1.472979074841867519e-01 1.538872806874598542e-01 1.526901295889037669e-01 1.502705318728701500e-01 1.528181292941624414e-01 1.550222928154687541e-01 1.430418674223808695e-01 1.490946242289312995e-01 1.466703083237670124e-01 1.532219137244142937e-01 1.417381500906916281e-01 1.474975370781483885e-01 1.525140959152462838e-01 1.460882224923618078e-01 1.443321759423620287e-01 1.491139746276865796e-01 1.539673989082777361e-01 1.562782205887824627e-01 1.581405499335956644e-01 1.546836232933433419e-01 1.527168009741222965e-01 1.494827160683509237e-01 1.503461389569101803e-01 1.494174253571027289e-01 1.502648543919046231e-01 1.475136608042809661e-01
5.611884130841688495e-02 6.222887895904190975e-02 1.000000000000000000e+00 3.156456670976899859e-01 2.334025428877000430e-01 2.721648863318490985e-01 3.456081768951382860e-01 3.189620419039985166e-01 3.497445509773297045e-01 3.246571625616330725e-01 3.603870724365421108e-01 3.787393723083520847e-01 3.347369940085475060e-01 2.783976107393549282e-01 3.740510120213205170e-01 3.789330888720401913e-01 3.617762224411905647e-01 3.413808919010384857e-01 3.752513519293536048e-01 3.040444714802458259e-01 3.527454911193040887e-01 3.856121328105656110e-01 3.551033383314035063e-01 3.586935209547029157e-01 3.691764336157398185e-01 3.767668605590792086e-01 3.684019421725622245e-01 3.819026862989204352e-01 3.715793138466013112e-01 3.678911026753124425e-01 3.819870135864921190e-01 3.910090135968344871e-01 3.821874146440455422e-01 3.770327670448652135e-01 3.740223453712820390e-01 3.711381671526336468e-01 3.789774017787992944e-01 3.889802640504679832e-01 3.895873855583727452e-01 3.799118902085697469e-01 3.807613624456808177e-01 3.795481908165541651e-01 3.862090044655269727e-01 3.815708180274525740e-01 3.898947210212962422e-01 3.796696189954422151e-01 3.717770687084492875e-01 3.744131704144279538e-01 3.792293641190047082e-01 3.877254684609032220e-01 3.871184258971859249e-01 3.810029190612923000e-01 3.853306806074030533e-01 3.689769577931049094e-01 3.691489002629825267e-01 3.772577633037632605e-01 3.724558676342838437e-01 3.716113015605062575e-01 3.766693133504808721e-01 3.768293243709091023e-01 3.831512169943913637e-01 3.756061095949551620e-01 3.734731966365587019e-01 3.829190956368935250e-01 3.853723292284028656e-01 3.725753740744225939e-01 3.793920092674188949e-01 3.856260229042560161e-01 3.903353749370570003e-01 3.921930506754895407e-01 3.910971696419660582e-01 3.876592884639482040e-01 3.939809861453417161e-01 3.902260438644811757e-01 3.828887794797423139e-01 3.914061984876266997e-01 3.875422985578623747e-01 3.811808613521855404e-01 3.861875403452652011e-01 3.782211539233309994e-01 3.875073776456548491e-01 3.864103573328747654e-01 3.849434528131531752e-01 3.914621410904491894e-01 3.939624160216456672e-01 3.897109446149592538e-01 3.785544893465553895e-01 3.905126513149841938e-01 3.860564582587543425e-01 3.766102290533334673e-01 3.921256445449220474e-01 3.863859137074303618e-01 3.795439490628888524e-01 3.827571405061578891e-01 3.775406357079054698e-01 3.761360423928982177e-01 3.833559152508335122e-01 3.810203612998265821e-01 3.788059959619098360e-01 3.844558548115714625e-01 3.826297006199369521e-01 3.758702465241662294e-01 3.783269720685111248e-01 3.800322633049871279e-01 3.830844962269681631e-01 3.723386379988322115e-01 3.777140339931359669e-01 3.729953898886970709e-01 3.765948108625513657e-01 3.762694694436623521e-01 3.747898651807984316e-01 3.764205818303281159e-01 3.751485425880035085e-01 3.822396952928546754e-01 3.798453115560815330e-01 3.789090578782026708e-01
4.291916049946583982e-03 8.313825115661335752e-02 3.156456670976899859e-01 1.000000000000000000e+00 3.476605904305237749e-01 4.355911533188446816e-01 5.744694725332061269e-01 5.778241955031446775e-01 5.265135788978434483e-01 4.921789271934255972e-01 5.785312659810327718e-01 6.449854875049295666e-01 5.573518188126240780e-01 4.360492755245118368e-01 6.117311545575002674e-01 6.193421096723832342e-01 5.387017798888472653e-01 5.497623420283443973e-01 5.501779203956954634e-01 5.872114845550209239e-01 6.147147120325858749e-01 5.993477352435248040e-01 5.554719985991217746e-01 5.649208573280261048e-01 5.523095804568223244e-01 5.265210810046249135e-01 5.688907628567326791e-01 5.660371765113501041e-01 5.232265846515867791e-01 5.590167031592647717e-01 6.036603594559146746e-01 6.043448212157590538e-01 5.653905235501753834e-01 5.890361279831630714e-01 5.680780133517642216e-01 5.850223925834134864e-01 6.005793347158489004e-01 6.032956803591401629e-01 6.060528850082863572e-01 5.893454442052973308e-01 6.047674011577310882e-01 6.029825349480517627e-01 6.304857595042313578e-01 6.257836193509566103e-01 6.113423981078770497e-01 5.995799993365953373e-01 6.093206652871764328e-01 5.939431927734479810e-01 6.003163265654276604e-01 6.041839952981301609e-01 6.094445596392017439e-01 6.296874775174512440e-01 6.304096493358289921e-01 5.700740094003655667e-01 5.679093764570282143e-01 5.839330499563025745e-01 5.849912785502336954e-01 5.946196914857420079e-01 5.909911924133677275e-01 6.085638065399260332e-01 6.186342064792844653e-01 5.993726061683559703e-01 5.979626894709845208e-01 6.038330774603476447e-01 6.111156643738108185e-01 5.995833233388917494e-01 6.011451883130894958e-01 6.044981221489547085e-01 6.191141127491867069e-01 6.501253644111082419e-01 6.301872636075716017e-01 6.073481390445181205e-01 6.234193300930841453e-01 6.107478012002535150e-01 5.976225274579554103e-01 6.124699379906578534e-01 6.166605315152122735e-01 5.900725234271607667e-01 6.166708139341383621e-01 5.996399502939718795e-01 6.145984120776684101e-01 6.112357643213812697e-01 6.175502788078474081e-01 6.160742013010760409e-01 6.306432007899903658e-01 6.172469637104027740e-01 6.060724567865145573e-01 6.247011885007737186e-01 6.151191576524069893e-01 6.006382232550560030e-01 6.277165300194555986e-01 6.184275450851168809e-01 6.113819630810191086e-01 6.145852931834918653e-01 6.084846623567015111e-01 6.043660464015219169e-01 6.328209415657921610e-01 6.177456896787726359e-01 6.130555205857043388e-01 6.171972820229730816e-01 6.284275761476553201e-01 6.177346811646277080e-01 6.188692384191424312e-01 6.168276616223132836e-01 6.266054086390357991e-01 6.101213406487854263e-01 6.071233907479814951e-01 5.933930894934424938e-01 6.023659568571508860e-01 6.077114067694177058e-01 6.110008336047840771e-01 6.091695551629331407e-01 6.077900716613058307e-01 6.197393085695044324e-01 6.057990180764897259e-01 6.140707236206053299e-01
2.568550390144348078e-02 8.529386214809224487e-02 2.334025428877000430e-01 3.476605904305237749e-01 1.000000000000000000e+00 3.095087214167134282e-01 4.674853593018608033e-01 4.581051802284070718e-01 4.417430818036134355e-01 4.063776642101220582e-01 4.661714987141018507e-01 5.002351963622229114e-01 4.762486646115972611e-01 3.700440891882537664e-01 4.942787999644838171e-01 5.037378012217256229e-01 4.429903828833906543e-01 4.192375623326915490e-01 4.496289374801679672e-01 4.165075569459105176e-01 4.616340207724660694e-01 4.665752969941313610e-01 4.327363444783002278e-01 4.226239221126712464e-01 4.297096659265487451e-01 4.477989806593723476e-01 4.411872994777840673e-01 4.608221619930969459e-01 4.386684266395683984e-01 4.613692102753012003e-01 4.823794355018306002e-01 4.890883521038457693e-01 4.656608612417746929e-01 4.789333874488130305e-01 4.572089941332392882e-01 4.828182852457051921e-01 4.892910273289857170e-01 4.953999192657295159e-01 4.979373330815557996e-01 4.817379437262823139e-01 4.926740360289055820e-01 4.947755680228285158e-01 5.084407087129364511e-01 5.111145600015927215e-01 4.914053278097977873e-01 4.972010466258262595e-01 5.019881427000453256e-01 4.896121946637232436e-01 4.941689650272392820e-01 4.956516564464571450e-01 5.023461314761720198e-01 5.105996143178861413e-01 5.057458153002407641e-01 4.926542017154129094e-01 4.840327128212129071e-01 4.919947606172194732e-01 4.946642312606988612e-01 4.966652569924321359e-01 4.951292182998216496e-01 5.033605705153625376e-01 5.117522805195636737e-01 5.012548587597290828e-01 5.012339551836604290e-01 5.060748612524015311e-01 5.041243677181739269e-01 5.024772661322887135e-01 4.940277062793927421e-01 4.938237550369576900e-01 4.948862700236150158e-01 5.038721966581130030e-01 5.030918371594265137e-01 4.947728994847588324e-01 4.913650219917792272e-01 4.900758412072690473e-01 4.936797481062099036e-01 4.931215499627654153e-01 4.963451639731870091e-01 4.898812764668031838e-01 4.988269630963745316e-01 4.917281087838324960e-01 4.913137321759288856e-01 4.967820545649977437e-01 5.007379131947982120e-01 4.871399115971388749e-01 5.009816462661109693e-01 4.961778684612533352e-01 4.984849342095405422e-01 4.997131786583249302e-01 5.012045856436648794e-01 4.927544475232337740e-01 4.926515878484736266e-01 5.029014994088731871e-01 4.983003467258298458e-01 5.011563179572121607e-01 5.009618748541126987e-01 4.993974400557547044e-01 5.075048522920223570e-01 5.069634491542364119e-01 5.051798667695874823e-01 5.045427095625480973e-01 5.107857978730657722e-01 5.075666189340938272e-01 5.010729256273173116e-01 5.042268199747218516e-01 5.105284271784712447e-01 5.064440893497439422e-01 5.021897331239687512e-01 4.964500499483948670e-01 4.989007367133773130e-01 5.015934955184264687e-01 5.019245341267043470e-01 5.047330744306337547e-01 5.026415925760030490e-01 5.096877195198907806e-01 5.030840678491691476e-01 5.070750635879757162e-01
5.087046142890304205e-03 1.066164650123670038e-01 2.721648863318490985e-01 4.355911533188446816e-01 3.095087214167134282e-01 1.000000000000000000e+00 5.566406684520315284e-01 5.135356758521466558e-01 5.633058728441848739e-01 5.173121216875670170e-01 5.565455381209063468e-01 5.793396358609714802e-01 5.392717673611358009e-01 4.654417663700939345e-01 5.941381484778514022e-01 5.926512902632580237e-01 5.606404774523228163e-01 5.303664094170341681e-01 5.724144617965091220e-01 4.480677937027895963e-01 5.306053870149433083e-01 5.828589925710798703e-01 5.299155246322652113e-01 5.359181180725528515e-01 5.516113363966921312e-01 5.852758528012732553e-01 5.862217922774076717e-01 6.011225300539709826e-01 5.788320136392572923e-01 5.902206925321155095e-01 6.162727942341398313e-01 6.024136830037275514e-01 5.729736932228939317e-01 5.761634061252199901e-01 5.875729638604775262e-01 5.944247007149487949e-01 6.046330234986818652e-01 6.118407559537570872e-01 6.197945613088777783e-01 6.127262440804983612e-01 6.275832734992439210e-01 6.210951858464072162e-01 6.185063425664535375e-01 6.246928077341755703e-01 6.199727582180935004e-01 6.206985212295751397e-01 6.125324691256581744e-01 6.225708671747914869e-01 6.107720654740843580e-01 5.961162105993760285e-01 6.143674392268930751e-01 5.912450200262313604e-01 6.129868323964273724e-01 6.116064842364657972e-01 6.122153115295240200e-01 6.190711002620126191e-01 5.988806668587487447e-01 6.154789216989171585e-01 6.170078768439010153e-01 6.192700167627838148e-01 6.180797231559755911e-01 6.193284843328172862e-01 6.169098615089936288e-01 6.195675592025474687e-01 6.182895690445779913e-01 6.139377519280808659e-01 6.227853587973454230e-01 6.272991348429465264e-01 6.184304912781214414e-01 6.132497392447637807e-01 6.267274413278269840e-01 6.269094083861345146e-01 6.138136964181610811e-01 6.173552134046041973e-01 6.259518611504220065e-01 6.296530971424474377e-01 6.302589583834735665e-01 6.274568142260463777e-01 6.253495693724486770e-01 6.274809584164493526e-01 6.243602277757391850e-01 6.244399147689339014e-01 6.248088198633171553e-01 6.228837443391372908e-01 6.163715123454556188e-01 6.156408665082467868e-01 6.204322407878545276e-01 6.271702416836921756e-01 6.281278323571186650e-01 6.286040944017384779e-01 6.233409372340471544e-01 6.272475217356110466e-01 6.255160366409754369e-01 6.275705787120140489e-01 6.232484732628759128e-01 6.246187120293449357e-01 6.209180930172372159e-01 6.105344484237164027e-01 6.229675940191735650e-01 6.252263596861318273e-01 6.267088124466205779e-01 6.246734254911653350e-01 6.193166636917644130e-01 6.247803479878127897e-01 6.220003933099654825e-01 6.202829437016218472e-01 6.227413905661233207e-01 6.235570135799581859e-01 6.298402236160598466e-01 6.219438141411436360e-01 6.267540926112571409e-01 6.231801489185633258e-01 6.248504265515945066e-01 6.230759124259603876e-01 6.210234133704427562e-01 6.206959755433576476e-01
5.600998277632020933e-02 1.262686271794097037e-01 3.456081768951382860e-01 5.744694725332061269e-01 4.674853593018608033e-01 5.566406684520315284e-01 1.000000000000000000e+00 7.139198195467967301e-01 7.365611360520575301e-01 6.862560453154975537e-01 7.690346378712078490e-01 8.079621650409534173e-01 7.442507575617471893e-01 6.134764017853882034e-01 8.386260638991809291e-01 8.002359415358568651e-01 7.223157442438751241e-01 7.084525771187450971e-01 7.577013492282438367e-01 6.801467519468255007e-01 7.329077551908702581e-01 7.819116769652154630e-01 7.282237042149067863e-01 7.311992319408276986e-01 7.394472487972068020e-01 7.630434223502631230e-01 7.834130636427151240e-01 8.047565472730685565e-01 7.571653100197840436e-01 7.839066723612658771e-01 8.251913233253455049e-01 8.121240419932842514e-01 7.729448046919822346e-01 7.784485645701769707e-01 7.823961747159384750e-01 7.624051538447629284e-01 8.072549263079561443e-01 8.223992212795980805e-01 8.248519870771584550e-01 8.069749338728793298e-01 8.280348385818213641e-01 8.350631474420218137e-01 8.287904796852373357e-01 8.407692331765136418e-01 8.255897388634364509e-01 8.335664937007721820e-01 8.267029308867460680e-01 8.259990265630179351e-01 8.195453538782688785e-01 8.013468809441880447e-01 8.227274697418788252e-01 8.085303895597629742e-01 8.257466419855522544e-01 8.187650891371491824e-01 8.085506343631725379e-01 8.195091336606524779e-01 7.947641257378105228e-01 8.271485808389811289e-01 8.257019754275239931e-01 8.268289352515548751e-01 8.309104675977898591e-01 8.237532949049987119e-01 8.238830814458175666e-01 8.178258911820134314e-01 8.204729704633463294e-01 8.227201538455184426e-01 8.228907006254171375e-01 8.323501562038279067e-01 8.361961882341943930e-01 8.406782468513801510e-01 8.368358039129616399e-01 8.300023185191707231e-01 8.305344314351654766e-01 8.228241141763996680e-01 8.309428561542936409e-01 8.375902854868713110e-01 8.456550643211843132e-01 8.259824664956292306e-01 8.399562115687078112e-01 8.303566582600689916e-01 8.369074612567102278e-01 8.334305058493189922e-01 8.301612346794893238e-01 8.364782364480761734e-01 8.371368334872444361e-01 8.274366915352655560e-01 8.240931001299983683e-01 8.419478410137313240e-01 8.346686947820415314e-01 8.290175284012413215e-01 8.429046777777583488e-01 8.416750169463181885e-01 8.316062527181536934e-01 8.402260976667860204e-01 8.294791480179988241e-01 8.304482106902997263e-01 8.238736324742920170e-01 8.091096938875680378e-01 8.253930064971025660e-01 8.314898783803912341e-01 8.328439099943928392e-01 8.272695032447058283e-01 8.289273678566357884e-01 8.325895172980896097e-01 8.290502290849524059e-01 8.160939160441086360e-01 8.267353224769565800e-01 8.295779955202704503e-01 8.324974104592118840e-01 8.285986434552483626e-01 8.344015131229127746e-01 8.292452515727744000e-01 8.291114518211339934e-01 8.267816201186707348e-01 8.207249526037491139e-01 8.263466576092541871e-01
2.317901853632324538e-02 1.084135207531182754e-01 3.189620419039985166e-01 5.778241955031446775e-01 4.581051802284070718e-01 5.135356758521466558e-01 7.139198195467967301e-01 1.000000000000000000e+00 6.958625701603364799e-01 6.464803739216243850e-01 7.248200699315756612e-01 7.826874231211061739e-01 7.070076867904488971e-01 5.695935044694164784e-01 7.859622146662346154e-01 7.922568813098975760e-01 6.908409981488276008e-01 6.898405460592242910e-01 7.182318560293931009e-01 6.346490875409073196e-01 7.374902345619915867e-01 7.583629843314246832e-01 6.936728589632804587e-01 6.969536683610475514e-01 6.971377938812847175e-01 7.094531236309612465e-01 7.192645993933876047e-01 7.328469882467324448e-01 6.951435590399401843e-01 7.359748686191839306e-01 7.672756822642590180e-01 7.795277614730640181e-01 7.205172747503295616e-01 7.501346400496903266e-01 7.428306727683194888e-01 7.517623185197050972e-01 7.706257261366186162e-01 7.782351964725970905e-01 7.858868031025447731e-01 7.659183039827511807e-01 7.793347977958128281e-01 7.797669311329371578e-01 8.039997085159542589e-01 7.999201425228309459e-01 7.802231629044027450e-01 7.874419970089864274e-01 7.903833752389488598e-01 7.856211456472350640e-01 7.823056700912949246e-01 7.685640915284559505e-01 7.876888038754770172e-01 7.699076472056335385e-01 7.848454116931641300e-01 7.765635330131857028e-01 7.768048755626961732e-01 7.786497599350583609e-01 7.847577063422944699e-01 7.938990137603666453e-01 7.901849122632238487e-01 7.932909466486613992e-01 7.990682558547825831e-01 7.989738906762333670e-01 7.949559942100982157e-01 7.900315924359617714e-01 7.903336540723296944e-01 7.934808007176344935e-01 7.872686530769326119e-01 7.895771314992480194e-01 7.926136421786000863e-01 8.030558817615321976e-01 8.001536368664760035e-01 7.893543756350641649e-01 7.889146022031138239e-01 7.764236544716955901e-01 7.800864297160899907e-01 7.892107738681169993e-01 7.899286476668715418e-01 7.738421052652751930e-01 7.893509560350852050e-01 7.836271238105163572e-01 7.883595433544829945e-01 7.888547596443100662e-01 7.971154277872232186e-01 7.859897132974988931e-01 7.907481599660143301e-01 7.895915887901320263e-01 7.858556174360721291e-01 7.959508304998146322e-01 7.909118075436988304e-01 7.880179168757122099e-01 7.874540723005610809e-01 7.949193212545896392e-01 7.893346497300005593e-01 7.923402297046385767e-01 7.902975016898891036e-01 7.903581673578401467e-01 7.919375252077436311e-01 7.873978658519300566e-01 7.927237227041348255e-01 7.925441247553987045e-01 8.000971245410815058e-01 8.023607043991032306e-01 7.885561432248002767e-01 7.971698134812248426e-01 7.935596129510124053e-01 8.000028249335443542e-01 7.912622649433282973e-01 7.837466165281760100e-01 7.915333508283690644e-01 7.957235119787249289e-01 7.979398516655058504e-01 7.962900680199369585e-01 7.991027036965445696e-01 7.987399088942563896e-01 7.892769146721336782e-01 7.950936935794784555e-01
1.374637595363323861e-01 1.670739591819503100e-01 3.497445509773297045e-01 5.265135788978434483e-01 4.417430818036134355e-01 5.633058728441848739e-01 7.365611360520575301e-01 6.958625701603364799e-01 1.000000000000000000e+00 7.482971696606809386e-01 7.883858058182295903e-01 8.144712164413409061e-01 7.587378755414413423e-01 6.316396327754684181e-01 8.209317208246325048e-01 8.296914212282313628e-01 8.262071372243555700e-01 7.698671045205207619e-01 8.224566303760061370e-01 6.536281661229252915e-01 7.276754616276600585e-01 8.301919323602486855e-01 8.005842889113873317e-01 7.975643794027517108e-01 8.208162847639642878e-01 8.344595286087320707e-01 8.210652110569983675e-01 8.260575873347419940e-01 8.216358973378784514e-01 8.526176420051679861e-01 8.617002160605982120e-01 8.630547987259675757e-01 7.912805588732025885e-01 8.234661796680379231e-01 8.102994618849846953e-01 8.180763921782101544e-01 8.569167567313760170e-01 8.490592826591577547e-01 8.603484383989243867e-01 8.193692839173436493e-01 8.586220522646988984e-01 8.517745807211315467e-01 8.434028354152045548e-01 8.646442173560612288e-01 8.693759696700462669e-01 8.587149942537052327e-01 8.607234318529324302e-01 8.682611635300221398e-01 8.673112670750618980e-01 8.424712971954555485e-01 8.596881158649861687e-01 8.280128367078496421e-01 8.540379397844327647e-01 8.674191975923741804e-01 8.658388197276281062e-01 8.754273903960462233e-01 8.665897230766289594e-01 8.592828614796051978e-01 8.665534998590016524e-01 8.689372308585409099e-01 8.598336870544514010e-01 8.724586694211701188e-01 8.652268589983811431e-01 8.723479451461362277e-01 8.730062355483909631e-01 8.696279380373617141e-01 8.743188121486996645e-01 8.752844968125802483e-01 8.750308779348553445e-01 8.597006427976061627e-01 8.651883728600857637e-01 8.773654783724172956e-01 8.749536645688111847e-01 8.780405678031955041e-01 8.750252466060388645e-01 8.713766474212982782e-01 8.696820705824455100e-01 8.697453720947446731e-01 8.722450079743355733e-01 8.739278321423322726e-01 8.741359808108477569e-01 8.704870554858703535e-01 8.767241404950327777e-01 8.555020459020323820e-01 8.572602003531226700e-01 8.654416158717642693e-01 8.636491763072469130e-01 8.585128579845285879e-01 8.672450756968936858e-01 8.653579832525244431e-01 8.522600437512629634e-01 8.656553847132683055e-01 8.662876026124434192e-01 8.642030859152465272e-01 8.648139126847430580e-01 8.673113734581353595e-01 8.453818633471477106e-01 8.541211264611426879e-01 8.617928709028465084e-01 8.601896667281537789e-01 8.605671917972944618e-01 8.642541167523334344e-01 8.603538214892946234e-01 8.648204659257807680e-01 8.607773518114157918e-01 8.614762291134905325e-01 8.694804713471595559e-01 8.714772715605839659e-01 8.689880806932115398e-01 8.637438806177610839e-01 8.607711940681426199e-01 8.682139457622513046e-01 8.664885702470271900e-01 8.673625188462973368e-01 8.711931656035228899e-01 8.656746826891169588e-01
5.719479684160538868e-02 1.877596662539375849e-01 3.246571625616330725e-01 4.921789271934255972e-01 4.063776642101220582e-01 5.173121216875670170e-01 6.862560453154975537e-01 6.464803739216243850e-01 7.482971696606809386e-01 1.000000000000000000e+00 7.351383562519560044e-01 7.560534802831027079e-01 7.104465092043315000e-01 5.802931046681402139e-01 7.708658528239626939e-01 7.674673181464359839e-01 7.317075107885913088e-01 6.624315652950110156e-01 7.291879562618595045e-01 5.926951995259265304e-01 6.593581426988228689e-01 7.316855913230708719e-01 6.988198557484780471e-01 6.923764828361915757e-01 7.155179704249537975e-01 7.617055946823569901e-01 7.470535080067773892e-01 7.488949332188027386e-01 7.357874760490463739e-01 7.803084414312784212e-01 8.005988981143552508e-01 7.904287964371626840e-01 7.252271450936451647e-01 7.534733481624783513e-01 7.469345266376866688e-01 7.497121375071621463e-01 7.894861829828750954e-01 7.880030901175884006e-01 7.943135757433711364e-01 7.536854968414403722e-01 8.021669743336491409e-01 7.914540829362373131e-01 7.811111142299802523e-01 8.017264042160470172e-01 7.980070068722708854e-01 7.988043399910287334e-01 8.066567577848471338e-01 8.155377252346486250e-01 8.053029650404296413e-01 7.684336803403478688e-01 7.985627646177546612e-01 7.501174425058858564e-01 7.806733807924530755e-01 8.119277691992392576e-01 8.054239590454530529e-01 8.068182319105957623e-01 7.870482098790483327e-01 8.055331507063231422e-01 8.110256580500868617e-01 8.109006957597926224e-01 8.037057183315785558e-01 8.140355143441628805e-01 8.098612948231995734e-01 8.098404202559031928e-01 7.980945948187713190e-01 8.065763854608978267e-01 8.130273971723587234e-01 8.120436606997150086e-01 8.074137982161714300e-01 7.952202454194562398e-01 8.002947535652552569e-01 8.085698487045449578e-01 7.990665268223282602e-01 7.994908308665684693e-01 8.123969574828756590e-01 8.090708245601475612e-01 8.045886409333098399e-01 8.052144957238672740e-01 8.069746492263752957e-01 8.129895975042548129e-01 8.111272336200051614e-01 8.149642240790831993e-01 8.085998433576286892e-01 8.009103422216722334e-01 7.953841980930234090e-01 8.039421139433685637e-01 8.054874482099616539e-01 8.016743474586023321e-01 8.087553285336627207e-01 8.062527713679282781e-01 7.915933723847007331e-01 8.087902770656769658e-01 8.071705474603574348e-01 8.082591091291249086e-01 8.118691646123715744e-01 8.148879490104555812e-01 7.794532215939362629e-01 7.870970948045965532e-01 8.040837997155981798e-01 8.038458117890480148e-01 8.009852579556567820e-01 8.049559459020348973e-01 8.042811260358688763e-01 8.076728746339252307e-01 7.964049388927287865e-01 8.004557181622230511e-01 8.123589120913513595e-01 8.140560454189365025e-01 8.134089739131205032e-01 8.118255758589951743e-01 8.095976561070741262e-01 8.122267640102989184e-01 8.140866499909229503e-01 8.065948488924813420e-01 8.063691045430242399e-01 8.069979326949145992e-01
3.152843811920672673e-02 1.321602347134410715e-01 3.603870724365421108e-01 5.785312659810327718e-01 4.661714987141018507e-01 5.565455381209063468e-01 7.690346378712078490e-01 7.248200699315756612e-01 7.883858058182295903e-01 7.351383562519560044e-01 1.000000000000000000e+00 8.576653129191865732e-01 7.904176365526806025e-01 6.358529430365758017e-01 8.616723566840525095e-01 8.414685714346077372e-01 7.890676966844530904e-01 7.464132926722558681e-01 8.044827242344350093e-01 6.830930797825607304e-01 7.463714596240083043e-01 8.251226307948983374e-01 7.738196202445146721e-01 7.716315798431806483e-01 7.943103409932178449e-01 8.181050195885088971e-01 8.363728337356211018e-01 8.447576043233504528e-01 8.030374993712986464e-01 8.450977366576001293e-01 8.938525041716312014e-01 8.636437110866882483e-01 8.099434393633803131e-01 8.336894216142360925e-01 8.367800069264081930e-01 8.280259625496062537e-01 8.734096964250449568e-01 8.763425606724679628e-01 8.816522636802354151e-01 8.523809763567066211e-01 8.857483048363352651e-01 8.843724203304411668e-01 8.740567714068969707e-01 8.926505316601384132e-01 8.879544056307103750e-01 8.881653293974205443e-01 8.912085941160722280e-01 8.916725175939490544e-01 8.884711797597009131e-01 8.606785536625325417e-01 8.825915761553448924e-01 8.579532501911889542e-01 8.816979438156449245e-01 8.782518803801244722e-01 8.747035571573907875e-01 8.850392663092713219e-01 8.543208665491385245e-01 8.838359876168241369e-01 8.867829933840278844e-01 8.915358761222016426e-01 8.873787044002461322e-01 8.867403395407522648e-01 8.838822681980680329e-01 8.839448331739910847e-01 8.802429401417031229e-01 8.810926918154160514e-01 8.911991466546255181e-01 8.943006579585818239e-01 8.933855167219665327e-01 8.864344422875097829e-01 8.923701938586483529e-01 8.952215974137075483e-01 8.856681999643907233e-01 8.885460846575791161e-01 8.971385338820396793e-01 8.987173833965733660e-01 8.978547919582515746e-01 8.862729358005012603e-01 8.938554539156003953e-01 8.936376136415361549e-01 8.966741528177630816e-01 9.006306343127692404e-01 8.907576884021072283e-01 8.898671753076915492e-01 8.899862081278481218e-01 8.906125549429814159e-01 8.938070016532611017e-01 8.957700315082175457e-01 8.974637189624797839e-01 8.900656656953819246e-01 8.949411031836577157e-01 9.008741671483393443e-01 8.973324111979631423e-01 8.988833168939359686e-01 8.952206351116092087e-01 8.960476023931032152e-01 8.813343678684077975e-01 8.739974825843935813e-01 8.915869809749963348e-01 8.925930842838636359e-01 8.931967581898391240e-01 8.903252271765426107e-01 8.929597483487056175e-01 8.965086900320615726e-01 8.915139412221093629e-01 8.789174302823409279e-01 8.932658870733996004e-01 8.942524843258534695e-01 8.962006289390658242e-01 8.952687375207648568e-01 8.952268364880294760e-01 8.939580168846106289e-01 8.938644684516682259e-01 8.922437790369611710e-01 8.892557390084038227e-01 8.908528100542250083e-01
-2.536244188806168615e-04 1.429446100817639009e-01 3.787393723083520847e-01 6.449854875049295666e-01 5.002351963622229114e-01 5.793396358609714802e-01 8.079621650409534173e-01 7.826874231211061739e-01 8.144712164413409061e-01 7.560534802831027079e-01 8.576653129191865732e-01 1.000000000000000000e+00 8.299874353057091758e-01 6.752717824481573317e-01 9.077543698631185265e-01 9.033455142237590829e-01 8.257532291127767099e-01 7.760805389087821471e-01 8.218128382576360691e-01 7.420374713457654758e-01 8.137783753470014814e-01 8.568959189172691282e-01 7.937488938043684161e-01 7.957143575272040970e-01 8.053713254372598662e-01 8.218903231064239590e-01 8.400533905340260565e-01 8.502187919072013988e-01 8.124973445877019529e-01 8.615731143497789013e-01 9.122168291563189646e-01 9.025435285770128102e-01 8.383881152655027202e-01 8.779335175933010715e-01 8.646593095085213232e-01 8.822628470388618194e-01 9.147175197242944922e-01 9.135047038844940070e-01 9.230736351651198657e-01 8.820708869310687206e-01 9.133514446642106988e-01 9.140611334737107629e-01 9.281741392420046477e-01 9.353300722774833265e-01 9.224430246809636191e-01 9.234475893421058013e-01 9.328540849973195881e-01 9.272554661344450944e-01 9.290048612364169012e-01 9.064956107846441347e-01 9.252702801692868073e-01 9.109714202231202762e-01 9.245394122520104174e-01 9.119972275007075524e-01 9.069373869170841429e-01 9.091667450984829424e-01 9.059878793254168006e-01 9.223461471903070530e-01 9.267423116413708861e-01 9.343271151311554057e-01 9.386459363537028588e-01 9.299236813093085807e-01 9.277990200362553619e-01 9.309883800639522367e-01 9.244185038649413988e-01 9.290505370121717732e-01 9.303770017964778649e-01 9.249865956674410139e-01 9.315228312428184276e-01 9.366270820048576695e-01 9.336048639373327740e-01 9.268362317007181606e-01 9.237517826089337580e-01 9.154132219718260632e-01 9.224014478005858608e-01 9.286818876863381922e-01 9.260164797033701989e-01 9.157403547425553292e-01 9.262553861395773636e-01 9.223320288789763621e-01 9.291531678022368901e-01 9.341725427864628895e-01 9.315898567274381037e-01 9.278599946631183037e-01 9.305156405015644339e-01 9.325282511645596184e-01 9.339784049764174867e-01 9.311161230388801391e-01 9.364619890908253419e-01 9.188063170477547281e-01 9.251777537635632598e-01 9.334768096671774984e-01 9.340540485743712429e-01 9.348687642922608454e-01 9.348720548275051279e-01 9.328285706597017057e-01 9.202446473603790311e-01 9.207838697136163653e-01 9.327684432145650906e-01 9.326764860842708948e-01 9.358494256465377248e-01 9.343802322289121998e-01 9.327399833067470114e-01 9.364794573500889729e-01 9.360694591026658129e-01 9.227993882800501479e-01 9.332981908763603451e-01 9.277552539553759470e-01 9.286867379658158006e-01 9.328507171107710549e-01 9.306764334304096220e-01 9.362024377556649180e-01 9.340064609982063892e-01 9.368836943798610761e-01 9.312068280889795879e-01 9.352273833745615716e-01
1.103645116496648065e-02 1.371358242191616228e-01 3.347369940085475060e-01 5.573518188126240780e-01 4.762486646115972611e-01 5.392717673611358009e-01 7.442507575617471893e-01 7.070076867904488971e-01 7.587378755414413423e-01 7.104465092043315000e-01 7.904176365526806025e-01 8.299874353057091758e-01 1.000000000000000000e+00 6.108490332525624567e-01 8.441719758067742774e-01 8.347883709071496350e-01 7.635291739935611277e-01 7.150733232423815977e-01 7.676574822428212652e-01 6.721338616606388205e-01 7.355083172704766081e-01 7.838068846226460273e-01 7.247696442199406119e-01 7.364644242269829943e-01 7.477975703617771863e-01 7.670418504464883158e-01 7.719829556053995345e-01 7.837401280100145806e-01 7.464152837331418100e-01 8.058001948208722842e-01 8.387129837611225769e-01 8.387232668914077482e-01 7.722997388925356699e-01 8.083184896861176361e-01 7.983499475807395163e-01 8.088140128918649419e-01 8.433828623548873527e-01 8.408051924823357615e-01 8.507719612977058254e-01 8.095595889809551471e-01 8.481776238697098513e-01 8.488694318649911974e-01 8.528093811655885759e-01 8.647777035776891275e-01 8.477957420469471872e-01 8.535039874869801979e-01 8.645241707635300532e-01 8.587493302718659516e-01 8.624883516322213728e-01 8.370240291693119561e-01 8.549829336062281238e-01 8.414328081324907727e-01 8.549658313700575496e-01 8.462758699738752721e-01 8.411994743085966508e-01 8.420045232439421490e-01 8.341318963897406125e-01 8.570647116753040695e-01 8.582089331460764914e-01 8.675753714904178571e-01 8.650968221414724324e-01 8.602908659572426897e-01 8.555291158404594309e-01 8.601895677240468663e-01 8.544932251804358003e-01 8.567842296365139054e-01 8.594126789963693058e-01 8.566229171544952337e-01 8.579026446587427746e-01 8.562416862562478581e-01 8.591422562843795685e-01 8.557717576652819069e-01 8.494359343399242590e-01 8.479409981803048835e-01 8.558323145844047852e-01 8.569817638156635997e-01 8.535706143518736466e-01 8.470046986272093958e-01 8.548118185372937106e-01 8.540179868060860935e-01 8.595861412170688887e-01 8.632371709558785966e-01 8.582142308106398554e-01 8.507304699671371928e-01 8.554244149014391674e-01 8.597362562153052501e-01 8.647692442421408554e-01 8.584064572439928931e-01 8.648891232574817955e-01 8.517947720832048653e-01 8.502084814532465673e-01 8.644528591348004110e-01 8.641830123937598307e-01 8.653646528310294794e-01 8.653545872092461844e-01 8.655572541552442045e-01 8.500438151757021554e-01 8.486217609327684208e-01 8.610061245548098485e-01 8.620300492142107807e-01 8.671036227333296376e-01 8.618467414765432766e-01 8.643440146799412638e-01 8.662138553122552542e-01 8.638154077649908835e-01 8.531551489244280084e-01 8.637339124112188848e-01 8.607150994120793541e-01 8.616902318120160942e-01 8.647298480066587523e-01 8.639710228986356988e-01 8.669494107370423475e-01 8.661072541562988558e-01 8.658230831813983341e-01 8.608275437347123749e-01 8.640128841538700089e-01
