1.000000000000000000e+00 6.438445957137585440e-02 7.935088006108954872e-02 5.268039469352427812e-02 1.184187122941641416e-03 2.289964325961055952e-02 7.632638684168726630e-03 1.471508186235856094e-02 1.167655527347252753e-01 5.829184203581716517e-02 7.198459739425783557e-03 2.149086687164891013e-02 5.801015400002856003e-03 -4.054469936021131045e-03 -1.889403758941254462e-03 -1.163336613025841518e-03 8.976976120831599293e-02 1.215786506706950307e-02 -1.447248357683147274e-02 4.521552811659330234e-02 1.831981676158865938e-02 -6.274633872528898038e-03 2.514759508634947446e-02 9.545637449891404558e-03 -9.491190027122576797e-03 3.471239922747294815e-02 2.870106072725607180e-02 -4.706189084385468610e-03 6.890704845700146297e-02 7.458806678599285388e-03 3.950571797730306756e-02 1.625311306487802962e-02 -4.272145449877275125e-02 -3.066251498842449685e-02 -3.575640414684756740e-02 -2.943799679975021497e-02 -2.895213379393992564e-02 -2.252791339514815389e-02 -2.006769985749687693e-02 -6.015524036774146793e-02 1.594391813657458287e-02 -1.473769873340693634e-02 -3.534236949203678479e-02 -1.935483567661005220e-03 3.246709508116085849e-04 -3.680681938036957455e-03 1.231972035332776043e-02 1.700198493071935005e-02 1.550406657416809539e-02 -3.397185726647859727e-02 -3.879321633841306184e-04 2.460898554926372640e-03 1.315511331426362680e-02 4.138598374106543243e-02 1.881050539340019256e-02 1.067424982535176975e-04 3.832874523417161006e-02 1.392780908375898172e-02 2.172913945022938650e-02 3.754303098324071608e-02 7.971260841347166393e-03 3.604251386205863106e-02 1.002919949735058686e-02 3.040118703015952384e-02 4.491193848450433790e-02 4.746146748293872397e-02 2.219465327759903225e-02 4.429990378530026737e-03 1.716372489940675566e-02 2.202021634815307799e-02 5.503665421975983919e-04 -3.900697648471685482e-03 7.880673096799737862e-03 1.524779824593923720e-03 1.203459896742736963e-02 1.798303077137668876e-02 1.589077729265952338e-02 3.558757671211375956e-02 1.464758563895739163e-02 2.586291032202343507e-02 1.044540223243179723e-02 1.729590919384467462e-02 1.757623911451457188e-02 -8.178505274019375743e-03 -3.323307665639379377e-02 -1.447296553869817023e-02 -6.242602360531232346e-03 -1.126035819840085460e-02 -1.076537187104677738e-02 -8.189023926535228884e-03 -1.859128303550319425e-02 -4.528597412677362426e-03 -5.005600996176224650e-03 -4.444248979108787571e-03 3.808246165657508918e-03 9.492670750817696138e-03 -3.773771583160850929e-02 1.285060405130185671e-02 -1.067754650145007374e-02 -1.215407887155732503e-02 -2.199081577135710702e-02 -5.226888418921724414e-03 8.791336517853853838e-03 -2.941435343328978151e-03 -4.151949754980437807e-03 6.169851914573970877e-03 7.593682739963632071e-03 1.264519295689124807e-02 7.349690489176654781e-03 1.037579505293931108e-02 5.707069944681052512e-03 2.077779012704594405e-02 1.666398619327965139e-02 4.584518423234362587e-03 2.801991753968498602e-02 2.549077606429639778e-02
6.438445957137585440e-02 1.000000000000000000e+00 9.807567999133787184e-02 1.443851827078189431e-01 1.232046753938661338e-01 1.235467666497299666e-01 1.590878338676862402e-01 1.421691330824118860e-01 1.805433027876019725e-01 1.716307195305524502e-01 1.593622111655964568e-01 1.754279803784612179e-01 1.592267816563196769e-01 1.159264881817304860e-01 1.729652508236069752e-01 1.630019233102625031e-01 1.584510136547852555e-01 1.751182196371783850e-01 1.480028508616540450e-01 1.652129110873925277e-01 1.618353519929360274e-01 1.612215277935724056e-01 2.080767476403561911e-01 1.709008764460270280e-01 1.697781656439803777e-01 1.918460053824221079e-01 1.861163849685855687e-01 1.812415179683658228e-01 1.883327683067787528e-01 1.740114979345633861e-01 1.814347800802982580e-01 1.777283959367786381e-01 1.609402367572827508e-01 1.642125897802797496e-01 1.638752516400833747e-01 1.595327049550789300e-01 1.705648749317827673e-01 1.615510182207452183e-01 1.702604412954328572e-01 1.676974972620734194e-01 1.782321972529458953e-01 1.740583182370568638e-01 1.700555012301529501e-01 1.675781309535239738e-01 1.747230227797205715e-01 1.761757492597149644e-01 1.714265509435882184e-01 1.768997192750065284e-01 1.678631600177267480e-01 1.440491868876624393e-01 1.669544568878239543e-01 1.519202520947941504e-01 1.621020105099021946e-01 1.848781782151802111e-01 1.808879363760006187e-01 1.849754453903101337e-01 1.647487814758763214e-01 1.660868882298361937e-01 1.768543878706996808e-01 1.753782399599960462e-01 1.636902000288751602e-01 1.732096502673663441e-01 1.662177412494153239e-01 1.649529707896323916e-01 1.728254374148183725e-01 1.736792394468118228e-01 1.707418761937074814e-01 1.759993679714638437e-01 1.793288240641042475e-01 1.829669136998942625e-01 1.772429740655696861e-01 1.735042486164854181e-01 1.783242688787965990e-01 1.825328725034376098e-01 1.810764707048237165e-01 1.823503900409336742e-01 1.842255808135384310e-01 1.858242332519068896e-01 1.822874895658710415e-01 1.837789546776718574e-01 1.793205630835198183e-01 1.772388169114858802e-01 1.852535879037423006e-01 1.716305046070890905e-01 1.596063999744870843e-01 1.673574155054806945e-01 1.793202978057306107e-01 1.709066164288760015e-01 1.739615870565080491e-01 1.827596570957123467e-01 1.745030926809253702e-01 1.741991285564846448e-01 1.733979567146197442e-01 1.733585860059172756e-01 1.692512019393738465e-01 1.750763806450428839e-01 1.555843225537173469e-01 1.578142102310045314e-01 1.629788044615115561e-01 1.640828023271690417e-01 1.716592667928802385e-01 1.644003008045569203e-01 1.674027653785211955e-01 1.655945087921656678e-01 1.645895053753855530e-01 1.691232407601086229e-01 1.697310997171291025e-01 1.793034367876141233e-01 1.823472310410708397e-01 1.699542328697839222e-01 1.769838128711970215e-01 1.722555645326592222e-01 1.713952279427181369e-01 1.670925826194122610e-01 1.698406591491360418e-01 1.719247583101579657e-01
7.935088006108954872e-02 9.807567999133787184e-02 1.000000000000000000e+00 3.141632043162742027e-01 2.017118805432363549e-01 2.842368732788873031e-01 3.685042306137878421e-01 3.448873401539727657e-01 3.720436520564052163e-01 3.386395911468189635e-01 3.770867804634268627e-01 4.066349861196751347e-01 3.742475655614874164e-01 2.982099551515033364e-01 3.986265407976449238e-01 3.975577098327015002e-01 3.721953913437135997e-01 3.930714267191331435e-01 3.721503629208572361e-01 3.210647963894591173e-01 3.965517569813962195e-01 3.913221082462253197e-01 3.961501110007562554e-01 3.661065373764667008e-01 3.773013740476165445e-01 4.178177694304969769e-01 4.047744978557885065e-01 4.027370425248629204e-01 4.057032498118932629e-01 4.119464248411418561e-01 4.214106229564419936e-01 4.178398982766256542e-01 3.823229899014932154e-01 4.052868763641707672e-01 3.901865795203255383e-01 4.090045119036473387e-01 4.074891529505667020e-01 4.053445398352376605e-01 4.092112401539770294e-01 4.043438185157281484e-01 4.109664481630398991e-01 4.070359673850882931e-01 4.123381960619818543e-01 4.086880729000736401e-01 4.160895082439351467e-01 4.051467837094450131e-01 4.010224180706115082e-01 3.976448856310825786e-01 3.976557893039539548e-01 4.066460567500729262e-01 4.142466228664909988e-01 4.096721494321438617e-01 4.028698246556974283e-01 3.968985424352860503e-01 4.036383335199840161e-01 4.156806483139270370e-01 3.977965787843880108e-01 3.984221425667480165e-01 3.966093245599305872e-01 3.983544834787393074e-01 4.090170731019650008e-01 3.969427275501016816e-01 3.996329903323237454e-01 4.074578496611451217e-01 4.104693226358080982e-01 4.051286505962894413e-01 4.014695941452917083e-01 4.107147288269024088e-01 4.110913153706987622e-01 4.090507714985888721e-01 4.149000474731556198e-01 4.099904766436034409e-01 4.061781554247676507e-01 4.104854392276458541e-01 4.104008030158877163e-01 4.136619904998254382e-01 4.108141313397007943e-01 4.050193143124224959e-01 4.059464300074445697e-01 4.155927864946595274e-01 4.050291470449032261e-01 4.043222492933296608e-01 4.138860794419927380e-01 4.095013494211438565e-01 4.129884835270312138e-01 4.136832574255145389e-01 4.151057072917338497e-01 4.081615866722058672e-01 4.097546860087190046e-01 4.110273623915954300e-01 4.102026674619569380e-01 4.078368593598179492e-01 4.100703817708423737e-01 4.084704217300000884e-01 3.992060358918033680e-01 3.987416187422609948e-01 4.065367174324798771e-01 4.038107268863849186e-01 4.047801399290279489e-01 4.054890917232289449e-01 4.101475099125308499e-01 4.036877189340526417e-01 4.025571287059359071e-01 4.081800255842710778e-01 4.136542766359730394e-01 4.035418541749744015e-01 4.028213444726043146e-01 4.031621934206308100e-01 4.058956982285242820e-01 4.002366904289699767e-01 4.026934953997412525e-01 4.020330851631848668e-01 3.983451702759885360e-01 4.070589126247824430e-01 4.094842646897385863e-01 4.073923753041490126e-01
5.268039469352427812e-02 1.443851827078189431e-01 3.141632043162742027e-01 1.000000000000000000e+00 3.639806836828930470e-01 4.419457024789352761e-01 5.722415105044569295e-01 5.721843453665411694e-01 5.584477218840717683e-01 5.123948990001173653e-01 5.952815951256983373e-01 6.344416050818961761e-01 5.704887030813241555e-01 4.558247192454721319e-01 6.249252791015637021e-01 6.312965741837958111e-01 5.825445489862458581e-01 5.629254800864991193e-01 5.594976778142999319e-01 5.142539019150388357e-01 5.936205718463211101e-01 5.847607325955677116e-01 5.845845832324920721e-01 5.415230343547607905e-01 5.602091937922334397e-01 6.486695747699353642e-01 6.359547280990734963e-01 6.324335847869131388e-01 6.491645025034040728e-01 6.283200468042652309e-01 6.383287890919427943e-01 6.361176083492312561e-01 6.076801548098104133e-01 6.212803173102450227e-01 5.954280847181221414e-01 6.152270013150010763e-01 6.213389068772516843e-01 6.276467330357186070e-01 6.370433016534841064e-01 6.162072541335762432e-01 6.313215894879827816e-01 6.466453476303756220e-01 6.360949630585700509e-01 6.485483199392305664e-01 6.384676922785367248e-01 6.378789453736264381e-01 6.278370709015458351e-01 6.205960099563865295e-01 6.151302956354044449e-01 6.176246720792094580e-01 6.388850560438198434e-01 6.347837818294645995e-01 6.358152161523388246e-01 6.159766611611965370e-01 6.216803807652312441e-01 6.473545309216727217e-01 6.067423525412786178e-01 6.277995944628369518e-01 6.200141181977858462e-01 6.310207592965009216e-01 6.391786524969907957e-01 6.244095839096912570e-01 6.224465445685446463e-01 6.321060259584536656e-01 6.399661346761152947e-01 6.325732382298526746e-01 6.326678166914652124e-01 6.324042734574449875e-01 6.386997251881463278e-01 6.447045966113947868e-01 6.438400515621928166e-01 6.336438636693831894e-01 6.249332748730949127e-01 6.307818827232349879e-01 6.465996127903236301e-01 6.443566911936435826e-01 6.476960022777151771e-01 6.498633906451098952e-01 6.340305705431947825e-01 6.427411776781618569e-01 6.408602118098317701e-01 6.358841798683076973e-01 6.425158379523392416e-01 6.394056920105003483e-01 6.389885928032380535e-01 6.385253474053371736e-01 6.420702063062582177e-01 6.435036001526592830e-01 6.403494762328966194e-01 6.415406194233868042e-01 6.414826227622013599e-01 6.411411838220066883e-01 6.402513228720487781e-01 6.407804884732433148e-01 6.296983201740834479e-01 6.284733625321338168e-01 6.291974915890348186e-01 6.318599342729004364e-01 6.340403747675696922e-01 6.370091694972473961e-01 6.391207546286754582e-01 6.357127169459276805e-01 6.364033681843613843e-01 6.410287293380869666e-01 6.446437392672518252e-01 6.294684826844183512e-01 6.313484086103056114e-01 6.318752324271308396e-01 6.364850470530849513e-01 6.330879030086093984e-01 6.331255602696793661e-01 6.354981257070970724e-01 6.289184612197132873e-01 6.369304861349480706e-01 6.400278114885272762e-01 6.388469733401928030e-01
1.184187122941641416e-03 1.232046753938661338e-01 2.017118805432363549e-01 3.639806836828930470e-01 1.000000000000000000e+00 3.403379907935616400e-01 4.520512692265904464e-01 4.566479530284834332e-01 4.406940198667961828e-01 4.135759423555455117e-01 4.682708029989334220e-01 4.898623594393112235e-01 4.612356455972744795e-01 3.570050499096417695e-01 5.051398549747020406e-01 5.032268726944815196e-01 4.576870791515236236e-01 4.393705523039168059e-01 4.462021985076717878e-01 3.627635341168602978e-01 4.600207359145712105e-01 4.631676396572085852e-01 4.288727417680092135e-01 4.095053616795759077e-01 4.409041216477230241e-01 5.033685246141470504e-01 4.869051843086281695e-01 4.747349444172387356e-01 4.890969743841612760e-01 4.795976860003570708e-01 4.947843842144176718e-01 4.873137997995222737e-01 4.478517267339351959e-01 4.639980926275030781e-01 4.489446477361848653e-01 4.660308250425225229e-01 4.787047274041102973e-01 4.925452149373822919e-01 4.958714211643975855e-01 4.783456226750199547e-01 5.037435702521706471e-01 5.084262773002260483e-01 4.997637058242949126e-01 5.128773102522191651e-01 5.049447686585003536e-01 5.012310424216848137e-01 4.995183483484408882e-01 4.965254525339781178e-01 4.980684779934536621e-01 4.937633982132538235e-01 5.083524039177819143e-01 4.908096195060733247e-01 5.100501036934749211e-01 4.914391066331273983e-01 4.974505913385310896e-01 5.072389288176304412e-01 4.898087573381382231e-01 5.026899545473915154e-01 4.974603851124597131e-01 5.025253155384264980e-01 5.089634556384780018e-01 4.968923153084670585e-01 4.980321691337886159e-01 5.005938703904220244e-01 5.000572315365557907e-01 4.998004216000149214e-01 5.010709783018761909e-01 5.030670752833280579e-01 4.994193659937582463e-01 4.998735204052913161e-01 5.099591145874292630e-01 5.039726906921540017e-01 4.910180564398103908e-01 5.014515185514510920e-01 5.129641268158940948e-01 5.092182294241323071e-01 5.079435865747635725e-01 5.065767785447591320e-01 5.007156424318354171e-01 5.042335465253389160e-01 5.031951466647209825e-01 5.031563953973634540e-01 4.982797886771809792e-01 4.964634200506646278e-01 5.005263985425674189e-01 4.948443563787156552e-01 4.981323369833918768e-01 5.089383291796142350e-01 5.025798825363048117e-01 5.061582352772253657e-01 5.032219600180799501e-01 5.095657556350250417e-01 5.058347599806125583e-01 5.036251900624336697e-01 5.045627892960879990e-01 5.004666768373906560e-01 5.084916064925235624e-01 5.075109109366016114e-01 5.100620016245844823e-01 5.114965365914686535e-01 5.073446960293299668e-01 5.109721961874560403e-01 5.092393732137777684e-01 5.122957937863414912e-01 5.092870156069606580e-01 5.045318602503920946e-01 5.073510044725224599e-01 5.014832003262508220e-01 5.059622881541049333e-01 5.073934412805078953e-01 5.020236311990400324e-01 5.048588833482887672e-01 5.028919870612920118e-01 5.090179183036027677e-01 5.046983716040233103e-01 5.056339046943224558e-01
2.289964325961055952e-02 1.235467666497299666e-01 2.842368732788873031e-01 4.419457024789352761e-01 3.403379907935616400e-01 1.000000000000000000e+00 5.601722933206065846e-01 5.200584745211387361e-01 5.508196352251558681e-01 5.181275081968940155e-01 5.775814493979612996e-01 6.041770756962308031e-01 5.487922414154858819e-01 4.522355392205847369e-01 6.021508693434757253e-01 5.912691028884083932e-01 5.427638993998288308e-01 5.243702259805650412e-01 5.144978256635549529e-01 4.653871213228382153e-01 5.342106879020588339e-01 5.318764865015566112e-01 5.388433479768363066e-01 4.923558091424041772e-01 5.173302804464882110e-01 6.075746494768646810e-01 5.982091615849123301e-01 5.828821746280921090e-01 5.880709820506290209e-01 5.844318028377565311e-01 6.081316184551691650e-01 5.961669054859265460e-01 5.475715788621412505e-01 5.630228470827103315e-01 5.460852584081973271e-01 5.745364261847704102e-01 5.846343872347471438e-01 5.917349599455811182e-01 5.993659130307052996e-01 5.815466939840688854e-01 6.099440442594453726e-01 6.026967137711801703e-01 5.986777844939299431e-01 6.100477946545911356e-01 6.052461965678226363e-01 6.078227560130123885e-01 6.106850439383736395e-01 6.115641832204437023e-01 6.094959617873469959e-01 5.801798375003779373e-01 6.108050763279203599e-01 5.816781689807631883e-01 6.091908389795502865e-01 6.109604937402814961e-01 6.059786351198040988e-01 6.094561367783355443e-01 6.041956734731996903e-01 6.099090219374448951e-01 6.127841082732768951e-01 6.139030062080024219e-01 6.173556906582011727e-01 6.154084627146096942e-01 6.130699794385672252e-01 6.132865358251989862e-01 6.075300897080829765e-01 6.164525581462709791e-01 6.100030839448092879e-01 6.090950644132684388e-01 6.096848740012095202e-01 6.118190955521336516e-01 6.096182378385892608e-01 6.053064775177015022e-01 5.937474791199247592e-01 6.023395162139905112e-01 6.230233455000774301e-01 6.186849613217554333e-01 6.159644407154726276e-01 6.175195180805916895e-01 6.091098428858158220e-01 6.107435024086635966e-01 6.143236867748841368e-01 6.147746113536526336e-01 6.098907905512043204e-01 6.044257280555126455e-01 5.996811938921405849e-01 6.030665993344060949e-01 6.097263631515653648e-01 6.128129466589725682e-01 6.101521535389567985e-01 6.116414096379484411e-01 6.093191461774118967e-01 6.163052337006070802e-01 6.127625038231775401e-01 6.140372247799515959e-01 6.153535498660908099e-01 6.145442472546598367e-01 6.044189267881299177e-01 6.122158120001298665e-01 6.141644553098487558e-01 6.110352491195574220e-01 6.123417463860230114e-01 6.159620172319435483e-01 6.128396626311752859e-01 6.135838213841665612e-01 6.129102731373974322e-01 6.155594631752788759e-01 6.167971892403001366e-01 6.150003892102658964e-01 6.195119495137333399e-01 6.155855047422840176e-01 6.144486962610808956e-01 6.169491265893715104e-01 6.158682214237057861e-01 6.143426339277708870e-01 6.132864357151566193e-01 6.173735123019808979e-01
7.632638684168726630e-03 1.590878338676862402e-01 3.685042306137878421e-01 5.722415105044569295e-01 4.520512692265904464e-01 5.601722933206065846e-01 1.000000000000000000e+00 7.065975128625934243e-01 7.390582282461779506e-01 6.941284015114653760e-01 7.829864030910025363e-01 8.124691426700438868e-01 7.380354161921391931e-01 6.064712739312863032e-01 8.455136593129002343e-01 8.068153802217266080e-01 7.400778038768006661e-01 7.314697214926623170e-01 7.490441948125364791e-01 5.762592520254652406e-01 7.227538875493887405e-01 7.730888041253217713e-01 7.758522309895897751e-01 6.952623486912034023e-01 7.432634661303749724e-01 8.221325758417271645e-01 8.167513066019913559e-01 8.372569145210624342e-01 8.063170662062251193e-01 8.389229116160047406e-01 8.398122433072298110e-01 8.299416694472019351e-01 8.160685403734075916e-01 8.244446933391714749e-01 8.092797103821004479e-01 8.078954198396518516e-01 8.427990448939787216e-01 8.298651590858466820e-01 8.520755611544750252e-01 8.236830431345503190e-01 8.364317363117084181e-01 8.515480714030205789e-01 8.369545246616475476e-01 8.417726506218157212e-01 8.426353188638482372e-01 8.532748047798257574e-01 8.329348285056039636e-01 8.315521483601008290e-01 8.075188929638689173e-01 7.970355987196365843e-01 8.321656560482844078e-01 7.995826412547614170e-01 8.133920677498172047e-01 8.234641004852307766e-01 8.230672679544672743e-01 8.442363968452684109e-01 7.805186773472670980e-01 8.194812205239251357e-01 8.194204929125989967e-01 8.222990669095727734e-01 8.249614268778736603e-01 8.179903756799986603e-01 8.158903775381617374e-01 8.157971735671450952e-01 8.192477793209004266e-01 8.176354838640360612e-01 8.354099089184965354e-01 8.363380426515683030e-01 8.387283701401652136e-01 8.203255259199273564e-01 8.442819629095570377e-01 8.429961361501552286e-01 8.175833319199539151e-01 8.310451339436555340e-01 8.446410342239154545e-01 8.487706109340033001e-01 8.567951169017397062e-01 8.408746988734893124e-01 8.377975595474643766e-01 8.439822667620655583e-01 8.503151254865716213e-01 8.397712843077921319e-01 8.414682774206904137e-01 8.543763173514958842e-01 8.410191200291201596e-01 8.467648304227385347e-01 8.528163294060739918e-01 8.445021898622667722e-01 8.501629400468437847e-01 8.437232089414095082e-01 8.535634867749466448e-01 8.488571788971343013e-01 8.446082976156936706e-01 8.515747309596171100e-01 8.361689400762926105e-01 8.371097667376991014e-01 8.168057079820399968e-01 8.109273739986264662e-01 8.307759025124651364e-01 8.369027915346678448e-01 8.455572298746484305e-01 8.249213006154760830e-01 8.328185971751869143e-01 8.366895510646201739e-01 8.376450275751764485e-01 8.125968551423219388e-01 8.288272671272853831e-01 8.371476299446256597e-01 8.358842726888598973e-01 8.313175861079116213e-01 8.333645389610793153e-01 8.318474137861613382e-01 8.262199246009210851e-01 8.289577865441504212e-01 8.322824919349178785e-01 8.284048867294993013e-01
1.471508186235856094e-02 1.421691330824118860e-01 3.448873401539727657e-01 5.721843453665411694e-01 4.566479530284834332e-01 5.200584745211387361e-01 7.065975128625934243e-01 1.000000000000000000e+00 7.059836595953293825e-01 6.624731718735858976e-01 7.539784419235506796e-01 7.861528146454823673e-01 7.278082803580699922e-01 5.913106206517863006e-01 7.947561236386446737e-01 8.022411587657277687e-01 7.095068702346547518e-01 7.126030112376496861e-01 6.984154342896984335e-01 6.155415884591280973e-01 7.184614574472772963e-01 7.260983573220097798e-01 7.111289725856657640e-01 6.518896017804719500e-01 6.900390627432237967e-01 8.015919448114763313e-01 7.820014310529087576e-01 7.719449218707830074e-01 7.667025437382379849e-01 7.675875764310410299e-01 7.951764256336258940e-01 7.992314598192374886e-01 7.451405786250347996e-01 7.738790618401590882e-01 7.477055699648468279e-01 7.580087112182797293e-01 7.708341189195335730e-01 8.073920403234955412e-01 8.000478014196653609e-01 7.732407951143100977e-01 7.955590099510926327e-01 8.109483763165502568e-01 7.942534077095890765e-01 8.136603531706055881e-01 7.998875811389438706e-01 8.043781384005287416e-01 7.984498547925820144e-01 7.946962799828646284e-01 7.913258693694821266e-01 7.951592157129877547e-01 8.113475580996387659e-01 7.680154610622534905e-01 7.845090139240834537e-01 7.843794666573372654e-01 7.961883283065418482e-01 8.109396540695916755e-01 7.676918825493894705e-01 7.993773722919660374e-01 7.960194738955960192e-01 7.840549723733883924e-01 8.008396535849626741e-01 7.843332976483666785e-01 7.947247492445460582e-01 7.959115814594788230e-01 7.873049589114021751e-01 7.854145340428241306e-01 7.991403600577003941e-01 7.987665436616918635e-01 7.998950765666127394e-01 8.032548817457502155e-01 8.073883606571924387e-01 7.970527589727929296e-01 7.769406002522944998e-01 7.904612721969875855e-01 8.108743376600984210e-01 8.055921086435975376e-01 8.031087617915999566e-01 7.981692779419949924e-01 7.944812846632416381e-01 8.016729926499351899e-01 8.033609973992971165e-01 8.012561738635721742e-01 7.994898749178742658e-01 8.014278394896795499e-01 8.110284999379103743e-01 8.038189363667146425e-01 8.032167695970015009e-01 8.155750184979586592e-01 8.091068341423051091e-01 8.074848393844533678e-01 8.029042997363113887e-01 8.090418832752985789e-01 8.030616297319974617e-01 8.081547369412251935e-01 8.014916138778978016e-01 7.994083422188499322e-01 8.010188274667194852e-01 8.056399183850050383e-01 8.080237398092008361e-01 8.111539184233177435e-01 8.065607692554254138e-01 8.066385531579630674e-01 8.009368906789895437e-01 8.117850683863681027e-01 8.062577091600870993e-01 7.935740994973076168e-01 8.041718921558868027e-01 8.019396752815578511e-01 8.066284775628582704e-01 8.040604119858708598e-01 8.036411709401228842e-01 7.984292498095635349e-01 7.975026025948342978e-01 8.054307361572952129e-01 7.997563085418627482e-01 7.974781946224677176e-01
1.167655527347252753e-01 1.805433027876019725e-01 3.720436520564052163e-01 5.584477218840717683e-01 4.406940198667961828e-01 5.508196352251558681e-01 7.390582282461779506e-01 7.059836595953293825e-01 1.000000000000000000e+00 7.466116379139541293e-01 8.065313867595228503e-01 8.382801063178942913e-01 7.726773341985876398e-01 6.479942179305976380e-01 8.392520966357589485e-01 8.336815878186804030e-01 8.089372166598207681e-01 7.411659839231897751e-01 7.290917687407245662e-01 6.209216079138474287e-01 6.986254626019343661e-01 7.418644919678748506e-01 7.692250406028373622e-01 7.045362836945595619e-01 7.229897136314828998e-01 8.443155824753295624e-01 8.358607331249792161e-01 7.958558669440111144e-01 8.259650628472451350e-01 8.069941819194321742e-01 8.686639444759042261e-01 8.543705035543609494e-01 7.482145242932156659e-01 7.874591862422092303e-01 7.584879384871295871e-01 7.970708262681830414e-01 8.045494888221531582e-01 8.215743657847710546e-01 8.350656804528290289e-01 7.886314695882116199e-01 8.628618353531998242e-01 8.386716122976262122e-01 8.244085316499623062e-01 8.576605862755863896e-01 8.551193625024506861e-01 8.479516300341307655e-01 8.763957816700065351e-01 8.827023120024687364e-01 8.718789867707843477e-01 7.995717025847448589e-01 8.602591703033920512e-01 8.147392499254362264e-01 8.608233706086330095e-01 8.860192052188431422e-01 8.694092023580446416e-01 8.555904558883324906e-01 8.600001777508983203e-01 8.697148376653910384e-01 8.775684745567092770e-01 8.870634112257087533e-01 8.715118665678007748e-01 8.856678007850573575e-01 8.688691397515027059e-01 8.775681658252886264e-01 8.830035176994762702e-01 8.861615060381753395e-01 8.828814203836831132e-01 8.703792354612163162e-01 8.744344122086004090e-01 8.656145824018821600e-01 8.605921761780378487e-01 8.618403634449484096e-01 8.547252565165937011e-01 8.549900444314889603e-01 8.775302594793007449e-01 8.749417750920210901e-01 8.711170898030755616e-01 8.767702401470969242e-01 8.768189335424354525e-01 8.801648801904240482e-01 8.748134857679645826e-01 8.835122937449121361e-01 8.746414997501871236e-01 8.557543182799635106e-01 8.433064856443486246e-01 8.573471397470655564e-01 8.608947680251196610e-01 8.650139265241144626e-01 8.680661116238522768e-01 8.622661509543056990e-01 8.541061894211484651e-01 8.722726765718228359e-01 8.696115546645739602e-01 8.698393995402593504e-01 8.804167507567171036e-01 8.827916691258510529e-01 8.391607830747179753e-01 8.645619217462348072e-01 8.703393438611911614e-01 8.667556416423437549e-01 8.608203314814517615e-01 8.707767643500406995e-01 8.756740614480884588e-01 8.731086854048104584e-01 8.685187916501505567e-01 8.687028884463254830e-01 8.800158770512939155e-01 8.830549512899671383e-01 8.788467921734532950e-01 8.810992656545003632e-01 8.769551960845494154e-01 8.863622754453014396e-01 8.830900249530763135e-01 8.771996018452159483e-01 8.831058509004436896e-01 8.851724889380114814e-01
5.829184203581716517e-02 1.716307195305524502e-01 3.386395911468189635e-01 5.123948990001173653e-01 4.135759423555455117e-01 5.181275081968940155e-01 6.941284015114653760e-01 6.624731718735858976e-01 7.466116379139541293e-01 1.000000000000000000e+00 7.513665641258076011e-01 7.828963339233595553e-01 7.097153569161600561e-01 5.933879526112929570e-01 7.927238087207775230e-01 7.802492769488753588e-01 7.475780783889270920e-01 6.948448357447777335e-01 6.954712456357992068e-01 5.547218480752296177e-01 6.425865962067103254e-01 7.086678634422670653e-01 7.313666413140671452e-01 6.615473024630875720e-01 6.957697293813831507e-01 7.877538199219512594e-01 7.844117114883810693e-01 7.640956108876123531e-01 7.722246207170652132e-01 7.687087804028757132e-01 8.138545101892938893e-01 7.973535715485789988e-01 7.242417792535355003e-01 7.537354202403211412e-01 7.284195859821220864e-01 7.544432017228998033e-01 7.747015429314645374e-01 7.829131609387369739e-01 7.953494846026526455e-01 7.618614981567647382e-01 8.151875349684309935e-01 8.003255142597347493e-01 7.858687055536305310e-01 8.099167182402217113e-01 8.046927168253396045e-01 8.074445063592803340e-01 8.196705981961035503e-01 8.297075262813000673e-01 8.040085275888261274e-01 7.454128245815520026e-01 8.033587950249568843e-01 7.458615397482132314e-01 7.953486679757516553e-01 8.222365994561381397e-01 8.123270627591233639e-01 8.111920061010227112e-01 7.803080611535730959e-01 8.167531008616256694e-01 8.169808506629437916e-01 8.180407516965664261e-01 8.047974427293775879e-01 8.186813395540797345e-01 8.050216641235951043e-01 8.054568962563461998e-01 8.098279605881306686e-01 8.118582123317045207e-01 8.230958460572742608e-01 8.117170622111430367e-01 8.175135412089367115e-01 7.979788394935052320e-01 8.066446921218853872e-01 8.112875455990129492e-01 7.959413885616555273e-01 8.056968867341953722e-01 8.220183733407513405e-01 8.220615821741861229e-01 8.192597897975655297e-01 8.152843705248283834e-01 8.221984328012869048e-01 8.265555927216661214e-01 8.235830398867011182e-01 8.249822917210604123e-01 8.183519188355250495e-01 8.127297699202492565e-01 7.970043868128096065e-01 8.078843485641353794e-01 8.151019802594260399e-01 8.174557872108724199e-01 8.207492719412914361e-01 8.147494280025026070e-01 8.138756827056968790e-01 8.230887962129670443e-01 8.179055252901121786e-01 8.230646046161256280e-01 8.222453915130439883e-01 8.254047625926203002e-01 7.889427035620031337e-01 7.920437368780937071e-01 8.118384457547391797e-01 8.117165435386960448e-01 8.133594965560045909e-01 8.115385755461830275e-01 8.126801381461898899e-01 8.175511032086730800e-01 8.064343084324754329e-01 8.033516058947591798e-01 8.174864734102407215e-01 8.257766824277152917e-01 8.230162097500489660e-01 8.231258179819989085e-01 8.235177920168463839e-01 8.238502894493515694e-01 8.224037988893911910e-01 8.138609355228259012e-01 8.186224687060894567e-01 8.171990602726493247e-01
7.198459739425783557e-03 1.593622111655964568e-01 3.770867804634268627e-01 5.952815951256983373e-01 4.682708029989334220e-01 5.775814493979612996e-01 7.829864030910025363e-01 7.539784419235506796e-01 8.065313867595228503e-01 7.513665641258076011e-01 1.000000000000000000e+00 8.780161516087577889e-01 7.939297855972970996e-01 6.515985098856370561e-01 8.771867301664513228e-01 8.667962381420342144e-01 8.145027401176824222e-01 7.788124026764485786e-01 7.849290093208275421e-01 6.437849437658819118e-01 7.603861780622557243e-01 7.971920526130921170e-01 8.076399926244595129e-01 7.477639799124771169e-01 7.722151384158474352e-01 8.800237721119112955e-01 8.715100286295741627e-01 8.530918214131310018e-01 8.495738762130180532e-01 8.610815324836527118e-01 9.006731938398315762e-01 8.851748903040711491e-01 8.119051403166968051e-01 8.446067743855222298e-01 8.167016956166643915e-01 8.480129629997454899e-01 8.646537328916535925e-01 8.750595447560074458e-01 8.829850685686277956e-01 8.576574943037530430e-01 8.921750242420316557e-01 8.886833444401750493e-01 8.787750440978494559e-01 8.973548112875944227e-01 8.929099705091096961e-01 8.917045560032108575e-01 8.990348316278586882e-01 8.979780451890692072e-01 8.885621859049361859e-01 8.535271500605341455e-01 8.974295581525877363e-01 8.571337162775501950e-01 8.875560188169516751e-01 8.932277388976247456e-01 8.903306290839619885e-01 8.953865072452640295e-01 8.695188702174543316e-01 8.939201617451234538e-01 8.945613455379152201e-01 8.971421597343857135e-01 8.990447093203310924e-01 8.947769968537966356e-01 8.917462051320246275e-01 8.932537635286198485e-01 8.929685661429764831e-01 8.966159247216931583e-01 8.998957598410168846e-01 8.997483596126978345e-01 8.999169721936046695e-01 8.921360602800061379e-01 8.991249393940992096e-01 8.982751407340877625e-01 8.818474900993061860e-01 8.910781423518049360e-01 9.070100833016661035e-01 9.044203203676777214e-01 9.023600119910561990e-01 8.973997629703375223e-01 8.986551111145991699e-01 9.036129351513040309e-01 9.034890970551925360e-01 9.056890394523123833e-01 8.999810082080437201e-01 8.960898452232898270e-01 8.892641430065468811e-01 8.947022618325282117e-01 9.008505932113466397e-01 9.011914675869873159e-01 9.023452109577995151e-01 8.989926194497451784e-01 8.999167729306442043e-01 9.053962039942671236e-01 9.019829890585787657e-01 9.038880802220103927e-01 9.041208977172000560e-01 9.024545184817690524e-01 8.840328097545618879e-01 8.870368649822972795e-01 9.002188936719552892e-01 8.985728131801014040e-01 9.022177500580568221e-01 8.985857617882727633e-01 8.999371876525257274e-01 9.028622012058111768e-01 9.011523313821395709e-01 8.938038174997265939e-01 9.001959367117861044e-01 9.032815216851547424e-01 9.047085056057371233e-01 9.038088199315703619e-01 9.011369758357138382e-01 9.035030532914404278e-01 9.005233836761594723e-01 9.019551120263586963e-01 9.018939158442715875e-01 9.020775181019876632e-01
2.149086687164891013e-02 1.754279803784612179e-01 4.066349861196751347e-01 6.344416050818961761e-01 4.898623594393112235e-01 6.041770756962308031e-01 8.124691426700438868e-01 7.861528146454823673e-01 8.382801063178942913e-01 7.828963339233595553e-01 8.780161516087577889e-01 1.000000000000000000e+00 8.314025664087966172e-01 6.757262087093732772e-01 9.165272086628095671e-01 9.121017375172992825e-01 8.419007137500895688e-01 8.148359015604027533e-01 8.079631652658034735e-01 6.787817984079279610e-01 7.893410876657664943e-01 8.278614702058036956e-01 8.398325230600718339e-01 7.700352763644477960e-01 7.977910445986674537e-01 9.184352492640773802e-01 9.013504740146799366e-01 8.909383126210276282e-01 8.863500871569596207e-01 8.936982374512492111e-01 9.351507440359616563e-01 9.262236500077495327e-01 8.516090597901364578e-01 8.852277344472374576e-01 8.540131635956110800e-01 8.907119310338792451e-01 8.963604897109967995e-01 9.129500863455927151e-01 9.226638765362814576e-01 8.948646233682315820e-01 9.331156267785493119e-01 9.289996764659523842e-01 9.222678170567840672e-01 9.402018088024269860e-01 9.338727487384720360e-01 9.294583571499216434e-01 9.392695372087032091e-01 9.382228841779928219e-01 9.264505803463890521e-01 8.909864969561444026e-01 9.362840118630167963e-01 8.963623129337791040e-01 9.252175157356229418e-01 9.307426191998908749e-01 9.279990339859034432e-01 9.382954735589141837e-01 9.059907437903368388e-01 9.322220842092490134e-01 9.327367272545530330e-01 9.370704626930804748e-01 9.395287013668573994e-01 9.334936279535355208e-01 9.285472125136471355e-01 9.344585092074881860e-01 9.338154241716324355e-01 9.336627703599419403e-01 9.411493466165695709e-01 9.362288463126979821e-01 9.398243263326773178e-01 9.299680967806261966e-01 9.367288091812739914e-01 9.354775965224239043e-01 9.198999945958930002e-01 9.275926603394927250e-01 9.475736583261679113e-01 9.447004773805518507e-01 9.418947413019496118e-01 9.370043566086958542e-01 9.362769729417224074e-01 9.438235163036194919e-01 9.427259341754601341e-01 9.448987507593420432e-01 9.431040926403170266e-01 9.376431398922945304e-01 9.310883626668058355e-01 9.363275872483436402e-01 9.417822304013745427e-01 9.417134214483108279e-01 9.433171249327355623e-01 9.426760092641581767e-01 9.398283416170492011e-01 9.455542844153143056e-01 9.434340321368881455e-01 9.445006840173100215e-01 9.442524648730448167e-01 9.432634612310764055e-01 9.248770637252328175e-01 9.280307896044395211e-01 9.415485409281493245e-01 9.409019177205013573e-01 9.423973823531208716e-01 9.398276454093945631e-01 9.411079936557709136e-01 9.441222576588079729e-01 9.430354633033789513e-01 9.337332495379364605e-01 9.418908364269908962e-01 9.446552499740235032e-01 9.450843847264965847e-01 9.437500084643589693e-01 9.432190366215503774e-01 9.441613043974336206e-01 9.416520875557773396e-01 9.430972473780223631e-01 9.436291560757830155e-01 9.426942881342033065e-01
5.801015400002856003e-03 1.592267816563196769e-01 3.742475655614874164e-01 5.704887030813241555e-01 4.612356455972744795e-01 5.487922414154858819e-01 7.380354161921391931e-01 7.278082803580699922e-01 7.726773341985876398e-01 7.097153569161600561e-01 7.939297855972970996e-01 8.314025664087966172e-01 1.000000000000000000e+00 6.174349271926846683e-01 8.398348695468083047e-01 8.417514761447745242e-01 7.698792612425557902e-01 7.453277184373485742e-01 7.301729089142996454e-01 6.288925317732069198e-01 7.259255562075707102e-01 7.510890765780134926e-01 7.466180284017537305e-01 6.953558629127617463e-01 7.237956680622843475e-01 8.396212883984536246e-01 8.261911828076430320e-01 8.016050588961969314e-01 8.119339651725503426e-01 8.035716859547107349e-01 8.469808840658435978e-01 8.423540797569749605e-01 7.587534721608346633e-01 7.912751024801063515e-01 7.684980117087806262e-01 7.978490189769525953e-01 8.052783632253242008e-01 8.306492680467819634e-01 8.371723761703487865e-01 8.009543683600782726e-01 8.530677871920309130e-01 8.446591659850528622e-01 8.371801082214573864e-01 8.574271280896388348e-01 8.492736320994522803e-01 8.454082333978141239e-01 8.593817480309715595e-01 8.581963776228550556e-01 8.492331670679373889e-01 8.105367589344091295e-01 8.531387013903782846e-01 8.128662550913233753e-01 8.496599528870227847e-01 8.511346916038965427e-01 8.476534145090375283e-01 8.545116773312446679e-01 8.285952620427804449e-01 8.543737177633088375e-01 8.522907121551088760e-01 8.584607507864219222e-01 8.588820179721542436e-01 8.565227804446916560e-01 8.499487751673303615e-01 8.573349949822969274e-01 8.579318995859177566e-01 8.548889037783260481e-01 8.619500335146758063e-01 8.568362509097644519e-01 8.582591637790484285e-01 8.543512274297254683e-01 8.535901884477998802e-01 8.508043343236595391e-01 8.383009921742448078e-01 8.450008269768346514e-01 8.673980712289460770e-01 8.618056498860787729e-01 8.582482251100691517e-01 8.538777899981974118e-01 8.535666365601581873e-01 8.581615849797841200e-01 8.565177651795127245e-01 8.616566033227908150e-01 8.569970094734136179e-01 8.489266390943491780e-01 8.463074170840922950e-01 8.481314374537137768e-01 8.528333729896286908e-01 8.607920113467797396e-01 8.584387852397503682e-01 8.561329238788272233e-01 8.509296177376045600e-01 8.637292963476913554e-01 8.582595533297108226e-01 8.628626835474838552e-01 8.651058472706080194e-01 8.637572895698945041e-01 8.439711986675370037e-01 8.549930092389469438e-01 8.632220693179625259e-01 8.607420002737232734e-01 8.602240337968234396e-01 8.601044398278737679e-01 8.623985037337655868e-01 8.650099745582761068e-01 8.625347984430775661e-01 8.522908705647701533e-01 8.641439395072055829e-01 8.651513273667864601e-01 8.653603310269689652e-01 8.649984427029017153e-01 8.625462802593785172e-01 8.662550952419849626e-01 8.631337834675315568e-01 8.665453778177669708e-01 8.630009153749137463e-01 8.657073401358050813e-01
