1.000000000000000000e+00 1.302023336688937216e-01 5.495338152985668190e-02 1.968657422785641820e-01 1.117571371281701059e-01 1.877571361016916809e-02 1.130638525299735714e-01 1.834727998429370732e-01 8.646461864228636995e-02 7.882980572902673067e-02 4.234891726051423499e-02 4.937578947191822304e-02 5.873397481356610467e-02 1.269697938177007622e-02 6.315500700805845580e-02 7.395032880353927252e-02 1.221722869135375145e-01 1.378119064378993397e-01 9.603718187517289173e-02 1.062838347140430545e-01 1.276994395478568134e-01 1.014117933076871259e-01 1.438439423391381089e-01 1.479345460494339848e-01 1.123246607536230457e-01 1.408138378694504533e-01 8.252090625086166975e-02 9.717635108047995018e-02 7.843028572926399877e-02 1.240073580783204732e-01 6.740527198882644011e-02 9.872312421088359768e-02 9.636816549940618870e-02 9.977534412094929417e-02 7.137059404450141198e-02 7.736488969574256691e-02 3.993767169145329837e-02 8.953066452866408065e-02 6.670279616559424141e-02 7.077843147401650936e-02 5.030790163420154754e-02 4.927466070739269094e-02 7.015161911900240355e-02 5.739845694482700877e-02 6.368342138141286357e-02 3.498737877581855477e-02 3.690152289930435925e-03 3.020023760009739322e-02 3.859221421682241387e-02 8.716807305001691986e-02 7.667373619507038274e-02 7.453970004355850443e-02 7.280918385701347362e-02 6.140620160980757303e-02 8.033853325547984925e-02 7.807193894258750155e-02 1.231973233554000124e-01 5.040970247891422840e-02 5.932159426467770169e-02 3.312965159290799655e-02 4.122917829640910387e-02 7.533346985921539340e-02 8.107586362655473666e-02 8.732456782562816877e-02 7.407289270495649725e-02 8.801166739116393634e-02 2.880838686433333587e-02 4.187807384844979830e-02 3.202805395007798928e-02 4.346854421721958045e-02 4.101421856575377528e-02 2.841646696293319285e-02 5.626411498338689671e-02 5.012688569925374815e-02 4.000736712020723507e-02 3.302402603971087147e-02 9.166975730963911745e-03 2.575073620977452044e-02 2.445228921100106242e-02 4.699081800256128122e-02 4.683032902043305495e-02 2.387419383203166767e-02 5.667523093318298927e-02 3.747059606598771714e-02 3.763860718286048124e-02 4.581843207777999694e-02 1.908997250687828606e-02 3.317434439479857028e-02 2.834031463334953094e-02 4.532710425332556886e-02 2.166600758687419262e-02 1.197347108633572965e-02 2.428351524485417370e-02 1.827775748844031461e-02 1.050411494605484400e-02 1.097471687864878635e-02 5.380373955058848079e-02 7.071395185103951375e-02 3.225463278164285297e-02 3.427748698435066632e-02 1.961971704258403532e-02 3.091026425268044234e-02 3.904805393213483383e-02 3.414904303238534139e-02 3.668159384651114435e-02 6.018997200122518099e-02 3.543004271541362604e-02 2.137662968250959514e-02 2.670676928712685527e-02 2.711865924611462156e-02 2.181328951070340277e-02 2.770894930834661915e-02 3.296702128748216915e-02 4.715076553561096256e-02 5.072758763807262705e-02 5.189800447839119923e-02
1.302023336688937216e-01 1.000000000000000000e+00 1.076848648668126823e-01 2.069883587783556966e-01 1.242128036348393166e-01 1.170004528133063437e-01 2.070611221042953642e-01 2.173128752337363800e-01 1.523771548051060798e-01 1.879802147947908786e-01 1.079252183479866151e-01 1.508928372279390862e-01 1.603332718690094194e-01 1.422214775044586266e-01 1.836812812801569550e-01 1.696728091510615322e-01 1.698467957824062180e-01 2.038606553309590674e-01 1.782645099148734702e-01 1.506941042984263901e-01 1.673494304375323649e-01 1.875990323929019321e-01 2.162153466601959007e-01 2.010796318746385924e-01 2.019228862082502185e-01 2.003739363687609132e-01 1.911643125323767012e-01 2.059567734799852001e-01 1.481273385712122692e-01 1.929063849035023426e-01 1.754336550134286132e-01 1.984326495518191347e-01 1.996917090411037543e-01 1.809307976494213543e-01 1.822550562710834876e-01 1.654446607695376492e-01 1.643833811012916368e-01 1.901351458432672115e-01 1.850671176222945524e-01 2.055091263787502953e-01 1.778894859236699877e-01 1.835793492655617420e-01 1.642961804118925340e-01 1.778638306909952338e-01 1.835178519008886511e-01 1.698048206042192532e-01 1.471638793677931267e-01 1.639423569829139005e-01 1.502739747802346315e-01 1.486610769048433423e-01 1.735002761818566774e-01 1.454826825685376357e-01 1.566652435195470816e-01 1.670850020838895167e-01 1.736003153544422861e-01 2.009677965138343125e-01 1.514036032971241286e-01 1.798327212815996334e-01 1.745559600284865287e-01 1.559998189588480133e-01 1.536479927805406986e-01 1.550673375605383097e-01 1.562726173158992538e-01 1.569613822395045100e-01 1.576150433597699463e-01 1.585004474331762336e-01 1.587220579505659590e-01 1.712093685820311739e-01 1.622562772551799648e-01 1.594827377394076873e-01 1.664406076595168482e-01 1.652459767269877089e-01 1.764456603692125813e-01 1.695092475113565977e-01 1.697399551149731955e-01 1.629900383042276191e-01 1.554622357045722936e-01 1.447124898807581050e-01 1.596385856824068528e-01 1.704762864818369361e-01 1.669828814478292733e-01 1.637025819323066067e-01 1.723734882985377137e-01 1.657434066398962569e-01 1.627036094337802885e-01 1.646789087915923877e-01 1.608123035446119564e-01 1.597973820114438337e-01 1.652364080893544140e-01 1.704345482310590520e-01 1.745514791751835160e-01 1.642664610756285060e-01 1.649605022142562605e-01 1.620323996346907103e-01 1.529110974948881263e-01 1.486354676188258173e-01 1.541397462342995739e-01 1.525133091473969971e-01 1.544798627976726457e-01 1.620597153665075951e-01 1.533859599937464346e-01 1.499658842728338881e-01 1.528540584894460819e-01 1.613338198156083758e-01 1.491274953480056231e-01 1.433968795648730143e-01 1.559933326691687328e-01 1.606769793463437845e-01 1.601378993119224603e-01 1.600317827970438589e-01 1.618658865676214642e-01 1.531760095057454751e-01 1.498650104655815940e-01 1.513768185578381886e-01 1.567872689201582070e-01 1.587505411531775490e-01
5.495338152985668190e-02 1.076848648668126823e-01 1.000000000000000000e+00 2.685521351452703209e-01 1.821277483335586589e-01 2.300912155244822788e-01 3.014955519405698170e-01 2.939421619816107167e-01 3.094734471689010169e-01 3.081835177140021531e-01 3.086909023564139432e-01 3.467964404126282485e-01 3.151449208831637039e-01 3.017229838173695056e-01 3.341551612933097992e-01 3.479231492027864969e-01 3.320530737987019698e-01 3.048772992394027104e-01 3.452098943214725324e-01 2.957072059830657684e-01 3.382274897975943717e-01 3.592628255325223119e-01 3.275325951586917639e-01 3.218608226200492251e-01 3.539821856803164191e-01 3.458143812110663906e-01 3.560091691638777589e-01 3.514881829358739718e-01 3.243281469744461742e-01 3.375231905396176013e-01 3.609171888398938211e-01 3.408185070185928423e-01 3.229999283847600489e-01 3.400599748490570895e-01 3.327491377829818187e-01 3.325000377085926551e-01 3.477444465521773997e-01 3.395733811487181564e-01 3.452213981655654629e-01 3.381499207964877574e-01 3.471591900622465476e-01 3.536929502898262245e-01 3.360656037984237621e-01 3.429802755399306569e-01 3.559544715154974170e-01 3.509532896765361065e-01 3.443359874422063371e-01 3.488953858434515332e-01 3.434219608098550425e-01 3.243581638791245836e-01 3.428641785504656925e-01 3.346429856850364759e-01 3.472343228098079826e-01 3.455563842216742287e-01 3.377227420876695030e-01 3.529033269474134982e-01 3.205348515727275416e-01 3.428177241661451435e-01 3.403088243455029693e-01 3.418972800077251240e-01 3.427418054843746065e-01 3.322202295840699926e-01 3.301976556776849425e-01 3.392233350505517997e-01 3.490647314463317663e-01 3.398041359582225085e-01 3.457213873128247572e-01 3.528923211200525878e-01 3.507030851210966027e-01 3.481563062457386226e-01 3.618978298137083272e-01 3.596652243674363092e-01 3.478127502473650767e-01 3.630007962034355051e-01 3.546191859956691617e-01 3.523012100630414922e-01 3.495061145155382021e-01 3.471677877763611475e-01 3.557303751016611115e-01 3.482289455678530543e-01 3.532518369113987755e-01 3.604360678533612417e-01 3.569690947176029083e-01 3.446081593617948968e-01 3.484843998424389522e-01 3.506306637902356638e-01 3.515822315598964298e-01 3.501220574601810465e-01 3.505918456919524528e-01 3.586785580560800102e-01 3.515125084646541498e-01 3.496550434524426376e-01 3.500163814228686165e-01 3.512027247813135911e-01 3.431810385805335595e-01 3.429005214657285250e-01 3.441849659718043131e-01 3.452767766590218446e-01 3.448890946679843417e-01 3.489487717867195138e-01 3.434276519956707685e-01 3.475825937775368080e-01 3.456353817625595348e-01 3.475134507186984911e-01 3.482947711155934822e-01 3.374537261966581991e-01 3.475425954350211399e-01 3.467286113145401916e-01 3.481999002604704851e-01 3.471017758435296918e-01 3.455793031807062876e-01 3.446065748368155046e-01 3.404405052763180839e-01 3.456453734046480153e-01 3.519381462563570540e-01 3.467795509670832943e-01
1.968657422785641820e-01 2.069883587783556966e-01 2.685521351452703209e-01 1.000000000000000000e+00 4.017575299538983513e-01 3.504237520951208884e-01 6.241988360608227149e-01 6.590551630865819632e-01 4.823103677015480595e-01 4.774812016456438379e-01 5.025698465326252640e-01 5.891975990718705258e-01 5.202819722271708747e-01 4.917125889061529365e-01 6.131717376681948828e-01 5.987595301155259619e-01 5.221572727435737082e-01 6.035054858257152821e-01 5.731454125140172939e-01 5.401468065621851666e-01 6.317704676744110293e-01 6.440506230975097113e-01 6.225162973894056151e-01 5.910309512068244731e-01 6.080452648959330242e-01 6.565574954742761093e-01 6.086322704494275815e-01 6.373826267103155363e-01 5.670832237635848871e-01 6.099255003290445787e-01 6.169224368102201872e-01 6.171995263623136774e-01 5.959409967938988917e-01 6.075337062918575448e-01 5.445274104396303771e-01 5.852052699302218164e-01 5.723398232362392202e-01 6.275190879001866229e-01 6.219133866040410519e-01 6.432034339890353447e-01 5.919787075178739588e-01 6.114596234134179742e-01 6.046550424653228673e-01 6.081149878679512621e-01 6.202350016292234036e-01 6.001125905791121484e-01 5.238320008694796748e-01 5.361097905289975429e-01 5.431335142170137242e-01 5.841140078641593458e-01 5.966605201534050940e-01 6.003278552076823926e-01 5.862765703250156779e-01 5.713212605114839082e-01 5.963900887918608396e-01 6.295818734982473464e-01 5.998817028941353380e-01 5.850696356665132658e-01 5.751434039892165950e-01 5.445002891901918884e-01 5.698408664834303528e-01 5.686304204653600536e-01 5.906144662840037141e-01 5.764810015479134853e-01 5.535830909487086116e-01 5.890655527410123549e-01 5.435920555453612746e-01 5.698306433078612621e-01 5.415145707232115191e-01 5.592451088396928061e-01 5.893629831127706886e-01 5.645780858685084391e-01 5.670523396465371180e-01 5.771775511221801658e-01 5.825934882155344718e-01 5.621370479908653905e-01 5.522852255022553392e-01 5.537824708262075735e-01 5.736044497345816895e-01 5.736277105593052816e-01 5.818838063885249934e-01 5.668975023304382299e-01 5.982138011259203747e-01 5.546699643467742913e-01 5.902331313126332191e-01 5.822893753527836891e-01 5.720181207259045220e-01 5.912987553535010710e-01 5.762523941407214911e-01 5.802833870132149130e-01 5.968718114496910365e-01 5.652870322856787810e-01 5.750067813774019099e-01 5.711127230373361785e-01 5.409413014121069452e-01 5.295097462879098105e-01 6.145863991695983408e-01 5.991811123214360046e-01 5.797506497294202532e-01 5.833402047532083579e-01 5.717516559484966399e-01 5.714493260175712575e-01 5.782606505924607898e-01 5.812925951770250288e-01 5.759768947106381765e-01 5.771999562513664417e-01 5.645759541624507660e-01 5.501226821656551857e-01 5.612829371935911249e-01 5.565885353278381409e-01 5.605860420971882085e-01 5.485593593396776990e-01 5.562948603295378991e-01 5.739421502909012318e-01 5.671678894948913863e-01 5.755161869214111547e-01
1.117571371281701059e-01 1.242128036348393166e-01 1.821277483335586589e-01 4.017575299538983513e-01 1.000000000000000000e+00 2.837784177374472749e-01 4.792635574059915804e-01 4.891021418059728343e-01 4.095938215764641788e-01 4.030043960824247762e-01 4.065830035633818951e-01 4.793104897440459977e-01 4.584314780207314199e-01 4.067296736941717894e-01 4.966193104719686668e-01 4.877617531674165452e-01 4.152796163301020749e-01 4.523697294564958948e-01 4.361073452411624585e-01 4.606746009797632047e-01 4.488080231777084594e-01 4.631133067810404569e-01 4.702292344679002145e-01 4.579131257802868671e-01 4.647084886285747785e-01 5.106502913090481544e-01 4.872010012697273185e-01 4.870419762612713255e-01 4.498085299709970175e-01 4.862375283677669580e-01 4.969435702628608453e-01 4.915358323942660701e-01 4.618901145452105617e-01 4.928334541280983694e-01 4.490999696950732645e-01 4.799586885790752544e-01 4.634093414391047272e-01 4.934186115016444552e-01 4.939415433223100504e-01 4.987198206071490891e-01 4.884355928409453429e-01 4.936716777086293528e-01 5.014217430670242504e-01 4.981765910276504394e-01 4.992226534017600303e-01 4.882178102014264609e-01 4.594716935505263611e-01 4.635673546523123578e-01 4.639439159352452546e-01 4.683928990129851422e-01 4.914726629639397659e-01 4.870549439550851956e-01 4.804079033943789989e-01 4.712336824843454952e-01 4.705975014598846040e-01 4.987083517756749074e-01 4.647500583916571171e-01 4.819773197287481326e-01 4.749219528089315134e-01 4.692562337321324883e-01 4.844220055399924285e-01 4.735831392548847663e-01 4.735162228426236242e-01 4.809106071088942169e-01 4.540715503111765194e-01 4.725078082968361959e-01 4.646675145088453029e-01 4.784635078344027792e-01 4.685861910045793777e-01 4.837372795380248114e-01 4.802620392207163635e-01 4.726552311253383598e-01 4.813828984121711896e-01 4.761662823783763820e-01 4.872951150969691558e-01 4.742202548606739287e-01 4.695293246889183925e-01 4.681684458494264622e-01 4.858600705875273373e-01 4.769362046434447167e-01 4.832133372104346347e-01 4.785265808233812312e-01 4.888751499912162846e-01 4.679589373492903381e-01 4.818925128404816238e-01 4.886802714070820897e-01 4.773208558223949183e-01 4.829561798332845379e-01 4.823830169240265753e-01 4.809781928981384236e-01 4.881988387788184225e-01 4.776012737218030546e-01 4.863851777097242812e-01 4.785991077034141838e-01 4.679872402623952432e-01 4.603271144779209623e-01 4.865023981136534226e-01 4.746063627307834931e-01 4.815951121362223031e-01 4.833887359181125443e-01 4.846297880121118729e-01 4.754666992848632923e-01 4.866010682274304888e-01 4.862838757564822978e-01 4.799885953851651954e-01 4.617284033646668617e-01 4.727716869853211268e-01 4.701861056875405454e-01 4.703193524490096311e-01 4.749098586055752746e-01 4.704265973824909297e-01 4.718896853054532770e-01 4.665956635503120120e-01 4.803326280954210992e-01 4.766203819523551766e-01 4.723497486132752776e-01
1.877571361016916809e-02 1.170004528133063437e-01 2.300912155244822788e-01 3.504237520951208884e-01 2.837784177374472749e-01 1.000000000000000000e+00 4.891884435356461669e-01 4.194354741306706713e-01 4.822091804397835579e-01 4.563858198919659714e-01 4.856383954071095688e-01 5.377440970715531288e-01 4.828608424247003428e-01 4.917555814412448711e-01 5.505721693145148032e-01 5.379402661120349372e-01 4.805533542383231271e-01 4.573897732884278922e-01 5.073007878418483996e-01 4.728259183463847659e-01 4.874331337883918147e-01 5.004422701753723501e-01 4.937188765220265063e-01 4.741645848186878953e-01 4.992731186247374442e-01 5.239092719269966558e-01 5.372299816686502139e-01 5.302062089457105776e-01 4.961703516438100703e-01 5.194723412600795731e-01 5.639319148762215184e-01 5.341940366241144655e-01 5.266719690733554504e-01 5.276588209632694371e-01 5.183865398581289918e-01 5.125884396874126336e-01 5.495191239155359231e-01 5.291641336584891331e-01 5.444409967471449674e-01 5.318880741670993784e-01 5.635450867920664964e-01 5.625637476842191287e-01 5.511840492057664687e-01 5.575227425659419200e-01 5.484330830917811817e-01 5.678371715072566550e-01 5.583072281554821714e-01 5.565169489600020336e-01 5.460261508441882627e-01 5.064189121413921191e-01 5.385813071059565305e-01 5.265357963993931856e-01 5.408578649948769801e-01 5.480199953400861634e-01 5.327918421363742052e-01 5.424097092959052624e-01 4.954834212441064922e-01 5.536009057304919212e-01 5.411456910685989996e-01 5.545794162266741711e-01 5.511732291421611585e-01 5.360497326483034675e-01 5.307253766323739574e-01 5.318988553181051016e-01 5.359479610554185314e-01 5.263644812374688176e-01 5.533216645702419001e-01 5.531197014260583744e-01 5.583638057312426684e-01 5.601513805186029149e-01 5.632854424142541561e-01 5.608026652236132170e-01 5.517299670009303547e-01 5.562973077234767416e-01 5.658155024866419192e-01 5.635997047658446446e-01 5.675106531560734080e-01 5.532516603512578346e-01 5.658437800582668542e-01 5.550958889677281016e-01 5.613186117955727417e-01 5.653537139163883340e-01 5.535967940612770422e-01 5.536521587500171648e-01 5.499870570569364014e-01 5.527047397606663637e-01 5.658579286174655332e-01 5.548128142766316495e-01 5.593682162410464898e-01 5.651785064344175824e-01 5.667916224829172567e-01 5.680071631784902042e-01 5.625964733564230436e-01 5.685745385446153710e-01 5.576807537440724438e-01 5.589148397287805325e-01 5.370991586213498259e-01 5.262512380716516391e-01 5.495591893857615373e-01 5.563845142639435304e-01 5.639864750683096783e-01 5.524538532361819021e-01 5.532244290637337025e-01 5.600787801052790060e-01 5.518040570293260005e-01 5.340392015709258811e-01 5.523224252284240077e-01 5.624644041144161166e-01 5.588415795309205070e-01 5.593063216490928857e-01 5.592570042254126905e-01 5.551061174470143245e-01 5.508522789744675352e-01 5.483402803156447458e-01 5.466899305241231799e-01 5.470230229400028232e-01
1.130638525299735714e-01 2.070611221042953642e-01 3.014955519405698170e-01 6.241988360608227149e-01 4.792635574059915804e-01 4.891884435356461669e-01 1.000000000000000000e+00 7.387044385976549998e-01 6.423889720033146844e-01 6.401340853880141957e-01 6.729306102097577513e-01 7.503391008720624589e-01 6.975238209689414992e-01 6.489685866731859099e-01 8.242419962482356866e-01 7.751825667998637481e-01 6.702054138173632047e-01 7.467342219066537279e-01 7.490252740476196491e-01 7.128311913213837281e-01 7.351489789736010971e-01 7.764370294120908067e-01 7.910481607549579852e-01 7.606266010372676467e-01 7.788135896480697928e-01 8.072960144516366787e-01 7.900094699265307607e-01 8.305863315839179251e-01 7.711229385754091448e-01 7.859294020179194984e-01 8.116604410959827876e-01 7.979022105117302699e-01 7.914663765230575132e-01 7.831545306329542599e-01 7.361115736805475818e-01 7.687208697953890058e-01 7.757198801476402616e-01 7.963514176215304996e-01 8.126795804672465318e-01 8.164812342754189656e-01 7.865267041963711625e-01 8.101390599202434872e-01 8.078745856611371234e-01 7.944097067531754597e-01 8.051565689834944139e-01 8.071561426277563678e-01 7.349544168651671594e-01 7.436021458038373222e-01 7.384553553192323427e-01 7.283786281507571569e-01 7.730540780059790285e-01 7.556343965419662911e-01 7.666858372214006012e-01 7.568005945049850469e-01 7.593569601921246193e-01 8.054725801563440424e-01 7.250733512178699769e-01 7.647463103353315805e-01 7.515449288526933058e-01 7.410200934074089307e-01 7.620916672436240935e-01 7.381354086541838111e-01 7.442439262885478524e-01 7.520207597747766703e-01 7.428335038555412551e-01 7.452180700531462199e-01 7.472608397023345894e-01 7.706375624246252221e-01 7.578272786114361725e-01 7.700843889400666997e-01 7.782774037298840764e-01 7.718712028830859717e-01 7.743377158834924279e-01 7.795698194130004088e-01 7.846299795600797378e-01 7.746999572177055704e-01 7.770486179954779749e-01 7.715402791032357488e-01 7.913742599282420631e-01 7.737622632950231782e-01 7.836708636846534404e-01 7.786709005834508979e-01 7.887965105467457105e-01 7.647095789467351912e-01 7.700686824004576714e-01 7.767612741821091626e-01 7.825343939975530905e-01 7.773198385001197641e-01 7.818432365576022391e-01 7.804231866741728751e-01 8.048284357496779950e-01 7.761834194940977483e-01 7.791293316026501881e-01 7.848434471784819788e-01 7.481481351343658437e-01 7.407586498097576966e-01 7.651740020898837313e-01 7.424218123691755933e-01 7.610344372985220485e-01 7.734018976158307801e-01 7.798009313341466298e-01 7.568570975063126927e-01 7.658808374945351716e-01 7.713912841569513512e-01 7.620876251530500634e-01 7.392368520500015583e-01 7.542877020586484793e-01 7.581904422767952179e-01 7.616864271151074783e-01 7.568042804097213638e-01 7.592650214693187349e-01 7.474511645998483944e-01 7.437118276832045405e-01 7.600278957685548953e-01 7.559127370693614623e-01 7.544161804604027077e-01
1.834727998429370732e-01 2.173128752337363800e-01 2.939421619816107167e-01 6.590551630865819632e-01 4.891021418059728343e-01 4.194354741306706713e-01 7.387044385976549998e-01 1.000000000000000000e+00 6.389387331098942413e-01 6.381397683734922888e-01 6.545199762186727499e-01 7.360672080504520043e-01 6.847034680875140333e-01 6.488984509067698969e-01 7.850197188438799989e-01 7.821774963949160719e-01 6.801410701666702474e-01 7.231139235619696848e-01 7.252708203707480816e-01 6.748194105365491469e-01 7.493401956143354026e-01 7.651818291447592957e-01 7.618703223723684026e-01 7.410502160471907906e-01 7.485755416590708089e-01 7.967640812643841386e-01 7.631065322484215097e-01 7.805734051393322659e-01 6.976619867313800238e-01 7.726303323645683507e-01 7.785340051956218810e-01 7.825613081575594210e-01 7.472203764743728938e-01 7.772094204774731008e-01 7.167454112099749253e-01 7.409427162940077638e-01 7.340482375101534673e-01 7.923660525978436509e-01 7.865545194206814417e-01 7.869228358373646648e-01 7.650152004523903537e-01 7.772616719267358976e-01 7.671459196506210665e-01 7.810874375523992885e-01 7.793161946617711555e-01 7.710391980423079161e-01 7.152660771620285018e-01 7.299818300284003358e-01 7.332719562981759864e-01 7.455270817987272869e-01 7.676993739865013433e-01 7.613533888761784274e-01 7.607593700971005957e-01 7.554607673261491962e-01 7.722367903105679110e-01 7.930986880906486514e-01 7.626149407624219778e-01 7.663635907981560802e-01 7.572923563454934115e-01 7.330171112326827609e-01 7.532661017514713508e-01 7.544142835578182549e-01 7.671548506219727503e-01 7.562621817170840366e-01 7.380209411306960510e-01 7.624742737540741722e-01 7.325815225642796635e-01 7.560844523088996461e-01 7.344486601877072696e-01 7.531576337834997581e-01 7.638966539153172475e-01 7.465980078384411023e-01 7.571168040133477994e-01 7.562213672364940242e-01 7.632162249153225941e-01 7.459439591014717097e-01 7.330829031915602201e-01 7.271157808582136006e-01 7.527757051081994666e-01 7.587385099386161347e-01 7.612821112306132898e-01 7.506902089853025872e-01 7.754834288639876894e-01 7.439693187596034818e-01 7.648281389047071332e-01 7.648144451151031031e-01 7.470515672113109407e-01 7.708700276735690471e-01 7.605594805152935400e-01 7.613588592173000658e-01 7.660882601819967164e-01 7.460656559368540330e-01 7.551969430166942665e-01 7.564700041393308538e-01 7.310526961309697924e-01 7.222305792018423043e-01 7.794909463234191982e-01 7.663310192385565101e-01 7.607491823210553727e-01 7.630338309379252060e-01 7.579008651210759062e-01 7.566772781005913773e-01 7.578148875258059469e-01 7.633983042998392365e-01 7.581858196076922685e-01 7.543891589162134981e-01 7.510478991774695023e-01 7.392413255457452870e-01 7.492244725285709395e-01 7.452428921063307676e-01 7.504331442051910273e-01 7.388729673671992071e-01 7.467565837070940793e-01 7.602962175103741282e-01 7.532618949598063329e-01 7.568377401971545515e-01
8.646461864228636995e-02 1.523771548051060798e-01 3.094734471689010169e-01 4.823103677015480595e-01 4.095938215764641788e-01 4.822091804397835579e-01 6.423889720033146844e-01 6.389387331098942413e-01 1.000000000000000000e+00 7.342814352892998997e-01 7.734404524096332167e-01 8.228479432772614066e-01 7.524457229107259781e-01 7.457411310035124696e-01 8.133885887251959268e-01 8.173672825388271779e-01 7.955642885573587231e-01 7.008638790483449066e-01 7.620416702591625846e-01 6.460072205623573760e-01 7.091994409951041245e-01 7.462087087077725611e-01 7.338474079019065011e-01 7.368330026050591286e-01 7.306277106993412929e-01 7.900446763817275952e-01 8.001605865906641357e-01 7.782399045937294924e-01 7.164414644232371954e-01 8.071735331271381320e-01 8.319353474431167017e-01 8.309555531415556695e-01 7.978988218857825387e-01 8.279821997882655937e-01 8.270945295298687272e-01 7.762563238311130931e-01 8.181146791123850015e-01 8.194770806831319643e-01 8.191105248500669678e-01 7.686250192607735343e-01 8.482437198775657494e-01 8.256591221737251685e-01 7.940280739528312592e-01 8.443996354718549258e-01 8.281506674288598990e-01 8.235607206929449475e-01 8.548369955078992666e-01 8.675662947906020994e-01 8.615281860461512231e-01 8.249683888808413412e-01 8.367298301663314009e-01 8.228649307607202035e-01 8.390208230802319589e-01 8.654155758766814976e-01 8.399700121133504283e-01 8.323707583038909563e-01 8.320359152254211965e-01 8.538214282049402248e-01 8.470371479405098825e-01 8.672236044313061942e-01 8.570958681010663049e-01 8.596247632559093077e-01 8.458278896298833116e-01 8.580422401858579518e-01 8.647625552613656952e-01 8.575261295847069754e-01 8.651399699687636335e-01 8.579959388496228856e-01 8.628867424367923089e-01 8.461188546928880561e-01 8.500248425479809411e-01 8.537691367923472274e-01 8.548572305617616607e-01 8.486360726882363759e-01 8.571081038513866934e-01 8.562876424280518872e-01 8.451899828385300850e-01 8.332504176190107525e-01 8.437198275887486387e-01 8.588309459957585990e-01 8.543878035346250677e-01 8.595595055273379526e-01 8.538656508998301309e-01 8.592685271757588561e-01 8.535644572107767836e-01 8.605474949066587165e-01 8.469365995980120410e-01 8.533231135970584802e-01 8.575801812827960058e-01 8.589032503019266018e-01 8.358617542176426385e-01 8.522879483909937548e-01 8.532598498811716503e-01 8.543023907858102728e-01 8.620849041358190634e-01 8.654192132470830412e-01 8.359449312205654570e-01 8.468978504397338680e-01 8.557114619160126612e-01 8.548406606073666314e-01 8.486383612312889957e-01 8.602768696714273577e-01 8.553745269375981897e-01 8.601258655288149813e-01 8.579059707304503846e-01 8.529654453709191175e-01 8.668971537974988761e-01 8.641413471055855444e-01 8.620970034828794315e-01 8.646916935116498726e-01 8.557370590693733625e-01 8.673365475164899197e-01 8.648758121033317536e-01 8.646487449174622419e-01 8.669806213376144433e-01 8.658606456572840449e-01
7.882980572902673067e-02 1.879802147947908786e-01 3.081835177140021531e-01 4.774812016456438379e-01 4.030043960824247762e-01 4.563858198919659714e-01 6.401340853880141957e-01 6.381397683734922888e-01 7.342814352892998997e-01 1.000000000000000000e+00 7.036351270110994260e-01 7.656579786551843680e-01 6.966224884753968727e-01 7.029709677333410012e-01 7.809444406940655448e-01 7.681105245245323232e-01 7.353667173045290717e-01 6.734896800597239830e-01 7.160637078372127373e-01 6.204126608311859581e-01 6.730795221536554074e-01 7.193143844493820049e-01 7.101895964917812609e-01 7.059442244344242834e-01 7.043441837967988617e-01 7.548259773815461093e-01 7.583591292645941451e-01 7.537082290970782417e-01 6.856624355739744381e-01 7.719027214927787206e-01 7.898236344077920190e-01 7.924726041278412625e-01 7.577062144281387912e-01 7.797932303712483693e-01 7.694774226812568507e-01 7.339626902550466792e-01 7.677695799720982706e-01 7.828753257388380016e-01 7.794514859093648607e-01 7.557952226668218643e-01 8.034526693054235835e-01 7.863880518347621251e-01 7.562185616114078801e-01 7.931890941238592951e-01 7.909709415749656136e-01 7.885666831248880904e-01 7.993130759793485307e-01 8.125662815361164304e-01 8.043820998598903982e-01 7.639273572773064291e-01 7.891814829241476925e-01 7.645337541267041015e-01 7.846970817546484733e-01 8.146486019632328546e-01 8.017283102741651346e-01 8.021645684012780331e-01 7.801645952460677380e-01 8.051517966431321893e-01 8.048618788275775371e-01 8.075154251450402665e-01 8.026397998661698452e-01 8.042748099148367968e-01 7.954414765272553867e-01 7.952926241299866916e-01 8.003591344678177011e-01 7.992426150051773481e-01 8.098404190812473757e-01 8.069797953847549499e-01 8.057233145731568236e-01 7.964346144161572605e-01 7.994439067793915887e-01 8.015211146627618799e-01 8.059800433645367690e-01 7.984517705136867649e-01 8.070758405724478557e-01 8.040493644505120052e-01 7.958364195710154743e-01 7.810931481465627213e-01 7.962035903265490822e-01 8.073431556606550652e-01 8.048141032794952077e-01 8.071596141267668445e-01 8.068508823669066077e-01 8.042196644451905518e-01 7.997330298210336696e-01 8.076689990350941484e-01 7.971031707039004655e-01 8.055837661085539780e-01 8.060272982305456413e-01 8.092103309720087845e-01 7.978484182026827076e-01 8.041426031809341124e-01 8.056693702546067204e-01 8.049950437078815524e-01 8.060635742998322195e-01 8.072362808406480239e-01 7.902362110910668980e-01 7.887472249029782168e-01 8.017336656166625941e-01 8.033528486804214497e-01 7.996286788849021887e-01 8.046183402417220742e-01 8.011830032115413447e-01 8.073886504481028181e-01 8.006719558789563429e-01 7.984755279836046604e-01 8.106428665078110329e-01 8.104120075245523358e-01 8.099229928715260263e-01 8.090734459154290681e-01 8.096533917069101971e-01 8.085671057051260213e-01 8.082183207063076136e-01 8.050988860006349501e-01 8.071072399651433305e-01 8.079914261132218334e-01
4.234891726051423499e-02 1.079252183479866151e-01 3.086909023564139432e-01 5.025698465326252640e-01 4.065830035633818951e-01 4.856383954071095688e-01 6.729306102097577513e-01 6.545199762186727499e-01 7.734404524096332167e-01 7.036351270110994260e-01 1.000000000000000000e+00 8.354912595474510706e-01 7.486049164627993635e-01 7.479748734412581257e-01 8.290197578719479266e-01 8.250712022989644678e-01 7.625344715465046663e-01 7.095465652956643998e-01 7.717499547427367768e-01 6.765051308401117680e-01 7.408004449487516352e-01 7.669359913106524873e-01 7.443710708805533205e-01 7.458294039922004348e-01 7.696871847033117664e-01 7.974919542582872278e-01 8.229444860279626628e-01 8.074727721517791501e-01 7.563534672840691586e-01 8.178571995019698893e-01 8.547787381925779915e-01 8.334073254282352572e-01 8.107901799969741141e-01 8.326455463235250543e-01 8.168144446811287374e-01 8.026570525343568185e-01 8.372461024001766061e-01 8.354243508675170959e-01 8.399753130400453571e-01 8.093851705515839878e-01 8.597068182131005765e-01 8.479265116627887622e-01 8.272039117021767751e-01 8.538587435970920181e-01 8.468629782136035677e-01 8.494036573843645188e-01 8.608985383941705205e-01 8.606187028913432346e-01 8.620224682836109542e-01 8.279884788996796363e-01 8.462431770041968226e-01 8.344734149934901479e-01 8.459717261123348431e-01 8.587982712945184671e-01 8.382572837519731701e-01 8.457013135277141602e-01 8.195820170799811288e-01 8.523262289842981065e-01 8.482152127372553085e-01 8.612336671560189005e-01 8.642075744429302819e-01 8.488451056889980695e-01 8.469232275581085601e-01 8.512869541209884261e-01 8.475842601852970892e-01 8.431791060096182067e-01 8.612806753584455466e-01 8.606214808315838516e-01 8.624723620232850330e-01 8.573960479416768976e-01 8.648437345672765897e-01 8.645150170133999445e-01 8.561316276725668972e-01 8.614475528558477313e-01 8.668272627841445699e-01 8.677939694525120817e-01 8.631729016187170700e-01 8.528310976669911669e-01 8.627345432190990371e-01 8.624543326451317160e-01 8.640495141641043597e-01 8.686759595502104858e-01 8.632892014579760520e-01 8.603794759776423051e-01 8.580590526139192376e-01 8.627517598023057843e-01 8.626216172382070724e-01 8.636973673383001593e-01 8.679491319849086395e-01 8.663203406716966093e-01 8.594675710786751077e-01 8.667442920893325686e-01 8.641673570078284294e-01 8.684648229590814505e-01 8.663360545805347535e-01 8.665418440704244496e-01 8.491044353318250026e-01 8.428532726789641494e-01 8.643093444464584607e-01 8.643690820925388207e-01 8.673794952173913275e-01 8.653810802209597197e-01 8.631036969951931814e-01 8.674732141441322542e-01 8.631658141646316729e-01 8.532301547898848426e-01 8.661496533452652802e-01 8.635889165882276730e-01 8.662336668435574039e-01 8.666995752145473242e-01 8.629272811183918979e-01 8.662219928910799283e-01 8.639184595983033788e-01 8.644112320553727358e-01 8.604192345992468516e-01 8.614988162272371186e-01
4.937578947191822304e-02 1.508928372279390862e-01 3.467964404126282485e-01 5.891975990718705258e-01 4.793104897440459977e-01 5.377440970715531288e-01 7.503391008720624589e-01 7.360672080504520043e-01 8.228479432772614066e-01 7.656579786551843680e-01 8.354912595474510706e-01 1.000000000000000000e+00 8.231426798287412305e-01 8.106137420534650362e-01 9.052777806259979521e-01 9.056708090028178226e-01 8.275966109197412379e-01 7.741866777228780805e-01 8.337783828608325010e-01 7.493540868843889813e-01 8.188396333424641238e-01 8.477688433944292612e-01 8.144064466208507103e-01 8.032818663795928682e-01 8.315047477455876912e-01 8.715167855049572587e-01 8.922081273882503938e-01 8.819613046869876349e-01 8.230197170354477398e-01 8.828096767722836136e-01 9.198211221333733034e-01 9.056057985954780731e-01 8.776280856531787355e-01 8.996494472619430693e-01 8.776374403644070510e-01 8.719065100825215131e-01 8.987602451065384024e-01 9.102384359645353529e-01 9.184084432352604965e-01 8.898214819656798946e-01 9.316514707451564181e-01 9.272546976814317610e-01 9.026887355752072351e-01 9.345967540641765270e-01 9.278734868733904406e-01 9.291479493610634854e-01 9.320990805099363952e-01 9.329635639009530301e-01 9.304246099678392667e-01 8.915860852764578848e-01 9.218241619155049804e-01 9.126495028460381853e-01 9.243093115003844229e-01 9.332833557160308269e-01 9.160374757216757091e-01 9.277987281974742206e-01 8.959472993052337575e-01 9.328617512213028817e-01 9.240464178403973161e-01 9.342174227096047279e-01 9.358535785441749466e-01 9.243245111201183750e-01 9.218835005463811294e-01 9.257049243952083506e-01 9.214991284967366525e-01 9.212639576605470282e-01 9.338589303121611618e-01 9.343055954550283371e-01 9.315503975250847279e-01 9.289314929735570381e-01 9.404351598842997095e-01 9.368095069672447428e-01 9.267124410903193610e-01 9.325496563248059090e-01 9.415495307185544061e-01 9.386828059151607340e-01 9.350389638581398932e-01 9.255526964400149215e-01 9.374038873325442056e-01 9.336107269735971492e-01 9.373725196234146129e-01 9.409070811073828589e-01 9.393045085852421705e-01 9.315455494915662049e-01 9.303254566314169693e-01 9.353366389125568059e-01 9.360356064864433501e-01 9.390742090469351711e-01 9.418111728902996971e-01 9.394853386750302571e-01 9.372718123462178141e-01 9.415263215595963686e-01 9.406266932021200011e-01 9.423110604748199393e-01 9.384753319823103679e-01 9.366945988838184523e-01 9.247804393170743209e-01 9.163061488053713122e-01 9.356666498274303079e-01 9.373216778141779670e-01 9.399382573962584697e-01 9.391958217482259119e-01 9.376900612008985947e-01 9.426826351760524414e-01 9.370662016513778836e-01 9.273910132154364883e-01 9.391141312332159652e-01 9.386974823164573323e-01 9.404865207475892053e-01 9.405034791253897852e-01 9.385585029330301143e-01 9.386128998305641735e-01 9.368005570589691411e-01 9.372512482752747287e-01 9.344151761606772633e-01 9.362588516861425347e-01
5.873397481356610467e-02 1.603332718690094194e-01 3.151449208831637039e-01 5.202819722271708747e-01 4.584314780207314199e-01 4.828608424247003428e-01 6.975238209689414992e-01 6.847034680875140333e-01 7.524457229107259781e-01 6.966224884753968727e-01 7.486049164627993635e-01 8.231426798287412305e-01 1.000000000000000000e+00 7.398474637982612734e-01 8.329115333823365885e-01 8.357407278038981868e-01 7.535836027458199249e-01 7.185121101652012232e-01 7.528879644667619830e-01 6.845768515775989549e-01 7.324905508240006080e-01 7.623793553565907377e-01 7.494046474837812166e-01 7.421986925934799251e-01 7.586315538432313321e-01 8.081455604237969270e-01 8.098646422669335543e-01 8.085063518350753542e-01 7.392546440728716695e-01 8.098192748397922136e-01 8.393433934723599776e-01 8.290481888971916735e-01 8.042781443610282910e-01 8.216502600838810899e-01 8.098701371642872404e-01 7.904707173096150452e-01 8.145935541028324067e-01 8.320960404837550728e-01 8.384297022418361056e-01 8.128124753896639465e-01 8.532991624594231661e-01 8.486111144281618390e-01 8.339899812123031664e-01 8.589133305553156017e-01 8.473433612855797437e-01 8.487692066649169531e-01 8.496082637671669158e-01 8.534053960316653198e-01 8.478681427245219338e-01 8.032308281095362767e-01 8.371104914099927186e-01 8.253504830274936976e-01 8.441779364390646911e-01 8.528366738145896075e-01 8.358687596379367202e-01 8.504297243687690688e-01 8.107278442842417165e-01 8.536556378202954098e-01 8.403199597779940078e-01 8.580268469477905224e-01 8.562211256345534371e-01 8.460329953298965089e-01 8.409023404467448337e-01 8.485040749051292464e-01 8.378406739383530422e-01 8.398103028339699572e-01 8.537249340876070791e-01 8.566869271374093486e-01 8.560657330879749560e-01 8.507790856269090707e-01 8.545120605236956601e-01 8.516939656380775325e-01 8.525832764972786082e-01 8.512018920681582168e-01 8.633311619179141472e-01 8.557035880628913738e-01 8.534650969890290595e-01 8.379868144495774551e-01 8.523738467481914993e-01 8.556239845175254155e-01 8.556868349020785303e-01 8.593445850698733235e-01 8.562005320730891045e-01 8.539534472123782027e-01 8.511193681600954797e-01 8.573236987395563835e-01 8.497359344221517841e-01 8.571795984556886960e-01 8.594407889190019967e-01 8.581952959173696494e-01 8.556416000264246424e-01 8.606634580678306223e-01 8.598045905233537844e-01 8.600844418577932027e-01 8.562972357101974463e-01 8.550102108527167788e-01 8.435437856952219260e-01 8.313614973756366933e-01 8.534777132629677299e-01 8.571280112343236945e-01 8.591943477023916698e-01 8.532949551043197411e-01 8.547490701202290486e-01 8.638345297206887485e-01 8.533882321392819437e-01 8.408141036388684375e-01 8.567723881519648810e-01 8.597971902595480387e-01 8.592635050707916333e-01 8.586917901550099597e-01 8.540063517620317679e-01 8.595507630149125111e-01 8.530554722573099324e-01 8.577909934976314377e-01 8.525766309653358688e-01 8.541317082516544090e-01
