1.000000000000000000e+00 4.325345469935347464e-02 9.070680829169039394e-02 1.101854957013294473e-01 3.508092432563633678e-02 -2.092881777605009458e-02 -2.467272060151045818e-02 3.245539467776989428e-02 1.199848113392704418e-01 2.811050702629228071e-02 3.073849723656491006e-02 2.376031266631059569e-02 3.110345398489568550e-02 2.770898446065831779e-03 -9.896251734548805468e-03 3.565667641015968833e-03 6.446326966866681996e-02 5.231797167697906786e-02 3.352292111743775810e-02 5.827552166654849375e-02 8.267206349841782487e-02 5.093403343107105741e-02 4.988696567508371649e-02 5.971729620562185592e-02 5.255963180899513726e-02 3.738868886429335542e-02 3.338424652256347103e-02 1.887883910177337241e-02 3.647462389901520025e-02 4.785204116611371794e-02 1.984560227301533988e-02 8.525847777022955987e-03 2.229253882647091751e-03 2.972478049743496401e-03 2.457560095700827077e-02 6.534966992225262582e-03 2.643030581082685473e-02 -1.772452492636901120e-02 8.199862412024470568e-03 -1.239195835073402668e-02 1.157724237104772874e-02 1.191183390586720474e-03 -1.034330004924869859e-02 1.013061290504118500e-02 1.148370645907491154e-02 6.575203502066078332e-04 8.518308936832238998e-03 1.371742479148394499e-02 7.620812678965137831e-03 1.534729123817624857e-02 -3.909679001084717491e-03 4.482468620322380831e-02 2.244646970432163588e-02 1.331130689376146953e-02 2.513607187062188823e-03 5.919903721594317082e-03 2.022732840759609504e-02 3.163050657131552448e-03 -8.601030208386086992e-03 1.900714882208010340e-02 8.298034038310104360e-03 8.526029377643441765e-03 -2.964676713340179317e-03 1.311684677151427926e-02 4.067792575322180110e-02 3.620899716946177072e-02 2.323044663382207303e-02 1.414053121603463421e-02 1.142070835044865264e-02 3.293955361944268106e-02 2.084239984108981689e-02 1.070083552396639166e-02 2.038478864499464194e-02 2.519792449859229247e-02 1.205977782401973682e-02 1.237834294126557468e-02 1.214995671419616396e-02 1.968195245203284080e-02 1.588951938324286231e-02 2.065525155246469846e-02 2.387514046179895280e-02 8.454457583617376940e-03 2.252460720043325190e-02 1.490510222826995843e-02 1.120868496102321241e-02 1.043778819275050472e-02 1.101733037455166972e-02 6.472878591963402393e-03 3.858219218028682753e-03 1.938927737699855033e-02 4.483749432246386668e-03 7.275470538660322103e-03 7.364359388923604269e-03 5.053639163437592847e-03 8.801311988883401410e-03 1.371644027062378195e-02 1.472929476485910008e-02 3.371110324053326612e-02 9.680068354656012897e-03 1.293102450060505497e-02 2.265350464221957925e-03 1.669054970150127271e-02 1.773698841277361257e-02 8.818189290258408169e-03 1.786623050423318329e-02 3.084304879089704368e-02 1.399683039157094758e-02 9.023491132991659155e-03 9.269561291034743994e-03 1.230612118182465055e-02 3.940661348247407290e-03 1.371353640122085528e-02 1.419188185308412238e-02 1.364730292037824241e-02 2.683623713779165892e-02 2.753048544393401839e-02
4.325345469935347464e-02 1.000000000000000000e+00 1.128363463979849546e-01 1.193996548054956364e-01 8.947243666100308801e-02 5.311810513782885129e-02 1.030864071245978092e-01 1.109708419113662053e-01 1.440511868996989797e-01 1.720639237900510321e-01 1.102158075741523496e-01 1.303074436402794356e-01 1.338958984547784503e-01 9.648801061971745696e-02 1.335049266697608539e-01 1.440786072969156839e-01 1.178364185197165043e-01 1.330064582285576946e-01 1.422408117647184778e-01 9.065019239867364020e-02 1.136218230399411999e-01 1.319923508876190976e-01 1.672436785673044601e-01 1.308882425640509606e-01 1.219837270509181587e-01 1.623980865428756581e-01 1.507877267046705827e-01 1.362172894263485035e-01 1.250614883011651468e-01 1.569422681073806281e-01 1.476659979945255108e-01 1.638860285441947340e-01 1.559959357885550846e-01 1.591107178444507719e-01 1.572537419923566160e-01 1.428284362361743054e-01 1.514823499544632468e-01 1.432792703610737128e-01 1.491055156419705818e-01 1.492334838376007944e-01 1.418051144361697491e-01 1.306422835531492188e-01 1.310105801147588012e-01 1.308911424753818331e-01 1.380767145031394638e-01 1.360679309071488041e-01 1.373661476356189404e-01 1.471917946035222469e-01 1.411009052627816840e-01 1.232273629819233551e-01 1.286358890664309473e-01 1.206424006951747618e-01 1.338096904621254024e-01 1.606382408693576291e-01 1.579117789331273558e-01 1.616918621804998291e-01 1.492340820664848355e-01 1.371109685622979857e-01 1.478687247352115375e-01 1.419969876993630031e-01 1.312167036810311938e-01 1.488313567423417971e-01 1.418207007832245903e-01 1.385406411703155594e-01 1.348187184593064303e-01 1.465054483407792207e-01 1.454576327919267220e-01 1.474991582660696854e-01 1.555995867902867091e-01 1.362389582303469293e-01 1.362343939594075071e-01 1.445398059699628535e-01 1.533891401495494911e-01 1.406349822304960862e-01 1.464310379416183527e-01 1.402429456941253205e-01 1.299308882283829736e-01 1.326811648606798510e-01 1.472642413471803857e-01 1.444338566031861948e-01 1.460405379281699834e-01 1.429365594060859612e-01 1.530934656187520615e-01 1.466867095195367177e-01 1.468787677163616578e-01 1.529665224333069395e-01 1.503720211093251824e-01 1.424618412434291437e-01 1.430721455621396243e-01 1.497731814238262849e-01 1.442347583079151008e-01 1.356755943276212184e-01 1.377632215867669041e-01 1.385212614831756173e-01 1.422874622023636848e-01 1.446232330748761230e-01 1.327955570781170214e-01 1.399400264203447541e-01 1.378767768228923440e-01 1.390795762504497546e-01 1.291397525478493180e-01 1.406679228368950541e-01 1.367709017381033287e-01 1.318509830210895239e-01 1.386286730935027134e-01 1.474333483690150881e-01 1.467489097608820903e-01 1.440855640860638498e-01 1.466105361439302701e-01 1.418638977741089324e-01 1.467905008401809430e-01 1.412810631678322326e-01 1.407334008183108442e-01 1.371965954918129837e-01 1.403617559232437917e-01 1.419624320862664102e-01
9.070680829169039394e-02 1.128363463979849546e-01 1.000000000000000000e+00 3.833955461126260511e-01 2.369214416354007424e-01 2.466880676159738106e-01 3.306676402465744680e-01 3.480733724040578347e-01 3.648542980500416033e-01 3.306743163289123655e-01 3.946794920276734953e-01 3.864120230019190694e-01 3.491368034452250746e-01 2.953869813612591821e-01 3.735950734871812950e-01 3.826712900369960146e-01 3.477369184555477721e-01 3.882130493613648592e-01 4.017826654666473707e-01 3.355080034553618584e-01 4.219381806416599989e-01 4.009760807705421981e-01 4.330124670865108105e-01 4.087612523835106315e-01 4.103264344937146424e-01 3.776766973230499813e-01 3.969357797713584657e-01 3.875542138627178779e-01 3.817782683303439506e-01 3.868906763455731146e-01 3.814816204211394779e-01 4.200124809181097763e-01 3.881797508755553960e-01 4.183322781675914426e-01 3.592447702849496105e-01 4.108693084412323171e-01 3.765718810480739309e-01 3.948876330193986650e-01 3.965523586069269468e-01 4.200712946923302327e-01 4.018428339775657610e-01 3.927497005428173260e-01 3.863895293666431141e-01 3.862243341440564359e-01 4.009301760222661049e-01 3.850065885435990931e-01 3.670870456373262480e-01 3.738569675182573659e-01 3.620759966579614741e-01 3.834027466444156484e-01 3.942202456502686969e-01 3.770814229046670074e-01 3.670715280907134725e-01 3.545837727672856987e-01 3.634031102105473865e-01 3.891605555610999634e-01 3.649621323811128026e-01 3.683775087648201718e-01 3.645472534047695112e-01 3.636667343602804081e-01 3.793500889501442153e-01 3.537227633824452933e-01 3.657758828168239384e-01 3.630476790444003288e-01 3.687050811873689993e-01 3.551613989411561700e-01 3.819798298421067662e-01 4.025597166825377604e-01 4.052267167257733727e-01 4.079348399479571508e-01 4.003753770988050520e-01 3.977578702353655182e-01 4.183314118377196578e-01 4.148268776494130061e-01 3.860544026828182096e-01 3.837401514206122410e-01 3.882977082402783164e-01 3.821987740350218377e-01 3.986013595244002894e-01 3.824429683915034350e-01 3.855737122530206173e-01 3.796194094011175468e-01 4.113911013504170100e-01 3.791844553417759722e-01 4.027878717596923286e-01 4.108202360428615529e-01 3.962189070292976845e-01 4.007908648599026180e-01 3.879403781209579960e-01 3.895062396962045703e-01 3.996920183361923895e-01 3.857575002208275539e-01 3.905062874051491439e-01 3.884572087139444019e-01 3.720915006211628628e-01 3.737968286087572367e-01 3.970870554876594349e-01 3.845109304423241503e-01 3.792703314511384205e-01 3.903790016222914439e-01 3.920584494216579619e-01 3.827692088754962585e-01 3.763612921985790005e-01 3.799448837188277861e-01 3.903326943174562080e-01 3.769190581198756940e-01 3.723846757532432994e-01 3.689471237200559472e-01 3.873099798968565044e-01 3.753640488594615077e-01 3.757105532079311194e-01 3.674057640074145370e-01 3.705882212693615285e-01 3.799770667461006557e-01 3.750910160641907076e-01 3.700945083279506553e-01
1.101854957013294473e-01 1.193996548054956364e-01 3.833955461126260511e-01 1.000000000000000000e+00 3.616803825761960023e-01 3.103865792415080871e-01 5.113850510586184228e-01 5.431832286062222570e-01 5.411621031798292680e-01 4.689477818661018649e-01 5.604271082009451010e-01 6.136036135951551396e-01 5.186821284527268761e-01 4.800886204552464176e-01 5.743502518869809670e-01 5.806544598073699603e-01 5.560296765163378341e-01 4.989342475085103978e-01 5.449232343195126171e-01 4.553057693932112682e-01 5.951111924096468275e-01 5.707351757669715253e-01 5.473014092634749250e-01 5.040966400377902001e-01 5.276727563013581257e-01 5.196326028589127732e-01 5.758661809961347355e-01 5.414570525609730955e-01 5.148705327215555849e-01 5.386761314161091496e-01 5.464189768420590898e-01 5.691180479894663025e-01 5.173178846855756019e-01 5.634548190054380346e-01 5.087410270562823245e-01 5.762763521685269064e-01 5.390893602140335306e-01 5.680899820588649618e-01 5.719083127817946588e-01 5.807077278828700617e-01 5.843837369508663171e-01 5.834348431394255075e-01 5.750101956100585054e-01 5.830739096715253922e-01 5.880420246579975974e-01 5.631504992712269564e-01 5.712210340603076641e-01 5.725083611267324235e-01 5.593311663369229247e-01 5.585527270794937715e-01 5.737879858831522739e-01 5.855464163591275195e-01 5.781148192447296275e-01 5.618318139787161769e-01 5.543276902115563676e-01 5.732431803211568422e-01 5.764182907049721916e-01 5.861414697785213290e-01 5.594926178857805299e-01 5.833139586417068756e-01 5.752680314756688507e-01 5.632515550304153518e-01 5.633806079088149454e-01 5.680713134273165377e-01 5.841606945911664850e-01 5.820856550302222487e-01 5.803990769811705475e-01 5.842266050922717557e-01 5.777344852070237513e-01 5.965172693997474740e-01 5.931311555230369681e-01 5.807460200914791315e-01 5.853242758337279250e-01 5.827730247095135319e-01 5.663278565742410064e-01 5.735571189885450005e-01 5.689770654980993436e-01 5.620745142173346753e-01 5.803014098220511396e-01 5.679305390743296655e-01 5.638121327495275725e-01 5.686744668105072620e-01 6.009117533618143492e-01 5.536351410573219223e-01 5.810811218468009409e-01 5.840422887071083924e-01 5.776038144128148311e-01 5.885671686690906457e-01 5.754368934042132233e-01 5.916923667147739874e-01 5.788685149001134844e-01 5.798699913703735387e-01 5.833180206227492892e-01 5.818903397231691699e-01 5.742386699780457349e-01 5.747284823271862075e-01 5.935126824708633064e-01 5.952951208502796909e-01 5.770479784600374140e-01 5.845500376046682822e-01 5.892323564526739110e-01 5.920344730117904630e-01 5.839454225257663111e-01 5.840651020678305771e-01 5.985020338828901387e-01 5.974394692699914744e-01 5.786734686866092936e-01 5.686715670377835430e-01 5.848983380645824681e-01 5.814211150625064883e-01 5.836273434556722428e-01 5.787049725744420892e-01 5.838202872866800064e-01 5.846487668220151646e-01 5.884702229280064367e-01 5.898584177102119686e-01
3.508092432563633678e-02 8.947243666100308801e-02 2.369214416354007424e-01 3.616803825761960023e-01 1.000000000000000000e+00 2.584807262675075656e-01 4.591325890593264125e-01 4.621224024843149647e-01 4.728041807008947495e-01 3.718564599532585557e-01 4.633331715699844922e-01 4.880313905638241634e-01 4.716212752051853752e-01 3.992010745180366027e-01 4.916459979570824146e-01 5.100454163375236494e-01 4.612321122528515449e-01 3.564276092836143883e-01 4.325126216993421813e-01 2.748617081891248093e-01 4.055008215993822773e-01 4.489293865077825796e-01 4.379010253952949627e-01 3.685332020434443634e-01 4.358318503945574074e-01 4.458573705291131728e-01 4.683825469527566621e-01 4.503828189907616020e-01 4.307244519425301732e-01 4.506404006467658041e-01 4.541390754940043961e-01 4.775127271207024182e-01 4.313634185877864291e-01 4.518989510720331504e-01 4.409866360653919015e-01 4.857947195229914694e-01 4.515613647990446844e-01 4.713817817611052896e-01 4.789236563800046698e-01 4.824522451354661401e-01 4.893848718430509614e-01 4.944287947613767442e-01 5.032319126072325455e-01 5.031786163116431787e-01 5.019589922292786444e-01 4.735607958542726870e-01 4.907805834662200550e-01 4.909815756645591334e-01 4.900449018125118128e-01 4.763184195048997815e-01 4.960673282342257795e-01 4.876517953101064951e-01 4.913970259710115362e-01 4.843936759582311846e-01 4.820442489131518404e-01 4.938077873585223210e-01 4.952894366628648459e-01 4.900290722401867693e-01 4.815124541223239074e-01 4.970455135978681382e-01 5.037350750062217219e-01 4.862238983706733686e-01 4.884339624007231762e-01 4.978776326313013034e-01 4.909612982274277337e-01 4.944009193853251549e-01 4.942314413782977756e-01 4.909688813518056638e-01 4.892554547923179120e-01 4.627266810043723644e-01 4.936681827197216821e-01 4.912102692109163726e-01 4.798819276326570238e-01 4.862689240924341072e-01 4.861281128635592808e-01 4.897469997108893081e-01 4.837415299627861320e-01 4.790983354320776932e-01 4.890081739249960702e-01 4.843683322973186822e-01 4.844418248569824503e-01 4.792414229624358257e-01 5.035932166888149597e-01 4.765069847592577346e-01 4.921117660744301903e-01 4.875440495786486639e-01 4.893434261832350640e-01 4.941657501028515753e-01 4.895107800929984765e-01 4.959964054037716008e-01 4.892562775071177539e-01 4.965479458576514959e-01 4.951931703153341635e-01 4.914409513749564140e-01 4.888774893411562683e-01 4.887024213751285373e-01 4.998278644564158602e-01 4.993612773801316962e-01 4.950839255282794560e-01 4.996338922618016043e-01 5.032284701517295566e-01 4.973943011500083222e-01 4.984903746213257270e-01 4.974554802208278614e-01 5.005737649372811182e-01 4.974814129186947986e-01 4.944700886093401637e-01 4.867823525743593116e-01 4.913998069215147479e-01 4.960204105785853690e-01 4.925767713431692396e-01 4.946614913074251496e-01 4.953073565692765468e-01 5.014791295074561006e-01 4.936354494016205186e-01 4.966880181615693224e-01
-2.092881777605009458e-02 5.311810513782885129e-02 2.466880676159738106e-01 3.103865792415080871e-01 2.584807262675075656e-01 1.000000000000000000e+00 4.613329615292103281e-01 4.193922874023653380e-01 4.328152590543464795e-01 3.916552289108789497e-01 4.632303862344383516e-01 5.038134961387834565e-01 4.545773333452667320e-01 4.290545246704043358e-01 5.129697339761343233e-01 4.966459973691194074e-01 4.468731223029330790e-01 3.384028300999663008e-01 4.032521198246737382e-01 3.192266541103701560e-01 3.709298796556626532e-01 4.258814149729981957e-01 4.163744922361109491e-01 3.423508302750262189e-01 3.959922608284905943e-01 4.423293434539964930e-01 4.774185564139943883e-01 4.409405067791437594e-01 4.451533264598077633e-01 4.530658699041326121e-01 4.879413717178222587e-01 4.679666549992115843e-01 4.190780337641610842e-01 4.458335951701094535e-01 4.373498391407749097e-01 4.816371220831253686e-01 4.622507716848595627e-01 4.819179552391070764e-01 4.804209589484607079e-01 4.763694799041766625e-01 4.958290805561627046e-01 5.002732863400626284e-01 4.968003146580351470e-01 5.003574661147386360e-01 5.022855113427282525e-01 4.853956983074827480e-01 5.117481969259239927e-01 5.105788739173752200e-01 5.058425190403573746e-01 4.747706018962273844e-01 4.958815258569104767e-01 4.914749062282462999e-01 5.008606118975114097e-01 5.058378671953390748e-01 4.963594747364533655e-01 5.078227467548160901e-01 5.045081884256298332e-01 5.097594432241249196e-01 5.043241702820258077e-01 5.104732865211042414e-01 5.144700421759563769e-01 5.081532393286504190e-01 5.067395492315580618e-01 5.064296216054718913e-01 4.971730934576355510e-01 5.042941631416538728e-01 5.079115022422671100e-01 4.967811994428955047e-01 4.996191000489917378e-01 4.819660125237782422e-01 4.905609051713379354e-01 5.000605251749725699e-01 4.827874326348075007e-01 4.851195127278321584e-01 4.997944220318040753e-01 5.049047193133954226e-01 4.944130789465830400e-01 4.962947433496319172e-01 4.970261222464062434e-01 4.987508816479847007e-01 4.926776544639766553e-01 5.036708500522893983e-01 5.089051688003185525e-01 4.890029188934544302e-01 5.019442437686523206e-01 5.011217229669434614e-01 5.012861615619461642e-01 5.063959299104616729e-01 5.036306500507935491e-01 5.064142734436560822e-01 4.986584195075240977e-01 5.083765385597076580e-01 5.083633325974630246e-01 5.040097942193852987e-01 5.108408007559944730e-01 5.104858623087885627e-01 5.113212849163399909e-01 5.073340287489114253e-01 5.115967968368754226e-01 5.104649761676763875e-01 5.122113485599795180e-01 5.125003998540418326e-01 5.153980393327497467e-01 5.118638024658624941e-01 5.180754281654613713e-01 5.126005926527898993e-01 5.103300826394507883e-01 5.122521811535208913e-01 5.110395534937330897e-01 5.129866474392207332e-01 5.118319706189131679e-01 5.131852979180265839e-01 5.146664541786590830e-01 5.141423640867883726e-01 5.080037363289079400e-01 5.143429220305179017e-01
-2.467272060151045818e-02 1.030864071245978092e-01 3.306676402465744680e-01 5.113850510586184228e-01 4.591325890593264125e-01 4.613329615292103281e-01 1.000000000000000000e+00 7.020275337534300775e-01 6.743755297116542646e-01 6.451833282054143526e-01 7.414587898215686534e-01 7.797042989154829851e-01 6.921188881353608213e-01 6.967112113401084939e-01 8.346650927571050982e-01 7.865268164151051344e-01 7.121137989360974974e-01 5.652984327199233050e-01 6.602992472155263526e-01 5.015162943618717284e-01 6.289764410679280493e-01 6.987978188524356371e-01 6.777503691633159910e-01 5.483036583059698321e-01 6.559543989724644364e-01 7.243392620293404027e-01 7.587998447740008645e-01 7.423783812141944161e-01 7.067930559199410157e-01 7.592513205156867784e-01 7.816866600564373879e-01 7.375386050476397948e-01 6.910834534698618858e-01 7.073130301346227666e-01 7.097119257048984942e-01 7.446962630002659234e-01 7.323632694115598252e-01 7.727228137773719530e-01 7.723509249052921133e-01 7.720479014660268646e-01 8.031883761423584955e-01 8.057922478610904937e-01 7.854437592027232462e-01 8.043692793455043955e-01 8.021560565085855687e-01 7.868319850974268004e-01 8.081962811390897006e-01 8.034510295289968296e-01 7.919314499042303668e-01 7.525730050826285877e-01 7.902478965188598492e-01 7.700501712443823532e-01 7.999789042190835753e-01 7.800987283576724662e-01 7.727009169110831133e-01 7.873946435145166012e-01 7.770968581812766063e-01 8.015374956356248193e-01 7.871008525073466267e-01 8.074200538943662186e-01 8.148079554358343968e-01 7.920970672876679330e-01 7.884450155384892245e-01 7.953681488214149331e-01 7.886750383163920741e-01 7.890912376770071734e-01 8.059780690108216961e-01 7.962851105980661703e-01 7.947973366770717529e-01 7.761222523697234310e-01 7.878689187983294318e-01 7.998555543735444973e-01 7.669754061263270861e-01 7.821923927613106953e-01 8.053931091881054716e-01 8.062118728356398867e-01 8.050081034285841985e-01 7.920000703167545675e-01 8.032825990091017054e-01 7.993796062004788761e-01 7.957871472306528027e-01 8.049565943503794729e-01 8.094546726198168507e-01 7.784002194488763848e-01 7.994706699486680002e-01 7.932232194129134051e-01 7.964563787882993351e-01 8.132619042438733459e-01 8.054163717572344616e-01 8.050015801982399744e-01 8.057069060474346678e-01 8.174148176542608280e-01 8.144498352430079580e-01 8.149155594942364411e-01 8.102613305394693599e-01 8.074691173899888330e-01 8.146380782215315586e-01 8.074234064009241374e-01 8.183083288491884710e-01 8.149558954573778990e-01 8.180599444736259551e-01 8.141136146523576533e-01 8.150197421631841799e-01 8.200611915596538459e-01 8.205946583055486743e-01 8.038196789409012277e-01 8.123823255856211789e-01 8.059095937888020034e-01 8.126757018627689400e-01 8.140176445524889282e-01 8.101150742956488848e-01 8.125760059842839222e-01 8.122573214046718837e-01 8.157234229873364662e-01 8.070729173656696620e-01 8.113572018593336876e-01
3.245539467776989428e-02 1.109708419113662053e-01 3.480733724040578347e-01 5.431832286062222570e-01 4.621224024843149647e-01 4.193922874023653380e-01 7.020275337534300775e-01 1.000000000000000000e+00 6.759882695174175282e-01 6.095515591360859409e-01 7.120356817178719044e-01 7.691298081806857700e-01 6.948227441098926427e-01 6.623317981605472138e-01 7.749745511769225992e-01 7.869245784461075255e-01 6.801693768476145818e-01 5.655630578534739383e-01 6.363412460989436026e-01 5.011665157749933819e-01 6.471907913067670437e-01 6.817162073072375872e-01 6.559497096029021090e-01 5.459545697922048024e-01 6.280252107674684225e-01 6.942342771570982896e-01 7.335358054874020484e-01 7.161389839935113910e-01 6.826957027368802944e-01 7.331234722097699219e-01 7.450353272843767138e-01 7.300632044327683978e-01 6.733656430087618938e-01 7.011010296478928927e-01 6.923896015816923821e-01 7.350090087296582420e-01 7.145187984120979774e-01 7.575330238621446055e-01 7.527506798880980732e-01 7.476781329868733561e-01 7.618774413645906796e-01 7.703488935338653754e-01 7.668569190431107074e-01 7.736773177838831561e-01 7.736649989405464112e-01 7.623723598178132610e-01 7.751306196325700171e-01 7.719655434968362151e-01 7.656830707109927303e-01 7.423932955293468527e-01 7.694443802380682706e-01 7.414573865015604559e-01 7.673026060492806888e-01 7.610098521917366687e-01 7.623164878953816448e-01 7.635883654884969562e-01 7.736647994208027956e-01 7.808872388265349906e-01 7.704975151323959492e-01 7.784956239691135371e-01 7.817754577045271658e-01 7.716548123457110941e-01 7.753855100690429936e-01 7.729549729287817916e-01 7.624313978458052699e-01 7.731677920070766374e-01 7.746310314594773150e-01 7.636430284544337699e-01 7.682888961475737855e-01 7.539430878611311782e-01 7.596281047075640336e-01 7.626061728062974998e-01 7.419732087509838259e-01 7.463997784738309882e-01 7.629299079101923287e-01 7.702225540081494293e-01 7.662534301657185631e-01 7.554111866684244392e-01 7.705767671897644222e-01 7.684031372004304083e-01 7.629621547122070746e-01 7.695286885476011474e-01 7.798490578786154703e-01 7.535335940022570567e-01 7.677243569570981752e-01 7.653245773710883881e-01 7.657698038695106568e-01 7.795562921800248679e-01 7.723831969391041774e-01 7.776079512167203278e-01 7.657608698422561089e-01 7.775119694959781169e-01 7.785246201856321768e-01 7.775986695953899241e-01 7.769235602402048135e-01 7.752459425441957652e-01 7.839303799471227796e-01 7.834810922346053808e-01 7.852963040028131392e-01 7.804639045663357422e-01 7.836897562978180076e-01 7.885275364802910580e-01 7.788385820424986727e-01 7.835408285449908528e-01 7.830428606951035375e-01 7.858888207196036424e-01 7.803020393161355095e-01 7.721997626891553557e-01 7.822102867588199837e-01 7.835976099804587980e-01 7.826205055894067675e-01 7.796540339038646739e-01 7.826669819797091865e-01 7.838747638414156338e-01 7.748344237469240170e-01 7.829339540629124405e-01
1.199848113392704418e-01 1.440511868996989797e-01 3.648542980500416033e-01 5.411621031798292680e-01 4.728041807008947495e-01 4.328152590543464795e-01 6.743755297116542646e-01 6.759882695174175282e-01 1.000000000000000000e+00 7.071670041315238908e-01 7.885131979373048994e-01 8.243668155710327516e-01 7.561278091571023152e-01 6.962162833239414761e-01 8.127199393347641632e-01 8.144021688567906203e-01 7.981968051620093041e-01 5.997567093171841668e-01 7.105516393176795065e-01 4.987771905595968502e-01 6.779278117673769311e-01 7.796459787984870715e-01 7.433581170025075346e-01 6.064046527984996438e-01 7.255637876999707636e-01 7.890032348182833832e-01 8.125974752373481547e-01 7.860715143341306943e-01 7.564816510746200651e-01 8.205919522847908709e-01 8.301785775521146604e-01 8.058173391012587450e-01 7.435364805121924547e-01 7.693424563462224475e-01 7.909753403150588946e-01 7.895148222141656902e-01 8.152213775537332507e-01 8.140263641274343431e-01 8.259297493282484748e-01 7.965228154210184375e-01 8.436211728805517174e-01 8.342774847130903781e-01 8.186799600567870039e-01 8.462039379106858217e-01 8.430208252461039997e-01 8.332713099271195079e-01 8.520179021477576331e-01 8.621581753486575739e-01 8.516680209051883388e-01 8.033680743307847205e-01 8.320246571147810188e-01 8.082706741446460397e-01 8.481290444747502377e-01 8.554427646673012919e-01 8.370371541303730512e-01 8.477251509586015699e-01 8.444220383110661032e-01 8.471122150212258006e-01 8.404212471599727952e-01 8.620751010312261986e-01 8.502446330068184066e-01 8.537656262091234405e-01 8.418378207174425087e-01 8.540527151980613629e-01 8.600364878145178027e-01 8.625759476578902518e-01 8.594531538340404175e-01 8.436097750523990912e-01 8.455577746902951386e-01 8.108195562706604909e-01 8.473828989491762886e-01 8.524721149536983456e-01 8.168625265346182163e-01 8.366421389582954227e-01 8.490717512599497141e-01 8.526997034542456166e-01 8.450099184663288909e-01 8.379554557677508786e-01 8.500548371372596002e-01 8.552666658099026264e-01 8.559659516771909171e-01 8.495355792052297073e-01 8.550279576603971865e-01 8.474767275882247874e-01 8.420867664749194237e-01 8.425082568580662956e-01 8.484702883393011597e-01 8.442590936821298131e-01 8.507874922192478762e-01 8.556333000709115399e-01 8.400200646522499870e-01 8.477636566750703651e-01 8.527729569560209555e-01 8.483782803375077286e-01 8.564701278913530169e-01 8.573812498402718640e-01 8.374078913919779099e-01 8.457899795942118715e-01 8.468399337557126483e-01 8.466346837569901362e-01 8.427947377093576442e-01 8.502901978929333637e-01 8.546117596816039663e-01 8.520094345150397430e-01 8.500898435136663434e-01 8.532082082527063793e-01 8.578216697967833149e-01 8.542719797749718236e-01 8.523057226542588571e-01 8.572653043423400510e-01 8.504854273450399571e-01 8.582064951528685093e-01 8.563566827365806100e-01 8.557953384366517868e-01 8.584614584191657682e-01 8.599804875755799882e-01
2.811050702629228071e-02 1.720639237900510321e-01 3.306743163289123655e-01 4.689477818661018649e-01 3.718564599532585557e-01 3.916552289108789497e-01 6.451833282054143526e-01 6.095515591360859409e-01 7.071670041315238908e-01 1.000000000000000000e+00 7.292520550214025565e-01 7.489620907021666829e-01 6.678795616039937544e-01 6.538286260746998257e-01 7.622739220725331943e-01 7.460829689965831069e-01 7.078276642540263230e-01 5.440646636650563472e-01 6.431005640621573205e-01 4.517676067512286786e-01 6.030222530318269936e-01 7.059421860140210336e-01 6.878694582190806317e-01 5.419867832216449521e-01 6.592468169327497796e-01 7.538357309690935093e-01 7.659008482467021262e-01 7.492893806808846868e-01 7.321582529068202394e-01 7.718198508788562950e-01 7.876574893342221939e-01 7.502023587387255388e-01 7.147012259410480128e-01 7.237628982444490600e-01 7.389890000580365825e-01 7.290098207921085205e-01 7.681245902180295904e-01 7.759343076619936719e-01 7.881329561998828837e-01 7.653072835314039812e-01 7.852710053864689899e-01 7.799878578907465387e-01 7.594846292305064139e-01 7.805499663219396256e-01 7.813048375018175618e-01 7.904283505721493297e-01 7.877631001133589272e-01 8.021355526457737417e-01 7.808744573023740365e-01 7.210868022815434264e-01 7.663357107935404589e-01 7.059686472496669030e-01 7.682016779350884228e-01 7.923363446186845183e-01 7.755681630542691218e-01 7.912905482503133081e-01 7.553658045089273188e-01 7.873950908764353329e-01 7.817220806432610969e-01 7.904558115040136723e-01 7.743976835778978440e-01 7.820907620121070325e-01 7.690310984447726872e-01 7.751214541848734374e-01 7.788678516571305721e-01 7.797317791618446625e-01 7.986775513538872939e-01 7.780765597038630244e-01 7.897501333260629197e-01 7.484127308140504642e-01 7.776140308455855576e-01 7.910088006884147260e-01 7.504190689844502105e-01 7.721218580745413673e-01 7.951946846591994023e-01 7.957409343946758584e-01 7.896732677959072966e-01 7.914874775010253272e-01 7.945424488069491309e-01 7.954093797236502228e-01 7.958399457767341145e-01 7.974971608861722849e-01 7.924821379679833910e-01 7.889030777612863199e-01 7.831095042723729138e-01 7.863105902277340853e-01 7.939243488276931382e-01 7.920443886443707671e-01 7.947291799450929561e-01 8.014851123013667644e-01 7.919569843623366356e-01 7.910559948918377549e-01 7.906307958644674949e-01 7.955417618752346209e-01 7.920215900842584311e-01 7.971089588252953106e-01 7.582436517686079736e-01 7.538080355652952980e-01 7.760561221069190996e-01 7.795623391631293364e-01 7.781685958097777078e-01 7.761592964004666584e-01 7.835143194526256183e-01 7.869956171012475465e-01 7.772786934512553314e-01 7.703865170282749864e-01 7.863867874331466057e-01 7.968136408168983165e-01 7.968787782144922671e-01 7.913591415689549269e-01 7.913655846593069532e-01 7.919877018314882555e-01 7.872421203700429304e-01 7.841120205888026939e-01 7.863406352791637577e-01 7.863577967013887227e-01
3.073849723656491006e-02 1.102158075741523496e-01 3.946794920276734953e-01 5.604271082009451010e-01 4.633331715699844922e-01 4.632303862344383516e-01 7.414587898215686534e-01 7.120356817178719044e-01 7.885131979373048994e-01 7.292520550214025565e-01 1.000000000000000000e+00 8.611746217116214019e-01 7.736367049820963571e-01 7.461332923589025778e-01 8.630928312763288535e-01 8.563218119326149180e-01 7.961171766694659091e-01 6.317096691488234272e-01 7.412292308144479147e-01 5.576685840741559819e-01 7.000570478741426905e-01 7.990470124503205041e-01 7.669731791452752967e-01 6.251629688379295446e-01 7.423240189941723299e-01 8.288897948105270475e-01 8.579254919618496400e-01 8.316992133460521242e-01 8.145902146721593073e-01 8.619505901722508412e-01 8.789060825178117708e-01 8.366280716459902900e-01 7.780557632687337133e-01 8.025755518286556978e-01 8.158871082695303700e-01 8.337534328768223535e-01 8.543830818803299643e-01 8.662209326474379356e-01 8.687124767679604842e-01 8.488991874633017298e-01 8.875469736242653784e-01 8.863571652976455217e-01 8.657584103908204654e-01 8.879276989983673207e-01 8.879493461268077592e-01 8.813533642709743265e-01 8.928342598044922696e-01 8.980559383008259733e-01 8.897612997173969251e-01 8.407708221789911285e-01 8.766760082106174190e-01 8.360274002763906642e-01 8.828527744008340949e-01 8.845128351943205569e-01 8.778981691662158804e-01 8.880720225524340039e-01 8.717854635490848159e-01 8.897206109072062219e-01 8.850081573078676378e-01 8.946972692210722888e-01 8.942290021534463618e-01 8.886439039584244082e-01 8.848267629214262575e-01 8.894002108643974669e-01 8.846209483991533951e-01 8.851412552548159063e-01 8.978733722326878164e-01 8.867311080584436844e-01 8.893182040525936527e-01 8.656674630499566758e-01 8.843936972712673761e-01 8.944953063798130044e-01 8.550233764956156612e-01 8.716217719351049276e-01 8.959517018828229151e-01 8.983053779704855968e-01 8.928965447737552408e-01 8.900129452355143300e-01 8.960728014755027226e-01 8.977682546412657505e-01 8.957014774799116896e-01 8.975140501925825687e-01 8.933962041790812769e-01 8.871247396622532477e-01 8.878210239382485769e-01 8.841223994129452368e-01 8.927076999747278752e-01 8.952324984290284116e-01 8.960132826013234020e-01 8.972014073485981012e-01 8.910443819739951588e-01 8.972396066719182661e-01 8.989575090770530741e-01 8.992476088881757867e-01 8.987384368742151741e-01 8.996765889856888077e-01 8.887666811296160985e-01 8.842330323711509177e-01 8.964127855940448031e-01 8.932098850919704125e-01 8.942700686309111857e-01 8.974614911896193759e-01 8.964397011709722696e-01 8.983223423514851147e-01 8.946989764861393857e-01 8.918729533561472467e-01 8.992501050350535374e-01 8.994362085459284284e-01 9.008406730832650977e-01 8.982097778693267642e-01 8.971687874823855990e-01 8.981309454503696443e-01 8.992247433031803627e-01 8.985303405162026191e-01 8.951722565063672254e-01 8.976078462620419307e-01
2.376031266631059569e-02 1.303074436402794356e-01 3.864120230019190694e-01 6.136036135951551396e-01 4.880313905638241634e-01 5.038134961387834565e-01 7.797042989154829851e-01 7.691298081806857700e-01 8.243668155710327516e-01 7.489620907021666829e-01 8.611746217116214019e-01 1.000000000000000000e+00 8.044505918557176560e-01 7.838894960241314935e-01 9.108134771308017408e-01 9.007395992447910782e-01 8.327992435260581638e-01 6.292704318902693217e-01 7.398431112211837357e-01 5.747374494657719879e-01 7.292632264354489413e-01 8.105462272241233945e-01 7.720578251582379536e-01 6.156434999482381931e-01 7.444171675017465795e-01 8.392555454458461295e-01 8.837074431730108648e-01 8.590375260107523392e-01 8.275633278126746095e-01 8.752574975255908996e-01 9.105810130932876501e-01 8.584665324016444998e-01 8.050248676217046651e-01 8.207712420643213935e-01 8.310669013070067779e-01 8.640406932660377182e-01 8.646428886165461458e-01 9.001109960994212456e-01 8.970025769324680986e-01 8.884444979567595047e-01 9.208989005384586868e-01 9.234979828615138553e-01 9.067320533981465536e-01 9.264340874755766508e-01 9.220875729712949553e-01 9.148267277318574697e-01 9.328178979077053068e-01 9.334751129333160868e-01 9.250670972716503737e-01 8.724948647457265727e-01 9.146892215854464103e-01 8.735658948858268102e-01 9.221214083762602209e-01 9.197098867667335975e-01 9.086890915735322816e-01 9.206061876206742545e-01 9.107618664890231308e-01 9.301469815524351370e-01 9.202613077419872223e-01 9.348425294406995656e-01 9.327387216663449720e-01 9.251090491597186993e-01 9.193605175121062345e-01 9.258343036318921193e-01 9.188774081768633639e-01 9.231090235441781200e-01 9.302774864915746011e-01 9.120055814867581434e-01 9.159090045008533298e-01 8.971100508688374386e-01 9.130690195320539937e-01 9.202735311877331403e-01 8.756610102969979437e-01 8.927495311418525148e-01 9.239112910038886906e-01 9.299997499342470553e-01 9.235501991754750950e-01 9.168609199928959841e-01 9.248034143818938402e-01 9.281581778159907481e-01 9.231720500958008335e-01 9.304421632431680855e-01 9.262024883340665982e-01 9.117987861579623932e-01 9.169617870075571497e-01 9.117811612012126643e-01 9.211172610313046460e-01 9.293181900292604158e-01 9.271888045811563783e-01 9.308827927876662800e-01 9.238785745474104028e-01 9.347421315040592704e-01 9.342820272206556753e-01 9.330006507047794440e-01 9.351286575306665405e-01 9.349000634653306108e-01 9.245612289131612815e-01 9.199201169536287415e-01 9.320861746848291274e-01 9.302621979410143904e-01 9.316285622708538883e-01 9.331116917052442172e-01 9.340682874846218953e-01 9.380410149564040179e-01 9.327945321281613245e-01 9.278781237586415376e-01 9.335408469346655469e-01 9.333997832155425112e-01 9.351505993516611159e-01 9.365543078018995216e-01 9.337372823716069137e-01 9.363247038157737068e-01 9.354610882065782507e-01 9.355867193349559630e-01 9.316541250827176102e-01 9.356307886964486675e-01
3.110345398489568550e-02 1.338958984547784503e-01 3.491368034452250746e-01 5.186821284527268761e-01 4.716212752051853752e-01 4.545773333452667320e-01 6.921188881353608213e-01 6.948227441098926427e-01 7.561278091571023152e-01 6.678795616039937544e-01 7.736367049820963571e-01 8.044505918557176560e-01 1.000000000000000000e+00 6.919382775914278971e-01 8.117032519713217598e-01 8.156548703009127710e-01 7.506892430099674218e-01 5.605758889018930269e-01 6.731949577843406862e-01 4.736217436707187978e-01 6.291893916738664494e-01 7.360089674017267214e-01 6.998308692154400212e-01 5.507048320466925162e-01 6.831911953576991214e-01 7.607257785205449041e-01 7.907712663706523148e-01 7.631566553790072316e-01 7.319857297997948153e-01 7.894061135187883105e-01 8.138392862463388333e-01 7.789645806608510581e-01 7.251738573512939157e-01 7.425901137944083130e-01 7.650526219420503704e-01 7.805327015891970754e-01 7.898499069100426428e-01 7.960758046869979010e-01 8.088592182256792995e-01 7.877942777712080291e-01 8.204928331060887814e-01 8.198216879522509659e-01 8.141039810158616774e-01 8.276860922761091199e-01 8.290908136165741071e-01 8.147763360714154190e-01 8.366922890011613267e-01 8.405890545228422717e-01 8.301353707101771784e-01 7.756773534897064559e-01 8.175189062554563124e-01 7.721822236537176920e-01 8.191592657991988435e-01 8.267070213286860092e-01 8.131737226939438345e-01 8.231715930054464003e-01 8.173845914645178068e-01 8.319836532550587416e-01 8.216778482328358502e-01 8.430643754809811208e-01 8.376060749305329622e-01 8.317627221562188256e-01 8.239163656490249288e-01 8.346363944248452738e-01 8.257144385108420304e-01 8.312270689465300899e-01 8.378521971557959525e-01 8.202691936227164415e-01 8.243403924666765636e-01 7.879463032398237310e-01 8.173273108313323654e-01 8.289702911126679563e-01 7.850406811044452482e-01 8.064330422626031503e-01 8.290525310767309364e-01 8.330942269118832844e-01 8.247149973124816569e-01 8.201151254679605040e-01 8.293195795437755535e-01 8.344941368660888648e-01 8.345301874807735665e-01 8.361089278359615795e-01 8.338831607205433594e-01 8.247248948414226399e-01 8.210666547864106102e-01 8.211030564410622956e-01 8.335695886863978554e-01 8.322842046006951877e-01 8.350013871800128218e-01 8.381313800029714933e-01 8.268501039637760064e-01 8.345282525432708987e-01 8.383533247048536863e-01 8.353020454410965412e-01 8.385664536996714213e-01 8.397941691671336750e-01 8.257782876559766061e-01 8.229526154198878451e-01 8.348282666576430922e-01 8.328685153555935861e-01 8.354451227873311847e-01 8.334076089039931245e-01 8.344211955560100202e-01 8.385738266955409248e-01 8.331990981128213347e-01 8.316408786196037850e-01 8.382269675583452484e-01 8.374875053065303776e-01 8.385968095916890297e-01 8.405681054597872182e-01 8.354674028746331693e-01 8.395160387606622754e-01 8.394523788514455243e-01 8.417335197172581829e-01 8.358254541401192173e-01 8.379035162561320194e-01
