1.000000000000000000e+00 9.329486633518563332e-02 1.140631748274164997e-01 1.184652519007716592e-01 3.881337306587923086e-02 1.933311464518180228e-02 4.217705626421320436e-02 2.212112586727839683e-02 1.320644663612854375e-01 4.023371685057521713e-02 6.915281686222993218e-02 5.273516897853423868e-02 4.651328986457145542e-02 2.201109192460981231e-02 1.427611876625807519e-02 7.935227867411447783e-03 1.687344734498641974e-01 8.358262744684873125e-02 5.216205905584091890e-02 1.032782261305524307e-01 9.335568429353652276e-02 6.976779493434301371e-02 9.971916788257872977e-02 4.086490021418000967e-02 3.907640546279387422e-02 3.132036634168865880e-02 6.969157087760155522e-02 2.486520674584020985e-02 9.006832005936543650e-02 7.831857587733795367e-02 6.294525764549881164e-02 6.550631199402709437e-02 3.214259168225111485e-02 5.823358574355804590e-02 6.934634208600566618e-02 9.249709826726013051e-02 4.725459707089790101e-02 -2.965271851711594707e-03 2.334912740885716070e-02 -3.856152153781802761e-02 7.597116933676363766e-03 -7.061390984850979269e-03 5.538636243139393595e-03 1.607105293503938159e-02 2.981724788421764513e-02 8.166172800825911848e-04 2.632921751806277695e-03 2.115445084966862191e-02 1.843340340341598910e-02 1.715694255987749300e-02 -5.182087729856088912e-03 8.451819623308014229e-02 4.421516152088794671e-02 3.873397045859988674e-02 2.035252174877302464e-02 -5.314562492857425983e-03 5.793996496545521929e-02 5.738776758182386785e-03 -1.624834858320162861e-02 5.621887742213156625e-02 6.346418528012456178e-03 3.251041521173749643e-02 2.264956484051015850e-02 5.099797561379799948e-02 6.682429315853763430e-02 7.843499999857209137e-02 3.712860934475123442e-02 2.426459082232070366e-02 4.974537543388003746e-02 4.878239932080826596e-02 1.999106232877580561e-02 2.950554812653102474e-02 2.667998419520463751e-02 1.688004298196962502e-02 1.529610340650407879e-02 2.185893213599478940e-02 1.253456788412710826e-02 4.318770306276820820e-02 2.796252034272588699e-02 3.798731438351328482e-02 2.615003713605948410e-02 2.342093752067208809e-02 4.378244650436315111e-02 3.028673880044494698e-02 1.225467721351245452e-02 2.447079460896060821e-02 2.475723583165496955e-02 1.652268858197214604e-03 1.352840003325308550e-02 2.061261500495313592e-03 -5.647977517985985040e-03 -2.216255952225155371e-03 8.970130917535328735e-03 2.631488167954253773e-03 7.642451848140981684e-03 1.218571025612127413e-02 -9.080698067483222030e-03 4.439719913047334571e-02 -7.248673648266860947e-03 -4.572685318908767393e-03 -2.130613437578821219e-03 1.405952878190544833e-02 1.418178635763476560e-02 6.573694910249618453e-03 3.886228747101100334e-02 3.887082655625730826e-02 1.585125804566202279e-02 1.660927619134901223e-02 3.021211593976801980e-03 1.500871763956836656e-02 -1.159345922805806936e-02 3.152617807898493163e-02 2.137316966531649376e-02 3.004463949455745547e-02 4.460739739229364204e-02 4.530060314783122127e-02
9.329486633518563332e-02 1.000000000000000000e+00 1.072917697209100907e-01 1.047566908916118394e-01 2.883476095780997117e-02 9.305099651603479516e-02 1.453287371697252195e-01 9.119495133030024181e-02 1.812710576311770128e-01 1.697892930275152479e-01 1.401001485680523073e-01 1.550040357922039536e-01 1.368652840884770072e-01 1.221458929427631096e-01 1.555637679344499535e-01 1.337050297072005789e-01 1.264694340456224697e-01 1.280548932255578254e-01 1.168959544495990627e-01 1.676650920388141619e-01 1.163631729024484224e-01 1.169198402105848522e-01 1.867201001639985924e-01 1.324873149046934262e-01 1.261674095791380512e-01 1.710501987945532432e-01 1.746565165661020103e-01 1.622362440063993272e-01 1.809722362586856370e-01 1.913391387178104697e-01 1.858596961532600067e-01 1.797943992799978241e-01 1.638215693831333586e-01 1.425880897411939685e-01 1.694928728765397463e-01 1.300991031855365798e-01 1.524392177174592744e-01 1.541345927436923169e-01 1.461313107620023088e-01 1.505936379826384452e-01 1.543966902921354578e-01 1.484077953196861477e-01 1.391178138602811309e-01 1.427599239075089121e-01 1.565122459513784425e-01 1.591482098437119463e-01 1.422546556060060863e-01 1.628159092833745547e-01 1.682246977007745004e-01 1.215197222519710657e-01 1.440877633548277303e-01 1.000928056096667129e-01 1.415794486362965676e-01 1.769334768135894242e-01 1.704122815097432464e-01 1.633306023833900333e-01 1.656989870997362946e-01 1.526830253813142857e-01 1.627564538675901895e-01 1.610057804163493311e-01 1.455768908004253515e-01 1.705237427136705175e-01 1.613503013239771244e-01 1.601219060139262018e-01 1.415480994622458355e-01 1.639328443596665408e-01 1.520242212651646274e-01 1.503768602764636031e-01 1.699281914791961889e-01 1.739473263539781378e-01 1.418882780787678599e-01 1.436337125429700545e-01 1.564607290255068672e-01 1.452450850480527245e-01 1.539109921857209351e-01 1.555446198461610252e-01 1.595908160045829971e-01 1.715165860991402502e-01 1.635833918082536531e-01 1.695762262226316874e-01 1.634057983622040355e-01 1.622120933133213150e-01 1.525760933265316588e-01 1.636397457264098243e-01 1.352634463192305680e-01 1.457547123210853057e-01 1.521203732763925509e-01 1.455361050557019975e-01 1.514465368455354399e-01 1.552641827125566532e-01 1.503527538713245459e-01 1.449574359815120339e-01 1.429455019726765808e-01 1.500784810950615555e-01 1.477729385293456710e-01 1.529586135560460358e-01 1.254372149397881275e-01 1.194433230737071139e-01 1.341472990987013780e-01 1.266739174962942249e-01 1.379886888134627676e-01 1.371480642875761158e-01 1.385034539316602475e-01 1.385875267615952200e-01 1.307585106479642323e-01 1.579720125802852038e-01 1.479043569071799846e-01 1.574656040708671823e-01 1.544242147886540906e-01 1.501606662638302336e-01 1.489895020802210757e-01 1.522927144118147724e-01 1.593875532492717018e-01 1.425762495982609290e-01 1.393335074476045876e-01 1.516869875932128353e-01
1.140631748274164997e-01 1.072917697209100907e-01 1.000000000000000000e+00 3.488085318406082824e-01 1.515829288457964386e-01 2.749051687805710298e-01 3.627225623305860847e-01 2.760733096121077423e-01 3.522935669508964751e-01 3.078717792894129501e-01 3.769980854781883051e-01 3.804719064387814820e-01 3.275204132075477670e-01 3.197994547736809912e-01 3.770108589946675193e-01 3.516941913317225832e-01 3.510761529019246208e-01 3.359324487894108646e-01 3.498456824073498117e-01 3.101806918896478082e-01 3.384586487161120871e-01 3.656149161358220323e-01 4.050509495603611954e-01 3.394293584608623071e-01 3.518184053364871722e-01 3.762559689212868208e-01 4.086161631188254262e-01 4.020067250384992130e-01 4.124739583097187801e-01 3.904098145030448497e-01 4.000224628640015045e-01 4.065517338505734157e-01 4.010522016322680683e-01 4.068622592684372208e-01 3.875178692351421983e-01 3.793363827032295021e-01 4.032306511915684788e-01 3.767642532919477372e-01 3.893375761259946222e-01 3.656094567451640964e-01 3.687591218772861001e-01 3.780063239302579592e-01 3.615285622571711710e-01 3.682173276005720752e-01 3.872217064007671961e-01 3.776757411657571395e-01 3.550118640659004066e-01 3.653070696400063655e-01 3.582112280054305375e-01 3.732149521201995057e-01 3.589079061622197919e-01 3.605004190557999366e-01 3.560986420799326924e-01 3.617177281105558029e-01 3.557704002984803382e-01 3.671593211204548513e-01 3.526903667410472565e-01 3.517769629635325579e-01 3.437940575086537165e-01 3.601982619909131489e-01 3.536295487467346343e-01 3.489363009109278102e-01 3.478279415362085514e-01 3.606480368162867101e-01 3.665439525139850829e-01 3.714363434679303633e-01 3.653623658995039380e-01 3.738055531648546981e-01 3.893368589522555601e-01 3.703682589441895656e-01 3.800045793389840165e-01 3.816926522515401432e-01 3.802938088910091663e-01 3.785808134112049750e-01 3.716639396803368967e-01 3.731070745860392557e-01 3.849918113706896072e-01 3.907433004072190519e-01 3.871053872446422739e-01 3.711087622631670802e-01 3.883815740002795613e-01 3.796515901760016409e-01 3.885424571471466360e-01 3.849293738469458104e-01 3.816123331129702700e-01 3.859554088385096504e-01 3.915688859332148719e-01 3.704302007139587127e-01 3.802750510208495194e-01 3.640783264212033021e-01 3.793296635830084029e-01 3.668215111195366473e-01 3.752059317410560424e-01 3.706744770358871843e-01 3.581098542092481241e-01 3.569486382745192254e-01 3.468758833006574949e-01 3.573853007382006841e-01 3.472413506477269873e-01 3.584112749470560466e-01 3.573953095989918505e-01 3.549634786751040272e-01 3.572126113048134655e-01 3.594038230949604396e-01 3.708849795874553101e-01 3.551792769189808241e-01 3.627250016103937269e-01 3.608709352078933730e-01 3.578416529719797845e-01 3.594127899437782325e-01 3.508461513479631533e-01 3.573162574983915207e-01 3.544510680800919133e-01 3.620286072843905689e-01 3.711353142797219062e-01 3.634774791780250314e-01
1.184652519007716592e-01 1.047566908916118394e-01 3.488085318406082824e-01 1.000000000000000000e+00 3.416165752764458996e-01 3.640626936750469556e-01 5.467519307513081239e-01 5.216638382498720583e-01 5.540362455846735701e-01 5.024154134048399722e-01 5.762032152400017315e-01 6.084671073740187675e-01 5.368041448916316405e-01 5.254319666633202601e-01 5.947149696824775011e-01 5.860023421808051580e-01 5.620785351706252264e-01 4.446850618105381292e-01 4.830011521408927866e-01 5.103275987342964504e-01 4.888484482232566264e-01 5.086873367458416562e-01 5.340256945503104591e-01 4.389368537491489808e-01 4.707118399418912524e-01 5.747371488249070071e-01 5.820604632013629542e-01 5.728692055241301206e-01 5.610463730646707559e-01 5.624317164938696934e-01 5.943278999532987106e-01 5.809399064094797893e-01 5.449234994552651923e-01 5.734554620808008929e-01 5.730969048754076534e-01 5.960923325833697994e-01 5.833127092584681206e-01 5.724416751613979892e-01 6.001278452975677968e-01 5.594040410640747085e-01 5.889365257041229151e-01 5.918923505889877035e-01 5.918046578767746091e-01 6.020092604811443371e-01 6.083005369262998174e-01 5.875695049701050721e-01 5.835463395007267629e-01 5.917138974480996572e-01 5.846304448571106871e-01 5.897830422459358068e-01 5.778392320326345422e-01 6.002935111729451600e-01 6.013347774247830291e-01 5.862675028374511044e-01 5.770493766718758355e-01 5.891878331133174607e-01 5.857435191888400450e-01 5.916814573911696185e-01 5.602408037187389667e-01 5.958247337341249228e-01 5.892347816093838064e-01 5.814105455205225148e-01 5.791083337391903507e-01 5.948262287506435042e-01 6.055661952391100389e-01 6.059466635258811129e-01 5.962648376372454706e-01 5.836106790408407408e-01 6.005847580159252574e-01 6.057376717547406919e-01 5.866600379121408304e-01 5.894335028642354590e-01 5.757375029251846632e-01 5.718677537446190673e-01 5.965712089850622180e-01 5.990359791090804631e-01 5.943600885928990163e-01 5.954828671131378037e-01 5.979182100736581962e-01 5.948648744454448911e-01 5.957373850270863969e-01 5.984632753817910045e-01 6.071798075148175933e-01 5.974347252323453095e-01 5.970005585737860887e-01 5.963087669682067826e-01 6.014994669252312631e-01 5.935457633431264757e-01 5.999783074020058615e-01 5.903658276259552418e-01 5.947480074472462075e-01 5.935426523393325660e-01 6.016747813830510827e-01 5.946496138195154213e-01 5.883387792422736240e-01 5.898796487417421464e-01 5.839940731604591484e-01 5.999747305600917624e-01 5.874279477621690004e-01 5.914313864627113171e-01 5.952342272349754326e-01 5.945407708965683158e-01 5.948394187870492678e-01 5.955532801250214003e-01 6.128567141912207861e-01 5.926729154574358338e-01 5.961349290724267114e-01 5.916111459079649304e-01 5.884831078066796728e-01 5.947960185102360020e-01 5.818606335414003849e-01 5.967852383884870715e-01 5.905711846009115140e-01 6.013662094042273587e-01 6.049778418868761998e-01 6.015393181607273654e-01
3.881337306587923086e-02 2.883476095780997117e-02 1.515829288457964386e-01 3.416165752764458996e-01 1.000000000000000000e+00 3.050418348056719853e-01 4.337422915081298180e-01 4.250266344838432020e-01 4.421070864059714611e-01 4.078464869751305955e-01 4.492243521599295630e-01 4.785495263234111896e-01 4.579938288426488313e-01 4.317643158413699278e-01 4.811974701753747308e-01 4.775791347249203622e-01 4.342131156318936869e-01 2.838984312551006695e-01 3.296428055174302485e-01 4.214666538705904020e-01 3.195651083101405665e-01 3.538734741549395824e-01 3.700982110670428260e-01 2.803544400885280563e-01 3.137833430018773795e-01 4.569158506164363032e-01 4.373188932888333325e-01 4.291063460520694317e-01 4.161155089394455997e-01 4.410692719408679796e-01 4.687362147369119048e-01 4.264136397149219659e-01 3.702463847370724981e-01 4.062549078910022704e-01 4.270523844804866576e-01 4.427073130152153202e-01 4.325334701914326230e-01 4.362601037181212393e-01 4.689453476458493864e-01 4.271335052847190505e-01 4.786966426055849766e-01 4.706289027260288083e-01 4.819389736393632218e-01 4.909130326738667671e-01 4.749366912629652826e-01 4.675183169986750764e-01 4.878011683330324422e-01 4.901675781707789947e-01 4.738798375138762453e-01 4.571473492825120499e-01 4.580247789324779495e-01 4.877839222186960977e-01 4.994715163689583126e-01 4.806460329941113496e-01 4.745950124036170670e-01 4.727837715494617732e-01 4.667881780442008632e-01 4.861146541030114121e-01 4.595732857511342084e-01 5.003188383427545904e-01 4.889052264623682809e-01 4.794146593013604019e-01 4.732514387898048569e-01 4.913336546298612828e-01 4.998107427285643500e-01 4.892201513046405270e-01 4.930881802363619171e-01 4.655226670293106661e-01 4.679159504269551073e-01 4.985975516203003943e-01 4.563480118120458728e-01 4.632460388582397837e-01 4.427601230081739669e-01 4.456715148120373726e-01 4.877105686350564073e-01 4.889918075335893954e-01 4.739035453214414106e-01 4.700265052291279777e-01 4.816592226140156141e-01 4.893134208545699693e-01 4.763398295622657819e-01 4.867444837715254602e-01 4.764296584393682421e-01 4.660944014213235786e-01 4.688490163000562649e-01 4.660943787391731985e-01 4.694788445480549410e-01 4.767013879249654695e-01 4.840326182358305473e-01 4.818206929040264042e-01 4.699376205765945502e-01 4.879032465335508273e-01 4.877052635345054399e-01 4.863562276224289715e-01 4.911916267375087131e-01 4.922185027679448766e-01 4.772724107534457305e-01 4.849814388933381126e-01 4.926622573968003072e-01 4.838760650992043888e-01 4.955112043176786440e-01 4.851112465920981998e-01 4.949248804306572436e-01 4.988008149665724145e-01 4.962591771161134480e-01 4.720076840452548383e-01 4.868129581078025070e-01 4.924805604204411380e-01 4.881640278663243460e-01 4.943623223723166427e-01 4.836922496257782256e-01 4.977960842997752877e-01 4.821808135368394477e-01 4.940503375626246751e-01 4.960970823093011628e-01 4.969485619515688901e-01
1.933311464518180228e-02 9.305099651603479516e-02 2.749051687805710298e-01 3.640626936750469556e-01 3.050418348056719853e-01 1.000000000000000000e+00 5.286038819388352294e-01 4.593933360351565298e-01 4.906369580120258367e-01 4.629275990245556027e-01 5.211831165308484781e-01 5.301416170417052598e-01 4.846842595431206657e-01 4.924133711002795510e-01 5.547535712290482257e-01 5.370955810369677508e-01 4.711658688259779959e-01 4.310075846727487447e-01 4.661410377830190188e-01 4.094275947649717584e-01 4.374027176257648808e-01 4.742734501188061169e-01 5.056679721745143130e-01 4.290364702159047972e-01 4.752887329647955128e-01 5.645914052889073886e-01 5.491858081843485895e-01 5.562086170551359121e-01 5.306968669512431847e-01 5.433579878004509700e-01 5.602969123930713335e-01 5.230423305210547547e-01 4.982783116389332134e-01 5.121909935345945186e-01 5.318670904537564637e-01 5.022227029380059715e-01 5.457966371584482834e-01 5.496747365005059116e-01 5.467925735097712847e-01 5.383900762352376024e-01 5.656383453301507824e-01 5.692872036051058737e-01 5.453452696883813733e-01 5.653376484062881957e-01 5.636122714173131820e-01 5.723175145252837881e-01 5.594570683915705001e-01 5.592920670885460632e-01 5.431461783396596132e-01 5.387761338247456511e-01 5.380133600067275035e-01 5.190649302617569294e-01 5.466598542131856364e-01 5.579586104564704385e-01 5.517567324670711315e-01 5.674801365731704239e-01 5.334673830033934694e-01 5.636487142775554737e-01 5.511708171252178712e-01 5.532194747783987232e-01 5.548064838907633689e-01 5.465206079349818058e-01 5.448788381126563607e-01 5.437041453051761897e-01 5.482824173107355703e-01 5.484250336340511511e-01 5.604316377756022316e-01 5.632337367376212267e-01 5.588693825816606342e-01 5.452796189199540233e-01 5.615368303913662595e-01 5.663838825942137944e-01 5.489728653648182632e-01 5.620137341702720057e-01 5.692829010231430509e-01 5.690997581361058044e-01 5.764669706256242421e-01 5.663769812506048718e-01 5.706870819137664919e-01 5.616224886209698619e-01 5.708791125736562000e-01 5.693418558059334389e-01 5.638427460192086960e-01 5.641474221187540161e-01 5.635692234501480380e-01 5.616689309496829541e-01 5.621788742416025109e-01 5.698463087145200223e-01 5.682433775864460523e-01 5.711722703500884402e-01 5.702150121626009538e-01 5.737638253978841751e-01 5.663489225364028989e-01 5.727573615744026014e-01 5.620736612219671136e-01 5.629536952695497476e-01 5.539318211064624409e-01 5.513201235174364223e-01 5.592640735430161048e-01 5.598054842423519917e-01 5.655578613652411102e-01 5.586757765298405731e-01 5.584449619569210599e-01 5.682688638782471546e-01 5.644651733902230628e-01 5.494351168182171063e-01 5.586543313692335921e-01 5.647980846194349258e-01 5.667878179123975180e-01 5.636868536766533877e-01 5.654794783426434490e-01 5.603753609638988387e-01 5.547854861422222283e-01 5.590802129870815484e-01 5.579216389780500274e-01 5.577776567119195894e-01
4.217705626421320436e-02 1.453287371697252195e-01 3.627225623305860847e-01 5.467519307513081239e-01 4.337422915081298180e-01 5.286038819388352294e-01 1.000000000000000000e+00 6.705900351184476138e-01 7.369614734285978574e-01 6.984225934510334133e-01 7.553020355733511826e-01 7.950297959478839216e-01 7.162832387731116190e-01 7.380668773030593099e-01 8.508983149229052412e-01 8.004088118533650986e-01 7.152955504598002001e-01 6.283524858842979288e-01 6.798082909674861840e-01 6.463950774458607773e-01 6.612642528522777452e-01 6.999964389738165815e-01 7.339886289826410559e-01 6.345720938958165913e-01 6.802507941755042697e-01 7.929128767992399407e-01 7.903274312517177824e-01 8.022877089628586145e-01 7.467561291608781904e-01 7.776270078668198193e-01 8.132964295608070548e-01 7.890134657961705988e-01 7.411397617967248053e-01 7.670977547900630356e-01 7.760275895738406593e-01 7.678162137870436776e-01 7.973150675292400846e-01 8.036405730213954657e-01 8.239719475988632746e-01 7.990386755783774886e-01 8.240590652646405667e-01 8.363131375440867599e-01 8.197676861192546571e-01 8.348991032053054706e-01 8.315554369777140575e-01 8.349386950496707760e-01 8.143174732856117704e-01 8.245491656875095776e-01 8.022154690724443427e-01 7.881029868145017492e-01 7.993712229167139194e-01 7.615677560320118777e-01 7.969065339215315458e-01 8.166328016362847109e-01 8.074709847990626521e-01 8.253609275464115491e-01 7.890447554966225630e-01 8.256494064545283340e-01 8.085228512120268274e-01 8.097599990470928377e-01 8.168260930444648515e-01 8.087310057582465239e-01 8.075609565664373379e-01 8.093701460725665209e-01 8.079564243083429131e-01 8.033262008309083324e-01 8.245198917492316815e-01 8.244881462132686023e-01 8.270154055513614377e-01 8.214838582653014587e-01 8.218587230942286936e-01 8.246626857822436651e-01 8.102505076682257057e-01 8.107794773627344798e-01 8.280391250633168942e-01 8.296086078828354138e-01 8.325073562830879181e-01 8.196135392214217719e-01 8.321417279983087667e-01 8.201473868942356082e-01 8.323900054169381946e-01 8.249760900263484187e-01 8.301941954048146499e-01 8.259993392243877297e-01 8.201360744791822421e-01 8.231292383252922784e-01 8.319525875339660592e-01 8.314895867510487815e-01 8.341789585678326402e-01 8.288360806702984585e-01 8.368526608365890462e-01 8.355428469183228124e-01 8.338369868725058476e-01 8.364277145334080288e-01 8.223825526520770479e-01 8.232298852594045480e-01 7.997782956177631464e-01 7.938360517141359596e-01 8.131798543678926405e-01 8.185708977598741276e-01 8.301843827748115467e-01 8.157903606164725874e-01 8.169009511405767032e-01 8.273769705751443659e-01 8.238405719146290052e-01 8.077437749217813989e-01 8.160378253338065324e-01 8.245807347742761806e-01 8.248598308972726612e-01 8.250068009240963951e-01 8.261657723758240035e-01 8.187148220467321824e-01 8.177351529519248929e-01 8.181614925294404816e-01 8.219704610302609460e-01 8.146887013747750039e-01
2.212112586727839683e-02 9.119495133030024181e-02 2.760733096121077423e-01 5.216638382498720583e-01 4.250266344838432020e-01 4.593933360351565298e-01 6.705900351184476138e-01 1.000000000000000000e+00 6.618342406087028840e-01 6.489682086748279621e-01 7.002604945578397855e-01 7.443008381193120249e-01 6.729135092298610399e-01 6.806323632534151402e-01 7.562952360378933925e-01 7.616213149077218914e-01 6.468662368921216377e-01 5.235992623358179943e-01 5.931383916795311961e-01 5.592071190662655233e-01 5.771093237057071113e-01 6.203056619136309013e-01 6.094375675647379920e-01 5.174564622520881896e-01 5.834403530425138484e-01 7.049105658113505868e-01 6.989817394728559119e-01 6.974976763714216821e-01 6.462915118588455909e-01 6.889024931514081684e-01 7.294482209442803011e-01 6.966993819997580051e-01 6.690890095509943736e-01 6.927445656273139019e-01 7.047119200106944925e-01 7.030831633996154073e-01 7.089486602970749285e-01 7.511226005113809112e-01 7.525980097869012786e-01 7.291253078102171159e-01 7.558834528332653013e-01 7.639457696926261754e-01 7.502184807758761620e-01 7.704170752295866897e-01 7.544130588135646853e-01 7.564784588419293243e-01 7.593856565696991412e-01 7.653099026957912443e-01 7.500628914109567225e-01 7.575471823109880543e-01 7.532396229641509233e-01 7.203969741238706037e-01 7.439192212761657208e-01 7.510525001565827585e-01 7.568042733135171840e-01 7.546153605756921179e-01 7.459465444528017297e-01 7.699837214503945093e-01 7.526942131632584632e-01 7.498508645382779836e-01 7.652012069731264354e-01 7.543440205539636567e-01 7.580734924520862172e-01 7.562107009948199066e-01 7.540844545500713370e-01 7.439438165059173436e-01 7.620884678326712569e-01 7.453660381453655059e-01 7.444370025499861265e-01 7.551351105158023991e-01 7.508432754849463375e-01 7.536557472564755500e-01 7.198238799617400208e-01 7.346701266937533115e-01 7.565921049584288793e-01 7.599933596395228586e-01 7.555396389173563154e-01 7.434687200079280744e-01 7.533480044967372224e-01 7.545570971763351231e-01 7.544462972961040181e-01 7.588876306685429229e-01 7.613220553076659458e-01 7.555161901356619580e-01 7.639395486521476375e-01 7.555556307705024732e-01 7.579367427217100772e-01 7.712582456722381075e-01 7.659836154262944508e-01 7.585273976037448795e-01 7.604228110687183406e-01 7.700837782804046405e-01 7.677176043057862831e-01 7.678147038864502338e-01 7.663550865173162085e-01 7.652591149415585159e-01 7.620997267400790864e-01 7.613922160747785828e-01 7.675561588357883158e-01 7.703554049136165371e-01 7.712489643240348913e-01 7.707868776367374775e-01 7.610031001749424373e-01 7.719140241193409580e-01 7.704399322837784947e-01 7.553211046669493500e-01 7.665712244515239249e-01 7.636247545528426217e-01 7.644772207802049691e-01 7.696152896972781043e-01 7.703735155251890676e-01 7.625593306329347953e-01 7.633941058584124972e-01 7.682728678126962141e-01 7.656731270305970893e-01 7.585726126950547155e-01
1.320644663612854375e-01 1.812710576311770128e-01 3.522935669508964751e-01 5.540362455846735701e-01 4.421070864059714611e-01 4.906369580120258367e-01 7.369614734285978574e-01 6.618342406087028840e-01 1.000000000000000000e+00 7.360448766240492713e-01 8.059256694003943400e-01 8.365523985822128639e-01 7.367479511430220507e-01 7.653047988216916675e-01 8.432504500013848769e-01 8.116024353604660568e-01 7.992877566274043666e-01 6.274405807176843819e-01 6.787082158465734816e-01 6.566370092420844573e-01 6.457610326926406241e-01 7.116097493457944623e-01 7.545948870849342738e-01 6.103628122357777075e-01 6.761482496365298633e-01 8.063557885001354508e-01 8.158199897277060852e-01 7.934715224371093889e-01 7.830956081021840376e-01 8.204910939588391239e-01 8.604378913479828750e-01 8.134733683734469700e-01 7.468641698247432403e-01 7.828941697484241846e-01 8.057327827441641555e-01 8.127791977546819924e-01 8.227125480958595860e-01 8.179543409967147127e-01 8.412918913975254709e-01 7.884282264814055363e-01 8.479942276913969845e-01 8.369751602829708093e-01 8.266619215618686844e-01 8.578764359754150748e-01 8.536336784601298300e-01 8.454908083976225841e-01 8.587685160184048705e-01 8.739627051253503476e-01 8.584951141617634951e-01 8.199657926107193351e-01 8.281530116574652434e-01 8.092693230920245950e-01 8.452640706683736127e-01 8.764832271283253817e-01 8.578092482010298836e-01 8.464924474578074953e-01 8.649645526816343022e-01 8.573370409608712661e-01 8.438658035123746126e-01 8.762348871285825513e-01 8.580455676977519763e-01 8.703950754489546693e-01 8.619059536566890944e-01 8.768776241556417439e-01 8.687894885826443758e-01 8.748368224657736558e-01 8.719199694921675459e-01 8.521656675682971471e-01 8.617318342717863455e-01 8.603010766216119265e-01 8.407012819288894878e-01 8.560106708280582621e-01 8.281408181957077286e-01 8.333817494119158953e-01 8.628402911054419144e-01 8.680058284039997574e-01 8.568334111262895236e-01 8.664108742190688162e-01 8.667501233462672205e-01 8.722052329329924580e-01 8.680057965342974358e-01 8.704121241227883443e-01 8.683634143142968664e-01 8.562836016459675070e-01 8.357084679066273392e-01 8.457227784419060201e-01 8.594993235557841782e-01 8.544522013288233797e-01 8.629032830980477575e-01 8.553446669489109810e-01 8.483284196816892608e-01 8.593463153390399345e-01 8.619272504292815329e-01 8.616199108365948378e-01 8.655029445203115124e-01 8.683136294576611069e-01 8.267747874872053426e-01 8.443548454854137297e-01 8.470706641280629778e-01 8.434882865734486534e-01 8.509212485114361346e-01 8.587918894818504789e-01 8.577284446331717715e-01 8.604072604957581083e-01 8.616251829960006603e-01 8.687999034692737155e-01 8.628279712266313517e-01 8.706678686180460147e-01 8.611860632679488869e-01 8.688433273393938450e-01 8.568124216074612942e-01 8.732967125091959382e-01 8.695303206753096648e-01 8.662822072930097539e-01 8.700040750018580571e-01 8.744935024282757263e-01
4.023371685057521713e-02 1.697892930275152479e-01 3.078717792894129501e-01 5.024154134048399722e-01 4.078464869751305955e-01 4.629275990245556027e-01 6.984225934510334133e-01 6.489682086748279621e-01 7.360448766240492713e-01 1.000000000000000000e+00 7.505420153791629856e-01 7.873761065184279317e-01 6.908058499153079124e-01 7.202975642675657486e-01 7.964146004807988177e-01 7.818989358845752635e-01 7.092664997067120725e-01 5.639843676842560827e-01 6.296013181025307270e-01 6.034587136696771825e-01 5.944740504534616887e-01 6.544300041642134858e-01 6.854934883097277831e-01 5.743612337651569089e-01 6.376930785901174792e-01 7.618377390696562390e-01 7.712779902736640603e-01 7.476976587663045626e-01 7.218877692598880680e-01 7.662674750843678773e-01 8.053496929334482690e-01 7.751547292831509894e-01 7.199514709390787415e-01 7.472519317444532572e-01 7.627149348972857013e-01 7.632381004782728962e-01 7.719034849779289331e-01 7.880562611704636788e-01 8.050535099039570763e-01 7.654431678843907072e-01 8.146823073136661986e-01 8.054689809672569423e-01 7.891961921151091630e-01 8.126443726278159696e-01 8.128979073276320078e-01 8.027551942783507366e-01 8.198046308625039913e-01 8.269866619280537012e-01 8.169243259025480430e-01 7.793521123966181685e-01 7.974828871095358540e-01 7.457708953266134477e-01 7.870032306046880199e-01 8.251534984077426582e-01 8.116872505625456480e-01 8.096581012514816322e-01 8.014747544493269205e-01 8.140501065276276593e-01 8.091245074002109128e-01 8.175742019021481344e-01 8.127182111259907416e-01 8.159509486755106566e-01 8.102114151173656076e-01 8.220013853967242934e-01 8.087408945974321473e-01 8.093697541324136324e-01 8.244174214688821944e-01 8.052391053050428349e-01 8.120104251301508702e-01 8.114193012433905672e-01 7.973240135500924142e-01 8.088085183275273149e-01 7.841741945842399808e-01 7.898830102498781702e-01 8.200123238150172078e-01 8.241782108724061695e-01 8.128907934653456513e-01 8.161446090964458167e-01 8.187978991003580509e-01 8.240357470948777019e-01 8.221696828465299145e-01 8.255957379234606375e-01 8.227040282066835353e-01 8.157051676071873647e-01 8.029832126342860699e-01 8.091940140852619257e-01 8.209654103184118590e-01 8.172202058947587444e-01 8.247117725919544950e-01 8.174565425937682095e-01 8.142193980673810838e-01 8.206433966176327477e-01 8.229578307359188827e-01 8.220140414463329437e-01 8.256723999207898901e-01 8.269322352573617030e-01 7.921122741140773638e-01 7.965922407576284670e-01 8.108922751220987157e-01 8.118747503528083165e-01 8.117854933017150110e-01 8.162545479928883241e-01 8.175103319990764117e-01 8.193551658955051664e-01 8.140482187294958427e-01 8.150336023919587669e-01 8.230267924122830481e-01 8.254402653064059070e-01 8.208981576159136706e-01 8.243182437880824942e-01 8.176428355049871755e-01 8.248567611151768064e-01 8.230237388620804673e-01 8.205462673781067640e-01 8.213675175006041052e-01 8.208428097855302585e-01
6.915281686222993218e-02 1.401001485680523073e-01 3.769980854781883051e-01 5.762032152400017315e-01 4.492243521599295630e-01 5.211831165308484781e-01 7.553020355733511826e-01 7.002604945578397855e-01 8.059256694003943400e-01 7.505420153791629856e-01 1.000000000000000000e+00 8.558374968580148012e-01 7.450732142709998174e-01 7.808889169058933488e-01 8.642252774078804656e-01 8.422011447713325660e-01 7.749126571671883790e-01 6.392524717193445172e-01 7.095681194886956922e-01 6.517210591487864191e-01 6.671551551573879912e-01 7.336668139142777934e-01 7.630848293291868645e-01 6.503065170877347922e-01 7.095639501869588361e-01 8.373532639667016220e-01 8.416419548239704174e-01 8.295480235316735618e-01 8.024911825617487837e-01 8.404179666652956682e-01 8.872365574123565191e-01 8.388606974173290487e-01 7.859897457684195121e-01 8.255605770784906206e-01 8.294147150289186143e-01 8.328660361463469108e-01 8.548221754850002796e-01 8.578925074015362195e-01 8.764420832332578959e-01 8.413712745713485264e-01 8.807262243180520311e-01 8.780343444588641910e-01 8.645567691287531220e-01 8.883213448683219271e-01 8.830430576628641726e-01 8.795453397936827677e-01 8.833982529638320091e-01 8.898893837409973528e-01 8.749516253175300129e-01 8.593087913040039494e-01 8.657628675057839063e-01 8.257747997753493996e-01 8.609229198886416690e-01 8.826434757533948572e-01 8.748956052291458896e-01 8.811190064495274532e-01 8.643762034286331941e-01 8.826004316124800297e-01 8.704466277970769328e-01 8.776361605612994499e-01 8.849817877147462264e-01 8.761320436283021040e-01 8.753761291091025631e-01 8.847971277223044551e-01 8.757127037436706063e-01 8.718268152485593170e-01 8.897907146585786187e-01 8.792661725598426292e-01 8.826679438012657863e-01 8.758260262650456873e-01 8.726564183383314077e-01 8.832365536599323663e-01 8.595108009491343459e-01 8.666154468096139984e-01 8.898442264792734147e-01 8.931514830279490003e-01 8.863474235557774472e-01 8.889347344424565200e-01 8.920067149153841912e-01 8.892768108320239229e-01 8.896277484619337095e-01 8.934041632449971626e-01 8.934417613953224979e-01 8.830667001909727754e-01 8.767543785886823260e-01 8.821443704009918063e-01 8.911190549339883527e-01 8.907158042967585621e-01 8.937966578584950472e-01 8.890109234561012208e-01 8.903259765349507138e-01 8.916312402210800903e-01 8.925599407331190616e-01 8.936279258485760879e-01 8.894871592983644160e-01 8.909538806055553595e-01 8.673478003984577134e-01 8.687727009027830238e-01 8.806661650910889705e-01 8.805809020661319320e-01 8.883919224442256013e-01 8.841688858564203946e-01 8.846814101669064900e-01 8.905303418377048530e-01 8.876640654049082757e-01 8.812908202741563946e-01 8.874244117216069094e-01 8.911593272884665851e-01 8.893009304589698516e-01 8.908069465973266210e-01 8.867924849082903238e-01 8.876068603258433498e-01 8.878762539132734055e-01 8.890568241160931029e-01 8.884905113549008693e-01 8.846216386971923473e-01
5.273516897853423868e-02 1.550040357922039536e-01 3.804719064387814820e-01 6.084671073740187675e-01 4.785495263234111896e-01 5.301416170417052598e-01 7.950297959478839216e-01 7.443008381193120249e-01 8.365523985822128639e-01 7.873761065184279317e-01 8.558374968580148012e-01 1.000000000000000000e+00 7.974356994868992965e-01 8.225918535692687827e-01 9.092387236882947255e-01 8.916376706396296203e-01 8.122098668657992127e-01 6.420839112309179031e-01 7.092086896283358310e-01 6.989228777509637336e-01 6.749442912293208696e-01 7.376127758430706116e-01 7.795225447695934839e-01 6.395632662434521665e-01 7.082416149416621565e-01 8.716235669904038863e-01 8.783357556030039204e-01 8.635664868856114396e-01 8.270603760373802515e-01 8.747955138254538410e-01 9.182390769359858318e-01 8.630140567753570302e-01 8.057631167643652947e-01 8.396340277829944521e-01 8.672296739453591030e-01 8.657402670991379834e-01 8.827669970151759138e-01 8.866857312929758983e-01 9.086502062475677599e-01 8.654439862364449176e-01 9.173332309127932849e-01 9.149525823449554673e-01 9.027608491508140043e-01 9.300956477963324698e-01 9.228665186791350505e-01 9.173054205451800502e-01 9.254294920665324664e-01 9.345263732783609667e-01 9.204173948742657707e-01 8.899085655495209135e-01 8.960831856834012843e-01 8.770932239463288260e-01 9.132822832864456730e-01 9.320724444354586691e-01 9.232059321212878755e-01 9.205721903100670955e-01 9.149591509702222902e-01 9.261156929246802116e-01 9.103478284560647671e-01 9.289241952664009094e-01 9.282707001198906571e-01 9.243723535832760740e-01 9.219822498180335613e-01 9.315931758792213024e-01 9.256571594184708207e-01 9.267748986071907558e-01 9.330305235549810616e-01 9.101589372760748864e-01 9.155491116641840676e-01 9.205415049867503585e-01 9.029431837046762999e-01 9.147892017507647244e-01 8.862526413915656764e-01 8.923170238478261851e-01 9.299001043824098867e-01 9.346536014799036174e-01 9.283573946618295381e-01 9.244086977418237705e-01 9.287204285324694997e-01 9.293455970102546537e-01 9.307699299389181613e-01 9.338914692031908826e-01 9.315259646185408693e-01 9.199467295144866386e-01 9.073712952558270484e-01 9.131019375842920338e-01 9.282616010461242073e-01 9.259151404503582761e-01 9.314468675856405477e-01 9.267382934061636490e-01 9.225392696198547737e-01 9.317746184817408128e-01 9.330513126725413775e-01 9.326781806873659653e-01 9.338992510984307494e-01 9.351068420916207602e-01 9.031027415207057985e-01 9.136998370520047485e-01 9.224233786641100608e-01 9.186773178363627501e-01 9.258142145931069766e-01 9.271298073176194032e-01 9.307401802243195910e-01 9.318718550788760435e-01 9.327454546358968646e-01 9.287589745493238791e-01 9.314789793495007464e-01 9.358503206316803880e-01 9.319700848541233595e-01 9.351931226794523155e-01 9.283753396948253300e-01 9.344437454118696973e-01 9.323489327502566537e-01 9.306674911991419386e-01 9.339345208307241464e-01 9.350042667081631675e-01
4.651328986457145542e-02 1.368652840884770072e-01 3.275204132075477670e-01 5.368041448916316405e-01 4.579938288426488313e-01 4.846842595431206657e-01 7.162832387731116190e-01 6.729135092298610399e-01 7.367479511430220507e-01 6.908058499153079124e-01 7.450732142709998174e-01 7.974356994868992965e-01 1.000000000000000000e+00 7.440809584656710163e-01 8.184624055240096174e-01 8.101053039312902104e-01 7.135132828016722550e-01 5.702198980324767463e-01 6.357505743678893984e-01 6.394767400216523345e-01 6.063369869535760737e-01 6.669686041892565198e-01 6.985076691519710446e-01 5.840583730375648042e-01 6.431966187086182174e-01 7.787393158712240249e-01 7.647489689402214852e-01 7.567989690990817309e-01 7.327004782408139683e-01 7.741388251326579706e-01 8.050891121186355415e-01 7.705552413222263031e-01 7.049880398330090614e-01 7.473128472051692173e-01 7.646246520541549740e-01 7.595967482568428686e-01 7.746215730991482529e-01 7.861772050932176459e-01 8.067892996787794369e-01 7.583753168413672752e-01 8.168037476109095696e-01 8.126361207152755783e-01 8.080360608317334048e-01 8.299806069775996775e-01 8.195693355067544816e-01 8.201768096152968202e-01 8.239780273983117187e-01 8.316899739054406382e-01 8.148605597024820568e-01 7.910599612714641626e-01 7.910903432096880739e-01 7.861301792760081453e-01 8.181535735323772762e-01 8.272871520550980629e-01 8.236851508128018029e-01 8.138120277430255234e-01 8.063561534412869714e-01 8.240893976958695299e-01 8.041646425066347748e-01 8.323032900383325883e-01 8.294468812233258825e-01 8.216920438901359480e-01 8.187340928120917516e-01 8.261748146386597158e-01 8.275699556514126698e-01 8.268707288176005976e-01 8.322855328863720814e-01 8.150589726656727318e-01 8.236842157484260962e-01 8.272868562773045831e-01 8.091915170402170787e-01 8.162649439526820094e-01 7.962077535437452891e-01 7.995309870293760834e-01 8.280205194543442948e-01 8.291771285681238668e-01 8.209541923420020648e-01 8.204251342606698749e-01 8.267700043590902048e-01 8.255883995938081421e-01 8.260501385633913785e-01 8.318795584721695446e-01 8.245911846856458505e-01 8.181540518106936721e-01 8.149469940620435171e-01 8.185423741425544852e-01 8.223201595625818650e-01 8.264093276712931591e-01 8.312480349765197785e-01 8.250010708016328742e-01 8.166132606315381626e-01 8.291469717094790415e-01 8.289408447811847935e-01 8.326288305772606702e-01 8.322844540658519419e-01 8.337398474188683073e-01 8.068009324632018364e-01 8.181828820525891555e-01 8.259176146202986679e-01 8.202986089369167511e-01 8.297243704607434323e-01 8.267416023590606899e-01 8.301238174003169323e-01 8.344158575519544652e-01 8.331212721287357681e-01 8.195069041095335294e-01 8.305614254620098391e-01 8.333541340863098723e-01 8.307639640675561488e-01 8.330722527055879345e-01 8.264183168061667306e-01 8.363410142491850552e-01 8.276317927184194678e-01 8.321479325391101245e-01 8.315990005292754894e-01 8.343053853442736756e-01
