1.000000000000000000e+00 1.390090168447471741e-01 7.401997517615466204e-02 6.853644470813974321e-02 2.827352462582100046e-02 1.017418578728934882e-02 2.639667776723514381e-02 -1.286545068786464942e-02 1.798192180581577038e-01 6.398197022477700169e-02 4.084631595629256012e-02 1.700260587146273580e-02 4.172317532461982531e-02 1.509789382657861223e-02 -1.080099118292247341e-02 1.452896205505631311e-02 1.318739494336335638e-01 1.262651810094937987e-01 1.173044902581198146e-01 1.160244208990738463e-01 1.246800879124943251e-01 1.403920671130292064e-01 7.450766601129607536e-02 9.906822765964630462e-02 1.029973755080809822e-01 9.572561241551058586e-02 8.583937556085025067e-02 2.745127350271742844e-02 9.300152659659342846e-02 7.735692580299609322e-02 6.641737879600104200e-02 5.800697562612080332e-02 9.107677505198008214e-03 4.387324659730244825e-02 5.185770906132027014e-02 1.731411244492991539e-02 2.220251692008241851e-02 -1.679926883679920893e-02 -2.172803091462502563e-03 -6.065022563826243107e-02 6.309130853122724191e-04 -2.639389510345385020e-02 -2.234573303830965363e-02 2.007728071843418310e-02 1.668504619475773970e-02 -4.141160962867889220e-03 1.807594652630417978e-02 3.281869931859485168e-02 5.925915886535657040e-02 3.364138072677864272e-02 8.473705212283513463e-03 6.417411296003930343e-02 5.593003839472320687e-02 5.799418882542038689e-02 4.450493290511961519e-02 3.833265671749999659e-02 9.433987040370352128e-02 1.676633658020103322e-03 2.877992449205622749e-02 7.891804982374962807e-02 3.385190481997066986e-02 5.177130674778902819e-02 4.518501442527809997e-02 7.528096803079364907e-02 9.460989574138961578e-02 8.601945652648525231e-02 4.098968203356040396e-02 4.229451386747497960e-02 2.919985556261920148e-02 4.664103437269930680e-02 3.328904647731655703e-02 4.217269891758918671e-02 3.055378616385535928e-02 3.412889231040760335e-02 3.350520653445077796e-02 2.768077064127768064e-02 1.468827938062763731e-02 4.500594995053532055e-02 1.685523684898168270e-02 3.874498364118640625e-02 3.419078565348750848e-02 1.774251423562863902e-02 2.372577743389941637e-02 3.284424638713674682e-02 1.011427369401807393e-02 1.738191783278551783e-02 2.034090741695389684e-03 -5.081453768987509619e-03 -1.907948421672691144e-03 1.239552330487669017e-02 -1.738566039371997746e-02 -1.084377482601657505e-02 4.169935164027230648e-03 -9.717223602410084149e-03 8.713839172132507166e-03 1.843443377319472359e-02 8.769861389318726885e-03 6.956096845517990845e-02 1.827825206539558309e-02 7.050609872092882500e-03 -6.570476328721909509e-03 1.542936607870739121e-02 2.638427132183017443e-02 1.179048336692578233e-02 2.890173448719164651e-02 5.052566072066810854e-02 4.278664822992174488e-02 1.964016402866031880e-02 2.181470584906580745e-02 1.640046948505564928e-02 -4.147040228829010702e-03 4.001196083946462895e-02 2.117144416004045418e-02 4.623187067845144216e-02 5.180638521268007834e-02 6.059105879348122836e-02
1.390090168447471741e-01 1.000000000000000000e+00 5.093056009630755193e-02 6.215350110028722980e-02 4.687944246569067386e-02 8.151897600248513009e-02 1.371185474285613048e-01 9.073739920872021802e-02 1.683326060955096237e-01 2.201825489378157474e-01 1.278003042854754800e-01 1.221427241014622772e-01 1.176309293009859536e-01 9.872034155475163664e-02 1.185819930012940865e-01 1.363579870849884190e-01 1.455051408832837567e-01 1.427145549291573001e-01 1.425150099665698500e-01 1.255056214322516905e-01 1.188605046869328913e-01 1.172116756851072084e-01 1.660974987000428393e-01 1.509715813796604078e-01 1.435607152597454250e-01 1.716988746397657695e-01 1.530940614917356279e-01 1.660007331726649771e-01 1.839744376328196762e-01 1.724539495001773393e-01 1.584636306792959748e-01 1.731897776893520646e-01 1.520672369602587559e-01 1.392160787379427278e-01 1.456457167158173027e-01 9.677204980280201818e-02 1.437418981723080080e-01 1.352956517761930710e-01 1.346407042942710242e-01 1.423517672081130447e-01 1.522849351669284812e-01 1.319369977007448791e-01 9.268291724031722800e-02 1.190344340567989351e-01 1.313567702212907473e-01 1.446790773031902400e-01 1.434459832304287585e-01 1.480363776788089503e-01 1.486244918182028085e-01 1.235828237292788540e-01 1.453928724205328649e-01 1.054722892655317185e-01 1.343392929105427236e-01 1.407111304162644849e-01 1.422585157159641789e-01 1.451594673159208870e-01 1.266689671227212710e-01 1.259059341287882827e-01 1.405282930140870079e-01 1.375306568259793416e-01 1.183745698367790894e-01 1.289325144600759754e-01 1.196595740646005102e-01 1.192800024810336534e-01 1.405185231756149733e-01 1.314769677120810887e-01 1.445332447975389012e-01 1.428290649800051659e-01 1.491125672644335598e-01 1.346075365468707985e-01 1.348263419179791256e-01 1.412611415369751933e-01 1.395756767165127477e-01 1.463231050743338535e-01 1.558443529446640052e-01 1.531862435884657481e-01 1.449165737988569735e-01 1.571649519639069792e-01 1.546029224114391920e-01 1.585631335108089734e-01 1.470559300332248409e-01 1.451171613566085983e-01 1.370225465410377930e-01 1.467633464012965405e-01 1.217257357547707336e-01 1.326445538199505503e-01 1.315678086177692330e-01 1.403288163412624856e-01 1.309556210395360354e-01 1.407880388886871559e-01 1.412380853876463171e-01 1.349044394997358509e-01 1.352798679151321626e-01 1.331402215858229210e-01 1.373972917838045815e-01 1.451865496970351499e-01 1.152770230356663234e-01 1.370534508868222479e-01 1.271075900443084938e-01 1.376654450013365949e-01 1.146269001611041893e-01 1.217733208451269450e-01 1.384075110445524837e-01 1.272650917133948678e-01 1.234567423202988512e-01 1.303010603927579614e-01 1.406897171057068796e-01 1.440589806293827435e-01 1.423720653215836407e-01 1.402343635224705953e-01 1.293477097115101337e-01 1.365559419043001210e-01 1.318608868994430861e-01 1.274352162623116069e-01 1.400548607522511535e-01 1.396076495754832170e-01
7.401997517615466204e-02 5.093056009630755193e-02 1.000000000000000000e+00 2.264689913799496634e-01 1.305046088592141662e-01 1.387516151344630744e-01 2.457272644170636067e-01 2.279056143981380844e-01 2.840524267722372986e-01 2.434990803738026621e-01 2.829111149900658817e-01 3.021958645457166193e-01 2.619054009091895674e-01 2.033818911037140464e-01 2.795558222652453351e-01 2.736495815774939167e-01 2.796234161527970108e-01 2.592724905783369005e-01 2.901087343981439415e-01 2.007573718471517554e-01 2.726655757567522098e-01 2.887928457937664617e-01 3.017904433812306220e-01 2.950194616073119613e-01 2.917672753730667923e-01 3.035351584426675964e-01 3.010950766857944383e-01 2.899151801037909149e-01 3.014922027755901346e-01 3.326356008642364914e-01 3.247819977818914849e-01 3.214647735419282060e-01 3.217403189516138129e-01 3.439047255783092005e-01 3.271529095084865779e-01 3.149514342427349178e-01 3.162744416227162292e-01 3.138863995868712564e-01 3.216919433651317939e-01 2.808677953567482177e-01 3.088915983716470914e-01 2.971278529406009561e-01 2.986940047885718874e-01 3.054326447671144584e-01 3.075285324818155530e-01 3.087183339293423368e-01 2.986668850436748346e-01 3.062757239738343462e-01 3.143971575316234501e-01 3.312614106370228018e-01 3.183996008154710844e-01 3.063149019030697584e-01 2.987147346959095340e-01 2.982498529886304928e-01 2.946595942084022646e-01 3.061535044989681653e-01 3.014836772407467058e-01 2.961622573564886562e-01 2.992617008610489182e-01 2.983496106846353912e-01 3.005861116240607922e-01 2.885966132743440493e-01 2.965109966167256972e-01 3.095376927952655510e-01 2.965829768650508069e-01 2.967949042187445485e-01 3.129068068392603097e-01 3.165257514536315986e-01 3.175884233005525359e-01 2.963348256541587511e-01 3.084642035699329821e-01 3.139755713188099318e-01 3.123461576182730015e-01 3.132628750345699542e-01 3.133229348052690155e-01 3.112874899120136041e-01 3.072020625760857881e-01 3.154629318947217986e-01 3.079272082180288250e-01 3.166488625710945914e-01 3.248050708465718417e-01 3.117570845067330620e-01 3.109755965591790017e-01 3.228918691818440379e-01 3.214418337586041896e-01 3.236445258440796002e-01 3.183810252834164412e-01 3.086630912629914070e-01 3.116053975652160468e-01 3.037494494619463192e-01 3.033126045509200730e-01 3.072350097943005731e-01 3.068387973739956642e-01 3.067634371653713554e-01 3.034420563024656792e-01 3.040470787025069677e-01 3.053970436062935501e-01 3.178880872504016852e-01 3.076725723436283810e-01 3.112157047487010830e-01 3.052491513671962697e-01 3.113067782933570671e-01 3.080346768198276575e-01 3.064572899642971637e-01 3.104211692099775877e-01 3.002157687761150551e-01 3.113120394020344461e-01 3.051910265437361436e-01 3.063024246862557365e-01 3.022238510698618263e-01 2.994010155748124680e-01 3.016229319181353286e-01 2.976894839952085037e-01 3.102689886588864687e-01 3.095585712843852977e-01 3.053070292572589994e-01
6.853644470813974321e-02 6.215350110028722980e-02 2.264689913799496634e-01 1.000000000000000000e+00 2.922536696751706908e-01 3.200531635727484336e-01 4.530300687874251886e-01 4.496892403988296816e-01 4.654459819202539372e-01 4.038538562285066136e-01 4.784063337543408290e-01 5.323270997455528120e-01 4.814050706240683986e-01 3.707274221905274003e-01 5.144297782939533104e-01 5.142168818957953969e-01 4.756253869041546789e-01 4.594526358370146224e-01 4.648558891745113719e-01 4.371569945696787696e-01 5.048780739030706011e-01 5.227141000498518597e-01 5.196762793739554409e-01 4.968337942675716268e-01 4.763098568593841509e-01 4.820205934629612221e-01 5.050561326459316325e-01 5.150330411052403967e-01 4.595739944354493289e-01 4.962366381343867872e-01 5.166630254461540561e-01 5.258831805500293610e-01 4.912062320699639995e-01 5.201672979380810302e-01 5.150821027816937514e-01 5.124568542941217997e-01 5.365857747353341978e-01 5.094411548669106615e-01 5.303054951267169859e-01 4.954100420494449430e-01 5.161999561754391230e-01 5.185483812925841818e-01 5.239328858629977992e-01 5.394863280226285251e-01 5.332773249449189734e-01 5.256903918100195305e-01 5.052105702477289739e-01 5.114904228097667538e-01 5.153736610513267591e-01 5.181557699622703073e-01 5.196202001047702801e-01 5.380777047581386530e-01 5.176157568722626889e-01 5.088034260858020907e-01 5.042839608964297948e-01 5.142650984843519790e-01 5.222808981500749459e-01 5.119297864901573014e-01 5.038997706284570333e-01 5.196452670062052803e-01 5.222679421753558815e-01 5.059191023929797693e-01 5.155018642652704486e-01 5.290333397007217497e-01 5.227682872489113342e-01 5.299268736164883808e-01 5.167350715426302088e-01 5.227410046086464757e-01 5.336247538429902404e-01 5.361717632543445688e-01 5.291496017611676539e-01 5.223497324482675452e-01 5.269822862348577663e-01 5.201599007173511868e-01 5.187570110999348838e-01 5.254759157285702198e-01 5.219775669085723324e-01 5.045985639142126500e-01 5.175401846501310743e-01 5.073008567484785791e-01 5.232434432500939758e-01 5.118138546611303852e-01 5.325102393897829245e-01 5.196392500478832499e-01 5.321462916134699350e-01 5.297157895894644142e-01 5.262251369896011610e-01 5.252611141997399757e-01 5.223750822511337155e-01 5.198025004928050752e-01 5.241024041720169224e-01 5.247698745386822905e-01 5.234976006801277393e-01 5.243268393296245389e-01 5.093840711952263289e-01 5.123303540715521409e-01 5.257457398841712815e-01 5.323240294425276575e-01 5.187411221408291251e-01 5.252174706225528622e-01 5.258310625460033139e-01 5.323696592987690046e-01 5.282774130239613619e-01 5.303166133450343267e-01 5.345334174502536229e-01 5.202788533942039884e-01 5.220166044132213967e-01 5.140696315330394173e-01 5.176964061184398114e-01 5.150269576941566285e-01 5.143084756347557907e-01 5.174624751032386172e-01 5.160265098862419908e-01 5.290701110286964992e-01 5.255025962597480449e-01 5.289800264752582137e-01
2.827352462582100046e-02 4.687944246569067386e-02 1.305046088592141662e-01 2.922536696751706908e-01 1.000000000000000000e+00 2.153757863691826424e-01 3.750620622090459766e-01 3.774222381273044102e-01 3.668490812268508927e-01 3.049590102694733629e-01 3.696788141211518330e-01 4.144483530649070158e-01 4.566546448186449281e-01 3.020411907492919212e-01 4.280453461410547167e-01 4.341842453362185217e-01 3.735412525594519750e-01 3.043717039562738869e-01 3.267264306373882099e-01 2.753299066666328732e-01 3.723137974529320271e-01 3.898766612867976544e-01 3.417180648989438518e-01 3.432484450188181269e-01 3.417912179251575977e-01 3.447452429669216056e-01 3.682899702113632268e-01 3.717760313135399786e-01 3.237642153628600417e-01 3.555830605145671175e-01 3.915528655764528021e-01 3.922424979110729626e-01 3.762343057232398480e-01 4.058014910349324600e-01 3.778977158282590398e-01 4.104060434631756071e-01 4.065375591038103420e-01 4.013790999181969243e-01 4.262590178836387911e-01 3.882846923541031781e-01 4.082322100434171430e-01 4.342353103112663870e-01 4.317751154223338217e-01 4.448705585463225143e-01 4.170359421508035846e-01 4.144817428967227380e-01 4.228963775883086695e-01 4.144301125750688430e-01 4.101726598843490335e-01 4.114834676628494337e-01 4.194211519863097481e-01 4.234642344349530130e-01 4.230587826616853397e-01 4.015073462250430825e-01 3.915370572525267989e-01 3.878764270707317774e-01 3.994149248745701986e-01 4.188989077442597520e-01 3.881991429166413710e-01 4.321862201012719451e-01 4.153472856216990361e-01 4.077817282019313150e-01 3.939141346069279792e-01 4.309037144907787997e-01 4.280337235979077004e-01 4.170401677070664781e-01 4.234010669367098134e-01 4.159143757541753361e-01 4.157320884774890479e-01 4.135271052272909698e-01 4.252125912818134901e-01 4.226203515900909813e-01 4.081981789894628121e-01 4.139256937623310706e-01 4.144413664231498817e-01 4.081737577434084163e-01 4.103255370110288069e-01 3.968831380488926364e-01 4.159084554232011510e-01 3.967309990836919154e-01 4.115355361137504331e-01 4.191240848107431471e-01 4.253134963558867776e-01 4.029473975380967188e-01 4.292313078200539200e-01 4.235958670042707097e-01 4.252602268495559446e-01 4.208389106840110250e-01 4.298900859229703442e-01 4.149920546717120184e-01 4.208387565642707218e-01 4.326735717015239291e-01 4.327397178490673957e-01 4.298468987512673034e-01 4.257613328749599857e-01 4.239055243540184592e-01 4.233177309080380923e-01 4.167567721674994008e-01 4.174059909478946562e-01 4.316695191544476229e-01 4.401535905182706876e-01 4.261643947051240167e-01 4.310879470548175663e-01 4.426246763795931294e-01 4.386301756778772654e-01 4.053765529566678572e-01 4.200129047730363774e-01 4.185302473609371909e-01 4.153632716325383334e-01 4.231630854168543787e-01 4.106132590899195800e-01 4.293708599589246000e-01 4.204255934730273814e-01 4.335677432968312872e-01 4.291080916054316741e-01 4.240718681329731510e-01
1.017418578728934882e-02 8.151897600248513009e-02 1.387516151344630744e-01 3.200531635727484336e-01 2.153757863691826424e-01 1.000000000000000000e+00 4.186159925411560012e-01 3.604864249320286484e-01 4.084225773436022111e-01 3.868081059073590344e-01 4.297595192241225326e-01 4.705572358490762719e-01 4.184199482922970059e-01 3.292396174950201759e-01 4.690539417687613621e-01 4.663141191869892843e-01 4.389493055894046480e-01 4.264399702678537962e-01 4.314831186692382747e-01 4.002138817947352711e-01 4.358176665761241964e-01 4.597791041438145654e-01 4.524662696653311555e-01 4.429534864910594227e-01 4.403207713977879134e-01 4.497496187436205162e-01 4.653159196608371295e-01 4.702638387489662675e-01 4.303071754551605066e-01 4.485669675275183454e-01 4.757995518531474843e-01 4.787068556235321015e-01 4.390365406334111320e-01 4.622990933586991202e-01 4.615243461588991458e-01 4.608178636171396669e-01 4.895315804456900066e-01 4.703838634985728628e-01 4.844921152690448429e-01 4.660857679247694119e-01 4.912015143778377668e-01 4.926714041678215694e-01 4.871520050495279364e-01 4.993472161276018562e-01 4.922379846879522125e-01 4.899796775186042730e-01 4.814720121571123279e-01 4.943564227266941113e-01 4.877738295036339600e-01 4.661379399737348161e-01 4.820177150676186462e-01 4.692656209836038594e-01 4.799567577756461700e-01 4.871153797744277036e-01 4.858467150441057036e-01 4.890616580033843586e-01 4.895306724630140160e-01 4.891027711029718450e-01 4.910237461629725075e-01 4.854086464097948084e-01 4.900692556504875341e-01 4.875572932088302891e-01 4.891866086628264276e-01 4.837504006896028996e-01 4.768180345187668645e-01 4.830936129066616402e-01 4.897287978355869265e-01 4.915437111501510525e-01 4.920332027010687614e-01 4.978914556500649291e-01 4.889135556192988896e-01 4.925172920748702166e-01 4.901935125483757316e-01 4.883505546331855518e-01 4.918656553253968333e-01 4.938248039958467173e-01 4.956635226607412070e-01 4.769954584805323750e-01 4.837784196979929008e-01 4.690663257746634507e-01 4.860746931815753125e-01 4.844008014777873572e-01 4.921083321699605273e-01 4.827956183415321734e-01 4.879245614974326850e-01 4.901506854742383457e-01 4.924984908765207559e-01 4.917168647769690204e-01 4.894373806429821450e-01 4.907636071422049051e-01 4.960333698828793270e-01 4.929812935667542972e-01 4.937591154398855431e-01 4.970498399289789981e-01 4.859533886502955813e-01 4.894845984770865299e-01 4.851363331363864329e-01 4.830345362679850929e-01 4.862598144440146153e-01 4.909764513399823560e-01 4.926163811437294648e-01 4.899543536688781842e-01 4.917612693668496071e-01 4.941031342380579061e-01 4.911511680110410283e-01 4.845409060161310344e-01 4.885824471757730381e-01 4.904752009593114082e-01 4.897230856398713250e-01 4.914059354755460629e-01 4.893929520392050203e-01 4.888266786111822304e-01 4.904303321706824925e-01 4.853914999258779339e-01 4.859293153117328345e-01 4.883247077165601691e-01
2.639667776723514381e-02 1.371185474285613048e-01 2.457272644170636067e-01 4.530300687874251886e-01 3.750620622090459766e-01 4.186159925411560012e-01 1.000000000000000000e+00 6.032942122779063610e-01 6.193497231960732874e-01 5.922334045644821465e-01 6.528596728778278679e-01 7.103206013672057617e-01 6.385261846533833996e-01 5.278979611087397661e-01 7.590610635012330354e-01 7.156323344361397165e-01 6.509483118350427588e-01 6.021302239911539012e-01 6.217171880358149938e-01 5.570553361170657025e-01 6.421307918109550039e-01 6.632772586304676032e-01 6.738112771457677175e-01 6.523027363604156914e-01 6.466454759088566817e-01 6.556522388133321222e-01 6.935229194642865691e-01 7.315231056808755294e-01 6.469353367053882753e-01 6.734286607301956940e-01 7.137569880929230948e-01 7.233421617740442011e-01 7.021493442761291837e-01 7.164831731869476528e-01 6.878281307609493966e-01 7.030841487223932207e-01 7.274377529717210855e-01 7.208504012682097617e-01 7.409045529686869580e-01 7.253294451519896047e-01 7.442768571681137590e-01 7.516365117247648664e-01 7.361174418482359094e-01 7.513439204161003193e-01 7.446772159433204807e-01 7.454703617951019545e-01 7.255663465312326421e-01 7.281776484146488260e-01 7.184062191475919512e-01 7.069620012766311135e-01 7.292614579736157454e-01 7.044543045198670139e-01 7.085384990758696322e-01 7.084679777370160858e-01 7.067190975738716352e-01 7.108713231062145921e-01 6.982039788865668228e-01 7.313691439584960596e-01 7.117019322531378256e-01 7.126879728475475906e-01 7.200272914043055472e-01 7.056408280161866609e-01 7.076979604010387170e-01 7.086000098276011849e-01 7.010776341805247114e-01 7.067250924059949035e-01 7.292906646654170322e-01 7.327293940948338413e-01 7.443734472014921222e-01 7.331456154853340790e-01 7.387993184148662351e-01 7.372252186105745508e-01 7.383229454694154592e-01 7.341663407760343762e-01 7.336749661386139376e-01 7.438107477420456970e-01 7.494063039322396147e-01 7.181729980947292313e-01 7.366617473034530184e-01 7.096715163298709106e-01 7.287176008188992471e-01 7.299854001178356366e-01 7.439891332250460065e-01 7.287032341976750205e-01 7.488220202403021997e-01 7.439840921472715696e-01 7.469543124980032589e-01 7.494428803662420702e-01 7.435764660028292283e-01 7.332760327766237873e-01 7.573940368743509177e-01 7.529995408030756288e-01 7.463674569404722403e-01 7.516573770745162975e-01 7.293802863592713237e-01 7.286827991076526567e-01 7.371095692903965046e-01 7.227137292047792760e-01 7.291936242670034041e-01 7.466077484034665535e-01 7.439648114142772828e-01 7.366878231804264709e-01 7.356255072780742976e-01 7.463354778181954252e-01 7.375090140320044174e-01 7.173892468982301374e-01 7.262214220267191322e-01 7.270742780483531176e-01 7.273465323447095843e-01 7.321223805453301869e-01 7.321344788830485006e-01 7.234200677412453429e-01 7.260760462458530906e-01 7.240358313107001509e-01 7.289063091906126113e-01 7.223838731989130624e-01
-1.286545068786464942e-02 9.073739920872021802e-02 2.279056143981380844e-01 4.496892403988296816e-01 3.774222381273044102e-01 3.604864249320286484e-01 6.032942122779063610e-01 1.000000000000000000e+00 5.916245994942905817e-01 5.296928109891183567e-01 6.235572318264173131e-01 6.640785306048737624e-01 6.241031578746008002e-01 4.980821976823960329e-01 7.079040383753977261e-01 7.042056024394386382e-01 5.850162608101849848e-01 5.485585769278692458e-01 5.694999050760254367e-01 5.084062189085595262e-01 5.968762133844278672e-01 6.162481119977001320e-01 6.316855280391628913e-01 5.938598738722837833e-01 6.038926365356820369e-01 6.060333348923495622e-01 6.495125585378371813e-01 6.733149784064346166e-01 5.961499866266574132e-01 6.293672508522443199e-01 6.725070890198631135e-01 6.740913960954521000e-01 6.581240675847965793e-01 6.770512573722051730e-01 6.475847794920117639e-01 6.856978184875425208e-01 6.939138073767444626e-01 6.880284596877837000e-01 7.025533149348572870e-01 6.862746186152226535e-01 6.912079608968083599e-01 7.085749595834954784e-01 7.112520016349173080e-01 7.119062600840858623e-01 7.025306295433243475e-01 6.995728868064315931e-01 6.811646477781777564e-01 6.815780600993297522e-01 6.766535245017365474e-01 6.751610063357441627e-01 6.893864516853607238e-01 6.627923421421904049e-01 6.709215412814248936e-01 6.670770643970413971e-01 6.697862602391614351e-01 6.765980741856317815e-01 6.605861709931984960e-01 6.968142472452137914e-01 6.727630213452865382e-01 6.753496723924151679e-01 6.880727268111456185e-01 6.651563584913198213e-01 6.735511033431272887e-01 6.704265704030989426e-01 6.617666724323301164e-01 6.687340955729680347e-01 6.811306701519886930e-01 6.825365964925664830e-01 6.949579183533438620e-01 6.821592690757986022e-01 6.859127086030956111e-01 6.869108765084882551e-01 6.871310714024576605e-01 6.835074912961753846e-01 6.861753704722627356e-01 6.953595475229813472e-01 6.967225860543926341e-01 6.721611428527904941e-01 6.890361334821645256e-01 6.639035333332928834e-01 6.883432927857948691e-01 6.874012773953809274e-01 6.976510527795412031e-01 6.846275928353499074e-01 7.050679470578580244e-01 6.987049949479209321e-01 7.029267402772263473e-01 7.063949380984106963e-01 6.996048257546457760e-01 6.940920294033490201e-01 7.069935078707210163e-01 7.059494840865894183e-01 7.015450473856685853e-01 7.075399078466413361e-01 6.862630477226204784e-01 6.842151718028531837e-01 7.051483988216936671e-01 6.823048007183490915e-01 6.925008047476139961e-01 7.024031549302743871e-01 7.079434813435326879e-01 7.012042985075903623e-01 6.892533338176297653e-01 7.073608633380392696e-01 6.951428363063926197e-01 6.823431244645156157e-01 6.847628838683339492e-01 6.863550522072812132e-01 6.905683247537967029e-01 6.916225574417677047e-01 6.951084573586816528e-01 6.812356190090865793e-01 6.877012570948515258e-01 6.830111856304318385e-01 6.807473865879639652e-01 6.794940897360137733e-01
1.798192180581577038e-01 1.683326060955096237e-01 2.840524267722372986e-01 4.654459819202539372e-01 3.668490812268508927e-01 4.084225773436022111e-01 6.193497231960732874e-01 5.916245994942905817e-01 1.000000000000000000e+00 6.916711215995299256e-01 7.167545857914167096e-01 7.609296905870749361e-01 7.196255681812392391e-01 5.832716632936016943e-01 7.753259546352074816e-01 7.705773888360490931e-01 7.856741800483370008e-01 6.921929750498736489e-01 7.292163484237756954e-01 6.287172145312313054e-01 7.344452410102878526e-01 7.729158660806922931e-01 7.321421766053410884e-01 7.197641903763792870e-01 7.378427848017317103e-01 7.898759872448555264e-01 7.966822277557195076e-01 7.648743584195806244e-01 7.675433361934287380e-01 8.115641504147628194e-01 8.355572149063019705e-01 8.128666528995136531e-01 7.600574609719726871e-01 7.917595138081656714e-01 8.099387768132632059e-01 7.737740933059883419e-01 8.105252691946450705e-01 7.922859133089898975e-01 8.051086191205396592e-01 7.179973442317345578e-01 8.146844807420338119e-01 7.932580205960126918e-01 7.742567586708156702e-01 8.156526097595780955e-01 8.116612724196322626e-01 8.063833552112144032e-01 8.335076911270147271e-01 8.433591832497500107e-01 8.480103420335712849e-01 7.985402414194091580e-01 8.144622517905560910e-01 7.807455704930195139e-01 8.164956262619924576e-01 8.486109559215313514e-01 8.346731734629965205e-01 8.255922054462736526e-01 8.460902293496218585e-01 8.262111907253814058e-01 8.286860644916067553e-01 8.558471124018351972e-01 8.338432812797698102e-01 8.382186802813487159e-01 8.307450262411638642e-01 8.454099483945450855e-01 8.491492957870734326e-01 8.456950177612780895e-01 8.438832318878066729e-01 8.410640027718303546e-01 8.309553067130048820e-01 8.276513447332948248e-01 8.323521524159032126e-01 8.409197417206162317e-01 8.262620779540521543e-01 8.272201240971785996e-01 8.406795168209150182e-01 8.356819765239681397e-01 8.231553293958185913e-01 8.360975794554804663e-01 8.264391793296701483e-01 8.387629313866732383e-01 8.404252265070258909e-01 8.367383986407894714e-01 8.269621062875911477e-01 8.380269630275130055e-01 8.216639945050635552e-01 8.272448402324517058e-01 8.234942936159056481e-01 8.235028388264939991e-01 8.276469008325647581e-01 8.235436704119957207e-01 8.066974316731383432e-01 8.215309382303634944e-01 8.262531024678400060e-01 8.218256727710374632e-01 8.333960440919936374e-01 8.372470362230151064e-01 8.204945406788521911e-01 8.478326250851028201e-01 8.336517419448828958e-01 8.307502070331942434e-01 8.175813513976843971e-01 8.304615225010714141e-01 8.322952562980787672e-01 8.311399418118631255e-01 8.306151897819997743e-01 8.398163394827283801e-01 8.477068686170624590e-01 8.383383165207214383e-01 8.377755990931696761e-01 8.380065077127383244e-01 8.227000278775984388e-01 8.454062361968811556e-01 8.370362612247072009e-01 8.461798128933697427e-01 8.466223642900720936e-01 8.466463347384060034e-01
6.398197022477700169e-02 2.201825489378157474e-01 2.434990803738026621e-01 4.038538562285066136e-01 3.049590102694733629e-01 3.868081059073590344e-01 5.922334045644821465e-01 5.296928109891183567e-01 6.916711215995299256e-01 1.000000000000000000e+00 6.451763231708094182e-01 6.914345204280620827e-01 6.352268644428331612e-01 5.298025440896451110e-01 7.263564845401427883e-01 7.102421324368977107e-01 6.746703753335188125e-01 5.894359671335801520e-01 6.305768784073104705e-01 5.344974929531381980e-01 6.331528688155702023e-01 6.479051123833526882e-01 6.494877425698062368e-01 6.285897729747872420e-01 6.505322078099954330e-01 6.989340172119609118e-01 7.142557012724524146e-01 7.134017079528015559e-01 6.937421343784913041e-01 7.342676144437941810e-01 7.594611897035893344e-01 7.437901840654193020e-01 7.159467098107402672e-01 7.114863505508353114e-01 7.226771978759786164e-01 6.824228642735383765e-01 7.463438333012792913e-01 7.481819297581693284e-01 7.417818457623355233e-01 7.018764120689184871e-01 7.634406565569964442e-01 7.434834210415909306e-01 7.064848163548467230e-01 7.422917532741679647e-01 7.487688316803717825e-01 7.536919876389990280e-01 7.741750136749223632e-01 7.835156332989706707e-01 7.644807750203497232e-01 7.116773170710858354e-01 7.520912030767877843e-01 6.914037505408278106e-01 7.386018407188084112e-01 7.743671032108226937e-01 7.665491551885728061e-01 7.611995428079495474e-01 7.478343649069431054e-01 7.671124605456973722e-01 7.698737060800255882e-01 7.661151348357936319e-01 7.566908820759788989e-01 7.643466632260718097e-01 7.572619106010035628e-01 7.418444788918344690e-01 7.468459158859196423e-01 7.514221178164366410e-01 7.747773953138117342e-01 7.658435724858834170e-01 7.616481301091058143e-01 7.490279137557798173e-01 7.580409990636710615e-01 7.684006776485751145e-01 7.550927116881336332e-01 7.567479091319420093e-01 7.731858773573331289e-01 7.712950893035027677e-01 7.651118155524303521e-01 7.714331513341037283e-01 7.663760763745122162e-01 7.702062199651268370e-01 7.706879571735488765e-01 7.760698840452331382e-01 7.593117049085306158e-01 7.709351269255042549e-01 7.492530749991606065e-01 7.589061477894035734e-01 7.646786996927217306e-01 7.701162684170058670e-01 7.674205863624786739e-01 7.656474642012107701e-01 7.603031600302422310e-01 7.673278030561138108e-01 7.654049889524836559e-01 7.664947045898234945e-01 7.731273350120319021e-01 7.758755907857222134e-01 7.447891568374810367e-01 7.587157602830038039e-01 7.639500047923615256e-01 7.684270927015954822e-01 7.495924949112363622e-01 7.601794545688175253e-01 7.652001166840471935e-01 7.620842688371392004e-01 7.540021036884658745e-01 7.610079214901890321e-01 7.728230435112374286e-01 7.752284560313337236e-01 7.732922424510351167e-01 7.756396199793557100e-01 7.684131374833531591e-01 7.717541893373622841e-01 7.719336880174574311e-01 7.619110594123627012e-01 7.653660712985516090e-01 7.676460776417000087e-01
4.084631595629256012e-02 1.278003042854754800e-01 2.829111149900658817e-01 4.784063337543408290e-01 3.696788141211518330e-01 4.297595192241225326e-01 6.528596728778278679e-01 6.235572318264173131e-01 7.167545857914167096e-01 6.451763231708094182e-01 1.000000000000000000e+00 7.948072990976575714e-01 6.994723111717767727e-01 5.660226491254946035e-01 7.907198215370790928e-01 7.866245856702681616e-01 7.388851982604452973e-01 6.862754706764792045e-01 7.253036572130758808e-01 6.281386490792665311e-01 7.143381418172475295e-01 7.495271399753605790e-01 7.627219977225131453e-01 7.450893050195955825e-01 7.631450195464820618e-01 7.827287318083701040e-01 7.945101698144098057e-01 8.100520036403043855e-01 7.626319539830551664e-01 8.048517094652816173e-01 8.344893859236840461e-01 8.243525497755538334e-01 8.056946491766269203e-01 8.207301260542775312e-01 8.053738432883652543e-01 8.124988353878360714e-01 8.368784592960809565e-01 8.248739244520318925e-01 8.368112331725235942e-01 8.076643753792588365e-01 8.385283033195164437e-01 8.315773063596185732e-01 8.234733842977177698e-01 8.358922806266725347e-01 8.474121573910138316e-01 8.279655220022272832e-01 8.232446013658198947e-01 8.283631457422343525e-01 8.218111803385681480e-01 8.129300517344293375e-01 8.335052213322265979e-01 8.073129582266516113e-01 8.129735312470161013e-01 8.122991517402667894e-01 8.119467917845156757e-01 8.253522748648333129e-01 8.044040654922091083e-01 8.234915204317880821e-01 8.105614313146851657e-01 8.135504514649293251e-01 8.205832240898690566e-01 8.032388428673031822e-01 8.072478713846819032e-01 8.146740867379990148e-01 8.054928227004465313e-01 8.087257834677115120e-01 8.324989926142997154e-01 8.374163475982080440e-01 8.477830281765847964e-01 8.275081272938891175e-01 8.373172535180287701e-01 8.410209120292493346e-01 8.357750211195613677e-01 8.424447776949142153e-01 8.420478056859531657e-01 8.424866754809599012e-01 8.400481082909047048e-01 8.313234744999731252e-01 8.432163265654889495e-01 8.339670723195110602e-01 8.414428827476203576e-01 8.373343905137469179e-01 8.407809143058349033e-01 8.411194022724568509e-01 8.465382597402396625e-01 8.424417000401093203e-01 8.444464640073781059e-01 8.439006525703183215e-01 8.404581745724208908e-01 8.367479675263127525e-01 8.455003952852093718e-01 8.425880214276320057e-01 8.440812270408386553e-01 8.415071057566595458e-01 8.277560261926082408e-01 8.306165681229700226e-01 8.386356031890007667e-01 8.228933945752472390e-01 8.270578024600164779e-01 8.415611417049679854e-01 8.405188606384991212e-01 8.313385747491955913e-01 8.332519770015107685e-01 8.399274795802412763e-01 8.394484144485060417e-01 8.145473533380783726e-01 8.272974830093813292e-01 8.344995050393103631e-01 8.323737075012546116e-01 8.290016219382729812e-01 8.262071135212506467e-01 8.227315061797763063e-01 8.239175690579821909e-01 8.256796710638730774e-01 8.309482247456031478e-01 8.220321479360256367e-01
1.700260587146273580e-02 1.221427241014622772e-01 3.021958645457166193e-01 5.323270997455528120e-01 4.144483530649070158e-01 4.705572358490762719e-01 7.103206013672057617e-01 6.640785306048737624e-01 7.609296905870749361e-01 6.914345204280620827e-01 7.948072990976575714e-01 1.000000000000000000e+00 7.744995609313122253e-01 6.357008049197067079e-01 8.687643169382633923e-01 8.499277036631414095e-01 7.811351149144091233e-01 6.793785747283662690e-01 7.196200122895130002e-01 6.296016640140943421e-01 7.550807469712520481e-01 7.870330686417082999e-01 7.635733136580237224e-01 7.450054084443665792e-01 7.503090753935974799e-01 7.905414800446691759e-01 8.096960358277445202e-01 8.243197977091639705e-01 7.593818725767395028e-01 8.254540449378670042e-01 8.647935019612515983e-01 8.536963247599825833e-01 8.221586915359698766e-01 8.506326501995592482e-01 8.329873367725632027e-01 8.503692839273616633e-01 8.743363217815577348e-01 8.672735157170760045e-01 8.802234997137485806e-01 8.364392139925860281e-01 8.937921585357808674e-01 8.941458374317332591e-01 8.735222704816155703e-01 8.992964502032156915e-01 8.897064554000593262e-01 8.819692723626026964e-01 9.018405335975202552e-01 9.024956351079893579e-01 8.941966421425416867e-01 8.606876149980409174e-01 8.902554678673716415e-01 8.704693173822558583e-01 8.831718575235348867e-01 8.894273566189303537e-01 8.807733064337360807e-01 8.797465361174175991e-01 8.827103466443367852e-01 8.974249741111235412e-01 8.847357026822419979e-01 8.969063172450545407e-01 9.023633549610573512e-01 8.875822996510336349e-01 8.832322452244220079e-01 8.927236987112565636e-01 8.840947640162089005e-01 8.941188458126497762e-01 9.033561827189401372e-01 8.954413937465771633e-01 8.933815736783752293e-01 8.839638938402673007e-01 8.986860281232246228e-01 9.012089781084338114e-01 8.857497496708276463e-01 8.890017422297522565e-01 8.968111012676911464e-01 8.967691869860079379e-01 8.889692205946847503e-01 8.773414663776172295e-01 8.909550327834961925e-01 8.845118437854768700e-01 8.952392453525601645e-01 9.007725559013447514e-01 9.028209691603017450e-01 8.911709478930912587e-01 8.984090788388554571e-01 9.007005798179223977e-01 9.064702842791442228e-01 9.043078184779280715e-01 9.064907133564593655e-01 8.988427399381343497e-01 8.969614845718278939e-01 9.105638459809723972e-01 9.089148209433072223e-01 9.079937137461610019e-01 9.063350638002429793e-01 9.062985805471788225e-01 8.995999303497166366e-01 8.931816493014802516e-01 9.007766056378121444e-01 9.085532550396571150e-01 9.076032004680616438e-01 9.033826030615529357e-01 9.093724569584747952e-01 9.121925637013766908e-01 9.102855532853000309e-01 8.927248305920489901e-01 9.022703720232719826e-01 9.023062821015401802e-01 9.003070314271005570e-01 9.049638649319758921e-01 8.987133038997765500e-01 9.064539057093417007e-01 9.040290859172457338e-01 9.051012479135341904e-01 9.032607148652156415e-01 9.033509563237950291e-01
4.172317532461982531e-02 1.176309293009859536e-01 2.619054009091895674e-01 4.814050706240683986e-01 4.566546448186449281e-01 4.184199482922970059e-01 6.385261846533833996e-01 6.241031578746008002e-01 7.196255681812392391e-01 6.352268644428331612e-01 6.994723111717767727e-01 7.744995609313122253e-01 1.000000000000000000e+00 5.859013559997764409e-01 7.962934228927174285e-01 7.916001310973266314e-01 7.074730976500231971e-01 6.289112803089931258e-01 6.636733483277282852e-01 5.800681516650059155e-01 7.000652325019738331e-01 7.278383883670600518e-01 6.828707976614361019e-01 6.785018136010056988e-01 6.879240416497488519e-01 7.192995844625837965e-01 7.306629988024311295e-01 7.355983358479527556e-01 6.924303050308863172e-01 7.438095519315365278e-01 7.831399086042913904e-01 7.568925941865747298e-01 7.315434326581916613e-01 7.571907942081163023e-01 7.524009861632375840e-01 7.741737552220919749e-01 7.910901079561630800e-01 7.718782714157957914e-01 7.933089250575121598e-01 7.427151548088429811e-01 8.024455506501810831e-01 8.066417196023383251e-01 8.025906180787738542e-01 8.262316077096651945e-01 8.053487917012450703e-01 7.954432315849028212e-01 8.168627512721341466e-01 8.195129591725760498e-01 8.068636294578681589e-01 7.723097146942811131e-01 7.963978061488924398e-01 7.869783476587082216e-01 8.106293629991384586e-01 8.154718047402577108e-01 7.990222326205959069e-01 7.947587827370382607e-01 8.108797795581782486e-01 8.177903519447471403e-01 7.944408430461804560e-01 8.308225909155071420e-01 8.238364454650387581e-01 8.137126033488418786e-01 8.030727642845444381e-01 8.239923571243830125e-01 8.151558530645186540e-01 8.247337926345695847e-01 8.202796319770876421e-01 8.130870840640952446e-01 8.086103114858018692e-01 8.101109461009244894e-01 8.204545071370502596e-01 8.226880989784789433e-01 8.023225740451984667e-01 8.074215622522452618e-01 8.129964385318169118e-01 8.119771358518698134e-01 8.038132708767647960e-01 7.949604702584355254e-01 8.056243597034913329e-01 7.950759037204045976e-01 8.098544308416161241e-01 8.177184010196852926e-01 8.188597151629822823e-01 8.030738985835836896e-01 8.084743574174225733e-01 8.108553970143573819e-01 8.199364364854313525e-01 8.165185368101012253e-01 8.211135273535089540e-01 8.172194845475899694e-01 8.066231126863440126e-01 8.220444012755637742e-01 8.253227085645855610e-01 8.215188413150434910e-01 8.225778945167891987e-01 8.239335954784230420e-01 8.173054892741046240e-01 8.131626288179742978e-01 8.157097308455892870e-01 8.220038276188493809e-01 8.275829234738345530e-01 8.219659890537238667e-01 8.262960597613925318e-01 8.332147346242243513e-01 8.284236504861527406e-01 8.157428277070907230e-01 8.217468907732924377e-01 8.220575541683776688e-01 8.195685391075706594e-01 8.243570212640349837e-01 8.119869221565506612e-01 8.304501445089849110e-01 8.243169228777564861e-01 8.303328385645544207e-01 8.274974262027038341e-01 8.274418501455144126e-01
