1.000000000000000000e+00 2.315373573891898740e-01 1.688559410189005572e-01 7.461051054477155220e-02 1.266253271207413815e-02 5.923613430067900532e-02 2.135350151202717109e-02 -1.412134732623218300e-02 1.916456790649435360e-01 1.102811505826382238e-01 6.888902928434131878e-02 2.742986638062758914e-02 1.534931398721550017e-02 -3.328768598481079977e-02 1.612047129562929615e-02 3.061481546592136754e-02 9.873046535517251976e-02 1.347240610830717777e-01 1.123750160202896670e-01 1.606914650350734775e-01 1.705966804781593182e-01 1.560316424766235999e-01 1.998531993645061011e-01 6.937370039296834878e-02 9.986132881473173961e-02 1.584123474175643531e-01 1.278647909576117458e-01 9.477016695050914652e-02 1.745192433524584974e-01 1.900694470429280525e-01 1.274066561914670437e-01 1.013090996120883103e-01 1.425958040542757710e-01 8.390556091606234113e-02 1.316235366055185096e-01 8.047112379050379294e-02 1.133135918587951652e-01 7.241158505055653172e-02 8.526727887277855966e-02 3.243469093838666911e-02 6.169431776301331077e-02 3.172110909401447409e-02 5.218481138698063265e-02 4.541440423006391086e-02 8.797684817012921266e-02 4.973870223360045417e-02 2.051244259255231503e-02 5.970300278587793025e-02 5.658421467072308197e-02 5.358592404948081533e-02 6.218793893123163163e-02 4.483152938598224113e-03 1.192018728472160442e-02 9.163486915710797320e-02 1.038369760654838381e-01 9.124111608043874999e-02 9.551097480590435562e-02 3.410598341951465856e-02 5.484006462799748821e-02 3.750173054806895528e-02 2.506667114910341235e-02 6.505985007977521661e-02 5.658960903682005300e-02 6.264816299520900578e-02 8.066425393483823980e-02 8.064088933863791664e-02 3.443542921623202191e-02 3.198460319579589373e-02 6.326313639802651212e-02 6.038932528320061638e-02 5.218351327595788236e-02 5.133680561210312437e-02 3.527871744718130698e-02 3.862507189967374910e-02 5.367481794568847858e-02 5.700222055200242915e-02 3.922933283215435801e-02 6.528605381343205449e-02 5.048108655628018998e-02 7.104127631704335033e-02 6.535171505197749642e-02 4.582040043502365323e-02 8.011151668443844409e-02 4.507277157729743661e-02 2.662571473789769605e-02 3.218593405282125369e-02 3.576187384064673930e-02 2.657393609520443054e-02 2.822110109411741022e-02 6.937299397191463990e-02 2.958930695805077338e-02 1.448248646927958148e-02 3.549444373971359645e-02 1.602316478188542739e-02 5.603330328602416227e-03 2.246399503121826804e-02 1.558678694631611059e-02 5.352625235266287446e-02 1.557614138992870385e-02 2.579827665724097191e-02 6.596899680242858388e-03 1.873202769829935416e-02 1.182500834984412559e-02 1.344070961315054630e-02 1.687948365425792976e-02 5.856443435139394721e-02 2.699164971243493347e-02 4.116172485567873296e-02 4.344618812724283102e-02 3.127280918557077266e-02 2.048185347221843575e-02 1.564480732590907419e-02 2.533680134742290896e-02 2.365442244456839385e-02 5.553281919909466152e-02 4.796167549781100992e-02
2.315373573891898740e-01 1.000000000000000000e+00 1.588177174765597610e-01 8.486645826469346732e-02 8.407583799270132441e-02 1.120716800719307737e-01 1.753208385478672027e-01 1.084011849259326060e-01 2.374641392550316255e-01 2.272093927183865270e-01 1.951590848652317300e-01 1.473055653204028703e-01 1.452001179091199079e-01 1.228426238658588548e-01 1.694845083350114412e-01 1.696305225779883574e-01 1.712541488297847636e-01 1.765869663967669367e-01 1.807372712316567542e-01 1.889462107292360360e-01 1.492701465194725408e-01 1.964029200037599177e-01 2.456429397926072622e-01 1.201829229728688386e-01 1.516950016496198539e-01 2.576259494487178614e-01 2.184233435876128115e-01 2.198359466338886403e-01 2.818526289076646596e-01 2.782835848048168526e-01 2.409172425230217407e-01 2.042693398166368635e-01 2.471646470855147493e-01 2.008868241969687940e-01 2.451903108054547253e-01 1.882835420811340144e-01 2.244179176251097918e-01 2.074969085541097935e-01 2.146435974330730689e-01 1.796677363925738014e-01 1.939722966064718335e-01 1.799876008724017318e-01 1.734993514202188558e-01 1.737193386286295660e-01 2.078401884776388819e-01 1.945435501531412037e-01 1.667318376283381254e-01 1.890159901273678333e-01 1.836641292974257600e-01 1.718318208170967198e-01 1.793253420773062989e-01 1.158669945357743841e-01 1.406381829567878161e-01 2.134094771102645061e-01 2.141905010872607873e-01 2.180524107833763103e-01 1.900676628311305238e-01 1.755082260517164261e-01 1.838119959113770352e-01 1.733062787355641454e-01 1.611665910893367581e-01 1.899154553804605905e-01 1.799204385716326737e-01 1.855833391811863298e-01 1.879591530058312698e-01 1.878028739692819415e-01 1.785462600938451661e-01 1.689732852883127356e-01 1.969971769743293633e-01 1.825526584395059937e-01 1.675740724766703327e-01 1.786066851381939713e-01 1.600530347331420855e-01 1.647011623369707689e-01 1.940706349896778593e-01 1.924585185673935717e-01 1.877467541781766280e-01 2.150493744479893554e-01 2.020256541820709129e-01 2.108169059083452868e-01 2.017580029362740224e-01 1.878447387957337400e-01 2.055422120429163391e-01 1.988098066689188148e-01 1.793202037965593021e-01 1.767337783266696438e-01 1.817714974861294186e-01 1.806497690122216004e-01 1.789560744430661321e-01 2.072569210371764947e-01 1.777877331462708876e-01 1.664171029592958762e-01 1.753585249019941616e-01 1.715703462732044993e-01 1.622863910218485251e-01 1.725298554649231653e-01 1.590486737901284642e-01 1.703243887304976556e-01 1.611350760485192879e-01 1.704800181294976458e-01 1.592217548407978411e-01 1.619958260508129189e-01 1.528335882820394398e-01 1.617562660976482602e-01 1.606750900098601609e-01 1.816977686018772520e-01 1.670660824141650125e-01 1.872639981141840937e-01 1.893089140269656467e-01 1.711405163416391539e-01 1.698800323383115318e-01 1.645176160453796221e-01 1.708275428742697666e-01 1.688250636794081938e-01 1.800353307540785985e-01 1.755896813810904900e-01
1.688559410189005572e-01 1.588177174765597610e-01 1.000000000000000000e+00 3.439343402555102847e-01 1.811643050699892343e-01 2.911347023455733152e-01 3.315638308658132583e-01 2.731905391256800875e-01 3.624822954012373866e-01 3.227214097831377360e-01 3.651143213861355319e-01 3.532617827011887979e-01 2.825038161348724652e-01 1.987098549189219576e-01 3.337867732815678612e-01 3.441731418421835054e-01 3.558540309128368495e-01 3.990110200182921396e-01 3.854420847527809668e-01 3.336977173111436157e-01 3.851087484617802814e-01 4.182958183796648410e-01 4.076142045194102725e-01 3.586614128942249291e-01 3.739352990218328121e-01 3.986808752767256880e-01 3.764559239414004277e-01 3.825484051122560736e-01 3.864776082013264835e-01 3.828236963103874291e-01 3.893955394025165329e-01 3.905713361480060986e-01 3.858333764753921757e-01 3.810279852173175108e-01 3.645231430154535213e-01 3.794346198628923417e-01 3.702900161514746102e-01 3.855982534162580855e-01 3.753195680382744870e-01 3.604020686135107621e-01 3.609743093208626075e-01 3.592532264237782713e-01 3.686992682554435796e-01 3.602738840305424461e-01 3.877552676015781907e-01 3.610328144979785825e-01 3.232416277555878459e-01 3.494461998537082281e-01 3.543690620810290848e-01 3.702867894598996790e-01 3.685685332780878065e-01 3.347451971683919059e-01 3.297823267937110558e-01 3.616450366924939264e-01 3.701962698243952965e-01 3.821924345154796843e-01 3.624521568880306743e-01 3.350000267705163792e-01 3.615866951636649285e-01 3.305092881727685894e-01 3.414359052649267312e-01 3.525355176467725449e-01 3.567971364065173900e-01 3.532675868460835589e-01 3.558050680820245559e-01 3.527343761601430816e-01 3.364440472593895892e-01 3.512645431061840462e-01 3.600019572124593115e-01 3.559753745549869008e-01 3.601966596781369656e-01 3.579565360363314297e-01 3.652788935874637377e-01 3.562309715484919259e-01 3.524674335258629609e-01 3.540527281842367757e-01 3.477962927497997847e-01 3.538323616657360060e-01 3.572364431976924326e-01 3.498974307521000582e-01 3.452868328764831518e-01 3.443678266424818890e-01 3.620334779345276144e-01 3.410981856133137313e-01 3.486498734337580285e-01 3.546206442487326860e-01 3.486452484098511717e-01 3.452691434554310268e-01 3.428147317535507610e-01 3.593844186818596076e-01 3.493424686784193378e-01 3.335919766506278417e-01 3.492702336202734292e-01 3.388562205031073749e-01 3.177005534724172131e-01 3.284239237222979502e-01 3.445203551214585103e-01 3.446151634074446357e-01 3.333553192466335302e-01 3.431764613405363096e-01 3.388288952719920588e-01 3.339929925385524689e-01 3.280824507870587770e-01 3.326606807429086099e-01 3.372838553756566382e-01 3.438700314473139841e-01 3.316227357794306885e-01 3.365503565517457552e-01 3.411936865268373476e-01 3.363275077746339936e-01 3.364903665354437301e-01 3.203050322449870757e-01 3.328554550982069649e-01 3.329767204355546517e-01 3.441562697266579707e-01 3.310564585425727624e-01
7.461051054477155220e-02 8.486645826469346732e-02 3.439343402555102847e-01 1.000000000000000000e+00 3.658349277463809890e-01 4.315443343632580642e-01 5.683298414901080120e-01 5.184711527445338142e-01 5.248989518817840372e-01 4.496276204733045123e-01 5.462790871525684544e-01 6.414109865847842373e-01 5.064953466648898228e-01 4.040603669904541673e-01 5.785852700400363480e-01 5.754876206522263615e-01 5.301003997838396042e-01 5.707601968750760646e-01 5.525959602507123369e-01 4.680120902729154042e-01 6.092078379672110078e-01 5.955361634413710581e-01 4.904980146665074425e-01 5.515428104319562985e-01 5.687566645398940413e-01 5.388391003296691961e-01 5.817166274057508080e-01 5.773948962046695499e-01 4.761531763630425518e-01 4.607625585866199081e-01 5.469714295684345862e-01 5.564083682949058085e-01 5.246253999241466959e-01 5.369380097102161020e-01 4.904604348591298790e-01 5.595184371484681618e-01 5.308167671957313427e-01 5.581622794986541569e-01 5.526853964692439725e-01 6.017960616001689633e-01 5.798621074686967081e-01 5.902942741766827872e-01 6.163639490057964965e-01 5.986662169484117113e-01 5.977736325800976358e-01 5.620998508095451651e-01 5.386744859834414756e-01 5.582298502165892184e-01 5.693830518439959576e-01 5.778957008087196590e-01 5.798478820399847189e-01 6.104966632124401160e-01 5.896008213391180641e-01 5.179338407073470485e-01 5.105987882822472512e-01 5.388055791829717833e-01 5.470064308883724191e-01 5.648297717259199713e-01 5.717803438436064312e-01 5.504361279312073307e-01 5.783040475982557105e-01 5.602962105434157181e-01 5.551284415369226455e-01 5.624189121604253883e-01 5.515470779546264302e-01 5.468735907501740545e-01 5.521612582774312328e-01 5.698782364529187960e-01 5.470557287169764971e-01 5.771414488489327033e-01 5.892127842266516868e-01 5.627625780249153609e-01 5.735513132646765655e-01 5.769151217510574137e-01 5.630611007517014599e-01 5.749035782533683525e-01 5.662597470090990903e-01 5.283570702983850786e-01 5.512855709432840090e-01 5.226159070299863929e-01 5.376422254657210464e-01 5.476209868920499657e-01 5.347959192679703211e-01 5.358793448595055020e-01 5.600701964858993964e-01 5.510341965274063725e-01 5.577943257842706837e-01 5.630332088984544292e-01 5.492960553019179404e-01 5.454744038930979810e-01 5.823360070974334946e-01 5.729947925487984817e-01 5.801116750826427193e-01 5.655405700862515816e-01 5.418246527337313712e-01 5.468280655270197910e-01 5.951980017163286396e-01 5.593311513508048005e-01 5.750610999498553255e-01 5.741382802455436973e-01 5.818828101513968676e-01 5.680061902230940651e-01 5.760522934603136136e-01 5.765206203288499864e-01 5.702610291493900307e-01 5.473235464476337020e-01 5.554560156963441742e-01 5.338355966306603806e-01 5.350110216528850549e-01 5.702906200091946154e-01 5.636511002453706842e-01 5.471103477216191502e-01 5.566296067303674322e-01 5.567330660658991182e-01 5.473832168777698071e-01 5.472670077101968733e-01
1.266253271207413815e-02 8.407583799270132441e-02 1.811643050699892343e-01 3.658349277463809890e-01 1.000000000000000000e+00 3.309964581648893733e-01 4.752143193177985059e-01 4.344589557685282211e-01 4.465667402355993354e-01 3.796561866480333558e-01 4.443720131002737439e-01 4.953522109858211064e-01 4.397893464944706565e-01 3.649366836983690132e-01 5.036002160137956762e-01 4.819715285926948756e-01 4.506079066728368443e-01 4.341687674940121200e-01 4.410993912105793391e-01 3.808834241395284148e-01 4.244173997038706014e-01 4.682698855403270577e-01 4.070626698206397109e-01 4.242873626702095557e-01 4.336930850750413957e-01 4.547658435808364374e-01 4.730725026959999857e-01 4.485481254791109373e-01 3.940264765793873858e-01 4.180712024372165714e-01 4.637514423595359703e-01 4.643571091556169539e-01 4.045942446987968455e-01 4.512151589371909965e-01 4.156044610919723548e-01 4.599285457309286729e-01 4.448152178284826563e-01 4.638864105745467148e-01 4.617211967029193898e-01 4.811005601384455987e-01 4.967761031844998842e-01 4.927151716993056763e-01 5.000154724570389231e-01 5.014935886545668353e-01 4.883672692200564103e-01 4.743616223728824854e-01 4.884298840429224242e-01 4.930632243227953126e-01 4.867770862045232017e-01 4.628623003038380701e-01 4.783254570677262785e-01 4.871701083810188182e-01 4.948790658529674813e-01 4.740468120817570297e-01 4.680768062395170848e-01 4.680978719157486978e-01 4.718576727924556069e-01 4.945449087620156225e-01 4.892822952181081209e-01 4.905249734949344020e-01 4.949430627245801628e-01 4.939011192966772934e-01 4.824858172463894479e-01 4.886614210378401046e-01 4.818749225112223811e-01 4.799124735969332867e-01 4.909887076121173810e-01 4.943470108982079836e-01 4.868675371032754051e-01 4.986421001285996635e-01 4.953584385225849318e-01 4.939348169892015528e-01 4.942397727868569346e-01 4.927435165191991207e-01 4.980783015085494814e-01 4.983625562938063247e-01 4.909921410077648929e-01 4.681564414734124546e-01 4.806145259407630932e-01 4.778553950891126223e-01 4.816832720148245817e-01 4.873057069186041423e-01 4.769284654994181971e-01 4.718563930672245998e-01 4.810719623002493450e-01 4.845721551187798237e-01 4.830291211320869582e-01 4.900862598983389273e-01 4.845103205097500143e-01 4.840787028034711503e-01 4.936861794128740155e-01 5.013321036698867861e-01 5.015719085280333500e-01 4.926233235383210562e-01 4.902800862849551189e-01 4.907901136493781902e-01 5.025589419898686128e-01 4.847990472247576399e-01 5.001885278064183149e-01 4.944829876648485500e-01 4.986395351693862499e-01 4.951528954561960627e-01 4.997729315532877803e-01 5.053069181268834420e-01 4.938076420955946899e-01 4.868210988027197872e-01 4.919001189808606123e-01 4.848393435602403878e-01 4.839297016298791387e-01 5.023111352351015135e-01 4.992180944933929942e-01 4.921280552326835478e-01 4.945266695650784583e-01 4.923279959602762101e-01 4.868414858661886946e-01 4.891019416073817405e-01
5.923613430067900532e-02 1.120716800719307737e-01 2.911347023455733152e-01 4.315443343632580642e-01 3.309964581648893733e-01 1.000000000000000000e+00 5.564680223409080861e-01 4.797236387276079261e-01 5.661382118166234934e-01 5.192434118747354388e-01 5.742972973209590215e-01 6.046812865243189616e-01 5.242054462603893406e-01 4.928526455957360497e-01 6.102959815184176851e-01 6.026864230302072523e-01 5.470455099957870493e-01 5.652029532046389804e-01 5.728551965936525825e-01 4.596215742675184845e-01 5.305427694141033879e-01 5.961961537069488948e-01 5.413497842568832930e-01 5.226015466973269463e-01 5.654076601454182116e-01 5.977630821782115023e-01 6.178459728548578722e-01 6.217867973539187298e-01 5.754226559108710504e-01 5.595638040904623578e-01 6.117110432589757396e-01 6.140389670688655155e-01 5.842899081965226005e-01 6.055474911110315661e-01 5.839490317538618136e-01 6.096832729729982914e-01 6.063481478925940582e-01 6.263204317777186780e-01 6.248098158064904206e-01 6.209514731623794193e-01 6.274707946310686957e-01 6.386320559035998379e-01 6.370460462337019791e-01 6.397635987663072843e-01 6.346706785512188365e-01 6.356070349515794415e-01 6.152385144529798344e-01 6.233425260001257406e-01 6.276087094411822997e-01 6.130534424608313770e-01 6.256481916019352996e-01 6.097399315398972508e-01 6.156289706841020504e-01 6.113604376659604878e-01 6.082116628972314976e-01 6.287603202252928236e-01 6.010795913870142781e-01 6.222241641993608852e-01 6.261584052888338192e-01 6.173248789196423836e-01 6.311236317207796764e-01 6.212658629529207444e-01 6.157027477970884455e-01 6.218015830764109797e-01 6.239345462442759116e-01 6.136092694025107042e-01 6.258409594848134416e-01 6.297444614085855319e-01 6.240012820561261497e-01 6.235261905568031393e-01 6.353117956990775861e-01 6.333523536990026681e-01 6.235925101093017231e-01 6.338824169728819458e-01 6.315591320678130005e-01 6.335226580312437461e-01 6.350555757736033868e-01 6.267252685167493675e-01 6.313151075115226440e-01 6.202790181471842246e-01 6.232508458609193891e-01 6.249439710579364204e-01 6.232483634099206249e-01 6.211115471913173369e-01 6.285734007098651155e-01 6.271355872887913740e-01 6.311604400436989781e-01 6.352529894871498106e-01 6.299446685457211759e-01 6.300787602693931344e-01 6.358696232687083283e-01 6.312427407602342333e-01 6.348197463942834018e-01 6.344386375767218089e-01 6.206836661887653595e-01 6.238374984035969240e-01 6.331965804631634054e-01 6.194446131567780123e-01 6.298372087751048509e-01 6.329630496513206639e-01 6.380821897023607470e-01 6.243813494361069028e-01 6.295415150597734044e-01 6.327257575686509039e-01 6.299910116166915763e-01 6.175147743360961394e-01 6.252036880106847105e-01 6.232525721568213939e-01 6.260414805841648667e-01 6.285483152248759753e-01 6.286715796486027630e-01 6.202264729412444444e-01 6.241119809432988941e-01 6.240513322195470058e-01 6.211706020421243757e-01 6.174910822471276761e-01
2.135350151202717109e-02 1.753208385478672027e-01 3.315638308658132583e-01 5.683298414901080120e-01 4.752143193177985059e-01 5.564680223409080861e-01 1.000000000000000000e+00 6.797716530663631129e-01 7.006024330646216658e-01 7.007245427701339624e-01 7.403294548169366829e-01 7.885175003992843656e-01 7.097166352406143464e-01 6.326793472280741737e-01 8.390922596639135422e-01 8.101762452269458681e-01 7.141950451184979620e-01 7.373467985299307914e-01 7.422282490643300479e-01 6.058638876589194089e-01 6.903027956423760658e-01 7.637578810095484450e-01 7.047968664883731416e-01 7.042837996946905710e-01 7.374124607453256264e-01 7.827350040537286446e-01 7.941513064229847041e-01 8.059651437247234984e-01 7.330899049062250539e-01 7.114718677979008365e-01 7.839182007373128869e-01 8.001998577894676723e-01 7.561385101399020758e-01 7.931984957149201820e-01 7.444426656074923931e-01 7.772405063417678894e-01 7.641016267578013554e-01 8.164486417492690107e-01 8.022854619047536939e-01 8.261088454294179817e-01 8.203687795480181233e-01 8.282722498423350510e-01 8.222386771919084625e-01 8.293053771802866292e-01 8.215253554423256332e-01 8.129807942645036478e-01 7.979592397400548931e-01 8.014938355410375914e-01 8.096598243204419232e-01 7.907434516839825234e-01 8.050847514411396677e-01 7.789055779089636422e-01 8.029911081087881541e-01 7.830380130467948785e-01 7.776365345180775712e-01 8.074342080814094214e-01 7.666487970651804096e-01 8.078945485054401798e-01 8.124205649931440787e-01 7.984343653248890949e-01 8.149481409690118028e-01 8.030370045999627449e-01 7.940148257974108947e-01 8.002283105421441611e-01 7.902508047070448960e-01 7.810982237330365008e-01 8.061451798099887878e-01 8.194995298239048376e-01 8.102316301907808160e-01 8.160419577806250491e-01 8.194409129072479647e-01 8.143319563288969887e-01 8.165659797811825049e-01 8.184761968245263253e-01 8.194270926739332106e-01 8.207514736207739414e-01 8.231829092728449870e-01 8.036409845334309132e-01 8.160393850361266077e-01 7.949307565745294957e-01 7.989446138238983641e-01 8.039306450498845402e-01 7.974163308168469300e-01 8.025013391477188174e-01 8.151128633306398141e-01 8.152535325863207172e-01 8.080833208199396100e-01 8.233449002824110297e-01 8.147083305387813335e-01 8.109398833143882657e-01 8.304111508390230600e-01 8.234638945183492265e-01 8.223567687324901954e-01 8.190355952157567510e-01 8.029661144321461608e-01 8.050566760378704556e-01 8.221537148267351602e-01 7.860318738017317841e-01 8.152309530319610253e-01 8.224977040408781859e-01 8.212504616275965175e-01 8.025367211439343729e-01 8.112250139040466657e-01 8.195951632418646549e-01 8.081415580080740790e-01 7.838145830785012702e-01 8.039810563477020056e-01 7.993098104873267440e-01 8.038691143039734532e-01 8.136458789942988545e-01 8.156251068854899478e-01 8.015036369741105338e-01 8.056483360610615652e-01 8.019436313865290211e-01 7.994941126242957052e-01 7.930163985785697589e-01
-1.412134732623218300e-02 1.084011849259326060e-01 2.731905391256800875e-01 5.184711527445338142e-01 4.344589557685282211e-01 4.797236387276079261e-01 6.797716530663631129e-01 1.000000000000000000e+00 6.452132175372494727e-01 6.271104719281297424e-01 6.484465992711094806e-01 7.453957091497362963e-01 6.628783198088362694e-01 5.867676755046975501e-01 7.524925971481147835e-01 7.649475057472318040e-01 6.612124180978714572e-01 6.198759434417991931e-01 6.321910373568543351e-01 5.052516659052403991e-01 6.021146969896791212e-01 6.522824453083163609e-01 5.595235654429516758e-01 5.908346072364383250e-01 6.195724236981624555e-01 6.509336286253313286e-01 6.855197785211106787e-01 6.702147223313817959e-01 5.913141081315613778e-01 6.141725811901378451e-01 6.896070706021332208e-01 6.993185951287266278e-01 6.352103510543645193e-01 6.908095606477604456e-01 6.571432482648001949e-01 7.044177970091952679e-01 6.782218138199970214e-01 7.208762998328669402e-01 7.252684570767518046e-01 7.282672137736950768e-01 7.391124676462534904e-01 7.547732378826498278e-01 7.696102639453555883e-01 7.664348843379983345e-01 7.415984420626627882e-01 7.336741368261165963e-01 7.494445239025417926e-01 7.485755148009538562e-01 7.456287167999158250e-01 7.304722443847381230e-01 7.488132456811112947e-01 7.555255089715766648e-01 7.541610948303006934e-01 7.149415183292108233e-01 6.980225149104567484e-01 7.052475528424766438e-01 7.251738665144492613e-01 7.574350836290946187e-01 7.548374764552268079e-01 7.535586989876333908e-01 7.697870052388140483e-01 7.559928647460972817e-01 7.511222603174353418e-01 7.580786273681034970e-01 7.272953587874932957e-01 7.317824118732817462e-01 7.466518583932296727e-01 7.478647472523748396e-01 7.367326704152662442e-01 7.498970472538215581e-01 7.519550515134585389e-01 7.392657593585987286e-01 7.320798368386997046e-01 7.458747924707810339e-01 7.470830256359549670e-01 7.486572175645169747e-01 7.427279790913665636e-01 7.157586949057934689e-01 7.332447517040455720e-01 7.225815472314016663e-01 7.311425697601855456e-01 7.403122688283485520e-01 7.236096733543665449e-01 7.332972051656566626e-01 7.444095174389767644e-01 7.407386873483703393e-01 7.441728840623450525e-01 7.531851701118011944e-01 7.509390933454929140e-01 7.315936689835610407e-01 7.518602476996069095e-01 7.640467986177766901e-01 7.587293601635305418e-01 7.566847471103671507e-01 7.531070903053280752e-01 7.518031881207559719e-01 7.668011388742890233e-01 7.441619917386655958e-01 7.661710026921263461e-01 7.612181462086119454e-01 7.707541308900868193e-01 7.638139341525346238e-01 7.656885858412142420e-01 7.680514748420661508e-01 7.611345949169762148e-01 7.402603448571403177e-01 7.541449872050102199e-01 7.398283346414459283e-01 7.388355629621085052e-01 7.604971275695869837e-01 7.589337309018661104e-01 7.543734453833312870e-01 7.586648726853636449e-01 7.612779048579034757e-01 7.395941844364760653e-01 7.450207270196947951e-01
1.916456790649435360e-01 2.374641392550316255e-01 3.624822954012373866e-01 5.248989518817840372e-01 4.465667402355993354e-01 5.661382118166234934e-01 7.006024330646216658e-01 6.452132175372494727e-01 1.000000000000000000e+00 7.517565464137856424e-01 7.753038287821916175e-01 7.961105680300283316e-01 7.266512646666317687e-01 6.589553713013462932e-01 8.261394662196034355e-01 8.166761487218763271e-01 7.998182420666627435e-01 7.401673412057629964e-01 7.767260093834241763e-01 6.110871851940870014e-01 6.862592946792910320e-01 8.000051789662472324e-01 7.580050125908160963e-01 6.650778864367888898e-01 7.333840510045774863e-01 8.312418175955109678e-01 8.437942963483943126e-01 8.040587870474451559e-01 7.827796617711563210e-01 8.325492083861749659e-01 8.650282992377198443e-01 8.298199811477134924e-01 8.063489981817499874e-01 8.313074659031819413e-01 8.284769705033948606e-01 8.183566807935480636e-01 8.470881888540454652e-01 8.463251171434121867e-01 8.605355364933000573e-01 8.119183636550012517e-01 8.643357421985403688e-01 8.502436597783229466e-01 8.323710688688402692e-01 8.579863947694115200e-01 8.663205323074644193e-01 8.481082183546980735e-01 8.520954380704863773e-01 8.783329236920677241e-01 8.656014974264387707e-01 8.241264874919103089e-01 8.494135864735403718e-01 8.070204437899018979e-01 8.418830765308377151e-01 8.718851830402677416e-01 8.636924782463820671e-01 8.534358835377106045e-01 8.611597735971294743e-01 8.544353441750892619e-01 8.575761386579071610e-01 8.609790105624491874e-01 8.506311355672279140e-01 8.695589367745961695e-01 8.589439721837789365e-01 8.696446632760632678e-01 8.690954731928562937e-01 8.705591356880404419e-01 8.584432366563716776e-01 8.579412580992898940e-01 8.630034101262595847e-01 8.438195928132998791e-01 8.567562658265283071e-01 8.638481780388906905e-01 8.315070208299387700e-01 8.483518995790779726e-01 8.680802164651777453e-01 8.696275675823214035e-01 8.555999622295629159e-01 8.515861745905625169e-01 8.550344524634455601e-01 8.646575051139506751e-01 8.689347538118812331e-01 8.649639365712328276e-01 8.723706843804857058e-01 8.584041430467435063e-01 8.493305771310959429e-01 8.539431624506520491e-01 8.579515049560484385e-01 8.559076554841538176e-01 8.570522156395862234e-01 8.682679228612727451e-01 8.520757273969705725e-01 8.549765177980312991e-01 8.643052411177346572e-01 8.527227392603480283e-01 8.494336387452717796e-01 8.580376784458054740e-01 8.411385209967732202e-01 8.551231424600090891e-01 8.563892762874898423e-01 8.546932529159453340e-01 8.459850792147735055e-01 8.520669644294812661e-01 8.510344767711297553e-01 8.551048593747827553e-01 8.530014669052703447e-01 8.650879919972249699e-01 8.595558184706393323e-01 8.642286184463474630e-01 8.620729003942312341e-01 8.631539016961310429e-01 8.567118534393654006e-01 8.551160453966676345e-01 8.601337904464142481e-01 8.582076630278484553e-01 8.694562687879239249e-01 8.642436562746026452e-01
1.102811505826382238e-01 2.272093927183865270e-01 3.227214097831377360e-01 4.496276204733045123e-01 3.796561866480333558e-01 5.192434118747354388e-01 7.007245427701339624e-01 6.271104719281297424e-01 7.517565464137856424e-01 1.000000000000000000e+00 7.307474472283973510e-01 7.645645332597734711e-01 7.182381825468157066e-01 6.594440279275549655e-01 7.986356883944986107e-01 7.916528579390817999e-01 7.454069596985321011e-01 6.748463339804254835e-01 7.149283317973694762e-01 5.640017738258986668e-01 5.861934418411712810e-01 7.173376509584730165e-01 7.092301701453211926e-01 6.017657249635336436e-01 6.726273382994827355e-01 7.916320090905144546e-01 7.967266090858997618e-01 7.807614996994958201e-01 7.664799625513536441e-01 7.881617311307372864e-01 8.241401460252187894e-01 8.032763714944144429e-01 7.803729035698430128e-01 8.023976144482901640e-01 8.050540266584494953e-01 7.889097172014658543e-01 8.146300943721360710e-01 8.246713286135108900e-01 8.345439450975735696e-01 7.922927013542067076e-01 8.344291487173611799e-01 8.248322652005090072e-01 8.001101789564203370e-01 8.249521013486679211e-01 8.251977016979222812e-01 8.319244381621879736e-01 8.359511598906438357e-01 8.508930301355422943e-01 8.351325709518171436e-01 8.003545042502931972e-01 8.201481107775762114e-01 7.724597870249669818e-01 8.141815218895396278e-01 8.447890238063615609e-01 8.310748930589023642e-01 8.342976855922102919e-01 8.178831518732653239e-01 8.299114723565145235e-01 8.270280353041650212e-01 8.357950671596805492e-01 8.289776352720383823e-01 8.350633440874773994e-01 8.309633790974685352e-01 8.348676479085577196e-01 8.343517518166883029e-01 8.326366113998566743e-01 8.377071189525729933e-01 8.300952904595597648e-01 8.422732265443754196e-01 8.189006196036076046e-01 8.213255255074110028e-01 8.343508741126347550e-01 7.996474774292235965e-01 8.198608052594041906e-01 8.436538728120146491e-01 8.398915591622941879e-01 8.357451693646273938e-01 8.438231837395073764e-01 8.399215588587647385e-01 8.428937538741949620e-01 8.432173685690079745e-01 8.426336972784246315e-01 8.477085920985256706e-01 8.410300529056886631e-01 8.350614615339534419e-01 8.376569319970338379e-01 8.394248639834001047e-01 8.430982182327497743e-01 8.424054713876428790e-01 8.458866037836343388e-01 8.340184719808950708e-01 8.356631403786093371e-01 8.386528991635993080e-01 8.397056966475550110e-01 8.375245119831858931e-01 8.415738330591939764e-01 8.164958636587011931e-01 8.280732913236813486e-01 8.334405071040060786e-01 8.381466123978545957e-01 8.266288256206135721e-01 8.303837895357951693e-01 8.293905294413531637e-01 8.328550170752783144e-01 8.336975686833342225e-01 8.349721829705540888e-01 8.397652964259221253e-01 8.450556272503042532e-01 8.460984763821040033e-01 8.378489546198092386e-01 8.354704630216709393e-01 8.361244639644208609e-01 8.391085497058595744e-01 8.384903513745336490e-01 8.427686297900363055e-01 8.383065759932393224e-01
6.888902928434131878e-02 1.951590848652317300e-01 3.651143213861355319e-01 5.462790871525684544e-01 4.443720131002737439e-01 5.742972973209590215e-01 7.403294548169366829e-01 6.484465992711094806e-01 7.753038287821916175e-01 7.307474472283973510e-01 1.000000000000000000e+00 8.305201282545200403e-01 7.312603197082480078e-01 6.757627089788437180e-01 8.408908429562874653e-01 8.281997879109149752e-01 7.614983021183329148e-01 7.398809065227374138e-01 7.621825009898470782e-01 6.080024661388517826e-01 6.676499956857557816e-01 7.794652063602427461e-01 7.355750862366567944e-01 6.647173050056672805e-01 7.247740885347506712e-01 8.181466244188143611e-01 8.348554833710860601e-01 8.165889854001607828e-01 7.769219583741132640e-01 7.908215841182446582e-01 8.468817283343956781e-01 8.370973326564369321e-01 7.983562012160865251e-01 8.334287075287749591e-01 8.115850662486173706e-01 8.310337233828390957e-01 8.359191182390833808e-01 8.512234410446037902e-01 8.552969839493322901e-01 8.393202563995929566e-01 8.675795783239220738e-01 8.640043751306650810e-01 8.479033606961156044e-01 8.678120822712723781e-01 8.632589950114587518e-01 8.585049398790304265e-01 8.583903207565081184e-01 8.670842423574329771e-01 8.660826272667727643e-01 8.356527233170423230e-01 8.549571302123645244e-01 8.208935593832314970e-01 8.501034758600810592e-01 8.584042221303442854e-01 8.528277153084647955e-01 8.569197222449211893e-01 8.442242028661868236e-01 8.625067952527412096e-01 8.652957322903610526e-01 8.600813102157298662e-01 8.630885758244456474e-01 8.670215086271110261e-01 8.578429320699909599e-01 8.635294454237999462e-01 8.580664455832871518e-01 8.561713368624290776e-01 8.664435291592346156e-01 8.667499901079522839e-01 8.668098411319932195e-01 8.536517815148776389e-01 8.603802307877334021e-01 8.662782254665830628e-01 8.430719210783771400e-01 8.544080978139488858e-01 8.725265923771653442e-01 8.739375939423020823e-01 8.651101535142403653e-01 8.599937877170675815e-01 8.652671059373684415e-01 8.615724968451311527e-01 8.650598193482474940e-01 8.664207572450998152e-01 8.674624392998306899e-01 8.655348362973288578e-01 8.641828423662275549e-01 8.660099258643970677e-01 8.683196322632186215e-01 8.685529474961297680e-01 8.679746662824935344e-01 8.683994306090182524e-01 8.698081019752335052e-01 8.683826571132452488e-01 8.725308021145741222e-01 8.673685128808067413e-01 8.602086311017640430e-01 8.662255281020703190e-01 8.581932249179072825e-01 8.522128906669181880e-01 8.650675995458783074e-01 8.680276123402411725e-01 8.643747849607706923e-01 8.606567179711440696e-01 8.621931572364579521e-01 8.666782460676574207e-01 8.642912683856668332e-01 8.578994746456231058e-01 8.654865070081703138e-01 8.661107029565068283e-01 8.664495308944057950e-01 8.672443770737026103e-01 8.665738345704200318e-01 8.614104858024300704e-01 8.670153471020473068e-01 8.645214040931120669e-01 8.629536687918065718e-01 8.589194000912463434e-01
2.742986638062758914e-02 1.473055653204028703e-01 3.532617827011887979e-01 6.414109865847842373e-01 4.953522109858211064e-01 6.046812865243189616e-01 7.885175003992843656e-01 7.453957091497362963e-01 7.961105680300283316e-01 7.645645332597734711e-01 8.305201282545200403e-01 1.000000000000000000e+00 8.026464094865402021e-01 7.194317314082739889e-01 8.981690277840710390e-01 8.915340149241817169e-01 8.073997389287090876e-01 7.815405580673842056e-01 7.992253245417345608e-01 6.380765776608088302e-01 7.314181607868865953e-01 8.163026429877794365e-01 7.409179311784936939e-01 7.260485002345300476e-01 7.726499136855353722e-01 8.343194940519128577e-01 8.725924003497272929e-01 8.499428286992167791e-01 7.799957883801005298e-01 7.919950091699001771e-01 8.736701386723593199e-01 8.705241607017524252e-01 8.078378487979708256e-01 8.539488037637811280e-01 8.211506657010325672e-01 8.646175161111968599e-01 8.604829340607875743e-01 8.861673663105475995e-01 8.856143298996489444e-01 8.868762494554437437e-01 9.140530099153488797e-01 9.184655211807987163e-01 9.133432451514288397e-01 9.280344983007813298e-01 9.088712202533288931e-01 9.037223398377368655e-01 9.098200731209284964e-01 9.136663392124978467e-01 9.165384432515230051e-01 8.849860042381497705e-01 9.062729109010190243e-01 9.104574952451933711e-01 9.178850990889532158e-01 8.881310452537826139e-01 8.751401615348991525e-01 8.840032428621656946e-01 8.856387854149078143e-01 9.177989270669966171e-01 9.167990909578719316e-01 9.150061980661122751e-01 9.264929756910340597e-01 9.132954249282794201e-01 9.058648842389314115e-01 9.124153809761329503e-01 9.014677935467219072e-01 9.012472662962397463e-01 9.141321179820502962e-01 9.195579456840178301e-01 9.069016851563056481e-01 9.100050987155345883e-01 9.174167286441073932e-01 9.145697538566571749e-01 9.007414563706989119e-01 9.119565197239438703e-01 9.189027845280280937e-01 9.210885315181890354e-01 9.152062567043994790e-01 8.960070621309945693e-01 9.094470133228158559e-01 8.985775529985099430e-01 9.050805662020359188e-01 9.144303334704774189e-01 8.994987750089763479e-01 9.025935140901176768e-01 9.089026522187326762e-01 9.089103987608780910e-01 9.133417711531917060e-01 9.195272859559691092e-01 9.140305103934409647e-01 9.046624029098976338e-01 9.179567833451482972e-01 9.258676390509017473e-01 9.259893791571286448e-01 9.229127716434527562e-01 9.163504414917880148e-01 9.179760822187568170e-01 9.220124282037142072e-01 9.071622571618278563e-01 9.260562179444652431e-01 9.225361323358857168e-01 9.263006986229692652e-01 9.204804802839925415e-01 9.251558226103555604e-01 9.284635645824693695e-01 9.248768047815273396e-01 9.034283389319062163e-01 9.185882801085023530e-01 9.098142880182716885e-01 9.083315834667241573e-01 9.235589042265364146e-01 9.213136949899561889e-01 9.173944587159607034e-01 9.193206554964012955e-01 9.193672343035789174e-01 9.106271110035983885e-01 9.115915761265460660e-01
1.534931398721550017e-02 1.452001179091199079e-01 2.825038161348724652e-01 5.064953466648898228e-01 4.397893464944706565e-01 5.242054462603893406e-01 7.097166352406143464e-01 6.628783198088362694e-01 7.266512646666317687e-01 7.182381825468157066e-01 7.312603197082480078e-01 8.026464094865402021e-01 1.000000000000000000e+00 6.773467471710212795e-01 8.221068596444222054e-01 8.197205235160425207e-01 7.338792594511778233e-01 7.052405975661774074e-01 7.206985811122222918e-01 5.799796075522121175e-01 6.222632372842960002e-01 7.281290561704683029e-01 6.900840090271076477e-01 6.480123443730777533e-01 6.923866230172517344e-01 7.583819984933789504e-01 7.856519022086596582e-01 7.716280031618973911e-01 7.317809036284457225e-01 7.342579066232153284e-01 7.962087644472718440e-01 7.968671008216023921e-01 7.299274696249594685e-01 7.833173755217207601e-01 7.668493975412715713e-01 7.841407403184392777e-01 7.975692959213495081e-01 8.015081903826191123e-01 8.150728846977632891e-01 7.928512378219803036e-01 8.288796320405321660e-01 8.368080726965508864e-01 8.268147667613132690e-01 8.467735306278868501e-01 8.227146204056029477e-01 8.321973656622179139e-01 8.378357853545616019e-01 8.409444615176645543e-01 8.350111690185326729e-01 7.855952266589395494e-01 8.127628856058028983e-01 8.050858676883931864e-01 8.293496670379086888e-01 8.231966502091633275e-01 8.062640790389754564e-01 8.114638815021045781e-01 8.043755791980385927e-01 8.435695620702123865e-01 8.254925846212568530e-01 8.435253983208057527e-01 8.451940773754509362e-01 8.328225393205933580e-01 8.241245837756332460e-01 8.317846391702337083e-01 8.320178614513796811e-01 8.315568666116101015e-01 8.424953240959827117e-01 8.469638273438416798e-01 8.430110671639413633e-01 8.360817920167770145e-01 8.378461048235495978e-01 8.410584489437977762e-01 8.258987235041616026e-01 8.379601070777005223e-01 8.436350694332490630e-01 8.430779897146587487e-01 8.419977740270088162e-01 8.338607999688225636e-01 8.430329007997173774e-01 8.295131596392834039e-01 8.348066673187395370e-01 8.415906372472700125e-01 8.343086768606107206e-01 8.366271840741422716e-01 8.368022388702573977e-01 8.400470264450300428e-01 8.435206552392792156e-01 8.461419803879998147e-01 8.464713463353169542e-01 8.371939040801043008e-01 8.408779954959704206e-01 8.492461467016051424e-01 8.474511558544174372e-01 8.510922274189277603e-01 8.472993158635797606e-01 8.475689552450084152e-01 8.336650856087890471e-01 8.311047704418348392e-01 8.486950658550409532e-01 8.443884676727035909e-01 8.482505330757764694e-01 8.411527854103988400e-01 8.455674858837707308e-01 8.495811225864751126e-01 8.479116371526769225e-01 8.313103596226473213e-01 8.466399053965421029e-01 8.421837961642707482e-01 8.420786087595119040e-01 8.449403354126816534e-01 8.435913509578636393e-01 8.478909344232545831e-01 8.441882286005651936e-01 8.465659160033096597e-01 8.430915642739967852e-01 8.449853149020943865e-01
