1.000000000000000000e+00 2.147114532425528077e-01 7.334062417490695707e-02 -2.560590804327024864e-02 -4.182692523392395056e-02 2.960564111463118847e-02 -6.452146773126904433e-02 -9.834059378944898233e-02 2.327449836813321182e-01 1.176011304834427701e-01 3.055858153594639623e-02 -3.122525233085331198e-02 -3.515385171819337268e-02 6.440001646222878740e-02 -8.897822863020926620e-02 -5.912123320161512263e-02 1.025239854386423011e-01 2.368586268036815823e-01 1.658440737922679264e-01 -1.335887348189208623e-01 -7.960003948715460576e-02 7.146644194036608222e-02 2.584089489873369616e-01 2.088299624086165929e-01 2.164227848711363922e-01 1.607490025505047548e-01 1.595009665611766270e-01 1.612070196442800807e-01 2.318468893448214219e-01 1.992893258051860461e-01 1.628422145178739788e-01 9.540626824396081229e-02 1.081476766271773499e-01 5.511924128567560754e-02 1.110966639512331461e-01 4.184907363606770597e-02 1.240308465532772297e-01 2.170198777681860494e-02 6.535898997013252221e-02 1.768130244451603800e-02 6.210672930105941292e-02 4.360199569050892537e-02 -2.284372497726570514e-02 5.531448713848997195e-02 4.079340092880088392e-02 4.864345381393429119e-02 -9.298662169227164473e-03 2.763410109122623609e-02 -1.190714148950498688e-03 -2.849773867276018946e-02 -4.118584618265776036e-03 -9.033736009529604039e-02 -6.545861108220536739e-02 6.828122009851358976e-02 5.003678362517399031e-02 1.108115296948160439e-01 2.827527714855389285e-02 7.098427727693389956e-03 -2.605968913483025940e-03 2.006259005722725586e-02 -1.528079883601048128e-02 1.014268557248565808e-02 2.275225896816552521e-03 8.543910089225193252e-03 6.435742576125820513e-02 2.564297412346821722e-02 3.794160498524095509e-02 6.894487020644271547e-02 8.621861853885387506e-02 -1.672230578759655462e-03 -1.350832123933718570e-02 4.747049502561354745e-02 6.550692020439767560e-02 8.131965706721171194e-02 5.289742285576820580e-02 8.667365388513194324e-02 7.793734961521403548e-02 1.166843351608324725e-01 8.487580748629755534e-02 9.458475654484414796e-02 7.991378671017584923e-02 6.858787538308494525e-02 6.598991136092380305e-02 7.956363609530421599e-02 2.673557864597106773e-02 3.025690313055813194e-02 3.451596288735035017e-02 1.290248631810950002e-02 3.841058139440580582e-02 7.409177620803007736e-02 3.966108112120763501e-02 1.817285304271754748e-02 2.825921289049412866e-02 3.578723234324043823e-02 4.780401292707277781e-03 1.626780652638587163e-02 -5.641539569767906742e-02 -3.282995292188135156e-03 -1.024129830468472648e-02 -1.235083253636623741e-03 -1.549356269285397276e-02 -1.178152325306357565e-02 -3.515229504708426017e-02 -4.454294126731874262e-03 3.704407873468124925e-03 3.105265658006603133e-02 -6.548032558447352885e-05 3.059263814083495320e-02 4.514275883114523408e-02 -3.409060670765374883e-03 -1.302972048019588637e-02 2.795488930520888694e-03 -9.249355655145022337e-03 5.715365637132549873e-03 3.306665285249931613e-02 2.262280634569355242e-02
2.147114532425528077e-01 1.000000000000000000e+00 9.885734576491193859e-02 -4.440484767245939796e-02 4.017787961708389755e-02 7.350450522012846877e-02 4.836819418521309116e-02 4.066131119184750869e-02 1.925840582844341453e-01 2.087767563651883873e-01 9.595796303145018302e-02 7.578827395597274863e-02 8.579132398733228804e-02 9.205950451525850287e-02 8.639531495013512419e-02 7.865368641593600829e-02 1.629608525958207987e-01 1.564836213291454503e-01 1.591960715459224684e-01 -1.357817071121135942e-02 -2.765854469353370981e-02 6.451208282258329152e-02 2.288583936655645690e-01 1.596037466163479079e-01 1.779733356904723840e-01 1.873614337871817859e-01 1.719068819700221851e-01 1.849516187340963791e-01 2.005598420984039953e-01 1.975718326821071513e-01 1.869720879772150401e-01 1.619281840026624564e-01 1.783423496369471450e-01 1.303105723950975514e-01 1.657311894211072889e-01 1.131913875395368085e-01 1.715528987945239003e-01 1.323760715620619088e-01 1.443179060159709148e-01 8.935709083191370472e-02 1.454167504480439466e-01 1.389123957257734632e-01 9.040605311100863295e-02 1.272212193758364140e-01 1.273580006097705108e-01 1.499464112281088390e-01 1.223947652466755437e-01 1.451083427196264153e-01 1.156736480621877033e-01 7.716354022244359401e-02 1.035035712903987354e-01 2.237378761288187287e-02 6.813684112145955429e-02 1.602840536734021215e-01 1.458988905809183168e-01 1.761874559759470105e-01 1.039950243879866482e-01 1.171154872823383514e-01 1.105694131311588391e-01 1.289738003088769791e-01 1.041156419711024017e-01 1.180086491836154633e-01 1.096567644399065455e-01 1.195223509620837316e-01 1.568919162251644350e-01 1.257853100033867744e-01 1.447601763882149506e-01 1.541744436284649133e-01 1.634342830386212586e-01 1.078769576573004735e-01 9.884852290244490469e-02 1.410752602014740398e-01 1.471164732522698693e-01 1.519705033674518813e-01 1.507681026528813473e-01 1.587957477703659526e-01 1.704585766888923326e-01 1.732291093413128313e-01 1.656438233286894046e-01 1.718522950208287992e-01 1.600266268454227647e-01 1.583770859732626102e-01 1.622979213137129562e-01 1.688704384988032881e-01 1.335489086976784645e-01 1.351964491280273073e-01 1.423240890285641658e-01 1.377055496176179950e-01 1.395554126412268947e-01 1.591100812338589743e-01 1.433590986502781828e-01 1.337013723434079815e-01 1.358451845287426685e-01 1.409741895739525241e-01 1.283336082762082941e-01 1.392643697469489183e-01 8.400598493773477060e-02 1.165681274660639033e-01 1.166373225171990491e-01 1.251545736211949200e-01 1.155674624468864958e-01 1.078730819395838370e-01 1.018785013103826048e-01 1.162352778058518971e-01 1.128617803658159002e-01 1.331751450624413802e-01 1.274322157041905823e-01 1.501506191309630867e-01 1.505413877694806168e-01 1.239694465561149289e-01 1.196545284239250856e-01 1.239293425228295276e-01 1.159822309261735046e-01 1.244876875640258812e-01 1.356742409757166756e-01 1.277792724554048243e-01
7.334062417490695707e-02 9.885734576491193859e-02 1.000000000000000000e+00 2.008863300960506693e-01 1.208604987150179444e-01 1.739684890515068305e-01 2.074257365150138088e-01 1.642905130487775922e-01 2.684514179699035163e-01 2.392847067837351738e-01 2.504359893676554871e-01 2.494601478420478968e-01 2.108112833708815081e-01 1.974147985098396174e-01 2.506347755495050844e-01 2.522495060774222475e-01 2.561149390117825053e-01 2.542780536598150398e-01 2.822657013124092451e-01 1.692452659172810070e-01 2.224748505318382696e-01 2.643378945370321031e-01 2.701123780963516907e-01 2.462602752072174939e-01 2.617101545279557073e-01 3.033852234880597964e-01 2.998434317092177337e-01 2.951105551256839044e-01 2.736647238910658864e-01 2.887982686092854800e-01 2.895357085551586995e-01 2.888932859453193225e-01 2.727186401111098557e-01 2.688695615251853188e-01 2.702187204027277634e-01 2.539902075854628682e-01 2.795037660348421160e-01 2.799139118209020283e-01 2.826110851827701165e-01 2.799323067589524761e-01 2.922216333947112443e-01 2.906651074671196544e-01 2.684503636886355071e-01 2.967279657408948279e-01 2.802292204450900770e-01 2.882127032471554218e-01 2.772936411704705617e-01 2.795602645372032291e-01 2.697140379689391687e-01 2.686803115527597874e-01 2.819632475124063120e-01 2.372684371556333938e-01 2.500658363981623777e-01 2.731375712621705310e-01 2.758603692293131737e-01 2.786589122713183930e-01 2.689591341245925471e-01 2.816641842553133102e-01 2.726922822121682910e-01 2.763085842531265435e-01 2.718116614935886521e-01 2.752050230238279327e-01 2.672163241149443369e-01 2.690974100978005268e-01 2.869189776416027349e-01 2.718825038812822670e-01 2.816314378806907270e-01 2.918713840857619091e-01 2.854264371844122961e-01 2.674143765050506771e-01 2.790093328036705733e-01 2.909527329334276602e-01 2.763030491937427113e-01 2.783721087812570105e-01 2.960705178214058653e-01 2.983797326331649735e-01 2.870886123198672091e-01 2.854737421200996272e-01 2.920352097701515159e-01 2.868890881171914931e-01 2.824140205412025706e-01 2.903974836317717578e-01 2.816631394057337867e-01 2.795378000676455033e-01 2.806705760412718242e-01 2.720065115986816107e-01 2.740538433694936216e-01 2.809196110046844330e-01 2.812347544513717490e-01 2.840589036320428362e-01 2.912201600248602307e-01 2.838256469335810328e-01 2.810920297129345657e-01 2.869040756883952659e-01 2.728672497491591575e-01 2.768212850760808919e-01 2.654030192124103849e-01 2.700348843917638186e-01 2.692591544365823819e-01 2.812847021631221245e-01 2.714178074833120680e-01 2.731677389289676738e-01 2.604426733721324494e-01 2.797760216859551674e-01 2.725060183159898619e-01 2.733859612623043556e-01 2.731922239191170165e-01 2.736916512915183453e-01 2.799856859311805057e-01 2.768316242794938153e-01 2.789886062755171925e-01 2.733595830940425686e-01 2.736835021075317287e-01 2.735794689762819920e-01 2.777011419537021020e-01 2.690176757947746466e-01
-2.560590804327024864e-02 -4.440484767245939796e-02 2.008863300960506693e-01 1.000000000000000000e+00 1.880265558749966426e-01 2.580508870303737656e-01 4.348390917160550040e-01 3.439707555275802742e-01 3.767332046645414656e-01 2.929826748504407163e-01 4.130458098737201933e-01 5.058498179193399169e-01 3.747831187382544282e-01 3.472570828516504671e-01 4.282999366227720484e-01 4.293356608265948560e-01 4.231697603158805499e-01 4.543778362131236648e-01 4.745379292362626455e-01 4.763039810071290625e-01 5.828372225203036772e-01 5.680883681104244021e-01 3.735560625906146903e-01 4.390128859327996347e-01 4.407372438496007794e-01 4.663641228528786487e-01 4.772594562126973305e-01 4.378279483209197021e-01 3.974972953221473371e-01 4.366679367399531331e-01 4.339650647603461309e-01 4.731697861798562776e-01 4.165072423983818273e-01 4.815041098102045836e-01 4.607394345586679485e-01 4.740118199312697289e-01 4.492597151369910891e-01 4.711790588182374062e-01 4.757924619794099419e-01 5.275315509196011332e-01 4.662526137124582415e-01 4.691000490625179542e-01 4.953978297133529995e-01 5.136832386575308496e-01 5.058708554768225341e-01 4.665146106600394638e-01 4.583525705150214846e-01 4.415666469928160032e-01 4.635691942095521711e-01 5.031689897993378846e-01 5.045419750307263973e-01 5.321203473259329408e-01 4.860681510109078896e-01 4.264928546271322118e-01 4.441217054438488798e-01 4.278869628472504738e-01 4.793077127466175980e-01 4.789253160624948880e-01 4.681569613655733320e-01 4.702886813225356510e-01 4.810990062781168586e-01 4.703807203542839654e-01 4.684710780904240979e-01 4.651184218806403425e-01 4.699182835184074758e-01 4.606720719081872639e-01 4.500379492449342322e-01 4.732235482465168563e-01 4.564812905034876245e-01 4.913371524735076767e-01 5.183455074655186623e-01 4.833560659044381924e-01 4.679925419754395466e-01 4.635317567833163732e-01 4.680314594581096443e-01 4.671601759720168667e-01 4.407865461451866973e-01 4.380483553105213868e-01 4.580744034093260919e-01 4.442150762755986415e-01 4.568291852093819827e-01 4.545123588511248980e-01 4.552120110246562490e-01 4.463379086326633716e-01 4.773307876797878713e-01 4.713385714529199078e-01 4.541772810454419163e-01 4.689940056802283097e-01 4.636102688422837348e-01 4.583142045959947564e-01 4.776435431057882153e-01 4.658548768009656560e-01 4.746295898924486334e-01 4.732473465849140748e-01 4.570323522097300972e-01 4.466809115317538215e-01 4.906179183180668368e-01 4.747289464098121692e-01 4.627276699442734453e-01 4.775473960131905726e-01 4.696567416731443623e-01 4.819983098778236608e-01 4.702492154117147716e-01 4.789315198920931493e-01 4.840580362046708052e-01 4.640553649767697464e-01 4.575310483705737341e-01 4.295388526427176279e-01 4.484180207420233044e-01 4.657039348721066507e-01 4.738071777927229111e-01 4.613703260352933766e-01 4.701108834180006690e-01 4.607502867373483579e-01 4.668532822199605303e-01 4.619401857863297267e-01
-4.182692523392395056e-02 4.017787961708389755e-02 1.208604987150179444e-01 1.880265558749966426e-01 1.000000000000000000e+00 1.924599835307873319e-01 3.559377842717342255e-01 3.500696230563504208e-01 3.260376983007776119e-01 2.923086435932855665e-01 3.563854390751172163e-01 3.903567011817182242e-01 3.976413221496408190e-01 2.972948723502893964e-01 4.304258572898834179e-01 4.308031166299975401e-01 3.576385579231757816e-01 2.247883602245960843e-01 3.107990409755289618e-01 3.105115273818790378e-01 2.645892587984338129e-01 2.922206134717811321e-01 2.762394709431832962e-01 2.537206838319417956e-01 2.860530827708422374e-01 3.653985445641306784e-01 3.584234560512096768e-01 3.717607418142922504e-01 3.090707647060436103e-01 3.478097641981210963e-01 3.645720170660458614e-01 3.782323051836198879e-01 3.730580367169233358e-01 3.822911663684587791e-01 3.724324288966386343e-01 3.622341238561367915e-01 3.803349330778806880e-01 4.180677633519364056e-01 4.005859354448103038e-01 3.893522927096473851e-01 4.160560388635219375e-01 4.239060280938220515e-01 4.072385322182457967e-01 4.183792130605624715e-01 4.025650913181741397e-01 4.241978529436929990e-01 4.329795593590131109e-01 4.320248947267263939e-01 4.243614753080688362e-01 4.116839884026439744e-01 4.141474367649143340e-01 4.013451504558101512e-01 4.239569329696627475e-01 4.147927979797810250e-01 4.090339894574215873e-01 3.902078189346596115e-01 4.013153045607346092e-01 4.333650150308221427e-01 4.248458824917545340e-01 4.348365437267098788e-01 4.226529917621777988e-01 4.238428076799672928e-01 4.097724248768854216e-01 4.182571918488632856e-01 4.100775954521565514e-01 4.111823328095243757e-01 4.249533532172016792e-01 4.105060406556918506e-01 4.022651621524909182e-01 4.099598508393909047e-01 4.129328004070933478e-01 4.197070629477485104e-01 3.964115205067597070e-01 3.940123660448776599e-01 4.272941077203407656e-01 4.092441602837532111e-01 4.156902699094866538e-01 3.914433827521756060e-01 4.013060010311588210e-01 4.120989563930540500e-01 4.033877944388271075e-01 4.150757041197421504e-01 4.092309774656304744e-01 4.114207317438350331e-01 4.152999102578076585e-01 4.137880080399002347e-01 4.156784587368887451e-01 4.325248271816037882e-01 4.232895614593730760e-01 4.061710358830780687e-01 4.269357727086782739e-01 4.366231065226865993e-01 4.238020178311999731e-01 4.279669603138999689e-01 4.363574129000195034e-01 4.325841698400710866e-01 4.328113347156238300e-01 4.184426214264213573e-01 4.287764635494938359e-01 4.303024902973944799e-01 4.290517666035993938e-01 4.308784776664899008e-01 4.379174550716298242e-01 4.407749876098327468e-01 4.219922930109863413e-01 4.145900464031211929e-01 4.319379035734497996e-01 4.297822162034206084e-01 4.238519583398676072e-01 4.388200462737189000e-01 4.395720510593105201e-01 4.376974168872575510e-01 4.351096596150341722e-01 4.301128275114167732e-01 4.218644559506522507e-01 4.205666646301053913e-01
2.960564111463118847e-02 7.350450522012846877e-02 1.739684890515068305e-01 2.580508870303737656e-01 1.924599835307873319e-01 1.000000000000000000e+00 4.110382213182062205e-01 3.421999335500881534e-01 4.112657608097520789e-01 3.414370251669668899e-01 4.310755287523950763e-01 4.518566553385241491e-01 4.199397821857334678e-01 3.498694627233972509e-01 4.523020438475084948e-01 4.568391331417340773e-01 4.407067305628352138e-01 3.945659382878854426e-01 4.438940332405610922e-01 3.575780195564071673e-01 3.669288753787758872e-01 4.202864014079126243e-01 4.183487422051840321e-01 4.058902004198467472e-01 4.332499248721612961e-01 4.770666971857012162e-01 4.636560208934464300e-01 4.712350211042640735e-01 4.495035538985864276e-01 4.705239621754892521e-01 4.699359220013088478e-01 4.898879351216761102e-01 4.617010628001483874e-01 4.751377267262730242e-01 4.807828874688105381e-01 4.564802500961917531e-01 4.751105277656288983e-01 4.945780501709692301e-01 4.887628241357241943e-01 4.904385855777156911e-01 5.056573070679135640e-01 4.943884914368875116e-01 4.827047485145881667e-01 4.964746377729751803e-01 4.861316250213485457e-01 4.878595878129163288e-01 4.974151192292701196e-01 4.943650941603746629e-01 4.972141981891387563e-01 4.918107066889485512e-01 4.971072929880614444e-01 4.733295885861159014e-01 4.759015253974782644e-01 4.937152444180238908e-01 4.954547366831794086e-01 4.889066969101028004e-01 4.906808659714039234e-01 4.988481640713130494e-01 4.931018470056597325e-01 4.964867566770475027e-01 4.975049647780947493e-01 4.944985640419225503e-01 4.902487057497361134e-01 4.924754348982937069e-01 4.998194733110359333e-01 4.935433673608900507e-01 4.990740477947844256e-01 5.007027644741806061e-01 4.973830459023086958e-01 4.915314844755583890e-01 4.935492827926047932e-01 5.024568832358778936e-01 4.902583154505415486e-01 4.903699839771396563e-01 5.029639893439330489e-01 4.980269655837825660e-01 5.003921784043202647e-01 4.924528579720888755e-01 4.990054152583109359e-01 4.943478689101211132e-01 4.952319017051509120e-01 4.931947192554164694e-01 4.934959987801611492e-01 4.933031429367999432e-01 4.957257798432063711e-01 4.946688615522242261e-01 4.930789215466764297e-01 5.006571381992565017e-01 5.034855013364104570e-01 5.015384249932000049e-01 5.023398237362821650e-01 5.044898108110678070e-01 5.014917521203726691e-01 5.027969006461833201e-01 4.990768034640492012e-01 4.991282890639883174e-01 4.909085928588066694e-01 4.961267202590339265e-01 4.976226103679653456e-01 5.014188042038648652e-01 4.943964838567466713e-01 4.988101005003764410e-01 4.932720393540773185e-01 4.997881954122644910e-01 4.980759674863521891e-01 4.940042048326665491e-01 4.986204376815206452e-01 4.960850056265661001e-01 4.999287220771869156e-01 5.012416828373567057e-01 5.000238229883933183e-01 4.984745973816821496e-01 4.974889118091138651e-01 4.964190967397226761e-01 4.981794480319635121e-01 4.960466380866594416e-01
-6.452146773126904433e-02 4.836819418521309116e-02 2.074257365150138088e-01 4.348390917160550040e-01 3.559377842717342255e-01 4.110382213182062205e-01 1.000000000000000000e+00 5.825734393537121969e-01 5.434221435290417235e-01 5.164988966588672792e-01 6.151832083863184586e-01 6.911903448641876224e-01 6.220564494894956775e-01 5.212428408043927597e-01 7.414977305698235988e-01 6.940422090198818950e-01 5.905333961927914377e-01 5.125268866916892208e-01 5.891860635183483463e-01 6.568934118926862409e-01 6.097934606485233555e-01 6.008640133404399286e-01 5.484070645366099228e-01 5.407183293147076464e-01 5.617973912959662863e-01 6.411841403643736559e-01 6.314869268443057404e-01 6.522878151628835885e-01 5.695548710727383890e-01 6.148772003381168805e-01 6.424516757453435645e-01 6.930759836151961784e-01 6.408339310243706954e-01 7.016227809064116139e-01 6.571038889862748089e-01 6.893342837354963226e-01 6.792191557546645164e-01 7.235347147234537646e-01 7.116653595122585108e-01 7.225029205544962752e-01 6.969887004233851213e-01 7.172375721937648274e-01 7.418354827930688788e-01 7.188725990017500456e-01 7.159846953740364173e-01 7.114036980201738913e-01 7.221029305454621516e-01 7.093901468630895435e-01 7.188847639970955550e-01 7.346103629944802371e-01 7.381955413099440255e-01 7.261965304876475402e-01 7.283295903803403970e-01 6.961629395066756265e-01 7.030573881398419767e-01 6.814288031161397363e-01 7.067265673114696556e-01 7.171465524164297722e-01 7.200603659768688436e-01 7.160823869752360737e-01 7.320261831612173697e-01 7.151833718080120583e-01 7.176067041559970328e-01 7.223938272712676634e-01 7.046922928994456825e-01 7.144154022015494210e-01 7.199169721808569289e-01 7.099174133710248746e-01 7.026810654142298107e-01 7.325882611893527185e-01 7.319433556511513173e-01 7.182272209474762636e-01 7.018804296417027189e-01 6.936456585420418541e-01 7.193933686138047623e-01 7.030136249288724271e-01 7.039033055287109431e-01 6.795589999615793131e-01 7.050361581769500896e-01 6.951359847030607053e-01 7.028951121139602742e-01 7.057678733435386320e-01 7.135021566634588419e-01 6.999360741582006940e-01 7.314076260142112762e-01 7.256545285348635632e-01 7.178016344999685883e-01 7.384251002441174494e-01 7.298026724242555607e-01 7.145947799624864372e-01 7.326074912404773043e-01 7.290035973912375455e-01 7.293691912743019978e-01 7.278665649368117885e-01 7.262446690195395460e-01 7.221938937985586948e-01 7.454092650936167130e-01 7.308033517021503833e-01 7.342290168484196800e-01 7.400875733921381538e-01 7.414100024701633096e-01 7.350722407492253918e-01 7.314394945956157468e-01 7.332976360978629149e-01 7.335569004466151455e-01 7.088696749975862410e-01 7.250635910919900340e-01 7.155495658669691617e-01 7.176258710376192118e-01 7.293214934733626142e-01 7.337255762370622492e-01 7.233402749837256618e-01 7.294285153705905023e-01 7.292171188987041086e-01 7.184088855818029362e-01 7.188902784514838995e-01
-9.834059378944898233e-02 4.066131119184750869e-02 1.642905130487775922e-01 3.439707555275802742e-01 3.500696230563504208e-01 3.421999335500881534e-01 5.825734393537121969e-01 1.000000000000000000e+00 4.852947113943172908e-01 4.488973561666086964e-01 5.439065310443426116e-01 6.397511931519512807e-01 5.996280133580081939e-01 4.754871136668735732e-01 6.752924787638963089e-01 6.673405138990787799e-01 5.456520263350701505e-01 4.223249854857348273e-01 5.133248256472933146e-01 5.836040232199960487e-01 5.267818588068775565e-01 5.203329853181296594e-01 4.596282219493437182e-01 4.738044441034944820e-01 4.974779928075898083e-01 5.583249884166795463e-01 5.539816432626905041e-01 5.683824768736169819e-01 4.909188659467718652e-01 5.397693914357523104e-01 5.670256255098281573e-01 6.336687958276427945e-01 5.758227386075430720e-01 6.379175740747754508e-01 5.787920250479031692e-01 6.548761664878273159e-01 6.104418500959540861e-01 6.704688195339623125e-01 6.530901057953559796e-01 6.682241852096139079e-01 6.478195046519131806e-01 6.620445824823086856e-01 6.930748388431391405e-01 6.575449575051843798e-01 6.591996420930331668e-01 6.512460938082731410e-01 6.832449657200123649e-01 6.701845584231809205e-01 6.812049619129987299e-01 6.884061119814330887e-01 6.878172864487590576e-01 6.806922761579491388e-01 6.847315883323534802e-01 6.520586004184091289e-01 6.577282535298670796e-01 6.228901749884170336e-01 6.648377025778920979e-01 6.755491344501491913e-01 6.787938056100496498e-01 6.772640714387253569e-01 6.906769016801916905e-01 6.769462190788766431e-01 6.794308313013233125e-01 6.843140654673192103e-01 6.514883514965322808e-01 6.715087397657173440e-01 6.705107198388918777e-01 6.529300535113321535e-01 6.468228457359038730e-01 6.786351927173626120e-01 6.750718915425367728e-01 6.634986300366433332e-01 6.501712885420629640e-01 6.429512093486174917e-01 6.620244341297386592e-01 6.425304681248883432e-01 6.452631572796136972e-01 6.167410319234422067e-01 6.425919057298490333e-01 6.360640648356920002e-01 6.474306700955756444e-01 6.471727864487853976e-01 6.657103589464742344e-01 6.405358974236814440e-01 6.777427766520595087e-01 6.758156355073721144e-01 6.743871699589638613e-01 6.856501175892678601e-01 6.737307078895176105e-01 6.585412156964849384e-01 6.751473221342991771e-01 6.825576394538734881e-01 6.773024129863095544e-01 6.757937445583184211e-01 6.823016415700934312e-01 6.794847902204533829e-01 7.057584793364862774e-01 6.885527585850785837e-01 6.908970145172963484e-01 6.915993773781315967e-01 6.969096029673997883e-01 6.917978248448198864e-01 6.929618986368684119e-01 6.922794627653185984e-01 6.885948617579955577e-01 6.708898063159263181e-01 6.871637760303467291e-01 6.726898132559973043e-01 6.677962059956087382e-01 6.860190754599185814e-01 6.912743734810309348e-01 6.830633419776802606e-01 6.903707471421688391e-01 6.864426664678234813e-01 6.737137245172346578e-01 6.762781663526453713e-01
2.327449836813321182e-01 1.925840582844341453e-01 2.684514179699035163e-01 3.767332046645414656e-01 3.260376983007776119e-01 4.112657608097520789e-01 5.434221435290417235e-01 4.852947113943172908e-01 1.000000000000000000e+00 6.423279336337222034e-01 6.817122424156234484e-01 7.096705365333697557e-01 6.299720979794148912e-01 5.927010282685427622e-01 6.736898654162184474e-01 6.842856360817687333e-01 7.430399255357809096e-01 7.224689167241672427e-01 7.570287142155636140e-01 5.188059666490629773e-01 5.558332530398688576e-01 6.721816151625521485e-01 7.771541221952232847e-01 7.270929624246043055e-01 7.602162033470768465e-01 8.137061051708270876e-01 7.982893367704607668e-01 8.086702339752795954e-01 8.019957711781473542e-01 8.157911917458696704e-01 8.195457649978499237e-01 8.165373461696155966e-01 7.868173261021527143e-01 7.841829863745094498e-01 7.984452444420312434e-01 7.488109046497760657e-01 8.074530944626842066e-01 7.889321561282299777e-01 8.032644146657278439e-01 7.593374024323256144e-01 8.066841793447590003e-01 7.925497578432108003e-01 7.573242806387452397e-01 8.025861350343848066e-01 7.913934868779368692e-01 7.976425833680287347e-01 7.867282979477100424e-01 8.084881155317035217e-01 7.898382151358585013e-01 7.616422020132233017e-01 7.835697129791350246e-01 6.933158344357198688e-01 7.211838586840313425e-01 8.171008230920770998e-01 8.131567955458383068e-01 8.283832520096245933e-01 7.964173834631792515e-01 7.918300282740418083e-01 7.860933208013951567e-01 7.993399757315234888e-01 7.850742930916586593e-01 7.935460542432991593e-01 7.887258610025561500e-01 7.887146495962047421e-01 8.136400603841482670e-01 7.999995356705504879e-01 8.096400243154980858e-01 8.215487752860417547e-01 8.252753285141600781e-01 7.791535475542081812e-01 7.773756190650040754e-01 8.090201348104667511e-01 8.098293108197163193e-01 8.123345252553442197e-01 8.179606481195805801e-01 8.272238453042809470e-01 8.181034245650381509e-01 8.264403094228158775e-01 8.209595667577185285e-01 8.267516122426702418e-01 8.196601586390709349e-01 8.194491772795722273e-01 8.189754615078647104e-01 8.195465191454058829e-01 7.995801683400460824e-01 8.000947999875867023e-01 8.027413903369254866e-01 7.993648267765171012e-01 8.061892581491230114e-01 8.248459795193449073e-01 8.002163918065442472e-01 7.999415445029958160e-01 8.059601297240982509e-01 8.077558210015732820e-01 7.961861447320410790e-01 8.008175047037945360e-01 7.587621099595462937e-01 7.895740060861686782e-01 7.878294137584015422e-01 7.906790005361277185e-01 7.832510462249915317e-01 7.865254204355787149e-01 7.667623016249076606e-01 7.897854984932941580e-01 7.918227497341110421e-01 8.060397466632162056e-01 7.936823950007679818e-01 8.060762423427607626e-01 8.149980128296053783e-01 7.928041061372328446e-01 7.885457524205554680e-01 7.968648484432211410e-01 7.915169458024848836e-01 7.952436373170946871e-01 8.067724944720487956e-01 8.006917072648954692e-01
1.176011304834427701e-01 2.087767563651883873e-01 2.392847067837351738e-01 2.929826748504407163e-01 2.923086435932855665e-01 3.414370251669668899e-01 5.164988966588672792e-01 4.488973561666086964e-01 6.423279336337222034e-01 1.000000000000000000e+00 5.856298931705785638e-01 6.240407136599265270e-01 5.775705540156635953e-01 5.187435741025931968e-01 6.410493589739210130e-01 6.315523828103660753e-01 6.288435862388819242e-01 5.739254600588136190e-01 6.319972480996566278e-01 4.837658832173410417e-01 4.731195877483752033e-01 5.532844203750374446e-01 6.530135397628192839e-01 5.955247656859290473e-01 6.266191774968997708e-01 6.912226341204008584e-01 6.699210689633839921e-01 6.953650862143363476e-01 6.664753859717407192e-01 6.809391020054952337e-01 6.995305960541858825e-01 7.123571172863971679e-01 6.867928026400067498e-01 6.920579978001141219e-01 6.818578990845741705e-01 6.626890324220414685e-01 6.984730479501245481e-01 7.082609964668138414e-01 7.047772471188167298e-01 6.693216683159468605e-01 6.997044834066975527e-01 7.050745141824767970e-01 6.777117473744217468e-01 7.018441906558046117e-01 7.036972625750885779e-01 7.063972929692138303e-01 7.159345074679930310e-01 7.217502437599282450e-01 7.134458490394663954e-01 6.833171496431382774e-01 6.951938416082281691e-01 6.147126784127550092e-01 6.565742555210818399e-01 7.273194907816875610e-01 7.248273957763384789e-01 7.247350127130466335e-01 7.029822593520708152e-01 7.074398243844242096e-01 7.105465631871249466e-01 7.181254857872053643e-01 7.026012617588058840e-01 7.116420026165122259e-01 7.013361499018507805e-01 7.060094246536999796e-01 7.134972957690417505e-01 7.144034538784426180e-01 7.205289046354892424e-01 7.224043841068327199e-01 7.294831207026351017e-01 7.006128572967214030e-01 6.890741404602765963e-01 7.152019587724512961e-01 7.164450771291261955e-01 7.125456902892445266e-01 7.236423734572071664e-01 7.242251177790470784e-01 7.283556800673399723e-01 7.235098023525302624e-01 7.195554430196524631e-01 7.264866326102131788e-01 7.214908253016252271e-01 7.274553468212243690e-01 7.281436533220463359e-01 7.230221566063727012e-01 7.153778731801480051e-01 7.140681347813482294e-01 7.174930627751321399e-01 7.193694780301732594e-01 7.183785272646422415e-01 7.287739085604969524e-01 7.160704633320785772e-01 7.149453793446333139e-01 7.173863653166476784e-01 7.177404019822559711e-01 7.168331476870241081e-01 7.218674874903266980e-01 6.887466523401802876e-01 7.069618484166358963e-01 7.097043267312070913e-01 7.116852411106593390e-01 7.059686210857306632e-01 7.059191044415424887e-01 6.963013779993492136e-01 7.111776700040006727e-01 7.061412573142483717e-01 7.170416952806478728e-01 7.164271916591020695e-01 7.234460362197178140e-01 7.272490722266052865e-01 7.140286843025087649e-01 7.089913752683386639e-01 7.157306891567384310e-01 7.122525267321476727e-01 7.150358588025638173e-01 7.181963565347002643e-01 7.155984554143549614e-01
3.055858153594639623e-02 9.595796303145018302e-02 2.504359893676554871e-01 4.130458098737201933e-01 3.563854390751172163e-01 4.310755287523950763e-01 6.151832083863184586e-01 5.439065310443426116e-01 6.817122424156234484e-01 5.856298931705785638e-01 1.000000000000000000e+00 7.637281187360529522e-01 6.675984567800554714e-01 5.856174818582557950e-01 7.497274623458316523e-01 7.284237470560565031e-01 7.000611016746074444e-01 6.130464866057458995e-01 6.910941364040135149e-01 6.118060085360057521e-01 6.051823943045253618e-01 6.641086789104383437e-01 6.639779439013857587e-01 6.471182651846690836e-01 6.815038038134644260e-01 7.580120193640893511e-01 7.393139272210508262e-01 7.481965823181381259e-01 6.976677599403526830e-01 7.395012258318713894e-01 7.773375233491375269e-01 7.824095982053683729e-01 7.404468115863127586e-01 7.816336575072341253e-01 7.620517204919909915e-01 7.478443559868138690e-01 7.850432242223582824e-01 7.936508781416539149e-01 7.958291777837032122e-01 7.724852889156030855e-01 8.079910606287891151e-01 7.938134087554962193e-01 7.902127031964986115e-01 7.934473716918306607e-01 7.948688327332670278e-01 7.984249258367112079e-01 8.143656881763599031e-01 8.183833293749090965e-01 8.115871701837061858e-01 7.891300785456444311e-01 8.048860011166510953e-01 7.616538884301514711e-01 7.817953365665135657e-01 8.099625524395870357e-01 8.062973653374676530e-01 7.984838226849663156e-01 8.061853015869445693e-01 8.145972289525014176e-01 8.143299991078779554e-01 8.213461822845771199e-01 8.128340956459882971e-01 8.151360315248931121e-01 8.058013975017728203e-01 8.084233312754901535e-01 8.110164814943113809e-01 8.076828586628951312e-01 8.210008223766045443e-01 8.178673796438958865e-01 8.115340102637533803e-01 8.118144504629183356e-01 8.104229279654601159e-01 8.148414682014396559e-01 8.058226117323494808e-01 8.011643510059910378e-01 8.182715862187542877e-01 8.099841293177278967e-01 8.034697056133552895e-01 7.932022750742699913e-01 7.994545717542822505e-01 8.069562953287735541e-01 8.094468719559183567e-01 8.142008142805555737e-01 8.132491921401689972e-01 8.050101224259859078e-01 8.072968530501659634e-01 8.143970993053850638e-01 8.126088221234246678e-01 8.162788820605078044e-01 8.141867160022019378e-01 8.137478873114275535e-01 8.076166587121690332e-01 8.183601198641474728e-01 8.193228054441930031e-01 8.149087811114505975e-01 8.230496704650555051e-01 8.218174526299865112e-01 8.044296179949526060e-01 8.120151579260377339e-01 8.184802715733269229e-01 8.155701653722763345e-01 8.153043246884330575e-01 8.173759879778481618e-01 8.105692540930695689e-01 8.179975158494903198e-01 8.205914595245458187e-01 8.148974164588945746e-01 8.198366465309999684e-01 8.186455916238589703e-01 8.204662565164138055e-01 8.233007409606322158e-01 8.206149591623069783e-01 8.226117624134771100e-01 8.198913486076455648e-01 8.178162502864795291e-01 8.201650480465649817e-01 8.193228561283435463e-01
-3.122525233085331198e-02 7.578827395597274863e-02 2.494601478420478968e-01 5.058498179193399169e-01 3.903567011817182242e-01 4.518566553385241491e-01 6.911903448641876224e-01 6.397511931519512807e-01 7.096705365333697557e-01 6.240407136599265270e-01 7.637281187360529522e-01 1.000000000000000000e+00 7.267145061878157453e-01 6.339207197026150986e-01 8.217115086367989818e-01 8.085557618460175178e-01 7.414520196046801015e-01 6.591422364440329140e-01 7.402626796817375343e-01 7.198592505706765676e-01 7.373886258132065219e-01 7.572016268558693364e-01 6.866180252041015342e-01 6.872113470202083629e-01 7.236390365724081342e-01 8.044262938606305813e-01 7.934078057555298269e-01 7.981130609552152810e-01 7.303459711006626831e-01 7.757143767922863864e-01 8.052270352146645438e-01 8.457850081531763653e-01 7.946476970623318481e-01 8.481632416006220643e-01 8.140959202429373098e-01 8.224034999317214600e-01 8.250510484862647598e-01 8.665511139830701648e-01 8.578180265531738513e-01 8.594404539344815408e-01 8.600082569020442991e-01 8.583723601609225540e-01 8.727904190306039478e-01 8.736967163809653547e-01 8.696128600057079217e-01 8.632438052748755419e-01 8.784507743570639793e-01 8.724984054842904735e-01 8.798835455069408118e-01 8.782760658672392751e-01 8.838887283521265070e-01 8.710582344141251099e-01 8.727898412545584961e-01 8.620424314925981824e-01 8.657319156181124686e-01 8.404430886599335571e-01 8.766424862756472258e-01 8.802954275097416570e-01 8.797370346458701640e-01 8.854212267907407563e-01 8.877188411119871780e-01 8.828710567413725618e-01 8.766833884003483179e-01 8.748181601351792125e-01 8.673788215663804646e-01 8.763109213345570137e-01 8.753501327503350193e-01 8.727326832105161136e-01 8.640417397721953385e-01 8.857219637454865069e-01 8.908660144276648873e-01 8.799776020910118346e-01 8.623876865900705901e-01 8.562848752162642851e-01 8.784153492140664987e-01 8.650295176764284388e-01 8.573417500197909602e-01 8.422529722574103594e-01 8.566784344399189788e-01 8.543203383237309989e-01 8.628032015599109705e-01 8.640772573025992109e-01 8.687042894451832975e-01 8.593207632397844575e-01 8.763133385496556516e-01 8.784723693569109759e-01 8.724913248336850780e-01 8.820658625618891246e-01 8.759084930613038056e-01 8.668861156707592386e-01 8.747287626110318293e-01 8.813274584324106709e-01 8.819446882591761572e-01 8.796047658045794693e-01 8.843669322621751094e-01 8.792243344679768757e-01 8.892996449354314548e-01 8.844737940849893842e-01 8.860011766127965371e-01 8.874123556418463954e-01 8.846320971686153500e-01 8.924020055412554830e-01 8.872056539033836842e-01 8.891914567846200823e-01 8.894045218487256488e-01 8.788694785136469401e-01 8.836736526688495630e-01 8.709245989527105714e-01 8.759172611911252293e-01 8.881312407641654971e-01 8.909969612865066280e-01 8.864318618611727318e-01 8.894905235929948528e-01 8.831396684401461306e-01 8.802605844192853413e-01 8.825654000114072639e-01
-3.515385171819337268e-02 8.579132398733228804e-02 2.108112833708815081e-01 3.747831187382544282e-01 3.976413221496408190e-01 4.199397821857334678e-01 6.220564494894956775e-01 5.996280133580081939e-01 6.299720979794148912e-01 5.775705540156635953e-01 6.675984567800554714e-01 7.267145061878157453e-01 1.000000000000000000e+00 5.518857011138199598e-01 7.825012335733044777e-01 7.640464918986374920e-01 6.711931132795335708e-01 5.231761851354620463e-01 6.262790523778258844e-01 6.110321180712962041e-01 5.694252407383362247e-01 5.936733080740521640e-01 5.905155859403017349e-01 5.666187530871901190e-01 6.004590469232307104e-01 7.101788737783067962e-01 6.940375110106679069e-01 7.136743818056729971e-01 6.429977634995185376e-01 6.822513440232081949e-01 7.165943206762127593e-01 7.487630025036172698e-01 7.174447313685680117e-01 7.492976842897206557e-01 7.176507883907268237e-01 7.291147712330775521e-01 7.364081539016722466e-01 7.914534869277086715e-01 7.732094662618764769e-01 7.600036070358399121e-01 7.825439858387345238e-01 7.849545512922430079e-01 7.866221796671979405e-01 7.834800878348924247e-01 7.757032689151071025e-01 7.879416828823661012e-01 8.122121879131229960e-01 8.093823882255379853e-01 8.066482108758493696e-01 7.854927580655421959e-01 7.971539876129292157e-01 7.667909196486082379e-01 7.939293460399013957e-01 7.915521460987841040e-01 7.883437593808105825e-01 7.626755964685018041e-01 7.876130114083611522e-01 8.108784489679141672e-01 8.049887758269019811e-01 8.139117565689580891e-01 8.119019338687712972e-01 8.089519344209992191e-01 7.968401833639502385e-01 7.993878569288186409e-01 7.896950848980542892e-01 7.958590690882720864e-01 8.076514950468324239e-01 7.864279254443685696e-01 7.814730628782772248e-01 7.963393825716696961e-01 7.884631094664826811e-01 7.938905602145482909e-01 7.731733726056732037e-01 7.661571001020796023e-01 8.041458286904527020e-01 7.845546206034856862e-01 7.889645811265533215e-01 7.691794220495989931e-01 7.803155256224555414e-01 7.802773234417527126e-01 7.831331071748627304e-01 7.917061074405586929e-01 7.914681751808607668e-01 7.840039655537459629e-01 7.965561506213447718e-01 7.963621474687261337e-01 7.979534586725917089e-01 8.109466824779636429e-01 8.020988117040950272e-01 7.905037440362330248e-01 8.004434471666213025e-01 8.128206372603679064e-01 8.048925209354500510e-01 8.086323829845492028e-01 8.162136639772150648e-01 8.139120295602115807e-01 8.142715341090022152e-01 8.067471931057792478e-01 8.164951334181523857e-01 8.105033877377731955e-01 8.153957129431292916e-01 8.133653685108477305e-01 8.184930562060480641e-01 8.216736099010604200e-01 8.093342508200799257e-01 7.985004634444112792e-01 8.154454830472990245e-01 8.100146994303862868e-01 8.052681520666492565e-01 8.181215205481016106e-01 8.195647160378791707e-01 8.182434245675881401e-01 8.193953898752123211e-01 8.127911810673099646e-01 8.036024905953664810e-01 8.087643438086589143e-01
