1.000000000000000000e+00 1.109686841675546209e-01 7.220910236041815089e-02 5.323875596842177899e-02 8.757312345877994730e-02 1.636627811566856647e-02 4.543453449483349921e-02 8.920248549340359379e-02 1.249821335476079126e-01 4.307622632108499411e-02 2.464924212063154818e-02 4.740696080594392764e-02 4.648283965027421444e-02 3.905098870238860737e-02 1.085643784858602440e-02 4.696477241890551629e-02 1.132472051093561805e-01 7.813702315104513463e-02 6.259721929962083764e-02 6.476690370204338243e-02 7.084547547227802722e-02 8.957233878032051788e-02 7.460666634802670671e-02 5.801420274502393226e-02 7.972733603521402201e-02 8.673158366767355631e-02 6.949038934076427754e-02 5.176834933543191658e-02 7.274922204597801534e-02 8.228522783329858536e-02 4.966333490264723122e-02 4.471156860146133921e-02 4.700519042908289646e-02 4.502378196113690501e-02 6.174269503832185285e-02 7.292720656129658696e-02 5.075385967679944821e-02 1.604575356165307068e-02 2.716982674562019515e-02 1.366581664866402430e-02 2.369706940843274018e-02 8.512725524532784027e-03 1.596894409872447185e-02 1.529582708318117344e-02 3.482423500542414924e-02 1.193854941214509552e-02 1.948659765600399899e-02 1.447236182342408022e-02 1.932381084635667601e-02 6.368495923801544001e-02 3.589624225331131124e-02 6.703797940274192069e-02 3.439400575769809010e-02 3.464423924630143092e-02 2.684325290979997641e-02 4.204898579192182378e-02 6.629403541443192049e-02 1.974043155101519106e-02 1.224258026263823178e-02 3.322697349508257209e-02 2.833426193645560351e-02 3.075452733754726470e-02 1.522415269925074706e-02 3.844412956702945167e-02 5.394779616550807871e-02 5.281266893239228155e-02 2.890414574663930161e-02 2.868074064836165227e-02 3.491805378807892601e-02 3.375043396353689246e-02 2.636378109537010003e-02 3.111924809736850775e-02 2.835876848375920925e-02 2.987072387075969185e-02 2.412258923769681346e-02 2.415531435034056623e-02 1.611105578326959067e-02 3.487460205062605650e-02 2.409983781079266460e-02 3.704921289627367137e-02 3.170960147319400180e-02 2.505754561819198423e-02 4.122289211010744109e-02 2.880982660137734047e-02 2.518842335624299489e-02 2.149511263873073869e-02 2.242042029045287696e-02 7.853333910050701999e-03 9.881588879139143605e-03 1.772720860708106722e-02 3.729090810692458052e-03 7.302602064767457074e-03 1.300801874970154010e-02 8.374296569718326158e-03 9.315544951142914684e-03 1.231419694918408497e-02 3.179047270539767794e-02 5.330594895667029043e-02 1.989535105960461153e-02 2.444777013157571968e-02 1.593729166959044485e-02 2.455478432077237358e-02 1.400270986060682746e-02 1.499740288467446732e-02 3.046122304581055928e-02 4.064370265751211797e-02 2.546534342719455196e-02 1.267540196477871112e-02 1.619560370830836621e-02 1.654991428662844558e-02 7.164095622642880495e-03 2.220271214649473593e-02 2.025901509558210301e-02 2.946441084666036672e-02 3.475090427358443895e-02 3.032069026462665476e-02
1.109686841675546209e-01 1.000000000000000000e+00 1.081567395310633201e-01 1.201672799650805729e-01 1.251978292894733169e-01 1.183835494433412155e-01 1.504661173295487597e-01 1.590555945484949663e-01 1.886459195160086477e-01 1.689354830239222782e-01 1.730252563594252557e-01 1.589038216549547577e-01 1.701482854813240186e-01 1.317245926689323554e-01 1.682505069744568149e-01 1.774450951609692628e-01 1.755127403847567269e-01 2.236819449573590191e-01 2.077886299516720769e-01 1.764441063504219032e-01 1.594992833571867441e-01 1.902703105780477189e-01 2.178334586405035744e-01 2.065225630423712377e-01 2.018400760892142265e-01 2.189823756387815623e-01 1.878712359124875275e-01 2.167963783694014657e-01 2.201076057023649002e-01 2.155880526726296764e-01 2.030686818818929762e-01 1.874762439739839359e-01 1.876172939759421510e-01 1.839017684477594616e-01 1.910634843047395448e-01 1.714732285639082310e-01 1.991757077067408954e-01 1.646517406556377017e-01 1.837363465265584583e-01 1.824464100289822921e-01 1.955896183164643198e-01 1.771662254826007754e-01 1.736584141573400131e-01 1.798238469781697768e-01 1.843548881213447899e-01 1.907394324161330590e-01 1.684003145430217896e-01 1.706789988823560755e-01 1.666826055222602743e-01 1.569486853573920648e-01 1.672790614223197136e-01 1.566172717461037367e-01 1.628009691344074472e-01 1.807636851436813241e-01 1.805380862234683692e-01 1.884125836181871905e-01 1.739213541179318590e-01 1.649275106348579989e-01 1.673913616503835411e-01 1.740765870651883873e-01 1.660621436278193475e-01 1.739034690414920092e-01 1.650979429902609263e-01 1.682398006856618000e-01 1.727015194075062210e-01 1.749307353624435235e-01 1.721910152460366383e-01 1.869863485143416770e-01 1.913505570545611656e-01 1.760908676221208113e-01 1.773106976609846175e-01 1.805223967892694292e-01 1.791963149559150648e-01 1.866031884964746701e-01 1.797742092636751554e-01 1.802154059319926727e-01 1.904779187104190807e-01 1.968407977630212413e-01 1.884542005671948628e-01 1.895501592034558036e-01 1.880779255214237167e-01 1.852214104420673857e-01 1.858729683454175274e-01 1.769591781585640455e-01 1.660147304002250745e-01 1.756312150905068592e-01 1.804869138828860686e-01 1.784622755116810622e-01 1.787797928429626371e-01 1.842597417353004918e-01 1.825112384201366122e-01 1.774166257562336257e-01 1.761093958135515336e-01 1.793806345646020706e-01 1.687734231208217472e-01 1.747383076679608904e-01 1.655742310011479590e-01 1.696834681607084228e-01 1.681198116989744973e-01 1.674247556971501516e-01 1.722837703591095504e-01 1.685303786713958085e-01 1.649866033357893780e-01 1.688723564355512630e-01 1.702677206237385721e-01 1.749045504247961347e-01 1.737828981066100176e-01 1.746799052037678324e-01 1.806183673175924265e-01 1.691997268342160243e-01 1.653946409502403680e-01 1.711525628174713765e-01 1.734091034189889913e-01 1.705946648918361397e-01 1.711184050044494143e-01 1.740721748446151795e-01
7.220910236041815089e-02 1.081567395310633201e-01 1.000000000000000000e+00 3.305483378610610257e-01 2.476706865957578885e-01 2.397812187262521322e-01 3.518748755550231144e-01 3.404166335264622312e-01 3.827671457307533776e-01 3.384477809511547419e-01 3.937083556332211520e-01 4.001633393571164543e-01 3.873643718003770275e-01 2.690371094852359590e-01 4.007445060647847890e-01 3.873681431162896982e-01 3.768842946520415405e-01 3.972460997609298383e-01 3.995994864618505615e-01 3.583554537409270879e-01 3.757054423785236019e-01 4.148515075893420834e-01 3.972837541700808828e-01 3.861233223289963767e-01 3.987424030212218806e-01 4.193822045400207310e-01 4.135326358643782729e-01 4.093649605195901486e-01 3.971152682972917125e-01 4.201254588126591138e-01 4.229417532242838451e-01 4.016193084643868150e-01 4.009549981085956949e-01 4.016281571296376751e-01 4.100772729400112837e-01 4.141507184059915470e-01 4.219192397957550744e-01 4.020541976039014309e-01 4.145904550399150956e-01 4.131278493756632697e-01 4.170531430821867169e-01 4.170391562409723196e-01 4.110397349358936303e-01 4.133796907035980350e-01 4.243890311292650708e-01 4.008764073760010538e-01 4.035840572766319356e-01 4.027420738224801178e-01 4.006962443342806934e-01 4.136854325418178324e-01 4.127803290390781865e-01 4.182679143948328515e-01 4.072311363902309522e-01 3.970987843054941679e-01 4.030534266007572697e-01 4.127330322413976793e-01 4.008001538726607693e-01 4.048975493267021886e-01 3.943070610350932204e-01 4.039879387535386668e-01 4.090496094396851579e-01 3.902502366763330732e-01 3.911487555213313816e-01 4.091626445920557575e-01 4.092223819309802613e-01 4.035600693931759020e-01 4.108540636892808462e-01 4.115286154111864603e-01 4.067101737250535809e-01 4.031902287168113719e-01 4.161955560519282060e-01 4.138950363667002197e-01 4.010136304625614434e-01 4.146988915337370685e-01 4.128311060501205221e-01 4.154827351214473996e-01 4.160959645093322834e-01 4.144484662319114499e-01 4.100061821568143361e-01 4.125966764697859279e-01 4.208643927518109229e-01 4.142513891319925534e-01 4.140511295339299735e-01 4.091965256786461169e-01 4.080739954163197791e-01 4.068619054628596632e-01 4.181535850026885104e-01 4.114244897170325488e-01 4.142794544890546771e-01 4.181008482207971277e-01 4.180690787637124650e-01 4.143875895885614780e-01 4.151097418277409079e-01 4.140154989238071792e-01 4.035229744939110574e-01 4.067809233911166000e-01 4.115797352711183521e-01 4.062834296953539148e-01 4.066449682948221067e-01 4.115179268354248743e-01 4.154908149549260132e-01 4.087195468733177961e-01 4.061038269176254767e-01 4.135757087765288276e-01 4.164312272155669681e-01 4.034911196217100815e-01 4.052928686747076514e-01 4.110317463082639455e-01 4.143393817173678939e-01 4.091558139773415204e-01 4.052261151493918301e-01 4.069232460074696522e-01 4.047110234719923927e-01 4.070707902734639894e-01 4.081581651305728475e-01 4.088888567804054297e-01
5.323875596842177899e-02 1.201672799650805729e-01 3.305483378610610257e-01 1.000000000000000000e+00 3.443905863449777116e-01 3.781841209091847955e-01 5.550121206405633778e-01 5.308049547178875782e-01 5.594389755217330507e-01 4.987612689675577360e-01 6.023528884702076258e-01 6.338627760277829593e-01 5.573937097609710234e-01 4.582331620653632420e-01 6.124982129210529980e-01 6.138932799761748216e-01 5.779566617683669083e-01 5.490338113125933228e-01 5.580529581917470505e-01 5.868307821801147517e-01 6.310220900443455072e-01 6.154322035273319669e-01 5.340510167692036347e-01 5.613015941019831034e-01 5.469769376595621235e-01 5.810856280285180420e-01 5.839704687149019913e-01 5.524478402468689930e-01 4.927027130791801213e-01 5.517450321022743243e-01 5.926676191776415470e-01 5.922797550022510515e-01 5.333856132034801023e-01 5.975883771490957397e-01 5.596113851641806303e-01 6.251783532058160509e-01 5.955962008116064688e-01 6.028916427004045175e-01 6.155080580613556673e-01 6.103928245619982818e-01 6.237852321717786142e-01 6.205607015911409619e-01 6.304869956213571269e-01 6.354909523075867872e-01 6.373093558472395781e-01 6.082006230645754519e-01 6.365477124944893816e-01 6.293580167805218339e-01 6.374280520329281829e-01 6.385972903835711589e-01 6.397997314259574742e-01 6.586144265732899461e-01 6.458692381644421943e-01 6.202455929934829193e-01 6.164739810972991174e-01 6.288933927338610230e-01 6.457882822076860263e-01 6.314582892280743431e-01 6.245898680650819879e-01 6.410628779588162240e-01 6.408864498427079281e-01 6.280870788123227300e-01 6.262157028094593736e-01 6.400168544431986684e-01 6.422935925954299519e-01 6.408691355082608565e-01 6.325573558279001807e-01 6.317223933644610101e-01 6.206599771392943277e-01 6.465853141882740296e-01 6.521931728478734813e-01 6.341752944074456888e-01 6.265120688564319584e-01 6.261071568505276463e-01 6.277195557114209068e-01 6.245130754564267583e-01 6.147720861619663246e-01 5.950665914925978850e-01 6.122551294874116756e-01 6.093439741609204541e-01 6.228694175772915287e-01 6.216456705942152716e-01 6.429458978027861038e-01 6.126481464121028564e-01 6.300720546158433688e-01 6.313929829638424973e-01 6.400466813676548572e-01 6.299735760538116569e-01 6.304063833973750919e-01 6.397546585331117530e-01 6.311341895787530021e-01 6.352635055438656808e-01 6.422075742291299960e-01 6.347161989025452700e-01 6.354144769302023654e-01 6.349348300142275692e-01 6.567797339401593160e-01 6.462885891761991353e-01 6.439713349761621020e-01 6.491049765301791785e-01 6.532917956932925430e-01 6.445426799676124974e-01 6.451164035553104137e-01 6.465744308479303148e-01 6.518544594124504599e-01 6.434690227929121820e-01 6.368707496190619821e-01 6.301685380962297467e-01 6.399911748785349630e-01 6.416234244614386073e-01 6.383802098074224940e-01 6.407160473726053462e-01 6.443015741097873894e-01 6.437408814158307457e-01 6.406718567729557945e-01 6.428683293846076952e-01
8.757312345877994730e-02 1.251978292894733169e-01 2.476706865957578885e-01 3.443905863449777116e-01 1.000000000000000000e+00 2.529361536143100997e-01 4.483018631453579150e-01 4.403327369298847271e-01 4.525587416116763628e-01 4.055995554639877376e-01 4.380328513414493141e-01 4.745393040777766136e-01 4.919554806879422038e-01 3.532329629876267973e-01 4.836456562394073067e-01 4.880565458826679470e-01 4.450272491643610939e-01 4.542761717499035901e-01 4.395959243411911022e-01 4.371282768541041031e-01 4.547468916998543831e-01 4.717294606516164168e-01 4.366829585933467150e-01 4.506205067273486020e-01 4.391838964849738569e-01 4.729016006203793365e-01 4.661972485995808380e-01 4.510622956333200095e-01 4.252940602747759535e-01 4.488292475614609756e-01 4.781419886848802259e-01 4.820771599670908847e-01 4.367778103432279346e-01 4.751813464602298587e-01 4.608325638581595718e-01 4.720173686693014958e-01 4.744449755213220876e-01 4.550915483756637347e-01 4.801249376476191544e-01 4.599014372227011593e-01 4.812818216742861255e-01 4.762622365290198889e-01 4.844647471190158816e-01 4.879884078474343578e-01 4.992994179110455399e-01 4.754466281308241116e-01 4.845429780811452147e-01 4.872332732626409868e-01 4.850675382431651750e-01 4.740486245339587401e-01 4.829155725294424495e-01 4.783446445545595505e-01 4.925779517990017675e-01 4.885712495536305155e-01 4.711813409196426994e-01 4.834616553923936078e-01 4.879494234747932535e-01 4.869606861232216866e-01 4.713090410194078483e-01 5.037109019812434640e-01 4.871141010829920237e-01 4.820653596832617516e-01 4.723540912002651693e-01 4.953073223266112324e-01 4.939194135857264967e-01 4.993722361908375929e-01 4.887992100241333460e-01 4.956100031290089358e-01 4.912147660042411879e-01 4.952390912130493761e-01 4.930060099243357974e-01 4.933646054541895865e-01 4.915499212584782951e-01 4.868427522239184291e-01 4.916138047962314017e-01 4.872429919248840724e-01 4.794112658684899775e-01 4.796227817486641842e-01 4.874394593970098333e-01 4.857044459220859478e-01 4.893239909231423823e-01 4.934471943249806314e-01 4.949867363108548801e-01 4.852113058708158455e-01 4.950083639726061135e-01 4.929611602010898763e-01 4.921762989360399243e-01 4.905758846412939245e-01 4.932624150126742602e-01 4.955657471347463261e-01 4.874152475398649265e-01 4.921765379966421827e-01 4.933413142144004171e-01 4.938246601198834074e-01 4.923951658002745368e-01 4.898095508965178424e-01 4.929018077590630598e-01 4.903220589354341796e-01 4.928609817408988736e-01 4.942975228296861423e-01 5.024331424741994567e-01 4.885031969769219051e-01 4.961723058944699782e-01 4.985393978083652589e-01 4.955296867664885641e-01 4.991981667106837883e-01 4.899337815176837418e-01 4.894011770768091907e-01 4.956454371602432851e-01 4.948254358998059876e-01 4.858623629751354089e-01 4.999925473231374706e-01 4.964791749801283349e-01 4.956978071454696821e-01 4.939571388494713444e-01 4.977990018276902129e-01
1.636627811566856647e-02 1.183835494433412155e-01 2.397812187262521322e-01 3.781841209091847955e-01 2.529361536143100997e-01 1.000000000000000000e+00 4.900531362492807075e-01 4.411025923505715318e-01 4.780552324062667946e-01 4.499543742804762991e-01 4.980379803654428339e-01 5.239827617531672699e-01 4.676621290383420892e-01 3.806500082601423918e-01 5.263349708702186325e-01 5.221314293374351712e-01 4.631692374203552065e-01 4.865153808426491144e-01 4.808388601651364391e-01 4.706626546063040761e-01 4.748312233231019031e-01 4.958428989581571966e-01 4.762123388339010721e-01 4.878572867121604983e-01 4.879689413040030344e-01 5.149959374041156446e-01 5.192535822702848414e-01 4.982978226306508107e-01 4.757803196164223647e-01 5.000019909911882499e-01 5.278279681865847284e-01 5.174554418365611141e-01 4.840372778959131650e-01 5.180772448694911381e-01 4.983311747052940888e-01 5.158280749004701127e-01 5.145924731387052642e-01 5.114652773721530821e-01 5.242878613076790151e-01 5.235483686584648799e-01 5.437493075617434446e-01 5.359766526410074672e-01 5.253160309893361024e-01 5.331732266785489394e-01 5.434005254796263618e-01 5.254379211728166243e-01 5.401709726757032426e-01 5.413760576444824890e-01 5.387807110569539093e-01 5.152494560802195478e-01 5.283373385951573020e-01 5.187289787556751408e-01 5.365565270958305710e-01 5.383432307774355108e-01 5.365053941147651662e-01 5.355683181513660740e-01 5.299522193231051004e-01 5.386115831921595154e-01 5.353699647017035046e-01 5.424953451081006017e-01 5.408786355972990956e-01 5.378164562336422705e-01 5.324409839337560513e-01 5.339406609336647680e-01 5.340550194427572395e-01 5.348885250988635320e-01 5.444198783900116023e-01 5.449972347501989001e-01 5.432606565671304066e-01 5.414013381244761058e-01 5.450735485937514557e-01 5.439919670494000048e-01 5.377550434544887681e-01 5.418579706761366133e-01 5.424781406374221682e-01 5.404090889745547521e-01 5.402204679244564378e-01 5.373217136718073661e-01 5.390490335834553504e-01 5.387922560623574775e-01 5.430168823802128397e-01 5.450102363157952601e-01 5.463348386696970094e-01 5.407206087106398718e-01 5.359342676922255189e-01 5.401072818227629080e-01 5.476736340330352615e-01 5.451884271999141163e-01 5.441281051311153139e-01 5.448785767049825202e-01 5.452057775793173189e-01 5.468285387477909154e-01 5.499492555659888371e-01 5.475146845614560220e-01 5.435561725356442553e-01 5.471345951562727183e-01 5.421387564105722978e-01 5.353282315470624386e-01 5.436092771332242668e-01 5.447287445356702174e-01 5.498230887032810044e-01 5.439387068415624249e-01 5.451143577104530236e-01 5.459997974052908098e-01 5.452717663175723484e-01 5.419966657454042824e-01 5.446236530168060419e-01 5.449682564147629860e-01 5.480524169234703979e-01 5.433357622929493314e-01 5.442989535856214145e-01 5.447809417835366430e-01 5.473635516287909120e-01 5.429089185814970353e-01 5.408391189738704918e-01 5.425761925117840168e-01
4.543453449483349921e-02 1.504661173295487597e-01 3.518748755550231144e-01 5.550121206405633778e-01 4.483018631453579150e-01 4.900531362492807075e-01 1.000000000000000000e+00 6.791484716411315681e-01 7.203758077800697102e-01 6.817088303070867328e-01 7.506789996400484721e-01 7.874378520107254698e-01 7.239293772807122718e-01 5.773275034319401700e-01 8.386338809903128855e-01 7.845452860985138166e-01 6.992534392010986144e-01 7.233908150576862095e-01 7.337198489639187304e-01 7.015075255621906480e-01 6.961606759086454987e-01 7.509019267450784962e-01 7.351644774318424336e-01 7.220976315964162673e-01 7.212705056274588689e-01 7.908281338416008888e-01 7.950359144175273007e-01 7.881280529306639027e-01 7.412600182581764452e-01 7.765881202851138143e-01 8.157588200491847630e-01 7.920575775798593954e-01 7.449059535577639002e-01 7.802874874183297615e-01 7.592227370539308406e-01 7.748357858527232800e-01 7.851697828542247848e-01 8.043728456472435395e-01 8.255109542601196670e-01 7.986802129507324377e-01 8.103159428714165058e-01 8.271154313328669128e-01 8.033353345276583735e-01 8.229583925071253248e-01 8.137076628189778837e-01 8.203859083248866702e-01 8.067788016586815436e-01 8.111523494946921709e-01 8.061574245228648739e-01 7.850472333347149334e-01 8.065238305460384893e-01 7.787636880218959945e-01 7.956789199014167036e-01 8.028021700328060728e-01 7.960982684925496100e-01 8.093892972343701420e-01 7.863889275967245185e-01 8.069592204547869629e-01 8.010339265617201221e-01 8.132989344865211301e-01 8.090719687202020394e-01 7.954629457397335290e-01 7.906389048657452845e-01 8.058757851739357658e-01 7.952665691463409736e-01 8.034874283428540265e-01 8.133399717258844586e-01 8.166694518479075127e-01 8.113954360713427905e-01 8.070413826520862477e-01 8.120544832722437212e-01 8.141829654901868718e-01 8.007985898988458917e-01 8.036611277423032496e-01 8.225979417596440690e-01 8.226070444611153221e-01 8.262630412621895237e-01 8.128220596777134821e-01 8.236939090810538877e-01 8.136826880591216948e-01 8.178253642256310130e-01 8.234164624894172446e-01 8.156448908708988643e-01 8.124839631786041627e-01 8.108310849300035539e-01 8.128847132106489237e-01 8.185906018469991663e-01 8.256836552461639389e-01 8.259216709521963740e-01 8.182392282043016163e-01 8.243966004293826755e-01 8.271918889008791353e-01 8.212402392493832748e-01 8.287604136841952851e-01 8.144094509079039534e-01 8.143100523708448613e-01 8.040577127558271586e-01 7.995749691620601673e-01 8.125814811286315997e-01 8.172599936829102463e-01 8.213276737138299755e-01 8.076887030855239846e-01 8.141777787509425490e-01 8.219841389275398535e-01 8.150474085411821834e-01 8.012763646664617934e-01 8.108200268532559374e-01 8.149225596866116472e-01 8.177184110309225762e-01 8.142792780063375924e-01 8.112423792572879266e-01 8.156347075736692931e-01 8.127909163763374911e-01 8.138000236530992249e-01 8.087273944288865257e-01 8.108738166160716077e-01
8.920248549340359379e-02 1.590555945484949663e-01 3.404166335264622312e-01 5.308049547178875782e-01 4.403327369298847271e-01 4.411025923505715318e-01 6.791484716411315681e-01 1.000000000000000000e+00 7.208928178645114260e-01 6.493707921430297292e-01 7.209065010714778010e-01 7.639439027556759187e-01 7.163565646917253726e-01 5.588277864485260427e-01 7.680971126077864586e-01 7.995657065814941733e-01 6.947022871464113569e-01 6.896209644070623312e-01 6.920188465441212688e-01 7.029193914574615176e-01 7.052228380600245039e-01 7.362615209824998619e-01 7.005654951804478614e-01 7.086671402890397653e-01 6.713425456934635216e-01 7.482254594885356935e-01 7.315562210635626617e-01 6.932485161798860318e-01 6.775829790650914619e-01 7.135217870776073834e-01 7.616863020605441070e-01 7.644699651484004876e-01 7.057679771782863209e-01 7.620016477750424233e-01 7.254000033011263060e-01 7.492627748452388436e-01 7.417766483591990978e-01 7.639248501033625294e-01 7.762569426193483002e-01 7.463203247348058067e-01 7.658508500826131105e-01 7.723666012720686869e-01 7.745409067509853029e-01 7.900435021837671767e-01 7.775628623990606947e-01 7.734397630081663033e-01 7.874907826857707738e-01 7.859448188322726292e-01 7.789473283592782682e-01 7.673251040292111691e-01 7.856348431355016926e-01 7.595631766259828277e-01 7.750188275024236795e-01 7.871428824404606006e-01 7.844750299693534767e-01 7.813023427128303888e-01 7.928867680618246760e-01 7.969645810826871957e-01 7.894513670277480966e-01 7.962800870234760797e-01 7.932136865597776421e-01 7.952496227135008589e-01 7.903110573538473238e-01 7.942309154704163543e-01 7.833933290178047848e-01 7.995494215474902022e-01 7.892568076329855575e-01 7.878726017269161996e-01 7.869139320164975082e-01 7.917246760411481565e-01 7.897162229525015453e-01 7.884128472307139202e-01 7.844792609324129362e-01 7.715780622579899717e-01 7.868125906716102458e-01 7.777686529118269521e-01 7.668820449337236944e-01 7.718971636626432709e-01 7.783713632196432863e-01 7.740564048345776049e-01 7.775970181138918136e-01 7.860125771805420714e-01 7.908577059862711423e-01 7.804726804348018909e-01 7.870426337111565696e-01 7.886613422541445262e-01 7.840566707503721089e-01 7.863901935926459474e-01 7.869341437855513766e-01 7.811325065099722353e-01 7.709604921543058431e-01 7.831224601801592966e-01 7.857101423106387372e-01 7.860160973480752045e-01 7.889431585627445509e-01 7.894697777479254830e-01 7.897241730979934760e-01 7.873883151658381818e-01 7.954562140838964401e-01 7.917828149510135471e-01 7.930868617963078293e-01 7.961059360472199087e-01 7.890608757993625710e-01 7.977182108458662491e-01 7.933339966943528943e-01 7.979917127686894096e-01 7.909287776707701889e-01 7.880934801065233586e-01 7.904995708304013435e-01 7.962530068641583414e-01 7.935522275370074929e-01 7.961294014468142111e-01 7.987632349405929810e-01 7.959674686993558623e-01 7.899696496320255390e-01 7.950622867836192320e-01
1.249821335476079126e-01 1.886459195160086477e-01 3.827671457307533776e-01 5.594389755217330507e-01 4.525587416116763628e-01 4.780552324062667946e-01 7.203758077800697102e-01 7.208928178645114260e-01 1.000000000000000000e+00 7.474884967594038754e-01 8.019812530741856627e-01 8.433197375957907083e-01 7.673964834915798505e-01 6.297916583340569252e-01 8.325877153368812511e-01 8.391940133940019031e-01 7.928710409732333542e-01 7.594270702335557122e-01 7.827068898257875107e-01 7.545815049847300893e-01 7.379591388968320675e-01 8.284101105704565482e-01 7.744291045432065701e-01 7.715520027993165719e-01 7.731372583602063031e-01 8.390515762872515770e-01 8.307413366009184230e-01 7.946832471831160039e-01 7.751641502009342100e-01 8.153323117413739940e-01 8.554135921914000074e-01 8.376870868729041630e-01 7.803464795136461074e-01 8.349154398351601447e-01 8.162221207404625201e-01 8.236985250541211112e-01 8.307733928081820762e-01 8.412418345338258385e-01 8.552353680797351032e-01 8.208931131601849840e-01 8.604491741341806499e-01 8.596914061689371334e-01 8.303625356686287207e-01 8.667472269313082345e-01 8.605671679240907146e-01 8.535348321025892915e-01 8.743327363320178014e-01 8.787105321556321069e-01 8.635217784428640408e-01 8.505119388949763382e-01 8.639816174948041771e-01 8.408481546224725323e-01 8.660292725751811416e-01 8.780775192255843020e-01 8.606854728244718311e-01 8.692545947937244666e-01 8.718120006649532350e-01 8.715657307855894098e-01 8.660184028408715040e-01 8.802748541084656209e-01 8.776718557699551004e-01 8.680239149594957127e-01 8.589173427429634966e-01 8.760948493675494442e-01 8.809377099572496261e-01 8.836439335713516252e-01 8.807174782467649399e-01 8.735551661583645933e-01 8.721148270646419398e-01 8.687156311217973936e-01 8.726023448376309943e-01 8.806053497875474534e-01 8.595815387714209610e-01 8.632298246218509385e-01 8.774888943795519092e-01 8.738406883011672344e-01 8.605182919216378679e-01 8.626531807555773979e-01 8.662926152851574413e-01 8.713950488346572376e-01 8.739622183925263021e-01 8.782778895571365929e-01 8.747710014519265442e-01 8.695568616417667096e-01 8.739246037983813276e-01 8.711762771850010134e-01 8.692674689417212441e-01 8.698737190396339525e-01 8.735034819962873565e-01 8.697996777659353640e-01 8.581821937559629410e-01 8.710356879892060533e-01 8.725191045269927725e-01 8.730517326401232570e-01 8.768521039400574146e-01 8.787379563494350787e-01 8.620168265932984797e-01 8.742002023003861977e-01 8.748482492415654566e-01 8.746464382015216588e-01 8.665661813236498201e-01 8.748577909778344486e-01 8.734838572094542064e-01 8.766318123901195580e-01 8.748368254778964292e-01 8.739482713931190361e-01 8.792594698466453806e-01 8.791505265957505477e-01 8.760380095892015273e-01 8.768581461633518925e-01 8.694440790250629325e-01 8.805573176232344146e-01 8.766321201205933278e-01 8.788047808242137604e-01 8.834081546145415853e-01 8.811449527240191593e-01
4.307622632108499411e-02 1.689354830239222782e-01 3.384477809511547419e-01 4.987612689675577360e-01 4.055995554639877376e-01 4.499543742804762991e-01 6.817088303070867328e-01 6.493707921430297292e-01 7.474884967594038754e-01 1.000000000000000000e+00 7.515405739943747943e-01 7.754657074305058018e-01 7.162767319304618185e-01 5.810720517027426757e-01 7.913312478339010747e-01 7.765114091701694754e-01 7.175064158908061041e-01 7.096014791384115394e-01 7.354490780477511702e-01 6.863182042067759170e-01 6.525516096750466621e-01 7.508473807543143419e-01 7.474953901424860048e-01 7.148873129178450192e-01 7.256314031280909349e-01 7.923806058668824148e-01 7.865639815554852365e-01 7.677205500686473671e-01 7.567578767567150200e-01 7.859733878801260509e-01 8.144422280579080020e-01 7.846897274431656744e-01 7.433087139863259196e-01 7.822157989487614760e-01 7.692174083676249774e-01 7.701848367280385022e-01 7.836599335729957927e-01 7.926598892858988110e-01 8.096932597637233053e-01 7.843591671681974242e-01 8.133410922591092218e-01 8.139586541742130921e-01 7.808003179914491110e-01 8.122466744379165382e-01 8.063601949242547029e-01 8.091249692550716022e-01 8.161952559439270560e-01 8.247853750235218939e-01 8.129685498788313813e-01 7.851602267408909208e-01 8.102186572496310468e-01 7.723436653508184424e-01 8.012609121647916721e-01 8.173716731788741585e-01 8.084808220840478121e-01 8.196091486276722016e-01 8.020638248911223789e-01 8.101517637389263893e-01 8.102549386883994842e-01 8.148714650618745781e-01 8.166384593146148729e-01 8.062547618111551850e-01 8.020975646642574119e-01 8.143000113350156166e-01 8.080953470121617910e-01 8.129794933373782895e-01 8.240245373113811445e-01 8.176981560919278635e-01 8.158907518678912840e-01 8.059300417804391437e-01 8.115835176475805213e-01 8.222102718204309380e-01 8.017150396032217685e-01 8.044756063530538182e-01 8.249968096223591063e-01 8.255881855229075805e-01 8.199189901098788980e-01 8.250998774336021357e-01 8.208973575996123540e-01 8.263524110691689017e-01 8.212958644051521206e-01 8.280577496158997297e-01 8.177527023427160202e-01 8.179273613740688509e-01 8.124633156236757969e-01 8.160933543962426429e-01 8.156402659546643230e-01 8.218788029821827434e-01 8.241164727855335714e-01 8.211806839526530899e-01 8.128982029497056061e-01 8.218170849181625215e-01 8.187572778602184576e-01 8.237995434111622384e-01 8.219041233607757846e-01 8.239968432574718005e-01 8.049667989780528998e-01 8.077159340375026364e-01 8.178895791167249962e-01 8.181769765164289554e-01 8.132081583377371858e-01 8.173532604461696272e-01 8.189300214380167420e-01 8.191460297000063839e-01 8.165095504937242010e-01 8.116701129303448559e-01 8.215752238236138094e-01 8.249732569638967838e-01 8.242357133552732362e-01 8.188068239840007312e-01 8.158333104935019398e-01 8.214348160602567006e-01 8.185988033231792471e-01 8.206683319068566185e-01 8.193786413122782220e-01 8.190945412290360217e-01
2.464924212063154818e-02 1.730252563594252557e-01 3.937083556332211520e-01 6.023528884702076258e-01 4.380328513414493141e-01 4.980379803654428339e-01 7.506789996400484721e-01 7.209065010714778010e-01 8.019812530741856627e-01 7.515405739943747943e-01 1.000000000000000000e+00 8.698243676296086857e-01 7.789644958902364191e-01 6.355632669154148706e-01 8.720923867241247018e-01 8.540486567495993997e-01 7.909527374332723237e-01 8.001326880730862401e-01 8.238273789077799059e-01 7.906664847624100823e-01 7.814348599118560168e-01 8.501889394948732859e-01 8.133714590224701002e-01 8.183391673247246700e-01 8.128987222874072271e-01 8.610227071264193732e-01 8.625122015582676882e-01 8.417858577560465294e-01 7.934865744110509711e-01 8.405984960706659459e-01 8.885836777488240745e-01 8.715808639328510576e-01 8.167563797403304404e-01 8.712068319519626902e-01 8.362724388288823585e-01 8.676791952376315953e-01 8.697562793092457056e-01 8.747061384078856916e-01 8.948539636235904871e-01 8.775057763738365324e-01 8.937015800888887807e-01 9.002633480091735141e-01 8.763386665480644711e-01 8.998833861957458158e-01 8.979761445495200167e-01 8.900777562352066852e-01 9.007262775910657160e-01 9.014310107359276847e-01 8.980074130188939741e-01 8.804807384486444954e-01 8.956144853533744010e-01 8.753612001383578312e-01 8.913856328607170365e-01 8.918664228787269721e-01 8.848620952477386226e-01 8.974887368057955506e-01 8.861672898618228045e-01 8.946137962031391888e-01 8.892146951702392110e-01 8.989638547672244018e-01 9.033297148038124114e-01 8.861738863604443628e-01 8.801090695983698753e-01 8.954233840774882269e-01 8.920054664923785515e-01 8.968842033945858550e-01 9.058577031451748862e-01 9.069398629419309632e-01 9.002677934598513065e-01 8.960308660666015390e-01 9.067624064312556076e-01 9.067550206933354673e-01 8.947093866218348568e-01 9.005035063576266596e-01 9.070863690231705245e-01 9.038669246200382590e-01 9.018669208741181276e-01 8.913385906723716445e-01 9.006146569472466279e-01 8.972177131440396414e-01 9.036708941398811090e-01 9.060765444665899171e-01 9.069649780907760306e-01 8.957801815713413163e-01 9.012572699496814721e-01 9.031384066817428335e-01 9.063081021016228256e-01 9.067379918998551558e-01 9.100346675584221057e-01 9.060384223508216595e-01 9.066969858053167686e-01 9.086492966561215967e-01 9.093050057320112289e-01 9.082414650347847562e-01 9.044846596602450495e-01 9.051529047111189774e-01 8.969154985000756808e-01 8.932304515948956691e-01 9.026683053661682665e-01 9.056616718402153987e-01 9.046220518981091807e-01 9.010404726541624276e-01 9.011591155182376855e-01 9.063826210911566372e-01 9.070419429747730300e-01 8.943515659267716744e-01 9.025988113791535428e-01 9.049132322835288234e-01 9.073075570884755470e-01 9.006035783414000351e-01 9.002002828606781026e-01 9.035058831376905353e-01 9.020598837872579878e-01 9.045065105042586762e-01 9.022810030307095719e-01 9.025254943672941232e-01
4.740696080594392764e-02 1.589038216549547577e-01 4.001633393571164543e-01 6.338627760277829593e-01 4.745393040777766136e-01 5.239827617531672699e-01 7.874378520107254698e-01 7.639439027556759187e-01 8.433197375957907083e-01 7.754657074305058018e-01 8.698243676296086857e-01 1.000000000000000000e+00 8.169381912667151857e-01 6.727152323878768936e-01 9.038072318180443432e-01 9.037392997666168215e-01 8.231910236330215458e-01 8.050606362391522497e-01 8.304935010760479130e-01 8.183046743845963089e-01 8.208305532336923616e-01 8.729796629908993522e-01 8.188414974898683418e-01 8.275169465735499053e-01 8.161831793793343781e-01 8.818696097796332456e-01 8.842805742154036253e-01 8.545609325847924875e-01 8.100659175361997200e-01 8.609931499180774050e-01 9.085250812732339476e-01 8.989630251699312069e-01 8.358442139087316480e-01 8.949891515008878695e-01 8.641609082192289737e-01 8.952175420942584116e-01 8.920581202269263210e-01 9.048005154689130469e-01 9.199132984605136176e-01 9.022418885823969559e-01 9.275725082185412029e-01 9.268780533169291846e-01 9.088742046206006453e-01 9.366059685295328174e-01 9.261816266535382036e-01 9.214512589449197488e-01 9.411928557770866677e-01 9.409326373443133162e-01 9.371694839121851306e-01 9.149946370000230367e-01 9.349936917991278351e-01 9.086482136124784947e-01 9.278255212493717874e-01 9.334222392788074085e-01 9.252340549966628913e-01 9.321653783033451157e-01 9.332710681234928085e-01 9.345575574510391892e-01 9.375956719290964303e-01 9.410977766178985071e-01 9.454025107479409051e-01 9.352209291203262831e-01 9.284828522365636827e-01 9.386424282569522104e-01 9.330381424236937615e-01 9.381510259017438180e-01 9.439483086427663538e-01 9.389823488479022151e-01 9.365798789174331063e-01 9.410269650822177256e-01 9.439532136520032424e-01 9.418021905536418936e-01 9.295321598181282008e-01 9.282361955062207182e-01 9.413935564036615133e-01 9.407858685451018221e-01 9.317834691990375395e-01 9.236363393840160141e-01 9.290674210756603157e-01 9.308574731272654113e-01 9.361600498289807115e-01 9.415179582594361829e-01 9.424007291964299204e-01 9.350529915656069502e-01 9.361765381129451002e-01 9.398719970496366427e-01 9.422086040917484473e-01 9.403177847491632768e-01 9.422152443010385348e-01 9.393802833015360010e-01 9.363334140996542043e-01 9.434488650402500509e-01 9.450838706250552779e-01 9.429654849016657625e-01 9.448283181743439840e-01 9.448381769627308691e-01 9.376308142535979551e-01 9.361056305612056594e-01 9.454884388110577076e-01 9.460387922030182306e-01 9.437739502297024519e-01 9.428896953188122820e-01 9.430682830581973430e-01 9.467926237630450714e-01 9.460317946042537951e-01 9.371288167277379566e-01 9.437555530106146451e-01 9.432724162032388726e-01 9.434698231581643002e-01 9.430788730936036091e-01 9.411123814779277508e-01 9.453266157441292394e-01 9.440281411732586170e-01 9.460368058437812477e-01 9.445973367635226436e-01 9.439050152052033127e-01
4.648283965027421444e-02 1.701482854813240186e-01 3.873643718003770275e-01 5.573937097609710234e-01 4.919554806879422038e-01 4.676621290383420892e-01 7.239293772807122718e-01 7.163565646917253726e-01 7.673964834915798505e-01 7.162767319304618185e-01 7.789644958902364191e-01 8.169381912667151857e-01 1.000000000000000000e+00 6.006430076301551013e-01 8.268113938389569650e-01 8.270477002926569510e-01 7.481034101638271983e-01 7.330707996114464997e-01 7.482673076530974576e-01 7.283650845119504780e-01 7.194502972720944189e-01 7.853587775580517238e-01 7.529142991692527875e-01 7.451922677906598347e-01 7.374766963824086474e-01 8.040033569570209648e-01 7.973216248475150092e-01 7.752431775925969770e-01 7.454337817723666326e-01 7.877290930460637552e-01 8.294715299052767277e-01 8.154839321559982368e-01 7.546648307870277295e-01 8.095734327696832988e-01 7.904891955687586291e-01 8.128835181202410665e-01 8.041876108346823759e-01 8.127315804414116940e-01 8.409812569495985768e-01 8.069435890559646385e-01 8.344999975749772814e-01 8.386636748591562718e-01 8.379972118489975585e-01 8.518665656110879780e-01 8.445865836044414987e-01 8.340740601664120568e-01 8.526335356890948347e-01 8.522993849866636884e-01 8.454496703876702712e-01 8.214260535393463902e-01 8.445357939017873461e-01 8.228725361933625360e-01 8.459485645293128853e-01 8.461948837026266323e-01 8.361111639217793101e-01 8.459372181436664029e-01 8.422437369920111605e-01 8.489586719216920541e-01 8.393919003594381145e-01 8.628466506779374212e-01 8.545116265652027421e-01 8.480981193346563973e-01 8.329749164158092301e-01 8.575250523637382161e-01 8.495604503463292101e-01 8.573156588530523869e-01 8.536415795738634404e-01 8.508999166223433219e-01 8.475027194684719989e-01 8.486513371228148195e-01 8.508556568931787689e-01 8.530636886094761229e-01 8.394448862059087357e-01 8.370721670114468216e-01 8.539929531780171557e-01 8.486721773055632134e-01 8.412350987036454342e-01 8.406056720551247086e-01 8.437276202643259060e-01 8.466843958125723768e-01 8.493588120450082934e-01 8.558859643669007866e-01 8.530372643165898827e-01 8.438783328371577408e-01 8.463116376089497850e-01 8.479003670748588295e-01 8.521688436368421993e-01 8.497842912554418593e-01 8.532040261836512096e-01 8.527697654702872665e-01 8.428115090316793401e-01 8.546800814803963142e-01 8.549699647327771990e-01 8.544112313222840260e-01 8.566192944407508003e-01 8.567209335113851187e-01 8.450531813216171084e-01 8.438858567169531533e-01 8.570965310419293992e-01 8.534846183300794920e-01 8.586542077628588343e-01 8.507241597929755539e-01 8.593250891933509328e-01 8.639729984426577358e-01 8.573892961004385693e-01 8.508867678492838538e-01 8.549061900371153211e-01 8.558106587667565490e-01 8.574423309725349718e-01 8.588257858458099303e-01 8.507495013205107481e-01 8.623226324581738655e-01 8.580363768448446837e-01 8.567501550458698212e-01 8.567778613291319179e-01 8.583411703963899075e-01
