1.000000000000000000e+00 1.147980881328713315e-01 8.750761795902867179e-02 1.394951780555773180e-01 9.632562778253589419e-02 -2.489756646501395040e-03 4.791955249958999158e-02 6.393907903272809390e-02 1.783579629949296474e-01 5.485134249512869931e-02 2.327875786267979974e-02 5.716666509760478382e-02 4.998889548966334306e-02 1.559468111812739588e-02 1.374030978439577319e-02 4.866760290689778334e-02 1.465830394828628591e-01 -2.042224580512223484e-02 2.582417368622729956e-02 3.473562505422664315e-02 7.975315498246252077e-02 1.038880440733151028e-01 8.847919812816128216e-02 1.011523366692374665e-02 2.370199886407425849e-02 5.498565021716197987e-02 3.076475702840911902e-02 -3.991177224140698282e-02 -3.496944796909303181e-04 4.439550826256956351e-02 3.292389378576818931e-02 5.174873566889321569e-02 -2.476706908844807098e-02 1.259375926915016347e-02 2.155691654075829466e-03 7.165253306905906838e-02 6.835060615486632588e-03 -5.348321741646488645e-03 5.997523163516506155e-03 3.557739198806825036e-03 1.328038165818676286e-02 -4.763780928928331403e-03 2.445229521505041734e-02 1.808844762433313089e-02 3.131796127473895214e-02 -1.096470550151968683e-02 1.129032174306025642e-02 3.013316623645563228e-02 4.359102980076662304e-02 4.329877726490023032e-02 3.192178219696614749e-02 8.674498630480831363e-02 5.850026549598973113e-02 5.736747665574200988e-02 5.675823042743539243e-02 6.362905599098389597e-02 1.271856962472262542e-01 3.173936082416693033e-02 5.205359239436576496e-02 6.695839800931105423e-02 3.825985592285124220e-02 6.637227419276751916e-02 6.243640367989377465e-02 7.894890650863899129e-02 1.062288625679450871e-01 9.541512311378926026e-02 3.532371250974320614e-02 2.790434567661664866e-02 3.217687490355363583e-02 4.388043213801584574e-02 1.576990999042952174e-02 2.026836985039251124e-02 1.641929425174292259e-02 -1.036972467155746966e-02 2.207914276653702434e-02 1.529636542739003235e-02 -1.186697876130527254e-02 1.080773480766938389e-02 7.044371443452908735e-03 2.936853117084183007e-02 9.549337935778072842e-03 1.857340209394208602e-02 4.804560017349383816e-02 3.548658720719664178e-03 8.001008686781474130e-03 3.870545481904838925e-03 5.616757407805126473e-03 -1.793973941447270974e-03 -2.556872815243265221e-03 2.802753462969405709e-02 -6.791584774636890039e-03 2.776851453905463014e-03 9.830837062859754116e-03 -4.848810439260972487e-03 1.225104910592523383e-02 1.545023506491968561e-02 1.712883071406560986e-02 6.798971128882877468e-02 1.083061709688486543e-02 9.236892771727043400e-03 1.337884837907615983e-02 3.207868527250529178e-02 2.961647047487923901e-02 1.337089413137067077e-02 3.365625539465032234e-02 6.045281534240348753e-02 2.989010193972819335e-02 1.670439021294288506e-02 2.202582430673405769e-02 2.530981837958406686e-02 1.438693497902900076e-02 2.863793923646249656e-02 2.652013529291105329e-02 3.656438122039228772e-02 5.974611302510554611e-02 5.569194008514073008e-02
1.147980881328713315e-01 1.000000000000000000e+00 8.688276172773705397e-02 1.376675171782663909e-01 1.174741499298729702e-01 6.856592050915621961e-02 1.774125892841374175e-01 1.541865129690470626e-01 1.807561888610690615e-01 1.709830866599825749e-01 1.403908800888556685e-01 1.671955756418745664e-01 1.409950168230812428e-01 1.445524661143347545e-01 1.626891579223362916e-01 1.709393900850267600e-01 1.983489733664527688e-01 1.421860018400426251e-01 1.449650937394204586e-01 1.829397102279592124e-01 1.567998461082626971e-01 1.849885463477224934e-01 1.897933144325095189e-01 1.665231161322044962e-01 1.554814193326674865e-01 1.798221510542654389e-01 1.658683497411298224e-01 1.579837001125290463e-01 1.492661562988384094e-01 1.760950712551662412e-01 1.714515833450467042e-01 1.960215291041929042e-01 1.672196377700096159e-01 1.878149471669136872e-01 1.707534717460903462e-01 1.813976762613568328e-01 1.664664115479497219e-01 1.705325501245028574e-01 1.761031132444071112e-01 1.690090896531996623e-01 1.664577513723705104e-01 1.588768419250465302e-01 1.719086896214780114e-01 1.606588362692197847e-01 1.737785427124877990e-01 1.604680533327141057e-01 1.619297518245715883e-01 1.734720485906953991e-01 1.710098537617747994e-01 1.741282297778407595e-01 1.752198961137525213e-01 1.678206276736183278e-01 1.694094997967134364e-01 1.766990671073125907e-01 1.652754148463783657e-01 1.797984298430439221e-01 1.849747033345430502e-01 1.657203426183182227e-01 1.729956477241146595e-01 1.794950322267647169e-01 1.696624805818501003e-01 1.715831656123970039e-01 1.706279053941783530e-01 1.812975552048912420e-01 1.813334668330977839e-01 1.872216988305659136e-01 1.718294909620769750e-01 1.680216131337115837e-01 1.782715721785274321e-01 1.822279868322569107e-01 1.671723325643480196e-01 1.706923273844188627e-01 1.750112795680506539e-01 1.560652764340272336e-01 1.697417414107222911e-01 1.639891026753336201e-01 1.623332562561374259e-01 1.626050514263239488e-01 1.665598505419279562e-01 1.681654478329485114e-01 1.670068887847120376e-01 1.636604929297914290e-01 1.826670445822597966e-01 1.644417523155001504e-01 1.746621150953134027e-01 1.741923401531253746e-01 1.646998503376343459e-01 1.697829984512390367e-01 1.632117034924393528e-01 1.769782280206737002e-01 1.668612984012079747e-01 1.631201898624863311e-01 1.654399462147332633e-01 1.621117145991313457e-01 1.625598150088212457e-01 1.646832873450359280e-01 1.558382868720395997e-01 1.636270996583537030e-01 1.567029021900041563e-01 1.626849594832185941e-01 1.657312617577791081e-01 1.585983262253531367e-01 1.642633132179599220e-01 1.600583121628293692e-01 1.674021406686793390e-01 1.725195800049406647e-01 1.664065344013010705e-01 1.652273143118550836e-01 1.627315644872016631e-01 1.652851622021541123e-01 1.600489508154076257e-01 1.670767733821278966e-01 1.601408138966020078e-01 1.665139281243512570e-01 1.696137176955403725e-01 1.711732610424851475e-01
8.750761795902867179e-02 8.688276172773705397e-02 1.000000000000000000e+00 3.610156882191540295e-01 2.231940645386836508e-01 2.316357105325208554e-01 3.655879605841423907e-01 3.589811500035665071e-01 3.683012816830806835e-01 3.336551032669695105e-01 3.876379246045982829e-01 3.975548931180964973e-01 3.425250738598876188e-01 3.379272589785182745e-01 3.964435656973429589e-01 3.906126997397533773e-01 3.864844102999614450e-01 3.604499237960788194e-01 3.869281407148152940e-01 3.203506617650472288e-01 3.860632905763748957e-01 4.053508407940342728e-01 3.782739635920126520e-01 3.741222161457174455e-01 3.877626155071237646e-01 4.041198675369055415e-01 4.040130726749090462e-01 3.997723868504565736e-01 3.886761863388589755e-01 4.000389673805870849e-01 4.060280091965394744e-01 3.982036945521773008e-01 3.824866141353606142e-01 3.987574191534700718e-01 3.925742144697216274e-01 3.993619135859818314e-01 3.909418722689602110e-01 3.943477006141712371e-01 4.052760389471704028e-01 4.097051310959896053e-01 4.013979802486187798e-01 4.045590177292092138e-01 3.994773019713457884e-01 4.034116641015805249e-01 4.145669223105918344e-01 4.001797015891495612e-01 3.901437935538102919e-01 3.912789950421515783e-01 3.962404012728045766e-01 3.923441135139693614e-01 4.051181896724767029e-01 3.997308672190396650e-01 3.947707711710371492e-01 3.876742088896508176e-01 3.819878492515240143e-01 3.877771436045649445e-01 3.941921205523341021e-01 3.895356687719363498e-01 3.900790275127695717e-01 3.919661060455166823e-01 4.027864361426757300e-01 3.846025242540836997e-01 3.955795857416303241e-01 3.962904831800793670e-01 3.968229041242459232e-01 3.952573572126522605e-01 3.992829802894808933e-01 4.062008007403455356e-01 4.066114605079020894e-01 4.037719102822372452e-01 4.084271327526736162e-01 4.086562194896348754e-01 4.028642491810470183e-01 4.010223631819160306e-01 4.030528308680826344e-01 4.011178896338364330e-01 4.055504486004760101e-01 4.049542637898878028e-01 4.043328110459090130e-01 3.991880724606030051e-01 4.047326673650004647e-01 4.008015401619304807e-01 4.110511301335533219e-01 4.031322000077503520e-01 4.073346774045262242e-01 4.075424875184080475e-01 4.051542747175689296e-01 4.040292384423049277e-01 4.060499797612976414e-01 4.045924865458222497e-01 4.107218431783475898e-01 3.988864449589306638e-01 4.045247829421680930e-01 3.996548330612657574e-01 3.905681482295436102e-01 3.929245147797572058e-01 3.996923108720683016e-01 3.997818839690927550e-01 3.984897031953416047e-01 4.067510962129728957e-01 4.068689136718891541e-01 3.985241310883119170e-01 3.978240337552826911e-01 3.997218053843963337e-01 4.069734494805824498e-01 4.043073716148159469e-01 3.981582505461890298e-01 3.922812536220601221e-01 3.957986681626909364e-01 3.954359844668932644e-01 3.957331026950402508e-01 3.934770961117345367e-01 3.932565737578354037e-01 4.002349434798943006e-01 3.978509428129399783e-01 3.953363741395104491e-01
1.394951780555773180e-01 1.376675171782663909e-01 3.610156882191540295e-01 1.000000000000000000e+00 3.676591488383133544e-01 3.406023267981973524e-01 5.803393762803323863e-01 5.859663088897191230e-01 5.895542378656142279e-01 5.241474168482042062e-01 5.871125735016479164e-01 6.269700632085910552e-01 5.539404582200021521e-01 5.041576443549113939e-01 6.136008698605770473e-01 6.147288362313499954e-01 5.699775506644915168e-01 5.649279823829816971e-01 5.949001511041962509e-01 5.160203207753788490e-01 6.255285163592363418e-01 6.512147111490420581e-01 6.084346820220368768e-01 5.880205243834499829e-01 6.099985797798851417e-01 6.387366155692223435e-01 6.228624835823992623e-01 5.945216673686014586e-01 5.973899901029495751e-01 6.165791952022200428e-01 6.260348672557866090e-01 6.291696665632073859e-01 5.942756112648478473e-01 6.106982785434117433e-01 5.960451790580741926e-01 6.248743922662812755e-01 5.981295603880657508e-01 6.171415959685710995e-01 6.209130242812394007e-01 6.190403419181003120e-01 6.195758568905872510e-01 6.277098097964139978e-01 6.256951099567217289e-01 6.255493276805557112e-01 6.291992887693389491e-01 6.114939686647119510e-01 5.985066262430306372e-01 6.018187416260412093e-01 6.088211749439145226e-01 6.204184633699556528e-01 6.301068438348468304e-01 6.359452850621974962e-01 6.234581952996077758e-01 6.071140625708116856e-01 6.121503700462797015e-01 6.235636544923459645e-01 6.297868186100529231e-01 6.121397838470916675e-01 6.137925962024533000e-01 6.081476567465972094e-01 6.249217528925815612e-01 6.055000775984534789e-01 6.264656911964402441e-01 6.195023666336151313e-01 6.186548933961028007e-01 6.178759224821114282e-01 6.099372214948877158e-01 6.306710779831700142e-01 6.282515231275092038e-01 6.351334806421504720e-01 6.333330494530171606e-01 6.278597646343820893e-01 6.233233514946678877e-01 6.132522479101858437e-01 6.233324449373528475e-01 6.139656430657164377e-01 6.187928401640898635e-01 6.183154344787986645e-01 6.196921229032996692e-01 6.144765201471231730e-01 6.109696939133995031e-01 6.113151649137223975e-01 6.323028419429508329e-01 6.177544814995845623e-01 6.303860025111176490e-01 6.224779864205421953e-01 6.092581780508690148e-01 6.245397220661834670e-01 6.114929378083825418e-01 6.244811204106469615e-01 6.204611775113723082e-01 6.098609275330209023e-01 6.147185769976782899e-01 6.060970357600182767e-01 5.967022673505905095e-01 5.998181227232094459e-01 6.271155541110594589e-01 6.294241692339518357e-01 6.132757319692754283e-01 6.252291686427858819e-01 6.233508618812508839e-01 6.191122050649814357e-01 6.168792565627615465e-01 6.153316094535732361e-01 6.268650099141443999e-01 6.297528980647666419e-01 6.142286962543341833e-01 6.004459983173013882e-01 6.113981726333781452e-01 6.087883645709626368e-01 6.110041767868603646e-01 6.016939679387367512e-01 6.113734605271164968e-01 6.187957779591614083e-01 6.125865900636002781e-01 6.116074147389667370e-01
9.632562778253589419e-02 1.174741499298729702e-01 2.231940645386836508e-01 3.676591488383133544e-01 1.000000000000000000e+00 2.607058069504871178e-01 4.450865964983487522e-01 5.006775860241654552e-01 4.505497273355438259e-01 3.872190345515608145e-01 4.475010499681960630e-01 4.818987024302219258e-01 4.529859232148678028e-01 4.059688374448893189e-01 4.818949968976631304e-01 4.852117693963715617e-01 4.454712056956494082e-01 3.997476727619651005e-01 4.416561691461533545e-01 4.098245029383921212e-01 4.585743282439969648e-01 4.619867240671107766e-01 4.634730472578859617e-01 4.293480862038949186e-01 4.502294218445812013e-01 5.018975996486266800e-01 4.656254174810270374e-01 4.525535645358954029e-01 4.365063164252294126e-01 4.787150430763799647e-01 4.866444311846564452e-01 4.732348413081608474e-01 4.275064943961680575e-01 4.403665321557880263e-01 4.639962134522849224e-01 4.608872776914561542e-01 4.492803104534038861e-01 4.695539100286738043e-01 4.767222146500046942e-01 4.434897232264706224e-01 4.814571027889139598e-01 4.903738268503037845e-01 4.924964608509033170e-01 4.900680005032758135e-01 4.874123280611858400e-01 4.830045223049223013e-01 4.779393918131190633e-01 4.747657141375283829e-01 4.759278137716313473e-01 4.677400248613508560e-01 4.858477711564379020e-01 4.916561726105729835e-01 4.909002058600945295e-01 4.785051077187741364e-01 4.777948622723799943e-01 4.716931104434104460e-01 4.729710344450905324e-01 4.785163621896010855e-01 4.702368342990992933e-01 4.833545601809309811e-01 4.865841082502310178e-01 4.739924619952528007e-01 4.790992640374653333e-01 4.865671223198076434e-01 4.885951640658594552e-01 4.743970313723683274e-01 4.848269880290009270e-01 4.928225105570364084e-01 4.897902990292569703e-01 4.991848351504150627e-01 4.899826174221942332e-01 4.879916362720561618e-01 4.899962730788794962e-01 4.828410703199213505e-01 4.919499629800273555e-01 4.828440696216740324e-01 4.770742662125183053e-01 4.724287384121690914e-01 4.840516167123999902e-01 4.864930574481621806e-01 4.836000547562994134e-01 4.780269583351201002e-01 4.903237946459949037e-01 4.791006401311310725e-01 4.816637467854438248e-01 4.812275086814348790e-01 4.684911447182758537e-01 4.802525796668632441e-01 4.787068786980342994e-01 4.871612919466555280e-01 4.698399930879970099e-01 4.836247958358003141e-01 4.835685205667806796e-01 4.780994266071286747e-01 4.763505779203546786e-01 4.778405563873398543e-01 4.896991238421368742e-01 4.966879907772604463e-01 4.903526052612265373e-01 4.894673220432753102e-01 4.973038275981854772e-01 4.890701878788042412e-01 4.897551828730714041e-01 4.906529631544471193e-01 4.914015766374225103e-01 4.880195757492213349e-01 4.830983062456613020e-01 4.788102396489399837e-01 4.855317566112877237e-01 4.842775925840119844e-01 4.799718277864083449e-01 4.834223589770552665e-01 4.813932075430926161e-01 4.891771929300938737e-01 4.838074869857309501e-01 4.799897607750172601e-01
-2.489756646501395040e-03 6.856592050915621961e-02 2.316357105325208554e-01 3.406023267981973524e-01 2.607058069504871178e-01 1.000000000000000000e+00 4.676621943904966661e-01 4.328576218159839728e-01 4.601368293002151555e-01 4.435705653117536507e-01 4.922736092070698066e-01 5.040915568713582040e-01 4.553730046400983889e-01 4.206801180691923103e-01 5.201319804433073291e-01 4.999784244365595987e-01 4.590995175595434241e-01 4.311063579813950164e-01 4.632264677522401897e-01 4.021802818794456558e-01 4.623345183006059567e-01 4.685838088086650144e-01 4.714190927879698401e-01 4.589657265806141306e-01 4.769710096267325006e-01 5.165939701702420006e-01 5.188582655955136236e-01 5.205095856062453841e-01 4.905374758506388932e-01 5.218784382612512429e-01 5.287122387344274088e-01 5.227155860992093173e-01 5.107939691388905246e-01 5.098608662780620415e-01 5.160088717216027021e-01 5.001665240065167328e-01 5.241841673315584815e-01 5.264481952026591749e-01 5.392456928866764532e-01 5.252606214015794750e-01 5.301622548169421245e-01 5.410572348857969338e-01 5.360895281301554238e-01 5.433450631163661004e-01 5.252072550432428377e-01 5.376123936189955987e-01 5.274722314661335343e-01 5.285969989554745174e-01 5.255575412562827342e-01 5.191228158343169641e-01 5.363954306038882791e-01 5.133234164878671679e-01 5.245334968777479734e-01 5.113069904484586203e-01 5.108800916482596488e-01 5.180665782428677257e-01 4.956521477978942380e-01 5.226202987874625228e-01 5.197502318607272187e-01 5.153358439233857169e-01 5.322413817916478163e-01 5.071975615829487083e-01 5.194408874546003752e-01 5.187873411252647005e-01 5.069336939625658234e-01 5.077547497666855536e-01 5.257917507041535154e-01 5.313686427665259560e-01 5.339747414566375916e-01 5.254715861009886524e-01 5.358370615640116741e-01 5.348338044475329234e-01 5.266681563224844265e-01 5.316011523644802450e-01 5.328343324327116104e-01 5.338407245648062460e-01 5.396592796478602017e-01 5.298498124973277656e-01 5.360834220213961387e-01 5.313945554471111166e-01 5.345705688263999722e-01 5.309319010616151413e-01 5.305090385331557856e-01 5.394818610106781875e-01 5.396158171193542463e-01 5.393913300175604553e-01 5.371273627049782950e-01 5.403423149098780520e-01 5.404066242069520687e-01 5.323699677203157510e-01 5.400211931473468674e-01 5.390280668533895536e-01 5.378285893787454475e-01 5.384114059271578601e-01 5.307050882166234329e-01 5.308216029517998091e-01 5.294568291732830723e-01 5.164349624959990726e-01 5.279506052279627770e-01 5.386406150895388656e-01 5.390732056876819112e-01 5.290906700463614554e-01 5.308653315679795481e-01 5.371104954041884261e-01 5.345898798803013774e-01 5.186100400847353242e-01 5.295919355138618556e-01 5.293933375924109175e-01 5.288504123867214801e-01 5.285833265515950119e-01 5.280090440730700330e-01 5.287431043263155495e-01 5.244339477339476918e-01 5.286605328008153748e-01 5.232138964699785122e-01 5.195520870992672569e-01
4.791955249958999158e-02 1.774125892841374175e-01 3.655879605841423907e-01 5.803393762803323863e-01 4.450865964983487522e-01 4.676621943904966661e-01 1.000000000000000000e+00 7.144355601553121771e-01 6.982691024583004280e-01 6.658126110958213495e-01 7.330883437193328467e-01 7.727560819660761471e-01 7.008467807704021890e-01 6.617804819791194282e-01 8.407316511260800596e-01 7.794390477178004817e-01 6.971353482308182414e-01 6.758535010394549625e-01 7.068919663597065250e-01 6.453427404370803977e-01 7.031235053111772881e-01 7.502730970002481348e-01 7.431408722319632343e-01 7.012133540782680141e-01 7.213595620235092598e-01 8.062304781525433395e-01 7.954820973151544017e-01 7.944339509395932364e-01 7.737649487110452862e-01 7.945113868521289646e-01 8.087639905510055627e-01 7.783714597410307245e-01 7.331921608824341074e-01 7.418621625536594433e-01 7.538058452372267126e-01 7.272758129236694957e-01 7.688289978185088858e-01 7.910429525424544916e-01 7.970598842249912996e-01 7.702016718812892959e-01 7.958786455707571594e-01 8.169791689763696851e-01 7.967887557057731218e-01 8.086185776008434356e-01 8.018480307438301535e-01 8.107158157192965175e-01 7.861811228133895879e-01 7.882854643367782632e-01 7.800441899817388558e-01 7.476882124402057794e-01 7.966056279591754441e-01 7.469927229003312519e-01 7.791739718937322756e-01 7.817778378716064847e-01 7.739969856952568783e-01 7.792602509350169404e-01 7.569605710969615764e-01 7.882087714485940255e-01 7.790071494833491483e-01 7.880111574899513194e-01 7.912565914813659562e-01 7.769558332691818281e-01 7.725010502121545386e-01 7.770576625929190850e-01 7.708621254690678493e-01 7.692245906607592110e-01 7.938635533979797598e-01 8.028684918878721266e-01 8.121274962403479680e-01 7.997370081244585815e-01 8.007233137423054314e-01 8.043928780572273673e-01 8.001663448599776185e-01 7.914745200684709658e-01 8.073615073595917790e-01 8.047331721133749172e-01 8.167331413796812267e-01 8.071129034325850160e-01 8.138033940138390543e-01 8.014749969689092257e-01 8.021563318624765904e-01 7.989281124609283191e-01 8.077361738147453840e-01 8.035029176332489920e-01 7.971623712391567862e-01 7.997109612500551412e-01 7.903729190096504542e-01 8.061951218921652451e-01 8.015003704373301341e-01 8.024799785099892002e-01 8.052626734330717850e-01 8.043811780408831602e-01 8.009279484808230487e-01 8.060132981303058664e-01 7.876788086208572626e-01 7.899449417640843629e-01 7.882933426633604856e-01 7.746825730324400361e-01 7.885864330938836542e-01 8.046751370613318688e-01 8.074965946344808687e-01 7.830061432073208705e-01 7.893141115608200975e-01 7.988393767858105177e-01 7.899049100547022029e-01 7.878061394345634572e-01 7.926273314914489276e-01 7.908196508711162753e-01 7.968660300808050323e-01 7.949797354261262106e-01 7.956391199494772248e-01 7.920783505051158802e-01 7.918720621386154956e-01 7.918716482980431293e-01 7.834509706998525891e-01 7.809270593535260208e-01
6.393907903272809390e-02 1.541865129690470626e-01 3.589811500035665071e-01 5.859663088897191230e-01 5.006775860241654552e-01 4.328576218159839728e-01 7.144355601553121771e-01 1.000000000000000000e+00 7.097480387917256550e-01 6.517322155429026154e-01 7.098106958962162594e-01 7.760357900339143189e-01 6.919271494083322205e-01 6.374995706810229201e-01 7.754743106520604057e-01 7.767193065993256429e-01 6.904324799105090449e-01 6.335308530904222302e-01 6.771891896423666291e-01 6.141645192668727660e-01 7.051635503877150546e-01 7.291641109847467606e-01 7.268910887338533300e-01 6.560647622521806888e-01 6.887088524093260000e-01 7.743470721790719491e-01 7.497875684030984589e-01 7.320394739861412203e-01 7.327698326038830645e-01 7.594684484946013781e-01 7.767890163160207084e-01 7.487163631834793387e-01 6.925317755726432267e-01 7.127308693422567121e-01 7.287620702620973834e-01 7.403046451864868649e-01 7.300998274587002790e-01 7.656819195633112196e-01 7.707890028754793565e-01 7.349921742880879405e-01 7.698764872735402998e-01 7.839577131924081455e-01 7.830059754707264785e-01 7.875389417971673245e-01 7.733133865127308493e-01 7.820194824300564784e-01 7.695775916517132442e-01 7.667974452321580925e-01 7.717778478913726037e-01 7.568653593372388633e-01 7.815250344843217567e-01 7.533488516425227433e-01 7.720165606863269581e-01 7.725874790902470535e-01 7.749991251020688088e-01 7.687426713587917071e-01 7.690691112006899921e-01 7.768458271746908617e-01 7.725843187225557296e-01 7.753604991467579755e-01 7.892460778271153110e-01 7.718397520539548307e-01 7.813038935084359871e-01 7.786687971635577465e-01 7.728879437091675797e-01 7.681642040126602788e-01 7.749395486763941410e-01 7.821333576238626017e-01 7.840489314390497455e-01 7.858406274575123751e-01 7.797405627618334556e-01 7.824618784172084895e-01 7.713783891488307232e-01 7.601441981182047725e-01 7.817776208616969980e-01 7.740262061187697107e-01 7.707506273393414098e-01 7.711256019978717235e-01 7.805373372125089526e-01 7.813741201925668012e-01 7.757816619053720109e-01 7.748947771968738296e-01 7.868815630398644512e-01 7.709318644804878939e-01 7.810634798752904562e-01 7.744897080768093911e-01 7.614877716926625739e-01 7.799424374674971405e-01 7.744785237524889343e-01 7.766607093435367037e-01 7.607325950710972506e-01 7.766952689107319285e-01 7.751691982652784141e-01 7.742994577507583687e-01 7.691781929976672094e-01 7.708473583274970675e-01 7.838014153292410802e-01 7.883990172259995877e-01 7.832162793539508838e-01 7.828480258420906779e-01 7.885317048933727646e-01 7.844174908404298874e-01 7.797685630831560077e-01 7.854738910931570173e-01 7.844104874886966838e-01 7.851770824250429159e-01 7.801821598839188132e-01 7.726519905676416666e-01 7.788971319116445580e-01 7.804633167272596594e-01 7.780746886771207071e-01 7.767756476976337421e-01 7.791038352431324254e-01 7.865727073536312730e-01 7.767194926849317893e-01 7.727017723912636971e-01
1.783579629949296474e-01 1.807561888610690615e-01 3.683012816830806835e-01 5.895542378656142279e-01 4.505497273355438259e-01 4.601368293002151555e-01 6.982691024583004280e-01 7.097480387917256550e-01 1.000000000000000000e+00 7.492037639963725626e-01 7.929734442944452733e-01 8.361017912880114311e-01 7.560855681311596799e-01 6.875702045499048065e-01 8.195968180022983329e-01 8.325034203560237600e-01 8.080097593472846951e-01 6.400079220934038471e-01 7.052873637202423662e-01 6.046850812319214397e-01 7.415436610417255325e-01 7.777256236120940747e-01 7.877169884001266054e-01 6.723523656702287132e-01 7.120975834326402909e-01 8.247825713702575667e-01 8.090821331886222101e-01 7.710192064394479905e-01 7.722076768031954641e-01 8.391818644481887635e-01 8.534897101193280600e-01 8.126801854744449827e-01 7.465997982790478771e-01 7.556958004527749573e-01 7.957871966114511419e-01 8.070826760094685914e-01 8.043096963766558360e-01 8.153680426652512025e-01 8.340110882120586044e-01 7.985914989318761981e-01 8.463949608821785819e-01 8.345929913753630247e-01 8.255507980545746527e-01 8.540225406339793102e-01 8.460793404688835562e-01 8.351934176902058304e-01 8.585532093794849828e-01 8.677143557252449124e-01 8.633251506142363141e-01 8.229703686586132827e-01 8.541921137524783880e-01 8.302469675585003595e-01 8.651666733501506279e-01 8.778639239573795550e-01 8.690315499856108294e-01 8.676320860261448331e-01 8.822121036058632182e-01 8.577093843299793408e-01 8.670684468081647500e-01 8.823932038101137687e-01 8.694974135349594624e-01 8.778133035099087156e-01 8.709582255568344422e-01 8.832478281968820788e-01 8.841173837639079158e-01 8.878689938318909958e-01 8.703106291467300748e-01 8.572067427240321891e-01 8.537806763393576137e-01 8.575531681945391949e-01 8.519745107949582286e-01 8.596918491346899893e-01 8.331230699332419221e-01 8.244169300328656469e-01 8.600632290759451237e-01 8.571190046468448731e-01 8.326838947935248925e-01 8.465117069928043136e-01 8.460904578686804234e-01 8.674493485880154786e-01 8.556398630103728697e-01 8.613906009978012923e-01 8.702914198726885431e-01 8.429723167419419516e-01 8.397222826911630023e-01 8.405350395642402495e-01 8.450138939925239123e-01 8.451111448942055793e-01 8.498438329914118627e-01 8.583836148390037168e-01 8.306658097426264931e-01 8.524659479553869934e-01 8.564927307331882123e-01 8.496131760538222499e-01 8.604739553334709301e-01 8.623961034362732647e-01 8.419027331207734610e-01 8.658696639554682717e-01 8.500242271041732467e-01 8.499171749951158761e-01 8.553730591269743666e-01 8.612672357274099300e-01 8.617904336127182319e-01 8.601528291696021178e-01 8.607092486817137234e-01 8.702211580978961303e-01 8.679952355549820364e-01 8.629061542583320588e-01 8.627288863008338859e-01 8.656503621373949908e-01 8.576756041394206775e-01 8.698900103092684910e-01 8.670549595715949520e-01 8.716972922926946588e-01 8.782886828438949411e-01 8.777358956861015526e-01
5.485134249512869931e-02 1.709830866599825749e-01 3.336551032669695105e-01 5.241474168482042062e-01 3.872190345515608145e-01 4.435705653117536507e-01 6.658126110958213495e-01 6.517322155429026154e-01 7.492037639963725626e-01 1.000000000000000000e+00 7.519275415543071883e-01 7.855356392608816574e-01 7.056727292445594824e-01 6.583496272573532426e-01 7.838735922130869449e-01 7.783743941333151062e-01 7.266625729397084843e-01 6.486991306847733618e-01 6.783782493063532648e-01 5.793532551081237436e-01 6.900094403961182232e-01 7.128402396466752000e-01 7.429987782858313849e-01 6.575207569654238915e-01 6.765119806024778581e-01 7.778845692221454389e-01 7.698402849436790651e-01 7.533219855234841722e-01 7.425565331673610325e-01 7.958352820286695994e-01 8.156182734800337952e-01 7.788635474069912634e-01 7.329401294513687715e-01 7.313551738935181179e-01 7.615523642309104391e-01 7.374684797283049820e-01 7.787946647432973934e-01 7.871139937812217102e-01 7.989965890856129960e-01 7.764140726187359620e-01 8.056832832747555795e-01 8.007300389107786520e-01 7.672648136602352453e-01 8.022130880288276256e-01 8.024950438789281160e-01 7.982589935881221344e-01 8.159684023335883607e-01 8.273046863538495721e-01 8.170503926131178485e-01 7.650851672381464574e-01 7.993285137311926247e-01 7.442663076224916852e-01 7.963107896294199239e-01 8.263505680310094803e-01 8.134840695928177157e-01 8.192789025028918148e-01 8.047994590895465317e-01 8.182739828896977707e-01 8.183901799189703397e-01 8.225461181804881727e-01 8.114136267882331444e-01 8.202515558898866299e-01 8.063040506783563099e-01 8.166288976684012990e-01 8.070621273523077566e-01 8.201457561033053123e-01 8.207885963930300344e-01 8.167638824282181798e-01 8.154657670436412653e-01 8.107540920963225428e-01 8.101647425460850593e-01 8.173703262859430829e-01 7.995304855614946415e-01 7.919327830141250635e-01 8.146673036708219628e-01 8.163828066733257449e-01 8.012806666284824075e-01 8.116177978721681452e-01 8.114965127338803486e-01 8.214486615735349107e-01 8.167534735310999494e-01 8.216267801795492653e-01 8.212056058499451749e-01 8.102630436598379227e-01 8.026647600871439359e-01 8.058015949003443090e-01 8.115242553618882138e-01 8.073903476387220834e-01 8.136472115342479050e-01 8.145778560077228114e-01 8.017102970822101993e-01 8.125768252506634370e-01 8.151247492877449208e-01 8.132998335706955739e-01 8.175956984433991881e-01 8.197634886854435754e-01 7.899763711829211887e-01 7.934252854140443345e-01 7.995583662145550052e-01 8.055974663699716487e-01 8.059512695384757341e-01 8.057246095963583876e-01 8.082808762299973360e-01 8.119606547489057746e-01 8.058418071433700591e-01 8.109982545465045378e-01 8.180822183882640042e-01 8.191926384184879950e-01 8.164685865983415392e-01 8.195313549098938166e-01 8.130920763874965873e-01 8.211033342857708694e-01 8.179720573642298431e-01 8.153632262183158064e-01 8.184225112611592801e-01 8.210926376193502518e-01
2.327875786267979974e-02 1.403908800888556685e-01 3.876379246045982829e-01 5.871125735016479164e-01 4.475010499681960630e-01 4.922736092070698066e-01 7.330883437193328467e-01 7.098106958962162594e-01 7.929734442944452733e-01 7.519275415543071883e-01 1.000000000000000000e+00 8.670715004653940516e-01 7.790659028086101001e-01 7.092962716724794392e-01 8.579047781951245621e-01 8.515186264221179524e-01 7.861122950579051416e-01 7.092281858182108989e-01 7.607416124688685111e-01 6.479732161269078361e-01 7.704845658779535533e-01 7.955074500557369754e-01 8.040751962664171026e-01 7.405242166852861185e-01 7.707406511909825619e-01 8.474232166056486770e-01 8.497675415786997144e-01 8.410799917746902832e-01 8.137072639674503005e-01 8.683810433279162133e-01 8.961072056876854264e-01 8.516003912378817819e-01 8.203331569419717306e-01 8.192400196316457217e-01 8.403128981723116953e-01 8.284487732370797719e-01 8.643716780974962655e-01 8.634087356852248041e-01 8.851127887722872734e-01 8.654070595915048791e-01 8.864800752663080097e-01 8.844831712302593241e-01 8.582936614479905746e-01 8.894888126224537173e-01 8.860711630144993967e-01 8.815572219476476290e-01 8.915350428993399357e-01 8.942879207430720623e-01 8.862272466717205921e-01 8.495258429167581449e-01 8.813529709430294456e-01 8.402076385888899157e-01 8.781674452396482922e-01 8.854754845285027764e-01 8.768081452906514306e-01 8.844844982047112003e-01 8.661773637436337436e-01 8.854918212788422949e-01 8.836031897599965212e-01 8.874806152621307342e-01 8.907073796493952811e-01 8.834946797715574895e-01 8.810505450240094794e-01 8.857329011852662637e-01 8.725222146179272276e-01 8.822588309392926931e-01 8.935823601794994353e-01 8.935197402345699258e-01 8.911705830657702387e-01 8.871481429461689494e-01 8.925968211845178857e-01 8.951731041249438858e-01 8.774564039412673377e-01 8.801670212646250935e-01 8.944497929987166307e-01 8.933137989241385357e-01 8.874079921636932600e-01 8.868039043407964783e-01 8.921356207967684471e-01 8.951716900842759950e-01 8.940157832877762001e-01 8.954932557564510009e-01 8.974010106276700816e-01 8.926956713171808611e-01 8.863902415163967818e-01 8.903675725729915946e-01 8.895992951682887284e-01 8.936887987929096333e-01 8.959373030765904744e-01 8.960837203391648353e-01 8.906599061598392542e-01 8.957514171727121166e-01 8.958683888336471668e-01 8.952110566986665185e-01 8.938662273393948032e-01 8.950657006929708670e-01 8.785320184486813400e-01 8.705874272972212724e-01 8.848838866334386433e-01 8.916682468394777628e-01 8.921724543376331473e-01 8.856817852023088911e-01 8.882941915898789897e-01 8.948193792653545975e-01 8.889599784768293933e-01 8.869701398199827391e-01 8.936641906058903073e-01 8.935303363842655999e-01 8.936866608838096582e-01 8.946405892883738664e-01 8.924573685254275635e-01 8.943535693162520950e-01 8.928138444068213220e-01 8.923981950083338388e-01 8.886072670681359753e-01 8.897188551402028800e-01
5.716666509760478382e-02 1.671955756418745664e-01 3.975548931180964973e-01 6.269700632085910552e-01 4.818987024302219258e-01 5.040915568713582040e-01 7.727560819660761471e-01 7.760357900339143189e-01 8.361017912880114311e-01 7.855356392608816574e-01 8.670715004653940516e-01 1.000000000000000000e+00 8.155247329905099818e-01 7.528983212415030213e-01 9.064438011762971925e-01 9.090387903468191144e-01 8.232272535377733735e-01 7.395423646356857894e-01 7.969639600628868337e-01 6.872251742077275516e-01 8.202188858558315809e-01 8.454171957632120593e-01 8.469913475683047421e-01 7.708707817335934687e-01 8.128331197311438050e-01 9.016921089793308308e-01 8.915316361728707895e-01 8.819239913549635768e-01 8.562636381214291381e-01 9.061093544991211113e-01 9.308603977246328043e-01 8.975355826914679369e-01 8.480783221594403454e-01 8.503845534708793785e-01 8.730193684639876439e-01 8.743360565419242558e-01 8.855689158151501816e-01 9.152691491359403742e-01 9.243731545414966000e-01 9.039499317328676398e-01 9.319437789387122750e-01 9.311661568044636850e-01 9.151321805631829065e-01 9.371193131069488480e-01 9.278397530066238019e-01 9.266921327842331246e-01 9.329729639995573143e-01 9.362596378949069598e-01 9.344270155683772616e-01 9.063390665150606873e-01 9.359028765816579387e-01 8.990394193754194241e-01 9.275261963863117298e-01 9.315142919795241783e-01 9.290741259329603485e-01 9.315585350494575145e-01 9.219543698507705054e-01 9.354540016534232949e-01 9.356695514375061862e-01 9.337899657503300199e-01 9.414376575742627873e-01 9.316132430094474781e-01 9.357551533124272014e-01 9.353316407027267854e-01 9.187656223308615644e-01 9.287750785650896734e-01 9.345104830748754976e-01 9.367921228678985912e-01 9.327976298661952992e-01 9.331296913707419760e-01 9.371902265780862606e-01 9.379354177969860817e-01 9.190538501700279417e-01 9.192163571046532144e-01 9.387997014693826303e-01 9.339081419987783628e-01 9.256161556050718220e-01 9.284313704624088670e-01 9.335034235032262373e-01 9.381790475671991647e-01 9.330759424756273068e-01 9.363835433978684453e-01 9.383410547041676208e-01 9.265709732740999849e-01 9.292133757570484320e-01 9.296965265895013042e-01 9.276780019469713645e-01 9.357864988623521008e-01 9.356004885830546680e-01 9.375902710715270372e-01 9.256859606696732357e-01 9.376123349217019287e-01 9.372230497308837727e-01 9.370799211468604506e-01 9.345511642793338236e-01 9.357727303130028984e-01 9.256025262413755117e-01 9.249255904195130551e-01 9.312897946318914322e-01 9.360046273408632045e-01 9.383751680618295232e-01 9.333654197179303003e-01 9.343308412928432727e-01 9.400212044562492597e-01 9.346071140976299763e-01 9.322729217814128555e-01 9.379651993412406741e-01 9.343422260597212814e-01 9.371868221455902370e-01 9.390474310371437205e-01 9.361240789397118345e-01 9.369340507026657772e-01 9.369907553898499941e-01 9.376732710913455726e-01 9.315839968929034987e-01 9.330306917718024229e-01
4.998889548966334306e-02 1.409950168230812428e-01 3.425250738598876188e-01 5.539404582200021521e-01 4.529859232148678028e-01 4.553730046400983889e-01 7.008467807704021890e-01 6.919271494083322205e-01 7.560855681311596799e-01 7.056727292445594824e-01 7.790659028086101001e-01 8.155247329905099818e-01 1.000000000000000000e+00 6.791283565473043016e-01 8.255035597070622400e-01 8.238128275142648782e-01 7.437974049489489703e-01 6.648127549344750031e-01 6.910208293616211250e-01 6.252460502389153296e-01 7.223674464092765257e-01 7.378925120101943458e-01 7.776721208208183800e-01 6.917757530480072026e-01 7.184132300108488911e-01 8.247312896499598978e-01 8.040138637145993750e-01 7.771314522068090147e-01 7.605420957745127053e-01 8.167250489606925345e-01 8.459581527198229978e-01 7.991696369180522064e-01 7.450471989739726464e-01 7.539045760520282080e-01 7.787358998355394801e-01 7.852621766329982433e-01 8.034556244312117679e-01 8.163766627725915770e-01 8.301502612877554865e-01 7.971317173708691861e-01 8.449517881833310540e-01 8.421590000544795229e-01 8.283516613519832372e-01 8.443628511643480605e-01 8.412059479821998309e-01 8.357955036215189981e-01 8.483129929099275657e-01 8.521655892831850876e-01 8.439322941213482920e-01 8.058871254075735679e-01 8.343238510048457401e-01 8.076118370782401357e-01 8.468270524340889560e-01 8.465561331803463929e-01 8.444443464612305661e-01 8.391949070819541001e-01 8.257489619000104586e-01 8.485094988413030004e-01 8.400239065457110188e-01 8.492892922475543394e-01 8.555383804167728812e-01 8.434386510899901657e-01 8.431520766699732716e-01 8.431696228510723312e-01 8.384024713176924104e-01 8.387142610108156981e-01 8.558914701994498886e-01 8.513689975813419908e-01 8.519563986879813422e-01 8.464967932200468947e-01 8.453734086133072312e-01 8.483351315149844085e-01 8.382109358362973550e-01 8.346113968625128443e-01 8.579878321987715051e-01 8.502351129243848060e-01 8.385527729512298745e-01 8.384826920633773328e-01 8.495247602991945479e-01 8.562579906364684579e-01 8.492871140757286552e-01 8.557727573514575248e-01 8.548895639495105447e-01 8.392098010912552031e-01 8.426468844687591275e-01 8.413003255650755019e-01 8.431420551745528735e-01 8.478034498500557348e-01 8.503471357733837221e-01 8.525287505286446299e-01 8.358654754950022303e-01 8.540937645778564624e-01 8.534661318697235322e-01 8.530542881552215517e-01 8.549715864388104380e-01 8.557396397444811953e-01 8.483532035982063180e-01 8.483121070289120214e-01 8.538935796457769456e-01 8.513530068703569764e-01 8.573113317392324628e-01 8.559034535996241644e-01 8.570286461068193917e-01 8.588318971357459253e-01 8.539912154391040566e-01 8.511905306147765637e-01 8.588357587896601197e-01 8.567093127761420401e-01 8.589160902669020770e-01 8.569533345246448386e-01 8.552017341518992621e-01 8.569910851466540080e-01 8.566315705438992678e-01 8.581336033833699695e-01 8.516698067158454677e-01 8.525032545176751686e-01
