1.000000000000000000e+00 1.391411963147409780e-01 5.464774823512868335e-02 1.919984926607214148e-02 6.797587398328489884e-03 1.011501688111394667e-02 1.505664102027296815e-02 7.063743181783036472e-03 1.248827177604871913e-01 5.948988472703615332e-02 4.554287141258167235e-03 2.148292983462697647e-02 8.974350626533870653e-03 -1.936661734739131627e-02 7.053519864694855930e-03 2.668721863658565091e-02 8.312638485207229921e-02 6.107812227474775785e-02 6.871441064243780095e-02 3.419130610115272972e-02 4.993215060330616351e-02 3.865500705751114680e-02 7.470833205216365069e-02 4.854230634719192139e-02 5.308586226669477492e-02 1.124283046611135317e-02 5.406100503822027642e-02 1.366084843359939224e-02 6.306254634324005848e-02 6.657756022722272071e-02 4.916450246299450266e-02 3.374457666817361895e-02 1.965370770726286229e-02 1.470820652485879329e-02 4.400995926099387362e-02 2.743613842255683555e-02 4.126359116590665177e-02 -1.746786594784680013e-02 6.279685859181943601e-03 -4.961058101330752951e-02 7.412108281830700855e-03 -2.102309182260812467e-02 -2.136345143807919650e-02 -1.206644418107808998e-03 1.463413500901276053e-02 -2.526563058670291181e-03 1.229027728669945503e-03 1.959247256562534484e-02 9.843820563493033138e-03 -2.598624230663128948e-02 -2.093025916972888339e-02 5.961708112241915873e-03 4.388844267367033279e-03 5.279204879295446018e-02 2.365348973124217075e-02 4.530010158635506753e-03 5.238220492571206421e-02 1.597679395080710187e-03 2.872257476093179334e-04 5.721980464895458363e-02 2.487047752522365644e-03 4.976968071446665615e-02 1.872026412191699074e-02 3.249169656991495597e-02 5.310967898213841965e-02 6.328395072806286548e-02 2.366487552447154794e-02 2.060285578345404794e-02 2.710168865040325781e-02 4.456471574070638292e-03 1.574056076173966159e-02 2.412555911775014425e-02 2.081253818018251323e-02 2.189590894741348659e-02 9.828910527687455961e-03 1.569120803467427896e-02 1.017935273738140682e-02 3.412296895202175662e-02 3.761070578102682516e-03 2.984524001047101499e-02 3.243139733149397880e-02 2.455425403515923075e-02 1.381881499985562062e-02 3.008762566386969164e-02 -1.330116309626127105e-02 1.107912639859518194e-03 1.798670430819988494e-02 -6.360917391004436081e-03 2.221691590103329079e-03 1.199820484754897214e-02 -8.163897851263252417e-03 -1.023381117876287147e-02 -2.103912045845449010e-04 -6.025518453389513973e-03 4.018860351474644495e-03 7.190161247136512244e-03 -3.490860158966305193e-02 8.641746590031824243e-03 -1.712545945009221696e-03 -1.127459988921266157e-02 -2.009607968475712533e-02 -4.181051700971679004e-03 3.047290863132429053e-03 -9.468224296415675770e-03 8.043250179623156679e-03 2.091792058174495733e-02 1.038105230105765796e-02 1.369809974926445260e-02 3.757273172086145457e-03 5.615417106321001633e-03 -3.547354774730225677e-03 1.899530390072354594e-02 1.717935534295405436e-02 1.562994589882648472e-02 2.950886714756923573e-02 3.621996203503068806e-02
1.391411963147409780e-01 1.000000000000000000e+00 5.000618167494100264e-02 4.377235812632221390e-02 4.055311263835600921e-02 8.315966663675143644e-02 1.018966119499120776e-01 9.508123512417526735e-02 1.755217722136452330e-01 1.979851342253697022e-01 1.435399947768040696e-01 1.013020713007686952e-01 1.184143446769007485e-01 9.133124964446984184e-02 1.262072887840964275e-01 1.269021142503135302e-01 1.690649389222581012e-01 2.082096197031307327e-01 2.002088600184727674e-01 9.262487685156337025e-02 1.611484430999883533e-01 1.694275047883188612e-01 2.401744824095579101e-01 2.002957387676951029e-01 2.039672576055521769e-01 1.831222217851354861e-01 1.941459019337057057e-01 1.872377764993706506e-01 2.153385825965524192e-01 2.420733966927535175e-01 2.132200998558463623e-01 1.757980492058107413e-01 1.731080776591643056e-01 1.496246856438784023e-01 2.017363566659808038e-01 1.496614102611573682e-01 1.945623356432827078e-01 1.217617899823457001e-01 1.565042913984010520e-01 1.163258383033367871e-01 1.593000338313955710e-01 1.291088850880805772e-01 9.887632477851389379e-02 1.327986684515582161e-01 1.661322200239101765e-01 1.380607934338933807e-01 1.391384934092593229e-01 1.609766347676237497e-01 1.408809345421361270e-01 8.907295137105986083e-02 1.177491276863787406e-01 1.051231253934333670e-01 9.777180432627104179e-02 1.787312387736090247e-01 1.610427223504487526e-01 1.613021340588169650e-01 1.372629978494490643e-01 1.316512550177478535e-01 1.381529657536242350e-01 1.622332931952536472e-01 1.240353000260080996e-01 1.535891142575616097e-01 1.290508791550949164e-01 1.347948759354726522e-01 1.619387181149356814e-01 1.603422279121587135e-01 1.563441082769327917e-01 1.652663597192794986e-01 1.758021695746000701e-01 1.420044949726521621e-01 1.610216729309170147e-01 1.675935902859845561e-01 1.735638120295830145e-01 1.745332226787086050e-01 1.615277394826413471e-01 1.690639998875512195e-01 1.714485294810610960e-01 1.911906117785356629e-01 1.588906981146677444e-01 1.910650064740021803e-01 1.831831473337401928e-01 1.788478057737024340e-01 1.469864179202643450e-01 1.726200087820525253e-01 1.290189743262365740e-01 1.473034158281319173e-01 1.666023153260875744e-01 1.406923249462750936e-01 1.551842269643073369e-01 1.480383330194612879e-01 1.499084940096100660e-01 1.392667934041752764e-01 1.438630812038392548e-01 1.492883485566526836e-01 1.441836874512072431e-01 1.496002624756840316e-01 9.266638499610857505e-02 1.136940201982658410e-01 1.273036505252409800e-01 1.255287953975521842e-01 1.173454396606937872e-01 1.178482548226760518e-01 1.184732251088985444e-01 1.241566110977410514e-01 1.316720973759988866e-01 1.291217948901385859e-01 1.376953613886089667e-01 1.581049028271254431e-01 1.486144283832645796e-01 1.389072919506469383e-01 1.315354900877259148e-01 1.417635126225685049e-01 1.382187494912773262e-01 1.301023304853679285e-01 1.545815709531645765e-01 1.502850239024662304e-01
5.464774823512868335e-02 5.000618167494100264e-02 1.000000000000000000e+00 1.748473241583775872e-01 1.311630431497207983e-01 1.239861904383972313e-01 2.267393861382731302e-01 1.990434209389578546e-01 2.429131388360353805e-01 2.164859969645536175e-01 2.507299263607313256e-01 2.456034176035148398e-01 2.147119572288214706e-01 2.365661901083537244e-01 2.640506636870292856e-01 2.601801899208533442e-01 2.365499553859828075e-01 2.695192049196226125e-01 2.794085188816819443e-01 2.259268302327831490e-01 2.743837958007703803e-01 2.795203537979318864e-01 2.553456700231606091e-01 2.773369177246470252e-01 2.741044592926947798e-01 2.753406405154376069e-01 2.693958225014387309e-01 2.697876166438326062e-01 2.709612587722584620e-01 2.540248428029362460e-01 2.704674336043722538e-01 2.688927415369776752e-01 2.541595556859602145e-01 2.657619228069089679e-01 2.493362458600223708e-01 2.642400652230455504e-01 2.687288715522236915e-01 2.646742130345481336e-01 2.685538756994191867e-01 2.445147743563014231e-01 2.773792661705392626e-01 2.724670562740247326e-01 2.633450652401904124e-01 2.815285649823300873e-01 2.713500204933683713e-01 2.791006784766477122e-01 2.597986010943041379e-01 2.702720153829617500e-01 2.585614897739992313e-01 2.628241511813094733e-01 2.672504443391046647e-01 2.523808316316835110e-01 2.564097875609820387e-01 2.686981612932124452e-01 2.696588277509327503e-01 2.668406376565312654e-01 2.475899117752180523e-01 2.679388736220795209e-01 2.623738828216083396e-01 2.656103458042082255e-01 2.624418642812593183e-01 2.582135306938601604e-01 2.556926318673593546e-01 2.511263020994837225e-01 2.658311415039159020e-01 2.592418867590316478e-01 2.670005791847956389e-01 2.758946636607206848e-01 2.717804085495833522e-01 2.708877291929088771e-01 2.816828853510078279e-01 2.791125106367192132e-01 2.752331546235259330e-01 2.823861539626396633e-01 2.698820944147549139e-01 2.691558335538012381e-01 2.634669111680273401e-01 2.795428309791403443e-01 2.734462408361952312e-01 2.696212455399845109e-01 2.762401690496832929e-01 2.726608897009001331e-01 2.663814183095489230e-01 2.724250243402253635e-01 2.640326788178929962e-01 2.681266690682171383e-01 2.743134903066605235e-01 2.684515857306275510e-01 2.707996205090780206e-01 2.702712294401565796e-01 2.712188473846433578e-01 2.691913640325765411e-01 2.739192503717406968e-01 2.734912768338181310e-01 2.642352757312322331e-01 2.631467185644502660e-01 2.522667945341049434e-01 2.551230793848471290e-01 2.602496658402646545e-01 2.630288724696772107e-01 2.651720803091252576e-01 2.604470069465814608e-01 2.589196671843752018e-01 2.647065710912415160e-01 2.658102681134120182e-01 2.564340110071703371e-01 2.621433678971747949e-01 2.627294336113200623e-01 2.699453384635643882e-01 2.610538611545005216e-01 2.626425104142316447e-01 2.638754084952032453e-01 2.598859009290416244e-01 2.594649500628575800e-01 2.681691536464856918e-01 2.615866385293939000e-01
1.919984926607214148e-02 4.377235812632221390e-02 1.748473241583775872e-01 1.000000000000000000e+00 2.629686190256996792e-01 2.589520966796238777e-01 4.074065428383477627e-01 4.202547533851355710e-01 4.220189680983105207e-01 3.473681672704733159e-01 4.305980603697038833e-01 5.232887362621422289e-01 4.455377099784787465e-01 4.069306625869598681e-01 4.846900152218885927e-01 4.980160845283699844e-01 4.481948141765284555e-01 3.962482889873261693e-01 3.811933848089514854e-01 4.370783700708771868e-01 4.585576019448044383e-01 4.271589063068492731e-01 4.036199670325662514e-01 4.035204010952981868e-01 4.099972602580604919e-01 4.397725294626316783e-01 4.025844344718409462e-01 4.209714424157894319e-01 3.795153124335001182e-01 3.920245638491154372e-01 4.431263381334156204e-01 4.756016766486024228e-01 4.318517640036771410e-01 4.919506840345536647e-01 4.406062370570427711e-01 4.899199860012734553e-01 4.457276892261051726e-01 4.849722420414641078e-01 4.841705790039654289e-01 4.656545907278555330e-01 4.727701765741205153e-01 4.837671653206564448e-01 5.209202182743367660e-01 5.088332212736781379e-01 4.827083383845083286e-01 4.861585131647631064e-01 4.831633882637589861e-01 4.727270706884278417e-01 4.966843828610953970e-01 5.306956932835587004e-01 5.039488667633600372e-01 5.264289756610927018e-01 5.055398242878336168e-01 4.757221372611961652e-01 4.722528754076207869e-01 4.768722977165221200e-01 5.061071538510044654e-01 4.814069551616286247e-01 4.845218285658424162e-01 4.926837961311169578e-01 5.052379321053933614e-01 4.907703614419450244e-01 5.068846826290593910e-01 5.122645656890076893e-01 4.892317137710748276e-01 5.030401036935974179e-01 4.755497844295979992e-01 4.661371078442278493e-01 4.769002150998837841e-01 4.969288611732672889e-01 4.817242570427450188e-01 4.728729021304454716e-01 4.660878806809881647e-01 4.604268032887859907e-01 4.739496252518610175e-01 4.627915448137474019e-01 4.608677189817638742e-01 4.489627144542937542e-01 4.621985144575783133e-01 4.585876771767404270e-01 4.699333864521941240e-01 4.717504321102455322e-01 4.958417576414790862e-01 4.645270166210134222e-01 4.943296982481523716e-01 4.922370923686493760e-01 4.814746130038203842e-01 4.859512356887935591e-01 4.842658916354691812e-01 4.920794134305359613e-01 4.735340536454856197e-01 4.802928040370590956e-01 4.860279800922506221e-01 4.877698859193487779e-01 4.814983167627557292e-01 4.807010985234873579e-01 5.108684030905484841e-01 5.273824689293421519e-01 4.990871514158162769e-01 4.975560451747315649e-01 5.018854370056238245e-01 5.099776034985413764e-01 5.062103723693893720e-01 5.026817960796945428e-01 5.109556218071474865e-01 5.073603031532417651e-01 5.008630031730328946e-01 4.772209222981596555e-01 4.829957339757123824e-01 4.905474377868622171e-01 4.893503302533007138e-01 4.926837733002674136e-01 4.957990909159931681e-01 5.090708109572263940e-01 4.962990564794012571e-01 5.012731003117306683e-01
6.797587398328489884e-03 4.055311263835600921e-02 1.311630431497207983e-01 2.629686190256996792e-01 1.000000000000000000e+00 2.006853058116604971e-01 3.349962238381958834e-01 3.756997314294893142e-01 3.472970508745384377e-01 3.292437218874790239e-01 3.504752638127044406e-01 3.981324538957967674e-01 4.013060440872067702e-01 3.749978734612962605e-01 4.148848942010485152e-01 4.137064080218012529e-01 3.685287260882657012e-01 3.559069126748177214e-01 3.538634806437341296e-01 3.420849427636391549e-01 3.668296152318200609e-01 3.764198938357150581e-01 3.454917934177889616e-01 3.503042590063878414e-01 3.641871035453974059e-01 4.015802864826942820e-01 3.692355745859472460e-01 3.797439946102469377e-01 3.249319799516985352e-01 3.441915080387647485e-01 3.836312094901964120e-01 4.097538542559859831e-01 3.820778205746243050e-01 4.080012539076918188e-01 3.831541671640413260e-01 4.019299023362350454e-01 3.855802049166724421e-01 4.133407136623154510e-01 4.287627763168589956e-01 4.024505636799950992e-01 4.152391813798052000e-01 4.273758158792193562e-01 4.379816004500766691e-01 4.327468498048461232e-01 4.068419393287279195e-01 4.220995426134183659e-01 4.272113153775711769e-01 4.226189151609363037e-01 4.236467604211589522e-01 4.312248669451875793e-01 4.244146473748021120e-01 4.228539336829942874e-01 4.170109899319979774e-01 4.151717044227029030e-01 4.157194102859002593e-01 4.136686960875064489e-01 4.037967702108129497e-01 4.277597845189490267e-01 4.161475837228437724e-01 4.223417346429939601e-01 4.205208353171323021e-01 4.049602121498553364e-01 4.150292631466679372e-01 4.179252702710269385e-01 4.232061774624543138e-01 4.080301577649840805e-01 4.247686293916298483e-01 4.186373711626946159e-01 4.181492495922977670e-01 4.261979596281589289e-01 4.232559815535142378e-01 4.198122177530061450e-01 4.133197562645984369e-01 4.153145731799366414e-01 4.239281452160659769e-01 4.164167759883994346e-01 4.158230218384605381e-01 4.037812218883410353e-01 4.149263967751048998e-01 4.123335562520413777e-01 4.162503401451860263e-01 4.111939725263302203e-01 4.235963730851061149e-01 4.233070600748546908e-01 4.310875552269075595e-01 4.296432074779973354e-01 4.184627418119583053e-01 4.296695458445532467e-01 4.252674734469306661e-01 4.268245908518180087e-01 4.184208660147271663e-01 4.274454059193668054e-01 4.208814972661277243e-01 4.269642909501962236e-01 4.286244713115716087e-01 4.245495419136023907e-01 4.406705717636072439e-01 4.362884294806650409e-01 4.315253309714248697e-01 4.359743673010773035e-01 4.391687080885388061e-01 4.361706549549539402e-01 4.338846517037288075e-01 4.369861106202828638e-01 4.329339704790872712e-01 4.285426079576580838e-01 4.297559681606487603e-01 4.252502041774400832e-01 4.258899328948318463e-01 4.298907978192638146e-01 4.249589334230760573e-01 4.296082940879102918e-01 4.203865618857060005e-01 4.359372241791416580e-01 4.247819902515410084e-01 4.245558276905236905e-01
1.011501688111394667e-02 8.315966663675143644e-02 1.239861904383972313e-01 2.589520966796238777e-01 2.006853058116604971e-01 1.000000000000000000e+00 4.276871146904134280e-01 3.429248404015865503e-01 3.839167750689232439e-01 3.831675317530807146e-01 3.920173233753354580e-01 4.446670468311846869e-01 3.968304379980609475e-01 3.951013160328925022e-01 4.562226774948546226e-01 4.586042698279516050e-01 4.027524829824865038e-01 4.009507455333608528e-01 3.996404297202048039e-01 4.096848682924992269e-01 4.057627876425394797e-01 4.308017626790883181e-01 4.077763611853150727e-01 4.123293994931482298e-01 4.106348171467222308e-01 4.630229501009359150e-01 4.323755271335210648e-01 4.480150544895549203e-01 4.152452282599204958e-01 4.292692149228156118e-01 4.578421086716380484e-01 4.673553164499184009e-01 4.495122654152003960e-01 4.519045685677243185e-01 4.406434126286377650e-01 4.569742890797641177e-01 4.470932338906374870e-01 4.594719691229956493e-01 4.771101043082728865e-01 4.646041546623828067e-01 4.810729425049614649e-01 4.792908994493266239e-01 4.780363833435422594e-01 4.774487776688242646e-01 4.783043105817815221e-01 4.760361439628668090e-01 4.793988911117784690e-01 4.784999469994449250e-01 4.731617272804532481e-01 4.649642218361476620e-01 4.769618453486620391e-01 4.665873962727262736e-01 4.560586018921886642e-01 4.689682090944440884e-01 4.671823085576998213e-01 4.728920370861398603e-01 4.530394807683248426e-01 4.763878329515834897e-01 4.716696856367603718e-01 4.625855989229298304e-01 4.806451820588746870e-01 4.624184772956891343e-01 4.697202449307236183e-01 4.684565924059024278e-01 4.670309080794984857e-01 4.599988127175477226e-01 4.781647061584167191e-01 4.742647897220636510e-01 4.759519094418661056e-01 4.807106595676045036e-01 4.757607771057116852e-01 4.762877654745460987e-01 4.749494810958112545e-01 4.708732966393198716e-01 4.788686138075506360e-01 4.755929791602243606e-01 4.783131739264566140e-01 4.672890912341101655e-01 4.767782845011854786e-01 4.749999078192728152e-01 4.736161283190669091e-01 4.765772210119216812e-01 4.788687098487507954e-01 4.808763089569834670e-01 4.814567174903270907e-01 4.808657858000122687e-01 4.795952424076086462e-01 4.829663588424318865e-01 4.823005102848768599e-01 4.836289499867317820e-01 4.848117262678296457e-01 4.827873029250266956e-01 4.811123209138009060e-01 4.848078065609159326e-01 4.798152304913906874e-01 4.805160391584627488e-01 4.806106770433191122e-01 4.731658671077581535e-01 4.812490026227664863e-01 4.848224299922722080e-01 4.858307002493743587e-01 4.810349041620078370e-01 4.803001580195857545e-01 4.825913276568919441e-01 4.823920906365909977e-01 4.732649859617259480e-01 4.797148511039046048e-01 4.800245285326327216e-01 4.819160222175714048e-01 4.790933359721714635e-01 4.829393308930782780e-01 4.777949955330663134e-01 4.766931292414430255e-01 4.751873745797247639e-01 4.750968931061400058e-01 4.722617974106372296e-01
1.505664102027296815e-02 1.018966119499120776e-01 2.267393861382731302e-01 4.074065428383477627e-01 3.349962238381958834e-01 4.276871146904134280e-01 1.000000000000000000e+00 5.983125876610509986e-01 6.382099051117694488e-01 6.013344041656463190e-01 6.270912096093689270e-01 7.012044564861787954e-01 6.455098016315399256e-01 6.197695397699474196e-01 7.616491355642301952e-01 7.342266415034804927e-01 6.695660651992690893e-01 6.739194160729787830e-01 6.683309436854292240e-01 6.706850237477878229e-01 6.810513328000474820e-01 7.085906198766839248e-01 6.689769486998210501e-01 6.847421741521106942e-01 6.818277282038822662e-01 7.359074761821444710e-01 6.851867690467475791e-01 7.226958946890925661e-01 6.580339259241927419e-01 6.713601167987313101e-01 7.350047826135588380e-01 7.627735359077716382e-01 7.178201318294619160e-01 7.498021893954494033e-01 6.966859907281860442e-01 7.306919871929548060e-01 7.214293903527653207e-01 7.617835537793932188e-01 7.606781309163687110e-01 7.470579245441969496e-01 7.545537106836792685e-01 7.664057395120051908e-01 7.637824948380946832e-01 7.680398406929290767e-01 7.559816259183141929e-01 7.642164072597139590e-01 7.550773893189758335e-01 7.586095559331575977e-01 7.583725890786106039e-01 7.625217599262310575e-01 7.714792350804724475e-01 7.435183754596015326e-01 7.262607351826738666e-01 7.484438790413810993e-01 7.539145119851190513e-01 7.644230532260495314e-01 7.330410284921720088e-01 7.575604227369689969e-01 7.597989285905299983e-01 7.424404091070724299e-01 7.617945757258229866e-01 7.380039145203161066e-01 7.516032144731997766e-01 7.455467331973336664e-01 7.440504006051977814e-01 7.296576175319259283e-01 7.577786809944626611e-01 7.568068821700144611e-01 7.656925151692614007e-01 7.689837621033455139e-01 7.627589110306901565e-01 7.582687036052565555e-01 7.602473712729567179e-01 7.548986919503155590e-01 7.591174286877954147e-01 7.555392379307673822e-01 7.575354785691554849e-01 7.460134778597038441e-01 7.615769400667706801e-01 7.467307892588007645e-01 7.529340302622221648e-01 7.568429218779499923e-01 7.722226621023569049e-01 7.570167171954264029e-01 7.732949906285615516e-01 7.717338712749016727e-01 7.588590779627172322e-01 7.723215926344884075e-01 7.670594053053628736e-01 7.669981969177116499e-01 7.649119216846335112e-01 7.652084324709725882e-01 7.662554682711154586e-01 7.682426542267123404e-01 7.594601316460803941e-01 7.608803218244135635e-01 7.607025908490612220e-01 7.576705011161666281e-01 7.627532568914149325e-01 7.718971223191773978e-01 7.679334507357892248e-01 7.651565842277031626e-01 7.586845830492874310e-01 7.670083466458837984e-01 7.648652397843920259e-01 7.527993944238579038e-01 7.624750620585223349e-01 7.588189290354047101e-01 7.641765805825975200e-01 7.593943173895688625e-01 7.632874820153587869e-01 7.596817566971612035e-01 7.568405746341564377e-01 7.620547587524040267e-01 7.604421360878562686e-01 7.503737551551586948e-01
7.063743181783036472e-03 9.508123512417526735e-02 1.990434209389578546e-01 4.202547533851355710e-01 3.756997314294893142e-01 3.429248404015865503e-01 5.983125876610509986e-01 1.000000000000000000e+00 6.114910179889962993e-01 5.437354716021272072e-01 5.944402713102902025e-01 6.745651272299318935e-01 6.283556520937036982e-01 5.962335787227580619e-01 6.996235325155348850e-01 6.933921353835272861e-01 6.297176013728973398e-01 6.175266572033741852e-01 6.302481960312701359e-01 5.892747885081001114e-01 6.488885162023282360e-01 6.647475698624581986e-01 6.167130886710606719e-01 6.263275094994976699e-01 6.381227189035397762e-01 6.797732155653650743e-01 6.486589934185318373e-01 6.611257046825184114e-01 6.019477583542393040e-01 6.172513361591213110e-01 6.732562369381785983e-01 7.002163567368969721e-01 6.777004106640174275e-01 7.029061561835150407e-01 6.578595278299597116e-01 6.943222052340595196e-01 6.701444245305068215e-01 7.026689115099571392e-01 7.173772711633781274e-01 6.904041248789750673e-01 7.072487235234193870e-01 7.152180195635928772e-01 7.198813913789711139e-01 7.257730355450394688e-01 7.077621977066835823e-01 7.163415009193487837e-01 7.086097604356880186e-01 7.057786038690454511e-01 7.015722926283620708e-01 7.121071072212813435e-01 7.182233653828881126e-01 6.959952443330074123e-01 6.853408169755349499e-01 6.976475926309613218e-01 6.952570067091372596e-01 7.043907043465560402e-01 6.737502494873670589e-01 7.089269242053410913e-01 6.992471384713805360e-01 6.924226257479656477e-01 7.062179894934145219e-01 6.826365313341019592e-01 6.915330663951362311e-01 6.959432135294884025e-01 7.063497801180522728e-01 6.858286770024253354e-01 7.101327738561356018e-01 7.103354125070483471e-01 7.087999370649274988e-01 7.159315081364483468e-01 7.178049617460876552e-01 7.122750081105234665e-01 7.057007914449083819e-01 7.098897994428648994e-01 7.115710336496404720e-01 7.042050825173024053e-01 7.051077787278059450e-01 6.958199784123875187e-01 7.045295240376496793e-01 6.981506508913973841e-01 7.028391009274146395e-01 7.041718584569350847e-01 7.199237337322709207e-01 7.123875206899097368e-01 7.220701451611292176e-01 7.210760369616837639e-01 7.136786694291529232e-01 7.233025958209868822e-01 7.206823764438992086e-01 7.134689892478492945e-01 7.116177340766227655e-01 7.168833447722382513e-01 7.166916786390682415e-01 7.189340375828073837e-01 7.133998111094047578e-01 7.135606352931549434e-01 7.198827359855632935e-01 7.182140689967565494e-01 7.178424479737726127e-01 7.261535620386342371e-01 7.290657490361472925e-01 7.222359647951117623e-01 7.137156314683299474e-01 7.226269630932276034e-01 7.221713408331865702e-01 7.089576029365869392e-01 7.177061201351955244e-01 7.116629164558833098e-01 7.140365666561303559e-01 7.153867771854877100e-01 7.141736073611343327e-01 7.139044089291858297e-01 7.096230364860339757e-01 7.219378739287856117e-01 7.154213431967230141e-01 7.053265640024747318e-01
1.248827177604871913e-01 1.755217722136452330e-01 2.429131388360353805e-01 4.220189680983105207e-01 3.472970508745384377e-01 3.839167750689232439e-01 6.382099051117694488e-01 6.114910179889962993e-01 1.000000000000000000e+00 6.718255390395604376e-01 6.930527105361045104e-01 7.540147457531902742e-01 6.959305924654943798e-01 6.626391594236514804e-01 7.873785345872195141e-01 7.705299969515793101e-01 7.668310582561546074e-01 7.315107898699427791e-01 7.355741866972050902e-01 6.777485908059989184e-01 7.214178356049087970e-01 7.537802026705798797e-01 7.495465143459447699e-01 7.233315467719253489e-01 7.391296939316815973e-01 7.860584277912048279e-01 7.503524399164349656e-01 7.680888368030238667e-01 7.116243252237878236e-01 7.421091160600112868e-01 7.975643816225158611e-01 8.138501399452753304e-01 7.630577107437683804e-01 7.690577294792244611e-01 7.740558666933468057e-01 7.681226790386637138e-01 7.850306546209887548e-01 7.785475646911741432e-01 7.955255846267846875e-01 7.613417514817536480e-01 8.032164307919215096e-01 7.961822416317086981e-01 7.809040571283293319e-01 8.052568517755162025e-01 8.168007275293905911e-01 7.986791927139126335e-01 8.180130597957113725e-01 8.256091849162738860e-01 8.205007027429112032e-01 7.646503934320582063e-01 7.949327762034398281e-01 7.874967896483314744e-01 7.956787842576159564e-01 8.404752582724491772e-01 8.254055229561895191e-01 8.172765148671403690e-01 8.243808241949196480e-01 8.150179478229833130e-01 8.141078289828239667e-01 8.407857369747921972e-01 8.166814400327748746e-01 8.336829414185433773e-01 8.126597558578754210e-01 8.237609114291047918e-01 8.431086937456946373e-01 8.378745771336351122e-01 8.243501005686592054e-01 8.216568960206634964e-01 8.260451425845806162e-01 8.168513767238816392e-01 8.179567645411375265e-01 8.263513036604129836e-01 8.199390408804494434e-01 8.130543419717005671e-01 8.208080568213226291e-01 8.160393663456011470e-01 8.119084695566972654e-01 8.124790665980621274e-01 8.087907785731246468e-01 8.146902553093026134e-01 8.201431801361573903e-01 8.197082742795468446e-01 8.252320894264144613e-01 8.160047211446456172e-01 7.994570874928431659e-01 8.129584590991952853e-01 8.220876332036505252e-01 8.085007028509189064e-01 8.155654641342053868e-01 8.188374214137978946e-01 8.112662351118087312e-01 8.107000519536968763e-01 8.199939114405645491e-01 8.129072611772981682e-01 8.182669547490463158e-01 8.228946665556740037e-01 7.789558188692942142e-01 8.117372278704855226e-01 8.134220028120068280e-01 8.026794912515978764e-01 7.972671603779557525e-01 8.105034677163995838e-01 8.156198076749441306e-01 8.089388788635483163e-01 8.222474106677949424e-01 8.254726058868060434e-01 8.221461524367419393e-01 8.249594412527686549e-01 8.190368286939330167e-01 8.216525658341767846e-01 8.157639532883274036e-01 8.271536399619789925e-01 8.261822213913694313e-01 8.237321204475370751e-01 8.370251678839560894e-01 8.355484192536840604e-01
5.948988472703615332e-02 1.979851342253697022e-01 2.164859969645536175e-01 3.473681672704733159e-01 3.292437218874790239e-01 3.831675317530807146e-01 6.013344041656463190e-01 5.437354716021272072e-01 6.718255390395604376e-01 1.000000000000000000e+00 6.240346884297387486e-01 6.785018700342204667e-01 6.213189115987739486e-01 6.394317834393047351e-01 7.361408399747854103e-01 7.043997935876539218e-01 6.701993908319462401e-01 6.712382693884851870e-01 6.739304328946518208e-01 5.998228235012744713e-01 6.436743618569891190e-01 6.931847801227564165e-01 6.978316612763766358e-01 6.548858626388146531e-01 6.702749150321262173e-01 7.485325478581735803e-01 7.244243935211377439e-01 7.450092275946023079e-01 6.947361852012743366e-01 7.161100301471748919e-01 7.634155680021141865e-01 7.520570226117764268e-01 7.237581898641070044e-01 7.120709619527000322e-01 7.292047473502014654e-01 7.020804146575757576e-01 7.359632652449816792e-01 7.306184009971026239e-01 7.543704078595037110e-01 7.215843667374747250e-01 7.626671680723259295e-01 7.492090009600743672e-01 7.160669256896603496e-01 7.480326072933582982e-01 7.604276210197161712e-01 7.535137721577058745e-01 7.675494427362912209e-01 7.772191537344702583e-01 7.599528627751719334e-01 7.093295598272238989e-01 7.426411652450507495e-01 6.999188004285894493e-01 7.167023691805828323e-01 7.799122368800236460e-01 7.685441250030250471e-01 7.686763149052548982e-01 7.340548639087813854e-01 7.605489008213548452e-01 7.601284412664015555e-01 7.620213975445391252e-01 7.536146075988736648e-01 7.562256363329150632e-01 7.420757548657560543e-01 7.504275532670888760e-01 7.651493247896032912e-01 7.522241859157758892e-01 7.759801207442602600e-01 7.748288308743048747e-01 7.769755828187259183e-01 7.587581926356374851e-01 7.657054806966993032e-01 7.764077115484316893e-01 7.680878881609777276e-01 7.639421019754762954e-01 7.761032856505740707e-01 7.792822465441968660e-01 7.776307682445168235e-01 7.776749375500892070e-01 7.710838464354380362e-01 7.787929014655470272e-01 7.760724759103772019e-01 7.809903268547473409e-01 7.659944361740920193e-01 7.771440876150190746e-01 7.614135837935975815e-01 7.653527616076859497e-01 7.754707563100212697e-01 7.673734354669036195e-01 7.741087851840607881e-01 7.672026338992363748e-01 7.715251150860431562e-01 7.706515007906767911e-01 7.710929287994663373e-01 7.703022275974401589e-01 7.722661604984983885e-01 7.746507485057245734e-01 7.344289263777262766e-01 7.456197877516103079e-01 7.642145561429233291e-01 7.600349678352191773e-01 7.523776091058327342e-01 7.559234566066554972e-01 7.540246948987943121e-01 7.601956499067267226e-01 7.609373609941306738e-01 7.581763617830132862e-01 7.681455769212841567e-01 7.776010005935973801e-01 7.729241840736604807e-01 7.682382559095741748e-01 7.645775997005114233e-01 7.710621630418817984e-01 7.658283291824444783e-01 7.620343158645083159e-01 7.712321524493886971e-01 7.674171929139189663e-01
4.554287141258167235e-03 1.435399947768040696e-01 2.507299263607313256e-01 4.305980603697038833e-01 3.504752638127044406e-01 3.920173233753354580e-01 6.270912096093689270e-01 5.944402713102902025e-01 6.930527105361045104e-01 6.240346884297387486e-01 1.000000000000000000e+00 7.419237408387122645e-01 6.659474118092396644e-01 6.633347702302627713e-01 7.661245827315360524e-01 7.456801786386040298e-01 6.992212065745458949e-01 7.031266770236836994e-01 7.121408746230175613e-01 6.416508915066987395e-01 7.110163981374658659e-01 7.364560549874105133e-01 7.100261557091862574e-01 6.972144210656592289e-01 7.129838809185022885e-01 7.755438176786456639e-01 7.455242188164761252e-01 7.651665130363451972e-01 7.076200006247489460e-01 7.327995408306849923e-01 7.857296980047492330e-01 7.826676461709449750e-01 7.502196882852762982e-01 7.568621326421938189e-01 7.543195193186342795e-01 7.444980428591884136e-01 7.667576666345761183e-01 7.655614727803519148e-01 7.846540652270345140e-01 7.564667886703347888e-01 7.912968289268305089e-01 7.886272985549616088e-01 7.703120424087427365e-01 7.933678200251311763e-01 7.958359053086987434e-01 7.951618305582353052e-01 7.995636733049903411e-01 8.023202665304279835e-01 7.923545520903348960e-01 7.638549181592503290e-01 7.821929499923196971e-01 7.560758609862212598e-01 7.650415885479219247e-01 7.956829766141441107e-01 7.943507729577595766e-01 7.994822961783718540e-01 7.656120367735956833e-01 7.995720163065187513e-01 7.911216149912678741e-01 7.906145041640703086e-01 7.901964659173915662e-01 7.847454778352601634e-01 7.823688572155487186e-01 7.814236904019792318e-01 7.921606732947400475e-01 7.774730696959570864e-01 7.996812145203071598e-01 8.031578210669421125e-01 8.038810736675157109e-01 8.007260618298456256e-01 8.069843579314394111e-01 8.072998639530988285e-01 7.975020038269513556e-01 7.989106815326096900e-01 8.060746620182507316e-01 8.030934568033152310e-01 7.997256489937245583e-01 8.014172351506727576e-01 7.998049963095781312e-01 8.046877005551157369e-01 8.044623699794842819e-01 8.087269364033643493e-01 8.003591235226793499e-01 8.052144100858488196e-01 7.961514315635871419e-01 8.041178741599300794e-01 8.063672763773280794e-01 8.006656473631904580e-01 8.051700797005559851e-01 8.012957026545804995e-01 8.013591437783005311e-01 8.017527213087710658e-01 8.056061309215790667e-01 8.054130001394987914e-01 8.035646302925700812e-01 8.045433251459254143e-01 7.824011916924574761e-01 7.872547482878995417e-01 7.993680049788091102e-01 7.977112341707740528e-01 7.960305541302353793e-01 7.966054139682144930e-01 7.905129604721203851e-01 7.998785918920049420e-01 7.999365979640934432e-01 7.915331585698504036e-01 8.015193495141266222e-01 8.044228224563588769e-01 8.051460271573250838e-01 8.040371662848576628e-01 7.998820020057350044e-01 8.009254924949337218e-01 7.962535653859873497e-01 7.954911539776139406e-01 8.031466088288635730e-01 7.962996068951377904e-01
2.148292983462697647e-02 1.013020713007686952e-01 2.456034176035148398e-01 5.232887362621422289e-01 3.981324538957967674e-01 4.446670468311846869e-01 7.012044564861787954e-01 6.745651272299318935e-01 7.540147457531902742e-01 6.785018700342204667e-01 7.419237408387122645e-01 1.000000000000000000e+00 7.556016801058987875e-01 7.434054801385637790e-01 8.620376432066566563e-01 8.439191671839838538e-01 7.858105659702782075e-01 7.323731046194880134e-01 7.376014959674485061e-01 7.416591282293013565e-01 7.522320307297066799e-01 7.772499148949473247e-01 7.513479853742872638e-01 7.256731907920722646e-01 7.436154992705376054e-01 8.321934172069007651e-01 7.830890878314132886e-01 8.070452343723977240e-01 7.207597141021158116e-01 7.404482554451585763e-01 8.271113432089522988e-01 8.624786024169704968e-01 7.996702566910617316e-01 8.348832187880536049e-01 7.966091472576996013e-01 8.216075221762324521e-01 8.091501599863822891e-01 8.698839392334126730e-01 8.601139226715833752e-01 8.521245757048012681e-01 8.724409444975983474e-01 8.754332954982123605e-01 8.783251344077780409e-01 8.946800502716564241e-01 8.772971276833041454e-01 8.764262983215110880e-01 8.956431610497773699e-01 8.896481645203530020e-01 9.043571038679288909e-01 8.866790292075498181e-01 8.920666715304139682e-01 8.846617716294477018e-01 8.899019545183154412e-01 8.886036503952980947e-01 8.909796016730404666e-01 8.841933259235408293e-01 8.981707355624725109e-01 8.970196674773500689e-01 9.018533839130984386e-01 8.973988826675523001e-01 9.062217740747673389e-01 8.979586298313229076e-01 9.038030827318876970e-01 9.060587256058512118e-01 8.924141116666447493e-01 8.999518001223834052e-01 8.906779858041908859e-01 8.786322573890864573e-01 8.852331044057053511e-01 8.930918069058749742e-01 8.809186045522120478e-01 8.831490731962930996e-01 8.722257756579027133e-01 8.592441391115958060e-01 8.864937477262816445e-01 8.762442334682390976e-01 8.742440316991921812e-01 8.550145263690674957e-01 8.717493973291121634e-01 8.613781438986862771e-01 8.697810533127474653e-01 8.779816636025683518e-01 8.929558902829229927e-01 8.693044921851723617e-01 8.866392836161860469e-01 8.884310674932657248e-01 8.808812471337963412e-01 8.907086406207603835e-01 8.855355291373316895e-01 8.956436668478986451e-01 8.830608132187410808e-01 8.925800915500369248e-01 8.934883098845984861e-01 8.916207090188519313e-01 8.969670546285468671e-01 8.963453327147314909e-01 8.880824335045529594e-01 9.074912803344878931e-01 9.023307867649132952e-01 8.951057581525376783e-01 8.901888474354657799e-01 9.022727124149728661e-01 9.054276304974931966e-01 9.010805709063371971e-01 9.057932279675180443e-01 9.039876419380329375e-01 9.045615020323297673e-01 8.917170319011274993e-01 8.955486798297399575e-01 9.005505264481978855e-01 9.006517051641774740e-01 9.030033805763437726e-01 9.039212504934002190e-01 9.044205050653766342e-01 9.017300580352911599e-01 9.048343279594294186e-01
8.974350626533870653e-03 1.184143446769007485e-01 2.147119572288214706e-01 4.455377099784787465e-01 4.013060440872067702e-01 3.968304379980609475e-01 6.455098016315399256e-01 6.283556520937036982e-01 6.959305924654943798e-01 6.213189115987739486e-01 6.659474118092396644e-01 7.556016801058987875e-01 1.000000000000000000e+00 6.785484774258048191e-01 7.823997792984735966e-01 7.767008204702088303e-01 6.989350091349761929e-01 6.895742675925854437e-01 7.013333268967379963e-01 6.453216169644665490e-01 6.998039163972662458e-01 7.335164169144889890e-01 7.008771598350364007e-01 6.909836816649509439e-01 7.096832909712547099e-01 7.737928782759441182e-01 7.289661264796846174e-01 7.448274466895770107e-01 6.733210757477117170e-01 7.010311688218401338e-01 7.649107246564387230e-01 7.849614295401660113e-01 7.487741670306757857e-01 7.722960019134208487e-01 7.505658587840159379e-01 7.610797479088100559e-01 7.553578014874717805e-01 7.843971811693819518e-01 7.973740741032078194e-01 7.707835877277412484e-01 7.960912496574487074e-01 7.988997169671426812e-01 7.934923966893634439e-01 8.118745628940866599e-01 7.999382460483965840e-01 7.969679114067801384e-01 8.146321766498640926e-01 8.139052412244360823e-01 8.090383634558906412e-01 7.940374335814105455e-01 8.067662146659395628e-01 7.876384516514132184e-01 7.889552330845563954e-01 8.043314497803228935e-01 8.025298771077955529e-01 8.032329987921793535e-01 7.851349633190674027e-01 8.073818246841119040e-01 8.050938588173954802e-01 8.099176449706448899e-01 8.085353720037508074e-01 7.985615480636949481e-01 7.960092428676823761e-01 8.041595257390133922e-01 8.112785296832625281e-01 7.972387768327720003e-01 8.161664838149381707e-01 8.142915146429399176e-01 8.128099911344042194e-01 8.124942161433745813e-01 8.126846829964572416e-01 8.144930220589537972e-01 8.058009103906028647e-01 8.021127239634565642e-01 8.159768313458702904e-01 8.083195784378554016e-01 8.057187939759613560e-01 7.907593819477984898e-01 8.009684102901423186e-01 7.960777741047775358e-01 8.041774285623360941e-01 8.058029708229313970e-01 8.148765383008207408e-01 8.052175714083029678e-01 8.136758803222997605e-01 8.184506260814314871e-01 8.138701177027798384e-01 8.185858284364475601e-01 8.179163468257607539e-01 8.135203567440625338e-01 8.078363717595432592e-01 8.162771477819675825e-01 8.149629423946264106e-01 8.142938773384281737e-01 8.187304601144077543e-01 8.182864974154756554e-01 8.056794992256290922e-01 8.135730172571978835e-01 8.177875938102496800e-01 8.187005471942486734e-01 8.158165293839025889e-01 8.166237572995583838e-01 8.153079585882402336e-01 8.196979886328332743e-01 8.217271059553319379e-01 8.138872875048372979e-01 8.199056283492683894e-01 8.170984992243799372e-01 8.171279070328414385e-01 8.193721369300721591e-01 8.159403023105765707e-01 8.199390653654625716e-01 8.141181856916204218e-01 8.208794476708706211e-01 8.170750750511653893e-01 8.156630238332669425e-01
