1.000000000000000000e+00 9.034079901676815572e-02 9.545670207250775419e-02 1.760092722749443950e-01 7.022026624054987509e-02 -1.046157832106049332e-02 4.579549521560692671e-02 9.086923926418453978e-02 1.058417310115792598e-01 3.873908249130129239e-02 3.722096286413021510e-02 5.728749219921923375e-02 2.916355636882667773e-02 -1.706618651057347988e-02 1.690908497642442179e-02 4.125919503503093499e-02 1.006532573009077114e-01 5.921855894844572921e-02 3.760449850977485436e-02 8.214516328620638519e-02 8.583166237115921748e-02 5.788280000309555667e-02 1.702579717560695136e-02 7.993774266363171468e-03 2.754289651151236099e-02 8.145767859799442345e-02 5.456975887068624825e-02 4.196281891741600323e-02 5.891446869888412180e-02 2.482246037202979691e-02 3.041692324442184236e-02 1.262292328858048013e-02 1.427062129111490545e-02 -1.289936413488791504e-02 1.212897416934699893e-02 2.917284823836241783e-02 -1.145641085014115733e-02 -2.545873706858961267e-03 5.538521294293108355e-03 -1.988221113506331850e-02 1.335571563509127015e-02 9.928154220263557192e-03 -7.332062962225485356e-03 1.946441536851835699e-02 2.513220169704089013e-02 1.146105993693323846e-02 1.061225960237396383e-02 1.313675720872873286e-02 2.809445329507916089e-02 1.753801622779710412e-02 6.869805761886456363e-03 2.314755381257659408e-02 3.026578513274419749e-02 4.310207082560893466e-02 2.553930697915640299e-02 -6.962212143888404405e-03 6.316161867095029803e-02 2.211853726727174702e-02 1.795664090147044631e-02 4.393154540616874687e-02 2.126536765663958675e-02 3.885529881169533933e-02 1.675426623900267559e-02 5.883233013320900151e-02 5.313634430628162708e-02 5.435281521121144988e-02 1.893312998495611660e-02 1.649331153162241978e-02 1.493691942270872208e-02 3.284656212043259027e-02 1.294407233554927851e-02 1.400839552421013351e-02 4.299695406776550891e-03 5.944489154678636068e-03 2.669936398190561957e-02 1.801100163447495392e-02 1.399454982644650174e-02 2.116376526895312124e-02 1.355024470606760491e-02 1.436707300326825476e-02 2.012494725144299557e-02 1.602039164445036301e-02 2.267361655738730011e-02 7.064522743081115899e-03 -1.007929534093883125e-03 1.932954624223605063e-04 -4.329000903205650411e-03 1.049988093473817191e-02 4.110936948595936974e-03 1.376867454154404209e-02 -4.569401849436419485e-03 8.092157097653214504e-03 5.242989121273314290e-03 4.819053452927941038e-03 8.881192976959398355e-03 1.455631093156205431e-02 2.570272704390250823e-02 5.438733764950574867e-02 2.082330109506629057e-02 1.175709510344085003e-02 8.042156370844093238e-03 2.579928181593882028e-02 1.941239770891920249e-02 1.844167246618066969e-02 2.989282616870143211e-02 5.509355642683971127e-02 4.262674599994779184e-02 1.187576730659206832e-02 1.780968775883907951e-02 2.899205668651900006e-02 2.235976420161031250e-02 2.178791921329917280e-02 2.875110538019656423e-02 3.336898463190841185e-02 3.697964396674419812e-02 4.309684649717408084e-02
9.034079901676815572e-02 1.000000000000000000e+00 7.258769989785630872e-02 1.427412069775609860e-01 3.908116256656742754e-02 1.159039360756811271e-01 1.473373134544901097e-01 1.442444034680067932e-01 1.621949056516607535e-01 1.605863267185175802e-01 1.220483971795622014e-01 1.548431280813068467e-01 1.419833795783409236e-01 1.308792534577851163e-01 1.543316125847842279e-01 1.583422530140296269e-01 1.555178758361706881e-01 1.413404909850209112e-01 1.525807624613242652e-01 1.235558709354824813e-01 1.390362518946735015e-01 1.526803050436437159e-01 1.363231793281151349e-01 1.355851309050826181e-01 1.403874178152993979e-01 1.509719820156608383e-01 1.621245577133669236e-01 1.445877099055340453e-01 1.484310941360373615e-01 1.627752807727318729e-01 1.680359047263365602e-01 1.651530227545082719e-01 1.476941978999197491e-01 1.462975287200274366e-01 1.605386481354382222e-01 1.389805295893931647e-01 1.534010317758972564e-01 1.635510489067871220e-01 1.647127583101181403e-01 1.372785768588111188e-01 1.598123376222606862e-01 1.665912678669407565e-01 1.533382298400989552e-01 1.702376056171108765e-01 1.581880684412374505e-01 1.673755307596661024e-01 1.635773673004898843e-01 1.769168781694962778e-01 1.709855404308980587e-01 1.420489324455578573e-01 1.574402399313614420e-01 1.343276800183590136e-01 1.629495311671525504e-01 1.792212242798069677e-01 1.748068487168119578e-01 1.569584217596671494e-01 1.723677672119001136e-01 1.661232524254912246e-01 1.808438060789668844e-01 1.772343186302360596e-01 1.612745753568219087e-01 1.775458857049050099e-01 1.698611024510039147e-01 1.631015279843199550e-01 1.679278794978444900e-01 1.718946574948795325e-01 1.687724396664559146e-01 1.663692330963348065e-01 1.661757905874444441e-01 1.624136856200305012e-01 1.660424662517407390e-01 1.732084811058106633e-01 1.593788472655504607e-01 1.674932918253757286e-01 1.660705107916181367e-01 1.672694396126193084e-01 1.639719689877123243e-01 1.621997253567740993e-01 1.724711566629822390e-01 1.683869347916357728e-01 1.626192954925706202e-01 1.650657910142963314e-01 1.692842358889896370e-01 1.669701708502795423e-01 1.589800812405116337e-01 1.633041541827443821e-01 1.611526485669455833e-01 1.666743067238104503e-01 1.661837894574605123e-01 1.681491038503563629e-01 1.616666472721500214e-01 1.646467758266515202e-01 1.634515977107401374e-01 1.657168344900268042e-01 1.687882323246871485e-01 1.737571169086015166e-01 1.613154335424406838e-01 1.640602886873992194e-01 1.626468387722774522e-01 1.629172597161069047e-01 1.607511790575742172e-01 1.692046748440946824e-01 1.650287434251031249e-01 1.667109440424740241e-01 1.599214422673910785e-01 1.762108268268884337e-01 1.748915128820927867e-01 1.728076875160721171e-01 1.707277981153708102e-01 1.716991554700961764e-01 1.716383390818191079e-01 1.702355087753441854e-01 1.723337543463866472e-01 1.661902158241485572e-01 1.693223768779041072e-01 1.724977103859835492e-01
9.545670207250775419e-02 7.258769989785630872e-02 1.000000000000000000e+00 3.413363133601451382e-01 1.966170724249587387e-01 2.361961502689684800e-01 3.368438838429309579e-01 3.484946556058831080e-01 3.360729284025464891e-01 3.215463485655506992e-01 3.602628168659407493e-01 3.842315683158994410e-01 3.461531733014340251e-01 2.229927273177688962e-01 3.693243834081070820e-01 3.665683763099255588e-01 3.522268645412108823e-01 3.188357573910299836e-01 3.737529358273860569e-01 3.195774394496940785e-01 3.632405080448125045e-01 3.895591642276103328e-01 3.732730717628985895e-01 3.260562241611139611e-01 3.714885310582479172e-01 3.965832241820314019e-01 3.840221230341831493e-01 3.840165120903356599e-01 3.342519089781502695e-01 3.767207608448256972e-01 3.883110171288365331e-01 3.810444041687672256e-01 3.756766569502460462e-01 3.562807699438323983e-01 3.719065164874131857e-01 3.760853831030576133e-01 3.738056530143526457e-01 3.708403308503693263e-01 3.763511724840000183e-01 3.759037514328787966e-01 3.720287845779324809e-01 3.786054428890349710e-01 3.699127629884430557e-01 3.749646736591281670e-01 3.796532246462414606e-01 3.756403064091362043e-01 3.712225845824058124e-01 3.641005680925825105e-01 3.671100587268660287e-01 3.726166630314347028e-01 3.699253380274083458e-01 3.817298723079098899e-01 3.672471275967334470e-01 3.656576741552630128e-01 3.741126043989530525e-01 3.771510444022006525e-01 3.705328506379128028e-01 3.715612655497825823e-01 3.656071352429259291e-01 3.697459747031646704e-01 3.783900038648056463e-01 3.694800921900345259e-01 3.671601998977124803e-01 3.692275945482677013e-01 3.690608449205082242e-01 3.729386461131076747e-01 3.733678888528196294e-01 3.800624913541535976e-01 3.771280091850680583e-01 3.768972249249600281e-01 3.771399173370136304e-01 3.745375543593935097e-01 3.635628957805412953e-01 3.729526955130303967e-01 3.822398233394646017e-01 3.761219548612045882e-01 3.707892453131495514e-01 3.576214123577530768e-01 3.621330941767339495e-01 3.689316230151626352e-01 3.815919881801275171e-01 3.721750821591122693e-01 3.762541849750039025e-01 3.705134415141220217e-01 3.763890004991284344e-01 3.672456885479541966e-01 3.753198352872665344e-01 3.751544674680910019e-01 3.688912539882779340e-01 3.790768825599684089e-01 3.773141662982376632e-01 3.787446389176607475e-01 3.702547291271297003e-01 3.693136491664026355e-01 3.655834534106237599e-01 3.655313916445354083e-01 3.769718415062244254e-01 3.774349323945999091e-01 3.745170951207054677e-01 3.711885650078036170e-01 3.764111463745482000e-01 3.777110016247439139e-01 3.702875862258940831e-01 3.726835022391915553e-01 3.792065967010130323e-01 3.745517977231789253e-01 3.736132563200098566e-01 3.662924437988178683e-01 3.756519772845223204e-01 3.700642281259460820e-01 3.720039894144774317e-01 3.685868233298550956e-01 3.723567435059382813e-01 3.717895942401701626e-01 3.730467608867560902e-01 3.688780682309148462e-01
1.760092722749443950e-01 1.427412069775609860e-01 3.413363133601451382e-01 1.000000000000000000e+00 3.680687357435918905e-01 3.913212869372629799e-01 5.914659510306328194e-01 5.723514360400155931e-01 5.438667952452983512e-01 4.884792142535961945e-01 5.718663203981672050e-01 6.470575721416476078e-01 5.464868629279919787e-01 4.099765793776058431e-01 6.081972524771538380e-01 6.079608001718502797e-01 5.720032875919190962e-01 5.826918464142495369e-01 6.176657877367047744e-01 5.636183190439060242e-01 6.361531056379357008e-01 6.486815977524643673e-01 6.273238660727363802e-01 5.717308891478132260e-01 6.357823723791873327e-01 6.549731154983496895e-01 6.329340457922527641e-01 6.465872557329144232e-01 6.181725807278193319e-01 6.311568862156208271e-01 6.311360584898253467e-01 6.223398998546775251e-01 6.209960341666467265e-01 5.913020312254798627e-01 6.015425132508913642e-01 6.258512191293623683e-01 6.044316041055397548e-01 6.154782842327563008e-01 6.256158254639263561e-01 6.158289578264242170e-01 6.231140839218263228e-01 6.307038928884732831e-01 6.253673343512798910e-01 6.263552891611625650e-01 6.397744411207993975e-01 6.314929725469138333e-01 5.994317929559432878e-01 5.989616472120147250e-01 6.075445168889095360e-01 6.208973105401071058e-01 6.160469781773628695e-01 6.273805045278284531e-01 6.076963767041997366e-01 6.085328664239640917e-01 6.156574942059527267e-01 6.211214659196229171e-01 6.255940288862587018e-01 6.097421275043192201e-01 6.093217408306081939e-01 6.167164459925804643e-01 6.188854087635495826e-01 6.127375986407203046e-01 6.107377914352900561e-01 6.177937319819294393e-01 6.145352246254525141e-01 6.223379876118028120e-01 6.128486652719634664e-01 6.188090498540130824e-01 6.220086804453018869e-01 6.261141493185120588e-01 6.216062853178491165e-01 6.143739567173290839e-01 6.025558177250454062e-01 6.212511432672962464e-01 6.277887548745159085e-01 6.182023220953470899e-01 6.259793476597407258e-01 6.161108639219331495e-01 6.192464484154192039e-01 6.071400838823188817e-01 6.175705132095321570e-01 6.091213960398855765e-01 6.309700410349143862e-01 6.104926077679513341e-01 6.197907356079196406e-01 6.052547004083668192e-01 6.110040029397633132e-01 6.198305020101255725e-01 6.116485199303397513e-01 6.226521894969105908e-01 6.244517213433770086e-01 6.185809042011246595e-01 6.144763457935824569e-01 6.138273450582087953e-01 5.989071422174910841e-01 6.022866728061974095e-01 6.259442719146411926e-01 6.286107629361759042e-01 6.148434714333960160e-01 6.119514232100770057e-01 6.189007321592007171e-01 6.179889614628264471e-01 6.130413670684228267e-01 6.156081610078887323e-01 6.271270039444089006e-01 6.259170179530750833e-01 6.179571467693210085e-01 6.019676707181431663e-01 6.151719724764513897e-01 6.125303010988565333e-01 6.167458273483058528e-01 6.051973976612344819e-01 6.115968107542847365e-01 6.149744697624017764e-01 6.158611126621660325e-01 6.166713666685216255e-01
7.022026624054987509e-02 3.908116256656742754e-02 1.966170724249587387e-01 3.680687357435918905e-01 1.000000000000000000e+00 2.934201111569641474e-01 4.655905946443243404e-01 4.677369658220713045e-01 4.327901482271087064e-01 4.004098108187125749e-01 4.711693533995098271e-01 5.024346244894246638e-01 4.804664385206046662e-01 3.727780062285853124e-01 5.000598432153574580e-01 4.962421268065942970e-01 4.384462379501076201e-01 4.544092859385754912e-01 4.800650369538544959e-01 4.247862484621085510e-01 4.767496457986628022e-01 5.016508635190916054e-01 4.716453727903133220e-01 4.520284409499158995e-01 4.812025649946684025e-01 5.019010907896823692e-01 4.828245421784549962e-01 4.652312936385472053e-01 4.559444340540906859e-01 5.103392848372093615e-01 5.053402093678626139e-01 4.992975829919426012e-01 4.663524874957828970e-01 4.781420178058828907e-01 4.782204031483651141e-01 5.013938069865861991e-01 4.785567402587294628e-01 4.997478140779630928e-01 5.060742768314275830e-01 4.706977201939809285e-01 5.004814651546680704e-01 5.009867057524033385e-01 4.992508161283669699e-01 5.151517257468457567e-01 5.001371556832941989e-01 5.078660392610230279e-01 5.084477981332470309e-01 5.014357509399901547e-01 5.037387503528262256e-01 4.937870292182091059e-01 5.000456946448914586e-01 4.941344531747362545e-01 5.068129364215163690e-01 5.017570240332748233e-01 5.001862540715613648e-01 5.002133406542951244e-01 4.990569737319600629e-01 5.016520511900564028e-01 4.979712996376177148e-01 5.126374406456376542e-01 5.151855326072789509e-01 5.091295013885727139e-01 4.998933671786656152e-01 5.055168224759288842e-01 5.030840073901536869e-01 5.070245452098022243e-01 5.124614303163912421e-01 5.100008971317523399e-01 5.072993367078931781e-01 5.113371403689100925e-01 5.168486604634270343e-01 5.086515617485393159e-01 5.034083415157200037e-01 5.102389779684354254e-01 5.132342053419242101e-01 5.074012732040493745e-01 4.970189667249513277e-01 5.012411935869218738e-01 5.088204614220129818e-01 5.089442776475360253e-01 5.092717297457289849e-01 5.107939166986208424e-01 5.084318721493366056e-01 5.038611338112422011e-01 5.040232265006028278e-01 5.066179424155571320e-01 5.062103388149098437e-01 5.116709274627251336e-01 5.108210058573326995e-01 5.115471986061896903e-01 5.027198781133269678e-01 5.089434215382979687e-01 5.069851313542020899e-01 5.092061662248836829e-01 5.073030018296121879e-01 5.070420971493395657e-01 5.136364643724242729e-01 5.116336502873740644e-01 5.154480488597289467e-01 5.094368683308986290e-01 5.168606345462722906e-01 5.164814587031998361e-01 5.108448923669470787e-01 5.154011984734536700e-01 5.109611877710706906e-01 5.133666256808511186e-01 5.091877549132222125e-01 5.057305307523275451e-01 5.125490503776358731e-01 5.167324805473110239e-01 5.169104865641822588e-01 5.116497135191345746e-01 5.136335560482611085e-01 5.123701638933796376e-01 5.078536790197126782e-01 5.098141264495908986e-01
-1.046157832106049332e-02 1.159039360756811271e-01 2.361961502689684800e-01 3.913212869372629799e-01 2.934201111569641474e-01 1.000000000000000000e+00 5.376734579442473683e-01 4.976597505848253111e-01 5.396702018825629832e-01 4.956707366402837156e-01 5.585606323259614259e-01 5.814006566352866168e-01 5.429623747714154014e-01 4.406597057802534856e-01 5.964808237550184300e-01 5.997773613799626258e-01 5.302150576439289553e-01 4.857999519590568416e-01 5.590065894661545576e-01 4.654414184093456086e-01 5.206588852669662426e-01 5.757805548602588086e-01 5.438202656848664107e-01 5.083616658553800072e-01 5.562906673349948816e-01 5.803614774774914498e-01 5.877487971161459157e-01 5.844034810809296543e-01 5.583096273950514110e-01 6.021699507922101402e-01 6.071410239707958345e-01 5.826586994941270747e-01 5.655875543880166667e-01 5.652659906422828895e-01 5.703517784247947864e-01 5.962333574214440102e-01 5.865961658398133327e-01 5.955525914031606360e-01 6.064875024913040091e-01 5.811426510993474848e-01 6.019567722843034430e-01 6.015472596654185544e-01 5.948482095822399396e-01 6.104830157444108840e-01 5.964525853092819130e-01 6.120918207326447869e-01 6.076218201634224769e-01 6.072610361316551630e-01 6.108151723719817960e-01 5.885887642437128697e-01 6.064846155395898775e-01 5.774472227857779805e-01 6.039952781012675187e-01 6.048542756069319459e-01 6.074689448047156937e-01 6.053068064623213784e-01 6.000207021853889433e-01 6.061821069267844253e-01 6.036687978210809602e-01 6.073596794555103928e-01 6.078149075778044308e-01 6.086023629346203334e-01 6.066103250197087959e-01 5.980961932880323184e-01 6.019378224935199029e-01 6.064974767712956183e-01 6.098510389968467837e-01 6.096301189098599638e-01 6.029473624685910416e-01 6.059056703045706538e-01 6.136527411443855051e-01 6.140282662621887599e-01 5.951312144398668291e-01 6.074353653440863754e-01 6.127110128284753987e-01 6.117485836818754574e-01 6.119269347590879926e-01 6.092699622391388736e-01 6.090212208716389020e-01 6.109644598346500866e-01 6.147066688342804897e-01 6.133231221231636443e-01 6.097975525779185668e-01 6.098257506042611409e-01 6.042549029719459508e-01 6.040705802330947893e-01 6.128770957215186055e-01 6.120992940124014847e-01 6.134014526440477733e-01 6.106311507640299618e-01 6.080119478692905810e-01 6.158509614028951917e-01 6.135183664569150430e-01 6.139338110803866932e-01 6.130293268373793181e-01 6.130973615709249813e-01 6.099053862895778000e-01 6.070596231125499065e-01 6.127358807313377786e-01 6.120071399636192178e-01 6.145339497856260325e-01 6.136851289536581211e-01 6.117440750113338765e-01 6.149139242432509755e-01 6.115463894770442055e-01 6.059776568137321684e-01 6.116146853811980089e-01 6.141111069699228819e-01 6.137463328635900384e-01 6.129670371321079836e-01 6.126590706451556789e-01 6.124094393463114239e-01 6.125581330767724264e-01 6.134089065332322122e-01 6.118017324622667674e-01 6.068263229695221028e-01
4.579549521560692671e-02 1.473373134544901097e-01 3.368438838429309579e-01 5.914659510306328194e-01 4.655905946443243404e-01 5.376734579442473683e-01 1.000000000000000000e+00 7.219172597984923057e-01 7.242199587365815150e-01 6.774459174437994502e-01 7.603084148762629946e-01 8.238209702775732834e-01 7.457503146041166708e-01 6.090322418565279339e-01 8.479700308828809208e-01 8.220238750592981924e-01 7.461910960035761375e-01 7.099185694322408535e-01 7.778844675746080517e-01 6.777988280452211800e-01 7.552836676440765062e-01 8.223268779793430072e-01 7.823956612135501976e-01 7.337605332194570007e-01 7.884204311870013360e-01 8.230748867912462963e-01 8.176318114083374056e-01 8.257957840300919061e-01 7.923887187435743051e-01 8.379832470021256752e-01 8.469864427229498727e-01 8.235127604578011962e-01 8.026293297013568084e-01 7.983578285793773155e-01 7.921520501484458077e-01 8.283843625943495548e-01 8.146405442780846329e-01 8.404983190206732901e-01 8.446428244146901854e-01 8.185011157252887193e-01 8.419504083236607483e-01 8.478845363546532177e-01 8.430343627880985125e-01 8.551380864631171752e-01 8.454792151136401035e-01 8.535171854547849435e-01 8.383673250378648190e-01 8.366703306402449858e-01 8.367631351471588319e-01 8.195226519128482323e-01 8.411893343196439332e-01 8.117706178815708995e-01 8.308880633093802537e-01 8.318295098928878417e-01 8.348907095364306308e-01 8.470114177193451832e-01 8.209767135539588478e-01 8.355081234071443097e-01 8.392617071910956073e-01 8.401056883492511451e-01 8.438120315769657154e-01 8.380877402070026072e-01 8.332547911719635492e-01 8.267290935872044777e-01 8.317663026349031430e-01 8.323048285700137550e-01 8.452384701396421507e-01 8.483544201463153467e-01 8.457321615528796688e-01 8.451563585120990263e-01 8.489649335784685835e-01 8.484485936663718197e-01 8.335156118425101068e-01 8.426927323838153683e-01 8.532652645765085309e-01 8.505928591156320939e-01 8.560523582583045021e-01 8.454018219505948784e-01 8.518352500823517248e-01 8.443119571799380108e-01 8.452051075432815974e-01 8.485329582969001194e-01 8.507482585684401633e-01 8.428019008233957887e-01 8.448603440893314165e-01 8.411350490748482622e-01 8.476867172861761723e-01 8.527750363249446686e-01 8.499012396789169532e-01 8.548846039153226162e-01 8.537799918484306749e-01 8.545624515080562089e-01 8.503149577330868514e-01 8.533904297948629036e-01 8.430982463606399024e-01 8.444101485998046774e-01 8.452744723588092590e-01 8.363391660093394409e-01 8.453758326338710605e-01 8.482345898228129677e-01 8.523477829861130228e-01 8.472694167887048211e-01 8.452161754949545358e-01 8.513733141882624533e-01 8.461761603086244143e-01 8.370402953525909462e-01 8.417654323005967498e-01 8.467217275761786954e-01 8.500281548388298747e-01 8.460128693176364179e-01 8.518557314428438776e-01 8.440854491890507072e-01 8.452589222348018128e-01 8.421390096410784620e-01 8.447871866253713335e-01 8.394078089018511823e-01
9.086923926418453978e-02 1.442444034680067932e-01 3.484946556058831080e-01 5.723514360400155931e-01 4.677369658220713045e-01 4.976597505848253111e-01 7.219172597984923057e-01 1.000000000000000000e+00 7.134245365988254317e-01 6.539875654807280059e-01 7.311842825880490171e-01 7.915649369107823352e-01 7.214612720264993451e-01 5.667701895184603655e-01 7.927044623140906410e-01 7.970710986705149548e-01 7.029747277437852215e-01 7.011658006922731889e-01 7.430243205116405791e-01 6.738212958767817451e-01 7.331382891205318053e-01 7.832440531901091463e-01 7.511678650249544731e-01 7.001157561884778779e-01 7.454288059046720871e-01 7.869576022560942352e-01 7.811879765283654686e-01 7.679751310277563858e-01 7.318431793001506369e-01 7.961045628345699843e-01 8.036818806994118214e-01 7.942637013117364031e-01 7.563934801732147273e-01 7.517259203978238213e-01 7.626622675876957302e-01 7.834883643989383195e-01 7.650461235822000328e-01 7.940926209113686740e-01 7.981151815724153442e-01 7.736423174985499474e-01 8.004041932267607073e-01 8.024728063717218030e-01 8.004832489167931220e-01 8.119459293946491574e-01 7.989927269283690903e-01 8.020800649258400528e-01 8.080697465357474796e-01 8.016984127810600214e-01 8.091873100867770230e-01 7.942708584683018103e-01 8.069139654090279334e-01 7.823760796215887270e-01 8.015928331772850246e-01 8.074909864141935900e-01 8.099158197029282524e-01 7.996591348442476654e-01 8.108763119063058245e-01 8.126288163665242870e-01 8.093284740517722176e-01 8.162852480662847743e-01 8.178141725132214157e-01 8.160155722441957415e-01 8.115803885326841050e-01 8.052048731553682615e-01 8.019333905543923890e-01 8.111889696429119834e-01 8.106332301096965676e-01 8.139930207902531523e-01 8.095966565153402961e-01 8.110094817544283297e-01 8.097781989684268433e-01 8.089819503097608333e-01 7.946529099637501536e-01 8.011948360744475250e-01 8.144155756753853614e-01 8.063912065187318623e-01 8.012173750377282744e-01 7.959606188113119707e-01 8.032039663290597709e-01 8.092039930905443601e-01 8.123683929103808765e-01 8.130013944043343876e-01 8.113666551952637418e-01 8.044951190383299311e-01 8.076557523619286583e-01 8.004824767704902255e-01 8.027156608172709706e-01 8.134638300101297848e-01 8.097947046122616621e-01 8.132866674005861940e-01 8.073422633289352168e-01 8.138107452645801931e-01 8.095827744184188601e-01 8.090614119403042315e-01 8.082225865727391545e-01 8.086168612047421878e-01 8.183686704290056291e-01 8.169632271460066653e-01 8.189218638323869648e-01 8.117316522782707100e-01 8.173170572398004152e-01 8.195093172817156102e-01 8.100511153361464878e-01 8.146391731266097169e-01 8.134268295754077949e-01 8.191019733489083299e-01 8.163906897089430181e-01 8.068564834507254702e-01 8.166715082615357835e-01 8.165576049346654486e-01 8.195109702510356975e-01 8.107257347251540791e-01 8.162637477134094821e-01 8.132380506921116359e-01 8.075654111011830727e-01 8.117765276808495134e-01
1.058417310115792598e-01 1.621949056516607535e-01 3.360729284025464891e-01 5.438667952452983512e-01 4.327901482271087064e-01 5.396702018825629832e-01 7.242199587365815150e-01 7.134245365988254317e-01 1.000000000000000000e+00 7.265034016483842283e-01 7.780582969676772542e-01 8.185680757732403112e-01 7.762453432673070974e-01 6.258886575659399210e-01 8.293688482610972468e-01 8.347794397804992883e-01 7.876161630912987821e-01 6.977240905602088983e-01 7.660567235506209327e-01 6.769673317753144293e-01 7.082782785971031281e-01 8.071878944309265336e-01 7.538803784449882306e-01 7.206528678175950775e-01 7.450885676782014189e-01 8.177824022776599699e-01 8.140572777699247586e-01 7.949084867713935854e-01 7.666042713403288245e-01 8.376653440411352403e-01 8.475097736324990194e-01 8.281443529728486075e-01 7.694703904651368775e-01 7.903784747719041492e-01 8.022101760001671966e-01 8.168149538121857178e-01 7.974237534228980628e-01 8.283201294395378111e-01 8.342801514039692723e-01 7.689541637961662124e-01 8.428830361512898994e-01 8.256916412027641705e-01 8.008834094319969843e-01 8.492288412697407418e-01 8.243189152175298684e-01 8.363914012899099637e-01 8.626011358905204540e-01 8.672217398479352690e-01 8.623975605055689275e-01 8.168322220141487344e-01 8.440986126553237101e-01 8.022931082242227285e-01 8.529299703027956037e-01 8.703187387990146684e-01 8.505970680911123516e-01 8.291724995340633564e-01 8.618316400731684812e-01 8.557693444154693685e-01 8.488772888360809343e-01 8.694934914732166398e-01 8.601792682885462948e-01 8.667976165875848071e-01 8.508692726812607798e-01 8.617618312927020074e-01 8.700778484784560396e-01 8.706189194957126842e-01 8.624603703013198341e-01 8.577975935123718365e-01 8.551543272463544287e-01 8.554138128621172621e-01 8.552259592789853704e-01 8.603829460673203533e-01 8.466597867707369440e-01 8.419203602718574597e-01 8.628167883779993552e-01 8.569753974981131339e-01 8.456369565661263632e-01 8.482037373580723072e-01 8.543006477777816965e-01 8.659122981260798380e-01 8.568165350115209966e-01 8.631503573214693859e-01 8.545815646711263369e-01 8.553709242544177416e-01 8.423099607045004822e-01 8.546098238344305154e-01 8.500527862199389606e-01 8.554027922640919934e-01 8.594991105141246424e-01 8.511559579133640696e-01 8.380434246312710167e-01 8.554148935698747680e-01 8.538466330347724842e-01 8.559410270144909294e-01 8.651699858239142449e-01 8.670979454001701558e-01 8.550984834466544005e-01 8.684553090881212967e-01 8.649995662067606617e-01 8.563144281527282908e-01 8.529623672861518235e-01 8.657357833020166149e-01 8.646934838214582753e-01 8.647719022598323591e-01 8.635692592615092922e-01 8.712708224548918468e-01 8.706735229435570433e-01 8.640002113996860800e-01 8.623551885833281583e-01 8.687368995328048626e-01 8.599090617743363474e-01 8.696594873710030704e-01 8.702919356619460700e-01 8.721811963574609416e-01 8.688292967037379855e-01 8.709509775357375805e-01
3.873908249130129239e-02 1.605863267185175802e-01 3.215463485655506992e-01 4.884792142535961945e-01 4.004098108187125749e-01 4.956707366402837156e-01 6.774459174437994502e-01 6.539875654807280059e-01 7.265034016483842283e-01 1.000000000000000000e+00 7.147421025936333550e-01 7.612602871186856524e-01 7.124646677250783267e-01 5.900637083361558455e-01 7.817589610679223089e-01 7.684642950204101375e-01 7.090356815020164571e-01 6.559097138088586521e-01 7.180731239854529768e-01 6.138220412221904176e-01 6.651047242353037570e-01 7.485106077863900031e-01 7.221566357515926127e-01 6.853012078982022581e-01 7.073811021864891968e-01 7.698870788144520638e-01 7.594658624981424078e-01 7.578237023933415140e-01 7.289178137542444702e-01 7.900163094095484784e-01 7.938441501199339223e-01 7.861263438175953855e-01 7.449691003475357176e-01 7.475108463363534517e-01 7.639489479294833130e-01 7.714871576239349382e-01 7.676070951082231142e-01 7.910682859202012862e-01 7.914279904564691659e-01 7.445195454827936432e-01 7.963907448285900692e-01 7.838589444212992197e-01 7.700908555403065403e-01 8.009433388492663841e-01 7.828836935511138684e-01 7.921385091290282787e-01 8.058735646173889045e-01 8.147408313724802120e-01 8.080572854035196206e-01 7.598866032854538766e-01 7.896939079169443820e-01 7.399140015141131288e-01 7.874513129827693803e-01 8.108003231879604700e-01 7.971341159601269544e-01 7.935327693072726785e-01 7.884002233863507403e-01 8.043069948015925119e-01 7.981102399296792216e-01 8.103753340136138350e-01 8.019126491414283464e-01 8.038470683703333730e-01 7.883765401504713166e-01 7.944452470022120849e-01 8.080307546642926386e-01 8.020907872208867806e-01 8.110745153947724884e-01 8.066376081949229171e-01 8.057502031464922609e-01 7.953906259274811097e-01 8.031580712079010587e-01 8.102047033723203118e-01 7.930552961383455779e-01 7.943194572632199524e-01 8.128811253347121291e-01 8.079039078597212153e-01 8.025682297994954917e-01 8.009968246475454023e-01 8.050816694149599551e-01 8.112501038931276831e-01 8.049498255574665251e-01 8.103612726487158247e-01 8.090904123750133348e-01 8.078532728349312464e-01 7.980724635087517171e-01 8.038952715769661639e-01 8.065515606740667476e-01 8.077775589743759754e-01 8.107839728036564386e-01 8.061215321197475747e-01 7.998148959738693442e-01 8.077564611833020214e-01 8.073655655002649478e-01 8.099543242449382952e-01 8.109899809585664476e-01 8.155058416501971275e-01 7.975006396511395979e-01 8.005616939238631158e-01 8.040789953442778470e-01 8.047584779998706583e-01 8.042285618885792742e-01 8.076001941055452882e-01 8.089637850479924897e-01 8.099640297873744732e-01 8.066121643692153453e-01 8.051121254596428356e-01 8.104108910506585550e-01 8.138539373966074963e-01 8.104043863017367233e-01 8.102935546467261441e-01 8.071260999740281772e-01 8.134933874999341619e-01 8.121376425769741836e-01 8.128755476916549316e-01 8.137701579270529839e-01 8.124253317428884458e-01
3.722096286413021510e-02 1.220483971795622014e-01 3.602628168659407493e-01 5.718663203981672050e-01 4.711693533995098271e-01 5.585606323259614259e-01 7.603084148762629946e-01 7.311842825880490171e-01 7.780582969676772542e-01 7.147421025936333550e-01 1.000000000000000000e+00 8.476544961499332675e-01 7.885463345081429321e-01 6.242552823933974482e-01 8.547674419102059273e-01 8.491479882936117107e-01 7.718861467798702192e-01 7.421163806247694783e-01 8.029752331215185279e-01 7.097444304010791516e-01 7.626234295283924602e-01 8.430213262513157613e-01 8.099915726499842261e-01 7.644393255881452021e-01 8.059737616340675315e-01 8.398019103939360352e-01 8.332280664279080318e-01 8.314380938021874723e-01 7.966008399333712742e-01 8.588852152992297873e-01 8.639514069136092766e-01 8.607998604532390852e-01 8.193061035710922368e-01 8.221761117930342921e-01 8.246486229231545506e-01 8.527215417235743944e-01 8.370440425954861485e-01 8.649407289746072758e-01 8.652277775269490157e-01 8.402659371496069562e-01 8.683806484497260669e-01 8.655493205176324478e-01 8.534948666730438616e-01 8.728427231362095862e-01 8.626229206557445295e-01 8.695161972648691728e-01 8.770434478375427334e-01 8.727897112496161292e-01 8.707691161290964654e-01 8.491181496835241704e-01 8.670133444840419923e-01 8.343251302175552775e-01 8.646282760484647056e-01 8.699201583190948606e-01 8.683779136107683261e-01 8.727356999820018446e-01 8.546908739577405711e-01 8.693050546219655006e-01 8.641563345495558712e-01 8.734174638054170714e-01 8.768303066229889975e-01 8.694612515013735443e-01 8.616164765478030452e-01 8.562691346290322025e-01 8.670743303436170279e-01 8.651906211649128542e-01 8.797969353435111106e-01 8.795913540233475381e-01 8.768378658178983542e-01 8.747212682614514678e-01 8.783094765587798891e-01 8.810746625589633840e-01 8.648181114310035111e-01 8.702484425296097559e-01 8.836054358232818817e-01 8.777092847550742594e-01 8.755982222841099949e-01 8.701302839303368675e-01 8.745787408330009116e-01 8.792089666402307380e-01 8.800613316081958848e-01 8.815279623462550784e-01 8.793485085619359154e-01 8.737717822509133425e-01 8.774340747986533184e-01 8.741928889659694724e-01 8.786488737820004058e-01 8.826401009929295549e-01 8.792912002375025127e-01 8.796954679428242718e-01 8.781365577431982095e-01 8.826408962220071430e-01 8.793282473488676088e-01 8.792551488366785462e-01 8.782786771599674358e-01 8.780023265713550185e-01 8.759751331111419459e-01 8.718574308874581513e-01 8.807274380634896316e-01 8.788332354063951302e-01 8.804706070876663349e-01 8.799327502804239476e-01 8.773809556206180194e-01 8.807881949851925629e-01 8.811037170274811370e-01 8.713016087502839513e-01 8.767031500182448367e-01 8.787721501981821115e-01 8.797363232040610326e-01 8.786206080676886021e-01 8.785961367508378084e-01 8.787246496142564478e-01 8.790545360182373535e-01 8.790621443490433951e-01 8.771417290310198345e-01 8.744967422634740695e-01
5.728749219921923375e-02 1.548431280813068467e-01 3.842315683158994410e-01 6.470575721416476078e-01 5.024346244894246638e-01 5.814006566352866168e-01 8.238209702775732834e-01 7.915649369107823352e-01 8.185680757732403112e-01 7.612602871186856524e-01 8.476544961499332675e-01 1.000000000000000000e+00 8.296483066654039007e-01 6.617191386709786460e-01 9.099031090445722780e-01 9.084484054428288990e-01 8.210788303528390175e-01 7.893502972049238897e-01 8.639529928410812909e-01 7.527087214519287972e-01 8.306371888581052243e-01 9.021306694579367402e-01 8.618396378223888155e-01 8.117993158951136712e-01 8.651504606654846219e-01 9.048329393065890347e-01 8.997358179531877997e-01 8.920530400373688495e-01 8.489827990310330197e-01 9.217809771015488263e-01 9.282765168191956517e-01 9.150355916187055128e-01 8.793305042507877367e-01 8.810769039310388795e-01 8.805884189199884027e-01 9.094309644265299308e-01 8.944939190290931430e-01 9.289610016778391266e-01 9.275645145685056381e-01 8.947155626547739216e-01 9.277656645413668857e-01 9.263548348036432234e-01 9.160639015835069232e-01 9.382627449138962739e-01 9.264552168525495013e-01 9.319031682422835861e-01 9.324821181895646127e-01 9.298885901406349630e-01 9.336254648481380203e-01 9.155784292207406194e-01 9.333600999883671090e-01 8.997079790969020330e-01 9.234847127008033452e-01 9.309555042531312274e-01 9.318101019493409964e-01 9.321393893090611504e-01 9.251870355127144174e-01 9.309750047875668955e-01 9.298319793095261021e-01 9.344076631181201797e-01 9.389662946979095981e-01 9.337085248468126597e-01 9.292577061821065687e-01 9.261146130900069773e-01 9.274160986670245688e-01 9.317346546691616105e-01 9.374716398055361610e-01 9.381728754485095800e-01 9.341242078346396749e-01 9.337362889325303561e-01 9.385407476297799034e-01 9.387919852644406316e-01 9.217230234996899307e-01 9.304107021751392148e-01 9.427223230287965494e-01 9.379144455674848224e-01 9.332645705304665196e-01 9.254615488695789871e-01 9.357979195666109584e-01 9.377615202340077172e-01 9.384710485798771762e-01 9.395811343691121698e-01 9.397494239129591254e-01 9.321918235702973954e-01 9.336743751204612529e-01 9.298954918422255300e-01 9.345945897528584734e-01 9.412046552859794080e-01 9.390754418488880262e-01 9.384220831920396799e-01 9.374431283971111917e-01 9.409117675604227182e-01 9.377972534309797492e-01 9.388520727072823258e-01 9.359426409457988205e-01 9.358867543277641365e-01 9.383295096152316495e-01 9.364587204184455782e-01 9.402055381055597350e-01 9.376465518489391915e-01 9.393837173621539804e-01 9.397003554732966668e-01 9.356713334738138155e-01 9.398732871360003793e-01 9.407088419408450308e-01 9.347111826188312378e-01 9.387779396134889875e-01 9.357906868455928562e-01 9.401547301372722432e-01 9.385795017955851360e-01 9.395682978169385136e-01 9.373194840009545503e-01 9.377864432608200573e-01 9.386903599586845504e-01 9.369711138582214049e-01 9.356813377174317825e-01
2.916355636882667773e-02 1.419833795783409236e-01 3.461531733014340251e-01 5.464868629279919787e-01 4.804664385206046662e-01 5.429623747714154014e-01 7.457503146041166708e-01 7.214612720264993451e-01 7.762453432673070974e-01 7.124646677250783267e-01 7.885463345081429321e-01 8.296483066654039007e-01 1.000000000000000000e+00 6.127936390867491090e-01 8.452027000759093633e-01 8.390329005553097685e-01 7.720917997151918177e-01 7.099163655496936176e-01 7.868201575306891238e-01 6.761904259651594362e-01 7.391114659512409979e-01 8.184651974329942847e-01 7.760740072486060903e-01 7.423187182559467523e-01 7.833975319906927304e-01 8.179794665946319432e-01 8.155802674883946279e-01 8.091118416621561060e-01 7.761716301849547195e-01 8.400735154981406883e-01 8.557146568567386424e-01 8.460976887060434048e-01 7.951193429406488988e-01 8.132730951846699474e-01 8.121554908799563099e-01 8.421161026283036088e-01 8.207987452780864945e-01 8.473459260836777585e-01 8.507150630688675719e-01 8.100609258797809575e-01 8.535489568823692030e-01 8.445719067562670324e-01 8.400108295704110661e-01 8.630987405192039885e-01 8.409453568779277077e-01 8.573576960448229256e-01 8.673828333032385096e-01 8.695155771012257340e-01 8.615711627108710857e-01 8.317448010106774925e-01 8.534683098390533074e-01 8.172947799404634006e-01 8.473566249166870623e-01 8.605530548779447564e-01 8.541404911209466988e-01 8.524766597359318965e-01 8.463020367580483816e-01 8.613179284101207811e-01 8.513139626025014728e-01 8.677034840112773928e-01 8.658654636329731202e-01 8.621441659714889072e-01 8.509690812836038232e-01 8.542145344845336608e-01 8.604430621704514115e-01 8.570413620616221806e-01 8.689810227702184919e-01 8.674243854405104814e-01 8.643145436770336421e-01 8.595622039504662304e-01 8.671716078720652643e-01 8.678590054793474673e-01 8.513759910007373533e-01 8.584784091062025446e-01 8.692630206675237003e-01 8.659670364398802667e-01 8.558764640139620017e-01 8.571340563566457460e-01 8.616982963837682696e-01 8.703859149084871571e-01 8.667729070060478103e-01 8.708673008568061924e-01 8.686586539232282744e-01 8.604606406406113406e-01 8.607107317062518970e-01 8.641288527462595015e-01 8.673590365028340798e-01 8.684525053605134381e-01 8.683216480166843221e-01 8.672045392844160983e-01 8.596657833082685940e-01 8.692431552449194632e-01 8.666664825240840697e-01 8.677540053579785306e-01 8.711137146262203368e-01 8.696215666476836414e-01 8.635345593094878591e-01 8.629348393348363899e-01 8.690716884779329243e-01 8.663828061892451249e-01 8.711490807111867962e-01 8.711763075601350881e-01 8.656512470733538356e-01 8.717812614282016703e-01 8.688344375436150013e-01 8.654934887746617012e-01 8.694612556014350568e-01 8.691720850091878559e-01 8.713605322127399022e-01 8.705292298376269278e-01 8.673864367320939239e-01 8.712640728048337557e-01 8.710093275174604077e-01 8.715960728740872465e-01 8.690703535296372406e-01 8.687806770596107064e-01
