1.000000000000000000e+00 9.196870961660717769e-02 1.387510899980140266e-01 7.541323624871401621e-02 6.434885207000716478e-02 1.974566829553095135e-02 7.518393968747026646e-02 1.110617379900070457e-02 1.745816523996022440e-01 3.887417285008632623e-02 9.494607326346100884e-02 7.274238080859544986e-02 7.789488710147346451e-02 2.550849343659819871e-02 1.292627538114680952e-02 1.737185699541679909e-02 1.377859846959787748e-01 2.393356803602884608e-01 2.011173579859550087e-01 1.677085482697781849e-01 1.818980505301175388e-01 1.785098378857258583e-01 2.200887821351131812e-01 2.118364197957096628e-01 1.562521856576614132e-01 1.695122485763777831e-01 1.701432157278310597e-01 1.585282611789435303e-01 1.399329316281905378e-01 1.590606322570566611e-01 1.139582130605760746e-01 1.475418247953761974e-01 1.295478466145771890e-01 1.430074829518300228e-01 1.453191404724676339e-01 1.261798609441818486e-01 1.236038709284631859e-01 8.852706876988866713e-02 1.091480998309861117e-01 9.625054051126917531e-02 9.326544700877921479e-02 7.269816696710666715e-02 7.993820996520471789e-02 8.190921519825757058e-02 9.465838835720519207e-02 8.142677939729958680e-02 2.823637639802407256e-02 4.535242611637156640e-02 5.013351151354619034e-02 7.529339114913671804e-02 6.931977740798098142e-02 7.663975272148579321e-02 4.561174230231644644e-02 9.271615904225510851e-02 9.645977680051154302e-02 1.158335176048912868e-01 8.369246538720866158e-02 6.413309389213127376e-02 6.585419384736582171e-02 6.613899501117960489e-02 5.373126047675846201e-02 6.491266708156501197e-02 7.354099929470130081e-02 6.466888964298019016e-02 5.719603452869747445e-02 7.855784709346877448e-02 4.284589371791984458e-02 8.509818082408936168e-02 8.958120187843049420e-02 8.459213885497175733e-02 7.372561545770847657e-02 7.278309564151926037e-02 8.914055839563705952e-02 7.190811820580463032e-02 7.390192121504064737e-02 4.877472779083445731e-02 5.933055650032606487e-02 6.756414801895911648e-02 5.157108637587788647e-02 6.126673210796296232e-02 6.013565896178780373e-02 4.996510941212414098e-02 7.166098531119480253e-02 6.232526933565315369e-02 6.736650742976182937e-02 6.469715116029997604e-02 5.545255682033122663e-02 3.365217715296453527e-02 3.757564046602261676e-02 5.666377002076861819e-02 5.009278897057354435e-02 3.143311622949138823e-02 3.828760811970685629e-02 3.604229914395034456e-02 1.044656055978981056e-02 2.809211774360674194e-02 3.356518740623166963e-02 4.949915531319448031e-02 2.607466023691700288e-02 2.298691436941228614e-02 2.488465976123740292e-02 2.749536597544860808e-02 2.270842026779462328e-02 3.427651824059549379e-02 4.702567714175365232e-02 4.237311059846879391e-02 3.050096991096181570e-02 3.678126608655650498e-02 4.505257467327010434e-02 2.718567726568334175e-02 1.967356428864196899e-02 3.136893743559767550e-02 2.968275841482704777e-02 3.038106415563507356e-02 4.909778755918889348e-02 4.395046132668856131e-02
9.196870961660717769e-02 1.000000000000000000e+00 6.761358431102271194e-02 3.578640444241165675e-02 9.131676452451062409e-02 8.260758557961489501e-02 1.445600184309608904e-01 1.203969254511604164e-01 1.891065606636044838e-01 2.048245958636759900e-01 1.382589494059228707e-01 1.110039638781495502e-01 1.193770961963599997e-01 1.111650771340668281e-01 1.365093340145540624e-01 1.464939576089412110e-01 1.528136174261544578e-01 1.646636015048458801e-01 1.506954463619789020e-01 1.147292523718996399e-01 9.923563836849763620e-02 1.326423564963225832e-01 2.150841030982046653e-01 1.509415332495935014e-01 1.402957573848465644e-01 1.778423115805909671e-01 1.569762109236398084e-01 1.738130535970785484e-01 1.646535819535055456e-01 1.671769058623079618e-01 1.575687951029729195e-01 1.759845132187421168e-01 1.768777580928922455e-01 1.573068864927249233e-01 1.709474386198594209e-01 1.740891791260324173e-01 1.764439230434756700e-01 1.608617059381818037e-01 1.670272945468442294e-01 1.556632127279143629e-01 1.628250465167450645e-01 1.529507020347925794e-01 1.333379306127416841e-01 1.504057307865713788e-01 1.516656827124216456e-01 1.564333995778918462e-01 1.520826148505715625e-01 1.623352354693981536e-01 1.560968818286847526e-01 1.472127405508337483e-01 1.493356365030688859e-01 1.326902507353287519e-01 1.337000220156390473e-01 1.734089531103486792e-01 1.754784929698897933e-01 1.887312330253138604e-01 1.539143534968442084e-01 1.623912775477534820e-01 1.513166067952406435e-01 1.568741113587098501e-01 1.529345782991336777e-01 1.661285123460138624e-01 1.617604005645094101e-01 1.531101963650799425e-01 1.467990437487134148e-01 1.641189116759409206e-01 1.602525820598375839e-01 1.597849132288830798e-01 1.772654013063200418e-01 1.524580554192868087e-01 1.336395324551824804e-01 1.492885157850717404e-01 1.593007177855831069e-01 1.501772568695549648e-01 1.552702205154943282e-01 1.519822411386675953e-01 1.642817337801326938e-01 1.595497329974216172e-01 1.509945159235612233e-01 1.503949763352788183e-01 1.589955317134811585e-01 1.526474542627264397e-01 1.677741481530945489e-01 1.611820950752488601e-01 1.586872486003509386e-01 1.556514756255782950e-01 1.608733759615963987e-01 1.524760098591753099e-01 1.570243006523536489e-01 1.622771035556613839e-01 1.567088479796170386e-01 1.518706002715867476e-01 1.500724625292622350e-01 1.466273067124052587e-01 1.490763263501986013e-01 1.595166328905321673e-01 1.397167958881938288e-01 1.487416901638552724e-01 1.484019496416927875e-01 1.439986094395060146e-01 1.419196597059541876e-01 1.473751411675140177e-01 1.432942908199014431e-01 1.471010257538435395e-01 1.469758717461023823e-01 1.527722120803989558e-01 1.564064133796922162e-01 1.586394182666098773e-01 1.609254081499860156e-01 1.572822255430728344e-01 1.508080050393705296e-01 1.533654193597435988e-01 1.562234303679381209e-01 1.520359024542206616e-01 1.478037159061341144e-01 1.567508432565379861e-01
1.387510899980140266e-01 6.761358431102271194e-02 1.000000000000000000e+00 3.564309866010971217e-01 2.073554102938599819e-01 2.223462145185162164e-01 3.040718440779565102e-01 2.946922319604019513e-01 3.829492721504726971e-01 2.657238882688751636e-01 4.010738824246620760e-01 3.895454507357126728e-01 3.162525551996208106e-01 2.797537859413222749e-01 3.148372377304728409e-01 3.246398031417016550e-01 3.503083394508304527e-01 4.150916391099873093e-01 4.103770851947153298e-01 3.290206435631714554e-01 4.070923534568340885e-01 4.399099196336620499e-01 3.487303956788094794e-01 3.992337155865369747e-01 4.268160933699871595e-01 4.408286415810843684e-01 4.546142451222665581e-01 4.347650415101845245e-01 4.535283819214367962e-01 4.497838772821049491e-01 4.371601157041793972e-01 3.691103465230808900e-01 3.837165117099471390e-01 3.929381728477695512e-01 4.021248791731957817e-01 3.849192309691614189e-01 4.153055683828217326e-01 3.696229194381623340e-01 3.977530586212829622e-01 3.813913336234332485e-01 3.814466615113287218e-01 3.712764827397972422e-01 3.787841433950989711e-01 3.873220230371033357e-01 3.974762141994472309e-01 3.827495125672954468e-01 3.339065556151964986e-01 3.378951721775693695e-01 3.353261611292522315e-01 3.525392973661488072e-01 3.573726274991060881e-01 3.604943384937636663e-01 3.616299724353853051e-01 3.668065387719500747e-01 3.709355281395223525e-01 3.690436827142347664e-01 3.574106436346491389e-01 3.701168160749588876e-01 3.544833318743475514e-01 3.635522800904242291e-01 3.519041759472822939e-01 3.572579190185600218e-01 3.620327935550177734e-01 3.496323350045171807e-01 3.579261118950579079e-01 3.575233888185476161e-01 3.415480788789130862e-01 3.766621940207653951e-01 3.629197259646023133e-01 3.687284232502145986e-01 3.900899317640856845e-01 3.896801964612260361e-01 3.692739690596262281e-01 3.876114747644097691e-01 3.933189977417228533e-01 3.774795958575120625e-01 3.810215925182340313e-01 3.961828296838186825e-01 3.848376540564619752e-01 3.904445485654822190e-01 3.829312293645906196e-01 3.843581383695873765e-01 3.482630761031778599e-01 3.741828205547386710e-01 3.677031286920553477e-01 3.675351218341135207e-01 3.699897759555306753e-01 3.454217439489207231e-01 3.552686798083841135e-01 3.539887360492556811e-01 3.640804062592783996e-01 3.486776204145191072e-01 3.612156455300773450e-01 3.631575808175069864e-01 3.250754924721500072e-01 3.341265924624816086e-01 3.433657207021503233e-01 3.450233289521386082e-01 3.347880883044888622e-01 3.365288102359754174e-01 3.424137232411746945e-01 3.386007621281143520e-01 3.425296337094036470e-01 3.502910523681495025e-01 3.537104585399354351e-01 3.364910631552312514e-01 3.340573545405118305e-01 3.366115409774667611e-01 3.513326007518418059e-01 3.391273964131348295e-01 3.328870705965580323e-01 3.382760487168921526e-01 3.379546691982325268e-01 3.338832070498360949e-01 3.528818911770001399e-01 3.414676356860267270e-01
7.541323624871401621e-02 3.578640444241165675e-02 3.564309866010971217e-01 1.000000000000000000e+00 3.946061708681635194e-01 3.922732434810856095e-01 5.965678816418625852e-01 5.289207977912283587e-01 4.833926724336662373e-01 3.562461753327787473e-01 5.486473691871577296e-01 6.534385411564317403e-01 5.139289852392786573e-01 4.755673325856648592e-01 5.732100457233301194e-01 5.576416181427823471e-01 4.643315803541224196e-01 4.410556504538211131e-01 4.558096603081239206e-01 5.517653822208787862e-01 5.926673749442192829e-01 5.674795979394287038e-01 4.022634709870180347e-01 4.712562827925170228e-01 4.771471039437240047e-01 5.116876327765254029e-01 5.487210737365342261e-01 5.067569516148295872e-01 4.949051679746413468e-01 4.833270165106088312e-01 5.012617330408067895e-01 4.902510640717035462e-01 4.897284535772178926e-01 4.988188724414690522e-01 4.944554092044866622e-01 4.955255684155922546e-01 5.001538429903881200e-01 4.958252858373129457e-01 5.172310747318065172e-01 5.084805582617634157e-01 5.316079601712133673e-01 5.208323283824700667e-01 5.504541241442132415e-01 5.517269373995384862e-01 5.395418669955805990e-01 5.267572463456521303e-01 5.170900415494823488e-01 5.130814114056021502e-01 5.235504412264218033e-01 5.172291591695415969e-01 5.212507085874211743e-01 5.599303520307644666e-01 5.579568159725560861e-01 5.143147324520724872e-01 5.104211040442974134e-01 4.970884600504540951e-01 5.365895193996650381e-01 5.183809796568780159e-01 5.153967822240644869e-01 5.359282070921500551e-01 5.332985116207198395e-01 5.212035046740982613e-01 5.275535555795006770e-01 5.357011233383276450e-01 5.341926636505468506e-01 5.233810731866846977e-01 5.118859468784482392e-01 5.140926719209719664e-01 5.059039724185077080e-01 5.734427974212468193e-01 5.727276665948919376e-01 5.356839279958083289e-01 5.170947732239982164e-01 5.193547777242003560e-01 5.515521968234865513e-01 5.388889144401147746e-01 5.289002465859105051e-01 5.281244741104067497e-01 5.304866544593220823e-01 5.258407074759100519e-01 5.267258066958208085e-01 5.239148242901686681e-01 5.135902185627350125e-01 5.178160671432263662e-01 5.141781946358787714e-01 5.136434781124202820e-01 5.121306402087779652e-01 5.143258459528045057e-01 5.183748877956849688e-01 5.270369652614317335e-01 5.183519682966850617e-01 5.240855932441726983e-01 5.308381676316510367e-01 5.355946274255384276e-01 5.149368571872428024e-01 5.168337260401362210e-01 5.398671220977386831e-01 5.409696863099945352e-01 5.335495354401371682e-01 5.214837942279172411e-01 5.345188239686912146e-01 5.354113999007861224e-01 5.412744963634767981e-01 5.390781189058609923e-01 5.380783544247920158e-01 5.365220921601151494e-01 5.228494819375512082e-01 5.143008408704455858e-01 5.233236369720588588e-01 5.207711961771459563e-01 5.240985828006710090e-01 5.261189226666775909e-01 5.276379707513777495e-01 5.235375813327272088e-01 5.319522502338025483e-01 5.265709042067658885e-01
6.434885207000716478e-02 9.131676452451062409e-02 2.073554102938599819e-01 3.946061708681635194e-01 1.000000000000000000e+00 3.243128572851113334e-01 5.135687963894642882e-01 4.897206521966743775e-01 4.491880430952138181e-01 3.789082036318656699e-01 4.516584847444659045e-01 4.997948205564451407e-01 4.716973613254477060e-01 4.105201397509133376e-01 5.077588962395576111e-01 5.194245875379978061e-01 4.411178439933505779e-01 4.018444051094567926e-01 4.135463527853045496e-01 4.285938672932822491e-01 4.539876646976602204e-01 4.655443662136093952e-01 4.046545119369267529e-01 4.284788253715717810e-01 4.223756628323698248e-01 4.475336845201920433e-01 4.465816137845531886e-01 4.298293916933744740e-01 4.083535843251732134e-01 4.039282289879645993e-01 4.288297844346963816e-01 4.544186479671818990e-01 4.340658428327717755e-01 4.602858107499618878e-01 4.338322511807470860e-01 4.733795433287457666e-01 4.490319327137303751e-01 4.498055184384452954e-01 4.647464135191856638e-01 4.619232012029682588e-01 4.846885557770047592e-01 4.780355050522988036e-01 4.815895131668357365e-01 4.889338482861906865e-01 4.825946644700689903e-01 4.600735955795560161e-01 4.778004687762950620e-01 4.781264585341968854e-01 4.853044193123834393e-01 4.735580100321827302e-01 4.769824673368158185e-01 4.952097106805437576e-01 4.991545729980755852e-01 4.812583065717694342e-01 4.753773717908890140e-01 4.752071176255520113e-01 4.914601286759894827e-01 4.734643754383719427e-01 4.688502231070832971e-01 4.926739415181054516e-01 4.941171903865392290e-01 4.844399533362917509e-01 4.826654497991256787e-01 4.988825350028145977e-01 4.885984894159833281e-01 4.889456946568594975e-01 4.809479277168594025e-01 4.778125086962404788e-01 4.777939062714779972e-01 5.004794998155774888e-01 4.994579701784573889e-01 4.833959225168018570e-01 4.833676737720666861e-01 4.762653768026361423e-01 4.825523973257740407e-01 4.786450895904794112e-01 4.753012885643853602e-01 4.623451279040751150e-01 4.663166854124700667e-01 4.612759010043893659e-01 4.769967594878070094e-01 4.693224574638337199e-01 4.829655279830181724e-01 4.682422512951018856e-01 4.769419329353298265e-01 4.785677738988106111e-01 4.758443529210778511e-01 4.763275686830735767e-01 4.776702154750923079e-01 4.878173834767755568e-01 4.803532073520164203e-01 4.844754206412647535e-01 4.814874414998052132e-01 4.795390602763369703e-01 4.792135053696063296e-01 4.819191194902006647e-01 4.952531904519666406e-01 4.951391470045196641e-01 4.934718946171083309e-01 4.817779625288107215e-01 4.904556657373579376e-01 4.905250448906967042e-01 4.936083636345184877e-01 4.895490103940101090e-01 4.952424317112128493e-01 4.941223311011572195e-01 4.861809020706020501e-01 4.808843092242867656e-01 4.845525257164181032e-01 4.824741672689732974e-01 4.824063641795780510e-01 4.887824763344942314e-01 4.868459999024103979e-01 4.867245122242518929e-01 4.873211543651751465e-01 4.886902111935115256e-01
1.974566829553095135e-02 8.260758557961489501e-02 2.223462145185162164e-01 3.922732434810856095e-01 3.243128572851113334e-01 1.000000000000000000e+00 5.241076981149238589e-01 5.108539910607554635e-01 5.141815442594763752e-01 4.727825724447887734e-01 5.490752399891491997e-01 5.846969740439532659e-01 5.271593915401603381e-01 5.089819655035968671e-01 5.924209113759173473e-01 5.940237255888186629e-01 5.026577123091157118e-01 4.310419572155557155e-01 4.632811315048511180e-01 4.414250630548057219e-01 4.768138066801045905e-01 4.889430826115460094e-01 4.435540667890688904e-01 4.659111065214197045e-01 4.760198980104238808e-01 5.125035756781973761e-01 5.230376307669880598e-01 5.135360044927443912e-01 4.884549085492785880e-01 4.850834117289537506e-01 5.220353957599072059e-01 5.498099408655003906e-01 5.235011241082779820e-01 5.459196879931309532e-01 5.214741518705484635e-01 5.493001052632318082e-01 5.363017875384693545e-01 5.608739394500479314e-01 5.627398857326600945e-01 5.547731641162655380e-01 5.809905086834792343e-01 5.804149595996700439e-01 5.755814604522963007e-01 5.909732503541361703e-01 5.744826062670373990e-01 5.628231630300143395e-01 5.976111736384992490e-01 5.949458023730640477e-01 5.981069969615647741e-01 5.774335898532197975e-01 5.856793227186677386e-01 5.820809138668687766e-01 6.021228982065619517e-01 5.803547132764401706e-01 5.729334908706222862e-01 5.671641276397528797e-01 5.865078511664968408e-01 5.821122120271948752e-01 5.794359098057930701e-01 5.942732518342943582e-01 5.952101959220197358e-01 5.889387396088605620e-01 5.818351065512197273e-01 5.947960028625098872e-01 5.921813746852470084e-01 5.882571012009668587e-01 5.928310640239609075e-01 5.771363495469948868e-01 5.828204856855258020e-01 5.912761671955929499e-01 5.900477926521466854e-01 5.815517046697661341e-01 5.746235994939711267e-01 5.758469137106916325e-01 5.921641287986258995e-01 5.917867786570120137e-01 5.857745927902631156e-01 5.769021260178127664e-01 5.820068069293987678e-01 5.724674582321828131e-01 5.867340632799143973e-01 5.823988794932815072e-01 5.880684416278439963e-01 5.795137221675106254e-01 5.871113599774622216e-01 5.840818320715014389e-01 5.881731431090730933e-01 5.938586876885773025e-01 5.883109933628946076e-01 5.940170824966212182e-01 5.904432262674461640e-01 5.962679389837860500e-01 5.936816899211116993e-01 5.954629378424102226e-01 5.985211160640796502e-01 5.990361415062064321e-01 5.959528233925919238e-01 5.962450356203921054e-01 6.008204536350346681e-01 5.958467235372602033e-01 5.990145124558652334e-01 6.012745118300329983e-01 6.015789347825845068e-01 5.997379479907631872e-01 5.967274575772254508e-01 5.995818832718082803e-01 5.998284202437503820e-01 5.958724399555368478e-01 5.972796857612723276e-01 5.993463219720499557e-01 6.002418436020893200e-01 6.003819739529320243e-01 6.006436456012986813e-01 5.971650105754533477e-01 5.938052717044268736e-01 5.985783610071420124e-01
7.518393968747026646e-02 1.445600184309608904e-01 3.040718440779565102e-01 5.965678816418625852e-01 5.135687963894642882e-01 5.241076981149238589e-01 1.000000000000000000e+00 7.609552480743391190e-01 6.867332486138694181e-01 5.986964588240274443e-01 7.126374781840466577e-01 7.956119908577532485e-01 7.137238008130233347e-01 6.673459100222558504e-01 8.431195064203445000e-01 8.266178234277455905e-01 6.740885598400584433e-01 5.961366570557963263e-01 6.182818000917222889e-01 6.189942767631384513e-01 6.552471331724775139e-01 6.824349494085515389e-01 6.076260372565274182e-01 6.408280664069337940e-01 6.381045542599343978e-01 6.910627115219051264e-01 7.075554025383888890e-01 6.921367471315201803e-01 6.398798591395040702e-01 6.368508781607329361e-01 6.744997659609340834e-01 7.378951623319698339e-01 7.074140994344060296e-01 7.358118541905308563e-01 7.054438808110412573e-01 7.316699621422657618e-01 7.102459973621367828e-01 7.449414447748969881e-01 7.531228021098507197e-01 7.484292429275022362e-01 7.639347885178510156e-01 7.715934854273216459e-01 7.814931745108263383e-01 7.818277539699646228e-01 7.654555855134038689e-01 7.509889533755781388e-01 7.731435406535174248e-01 7.705402776222951555e-01 7.860610782729526846e-01 7.642705387753467861e-01 7.754468564471159731e-01 7.705536391539163921e-01 7.879411781686360694e-01 7.600611884942682916e-01 7.512894553370700335e-01 7.509440879262224700e-01 7.794150205957031119e-01 7.636335898390610444e-01 7.689801099054207612e-01 7.808310277800862842e-01 7.814630052673057214e-01 7.733391864125696014e-01 7.670018880501147107e-01 7.856549681958401310e-01 7.683749847352271400e-01 7.716036535113628414e-01 7.673328727043446928e-01 7.594802442602233139e-01 7.637738916100593745e-01 7.836054538235056599e-01 7.801037401059786047e-01 7.640267646797171963e-01 7.633093408733031549e-01 7.503211364118401727e-01 7.780695387437513988e-01 7.721163855813696353e-01 7.676003199135499333e-01 7.486633525970178837e-01 7.579467842413535328e-01 7.469026657652994006e-01 7.638272083849431127e-01 7.526334949679384101e-01 7.754745514081874402e-01 7.610242903900056310e-01 7.706957226481239154e-01 7.690685767040317256e-01 7.638278162992833131e-01 7.765105003463239619e-01 7.704164940342317358e-01 7.818726046920201345e-01 7.769121822936071453e-01 7.795766605725565901e-01 7.765629688186026502e-01 7.797841933744292797e-01 7.754442097943757828e-01 7.771188288877944883e-01 7.924703492961470142e-01 7.845562050730675585e-01 7.855254597215592938e-01 7.800475218187942206e-01 7.890631151206990435e-01 7.846258651750239732e-01 7.836364403374532772e-01 7.854581230221421295e-01 7.826837660251375617e-01 7.860747705822749287e-01 7.832088545837928573e-01 7.750152543846238196e-01 7.766824630593208711e-01 7.769930591382713247e-01 7.812886974915840277e-01 7.817456867729738468e-01 7.808293207224955568e-01 7.799998052437475682e-01 7.743795779178468397e-01 7.767065210910700790e-01
1.110617379900070457e-02 1.203969254511604164e-01 2.946922319604019513e-01 5.289207977912283587e-01 4.897206521966743775e-01 5.108539910607554635e-01 7.609552480743391190e-01 1.000000000000000000e+00 6.501144109822682982e-01 5.675350149668039190e-01 6.649921535261155148e-01 7.466526034221718788e-01 6.901481006733648504e-01 6.447207683523108468e-01 7.910899610142454463e-01 7.969750384453968550e-01 6.316852081547331688e-01 5.511250348978932179e-01 5.745799145974658240e-01 5.744841736862489334e-01 6.180247011961267356e-01 6.323375181367821840e-01 5.510219160126188509e-01 5.958166395269153259e-01 5.929039928707522389e-01 6.322209098232467461e-01 6.371015057330206011e-01 6.222922019815105843e-01 5.743931209495947154e-01 5.771531351496281825e-01 6.237417136130255502e-01 6.872561797681057127e-01 6.494671590888214663e-01 6.906551346159389704e-01 6.455451128818308071e-01 6.935587583915655552e-01 6.606810149562639678e-01 6.993285090949576954e-01 7.068922403237466456e-01 7.021610210508357763e-01 7.201236128624455279e-01 7.288663425657296857e-01 7.312844942581356866e-01 7.371636203876956728e-01 7.213927424546381362e-01 7.072312809271968925e-01 7.448214909381339899e-01 7.388861739500010017e-01 7.516731622725139061e-01 7.238528947168897387e-01 7.333319552446869727e-01 7.383586738205002442e-01 7.547708046772700907e-01 7.260756875048990366e-01 7.172950095978334328e-01 7.077837910152922074e-01 7.444317458775345786e-01 7.303499966773675522e-01 7.289799183406471261e-01 7.482104777431159981e-01 7.489582631347394548e-01 7.402146472162650648e-01 7.318210476162479994e-01 7.528758205102151768e-01 7.420076189163923308e-01 7.394058972093821014e-01 7.388255685902251901e-01 7.267015743867771826e-01 7.245612454050796014e-01 7.483862463257108244e-01 7.453840947941118289e-01 7.274816296656385628e-01 7.302194063432440041e-01 7.187844119771185092e-01 7.395410772550953249e-01 7.337572482827990905e-01 7.258258454610669874e-01 7.024421245365524147e-01 7.181209192778029715e-01 7.081645898096918801e-01 7.242514706212046516e-01 7.158925936118442079e-01 7.415804696048314826e-01 7.228707479614012721e-01 7.313839789942290226e-01 7.342969064935547241e-01 7.284602736045733273e-01 7.435396657746577986e-01 7.383091605208571551e-01 7.443354158909297746e-01 7.374242084088530325e-01 7.472887507369601057e-01 7.433795739213228115e-01 7.426380998715267356e-01 7.470709575906178124e-01 7.474839714105860899e-01 7.544605548383858107e-01 7.528787789819929577e-01 7.550005480048320727e-01 7.497404251505791484e-01 7.555760422079892402e-01 7.548724294298352344e-01 7.532258272033692803e-01 7.543208997842165697e-01 7.507498714891698288e-01 7.557707726530524805e-01 7.530822421376999198e-01 7.434719458668866965e-01 7.440794135138211196e-01 7.492111887033662265e-01 7.526057615672860912e-01 7.520717924179749492e-01 7.512938512831008886e-01 7.507454572917368063e-01 7.436396253318399152e-01 7.476330590818408561e-01
1.745816523996022440e-01 1.891065606636044838e-01 3.829492721504726971e-01 4.833926724336662373e-01 4.491880430952138181e-01 5.141815442594763752e-01 6.867332486138694181e-01 6.501144109822682982e-01 1.000000000000000000e+00 6.993910177333173550e-01 8.110097068250705643e-01 8.104452207095178551e-01 7.600076455703911327e-01 7.204253116358421138e-01 7.994055346109479876e-01 7.860864076840602399e-01 8.087335996753041156e-01 7.885008468141609939e-01 8.067649722392495892e-01 6.363480494483590988e-01 7.093115071381499437e-01 7.857071744708675753e-01 7.921231012847969044e-01 8.047671413860280065e-01 7.937872092717156436e-01 8.693219816857548077e-01 8.534721371390121547e-01 8.599898298412722575e-01 8.154247531447670339e-01 8.425660495106745973e-01 8.434312035554913933e-01 8.656711379315696897e-01 8.471187900598571296e-01 8.659774805241335915e-01 8.644989228906576617e-01 8.640081956443144140e-01 8.758589141278740886e-01 8.611037651639128487e-01 8.774248587031917568e-01 8.497691919568736152e-01 8.787086711460792010e-01 8.695042501940664081e-01 8.542127092273508193e-01 8.779714354607283111e-01 8.795774958926212417e-01 8.691465212399068774e-01 8.478160492849886598e-01 8.655935232251382727e-01 8.552769202262923143e-01 8.471119396687629699e-01 8.567940648921841262e-01 8.336852585228837764e-01 8.478254049752598220e-01 8.835247253574465276e-01 8.797998037995392595e-01 8.866703624943474971e-01 8.678261229871233606e-01 8.715474786626816739e-01 8.646882001739831791e-01 8.771365674924407330e-01 8.649376202678125125e-01 8.743509227609951306e-01 8.690997419483922348e-01 8.685076583179633936e-01 8.624448512646633036e-01 8.772024750581433050e-01 8.626235775859049104e-01 8.788713035512758509e-01 8.805385385322788139e-01 8.572349227205877664e-01 8.583253909620807143e-01 8.740776075978420323e-01 8.730329776498294558e-01 8.666513901225607608e-01 8.803177710199978634e-01 8.681824636993218380e-01 8.725084871608350667e-01 8.697672815412016423e-01 8.650625378440780500e-01 8.684943181144005875e-01 8.755304564937503864e-01 8.650788347944001755e-01 8.723562457599896014e-01 8.747438458770067093e-01 8.720386257575577504e-01 8.721650271929674014e-01 8.716146582115630315e-01 8.597580118143898220e-01 8.643931749467209658e-01 8.681910384222195631e-01 8.669066352628128636e-01 8.612829603052887251e-01 8.648119579333585216e-01 8.636865457225413323e-01 8.446616231584067602e-01 8.585435652546595797e-01 8.461965989707096458e-01 8.583823100419366581e-01 8.522149336446191992e-01 8.481936522996021965e-01 8.502046387572052000e-01 8.547191916185494787e-01 8.502062231126634728e-01 8.605117375817564751e-01 8.629784328368234059e-01 8.577688485516827832e-01 8.586918458087682282e-01 8.619824338118008411e-01 8.687325268123023969e-01 8.586763232835497028e-01 8.519575308351112763e-01 8.605459499608802965e-01 8.578488712985762321e-01 8.577959970445343529e-01 8.644848117751873229e-01 8.645224473991310887e-01
3.887417285008632623e-02 2.048245958636759900e-01 2.657238882688751636e-01 3.562461753327787473e-01 3.789082036318656699e-01 4.727825724447887734e-01 5.986964588240274443e-01 5.675350149668039190e-01 6.993910177333173550e-01 1.000000000000000000e+00 6.848439750557072658e-01 6.930990500486495787e-01 6.724493164838308834e-01 6.770007814276910452e-01 7.521674087615739523e-01 7.226292771456901409e-01 6.802694474815209613e-01 5.899178338380297593e-01 6.314200828953622224e-01 4.663341692471958955e-01 5.249413289038571406e-01 6.105045899755122685e-01 6.316731304788982815e-01 6.222828126445533181e-01 6.451960907789859867e-01 7.059630494916927512e-01 7.006350691980690604e-01 7.175395237260365766e-01 6.861273044502373963e-01 6.967569998908094142e-01 7.300237707205817772e-01 7.492725862309985718e-01 7.296793874791249745e-01 7.466888005403787831e-01 7.295361149539753010e-01 7.502520341065845866e-01 7.450616843653617982e-01 7.733276190415736551e-01 7.767193425959020292e-01 7.497884020173476438e-01 7.832627384238001200e-01 7.878484986724652028e-01 7.605633524050483540e-01 7.821913370570866553e-01 7.695555978365090644e-01 7.858548473589218597e-01 7.967320756825940764e-01 8.069136749758000215e-01 7.896971993742216700e-01 7.586911027170127886e-01 7.773910816057350015e-01 7.361561910162155442e-01 7.567233739687829752e-01 7.817382187190982101e-01 7.711617686740110944e-01 7.788879439618712208e-01 7.643729495631039761e-01 7.922120290662588715e-01 7.802876100189158892e-01 7.905691498905416115e-01 7.848798016344070705e-01 7.909617691666757100e-01 7.786243696754882038e-01 7.811940178047002137e-01 7.824956658863266856e-01 7.903208092325110234e-01 8.000287675821224909e-01 7.859231281367390354e-01 7.912230053858687606e-01 7.538913828788709193e-01 7.604695254440348995e-01 7.792955474004408245e-01 7.762146209174651812e-01 7.745933552812990230e-01 7.839952256578859302e-01 7.904382323589772552e-01 7.892337456031635057e-01 7.875239871662850222e-01 7.904088905799613318e-01 7.870568475117640794e-01 7.883683955329461313e-01 7.942244998021327218e-01 7.973120981862386047e-01 7.946359847882158434e-01 7.931860026571735389e-01 7.933997488313591084e-01 7.967189959654756848e-01 8.015594442315413515e-01 8.032055185873969716e-01 7.934200517931517815e-01 7.936679697739807970e-01 7.994907103543611449e-01 7.956722790221210095e-01 7.986852149799559264e-01 8.006454519640864298e-01 8.033309868057287861e-01 7.719064701207970502e-01 7.727667234767107152e-01 7.826756901408272737e-01 7.928944008704323920e-01 7.864227383807140814e-01 7.857493822940727624e-01 7.879010678499083209e-01 7.923509439587017589e-01 7.884061996673563666e-01 7.807293741579385271e-01 7.971059746977231519e-01 8.030371520181831535e-01 7.961232837955826147e-01 7.989143974227985723e-01 7.955578726869645401e-01 7.984009517946625278e-01 7.934003144455159529e-01 7.944883779015801117e-01 7.913878863376819783e-01 7.974785543742994864e-01
9.494607326346100884e-02 1.382589494059228707e-01 4.010738824246620760e-01 5.486473691871577296e-01 4.516584847444659045e-01 5.490752399891491997e-01 7.126374781840466577e-01 6.649921535261155148e-01 8.110097068250705643e-01 6.848439750557072658e-01 1.000000000000000000e+00 8.511077806364256704e-01 7.712628736490030334e-01 7.418642692396038019e-01 8.248719558430214205e-01 8.078157698358682248e-01 7.850742385223909992e-01 7.478908951067635424e-01 7.898008923770960532e-01 6.302192515593408872e-01 7.286554736178690872e-01 7.940126305936585638e-01 7.422865578565512878e-01 7.706781850180440818e-01 7.924926424245851697e-01 8.585916497285379645e-01 8.556856715808029978e-01 8.550337547021142903e-01 8.200888847082159483e-01 8.318712347926182638e-01 8.577582070331982722e-01 8.454878012285301780e-01 8.347144733268214711e-01 8.539864503662236705e-01 8.434897815158648449e-01 8.569488216699303607e-01 8.687976347605753658e-01 8.618439759205910322e-01 8.774612659355223165e-01 8.608080594965213939e-01 8.834765942399548377e-01 8.756290896963916381e-01 8.682462460350895972e-01 8.877045546829056555e-01 8.830901352884251709e-01 8.784488982176088534e-01 8.637985060951572924e-01 8.689977878070447304e-01 8.624957234480947754e-01 8.541837398044556107e-01 8.668074717369890214e-01 8.470680926811329226e-01 8.643660539007675947e-01 8.781765847069158415e-01 8.734331795884829885e-01 8.743963689839729936e-01 8.710112540586496532e-01 8.772917713062675649e-01 8.723291324744880670e-01 8.792788406701458337e-01 8.733066819123270763e-01 8.742778621655717952e-01 8.722810381086814058e-01 8.710896386803417268e-01 8.723856235156018935e-01 8.750913125959520755e-01 8.684634346185750031e-01 8.790164656232223317e-01 8.730497508145583785e-01 8.648712130574925938e-01 8.763399816696761935e-01 8.855825128923228151e-01 8.704780119622915757e-01 8.753059648691519090e-01 8.927186539577387503e-01 8.834671099583742970e-01 8.837341247994097149e-01 8.808368610945772614e-01 8.797865617734469401e-01 8.793785039116636115e-01 8.854054152867300020e-01 8.814953241444180021e-01 8.738973623704568983e-01 8.817113932104988505e-01 8.753261331878544604e-01 8.780631672119115771e-01 8.806233974422867927e-01 8.730234989873372209e-01 8.757573206596890314e-01 8.785718894204368468e-01 8.803110833665315216e-01 8.753746012408595290e-01 8.805374694349250575e-01 8.814098726478182266e-01 8.607270271788118876e-01 8.682013955526647342e-01 8.674676048993381627e-01 8.684193808398634751e-01 8.676849200173356591e-01 8.656959505269388178e-01 8.690335646408768877e-01 8.688521627177895335e-01 8.675765070502666765e-01 8.751815049406951319e-01 8.761147332229254348e-01 8.681451463490355014e-01 8.673615135010372956e-01 8.703688998687426626e-01 8.787311728084437057e-01 8.700387886703463414e-01 8.679063140272386123e-01 8.699487974945171453e-01 8.691052980910822789e-01 8.676109399191498373e-01 8.730478465848757752e-01 8.722113002358552469e-01
7.274238080859544986e-02 1.110039638781495502e-01 3.895454507357126728e-01 6.534385411564317403e-01 4.997948205564451407e-01 5.846969740439532659e-01 7.956119908577532485e-01 7.466526034221718788e-01 8.104452207095178551e-01 6.930990500486495787e-01 8.511077806364256704e-01 1.000000000000000000e+00 8.166987669287919527e-01 7.846393222663241573e-01 8.916571365771845947e-01 8.780453523626021717e-01 7.920760696083044561e-01 7.149231412771084315e-01 7.612938249268622615e-01 6.887021897760479128e-01 7.675640200485570608e-01 8.072455577752130074e-01 7.063195783856363041e-01 7.568092171267594148e-01 7.737465041711710789e-01 8.268742462025343576e-01 8.471988639117555842e-01 8.280193272877762745e-01 7.953092439926836565e-01 7.998171614013145359e-01 8.304654230924419789e-01 8.501098663420966206e-01 8.253819692790573814e-01 8.584805013625079750e-01 8.360121022939572821e-01 8.572819805710983898e-01 8.574900974416340693e-01 8.718893363433404264e-01 8.835035753128628322e-01 8.592372090684872177e-01 9.003730288796008008e-01 8.956695507905209075e-01 8.886590948767292275e-01 9.111929456034262298e-01 8.983400528042957411e-01 8.840510377692416544e-01 9.048275941530725675e-01 9.023750113696045183e-01 9.074943374831868637e-01 8.857605457316336528e-01 8.951935270732186423e-01 8.905783256164665485e-01 9.124957828841766538e-01 8.973589373546382308e-01 8.897518812955942380e-01 8.729519980110397315e-01 9.076420265991892444e-01 9.023617900489394605e-01 9.029123845157814854e-01 9.132777160578352538e-01 9.105589880590413410e-01 9.059338208136231696e-01 9.029852530550407375e-01 9.097689333455079019e-01 9.059837353631149393e-01 9.056174185500612817e-01 9.008730306943207866e-01 8.986239328437644058e-01 8.905635411269322566e-01 9.112624574765522123e-01 9.199232806495533099e-01 9.073545081196331408e-01 8.927859768658954476e-01 8.924001558592639105e-01 9.157940505193549185e-01 9.124776700126598916e-01 9.040725654817958201e-01 8.980090510700937667e-01 8.998409198824782740e-01 8.988125470621209923e-01 9.062679017179682273e-01 9.016548707018131603e-01 8.952902569027141322e-01 9.004452107935554395e-01 9.001413543920055993e-01 9.025600097083816831e-01 9.019027151732839087e-01 9.017053388236478950e-01 9.031884890537544841e-01 8.999149761559300797e-01 9.013436473228845225e-01 9.097965688021144581e-01 9.103526423762701159e-01 9.112237610621700679e-01 9.044606229674834186e-01 9.058851430766721169e-01 9.072260573668358141e-01 9.118291616995657378e-01 9.107890522076909079e-01 9.023026272844374418e-01 9.086932769762104956e-01 9.118804070804608086e-01 9.121796724769848375e-01 9.148802780873227514e-01 9.119269766875298666e-01 9.102017771985787542e-01 9.098417075994477132e-01 9.037037633630097266e-01 9.077686264114835923e-01 9.069128856139233585e-01 9.054215683122036618e-01 9.110452962331447857e-01 9.084691910659468128e-01 9.081538233340964439e-01 9.113207566895266121e-01 9.088764038999248562e-01
7.789488710147346451e-02 1.193770961963599997e-01 3.162525551996208106e-01 5.139289852392786573e-01 4.716973613254477060e-01 5.271593915401603381e-01 7.137238008130233347e-01 6.901481006733648504e-01 7.600076455703911327e-01 6.724493164838308834e-01 7.712628736490030334e-01 8.166987669287919527e-01 1.000000000000000000e+00 7.181389485611253676e-01 8.270131123033515053e-01 8.220813205268747703e-01 7.559912795886154502e-01 6.898676837137459605e-01 7.141967077961312027e-01 6.180275803546395608e-01 6.843963989058702291e-01 7.348500941546118881e-01 7.039639792288998610e-01 7.177237504846251115e-01 7.244882137476897910e-01 7.668307433150881591e-01 7.731648005676025059e-01 7.645715417890560639e-01 7.266530018335920493e-01 7.355607379098186849e-01 7.626200225177141023e-01 8.052722111710349795e-01 7.734310228445051560e-01 8.096956229644193259e-01 7.798032761362815313e-01 8.113407284920465257e-01 7.972130372995257508e-01 8.110154027642466623e-01 8.286097751559380331e-01 8.043223132229185834e-01 8.400682155885195179e-01 8.341085655157397527e-01 8.292186931097063063e-01 8.393895913579814128e-01 8.341274397184582634e-01 8.204073417014625669e-01 8.424187683091520773e-01 8.470683214487377821e-01 8.445667154892163575e-01 8.239937437174763568e-01 8.322857014791377184e-01 8.254108106998009342e-01 8.406874863949483911e-01 8.418644216396085067e-01 8.334299901352468787e-01 8.300251478978342146e-01 8.452182942333683613e-01 8.397756207171513942e-01 8.353124388066079931e-01 8.519204287125938801e-01 8.488629287325135664e-01 8.429315535435102369e-01 8.386292827301672359e-01 8.479096120346942822e-01 8.431826918834357532e-01 8.456839482595475133e-01 8.466236668115834085e-01 8.455218562128823390e-01 8.438483003519965386e-01 8.406277683739381557e-01 8.458264192289930428e-01 8.441958747069987501e-01 8.418918237792424319e-01 8.376108644139843573e-01 8.472766805904436982e-01 8.426968787113682247e-01 8.386452083772987232e-01 8.318007929535362610e-01 8.355311681846938621e-01 8.308612475593443181e-01 8.412790406685463074e-01 8.339775184930836582e-01 8.480269212190876260e-01 8.401613134996092080e-01 8.443241242875005881e-01 8.480818000866759965e-01 8.444624502375284170e-01 8.438521497317413855e-01 8.446096685010877625e-01 8.468837066182193229e-01 8.432542122838188048e-01 8.489328791759769288e-01 8.495568358271620157e-01 8.472410225344129131e-01 8.446357606290241238e-01 8.479256654025811857e-01 8.463266432475290424e-01 8.488002712681382844e-01 8.489152384122955475e-01 8.454729381687849932e-01 8.481345408655369678e-01 8.483342151018751220e-01 8.454777221100181483e-01 8.524788194665935404e-01 8.521809716673016677e-01 8.506945909301172337e-01 8.503546714959924202e-01 8.483219815648955775e-01 8.501131935047748778e-01 8.466671486849712824e-01 8.452443643186401401e-01 8.495195104577079048e-01 8.469599882041893846e-01 8.506746579216561965e-01 8.492493394277625951e-01 8.488656335501614247e-01
