1.000000000000000000e+00 2.048145954146854963e-01 1.691409235542142564e-01 1.331588505934555300e-01 3.323902374195029236e-02 3.445793235800062582e-02 8.117858642502534181e-03 3.440023808575395220e-02 1.798228436942521380e-01 1.421861754076398088e-01 1.121550703439841840e-01 4.622066915104137280e-02 2.688591688928892651e-02 4.422536307797346466e-02 2.081134950478119496e-03 3.539359551038629564e-02 1.245246859146875856e-01 3.141725775277046107e-01 2.244286220813827559e-01 1.606727891821960186e-01 2.090898181350424323e-01 1.505524477967864205e-01 2.993095587092680088e-01 2.728290516679425237e-01 2.083258423469330489e-01 2.337786109650434319e-01 1.994045115110370525e-01 1.972444346514541091e-01 2.284113631300406511e-01 2.388984642440959705e-01 1.741320130243187714e-01 1.636745598140910696e-01 1.604100332923859007e-01 1.655969884795343017e-01 1.885950466197374442e-01 8.515306226821443836e-02 1.803422236666987200e-01 6.751175116083010797e-02 7.842817433174001374e-02 1.946879686327386907e-02 6.686691841818351301e-02 4.014343345915418609e-02 2.936788527668405049e-02 2.410359511676726102e-02 7.137493756307242143e-02 7.713426015140002756e-02 9.164641146526828278e-03 5.580543237951742647e-02 3.023526063246519471e-02 2.771229477905127331e-02 2.444706956576938456e-02 1.128308134488846233e-03 -5.236143509084936060e-03 1.004184678225130273e-01 7.628078494360980566e-02 8.794116621043358839e-02 5.211330767766667732e-02 3.180058740169885989e-02 2.790405322520817660e-02 3.236541025499808238e-02 8.718522477329354245e-03 3.646625082252674677e-02 2.882578544818343441e-02 4.226615248798314822e-02 6.612125021795885182e-02 6.335500586081042884e-02 5.081321729165039214e-02 9.832531462684919454e-02 9.953446716382038928e-02 8.854979917204076900e-02 5.982050450088434446e-02 6.728857620219937108e-02 1.102758469073905206e-01 9.750121138907633100e-02 7.227606486011978193e-02 7.149273975555950345e-02 7.881165694654126974e-02 1.131465433281798466e-01 9.322029818953586622e-02 1.027991281624090342e-01 8.519112397093558942e-02 7.284649908671100849e-02 9.176209838223985116e-02 7.635371304836173489e-02 6.006296446015649271e-02 7.590807033013748095e-02 6.477920218079515069e-02 4.955148883402478444e-02 5.731400223716864861e-02 7.062055982840585722e-02 5.692060471080891138e-02 2.793486450675954427e-02 4.488274938793692520e-02 4.591554384700047287e-02 1.016024602199455500e-02 2.956792608918099377e-02 3.054894542786062289e-02 5.464246756386374748e-02 2.060464562727822718e-02 2.895188166249558492e-02 3.855229898449032133e-02 3.967612312447979517e-02 1.548570188618926535e-02 1.881473515798956497e-02 3.156581633945684806e-02 5.636361919225207906e-02 4.214505649916192725e-02 4.513522992763507879e-02 5.050563993360175641e-02 3.115504969675612912e-02 4.035559762169289161e-02 2.780456069392683860e-02 4.224968858939905092e-02 4.671240006283504387e-02 3.430614934768733137e-02 3.685719269037497636e-02
2.048145954146854963e-01 1.000000000000000000e+00 1.104069971988042853e-01 1.113650385880786686e-01 9.384575882603168884e-02 9.320915126855981725e-02 9.010157274877979294e-02 1.276809692286676734e-01 2.180646613351937269e-01 2.642259946958586125e-01 1.503194910375861559e-01 1.321960861287792832e-01 1.232502234864616547e-01 1.204288310900988590e-01 1.275077270902252036e-01 1.425067542681108523e-01 1.609054528933165085e-01 2.763193082851537752e-01 1.987915126104201902e-01 1.265796758651943354e-01 1.580520868537788615e-01 1.436680654203039420e-01 3.083209698206664240e-01 2.500172393610118338e-01 2.014516463006170155e-01 2.869518780135648650e-01 2.423662223408348804e-01 2.580500337948700151e-01 2.731192422820421517e-01 2.926665678971084872e-01 2.492170577972546708e-01 2.473802680656474462e-01 2.421813855831056184e-01 2.095453196514253380e-01 2.686277807286994168e-01 1.549404618280398604e-01 2.470733915563795846e-01 1.711287367886921706e-01 1.755857734546328874e-01 1.189488236616446371e-01 1.784727821237482304e-01 1.511632687857193957e-01 1.234340774582579625e-01 1.309671891238883001e-01 1.629534576322887451e-01 1.831401705448502948e-01 1.398466185841678311e-01 1.794814383681093972e-01 1.434170868697202117e-01 1.338752689887219849e-01 1.328838375093531199e-01 8.482565929370321223e-02 1.021922725250145325e-01 2.126884158616312026e-01 1.941701159823402967e-01 2.011596623464657063e-01 1.525358137847169504e-01 1.474998083889085265e-01 1.472200344644866987e-01 1.562808908693436027e-01 1.319419400200869952e-01 1.514778424495628883e-01 1.376228297213416829e-01 1.412732086795356057e-01 1.613358523384703647e-01 1.637161996722372448e-01 1.656015930562639293e-01 1.935023761147854904e-01 2.055295992066499822e-01 1.615674189943718808e-01 1.519020747098148716e-01 1.689106487012018709e-01 1.960044931960636949e-01 1.840707434440655155e-01 1.911714029186706298e-01 1.833058517427144651e-01 1.953982898254854883e-01 2.147229687844011137e-01 2.067386203817425938e-01 2.109464624573468283e-01 1.992768910628957280e-01 1.895266939744170986e-01 1.934806477142665404e-01 1.951326954600839658e-01 1.813531741354533211e-01 1.835485346934248030e-01 1.802218656710788958e-01 1.759514682340243275e-01 1.778288680209004768e-01 1.909473238469024392e-01 1.798768064652258303e-01 1.585504946871363618e-01 1.665806436040992988e-01 1.712055892428359927e-01 1.493205510858244822e-01 1.638754054789516579e-01 1.503311018468116156e-01 1.597966365098438257e-01 1.459236830369136928e-01 1.529107648120388852e-01 1.534697799875824609e-01 1.593150581512804975e-01 1.339529872344213945e-01 1.389842401187880716e-01 1.438536450366014741e-01 1.724691454188675699e-01 1.630736627314375575e-01 1.775733603650569425e-01 1.811528348041147596e-01 1.569429530677671492e-01 1.725415933544069691e-01 1.542660647505355032e-01 1.671393987573043527e-01 1.595210290386000485e-01 1.522214850433059041e-01 1.543701280724951441e-01
1.691409235542142564e-01 1.104069971988042853e-01 1.000000000000000000e+00 3.794605335489928399e-01 2.043031411461465885e-01 2.138440937050338497e-01 2.942018466985534819e-01 3.088904636342600374e-01 3.675490952312437387e-01 3.184703619851582124e-01 3.792277210702710843e-01 3.855246521891479983e-01 3.243010955694021202e-01 3.156144107895685891e-01 3.481169220253236829e-01 3.660692411813316061e-01 3.427806256213452030e-01 3.997546257394563596e-01 4.038443875216423118e-01 3.325232124613725637e-01 3.847248054460206124e-01 3.983523190587397456e-01 3.871342530219680778e-01 4.112179385356117267e-01 4.106496591279699682e-01 4.085888425655669898e-01 4.242223837417227195e-01 4.052613811018743739e-01 4.232148257057760654e-01 4.328469120496981071e-01 4.223442229416585758e-01 3.889633799509383261e-01 3.853996587659877515e-01 3.990411998740645005e-01 3.907825353216966002e-01 3.755704378142403210e-01 4.094583444109103354e-01 3.609273049408612821e-01 3.846785686109077118e-01 3.414015051877837825e-01 3.705995055861039944e-01 3.567643378808688093e-01 3.597778012896848399e-01 3.665331775895882549e-01 3.797415175254737485e-01 3.806035159827824699e-01 3.473455156659718268e-01 3.634021166155793625e-01 3.586206489318433110e-01 3.665862583379310702e-01 3.640475814642066821e-01 3.563011934650455181e-01 3.430076846573918425e-01 3.622022844607487024e-01 3.638502375532464139e-01 3.760729436943779924e-01 3.567218186917555101e-01 3.531467348649863225e-01 3.557903493043090837e-01 3.540316000305029909e-01 3.559774028681207403e-01 3.575476213599664832e-01 3.512000829051610262e-01 3.684330871365769089e-01 3.755752573863117560e-01 3.727460038521137609e-01 3.712554285152944167e-01 3.921952066148781668e-01 3.863079458275374689e-01 3.896029839013211982e-01 3.917069812987405419e-01 3.902402067984042655e-01 3.941785494935372003e-01 4.008840976198754791e-01 3.857948204744796605e-01 3.873730139275050610e-01 3.864892848064814257e-01 4.028923079246244932e-01 3.946487243933913258e-01 4.031980459336047540e-01 3.933245635464997503e-01 3.899517365289579818e-01 3.836727387186981142e-01 3.795784577524035641e-01 3.732197868011525310e-01 3.845362488061013218e-01 3.832481634266608483e-01 3.646301834453736790e-01 3.752310075639913589e-01 3.735575141231825547e-01 3.691801484249020437e-01 3.611326163018593327e-01 3.718757623694540770e-01 3.728209638782106206e-01 3.507924777359045510e-01 3.556183068202874442e-01 3.662004309403766866e-01 3.702191796673035551e-01 3.613830578963042051e-01 3.632497661760542562e-01 3.694950829884970367e-01 3.633356149262028101e-01 3.587362054261293287e-01 3.630477611851660180e-01 3.690674063873621291e-01 3.634786066055322173e-01 3.672976629515950497e-01 3.571255253044997025e-01 3.582772176988585078e-01 3.579032720321060346e-01 3.524982108375944168e-01 3.583993002638295455e-01 3.613752879566420884e-01 3.701218683268582277e-01 3.672930936584979933e-01 3.663975871728226696e-01
1.331588505934555300e-01 1.113650385880786686e-01 3.794605335489928399e-01 1.000000000000000000e+00 3.372233763758012981e-01 3.610855565376798193e-01 5.319551495794333507e-01 5.363863852105830166e-01 5.476014739669275988e-01 4.733679987625021846e-01 5.879704682975215313e-01 6.646517127473957620e-01 5.362914617636803660e-01 5.108968928322361602e-01 5.909374612765916357e-01 5.990148025289085965e-01 5.515571800709160311e-01 5.426428258760926937e-01 6.127522641787571667e-01 5.190001060364084484e-01 6.140860736592324010e-01 6.474600785294103433e-01 5.444010753774032318e-01 5.935034386457094246e-01 6.249613913886818972e-01 6.064863000150425565e-01 6.387078819485867420e-01 6.216674780248114818e-01 6.011634756139135893e-01 5.917061692529274053e-01 6.347889899779607381e-01 5.930245289330611236e-01 5.822595505320175002e-01 6.253568061052984239e-01 5.513384816528291710e-01 6.260325460454533308e-01 6.136373712667742009e-01 6.058124431882838667e-01 6.183958061737211409e-01 6.107635569519832552e-01 6.016867441475933775e-01 6.005138395555231767e-01 6.199654202803261960e-01 6.186030926905504712e-01 6.231171708302817303e-01 6.177998292722318707e-01 5.729406611431100416e-01 5.745345518081612646e-01 5.850351567179905565e-01 6.034796851313136701e-01 6.068620538432968337e-01 6.061345094806569467e-01 5.787659779713675290e-01 5.606329817267453608e-01 5.757077111448845042e-01 5.986931410663152153e-01 5.678929404021709759e-01 5.828100147136621167e-01 5.928913300888587479e-01 5.722964650001219900e-01 5.775343777744756935e-01 5.818513631080032278e-01 5.763951248198581068e-01 5.879438860415020507e-01 5.904622012289123534e-01 5.888351739010228014e-01 5.913364317033487083e-01 6.101101028425127693e-01 6.009684716693443063e-01 6.281700663545928265e-01 6.342170098943827883e-01 6.175362177861625224e-01 6.163405238736120451e-01 6.253163104943199047e-01 6.030475082156881994e-01 6.018457693054669599e-01 5.951387367406346662e-01 6.091859189035444544e-01 6.093507949734551232e-01 6.024136145402400055e-01 6.014267135923678786e-01 6.012294706023849633e-01 6.024434954099501249e-01 5.843318286096399472e-01 5.922707657507451096e-01 6.055896148791616307e-01 6.041509519768054615e-01 5.839691356959219037e-01 5.940487025390753795e-01 5.874844156308858256e-01 5.884121972693852065e-01 5.853702972034786622e-01 6.006867214981355119e-01 5.912912889883471523e-01 5.660059847186889037e-01 5.670826651713053446e-01 5.863572796221846462e-01 5.807748678182418356e-01 5.817616398829575930e-01 5.930756357271386170e-01 5.955242291691416057e-01 5.778719832054733940e-01 5.820318765232459501e-01 5.885583212671693376e-01 5.992582843075722199e-01 5.721492876557654483e-01 5.832971066322889531e-01 5.636451395725536884e-01 5.730212856832264112e-01 5.774352522015598899e-01 5.655356143282879167e-01 5.707277901996326008e-01 5.741605789248883651e-01 5.828636433421120477e-01 5.844085586366318807e-01 5.808813060074536905e-01
3.323902374195029236e-02 9.384575882603168884e-02 2.043031411461465885e-01 3.372233763758012981e-01 1.000000000000000000e+00 3.187781328647449341e-01 4.903599446764523861e-01 4.730137720940465473e-01 4.361323253036789027e-01 3.975869611037168849e-01 4.533806882009006611e-01 4.891781189084888348e-01 4.915776697043635624e-01 4.365106300526814809e-01 5.205399461448163567e-01 5.041002246330504866e-01 4.420423295101081895e-01 3.918723768723184619e-01 4.429452985750080840e-01 3.903653145406761893e-01 4.368445310160448125e-01 4.752132079236608408e-01 3.966710488686635006e-01 4.189983951783892158e-01 4.462079154515192214e-01 4.673664257226530228e-01 4.652371905427358789e-01 4.807475159952294685e-01 4.545704546269986879e-01 4.428837515271759617e-01 4.775032300320040113e-01 4.727790993920172880e-01 4.723851875193549876e-01 4.763620077615939863e-01 4.577802490197864782e-01 5.099692150393555501e-01 4.749678615991313468e-01 5.044744304094992415e-01 5.023362360653973457e-01 5.117044663595545773e-01 5.108738559235169729e-01 5.146379424598831465e-01 5.312558401583238332e-01 5.156033632630045993e-01 5.095696065415963316e-01 5.009131771921351284e-01 4.980414200061508145e-01 4.856166198153207825e-01 4.866627832854015234e-01 4.851088982111752546e-01 5.030589310494401056e-01 4.929445660415189279e-01 4.912735588857333746e-01 4.820968958022664452e-01 4.934988444498387139e-01 5.040115297388020332e-01 4.801091141331080836e-01 5.027591830577968768e-01 4.980701271627131499e-01 4.978502415446887097e-01 4.910069150100144775e-01 4.986700599549097612e-01 4.938181784927633267e-01 4.912143825979964351e-01 4.941700638845457627e-01 4.961728925655032874e-01 4.957578743749154748e-01 4.963234967536079845e-01 4.955662266699505936e-01 5.063661806036210411e-01 5.031840709942378975e-01 4.988998344934058582e-01 4.944126127784004288e-01 4.934853402825902791e-01 4.997614408262511798e-01 4.987739022509791176e-01 4.971341540191174801e-01 4.943158555053421277e-01 4.974218588984422040e-01 4.877654914490287541e-01 4.892193711189603000e-01 4.927005689549964207e-01 4.947551210741491512e-01 4.898361983274968079e-01 4.924046922774975021e-01 4.956598083660890830e-01 5.006696049955920991e-01 4.950305423247124414e-01 4.968170483164181528e-01 4.967340971716071585e-01 5.008414015830624511e-01 4.994005916606386597e-01 5.017814193456716643e-01 4.963729971624472603e-01 4.872215438140217181e-01 4.905692105578104423e-01 4.927564848321135393e-01 4.845738698960365687e-01 4.942192222696253356e-01 4.990322919581070549e-01 5.057141277385017730e-01 4.925130943770429370e-01 4.905021852907214264e-01 4.990131584178271740e-01 4.992695481121159351e-01 4.864648856807295418e-01 4.881524862562050537e-01 4.926258392191624758e-01 4.928900288504466376e-01 4.951479532625716051e-01 4.902881791005555545e-01 4.909986667962996099e-01 4.895989265008796054e-01 4.909963657714150886e-01 4.926252580526683245e-01 4.901555832431393478e-01
3.445793235800062582e-02 9.320915126855981725e-02 2.138440937050338497e-01 3.610855565376798193e-01 3.187781328647449341e-01 1.000000000000000000e+00 5.118768572253189486e-01 4.941628577507719555e-01 5.104066381281090470e-01 4.822054376122718589e-01 5.319122474913731136e-01 5.623240233618039818e-01 5.133190757786356695e-01 5.298999131748123315e-01 5.782119959516701657e-01 5.812611437539273451e-01 5.207274350406249086e-01 4.215237305501277065e-01 4.970796715406696764e-01 3.960334094882915212e-01 4.587909151111063677e-01 5.180434959592421507e-01 4.568866938938988542e-01 4.699859731038036337e-01 4.941115572039370685e-01 5.408112016243498132e-01 5.354096152466791825e-01 5.483584153277062390e-01 5.187998219238880715e-01 5.099677110636601229e-01 5.618581822683718086e-01 5.572230726303583070e-01 5.500413907137160496e-01 5.568259874995395986e-01 5.368831150693220700e-01 5.827165465766622754e-01 5.607102492581139686e-01 5.941723759565188390e-01 5.926498728005803462e-01 5.817436497616808033e-01 5.972366381854837813e-01 6.022317930605691760e-01 5.967515644802852126e-01 5.940594542078732054e-01 5.964790358060696462e-01 5.899716440502457138e-01 5.943939970335661016e-01 5.936150082676907580e-01 5.896922384332086153e-01 5.870848899308989122e-01 5.999188699931916613e-01 5.800461240997195622e-01 5.880798484134414084e-01 5.870236823275639670e-01 5.986287611841547562e-01 5.946614966637758792e-01 5.867828275328734744e-01 5.924125908655093475e-01 5.982418920091124859e-01 5.890266416137358574e-01 5.923189182645202111e-01 5.900582836693851752e-01 5.946519468196416192e-01 5.916176485540449725e-01 5.848397720928402155e-01 5.904907502957574827e-01 5.983345984230765691e-01 5.919253289042013533e-01 5.935718343003555386e-01 5.794691163025900149e-01 5.942275585578826735e-01 5.944647274143914917e-01 5.847443875883590048e-01 5.882372321475981547e-01 5.989730366072694157e-01 5.900295901306243929e-01 5.897529639708077864e-01 5.867748155739360705e-01 5.885412772533595849e-01 5.799885395959253342e-01 5.879248049244897301e-01 5.910002506680517298e-01 5.946803197401839824e-01 5.904312782213325672e-01 5.936486277320557337e-01 5.972524169680465400e-01 5.967188113195743826e-01 5.985269881457963015e-01 5.940213042434843160e-01 5.948085774675835324e-01 5.999098091583341397e-01 5.984749872946928395e-01 5.967551868935755399e-01 5.965912443041073709e-01 5.911944761460906639e-01 5.950156662364026738e-01 5.921079400603221909e-01 5.894857860111079040e-01 5.963349714305516969e-01 5.974216565810764878e-01 5.980613747594853979e-01 5.935690489713100204e-01 5.918419066768141334e-01 5.917563191990684590e-01 5.968024853518540951e-01 5.915705152629608943e-01 5.944346668270145129e-01 5.967497168141345787e-01 5.980220294001018511e-01 5.943639522260467656e-01 5.963672993697944902e-01 5.903868241294256691e-01 5.920433670642666346e-01 5.894508419083885897e-01 5.898820359255931844e-01 5.914757651599520383e-01
8.117858642502534181e-03 9.010157274877979294e-02 2.942018466985534819e-01 5.319551495794333507e-01 4.903599446764523861e-01 5.118768572253189486e-01 1.000000000000000000e+00 7.253864480348919397e-01 6.760092416143299587e-01 6.207469209087801421e-01 7.357129768955876781e-01 7.832401806399992283e-01 7.314011068907992907e-01 6.960418079554339110e-01 8.361736702865156801e-01 8.058299774642733171e-01 6.994545909176351772e-01 5.425882768193183159e-01 6.668924476838181681e-01 5.467527784777325151e-01 6.194723658534300181e-01 7.034040456191424928e-01 5.816470520116296949e-01 6.098517150595653691e-01 6.612158349997264706e-01 7.098812961865883508e-01 7.294015021575854796e-01 7.479170971204124330e-01 6.989392477294316119e-01 6.779478984033147082e-01 7.663411322719921870e-01 7.371730809857188760e-01 7.490262313030044972e-01 7.335248847291221397e-01 6.964569440002916778e-01 8.034882952081979779e-01 7.429105610753745648e-01 8.042588270611887857e-01 8.053953131716051761e-01 8.217205173967963017e-01 8.077358003172671053e-01 8.195911385015431927e-01 8.237184629456475449e-01 8.189384773868813028e-01 8.118768478814772926e-01 8.120536889879086395e-01 8.035454774448366200e-01 7.884979275799760545e-01 7.968608438902421431e-01 7.914000590116354594e-01 8.095510595916046714e-01 7.904072515923207254e-01 7.848088993601115559e-01 7.641407043818043698e-01 7.867000988465848721e-01 7.986348822003788150e-01 7.810827794427959159e-01 8.023699478461683299e-01 8.080987377481880785e-01 7.949310200715411501e-01 7.991793569394668451e-01 7.994243692085465369e-01 7.957649881385643331e-01 7.932206458572296226e-01 7.935059244644230292e-01 7.865256297712990285e-01 7.998572577765615810e-01 7.876123430424658567e-01 7.864739853575536399e-01 7.845964539108590818e-01 8.028168505090077511e-01 7.966231045352221152e-01 7.792583730140735243e-01 7.815668223014670124e-01 8.012217616973817957e-01 8.003902760517267456e-01 7.986899303764470881e-01 7.895144227262621550e-01 7.923375098643244963e-01 7.776262855018063469e-01 7.863853342344628850e-01 7.970491673411568279e-01 7.938096024204254197e-01 7.864941865862853376e-01 7.957695051039501699e-01 7.953908867687722317e-01 8.050696426806407402e-01 7.992951558037351134e-01 7.994966092243100952e-01 7.968567214710984281e-01 8.105139508416124849e-01 8.110199437101653919e-01 8.083728226648827508e-01 8.032094060646648437e-01 7.956709887387160007e-01 7.941562767547600821e-01 7.970119231300949458e-01 7.860110460645239883e-01 7.979546977734037760e-01 8.055367770300392305e-01 8.108351292123702203e-01 7.954846533347884607e-01 7.972604012915572858e-01 8.046920597465515579e-01 8.039101160487515108e-01 7.861755861197382567e-01 7.937821776843488886e-01 7.894549725001347440e-01 7.924666280402343777e-01 8.001049726453690614e-01 7.924820947436097551e-01 7.933202776129026912e-01 7.919611053565224212e-01 7.945437206342252923e-01 7.972842112144358229e-01 7.911560423050211233e-01
3.440023808575395220e-02 1.276809692286676734e-01 3.088904636342600374e-01 5.363863852105830166e-01 4.730137720940465473e-01 4.941628577507719555e-01 7.253864480348919397e-01 1.000000000000000000e+00 6.870627542311403824e-01 6.185394741936312002e-01 7.028164445319426967e-01 7.716700632923557679e-01 7.116403314270497438e-01 6.903500238121198507e-01 7.942876193375043581e-01 7.992350042973261903e-01 7.113354005012938464e-01 5.924174068747964927e-01 6.803684695714370401e-01 5.996538401441199317e-01 6.604486083757241666e-01 7.153249651613077242e-01 6.031392975435065917e-01 6.412754100262111345e-01 6.663169781169439032e-01 7.130075786280144490e-01 7.240522326962545163e-01 7.370619312831396819e-01 6.905176686166524247e-01 6.845131862790450050e-01 7.527116569593534923e-01 7.394123738566656945e-01 7.373239967771227921e-01 7.512207297621210644e-01 7.003601465818918292e-01 7.861198713379780045e-01 7.413698212766474116e-01 7.877224518092685868e-01 7.911995671609630687e-01 7.886378691378101990e-01 7.900251808746756588e-01 7.939774393954324161e-01 7.973127888578624978e-01 7.972876392812837665e-01 7.924474044677665141e-01 7.888037327353841777e-01 7.795783896854765471e-01 7.722731043304175147e-01 7.831161673811518620e-01 7.849892357358059236e-01 7.982365212331251625e-01 7.690674967290238584e-01 7.674959998856586418e-01 7.552189384779967041e-01 7.747044153719746529e-01 7.864357773104667659e-01 7.684610470120117887e-01 7.863374444009560982e-01 7.944318497771396537e-01 7.783474419767204555e-01 7.793484282188638534e-01 7.846563285939857080e-01 7.827481678987187053e-01 7.777584317297915328e-01 7.845030085397882713e-01 7.773018682427453863e-01 7.845394109084938838e-01 7.802118911386937139e-01 7.784044190217398462e-01 7.961169155403777786e-01 7.925807539322808903e-01 7.842323160241176927e-01 7.769862306497354876e-01 7.716390296792307035e-01 7.863181241769270358e-01 7.820788099120683512e-01 7.779635210772355425e-01 7.747716739421954824e-01 7.760460501957883173e-01 7.673811925694576930e-01 7.739482766936598424e-01 7.804653064456525957e-01 7.828270198884658138e-01 7.734476208083251869e-01 7.862121603952433313e-01 7.874207719676911132e-01 7.875306862169229039e-01 7.864259145643839322e-01 7.872664517864348399e-01 7.844971273966309111e-01 7.909019599719582239e-01 7.895665615873437293e-01 7.910018954670935409e-01 7.855587250905805563e-01 7.762003626056315220e-01 7.756151457230078261e-01 7.831901648488900358e-01 7.769813604912738647e-01 7.835487369952564007e-01 7.911439759968383889e-01 7.943257113012046622e-01 7.830610622623017658e-01 7.789076141977322454e-01 7.881850225081536987e-01 7.883599292057967833e-01 7.742848505095853984e-01 7.798934170280007461e-01 7.749667284832479908e-01 7.794006641250480483e-01 7.836253848787376741e-01 7.794011399260847295e-01 7.769680591733051367e-01 7.794405248970784905e-01 7.804613236884677674e-01 7.805208392765994319e-01 7.769866422755541402e-01
1.798228436942521380e-01 2.180646613351937269e-01 3.675490952312437387e-01 5.476014739669275988e-01 4.361323253036789027e-01 5.104066381281090470e-01 6.760092416143299587e-01 6.870627542311403824e-01 1.000000000000000000e+00 7.435780685570684279e-01 7.894893467735358827e-01 8.042854958832562629e-01 7.465138656630309066e-01 7.308784703799374727e-01 8.056219862577620461e-01 8.081975868591199097e-01 7.759431937846873462e-01 6.929622276467527486e-01 7.628010645064134954e-01 5.809322031366135342e-01 6.756621998347308589e-01 7.445785052132194437e-01 7.248832074017518279e-01 7.368154284752083116e-01 7.475831653366198370e-01 8.118578599813416341e-01 8.222179928583341901e-01 8.084605036235276154e-01 7.783578440706210300e-01 8.150505356780830546e-01 8.503204264625647824e-01 8.227327740599715833e-01 7.956717220756982512e-01 8.157044888217741541e-01 8.026595019996248803e-01 8.269191588205578869e-01 8.430103608401550153e-01 8.218744295710971315e-01 8.446072417639292063e-01 7.864087145972810111e-01 8.546808749805625549e-01 8.394672028871086322e-01 8.081143671421743280e-01 8.323828021297232649e-01 8.463502587462620186e-01 8.446986545678691893e-01 8.418910290884656922e-01 8.595827934689371785e-01 8.404380417462169461e-01 8.221509047230085576e-01 8.363539367058662188e-01 7.981284830568157185e-01 8.167268478419156263e-01 8.632236306828439121e-01 8.596980641700235903e-01 8.521379397501248620e-01 8.479864458043651076e-01 8.422647813283947738e-01 8.429725106142251789e-01 8.539692487767214235e-01 8.410979774091509320e-01 8.491068732481630299e-01 8.377548303193140811e-01 8.521370105770846859e-01 8.579116316902123396e-01 8.584945678497830635e-01 8.569206290874172849e-01 8.645311045592994903e-01 8.594771399554920199e-01 8.369813556789695852e-01 8.507962676822027337e-01 8.611064355012396643e-01 8.529205232136387593e-01 8.583782312543964954e-01 8.666430210642048770e-01 8.634835049935016826e-01 8.604384019571360565e-01 8.581191276045145866e-01 8.638928777101434475e-01 8.664538420941981789e-01 8.656198142931323947e-01 8.622985039584960543e-01 8.689163016533842931e-01 8.598802120606173771e-01 8.515025207000691543e-01 8.619514874203755284e-01 8.619515951727236835e-01 8.567097434227767261e-01 8.582953424435594281e-01 8.634265992629832631e-01 8.585786365413848875e-01 8.519341716814844423e-01 8.581665753235028227e-01 8.574600981878457429e-01 8.465796738420049428e-01 8.538164150458820156e-01 8.468083141007276549e-01 8.553346311148003478e-01 8.490239601120993518e-01 8.477347535768675613e-01 8.514436363678777875e-01 8.536943552696422133e-01 8.428619583091477852e-01 8.463411316737942114e-01 8.527184081226596435e-01 8.587174466669288408e-01 8.589433072299476057e-01 8.591881132614774819e-01 8.587906875897841630e-01 8.511370622220725268e-01 8.532060103070521206e-01 8.542373823198012861e-01 8.556292066014054010e-01 8.596830837783866475e-01 8.547215509802061906e-01 8.546336626882284904e-01
1.421861754076398088e-01 2.642259946958586125e-01 3.184703619851582124e-01 4.733679987625021846e-01 3.975869611037168849e-01 4.822054376122718589e-01 6.207469209087801421e-01 6.185394741936312002e-01 7.435780685570684279e-01 1.000000000000000000e+00 7.142022462138341021e-01 7.137102927778740113e-01 6.826122646026473451e-01 6.685108459848830842e-01 7.359946101224312809e-01 7.293615677142650799e-01 6.799889537089810476e-01 6.211120869716213466e-01 6.723115733180743403e-01 4.896474102902863001e-01 5.676539837533550736e-01 6.309933396825713192e-01 6.792598808422217749e-01 6.510209631261231200e-01 6.518951063281442915e-01 7.547082851107942414e-01 7.444195622152760539e-01 7.530145771094344243e-01 7.312471428785319860e-01 7.730415865870678971e-01 7.942085270742973435e-01 7.557442017936650824e-01 7.465444408462225123e-01 7.288738714428724119e-01 7.648546088748630067e-01 7.436541346408724884e-01 7.817057086615165629e-01 7.585536740477978324e-01 7.743592349442542933e-01 7.139839843937538788e-01 7.764540701895727981e-01 7.659956709691257970e-01 7.292659052169001566e-01 7.486599691255143574e-01 7.687662296928934325e-01 7.819228026293818523e-01 7.666424366465266482e-01 8.012855443825136481e-01 7.623677643743753674e-01 7.310555105556142408e-01 7.529450532379513561e-01 6.940029322850048699e-01 7.292072155334335948e-01 8.068567895965912395e-01 7.981729563226462876e-01 7.921953897915564591e-01 7.700983846107612996e-01 7.775936669907022036e-01 7.729242768244534156e-01 7.781891934403841748e-01 7.686583587762241265e-01 7.805567958784832561e-01 7.678439631326074988e-01 7.662300064393928745e-01 7.744821384347245763e-01 7.786752402117732563e-01 7.817148485650924350e-01 7.868748624679536841e-01 7.917135064822096169e-01 7.492895719836212276e-01 7.615569726608761858e-01 7.786243219094336476e-01 7.735113109734035319e-01 7.744463462799053843e-01 7.967890870316228780e-01 7.932994323742705856e-01 7.983467830598143244e-01 7.992552253660367700e-01 8.026215730869409315e-01 8.076077957571223820e-01 8.018811740281138745e-01 7.994057408724237757e-01 7.945563833304614132e-01 7.995083941146293727e-01 7.829533281532938815e-01 7.845952892900333042e-01 7.899028233912893660e-01 7.902890795440663529e-01 7.931003822846300899e-01 7.982618434976794797e-01 7.923724572901281737e-01 7.843348738125844877e-01 7.854690536926237643e-01 7.916917561439532625e-01 7.769093250273367834e-01 7.885342749784330918e-01 7.693240695710377164e-01 7.757167036995198384e-01 7.732360184210302911e-01 7.746519298205702952e-01 7.782189719418270979e-01 7.850601170206356061e-01 7.651620738189476301e-01 7.711214058922477577e-01 7.684210058879580307e-01 7.919385912690772855e-01 7.827764487714033992e-01 7.964877737292550552e-01 7.967334258852247775e-01 7.815601208001178302e-01 7.930194498369395051e-01 7.820088190312355358e-01 7.929051366564262571e-01 7.846941092409798202e-01 7.767781492414943534e-01 7.807962841967457379e-01
1.121550703439841840e-01 1.503194910375861559e-01 3.792277210702710843e-01 5.879704682975215313e-01 4.533806882009006611e-01 5.319122474913731136e-01 7.357129768955876781e-01 7.028164445319426967e-01 7.894893467735358827e-01 7.142022462138341021e-01 1.000000000000000000e+00 8.531621837590060986e-01 7.661988785875806229e-01 7.533351892910483683e-01 8.426426451811590557e-01 8.394648842965859448e-01 7.801236848667936208e-01 6.932562546677442095e-01 7.789891129052898266e-01 6.147237379861887341e-01 7.015918551603522735e-01 7.791308736593659523e-01 7.242217414265964548e-01 7.438551206964545415e-01 7.729087754399295296e-01 8.186018885597590167e-01 8.384388439620478195e-01 8.280017278562370464e-01 7.984904894020907751e-01 8.108909711077960658e-01 8.679164850592560043e-01 8.402494060687087929e-01 8.262735025604446282e-01 8.302683001511843575e-01 8.093296652591600582e-01 8.606000383027719858e-01 8.530247461485558347e-01 8.577275098241086138e-01 8.738251704577587597e-01 8.358167586440121699e-01 8.778402668863146685e-01 8.715878258938350998e-01 8.566152189514064652e-01 8.673546097402252686e-01 8.765217159261831092e-01 8.760080656527958753e-01 8.662859270323531868e-01 8.713221214250508329e-01 8.667857111444827733e-01 8.550498336440514047e-01 8.706686750514350814e-01 8.433901570704269712e-01 8.446569010801961985e-01 8.636183330189547425e-01 8.701251457471935735e-01 8.779467930734971004e-01 8.604840217944786929e-01 8.664562532820854202e-01 8.706194782277584254e-01 8.694106054887501545e-01 8.678970430718095930e-01 8.706007724486892752e-01 8.640555863362123779e-01 8.709302213836710438e-01 8.734816662323378056e-01 8.721897506173178494e-01 8.755140563473196025e-01 8.839699978786151879e-01 8.832086038884245927e-01 8.633343506968393921e-01 8.809497918356251622e-01 8.825599662641525622e-01 8.763384563489821089e-01 8.844692872596158217e-01 8.857228218742431158e-01 8.869993382439049778e-01 8.844323307468140438e-01 8.805401975497753053e-01 8.832804276319489167e-01 8.797049980208353492e-01 8.793032108008660419e-01 8.824491251595394381e-01 8.860499345966715845e-01 8.789426807701862243e-01 8.757029029647780405e-01 8.797975124942216674e-01 8.840495665484929821e-01 8.772066384995301780e-01 8.793615659884170821e-01 8.828778999347213219e-01 8.842360602589394158e-01 8.774021421428113143e-01 8.805590819925687152e-01 8.805059134658927977e-01 8.674666897898196671e-01 8.724414098677796270e-01 8.708673757067332266e-01 8.713240342000274641e-01 8.735189452167719804e-01 8.744824684984655594e-01 8.784263159558071132e-01 8.740908142973553563e-01 8.691926861133996152e-01 8.722396297699088752e-01 8.766547693866650892e-01 8.711221662245328679e-01 8.743061282849965421e-01 8.744598816208928316e-01 8.755693999211270340e-01 8.734016888328345329e-01 8.711490643387447275e-01 8.704374838429291827e-01 8.730852380641255239e-01 8.756784890276098077e-01 8.733735837395688595e-01 8.711739762385436459e-01
4.622066915104137280e-02 1.321960861287792832e-01 3.855246521891479983e-01 6.646517127473957620e-01 4.891781189084888348e-01 5.623240233618039818e-01 7.832401806399992283e-01 7.716700632923557679e-01 8.042854958832562629e-01 7.137102927778740113e-01 8.531621837590060986e-01 1.000000000000000000e+00 8.292352340986824943e-01 7.917993863940304688e-01 9.033352002715961948e-01 9.022601476256553177e-01 8.067794771620208083e-01 6.590040122292338820e-01 7.882868572065696577e-01 6.331553734109857112e-01 7.241035797815591479e-01 8.263763066459250961e-01 6.933767414323436240e-01 7.348692086598901385e-01 7.904865489369045095e-01 8.186491184324290460e-01 8.562548408133935363e-01 8.456341531629805175e-01 8.011524282250402917e-01 8.094894173525430947e-01 8.870280395248690830e-01 8.455700139595425657e-01 8.362216062832505958e-01 8.510184032654767305e-01 8.134383450781161873e-01 9.044186600834885903e-01 8.700781343456120975e-01 8.955737815771898092e-01 9.135665536485781946e-01 8.972867532522240674e-01 9.193858625657311823e-01 9.203551390674798993e-01 9.157486553501916760e-01 9.306798640690024937e-01 9.254319911288941825e-01 9.187942056250487655e-01 9.193509024105575023e-01 9.132717788340444232e-01 9.179284973845880380e-01 9.084259330041142277e-01 9.276610857684832734e-01 9.125053653512902319e-01 9.120362519270128754e-01 8.912607245953384494e-01 9.064920579656260413e-01 9.087632320852654377e-01 9.059687928874875507e-01 9.187271316791474352e-01 9.232580437906006132e-01 9.173659675263312607e-01 9.243536701611148043e-01 9.208862570631861644e-01 9.147525050565458171e-01 9.185779445698559753e-01 9.173323195130680396e-01 9.198941947338471481e-01 9.205825685529739344e-01 9.150341458824197138e-01 9.093420260222199181e-01 9.060270905891681936e-01 9.334883357850446428e-01 9.284450906369350331e-01 9.038275646999224255e-01 9.202801643957646549e-01 9.244673785125702148e-01 9.264567982541398461e-01 9.163915446743761128e-01 9.099362681041909262e-01 9.193650427149802074e-01 9.117164664738705016e-01 9.165106714357166284e-01 9.222290852675777417e-01 9.165078982073824321e-01 9.123977803317714352e-01 9.114003127814592764e-01 9.191095121849510718e-01 9.249900812924750637e-01 9.161510757055583154e-01 9.211530588313967538e-01 9.158634899728589351e-01 9.206614023519227308e-01 9.244039169482043405e-01 9.287158182496551007e-01 9.219347924829265351e-01 9.166772349909566575e-01 9.166166287898754872e-01 9.178391182017934247e-01 9.119225266439706656e-01 9.223410868706345411e-01 9.242665713311352116e-01 9.268609069652293808e-01 9.168876849887579450e-01 9.235226568572145744e-01 9.260007089664041846e-01 9.295745562642392379e-01 9.106315129845935497e-01 9.191622975679502039e-01 9.116056127219174243e-01 9.136148778827423156e-01 9.175170249357390562e-01 9.100793979417669544e-01 9.176040120858586224e-01 9.153504364239829494e-01 9.184638912564602187e-01 9.215132452862819790e-01 9.201498917013768430e-01
2.688591688928892651e-02 1.232502234864616547e-01 3.243010955694021202e-01 5.362914617636803660e-01 4.915776697043635624e-01 5.133190757786356695e-01 7.314011068907992907e-01 7.116403314270497438e-01 7.465138656630309066e-01 6.826122646026473451e-01 7.661988785875806229e-01 8.292352340986824943e-01 1.000000000000000000e+00 7.420568197596901783e-01 8.462806292460475222e-01 8.444464434721060675e-01 7.512826228617244251e-01 5.950972357397774637e-01 7.071743546407036618e-01 5.629159730283058716e-01 6.256721352087163401e-01 7.228505367631146150e-01 6.455850554687739828e-01 6.621927985806763672e-01 6.929184019031414676e-01 7.525792921921458101e-01 7.671566633224924381e-01 7.635135775916922496e-01 7.202718815092208349e-01 7.354962915894548425e-01 8.094772693647714901e-01 7.923850651054163974e-01 7.675615152597298207e-01 7.864152406307713949e-01 7.538812873737630316e-01 8.266985584865575998e-01 7.994283265472196254e-01 8.285881681518844077e-01 8.431964625729613250e-01 8.149565775627847231e-01 8.564671846126986621e-01 8.538499198641575916e-01 8.384272953183495858e-01 8.625681601808247168e-01 8.557567929302347665e-01 8.470994465248994354e-01 8.653170775900587142e-01 8.620837511794398056e-01 8.593430997912256952e-01 8.402887773766117840e-01 8.581618575782478109e-01 8.424691174200259480e-01 8.518937373836877880e-01 8.419350444690496538e-01 8.509117507113074241e-01 8.542676730329715751e-01 8.462998831830272906e-01 8.615876189191150614e-01 8.570710295787967725e-01 8.681888428197420682e-01 8.630986657665168371e-01 8.600588520554622862e-01 8.500319812741605752e-01 8.589261989311276491e-01 8.611911235011974197e-01 8.652869402502563201e-01 8.660484530390332170e-01 8.540242131429205408e-01 8.521580319599708631e-01 8.379455241687023825e-01 8.589822702213217864e-01 8.618990543977463892e-01 8.436858144265327875e-01 8.485650362186240026e-01 8.648731442831615324e-01 8.621373468490641789e-01 8.546349753622018985e-01 8.425017534613290504e-01 8.540334197373414815e-01 8.516463200679200707e-01 8.575709747110031866e-01 8.604051217411298191e-01 8.588044378540418133e-01 8.561300335548571727e-01 8.587579559023451603e-01 8.604368310324752578e-01 8.635785876142964002e-01 8.651669244290836058e-01 8.649206482122787643e-01 8.598839481297529952e-01 8.639243633855272497e-01 8.693201928221480079e-01 8.700555756139503050e-01 8.655903753901448283e-01 8.654548736517535534e-01 8.653669939085821827e-01 8.618113712607617938e-01 8.581828579806625168e-01 8.640374232119313325e-01 8.670941924810564583e-01 8.705004349557111665e-01 8.648928409147524921e-01 8.669644445232739249e-01 8.701485571595128921e-01 8.710149100459526617e-01 8.575325271596503374e-01 8.658164513627341075e-01 8.626897798968770070e-01 8.623979907461757355e-01 8.655427939723768782e-01 8.580780171924086153e-01 8.674760845831379630e-01 8.621213913288111597e-01 8.657468901917063642e-01 8.665076158419743324e-01 8.691025690421160244e-01
