1.000000000000000000e+00 2.584359432740283569e-01 2.121311794689026975e-01 3.347474583304241302e-01 1.886933853087752466e-01 5.126267280470473559e-02 1.637586917162184297e-01 1.597541276629860507e-01 1.665068672188755594e-01 7.003643543805747329e-02 6.873114308156315355e-02 9.503458397390283918e-02 1.275005820101128284e-01 3.249344915721606025e-02 7.275669905159563855e-02 9.209775515754385633e-02 1.386888725911272213e-01 1.556906576845927537e-01 1.502415317130069428e-01 1.098479942368363604e-01 1.925491288275860413e-01 1.742397954881088895e-01 1.486880159665378009e-01 1.691601381695709561e-01 1.630814478778913335e-01 1.531191388347589166e-01 1.309106290125803818e-01 1.566074563639550110e-01 1.820607808634737979e-01 8.867648018689318345e-02 1.015344305875056224e-01 7.991264114124194129e-02 6.868516160345607136e-02 5.135084216367889753e-02 3.815706956812047607e-02 7.399966112359099291e-02 1.062886481900865709e-01 5.632710245191048515e-02 6.831820534733915040e-02 4.777624383099769029e-02 4.678653960664146128e-02 4.985943816820359586e-02 4.771469074535976407e-02 6.436226062087177513e-02 7.028269172008820564e-02 3.338320208910638270e-02 3.573812721017573246e-02 2.778195664333077408e-02 2.936426341032858170e-02 5.766538528814401515e-02 6.875723037253730907e-02 6.767233201366129602e-02 4.385214425415667749e-02 5.044158076669408297e-02 7.557106570690616532e-02 5.479669702076218896e-02 8.809778121636743786e-02 6.196891154133563062e-02 7.427089279696777457e-02 4.979077012777251982e-02 4.007934974468242012e-02 6.466164966098149336e-02 5.933489644821110520e-02 5.919626167090936281e-02 7.059371038944702026e-02 7.590191453171091229e-02 3.815179690969188603e-02 6.210007767205590057e-02 5.931562920836058739e-02 5.990326133101248063e-02 7.197915717098080091e-02 6.429578187848870863e-02 7.718241828159133622e-02 7.791666931558101361e-02 7.367610952674302771e-02 5.719625540722448470e-02 7.307647580897487505e-02 8.326345339637798715e-02 6.614658708649848173e-02 6.338618109929297639e-02 7.127149655029206554e-02 4.901519169003490384e-02 6.775998753371198502e-02 5.928301661785999321e-02 3.565969443818491069e-02 3.637736018141200789e-02 6.523826072797914155e-02 3.618287357662187953e-02 3.081785064492204712e-02 6.607669518265943398e-02 4.704391797141579262e-02 3.764465489610437088e-02 3.246561325129276171e-02 3.614496377275770028e-02 1.759678833699812248e-02 2.121026682628830359e-02 4.586714429058463827e-02 8.269134467642426378e-02 4.252466172493716418e-02 2.907479621281800278e-02 3.430885654735148227e-02 4.802891845403266941e-02 1.364692767658799884e-02 3.163170331790602502e-02 4.233925273642527576e-02 7.864223215590303295e-02 4.759957794506312206e-02 3.118889121415913818e-02 4.608727643572137905e-02 3.680901661759290733e-02 4.003285338904989665e-02 3.238914060412970142e-02 4.420650583743726547e-02 3.771212387879717409e-02 4.607425933387725853e-02 4.755400015536655201e-02
2.584359432740283569e-01 1.000000000000000000e+00 1.809570970010938862e-01 2.891286574116987973e-01 2.147235502686954678e-01 1.489351081325461235e-01 2.812725125721936004e-01 2.261123577866358536e-01 2.410136193704730811e-01 1.883022949295046766e-01 1.750559620436000496e-01 2.094565252817656431e-01 2.245590492042547903e-01 1.359112303036252301e-01 2.091410611390718821e-01 2.091832961396185853e-01 2.334607461840244036e-01 2.579672694098104624e-01 2.272099588633073874e-01 2.324573565559421018e-01 2.595699701442942264e-01 2.521624022085353078e-01 2.534557617065448243e-01 2.629144292889389334e-01 2.533214408758390213e-01 2.558488014765749052e-01 2.423190356525499467e-01 2.724903679711928040e-01 2.703856462994075338e-01 2.122319252989881277e-01 2.243426613798247538e-01 2.193168512523605007e-01 2.245118895424592365e-01 1.917285126337054391e-01 1.727031312848631150e-01 2.026197551956659404e-01 2.197890499548657284e-01 2.108508879758230758e-01 2.114427935026747529e-01 2.158767468887804741e-01 1.968277375855687905e-01 2.137882910875480991e-01 2.089126563136260994e-01 2.097799532255351374e-01 2.060669593966418245e-01 1.951088134129398133e-01 1.782754351173887475e-01 1.733599816573165309e-01 1.698024766210811942e-01 1.843308140403083495e-01 1.966932897062906027e-01 1.827343282672874158e-01 1.843432393731942454e-01 1.817333776569936554e-01 1.974360547076819405e-01 1.995856449790440468e-01 1.867906540004825033e-01 1.965712056389557205e-01 2.012582652584284371e-01 1.883024160624068022e-01 1.839699321049297065e-01 1.913905087482761780e-01 1.787577159993085918e-01 1.900034196800739206e-01 1.855996811364104271e-01 1.909448660018347455e-01 1.811493511076796015e-01 2.004001177459982241e-01 2.043198450584537418e-01 2.074088588162473490e-01 2.018627666606729876e-01 1.969145055129418176e-01 2.146966888500205783e-01 2.153813990862619154e-01 2.124657133285069444e-01 1.955184087408398108e-01 2.180005151878709746e-01 2.174852338571243437e-01 2.101250830592110708e-01 2.078657102766347797e-01 2.034880468544046084e-01 1.929763964068204052e-01 1.977940293735002408e-01 2.032730453326333786e-01 1.904093771596271911e-01 1.877155680694140572e-01 2.028224045309898749e-01 1.927238259998117487e-01 1.847815792121838829e-01 1.969971943420380511e-01 2.039502039280633727e-01 1.926440476785877820e-01 1.833150706430139720e-01 1.893653231647976776e-01 1.670796417947937873e-01 1.735470265296264747e-01 1.873455197027748820e-01 1.904274818374238898e-01 1.794113202798321705e-01 1.777634439321321425e-01 1.846928017562038671e-01 1.821366120167169089e-01 1.636526800985779462e-01 1.784540330225250770e-01 1.796231729980450054e-01 1.899284872278532987e-01 1.837979431819665721e-01 1.817478651407238577e-01 1.865053242427442970e-01 1.806026045716644934e-01 1.814013601177300317e-01 1.768691700524639698e-01 1.803460246021733882e-01 1.746713977404075191e-01 1.778219349114787684e-01 1.799787746593062565e-01
2.121311794689026975e-01 1.809570970010938862e-01 1.000000000000000000e+00 4.105077454298278750e-01 2.827893656945907885e-01 2.383180023725950114e-01 4.100721617192764623e-01 3.356720585777668298e-01 3.877688437329426807e-01 3.484008652251095461e-01 3.636260384019603942e-01 4.014354963922245334e-01 3.796261028039271124e-01 2.726420013003143517e-01 3.927162485879905907e-01 3.751709427205400793e-01 4.012850087410921862e-01 4.249183731380173357e-01 4.191099613191313078e-01 3.839245992462199109e-01 4.153078679784345528e-01 4.302866248847047048e-01 4.030349137108406032e-01 4.181751244222136621e-01 4.298404169637863870e-01 4.292174516768054171e-01 4.254816199910819718e-01 4.414380642740753924e-01 4.426831267018079830e-01 4.171029143867261424e-01 4.279879730659559289e-01 3.915358161623336275e-01 3.742410454816180732e-01 3.730948743915539212e-01 3.639802508709580886e-01 3.671907221650820285e-01 4.030703729949117187e-01 3.798432203055270295e-01 3.920748230717138738e-01 3.807692831152878488e-01 3.738102165511492103e-01 3.904033825844083760e-01 3.864126474520163113e-01 3.876807055583278983e-01 3.971859585108820645e-01 3.857232381974303181e-01 3.662265715717001879e-01 3.608637731330278098e-01 3.563132121996056001e-01 3.696486549789976817e-01 3.824448990572307805e-01 3.688251517220528797e-01 3.737351536378777372e-01 3.597905536939932647e-01 3.762408920328767503e-01 3.829542805764007407e-01 3.748670574418386248e-01 3.766643700547143148e-01 3.829566003290849618e-01 3.676990463738577519e-01 3.772539533401614298e-01 3.676644200286019459e-01 3.654817930985559959e-01 3.686327514122108573e-01 3.670514629184465361e-01 3.712917132625112582e-01 3.668614069374003805e-01 3.910020356417142073e-01 3.836310668964654225e-01 3.956684755213192850e-01 3.952197332665781104e-01 3.886646342267305321e-01 4.003702966448872136e-01 4.050871891885267639e-01 3.946626463300289545e-01 3.868650276122105325e-01 4.045008640278170420e-01 3.984303338337573108e-01 4.025378975033949702e-01 3.994000477597802745e-01 3.968703983644993882e-01 3.934281321642286722e-01 3.746680912338107294e-01 3.907924458231025744e-01 3.700572141208403609e-01 3.724659118095455801e-01 3.910044208005579169e-01 3.724244460732577533e-01 3.725217384022217471e-01 3.778008194774664652e-01 3.839213021668624881e-01 3.746776723384843133e-01 3.717819172053923871e-01 3.763939272332919583e-01 3.523786163007061600e-01 3.582618824725176676e-01 3.755730369978996230e-01 3.705100549167598123e-01 3.675256238863003344e-01 3.641595146679048600e-01 3.709434216761254843e-01 3.670803378087617586e-01 3.527212030417574140e-01 3.636705974383530049e-01 3.636975181521778788e-01 3.655861090292999993e-01 3.653341978869004691e-01 3.626537953061849118e-01 3.696481001545116607e-01 3.613222546796170387e-01 3.651293971622459056e-01 3.569542301688132802e-01 3.592299188261263709e-01 3.566528609324861598e-01 3.621219844126379317e-01 3.610882958314879931e-01
3.347474583304241302e-01 2.891286574116987973e-01 4.105077454298278750e-01 1.000000000000000000e+00 4.321114366642891946e-01 3.245381251489491414e-01 6.167036205735260124e-01 5.713508937533018361e-01 5.566129633434210300e-01 4.762250654153904472e-01 5.118250940670553417e-01 6.155540597617400467e-01 5.658275507646163272e-01 4.016164803201863198e-01 5.839978530518225019e-01 5.750650099662946158e-01 5.789860895624061587e-01 6.180929610605713220e-01 5.975801376912035501e-01 6.040708247015489363e-01 6.632526906954262502e-01 6.362103274565870104e-01 6.311363866552389679e-01 6.075820934688221930e-01 6.309261915758322958e-01 6.324046614668248356e-01 5.857902170973443567e-01 6.232405711230587508e-01 5.717550730507420242e-01 5.297246264347632572e-01 5.702056067837502074e-01 5.991901990937774647e-01 5.810083252112482333e-01 5.694604806986512946e-01 5.297316310326681821e-01 6.103536687867084920e-01 5.808093690324388492e-01 5.776945210164969868e-01 5.923335289336337794e-01 5.994601271987221036e-01 5.646090896463659137e-01 5.860749823948436799e-01 6.024988265885260486e-01 5.948666973653559120e-01 5.911781988855556724e-01 5.611280694487800202e-01 5.428598653344777203e-01 5.287832941274868137e-01 5.259831592785004784e-01 5.760686461552483317e-01 5.892146715782231592e-01 5.964263063132952958e-01 5.577751803883947979e-01 5.303997538757673214e-01 5.634680059888530490e-01 5.704662909832407536e-01 5.671394449133968507e-01 5.740947099670623555e-01 5.739929535988063103e-01 5.451332193281696048e-01 5.676285890007746193e-01 5.465070265647852255e-01 5.531263041298526417e-01 5.601328479130321947e-01 5.617677486187866442e-01 5.722351940130481207e-01 5.446569193405448317e-01 5.724617126450808335e-01 5.716274683811171098e-01 5.909601663038307473e-01 5.915598818871172782e-01 5.735970406837391788e-01 5.866297651483397546e-01 5.933619557569957959e-01 5.805120539088567400e-01 5.557139842298847165e-01 5.803692134459977892e-01 5.557547420031054841e-01 5.638660334952698694e-01 5.560975896904669646e-01 5.633846363645222954e-01 5.475781606708614024e-01 5.735315346659000113e-01 5.743370271279454320e-01 5.790540011918814400e-01 5.668149227142864621e-01 5.833634853219066274e-01 5.660278064508175166e-01 5.526439878996645128e-01 5.735875755255495090e-01 5.831237472821912959e-01 5.619814983267172881e-01 5.514940700174331134e-01 5.586234945742755142e-01 5.238334065540141138e-01 5.260923781242552444e-01 5.871692585399503894e-01 5.731693185235573473e-01 5.522673446969076361e-01 5.514457296548094245e-01 5.657205434058807381e-01 5.628898229598101599e-01 5.261212197407023616e-01 5.512273367457681816e-01 5.655447199228301747e-01 5.660313784341215460e-01 5.443970420432878710e-01 5.403210780334777308e-01 5.559753821583249822e-01 5.449059483291316397e-01 5.557928900464546018e-01 5.301264649230292836e-01 5.388776492730349421e-01 5.367891924953847038e-01 5.519355357632950154e-01 5.444765890644592821e-01
1.886933853087752466e-01 2.147235502686954678e-01 2.827893656945907885e-01 4.321114366642891946e-01 1.000000000000000000e+00 3.140494820898608874e-01 5.165252917347420425e-01 5.411980197143234639e-01 5.038194648732761127e-01 4.680480486394079098e-01 4.710195002903495576e-01 5.401383523981999613e-01 5.172083859646358084e-01 3.689137052590036880e-01 5.339919704233326847e-01 5.396612938325090481e-01 5.112347858494968866e-01 4.967992467419495850e-01 4.954325449465802889e-01 4.704735824077864170e-01 5.191964814435382491e-01 5.055108736065000441e-01 4.973556479271031838e-01 4.915706825630839494e-01 5.217028023137796344e-01 5.439245791004718722e-01 5.174600765060922702e-01 5.074329832604148605e-01 4.961047660640064416e-01 4.598429559959432700e-01 5.025036746337524507e-01 5.331993510245589540e-01 4.901225421933180781e-01 5.007066021846213744e-01 4.647611320422963543e-01 5.094676407706016930e-01 5.012027094236881641e-01 5.218541645717555966e-01 5.252532067573624230e-01 5.140835278050782664e-01 5.291087193408853251e-01 5.394593885080911644e-01 5.362812319303345010e-01 5.401796015520772265e-01 5.311182601638245737e-01 5.210127003066553630e-01 5.180876290364984094e-01 5.167934550969417451e-01 5.129165870274574601e-01 5.084228016637034608e-01 5.343775194989224264e-01 5.075064913860666271e-01 5.203452372579646656e-01 5.184245962108869898e-01 5.357869253176205104e-01 5.272405244596820584e-01 5.222917956555942487e-01 5.380983943592021479e-01 5.393460085340989751e-01 5.290275844817262652e-01 5.310247200131271716e-01 5.303511602401029812e-01 5.219534931640057440e-01 5.268091823028087095e-01 5.194841157455494240e-01 5.279500256833054017e-01 5.207019727436040801e-01 5.289275539492711564e-01 5.328494043588282159e-01 5.353735554752377945e-01 5.291559899879784146e-01 5.261828325676983775e-01 5.298557779593124906e-01 5.311519617814195460e-01 5.363226705426353824e-01 5.135419844640366493e-01 5.288568644314379785e-01 5.195454603684167560e-01 5.184942247963397755e-01 5.178588843619444937e-01 5.201427083258588491e-01 5.142730314330685726e-01 5.314446333134119627e-01 5.235531578280941956e-01 5.182151525424696370e-01 5.166247843701348152e-01 5.283534034421201175e-01 5.272508464255647453e-01 5.213586572860107182e-01 5.285180354795520064e-01 5.284361906967203204e-01 5.280759199840688867e-01 5.164383863650998663e-01 5.228028515928154762e-01 5.107063943143075324e-01 5.126264454045760255e-01 5.289914022626547307e-01 5.219007964067851058e-01 5.238389299787731268e-01 5.210826841125979492e-01 5.268135516123551021e-01 5.237922245081897410e-01 5.061471243041615331e-01 5.244527117580869424e-01 5.176514599657174864e-01 5.202655412363670351e-01 5.192880070098996326e-01 5.189993425621159950e-01 5.241956922006787423e-01 5.236301131909425477e-01 5.253962995162577698e-01 5.172254386111981850e-01 5.211192604478056545e-01 5.124905317234619284e-01 5.185264268701070822e-01 5.162901865558293668e-01
5.126267280470473559e-02 1.489351081325461235e-01 2.383180023725950114e-01 3.245381251489491414e-01 3.140494820898608874e-01 1.000000000000000000e+00 5.274023893870481983e-01 4.916755837830231735e-01 5.198158262692245124e-01 4.991328794833924665e-01 5.163227275469239874e-01 5.645149795095594225e-01 5.060611404673939218e-01 4.138418150782413596e-01 5.827259456372262392e-01 5.657821888082843476e-01 5.372781623412025143e-01 5.196111697581206057e-01 5.338633090635693801e-01 4.915669271678692054e-01 4.996194309193936478e-01 5.246693351963092056e-01 5.126361985218480521e-01 4.783919067072207598e-01 5.199854021731402653e-01 5.638420253870407572e-01 5.646163755970301512e-01 5.591274012417705164e-01 5.330077609736126876e-01 5.483718001678739018e-01 5.709003017121228041e-01 5.728332483545842679e-01 5.421529276115710783e-01 5.533511325186447616e-01 5.629924570547026885e-01 5.346852404977239237e-01 5.630302848305420715e-01 5.688037994490754423e-01 5.758797121514216411e-01 5.524640990342988278e-01 5.872427424251772665e-01 5.843050465075516620e-01 5.595128853953265091e-01 5.879788584068174062e-01 5.914920814099200452e-01 5.908916424475936235e-01 5.902138442489481829e-01 5.911493681362285368e-01 5.824951972370130404e-01 5.435856747597719307e-01 5.668531915221611817e-01 5.280634000744705014e-01 5.751939380307771188e-01 5.858969141853151985e-01 5.790126665875288126e-01 5.901367310482548145e-01 5.526023230498831040e-01 5.892040551402467630e-01 5.843614049635175167e-01 5.898894440649734561e-01 5.811800788439049903e-01 5.838408470889800972e-01 5.693007698824689156e-01 5.746020789377939142e-01 5.804382552959401753e-01 5.770173300228748081e-01 5.925777233196715121e-01 5.871714046395212216e-01 5.891894432455079267e-01 5.915752688948316962e-01 5.856838819560981069e-01 5.886729701398722980e-01 5.731735189079696369e-01 5.782678780921775008e-01 5.959089414815085251e-01 5.925453363248036620e-01 5.916692810793083845e-01 5.813314966502503012e-01 5.861854282590820420e-01 5.878609587896160837e-01 5.880776361860156065e-01 5.876089106150872432e-01 5.822468271372316373e-01 5.881700263964051434e-01 5.767033626031844440e-01 5.830289763835948547e-01 5.911904924774492587e-01 5.899135849954105781e-01 5.924907955592759734e-01 5.841944126473282983e-01 5.863371123997064283e-01 5.945134143728156850e-01 5.930543080533715594e-01 5.951972737649796619e-01 5.903814819897259536e-01 5.919203984862668744e-01 5.747925149084144314e-01 5.721082369066747830e-01 5.871122567353649346e-01 5.858788096331447592e-01 5.885941927236900684e-01 5.848872194478593745e-01 5.854293009625169963e-01 5.932890288255384670e-01 5.868603945115108411e-01 5.745187340285073940e-01 5.873320989415431459e-01 5.929945684371791259e-01 5.887918556185972596e-01 5.904705179250674396e-01 5.910171817760642154e-01 5.911776688323781004e-01 5.874662550419439411e-01 5.855040043901964530e-01 5.862345730281172118e-01 5.884753217245124457e-01
1.637586917162184297e-01 2.812725125721936004e-01 4.100721617192764623e-01 6.167036205735260124e-01 5.165252917347420425e-01 5.274023893870481983e-01 1.000000000000000000e+00 7.335930434380535381e-01 7.426608348196421794e-01 7.036125205871134325e-01 7.418356542886603844e-01 8.131610100991653045e-01 7.516608565169503597e-01 5.753137447096564605e-01 8.351447162549436865e-01 8.123953426926308063e-01 7.691512362544378201e-01 7.700087875891554745e-01 7.657236065284674931e-01 7.556849610594842392e-01 7.760102904681009939e-01 7.709953999830239102e-01 7.778112759511748298e-01 7.472083477181923339e-01 7.805331804977658772e-01 8.386587188270433479e-01 8.026186832520634251e-01 8.255708320989848525e-01 7.872799551212744662e-01 7.603852343407038195e-01 8.151394258148235705e-01 8.256913171978267352e-01 7.800083153908242695e-01 8.013412386083510475e-01 7.715968442253170467e-01 7.919082651128700467e-01 7.976348512717429395e-01 8.135022761009024217e-01 8.316563267106126256e-01 8.024430801956112802e-01 8.169923321084097134e-01 8.290969687189839732e-01 8.226722044173538917e-01 8.326224066041637561e-01 8.240588044596145467e-01 8.253374491433312921e-01 8.063194770974674297e-01 7.990949778351440491e-01 7.923399130568241633e-01 7.746425394913020179e-01 8.050130548983139844e-01 7.677374599293215196e-01 8.002685988110196380e-01 7.939651555350322187e-01 8.052669994319493485e-01 8.193379466285753976e-01 7.738074685007927389e-01 8.174697353821602785e-01 8.088998500723660889e-01 8.067191239498301414e-01 8.099025850459283804e-01 8.022261797398351213e-01 7.846709456568223828e-01 7.985026091569016327e-01 8.017020767657425662e-01 7.974411933188506607e-01 8.068192203936970230e-01 8.191144398441909669e-01 8.255300257727180568e-01 8.336948628130270711e-01 8.166488851265082394e-01 8.144800015790606418e-01 8.177715987348752602e-01 8.191967515831587443e-01 8.329513811995428174e-01 8.137169459971506091e-01 8.341721314810065513e-01 8.175734514938942654e-01 8.219651526267580666e-01 8.160065403779994675e-01 8.154844962738873049e-01 8.134541721694632521e-01 8.184414160051680653e-01 8.244314884563277435e-01 8.179877185719597321e-01 8.176678075670498202e-01 8.246757489728646640e-01 8.257184242996399304e-01 8.171512838503510734e-01 8.184597402833888591e-01 8.319822789564036425e-01 8.218776842262905946e-01 8.135226337822579756e-01 8.222690808622957759e-01 7.963360177496974224e-01 7.995611484020337389e-01 8.134048079220024263e-01 7.980029882082539938e-01 8.081693719559851496e-01 8.085289411530461878e-01 8.208371599873814928e-01 8.064809844186463517e-01 7.941953559943879526e-01 8.121139827426361313e-01 8.072084705315762942e-01 7.976835433472518888e-01 8.052473223615604914e-01 8.100107377782377327e-01 8.146543787097857425e-01 8.090222457260948241e-01 8.123308540046144666e-01 8.000339735654906637e-01 8.027612820821438122e-01 7.977287851813319453e-01 8.020528093823278137e-01 8.008248192240273733e-01
1.597541276629860507e-01 2.261123577866358536e-01 3.356720585777668298e-01 5.713508937533018361e-01 5.411980197143234639e-01 4.916755837830231735e-01 7.335930434380535381e-01 1.000000000000000000e+00 7.403002258177503458e-01 6.878536201759291036e-01 7.260982078782938220e-01 8.004158294533693097e-01 7.177011029268568487e-01 5.505513755348804272e-01 8.031663644389669399e-01 8.105097311071171040e-01 7.526929053576899564e-01 7.347904687637647481e-01 7.308681758945533291e-01 7.012452604008427848e-01 7.499754279939226942e-01 7.478894789251567810e-01 7.373884073533463201e-01 6.951706376092223749e-01 7.357301307374625177e-01 7.892131707437793908e-01 7.673952467418403423e-01 7.644613857290250003e-01 7.360767009507103165e-01 7.302910288438295705e-01 7.731731972387209106e-01 8.128570998942639125e-01 7.488384846056607147e-01 7.762952694358430383e-01 7.520437036211778947e-01 7.678041955986707467e-01 7.718507774221891049e-01 8.033262663485974953e-01 8.068797745506787189e-01 7.749556306235170222e-01 8.027540344944547046e-01 8.042620773778255128e-01 7.953074671822495390e-01 8.093932531278539289e-01 7.991872914337747602e-01 7.969044119760237965e-01 7.986432996586019240e-01 7.902462760966922906e-01 7.899591932472710409e-01 7.723835482398971886e-01 8.033044362076936507e-01 7.487815317276230731e-01 7.833461136083902376e-01 7.856456307828966201e-01 7.987882600666114108e-01 8.012712686668678197e-01 7.777438313906230860e-01 8.110437641670021902e-01 8.104447395386322750e-01 8.013972514357776689e-01 8.006737708078813798e-01 8.023434392047635866e-01 7.911915725299014657e-01 7.969129871618819694e-01 7.964744279791220460e-01 7.952925443118449289e-01 7.960279143537558610e-01 8.027403038088023468e-01 8.051685654641654866e-01 8.063597300984410854e-01 7.971207387783876275e-01 7.978223954250613925e-01 7.860056646671240710e-01 7.940915390698152221e-01 8.076927876878180479e-01 7.928086667374852903e-01 8.012268056160797292e-01 7.866131327030216891e-01 7.904638930542523534e-01 7.908917150706814558e-01 7.942851810851448979e-01 7.900398662422689622e-01 8.102082913073526127e-01 7.998627529463533392e-01 7.996078349361211979e-01 7.958944125084486121e-01 8.030580761511322274e-01 8.102188835191656002e-01 8.005159643911959888e-01 8.054193144602223020e-01 8.034869783786059427e-01 8.048863279141570404e-01 7.938289318763104285e-01 8.031034288095624252e-01 7.898938012176157653e-01 7.909599221279407510e-01 8.064096775944386009e-01 8.023890241998227202e-01 8.055167382987636904e-01 8.051518731397478978e-01 8.068673421873328033e-01 8.059343224266443118e-01 7.854605775341486629e-01 8.042715787205263478e-01 7.999074469609935845e-01 8.012439428745794512e-01 8.005794541804800435e-01 7.960480691501189421e-01 8.033019173649476041e-01 8.069239224999358306e-01 8.087046371055440774e-01 7.942500138695284262e-01 7.991670209305604677e-01 7.967538612172796464e-01 7.981883444726374233e-01 7.946127939188251110e-01
1.665068672188755594e-01 2.410136193704730811e-01 3.877688437329426807e-01 5.566129633434210300e-01 5.038194648732761127e-01 5.198158262692245124e-01 7.426608348196421794e-01 7.403002258177503458e-01 1.000000000000000000e+00 7.564647415276073428e-01 7.934293274888422065e-01 8.435364993490578334e-01 7.769356692034452561e-01 6.029086982134007622e-01 8.545643661018061943e-01 8.489157250235518370e-01 8.309459684318694084e-01 7.865814479993432640e-01 8.022737885522697177e-01 7.007757550588358253e-01 7.680914926020864231e-01 8.000955564109647478e-01 7.467783013095461442e-01 7.328555073519825713e-01 7.881594136910810011e-01 8.372933709607077724e-01 8.432052940034819866e-01 8.180639391989734666e-01 8.146915476970908454e-01 8.128256962903424032e-01 8.557589498260345096e-01 8.572821389624537547e-01 7.602863595295474841e-01 8.179053996880450983e-01 8.047153200074577128e-01 7.810769934470267462e-01 8.345262256873500206e-01 8.303437138648778193e-01 8.538523775288433537e-01 7.766646051162910958e-01 8.674469240903884826e-01 8.435979746825168490e-01 8.184428981287930061e-01 8.629651335948589352e-01 8.597035925862123174e-01 8.497233212962198579e-01 8.765403630645421940e-01 8.760358991040226861e-01 8.712232401495738632e-01 8.176332532621146676e-01 8.510441860894180088e-01 7.982206902272133142e-01 8.562654586536695422e-01 8.783083943373773961e-01 8.754927302029594793e-01 8.610939507056091236e-01 8.551129615253092453e-01 8.734030004734156805e-01 8.781110033590895370e-01 8.819382473590764437e-01 8.669755543473595116e-01 8.811867932573848039e-01 8.615460403659125355e-01 8.705640652882866704e-01 8.759533970751569587e-01 8.773548656971530413e-01 8.789060286602053962e-01 8.770317947125761959e-01 8.771654339076584428e-01 8.681495901147527894e-01 8.712933252982272281e-01 8.772021699989656085e-01 8.568139944381013562e-01 8.644652561369957633e-01 8.833719372439569062e-01 8.764164152383173700e-01 8.725287551604764547e-01 8.749460838102204319e-01 8.693273463417975355e-01 8.758742113540093355e-01 8.765156343211654155e-01 8.768000683188849065e-01 8.798066353540159312e-01 8.671276827148304278e-01 8.486447264328021989e-01 8.604822955658345540e-01 8.685727261913904762e-01 8.693358589531386960e-01 8.696749478612376683e-01 8.793147662083061755e-01 8.588129913430655460e-01 8.730702655929430955e-01 8.713198880405415014e-01 8.705296327429102865e-01 8.727718317112899138e-01 8.748130328819999635e-01 8.553554672199366049e-01 8.798835314838338029e-01 8.770266557425022702e-01 8.700227221801216659e-01 8.682096719312509814e-01 8.742605340131412994e-01 8.674743568457968790e-01 8.750419172414396485e-01 8.735499796967777231e-01 8.804067184692337955e-01 8.829469812004286933e-01 8.743318348798476691e-01 8.770875239441483506e-01 8.773202087183505915e-01 8.750154175072439866e-01 8.782075692593637184e-01 8.783905282569974826e-01 8.786165298047117211e-01 8.796219788740444745e-01 8.809353811637177234e-01
7.003643543805747329e-02 1.883022949295046766e-01 3.484008652251095461e-01 4.762250654153904472e-01 4.680480486394079098e-01 4.991328794833924665e-01 7.036125205871134325e-01 6.878536201759291036e-01 7.564647415276073428e-01 1.000000000000000000e+00 7.480535038501179290e-01 7.837930066954212904e-01 7.160360957037981144e-01 5.626256557953922544e-01 8.081586069914653558e-01 7.980216455320444657e-01 7.540952785588620477e-01 7.295583718675171525e-01 7.458043713131075059e-01 6.668798602461528668e-01 6.984843452425368859e-01 7.275787845991673608e-01 7.001536578837850300e-01 6.951515930094227524e-01 7.359879311215944409e-01 7.786540799633870913e-01 7.860041165726190382e-01 7.733204744112556206e-01 7.611950018817547070e-01 7.736046471101606370e-01 8.124756697604864630e-01 8.095944193879036632e-01 7.291752862803903001e-01 7.798979787577473566e-01 7.709387485704565224e-01 7.367096144446595440e-01 7.806923728017396424e-01 7.927792498351029504e-01 8.104934900086310234e-01 7.459954720555395102e-01 8.204696649012126475e-01 8.066290824370300205e-01 7.796551605219509407e-01 8.156632546355007118e-01 8.190474390642173974e-01 8.138311008428972260e-01 8.260853026539760613e-01 8.303084492144354734e-01 8.233230999444512976e-01 7.684032968569449729e-01 8.020981950668805149e-01 7.404734694418221297e-01 8.087725823854441387e-01 8.219318149579944999e-01 8.191142542320886122e-01 8.117351928333772504e-01 7.895680296253382302e-01 8.207305045148489686e-01 8.266912641618772151e-01 8.281972817814953203e-01 8.189212029115219282e-01 8.253912235887499449e-01 8.096078813260514373e-01 8.120288397549290105e-01 8.161410029681033240e-01 8.127401091696653257e-01 8.291352396797387891e-01 8.275163008874851789e-01 8.288116821271882539e-01 8.192189762379433748e-01 8.136697658310840797e-01 8.280264714043616969e-01 8.144010000421579853e-01 8.122082842183853124e-01 8.303095704464573679e-01 8.309276847905553431e-01 8.291688324559212120e-01 8.265072839103795310e-01 8.244770955721016925e-01 8.282720968923781291e-01 8.295363300409118734e-01 8.347218155421708419e-01 8.273037905835469719e-01 8.223342865874085916e-01 8.077397006985033157e-01 8.196506790325686076e-01 8.197972253078753546e-01 8.276743431038035004e-01 8.290266324084001326e-01 8.274388517209402272e-01 8.163064202484343612e-01 8.284567400605317156e-01 8.269687683409546741e-01 8.274474385426036083e-01 8.293077045060081032e-01 8.290945154093319891e-01 8.110742109239350572e-01 8.192247922487193579e-01 8.286842907771062583e-01 8.248682767018825635e-01 8.220881666012488376e-01 8.248300775732483325e-01 8.199338019768661612e-01 8.298218017826811677e-01 8.223750116270495125e-01 8.214648967289787107e-01 8.309688664686699644e-01 8.284874098910580686e-01 8.288530194723719990e-01 8.301517696903355503e-01 8.292946774183140857e-01 8.293231919183147172e-01 8.281145539804195543e-01 8.284750240057766613e-01 8.241406029175910586e-01 8.268930397941395283e-01
6.873114308156315355e-02 1.750559620436000496e-01 3.636260384019603942e-01 5.118250940670553417e-01 4.710195002903495576e-01 5.163227275469239874e-01 7.418356542886603844e-01 7.260982078782938220e-01 7.934293274888422065e-01 7.480535038501179290e-01 1.000000000000000000e+00 8.498561718529613618e-01 7.725444563547060328e-01 6.155704158957413519e-01 8.538419444605297448e-01 8.537572997476087222e-01 8.038342156652437120e-01 7.774115371449347167e-01 8.060248896654655937e-01 7.111933738869723465e-01 7.583468158366999390e-01 8.027021094830367742e-01 7.573383278430951826e-01 7.452711172340797940e-01 8.035121175202554200e-01 8.246728744393531096e-01 8.432262273897201954e-01 8.208963451547592882e-01 7.961550178485126139e-01 8.261227116255268621e-01 8.714010456552058193e-01 8.663941100463204981e-01 7.928596625233171880e-01 8.404264864295352133e-01 8.357212262071658238e-01 8.091683782432613770e-01 8.453406796327114225e-01 8.509756392886459464e-01 8.694064119300501936e-01 8.165705684044671786e-01 8.730166685588879316e-01 8.656928689265444010e-01 8.450496203349460167e-01 8.793283927289505808e-01 8.717749985678626690e-01 8.749925701325067529e-01 8.829156529698642952e-01 8.796644997975932023e-01 8.759172758857052266e-01 8.337205911523075663e-01 8.592301895956354629e-01 8.120763536508684988e-01 8.714121096733619121e-01 8.716293506518335565e-01 8.703296597303233906e-01 8.717126936335048981e-01 8.444113456529726003e-01 8.780345789943932999e-01 8.756806077570551405e-01 8.814719346279172862e-01 8.764501438844011227e-01 8.779832612978579753e-01 8.659607319461488650e-01 8.679519260265083913e-01 8.737464697134731395e-01 8.696827747336031145e-01 8.846911846702830706e-01 8.850021859527937851e-01 8.855181664618835269e-01 8.788292046591654749e-01 8.817219100725973702e-01 8.859194755299626411e-01 8.692574697818605811e-01 8.805416222174833329e-01 8.879043157701809186e-01 8.880657701103082946e-01 8.856494686742089062e-01 8.752891805575641060e-01 8.812358972515342836e-01 8.844756618918718782e-01 8.871835976428786852e-01 8.869678886369009030e-01 8.813856228200838139e-01 8.850208361386615596e-01 8.725163137353316722e-01 8.799015065934228108e-01 8.811029533608253361e-01 8.848193942924660327e-01 8.861073147305960074e-01 8.844475358228265360e-01 8.826681183139354347e-01 8.890077473728322799e-01 8.861672057393662483e-01 8.870704156110266192e-01 8.835438611566932554e-01 8.859901629701109060e-01 8.746867228317213305e-01 8.732387240015420105e-01 8.872210606321571102e-01 8.833289768407128761e-01 8.850038189334213934e-01 8.817617096654561948e-01 8.819728646379164649e-01 8.868152333723536840e-01 8.815752788847762700e-01 8.733667881520696952e-01 8.843197214410812856e-01 8.870158341632021770e-01 8.877201502611943296e-01 8.861490029739973462e-01 8.866533125506045332e-01 8.838410959591173066e-01 8.828415632209557495e-01 8.816384161885639781e-01 8.808446539737659897e-01 8.823346705875675378e-01
9.503458397390283918e-02 2.094565252817656431e-01 4.014354963922245334e-01 6.155540597617400467e-01 5.401383523981999613e-01 5.645149795095594225e-01 8.131610100991653045e-01 8.004158294533693097e-01 8.435364993490578334e-01 7.837930066954212904e-01 8.498561718529613618e-01 1.000000000000000000e+00 8.329323780478727901e-01 6.527903577285125714e-01 9.206352474026668897e-01 9.165521674236291050e-01 8.639082126426751440e-01 8.417789154515681327e-01 8.527832597130630132e-01 7.989908811962852520e-01 8.383564065665491949e-01 8.576040335015778782e-01 8.290747010420622676e-01 8.038044121318602686e-01 8.578480118313670522e-01 8.942410510050262662e-01 8.891012184855092704e-01 8.760926446209774676e-01 8.382892037459648282e-01 8.559252852819653201e-01 9.073821912998545347e-01 9.317407099764929423e-01 8.600685570070535357e-01 9.035501101128722290e-01 8.765552381805105098e-01 8.853180503460263973e-01 8.924261466326501857e-01 9.178554643338293628e-01 9.352540752003895008e-01 8.911869957636474604e-01 9.340370713353564058e-01 9.318070614854119249e-01 9.198225521940746052e-01 9.403489479784833405e-01 9.322877286446871192e-01 9.315426868771450319e-01 9.338021064240912272e-01 9.286283571629410094e-01 9.256566994627785094e-01 9.049866845501020052e-01 9.300873246375482850e-01 8.879358605744098742e-01 9.290784554459206035e-01 9.189911786243898373e-01 9.227214757519399679e-01 9.290729879927718260e-01 9.085075571566835206e-01 9.366259775472608462e-01 9.366815574057532068e-01 9.316334703994552102e-01 9.401110654009476875e-01 9.276973905568464129e-01 9.234563422262064281e-01 9.305768166886257964e-01 9.256812003237903097e-01 9.282714957552457014e-01 9.343287404139085650e-01 9.382278212608038404e-01 9.407466179130948847e-01 9.424850250220017100e-01 9.371610108811677664e-01 9.374727881230946469e-01 9.260678290454013029e-01 9.337163009411525438e-01 9.401816967539816661e-01 9.318921508614975702e-01 9.358350070174861202e-01 9.195329267291794118e-01 9.306234029490055848e-01 9.287699372756561544e-01 9.340350709086893133e-01 9.310237273340661313e-01 9.355718850366491202e-01 9.374017620456636113e-01 9.335249630136317478e-01 9.357740211807370478e-01 9.381741962514997812e-01 9.409859866375496207e-01 9.383161647543375450e-01 9.375738138068807626e-01 9.419986277564600385e-01 9.424732305833354307e-01 9.369288783060781833e-01 9.404415786131785637e-01 9.290874247161162724e-01 9.315379373885732672e-01 9.374506551917871633e-01 9.257215882512445093e-01 9.368805018765202774e-01 9.349879829856591051e-01 9.415043164035499235e-01 9.342908491347255984e-01 9.282298912138284841e-01 9.390911447612323437e-01 9.364132247730739822e-01 9.250889990552625397e-01 9.328405668638258819e-01 9.349877180764224471e-01 9.370610078492178641e-01 9.358664753718740625e-01 9.359703802942551665e-01 9.299022605178693945e-01 9.279564103998176883e-01 9.295872918744005897e-01 9.325697197843395569e-01 9.300573676469634510e-01
1.275005820101128284e-01 2.245590492042547903e-01 3.796261028039271124e-01 5.658275507646163272e-01 5.172083859646358084e-01 5.060611404673939218e-01 7.516608565169503597e-01 7.177011029268568487e-01 7.769356692034452561e-01 7.160360957037981144e-01 7.725444563547060328e-01 8.329323780478727901e-01 1.000000000000000000e+00 6.041531662121749635e-01 8.453111885240264245e-01 8.453494050283927308e-01 7.992215113974734386e-01 7.838010142116976775e-01 8.046296965557788727e-01 7.189915987044138701e-01 7.697086650073159397e-01 7.956117190586423638e-01 7.623591133387132013e-01 7.565648726383645828e-01 8.006204844747429883e-01 8.266386660520904650e-01 8.176113728874117026e-01 8.060819556289168242e-01 7.829764548568383109e-01 7.827247610876684192e-01 8.349509156335139792e-01 8.474694154536938084e-01 7.712550857552683548e-01 8.235853279375533464e-01 7.952808203181804814e-01 8.047038950146940817e-01 8.177274781966178407e-01 8.318602425184421501e-01 8.507191385554770946e-01 7.982662841289084321e-01 8.491979642414038132e-01 8.477414810957035751e-01 8.349849123266493978e-01 8.603102669937489066e-01 8.529484539740470606e-01 8.445125739402188358e-01 8.553791897067151151e-01 8.501683909929852456e-01 8.491230207895122950e-01 8.159098070574090089e-01 8.453110716823744042e-01 8.033055737356528114e-01 8.400174150212914581e-01 8.477922806168430858e-01 8.503367029207073990e-01 8.519962219347918531e-01 8.317432969406964860e-01 8.584618762659953495e-01 8.559712290604947205e-01 8.575658173311985211e-01 8.575622725191418549e-01 8.527354056090016288e-01 8.401528333517488401e-01 8.519692103513138992e-01 8.529438977793019072e-01 8.505914742046158938e-01 8.573321647560645520e-01 8.639002703465121780e-01 8.645514391885054106e-01 8.600269414774354138e-01 8.623705658877059976e-01 8.654418807843015093e-01 8.567680456725886851e-01 8.614175934792666078e-01 8.669035136067899661e-01 8.568449316011028660e-01 8.614518846754402048e-01 8.506870777580847198e-01 8.570482434670626537e-01 8.535253099850725889e-01 8.564663956552238666e-01 8.577668467843549971e-01 8.571625347738581757e-01 8.548033696390505698e-01 8.483087604648382740e-01 8.557424302394220916e-01 8.605391229915334561e-01 8.585171397000238569e-01 8.582701206136346128e-01 8.606544580812932610e-01 8.576684940822973946e-01 8.621140026442233317e-01 8.605553710474452833e-01 8.605020253491764137e-01 8.515933424589703371e-01 8.529353505150816250e-01 8.473593497315554668e-01 8.446875881893162186e-01 8.538242500108268462e-01 8.518169129830327480e-01 8.608890540952820469e-01 8.499033875787910253e-01 8.476893274851394766e-01 8.589119995765299720e-01 8.554649358087416111e-01 8.467109025293692026e-01 8.552263417686588598e-01 8.566212843707261548e-01 8.585961051771426877e-01 8.558511228578268293e-01 8.543102536827447135e-01 8.547936480825401029e-01 8.512919255335005264e-01 8.511584908176015318e-01 8.567297379134944935e-01 8.533390956781512493e-01
