1.000000000000000000e+00 7.113065753601251207e-02 1.430217901124581359e-01 4.233861034467188700e-02 2.180831342319141525e-02 1.162669351365190791e-02 4.077795284041773466e-02 -1.935315606102512576e-02 1.354632757680060140e-01 -4.369523039038086668e-05 4.289101430542613391e-02 1.430901746500687875e-02 -1.509979706196061706e-02 1.413268162281932153e-02 2.935252039771290081e-02 2.048059416149902029e-02 1.155343515995768677e-01 1.460808884509850469e-01 9.684608350797618836e-02 1.759154984693612478e-01 1.392119486221768954e-01 1.118627612319101072e-01 1.472955965678302004e-01 1.098161672866284910e-01 9.239481415703587608e-02 9.113938095249538018e-02 1.500365034860602076e-01 1.413817111044513575e-01 1.317622077751549325e-01 1.216872306506342066e-01 7.523357196818435122e-02 8.449885388932755481e-02 1.347275374139442761e-01 9.630218923490946326e-02 1.195529060778274394e-01 5.203209740313580883e-02 8.710437972318842148e-02 6.871525541185544150e-02 7.037868484925254020e-02 7.192293850372485919e-02 6.036893722114276828e-02 4.700349339881858268e-02 3.717917935791215794e-02 6.951865259362899341e-02 5.675463925974536666e-02 5.401164822836623802e-02 6.699958646326474761e-03 2.754044071752844575e-02 7.273265118278000353e-03 4.293672364371597244e-02 3.906804607542282981e-02 3.121135152968826723e-02 2.842942651549139940e-03 3.601834341759719421e-02 3.181747064054464558e-02 4.338836174263953349e-02 4.582285460571940833e-02 1.723819572296938010e-02 5.076013698859553440e-03 3.310901153254747903e-02 1.897118903769031209e-02 2.335477874221841138e-02 1.664164009997049290e-02 2.019512240419558263e-02 5.191605618960446616e-02 4.606045290392583175e-02 3.480232253287883493e-02 4.512921491622695624e-02 4.298128391491994049e-02 5.859916201173782230e-02 3.678404197271459286e-02 4.712506880908499257e-02 3.508407216074830443e-02 3.131766890210792298e-02 3.749847790955034704e-02 5.308193040765518678e-02 5.091283849594156752e-02 6.669602780569235112e-02 3.499532795766193555e-02 4.289330044377048096e-02 4.466451636941722037e-02 3.166907527031306846e-02 4.329346019132589846e-02 5.520386118672847980e-02 3.657761054641205795e-02 3.605998205808343821e-02 3.356345959752068953e-02 2.311350336160242214e-02 2.851243945354295026e-02 3.676857775504352444e-02 3.625380820150429090e-02 2.096585192871477932e-02 3.052763816312834000e-02 3.069451231107134248e-02 5.848273159879753720e-03 1.696978193667547999e-02 5.260485002593662772e-03 1.781934741701863417e-02 9.902385581283227808e-03 1.613662706184572707e-02 1.383828390050439831e-02 9.440654749910697488e-03 1.861867970040785233e-02 2.010340675199209434e-02 2.225583956465985308e-02 2.642109595028877336e-02 1.173247771133551984e-02 1.811579159926537605e-02 1.521961434090875198e-02 6.030694705627341785e-03 9.218136817139184480e-03 2.194787310893027074e-02 1.682928779786382542e-02 1.728815598997426872e-02 3.668927265080303840e-02 2.610072236615711486e-02
7.113065753601251207e-02 1.000000000000000000e+00 4.492872161189490066e-02 8.424667189164779246e-02 5.573955952182169105e-02 4.199797373402917172e-02 8.828186673346855029e-02 9.376458469295265163e-02 1.279821831294157830e-01 1.666520657302297814e-01 1.288541799654683018e-01 1.021517773973591725e-01 1.004073746348438517e-01 1.004382036080111451e-01 1.077612658536133416e-01 1.081669768670768667e-01 1.071359842171172028e-01 6.517582666760149412e-02 4.002492787707569860e-02 1.062745652495064447e-01 4.362302138575813865e-02 6.080817758945413626e-02 1.005224029235273070e-01 1.483804615908472686e-02 3.247856823483999400e-02 1.045434962175175175e-01 1.122115335553902221e-01 1.089521943824513645e-01 1.006344157540105255e-01 1.021801084039913876e-01 1.125769492739127214e-01 1.075778488486881790e-01 1.058848482776139216e-01 7.653545428478929213e-02 1.011683630413144075e-01 7.935861566382672316e-02 9.448159407642350849e-02 1.318917534415568749e-01 1.063422421081961916e-01 1.079446235268172183e-01 1.311596426563310935e-01 1.304850143296518161e-01 9.278319564253222074e-02 1.132547938976019714e-01 1.097487081169391948e-01 1.285158054751977807e-01 1.220138284862783834e-01 1.365644411850714668e-01 1.245098921201444747e-01 9.160704234310360072e-02 1.030732593545156811e-01 8.600729567058204572e-02 9.361334015925096286e-02 1.349674677374798348e-01 1.281860274972012603e-01 1.322318433911456037e-01 1.148923308130737758e-01 1.251914789099894676e-01 1.248750457221538268e-01 1.272948436668620009e-01 1.197504893061297204e-01 1.252478954309840797e-01 1.142308151350767548e-01 1.126515333691939097e-01 1.207314525689418966e-01 1.318826171915212231e-01 1.290396057141919850e-01 1.133289234989707378e-01 1.202491884201015021e-01 1.237067273263503520e-01 1.015631055305676600e-01 1.083910432141763913e-01 8.826917406429982127e-02 8.769065547808289895e-02 1.211874822948250663e-01 1.244056159996842492e-01 1.292963637195874427e-01 1.239471968522370404e-01 1.177314448865917212e-01 1.207347210684462102e-01 1.100753739871856568e-01 1.249251332140843551e-01 1.296844774695056768e-01 1.194719560435165279e-01 1.043643457346371817e-01 1.019043842562284974e-01 1.132062290396896875e-01 1.263749702956318555e-01 1.208432347874473234e-01 1.379160240209565125e-01 1.172130566122721040e-01 1.242918249787540730e-01 1.211995628839058203e-01 1.195281985551728127e-01 1.282174998497903895e-01 1.360084474566971291e-01 9.925526442221396795e-02 1.119014115538833065e-01 1.217065164363874685e-01 1.140480497171291879e-01 1.149886109504083265e-01 1.203727454796066493e-01 1.163819641992831916e-01 1.162147304525008723e-01 1.129778378448626636e-01 1.234710562092505987e-01 1.272648704636459571e-01 1.340518971222805777e-01 1.313899644438131786e-01 1.258944564777574326e-01 1.308433810450000401e-01 1.302931249249486001e-01 1.331220084411692539e-01 1.193010010485931471e-01 1.264041454057799885e-01 1.301018739338864472e-01
1.430217901124581359e-01 4.492872161189490066e-02 1.000000000000000000e+00 2.693487026669337259e-01 1.403198697695157704e-01 1.378823763723151796e-01 2.687466388888305469e-01 2.160450598776450237e-01 2.649187929830426613e-01 2.025241089759349522e-01 2.911062307016883954e-01 2.713307026314145110e-01 2.150171464924624798e-01 2.349156399625403346e-01 2.817007572819303918e-01 2.819210863278069357e-01 2.783010235877552696e-01 2.715610663527101565e-01 3.314780921517964107e-01 2.351190879828311264e-01 2.921336187927213168e-01 3.596641151921807222e-01 2.667349262377287089e-01 3.227342649356085280e-01 3.476560787139536535e-01 3.264808775467442081e-01 3.547889385278126251e-01 3.403686578955960607e-01 3.218309338292829058e-01 3.307090920984618876e-01 3.540204481935810277e-01 2.809830901714838736e-01 2.914901914588053922e-01 3.039640663024983369e-01 2.880003785853296194e-01 2.996725614268727078e-01 3.290967964965118564e-01 2.783934589391188763e-01 3.073292364182542702e-01 3.085544593076885445e-01 2.882661423671002421e-01 2.830779244561592023e-01 3.006603724431947677e-01 3.141279201170076307e-01 3.125614097055331997e-01 3.098617029028776781e-01 2.655120740149822245e-01 2.677183945478229243e-01 2.535018259516726435e-01 2.612557862279864529e-01 2.717493898350413217e-01 2.659110463213798514e-01 2.575773500928654203e-01 2.735274272506535431e-01 2.686028488414700655e-01 2.741087933876716343e-01 2.775146774039693454e-01 2.686388346712432762e-01 2.591262377446905685e-01 2.783679697573945289e-01 2.736386958447868389e-01 2.755513060467615349e-01 2.686053403412683727e-01 2.763965407275190689e-01 2.913220289219194958e-01 2.873747134011861992e-01 2.692237977069575905e-01 2.911400235937999237e-01 2.814164508421076460e-01 2.812591011292234211e-01 3.151631980424760560e-01 3.187812411147455949e-01 2.919498546563272234e-01 3.122841418195938523e-01 2.984849433691826870e-01 3.051796008278973016e-01 2.932800957388218555e-01 3.042626068514220905e-01 3.006824250046352676e-01 2.980578327410153272e-01 2.975751096192064682e-01 2.999840205041311991e-01 2.780823776292637439e-01 2.846255721794530014e-01 2.645283804959802088e-01 2.859558532899773020e-01 2.947755686490042826e-01 2.672161621770868800e-01 2.890861956375142539e-01 2.775582008383934429e-01 2.917108167472415303e-01 2.773718934164666750e-01 2.974141993247844118e-01 2.948898803826899284e-01 2.613615574240916173e-01 2.642585197271550834e-01 2.622667338030348350e-01 2.592368747597898482e-01 2.623880036441308961e-01 2.668827665483568534e-01 2.770653099177388667e-01 2.609733460408009131e-01 2.708201440650208069e-01 2.726160724293511528e-01 2.785854902337548400e-01 2.713000692725321406e-01 2.651215829333859464e-01 2.669442614835129124e-01 2.695301985494490959e-01 2.625497796111559978e-01 2.671459975269360188e-01 2.703958460875333647e-01 2.698524807059974884e-01 2.725426085779696361e-01 2.886600516614065137e-01 2.742665831094886486e-01
4.233861034467188700e-02 8.424667189164779246e-02 2.693487026669337259e-01 1.000000000000000000e+00 2.490865952136266104e-01 2.561837356098745078e-01 4.218088763019159915e-01 3.814694518538782053e-01 4.320066524482393810e-01 3.974111423404725896e-01 4.596912563275687424e-01 5.287419851839536555e-01 4.437527455878936822e-01 3.979308408300279432e-01 4.637825403152883719e-01 4.659097293439111165e-01 4.505685365354900052e-01 3.089420490626978433e-01 3.572634839606101398e-01 3.440440619908662900e-01 3.152560963607685118e-01 3.792510039937116995e-01 3.970786481997118922e-01 3.670276635805331256e-01 3.797812541539167808e-01 4.519848876290655793e-01 4.219528460086678923e-01 4.207811303307875117e-01 3.821881995674517030e-01 3.931504871377789478e-01 4.569027446560943173e-01 4.749006792188911752e-01 4.202954354205365450e-01 4.553890910364016276e-01 4.041517237635474102e-01 4.889800717524556695e-01 4.530769452806995834e-01 4.669211241053142780e-01 4.793564524964605278e-01 4.689831545076310060e-01 4.833874529742630544e-01 4.693262239167964034e-01 4.959233208582944918e-01 4.929311118469328346e-01 4.987541393510260823e-01 4.768429423209771811e-01 4.840955966430950941e-01 4.866938052865724118e-01 4.870404650718435646e-01 4.855469602660983375e-01 4.827644809129446601e-01 4.869607245774357218e-01 5.004010847056181710e-01 4.855060617075730445e-01 4.771596276046813356e-01 4.864744082175179174e-01 5.030732807305298149e-01 4.874168946434730976e-01 4.690117373712732185e-01 5.035460331066002881e-01 4.988439880004465476e-01 4.919167327063990736e-01 4.887799029737682766e-01 5.115918489476413145e-01 4.859993172416853247e-01 5.091405854181777491e-01 4.913738453701673170e-01 4.725592267921904233e-01 4.839844562105508619e-01 4.796759798744496539e-01 4.812621520346955228e-01 4.908753657949698757e-01 4.808008124192483246e-01 4.839498351611903337e-01 4.894085040088959615e-01 4.821917651886241107e-01 4.809301589969585122e-01 4.692411458476405950e-01 4.863214605025400483e-01 4.647358657437964391e-01 4.689137639032348592e-01 4.858770478734598108e-01 4.940532299943808936e-01 4.685570917528224522e-01 4.836355905575890346e-01 4.880232411141797733e-01 4.942768949459196981e-01 4.881372252719742288e-01 4.914082035062276033e-01 4.987382814727553404e-01 4.882219268979530180e-01 4.934004581235232334e-01 4.947593398622719407e-01 4.925843299652845619e-01 4.908073696118239182e-01 4.934493641336256675e-01 5.018581035655464984e-01 5.017394675052948561e-01 4.978217104680250360e-01 4.981883351765082346e-01 5.022758890299064971e-01 4.976865200064972128e-01 4.976536401591065140e-01 4.962570464543615278e-01 5.056214249151382845e-01 5.080698707694932814e-01 4.969350442457837191e-01 4.888134018515981616e-01 4.936679164869894332e-01 4.925852085461503438e-01 4.912789561358520962e-01 5.017457041227351144e-01 5.001616210941390861e-01 5.044780753105906346e-01 4.941228016734666162e-01 5.045120541019827431e-01
2.180831342319141525e-02 5.573955952182169105e-02 1.403198697695157704e-01 2.490865952136266104e-01 1.000000000000000000e+00 2.257013334495717172e-01 3.843058889833684821e-01 3.566697496570109260e-01 3.790390806977896321e-01 3.566594142873544260e-01 3.797069638225923360e-01 4.078262427646749400e-01 4.080911129663593595e-01 3.735429625686718103e-01 4.417334988601652190e-01 4.293959240991915283e-01 3.841359075123234046e-01 2.749742969761696521e-01 3.046053413110391683e-01 2.734661660784467596e-01 2.809787095478502028e-01 3.257923590633926558e-01 3.198096609407207747e-01 3.076039767729605856e-01 3.221399222617432612e-01 3.973699236272813518e-01 3.938448205635843857e-01 3.935519096734042543e-01 3.484287580782056137e-01 3.762501826910987224e-01 4.012788025924447499e-01 4.037349855626426454e-01 3.671244034123418709e-01 3.940948800370662197e-01 3.725991817765870184e-01 4.266776634608569485e-01 4.063678161182607829e-01 4.239145409338426207e-01 4.317637394129942296e-01 4.165973761753027915e-01 4.422350457770152787e-01 4.442274490671621057e-01 4.392554360132498448e-01 4.416297916125984657e-01 4.369378064606327383e-01 4.307900483001682601e-01 4.474230540951578128e-01 4.440967325041818015e-01 4.432910976824041005e-01 4.308665227133732789e-01 4.309654284836614280e-01 4.218226493095279528e-01 4.411270776151362538e-01 4.391606306325780973e-01 4.297845259327645051e-01 4.331215526898534729e-01 4.349759442239564122e-01 4.570011947570173927e-01 4.361053209183378132e-01 4.491581047670785143e-01 4.516126097972865128e-01 4.411155260670928113e-01 4.349448894319521974e-01 4.482490905842858031e-01 4.341445308441188033e-01 4.456218403672011497e-01 4.489855540784339349e-01 4.328407163317423145e-01 4.332247028533107724e-01 4.309918929771525131e-01 4.364594962105227682e-01 4.400549839044283207e-01 4.236700092249747196e-01 4.376893946861182827e-01 4.454917682200314477e-01 4.413479858456090810e-01 4.443447275758817816e-01 4.316802799090128095e-01 4.441163737594798766e-01 4.336728326859708438e-01 4.327893188439476124e-01 4.433858183286775168e-01 4.446830063310720504e-01 4.323169882597129865e-01 4.386215918766038779e-01 4.402595302918733688e-01 4.458934418467248029e-01 4.490371786126118869e-01 4.490951292226247338e-01 4.449667494460894379e-01 4.398199232154346161e-01 4.554182783190889316e-01 4.499714704607987170e-01 4.498278836891859145e-01 4.524955912930609947e-01 4.520703962468640702e-01 4.510186612174023613e-01 4.450558053966326422e-01 4.515493250356905075e-01 4.475941218273200572e-01 4.531369174210889694e-01 4.466775768881375841e-01 4.538850310260654775e-01 4.547652401450638648e-01 4.529867541328130298e-01 4.466994618249976456e-01 4.513947082549119583e-01 4.499203228885479966e-01 4.486007222695925223e-01 4.531635907937724972e-01 4.524168655751865109e-01 4.511058644151816899e-01 4.533001928726413943e-01 4.539147561242391493e-01 4.455576115646157076e-01 4.488529208604306597e-01
1.162669351365190791e-02 4.199797373402917172e-02 1.378823763723151796e-01 2.561837356098745078e-01 2.257013334495717172e-01 1.000000000000000000e+00 4.128633095432120981e-01 3.821618990525695869e-01 4.403401533265851597e-01 4.172152586731678880e-01 4.434889186853238074e-01 4.643354979531763571e-01 4.618853085599032293e-01 4.304876766196678028e-01 5.023506621837029451e-01 4.932517116859653217e-01 4.451483696450295735e-01 3.579715062784470381e-01 3.909387053607374929e-01 3.451771010681176644e-01 3.351001675116382361e-01 4.056037897545296533e-01 4.198505666696920047e-01 4.006012587052661389e-01 3.920205233230720232e-01 4.895131871858613981e-01 4.647440431840705877e-01 4.770941363533383051e-01 4.231709769424997769e-01 4.643836496529109015e-01 4.947332060878849580e-01 4.950627910814137111e-01 4.585921587798129639e-01 4.790537101745819815e-01 4.570523883356278905e-01 4.750512736903146349e-01 4.971784670431617648e-01 5.124288424603873349e-01 5.179945944903916466e-01 5.065655332751476392e-01 5.165560562381591447e-01 5.156121610383181952e-01 5.185427317235172806e-01 5.238940235092272024e-01 5.129776928829659077e-01 5.184087133036708872e-01 5.216437202147476970e-01 5.240686499572282386e-01 5.181897133016485357e-01 4.987816340922375247e-01 5.113990307507545463e-01 4.785968077673896648e-01 4.913488948053418848e-01 5.219728202588915789e-01 5.097318009785052340e-01 5.190150191669854474e-01 5.055813353954730083e-01 5.239498884777864518e-01 5.164015660380072426e-01 5.178931076297121905e-01 5.233960216224631257e-01 5.202921492238962164e-01 5.139376811513889365e-01 5.194927707174379350e-01 5.013518401679125658e-01 5.063833654135481144e-01 5.234632778229180161e-01 5.167725153200166677e-01 5.263036462195919141e-01 5.143264608659064985e-01 5.091367852503170255e-01 5.199486419109295987e-01 5.138070976482638219e-01 5.126476765652914214e-01 5.324884122550143095e-01 5.245001068995475135e-01 5.219274119128202161e-01 5.097494165805848132e-01 5.235048737481736714e-01 5.138866318735303418e-01 5.199261172031965916e-01 5.258900229612260002e-01 5.188971400188592265e-01 5.145211542428904661e-01 5.205638703476841433e-01 5.215725161869866344e-01 5.242870599406527221e-01 5.251632477748283678e-01 5.253948450637093703e-01 5.221423031883913879e-01 5.273938794924526441e-01 5.267670979165919309e-01 5.295750678013574353e-01 5.284018165004049639e-01 5.265257942410898062e-01 5.263777422713993293e-01 5.191681613336130985e-01 5.124248947737133353e-01 5.247736253115868887e-01 5.233078640728121567e-01 5.289895247264794209e-01 5.226747653145665806e-01 5.180223080981074535e-01 5.257364537596476151e-01 5.213733517901326664e-01 5.161256694631738418e-01 5.253362755301801412e-01 5.253668988293911379e-01 5.265954425943932815e-01 5.244591046353187513e-01 5.246404695442515864e-01 5.236909904227973200e-01 5.245915043963264024e-01 5.230560895070651695e-01 5.193734432331509332e-01 5.197485580726883825e-01
4.077795284041773466e-02 8.828186673346855029e-02 2.687466388888305469e-01 4.218088763019159915e-01 3.843058889833684821e-01 4.128633095432120981e-01 1.000000000000000000e+00 5.815187574053823916e-01 6.271784569794729425e-01 5.625387294441517305e-01 6.463409225810219372e-01 6.822276151810153788e-01 6.306861243936409123e-01 6.175602083544147192e-01 7.659320855128650685e-01 7.058395262377248347e-01 6.367589033131051401e-01 4.868856907340619045e-01 5.710884224379051410e-01 4.196289081254412912e-01 5.219441003595959305e-01 6.012643953421008547e-01 5.032261688201310479e-01 5.610366814513301215e-01 5.783794619030110384e-01 6.951261555511495382e-01 6.881039273312444804e-01 6.859978331200990986e-01 5.820100559076046842e-01 6.343596190391315170e-01 7.019860409310438865e-01 6.632257873843189211e-01 6.446589978960648448e-01 6.559948975612696076e-01 6.136978637044514517e-01 6.874554369023994083e-01 6.889643473826901898e-01 7.086027579454575731e-01 7.211269037293045470e-01 7.310517953794800627e-01 7.313919869467768731e-01 7.441854774299083708e-01 7.278535197692117542e-01 7.456884579597417018e-01 7.268017896932883470e-01 7.396461328006270763e-01 7.275077390485369389e-01 7.226753892415093139e-01 7.174024204182857245e-01 6.943071093343246014e-01 7.129143940335169738e-01 6.947229180802715343e-01 7.083452182261426033e-01 7.164167902659143161e-01 7.093159000456675800e-01 6.980524144799117314e-01 7.100999873418829544e-01 7.391579040227269637e-01 7.196864412903032360e-01 7.340325559576502679e-01 7.195862608628641466e-01 7.199326829592790356e-01 7.108962446950800596e-01 7.259987405987067266e-01 7.168743843812683814e-01 7.167124236374835533e-01 7.226937089456718644e-01 7.210111699606636115e-01 7.049288223469890591e-01 6.960978368714623166e-01 7.325692717794241027e-01 7.304681306158622434e-01 7.062334434993117194e-01 7.209110768599128471e-01 7.431200208649804129e-01 7.360371865019149640e-01 7.325731696239483615e-01 7.009991760034591790e-01 7.328474408352235736e-01 7.216893731040733284e-01 7.251250789096640448e-01 7.323732888631481197e-01 7.079375054457257566e-01 7.112662520274364297e-01 7.151822436450731013e-01 7.192305347807046445e-01 7.279475032063202899e-01 7.314963723376144422e-01 7.360466140806399826e-01 7.192211345248002985e-01 7.388850518371316012e-01 7.452805766364315465e-01 7.420977733313177671e-01 7.457596002056385842e-01 7.289191138130818315e-01 7.291567181528614272e-01 7.316232230168790984e-01 7.141835676924761511e-01 7.296511347339426079e-01 7.351007251497531092e-01 7.400928832020214898e-01 7.296953665430133684e-01 7.296409976502485906e-01 7.425889460949715026e-01 7.298094606339562418e-01 7.229407703643900840e-01 7.298160882289025375e-01 7.285677918593757019e-01 7.285672990087264100e-01 7.357759186809650354e-01 7.362730429191391979e-01 7.356115639959744934e-01 7.318535616137962219e-01 7.293665367146706657e-01 7.280784463199078127e-01 7.237090392335202571e-01
-1.935315606102512576e-02 9.376458469295265163e-02 2.160450598776450237e-01 3.814694518538782053e-01 3.566697496570109260e-01 3.821618990525695869e-01 5.815187574053823916e-01 1.000000000000000000e+00 5.796420668700921208e-01 5.448642539646000316e-01 5.914735950872104242e-01 6.387583777679535224e-01 5.847578416334697771e-01 5.827158972836395945e-01 6.896062381952990927e-01 6.932314386029257980e-01 5.717765689907591264e-01 4.366283516015225796e-01 5.021142469971070499e-01 4.363427123562148013e-01 4.567496704443066435e-01 5.317504768843961394e-01 4.838626340334423181e-01 4.782363923360646307e-01 5.148145463225789475e-01 6.358531018079962571e-01 6.023025620890012366e-01 6.056616048869499780e-01 5.375631556656542687e-01 5.704531869248927745e-01 6.148308547251396527e-01 6.164706746718008334e-01 5.833708721433649158e-01 6.017722463340855477e-01 5.697065021818060737e-01 6.218051941768000246e-01 6.212784917774716309e-01 6.654732036730957034e-01 6.525894258927836811e-01 6.562416384609465192e-01 6.694536689148530284e-01 6.732424386595358134e-01 6.631836763309436611e-01 6.858374617172281473e-01 6.653880762577245589e-01 6.733752905279657419e-01 6.851028648450565584e-01 6.786292533849740405e-01 6.920451707534668317e-01 6.727160163276982852e-01 6.953586619155219806e-01 6.624319825560510688e-01 6.805265866015138831e-01 6.844154932876924669e-01 6.819932220305666704e-01 6.607515258459537577e-01 6.886643198361263041e-01 6.983655843104616956e-01 6.953362266952367587e-01 6.964226826828638917e-01 7.007790972726065659e-01 6.965217957971040486e-01 6.954133919615215209e-01 6.899012709803453713e-01 6.746883496550244441e-01 6.940637425650194592e-01 6.770319652672511790e-01 6.616614806582010733e-01 6.635523085535638410e-01 6.672781704216045329e-01 6.726571633095954628e-01 6.767959976449301474e-01 6.521175012781315061e-01 6.656419943127703798e-01 6.938184947317885820e-01 6.790558381761310214e-01 6.809164781333648664e-01 6.570355258268255616e-01 6.805460451202263172e-01 6.685180295968038422e-01 6.712816028409318569e-01 6.769698498782119600e-01 6.687690159535073509e-01 6.634212404742220182e-01 6.735447195200946480e-01 6.686463183729830506e-01 6.785128703966077923e-01 6.874193454801653669e-01 6.842746171392287691e-01 6.711297437433463298e-01 6.842222429427268215e-01 6.919377091699571158e-01 6.874349242740311894e-01 6.897796445723756165e-01 6.918118137758452191e-01 6.866279719498266099e-01 6.930490566549172282e-01 6.987540537400397378e-01 6.995178279461561344e-01 6.977765069111565577e-01 6.916833608179938642e-01 6.966765825780605326e-01 6.939500718733281337e-01 6.998944046819155496e-01 6.923706084911982472e-01 6.892793857842460792e-01 6.968632226675105512e-01 6.871399348154066944e-01 6.886765532439109716e-01 6.939284247587735877e-01 6.944305362335230214e-01 6.953414064170435616e-01 6.929529003559737887e-01 6.915537494530542562e-01 6.871353239280103553e-01 6.949427304569475439e-01
1.354632757680060140e-01 1.279821831294157830e-01 2.649187929830426613e-01 4.320066524482393810e-01 3.790390806977896321e-01 4.403401533265851597e-01 6.271784569794729425e-01 5.796420668700921208e-01 1.000000000000000000e+00 6.830761072550604052e-01 7.099906863333917961e-01 7.613819410378468433e-01 6.908464264537620414e-01 6.958708245894047462e-01 7.927511241998355107e-01 7.648919526194019047e-01 7.501027760645637699e-01 6.016185810792675781e-01 6.295864791756756729e-01 5.951158427043795607e-01 5.763640342896284574e-01 6.402598276974198477e-01 6.942639419463655370e-01 6.452360321939013543e-01 6.255196615714982977e-01 7.620205693898588484e-01 7.428748033264064299e-01 7.634723954352566899e-01 6.978512371327120212e-01 7.583366043885642060e-01 7.695886547330869076e-01 8.005857103266537100e-01 7.674503013211930735e-01 7.694077540962963591e-01 7.652730773227854888e-01 7.751859716734006422e-01 7.994792467201764508e-01 8.226712864041926254e-01 8.205888502203955159e-01 7.946842830404936553e-01 8.322092498081045120e-01 8.130866049693871167e-01 8.086757749604790435e-01 8.232124209106427282e-01 8.169532260180535355e-01 8.248998921802024320e-01 8.369063501734153032e-01 8.503095738572580276e-01 8.356655501454200996e-01 8.021175256910384466e-01 8.204613495529835543e-01 7.853117302564738278e-01 8.015167680689698759e-01 8.456710723775712202e-01 8.262746345098559431e-01 8.309446436674086112e-01 8.301621075590400745e-01 8.252280648923062678e-01 8.207406518447217803e-01 8.451230055304069788e-01 8.393470346290967665e-01 8.360941508096194630e-01 8.255107388049899297e-01 8.390136664544765033e-01 8.307683628413876642e-01 8.389127606942969884e-01 8.453769641071643415e-01 8.330981245826603043e-01 8.387460564815129027e-01 8.306251810601084085e-01 8.200985353213006146e-01 8.297920804249862003e-01 8.162017148618755380e-01 8.190326411060582235e-01 8.387365075380213142e-01 8.396004253085812552e-01 8.367080720231867552e-01 8.253073169183242630e-01 8.307907660799943583e-01 8.246283254153388143e-01 8.326986929350503885e-01 8.339281292814292312e-01 8.451090972411596791e-01 8.375581799130757954e-01 8.325988593573048213e-01 8.318990985795786663e-01 8.358009783684196004e-01 8.410020377935133462e-01 8.403080083319185434e-01 8.456175187606403965e-01 8.411864138614898456e-01 8.401292700067747310e-01 8.383688818303361989e-01 8.394952249135330113e-01 8.422081957036204880e-01 8.462430606369718555e-01 8.204682177391285913e-01 8.287099528107095825e-01 8.419711305206205587e-01 8.371276192770795710e-01 8.356078902981396439e-01 8.389356140066605017e-01 8.356333023608806254e-01 8.381112868477159639e-01 8.392453507870610840e-01 8.383220844247326609e-01 8.429801927917381921e-01 8.470885666748038112e-01 8.426543588666443041e-01 8.400265924769164672e-01 8.400706596698551687e-01 8.461655139366192069e-01 8.456498340529827740e-01 8.432760832655652461e-01 8.423921143942818546e-01 8.436078732743450548e-01
-4.369523039038086668e-05 1.666520657302297814e-01 2.025241089759349522e-01 3.974111423404725896e-01 3.566594142873544260e-01 4.172152586731678880e-01 5.625387294441517305e-01 5.448642539646000316e-01 6.830761072550604052e-01 1.000000000000000000e+00 6.412221111435054688e-01 6.979796408553848863e-01 6.375772042102187953e-01 6.529631831130957575e-01 7.306475005020421909e-01 7.007504348897701796e-01 6.414961087846589027e-01 5.127562489175871985e-01 5.280446769011751806e-01 4.790274557063704530e-01 4.729889333511950178e-01 5.478942835709352810e-01 5.926411905132081825e-01 5.319768286533729240e-01 5.257907315532253101e-01 6.824695004149080590e-01 6.648411560415056210e-01 6.750583609646226835e-01 6.334666790073022469e-01 6.584658080642638023e-01 6.909868568234457387e-01 7.004087078418808066e-01 6.576641350703803512e-01 6.609592910604505933e-01 6.449780378770625378e-01 6.793461747834336206e-01 6.924964960665285219e-01 7.470460086572804359e-01 7.364714177515937488e-01 7.158089019147566567e-01 7.627088839195280690e-01 7.532313417625965402e-01 7.254479547776664372e-01 7.449124231906607552e-01 7.285570212752225938e-01 7.493353122478944028e-01 7.747251499644963735e-01 7.822629095875720528e-01 7.713222308048059972e-01 7.112963384825171653e-01 7.394594837691074174e-01 6.965630500349865306e-01 7.290462225813640895e-01 7.733576324943757241e-01 7.544439602592182270e-01 7.515295074452846835e-01 7.413975833083191747e-01 7.669551229843208917e-01 7.584901784750494036e-01 7.763409355915024124e-01 7.650217742275300381e-01 7.659802061270168938e-01 7.516731683405801778e-01 7.627819196327060292e-01 7.422300186843207026e-01 7.584478164690503510e-01 7.753633505279013960e-01 7.561880959076788811e-01 7.586247369829404175e-01 7.422352313813511682e-01 7.394607293722440522e-01 7.509606263003733018e-01 7.319615695097065888e-01 7.368357579187022610e-01 7.665287732234706830e-01 7.651140607008504180e-01 7.676188242848835941e-01 7.576586935592775074e-01 7.612156268012606475e-01 7.453292302036189643e-01 7.456374455235909027e-01 7.636973832050788502e-01 7.668447335235867302e-01 7.477092520389451158e-01 7.505473343438190392e-01 7.493681762694494042e-01 7.570578652594376345e-01 7.736643131128733142e-01 7.682358034310888817e-01 7.714348719154544565e-01 7.645170973508125245e-01 7.745107768048189456e-01 7.658462820161787699e-01 7.697239771121893170e-01 7.783220910268303649e-01 7.824211835157477424e-01 7.495923272286264538e-01 7.507695420699188604e-01 7.728865577869703518e-01 7.646741615960492844e-01 7.650538582818452449e-01 7.694175121315274257e-01 7.639953803232635288e-01 7.722435786827048787e-01 7.626420189312869136e-01 7.631418507553233699e-01 7.750038422508827018e-01 7.802188049147595894e-01 7.760622592865862313e-01 7.753621730051490912e-01 7.762137829369823994e-01 7.805831603204534952e-01 7.806767188620334919e-01 7.722661947158666607e-01 7.664249320385485564e-01 7.702325997855915540e-01
4.289101430542613391e-02 1.288541799654683018e-01 2.911062307016883954e-01 4.596912563275687424e-01 3.797069638225923360e-01 4.434889186853238074e-01 6.463409225810219372e-01 5.914735950872104242e-01 7.099906863333917961e-01 6.412221111435054688e-01 1.000000000000000000e+00 7.754517128515020508e-01 6.824949214557809452e-01 6.945692341999595287e-01 7.850013761126132250e-01 7.565397413310016583e-01 7.326753115333708433e-01 5.958264856911273943e-01 6.583758872912455207e-01 5.446925650951329745e-01 5.912058851066823717e-01 6.812807309706245817e-01 6.393020550008587932e-01 6.636815519634999827e-01 6.684267971947157605e-01 7.542236045110507492e-01 7.543185624810824219e-01 7.637190535388049817e-01 6.998207544167925898e-01 7.452548363127359243e-01 8.051466368405356677e-01 7.697376960271243851e-01 7.305217762446339913e-01 7.611966130518320606e-01 7.268528851829453297e-01 7.706885328862160822e-01 7.916993278439045101e-01 7.941118854220741152e-01 8.149354020224889306e-01 7.827603975456447483e-01 8.128289868048675926e-01 8.055092052674913683e-01 8.122855335533164522e-01 8.166329353033021654e-01 8.185868422574641423e-01 8.191607724560613368e-01 8.146796597663485962e-01 8.173458789947967151e-01 8.051228854304480764e-01 7.767901027009121995e-01 7.909159877042875042e-01 7.673492106176830196e-01 7.823308928910108762e-01 8.074634608429529514e-01 7.933612083816128369e-01 7.914400034538119355e-01 7.878274597455056094e-01 8.151721178747547425e-01 7.933790989495088652e-01 8.211858570704756444e-01 8.102077752381615650e-01 8.114232043595361876e-01 7.914750913099737328e-01 8.180209390072029629e-01 8.092695754963885602e-01 8.063500242442532828e-01 8.201807578146659283e-01 8.197085331285742793e-01 8.122039295799100556e-01 8.033190465155801707e-01 8.220195101459095710e-01 8.280830896056116108e-01 8.097774819217702369e-01 8.219621918547862505e-01 8.241516066968490595e-01 8.266650318344455073e-01 8.235314922822951633e-01 8.089743909461896143e-01 8.250513530365259918e-01 8.151185271368696084e-01 8.209615062113592154e-01 8.348274052737933992e-01 8.154121517523104101e-01 8.120209033222244299e-01 8.110692948626302412e-01 8.194199369068014827e-01 8.258741730715427609e-01 8.209367428265780253e-01 8.301238029565756182e-01 8.152020281525722556e-01 8.276632478739620602e-01 8.258594934354325234e-01 8.307168626376461029e-01 8.310896052680540880e-01 8.201755834250550325e-01 8.216137727950469927e-01 8.079768692657981477e-01 7.951227307792069210e-01 8.190949365977636676e-01 8.177314408740905538e-01 8.235813948696084630e-01 8.140625328211480438e-01 8.167874471258431690e-01 8.232246578568251927e-01 8.203427214733732820e-01 8.104786309747396000e-01 8.183752999177426046e-01 8.209629129202703490e-01 8.168088965374198374e-01 8.228880351102001445e-01 8.198809597706219199e-01 8.231444705805277540e-01 8.198837243146138709e-01 8.224209287885106967e-01 8.218785065183464855e-01 8.161330974001501648e-01
1.430901746500687875e-02 1.021517773973591725e-01 2.713307026314145110e-01 5.287419851839536555e-01 4.078262427646749400e-01 4.643354979531763571e-01 6.822276151810153788e-01 6.387583777679535224e-01 7.613819410378468433e-01 6.979796408553848863e-01 7.754517128515020508e-01 1.000000000000000000e+00 7.479321998974677310e-01 7.390014898917530717e-01 8.404644476320248803e-01 8.243952154610609817e-01 7.677762724469975320e-01 5.784538388994939773e-01 6.505388927987909575e-01 5.565623365496514818e-01 5.802170449561910859e-01 6.672922838992827455e-01 6.599731360435061589e-01 6.648908626343404960e-01 6.588871865848461296e-01 7.820654584306868662e-01 7.529355370340872211e-01 7.600025263271822373e-01 6.892210741968740617e-01 7.433467061914327267e-01 8.117193853027862005e-01 8.251971610423557424e-01 7.558520441457011740e-01 8.004485182182131675e-01 7.483303603731794595e-01 8.298902620716410716e-01 8.230842092733373638e-01 8.487632568435659053e-01 8.592734643493311619e-01 8.230818407415795290e-01 8.665113566974651516e-01 8.551923879115300720e-01 8.700591951414148317e-01 8.685380216417479815e-01 8.688003572638718364e-01 8.621385881283036845e-01 8.914996776372096088e-01 8.889253482735767209e-01 8.855923814480983758e-01 8.605590778986802469e-01 8.690900836236572502e-01 8.529076980140455344e-01 8.698800082446174198e-01 8.816527799725948356e-01 8.653711411885337546e-01 8.594530234914222744e-01 8.762043846674383296e-01 8.805702083832090965e-01 8.700096237882648520e-01 8.925519359089598703e-01 8.892723045143613447e-01 8.842766870050424721e-01 8.760500095757072225e-01 8.972143385641746516e-01 8.677909523173863438e-01 8.871247744805038637e-01 8.908131208047841421e-01 8.735829336601916850e-01 8.732133943529027942e-01 8.624336065894672165e-01 8.717240305215460117e-01 8.775417845569734032e-01 8.700955899855036257e-01 8.751003646835739946e-01 8.820621338318800353e-01 8.762167192318116582e-01 8.736899978184342608e-01 8.530709865675422110e-01 8.789898223410349543e-01 8.653201948903133101e-01 8.704556330880274251e-01 8.864089911575512293e-01 8.824579158562843029e-01 8.655631186850080150e-01 8.820056113763115047e-01 8.848395948484604201e-01 8.894196996025438562e-01 8.913500342245721519e-01 8.920181410352209239e-01 8.842720872825423628e-01 8.862377028784532706e-01 8.931249764086338638e-01 8.941707685076137890e-01 8.901458200011569399e-01 8.970607258104595916e-01 8.973466555304905334e-01 8.906747800471139787e-01 8.855111827314832151e-01 8.967133937304000435e-01 8.946150104962458105e-01 8.982860142330345576e-01 8.951609172937315950e-01 8.946588230222020099e-01 8.972829229130122597e-01 8.989302584418165099e-01 8.935786855977838616e-01 8.978317073371229196e-01 8.936469704521003976e-01 8.915964194857947112e-01 8.960239408535833894e-01 8.948759480893248019e-01 8.982574864023038508e-01 8.985173936364269087e-01 8.987972065213898354e-01 8.903841722160128480e-01 8.958852342911125533e-01
-1.509979706196061706e-02 1.004073746348438517e-01 2.150171464924624798e-01 4.437527455878936822e-01 4.080911129663593595e-01 4.618853085599032293e-01 6.306861243936409123e-01 5.847578416334697771e-01 6.908464264537620414e-01 6.375772042102187953e-01 6.824949214557809452e-01 7.479321998974677310e-01 1.000000000000000000e+00 6.734314078688898864e-01 7.825985727362245736e-01 7.693868854104415345e-01 6.857344859017709959e-01 5.265864523937228148e-01 5.681324524098048112e-01 5.195613729713095541e-01 5.151307201920575229e-01 5.763120120428586457e-01 6.130738033790241737e-01 5.990585252676916550e-01 5.739324187305784308e-01 7.019724827048668958e-01 6.774528034586152492e-01 6.973984758763376313e-01 6.388430723997031713e-01 6.806773689978237174e-01 7.224750731467888265e-01 7.562063441605713088e-01 6.997915440532884723e-01 7.374706875256334948e-01 6.938255052609305640e-01 7.533769302816222257e-01 7.421633628520235559e-01 7.814331524321009859e-01 7.873735730263783372e-01 7.504554283133805237e-01 7.965845976422633035e-01 7.910036300183724833e-01 7.911161168095384166e-01 7.952735665148445987e-01 7.829021333497309110e-01 7.859857384741645303e-01 8.170005905978185989e-01 8.160984629888712316e-01 8.143953069633040887e-01 7.886072040412065443e-01 7.950862051795779539e-01 7.788551197048526609e-01 7.944427792380770459e-01 8.014021187806776858e-01 7.849051366934011176e-01 7.859089232756989452e-01 7.886558513117789548e-01 8.085069073438148068e-01 7.941959031225053200e-01 8.146054737625625375e-01 8.149710019842827391e-01 8.040113756494043917e-01 7.932718135206751064e-01 8.202865172222489898e-01 7.852873518186849200e-01 7.951943528575227127e-01 8.152721963726959897e-01 7.983498248984178813e-01 8.052841488574842277e-01 7.950916355180062123e-01 7.925941215464221701e-01 7.953348970662557083e-01 7.950449100691948656e-01 7.946548454690939289e-01 8.070699893506274591e-01 8.001025821096052759e-01 8.062728409803284757e-01 7.842850526984455062e-01 8.051565013410086902e-01 7.911480561019913482e-01 7.949468970736517370e-01 8.043374957754382271e-01 8.118745359625317848e-01 7.978736533794876795e-01 8.125760971400312060e-01 8.125133815092731027e-01 8.118087828346297607e-01 8.195852899923639079e-01 8.184139729715280698e-01 8.125715106653297326e-01 8.119271613993397363e-01 8.244199912053624679e-01 8.136795814868398313e-01 8.160023161597450558e-01 8.229305162471901580e-01 8.233794328140567886e-01 8.165370627093380129e-01 8.124055174302042825e-01 8.213205746613944092e-01 8.209848645616280027e-01 8.237944801686420959e-01 8.222543641221811139e-01 8.195901685039204132e-01 8.267658095149138520e-01 8.238611418225201266e-01 8.124605538343725453e-01 8.224702654332990415e-01 8.186225674551260711e-01 8.161206591863804372e-01 8.219585403613435259e-01 8.175016336424353325e-01 8.211619487739690859e-01 8.200687967639826992e-01 8.245376919879019439e-01 8.099344718824906808e-01 8.128536338691270124e-01
