1.000000000000000000e+00 3.015751916608704342e-01 1.353314703423608434e-01 2.866603483341951739e-02 -9.706942687504981418e-03 1.669307119020273233e-02 4.161697310490786866e-02 8.580386462004162273e-02 2.268295894783509126e-01 1.156524113949972260e-01 1.156362870706512808e-01 4.919725679681331149e-02 1.466858779103844164e-02 -1.662893152197269034e-02 4.129645592527453682e-03 6.389658390991208303e-02 1.576697258936336499e-01 3.426930712382179611e-01 2.608593839925833491e-01 2.862878732997681253e-01 1.934568884064029604e-01 1.950044136053648292e-01 2.984094199326111641e-01 2.830728291573380573e-01 2.273190768264463923e-01 2.047926874764070260e-01 1.456475944122064825e-01 1.668725221699933758e-01 2.096311996248891585e-01 2.283114983010114118e-01 1.668532355037959380e-01 1.854696473720948702e-01 1.626511758634769933e-01 1.898990635339276312e-01 1.862305922814828929e-01 1.237614245859615797e-01 1.451075715798080534e-01 1.097808220146772734e-01 1.388626502862459478e-01 6.582279695678348863e-02 2.574888464181948611e-02 3.931467116028578707e-02 8.045220137181423314e-02 4.611028298799615954e-02 9.651989851764097850e-02 1.005756880921872543e-01 2.708863133740900889e-02 6.240501243494942646e-02 9.030640695145354668e-02 9.759220542786506414e-02 1.183819232322748105e-01 8.534270266228012602e-02 3.236707517061306744e-02 1.158356880999845129e-01 1.303972714037596736e-01 1.144993001376547748e-01 1.331288529990112823e-01 6.236785481675258952e-02 9.519289870825459188e-02 5.970336887504762435e-02 4.891342377597918817e-02 8.425102677200922707e-02 8.765389112905681845e-02 8.240623581925830832e-02 1.149756383402426446e-01 7.572598904419140797e-02 6.258806415623055508e-02 1.193611455686462430e-01 1.240216125651901480e-01 1.282336120444372562e-01 7.220497356326582850e-02 8.832223238756467532e-02 1.298284845150175504e-01 1.026631214098754352e-01 6.481757328227785719e-02 6.286799848658264356e-02 5.257906161280578167e-02 1.062507798268572945e-01 6.935066340023213205e-02 1.080131568577498424e-01 9.632149557236745208e-02 7.378598034502291403e-02 1.061872452537274969e-01 9.701964963372423922e-02 5.615355544790651826e-02 7.572132047161404811e-02 6.509234687224131621e-02 2.831717122074307175e-02 5.420085914121529347e-02 4.451146864714251167e-02 4.241401444560790462e-02 1.149654309777797465e-02 3.069649119389469827e-02 2.290325377924003203e-02 6.267609299302819015e-03 3.083361503044273685e-02 -9.462710685543392064e-03 4.569423923989270747e-02 1.766291313532519780e-02 3.081996212284486558e-02 5.540756010742762562e-03 1.560581509990986021e-02 1.647500675211782326e-02 1.108748078930260270e-02 1.999958939495626031e-02 5.743465524801082134e-02 4.495571624907488545e-02 4.010084549289211209e-02 4.860387706311424666e-02 2.772151247454716569e-02 6.706739029122862732e-03 2.509663729937362114e-02 2.848852956492965369e-02 2.992997834847992492e-02 5.958831196054613366e-02 3.759732256858835248e-02
3.015751916608704342e-01 1.000000000000000000e+00 1.137787206386433880e-01 -1.251360665556016522e-02 4.856468315229397342e-02 7.490435225833418087e-02 1.101161378822338721e-01 1.336798182058286932e-01 2.504897482042924284e-01 2.400667059753615606e-01 1.788133246895382833e-01 1.092374275361644165e-01 1.178109386160530042e-01 1.086298562524331129e-01 1.179363008149839770e-01 1.607819108544801256e-01 2.119156717600274853e-01 3.054720039339473003e-01 2.681294394138210024e-01 2.283196519982367834e-01 1.591317291635882814e-01 1.916336223441171827e-01 3.087267814220145956e-01 2.745276941891252598e-01 2.514689516934782154e-01 2.981491830311053803e-01 2.200695359109699212e-01 2.610548522582727404e-01 2.851177044424793583e-01 2.764195683987863417e-01 2.427882325002390373e-01 2.634161181911526262e-01 2.653462217715125693e-01 2.508924937805575572e-01 2.705895768603440166e-01 1.979241746288354920e-01 2.283207206600695871e-01 2.368369190732906304e-01 2.303460226113117626e-01 1.827477665551712482e-01 1.610401021973902891e-01 1.829573710614374737e-01 1.666977733906715997e-01 1.593898581149958693e-01 1.935457364159571259e-01 2.104138020719107105e-01 1.571767295132679709e-01 1.893993125002105815e-01 1.798643982392986451e-01 1.936437432645394530e-01 2.183528898975604371e-01 1.403086156272141671e-01 1.356744985058336295e-01 2.228357117691250888e-01 2.214836789531995642e-01 2.248208801387505396e-01 1.993527482628388858e-01 1.785668740462069692e-01 2.026781986813371572e-01 1.666832213851907885e-01 1.562880469187270804e-01 1.850173703649448664e-01 1.927999072843544492e-01 1.820134272293341959e-01 1.892024075560278518e-01 1.683652097692251715e-01 1.835874023241353958e-01 2.136639505959211927e-01 2.320987590481543017e-01 2.015759359181117372e-01 1.605615604603157220e-01 1.865149575896497547e-01 2.146308140188328828e-01 1.978130484985466675e-01 1.932019934916202053e-01 1.870160465200535194e-01 1.884219569683025786e-01 2.211011421507424746e-01 1.916557486195213100e-01 2.161831532991653204e-01 2.064984000166699418e-01 1.926632390417909180e-01 2.188152157432949052e-01 2.164404123565724092e-01 1.898504553277158835e-01 1.912189597983293687e-01 1.830529533818236465e-01 1.743141951395705824e-01 1.805619571243587962e-01 1.808104584089746114e-01 1.792876997896580560e-01 1.532584446771418918e-01 1.609685549825512207e-01 1.568632080377660720e-01 1.449833371095374801e-01 1.658701181507861444e-01 1.193752993529100942e-01 1.591810069857491627e-01 1.484818110453062778e-01 1.671172364269994381e-01 1.356263353076775091e-01 1.510697748905022730e-01 1.382767282913630325e-01 1.409597322226216753e-01 1.444779469182717602e-01 1.710970845750655334e-01 1.661131414151882091e-01 1.804392518372732457e-01 1.839102846376813316e-01 1.573775538554105791e-01 1.536757060422080934e-01 1.538515253895681723e-01 1.582809089066415931e-01 1.568262745712661610e-01 1.675417484368660059e-01 1.559139970972390210e-01
1.353314703423608434e-01 1.137787206386433880e-01 1.000000000000000000e+00 3.665902819482270703e-01 1.910530876564346114e-01 2.555596946125037738e-01 3.378149852937925024e-01 3.663303244223378163e-01 3.644159448311735661e-01 3.193190125272331037e-01 3.810680592240741626e-01 4.135791792982408399e-01 3.385167171505175654e-01 3.098540238656645185e-01 3.653589698359039351e-01 3.843678256307372365e-01 3.720202857559666842e-01 3.784555623815538117e-01 3.767877223499486172e-01 3.896463232296593082e-01 4.139261863578551637e-01 4.285263906053465299e-01 3.912499871965446352e-01 3.746406602903196159e-01 3.955876875408310123e-01 3.982193809176031718e-01 4.086862210783728244e-01 4.010599025922977900e-01 3.896399016303538909e-01 3.930438268468861018e-01 4.087281563185164446e-01 3.978356905923973175e-01 3.833140762288438919e-01 3.967801837656519948e-01 3.738133503111867317e-01 4.087271854564151763e-01 3.966173553359940152e-01 3.811936132309062253e-01 4.015932745885373856e-01 4.103674364837817667e-01 3.678152951352003375e-01 3.828698322308533575e-01 4.143882838539822977e-01 3.963720771656077391e-01 4.146201748422719824e-01 3.961934971366606884e-01 3.675524308791415784e-01 3.771799360927133304e-01 3.879878248688669040e-01 3.773995585762225935e-01 3.942442227121235598e-01 4.107024098462317974e-01 3.828896418908754318e-01 3.780448598200995547e-01 3.950057875624973236e-01 4.048212014263257719e-01 4.032024434297986071e-01 3.843415104442255981e-01 3.839292722098961441e-01 3.794539174109329838e-01 3.869169080622442691e-01 3.853081330142418826e-01 3.916161645854580042e-01 3.839155765799256437e-01 3.959543884437968786e-01 3.938060059039776295e-01 3.786339765424830417e-01 4.018058440241409346e-01 3.964496291910103998e-01 4.128449101526735499e-01 4.047558484274447754e-01 3.998511757504085717e-01 4.009833093356309774e-01 3.990177468880048983e-01 3.872350504337884192e-01 3.888973742590919880e-01 3.755171963811732572e-01 3.868614092859169462e-01 3.857059001996218650e-01 3.780747811171079609e-01 3.836506901426074423e-01 3.828313994814980248e-01 4.022133419016783451e-01 3.822402714167486559e-01 3.753665271121219282e-01 3.891579329815353927e-01 3.910883533562449776e-01 3.741715865722216039e-01 3.827716377495108402e-01 3.836874179074656332e-01 3.886926627331099282e-01 3.717263086138120620e-01 3.830084140371519674e-01 3.784250366942832344e-01 3.683262109209011204e-01 3.670995055693855313e-01 3.708172266731863398e-01 3.777567718834618504e-01 3.736641332229518331e-01 3.720229066918714356e-01 3.811814028112247010e-01 3.738245592608350765e-01 3.804566462044960407e-01 3.759414689072581583e-01 3.793868137980291322e-01 3.848689223336117515e-01 3.765745361710934325e-01 3.683763862062377492e-01 3.794819808928565630e-01 3.725669754179962156e-01 3.699216394672312225e-01 3.733706196623088891e-01 3.765054593235157010e-01 3.713577054686597601e-01 3.796447267656298252e-01 3.766438567636057888e-01
2.866603483341951739e-02 -1.251360665556016522e-02 3.665902819482270703e-01 1.000000000000000000e+00 3.949488472471285316e-01 3.899194805654176421e-01 5.647003167696909021e-01 5.784702920306152851e-01 4.760833139468657604e-01 4.149049486089494421e-01 5.474160961726739494e-01 6.781771317161966461e-01 5.220559998676541635e-01 5.331770730706101302e-01 5.982607059669079463e-01 5.979380494704985560e-01 4.708037484729854505e-01 3.709650854398620634e-01 3.891521838505312969e-01 4.931332342553937376e-01 6.151778732095954938e-01 5.994113702595955662e-01 3.814218665343835357e-01 4.078063921086899635e-01 4.481861322136748704e-01 4.831915477457359720e-01 5.735293379541218650e-01 5.187080253151497011e-01 4.921744905736362141e-01 4.792343682234940228e-01 5.436766650652611332e-01 5.178410220048049739e-01 4.714767997130754340e-01 5.131127513943177787e-01 4.418627817587969520e-01 5.710065123936115539e-01 5.304700341810831832e-01 5.218791778630236244e-01 5.489372638854366215e-01 6.124851341663181126e-01 5.688892170043642338e-01 5.570625854174050540e-01 6.243368955202599491e-01 5.993621496096929180e-01 5.952450417650139158e-01 5.640405752414275886e-01 5.640391679642555722e-01 5.485133633616806614e-01 5.737632523534913487e-01 5.562875087714594935e-01 5.604316761945494774e-01 6.165237961752583207e-01 5.978084118960271809e-01 5.104936970514614147e-01 5.292522784629627441e-01 5.360608015758699940e-01 5.687355066567334472e-01 5.599287195710034304e-01 5.442369501404418219e-01 5.711637248752435836e-01 5.881707315831167238e-01 5.600673971521445971e-01 5.628639591680406618e-01 5.653307824887184863e-01 5.676026631811786904e-01 5.889019515147120298e-01 5.531464533440453302e-01 5.473470661466492970e-01 5.298386863752425624e-01 5.913274900759221131e-01 6.186942820430849643e-01 5.691714656934552252e-01 5.540837947292013288e-01 5.495618388657751430e-01 5.599296501750188337e-01 5.693189122011134140e-01 5.485224262521680716e-01 5.397424204822011129e-01 5.524809284302936163e-01 5.219263717501838595e-01 5.349649855906916107e-01 5.537004911685236008e-01 5.588602695937635589e-01 5.317445651089697245e-01 5.590631243969532704e-01 5.579329258395659963e-01 5.674292090063195459e-01 5.675854560647285441e-01 5.632549264464657979e-01 5.745185043377480927e-01 5.756309390290068606e-01 5.749111635323369551e-01 5.789264403211198395e-01 5.807463105182802954e-01 5.691796259348064213e-01 5.542799229173055453e-01 6.192632841521530374e-01 5.929448299578724546e-01 5.832528653082198478e-01 5.735118135457439870e-01 6.072388454729558127e-01 5.900767486702930276e-01 5.942525678034401571e-01 5.943274662270255915e-01 5.984769459597588659e-01 5.846728348407166376e-01 5.769161563459974662e-01 5.408746658542508134e-01 5.611048548672515901e-01 5.673994065178528112e-01 5.773697796145077499e-01 5.696240641511308711e-01 5.785294770271431908e-01 5.757456671732580356e-01 5.662207938134322660e-01 5.771072744114769115e-01
-9.706942687504981418e-03 4.856468315229397342e-02 1.910530876564346114e-01 3.949488472471285316e-01 1.000000000000000000e+00 3.162598711888084946e-01 4.669777416357221433e-01 4.737251646539590855e-01 4.258276724030101157e-01 4.017068328746684625e-01 4.552681929752540047e-01 5.105485147420618652e-01 4.733999873181750084e-01 4.591825428092586314e-01 5.152705831917619994e-01 5.114524533773382453e-01 4.067330081687303700e-01 2.812317183332503356e-01 3.102854214091435581e-01 3.399154541106368388e-01 3.797148477098990504e-01 3.984641389548799761e-01 3.201483176144487852e-01 3.243641126071132308e-01 3.474553971104813455e-01 4.452752880158680204e-01 4.665957807178390815e-01 4.409411886322041063e-01 4.023229581807818422e-01 4.139423915361682971e-01 4.650602579336380327e-01 4.545537220775776044e-01 4.153736009202840251e-01 4.358859880646170915e-01 4.122230276535546745e-01 4.668581070929452292e-01 4.658136553466561414e-01 4.730077990129213927e-01 4.806680225809196738e-01 4.933636489358816379e-01 4.977898687441664749e-01 4.948445215800574282e-01 5.151845472074827459e-01 5.074490916139665631e-01 4.888672752949654865e-01 4.930469777334970938e-01 4.999669212284409414e-01 4.965535839972359811e-01 4.926013138632319155e-01 4.744225048325226290e-01 4.869772930092412522e-01 4.944792021712346997e-01 5.144437615519641405e-01 4.745843850208492087e-01 4.744521865019268314e-01 4.737281976733808131e-01 4.734021947364085992e-01 4.903873495979163555e-01 4.765344624755582514e-01 5.040107009166968632e-01 5.056826639959898229e-01 4.890629092769481767e-01 4.902527540311341081e-01 4.936482822943730198e-01 4.889554344061144420e-01 5.034154866689499741e-01 4.963330753474382573e-01 4.683162585697813185e-01 4.799396799996858420e-01 4.854846722169073869e-01 4.861944889879517007e-01 4.840633365330042071e-01 4.675138211177811143e-01 4.723207357860315647e-01 4.981195569902727716e-01 4.951392105441735914e-01 4.904544716001834614e-01 4.692815368286546440e-01 4.885767153421609610e-01 4.761822914426485087e-01 4.876267145138597492e-01 4.930116876137920490e-01 4.836015007918875175e-01 4.821266773992876065e-01 4.954712860942367403e-01 4.921266213195567008e-01 4.962135379207368024e-01 5.056447731701608772e-01 4.999250872857735062e-01 4.981223132380940832e-01 5.034377087260966110e-01 5.094795965783468494e-01 5.048668332481275334e-01 5.091299007823333334e-01 5.051215418246646216e-01 4.992113928245041632e-01 5.178398460661186586e-01 5.014392082293269715e-01 5.074990586743642895e-01 5.049452998691718042e-01 5.228747624057800136e-01 5.062981792313219209e-01 5.144133172090410433e-01 5.137138543010515424e-01 5.082110217890776216e-01 4.958301585256633115e-01 5.026132004681930221e-01 4.979282435958900521e-01 4.989906012369841881e-01 4.997683323161975499e-01 5.041959123242162333e-01 5.058794665996813045e-01 5.043929842049996726e-01 5.057098472252370414e-01 4.964818005452260041e-01 5.071343836765570545e-01
1.669307119020273233e-02 7.490435225833418087e-02 2.555596946125037738e-01 3.899194805654176421e-01 3.162598711888084946e-01 1.000000000000000000e+00 5.287338489493029758e-01 5.007024606901471220e-01 5.244455590155331359e-01 4.665346440832915387e-01 5.204966205099712528e-01 5.738854685776408893e-01 5.378306823524343638e-01 5.367631554066615296e-01 5.896171031452454026e-01 5.810910100469327544e-01 5.267489372772273803e-01 4.208005439388392555e-01 4.504689680013706510e-01 4.115147771038253910e-01 4.700740914295287176e-01 5.219211393708198532e-01 4.344265758230546615e-01 4.346801115093004153e-01 4.775121702397235324e-01 5.386051613023739026e-01 5.756289766743233338e-01 5.424766783205822174e-01 5.088771416079653775e-01 5.248956795242644136e-01 5.803577779915708446e-01 5.483311784713528203e-01 5.144998837840145667e-01 5.365294068026140728e-01 5.024403346114822977e-01 5.766823543548934561e-01 5.625732959497591334e-01 5.686240754232543271e-01 5.801521469031922784e-01 5.893536449793783660e-01 5.953046439377172039e-01 5.838386613945415471e-01 6.014510673578506994e-01 6.071756055361642312e-01 6.047468836797328384e-01 5.924854626293556414e-01 5.990798794320951748e-01 5.938301718529842566e-01 5.914676263097112807e-01 5.706696064494193310e-01 5.900242784912069771e-01 5.802987597066201486e-01 5.835536826542538913e-01 5.764911650279981314e-01 5.766027818954293505e-01 5.849432199000960120e-01 5.796400838522388632e-01 5.926459650163795612e-01 5.837144809319959604e-01 5.965250037049035781e-01 6.023237727418701004e-01 5.974083209769820435e-01 5.905079657451691721e-01 5.921892802295023461e-01 5.946108979165795061e-01 5.948165359038760647e-01 5.990307455468213416e-01 5.919393099114471646e-01 5.849461371945707810e-01 5.869756287600407241e-01 5.989200582272647955e-01 5.999590165350184856e-01 5.831902178886759769e-01 5.857457909902771265e-01 5.994819968086273487e-01 5.991034020513371638e-01 5.925052469889900975e-01 5.784974897909095359e-01 5.943811534754313008e-01 5.778898207569973522e-01 5.875444179503587216e-01 5.990859393463128235e-01 5.980918187649438833e-01 5.831026756896682262e-01 5.906085016439027724e-01 5.942015081591884851e-01 6.053915853292931581e-01 5.951984362512150462e-01 6.015569432425535989e-01 5.973943640395068533e-01 6.049595008237395044e-01 6.037505319298799300e-01 6.057746208009165967e-01 6.062185880572626973e-01 5.976341060908673120e-01 5.986251199036849435e-01 5.926415087866029330e-01 5.855735774161542340e-01 5.982719729027340394e-01 5.988366297766188895e-01 6.071090308782193246e-01 5.984864612576509257e-01 6.017933665047388025e-01 6.034157529383172847e-01 6.026472766516098867e-01 5.948526231327465608e-01 5.963878311943237032e-01 5.943187227160292574e-01 5.969012271100613276e-01 5.990936093830439013e-01 5.988973687642813459e-01 5.987858149560819632e-01 6.000743242796473531e-01 6.002930663375147802e-01 6.008343479431571543e-01 5.981382971676212357e-01
4.161697310490786866e-02 1.101161378822338721e-01 3.378149852937925024e-01 5.647003167696909021e-01 4.669777416357221433e-01 5.287338489493029758e-01 1.000000000000000000e+00 7.336736559198120400e-01 6.773361613105325363e-01 6.395772146653018186e-01 7.141335344652186556e-01 7.848470883844724799e-01 7.196586129033979429e-01 7.121167751506340959e-01 8.403860984733744210e-01 7.980246286356059704e-01 6.891648403777882459e-01 5.193825452550064892e-01 5.702944452833941247e-01 5.382980805461030638e-01 6.177909996142236793e-01 6.762853319862984769e-01 5.410371440314304392e-01 5.332028144330966946e-01 5.982283320570670471e-01 7.309802218551134656e-01 7.492617484393073735e-01 7.215646267592087382e-01 6.580374120693619489e-01 6.709688580521915302e-01 7.529732006863336657e-01 7.383661080253871578e-01 6.919104480905424737e-01 7.125841979560265660e-01 6.579694934383198968e-01 7.516032777184410429e-01 7.224912465338312328e-01 7.788133565498467359e-01 7.732169262672904386e-01 7.906173678908466895e-01 7.882938690883398714e-01 7.946825636535987947e-01 8.071974886992373532e-01 8.037342354652370346e-01 7.859011712766846847e-01 7.965222513209541111e-01 7.884019509146041882e-01 7.858673573762323672e-01 7.855134278711737306e-01 7.715765116695648684e-01 7.878733399446727903e-01 7.739396919030104849e-01 7.905471288153461673e-01 7.629293919990040029e-01 7.594971889796385822e-01 7.738163883405447807e-01 7.673200072522167181e-01 7.864944259029380547e-01 7.744998067625341598e-01 7.867115030628883954e-01 7.955741891458782966e-01 7.827253405187247770e-01 7.840145113591950876e-01 7.870547612534239956e-01 7.720131661393355715e-01 7.816227989451476343e-01 7.884362883329466554e-01 7.716420861663761954e-01 7.640572500590020466e-01 7.676941056413333353e-01 7.854708937924590462e-01 7.820203046288918269e-01 7.578503165004887299e-01 7.593779478238698033e-01 7.911094445883797288e-01 7.904388774692900910e-01 7.888989939618857861e-01 7.559283026071114131e-01 7.843531554113871707e-01 7.661181867511850374e-01 7.692529133999371771e-01 7.859434040499816421e-01 7.851658874368113716e-01 7.726210946911458155e-01 7.942153788869096287e-01 7.891771255589326017e-01 7.921541075939981802e-01 8.070511417383178232e-01 7.961275629854559499e-01 8.010682981454035900e-01 8.044022093215139613e-01 8.039669254889644234e-01 7.974183310344953313e-01 8.065674217122074108e-01 7.930797608508430852e-01 7.898980312185006625e-01 8.136808065074142560e-01 7.917713532275827415e-01 7.993519859489610635e-01 8.023907406957443422e-01 8.152567951801440449e-01 8.027733201587209377e-01 7.979982621138943522e-01 8.036754159928566343e-01 8.003510076855483435e-01 7.900768708431297194e-01 7.963347316287900934e-01 7.872920085285414205e-01 7.951307516962973221e-01 7.927235679341528840e-01 8.033958207351704628e-01 7.921977640419700650e-01 7.972590984886298582e-01 7.962268982781613991e-01 7.865496331975663225e-01 7.880830549371425908e-01
8.580386462004162273e-02 1.336798182058286932e-01 3.663303244223378163e-01 5.784702920306152851e-01 4.737251646539590855e-01 5.007024606901471220e-01 7.336736559198120400e-01 1.000000000000000000e+00 6.837785399746565407e-01 6.433753704005543694e-01 7.074603236605679912e-01 7.805294250846513959e-01 6.920737321254980534e-01 6.869660329563799239e-01 7.813208646081754027e-01 8.121910646813614854e-01 6.817700850368964005e-01 5.836891992830135489e-01 6.025101703766684302e-01 6.162357502985651436e-01 6.714628550242702776e-01 7.078747413596614413e-01 5.830072399648653647e-01 5.962472122450832579e-01 6.354003392597276090e-01 7.298913715855527284e-01 7.450827196610290137e-01 7.214457910018704512e-01 6.693682810139984785e-01 6.791988808017030976e-01 7.500556403408111805e-01 7.580859406567443948e-01 6.983408332021956433e-01 7.396347087856188773e-01 6.709364350612506689e-01 7.607451879830361419e-01 7.292691872484783344e-01 7.742311166001806244e-01 7.772295449859949468e-01 7.875316236515096380e-01 7.648590858824402261e-01 7.760808390068086871e-01 8.042906061349625046e-01 7.936066584120740064e-01 7.852346162171676136e-01 7.891337849450968944e-01 7.724679211390215183e-01 7.748230156225451859e-01 7.802115248092119648e-01 7.746386814267429699e-01 7.890574704923993821e-01 7.791685746480240260e-01 7.810215692627057171e-01 7.592397168761040316e-01 7.675670993264143149e-01 7.735600869201042507e-01 7.733473325751997196e-01 7.815623296185595370e-01 7.759066051062060154e-01 7.772650612731010211e-01 7.882530868077622932e-01 7.773529224531799953e-01 7.842314633587608164e-01 7.758688725074617265e-01 7.704090636149035776e-01 7.794067867986157472e-01 7.745656846235281501e-01 7.726761549774540105e-01 7.694547421421309430e-01 7.841996444528994692e-01 7.875698905221432122e-01 7.791965660771267288e-01 7.695458009034052971e-01 7.647840308310249746e-01 7.773394960306959645e-01 7.776501481246781422e-01 7.654022335903191143e-01 7.503977996558479635e-01 7.689678315783252671e-01 7.525862858403107314e-01 7.618416827329065333e-01 7.693136912341984601e-01 7.868758601075821479e-01 7.656006573379200431e-01 7.859803228619745008e-01 7.856481055191316676e-01 7.795927258590226172e-01 7.894261310314046876e-01 7.850354825691644445e-01 7.912914028518718279e-01 7.867084756901712161e-01 7.817004328248677858e-01 7.813787033595385179e-01 7.859693242195988638e-01 7.737745421900862342e-01 7.713271189066427391e-01 7.921169056839952871e-01 7.846062925655522546e-01 7.858230609928639199e-01 7.884625336383926930e-01 7.967275569585874351e-01 7.877865954679816873e-01 7.805306756306792382e-01 7.876484526729672364e-01 7.858096185342199336e-01 7.834820020807921059e-01 7.848260508424895754e-01 7.697105761074002350e-01 7.853357315095796931e-01 7.783497716320793014e-01 7.856071851588727339e-01 7.771537744042726903e-01 7.827724133790008310e-01 7.816215869657104909e-01 7.765194828644397251e-01 7.771402093096698716e-01
2.268295894783509126e-01 2.504897482042924284e-01 3.644159448311735661e-01 4.760833139468657604e-01 4.258276724030101157e-01 5.244455590155331359e-01 6.773361613105325363e-01 6.837785399746565407e-01 1.000000000000000000e+00 7.428737311428765810e-01 7.777247709571805112e-01 7.951950372993705773e-01 7.469964898272407616e-01 7.418815347707923280e-01 8.018562574010873467e-01 8.272431823466727119e-01 8.143769729095553522e-01 7.215402981494516421e-01 7.237628692481917758e-01 6.725922614837661628e-01 6.780619959395599583e-01 7.412912859046870695e-01 7.052121261093582394e-01 7.092807135109674421e-01 7.436405349078746285e-01 8.393793357530324739e-01 8.418974515607757780e-01 8.206474033936976831e-01 7.991896670860179075e-01 8.295707752918110023e-01 8.603719149649808884e-01 8.498561173152195947e-01 7.843072332276190828e-01 8.230236743688065237e-01 8.023996090815712634e-01 8.350022362458721092e-01 8.480525668312781651e-01 8.469563513515335762e-01 8.656576285919980185e-01 8.070884727692391181e-01 8.392690595244912677e-01 8.353911721912780086e-01 8.386835636916506465e-01 8.521129491822976298e-01 8.568485505390052159e-01 8.594098728171390977e-01 8.534770945467305969e-01 8.699815315842952534e-01 8.658383130596425392e-01 8.379139102746865353e-01 8.670946775857238942e-01 8.425511798039704292e-01 8.449378407662239132e-01 8.797137866126281125e-01 8.747349318285158049e-01 8.682322020449272371e-01 8.735407102291394832e-01 8.626558991104422702e-01 8.650037187057690868e-01 8.692019713339198539e-01 8.608509552991655545e-01 8.740435979501476327e-01 8.665391861192743850e-01 8.683469824052226782e-01 8.775096376581948965e-01 8.696332527606792651e-01 8.701507878501508753e-01 8.766492300869975773e-01 8.686966937437137215e-01 8.688590867838584808e-01 8.477515826881182326e-01 8.713518132443844877e-01 8.620069227292899150e-01 8.656542808652718524e-01 8.666597668668771792e-01 8.655590985737684484e-01 8.547134145284113194e-01 8.602883584534803951e-01 8.628197555673129404e-01 8.733502708244424984e-01 8.716897340738728461e-01 8.695334671521247616e-01 8.676916401626414421e-01 8.693680766122314774e-01 8.445167016949661765e-01 8.626184017681270966e-01 8.656432715822782731e-01 8.460929713071166924e-01 8.629156480151575215e-01 8.478813337046592347e-01 8.459002223133157417e-01 8.478850229688715823e-01 8.583258288687777293e-01 8.517148973888142294e-01 8.501139794357998047e-01 8.612235753337302846e-01 8.119343271760576242e-01 8.461161055412436127e-01 8.486796065252525390e-01 8.499191949056330575e-01 8.383614731025146316e-01 8.433677586890663269e-01 8.492459090841550928e-01 8.473525099880873102e-01 8.514107005255486804e-01 8.570346381711475559e-01 8.582205076590746495e-01 8.619539340714085229e-01 8.616269751496407059e-01 8.558629340629930748e-01 8.412835951411522517e-01 8.590382447279647504e-01 8.554898228782463754e-01 8.581868213220460451e-01 8.712696231512487843e-01 8.605246160007788969e-01
1.156524113949972260e-01 2.400667059753615606e-01 3.193190125272331037e-01 4.149049486089494421e-01 4.017068328746684625e-01 4.665346440832915387e-01 6.395772146653018186e-01 6.433753704005543694e-01 7.428737311428765810e-01 1.000000000000000000e+00 7.256824203249138128e-01 7.238406108546807660e-01 7.062521751338964870e-01 6.998548786646768827e-01 7.662720611910581736e-01 7.735420480067527471e-01 7.345525165893236341e-01 5.887448257417293718e-01 6.010414485560274800e-01 5.392349712082730173e-01 5.484437420133916330e-01 6.151057754395453658e-01 5.963646505719563118e-01 5.823906216505800870e-01 6.333904620028220078e-01 7.841962579253096699e-01 7.617690431147779995e-01 7.597638342246363363e-01 7.282717240698902694e-01 7.411502014786988113e-01 7.809154662245478828e-01 7.729307865482029083e-01 7.350825750952747484e-01 7.348779709054233944e-01 7.348937526649830243e-01 7.425284407336094628e-01 7.709559905353974285e-01 8.068004122950266366e-01 8.027353347552813601e-01 7.579316021325749331e-01 8.021961653751029653e-01 8.021893534377100288e-01 7.757725815081455423e-01 7.943153508349605207e-01 7.911921364499338027e-01 8.055337836981135702e-01 8.096976123233274869e-01 8.255188196935961953e-01 7.985676772505272414e-01 7.672149913947644562e-01 8.074334973786165826e-01 7.517793465401354513e-01 7.890616005844572900e-01 8.232416912081353955e-01 8.105219987038538854e-01 8.104749780221314204e-01 7.929300824746551291e-01 8.136327728725355479e-01 8.136511188800866767e-01 8.094323531035914066e-01 8.021979906323237763e-01 8.154560367107654972e-01 8.109073538068859444e-01 8.048730254942554341e-01 7.965582069484491434e-01 8.025373347125277501e-01 8.152898642025160347e-01 8.055340323984387929e-01 8.039661030858643587e-01 7.867954433247611457e-01 7.705731275869083241e-01 7.965551157728611997e-01 7.822254524506202511e-01 7.903666442185818264e-01 8.193163744185052444e-01 8.130572766276648045e-01 8.145929348841859374e-01 8.069321120878111264e-01 8.143708536107584495e-01 8.165461224517189809e-01 8.146508025185247304e-01 8.140832724395986597e-01 8.087625977846829572e-01 8.175560910417962734e-01 8.090304779974516469e-01 8.065099643492629200e-01 8.075492161057092888e-01 8.178344744903810470e-01 8.168766827309553724e-01 8.086665219423774253e-01 8.052524594305827677e-01 8.123246670469874697e-01 8.088246114420953869e-01 8.085253816523172432e-01 8.108626095214632734e-01 8.183007207069976641e-01 7.860032397631575574e-01 7.975087085819948518e-01 8.102940923565812303e-01 8.140095617058816790e-01 7.990914833119089344e-01 8.075384688109021880e-01 8.027516237911648256e-01 8.041565536885204590e-01 8.027875914337851970e-01 8.097134914434803710e-01 8.125335768345736120e-01 8.208810751708832676e-01 8.192187456847406235e-01 8.156343801260229620e-01 8.120805647939578487e-01 8.129657541394945675e-01 8.152538649433304085e-01 8.119443548503482155e-01 8.082334609079292465e-01 8.084656236766448734e-01
1.156362870706512808e-01 1.788133246895382833e-01 3.810680592240741626e-01 5.474160961726739494e-01 4.552681929752540047e-01 5.204966205099712528e-01 7.141335344652186556e-01 7.074603236605679912e-01 7.777247709571805112e-01 7.256824203249138128e-01 1.000000000000000000e+00 8.374995884400633361e-01 7.494211906078757091e-01 7.405041759266483004e-01 8.228367727496541661e-01 8.316894043393258107e-01 7.728589132174199516e-01 6.740857101407430330e-01 6.900103334752929474e-01 6.471080795378344463e-01 7.024271399040789010e-01 7.568941027503492958e-01 6.688877606776725271e-01 6.815282563556078754e-01 7.261640972830830654e-01 8.132360428374614258e-01 8.304920168512411882e-01 8.231387001551557780e-01 7.859100661618162453e-01 8.114017938598598878e-01 8.494172413152004664e-01 8.294968561375073435e-01 7.879843358589319058e-01 8.117895833859136712e-01 7.902402255778865348e-01 8.340270422361557578e-01 8.310199550256307521e-01 8.458668824203074976e-01 8.571948555524349089e-01 8.311453549311377254e-01 8.393469943523269583e-01 8.443596696189069606e-01 8.570629700707783627e-01 8.591190325805907468e-01 8.576521488752453237e-01 8.595765772812860028e-01 8.504399232377233275e-01 8.544158912846603338e-01 8.579245692377567289e-01 8.337958526160974548e-01 8.591663641932923978e-01 8.425943144070857649e-01 8.529215500003181072e-01 8.491429975739929192e-01 8.517046120516146290e-01 8.524874079868195453e-01 8.575228906762182302e-01 8.560259194137773697e-01 8.536963396735913756e-01 8.572183891843596637e-01 8.614716833104921756e-01 8.615977695215101262e-01 8.585232860895000151e-01 8.585147817302103412e-01 8.558611447474578915e-01 8.601670603772275658e-01 8.573644008995674470e-01 8.620240809245867109e-01 8.486525597341212368e-01 8.582295445606188400e-01 8.603402131972539557e-01 8.621707236224236404e-01 8.493941242754707854e-01 8.565110622225919901e-01 8.617089610102455222e-01 8.641185565645176370e-01 8.513355206782866613e-01 8.527598297948832951e-01 8.576394122635870865e-01 8.564611777709955076e-01 8.574722446215765626e-01 8.634230565030185378e-01 8.558854331981002872e-01 8.588933760482608815e-01 8.473652010365012588e-01 8.582167936001916519e-01 8.619298914721534866e-01 8.529307523668797630e-01 8.609362860284683894e-01 8.510204592606634977e-01 8.512725505558035310e-01 8.522230237151563470e-01 8.584985528090296469e-01 8.567399868824450149e-01 8.515314464484942114e-01 8.543209831700050438e-01 8.387583127677605832e-01 8.523332778159635748e-01 8.555389107534152604e-01 8.557050739965750275e-01 8.535914998055353919e-01 8.529426541502077574e-01 8.574288942195237295e-01 8.569952127132165476e-01 8.555675237298933089e-01 8.595638220899519677e-01 8.577710221647386613e-01 8.521983863535552706e-01 8.581868586698394585e-01 8.552370050255144740e-01 8.493111958126394745e-01 8.567107145919782285e-01 8.579875459884455102e-01 8.581321915616124674e-01 8.593694649810076358e-01 8.574745361064194382e-01
4.919725679681331149e-02 1.092374275361644165e-01 4.135791792982408399e-01 6.781771317161966461e-01 5.105485147420618652e-01 5.738854685776408893e-01 7.848470883844724799e-01 7.805294250846513959e-01 7.951950372993705773e-01 7.238406108546807660e-01 8.374995884400633361e-01 1.000000000000000000e+00 8.197968917231996944e-01 8.215143585053228392e-01 9.031446502520431574e-01 9.036773210358786113e-01 8.022346136220284141e-01 6.360164004677817395e-01 6.690902779318405047e-01 6.686480787887140176e-01 7.623440764942993608e-01 8.062037917382293140e-01 6.428551984095731697e-01 6.569090616388465476e-01 7.238438147662846767e-01 8.185136782878502659e-01 8.720711348225839155e-01 8.339593532249827135e-01 7.935201191600684822e-01 8.033843835814710177e-01 8.749522030456652333e-01 8.477202315918586084e-01 7.918509671319475807e-01 8.222888013308361499e-01 7.772000850169795694e-01 8.731797837461992007e-01 8.569233388438555199e-01 8.737374623529513551e-01 8.907559297794606090e-01 8.932240878273713935e-01 9.002720759065141465e-01 8.929511823554142635e-01 9.229946507082241736e-01 9.256780025280089141e-01 9.107226007475407448e-01 9.040116495034807853e-01 9.140456424043623684e-01 9.077986135250825095e-01 9.142952313508313500e-01 8.878218308181408114e-01 9.047034835590437307e-01 9.185658354759105304e-01 9.230303469748513123e-01 8.849923910299481999e-01 8.880139186960943620e-01 8.879262292504812581e-01 9.096435799457737170e-01 9.101743608581068790e-01 8.978708987236310168e-01 9.218866867030688361e-01 9.283225444662093206e-01 9.159163401329835086e-01 9.140905824011307246e-01 9.167478585803973123e-01 9.129618416962941296e-01 9.293622651304904725e-01 9.096503329447093167e-01 8.988496398782097607e-01 8.829236637704630519e-01 9.061684321166750822e-01 9.243904738901664864e-01 9.136119863202184499e-01 8.849201024162848261e-01 8.956353047877295692e-01 9.109127211792259482e-01 9.156484068363168749e-01 9.005534320329527942e-01 8.882266940120439047e-01 9.047612199954115919e-01 8.868275821520539282e-01 8.962909230301568941e-01 9.084159966234545136e-01 9.009120349566851482e-01 8.928671638026145496e-01 8.967586037430466117e-01 9.032730362724584738e-01 9.123795725832120063e-01 9.093583543539801584e-01 9.133767090711005787e-01 9.082574449784092119e-01 9.082611566521043844e-01 9.159534449465851491e-01 9.198569770349780406e-01 9.205718671483565929e-01 9.173084627073411212e-01 9.125211771969015118e-01 9.184144999420157385e-01 9.192834412142903977e-01 9.220341735396080374e-01 9.150426113001897122e-01 9.284157434755508920e-01 9.207079317036930277e-01 9.274491883279517568e-01 9.271362910896501219e-01 9.287284571903828834e-01 9.206024389329227064e-01 9.195603151986132540e-01 9.059186026913242928e-01 9.123962760767925229e-01 9.170379100544423512e-01 9.145909697492522472e-01 9.212288205097024507e-01 9.221834842831215795e-01 9.227339255845975474e-01 9.192628726429679098e-01 9.239237935114366085e-01
1.466858779103844164e-02 1.178109386160530042e-01 3.385167171505175654e-01 5.220559998676541635e-01 4.733999873181750084e-01 5.378306823524343638e-01 7.196586129033979429e-01 6.920737321254980534e-01 7.469964898272407616e-01 7.062521751338964870e-01 7.494211906078757091e-01 8.197968917231996944e-01 1.000000000000000000e+00 7.618363979064404212e-01 8.402810366745785409e-01 8.372499279262537453e-01 7.518632540208026738e-01 5.587414105591800295e-01 6.039233669557094730e-01 5.540453531949557364e-01 6.101897679352327186e-01 6.802283384358670526e-01 5.764042660655062100e-01 5.845949024862053811e-01 6.421570541867710480e-01 7.769757017548551969e-01 7.961656629382738437e-01 7.745327477137260441e-01 7.264651982709234845e-01 7.449827754068277796e-01 8.093856237130951925e-01 7.908341471411911572e-01 7.477163856022709387e-01 7.642876374715813492e-01 7.404592625286617880e-01 8.018692672561189561e-01 7.984091419252064004e-01 8.283100271641183898e-01 8.354817931302473966e-01 8.165805797770877561e-01 8.542583421842581126e-01 8.480279721291078543e-01 8.475518623730236012e-01 8.624543311801476930e-01 8.371716364901679031e-01 8.444028580975428966e-01 8.612612759677064078e-01 8.572661636741155666e-01 8.485869974541533356e-01 8.261800055444397106e-01 8.450713745196202220e-01 8.338618538481233911e-01 8.552205269551476086e-01 8.345649791892766345e-01 8.242884708330531218e-01 8.348490476506296165e-01 8.275426256590694418e-01 8.558273585567017783e-01 8.373776791878961845e-01 8.613459221764158125e-01 8.647150443658292440e-01 8.522393548545966757e-01 8.454755522250259059e-01 8.561969631588357554e-01 8.451206224350915619e-01 8.533774771514798241e-01 8.562212918861631383e-01 8.358302830341901579e-01 8.308441674217607043e-01 8.280329034820882450e-01 8.364798261176106253e-01 8.465196566549308965e-01 8.213096486522221129e-01 8.338354797117012440e-01 8.606569598890790873e-01 8.600177516293928681e-01 8.548983131605880637e-01 8.338758422331082887e-01 8.541789456962357585e-01 8.448181316254135265e-01 8.512409641089184742e-01 8.584226316896256259e-01 8.377401987288705110e-01 8.482562224893256397e-01 8.485293595396576904e-01 8.537710823521595938e-01 8.583622062061313507e-01 8.627854398756255039e-01 8.627939521200026496e-01 8.518180578239664680e-01 8.561545701370724126e-01 8.683165475321591442e-01 8.644744168125647610e-01 8.675169569367624511e-01 8.671565226758934930e-01 8.633009898106392965e-01 8.531381766122950738e-01 8.486440317306268577e-01 8.647933865683667953e-01 8.631202904031217704e-01 8.685714362290367641e-01 8.625218483720799023e-01 8.670771336914151473e-01 8.698225972116689908e-01 8.660529313973494014e-01 8.523132886393067764e-01 8.609215515030183008e-01 8.602425235566811823e-01 8.605588486195538955e-01 8.638687645812421767e-01 8.627047826007491205e-01 8.665124121430161086e-01 8.645054596999448560e-01 8.659170293899698390e-01 8.577291635627354305e-01 8.624238167350956052e-01
