1.000000000000000000e+00 8.543989015853234448e-02 6.291290715751600426e-02 5.178182814703597564e-02 3.818823167737269569e-02 -2.206157393547834161e-02 -6.342470799687012148e-03 1.145983799167526497e-02 7.961250362673925884e-02 4.932796975305091258e-02 1.290165339468734088e-02 3.511876917620681410e-02 3.371681233620536788e-02 1.071811269402158512e-02 -7.836186310160343782e-03 3.088750847208208972e-02 5.516220492096990391e-02 8.400268551212572432e-02 7.766227984609724855e-02 1.021446536383411804e-02 3.949072031100470809e-02 5.426120225872386321e-02 2.784233202527539724e-02 6.595625542669231178e-02 5.102177634205838641e-02 4.721591822506373409e-02 5.607575507013529137e-02 2.961283626390879067e-02 7.155411300670458385e-02 4.570323718223349985e-02 4.179981757775974582e-02 2.291530725831376902e-02 1.031412050485578345e-02 1.857050775017717731e-02 3.836588782149184113e-02 1.015369372313365895e-02 1.911582517845571497e-02 -2.756109995721630658e-03 9.601815599839236964e-03 -3.697208402988600567e-02 1.782052875884728577e-02 -4.604028050084587979e-03 -7.071305436548753695e-03 2.255853276223419163e-02 1.381799904660293427e-02 5.595978488351002582e-03 1.839575637249439219e-02 2.913346890399329953e-02 1.772369950529466276e-02 2.139756753975298464e-03 7.178385028386692970e-03 2.527413178566974630e-02 2.107466480039971515e-02 3.647276124026628541e-02 2.828498844324065994e-02 2.301791575682315613e-02 5.027031597119371864e-02 1.381287746945918798e-02 1.822061499922367558e-02 4.862711370963403168e-02 2.592735470625219529e-02 3.220658807666829104e-02 2.376642377889260846e-02 2.360569058894520372e-02 4.329538119017565384e-02 3.784044707954423853e-02 1.557572314161261365e-02 1.589046843805571457e-02 2.283553342394062380e-02 1.709706300373126098e-02 1.918037806131095424e-02 2.765294083667782510e-02 2.857370064834184598e-02 2.338002710235677004e-02 1.784404430221392737e-02 1.581918384292837348e-02 8.044013491653820985e-03 2.845514889292864724e-02 1.719214280694807834e-02 2.705017400738223693e-02 1.499989481173708873e-02 2.084835182349958904e-02 1.984982021629186702e-02 1.373705403633770396e-02 -7.755609540765765397e-04 1.091977635326426416e-02 6.789923098184067439e-03 -2.923034405800124108e-03 2.655100132829588122e-03 4.009977038471221507e-03 -1.225660204469046673e-02 -3.973439756818237904e-03 1.840461877581631763e-03 -1.348594288332169390e-03 5.784435300822459922e-03 9.878060000654201658e-03 -1.262815473868391693e-02 2.166593374614395745e-02 5.330031238184651521e-03 -2.359155895678641864e-03 -1.638040744544482299e-02 6.927282478111682941e-03 1.161260792151844884e-02 5.702437865670072388e-03 8.042065006243676734e-03 2.878679852213923349e-02 1.434803745431922559e-02 7.084278752562344315e-03 6.093130541738197258e-03 7.560090215257324331e-03 -6.297967401016196613e-03 1.808154058554119897e-02 1.413344785957581194e-02 1.395264413654955307e-02 2.646923044885102910e-02 1.839905351641636655e-02
8.543989015853234448e-02 1.000000000000000000e+00 5.929481857231433395e-02 1.097011716345351884e-01 8.063334382647127652e-02 8.039894087721545513e-02 1.352568233527949026e-01 1.162315704332536337e-01 1.704839473996672128e-01 1.711983318619567096e-01 1.681136701456316385e-01 1.655297746976200635e-01 1.396524639807286139e-01 1.331236887822641601e-01 1.494588348306850056e-01 1.395571042825294039e-01 1.586985118986721233e-01 1.879446105214967466e-01 1.997278172943435237e-01 1.019494603115147224e-01 1.587592424175414130e-01 1.851997915289543273e-01 1.462347906508988382e-01 1.779207657380487140e-01 1.802313428708611498e-01 1.808008969508134722e-01 1.775416344598448048e-01 1.686561056685468019e-01 1.781883551442388358e-01 1.861255069605464996e-01 1.842163545311736039e-01 1.622084756023046970e-01 1.501444973455082765e-01 1.554356559728907738e-01 1.591337788495141292e-01 1.417839646416217125e-01 1.557620684571612013e-01 1.615025072345918911e-01 1.650207563263471899e-01 1.356330681872222887e-01 1.620990253087646049e-01 1.479839585080639230e-01 1.317184962863436060e-01 1.500018700022997531e-01 1.515747924426422699e-01 1.661312983275925192e-01 1.629900403996109859e-01 1.651291553873545925e-01 1.569859391926347603e-01 1.400237615855623730e-01 1.575005360674697763e-01 1.260092426357447282e-01 1.413545740302367959e-01 1.702273438131700067e-01 1.773969979945286546e-01 1.727089781335925112e-01 1.609293804020569263e-01 1.639109925632372955e-01 1.767333916027813145e-01 1.539905746317237201e-01 1.528859830576040357e-01 1.639914921471596343e-01 1.623842990458641833e-01 1.507970918339206767e-01 1.560132977303124169e-01 1.494172570795523625e-01 1.594506834156874664e-01 1.613289172592453635e-01 1.656179652762672372e-01 1.451190442221960142e-01 1.623226332292758423e-01 1.670246062603591708e-01 1.666708064206648410e-01 1.674948257878499380e-01 1.645066536958322834e-01 1.615563530608712939e-01 1.599721904183499521e-01 1.680950597710016980e-01 1.636490484357407960e-01 1.750249665860185710e-01 1.627311768590187224e-01 1.667358771956004571e-01 1.596702482566853265e-01 1.637504684919312559e-01 1.493956669075566512e-01 1.565117576186089432e-01 1.530379745831143834e-01 1.552010080557420513e-01 1.558084865775659078e-01 1.553425444212638007e-01 1.530949439668662371e-01 1.504374328406121730e-01 1.469206260989793233e-01 1.522873543905022831e-01 1.490357118648177326e-01 1.562318158602125917e-01 1.341667736047454373e-01 1.368158338818688535e-01 1.438406115396595186e-01 1.462652350633252274e-01 1.366664283077307918e-01 1.481204882069661333e-01 1.437769891897248131e-01 1.476720512328696944e-01 1.458063190313418911e-01 1.487555964607933101e-01 1.512622384025904265e-01 1.602436978336521656e-01 1.553507880835412747e-01 1.508994111893247891e-01 1.531927789392963368e-01 1.499138322774807019e-01 1.535940586634345628e-01 1.457388435657096248e-01 1.517658345168745315e-01 1.448908213594630734e-01
6.291290715751600426e-02 5.929481857231433395e-02 1.000000000000000000e+00 3.604844909734813418e-01 2.200116273385905874e-01 2.225064636692043740e-01 2.901111946199190772e-01 3.213426515221652346e-01 3.225116727786695447e-01 3.010480565496578276e-01 3.470810771765323044e-01 3.923455942206081071e-01 3.193307835492852909e-01 2.966702260201344865e-01 3.438624082189041808e-01 3.426273324114099128e-01 3.329940012758880741e-01 4.225384025732065729e-01 3.902527265285269387e-01 3.650948427575361199e-01 3.935557646325630321e-01 4.036446061852074774e-01 3.709513454678594613e-01 3.967552219265020330e-01 3.974466378527918842e-01 3.801484516289827531e-01 3.944946294460030534e-01 3.875628126651537997e-01 3.773318371582524700e-01 3.987435618244184465e-01 4.064642722613918679e-01 3.992005246051206768e-01 3.711558714857680075e-01 4.006009325049450509e-01 3.841740870991487422e-01 3.590755152042883203e-01 3.801075767259712301e-01 3.732171378606485845e-01 3.808719932853723011e-01 3.631293019546973366e-01 3.643556102735359681e-01 3.655583176120583699e-01 3.630913508318373006e-01 3.823008597789712693e-01 3.757788717982633031e-01 3.864781653213753554e-01 3.580402433852267752e-01 3.654119265477108747e-01 3.590897332756367022e-01 3.699671368879083877e-01 3.641177808479865163e-01 3.528151660906010401e-01 3.636012270478462538e-01 3.672248225663853338e-01 3.752977558121927126e-01 3.797945055681719029e-01 3.736371804292871746e-01 3.553410901601326000e-01 3.660644690719873084e-01 3.619133719845637476e-01 3.636951343259602898e-01 3.618740932750758033e-01 3.681684211235922155e-01 3.567535455821047585e-01 3.581634989564449478e-01 3.565660781413247937e-01 3.593227806555998605e-01 3.756150135897947107e-01 3.890467517355712390e-01 3.806188181187592501e-01 3.795235197425754214e-01 3.873404984330987566e-01 3.988727541039019941e-01 3.819180429625538831e-01 3.726323599932645503e-01 3.702825035280166710e-01 3.608617711013987206e-01 3.707831322359569914e-01 3.784044669640422298e-01 3.935494603635346089e-01 3.737720269597508693e-01 3.807556564119766174e-01 3.789414834231432105e-01 3.761246924788128609e-01 3.714162145449668162e-01 3.803105572412350255e-01 3.718368822047899425e-01 3.653584717217169264e-01 3.721116772159972497e-01 3.587039504810433099e-01 3.614644535013559756e-01 3.520699089533494974e-01 3.595780899640431683e-01 3.611340730354038464e-01 3.489317188881616572e-01 3.531455315399110173e-01 3.525057615156843016e-01 3.648054697616922026e-01 3.548573737124832150e-01 3.567190235387556196e-01 3.544711479854224523e-01 3.532719424780029760e-01 3.602362192496864068e-01 3.562675749059919794e-01 3.673950896329091775e-01 3.584862231803058186e-01 3.589368129132698981e-01 3.535489269960026548e-01 3.560842419780130830e-01 3.532604697687363737e-01 3.491871870162510660e-01 3.522811252517866198e-01 3.519705239047555279e-01 3.533235769524324388e-01 3.622830519152555606e-01 3.559005666685418623e-01
5.178182814703597564e-02 1.097011716345351884e-01 3.604844909734813418e-01 1.000000000000000000e+00 3.529167776861471539e-01 3.690255589514354062e-01 5.414326659908694772e-01 5.244273568309975042e-01 5.461429611638813908e-01 5.117674618786726137e-01 5.995671375122587632e-01 6.482895736871632231e-01 5.660447773267343052e-01 4.983838621981893091e-01 6.042375536713572304e-01 6.010557199151194130e-01 5.514358975332647184e-01 5.985332630639670359e-01 6.079200217606042234e-01 5.360141050122897433e-01 6.133972747964183680e-01 6.310280319635832580e-01 5.767043940678030500e-01 6.113923396686015144e-01 6.308126688244672930e-01 6.266332781028390864e-01 6.423430369070719514e-01 6.238064127089741895e-01 5.849962320654201742e-01 6.400327502204024022e-01 6.507138812626009905e-01 6.373006347768611635e-01 6.051948599627738901e-01 6.358097247880100111e-01 6.121451446941597041e-01 6.034651291868907697e-01 6.235129029113816168e-01 6.120456423728768414e-01 6.294997934050122756e-01 5.999225017319992359e-01 6.247600381131314107e-01 6.206009315553716599e-01 6.081881126692799677e-01 6.395647691354755526e-01 6.398883525892612445e-01 6.332049486587433273e-01 6.174123314636451587e-01 6.155109599712245139e-01 6.155381083953679333e-01 6.236754427717459137e-01 6.117792018022087941e-01 6.196293653040911842e-01 6.284751746298476993e-01 6.098291243580530319e-01 6.185644452437407681e-01 6.111462934605337294e-01 6.152432717637791315e-01 6.125924267173618043e-01 6.033042555232558390e-01 6.196098588780393213e-01 6.227591455340815152e-01 6.059072574366305419e-01 6.156026005246972854e-01 6.097392061611034419e-01 6.087110093257103172e-01 6.150751003227266089e-01 6.176191908166622779e-01 6.351845572449595911e-01 6.328320893566420358e-01 6.297005022184463119e-01 6.410166329259638918e-01 6.408582464428997927e-01 6.458971983382288951e-01 6.438345403384357901e-01 6.322897170819133938e-01 6.265290279927008266e-01 6.204887151755621444e-01 6.153430237301728001e-01 6.374542963235351190e-01 6.403781699600712418e-01 6.299949173197438856e-01 6.364036313589094274e-01 6.291088648093476898e-01 6.297965438683490458e-01 6.349136338912212407e-01 6.369926469179427730e-01 6.301543591351893570e-01 6.279759885154116983e-01 6.300587467601450609e-01 6.135117399044064390e-01 6.249520567339452715e-01 6.164207165028930957e-01 6.243671470686361635e-01 6.241252983115099795e-01 6.138962339683992075e-01 6.126266022422018898e-01 6.267894478340997333e-01 6.227836003802414977e-01 6.166815456864104261e-01 6.206295806999068132e-01 6.180227888204814501e-01 6.134798410830958337e-01 6.271563477794608321e-01 6.210787717045612721e-01 6.302045505997244668e-01 6.196062820748134969e-01 6.202687524513863515e-01 6.116844615364043225e-01 6.114034315313081613e-01 6.163951372305621623e-01 6.102071980140759688e-01 6.161395830793476858e-01 6.126651088851312599e-01 6.125719310409615259e-01 6.194107640309476359e-01 6.173992309579211524e-01
3.818823167737269569e-02 8.063334382647127652e-02 2.200116273385905874e-01 3.529167776861471539e-01 1.000000000000000000e+00 2.500052441209848486e-01 4.446988425551131052e-01 4.736959456843170546e-01 4.322042498131514199e-01 4.130116948413736222e-01 4.440160348706122528e-01 4.715981641856060724e-01 4.581171081071010454e-01 4.065543690530913357e-01 4.853371421954126852e-01 4.666781380530703460e-01 4.451498293979292975e-01 4.202530689303096700e-01 4.493099653629964441e-01 3.730978738855668109e-01 4.497226094304254129e-01 4.626169121160880193e-01 4.273273161266474274e-01 4.370931642502843828e-01 4.682837104489965818e-01 4.989911945142469496e-01 4.841466545258409915e-01 4.835016955393807714e-01 4.579128303590681570e-01 4.672714475489586072e-01 4.923596445246448683e-01 4.875930133404570710e-01 4.573838089931855921e-01 4.792685498416315304e-01 4.560001843743770045e-01 4.680560294412710598e-01 4.659596269314871253e-01 4.585916959629087741e-01 4.723998357432605544e-01 4.680925564624626167e-01 4.824423297665221266e-01 4.806173262912434851e-01 4.743869235998482980e-01 4.847564625311341913e-01 4.991604126724543122e-01 4.708206278363482045e-01 4.887759096131307768e-01 4.770170273831326191e-01 4.817471612861560226e-01 4.724700976349355264e-01 4.730982565036249143e-01 4.751611989261631530e-01 4.866763679693458799e-01 4.757133822612376051e-01 4.820403528655648473e-01 4.768754219446161291e-01 4.660915066355629244e-01 4.769825126807238913e-01 4.641921076660051604e-01 4.840441514341529139e-01 4.836486584248123610e-01 4.656196580462800827e-01 4.653782004017629759e-01 4.750933494895858145e-01 4.759697589892495917e-01 4.835829991323017940e-01 4.842062107048636377e-01 4.867082170892039206e-01 4.902131986509892236e-01 4.825623089255711706e-01 4.899717484735412465e-01 4.874653528726561880e-01 4.877625576469434843e-01 4.900970769888470802e-01 4.949642747767883377e-01 4.821282645676823742e-01 4.825385351841204318e-01 4.818964685368435363e-01 4.924225442485538617e-01 4.892620993879595592e-01 4.860655309947262692e-01 4.892153425268464528e-01 4.854170641760257032e-01 4.831930273536585996e-01 4.874724479765599749e-01 4.888867894314140039e-01 4.859734859707742216e-01 4.872980169179811916e-01 4.865470219007608232e-01 4.833464779327087402e-01 4.834699274002707270e-01 4.852488397826895672e-01 4.858033874585300782e-01 4.868564278532804268e-01 4.823904440324441878e-01 4.803732595953042472e-01 4.881311384467586501e-01 4.873319983481551598e-01 4.913110824415369282e-01 4.875756459236724738e-01 4.875760102991920641e-01 4.810505108784015604e-01 4.841454297471592394e-01 4.879966823587475466e-01 4.887025143470541400e-01 4.848948306046281798e-01 4.858963253160771267e-01 4.804923866772223273e-01 4.847590949668212912e-01 4.871239644008229508e-01 4.813347638615015356e-01 4.868327817053303419e-01 4.829595626952568610e-01 4.832225704508210651e-01 4.815449061168026734e-01 4.851847719635051237e-01
-2.206157393547834161e-02 8.039894087721545513e-02 2.225064636692043740e-01 3.690255589514354062e-01 2.500052441209848486e-01 1.000000000000000000e+00 4.787374570000331730e-01 4.520280396603691409e-01 4.709279596644883048e-01 4.537421408180219995e-01 4.891722733473933826e-01 5.209427842194565006e-01 4.914489033344924263e-01 4.825494136776030119e-01 5.554193879809325995e-01 5.318603929997089974e-01 4.867376052268723163e-01 4.115101721253157652e-01 4.688460750327168580e-01 4.266794859958857322e-01 4.749022509743200948e-01 4.815992753974498441e-01 4.577436301752921821e-01 4.262849568255238641e-01 4.591198701484336953e-01 5.148364112083836375e-01 5.180882775140871477e-01 5.277361538831146781e-01 4.744484630242504219e-01 5.160180784819210498e-01 5.366467406183316191e-01 5.340987238097510970e-01 5.005643607536065520e-01 5.285415734909642005e-01 5.197601760491226131e-01 5.399906528481444035e-01 5.415962343576513627e-01 5.430177433172477253e-01 5.482014628370422971e-01 5.471858886849085835e-01 5.650508877497389948e-01 5.647857696800502314e-01 5.419106021119486361e-01 5.570784944787381399e-01 5.560071134961289685e-01 5.524596773813275075e-01 5.656455442882387663e-01 5.626247001984845397e-01 5.673449162288700665e-01 5.431249667440324336e-01 5.485020681783842056e-01 5.385640727838137964e-01 5.489032616212359272e-01 5.528003138891447454e-01 5.482925347642382263e-01 5.503014581888219237e-01 5.383726499178035363e-01 5.591952271075216752e-01 5.536229105246813775e-01 5.534163018714027826e-01 5.588557441186196018e-01 5.519666849101557693e-01 5.522845841794021826e-01 5.521169969565012936e-01 5.482187581588716663e-01 5.563747731973247568e-01 5.661395450959256781e-01 5.653537013214544604e-01 5.565900860666637140e-01 5.579647750270330109e-01 5.568578800795044303e-01 5.612179112500259581e-01 5.405370361581438576e-01 5.510691624878925055e-01 5.638169172579529098e-01 5.662210057591935408e-01 5.649917827981202345e-01 5.506924713411851524e-01 5.586679378109433713e-01 5.579756370501449680e-01 5.695390406389279070e-01 5.651649403710126141e-01 5.541361331982882499e-01 5.656095132042442408e-01 5.637067063858646199e-01 5.629282927015726301e-01 5.685165052059439894e-01 5.678935878445937613e-01 5.686269068079528033e-01 5.613293245982421409e-01 5.702643927825228332e-01 5.721764960317161641e-01 5.719419628300937974e-01 5.714599707859626676e-01 5.709330920887910610e-01 5.698119157360209686e-01 5.636347867360397279e-01 5.585002709134283538e-01 5.694485291239387292e-01 5.722150978733991922e-01 5.692116596600619305e-01 5.646883547236000167e-01 5.685635212801927185e-01 5.720286737022328705e-01 5.653488350742020829e-01 5.567318316031285574e-01 5.686663281700582440e-01 5.682793487651950359e-01 5.636420213422409509e-01 5.701736678345320497e-01 5.680116240447788956e-01 5.668506386349093651e-01 5.682843464623710261e-01 5.659506163564487213e-01 5.628155788788062885e-01 5.652939602493616267e-01
-6.342470799687012148e-03 1.352568233527949026e-01 2.901111946199190772e-01 5.414326659908694772e-01 4.446988425551131052e-01 4.787374570000331730e-01 1.000000000000000000e+00 6.944720730444178258e-01 7.075368064915217303e-01 6.739690757930634213e-01 7.311834309659479558e-01 7.658609992789524590e-01 7.420817032676902958e-01 6.965105373247009179e-01 8.352373806867251504e-01 7.866739580532583487e-01 7.228301183071345060e-01 6.258436497897675865e-01 7.137952842143450161e-01 6.199302306708195376e-01 7.223400122146463875e-01 7.289769503866369016e-01 6.733337275440428593e-01 6.690836105699990988e-01 7.231778720391472959e-01 7.847925938413096159e-01 7.686193730161636761e-01 7.789346103218107720e-01 7.306988927716743243e-01 7.653104269297914541e-01 7.944835769680026472e-01 7.811905362109572426e-01 7.353950296209238457e-01 7.741889101862325928e-01 7.557760788289533682e-01 7.782933851457604080e-01 7.754559832890950410e-01 7.842452960218293523e-01 7.994234747575013067e-01 7.880888253118125686e-01 8.173702730054979160e-01 8.173658512076091842e-01 7.946026172639397700e-01 8.121048539517204956e-01 8.179717688207489568e-01 8.044774799549070377e-01 8.233485774959938830e-01 8.153099883521464086e-01 8.179238953862837391e-01 7.899400759258886628e-01 8.023802211250042893e-01 7.926467997983518421e-01 8.111677450936952694e-01 8.064703146538649836e-01 8.065622328945030173e-01 8.031065528034918577e-01 7.891923003900785938e-01 8.155081589183195145e-01 8.015623434090549670e-01 8.112359918653080371e-01 8.152558788765326137e-01 8.013172344697895300e-01 8.011665157824749972e-01 8.044966329112092085e-01 8.055174767912629541e-01 8.099473436136637172e-01 8.222789151456197931e-01 8.233002894108837344e-01 8.167805377678301060e-01 8.101369127415039006e-01 8.221944502493654383e-01 8.181070909731544827e-01 8.020591946565548414e-01 8.173689674965106677e-01 8.263503466993045166e-01 8.217440475166180036e-01 8.268812329430615948e-01 8.137230357872334841e-01 8.247361938995571018e-01 8.141654129453532729e-01 8.258648822783563048e-01 8.225738515191380884e-01 8.132635510101503540e-01 8.178034126920119551e-01 8.207471270072387304e-01 8.245022891092066430e-01 8.216447212732419514e-01 8.290717637628616243e-01 8.245570932086597749e-01 8.234040692535395944e-01 8.240893990226376697e-01 8.299861357909884552e-01 8.272647252040593591e-01 8.300011892583751827e-01 8.275845970797862661e-01 8.245968567893720014e-01 8.195976016018930999e-01 8.103310959000636915e-01 8.250923822803710728e-01 8.255810937307519470e-01 8.273690840366931809e-01 8.197840027864954360e-01 8.258089904722352159e-01 8.276542121293476439e-01 8.241543391799905915e-01 8.151938315996790640e-01 8.244869973917180461e-01 8.247648766208023341e-01 8.249748551513653716e-01 8.269003231058973391e-01 8.266669168569247272e-01 8.253995686236811347e-01 8.218541756728738878e-01 8.183680091034727377e-01 8.182980912733893719e-01 8.205902345356372862e-01
1.145983799167526497e-02 1.162315704332536337e-01 3.213426515221652346e-01 5.244273568309975042e-01 4.736959456843170546e-01 4.520280396603691409e-01 6.944720730444178258e-01 1.000000000000000000e+00 7.022311034495731796e-01 6.536913087381907017e-01 7.077092707569851981e-01 7.491060674777449968e-01 7.051117684497513194e-01 6.576004674650536286e-01 7.786519824942801371e-01 7.784193606960169154e-01 7.091454109778924098e-01 6.260729358731841332e-01 6.952649309836643754e-01 6.071731794450102582e-01 7.078730536613700997e-01 7.152396260052903409e-01 6.608593346181750317e-01 6.646958451396461909e-01 7.133182179331445383e-01 7.630462971488430890e-01 7.489208692287853131e-01 7.540919283718069410e-01 7.139498406729233304e-01 7.415621798006585275e-01 7.701462473239900630e-01 7.670574560994279922e-01 7.250498242752407840e-01 7.552141070709643689e-01 7.358999566054110764e-01 7.501586205902572857e-01 7.528084758601411020e-01 7.625695619732474340e-01 7.744155125404292850e-01 7.531401431917625899e-01 7.849189235581344182e-01 7.930052134514927742e-01 7.778711882538940081e-01 7.920652566242754045e-01 7.906621854226065782e-01 7.751210928488707630e-01 7.894948679725696250e-01 7.807545077103541509e-01 7.893282084193156134e-01 7.752424450860407878e-01 7.835787151033388742e-01 7.638432021287260287e-01 7.851620945699970822e-01 7.736210471457141136e-01 7.772366795950379492e-01 7.740666401551297149e-01 7.652895196320397275e-01 7.882535011472977526e-01 7.699654522021871506e-01 7.848562154388933898e-01 7.972219372429241169e-01 7.729994064894687433e-01 7.759689491299036623e-01 7.784723774825326181e-01 7.699300569360201241e-01 7.789056670541749661e-01 7.886730936081953747e-01 7.920114171316376961e-01 7.878623405119808965e-01 7.789176400122951316e-01 7.924204226097908421e-01 7.865971689605683048e-01 7.781018689990061299e-01 7.865081217704611438e-01 7.929601844784933684e-01 7.859787450663973107e-01 7.865996582928552749e-01 7.776841390673117083e-01 7.896063513619517860e-01 7.835325501471486209e-01 7.891701012254704883e-01 7.873130071500886729e-01 7.834659778984163214e-01 7.841656018203219114e-01 7.906483510608970366e-01 7.927059998911184513e-01 7.858867666579989475e-01 7.947802863711649346e-01 7.908112425370412701e-01 7.882551191363070808e-01 7.889291855122773089e-01 7.923331608545267635e-01 7.897810681404525690e-01 7.929835207259796626e-01 7.899815975797387368e-01 7.882233571451721099e-01 7.952126740844142061e-01 7.870292903569622300e-01 7.964549935350019316e-01 7.959193204909765784e-01 7.969392268407068380e-01 7.913554911942679571e-01 7.887961911476892851e-01 7.956019461894445755e-01 7.895900764661306637e-01 7.877677336592241453e-01 7.911969455184720834e-01 7.861747668374999831e-01 7.886378173722810025e-01 7.947309898350004564e-01 7.914059945963681786e-01 7.914508376735427397e-01 7.909742810953995784e-01 7.891288691860351978e-01 7.805338214381065676e-01 7.871434229854300524e-01
7.961250362673925884e-02 1.704839473996672128e-01 3.225116727786695447e-01 5.461429611638813908e-01 4.322042498131514199e-01 4.709279596644883048e-01 7.075368064915217303e-01 7.022311034495731796e-01 1.000000000000000000e+00 7.385213305267659400e-01 7.764357128635295258e-01 8.105072296164901324e-01 7.582814949798811766e-01 7.291537995142575168e-01 8.293862597175991613e-01 8.258141277378646672e-01 8.047357767389262673e-01 6.654089433692128575e-01 7.661878298445244928e-01 6.024703556419275241e-01 7.383423346029550638e-01 7.572911295776224572e-01 7.118090080930197239e-01 6.983437997542590869e-01 7.418728979674606983e-01 8.323927806079965963e-01 8.186452395236206714e-01 8.088518116219763909e-01 7.857978921663819616e-01 8.125349970484061490e-01 8.486036065629366520e-01 8.197764544286263444e-01 7.619459352493612725e-01 7.963929840379859737e-01 7.978920273957795795e-01 8.066048467918326415e-01 8.106111613625025525e-01 8.161905025167361938e-01 8.346052693873858841e-01 7.956501187792737184e-01 8.528834915119040128e-01 8.366801079188537216e-01 8.102794343966119861e-01 8.490998704240692030e-01 8.451090124792696168e-01 8.354433266669558655e-01 8.654509711981255293e-01 8.686309450535903975e-01 8.602421314922937823e-01 8.250783230224851827e-01 8.395923248866116184e-01 8.330125449543280824e-01 8.493228511523220892e-01 8.723941192697540759e-01 8.599032071301263569e-01 8.523622961584987889e-01 8.560402309435118928e-01 8.596653302187969858e-01 8.497451083217413270e-01 8.719530970730274833e-01 8.633914290551450987e-01 8.640588008353417004e-01 8.586125041620760179e-01 8.599640037204142606e-01 8.675820251616582768e-01 8.732942331218622734e-01 8.647204511967941931e-01 8.610952927170137938e-01 8.603403834956036000e-01 8.428111710766328368e-01 8.542781730641004767e-01 8.564898865130015082e-01 8.369485212932236129e-01 8.490049550465655903e-01 8.643765092057630328e-01 8.634035294891058143e-01 8.608316953513597269e-01 8.593558249573532981e-01 8.534672755836230085e-01 8.538775915580576470e-01 8.596162514731402471e-01 8.655082622002795434e-01 8.589341695900211127e-01 8.567999105927575076e-01 8.475541580781782436e-01 8.559935057766954181e-01 8.551497876577459634e-01 8.503982220206284248e-01 8.531949911466729652e-01 8.572004293895352234e-01 8.460835119689334993e-01 8.565193225311198422e-01 8.561556014144271476e-01 8.577771959952791292e-01 8.624842259004990019e-01 8.666707869759963101e-01 8.337370933406150764e-01 8.549267810018942315e-01 8.541849938358102579e-01 8.464197728082731853e-01 8.375041325051348906e-01 8.558940570263154912e-01 8.602080644429130896e-01 8.575864315937122839e-01 8.567276114348050253e-01 8.629922001568601786e-01 8.664937763502779111e-01 8.654583028308816539e-01 8.619440473124421187e-01 8.606062633450096699e-01 8.547544782395004592e-01 8.699928377265421231e-01 8.635324215941291293e-01 8.628674266755160804e-01 8.649395342992169944e-01 8.646693989518934309e-01
4.932796975305091258e-02 1.711983318619567096e-01 3.010480565496578276e-01 5.117674618786726137e-01 4.130116948413736222e-01 4.537421408180219995e-01 6.739690757930634213e-01 6.536913087381907017e-01 7.385213305267659400e-01 1.000000000000000000e+00 7.243995510287595252e-01 7.568207964200344140e-01 7.158763395754137449e-01 6.851378105368131077e-01 7.872776272457671087e-01 7.714830182077243581e-01 7.489323851238137708e-01 6.450105158592214227e-01 7.268967242850147281e-01 5.755693074769038242e-01 7.086068103041401889e-01 7.284768023458850772e-01 6.770807662944166028e-01 6.699684055391394999e-01 7.157745468447455073e-01 7.911484701890364457e-01 7.680188282287144785e-01 7.712439908095308772e-01 7.433419310066604613e-01 7.697371135448506374e-01 8.053517692613890722e-01 7.816595786341606900e-01 7.182884875194237573e-01 7.614315892683423126e-01 7.440042518742512323e-01 7.752216836261626165e-01 7.634223709787063550e-01 7.793434171072175509e-01 7.920469369500039436e-01 7.671308286989614311e-01 8.093848727766199680e-01 7.939096165520480586e-01 7.695176192549268990e-01 7.989898522298745087e-01 8.072423673377970843e-01 7.970643279577545037e-01 8.183160370937040407e-01 8.264448094125216304e-01 8.148567338145408234e-01 7.781365691619200886e-01 7.928416806023057539e-01 7.769345124646659384e-01 7.954077365075907791e-01 8.178912736985434195e-01 8.129970467729880079e-01 8.115861482686850259e-01 7.972568565399442697e-01 8.097816449973557207e-01 8.067890836153523981e-01 8.105291990458651785e-01 8.063388351346389982e-01 8.074778780446900672e-01 8.059903851332216318e-01 8.073205209822311712e-01 8.103109359342802742e-01 8.129988162356166503e-01 8.209079027206734880e-01 8.201491003538843305e-01 8.141558833295271524e-01 7.973692171576066690e-01 8.129108174510897289e-01 8.179337029106178436e-01 7.978666025364555825e-01 8.100793259015421910e-01 8.194305633181671045e-01 8.190286121190123447e-01 8.171345845737226776e-01 8.148409379180007184e-01 8.147260788276572407e-01 8.124348741811376895e-01 8.160366807346955964e-01 8.225115397906560544e-01 8.133103750980069657e-01 8.090547240096293002e-01 8.045625584535334163e-01 8.131854619741489820e-01 8.124332198884852696e-01 8.127094175788011077e-01 8.116453610824784226e-01 8.159284803107954565e-01 8.071306511849266618e-01 8.155407451626931481e-01 8.131436181635314231e-01 8.155702856555250291e-01 8.178557353279768405e-01 8.211783942011779969e-01 7.943485120328039883e-01 8.000313900629960617e-01 8.073036555159537331e-01 8.075577940280583844e-01 7.997049303599187420e-01 8.074553750634656524e-01 8.100947041021053785e-01 8.155442163586029691e-01 8.109971956570219964e-01 8.080420851720894193e-01 8.187230800853516621e-01 8.221583053801931884e-01 8.200957572580949151e-01 8.142164984142700179e-01 8.154070643695732201e-01 8.194026918700647588e-01 8.150667756747952408e-01 8.139314585406395297e-01 8.164145676134403340e-01 8.137503831215684436e-01
1.290165339468734088e-02 1.681136701456316385e-01 3.470810771765323044e-01 5.995671375122587632e-01 4.440160348706122528e-01 4.891722733473933826e-01 7.311834309659479558e-01 7.077092707569851981e-01 7.764357128635295258e-01 7.243995510287595252e-01 1.000000000000000000e+00 8.398894714142887130e-01 7.713053489347653224e-01 7.289365455869893928e-01 8.459196383587713752e-01 8.258243721611935317e-01 8.001732806832938527e-01 7.321765108959441548e-01 7.994576246573933398e-01 6.606760248633483101e-01 7.724637391242444862e-01 8.046377263846230532e-01 7.670912895942093579e-01 7.442070002679880281e-01 7.855376243914653500e-01 8.518287071859075299e-01 8.551956198513893659e-01 8.505525704723769786e-01 8.115719017599013485e-01 8.478328075487123749e-01 8.801311110346345945e-01 8.651111962888142770e-01 8.134057432046448710e-01 8.480190527901421138e-01 8.355697178672152337e-01 8.379892090903218183e-01 8.454734333126483481e-01 8.569656884342762293e-01 8.692573710833132461e-01 8.417912494354080621e-01 8.689174032843243189e-01 8.641373076903411388e-01 8.368803061769337637e-01 8.707651191544335534e-01 8.741024863977745474e-01 8.696125005429741206e-01 8.734877277461526868e-01 8.766313113518932054e-01 8.715788430272358722e-01 8.545448090422150811e-01 8.648201838599759439e-01 8.388271196237923055e-01 8.605295436212082594e-01 8.730980933330696470e-01 8.739149181923355769e-01 8.734284847388220641e-01 8.634321681365265677e-01 8.692344078632944226e-01 8.666962472590687971e-01 8.684641024736167170e-01 8.687771648275344205e-01 8.676852190767189166e-01 8.700860343640112182e-01 8.697602054473065891e-01 8.662143629044039006e-01 8.704933637313457817e-01 8.755457514926471285e-01 8.803628052872728427e-01 8.838841803059261926e-01 8.651515532168191358e-01 8.796869952091627143e-01 8.813751643100499189e-01 8.698684771674809468e-01 8.740798876815353280e-01 8.842041124961282916e-01 8.801042062547276279e-01 8.791348946952869392e-01 8.752375464771795510e-01 8.815358284069566563e-01 8.837757421132217406e-01 8.805431471595724924e-01 8.850041450707291091e-01 8.826770381330873994e-01 8.822900193809545266e-01 8.759218401532035125e-01 8.817653524354038819e-01 8.768049724168623937e-01 8.763754437195461211e-01 8.796108010566364710e-01 8.723992475429123150e-01 8.764810028278062770e-01 8.730220062825351235e-01 8.736378865656747594e-01 8.775617651582283685e-01 8.735009246295187824e-01 8.762120496984340257e-01 8.565739623020595106e-01 8.610432460591741499e-01 8.651239010303297672e-01 8.679811981962477496e-01 8.610887094002193098e-01 8.667972784572930411e-01 8.706562225931695487e-01 8.742120080645158220e-01 8.737287159517715951e-01 8.659723932488728737e-01 8.751682374866204261e-01 8.753792471787035234e-01 8.745513277876182379e-01 8.722905275474206466e-01 8.716067757001394467e-01 8.733924226828648774e-01 8.721042164565587784e-01 8.716991964028539819e-01 8.745083656188790133e-01 8.714575820423691166e-01
3.511876917620681410e-02 1.655297746976200635e-01 3.923455942206081071e-01 6.482895736871632231e-01 4.715981641856060724e-01 5.209427842194565006e-01 7.658609992789524590e-01 7.491060674777449968e-01 8.105072296164901324e-01 7.568207964200344140e-01 8.398894714142887130e-01 1.000000000000000000e+00 8.223294192859863516e-01 7.615575670131260466e-01 8.937619681422475093e-01 8.776682721124202669e-01 8.399535549142154167e-01 7.625632606573234940e-01 8.377592880822732901e-01 6.954709138685206682e-01 8.233215921845111751e-01 8.521032037668607728e-01 8.090813067063894470e-01 7.807099878876296861e-01 8.306638888240052143e-01 8.967962847971904239e-01 9.008079500666343886e-01 8.929320992403181334e-01 8.486397017546538635e-01 8.907332826530047765e-01 9.279472627621464520e-01 9.071208004730118013e-01 8.609216268503711023e-01 8.907660192861088788e-01 8.761759397120048032e-01 8.844128723728035268e-01 8.971026272244417843e-01 9.047858147344753910e-01 9.159742991758947905e-01 8.929703856130668527e-01 9.188050866317130083e-01 9.153292164489706950e-01 8.993228208497712206e-01 9.281980926902491102e-01 9.263148402592544794e-01 9.218758999819497424e-01 9.235119311333367387e-01 9.239610448137565157e-01 9.223868767901128862e-01 9.092786711520219889e-01 9.165603474644021809e-01 8.923779832299466586e-01 9.180720848180169424e-01 9.198681284029792682e-01 9.215522687667356827e-01 9.192631805625319785e-01 9.125451615025214069e-01 9.174370457276841417e-01 9.135795572788549812e-01 9.193646298887062640e-01 9.233499616395730580e-01 9.169047330813323571e-01 9.209402277450710050e-01 9.182133315189811018e-01 9.144745588938179015e-01 9.197260417569045332e-01 9.242894252140502198e-01 9.298277821963599754e-01 9.279759486866354656e-01 9.147564472686002812e-01 9.272843792795859574e-01 9.310735487022087087e-01 9.118393890871961949e-01 9.221350759986878254e-01 9.314671394024172102e-01 9.285873845151638717e-01 9.237788505437078967e-01 9.185851655692615081e-01 9.272091459202497221e-01 9.299141972248226029e-01 9.291654443805152930e-01 9.324300752310051843e-01 9.274905291276341890e-01 9.279880618348548271e-01 9.247651209521468019e-01 9.266185786899273635e-01 9.285420633451786365e-01 9.240112087352646553e-01 9.277044186607895648e-01 9.217877512655076044e-01 9.237403066685472286e-01 9.226619555269217621e-01 9.260454818724027648e-01 9.271590750789873159e-01 9.218971096242563057e-01 9.241782659553351431e-01 9.093204889875633468e-01 9.159779269762466924e-01 9.171942862144050190e-01 9.181821408410936192e-01 9.153839386301544367e-01 9.167646684386498990e-01 9.215517797908632236e-01 9.236262809753291725e-01 9.249648588788422776e-01 9.167493733990674798e-01 9.256707354501960694e-01 9.236638747853929132e-01 9.230417715683634228e-01 9.212713949718729367e-01 9.199080970614030850e-01 9.237143564217522584e-01 9.214247865145392957e-01 9.219440882661004144e-01 9.251205015648089613e-01 9.202848543712564000e-01
3.371681233620536788e-02 1.396524639807286139e-01 3.193307835492852909e-01 5.660447773267343052e-01 4.581171081071010454e-01 4.914489033344924263e-01 7.420817032676902958e-01 7.051117684497513194e-01 7.582814949798811766e-01 7.158763395754137449e-01 7.713053489347653224e-01 8.223294192859863516e-01 1.000000000000000000e+00 7.311460425497972038e-01 8.445107468721748667e-01 8.374081942736379958e-01 7.895577116768908166e-01 6.881971546893115299e-01 7.743167309274341381e-01 6.327796200777565661e-01 7.571512743026878045e-01 7.768929330370296649e-01 7.328963702069690722e-01 7.154255192773486538e-01 7.682621040785506672e-01 8.381251747381956996e-01 8.322631465108540905e-01 8.273861178269462657e-01 7.806396755028752743e-01 8.163598218116292493e-01 8.547113192077204769e-01 8.336928920004877952e-01 7.806474199576580730e-01 8.155933424728195602e-01 8.022054527398576607e-01 8.324275699144989549e-01 8.279954947884525795e-01 8.238085606904396174e-01 8.475102245212390306e-01 8.219812946690012723e-01 8.626448024590966934e-01 8.563027517322677751e-01 8.333813851887416080e-01 8.635306910978225448e-01 8.623729217101451239e-01 8.516762649892387627e-01 8.720027213767086449e-01 8.672467973453121814e-01 8.632215708598744985e-01 8.261098748928877855e-01 8.441977204966373272e-01 8.356693441721292359e-01 8.552758176202367446e-01 8.644657002397938550e-01 8.570578794578888049e-01 8.590334523802428679e-01 8.514290067764328507e-01 8.670496381655681262e-01 8.526139772269549777e-01 8.718194533485201791e-01 8.673544599393593346e-01 8.600837238282542652e-01 8.580935210692569592e-01 8.617036077774500313e-01 8.664251735922395836e-01 8.687440562141174327e-01 8.704309953331572647e-01 8.708461891750398642e-01 8.655410789402012695e-01 8.546609045842433749e-01 8.671146087654760803e-01 8.722109728371990611e-01 8.480466701390578788e-01 8.626257794936535994e-01 8.744345208607487985e-01 8.703808685408129797e-01 8.695357701414203611e-01 8.618933378894149122e-01 8.673195764658769846e-01 8.635477483084115224e-01 8.710292137492526843e-01 8.740751202340176773e-01 8.650442378545351030e-01 8.635897063556871034e-01 8.598921442218032674e-01 8.660256968884162410e-01 8.696435959186983311e-01 8.657079930734403739e-01 8.666960690429298397e-01 8.674042593843057647e-01 8.634575193077438371e-01 8.701917079248787656e-01 8.718072774447933604e-01 8.718464633862905711e-01 8.716359509115502169e-01 8.719558108228764315e-01 8.503646214135708314e-01 8.534260251029978095e-01 8.635244726521488223e-01 8.600383254313780368e-01 8.610244660438903797e-01 8.612880472167604440e-01 8.691425314209915154e-01 8.706830687347909548e-01 8.685350664769281304e-01 8.628508296679437972e-01 8.687839950490885421e-01 8.723251363069375319e-01 8.709945702383183885e-01 8.705917564977656564e-01 8.683846816965039572e-01 8.718878012908365394e-01 8.690208876645945102e-01 8.680957748152754450e-01 8.712975669140152757e-01 8.699291632982785183e-01
