1.000000000000000000e+00 2.233800161996013778e-01 1.346727994060162859e-01 2.293715422967401718e-01 1.266054229988215762e-01 1.629758033483790641e-02 2.445250202722583088e-01 1.783699606314981534e-01 2.066149376336124943e-01 6.060125109611111394e-02 1.515879434199246534e-01 1.422089117406133141e-01 7.711359272495009465e-02 9.695064706601730364e-02 1.452248111350071813e-01 6.601731290126541807e-02 1.687899279239333528e-01 3.063897271725216087e-01 1.989573356340575694e-01 1.738672657941703892e-01 3.151275966957727270e-01 2.040134871048998599e-01 2.374418142593139880e-01 2.741718031960274637e-01 2.198410516415706950e-01 2.013977586034523259e-01 1.902260107183450233e-01 1.946162223580107098e-01 2.852689639580531789e-01 2.459332464888266678e-01 2.176832811536402179e-01 1.613876421239574532e-01 1.606316326513606008e-01 1.483772993026343801e-01 1.527246504273267191e-01 1.164986192198227827e-01 1.175212191915788462e-01 1.268122670905705296e-01 1.143625898175274769e-01 8.585360494867536052e-02 7.197931799591306135e-02 7.244311411499798625e-02 8.388282408182629046e-02 9.810082903445746516e-02 1.204189004441383881e-01 1.119565518860418107e-01 4.021976987778359131e-02 5.004515760913109262e-02 4.184186354456392865e-02 8.747324171356347933e-02 9.110205129482967790e-02 1.076025567683685791e-01 8.430565855777430451e-02 7.456616457495411632e-02 7.766052132241818562e-02 9.791743313501717616e-02 9.218742080372660519e-02 5.180568982285346097e-02 6.786661388825858399e-02 6.030854719533907532e-02 5.593796732774949931e-02 8.309336511006194803e-02 6.765428085048356965e-02 7.052271370209155232e-02 7.234888005664741328e-02 9.500218371775034920e-02 5.485837609681669391e-02 9.505688087512231821e-02 1.163990574562766972e-01 9.227622771274882063e-02 8.441628027413503044e-02 7.903001040183448012e-02 1.300133201972445141e-01 1.067193575910500014e-01 7.448117332522188883e-02 7.823575134782982665e-02 6.695227361144756584e-02 1.162333131035694772e-01 1.006593396426887638e-01 1.119634786554140060e-01 8.926769458815395075e-02 1.039001114249448604e-01 6.471204525077818570e-02 8.290589283745139482e-02 6.183537396361323685e-02 8.152790107744072035e-02 6.511602925502286976e-02 4.800267918366969006e-02 5.586354826947181884e-02 6.157959998312353966e-02 4.011788216094196169e-02 3.260800700851532868e-02 4.971592031630511777e-02 5.111542659645979675e-02 1.194074442016375762e-02 3.273910466656707735e-02 2.438196084756563339e-02 6.183917704375730545e-02 3.040984492111020732e-02 3.444812970115126993e-02 2.177575551911295135e-02 3.460983752816580022e-02 3.241648315702457678e-02 3.087506886550916638e-02 6.056039905730546680e-02 5.541246738986308623e-02 4.042465519761144488e-02 3.631999896914661630e-02 4.449735370200443713e-02 2.434446715042969112e-02 2.192747679582441461e-02 3.680541848245198061e-02 3.516483725541570682e-02 3.883855315342413239e-02 5.122436401696170427e-02 5.489678445833982845e-02
2.233800161996013778e-01 1.000000000000000000e+00 1.150788833766229063e-01 1.460202702697421806e-01 1.584699298789496447e-01 9.156935961198392482e-02 2.018708190553789861e-01 1.535969459289459327e-01 2.249584390257400868e-01 1.950753635419948395e-01 1.934791794387307196e-01 1.940058687501545476e-01 1.598398928894808058e-01 1.193117277648075431e-01 1.933156589515963586e-01 1.630799197712688442e-01 2.018174447571874641e-01 2.377960443791834744e-01 1.976321821683661994e-01 1.053187681985549989e-01 2.336573248173396122e-01 1.923358144108841539e-01 2.551068572758902198e-01 2.404388543092136343e-01 1.993886964571263409e-01 2.387323573983503588e-01 2.168518930954230484e-01 2.082364591726308112e-01 2.569045238545133447e-01 2.396435531266603580e-01 2.342108744196465253e-01 2.293043007721831117e-01 1.967788350793949481e-01 2.052853032956475920e-01 2.084609016678914406e-01 1.928728145706798958e-01 1.869671640700891757e-01 2.074484660758881549e-01 1.973336651690257848e-01 1.825279828749134525e-01 1.828548508008014939e-01 1.740208170597893900e-01 1.808899023032336240e-01 1.825080208762124012e-01 2.003972069962067781e-01 1.888073923343112359e-01 1.710328071858399357e-01 1.852759300509809193e-01 1.736966178419554474e-01 1.694737284525548726e-01 1.768014652200444459e-01 1.551284312961000722e-01 1.763751208634806722e-01 1.999368785246077862e-01 1.965461795090276964e-01 2.084996195577788203e-01 1.925613811503671391e-01 1.770245486889689968e-01 1.822407344191203649e-01 1.822353092798815744e-01 1.808353455106279373e-01 1.977132225506598728e-01 1.843200255762044715e-01 1.933854426864989595e-01 1.759278875268020514e-01 1.913939482807130721e-01 1.850884041230890509e-01 1.953932329814349056e-01 2.039486510490463589e-01 1.766694150757598114e-01 1.817177782342467296e-01 1.838395513470306997e-01 2.030997714510264229e-01 1.898378793380083585e-01 1.908944801351958043e-01 1.909915492909527168e-01 1.763070930569931305e-01 2.078205723368748981e-01 1.954529812948161971e-01 2.038515620402512885e-01 1.937069607361836532e-01 1.958748876605191647e-01 1.846479786519250876e-01 1.934167522392607752e-01 1.795941891053828010e-01 1.917337902792948523e-01 1.792284727934774780e-01 1.817303074148514386e-01 1.791542094812512143e-01 1.922694505133774323e-01 1.683418953988122246e-01 1.698235325863688139e-01 1.744631279763792508e-01 1.702298134042412869e-01 1.644668202506882893e-01 1.771561662080006483e-01 1.643506655620818047e-01 1.655728075027809998e-01 1.699959319091586263e-01 1.705065120005198886e-01 1.637592429082410372e-01 1.731752647276259549e-01 1.653481183352243644e-01 1.639583379244201611e-01 1.732602851124583898e-01 1.832614107811877113e-01 1.716040988570715353e-01 1.780047635099693826e-01 1.820980156824114349e-01 1.690938049396819298e-01 1.707160426260083963e-01 1.733247865965432677e-01 1.751508631128893267e-01 1.748504994536416723e-01 1.749699237031841215e-01 1.759251887768200906e-01
1.346727994060162859e-01 1.150788833766229063e-01 1.000000000000000000e+00 3.270393231273313051e-01 2.336326519404372526e-01 1.843674448296336310e-01 3.262705601531847299e-01 3.391003881635513140e-01 3.390714496673787881e-01 2.929073505645798936e-01 3.931800560211136109e-01 3.655853735472315846e-01 3.267269180144138918e-01 2.795510666772102470e-01 3.619651630010827237e-01 3.375998325894447039e-01 3.085524786428064936e-01 3.625493902818689440e-01 3.658308687176865526e-01 1.930301059490726057e-01 3.378571382916970567e-01 3.718771413507786505e-01 4.068888939819046979e-01 3.648061111668340351e-01 3.689157248455441906e-01 3.909305194804809647e-01 4.031969026569887649e-01 4.128075253776278264e-01 4.120446060909233044e-01 4.288972697971807357e-01 4.148052982702675751e-01 3.779700610910542991e-01 4.072423256386809576e-01 3.826399829130571750e-01 4.026452460228031049e-01 3.813149551800512072e-01 4.136084040111358551e-01 3.728529595074453473e-01 4.017384056534031855e-01 3.731264576730220495e-01 3.706480030489985311e-01 3.699096203734816846e-01 3.700238650687081021e-01 3.688474834415442216e-01 3.948298661872589599e-01 3.862617291293629074e-01 3.541116231756511468e-01 3.570924231683506034e-01 3.269195888562407837e-01 3.354814057769160973e-01 3.612010258128572904e-01 3.147784186246626037e-01 3.436134409958518932e-01 3.452806475443170320e-01 3.364136783202195669e-01 3.709664993615092721e-01 3.179170572067304690e-01 3.500312012896004132e-01 3.433811538476173042e-01 3.520922762243540172e-01 3.562057100949939659e-01 3.506564597472832667e-01 3.335623225230355815e-01 3.571506032083097693e-01 3.490583699897382708e-01 3.450584848742215271e-01 3.498238421423119360e-01 3.673668802949706103e-01 3.823898976713467901e-01 3.406740293765663230e-01 3.714583575415029704e-01 3.699649264304160634e-01 3.706981012167374079e-01 3.761883877354099126e-01 3.696744297389693013e-01 3.754656587816440072e-01 3.708577243585184924e-01 3.866221170818671116e-01 3.858583938394716251e-01 3.954136222558014557e-01 3.867449616179980398e-01 3.910776758076406900e-01 3.705516567695068542e-01 3.824520931179270500e-01 3.662548796431485121e-01 3.769857679256012339e-01 3.906884633917621086e-01 3.580764515402302117e-01 3.779246599297146347e-01 3.632173344124831615e-01 3.627434641528750059e-01 3.584953511882946198e-01 3.685105592176299294e-01 3.684303847130872001e-01 3.472807733744294190e-01 3.521013043839837375e-01 3.353863667605289089e-01 3.213094751968506024e-01 3.449475262326123226e-01 3.481889423457319999e-01 3.577680632921263482e-01 3.396731588099225485e-01 3.515349727300556837e-01 3.477771275395001860e-01 3.539104113845116251e-01 3.361886209173576279e-01 3.393609211558688554e-01 3.519081808125407718e-01 3.532706598024509259e-01 3.487787590104399760e-01 3.485457550693337736e-01 3.511667969457422100e-01 3.516655856066127628e-01 3.480188552454371309e-01 3.520173575637463581e-01 3.483016482169800088e-01
2.293715422967401718e-01 1.460202702697421806e-01 3.270393231273313051e-01 1.000000000000000000e+00 4.162123051600218337e-01 3.404550919827311062e-01 6.273010536091411238e-01 6.001358786057829908e-01 5.589656335342454430e-01 4.434917215909428001e-01 5.984329785399307156e-01 6.496168634025348831e-01 5.530071480525802219e-01 4.235107305135963340e-01 6.281711463548520502e-01 5.763858045477064929e-01 5.454334748618324680e-01 5.831285012063183171e-01 6.005984162233474200e-01 5.013435102537335819e-01 6.254845422037648150e-01 6.181567911611438593e-01 6.007786370521339681e-01 5.882026708937554416e-01 5.898925428283184891e-01 6.291830921434041768e-01 6.148249996839511011e-01 6.200503906948505728e-01 6.355522497253841552e-01 6.200715891579366978e-01 6.419577857820649713e-01 6.044907512354081858e-01 5.917678082671945505e-01 6.020383606827414136e-01 5.772035296461611731e-01 6.071932155994510527e-01 6.042840428395275243e-01 5.903183731760029973e-01 5.987772352414341137e-01 5.931733975434214656e-01 5.784651750693730055e-01 5.874803293409657234e-01 6.088777116546865154e-01 6.081563263290351573e-01 6.167090835715427488e-01 6.033003503420742986e-01 5.625218870609933752e-01 5.515986975684067373e-01 5.452521457575716379e-01 5.818018729827052482e-01 5.967908085586489664e-01 6.009562657773243055e-01 5.905318312399295833e-01 5.452090006774370501e-01 5.445801166048582775e-01 5.801066753281447497e-01 5.462204097440330752e-01 5.584419392382122815e-01 5.510118312348598613e-01 5.707002759480175325e-01 5.803720078651755099e-01 5.620143495875421502e-01 5.436483736646793297e-01 5.670123410256233676e-01 5.668224246104178743e-01 5.801278734452273156e-01 5.628353526247381611e-01 5.847921556902612172e-01 6.060741104763738285e-01 6.004278154659711264e-01 5.906325849010842788e-01 5.804356770096728013e-01 6.016733456109059075e-01 5.965873037876060492e-01 5.896772736185413866e-01 5.903565346535651903e-01 5.871561272891145933e-01 6.010795591911387570e-01 6.067716320994335222e-01 5.995766912538210702e-01 5.897061182092260267e-01 6.075093092988609333e-01 5.810039856752169385e-01 5.834790946766080788e-01 5.858012505426666294e-01 5.919302173498932618e-01 5.953625363768710876e-01 5.713587051881288126e-01 5.818077388540670025e-01 5.712597477552782133e-01 5.836282246945968533e-01 5.666093231297033572e-01 5.802500174261396859e-01 5.832812415344963419e-01 5.477051720504668708e-01 5.525984721154858503e-01 5.654678429137396378e-01 5.678299025536941436e-01 5.570321882066396890e-01 5.695062466654526867e-01 5.754378179973439478e-01 5.565546069167509602e-01 5.681493315775245634e-01 5.642862212679287115e-01 5.840533417001158023e-01 5.588898946011857660e-01 5.605696211372995785e-01 5.530624764718535813e-01 5.587252318053991251e-01 5.548050299205169456e-01 5.512397395447413695e-01 5.588723839119922321e-01 5.553293641139491754e-01 5.614738741925844323e-01 5.650186691072859313e-01 5.654379885679282625e-01
1.266054229988215762e-01 1.584699298789496447e-01 2.336326519404372526e-01 4.162123051600218337e-01 1.000000000000000000e+00 2.933311258674010658e-01 5.053864362213289496e-01 4.863736726383928177e-01 4.761767408192710826e-01 4.102727118300328324e-01 4.741547051117763201e-01 5.065064071847862337e-01 5.062175710721918964e-01 3.610588410352433830e-01 5.168216719897795741e-01 4.961303868977544607e-01 4.377410990146978209e-01 4.477240478094255960e-01 4.597564000590199651e-01 4.050504526506150116e-01 4.777763236669453351e-01 4.799358424907335108e-01 4.744867714459930497e-01 4.673230187551093429e-01 4.718289692922984502e-01 5.297913972681784767e-01 5.002847877098062224e-01 4.882247382083986231e-01 4.786874277183681414e-01 5.065120149552775342e-01 5.076099364324139218e-01 5.169544361168330049e-01 4.585463509234806723e-01 4.877642142106609069e-01 4.984116995869918298e-01 4.789693580821727803e-01 4.972434304748421519e-01 4.831994157552890190e-01 4.951175173649439154e-01 4.739356727284651516e-01 5.021307267469773405e-01 5.023989331102264311e-01 5.167079716808141709e-01 5.199245557223819425e-01 5.160447062497037773e-01 5.051513987695863683e-01 4.992874700181708092e-01 4.982783238241882962e-01 4.885343394220846847e-01 4.935575725989601592e-01 4.987824696656970591e-01 5.028862352804747138e-01 5.068392651554575190e-01 4.914409630545942265e-01 4.934176309167817021e-01 5.052755979166907441e-01 4.774461072789348837e-01 4.993528342637499340e-01 4.870272900116286996e-01 5.076547362678294206e-01 5.106518147163241483e-01 4.925488208412047153e-01 4.800588928132714095e-01 4.941196510760459404e-01 4.982871758186154243e-01 5.059579729458975050e-01 5.014863342476658659e-01 5.030434571195652182e-01 5.190659795609594562e-01 5.173380083799221651e-01 5.044443044188443581e-01 5.014566869850274333e-01 5.093730514406173970e-01 5.041955522646601739e-01 5.148100412632866663e-01 5.134173416902660936e-01 5.088008572947334551e-01 5.067938362848517508e-01 5.100498418177812354e-01 5.178377370633568955e-01 5.116854916916341312e-01 5.087454406095911486e-01 4.968827598518633093e-01 5.130481218056925918e-01 5.089053077230867306e-01 5.069711876270235340e-01 5.034277166204214060e-01 5.053053614611034972e-01 5.055755904921066524e-01 5.058626807570795192e-01 5.017866645772475209e-01 5.017837992328519903e-01 5.041168307412485783e-01 5.050665671318503858e-01 4.960730767407108832e-01 4.979313398311410177e-01 5.045809138719031806e-01 5.044226564457462425e-01 5.028063625077521248e-01 5.020321766828560461e-01 5.101876744021668353e-01 4.999286028960527872e-01 5.038721792454243786e-01 5.053793721749580969e-01 5.094372332182128815e-01 4.984803992630656433e-01 5.018663246465253636e-01 4.987191418625053219e-01 5.022663525691817288e-01 5.004985116152403934e-01 4.981052408965676581e-01 5.032210270725253620e-01 4.978084526871252580e-01 5.017682136041177188e-01 4.963228056427792523e-01 5.029159578458322066e-01
1.629758033483790641e-02 9.156935961198392482e-02 1.843674448296336310e-01 3.404550919827311062e-01 2.933311258674010658e-01 1.000000000000000000e+00 4.837715896347272726e-01 4.543652149140381957e-01 4.796099553540193461e-01 4.658278639069826088e-01 4.964772771958964048e-01 5.292606843227258828e-01 4.971028095113184664e-01 3.950349939204093608e-01 5.384741107353905321e-01 5.313353905600897154e-01 4.763573208450675445e-01 4.389561481563282741e-01 4.850069399566603323e-01 3.566073186327196609e-01 4.510586715680636183e-01 4.925060196361057407e-01 4.931539145746583475e-01 4.638317804805766609e-01 4.732461549875607298e-01 5.148857221551114138e-01 5.090404922741130767e-01 5.242708287320826388e-01 4.538622066577750469e-01 4.888430030831737994e-01 5.089632164885193877e-01 5.390585351153505123e-01 5.064435464345544702e-01 5.294037401606993543e-01 4.959045307789634038e-01 5.160747210859877310e-01 5.313246545197698456e-01 5.426980767396162308e-01 5.377927180948797181e-01 5.382144514920014222e-01 5.563115017764651560e-01 5.561331506885578424e-01 5.421451386824340801e-01 5.522078262571109564e-01 5.482524590553936594e-01 5.440672739027045957e-01 5.561863938622245707e-01 5.534744905759630962e-01 5.468247904401162263e-01 5.422813319080151961e-01 5.545784411829747240e-01 5.381666069772795824e-01 5.441846469172573197e-01 5.418708702950828515e-01 5.419145421805344753e-01 5.464537062805353562e-01 5.236194136442257063e-01 5.518471814865330005e-01 5.524966002673098453e-01 5.501515527513127779e-01 5.546609742756042349e-01 5.401708114270160621e-01 5.366331329593496680e-01 5.333874809822143348e-01 5.398339298193088887e-01 5.417577066841146038e-01 5.546516177766843692e-01 5.527581104512504506e-01 5.527874467419239268e-01 5.391648127073872532e-01 5.514192326106862607e-01 5.511787283386967440e-01 5.454072554744675561e-01 5.482838182986460307e-01 5.535457719302231405e-01 5.541852295930578265e-01 5.566288071584206687e-01 5.418598054130948638e-01 5.521311515767178824e-01 5.458575891684060988e-01 5.562055254521925951e-01 5.494618311728323157e-01 5.554390703232474635e-01 5.504388768770053231e-01 5.600658314500919222e-01 5.569163128453661349e-01 5.573357629837762950e-01 5.630572556601319834e-01 5.540839218554053369e-01 5.522213380156942852e-01 5.618458320286668917e-01 5.606168683440440059e-01 5.574014508637848975e-01 5.623824525505021210e-01 5.559270570627857788e-01 5.559779056389980711e-01 5.540190949947136900e-01 5.433195266516124278e-01 5.546434380982809831e-01 5.597092395445646407e-01 5.581310839278856850e-01 5.531349953940163378e-01 5.566187165102098877e-01 5.579273279967733590e-01 5.563038179666488503e-01 5.420676336043247501e-01 5.530045747619335428e-01 5.521782839919761043e-01 5.531766844477563616e-01 5.561192336169641370e-01 5.579527158203395620e-01 5.558479759126949693e-01 5.545021805296246331e-01 5.523467084757310852e-01 5.542331183872095668e-01 5.524074936839762362e-01
2.445250202722583088e-01 2.018708190553789861e-01 3.262705601531847299e-01 6.273010536091411238e-01 5.053864362213289496e-01 4.837715896347272726e-01 1.000000000000000000e+00 7.554972660251461081e-01 7.564128012741875295e-01 6.421222564381957598e-01 7.619347924627648538e-01 8.087424504037861173e-01 7.418040641495322607e-01 5.829262394692503735e-01 8.462346456085882984e-01 7.819379637012706663e-01 7.508105598554498661e-01 7.542549000899537726e-01 7.723396107765123642e-01 6.118795456455694559e-01 7.921433552845942305e-01 7.894931681445896965e-01 7.914547913628221520e-01 7.699495120065459330e-01 7.738193194752216453e-01 8.253706045567610339e-01 8.029422861154896784e-01 8.061725550324591039e-01 7.949233938823183632e-01 8.018081084476867959e-01 8.218021928339771520e-01 8.260057614348876864e-01 7.905229947344064589e-01 8.060921263025651040e-01 7.860299278721624150e-01 8.008180815346981340e-01 7.966150670153099300e-01 8.144277445876888510e-01 8.106324510790752225e-01 7.961728891695888377e-01 8.011433948170041397e-01 8.084406034025299892e-01 8.188459124820121060e-01 8.255079487833286711e-01 8.300437202640841283e-01 8.171669598884178098e-01 7.861904706676616783e-01 7.850088041117644355e-01 7.748911474349124973e-01 7.936403757925054592e-01 8.157990878338855500e-01 8.046195755857800114e-01 7.970257350913926286e-01 7.816757393835233048e-01 7.813634679491110457e-01 8.104989495644918662e-01 7.758251049626071483e-01 7.916770485610061803e-01 7.916167497856858581e-01 7.954147193122206305e-01 8.039462272437865042e-01 7.918625699671720808e-01 7.765936534003493597e-01 7.922352423286584955e-01 7.946172005705767205e-01 8.054668425758425565e-01 7.939523194414244145e-01 8.110576169036212146e-01 8.294591823322979840e-01 8.081013207382525820e-01 8.073825916978503159e-01 8.057526137158859125e-01 8.249388870844679422e-01 8.131326782157917155e-01 8.107140699200677814e-01 8.081836515213135508e-01 8.110687245011292124e-01 8.145655788425895105e-01 8.159961264540158687e-01 8.171130719776902307e-01 8.119488984041255408e-01 8.168570377581854114e-01 8.097746270140676605e-01 8.129022700862263973e-01 8.096917266487035914e-01 8.151422880821899142e-01 8.108559776172086231e-01 8.035377743838737485e-01 8.030737206925104843e-01 8.038322712741843290e-01 8.059000724937658289e-01 7.957214533226083519e-01 7.999614420520171354e-01 8.051645457850717946e-01 7.754044255385302842e-01 7.839990406472034934e-01 7.869639987487162536e-01 7.871791600781022913e-01 7.874079650057160817e-01 7.956645330237660518e-01 7.950049377112495819e-01 7.860652412187225657e-01 7.858166138203385165e-01 7.907129313576169993e-01 8.078964127383595484e-01 7.896108871184749356e-01 7.880792875285991261e-01 7.849530911216037188e-01 7.925708165307590036e-01 7.817878574861880647e-01 7.837807639573068919e-01 7.877240924416545331e-01 7.856610122925362649e-01 7.915592825737771676e-01 7.951994931900516761e-01 7.942289811963230139e-01
1.783699606314981534e-01 1.535969459289459327e-01 3.391003881635513140e-01 6.001358786057829908e-01 4.863736726383928177e-01 4.543652149140381957e-01 7.554972660251461081e-01 1.000000000000000000e+00 7.395398099960968086e-01 6.369603196926978406e-01 7.411499139367999645e-01 7.961401777251483347e-01 7.321752924048374744e-01 5.797628673143371270e-01 8.056744507919126885e-01 7.823370282715345070e-01 7.311538426116788170e-01 7.088202994510772736e-01 7.467066257340188029e-01 5.735050829293425467e-01 7.339774615013604508e-01 7.578506152842007237e-01 7.570320113170688758e-01 7.282777877434423175e-01 7.292907350599057148e-01 7.814314662762750219e-01 7.707590021908072853e-01 7.727278960938924746e-01 7.312556431562132753e-01 7.491248193118725807e-01 7.788434108330763994e-01 8.071075925301570697e-01 7.584279298484907228e-01 7.858233448461131587e-01 7.502792992379648807e-01 7.720082640056701306e-01 7.703722945072685180e-01 7.970831907350155454e-01 7.863268881411055178e-01 7.815713087691783523e-01 7.878435172926850916e-01 8.015200170838827631e-01 8.037763236627147867e-01 8.090904318646197080e-01 8.033770385069596287e-01 7.947794110627904862e-01 7.854016092257136705e-01 7.815058829299850185e-01 7.754417832994967563e-01 7.951488723936751546e-01 8.071250310343814904e-01 7.872500033618214932e-01 7.917462761761592249e-01 7.749575079536371591e-01 7.735853005155134410e-01 7.941526474817791614e-01 7.670757886937401571e-01 7.857274015091113561e-01 7.833588124467859570e-01 7.851273864197269026e-01 7.958525447679377640e-01 7.811341480416479355e-01 7.699514013953002722e-01 7.809685607893349646e-01 7.854006688408033954e-01 7.894396443883497927e-01 7.857240915089164224e-01 7.951360013821230366e-01 8.068172122658110457e-01 7.905754880295468023e-01 7.930198357593268854e-01 7.913068660614004379e-01 8.025317802014602098e-01 7.932817226445364467e-01 7.942959881390135868e-01 7.956079916008250708e-01 7.968039310245701445e-01 7.922030725971990206e-01 7.985694076332149338e-01 7.908694916702884159e-01 7.935540990671273720e-01 7.952028405971707237e-01 7.965136391608678146e-01 7.927953181721830722e-01 8.039382973368625063e-01 7.993383052705645975e-01 7.918589353267048159e-01 7.950902765960318197e-01 7.923096644488480944e-01 7.915326987618647170e-01 7.989057275224032972e-01 7.891642457966396851e-01 7.897790187326075850e-01 7.977489223678134733e-01 7.747211191778998751e-01 7.801694174086158950e-01 7.888041539784353962e-01 7.802802560402130050e-01 7.824854580467540677e-01 7.924258012840047494e-01 7.907213850759020612e-01 7.816139256288978654e-01 7.851439215773527991e-01 7.881373011981993582e-01 7.964645330179355165e-01 7.800155775304798977e-01 7.843789609925434503e-01 7.792301727358994512e-01 7.837564400036381995e-01 7.813131351050055518e-01 7.810316775822921942e-01 7.816992967902673950e-01 7.812983525484321623e-01 7.848199488473843743e-01 7.840361892309012370e-01 7.836351531214059696e-01
2.066149376336124943e-01 2.249584390257400868e-01 3.390714496673787881e-01 5.589656335342454430e-01 4.761767408192710826e-01 4.796099553540193461e-01 7.564128012741875295e-01 7.395398099960968086e-01 1.000000000000000000e+00 7.456197529402303070e-01 8.058480295302221652e-01 8.390421634148563790e-01 7.692463821233330723e-01 6.113693322680523456e-01 8.497158022812152378e-01 8.374844834076092814e-01 8.154970432815279446e-01 7.495020748636233021e-01 7.918384088025454126e-01 5.640441001993927728e-01 7.579810587052838722e-01 7.952163819047300963e-01 8.020354420045284760e-01 7.653067350451197015e-01 7.721065673222555770e-01 8.613820569644751179e-01 8.356306454429780484e-01 8.187902839290147616e-01 8.130509847545740465e-01 8.067068190292883134e-01 8.419417880725319492e-01 8.688913366493139501e-01 7.845173124230324646e-01 8.306200244496450003e-01 7.985541675177506571e-01 8.164370206994966406e-01 8.144945695842288336e-01 8.551865464582975029e-01 8.461630607164616347e-01 8.092669664592863077e-01 8.629599906430838185e-01 8.551845300876887990e-01 8.458667154871670757e-01 8.724421413822464055e-01 8.619948816692943883e-01 8.489812361644100136e-01 8.673919953415228923e-01 8.753344075794524670e-01 8.625175144022206863e-01 8.583961708633497389e-01 8.667955735280195029e-01 8.473055967541371913e-01 8.623256858429206861e-01 8.764181556358372482e-01 8.758584920836958165e-01 8.728769611248284876e-01 8.684640161478317522e-01 8.666225745498589150e-01 8.714005347181106309e-01 8.745655800400057300e-01 8.729322844731104425e-01 8.783391699899951721e-01 8.688086122249009113e-01 8.715259294191255446e-01 8.700431682137320655e-01 8.824663779545394160e-01 8.716629509758371253e-01 8.758758531444345019e-01 8.763132954876805547e-01 8.522460487566718701e-01 8.718439678452204467e-01 8.732154015626640842e-01 8.682867596153699408e-01 8.633366194596724386e-01 8.732187237012395409e-01 8.719818029331495302e-01 8.648421374007132512e-01 8.766134001119066932e-01 8.728208363665694858e-01 8.737085961990783689e-01 8.681224582462340189e-01 8.732842637348948722e-01 8.640799836858095162e-01 8.649054986686365298e-01 8.675927376274423786e-01 8.708373241398571496e-01 8.590490063048860092e-01 8.662349498838182171e-01 8.651042613171360252e-01 8.695274755599458061e-01 8.514745929707684402e-01 8.642626480307146197e-01 8.691092984201941318e-01 8.665864733304526890e-01 8.606407936900295486e-01 8.674040969481346952e-01 8.599845513967675492e-01 8.680861053403563510e-01 8.678405763436212172e-01 8.652501802325736069e-01 8.579370304643653133e-01 8.692399896490561328e-01 8.643415456045367984e-01 8.683220159346183298e-01 8.761968245022095925e-01 8.706538280291858944e-01 8.691113488731759817e-01 8.675224243892573073e-01 8.703009746068274266e-01 8.652003829274067526e-01 8.608358274886943606e-01 8.708267792137074359e-01 8.682678060255675234e-01 8.728506537632922946e-01 8.733821104228488563e-01 8.757638466334319860e-01
6.060125109611111394e-02 1.950753635419948395e-01 2.929073505645798936e-01 4.434917215909428001e-01 4.102727118300328324e-01 4.658278639069826088e-01 6.421222564381957598e-01 6.369603196926978406e-01 7.456197529402303070e-01 1.000000000000000000e+00 7.197351508931567610e-01 7.547952869024541211e-01 6.975469356357589801e-01 5.577266612987433758e-01 7.468334676765968627e-01 7.772928621992457598e-01 7.319864979431881524e-01 6.015826481226124178e-01 6.699042917350468418e-01 4.748471814456417528e-01 6.159979540198232684e-01 6.762535504881473924e-01 7.000572171373398156e-01 6.426271323230909882e-01 6.503669323986076556e-01 7.590948986988331759e-01 7.440443534587551921e-01 7.294896021014375398e-01 7.011806631231224385e-01 7.027526319139637545e-01 7.591189400528609577e-01 7.842673610646232474e-01 6.936980042488991582e-01 7.507059890196842167e-01 7.096751529536772241e-01 7.454374134007415442e-01 7.448105666523939794e-01 7.799348978449284209e-01 7.702627771351950869e-01 7.412845574355106937e-01 8.019263923959544238e-01 7.916426657874022776e-01 7.706216028526734485e-01 7.964043953354809080e-01 7.830500526255247395e-01 7.767281485619599302e-01 8.152438835155385588e-01 8.232033526293193182e-01 8.118413752275468465e-01 7.862978919446880210e-01 7.980666125053518245e-01 7.667937880418672636e-01 7.903304726217076359e-01 8.212459394029248960e-01 8.179708902738865861e-01 8.074188365148819990e-01 8.014376474938859074e-01 8.074665813919986723e-01 8.138702300770453979e-01 8.165421091135801612e-01 8.152093626028920070e-01 8.142065177214204974e-01 8.098040878075803972e-01 8.125580857522570755e-01 8.086985648485895961e-01 8.119772344262072838e-01 8.182526939769014795e-01 8.034368437135365193e-01 8.029740799327058642e-01 7.819046448443426334e-01 7.965259865048489596e-01 8.030462522296442085e-01 7.843909028811385520e-01 7.844445102260139135e-01 8.135375179706082482e-01 8.105176598609566962e-01 8.062388737574029962e-01 8.097500708324139040e-01 7.994660745754766928e-01 8.016416540983846151e-01 8.014514585050378503e-01 8.085307888150108369e-01 8.039817763790692018e-01 7.981152147527196261e-01 8.051526014214247517e-01 8.048772906980913300e-01 7.962933772717544212e-01 8.105622785750892234e-01 8.062986022949220066e-01 8.110367984155472110e-01 7.965672435140839225e-01 8.117411843316399978e-01 8.118185987837049922e-01 8.073058929342993295e-01 8.169926614702037737e-01 8.192555507562030437e-01 8.057271194584311180e-01 8.041956117293023176e-01 8.186530519452521748e-01 8.123543079996864424e-01 8.075980026684442814e-01 8.159807442492812424e-01 8.129682669220408275e-01 8.148330541546641159e-01 8.123135643962828834e-01 8.127869704935120065e-01 8.148795265973609592e-01 8.206081321575693366e-01 8.182948899161801570e-01 8.165886430183251221e-01 8.155026630482347105e-01 8.193805534035462079e-01 8.191561054943469200e-01 8.184667203619576670e-01 8.150823235663628985e-01 8.162304491697772724e-01
1.515879434199246534e-01 1.934791794387307196e-01 3.931800560211136109e-01 5.984329785399307156e-01 4.741547051117763201e-01 4.964772771958964048e-01 7.619347924627648538e-01 7.411499139367999645e-01 8.058480295302221652e-01 7.197351508931567610e-01 1.000000000000000000e+00 8.644013391557021642e-01 7.760286331189912845e-01 6.191330583438696689e-01 8.557135420691840411e-01 8.397457570750813671e-01 7.882535998800591637e-01 7.491995074532920018e-01 8.076998895228448827e-01 5.511521308741851310e-01 7.596268348382354541e-01 8.204377217347346152e-01 8.270597633839554819e-01 7.780903065203923497e-01 7.948787662713591162e-01 8.689695591519508433e-01 8.586800455684225897e-01 8.574356903590630852e-01 8.272570445518921955e-01 8.345791628057078748e-01 8.806133995854638075e-01 8.735100820263858035e-01 8.258020359170777924e-01 8.539488687666678679e-01 8.228726282345095733e-01 8.554316921048181754e-01 8.661277992985787488e-01 8.760207218429498788e-01 8.752778343974002562e-01 8.541459506191342310e-01 8.752959552508755570e-01 8.771674740235477774e-01 8.694551264243991495e-01 8.830963844118767669e-01 8.891924555473617042e-01 8.800182015991475648e-01 8.727240077104114757e-01 8.748793473426287326e-01 8.573996333127890113e-01 8.575254108036303169e-01 8.787346902907816615e-01 8.431538775159778121e-01 8.642089012719023078e-01 8.666180502545687281e-01 8.646177897495807008e-01 8.864808355570175102e-01 8.421993403328890127e-01 8.725926324386074073e-01 8.697595330279237480e-01 8.714641200012895883e-01 8.790491665027624357e-01 8.710495860395134349e-01 8.574371522874580931e-01 8.681462001299981024e-01 8.673708497576606558e-01 8.732522757710552419e-01 8.763502387569269692e-01 8.863894592446592835e-01 8.911756512855435464e-01 8.573528609182099469e-01 8.862759255062445662e-01 8.855858321792189347e-01 8.816480862709610289e-01 8.820802573263905044e-01 8.886805308915689539e-01 8.887422295057723076e-01 8.839076768600426792e-01 8.885085091350419795e-01 8.913457567049982710e-01 8.909088959201804103e-01 8.898375423201281276e-01 8.958630844600825593e-01 8.828514094560465653e-01 8.814078554733302262e-01 8.852925030758987957e-01 8.905222535015696605e-01 8.877680471226043757e-01 8.826109945652921285e-01 8.854093070061622717e-01 8.837477259743030666e-01 8.807331338454074121e-01 8.798420377111159096e-01 8.855963518994178774e-01 8.854613746557055132e-01 8.689906492885929312e-01 8.763201040562346167e-01 8.664315870373980877e-01 8.557978492878222099e-01 8.717719130626613300e-01 8.771420085594817673e-01 8.753646439849663841e-01 8.687760899500670542e-01 8.720782131782602864e-01 8.750986639668795197e-01 8.829338135347835070e-01 8.647043275116949035e-01 8.708416948060017093e-01 8.757612822361534599e-01 8.775504741514948970e-01 8.707969266560844357e-01 8.727924329280400961e-01 8.736159956143718652e-01 8.743482964659871071e-01 8.743315240634734753e-01 8.788656167996691249e-01 8.746083386595751019e-01
1.422089117406133141e-01 1.940058687501545476e-01 3.655853735472315846e-01 6.496168634025348831e-01 5.065064071847862337e-01 5.292606843227258828e-01 8.087424504037861173e-01 7.961401777251483347e-01 8.390421634148563790e-01 7.547952869024541211e-01 8.644013391557021642e-01 1.000000000000000000e+00 8.211159007313832969e-01 6.426380362293007131e-01 9.074987984032492072e-01 8.902050054058388007e-01 8.280207426678927174e-01 7.770008304040574298e-01 8.389108580165893780e-01 6.203442631261866236e-01 8.094235641282153670e-01 8.513815597428866511e-01 8.545647752982084011e-01 8.104134193443127687e-01 8.271979663537450955e-01 9.062612118051573962e-01 8.912552520533039146e-01 8.871997180210564604e-01 8.514006119568890973e-01 8.642765294936010090e-01 9.129691414258545024e-01 9.120000451415692932e-01 8.577386908440857161e-01 8.863226160669877007e-01 8.586817636752747118e-01 8.918793239745487211e-01 8.941134600438442881e-01 9.104139457173653360e-01 9.117086454344147661e-01 8.923888128507342365e-01 9.180989671808329478e-01 9.222398187645042267e-01 9.178605205771694919e-01 9.324852525184701424e-01 9.316493753301235969e-01 9.204862123739256941e-01 9.176585541376134358e-01 9.153945215693776172e-01 9.041606992777099228e-01 9.051082673122020639e-01 9.242158488499920832e-01 9.000988518598151966e-01 9.148766109656579770e-01 9.085833667306000283e-01 9.069890509726028505e-01 9.215895364494350872e-01 8.914859446672299681e-01 9.172141466735024284e-01 9.128673642942783939e-01 9.168371387973377473e-01 9.267140319726582254e-01 9.159843337806465868e-01 9.064748628887555615e-01 9.116516924583106807e-01 9.134512216521616379e-01 9.214305124265119717e-01 9.196062081037352787e-01 9.257049168448510112e-01 9.347317982040931339e-01 9.133784412000813813e-01 9.273393141916578264e-01 9.263982363865117531e-01 9.227179828996160404e-01 9.221923769156362694e-01 9.302635681149524771e-01 9.290766734736891630e-01 9.279169766704330469e-01 9.266888123202260408e-01 9.318855948231689057e-01 9.282590745934010679e-01 9.286268172025416989e-01 9.357686595325905854e-01 9.251644957377196388e-01 9.233025236833130034e-01 9.293161833289846907e-01 9.293526696944443000e-01 9.276685428227636754e-01 9.249700207958111431e-01 9.272608729135345396e-01 9.234127932553953810e-01 9.260837245073944013e-01 9.234627841308918894e-01 9.263787945975515692e-01 9.299541558681466702e-01 9.131771337171717962e-01 9.175545874599072560e-01 9.160693714813062938e-01 9.070450801886554837e-01 9.174405784946344511e-01 9.217700475281497274e-01 9.222430040117233219e-01 9.151430523553012453e-01 9.185000286624271926e-01 9.209629676611092997e-01 9.283843913368376999e-01 9.131872569006154183e-01 9.175887200909823571e-01 9.163834272243017720e-01 9.205459091904719671e-01 9.169793800535992467e-01 9.154393036661707672e-01 9.178506849229725040e-01 9.177920494839819643e-01 9.188676539945944688e-01 9.211802638780227648e-01 9.204752832786580186e-01
7.711359272495009465e-02 1.598398928894808058e-01 3.267269180144138918e-01 5.530071480525802219e-01 5.062175710721918964e-01 4.971028095113184664e-01 7.418040641495322607e-01 7.321752924048374744e-01 7.692463821233330723e-01 6.975469356357589801e-01 7.760286331189912845e-01 8.211159007313832969e-01 1.000000000000000000e+00 5.839805562910781456e-01 8.323348913989149223e-01 8.411081554685155837e-01 7.548030196054006380e-01 6.935760583077600350e-01 7.554133229013657580e-01 5.585890352418431126e-01 7.115670207693725047e-01 7.686717878148556782e-01 7.671947127388871746e-01 7.228531362830181717e-01 7.416922845051409086e-01 8.343191979836650507e-01 8.038133423207260986e-01 7.918387821736659893e-01 7.479820467360216441e-01 7.829238863167731211e-01 8.148100160758294797e-01 8.371983632316993829e-01 7.567474569564165421e-01 7.994445673285436316e-01 7.852928188362139350e-01 8.047725158852903071e-01 8.168747567483566341e-01 8.277923390370875989e-01 8.319332183299832373e-01 8.052452318767613360e-01 8.563974114992685127e-01 8.549903176938555838e-01 8.488785428964948920e-01 8.644127900934226449e-01 8.541886592730824068e-01 8.437561657937072690e-01 8.647079785668720930e-01 8.626769721195890472e-01 8.528308084071647421e-01 8.383544866597055778e-01 8.513036923573562564e-01 8.237332820778865417e-01 8.574793779338777400e-01 8.545872836824393026e-01 8.521537780601494694e-01 8.559698912108105739e-01 8.309015972527769023e-01 8.623223752789442864e-01 8.492651326702416181e-01 8.670884477302817084e-01 8.686941425664713723e-01 8.553807919196549925e-01 8.472451901385338324e-01 8.532881078944100084e-01 8.546920047711631385e-01 8.610124097164834067e-01 8.643726173522923162e-01 8.647615424368098047e-01 8.671530343970238475e-01 8.503731144106934092e-01 8.631376136223068984e-01 8.629738067599314055e-01 8.554066531354730385e-01 8.536176963159738396e-01 8.723674184756671224e-01 8.664389823059239770e-01 8.630570085661842805e-01 8.554652767794675983e-01 8.596766479030216734e-01 8.620155623641109210e-01 8.640262136282601535e-01 8.623151827922493906e-01 8.607004652426933911e-01 8.582768868886320179e-01 8.657479932603752149e-01 8.631096239217341815e-01 8.613248977050440569e-01 8.646187850109871009e-01 8.658445328899708748e-01 8.654313313400778807e-01 8.602046976519943655e-01 8.673832229917252112e-01 8.679111574228409731e-01 8.686891002223470215e-01 8.640599131373100095e-01 8.659417076825173254e-01 8.680403881577218872e-01 8.605401082754583486e-01 8.680726452996876397e-01 8.669186249983796833e-01 8.702735160463775932e-01 8.669557748682489295e-01 8.677436310309063483e-01 8.694159188363466129e-01 8.700828421315095484e-01 8.617027298304215099e-01 8.680196725934986590e-01 8.654715250273237181e-01 8.671422216203610311e-01 8.667288508840640393e-01 8.634563396511244493e-01 8.690685485881931571e-01 8.650185075416325642e-01 8.686917375474538794e-01 8.654216275478869846e-01 8.668885430887962595e-01
