1.000000000000000000e+00 3.036921104398854210e-01 2.786421346186286341e-01 7.222022235733274731e-02 1.025971732351444038e-01 6.600351760307804350e-02 3.857663196021629808e-03 5.412565758761964801e-02 2.342855546061302918e-01 1.129545152867887647e-01 1.578448860299392631e-01 2.285809844603690216e-02 4.287556738351057384e-02 3.246466252209336684e-02 1.166018550527627567e-02 6.009260614069707185e-02 3.057860810930386197e-01 4.105794201241905195e-01 3.959924924429006343e-01 3.663980859450379768e-01 3.651805911259161652e-01 3.836508566605003057e-01 3.608042367863511513e-01 3.851501761291910020e-01 3.491219731409105909e-01 2.725616223349651146e-01 2.420942863262713907e-01 2.548532377631157475e-01 2.964574943648329297e-01 2.939354517005834944e-01 2.461951570316036342e-01 2.432266593052025416e-01 2.210800816452838102e-01 2.432144909795583565e-01 2.711329121115786389e-01 2.496472609496901418e-01 2.193193823332800219e-01 1.115796658311084266e-01 1.898657489911441676e-01 1.435099567765329154e-01 8.991877483603595567e-02 7.560294232814986082e-02 1.165680041359706820e-01 1.104123051884383366e-01 1.783809094814170770e-01 9.680146562286648382e-02 2.295159582534056844e-02 6.927902520271558839e-02 7.377874793749811255e-02 8.756215058448905963e-02 8.283582289391795694e-02 1.328044353097818653e-01 4.037168211955046576e-02 1.129268836153115713e-01 1.359169402427839735e-01 1.640363773967572492e-01 1.182255983871250277e-01 6.190156311138914069e-02 5.000954334163244114e-02 7.516139746442077052e-02 5.747706142928395850e-02 6.125266823889747442e-02 5.473715615943171992e-02 8.340679646007409520e-02 1.608685565199688139e-01 1.068942804537543756e-01 8.253860331529457028e-02 1.493606684920324446e-01 1.375829176094251483e-01 1.642809004668221995e-01 1.638516927608333063e-01 1.549394261503471149e-01 1.631750199279766167e-01 1.743760337359936685e-01 1.077165661949614495e-01 9.856533467042563612e-02 1.023845487313145841e-01 1.430168997277250498e-01 1.102652260349734209e-01 1.401320465165480089e-01 1.332734852228725508e-01 9.442948305964961320e-02 1.457721135876751950e-01 1.304536215723188508e-01 6.997964564038551549e-02 1.051292079407126212e-01 1.245470457186646646e-01 5.226198374608492098e-02 6.992955154830536590e-02 1.203268415150072490e-01 6.006967760259125655e-02 2.338663359476367276e-02 5.539845958058183667e-02 5.345981273619496849e-02 1.884564891658811053e-02 3.464541364744241209e-02 9.065955032084569917e-03 5.908985085681518756e-02 2.741471300681952439e-02 4.153219617440114669e-02 3.590415132418732502e-02 2.211316705602045171e-02 2.338580922720382219e-02 2.579650567644889078e-02 8.812105516458490495e-02 6.392161894478827489e-02 4.562162695697300624e-02 5.126930669895455456e-02 7.718988285409704442e-02 3.851003920446050000e-02 3.951807939159005661e-02 3.691485743903132749e-02 4.037855371395959042e-02 4.367420174842683717e-02 8.996369642521258314e-02 5.637808259480618644e-02
3.036921104398854210e-01 1.000000000000000000e+00 2.107619236981568556e-01 1.397194875734901753e-01 1.643599719391667657e-01 1.299857101086249189e-01 1.098562577581778249e-01 1.686261900503011057e-01 2.439836936272933576e-01 2.234254861956844196e-01 2.012665821159545232e-01 1.424399669032442028e-01 1.662970127421719568e-01 1.375544972948316846e-01 1.495780854532935411e-01 1.773153938946806785e-01 2.644144095552680152e-01 2.811305908677292908e-01 2.870614812194355880e-01 2.687751873603890784e-01 2.520315560427964785e-01 2.977739320819686175e-01 3.148888368317167008e-01 2.850519283950731508e-01 2.828313455793514675e-01 2.968844985675671011e-01 2.635427784489735581e-01 2.773426705674634229e-01 2.762005092316384691e-01 3.017271448995595962e-01 2.832457628507571434e-01 2.557906360922725941e-01 2.632468223731936341e-01 2.376098777404045403e-01 2.765315244707986508e-01 2.638826810382472465e-01 2.647492531117378589e-01 2.035350506878738086e-01 2.410231904005652737e-01 2.282683826651537018e-01 2.025332610509912867e-01 1.880954093308800090e-01 1.944252781628140747e-01 2.062823493584632906e-01 2.368244800053462551e-01 2.060043092129414666e-01 1.567197837532459670e-01 1.944556624192861349e-01 1.819771869865312863e-01 1.605267090898117865e-01 1.809665588633768418e-01 1.913770236807108005e-01 1.538643335449624006e-01 2.216454885594486834e-01 2.345940629722735038e-01 2.457850471176813989e-01 2.131247442454410057e-01 1.871947636907186630e-01 1.756181606491440672e-01 1.871218478260027740e-01 1.742393925164417157e-01 1.850929153155748130e-01 1.805572012532830894e-01 1.816392195858585190e-01 2.267241434713911929e-01 2.068328214074225679e-01 1.893670473938374454e-01 2.136553509327656919e-01 2.241406975940960222e-01 2.195408779287175982e-01 2.165513474382289305e-01 2.227775754541744535e-01 2.138826231201605421e-01 2.245317277245597598e-01 2.046504870247370933e-01 2.030748118558954873e-01 2.060161207078864964e-01 2.165083857237700971e-01 2.080294533101074150e-01 2.261010608499388896e-01 2.147789647607798169e-01 2.035920108089104008e-01 2.296857934115826005e-01 2.198706816341681192e-01 1.750509578232509467e-01 1.924920090919567395e-01 2.116109618164691009e-01 1.818803943135090528e-01 1.839370010065954353e-01 2.254203436070538191e-01 1.849833655762521123e-01 1.636300009826456292e-01 1.785039668500436327e-01 1.777600420178598872e-01 1.554789062945083900e-01 1.725499392566709478e-01 1.438146088052974503e-01 1.639821776976197465e-01 1.564056843354294235e-01 1.695251768269936954e-01 1.619929221441835376e-01 1.603980921065615017e-01 1.552260830307657657e-01 1.593100452856391902e-01 1.846424095102431329e-01 1.887463368873615044e-01 1.718662302440486789e-01 1.850934611355309067e-01 2.012869671115120607e-01 1.696039147619694265e-01 1.768890456076111783e-01 1.691957802605706662e-01 1.769182648045982131e-01 1.656868338993952861e-01 1.892621315911727775e-01 1.807422684338569896e-01
2.786421346186286341e-01 2.107619236981568556e-01 1.000000000000000000e+00 3.712991024499635029e-01 2.346014577834367731e-01 2.498172839314762028e-01 2.965113930905603490e-01 3.140225406255029439e-01 4.265517871614548095e-01 3.338812711100471731e-01 4.283218630346840028e-01 3.543106928916593956e-01 3.276597860883198043e-01 2.932500390085031605e-01 3.303089503039377539e-01 3.570035204276839069e-01 4.620278812725344131e-01 5.041466001877478176e-01 5.361553524090268974e-01 3.988550612667938200e-01 4.712162663860650635e-01 5.404702087455480752e-01 4.916539436721647505e-01 5.028540194114980988e-01 5.253820506154182057e-01 4.740499814562709746e-01 4.743420718763962651e-01 4.797412266633627187e-01 5.121475497941274657e-01 5.153136291770779032e-01 4.929550860432929671e-01 4.475632526880270468e-01 4.298097017859327518e-01 4.505097463560080451e-01 4.772698538631281462e-01 4.741401695017126716e-01 4.675288846258751074e-01 3.742786599889572074e-01 4.414822888303906456e-01 4.140233601282113374e-01 3.865745148816213672e-01 3.822057240595960192e-01 4.074844853158089419e-01 4.077391024780648854e-01 4.572247978381573930e-01 3.902062622576501494e-01 3.487532962263549807e-01 3.683828126869830299e-01 3.676598607078025438e-01 3.778806229976673925e-01 3.800147029335457782e-01 4.174971443394381310e-01 3.559662053720372143e-01 3.765641893062852130e-01 3.831212499563454443e-01 4.128744212467824748e-01 3.704947462430116523e-01 3.600150758812741270e-01 3.437253854589206181e-01 3.694282025149533411e-01 3.638915121173832978e-01 3.496064238048015582e-01 3.438022943359113071e-01 3.765451240203005479e-01 4.213807651753651018e-01 3.834866234969956378e-01 3.745208375002124779e-01 4.355779128258660537e-01 4.116162154519282801e-01 4.163844877451872151e-01 4.545073590321074275e-01 4.415535279886080300e-01 4.258218308253946538e-01 4.517794418678086621e-01 4.086171668259879763e-01 4.105622205182837825e-01 4.052042078251584245e-01 4.360701052050603432e-01 4.201700023030724429e-01 4.364758565958282710e-01 4.227808965002066155e-01 4.101029509472389756e-01 4.200576383583887186e-01 4.213840702016832251e-01 3.732788141950549310e-01 3.922920359947758562e-01 4.158048362841189061e-01 3.579320620205464487e-01 3.813038537633328118e-01 4.080546435889082502e-01 3.785058993527129489e-01 3.519059495355050249e-01 3.763837966160737403e-01 3.712805317199982524e-01 3.392273349895244539e-01 3.445489286469696211e-01 3.323136052800224061e-01 3.511075018128189118e-01 3.442716903271497153e-01 3.587838298436171747e-01 3.607253312612591079e-01 3.387161826197930825e-01 3.485998916329678399e-01 3.502453870500706890e-01 3.884524690707129024e-01 3.526835333574444009e-01 3.467806928851644432e-01 3.584500811814167465e-01 3.760957246535677756e-01 3.524552913633150486e-01 3.518742544879843170e-01 3.504883110307974170e-01 3.450516975805149045e-01 3.530657724050292323e-01 3.845689556158543021e-01 3.588053988354290014e-01
7.222022235733274731e-02 1.397194875734901753e-01 3.712991024499635029e-01 1.000000000000000000e+00 3.666036634748153777e-01 3.627479291521565896e-01 5.425285265506510912e-01 5.343851638882352040e-01 5.054412868451592100e-01 4.689108324661361293e-01 5.889077000012067353e-01 6.349033369587891995e-01 5.647894502940260519e-01 4.965482459609835697e-01 5.731790607696960471e-01 5.842439340109849555e-01 4.798467335428989178e-01 4.663102705859760166e-01 4.851271349072567296e-01 4.588431502515212812e-01 5.040031979298712494e-01 5.259188517028865473e-01 4.809736662403321095e-01 4.693175308279823321e-01 5.184143781805922169e-01 5.398182416840200393e-01 5.831799452181261056e-01 5.687118400602427792e-01 5.267319637222835915e-01 5.492918982319651144e-01 5.750142309285030118e-01 5.578306584471949270e-01 5.227864538855202525e-01 5.286826202213158465e-01 5.212391208844625590e-01 5.635582783504091697e-01 5.483572839010210087e-01 5.607331293267628913e-01 5.756578321149238286e-01 5.959628871360227453e-01 5.743120833264035996e-01 5.867420760233831301e-01 6.154413350413908690e-01 5.912793895162786750e-01 5.923009099682138290e-01 5.662834832017795694e-01 5.698896242439518423e-01 5.687563445814035612e-01 5.800701485132908619e-01 5.791510177964492856e-01 5.893068491709458900e-01 6.041794433401906916e-01 5.808626646759221801e-01 5.605333874307765196e-01 5.642948042595662406e-01 5.629057004217835614e-01 5.821733304721526947e-01 5.753628158350614363e-01 5.636608561449971688e-01 5.779173557448221699e-01 5.878283468474416740e-01 5.664434793369939047e-01 5.740643435988531662e-01 5.917971777165370595e-01 5.746961343754088958e-01 5.832645422028878146e-01 5.681845025596284904e-01 5.799230017863901132e-01 5.816697572250754122e-01 5.927705712126416504e-01 6.011472059982904126e-01 5.887636125196550330e-01 5.668544233860651760e-01 5.883072745241879620e-01 5.917246230583323996e-01 5.936970916395014619e-01 5.755611971710787866e-01 5.767023310403185388e-01 5.837777431448608612e-01 5.865137918434873976e-01 5.779288464854708263e-01 5.866768456541999743e-01 5.820357888700047333e-01 5.815026641364555715e-01 5.758530548608271626e-01 5.699061884422553792e-01 5.791329259202770974e-01 5.693281610991746122e-01 5.768064706041795553e-01 5.906856444665673500e-01 5.901449444426254409e-01 5.725955002492987278e-01 5.817435394991475883e-01 5.806608269781065035e-01 5.632062979004167635e-01 5.649143236124124501e-01 5.791426788351973221e-01 5.820234009603202363e-01 5.751663597538748673e-01 5.759131228574303485e-01 5.894716580708799780e-01 5.754111030922242076e-01 5.733143044943552757e-01 5.782087932163280097e-01 5.907125861992258420e-01 5.776845431847097423e-01 5.684373943185113687e-01 5.606814097920631568e-01 5.771714634293046986e-01 5.672987162451874621e-01 5.675549533950692283e-01 5.694937396836072807e-01 5.712023708788402931e-01 5.742247496018729747e-01 5.738624229162615498e-01 5.739760801066786655e-01
1.025971732351444038e-01 1.643599719391667657e-01 2.346014577834367731e-01 3.666036634748153777e-01 1.000000000000000000e+00 2.772379424662989589e-01 4.386341833639079701e-01 4.650191289190645505e-01 4.697288823647350342e-01 4.325407543262032029e-01 4.712746361955461594e-01 5.103603471231957789e-01 5.020209812398507276e-01 4.542863392158771330e-01 5.088979789841096002e-01 5.166261475684751359e-01 4.072941056103130397e-01 3.671186528326477738e-01 3.644074284355616755e-01 3.437243813349244448e-01 3.327157726891466494e-01 4.022021347976152406e-01 3.999211883571698878e-01 3.918991100004747818e-01 3.991472162432814219e-01 4.687023587234916966e-01 5.027619000624169443e-01 5.170095195041859437e-01 4.539787332819550936e-01 4.831505697440898195e-01 4.890186434550058414e-01 4.834085150971375033e-01 4.941746886151752727e-01 4.783416456637537562e-01 4.829543581519201711e-01 4.826294200972484627e-01 4.963389471145680520e-01 5.128569726945289009e-01 5.148752488274097594e-01 5.137513653543075431e-01 5.310621501001050460e-01 5.207348420291452173e-01 5.253629647718682794e-01 5.269996835836162630e-01 5.030682463514503100e-01 5.146480167706890541e-01 5.128305000991868479e-01 5.259903364354959754e-01 5.169108263200912212e-01 4.998881943137472028e-01 5.209212343578411009e-01 4.976332407018059789e-01 5.061475383587208388e-01 5.288849329506962738e-01 5.173064395048820874e-01 5.061520700787797145e-01 5.203348700841086139e-01 5.185675403504511616e-01 5.146327069138951771e-01 5.318173319459018611e-01 5.269610944322732360e-01 5.240566841207175974e-01 5.152178472982523738e-01 5.158472511847984610e-01 5.148568660892463011e-01 5.243195392927594289e-01 5.198639751701776834e-01 5.098938246743813796e-01 5.120975698622932670e-01 5.063086704827108875e-01 5.029259914019439393e-01 5.175218482927577135e-01 5.089876568924446287e-01 5.078773209929490218e-01 5.302148879559263062e-01 5.240912082197763944e-01 5.225397101742564887e-01 5.169306483518054662e-01 5.217278900050456025e-01 5.221091657468734937e-01 5.192167689262940922e-01 5.260821067244307869e-01 5.152990148795516534e-01 5.190766612241957123e-01 5.132738972242117947e-01 5.198806957310087018e-01 5.209244656290994424e-01 5.161346917348678121e-01 5.209524213312061169e-01 5.181521522611334252e-01 5.166539483675429700e-01 5.217145763184640739e-01 5.243275895718576551e-01 5.253362764306529487e-01 5.179735730920359549e-01 5.242873485215548968e-01 5.088533944041955248e-01 5.199465844383224233e-01 5.187612386431843525e-01 5.145550924789343838e-01 5.231808907791150043e-01 5.152351798364112057e-01 5.214274409909726016e-01 5.211838753924659118e-01 5.202066525809613262e-01 5.272853308329896738e-01 5.217411325285397083e-01 5.235900505168261665e-01 5.257464575911139359e-01 5.206765516066351740e-01 5.221635937497779434e-01 5.250001998243968293e-01 5.261326497425417026e-01 5.216093953034471875e-01 5.205870121551372520e-01 5.256932703495840187e-01
6.600351760307804350e-02 1.299857101086249189e-01 2.498172839314762028e-01 3.627479291521565896e-01 2.772379424662989589e-01 1.000000000000000000e+00 5.024200801188085652e-01 4.741030931011390726e-01 5.040878660411507450e-01 4.835123229275892776e-01 5.200655018452199352e-01 5.435237688044334270e-01 4.998943236726794970e-01 5.014374719180482165e-01 5.586181509696621639e-01 5.552987172496131052e-01 4.931226371888713378e-01 4.187026151101723159e-01 4.249415313858357912e-01 3.931267973800575688e-01 4.106628305674879797e-01 4.513729696763802424e-01 4.465638631184457030e-01 4.475706469341775851e-01 4.667535155303335070e-01 5.131684289196973836e-01 5.280393470790739618e-01 5.294371026813888825e-01 4.805399572373950101e-01 5.079440380322453041e-01 5.452494321040102232e-01 5.368147909545775143e-01 5.221547249848044192e-01 5.334969135136804486e-01 4.985223474369670504e-01 5.397313267538172976e-01 5.466571898588907796e-01 5.581149766391949596e-01 5.602956457568736282e-01 5.602232921955350164e-01 5.691520399923669649e-01 5.758680689504650507e-01 5.624681748793943781e-01 5.793686014528737216e-01 5.749852000597097668e-01 5.705529560960822533e-01 5.783488940719806459e-01 5.837749335092048408e-01 5.802483551972883458e-01 5.681276940620886284e-01 5.686929760122400035e-01 5.678190447799942309e-01 5.749640970250503580e-01 5.811665205869681605e-01 5.689962505663890280e-01 5.662982961738106669e-01 5.794759922962015031e-01 5.803024812414055988e-01 5.760772488842522687e-01 5.830264860014613415e-01 5.772294472488723738e-01 5.820565429413819825e-01 5.753974651515545435e-01 5.811194447860420498e-01 5.719582790103979741e-01 5.844889168099456356e-01 5.799426472560095247e-01 5.802262091654868392e-01 5.785571165547015449e-01 5.723252490668643278e-01 5.757737853145789009e-01 5.783668790982765540e-01 5.728147960936647021e-01 5.735583232302836620e-01 5.793735720259927113e-01 5.803138739098456789e-01 5.793519908479951575e-01 5.667844118017577593e-01 5.751411897535828599e-01 5.731774407064231802e-01 5.752300490265446209e-01 5.786112600468240608e-01 5.834787462748508569e-01 5.764417931371059733e-01 5.782692533477676866e-01 5.824996536883937370e-01 5.816667144245381005e-01 5.819518105653290752e-01 5.796682773941836953e-01 5.813283072007909835e-01 5.789462273094569955e-01 5.787209881153827506e-01 5.796987160056091826e-01 5.804287310750523288e-01 5.772533960476146087e-01 5.794177732955394511e-01 5.731693632774678138e-01 5.759184436272517527e-01 5.791139577587334220e-01 5.784554169244650046e-01 5.766833441009366901e-01 5.809461775109582282e-01 5.794580608633845831e-01 5.790574834507016266e-01 5.855938463752695666e-01 5.840827151949349316e-01 5.820792572518705965e-01 5.793793196930220324e-01 5.816075633474361295e-01 5.795185197562303658e-01 5.810673468512826956e-01 5.814835222783221180e-01 5.821314553220380272e-01 5.817588798549381268e-01 5.787713583971053621e-01 5.833182130978102897e-01
3.857663196021629808e-03 1.098562577581778249e-01 2.965113930905603490e-01 5.425285265506510912e-01 4.386341833639079701e-01 5.024200801188085652e-01 1.000000000000000000e+00 7.098348006909053209e-01 6.784374329098786793e-01 6.498153164311385455e-01 7.207983103530870572e-01 7.926982179555331909e-01 7.342858793583095789e-01 7.245664438762053905e-01 8.369184286126067907e-01 8.010590469164656779e-01 6.012227933894483956e-01 4.535468727739845329e-01 4.705831346267241866e-01 4.303117402641293276e-01 4.451572062162298393e-01 5.200695172321829762e-01 5.376718365011315948e-01 5.016133919519254469e-01 5.532863850099408731e-01 6.737845214571569485e-01 6.988494064374419779e-01 7.027937756755651133e-01 6.072672322238927833e-01 6.401055804460511478e-01 7.003162987857001198e-01 7.038338298841142482e-01 6.987198132292291586e-01 6.779514708179563698e-01 6.368643144779488896e-01 6.905654687123189417e-01 7.111753962789122419e-01 7.811193038924765242e-01 7.582877749989951344e-01 7.819325086732917818e-01 8.034670483166298505e-01 8.093596400670476365e-01 7.994248118284099647e-01 7.990338358769223381e-01 7.631076643930471137e-01 7.967273203716427332e-01 8.198749515724659265e-01 8.144544171701759705e-01 8.094934594191671717e-01 7.932345569238585803e-01 8.064714667544605753e-01 7.761649586210724872e-01 8.108987117541044398e-01 7.962959632058161930e-01 7.807094788355367632e-01 7.693837566548303863e-01 7.953090619870618605e-01 8.081539291367033639e-01 8.110588897894986937e-01 8.128518784075395853e-01 8.198154789370258877e-01 8.120396271048645476e-01 8.115432640651975005e-01 8.125097507894830651e-01 7.709043114290068388e-01 7.996568827685207603e-01 8.095101113176026431e-01 7.747101329760732735e-01 7.936075133591649067e-01 7.595122417658413116e-01 7.641664671821524202e-01 7.812648414493796878e-01 7.622042496045022819e-01 7.674020532532442873e-01 8.090994432746656528e-01 8.038655655781692388e-01 8.030765597453665139e-01 7.737317163754052762e-01 7.948088860143969203e-01 7.816559523132614595e-01 7.908790552530102769e-01 8.055937535301974650e-01 7.908533378554148952e-01 7.914294680528511927e-01 8.133807169074372956e-01 8.020064882422468511e-01 7.956573770430205306e-01 8.209383916949277715e-01 8.183784452448316094e-01 8.049049593337822550e-01 8.225398645215128424e-01 8.267445618612118130e-01 8.214207920807053975e-01 8.225928290539600285e-01 8.239649258348258343e-01 8.229646771917372705e-01 8.310162122521120853e-01 8.156536563240333049e-01 8.276442982875369392e-01 8.213401590223029514e-01 8.293868703091510364e-01 8.293654598920316978e-01 8.232438069395022762e-01 8.263204660478457031e-01 8.140803054153494811e-01 8.174990460898148292e-01 8.224366226552013437e-01 8.173969733640039648e-01 8.158941161754803550e-01 8.222805153593698568e-01 8.210826429566804308e-01 8.221096663112804626e-01 8.223227862419533185e-01 8.233378518640848132e-01 8.057638976074023018e-01 8.167444730323843993e-01
5.412565758761964801e-02 1.686261900503011057e-01 3.140225406255029439e-01 5.343851638882352040e-01 4.650191289190645505e-01 4.741030931011390726e-01 7.098348006909053209e-01 1.000000000000000000e+00 6.913248034478178816e-01 6.507618635756234893e-01 7.274458806814724232e-01 7.706725613249921780e-01 7.136506248465618318e-01 6.961754216808100360e-01 7.929439363977001110e-01 7.967478899045050689e-01 6.331111200738911426e-01 5.293034720141623906e-01 5.378166588860230357e-01 4.984061663565830802e-01 5.298385020554605696e-01 5.955019876205323026e-01 5.923403323747946647e-01 5.725409371762028021e-01 6.100108039040365027e-01 7.017450306351503686e-01 7.176986385073670371e-01 7.300180756298989548e-01 6.583446953860470074e-01 6.807510555440337008e-01 7.194992334874060758e-01 7.285358807519214386e-01 7.248014500436661400e-01 7.146037955920190310e-01 6.817474613016519802e-01 7.211002464592163319e-01 7.257615462376351134e-01 7.886377696194017961e-01 7.692204444695521781e-01 7.828261758729401221e-01 7.879690251890912878e-01 7.912280240703457590e-01 7.920219975394547918e-01 7.949624447160116292e-01 7.710187476255293548e-01 7.843414401044572770e-01 7.887586422709376155e-01 7.923569802422272268e-01 8.017890399127948209e-01 7.908979152840652782e-01 7.984118405025810716e-01 7.755468189528733625e-01 7.863136213700822053e-01 7.842563595680119848e-01 7.794918431146918847e-01 7.687819145334343629e-01 7.941114565512261692e-01 7.915826786433473039e-01 7.945316624210956302e-01 7.973060342738407247e-01 7.998121855144159076e-01 7.964683311306908209e-01 8.016154886147989211e-01 7.986073027098276045e-01 7.685066664875939146e-01 7.935826024918898325e-01 7.852347843340656830e-01 7.712825506160924105e-01 7.860139104065224647e-01 7.669985391853011425e-01 7.715332415060965898e-01 7.764313684026069584e-01 7.630416260162070641e-01 7.693218676476092366e-01 7.905732255562235578e-01 7.874896763783552078e-01 7.866353661091126659e-01 7.722484257348872783e-01 7.808500008355286903e-01 7.681319304583711371e-01 7.723431178809041509e-01 7.834042286172114844e-01 7.854953684921398560e-01 7.824898414450011108e-01 7.951740096464791074e-01 7.909608776565972832e-01 7.832744260898411026e-01 7.973359770212429254e-01 7.924511300206594777e-01 7.896803687664020188e-01 7.937909345054681154e-01 7.922033374572017284e-01 7.882858592341723813e-01 7.916838088542779150e-01 7.894706834480930135e-01 7.895734626697753500e-01 7.955938605436304600e-01 7.988027454610708844e-01 7.985654140597834294e-01 7.973785697943550632e-01 7.971152664877402261e-01 8.011211368621588003e-01 7.896405273309852202e-01 7.972965846507413801e-01 7.948166147580670859e-01 7.994492611317259856e-01 7.956634403827295143e-01 7.892794100533030432e-01 7.968061069300406141e-01 7.954909798587528336e-01 7.942504919445469991e-01 7.915414449394483354e-01 7.968993952188316854e-01 7.943404211624228717e-01 7.844414618972380682e-01 7.931845670225546874e-01
2.342855546061302918e-01 2.439836936272933576e-01 4.265517871614548095e-01 5.054412868451592100e-01 4.697288823647350342e-01 5.040878660411507450e-01 6.784374329098786793e-01 6.913248034478178816e-01 1.000000000000000000e+00 7.385089153906434500e-01 8.060345066772621747e-01 7.838623742774646352e-01 7.346426429173316119e-01 7.301915053324348204e-01 7.975860947561150827e-01 8.017743980138438697e-01 8.093528849463571540e-01 7.190309912200282261e-01 7.250521371545741722e-01 6.622125594758498934e-01 6.748987508474298957e-01 7.563155587300524063e-01 7.546773883895384616e-01 7.590473028167085134e-01 7.660113354959495746e-01 8.341917954888948827e-01 8.486789610105155424e-01 8.609022007803036614e-01 8.148141594278097699e-01 8.314692647520047775e-01 8.619671566189842649e-01 8.510194381500275629e-01 8.258852325474368428e-01 8.429914267873127587e-01 8.065650797341600287e-01 8.411854663609789062e-01 8.550189152872230691e-01 8.524900250451206141e-01 8.701637051579619309e-01 8.530882164924462607e-01 8.559146738785288200e-01 8.530204194006768548e-01 8.446639005683974633e-01 8.653889402319145940e-01 8.761856871030606619e-01 8.618659080872723699e-01 8.355104524034775437e-01 8.590777982132969948e-01 8.482722982502994835e-01 8.372358379374900128e-01 8.503333708571407801e-01 8.329129731889260979e-01 8.300144129177359220e-01 8.596866487757097719e-01 8.481396046363214314e-01 8.638379012530926770e-01 8.452775627522689517e-01 8.477848904070378611e-01 8.420576543976783235e-01 8.564106641733048031e-01 8.443778313862715379e-01 8.470128013871311978e-01 8.323743548325377439e-01 8.495247782210921805e-01 8.741352641257109646e-01 8.599953687563444138e-01 8.611135844156110331e-01 8.760587304512033047e-01 8.706807798694866651e-01 8.646855721732117361e-01 8.656753869715565486e-01 8.757541090947470463e-01 8.742241485581058180e-01 8.691402381725970017e-01 8.697505502388224174e-01 8.678683443924998242e-01 8.695207770578916584e-01 8.734593689727376820e-01 8.700479799219501542e-01 8.720230209615429384e-01 8.713420541225427307e-01 8.661424379389210948e-01 8.774766142281709147e-01 8.723312158416421935e-01 8.524319976868988125e-01 8.679050710154541104e-01 8.744304605752899473e-01 8.518285053013531227e-01 8.580819309397677008e-01 8.645309367405874523e-01 8.480797096995184026e-01 8.397280910352260541e-01 8.514592194591174001e-01 8.534006405598772993e-01 8.351705734464376363e-01 8.420944023205569895e-01 8.154556220564018743e-01 8.360769017495249811e-01 8.362905957073987206e-01 8.445818262247324348e-01 8.375598424640929851e-01 8.331236789154928823e-01 8.345776321579199131e-01 8.381682449255317691e-01 8.598887532850337800e-01 8.438945507451443007e-01 8.446350613842055211e-01 8.491092096879108153e-01 8.575633233397694788e-01 8.462981836742836661e-01 8.447492769461634188e-01 8.439105221674406687e-01 8.430800093449887234e-01 8.434552188683498430e-01 8.634588928025463961e-01 8.468312394554343703e-01
1.129545152867887647e-01 2.234254861956844196e-01 3.338812711100471731e-01 4.689108324661361293e-01 4.325407543262032029e-01 4.835123229275892776e-01 6.498153164311385455e-01 6.507618635756234893e-01 7.385089153906434500e-01 1.000000000000000000e+00 7.202513980753650902e-01 7.314604034656175813e-01 6.851261242904629345e-01 6.997772080852616705e-01 7.632175480080014562e-01 7.565862131293613624e-01 6.760500751108569073e-01 5.681640909446578069e-01 5.803451405403314833e-01 5.125464343010494028e-01 5.234328703022413931e-01 6.132013042770043665e-01 6.262208643517405138e-01 6.149887543168613968e-01 6.421670594421248213e-01 7.306058771465926416e-01 7.394199146145673529e-01 7.529972386329029099e-01 6.951028481683997340e-01 7.146750486638118183e-01 7.615035100272646851e-01 7.367097039170744655e-01 7.235648744051814685e-01 7.170178679800522925e-01 6.907045227168606694e-01 7.305176165885532980e-01 7.628727052509433060e-01 7.772561773716029077e-01 7.755326421074256737e-01 7.696388621040924916e-01 7.955282370741308950e-01 7.929397372662863042e-01 7.679020285507514032e-01 7.931591349961286674e-01 7.864770443146115175e-01 7.924607473634309729e-01 7.886338965664184686e-01 8.090992192745278810e-01 7.853280524087483672e-01 7.589359871180814121e-01 7.749973648142265414e-01 7.530982546441304937e-01 7.766502172907749912e-01 8.009986035510681113e-01 7.803727364882683259e-01 7.828065281181231239e-01 7.740753471258887686e-01 8.002366528707965943e-01 7.899001540627079709e-01 7.985461125497121948e-01 7.845175041802191496e-01 7.931599578264900696e-01 7.811740220351297559e-01 7.813731608509104642e-01 7.866948840851248903e-01 7.959659262357061671e-01 7.993322368909971942e-01 7.928849493070054821e-01 7.976876414991256325e-01 7.732935604036500488e-01 7.769034015506863788e-01 7.921710296859781897e-01 7.865585549675944144e-01 7.847346669356608517e-01 7.978983776331451949e-01 7.986671460499907838e-01 8.015945496528849024e-01 7.924062268733430558e-01 7.992706214311183777e-01 7.933412064933570429e-01 7.938007094503487515e-01 8.022329701845686278e-01 7.992734708442105207e-01 7.936104067788287697e-01 7.879068625833910433e-01 7.957656465349246533e-01 8.003444870280971291e-01 7.995707204397562995e-01 7.992734370598147953e-01 7.989513593791357504e-01 7.919661882391920704e-01 7.949452151213654005e-01 7.955978429676852093e-01 7.989481726042327869e-01 7.927809837460481068e-01 7.983529611135576909e-01 7.678742456909776193e-01 7.782804961468009486e-01 7.869769094425830280e-01 7.918483502238236049e-01 7.826813089999183903e-01 7.888591777257424331e-01 7.865476061447441714e-01 7.890207523418828472e-01 7.952761485848752754e-01 7.941158991830121749e-01 7.953745574528161555e-01 8.005588512345077623e-01 8.035588213461551943e-01 7.969062684891011772e-01 8.009808708053929305e-01 7.961134146847517190e-01 7.983130216706582072e-01 7.910062083428165414e-01 7.960601738385546522e-01 7.989214530867764230e-01
1.578448860299392631e-01 2.012665821159545232e-01 4.283218630346840028e-01 5.889077000012067353e-01 4.712746361955461594e-01 5.200655018452199352e-01 7.207983103530870572e-01 7.274458806814724232e-01 8.060345066772621747e-01 7.202513980753650902e-01 1.000000000000000000e+00 8.451668303263186743e-01 7.674829691421359845e-01 7.575747588941508237e-01 8.363369720496638404e-01 8.335701675215542172e-01 7.744010596194405016e-01 6.978015359615331592e-01 7.106391133656454473e-01 6.471979835113196300e-01 6.744232026970199412e-01 7.509142488870871324e-01 7.352672679849556747e-01 7.319632772121672515e-01 7.573404728304483635e-01 8.314063754910676618e-01 8.492905593707146261e-01 8.645454387029771759e-01 8.052954610132890823e-01 8.301726761373932062e-01 8.630624042943169094e-01 8.495714410552550611e-01 8.240254341455102161e-01 8.380100021165159951e-01 8.107001253255814444e-01 8.434590619453058435e-01 8.593751504261630814e-01 8.696113473975733976e-01 8.810635819142752512e-01 8.757718537293635030e-01 8.770566854429294734e-01 8.761586211012302172e-01 8.768353461953442007e-01 8.883585953777395350e-01 8.846205872849167706e-01 8.782592108034589229e-01 8.657506250278292903e-01 8.753506237891750530e-01 8.726342643661415543e-01 8.647546002466447446e-01 8.792511757245707882e-01 8.637724525663342812e-01 8.545419011584264313e-01 8.755970311165179876e-01 8.691170793593825383e-01 8.766753723484749239e-01 8.709196866702554329e-01 8.742875810481942622e-01 8.701937625289580813e-01 8.787813481150843486e-01 8.777891432788779147e-01 8.714503649551705866e-01 8.649605382098480844e-01 8.811460860847424303e-01 8.834285399549116624e-01 8.788214882905135417e-01 8.795183837885206524e-01 8.904569476838591902e-01 8.875725170524073615e-01 8.835042011080586066e-01 8.893355910002131992e-01 8.930888695025278601e-01 8.831085889515065679e-01 8.861706238707548478e-01 8.928270231893413733e-01 8.907388925032145854e-01 8.842342603669216539e-01 8.861641965830048262e-01 8.863689109178145564e-01 8.901952232301562074e-01 8.920383109603835514e-01 8.882329597371800833e-01 8.903293073220620579e-01 8.903668908331254794e-01 8.776330259962907832e-01 8.850970231027707191e-01 8.915908744410351305e-01 8.746567374797330485e-01 8.832675713510984572e-01 8.839909501462480668e-01 8.758360032770619030e-01 8.682873327607165681e-01 8.791193138586934630e-01 8.801497409502513358e-01 8.653509493832256538e-01 8.690270912941152615e-01 8.530212979427487241e-01 8.654601909474717303e-01 8.672628998332315708e-01 8.725762083441830352e-01 8.726317656615089069e-01 8.651321539302994079e-01 8.647508191466960481e-01 8.699218917876374579e-01 8.862331793567059801e-01 8.691299560291462223e-01 8.701445749869959334e-01 8.725220295023321526e-01 8.807504564185936191e-01 8.706724278139930107e-01 8.696114294874904838e-01 8.711248799872569615e-01 8.695549727798389528e-01 8.730612245394507864e-01 8.814255580336431972e-01 8.726192167202987404e-01
2.285809844603690216e-02 1.424399669032442028e-01 3.543106928916593956e-01 6.349033369587891995e-01 5.103603471231957789e-01 5.435237688044334270e-01 7.926982179555331909e-01 7.706725613249921780e-01 7.838623742774646352e-01 7.314604034656175813e-01 8.451668303263186743e-01 1.000000000000000000e+00 8.269011213825412376e-01 8.114332590973203363e-01 9.092516964408393632e-01 8.983896361125141006e-01 7.198021659788206295e-01 5.862959160307279483e-01 6.006258657660872302e-01 5.595505186167717415e-01 5.724797606887709334e-01 6.548655367184079701e-01 6.433041616606169910e-01 6.275636812197357139e-01 6.696308336530104599e-01 7.840364175883982600e-01 8.334765137403233881e-01 8.376334575960475703e-01 7.407333045516225623e-01 7.753624072912068677e-01 8.309795599991417481e-01 8.257960646206848887e-01 8.153578629784414833e-01 8.065561927894490113e-01 7.701765226894341509e-01 8.068102717719836114e-01 8.282367979232421185e-01 8.938496420424715261e-01 8.783228613189723033e-01 8.921576333818173055e-01 9.157828789743248654e-01 9.201196784010523544e-01 9.126934252475334963e-01 9.168399195361064402e-01 8.807406003898958780e-01 9.055732438587027477e-01 9.269898709569432960e-01 9.213780996331289996e-01 9.171204608533182201e-01 9.005413095516562327e-01 9.227074804125354746e-01 8.881150881668655739e-01 9.145757843616990623e-01 9.048845977962000076e-01 8.830672976874961444e-01 8.776803256941693165e-01 8.994939742766693280e-01 9.189872948776978134e-01 9.176800804275176970e-01 9.251164757510819125e-01 9.284449584011789103e-01 9.189546342386707423e-01 9.120947463921809106e-01 9.228642241720316219e-01 8.997742894063111008e-01 9.115181323182053319e-01 9.243322807700443677e-01 8.996904912777824448e-01 9.064911050174475626e-01 8.894620648760174220e-01 8.900576709837769718e-01 9.047739625424379151e-01 8.892549275607121162e-01 8.857635773450182048e-01 9.269850102992999163e-01 9.243969468131579825e-01 9.147389516651197594e-01 8.962320063970301565e-01 9.138717552592307003e-01 9.047665741294389496e-01 9.078804276662150174e-01 9.227368796005226415e-01 9.069768318499161763e-01 9.097933056144463793e-01 9.220293626978646184e-01 9.158825687623299849e-01 9.135702443986565280e-01 9.264488161377273379e-01 9.284494196685048051e-01 9.115523426628060477e-01 9.293287718595830693e-01 9.316788122579200415e-01 9.316152276108804475e-01 9.318543647258905605e-01 9.302270917349670931e-01 9.291512255192090342e-01 9.253629588092625591e-01 9.235584362410736992e-01 9.316594370691854143e-01 9.296512078328937889e-01 9.347089602902558525e-01 9.309113714633997505e-01 9.309737543970305618e-01 9.347175602147725915e-01 9.285114386704421685e-01 9.234331237869120024e-01 9.287433240291778080e-01 9.242338036847229654e-01 9.222710635635976706e-01 9.287387238454296590e-01 9.265397467021673217e-01 9.312707118054357469e-01 9.293726480772552812e-01 9.325919247400356049e-01 9.237204870443469495e-01 9.271308504315144416e-01
4.287556738351057384e-02 1.662970127421719568e-01 3.276597860883198043e-01 5.647894502940260519e-01 5.020209812398507276e-01 4.998943236726794970e-01 7.342858793583095789e-01 7.136506248465618318e-01 7.346426429173316119e-01 6.851261242904629345e-01 7.674829691421359845e-01 8.269011213825412376e-01 1.000000000000000000e+00 7.536205668584645689e-01 8.472994745137067962e-01 8.304087629423522188e-01 6.663952932475858404e-01 5.347957040927703298e-01 5.468922435383399838e-01 5.028939996624344211e-01 5.081895193569072600e-01 5.979706415631845795e-01 6.045302949151278860e-01 5.802284603741739710e-01 6.133432816917531172e-01 7.320575194752629855e-01 7.630979909978586884e-01 7.825489043333512251e-01 6.805719883754134392e-01 7.171212350003737246e-01 7.581740396466898346e-01 7.633935310935522356e-01 7.644750515906022503e-01 7.443931926026431389e-01 7.164153748218812234e-01 7.462021455980385465e-01 7.693341433848870370e-01 8.277340310619664132e-01 8.177157798867741301e-01 8.193805222598740112e-01 8.507209454320556752e-01 8.493354409867730492e-01 8.416506955252117672e-01 8.448781259211424199e-01 8.095577988334379249e-01 8.361969810416877147e-01 8.592771423873521996e-01 8.593874736799110847e-01 8.510946173730905562e-01 8.273304006227513163e-01 8.519861257797356480e-01 8.181606141135452370e-01 8.419179547310197131e-01 8.488339565971279033e-01 8.243771349950970162e-01 8.157066840093495363e-01 8.367527345687888474e-01 8.509272843713395762e-01 8.487072991077632134e-01 8.598667046271137870e-01 8.635262992145005256e-01 8.521131479564206801e-01 8.430174277949076256e-01 8.534295808763087132e-01 8.367257176775145799e-01 8.501842489867161845e-01 8.584197019622263891e-01 8.328604870873728139e-01 8.396057004040161642e-01 8.180914083104029455e-01 8.180817542207742266e-01 8.369793750128460275e-01 8.261057528113688875e-01 8.217700650431993825e-01 8.576332981136086664e-01 8.534581974538227866e-01 8.478129251680392997e-01 8.285013695559594327e-01 8.432900281910408191e-01 8.419738089060904151e-01 8.445535314775032276e-01 8.544195200952661162e-01 8.402219578623110197e-01 8.453140512992595168e-01 8.532880038214819551e-01 8.514667164372629049e-01 8.458798565674899850e-01 8.569085356799166497e-01 8.616462301815508429e-01 8.417252394617050770e-01 8.557943164722376928e-01 8.620885239253424093e-01 8.634531985756676020e-01 8.636026216276043721e-01 8.648312278516925300e-01 8.647622192910789929e-01 8.524582987884928853e-01 8.574652781180142069e-01 8.642155462474948591e-01 8.582347014760119963e-01 8.646236728640100955e-01 8.612474691286837736e-01 8.628214184390831099e-01 8.637681083538445437e-01 8.581087057768109760e-01 8.571260245996495941e-01 8.639562691402516981e-01 8.611585194197673987e-01 8.577697786212825637e-01 8.608021952475690686e-01 8.571726535773962485e-01 8.658640795990525385e-01 8.620499632266587220e-01 8.657265343132461988e-01 8.575728376666577057e-01 8.634980110714067791e-01
