1.000000000000000000e+00 1.555335760135778678e-01 7.615990338729849984e-02 3.908461500828508406e-02 -4.175871498164640885e-03 2.296164802841818564e-02 7.876700106234732642e-05 2.534022827604240358e-02 1.409310240311748286e-01 5.584078382968903770e-02 4.022094394278152851e-02 9.994372552146685643e-03 2.779871371325015952e-02 1.680831379269324966e-02 -5.600587162435459801e-03 -1.032604365930696886e-03 8.163325893976508540e-02 1.019520713314044646e-01 1.203869783384490938e-01 -1.883728652832687527e-03 4.442269596143277183e-02 9.952561465528038387e-02 7.395854023074936723e-02 1.108641304607903555e-01 1.380442633497182825e-01 6.704544231867046178e-02 9.611789656740028776e-02 9.297306970977543827e-02 1.452133179357899262e-01 1.510223493246412307e-01 9.297883720759123061e-02 2.383922877771135068e-02 7.806268564515619901e-02 5.932327293345368568e-02 1.051318389254669999e-01 4.991351539147618338e-02 8.815412451534238025e-02 -1.610741198082285119e-03 4.855100986489395420e-02 -2.795780099423832502e-02 2.040375293092037620e-02 1.103928940900346899e-02 9.919885968394206652e-03 2.876809445814623029e-02 3.228262862390980648e-02 3.222015339597630867e-02 1.762189745424161576e-03 7.073879088483028994e-03 6.082806596176894808e-03 1.092625946828905403e-02 9.792056136723768095e-03 2.568270429713423106e-02 1.989198284629199384e-02 2.004346633375026637e-02 4.678667869881915700e-03 -8.367066711568938581e-03 3.227327122470127763e-02 -6.949630659542554295e-03 -1.233956402382942706e-02 4.113158242761871808e-02 1.270341437056152559e-02 1.757831586081325462e-03 5.019785692663724687e-03 3.663439063138590468e-02 4.555177559197613052e-02 3.795585896093390393e-02 2.076606309631294847e-02 3.336996112867383207e-02 2.964196551153548687e-02 1.134696767983436536e-02 3.053276093141561384e-02 3.426224909519084288e-02 3.373709260736678511e-02 6.034343145688127880e-02 3.335995761596222825e-02 3.685896462163014420e-02 3.355700841302420440e-02 7.140989944749828733e-02 5.481222731492085831e-02 6.364230333098383485e-02 5.496110609902164074e-02 3.970625145310002768e-02 2.958215626418975522e-02 5.039692719029807699e-02 3.655662615583822606e-02 3.713684018541402176e-02 3.002691019189040675e-02 7.977683210466917502e-03 2.267585423029821329e-02 1.768522231209594675e-02 1.088319681781193225e-02 4.442295646982594853e-03 1.362149069151675877e-02 1.917892349854125392e-02 4.745979060755400707e-03 5.934306724656917241e-03 5.040503279717850442e-03 4.401913835936577257e-02 9.909603498559132681e-03 1.495122160555896300e-02 1.320232615081378888e-02 8.238846617081083470e-03 9.651980691871979087e-03 5.458783862374813091e-03 1.950041854544336262e-02 2.522964666510692927e-02 1.916669767218954698e-02 1.514703007498809442e-02 1.347467277464995013e-02 7.758740372676379421e-03 -8.808364584920073265e-03 2.077327554292439024e-02 2.196514434541329240e-03 2.670500730387179167e-02 2.153102332638255623e-02 1.400870106567803607e-02
1.555335760135778678e-01 1.000000000000000000e+00 7.327903925427395326e-02 5.952878217496399352e-03 4.251830378820087991e-02 1.039010770812069939e-01 1.377023632851786805e-01 9.829792609710973073e-02 1.832086883379542286e-01 1.786702254573010462e-01 1.358935415691939763e-01 8.746942039493216248e-02 1.406472286894676904e-01 1.116526396098821705e-01 1.440904512413476724e-01 1.226329459089207097e-01 1.481315845388992414e-01 1.457803113000921136e-01 1.806497432401920067e-01 7.639005385045019580e-02 5.016354909778221460e-02 1.318738032523089077e-01 1.502123034442316429e-01 1.745379480463353505e-01 1.859231855070124784e-01 1.756443574979729416e-01 1.657545111965563478e-01 1.828711642940553661e-01 2.177537321159507266e-01 2.369060242119865600e-01 2.049665353619385399e-01 1.417302696767160086e-01 1.711722087319028085e-01 1.670690844091831939e-01 2.008620956398390334e-01 1.456550569024253061e-01 1.880747971953042885e-01 1.424331477016706482e-01 1.729767030002697659e-01 1.107738051000056179e-01 1.526379630745639815e-01 1.404438323159857283e-01 1.320924178695346562e-01 1.511576162352714914e-01 1.493014643686384202e-01 1.767229195847292156e-01 1.493167748227107738e-01 1.528277158040807771e-01 1.501953674010309825e-01 1.401019455655151125e-01 1.406497481189925292e-01 1.080771850094749270e-01 1.477409852867254680e-01 1.550876212440865098e-01 1.493417492060002683e-01 1.298631214273104073e-01 1.399712466703542102e-01 1.405691732337725208e-01 1.473649969446873820e-01 1.572543631602900116e-01 1.497030961907599433e-01 1.392664254535915247e-01 1.346726202038283915e-01 1.471322302481495592e-01 1.512907108293558844e-01 1.424494779212925888e-01 1.500982507923166454e-01 1.594898736499036629e-01 1.575181704911675362e-01 1.373723125009782831e-01 1.455145319698250561e-01 1.539091392552085769e-01 1.556588330111431107e-01 1.658321039555962773e-01 1.665383470775061436e-01 1.590049503617606552e-01 1.684310881210221711e-01 1.911256749063079408e-01 1.828378712422663588e-01 1.920532386941896097e-01 1.736355946180497822e-01 1.759544332579207060e-01 1.448191242051174166e-01 1.738326364167690208e-01 1.567247769079329056e-01 1.640964488819867950e-01 1.629688008865898263e-01 1.459157404759521826e-01 1.546453360625361095e-01 1.439798799514257210e-01 1.494059323670166306e-01 1.458534112664236493e-01 1.554014841286109894e-01 1.580575729189183931e-01 1.505013853070050200e-01 1.475578200879165969e-01 1.343268382023738161e-01 1.448833099468734842e-01 1.445830173355057702e-01 1.412756416241396085e-01 1.469716251362291060e-01 1.427842836099716961e-01 1.391116326477951082e-01 1.400662278062642929e-01 1.391865012217707587e-01 1.386732842003346733e-01 1.529507925226182563e-01 1.567750451331108574e-01 1.541949236861939743e-01 1.439363655624464056e-01 1.388088387717706929e-01 1.506847956100615116e-01 1.417949788989430471e-01 1.509054880755007488e-01 1.465127122708393959e-01 1.403201484572498270e-01
7.615990338729849984e-02 7.327903925427395326e-02 1.000000000000000000e+00 3.510854642951781734e-01 1.522836847438345798e-01 2.404664719554642227e-01 3.054071869050073995e-01 3.017771301212736623e-01 3.370201102863745746e-01 2.883085853376617380e-01 3.611091442590502743e-01 3.738234316112830635e-01 3.112859464339834958e-01 2.993862464986351002e-01 3.453132319865046540e-01 3.492919391956153530e-01 3.207597396317706795e-01 3.619060182454895136e-01 3.709790910383280460e-01 3.252696863358677803e-01 3.577100415631023766e-01 3.828862716352815498e-01 3.803986574531234566e-01 3.729179613929445858e-01 3.727890424212090825e-01 3.649948653035415824e-01 3.677471035297615320e-01 3.743178401030527458e-01 3.624230991035358729e-01 3.712429264525222705e-01 3.665182750148139879e-01 3.668105427846327093e-01 3.644824521696585773e-01 3.654106596221539105e-01 3.720166249244274415e-01 3.438985519289081694e-01 3.590306551524768408e-01 3.598192119175803172e-01 3.627184837683685159e-01 3.580450578280749974e-01 3.522432866348386149e-01 3.641518126412781053e-01 3.539039041485839143e-01 3.633741260855201105e-01 3.648949259829101233e-01 3.578509344841188100e-01 3.464489810023864136e-01 3.508855289731942495e-01 3.454853402903437232e-01 3.478211196023632823e-01 3.465353453452747479e-01 3.473728383291448396e-01 3.444080177409039600e-01 3.483092723102038102e-01 3.549623454211341400e-01 3.595471706454967942e-01 3.575043762271638559e-01 3.633784379756642702e-01 3.602363848712242245e-01 3.528916200415925797e-01 3.525824181778218214e-01 3.560740694013377339e-01 3.555397484903466965e-01 3.472423676854456964e-01 3.514523271263306214e-01 3.629634207619789055e-01 3.501239793293849378e-01 3.637125347132055819e-01 3.615038846553187413e-01 3.700363888795540901e-01 3.645800848836844854e-01 3.612539782750476269e-01 3.657367996361703399e-01 3.720397097234425243e-01 3.589907967428371260e-01 3.616090881877193075e-01 3.608875707671262423e-01 3.629596001269528860e-01 3.613706695284237269e-01 3.620949910950023720e-01 3.654045300623988135e-01 3.598643865026817101e-01 3.551783784409603406e-01 3.599275072863770686e-01 3.602841069335012691e-01 3.605643690483940067e-01 3.602055075302970089e-01 3.553266083179566492e-01 3.587499023524238773e-01 3.572707207360920623e-01 3.560804248638895775e-01 3.533506276494042253e-01 3.556579869485860801e-01 3.606795516463079943e-01 3.440892976050584640e-01 3.477209091966631527e-01 3.556455015314418655e-01 3.474230021862945716e-01 3.459115533170974421e-01 3.533562272577411290e-01 3.555905643948249484e-01 3.482829365545749289e-01 3.516469363154148264e-01 3.530257474714629251e-01 3.521635999715158616e-01 3.471446924522829103e-01 3.492259241835485306e-01 3.487723661919177598e-01 3.556249571608217641e-01 3.495202548559261935e-01 3.501811529119343569e-01 3.492954096167882327e-01 3.504618468616105265e-01 3.452649531871744837e-01 3.492167526717667725e-01 3.508623540851589784e-01
3.908461500828508406e-02 5.952878217496399352e-03 3.510854642951781734e-01 1.000000000000000000e+00 3.428805924651240344e-01 3.588789228461075065e-01 4.959626401011477115e-01 5.459418662734599748e-01 4.848512323492045750e-01 3.868645125298516008e-01 5.273764564717822179e-01 6.674151716877390061e-01 4.973103912516811942e-01 3.982821609443443212e-01 5.473979335457718198e-01 5.787304553472885082e-01 4.995687658005589227e-01 5.391512316927832282e-01 5.279003733644545004e-01 5.988661049364377709e-01 6.775980954229950948e-01 5.973914715849408807e-01 5.653224264714992175e-01 5.225057585956779382e-01 5.065251274999850173e-01 5.400650346543477420e-01 5.658206266479443025e-01 5.654234463106054820e-01 4.710582877136915148e-01 4.604920359205225133e-01 4.798289088491470289e-01 5.711728087354440708e-01 5.306577176011293417e-01 5.552769899822420641e-01 5.106981361360763971e-01 5.476259462549066814e-01 4.982153050924023607e-01 5.587157777764196753e-01 5.458448294915844157e-01 5.796629639246509980e-01 5.512864289370222881e-01 5.738252573195867789e-01 5.751758009753857870e-01 5.740320647587205949e-01 5.668135284282074249e-01 5.236994784712984963e-01 5.331314779424749517e-01 5.247212484441085012e-01 5.362550980883931118e-01 5.610783484289643130e-01 5.653947579826468228e-01 5.860908422595733080e-01 5.555479874785173022e-01 5.158452847968874044e-01 5.203691118898260415e-01 5.652234794534209961e-01 5.565421760616867664e-01 5.541852545298445731e-01 5.420642364509867805e-01 5.408943006291440092e-01 5.535749160439398242e-01 5.456082912834719911e-01 5.402992309707799201e-01 5.491908440694138749e-01 5.509693058067094418e-01 5.697655232635415734e-01 5.382474817797743283e-01 5.470392096218307243e-01 5.457178151834727320e-01 5.886169209357235976e-01 5.726317831135729897e-01 5.479528727688426359e-01 5.552539997076194611e-01 5.473747620337787723e-01 5.424041138000709195e-01 5.507031817891523406e-01 5.444359490771352172e-01 5.183393261500778282e-01 5.263012718703143911e-01 5.122591538699802216e-01 5.278601866252156105e-01 5.184311298049505412e-01 5.559392711629468353e-01 5.282417300550930062e-01 5.531866864466910005e-01 5.431310223772299883e-01 5.305406730867616716e-01 5.575093310725331985e-01 5.477801398873785033e-01 5.584968146534438072e-01 5.567309295222573340e-01 5.525157220474556929e-01 5.469181299322805057e-01 5.417995635603359839e-01 5.326953239739694590e-01 5.345248394255551760e-01 5.704521570417763199e-01 5.588477626863914693e-01 5.469989734991757002e-01 5.672011858663109640e-01 5.605794723556652981e-01 5.530223243317456960e-01 5.565568683445039078e-01 5.606526902069279839e-01 5.623698436597674988e-01 5.612372370203262406e-01 5.411032365082973916e-01 5.284544678515008531e-01 5.379238849835207281e-01 5.496926606778049784e-01 5.481588347912378367e-01 5.443773580802697687e-01 5.426932370440223918e-01 5.471552993633848061e-01 5.456036731720776967e-01 5.529842825151547459e-01
-4.175871498164640885e-03 4.251830378820087991e-02 1.522836847438345798e-01 3.428805924651240344e-01 1.000000000000000000e+00 3.042572795779945882e-01 4.826490682910954955e-01 4.809131127427799246e-01 4.096469671188036621e-01 3.659760637005357586e-01 4.311260265644058509e-01 4.795833102812974147e-01 4.559910831125761899e-01 3.395931361514058500e-01 4.889045809368805506e-01 4.859241268185092721e-01 4.107281801306358893e-01 3.962809781678606202e-01 3.822368388885874491e-01 4.164840696252115615e-01 4.268507839167710038e-01 4.107468917990728108e-01 4.122699335130848297e-01 3.792180140711849945e-01 3.665831666427455393e-01 4.293939553864810632e-01 4.039933752578832027e-01 4.089777302659620140e-01 3.619267502353634702e-01 3.589562443109405310e-01 4.104857103827400100e-01 4.585892168325423346e-01 3.975461179897519237e-01 4.435512953943824277e-01 3.858724040597694138e-01 4.399612748741338342e-01 4.145864424052338459e-01 4.391697954002111715e-01 4.512298412139181814e-01 4.359161564488380769e-01 4.615873945457821814e-01 4.619906050980127077e-01 4.669402769676507803e-01 4.719882077738423720e-01 4.479894185284585273e-01 4.453091258640712868e-01 4.647776606392122756e-01 4.598945900525593378e-01 4.574806131958754074e-01 4.415871748530371677e-01 4.500880927957211508e-01 4.657031636033724387e-01 4.623620425658632738e-01 4.616281036545150651e-01 4.478196040713930959e-01 4.526388626019189343e-01 4.567002947977717997e-01 4.656663808573640040e-01 4.434786703823874743e-01 4.733582839687470178e-01 4.692308046229504148e-01 4.654172020028685131e-01 4.579474484935924794e-01 4.604898467174609600e-01 4.712436391803693780e-01 4.751796755692995200e-01 4.688391961318428280e-01 4.579244857911619060e-01 4.661544801828091944e-01 4.739517973737776835e-01 4.646707412972913009e-01 4.573797170284868985e-01 4.556562158302292498e-01 4.450321994778082546e-01 4.554077054487166709e-01 4.541354640102461260e-01 4.534878274295461864e-01 4.372747135315498968e-01 4.465071858930657056e-01 4.395796212250310808e-01 4.477391795554636067e-01 4.503770147605405949e-01 4.719136808481950163e-01 4.509392693269199115e-01 4.648213191236392205e-01 4.622501562357651528e-01 4.517762375454322799e-01 4.699232835246437978e-01 4.685897982650235605e-01 4.684183651222801892e-01 4.610846559751917151e-01 4.666484981851516389e-01 4.651291072870122334e-01 4.620331038668748502e-01 4.662604070123253508e-01 4.658965794148163253e-01 4.656485685661658769e-01 4.704782367696674905e-01 4.688365169685012601e-01 4.703892895023576992e-01 4.739079674123648500e-01 4.693253569248700408e-01 4.746687979566228122e-01 4.771040188559313999e-01 4.729562028253384010e-01 4.723861284533517613e-01 4.646534096376918610e-01 4.663251040765594158e-01 4.642248740840338450e-01 4.696360568728237261e-01 4.650803006462249645e-01 4.764053912305128979e-01 4.690621274859791967e-01 4.744408478842848109e-01 4.695096993724592882e-01 4.726877297216369178e-01
2.296164802841818564e-02 1.039010770812069939e-01 2.404664719554642227e-01 3.588789228461075065e-01 3.042572795779945882e-01 1.000000000000000000e+00 5.092442920504320902e-01 4.705911038417576187e-01 5.181993639992885647e-01 4.686686249976833585e-01 5.267412310658958763e-01 5.643418061960875365e-01 5.117799648830678727e-01 4.712488944145099556e-01 5.670969409882132828e-01 5.530518158682204977e-01 5.226826930118442238e-01 5.189556308195780732e-01 5.419781826202501041e-01 4.749717503413244946e-01 4.924763322939765819e-01 5.488825971399065029e-01 5.599119384560613533e-01 5.332317126253565132e-01 5.399827437231500271e-01 5.701460181208700684e-01 5.476220600859025289e-01 5.659059392585741310e-01 5.089153001243585939e-01 5.191358718645368020e-01 5.530058192569388131e-01 5.833573150916304684e-01 5.548065276705569371e-01 5.762235319603177253e-01 5.478489381081610432e-01 5.661979928115852267e-01 5.660973666036940299e-01 5.642951626850059021e-01 5.859271036587702097e-01 5.763052670682775602e-01 5.852102855389802460e-01 5.878569807384202983e-01 5.796486015700484939e-01 5.865021286800965461e-01 5.890222397276773103e-01 5.768100294900628811e-01 5.770623045686052999e-01 5.794474547326300407e-01 5.768465825121260604e-01 5.663749906367659959e-01 5.689096456577136252e-01 5.702939639126786142e-01 5.777862956010442197e-01 5.710815586991991877e-01 5.607799675224659497e-01 5.806874418080564260e-01 5.655391650088881228e-01 5.749298632846320256e-01 5.670867616521518828e-01 5.748183181291297572e-01 5.815255340902101278e-01 5.682567937117536383e-01 5.643164556105916274e-01 5.689398345151177594e-01 5.726839495858661033e-01 5.804237138103262028e-01 5.825011068630856492e-01 5.843302070715367114e-01 5.907679967809567056e-01 5.886186517829188336e-01 5.874361970362831364e-01 5.879344075934037628e-01 5.869350226403612369e-01 5.857781799911981890e-01 5.861367627528051294e-01 5.834845676473309206e-01 5.842767434901495749e-01 5.715729428923483901e-01 5.846072039764821371e-01 5.743751988992499280e-01 5.823911869685010068e-01 5.796563579532914012e-01 5.880063152208423460e-01 5.821422406251604009e-01 5.835277117901627175e-01 5.883792196157737742e-01 5.856576799344411777e-01 5.876699587637411737e-01 5.861348618524492293e-01 5.856540866377510923e-01 5.965497472352463415e-01 5.888431357404851907e-01 5.887116208368641246e-01 5.885831973141189000e-01 5.803262392360185595e-01 5.827406768056774267e-01 5.812787345816938789e-01 5.667330277635928004e-01 5.794118456120975758e-01 5.830590783126438081e-01 5.882530430203665173e-01 5.784739997597443395e-01 5.811512766287594278e-01 5.830444555862106526e-01 5.847891700154354000e-01 5.764477752980772252e-01 5.803372269317127463e-01 5.806958769525080166e-01 5.833164897453569919e-01 5.834708928017130480e-01 5.808984522831801556e-01 5.797925127970851022e-01 5.776756953320224541e-01 5.779088953570249432e-01 5.806099936168496178e-01 5.782035616000889000e-01
7.876700106234732642e-05 1.377023632851786805e-01 3.054071869050073995e-01 4.959626401011477115e-01 4.826490682910954955e-01 5.092442920504320902e-01 1.000000000000000000e+00 7.483493471752924453e-01 7.022540099292229332e-01 6.603357515996286509e-01 7.272300574262052786e-01 7.792496840603028163e-01 7.214421485148002633e-01 6.222761807632462006e-01 8.411957133189882363e-01 8.034549031001996244e-01 6.966687257732171457e-01 6.623515599669342890e-01 6.600610795632435579e-01 6.689290227683506451e-01 6.542767994970630774e-01 6.879060377565920925e-01 7.276956910192312611e-01 6.562334161720937420e-01 6.496101189855175706e-01 7.624653202735510726e-01 7.200972168614987456e-01 7.363214097845596218e-01 6.492515766286552914e-01 6.633241843806633176e-01 7.334443441875256875e-01 7.897106030178244751e-01 7.234458430151119446e-01 7.658332343130165309e-01 7.056936402656288632e-01 7.380043338519522989e-01 7.399397142152548401e-01 7.949276384539489815e-01 7.956924191146323988e-01 7.828079685101225760e-01 7.977913779597579635e-01 8.077641821018042290e-01 8.020938321898374301e-01 8.092029754709499922e-01 7.766277829893639684e-01 7.951523183596479472e-01 8.052467465555144255e-01 8.018314576240340719e-01 7.996785047223028409e-01 7.776606613434607906e-01 7.959234913159723979e-01 7.693836017172889230e-01 7.874906592262724825e-01 7.940610181391114519e-01 7.876219083213178429e-01 7.949978990004430424e-01 7.796829558258241422e-01 8.087532925023919184e-01 8.001267303658877728e-01 7.999500962211210098e-01 8.066569885317936839e-01 8.041053405732764281e-01 7.960341653119084038e-01 7.903783749969912620e-01 7.845810663781427330e-01 7.950277247347317111e-01 8.047346071501468856e-01 7.962776672514604304e-01 8.068570953146200209e-01 8.084503330186320058e-01 7.947381773180113296e-01 7.893798084242099611e-01 7.892906533302174177e-01 7.717123585506635575e-01 7.959852347888674018e-01 7.949827568559008073e-01 7.982318223689368608e-01 7.619651559187796686e-01 7.864014772505099060e-01 7.753335673122603300e-01 7.845779036273287099e-01 7.892459881019054935e-01 8.008123031309840600e-01 7.914200161494572283e-01 8.003057591805901039e-01 7.974891862093506090e-01 7.922382769495316390e-01 8.165444044594917239e-01 8.098839208557926383e-01 8.054700690755254300e-01 8.099531329694062975e-01 8.139616016807820209e-01 8.036764909452673855e-01 8.075344757303616339e-01 8.097222844978790857e-01 8.076956198191220793e-01 8.041209601588030775e-01 7.900683429727277662e-01 8.043389076609174237e-01 8.117335595224739464e-01 8.163084763336790894e-01 8.069090228732275216e-01 8.029522286444173984e-01 8.130380709996213318e-01 7.987110015091368753e-01 7.937858136705465695e-01 8.040875476803961419e-01 8.058260923975694157e-01 8.058166187982570561e-01 8.094374313045114011e-01 8.120387067254547508e-01 8.073951043209701695e-01 8.060631953035127806e-01 8.060036154028396016e-01 7.961061784088171445e-01 8.018053289857792754e-01
2.534022827604240358e-02 9.829792609710973073e-02 3.017771301212736623e-01 5.459418662734599748e-01 4.809131127427799246e-01 4.705911038417576187e-01 7.483493471752924453e-01 1.000000000000000000e+00 6.733085855308120760e-01 6.022463243038774783e-01 6.888497123119042831e-01 7.674049727972196422e-01 7.098231369670854329e-01 5.830614500360251640e-01 7.752096974742536117e-01 8.014280043662678210e-01 6.513909840944073215e-01 6.672826508555110836e-01 6.550021559991194842e-01 6.711196468501361423e-01 7.045893807184540059e-01 7.016148394568807456e-01 6.875985681797276428e-01 6.444413968011324378e-01 6.345096167675196019e-01 7.192505935715959309e-01 6.843087665121120322e-01 6.898667245374419110e-01 6.106404134933562933e-01 6.244661028951610238e-01 6.734184989631152307e-01 7.470783831018397159e-01 6.635134390443080399e-01 7.256779735699360190e-01 6.571150929876126146e-01 7.064534842182527141e-01 6.804182161566475484e-01 7.512000524926175649e-01 7.467726340210875113e-01 7.272017841893501089e-01 7.409312196093488234e-01 7.558008157610308642e-01 7.679730070475649928e-01 7.701181438896670395e-01 7.296398395430497841e-01 7.394507291897298717e-01 7.481654285118388703e-01 7.415552026252680839e-01 7.440829305513545489e-01 7.448101410041485515e-01 7.575121294520816839e-01 7.459099472292572974e-01 7.472330135150602182e-01 7.374483694584551552e-01 7.432143571030255247e-01 7.574833620383909505e-01 7.482373527142099912e-01 7.601614974441402994e-01 7.526814439052069705e-01 7.489797444955736960e-01 7.660863081784643480e-01 7.547313378279775220e-01 7.553858344678887615e-01 7.510142597107838380e-01 7.419686648735085432e-01 7.558989024744822149e-01 7.491617701191854994e-01 7.482231684086054768e-01 7.522426933416476169e-01 7.632799704193560242e-01 7.587237335746499500e-01 7.446363015103895089e-01 7.430132323087188517e-01 7.299778928924699484e-01 7.411435398043750844e-01 7.410932331230779546e-01 7.400485741431883646e-01 7.111427434826588234e-01 7.296798506450681288e-01 7.197779409054406718e-01 7.249918113927709129e-01 7.306429416055553183e-01 7.529436053513435256e-01 7.340196489775612232e-01 7.570267627589469805e-01 7.484341290971485705e-01 7.316141119205242793e-01 7.656681819951637324e-01 7.578938037211073731e-01 7.597249176536740034e-01 7.471380166169598880e-01 7.572090349041469270e-01 7.484780639351945597e-01 7.518494522344176811e-01 7.506515089683551967e-01 7.488833759226307674e-01 7.634866367674538745e-01 7.601484197720042024e-01 7.589549311605094939e-01 7.648785814731910992e-01 7.704187656040233367e-01 7.666856588894038760e-01 7.585357520290278988e-01 7.675907057056782223e-01 7.590953812768178599e-01 7.587955834745527817e-01 7.533491238643889032e-01 7.511210386106756953e-01 7.555880090704555352e-01 7.586468291292911559e-01 7.622141014364214318e-01 7.551350018216588245e-01 7.566106906102373353e-01 7.613294128189451726e-01 7.502442426186080038e-01 7.567241077143874728e-01
1.409310240311748286e-01 1.832086883379542286e-01 3.370201102863745746e-01 4.848512323492045750e-01 4.096469671188036621e-01 5.181993639992885647e-01 7.022540099292229332e-01 6.733085855308120760e-01 1.000000000000000000e+00 7.277637307612031536e-01 7.927949572576709070e-01 7.932498050581877624e-01 7.531474997649233449e-01 6.638552055790564177e-01 8.225406313540608583e-01 8.038260972620181466e-01 7.902007589113120289e-01 7.804483608979195797e-01 7.985120972639790926e-01 6.549311178196020045e-01 6.950015815907258920e-01 7.952444403619011171e-01 7.996141460709310644e-01 7.818888352299162570e-01 7.909126233657615135e-01 8.438160663363584169e-01 8.191864004433679902e-01 8.212859422253566688e-01 7.878822793450019901e-01 8.110591358290946129e-01 8.473402912885421578e-01 8.443434718463519451e-01 7.943612257002817811e-01 8.385311521658798117e-01 8.192118708632575297e-01 8.161969864191914725e-01 8.462553491287838625e-01 8.202094785237716845e-01 8.522454131176394609e-01 7.803209296030771958e-01 8.508739631623816191e-01 8.323563196640741957e-01 8.106163023516190780e-01 8.564391518098926070e-01 8.422567030901839669e-01 8.412724998016655187e-01 8.567105250172030173e-01 8.628063559233666302e-01 8.603411026720795274e-01 8.257248815837676670e-01 8.295063953886174790e-01 8.323407821865241862e-01 8.505313023069303036e-01 8.663414245665420621e-01 8.530550401931362714e-01 8.402330582750335841e-01 8.593012368543736512e-01 8.491353600087553355e-01 8.454345096315665220e-01 8.751903083611027867e-01 8.601081708005586801e-01 8.562281025820174252e-01 8.549439985488859195e-01 8.628459720157710677e-01 8.669161488387042702e-01 8.723174558808930446e-01 8.663304225273047443e-01 8.671846332103382293e-01 8.667350681092423903e-01 8.485474364796516955e-01 8.635306978361158015e-01 8.673753141261710820e-01 8.619087605752602244e-01 8.628407006505834920e-01 8.701692282291592084e-01 8.693587066028349852e-01 8.641858804742370559e-01 8.617357622283845497e-01 8.658998284818957281e-01 8.687082389395247572e-01 8.690983632715014728e-01 8.693337739087230176e-01 8.647672851578577236e-01 8.687767409514374206e-01 8.557030240038420166e-01 8.676471061156026954e-01 8.650729607092791928e-01 8.554822949698411838e-01 8.655447739669558382e-01 8.600032726725014287e-01 8.536885918743659651e-01 8.578943878010436563e-01 8.606560991926572868e-01 8.624982571943440313e-01 8.613075020136797821e-01 8.619001533922888703e-01 8.415504381680716239e-01 8.543332265605804166e-01 8.571464829711905598e-01 8.510283402147823528e-01 8.531898575739396140e-01 8.570320778857976052e-01 8.577015809589906281e-01 8.583578293335140108e-01 8.582583312866975955e-01 8.596137889808608268e-01 8.644605290706487422e-01 8.678097934907902378e-01 8.648852283054739853e-01 8.629056705887527823e-01 8.542426099742749246e-01 8.675546978854875579e-01 8.595069854719764590e-01 8.633055242390861306e-01 8.667011367435886182e-01 8.638697286249820140e-01
5.584078382968903770e-02 1.786702254573010462e-01 2.883085853376617380e-01 3.868645125298516008e-01 3.659760637005357586e-01 4.686686249976833585e-01 6.603357515996286509e-01 6.022463243038774783e-01 7.277637307612031536e-01 1.000000000000000000e+00 7.278030881279200504e-01 7.180478361674372811e-01 6.814682535587991419e-01 6.024776014627921672e-01 7.704737171597211276e-01 7.407218138422541065e-01 7.062743584642450223e-01 6.750299443184806236e-01 6.972314098503670232e-01 5.783630752930322139e-01 5.963744964991279929e-01 6.879572105624257583e-01 7.193543714563873648e-01 6.844296066425287206e-01 6.977868700950228265e-01 7.737579169888709751e-01 7.393618777521709928e-01 7.494595180141834234e-01 7.107808012998185765e-01 7.346004813434060532e-01 7.813048503460822136e-01 7.771738655694295783e-01 7.291622085490855332e-01 7.626502744292968927e-01 7.473633147202851656e-01 7.389946888665311908e-01 7.682908102410036522e-01 7.552988955786348324e-01 7.849913389841580713e-01 7.277534828068870087e-01 7.838391622901726974e-01 7.662117682750533287e-01 7.464750702427278561e-01 7.801933145814541337e-01 7.756889147771219850e-01 7.823129794148797611e-01 8.025999288765157669e-01 8.055104282265167503e-01 7.994809439130962092e-01 7.579308773246021813e-01 7.631920408456241978e-01 7.562874700325444843e-01 7.853484164169629578e-01 8.068863443651683731e-01 7.931611707440835435e-01 7.795294940743200396e-01 7.846770942270276938e-01 7.858285780739330262e-01 7.875356723041002649e-01 8.002708621309730930e-01 7.937576475118826025e-01 7.927800588034119578e-01 7.899970157064832854e-01 7.889839493851412699e-01 7.907006495725483752e-01 7.938558045943916452e-01 8.040177877737453294e-01 7.983657904818607376e-01 8.015619990760913804e-01 7.852036203640253564e-01 7.900757596730973997e-01 7.970624554605187928e-01 7.890013792805402604e-01 7.874059289486761148e-01 8.047392827211102828e-01 7.987644053007983969e-01 8.004412846509274537e-01 7.958853461447886746e-01 8.000602325820754812e-01 8.046933572674297430e-01 8.017613453225383990e-01 8.062372608498573623e-01 7.944983735019316429e-01 8.039642988794557521e-01 7.894489222006947360e-01 7.986347285949897401e-01 8.008816864319755480e-01 7.928384977657428889e-01 8.010379417263671087e-01 7.962832174264412588e-01 7.923252552640810409e-01 7.970552823866330350e-01 8.014761847859165345e-01 8.021660456285510943e-01 8.044792823038879881e-01 8.044800185202105602e-01 7.803870961825352115e-01 7.817375301216321626e-01 7.970580588305348213e-01 7.886539104898496744e-01 7.916047359261501049e-01 7.965623109066001239e-01 7.962546295394348217e-01 7.947978067800395285e-01 7.935744545109334469e-01 7.882106888529060162e-01 8.016383921081795538e-01 8.083142493372700299e-01 8.047072964138303197e-01 7.987010732222604714e-01 7.974103137713629552e-01 8.039340904516818487e-01 7.989783171390494321e-01 7.966495060552772900e-01 7.976021284796829258e-01 7.981257024772838715e-01
4.022094394278152851e-02 1.358935415691939763e-01 3.611091442590502743e-01 5.273764564717822179e-01 4.311260265644058509e-01 5.267412310658958763e-01 7.272300574262052786e-01 6.888497123119042831e-01 7.927949572576709070e-01 7.278030881279200504e-01 1.000000000000000000e+00 8.479771970737485232e-01 7.646619193892989497e-01 6.777085221643021073e-01 8.520397774247828737e-01 8.380413307118218524e-01 7.912867545671907754e-01 7.777116268174174563e-01 7.908533622214277692e-01 7.040726793567432251e-01 7.360626287982706684e-01 8.045778630272866216e-01 8.198078425949734127e-01 7.907487417613554559e-01 7.950699424199001442e-01 8.639765273973930571e-01 8.372763167177235122e-01 8.400970775029883431e-01 7.786578135641279985e-01 8.058419204563712634e-01 8.618050120418231375e-01 8.775902188584409069e-01 8.250908246366752685e-01 8.636494793015737637e-01 8.348067389596248722e-01 8.411612936521781769e-01 8.541852690136290116e-01 8.575810123123507323e-01 8.784998376690992261e-01 8.313324781431485899e-01 8.802921050918919299e-01 8.690718496279701277e-01 8.477000183665703847e-01 8.837567135773072291e-01 8.769441790678985660e-01 8.704661930515273927e-01 8.909705173975935866e-01 8.908796125538456234e-01 8.908962839970729908e-01 8.636469250616074511e-01 8.624761289860267688e-01 8.630682971839209738e-01 8.737219794191842803e-01 8.859195706196383302e-01 8.789162004046812138e-01 8.792543088441199250e-01 8.757959107432083945e-01 8.840950269921840077e-01 8.731266189831315971e-01 8.872765755843056157e-01 8.901706017190541553e-01 8.819355106008128775e-01 8.756799174289721099e-01 8.771655942656042537e-01 8.848112768505215220e-01 8.903079876513666502e-01 8.939179402363041094e-01 8.938274379921483659e-01 8.945296141670742163e-01 8.916383016006242945e-01 8.945244764529767245e-01 8.937482102261402606e-01 8.903225447577854945e-01 8.860347724429979976e-01 8.967753992855529432e-01 8.956373801221181319e-01 8.911329136496423109e-01 8.777123426316342236e-01 8.880399327398754705e-01 8.880423129722501141e-01 8.901820184232950295e-01 8.939804211072376328e-01 8.899221899320660656e-01 8.927703306512695391e-01 8.889690634658490298e-01 8.956379059997854331e-01 8.924006409439941834e-01 8.915450339635364596e-01 8.946536819405670471e-01 8.924812734618138288e-01 8.927744547433202893e-01 8.929880155561682464e-01 8.935774227759700761e-01 8.947550696358487210e-01 8.943831354625779717e-01 8.951239112025253242e-01 8.819801184956267415e-01 8.757743379163089870e-01 8.913234235975505682e-01 8.873408858778735198e-01 8.866027706286515597e-01 8.903273545337939687e-01 8.925789854567047765e-01 8.929170140799940203e-01 8.916692588912036310e-01 8.840894737897552202e-01 8.933317926635621076e-01 8.943881101049758753e-01 8.947392388182621170e-01 8.944967059797279685e-01 8.921250421307090894e-01 8.937560433970211937e-01 8.913197368602636672e-01 8.877215806877085669e-01 8.914865747454610023e-01 8.931917373530920967e-01
9.994372552146685643e-03 8.746942039493216248e-02 3.738234316112830635e-01 6.674151716877390061e-01 4.795833102812974147e-01 5.643418061960875365e-01 7.792496840603028163e-01 7.674049727972196422e-01 7.932498050581877624e-01 7.180478361674372811e-01 8.479771970737485232e-01 1.000000000000000000e+00 7.987667887089415775e-01 6.985011194923851363e-01 8.885102646881832822e-01 8.921501144035175468e-01 8.106838797035809119e-01 8.062032943347553493e-01 8.079737031681494264e-01 7.802047028146168461e-01 8.272715149736649121e-01 8.540565728347780938e-01 8.535254906016397358e-01 8.062020399945633020e-01 8.010400891278817159e-01 8.795598048508211919e-01 8.539683719232692427e-01 8.642018141581728763e-01 7.627801850643766146e-01 7.830534286283029610e-01 8.392776338923009227e-01 9.127948287985448994e-01 8.441403895781184330e-01 8.894105764145620041e-01 8.316239380008475512e-01 8.731629461903607226e-01 8.494997748691103245e-01 8.917717058920058282e-01 9.000322335887993574e-01 8.885897435489842344e-01 9.083431051482150353e-01 9.073202699577637143e-01 8.983454148335618950e-01 9.168919296579780553e-01 9.054492384760514101e-01 8.829289490342298041e-01 9.078369742105047990e-01 9.052697874350585927e-01 9.099487736316465014e-01 8.987351681888904320e-01 9.011458888108820897e-01 9.117754363408724361e-01 9.082151237706135305e-01 8.988772943358529499e-01 8.943836624498441301e-01 9.150108367735508841e-01 9.075595696418804481e-01 9.134115343474576987e-01 9.006458962128678358e-01 9.065716754346441197e-01 9.171955868039206594e-01 9.091876290364776514e-01 9.034884041703805657e-01 9.059133709002920032e-01 9.052138678811225692e-01 9.192458780910585103e-01 9.115847647771275764e-01 9.118643188034384339e-01 9.145547687989754593e-01 9.274034424418834410e-01 9.216369416621328359e-01 9.110232799380433288e-01 9.110709392808351570e-01 9.006658835386817108e-01 9.102727742458719407e-01 9.109684632698036300e-01 9.060622886692663025e-01 8.778817400622201950e-01 8.958113022928605451e-01 8.853421773344990475e-01 8.969527053904766678e-01 8.976038332041276213e-01 9.161101466262512316e-01 8.997325025415132682e-01 9.113835688644392752e-01 9.118698102528993710e-01 9.032162356143594861e-01 9.191987979562091793e-01 9.164325561338702020e-01 9.191698970027911697e-01 9.171014925421224762e-01 9.184801523127484879e-01 9.143482489993376428e-01 9.115240888216157300e-01 9.126770171117412067e-01 9.130464539512118671e-01 9.174027687878772985e-01 9.050437402688181754e-01 9.158380577628100205e-01 9.178869857670813870e-01 9.189081252899869989e-01 9.176178714013146775e-01 9.201843906951607810e-01 9.234217436821116065e-01 9.213848408546705393e-01 9.157897554493463765e-01 9.138405641222546727e-01 9.090528077503313709e-01 9.127401250068059024e-01 9.189058702749365315e-01 9.171735558668079324e-01 9.148106639878278434e-01 9.152814432065349282e-01 9.120365334130284829e-01 9.140631841853186224e-01 9.197614588686005010e-01
2.779871371325015952e-02 1.406472286894676904e-01 3.112859464339834958e-01 4.973103912516811942e-01 4.559910831125761899e-01 5.117799648830678727e-01 7.214421485148002633e-01 7.098231369670854329e-01 7.531474997649233449e-01 6.814682535587991419e-01 7.646619193892989497e-01 7.987667887089415775e-01 1.000000000000000000e+00 6.424999232447649034e-01 8.232027422787309145e-01 8.225606340643017989e-01 7.375342056635449950e-01 7.278506641308966074e-01 7.316853982612094853e-01 6.726303664296212625e-01 6.900808900504236121e-01 7.518079480753273591e-01 7.689601026298432673e-01 7.312692067399922946e-01 7.284383213967223769e-01 8.100631783862450863e-01 7.584386160959590839e-01 7.810534155939663492e-01 7.164046806728756600e-01 7.326093497082463157e-01 7.935768192827628020e-01 8.245073399931356350e-01 7.533825383023678990e-01 8.048706832232048747e-01 7.602260362797960136e-01 7.835552677344074235e-01 7.916464223927597299e-01 8.075449848178447576e-01 8.255324616718914266e-01 7.915952144318185724e-01 8.332413465358993188e-01 8.259307547412506612e-01 8.154521759142834281e-01 8.411754330368400590e-01 8.222127067062572348e-01 8.230741386519563330e-01 8.431132004129953117e-01 8.437314445942918351e-01 8.407875026162674459e-01 8.066263799815445168e-01 8.115261367384444258e-01 8.167365850002958894e-01 8.333234758917370533e-01 8.401586277863803964e-01 8.312941369689421656e-01 8.306794913238992883e-01 8.255357959891895803e-01 8.408637999851747979e-01 8.245683338547702412e-01 8.444649025458714764e-01 8.433232812846908066e-01 8.379423186940480051e-01 8.346908389848990417e-01 8.306758669585637689e-01 8.367574940117803450e-01 8.432469373940200130e-01 8.431235035961477386e-01 8.423781244371519872e-01 8.490537812775360571e-01 8.415540809376474973e-01 8.413018186170029278e-01 8.394370887369894119e-01 8.392773298422452344e-01 8.291152770974364872e-01 8.412832714096301068e-01 8.384358228935454571e-01 8.385668531729443265e-01 8.188390362328744621e-01 8.314646470204942741e-01 8.296662951359595750e-01 8.333561353532921157e-01 8.393631739051760077e-01 8.433482288432826435e-01 8.363004204142229225e-01 8.377915245353055873e-01 8.446919354842105099e-01 8.379396468428823574e-01 8.442993947455006420e-01 8.465694268578295434e-01 8.424734645349503115e-01 8.407730640338725303e-01 8.457574662664136822e-01 8.424927019211482238e-01 8.437218685236638205e-01 8.463833666520708121e-01 8.452564979528298661e-01 8.370065959192886096e-01 8.320252584774172622e-01 8.425817361863241484e-01 8.406204096641560763e-01 8.451916622885063957e-01 8.436951559843540727e-01 8.453003063692455799e-01 8.494096253348878411e-01 8.457018909311597721e-01 8.394472939517115817e-01 8.446726455733798433e-01 8.462921397987048788e-01 8.459206937212769839e-01 8.450702345623604117e-01 8.452886439962061793e-01 8.479606303508228082e-01 8.457893681591667212e-01 8.451468981181852191e-01 8.430110149144048881e-01 8.466061768410552135e-01
