1.000000000000000000e+00 -7.366760263928767705e-03 8.968834198852762563e-02 8.759446682276537943e-02 6.153819477061862886e-02 -3.860011054646143511e-03 1.085061969717585062e-01 9.038522144089437826e-02 8.202246517947879567e-02 1.838326923459081275e-02 5.733937351483735061e-03 5.092353209424915761e-02 8.098400202608633386e-03 2.340723697403525663e-02 4.260563841939743468e-02 6.959277154630270912e-02 5.927276504747194807e-02 6.917657777291942589e-02 7.366990930247820091e-02 1.006646390930438367e-01 1.028954893872423004e-01 7.864882872228057265e-02 7.112034297002878258e-02 9.112090239295762839e-02 7.993018354981862306e-02 1.061646872855482315e-01 7.160790238644340611e-02 8.615203711270318088e-02 1.173182212234825245e-01 4.521993343713452684e-02 5.857253923401448126e-02 4.710897091922171959e-02 7.539828906616982684e-02 7.752654768220865189e-02 7.163916177271237307e-02 8.130568277225934393e-02 4.737589039825155363e-02 5.369212268840203861e-02 5.247677474808866427e-02 7.454741461372915712e-02 5.144654271837221376e-02 1.944857861242180186e-02 3.969870956170245407e-02 4.044854832495987929e-02 3.870681807598166935e-02 5.924691182716370491e-02 1.284773872365733809e-02 9.133026026598241656e-03 2.221710544968399231e-02 4.767902163066857490e-02 5.197022106062784003e-02 4.272979303778220994e-02 2.954494503379915746e-02 2.081744636778237734e-02 2.606083367349567442e-02 3.638527494911791837e-02 4.239924088964120569e-02 1.469807245037781790e-02 2.378731697042342844e-02 1.410004456878033267e-02 1.910593624881058369e-02 2.754230314814603425e-02 2.876658017448183516e-02 4.086640260613969705e-02 4.546297587823676378e-02 3.045028030691825094e-02 1.834811760607498940e-02 1.731060989332376329e-02 4.249451140189643150e-02 4.042827684723503817e-02 2.547289414265490812e-02 2.746200556627033038e-02 3.734918500619075626e-02 3.184368781709349949e-02 4.136826898358952898e-02 2.821380493421660543e-02 4.279390051924605171e-02 4.415615287026740388e-02 4.257689815381038995e-02 1.849400383540503526e-02 3.151484339630542669e-02 2.357586032074579507e-02 3.057715760349137904e-02 2.662772217462106711e-02 2.382335707840510519e-02 2.810982262946485483e-02 2.543607432999912821e-02 2.205995048034544923e-02 2.299160413460157870e-02 3.237391708415814084e-02 3.153473539912893947e-02 1.999402604184035565e-02 1.756837493969991629e-02 2.569167740159414293e-02 6.718458395037108996e-03 6.606171188233518274e-03 2.296991689520490668e-02 3.419510960918439174e-02 1.140202403777039811e-02 2.248149609431198195e-02 1.540170576612160530e-02 2.217462909340169389e-02 1.429682620711909824e-02 1.308901475602562356e-02 2.563120844911466120e-02 2.253418676564022602e-02 1.544263323340866294e-02 1.301041178390934319e-02 1.982179721007891818e-02 9.582412530791603600e-03 9.622228143651731166e-03 9.975739835899721797e-03 9.057158833195973202e-03 1.967907682499107219e-02 3.024871490544783423e-02 1.542196976549213908e-02
-7.366760263928767705e-03 1.000000000000000000e+00 4.024264206498877339e-02 1.525257330144629830e-01 7.199802581839639948e-02 8.600951100262206606e-02 1.422130409850699551e-01 1.180521921851257205e-01 1.462136697979969646e-01 1.659309342656376252e-01 1.307881005556524867e-01 1.568326175342344697e-01 1.462000877989337588e-01 1.131599685317145054e-01 1.440084309271992269e-01 1.456635638870511784e-01 1.486116344824747748e-01 1.618114828144571749e-01 1.374786406603246136e-01 1.321906778978663710e-01 1.183492031206527517e-01 1.316880206309722079e-01 1.560770402115520261e-01 1.273267840359872671e-01 1.204792496318142919e-01 1.388922139781748333e-01 1.679189127788733582e-01 1.631044841947723589e-01 1.498703137337716318e-01 1.712214845303930699e-01 1.634516882066854582e-01 1.646614911751298482e-01 1.646683076054356043e-01 1.342200720276620629e-01 1.546824569524386517e-01 1.267324728222613828e-01 1.525803522677806057e-01 1.636843116331600789e-01 1.510172311227029329e-01 1.330318398530990764e-01 1.543649320211124831e-01 1.648281521187521248e-01 1.485623599591921196e-01 1.630368966708623524e-01 1.585228762033198679e-01 1.523647833208461311e-01 1.659523239714656984e-01 1.651083690223631717e-01 1.692567874222200563e-01 1.719914620015762785e-01 1.614794433885887448e-01 1.451940751168561972e-01 1.748704717435745903e-01 1.651771024674459076e-01 1.596231796484302023e-01 1.602572992664413054e-01 1.532627733932490632e-01 1.684028689733447492e-01 1.625661292715150641e-01 1.661036646708062003e-01 1.639972292174543822e-01 1.655170455175997146e-01 1.586248844184209028e-01 1.604401060350601205e-01 1.567232613956927867e-01 1.610221227170083313e-01 1.642517306710846448e-01 1.635863727273467461e-01 1.657756342925111037e-01 1.659748673208021885e-01 1.548259185252250369e-01 1.593533063818305395e-01 1.548495980712539799e-01 1.558759488260153814e-01 1.601476545098941551e-01 1.680114822234081151e-01 1.655990440570639100e-01 1.636926060439862218e-01 1.548826921258776579e-01 1.701880794219772230e-01 1.665073401477098480e-01 1.685285561817810307e-01 1.593622058753558224e-01 1.696401999174145525e-01 1.692124763116941433e-01 1.638106676103746051e-01 1.623428662842055226e-01 1.666795757224270869e-01 1.604220120815432749e-01 1.605424366799522717e-01 1.620926675231603720e-01 1.653749924499253732e-01 1.643735102201389631e-01 1.590887785275753863e-01 1.673225518422319924e-01 1.663882600804115208e-01 1.551164198348925771e-01 1.627620097618317219e-01 1.649849773466813552e-01 1.653758987747089848e-01 1.574394464899165347e-01 1.607123270753788302e-01 1.641932209963563871e-01 1.626025143841954290e-01 1.585190829333972540e-01 1.574849034572962103e-01 1.647615846016942664e-01 1.672880355147550735e-01 1.613658642965913881e-01 1.627452167850942100e-01 1.586214348341546676e-01 1.646797622313840581e-01 1.617428767009231882e-01 1.618790179922117711e-01 1.553423944833326187e-01 1.623577836561410637e-01
8.968834198852762563e-02 4.024264206498877339e-02 1.000000000000000000e+00 2.498314864793522161e-01 1.242423406966995658e-01 1.547088334687085343e-01 2.516093183578239634e-01 2.292561201274985194e-01 2.769482661633170806e-01 2.286058275501789694e-01 2.517056866994296649e-01 2.841277272732160020e-01 2.388750025441506164e-01 2.072353897329585470e-01 2.785331980293010989e-01 2.675793167431359532e-01 2.819716733232877082e-01 2.932584033193962325e-01 2.986635118513159548e-01 2.341580209416030400e-01 2.750129205216519379e-01 2.875016037611424768e-01 2.877483713231808737e-01 2.950400484383587929e-01 2.974808834493919418e-01 2.935938478449134359e-01 2.795608905669756394e-01 2.699565722366885079e-01 2.819866895068193768e-01 2.532788499330583254e-01 2.948705817302421650e-01 2.914718690110851829e-01 2.684963692999015050e-01 2.889169086307807888e-01 2.626613507896982114e-01 2.784307487698033379e-01 2.853927259057164600e-01 2.867278909940856879e-01 2.825526301067278201e-01 3.006736916956126437e-01 2.905280404183581688e-01 2.861266611990633257e-01 2.876306969493579446e-01 2.892974872799333186e-01 2.951042827030487814e-01 2.939253053643386959e-01 2.824759649120989757e-01 2.832287904065164397e-01 2.842478206079200320e-01 2.856027090785091538e-01 2.904477733231421444e-01 2.714228712369035623e-01 2.750546230511669576e-01 2.807392699921749668e-01 2.833140680747021078e-01 2.876403668597152796e-01 2.754187904382801033e-01 2.789501044429590348e-01 2.835610777377122194e-01 2.754692823640336186e-01 2.859728771041666340e-01 2.833188993357116936e-01 2.782008442460018327e-01 2.799482635115450035e-01 2.910914706177928912e-01 2.817206912729156021e-01 2.855043827849181870e-01 2.946325097230808043e-01 2.925567216710293073e-01 2.922763750170832564e-01 2.951690173610935219e-01 2.955568439094884980e-01 2.992718128245286380e-01 3.000240456134005695e-01 2.935232198039897655e-01 2.901920137591278426e-01 2.886663938163393506e-01 2.864244415364918250e-01 2.952380936487209451e-01 2.792761360290372252e-01 2.893560514310299370e-01 2.961213970930619555e-01 2.889276544480204878e-01 2.804979001882597078e-01 2.904558549818904711e-01 2.958068653779897805e-01 2.929257245443457336e-01 2.893726898942738379e-01 2.859279205723495587e-01 2.921093599720282485e-01 2.944839397273250614e-01 2.907749933983911905e-01 2.909013226935097673e-01 2.893198030527642794e-01 2.825540834436543469e-01 2.863484923286904182e-01 2.917912878923279996e-01 2.937340954251649316e-01 2.878250843117737823e-01 2.888328006899096301e-01 2.875866886839656966e-01 2.860610446131177653e-01 2.842173633420718715e-01 2.884070745212260478e-01 2.916219676041459374e-01 2.818212246538174814e-01 2.863228445699125269e-01 2.872500818452612958e-01 2.885620432662637236e-01 2.847878087059651508e-01 2.867396811634940756e-01 2.837846468045095438e-01 2.843919556896224443e-01 2.859234323114807075e-01 2.941939020431160179e-01 2.871918437935448987e-01
8.759446682276537943e-02 1.525257330144629830e-01 2.498314864793522161e-01 1.000000000000000000e+00 2.973883670430525483e-01 2.817709261855161906e-01 4.980158498225522590e-01 4.657627880657983499e-01 5.011222359801658088e-01 4.453483524695967533e-01 4.622239718559938981e-01 5.152517871924020554e-01 4.620435632414722216e-01 3.882995895006564613e-01 5.221644450462412657e-01 5.289246920281477360e-01 4.984480074364155966e-01 5.277438775963816386e-01 5.358933810511922191e-01 4.901557020092303096e-01 5.288551297382952932e-01 5.481754171652620800e-01 5.204705464395525949e-01 5.162030713861444076e-01 5.262577789581897036e-01 5.522711740205018538e-01 5.256529556059724717e-01 5.350949992987810155e-01 5.114583373326665461e-01 5.230692948011614885e-01 5.373864564568955338e-01 5.588136847291519382e-01 5.447056058144730262e-01 5.529822624722041668e-01 5.508152426690388070e-01 5.384885192919289798e-01 5.541091678872890336e-01 5.555487405219886599e-01 5.535156090862354272e-01 5.573163795350571936e-01 5.551457455012135389e-01 5.509687383608394828e-01 5.526090573775601644e-01 5.521389069308969555e-01 5.575923243563366549e-01 5.536597401739075108e-01 5.429901110475084947e-01 5.385801769974688513e-01 5.443121515948552425e-01 5.675282423965207768e-01 5.594564530796054536e-01 5.522617243277245791e-01 5.448845627635313660e-01 5.453268652060325739e-01 5.341709328546084823e-01 5.527858727928927074e-01 5.355783160649867369e-01 5.437220491518317544e-01 5.410279300695043370e-01 5.336210191139548753e-01 5.512009416532213102e-01 5.396559258301824036e-01 5.403017986344308410e-01 5.466532789581047824e-01 5.456659365801831418e-01 5.399200346677971440e-01 5.420863292855526705e-01 5.481228801281261553e-01 5.553666499484696262e-01 5.579511268669995472e-01 5.529948659065684335e-01 5.492896866248724308e-01 5.485886865141765822e-01 5.522988079941123507e-01 5.575000839812151998e-01 5.533862701528720063e-01 5.530909274051770685e-01 5.449331949159428312e-01 5.440016329237533643e-01 5.440311680386273885e-01 5.566629915940271012e-01 5.542194634626143035e-01 5.535414838615047017e-01 5.503833442771922657e-01 5.585862223176039087e-01 5.520023869244057302e-01 5.538012433604907470e-01 5.583488881361394762e-01 5.543511938414227291e-01 5.505406826263740117e-01 5.637392522669847361e-01 5.536782217228086722e-01 5.486264743651547704e-01 5.526874607839330489e-01 5.434014823770614289e-01 5.418827986114783668e-01 5.607013473414715898e-01 5.547775537175213545e-01 5.461825747088783212e-01 5.565451286665655806e-01 5.475154720543377040e-01 5.502307816824920650e-01 5.424631210581559726e-01 5.472014625471943727e-01 5.547716901525244770e-01 5.456367715683977382e-01 5.469725248009389418e-01 5.443995548373935511e-01 5.446838813001407820e-01 5.420883968664659269e-01 5.414712276974430472e-01 5.419903681406531559e-01 5.418987373765684623e-01 5.431377818644188560e-01 5.478223766147474194e-01 5.428451440646364645e-01
6.153819477061862886e-02 7.199802581839639948e-02 1.242423406966995658e-01 2.973883670430525483e-01 1.000000000000000000e+00 2.394051643004607433e-01 4.299449097315018453e-01 4.217892379425352001e-01 4.044357188462182617e-01 3.631002462473532644e-01 3.585704185582934689e-01 4.162548604773474992e-01 3.840180249825237979e-01 3.079960649140308093e-01 4.439799639057512848e-01 4.498057384093895328e-01 4.223537897668144248e-01 4.220741463993710751e-01 4.295305463942295510e-01 3.783796971020861877e-01 4.140823941181457357e-01 4.398179793277308680e-01 4.391402896772646502e-01 4.196256668842269222e-01 4.244714022027902822e-01 4.574466015833513199e-01 4.333084016690078588e-01 4.394857258117721432e-01 4.358005178342443942e-01 4.395956039172206897e-01 4.521915671534953995e-01 4.660349579466995240e-01 4.362989752343923722e-01 4.585414098649711057e-01 4.554556832117461762e-01 4.348149489683363345e-01 4.469925600408989896e-01 4.465631726315960615e-01 4.583756641987470348e-01 4.451743489091245509e-01 4.507830408039909531e-01 4.475698623064530146e-01 4.548081235465517569e-01 4.581570767921064880e-01 4.562854236857992740e-01 4.580622529865738257e-01 4.576839067784940762e-01 4.552831462315623523e-01 4.634512471428783309e-01 4.595006857123180577e-01 4.584390644684743776e-01 4.488663513624193691e-01 4.495756695506161194e-01 4.625964423935965963e-01 4.575483359252265347e-01 4.621289383373378690e-01 4.660656705797681099e-01 4.534752873557444941e-01 4.564749250105361589e-01 4.557924840635066976e-01 4.620543494137760443e-01 4.613545839693109496e-01 4.653859994092235941e-01 4.683109102025584947e-01 4.629038971985877104e-01 4.668661494919834065e-01 4.585804893135599913e-01 4.579925425205897405e-01 4.643041802525845196e-01 4.574329415554113099e-01 4.585465857966725678e-01 4.611125447559370483e-01 4.606954066389110647e-01 4.583986815181870789e-01 4.660883971680670479e-01 4.616088708899172000e-01 4.624021394876559610e-01 4.629418527711813280e-01 4.622391909116472242e-01 4.613389957229986349e-01 4.639164580371992752e-01 4.564063254540967618e-01 4.628055898296817294e-01 4.617960263429894963e-01 4.604132151920685145e-01 4.618257079273734300e-01 4.586905050889978352e-01 4.610775148083164909e-01 4.605811421468304356e-01 4.631479414525132565e-01 4.601011612417722496e-01 4.642506457421490818e-01 4.569045298277232270e-01 4.580471465949330079e-01 4.574995304626243153e-01 4.577505399645060979e-01 4.650241891127683824e-01 4.690855128180668743e-01 4.599610392193155262e-01 4.631620101391115130e-01 4.573878945739360824e-01 4.650620961229894879e-01 4.566757895315144977e-01 4.578101575415965407e-01 4.620987647350786043e-01 4.663125861887150725e-01 4.621357063558511613e-01 4.571087203263816678e-01 4.630428684994837840e-01 4.620036010983458730e-01 4.570285826905263193e-01 4.608000013128468186e-01 4.597369689312009733e-01 4.637416198898697273e-01 4.632614022347588678e-01 4.625540444628570835e-01
-3.860011054646143511e-03 8.600951100262206606e-02 1.547088334687085343e-01 2.817709261855161906e-01 2.394051643004607433e-01 1.000000000000000000e+00 4.504241413305730690e-01 4.077186974836045086e-01 4.574199876271217713e-01 4.359144557140950949e-01 4.631808467406473007e-01 4.949677160324935099e-01 4.471217746199227516e-01 3.461859025297529535e-01 4.967632883693846590e-01 5.025094642393325151e-01 4.746212716096944728e-01 4.701184201663726747e-01 4.583859417370586553e-01 4.034346817369445226e-01 4.454210309579134108e-01 4.721971673893486932e-01 4.883109561555683542e-01 4.518755033532263488e-01 4.697413634585038134e-01 4.993281690859003863e-01 5.120853172999404457e-01 4.979209945556120065e-01 4.876728119038851728e-01 4.963206258580913355e-01 5.078677325164301370e-01 5.188465125038761450e-01 4.936410579544113775e-01 4.906274376292808492e-01 4.967546685827386455e-01 4.794775162807919378e-01 5.091908716324046180e-01 5.111799212933665348e-01 5.185325327511137727e-01 4.939378931839066844e-01 5.194951636798726957e-01 5.199240676522630666e-01 5.174085195995244968e-01 5.264528084189352697e-01 5.144611043047235821e-01 5.252210060735852393e-01 5.285444824254005303e-01 5.311354173890723285e-01 5.274868166779559386e-01 5.144840659736295008e-01 5.242146986732700853e-01 5.158162526610304832e-01 5.062896096109134048e-01 5.289392163526783763e-01 5.253084123582739684e-01 5.296630425980772827e-01 5.238012589753237025e-01 5.281850352093787615e-01 5.287350725063810764e-01 5.303358223304226460e-01 5.344708669331189599e-01 5.309085273550725459e-01 5.260061055750745451e-01 5.301451706267930053e-01 5.243487101829351626e-01 5.331222863895934694e-01 5.299706574615941079e-01 5.310258740202516980e-01 5.290310303788983148e-01 5.247673558747140143e-01 5.321332974689951811e-01 5.299515538628947198e-01 5.208916338260678458e-01 5.270560451757124731e-01 5.292858022785443817e-01 5.332017603465201150e-01 5.329491934061478808e-01 5.298557417277334203e-01 5.281405024759824318e-01 5.268520776607242828e-01 5.258028175537776683e-01 5.317646692077514503e-01 5.302071849330707298e-01 5.279030538698500363e-01 5.302575866958701978e-01 5.262270773017401204e-01 5.288996024222332171e-01 5.311863439127781916e-01 5.276064006944357621e-01 5.304499752980318394e-01 5.315856912026397652e-01 5.352641411680547634e-01 5.334800458886260754e-01 5.320243599930244427e-01 5.340973197386129634e-01 5.312724120879022127e-01 5.351348206393961027e-01 5.330803949630193994e-01 5.352809782312445419e-01 5.331643010024380569e-01 5.331576826386166257e-01 5.341958513440582257e-01 5.343924691698016538e-01 5.341422329398021196e-01 5.341501767310130599e-01 5.334489201595845609e-01 5.329442735429451572e-01 5.299321795805387314e-01 5.333609279260805858e-01 5.359417080628654517e-01 5.338909130059735775e-01 5.337591666507015553e-01 5.335572167135815835e-01 5.339435448840399445e-01 5.318881019569658974e-01 5.359322261186350023e-01
1.085061969717585062e-01 1.422130409850699551e-01 2.516093183578239634e-01 4.980158498225522590e-01 4.299449097315018453e-01 4.504241413305730690e-01 1.000000000000000000e+00 6.871548453999806183e-01 6.955236213763149600e-01 6.436836915219027455e-01 6.395998720145358307e-01 7.486376882395860966e-01 6.544508519863850848e-01 5.384590925334467038e-01 7.777303649470594937e-01 7.708960009651881773e-01 7.204219578726062112e-01 7.241317160925941909e-01 7.570078555665741282e-01 6.064767951437278759e-01 6.993700786254496427e-01 7.536450711909630229e-01 7.607625509329009050e-01 7.075511721693493739e-01 7.325112146857631901e-01 7.983251569418872151e-01 7.557562866922191702e-01 7.634875899105351138e-01 7.638917918670330431e-01 7.219340687717090699e-01 7.756818796006914596e-01 7.936590060559122195e-01 7.695402006234475234e-01 7.876125748939045712e-01 7.708616422136753688e-01 7.713044096211991718e-01 7.694236639661566901e-01 7.950580229984420821e-01 7.970231361595018216e-01 7.971152671445237425e-01 7.916854028225731588e-01 7.785558848907244700e-01 7.989250671814041027e-01 8.022497726015193065e-01 7.901829517656095980e-01 8.032870920110701807e-01 7.762537140562340010e-01 7.742266560106272344e-01 7.787774211026051718e-01 7.906677039763869708e-01 7.946000863444014906e-01 7.633032348240169629e-01 7.700949530592202663e-01 7.814165503732874996e-01 7.788577948412401808e-01 7.969917023273318524e-01 7.734538269054241910e-01 7.749865445138759412e-01 7.826150976175048068e-01 7.739738814554215640e-01 7.856503318044956163e-01 7.815097574803212543e-01 7.797959908745409896e-01 7.884283904485654970e-01 7.777018911682059832e-01 7.786957326752081965e-01 7.818617358118920002e-01 7.853855652824672795e-01 7.963632066636548990e-01 7.767457473914666233e-01 7.829084542062284546e-01 7.880070137321659729e-01 7.839556172035168080e-01 7.841353175721278435e-01 8.035743410753370952e-01 7.884105269888899148e-01 7.991453723149989363e-01 7.932838533225595734e-01 7.892909999449981839e-01 7.749244827512976608e-01 7.836450806210033537e-01 7.830937026112076982e-01 7.966244589934319276e-01 7.914871742654121523e-01 7.950686185146039753e-01 7.924262431896035297e-01 7.899597446627489861e-01 7.985410457579397159e-01 7.946482133107988233e-01 7.948928994008279680e-01 8.022176550246225002e-01 7.966802856599269900e-01 7.878184385640718546e-01 7.951412903577030900e-01 7.788258761958900545e-01 7.804667989640090564e-01 7.926798870044768908e-01 7.892560691461549816e-01 7.794002083713695850e-01 7.906242171622053228e-01 7.910761266963372007e-01 7.923037303949554966e-01 7.767309132755695344e-01 7.841434396644332283e-01 7.901246366616782035e-01 7.864821410130262702e-01 7.841373609939357170e-01 7.828353871098693295e-01 7.908352597168252229e-01 7.848145974548640380e-01 7.875874316326036961e-01 7.785232507356290022e-01 7.829211419382910986e-01 7.831963369859999968e-01 7.888864162569030336e-01 7.783363830098163350e-01
9.038522144089437826e-02 1.180521921851257205e-01 2.292561201274985194e-01 4.657627880657983499e-01 4.217892379425352001e-01 4.077186974836045086e-01 6.871548453999806183e-01 1.000000000000000000e+00 6.695204312532854196e-01 5.951743032963414670e-01 6.152695051871800436e-01 7.200964908977079970e-01 6.280993004233514920e-01 5.347064011598825495e-01 7.388197158443160495e-01 7.598291519352279311e-01 7.081453517682182452e-01 6.969169660725036408e-01 7.199831483390092268e-01 6.073792628511118785e-01 6.819420933443370858e-01 7.240790730123692898e-01 7.323336441802896779e-01 6.755965840159984248e-01 6.920066448425159500e-01 7.630981439291630863e-01 7.184881616482491351e-01 7.244222196579542805e-01 7.302320464635715380e-01 7.008462860106676739e-01 7.437998558345236821e-01 7.655071634397714320e-01 7.290493072724761880e-01 7.612044471570617032e-01 7.436516322500529297e-01 7.504183727644540003e-01 7.430767384450956969e-01 7.634832380314008349e-01 7.693910936391199495e-01 7.625812895131275360e-01 7.633563854113837310e-01 7.451951637146648766e-01 7.727984454950810322e-01 7.738708802920062357e-01 7.624612820541912805e-01 7.711662483112992073e-01 7.501543696948844708e-01 7.490416370121667500e-01 7.542049531411897378e-01 7.655922273100382869e-01 7.672927661000847888e-01 7.334567659403867790e-01 7.433360546684567582e-01 7.581207107580586468e-01 7.531340186381237922e-01 7.665862787052080130e-01 7.613667461072228804e-01 7.505687959590015002e-01 7.595105994776862879e-01 7.535347945333807917e-01 7.610712354924819012e-01 7.645460009438843629e-01 7.627753369656850024e-01 7.717071865744621340e-01 7.595297333281108010e-01 7.592859991044064172e-01 7.555989118928242432e-01 7.558325117307191920e-01 7.692917942842920631e-01 7.559510708805943224e-01 7.562398115933073317e-01 7.569187074627150569e-01 7.538248085278574928e-01 7.524909230592624620e-01 7.720253042209493932e-01 7.604425856008975027e-01 7.655300379750125117e-01 7.666922127806986564e-01 7.643884163449117253e-01 7.478636846794418647e-01 7.560272571819539600e-01 7.555214457517209770e-01 7.704782362902971027e-01 7.615160535411548137e-01 7.652644045800143235e-01 7.617366950039213824e-01 7.641325744427499567e-01 7.694607557975325918e-01 7.679677056400915358e-01 7.679246596340461029e-01 7.690876674875315455e-01 7.637700864054126626e-01 7.566830800519651623e-01 7.662684712294479672e-01 7.520651551732814299e-01 7.543888740478736921e-01 7.625452533118309839e-01 7.635084403341663162e-01 7.535550130150716619e-01 7.616772604958880200e-01 7.610640986264940455e-01 7.670601284703081335e-01 7.490912653626820017e-01 7.559273247517623862e-01 7.604771440178595965e-01 7.631368171921270038e-01 7.584915299593063542e-01 7.586130053541640939e-01 7.616688433656415569e-01 7.602354495423506719e-01 7.611198649679448147e-01 7.561428701559974597e-01 7.594535077148099056e-01 7.619384345334569986e-01 7.641393358375522249e-01 7.534629015100207106e-01
8.202246517947879567e-02 1.462136697979969646e-01 2.769482661633170806e-01 5.011222359801658088e-01 4.044357188462182617e-01 4.574199876271217713e-01 6.955236213763149600e-01 6.695204312532854196e-01 1.000000000000000000e+00 7.260496141979028151e-01 7.341000012885396941e-01 8.029680634848339604e-01 7.313733830045505702e-01 6.024286600414782145e-01 8.182023447602957411e-01 8.065247565650182082e-01 7.846087008153205256e-01 7.891692295670159618e-01 7.882251317700068594e-01 6.879774155653658463e-01 7.474015120180986793e-01 7.937550989120750744e-01 8.112658509652869165e-01 7.602951270069493450e-01 7.729798913973369157e-01 8.312796620954516769e-01 8.213187782896407274e-01 8.238200104535747803e-01 8.064805733240852925e-01 8.090262516441228957e-01 8.376667910048043453e-01 8.485772836222916782e-01 7.942455694224929141e-01 8.201141731204535379e-01 8.119691403568688459e-01 7.847951313151094732e-01 8.401506551823222368e-01 8.362294428182410755e-01 8.337349247795667884e-01 8.211995540894323486e-01 8.469212910990733256e-01 8.412104985734860652e-01 8.347867305136957849e-01 8.557018297502891890e-01 8.511690120269597148e-01 8.453079252301474167e-01 8.559029929722666852e-01 8.564903310363396471e-01 8.585334474343595534e-01 8.430951576616771970e-01 8.582887656735141979e-01 8.246605788906100631e-01 8.432607240266580817e-01 8.579661023257084684e-01 8.497635303765360693e-01 8.546246968089149521e-01 8.475317696048847438e-01 8.492889206551602621e-01 8.554168941886497457e-01 8.563186428804245853e-01 8.570306668575800035e-01 8.601377502414948584e-01 8.493288477029630190e-01 8.538673081922470987e-01 8.517819274803801743e-01 8.572492972387716348e-01 8.571966247375123471e-01 8.565895328511676787e-01 8.651452545791983306e-01 8.595807797553297602e-01 8.550467092352730392e-01 8.585874182136336019e-01 8.568175256289070063e-01 8.570834112324318133e-01 8.646973480762795150e-01 8.604063567749987707e-01 8.626252068829746156e-01 8.586315315755648214e-01 8.564184305712707612e-01 8.550563955430875440e-01 8.583671519091460311e-01 8.599180844349372244e-01 8.574368720290430623e-01 8.565063538126578280e-01 8.567022531804158181e-01 8.605902419762797573e-01 8.564709479108981727e-01 8.561740660709288298e-01 8.560876334226563689e-01 8.580431213531024559e-01 8.536923650921833806e-01 8.611790572186469594e-01 8.572512659372637511e-01 8.573271381406114555e-01 8.570916212006935986e-01 8.554930956189027436e-01 8.492538805344655994e-01 8.585700718772631967e-01 8.579353158821680925e-01 8.600752844514311102e-01 8.516070078278387134e-01 8.579573713690571424e-01 8.588692576299196135e-01 8.569183735509315891e-01 8.596899727248152878e-01 8.524521835842618911e-01 8.594784005671705085e-01 8.585693953657419497e-01 8.560547032534411294e-01 8.545194716852709815e-01 8.522562917583250686e-01 8.574093938047837593e-01 8.538949618459008573e-01 8.559616307164764626e-01 8.589193508092274332e-01 8.600805764391697972e-01
1.838326923459081275e-02 1.659309342656376252e-01 2.286058275501789694e-01 4.453483524695967533e-01 3.631002462473532644e-01 4.359144557140950949e-01 6.436836915219027455e-01 5.951743032963414670e-01 7.260496141979028151e-01 1.000000000000000000e+00 6.726457957229592388e-01 7.399316875550756567e-01 6.740547106503931296e-01 5.505517327522467808e-01 7.642141006697565908e-01 7.373820106366248961e-01 7.107279678794063971e-01 7.213235017946556527e-01 7.255230944450096198e-01 5.846933355394485776e-01 6.592077806341790636e-01 7.244934023077075347e-01 7.513268255770856330e-01 6.908044406362223722e-01 7.179245849058089046e-01 7.580441859050180975e-01 7.520595683610921123e-01 7.488941907899385741e-01 7.290805042691149707e-01 7.411116893068036005e-01 7.685524741606222232e-01 7.902572610372960993e-01 7.240497124832812048e-01 7.511109944971637864e-01 7.363173859650796738e-01 7.232392974841455047e-01 7.777733815498768521e-01 7.820629797117003568e-01 7.837071159920638852e-01 7.610504011173317984e-01 7.931961633843689352e-01 7.973674740429218533e-01 7.906791167294422440e-01 7.992788048860052230e-01 7.979998243165501437e-01 7.882972899678752920e-01 8.101232255733833432e-01 8.135965057042308102e-01 8.044076122909024074e-01 7.799727085879956112e-01 8.014520539547687061e-01 7.558859970522944227e-01 7.849519079556402934e-01 8.030124479517927183e-01 7.924098550454864442e-01 8.001970533422148035e-01 7.689671888157478818e-01 8.022810109649626265e-01 8.008164784878746278e-01 8.026314339031417333e-01 8.054929585880263865e-01 7.998472955045143884e-01 7.871733375035452340e-01 7.933530582621369787e-01 7.912122339215617028e-01 7.930891947171611056e-01 8.084826953718869946e-01 8.115211861817056560e-01 8.049422188965279501e-01 7.961943570098816148e-01 8.077760957288782073e-01 8.095584823043669997e-01 8.040243442019540110e-01 8.068619436100173958e-01 8.073114445924958194e-01 8.024086315960757831e-01 8.035063893971905458e-01 8.002477571853493510e-01 8.046765946471273745e-01 8.026302285951094628e-01 8.053483710541214924e-01 8.099244881881602076e-01 8.064946639185106569e-01 7.999404024553905534e-01 8.041447571954775109e-01 8.077215922474285659e-01 8.075437599041415115e-01 8.080987366077511114e-01 8.096358411100074148e-01 8.076254616666136421e-01 8.009820750269779355e-01 8.108588880050471293e-01 8.100092876947045939e-01 8.098222672276035317e-01 8.122969022788373294e-01 8.122972407278246099e-01 7.994952704545247313e-01 7.960459844128038309e-01 8.099503406044333831e-01 8.116858452135925495e-01 8.112333846849061336e-01 8.065327208567758532e-01 8.041519524964479970e-01 8.120662990458655806e-01 8.067988043829088518e-01 7.949390370559358265e-01 8.089183543780562591e-01 8.119582964319328466e-01 8.093589411471966422e-01 8.088941087525844953e-01 8.089834632035748374e-01 8.112968607741302129e-01 8.090764474731709788e-01 8.075296958949088610e-01 8.036999182694496424e-01 8.031609862093912477e-01
5.733937351483735061e-03 1.307881005556524867e-01 2.517056866994296649e-01 4.622239718559938981e-01 3.585704185582934689e-01 4.631808467406473007e-01 6.395998720145358307e-01 6.152695051871800436e-01 7.341000012885396941e-01 6.726457957229592388e-01 1.000000000000000000e+00 7.662106558203378714e-01 6.924647120917802878e-01 5.872956732588692219e-01 7.898120304796047986e-01 7.441244945320263371e-01 7.300377144670315843e-01 7.289948652003083174e-01 7.084337052524656286e-01 6.215008866623541461e-01 6.671681146759507186e-01 7.247889619247850357e-01 7.533752832911653208e-01 6.959162710490253145e-01 7.071589834502346461e-01 7.617832263715162977e-01 7.621757449879745794e-01 7.670623859966140268e-01 7.446138189907639537e-01 7.590202522138805863e-01 8.015380265255708236e-01 8.005660363110533861e-01 7.340981617178319318e-01 7.581296853083607790e-01 7.461101301637740324e-01 7.299847919759506754e-01 7.988244311828255340e-01 7.880466104643067959e-01 7.925758548980299523e-01 7.751359782926949826e-01 8.011787890892547725e-01 8.054236116613385787e-01 7.933495358268150000e-01 8.164912701191593403e-01 8.107990889212324248e-01 8.015362981075141446e-01 8.201631271623570640e-01 8.238276747184218873e-01 8.159079369278133820e-01 7.906282243214564076e-01 8.085822638811210883e-01 7.729680743546696320e-01 8.011947633149920645e-01 8.188311121906982626e-01 8.143215601307690621e-01 8.161392107840705901e-01 7.921607891141116964e-01 8.160658317985847177e-01 8.134877783184689681e-01 8.190987568904547489e-01 8.213173663102709687e-01 8.174941897839876903e-01 8.077369358260715337e-01 8.068888844554471529e-01 8.032030553539353246e-01 8.155137636203549922e-01 8.228715465251177363e-01 8.213471892941364150e-01 8.178641416307471657e-01 8.166987605365089165e-01 8.165534693117258991e-01 8.184011552083556573e-01 8.098840540599998583e-01 8.141257019458704169e-01 8.191291921517818153e-01 8.196072336184641038e-01 8.149759229524401460e-01 8.129973187385564071e-01 8.169029594250294402e-01 8.177679554806810414e-01 8.194725673521767728e-01 8.271312578996665721e-01 8.154573861243921140e-01 8.128879570456502002e-01 8.154478139933699632e-01 8.176292304026147040e-01 8.186326730649879924e-01 8.174091766755853250e-01 8.196481071904413440e-01 8.202749827185116249e-01 8.141217909125829655e-01 8.217939670034163369e-01 8.253212362315757167e-01 8.235469288555677947e-01 8.257431647933154428e-01 8.242973333244729695e-01 8.158918044265127678e-01 8.110371508946152552e-01 8.272898422321163237e-01 8.235645432834550750e-01 8.229948725386563302e-01 8.194613404144607260e-01 8.224748236216067321e-01 8.263006248190626346e-01 8.206892016506182053e-01 8.110724350761673307e-01 8.213788073092439523e-01 8.251704967986653871e-01 8.219285539051599532e-01 8.229517291178533034e-01 8.234019156294856145e-01 8.257517882976750379e-01 8.235112905711877707e-01 8.219382691979264521e-01 8.207050806103315388e-01 8.203002596998936191e-01
5.092353209424915761e-02 1.568326175342344697e-01 2.841277272732160020e-01 5.152517871924020554e-01 4.162548604773474992e-01 4.949677160324935099e-01 7.486376882395860966e-01 7.200964908977079970e-01 8.029680634848339604e-01 7.399316875550756567e-01 7.662106558203378714e-01 1.000000000000000000e+00 7.612488092236469051e-01 6.381987691046950850e-01 8.715858867250889652e-01 8.607540869325456256e-01 8.189502000932733505e-01 8.182154886885614209e-01 8.221030196839120840e-01 7.049518959137013319e-01 7.805736038831929680e-01 8.300958104879651023e-01 8.478657905414639373e-01 7.857294003254677861e-01 8.011086503220808952e-01 8.721584304542534527e-01 8.516822794390853657e-01 8.472974176653612632e-01 8.340196277786887658e-01 8.317258437478594058e-01 8.808326668622152855e-01 8.976494285560954189e-01 8.425875326695977385e-01 8.673746861550698517e-01 8.508014539616858274e-01 8.388738643185272847e-01 8.758359341939927489e-01 8.905021828018464536e-01 8.924155919681742155e-01 8.753123951921684132e-01 8.990577430633283074e-01 8.938983673793633455e-01 8.956901083847981226e-01 9.112781604022254234e-01 9.003050838599525596e-01 8.982691901362342968e-01 9.031194917586224946e-01 9.058420535900525428e-01 9.063693507164978236e-01 8.929541591878324969e-01 9.060838265648835099e-01 8.728864726447437272e-01 8.920193856866398541e-01 9.080561177163175568e-01 9.013674238417396234e-01 9.072118986366094484e-01 8.961489311546987357e-01 9.010013439902661014e-01 9.036111642270231448e-01 9.041440470259983764e-01 9.095203884736053901e-01 9.089915782801532007e-01 9.007209291646689486e-01 9.066742573294236385e-01 9.036085327807824585e-01 9.070088426808262660e-01 9.078995360041146601e-01 9.082846783821389991e-01 9.126484249786940284e-01 9.052152343334508577e-01 9.060855753109088306e-01 9.080791037809359256e-01 8.992336689412723238e-01 9.037880023959342646e-01 9.118991663508795309e-01 9.067672761469143250e-01 9.075895325227614219e-01 9.041380615775929108e-01 9.056426103251095094e-01 9.003378606640084492e-01 9.060243709789511657e-01 9.071295023995628037e-01 9.118773456906201780e-01 9.058983430866003328e-01 9.097108156595590245e-01 9.094798750440553636e-01 9.075509531343428637e-01 9.125740213925420674e-01 9.107114913367670983e-01 9.111485934349393689e-01 9.091405366072716765e-01 9.115695321313990185e-01 9.095972462803428860e-01 9.110508963233793223e-01 9.095099849367654921e-01 9.080421031516235919e-01 9.050242097956053833e-01 9.086336312483065392e-01 9.088947275714576168e-01 9.108960266916972248e-01 9.075917756218153665e-01 9.117930736471807629e-01 9.065965362849578435e-01 9.102486126467025374e-01 9.117118534151021914e-01 9.079621620896105583e-01 9.110119133380470968e-01 9.098218424724714426e-01 9.107647230863266108e-01 9.085954113259179232e-01 9.079345580291139362e-01 9.089568260925871002e-01 9.094760514078452651e-01 9.098592900253779092e-01 9.126979573104669896e-01 9.101324487922796136e-01
8.098400202608633386e-03 1.462000877989337588e-01 2.388750025441506164e-01 4.620435632414722216e-01 3.840180249825237979e-01 4.471217746199227516e-01 6.544508519863850848e-01 6.280993004233514920e-01 7.313733830045505702e-01 6.740547106503931296e-01 6.924647120917802878e-01 7.612488092236469051e-01 1.000000000000000000e+00 5.772822421312909791e-01 7.968482715255841287e-01 7.737995866282341151e-01 7.385999538856877766e-01 7.249837636103789729e-01 7.363207819807928711e-01 5.922507925721233191e-01 6.644128430135928243e-01 7.303836223742166123e-01 7.527108127575312668e-01 6.868927923416924264e-01 7.113153559090864553e-01 7.732150885064746904e-01 7.650845312627626571e-01 7.595845570050300255e-01 7.482086271056588300e-01 7.530915440699034180e-01 7.885964770750782948e-01 8.068586713034489044e-01 7.429770850994281695e-01 7.662633419741743390e-01 7.574053454508063998e-01 7.589813784261030261e-01 7.873235684540809132e-01 7.973939433876356953e-01 8.071648506929255396e-01 7.753070865821920510e-01 8.140517460071888811e-01 8.128324280053704776e-01 8.156637085301345902e-01 8.247796539868602617e-01 8.187707392264544914e-01 8.122157024702811867e-01 8.327282247330459741e-01 8.375382458907671968e-01 8.279626125387005153e-01 7.992878139771704138e-01 8.149191282509461454e-01 7.785593238789906279e-01 8.112613961639909554e-01 8.343416759920387893e-01 8.283368173584743088e-01 8.264759765855856921e-01 8.106555281134599777e-01 8.262522045247139291e-01 8.259505100214341589e-01 8.348301772845680979e-01 8.332646582837412996e-01 8.317102427792339991e-01 8.217745509213615351e-01 8.241429693647981392e-01 8.260547674392838546e-01 8.282358460948817669e-01 8.350035611368200605e-01 8.319944540827995949e-01 8.286681694341476723e-01 8.152498330344017941e-01 8.263275787729840172e-01 8.291604426173996290e-01 8.177730697783293090e-01 8.229350481190081945e-01 8.287838795426636374e-01 8.305081899868863582e-01 8.274251944493473676e-01 8.271955871574240282e-01 8.296796179724702514e-01 8.257529284407360004e-01 8.267081408625535088e-01 8.315609200565109438e-01 8.333515043117165622e-01 8.275047701650506404e-01 8.268059217454432064e-01 8.292600970383309233e-01 8.305686291459652981e-01 8.314696142608665186e-01 8.329510522224494729e-01 8.332063057060021816e-01 8.235230699301012702e-01 8.333621190252785693e-01 8.335060544412700168e-01 8.346188168977027866e-01 8.368421886529079368e-01 8.390475714167932031e-01 8.260666418764710528e-01 8.269126679211096231e-01 8.348089852010383005e-01 8.331473541156811935e-01 8.345894786116057062e-01 8.351889431721238877e-01 8.280304430502251067e-01 8.365160400472915203e-01 8.322474079800511459e-01 8.321967030822762235e-01 8.363873091211353472e-01 8.381936458465911732e-01 8.390630426626146665e-01 8.376278113397522818e-01 8.389335854520144631e-01 8.381657581275913094e-01 8.391926465636491139e-01 8.361038443896605665e-01 8.359122174035475972e-01 8.350439952779249442e-01
