1.000000000000000000e+00 2.541745059163266762e-01 2.569211017004604525e-01 1.628949306683406817e-01 6.800676705196229133e-02 2.985741844247929294e-02 1.155584625959819173e-01 7.525500027621473409e-02 2.771009919739333971e-01 1.617505304539040012e-01 1.280318942383251168e-01 5.875503128520050133e-02 4.765055446705580844e-02 7.038552085532556735e-02 3.513538247283411187e-02 4.691717637602259294e-02 1.754371641761096612e-01 2.871226708253828974e-01 2.113125849671160794e-01 2.229011621696428413e-01 2.927584367413710864e-01 3.075990347445352602e-01 2.501529058048260756e-01 2.339891901567561772e-01 2.682175588244369857e-01 3.388529809747487520e-01 2.853059024074777739e-01 2.822723511074677338e-01 3.115354920500641445e-01 2.470679772853591472e-01 2.626995199979719198e-01 1.157600418846698315e-01 9.988320772070177767e-02 1.328936454639199072e-01 1.409942881800362036e-01 1.461833756991426092e-01 1.847787481129334330e-01 7.617779354685710880e-02 6.776755247881011135e-02 9.052161809730747966e-02 1.137570878252893991e-01 8.838653979344424094e-02 7.056112720751571421e-02 7.181982013916750340e-02 1.431835891331890709e-01 1.117507494270000845e-01 2.736706963813463622e-02 4.946917349826845250e-02 3.641857479658400232e-02 3.096638009420514537e-02 4.426976321528758307e-02 6.770351549372082001e-02 4.716048277314336540e-02 7.739890566031379371e-02 7.422990430139585205e-02 1.043250562486229549e-01 6.525798540877963960e-02 5.623335694643674665e-02 5.714698710227695405e-02 6.506379287969354941e-02 5.367247426766421498e-02 5.591614965955590821e-02 2.660756494586594481e-02 2.857367219083915486e-02 1.230823105651016325e-01 8.829181842109276590e-02 5.565668247405201885e-02 7.298941671870882997e-02 8.147007660589938860e-02 1.233533382512717741e-01 1.084991541312256280e-01 1.139981075077336203e-01 8.521524699449167795e-02 1.026063372069879048e-01 1.272394185529547028e-01 1.207676800838924369e-01 1.179856298534872755e-01 1.537081191016745896e-01 1.068034178278355062e-01 1.184598538636938286e-01 1.157241419342945610e-01 1.158730675649544961e-01 9.728564378234288990e-02 8.311958819554504663e-02 3.754576351449483845e-02 6.391089824478747572e-02 8.198557179584133048e-02 3.759732810205953374e-02 5.638556083488054094e-02 8.652534161351874142e-02 6.881126791047990909e-02 3.700901107976605625e-02 6.862876722791450002e-02 4.306858059915896070e-02 1.407171868591610212e-02 2.259261221536576492e-02 3.883352114166723455e-03 4.892697337500064719e-02 2.434971544943702673e-02 2.952603161563189735e-02 1.661002832644056099e-02 1.947768011740519389e-02 2.654610784544835650e-02 2.416839250708189765e-02 4.920186067389196310e-02 5.475254150258125618e-02 2.951626209939747433e-02 4.768467051816509261e-02 4.654724357630620618e-02 3.905538825212796772e-02 3.812159149727582103e-02 3.303929392481603361e-02 2.941851416712425518e-02 2.813675243557186775e-02 7.185915596812039730e-02 5.820132628972740640e-02
2.541745059163266762e-01 1.000000000000000000e+00 1.619699906454263316e-01 1.201954572443257735e-01 1.086332232534278353e-01 1.243403058557323582e-01 1.440685386352830721e-01 1.251959990383421095e-01 2.312098777310639397e-01 2.304307023000399801e-01 1.572398827526540477e-01 1.377889858514355359e-01 1.198450176935411254e-01 1.371208827258045826e-01 1.497897650219801591e-01 1.329945624925221448e-01 2.090482853080291858e-01 2.029846315227462339e-01 1.792158339771340037e-01 1.504206801966413709e-01 1.652663505952789991e-01 2.007962133570678209e-01 2.622544527320970764e-01 1.857126801756256440e-01 1.960529447164363059e-01 2.739913782061363379e-01 2.179171267581562210e-01 2.403592147131357049e-01 2.680920600336180737e-01 1.888755106244864035e-01 2.101152479061445810e-01 2.059533726377802132e-01 1.678903159509395615e-01 1.780529796941931753e-01 1.660769044247169257e-01 1.825112014023121398e-01 1.728736572965592355e-01 1.736014059762472084e-01 1.541206416882855978e-01 1.751681652558901847e-01 1.877474576638898385e-01 1.728332429609478471e-01 1.285737034502340004e-01 1.482086946952744511e-01 1.833834456307605054e-01 1.702833332939369670e-01 1.474798357699171059e-01 1.666240385840705718e-01 1.547197517580738146e-01 1.392176965520747212e-01 1.400273776928356861e-01 1.154223147961499357e-01 1.329075460678445231e-01 1.722938306518449481e-01 1.759453336578851723e-01 1.994677225256949460e-01 1.540911465606440434e-01 1.482737614946785520e-01 1.569225267320056294e-01 1.544614607714855925e-01 1.440091222102460877e-01 1.488312006824242806e-01 1.420886121784610823e-01 1.432467147295566068e-01 1.723174094941199441e-01 1.657655936707954913e-01 1.642645222927425208e-01 1.638713368047352292e-01 1.823247587469323527e-01 1.687477318502626777e-01 1.556228439870051827e-01 1.739754676924216426e-01 1.657122972170175235e-01 1.682644066019265416e-01 1.977268647698691428e-01 1.870242595962626764e-01 1.861059477545582153e-01 2.256198922574126908e-01 1.760259182872795369e-01 1.828102171261047904e-01 1.772284253759769945e-01 1.845797985545699904e-01 1.949301236294425643e-01 1.712839881766181072e-01 1.548234072410435425e-01 1.655957903796228814e-01 1.676857202699757188e-01 1.630465215290528014e-01 1.654261863031920021e-01 1.854022978501708441e-01 1.650730384205389145e-01 1.544629385321234505e-01 1.611537430720280939e-01 1.485778055275188692e-01 1.427905195187005039e-01 1.500768349758807851e-01 1.324450435367440781e-01 1.441896950276716216e-01 1.365017737333372450e-01 1.465606737958978500e-01 1.297832148003774944e-01 1.411339543527082019e-01 1.416091428611830905e-01 1.395137789065133138e-01 1.534475223484001172e-01 1.496231005880004905e-01 1.507148800734644523e-01 1.675143235025269017e-01 1.602689904169115609e-01 1.487870423086776472e-01 1.490032925931992214e-01 1.489839402134500168e-01 1.484063292385169874e-01 1.495412521326233979e-01 1.667678070934968115e-01 1.626527038000872283e-01
2.569211017004604525e-01 1.619699906454263316e-01 1.000000000000000000e+00 4.705417730546408994e-01 2.209393400767071802e-01 2.314340931996266559e-01 4.069713056875589596e-01 3.570935876667855058e-01 4.422186290925629870e-01 3.409945949062350712e-01 4.482700460595489544e-01 4.150734853989367368e-01 3.322684960738547799e-01 3.534918497672825399e-01 3.799479362591592357e-01 3.741784811836311175e-01 3.964388226065548304e-01 4.657729101914236391e-01 4.507217163320407227e-01 3.473578175419845815e-01 4.700647469475928708e-01 5.011729051321599515e-01 4.575055812999101468e-01 4.882177323256336465e-01 4.578576069522440894e-01 5.030058473177057010e-01 5.170939965348811951e-01 5.083715490354571154e-01 4.918128938716732623e-01 4.847886926475076796e-01 5.184977072840953882e-01 4.255252173483464184e-01 3.904804751849230149e-01 4.284242028903801902e-01 3.885975539746726048e-01 4.426823002982771538e-01 4.485863529645526260e-01 4.015613880277644210e-01 4.110709851852369368e-01 4.291196220441900744e-01 4.131985617047917447e-01 4.183232300251079616e-01 4.271981142726537506e-01 4.140410949888773673e-01 4.587549084848547287e-01 4.233188679510040964e-01 3.486011732519718187e-01 3.546930347418243423e-01 3.571573162038675364e-01 3.656296734224478429e-01 3.881341825711173144e-01 4.033309540919024494e-01 3.814337721352568655e-01 3.667880371435478515e-01 3.573924661479930265e-01 3.862373075204657003e-01 3.805460621116030784e-01 3.863444510539201793e-01 3.668690335105371791e-01 3.857333727707231708e-01 3.825997909419998622e-01 3.788471460156205284e-01 3.589489678435833220e-01 3.745356335665137038e-01 4.143213288989712195e-01 3.914128182944216494e-01 3.685163375755929893e-01 3.979984595303122097e-01 3.989344421958462839e-01 4.065161652672380499e-01 4.323262188950547924e-01 4.313181632166808721e-01 4.128094006783952219e-01 4.203380449105869610e-01 4.143669087937224549e-01 4.278859475156237546e-01 4.142868624045544790e-01 4.191462734392396028e-01 4.274332909761829336e-01 4.145273734739419735e-01 4.191675570443723631e-01 4.302809718194114952e-01 3.955607218571636219e-01 3.721155535064348818e-01 3.656029159239629900e-01 3.888645670684115485e-01 4.011263199214894493e-01 3.674828860209006787e-01 3.894294004950547006e-01 3.941257860079646069e-01 3.957558525235401192e-01 3.697619959689957270e-01 3.952295471038855812e-01 3.834081678795362991e-01 3.433910091840746692e-01 3.446651636332803137e-01 3.522398948750688485e-01 3.683006545917112406e-01 3.596264171151881128e-01 3.662625629683846085e-01 3.676195801124151341e-01 3.593192960683129211e-01 3.558685405177309802e-01 3.630198823663698948e-01 3.830268439074939746e-01 3.744061585601703990e-01 3.514110858841242857e-01 3.520158670092684572e-01 3.538868318122789791e-01 3.637376499392570017e-01 3.676654831422917491e-01 3.563900187822178767e-01 3.621970114693420228e-01 3.607289300903588347e-01 3.816762170074281535e-01 3.714174965554151719e-01
1.628949306683406817e-01 1.201954572443257735e-01 4.705417730546408994e-01 1.000000000000000000e+00 3.551710670017249050e-01 4.418592458591980021e-01 6.310964310562171553e-01 5.901671920494281354e-01 5.555747460399438342e-01 4.349765712134914808e-01 6.374827030261425165e-01 6.625226035251190471e-01 5.181621280626855786e-01 5.185439445837927153e-01 5.897809368351887294e-01 6.029333884248365694e-01 5.080838397297877673e-01 4.626723424583516486e-01 4.959315207732198361e-01 4.189675664470075001e-01 4.983324761485097287e-01 5.429386138170387843e-01 5.228583282909989860e-01 5.818969410211851656e-01 5.038722639889883226e-01 5.552320051260164480e-01 6.042430232400476386e-01 6.238099991081165197e-01 5.725571895518666299e-01 5.431252118332294820e-01 6.087286950942421004e-01 5.692873447275114129e-01 5.584862781262482923e-01 5.819561456834477786e-01 5.028529485082146033e-01 6.081663057287752805e-01 5.685989145098668818e-01 5.781059242304485979e-01 5.878444828508527786e-01 6.156516454259484128e-01 5.970603271627348274e-01 6.165752950215310779e-01 6.432417544907668150e-01 6.199708005691526580e-01 6.356037732732412460e-01 5.882659961886804734e-01 5.391771983524850098e-01 5.313678253437580379e-01 5.532779476388927087e-01 5.826511433083889635e-01 6.060939572150859656e-01 6.266742435571277525e-01 5.919772169684243135e-01 5.294960569211941692e-01 5.064222669447540071e-01 5.376911765552171429e-01 5.857454083406928858e-01 5.861040293128525480e-01 5.573876319846071681e-01 5.725316505296036418e-01 5.833388504410338404e-01 5.555512061197215301e-01 5.544419117158565502e-01 5.669315494130189315e-01 5.705828592035943059e-01 5.607811452603652658e-01 5.470362958900459871e-01 5.469445962439916098e-01 5.686193597637410058e-01 5.539188435742441463e-01 5.792044466841315131e-01 5.846423949487828953e-01 5.768423756708498384e-01 5.757739832180316375e-01 5.691440477767473194e-01 5.888225049256987642e-01 5.845479562568663967e-01 5.603725364726300784e-01 6.017889834329556153e-01 5.674404310696244957e-01 5.730165820988973868e-01 5.775588774804591985e-01 5.611360384669649148e-01 5.447612114299390518e-01 5.637084114607644469e-01 5.695730319793185226e-01 5.764749255695874597e-01 5.584896884864005706e-01 5.723342986802557597e-01 5.717770521916724080e-01 5.812619672223721112e-01 5.636861179037335745e-01 5.784725089758564476e-01 5.787799496418897238e-01 5.275839175035118567e-01 5.271859164959339372e-01 5.761436975239004887e-01 5.702524435620152099e-01 5.608914820663336576e-01 5.676449423632683455e-01 5.736610915208446571e-01 5.619884032294631959e-01 5.554653611006709069e-01 5.629481299695827667e-01 5.804743048561467056e-01 5.709724013331606285e-01 5.390103062158133618e-01 5.230345851216874342e-01 5.280170068018380514e-01 5.491004604600343564e-01 5.589051067205645928e-01 5.438364798741879280e-01 5.486665272307152952e-01 5.482969340037723294e-01 5.506209601927792852e-01 5.522239127057790853e-01
6.800676705196229133e-02 1.086332232534278353e-01 2.209393400767071802e-01 3.551710670017249050e-01 1.000000000000000000e+00 3.278589270087928220e-01 4.576115664564677776e-01 4.585691768596107942e-01 4.308343865085969560e-01 3.822758701979084295e-01 4.434318566541710083e-01 4.732477924734647678e-01 4.705268594313558594e-01 4.255768294844629596e-01 4.894193325150167917e-01 4.985588954984341847e-01 3.986348473709522278e-01 3.250565775927157786e-01 3.448774402897897828e-01 3.191664759816535413e-01 3.315950730041687944e-01 3.442580007388849617e-01 3.666846896029858360e-01 3.798194189852412417e-01 3.346858862336973828e-01 4.056201429595867602e-01 4.478112398515744497e-01 4.345599654408697221e-01 4.147414207684309018e-01 3.935243696367616284e-01 4.315556203573095995e-01 4.419354503774728382e-01 4.003296921750889026e-01 4.393694073172668135e-01 3.905922427166694799e-01 4.358592664518714521e-01 4.362105627708863231e-01 4.493529617457581726e-01 4.554235067854328634e-01 4.641888056574193788e-01 4.841161839401967315e-01 4.893743125170876840e-01 4.929756939135232496e-01 5.003937228712564966e-01 4.807086183737376284e-01 4.785077262141363974e-01 4.816799117737881608e-01 4.708111995908402236e-01 4.808517524825695055e-01 4.736722947364996328e-01 4.857389346590121892e-01 4.920214994375046169e-01 5.009241456748660948e-01 4.577779728262468262e-01 4.392464929166482457e-01 4.477481524055787476e-01 4.790165382273702810e-01 4.876772352691691181e-01 4.698067263766910195e-01 4.905536557080334981e-01 4.964784834053896367e-01 4.723682543023432490e-01 4.675070686555485855e-01 4.705439013070567555e-01 4.679916889310238304e-01 4.807626202734136545e-01 4.747009108741770400e-01 4.686698159335992431e-01 4.777644480331559307e-01 4.675235533762363560e-01 4.639522554661346110e-01 4.689064273772816649e-01 4.694880946503831032e-01 4.619945997668803983e-01 4.806437931046960155e-01 4.826623345183198577e-01 4.810101953932103824e-01 4.757219437472058887e-01 4.821390810988109288e-01 4.596660664108521144e-01 4.722217406721115895e-01 4.817872935824424330e-01 4.707347453290671169e-01 4.550709547709546610e-01 4.773765225507286547e-01 4.741066719043300903e-01 4.773865467397285789e-01 4.722640089563113763e-01 4.757792888192486913e-01 4.751696968786069952e-01 4.776502614600480201e-01 4.823681703099754192e-01 4.844625823322922242e-01 4.852872962347822838e-01 4.753096752522394941e-01 4.734584177978845565e-01 4.831966920765179418e-01 4.823130160401690736e-01 4.873921496308418200e-01 4.852126629583851103e-01 4.861702536453033630e-01 4.771626379053500178e-01 4.863319988337539979e-01 4.876872875976182575e-01 4.909704684477372294e-01 4.754596156152977038e-01 4.778590493867983513e-01 4.700375027447686316e-01 4.689790372168885502e-01 4.803992930833015929e-01 4.749924478380765924e-01 4.812541762900025555e-01 4.746055985320585813e-01 4.766779242358469282e-01 4.723852344321974872e-01 4.817231802316633837e-01
2.985741844247929294e-02 1.243403058557323582e-01 2.314340931996266559e-01 4.418592458591980021e-01 3.278589270087928220e-01 1.000000000000000000e+00 5.432388822481126756e-01 5.049126606887008872e-01 5.240877329473486723e-01 4.736398750846406713e-01 5.627305915771430023e-01 6.037118787352896421e-01 5.486752963708492192e-01 5.315250090354691759e-01 6.058352590126019344e-01 5.830402652907860084e-01 5.105158605561171958e-01 3.823638765499852155e-01 4.381581267137478752e-01 3.311410474257476810e-01 3.684391320061674580e-01 4.288589865998529982e-01 4.076250092986564710e-01 4.482552129741390057e-01 4.118180833030378740e-01 4.915424398412717721e-01 5.408281445457743253e-01 5.421890074571636964e-01 4.746165955851961993e-01 4.787620617624920305e-01 5.208995872415135286e-01 5.510807237990813512e-01 5.180438034779466516e-01 5.429868677026947754e-01 4.907632182467812632e-01 5.494201269387687381e-01 5.326001890218069468e-01 5.771221466012783630e-01 5.740986064245136022e-01 5.795487178880451840e-01 6.061280735145138099e-01 6.103538639774565011e-01 5.994993775697055050e-01 6.153660554178329578e-01 5.949713984139487488e-01 5.879365099392833693e-01 5.999175805492311664e-01 5.919524448181281429e-01 5.981033383616268795e-01 5.835403045027743874e-01 6.006940024519501486e-01 5.840343359400445022e-01 6.048508529855373128e-01 5.755828635059239140e-01 5.581191538745789993e-01 5.604748260181520170e-01 5.901221783227780238e-01 6.058891004228905697e-01 5.908016361449305309e-01 5.986093752340557739e-01 6.035868125039262067e-01 5.884578647137602703e-01 5.889469839784799987e-01 5.872866890745257473e-01 5.817584307326277848e-01 5.888074403662395540e-01 5.975985067259803607e-01 5.815905823722828938e-01 5.819444156983907268e-01 5.606484669912983332e-01 5.743379102604038167e-01 5.879079480228984744e-01 5.791094562530181289e-01 5.746439673601381193e-01 5.954684387110149579e-01 6.001511660688787497e-01 6.029284953290162674e-01 5.725252071282594946e-01 6.065379174991205602e-01 5.781944605617598265e-01 5.845116643809438184e-01 5.894900367264576113e-01 5.788477291372376987e-01 5.805545658777279128e-01 5.940542128218101459e-01 5.919031932332463608e-01 5.944926432374361136e-01 5.989064980235134783e-01 5.998483283407026745e-01 5.892767402790032305e-01 5.982211515020340320e-01 6.089118372278721214e-01 6.059926625475747786e-01 6.068135231913526217e-01 5.940399654920965888e-01 5.950989012436773695e-01 6.070555507026748066e-01 5.998699529216110493e-01 6.039617706353643811e-01 6.070548720208646110e-01 6.049593148787801855e-01 6.038115176998382072e-01 6.069798224991108659e-01 6.079100938480413996e-01 6.078390266484763327e-01 5.952443968405232155e-01 5.972008632755541058e-01 5.899879780860924905e-01 5.902945656002931418e-01 6.002770819324416696e-01 6.023777669236372034e-01 5.987601093406402786e-01 5.947554779718632334e-01 5.970489355747902183e-01 5.943488369016123318e-01 5.946627341968903080e-01
1.155584625959819173e-01 1.440685386352830721e-01 4.069713056875589596e-01 6.310964310562171553e-01 4.576115664564677776e-01 5.432388822481126756e-01 1.000000000000000000e+00 7.168628760096653618e-01 7.076483747628218302e-01 6.265405369951971837e-01 7.629154608930366344e-01 7.959362881314986371e-01 7.078315022905794507e-01 6.752493496005983475e-01 8.271850552780305454e-01 7.829592597485505179e-01 6.757531148984932123e-01 5.191414286269392386e-01 6.370858416156749415e-01 4.130273592672293881e-01 5.437280723125249571e-01 6.381743056466593345e-01 5.942161037813985525e-01 6.453613794894809130e-01 6.218241994174684706e-01 6.836609818804741945e-01 7.480804808475705059e-01 7.500632377035563181e-01 6.861705689668096131e-01 6.851129722264082123e-01 7.383485617854028682e-01 7.079806752579460571e-01 6.878096339415652460e-01 7.228183210507852507e-01 6.603147906842745662e-01 7.582783835227876468e-01 7.280761781529034860e-01 7.488082134542713986e-01 7.681863211510103762e-01 7.743377225602755543e-01 7.922638862947241067e-01 8.084489642417985733e-01 8.221225321758268700e-01 8.127227854185967715e-01 8.062700261653327205e-01 7.855694046669073893e-01 7.659793371769278991e-01 7.527509992499364921e-01 7.598551704212427316e-01 7.547265289038366243e-01 7.955083084762096801e-01 8.163583993553641394e-01 7.921758829352216758e-01 7.471875798943856672e-01 7.173000254977616175e-01 7.332370180054256226e-01 7.731772934950983389e-01 7.882323909720950761e-01 7.650266927161016861e-01 7.931110759217410155e-01 7.937511235834584511e-01 7.736173338766199059e-01 7.630848933943390477e-01 7.758879108777075873e-01 7.759877808841905145e-01 7.765047770781327019e-01 7.629518088566255019e-01 7.540880530385000169e-01 7.570792912616324255e-01 7.205015021631466787e-01 7.715557090112106220e-01 7.848519544889849264e-01 7.644687599141886114e-01 7.764081109489964216e-01 7.774590237596915587e-01 7.909090566923178134e-01 7.907225377296148716e-01 7.629977933621667763e-01 8.020132758234597148e-01 7.572743331450290105e-01 7.634184901915546106e-01 7.805606741423183337e-01 7.597624211946424344e-01 7.425436617364143954e-01 7.599384897672538663e-01 7.670539281444750390e-01 7.796096543109084509e-01 7.705007364555231941e-01 7.807942779399433819e-01 7.667746521075102795e-01 7.854885955291617261e-01 7.855998422810648307e-01 7.891775538668042156e-01 7.922153874353778935e-01 7.617657567393213425e-01 7.583600596032027408e-01 7.819587507085399292e-01 7.815531932778286839e-01 7.835532658640265158e-01 7.824990225417390866e-01 7.920015718240249747e-01 7.776810029368583788e-01 7.797355251091000472e-01 7.847477397138887811e-01 7.936543099877170215e-01 7.819313001692281828e-01 7.647755955000420380e-01 7.522187091418981453e-01 7.532903302252799138e-01 7.746467514909469720e-01 7.721172542663911065e-01 7.747580920315814135e-01 7.709672471095517787e-01 7.725530813801857466e-01 7.683025490977659633e-01 7.741720556168427692e-01
7.525500027621473409e-02 1.251959990383421095e-01 3.570935876667855058e-01 5.901671920494281354e-01 4.585691768596107942e-01 5.049126606887008872e-01 7.168628760096653618e-01 1.000000000000000000e+00 6.382700104622022197e-01 5.660642567816442927e-01 6.938656815087308471e-01 7.362119000301741156e-01 6.671784259312616427e-01 6.255049647611261587e-01 7.428308549771138747e-01 7.635942970870438495e-01 6.326751807430297525e-01 5.157616352494200918e-01 5.591530762438324809e-01 4.479785421280176316e-01 4.948473160943239191e-01 5.577516696383673089e-01 5.619526293848596810e-01 6.240405676132501078e-01 5.407343440317360361e-01 6.143652980019316256e-01 6.650961362658410758e-01 6.659586218886660580e-01 6.121504745717935014e-01 6.032620140995975655e-01 6.430488060536367900e-01 7.027142425926072855e-01 6.415551385344340218e-01 7.124069011421333419e-01 6.043278833215495194e-01 6.877115900122967584e-01 6.445335865587570323e-01 7.294060376677865554e-01 7.145749965723715569e-01 7.273370463902298910e-01 7.268683444577510588e-01 7.526898835265593002e-01 7.692693972144266645e-01 7.572373925524648053e-01 7.313527796863139585e-01 7.206331101637045711e-01 7.083974966968817899e-01 6.989117645662790146e-01 7.244389127543641171e-01 7.383972073307494277e-01 7.571101548363079470e-01 7.534672456300944843e-01 7.321181604749934513e-01 6.871231324076225722e-01 6.693159595531568140e-01 6.855054705787479996e-01 7.280322575158099108e-01 7.405826023949656500e-01 7.239020441156788221e-01 7.279387224825224489e-01 7.441208293964717280e-01 7.147290392889316113e-01 7.142894506987153003e-01 7.217793703681585349e-01 7.074416345627015934e-01 7.124677039953768443e-01 7.101244951596233923e-01 7.043045314244736899e-01 7.146932112961852379e-01 6.919001656434735636e-01 6.999415012882351794e-01 7.137144250335011320e-01 7.155866785668422159e-01 7.000700581605673323e-01 7.096773151747833852e-01 7.163712295430748611e-01 7.134820718879731904e-01 6.916696941270977783e-01 7.306786056562680765e-01 6.892323257242292112e-01 6.940583483555731181e-01 7.055603618548419442e-01 7.074950824960519746e-01 6.856250038547359038e-01 7.271296570267510306e-01 7.267244642362716833e-01 7.105825776049708997e-01 7.263994750096123276e-01 7.228392988470541125e-01 7.199088038758915120e-01 7.261501848369301682e-01 7.236603344747929434e-01 7.272160371817004698e-01 7.327035081966949415e-01 7.008989885284721000e-01 6.998126632727198482e-01 7.360566177997883708e-01 7.335111244756598037e-01 7.290974699353213184e-01 7.342472145628582414e-01 7.360931038093008194e-01 7.275203010782100854e-01 7.225543875057550691e-01 7.299700433544484834e-01 7.366349462824169914e-01 7.184877900708789289e-01 7.130295673435904646e-01 6.951549224724337117e-01 6.977310403835981223e-01 7.142830668829122098e-01 7.178204404902605029e-01 7.116874431310236115e-01 7.116266325712408136e-01 7.166752143919772333e-01 7.072144110076729051e-01 7.102759924642007006e-01
2.771009919739333971e-01 2.312098777310639397e-01 4.422186290925629870e-01 5.555747460399438342e-01 4.308343865085969560e-01 5.240877329473486723e-01 7.076483747628218302e-01 6.382700104622022197e-01 1.000000000000000000e+00 7.520871685550573060e-01 8.123041618970828770e-01 8.017245960254877346e-01 7.218769009363679157e-01 7.340322140992188160e-01 8.089185384207087104e-01 7.863931170173887875e-01 7.955880467584333093e-01 6.919820416475486180e-01 6.840235745534847256e-01 5.892845492823176601e-01 6.609825381321939863e-01 7.165335726405694938e-01 7.086208727857494782e-01 7.035055997025686514e-01 6.767843658151376784e-01 8.283257145048820158e-01 8.402393432999629708e-01 8.521706761611236303e-01 7.897825140639903596e-01 7.755848493152196488e-01 8.229331022192936107e-01 8.263580390181312074e-01 7.654601221282041346e-01 8.013460756698621568e-01 7.688656298535769817e-01 8.046600723031468450e-01 8.215272121472301237e-01 8.226671333088592108e-01 8.111878158650446258e-01 8.137880214877745155e-01 8.644132420662223870e-01 8.438796887288633197e-01 8.125942714932183897e-01 8.422063280536337126e-01 8.558310150101799962e-01 8.400293869205326391e-01 8.334357307244971702e-01 8.444705608544778030e-01 8.341588693631465379e-01 8.042537664955802246e-01 8.289861602502230919e-01 7.933663013907571449e-01 8.228907825233461315e-01 8.458016857569266023e-01 8.188568221530824198e-01 8.332886767428295816e-01 8.402868608043009280e-01 8.425902833949685533e-01 8.433350509380836968e-01 8.509091940429006629e-01 8.404664724509492979e-01 8.388757796279705525e-01 8.232318098870394785e-01 8.239764303830536818e-01 8.557488176905376775e-01 8.523908247209590616e-01 8.456919682943890848e-01 8.463504404555456384e-01 8.458686689259833358e-01 8.449077583119775081e-01 8.303893366284865740e-01 8.487350215726034985e-01 8.344769552899382603e-01 8.253882251286669414e-01 8.711597690781767156e-01 8.705745718525048638e-01 8.690456709257381451e-01 8.540961223690023418e-01 8.571629990829452428e-01 8.514778977868215915e-01 8.503115192806728340e-01 8.593338084652543118e-01 8.538494372145666311e-01 8.350120507967372374e-01 8.293959452198194082e-01 8.387962179549228736e-01 8.477086071242176946e-01 8.361011035684057235e-01 8.435285792796622939e-01 8.487185750666448314e-01 8.453341416542110576e-01 8.393053515239697893e-01 8.535407650426781734e-01 8.401932772986077103e-01 8.271010858445033698e-01 8.306317966448291124e-01 8.106094150712652713e-01 8.383789466562638903e-01 8.314680512977272731e-01 8.346202451882853701e-01 8.235139408170160102e-01 8.292720008406205823e-01 8.319539112809275494e-01 8.335342005512810237e-01 8.431920917505362212e-01 8.396222544881423167e-01 8.378469103390621120e-01 8.390524288775038642e-01 8.334609481964336819e-01 8.435489877778222789e-01 8.394324458220423502e-01 8.378241054672396215e-01 8.331010706840157320e-01 8.334632742235257297e-01 8.515687454392335543e-01 8.469956153907082230e-01
1.617505304539040012e-01 2.304307023000399801e-01 3.409945949062350712e-01 4.349765712134914808e-01 3.822758701979084295e-01 4.736398750846406713e-01 6.265405369951971837e-01 5.660642567816442927e-01 7.520871685550573060e-01 1.000000000000000000e+00 7.187369903925214798e-01 7.289159180239761504e-01 6.661160290855174804e-01 6.659890635252078139e-01 7.491483048974955095e-01 7.263536239652758075e-01 7.095677298856960524e-01 5.670322495340511804e-01 6.199386783416506175e-01 4.527445533542446277e-01 5.341549699299797949e-01 6.205695753858233576e-01 6.501974567972985675e-01 6.012750588122948159e-01 6.165194260351496425e-01 7.223995748785833060e-01 7.338113073174014067e-01 7.308792655002254168e-01 6.846292220877712165e-01 6.866024799273311441e-01 7.344806508009598112e-01 7.511237066384799377e-01 6.926674058090560582e-01 7.203922400643163471e-01 7.034173834351900023e-01 7.427765856037289449e-01 7.369685001149605119e-01 7.506566492432289461e-01 7.530929748062765716e-01 7.482041019243986790e-01 7.946015573479380256e-01 7.736058047987582897e-01 7.348798558026291561e-01 7.697066512699876073e-01 7.756721930447573188e-01 7.720173842872227743e-01 7.839482811402427309e-01 7.970191959720470676e-01 7.725799007832505616e-01 7.296247230202425049e-01 7.530277014332468211e-01 7.170104199418974034e-01 7.494089006403178432e-01 7.901357278665868122e-01 7.613046138667595164e-01 7.852118424079934655e-01 7.633059858995095981e-01 7.784870528758999209e-01 7.737306217975222777e-01 7.869491787407385530e-01 7.720249670264642816e-01 7.796355264550727249e-01 7.607485520181646033e-01 7.686634202716282616e-01 7.852640369713469459e-01 7.881331311267194550e-01 7.923923988057853807e-01 7.894225788286877155e-01 7.892158336457660850e-01 7.574007088538784460e-01 7.658097402816239629e-01 7.903829090881284714e-01 7.742660585461170752e-01 7.741144792906534677e-01 8.046033980117167639e-01 8.020122173729061776e-01 7.992457707401912081e-01 7.835645717105542696e-01 7.855352830407438258e-01 7.830371515469022325e-01 7.813709858996168434e-01 7.991912301478230063e-01 8.027353111961401666e-01 7.734504973289669794e-01 7.697948506217751063e-01 7.793467293150100339e-01 7.917336219528131602e-01 7.844864748349312800e-01 7.896538802220275377e-01 7.971384396999403599e-01 7.894178573561289047e-01 7.890091342984714151e-01 7.939076210471838202e-01 7.859207570890007766e-01 7.850122078509815804e-01 7.879589611097858048e-01 7.536223821872845008e-01 7.645615325336548862e-01 7.717480655153290403e-01 7.735122450807848660e-01 7.703278452629236384e-01 7.713013763808149736e-01 7.754252828505451278e-01 7.789574007597812599e-01 7.847677386048337311e-01 7.791323203617958049e-01 7.826653610131643068e-01 7.926046896629200811e-01 7.857799785972306994e-01 7.897777911786445504e-01 7.837670976719629534e-01 7.879831146205656944e-01 7.846360756559486171e-01 7.823669588199120284e-01 7.933260449595407326e-01 7.916774215242743384e-01
1.280318942383251168e-01 1.572398827526540477e-01 4.482700460595489544e-01 6.374827030261425165e-01 4.434318566541710083e-01 5.627305915771430023e-01 7.629154608930366344e-01 6.938656815087308471e-01 8.123041618970828770e-01 7.187369903925214798e-01 1.000000000000000000e+00 8.745918632319220620e-01 7.632074459102206054e-01 7.590495700972822446e-01 8.669686492044407222e-01 8.434957314823776642e-01 7.775911900511918162e-01 6.498117877003223297e-01 7.039342051743308071e-01 5.103366724116967790e-01 6.210730295659100397e-01 7.108900678953361529e-01 7.260569986088404315e-01 7.344104621449181192e-01 6.898862488036159313e-01 8.023107288946180748e-01 8.408707711110579019e-01 8.465328663939880594e-01 7.717622505282063505e-01 7.928791624250992598e-01 8.385184752200013358e-01 8.606001628865934672e-01 8.217693309224837206e-01 8.518251038067310432e-01 8.072228665493657029e-01 8.525819975928323746e-01 8.523003674508780048e-01 8.668588038693844089e-01 8.780857905189551893e-01 8.742317391086080747e-01 8.950770427008422070e-01 8.930876449113694937e-01 8.785582048368857366e-01 8.976581122193150186e-01 8.971198457889516531e-01 8.889488426416505273e-01 8.774423163270237414e-01 8.782172525672291563e-01 8.739053733508839183e-01 8.548693709361685489e-01 8.790799124152237631e-01 8.566674838856933594e-01 8.749057392161232460e-01 8.732201128316430250e-01 8.486743067443338617e-01 8.642807120270883381e-01 8.770394896002220442e-01 8.910444823823057137e-01 8.780347614929503441e-01 8.895240121644819586e-01 8.839007222071493253e-01 8.829918622830342789e-01 8.759859828770147905e-01 8.787372499043691887e-01 8.825508744160878161e-01 8.852544330477969403e-01 8.861028505937371680e-01 8.814595913552412121e-01 8.887383958932614236e-01 8.462532212216107297e-01 8.681288893019534214e-01 8.900677217906552974e-01 8.812255284888866891e-01 8.740947542137690318e-01 8.984860949924675655e-01 9.007841768000451887e-01 8.982764349605001364e-01 8.693332944101688220e-01 8.994170261685109358e-01 8.837546661857076380e-01 8.879716968806874444e-01 8.952584249451254195e-01 8.880581594436655068e-01 8.794348678344189318e-01 8.846276793324187038e-01 8.906704301307499794e-01 8.946699107142873642e-01 8.873440336460503008e-01 8.957746555544877642e-01 8.899503664773736888e-01 9.004700642853143977e-01 8.901749470222662941e-01 8.975548217266748896e-01 8.962167206279550991e-01 8.764663809330071054e-01 8.780727800662794236e-01 8.714094051385469220e-01 8.746260714514065837e-01 8.790858633627750551e-01 8.828839393595684371e-01 8.850254418800654888e-01 8.811305845639756384e-01 8.796551179792370112e-01 8.859204564231074608e-01 8.909073379064500475e-01 8.839934392368471450e-01 8.796113802103825430e-01 8.762163421236851546e-01 8.764407529919969742e-01 8.857534779427839178e-01 8.852611525429843198e-01 8.819584908506564735e-01 8.824953184797056371e-01 8.822210052621077825e-01 8.857531717566435869e-01 8.836780188642419098e-01
5.875503128520050133e-02 1.377889858514355359e-01 4.150734853989367368e-01 6.625226035251190471e-01 4.732477924734647678e-01 6.037118787352896421e-01 7.959362881314986371e-01 7.362119000301741156e-01 8.017245960254877346e-01 7.289159180239761504e-01 8.745918632319220620e-01 1.000000000000000000e+00 7.993871542076246284e-01 7.916554072291124289e-01 9.093428613112564118e-01 8.888488546832732373e-01 7.919299428662247564e-01 5.989784131158492064e-01 6.793945957312338413e-01 4.951973769329903741e-01 5.808775144358107045e-01 6.688509458903634242e-01 6.835542872414508420e-01 7.110912126031352365e-01 6.588031060779523385e-01 7.585453185769269746e-01 8.198057811079102475e-01 8.208048116548710693e-01 7.445815815771636981e-01 7.701142158730852616e-01 8.170011658345327499e-01 8.662247509913354460e-01 8.257631223201379322e-01 8.544039197713412248e-01 8.033555216338525984e-01 8.659080411650649234e-01 8.432702560486036170e-01 8.921384682522451870e-01 9.022897498123734206e-01 8.947210130929913463e-01 9.196303400611754997e-01 9.223800038920016986e-01 9.137963546036731444e-01 9.330535787289881977e-01 9.138717594108279885e-01 9.087718644093253362e-01 9.172341256133020870e-01 9.098165690206837519e-01 9.153923224663939040e-01 8.976546488070255014e-01 9.226821285482800228e-01 9.000475424060186969e-01 9.162025433490763593e-01 8.937245393159742868e-01 8.643623519953560486e-01 8.767144316341808352e-01 9.101940356154205602e-01 9.240823087975338357e-01 9.086828338707438890e-01 9.212898613173483575e-01 9.235598922959072921e-01 9.126680665963509131e-01 9.126397145583122761e-01 9.199957776432767798e-01 9.053422897482034104e-01 9.126754000317385263e-01 9.168212920324545490e-01 9.018380230451505941e-01 9.097271919958382913e-01 8.629791778807135438e-01 8.858812098257358159e-01 9.065556431070248555e-01 9.035207071009996316e-01 8.927871797999340497e-01 9.105759716022852057e-01 9.177015737115754579e-01 9.162013984709606040e-01 8.784898796686079203e-01 9.210603058090790496e-01 8.961870151983227784e-01 9.024201216099955181e-01 9.104481373759668594e-01 9.059255209755415761e-01 8.958519410702241448e-01 9.173652301169626933e-01 9.174515440882069495e-01 9.188510364024647936e-01 9.192479299794781289e-01 9.239245739348858066e-01 9.100056028490030036e-01 9.234800256628705739e-01 9.266916336944880372e-01 9.270797580247607250e-01 9.308605085732855056e-01 9.150247644621218868e-01 9.147938817861577254e-01 9.193699284826301055e-01 9.146526148447406968e-01 9.211330446001769756e-01 9.234104705084831277e-01 9.271758393797352449e-01 9.222064693137898006e-01 9.227378477575748361e-01 9.274257222780165622e-01 9.300997402786622681e-01 9.151528531707737724e-01 9.166134008623815221e-01 9.048258302155886001e-01 9.041616651564934326e-01 9.207683940084102625e-01 9.193702322290410178e-01 9.197507215827444016e-01 9.183352068464365470e-01 9.196784606585468591e-01 9.155384748030525044e-01 9.177147560242308044e-01
4.765055446705580844e-02 1.198450176935411254e-01 3.322684960738547799e-01 5.181621280626855786e-01 4.705268594313558594e-01 5.486752963708492192e-01 7.078315022905794507e-01 6.671784259312616427e-01 7.218769009363679157e-01 6.661160290855174804e-01 7.632074459102206054e-01 7.993871542076246284e-01 1.000000000000000000e+00 7.322296009114726001e-01 8.229839376781219462e-01 7.995824728015340499e-01 7.007969398268183436e-01 5.496130629623895425e-01 6.044722295297306758e-01 4.536522354368678345e-01 5.108765502126433322e-01 5.816403575742034038e-01 6.114252778801180233e-01 6.260961112527302364e-01 5.780680989762193578e-01 6.809202679249725110e-01 7.398305772372487654e-01 7.317975350319619876e-01 6.582845931677006046e-01 6.682677004450714442e-01 7.257495260086291866e-01 7.712380972153732861e-01 7.116514254437122933e-01 7.520347752777093442e-01 7.093399286133201809e-01 7.530590042350039370e-01 7.498869461570032424e-01 7.839475522066189361e-01 7.881686749908944911e-01 7.885490259616727560e-01 8.295151627336644351e-01 8.287774048809728455e-01 8.099196584342025496e-01 8.351481992173925839e-01 8.157407019958003991e-01 8.054202735094638799e-01 8.345072153967750817e-01 8.267199577910433472e-01 8.263849636641159568e-01 7.941107784645758949e-01 8.216915929241134231e-01 7.968775337675102488e-01 8.288965175879576819e-01 8.128800962772753103e-01 7.823307560138479388e-01 7.887657719577561011e-01 8.145371923886886023e-01 8.345619437915805516e-01 8.171669750493041340e-01 8.359738257441684528e-01 8.368919261581295732e-01 8.235430337217052310e-01 8.162428635173398783e-01 8.178326673340442499e-01 8.113976030642569004e-01 8.244990267176330878e-01 8.294020195179141464e-01 8.154951388353960384e-01 8.249655575360015369e-01 7.825790545808853915e-01 7.914239594589888016e-01 8.142799971241572177e-01 8.115904993760066910e-01 7.999570723179889598e-01 8.270730429485074753e-01 8.301886991139015848e-01 8.288131884424634332e-01 7.973996414801013399e-01 8.267068013336131838e-01 8.075141051360454902e-01 8.155949803151021360e-01 8.252892938926231770e-01 8.183903122444781131e-01 8.114042229105299375e-01 8.269294144335024299e-01 8.245645405902460867e-01 8.273148751313356142e-01 8.287846766713465874e-01 8.308641082247162357e-01 8.236887150750253905e-01 8.326396829352167295e-01 8.385050904431895491e-01 8.371802475999853277e-01 8.383948919726681437e-01 8.310499672825736317e-01 8.309895088886027903e-01 8.296795558922572811e-01 8.276989622168618999e-01 8.383376842570072762e-01 8.355130624106912318e-01 8.376192024208879428e-01 8.336439831564406155e-01 8.367408250602524911e-01 8.388221911670769027e-01 8.386556961452136250e-01 8.290935000244049613e-01 8.327479020720871539e-01 8.248468712041124862e-01 8.245349130477311883e-01 8.350811943462963516e-01 8.324422034934156889e-01 8.357544611586986694e-01 8.308989353910828379e-01 8.306690521565126550e-01 8.241093894094176919e-01 8.333068245855600464e-01
