1.000000000000000000e+00 5.018283774059835167e-01 5.448230231424747716e-01 3.847831879974844549e-01 5.052562676729506486e-02 2.415048764049337604e-01 9.111158597390764391e-02 1.329173040654346161e-01 4.216242928153072222e-01 1.631955859197960768e-01 2.236789284471324690e-01 1.778245312062451400e-01 1.322144034827528181e-01 1.366020111006525373e-01 -2.728611322571627973e-03 7.912651512313609303e-02 2.970791292817773210e-01 4.422378365752556717e-01 3.504666566123170734e-01 3.578853712533978659e-01 4.337774749573118371e-01 3.518547845597443935e-01 3.986715123042353648e-01 3.660975483168532607e-01 3.299825317973132943e-01 3.962764235803304391e-01 3.511344959430414137e-01 3.010937951959704040e-01 3.320575069302080240e-01 3.612140711156092143e-01 3.465296872044115739e-01 2.722226305426539983e-01 2.956871328445627722e-01 3.399309708699221333e-01 3.384785607849909450e-01 2.255674416155249717e-01 3.003768063246748388e-01 1.913852033069231851e-01 2.301896679336952745e-01 2.028182312500379780e-01 1.426203412161507200e-01 8.890744730999275425e-02 9.194929798404778698e-02 1.407947622091816342e-01 1.931095367540842656e-01 1.547672982249576612e-01 8.094430541553934710e-02 9.850890972789830280e-02 1.165467421563745609e-01 1.934580088903543882e-01 1.222793376916645469e-01 1.766297455161404684e-01 1.216493525295629791e-01 1.649905964110823520e-01 1.824580108934679423e-01 2.311462227060873675e-01 2.152621257169359259e-01 1.031764995881868929e-01 1.128636765830309530e-01 1.170552993813203935e-01 5.318640188790269008e-02 1.224832000198543824e-01 1.409629674500778584e-01 1.349121393059374563e-01 1.817816472767710134e-01 1.606780448994439836e-01 1.131111177635924087e-01 1.514879467567472882e-01 1.418615820426369911e-01 1.994320170807531711e-01 1.663569748045040375e-01 1.632398751181610985e-01 1.669636149572865380e-01 1.721399726313377343e-01 1.713674872988533437e-01 1.707008779029944578e-01 1.411253631400803121e-01 1.785584463935804278e-01 1.595380340133097097e-01 1.744174320351311869e-01 1.602084893957967104e-01 1.502342656995334091e-01 1.366444277658202255e-01 1.593645724976746614e-01 1.403193753803143873e-01 1.448900024724274205e-01 1.166011333984002946e-01 1.114869057301821204e-01 1.056858829779460662e-01 1.460428021095425410e-01 9.030204661130618315e-02 8.729751571043699310e-02 1.110032319923167227e-01 8.745972963429102243e-02 3.337662834070578843e-02 5.983416613459955485e-02 8.733217626715340798e-02 1.098265211209546177e-01 3.618943619331520950e-02 6.657014192531390817e-02 2.250797833797468089e-02 5.646443531584503100e-02 4.174486072371144663e-02 6.561284275986289938e-02 9.930368660832204764e-02 9.158025659652493933e-02 7.583703458086205051e-02 7.867118132370903849e-02 9.086741108528724464e-02 4.001517706449575495e-02 8.405435424290076674e-02 5.713987995914984741e-02 5.476838607447406110e-02 5.509896490156470511e-02 1.014034117516891403e-01 1.036838468288166920e-01
5.018283774059835167e-01 1.000000000000000000e+00 3.644920180362536399e-01 2.561242808875063837e-01 6.828740963304671951e-02 2.126559730095586853e-01 1.183445961809925923e-01 1.422298324106395784e-01 3.689990133530519634e-01 2.664196689366923332e-01 2.506296389237422928e-01 1.949828341658094988e-01 1.850887773825961868e-01 1.972320177901047689e-01 1.016270162923696707e-01 1.604766883125873511e-01 2.965225033624948603e-01 3.584367641536634896e-01 3.074707470545700039e-01 2.866056068003892676e-01 3.242810356765864488e-01 2.857102460497836782e-01 3.689777098497958319e-01 3.232602521490477443e-01 2.923130392127827326e-01 3.559814412357945601e-01 2.996366172547592632e-01 2.868026162762614684e-01 2.920268417649324322e-01 2.984856472892720158e-01 3.164926233150447965e-01 2.922354706519464940e-01 2.826105543556732269e-01 3.097010340880223533e-01 3.137561867371292945e-01 2.484045782392135249e-01 2.842814527475415742e-01 2.356202268625895990e-01 2.645896629320532156e-01 2.355494688094329214e-01 2.099795210867980155e-01 1.668653922717959759e-01 1.557089447717234787e-01 1.981152829763172807e-01 2.331596447221901958e-01 2.117600728810512534e-01 1.717480815109477255e-01 1.953099089463654348e-01 1.833429494931387016e-01 2.093672089013640658e-01 1.867621512489339164e-01 1.878163788525466782e-01 1.597962272261607142e-01 2.312163911450234310e-01 2.332821737237881499e-01 2.754508091915350287e-01 2.351265048022436466e-01 1.866433453269468190e-01 1.910142917942267704e-01 1.951837131549830628e-01 1.392588322829801939e-01 1.984746182786210900e-01 2.094090651150716520e-01 2.014459518592066067e-01 2.236676139442403954e-01 2.117934819107130939e-01 1.939596918849664786e-01 2.221943591298419229e-01 2.184021670049153541e-01 2.407057671513338770e-01 2.210249138065840391e-01 2.224081876672261981e-01 2.278932517239068978e-01 2.318898860716161747e-01 2.331772527935847827e-01 2.252238259812489318e-01 2.078571957860271824e-01 2.310655161564641458e-01 2.210154403496007447e-01 2.252840497376819018e-01 2.166206271608729916e-01 2.134208217578675848e-01 2.158738439331741310e-01 2.271638746591118918e-01 2.091466369122721991e-01 2.100164356072222460e-01 1.966863782188301712e-01 1.949848731297071647e-01 1.908811300795193455e-01 2.211854880492097331e-01 1.799361871316561279e-01 1.790860291534681348e-01 1.876022720311890934e-01 1.757999053126403088e-01 1.448355594576494765e-01 1.691057025527102908e-01 1.553875752388912679e-01 1.710151128639657847e-01 1.392884915336469465e-01 1.587739437296069867e-01 1.312695805250988224e-01 1.522127530948090557e-01 1.347229569831584761e-01 1.569710505201269979e-01 1.721331791308564063e-01 1.698956294877459472e-01 1.623458896248236027e-01 1.786806344297667826e-01 1.866775837937801885e-01 1.475661540639552072e-01 1.815352475488899442e-01 1.574189037337798969e-01 1.558965099354290840e-01 1.523151795773785289e-01 1.837022255441743135e-01 1.810924559267366174e-01
5.448230231424747716e-01 3.644920180362536399e-01 1.000000000000000000e+00 6.665133044162666609e-01 1.672218988943154627e-01 4.268172497106875185e-01 3.538332463871980416e-01 3.451988233256917948e-01 4.548548847251938088e-01 3.021837411456132494e-01 4.874609174552672064e-01 4.981247447648151638e-01 3.328274524245944388e-01 3.464122370269133167e-01 2.734931389882624964e-01 3.138256952643839193e-01 4.374186060166672108e-01 4.967009462663254937e-01 4.663835232166822498e-01 4.558343237579104978e-01 5.711728013774576285e-01 5.147684550269358006e-01 4.721259842758647740e-01 5.016985880747724114e-01 4.947754607695981632e-01 5.268111001919316694e-01 5.269002160835504212e-01 4.631944277346224381e-01 4.685396684015156188e-01 5.425748857823192717e-01 5.790077931075802153e-01 4.375214683759410805e-01 4.211189767168676545e-01 5.032418560193612223e-01 4.811039510356962534e-01 4.617344596531997025e-01 5.303071112298910483e-01 3.441090240167407055e-01 4.424701029430769816e-01 3.973662037984289075e-01 3.650550224944005828e-01 3.151689046685259288e-01 3.663066296162632018e-01 3.925562823525415856e-01 4.391718048696348076e-01 3.948089125437496683e-01 3.212676776129763101e-01 3.023328202871327086e-01 3.442328953647299516e-01 4.022645360292192440e-01 3.342783896030142032e-01 4.132695775451252218e-01 3.842866863877670847e-01 3.331860096438412633e-01 3.483963994875651227e-01 3.925065165690684310e-01 3.898815748431066486e-01 3.218061490099620725e-01 3.046450403192819678e-01 3.384630379002725453e-01 3.009080656878835858e-01 3.254343582370113896e-01 3.398549690670020773e-01 3.449899794876640780e-01 3.830101377085650682e-01 3.750171861452957778e-01 3.359024106782950159e-01 3.585999764686079727e-01 3.473497058265402893e-01 4.174812676454027760e-01 4.075692891259581896e-01 4.051717915330672604e-01 3.882126878347812449e-01 4.015926551844900549e-01 4.014873391962266447e-01 4.094621172798003639e-01 3.769095016951996002e-01 3.959364297081471862e-01 4.068166195222547854e-01 4.213423608434395118e-01 4.074902536085399651e-01 4.139139598320972224e-01 3.556995094595509777e-01 3.786642182050883876e-01 3.774057922450165803e-01 3.826688963208391692e-01 3.796527701563441881e-01 3.396636923581025647e-01 3.514128153484096240e-01 3.665381706012978968e-01 3.421089385660375792e-01 3.326410788932179785e-01 3.721578792228442123e-01 3.433487333900928640e-01 2.856802750467832830e-01 2.927350778459865688e-01 3.535983277108977751e-01 3.532757016318963661e-01 2.927642718643433950e-01 3.154869326832347443e-01 2.902278022717735828e-01 3.009113077815768200e-01 3.127286105548218176e-01 3.246348163580919377e-01 3.509225210775071546e-01 3.272501038518187411e-01 3.182587218038724908e-01 3.048876550788244266e-01 3.100101562134864319e-01 2.865163762700091987e-01 3.158463122881464136e-01 2.996239991776448175e-01 2.921096532568499549e-01 2.943653032794003588e-01 3.326458658433492643e-01 3.419898967175354354e-01
3.847831879974844549e-01 2.561242808875063837e-01 6.665133044162666609e-01 1.000000000000000000e+00 2.645030482735524768e-01 4.943559759940547860e-01 5.636686110999106214e-01 4.977973650109668302e-01 4.599274973343501771e-01 2.932102600319002605e-01 5.541873604348953597e-01 6.795656806915518766e-01 4.192904719365753707e-01 4.244771996007866144e-01 4.219909189069275812e-01 4.367854401700888567e-01 4.899949916065509670e-01 4.496445739679180709e-01 4.417915239995212628e-01 5.274875870133406419e-01 5.526733163955285244e-01 5.098858964339796351e-01 5.032683177133180363e-01 5.821482386457794700e-01 5.262668417663624032e-01 5.424197093464768749e-01 5.646085431903971052e-01 4.947147080157142107e-01 4.583288446834391516e-01 5.709847740819347095e-01 6.412088381836227313e-01 5.211687089257076577e-01 4.541333737186257768e-01 5.808237302756623643e-01 5.085488168044703938e-01 5.989438253762315867e-01 6.318523279912126034e-01 3.939670206305024291e-01 5.063817393302817438e-01 4.767875938820534953e-01 4.514650146249274965e-01 4.016233532426032871e-01 4.825882588245697380e-01 5.112763732968395036e-01 5.448107356744604779e-01 4.777921658768002899e-01 4.107631539819376898e-01 3.802039603781061650e-01 4.432465454450849607e-01 4.981043818142273372e-01 4.204597679514513464e-01 5.523608925874640141e-01 5.238205662560480036e-01 3.822316516509330908e-01 3.884133018352950439e-01 4.423689020882355938e-01 4.749839576007972020e-01 3.944962345680952942e-01 3.719355012240986302e-01 4.222005984613168006e-01 3.950258925605951155e-01 3.976303371322665314e-01 4.132993517984969722e-01 4.278304437809830052e-01 4.473696680388402624e-01 4.671122225041863807e-01 4.170749104228959614e-01 4.127619797884550801e-01 4.254578290716596878e-01 4.947281221604633572e-01 4.538759202929956715e-01 4.702670477203275134e-01 4.850610747056013361e-01 4.741198165955350374e-01 4.691943751922229566e-01 4.819125692801281002e-01 4.561201778637244408e-01 4.407880034287612880e-01 4.798657248045831714e-01 4.828938053051303192e-01 4.930036966356861061e-01 5.044796459154585744e-01 4.405788059376740118e-01 4.327082370144278989e-01 4.732455588997538931e-01 4.830435496160207509e-01 4.957397564682858859e-01 4.198734204114763502e-01 4.397631857539420208e-01 4.463561721351305689e-01 4.430884754838569362e-01 4.238121055423336170e-01 4.748745010496726593e-01 4.387716099962877259e-01 3.746399217604843290e-01 3.751492654671537141e-01 4.829128563523754636e-01 4.614081704490481939e-01 3.884399856986632815e-01 4.173130660142411186e-01 3.950935838728804606e-01 3.952046585289228919e-01 4.332375929208630572e-01 4.330920372727284917e-01 4.639733211921048817e-01 4.266476465474109969e-01 4.171884224383071715e-01 3.836782863909702357e-01 3.835326307255147449e-01 3.711632753739778634e-01 4.007414357293381246e-01 3.891127578919002516e-01 3.798698789134161147e-01 3.896735128088639200e-01 4.116435937269993239e-01 4.350572340499684887e-01
5.052562676729506486e-02 6.828740963304671951e-02 1.672218988943154627e-01 2.645030482735524768e-01 1.000000000000000000e+00 3.060116864995438002e-01 4.854203512893638939e-01 4.787566847087936783e-01 4.354509127602613772e-01 3.957376647635870714e-01 4.540148709197565080e-01 4.717995677998109150e-01 4.835641252563243619e-01 3.800507879818507684e-01 5.216875164690596423e-01 5.113303615463166141e-01 4.352256954658547672e-01 3.513978518385428851e-01 3.887004969551324796e-01 3.169883546143991704e-01 3.407412800131691677e-01 4.055365310186280769e-01 3.891199875148796949e-01 3.998886563976211117e-01 4.313896047472423612e-01 4.442087953301372405e-01 4.520577557467876373e-01 4.711764204869176575e-01 4.006398987970422043e-01 4.235889141338134989e-01 4.381416330998543218e-01 4.900256956360824478e-01 4.417443156941355809e-01 4.552519647669447389e-01 4.289465799528365819e-01 4.776244177068400543e-01 4.601863053994079134e-01 5.010049763035391290e-01 4.945073309716392918e-01 5.116053136879540331e-01 5.016797341949494893e-01 5.113898572282669086e-01 5.147321719225006476e-01 5.151430016050966287e-01 5.040405321990893972e-01 5.042395161732445841e-01 5.071175267708771806e-01 5.025488694438701165e-01 5.116495775565134130e-01 5.051890850627608343e-01 5.176724544729978117e-01 5.113349752362670309e-01 5.107089911820547057e-01 4.823895479455224122e-01 4.895156414228594155e-01 4.915474349658136011e-01 4.975978619133262226e-01 5.023783387767990494e-01 4.996279141115286815e-01 5.039751674487437105e-01 5.041160204242352005e-01 5.038477522934252661e-01 4.992449026904782761e-01 4.979786055022006885e-01 4.890563228003313445e-01 4.983924195183384587e-01 5.012188627505963501e-01 4.939594530679209394e-01 5.031508199554731720e-01 4.853719557708457422e-01 4.873540466926197245e-01 5.044686966166836983e-01 5.003210604838328468e-01 5.057136033251121709e-01 4.955892325881453009e-01 4.962810002374591356e-01 5.015008940086227440e-01 4.781373043491405905e-01 4.969216923124172292e-01 4.840955204399369771e-01 5.013304860946503627e-01 4.904223971916816804e-01 5.047918838282030585e-01 4.834653734357753918e-01 5.036845541423521366e-01 5.063670692699472342e-01 5.031278546152057052e-01 5.033275359555976491e-01 5.034072891847911624e-01 5.041229223973435758e-01 5.122317412953119042e-01 5.054427079071955875e-01 5.064578293066444026e-01 5.043166930461895348e-01 4.961504670161859254e-01 4.968833019768154613e-01 5.050834824054637462e-01 4.944085116878340069e-01 4.971402331160863497e-01 5.082099948456985095e-01 5.029078701979645682e-01 4.981352542882097056e-01 5.025786171089643428e-01 5.090963495365757874e-01 5.062941224694074149e-01 5.009861011073414305e-01 5.008639496245226308e-01 4.975602795356551256e-01 5.009011067789647109e-01 4.995776310153635658e-01 5.025347354770607344e-01 4.998839699365005829e-01 4.985854442287475097e-01 4.977541222397842136e-01 5.000950546307514344e-01 4.954394016509527376e-01
2.415048764049337604e-01 2.126559730095586853e-01 4.268172497106875185e-01 4.943559759940547860e-01 3.060116864995438002e-01 1.000000000000000000e+00 5.403802114193979600e-01 5.015131725186684486e-01 5.150417747494144827e-01 4.609196743388815909e-01 5.825889942610245065e-01 6.078583723576183040e-01 5.171544244456932615e-01 4.827910280021054934e-01 5.398117220798712701e-01 5.530004809516231301e-01 5.396326107517103177e-01 4.678640552334765168e-01 4.918216525850397369e-01 4.536665259612149836e-01 5.195648804801258347e-01 5.343009361993759088e-01 4.947670209343301706e-01 5.218822271960896764e-01 5.235622519447257206e-01 5.837498403873692121e-01 5.835015416178861436e-01 5.657701350997286216e-01 5.346925832251556709e-01 5.747217673908594504e-01 6.241352845093712798e-01 5.797768809196043316e-01 5.391337737045416301e-01 5.899185977766961964e-01 5.710774765999664382e-01 6.020027840348938231e-01 6.191908076312940823e-01 5.494494249624920501e-01 6.016903187278359599e-01 5.777546278394258827e-01 5.750523713047371865e-01 5.448244419337124889e-01 5.777910227449535308e-01 6.007977043629869618e-01 6.075908099002840235e-01 5.910338973473867608e-01 5.705615728203772274e-01 5.543823223959161162e-01 5.786896144553005383e-01 5.872544517404781894e-01 5.679561867405858999e-01 5.931300854503834818e-01 5.918773626993903969e-01 5.641072392669830293e-01 5.635458321902045986e-01 5.823448692423235373e-01 5.896718753281513514e-01 5.652234577368431268e-01 5.595764096704802792e-01 5.753724865267765276e-01 5.603919255375499064e-01 5.706036717511803191e-01 5.775346094772152439e-01 5.807912675924887802e-01 5.864767470914864500e-01 5.895157474554714172e-01 5.727173992682520476e-01 5.714155454743805596e-01 5.696773073998634418e-01 5.914454691865345115e-01 5.883891470044360084e-01 5.942099104334653825e-01 5.846760452242016903e-01 5.849081220958306515e-01 5.971402506565822721e-01 6.033817249590583964e-01 5.868947026699968816e-01 5.828612106047772468e-01 5.973157959107152637e-01 6.012163528417120428e-01 6.052148410731706951e-01 6.059466991514690370e-01 5.782430998505023734e-01 5.826820652510207310e-01 5.909882965754608142e-01 5.911051550483249484e-01 6.007476087214300708e-01 5.753912792925609532e-01 5.866823799625667801e-01 5.832410117557248475e-01 5.793273019705158511e-01 5.759140956178696591e-01 5.942135487041502184e-01 5.794451118705017389e-01 5.551641780761156220e-01 5.578138315871361552e-01 5.814065995339261494e-01 5.830539231675148093e-01 5.595187552333777958e-01 5.683794662292249722e-01 5.560380164268114989e-01 5.634165247030136214e-01 5.691908411688585412e-01 5.740706852344678035e-01 5.869600576994407071e-01 5.730985736121614327e-01 5.697499339281072439e-01 5.642642707646775557e-01 5.607918912642656517e-01 5.558668541349233161e-01 5.676212468891908003e-01 5.599073977302272409e-01 5.589944703305188556e-01 5.608540516562523504e-01 5.734170058675837067e-01 5.785156407322425975e-01
9.111158597390764391e-02 1.183445961809925923e-01 3.538332463871980416e-01 5.636686110999106214e-01 4.854203512893638939e-01 5.403802114193979600e-01 1.000000000000000000e+00 7.425622617390555957e-01 6.111952773929697491e-01 5.416524561269198124e-01 7.212493372039001649e-01 7.914534449935608507e-01 6.816873571853375724e-01 5.913280615924551009e-01 8.107459983886391441e-01 7.586410524145572598e-01 6.655339105976253444e-01 4.850436525852999115e-01 5.514341950540380122e-01 4.887463426561442503e-01 5.079702733654808400e-01 6.034243689945240074e-01 5.447407539098535478e-01 6.110160295599265101e-01 6.176379135796699060e-01 6.779559172834256353e-01 7.042644835613531828e-01 7.282891531714971167e-01 6.352739461576160096e-01 6.876100346737976654e-01 7.212009109243270322e-01 7.384933872928127752e-01 6.920296696239364165e-01 7.269844420663678086e-01 6.937200608969557036e-01 7.542652780439075277e-01 7.613634319280959684e-01 7.377389376279247513e-01 7.599944670988929563e-01 7.671374894289335611e-01 7.565775363185290869e-01 7.621866122636783425e-01 7.808625223302421148e-01 7.909376381735574446e-01 7.747939699241710443e-01 7.688519244376856854e-01 7.525552259032854963e-01 7.315906860730932992e-01 7.666237407152229899e-01 7.735470479219823670e-01 7.628437458149781580e-01 7.831591900047728538e-01 7.798654948143662891e-01 7.069157073185901030e-01 7.176081202024359174e-01 7.173934105154722296e-01 7.497444473436527534e-01 7.384996777088040920e-01 7.337864582541999692e-01 7.459162328233257533e-01 7.431652457988680016e-01 7.408833922706883346e-01 7.387986349711110901e-01 7.387351235784951342e-01 7.273038581524891022e-01 7.441646995063088132e-01 7.381509290457040073e-01 7.182389296832628611e-01 7.390219159450542863e-01 7.233323927071981796e-01 7.186140042451171217e-01 7.437338425305479728e-01 7.513007588023600247e-01 7.385106595947654728e-01 7.509831995216503797e-01 7.630766154792142375e-01 7.652153265184923336e-01 7.285927270525395238e-01 7.597725698229575997e-01 7.516640235244489432e-01 7.766321348917811784e-01 7.655182623415059950e-01 7.405230765287799111e-01 7.388401425043429338e-01 7.705117056386669994e-01 7.739247909925627278e-01 7.794266963704621354e-01 7.504138588021366241e-01 7.610927798517743703e-01 7.366593403200730750e-01 7.702413768593381338e-01 7.557597335734556054e-01 7.712819198758523731e-01 7.598900231686296358e-01 7.352810398249832735e-01 7.305457453608932283e-01 7.774933190884967260e-01 7.564385172306379301e-01 7.435056346784588710e-01 7.597511692003875439e-01 7.460105496297052552e-01 7.406405531318939195e-01 7.570917197382931452e-01 7.634559664946464208e-01 7.668481435649072697e-01 7.504473515010371409e-01 7.515961363246033144e-01 7.334118287567963357e-01 7.314544594081596740e-01 7.347168381593939257e-01 7.451730072307789499e-01 7.393243319656732648e-01 7.347244330313181804e-01 7.366009149527896760e-01 7.378074278862187807e-01 7.416643987949770311e-01
1.329173040654346161e-01 1.422298324106395784e-01 3.451988233256917948e-01 4.977973650109668302e-01 4.787566847087936783e-01 5.015131725186684486e-01 7.425622617390555957e-01 1.000000000000000000e+00 6.464468801014400245e-01 6.070289775947825817e-01 7.253064058407842074e-01 7.656535952357816921e-01 7.204417118238932716e-01 6.163496310747514917e-01 7.751851148161866822e-01 7.887163413324131955e-01 6.666999388054948295e-01 4.863560921348438204e-01 5.345309466285180777e-01 4.996237752582286529e-01 5.174419208729070796e-01 5.754912382733847753e-01 5.726512015804384736e-01 5.816090285369309720e-01 5.821058834086264566e-01 6.828882223729483281e-01 6.721245436025787834e-01 6.979686449386688363e-01 6.091896904075756458e-01 6.283923671479688666e-01 6.788766973012773098e-01 7.464093906071708195e-01 6.642903116215330694e-01 7.143610934705640902e-01 6.674566623512745434e-01 7.266682298502611381e-01 7.123338765796940475e-01 7.440263472727990379e-01 7.591539707230601230e-01 7.598071192510877925e-01 7.647063992901638185e-01 7.639393584492790712e-01 7.772400321346700780e-01 7.871925336229583792e-01 7.616802649562515182e-01 7.664420609416516816e-01 7.725422112730957469e-01 7.591208782969021129e-01 7.799209526521071467e-01 7.794377909711197594e-01 7.785130618772425626e-01 7.746096085118274743e-01 7.796281682191591456e-01 7.446576006629628264e-01 7.419126297906050160e-01 7.450860567819295177e-01 7.651602153014593899e-01 7.604104543103158420e-01 7.635283991122713276e-01 7.647319304139168494e-01 7.667791358318630790e-01 7.635454123831338924e-01 7.588308631212150601e-01 7.638095960062518675e-01 7.544625015212694796e-01 7.648141479827857969e-01 7.585180799656972006e-01 7.345703502732405799e-01 7.570758807220835385e-01 7.435632989135605442e-01 7.297391423103101182e-01 7.488556655138522977e-01 7.540951660564184644e-01 7.430087767128270571e-01 7.637224007232840117e-01 7.616363609216560970e-01 7.690170266947271571e-01 7.400282668629907246e-01 7.656522663535543227e-01 7.409220995684328015e-01 7.615525173138506521e-01 7.559003532694903438e-01 7.597271502105273910e-01 7.440979633508095770e-01 7.785997249600440373e-01 7.730524759605508223e-01 7.683156865493985244e-01 7.742805551125004904e-01 7.678928912428341080e-01 7.618220034512728223e-01 7.785474442610795798e-01 7.729921326150610561e-01 7.742620385127093607e-01 7.761735233678552781e-01 7.565579996647402439e-01 7.564130033269470532e-01 7.874992174219578311e-01 7.758147813290782180e-01 7.570975252389976484e-01 7.768011627228860183e-01 7.650665500104292249e-01 7.643482780894326201e-01 7.720089909210350321e-01 7.789314475166578822e-01 7.764509185606369712e-01 7.634308015971278394e-01 7.723585474813418061e-01 7.552564594540530640e-01 7.564909872081962972e-01 7.555845551238423718e-01 7.680391419654638563e-01 7.604200744696307801e-01 7.600087822677497051e-01 7.605010277450429124e-01 7.595439947926384550e-01 7.660066704546781846e-01
4.216242928153072222e-01 3.689990133530519634e-01 4.548548847251938088e-01 4.599274973343501771e-01 4.354509127602613772e-01 5.150417747494144827e-01 6.111952773929697491e-01 6.464468801014400245e-01 1.000000000000000000e+00 7.023957193707384139e-01 7.710932372233635368e-01 7.288502386485682383e-01 7.110317611598874210e-01 5.936087949895961779e-01 7.069844578745958508e-01 7.403966407335229594e-01 8.035153369886961494e-01 7.360496007362614668e-01 7.362399605195948382e-01 6.444382911666658442e-01 6.868257929832443098e-01 7.410701215883765958e-01 7.699053907599304747e-01 7.542710919455023477e-01 7.543616488146993593e-01 8.477024310535279383e-01 8.137426757701998747e-01 8.309690142662072843e-01 7.807484461242789608e-01 8.020909589869965606e-01 8.075164970526053088e-01 8.581509027231386533e-01 8.109629745835916781e-01 8.363904913353347181e-01 8.257636272478402484e-01 7.890033024887275204e-01 8.150916187152557058e-01 8.323345251745207785e-01 8.352894597462727777e-01 8.175926777931397105e-01 8.144233829170159922e-01 7.836488945115895888e-01 7.728480042846358478e-01 8.048468436631807110e-01 8.194135232451404960e-01 8.086867177097299964e-01 7.900990818337735311e-01 8.139044789611866726e-01 8.126303783013768545e-01 8.245283378993754075e-01 8.136839825918600333e-01 8.062470757085519191e-01 7.830098132025149482e-01 8.300060701684612852e-01 8.331146786363876622e-01 8.465753652837054721e-01 8.428564591681619866e-01 8.004774941026450152e-01 8.076708945196106049e-01 8.085233976890729979e-01 7.744997754134625989e-01 8.166447526122279088e-01 8.214966431491975696e-01 8.127553938409415313e-01 8.265898606114470137e-01 8.252638181023801422e-01 8.060166694256758468e-01 8.227888611635966187e-01 8.289693366830042098e-01 8.267178178404732680e-01 8.057817414578342108e-01 8.202706417738895306e-01 8.234160386145832344e-01 8.254290657746341520e-01 8.268733613098766533e-01 8.246026310160449180e-01 8.163225403601734875e-01 8.217616636750356696e-01 8.087411900031473699e-01 8.189953693580229732e-01 8.221780020295919034e-01 8.096032045060007620e-01 8.164227581684119217e-01 8.201534579524468738e-01 8.163944820208616227e-01 8.208449993717081838e-01 7.999193300917024629e-01 8.015554372073655509e-01 8.002447234324314707e-01 8.154454728021220955e-01 7.882557761917590167e-01 7.898715419131109305e-01 7.993729898173743686e-01 7.892723475670335720e-01 7.628490205589264495e-01 7.821814305473305806e-01 7.770770768538821649e-01 7.929291249420605814e-01 7.599287148465569963e-01 7.796640930077646248e-01 7.511721126706268903e-01 7.777851715533519172e-01 7.644724005314113002e-01 7.805450007404276525e-01 7.991640229750162083e-01 7.977387707899701308e-01 7.885956556398392436e-01 7.925244120559378214e-01 8.006571486905226243e-01 7.645997996016741238e-01 7.913511892367866007e-01 7.779947578359671656e-01 7.789635428990715482e-01 7.767162041460566879e-01 8.024068198463234491e-01 7.969920809619598367e-01
1.631955859197960768e-01 2.664196689366923332e-01 3.021837411456132494e-01 2.932102600319002605e-01 3.957376647635870714e-01 4.609196743388815909e-01 5.416524561269198124e-01 6.070289775947825817e-01 7.023957193707384139e-01 1.000000000000000000e+00 7.076324795996741246e-01 6.695901739503232752e-01 6.916059483350333048e-01 6.155979552316482861e-01 7.331639248146487597e-01 7.509173693710853303e-01 6.756640473004694725e-01 5.428363660552645298e-01 5.849396473192881585e-01 4.690016750051110295e-01 5.072358626557225136e-01 5.728183052248720930e-01 5.986885057474572447e-01 5.782416003138978189e-01 5.790457923699634524e-01 7.138030224940777879e-01 6.542601477984685276e-01 7.030763584890630247e-01 6.318373485786716870e-01 6.349996560507131793e-01 6.885095903793785332e-01 7.474573719098297486e-01 6.746343530472382888e-01 7.099210968383119491e-01 6.854520171339030243e-01 7.023773026937056851e-01 6.866494577002745237e-01 7.625945280421549954e-01 7.811476568306841006e-01 7.396107299489051989e-01 7.911755303727856514e-01 7.762095516822949959e-01 7.616556148535564841e-01 7.711151329652276010e-01 7.627999311243738312e-01 7.807601062051986451e-01 7.981566122980384703e-01 8.108182526208672636e-01 7.854172131296645043e-01 7.423955053518420666e-01 7.788745927177065376e-01 7.165542994330057480e-01 7.454193073873582875e-01 8.048165981765287302e-01 7.830913241011959736e-01 7.834904168783535239e-01 7.559020112509970968e-01 7.974784165489328114e-01 7.933624434608519405e-01 7.980158222309560179e-01 7.887777925399082068e-01 7.984224181634088646e-01 7.893889930025120849e-01 7.960388528472314151e-01 7.908628515592236452e-01 7.800773953485491408e-01 8.041822353411572921e-01 7.957554364009280512e-01 7.959164923054883323e-01 7.682250407032723549e-01 7.682401563144901635e-01 7.827639818951449557e-01 7.831169820533212533e-01 7.775761814322353915e-01 8.021615535149888565e-01 7.894174429555914640e-01 7.953968171967050749e-01 7.841918473773857867e-01 7.910571924590994453e-01 7.840160479895458279e-01 7.798884114683953817e-01 7.852195847282626984e-01 7.967881761962311016e-01 7.980266109406254360e-01 7.931471251168776826e-01 7.886721830854608317e-01 7.817780848273288008e-01 8.079221787233870078e-01 7.997135955778685856e-01 7.977603329146190081e-01 7.954426657801522138e-01 8.024028957219395686e-01 7.921636886217388041e-01 7.997759374622843698e-01 7.982561113938191344e-01 8.059066237475466243e-01 7.716023263507730823e-01 7.798091949344111429e-01 7.877224543014845759e-01 7.906697552087421643e-01 7.878453095122004424e-01 7.952321365115931906e-01 7.820563653344282384e-01 7.935208800070618906e-01 7.859718094899660334e-01 7.853371797059983672e-01 7.979913913262360881e-01 8.047026235666633331e-01 8.031548428790706851e-01 7.975559193913493994e-01 7.998116507243580031e-01 7.995301167450284963e-01 8.005605798900460313e-01 8.003503185780099782e-01 8.001244371063187533e-01 7.978380362755004285e-01
2.236789284471324690e-01 2.506296389237422928e-01 4.874609174552672064e-01 5.541873604348953597e-01 4.540148709197565080e-01 5.825889942610245065e-01 7.212493372039001649e-01 7.253064058407842074e-01 7.710932372233635368e-01 7.076324795996741246e-01 1.000000000000000000e+00 8.598193599421029010e-01 7.705421044209039838e-01 6.956638512069580615e-01 8.163337382427715561e-01 8.213343236469110575e-01 7.977679402811814757e-01 6.556173420701512100e-01 7.038550555057010438e-01 6.130706271186459055e-01 6.724437047166141879e-01 7.390270501236771983e-01 7.040429145705318081e-01 7.248143687341289665e-01 7.402549602751624658e-01 8.349821741933727282e-01 8.300068898419260544e-01 8.393913965027757218e-01 7.727776625958717727e-01 8.095090686564683224e-01 8.518024630754701398e-01 8.565529401396576592e-01 7.955067283207971629e-01 8.413366542679062698e-01 8.123427420657560738e-01 8.462715384734225132e-01 8.512813900294694536e-01 8.372545043266109710e-01 8.803942590832644077e-01 8.540710199649325096e-01 8.705095399626673336e-01 8.480342233757806047e-01 8.688855467275499178e-01 8.852990498391458685e-01 8.858623534931204802e-01 8.781554536878356521e-01 8.653039518102622063e-01 8.583961894031315598e-01 8.696608342572590411e-01 8.637069982672971324e-01 8.633142251591622296e-01 8.644331044717800117e-01 8.662573675005141860e-01 8.521769529317743119e-01 8.449371521588296963e-01 8.575268279152015172e-01 8.634165608399115843e-01 8.564379878939095692e-01 8.490452728675024208e-01 8.671671263430233978e-01 8.527375004872997932e-01 8.619119950458103974e-01 8.597490054856523622e-01 8.673742980421018656e-01 8.712041850758679429e-01 8.714409917455864241e-01 8.679257914640131633e-01 8.634538722753090090e-01 8.671037851474809877e-01 8.699070451390901182e-01 8.639852883954167728e-01 8.802309375179313555e-01 8.684731170574881975e-01 8.711611995699851674e-01 8.857017480844412427e-01 8.892233471622421614e-01 8.808307565504183145e-01 8.719224165521608505e-01 8.845500341264902477e-01 8.788128617967138068e-01 8.850389843535622081e-01 8.874117906756988639e-01 8.693780501685430817e-01 8.646252066808652881e-01 8.786102200450375266e-01 8.785584530472572151e-01 8.784035336361875057e-01 8.693851174153546246e-01 8.742311925607308964e-01 8.704301202811812743e-01 8.739187659200087221e-01 8.703017590558661531e-01 8.837654498481143373e-01 8.729294002445953105e-01 8.499311108051136321e-01 8.544765175409685387e-01 8.695796159284560067e-01 8.663273870905736640e-01 8.504539033685271088e-01 8.625722693796037399e-01 8.513472296282834639e-01 8.562247411392029939e-01 8.597270134889503090e-01 8.680850017683841013e-01 8.767811075426479306e-01 8.655491737564044996e-01 8.646159781571779446e-01 8.583272249969069456e-01 8.578535575815043890e-01 8.475279159014409425e-01 8.621966265543731245e-01 8.579548755430421725e-01 8.539402729308213091e-01 8.552634104271235049e-01 8.670939399449896223e-01 8.703680191358431628e-01
1.778245312062451400e-01 1.949828341658094988e-01 4.981247447648151638e-01 6.795656806915518766e-01 4.717995677998109150e-01 6.078583723576183040e-01 7.914534449935608507e-01 7.656535952357816921e-01 7.288502386485682383e-01 6.695901739503232752e-01 8.598193599421029010e-01 1.000000000000000000e+00 7.855554260702725111e-01 7.066518725656154576e-01 8.460251250941664969e-01 8.470863223835058964e-01 7.800404973013187471e-01 6.050264671615158685e-01 6.666499178396295688e-01 6.070267766568310241e-01 6.557791226497164949e-01 7.191096730611162835e-01 6.755782371567471412e-01 7.186593957011170319e-01 7.292352850934558095e-01 8.158771353141911487e-01 8.261631805950980789e-01 8.255333142649102784e-01 7.469103309157690829e-01 8.070851925048675435e-01 8.708793972835721098e-01 8.468346828999357978e-01 7.659350218706700852e-01 8.390051564154261676e-01 7.893646026556264683e-01 8.738505273440057008e-01 8.770375294550574186e-01 8.148787887241134564e-01 8.800104170686329219e-01 8.583417822203945891e-01 8.710172803987780155e-01 8.510492771878059859e-01 8.870794413339928575e-01 9.051644372017352280e-01 9.029974271772251981e-01 8.873498876697875071e-01 8.644093213909675999e-01 8.449658652424013594e-01 8.745514131101985722e-01 8.728905845299452793e-01 8.622852511360740158e-01 8.931133450955806019e-01 8.981743355643786453e-01 8.312934056880603162e-01 8.261514445000772700e-01 8.400122321867234954e-01 8.615668552438258132e-01 8.525326472984702253e-01 8.397980231079447133e-01 8.666695388580505366e-01 8.583123677364290494e-01 8.559545854678040078e-01 8.528505078233148406e-01 8.654574348334761469e-01 8.611689057392027946e-01 8.753133586150917411e-01 8.620733920886326507e-01 8.444355439588339118e-01 8.560929104713990156e-01 8.626241395657270328e-01 8.538788265339163353e-01 8.763063119444666205e-01 8.698291034375071895e-01 8.671981676175857245e-01 8.824031619672271232e-01 8.888134742855859916e-01 8.818790951895519870e-01 8.597026144509748447e-01 8.866918689919518481e-01 8.781535900878310041e-01 8.898292231870248425e-01 8.997430570549567186e-01 8.626485000643114853e-01 8.519092293383317971e-01 8.811711386066608531e-01 8.834164569608975448e-01 8.959880198597371947e-01 8.645273943416142970e-01 8.758231179611957185e-01 8.650474704773865042e-01 8.796743335247009243e-01 8.719895723199034832e-01 8.953473118592334412e-01 8.811816177648749138e-01 8.500998978735646583e-01 8.490629817542432178e-01 8.902639095546660553e-01 8.776644214487201445e-01 8.524952813564267151e-01 8.681533449629427190e-01 8.589691237133066926e-01 8.586024363146670391e-01 8.755790862073954406e-01 8.796379815626195198e-01 8.872459762626480062e-01 8.675457039846109497e-01 8.686745018077230984e-01 8.508677387325591646e-01 8.486438271154074231e-01 8.472541386005354447e-01 8.595879778302365493e-01 8.584415659970150436e-01 8.523291408716316964e-01 8.557276713771013732e-01 8.619933976542124565e-01 8.730339753446146878e-01
1.322144034827528181e-01 1.850887773825961868e-01 3.328274524245944388e-01 4.192904719365753707e-01 4.835641252563243619e-01 5.171544244456932615e-01 6.816873571853375724e-01 7.204417118238932716e-01 7.110317611598874210e-01 6.916059483350333048e-01 7.705421044209039838e-01 7.855554260702725111e-01 1.000000000000000000e+00 6.625595339219855218e-01 8.126180090586549998e-01 8.422927872324572629e-01 7.243994068367904937e-01 5.312940061404957115e-01 5.958084404447835380e-01 5.045390848909669934e-01 5.470105293222289333e-01 6.340429306635311235e-01 6.014687514902539167e-01 5.991141614539394755e-01 6.320924372018024151e-01 7.506284523604234149e-01 7.431109759078926569e-01 7.782964417854064676e-01 6.884385441961625718e-01 6.995444019696355209e-01 7.567115118619854863e-01 7.837510204189951368e-01 7.213587708635058604e-01 7.467698595909511017e-01 7.236754815419085274e-01 7.723786411532808094e-01 7.613182305463345179e-01 8.043917931301868274e-01 8.336694600989106307e-01 8.177519302206245344e-01 8.434136828075399217e-01 8.392188231536494847e-01 8.453838729366615068e-01 8.507405411507528159e-01 8.353060650217034588e-01 8.438888745369527156e-01 8.530863257649280440e-01 8.409726560626660241e-01 8.428709623463518374e-01 8.204120395567106039e-01 8.419848797365504511e-01 8.214216352774791341e-01 8.400874235126675194e-01 8.354534227215656417e-01 8.220058437733891443e-01 8.220955499063494765e-01 8.223760587192593396e-01 8.515318991751738009e-01 8.416932601507806089e-01 8.550422112345686942e-01 8.495215700090319455e-01 8.473520185003466931e-01 8.369725369993823438e-01 8.462469377339439935e-01 8.438144350307885677e-01 8.420840652577852303e-01 8.496289927419182764e-01 8.249554070858413635e-01 8.353999598175431140e-01 8.162101924570687173e-01 8.166275946309207168e-01 8.378765681586967107e-01 8.221208246698994415e-01 8.254819998089537592e-01 8.488083808727973079e-01 8.488325874397452120e-01 8.532034221337060353e-01 8.299386706710403239e-01 8.520566102640134698e-01 8.331374657670691519e-01 8.409261186730867532e-01 8.435657964156976218e-01 8.374127922229129828e-01 8.321771985055438359e-01 8.440657840559879777e-01 8.364734639322976006e-01 8.433082287972700763e-01 8.549479945721532026e-01 8.518760544875612073e-01 8.412167294297054898e-01 8.570559460116945472e-01 8.578646626316202006e-01 8.585288888419975173e-01 8.604458311198004417e-01 8.496066134300781503e-01 8.489784351822174946e-01 8.478422113439441077e-01 8.424236473928720104e-01 8.463138597402776186e-01 8.540963832889821861e-01 8.524728448035033823e-01 8.521724119963735022e-01 8.512063909835384523e-01 8.566356565850907767e-01 8.538727100667055092e-01 8.478370560344761220e-01 8.508464114276870216e-01 8.462096233455399519e-01 8.465020423695689411e-01 8.494257670989807663e-01 8.551192436375807393e-01 8.547108686740856331e-01 8.513036713991576354e-01 8.491702370327899319e-01 8.509728315456822623e-01 8.549592712226967706e-01
