1.000000000000000000e+00 9.705543064120712715e-02 3.728369938839652675e-02 1.937919330692585481e-03 -5.845061244226276709e-03 2.411144155639889652e-02 -5.325908834393891294e-04 1.099003783797781325e-02 4.575718143405139299e-02 4.661553551135023260e-02 -6.217242197934141727e-03 -8.495029936645819360e-03 2.895412338547580255e-04 -5.331858690974563240e-03 5.287996420278493967e-03 2.479871662081364371e-03 4.135970458276058692e-02 2.039212541366994605e-02 1.499434740721777501e-02 1.255467884031507934e-02 8.644818352043231666e-03 2.855038316291405587e-02 3.211968433367799747e-02 -2.036804295458357478e-02 2.299008656687528962e-02 4.370968118475811182e-02 2.089351806097439201e-02 -2.368957117406788812e-03 2.883086220625637533e-02 2.694227535730503095e-02 2.602461019316845703e-02 -1.075100009825364755e-03 -1.130446334406970919e-02 -2.440938651391501985e-02 -5.946143110017679950e-03 -7.465611950498961258e-03 -2.334488772477387192e-03 -1.817327573106350749e-02 -1.434568615934373945e-02 -4.924020140338058321e-02 3.066146330017471746e-03 -1.540246673647272836e-02 -1.492496317214924047e-02 -5.180413861835938584e-03 -5.244490402960695283e-03 -1.160046861730894101e-02 8.731188223948383245e-03 1.031568787813952164e-02 3.315950465062090201e-03 -1.311699194837154074e-02 -4.484778687739432706e-04 -2.742025149596725997e-03 7.696615408144309549e-03 2.757184047875319705e-02 2.066618267687695548e-02 1.744135283669972017e-02 4.352788734808862164e-02 7.650355613441803607e-03 6.785513405861216124e-03 2.187756293222406848e-02 5.737899611983616859e-03 1.831893407420224010e-02 1.775380777036855012e-02 2.135895898489536052e-02 3.665527843090462395e-02 4.755435703488281735e-02 2.045421491621109492e-02 5.583763870225650489e-03 1.069205794666265932e-02 1.614919362055312543e-02 1.782394309234080262e-03 1.033952105075391578e-02 -5.905486933226808052e-03 1.425091332457416489e-03 1.690344471962877335e-02 1.053281710206173220e-02 1.151802684492644197e-02 1.805701989632559415e-02 9.551496439695260701e-03 1.158246392973208416e-02 1.658193427536162889e-02 1.160439151462473034e-02 2.614407689542681129e-02 -1.924059854070409329e-03 -1.605845231014568081e-02 -1.057390462498684382e-02 4.147445522603428886e-03 -8.560457876599186083e-03 -6.512782131855738080e-03 1.113232209152688161e-02 -9.642008579754866165e-03 1.854970821156944148e-03 5.544053084528838965e-04 -3.720726429469371679e-03 5.459162083120206073e-03 7.919370902761947023e-03 -1.810741955379155041e-02 2.959872698848288811e-02 9.024077916278103878e-03 -6.136352157891459538e-04 -3.684181375231648185e-03 4.029972916629735377e-03 7.734787312145102213e-03 1.307038841742962391e-03 6.310871168641999686e-04 2.781498072004706668e-02 1.100444016007099887e-02 9.936340701333215564e-03 1.092914485568995467e-02 1.254336961023155839e-02 6.565465218093793388e-03 1.426674670173092366e-02 1.097632082283811830e-02 9.220248654398886107e-03 1.822279584048411283e-02 2.812183491108623604e-02
9.705543064120712715e-02 1.000000000000000000e+00 7.119317418927385843e-02 6.627221986729588121e-02 1.106045324453964335e-01 9.490026561639934577e-02 1.359257233558012201e-01 1.338305638467552627e-01 1.793725150421896508e-01 1.992205047807340534e-01 1.595935610509819080e-01 1.393888033344372057e-01 1.354691036071944688e-01 1.374151700140024968e-01 1.553923824542803866e-01 1.556267131326626862e-01 1.744016292374422072e-01 1.503410351107231646e-01 1.438159025214584275e-01 9.882918875825665028e-02 1.128100054585940842e-01 1.458091422432153117e-01 1.970343304844641430e-01 1.446882464054383421e-01 1.421134694784622343e-01 1.704937444844080441e-01 1.691262156858393817e-01 1.573196692510297201e-01 1.454885381212087381e-01 1.688932994146797040e-01 1.708731485211388013e-01 1.752488788078935544e-01 1.647172567509975760e-01 1.681693340134798875e-01 1.603101684839583208e-01 1.740877626870102335e-01 1.540446844388705661e-01 1.602811580493603560e-01 1.690483078156160834e-01 1.603829710898540262e-01 1.665074985843005562e-01 1.648623760773024194e-01 1.507545484197161390e-01 1.630648678016399789e-01 1.594832768779425591e-01 1.656445896188973865e-01 1.663842342672513797e-01 1.754858847578191772e-01 1.611530784753247569e-01 1.460344986285712354e-01 1.657847750284862642e-01 1.190815196543940080e-01 1.435765207812362276e-01 1.786474615857019110e-01 1.672138177790166158e-01 1.851586190589012970e-01 1.604411857287907917e-01 1.698997968131600866e-01 1.674497036460539379e-01 1.695597792487882616e-01 1.601989977380465224e-01 1.683996529844786483e-01 1.592503119602783901e-01 1.625246512009405064e-01 1.704014349007553497e-01 1.622437232424397691e-01 1.735616291378749565e-01 1.686123994879728527e-01 1.797947892088245236e-01 1.582780040023217538e-01 1.577233479215301992e-01 1.658258741697410943e-01 1.676729757222817085e-01 1.656308248324531995e-01 1.670272706293224885e-01 1.662526269466030604e-01 1.638922164240788626e-01 1.647102653900463232e-01 1.642588903180219606e-01 1.675665297544901566e-01 1.633202648592964046e-01 1.670761745266062248e-01 1.907560314679983271e-01 1.656903999639658676e-01 1.596978679920171562e-01 1.710727910351652892e-01 1.688769640068850941e-01 1.608916056549170581e-01 1.666246452644421228e-01 1.791289323313489112e-01 1.644455859867570424e-01 1.618473057422667449e-01 1.633422954859127252e-01 1.643194108335636616e-01 1.633957519049952789e-01 1.695209476134425519e-01 1.365162016475501561e-01 1.482831861404621254e-01 1.574391802817846076e-01 1.539776339286702267e-01 1.602847460606554308e-01 1.638553067723866330e-01 1.567424507148600099e-01 1.618102129387166410e-01 1.594077843588972976e-01 1.571107053031271239e-01 1.643108526467018105e-01 1.701183041662081008e-01 1.673857313758145005e-01 1.652834458904889059e-01 1.586817172433007683e-01 1.664913708106689760e-01 1.665188366093361960e-01 1.628824478226915118e-01 1.633115793129606974e-01 1.621745755677522494e-01
3.728369938839652675e-02 7.119317418927385843e-02 1.000000000000000000e+00 2.974717092552877085e-01 1.855330815632766361e-01 2.464337153993161333e-01 3.248981554568010077e-01 3.217682028875327171e-01 3.339612101500020747e-01 3.223973722707575984e-01 3.370427290607268533e-01 3.368738418919653421e-01 3.228015218128248431e-01 3.120477822622721442e-01 3.492190931634097661e-01 3.451299889458392389e-01 3.282568009048664748e-01 3.653512186336518863e-01 3.793565342524483630e-01 2.611402392223206026e-01 3.325763522177574982e-01 3.723906892070536490e-01 3.586192966809635396e-01 3.677548100903976769e-01 3.723266283430565204e-01 3.691526390933191348e-01 3.883325704020647584e-01 3.824786456250588995e-01 3.493885723247863173e-01 3.871069878010615639e-01 3.877617535082386602e-01 3.783286128606843657e-01 3.774261927602920452e-01 3.591652370961739282e-01 3.599335464633307002e-01 3.701096745583838388e-01 3.851782713853623696e-01 3.708460135633185328e-01 3.716838466009474984e-01 3.657568727599591618e-01 3.638430021232654243e-01 3.630124216679418980e-01 3.630269767569908046e-01 3.620348992684219169e-01 3.818523646916492376e-01 3.618110743763375270e-01 3.537068996745365568e-01 3.515671478162191721e-01 3.543984549423336849e-01 3.595392127219054212e-01 3.650757166358786776e-01 3.454814581108573424e-01 3.556448413060334657e-01 3.551913116891479150e-01 3.478912352548127473e-01 3.646216851749253807e-01 3.466781235115227178e-01 3.530676222329269809e-01 3.564004083692188241e-01 3.582031872626288971e-01 3.596448960121844673e-01 3.515271599409001690e-01 3.474491023341055307e-01 3.568696962962838448e-01 3.500895509855378451e-01 3.468129396148620924e-01 3.593516051956798241e-01 3.723222954401194107e-01 3.693922368643057230e-01 3.573224881035668155e-01 3.768703966936805538e-01 3.741604737397132840e-01 3.758742551575487978e-01 3.815897383788268149e-01 3.638785398756191891e-01 3.629727009329969389e-01 3.559346068018938714e-01 3.516150332742891682e-01 3.695774398522144177e-01 3.708163493376829822e-01 3.688027259394908164e-01 3.728113132407262498e-01 3.716053087550615364e-01 3.619332033656397218e-01 3.586489625024033012e-01 3.655445463883385537e-01 3.700131214524620682e-01 3.566869447203318555e-01 3.629598654110103295e-01 3.657133016705629291e-01 3.676367148838730614e-01 3.579453476132167800e-01 3.668526547706782437e-01 3.591777641968507684e-01 3.536654004158242826e-01 3.554391234606091854e-01 3.557611233111228066e-01 3.585441222232939040e-01 3.593705999717601851e-01 3.611533902603247248e-01 3.585326926833798944e-01 3.574966916187138355e-01 3.541704631691467431e-01 3.578419077648667956e-01 3.628098745449981344e-01 3.517340762344756122e-01 3.528914309023991613e-01 3.519848312471979268e-01 3.541638036018137092e-01 3.570420185098488464e-01 3.545413786890708185e-01 3.528676439653810060e-01 3.540901994313399581e-01 3.523615776261818100e-01 3.551411692416738264e-01 3.541476934981917513e-01
1.937919330692585481e-03 6.627221986729588121e-02 2.974717092552877085e-01 1.000000000000000000e+00 3.579323969829607544e-01 4.131725774858618916e-01 5.984872308899551463e-01 5.858498735621577858e-01 5.584156744065394973e-01 5.102359860293865790e-01 5.863776030568529363e-01 6.656013167228699290e-01 5.952398726603531642e-01 5.697277027086065093e-01 6.342686229351530702e-01 6.240108832724162724e-01 5.580293614979826566e-01 5.213700803719242272e-01 5.151605589931422813e-01 4.983371997875701287e-01 5.331050139204327465e-01 5.299875437430321412e-01 4.452492703017497666e-01 5.047151158040252827e-01 4.632033060219692966e-01 5.914091594980552813e-01 6.024381393342119750e-01 6.233401586853549725e-01 5.606364736264534132e-01 5.665379794255932522e-01 5.769846582086720632e-01 5.886286608523420005e-01 5.649822004037164946e-01 5.570952411235262636e-01 5.560350171893457816e-01 5.754091265164280600e-01 5.969781215357253812e-01 6.119400739514336829e-01 5.944347053695044902e-01 6.158689371449179717e-01 6.315030493757789465e-01 6.326361320561444401e-01 6.403914244965696057e-01 6.350272116436225245e-01 6.293265503580984799e-01 6.107966564421909439e-01 6.247877703358982737e-01 6.222234356924870591e-01 6.252683933420648543e-01 6.065893952073683204e-01 6.273732294460211412e-01 6.643111764224237659e-01 6.419613610535508386e-01 5.975177297628591067e-01 5.806766549805275623e-01 5.671816340016601066e-01 5.976078805441513708e-01 6.236088247628425174e-01 6.187787832892792661e-01 6.218296222244839022e-01 6.371665597929436764e-01 6.153219146863853073e-01 6.069095818246265095e-01 6.191256620860765558e-01 6.124506159850217069e-01 6.112931645679389181e-01 6.218591236158057534e-01 6.176564402935463827e-01 5.981235031206593167e-01 6.356656082663963980e-01 6.219622983471853050e-01 6.087473289386141628e-01 6.047150449654465909e-01 5.958389552102165698e-01 6.192447863792818197e-01 6.239716216548133465e-01 6.147103543778332790e-01 6.067076202457162282e-01 6.219714894715154818e-01 6.059042991158780644e-01 6.115628674111148744e-01 6.148642375367031621e-01 6.000960883573012161e-01 6.032790620454657748e-01 6.131297565229741897e-01 6.022929741258638003e-01 6.202356817857636040e-01 6.314846103491336127e-01 6.169475946574560776e-01 6.027829686145377286e-01 6.305891919291818359e-01 6.320760265492282315e-01 6.277131980789326660e-01 6.297235881452605266e-01 6.234435271429029646e-01 6.204465090115071080e-01 6.428801718470170679e-01 6.215034134726810100e-01 6.305619652409534259e-01 6.346993027442416890e-01 6.376452307121904806e-01 6.277122893283537675e-01 6.381151514366205646e-01 6.306983591253038091e-01 6.393344200340342898e-01 6.105598985855522631e-01 6.209798102544592524e-01 6.123211189760433548e-01 6.108664271310721983e-01 6.236538888901239641e-01 6.249145740801124171e-01 6.250898271163716213e-01 6.226690142750938017e-01 6.244172219649244404e-01 6.206635974253026378e-01 6.205307260569108418e-01
-5.845061244226276709e-03 1.106045324453964335e-01 1.855330815632766361e-01 3.579323969829607544e-01 1.000000000000000000e+00 2.910873845464784226e-01 4.862131650412606088e-01 4.587266742403636188e-01 4.623993121001626072e-01 4.203687855082979818e-01 4.711387044021853043e-01 5.043377709771719175e-01 4.911302108643534892e-01 4.507852229392160237e-01 5.143340683679575864e-01 5.082380045444545580e-01 4.752942518440925190e-01 3.610204253844598310e-01 3.852069233903334666e-01 2.990749126946146697e-01 3.489851919995141660e-01 3.932395706852073181e-01 3.652021916003521107e-01 3.752300091944045790e-01 3.507655966981242379e-01 4.765261552487939922e-01 4.741944983388941548e-01 4.821509808591936674e-01 4.299285691520866592e-01 4.544837872459111527e-01 4.752238860294078493e-01 4.746803230201163126e-01 4.428543104463736335e-01 4.462252393751235946e-01 4.447838330944733354e-01 4.560090072432468333e-01 4.755796123216704530e-01 4.946745596088217845e-01 4.831440747963502425e-01 4.977931894646216437e-01 5.104835745776761247e-01 5.120170802610303218e-01 5.053833719626534826e-01 5.110186359291915004e-01 4.987090511496831691e-01 4.948249793065123137e-01 5.128999931781567101e-01 5.138272562554316858e-01 5.126046214564576875e-01 4.802878059427229673e-01 5.019439869913898677e-01 5.035871708294976656e-01 5.092497270617739602e-01 5.014631425945774712e-01 4.778695772041668399e-01 4.735740260990765060e-01 4.910995125039877007e-01 5.100280701578842057e-01 5.053455202862309203e-01 5.155863378319086587e-01 5.134019248945298486e-01 5.071680407743749397e-01 4.980623318116512710e-01 5.110356835696931999e-01 4.989023615171370718e-01 4.997079744177799765e-01 5.126670379550619661e-01 4.951307070051833570e-01 4.901620723378689037e-01 4.842054498739333801e-01 4.830912710688646250e-01 4.905055191417046490e-01 4.831283862889098613e-01 4.755665738396341879e-01 5.067873063536230127e-01 5.102214989306249615e-01 5.090800679055600408e-01 4.985342687873035583e-01 5.033523038101866964e-01 4.965565110088066558e-01 4.977945265933658714e-01 5.054075072894573806e-01 4.991471265326642981e-01 4.944408567162899559e-01 4.955841461363786338e-01 4.909353949860115196e-01 5.085068855801824217e-01 5.120327782966453967e-01 5.079856063518950471e-01 5.014506465082939624e-01 5.154574453373246268e-01 5.159893842561278365e-01 5.107572306586168898e-01 5.145197810419493978e-01 5.143173309763436896e-01 5.125149409206599671e-01 5.051399357061080453e-01 4.985241915851492678e-01 5.121928224952717601e-01 5.092087677868119000e-01 5.167985570002573414e-01 5.107054957893245595e-01 5.173886086002104090e-01 5.134351833833761258e-01 5.108559721745401516e-01 5.004445257415945925e-01 5.115515302025009925e-01 5.101651890932604738e-01 5.050395605789970155e-01 5.132835507847519629e-01 5.116417108098015865e-01 5.162398888001380470e-01 5.140937061856403201e-01 5.143381192967998450e-01 5.123182600489837313e-01 5.106459231507108898e-01
2.411144155639889652e-02 9.490026561639934577e-02 2.464337153993161333e-01 4.131725774858618916e-01 2.910873845464784226e-01 1.000000000000000000e+00 5.341411491653692556e-01 5.446743809950936877e-01 5.558780979268929112e-01 5.210720302413522909e-01 5.793065811905344642e-01 5.985114666929103322e-01 5.558135601544689219e-01 5.411804081794878707e-01 6.007307080846624459e-01 5.993604974116445439e-01 5.631394319858281650e-01 5.228775899951071393e-01 5.485478902738433193e-01 4.291860373507602744e-01 5.153202974622113075e-01 5.640654886675023905e-01 5.178580279878871595e-01 5.295150287514636123e-01 5.322388642096497202e-01 6.158927185146861882e-01 6.028921215201624717e-01 6.059047516417762624e-01 6.061497897732005535e-01 6.096514690187171404e-01 6.123601136260036215e-01 6.025106966166076106e-01 5.764004752905914630e-01 5.734155371848063121e-01 5.801989782100758219e-01 5.867638939072459259e-01 6.108788184544444722e-01 6.117522931818593079e-01 6.081565554292086562e-01 5.972862322869700868e-01 6.189100977999687503e-01 6.152208566076372565e-01 6.235008327309466969e-01 6.184985273261397465e-01 6.218067936965341325e-01 6.091129828118391210e-01 6.133386809091813108e-01 6.114472054148712976e-01 6.105028394038922723e-01 5.998678810372255477e-01 6.135699763898879722e-01 6.024005572310962009e-01 6.193964136347102079e-01 6.113246637383717985e-01 6.083879933286447939e-01 5.951456689213833195e-01 6.016835119890366901e-01 6.162993639538989488e-01 6.124749677466304609e-01 6.135304997674715377e-01 6.210232562168286341e-01 6.173874248906060513e-01 6.100077302214859110e-01 6.138321205714544204e-01 6.086310105015040328e-01 6.151532742764107553e-01 6.133711350705598475e-01 6.203751116583877678e-01 6.201211472005865311e-01 6.163506300064692800e-01 6.211800311300164079e-01 6.178545090619462776e-01 6.128819731940117199e-01 6.156524048019331730e-01 6.212527333286768094e-01 6.202859156968095755e-01 6.174084033064630717e-01 6.213137054384533231e-01 6.251191583077800873e-01 6.168743392319739893e-01 6.196529586501354769e-01 6.203595371966666994e-01 6.148555386464937822e-01 6.111664964767167252e-01 6.144710695418083013e-01 6.100234937812208935e-01 6.197714819256003871e-01 6.176753610632743641e-01 6.176130977718777837e-01 6.150367700609145061e-01 6.196323149138377451e-01 6.189879359207435261e-01 6.218646350479355434e-01 6.177531265654063741e-01 6.138411550009712503e-01 6.139363316835122486e-01 6.157562826444187287e-01 6.201214296551047500e-01 6.221613783628555661e-01 6.173795421634284963e-01 6.182544007002888087e-01 6.164379939314814649e-01 6.180784254084820128e-01 6.157661893407090359e-01 6.209881607936598158e-01 6.127122925701391498e-01 6.148136711899617746e-01 6.115188699983385989e-01 6.164504558074690443e-01 6.172246329993279490e-01 6.171090154689510276e-01 6.136337038651077380e-01 6.131770513092722474e-01 6.159528152783467769e-01 6.161510553843869697e-01 6.156673400227861137e-01
-5.325908834393891294e-04 1.359257233558012201e-01 3.248981554568010077e-01 5.984872308899551463e-01 4.862131650412606088e-01 5.341411491653692556e-01 1.000000000000000000e+00 7.445108049381330417e-01 7.424369669209950340e-01 6.930704761168910988e-01 7.640608103509022309e-01 8.181715404127974933e-01 7.651149099922690544e-01 7.405331780353433535e-01 8.506314159628242111e-01 8.265381411145921176e-01 7.693779991990484790e-01 6.610444863178238650e-01 6.829898989685542210e-01 5.713509910987106810e-01 6.435840108573225304e-01 6.872098237032199242e-01 6.315213166363075059e-01 6.646791693650119237e-01 6.272988948662128195e-01 7.945131059207933832e-01 7.943703296591847485e-01 7.980481129029270981e-01 7.313265716927001003e-01 7.678729532782557765e-01 7.945834501789270643e-01 7.952581996694862987e-01 7.551249237125865488e-01 7.662508251637218937e-01 7.617283721383645290e-01 7.734658854246400095e-01 7.957679143981266634e-01 8.221756435734773882e-01 8.162034468052906666e-01 8.206511604775756918e-01 8.342330889864723042e-01 8.360870178861792290e-01 8.323381789029810074e-01 8.336997043985349132e-01 8.240384214565038556e-01 8.207224688002416890e-01 8.350016968793787520e-01 8.290685135080579915e-01 8.354375023989316640e-01 8.140966798232974755e-01 8.345639481583850827e-01 8.171246367944985378e-01 8.274164705545193899e-01 8.194271648984898793e-01 8.089369847436335137e-01 7.901222893606927311e-01 8.071356469132305866e-01 8.359700130118623562e-01 8.343346529337511974e-01 8.329595515354265567e-01 8.412327482219330577e-01 8.320526675703997510e-01 8.238611310828527490e-01 8.339429482148310591e-01 8.196491952370104084e-01 8.142997493602610604e-01 8.337747711628838987e-01 8.262380624365766035e-01 8.132278427308985425e-01 8.205793278808335423e-01 8.186359320748739510e-01 8.164888716800310364e-01 8.145925986610456082e-01 7.996239075692713749e-01 8.320289520825417950e-01 8.331180146183925217e-01 8.293656320159776829e-01 8.164609795257509184e-01 8.298603315621509990e-01 8.227612528442901363e-01 8.221660538614659064e-01 8.301754771659660692e-01 8.183229557182014613e-01 8.151342133287805547e-01 8.256205344556644121e-01 8.215330241690323998e-01 8.303375198889779707e-01 8.428582128750089497e-01 8.369653928944109644e-01 8.201719645694405258e-01 8.375980957865796217e-01 8.428561195189638866e-01 8.376377861841844963e-01 8.404152532297490819e-01 8.362933668665513132e-01 8.360860862634763579e-01 8.375964012331081898e-01 8.267185098678950794e-01 8.388223773776651848e-01 8.407136393476515313e-01 8.427770933133282849e-01 8.379957027834649130e-01 8.386977634923531433e-01 8.412440531936263843e-01 8.385285581044991110e-01 8.198603138130239332e-01 8.356093902866643663e-01 8.301064764361674175e-01 8.295095387864851455e-01 8.363851316847336070e-01 8.380294089444959571e-01 8.363119754778254311e-01 8.375174655494356246e-01 8.366982049512559083e-01 8.320896829391707383e-01 8.286881997698299918e-01
1.099003783797781325e-02 1.338305638467552627e-01 3.217682028875327171e-01 5.858498735621577858e-01 4.587266742403636188e-01 5.446743809950936877e-01 7.445108049381330417e-01 1.000000000000000000e+00 7.338872007932666364e-01 6.903664207533519726e-01 7.747988914236554336e-01 8.046146039728861998e-01 7.439478035685909152e-01 7.371496829076494839e-01 8.248863367938382707e-01 8.165933525937034698e-01 7.548656207945660945e-01 6.864148024221129463e-01 7.041321244204739038e-01 5.794067804261027188e-01 6.639622756741044851e-01 7.200176472400338090e-01 6.592614692736482596e-01 6.894384611322753598e-01 6.639542695878353218e-01 8.016507831515268245e-01 7.924527375541587926e-01 7.874007780391308886e-01 7.552713719204000586e-01 7.911518899720375586e-01 8.035212867424303962e-01 7.953485268791923302e-01 7.567694604603645292e-01 7.649844834129896354e-01 7.581908069465430611e-01 7.700005609104549897e-01 8.021627078587891813e-01 8.134293337415828828e-01 8.091697727660072115e-01 8.029873392337103510e-01 8.229926502992982451e-01 8.238113027008286959e-01 8.226003352790175471e-01 8.249546296474050688e-01 8.226416350151753987e-01 8.126940388102561474e-01 8.226148751090747169e-01 8.160885872620561310e-01 8.227400459758910101e-01 8.042671391371916112e-01 8.217023405881104248e-01 8.085307541722928093e-01 8.231026107213114118e-01 8.139733165218044908e-01 8.053589939653231777e-01 7.856472083372627591e-01 8.072205634351878878e-01 8.253774132978232148e-01 8.260313317139189593e-01 8.233570577306172922e-01 8.333980381170857932e-01 8.240169841562952069e-01 8.175381916995799747e-01 8.253289216089357838e-01 8.135611857444382533e-01 8.160209313170284640e-01 8.198497248206073618e-01 8.187627675723448961e-01 8.126281435554346677e-01 8.169480113262864718e-01 8.158538386505037598e-01 8.150127768061129485e-01 8.128708344738432290e-01 8.043735181854673177e-01 8.264527313856909752e-01 8.273987574289258795e-01 8.188653365269750184e-01 8.145128145355653437e-01 8.252785493238641301e-01 8.217338823577635676e-01 8.187435225394880112e-01 8.237469208160957956e-01 8.111501121505062528e-01 8.092738961539153175e-01 8.150575406474496187e-01 8.128993195258038540e-01 8.202487376521896412e-01 8.276295466901376630e-01 8.228944737908095997e-01 8.140542967271316988e-01 8.268938566205975560e-01 8.280551812432287440e-01 8.276268372153409159e-01 8.261655745069079737e-01 8.228046722794812862e-01 8.216693783256180383e-01 8.263723984157055336e-01 8.216350539411122478e-01 8.312904708272653709e-01 8.282855559042849869e-01 8.295477217106302925e-01 8.266135398974974180e-01 8.255285276053929699e-01 8.276840788389782100e-01 8.284439280234033864e-01 8.157401180172251243e-01 8.232937296438911368e-01 8.188731509548708987e-01 8.211017834179161756e-01 8.274648630115790660e-01 8.275958516799524212e-01 8.244104505995399901e-01 8.243515617404459928e-01 8.246832616210391098e-01 8.231065032010372873e-01 8.209861494989372233e-01
4.575718143405139299e-02 1.793725150421896508e-01 3.339612101500020747e-01 5.584156744065394973e-01 4.623993121001626072e-01 5.558780979268929112e-01 7.424369669209950340e-01 7.338872007932666364e-01 1.000000000000000000e+00 7.597605847156260195e-01 8.145041238833437003e-01 8.308855205169345393e-01 7.897175254274605427e-01 7.852012824404870361e-01 8.521773504956263734e-01 8.452190147423895850e-01 8.229754474937465147e-01 7.101154189692511220e-01 7.419723746323576563e-01 5.637966601231303443e-01 6.507666242442745608e-01 7.520861148380064698e-01 7.384478551015241088e-01 7.079718991210199874e-01 6.960674439353217169e-01 8.557972216727917081e-01 8.463750780857888234e-01 8.273625500782563202e-01 8.109668516785992765e-01 8.380949622529676457e-01 8.575113070758294542e-01 8.492471697613900306e-01 8.070246587207549060e-01 7.991208461520949990e-01 8.269710348272354405e-01 8.103009214160759033e-01 8.543975788838921170e-01 8.548615544764196494e-01 8.555848714599465499e-01 8.370262188443843288e-01 8.765903967689191445e-01 8.709970756442311224e-01 8.607365581287074185e-01 8.748065093502729317e-01 8.603626613632399112e-01 8.665122548235166811e-01 8.826302115909419044e-01 8.867355043068730902e-01 8.770819451619897844e-01 8.416972655891944433e-01 8.725764555789323751e-01 8.265865484914350914e-01 8.670150989680751596e-01 8.879825267744051454e-01 8.700098097255029028e-01 8.610885830204640934e-01 8.697158376430182969e-01 8.849457213092676300e-01 8.825423586521387032e-01 8.892160034281877401e-01 8.800842245996831625e-01 8.875450927886174846e-01 8.771008174070670238e-01 8.826125249029768138e-01 8.768723236555191480e-01 8.805258862083207294e-01 8.845538858847802333e-01 8.790830361914265811e-01 8.807084029711348405e-01 8.598997701995472198e-01 8.651298371322252434e-01 8.747527505037825390e-01 8.651193090686569720e-01 8.607913408896621377e-01 8.857160572075645222e-01 8.850420101642075821e-01 8.813203892717584864e-01 8.795291308376670392e-01 8.771370486890281981e-01 8.777416050777272494e-01 8.810871557222406114e-01 8.840949602242237360e-01 8.824789817704200567e-01 8.725247023851625539e-01 8.649493135125280174e-01 8.660002337459872246e-01 8.810982890699385894e-01 8.776446260587946746e-01 8.806745911454273434e-01 8.796779736927100579e-01 8.780194667847975865e-01 8.833401249444785552e-01 8.825102146247502111e-01 8.819586747819020411e-01 8.846141038135804102e-01 8.859453339614227207e-01 8.628580850162322902e-01 8.702490808325868965e-01 8.823729193733427234e-01 8.785080773904674345e-01 8.796386144372554394e-01 8.813253601802263359e-01 8.818404310826943870e-01 8.819020126242370639e-01 8.786480886121919021e-01 8.782137478356414340e-01 8.837487936153655133e-01 8.855283696584959063e-01 8.855861690319010160e-01 8.859730176832379955e-01 8.844797470802674422e-01 8.881566790444018755e-01 8.876859723411324454e-01 8.839295373900560859e-01 8.849550578746283591e-01 8.867453062320492796e-01
4.661553551135023260e-02 1.992205047807340534e-01 3.223973722707575984e-01 5.102359860293865790e-01 4.203687855082979818e-01 5.210720302413522909e-01 6.930704761168910988e-01 6.903664207533519726e-01 7.597605847156260195e-01 1.000000000000000000e+00 7.529734327118811077e-01 7.810391667703807661e-01 7.264566659755919975e-01 7.268525398875079757e-01 7.972986709497150715e-01 7.908185969621593925e-01 7.691940695928707328e-01 6.900054436355249621e-01 7.123314750889699898e-01 5.363339771373561993e-01 6.360510030870336617e-01 7.242100238349961083e-01 7.191341871686719456e-01 6.883394213779728821e-01 6.788336472943006239e-01 8.009198327412238028e-01 7.928500383490656445e-01 7.836097014178737830e-01 7.720417048965551032e-01 7.885527356712097591e-01 8.103548241332823032e-01 8.105401145140859187e-01 7.649041386738191228e-01 7.634217885201148857e-01 7.681319488916518168e-01 7.874468858491018297e-01 7.946660232621004516e-01 8.091465617336608407e-01 8.124220608122383336e-01 7.901676340775972696e-01 8.263470139664319536e-01 8.151450229581879148e-01 8.064675462127126604e-01 8.171207338115482610e-01 8.120637962437027291e-01 8.170828009193755737e-01 8.260332294107203266e-01 8.277989667529996876e-01 8.140739168287203231e-01 7.870110040589288758e-01 8.164375211887059391e-01 7.531123071438735606e-01 7.992404386208595835e-01 8.279244578084596906e-01 8.131529099551895179e-01 8.177851006715753934e-01 8.019534745871244041e-01 8.228011034389142164e-01 8.228491513613312991e-01 8.243954644672156773e-01 8.157939358200955171e-01 8.230299430440402020e-01 8.154146588625513781e-01 8.181627837578384632e-01 8.153593905546298037e-01 8.117063323984226031e-01 8.282591270117608540e-01 8.273706585351139342e-01 8.310021783035149712e-01 8.048649140827006665e-01 8.140557164104168519e-01 8.230621039598881028e-01 8.189645048714658815e-01 8.153741767720239508e-01 8.281203600721083191e-01 8.270979942095211257e-01 8.227877959156442156e-01 8.229070882811676535e-01 8.245638328664581795e-01 8.229543791611315662e-01 8.232662427468817601e-01 8.286838884747815825e-01 8.330991012114289385e-01 8.158090974272130813e-01 8.124421756807506112e-01 8.178588026306651271e-01 8.278781532989168968e-01 8.218376961561075777e-01 8.263392127895166084e-01 8.274470067047016153e-01 8.223445313128791012e-01 8.254855682653104987e-01 8.268644767851947019e-01 8.252195991630311145e-01 8.248672051909532454e-01 8.259585753191271973e-01 8.003225235079465261e-01 8.033652932169664806e-01 8.194896516790336483e-01 8.179677785562426973e-01 8.208619285518727882e-01 8.225528466332864275e-01 8.180545534993066692e-01 8.222314048224813599e-01 8.199126632749562660e-01 8.104320618025003808e-01 8.215770156593644735e-01 8.283960572912417719e-01 8.261630530680683648e-01 8.249193450954407369e-01 8.221869890510420387e-01 8.243230937183920748e-01 8.248357239844872346e-01 8.216002119324022912e-01 8.228476298340110517e-01 8.193634143417636295e-01
-6.217242197934141727e-03 1.595935610509819080e-01 3.370427290607268533e-01 5.863776030568529363e-01 4.711387044021853043e-01 5.793065811905344642e-01 7.640608103509022309e-01 7.747988914236554336e-01 8.145041238833437003e-01 7.529734327118811077e-01 1.000000000000000000e+00 8.641493491838631025e-01 8.040199285410052354e-01 7.976874912054755518e-01 8.764302085167102740e-01 8.674520663521644304e-01 8.301882552807491322e-01 7.488014700546929969e-01 7.793692867922378253e-01 6.081715231293070012e-01 7.017789461404828621e-01 7.903601636769874705e-01 7.486001133607139701e-01 7.554163545622046838e-01 7.339979437732943035e-01 8.737153110269086920e-01 8.630026191836109861e-01 8.567081948186711093e-01 8.325420752170885619e-01 8.641958297373282250e-01 8.840231676823646634e-01 8.794378947608372243e-01 8.382694582598587685e-01 8.394907239246618413e-01 8.519140974339965977e-01 8.587805767337340912e-01 8.795827703099317052e-01 8.884679977211874524e-01 8.921501853973790030e-01 8.728170304793919643e-01 9.007836191937269588e-01 8.996776362623921663e-01 8.967323538335209010e-01 9.003517482812414263e-01 8.946174221034070007e-01 8.976942665606429950e-01 9.012595006099158867e-01 8.986315125344648269e-01 8.973803929289992931e-01 8.774406410072350671e-01 8.991933387149272372e-01 8.569431905847851860e-01 8.870584426382490673e-01 8.913089647708096752e-01 8.821536210193939853e-01 8.784895887906029044e-01 8.721175796923742451e-01 8.985900421688789441e-01 8.996435870976606797e-01 9.008626250509073063e-01 9.000611893699380639e-01 9.000764624772034095e-01 8.908155604342022915e-01 8.989244867976664555e-01 8.882431787138053148e-01 8.857422694296996912e-01 9.017059896062527002e-01 9.016399893379986041e-01 8.995005578171683114e-01 8.875117775159346856e-01 8.950441649600687777e-01 9.004914131671793998e-01 8.934429268745034403e-01 8.875889683369794225e-01 9.043713028065866188e-01 9.049532727945051036e-01 8.985834279923147205e-01 8.983812568235435281e-01 9.010245677718369262e-01 8.991636487009575518e-01 9.011784181557387363e-01 9.036611125755723561e-01 8.969143121037690403e-01 8.949047908034436505e-01 8.966549321471195544e-01 8.968831287176636247e-01 9.039534290126176597e-01 9.053740599596007410e-01 9.042255140386102896e-01 8.994114984993594186e-01 9.038589083451017414e-01 9.060475006001538212e-01 9.064742651627618608e-01 9.057679850572922797e-01 9.034976967257275504e-01 9.026060149354139250e-01 8.967763391054636157e-01 8.890848498911896325e-01 9.045103365711102406e-01 9.048662267701405026e-01 9.054815110486825747e-01 9.043393058679671803e-01 8.996389360329796192e-01 9.050848746976869474e-01 9.037364163816923313e-01 8.906723091350958743e-01 9.005967815283488775e-01 9.015041865067505711e-01 9.016838229676947813e-01 9.032203835920578072e-01 9.034373625334328750e-01 9.014318103676645100e-01 9.030882864659254272e-01 9.024805071971070403e-01 9.000474431629275074e-01 8.980927068086536069e-01
-8.495029936645819360e-03 1.393888033344372057e-01 3.368738418919653421e-01 6.656013167228699290e-01 5.043377709771719175e-01 5.985114666929103322e-01 8.181715404127974933e-01 8.046146039728861998e-01 8.308855205169345393e-01 7.810391667703807661e-01 8.641493491838631025e-01 1.000000000000000000e+00 8.476761015642072516e-01 8.468779594880577744e-01 9.233390937856320591e-01 9.074391078422553436e-01 8.527385601415146121e-01 7.453140262905422198e-01 7.828816006485755929e-01 6.206954053240580915e-01 7.156414863725574227e-01 7.895116665411560097e-01 7.299477951217916427e-01 7.541931556502938783e-01 7.224799651196995853e-01 8.936742803156814130e-01 8.918307999826641241e-01 8.945285547262339376e-01 8.515017675529593655e-01 8.753437237735602894e-01 8.974074339680810919e-01 8.951042676810146981e-01 8.556620716981702124e-01 8.524463414334952915e-01 8.679374178758992864e-01 8.733897537807938649e-01 8.977269658670772312e-01 9.186492247399583588e-01 9.156316360766444395e-01 9.043356663719888111e-01 9.328131099931187276e-01 9.377141141479418129e-01 9.351976013601066562e-01 9.392916218279424578e-01 9.215246722816380354e-01 9.266315894846746115e-01 9.377046429204816125e-01 9.367983385386176032e-01 9.341914914341507004e-01 9.062021921423532023e-01 9.329508815021529955e-01 9.120805946557165589e-01 9.309276995882023176e-01 9.242788005685295127e-01 9.126952024926078266e-01 8.949933005428107879e-01 9.118756432100547649e-01 9.349410257063821561e-01 9.356973894488900267e-01 9.368221787843782344e-01 9.424532608740683326e-01 9.352632899958351897e-01 9.276076236788050045e-01 9.351767472245426926e-01 9.230618207377707662e-01 9.239358656583559481e-01 9.357860398179723704e-01 9.314329347008748483e-01 9.219247171662890983e-01 9.186510658259329221e-01 9.243007317749929452e-01 9.265468687393870750e-01 9.160618753404931036e-01 9.091400031247023339e-01 9.372078165912318681e-01 9.399316619911299853e-01 9.367775980021847415e-01 9.300595664807311813e-01 9.349823221543825946e-01 9.281433563330231395e-01 9.296808280861451612e-01 9.339143097991189357e-01 9.219339328422240243e-01 9.262168335352340964e-01 9.271283176677106441e-01 9.222614867525060767e-01 9.358156281960587908e-01 9.427474824550335919e-01 9.371725382024774786e-01 9.265337664363815229e-01 9.383395900759691211e-01 9.444732628207999081e-01 9.412392140386346417e-01 9.436996655289339175e-01 9.409091495340184963e-01 9.398357428493968602e-01 9.384725438693233279e-01 9.274560939865088560e-01 9.431230345648786706e-01 9.428143002871999245e-01 9.443670687616260162e-01 9.412787696810732685e-01 9.432930401496532058e-01 9.435397826242156727e-01 9.433336920998434127e-01 9.278210064205448804e-01 9.387598678518638273e-01 9.356223202434530428e-01 9.358125907125486309e-01 9.398800782532712450e-01 9.414090720658810918e-01 9.398877351256089696e-01 9.402707862257282390e-01 9.412985506143553005e-01 9.374233638365068177e-01 9.351661922554478368e-01
2.895412338547580255e-04 1.354691036071944688e-01 3.228015218128248431e-01 5.952398726603531642e-01 4.911302108643534892e-01 5.558135601544689219e-01 7.651149099922690544e-01 7.439478035685909152e-01 7.897175254274605427e-01 7.264566659755919975e-01 8.040199285410052354e-01 8.476761015642072516e-01 1.000000000000000000e+00 7.811771705736642035e-01 8.661079966535532026e-01 8.540455681774794527e-01 8.021554286870385964e-01 6.773260272870538223e-01 7.159674145997455552e-01 5.557354503242496468e-01 6.316963855759157864e-01 7.188896556356422218e-01 6.860969964529491927e-01 6.824805528597680526e-01 6.570138114765862181e-01 8.390881380405249557e-01 8.222704001996579137e-01 8.154353637027929036e-01 7.844564977347122658e-01 8.062230258757316914e-01 8.335342764686008987e-01 8.359727411307009692e-01 7.833739500781368159e-01 7.950617486450115567e-01 8.005477688639686118e-01 8.053390914974450920e-01 8.304064758696118043e-01 8.541126087655261934e-01 8.535108891242099149e-01 8.385768721337185649e-01 8.669583715231709009e-01 8.707013730852323219e-01 8.583684949605424608e-01 8.697741252892675634e-01 8.543064310458898802e-01 8.630540912797375341e-01 8.733753522910818745e-01 8.739216313309335904e-01 8.724266559472936278e-01 8.437396813690963837e-01 8.678699641314606694e-01 8.376774449325501415e-01 8.593016667762898297e-01 8.691154334330920550e-01 8.559014666057034315e-01 8.436568158339777801e-01 8.527704246655267717e-01 8.744670640186267274e-01 8.733073511113709220e-01 8.780428443026415675e-01 8.749482900918319483e-01 8.750303864707813517e-01 8.666634515552024132e-01 8.739708614306921364e-01 8.655200206619511061e-01 8.629009051051688139e-01 8.753748947608298581e-01 8.649691896386196843e-01 8.593675473077236893e-01 8.492186677448017029e-01 8.552949362916663079e-01 8.607407782086199388e-01 8.500373995181554898e-01 8.417295885281812495e-01 8.751445264676533942e-01 8.736256476261883286e-01 8.686295983998204573e-01 8.644038450307943711e-01 8.698959609789732594e-01 8.628998232282609759e-01 8.629883501757665831e-01 8.725105898204958965e-01 8.644674391209224984e-01 8.585055099642390219e-01 8.639631068373228029e-01 8.604400797381432930e-01 8.722955177728068943e-01 8.764381109493432076e-01 8.739345650047430913e-01 8.661264893800405540e-01 8.723313557229180892e-01 8.799119945089113326e-01 8.741910484952534199e-01 8.784549089141223677e-01 8.786371988184670245e-01 8.788084173594147286e-01 8.667732200385028785e-01 8.671384258989554006e-01 8.794375898576445305e-01 8.776978941327552297e-01 8.795169505364553997e-01 8.775850044359946311e-01 8.783062334317177644e-01 8.799772747205411028e-01 8.776984892969915686e-01 8.660648101839947266e-01 8.776518063591237651e-01 8.760503532634787982e-01 8.750035906525327478e-01 8.782701657086919855e-01 8.773952786877511345e-01 8.797301251154663326e-01 8.800650379249925770e-01 8.787645184658400277e-01 8.755668917200900569e-01 8.749156312660836265e-01
