1.000000000000000000e+00 1.671830543304677619e-01 3.430057491275100706e-02 4.189346682445204556e-02 5.978245991242511770e-02 2.268824901530516053e-02 4.451283035249983810e-02 3.318206217227667731e-02 1.198409677815596014e-01 2.039282107123755600e-02 2.113352328652234532e-02 4.860675658108332652e-03 1.715362841635655056e-02 8.917493502719989196e-03 2.615817366658941892e-02 2.447906776250816097e-02 7.546229347606640825e-02 1.644055037650923520e-02 5.047255413275948677e-02 4.247940482079934355e-02 7.184970722392831910e-02 5.524329449555854393e-02 6.218581268460725807e-03 1.964207983537007152e-02 2.154518927418935803e-02 3.681932943610853604e-02 4.593550087771604284e-02 3.081068730383191775e-02 7.496391867442074586e-02 7.388804285472920508e-02 4.876762039752014638e-02 -6.642205981262337862e-03 1.601178452218906048e-02 6.075502991702614979e-03 2.449351748618393970e-02 5.653993085855676948e-02 2.827743002198686642e-02 -1.505741191148453340e-02 3.205647946854205815e-02 -1.197289063246848376e-02 2.621196607647074614e-02 1.301643308480078531e-02 3.406803179656445885e-02 2.553166815065876366e-02 2.470584114908350518e-02 1.940324379283987072e-02 1.432838280271942800e-02 2.064012197481098626e-02 5.766456089428497259e-03 -1.377920112272436326e-02 1.100448527050183062e-02 1.209457004967873402e-02 1.576687721849587623e-02 2.548321580773631190e-02 5.417501893883435934e-03 4.230156343201517226e-03 2.720554094030410222e-02 1.704891109345844577e-02 -7.470330433321884303e-03 4.035718722005638553e-02 8.038877742426699807e-03 2.555815021298766046e-02 1.205356736553924064e-02 2.673552062562908546e-02 3.746139012443829019e-02 3.261599092253368581e-02 1.949778310619744090e-02 3.157184174317666583e-03 -1.575659465822167602e-03 1.861364196878938920e-02 1.566723703495300629e-02 1.627027677794110408e-02 -1.356501744616160805e-03 5.888794432298311010e-03 9.144685607441414496e-03 1.217951516966861263e-02 9.304239408620389867e-03 2.894280156129323475e-02 1.956685335594261430e-02 2.585829251173568655e-02 1.291650505185425873e-02 1.869663387895350443e-02 8.459491208541438864e-03 1.283096732265966156e-02 -1.497591751575263509e-02 -4.106908322284379131e-03 -4.469124225132832507e-04 -9.554558709546348214e-03 5.949272434642654574e-03 -4.524993548617723023e-03 -8.011037891192744967e-03 4.313273067862637665e-03 4.916090454891103648e-03 6.570664334931057213e-03 -5.031927232195212334e-04 1.426545870468996433e-02 -1.132411104819805968e-02 5.259001610094991147e-03 -6.995117916894488634e-03 -6.649396510194041654e-03 5.762412542711270631e-03 -3.752748949857069496e-03 1.120488890438988382e-02 8.265334177316155731e-03 6.397198627450686667e-03 8.465093531337244959e-03 -1.440005656060993353e-03 9.982478850908091741e-03 3.880898216199322581e-03 1.435245570188897410e-02 -8.075043376288689942e-03 1.919216393325377454e-02 5.519327004937575609e-03 8.842939532244789222e-03 2.062281623651185392e-02 1.948778264483820924e-02
1.671830543304677619e-01 1.000000000000000000e+00 1.212561666407228900e-01 1.558862261355291878e-01 9.255847034783380722e-02 1.010154832077433118e-01 1.945547057394066415e-01 1.615349612853312911e-01 1.982578091327758529e-01 1.886735105601995977e-01 1.510729461041512844e-01 1.632870488605171200e-01 1.541190560953327737e-01 1.162011315932117012e-01 1.844698979156163821e-01 1.727044976921474351e-01 1.911752583776318015e-01 1.920473638977484021e-01 2.050260264113728803e-01 1.967300005934436991e-01 2.198218316146516860e-01 2.131290428045601593e-01 1.908053790750894596e-01 2.044626505630822710e-01 1.814367285459686507e-01 2.034181268741562243e-01 1.778487022574941623e-01 1.821090133535664957e-01 1.907104329786931118e-01 2.077254945020013677e-01 1.938230672650736452e-01 1.867164273736159341e-01 1.877623221729690095e-01 1.701715239269757096e-01 2.011382204432362319e-01 1.515622275079617498e-01 1.760892580261145535e-01 1.707529786691245888e-01 1.790565991594871287e-01 1.572895539534725495e-01 1.850722363260137726e-01 1.818479935471318532e-01 1.760177583665243628e-01 1.842431320832634278e-01 1.756884000782710231e-01 1.804894901015300646e-01 1.695921292792598734e-01 1.753020432502799542e-01 1.602872618130220805e-01 1.345061162190199777e-01 1.768068431078293479e-01 1.292164948446467010e-01 1.545170105194320076e-01 1.784209193854522368e-01 1.607156573751623574e-01 1.645722368016635240e-01 1.609149837234839786e-01 1.709455826522521815e-01 1.642521780387556085e-01 1.836787165646643905e-01 1.620436536915307035e-01 1.795513132978089621e-01 1.617933537523177645e-01 1.671007481685596874e-01 1.644472336218979480e-01 1.722703928115516536e-01 1.736923345774125660e-01 1.703462457545057152e-01 1.778623120186200723e-01 1.864298609786537997e-01 1.766128209724137921e-01 1.709426636501275298e-01 1.762681397155921037e-01 1.749347943013654649e-01 1.721062634131191038e-01 1.747082653196535273e-01 1.768438827936145985e-01 1.792756254392536552e-01 1.757813788195912996e-01 1.807645485961045240e-01 1.696754182646131592e-01 1.757842294767411329e-01 1.626988288766495205e-01 1.794431948092468920e-01 1.538354245006293697e-01 1.670597591154126260e-01 1.591091192680442468e-01 1.692250367351179063e-01 1.664823363516940435e-01 1.608120761680937871e-01 1.685127566780643127e-01 1.710329508850458036e-01 1.657323551488477376e-01 1.685255325032090912e-01 1.650686820875867933e-01 1.702489674772501016e-01 1.363751459070920158e-01 1.360805438955036417e-01 1.505949910940875824e-01 1.643854770792059494e-01 1.588073057147156852e-01 1.506925357328864623e-01 1.626727997184913566e-01 1.636887202714204792e-01 1.484234989384453085e-01 1.575179457753146106e-01 1.522408292112037431e-01 1.733311995349470225e-01 1.656654217840832777e-01 1.739509801651446808e-01 1.676072508454619636e-01 1.713609365076419200e-01 1.673509258819814438e-01 1.590485376839034515e-01 1.608212458958680202e-01 1.635032356498992145e-01
3.430057491275100706e-02 1.212561666407228900e-01 1.000000000000000000e+00 3.739722742752945583e-01 2.133143753645427854e-01 2.084305776440466551e-01 3.796412358663698305e-01 3.968688423407167876e-01 3.553289201313622470e-01 3.496999103065950854e-01 3.667234930729332820e-01 4.012239653769160697e-01 3.615605088560995273e-01 2.807174609408320531e-01 3.868870565942837403e-01 4.154825941697132818e-01 3.780018807481077547e-01 4.144242052055233660e-01 4.197875101992397662e-01 4.085653377328344882e-01 4.272603418587711532e-01 4.132920483182927485e-01 3.934096405167019084e-01 4.083972293577367574e-01 4.053245775711262766e-01 4.085597072660567819e-01 3.933890732290413750e-01 4.064720963142260945e-01 3.835219525184100364e-01 4.182298422639425528e-01 4.119366043493890572e-01 4.204108359304334908e-01 3.991645790196273746e-01 4.198830049937535280e-01 4.073686334038408297e-01 4.145449067877124971e-01 3.949314267586841454e-01 4.215348173727576087e-01 4.071124172539706820e-01 4.072219295194729471e-01 4.012698957242480935e-01 4.086209084277668824e-01 4.169227267901705614e-01 4.017569085678401875e-01 4.107412224270914347e-01 4.124345368074044949e-01 3.847488591024785243e-01 3.864123878619171171e-01 4.028464810312554212e-01 4.144172713062818092e-01 4.115038974803580940e-01 4.046772052684226573e-01 3.978538255878227847e-01 3.847618940904964924e-01 4.023307031615130924e-01 4.036756741447083408e-01 3.991331238099605772e-01 3.936967301303594402e-01 3.966730889678111716e-01 3.769030643603833441e-01 4.007126164976047566e-01 3.910793350208627839e-01 4.085635016331128355e-01 4.018681678960744352e-01 3.917469433649146682e-01 3.891116538419725490e-01 3.849041811469779972e-01 4.008854020935887497e-01 4.091866782980925765e-01 4.144492906101867047e-01 4.050215647216593995e-01 4.004850088560040211e-01 4.018276223307183370e-01 4.045954385614258242e-01 3.915368585214940023e-01 3.951113586775261144e-01 3.997885128788096210e-01 3.969482194784194617e-01 4.010342485938911961e-01 3.953637133351562971e-01 3.895866602970751158e-01 3.878477399596881869e-01 3.931719972945100783e-01 3.999689233472106253e-01 4.067154753199433426e-01 4.024655803567453449e-01 3.976559401265296612e-01 4.054229823452985548e-01 3.935527689618777414e-01 4.014474237643005372e-01 3.991693339919987760e-01 3.963490239644678614e-01 3.973001793824218475e-01 3.941099161510936977e-01 3.833817414930807410e-01 3.863180020408979454e-01 4.073888772149245052e-01 3.947727040007935062e-01 3.951925193454879914e-01 4.035479746536185242e-01 4.030024208264383900e-01 3.985614318738402440e-01 3.945164665216418509e-01 3.985477516340910076e-01 4.011396686988540905e-01 3.935037442292254606e-01 3.959547110385355784e-01 3.906265535487346563e-01 3.934413352432289401e-01 3.904077055144381525e-01 3.913777707356576041e-01 3.794083574211646881e-01 3.896837241809267827e-01 3.942225386562159817e-01 3.857246391694758580e-01 3.889701281669956101e-01
4.189346682445204556e-02 1.558862261355291878e-01 3.739722742752945583e-01 1.000000000000000000e+00 3.534594912031743252e-01 3.445633219167297256e-01 5.864180522458121159e-01 5.783719681002331692e-01 5.413210982053738851e-01 5.318009562940214652e-01 5.838387726420024570e-01 6.062517325793280731e-01 5.226359803184107422e-01 4.520003007732626421e-01 6.237770402626355848e-01 6.296727127280997705e-01 5.630305223119632663e-01 5.952548840024225463e-01 6.118037092526344978e-01 5.614479687075988323e-01 6.262233918970371294e-01 6.236118987005879744e-01 5.831195948205725177e-01 5.845977495771853549e-01 6.056706338553272673e-01 5.998663029576325467e-01 6.117761266482509841e-01 6.311186094786921386e-01 6.071594370109200112e-01 6.246776633341545315e-01 6.172887849039341290e-01 6.101484071500983264e-01 6.081953660475039047e-01 6.082758201383716701e-01 6.081755194472591164e-01 6.179005268084427627e-01 6.065001192124602758e-01 6.249366485768510504e-01 6.271470119114329611e-01 6.167453328972106741e-01 6.201048155045056909e-01 6.318929707784107785e-01 6.369859843313261383e-01 6.311933214655659485e-01 6.291555063791994806e-01 6.273147284273462576e-01 6.026339595610199495e-01 6.006081622501139305e-01 6.059995105781363911e-01 6.196051133004366607e-01 6.241359908506707299e-01 6.079894124946843004e-01 6.128367952496973636e-01 5.929513774000866322e-01 6.033580028919705018e-01 6.135196632713632026e-01 5.954204840180290503e-01 6.102905665331490592e-01 5.985432795871594713e-01 5.940071279423915218e-01 6.122890279497484878e-01 5.974759886242100304e-01 6.111717537998466732e-01 6.102799613304306092e-01 6.030862019333137480e-01 5.992692265109939020e-01 6.025222789797143319e-01 6.167264750230579962e-01 6.210727473602519755e-01 6.267368220174220905e-01 6.252260856600677652e-01 6.211684725446963151e-01 6.096905697476066033e-01 6.229314173469657767e-01 6.124131542050955668e-01 6.142503106927033052e-01 6.293411970392289723e-01 6.299054629634103231e-01 6.262390330194040899e-01 6.109503308738466476e-01 6.159116996446463155e-01 6.079276652757463761e-01 6.150966509957245254e-01 6.182947021108532448e-01 6.216931572998409816e-01 6.203530734297018068e-01 6.218987320938736962e-01 6.243484618967425348e-01 6.156553282798348237e-01 6.142239410404815025e-01 6.266983759502819940e-01 6.196010731990949649e-01 6.201277370893237828e-01 6.189952624209749121e-01 6.030177111599929196e-01 6.035456583638293404e-01 6.193499160745702392e-01 6.104084276213280758e-01 6.097680034465124965e-01 6.239072600718944539e-01 6.251448294868292566e-01 6.147980963931397591e-01 6.106776288022366384e-01 6.185199189736795278e-01 6.169962143112355246e-01 6.077292708068856575e-01 6.101222237589464248e-01 6.070269660112975751e-01 6.069432211440871638e-01 6.086220724230434476e-01 6.053363688757830152e-01 5.975962874224888255e-01 6.060562448576103378e-01 6.122240177469895350e-01 6.039999398426479926e-01 6.043852494898079852e-01
5.978245991242511770e-02 9.255847034783380722e-02 2.133143753645427854e-01 3.534594912031743252e-01 1.000000000000000000e+00 2.487505908563129864e-01 4.755509492376919223e-01 4.476958673996970228e-01 4.665143872474022402e-01 4.401633987311913132e-01 4.777497600456711568e-01 4.921462223224649102e-01 4.579330485168905396e-01 3.500984381350964458e-01 4.989508314471716721e-01 4.969471764125696911e-01 4.593263787459654912e-01 4.379617170093280110e-01 4.544683548712593613e-01 4.394196406000426269e-01 4.617268192450649789e-01 4.605667174056960467e-01 4.524048314917519242e-01 4.328971141961993618e-01 4.459900904168519475e-01 4.753394742829680775e-01 4.847637159523866535e-01 4.857862757623955807e-01 4.792188862048486486e-01 4.970292721539826264e-01 5.051703676289845957e-01 4.756176685399714499e-01 4.668883568018725727e-01 4.652418690318785854e-01 4.715556509894332504e-01 4.858928409732934384e-01 4.928230924620718434e-01 4.762885870280909595e-01 5.107218999726964581e-01 4.737224858249415860e-01 5.025699703827143372e-01 5.072314425988208031e-01 5.131726171704248385e-01 5.154561807983366606e-01 4.980963294587080203e-01 5.115569584959451799e-01 5.045225798714232379e-01 5.048916357641577424e-01 4.957058885491442690e-01 4.788848196257160517e-01 4.945695427389458221e-01 4.725423041306074934e-01 4.941683142926905914e-01 4.977265063582152482e-01 4.903944577540636507e-01 4.922482464736634977e-01 4.880972458731623331e-01 5.076433523883456811e-01 4.851957249687314788e-01 5.048364826155520291e-01 5.010731665442011984e-01 4.971527575899092333e-01 4.958492541148183941e-01 4.944984403692449515e-01 5.030452737931526697e-01 5.015505694855890706e-01 5.095651057927370609e-01 5.032035486798934754e-01 5.029881789312856677e-01 5.046984297547517651e-01 5.055663011078201929e-01 5.071473650876139327e-01 4.993647231060693858e-01 4.987402171022954356e-01 5.013468812383145012e-01 5.055431740878897351e-01 5.009590968217635387e-01 5.115401748550568728e-01 5.063509798036343046e-01 5.084140378432122631e-01 5.017467319970119188e-01 5.084908569034514159e-01 5.031246454303183180e-01 5.050098673729774834e-01 4.991097971162596902e-01 5.019051017397319070e-01 5.042004013361192083e-01 5.008773776649051435e-01 5.062958718486805232e-01 4.962448427886375635e-01 4.973811364771425492e-01 5.056059177925080750e-01 5.064170325463681621e-01 5.107138756530602564e-01 5.052572902520665599e-01 5.050046366025334743e-01 4.935418386886250564e-01 4.971209939252403953e-01 5.002131100882215575e-01 5.029052531544357940e-01 5.118083155972958931e-01 4.996947996837419192e-01 5.048733017410319546e-01 5.114013080932325872e-01 5.061695267076047333e-01 4.953128568727200864e-01 4.982175765906428633e-01 5.032836984757312893e-01 5.015849041457852708e-01 5.069186550374192857e-01 4.961265983000678892e-01 5.068189800441481596e-01 5.026527709547400358e-01 5.072477126798771163e-01 5.113905450954263632e-01 5.045161606113190977e-01
2.268824901530516053e-02 1.010154832077433118e-01 2.084305776440466551e-01 3.445633219167297256e-01 2.487505908563129864e-01 1.000000000000000000e+00 4.597864566100412498e-01 3.908055245728132565e-01 4.430402678194126365e-01 4.185839075384758523e-01 4.452257961327167890e-01 4.732983852923450252e-01 4.402343936798461255e-01 3.473087694941192072e-01 4.696940804229706168e-01 4.742770352978007420e-01 4.537863788260995124e-01 4.143658772337994733e-01 4.538079242802483537e-01 3.831933637306555451e-01 4.393877257209924947e-01 4.421556585343870971e-01 4.370975751077800231e-01 4.067015241820728932e-01 4.398797660822760802e-01 4.467294767676026068e-01 4.537130521150445350e-01 4.636733233333392157e-01 4.204604777951055916e-01 4.702922210424258509e-01 4.737211676196457777e-01 4.553434295978198154e-01 4.464024409197244192e-01 4.451346328883782344e-01 4.596673030607065225e-01 4.701422046836603030e-01 4.689625318520723174e-01 4.643698499847704331e-01 4.898130151460374226e-01 4.741157176608434831e-01 4.792406896248346815e-01 4.894347647728040096e-01 4.860612757240888038e-01 4.897467819239310072e-01 4.848675492896017403e-01 4.837405328725182807e-01 4.814743846618319556e-01 4.812952778881721683e-01 4.795413784010494340e-01 4.612543428054882710e-01 4.776492225660802782e-01 4.564559738663145350e-01 4.744180439323879561e-01 4.739206059733292453e-01 4.689047103076520728e-01 4.778198723709426443e-01 4.723650741480621695e-01 4.826728566146940569e-01 4.755573350185659520e-01 4.818136538767824884e-01 4.859650715911121854e-01 4.764119227651301691e-01 4.777645341875356166e-01 4.797713272218223635e-01 4.837531631287483314e-01 4.782822888623334823e-01 4.810161181148874254e-01 4.803530425322084518e-01 4.793400186283650055e-01 4.783848390079975532e-01 4.841229865886851336e-01 4.890925147803688033e-01 4.748841666036233700e-01 4.814660442733920132e-01 4.816745006336372037e-01 4.835584239273401086e-01 4.856598324519179055e-01 4.809056088362853032e-01 4.867363024993904830e-01 4.837757370794502076e-01 4.881792800004752797e-01 4.862146807239561275e-01 4.897762423603508330e-01 4.864777973653961474e-01 4.801453421597901561e-01 4.839382903551114889e-01 4.896128979772199630e-01 4.850632952106601614e-01 4.890316016146498690e-01 4.824704340057359708e-01 4.858484828122376920e-01 4.868082934761462921e-01 4.896902741173463358e-01 4.901467932111056580e-01 4.823681595125491328e-01 4.851513569939207571e-01 4.774549328959924455e-01 4.755567121726458346e-01 4.788990738895483323e-01 4.821494112723745951e-01 4.859545386622785013e-01 4.820156862258415664e-01 4.817541561072220535e-01 4.838755091424166155e-01 4.842532805693661735e-01 4.788284127468944162e-01 4.788043828050948525e-01 4.840440058092254638e-01 4.822077960044618417e-01 4.847112867117238100e-01 4.824404586048962051e-01 4.817965505420355732e-01 4.827923828357437164e-01 4.843488257791407903e-01 4.818288633204759197e-01 4.852889194258017125e-01
4.451283035249983810e-02 1.945547057394066415e-01 3.796412358663698305e-01 5.864180522458121159e-01 4.755509492376919223e-01 4.597864566100412498e-01 1.000000000000000000e+00 7.046551122948375712e-01 7.174310348849680663e-01 6.839512257295204956e-01 7.475293335462407374e-01 7.832312188155109434e-01 7.214326309585741281e-01 5.835103778331169888e-01 8.443795398443693090e-01 8.027397157143858486e-01 7.456945720314949178e-01 7.504136633156081038e-01 7.718918353704979918e-01 7.020048554750726311e-01 7.694845442506480504e-01 7.809561142287964053e-01 7.481996377111622687e-01 7.275924279704938380e-01 7.634567863744249339e-01 7.768602010872137642e-01 7.975155007324838952e-01 8.056168249498966150e-01 7.821265264421698449e-01 8.119867203662332056e-01 8.157504019288024377e-01 7.824616001572137769e-01 7.632506571883663771e-01 7.567972368819607665e-01 7.682335608869783616e-01 7.650519597286488116e-01 7.870999763418733419e-01 7.817814408132208737e-01 8.116538804610519131e-01 7.791683832388273112e-01 8.134285019282645468e-01 8.263115256231216010e-01 8.159071075616259883e-01 8.260130659583934110e-01 8.206803496169345902e-01 8.265104694865241797e-01 8.042715361927232909e-01 8.074530960996773032e-01 7.938977772820736689e-01 7.666799094254326263e-01 7.973347563727252174e-01 7.665020904157918702e-01 8.005801081848286094e-01 7.985334838734844398e-01 7.946239317276484471e-01 8.073900986561618476e-01 7.775148441446732006e-01 8.089906006535558802e-01 7.942657315044143740e-01 7.969459284707696156e-01 8.060429532034807387e-01 7.946014204453095697e-01 7.984660410765906935e-01 7.912963119505928011e-01 8.031467635870234156e-01 7.921780377288613062e-01 8.108103896124104759e-01 8.173739015561347632e-01 8.186550246063852843e-01 8.230030982553225849e-01 8.182311929960449648e-01 8.189805166611401344e-01 8.130068628138864550e-01 8.168736575326114302e-01 8.148868049100251865e-01 8.203305906372310163e-01 8.287898335084790125e-01 8.296106414478510160e-01 8.301011602526920941e-01 8.135191756588706635e-01 8.189972611298264038e-01 8.174818395939830173e-01 8.100733958859520634e-01 8.163327580446672060e-01 8.071743640910891138e-01 8.127886819455085732e-01 8.167363712729244218e-01 8.182552377899039442e-01 8.143970639111710597e-01 8.101661477927392108e-01 8.200427802736240945e-01 8.220652986372545268e-01 8.213702686168706801e-01 8.240847093835148574e-01 8.080718680691363343e-01 8.105609275983840512e-01 7.997221896674694408e-01 7.905945454561220664e-01 8.036175531744010891e-01 8.142335690458394337e-01 8.212630170317627432e-01 8.057321078460654151e-01 8.116651099651990275e-01 8.151817973037862597e-01 8.081199478021178217e-01 7.977543385678377286e-01 8.013959367063064887e-01 8.130245327630087893e-01 8.123231868902756059e-01 8.140000284609897330e-01 8.092964044727463113e-01 8.057811326530531781e-01 8.101249767821112613e-01 8.086551419859100420e-01 8.067294671558615793e-01 8.058349187276953041e-01
3.318206217227667731e-02 1.615349612853312911e-01 3.968688423407167876e-01 5.783719681002331692e-01 4.476958673996970228e-01 3.908055245728132565e-01 7.046551122948375712e-01 1.000000000000000000e+00 6.603026822496921300e-01 6.256021507425097994e-01 6.781127018129348150e-01 7.169685347614249693e-01 6.539774376648169740e-01 5.454457433721221493e-01 7.516277997019098489e-01 7.725610243060953009e-01 6.672344827762751729e-01 7.276288428436181732e-01 7.319357742655715482e-01 7.054621565584561216e-01 7.593724625636817382e-01 7.343759721876499391e-01 7.143618600876702196e-01 7.134794127087111804e-01 7.276069430601099786e-01 7.210367454957167244e-01 7.275392783404788233e-01 7.400313005799634691e-01 7.027355535905851491e-01 7.434921580231889093e-01 7.391532507311510125e-01 7.470973109961885905e-01 7.203843396187604720e-01 7.302066550732185801e-01 7.281359716690538608e-01 7.251405319226470469e-01 7.176895375136606026e-01 7.651648248989354473e-01 7.517623648306469564e-01 7.515854326097760607e-01 7.495293635870263760e-01 7.640754689404201105e-01 7.721355013819573010e-01 7.643514452979639495e-01 7.607174223508509359e-01 7.635611102246201431e-01 7.395722048158036577e-01 7.375892189424391177e-01 7.517168156280215063e-01 7.522235037795534929e-01 7.709178353358507874e-01 7.157160438441801942e-01 7.377222713482665117e-01 7.364170687613246225e-01 7.486956452863493539e-01 7.574638273380123188e-01 7.397185702389600381e-01 7.541346067259562247e-01 7.575694578080153230e-01 7.281609137014050104e-01 7.579715487942328966e-01 7.432057004813619194e-01 7.610065884493265598e-01 7.444746696116931739e-01 7.322156785526892087e-01 7.287087144881018164e-01 7.365920900525193549e-01 7.534373715138024119e-01 7.592472695828113016e-01 7.734675458917084079e-01 7.583081131521288709e-01 7.508757585919376698e-01 7.533034051385255614e-01 7.568647851202495724e-01 7.446355485259785745e-01 7.436421136723460057e-01 7.578857345238085852e-01 7.513437872213173385e-01 7.563200933977564100e-01 7.441653781625013897e-01 7.463345496911302224e-01 7.424793613202784748e-01 7.479184683276312029e-01 7.497582289770754471e-01 7.576207630590707787e-01 7.498892400126740965e-01 7.469056846104720204e-01 7.640619532097037148e-01 7.452220957139382707e-01 7.575181232206324999e-01 7.557669863674524313e-01 7.551180337721989932e-01 7.535794753965783244e-01 7.548180112722657764e-01 7.403741076062280158e-01 7.408604540662591109e-01 7.579080298734193200e-01 7.380312897079061019e-01 7.489322739366632842e-01 7.640023862239481156e-01 7.615206393562568010e-01 7.543670244486472276e-01 7.440144240382537966e-01 7.546502313121721262e-01 7.470380639993564609e-01 7.421352835928561875e-01 7.476347490923161976e-01 7.447201493948449880e-01 7.489084604234244047e-01 7.479905513526025063e-01 7.546391626774993089e-01 7.314365783605274451e-01 7.476763592523096857e-01 7.456236319866866857e-01 7.307828914141911714e-01 7.385875907834760223e-01
1.198409677815596014e-01 1.982578091327758529e-01 3.553289201313622470e-01 5.413210982053738851e-01 4.665143872474022402e-01 4.430402678194126365e-01 7.174310348849680663e-01 6.603026822496921300e-01 1.000000000000000000e+00 7.639033648421641454e-01 8.099860820576764153e-01 8.347471758896662930e-01 7.744400149475345607e-01 6.165869179440972569e-01 8.448929992793587918e-01 8.268410048567172987e-01 8.257031827335925556e-01 7.270407095442845691e-01 7.867394270274365997e-01 7.177609919049338094e-01 7.505248145107736857e-01 8.031703383816730657e-01 7.560502416537308035e-01 7.058956148449454515e-01 7.548110518809968417e-01 8.262738994048154373e-01 8.450197023178221967e-01 8.196706683996719534e-01 7.664799222738035711e-01 8.494039739302716718e-01 8.627827639452967379e-01 8.023256602917626656e-01 7.812876469433297499e-01 7.742980701697711465e-01 8.193484899467553539e-01 8.114773744487564500e-01 8.320514306150376127e-01 7.993783751922480807e-01 8.588702005795473271e-01 7.947494833297480410e-01 8.657831325734245409e-01 8.607245005092075685e-01 8.454862661165737370e-01 8.715841633560903468e-01 8.601479812693939575e-01 8.567488818541835194e-01 8.745139083873119112e-01 8.806957100939076799e-01 8.633328410534443220e-01 8.096187247024789757e-01 8.497979883645088162e-01 7.981343913995766481e-01 8.595707644309131812e-01 8.722242904829764498e-01 8.548826397106205066e-01 8.535039614110175865e-01 8.616503572795591870e-01 8.722346783866193887e-01 8.532739246929951227e-01 8.876930669329703427e-01 8.703138058022884538e-01 8.686196653421629499e-01 8.605074303017977710e-01 8.717992688356079878e-01 8.815806434509683154e-01 8.795603105616619510e-01 8.780437832174368129e-01 8.636102517793136091e-01 8.528056556907603891e-01 8.582031562024988736e-01 8.685848465223225956e-01 8.753198627103183638e-01 8.499792273552864152e-01 8.545401803988574851e-01 8.739795266947625318e-01 8.744928961650259014e-01 8.656101320370342966e-01 8.670370438045641448e-01 8.720436751458529034e-01 8.803447230989621675e-01 8.756615210719205233e-01 8.797064978484524511e-01 8.683551434448832929e-01 8.721955396109251080e-01 8.467514424891564584e-01 8.583695478453092775e-01 8.666216216245492543e-01 8.592676289334170159e-01 8.724053711558186208e-01 8.600182678833382388e-01 8.509370784300315238e-01 8.707827211840727388e-01 8.727392296972827923e-01 8.733432281996617030e-01 8.742181495893825982e-01 8.802104696331083389e-01 8.438052559149137322e-01 8.566095220606223526e-01 8.613790899739205420e-01 8.592440744976168610e-01 8.681644546281608310e-01 8.635606166669184125e-01 8.746097309100904216e-01 8.754227640419407486e-01 8.675452155651961483e-01 8.655867113431814364e-01 8.635019830680137343e-01 8.768973253803974410e-01 8.704200889549904563e-01 8.784024365896181408e-01 8.618807524380802665e-01 8.823213168169267151e-01 8.726476207390581052e-01 8.743537070151635726e-01 8.800951895812771930e-01 8.810600393258711804e-01
2.039282107123755600e-02 1.886735105601995977e-01 3.496999103065950854e-01 5.318009562940214652e-01 4.401633987311913132e-01 4.185839075384758523e-01 6.839512257295204956e-01 6.256021507425097994e-01 7.639033648421641454e-01 1.000000000000000000e+00 7.782915645448972297e-01 8.000475678088768694e-01 7.403794806714578680e-01 5.913772721977191837e-01 8.074920108769753080e-01 7.901007115961030669e-01 7.729754244145271569e-01 7.032338324320217549e-01 7.497316222347880643e-01 6.992974155914337686e-01 7.247222104226564987e-01 7.626435424301990507e-01 7.339515677605069621e-01 6.826298582446168606e-01 7.198689783999249192e-01 8.003910360679079572e-01 8.031808217244663650e-01 7.803365029883544413e-01 7.213769925162106800e-01 8.073036462169818073e-01 8.277138457349565437e-01 7.819579796694479112e-01 7.546848852988859990e-01 7.460077810989779179e-01 7.853367319689970039e-01 7.655336478085509322e-01 7.994955712570566142e-01 7.787665626171706990e-01 8.263615374498335386e-01 7.685207817384654971e-01 8.329676435699864268e-01 8.265081521949755317e-01 8.102559293337510127e-01 8.334472429801005333e-01 8.231038715449169318e-01 8.229010667539524704e-01 8.454549965620985486e-01 8.453451379752638939e-01 8.294200369856946642e-01 7.776667621344834913e-01 8.196525610212980206e-01 7.522452132461965313e-01 8.228087410733165852e-01 8.415207559783138835e-01 8.245943468559885359e-01 8.247596474116951626e-01 8.216497849565687073e-01 8.404648028040259122e-01 8.278146322285984127e-01 8.480353209194543274e-01 8.368718501324556858e-01 8.345576363457249958e-01 8.282242663574405084e-01 8.319461367224925130e-01 8.363066196767418026e-01 8.358947045141418286e-01 8.461636224475317380e-01 8.352845170061244939e-01 8.268488981280494032e-01 8.269249297676203314e-01 8.352091615485323084e-01 8.375428776538658138e-01 8.191015197828281913e-01 8.211141945575687329e-01 8.433060311106311824e-01 8.421372824981748773e-01 8.300816503474180985e-01 8.263164367673758726e-01 8.354153924966915001e-01 8.458050845253526351e-01 8.428924611371351183e-01 8.477442196871249891e-01 8.353918137514207976e-01 8.413698806918828987e-01 8.210338389595243092e-01 8.293216952510964468e-01 8.322750137941324899e-01 8.339346210602809339e-01 8.423608496921116684e-01 8.340501574876844071e-01 8.252419842181402121e-01 8.403819940209773520e-01 8.373344273742105992e-01 8.419638135645769461e-01 8.445505519958265150e-01 8.475836173742841151e-01 8.164569403821885230e-01 8.220029977082853323e-01 8.327770425515661490e-01 8.324426740497427035e-01 8.339204395913591972e-01 8.359749951669113166e-01 8.374825830802430371e-01 8.438372869362730233e-01 8.312329317852013011e-01 8.366066144753013800e-01 8.350419578566546930e-01 8.455172016566612214e-01 8.423655968206307243e-01 8.461077944777529725e-01 8.402090959104676626e-01 8.474418633978904047e-01 8.442826606530430267e-01 8.429947108999914507e-01 8.415638194241874537e-01 8.438480629665876531e-01
2.113352328652234532e-02 1.510729461041512844e-01 3.667234930729332820e-01 5.838387726420024570e-01 4.777497600456711568e-01 4.452257961327167890e-01 7.475293335462407374e-01 6.781127018129348150e-01 8.099860820576764153e-01 7.782915645448972297e-01 1.000000000000000000e+00 8.705856850164623850e-01 7.963212872890829130e-01 6.401348161998732245e-01 8.724973386202649062e-01 8.559410267826151886e-01 8.221060496613790125e-01 7.735830896817437186e-01 8.131134778109788686e-01 7.502835084136872945e-01 7.798600955692870373e-01 8.292463524432436284e-01 7.960698043858963624e-01 7.520646636457313239e-01 7.964054307442145486e-01 8.530017616262545177e-01 8.660989412805636389e-01 8.506368961243943039e-01 7.888450622843434790e-01 8.642389425619204646e-01 8.832616143236073913e-01 8.444263757676999660e-01 8.152819263984288911e-01 8.152591611022457219e-01 8.359726943705184654e-01 8.300272862224157278e-01 8.582515380616160261e-01 8.474079588322687151e-01 8.847105261296686063e-01 8.395513666812571829e-01 8.945998387167294341e-01 8.929883940344570670e-01 8.758529341212781816e-01 9.003341857978550689e-01 8.912132324748869294e-01 8.911915280686603102e-01 9.014224773671329904e-01 9.026547587527223859e-01 8.948104621115650081e-01 8.528039662225993522e-01 8.827150553696689883e-01 8.357786425911549744e-01 8.902146689764565135e-01 8.943880889757270802e-01 8.885347282161336624e-01 8.915259843907469284e-01 8.790152289728447865e-01 8.982274632719050578e-01 8.862488164431515658e-01 8.971407493248528819e-01 9.016809172041291287e-01 8.898352119878795152e-01 8.902582966770997697e-01 8.901167058069769933e-01 8.972267777252805887e-01 8.910485268537072789e-01 9.046100429546483079e-01 9.021027115874695745e-01 8.933440345676781913e-01 8.918944186789815598e-01 9.022140265974006867e-01 9.058007590590463343e-01 8.883165664213343860e-01 8.920774985199049212e-01 9.064514231104878750e-01 9.052627102667263337e-01 8.991472414424659387e-01 8.932218331305274983e-01 9.029708344126300412e-01 9.052053566878001112e-01 9.059989002553104909e-01 9.081815268326045576e-01 8.988777110218629796e-01 9.010111229639561348e-01 8.920243347606815476e-01 8.993991332760956636e-01 9.036105666413206672e-01 9.004785824323109367e-01 9.059377336650296098e-01 8.993478941767631962e-01 8.969620830093550934e-01 9.065082048761703426e-01 9.075480973984320077e-01 9.071238164198572873e-01 9.060250923688980551e-01 9.065240748274410176e-01 8.907772490502688933e-01 8.899117944379163481e-01 9.006818013613312468e-01 9.003492728160096270e-01 9.046759579245315930e-01 9.016953889084267093e-01 9.025298941702422084e-01 9.075270232786616376e-01 9.014553966879977898e-01 8.968934312784371254e-01 9.001650916700640881e-01 9.059724260794637107e-01 9.049485942622320644e-01 9.051202726859903791e-01 9.007696870214965124e-01 9.038241960569916023e-01 9.049270941212569364e-01 9.052731824954458606e-01 9.015236516927055410e-01 9.040626282543331449e-01
4.860675658108332652e-03 1.632870488605171200e-01 4.012239653769160697e-01 6.062517325793280731e-01 4.921462223224649102e-01 4.732983852923450252e-01 7.832312188155109434e-01 7.169685347614249693e-01 8.347471758896662930e-01 8.000475678088768694e-01 8.705856850164623850e-01 1.000000000000000000e+00 8.284535189924350229e-01 6.561691014398322030e-01 9.080374541134405009e-01 8.935879191349075379e-01 8.479429023522532249e-01 7.980008567698732014e-01 8.444210811083248114e-01 7.789154498353408895e-01 8.084532369585505363e-01 8.592031990222483984e-01 8.205618058447098351e-01 7.733400278676467732e-01 8.186097244659095162e-01 8.830780905031507810e-01 8.971560938884154401e-01 8.819247730636673444e-01 8.138932170368710084e-01 8.961088488486539383e-01 9.214452933233348020e-01 8.793744895090913616e-01 8.443561713009632985e-01 8.507878345727882818e-01 8.753077328149758696e-01 8.617590591144637102e-01 8.956002042361460580e-01 8.859948193562519059e-01 9.189944944770991331e-01 8.684069141792369884e-01 9.248966701408931623e-01 9.273078571789028501e-01 9.023559642550703641e-01 9.338870179704822361e-01 9.210989350427689626e-01 9.258012559525988783e-01 9.355615898605841307e-01 9.373786607805913995e-01 9.303821115348132054e-01 8.901170572730275898e-01 9.200052851368847318e-01 8.568327326025315660e-01 9.209772229518697895e-01 9.271049259755075322e-01 9.215970243202364909e-01 9.226482506485707002e-01 9.128195456734480295e-01 9.348296763601290360e-01 9.265475173196310310e-01 9.314854559836632797e-01 9.327952313922561745e-01 9.241531911795350940e-01 9.259980719814229211e-01 9.264699004567704677e-01 9.280665147861670849e-01 9.256490723485305550e-01 9.378919291832900074e-01 9.338716991692811442e-01 9.276172023445142800e-01 9.256821768026892716e-01 9.354221794068182660e-01 9.385102265847383718e-01 9.193815579079810396e-01 9.218568883189256491e-01 9.398301885110835752e-01 9.398204497990085837e-01 9.332586884695028839e-01 9.271512438848130699e-01 9.360224686219086321e-01 9.390310078567246643e-01 9.380883649096760646e-01 9.420722417011611061e-01 9.340298913825582083e-01 9.349998241372595720e-01 9.271254211050355964e-01 9.332397968115686560e-01 9.340101165717556997e-01 9.363168421231782279e-01 9.407847301396623507e-01 9.307433246159341200e-01 9.262988698835713519e-01 9.396165317147955331e-01 9.387330601865107038e-01 9.409354747871329083e-01 9.410138728084651571e-01 9.409367248915836424e-01 9.211053102680585303e-01 9.255056897403782790e-01 9.350112879892739093e-01 9.340605836966656694e-01 9.347951427047772599e-01 9.363707787537772775e-01 9.358233150931783983e-01 9.419326493238513454e-01 9.327637054381542336e-01 9.304953414096883701e-01 9.366831536511962542e-01 9.401422670200159093e-01 9.376897576212220864e-01 9.423207246284783789e-01 9.359632578385201906e-01 9.386429758188264971e-01 9.381518125696091115e-01 9.399188486057020731e-01 9.367276124741168442e-01 9.379107368675676515e-01
1.715362841635655056e-02 1.541190560953327737e-01 3.615605088560995273e-01 5.226359803184107422e-01 4.579330485168905396e-01 4.402343936798461255e-01 7.214326309585741281e-01 6.539774376648169740e-01 7.744400149475345607e-01 7.403794806714578680e-01 7.963212872890829130e-01 8.284535189924350229e-01 1.000000000000000000e+00 6.061122111939896140e-01 8.401494676468197476e-01 8.318135256925394128e-01 7.876219392195836777e-01 7.146150720112375287e-01 7.587698080761604569e-01 7.192570113092963124e-01 7.363968815653553213e-01 7.726051478769423442e-01 7.560339502240304155e-01 7.019829856467746376e-01 7.336175594191198801e-01 8.151227723626056632e-01 8.232598953615632986e-01 8.064250008936215686e-01 7.398973692792881751e-01 8.189462793309353339e-01 8.466045036650091671e-01 8.098352884825791298e-01 7.770541183518898665e-01 7.742841372517420551e-01 8.106228341120755854e-01 7.892941845056875572e-01 8.291696522787820323e-01 8.060980528225436537e-01 8.481618992775828980e-01 7.876869116043589969e-01 8.535322704138146310e-01 8.538805953033035134e-01 8.359732610143733034e-01 8.621013616853523409e-01 8.518281772977505106e-01 8.492176203619553609e-01 8.712820188983106950e-01 8.729288541488137154e-01 8.586000945166485376e-01 8.048202627225159445e-01 8.415498724638830197e-01 7.775918032871960150e-01 8.497333998690794754e-01 8.661448709501100574e-01 8.497403848092027756e-01 8.500433867987301495e-01 8.487856103016814258e-01 8.682798593861186243e-01 8.539690872365672814e-01 8.738322752706578767e-01 8.660066196283822126e-01 8.616963733115203805e-01 8.569161255685873169e-01 8.593361905536052170e-01 8.572309221922804756e-01 8.638827836874174437e-01 8.734608330572197765e-01 8.604970220067397202e-01 8.579539024176326967e-01 8.571665835827176894e-01 8.596570760144996992e-01 8.654813660865291469e-01 8.493115227676368839e-01 8.439555124772759598e-01 8.696417025755284191e-01 8.695068314144214217e-01 8.576934960209292580e-01 8.515424185935829282e-01 8.652274720781325534e-01 8.705934269406181425e-01 8.676871272011230651e-01 8.724170523334386917e-01 8.634203345551014763e-01 8.678973332307462485e-01 8.523622912945161278e-01 8.606649268968027400e-01 8.610970567342345339e-01 8.619280155109108055e-01 8.704070936214723941e-01 8.579992701052362447e-01 8.529928142959465331e-01 8.686150636843461559e-01 8.672275667673010613e-01 8.698843738406634163e-01 8.735610429109684771e-01 8.749314646986514621e-01 8.459716843628001248e-01 8.516322906612584509e-01 8.648785786181769630e-01 8.614029785376648984e-01 8.638050689609498844e-01 8.639747321539491542e-01 8.665514260552549253e-01 8.709914367680169356e-01 8.598571205344941459e-01 8.648152381544842449e-01 8.660582914184313807e-01 8.733119805124572865e-01 8.703218701762716059e-01 8.745611014434947483e-01 8.657812357531819991e-01 8.768795194594029008e-01 8.723773673047059418e-01 8.717624595697049950e-01 8.683460854196496381e-01 8.717740865439833620e-01
