1.000000000000000000e+00 9.303227563483701390e-02 1.022501275537745918e-01 -5.013835580255909807e-02 6.544643902207139888e-03 -1.167198414173083350e-02 -1.060527201409142660e-02 1.628168921359179552e-02 7.876279632818085352e-02 4.872215985300936553e-02 2.564166549489390115e-02 -7.837740494111941625e-03 -6.401636237160946742e-03 2.406127147304517808e-02 -5.281066282314641341e-03 2.106713039003531816e-03 8.696496992886951216e-02 1.156698590567476342e-01 9.159876339671486900e-02 7.732599793088201778e-02 7.768244322978111460e-02 8.433326573041742547e-02 1.013297811795997594e-01 9.747751260432468978e-02 1.053372401532685354e-01 9.949510073114582742e-02 9.715329807295808306e-02 9.043851636452100717e-02 1.318253658433246600e-01 1.247611372220299442e-01 9.339036443917961283e-02 4.610351954898194576e-02 4.766885760849171039e-02 5.316959301638660845e-02 7.209294722971901215e-02 3.409042866680692119e-02 7.853024284146556400e-02 3.289829098190944628e-02 2.709683183219376360e-02 8.892618988745866135e-03 3.588334135464597147e-02 1.107188286195272958e-02 1.152805583584814650e-02 2.515397103206047300e-02 2.658897322224470020e-02 4.636543828678065665e-02 1.580513846388723401e-02 2.388447092026496979e-02 1.473054655152897414e-02 3.018018771079094067e-02 1.390993414513378747e-02 2.154607127565700067e-02 1.792157136856199415e-02 3.361883221148927181e-02 2.970618334435496527e-02 3.119459928480691410e-02 3.178780053139905470e-02 2.367473569208819115e-02 2.055518276696647814e-02 2.143785258524295509e-02 1.536678896627215359e-02 3.081839252362528550e-02 1.982343152576818146e-02 2.205684818969974592e-02 2.057612387251232453e-02 2.284668849686872713e-02 2.226426896683010581e-02 3.422037303580122147e-02 3.797040488964973509e-02 3.228694707134267816e-02 3.070303300612459499e-02 4.107011937170643862e-02 3.080745072965102027e-02 3.529736258529742737e-02 2.609611472816751945e-02 3.794049066540323284e-02 3.187806488484880296e-02 5.842879872387421458e-02 4.484784152519071670e-02 5.503875560269227279e-02 5.170216541631532381e-02 3.600732772915191809e-02 2.947101915146797119e-02 4.198392846835821701e-02 1.512387178347815442e-02 2.262561519968889559e-02 2.400421681239893815e-02 1.000770496054144768e-02 1.585714118220564808e-02 2.298929459093534619e-02 1.945089260778177717e-02 1.101941192470327208e-02 1.383020806307337820e-02 1.817111818992217173e-02 6.200927796269331896e-03 1.393294416483929071e-02 9.516618455549871606e-04 1.591640379210327097e-02 5.031054509323933804e-03 2.323629243049875597e-03 2.331181894119247703e-03 1.104243079640525316e-02 9.543953932143814378e-03 7.184984215343586007e-03 1.250946399297131820e-02 1.081297079271307734e-02 1.373654435485374865e-02 2.090203710423019917e-02 2.005232036229942852e-02 1.068030927635108505e-02 5.757928955309787704e-03 1.032597733175759543e-02 1.127625093321012878e-02 9.288095746372196371e-03 1.621610039973163386e-02 1.155868059851533278e-02
9.303227563483701390e-02 1.000000000000000000e+00 7.198593169386792445e-02 6.398947336065760605e-02 8.355244651819360158e-02 8.803082038868782766e-02 1.032118157649175028e-01 1.017601240465457330e-01 1.960028124685699313e-01 1.833104133830710525e-01 1.545609804960803857e-01 1.392243875529878550e-01 1.255039268870754843e-01 9.644352052545331067e-02 1.457568014554033176e-01 1.374192567683649724e-01 1.914125344454142286e-01 1.496205307070699320e-01 1.523233394465319246e-01 1.357053331278067210e-01 8.392446715410127600e-02 1.189052607122371985e-01 1.527626216588626740e-01 1.242759576240221320e-01 1.106947588120708315e-01 1.697184300208804952e-01 1.616423174170371624e-01 1.715338811079069881e-01 1.719333158371960657e-01 1.876261010846561328e-01 1.716154445748988844e-01 1.586366312795350897e-01 1.527582965764102407e-01 1.536141936963699162e-01 1.660970111832195673e-01 1.311334918517419457e-01 1.692757395414595523e-01 1.544821328648804393e-01 1.558884843281606869e-01 1.338270105743567806e-01 1.581361332326989833e-01 1.527700755969244317e-01 1.351078669942451516e-01 1.611144421017539630e-01 1.477357565306811338e-01 1.635004514562611311e-01 1.632030560051832557e-01 1.752291465419165695e-01 1.645063871413876833e-01 1.500227235807622683e-01 1.482801601434658445e-01 1.291722282235689412e-01 1.483387137414683421e-01 1.749541819553270816e-01 1.760231944675903770e-01 1.650321917672336325e-01 1.593726515702353907e-01 1.640233493997323988e-01 1.690507062369417390e-01 1.547437140198464900e-01 1.589540824503093419e-01 1.698783652308328562e-01 1.609164953379590979e-01 1.679912830026403237e-01 1.602161712301106433e-01 1.622823364484120012e-01 1.675091000000654418e-01 1.629142959891897446e-01 1.608870204116090719e-01 1.573533841553299839e-01 1.431766825922331510e-01 1.581748834129802217e-01 1.506685183396188621e-01 1.374228534655780321e-01 1.652114809674084250e-01 1.685493942484062591e-01 1.681197928857047497e-01 1.782541128647592843e-01 1.722556606635434751e-01 1.745490161945137675e-01 1.639530630339032513e-01 1.689032317160627239e-01 1.575509151255817253e-01 1.728379624256687341e-01 1.580663215126089371e-01 1.571798884907766036e-01 1.613642913192133987e-01 1.598674176480791853e-01 1.601370091471993329e-01 1.627053227554416392e-01 1.567034347760967727e-01 1.608851111625401731e-01 1.549356112460017754e-01 1.589856218294943002e-01 1.593970855737043002e-01 1.722663063215258972e-01 1.384966197341581107e-01 1.586762094554433622e-01 1.594571017952894909e-01 1.594881863806440481e-01 1.450174990484292270e-01 1.561988968278097967e-01 1.561919045323151289e-01 1.525716994496087164e-01 1.482857835363435850e-01 1.569789422915048305e-01 1.635717054428112438e-01 1.692564503074487081e-01 1.664968652631653445e-01 1.631645342011247835e-01 1.616188469415579254e-01 1.624625982712299688e-01 1.617793699398962504e-01 1.594802781729307284e-01 1.613341854085729721e-01 1.583960482316261742e-01
1.022501275537745918e-01 7.198593169386792445e-02 1.000000000000000000e+00 2.940430349258427167e-01 2.117125384200639893e-01 1.791557233828160733e-01 3.368378159683256268e-01 3.658267960356544890e-01 3.619778239556393773e-01 2.984072981517875700e-01 3.646234214695063258e-01 3.482678685035748845e-01 3.359162897314764695e-01 3.058796706904191587e-01 3.666821476278371850e-01 3.791942199633251409e-01 3.880090692642575445e-01 4.426988925062425029e-01 4.493687397643329473e-01 3.983118169692065891e-01 4.665820522862856867e-01 4.630164138407122376e-01 4.410234976840053944e-01 4.612603605348181701e-01 4.728803056896260792e-01 4.186572833051364628e-01 4.132692701879536745e-01 4.259766493194313552e-01 4.194118842676949344e-01 4.295838468712254166e-01 4.314213127416373084e-01 4.191372964039432047e-01 3.995987133719722251e-01 4.264787637004099352e-01 3.944090617377419838e-01 4.344169772877760072e-01 4.342030304437227151e-01 3.918903272481542577e-01 3.986845841538435575e-01 3.973879076162645796e-01 3.930893595763633175e-01 3.897594952121620770e-01 4.116816337923505098e-01 4.082911269770391760e-01 4.118374287297155711e-01 4.062838280801790436e-01 3.715126331191339615e-01 3.612346303785932689e-01 3.685920738867259350e-01 3.949262998010996117e-01 3.903078754263041850e-01 3.964922650711454333e-01 3.826108680149818975e-01 3.687364625422790421e-01 3.620787788595272727e-01 3.990355693357724998e-01 3.766690918514098430e-01 3.788790996447534143e-01 3.720095149988994487e-01 3.733727083614126196e-01 3.807553796529042356e-01 3.775735420706423096e-01 3.725292962599791591e-01 3.720286354503245518e-01 3.793995969567504067e-01 3.760324256716409685e-01 3.784842154348210808e-01 3.994818352367984771e-01 4.034313411338765198e-01 4.066359824266570500e-01 4.197020695914907562e-01 4.180554370816572107e-01 4.171359724296390126e-01 4.306823242057711831e-01 3.875680827587095201e-01 3.938511640714885131e-01 3.842181334770105594e-01 3.940382077450183540e-01 3.977499515000157415e-01 4.012236697494435678e-01 4.093774759528875373e-01 3.942323641621738872e-01 3.986965404875583152e-01 3.901601633336289066e-01 3.816543327991485657e-01 4.016803902328041631e-01 3.992049083552459132e-01 3.775868920738258416e-01 3.826453732561676535e-01 3.886899774577958211e-01 3.909224617334521312e-01 3.763917683644528722e-01 3.907993366996936890e-01 3.869009586968975012e-01 3.630478658339912901e-01 3.678926771433020937e-01 3.827271771651803989e-01 3.753880032195776595e-01 3.683522611015499493e-01 3.754519311271083959e-01 3.810494497948659354e-01 3.698920711565935604e-01 3.726182681111104289e-01 3.786833543167690830e-01 3.858634116793097091e-01 3.624439348620191459e-01 3.659266193688133217e-01 3.662429820170679529e-01 3.719624698539053531e-01 3.692244667327939656e-01 3.657130380343864284e-01 3.670443458629330524e-01 3.648858895187546691e-01 3.659295887297367988e-01 3.696427839610986199e-01 3.665867831095795393e-01
-5.013835580255909807e-02 6.398947336065760605e-02 2.940430349258427167e-01 1.000000000000000000e+00 3.551355992225136426e-01 3.281290643816980324e-01 5.732249856736857385e-01 5.769448176731577504e-01 5.009650052162663014e-01 3.971957674084154455e-01 5.291796028165576260e-01 6.065033228773234475e-01 5.290610357223485272e-01 4.326276537335086436e-01 5.786825531671224709e-01 5.908383041939974101e-01 4.968142828603384631e-01 4.762861660994987534e-01 4.706412172401253091e-01 5.035543228398350335e-01 5.168143804235882932e-01 4.651386190292526868e-01 4.624889848325965391e-01 4.885302707490399299e-01 4.847477187165709633e-01 4.925840735069821896e-01 4.632459210313994435e-01 4.972934098546260562e-01 4.203075484475359835e-01 4.495905425723402127e-01 5.034083762956215180e-01 5.633400869091577112e-01 4.948482168407284387e-01 5.498628121832507265e-01 4.902439235237713300e-01 5.785562313694068148e-01 5.105366369244314084e-01 5.630072498571775386e-01 5.597423561109261536e-01 5.805667367816456093e-01 5.591374282497943993e-01 5.720689067508771819e-01 5.966987166084192218e-01 5.751061846562766089e-01 5.765290174565399495e-01 5.501606278803922168e-01 5.650136089054056399e-01 5.522063597214952324e-01 5.691302973468089776e-01 5.670681846778030666e-01 5.743824381235363985e-01 6.069752636649313748e-01 5.784586891412473175e-01 5.458630548485862155e-01 5.330843123073785161e-01 5.648476230089757300e-01 5.701848778886058344e-01 5.553073393351447562e-01 5.525669892020000917e-01 5.670409803774774105e-01 5.727660710431272673e-01 5.599604587119909604e-01 5.668711379007111972e-01 5.698149096856386375e-01 5.634839364082564472e-01 5.745658720587428769e-01 5.606771290572766242e-01 5.517762253429076003e-01 5.625799044625943157e-01 5.741270735627409527e-01 5.585248024536019207e-01 5.493971161952462268e-01 5.693121984848539263e-01 5.680053424764208714e-01 5.583752350001403020e-01 5.438674378426148204e-01 5.509550280217242468e-01 5.194453811851726943e-01 5.360985716148847224e-01 5.321439847834592562e-01 5.442786683187850194e-01 5.474639677275755512e-01 5.818872975126974101e-01 5.458630439258026490e-01 5.747465390822236175e-01 5.750002882344730226e-01 5.671758909621223976e-01 5.739574534213891521e-01 5.652059196465328839e-01 5.744678590556085984e-01 5.694893220933013867e-01 5.729209359053551998e-01 5.738884914437287765e-01 5.658982013275350997e-01 5.651765309019738392e-01 5.643194591391827997e-01 5.958604738869428541e-01 5.873256198891524393e-01 5.712776868397885233e-01 5.791165190197086199e-01 5.892834228985454059e-01 5.792775028117385094e-01 5.780481840554645423e-01 5.795491878011465037e-01 5.854886614316456850e-01 5.788448499990254126e-01 5.740294001765569032e-01 5.541627157656026093e-01 5.612857694205134473e-01 5.719383586574859901e-01 5.657959186422727438e-01 5.688245369853353051e-01 5.696686312730415702e-01 5.747256630426332835e-01 5.621634107063394614e-01 5.781939480327300540e-01
6.544643902207139888e-03 8.355244651819360158e-02 2.117125384200639893e-01 3.551355992225136426e-01 1.000000000000000000e+00 2.628207397758858255e-01 4.448637836447967842e-01 4.656239688288948408e-01 4.349569282988682839e-01 3.709437677495960317e-01 4.523515685600481562e-01 4.767913552892928952e-01 4.531148174782638205e-01 3.476081598002737083e-01 4.824202578319714552e-01 4.844503682737811845e-01 4.470292329377257845e-01 4.201127819173358091e-01 4.393910885027308977e-01 4.298855563472913088e-01 4.190144537003585579e-01 4.186644461551484175e-01 4.246980236654507301e-01 4.288638302908534539e-01 4.313575663955279693e-01 4.485467570228109935e-01 4.279803919724003425e-01 4.578841062098098491e-01 4.080045581400348342e-01 4.266501476510536905e-01 4.561473576025847354e-01 4.771637729687651652e-01 4.647754002091164516e-01 4.755032419063405791e-01 4.492557234766648144e-01 4.870502913313090043e-01 4.630471077142364056e-01 4.795277249342672632e-01 4.838514411715505448e-01 4.890734075294367877e-01 4.817746309464563392e-01 4.828458592307478536e-01 5.024510038981357951e-01 4.898692017033536295e-01 4.905696767617526710e-01 4.743730131736306199e-01 4.784765255000356099e-01 4.711738593743104442e-01 4.744082725411750689e-01 4.789865705291553866e-01 4.816332444842873484e-01 4.929814956903865730e-01 4.795319010511436830e-01 4.698180853447511129e-01 4.584495641547322031e-01 4.794566646287961031e-01 4.739342650481015995e-01 4.733758183336666536e-01 4.662414227859059124e-01 4.796740675237834983e-01 4.853341353046277118e-01 4.733072163304277713e-01 4.739897056225496064e-01 4.782044582720735293e-01 4.778032667710693238e-01 4.793462079906403162e-01 4.744167525504381366e-01 4.730848481099222402e-01 4.765401216635402060e-01 4.864946944595408551e-01 4.826634679448761900e-01 4.771658303473128027e-01 4.777079779002903481e-01 4.825997530089714549e-01 4.766983278281767822e-01 4.732157547705719280e-01 4.731600844651811522e-01 4.528470587145717596e-01 4.684458003735835763e-01 4.670277268622073374e-01 4.751170905571634462e-01 4.719340553503207913e-01 4.807204418136420965e-01 4.684788894742131227e-01 4.775058524920116065e-01 4.812453709506862576e-01 4.841961251089695328e-01 4.787522118794720893e-01 4.758836379988380938e-01 4.804472102282908996e-01 4.812655578480085072e-01 4.806028433348568663e-01 4.856732965018200066e-01 4.784456163246217919e-01 4.761896805525471232e-01 4.743188829283523367e-01 4.900867125577299532e-01 4.802426647987727004e-01 4.776833065414758939e-01 4.829055521076190960e-01 4.917422802658688030e-01 4.798275996988677350e-01 4.833136037232453330e-01 4.843947391102451094e-01 4.869792012507861978e-01 4.748844869823777848e-01 4.757756193866482519e-01 4.729081857760248364e-01 4.744135395346442685e-01 4.762177052837157087e-01 4.728116244508977495e-01 4.794156861340633791e-01 4.759377142906638936e-01 4.769003527164217826e-01 4.771314122282688253e-01 4.783766222349074559e-01
-1.167198414173083350e-02 8.803082038868782766e-02 1.791557233828160733e-01 3.281290643816980324e-01 2.628207397758858255e-01 1.000000000000000000e+00 4.907510063186033555e-01 4.184973726770145341e-01 4.923997004567832736e-01 4.610413287486733180e-01 5.035017868877088576e-01 5.381904307820435385e-01 4.795478206874080329e-01 4.155568583625801615e-01 5.267303050964338151e-01 5.202238749871322954e-01 4.703804195672086075e-01 4.094431758371531727e-01 4.295788273953752845e-01 3.807511323217596666e-01 3.700345789336744740e-01 4.201315073870103833e-01 4.302213398446753656e-01 3.778027005419374862e-01 3.933803925767772047e-01 4.975232399016639162e-01 4.867159300338229633e-01 4.837022948896407271e-01 4.669671139343609667e-01 4.720644616366021507e-01 5.088867777939203307e-01 5.239636665571044682e-01 4.900175677772617977e-01 5.013818403249570288e-01 4.924252914506311307e-01 4.893198946140190908e-01 5.085932800175182456e-01 5.318087671524623916e-01 5.423460089655959271e-01 5.107126778900229480e-01 5.415965302833075645e-01 5.440214748406037026e-01 5.322665188184170226e-01 5.345079960744597569e-01 5.328442049556809668e-01 5.422059538349902619e-01 5.575113436959578950e-01 5.517187012562037030e-01 5.455672992607640825e-01 5.268485041849196859e-01 5.471652240705940917e-01 5.316237628990670983e-01 5.444952779985524627e-01 5.504524294868387013e-01 5.528255335105219936e-01 5.364338682775701139e-01 5.411053392906250981e-01 5.464088663219753839e-01 5.535799541908742460e-01 5.566981504525959634e-01 5.554517568106905889e-01 5.543267375842714229e-01 5.514553698701862849e-01 5.474579489661172138e-01 5.530356313068790497e-01 5.492223454180678033e-01 5.589058333397980416e-01 5.466194554847800813e-01 5.436210717770567635e-01 5.302276222968735908e-01 5.268085219705911371e-01 5.368891960337605074e-01 5.256611953371913559e-01 5.226387318265970361e-01 5.553068839416991365e-01 5.485307297998647247e-01 5.514838633011714952e-01 5.440922804692397419e-01 5.450514534494352858e-01 5.407960153948341286e-01 5.409566059922017445e-01 5.527936293690404179e-01 5.480586909569414855e-01 5.446183085317112260e-01 5.453837454324274026e-01 5.442136272807061026e-01 5.486856941103989138e-01 5.574108672740165638e-01 5.590104965516052848e-01 5.484955072759709616e-01 5.540231776878163927e-01 5.574035508449953769e-01 5.551960347115548755e-01 5.552092579850655962e-01 5.622222808319012888e-01 5.604910373259577305e-01 5.472224510450329760e-01 5.483025172094236899e-01 5.616670908503690329e-01 5.534619154320871148e-01 5.592373728833861524e-01 5.590977936508845225e-01 5.597865529192159739e-01 5.575411681655297880e-01 5.541727763806598706e-01 5.572670928866679807e-01 5.550951740020357850e-01 5.613049224601280862e-01 5.590542062938906875e-01 5.590669618157696474e-01 5.605242560961165577e-01 5.617274593466576871e-01 5.630682124275154798e-01 5.624129897188756555e-01 5.607937938714040449e-01 5.574348718663579838e-01
-1.060527201409142660e-02 1.032118157649175028e-01 3.368378159683256268e-01 5.732249856736857385e-01 4.448637836447967842e-01 4.907510063186033555e-01 1.000000000000000000e+00 7.061543710793504181e-01 7.009284935576156617e-01 6.284384732276810936e-01 7.321194386771049389e-01 7.812088014134374037e-01 7.199039422880907368e-01 5.935864065136184919e-01 7.972905499481673930e-01 7.925196250054254987e-01 6.850283823558237506e-01 6.449000261132132872e-01 6.696557408900575270e-01 6.320619272973031499e-01 6.219571117395918947e-01 6.528962599173262493e-01 6.657831022500900753e-01 6.237684745502031225e-01 6.433522637080477669e-01 7.336637232911397133e-01 7.105662824964438240e-01 7.366708374820376548e-01 6.792169983132877453e-01 6.944398219629307478e-01 7.476758497077764520e-01 7.705564982545480834e-01 7.171506761953606590e-01 7.515809965178971153e-01 7.065113022962522527e-01 7.609481978212537800e-01 7.509084061258853859e-01 7.900877315406187318e-01 7.886566571873953047e-01 7.895790811066956127e-01 7.885475461333427694e-01 7.962136820056203712e-01 8.008468574850003963e-01 7.943308630515082402e-01 7.940705005573048814e-01 7.813337024145660115e-01 7.985742733895775380e-01 7.860464741468938810e-01 7.928377387362894879e-01 7.777783960601927227e-01 8.006643008605747180e-01 7.972019501661555818e-01 7.934225431294079645e-01 7.844441400811403842e-01 7.742204906068536063e-01 7.931328803975206121e-01 7.954243406910063152e-01 7.877193363831946904e-01 7.852411690268098488e-01 7.970561535702418432e-01 7.963594354727923097e-01 7.947811076161358512e-01 7.934316195625196189e-01 7.984292207088135029e-01 7.892687985365072212e-01 7.935077132365060404e-01 7.934665528373375798e-01 7.832381297234116690e-01 7.876372769620958447e-01 7.837583775911474149e-01 7.784724931447156715e-01 7.820616251443127664e-01 7.771083479987014320e-01 7.755173858901401873e-01 7.938055048956664805e-01 7.889335147722024155e-01 7.955522896701487934e-01 7.733032455029194008e-01 7.821865586455786223e-01 7.728422054081706127e-01 7.763283592454272020e-01 7.879960910106955652e-01 8.047028521139707458e-01 7.789089016627557260e-01 7.874295869906827727e-01 7.905636919536265239e-01 7.945017280989626896e-01 8.019080320926826877e-01 7.952474820225012841e-01 8.035571050117653602e-01 8.010099929970725396e-01 8.029737312178041320e-01 8.027894526492203031e-01 7.978691291129211827e-01 7.968712349735279643e-01 7.937573689116941278e-01 8.057653244733975484e-01 8.032712648645321529e-01 8.013636567222688356e-01 8.014988757022724064e-01 8.123866446783269968e-01 8.033837991480782259e-01 8.024808752893616282e-01 8.044483617707981482e-01 8.049421100196515466e-01 8.023583902819115821e-01 7.979392303705730161e-01 7.937551796143478278e-01 7.969673490300611673e-01 8.004116511161145642e-01 7.977987054111098653e-01 7.998352793754108792e-01 8.017162054059951970e-01 8.030224280093355427e-01 7.957892507263645276e-01 8.013192655246128560e-01
1.628168921359179552e-02 1.017601240465457330e-01 3.658267960356544890e-01 5.769448176731577504e-01 4.656239688288948408e-01 4.184973726770145341e-01 7.061543710793504181e-01 1.000000000000000000e+00 6.811249975718953742e-01 5.921936290494512756e-01 7.057173250455546221e-01 7.517095141877460085e-01 6.803503626956988182e-01 5.728391518612920841e-01 7.523608810967310490e-01 7.725316116457128235e-01 6.811805795092322757e-01 6.656735523735691773e-01 6.709954304146444892e-01 6.657733121213220695e-01 6.673932534776819692e-01 6.735525691914638902e-01 6.755547611440163580e-01 6.520838819196689284e-01 6.657729042328350832e-01 7.277919621415305240e-01 6.993594002330679738e-01 7.359610806358257706e-01 6.580046832879612451e-01 6.816557091046601125e-01 7.277399760350793390e-01 7.551918308308567251e-01 7.102226183063972131e-01 7.440335976889898006e-01 6.944930418533329375e-01 7.477471764995540227e-01 7.360636098601176514e-01 7.714625881868898416e-01 7.579620980696633037e-01 7.789042824428110690e-01 7.661733471283308505e-01 7.728848705284544485e-01 7.838849006611969816e-01 7.796529204787371325e-01 7.747968491046188788e-01 7.589349292038420902e-01 7.645887819009933306e-01 7.510545112317275063e-01 7.584506129902133242e-01 7.684577935301795115e-01 7.813113091973318269e-01 7.829543188261044451e-01 7.657591631311352343e-01 7.559934205289906561e-01 7.434572763042252008e-01 7.754412143590606599e-01 7.719389521236101892e-01 7.620117046340435518e-01 7.641875565675307902e-01 7.678444623732161300e-01 7.706121482997910777e-01 7.670134588243699980e-01 7.678564034567668672e-01 7.648947661037500678e-01 7.582738736400380652e-01 7.691836745616743576e-01 7.564130697536145531e-01 7.565515632358138509e-01 7.625737600311454090e-01 7.682565772199607679e-01 7.641571900024741737e-01 7.613033029607210178e-01 7.584517289851497868e-01 7.599053190321221063e-01 7.636675132240356989e-01 7.547290760653649899e-01 7.594712078036891523e-01 7.362881172385843387e-01 7.526470160212148652e-01 7.445371922942711773e-01 7.532776520138858567e-01 7.553714298921203607e-01 7.751502179153190175e-01 7.549033327067710131e-01 7.648067359472012772e-01 7.644391824169795013e-01 7.661254083497696099e-01 7.713551482729555930e-01 7.644006607339870474e-01 7.749790683180001194e-01 7.713175868094315213e-01 7.701481238319507483e-01 7.730944610782818360e-01 7.646441398151642144e-01 7.610988582905685584e-01 7.590713665965806989e-01 7.853832493085106670e-01 7.768046018502288153e-01 7.706854093991225563e-01 7.747651306152133488e-01 7.782796608560377249e-01 7.754128243529190279e-01 7.694701421747887071e-01 7.761848126683582594e-01 7.775907170170074378e-01 7.703039502541156880e-01 7.681040721903498181e-01 7.569527804561211326e-01 7.633211273068029046e-01 7.695477236343102323e-01 7.666128547578968666e-01 7.651449327464366901e-01 7.676707698254826573e-01 7.676116191430785163e-01 7.586713082498709460e-01 7.682630493898183754e-01
7.876279632818085352e-02 1.960028124685699313e-01 3.619778239556393773e-01 5.009650052162663014e-01 4.349569282988682839e-01 4.923997004567832736e-01 7.009284935576156617e-01 6.811249975718953742e-01 1.000000000000000000e+00 7.125419847575360510e-01 7.977462872520505455e-01 8.149310269567557885e-01 7.466249630064669685e-01 6.356355835152074363e-01 8.243597134945953586e-01 8.275706577500059336e-01 7.995283188437645183e-01 7.797550764034263393e-01 7.834934821541331695e-01 7.462196103120440904e-01 7.286807992402097867e-01 7.709475060740403896e-01 7.910444753726781908e-01 7.631896106249479450e-01 7.654244630882132139e-01 8.359568762225858540e-01 8.065221854064295037e-01 8.355109131881629514e-01 7.877865544798374753e-01 8.293134039607593655e-01 8.552956142494999581e-01 8.706015722836544235e-01 8.237350328729058369e-01 8.559591097244023672e-01 8.313230694580140412e-01 8.386909615132169815e-01 8.515908495086762509e-01 8.561238532172518179e-01 8.618358589480764609e-01 8.302562199431506862e-01 8.653880142101737505e-01 8.620008165382861964e-01 8.471872504792585801e-01 8.689092057121704515e-01 8.673340669286189186e-01 8.612392013459674311e-01 8.710432271151450356e-01 8.743457995687193840e-01 8.768942206328943501e-01 8.614982179158096054e-01 8.624632141951182884e-01 8.511205098061357388e-01 8.629817582663704689e-01 8.747030976117754486e-01 8.636546408798312369e-01 8.687463638389163467e-01 8.637848995815998743e-01 8.690285275211987459e-01 8.605075892864689768e-01 8.722181603778184078e-01 8.736504146737736898e-01 8.718087840282524592e-01 8.619107369012735109e-01 8.739807518775489781e-01 8.674162865379625442e-01 8.744090922353445761e-01 8.758964223272017735e-01 8.774061290363410759e-01 8.802406775405929862e-01 8.784235782098049894e-01 8.695790000946935772e-01 8.732284579224299792e-01 8.711072047467027790e-01 8.647974767897574910e-01 8.754109601052987299e-01 8.727682257113413833e-01 8.713804964559191957e-01 8.690505082970720885e-01 8.737429697721629251e-01 8.774291351700905794e-01 8.816427499172648785e-01 8.774338455221821764e-01 8.727658915207215928e-01 8.804149724297928303e-01 8.750898450265038875e-01 8.783166762649677883e-01 8.777868517992980513e-01 8.731381571114423812e-01 8.749793371545201426e-01 8.723812518882734235e-01 8.735162172352241017e-01 8.753468484948487838e-01 8.725411770064711581e-01 8.757594174665374043e-01 8.729821805602332452e-01 8.767666812502010742e-01 8.607424328481092513e-01 8.684569020522535654e-01 8.733185623280087517e-01 8.736123940907150054e-01 8.691631071236224360e-01 8.701441103813795097e-01 8.701848299562218170e-01 8.745182661427109982e-01 8.752155343023255707e-01 8.674846492335900328e-01 8.761703363224737640e-01 8.755186455650262323e-01 8.748065242462514934e-01 8.761161375205414048e-01 8.701492942480667514e-01 8.768466304906531450e-01 8.720955379416942543e-01 8.753715065888914015e-01 8.740079840348380369e-01 8.737230140639049569e-01
4.872215985300936553e-02 1.833104133830710525e-01 2.984072981517875700e-01 3.971957674084154455e-01 3.709437677495960317e-01 4.610413287486733180e-01 6.284384732276810936e-01 5.921936290494512756e-01 7.125419847575360510e-01 1.000000000000000000e+00 7.289503895534208411e-01 7.273894075710943818e-01 6.763391975095307540e-01 5.625485727398361613e-01 7.333243771925821441e-01 7.296077978357177196e-01 6.997094427141981043e-01 6.619472392332091948e-01 6.820464345103008919e-01 6.120725547173218040e-01 5.748124603788167253e-01 6.697493285025538645e-01 7.010538300821202995e-01 6.166601659234295374e-01 6.303985313159047310e-01 7.518655538302734254e-01 7.332816205953380795e-01 7.347182679151850193e-01 7.170389272200851094e-01 7.435309280708567448e-01 7.756951358625423509e-01 7.715549584794267890e-01 7.433738792785853366e-01 7.497373415791468432e-01 7.371517864005753262e-01 7.282205826276272331e-01 7.678432259616024824e-01 7.769684830217474802e-01 7.811398682952033212e-01 7.417417840603036661e-01 7.813594619043422451e-01 7.757198180301188017e-01 7.568142399944438603e-01 7.761489973862071290e-01 7.687083938749976753e-01 7.855775557421772470e-01 7.873271784237032556e-01 8.041430885119550398e-01 7.856729411420954046e-01 7.626598358864163929e-01 7.842342237149741990e-01 7.545104331162042488e-01 7.685024425637423384e-01 7.983949171368281972e-01 7.972148227801425513e-01 7.848043038243717184e-01 7.847476351237367975e-01 7.893178371178646291e-01 7.917157335502382765e-01 7.947097405092196087e-01 7.908808057605110076e-01 8.003572506301787071e-01 7.919056426525636905e-01 7.862790690410099703e-01 7.813369686317153118e-01 7.872369917260685357e-01 7.926879976735515809e-01 7.918979218521646768e-01 7.894870801421745021e-01 7.764008987499644299e-01 7.770434719509082822e-01 7.885368368601208822e-01 7.694175365233169028e-01 7.614497906160608842e-01 7.945880861737829592e-01 7.962727165397718299e-01 7.923192410489368065e-01 7.927850799668000326e-01 7.936637694503339002e-01 7.955093189881022875e-01 7.894416713339797997e-01 7.995371759529660283e-01 7.842057366658256035e-01 7.960235232094635682e-01 7.799887998187333693e-01 7.826970434083261319e-01 7.871982665797300216e-01 7.928231279303320500e-01 7.965677678905455084e-01 7.868383359111172926e-01 7.870947369722555154e-01 7.911944180787651160e-01 7.891946535952719666e-01 7.959545643780857604e-01 7.965152436289116844e-01 7.978518136019174811e-01 7.704605432923677943e-01 7.764680058807642560e-01 7.908668153691666980e-01 7.868261091201930180e-01 7.867165480176431247e-01 7.895712688921727729e-01 7.867913111351075850e-01 7.910327216092124525e-01 7.871920137092223158e-01 7.874350860293716226e-01 7.908594473352420495e-01 8.010741467500297475e-01 7.985586565556948013e-01 7.940099404678704342e-01 7.947975696311545546e-01 7.971979441818077827e-01 7.977857490586625078e-01 7.924492765851859355e-01 7.937117597419922621e-01 7.932655186478916320e-01
2.564166549489390115e-02 1.545609804960803857e-01 3.646234214695063258e-01 5.291796028165576260e-01 4.523515685600481562e-01 5.035017868877088576e-01 7.321194386771049389e-01 7.057173250455546221e-01 7.977462872520505455e-01 7.289503895534208411e-01 1.000000000000000000e+00 8.490737359980818910e-01 7.706850952918365971e-01 6.489412254156303739e-01 8.466426422572518318e-01 8.423293352146900004e-01 7.798684067760982552e-01 7.480861448522739821e-01 7.714765395488639710e-01 7.144506946808867331e-01 7.003660305480403636e-01 7.531912768032278382e-01 7.766475915140391706e-01 7.215066726108095851e-01 7.385221615698147613e-01 8.398564242557602366e-01 8.155865895807512533e-01 8.337436460318256026e-01 7.916966620322571924e-01 8.172051634301777945e-01 8.637809047111475458e-01 8.692696064730870420e-01 8.272175501566566558e-01 8.499188222123725822e-01 8.189429886336104802e-01 8.397184038460469013e-01 8.546859690367596407e-01 8.724943884262967853e-01 8.825703236178222832e-01 8.612798451058425453e-01 8.784360019373484985e-01 8.802633307904954574e-01 8.722764349220539781e-01 8.841800309446820050e-01 8.785397480772684231e-01 8.814181099763931382e-01 8.883522166989109570e-01 8.892595332111743467e-01 8.863574354801764255e-01 8.670139038260614717e-01 8.841864799979103351e-01 8.735119606943821946e-01 8.809324556306367127e-01 8.859147010347642182e-01 8.815805659391998672e-01 8.856591499922197297e-01 8.793047276192478279e-01 8.873009770195149359e-01 8.849365650394698246e-01 8.916715539816171265e-01 8.912639671594886348e-01 8.894858540449935846e-01 8.850080066285810343e-01 8.872941721611554700e-01 8.843355696490964313e-01 8.877953800271383145e-01 8.921382193483899936e-01 8.896499391944175938e-01 8.891566981929824864e-01 8.830828068227614125e-01 8.809183304385891367e-01 8.854540437368797479e-01 8.741540274942987132e-01 8.728971435596399875e-01 8.939931902031008626e-01 8.897192719846914732e-01 8.877134326207454240e-01 8.778080257319098578e-01 8.881590448190151976e-01 8.835843133399440275e-01 8.842442786625286377e-01 8.936005568763045748e-01 8.902719050153929947e-01 8.867852075542121959e-01 8.852063583669586011e-01 8.860052069344123149e-01 8.936439327854192038e-01 8.927449533919753488e-01 8.943877862878679696e-01 8.921210537241112126e-01 8.926672503391812619e-01 8.965281700766840611e-01 8.942209004159030750e-01 8.957174261997654652e-01 8.946346459030271037e-01 8.933904306603170919e-01 8.814146926773516189e-01 8.847985965450638757e-01 8.929795929486329387e-01 8.929830090003140208e-01 8.945670158955463247e-01 8.917107846239304969e-01 8.919747614503299449e-01 8.962540812115877831e-01 8.930616808525015937e-01 8.860381048281975591e-01 8.913057346118599122e-01 8.934547541338697663e-01 8.927093467609185096e-01 8.939047353727427314e-01 8.937763434626565529e-01 8.956390032871879292e-01 8.931977371310444447e-01 8.935345051274720118e-01 8.917779308410481720e-01 8.921955395426107716e-01
-7.837740494111941625e-03 1.392243875529878550e-01 3.482678685035748845e-01 6.065033228773234475e-01 4.767913552892928952e-01 5.381904307820435385e-01 7.812088014134374037e-01 7.517095141877460085e-01 8.149310269567557885e-01 7.273894075710943818e-01 8.490737359980818910e-01 1.000000000000000000e+00 8.167743415816335339e-01 6.733647469273137398e-01 8.914791454681368910e-01 8.939381087087902023e-01 8.082573207407081073e-01 7.668574634589863104e-01 7.739381141553807186e-01 7.517893015838200688e-01 7.277953124891728409e-01 7.643898447593548973e-01 7.754240934025221632e-01 7.467666376746783241e-01 7.527550149841286675e-01 8.498667237301955613e-01 8.195015970980563669e-01 8.485851771185997094e-01 7.828721053300372601e-01 8.161872917861993093e-01 8.687124728507901184e-01 9.068810460349820968e-01 8.470518430758864348e-01 8.858783835477220814e-01 8.447409249713139223e-01 8.837513442812727771e-01 8.706147694184470653e-01 9.112044325409069945e-01 9.162979722684608808e-01 8.999921655102611773e-01 9.134523175560134156e-01 9.177246535421308415e-01 9.142669417099845708e-01 9.191672470493263969e-01 9.147731346895168203e-01 9.084861414966867166e-01 9.253376199126887025e-01 9.233720330566500545e-01 9.257466090693311500e-01 9.071348397052306778e-01 9.258731432901342595e-01 9.185070182022176954e-01 9.207057419482294058e-01 9.187798283640808972e-01 9.130207380306649689e-01 9.181462397858872748e-01 9.173030237755777083e-01 9.179042236657377618e-01 9.172899660412606737e-01 9.270773131741187889e-01 9.281600706143140478e-01 9.224121572841496031e-01 9.252772674203455505e-01 9.225868605405873613e-01 9.182618510729296801e-01 9.272463904462845408e-01 9.234570663840796501e-01 9.173173817341820913e-01 9.207051517179111189e-01 9.182713859243671894e-01 9.105831856716644079e-01 9.114605002204675399e-01 9.086340039119847889e-01 9.036089843835095614e-01 9.224720910953098096e-01 9.159068905912692848e-01 9.162030964564801261e-01 8.933321525205497604e-01 9.125109165260545385e-01 9.099646515713222250e-01 9.115355882550093547e-01 9.191341026784068946e-01 9.230963894546273529e-01 9.145002455527014851e-01 9.243966917272379291e-01 9.240247226462321439e-01 9.255882173825582537e-01 9.320833817050719894e-01 9.297635671852279016e-01 9.253318959802486754e-01 9.246926402115642762e-01 9.329900595783073847e-01 9.283471684779797117e-01 9.294920954836874971e-01 9.308044112512336987e-01 9.294288081097794585e-01 9.290052621657701737e-01 9.257951839473219646e-01 9.311896871842317847e-01 9.329038216640405112e-01 9.361204857849614314e-01 9.324440251327600349e-01 9.311977794922424723e-01 9.344982650033261118e-01 9.346349872818028315e-01 9.280427090212339802e-01 9.290370040608951774e-01 9.266918721736383535e-01 9.278080524145302377e-01 9.322570235605023292e-01 9.301857423613257847e-01 9.330529853665213702e-01 9.314411711892685020e-01 9.329641766138743186e-01 9.267076745599683862e-01 9.317757451460438878e-01
-6.401636237160946742e-03 1.255039268870754843e-01 3.359162897314764695e-01 5.290610357223485272e-01 4.531148174782638205e-01 4.795478206874080329e-01 7.199039422880907368e-01 6.803503626956988182e-01 7.466249630064669685e-01 6.763391975095307540e-01 7.706850952918365971e-01 8.167743415816335339e-01 1.000000000000000000e+00 6.282663175056483196e-01 8.091993786134936695e-01 8.168176826448432237e-01 7.256247569249412166e-01 7.090034599364691825e-01 7.205838067664217528e-01 6.838527388968401732e-01 6.642615542955186969e-01 7.040966921130710210e-01 7.160895017761770287e-01 6.803046305296842622e-01 6.901534768875963177e-01 7.826723908237342986e-01 7.612947098707603111e-01 7.845225877980210871e-01 7.331381731635769894e-01 7.535181439715079588e-01 7.939437857761184603e-01 8.181814942364611376e-01 7.711837730418081849e-01 7.983333605291912383e-01 7.674954413363548333e-01 8.075037249050476262e-01 7.986261330501738254e-01 8.226317913653992120e-01 8.304703278608317474e-01 8.258117926589912949e-01 8.373802605346645223e-01 8.382933348346945923e-01 8.342639728790682829e-01 8.392423763882074228e-01 8.343775256919780947e-01 8.320509010028506180e-01 8.410479346131636280e-01 8.376672251972276939e-01 8.376174211642405387e-01 8.228645479457442624e-01 8.381614283181098024e-01 8.355188000541695637e-01 8.351418404629753489e-01 8.313797387566883579e-01 8.297927269598918132e-01 8.388345174867772869e-01 8.277827063195311030e-01 8.391016936358598466e-01 8.313021186997791023e-01 8.415445134059413856e-01 8.430514775697705021e-01 8.347730032050959537e-01 8.376242375780207361e-01 8.342421904338725991e-01 8.322903237271993548e-01 8.385957456750842143e-01 8.360924487520089432e-01 8.325521324338504003e-01 8.339851654400894931e-01 8.335311596268283330e-01 8.310549055623142056e-01 8.290587836933023258e-01 8.218404650978694548e-01 8.203935221235144626e-01 8.375120741197855656e-01 8.333949935409847853e-01 8.331493298009511328e-01 8.208063472680469097e-01 8.305746047774378304e-01 8.266279370919844549e-01 8.260184772783299989e-01 8.343574626533759586e-01 8.357009915303575953e-01 8.303944130369479426e-01 8.341042277605587030e-01 8.363913871629800045e-01 8.411856280601660574e-01 8.424460594018509108e-01 8.432940640643065144e-01 8.412729530222539109e-01 8.440187864201327272e-01 8.478104428314688912e-01 8.452022818029319984e-01 8.444125320709010563e-01 8.451696683208977934e-01 8.427526230903104043e-01 8.475392546542050987e-01 8.370628549209261360e-01 8.462528925395257362e-01 8.459598498984498560e-01 8.531012184526902686e-01 8.428972006039499032e-01 8.429449644513175022e-01 8.489482491203262926e-01 8.455396994500019581e-01 8.417864411899447230e-01 8.386583568836407654e-01 8.417945547086871372e-01 8.416080066792622771e-01 8.465998305625298537e-01 8.442658059603723730e-01 8.464631342607339404e-01 8.439353892075440733e-01 8.438281367805523514e-01 8.402948520155455459e-01 8.440598453675393076e-01
