1.000000000000000000e+00 1.209298855641488257e-01 1.150862588517595902e-01 1.708190720327150761e-02 4.165129248212230684e-02 6.672460255196430677e-03 4.342107960593851596e-02 2.713203083984017452e-02 1.635189066767403498e-01 5.327971812184972844e-02 4.696192677943995808e-02 1.724397806358378069e-02 4.500639234544681622e-02 1.265535534235739772e-03 3.945266527637365794e-02 3.624228341336833276e-02 8.675739936188313350e-02 1.118543603797815533e-01 1.222243222961204301e-01 5.943142189823916177e-02 1.372049286650362243e-01 1.278679990631201024e-01 1.041174333220150766e-01 1.292301853493517116e-01 1.599890343584976504e-01 1.098241423998429500e-01 6.801144176916402995e-02 7.010990427406579850e-02 1.129732416377615956e-01 1.073953758876778630e-01 7.602196100399367940e-02 4.464389317578018601e-02 7.402468751499995114e-02 5.567908259272217469e-02 7.257937555739489566e-02 2.786729654749113896e-02 6.354775126051419309e-02 6.946047674727997764e-03 2.639525270860514430e-02 2.930220862306905983e-04 3.268879196364575523e-02 7.358308251921126357e-03 6.631371387778309950e-03 3.108498608664073473e-02 2.852701391649915125e-02 2.422436335921665865e-02 1.320483742843611523e-02 2.473495926211096915e-02 1.594818839603964061e-02 1.209331747707632909e-02 1.188920776548355214e-02 4.879158624547224460e-02 2.930249262007721123e-02 4.245775124373737247e-02 2.470918838942353160e-02 2.256579749757915698e-02 4.485708159091890412e-02 9.686376620810328505e-03 1.338949988660033397e-02 5.061407291666601693e-02 1.898727793097336469e-02 3.545837704859303857e-02 2.263283837338558174e-02 3.318939071650352929e-02 6.434645403384040008e-02 5.702042376933643547e-02 2.408044952947236556e-02 3.690807540044528656e-02 3.677175414456616137e-02 2.825185300165345900e-02 4.685319335664937107e-02 4.573566656953074322e-02 5.386032938531318953e-02 6.899721459126302581e-02 5.027502332001453078e-02 2.415476044645258405e-02 3.504380236898001211e-02 3.939312457586715416e-02 3.277427003414017104e-02 3.344341727763133071e-02 1.916258575033953637e-02 3.043865048211186197e-02 3.036908763119227847e-02 3.034921387204281631e-02 6.125364463640596731e-03 2.443551922659759415e-02 1.843652453458376195e-02 8.732814257082679998e-03 1.605821246846451597e-02 2.279272024775770220e-02 1.811028521064305188e-02 1.041472802869302869e-02 1.390556396415890822e-02 1.062959887353662376e-02 4.098048054727634719e-03 1.090789930352311504e-02 -7.269900102250076608e-03 1.834476420369958102e-02 6.222578375288811622e-03 4.653671497171154464e-04 2.010200387024230120e-03 9.157774197238253977e-03 1.830223044878285382e-02 4.531178196289125867e-03 2.059718040926723781e-02 1.606533056346506894e-02 1.406662635210426636e-02 2.045102909537253530e-02 2.214281898672141452e-02 1.015175749244211917e-02 8.943082189796875900e-04 2.099766811867456381e-02 1.340597310733631156e-02 1.654824696415975807e-02 3.887148001322111163e-02 3.302123960479369513e-02
1.209298855641488257e-01 1.000000000000000000e+00 -1.137918620499119314e-04 2.765172404698322539e-02 6.888830380908246565e-02 6.109940976290256787e-02 1.087143963676005798e-01 9.612954360960712652e-02 1.453210214783774434e-01 1.807739172636212699e-01 1.111795817147660792e-01 1.090275507646909781e-01 1.263808887395754255e-01 8.901892056239162077e-02 1.203720925387511409e-01 1.198110667692989934e-01 1.131985834205902347e-01 1.514422789567369809e-01 1.461875055709891680e-01 1.174780170595908363e-01 1.387540083536422109e-01 1.319490201257128015e-01 1.743455091335926466e-01 1.489468187017682355e-01 1.494867528576832583e-01 1.637787084058324738e-01 1.530243700571813914e-01 1.341426247978390884e-01 1.724748270775406100e-01 1.799254748937205162e-01 1.477868991854948688e-01 1.399768292903521283e-01 1.340287794478311478e-01 1.282912042726488955e-01 1.499949658692301402e-01 1.311010134143426320e-01 1.462345566321532064e-01 1.133533077833667607e-01 1.275724225577929971e-01 9.301970055724892439e-02 1.211488247522067019e-01 1.092005778960007806e-01 1.209802719162373780e-01 1.168021832165006685e-01 1.162383887483836586e-01 1.131491298211974167e-01 1.254120980050525413e-01 1.306602025108148935e-01 1.286110156681302685e-01 1.054985612335275352e-01 1.177165591826050822e-01 9.842025056397084304e-02 1.089913052966401535e-01 1.483057024495409715e-01 1.394734016347256023e-01 1.313507581884573450e-01 1.398250810550771273e-01 1.223558016022263384e-01 1.320359680855882067e-01 1.343661281581230438e-01 1.226487811328394739e-01 1.420470052707062947e-01 1.301143157172813536e-01 1.438979183084004854e-01 1.333109311532404140e-01 1.440492924209794134e-01 1.322518263512253434e-01 1.365341213973438328e-01 1.424458961093800491e-01 1.239113428521826932e-01 1.331051211970760983e-01 1.316125367745390740e-01 1.433621475549832769e-01 1.441725311531081855e-01 1.432539857425949303e-01 1.319871556331183027e-01 1.406629176281876392e-01 1.511582090622440311e-01 1.366048822879354641e-01 1.428382107311668703e-01 1.369630698975375926e-01 1.352349575976790896e-01 1.413861516945003616e-01 1.482613412397618402e-01 1.187946772852987304e-01 1.312599221444295250e-01 1.308885261819308088e-01 1.276270535805186235e-01 1.336374339448697379e-01 1.434469341001645970e-01 1.203406205132933060e-01 1.237944565576676592e-01 1.246295502272065370e-01 1.231472746201791729e-01 1.245490921838629944e-01 1.299569000476422653e-01 1.176083730520549597e-01 1.242279391986370468e-01 1.260063776563838112e-01 1.201295302368293599e-01 1.236300464397785959e-01 1.292934078705956780e-01 1.170472858077759304e-01 1.182967848877276296e-01 1.201643504607086271e-01 1.332342976975900428e-01 1.300209696510921387e-01 1.379131449479732985e-01 1.416318155814072499e-01 1.232675221164285101e-01 1.283799294007537950e-01 1.294560365978281447e-01 1.347702761651436709e-01 1.318302441118680002e-01 1.261797177880485676e-01 1.301822850386117891e-01
1.150862588517595902e-01 -1.137918620499119314e-04 1.000000000000000000e+00 2.511437453985757018e-01 1.300247948023328937e-01 1.490694042154987464e-01 2.392562928193709137e-01 2.252709960393567967e-01 2.521385325236855102e-01 1.883244206024818068e-01 2.361967328662955279e-01 2.717864510148417234e-01 2.358644983955408281e-01 2.157854132262654046e-01 2.664591605707284372e-01 2.623991842910337047e-01 2.705899823452603270e-01 2.716073400511337388e-01 2.613243674125709237e-01 2.622862187916679133e-01 3.117823305700078151e-01 2.920662950319097839e-01 2.746963682860241174e-01 2.878860870496027791e-01 2.916304960877071362e-01 2.933757968731485199e-01 2.720745505650615237e-01 2.972795931216799525e-01 2.783481209406561407e-01 2.899785404490288210e-01 2.991086930254527321e-01 2.752917857210424590e-01 2.842320420728886021e-01 2.931301889380623638e-01 2.831952351338178908e-01 2.793464672364588952e-01 2.881667190677269508e-01 2.676793084665450295e-01 2.821066975835199164e-01 2.673972809161382913e-01 2.742793304549575595e-01 2.753030464684031453e-01 2.856392858047859251e-01 2.948660961843974637e-01 2.886022320461608670e-01 2.859185337701254936e-01 2.655754880266058549e-01 2.688395981549388525e-01 2.674720084526336916e-01 2.876378939500348619e-01 2.779425109188690679e-01 2.949967437806132464e-01 2.782915304527832090e-01 2.700585122338469701e-01 2.757421588831883708e-01 2.723732565266160921e-01 2.787385225205403771e-01 2.739935651474486034e-01 2.736799210494590961e-01 2.752207575898991121e-01 2.839294522640264939e-01 2.752462972672973240e-01 2.796709080620561894e-01 2.765582041071369401e-01 2.778318010591613318e-01 2.827597202979988955e-01 2.751973614855607320e-01 2.826618875586059398e-01 2.843960814209861021e-01 2.839375181963357808e-01 2.924104912490383956e-01 2.882063241985382551e-01 2.851143795039667861e-01 2.898984282701594362e-01 2.857896416609076451e-01 2.738383185261597519e-01 2.789716098354504403e-01 2.783960087164766284e-01 2.813517183277919331e-01 2.798387865128271201e-01 2.796181248767972694e-01 2.772990892051855338e-01 2.818326268492699627e-01 2.780642551831120080e-01 2.810664456807646649e-01 2.820952637382963535e-01 2.813528254284285435e-01 2.741838776974855341e-01 2.793284875022133407e-01 2.761105488334936742e-01 2.835763696726834593e-01 2.751823104850732449e-01 2.782207175955294098e-01 2.782570582359050193e-01 2.642075263683270614e-01 2.673190126115271292e-01 2.756842984206334113e-01 2.813573289434323499e-01 2.758662510851235816e-01 2.735518224431643386e-01 2.790555831189350244e-01 2.755257658449294378e-01 2.839287649928824986e-01 2.813138137477918521e-01 2.822342989043590267e-01 2.699187473387796854e-01 2.727532736577897854e-01 2.662040845298608294e-01 2.723154201884520620e-01 2.699173167477366131e-01 2.720677054311979592e-01 2.713149605443594403e-01 2.698945748996125493e-01 2.727371478499933111e-01 2.768050393982500745e-01 2.747378355587362653e-01
1.708190720327150761e-02 2.765172404698322539e-02 2.511437453985757018e-01 1.000000000000000000e+00 2.458937605039265006e-01 2.511732318434753974e-01 4.241884220158159691e-01 4.315042869556038330e-01 3.936041654261779321e-01 3.544072140824554018e-01 4.220978547155418981e-01 5.093837423999217906e-01 4.165028819907315993e-01 4.394682593165082363e-01 4.834871367866670488e-01 4.873053721921737358e-01 4.086106907728764837e-01 3.562329963259413534e-01 3.294506217524491576e-01 4.160694766871958494e-01 4.341480739203432138e-01 3.665813933716777773e-01 3.895262885748223547e-01 3.394214497418080456e-01 3.114307251379995201e-01 4.124721885557538492e-01 4.158184566331382115e-01 4.300189221061960221e-01 3.830501804708488778e-01 4.211830039901492961e-01 4.644015748440358804e-01 4.594714618033052811e-01 3.983050972628908726e-01 4.529789275237116053e-01 4.247887893305653528e-01 4.380327772620875582e-01 4.276384480936438748e-01 4.754261437430782333e-01 4.705694929738332144e-01 4.528092702630469035e-01 4.599633388069341855e-01 4.715655122978392177e-01 4.721934481001673900e-01 5.007769157695964868e-01 4.733932855876367141e-01 4.761205929608675613e-01 4.765873297242849693e-01 4.745610257373947261e-01 4.745833506856889095e-01 4.810949047227282005e-01 4.813943130028564554e-01 4.620671090106329704e-01 4.834260135005594150e-01 4.761746370605435263e-01 4.718023725847286243e-01 4.698311632928597326e-01 4.788896471773612662e-01 4.823900450090610748e-01 4.833371262687501391e-01 4.917236173231040453e-01 4.889712821606530535e-01 4.823900155647049548e-01 4.886173297995015097e-01 4.777270104287142383e-01 4.714139665455867045e-01 4.937465740662791425e-01 4.743488423817177613e-01 4.584319244788878089e-01 4.706155095026588464e-01 4.853039766314453107e-01 4.690194614271815943e-01 4.525188945106026761e-01 4.563038679106098394e-01 4.343441305921006967e-01 4.595135290993558330e-01 4.703353743553934097e-01 4.624449939358822315e-01 4.562099740470407228e-01 4.658364676026505724e-01 4.716221717503488731e-01 4.690582899001544681e-01 4.735574117202074884e-01 4.785594647480318486e-01 4.646050428814150202e-01 4.818703201551547410e-01 4.737810855307404978e-01 4.675824058455380072e-01 4.828732520996769084e-01 4.785357689339632126e-01 4.779818473715093941e-01 4.703409504090947379e-01 4.814183503373086759e-01 4.775375060166695551e-01 4.821981639300775280e-01 4.793918554755700057e-01 4.752675889558652389e-01 4.859388804689456220e-01 4.921340662321723736e-01 4.844346535376083396e-01 4.859955530924884304e-01 4.833637346647636224e-01 4.898875723436127427e-01 4.905614253160993643e-01 4.916238871994255133e-01 4.830446343937072062e-01 4.842137739235483074e-01 4.854474164486906607e-01 4.707328922431485707e-01 4.701919911459043755e-01 4.900357980294762217e-01 4.883525545963781078e-01 4.849041082539073400e-01 4.850555774362904637e-01 4.867332135672813864e-01 4.776402294627902223e-01 4.916328860224935537e-01
4.165129248212230684e-02 6.888830380908246565e-02 1.300247948023328937e-01 2.458937605039265006e-01 1.000000000000000000e+00 2.157721600440105081e-01 3.359700652467225157e-01 3.837464995645593069e-01 3.645070613706211660e-01 3.332883586941541298e-01 3.415961154995484916e-01 3.961234608348635500e-01 3.798219782259364408e-01 3.579075659577520274e-01 4.254328647292096588e-01 4.222619295056825317e-01 3.528256679726796685e-01 3.475986085506291290e-01 3.329937033980015504e-01 3.556376231836483326e-01 3.751866133214692423e-01 3.508144168668443363e-01 3.832126017253820738e-01 3.537790995805000227e-01 3.280637879200358764e-01 3.946346462798875909e-01 3.783016004215677963e-01 3.844758769374145846e-01 3.700148353616081742e-01 4.062948163110065014e-01 4.156785095903421379e-01 4.044018982558572617e-01 3.512656423371585124e-01 3.830052020160819026e-01 3.901010643486205187e-01 3.749389003256859421e-01 3.947121797837765400e-01 4.054351357085413388e-01 4.100989447602597648e-01 3.831225922804589179e-01 4.106735709292960723e-01 4.162210821131605010e-01 4.208311919078130958e-01 4.362891314324868763e-01 4.074725639775469421e-01 4.169638468220887018e-01 4.238186311308845267e-01 4.140054625352199147e-01 4.163710410305316301e-01 3.954413886363397079e-01 4.088833354324071245e-01 3.852318672255871101e-01 4.161165938294304478e-01 4.086123972952649952e-01 4.035510503469535992e-01 4.074691473751686499e-01 3.997598647784469383e-01 4.259725050680324143e-01 4.094700198644397049e-01 4.319346493436216350e-01 4.277714615795109032e-01 4.165893698040282200e-01 4.096187197849355810e-01 4.129898461088357120e-01 4.085190683814504675e-01 4.175355036711871359e-01 4.157023553582527842e-01 4.151686232552681544e-01 4.257438552310710556e-01 4.277989657722527372e-01 4.169918119829329473e-01 4.113186196661905991e-01 4.130557361549396234e-01 4.067964353038714398e-01 4.202702283973360764e-01 4.189502057599118756e-01 4.118248349045139922e-01 4.160140598930124889e-01 4.162470869627411529e-01 4.210888051054204606e-01 4.153091977405198310e-01 4.225050984657832687e-01 4.199524689228650853e-01 4.148585485087503133e-01 4.185136251222775772e-01 4.194869317170076273e-01 4.164185856454810097e-01 4.225206904582596845e-01 4.202239054068785951e-01 4.179110322268065891e-01 4.134093340642514547e-01 4.246121596860182867e-01 4.181584925032558742e-01 4.225198993220969368e-01 4.216348978349940824e-01 4.188351595632666680e-01 4.270895177751025118e-01 4.201702952043666062e-01 4.256788258327645624e-01 4.249353537417305815e-01 4.283095229443572016e-01 4.217438871223521679e-01 4.263199903711352157e-01 4.315880259569387367e-01 4.192227453501932155e-01 4.162150709212370514e-01 4.233089429067357634e-01 4.190205035974046144e-01 4.148657563576168550e-01 4.236688252246567088e-01 4.206502136355385058e-01 4.273264687046801624e-01 4.207160878521597480e-01 4.230760737617307310e-01 4.186684266299468549e-01 4.221138924025195083e-01
6.672460255196430677e-03 6.109940976290256787e-02 1.490694042154987464e-01 2.511732318434753974e-01 2.157721600440105081e-01 1.000000000000000000e+00 4.014018333028461782e-01 3.675849358148299273e-01 4.177353643224581692e-01 3.808980710879976139e-01 3.955104922095278308e-01 4.577238854690838799e-01 3.843742726665236309e-01 4.061016145617474260e-01 4.595290394182909854e-01 4.485706189209031081e-01 4.245283385061180415e-01 4.010942723773520679e-01 4.153268719490795791e-01 3.710868168690464874e-01 4.128655678572356602e-01 4.157394024979520486e-01 4.335046414231494283e-01 4.078782186054958347e-01 3.978787265778618298e-01 4.342637168058949837e-01 4.417655406956307873e-01 4.647705397745477418e-01 4.169409283196283122e-01 4.475069378742923543e-01 4.710755478534131013e-01 4.768880994455893529e-01 4.286921121821627434e-01 4.707604048491237925e-01 4.387989233033552927e-01 4.696925900182652436e-01 4.577730904997278083e-01 4.724725755735373345e-01 4.880631136794573166e-01 4.693707501573619045e-01 4.881059255650049278e-01 4.873435866158447038e-01 4.836312508175565350e-01 4.869613436614749213e-01 4.817660588783311826e-01 4.793072064198244386e-01 4.795940024652803335e-01 4.773173526101793795e-01 4.825002074322999879e-01 4.874018821587506323e-01 4.929623460073446206e-01 4.775716035095551870e-01 4.777336002743276522e-01 4.658644062338986869e-01 4.637074815601937572e-01 4.812084035140560268e-01 4.657867552016653478e-01 4.830185430102818533e-01 4.750739126588571781e-01 4.762318174102977419e-01 4.866350602395835279e-01 4.673702253114870864e-01 4.715537607847368196e-01 4.813008246030313075e-01 4.742618337411342311e-01 4.674672858565190880e-01 4.837718368027364990e-01 4.799863445865550915e-01 4.796634716594891379e-01 4.743328236227671857e-01 4.783707505454931619e-01 4.815031006097183486e-01 4.726683391488024633e-01 4.735942527665405466e-01 4.787198818365206443e-01 4.794350528960436009e-01 4.796674379152428003e-01 4.671002044257354657e-01 4.799331586845039799e-01 4.818628372562183126e-01 4.820968989527018578e-01 4.840904144339502890e-01 4.862460508727228792e-01 4.688530483269366944e-01 4.891997214291073925e-01 4.818452315372004913e-01 4.865945134401715166e-01 4.877894836590591643e-01 4.848961783260211655e-01 4.794912442190639723e-01 4.892817926871388390e-01 4.875979487219161967e-01 4.868893155944711837e-01 4.870303471893219216e-01 4.831056945622308474e-01 4.821174264882783222e-01 4.901226365870409163e-01 4.824379520090703033e-01 4.865529318540350867e-01 4.937163803117081140e-01 4.916517113346148826e-01 4.846845245392133461e-01 4.894817272506457595e-01 4.888233682885638198e-01 4.900046640771814066e-01 4.758935854483357653e-01 4.831127802489651457e-01 4.798168903621376491e-01 4.780733980197174882e-01 4.863588159628449148e-01 4.853114347397463613e-01 4.813339357782015493e-01 4.755096879614694183e-01 4.831900291600256248e-01 4.810793485901589950e-01 4.792255883855398024e-01
4.342107960593851596e-02 1.087143963676005798e-01 2.392562928193709137e-01 4.241884220158159691e-01 3.359700652467225157e-01 4.014018333028461782e-01 1.000000000000000000e+00 5.787660240178340576e-01 6.049351841268351127e-01 5.639881201152896484e-01 5.867180981863829858e-01 6.858220318544197003e-01 5.949980021607049752e-01 6.103724828094271304e-01 7.538667119848598830e-01 6.992032513134548433e-01 6.190817646211519421e-01 5.966253981768900871e-01 6.017276978956719313e-01 5.869398972122451541e-01 6.349202160141218521e-01 6.061004421902561612e-01 6.735774807333251291e-01 6.149007621672462065e-01 5.722235184125764595e-01 6.688104171122597474e-01 6.598451051949612012e-01 7.035717806479253600e-01 6.731672688730905296e-01 6.937363017856487124e-01 7.229905391599215081e-01 7.191382974496892677e-01 6.688745877914867854e-01 7.122838666143788133e-01 6.717164650373602663e-01 6.826397629204652429e-01 6.960270598378573981e-01 7.266241891496534322e-01 7.292279363345153254e-01 6.942185582223397988e-01 7.110051327987307879e-01 7.234555774544054740e-01 7.262296941239861914e-01 7.335770704711365164e-01 7.178787357329085017e-01 7.269333128669619448e-01 7.168871152543245806e-01 7.179321807533400879e-01 7.223465934163594282e-01 7.199016843322140202e-01 7.313538593452211245e-01 6.837288102178481486e-01 6.969181442604172050e-01 7.105863797144660321e-01 7.099449416002878710e-01 7.170699547597816359e-01 6.997580645201969540e-01 7.170491065628067373e-01 7.194258899071175328e-01 7.210468819543286445e-01 7.289589935621333394e-01 7.107430025139823693e-01 7.141990009088765579e-01 7.174057640492917942e-01 7.006649470042974892e-01 7.122363260586309641e-01 7.228056786313540316e-01 7.230749159244740376e-01 7.359821711068477157e-01 7.271315260865381935e-01 7.182898110381039647e-01 7.158880044420239397e-01 7.219231508124018815e-01 7.062442589922527381e-01 7.214562087861016160e-01 7.224264310164222325e-01 7.283431308055885456e-01 7.147218680165423610e-01 7.239824108397583391e-01 7.298959277356388275e-01 7.275134036063332088e-01 7.304451083186356275e-01 7.275595341695051399e-01 7.215234689876398599e-01 7.333039713725536535e-01 7.292581263539521519e-01 7.293493423629651140e-01 7.355314128041221533e-01 7.293593120053569745e-01 7.226802247655844669e-01 7.295697249730827005e-01 7.302657978623577906e-01 7.279923577631141063e-01 7.339612308618239656e-01 7.217113196304315581e-01 7.201697676101379564e-01 7.233210541926087256e-01 7.221359284502155695e-01 7.264593477022878165e-01 7.328417452019437839e-01 7.331203126478327281e-01 7.243582867876244835e-01 7.244492250406814327e-01 7.329652998449504020e-01 7.242940257216143873e-01 7.090547639403893543e-01 7.252954292332115527e-01 7.224076228003967204e-01 7.216254794175868126e-01 7.238768218807071220e-01 7.282466687669977290e-01 7.223680250901017841e-01 7.202918204305543970e-01 7.216911727041763758e-01 7.174803742919636518e-01 7.194431838996077078e-01
2.713203083984017452e-02 9.612954360960712652e-02 2.252709960393567967e-01 4.315042869556038330e-01 3.837464995645593069e-01 3.675849358148299273e-01 5.787660240178340576e-01 1.000000000000000000e+00 5.761777569231809615e-01 5.366077598336613796e-01 5.825991901888700752e-01 6.610613045833358958e-01 5.767670842643045637e-01 5.814112039152272704e-01 6.874445640683590764e-01 7.024144424008824661e-01 5.852353033716870545e-01 5.560132328006059943e-01 5.317621601307230828e-01 5.301200128629132147e-01 6.310860538077864845e-01 5.685098296252860672e-01 6.033606293504701901e-01 5.342698419193466775e-01 5.120360423009756579e-01 6.157711661884754939e-01 6.132663655601602315e-01 6.277234132044847703e-01 5.898634027627706056e-01 6.278421467168251446e-01 6.679991956325943558e-01 6.555919571029888981e-01 5.809691668751412186e-01 6.407207417417416506e-01 6.110577518798202545e-01 6.359721867342704726e-01 6.347174615957502652e-01 6.827985197612360668e-01 6.774724018984134011e-01 6.412346386240597162e-01 6.676008174625778224e-01 6.653374815242669715e-01 6.758477473034641969e-01 6.980565458814461666e-01 6.590430119746448767e-01 6.725530775747572410e-01 6.786034528478694927e-01 6.805677515969507096e-01 6.875729856688536090e-01 6.764309896959928015e-01 6.917153668123299237e-01 6.410506825703825573e-01 6.686269426154713980e-01 6.789486425596052976e-01 6.767462797208804171e-01 6.804860302293367358e-01 6.842802553084342820e-01 6.982905039763140920e-01 6.954485770137104339e-01 6.916738522266092648e-01 6.931269942232233250e-01 6.922696570442594677e-01 6.921510904489812654e-01 6.914902096227761863e-01 6.687650077242542901e-01 6.859082820345739906e-01 6.763488789398818257e-01 6.690714474590477856e-01 6.792841558284758996e-01 6.780759899642978539e-01 6.797393662021518068e-01 6.638990093223311462e-01 6.574249108235213912e-01 6.450152254175631761e-01 6.718334127303542402e-01 6.716716307858769941e-01 6.653663413023607198e-01 6.608775148324740334e-01 6.636264636642179582e-01 6.753657826167487332e-01 6.717143325877420468e-01 6.800705409996973261e-01 6.823573300912300077e-01 6.680382826389373863e-01 6.779524252887618729e-01 6.770021511192061414e-01 6.772452200124479127e-01 6.893098261750533196e-01 6.853043085468865092e-01 6.854116515356453165e-01 6.687059834448618734e-01 6.819591188915841151e-01 6.766519786437815709e-01 6.831727436545821375e-01 6.801692563705913352e-01 6.790862303307039216e-01 6.905713563828924650e-01 6.896490803419450533e-01 6.885711215460768031e-01 6.892437388020435929e-01 6.889213758454724168e-01 6.950726582185324798e-01 6.811472214746617793e-01 6.958236576479212010e-01 6.806834885321016992e-01 6.863265565532311596e-01 6.918964034300586485e-01 6.778391441704119114e-01 6.796878362535638818e-01 6.899837938457356046e-01 6.950953141231531740e-01 6.877975582129548515e-01 6.886877232819653694e-01 6.896658437946274756e-01 6.775558684925173658e-01 6.861700515236053288e-01
1.635189066767403498e-01 1.453210214783774434e-01 2.521385325236855102e-01 3.936041654261779321e-01 3.645070613706211660e-01 4.177353643224581692e-01 6.049351841268351127e-01 5.761777569231809615e-01 1.000000000000000000e+00 6.829457271964122222e-01 6.998821747930210613e-01 7.468208770687784215e-01 6.639717357597744174e-01 6.961648251479821692e-01 7.897381867903808805e-01 7.764835395641451754e-01 7.727536970094924795e-01 7.046708650302495602e-01 7.222451064860913039e-01 6.262737927573988062e-01 7.249750804346035693e-01 7.279264753532295185e-01 7.819810614223069445e-01 7.323883158814661343e-01 7.037999915167411080e-01 8.102950793332468482e-01 7.845542382155548111e-01 7.949501861273909897e-01 7.862566050497709069e-01 8.109775867203461441e-01 8.283911100393089866e-01 8.124024126317900274e-01 7.437939737563191711e-01 7.751608873186883741e-01 7.751967443307924421e-01 7.626492333746880403e-01 7.973253025063768984e-01 7.889571942822675155e-01 8.178583291141555689e-01 7.492793045723069589e-01 8.217159742154389601e-01 8.031182752096885924e-01 7.841210688046014177e-01 8.140503786813744203e-01 8.118436959355481708e-01 8.076513811153708255e-01 8.284609208252644574e-01 8.437122231115158355e-01 8.262807198461362690e-01 7.784152081162675207e-01 8.055558453705671251e-01 7.784642064336515510e-01 7.977978406898392771e-01 8.491334714218188306e-01 8.261368117279066503e-01 8.285652670796865849e-01 8.271230381060188375e-01 8.254675602329858419e-01 8.247182756035863482e-01 8.414217289910361774e-01 8.314152223281142673e-01 8.355845645233217489e-01 8.227748303224184934e-01 8.265498878615757938e-01 8.392866129860667712e-01 8.356594008451082578e-01 8.363464110578164856e-01 8.329206738916612451e-01 8.364853700814687265e-01 8.219076116491430550e-01 8.335296266540992427e-01 8.362241413641335885e-01 8.268877438129468294e-01 8.262126576849109227e-01 8.434720977295286914e-01 8.357664881922811650e-01 8.349642928588636437e-01 8.329826293878641597e-01 8.305776174496701802e-01 8.386004968169020746e-01 8.320846500604870410e-01 8.390818952340511894e-01 8.381065279722531569e-01 8.324199999163512942e-01 8.159952262326760630e-01 8.302223506076048531e-01 8.295273526424621346e-01 8.306471661051735289e-01 8.356498478381736428e-01 8.360579484653354321e-01 8.230752455887979657e-01 8.314022393789759491e-01 8.300821796093894589e-01 8.307334947529076974e-01 8.340421406120210879e-01 8.369125693782053510e-01 8.091947341282783590e-01 8.201785608701031016e-01 8.295992097343564131e-01 8.220827640891763544e-01 8.232287921513700146e-01 8.308139177706665990e-01 8.239089633092361309e-01 8.293630060505907675e-01 8.318890205209786837e-01 8.287975125313056246e-01 8.338272718279516882e-01 8.401098560592660247e-01 8.397548409502197941e-01 8.344699853260443279e-01 8.291370769501392735e-01 8.405503325728380659e-01 8.368946931626987107e-01 8.375887953375469319e-01 8.425525723244295939e-01 8.395335636382150746e-01
5.327971812184972844e-02 1.807739172636212699e-01 1.883244206024818068e-01 3.544072140824554018e-01 3.332883586941541298e-01 3.808980710879976139e-01 5.639881201152896484e-01 5.366077598336613796e-01 6.829457271964122222e-01 1.000000000000000000e+00 6.395194152868580728e-01 6.929471902104661352e-01 5.973281790482777298e-01 6.326513648305344129e-01 7.283913993655133368e-01 7.016907897577744357e-01 6.744995516588170315e-01 6.222055618431667767e-01 6.396517330675590696e-01 5.614591145650663639e-01 6.193761934132547831e-01 6.249580851834509732e-01 7.015968570042531161e-01 6.327123431109079599e-01 6.009412698216239912e-01 7.160051264008974181e-01 7.068361865807731848e-01 7.203640402381712438e-01 7.032844109107142527e-01 7.359063648142751823e-01 7.533434297368586385e-01 7.437498971086438093e-01 6.602407795466866958e-01 6.993328989490366077e-01 6.859929412467860033e-01 7.078823893505836740e-01 7.250915561599298176e-01 7.363360475412320527e-01 7.526876772892733269e-01 7.049168233244332837e-01 7.600076619703439729e-01 7.381093135587897258e-01 7.344973928336807623e-01 7.478731541474935574e-01 7.485257809046564903e-01 7.392370555413741995e-01 7.696579422071284649e-01 7.798331049605971010e-01 7.592660885567704687e-01 7.116433200177706420e-01 7.412017016269325520e-01 7.024254896893312727e-01 7.301884052219388410e-01 7.725952782667380170e-01 7.613338678599546050e-01 7.613451144703362594e-01 7.430012277695776657e-01 7.659967711072949159e-01 7.601941219745096401e-01 7.624009512960336910e-01 7.649101017186371587e-01 7.596955266247404914e-01 7.534470643764590303e-01 7.565710660525194475e-01 7.553700601195177944e-01 7.540491684079182466e-01 7.740504882775905982e-01 7.659935042497486579e-01 7.669894353264294917e-01 7.540350924126366650e-01 7.555089119457145674e-01 7.616470809837369016e-01 7.540753946402188879e-01 7.441854445633153681e-01 7.701314203502094280e-01 7.696651223818113952e-01 7.664409057253093183e-01 7.719996564852042997e-01 7.617274683330431673e-01 7.704688087573762223e-01 7.682664256468800801e-01 7.719100460768819616e-01 7.709854060230110218e-01 7.598826211910181261e-01 7.536289309943993153e-01 7.666382621132791231e-01 7.669125222816041143e-01 7.696017407798608767e-01 7.699126233478333914e-01 7.710044357384281399e-01 7.577789378110627583e-01 7.703270098368592000e-01 7.688596869488938390e-01 7.678431111642666229e-01 7.752260480743029536e-01 7.763109477119728430e-01 7.497086795313135932e-01 7.526532945512032224e-01 7.695332329698051366e-01 7.631116145267081707e-01 7.646128992726730633e-01 7.681109034158848381e-01 7.586434079135367936e-01 7.682857874602226911e-01 7.673128508795590275e-01 7.612565342375471333e-01 7.690276256146300060e-01 7.780874811556161008e-01 7.739315656658112275e-01 7.727450874857672014e-01 7.704631291720698272e-01 7.743488817534368573e-01 7.726198409231739284e-01 7.727551116926274499e-01 7.681282579348124306e-01 7.678717438105217008e-01
4.696192677943995808e-02 1.111795817147660792e-01 2.361967328662955279e-01 4.220978547155418981e-01 3.415961154995484916e-01 3.955104922095278308e-01 5.867180981863829858e-01 5.825991901888700752e-01 6.998821747930210613e-01 6.395194152868580728e-01 1.000000000000000000e+00 7.688404804277383375e-01 6.529534248789642392e-01 6.801867766044434882e-01 7.601428372885647988e-01 7.476835580848604224e-01 7.216604819538493532e-01 6.752117276177712624e-01 7.023070250484779731e-01 6.243109530632076076e-01 7.012715121020168807e-01 7.027708945746428126e-01 7.429435176657390727e-01 6.968308593683152363e-01 6.739779726581548447e-01 7.683678629382527658e-01 7.539338758221805215e-01 7.728378134358275808e-01 7.566552154160991472e-01 7.807797078221418996e-01 8.099833690999040936e-01 7.894979140622881975e-01 7.263457675902642574e-01 7.616779103713632315e-01 7.523684339657064069e-01 7.552688027692077144e-01 7.724467645637888014e-01 7.870723830803625365e-01 8.013765941815835792e-01 7.564839665055065332e-01 8.009696434751215621e-01 7.913033312464369251e-01 7.851010145153497488e-01 8.029911093173341952e-01 7.949605131629997601e-01 7.925043851279049978e-01 8.097553063142342022e-01 8.168048677557190329e-01 8.079644470959487235e-01 7.765436559536929018e-01 7.950181834176707207e-01 7.684346140781630474e-01 7.883788096736165096e-01 8.099546265026174030e-01 8.066849075641119304e-01 8.070719475604494209e-01 7.988735477693517106e-01 8.126928211513546607e-01 8.074478674392225885e-01 8.122598372052862725e-01 8.167088953172790822e-01 8.076611076917328269e-01 8.047765316916265510e-01 8.062690402096970299e-01 8.001868723663709826e-01 8.068788533210162761e-01 8.152848079253799396e-01 8.148905640596015854e-01 8.150731015487460152e-01 8.116267169686104399e-01 8.179220667969552272e-01 8.165055940841894344e-01 8.042979173549010818e-01 8.042658770911919053e-01 8.167059324634684536e-01 8.143112596144211901e-01 8.121461292674405641e-01 8.139840797697904806e-01 8.148051780815371847e-01 8.182465217917397338e-01 8.136482945200413930e-01 8.204125413016072343e-01 8.147363537577663184e-01 8.127310678334550564e-01 8.066208263629616182e-01 8.124319538110273964e-01 8.129287166702940937e-01 8.195502363265559920e-01 8.200035391953970354e-01 8.140574235975139850e-01 8.080891434838850529e-01 8.177116506872643686e-01 8.163721808796204904e-01 8.165314828233425359e-01 8.156908130155433589e-01 8.190744273610817139e-01 8.048387045571537834e-01 8.034333815602571205e-01 8.159412135291300716e-01 8.129729838984222079e-01 8.160429865024441121e-01 8.152986170879348293e-01 8.089883230143737336e-01 8.182300758311085165e-01 8.168406019279129682e-01 8.087009265300897365e-01 8.156923058788433378e-01 8.177115469172289153e-01 8.170148800168849368e-01 8.145543628409274151e-01 8.158903343474246395e-01 8.176287937653472504e-01 8.163301108983975762e-01 8.159834889243229306e-01 8.142931401006020531e-01 8.142918887123076210e-01
1.724397806358378069e-02 1.090275507646909781e-01 2.717864510148417234e-01 5.093837423999217906e-01 3.961234608348635500e-01 4.577238854690838799e-01 6.858220318544197003e-01 6.610613045833358958e-01 7.468208770687784215e-01 6.929471902104661352e-01 7.688404804277383375e-01 1.000000000000000000e+00 7.137082900817615094e-01 7.584216644573629207e-01 8.484202043750600497e-01 8.347052757490317498e-01 7.750694334779563155e-01 7.151728317558019299e-01 7.186248666797936391e-01 6.825372441029062820e-01 7.629830848112291175e-01 7.331949716439305487e-01 7.803070969119773048e-01 7.189308748295490936e-01 6.807235465030674337e-01 8.134915249675296334e-01 8.073844977913982035e-01 8.250040803631836228e-01 7.779554900555037955e-01 8.161794745590770228e-01 8.681832790615328088e-01 8.657454382242127933e-01 7.828195495622517486e-01 8.397934534829970543e-01 8.104953594889112711e-01 8.268290435093712532e-01 8.379601210518990984e-01 8.730372593156968675e-01 8.774395563848920165e-01 8.351102144450885945e-01 8.694446189037356998e-01 8.737279975748387661e-01 8.633696913077222312e-01 8.860067177864875410e-01 8.701050001581239757e-01 8.678221774078648254e-01 8.869780514311474962e-01 8.866834298072220344e-01 8.818084690718467344e-01 8.705945755941569830e-01 8.855177595052824424e-01 8.438682212358563639e-01 8.606911696331909223e-01 8.762898810636974289e-01 8.764206248190177240e-01 8.795864912816828696e-01 8.658643879478060690e-01 8.867353621155895649e-01 8.856572773147917133e-01 8.806791517286770565e-01 8.891836293793943247e-01 8.750696766321798270e-01 8.802575002667922810e-01 8.767561838754486248e-01 8.691802980259748512e-01 8.730915268068164536e-01 8.849743244496927064e-01 8.757338016507311140e-01 8.828026122935335174e-01 8.828730761459179233e-01 8.806884181256617872e-01 8.744220788198140415e-01 8.628963360020378559e-01 8.521853192962970391e-01 8.774438065254934749e-01 8.794728558122302253e-01 8.772087259319262253e-01 8.658655408551454435e-01 8.719969192240256683e-01 8.823712758925017496e-01 8.806373217122995811e-01 8.871628506144517701e-01 8.875518581957927422e-01 8.738519875583319330e-01 8.871709778126672941e-01 8.867753724101637980e-01 8.853577978743090160e-01 8.927731252619557356e-01 8.903844078260914063e-01 8.800657790480225229e-01 8.808210646547691702e-01 8.911906693954522174e-01 8.883498079627982769e-01 8.910517432014314343e-01 8.898893868582756772e-01 8.886299107540106545e-01 8.807798500254043761e-01 8.843262301740185682e-01 8.901761508999798123e-01 8.935801307377853053e-01 8.878200731576603166e-01 8.907314085146508242e-01 8.866554939829036641e-01 8.973901334677039099e-01 8.901311809404145459e-01 8.741394002373046312e-01 8.897356060821881574e-01 8.856508984935780315e-01 8.818754329339748566e-01 8.915010581126712186e-01 8.907428252011436731e-01 8.897991482590359436e-01 8.851384122903014351e-01 8.885841731462165161e-01 8.843173147885206031e-01 8.845791788086777574e-01
4.500639234544681622e-02 1.263808887395754255e-01 2.358644983955408281e-01 4.165028819907315993e-01 3.798219782259364408e-01 3.843742726665236309e-01 5.949980021607049752e-01 5.767670842643045637e-01 6.639717357597744174e-01 5.973281790482777298e-01 6.529534248789642392e-01 7.137082900817615094e-01 1.000000000000000000e+00 6.666897645497014135e-01 7.503286163439160106e-01 7.388760298975350915e-01 6.682390338404676777e-01 6.216629257000326758e-01 6.394845384064674620e-01 5.978340153807331081e-01 6.663983318775167364e-01 6.372711881658043032e-01 7.015599067008853051e-01 6.368070050739338406e-01 6.060625183675486527e-01 7.126877142207647120e-01 6.974545120069716164e-01 7.248153221629057841e-01 6.949600790819030482e-01 7.319711196153814159e-01 7.567022343413115637e-01 7.420454054519795006e-01 6.757542711585866613e-01 7.082348369446421765e-01 7.049716789249779181e-01 7.142014837113324077e-01 7.283358730439690731e-01 7.473796882664616170e-01 7.633993820185779322e-01 7.237586091325456383e-01 7.610572823034725820e-01 7.607339462939824992e-01 7.603800211920965779e-01 7.796178625532926842e-01 7.598392622067102753e-01 7.624422120296827643e-01 7.759419225317515378e-01 7.799702094178855294e-01 7.703252098546738980e-01 7.288161667624087903e-01 7.561147672609332959e-01 7.198474749850048982e-01 7.493115484585922692e-01 7.687874143966850760e-01 7.605030015306067925e-01 7.685468714791146017e-01 7.490649693156645750e-01 7.785839973012179671e-01 7.686749329410450526e-01 7.821479613483161009e-01 7.775357045186191973e-01 7.721190328151862348e-01 7.559077469020486495e-01 7.652307425708056998e-01 7.612123321434935974e-01 7.708653710410242610e-01 7.760728566326555722e-01 7.714229959489928845e-01 7.758901422875813525e-01 7.713018942502088970e-01 7.717163771231326796e-01 7.640779732014693071e-01 7.589613507960288885e-01 7.531380443401545222e-01 7.737239681608247821e-01 7.764050383491877261e-01 7.717092030265937375e-01 7.653770246324479443e-01 7.701329790063539127e-01 7.763179546423302213e-01 7.726919068466602258e-01 7.782886637782389094e-01 7.770872187674183751e-01 7.718354259869806278e-01 7.683397403676487381e-01 7.749978182505891100e-01 7.717164487918812821e-01 7.798550575487659398e-01 7.788532479741521186e-01 7.752535924692600666e-01 7.710061440633467766e-01 7.811149929056339092e-01 7.761570381369028437e-01 7.820120594368253908e-01 7.793283659408156705e-01 7.799044023772260248e-01 7.687363443705054200e-01 7.652984688037596239e-01 7.775759455081356908e-01 7.748219517209643525e-01 7.828752869415278592e-01 7.761842562417076152e-01 7.773485153366056499e-01 7.860417428139113705e-01 7.762513215345826501e-01 7.720157759058847713e-01 7.795874399388984521e-01 7.788122796592116259e-01 7.782652585675359225e-01 7.803033763503670617e-01 7.803315171794132921e-01 7.859718834245850161e-01 7.795269764522949618e-01 7.800399020663366656e-01 7.760370453445734062e-01 7.812863333750464934e-01
