1.000000000000000000e+00 2.015853711543061089e-01 1.096027589582528189e-01 -3.566686678360887069e-02 -1.809797139253292719e-02 -3.117546450897016805e-02 -6.116788180178383411e-02 -4.114156036836646990e-02 1.589341089446803246e-01 9.775334274035646365e-02 4.756331531939215693e-03 -3.662656999653516460e-02 -1.448078860905529261e-04 -1.535188697760700438e-02 -4.679149111985946019e-02 -1.785795844510480387e-02 8.173233669678903190e-02 6.379643617346610063e-02 3.997833178793824133e-02 -7.805877503183847321e-02 -1.636905694623240828e-02 1.066841407706670304e-02 7.107391849070371359e-02 2.962314924402449298e-02 2.406865922616081496e-02 4.950539768679163705e-02 5.177289832552921418e-03 7.970841186622137226e-03 1.042667358601408051e-01 1.018799187786160187e-01 5.688773304140293252e-02 5.203768263958886975e-02 4.856744783145161559e-02 4.205712602584498611e-02 5.808737357335687357e-02 2.301777307349650928e-02 1.644645093761614926e-02 7.409088484804727051e-03 3.299754891321814154e-02 -9.370514726336051647e-02 -5.469859931849899338e-05 -2.592968786358992514e-02 -3.582551888727238121e-02 -5.093355512493678502e-03 -2.336994655139239957e-02 2.993832223900957327e-03 -1.065331021547507358e-03 2.120067085067519827e-02 1.329625086910262918e-02 2.926730481048957829e-03 -4.478152021985274062e-04 -1.894777021031407438e-02 -2.742879881493504035e-02 4.190621689378287718e-02 1.938806428539831261e-02 1.306262684789651247e-02 3.439558658725672818e-02 1.935376847165543816e-03 -6.388599250952069035e-03 3.207852383106332694e-02 -1.279715900179471434e-02 2.158236824791797889e-02 1.120500614816660745e-02 2.446808598002396529e-02 5.546001386369974612e-02 4.227417288184272953e-02 3.729043106811120306e-02 2.256180109045205842e-02 3.560698136565314253e-02 -1.506997933384978880e-02 -1.177961362825297696e-02 1.519474884092827591e-02 1.466880969651674499e-02 7.428924523379887984e-03 4.393543742656654677e-03 1.275180453535968393e-02 7.627630890330899111e-03 5.103400593381076517e-02 9.352165436715997524e-03 5.188138407249896777e-02 2.126795004570755654e-02 2.214480728169932605e-02 3.170780884541860023e-02 3.750623659296025564e-02 -4.364361276993965286e-04 1.654050592013658894e-02 3.970957015048724205e-03 3.206939346878977162e-03 8.499383899526336342e-03 4.321213056191239993e-03 -3.872484632274778016e-02 -1.054851097445870002e-02 -1.010743602025629580e-02 -2.966122779210614725e-03 3.302298502639163750e-03 1.638766245353679915e-02 -2.823560876258165986e-02 2.934831641954471076e-02 -1.021260913537145806e-02 -1.136791630660678731e-02 -2.606708933880796941e-02 1.129522449938676803e-03 -8.678414519225911145e-03 -6.354323197727467475e-03 3.352163115893437876e-04 2.111534858597520492e-02 2.488898498927462344e-02 1.677901045276530140e-02 -2.084389855554527582e-04 9.600783702545929305e-03 -5.914434649488329102e-03 1.986185990163303813e-02 1.124329301462286164e-02 1.523025656870839566e-02 3.631242353275856982e-02 2.697610706270993364e-02
2.015853711543061089e-01 1.000000000000000000e+00 9.504540117524316878e-02 2.618747887403423749e-02 3.867673341363814243e-02 7.015032766678286347e-02 5.132984774679681672e-02 4.984680312380748018e-02 2.093780106506071825e-01 1.965253399475067886e-01 1.231351724724851771e-01 1.053771811874002901e-01 1.124370303329087217e-01 5.525128020211254182e-02 1.035403896053573719e-01 1.101800781218815195e-01 1.592640824105623354e-01 1.786819009897905597e-01 1.657340181185532613e-01 4.463762219240847984e-02 1.227033193399323652e-01 1.417652631339826885e-01 1.970929519733731761e-01 1.746046503976124431e-01 1.408768499378848793e-01 1.642149567111763631e-01 1.582067278922353604e-01 1.445454848426538652e-01 1.964957209384287917e-01 2.000215079810215013e-01 1.658117098797683153e-01 1.826623119291216069e-01 1.698247789097443172e-01 1.649807288618574119e-01 1.642135773298352142e-01 1.119818966523077330e-01 1.329760522268444989e-01 1.464150211344258934e-01 1.474603151832398207e-01 7.801890699856367517e-02 1.300934374108021485e-01 1.165603294828630593e-01 1.015285212581033825e-01 1.318379710047777043e-01 1.005851060586711726e-01 1.381977550262805110e-01 1.289228670814054345e-01 1.504648490128592253e-01 1.419094913616277542e-01 1.193133473770135317e-01 1.249839377322235628e-01 6.670405546802872510e-02 8.419513967102212892e-02 1.625488804475067606e-01 1.485479714826741515e-01 1.578333757391383596e-01 1.367164539073888463e-01 1.288162974472968902e-01 1.274434395921638652e-01 1.414954882459721619e-01 1.183972148487095616e-01 1.387133975199842939e-01 1.294323118698764985e-01 1.356103180494772076e-01 1.501943599899271398e-01 1.318070542560748903e-01 1.569844346747575614e-01 1.616231003411822964e-01 1.665324157597763144e-01 1.332196873524239267e-01 1.345419545020608842e-01 1.453473045393419150e-01 1.588533204266704135e-01 1.434515172201109856e-01 1.293262931699845630e-01 1.422489144457118881e-01 1.395181459300066651e-01 1.678311548892332805e-01 1.431032155255531624e-01 1.713600034934037453e-01 1.495030182343692615e-01 1.491821243485276505e-01 1.546101530834676219e-01 1.628403259032772665e-01 1.323239669005844832e-01 1.476502056102498572e-01 1.317491216168260870e-01 1.415489350894358622e-01 1.404732311412125734e-01 1.441436076748106310e-01 1.072995450048494087e-01 1.239360836252441506e-01 1.233165589816658386e-01 1.313444634136918532e-01 1.331486177465508736e-01 1.464333070873335418e-01 9.936819791533672841e-02 1.332064052532113685e-01 1.227787523991188956e-01 1.214601066774001065e-01 1.122141608447253247e-01 1.244742203310026385e-01 1.168412903411642362e-01 1.225367110439685020e-01 1.131634013820361773e-01 1.368766642384406651e-01 1.449181681153024759e-01 1.453843524459426939e-01 1.338429727764769150e-01 1.339396753269280760e-01 1.310831990340772524e-01 1.395641554990942057e-01 1.364846805773744509e-01 1.375827970281151835e-01 1.436903893530258602e-01 1.393057266135880601e-01
1.096027589582528189e-01 9.504540117524316878e-02 1.000000000000000000e+00 2.471967641378053637e-01 1.409114629499384486e-01 1.336796496329143713e-01 2.258168981787492813e-01 1.739805342451569981e-01 2.453329004031707117e-01 2.162929681525869174e-01 2.528941603570643015e-01 2.509170616293831535e-01 2.305639231184679061e-01 1.601531751997329889e-01 2.577276534057518220e-01 2.532716517304856585e-01 2.704259422141467861e-01 3.029346208072645763e-01 2.986092370535960439e-01 1.852395400244798429e-01 2.685591340995301390e-01 2.883276914269265467e-01 2.994063418546796251e-01 2.588806874764640886e-01 2.811403727804052677e-01 2.888781624483470756e-01 2.633780379207096844e-01 2.714379203311575450e-01 2.792473249417919412e-01 2.976451242282024401e-01 2.846852446922001900e-01 2.890966562349419067e-01 2.717689903807330443e-01 2.899618194081420852e-01 2.962520290128008993e-01 2.572935697841126079e-01 2.672332036096934926e-01 2.632800072401515479e-01 2.883262553219211877e-01 2.537599290380463946e-01 2.643319287399539808e-01 2.528447183601473247e-01 2.642101668563308081e-01 2.656998911627048154e-01 2.673552975804249776e-01 2.623256102275944301e-01 2.515865103021564519e-01 2.585687113868327391e-01 2.541464573674092065e-01 2.725016704998058925e-01 2.657975607708923937e-01 2.613158594153616732e-01 2.540930960823735152e-01 2.628405448355607965e-01 2.611956332815940085e-01 2.690510175999366593e-01 2.650134315446501798e-01 2.464076171734094212e-01 2.521407303582751114e-01 2.526545136623722931e-01 2.524537368943765570e-01 2.554899099832879106e-01 2.588996478198092865e-01 2.557199714976295390e-01 2.735542390013042113e-01 2.565672395271835216e-01 2.673755593785392404e-01 2.792186552441971448e-01 2.731608446320109018e-01 2.602242953415208060e-01 2.758559988720634126e-01 2.760696534924280132e-01 2.663095757275086850e-01 2.775056612199526263e-01 2.664401979130348597e-01 2.619560384136659925e-01 2.647095668487463582e-01 2.743285051518748463e-01 2.687407539488163577e-01 2.745182154714652101e-01 2.660543918171938138e-01 2.649076399539512794e-01 2.755468547137580049e-01 2.768407723149306499e-01 2.679631562834364766e-01 2.681223574641228846e-01 2.572873104194956517e-01 2.643277039019808483e-01 2.664187790203220163e-01 2.640483523351870865e-01 2.572512885421429640e-01 2.563387101918254141e-01 2.614514639057641254e-01 2.607352041226358441e-01 2.531366189325385263e-01 2.560472992466859554e-01 2.574049938907073121e-01 2.646434192091335347e-01 2.530826064367114325e-01 2.586172075387407898e-01 2.579061562506753114e-01 2.570425687741041965e-01 2.526184310341978989e-01 2.541945566336689666e-01 2.656318668966661245e-01 2.612164689913419324e-01 2.605664744338163641e-01 2.593786681641767067e-01 2.594420244023177280e-01 2.522692150817596457e-01 2.555448198157767026e-01 2.536090568007610124e-01 2.529016904076223371e-01 2.602176439139062825e-01 2.641840762568788969e-01 2.567376302658739839e-01
-3.566686678360887069e-02 2.618747887403423749e-02 2.471967641378053637e-01 1.000000000000000000e+00 2.537143728458485237e-01 2.897183245217969105e-01 4.330981528353446963e-01 4.070587139494252771e-01 4.152791316234278329e-01 3.657517709357517299e-01 4.311320770420075110e-01 4.984910749727671231e-01 4.378079650589501437e-01 3.386428539561056050e-01 4.867562095545714951e-01 4.864570468945790815e-01 4.416734024229467814e-01 3.527261913756306044e-01 3.973958435659539212e-01 3.692710251763551277e-01 3.802331295114059762e-01 4.542504466529961316e-01 4.224263051347132425e-01 3.774269356523107244e-01 3.977115934076813075e-01 4.349846416043984809e-01 4.715523295234252399e-01 4.871944732508858844e-01 4.233665579787551647e-01 4.632136192107333406e-01 4.778653883978333794e-01 4.690344288173016740e-01 4.465489067311684268e-01 4.747278806936681694e-01 4.589890229145272005e-01 4.792978592817882522e-01 4.795337968661835260e-01 4.758470759669722328e-01 4.912527258082108883e-01 5.004579454962656548e-01 4.917031704210838572e-01 4.860204310218739776e-01 4.918027391567816875e-01 5.034214131717997809e-01 5.041847493051369034e-01 4.875292898350350734e-01 4.813375493733191846e-01 4.798494921755515619e-01 4.829676496854558021e-01 4.879745893836605064e-01 4.863308621264941789e-01 5.057881749250687786e-01 4.958917509404530133e-01 4.751643262775272492e-01 4.658695662656046066e-01 4.805336027573280377e-01 4.783075618731187917e-01 4.781777426553242005e-01 4.784757613295703704e-01 4.835379333125145451e-01 4.883136612904461771e-01 4.757804211566429298e-01 4.735820908947533381e-01 4.802830173459372576e-01 4.843496333877963522e-01 4.876654685937961142e-01 4.833646337036064389e-01 4.672306512782641863e-01 4.711613780747611058e-01 4.818418747946139336e-01 4.925330519364149451e-01 4.856433806709308798e-01 4.649697163334986505e-01 4.798360917936393966e-01 4.857402223314989942e-01 4.867636898162729375e-01 4.965763223791229142e-01 4.814092313509745202e-01 4.942694755350745539e-01 4.783760149796549288e-01 4.880716546178584525e-01 4.856221585982963274e-01 4.989028806076395983e-01 4.800401821443204819e-01 4.974534324137190322e-01 4.880465264387492952e-01 4.907659668909004069e-01 4.953660734366864826e-01 4.888653743882995784e-01 4.936299313691412394e-01 5.012538642990168603e-01 4.928504298052112653e-01 4.961536068287616397e-01 4.934465571992156518e-01 4.896749502418087374e-01 4.862794767910516569e-01 4.993771845341203885e-01 4.969033857144316557e-01 4.872955857800506663e-01 4.944049576324385797e-01 4.964985250282931140e-01 4.959763876305320340e-01 5.008267250418766414e-01 4.916382806414538176e-01 5.095087825250080860e-01 4.915328545516778891e-01 4.894518422517040723e-01 4.844120305480192346e-01 4.886859051032003132e-01 4.902428529064379314e-01 4.922716653136551823e-01 4.872763946357283604e-01 4.866665594874752254e-01 4.901216294621412728e-01 4.866551231132727473e-01 4.975074473050147827e-01
-1.809797139253292719e-02 3.867673341363814243e-02 1.409114629499384486e-01 2.537143728458485237e-01 1.000000000000000000e+00 2.182623233709191091e-01 3.983350905880158610e-01 3.522947000523904970e-01 3.459217618685836992e-01 3.171369694918534932e-01 3.897028994804862534e-01 3.956663483934388936e-01 4.042086656430552427e-01 3.273465632728435604e-01 4.210199421301067391e-01 4.035528989532225497e-01 3.903128838760586694e-01 3.717654430554978573e-01 3.995127092343781494e-01 3.154361356398378557e-01 3.426295039080727300e-01 3.944186977279187101e-01 4.073056249320920474e-01 3.950752387998939796e-01 3.948988942248494727e-01 4.384150127082025450e-01 4.128869120978612695e-01 4.321491025567696931e-01 3.873071217177045389e-01 4.217906234250033415e-01 4.310823272450858834e-01 4.385656970353544182e-01 4.172091609184278016e-01 4.404345763535835179e-01 4.164583800497645427e-01 4.175163807410614547e-01 4.286693433843672962e-01 4.334538968543282800e-01 4.375344326392099914e-01 4.356670806254183126e-01 4.356599108226959505e-01 4.335577656357755272e-01 4.461410932780821570e-01 4.484271892061111875e-01 4.362082054636310935e-01 4.345207046120753702e-01 4.251103467165514016e-01 4.280664274050369755e-01 4.272537187822562643e-01 4.351630893367695041e-01 4.343552374258395354e-01 4.341180194590399388e-01 4.223839863048220455e-01 4.187013912782428515e-01 4.235419362439907798e-01 4.359705489627507258e-01 4.080200401361462892e-01 4.231177361215469057e-01 4.260479849470011349e-01 4.218537518067065339e-01 4.319659851539271456e-01 4.175625280242969972e-01 4.134848579628946363e-01 4.194490118108117338e-01 4.275943320887920507e-01 4.117417171270260079e-01 4.304722388215649898e-01 4.398839354062650253e-01 4.371778202793422108e-01 4.312446664332011403e-01 4.399740231761929410e-01 4.418271644553509736e-01 4.393171426995486906e-01 4.484376364450345376e-01 4.458004788366620175e-01 4.329355851631954133e-01 4.340766742611058548e-01 4.289537408754723335e-01 4.422515993453060013e-01 4.314287618302905525e-01 4.337191446660473293e-01 4.314861715819742760e-01 4.369587482246420351e-01 4.320990842423946821e-01 4.423834794829772932e-01 4.409510742694211505e-01 4.347665210749169784e-01 4.394574592006237901e-01 4.377919400374948311e-01 4.394208004386906397e-01 4.415541413052214703e-01 4.349973060426031157e-01 4.394862335725143732e-01 4.350202728363321558e-01 4.285541591563752362e-01 4.245436855282611055e-01 4.362440476375548659e-01 4.237742842941770727e-01 4.310571470408491868e-01 4.396660859605319160e-01 4.393929365093109385e-01 4.333872053486584885e-01 4.379958469090443618e-01 4.368436019377137103e-01 4.402880908878800126e-01 4.205492935685901101e-01 4.279532990429931183e-01 4.305777987156583220e-01 4.355469635590957789e-01 4.289915625355777418e-01 4.309589920432939092e-01 4.275945316728214096e-01 4.251633053927620365e-01 4.299136747609356157e-01 4.257603150956980609e-01 4.245056501647158642e-01
-3.117546450897016805e-02 7.015032766678286347e-02 1.336796496329143713e-01 2.897183245217969105e-01 2.182623233709191091e-01 1.000000000000000000e+00 4.679040132423118448e-01 3.841010029456413677e-01 4.092861792560283374e-01 3.878682646755446384e-01 4.217336047107170249e-01 4.587873413911304765e-01 4.192965851123186538e-01 3.722392482702080452e-01 4.968825447655100813e-01 4.682870524155811065e-01 4.526032772952628402e-01 4.095089066336116690e-01 4.474851078763171786e-01 3.913869679544962898e-01 4.092628006429589460e-01 4.617879399204947166e-01 4.709923253834568668e-01 4.400911903492182309e-01 4.485865711987436222e-01 4.797016889128710160e-01 4.858275314471950379e-01 5.009256197094964502e-01 4.536340955091948124e-01 4.710675237713222718e-01 4.964245129282375268e-01 4.987985127093509941e-01 4.754147680625672168e-01 4.990690902002356544e-01 4.810090161288454458e-01 4.802157946032253322e-01 4.961615179272609866e-01 5.052093821570483589e-01 5.043067280017635712e-01 5.198040966426120679e-01 5.001219679509905092e-01 5.136983671121364559e-01 5.136213514964867999e-01 5.141613257954000815e-01 5.087684828547476279e-01 5.170019153037413995e-01 5.029256825429549993e-01 4.991565723421185763e-01 4.956767578989328960e-01 4.979923300663890440e-01 5.101632106023563651e-01 4.837722489894363820e-01 4.873873677814343774e-01 4.972282097164089643e-01 4.949741107623318870e-01 5.162326252095933432e-01 4.865543826862225862e-01 4.954484367920485299e-01 5.023601879977142026e-01 4.998526132532324917e-01 5.046657372270572095e-01 5.008897026883835091e-01 4.923977181549223370e-01 4.973055396135023787e-01 4.966464134581368706e-01 4.824470024773123145e-01 4.994665580408885197e-01 5.073996581830215735e-01 5.055241686610997265e-01 5.148582615672643303e-01 5.146421688046484144e-01 5.109869460765282811e-01 5.104413635200426569e-01 5.128366638038551750e-01 5.092308802341313223e-01 5.050462654794810602e-01 5.145522699308370251e-01 4.966700292259073612e-01 5.163502956980232650e-01 4.949307884571402805e-01 5.046924557819647550e-01 5.049766386464805690e-01 5.123317488153504851e-01 5.045027546274999386e-01 5.084055613911742100e-01 5.077230828221124259e-01 5.073172882254409766e-01 5.142437335924219255e-01 5.104117705689744655e-01 5.199483395846863365e-01 5.217189898788040514e-01 5.097948226547253103e-01 5.119935131871891087e-01 5.140598779577183475e-01 5.055346155338059644e-01 5.027004310936777909e-01 5.050721921984980822e-01 4.942947478667002459e-01 5.071246779631700674e-01 5.102975093553897556e-01 5.154785708373073039e-01 5.065392195066225067e-01 5.059087103009997088e-01 5.120999897850846416e-01 5.083594588785778079e-01 4.975618177156205801e-01 5.022920899872951317e-01 5.060362011180009612e-01 5.113265549717435077e-01 5.053128712962919877e-01 5.084794148284753623e-01 5.023213512794608704e-01 5.034636542396975223e-01 5.026082488037835194e-01 5.026208745183006199e-01 4.954165268280001921e-01
-6.116788180178383411e-02 5.132984774679681672e-02 2.258168981787492813e-01 4.330981528353446963e-01 3.983350905880158610e-01 4.679040132423118448e-01 1.000000000000000000e+00 6.182156790667117097e-01 5.875253120330133916e-01 5.514577485520655298e-01 6.389559061976903820e-01 7.020676113879972258e-01 6.160901409278649599e-01 5.513590364788785170e-01 7.664150538703239368e-01 7.308766562614854578e-01 6.365763815970257866e-01 5.814616673433173899e-01 6.398382194406471157e-01 6.059399340654604282e-01 5.854497064328911815e-01 6.670290273241806789e-01 6.580604785578394456e-01 6.262428288292830603e-01 6.279048278358472235e-01 6.981506972818244394e-01 7.148322860548288471e-01 7.221835571064190162e-01 6.317605660592986450e-01 6.712734659082756350e-01 7.206394378995903960e-01 7.145660559239068732e-01 6.771751806692849485e-01 7.143494204582363505e-01 6.764895872787113351e-01 7.058456549436874505e-01 7.263289786417373994e-01 7.371465714502265509e-01 7.286156863260453420e-01 7.578827103820157118e-01 7.434553827663038517e-01 7.520611489007282824e-01 7.567470151021674640e-01 7.547260144801243298e-01 7.528225107109387526e-01 7.421781860884768545e-01 7.405798672609680278e-01 7.321016552794981092e-01 7.303276153026621031e-01 7.214898908114852905e-01 7.408682050374503225e-01 7.112376949607971399e-01 7.283185213921289369e-01 7.261156918008803141e-01 7.175706721315238124e-01 7.421375278246767904e-01 7.045593109909527030e-01 7.292306982959289030e-01 7.362329607385841301e-01 7.262107466610265849e-01 7.464451084524009739e-01 7.228775678833307961e-01 7.180751983888750134e-01 7.228321499720619103e-01 7.188150926657596029e-01 7.075774776742614902e-01 7.306634881756518540e-01 7.361919432380323869e-01 7.363070752032304656e-01 7.578905432504975392e-01 7.551362542551053325e-01 7.438075976486251406e-01 7.410563389787286903e-01 7.450269872786550174e-01 7.551806901578013154e-01 7.419244072670040380e-01 7.460796042715063248e-01 7.177809574241288404e-01 7.481083928185257026e-01 7.178930318400389421e-01 7.383725839831161153e-01 7.378183632894943500e-01 7.476388477987679915e-01 7.279909459408790973e-01 7.522759236892418988e-01 7.440364220494551928e-01 7.462383980058540089e-01 7.550545553962259016e-01 7.456318964374977210e-01 7.583527736336450609e-01 7.669333780511019549e-01 7.516734849436343957e-01 7.555515552272747959e-01 7.528022158968884492e-01 7.450880604628007386e-01 7.375962407035623336e-01 7.540935099949118703e-01 7.283476733343910992e-01 7.489503229339147250e-01 7.563114741945804465e-01 7.625788295589830401e-01 7.456035290034808138e-01 7.465727670800588189e-01 7.526732205189916591e-01 7.512991105373370004e-01 7.343301440987682893e-01 7.369930335930195975e-01 7.397827753346596369e-01 7.520364871219098468e-01 7.424967451700428267e-01 7.494539550634166103e-01 7.387846799842217038e-01 7.409416593994438971e-01 7.411506033674274407e-01 7.333355284682568920e-01 7.322540844030944740e-01
-4.114156036836646990e-02 4.984680312380748018e-02 1.739805342451569981e-01 4.070587139494252771e-01 3.522947000523904970e-01 3.841010029456413677e-01 6.182156790667117097e-01 1.000000000000000000e+00 5.645824703496095109e-01 5.273134897244343700e-01 5.935565549792309881e-01 6.672369901942099002e-01 6.074355631051906457e-01 5.189326401665776967e-01 7.019688622474098416e-01 7.038630441861883913e-01 6.078991548554807389e-01 4.868507613784086585e-01 5.462946977893261558e-01 5.065768370647296681e-01 4.701093053913782405e-01 5.700259796239415255e-01 5.871284974732575712e-01 5.371616712413599393e-01 5.371860479060152072e-01 6.354930513817098614e-01 6.526124063529491481e-01 6.666629577545803986e-01 5.874204210662975489e-01 6.258458262192975186e-01 6.764940758217995453e-01 6.528610748242228423e-01 6.307684161041914317e-01 6.552284704085075129e-01 6.302109174352080734e-01 6.700449770895736679e-01 6.789347181911346008e-01 6.944576244073412674e-01 6.871226869895448175e-01 6.983601360951647852e-01 7.027674271276090900e-01 7.049450863266333300e-01 7.156811677869941990e-01 7.055849498407688047e-01 7.045292102493646569e-01 7.006740450746152815e-01 7.115829710320525914e-01 7.083020358829786867e-01 7.064522624997473521e-01 6.831123012524458193e-01 7.034258367904389075e-01 6.793275056080313457e-01 6.994246283774955275e-01 6.978238568289057975e-01 6.917248498426740166e-01 6.951072604147516820e-01 6.806356625334563093e-01 7.098762961592202103e-01 7.088160379339437656e-01 7.055429545793953094e-01 7.171132541993487930e-01 7.017872441524651839e-01 6.978408933892726873e-01 6.961777612956983052e-01 6.860683342602712509e-01 6.917894566493205666e-01 7.046626970609257690e-01 6.877823262166863350e-01 6.934147504917450577e-01 6.950932324432979037e-01 6.893539452282602120e-01 6.966069682496700555e-01 6.848400004009337350e-01 6.861335192765057878e-01 7.115833410749328181e-01 7.067672652500910369e-01 7.078471637374064152e-01 6.814013960697470340e-01 7.047592338722027394e-01 6.893268081356523913e-01 7.052148904899420145e-01 7.054164943161795875e-01 7.065865140242632014e-01 6.931504631338806233e-01 7.146441061775654635e-01 7.056873428059236009e-01 7.129429619483597103e-01 7.190967548677499321e-01 7.132990657744134877e-01 7.179565917245329665e-01 7.194704149843832441e-01 7.191207271437284332e-01 7.208511710636770209e-01 7.201856540093611869e-01 7.168550426286331989e-01 7.137308687302883481e-01 7.268264023965965714e-01 7.021116476551442220e-01 7.228655003164702331e-01 7.243876657723103962e-01 7.280777894384412585e-01 7.207969402563288996e-01 7.225530836914539901e-01 7.224521408880150153e-01 7.193038964955630332e-01 7.105584006931727759e-01 7.115968142005919539e-01 7.128514225077742239e-01 7.160909257210419376e-01 7.158191192445384488e-01 7.205350697706255358e-01 7.141369309301395241e-01 7.163541092147071021e-01 7.151768329857944861e-01 7.065811308073463026e-01 7.095542090733478746e-01
1.589341089446803246e-01 2.093780106506071825e-01 2.453329004031707117e-01 4.152791316234278329e-01 3.459217618685836992e-01 4.092861792560283374e-01 5.875253120330133916e-01 5.645824703496095109e-01 1.000000000000000000e+00 7.141371167495994543e-01 6.889840317219655397e-01 7.314827847031915020e-01 6.590251125546026101e-01 5.888063833557179994e-01 7.385052042601816247e-01 7.406132045414757226e-01 7.667323857973123991e-01 6.260001626819100551e-01 6.750669771955672971e-01 4.987359984728780837e-01 5.431919728041734174e-01 6.647947534143687776e-01 7.294156634414481477e-01 6.247035687444451035e-01 6.361795144795213686e-01 7.767695410662553979e-01 7.654646497804321603e-01 7.612202467512886317e-01 7.815482428459642472e-01 8.051952732848307592e-01 8.202570639810050634e-01 7.981664146109981317e-01 7.711213521090510836e-01 7.831049630176556420e-01 7.782791567873532657e-01 7.791042180933939187e-01 7.910519520970461516e-01 7.974420900963393732e-01 8.091417302521033417e-01 7.088407709385032840e-01 7.991660454314061246e-01 7.793856195898672956e-01 7.714079547241450285e-01 8.027761459105964281e-01 7.786525605242773374e-01 7.917721481796267113e-01 8.080656851994915124e-01 8.227508997601187257e-01 8.219521733419370424e-01 7.931681938049728320e-01 8.080756975582417123e-01 7.673691354111746854e-01 7.814656974954314883e-01 8.340525192292559398e-01 8.127432536861086687e-01 8.105281481895754148e-01 8.270041983840323851e-01 8.041427050379278407e-01 8.073006945049863159e-01 8.265678497358717181e-01 8.062538710584481461e-01 8.234942695698211912e-01 8.117235171642462888e-01 8.267975410263418423e-01 8.320117411041036970e-01 8.274606568136451124e-01 8.303311290468994299e-01 8.078935763564318862e-01 8.171224596796478057e-01 7.834356301484207696e-01 7.825924949136967568e-01 8.049102591790604500e-01 7.887954552998889257e-01 7.875527281997491968e-01 8.095836345873543838e-01 8.166608311237825157e-01 8.096536987637127369e-01 8.331756634720602905e-01 8.018269050841092538e-01 8.308298810897067899e-01 8.192522702254002587e-01 8.252403448807278386e-01 8.285988788227928170e-01 8.256895991756302289e-01 8.064992219792800343e-01 8.152231413148040007e-01 8.101531824197961695e-01 8.122235487463569381e-01 8.143857753907278729e-01 8.123846047118667979e-01 7.768760402520369368e-01 8.035599751411878211e-01 8.038439181064591654e-01 8.078964489123623416e-01 8.169421514636311388e-01 8.222848941524849575e-01 7.934484151978080657e-01 8.274116810109648501e-01 8.082531466070481674e-01 8.069329323251825947e-01 7.951769936014451146e-01 8.152829299948949338e-01 8.096199168044496686e-01 8.111968058396957781e-01 8.152511408593680065e-01 8.227284639130572064e-01 8.291170638901050882e-01 8.227971945983927338e-01 8.145146967512051361e-01 8.182733055132537237e-01 8.100534252938036417e-01 8.239890437620185359e-01 8.220345144136472770e-01 8.251789180829910419e-01 8.302017764740087236e-01 8.288547815746659664e-01
9.775334274035646365e-02 1.965253399475067886e-01 2.162929681525869174e-01 3.657517709357517299e-01 3.171369694918534932e-01 3.878682646755446384e-01 5.514577485520655298e-01 5.273134897244343700e-01 7.141371167495994543e-01 1.000000000000000000e+00 6.487626597887151680e-01 6.765409078348418870e-01 6.127300130885249274e-01 5.584980972105667574e-01 6.948835022106799597e-01 7.083588181519177018e-01 6.981686670737852207e-01 5.811231659664964910e-01 6.243961373269696358e-01 4.489753310842928280e-01 4.919211400674013412e-01 6.134160775316350733e-01 6.828489737158028872e-01 5.919267629223454730e-01 5.985448529548395014e-01 7.406668009932261265e-01 7.187321195981528632e-01 7.327074291598190126e-01 7.253539187111605058e-01 7.453755231787824176e-01 7.725426609361403241e-01 7.518808625258711631e-01 7.309859897585959665e-01 7.339036302164551051e-01 7.336034119100608430e-01 7.192009122800252507e-01 7.519928721601422117e-01 7.636170960132276919e-01 7.635260958992887703e-01 6.935206729569429740e-01 7.629834109793809382e-01 7.501056652056823371e-01 7.321899105566139765e-01 7.590488695060062518e-01 7.354846188072163837e-01 7.617529880924811536e-01 7.666310185620256457e-01 7.815553602643386943e-01 7.778045754771667486e-01 7.395620078490674487e-01 7.626890729852815465e-01 6.921826276324204441e-01 7.197406003834199151e-01 7.842763459681861837e-01 7.684008498701486722e-01 7.716007361067801495e-01 7.614371803630295421e-01 7.632530331851491434e-01 7.710156294346844907e-01 7.796511572909627930e-01 7.627138541385743986e-01 7.747997126502070842e-01 7.634427607647958913e-01 7.739745885736319941e-01 7.637012266643081748e-01 7.647226322089669681e-01 7.829716834617770349e-01 7.704421307745522585e-01 7.797649700912080428e-01 7.376451379127676455e-01 7.395170262192251043e-01 7.627925750782906800e-01 7.526311144005453091e-01 7.466711679626072407e-01 7.681776050752340268e-01 7.728795522866419576e-01 7.702379090938350492e-01 7.798924243191344141e-01 7.666049666301627541e-01 7.832051419304911777e-01 7.766208670967224004e-01 7.817967901007022435e-01 7.768061753365835820e-01 7.823110880443823190e-01 7.624675378211920318e-01 7.698922253409450356e-01 7.704220691523290254e-01 7.745106444162166426e-01 7.757651794234777798e-01 7.737026618788751531e-01 7.465715495753603159e-01 7.688870149717693669e-01 7.642671038473618506e-01 7.714464533712797056e-01 7.752673897248609780e-01 7.801017200352242664e-01 7.424001122450161194e-01 7.636346779567382281e-01 7.675469298742059188e-01 7.654717962445083401e-01 7.577819993655264819e-01 7.642764331041972392e-01 7.608168332658046262e-01 7.670378008919317425e-01 7.598029283035127035e-01 7.627578468171589687e-01 7.784136169202212630e-01 7.817393007481242551e-01 7.737397794651988958e-01 7.760143974157927005e-01 7.704306270503135101e-01 7.775272896874789730e-01 7.750852059408624983e-01 7.761759246554692515e-01 7.776550269579332042e-01 7.702494644095598808e-01
4.756331531939215693e-03 1.231351724724851771e-01 2.528941603570643015e-01 4.311320770420075110e-01 3.897028994804862534e-01 4.217336047107170249e-01 6.389559061976903820e-01 5.935565549792309881e-01 6.889840317219655397e-01 6.487626597887151680e-01 1.000000000000000000e+00 7.733569133797798534e-01 6.762546518962754272e-01 6.027794182987555871e-01 7.705997712971602853e-01 7.568926491235257181e-01 7.266380476881986183e-01 6.298449749062308145e-01 6.890197388169329029e-01 5.367744872651547539e-01 5.782072294877291796e-01 6.950621760170845320e-01 7.326207121630231578e-01 6.571067035238284948e-01 6.722588162368013931e-01 7.673256672603433470e-01 7.710021489783565052e-01 7.828721831694199773e-01 7.189333034887857021e-01 7.725498237932196810e-01 8.090288652455013274e-01 7.947450069711281539e-01 7.693084816961713868e-01 7.942165448916784776e-01 7.767687695357550215e-01 7.839137587011071329e-01 8.034955485911422501e-01 8.080105024116892576e-01 8.112427295030149033e-01 7.831847571120044149e-01 8.115682557363622651e-01 8.080912962779448483e-01 8.041559235149975393e-01 8.171814569404597384e-01 8.079557728130726257e-01 8.130910671600962702e-01 8.129000840687202745e-01 8.155044264524445863e-01 8.137932774262086610e-01 8.011463624373519332e-01 8.127439699802614381e-01 7.707086334987687248e-01 7.891505597512525894e-01 8.102183006554506406e-01 7.979317407228664338e-01 8.163454003463909148e-01 7.911751828052392410e-01 8.019892421690505424e-01 8.068570399702670315e-01 8.073169315906424393e-01 8.155483275843166124e-01 8.055327871558810582e-01 7.956948485101291713e-01 8.093613998972284396e-01 8.027594180428986315e-01 7.903673582561480115e-01 8.175758490247330146e-01 8.139539037513879860e-01 8.165371254543589696e-01 7.998622778011907908e-01 8.036138705438869989e-01 8.151591274694471867e-01 8.044935437825794233e-01 8.088096295534537017e-01 8.191371212032900750e-01 8.174035663984314803e-01 8.178435442677854939e-01 8.051560583169243834e-01 8.145408820506182535e-01 8.118156589186494854e-01 8.211380729266137823e-01 8.209318056852202838e-01 8.243618440425390936e-01 8.179739122102787086e-01 8.222684234488677468e-01 8.199570554907241737e-01 8.208134303150443900e-01 8.232346779575741014e-01 8.227560153656749975e-01 8.236219220890853565e-01 8.193412445992105386e-01 8.204745567241419346e-01 8.209295979569251056e-01 8.210075296582031168e-01 8.180381348695827670e-01 8.160100715147683426e-01 8.060828364229796206e-01 8.061952801986609352e-01 8.178574214990357305e-01 8.210511413157388638e-01 8.191969012246387294e-01 8.122607466070813631e-01 8.117226553960940061e-01 8.176543971442464809e-01 8.193732995442422062e-01 8.029431935297056677e-01 8.156358425447345351e-01 8.186778168330419714e-01 8.176301791250193407e-01 8.173182455716390127e-01 8.146553628766343147e-01 8.151911290578579550e-01 8.137984591601882256e-01 8.161901569127598677e-01 8.143526895438361057e-01 8.071389175913132874e-01
-3.662656999653516460e-02 1.053771811874002901e-01 2.509170616293831535e-01 4.984910749727671231e-01 3.956663483934388936e-01 4.587873413911304765e-01 7.020676113879972258e-01 6.672369901942099002e-01 7.314827847031915020e-01 6.765409078348418870e-01 7.733569133797798534e-01 1.000000000000000000e+00 7.291713821784373550e-01 6.328946618623932929e-01 8.533002787975659809e-01 8.423046791800863353e-01 7.739835964443410044e-01 6.234160346649332274e-01 6.954335192518460440e-01 5.977362983983349753e-01 6.068492811596107872e-01 7.355942616602573203e-01 7.591659055662397515e-01 6.607442282060508321e-01 6.736622950348175598e-01 8.007795452223688271e-01 8.293783301063070157e-01 8.470302078809521795e-01 7.787507155761592692e-01 8.128771785534867345e-01 8.680874636686540802e-01 8.418979016357026612e-01 8.283872790298147937e-01 8.474028379241462794e-01 8.289005887576053055e-01 8.515813665369099672e-01 8.620379571176218780e-01 8.744344153992303914e-01 8.789920201607126504e-01 8.530688356137147155e-01 8.837953560694804533e-01 8.815986941662908860e-01 8.753489171625987719e-01 8.872079359652335073e-01 8.834857840777623483e-01 8.785056458601098184e-01 8.918329278797215709e-01 8.886567691468071351e-01 8.906645574258205134e-01 8.728261455437422711e-01 8.876245943464033950e-01 8.532966422810868146e-01 8.772126659585046671e-01 8.818496721288309192e-01 8.687129548700965875e-01 8.771555995792441607e-01 8.704107970715260212e-01 8.804114777072793441e-01 8.870120120093323290e-01 8.874005684481743872e-01 8.952939955536116656e-01 8.840413249895742176e-01 8.735387826515846887e-01 8.872339757815038697e-01 8.776085055511886335e-01 8.788293879964146349e-01 8.865668022249643121e-01 8.665139722103223363e-01 8.732468616597688360e-01 8.673032336107131535e-01 8.683430320446823281e-01 8.746642224915390784e-01 8.582323930109782006e-01 8.581361699636990137e-01 8.849011658653888057e-01 8.911313799641280564e-01 8.889168739000393726e-01 8.771417267132761708e-01 8.799953199672937432e-01 8.767483023214915905e-01 8.887539668713120289e-01 8.912634177671209246e-01 8.943030841445339663e-01 8.856162585551858868e-01 8.940428474961376049e-01 8.894155265708300062e-01 8.949973129810154804e-01 8.944646648110702314e-01 8.940888443962112797e-01 8.946900577571142987e-01 8.896569448678876002e-01 8.958803191741865346e-01 8.954478864653103720e-01 8.949868114647669959e-01 8.943989473363119780e-01 8.937420019205803978e-01 8.870582418926215018e-01 8.905924023041893456e-01 8.946994305627660182e-01 8.959844367358263950e-01 8.941573176243902132e-01 8.934096615783115869e-01 8.939006595353482520e-01 8.962599083887277107e-01 8.978794926397135612e-01 8.828531240745550734e-01 8.928525623635026331e-01 8.907160400085036844e-01 8.917451217811456221e-01 8.942432976908716302e-01 8.942716804277560660e-01 8.937331678398380275e-01 8.942649915124806226e-01 8.945820066656363645e-01 8.897396401169737068e-01 8.918255700767494520e-01
-1.448078860905529261e-04 1.124370303329087217e-01 2.305639231184679061e-01 4.378079650589501437e-01 4.042086656430552427e-01 4.192965851123186538e-01 6.160901409278649599e-01 6.074355631051906457e-01 6.590251125546026101e-01 6.127300130885249274e-01 6.762546518962754272e-01 7.291713821784373550e-01 1.000000000000000000e+00 5.800554857634447892e-01 7.629900765491718362e-01 7.539501839662292593e-01 7.072888860636257213e-01 6.416561228959103413e-01 6.899272971556100753e-01 5.526403231024508145e-01 5.915637484380581457e-01 6.921478434174155314e-01 7.148734838478901787e-01 6.686159900764550024e-01 6.803464752766186230e-01 7.554787868103423065e-01 7.508070719335699916e-01 7.606195862213722680e-01 7.150261917995354155e-01 7.570837472853519934e-01 7.921655338765639653e-01 7.796382617767468881e-01 7.433383993490664254e-01 7.765463125759369811e-01 7.443813043012882380e-01 7.630186330628866420e-01 7.788651704961021549e-01 7.837739479007420629e-01 7.954068167635561792e-01 7.654100306868882875e-01 7.938212773590499483e-01 7.968393302517349230e-01 7.942109545136846194e-01 8.013043683013533203e-01 7.913613008920412639e-01 7.904570405973764258e-01 7.980664833005770564e-01 7.967142550429324732e-01 7.922170828181351876e-01 7.764983213517424598e-01 7.902790984040970468e-01 7.600042386516985271e-01 7.768251556335787900e-01 7.936324664993773537e-01 7.884364844958861029e-01 7.960185520189091424e-01 7.763880211207193627e-01 7.921780738410552081e-01 7.948752706402694157e-01 7.972644942960646075e-01 8.014370154360426213e-01 7.927761394742401935e-01 7.883618450809628531e-01 7.900563706365799632e-01 7.878799726808715098e-01 7.784263630525564137e-01 8.007063093185919911e-01 8.022536930737963479e-01 8.012908443573365513e-01 7.906905888270790994e-01 7.963502388976857471e-01 8.052787912470571463e-01 7.975543133639414473e-01 8.022992662512408168e-01 8.041800037025021997e-01 8.008144056471987460e-01 8.000063476830555631e-01 7.942952608392963576e-01 8.048380609818756026e-01 7.976839533645587732e-01 8.031387034590182772e-01 8.052848525504726629e-01 8.008134091332494986e-01 8.008365965776084172e-01 8.015299119834801145e-01 8.043559623791224356e-01 8.027935223702482581e-01 8.055497479053885801e-01 8.047508574750114052e-01 8.070044318368722047e-01 7.984301058360899761e-01 8.036915630271862510e-01 8.046080876073736787e-01 8.051328600755340847e-01 8.027260562993734361e-01 7.998983880096853794e-01 7.963841462631979784e-01 7.861403616065177902e-01 8.018317536532677536e-01 8.039659152090997685e-01 8.049005144714753701e-01 8.011653418439238505e-01 7.986735127546542579e-01 8.063070349571640483e-01 8.027467829425518620e-01 7.908405847861741389e-01 7.982851197667482079e-01 8.039779096241608247e-01 8.038465363015286913e-01 8.021708639744917768e-01 8.020290873505273588e-01 8.020466939273308560e-01 7.999494471967688591e-01 8.015738995175178960e-01 7.978196176056376876e-01 7.919274918883325576e-01
