1.000000000000000000e+00 6.075272838624504179e-02 4.996390822142401239e-02 1.687930470589014964e-02 2.023816391265468098e-02 -1.279998196757348855e-02 -1.132325857376429226e-02 5.952780339898531593e-03 5.846893859336121935e-02 2.644443478894556790e-02 -3.100524759012733642e-03 6.919980317765708766e-03 7.230066205751153365e-03 -6.896471594194285293e-03 -3.722006015819625483e-03 6.972714295171966378e-03 2.262377914804214463e-02 1.152708308214584615e-02 6.488712590552898896e-03 3.431309918413279897e-02 5.508108981471161736e-02 2.757188182246578939e-02 4.545693335022699122e-02 2.892778466330084980e-02 3.114107137981168838e-02 3.144478747696442811e-02 2.613404072431127836e-02 -2.059760968657168428e-02 2.687674590687846171e-02 3.498912985107316409e-02 2.209603922361150219e-02 -8.034629540553713933e-04 -1.912641482413463337e-02 -6.033042272888731322e-03 -3.564310041317605374e-03 1.113027300959520266e-02 1.019429062032685407e-02 -1.165641537779564009e-02 -8.118434901659509970e-03 -3.402971169801699558e-02 -6.972807627811096649e-03 -1.714996202863971336e-02 -1.378180336388385753e-02 6.530842890798205843e-04 8.148944319504984948e-03 -1.120373694678928472e-02 2.796353024927147272e-03 1.088405590689324812e-02 -4.329665326764399729e-04 -1.144209393230681895e-02 -1.422510410224456581e-02 1.569594943980494317e-02 2.750638301413947662e-02 1.361843250532642630e-02 1.390325775537060854e-02 -1.135712370939680324e-03 3.307207828960888329e-02 9.022919502228211180e-03 -1.056306007932366307e-02 3.072614551883821182e-02 3.501511450175030619e-03 2.424912172386309989e-02 1.564383028757336189e-02 1.895163982712369868e-02 2.973712813998457410e-02 3.320458488060585439e-02 8.436676569578830873e-03 1.117545618017268781e-02 7.492167661310239306e-03 2.014172652048809922e-02 8.886757061772342786e-03 1.039612839594316294e-02 6.439585860320546848e-03 8.040430095180919889e-03 8.660071409330949432e-03 3.815534300049553979e-03 -2.003220950300943406e-03 1.537807221007659458e-02 5.273214521260822726e-03 1.375215210021638219e-02 9.153760629092668518e-04 6.689139291915605599e-03 1.771010175754806487e-02 2.818689345307949425e-03 -7.537590972718914359e-03 -9.355138326613202234e-04 1.418712124413702355e-03 -5.771980182181641640e-03 -1.332600116950619301e-03 2.554595832450760450e-03 -1.450284070830565666e-02 -1.669816286976730105e-03 3.225364056035348657e-04 -1.657392817379440761e-03 4.995567796881223571e-03 4.397914252244311539e-03 -1.143779117382283210e-02 9.213902611399349060e-03 1.570831105594880676e-03 -5.734410575695097177e-03 -5.393591149050719347e-03 2.844341687812208027e-03 7.645739088232956886e-03 2.153219754947586270e-03 1.045857758067772134e-02 1.383274183593888665e-02 6.003595811698683553e-03 6.943824387439586840e-03 4.676107133538288593e-03 7.901707398271227631e-03 -3.937441497674743288e-03 1.947212584585989587e-02 1.138434951489025043e-02 1.271400323162018460e-02 1.737551602600590633e-02 2.302724647693878829e-02
6.075272838624504179e-02 1.000000000000000000e+00 3.728364338002881223e-02 9.251102017790009679e-02 4.749444745145416091e-02 5.929696207047247675e-02 1.420389140099497793e-01 9.810761376579132942e-02 1.488888716257243672e-01 1.618099747420528312e-01 1.330135587040607303e-01 1.450304601841960472e-01 1.387552921111624982e-01 1.332903920756157434e-01 1.534995690906610644e-01 1.463097756762364587e-01 1.695592440790376354e-01 1.597659147064170726e-01 1.491956207695366854e-01 1.658929811099914275e-01 1.621883031747635429e-01 1.627952902972898686e-01 1.932641183494704373e-01 1.845264819871179351e-01 1.743988746432121872e-01 1.781657122581308539e-01 1.610917962135043902e-01 1.727874233719641217e-01 1.807754873558414244e-01 1.754610747281976912e-01 1.674135524411049236e-01 1.743735617471469657e-01 1.668586731783343324e-01 1.619773382166934950e-01 1.590194983423823261e-01 1.449269805282090429e-01 1.693048247505917481e-01 1.661105200982989916e-01 1.534559740402041683e-01 1.601154484078571583e-01 1.624017346203121825e-01 1.560165041513880413e-01 1.542031896298617089e-01 1.632505396509620621e-01 1.539738413109359438e-01 1.677104363407131149e-01 1.551767595510708253e-01 1.580900690711042889e-01 1.582878329128654948e-01 1.387886929008833869e-01 1.493517439435756156e-01 1.344079092239492401e-01 1.468795547726157169e-01 1.673131981797934542e-01 1.667133115383687136e-01 1.636766588964600200e-01 1.557897946398044409e-01 1.633607746359068136e-01 1.493644078240239925e-01 1.658386980661097909e-01 1.488617674559478965e-01 1.630390305189933775e-01 1.506350436369471302e-01 1.484892268117145586e-01 1.560941053729098804e-01 1.621110101960397121e-01 1.568772816935003755e-01 1.591517198857755055e-01 1.671501326000219556e-01 1.701461709330758520e-01 1.568494699327621367e-01 1.630878048936755254e-01 1.627300615297088415e-01 1.664178567331143777e-01 1.600317212684488344e-01 1.593148659371977638e-01 1.672668745350001374e-01 1.628483533763461499e-01 1.654187005896487483e-01 1.577858889126260156e-01 1.569310980539294353e-01 1.566324374369523209e-01 1.623638967812850165e-01 1.568519320322972754e-01 1.497397314691651660e-01 1.593736799956617933e-01 1.598480682513458984e-01 1.601280609207901551e-01 1.542320123895198625e-01 1.632747999923173932e-01 1.608548863092808812e-01 1.562182553933273987e-01 1.565039689454972849e-01 1.623968750291388818e-01 1.552089738872363678e-01 1.556057813552447211e-01 1.418491738366389476e-01 1.411717138009119243e-01 1.472892316685099623e-01 1.499264360797160356e-01 1.488568281339995025e-01 1.460911804814904180e-01 1.521008538312413616e-01 1.473333849054995759e-01 1.491147105090230296e-01 1.505490801050624328e-01 1.539100547309530942e-01 1.575738465322276127e-01 1.571086991332070193e-01 1.574359791516375395e-01 1.574736933670113914e-01 1.602832051326733565e-01 1.550657656951480723e-01 1.487936574767533549e-01 1.526915343085736843e-01 1.575732724733223955e-01
4.996390822142401239e-02 3.728364338002881223e-02 1.000000000000000000e+00 2.555089013486223637e-01 1.495643214511974683e-01 1.383379290009638385e-01 2.446352923895503961e-01 1.933953254227046281e-01 2.298690427680359916e-01 2.201626366084988295e-01 2.457540824273612701e-01 2.857864838206410352e-01 2.307835223283981885e-01 2.328255300984596876e-01 2.597691017421170367e-01 2.488657443735638464e-01 2.317444343877212709e-01 2.712963451277499161e-01 2.627650155056304171e-01 2.796824143234716287e-01 2.958357118294216437e-01 2.808696096810003318e-01 2.779072358662225684e-01 2.836719383320244758e-01 2.898216163406870383e-01 2.814917225294076841e-01 2.839028021313452776e-01 2.910072608402818339e-01 2.751810139807641664e-01 2.818650282317208822e-01 2.817179491449552375e-01 2.806380577680120947e-01 2.811960112503176790e-01 2.874925700039590026e-01 2.709269607914118749e-01 2.639978812340095238e-01 2.808220729929044590e-01 2.832046862697786271e-01 2.814926669451238150e-01 2.800213155778574214e-01 2.730877535724924865e-01 2.832295516829371196e-01 2.697501134824711322e-01 2.791570875434978838e-01 2.837242513924024823e-01 2.683159471691746178e-01 2.759450327191487196e-01 2.768268915626010962e-01 2.722361860935860189e-01 2.755185732176043678e-01 2.757893739543145206e-01 2.837611437872920028e-01 2.790910183930157551e-01 2.637625466223156856e-01 2.641928472595090893e-01 2.709566225034225617e-01 2.478533127963271077e-01 2.657842052312971992e-01 2.635418512419283044e-01 2.649246214783255726e-01 2.647005487095607790e-01 2.485209475768591358e-01 2.477581344034645028e-01 2.633760317182833322e-01 2.767150916559272256e-01 2.655884331744203242e-01 2.744015579664597637e-01 2.856934287621658020e-01 2.849260017372235443e-01 2.832425180094509387e-01 2.824893373065302526e-01 2.814967645287283493e-01 2.859119049994020556e-01 2.889912367610017463e-01 2.843553190184799351e-01 2.852996942794786550e-01 2.868185234223328273e-01 2.784704714710767859e-01 2.824919683591290975e-01 2.777745849502099573e-01 2.747829362048271884e-01 2.723719679458919685e-01 2.826586574137781582e-01 2.764846732072167024e-01 2.812293122374500132e-01 2.825705715899950454e-01 2.780422119837053230e-01 2.823282277215614644e-01 2.796127869302769131e-01 2.824498701279354318e-01 2.874893634243842477e-01 2.820964907670943655e-01 2.827958967207196972e-01 2.802393784843307256e-01 2.744741111571238346e-01 2.742568431156916509e-01 2.739381788886970370e-01 2.754932815195466067e-01 2.784593478945205924e-01 2.814388248415695681e-01 2.818686855079277076e-01 2.714033334194143054e-01 2.842348161373289828e-01 2.771523605387226641e-01 2.801013115056080749e-01 2.685105346891422107e-01 2.756693664312417358e-01 2.775894887885953510e-01 2.736795781793011084e-01 2.756576264910800544e-01 2.747464729451994936e-01 2.709968731820052712e-01 2.703314912512395640e-01 2.720103578513157205e-01 2.760434463494621515e-01 2.710440482540927287e-01
1.687930470589014964e-02 9.251102017790009679e-02 2.555089013486223637e-01 1.000000000000000000e+00 2.639340555678569844e-01 3.223331754520538106e-01 4.446860214955760116e-01 4.179930491197338394e-01 4.853455992915701178e-01 4.570241762844781674e-01 4.939622216704375735e-01 5.403476729613665430e-01 4.833766172870977429e-01 4.910782391983996575e-01 5.395198057415828696e-01 5.129637777040457758e-01 4.895845334117412961e-01 4.865765471730691960e-01 5.083542391934112725e-01 5.138662922808600042e-01 5.304465318267113094e-01 5.340759806781854024e-01 4.903411808774582603e-01 4.999169857117519156e-01 5.202927601747502351e-01 5.373980276318648386e-01 5.326873142215047263e-01 5.382045209678509856e-01 5.413103705280366551e-01 5.367610802377331680e-01 5.535662326275730960e-01 5.438356490959110889e-01 5.320883222647259103e-01 5.499710692095464148e-01 5.206837258115821765e-01 5.368259677796513030e-01 5.478712275367318973e-01 5.573197673309658873e-01 5.530422475418473871e-01 5.471296787474309031e-01 5.508873316316604818e-01 5.612014258857119797e-01 5.670272161390992327e-01 5.608329227238187942e-01 5.577295116745916159e-01 5.593153862947233268e-01 5.579396618492851179e-01 5.548450484825807605e-01 5.509159747213626668e-01 5.435758545470188441e-01 5.574742323063260896e-01 5.559552312918432104e-01 5.539551293889315442e-01 5.451808044575136014e-01 5.411901169106595466e-01 5.469260827961831550e-01 5.267566388269542266e-01 5.527028269729724608e-01 5.476398031446365611e-01 5.464934809245074465e-01 5.489050831466412150e-01 5.332025536018815126e-01 5.289892053569249519e-01 5.418134045496943996e-01 5.536359146420242183e-01 5.482011480948189019e-01 5.533074241108060232e-01 5.539314283040905895e-01 5.541807054004246336e-01 5.624297948443357509e-01 5.614333442658798745e-01 5.543620433413916082e-01 5.502708683810544343e-01 5.527518084288676192e-01 5.532612826738579903e-01 5.577322755189938475e-01 5.550579748981896433e-01 5.551957034099606059e-01 5.543005409988143173e-01 5.550627881574946576e-01 5.522941075925533738e-01 5.513289028766652500e-01 5.584263313892827707e-01 5.507141611954147198e-01 5.554514699610717532e-01 5.573194692097430680e-01 5.569246718818607889e-01 5.622228665989762453e-01 5.571254893557028298e-01 5.601965044140959638e-01 5.551214919630634848e-01 5.630967020398743861e-01 5.578150784604117840e-01 5.609633644401826880e-01 5.545769323874564227e-01 5.538339493251460688e-01 5.545453569904602587e-01 5.537394853755194246e-01 5.559962309343683406e-01 5.599568998405676234e-01 5.593833005185309126e-01 5.540251001806874021e-01 5.597488688504882459e-01 5.586769044390009764e-01 5.594850248021595585e-01 5.462010499328994184e-01 5.557143110866595848e-01 5.559238751523017941e-01 5.573196796110532203e-01 5.576461843661454365e-01 5.613818152809640916e-01 5.528950343375507170e-01 5.512877480731780411e-01 5.506170107235177635e-01 5.526424355261490007e-01 5.539911494874407705e-01
2.023816391265468098e-02 4.749444745145416091e-02 1.495643214511974683e-01 2.639340555678569844e-01 1.000000000000000000e+00 2.437491761767401621e-01 3.685689967400791467e-01 3.706756826925948212e-01 3.924670552747255847e-01 3.638869034482395404e-01 3.742036646642032394e-01 4.289931635343068317e-01 3.926448049161115339e-01 3.893855285081720408e-01 4.276784010898557753e-01 4.247759269735644772e-01 3.917693660342944084e-01 4.047826642518361218e-01 3.970258192627713623e-01 3.821775035796880493e-01 4.198165488626340869e-01 4.290813672934949974e-01 4.102762865064314424e-01 4.120160034615796274e-01 4.203252101092467274e-01 4.366797811066794321e-01 4.270208059676811607e-01 4.194372551123611292e-01 4.270372858269784744e-01 4.311899440350651092e-01 4.363041445317674683e-01 4.456742051003520499e-01 4.138980480810749429e-01 4.353095365610553658e-01 4.197570744934864817e-01 4.275709240735816041e-01 4.322258698864141491e-01 4.260167615641404781e-01 4.442473022313099262e-01 4.305054896564367017e-01 4.452880996071204578e-01 4.479215404701087921e-01 4.445929662110981728e-01 4.473599838355326597e-01 4.483259286608793914e-01 4.356709142053161177e-01 4.487681712740164697e-01 4.481375216864782463e-01 4.439711466337003531e-01 4.338605442313666627e-01 4.409477502951080208e-01 4.498817319821927785e-01 4.465114668411903631e-01 4.433707222501541145e-01 4.350248409001626904e-01 4.369131797104464088e-01 4.217059106149963488e-01 4.481483103264093937e-01 4.362840001282508595e-01 4.479695221342875344e-01 4.428317531095078419e-01 4.237233673621388919e-01 4.261758949304289557e-01 4.378577574984532927e-01 4.447754772471794737e-01 4.450011505657265332e-01 4.482137346770878050e-01 4.470938748378777694e-01 4.474845864006367635e-01 4.472440741508150186e-01 4.506169721205978695e-01 4.484277535780688551e-01 4.494637846180700169e-01 4.503231555254847973e-01 4.523926942212079805e-01 4.514093350572275787e-01 4.520084032563210230e-01 4.439126853883243462e-01 4.451265708428406298e-01 4.462442146602777493e-01 4.472823568823056095e-01 4.485250565091809527e-01 4.509791241862067812e-01 4.470670569944676931e-01 4.510559677598690032e-01 4.512492751091666254e-01 4.488754661743109553e-01 4.511887906584670649e-01 4.507150895648705524e-01 4.509822406422098195e-01 4.500875695794833709e-01 4.537363577791405089e-01 4.523487549263814356e-01 4.532670416108585676e-01 4.512902192264672263e-01 4.519864476272926201e-01 4.433742400761792046e-01 4.514776961149361001e-01 4.514558680857869710e-01 4.535387482005625581e-01 4.536186316854831091e-01 4.485096823549930556e-01 4.561377434112166562e-01 4.582209970215549988e-01 4.550670565987459670e-01 4.408465678788459630e-01 4.496366661834197975e-01 4.520977621210710562e-01 4.489861784360049679e-01 4.504320230768542599e-01 4.479838759736927134e-01 4.499438976936991352e-01 4.460579549938353816e-01 4.493376936798929577e-01 4.489823837776965032e-01 4.476588754534006065e-01
-1.279998196757348855e-02 5.929696207047247675e-02 1.383379290009638385e-01 3.223331754520538106e-01 2.437491761767401621e-01 1.000000000000000000e+00 4.550809692149356822e-01 4.038757191334376162e-01 4.806387069023306813e-01 4.643702153541716116e-01 4.861922284098786906e-01 5.147132303253802998e-01 4.848998427307413817e-01 4.725679373883522327e-01 5.409956008249553472e-01 5.253856616985175254e-01 4.799063753243466013e-01 4.980519052568689320e-01 5.003203380276023404e-01 4.680135401497965142e-01 4.879801213478431321e-01 5.254952149447964516e-01 5.078543059228197709e-01 5.140853243616957391e-01 5.235704756618554390e-01 5.300512760838247406e-01 5.234825457660918779e-01 5.333477747430471760e-01 5.474596993934249811e-01 5.443481869396559203e-01 5.441914399195663110e-01 5.400274662371734591e-01 5.221018854204551030e-01 5.424351505476319169e-01 5.365657006839159582e-01 5.247275817760316263e-01 5.488708209703215823e-01 5.400346958225311633e-01 5.480825101011368439e-01 5.433733621006451298e-01 5.458461850718008268e-01 5.472001722368891041e-01 5.540871999162444439e-01 5.485976710673872159e-01 5.439727454598459744e-01 5.502241459443123484e-01 5.547993855126882590e-01 5.579086866922946530e-01 5.478216733034710906e-01 5.286746198854259671e-01 5.418747354775197422e-01 5.327529744317385241e-01 5.377308141283659859e-01 5.516778094294116919e-01 5.458700572144655760e-01 5.519768220758515254e-01 5.252929316349708166e-01 5.560077299391720240e-01 5.530166515923914394e-01 5.460881035090080493e-01 5.525655924295662658e-01 5.365496669894205262e-01 5.391684977801204370e-01 5.339827047307486030e-01 5.418491091619288547e-01 5.433333529838405562e-01 5.570071919209390598e-01 5.591324702850245520e-01 5.574838551615201032e-01 5.499431562189834866e-01 5.531193714951453400e-01 5.529726065683705505e-01 5.563989546296068678e-01 5.575923675723578610e-01 5.581816264723895582e-01 5.551607440187468212e-01 5.548416794891027903e-01 5.534568789086478091e-01 5.537448574706980153e-01 5.540425859165279965e-01 5.584335771277608718e-01 5.557277884324444139e-01 5.525020875295639788e-01 5.541717805090872195e-01 5.516435681118070367e-01 5.580087662009146632e-01 5.598450470246761901e-01 5.596484060598164723e-01 5.551450748748374409e-01 5.579148521754749845e-01 5.567233451544221223e-01 5.582797767677124545e-01 5.595757708158033417e-01 5.583394221525233014e-01 5.576925182361333055e-01 5.597291075218892020e-01 5.469410541227187617e-01 5.424697960585499468e-01 5.565590258874499874e-01 5.553093034170859532e-01 5.593535127303006504e-01 5.549523891083025795e-01 5.551381676455469094e-01 5.569828736651825096e-01 5.536039507892219769e-01 5.456780415515343208e-01 5.546701366779343001e-01 5.585810935510850950e-01 5.590843398374580886e-01 5.558860168848873684e-01 5.595117636866607791e-01 5.520523925301663581e-01 5.540812293567510816e-01 5.523194780056397413e-01 5.510768190840522607e-01 5.509565394118148829e-01
-1.132325857376429226e-02 1.420389140099497793e-01 2.446352923895503961e-01 4.446860214955760116e-01 3.685689967400791467e-01 4.550809692149356822e-01 1.000000000000000000e+00 6.184075135157095504e-01 6.618865025292313131e-01 6.385328224085694560e-01 6.601071559562785573e-01 7.259676814897552122e-01 6.612421479325248930e-01 6.757177247444547952e-01 7.798408978786521839e-01 7.436706151123687603e-01 6.720215411686102369e-01 6.936093577431894364e-01 6.934571928671223739e-01 6.772574175776991945e-01 6.863401572868461642e-01 7.200997821736285776e-01 6.910263948067911777e-01 6.951154879592333913e-01 7.134560779905522176e-01 7.374108357957365190e-01 7.284800722277015028e-01 7.384944426723979438e-01 7.581405005445023271e-01 7.603240672770026354e-01 7.659877792323437351e-01 7.604006468558953680e-01 7.290592239842405009e-01 7.574443011170618467e-01 7.341024508472974164e-01 7.412006045881577299e-01 7.590125554904002536e-01 7.643686949673134112e-01 7.724367628445044653e-01 7.630388929909405205e-01 7.639776135893984188e-01 7.753380744938261904e-01 7.725537539243637619e-01 7.772404123544951471e-01 7.662163758477275044e-01 7.741318144150256542e-01 7.734494509584523003e-01 7.754598936398444664e-01 7.731504008547661622e-01 7.567137796062177735e-01 7.747021599601887631e-01 7.469418646426796426e-01 7.515407815912661382e-01 7.653856311699412940e-01 7.579701135512439958e-01 7.634910279415025869e-01 7.391088070527553899e-01 7.689098348008469586e-01 7.712222950068134963e-01 7.626413367597810744e-01 7.713512767548458271e-01 7.514382614161435603e-01 7.521142604327257786e-01 7.527292411427196628e-01 7.554602813050478316e-01 7.555347454679437469e-01 7.760188400302264755e-01 7.712070642234064577e-01 7.780525877230278775e-01 7.780314657417336521e-01 7.712311051184674859e-01 7.727949968951401960e-01 7.681044464601261001e-01 7.703308116507853187e-01 7.730256716460238708e-01 7.741254481291848233e-01 7.782216746633012772e-01 7.763629843801469477e-01 7.774521658018835879e-01 7.720114010988388120e-01 7.734687435326084159e-01 7.808151306666940572e-01 7.742100283503591251e-01 7.707273746903678946e-01 7.759494302445005820e-01 7.784563060201311613e-01 7.795699252983282479e-01 7.854245699012837312e-01 7.806870533374512533e-01 7.816324573243373930e-01 7.785921302796477983e-01 7.815109193616104344e-01 7.804650699986147577e-01 7.831772034955597483e-01 7.784929922261865087e-01 7.787460258342173702e-01 7.770606560401934759e-01 7.714303368630788249e-01 7.813730976126792571e-01 7.846143029339547326e-01 7.843878510445643215e-01 7.766699905789943292e-01 7.744862264786072092e-01 7.795854441392073841e-01 7.761079749539057104e-01 7.658375414832390149e-01 7.808865109674070215e-01 7.780280696685760722e-01 7.777362117150659060e-01 7.764340151874982165e-01 7.826889025278522816e-01 7.732627332393100517e-01 7.750910482895297937e-01 7.738612407699062556e-01 7.707310341617491511e-01 7.685249701153906710e-01
5.952780339898531593e-03 9.810761376579132942e-02 1.933953254227046281e-01 4.179930491197338394e-01 3.706756826925948212e-01 4.038757191334376162e-01 6.184075135157095504e-01 1.000000000000000000e+00 6.017584477524314801e-01 5.950425598153320506e-01 6.135039177503018859e-01 6.737191494214148646e-01 6.350588843129928440e-01 6.259822021055846397e-01 7.035195727126034582e-01 7.150803916680592565e-01 6.283897564747693565e-01 6.203998289893144502e-01 6.372672046529658241e-01 6.014988600382631390e-01 6.393243775355957892e-01 6.664953375335798125e-01 6.261197605002575273e-01 6.133335416457778022e-01 6.348378280595327050e-01 6.709183301254596499e-01 6.660620912738622890e-01 6.608607866680108467e-01 6.943050700794364261e-01 6.895231131682451053e-01 7.086837317141279069e-01 7.035720179758546688e-01 6.586797076351014191e-01 6.997879959902121305e-01 6.756198307360881117e-01 6.975399670026337651e-01 6.964311763869976968e-01 7.118388464016007777e-01 7.212373100183760988e-01 6.991113036672236269e-01 7.082831191110674496e-01 7.148385119331711612e-01 7.232146556568602724e-01 7.252557320905244076e-01 7.014999808174222640e-01 7.190046194948617186e-01 7.228328443349794075e-01 7.246507402334284587e-01 7.205396563474146809e-01 7.102778554633711883e-01 7.274797044195323581e-01 6.993467512942004305e-01 7.043460064239780438e-01 7.097269362425165928e-01 7.046671006390662351e-01 7.131737516802389987e-01 6.926975754580999567e-01 7.142001946597763551e-01 7.174855333787318878e-01 7.164225425422577898e-01 7.192338666052059404e-01 7.002804862643533523e-01 7.021832482079098936e-01 7.123556915277695634e-01 7.110675283474343633e-01 7.097056629112336035e-01 7.224700219277130353e-01 7.104029996295129212e-01 7.162650092603567442e-01 7.169050229510222083e-01 7.151643240224584419e-01 7.160212148799250942e-01 7.055532609942579692e-01 7.042608023248578819e-01 7.133115533453266988e-01 7.164588769097298693e-01 7.113412444714316551e-01 7.186590262275651675e-01 7.169342763703232535e-01 7.186917756244851629e-01 7.153917266885259085e-01 7.233796260096532205e-01 7.214269462205987749e-01 7.190829474740166871e-01 7.236703310038251624e-01 7.220568668830888992e-01 7.230565599166542956e-01 7.283377120397487303e-01 7.265042136308900167e-01 7.282201481947147004e-01 7.137248137473761744e-01 7.262035450057913177e-01 7.240197101505120303e-01 7.251633556475736153e-01 7.234982495161993432e-01 7.258007541123138173e-01 7.203700788960103463e-01 7.225187572495186394e-01 7.267155022325950675e-01 7.290570106176429421e-01 7.298765532337015971e-01 7.277075541845520190e-01 7.243626974949580744e-01 7.282377481917756690e-01 7.245902645646766782e-01 7.170137328784375041e-01 7.264264676226844797e-01 7.267098992940133062e-01 7.234590984064772634e-01 7.236989750658542331e-01 7.280827825122342389e-01 7.217399852098317359e-01 7.230856336218787206e-01 7.239903673739301881e-01 7.215682383418141610e-01 7.186506828608274500e-01
5.846893859336121935e-02 1.488888716257243672e-01 2.298690427680359916e-01 4.853455992915701178e-01 3.924670552747255847e-01 4.806387069023306813e-01 6.618865025292313131e-01 6.017584477524314801e-01 1.000000000000000000e+00 7.282870617797233548e-01 7.178237878863885646e-01 7.810405033682485954e-01 7.106671727044425735e-01 7.334128956592445014e-01 8.125972187309824513e-01 7.876145227178458219e-01 7.570744326573428662e-01 7.680868229562785032e-01 7.818817021842040527e-01 7.428717846551570192e-01 7.797856591438743212e-01 8.062025790960031246e-01 7.732999859357119199e-01 7.678272368106310308e-01 7.811911812180216685e-01 8.147621370022537501e-01 8.046930007263926043e-01 7.934169723346953251e-01 8.243068952289543949e-01 8.368059162122242212e-01 8.434451363681803038e-01 8.291164233305199360e-01 7.879461001367226158e-01 8.189054823289849683e-01 8.113277591807769307e-01 8.026172374126768760e-01 8.281751387058294833e-01 8.273035486487605450e-01 8.347150741338931201e-01 8.056275086174485844e-01 8.373698741732990003e-01 8.273776952006783869e-01 8.268590624404207334e-01 8.437983788919127814e-01 8.375748552708137673e-01 8.301267534901860534e-01 8.474433598932077372e-01 8.536416885285800227e-01 8.478890555001831197e-01 8.199395614826390233e-01 8.320744614970587705e-01 8.184523958987542924e-01 8.277881154668357278e-01 8.510432974632364811e-01 8.445922809421410049e-01 8.396316918649554539e-01 8.341331126682761665e-01 8.457977067715841679e-01 8.428032023826604879e-01 8.557407722907597325e-01 8.469406441855940049e-01 8.410564737100845178e-01 8.370673115487945459e-01 8.409827701159201530e-01 8.468590025579579850e-01 8.476954208349084530e-01 8.501237005701269833e-01 8.517768532530578529e-01 8.515988644794166840e-01 8.533648563139832888e-01 8.538222498700557272e-01 8.526951934395406996e-01 8.482319144731143012e-01 8.492520522068300881e-01 8.513453068355344433e-01 8.495849493804915609e-01 8.473667090819154701e-01 8.522071738845916622e-01 8.451932198144365138e-01 8.551704931569135137e-01 8.498500006077379654e-01 8.533957727047146724e-01 8.520341515397698018e-01 8.456061937661409900e-01 8.384120142291522360e-01 8.495828124898940903e-01 8.499570562056504297e-01 8.477558862232873471e-01 8.501716711492256495e-01 8.498416098935103191e-01 8.390573760036872386e-01 8.508188218223869947e-01 8.495894683104946443e-01 8.512321374730894563e-01 8.555894170188853565e-01 8.534993908920142092e-01 8.316876912473663008e-01 8.409060514236501582e-01 8.475503018282189993e-01 8.450782505974091530e-01 8.485029528360352735e-01 8.483796840024377950e-01 8.499006278688194804e-01 8.515055223172236509e-01 8.516460614015417541e-01 8.438578324227528071e-01 8.534627998899173562e-01 8.539386302744168544e-01 8.543189557845031201e-01 8.553114925053703077e-01 8.484337299006929900e-01 8.565627579944398162e-01 8.510895528221575912e-01 8.499769363161211455e-01 8.523108453456110789e-01 8.528486714590514106e-01
2.644443478894556790e-02 1.618099747420528312e-01 2.201626366084988295e-01 4.570241762844781674e-01 3.638869034482395404e-01 4.643702153541716116e-01 6.385328224085694560e-01 5.950425598153320506e-01 7.282870617797233548e-01 1.000000000000000000e+00 6.824101985117503322e-01 7.491135755892031067e-01 6.868200985923015311e-01 7.022383605632632753e-01 7.814329508812960512e-01 7.550532291267139096e-01 7.117824121807956317e-01 7.252453656832884565e-01 7.259628760362601962e-01 7.058685661929119393e-01 7.261685595752481737e-01 7.593731204069271712e-01 7.366528543598981349e-01 7.321702719682295912e-01 7.431312084671299889e-01 7.785114702100370820e-01 7.683398913854515566e-01 7.669795216474695199e-01 7.893036396868918780e-01 7.974772323314676115e-01 8.047311098667573326e-01 7.923987492615187644e-01 7.535250569978599877e-01 7.856181943915504506e-01 7.686908202481518293e-01 7.631638280610323344e-01 7.907465254682618516e-01 7.916686928393187328e-01 7.985991927219641129e-01 7.795912144518998277e-01 8.032780439979989584e-01 7.953322630031475216e-01 7.973054437718225529e-01 8.091614066723226140e-01 7.949595154434989652e-01 8.039668048252900379e-01 8.115335601051330006e-01 8.182860042401569611e-01 8.054348443892725973e-01 7.785396251128658962e-01 7.976633071713102874e-01 7.791846342582134932e-01 7.831297372739107754e-01 8.145823998149190892e-01 8.096351061991255982e-01 8.100743063552052758e-01 7.885352172776917135e-01 8.103590754933142071e-01 8.097308475612227108e-01 8.141953464517160954e-01 8.082629360016142517e-01 8.033033895134165103e-01 7.974624802968743875e-01 7.937296331677461403e-01 8.044329742475466727e-01 8.056616674941121659e-01 8.131932944570606780e-01 8.129934738303559172e-01 8.156851906942961250e-01 8.136153540504814652e-01 8.108708391650576441e-01 8.121427286980354987e-01 8.105591595944463545e-01 8.121084150921317191e-01 8.155046723870089664e-01 8.144409814101832845e-01 8.126551348148097764e-01 8.150712435659680510e-01 8.127324229242260945e-01 8.155409437597241906e-01 8.123744511795374379e-01 8.184399943902247454e-01 8.131351860789663988e-01 8.113652611877257836e-01 8.034654370968519199e-01 8.122112301681218005e-01 8.146975377039902266e-01 8.142944525177093773e-01 8.132702096180579598e-01 8.171193287786018278e-01 8.073595976929973661e-01 8.156012681255839780e-01 8.145672639329287756e-01 8.176414225368909827e-01 8.183934572584999900e-01 8.182309035013864973e-01 7.970810175764321270e-01 8.005229083351719233e-01 8.099569209930141955e-01 8.088644222123582139e-01 8.133563901685032516e-01 8.098847846307001275e-01 8.103486176216470049e-01 8.129670660751963096e-01 8.107076918152237299e-01 8.043932559501302260e-01 8.167021286724888141e-01 8.180776813691538196e-01 8.195953398163262626e-01 8.165170727428465725e-01 8.144207226762584240e-01 8.172804468115945076e-01 8.118209377225146239e-01 8.100310361700981954e-01 8.108184371116970990e-01 8.115375827887119087e-01
-3.100524759012733642e-03 1.330135587040607303e-01 2.457540824273612701e-01 4.939622216704375735e-01 3.742036646642032394e-01 4.861922284098786906e-01 6.601071559562785573e-01 6.135039177503018859e-01 7.178237878863885646e-01 6.824101985117503322e-01 1.000000000000000000e+00 7.859426872888087834e-01 7.000907333064994020e-01 7.194706768175940237e-01 7.979482303925585773e-01 7.705711193292011929e-01 7.264109320862711661e-01 7.538463870365949004e-01 7.579825895344424191e-01 7.354332487175037070e-01 7.552661616789679844e-01 7.905719433858775513e-01 7.618937211661118702e-01 7.661146173058989151e-01 7.877039630511932788e-01 8.063287872364520714e-01 7.915129470992869898e-01 7.858017137848736233e-01 8.131475588844887525e-01 8.157693506780375747e-01 8.175575734685056606e-01 8.271319834929075077e-01 7.867492789951543442e-01 8.126250233641636456e-01 7.988052165244926561e-01 7.922798088123811366e-01 8.164628910145982355e-01 8.159430170757190348e-01 8.201499071813730390e-01 8.088684576012207250e-01 8.202789780930598296e-01 8.152533552626294311e-01 8.189019442683461714e-01 8.274338771455893582e-01 8.215341360493449985e-01 8.203612113089365776e-01 8.289850744155338180e-01 8.288202933642242476e-01 8.283659295778289522e-01 8.103208200402599592e-01 8.204995136302637437e-01 8.085361549341608667e-01 8.069335260272285648e-01 8.272212272660509624e-01 8.237647148593407742e-01 8.278150813849394218e-01 8.012989099789880054e-01 8.236029289562567524e-01 8.246968565192477341e-01 8.223693814405488300e-01 8.264255183652946535e-01 8.093609714070947314e-01 8.118748902241199605e-01 8.101044781934179095e-01 8.181027969896530472e-01 8.170888623575358611e-01 8.310806477333259057e-01 8.327358008576376536e-01 8.353488798136220472e-01 8.341207283064294709e-01 8.342295420511929294e-01 8.335743539258501089e-01 8.316017261563933838e-01 8.340649256012858670e-01 8.324636043678070862e-01 8.310820626184731719e-01 8.306976215665667906e-01 8.317183035703730187e-01 8.294204926147054069e-01 8.339342962922698943e-01 8.324856816506593926e-01 8.352424620624798735e-01 8.311763159914655752e-01 8.299970187725612680e-01 8.286382395123544908e-01 8.345474651770117269e-01 8.335852754295235423e-01 8.348947549247032196e-01 8.329473612818334427e-01 8.364379164475793660e-01 8.342383647357587417e-01 8.350725317582559093e-01 8.338432995108193690e-01 8.353884091689134372e-01 8.332529330843601034e-01 8.327676007670754554e-01 8.270768832767722012e-01 8.222756652810201405e-01 8.302851894377993869e-01 8.307101007254832359e-01 8.343280189229164145e-01 8.281129316094606452e-01 8.301114877684698801e-01 8.307464957866186328e-01 8.321136869922983736e-01 8.233698423204874883e-01 8.317495361589531955e-01 8.328882537140428477e-01 8.336484284640450770e-01 8.315498186117745716e-01 8.335708265144957663e-01 8.289936948512316439e-01 8.279407405809559028e-01 8.252890555770163727e-01 8.277510464128399192e-01 8.255642584511786453e-01
6.919980317765708766e-03 1.450304601841960472e-01 2.857864838206410352e-01 5.403476729613665430e-01 4.289931635343068317e-01 5.147132303253802998e-01 7.259676814897552122e-01 6.737191494214148646e-01 7.810405033682485954e-01 7.491135755892031067e-01 7.859426872888087834e-01 1.000000000000000000e+00 7.802474392232493505e-01 7.832713119344096864e-01 8.684896203825276384e-01 8.506733985478603932e-01 7.865977178356100552e-01 7.988999789471333823e-01 8.197266312259817722e-01 7.865752359995868970e-01 8.282317880312131120e-01 8.581812801745185570e-01 8.108084268732179689e-01 8.146564194556958904e-01 8.343576715108009800e-01 8.703180521213143006e-01 8.557381515517388237e-01 8.503727438960304585e-01 8.861933113096069903e-01 8.867948694021035028e-01 8.967976734206375422e-01 8.926855110482205813e-01 8.504840786176065537e-01 8.870576538083357887e-01 8.651173382544207202e-01 8.688615318316030844e-01 8.846690967851832399e-01 8.965311025190735306e-01 9.025436264606985226e-01 8.739443212057801391e-01 8.936051106816144118e-01 8.930880895437849354e-01 8.991841259285191512e-01 9.095383115137117835e-01 8.924911765650351825e-01 9.006122910610644405e-01 9.077699761164447212e-01 9.094607638140146388e-01 9.071730271589081296e-01 8.884669583901472212e-01 9.056668869922058773e-01 8.840966792466621316e-01 8.849186056151573387e-01 9.031007466512422921e-01 8.993763397727354558e-01 8.986959770131986991e-01 8.809772212789508394e-01 9.049259891144590950e-01 9.052159286594019250e-01 9.045357772169788646e-01 9.075477660506674482e-01 8.919580735596565058e-01 8.898334312937115076e-01 8.972621242478150405e-01 8.993202928256274209e-01 8.988239429323586771e-01 9.090436452655880073e-01 9.071297463731559096e-01 9.101350322533267034e-01 9.113820806333080560e-01 9.078121107338367191e-01 9.102773385718389010e-01 9.005819767634462014e-01 9.031678567636756139e-01 9.087809147660281806e-01 9.093868265180511390e-01 9.056600044782557868e-01 9.099576530541544361e-01 9.064985349194587538e-01 9.079830464645007870e-01 9.077317146219808786e-01 9.136774860695960898e-01 9.088950968220362858e-01 9.056962475845866667e-01 9.063308767546731648e-01 9.101202871190194887e-01 9.106561022287890106e-01 9.130035031333418871e-01 9.119023508316822513e-01 9.107608550807745340e-01 9.029308048600021008e-01 9.125545048989172070e-01 9.109798167243574607e-01 9.147819470599011238e-01 9.131951311674965099e-01 9.137235108439928366e-01 9.013149130863901126e-01 9.040011383164400227e-01 9.088471220276636009e-01 9.100561492514063211e-01 9.131150344535109431e-01 9.105019837590822007e-01 9.081773540333202277e-01 9.142839753164209160e-01 9.113619943411811475e-01 9.016613090351666138e-01 9.134331226691633221e-01 9.131745485344897606e-01 9.129150665785675800e-01 9.118815213915771878e-01 9.121147593315808155e-01 9.103856322488143027e-01 9.104409800528536767e-01 9.087828728606743844e-01 9.075533257622624417e-01 9.072428564729255740e-01
7.230066205751153365e-03 1.387552921111624982e-01 2.307835223283981885e-01 4.833766172870977429e-01 3.926448049161115339e-01 4.848998427307413817e-01 6.612421479325248930e-01 6.350588843129928440e-01 7.106671727044425735e-01 6.868200985923015311e-01 7.000907333064994020e-01 7.802474392232493505e-01 1.000000000000000000e+00 7.248809496214544401e-01 8.033826152263405795e-01 7.772433538790873842e-01 7.163064568138922672e-01 7.139400883028070854e-01 7.391284538112297131e-01 6.821976292353684190e-01 7.306729651793102409e-01 7.707663575091706631e-01 7.326454545200450363e-01 7.297574772535754262e-01 7.496830690039286704e-01 7.847623366744673756e-01 7.726837018766216092e-01 7.601377168336129753e-01 7.944064489186797307e-01 8.044088563128082292e-01 8.144156852221994258e-01 8.003948249547635507e-01 7.653128051666922005e-01 7.943809815160803867e-01 7.775260423422164502e-01 7.890558439141793778e-01 8.004867232908746688e-01 8.010828971989719660e-01 8.100760086363998358e-01 7.860268796027829463e-01 8.123584120960263277e-01 8.097218681131057583e-01 8.094443773133669362e-01 8.202547573055516406e-01 8.069383833092007574e-01 8.100597493715078201e-01 8.273274923726836594e-01 8.278687221932349294e-01 8.241355832096932676e-01 8.067222321357948589e-01 8.169456628994806735e-01 7.998011820633597058e-01 8.016980786235343714e-01 8.237510733872446256e-01 8.139949211862098633e-01 8.163069048565581021e-01 8.031878834860920469e-01 8.221991828699732885e-01 8.187958979720338926e-01 8.275542236538322438e-01 8.287756418833834848e-01 8.110381566507378626e-01 8.109920824511509529e-01 8.155310444855760066e-01 8.185613686959100077e-01 8.206989533477802023e-01 8.300793546858479255e-01 8.230133850273535501e-01 8.239532876463647737e-01 8.225424283828017824e-01 8.225223408852126994e-01 8.262026164402114237e-01 8.170541350607045672e-01 8.194744265197755340e-01 8.255602380029536391e-01 8.254694643805623455e-01 8.214157219060933546e-01 8.271852645019569517e-01 8.243083034122608010e-01 8.261815991607562859e-01 8.226107410061916925e-01 8.308665167922052452e-01 8.266053070610517306e-01 8.244534239815599630e-01 8.239910280286344424e-01 8.258072965263444365e-01 8.264495858455078725e-01 8.251572782665953509e-01 8.278589144901535857e-01 8.244345842508867817e-01 8.192018566142089675e-01 8.296382730081113266e-01 8.270616251436047062e-01 8.284417620220881906e-01 8.320244767590625479e-01 8.312373886679853552e-01 8.172501947262496014e-01 8.237323417058115549e-01 8.290621117575810439e-01 8.273577124413330486e-01 8.299328795075000542e-01 8.293637562147733178e-01 8.281180168086992310e-01 8.323464011178787203e-01 8.303773116288671874e-01 8.214344023092357006e-01 8.317467926556746383e-01 8.321726120541143024e-01 8.306321647498098315e-01 8.309253246893618661e-01 8.271162505789151353e-01 8.313913816119974376e-01 8.288476457496485317e-01 8.289330500744531705e-01 8.278421680959007212e-01 8.288650251272591252e-01
