1.000000000000000000e+00 6.776339510839805846e-02 1.734375554270126824e-02 7.301900750163287102e-02 4.431295646538510602e-02 1.685926090603449140e-02 -2.986940744250847490e-02 4.805284570973644004e-02 1.036998851265556604e-01 1.167806922061433855e-02 6.677898321328055130e-03 4.137079553684123306e-02 -3.160575297653887145e-02 -7.397596811749835091e-03 -1.733875299268042985e-02 2.047492998360994285e-02 6.333637768401867429e-02 -1.600454773792503796e-02 -9.757242356802642291e-03 -6.939549739704717335e-02 2.357737216897915974e-02 1.836821845963251473e-02 -1.972038304589777968e-02 -5.066516143334652555e-02 -3.331549730851812718e-02 -7.040822919226072613e-04 1.143634219383520174e-02 -2.613668058913744610e-02 -5.681608520965102972e-03 1.537032524998389708e-02 -8.058848200380589258e-03 -2.644423953754151610e-02 -1.794389066473508348e-02 -1.355894285278830790e-02 1.748100963136429292e-02 7.112801749034117910e-03 -6.845993888867031932e-03 -1.745190169403427680e-03 -1.212306437491856995e-03 -6.161604244256251722e-02 -5.793844861985217830e-03 -2.169548428129701445e-02 -2.243834708506131301e-02 4.770135229363877717e-03 -9.261993061678167397e-04 -2.298622819979226350e-02 1.097805835042777074e-02 1.743356152008766757e-02 2.052136579201602889e-02 3.242068324580801852e-02 1.684723248307704035e-02 3.303419641364983145e-02 1.576518944702048203e-02 3.391609557744859615e-02 1.733252235859416429e-02 -1.215731984121431845e-02 6.219615570215908384e-02 2.138473368160235047e-02 1.375798555288497253e-02 3.988718532603176964e-02 1.768418374864271295e-02 4.005285223134891215e-02 4.161478547041618653e-02 7.038980245985483608e-02 5.013088770845755548e-02 4.504444208664429294e-02 9.293316091490607875e-03 -7.735758340352196644e-03 -5.742245716340612684e-03 -1.152822023212474352e-02 -1.302744182486998597e-03 1.399971781853262542e-03 -1.988295886038163318e-02 -1.291270369953942572e-02 4.676568830746943330e-03 8.142650091434511846e-04 -1.410980497881432136e-02 5.642331642130392474e-04 -1.114562579822189758e-02 9.203601135023531041e-03 -2.782422701196536705e-03 -1.665307956705292664e-03 1.312056975779577438e-02 6.271784477289807369e-03 -1.094177438999371791e-03 -8.917554140122976869e-03 8.350171136517521445e-04 -5.611057607730632335e-03 -1.961642298819899909e-04 -1.377239712130547448e-04 -1.715793376414385257e-02 -6.979627529612052531e-03 -1.403345303890944285e-05 -1.073232365859421063e-02 5.079846108793106309e-03 1.691763888098528346e-02 1.142786664511480019e-02 4.565145366700756879e-02 2.015038397087921124e-02 5.211650771879934065e-03 -4.074762696703978365e-03 3.096237305070420609e-02 8.919311775280975782e-03 1.030439758565197816e-02 1.898624782505027586e-02 4.574387283773272139e-02 2.558535867587372059e-02 1.469872623344891001e-02 1.222417259775350311e-02 1.389534649206542079e-02 9.951144566830178589e-03 2.141724713036754005e-02 3.147937398673875814e-02 3.373431116077144770e-02 2.804378175597466508e-02 3.089445377226155212e-02
6.776339510839805846e-02 1.000000000000000000e+00 7.634829381785034064e-02 1.134704669013100881e-01 6.086836517954791193e-02 7.333626864567760473e-02 1.327969902954588555e-01 1.043256696249790366e-01 1.550705621557785241e-01 1.628202100747192516e-01 1.316378288261237928e-01 1.427148292038939170e-01 1.013448848017583920e-01 1.505292374416547785e-01 1.523179117752876954e-01 1.476061310367488000e-01 1.452161031159217852e-01 1.472261115273444942e-01 1.492906833881270934e-01 1.163977362707378088e-01 1.328548812110477984e-01 1.468972019102563753e-01 1.516957398496305287e-01 1.378932378393806224e-01 1.331684053867366602e-01 1.569326813189016734e-01 1.535040465816905064e-01 1.384585067688193782e-01 1.329818323263449176e-01 1.559190354246415833e-01 1.571739289087849267e-01 1.420384338328449236e-01 1.425658627635081610e-01 1.468610932630927401e-01 1.474976387144958101e-01 1.491774509853694697e-01 1.455158385120217113e-01 1.440070045526511133e-01 1.550495562282453721e-01 1.397290384482885173e-01 1.545296237373354198e-01 1.442667149857180531e-01 1.421359929690157176e-01 1.446842511369455242e-01 1.467654527783716911e-01 1.434493574774206859e-01 1.480954869085001901e-01 1.531602177550378530e-01 1.464351133526272108e-01 1.341804937815778698e-01 1.398746221267977707e-01 1.345628721010612705e-01 1.363947426219357939e-01 1.563148416257366391e-01 1.510765519340119267e-01 1.552824160274042520e-01 1.530701150194423432e-01 1.564532042352577423e-01 1.495941567055181498e-01 1.523117464503287444e-01 1.474426357747314342e-01 1.512039934079105197e-01 1.389263936903181451e-01 1.560974436333482651e-01 1.523789493122752192e-01 1.504933037646347116e-01 1.538200186604218311e-01 1.501818758898104678e-01 1.536198883263202031e-01 1.493505770308164171e-01 1.473623521724721219e-01 1.492233460687427127e-01 1.496395701235123388e-01 1.481957436678377760e-01 1.527123696534730124e-01 1.568512377549826919e-01 1.488301609043851115e-01 1.529512566884779767e-01 1.555726094089779910e-01 1.569356192721151344e-01 1.515181437321654057e-01 1.565503670273226955e-01 1.583451704737028065e-01 1.515240099185338751e-01 1.444464438185088795e-01 1.518752972931935452e-01 1.512283956334194990e-01 1.507405183042381247e-01 1.507988171711733272e-01 1.554926965510684267e-01 1.485356041434146290e-01 1.490536187924305922e-01 1.510078089618189789e-01 1.494683186583779799e-01 1.513107192586329863e-01 1.540031504128029916e-01 1.439700741164558206e-01 1.459764161505824331e-01 1.464978868104427900e-01 1.458026291797738516e-01 1.476469424309360678e-01 1.469612748836206240e-01 1.481136631915818402e-01 1.478729406911658550e-01 1.501531966157707565e-01 1.523483754217054009e-01 1.521099643737990337e-01 1.552224178148855493e-01 1.540008261257133637e-01 1.507740879074452034e-01 1.528208481545259290e-01 1.535233217621096713e-01 1.516398545655774366e-01 1.524820206566135650e-01 1.537494718324837195e-01 1.506677850743269320e-01
1.734375554270126824e-02 7.634829381785034064e-02 1.000000000000000000e+00 2.979905058474948687e-01 1.595714900113024415e-01 1.477324870107448174e-01 3.020864535286348351e-01 2.830113142274711113e-01 3.173772790710188141e-01 2.917234907908577979e-01 3.547733977966125440e-01 3.644370403915476175e-01 2.997620366171073192e-01 2.665295317120983110e-01 3.561097591863294221e-01 3.506630518633399585e-01 3.421235958482527484e-01 3.482589537654920964e-01 3.578389662757678336e-01 3.191461606296989717e-01 3.548826209394637110e-01 3.638586427032779458e-01 3.647572286167730660e-01 3.510036604788062120e-01 3.563068827417698592e-01 3.759002329963070932e-01 3.560173921340636927e-01 3.629773089627689187e-01 3.668340675513481752e-01 3.664726407482304382e-01 3.694383760788539917e-01 3.646265452790610206e-01 3.590152725740786699e-01 3.632606891417100026e-01 3.638619085263019026e-01 3.596941750750171640e-01 3.571787702673998033e-01 3.629516833836564094e-01 3.713105215993020014e-01 3.635439762018927157e-01 3.708508519904011314e-01 3.695372053713857352e-01 3.550841804100016152e-01 3.604937167196409775e-01 3.746650410075697546e-01 3.607728446039532577e-01 3.603585420710834764e-01 3.603662571832503270e-01 3.637360034938498243e-01 3.678405539809235791e-01 3.608586579699786245e-01 3.740725224611224364e-01 3.614056664303586519e-01 3.630652476948910690e-01 3.520573607416898620e-01 3.775771672812850976e-01 3.595025628899175540e-01 3.571526525300594557e-01 3.526613652669486343e-01 3.598351590007035083e-01 3.634150062039318563e-01 3.572499586898509327e-01 3.468979855442642646e-01 3.565721298574704989e-01 3.631367259179777984e-01 3.617052664907027260e-01 3.695331480898469967e-01 3.699798490198484835e-01 3.702441218106642951e-01 3.718999805378753187e-01 3.683374295260585241e-01 3.723507106130075628e-01 3.661374542241105923e-01 3.691541864306596699e-01 3.756785400103234696e-01 3.723571343118742272e-01 3.701146322095346664e-01 3.744907650141696687e-01 3.670916114525704099e-01 3.679800438774964988e-01 3.640383052299492883e-01 3.685928167935942357e-01 3.750968370910851557e-01 3.726987823825715918e-01 3.756134519864210985e-01 3.720135322222177798e-01 3.601664776775203025e-01 3.745130940413414766e-01 3.737317729010241618e-01 3.751160562837790313e-01 3.730523625510040464e-01 3.720597465141669558e-01 3.733569521358784393e-01 3.687709739079634286e-01 3.669908346933621335e-01 3.681539719621098605e-01 3.804044619934925930e-01 3.711428010544519096e-01 3.694988542147101818e-01 3.712204754242032223e-01 3.689341433930438674e-01 3.693084011024381774e-01 3.691508514573122457e-01 3.674805783702352890e-01 3.704661975356304260e-01 3.680375016772006735e-01 3.721607953047596506e-01 3.679702467618490846e-01 3.697025147723029814e-01 3.673480465470214118e-01 3.665047162350897891e-01 3.658958344335186963e-01 3.657887206614089393e-01 3.710305738394564234e-01 3.717852246635456881e-01 3.677535589251295645e-01
7.301900750163287102e-02 1.134704669013100881e-01 2.979905058474948687e-01 1.000000000000000000e+00 3.062951119852395654e-01 2.576728717365853183e-01 5.278972364139853379e-01 5.087507429752863297e-01 5.797951374771573851e-01 5.183590125147428118e-01 5.821161285715358291e-01 6.169947920290002052e-01 5.335602191042173592e-01 4.552364655029965679e-01 6.050415552778701800e-01 6.096829168090639461e-01 5.738002273593745262e-01 5.634690421718944187e-01 5.763605125780567606e-01 5.164283519067514039e-01 6.169666715360050402e-01 6.130651334451973078e-01 5.832768894365450985e-01 5.782998790890895302e-01 5.879877252984138103e-01 6.229426752808080447e-01 6.077991368504209735e-01 6.069738781825415597e-01 6.162988243624585305e-01 6.159780003775164881e-01 6.261964639432548996e-01 6.178687460434887369e-01 6.062032235047631890e-01 6.111889604122754394e-01 6.029421012010082181e-01 6.073364971779104948e-01 6.047551189233336677e-01 6.265687373865622689e-01 6.285815516197926778e-01 5.978631188896650350e-01 6.260939334697177561e-01 6.266439143611335361e-01 6.106799897819618073e-01 6.347923254581090413e-01 6.321177205197571203e-01 6.153672316150825550e-01 6.312032280081112390e-01 6.309093458457739612e-01 6.347060638003787503e-01 6.439310556380251072e-01 6.332346499813324980e-01 6.319584370187989464e-01 6.233463282472878619e-01 6.292206344758830561e-01 6.190825818937447655e-01 6.271328090129852928e-01 6.355519383132964828e-01 6.290029271705662728e-01 6.266643272209572180e-01 6.287156340991056913e-01 6.313145491987359748e-01 6.302617166255068959e-01 6.268666953257409080e-01 6.333749244358215513e-01 6.312461879592010661e-01 6.340485974197594965e-01 6.360184351444406747e-01 6.261969441944564840e-01 6.316457890355471338e-01 6.325295547432427945e-01 6.317276123152508749e-01 6.319310181479779187e-01 6.211132978053106601e-01 6.206496566583135088e-01 6.371527839086408296e-01 6.343616548112965825e-01 6.281530086445331618e-01 6.335826957482523225e-01 6.289242549215257050e-01 6.328961424566346139e-01 6.310455639875676148e-01 6.311890982814496454e-01 6.391134475585922292e-01 6.287252155692583111e-01 6.406245009406812407e-01 6.320513242735606996e-01 6.303635562473823839e-01 6.353638244945213343e-01 6.346349759734828400e-01 6.330894046319239798e-01 6.328546881824288484e-01 6.344885166251630348e-01 6.331569033345521014e-01 6.312496661116545615e-01 6.304617888478494248e-01 6.346753807390904667e-01 6.411289301144393882e-01 6.424613428911241098e-01 6.375719724609207884e-01 6.409889974905818022e-01 6.273309381175284916e-01 6.397893164333826599e-01 6.313170793640866529e-01 6.337582244104997820e-01 6.363182673385575638e-01 6.362064132287255092e-01 6.396457191237882034e-01 6.336355768304826608e-01 6.343166953564619570e-01 6.351708744757589287e-01 6.336129300170187939e-01 6.340674546483200391e-01 6.357002045358179920e-01 6.388917683894130839e-01 6.366906025410238312e-01 6.344414364108147408e-01
4.431295646538510602e-02 6.086836517954791193e-02 1.595714900113024415e-01 3.062951119852395654e-01 1.000000000000000000e+00 1.984599724994255410e-01 4.048806932949930437e-01 3.940993817673197341e-01 4.275361437738441905e-01 3.715457206988645456e-01 4.127198470298911737e-01 4.516263259563199073e-01 4.016693414481241065e-01 3.405876792607718251e-01 4.536915917076585480e-01 4.573556629341350432e-01 4.028954983995099992e-01 4.215898882986353069e-01 4.337403287395237284e-01 3.882777836133430305e-01 4.432805198496739263e-01 4.619999764357797800e-01 4.069619757621411038e-01 4.257410102499468718e-01 4.510513717517716792e-01 4.543019048478214583e-01 4.511558661944047866e-01 4.499099496078677873e-01 4.529746077490931500e-01 4.547226110476391137e-01 4.660085382398389542e-01 4.273065255227870840e-01 4.195557669577705262e-01 4.269899511935535408e-01 4.384958924175244022e-01 4.492629485382112486e-01 4.590652741349935395e-01 4.440848896909966870e-01 4.590294151907553521e-01 4.253242694374070876e-01 4.574477060794949201e-01 4.499676607046428911e-01 4.710597608694293004e-01 4.735277869634341164e-01 4.564027715403823904e-01 4.607216268831205164e-01 4.715486825561713280e-01 4.697626377219306093e-01 4.654356323892313019e-01 4.532464301469945056e-01 4.596570494364123904e-01 4.596769647494440836e-01 4.643931026335979539e-01 4.689507528449946561e-01 4.565670298533412441e-01 4.541690044129220172e-01 4.705169278800133692e-01 4.665398446706328639e-01 4.582788133317324264e-01 4.767253847188126503e-01 4.753728003716800599e-01 4.735267529418942800e-01 4.645592955936745372e-01 4.803516692075702754e-01 4.727058472044066706e-01 4.797292170593839278e-01 4.684757903194572415e-01 4.698290318890424588e-01 4.634979315340609918e-01 4.695362175188695919e-01 4.696870778394869883e-01 4.743717790771423415e-01 4.562042957555444422e-01 4.684088927446466433e-01 4.719365287648124574e-01 4.693696229298018330e-01 4.709362853561272488e-01 4.695060543049424107e-01 4.682953367793798449e-01 4.729679353301410871e-01 4.747929742340097348e-01 4.730641616468276855e-01 4.645415603987878006e-01 4.705131367225228733e-01 4.621544646709630499e-01 4.617305105306149793e-01 4.711424412760563118e-01 4.605293211949595400e-01 4.718381219584275588e-01 4.678780732215265248e-01 4.636111218718043103e-01 4.715472924570517366e-01 4.683496692114397231e-01 4.713768649836454494e-01 4.727772611572327310e-01 4.729693410987987900e-01 4.649577631370426234e-01 4.751717135406526848e-01 4.753566310903469261e-01 4.638927574691010802e-01 4.781437025181579092e-01 4.735949786223123126e-01 4.744331129901123156e-01 4.772723575183440703e-01 4.753926045705201275e-01 4.735040443633201090e-01 4.744037244713849022e-01 4.746179323542775719e-01 4.715955563815040219e-01 4.705573894716379435e-01 4.694680782231249183e-01 4.801983573160296115e-01 4.776298954591941537e-01 4.807240388482051374e-01 4.757302532273050000e-01 4.788900933837697549e-01
1.685926090603449140e-02 7.333626864567760473e-02 1.477324870107448174e-01 2.576728717365853183e-01 1.984599724994255410e-01 1.000000000000000000e+00 3.857068962141235735e-01 3.199952958129960168e-01 3.536598239430168156e-01 3.234687592539636780e-01 3.802869213638185308e-01 3.962838150456431952e-01 3.385013368790121269e-01 2.999633562288171462e-01 4.011632935055250426e-01 3.895778762358830805e-01 3.512470845371910566e-01 3.783558947630266678e-01 3.811665611598824555e-01 3.332486008723390403e-01 3.919602807757675556e-01 4.067633988936877887e-01 3.712837417834560227e-01 3.771025303641974968e-01 3.985629015079519277e-01 4.099127396237922105e-01 3.937105295932609716e-01 4.059654174379239699e-01 3.953721653244576251e-01 3.966445679554210235e-01 4.076435284620264499e-01 3.919664316089441214e-01 3.962765526799304494e-01 4.014895478843168442e-01 3.920437803113232533e-01 4.003961364235394949e-01 4.065321951509064946e-01 4.025213110877243761e-01 4.142441252687959485e-01 4.015036436829820254e-01 4.135698090462404664e-01 4.055964574456636385e-01 4.071756874945337001e-01 4.165665083449721640e-01 4.150592729307829853e-01 4.096907563365175808e-01 4.064312672924011993e-01 4.045581220377933440e-01 4.009664323708397871e-01 4.003636454719397553e-01 4.053946825985444424e-01 4.046540774052931333e-01 3.954051659567493493e-01 4.025282047226487747e-01 3.967290164172425082e-01 4.107691549784917573e-01 3.984207211464486642e-01 4.015833435906122073e-01 3.985528592223226418e-01 4.030519320158287844e-01 4.061912898093248958e-01 4.027896855162305667e-01 3.973024954902275030e-01 4.035968741267109139e-01 4.070712479131990413e-01 4.042584965985812073e-01 4.099095100133569591e-01 4.090004681100170014e-01 4.043665398934139787e-01 4.085348074231077153e-01 4.150714198985489545e-01 4.139219964449780687e-01 4.023246458976752482e-01 4.103693924529716597e-01 4.129814967122672487e-01 4.080663428347340860e-01 4.107942553155554677e-01 4.126863589560466061e-01 4.135352877812958905e-01 4.061969261105972118e-01 4.020766128482150537e-01 4.066471724088890904e-01 4.093717475933765781e-01 4.060061413606368408e-01 4.067087545475122634e-01 4.085634106838723634e-01 4.119651123264591597e-01 4.112370768311440772e-01 4.129219782238598979e-01 4.130995411340381840e-01 4.138685428862736160e-01 4.118782227563007603e-01 4.125431407367703973e-01 4.128293813845334559e-01 4.105504442376118890e-01 4.102173895086337341e-01 4.095765081852328349e-01 4.034140916460468018e-01 4.078252071822208169e-01 4.093380516319692908e-01 4.137153831565761331e-01 4.096866868908964898e-01 4.079266970184174390e-01 4.120204067867944686e-01 4.106060568921150455e-01 4.056937277762060479e-01 4.076170350102373274e-01 4.117015145555208977e-01 4.117121243981873846e-01 4.120330354998890110e-01 4.090313578193094934e-01 4.087142733283364859e-01 4.056561351400483351e-01 4.106685450141412952e-01 4.089909355784026035e-01 4.073607504712960514e-01
-2.986940744250847490e-02 1.327969902954588555e-01 3.020864535286348351e-01 5.278972364139853379e-01 4.048806932949930437e-01 3.857068962141235735e-01 1.000000000000000000e+00 6.358796799418544587e-01 6.874327738669125942e-01 6.430011311733734303e-01 7.182760755398726049e-01 7.741856680351777431e-01 6.784680458971739103e-01 5.812851015159161694e-01 8.068314437857443400e-01 7.651340214194407574e-01 7.044591557996450204e-01 7.361811140201002246e-01 7.565171462761330901e-01 6.788586647613169545e-01 7.402000554756411610e-01 7.738602530760050335e-01 7.669016024873853699e-01 7.652490789102002200e-01 7.759618902518508055e-01 7.931093470582940563e-01 7.807310669302554018e-01 8.045885313456797583e-01 8.041682014032960346e-01 7.939175104653157788e-01 8.150996594945095763e-01 7.939759168982295501e-01 7.852378275466634916e-01 7.889575519139956361e-01 7.814246959807760184e-01 7.857661088070594380e-01 7.997619483514659677e-01 8.012760308958429833e-01 8.134285017280163954e-01 8.008433420781748691e-01 8.089786491230075427e-01 8.099136489186814503e-01 8.075430792255583468e-01 8.060442755300232243e-01 8.070484555878110200e-01 8.159129673602034671e-01 8.021509031262260558e-01 7.992689914930208861e-01 8.004194707314766788e-01 7.809040502395921957e-01 7.912055360241569968e-01 7.770875495786995213e-01 7.862261266552192929e-01 7.914994357429290250e-01 7.881860541328485903e-01 8.121150999500120760e-01 7.718383796140292352e-01 7.948884418361921167e-01 7.881626553930695112e-01 7.938393481325023426e-01 7.987690864741724406e-01 7.895788442419313657e-01 7.698337460270116006e-01 7.768959291413316537e-01 7.842022629985683224e-01 7.891362310948480951e-01 8.073335077066621235e-01 8.105276015897746600e-01 8.105133951327138098e-01 8.112273517476585871e-01 8.097862550679422178e-01 8.094836573652790523e-01 8.059083856765441034e-01 8.106410724748585039e-01 8.150711411972463294e-01 8.148649380537162923e-01 8.202131220755851659e-01 8.184196120508399064e-01 8.183055792803949346e-01 8.070095495141402786e-01 8.114519314253593185e-01 8.123454558272265036e-01 8.094350641946036484e-01 8.124094133525354700e-01 8.091626785462797677e-01 8.141770687332154921e-01 8.164302178538028754e-01 8.160922517810247356e-01 8.176595873624499244e-01 8.151929202134867714e-01 8.231683678905742374e-01 8.165820120842254282e-01 8.138782272589639710e-01 8.203842103555238907e-01 8.092804366186115983e-01 8.067517122543924613e-01 8.032608095379951685e-01 7.863414010544966803e-01 8.048485857589925407e-01 8.086048117207763619e-01 8.145226763356354649e-01 7.967189862563986980e-01 8.049929775266855270e-01 8.088416688641942853e-01 8.048949051894870310e-01 7.872811599739968358e-01 8.033226035949533328e-01 8.065894772729073070e-01 8.083041376199522343e-01 8.091685802735748556e-01 8.066615918018362752e-01 8.042438342856021993e-01 7.993616162950361037e-01 7.992028885653057468e-01 7.992230349722934113e-01 7.999415420067151894e-01
4.805284570973644004e-02 1.043256696249790366e-01 2.830113142274711113e-01 5.087507429752863297e-01 3.940993817673197341e-01 3.199952958129960168e-01 6.358796799418544587e-01 1.000000000000000000e+00 6.803431390236330811e-01 6.178791378328495343e-01 6.760676343134978117e-01 7.355610859224166465e-01 6.311344086996756308e-01 5.572653362614407024e-01 7.264181687452350156e-01 7.437045456565484214e-01 6.785754873374750806e-01 6.640065162360265782e-01 6.829977825019434290e-01 5.950013868004300210e-01 7.063554825235647261e-01 7.222777463959125788e-01 6.793251063194127859e-01 6.791298347335738006e-01 6.978826540002021073e-01 7.252397063506984543e-01 7.201436304641322117e-01 7.217659291203070149e-01 7.304291639902572575e-01 7.405349902150983876e-01 7.516418007367414722e-01 7.343812448158751893e-01 7.196626407840849282e-01 7.252292692617575698e-01 7.325142055032279886e-01 7.350736731795430856e-01 7.325630671581097042e-01 7.536821733303572524e-01 7.504894683447204118e-01 7.057530184846387833e-01 7.498965619061985777e-01 7.489403164757438836e-01 7.453061803885773218e-01 7.650812628783154601e-01 7.476833915966726307e-01 7.474296211975559601e-01 7.631860929092799672e-01 7.591841316940028950e-01 7.598818707332003486e-01 7.592445557468424644e-01 7.578020921683743527e-01 7.479187469911564579e-01 7.471076074599704020e-01 7.629241411315240695e-01 7.566759250360890476e-01 7.422845123166377235e-01 7.664716600875214336e-01 7.672844065075712372e-01 7.590539271737697380e-01 7.665122651817568578e-01 7.669793164149426579e-01 7.705481260848570102e-01 7.622369115423006658e-01 7.679585326465152573e-01 7.604905932381503808e-01 7.680953196183160081e-01 7.641844472633264607e-01 7.566135219582874605e-01 7.601896762932630613e-01 7.551538957405949937e-01 7.557230180451892654e-01 7.600044942437302886e-01 7.480151855526461224e-01 7.525566591739853983e-01 7.640285482363772251e-01 7.580089954434412469e-01 7.554060816512387921e-01 7.599034568332285744e-01 7.543706234728732030e-01 7.633375848913016570e-01 7.592655481159574782e-01 7.620805140807612732e-01 7.631340111032909324e-01 7.621030411364414503e-01 7.618359048483328566e-01 7.583229570094157657e-01 7.594243057390462903e-01 7.632875415101535443e-01 7.639057125012639338e-01 7.617314260354522970e-01 7.548834014815115623e-01 7.639996441495008339e-01 7.618227955656217132e-01 7.627758366239928423e-01 7.649698773819427755e-01 7.674965414792581653e-01 7.649633592482417699e-01 7.671945779502211682e-01 7.702731321263566189e-01 7.639286291790970962e-01 7.646219782259230380e-01 7.741509360643814563e-01 7.649675233225634585e-01 7.681608579282618310e-01 7.629248788055962294e-01 7.691138100922531029e-01 7.700195387120395418e-01 7.663615305788396004e-01 7.669784977203316645e-01 7.686275976253785780e-01 7.675693254928152021e-01 7.682012769055714951e-01 7.715234520626265136e-01 7.707740550581527739e-01 7.628348714681935094e-01 7.675537722164617049e-01
1.036998851265556604e-01 1.550705621557785241e-01 3.173772790710188141e-01 5.797951374771573851e-01 4.275361437738441905e-01 3.536598239430168156e-01 6.874327738669125942e-01 6.803431390236330811e-01 1.000000000000000000e+00 7.030688812582788216e-01 7.708731719648911351e-01 8.165692745334079961e-01 7.306202568567675693e-01 6.251543405003570086e-01 8.208375645038265001e-01 8.285046000620799322e-01 7.841568751830748640e-01 7.400646720034784742e-01 7.713537951520884617e-01 6.387498996796048267e-01 7.938922324325532465e-01 8.173627940724886853e-01 7.530475510015990359e-01 7.539329598076704997e-01 7.850131603789903822e-01 8.125250615100184648e-01 8.190425072464335710e-01 7.982704852377791038e-01 8.105648239463418836e-01 8.390537432771548731e-01 8.492100169342957638e-01 8.103190069266598128e-01 7.795992881156218468e-01 8.041491595675445136e-01 8.117983732340655623e-01 8.173377737752649530e-01 8.313990997360035662e-01 8.321791553179002099e-01 8.385626645004634616e-01 7.706168066612227863e-01 8.463577807946671694e-01 8.290301944388221989e-01 8.196646337482754729e-01 8.509984141959900938e-01 8.359120897354812563e-01 8.292922309793143709e-01 8.645401618165422519e-01 8.726907468856289762e-01 8.677279636845972588e-01 8.508848168773414100e-01 8.524670466223949195e-01 8.486956039402880903e-01 8.496108271024542802e-01 8.746887600454703593e-01 8.592129598629003606e-01 8.373436210933778989e-01 8.794756410950909098e-01 8.623146670150143578e-01 8.598432081492441981e-01 8.747468120837492700e-01 8.643918974597966098e-01 8.736919584206037648e-01 8.631766414217650896e-01 8.814731054628457407e-01 8.752826419785418866e-01 8.797931383942133587e-01 8.648327425693407289e-01 8.546383054733807105e-01 8.519282767439336768e-01 8.468061156847694892e-01 8.554652249680816389e-01 8.619874241866114506e-01 8.407104107358471801e-01 8.491701270666937029e-01 8.600647998292838547e-01 8.597345343197975165e-01 8.514301834639139699e-01 8.586285921953923372e-01 8.481480429947489963e-01 8.673495208662606037e-01 8.610726876619527737e-01 8.645934473008308752e-01 8.655859672538817051e-01 8.628880786367063571e-01 8.540565017484481602e-01 8.529980885803237767e-01 8.561686633768024191e-01 8.549964762314034017e-01 8.588055234051954479e-01 8.575304137946243577e-01 8.400641910354105235e-01 8.555250500758072585e-01 8.579664908383605182e-01 8.567021677042468975e-01 8.670350631629303306e-01 8.714117583125277067e-01 8.572107814318220553e-01 8.784562532198995077e-01 8.705104149002121927e-01 8.609712378963353396e-01 8.559117787696070012e-01 8.729729077929216929e-01 8.673010799428537698e-01 8.672317122233886844e-01 8.710747939640244297e-01 8.791857839926833229e-01 8.761025535983975043e-01 8.727043786995738461e-01 8.675227976485658798e-01 8.685465891974316621e-01 8.665517932824423619e-01 8.743051059497458644e-01 8.764186745076248952e-01 8.784887906782212763e-01 8.765294034507461474e-01 8.766491613436067087e-01
1.167806922061433855e-02 1.628202100747192516e-01 2.917234907908577979e-01 5.183590125147428118e-01 3.715457206988645456e-01 3.234687592539636780e-01 6.430011311733734303e-01 6.178791378328495343e-01 7.030688812582788216e-01 1.000000000000000000e+00 7.113167990031891152e-01 7.525230033801146856e-01 6.694403254113864277e-01 5.908699177451880447e-01 7.636516155754085045e-01 7.590446033336054610e-01 7.108138159098242870e-01 7.044073561069631451e-01 7.254303752866497756e-01 6.607010759393986410e-01 7.260753764619737316e-01 7.471961979962301603e-01 7.182050290663257730e-01 7.325109327811512028e-01 7.404268402648497283e-01 7.667420085507388183e-01 7.605743848798984796e-01 7.605956444973079877e-01 7.535363256051336167e-01 7.713834404354825702e-01 7.871854874670499713e-01 7.805634226172908363e-01 7.437051186980059292e-01 7.653318967011676355e-01 7.579004895100537320e-01 7.564455931817148926e-01 7.743275716707762601e-01 7.803328711464150302e-01 7.824807234971716818e-01 7.498763628680079618e-01 7.955918537867896490e-01 7.831251621614055969e-01 7.726794134458282448e-01 7.877148588676571306e-01 7.813243891476142622e-01 7.802400806736333738e-01 7.961689777671283608e-01 8.012901778851517776e-01 7.913567192756183477e-01 7.735027379483051524e-01 7.812301627251007075e-01 7.733936776214345166e-01 7.744253239208389594e-01 7.976139374610021759e-01 7.860638839846423309e-01 7.874701003652750941e-01 7.801716922885789662e-01 7.894491673662842324e-01 7.884242202398823451e-01 7.952846078387341144e-01 7.918240022247343690e-01 7.901362794147315238e-01 7.746030570787535430e-01 7.836492757519818442e-01 7.852142036477138820e-01 7.914927301148511063e-01 7.992759002939960888e-01 7.976113780761693306e-01 7.988062943744833611e-01 7.963355008881642938e-01 7.953761998334196726e-01 7.962364298364130732e-01 7.918100810623647234e-01 7.918690314983888312e-01 7.995094896013994479e-01 7.957000255052469884e-01 7.956568044605675238e-01 7.958667160176151611e-01 7.930448546251823716e-01 7.976914003621338178e-01 7.948472036403367857e-01 8.010576597798589882e-01 7.990718571345458709e-01 7.958180577049817073e-01 7.955504659879212292e-01 7.975687506880380084e-01 7.967081849058522680e-01 7.980686519611092100e-01 7.978093839481202876e-01 7.984775178818216412e-01 7.921968981768712226e-01 7.987115927843181362e-01 7.965074446474527115e-01 7.980094620539266437e-01 8.001314641370044223e-01 8.026867570473331659e-01 7.899885656452559912e-01 7.885660180798029772e-01 7.942099963907671700e-01 7.956443217166867532e-01 7.948812165394437690e-01 7.930249017517920773e-01 7.974083499843401812e-01 7.974638458510825423e-01 7.974311051042679566e-01 7.903366334879001753e-01 7.996108767745476742e-01 7.998319789768550958e-01 8.003694247074943924e-01 7.995347373195940133e-01 7.985519643316733029e-01 7.992940843359688241e-01 7.970085363248676780e-01 7.950619404723923145e-01 7.982388851549575559e-01 7.957735316964105188e-01
6.677898321328055130e-03 1.316378288261237928e-01 3.547733977966125440e-01 5.821161285715358291e-01 4.127198470298911737e-01 3.802869213638185308e-01 7.182760755398726049e-01 6.760676343134978117e-01 7.708731719648911351e-01 7.113167990031891152e-01 1.000000000000000000e+00 8.442578319842769519e-01 7.339323295153429294e-01 6.373662813062331844e-01 8.530269916723351997e-01 8.336921680918467636e-01 7.778644575115591930e-01 7.951917644112356243e-01 8.178574553082645915e-01 7.044935818914725978e-01 8.166818532856012780e-01 8.402740898322730301e-01 8.091481081518581142e-01 8.264620421661266203e-01 8.363412348950962638e-01 8.576499903084138232e-01 8.431144443458944426e-01 8.554817599626619584e-01 8.467778368180931547e-01 8.651253118635635619e-01 8.792098206674205940e-01 8.565829544935047446e-01 8.310761058516445976e-01 8.527575295099076857e-01 8.441085888989565689e-01 8.484204745859036390e-01 8.746476890444715435e-01 8.667736194866119126e-01 8.741610427759558544e-01 8.419599208329071605e-01 8.740517080191593235e-01 8.719077736358543662e-01 8.610714673081680814e-01 8.763047638480890855e-01 8.738403856588354834e-01 8.694921542636903089e-01 8.813962249207712985e-01 8.798724684564200871e-01 8.776510484111609278e-01 8.670334930651133476e-01 8.678787777316773200e-01 8.648174373713295449e-01 8.650500726965701936e-01 8.781484703040766115e-01 8.665426951885065732e-01 8.761478801682232032e-01 8.641654139012080460e-01 8.727188237544249994e-01 8.683474331128782087e-01 8.730117125975360715e-01 8.767651916137122470e-01 8.752562028390185045e-01 8.594393728718316972e-01 8.642407189756599051e-01 8.674907202373388637e-01 8.756501896329375034e-01 8.823733732793193063e-01 8.856160867748423815e-01 8.812988384535145325e-01 8.791092282795521795e-01 8.858604087687684814e-01 8.859258581299380708e-01 8.769419291283528928e-01 8.835237169152242442e-01 8.894204780430207125e-01 8.851088826396988907e-01 8.830873200230282549e-01 8.849622058497641497e-01 8.833145986652543025e-01 8.865521174063004661e-01 8.837473976049682323e-01 8.871842338368209901e-01 8.848737156888022426e-01 8.834122116324342189e-01 8.839371237878156373e-01 8.848240575050728696e-01 8.846796039718957116e-01 8.858985509124457369e-01 8.872713815385759872e-01 8.860110633973596883e-01 8.839371322080017412e-01 8.862475354085725954e-01 8.859071845254968824e-01 8.878713759088158186e-01 8.852951865485042537e-01 8.864042401878963195e-01 8.809314651172448496e-01 8.756448783734321895e-01 8.817035114695616072e-01 8.832455881668733744e-01 8.850941637619217373e-01 8.804265947181747487e-01 8.842891097363958508e-01 8.856566272754632374e-01 8.843797971574463013e-01 8.763710479775156381e-01 8.854898797918542286e-01 8.844643866709664959e-01 8.868610448240282773e-01 8.849062741254672959e-01 8.819631899483715287e-01 8.838765338264129579e-01 8.818997878099034127e-01 8.828086132087116233e-01 8.809846193076077414e-01 8.821909001732336497e-01
4.137079553684123306e-02 1.427148292038939170e-01 3.644370403915476175e-01 6.169947920290002052e-01 4.516263259563199073e-01 3.962838150456431952e-01 7.741856680351777431e-01 7.355610859224166465e-01 8.165692745334079961e-01 7.525230033801146856e-01 8.442578319842769519e-01 1.000000000000000000e+00 7.788850601177433886e-01 6.727092070571148996e-01 8.940578435865920159e-01 8.866528179716346436e-01 8.254041076769964569e-01 8.196847991050320026e-01 8.506802559043299405e-01 7.424067652658923322e-01 8.736491765514110552e-01 8.841796777616786063e-01 8.355343661427934165e-01 8.491849707780058099e-01 8.679315562183778088e-01 8.948526521334950745e-01 8.910110278096917691e-01 8.950109346087559148e-01 8.907998477260347103e-01 9.056382491076416796e-01 9.240174347547166489e-01 8.952068222523107410e-01 8.786838435271061565e-01 8.900723906099784477e-01 8.914727900954046991e-01 8.899764171065777107e-01 9.080385511554177613e-01 9.122582904595355480e-01 9.215182527190897144e-01 8.775225800146779775e-01 9.182769117367094447e-01 9.180442215451185550e-01 9.139786847399876679e-01 9.325193125478773437e-01 9.185611258055214057e-01 9.163886946600513506e-01 9.307318232823227344e-01 9.303705330060110246e-01 9.281926461621309299e-01 9.173969600356739473e-01 9.209098226405949550e-01 9.149271232556264177e-01 9.163402402776171796e-01 9.269074794117156957e-01 9.182940400633542444e-01 9.194050157960703684e-01 9.193070030780309265e-01 9.266738293977627716e-01 9.215345379454576991e-01 9.322887967875388426e-01 9.290796817803124164e-01 9.312134779503710158e-01 9.155738761489943256e-01 9.227270075069207156e-01 9.222298894325992036e-01 9.307170899003393005e-01 9.316691180764078428e-01 9.293566379937363564e-01 9.267291881799607500e-01 9.279173804190198327e-01 9.331846123488690692e-01 9.333129761213716513e-01 9.205696006253892838e-01 9.272397296333881878e-01 9.355936945588855247e-01 9.325509009665434723e-01 9.295916532730347237e-01 9.328233411732301805e-01 9.273679798682429309e-01 9.338366060983851469e-01 9.315525392180322717e-01 9.357211694039672123e-01 9.312470033794493229e-01 9.335569922671188570e-01 9.311629517468182904e-01 9.297860682472088856e-01 9.320386984570813160e-01 9.338289855798144190e-01 9.345047386247464782e-01 9.320668880134380663e-01 9.295942504861576250e-01 9.355578674677432760e-01 9.326257865740956721e-01 9.349451641381300027e-01 9.350579547877955200e-01 9.368004948071458893e-01 9.297931438300311990e-01 9.295783655691183256e-01 9.348933962430451272e-01 9.320681060104589744e-01 9.345042382753944166e-01 9.341572849532764344e-01 9.342335190806094758e-01 9.370982902311765228e-01 9.346956486915733997e-01 9.300611948376472649e-01 9.360791557915657535e-01 9.348658353850399783e-01 9.358348441467229106e-01 9.356765347240670883e-01 9.340074501772279714e-01 9.361720951825011072e-01 9.357487710958664051e-01 9.352711634367801841e-01 9.336604920659860030e-01 9.356321978872624845e-01
-3.160575297653887145e-02 1.013448848017583920e-01 2.997620366171073192e-01 5.335602191042173592e-01 4.016693414481241065e-01 3.385013368790121269e-01 6.784680458971739103e-01 6.311344086996756308e-01 7.306202568567675693e-01 6.694403254113864277e-01 7.339323295153429294e-01 7.788850601177433886e-01 1.000000000000000000e+00 6.068038008634826230e-01 8.056128784951068766e-01 7.940944777223326589e-01 7.236253807621768619e-01 7.432846404123624184e-01 7.603572176870003752e-01 6.664768317107351292e-01 7.599692129938562246e-01 7.798391220471632135e-01 7.453923972507304763e-01 7.708120202603466753e-01 7.854174220599545730e-01 7.929310814706828081e-01 7.904990103262249379e-01 7.905320483047593161e-01 7.855786980586110246e-01 8.071480621433478886e-01 8.237654489536189173e-01 8.017409497461643886e-01 7.727623515984245461e-01 7.947339160526627477e-01 7.856857165553728928e-01 7.946271587392400582e-01 8.139134184357190716e-01 8.059535508302057005e-01 8.178155840423302347e-01 7.801439463567199084e-01 8.232437746745295826e-01 8.179473798898633241e-01 8.168569312171310992e-01 8.219380475462761959e-01 8.120557489981878874e-01 8.176562394122265376e-01 8.256562829839095841e-01 8.303463509369294338e-01 8.235744582141366621e-01 8.028101875832855949e-01 8.107209441468249400e-01 8.053632375672596933e-01 8.086452783322826132e-01 8.247284311917056909e-01 8.106377421158447172e-01 8.149107447827145245e-01 8.099584539115184390e-01 8.227881865863351241e-01 8.135991441520257217e-01 8.284547187144307712e-01 8.249414950990540119e-01 8.226306375275688199e-01 8.066095684502428975e-01 8.149251883257128126e-01 8.161922240321994870e-01 8.245209097561460032e-01 8.317763236107242886e-01 8.325424203717710636e-01 8.284670773700371083e-01 8.266127866469902274e-01 8.320498959445211673e-01 8.323329072177931831e-01 8.277311482953264576e-01 8.300105843118326110e-01 8.319731124176192871e-01 8.294152345234294677e-01 8.307156293482772513e-01 8.282983725623889182e-01 8.292306177998236549e-01 8.330493380664527603e-01 8.318338268610272479e-01 8.359464528645351722e-01 8.297174850606094942e-01 8.324735080255908359e-01 8.278133757940485671e-01 8.320003629742801499e-01 8.336503820372292983e-01 8.320687416425950333e-01 8.343555966783540168e-01 8.316539990496207846e-01 8.274523984662405240e-01 8.322405815902980120e-01 8.327557309021725862e-01 8.349878076602884613e-01 8.344032371928963299e-01 8.339210358587847427e-01 8.227866206526986970e-01 8.211400407652249545e-01 8.297138604781023608e-01 8.273614162835140062e-01 8.340215752871336097e-01 8.278002140064962822e-01 8.336437249466768229e-01 8.338908675725621444e-01 8.321377201694106773e-01 8.220191275959272126e-01 8.317270816682200696e-01 8.340653169412979295e-01 8.322553866780035836e-01 8.344294705390316036e-01 8.317726817241147819e-01 8.347349689273102502e-01 8.315285024939992331e-01 8.302561369308826267e-01 8.289197037893463182e-01 8.303996943805869169e-01
