1.000000000000000000e+00 3.808133381577548382e-02 7.397778131712724747e-02 7.530200850244922472e-02 1.889131922331122732e-02 -4.849664316821667917e-03 5.097663506503241626e-02 5.396463202858778341e-02 8.842699232411496690e-02 2.952446230089204524e-02 4.757610931751724004e-02 1.419560218781519209e-02 2.870094091341566719e-02 -3.968000886533860211e-02 9.735557483002225607e-03 2.899027790002925431e-02 8.770286490728629314e-02 6.837965546329780042e-02 2.571548043928612373e-02 5.822297293956164854e-02 8.782739803925140865e-02 4.107224402456237378e-02 6.645745392481545999e-02 5.776376672015983565e-02 4.188701240924509739e-02 2.888746156478004534e-02 8.326640354446896916e-03 6.535217738481326720e-03 1.257745850923982535e-02 2.314307810379127167e-02 1.612128359152616847e-02 3.961825634738915664e-02 -7.367623993897497517e-03 3.810371336092736871e-02 2.036153802172559202e-02 5.400259345392181137e-02 9.610445411476962324e-03 1.077028568896368915e-02 2.705028751710384857e-02 -2.897817158396897783e-02 7.293854748154065398e-03 -2.894033738137870987e-03 1.440789464815659185e-02 1.411168328115495856e-02 1.470830968981308093e-02 5.148633328279259794e-04 4.132380030870444173e-04 1.073470729518796046e-02 2.262367535189972398e-02 4.178711664119330593e-02 3.275978768342574510e-02 4.871090834969502015e-02 1.815533755140165753e-02 2.282770530935958331e-02 1.611467725082924712e-02 2.756684261813908618e-02 5.925449001112240155e-02 1.040824628576707267e-02 1.188267425417972520e-02 4.715108489255269431e-02 2.547881717590863224e-02 2.730757186441683942e-02 1.707616286662784824e-02 4.414010399139236401e-02 5.520279090373528263e-02 6.048326903777871688e-02 2.117693520261479737e-02 8.856218350814192702e-03 1.988936970113440103e-02 2.335450822127808565e-02 1.558750214849784557e-02 1.712998495523942663e-02 2.076598242378913800e-02 1.888386694110819747e-02 1.084030897947700980e-02 7.842578331435935343e-03 1.430912644967495539e-03 5.660391158389689245e-03 8.585677305381383267e-03 1.757251435817539995e-02 1.220146360910701056e-02 1.146080146090565528e-02 2.916081747378014913e-02 1.967211514089676691e-02 1.530905795578193888e-02 1.897990302667188975e-02 7.228036736746213699e-03 9.933832652104403541e-03 7.468244787729448261e-03 1.112027536789621240e-02 -2.878753317725762321e-03 4.301537921841170372e-04 4.822634992181695432e-03 6.090445469337371154e-04 5.997670615405397733e-03 5.194899843097637929e-03 3.891605811830622930e-03 3.932758811166574969e-02 7.138562062491308341e-03 1.256183950426503250e-02 3.788335372217686240e-03 1.481673766650465872e-02 1.411408057938148483e-02 4.984652931208127108e-03 3.053624898560507173e-02 3.575178001211764406e-02 1.682164552264255042e-02 7.690936686977786936e-03 6.825514552249796647e-03 8.357100051489292983e-03 3.827393758080229781e-03 2.264377371572822220e-02 1.045515348046536716e-02 2.767859604703888643e-02 3.879571203876790858e-02 3.693688445415175409e-02
3.808133381577548382e-02 1.000000000000000000e+00 4.670115360671611010e-02 7.379737230789935876e-02 9.585668528224661200e-02 9.743000905535842415e-02 1.110506522637948051e-01 9.891217022246903690e-02 1.467415805201350842e-01 1.301670158717041226e-01 1.523667239082691638e-01 1.486540872600322916e-01 1.140530298224553540e-01 1.453528091241262921e-01 1.458157989625870898e-01 1.306260950790604780e-01 1.195833695982044392e-01 1.200263079893640478e-01 1.160260611355866528e-01 9.945439052077907627e-02 1.024464473031668071e-01 1.056071852920435067e-01 1.175089542323909941e-01 1.095397645640017320e-01 8.775886100176323590e-02 1.417083532334171003e-01 1.401659421804297145e-01 1.418408520237565140e-01 1.209037906282936226e-01 1.448599800609719213e-01 1.438645569112504408e-01 1.440287484466903078e-01 1.250917118526196081e-01 1.293633374764499300e-01 1.554527808393292299e-01 1.136361160145838989e-01 1.298465396718183062e-01 1.389581910900274941e-01 1.363424249170241409e-01 1.324317194128335762e-01 1.514977605019892093e-01 1.471433802623222376e-01 1.418073210293859243e-01 1.457657366979707159e-01 1.546653757940938678e-01 1.435147518221873697e-01 1.591352560811559458e-01 1.573678459135734176e-01 1.532314352472993191e-01 1.282642376681437935e-01 1.360662216422093285e-01 1.208820166806174046e-01 1.428096402430371892e-01 1.578353628976573719e-01 1.559640689684498871e-01 1.467275401719733419e-01 1.486709311616105922e-01 1.471878001447025075e-01 1.530429244170578296e-01 1.498757153268188425e-01 1.484703621564269216e-01 1.527857288741218955e-01 1.514672859962567786e-01 1.445060753152552779e-01 1.457588296452542731e-01 1.497778422830874645e-01 1.536312456856018249e-01 1.523819741619414914e-01 1.504823318683349287e-01 1.488851552703220338e-01 1.404524695098707809e-01 1.473461960872282095e-01 1.461283891437485938e-01 1.394138410595208433e-01 1.497627410413280569e-01 1.515546035869572150e-01 1.447090664105007141e-01 1.430405941452492224e-01 1.480448869472630047e-01 1.499813831704838452e-01 1.506515107157934685e-01 1.517513660007820397e-01 1.502973999973268859e-01 1.491667788352430690e-01 1.455563183441526964e-01 1.464073614691514813e-01 1.445538061874458158e-01 1.501593155513692712e-01 1.468480297760342002e-01 1.517530821518947026e-01 1.482526127767954949e-01 1.551869362150160581e-01 1.530391995695601359e-01 1.499653234652938982e-01 1.590939380455403673e-01 1.597512721422153503e-01 1.430110803908983819e-01 1.431640946307361772e-01 1.464108091973516934e-01 1.486237564141910106e-01 1.463213463663216862e-01 1.485304115272075287e-01 1.508189980380789941e-01 1.509413637584033907e-01 1.443094443479088773e-01 1.490625127541024830e-01 1.551688694717679451e-01 1.547423631335576033e-01 1.566186541064353011e-01 1.543039944431801591e-01 1.552964391230625407e-01 1.539175063493898599e-01 1.546707890279992170e-01 1.497602312778689160e-01 1.529299448087419466e-01 1.516025644781365533e-01
7.397778131712724747e-02 4.670115360671611010e-02 1.000000000000000000e+00 2.715101953480540953e-01 1.671377533270848315e-01 2.057020090251646671e-01 2.964870644378024278e-01 2.867444061942621691e-01 3.406990138181550387e-01 2.892916371075834325e-01 3.062122969996724509e-01 3.308445795463650918e-01 2.878508724783704342e-01 2.813333332143526655e-01 3.310110026130821392e-01 3.198279880273064979e-01 3.202799431101059913e-01 3.301096061146259752e-01 3.251885027763520286e-01 2.778252248377523492e-01 3.125389138253140131e-01 3.298037397881019572e-01 3.175760774489899685e-01 3.282430284279943544e-01 3.249009002067939633e-01 3.385696424643186431e-01 3.448639110665987495e-01 3.332554947740415385e-01 3.361776113676691602e-01 3.342975102769469853e-01 3.423330883941730352e-01 3.495043444970784008e-01 3.476904001126596144e-01 3.407506697788723615e-01 3.283360861355433258e-01 3.316463725526055950e-01 3.463280846043175765e-01 3.357055438079200038e-01 3.355299709566132993e-01 3.340906364966405029e-01 3.428160665190375100e-01 3.421710777952109428e-01 3.397951194915632134e-01 3.410713432575996351e-01 3.528160960530512535e-01 3.299077730460823754e-01 3.364505505215281689e-01 3.421714282611473257e-01 3.459377737972573197e-01 3.380381498156138087e-01 3.406593634454637698e-01 3.339576908763717267e-01 3.332397530115019935e-01 3.376092976825440517e-01 3.177851455638517897e-01 3.414473954519317567e-01 3.288026664482696093e-01 3.405714232518805562e-01 3.313450559673943863e-01 3.449116689374146505e-01 3.360136885709745780e-01 3.313648632052103027e-01 3.252808466736626380e-01 3.387626663335275290e-01 3.400775261163325736e-01 3.375482677572750889e-01 3.460251436529332425e-01 3.442750239392524669e-01 3.472939722312533561e-01 3.469279533915665126e-01 3.505878647199524023e-01 3.500246279096251856e-01 3.435264594139764149e-01 3.473128107731307535e-01 3.432495409001870001e-01 3.462553810167263157e-01 3.441115068365935836e-01 3.438333198734160323e-01 3.447090863770385094e-01 3.449434021202938960e-01 3.483992043912063075e-01 3.465961232424857874e-01 3.512682748228536656e-01 3.489621770945061097e-01 3.458221795217504835e-01 3.473460294548162408e-01 3.514121251734399487e-01 3.455338595154682224e-01 3.438874826652454919e-01 3.452183134856730562e-01 3.464998090558473187e-01 3.444853318122532704e-01 3.452594515383787255e-01 3.413747873121780740e-01 3.428892471565090916e-01 3.420214136503726965e-01 3.412417735514525208e-01 3.403893917113985923e-01 3.415738738452124834e-01 3.461769499166516550e-01 3.452687898834915781e-01 3.368668505019325465e-01 3.444936283400260590e-01 3.449270856821317621e-01 3.448309809271330462e-01 3.398213038873101888e-01 3.436938506583912534e-01 3.425094711511044721e-01 3.425017631144349206e-01 3.447834743520830081e-01 3.412390233202144962e-01 3.448439935153461700e-01 3.380440947264059526e-01 3.449313310632635687e-01 3.457433529537065064e-01 3.430182499998173373e-01
7.530200850244922472e-02 7.379737230789935876e-02 2.715101953480540953e-01 1.000000000000000000e+00 3.086849078587071693e-01 4.053149173198645761e-01 5.752147043298940776e-01 5.402716702128899096e-01 5.766399483702294715e-01 5.301502961948222348e-01 5.721894306441911437e-01 6.331825081860813498e-01 5.589109971240877606e-01 5.725938639911476447e-01 6.348862347589424582e-01 6.316065303581933632e-01 5.766456510711162053e-01 6.067394453950984978e-01 6.058608373704826855e-01 5.368689255748642086e-01 5.821318147568154133e-01 6.045459419529595202e-01 6.157236541346930991e-01 6.152207106598638342e-01 6.025546293888686122e-01 6.443413932332511251e-01 6.337027327769533258e-01 6.310032777618750366e-01 6.026563291006046263e-01 6.427045920310405780e-01 6.477256912605888761e-01 6.454369750171248254e-01 6.150229185230364770e-01 6.351959419159752818e-01 6.270019521316777533e-01 6.305413347845446603e-01 6.425093038274933832e-01 6.369891062179525720e-01 6.508236966186392580e-01 6.351710621239685661e-01 6.451408556917851422e-01 6.458663713015463381e-01 6.459012282919369685e-01 6.477025190195447868e-01 6.478609930490435431e-01 6.387243569757272699e-01 6.370956399702922823e-01 6.443541088147569651e-01 6.429893499740282348e-01 6.353378184335886081e-01 6.433037342424683391e-01 6.495936356376433851e-01 6.353256412194235869e-01 6.427470770331730199e-01 6.319663467781601041e-01 6.536074671234810562e-01 6.445574595569522058e-01 6.374302804857859828e-01 6.402863460681221808e-01 6.436367550398101045e-01 6.403539345305591102e-01 6.405756859281741544e-01 6.380667140957763106e-01 6.453504129643845566e-01 6.376796645966047450e-01 6.446590123604792888e-01 6.447054569577876926e-01 6.477911404390616079e-01 6.497309404544424627e-01 6.507025956810057465e-01 6.491988515786866198e-01 6.509461330337928953e-01 6.488941466432385230e-01 6.516022481544218037e-01 6.500137105035459495e-01 6.429873726583861249e-01 6.449433103543255053e-01 6.372111741390528161e-01 6.451089779667595892e-01 6.516712917352374124e-01 6.484369816943839071e-01 6.521950659667322681e-01 6.589688171036316433e-01 6.476724776805372619e-01 6.515483653116258544e-01 6.526614641144276030e-01 6.512645806047856478e-01 6.514327712535766812e-01 6.498995163559425636e-01 6.514208642478007683e-01 6.523475507717603206e-01 6.471672912647267184e-01 6.494340854382111283e-01 6.484987130153812007e-01 6.432174927399768594e-01 6.443087791987008872e-01 6.526269621974774005e-01 6.473043476435245136e-01 6.484991675525194621e-01 6.503607630454965038e-01 6.537206125540155899e-01 6.466979452463282874e-01 6.506891179503131450e-01 6.489409593005539545e-01 6.580806408325153845e-01 6.487959364291598918e-01 6.491128775115291294e-01 6.465653919995385523e-01 6.472988613618722020e-01 6.448909398094974099e-01 6.474242241261980446e-01 6.467743469147253510e-01 6.467840255490703294e-01 6.490314388587276051e-01 6.452597511783038087e-01 6.506009011740533365e-01
1.889131922331122732e-02 9.585668528224661200e-02 1.671377533270848315e-01 3.086849078587071693e-01 1.000000000000000000e+00 2.755229631663062007e-01 4.344179975833321605e-01 4.024433755233480792e-01 4.287422507636899915e-01 4.006420596172560189e-01 4.195379981354433463e-01 4.529847495192712015e-01 4.141959583646249166e-01 4.311957268986712499e-01 4.712283546981717031e-01 4.645942907601312011e-01 4.192651989654970768e-01 4.378341905689189240e-01 4.311313094263879986e-01 3.975960237245569906e-01 4.524939929805028571e-01 4.377450080324180037e-01 4.415124471112820692e-01 4.337067731667562653e-01 4.356358989772869950e-01 4.715867160558743776e-01 4.631988577471162216e-01 4.561214874684357823e-01 4.479727774358661097e-01 4.763670838885281644e-01 4.789667224971543291e-01 4.644587050026100505e-01 4.328227937616065946e-01 4.597970815626189478e-01 4.602854040652054057e-01 4.440184806369912862e-01 4.688300859100467677e-01 4.598072685378105096e-01 4.689016288868115834e-01 4.486356184819762505e-01 4.739440337797015679e-01 4.619055387078999098e-01 4.636047271360805855e-01 4.718429198877017172e-01 4.690959315095594162e-01 4.665266826400243372e-01 4.729216858558618619e-01 4.736249887737412068e-01 4.698549880820013236e-01 4.652141800328855603e-01 4.700995537541175495e-01 4.769541787519115394e-01 4.741456398318592003e-01 4.767062183489554905e-01 4.704989197683854263e-01 4.736284243460910925e-01 4.750558340717160877e-01 4.693322841803693191e-01 4.717033103953737205e-01 4.770676859904348088e-01 4.775448905463887672e-01 4.725578098664458548e-01 4.681583007388374074e-01 4.748691605708242336e-01 4.746062088007866331e-01 4.784808344188333784e-01 4.718553327441201151e-01 4.743495905127619872e-01 4.781448926282827472e-01 4.830335048154393296e-01 4.771322387030599299e-01 4.758298698092861545e-01 4.761665004761606590e-01 4.744344168713117704e-01 4.795123196684976663e-01 4.790567618109703996e-01 4.770418742942910684e-01 4.772741772695035523e-01 4.794276185204891516e-01 4.796263490761398240e-01 4.778107427234244975e-01 4.793949644641271046e-01 4.813208399217155931e-01 4.772148263511062916e-01 4.758327065700370118e-01 4.781129350750494278e-01 4.758379335102373431e-01 4.779796280639700967e-01 4.779681641312110707e-01 4.778267191981419582e-01 4.765954202103370729e-01 4.770504418608254027e-01 4.782879473656515001e-01 4.741944589799644838e-01 4.771122537370888761e-01 4.757392992501471296e-01 4.736410393360606652e-01 4.833068427241294929e-01 4.797908424895356294e-01 4.767282869627056940e-01 4.768791890201589667e-01 4.783175903729365852e-01 4.814634161589696482e-01 4.754150631643682678e-01 4.837469852182532115e-01 4.789068555540731409e-01 4.792707690407381760e-01 4.738482736991063704e-01 4.774414542160581032e-01 4.776080785706428022e-01 4.741870021219143361e-01 4.777255059913903534e-01 4.742270954675973371e-01 4.793753119950491803e-01 4.775419773408083879e-01 4.816345133672682022e-01
-4.849664316821667917e-03 9.743000905535842415e-02 2.057020090251646671e-01 4.053149173198645761e-01 2.755229631663062007e-01 1.000000000000000000e+00 5.226279554426115359e-01 4.704183769573001550e-01 5.266076668511598946e-01 4.851799879461984877e-01 5.339105027534568615e-01 5.708697712971804172e-01 5.271303569972630720e-01 5.438707256547717916e-01 5.877914618602687602e-01 5.768627341804722919e-01 5.237649213188435571e-01 5.287170535738592303e-01 5.430083401024531353e-01 4.691580609939047797e-01 5.334682593027907371e-01 5.455766403826254329e-01 5.451495587716712610e-01 5.433344189809213853e-01 5.433934597980136783e-01 5.947801549998991133e-01 5.834299553033168717e-01 5.659595567616834133e-01 5.504718585622512261e-01 5.904032683865353404e-01 5.967734071028171217e-01 5.815213765847629945e-01 5.532643249452195988e-01 5.785410388881392363e-01 5.791816101751136037e-01 5.515957103338890999e-01 5.877712833645220014e-01 5.800021183995965890e-01 5.853667200291735595e-01 5.687829459801693188e-01 5.924429602615535195e-01 5.999946942007181594e-01 5.803219975566216160e-01 5.912699574399676861e-01 5.974069435072028034e-01 5.894007859267070826e-01 5.972835506293960872e-01 6.013231816169644084e-01 5.938700656604778416e-01 5.804647265998926775e-01 5.916461047679493213e-01 5.850620900449930994e-01 5.908466421625665488e-01 5.965918537435144220e-01 5.905999883318968635e-01 5.940607012181648994e-01 5.857598548457512155e-01 5.944514903566350261e-01 5.949612890380252539e-01 5.967406713978055111e-01 5.957930535094253521e-01 5.929725405382156866e-01 5.851192473445742115e-01 5.890080514184600213e-01 5.938371115705628478e-01 5.940693570162737247e-01 5.999232492958417318e-01 6.029757989059576495e-01 6.016157774616960330e-01 6.061961255754231281e-01 6.028603858620463773e-01 6.034081394169263923e-01 6.031128777173849764e-01 5.978761066983921957e-01 6.055126879910944782e-01 6.006121845708842777e-01 6.002662551028985494e-01 5.916046954827905990e-01 6.017493596233162156e-01 6.012959788635293679e-01 6.006674384986473436e-01 6.061661187549489682e-01 6.032610601723764621e-01 5.992163505411819413e-01 6.004443507924195345e-01 6.045472987697485534e-01 6.028172231999567865e-01 6.028038076249647714e-01 6.009247172185379071e-01 6.018887742739159608e-01 6.023705855258512099e-01 6.018986819941993804e-01 6.021372279125878357e-01 6.005651391135296002e-01 6.015311149090145637e-01 6.012917552084687811e-01 5.965879265869432624e-01 5.935485103654621897e-01 6.029719286355248453e-01 6.008167889264032224e-01 6.014785998132110567e-01 5.997792322270326659e-01 6.025890734071033261e-01 6.011441068007457034e-01 6.032286593120625984e-01 5.917974715424015875e-01 6.008138088489142214e-01 6.003274080872882390e-01 6.011586480365103125e-01 5.992872871062081552e-01 6.007934447136249467e-01 6.002308327459109361e-01 5.986986064463769575e-01 5.986108745690179589e-01 5.980892443100329636e-01 5.985731905832248900e-01
5.097663506503241626e-02 1.110506522637948051e-01 2.964870644378024278e-01 5.752147043298940776e-01 4.344179975833321605e-01 5.226279554426115359e-01 1.000000000000000000e+00 7.032230658243637800e-01 7.386852444494227399e-01 6.894777736320133465e-01 7.357189361801153016e-01 8.033517925106478108e-01 7.151884627303525255e-01 7.392590840676721564e-01 8.381693473093804192e-01 8.191515865425684773e-01 7.323124580187012622e-01 7.768025783865479816e-01 7.880142519549058200e-01 6.976310149801737692e-01 7.559657312698150333e-01 7.912264100047619042e-01 7.962134026390134123e-01 7.910884062876781808e-01 7.838649452458881228e-01 8.432282286812944339e-01 8.284427458208449835e-01 8.289771904522775792e-01 8.044134152566259077e-01 8.420816268820404682e-01 8.429568237054483326e-01 8.280240007474449770e-01 8.010624287310039726e-01 8.141284336091022533e-01 8.165872231761240885e-01 7.842367733660227103e-01 8.376546363481829349e-01 8.311814697902515370e-01 8.362651442304488425e-01 8.152813499182078871e-01 8.389663976332808470e-01 8.403304428313440599e-01 8.380805330135998599e-01 8.423321502239680125e-01 8.367449992058534347e-01 8.428387344045489282e-01 8.343372996263550556e-01 8.376465684400248302e-01 8.327973209268253463e-01 8.000662381756967756e-01 8.257310700138374981e-01 8.156451567438335326e-01 8.256082462250470266e-01 8.396904688508290970e-01 8.339441029692765683e-01 8.461766692804267853e-01 8.274958012404760588e-01 8.336704063505557816e-01 8.363079815000014072e-01 8.373298252243176476e-01 8.397618790400627198e-01 8.364444266646894333e-01 8.312079213002226963e-01 8.276773587150916267e-01 8.271457148887136901e-01 8.336717366558449305e-01 8.387297004178876358e-01 8.461844380326816184e-01 8.508558324886228430e-01 8.518609797613985180e-01 8.483792618037142574e-01 8.477295505076395399e-01 8.464913793841672973e-01 8.483792683311686122e-01 8.481907287686099028e-01 8.465416380729382517e-01 8.525314778062944576e-01 8.464129753797148270e-01 8.495719355961789399e-01 8.483948933074078047e-01 8.452155829067251602e-01 8.495402141167952559e-01 8.477012804388381895e-01 8.485496012454295522e-01 8.407278979113671502e-01 8.448772352900244531e-01 8.461128740092553890e-01 8.477452126606488392e-01 8.458242497523247305e-01 8.482183073635016779e-01 8.520275118184708063e-01 8.465883709250537903e-01 8.457358334558515711e-01 8.474545272412331576e-01 8.396895087377619360e-01 8.427090855621665044e-01 8.377585386054015038e-01 8.295322678125377491e-01 8.406366415582153806e-01 8.398046774446500384e-01 8.455340663376165189e-01 8.339953490144966786e-01 8.384199275748746016e-01 8.427217795311948700e-01 8.401284166359033190e-01 8.371443657956597617e-01 8.399162741317667269e-01 8.428504299436223590e-01 8.447054750560875069e-01 8.402517772749377167e-01 8.433149276593056021e-01 8.411155028550376667e-01 8.397567635149155718e-01 8.364079926333548576e-01 8.359469237605343661e-01 8.406321276455398506e-01
5.396463202858778341e-02 9.891217022246903690e-02 2.867444061942621691e-01 5.402716702128899096e-01 4.024433755233480792e-01 4.704183769573001550e-01 7.032230658243637800e-01 1.000000000000000000e+00 7.170704391895676988e-01 6.561321531677003493e-01 6.974436247333968275e-01 7.637438181369001766e-01 6.904480719847230219e-01 6.923742096678724423e-01 7.848107169304493480e-01 7.854842870313570868e-01 7.085748337081968495e-01 7.223880301765445155e-01 7.268776711556760306e-01 6.499830384743128242e-01 7.131524606263254240e-01 7.229955997840551429e-01 7.366025729556555657e-01 7.137861600699033637e-01 7.104433193253771872e-01 7.875566269959016763e-01 7.686609415791255673e-01 7.643251570374274273e-01 7.348232289362808256e-01 7.903074939275994693e-01 7.997197879231870976e-01 7.840459045844523356e-01 7.519694626619300992e-01 7.724587178993683745e-01 7.765191390266509286e-01 7.520331589338081768e-01 7.818804885683745542e-01 7.909180255797402248e-01 7.969874170641286781e-01 7.642142476030434617e-01 7.897617695466374599e-01 7.942724133564471600e-01 7.863025876646138057e-01 7.976950184245322761e-01 7.932342156215864692e-01 7.932738365559686144e-01 7.952867747205581983e-01 8.000149180872890842e-01 8.038065312525284334e-01 7.865130730141693949e-01 8.003360962392909173e-01 7.872570394190827603e-01 7.890436479707947370e-01 7.992469880788186654e-01 7.914408997889759156e-01 8.031704217942569057e-01 8.019358348794864977e-01 7.960975588905025990e-01 7.999642733409291218e-01 7.998103259503441809e-01 8.023695250621590835e-01 7.994847633334335457e-01 7.917994866051352165e-01 7.992729330622252437e-01 7.905519157608779102e-01 8.003529910183715401e-01 8.021757266701157185e-01 7.986917620050641986e-01 8.011553868344680751e-01 8.050181045253013146e-01 7.984124351877930348e-01 8.015921909854514249e-01 7.913468130307057535e-01 7.938389326451603667e-01 8.032605403618561235e-01 7.986205329664731734e-01 7.947250993828596233e-01 7.885304570765611087e-01 7.996316509945221584e-01 8.070132091602727487e-01 8.012473793653468457e-01 8.058141572535941766e-01 8.061161602899094003e-01 8.041647159531499778e-01 8.034314750133464411e-01 8.022791907174766646e-01 8.024852048293690254e-01 8.048542860714016367e-01 8.044292782906747874e-01 8.007671016394345420e-01 7.994431060445376103e-01 8.022752365190572998e-01 8.022738712460991684e-01 8.014760119191828291e-01 8.012491374135091160e-01 8.020229009320634095e-01 8.038776340768107875e-01 8.105110606731407152e-01 8.076438413627620161e-01 8.078898629173051349e-01 8.039100111612875743e-01 8.078672886100967121e-01 8.037601645507885806e-01 8.040701433938512999e-01 8.080385775818494931e-01 8.068179956105655526e-01 8.066072719681266490e-01 8.020761598321931585e-01 8.028736570672312389e-01 8.032415046211338616e-01 8.035279920448126223e-01 8.024663397886663274e-01 8.034162453933154646e-01 8.067736003406118517e-01 8.029335182697968643e-01 8.045885562408860991e-01
8.842699232411496690e-02 1.467415805201350842e-01 3.406990138181550387e-01 5.766399483702294715e-01 4.287422507636899915e-01 5.266076668511598946e-01 7.386852444494227399e-01 7.170704391895676988e-01 1.000000000000000000e+00 7.265383009897594668e-01 7.594887091125804846e-01 8.350381663051779091e-01 7.526820124569114645e-01 7.640279695523799486e-01 8.485797010889909453e-01 8.404744233986832791e-01 7.916899446900638182e-01 7.716127624792291639e-01 7.717968347769643689e-01 6.614453405747505732e-01 7.551852818012118052e-01 7.770594737597094070e-01 7.886879546305234356e-01 7.568597444126318186e-01 7.468904168131934584e-01 8.468315255712662859e-01 8.283559289250791435e-01 8.075751006300080359e-01 7.765619081688222014e-01 8.500512330941376593e-01 8.596614643015519919e-01 8.507532765087668647e-01 7.930767413005093136e-01 8.350866868769348805e-01 8.392069776197429443e-01 8.024431379069610903e-01 8.347825396459288561e-01 8.429983106205093391e-01 8.601331014714836964e-01 7.941637198753823679e-01 8.590502917775323377e-01 8.497961808314081766e-01 8.356976246768279548e-01 8.632584959508339262e-01 8.571865608893365351e-01 8.506621348582602549e-01 8.663621100913730944e-01 8.750576637680035352e-01 8.715225449302019811e-01 8.423020698733326705e-01 8.597073060807194356e-01 8.410707055094868156e-01 8.601776409423321779e-01 8.765463515062537070e-01 8.540837740149449520e-01 8.684517934608546597e-01 8.716599275678743597e-01 8.674094869156427912e-01 8.644734214276708073e-01 8.833461881577553410e-01 8.730626218206042344e-01 8.722817110463225720e-01 8.588255178168530124e-01 8.767566445910797146e-01 8.824986209374082735e-01 8.843408223531645795e-01 8.771814008267393437e-01 8.684029983937526787e-01 8.718616305116461129e-01 8.659250915192086007e-01 8.604708807503997914e-01 8.698229082769366460e-01 8.622719403946160766e-01 8.538585673109270191e-01 8.725459565627188274e-01 8.670188259094216976e-01 8.573014748184678568e-01 8.487974362257272309e-01 8.634826811309170846e-01 8.749807087393370875e-01 8.689803905324805511e-01 8.733495867959051306e-01 8.742689507549286088e-01 8.713422436576382379e-01 8.651151524445102048e-01 8.717416416455308070e-01 8.625506472063244612e-01 8.681432274519235159e-01 8.698295643611066996e-01 8.679344507578142798e-01 8.575855228376166872e-01 8.685860780584380159e-01 8.679120931530849292e-01 8.668021974096089544e-01 8.733288923228692546e-01 8.739351599656907110e-01 8.523003825661805699e-01 8.696121141514523423e-01 8.690559023980687359e-01 8.700806532239216962e-01 8.672431713629074057e-01 8.709888756852945946e-01 8.728636112072064579e-01 8.717603336570660666e-01 8.718804041145982175e-01 8.735042986061029024e-01 8.755627058763389980e-01 8.736357770435647652e-01 8.721086703216001101e-01 8.753528493888079742e-01 8.689283240986688250e-01 8.804308022314975002e-01 8.730680163710466957e-01 8.779493505367361728e-01 8.832982831363457299e-01 8.819927367707695032e-01
2.952446230089204524e-02 1.301670158717041226e-01 2.892916371075834325e-01 5.301502961948222348e-01 4.006420596172560189e-01 4.851799879461984877e-01 6.894777736320133465e-01 6.561321531677003493e-01 7.265383009897594668e-01 1.000000000000000000e+00 7.081756969357545506e-01 7.800236218918638054e-01 6.943447831888448496e-01 7.133960570325696970e-01 7.906738652011675583e-01 7.792671065251539630e-01 7.090828414558922876e-01 7.239612818101767155e-01 7.225589062509216731e-01 6.136510862908421959e-01 6.826974116301777196e-01 7.245906923384368703e-01 7.321033796547229411e-01 7.169403505605116411e-01 7.074154747781766783e-01 7.908378821521503399e-01 7.720689200092556437e-01 7.702236297702599321e-01 7.298333376225797364e-01 7.966915684809445786e-01 8.061030262094081023e-01 7.924978121435796163e-01 7.620897445760637101e-01 7.739197262653882969e-01 7.849479679965629675e-01 7.413702069324334953e-01 7.833715213901517593e-01 7.939697001926844244e-01 7.983107025028798320e-01 7.707610567653443434e-01 8.023885987360328542e-01 8.016505582750171888e-01 7.892951921350732647e-01 8.111915596698661135e-01 8.037540443071452545e-01 8.023857735260959689e-01 8.094605959208281964e-01 8.166448634355529812e-01 8.114093033666234245e-01 7.824002126656144362e-01 7.998158792164911102e-01 7.679157747375155996e-01 7.991467464623344119e-01 8.140283662028584555e-01 7.990521817626508039e-01 8.083375547068724076e-01 7.945053138802028458e-01 8.103553021759827280e-01 8.092816204048544071e-01 8.093992035425959797e-01 8.067839677763247730e-01 8.069594357896204828e-01 7.955531782644245098e-01 8.005347525517507723e-01 8.036700076620835187e-01 8.005656355531006740e-01 8.133099318177050563e-01 8.133227365072522863e-01 8.131245633548246365e-01 8.055671270520379235e-01 8.045836910264080322e-01 8.115520023289383156e-01 8.056306772242909364e-01 8.014581087874129706e-01 8.147270694209345354e-01 8.130546679150563172e-01 8.073596323066374314e-01 7.964390175702951158e-01 8.089394506534151041e-01 8.149267549295590163e-01 8.115252944710934502e-01 8.150200354859871155e-01 8.132226870185438328e-01 8.125403277889894360e-01 8.086240728245921439e-01 8.103130975329759789e-01 8.075411776073556647e-01 8.144763191532800040e-01 8.134999992643697775e-01 8.132594287801232502e-01 8.092234033945803207e-01 8.132557475630913801e-01 8.130070463812320014e-01 8.147484331636807298e-01 8.154426962077531149e-01 8.156353630722229520e-01 7.990629958587339710e-01 7.992977589182828080e-01 8.083138839182072433e-01 8.123066324413762418e-01 8.102950653336725706e-01 8.089374120159544823e-01 8.117533660338569490e-01 8.125481338675696330e-01 8.052642760796488997e-01 8.053460725855728919e-01 8.134337134440562389e-01 8.161983986539300684e-01 8.145809253484526113e-01 8.145001825712293586e-01 8.150333176589663609e-01 8.148782322216047147e-01 8.140672143201215238e-01 8.099363472597997937e-01 8.103094680399187677e-01 8.113330643304379475e-01
4.757610931751724004e-02 1.523667239082691638e-01 3.062122969996724509e-01 5.721894306441911437e-01 4.195379981354433463e-01 5.339105027534568615e-01 7.357189361801153016e-01 6.974436247333968275e-01 7.594887091125804846e-01 7.081756969357545506e-01 1.000000000000000000e+00 8.339198345695290060e-01 7.355273163238450485e-01 7.646447245258045644e-01 8.451995495861948093e-01 8.263271016254551959e-01 7.491886795392601606e-01 7.708058482477391227e-01 7.699215979248592578e-01 6.793877633006436545e-01 7.502862345860304982e-01 7.733727105550087799e-01 7.773300056643116518e-01 7.698191632106121673e-01 7.572392956853116752e-01 8.360251246632426358e-01 8.239468113267439664e-01 8.094664869779182315e-01 7.784639954344589885e-01 8.439121717530509992e-01 8.590823235140366831e-01 8.367340464467052374e-01 8.075155519049906916e-01 8.194182932173138534e-01 8.319880577041854908e-01 7.894339450750200715e-01 8.382257117374107835e-01 8.429739433281563388e-01 8.497662374447386702e-01 8.164297185570055237e-01 8.523562554028265570e-01 8.501999294543239882e-01 8.388996808567862340e-01 8.551811630123220542e-01 8.542339715222494467e-01 8.493575906866569492e-01 8.579152588352643161e-01 8.603858175511864825e-01 8.537322318106244090e-01 8.277347676713140423e-01 8.473662619330516454e-01 8.270985043895622280e-01 8.471812968703972269e-01 8.604567197341584928e-01 8.473956386850726163e-01 8.605434751462915921e-01 8.454567829206962593e-01 8.524302371299792291e-01 8.582341432053652852e-01 8.539293375171818079e-01 8.572123122309490695e-01 8.535478162268245184e-01 8.467980081109115487e-01 8.491762150609696302e-01 8.475352016365717001e-01 8.519691034284649911e-01 8.602922353479566242e-01 8.616989844782277919e-01 8.626276916777528836e-01 8.624523146743161561e-01 8.556755220765711600e-01 8.602622967337935078e-01 8.570747809655923088e-01 8.546276317515376642e-01 8.635700575357793118e-01 8.600117428255621421e-01 8.544667321528776061e-01 8.471282522912931823e-01 8.583752032124311038e-01 8.646807294217608852e-01 8.618376651243255804e-01 8.644264600996754977e-01 8.603300296964284666e-01 8.612965253412182554e-01 8.573288884078831273e-01 8.587781949579907925e-01 8.585985941940176280e-01 8.624631546267066406e-01 8.623480075725348248e-01 8.620278473422505749e-01 8.603058706986933535e-01 8.633772181992579453e-01 8.621057256771010868e-01 8.621651493994060278e-01 8.636179836457734682e-01 8.628951628210330682e-01 8.538744566985569939e-01 8.509030992867883114e-01 8.604720909191491129e-01 8.611879503344608278e-01 8.628773664812690036e-01 8.595505431281843522e-01 8.636374947915158584e-01 8.637605797181772127e-01 8.583350341827881147e-01 8.552913011682649058e-01 8.616638469766995101e-01 8.636400241177893955e-01 8.644705967103625266e-01 8.619255510097404427e-01 8.629810386070503325e-01 8.607654424887808409e-01 8.626395209177404322e-01 8.591335558068968759e-01 8.578729426313252970e-01 8.608002599262345456e-01
1.419560218781519209e-02 1.486540872600322916e-01 3.308445795463650918e-01 6.331825081860813498e-01 4.529847495192712015e-01 5.708697712971804172e-01 8.033517925106478108e-01 7.637438181369001766e-01 8.350381663051779091e-01 7.800236218918638054e-01 8.339198345695290060e-01 1.000000000000000000e+00 8.088003468361325554e-01 8.403162461687557760e-01 9.247835146379888016e-01 9.095538573926000847e-01 8.291567105735248022e-01 8.312615638220451908e-01 8.446723825584085965e-01 7.204168928106839953e-01 8.015191306982226704e-01 8.441770677984608007e-01 8.505718107001123407e-01 8.316205669876028939e-01 8.217442550676321567e-01 9.177770865327369298e-01 9.010592936770379646e-01 8.893202523821078787e-01 8.557312652320617774e-01 9.268389541497096262e-01 9.379041418225381177e-01 9.156245240203340074e-01 8.819958509839457284e-01 9.010878559893126249e-01 9.117645350091815315e-01 8.718350514617941860e-01 9.133593388574349214e-01 9.237866637854286189e-01 9.343186260766197515e-01 8.935637590887621773e-01 9.329691207638886041e-01 9.310308925572269301e-01 9.210832147965268835e-01 9.390792912928989100e-01 9.332215654952812356e-01 9.309248484706412752e-01 9.395044935113625595e-01 9.428385535227408187e-01 9.388915525381374971e-01 9.070916131306944186e-01 9.280201040976410187e-01 9.040033915286859179e-01 9.266340848793299667e-01 9.420416153224798750e-01 9.253820750704694342e-01 9.396506220672997678e-01 9.237738235294714606e-01 9.390712666319167568e-01 9.381373073350239844e-01 9.389886350095681955e-01 9.390349825528178096e-01 9.380370908012233278e-01 9.296559920867659699e-01 9.350505508540579713e-01 9.311378467078210708e-01 9.339397783405256614e-01 9.445352137029734418e-01 9.435012619665715805e-01 9.437835981313456024e-01 9.382057680466117100e-01 9.359782765777048263e-01 9.435057047150415821e-01 9.381145951388405457e-01 9.338329321182539111e-01 9.456640573113727077e-01 9.433120489854323054e-01 9.366937370947612251e-01 9.259062597005990325e-01 9.402285811669907067e-01 9.458331657878306098e-01 9.427210891823827321e-01 9.477139616306704539e-01 9.436655853621067624e-01 9.440833629728428988e-01 9.396022352028530200e-01 9.440075347540610728e-01 9.417148650191133896e-01 9.451162430689531435e-01 9.464906715222655142e-01 9.443031513711256375e-01 9.407989877608188278e-01 9.467773440870451696e-01 9.450124955600769372e-01 9.464893495163824166e-01 9.458714059229920146e-01 9.467988995214819958e-01 9.336840156644318212e-01 9.283682946781087741e-01 9.435830673079274034e-01 9.436750758757317392e-01 9.458364012440810820e-01 9.410241096598788157e-01 9.434863432812337081e-01 9.468208590562632310e-01 9.409353361112924308e-01 9.362995213518463533e-01 9.446006897434594540e-01 9.465621632411379549e-01 9.462962040977597189e-01 9.467022430766892649e-01 9.448008741928843879e-01 9.450847273397195991e-01 9.456464007422701323e-01 9.432604070549055475e-01 9.427518575941850054e-01 9.431230055106996080e-01
2.870094091341566719e-02 1.140530298224553540e-01 2.878508724783704342e-01 5.589109971240877606e-01 4.141959583646249166e-01 5.271303569972630720e-01 7.151884627303525255e-01 6.904480719847230219e-01 7.526820124569114645e-01 6.943447831888448496e-01 7.355273163238450485e-01 8.088003468361325554e-01 1.000000000000000000e+00 7.487245140012018796e-01 8.280620847150422792e-01 8.146830841989973759e-01 7.487996084204480152e-01 7.387237378748755523e-01 7.564558623968846707e-01 6.425526101249371402e-01 7.195292442602428951e-01 7.524233483964282154e-01 7.590794722045761667e-01 7.400163917555148130e-01 7.295269653004381460e-01 8.175420685321002079e-01 8.037076322348331026e-01 7.980263239921470131e-01 7.550081016027510028e-01 8.247249081662317849e-01 8.332417319299483260e-01 8.156347857907301213e-01 7.780699983320974455e-01 7.987511084798074590e-01 8.099376693979321029e-01 7.765466255180362154e-01 8.111344787924791300e-01 8.177056280534552579e-01 8.321614713112857054e-01 7.891014686706476766e-01 8.356163676893721970e-01 8.302652107368190260e-01 8.191444895144408544e-01 8.400715209901180591e-01 8.371194969588294787e-01 8.280005930242690937e-01 8.449460948102770486e-01 8.482828754440437935e-01 8.391871331884092067e-01 8.075972504482409331e-01 8.263703920320714102e-01 8.144473038437513024e-01 8.307684578754418459e-01 8.436352092998882224e-01 8.219796208558246553e-01 8.396058733041550370e-01 8.275165881249914035e-01 8.415161244385938044e-01 8.321465854238431215e-01 8.463854932349980098e-01 8.419505299400149578e-01 8.379252074253024096e-01 8.279115348931894713e-01 8.386388904028362345e-01 8.397745456097016614e-01 8.407797976324308253e-01 8.469459745621691349e-01 8.439149908542429301e-01 8.431291135845687679e-01 8.387537892557435093e-01 8.364411868907694059e-01 8.437046407641815016e-01 8.366011154000047023e-01 8.333927998075746357e-01 8.474393943365794435e-01 8.437092195428845809e-01 8.374206506675057060e-01 8.255256408462615658e-01 8.405517382338842935e-01 8.469832272314011812e-01 8.416651280633091758e-01 8.460742422485522107e-01 8.449196312585696145e-01 8.425131314091788282e-01 8.398733500743129632e-01 8.442312583727243913e-01 8.427163217109505666e-01 8.447190205836930810e-01 8.456993233257195097e-01 8.448284917263038096e-01 8.389109303183730493e-01 8.470008900066885449e-01 8.467349121681829738e-01 8.466188758610230236e-01 8.488884823492911513e-01 8.488167730707129044e-01 8.340389822085314542e-01 8.363619820281289474e-01 8.449635091623542982e-01 8.441852414328685494e-01 8.463402216007730461e-01 8.425266210696604752e-01 8.493811782248015252e-01 8.491782552493265523e-01 8.455687588423015377e-01 8.400480063950624965e-01 8.483010544442624035e-01 8.486376229438585828e-01 8.469713519373134325e-01 8.494196643934054380e-01 8.454800836313144385e-01 8.502443822337295565e-01 8.467489876524790793e-01 8.465943065036926063e-01 8.484389028205194805e-01 8.485966743431235804e-01
