1.000000000000000000e+00 5.361884206837617267e-02 -1.585714739135209161e-02 3.433499018476128539e-02 4.108029844938275617e-03 -4.374082305721759684e-02 1.594972264590704958e-02 9.576656585566927643e-03 6.548363031391302158e-02 2.528593865495924048e-02 9.880683640444015009e-03 2.342334325093492226e-03 -1.297120401906923584e-02 2.157769227556119093e-02 5.522949884002853645e-03 5.337078148363483265e-03 6.252807308811472731e-02 2.564244776249893776e-02 5.136397689576514131e-02 -5.565614636744404577e-03 4.460720114546982973e-02 6.817757617453534813e-02 3.029428336878719000e-02 2.841146083972368938e-02 3.414752988723701588e-02 2.854642298572543369e-02 2.524131230433845560e-02 1.566985645287651344e-02 3.182607446453658822e-03 2.881761699852030192e-02 2.468758970188472332e-02 2.839395854929836066e-02 2.878863437108130849e-02 1.709840588480692619e-02 2.599156487650176178e-02 3.763860614547947375e-02 1.247654840633682233e-02 -1.152665141081332667e-02 6.365904044804990801e-03 6.727834426655588708e-03 1.050282875643971867e-02 -6.000727208776404122e-03 5.657913369468551765e-03 7.887697617645959489e-03 2.700460323981468055e-02 -1.380989884676476001e-02 6.736380958866132473e-03 9.367620068424779844e-03 3.434411916824216260e-02 2.917388528493618238e-02 1.527116219868028014e-02 2.816141976535689595e-02 2.108748585467326228e-02 2.059820465356730634e-02 1.237752835879549207e-02 4.108306642527823418e-03 4.741811126233147489e-02 7.802199862835415209e-03 1.375047490438384944e-02 2.484096783535225117e-02 2.276000161479927592e-02 3.161979249052258856e-02 1.814163171420611967e-02 3.292139336192383831e-02 2.777070918030847407e-02 3.253054727066139601e-02 1.268738804884434954e-02 1.533483440095093249e-02 1.101889452008800521e-02 5.019026576024048988e-03 1.713653744145476540e-02 1.519116364837429581e-02 8.933819585459404009e-03 1.775940587418610092e-02 1.464841520170152497e-02 1.395191469836824794e-02 1.291022288600369126e-02 8.699260087456976015e-03 1.055046011461959615e-02 1.937769001327980384e-02 1.621906117273930192e-02 1.382359753490228563e-02 2.058326096349511608e-02 1.789615565611134620e-02 1.777079858014345495e-02 8.121066567776896380e-03 1.041986606039801283e-02 -7.974993670993391157e-04 5.971457609650629786e-03 1.259364880591379472e-02 1.384239416745966511e-02 2.921410055042525378e-04 1.082352891698147232e-02 -1.397589412884596817e-03 4.714828338476482854e-03 8.425763432742525150e-03 2.686645692628551046e-02 2.921603348740403616e-02 9.395132217122709184e-03 8.862909596020989919e-03 6.404196218261413954e-04 8.778839596343721019e-03 1.165312267851278429e-02 1.857542761605468582e-03 1.312773675996607194e-02 2.795666017267443501e-02 2.145730807788049158e-02 9.103219914406867133e-03 7.694867128088897328e-03 1.106341677748859734e-02 -1.457949105246127402e-03 1.520857203691858110e-02 1.202471780125876320e-02 1.913549397460390794e-02 1.526097845231894068e-02 2.063703748757551859e-02
5.361884206837617267e-02 1.000000000000000000e+00 7.209308760533367222e-02 6.881895257396197785e-02 3.288756435002051365e-02 9.973445986325882306e-02 1.063517759054140033e-01 9.878035783276105375e-02 1.416195732417693254e-01 1.775031826752402619e-01 1.538078467590130727e-01 1.357973629385630931e-01 1.107461000849289390e-01 1.256420894357818396e-01 1.418969628424655571e-01 1.336778133183579576e-01 1.659751493871251260e-01 1.303203439024163690e-01 1.154888855192825886e-01 8.669370009861049331e-02 1.081968886867790691e-01 1.284741670430399607e-01 1.493403555128017812e-01 1.173147030493215948e-01 1.201906391082448178e-01 1.559729994390756935e-01 1.540169333600635571e-01 1.534562001374448204e-01 1.426435616183412136e-01 1.790468865700424461e-01 1.691357234056933834e-01 1.794640786368838503e-01 1.701295617154475193e-01 1.499277333658942390e-01 1.621258565321044565e-01 1.026873849136641370e-01 1.493952864636268751e-01 1.621241119389988938e-01 1.523625006930482140e-01 1.326015519999732828e-01 1.551982100765871841e-01 1.395090588615094107e-01 1.036990910834109103e-01 1.447328921326425100e-01 1.481771946215675317e-01 1.525253026707218684e-01 1.578408654345311579e-01 1.629903168295375460e-01 1.557331881500357285e-01 1.476926389057764133e-01 1.573729873927704470e-01 1.017980615723347859e-01 1.366074317744516708e-01 1.665981951894793256e-01 1.499668819255992602e-01 1.597144604954035541e-01 1.353477978756294497e-01 1.455266424021750549e-01 1.554089891611487029e-01 1.520535405823133512e-01 1.312361232813184231e-01 1.555742686460020729e-01 1.434177745510773205e-01 1.531608993731004842e-01 1.456152346875622394e-01 1.503024308415928378e-01 1.648287166425159711e-01 1.519918879350735108e-01 1.672900056754916542e-01 1.390558565073846398e-01 1.468274589157631260e-01 1.530929395787400116e-01 1.495530197541586892e-01 1.496657767648863213e-01 1.598821464696185413e-01 1.606137226632798065e-01 1.567977834537452875e-01 1.641926875728313973e-01 1.570153711623286930e-01 1.709812614143300935e-01 1.599527732295738525e-01 1.643587007468123029e-01 1.630464815271514545e-01 1.644387605122766272e-01 1.541767359253432557e-01 1.516881794776326620e-01 1.499277997622117664e-01 1.558135963171582428e-01 1.523478024888268167e-01 1.585279149337971982e-01 1.545908063406217225e-01 1.532430415393604695e-01 1.519321751606392268e-01 1.525042697889957832e-01 1.593757914354182459e-01 1.655424263909199001e-01 1.277392617038022871e-01 1.377483551905195891e-01 1.452568258270313661e-01 1.488305272014008307e-01 1.269788508432569962e-01 1.462207819688761679e-01 1.407194696475741469e-01 1.441866779800091980e-01 1.397182824231802956e-01 1.380009997166609659e-01 1.580156377842493742e-01 1.622976883662830550e-01 1.574606079438208850e-01 1.596540749617789134e-01 1.541161392360176907e-01 1.562449693927498995e-01 1.535240371940467530e-01 1.490768622487856632e-01 1.553629922217791559e-01 1.485197215174078322e-01
-1.585714739135209161e-02 7.209308760533367222e-02 1.000000000000000000e+00 3.250400180647280424e-01 2.098708823106612831e-01 2.512515058640725774e-01 3.399846602475876667e-01 3.302245445804209423e-01 3.538050629418969528e-01 3.500589135026370702e-01 3.809193028556600025e-01 3.950753227276889157e-01 3.427600425455302746e-01 3.381994492204259961e-01 3.872613657770230255e-01 3.819646643430487098e-01 3.405629329023616703e-01 3.523458369197146056e-01 3.458990536711055719e-01 3.302487728653593080e-01 3.708697726107252901e-01 3.577816095105758598e-01 3.752483142775536185e-01 3.373023707254074188e-01 3.420906181623351583e-01 3.859860622792377072e-01 3.893820576821110935e-01 3.904671523139413014e-01 3.846155961348507457e-01 3.861972454948457423e-01 3.916342025993708731e-01 3.900399724473447849e-01 3.848079019945476187e-01 3.854219259960737221e-01 3.849572834412776090e-01 3.757984353962809387e-01 3.918914838572761794e-01 3.980298138631852001e-01 4.011183471023261893e-01 3.820798777961021409e-01 3.932521374213137633e-01 3.923938573067338731e-01 3.849412500345686383e-01 3.965649751886872743e-01 3.960056827849002259e-01 3.906382948967478397e-01 3.883993042950696917e-01 3.894866514031432025e-01 3.677910794293717256e-01 3.879811408591119504e-01 3.818195591415010082e-01 3.773696021145873103e-01 3.879420891415624184e-01 3.848599493705592289e-01 3.812612944732325926e-01 3.905935996532490240e-01 3.613361481408950415e-01 3.870814061945959672e-01 3.810907346081491287e-01 3.827588065415892249e-01 3.790230168464236993e-01 3.710716543718334814e-01 3.712788750945662519e-01 3.700359373197361079e-01 3.812804901495613352e-01 3.745234833103862626e-01 3.898673995930847513e-01 3.919129900042401804e-01 3.958484385998575217e-01 3.905217166077498692e-01 3.974566728398817861e-01 3.921130674922070347e-01 3.931410974224895938e-01 3.847781829503812423e-01 3.914598848711864920e-01 3.915012932570053894e-01 3.909743528251910516e-01 3.940465167693470994e-01 3.841141848653841784e-01 3.875391866451970979e-01 3.971323126707929085e-01 3.955812605449385844e-01 3.935013449417097964e-01 3.923177320690862668e-01 3.939795580700812261e-01 3.919801778367713596e-01 3.979025094899741322e-01 3.938079957389852837e-01 3.929877759694656025e-01 3.899576678361970083e-01 3.977959725842546979e-01 3.943275257582330995e-01 3.919188183074573395e-01 3.896977214167949288e-01 3.868977106157929780e-01 3.894095180304902315e-01 3.739350538137960478e-01 3.678666289453103033e-01 3.784149186928396080e-01 3.878952287902632801e-01 3.899645358651764315e-01 3.832493004441746565e-01 3.848284523923195533e-01 3.898684072867839023e-01 3.902863436679119835e-01 3.756961348672241963e-01 3.805053925683686278e-01 3.908749033973269449e-01 3.885060191887824144e-01 3.896770693169116506e-01 3.898345904448968779e-01 3.866914217919959484e-01 3.866417022903724798e-01 3.792621229728928567e-01 3.902401818042435244e-01 3.838347125807987092e-01
3.433499018476128539e-02 6.881895257396197785e-02 3.250400180647280424e-01 1.000000000000000000e+00 3.433698236551199212e-01 3.986235837795107373e-01 5.896568162319483219e-01 5.725360817046662998e-01 5.622102365391313805e-01 5.211127452153864192e-01 5.830637321741115597e-01 6.280833235525397074e-01 5.589009749035179775e-01 5.812262107457174531e-01 6.298111441859520765e-01 6.183992156454749534e-01 5.615848414889668128e-01 5.963033277084465178e-01 5.871003816152283727e-01 5.469718800192081565e-01 5.774833817139136682e-01 6.018008314570229000e-01 5.877608408640945248e-01 5.273307487032955487e-01 5.294097524936001165e-01 6.224171759354318878e-01 6.322806251660769705e-01 6.161217693198046685e-01 6.181696478894925795e-01 6.028001496721127062e-01 6.303677399568355932e-01 6.136839528852111592e-01 6.025737838077682706e-01 6.078931889177066061e-01 5.799237264443447559e-01 6.122145089389210426e-01 6.175754888014866051e-01 6.208695200277755122e-01 6.332011738075014051e-01 6.040519563951040061e-01 6.250944783869829546e-01 6.265149201118175304e-01 6.238599486784410786e-01 6.344037676945779580e-01 6.416119322832036787e-01 6.257849798665554575e-01 6.315868496102249319e-01 6.259144340576169308e-01 6.084876992810120955e-01 6.180777949545652739e-01 6.118345950578780723e-01 6.104938812053916086e-01 6.282662031487026288e-01 6.209214525379138649e-01 6.261998859330821787e-01 6.196764013829526574e-01 6.185870572387663913e-01 6.384651631965370111e-01 6.241492014770053665e-01 6.296987889122102056e-01 6.245598826435473372e-01 6.219779856528527828e-01 6.278407650732084067e-01 6.151521797984119688e-01 6.241130602845297304e-01 6.249770368176624791e-01 6.259996290352961568e-01 6.356871473186705979e-01 6.296698131918223584e-01 6.434755893966778162e-01 6.414139889509095083e-01 6.332984227348537054e-01 6.274468980974021726e-01 6.175295638841051815e-01 6.391485254529319926e-01 6.360687611109718809e-01 6.368311720705990275e-01 6.362784515566485277e-01 6.221437082168996824e-01 6.251345336250878626e-01 6.303602948894708735e-01 6.353351685509748270e-01 6.360430316240902604e-01 6.324714083015499089e-01 6.428165883595184926e-01 6.304059783570377107e-01 6.389049257121609537e-01 6.407941517797172137e-01 6.337226007232079628e-01 6.405654347219937872e-01 6.419155862812440105e-01 6.337482112548572522e-01 6.374031157925953428e-01 6.303516105237984002e-01 6.298300330620507648e-01 6.277594184635011398e-01 6.359753365686733328e-01 6.320939406282023443e-01 6.334576682017277749e-01 6.374142732186346416e-01 6.406952318432258542e-01 6.400289640204404051e-01 6.318342507268731589e-01 6.359854498602710571e-01 6.396033455373452137e-01 6.403242024861975912e-01 6.328618267880646853e-01 6.256613637109740278e-01 6.340608758076448082e-01 6.340961106118643276e-01 6.346704388051499501e-01 6.309542296867541866e-01 6.390426714467384306e-01 6.304376952585236671e-01 6.306133771726786241e-01 6.322740089457299373e-01
4.108029844938275617e-03 3.288756435002051365e-02 2.098708823106612831e-01 3.433698236551199212e-01 1.000000000000000000e+00 3.210511630488498969e-01 4.622791086092786217e-01 4.544298452868302252e-01 4.460095072515980474e-01 4.030720936721802761e-01 4.360097075172189030e-01 4.685455816702735476e-01 4.782220222542182819e-01 4.358318959778568757e-01 4.944924748849700014e-01 4.743825464361723920e-01 4.339095829610181143e-01 4.525750505487526887e-01 4.362120679201619833e-01 4.308302540610121079e-01 4.226040252625118399e-01 4.544619126850088509e-01 4.508858923428351040e-01 4.178268193283526388e-01 4.222366303207404914e-01 4.791309473740734126e-01 4.688888224069025501e-01 4.770742309219088151e-01 4.474865055871312669e-01 4.645780223687165367e-01 4.820275735547744356e-01 4.684413342592642082e-01 4.536256965889863824e-01 4.703991725011539282e-01 4.529626362980759269e-01 4.802916029315381086e-01 4.831694991558924679e-01 4.646197619992776806e-01 4.894832182359540873e-01 4.664809711682065263e-01 4.839961695503165462e-01 4.947154133002648058e-01 5.068222615151319888e-01 4.944799132645736339e-01 4.955549832898376583e-01 4.902957590105104235e-01 4.843370524414934986e-01 4.855515162307229016e-01 4.737547811069458548e-01 4.702277629457473074e-01 4.692146944872620518e-01 4.938485380635492805e-01 4.981312179620672742e-01 4.768186908564466808e-01 4.664702556375963094e-01 4.805037265692957971e-01 4.731311031791029520e-01 4.784305347540906417e-01 4.577436199441990428e-01 4.873631537920030121e-01 4.951239997179709973e-01 4.575509823861463876e-01 4.664034642112239171e-01 4.727557989856522314e-01 4.995121153601991826e-01 4.866793767272241666e-01 4.936246226888416633e-01 4.962119408206634441e-01 4.935641285396348277e-01 5.031803414600543034e-01 4.976009520674251063e-01 4.950879026513518855e-01 4.935252680074510567e-01 4.855097811844055755e-01 4.916090694149469753e-01 4.919307626763549379e-01 4.921185121475397661e-01 4.834311911505809745e-01 4.903080236209396703e-01 4.869106105386434291e-01 4.888584538292276571e-01 4.889533223932047701e-01 4.925071331449680234e-01 4.851651671616785122e-01 4.882666012657084220e-01 4.906151113612534087e-01 4.943978389247111194e-01 4.897091889673224618e-01 4.933810904259385288e-01 4.939097292713480747e-01 4.908436627972428967e-01 4.943278914557884818e-01 4.994492364797081252e-01 4.921490193140537484e-01 4.898125867914555620e-01 4.882521162050031394e-01 4.863353648548551789e-01 4.890086805147017546e-01 4.910496353650855572e-01 4.897247712041745138e-01 5.034657513296837417e-01 4.877062396500966290e-01 5.016133063144108117e-01 4.951593660899300531e-01 5.047227889836513048e-01 4.858151633663418956e-01 4.874228976479925146e-01 4.891317763745117730e-01 4.875153743217561231e-01 4.865502653915015907e-01 4.860883258543046703e-01 4.906425434357735149e-01 4.796826660722112168e-01 4.892094137858583602e-01 4.991063399077037555e-01 4.966937732302840747e-01
-4.374082305721759684e-02 9.973445986325882306e-02 2.512515058640725774e-01 3.986235837795107373e-01 3.210511630488498969e-01 1.000000000000000000e+00 5.362417000324470884e-01 4.811065869253388083e-01 5.097349654888574388e-01 5.072079677841045964e-01 5.452802722958494108e-01 5.736621224079834214e-01 5.157112141606204903e-01 5.110968008675664809e-01 5.835797684440975353e-01 5.758423860960436569e-01 5.112577698380953439e-01 5.195805694345964065e-01 5.176582362786993352e-01 4.930618585045770108e-01 4.885238618287995327e-01 5.244890899194736278e-01 5.165876670190745479e-01 4.621551724248680326e-01 4.648772623974454232e-01 5.732594138974932418e-01 5.675367520735661309e-01 5.709426965854316194e-01 5.613198303227229236e-01 5.714609734992776024e-01 5.873573156592740707e-01 5.745161679600735427e-01 5.493082505358861667e-01 5.709060370323975064e-01 5.635489117119791835e-01 5.369063633516043543e-01 5.727417649303828684e-01 5.879587475846527189e-01 5.899209219617392863e-01 5.516210557497673861e-01 5.907589000860197226e-01 5.914190124595243292e-01 5.846901279322059830e-01 5.924056925598648604e-01 5.872334974538686581e-01 5.884898549989926453e-01 5.920493597000909825e-01 5.900353496139260079e-01 5.814554206053645924e-01 5.758060389061986362e-01 5.890981230590511819e-01 5.452105012053990452e-01 5.848156975961186221e-01 5.877493832456263112e-01 5.838265946707758003e-01 5.817720610766090594e-01 5.653279039505538783e-01 5.889446032348599758e-01 5.904173595023581855e-01 5.850354809477372742e-01 5.876087909923193298e-01 5.739048550916387992e-01 5.804265462506000839e-01 5.818158398440507195e-01 5.823134062557671076e-01 5.825055367555136421e-01 5.906755071180747052e-01 5.889794478945507006e-01 5.915527983341024587e-01 5.903920617797510095e-01 5.868908904737766274e-01 5.907694249791924923e-01 5.819938303276352976e-01 5.717754879130687584e-01 5.936890837163650847e-01 5.925206227667307868e-01 5.937926947513816334e-01 5.935016741799079565e-01 5.870741504906593633e-01 5.879168149465516802e-01 5.931804881358306858e-01 5.928703704623312642e-01 5.912907677963789022e-01 5.948537651432029838e-01 5.884484479327580786e-01 5.951692015241973888e-01 5.884898341510605979e-01 5.959972644886054605e-01 5.953571084210060871e-01 5.902049597123072422e-01 5.861179649431073058e-01 5.959908193238860896e-01 5.919941448007405294e-01 5.972663513421200276e-01 5.931637092960408975e-01 5.961541976381433683e-01 5.755384157140719381e-01 5.760756975192151685e-01 5.897407842210581341e-01 5.915979424473822856e-01 5.929302839680967718e-01 5.903847246151775474e-01 5.884974150125827919e-01 5.934704127928054351e-01 5.901373147993498325e-01 5.773546502889773668e-01 5.887413700868822097e-01 5.960274901127085023e-01 5.945010945319034734e-01 5.936986296722689405e-01 5.960942441409238235e-01 5.912420974630693271e-01 5.878067702747959977e-01 5.880710275886446015e-01 5.939492325538303641e-01 5.867594660775637960e-01
1.594972264590704958e-02 1.063517759054140033e-01 3.399846602475876667e-01 5.896568162319483219e-01 4.622791086092786217e-01 5.362417000324470884e-01 1.000000000000000000e+00 7.310047175995127988e-01 7.300899941372706037e-01 6.796015590875557066e-01 7.345338939946601808e-01 7.874577303698595543e-01 7.292146390141287515e-01 7.235769681901320638e-01 8.431630489108080662e-01 8.045049144857994161e-01 7.101811847946887246e-01 7.603214485541697210e-01 7.592252626679408811e-01 7.127523754660766153e-01 7.090635806762197735e-01 7.535580033914427434e-01 7.491743004885421664e-01 7.205932797701041226e-01 7.118839197336643831e-01 8.016098569765675030e-01 7.907876745886049941e-01 7.974515881337940204e-01 8.011994106787930781e-01 8.019726098368570311e-01 8.192811559629051832e-01 8.063849402389792198e-01 7.658223340491389086e-01 8.007541756810363509e-01 7.543291745471217835e-01 7.734376810538848845e-01 7.878649328859145262e-01 8.175752210112567919e-01 8.191109063571290205e-01 7.835797912714022040e-01 8.101999049148927989e-01 8.230829101612133769e-01 8.187007716967547033e-01 8.258903320547842375e-01 8.213631200982989267e-01 8.222874026505524458e-01 8.183629516355256373e-01 8.097281399455823481e-01 8.011138019569236102e-01 8.144479047503991875e-01 8.101809852483069507e-01 7.723780331108479613e-01 8.103798768067381753e-01 8.022269713328801233e-01 8.080044149682379384e-01 8.119096198394978314e-01 7.892685100016885169e-01 8.115404113875935854e-01 8.050265902522464323e-01 8.035715234651172878e-01 8.106363558268094849e-01 7.954920658476146711e-01 8.014298008729653366e-01 7.987619683552528160e-01 7.951795874776448336e-01 8.031177015482087178e-01 8.131011837655649499e-01 8.215590965843068139e-01 8.234090216608658253e-01 8.274831205676822510e-01 8.203627325788886981e-01 8.193677615862320351e-01 8.210708216426483297e-01 8.131895940254165733e-01 8.191268177819824858e-01 8.221557372492891425e-01 8.258526223396525090e-01 8.275851897007111546e-01 8.232539108209326884e-01 8.169530531727314804e-01 8.176449495986398697e-01 8.192809957030487977e-01 8.157761449284020028e-01 8.117134322754183673e-01 8.271162450054476700e-01 8.222422171864893770e-01 8.194328315904378934e-01 8.296580344988280231e-01 8.218296882130254888e-01 8.204912032926808818e-01 8.231530248761164126e-01 8.237910868796646247e-01 8.221613795980406980e-01 8.251045374364133211e-01 8.154698563684898982e-01 8.129132290580033393e-01 8.132618946774174962e-01 8.058290951067498264e-01 8.162704539383464075e-01 8.230541975019202150e-01 8.268751645711299725e-01 8.192675688788516597e-01 8.164434039665713350e-01 8.222673842414203182e-01 8.180333186460574391e-01 8.062996485859880158e-01 8.132045294990629669e-01 8.141811125213461731e-01 8.211500070049065902e-01 8.137130124235049111e-01 8.165064659485343768e-01 8.088697043288997079e-01 8.088504367003246376e-01 8.106541736648198437e-01 8.087197296164889693e-01 8.108098898750145667e-01
9.576656585566927643e-03 9.878035783276105375e-02 3.302245445804209423e-01 5.725360817046662998e-01 4.544298452868302252e-01 4.811065869253388083e-01 7.310047175995127988e-01 1.000000000000000000e+00 7.201799762673626315e-01 6.390695646064680213e-01 7.067807214927468440e-01 7.681426390647376756e-01 7.138874443059741726e-01 7.045813258622907194e-01 7.948035052526367661e-01 7.903896032933036553e-01 6.833195951197100770e-01 7.142720461783622632e-01 7.154777710945569025e-01 6.693093782147667703e-01 6.792993319903910532e-01 7.308596868653789436e-01 7.042993170856243212e-01 6.466892780349295933e-01 6.393464036563160091e-01 7.684951734036783444e-01 7.625722092302342769e-01 7.490832724875513549e-01 7.362884653404326851e-01 7.514934680256731836e-01 7.799844157523345700e-01 7.629324315498396958e-01 7.161201017324898555e-01 7.551829138544899900e-01 7.313107289095702734e-01 7.300306372930575050e-01 7.571754735239371037e-01 7.776117736635724809e-01 7.834053389385063904e-01 7.278234205700935266e-01 7.787698688597277652e-01 7.856433215408687998e-01 7.742272804017522603e-01 7.978374299635111466e-01 7.820045565547109057e-01 7.849842274964147215e-01 7.845856313857274555e-01 7.852796457044481926e-01 7.712639098135845028e-01 7.701376308972562867e-01 7.815744438486497137e-01 7.301950541333946942e-01 7.770472374387548120e-01 7.834434592058128199e-01 7.877317677024190390e-01 7.752616190676613339e-01 7.744363075913428540e-01 7.940577552779265469e-01 7.887784436292449852e-01 7.849710613549274463e-01 7.884559606657409736e-01 7.825000901820161614e-01 7.913107754890817969e-01 7.795757427132615769e-01 7.847519406062978264e-01 7.830194831449147630e-01 7.845826819414403186e-01 7.883256670129338284e-01 7.859735769137312644e-01 7.979377202628166188e-01 7.905341502468178350e-01 7.869942157295468643e-01 7.806338685690952239e-01 7.634791186672553742e-01 7.911705765342718077e-01 7.883786598285305036e-01 7.849371631396544480e-01 7.860646581266993449e-01 7.764626262483483865e-01 7.821015730213494166e-01 7.820288041659596567e-01 7.879996096206537404e-01 7.878014387252257889e-01 7.843904626035926864e-01 7.907866365263288566e-01 7.868576869288248510e-01 7.859438778837747330e-01 7.959659793452590337e-01 7.904403179274598346e-01 7.911455882190810973e-01 7.828770482027708200e-01 7.881931526267775823e-01 7.871418277536310626e-01 7.915605217574822605e-01 7.861368105704070741e-01 7.860448393313896887e-01 7.819796009261993364e-01 7.868834129367915375e-01 7.934429233136179871e-01 7.906142751035404315e-01 7.967131433428624732e-01 8.017467253219894285e-01 7.837456279996726227e-01 7.962045385271881992e-01 7.890062283212189165e-01 7.885247875584884270e-01 7.901271469970022610e-01 7.867392930681582630e-01 7.943384980697991704e-01 7.890050091242555297e-01 7.947378599444393510e-01 7.874548173030008202e-01 7.917404787264554766e-01 7.923085521385425656e-01 7.890245921867836687e-01 7.877909073365174653e-01
6.548363031391302158e-02 1.416195732417693254e-01 3.538050629418969528e-01 5.622102365391313805e-01 4.460095072515980474e-01 5.097349654888574388e-01 7.300899941372706037e-01 7.201799762673626315e-01 1.000000000000000000e+00 7.609376060034135358e-01 7.950959413564000489e-01 8.410565970878080000e-01 7.726262396161042156e-01 7.655300516340249883e-01 8.488353750680838194e-01 8.357285724453220599e-01 7.806874689170081316e-01 7.783316448329101744e-01 7.891359689430462732e-01 6.938961009977308025e-01 7.054880486238577220e-01 7.930888094142226619e-01 7.812088673741734990e-01 7.293375366396367410e-01 7.330709283184918545e-01 8.521529701042855898e-01 8.473677479756349662e-01 8.412891408127081139e-01 7.894053169134866987e-01 8.554737822177069795e-01 8.691568105168273606e-01 8.541457084717765103e-01 8.111921238367008069e-01 8.332528823667895157e-01 8.242471291298461011e-01 8.005867374030219974e-01 8.448828659992358991e-01 8.332473580434636151e-01 8.553448014031408420e-01 8.078528248387187860e-01 8.652668658026878568e-01 8.573411504473855693e-01 8.339672030744998965e-01 8.656817716878526525e-01 8.664073877879874264e-01 8.464172120974908786e-01 8.780040400799662414e-01 8.805527640917583110e-01 8.685766461837662877e-01 8.421963863981286602e-01 8.457394991546830498e-01 8.244811346190950019e-01 8.658308102151747176e-01 8.774330805683010492e-01 8.697916640351468498e-01 8.618785299967440805e-01 8.610482003250132799e-01 8.697448645164060910e-01 8.638439086124909405e-01 8.817258760872169754e-01 8.709173025245061650e-01 8.680260922855336236e-01 8.633212844124296126e-01 8.642655707039370583e-01 8.682105679479907856e-01 8.755519213031490722e-01 8.791105771339486896e-01 8.765481710432327933e-01 8.773435875258620564e-01 8.645999809910880352e-01 8.732637479102123290e-01 8.773559060814526411e-01 8.653695648962532738e-01 8.629064463256986839e-01 8.793661575847618872e-01 8.787971822998043026e-01 8.746131684649873783e-01 8.666052329498663553e-01 8.686582773402552471e-01 8.801576257007150961e-01 8.775581412380458746e-01 8.807783429184192769e-01 8.771502324270552542e-01 8.779854957079060718e-01 8.728237118687773854e-01 8.739889676522745177e-01 8.760976153281903045e-01 8.728144644213884362e-01 8.770331300832306942e-01 8.734197851584013517e-01 8.710362194976137840e-01 8.757386894985608183e-01 8.783122247675887451e-01 8.732164158763218165e-01 8.789733869654803300e-01 8.801924454048655200e-01 8.555332804434954141e-01 8.607955410565749643e-01 8.736922633234404101e-01 8.708091962343471604e-01 8.680628264446057507e-01 8.715476725430505445e-01 8.766704195552142975e-01 8.736286633602987628e-01 8.760171976105423086e-01 8.703654790432947541e-01 8.780527423922425134e-01 8.795920579372069614e-01 8.766315498048388166e-01 8.784746574141051312e-01 8.744412777611649812e-01 8.816878174313146355e-01 8.762075122791643800e-01 8.740173329658764700e-01 8.785115535290097810e-01 8.803567063257895509e-01
2.528593865495924048e-02 1.775031826752402619e-01 3.500589135026370702e-01 5.211127452153864192e-01 4.030720936721802761e-01 5.072079677841045964e-01 6.796015590875557066e-01 6.390695646064680213e-01 7.609376060034135358e-01 1.000000000000000000e+00 7.550019963293577163e-01 7.886097287688887958e-01 7.276965897771068281e-01 7.114139714150131688e-01 8.025294347968400244e-01 7.819940201360612297e-01 7.270785191793566193e-01 7.279449596372188358e-01 7.349428240308127913e-01 6.387215849199739948e-01 6.441657480801699087e-01 7.241413449858052909e-01 7.500194696933404348e-01 6.808125538724082437e-01 6.955866222524745845e-01 8.056031569503323553e-01 8.006086609995892722e-01 8.155157077542893873e-01 7.733479491521415561e-01 8.169231551260827118e-01 8.254436425154284551e-01 8.071444407155768941e-01 7.808582583954953860e-01 7.748137718054092238e-01 7.846021776227981581e-01 7.390043538702304460e-01 8.047001914826210633e-01 7.969515734763022996e-01 8.116132651557583788e-01 7.669619336117146080e-01 8.186540727124352879e-01 8.051083654488512265e-01 7.753967715759266799e-01 8.162124993465422751e-01 8.186293318155455356e-01 8.135383632602891657e-01 8.270214906372004293e-01 8.314944267773676234e-01 8.101883081600176340e-01 7.834509687308125470e-01 7.952122668697072516e-01 7.470449968311004829e-01 8.003256248201116030e-01 8.226992524744982660e-01 8.116177765959453616e-01 8.206610582321580694e-01 7.857758467119159151e-01 8.124786777932148096e-01 8.063667932386857640e-01 8.207918752332626910e-01 8.055667471101251031e-01 8.066156151469434654e-01 8.026719745830519503e-01 8.019848915387430832e-01 8.015064400016683743e-01 8.058740828415724700e-01 8.302187357550357971e-01 8.256611471369844635e-01 8.295465366806633600e-01 8.091322340353862552e-01 8.175157518570727033e-01 8.287528044427950880e-01 8.087255553103326333e-01 8.143015694587921738e-01 8.303386239982974981e-01 8.300736867108378103e-01 8.313658274180913965e-01 8.300767925870601305e-01 8.258749080169671686e-01 8.326688429959926419e-01 8.303067362760879755e-01 8.337217974576582868e-01 8.279411530774114514e-01 8.297436140990597231e-01 8.195398149899031370e-01 8.191445465410817084e-01 8.280371717459111824e-01 8.269958699464977636e-01 8.296545260506607011e-01 8.245062823331699153e-01 8.271643026586006364e-01 8.293464017454464932e-01 8.290109147200760420e-01 8.273237061220372057e-01 8.316157024155241828e-01 8.335504154856875347e-01 7.967314090117085801e-01 7.947705422335128445e-01 8.191930627279000454e-01 8.199310249364554215e-01 8.133787661878807418e-01 8.175595599697111915e-01 8.207053856602536390e-01 8.232608683964141028e-01 8.178566869138029771e-01 8.067057011406195688e-01 8.250482488377409718e-01 8.313458890586400418e-01 8.289770352638831108e-01 8.288707153370824532e-01 8.266455622965918071e-01 8.281454029849343312e-01 8.245170394569500960e-01 8.198890620320558043e-01 8.230153424228202619e-01 8.190584823654077917e-01
9.880683640444015009e-03 1.538078467590130727e-01 3.809193028556600025e-01 5.830637321741115597e-01 4.360097075172189030e-01 5.452802722958494108e-01 7.345338939946601808e-01 7.067807214927468440e-01 7.950959413564000489e-01 7.550019963293577163e-01 1.000000000000000000e+00 8.624546785917605041e-01 7.750563709771784993e-01 7.800735451330473857e-01 8.667036792799520661e-01 8.517739202495929751e-01 7.826626905055286132e-01 7.871354659514896435e-01 7.805581671090521256e-01 7.071961274227174243e-01 6.990421280429192086e-01 7.720854980624514141e-01 8.052782354853710300e-01 7.307399501963477428e-01 7.317583854147620137e-01 8.618232983341115316e-01 8.560780554392025676e-01 8.642980036934047039e-01 8.127233860573038760e-01 8.588935701352318208e-01 8.880233746630371572e-01 8.703302620750344998e-01 8.394968991659587099e-01 8.424081623352475123e-01 8.440997179647785620e-01 8.224689714555288855e-01 8.666331883102444955e-01 8.701453064040760577e-01 8.789859566378804834e-01 8.399431085008852715e-01 8.826814688135916631e-01 8.780635635025666463e-01 8.574230772223061514e-01 8.878143628716278490e-01 8.817692770430397564e-01 8.727217795164469161e-01 8.912470266069070224e-01 8.917065416214399187e-01 8.714791271018058616e-01 8.612707201649842936e-01 8.670818209310782176e-01 8.262063557893271071e-01 8.661980334783688784e-01 8.860494544513383142e-01 8.783397420056928695e-01 8.872308946675696584e-01 8.548836776931840742e-01 8.824597795066390082e-01 8.736966245028838784e-01 8.875126211070670790e-01 8.794259542421017928e-01 8.700216753311750262e-01 8.680723920660398107e-01 8.681628813368663655e-01 8.733686297384919417e-01 8.790237712872965847e-01 8.963698295235595914e-01 8.905085634112954729e-01 8.913441289283169366e-01 8.840487081116714663e-01 8.830100035954017157e-01 8.892923492751544368e-01 8.766168272961809560e-01 8.729943991170453499e-01 8.949667444099346225e-01 8.948868348057416044e-01 8.904562156195180433e-01 8.857717837719857323e-01 8.858078566653293517e-01 8.923029004427569522e-01 8.939475254825377526e-01 8.950587309912223510e-01 8.950432346183126997e-01 8.926942935377519817e-01 8.870262953492118463e-01 8.871832104416398357e-01 8.956799905397377914e-01 8.952859222479915280e-01 8.959407927022223772e-01 8.904939336069420674e-01 8.946897546352602371e-01 8.963502389230867395e-01 8.959913076254945041e-01 8.946923427707352827e-01 8.966838071258830256e-01 8.984787897124099088e-01 8.724938714250841665e-01 8.687492777150410683e-01 8.891135494957489449e-01 8.903897480460308822e-01 8.879818511127598457e-01 8.879454184308274156e-01 8.901421962140977362e-01 8.943839095221111091e-01 8.905638786336068646e-01 8.753730839263410557e-01 8.915922319279474539e-01 8.965389681406087385e-01 8.922655958077130300e-01 8.951655266891347384e-01 8.923841710868051225e-01 8.951578038800480641e-01 8.903813195192237240e-01 8.887385818577173691e-01 8.916095321233264981e-01 8.910216895821480021e-01
2.342334325093492226e-03 1.357973629385630931e-01 3.950753227276889157e-01 6.280833235525397074e-01 4.685455816702735476e-01 5.736621224079834214e-01 7.874577303698595543e-01 7.681426390647376756e-01 8.410565970878080000e-01 7.886097287688887958e-01 8.624546785917605041e-01 1.000000000000000000e+00 8.321562214625697340e-01 8.315871826975639314e-01 9.183524874691519901e-01 9.053199174707110553e-01 8.278767191678073623e-01 8.298523050670851831e-01 8.281462972762032582e-01 7.588589898676092460e-01 7.528573641083718959e-01 8.338457649595496513e-01 8.340837327709352822e-01 7.564697714981539756e-01 7.662595497783175613e-01 9.114710097025835456e-01 9.091354578523412888e-01 9.018624381832267556e-01 8.625633258494235234e-01 9.009073058903703801e-01 9.364318122455382865e-01 9.143299564205734642e-01 8.736699098097712168e-01 8.915584251247942182e-01 8.852850842506199136e-01 8.690522161585774175e-01 9.082880458003450563e-01 9.167446761934299193e-01 9.293400269476295161e-01 8.772137416509033780e-01 9.344509325792703658e-01 9.304626488910764381e-01 9.121680629356957448e-01 9.406315896749617433e-01 9.310954371044789513e-01 9.271933688429767617e-01 9.426219948513535618e-01 9.432270410898112578e-01 9.269852231206844317e-01 9.113619295702499734e-01 9.220357439587884008e-01 8.787412002204583183e-01 9.247886917237260196e-01 9.368853840721609316e-01 9.320126477511792018e-01 9.334433596238446151e-01 9.126632886355434682e-01 9.384890992151417866e-01 9.301178409558885640e-01 9.401755615723698112e-01 9.356724973797906353e-01 9.253196142011399505e-01 9.281975919425250465e-01 9.251820493482039165e-01 9.289231594812231707e-01 9.316969866060630379e-01 9.467063536259776590e-01 9.394674162883093205e-01 9.401524519869470797e-01 9.385555914530512300e-01 9.354160501550865536e-01 9.415148517481831680e-01 9.245029364897536794e-01 9.182037756788117289e-01 9.470030714191988164e-01 9.441825026069349258e-01 9.394735411371284428e-01 9.386135438319307411e-01 9.340671416947752270e-01 9.417227834414112486e-01 9.443442310836874798e-01 9.458151055796384377e-01 9.418826132121005390e-01 9.435918494233369591e-01 9.375661419217549142e-01 9.371314856304222562e-01 9.426740224608725072e-01 9.459950065038857936e-01 9.475369649481780732e-01 9.426048858410234210e-01 9.377313407963041580e-01 9.465969459149385923e-01 9.456998057195743490e-01 9.451926041000429102e-01 9.467547063563774845e-01 9.478827554662805355e-01 9.262192682836273283e-01 9.234592502457373842e-01 9.430905060552058350e-01 9.426403507664148362e-01 9.438853021196846882e-01 9.442875262346045462e-01 9.419447792532652519e-01 9.471928345000981686e-01 9.426659262463705780e-01 9.327995763962481091e-01 9.423957644080577234e-01 9.459343404677676981e-01 9.458379869909128157e-01 9.469111344145968445e-01 9.463647359559032024e-01 9.461498162564755399e-01 9.443658366673408633e-01 9.409298889587742742e-01 9.444491603417500825e-01 9.423215220270749759e-01
-1.297120401906923584e-02 1.107461000849289390e-01 3.427600425455302746e-01 5.589009749035179775e-01 4.782220222542182819e-01 5.157112141606204903e-01 7.292146390141287515e-01 7.138874443059741726e-01 7.726262396161042156e-01 7.276965897771068281e-01 7.750563709771784993e-01 8.321562214625697340e-01 1.000000000000000000e+00 7.587101376059428581e-01 8.476549184461837916e-01 8.370629561104901972e-01 7.561974158074361574e-01 7.591653025674559574e-01 7.620129022811716890e-01 7.097685508995016379e-01 6.960812704009590179e-01 7.597053624607498223e-01 7.599395173256509040e-01 6.982865024608289062e-01 7.099543885024210965e-01 8.388295620105908901e-01 8.297640902929703799e-01 8.373269893458323843e-01 7.920306806253540888e-01 8.293458784371275927e-01 8.501476390947710904e-01 8.259400517745424386e-01 7.888072420747315183e-01 8.044505639193373359e-01 8.122019060091366649e-01 7.930918286071936274e-01 8.371369867777040952e-01 8.221442456857607217e-01 8.463746673156061773e-01 7.917195728207860883e-01 8.578792683437824751e-01 8.535290881543049490e-01 8.383903754664764341e-01 8.590170874231335407e-01 8.489044061441275435e-01 8.538550475043101828e-01 8.613334282431173161e-01 8.643581425049198241e-01 8.392106907713070552e-01 8.143087855186261770e-01 8.276315247266921027e-01 8.114371974659858600e-01 8.482684464042015149e-01 8.561738657199055025e-01 8.478093330300483510e-01 8.496321135580273687e-01 8.287884806648673219e-01 8.594836857677569109e-01 8.377819745288752618e-01 8.632977561319066240e-01 8.600053360660371293e-01 8.378083019321997948e-01 8.397617725690136314e-01 8.384632910750502433e-01 8.534892659499397904e-01 8.535792526742359554e-01 8.659233966639454660e-01 8.624743651461690419e-01 8.608987943721589930e-01 8.658783503001734605e-01 8.591376276447710847e-01 8.644528973396466975e-01 8.463707139391443146e-01 8.439402935232539482e-01 8.678979700602045266e-01 8.651347165637525150e-01 8.623769933480328609e-01 8.609364544289740406e-01 8.604217905268934929e-01 8.632889847333181654e-01 8.645207656053759404e-01 8.649691280070880284e-01 8.595203933611028635e-01 8.630130725614316711e-01 8.550424316536220370e-01 8.568311451222332398e-01 8.635081899846542841e-01 8.630048605404182505e-01 8.681846096896389531e-01 8.615863203656272118e-01 8.576255388699826065e-01 8.695447037559369541e-01 8.678975199978442578e-01 8.684256788434773222e-01 8.681561895962766062e-01 8.681881672999415267e-01 8.397958214425434997e-01 8.473838997494436143e-01 8.641881303863517827e-01 8.560470956281298616e-01 8.663536620201061078e-01 8.628506643733647730e-01 8.682285734589382242e-01 8.697648239537549841e-01 8.671008372953747934e-01 8.505400541284777738e-01 8.612608862743581506e-01 8.668279202105441117e-01 8.650466067551203508e-01 8.652529363599358314e-01 8.644207620134278791e-01 8.687389487200743998e-01 8.611600505342831280e-01 8.623351992821366441e-01 8.656321755101714643e-01 8.672048961878847662e-01
