1.000000000000000000e+00 1.137844092382266359e-01 1.894646278060290734e-01 1.489299032977767501e-01 3.241165413410129065e-02 5.323605982815052262e-02 8.952446758182411313e-02 8.028896703164271897e-02 2.805411514317214805e-01 7.761546403362225288e-02 1.050396693798777009e-01 8.736225880142882427e-02 4.041949818367916725e-02 4.044689613793668419e-03 4.354543377079129335e-02 4.077610005598534398e-02 1.195853544939747271e-01 1.379845645451578950e-01 8.986825841065761156e-02 4.822362638514731542e-02 1.138145878497434788e-01 1.305875039408238014e-01 5.478369704679214580e-02 1.081097813632866111e-01 1.024469367696855260e-01 1.520630242471350535e-01 1.286898564384963417e-01 1.000185014697554525e-01 1.387835649171794972e-01 1.577054118515910097e-01 1.530479402711504011e-01 5.729785518513164089e-02 7.300525687453832124e-02 3.270720896497635727e-02 1.055720199263154302e-01 5.406419843364279436e-03 7.927211222849001038e-02 3.952617639664696841e-02 3.639934245625154469e-02 8.844151423675546434e-04 3.780125590340691066e-02 1.483216128853396751e-02 1.198855206412547357e-02 4.225145334089162180e-02 5.325308128497337895e-02 4.674037474958186306e-02 1.980043860819023435e-02 3.481411958200118090e-02 4.870887262152433228e-02 2.694779420238749626e-02 1.614048894665370479e-02 3.512787810038271036e-02 2.288409122551762417e-02 6.830101466117742548e-02 5.240187829692753707e-02 2.564416081124426539e-02 7.432610860132181363e-02 2.707567106994639150e-02 1.850650379703767251e-02 7.163119411836160744e-02 2.817430166201717948e-02 4.211983825535046966e-02 5.334928661208797329e-02 5.105006724454724115e-02 6.707098367791383686e-02 7.769186005025073560e-02 3.118812954032325682e-02 3.712983403282275885e-02 4.100022354756792387e-02 3.217173350668662418e-02 4.306697067273190099e-02 5.377557186358451757e-02 2.659638761987544522e-02 5.409614417757042243e-02 5.365569797400989577e-02 4.786086199578232919e-02 4.350949957896158710e-02 6.127586830310632893e-02 4.421057955741732742e-02 6.660282672841028040e-02 4.356394495255721394e-02 6.209075851522746076e-02 3.426586551808738501e-02 4.341134483199132754e-02 2.840124080941538662e-02 2.687652095737465274e-02 1.834650433152705193e-02 2.771985960748627256e-02 2.999239749409070982e-02 3.133332087587257370e-02 1.880235963133317090e-02 1.828124910705286946e-02 3.191460751131963008e-02 3.876694036174171271e-02 7.657460896766685697e-03 1.836648170748280198e-02 2.910548264677845914e-02 6.688525413545479137e-02 3.068806147366961307e-02 1.738073445531073541e-02 1.325656624274527441e-02 4.205565859174757726e-02 2.209782513192328976e-02 3.183151207389962184e-02 3.516275823529437655e-02 5.259177914258431064e-02 4.043352528896514836e-02 2.673304616162740233e-02 2.686466389046352279e-02 2.292752209880602118e-02 1.454210174320676001e-02 3.340373315351424788e-02 2.984072645490530584e-02 3.803067133941329808e-02 4.024017252588595051e-02 4.843142618677390154e-02
1.137844092382266359e-01 1.000000000000000000e+00 4.220733921366373598e-02 9.461594099999635563e-03 1.297820190880786227e-02 3.741250859699343789e-02 6.125299707200888844e-02 4.324122939098566654e-02 1.360941425466472843e-01 1.451826016138202391e-01 7.987892258177889393e-02 8.105696646691433471e-02 9.644426426858207502e-02 8.262424518800257078e-02 1.002691886258067905e-01 8.840246886037349261e-02 8.197351382468856529e-02 7.514398686511356007e-02 6.286781138398980784e-02 1.246657221373943109e-01 2.964481091147202693e-02 5.595337456835815931e-02 7.526043043224003859e-02 6.005229929723952809e-02 5.357118453619941212e-02 1.168171451697471164e-01 9.950297761123505502e-02 9.412094144422532283e-02 8.925350279939738007e-02 1.285431927151876319e-01 1.290039906217013976e-01 1.036560502156499419e-01 7.454636706623005149e-02 9.191309307203905654e-02 1.229464499217959444e-01 6.080751681459263536e-02 9.848212013837824574e-02 8.927102947980171399e-02 9.943898192916901524e-02 6.403429835219402733e-02 1.095490054468773317e-01 9.802052029387479937e-02 8.084021803224769598e-02 8.339476150144643773e-02 8.054292981681913932e-02 1.109627993602965296e-01 1.159734808263366695e-01 1.255655689527697960e-01 1.111991301200242893e-01 8.734681301272945175e-02 1.013131211509064045e-01 5.561046903771336980e-02 8.210001630547199281e-02 1.367731961002105201e-01 1.307065163234298610e-01 1.100224382900748810e-01 1.176942099981145989e-01 1.124299956231914199e-01 1.173074545731770807e-01 1.220248133935645657e-01 1.113420792379423013e-01 1.162699525240502713e-01 1.167905927042795222e-01 1.137250987427438492e-01 1.008360319968328311e-01 1.148690904403459750e-01 1.220581928960044471e-01 1.055957555766153799e-01 1.170197469095875659e-01 1.177179019755785760e-01 8.989794966167104218e-02 1.038173907324617395e-01 1.068274155974099915e-01 9.416169714929489842e-02 1.193478575641986478e-01 1.145193818885320569e-01 1.161879634424188568e-01 1.096143708669046202e-01 1.109377862366095618e-01 1.263198146722243342e-01 1.111048533611962708e-01 1.234377310606099981e-01 1.120764977328473078e-01 1.224186247033567237e-01 1.019530124977504892e-01 1.100149572289152305e-01 1.037504984720462042e-01 1.144702485826910449e-01 1.155122091548344970e-01 1.243650933631555988e-01 1.023688174808373291e-01 1.095362384440187326e-01 1.028025051841616744e-01 1.151286487398222314e-01 1.162674950174118899e-01 1.219669063900212375e-01 1.019910543943834541e-01 1.126122623177518850e-01 1.129758672904157268e-01 1.025950384392420728e-01 1.000016511490661869e-01 1.178472860440056141e-01 1.013501810912770112e-01 1.076545175645654273e-01 1.015325340031360407e-01 1.180549158705991447e-01 1.162156201135753075e-01 1.242421828027929637e-01 1.213753974416424269e-01 1.142183748914581548e-01 1.156136334487014167e-01 1.204148998006505239e-01 1.194022772485763828e-01 1.182330679894066094e-01 1.118174618307654078e-01 1.132439137277723579e-01
1.894646278060290734e-01 4.220733921366373598e-02 1.000000000000000000e+00 2.563311225296609486e-01 1.021115165688051690e-01 1.814093347184082272e-01 2.392390226733634440e-01 1.741479316046594672e-01 3.186640400572798848e-01 1.940771950612547314e-01 3.109545399543903188e-01 2.836464552301030673e-01 2.233766865992313222e-01 2.178107931353039650e-01 2.598897482075590570e-01 2.431831447000562252e-01 2.930798095958997984e-01 3.354948166350583127e-01 3.452780935097364834e-01 1.311524745838446582e-01 3.330463667972630715e-01 3.591093173200367583e-01 3.051898485759408919e-01 3.550717580717279165e-01 3.586823687545163120e-01 3.399911435433594087e-01 3.519692622715667740e-01 3.331242326726713832e-01 3.399554178116161451e-01 3.430730435860140926e-01 3.501618320795242822e-01 3.005593637388114248e-01 2.968604168191721349e-01 2.801072941236664171e-01 2.927755346576039752e-01 2.303348063758841324e-01 3.105303480449008724e-01 2.775013933335462313e-01 2.760651683783592603e-01 2.512787206511899463e-01 2.741730671897419924e-01 2.744051917811828889e-01 2.329323556464028833e-01 2.830330894614062620e-01 2.929614252687249287e-01 2.842866019979442549e-01 2.606412641410484898e-01 2.579373447459033519e-01 2.586557497024113972e-01 2.372050024814643665e-01 2.500279438212628103e-01 2.515573355489736929e-01 2.364182347281860996e-01 2.653463136413258816e-01 2.678411864579115509e-01 2.642884505526625905e-01 2.591785734460587132e-01 2.680941449360108031e-01 2.603102223074809096e-01 2.695621406759536320e-01 2.541004108409624651e-01 2.588068435969307357e-01 2.619466618299811089e-01 2.602696457948320830e-01 2.846191823112188546e-01 2.690963554693976412e-01 2.678087991016427916e-01 2.941826550727191236e-01 2.911530054935890233e-01 2.528869906439928372e-01 3.093646219564644140e-01 3.111959744561452745e-01 2.954769713993793401e-01 3.186804086904443944e-01 2.884114202658923931e-01 2.943992680913459781e-01 2.868339839379361877e-01 2.992864005084641121e-01 2.846015882118003160e-01 2.950182198791438948e-01 2.921568178523670789e-01 3.009565453345836583e-01 2.706565088855844015e-01 2.823014225256375020e-01 2.720018982138286412e-01 2.800855243252393656e-01 2.692939671235108912e-01 2.731559043642568518e-01 2.672771879653151883e-01 2.681494997838453909e-01 2.762749371223868211e-01 2.670987475564877700e-01 2.788800004964379631e-01 2.809055488418951696e-01 2.518841457663720251e-01 2.540406212151583576e-01 2.530309895103044493e-01 2.593687692606906348e-01 2.574614187177916014e-01 2.535594458732761680e-01 2.481697661986418391e-01 2.646246671806181672e-01 2.547896793652419944e-01 2.668455932716398693e-01 2.660466521675284302e-01 2.631522757867490458e-01 2.571562246823760889e-01 2.595420650522686778e-01 2.600745829068090709e-01 2.579985391568990760e-01 2.608806236585642369e-01 2.584061349507707495e-01 2.566067521249912886e-01 2.536029596233811412e-01 2.683277290025193884e-01 2.629969434269794348e-01
1.489299032977767501e-01 9.461594099999635563e-03 2.563311225296609486e-01 1.000000000000000000e+00 3.219758755258875782e-01 2.817788682810445922e-01 4.704983268683141651e-01 4.676424659166427689e-01 4.761088297427099603e-01 3.349662363467587611e-01 4.537365976934039646e-01 5.638441504777342850e-01 4.054605423342145243e-01 3.503117739073084991e-01 4.872559577351156523e-01 4.914623475326745372e-01 4.621068977686456081e-01 4.148813433948774776e-01 4.524883570204611960e-01 3.705752107579829979e-01 5.489850685328174773e-01 5.429105223423322801e-01 4.224553190548677728e-01 4.352959152785160213e-01 4.886703361050612204e-01 5.190728082659774589e-01 5.202208492910300741e-01 5.046609476560443008e-01 5.200726304690214130e-01 4.618870102103354025e-01 4.916601814213927835e-01 4.604799950045073142e-01 4.678009881710150641e-01 4.376531790786983844e-01 4.122150104625178502e-01 4.687372430247025434e-01 4.925831748016217815e-01 4.999288782482363969e-01 4.785372280592692928e-01 4.604005411074492127e-01 4.655114189376300948e-01 4.696469890484258336e-01 4.568213299612363665e-01 5.148549003336252428e-01 5.121871066728773680e-01 4.774773711107737628e-01 4.530320271744565086e-01 4.321031053709674108e-01 4.638843316004108708e-01 4.747438101342806860e-01 4.753555114658004066e-01 5.082344569938687107e-01 4.672830907007361478e-01 4.439839126145015968e-01 4.643327578977468617e-01 4.680831121846573684e-01 4.612103693067882704e-01 4.655018392885829637e-01 4.584808751667135418e-01 4.634908638169220052e-01 4.562132500828152137e-01 4.661947880135757227e-01 4.676906615476300599e-01 4.695122588444153311e-01 5.012244451875039752e-01 4.754514142866956283e-01 4.290032784219998674e-01 4.475811172547434769e-01 4.483349756826636723e-01 4.726802874723561865e-01 4.995681248979012556e-01 4.838694503023942550e-01 4.448533117047631658e-01 4.787793937932554034e-01 4.604975754161528823e-01 4.582591922202640666e-01 4.568114858069286521e-01 4.823388439129355776e-01 4.564426270210578673e-01 4.528516852618089672e-01 4.607484050142111598e-01 4.641738581652303797e-01 4.543128146831867387e-01 4.316430913532501856e-01 4.649494115774404079e-01 4.489196362148833441e-01 4.623481058088144691e-01 4.606685545106384838e-01 4.548056629096117187e-01 4.420677526866887419e-01 4.644501697621587488e-01 4.559183659408056477e-01 4.720842166800759410e-01 4.708733996912954911e-01 4.293043032233688772e-01 4.314192504681972906e-01 4.785929009308678705e-01 4.759985772693363648e-01 4.575762943227164037e-01 4.690967186996690130e-01 4.557844164861579173e-01 4.721242416416916443e-01 4.639626150821155592e-01 4.821466357542227854e-01 4.752482212645481319e-01 4.616494243810630449e-01 4.565160576299827633e-01 4.310237285367315430e-01 4.374846273285334930e-01 4.560434605748941439e-01 4.558604818843066675e-01 4.450805717037645826e-01 4.518165364995904154e-01 4.519900686501876486e-01 4.615173003131458618e-01 4.653293548428737991e-01
3.241165413410129065e-02 1.297820190880786227e-02 1.021115165688051690e-01 3.219758755258875782e-01 1.000000000000000000e+00 2.537499770861377790e-01 4.287775960005633658e-01 4.083394442655233214e-01 3.629382823769668476e-01 3.193339004729197628e-01 3.667782859556374953e-01 4.459131398439328819e-01 3.903693375524333598e-01 3.578463863567026837e-01 4.470348179520298726e-01 4.534822916152284056e-01 3.850194007803625640e-01 3.053152381625527934e-01 3.365680668306269552e-01 3.041582930978258825e-01 3.980146423929502575e-01 3.843993412444958735e-01 3.722696490485618015e-01 3.105219525173668615e-01 3.411879929493826791e-01 4.225455409331976275e-01 3.973995310174816553e-01 4.346125721032477185e-01 3.766982230439241963e-01 3.549065855398051417e-01 3.850674282934931081e-01 4.042216077438767763e-01 4.310560261134588345e-01 3.836972961571379903e-01 3.785738268375190563e-01 4.272319029897861942e-01 4.204683339651961171e-01 4.332800024319690690e-01 4.390765572604541367e-01 4.613726792990173187e-01 4.264383837450018699e-01 4.373661130766410832e-01 4.652653252397391248e-01 4.589268629150617951e-01 4.377682727964370413e-01 4.335220022815253760e-01 4.164240785541241663e-01 4.020482837166354240e-01 4.150471682259589401e-01 4.077490224679757302e-01 4.207927949053221761e-01 4.352266020422089210e-01 4.232743246313006580e-01 4.021084719952623954e-01 4.118743333578646082e-01 4.373205770065485276e-01 4.018765673463213783e-01 4.248786977420837552e-01 4.190366252604256214e-01 4.188787308834542311e-01 4.175686968788908104e-01 4.172023215003471952e-01 4.108790877303218347e-01 4.114667939471777225e-01 4.247287785086844014e-01 4.128200308219529546e-01 3.947694609094544727e-01 3.986945146125839279e-01 4.023859596191056709e-01 4.141630887856602161e-01 4.249225909036038473e-01 4.101327214882780625e-01 3.949411841706776949e-01 3.975624342576347114e-01 4.121668093239173603e-01 4.096522307733460599e-01 4.123233945615507046e-01 4.088164850074372247e-01 4.012667083918435851e-01 3.926198489210159792e-01 4.072404974034513625e-01 4.013227257870327080e-01 4.101527844122360711e-01 3.967887544331430427e-01 4.239572563114546999e-01 4.110094507375029460e-01 4.159601754748261659e-01 4.159700297839819538e-01 4.215558550466738663e-01 4.014997083133377553e-01 4.302580352340845682e-01 4.238491846047077738e-01 4.258707449370339182e-01 4.229380168380774685e-01 4.000000960975562125e-01 4.016742691006544019e-01 4.288152077983417576e-01 4.003874096065914157e-01 4.091408326314030508e-01 4.237033359932005916e-01 4.327534988320228537e-01 4.099717875103157105e-01 4.262276434165731542e-01 4.361176346834366724e-01 4.157337269636711130e-01 4.039440866376284300e-01 4.083126526690525893e-01 4.009405396004631084e-01 4.060438282014788292e-01 4.170043884920615618e-01 4.107717128773623050e-01 4.087938919592060683e-01 4.089184703775998742e-01 4.087839540022928375e-01 4.107995023613838503e-01 4.068082501646148041e-01
5.323605982815052262e-02 3.741250859699343789e-02 1.814093347184082272e-01 2.817788682810445922e-01 2.537499770861377790e-01 1.000000000000000000e+00 4.557214522160911163e-01 3.352813215760898635e-01 4.179308151757616385e-01 3.289885536602152882e-01 4.031883048867388464e-01 4.568741899912358018e-01 3.904317549574944923e-01 3.791881840104095458e-01 4.646766951426764547e-01 4.336181288692274038e-01 4.336013005731871317e-01 3.849341710241028780e-01 4.319032833019446072e-01 2.937920698332382452e-01 4.212762351829819618e-01 4.462066815290078869e-01 4.276349017233341820e-01 3.969729077841198661e-01 4.188285080562972329e-01 4.678374223986160874e-01 4.509487708766811154e-01 4.757829599326892644e-01 4.450349812436660835e-01 4.320178500353518691e-01 4.598228617266549301e-01 4.676045117784474181e-01 4.495342362665987190e-01 4.252552968400282740e-01 4.293598480012927321e-01 4.358152091351092938e-01 4.723722347741331484e-01 4.612046806653006259e-01 4.733480717823971284e-01 4.440807009814686235e-01 4.705254591525178665e-01 4.680729839526652780e-01 4.511453665469410401e-01 4.864510372883134592e-01 4.721743773287042645e-01 4.813258575906214087e-01 4.661902685563819593e-01 4.616147735479214642e-01 4.634291487925930042e-01 4.366469312434067551e-01 4.517552396261863001e-01 4.430571118417596654e-01 4.451931636182490104e-01 4.592195921368538158e-01 4.632507299149784541e-01 4.665084470735854083e-01 4.503733662427218953e-01 4.648946207048714752e-01 4.654598564366532742e-01 4.661699975281494157e-01 4.601018828319909937e-01 4.635500623493702399e-01 4.590895389337227850e-01 4.656147502913800529e-01 4.798659138769328369e-01 4.625419673396329867e-01 4.619298644334640658e-01 4.710436160029633501e-01 4.703331002145457740e-01 4.578262728131598513e-01 4.830689498379885372e-01 4.817993518091359118e-01 4.657100091909260886e-01 4.722568453219321838e-01 4.768464330646001170e-01 4.756155663696827185e-01 4.768281198296414614e-01 4.761286151577010517e-01 4.736314293654361185e-01 4.642989302529284545e-01 4.719584132828452683e-01 4.751234171024865671e-01 4.699501138701917546e-01 4.666559065326278954e-01 4.710844170364841266e-01 4.652058154411030655e-01 4.712930533946271816e-01 4.744154090753026076e-01 4.664754827911906654e-01 4.696188973220776219e-01 4.796528915984851205e-01 4.757686556487526475e-01 4.771933760746973618e-01 4.791945471211258578e-01 4.581580775708202768e-01 4.647570214971686320e-01 4.683521771847173887e-01 4.559281779566463633e-01 4.652120898451176934e-01 4.668656148175488463e-01 4.680501097161461899e-01 4.686826428092050190e-01 4.620339773353969171e-01 4.760923352134088793e-01 4.653820752874457956e-01 4.631831526050885217e-01 4.642599716159500622e-01 4.647497851590697282e-01 4.679619651978172978e-01 4.665861157275633109e-01 4.675979926475331006e-01 4.656598438877027624e-01 4.671826884997768436e-01 4.617859603352703624e-01 4.675106055599433930e-01 4.610743776286405637e-01
8.952446758182411313e-02 6.125299707200888844e-02 2.392390226733634440e-01 4.704983268683141651e-01 4.287775960005633658e-01 4.557214522160911163e-01 1.000000000000000000e+00 5.962251110793869158e-01 6.452627665144560209e-01 5.213082909152164657e-01 6.263689372656112697e-01 7.127214935343859636e-01 6.079449552010204316e-01 5.876497393271804537e-01 7.480587129489798537e-01 6.978338791974838529e-01 6.763434235407368433e-01 6.316856503014672830e-01 6.682603216789482214e-01 4.962070541255810263e-01 7.167079231540480766e-01 7.048201232253131776e-01 6.730305075982432328e-01 6.267939399660354960e-01 6.556597387094392770e-01 7.442977150161804722e-01 7.172023219273324646e-01 7.597699574161705938e-01 7.139665519508449076e-01 6.574705039771704396e-01 7.153143372257467769e-01 7.236762319183502878e-01 7.296071338078516932e-01 6.828750658022948450e-01 6.607587750478626232e-01 7.082373471904266360e-01 7.283282826962519385e-01 7.440532147497905813e-01 7.348954183554883279e-01 7.365690761462038161e-01 7.147345541873354469e-01 7.301946270315320398e-01 7.211009982371893168e-01 7.549232969498638202e-01 7.411280481327119363e-01 7.385723982968241952e-01 7.024038564943929641e-01 6.909498161705857067e-01 7.076773971216773207e-01 6.932286705033630092e-01 7.111979332731700465e-01 6.985385304393366690e-01 6.863630029458895887e-01 6.817731163554630047e-01 7.042843597307832937e-01 7.388837941810545429e-01 6.750439792451816690e-01 7.082797867623102928e-01 7.085980409588745754e-01 6.949959074464741038e-01 6.983623022961997773e-01 6.972711026524960332e-01 6.943942204214115232e-01 7.095237820328014200e-01 7.257960795393106901e-01 6.866632696728834917e-01 6.906098452611391103e-01 7.048915284142834858e-01 7.084235805605196834e-01 7.041568639221702508e-01 7.359354957838292188e-01 7.219577657239415469e-01 6.972056241452480041e-01 7.129156847359146010e-01 7.194229986299425228e-01 7.113149947713427457e-01 7.201378572746982565e-01 7.242432610253498604e-01 7.017752148525741029e-01 6.875116623658227288e-01 7.082076221900592827e-01 7.093568088527578697e-01 7.124737463164881879e-01 6.894378539659546945e-01 7.130976068743059004e-01 7.026419282812428335e-01 7.070408479955498926e-01 7.133832857960507035e-01 7.080793858648263273e-01 7.044579611305182842e-01 7.304363065487230466e-01 7.170381367008381579e-01 7.185764851357177019e-01 7.232124543495297431e-01 6.820104250410961022e-01 6.877952689301677358e-01 7.104762727393957311e-01 6.852541743394365836e-01 6.963269583677941243e-01 7.095496367098963475e-01 7.137518258202359966e-01 7.000963568348205213e-01 6.976802935250502324e-01 7.193187436498000853e-01 7.039786168942904210e-01 6.849405356643458731e-01 6.952390006689656010e-01 6.914225577223699348e-01 6.982759343632520821e-01 7.040132190754421204e-01 7.046791963079527266e-01 6.892688173681492669e-01 6.963058116214455584e-01 6.926727233878718915e-01 7.039913430077172629e-01 6.846225995908334916e-01
8.028896703164271897e-02 4.324122939098566654e-02 1.741479316046594672e-01 4.676424659166427689e-01 4.083394442655233214e-01 3.352813215760898635e-01 5.962251110793869158e-01 1.000000000000000000e+00 5.408126793961629541e-01 4.712927529695573048e-01 5.427564912746536407e-01 6.597902039629189863e-01 5.655130142965867357e-01 5.097314010414342178e-01 6.642837391474997188e-01 7.025987582240367235e-01 5.856641229681807115e-01 5.220212407900999274e-01 5.631160918249528136e-01 5.673836899862740868e-01 6.160350568658278236e-01 5.679025962895865032e-01 5.657207715884419175e-01 4.971721020540312841e-01 5.192398279830223728e-01 6.288120930699973021e-01 5.922902018785645151e-01 6.306340222119348748e-01 5.881621303192732242e-01 5.727451027361241120e-01 6.095854068547724713e-01 6.494066651005913071e-01 6.338687754528137264e-01 6.206089041117203164e-01 5.997989782413493121e-01 6.551771352579157659e-01 6.369472308980708153e-01 6.805635288289492157e-01 6.700351806438817892e-01 6.447833727761361766e-01 6.331956113613816939e-01 6.380683825903509243e-01 6.611713034725239524e-01 6.738274261212987559e-01 6.637196759149220915e-01 6.519408927056687952e-01 6.435117658765996396e-01 6.279257505669831874e-01 6.609350690483946078e-01 6.736745568640217785e-01 6.852345162309891879e-01 6.622184859067886675e-01 6.523157644838371017e-01 6.413082447648261741e-01 6.663621579226959302e-01 6.708798129951002442e-01 6.668686803265957419e-01 6.485217274328695103e-01 6.687032853202389271e-01 6.412486078100638753e-01 6.627017741333385281e-01 6.648698543631245128e-01 6.773903656464270728e-01 6.667945589503748716e-01 6.591207227169755267e-01 6.606116912923553075e-01 6.202806446370501270e-01 6.197266325695626188e-01 6.268774873337329412e-01 6.601658927206295324e-01 6.433593994421819007e-01 6.299994304311297144e-01 6.077159825795707127e-01 6.151890933518692206e-01 6.336062948299010511e-01 6.259816633771441152e-01 6.337637270374989473e-01 6.335159196866451126e-01 6.234461438235513464e-01 6.239143052673675749e-01 6.303006988584045622e-01 6.278784830832251362e-01 6.465977657963459801e-01 6.239213636618808900e-01 6.486573284177896692e-01 6.339534042431750338e-01 6.397706178267187349e-01 6.494354230054611987e-01 6.475225723384619991e-01 6.353321521188824983e-01 6.429970173252822496e-01 6.421984354914210824e-01 6.459827853858119973e-01 6.505079570365871477e-01 6.214612192371009591e-01 6.273555904847044618e-01 6.695611438602294685e-01 6.571667592722976181e-01 6.508481082837775933e-01 6.603364223639823782e-01 6.540261769197288633e-01 6.685690243768487306e-01 6.444196104790482771e-01 6.614056746626330030e-01 6.515733499775693272e-01 6.504774754448219287e-01 6.478701319546311677e-01 6.281045862120283596e-01 6.368309424969575971e-01 6.447975659266762527e-01 6.552182210676879004e-01 6.350479527836327964e-01 6.520359516990468229e-01 6.474386924437349755e-01 6.443705966449327915e-01 6.486176999981726476e-01
2.805411514317214805e-01 1.360941425466472843e-01 3.186640400572798848e-01 4.761088297427099603e-01 3.629382823769668476e-01 4.179308151757616385e-01 6.452627665144560209e-01 5.408126793961629541e-01 1.000000000000000000e+00 6.072198466071243583e-01 7.174429518304916709e-01 7.552010309175929414e-01 6.303861616082474528e-01 6.047236291031000688e-01 7.456381879966103021e-01 7.089875881291789472e-01 7.418481654876133424e-01 6.792076488990657079e-01 7.228691792597865540e-01 4.919446427684849854e-01 7.126107443873234137e-01 7.420724654765054051e-01 6.772981649049248931e-01 6.635025832953830305e-01 6.979126742642332015e-01 8.058729489643811084e-01 7.829745739846838415e-01 7.643130480780108149e-01 7.547074399166466829e-01 7.978099925141226567e-01 8.205430168925533785e-01 7.611389463878072137e-01 7.395367256454075111e-01 7.172113896386738130e-01 7.598041740774266195e-01 6.872759184968735280e-01 7.783244867434685466e-01 7.566444634939201164e-01 7.598479917555575058e-01 6.873848506590107821e-01 7.707488758334098966e-01 7.439775180282517386e-01 6.932812188916370744e-01 7.752707365627022895e-01 7.640268573150301723e-01 7.727385485746551819e-01 7.622348719092723046e-01 7.729285089170118139e-01 7.754173107051935965e-01 7.287678127743238976e-01 7.430464945965495893e-01 7.081583595518624596e-01 7.233105265027094388e-01 7.858135853651753155e-01 7.815629970817713490e-01 7.585783218412163187e-01 7.712075746888075178e-01 7.662206545186431850e-01 7.639408733286463526e-01 7.884672313459594184e-01 7.547408170468634658e-01 7.699625134593601761e-01 7.683303731963871952e-01 7.747882539081567543e-01 7.947410334757463168e-01 7.834494368890354554e-01 7.640391404959899768e-01 7.756372644679510042e-01 7.775243165049766647e-01 7.430757238072237536e-01 7.885133930226504440e-01 7.900435113793289332e-01 7.542585752417747536e-01 7.760307753049976442e-01 7.895187264182321751e-01 7.816541017857780993e-01 7.779029798465931789e-01 7.897624414186955599e-01 7.736353776332329790e-01 7.878513292181776873e-01 7.804429248213822223e-01 7.918701932028623380e-01 7.756555770034415653e-01 7.697901600117083021e-01 7.678420857836669722e-01 7.667660186879259321e-01 7.628779749585486991e-01 7.694973901845229003e-01 7.700723109392419996e-01 7.703251235580117484e-01 7.613231845053139990e-01 7.648500830269343576e-01 7.731666784901933820e-01 7.806061037198996910e-01 7.527221963676734573e-01 7.590372053156949628e-01 7.592316567568813124e-01 7.790382047465364002e-01 7.671394640533658604e-01 7.568775070873992039e-01 7.508104562242204905e-01 7.778926302467393805e-01 7.553361782319869544e-01 7.739535835686683907e-01 7.681368362912287528e-01 7.775240830780386636e-01 7.748586608986381963e-01 7.633624832729855036e-01 7.683377859087278106e-01 7.683240853498093381e-01 7.650908949450777596e-01 7.675002502827432682e-01 7.699195190596073157e-01 7.687869293352391775e-01 7.768291309821199198e-01 7.725464370093848565e-01
7.761546403362225288e-02 1.451826016138202391e-01 1.940771950612547314e-01 3.349662363467587611e-01 3.193339004729197628e-01 3.289885536602152882e-01 5.213082909152164657e-01 4.712927529695573048e-01 6.072198466071243583e-01 1.000000000000000000e+00 5.764861145482027549e-01 6.500564521131053652e-01 5.778926232748488045e-01 5.577205194283822998e-01 6.739021311974050521e-01 6.577807974564362503e-01 5.864951148879319343e-01 5.347655278335810003e-01 5.840000051333906761e-01 4.811751135465719975e-01 5.306491744033793312e-01 5.537540656083053126e-01 5.839309365903140314e-01 5.152337528219147478e-01 5.467164624908203985e-01 6.550318511082580120e-01 6.426885905814820887e-01 6.480697664661186908e-01 5.921773069346470963e-01 6.581149678913739143e-01 6.775101473076007297e-01 6.722356442607179128e-01 6.424552830887210186e-01 6.435445797102452570e-01 6.551080410625597095e-01 6.336082668402855944e-01 6.593371594276237202e-01 6.867266842898709367e-01 6.918962008214688542e-01 6.312494485963591195e-01 7.011849361497985988e-01 6.869502738375310447e-01 6.544203546221538659e-01 6.932063967130206450e-01 6.729985012921347876e-01 7.007382795282227628e-01 7.103572827150398394e-01 7.105130650346136445e-01 7.077673262295919310e-01 6.818679634424731351e-01 7.011990290042288132e-01 6.452336262856218640e-01 6.732750306032432297e-01 7.072030491940960450e-01 7.082846700447923416e-01 6.952808750338280719e-01 6.834248564059808295e-01 6.994242037056950245e-01 7.051376686968123808e-01 7.026010766350774261e-01 7.106476273530978327e-01 7.003636337540202206e-01 6.993564213732889057e-01 7.049865846128082758e-01 6.935142303172950884e-01 6.928084468300932386e-01 7.062104542838658627e-01 6.994014656027358612e-01 7.035837818326812210e-01 6.891474234494778806e-01 6.806339588197660717e-01 6.934099773171158443e-01 6.854452319776254132e-01 6.744682266320674024e-01 7.064481810535581108e-01 7.011622353191740986e-01 7.049207345527054303e-01 6.935080348240874049e-01 6.966396041448165155e-01 7.074858526765354094e-01 7.017015313015050326e-01 7.089095952503057241e-01 7.065920599002124547e-01 7.046853205605446702e-01 7.027170741482858807e-01 7.001530753164790788e-01 6.960814758655522461e-01 7.108218399818790889e-01 7.095720749228050517e-01 7.077451143075488282e-01 7.002339698164179449e-01 7.075959643031142221e-01 7.010913523330901675e-01 7.104251895721660492e-01 7.068659638132143153e-01 7.075673135596298735e-01 7.018273037226554489e-01 7.074431389320506858e-01 7.128309228361850991e-01 7.058113432264684350e-01 7.007292274502968654e-01 7.147725682444343587e-01 6.981512100728516357e-01 7.061167257050242618e-01 7.051508167088809120e-01 7.034131330909602076e-01 7.110687543144609268e-01 7.094604181541779298e-01 7.114219209273036082e-01 7.087761007230405363e-01 7.091812374686290443e-01 7.071129248156855507e-01 7.085080861568497923e-01 7.102999789004970088e-01 7.053386561285319711e-01 7.060593619224414530e-01
1.050396693798777009e-01 7.987892258177889393e-02 3.109545399543903188e-01 4.537365976934039646e-01 3.667782859556374953e-01 4.031883048867388464e-01 6.263689372656112697e-01 5.427564912746536407e-01 7.174429518304916709e-01 5.764861145482027549e-01 1.000000000000000000e+00 7.629860147260076886e-01 6.441804860955325784e-01 6.315263087435847300e-01 7.525950593819658030e-01 7.084753947332900204e-01 7.028008273482188040e-01 7.016274189938381811e-01 7.466030508814057720e-01 4.578235311166253263e-01 7.194195951689930091e-01 7.472889192420264504e-01 7.156828615548579409e-01 6.934748657216731615e-01 7.335670199711079587e-01 7.836863838461685106e-01 7.840658218272710256e-01 7.765887083946977354e-01 7.682728945965073830e-01 7.958896951398446440e-01 8.256437416521483774e-01 7.747302292253070988e-01 7.661839561270539223e-01 7.320437695891398588e-01 7.695974137819416860e-01 7.090729389053507248e-01 7.875818886200547375e-01 7.717537999730037512e-01 7.773520143915718661e-01 7.183414671983179289e-01 7.828362614549668752e-01 7.683824733532143014e-01 7.181407880238268593e-01 7.922829940472625454e-01 7.840882051702819933e-01 7.920697970873699090e-01 7.816413075580276315e-01 7.836623278135425030e-01 7.823031412206556956e-01 7.382768161356854097e-01 7.621888476096452258e-01 7.247690973254773406e-01 7.496754763850965730e-01 7.816382887161238413e-01 7.892618406139756404e-01 7.754406273383276371e-01 7.626275661394648075e-01 7.798731031243021361e-01 7.846081374910123252e-01 7.861915818844549264e-01 7.704399758523785557e-01 7.799704891241709959e-01 7.746747665707959252e-01 7.770095678358819313e-01 7.909737075226970227e-01 7.793518198002263864e-01 7.761775047399157579e-01 8.026862116183672846e-01 8.021852546488601465e-01 7.533185658256151829e-01 8.111631398089297340e-01 8.133184270942501737e-01 7.906847716018220451e-01 8.077578733459698235e-01 8.032635622864296998e-01 8.027671233917836879e-01 7.972709955960969319e-01 8.157262592521478117e-01 7.962669209698705064e-01 8.049628929540926237e-01 8.035140767624199265e-01 8.117172734904781750e-01 7.899267775101389555e-01 7.923308278522345205e-01 7.891541233770631436e-01 7.923825401652301315e-01 7.906715592462953968e-01 7.897130634612448130e-01 7.913016731862032582e-01 7.875910961140848432e-01 7.905299638074617663e-01 7.887688255070290921e-01 7.958496518850131096e-01 7.992596392925509496e-01 7.786550696065970278e-01 7.810452437772099632e-01 7.717867912182103662e-01 7.723509242687687237e-01 7.845262872181345548e-01 7.768824245075379720e-01 7.743411848244737827e-01 7.877758203705907958e-01 7.751013398007697841e-01 7.878725083184202616e-01 7.816533411556235711e-01 7.817930682102747220e-01 7.811636369649366252e-01 7.811539684970105757e-01 7.884595744819304919e-01 7.852504418403040143e-01 7.883216765157065042e-01 7.808844134207540977e-01 7.870308846577841466e-01 7.740449474972248556e-01 7.840866146543920001e-01 7.807062420177248718e-01
8.736225880142882427e-02 8.105696646691433471e-02 2.836464552301030673e-01 5.638441504777342850e-01 4.459131398439328819e-01 4.568741899912358018e-01 7.127214935343859636e-01 6.597902039629189863e-01 7.552010309175929414e-01 6.500564521131053652e-01 7.629860147260076886e-01 1.000000000000000000e+00 7.513104474436822500e-01 7.030967442517563892e-01 8.680379255992577425e-01 8.434404650219821109e-01 7.751740402895873627e-01 7.143840535023365801e-01 7.738504092764408870e-01 6.213379700756672674e-01 7.835707939205943662e-01 7.877410453826669823e-01 7.693478362736889675e-01 7.100265435836364825e-01 7.612463570552225889e-01 8.517446723168279332e-01 8.392143061982040297e-01 8.474155242443848213e-01 7.874400130277048326e-01 8.021546362868811064e-01 8.564173438940518857e-01 8.534764367533472784e-01 8.313644365212856657e-01 8.143820268007737617e-01 7.954478594361966692e-01 8.292625175097049217e-01 8.580956020346737212e-01 8.692432007436547980e-01 8.775427378176333670e-01 8.378164930378734221e-01 8.763326764101654343e-01 8.709191700196764474e-01 8.485948105708183142e-01 8.975580366327077231e-01 8.891968155694824905e-01 8.799259548641300555e-01 8.793481567202335869e-01 8.701196431929281161e-01 8.863013841613576194e-01 8.545997706684781425e-01 8.775381961308658108e-01 8.585126245262578726e-01 8.683163627352998848e-01 8.664839384584686055e-01 8.787886896352007371e-01 8.805877601791999298e-01 8.643116153527978796e-01 8.779561661558740182e-01 8.785287466777100818e-01 8.810958368822734421e-01 8.797788125777359358e-01 8.805340561921374265e-01 8.770407039398527838e-01 8.832541254216886850e-01 8.904920708593235812e-01 8.780399228684712121e-01 8.661039167686056528e-01 8.728988663912243817e-01 8.725724109992311073e-01 8.762800842308813287e-01 8.878785752085741612e-01 8.839940285721807900e-01 8.606560869465401664e-01 8.725537815195156810e-01 8.805998468557069137e-01 8.757429779641292544e-01 8.744586694310119146e-01 8.708385019351352341e-01 8.712158242296820232e-01 8.672391654336359945e-01 8.770775340545670096e-01 8.806255532522484497e-01 8.791096252229847474e-01 8.612072926760075964e-01 8.778861545823606338e-01 8.725104985833049831e-01 8.772953040022527516e-01 8.812728873485193848e-01 8.808924568770230001e-01 8.713847556743014033e-01 8.820121947101799975e-01 8.824329227448610702e-01 8.901345312378654562e-01 8.868738896408752126e-01 8.695573005447055914e-01 8.709573407661364008e-01 8.816582366758282108e-01 8.743313734538180615e-01 8.804871928494962807e-01 8.852620892512117479e-01 8.791401128516864727e-01 8.826761873727618779e-01 8.820012853801755259e-01 8.923002271424773646e-01 8.844462135199321340e-01 8.756063020144791986e-01 8.801031555014199315e-01 8.712395790675151463e-01 8.740474451947802814e-01 8.819601279785407311e-01 8.769081129828814047e-01 8.762829796730738918e-01 8.788028526156875797e-01 8.771128277942159546e-01 8.804091299424111616e-01 8.813801385776649511e-01
4.041949818367916725e-02 9.644426426858207502e-02 2.233766865992313222e-01 4.054605423342145243e-01 3.903693375524333598e-01 3.904317549574944923e-01 6.079449552010204316e-01 5.655130142965867357e-01 6.303861616082474528e-01 5.778926232748488045e-01 6.441804860955325784e-01 7.513104474436822500e-01 1.000000000000000000e+00 6.381126189748300703e-01 7.769278943673597615e-01 7.560103158681972246e-01 6.724979669375885649e-01 6.048659300567977848e-01 6.741868238099799626e-01 5.357238305815296142e-01 6.467808212628257669e-01 6.655659847082963099e-01 6.880683841643819854e-01 6.162828566087646953e-01 6.591598063323731438e-01 7.339965804419433804e-01 7.220231714837803683e-01 7.397380915862340478e-01 6.586731364591091875e-01 7.080127823641630957e-01 7.459628029148283046e-01 7.526401169826406612e-01 7.301367923206103505e-01 7.304584699996418129e-01 7.156890871287393541e-01 7.337258734206547617e-01 7.654674102532134095e-01 7.570979545182456860e-01 7.857116470307021761e-01 7.475189657108279873e-01 7.887221293479271811e-01 7.828353323609834602e-01 7.660994169965149592e-01 7.941513440967452597e-01 7.823180935034163008e-01 7.879488719896974303e-01 7.952427572680832446e-01 7.889739281280152561e-01 7.855090257103394258e-01 7.431997158527137159e-01 7.761581112936599691e-01 7.517086752920303372e-01 7.824143604468297708e-01 7.848164775573728269e-01 7.839734797499863239e-01 7.850838793204155674e-01 7.673322589363362756e-01 7.902902920705662249e-01 7.860528953415104603e-01 7.976209254698694018e-01 7.941736914779700118e-01 7.915820056729137022e-01 7.839381393978668289e-01 7.868855456678058857e-01 7.922173036229487320e-01 7.872714278887713579e-01 7.898749833322903369e-01 7.868314724937738314e-01 7.882433603945359080e-01 7.792109743448588643e-01 7.871795703184440995e-01 7.908246033513706141e-01 7.787917748486721248e-01 7.800309860280804086e-01 7.909600299132745205e-01 7.865956646147584941e-01 7.843786173577671494e-01 7.699520468256900729e-01 7.857242046554553383e-01 7.819883805083746031e-01 7.899244420173707759e-01 7.900681298300419320e-01 7.929051298631691891e-01 7.835059000056704415e-01 7.896323282784585285e-01 7.928964652221792697e-01 7.964140115911522155e-01 7.940366846795965383e-01 7.963424117741770836e-01 7.897180916610252455e-01 7.931731813832509914e-01 7.951175344443803805e-01 7.986243439926686838e-01 7.982097274660803210e-01 7.912542844512571172e-01 7.930260979792080889e-01 7.876878430286115007e-01 7.788027134755245440e-01 7.933288323560702127e-01 7.907486065822100230e-01 7.971675257413107785e-01 7.924382365088862290e-01 7.999867282618066122e-01 8.029117693241198950e-01 7.970813136944903121e-01 7.893493396260752304e-01 7.912255929626529349e-01 7.910001564743212032e-01 7.915402050437784220e-01 7.962429122053720221e-01 7.893312734998108038e-01 7.979336937925871620e-01 7.932292609736160127e-01 7.951003783674008840e-01 7.960293259769215535e-01 7.948272977550852048e-01
