1.000000000000000000e+00 8.605602706057834117e-02 2.564226208470680723e-01 1.887505074003940908e-01 -1.986584288907491599e-02 4.423051259567472443e-02 1.896196725118347859e-01 1.919867968286609605e-01 2.638490830967297751e-01 2.532759147720086215e-02 1.257247351945322555e-01 1.585067022300429562e-01 5.409125249848363570e-02 9.881483803062905691e-02 1.226149742809317517e-01 1.347990609629267644e-01 2.091834031870095645e-01 2.500765911064803948e-01 1.713841709063085028e-01 2.560478880501878551e-01 2.636371433371446082e-01 1.828326066468105304e-01 2.357480495871204229e-01 1.932353912222729009e-01 1.871677887755627545e-01 2.113853001895805162e-01 1.633527076215486595e-01 1.819257587583363589e-01 1.663431826274504588e-01 1.481286880025712016e-01 1.059972493918237835e-01 1.548221024726538497e-01 1.003003824634280811e-01 1.501094415302826057e-01 1.485084372583565793e-01 8.333137483233295228e-02 1.083498630284073228e-01 1.121872501508863196e-01 7.282304539533171472e-02 8.610701926330209532e-02 6.900398363027458737e-02 7.145717780035473754e-02 5.195266159339900769e-02 6.614782757570768223e-02 6.976165822907029468e-02 7.018526683127158938e-02 9.398580687181931279e-03 4.700110269425995801e-02 7.844738849021197502e-02 1.421844181992182043e-01 9.448742460545567212e-02 1.501935983682601561e-01 1.193042407990188014e-01 9.005666986388077833e-02 1.002023422369312661e-01 1.049567390625336383e-01 1.629503035148157364e-01 5.691515994773340553e-02 8.482497971363288369e-02 9.630314189603868258e-02 5.019347119052889467e-02 8.150252053324992529e-02 9.478710995514226523e-02 7.872756934742734802e-02 1.171282837325363507e-01 1.208425690437975597e-01 5.739129387642449842e-02 5.975845119512307457e-02 7.298018943510607703e-02 9.336035736477293900e-02 7.928728947368147983e-02 6.793519816403767453e-02 8.454456293903654662e-02 8.142509819122575876e-02 8.745002033770972460e-02 5.771907169122615644e-02 5.697288072783614210e-02 7.057174057543354195e-02 6.280830994867118988e-02 5.942651707403226458e-02 6.268199059569647125e-02 5.087134647145884897e-02 7.914589165445978791e-02 5.919845974753516066e-02 6.896567897490070431e-02 7.462393874593788168e-02 4.498254024165201925e-02 4.701633110598395920e-02 3.779431169735528867e-02 7.734843829134216420e-02 4.286021261868599996e-02 2.330788253384897743e-02 4.503406600315804087e-02 2.768315328901679861e-02 2.068938523685385361e-02 2.495899510534069915e-02 8.000192407577691456e-02 1.047331142050493130e-01 4.687851814898121722e-02 4.037965857272710762e-02 1.719262284264666193e-02 5.736546054461304223e-02 7.366373214713367590e-02 2.939810232114748595e-02 7.422373059992186384e-02 9.591477441908312362e-02 6.132557090814626938e-02 2.777197390893702475e-02 4.849581809855683240e-02 3.170386919569236767e-02 3.763180042502575762e-02 3.711905424859744673e-02 4.103397980419352248e-02 4.757155779898084719e-02 7.447682052149214027e-02 7.996506367492169087e-02
8.605602706057834117e-02 1.000000000000000000e+00 3.641683922702215054e-02 6.180781705243590385e-02 1.042938618777629056e-01 5.240498123470753444e-02 1.179296901065670505e-01 8.101969245307610867e-02 1.427497072034673298e-01 1.574445684759940012e-01 1.054085337160255570e-01 1.076909348330789412e-01 1.147563639257305063e-01 1.206231183129790607e-01 1.412837081341207779e-01 1.219731000644106444e-01 1.174597670082578732e-01 1.114917443834565203e-01 1.187648968005308031e-01 1.401612938428282440e-01 1.043878163869740999e-01 1.208203776799251922e-01 1.588163863218974292e-01 1.215902680302018840e-01 1.344052985977420567e-01 1.304889137031851054e-01 1.312505842230268505e-01 1.268579512133478360e-01 1.336766792664710324e-01 1.325841297055525281e-01 1.243794271868551710e-01 1.403740706041507469e-01 1.182450831500114902e-01 1.359877285959298909e-01 1.493640192476698714e-01 1.059109830445202488e-01 1.143404629313189147e-01 1.401007128359214593e-01 1.374792651772610841e-01 1.258070385214729858e-01 1.499257672724585988e-01 1.265790539507084811e-01 1.285261009321398418e-01 1.339885703424743835e-01 1.244063996829251340e-01 1.374035998592380292e-01 1.339883988615734323e-01 1.434745947052751824e-01 1.424313082601957048e-01 1.340148349903152458e-01 1.442533441507765912e-01 1.073605149756076127e-01 1.059103329546988159e-01 1.371777359080135206e-01 1.383467426915154785e-01 1.528680547581059979e-01 1.155555077670440828e-01 1.324759036911788423e-01 1.363866282834544919e-01 1.349301748165424308e-01 1.212687225678895503e-01 1.253987994238159043e-01 1.259715546795469876e-01 1.259804121747899464e-01 1.307230524704595664e-01 1.262773951804359307e-01 1.446483917930111440e-01 1.398781191392798606e-01 1.437517130985176694e-01 1.388186201821428878e-01 1.376103768788726200e-01 1.370135919578505668e-01 1.371162459856189175e-01 1.390338469085684314e-01 1.370367423280519914e-01 1.375508717658401880e-01 1.378120318452863147e-01 1.400557243715395139e-01 1.414043830404945468e-01 1.296672287662454515e-01 1.327933754830239732e-01 1.349002257452428244e-01 1.439079101025341756e-01 1.373792658537160982e-01 1.372663481264663754e-01 1.384883179119594243e-01 1.296962342233231036e-01 1.428355763198588257e-01 1.367075823276012736e-01 1.483449534748284282e-01 1.290257290976599136e-01 1.387957673100015943e-01 1.315393244826420227e-01 1.363962395197935440e-01 1.393056725145722929e-01 1.401507290175191267e-01 1.242424839885477028e-01 1.286252699514988385e-01 1.317263070708075967e-01 1.422980992026334213e-01 1.313180328225034832e-01 1.325277076957418754e-01 1.312359789533305288e-01 1.347116549659226337e-01 1.303337478666145577e-01 1.294267520952144812e-01 1.423303989577213990e-01 1.438300187293546917e-01 1.397019174249508056e-01 1.379685637901631456e-01 1.388659465573343632e-01 1.386683996672288255e-01 1.371702883125805739e-01 1.365786792270851924e-01 1.334554617936102860e-01 1.347683391639084571e-01
2.564226208470680723e-01 3.641683922702215054e-02 1.000000000000000000e+00 4.628157136244397396e-01 1.074802612431865617e-01 1.571498403389041121e-01 4.090466592315836758e-01 3.260253500283909478e-01 3.705112370810907385e-01 1.643908136149939414e-01 4.318517825885256900e-01 3.929840547999514655e-01 2.522317525271984828e-01 2.495756610188994140e-01 3.998397195112383118e-01 3.521413213558084454e-01 4.100637376342500806e-01 4.163681793685886645e-01 3.868521800260074084e-01 4.054788370623905180e-01 4.057610872142176084e-01 4.011491508902053638e-01 4.254482619290411161e-01 3.677439435491814401e-01 3.590799010074730568e-01 4.652347991519892867e-01 4.344579844480728203e-01 4.628253103378869304e-01 3.609673883072246348e-01 3.796481176895886711e-01 3.825683881260864561e-01 4.182743247157435507e-01 4.141564715751288039e-01 4.105900828906822175e-01 3.813898885801095262e-01 3.866983557295693430e-01 4.193050823216017409e-01 3.868626648476526930e-01 3.664531556002863510e-01 4.281832333237469701e-01 3.518595241382039829e-01 3.781680739172772476e-01 3.661247826011856943e-01 3.486350924586736899e-01 3.876408175883729323e-01 3.585336877770405328e-01 2.611138097039444328e-01 2.907023058863859033e-01 3.109003151234336348e-01 3.704601919663818022e-01 3.398458533149300020e-01 3.651208393654557516e-01 3.391946061678604574e-01 3.010666721868236473e-01 3.269659696474991883e-01 3.511236011676867053e-01 3.353460677021262715e-01 3.101457106341594105e-01 3.250650600799633860e-01 2.945188577216616421e-01 2.965665380824968889e-01 2.945930496163160495e-01 2.999734001497902369e-01 2.851710884969695381e-01 3.294699108180981773e-01 2.974540450409950965e-01 2.852442904972506410e-01 2.989463757873684346e-01 3.085243738755037435e-01 3.221361907638957134e-01 3.103331850932385394e-01 3.116940389743310669e-01 3.130174365252826330e-01 3.199117378165829417e-01 3.427847516268685002e-01 3.193113484479756514e-01 3.178748667182142995e-01 3.049256271217306580e-01 3.247817326094979418e-01 3.185155808883433637e-01 3.316746863724698846e-01 3.166262263595743254e-01 3.215924558934821209e-01 3.157978531761079788e-01 3.307309074112448344e-01 3.352872156803971548e-01 3.424605029600599759e-01 3.119777971505329761e-01 3.043900341161466794e-01 3.125686593165369342e-01 3.360017827163381821e-01 2.872049238765556622e-01 3.259845841270358480e-01 3.064704735878884811e-01 2.676109543624283216e-01 2.725669716105652562e-01 3.178537081367239225e-01 3.074718041655218337e-01 2.825345253129085132e-01 2.954989338885742334e-01 2.867849387300684949e-01 2.797876836218583518e-01 3.090727994038455773e-01 2.826057926488940164e-01 3.122233906383665714e-01 2.988198489642653888e-01 2.893092729535474139e-01 2.709229083565456997e-01 2.873439536134917427e-01 2.780734628621954752e-01 2.844637462534841399e-01 2.656363806344045342e-01 2.713394385709593237e-01 2.774080130170811787e-01 3.027525029252885469e-01 2.909087032591384236e-01
1.887505074003940908e-01 6.180781705243590385e-02 4.628157136244397396e-01 1.000000000000000000e+00 1.992431161904769654e-01 2.183756831075835680e-01 5.102872967759914946e-01 4.326723462309696733e-01 4.653358418832607701e-01 3.299069175824228539e-01 5.466119040356623993e-01 5.648322143043391641e-01 3.925207776802115411e-01 3.862119193931844996e-01 5.498875001147409680e-01 5.152224561214879817e-01 5.192085270306543432e-01 4.563416623768668523e-01 4.628646109706045508e-01 4.971186839320988482e-01 4.734348007967872363e-01 4.850536472075338001e-01 5.240319398702988352e-01 4.296825015360952738e-01 4.233937583353514778e-01 6.034668075292178857e-01 5.761024953694663386e-01 6.092281808794212106e-01 4.921867809505267588e-01 5.125297393202985496e-01 5.370078448925881265e-01 5.398122277475804198e-01 5.556068513122840447e-01 5.212268735919461937e-01 5.037808194701989262e-01 5.261436717035901101e-01 5.521359713642662870e-01 5.440057019019906015e-01 5.209418586280815111e-01 5.658438661642161138e-01 5.207784569893969540e-01 5.468521653995918053e-01 5.171968632911491115e-01 5.193190860222787197e-01 5.510493650349806982e-01 5.284565594799469634e-01 4.423700612842006441e-01 4.641690548055671939e-01 4.718231600552802441e-01 5.221485147238172919e-01 5.053545352151623815e-01 5.098196364417406645e-01 4.891095368543166844e-01 4.622325341710453173e-01 4.800502921913307186e-01 5.079052756480838537e-01 4.795822466119016303e-01 4.830268310683453747e-01 4.869411344604385738e-01 4.649209104417835192e-01 4.610039344100941849e-01 4.568842328095850114e-01 4.639568100100349701e-01 4.558574877639647860e-01 4.915149299361808444e-01 4.649082123626909202e-01 4.586912007585202122e-01 4.563165551254040886e-01 4.752984246020640624e-01 4.817409894560709116e-01 4.621056347158129518e-01 4.726322017027709821e-01 4.581129794774180253e-01 4.668027775967137916e-01 5.136487868571150139e-01 4.922193852580141193e-01 4.984179885964791779e-01 4.781045224296482932e-01 4.921003233809091992e-01 4.882749722622953259e-01 5.031271235369065842e-01 4.874388727226244278e-01 4.929101744825404308e-01 4.844762087981802634e-01 4.942124918545874324e-01 4.941330799464236923e-01 5.080738773755043569e-01 4.910614824175923432e-01 4.800935919697469911e-01 4.896381655742526595e-01 5.140635809012432667e-01 4.722126455539062961e-01 5.013674350585193285e-01 4.891472557091944284e-01 4.478751334394936445e-01 4.499281068686451501e-01 4.798560536449644198e-01 4.756120540895782400e-01 4.530491029175003903e-01 4.700091613127401757e-01 4.611187927837263056e-01 4.536939718514010345e-01 4.814307774031821308e-01 4.665140749318665292e-01 4.841163850641571620e-01 4.634313871456910983e-01 4.633227329746321121e-01 4.489839192954345193e-01 4.629077501018805663e-01 4.583656484750197602e-01 4.617430988410878845e-01 4.470130724233212782e-01 4.483781830303122384e-01 4.531809506898956674e-01 4.749303754152126578e-01 4.671831774250999603e-01
-1.986584288907491599e-02 1.042938618777629056e-01 1.074802612431865617e-01 1.992431161904769654e-01 1.000000000000000000e+00 1.443639954955190097e-01 2.942473066348704203e-01 2.919780164719680826e-01 3.293288980634022090e-01 3.230420396557278084e-01 3.500689322253741076e-01 3.578796230050281246e-01 3.679842439913015295e-01 2.806471451123376259e-01 3.751039312679207427e-01 3.493366971964894652e-01 3.244996972805887503e-01 2.854149298645721755e-01 3.161682322613315610e-01 3.264887570350819002e-01 3.004598295374994454e-01 3.206599212601919380e-01 3.280764173366282899e-01 3.068358909140068147e-01 3.097885284946122475e-01 3.558721705600296215e-01 3.584111339385004924e-01 3.325152400937949060e-01 3.245224769248507002e-01 3.440828856882705011e-01 3.944831848455331857e-01 3.638516838982780444e-01 3.126860334980894329e-01 3.451999448549876170e-01 3.321226766691735555e-01 3.555895154169457228e-01 3.498196739292907531e-01 3.671414189345427737e-01 3.867886467697578823e-01 3.410213962643367513e-01 3.975645955586437630e-01 3.944551236953404150e-01 3.911654849042965343e-01 4.118352525254639906e-01 3.857061682960990501e-01 3.996669682427756443e-01 4.107475885740812238e-01 4.090201625901982996e-01 3.956319349866041502e-01 3.549968087861056221e-01 3.796099407508917722e-01 3.707565374024770488e-01 3.801148241025853469e-01 3.921273923138471895e-01 3.818691705278839388e-01 3.959171322665222537e-01 3.646713259378032146e-01 3.985204250576456220e-01 3.861690121439279588e-01 4.029444402875081432e-01 3.976485601619942911e-01 3.910261610389019205e-01 3.784227148125684503e-01 4.029639912444772376e-01 4.069761364633532330e-01 3.956950174523286567e-01 4.053235834706128693e-01 4.056361547811925261e-01 4.045712346423592787e-01 4.002454112222749161e-01 4.026709767808802631e-01 4.067311001814618021e-01 3.946215008492848786e-01 4.031898710527586083e-01 4.046907045925229318e-01 4.072664706466407325e-01 4.027437755114150475e-01 4.000810501421564469e-01 4.081538632297841973e-01 4.011845482648546679e-01 4.029851955996222035e-01 4.133506386379111608e-01 4.040929238959162784e-01 3.962718691510652147e-01 3.947836180770347703e-01 4.005369888404812784e-01 4.024066264944219373e-01 4.058732484544925190e-01 4.073870767265216353e-01 4.073604280524802945e-01 3.970668276378385708e-01 4.148580991478058033e-01 4.056657263851456974e-01 4.106435284947867470e-01 4.128649509005418716e-01 4.133898473183615363e-01 3.901505989565349219e-01 3.957451717393049573e-01 4.052149381386111471e-01 4.049888995668221581e-01 4.118202304820173243e-01 4.024925342221482016e-01 4.046153065798166470e-01 4.159790999838743897e-01 4.042203684928806218e-01 3.978645772735121544e-01 4.082045659068618271e-01 4.167521993834475413e-01 4.090737388248377737e-01 4.134493595526858578e-01 4.103816478163538339e-01 4.165321064332537793e-01 4.098684065379062380e-01 4.124167946871026835e-01 4.112973281178102791e-01 4.036306491723865575e-01
4.423051259567472443e-02 5.240498123470753444e-02 1.571498403389041121e-01 2.183756831075835680e-01 1.443639954955190097e-01 1.000000000000000000e+00 3.837793113533366496e-01 2.647498292171026057e-01 3.461911545856956596e-01 3.125970214810124270e-01 3.227933115399372332e-01 3.702028569688030069e-01 3.105476854462097536e-01 3.054794271991068122e-01 3.855869591180717815e-01 3.606972203691453105e-01 3.608223832726898395e-01 3.006233599291499581e-01 3.262545890606653454e-01 3.419832025438374612e-01 3.000719375391515675e-01 3.479770525366103207e-01 3.529872737562388396e-01 2.994211957831660609e-01 3.228422796820145657e-01 3.869668047289742119e-01 3.848372723719784561e-01 3.932585993146733849e-01 3.474013258169312279e-01 3.630622877716269126e-01 3.901978393607669626e-01 3.911945252347630575e-01 3.900025186407883315e-01 3.820122005838179069e-01 3.744953783081997334e-01 3.862478510788481811e-01 3.960423884368406977e-01 3.820839022019382192e-01 4.061947617831347390e-01 3.972217380119297259e-01 4.063481783656842095e-01 3.957553326210587752e-01 3.926024161551158742e-01 3.992986661131239234e-01 3.987229180598443889e-01 4.022005808214554334e-01 3.833912097660166496e-01 3.933909525945432084e-01 3.847797916558930997e-01 3.759698522232031159e-01 3.805375922777296527e-01 3.835214614783419296e-01 3.860874245759835510e-01 3.791828538897829004e-01 3.796664887894734552e-01 3.936225481273053495e-01 3.645197385065639950e-01 3.880307603814819317e-01 3.837510905104533077e-01 3.846107109002718794e-01 3.867042532304126867e-01 3.795207108237579341e-01 3.681470121392736994e-01 3.690301310732331808e-01 3.872296785914078887e-01 3.703682573101537145e-01 3.888569347487914052e-01 3.839850183781768900e-01 3.898409803635078386e-01 3.921529144882350271e-01 3.850152396605612259e-01 3.941960963819524655e-01 3.750407618123152709e-01 3.810496950033746555e-01 3.995197254984059199e-01 3.997687155484487276e-01 4.009370183605580618e-01 3.866343708953617897e-01 3.883306260091409778e-01 3.942797619068758586e-01 3.987654537771032071e-01 3.950785558953396892e-01 3.964454768201124968e-01 4.009190034466409425e-01 3.946836906721989391e-01 3.957435210915609125e-01 4.036264644602261531e-01 3.998147510630875034e-01 4.011324456428083662e-01 3.897786470366343403e-01 4.075002525182789270e-01 3.960478086253667596e-01 4.045714548092794183e-01 4.019201467534364025e-01 3.909988426143621854e-01 3.911647483102101419e-01 3.845325947816195522e-01 3.820971978952518722e-01 3.828103629963766630e-01 3.947347868359092349e-01 3.926212306380608141e-01 3.828596822891454088e-01 3.937649818749749397e-01 3.901014178730171644e-01 3.902492363422236377e-01 3.743527226899945881e-01 3.859849102992944370e-01 3.889793672181559026e-01 3.899062667145277716e-01 3.903024594150868443e-01 3.925300537524782363e-01 3.852865930214898760e-01 3.846290901652082428e-01 3.862543320027146954e-01 3.931008634396456758e-01 3.825939008074073500e-01
1.896196725118347859e-01 1.179296901065670505e-01 4.090466592315836758e-01 5.102872967759914946e-01 2.942473066348704203e-01 3.837793113533366496e-01 1.000000000000000000e+00 5.945430915682049511e-01 6.438753997596252665e-01 5.124457288746830930e-01 6.761648860705491426e-01 7.133261137249509165e-01 5.935293250709952062e-01 5.441213928404823319e-01 7.796589025450684218e-01 7.209988095153918586e-01 6.757757784314187832e-01 6.353360749880626601e-01 6.466264529233651803e-01 6.808084918160089982e-01 6.564017468649409048e-01 6.742518137900449515e-01 7.205460930032286937e-01 6.098895581194119231e-01 6.255413035779032738e-01 7.701869041151933049e-01 7.417037951562333031e-01 7.705086079847454084e-01 6.599969020732514569e-01 6.985869319780263487e-01 7.405328311916030692e-01 7.412156886240425235e-01 7.210043739751570424e-01 7.201552890208847701e-01 6.937135208929818830e-01 7.062584071452980838e-01 7.404278124535310646e-01 7.484805670752094908e-01 7.459819716362098285e-01 7.510376498288769964e-01 7.325014712381248128e-01 7.526748886020185880e-01 7.229013768913852278e-01 7.402889774703090842e-01 7.456616338276891298e-01 7.516628969804711735e-01 6.729486742374989339e-01 6.982940306685920806e-01 7.089296232680485366e-01 7.210613157004024387e-01 7.255661611920793952e-01 7.030365485276374171e-01 7.025403613164986627e-01 6.945559539545972383e-01 7.087597491115924520e-01 7.334023951600915359e-01 6.896119591898377532e-01 7.070573549688872195e-01 7.198662217944221675e-01 6.966494503141272832e-01 6.901155872082459508e-01 6.926969730150770443e-01 6.875433314350564151e-01 6.801935185557334007e-01 7.060241269958766885e-01 6.794511648523802183e-01 6.942079167701740161e-01 6.963569199863423043e-01 7.128671640280640487e-01 7.194296283792038782e-01 7.046895356914331110e-01 7.072562161113491452e-01 6.908705295682668890e-01 6.986882290927023398e-01 7.389587789649402216e-01 7.209316504738362275e-01 7.270635504626259404e-01 7.044713664575290579e-01 7.245840918443343659e-01 7.234755286822458498e-01 7.316620385122631909e-01 7.202263193826093923e-01 7.234918493528531558e-01 7.178740775690918285e-01 7.160189965189395211e-01 7.166884559664751242e-01 7.273099713117666676e-01 7.239715959304806603e-01 7.182432769352865565e-01 7.248028744507325483e-01 7.381724200257051560e-01 7.072879025778114892e-01 7.258805175304052781e-01 7.206591949206758718e-01 6.881033449201993113e-01 6.891998108866296269e-01 7.063595441981361800e-01 6.934291732963537847e-01 6.901139847129200700e-01 7.078152444201801785e-01 6.988578920763078850e-01 6.883323386723000370e-01 7.017307955277434228e-01 6.971779291916540000e-01 7.049652177450984603e-01 6.893406562824385686e-01 6.978308835511479735e-01 6.899281201492036830e-01 7.005462742504962037e-01 6.943817586551119803e-01 6.988860718619605006e-01 6.809356693383928905e-01 6.856428516620751701e-01 6.887335403672529832e-01 6.990860784540473549e-01 6.871413850701171278e-01
1.919867968286609605e-01 8.101969245307610867e-02 3.260253500283909478e-01 4.326723462309696733e-01 2.919780164719680826e-01 2.647498292171026057e-01 5.945430915682049511e-01 1.000000000000000000e+00 6.169242265242266265e-01 4.855734822595335065e-01 6.049851021744802049e-01 6.652219095220008871e-01 5.794203751781655809e-01 5.023521667645639566e-01 6.745002040476888450e-01 7.077406366376657321e-01 6.376910487504373615e-01 6.239457271424884155e-01 6.363167035756873702e-01 6.605346146339066138e-01 6.574359074969323702e-01 6.566577502375630093e-01 6.881139555923226903e-01 5.862927981092993512e-01 6.087933750237420893e-01 7.007246223927864337e-01 6.648250687751970922e-01 6.879884880865188013e-01 6.211830767071685466e-01 6.307921807075586029e-01 6.718180104044824130e-01 7.038756591347301583e-01 6.371372333734260929e-01 6.858354135508111238e-01 6.440628899603468849e-01 6.571023472544293975e-01 6.775846548109613066e-01 6.953170479991021002e-01 6.814402426939076829e-01 6.718038688282884641e-01 6.741310730656432382e-01 6.827125580499736612e-01 6.624314592774956933e-01 6.815254218325224045e-01 6.660743626107221704e-01 6.808017607162243356e-01 6.469273429574918799e-01 6.691095089613603442e-01 6.859029714102685693e-01 7.043968272492210358e-01 6.965317049078428857e-01 6.860919071252024048e-01 6.745051369556952503e-01 6.731706363900178403e-01 6.835280731139703470e-01 6.952748894735421015e-01 6.909269398588355759e-01 6.780026194689238173e-01 6.930927923980972905e-01 6.756825075518329005e-01 6.692375675730487528e-01 6.808972010351416193e-01 6.832367269884935812e-01 6.752387625789365577e-01 6.825886138961525518e-01 6.703969651306082023e-01 6.674344063430357465e-01 6.746929181125589370e-01 6.832249423702730917e-01 6.906021694052778548e-01 6.874006543370841937e-01 6.788638544379868023e-01 6.652890977136620698e-01 6.761017664985367048e-01 6.980479487241370018e-01 6.723566489185318629e-01 6.771751387291017332e-01 6.719668210841426292e-01 6.729323501859113543e-01 6.680240724166732758e-01 6.820646026232126680e-01 6.757915831117553562e-01 6.944283603635005298e-01 6.761869554739753374e-01 6.898536978117288943e-01 6.857554234243617985e-01 6.783265446141617527e-01 6.837417389866868866e-01 6.765902644164243362e-01 6.897111596501518394e-01 6.811537950424836341e-01 6.670772917482477027e-01 6.796858213601074672e-01 6.708125861382531196e-01 6.591895602568244028e-01 6.617289168405020572e-01 6.982292530379585749e-01 6.948536421881617020e-01 6.766874354542773418e-01 6.815780518170647673e-01 6.676909168309875797e-01 6.831891890146984947e-01 6.728438402591954137e-01 6.686904072812135391e-01 6.882854885801286127e-01 6.860473276090309769e-01 6.801626445398901710e-01 6.608196930818929227e-01 6.754364659967593276e-01 6.712195371000181376e-01 6.736902006943095156e-01 6.605529973364576701e-01 6.691085361924590247e-01 6.745009886910341423e-01 6.757833718868830886e-01 6.708004913207289421e-01
2.638490830967297751e-01 1.427497072034673298e-01 3.705112370810907385e-01 4.653358418832607701e-01 3.293288980634022090e-01 3.461911545856956596e-01 6.438753997596252665e-01 6.169242265242266265e-01 1.000000000000000000e+00 6.231216727356522211e-01 7.093633141875951287e-01 7.630851875652517879e-01 6.802450046166028663e-01 6.144769202545965481e-01 7.892065609928882175e-01 7.684026186966597116e-01 7.857664888830494521e-01 7.001847446839527533e-01 7.330744795324266594e-01 7.612023949850120763e-01 7.292961830521420552e-01 7.525218855816916408e-01 7.905598216647896637e-01 6.817159793060171280e-01 6.985847259425437272e-01 8.092725621000528280e-01 7.887172510575621853e-01 7.851757934029358621e-01 7.155076369228485778e-01 7.356635715278594390e-01 7.914784839798834071e-01 8.159763352971082240e-01 7.175498622945785110e-01 7.743275498872781437e-01 7.352727740450500926e-01 7.337445409899947535e-01 7.613257567113574931e-01 8.056975879570704713e-01 7.879050608562072622e-01 7.455273394873340731e-01 8.037085127833656362e-01 8.021044516171003114e-01 7.725854477557237976e-01 8.073146329133146226e-01 7.833724588099139075e-01 7.995022480010658406e-01 7.870991116716460345e-01 8.172967859191501150e-01 8.216953258157094764e-01 7.985587580221870097e-01 8.046970378119738809e-01 8.095384144448498631e-01 8.182413612283173654e-01 8.318582276527428654e-01 8.284764535735781310e-01 8.321299773985147974e-01 8.352482337209848895e-01 8.102574823325003894e-01 8.210102563261173492e-01 8.342271021482267068e-01 8.086864930285632136e-01 8.200862475139518715e-01 8.156178884337133006e-01 8.108060126267132572e-01 8.329129695648402887e-01 8.325593218298001918e-01 8.121060374011798144e-01 8.048483121772274096e-01 8.152029096668597097e-01 8.190900545503765340e-01 8.091454420305107531e-01 8.145566735813936088e-01 7.922932670551263712e-01 8.060734521046434287e-01 8.234492232412622403e-01 8.130810696535051285e-01 8.065791420613541707e-01 7.998896938024199210e-01 8.057433936217509585e-01 8.051792700783239054e-01 8.061543074222040639e-01 8.124147698884489621e-01 8.197143836249554116e-01 8.026671670222351729e-01 7.997399425889232250e-01 8.101173643938599511e-01 8.037004762729548224e-01 8.072228876165558065e-01 8.029099672075474814e-01 8.192008270887062293e-01 7.956796252595450536e-01 7.955400634274177873e-01 8.068822059995363061e-01 7.995880340001660924e-01 8.011638178695060786e-01 8.025104797948536817e-01 8.032251666171298377e-01 8.208270034419402617e-01 8.047399812717294099e-01 8.015122954199405125e-01 7.904747991356965153e-01 8.079509586686262068e-01 8.183377754472234145e-01 8.012323196674703274e-01 8.203161957570975771e-01 8.238009274338796706e-01 8.157498491149220987e-01 8.020358230353462625e-01 8.094417283232763216e-01 8.032842914441972182e-01 8.056277980070092326e-01 8.074206477530365689e-01 8.065408344894203774e-01 8.078434415168938010e-01 8.235641269211312343e-01 8.274208632918476081e-01
2.532759147720086215e-02 1.574445684759940012e-01 1.643908136149939414e-01 3.299069175824228539e-01 3.230420396557278084e-01 3.125970214810124270e-01 5.124457288746830930e-01 4.855734822595335065e-01 6.231216727356522211e-01 1.000000000000000000e+00 5.655372193447602003e-01 6.156851555638372941e-01 6.205181206982796072e-01 5.287656594773029184e-01 6.706839129874182515e-01 6.535799306448446533e-01 6.108906099352430230e-01 5.363053264847164048e-01 6.074904707803920889e-01 5.945810558532419465e-01 5.606244850051284034e-01 6.116312209520516907e-01 6.252004794901000473e-01 5.480279789848212513e-01 5.814918637257481260e-01 6.426818661261598509e-01 6.466598295015412168e-01 6.297074556029378378e-01 5.873408677249730703e-01 6.149207663128954948e-01 6.867447606600156629e-01 6.937854049236726883e-01 6.186744683154405955e-01 6.583648906490880970e-01 6.261781332237220665e-01 6.449248860261287408e-01 6.405827861075548135e-01 6.954340846059161585e-01 7.058743178856028422e-01 6.464790247501855935e-01 7.261903010882542198e-01 7.136485650610312481e-01 6.978339766282076750e-01 7.288501506315959722e-01 6.902388678543402989e-01 7.172536281451445950e-01 7.480391034193949462e-01 7.562973368347933878e-01 7.391766929941678832e-01 6.721461188167481282e-01 7.166768458753211002e-01 6.727667995384882804e-01 7.003960770574005901e-01 7.466560325599160830e-01 7.334741988291147985e-01 7.382749262541976609e-01 7.043398173026199638e-01 7.444701513992649788e-01 7.388159046660734974e-01 7.419959815941885584e-01 7.407453859485260139e-01 7.418722314848518185e-01 7.304426711192831823e-01 7.308000180269781376e-01 7.241879090137000041e-01 7.222219741461806120e-01 7.543883512928983848e-01 7.430249956967261982e-01 7.449364054843339300e-01 7.356174104138287762e-01 7.355959894469709104e-01 7.457474085475948034e-01 7.171609898878802403e-01 7.321083287087504221e-01 7.355777165046931687e-01 7.434457394206355207e-01 7.405508844148519509e-01 7.238389787716197343e-01 7.365421827352633954e-01 7.315477928210759595e-01 7.328246788129108014e-01 7.420927710182777526e-01 7.434353277161506179e-01 7.404845047650625567e-01 7.305871571195714509e-01 7.328385486851015651e-01 7.326266314497609233e-01 7.461700979993208804e-01 7.465950402893222204e-01 7.468067058981174844e-01 7.322549522970202007e-01 7.500860389962160646e-01 7.372592336033586546e-01 7.441628562070256026e-01 7.547975060371150402e-01 7.564724858430281751e-01 7.234398234151826479e-01 7.254836224435230463e-01 7.445990255908722100e-01 7.454452262225055303e-01 7.439320669752782500e-01 7.441312012582099733e-01 7.372849501380764892e-01 7.508453891881478048e-01 7.384012280933790473e-01 7.348639162320337315e-01 7.482244587036935846e-01 7.559046822756947392e-01 7.537763383024144170e-01 7.536941380077577524e-01 7.533681190614260892e-01 7.540697693432486526e-01 7.541633719220719456e-01 7.464900481707941182e-01 7.435041302418666787e-01 7.425193625358201821e-01
1.257247351945322555e-01 1.054085337160255570e-01 4.318517825885256900e-01 5.466119040356623993e-01 3.500689322253741076e-01 3.227933115399372332e-01 6.761648860705491426e-01 6.049851021744802049e-01 7.093633141875951287e-01 5.655372193447602003e-01 1.000000000000000000e+00 7.976338834807024103e-01 6.531477087770833911e-01 6.036300993552390359e-01 8.073518125110858978e-01 7.595941503648001580e-01 7.418000577897536640e-01 6.655676524103069092e-01 7.064687809801173390e-01 7.204011347903455098e-01 6.789200277367036795e-01 7.244888565867031449e-01 7.633308234045860230e-01 6.575430904091731366e-01 6.635176592620474212e-01 8.223071018620060624e-01 8.012086416008108447e-01 8.168620058847836374e-01 7.185880564067531617e-01 7.431627708857891923e-01 8.164743094142128399e-01 8.205757899809011935e-01 7.757709098552593163e-01 7.889105603136503664e-01 7.469416081812026986e-01 7.852069595196226048e-01 8.042231708538003510e-01 8.198245127397398857e-01 8.135586917083590386e-01 8.122293057347848011e-01 8.157618454354265136e-01 8.248696632946579399e-01 8.158296172108958633e-01 8.187020970275246112e-01 8.247162290345352309e-01 8.165919306270041922e-01 7.803185508565186890e-01 7.958236766282313912e-01 7.979440362636457396e-01 8.008788555587016411e-01 8.089057427970370862e-01 8.026510418660308677e-01 7.957438012324287158e-01 7.861045487541867827e-01 7.947911062390663472e-01 8.156449316525327120e-01 7.802899851961714317e-01 7.999279972220010304e-01 8.035429935822144820e-01 7.852689463775873735e-01 7.982330192848371420e-01 7.861861031362387120e-01 7.837442465317498996e-01 7.811551296636705111e-01 7.982580862233752406e-01 7.755877509215490795e-01 7.906671772032145551e-01 7.917968329705596942e-01 8.052617192728496187e-01 8.034603725402893470e-01 7.866671022042366346e-01 7.971447473244142046e-01 7.817209036856521687e-01 7.888251326482303982e-01 8.201980645994120245e-01 8.088332243406382016e-01 8.105526472290268680e-01 7.955768898442082682e-01 8.065734428312645310e-01 8.013377830305116190e-01 8.113151607869856230e-01 8.084631553170450458e-01 8.121638677684360763e-01 8.040814057065148734e-01 8.159516145223572048e-01 8.155883387518924055e-01 8.222836978679191056e-01 8.125509810310020953e-01 8.072778483260718563e-01 8.070801984714743860e-01 8.208808440553608810e-01 8.004563618065517749e-01 8.170901807388947224e-01 8.101377992108793613e-01 7.882889219478734777e-01 7.901693572455921188e-01 8.055579973457960286e-01 7.955245396049831497e-01 7.909397503854348477e-01 8.016096120645073153e-01 7.985251721186547025e-01 7.893511664346148926e-01 8.024397859332829119e-01 7.977079217894028629e-01 8.096707702252144978e-01 7.882482371794171661e-01 7.957294158984659083e-01 7.882180815997666956e-01 7.944811439105579076e-01 7.933106591985433775e-01 7.945650954341441086e-01 7.857902304951054351e-01 7.866032799500691786e-01 7.909714537758449904e-01 8.001580271762950280e-01 7.895889380284386583e-01
1.585067022300429562e-01 1.076909348330789412e-01 3.929840547999514655e-01 5.648322143043391641e-01 3.578796230050281246e-01 3.702028569688030069e-01 7.133261137249509165e-01 6.652219095220008871e-01 7.630851875652517879e-01 6.156851555638372941e-01 7.976338834807024103e-01 1.000000000000000000e+00 7.174102403789213156e-01 6.505028030131043693e-01 8.471053574688431897e-01 8.292857926193917262e-01 7.824962370733306027e-01 7.089616616780682889e-01 7.480548342866574218e-01 7.698120884323329527e-01 7.405594961318034963e-01 7.676642669633240157e-01 8.192659593656238526e-01 6.904262386756062631e-01 7.089907425311348099e-01 8.670430424588978502e-01 8.398857522757582350e-01 8.578199165989514041e-01 7.752690227416082491e-01 7.847133699127735174e-01 8.679355892491280589e-01 8.631907126783757711e-01 8.052236999476489743e-01 8.237688321766767352e-01 7.865988918019709564e-01 8.143913369055242324e-01 8.368851240196072405e-01 8.726266964229686396e-01 8.552770763770226603e-01 8.425000307665104771e-01 8.604227432448902091e-01 8.679166614308638783e-01 8.492964726406687648e-01 8.756816261879689645e-01 8.586669932007852113e-01 8.712289679494389372e-01 8.379465981512352890e-01 8.537801153800497200e-01 8.607217968152857113e-01 8.573380994742445527e-01 8.678180348850800252e-01 8.447367508936544089e-01 8.537599367902261038e-01 8.550344650477992303e-01 8.624998089103198540e-01 8.719122893200452751e-01 8.537523669056541475e-01 8.594892597369871989e-01 8.673052516308333848e-01 8.559533760749279407e-01 8.534744719881366404e-01 8.566475816002704358e-01 8.529662997467405416e-01 8.487996023012479574e-01 8.593808458287465202e-01 8.475280615513445248e-01 8.497950863996575066e-01 8.472820268416431100e-01 8.617395087624576400e-01 8.637334779583454303e-01 8.449832842369359165e-01 8.538017713296980338e-01 8.340367917473913151e-01 8.436616753390371315e-01 8.774997807590213528e-01 8.667419672737924907e-01 8.666147274194985206e-01 8.543667261871497054e-01 8.604159612223916120e-01 8.563221207354846376e-01 8.674550747073468404e-01 8.670806200936549413e-01 8.696879397267262002e-01 8.595205230027199717e-01 8.635205965100368752e-01 8.626984771705205057e-01 8.672393084821496956e-01 8.655656588710911592e-01 8.584230574949823778e-01 8.682272279437681650e-01 8.689917098370188997e-01 8.548649682367736036e-01 8.665612624014933374e-01 8.623035223319449605e-01 8.447202525454203803e-01 8.499273934517256324e-01 8.608628958482207327e-01 8.582483327991184963e-01 8.489460483952641079e-01 8.553675273539347312e-01 8.500322150107291197e-01 8.532766650199390401e-01 8.583632345739481417e-01 8.542857510344376015e-01 8.639586332531785651e-01 8.532825700167205873e-01 8.566393345670061388e-01 8.482401702937572008e-01 8.562151508806383760e-01 8.513743737878483042e-01 8.555127689235080268e-01 8.474333958178225101e-01 8.502549165063616465e-01 8.508579549416983578e-01 8.582892781522200032e-01 8.547123906936420212e-01
5.409125249848363570e-02 1.147563639257305063e-01 2.522317525271984828e-01 3.925207776802115411e-01 3.679842439913015295e-01 3.105476854462097536e-01 5.935293250709952062e-01 5.794203751781655809e-01 6.802450046166028663e-01 6.205181206982796072e-01 6.531477087770833911e-01 7.174102403789213156e-01 1.000000000000000000e+00 6.084602450959925024e-01 7.581553499518998152e-01 7.632772739435033094e-01 6.923452997445401769e-01 6.355210459090437913e-01 6.861626567672001187e-01 6.922714245031496016e-01 6.608294494996022062e-01 7.052293305755147346e-01 7.309164893872395208e-01 6.331448552244933747e-01 6.647311018687662720e-01 7.419412428694139860e-01 7.224343690936846363e-01 7.284377777375535823e-01 6.790936085773581210e-01 7.085802790592233835e-01 7.678635234069475235e-01 7.673134707239916974e-01 6.842825288939256012e-01 7.259835650935358986e-01 7.111384442495906066e-01 7.250829156046261215e-01 7.261554489709116655e-01 7.773940054016056367e-01 7.777038487588473492e-01 7.223527500042983274e-01 7.915053246022273337e-01 7.896707422929353237e-01 7.785715380504523164e-01 8.081778008464857166e-01 7.675901941627109037e-01 7.919872422372135068e-01 8.104056509104301531e-01 8.145381584485045234e-01 8.134549204952536972e-01 7.651578191290677733e-01 7.943083968318030985e-01 7.698136705209084329e-01 7.869671449170214661e-01 8.145877196657109742e-01 8.088924200084957050e-01 8.118846729390404304e-01 7.917971303817916695e-01 8.113245201410608232e-01 8.112044839650985883e-01 8.201714874885186468e-01 8.161142770126779133e-01 8.142825171443736076e-01 8.032164241092174528e-01 8.108484224756071779e-01 8.014999593686443768e-01 8.103662722758032677e-01 8.151972249205611254e-01 8.119208796451413690e-01 8.182146564466291627e-01 8.185891474173184745e-01 8.136885538006334295e-01 8.168754363270850360e-01 7.925593129141443871e-01 8.082101447896293811e-01 8.171685190212795158e-01 8.127746356917512349e-01 8.090077847946505196e-01 7.994888449194088587e-01 8.141550647401339935e-01 8.088504210839514430e-01 8.101919237988022271e-01 8.155172465243023527e-01 8.132452459093675312e-01 8.058217469673025768e-01 7.992319937500036442e-01 8.023234707226825080e-01 8.024323994964938089e-01 8.116874751583034175e-01 8.114807724531191147e-01 8.227781414321032605e-01 7.973625985366470381e-01 8.151370095453635001e-01 8.085128395347387364e-01 8.115607021847770497e-01 8.170346840917086517e-01 8.187538194128730629e-01 8.067479305993531247e-01 8.068420103312549108e-01 8.162092415085635544e-01 8.122872739755288007e-01 8.131573976741801602e-01 8.155485834965778835e-01 8.158620650549024411e-01 8.185057415991014995e-01 8.152732378829525839e-01 8.162144214160280686e-01 8.190244856656698769e-01 8.187179503409853787e-01 8.223985228309924622e-01 8.172397872363329485e-01 8.176249067559856476e-01 8.196775348358732449e-01 8.199510114805669270e-01 8.189681734858607065e-01 8.146425883156316328e-01 8.187312394448887920e-01
