1.000000000000000000e+00 1.051254456869848142e-01 3.309485678949956183e-02 -4.921539470674383965e-02 7.475299363987132628e-02 -1.072935254396922052e-03 -3.027796847675382277e-02 1.617274258493799771e-02 1.460354915951130872e-01 6.719273024388988658e-02 3.126091836552289532e-02 -1.218541959951642030e-02 2.760301357679709883e-02 2.924540792099465224e-03 1.177537253457050254e-03 1.581224682580732038e-02 9.260149280259702409e-02 8.465063300762980247e-02 7.592375439992783692e-02 -1.067742504390402011e-02 1.866002807328085572e-02 4.705831238915621911e-02 1.210474193741175875e-01 7.133979109448532197e-02 8.186979339721076054e-02 5.052210798976507211e-02 3.532380240979323544e-02 2.061320802305827843e-02 9.061017459797905682e-02 1.035821888702480181e-01 6.464236607863677042e-02 7.796216559091662113e-02 1.909997751547039269e-02 4.565021421956481917e-02 7.486142562990018290e-02 1.599152167773988664e-02 4.515094837142786394e-02 1.834965419149884322e-03 3.568185512720317004e-02 -5.675707991274552694e-02 2.216745382544203086e-02 -5.421350430064225678e-03 -3.141936014204198269e-02 1.290817914199457982e-02 -4.237595184988098874e-03 9.477980445938101114e-03 1.115029177047936575e-02 2.633491853610824343e-02 1.243626468857712310e-02 1.712683206491307343e-03 -1.778970931818508474e-04 -3.574310767003290729e-02 8.493578584664821657e-03 5.116170351579883702e-02 2.399636767541720242e-02 3.520774001465538927e-02 3.362922853539114521e-02 5.667946988689612046e-03 -6.017006932820795741e-04 3.304230507443144116e-02 1.560886116204009827e-02 2.708953788803263041e-02 6.585066826367776821e-03 3.624234166307296195e-02 3.051147331522376799e-02 4.524771379332454685e-02 2.824626308856283824e-02 3.007324267395267148e-02 5.430294955113906807e-02 9.432129008239682408e-03 9.762480465091063347e-03 2.223649234036546157e-02 2.951970751277338545e-02 1.909184262281281991e-02 2.484876502199224318e-02 2.115975741122781348e-02 1.837858769607760706e-02 3.636214600533591718e-02 2.987916376654626768e-02 3.538172595659259956e-02 2.532048381224978953e-02 2.196874562516407114e-02 2.632575526146838096e-02 3.098577628902458511e-02 1.784079794407038289e-02 2.850489122497045988e-02 1.662626623412513660e-02 1.814252527947834981e-02 1.503479117450329944e-02 4.689161858846921382e-02 -8.032447749135225926e-03 2.932190931385459092e-03 2.747168581901748494e-03 9.568322982869425369e-03 6.366964241210002623e-03 1.545488904002158444e-02 -1.400078252748067527e-02 2.107994743533900608e-02 8.619424509946155277e-03 4.628898590870787408e-03 -9.820845820852521293e-03 1.035651650493050677e-02 7.588580017874925216e-04 6.426852860920195636e-03 5.107000020801161569e-03 3.226636487856791163e-02 1.489838862395917798e-02 2.288711565301058612e-02 2.535528727694628254e-02 1.413388884845379750e-02 3.100123863673786770e-03 1.495958868998717439e-02 1.582699501461644342e-02 2.641344965043974924e-02 2.833551480072308421e-02 2.365870601252963515e-02
1.051254456869848142e-01 1.000000000000000000e+00 4.224234995584609520e-02 3.948456957287549418e-02 8.148388165229145108e-02 9.931980533278005063e-02 1.197073156021603024e-01 1.024567468180182378e-01 1.791086923688952892e-01 1.584834136919936187e-01 1.115399808595900905e-01 1.079429617382798856e-01 1.452285612721576080e-01 1.336316013253836810e-01 1.318508112268313992e-01 1.226660614460874793e-01 1.360907386606303449e-01 9.752618479836543119e-02 1.131230174842230984e-01 1.941206368932038226e-02 1.672350829660335103e-02 8.108538038096266276e-02 1.744491456534371931e-01 1.021552010640845720e-01 1.141144800614083410e-01 1.429476689314911342e-01 1.432915442825735408e-01 1.561275031048417195e-01 1.481666083555483737e-01 1.688576308420574879e-01 1.589964593506440205e-01 1.507915025983359858e-01 1.539453512625768294e-01 1.501316580469318207e-01 1.624536162695375818e-01 1.499090774059747833e-01 1.715414440348241309e-01 1.493445153205557041e-01 1.541714601519647287e-01 1.249802270279906785e-01 1.512137421999718845e-01 1.420161976541184368e-01 1.139285045782131994e-01 1.402602188512995507e-01 1.423902048640225682e-01 1.401356787894476319e-01 1.456746508821813446e-01 1.567297586835265932e-01 1.425108714605788918e-01 1.248067506052923381e-01 1.324261337535024008e-01 9.548776305850285862e-02 1.344468334134435172e-01 1.605735031228716914e-01 1.334888475193641288e-01 1.484706796572868026e-01 1.220180709493776938e-01 1.383781617099773542e-01 1.285183595330650630e-01 1.498001785732696878e-01 1.389581869819197513e-01 1.349517815764904871e-01 1.245346875789900137e-01 1.455605296650660241e-01 1.394707072390726776e-01 1.430194064340334636e-01 1.529341831662690554e-01 1.495446854652961177e-01 1.594062504520041834e-01 1.224754543314186400e-01 1.211760988283900470e-01 1.456567523446624102e-01 1.434938907246005035e-01 1.423778963165645006e-01 1.525875632550849625e-01 1.541925560933030959e-01 1.543764747840603024e-01 1.616430397560882359e-01 1.558662267529686285e-01 1.608380511359508991e-01 1.552119087628464067e-01 1.549444680129566376e-01 1.566803139900633246e-01 1.630689985809582743e-01 1.521715464838703513e-01 1.541592040591656110e-01 1.606614392095725152e-01 1.573120611459159490e-01 1.566876160997834333e-01 1.604464741300670461e-01 1.539073527810869702e-01 1.503139788294712009e-01 1.484169400511023695e-01 1.500008706524971480e-01 1.494072049251250200e-01 1.564065408008517288e-01 1.311157545257785884e-01 1.370495393865155953e-01 1.455724959705166910e-01 1.440705394061845834e-01 1.416092136749492469e-01 1.419130384798755196e-01 1.398454744039772935e-01 1.461592910434414416e-01 1.391538702878161171e-01 1.461805556737754419e-01 1.491085438588093393e-01 1.592869473159512217e-01 1.562322732100693834e-01 1.480731653987207019e-01 1.482858602815296800e-01 1.521513881418615211e-01 1.470402428939345529e-01 1.494794137704223980e-01 1.501287255869266091e-01 1.473187695493005100e-01
3.309485678949956183e-02 4.224234995584609520e-02 1.000000000000000000e+00 3.095010441814953217e-01 1.939256852630159011e-01 2.248584374635921035e-01 3.040183073781079215e-01 2.953350831656065267e-01 3.414742372617555199e-01 2.925591724876913102e-01 3.582650971651324401e-01 3.716754752081241064e-01 3.212633083574406023e-01 3.210028630269233241e-01 3.629960537274209975e-01 3.559556047401455370e-01 3.562791155216720740e-01 3.175532753930242480e-01 3.290631904308810030e-01 2.836552097472632705e-01 3.411365568827323669e-01 3.402153645322333886e-01 3.362764627757150460e-01 3.277004648059695935e-01 3.232657147208835013e-01 3.573006790044616632e-01 3.707598055444427665e-01 3.631796397251172426e-01 3.553885014721446245e-01 3.558202881014349006e-01 3.762479840463038849e-01 3.905942028714268766e-01 3.754311556921209325e-01 3.911928616214859766e-01 3.808281788036985138e-01 3.714001959141731701e-01 3.796303661135322915e-01 3.823345684776242592e-01 3.908255715320690382e-01 3.577168286360208338e-01 3.695224475278348630e-01 3.726084703323114811e-01 3.648628018196002909e-01 3.818871135000945771e-01 3.737313459169857577e-01 3.687552349416625685e-01 3.736500883885324198e-01 3.744537760345013622e-01 3.812323131264274134e-01 3.908566792528904155e-01 3.849309559312502071e-01 3.590769739764851365e-01 3.658449117970660192e-01 3.670191301308776688e-01 3.748217440070616968e-01 3.791934667876623033e-01 3.712705396649532696e-01 3.737859281932419120e-01 3.787911690480527116e-01 3.772991242813816259e-01 3.780286054873880364e-01 3.763425580286620109e-01 3.718551696623804692e-01 3.829164147241188587e-01 3.924293484410005806e-01 3.709345890923153033e-01 3.799354390614923527e-01 3.834583917077095672e-01 3.841368315045735060e-01 3.813393773404673559e-01 3.892830127380985106e-01 3.821797140069455589e-01 3.843436920196562911e-01 3.719189865179834964e-01 3.761139852754903368e-01 3.749357545323938612e-01 3.715267489948316793e-01 3.756880856968267679e-01 3.723116871843626385e-01 3.753146981737426890e-01 3.814005226467932497e-01 3.810344084621345440e-01 3.860751139328880699e-01 3.766560943913278003e-01 3.910935696012133311e-01 3.898819439950013122e-01 3.819864792011714583e-01 3.804602169820616164e-01 3.822578146230736773e-01 3.785686194445905262e-01 3.796499427366378243e-01 3.742758457201244005e-01 3.820722743859384929e-01 3.770571887904103359e-01 3.749893319286089488e-01 3.746374570632734491e-01 3.832477668521815928e-01 3.796954221403071039e-01 3.780678255271222032e-01 3.799950130580502794e-01 3.791422332370730230e-01 3.812220484760948658e-01 3.761004860403153738e-01 3.779083896415530441e-01 3.834974848346964782e-01 3.745085590614967153e-01 3.784015735860935536e-01 3.729492073427978505e-01 3.742532155772007596e-01 3.778298371598216576e-01 3.755008918145887331e-01 3.743118828217873451e-01 3.774517969861509448e-01 3.811796085403327816e-01 3.871558737300436759e-01 3.752637539705551140e-01
-4.921539470674383965e-02 3.948456957287549418e-02 3.095010441814953217e-01 1.000000000000000000e+00 3.131948923267529050e-01 3.842807063601220152e-01 5.556349743424199294e-01 5.181687017676922524e-01 4.986034555995382811e-01 4.156551604529891697e-01 5.653507063580456293e-01 6.480536033950162755e-01 5.119676743403749342e-01 5.346979374063275392e-01 5.984213402311008290e-01 5.843285261908498507e-01 5.207926641503591858e-01 4.168915178665018595e-01 4.097080236541073006e-01 5.062416137819099049e-01 4.822397105491657010e-01 4.689963421494545148e-01 4.519276890837508054e-01 4.143397592940313290e-01 4.088864971581629981e-01 5.426905602857976518e-01 5.539342382820768851e-01 5.563937691957089315e-01 4.956418580820435849e-01 5.030779222571470921e-01 5.573296270904118943e-01 5.451602205714337623e-01 5.484180031104024522e-01 5.682445541579551618e-01 5.350735008177833762e-01 5.816600836281191622e-01 5.637238248880113156e-01 6.004752077131400023e-01 5.947946683794542722e-01 6.036515152345208746e-01 5.842170611077019959e-01 6.013349332860012941e-01 6.323574121071672272e-01 6.122524892597286383e-01 6.091815879199274919e-01 5.887451583765008767e-01 5.970149028675272307e-01 5.856644897306824138e-01 6.168466748619788609e-01 6.282645732198072208e-01 6.234043332716686647e-01 6.262471239982003723e-01 6.034093058277097965e-01 5.620913308531576558e-01 5.858513694381632941e-01 5.720941713482732283e-01 5.999582741515750994e-01 5.960537877338586421e-01 6.152675558545227519e-01 5.899092982353905112e-01 6.058591716391844573e-01 6.044627661351669179e-01 5.976382990829499642e-01 6.019942585997088980e-01 6.033299040549030545e-01 5.858917444621060122e-01 5.936373914698662713e-01 5.737935561583578092e-01 5.736195490694767640e-01 6.134582846983301918e-01 6.009979682877646390e-01 5.797845489763170379e-01 5.653020343329604458e-01 5.667703728629006621e-01 5.902742161327403370e-01 5.849780321792589222e-01 5.819579918274341290e-01 5.648523937626018787e-01 5.741652304651447825e-01 5.701373891566083874e-01 5.844884544737009024e-01 5.895110806168001316e-01 5.982170952601723046e-01 5.790226183138150740e-01 6.043331830002230953e-01 5.853420595190484965e-01 5.920467491286676154e-01 5.894546109757717867e-01 5.974472137280860684e-01 5.747539711954443575e-01 6.034502234475522808e-01 5.977913238575864874e-01 6.062785078207312273e-01 5.977191347218776540e-01 5.968688646999391612e-01 5.918622198276477508e-01 6.263129848670747624e-01 6.079303739889417857e-01 6.011336839816054933e-01 6.088696134958392348e-01 6.169380392428182036e-01 6.039718266071961716e-01 6.089906670077074313e-01 6.084006334799726412e-01 6.148393208830749135e-01 5.931342741515549521e-01 6.024104511691854569e-01 5.790875246273698984e-01 5.812609348449644386e-01 5.921631179536772649e-01 5.960863969109964078e-01 5.969988485554010849e-01 5.934494282164578527e-01 6.024230521205484745e-01 6.046584166229420632e-01 5.981342623347208898e-01
7.475299363987132628e-02 8.148388165229145108e-02 1.939256852630159011e-01 3.131948923267529050e-01 1.000000000000000000e+00 3.013637048234049098e-01 4.456551041947208747e-01 4.480593687268150105e-01 4.566700491865576805e-01 4.100921751327029074e-01 4.668202278825877571e-01 4.733427657348344142e-01 4.655836259683906464e-01 4.316598325129704650e-01 4.954573157125542471e-01 5.019429945472603238e-01 4.520586155285655772e-01 3.864127173742424315e-01 4.151890451178884001e-01 3.802824495318587461e-01 3.629390843385744136e-01 4.182124235507766463e-01 4.322073402611403270e-01 3.816355384303871112e-01 4.068571568334209410e-01 4.814770524772058469e-01 4.900021180143793731e-01 4.796244789252607776e-01 4.559272419927234421e-01 4.625732800663503452e-01 4.950376883576360076e-01 4.705872925662650808e-01 4.448766975965713910e-01 4.576337914290974362e-01 4.469016976963679499e-01 4.822455725063086174e-01 4.751717615477240586e-01 4.817253840786286379e-01 4.900857082933757214e-01 4.696237504015848829e-01 4.998369530045687070e-01 4.980013747533757473e-01 5.024450843099507180e-01 5.076744554652092845e-01 5.011207410377371829e-01 4.959667977522035365e-01 5.012493436542493352e-01 4.997927613254211643e-01 4.988778551827834362e-01 4.848890638259137353e-01 5.025781092049684817e-01 4.908104512591385249e-01 4.918192646999814954e-01 5.082850878602183098e-01 4.945174434396283902e-01 5.034165037980846691e-01 5.049413396312073532e-01 5.030544079706908978e-01 4.927379877074400394e-01 5.116361776700465436e-01 5.057665971903069213e-01 5.070649625407129824e-01 4.972498265607424028e-01 5.079628939294700274e-01 5.027690681016013796e-01 5.108124016930369882e-01 4.994701774767378866e-01 4.900356310918800862e-01 4.944127856706063140e-01 4.993177950395907838e-01 4.935374772251142628e-01 4.966461926146852335e-01 4.810543420809900717e-01 4.857919102050481386e-01 5.037973944959537320e-01 4.943309632964678624e-01 4.965974765506662725e-01 4.937475004255578725e-01 4.968467341458267517e-01 4.933915957743920666e-01 4.964676426377161444e-01 5.006731796252136268e-01 5.019589965722536240e-01 4.910297363865793741e-01 4.930909347599999881e-01 4.891901272598775940e-01 4.979913129504468516e-01 4.962433697823476764e-01 4.993418651437924183e-01 5.046862036976577093e-01 4.955049088047514538e-01 4.987191128929127082e-01 4.978331275297062097e-01 4.995578588993365710e-01 4.999023226842008727e-01 4.984915985685666739e-01 4.881800713422108640e-01 4.910282772598072998e-01 5.001994631502951760e-01 4.975600930992353788e-01 5.028913985634166917e-01 4.964349026475987636e-01 4.994878486079357693e-01 5.028367476546209414e-01 5.040248273238968624e-01 4.987624746411136734e-01 4.970150517989459504e-01 5.027801567153588058e-01 4.990963069376616046e-01 4.979636623592577638e-01 4.964194422651095895e-01 5.031456888156869978e-01 5.004142132027019629e-01 5.033119144663616984e-01 5.074382250277441608e-01 5.053511616553516550e-01
-1.072935254396922052e-03 9.931980533278005063e-02 2.248584374635921035e-01 3.842807063601220152e-01 3.013637048234049098e-01 1.000000000000000000e+00 5.287711559093927205e-01 4.696565725166263472e-01 4.906448806426272347e-01 4.388889465245078836e-01 5.274101869463936332e-01 5.723881909144806768e-01 5.161754751194070900e-01 5.196124288360179921e-01 5.728739213879120440e-01 5.544680958373306989e-01 4.996985874123890392e-01 4.240659376379282697e-01 4.347590745594999140e-01 3.865878887520226015e-01 3.982595849872332949e-01 4.589517086713003069e-01 4.733368366562608620e-01 4.216760571797416590e-01 4.507949308598876992e-01 5.300136754750556234e-01 5.471285514450263676e-01 5.457036584530706724e-01 5.165043082325420087e-01 5.179022435730942231e-01 5.589473363097574587e-01 5.305105471678857043e-01 5.347986850670404246e-01 5.406450143946840425e-01 5.302327994678324163e-01 5.521095045171386939e-01 5.563448382718051421e-01 5.732900907801675716e-01 5.760951274411706402e-01 5.610304141928819099e-01 5.724595519690853784e-01 5.759907250836922010e-01 5.780676326273136434e-01 5.793097693162894135e-01 5.817562955551739412e-01 5.732120210687269291e-01 5.819707468765488168e-01 5.798186967560511329e-01 5.808812938366275658e-01 5.715435204728684937e-01 5.857558630269042999e-01 5.627640362445960331e-01 5.755353303290065003e-01 5.674915933605818585e-01 5.639060768845187699e-01 5.672766959519095487e-01 5.641977752893289066e-01 5.781318816455921494e-01 5.826745161711646137e-01 5.832653467987027884e-01 5.792889047148693793e-01 5.812286235612554863e-01 5.686560023389488627e-01 5.802265959694863362e-01 5.763195581742509566e-01 5.717511661064383910e-01 5.814217438679196714e-01 5.724360181157869265e-01 5.727322712087923318e-01 5.684868856216486188e-01 5.738656451509754897e-01 5.766260764127681959e-01 5.592724917889374536e-01 5.678654408856720348e-01 5.797158286773516078e-01 5.799868071329065122e-01 5.821502330418412141e-01 5.721070962876442234e-01 5.765569865378590286e-01 5.763856038954637828e-01 5.767854807256173055e-01 5.805153225082385626e-01 5.795141516371058454e-01 5.780705816261877406e-01 5.807585542046699301e-01 5.707212631356699539e-01 5.825814854167550294e-01 5.829705516680163679e-01 5.859199118776984294e-01 5.750291817198158739e-01 5.859690828224887182e-01 5.859155198472743020e-01 5.897457513016864938e-01 5.872307677673579418e-01 5.832583791388544769e-01 5.832975125510190262e-01 5.770616998998191471e-01 5.706457188707709793e-01 5.829376299078314894e-01 5.850694838556088628e-01 5.885615376812219912e-01 5.781163205956432183e-01 5.853298410677805208e-01 5.880628016351444609e-01 5.836711183205969267e-01 5.716797982481258700e-01 5.826348334105418969e-01 5.779927389529695425e-01 5.773487735651752217e-01 5.840381523725531876e-01 5.809461218733706911e-01 5.853749312250996484e-01 5.806942422615050114e-01 5.812474721097506958e-01 5.827469655253878500e-01 5.796763209103911185e-01
-3.027796847675382277e-02 1.197073156021603024e-01 3.040183073781079215e-01 5.556349743424199294e-01 4.456551041947208747e-01 5.287711559093927205e-01 1.000000000000000000e+00 6.971211628791590398e-01 6.760586419690581828e-01 6.328308776294165883e-01 7.193613480623479717e-01 7.917723726240470938e-01 7.209970292942847747e-01 7.125300512803729447e-01 8.224126113491833090e-01 7.920690502073353123e-01 6.858506223446035888e-01 5.415873213442412570e-01 5.901815405327222042e-01 5.310173082424056723e-01 5.238749981212822426e-01 6.027614587608116636e-01 6.365110209147197828e-01 5.723518969553734737e-01 5.906598485615845995e-01 7.279872970746933403e-01 7.440142605650762464e-01 7.606568212875950419e-01 6.871409652182791650e-01 6.913957821860459152e-01 7.578329115576842856e-01 7.219833232872860940e-01 7.331387228238337439e-01 7.418512065276920975e-01 7.227128178541043502e-01 7.625348918982014501e-01 7.510981874637007172e-01 8.035880528027175007e-01 7.929925911019131135e-01 7.843351101253210889e-01 7.910445335699588520e-01 8.046868577512301668e-01 8.125470134351204798e-01 8.054685450318674889e-01 7.993017356011542507e-01 7.994322045416546452e-01 8.052259379608257550e-01 7.999710857504213068e-01 8.002258309827920968e-01 7.969161463353056085e-01 8.110627607114396787e-01 7.864187911503753847e-01 7.937072313058676221e-01 7.821024056882356357e-01 7.843445433062216088e-01 7.820960548866157103e-01 7.799015544962938362e-01 8.012699990746233736e-01 8.015681909756543488e-01 7.984218304918343501e-01 8.011199551262819796e-01 8.021776740058386146e-01 7.928582350097512776e-01 8.025801398956139421e-01 7.890190947463053828e-01 7.831699039824082664e-01 8.047702394054545572e-01 7.866315952591856897e-01 7.819366980709714365e-01 7.833818408711896719e-01 7.836824528437099646e-01 7.878306980796510040e-01 7.700321567460792771e-01 7.756732224054501135e-01 8.003872001880254494e-01 7.988963829162687436e-01 8.026319378242816605e-01 7.803354646376190473e-01 7.912453220778978835e-01 7.854862567259908168e-01 7.913130485605990305e-01 7.976712833676061765e-01 8.005009557620641480e-01 7.970418931870764112e-01 8.054772661334579364e-01 7.893953885667239767e-01 7.997032414381056720e-01 8.078993787338544230e-01 8.108563510052448908e-01 7.927835592143878118e-01 8.122609698171858739e-01 8.118900884024868869e-01 8.123378082162207026e-01 8.119767471293630745e-01 8.083949802601422263e-01 8.062835025862410410e-01 8.100031982755310223e-01 7.899154101276485429e-01 8.056492999306972269e-01 8.132158564668946488e-01 8.215018408553125262e-01 8.040510565700400569e-01 8.091711799610329381e-01 8.160421240969737422e-01 8.088244513383399115e-01 7.906786442055196984e-01 8.047615549291081694e-01 7.978331746556691639e-01 7.998038560901329364e-01 8.027557949170657237e-01 8.060865245539227120e-01 8.081628096080265555e-01 8.043031582390156586e-01 8.056095118631001473e-01 8.022393383286803292e-01 8.022817477900916483e-01
1.617274258493799771e-02 1.024567468180182378e-01 2.953350831656065267e-01 5.181687017676922524e-01 4.480593687268150105e-01 4.696565725166263472e-01 6.971211628791590398e-01 1.000000000000000000e+00 6.731571381961395373e-01 6.026147077807545438e-01 6.947908300290720485e-01 7.442227136097768758e-01 6.801774970252023600e-01 6.752662306796073377e-01 7.682514005561954518e-01 7.746183739560077441e-01 6.832610006180660500e-01 5.957778321840120350e-01 6.340076267111200981e-01 5.538884171281590607e-01 5.708531052684563400e-01 6.504147887152471608e-01 6.526523330473708029e-01 5.984550676217672560e-01 6.278817593405877640e-01 7.232630070400961619e-01 7.251827688245220394e-01 7.337874773698822572e-01 6.949336972482900165e-01 6.995297208188212545e-01 7.474078846095992823e-01 7.321873580203832610e-01 7.214075698085816724e-01 7.345147231972039004e-01 7.142140021153865481e-01 7.405515385931729089e-01 7.436295184400506519e-01 7.641248703413019427e-01 7.757210784898307399e-01 7.423269349259028482e-01 7.629242353383345332e-01 7.753068031618682854e-01 7.775738068732821473e-01 7.803046524655524729e-01 7.660833437150110781e-01 7.691357092432267173e-01 7.720469462745506162e-01 7.681779229704509548e-01 7.741931846328441447e-01 7.780395292224338011e-01 7.815118210810828581e-01 7.555707749361807446e-01 7.604769008908087713e-01 7.601822212704582027e-01 7.637206060250727457e-01 7.641813281709085581e-01 7.623304625830714665e-01 7.680243452008943539e-01 7.755633116726035059e-01 7.718241110537861216e-01 7.750538837418375904e-01 7.768165016261534550e-01 7.703744034763425619e-01 7.786938331043308237e-01 7.693678808563733096e-01 7.577109636695755768e-01 7.739199973940678046e-01 7.682516873127324120e-01 7.668746752357381569e-01 7.662414623351277987e-01 7.702051131756471047e-01 7.689675941409832571e-01 7.527268826748523267e-01 7.545482488172344793e-01 7.727977239573257107e-01 7.666671583566696535e-01 7.706148292949109857e-01 7.581160321987150397e-01 7.685862390645126219e-01 7.609318399132301014e-01 7.683612281729339522e-01 7.702664609011782293e-01 7.760053870264451703e-01 7.695709161474395543e-01 7.786984244630216212e-01 7.695381529432629986e-01 7.679765284767576805e-01 7.778861008482833572e-01 7.790764300734456249e-01 7.730120666952453590e-01 7.771857045029638700e-01 7.758480294639379382e-01 7.760967352591667812e-01 7.794021575408035529e-01 7.756773285403629759e-01 7.739884753704400211e-01 7.816651575340400893e-01 7.690642106287594038e-01 7.769957904955174799e-01 7.821860999895874356e-01 7.868688694646660542e-01 7.782031482205845618e-01 7.749763094770655281e-01 7.829488415375395194e-01 7.808648229629067128e-01 7.673193768188419916e-01 7.757081833761687584e-01 7.699466225289895993e-01 7.725468339337719925e-01 7.744953713670535977e-01 7.764141009520135750e-01 7.729635921157981260e-01 7.752805973177328003e-01 7.783950616990558125e-01 7.750642017964222141e-01 7.719775791242532437e-01
1.460354915951130872e-01 1.791086923688952892e-01 3.414742372617555199e-01 4.986034555995382811e-01 4.566700491865576805e-01 4.906448806426272347e-01 6.760586419690581828e-01 6.731571381961395373e-01 1.000000000000000000e+00 7.169594757755713976e-01 7.802422379272543340e-01 7.954128426703346300e-01 7.508211634402240930e-01 7.367521230500230223e-01 8.178566140839673704e-01 8.160110392090943465e-01 7.801987440372190052e-01 6.462754203082600180e-01 7.110228088968653104e-01 5.393521774210489061e-01 5.706047802375178168e-01 7.048951609965495857e-01 7.580841776789000175e-01 6.634620593147453338e-01 7.084981919128587879e-01 8.177216072522238699e-01 8.238803682289432828e-01 8.116940779144896645e-01 8.134905152608477019e-01 8.277613346097265623e-01 8.560359323033410739e-01 8.146525171642180485e-01 7.822439911033798321e-01 7.913018443473273100e-01 8.161247971985194916e-01 7.977120717369380332e-01 8.330281686898938220e-01 8.226765377778244570e-01 8.427808623198430604e-01 7.576569852402886829e-01 8.458989619143750804e-01 8.313235716488622806e-01 7.989517089417399465e-01 8.455589368727199906e-01 8.318607442931200691e-01 8.401587319953983668e-01 8.536954081538435934e-01 8.622399469989018295e-01 8.483286870467684482e-01 8.187192237696331309e-01 8.383675611460723598e-01 7.840218148836813894e-01 8.349465342646429367e-01 8.664375980202499994e-01 8.476382469981581513e-01 8.480377443101067003e-01 8.421140705643854751e-01 8.456236634294602705e-01 8.426462041376323597e-01 8.654914114570266825e-01 8.560530236815537819e-01 8.577977283469239156e-01 8.405450138473932187e-01 8.576803510212640536e-01 8.513603372997325947e-01 8.581672042474359774e-01 8.606509748694379791e-01 8.478796500628715815e-01 8.577265733963066463e-01 8.252691562101357459e-01 8.350170756474649680e-01 8.525163524994265885e-01 8.298201084628616941e-01 8.348112802050305925e-01 8.602738582133926393e-01 8.565339469490151902e-01 8.559500981723223711e-01 8.610854538147217907e-01 8.547278846698986854e-01 8.607900832300141580e-01 8.564578711697508062e-01 8.613629662873043547e-01 8.583030877060031649e-01 8.587427326281208417e-01 8.474084254688873941e-01 8.454727100588377287e-01 8.521166347076981618e-01 8.551836924786173633e-01 8.572049055696981945e-01 8.670432197182752487e-01 8.395988414215507234e-01 8.526192248332389312e-01 8.522559209743946207e-01 8.553296088132336106e-01 8.553856677621656246e-01 8.589919178321949733e-01 8.334150435768571397e-01 8.502381759512499526e-01 8.547996718917901804e-01 8.508541723802321988e-01 8.434375934307077882e-01 8.542254046953547952e-01 8.495614832420737006e-01 8.542591929695204644e-01 8.508573847101629228e-01 8.570407791135985498e-01 8.568281195986168219e-01 8.618959575911711024e-01 8.613369773938682750e-01 8.582829725292514533e-01 8.514525179420523449e-01 8.594695694576787171e-01 8.579314695944577629e-01 8.612461475194520544e-01 8.616529525567108161e-01 8.615444832138708930e-01
6.719273024388988658e-02 1.584834136919936187e-01 2.925591724876913102e-01 4.156551604529891697e-01 4.100921751327029074e-01 4.388889465245078836e-01 6.328308776294165883e-01 6.026147077807545438e-01 7.169594757755713976e-01 1.000000000000000000e+00 7.099164046022002905e-01 7.228711024811088626e-01 7.001450508587256927e-01 6.791545715036542141e-01 7.577898072781101835e-01 7.447617917734092874e-01 6.745745507379367067e-01 5.883890697896017041e-01 6.463497424207560460e-01 4.928910796107436876e-01 5.071786333707956063e-01 6.300112800785140355e-01 6.920429190753918380e-01 6.123654749822917687e-01 6.499896363421225898e-01 7.477947849540107494e-01 7.461051648818091131e-01 7.302464474501187963e-01 7.374211395326170093e-01 7.483066763987420433e-01 7.757275819986587662e-01 7.459920714407949349e-01 7.117817218995611261e-01 7.264365108384338576e-01 7.400620602369932799e-01 7.308295159754953918e-01 7.604166434551683507e-01 7.550240670612208271e-01 7.624870015753328900e-01 7.005410753018940229e-01 7.786541060860882046e-01 7.579520214156681979e-01 7.367997132084194156e-01 7.684314818402664393e-01 7.599052134053665419e-01 7.667446337726745442e-01 7.816343752592720406e-01 7.916107282867822503e-01 7.736348324683771649e-01 7.443147763603955580e-01 7.634090820302642522e-01 7.116730382743612360e-01 7.657906900793863825e-01 7.940951718290328865e-01 7.748612001697852136e-01 7.838969508881916681e-01 7.602778252234247969e-01 7.736771738181662528e-01 7.647104279329401955e-01 7.869185233934808954e-01 7.801007630495184753e-01 7.784236239536596047e-01 7.674047292210224303e-01 7.755517457396844394e-01 7.699112118748437927e-01 7.790593645422471125e-01 7.827268431284485350e-01 7.767852783683130147e-01 7.875711858856222491e-01 7.567108800006865366e-01 7.615028174515497961e-01 7.791069844713038872e-01 7.647811053266199144e-01 7.701235710290053049e-01 7.894763370157030780e-01 7.837104647346296860e-01 7.858537089746825410e-01 7.894788601869164868e-01 7.845102609647666148e-01 7.901615332207665432e-01 7.889307081074530270e-01 7.888001583930027705e-01 7.854062601086085893e-01 7.857790637475889906e-01 7.744750866881905393e-01 7.805070122023174406e-01 7.831197776957866674e-01 7.856244169752304440e-01 7.838476056570958805e-01 7.947259578176883998e-01 7.723070620219371074e-01 7.839764887335222143e-01 7.789806946391971687e-01 7.836498895184539348e-01 7.860102515805564849e-01 7.888992914818062641e-01 7.611842705019565836e-01 7.715700948917694202e-01 7.844722789678704178e-01 7.812120102973935110e-01 7.760689736591791510e-01 7.796448624776752823e-01 7.739820867016511396e-01 7.796159493534184914e-01 7.765418776119229483e-01 7.789607114751616601e-01 7.838680230904903068e-01 7.925805188394788869e-01 7.911118388464015716e-01 7.854360303757517148e-01 7.813064543925589689e-01 7.872733952794896961e-01 7.844948752938317726e-01 7.837684145568506455e-01 7.810704541886770436e-01 7.842481663101064093e-01
3.126091836552289532e-02 1.115399808595900905e-01 3.582650971651324401e-01 5.653507063580456293e-01 4.668202278825877571e-01 5.274101869463936332e-01 7.193613480623479717e-01 6.947908300290720485e-01 7.802422379272543340e-01 7.099164046022002905e-01 1.000000000000000000e+00 8.451485478537621443e-01 7.685164445897355590e-01 7.629461403675034115e-01 8.472067414090188597e-01 8.411710729971233480e-01 7.860043930650117971e-01 6.957727571472893668e-01 7.371444936824801397e-01 6.350467005042402802e-01 6.576989392179332095e-01 7.547093289216317835e-01 7.684501771035222584e-01 7.088649866612073414e-01 7.391989922374738731e-01 8.427328627881125467e-01 8.519141774423345526e-01 8.379659341821513729e-01 8.252609951770992769e-01 8.312439503530599794e-01 8.765183342237986563e-01 8.406397863814296656e-01 8.065699530731611500e-01 8.325089167645809418e-01 8.310593101563875651e-01 8.329102198166030702e-01 8.502962664713961116e-01 8.520663286639014178e-01 8.680808061551227306e-01 8.159654040004266085e-01 8.703771234246672206e-01 8.653838356127894205e-01 8.507458159965377575e-01 8.811360258836548054e-01 8.664476535712500871e-01 8.712568122619893662e-01 8.745004197401294865e-01 8.786659915456850323e-01 8.769725671746487761e-01 8.621673361765778143e-01 8.720759879607622445e-01 8.374393616206723401e-01 8.603713548106923792e-01 8.763839166186218055e-01 8.704298436151792773e-01 8.725641303931770398e-01 8.684826773086032903e-01 8.713061061138147601e-01 8.750000342164119260e-01 8.802445318523771656e-01 8.815911679948887913e-01 8.815115457411708544e-01 8.718017787891330084e-01 8.756268717260179413e-01 8.761171838709982396e-01 8.766363541781508895e-01 8.780012893565471988e-01 8.759630670771472172e-01 8.788236360277462689e-01 8.746758627687567511e-01 8.798764834392620582e-01 8.797951593991268915e-01 8.640572630100666895e-01 8.695252004278162250e-01 8.854614319399428668e-01 8.770055380831633940e-01 8.781255982049868125e-01 8.753423335118706294e-01 8.786440808796023294e-01 8.783460136711360722e-01 8.809013447425591004e-01 8.849273380745386053e-01 8.832729520667350620e-01 8.739961272793771441e-01 8.720811532398885513e-01 8.746365110118254904e-01 8.774401385856713809e-01 8.778101265746106607e-01 8.814634823410115727e-01 8.809887740722038840e-01 8.722619345547010239e-01 8.763742749983729485e-01 8.789973091017049267e-01 8.827165210269385387e-01 8.790779297600085362e-01 8.790162492221500479e-01 8.693954413727599251e-01 8.726033429445781975e-01 8.816450019870391008e-01 8.793174501672142984e-01 8.783438229831171951e-01 8.778675508512031600e-01 8.743490333101269218e-01 8.812474615527249311e-01 8.823076541409653473e-01 8.767598080081168144e-01 8.796696368631620189e-01 8.788538053672526607e-01 8.792088752995214085e-01 8.781981976552872826e-01 8.769793339107007091e-01 8.793550744074465353e-01 8.791335130652750962e-01 8.798550619427556452e-01 8.821107062688753331e-01 8.825445573113384068e-01
-1.218541959951642030e-02 1.079429617382798856e-01 3.716754752081241064e-01 6.480536033950162755e-01 4.733427657348344142e-01 5.723881909144806768e-01 7.917723726240470938e-01 7.442227136097768758e-01 7.954128426703346300e-01 7.228711024811088626e-01 8.451485478537621443e-01 1.000000000000000000e+00 8.150835659524076071e-01 8.162045892829491445e-01 9.099117172291872890e-01 8.923460789254429315e-01 8.005605972639403545e-01 6.489887710141406529e-01 7.010780295502043735e-01 6.431233882768726540e-01 6.457087734179698391e-01 7.300231293891804585e-01 7.414869595695171567e-01 6.715254740471132688e-01 7.010671110068591450e-01 8.555794056266090575e-01 8.706363127431913096e-01 8.637710890173470046e-01 8.051772810514353784e-01 8.198298167658628621e-01 8.904948547280555626e-01 8.380390379531297285e-01 8.343554298839496175e-01 8.502154113389864820e-01 8.366058443427480951e-01 8.699682709179636930e-01 8.773897094188906065e-01 9.008595089925028887e-01 9.015504562156101409e-01 8.788529546342924714e-01 9.131785440109672081e-01 9.160030352934043218e-01 9.233795385603059680e-01 9.254141939587331445e-01 9.185520799963311500e-01 9.102444590403798719e-01 9.279185261075211244e-01 9.232249296010941464e-01 9.296717631906650237e-01 9.164560493561311194e-01 9.319751503412846416e-01 9.129958648818011779e-01 9.229079602782613856e-01 9.081436389537360654e-01 9.082115816285614152e-01 9.049094127239444285e-01 9.166523149208701815e-01 9.214071097705195390e-01 9.259689284361787287e-01 9.272635571729327397e-01 9.320492192497407125e-01 9.287579818126122655e-01 9.178934914628146258e-01 9.279527194226053766e-01 9.242916519926449581e-01 9.218345550542967892e-01 9.263272215915948626e-01 9.045384411283658999e-01 9.041964869997693999e-01 9.150499247277772419e-01 9.137668252700885674e-01 9.129662458696804483e-01 8.877952766727454925e-01 8.981360111868501583e-01 9.253706227575957399e-01 9.202808131023574312e-01 9.198397709912573550e-01 9.016154500512261194e-01 9.103746575782002415e-01 9.100806274844823740e-01 9.175605798486017317e-01 9.234268574410751107e-01 9.240013095458157188e-01 9.122771637263807909e-01 9.166367421105380275e-01 9.073487806523015120e-01 9.202560843781137923e-01 9.194335588128614845e-01 9.258035873641644597e-01 9.139933644434614646e-01 9.226677924074033754e-01 9.279042085163679010e-01 9.331929701868750815e-01 9.283621654919570476e-01 9.302452045760618571e-01 9.288857639687114753e-01 9.276425221708728408e-01 9.209568584634060251e-01 9.325460341023701361e-01 9.320816015919115571e-01 9.375227461527524397e-01 9.271006464364117683e-01 9.342578823767530016e-01 9.344896086611790276e-01 9.354357673832005560e-01 9.213615505652416049e-01 9.300284425960388957e-01 9.205928453740311879e-01 9.199503175255612231e-01 9.258005828421653760e-01 9.265512591447994106e-01 9.323883116502094115e-01 9.274722904541969903e-01 9.294972701016487315e-01 9.305237440183794506e-01 9.322196465710249624e-01
2.760301357679709883e-02 1.452285612721576080e-01 3.212633083574406023e-01 5.119676743403749342e-01 4.655836259683906464e-01 5.161754751194070900e-01 7.209970292942847747e-01 6.801774970252023600e-01 7.508211634402240930e-01 7.001450508587256927e-01 7.685164445897355590e-01 8.150835659524076071e-01 1.000000000000000000e+00 7.439963340201333208e-01 8.362950042157208941e-01 8.348424639608380549e-01 7.389997435620719868e-01 6.222848732392536331e-01 6.871822142860051219e-01 5.671043761937706318e-01 5.680373230599482515e-01 6.831953323316694027e-01 7.265321266961912716e-01 6.538769043890707566e-01 6.877875143257469182e-01 8.023337630933705666e-01 8.110647562374712072e-01 7.954393619690295347e-01 7.647359898926687771e-01 7.816528125211239519e-01 8.321125913038003308e-01 7.849088972983381263e-01 7.534796388987745619e-01 7.776316793835209573e-01 7.807393827241984052e-01 7.889854598633234684e-01 8.047374782746624655e-01 8.288830083972955620e-01 8.305184257384782276e-01 7.831390250264870234e-01 8.451782000973870890e-01 8.454122799303991354e-01 8.290657131635754684e-01 8.532196594354934938e-01 8.425429769504602096e-01 8.426358837883447528e-01 8.584052729062614517e-01 8.594709532552371467e-01 8.475946973082643110e-01 8.233844618644894364e-01 8.460331568440666583e-01 8.139779537145294119e-01 8.459227612668129836e-01 8.603260031587283141e-01 8.497233708739423408e-01 8.496337488128290483e-01 8.431308825225927173e-01 8.554508168293171178e-01 8.490946277348971893e-01 8.635464306325704165e-01 8.589292314744194634e-01 8.608855851928441938e-01 8.504080033164971297e-01 8.553401360998544867e-01 8.468124058982191560e-01 8.572135466970068896e-01 8.578133909347773756e-01 8.471336957454281835e-01 8.484744896838672945e-01 8.387284524828788612e-01 8.405558560445605121e-01 8.500209872628223806e-01 8.320533635968710984e-01 8.401034329537049317e-01 8.582011505706261811e-01 8.561207116376994275e-01 8.559512480712315741e-01 8.483060350218928347e-01 8.521700652190009606e-01 8.532364189531183030e-01 8.522267229791069543e-01 8.596688849185879500e-01 8.552056421168505729e-01 8.506374105211899073e-01 8.466361627314247240e-01 8.428497004731496656e-01 8.483131804031281975e-01 8.576973727019715499e-01 8.574170163984612403e-01 8.599041041237986960e-01 8.462555588434993448e-01 8.610857876678833511e-01 8.570709964446089346e-01 8.600428723191039238e-01 8.629733208524384969e-01 8.620827174813376903e-01 8.465088853228436294e-01 8.473445381746349536e-01 8.613456639760204148e-01 8.582493130749840882e-01 8.600565641832241814e-01 8.573571080975891379e-01 8.580000726994048144e-01 8.635435478625995698e-01 8.590178242029751221e-01 8.566454682118027630e-01 8.594765054343571631e-01 8.623812246532119863e-01 8.619695279156682766e-01 8.619620441422127799e-01 8.598008125302022409e-01 8.656598349867636877e-01 8.624747451037249046e-01 8.609646440231230047e-01 8.574307226342130495e-01 8.630602317351968589e-01
