1.000000000000000000e+00 7.078391447562593086e-02 1.343925888083584153e-01 1.263518307117944273e-01 1.844545871218069080e-02 1.373364914977113355e-03 6.900114046695313141e-02 6.817756201297972551e-02 1.242299228768541236e-01 4.676876757843012600e-02 6.039572271931309064e-03 4.951632020124648037e-02 7.930369201375948515e-03 -1.025273723679147493e-02 1.085019141680964964e-02 3.276972794534852712e-02 7.942652716704347304e-02 4.830627714185293381e-02 4.043999584541978914e-02 1.251483789132961655e-01 7.427909231089094289e-02 7.770992203021356848e-02 5.290513481474230784e-02 2.035426584989714904e-02 4.773524826546833577e-02 5.341176568028394023e-02 3.942270349515258204e-02 3.533382496638519388e-02 5.251040727430541372e-02 4.010810712741097461e-02 3.907867057260356464e-02 2.064361788557796465e-02 1.834920585959601280e-02 8.804126476977015836e-03 3.492641926081108128e-02 9.411141034830384708e-03 1.480139449998647654e-02 1.195803080031119549e-02 2.631868352267913158e-02 -3.411637687923537582e-02 1.076581536561424871e-02 -6.064162432466096249e-04 3.955188622145733692e-04 1.543816543588686155e-02 1.278336635724842442e-02 9.208774538102685106e-03 4.508651910729360654e-03 7.191417491147889147e-03 2.281760000560873955e-02 3.993399353847259386e-02 1.872913467563709980e-02 7.912553292171697894e-02 3.865252819347998053e-02 3.117835964121998607e-02 2.949584540428639573e-02 2.168402201085110892e-02 5.947405167670758580e-02 8.463769795249469902e-03 1.093883867783583888e-02 3.329954062675292981e-02 1.887515674290805162e-02 2.471807691373265753e-02 2.534864712308752127e-02 3.936955080413965385e-02 6.127432786407742416e-02 5.188549774703989093e-02 1.766267139465901165e-02 8.574084545112915789e-03 1.324504491552266038e-02 2.544649128293025031e-02 2.544075429662762816e-02 2.638762358202594721e-02 7.369589520573993809e-03 1.934157346994297769e-02 1.469878220741874589e-02 1.429035748264021778e-02 1.009485937455039881e-02 2.108888602465068887e-02 2.032303251222396939e-02 1.670211296609214885e-02 9.891743738012289885e-03 1.410670394694660962e-02 2.528060688130718409e-02 1.867852842961247734e-02 9.823060800301840201e-03 9.395490053641123926e-03 5.234516166586900346e-03 1.157458012166594913e-02 1.052223041568451159e-02 1.849965248244020422e-02 -3.122542126836880694e-03 4.000810880256047350e-03 1.115611819536869304e-02 8.404116183053785341e-03 6.497831858221264807e-03 8.989957974767478349e-03 1.725416328535439928e-02 5.539059483230711345e-02 1.729534514635636816e-02 1.411584837898126159e-02 4.453147405061305859e-03 1.857021882982706762e-02 2.730789387208825206e-02 1.401930003597927181e-02 2.672671399386515947e-02 4.062575132999148714e-02 2.307775858850837081e-02 5.735175424778912907e-03 9.135130680365498301e-03 1.605314301205703828e-02 6.614906359145467964e-03 1.797536218116551482e-02 1.546921406856721810e-02 2.566806154259623426e-02 3.297435273113733661e-02 4.128604050795574992e-02
7.078391447562593086e-02 1.000000000000000000e+00 6.686992057141964707e-02 1.175636840048134429e-01 8.393336419325034270e-02 1.263406712746128757e-01 1.546958844423310664e-01 1.412222626677047399e-01 1.684240420876878253e-01 1.667276261297383211e-01 1.329327276350582843e-01 1.544647905413784883e-01 1.332010618650709410e-01 1.384804716510817102e-01 1.486125232304709998e-01 1.577755773101871539e-01 1.542009900791070365e-01 1.330835558884917724e-01 1.364604793239549696e-01 1.466660505326010944e-01 1.229644356407759848e-01 1.337538024861071040e-01 1.456269208565475481e-01 1.400585890224973207e-01 1.376737752694840167e-01 1.586385332708734330e-01 1.389712829255970172e-01 1.408746949783241109e-01 1.442965297588711671e-01 1.526079666331549844e-01 1.498073238030946108e-01 1.437516452702367609e-01 1.146018067542447644e-01 1.224105236830883986e-01 1.385040834804650289e-01 1.436039723271407831e-01 1.400335416601050931e-01 1.487322422497503738e-01 1.483911319866735024e-01 1.253167193933201751e-01 1.496524822969242663e-01 1.464192678145558035e-01 1.508329025058575690e-01 1.527373913011004503e-01 1.558279931620023540e-01 1.557727976971693962e-01 1.585122359408598081e-01 1.640229299917783379e-01 1.596848689840234814e-01 1.360336786748637949e-01 1.549476742150011632e-01 1.484560139057876926e-01 1.510885979157756964e-01 1.701672191155668701e-01 1.694174252330260533e-01 1.651601933029066271e-01 1.708122549723599393e-01 1.583153548159422774e-01 1.615702372663093411e-01 1.713165536402674050e-01 1.568720369303673867e-01 1.705930372215314073e-01 1.648375866534387835e-01 1.596125475081193457e-01 1.688509574630762122e-01 1.671360810754448922e-01 1.602258341315425383e-01 1.562980102657657577e-01 1.564682158139491797e-01 1.630835764480746408e-01 1.524243795435779036e-01 1.535322564296085768e-01 1.568717493252826944e-01 1.548564767993770852e-01 1.566576106086125797e-01 1.553473161583436568e-01 1.477996078073924302e-01 1.558231263312438719e-01 1.529597505536349211e-01 1.591155942852880423e-01 1.553124668469466618e-01 1.548746366131566465e-01 1.591414648854526104e-01 1.508775206285589698e-01 1.423824679733125265e-01 1.527240462674653854e-01 1.519124874535273673e-01 1.516676812219941162e-01 1.512056090575237821e-01 1.597606254391412406e-01 1.437562461702579508e-01 1.532929608560723855e-01 1.546275751182996094e-01 1.554333778352141038e-01 1.559165887220863300e-01 1.605743115889036454e-01 1.488544251746609648e-01 1.579541551195496607e-01 1.571171823534047163e-01 1.513485323910787606e-01 1.527827404845305825e-01 1.627522325173706708e-01 1.536818795242020363e-01 1.554524637050503366e-01 1.540426436066983928e-01 1.653367252151912159e-01 1.585393164571949343e-01 1.599052888639032333e-01 1.615868746111684129e-01 1.607832594795009507e-01 1.560164998690438121e-01 1.624690761635164682e-01 1.611763052667494200e-01 1.557491731478882757e-01 1.581120479399205359e-01 1.643590852807935987e-01
1.343925888083584153e-01 6.686992057141964707e-02 1.000000000000000000e+00 3.336461500169424776e-01 1.712822318252420206e-01 2.241306096929621960e-01 3.470911628004236804e-01 3.308380617389667933e-01 3.481408668972904574e-01 3.277759416393483671e-01 3.445662866178326733e-01 3.675175832383510421e-01 2.970272270105235868e-01 2.681140162330824528e-01 3.640574000502772023e-01 3.659378513862198701e-01 3.357403643181583464e-01 3.733539979348968751e-01 3.709708020017559171e-01 3.501132781434506125e-01 3.752020698058959880e-01 3.911004021812478637e-01 3.869474014967250186e-01 3.656117619493355897e-01 3.782891700753006625e-01 3.916545034048753426e-01 3.676497623963843053e-01 3.792918782359599450e-01 3.907483596517529190e-01 3.691003958564565979e-01 3.787180518940710949e-01 3.808123566042837527e-01 3.349852719794159661e-01 3.726414264279034327e-01 3.369583363997761261e-01 3.676732973969733531e-01 3.655653016843466441e-01 3.726271151485532340e-01 3.758403254444871999e-01 3.598036839472233961e-01 3.692332694350261013e-01 3.638864123774755988e-01 3.671171393403896421e-01 3.725542057170480037e-01 3.768961100037429568e-01 3.732678062845000144e-01 3.667906513857052686e-01 3.678256187297424540e-01 3.741358761034029867e-01 3.755765062125792642e-01 3.820796167230021134e-01 3.912593173102973387e-01 3.623112944505137434e-01 3.685401185464570739e-01 3.722733863429668610e-01 3.753701636656154861e-01 3.835317016986008465e-01 3.653867691609606894e-01 3.693174956614629911e-01 3.698518957715096200e-01 3.719941395122029482e-01 3.657312403259713740e-01 3.723594218663252020e-01 3.798827341874562169e-01 3.782160430360002046e-01 3.804775685905855132e-01 3.682599809618173348e-01 3.773244309280944231e-01 3.736644698627299421e-01 3.781637765991973654e-01 3.829228681353932240e-01 3.832979467581702493e-01 3.801143088550411608e-01 3.822700081806698069e-01 3.716325400839570747e-01 3.694542877507199230e-01 3.726024178557584277e-01 3.761354573664945633e-01 3.778090659669554596e-01 3.723254939411472231e-01 3.701729057207505114e-01 3.721504795010916467e-01 3.816587197336610560e-01 3.688020847083419707e-01 3.740717477427837889e-01 3.795884248234812630e-01 3.713031665337739318e-01 3.743276867469980118e-01 3.734298481940064307e-01 3.776684921829950303e-01 3.684896922556500365e-01 3.705553717315736018e-01 3.710571109009651591e-01 3.688436687517093748e-01 3.685928604229219974e-01 3.651660007397932173e-01 3.779759756584197272e-01 3.845633173955229078e-01 3.736953921324323025e-01 3.761257811644596050e-01 3.686981509924214251e-01 3.737836436488812253e-01 3.725220540136811587e-01 3.718136787029379109e-01 3.780430369269702773e-01 3.819320533048912170e-01 3.719111324645174022e-01 3.646477188457796226e-01 3.673537004576010734e-01 3.695654311345392684e-01 3.698695546102191423e-01 3.674576711926381134e-01 3.672673864436918900e-01 3.782351847383485510e-01 3.772920217753324978e-01 3.789184219875221804e-01
1.263518307117944273e-01 1.175636840048134429e-01 3.336461500169424776e-01 1.000000000000000000e+00 2.834894343432325936e-01 3.653835298424133460e-01 5.345180553831520021e-01 5.092523027013572401e-01 5.662642259755455987e-01 4.964814275975451552e-01 5.522371273682904480e-01 5.818752515169993700e-01 4.933390691504077608e-01 4.613097219955593076e-01 5.824731204037315591e-01 5.750747313253793402e-01 5.085239014543357916e-01 5.360932751829093901e-01 5.339413708274327597e-01 5.138025532007174379e-01 5.558117543449702103e-01 5.606731691930810779e-01 5.591079361401259940e-01 5.356865651828235375e-01 5.521793556855576490e-01 5.997468170641327978e-01 5.691060303170163426e-01 5.814364080671612367e-01 5.557599219479636421e-01 5.912849179247336995e-01 5.997594941493874510e-01 5.814153203346971166e-01 5.614299348114824006e-01 5.639241770211177451e-01 5.527539173459455890e-01 5.701752510006504737e-01 5.876930803082731636e-01 5.881317400274932439e-01 5.914058361570972977e-01 5.710411683759627488e-01 5.922137469641340912e-01 5.917979530376201724e-01 5.938353505192093262e-01 5.860472496683548638e-01 5.922822062485790795e-01 5.878240396005487423e-01 5.860174384375075318e-01 5.908593976594751496e-01 5.897769492074407260e-01 5.752828277418456926e-01 5.988687433474370048e-01 5.938484591897392750e-01 5.869657425100835990e-01 5.899668042692682857e-01 5.861497485761150150e-01 5.874399081722971871e-01 5.948647314284544185e-01 5.867737564509284409e-01 5.894338044610326621e-01 5.905467657633600709e-01 5.931698917676732075e-01 5.891066490532494981e-01 5.925963170970359739e-01 5.899798670062201822e-01 5.880827202010134869e-01 5.973568332258835101e-01 5.857832116796349853e-01 5.911213597114430840e-01 5.885587002118849442e-01 6.010239918063140507e-01 5.935547619422423260e-01 5.931886236082459796e-01 5.835141574072212345e-01 5.921435086999673469e-01 5.907053503453381094e-01 5.871740031087762102e-01 5.866141801484049401e-01 5.818860024637734218e-01 5.916838782368860628e-01 5.908435468257168255e-01 5.897390009461320748e-01 5.922008409916206251e-01 5.900387653425601675e-01 5.862396220610461839e-01 5.840701375497309167e-01 5.867037311703127145e-01 5.901892327315055864e-01 5.913987270202718527e-01 5.878272464531321129e-01 5.904318901365296357e-01 5.866508261303302607e-01 5.890149572842868775e-01 5.929268270619961756e-01 5.927361876500885085e-01 5.891373323972931564e-01 5.872571926521924501e-01 5.899700681896200560e-01 5.957122175622640015e-01 5.919062870101552409e-01 5.959489265788189272e-01 5.905375041634222111e-01 5.940854234250704247e-01 5.943554852112380438e-01 5.884738702876709526e-01 5.921987434520465943e-01 5.968176593787206663e-01 5.922101632734898535e-01 5.843682399494496416e-01 5.867173494250728094e-01 5.898521377125726106e-01 5.915255863396839953e-01 5.919126479832499399e-01 5.916522156727147541e-01 5.925707716295179894e-01 5.899979113289194332e-01 5.948309880972791897e-01
1.844545871218069080e-02 8.393336419325034270e-02 1.712822318252420206e-01 2.834894343432325936e-01 1.000000000000000000e+00 2.719957930764355658e-01 4.024100284282747797e-01 3.783275871304626614e-01 3.981424303186488212e-01 3.472089457029532977e-01 4.017175623006346008e-01 4.114433206981003566e-01 3.587488687280906974e-01 3.249600418397142754e-01 4.187095664163715258e-01 4.189884272759157313e-01 3.977395881789919097e-01 3.633906113054731213e-01 3.785286986584496249e-01 3.314992693192246875e-01 3.646507771440527512e-01 4.006350521447206714e-01 3.898094910209013442e-01 3.734289142586043053e-01 3.777976715131759478e-01 4.247651049625468800e-01 4.101784784796524974e-01 3.979305980033166490e-01 3.665013237318818784e-01 4.257478163188063158e-01 4.271135732645612859e-01 4.180792360273874464e-01 3.863050721810752375e-01 4.058281050070989826e-01 4.013140462907314743e-01 4.099959634392127961e-01 4.198468171188312059e-01 4.186047323995146230e-01 4.341802028705064598e-01 3.882373604614842155e-01 4.269231680909729709e-01 4.241948709764248870e-01 4.216326728128347856e-01 4.292153705531289165e-01 4.266308339717583831e-01 4.251406255746643659e-01 4.371023346303425372e-01 4.416322413459426444e-01 4.381085249148045646e-01 4.130723505581827548e-01 4.310004825976158083e-01 4.171254795299579876e-01 4.274356203127759324e-01 4.469240271580747770e-01 4.363603709917882045e-01 4.330986980231406602e-01 4.410504189733209235e-01 4.363965290749983184e-01 4.346484535011276851e-01 4.476089395295868578e-01 4.381171197008427165e-01 4.393731214218387082e-01 4.318419350359739006e-01 4.399497375498593321e-01 4.382750693924286622e-01 4.402970055281676398e-01 4.384604913047578378e-01 4.353671299818488993e-01 4.350510756689995873e-01 4.403183093146724736e-01 4.324862646140010813e-01 4.370656546904739814e-01 4.310878973913941370e-01 4.310812617987346829e-01 4.398846181173500236e-01 4.367541698404165396e-01 4.297707185153328280e-01 4.206162452509396577e-01 4.305009974047326882e-01 4.363465055051738428e-01 4.301684728677732106e-01 4.371782045650337567e-01 4.384432556938609449e-01 4.334979422538582372e-01 4.292015560023572651e-01 4.309147160492474149e-01 4.339253392068748161e-01 4.359977287179197525e-01 4.370553471949324420e-01 4.341825649857489200e-01 4.284959983166812258e-01 4.344979920030074827e-01 4.348073004538313135e-01 4.319046627753915235e-01 4.404407241494323055e-01 4.383377735398903963e-01 4.283740828998527372e-01 4.349513629165385198e-01 4.389508527363574775e-01 4.338746461418308553e-01 4.344686106025355543e-01 4.405964781762028992e-01 4.351235971675787573e-01 4.364884246403561430e-01 4.364655178762527066e-01 4.428645964299412485e-01 4.408818005738736612e-01 4.414179966917003983e-01 4.398730687930359484e-01 4.411048095309169081e-01 4.366963765415065035e-01 4.424056082574761573e-01 4.401193546379442711e-01 4.411395648778990708e-01 4.386832310261316037e-01 4.404586912730839021e-01
1.373364914977113355e-03 1.263406712746128757e-01 2.241306096929621960e-01 3.653835298424133460e-01 2.719957930764355658e-01 1.000000000000000000e+00 4.882495415057136467e-01 4.557016854610991818e-01 4.824464813786508710e-01 4.620739507910473498e-01 4.963748862218748115e-01 5.224342041958460747e-01 4.662736652613995725e-01 4.139049302532107899e-01 5.322865036990038767e-01 5.209443842241521239e-01 4.721099350775770920e-01 4.570159561205846543e-01 4.754145373769704808e-01 4.037726370245338647e-01 4.413418493885911675e-01 4.787888803872195620e-01 4.860578742592424062e-01 4.708480133187669114e-01 4.840527995286608709e-01 5.226047813051852842e-01 5.066312429349866253e-01 5.226913738300151824e-01 4.964956916129920073e-01 5.270067239688250860e-01 5.372583593386303091e-01 5.200011411361521452e-01 4.789323229094056833e-01 5.031460998407185636e-01 4.788975199165207419e-01 5.116240989570854936e-01 5.273589324599841088e-01 5.299572106820502615e-01 5.399732796948342184e-01 5.026849125360377535e-01 5.418470949864097053e-01 5.344937736119642624e-01 5.390012056989318401e-01 5.411459891233370012e-01 5.427545266228607224e-01 5.354917811010556639e-01 5.504236152105469460e-01 5.470107514615549782e-01 5.403038913774297347e-01 5.146363013165614619e-01 5.424723376522615492e-01 5.259733620684765576e-01 5.328051306309594670e-01 5.483707928415909594e-01 5.403043365784466756e-01 5.396735605700514471e-01 5.430083648045330724e-01 5.478222466453854800e-01 5.454474690990083197e-01 5.500231323539861439e-01 5.528011783294140002e-01 5.499944271468270030e-01 5.441760697074086162e-01 5.436351083197853429e-01 5.415854453818198522e-01 5.448856695199211231e-01 5.513752612872049319e-01 5.453838281061088589e-01 5.432930796514592320e-01 5.412406975384254082e-01 5.395334560003058888e-01 5.470468676678412745e-01 5.383862697746449877e-01 5.406518009180808493e-01 5.478182852914824652e-01 5.478088266376762716e-01 5.406955953289576122e-01 5.411248876258829554e-01 5.414662902254590016e-01 5.458121941330663640e-01 5.470435198782361841e-01 5.479484403130318038e-01 5.472072660580029613e-01 5.392291846934752497e-01 5.322254098712695392e-01 5.396659547441776672e-01 5.424136994772065234e-01 5.424426054736013469e-01 5.458807710836540705e-01 5.471707820124583899e-01 5.409182981562459247e-01 5.466234375875226315e-01 5.477314684951716250e-01 5.478676983233247144e-01 5.486319236443384373e-01 5.502200582232102954e-01 5.383135580566578149e-01 5.363710941028989598e-01 5.476678552772266118e-01 5.463131597943319262e-01 5.465037593504167290e-01 5.476065139325203557e-01 5.463486275393116820e-01 5.477249839968847400e-01 5.457059341488239568e-01 5.483182101583808921e-01 5.473332943809264828e-01 5.491594068991096922e-01 5.469260248787594092e-01 5.491330357670605178e-01 5.468811821254579986e-01 5.510888344246421822e-01 5.529387940934576973e-01 5.494896859161852998e-01 5.488359487221594613e-01 5.477009416463799463e-01
6.900114046695313141e-02 1.546958844423310664e-01 3.470911628004236804e-01 5.345180553831520021e-01 4.024100284282747797e-01 4.882495415057136467e-01 1.000000000000000000e+00 6.955339552556014660e-01 7.396233951331061540e-01 6.673273804850877733e-01 7.527730724360295333e-01 7.957646053211632209e-01 6.815238042162226062e-01 6.473913977198250125e-01 8.165966826199543283e-01 7.921974787009021801e-01 7.196171050508859413e-01 7.183646986352866248e-01 7.232692926365382746e-01 6.653062605169384192e-01 7.125546390672315988e-01 7.529560959786107954e-01 7.632532565908666244e-01 7.199509358803083403e-01 7.402371124600932717e-01 8.082286071085054147e-01 7.913425407789401733e-01 7.988895129216494473e-01 7.713593750804974558e-01 8.114916146617763282e-01 8.254326751817391283e-01 8.014857645001935982e-01 7.527565163441644058e-01 7.824994248547656461e-01 7.628969801963134678e-01 7.856183411721897603e-01 8.026239871217315525e-01 8.120819139416015631e-01 8.227542450091481774e-01 7.716034782294723948e-01 8.175335984495361030e-01 8.166109677629452834e-01 8.158390125326943076e-01 8.176547070319333255e-01 8.147381250225627092e-01 8.170763385459480777e-01 8.141747061098754124e-01 8.238062351823154383e-01 8.215332612009804691e-01 7.959073776004453871e-01 8.277773861197069705e-01 8.090045142525218447e-01 8.064406599392799357e-01 8.209414301649544665e-01 8.186243083606363768e-01 8.180535172332400462e-01 8.198643182521082595e-01 8.164193315438947884e-01 8.248489304570664205e-01 8.240537944005700277e-01 8.270302200543698801e-01 8.232627886306079779e-01 8.235467787851533661e-01 8.216595911165286426e-01 8.161815547873713106e-01 8.257787397299528598e-01 8.238671799662756756e-01 8.220469764681315183e-01 8.226944266465082700e-01 8.259614166199779062e-01 8.176564324099495629e-01 8.244337904813405782e-01 8.113701189033286632e-01 8.152421597141595866e-01 8.268688156426825531e-01 8.242487260777461300e-01 8.182417950045156596e-01 8.178345129120977441e-01 8.214823555249389786e-01 8.260128458864652856e-01 8.243101641768143528e-01 8.270181742779445511e-01 8.250091183476504497e-01 8.225152151068984008e-01 8.133730483650040144e-01 8.217925883836691980e-01 8.248309654522922862e-01 8.255074493082756870e-01 8.244038964410514980e-01 8.250549920759592260e-01 8.160982819796834820e-01 8.241447996197420744e-01 8.237899753592319296e-01 8.263733512126989478e-01 8.260203337096297949e-01 8.234995917355244499e-01 8.171039111770753705e-01 8.214532495407543822e-01 8.250938638266640535e-01 8.264833295626907717e-01 8.230625184855805410e-01 8.282643251952016561e-01 8.239237094452236398e-01 8.243005950070485532e-01 8.269788578866299478e-01 8.266028805877565500e-01 8.243192272836188383e-01 8.215764759390858929e-01 8.237865058858107048e-01 8.251562520271278345e-01 8.268470651360649848e-01 8.258300529024298342e-01 8.261513698011636597e-01 8.270625477108283219e-01 8.240032383081665746e-01 8.279907769756522651e-01
6.817756201297972551e-02 1.412222626677047399e-01 3.308380617389667933e-01 5.092523027013572401e-01 3.783275871304626614e-01 4.557016854610991818e-01 6.955339552556014660e-01 1.000000000000000000e+00 7.002036497289610972e-01 6.254063766068048702e-01 7.154127100438927300e-01 7.561154539140700903e-01 6.453441583970785933e-01 6.128704169998102635e-01 7.667604470159284924e-01 7.584056490335551182e-01 6.908254879346534816e-01 6.839243895365719750e-01 6.860759010476019659e-01 6.216855037558315367e-01 6.680941836632930952e-01 7.125638949062405025e-01 7.179736331578727704e-01 6.684124897951859712e-01 6.775243612080691369e-01 7.638738493574304123e-01 7.355551054233475661e-01 7.531063233047239347e-01 7.127666624925652616e-01 7.652274374275249702e-01 7.771876957088037496e-01 7.649319574068589311e-01 7.090657169553329364e-01 7.442938708767768974e-01 7.253600725106844616e-01 7.462867226135809773e-01 7.504285606920501062e-01 7.754124861074318531e-01 7.804081477709065018e-01 7.282426640814647634e-01 7.727901117606597037e-01 7.706718031300378025e-01 7.668618080237974421e-01 7.781704568371439201e-01 7.667058806492301759e-01 7.719112817109987645e-01 7.730154567707542279e-01 7.830657758773833521e-01 7.819006383123390247e-01 7.676808275275774918e-01 7.861493990983261515e-01 7.645082167137697837e-01 7.689613113084305951e-01 7.774206844176388964e-01 7.770288178780603294e-01 7.831447924258928550e-01 7.849326933441608256e-01 7.822291294676919637e-01 7.843709100845142057e-01 7.783670242562460428e-01 7.837908982540422453e-01 7.835187859384361575e-01 7.851650417285431782e-01 7.862863233127487250e-01 7.756494188022002856e-01 7.853568786718846395e-01 7.801250129408140443e-01 7.781336349037425437e-01 7.814365679668039411e-01 7.748488168800117259e-01 7.770778990602550396e-01 7.807784711079138740e-01 7.666673401930562681e-01 7.686789034411243282e-01 7.820757584375426230e-01 7.765961597786474879e-01 7.752248466255748927e-01 7.693386374840985864e-01 7.755255612605659321e-01 7.783320480029928268e-01 7.795869749896940926e-01 7.816102201988882614e-01 7.847157267024005289e-01 7.777841156303455517e-01 7.750009457486954911e-01 7.805293790448593061e-01 7.791329823274015798e-01 7.841577902418532808e-01 7.838797826698725713e-01 7.829694959045087055e-01 7.711199571786467866e-01 7.787660966293201703e-01 7.806314561504380523e-01 7.817800457684112025e-01 7.818138767627371699e-01 7.815711879215591074e-01 7.763680052854544655e-01 7.865056725843313501e-01 7.853458430329233186e-01 7.846003158342209627e-01 7.798951733644602369e-01 7.874010198945765593e-01 7.803222574551968993e-01 7.864605200402114971e-01 7.829408590454455252e-01 7.868168071892475135e-01 7.868377227671073948e-01 7.802686116195526322e-01 7.814360164443757695e-01 7.844887042359122153e-01 7.870476270719827250e-01 7.817860758574539659e-01 7.840105702318318492e-01 7.871075082743446139e-01 7.834529208413842927e-01 7.842660448961905617e-01
1.242299228768541236e-01 1.684240420876878253e-01 3.481408668972904574e-01 5.662642259755455987e-01 3.981424303186488212e-01 4.824464813786508710e-01 7.396233951331061540e-01 7.002036497289610972e-01 1.000000000000000000e+00 7.149359398336646576e-01 7.901061230553809711e-01 8.217371071609143041e-01 7.330962219221290876e-01 6.738768889246604665e-01 8.417582536501914126e-01 8.284006163114563392e-01 7.844166684345410534e-01 7.182193438864949986e-01 7.468279006611412418e-01 6.746736942623567934e-01 7.137541722464185723e-01 7.812537892629813907e-01 7.797909827309291719e-01 7.206184477456993864e-01 7.529761067564018084e-01 8.378544221108227275e-01 8.198412213662251702e-01 8.255688425863555446e-01 7.955733970287445223e-01 8.516186516934313167e-01 8.620974527508999952e-01 8.195184565053410530e-01 7.648889411610317879e-01 7.953578149874513947e-01 7.989578214616714913e-01 8.031323131507677182e-01 8.314338138254764310e-01 8.428673967552737789e-01 8.517513046690114997e-01 7.782610839499786159e-01 8.522455973130237394e-01 8.450943712549650044e-01 8.452332014535085536e-01 8.541847271731496383e-01 8.432294521829382106e-01 8.553188893255251335e-01 8.614035391048262547e-01 8.708331027872832086e-01 8.690327676935786227e-01 8.400348847762386661e-01 8.638019312602469579e-01 8.534452046523399726e-01 8.550331270763191771e-01 8.758391505564172563e-01 8.665151358831886252e-01 8.616962586472650676e-01 8.771498335014559222e-01 8.617360205551465313e-01 8.642101679457019348e-01 8.783017594113722293e-01 8.717066163681940205e-01 8.752586022131879639e-01 8.705202222763991360e-01 8.751460898218501594e-01 8.759054533764317751e-01 8.799679076945263745e-01 8.661808147973829586e-01 8.590281894764951742e-01 8.588866520497102641e-01 8.591423968336109329e-01 8.552184772184248107e-01 8.663245038500708706e-01 8.388994354925678465e-01 8.499564393481340296e-01 8.681802460581307113e-01 8.648044113034710767e-01 8.596267719746076841e-01 8.573258785625849088e-01 8.605608299957305807e-01 8.678362478741256103e-01 8.642499147134873327e-01 8.684073770635872824e-01 8.696815144121259333e-01 8.587919786458922955e-01 8.433668655193071739e-01 8.535256738053375036e-01 8.589962588644052266e-01 8.613550814229753438e-01 8.620517184468352578e-01 8.644594071987744544e-01 8.463883377705316846e-01 8.609230641532615858e-01 8.661677551080086968e-01 8.646345551135231622e-01 8.685893469274468259e-01 8.702845433371373396e-01 8.524310769770361285e-01 8.699525238148466677e-01 8.685853367727820462e-01 8.625963255784234729e-01 8.610879584393129615e-01 8.720387110821908871e-01 8.701310684498977377e-01 8.691693949011294329e-01 8.688378823699349773e-01 8.765913326298461206e-01 8.736350259409069174e-01 8.687894521560312056e-01 8.702845155521630183e-01 8.720591057482774966e-01 8.678983220168234869e-01 8.746156723448127446e-01 8.746439546386790553e-01 8.718544332266265906e-01 8.755384881641166128e-01 8.800381588040960823e-01
4.676876757843012600e-02 1.667276261297383211e-01 3.277759416393483671e-01 4.964814275975451552e-01 3.472089457029532977e-01 4.620739507910473498e-01 6.673273804850877733e-01 6.254063766068048702e-01 7.149359398336646576e-01 1.000000000000000000e+00 7.098561425534376523e-01 7.485797338916416743e-01 6.643823174697649492e-01 6.144139222518838483e-01 7.600156439728416036e-01 7.571291155685500041e-01 6.998457609400018375e-01 6.586049447245537758e-01 6.847092053971303161e-01 5.729011145700205754e-01 6.475095911860172526e-01 7.062571967330438794e-01 7.160583553621620023e-01 6.707466051008601493e-01 6.935235939639347036e-01 7.610138582164405197e-01 7.454958244687217572e-01 7.498570170818548153e-01 7.369540697812256846e-01 7.587711921843042218e-01 7.853575084055626210e-01 7.523367371927137670e-01 6.942151473259174921e-01 7.270631822995007321e-01 7.169170214197992941e-01 7.362478075954739243e-01 7.601686400625484730e-01 7.656075014357133224e-01 7.768434361896611184e-01 7.305210866160563032e-01 7.835606695118879639e-01 7.684147413291591011e-01 7.717376497023409332e-01 7.785350410331663973e-01 7.671649245295238950e-01 7.769477845911975100e-01 7.862862446189414767e-01 7.923882222408666909e-01 7.825089335293203829e-01 7.425186951554819670e-01 7.823793790144265570e-01 7.545414678704690514e-01 7.674147558399239122e-01 7.929419271044986228e-01 7.813955933651229868e-01 7.864461372285306284e-01 7.816823577744317353e-01 7.815546878871538761e-01 7.890686872883461156e-01 7.943158832032131134e-01 7.874604662046954529e-01 7.946953229722334422e-01 7.875900332761157641e-01 7.830694010983002551e-01 7.797549516800129643e-01 7.892645033304220847e-01 7.880681444233380573e-01 7.859547897005418893e-01 7.849597084591481977e-01 7.756994374869226050e-01 7.790902684001181910e-01 7.865512103731132632e-01 7.736122118575107232e-01 7.757169342190611827e-01 7.898045941787795732e-01 7.885998638937136151e-01 7.856891782998144391e-01 7.832108369597159392e-01 7.865398935907724765e-01 7.906499194707612421e-01 7.882984905364232020e-01 7.896630132859046025e-01 7.892822542949015086e-01 7.802691107074387622e-01 7.672141104627679953e-01 7.804667690650030076e-01 7.857094251656854267e-01 7.834634775570169518e-01 7.864062483284821603e-01 7.863336164716421273e-01 7.779170566339147497e-01 7.870295562491153030e-01 7.878047069511401324e-01 7.890570756610369996e-01 7.887423039858391105e-01 7.918182574464625034e-01 7.704112508145225524e-01 7.743190940215868290e-01 7.844822533261408548e-01 7.833768565005471141e-01 7.833243364244034668e-01 7.895837406041638085e-01 7.848416536778258790e-01 7.869820350913401263e-01 7.829357159729524174e-01 7.877570137046708831e-01 7.898674397471243669e-01 7.889464680376211403e-01 7.907566630262695684e-01 7.896866395133870231e-01 7.870907077592349532e-01 7.924013962058390481e-01 7.934446624499889023e-01 7.880590657012706002e-01 7.878130372569688289e-01 7.938165955274113506e-01
6.039572271931309064e-03 1.329327276350582843e-01 3.445662866178326733e-01 5.522371273682904480e-01 4.017175623006346008e-01 4.963748862218748115e-01 7.527730724360295333e-01 7.154127100438927300e-01 7.901061230553809711e-01 7.098561425534376523e-01 1.000000000000000000e+00 8.507853243347334171e-01 7.508688049878903259e-01 6.975176495081562011e-01 8.693754487534159914e-01 8.489871335310843481e-01 7.685414481190380176e-01 7.586912911885733690e-01 7.803019317706275659e-01 6.851213882791923337e-01 7.495519928240249596e-01 8.030748502441344971e-01 8.085536839763918238e-01 7.716461005214367841e-01 7.924047311595229237e-01 8.531926134136079698e-01 8.360075278180785219e-01 8.546851342489223402e-01 8.076000054288312580e-01 8.704064619548852466e-01 8.857598200450330639e-01 8.687769160356727527e-01 8.106280776086846052e-01 8.434533951534253227e-01 8.237391258862951648e-01 8.395657042367321576e-01 8.660160724445234992e-01 8.823113825973140090e-01 8.793855805874776221e-01 8.435059285195085632e-01 8.846124085418394234e-01 8.820731136587712795e-01 8.826709456230318329e-01 8.895406315181090262e-01 8.798676611278765103e-01 8.831517327474337486e-01 8.875701734247839481e-01 8.899315029888280604e-01 8.896834339911325884e-01 8.612921833253699422e-01 8.912680792623194348e-01 8.599611440284503638e-01 8.739742202450522246e-01 8.793060226862636775e-01 8.803417943572765525e-01 8.774373256578194002e-01 8.703621218672233928e-01 8.883079987282356260e-01 8.888948891591689216e-01 8.864496028768947822e-01 8.889248496736850136e-01 8.869972774853586150e-01 8.802534122363595559e-01 8.817424758085579128e-01 8.749744353706001565e-01 8.858481041160648495e-01 8.930987088311199695e-01 8.926582334385609885e-01 8.940911285972155120e-01 8.875774729909978733e-01 8.872981514648020651e-01 8.913237943148258902e-01 8.816141045805166998e-01 8.842621056143398217e-01 8.961434688249994007e-01 8.911116974100454780e-01 8.929050733098227166e-01 8.809427117413995978e-01 8.917346609213999686e-01 8.943673897727181243e-01 8.943993150744147247e-01 8.963998720819710275e-01 8.925952380535615571e-01 8.906480197801514009e-01 8.836801146097801318e-01 8.905546454764274866e-01 8.951842258541682362e-01 8.953268431209151501e-01 8.948943311146823065e-01 8.917984999891215292e-01 8.913773408828338241e-01 8.965787178473793029e-01 8.945877792373507775e-01 8.957826571396823034e-01 8.962163027690831507e-01 8.961104997721491827e-01 8.854866785049056999e-01 8.790131455272391925e-01 8.943567798465138496e-01 8.953367522698978398e-01 8.954520699291868002e-01 8.952132615510813851e-01 8.894154586030315057e-01 8.952661449981871300e-01 8.916363117250929449e-01 8.864816580543424251e-01 8.943704873261453248e-01 8.944733008092006221e-01 8.955451094052041539e-01 8.944984189365129401e-01 8.962765295009851307e-01 8.941112412097584894e-01 8.937946242913399342e-01 8.929551218048931149e-01 8.905803453984526552e-01 8.911349668612756902e-01
4.951632020124648037e-02 1.544647905413784883e-01 3.675175832383510421e-01 5.818752515169993700e-01 4.114433206981003566e-01 5.224342041958460747e-01 7.957646053211632209e-01 7.561154539140700903e-01 8.217371071609143041e-01 7.485797338916416743e-01 8.507853243347334171e-01 1.000000000000000000e+00 7.804525909372768133e-01 7.188018312170425528e-01 9.043517351949231786e-01 8.851620867163535467e-01 8.103402828639737487e-01 7.890398303119334766e-01 8.137713892512256075e-01 7.099492840864228826e-01 7.804921830203148669e-01 8.392091117939054490e-01 8.456528989638293359e-01 7.971222094041540140e-01 8.219238565782829298e-01 8.914928001842974403e-01 8.756233145110629001e-01 8.891859976691959266e-01 8.479885898982381098e-01 9.034372399855056246e-01 9.240817825013817322e-01 9.026557912938434347e-01 8.369383053781430659e-01 8.804351514696636682e-01 8.527387412738858252e-01 8.802560905427749827e-01 8.970069020069104671e-01 9.120091465853689128e-01 9.179679315166670017e-01 8.715192889950627020e-01 9.180528733496551297e-01 9.160043383754676860e-01 9.158640836790282735e-01 9.210546306387430437e-01 9.171171756649496576e-01 9.206958642885166855e-01 9.244072321775140821e-01 9.267536740262192207e-01 9.243476411536619697e-01 9.007618831493737765e-01 9.287173463399728268e-01 9.017335752433419671e-01 9.068944862438442778e-01 9.183122242154779791e-01 9.161510478808085889e-01 9.160077744597548977e-01 9.150866710914692392e-01 9.233067997612626199e-01 9.252661297498191439e-01 9.240463169249972797e-01 9.286314187470319226e-01 9.257119561574939093e-01 9.235528803619771354e-01 9.262077799321206673e-01 9.156753643700353829e-01 9.263526912355384280e-01 9.306285027611128635e-01 9.263900909688609353e-01 9.279895575073996428e-01 9.189402428976533033e-01 9.223628232085739898e-01 9.282438592741572014e-01 9.133553509097487311e-01 9.175807152373187670e-01 9.296545377776067598e-01 9.266006277257519130e-01 9.249725910259350981e-01 9.187946014336108025e-01 9.250400827653350033e-01 9.268119501232926494e-01 9.284167766920233822e-01 9.320318115151953187e-01 9.305291459234105167e-01 9.250960668469194736e-01 9.181864769328945686e-01 9.266193035107733733e-01 9.279659633450443312e-01 9.311360981998363373e-01 9.294680725073308780e-01 9.286015625463044376e-01 9.226258547602502746e-01 9.305510035091628662e-01 9.297392796989788488e-01 9.303398576270484055e-01 9.306234247571988361e-01 9.307975515144334411e-01 9.221463569412253758e-01 9.219327466096733925e-01 9.301196123011309380e-01 9.313291616182847177e-01 9.291934959236139990e-01 9.325169725699591350e-01 9.269358692824907209e-01 9.315103728684951401e-01 9.297767124646791892e-01 9.284417128692217247e-01 9.311206473116234728e-01 9.292734375580086192e-01 9.293688266895623329e-01 9.306965622987536380e-01 9.325231599953104356e-01 9.300190505755036030e-01 9.311200453498957863e-01 9.320515712143796483e-01 9.297133207462081605e-01 9.288317774572063534e-01
7.930369201375948515e-03 1.332010618650709410e-01 2.970272270105235868e-01 4.933390691504077608e-01 3.587488687280906974e-01 4.662736652613995725e-01 6.815238042162226062e-01 6.453441583970785933e-01 7.330962219221290876e-01 6.643823174697649492e-01 7.508688049878903259e-01 7.804525909372768133e-01 1.000000000000000000e+00 6.551903997791714840e-01 8.004842628171604524e-01 7.902822627059744587e-01 6.921653204792139746e-01 6.625740377299368378e-01 7.049585686562600539e-01 6.169045778633879262e-01 6.551802994903921373e-01 7.207307679733997441e-01 7.257838756182486417e-01 6.784948068968033041e-01 7.084972998047951442e-01 7.882598189816013567e-01 7.746260450726695224e-01 7.774852209185610930e-01 7.483027763193718096e-01 7.982490400802768615e-01 8.126274146469011361e-01 7.822125721931776354e-01 7.311930014813016188e-01 7.575899271644199739e-01 7.524564007468933502e-01 7.618823832891905568e-01 7.951108057903063520e-01 7.999004588317680797e-01 8.063707515593140362e-01 7.574749400266822530e-01 8.138283468644772478e-01 8.083889939345464404e-01 8.051494207199706432e-01 8.164690467317913258e-01 8.042801174152597321e-01 8.108270567419474384e-01 8.243993959180332398e-01 8.255603152721765481e-01 8.252664684749843049e-01 7.918114651477066168e-01 8.213826266127525200e-01 7.882208571306376088e-01 8.080198053972483807e-01 8.213866204615291045e-01 8.179135252080979024e-01 8.099837196661191507e-01 8.135019545604808000e-01 8.212403794077730579e-01 8.224162904145468911e-01 8.239643306084475372e-01 8.268065235219990150e-01 8.281325995923326522e-01 8.189938901613379452e-01 8.209485032714649577e-01 8.122618199523092830e-01 8.234154955716062041e-01 8.267814100754489193e-01 8.205300101265818880e-01 8.208125094690922330e-01 8.163244413172191516e-01 8.133243262369663773e-01 8.214931330294414913e-01 8.039754500095792622e-01 8.082610067066059445e-01 8.275585674605462350e-01 8.257395140407416401e-01 8.226978181872270923e-01 8.170943614809494937e-01 8.204249997940695760e-01 8.247667431677875305e-01 8.226450105751151876e-01 8.270283609943864800e-01 8.223442376350809102e-01 8.174150637574795208e-01 8.072559628816466937e-01 8.113865800272505036e-01 8.206137522859060507e-01 8.241933496095117384e-01 8.248098010371509581e-01 8.208118880678691998e-01 8.154944727712525321e-01 8.276117431178096062e-01 8.253642090288828559e-01 8.258698500842346357e-01 8.301604600795480238e-01 8.292013171110067526e-01 8.148651741825120309e-01 8.173229177023685343e-01 8.289879338234981132e-01 8.259593759848603556e-01 8.250435359601984153e-01 8.277930321901894040e-01 8.250739949492398306e-01 8.286444166038636761e-01 8.218424735642221313e-01 8.267549543730376982e-01 8.310097931445575847e-01 8.304984627242538719e-01 8.285791752762216023e-01 8.301230171609489394e-01 8.283941505831083907e-01 8.298030625967426355e-01 8.298466343497145070e-01 8.283833509596195688e-01 8.251629811779853663e-01 8.284582889705308650e-01
