1.000000000000000000e+00 6.909035007448417753e-02 9.435280044945991429e-02 4.971906018920280862e-02 3.196332496827115899e-02 -1.112887114899198046e-02 -4.812428154512187438e-03 -3.367063104762089282e-02 7.456490053703943022e-02 3.029213976401769551e-02 3.357342003296721888e-02 4.271787785635467252e-03 -1.555464009168487129e-02 -8.007640030643683668e-03 -3.453805032966611541e-03 -9.609247677904256615e-03 6.775341896234543526e-02 7.712493566135371348e-02 6.422173729320099222e-02 4.788509236020210141e-02 5.267929285781332294e-02 5.371843926462824270e-02 6.904502656737504518e-02 5.591276063759400422e-02 5.611856812733681532e-02 7.075981228152997127e-02 6.244065432873653620e-02 5.097336957290857229e-02 9.063979613636040378e-02 8.630858033528308881e-02 5.942461753806613928e-02 4.057481692505492121e-02 4.054217938720074133e-02 2.953080310834013678e-02 3.554422768314412923e-02 4.281661861555715459e-02 2.888180285260032176e-02 1.857056332513426153e-02 1.466984826538956371e-02 1.265150914562953623e-02 2.046321856827133800e-02 1.976926937523993278e-03 -1.524558466406395266e-02 5.637928219801237491e-03 1.893028272820993646e-02 9.581702280083944853e-03 1.054584702620650107e-02 1.477797563304003581e-02 3.087777750140414598e-02 3.752326250621362824e-02 2.160195421944164501e-02 4.141810442689686234e-02 6.753392527349543796e-03 3.754362468145157339e-02 4.280090924030497540e-02 4.301171229920043582e-02 5.511976086825751825e-02 4.023214816290610410e-03 1.881985526535155315e-02 2.147136561324994308e-02 1.125820664519939888e-02 2.248895326027255254e-02 2.705455936859776922e-02 2.767611310024669855e-02 3.876053296798034203e-02 3.911763517519085270e-02 1.240902526478278659e-02 1.783192301397597268e-02 1.746329711278208838e-02 3.206921137790869070e-02 1.907372814465311747e-02 2.426842559814028008e-02 1.882507592327556031e-02 3.410777339813104991e-02 2.102505598402337056e-02 1.799468992551477367e-02 1.968177012751109317e-02 3.739072803178606491e-02 2.249785942044607578e-02 4.074102769582220451e-02 2.608610605701255566e-02 2.215913704064717549e-02 3.663330530882964037e-02 1.738917731905684563e-02 1.699662823981889365e-02 1.393290813549639962e-02 1.205724486588670950e-02 -2.990566815975999066e-03 3.274501825347895471e-04 2.155035235528894241e-02 4.841533716096774187e-03 -6.349065868542768396e-04 1.282212457230070667e-03 -3.854551067363897777e-03 5.968990285657756537e-03 6.734425367306878969e-03 7.974206930825391768e-03 4.324073779219678865e-02 9.068963683146677446e-03 1.359406497592183065e-02 -8.169556500265743454e-03 2.033846621792263776e-02 1.225486843920224264e-02 1.733015391168449704e-03 2.495442356142292192e-02 3.213116795456134878e-02 2.242208501990530789e-02 1.381171929442772880e-02 1.171551011175022382e-02 1.037647918446450365e-02 1.665666271239907986e-02 1.910118124066439646e-02 5.147264462491592252e-03 1.778886886540920892e-02 2.371022153639285729e-02 2.352949049512499669e-02
6.909035007448417753e-02 1.000000000000000000e+00 6.476718877175818845e-02 4.788029812396860097e-02 9.719163772905126120e-02 6.926147274158099554e-02 1.419133065947715266e-01 8.316687503138503468e-02 1.564044583213254347e-01 1.565742442017444835e-01 1.279353516733631735e-01 1.428703108150971290e-01 1.403915099010989986e-01 1.383734833694859612e-01 1.533652666345104443e-01 1.454255443174703177e-01 1.459226829140188031e-01 1.293767250762731802e-01 1.317297206707768453e-01 1.190189701526980504e-01 9.580605996919276668e-02 1.371759012799605992e-01 1.503368630544772988e-01 1.341795190917093872e-01 1.486959232468590408e-01 1.800625309253868489e-01 1.681978048440919693e-01 1.798568267303053136e-01 1.788594587692815263e-01 1.839054816662747394e-01 1.731053674985665314e-01 1.575377654132000538e-01 1.596707094556802098e-01 1.431916398204884089e-01 1.633716130810718148e-01 1.350010074992705478e-01 1.592818739944109607e-01 1.501985309356936582e-01 1.486272410398478960e-01 1.477771705255601364e-01 1.608558765589899187e-01 1.442994275322874442e-01 1.266047157726886141e-01 1.566667342701293375e-01 1.572735380248067028e-01 1.647303286742407558e-01 1.640052793877666559e-01 1.620142443362226070e-01 1.519872052136588270e-01 1.314325463083705625e-01 1.400116717027482527e-01 1.161747812711733663e-01 1.436941567857235591e-01 1.708403093143853191e-01 1.586498735715225761e-01 1.686898726242982705e-01 1.385384993247620045e-01 1.529608543923182129e-01 1.509076488400169502e-01 1.595536803477184962e-01 1.431914941480613990e-01 1.542163525581049244e-01 1.448491057757482492e-01 1.526868749657911695e-01 1.571511763934178851e-01 1.537365047640416871e-01 1.595495731216530488e-01 1.555228292660104650e-01 1.596966351124624595e-01 1.575787206248633610e-01 1.461656429989054706e-01 1.588963700827525083e-01 1.494770019669838801e-01 1.602220735101748950e-01 1.663995171604797096e-01 1.656098427686226449e-01 1.679211054208835374e-01 1.719319308578433625e-01 1.606107891429835732e-01 1.742336558994221907e-01 1.714074013914430872e-01 1.650111886796690464e-01 1.571405281122779107e-01 1.661452814310949988e-01 1.536120967770362167e-01 1.577082069318499480e-01 1.603431352111383545e-01 1.557330297853093681e-01 1.563775048645878185e-01 1.648001841600043871e-01 1.624143200989530966e-01 1.567109137840974609e-01 1.568624173379761788e-01 1.556056665989885290e-01 1.583532482991246160e-01 1.607413062435785467e-01 1.367383797162021464e-01 1.387759241500751695e-01 1.492058122449146373e-01 1.527153592616276867e-01 1.410344295386087854e-01 1.451766988376316236e-01 1.483731446778151497e-01 1.475654357512090065e-01 1.495656385752387740e-01 1.378085991717536984e-01 1.554616398307592795e-01 1.641331640459431362e-01 1.578339038261218075e-01 1.539158379714901659e-01 1.530318382048219961e-01 1.584954819754837152e-01 1.484996178086617213e-01 1.521457163520796574e-01 1.544168067350447648e-01 1.543375690034200776e-01
9.435280044945991429e-02 6.476718877175818845e-02 1.000000000000000000e+00 2.835325218602385289e-01 1.932548541465552994e-01 2.117320489048930554e-01 3.039432027902864153e-01 2.864107334392692605e-01 3.026711695400635671e-01 2.786675316214126119e-01 3.480524231210210817e-01 3.536996456004501410e-01 3.086346522056792607e-01 2.926093309579202995e-01 3.403019096081691952e-01 3.339846653229641693e-01 3.252903123328506063e-01 3.513875123338452422e-01 3.301091223060357294e-01 2.844575062865330461e-01 3.172168247083178572e-01 3.432273607932532222e-01 3.607327566009093656e-01 3.418607748023639314e-01 3.367668432242848509e-01 3.659637066362761426e-01 3.666995709310742479e-01 3.714506830011657379e-01 3.607213066628516818e-01 3.808724553643856314e-01 3.620291959337399446e-01 3.714738917777306026e-01 3.581161344374867994e-01 3.652392591168326375e-01 3.599438871137076168e-01 3.512172553195276881e-01 3.636393027690334456e-01 3.571183820159303801e-01 3.619666015246287838e-01 3.569875822863989301e-01 3.542839623133370308e-01 3.508780696590824699e-01 3.469692092032301556e-01 3.540499181915111038e-01 3.642026701157659030e-01 3.531972648673773474e-01 3.454574580953021501e-01 3.504994406452537348e-01 3.557745870175937353e-01 3.529976662796315279e-01 3.563645559362984550e-01 3.597417280029948650e-01 3.501913693419330675e-01 3.532584148456421325e-01 3.607369209312289438e-01 3.691464764360041784e-01 3.618499319640584577e-01 3.433897237958596360e-01 3.565431470512394618e-01 3.493641048206692634e-01 3.544037932564741977e-01 3.505231864260018315e-01 3.482050443449589139e-01 3.539573283912988977e-01 3.635830740620825674e-01 3.578560541853291199e-01 3.518448263543544341e-01 3.594833245709314617e-01 3.667071047477990509e-01 3.597714648662194703e-01 3.572940017067849361e-01 3.561582513343162226e-01 3.655688561754474875e-01 3.632962390431114796e-01 3.550022533845558215e-01 3.540984922450173822e-01 3.503184707227489647e-01 3.562488198414537899e-01 3.623021351920847621e-01 3.584535547796760535e-01 3.616732439432154833e-01 3.561371167793003778e-01 3.645570946417428515e-01 3.557784755046889957e-01 3.566533585176489551e-01 3.603794370400564273e-01 3.567916990270789679e-01 3.499216783441979617e-01 3.519246047824232670e-01 3.568401125583587907e-01 3.542319573955119427e-01 3.456354047691452824e-01 3.506540193490365054e-01 3.507304651341247581e-01 3.486981839080219303e-01 3.467685562459761894e-01 3.478304202950617263e-01 3.506037416649072647e-01 3.466202326665175915e-01 3.499998634698798794e-01 3.479448993086276531e-01 3.505943660035359399e-01 3.489923696960674504e-01 3.490816474405882275e-01 3.557467419791136010e-01 3.520938911882187661e-01 3.508890188620064632e-01 3.497636794779702130e-01 3.517867703363635745e-01 3.512272895103177861e-01 3.515500720887825281e-01 3.508052532499401632e-01 3.477775301320624179e-01 3.489841346375456843e-01 3.565064095730187677e-01 3.522876014174585735e-01
4.971906018920280862e-02 4.788029812396860097e-02 2.835325218602385289e-01 1.000000000000000000e+00 3.110480877852814241e-01 3.778302313104573984e-01 5.357536880776170296e-01 5.394578252588644318e-01 5.536560736799513993e-01 5.060891394503690410e-01 5.665851138097431905e-01 6.357709779456414134e-01 5.438710911546150717e-01 5.049575121264071598e-01 5.998843395096735698e-01 5.991561533576765797e-01 5.609100740835960552e-01 5.426239145788229745e-01 5.121617064830513710e-01 4.878306010800579351e-01 5.341484522928965362e-01 5.628495341106085625e-01 5.260891078767270246e-01 5.117971944974183396e-01 5.243615681491057279e-01 5.692033086430321465e-01 5.807629036042936121e-01 5.714266012688506979e-01 5.501782164231060479e-01 5.789749699954498396e-01 5.977950973927368405e-01 6.120199914564286026e-01 5.796669475163231944e-01 6.043664768625068850e-01 5.901139821508734062e-01 6.073470621716438034e-01 6.168325242672498820e-01 5.988124911629759684e-01 6.192538475666888864e-01 5.806150126915443632e-01 6.081457930113770560e-01 6.149910735445109911e-01 6.180008795992966153e-01 6.220350165620994742e-01 6.214355598786406309e-01 5.970395102257345377e-01 6.144616742643327356e-01 6.166022287152137515e-01 6.300995663729325180e-01 6.170774004940366986e-01 6.166322541682046632e-01 6.292428391527946641e-01 6.281142436520874561e-01 6.142626301833012947e-01 6.158761629280690153e-01 6.122137002156572416e-01 6.308215322795091007e-01 6.178577616706131259e-01 6.212570867954887444e-01 6.221486299669661824e-01 6.320730289588377682e-01 6.208343543070788950e-01 6.217637111997407207e-01 6.274247869356105456e-01 6.221285477182968426e-01 6.280276072073111004e-01 6.207811832512037942e-01 6.267538240264280969e-01 6.268485085175500293e-01 6.348349492140462624e-01 6.240970207567981820e-01 6.158011393873793482e-01 6.256756275013091173e-01 6.117287387341387994e-01 6.166307783078883720e-01 6.157227745084783432e-01 6.081820546583853737e-01 6.035332889555764524e-01 6.157720204202009606e-01 6.081044496882149764e-01 6.189827017712331569e-01 6.225054750596118458e-01 6.291922783926113816e-01 6.157147600226681172e-01 6.330309987798000693e-01 6.305429211120205935e-01 6.270317054523392164e-01 6.236550424711120311e-01 6.258633610785626633e-01 6.192531792497446563e-01 6.174263302423071975e-01 6.193188747780500325e-01 6.234497916057001321e-01 6.234324508204147630e-01 6.240576246460319831e-01 6.225789845557413438e-01 6.361579830248500489e-01 6.335030308304454572e-01 6.324252809363830607e-01 6.299870707977368589e-01 6.321958618330787427e-01 6.347839325269184485e-01 6.293868127285675573e-01 6.308242004521259494e-01 6.315466463899099825e-01 6.381959727995647480e-01 6.294925630334686772e-01 6.195320116107373432e-01 6.225008684731753172e-01 6.284898414756361351e-01 6.310350353125765421e-01 6.274542325908437634e-01 6.313142432654308411e-01 6.274605641134541889e-01 6.260244098141252156e-01 6.276814129613590421e-01
3.196332496827115899e-02 9.719163772905126120e-02 1.932548541465552994e-01 3.110480877852814241e-01 1.000000000000000000e+00 2.920551493097723328e-01 4.804492474859240470e-01 4.758565970273171408e-01 4.357124740207234947e-01 4.151627991577962473e-01 4.282897421531631221e-01 4.779615509106144855e-01 4.741484578080952805e-01 4.166871023887239178e-01 5.042945826538164367e-01 4.984778672123891807e-01 4.292160663581512381e-01 4.038622132156398092e-01 4.348414669738939198e-01 3.366833692433542913e-01 3.760891861255458157e-01 4.662928737254886102e-01 4.268789472092610615e-01 4.062649617332740881e-01 4.273481533757051976e-01 4.774212562029998552e-01 4.806192608557138812e-01 4.874772371490932454e-01 4.524908079904523817e-01 4.633392937347475260e-01 4.864206429492951567e-01 4.685788272936809440e-01 4.442762832449985155e-01 4.642005752911081973e-01 4.552922305821424098e-01 4.600188107511981594e-01 4.763979099654562233e-01 4.765316781332298857e-01 4.878270184282235689e-01 4.761773696368054032e-01 4.830413795174219316e-01 4.930886848957586888e-01 5.030190746970898408e-01 5.085729484100337539e-01 4.964410165260106922e-01 4.923102808294181343e-01 4.824625954813523965e-01 4.907341892941587402e-01 4.871996290342623936e-01 4.731975174464613798e-01 4.930453995117888288e-01 4.828615704714310786e-01 4.951971046976897384e-01 4.851468717801235009e-01 4.916271965510296549e-01 4.902540642990969033e-01 4.854868063397335121e-01 4.935667335327289518e-01 4.903978473412062278e-01 4.956339823981301684e-01 4.995893068262519665e-01 4.929900668782907225e-01 4.880385046893822576e-01 4.893600116042552961e-01 4.928593409154293781e-01 4.887449025316754625e-01 4.906486796900156322e-01 4.937783513061235197e-01 4.907045465186539723e-01 4.772245124876292599e-01 4.938914464947831706e-01 4.936947164520691378e-01 4.885809583702236392e-01 4.875926510197317043e-01 4.930934653283480795e-01 4.861102638530958031e-01 4.940228608591160087e-01 4.855643449977362081e-01 4.981523643847104998e-01 4.851813228019148383e-01 4.952962108797718810e-01 4.926162415149489826e-01 4.899387978649177855e-01 4.895409738226069729e-01 4.882765428630975180e-01 4.923570256712113125e-01 4.910233908717396845e-01 4.920732506682733431e-01 4.896977484137177150e-01 4.963942870350848691e-01 4.947566221077324133e-01 4.942963664016612468e-01 4.983477858642790248e-01 4.960489010111077124e-01 4.918738864511630338e-01 4.903996240197641687e-01 4.990103255074236355e-01 4.828918902087723786e-01 4.949678883674010210e-01 4.969387376997892458e-01 5.059721384569741964e-01 4.968985653963260418e-01 4.909714019965674692e-01 4.997841056473031895e-01 4.947058575218775678e-01 4.972792971273455320e-01 4.919783964811102472e-01 4.917854080793232496e-01 4.980789689729180347e-01 4.951350521410834427e-01 4.991358238090733423e-01 4.950701210379434558e-01 4.969062826709014780e-01 4.916473530208615994e-01 4.913464690662220913e-01 4.910780575138632420e-01
-1.112887114899198046e-02 6.926147274158099554e-02 2.117320489048930554e-01 3.778302313104573984e-01 2.920551493097723328e-01 1.000000000000000000e+00 5.337849581146980604e-01 5.064970920390897691e-01 5.433171308222665141e-01 4.893555061662488437e-01 5.258458860501195042e-01 5.905677486023127587e-01 5.356121761737531184e-01 5.010183646215903286e-01 5.969761166337284042e-01 5.866536386483870436e-01 5.456448891537033496e-01 4.851838115460194167e-01 5.096475154185310386e-01 3.912707706296044696e-01 4.593280866808794882e-01 5.324485438500322632e-01 4.987815256503204120e-01 4.797571072656078850e-01 5.080860662917575654e-01 5.614097938479630789e-01 5.646842088272607807e-01 5.704247186746284060e-01 5.506461973459736425e-01 5.590242785120270730e-01 5.867737386520208709e-01 5.797611850399738698e-01 5.592951797996588148e-01 5.758493125122752243e-01 5.681130294706649986e-01 5.769317492909539213e-01 5.807375086183377277e-01 5.794634887936006562e-01 5.997209723289631533e-01 5.690765618395908776e-01 6.011871357351634693e-01 6.039489976228792356e-01 5.891593018165858231e-01 6.096838685585354023e-01 6.095501248811754369e-01 5.942025804951724943e-01 6.106675946736811467e-01 6.120570525968078712e-01 6.044632114514633114e-01 5.808652988676793472e-01 5.913914918991043379e-01 5.881360812533596993e-01 6.049463268301579211e-01 6.003414355082314913e-01 5.878286217562829208e-01 5.943421175717845673e-01 5.901401658096354641e-01 5.974188365242603105e-01 5.959978324208057288e-01 6.069182824517631580e-01 6.052475887564926493e-01 5.961695829872858399e-01 5.903669943712076540e-01 6.060098527754758102e-01 6.023642516078275833e-01 6.036454243999885838e-01 6.129140055434576517e-01 6.069896775011669465e-01 6.085379086972745322e-01 5.934028220942294540e-01 6.005661795001503434e-01 6.026215107956188755e-01 5.982372869152051686e-01 5.955748080781990694e-01 6.088772637733330662e-01 6.048190899308395485e-01 6.101280063780928353e-01 6.025623619471478509e-01 6.042324765744228054e-01 6.026731463056899107e-01 6.075056141549783906e-01 6.102548475099121017e-01 6.084121939000013413e-01 6.097840522494359927e-01 6.108406303256490588e-01 6.122815859269657990e-01 6.127691792502967250e-01 6.148613975260639464e-01 6.137088229650559112e-01 6.123268661625439480e-01 6.137743176989340910e-01 6.148128494435546321e-01 6.159477267172915882e-01 6.139266145537199959e-01 6.149304354180874510e-01 6.144344336403247953e-01 6.133655335628168670e-01 6.042437691415226686e-01 6.149327102947120816e-01 6.152925240847488819e-01 6.178262861798357042e-01 6.120461335646404377e-01 6.111374259873854076e-01 6.164482194108499291e-01 6.130937056550699316e-01 6.094746244583346684e-01 6.128064051274235702e-01 6.110176149516727273e-01 6.122608092791211876e-01 6.134988057029258091e-01 6.136157987658450441e-01 6.131010937466905286e-01 6.146781854203257067e-01 6.137306734574077272e-01 6.097797555910213774e-01 6.113113758387612728e-01
-4.812428154512187438e-03 1.419133065947715266e-01 3.039432027902864153e-01 5.357536880776170296e-01 4.804492474859240470e-01 5.337849581146980604e-01 1.000000000000000000e+00 7.188966084513747079e-01 7.348031803591287270e-01 6.890365832901874654e-01 7.086104667665501511e-01 7.958014272340120376e-01 7.333976348972535142e-01 7.028967372090599852e-01 8.548628042737647093e-01 8.142391847602798993e-01 7.425875787072082623e-01 6.874614530919047617e-01 7.191088896132189490e-01 5.757043148997954551e-01 6.592024985522388913e-01 7.588065719589479619e-01 7.062902979845196993e-01 6.805766198598548478e-01 7.102124570880113952e-01 7.886316511166397980e-01 7.815186975502915745e-01 7.919591341201765999e-01 7.434899104709583595e-01 7.652087455059186638e-01 8.040708342929012709e-01 8.025426185793691491e-01 7.663273060867826780e-01 8.007003530468349561e-01 7.758119312667320910e-01 7.758419560228294598e-01 7.993112981811514306e-01 8.156678003955912803e-01 8.229753315688369542e-01 8.022241558167620967e-01 8.222946657531776671e-01 8.338103480725598260e-01 8.230601321257875469e-01 8.344644929602820227e-01 8.274034162655145019e-01 8.230833915930459987e-01 8.228045979102841523e-01 8.292299135683655065e-01 8.243267184504998735e-01 8.045226375224135973e-01 8.237664371235028371e-01 7.954340577355023534e-01 8.222994762530289048e-01 8.161173529625643797e-01 8.132515947269828294e-01 8.221831357455688938e-01 8.090518920356516430e-01 8.211338238597242212e-01 8.210742882082938676e-01 8.205345455413972644e-01 8.254169390480224910e-01 8.163345829599799597e-01 8.173795600363794600e-01 8.235571491682118772e-01 8.147821373979180493e-01 8.136174084719256516e-01 8.307797696036366419e-01 8.312174515649778384e-01 8.305676544737066180e-01 8.144781027271679186e-01 8.243817487963417401e-01 8.267270362994609822e-01 8.229660373105700533e-01 8.171703380354595758e-01 8.323289658293944182e-01 8.288630102172891423e-01 8.295912722981082510e-01 8.134144119911976833e-01 8.306817842646384564e-01 8.149885357425744603e-01 8.251003293250132042e-01 8.262021679104479821e-01 8.284652118579031166e-01 8.243394908647698749e-01 8.312731911345619951e-01 8.322163407805664992e-01 8.273050259641765436e-01 8.399590922967038464e-01 8.331647928577824436e-01 8.350649272000661982e-01 8.372891778566355914e-01 8.364365671380377121e-01 8.348227110722868938e-01 8.370379554849843862e-01 8.332236999994073745e-01 8.316889319497258182e-01 8.357358300406343421e-01 8.129178421944565081e-01 8.355132958640121288e-01 8.409593488976290221e-01 8.397148804706741076e-01 8.333077905309063116e-01 8.279461839292172609e-01 8.353343370753112396e-01 8.277854249100984330e-01 8.269012810424485327e-01 8.299225704279781235e-01 8.306272900244878743e-01 8.355882360626611938e-01 8.329605619187498977e-01 8.363800876341032087e-01 8.304014118041668224e-01 8.340610605312736014e-01 8.297077630195340836e-01 8.237421575980056199e-01 8.239607648189458677e-01
-3.367063104762089282e-02 8.316687503138503468e-02 2.864107334392692605e-01 5.394578252588644318e-01 4.758565970273171408e-01 5.064970920390897691e-01 7.188966084513747079e-01 1.000000000000000000e+00 7.033074484417878303e-01 6.524095983960406242e-01 6.875060821954411816e-01 7.668261604492812022e-01 7.070951292531514332e-01 6.726053956088431374e-01 7.937589542185515823e-01 8.006273343470267090e-01 6.933055515156220094e-01 6.632933061431329769e-01 6.876165308799270237e-01 5.528920381862580946e-01 6.494230743112791027e-01 7.334157789616767564e-01 6.719752251943452714e-01 6.582310093031322751e-01 6.770388300869458753e-01 7.445438160291283358e-01 7.527270842576093690e-01 7.365306362214338876e-01 7.130084310422223348e-01 7.274410860880884400e-01 7.612712252156031978e-01 7.728276626141284966e-01 7.289496419984888842e-01 7.737880523138060962e-01 7.417499973031863592e-01 7.539518254054051738e-01 7.691102952323288777e-01 7.760344673446180064e-01 7.921020184194994540e-01 7.503751934606950336e-01 7.735536444301595038e-01 7.902736773684738703e-01 8.000642199934937526e-01 7.963414139470003095e-01 7.865793390267901142e-01 7.804047602712015363e-01 7.813396005184829463e-01 7.866689725924544963e-01 7.909456873924337605e-01 7.801681094534753669e-01 8.055585284348463215e-01 7.730742107893399107e-01 7.879510061793779663e-01 7.788073833772537480e-01 7.830727553129610552e-01 7.768154353525551503e-01 7.951782769039177357e-01 7.938018025950387413e-01 7.960281299114206899e-01 7.871410626801842447e-01 8.090728151125270440e-01 7.946303637015755816e-01 7.997153203351409223e-01 7.947652804539380167e-01 7.814945237124522048e-01 7.865082647891642464e-01 7.870010889688117128e-01 7.902780778847895427e-01 7.901263863532487219e-01 7.746367047935519556e-01 7.908484581177438466e-01 7.857174346436662793e-01 7.883372590225324883e-01 7.769892425321877072e-01 7.853007834600808090e-01 7.798163072792748673e-01 7.808262610645035906e-01 7.746174139826584870e-01 7.870433762105446540e-01 7.672145738935191028e-01 7.823387029258705994e-01 7.816027096454444267e-01 7.922913576002482694e-01 7.830717648828622313e-01 7.962403216374841497e-01 7.976416767581271383e-01 7.875545147670621748e-01 7.925644127394132488e-01 7.915474620021030194e-01 7.896784088159990445e-01 7.846366480987170267e-01 7.884694988414177041e-01 7.909030236924743384e-01 7.915324585390229872e-01 7.887809976823051406e-01 7.868604226182032146e-01 7.999157420998037615e-01 7.857433913376613566e-01 7.987516888736336806e-01 7.995067664256263473e-01 8.081646360640465376e-01 8.006712009575595035e-01 7.872156018197122851e-01 7.965672550510479732e-01 7.911112619756931474e-01 8.004046057228305644e-01 7.923002618970224065e-01 7.840026406492337507e-01 7.930089288926028823e-01 7.936639296645139341e-01 7.966355222593616281e-01 7.911468567006718633e-01 8.008013187752766049e-01 7.937462893443609779e-01 7.853319574371661060e-01 7.854660348645813306e-01
7.456490053703943022e-02 1.564044583213254347e-01 3.026711695400635671e-01 5.536560736799513993e-01 4.357124740207234947e-01 5.433171308222665141e-01 7.348031803591287270e-01 7.033074484417878303e-01 1.000000000000000000e+00 7.479428739154857508e-01 7.609230356334326650e-01 8.325753323192783828e-01 7.666018158404900307e-01 7.294565235756006460e-01 8.488220297042914364e-01 8.421859399136536473e-01 8.064874630269018851e-01 7.036771071778584741e-01 7.432530100650523996e-01 5.956515523373631105e-01 6.642533211822663208e-01 7.891914809547232457e-01 7.233581203273913296e-01 6.881182878990248497e-01 7.284255534921519892e-01 8.419563328625182530e-01 8.401008765794146793e-01 8.323507921486605898e-01 8.190120324102297955e-01 8.285488342474555123e-01 8.700402081453667558e-01 8.324508141465863931e-01 7.920647566661868089e-01 8.248341864491057773e-01 8.142183244997810432e-01 8.035407248493070531e-01 8.433828405948079476e-01 8.413773732835697627e-01 8.582985866254849716e-01 8.025740953825591939e-01 8.711218058200492775e-01 8.594293300438383687e-01 8.299086933975106106e-01 8.709066820117440377e-01 8.644191088217553220e-01 8.610222913956134816e-01 8.835623065808710930e-01 8.851281055292266053e-01 8.814083677682956752e-01 8.407040219727273112e-01 8.608866399467761665e-01 8.455256473573560250e-01 8.696215858101699059e-01 8.854115208429191863e-01 8.751599836881680528e-01 8.677072725764615191e-01 8.713205832135946238e-01 8.755470038902982699e-01 8.767838760148277677e-01 8.900023241357565285e-01 8.746135345737574562e-01 8.790122557850494900e-01 8.714263569489162364e-01 8.804591978471558722e-01 8.807920734699490328e-01 8.857997102948466095e-01 8.831870225639755212e-01 8.746987289275787170e-01 8.757728355391265485e-01 8.621327412541642810e-01 8.665890277095259497e-01 8.774742914865061305e-01 8.565135116784519109e-01 8.553578346074044436e-01 8.842393448484607843e-01 8.827154696525412181e-01 8.814343392023029633e-01 8.764181494283581619e-01 8.748692997382910841e-01 8.805148005364318298e-01 8.785762787160066312e-01 8.861854918057751052e-01 8.774024388018123455e-01 8.755025653968736554e-01 8.697612647858349311e-01 8.732035221256548851e-01 8.775675939960224659e-01 8.740054116691975405e-01 8.781053375344342049e-01 8.801525482671752609e-01 8.691070994011242945e-01 8.794070607719519650e-01 8.800028751121081738e-01 8.776503409536918765e-01 8.840124547594159221e-01 8.860261450992454879e-01 8.669385243772602667e-01 8.738336298232683985e-01 8.803596930715449353e-01 8.781651845463211981e-01 8.722483534624891899e-01 8.817735133208325360e-01 8.827690203342959396e-01 8.813456363396913185e-01 8.810340286108804264e-01 8.801954707674044531e-01 8.871761377864519904e-01 8.848054489134958844e-01 8.827244809474873444e-01 8.858669737440673098e-01 8.838994508762564317e-01 8.890051841283813649e-01 8.829153314513502604e-01 8.843771263655945125e-01 8.869164006805266842e-01 8.872817213035797401e-01
3.029213976401769551e-02 1.565742442017444835e-01 2.786675316214126119e-01 5.060891394503690410e-01 4.151627991577962473e-01 4.893555061662488437e-01 6.890365832901874654e-01 6.524095983960406242e-01 7.479428739154857508e-01 1.000000000000000000e+00 7.091935845191245091e-01 7.883574850282134561e-01 7.144310181190376419e-01 6.787403108056518919e-01 7.949175870288596180e-01 7.770587285009148415e-01 7.351998893390829792e-01 6.590558409409412732e-01 6.819151126401520324e-01 5.729219948067109103e-01 6.291767472065291633e-01 7.344710785256582941e-01 6.766082014477591278e-01 6.413281092414424567e-01 6.792946267449825326e-01 7.802843428549276483e-01 7.814457060450334946e-01 7.834828868708539895e-01 7.535369043234806385e-01 7.651541559503284295e-01 8.035524538530658401e-01 7.774875303606719745e-01 7.465452557381699883e-01 7.636181751649994132e-01 7.679447983541588529e-01 7.382774492081262130e-01 7.851885488301105775e-01 7.896351713976984543e-01 7.954383899147297043e-01 7.607921670629572697e-01 8.155124131872995008e-01 8.037478020233010945e-01 7.729250460970790160e-01 8.123367334665750894e-01 8.012609357915533304e-01 8.018237338626419408e-01 8.171592495740165329e-01 8.193956886768359871e-01 8.102626174196420061e-01 7.764800715152351263e-01 7.931569909346657399e-01 7.683004507233718305e-01 8.071500880386863752e-01 8.174209594387744637e-01 8.065450967199268018e-01 8.104271868730119621e-01 7.915849995248880333e-01 8.119151341534696087e-01 8.086523731784738267e-01 8.217661353789049716e-01 8.071688958340238473e-01 8.081056212500734581e-01 8.003742004240804730e-01 8.100189394286265721e-01 8.131451745074274040e-01 8.115994834575963601e-01 8.201498056381028023e-01 8.153114355383674905e-01 8.138491144783643882e-01 8.032091080912210357e-01 8.070208730749148796e-01 8.138562769530961472e-01 7.991149087916828986e-01 7.965273099125200762e-01 8.223528273327410654e-01 8.204239625783444900e-01 8.186965248723903077e-01 8.129503278191381188e-01 8.174483455274571542e-01 8.167985594567053198e-01 8.162688815715815061e-01 8.227255967097122369e-01 8.126825517955743594e-01 8.185743561641083410e-01 8.109003675229381480e-01 8.099834204239240165e-01 8.152677782470673096e-01 8.190287936071242170e-01 8.175294983766343559e-01 8.201072653546370717e-01 8.172021623097177612e-01 8.213614168868067500e-01 8.205238424276142251e-01 8.202746238060334427e-01 8.229739133193069156e-01 8.225487107116087326e-01 8.059114233995360310e-01 8.011262450073800556e-01 8.159309931956728601e-01 8.165628278443504140e-01 8.100991925617959666e-01 8.148934312041870021e-01 8.163113313353711487e-01 8.203094345654886599e-01 8.125296441592010366e-01 8.079191451608603858e-01 8.194150220084216452e-01 8.221874624848886093e-01 8.209836141577072643e-01 8.226460327583779986e-01 8.193960805429911787e-01 8.223704729174790007e-01 8.155148119435777776e-01 8.133882621343053732e-01 8.180552404039114212e-01 8.176080335166725499e-01
3.357342003296721888e-02 1.279353516733631735e-01 3.480524231210210817e-01 5.665851138097431905e-01 4.282897421531631221e-01 5.258458860501195042e-01 7.086104667665501511e-01 6.875060821954411816e-01 7.609230356334326650e-01 7.091935845191245091e-01 1.000000000000000000e+00 8.271404914878209835e-01 7.246088550759082203e-01 6.952244532617488648e-01 8.154674552798961695e-01 8.079241182826490952e-01 7.762811359673752465e-01 7.515558324233335696e-01 7.547110847830786895e-01 6.637438053558509798e-01 7.260091408006015268e-01 7.847984922954972520e-01 7.523412002711582502e-01 7.329949209017894152e-01 7.502122614177837434e-01 8.152649512325940151e-01 8.205216891365247900e-01 8.152255212584882393e-01 7.941617871691379893e-01 8.085704984624538794e-01 8.446118137901181822e-01 8.441195492737163519e-01 7.904719887409974444e-01 8.275567242162160664e-01 8.020718663148358463e-01 8.037800501059739755e-01 8.262559004748960545e-01 8.198184231098403218e-01 8.381995810532592017e-01 7.995723224544587504e-01 8.325482946154169062e-01 8.272563835305417612e-01 8.209401044797525193e-01 8.376811002430376574e-01 8.409665715146581455e-01 8.259857833292952867e-01 8.363900643224702058e-01 8.420263125079606725e-01 8.474085834838258613e-01 8.185369725332142243e-01 8.362618225252076432e-01 8.214435284095218393e-01 8.332026372667301617e-01 8.436482433083712928e-01 8.386590684243347971e-01 8.408703185832835381e-01 8.435597581213911678e-01 8.337312052146632624e-01 8.427352969468151489e-01 8.433324706300036055e-01 8.479060258007260487e-01 8.415676761834561814e-01 8.377961568753620192e-01 8.462022591937237159e-01 8.453275120339072135e-01 8.478329385924217032e-01 8.390889757124696535e-01 8.523950995708567957e-01 8.536434300645068252e-01 8.556054252680276306e-01 8.493311152246296736e-01 8.461270619045142549e-01 8.491467140895598842e-01 8.435255749856672702e-01 8.456757932186085291e-01 8.408774217210175372e-01 8.402016305028729981e-01 8.382238005598751096e-01 8.490688039415252852e-01 8.395607555144060097e-01 8.433756446621094582e-01 8.445832251639836530e-01 8.539019392577933409e-01 8.392905028190389416e-01 8.461111348228989026e-01 8.502377345992968571e-01 8.442191937196783513e-01 8.400651534411816002e-01 8.420509894444943022e-01 8.459457918164309254e-01 8.397116501765882202e-01 8.368110922089733172e-01 8.433817082447104818e-01 8.392093850941069189e-01 8.413885449793232496e-01 8.411153228963896833e-01 8.383995112870454847e-01 8.403465065462997208e-01 8.420074731734684681e-01 8.437066977487460706e-01 8.411431659189374521e-01 8.447398385182045555e-01 8.395847161235527878e-01 8.412013206490952522e-01 8.471027119527663185e-01 8.458698238825075322e-01 8.476060149450099779e-01 8.415502134146122248e-01 8.455694109548780313e-01 8.459547165532828039e-01 8.469763922137093504e-01 8.452436186661378414e-01 8.449225382608704926e-01 8.439597048167083448e-01 8.467848236927084660e-01 8.455656408075407082e-01
4.271787785635467252e-03 1.428703108150971290e-01 3.536996456004501410e-01 6.357709779456414134e-01 4.779615509106144855e-01 5.905677486023127587e-01 7.958014272340120376e-01 7.668261604492812022e-01 8.325753323192783828e-01 7.883574850282134561e-01 8.271404914878209835e-01 1.000000000000000000e+00 8.223704887979970124e-01 7.846548844348905094e-01 9.145503485989888715e-01 9.069478519308534770e-01 8.388575129497571892e-01 7.761706370320544668e-01 7.959727868186674549e-01 6.656453133024772262e-01 7.523997763839833652e-01 8.468319412925201517e-01 7.874005583259092722e-01 7.562999315920246879e-01 7.922666006697653973e-01 8.763621642081419472e-01 8.840091549974854468e-01 8.816318209823819085e-01 8.509582973102790548e-01 8.713557834806000546e-01 9.210169571173317804e-01 9.034954432583232053e-01 8.619872720425304502e-01 9.000443646019553601e-01 8.820189589187380497e-01 8.797942473474488212e-01 9.127979798558470970e-01 9.045134142724772230e-01 9.284863473058669880e-01 8.777040567918507064e-01 9.258301934308470482e-01 9.229592778764750260e-01 9.135646484833639391e-01 9.371564470711325479e-01 9.263868625720905747e-01 9.187008068266998562e-01 9.341154555600775788e-01 9.373985225708295621e-01 9.363234682545200638e-01 9.054126062567882105e-01 9.229994182737703001e-01 9.109794185345557738e-01 9.312777119835179418e-01 9.325563679280565177e-01 9.222162803746081217e-01 9.212535954027037954e-01 9.272456230708433500e-01 9.328256273706350132e-01 9.317784233701739138e-01 9.391997436477650396e-01 9.398453789914202883e-01 9.331705119965361117e-01 9.287124181874149009e-01 9.362755904374885363e-01 9.323045774771460126e-01 9.386643439810338219e-01 9.393743810039945075e-01 9.391419510237123403e-01 9.384882156515942375e-01 9.292378326568768721e-01 9.339751625469631113e-01 9.347922174602758538e-01 9.273392912597112625e-01 9.199864013797320883e-01 9.367823717674511608e-01 9.350155998342825070e-01 9.323885794831073826e-01 9.254670859481182177e-01 9.339385714009819095e-01 9.263000684473033930e-01 9.344410656420706340e-01 9.381466656189713094e-01 9.389998708850489928e-01 9.354696093832222115e-01 9.389796382043654743e-01 9.413075385599364298e-01 9.399940683789459461e-01 9.383446897649723173e-01 9.412341869389219129e-01 9.362865652008836026e-01 9.358010586132848863e-01 9.397721674714526463e-01 9.419139279280648314e-01 9.398243729692769000e-01 9.426340575880991501e-01 9.415519803119621889e-01 9.358304117583055026e-01 9.317181106122938150e-01 9.422420119249002024e-01 9.405901806919961805e-01 9.414968592931286517e-01 9.415534771756061128e-01 9.394028236319567071e-01 9.440432359265469309e-01 9.414470819213668351e-01 9.381341081688686634e-01 9.434129907966303241e-01 9.388337217653848210e-01 9.400639229346987591e-01 9.433557553252682748e-01 9.412335025533675736e-01 9.435708759882552865e-01 9.423617071239971388e-01 9.397816304559289957e-01 9.401252524497055729e-01 9.418258814248959832e-01
-1.555464009168487129e-02 1.403915099010989986e-01 3.086346522056792607e-01 5.438710911546150717e-01 4.741484578080952805e-01 5.356121761737531184e-01 7.333976348972535142e-01 7.070951292531514332e-01 7.666018158404900307e-01 7.144310181190376419e-01 7.246088550759082203e-01 8.223704887979970124e-01 1.000000000000000000e+00 7.211813749651411198e-01 8.443824948479212722e-01 8.320515963460899389e-01 7.589573639697981822e-01 6.586176733543965822e-01 6.920091907125051067e-01 5.741619490575762264e-01 6.271035683057296639e-01 7.483848070882088699e-01 6.862227883170878284e-01 6.427745268371309884e-01 6.828586657290391937e-01 7.970551439694913975e-01 7.993080289752838574e-01 7.919058959095982564e-01 7.762844863787065064e-01 7.801735713552329088e-01 8.300144491611034514e-01 7.990367023110958034e-01 7.712935129290154901e-01 7.940167788867211751e-01 7.941920435251469401e-01 7.822287747526971424e-01 8.206214668589787431e-01 8.131730009653473923e-01 8.348631502100167801e-01 7.843464031980450502e-01 8.381875284002142656e-01 8.379335139122318088e-01 8.266214744136538561e-01 8.514511529216191033e-01 8.383090036512259591e-01 8.364328296452747669e-01 8.539394455751793123e-01 8.528569165774758654e-01 8.420599378504701749e-01 8.074759574638584736e-01 8.298532863814908067e-01 8.118828859849041013e-01 8.435337323313668589e-01 8.491958868806878113e-01 8.373687696799103630e-01 8.292613046706955870e-01 8.301018616406220518e-01 8.509541566772070853e-01 8.419590689939038253e-01 8.566951612495298241e-01 8.509208867600790427e-01 8.483575521692536814e-01 8.361532223901853023e-01 8.468820596929929057e-01 8.463742652733030614e-01 8.478031210905403459e-01 8.532627503578021910e-01 8.432597181213790094e-01 8.446696954852117578e-01 8.289452743235994348e-01 8.346506347437734341e-01 8.429265889435879622e-01 8.231263338598679979e-01 8.198745061073846596e-01 8.517566718359845801e-01 8.533121772288423390e-01 8.509339710452090699e-01 8.448689232178010489e-01 8.455309656602268964e-01 8.434117608364811725e-01 8.506744345364940507e-01 8.556311405585531604e-01 8.449411148152347062e-01 8.513429039972366663e-01 8.446145313681292510e-01 8.446438483878755399e-01 8.510099038969499707e-01 8.512684335940099434e-01 8.544168017899412826e-01 8.490590721267374796e-01 8.472068748783199155e-01 8.548734577077765628e-01 8.549791105937887270e-01 8.540478455205906538e-01 8.582124325798085041e-01 8.568953557150681410e-01 8.417814250051492975e-01 8.368965765269785750e-01 8.550756987385056407e-01 8.516322396259067284e-01 8.550831624704992029e-01 8.504168240980328752e-01 8.536719820380298529e-01 8.600622158194662914e-01 8.508602327027582346e-01 8.480440676736593630e-01 8.542999767328212091e-01 8.544541196201350663e-01 8.540458626221290039e-01 8.561201803213351891e-01 8.525629411732426055e-01 8.587315497919781881e-01 8.552827219473765341e-01 8.541150969936756043e-01 8.528312774247613914e-01 8.539907482555153528e-01
