1.000000000000000000e+00 6.402242856017463513e-02 1.878299577453947100e-01 1.700692654673114645e-01 -8.347069147967862285e-03 -9.614763867917430762e-03 4.208600898361895132e-02 3.420006878456074290e-02 7.059395810571228447e-02 2.288552384950677185e-02 7.565983021725904145e-02 6.091916938381864571e-02 -1.666242552132510615e-02 3.939198236252306612e-02 2.422602099077608706e-02 7.211559422135294106e-02 9.541147481475630021e-02 7.762698425371475364e-02 1.617067422722597361e-02 5.134225331043614643e-02 1.099683484955280566e-01 6.994770506285952205e-02 4.331781082997387955e-02 4.869605743404413489e-02 2.914243938500128348e-02 7.961122880764802401e-02 9.172533469341828671e-02 5.998224206201777792e-02 1.133397317342257349e-01 8.268007523594216035e-02 7.700380234930477574e-02 3.245568564631731712e-02 5.081836468797016476e-02 4.097307238892739650e-02 5.115488311911910863e-02 2.973042786627545439e-02 4.509188055209924911e-02 1.709415602513307889e-02 1.908918346764803403e-02 -1.516659272567157622e-02 4.947464022323125495e-03 -2.463346644657308376e-03 -1.586433424900453998e-02 2.226363119507573235e-02 2.515017483972948470e-02 2.589090630919142419e-02 1.687143261754551343e-02 2.412023453133590317e-02 1.367816565660952798e-02 -8.990092134383105213e-03 1.219409459860819507e-02 2.780694207619808025e-02 2.322505480540804773e-02 5.171044704130241948e-02 5.361545249165713956e-02 2.873326117917350889e-02 6.369016694773910192e-02 2.073869706706139848e-02 4.366377227887113799e-02 5.100711562707876262e-02 3.869653500634174376e-02 5.306831850190849020e-02 4.916021851479476096e-02 4.499271605203914587e-02 5.657749644372583181e-02 6.627020194942326303e-02 2.188481432802993204e-02 2.188764456542109313e-02 3.318979546770502165e-02 1.943055213748311194e-02 2.483012301639813540e-02 2.179934415922633525e-02 3.758921909020897234e-02 1.681705098918841179e-02 3.520441566966121122e-02 2.583443292761369511e-02 3.229932221141072757e-02 5.591611676732818892e-02 2.847592531427559776e-02 4.046473844170380557e-02 3.303796005731814839e-02 3.957889078778688285e-02 3.388737755082074643e-02 3.852381153332310598e-02 1.129732297609580167e-02 2.702671924536457701e-02 2.040428825106044980e-02 1.146303501986286125e-02 1.518515694653479325e-02 1.410870438261580505e-02 1.158059047212350173e-02 1.492030865128970941e-03 1.274295236965117262e-02 1.007217776180819625e-02 1.009023531685174398e-02 1.585934760123460310e-02 -2.194699108699988549e-02 1.563696513317309675e-02 -8.538397766882919234e-04 -6.954045407702413341e-03 -1.376925857180890701e-02 8.847634708544403759e-03 1.903993542607456541e-02 1.246778570529894848e-03 1.134053416161388307e-02 3.179485597930398894e-02 1.380201429422525661e-02 2.238528405160317494e-02 2.154698362174331180e-02 1.440175083675496008e-02 1.036088375146983383e-02 2.481253829272392700e-02 1.901768757109770572e-02 1.196914428472795923e-02 3.050442242598431705e-02 3.301772781452463890e-02
6.402242856017463513e-02 1.000000000000000000e+00 8.123596690579618085e-02 9.130865605659928275e-02 4.177491409734186700e-02 8.290532981594282702e-02 9.821411853350252297e-02 8.529694274302627999e-02 1.295474772654981455e-01 1.692579290309489115e-01 1.453860832179078022e-01 1.547714206663603764e-01 1.209128578257855913e-01 1.359871750528114653e-01 1.421537508881207945e-01 1.386744970131907895e-01 1.253351406409851099e-01 1.115848776688752042e-01 1.241741936227734322e-01 4.294576720002159231e-02 5.349252047312932912e-02 1.227070257509143003e-01 1.534543004747023209e-01 1.201646746871062321e-01 1.261905563412150377e-01 1.476973365092227597e-01 1.657428573918023895e-01 1.482789168963471182e-01 1.747897520925561499e-01 1.690970026893801326e-01 1.869937761390028652e-01 1.353545969245947000e-01 1.401851708164065236e-01 1.393343369680875299e-01 1.426026512806982671e-01 1.058918682774735720e-01 1.478241208474039559e-01 1.362171084971979251e-01 1.320903621138710404e-01 1.070009172617246290e-01 1.488768772345918923e-01 1.317392567217979538e-01 1.044164052808953663e-01 1.475813534619307699e-01 1.460628670388574302e-01 1.421744709694806597e-01 1.608145561558649295e-01 1.710285283055627548e-01 1.414959512584474666e-01 1.077434417631294439e-01 1.240613411825655377e-01 1.091232591352462311e-01 1.432402642539207793e-01 1.771996889614044224e-01 1.605471967234564645e-01 1.502765685928718065e-01 1.458158401559867534e-01 1.496949170108513305e-01 1.553078249631062446e-01 1.703090666568372602e-01 1.480499749322005398e-01 1.656667392561924634e-01 1.495163953015662406e-01 1.473988484654172593e-01 1.575699116285304013e-01 1.517793190027612038e-01 1.593982131050092899e-01 1.546741308401290149e-01 1.614483247501869445e-01 1.371395250470582028e-01 1.449887752982847444e-01 1.600454651977394616e-01 1.489539576394187104e-01 1.485422616512179217e-01 1.620387420182508309e-01 1.629974117274374801e-01 1.594871710939012033e-01 1.766142851699755156e-01 1.617798476570619093e-01 1.666330822203546669e-01 1.637719171184744693e-01 1.751485360566186200e-01 1.555748582784134693e-01 1.634934612324386305e-01 1.363216922735208114e-01 1.532222457219216127e-01 1.530550015964680100e-01 1.449545144305535715e-01 1.503790542242908201e-01 1.529531205657930770e-01 1.486816508377439006e-01 1.513011052111866150e-01 1.530784123839542266e-01 1.529245409709139303e-01 1.597696334938412399e-01 1.650412902772869783e-01 1.180016133463721861e-01 1.314986550604687887e-01 1.424597789137137249e-01 1.350378397610332293e-01 1.335728160788459407e-01 1.378298087905899805e-01 1.487762845174696313e-01 1.484061422655653939e-01 1.421799623075981345e-01 1.508239279274899425e-01 1.513662024379824333e-01 1.646080485522536108e-01 1.614068739819605192e-01 1.572591102956996667e-01 1.490956776028685427e-01 1.617366564387242578e-01 1.578909522303089397e-01 1.487034158170612297e-01 1.581536354488823626e-01 1.569505592709498631e-01
1.878299577453947100e-01 8.123596690579618085e-02 1.000000000000000000e+00 4.316904438125971910e-01 1.700970467425740318e-01 1.917940661912195810e-01 3.476276173516781309e-01 3.310792874556923726e-01 2.721191747941588135e-01 2.922722079666552064e-01 3.756809610817073430e-01 3.864464653323119725e-01 2.871783979895117800e-01 3.406279467748899448e-01 3.492275445926871780e-01 3.919637413023546180e-01 3.613069017203939803e-01 4.093645140909215607e-01 3.724942151958068326e-01 2.420047760611484244e-01 4.110829177882713292e-01 4.090522436044377041e-01 3.920393916713987847e-01 4.031041600395805502e-01 3.939328797588254605e-01 4.312217251410739860e-01 4.260762156938062151e-01 4.058038691525228114e-01 4.483884228174184194e-01 4.277241425901721628e-01 4.248502073232631182e-01 3.734781521089949319e-01 4.022910039993957132e-01 4.091768972230918067e-01 4.033172779976099687e-01 4.025316325546061669e-01 3.998511779397993515e-01 3.714812967795617094e-01 3.879215738099232036e-01 3.637456609431489185e-01 3.560095142935366663e-01 3.597301595534054264e-01 3.639796614569307254e-01 3.697381796884597893e-01 3.712652599122789887e-01 3.888596865197458952e-01 3.462323756254132578e-01 3.491752546310818439e-01 3.425322040154504255e-01 3.539964114228345560e-01 3.588860301674577924e-01 3.608692203381453356e-01 3.531413370824610376e-01 3.565497053619125500e-01 3.655575828711806752e-01 3.766873037774002841e-01 3.548612783950576555e-01 3.482358365672003631e-01 3.647618905387706723e-01 3.442031189919912970e-01 3.665527629497565276e-01 3.594161634059396260e-01 3.654873463374940235e-01 3.572465492532534981e-01 3.543668497282181917e-01 3.602082219531486107e-01 3.412063410337227709e-01 3.619927530757814926e-01 3.664728130031620901e-01 3.413399613688749001e-01 3.719006892388873609e-01 3.585158212199713867e-01 3.768933305019395164e-01 3.787249187779379578e-01 3.775260231386902698e-01 3.644019844079180448e-01 3.811167480953643327e-01 3.943061517624331658e-01 3.792261255846883228e-01 3.882455922462549891e-01 3.815871452264575914e-01 3.789365821835518067e-01 3.615906513597487160e-01 3.824656328879412204e-01 3.750305553476893650e-01 3.751285047598297839e-01 3.710081880290939660e-01 3.637934951676014550e-01 3.647440098263631802e-01 3.622648436604662403e-01 3.679159654061415208e-01 3.487266785174509831e-01 3.590909771772787806e-01 3.595955058288313744e-01 3.353397932923137814e-01 3.428389632802180120e-01 3.468136161839207032e-01 3.488299249085342613e-01 3.427648800995586331e-01 3.420649795053406494e-01 3.438105584131171955e-01 3.511312726226507586e-01 3.525298808363371839e-01 3.401196153267658229e-01 3.502285784897219978e-01 3.506085990967457988e-01 3.407713446737123397e-01 3.466083006036994596e-01 3.576105598155592813e-01 3.422948985569903013e-01 3.514918852783720515e-01 3.387194893144241381e-01 3.426192857712743178e-01 3.440235642739915001e-01 3.449668977356788457e-01 3.477695848822536240e-01
1.700692654673114645e-01 9.130865605659928275e-02 4.316904438125971910e-01 1.000000000000000000e+00 3.443214930057788559e-01 3.613764371383164087e-01 5.884661779742709209e-01 5.810716242623764627e-01 4.372940831084635716e-01 4.846675553983821327e-01 6.158043991047629229e-01 6.420188549496708141e-01 5.187381990888771943e-01 5.635780561922602017e-01 6.117452206567106643e-01 6.479858270240508311e-01 5.933816590719750428e-01 6.363563985331491812e-01 6.023402237275662374e-01 5.167183251745900430e-01 6.568881698606883202e-01 6.500351508112174326e-01 6.058942223320796794e-01 6.316049138933992335e-01 6.008694144767456891e-01 6.577882713422545935e-01 6.626413782327353896e-01 6.520160132627134120e-01 6.554486613126789818e-01 6.321987594268253519e-01 6.480794196238909288e-01 6.479096851006699298e-01 6.294041515274455545e-01 6.543777721688022186e-01 6.314030848261238393e-01 6.464165501158012361e-01 6.463273834806928519e-01 6.346362753234700005e-01 6.460416410559765010e-01 6.263783834702998377e-01 6.170316400950844882e-01 6.215891581848711489e-01 6.293907300228425150e-01 6.304937477957088809e-01 6.325327403174895169e-01 6.453804787167128909e-01 6.064027335293691312e-01 6.067195688084096039e-01 6.110758679794631165e-01 6.281077061533650863e-01 6.266589609774614322e-01 6.394256233849537896e-01 6.194116670001922342e-01 6.142241704470953190e-01 6.272049031375326322e-01 6.357245013218117968e-01 6.284528300132120604e-01 6.128966650022766860e-01 6.311492137906854483e-01 6.080251313777472744e-01 6.342147580622174985e-01 6.201620361306535711e-01 6.327065249685785986e-01 6.252023898680402203e-01 6.173733048531191425e-01 6.301204198371839205e-01 6.034321931768422687e-01 6.221585570749519345e-01 6.275614689337812857e-01 6.251059989770189063e-01 6.400611965665718994e-01 6.169323751843646120e-01 6.382550357871571434e-01 6.300192379336403414e-01 6.326502022968394368e-01 6.235809930861054839e-01 6.348718078621236049e-01 6.369600862050954770e-01 6.353323327573531243e-01 6.402282093064983748e-01 6.354961901622092624e-01 6.324501902489050309e-01 6.254782987553223483e-01 6.335953771870557194e-01 6.403725163574026658e-01 6.336451497850905668e-01 6.304562645273099619e-01 6.274450314303394727e-01 6.267810963542680414e-01 6.226926337046877480e-01 6.297167740575976280e-01 6.123931062147114357e-01 6.218749323779098059e-01 6.207199718006528588e-01 6.016168427724646328e-01 6.055993291241604792e-01 6.132352432643802809e-01 6.214182690991606473e-01 6.146945687203981823e-01 6.112952755132898819e-01 6.142589744045332534e-01 6.215228154071691380e-01 6.188740668985858173e-01 6.088841091604201283e-01 6.210767257272313824e-01 6.189587003519462227e-01 6.083501350162886512e-01 6.093711514493657111e-01 6.196739280622087787e-01 6.057493303009994223e-01 6.149214665713557126e-01 6.036050702023083581e-01 6.090263150107033674e-01 6.140176581686331847e-01 6.102417839377053399e-01 6.181352466358651654e-01
-8.347069147967862285e-03 4.177491409734186700e-02 1.700970467425740318e-01 3.443214930057788559e-01 1.000000000000000000e+00 3.181838914078436997e-01 5.064132696142689127e-01 4.923624854429831665e-01 3.487368507110024662e-01 3.924110087873988739e-01 4.333827348726185802e-01 4.831325093630821632e-01 5.010039165307997866e-01 4.672056280861472399e-01 5.215137448258821973e-01 5.212157790087934561e-01 4.562992725326716625e-01 4.588245565574865514e-01 4.625606607496859923e-01 4.231767789022662929e-01 4.693237418826141094e-01 4.818350655360242318e-01 4.456480095516126561e-01 4.528715875412542835e-01 4.502880040917206506e-01 4.846777391593010131e-01 4.719729084059475221e-01 4.719449688415518485e-01 4.275084231038462357e-01 4.175418922143276368e-01 4.514946528336414855e-01 5.069545685117065048e-01 4.460688620729217346e-01 4.823152719123399157e-01 4.538043249413461488e-01 4.873808893083225735e-01 4.889660630256445484e-01 4.900437782347769056e-01 4.992922615442989542e-01 4.993478363900072381e-01 4.974811426569822337e-01 5.122190261839348890e-01 5.253668569926652765e-01 5.132786243850733232e-01 5.045569013135151604e-01 5.050752614841357291e-01 5.044065491987044236e-01 4.982077736605321494e-01 5.020973361968549264e-01 5.131873275765584941e-01 5.073699799830383439e-01 5.349684678105133262e-01 5.198382902538453143e-01 4.908937706064223083e-01 4.917293534681866363e-01 5.033026939678848510e-01 4.924842741115030287e-01 5.098488920701246263e-01 4.951275931752505688e-01 4.968009647771999271e-01 5.139017074865340762e-01 4.912148844804541392e-01 4.993401660600405023e-01 5.053604439417839211e-01 4.984991423233232077e-01 5.031250889535909820e-01 5.042407266430783963e-01 5.060615135198186509e-01 5.041185736882859425e-01 5.221487838603283693e-01 5.162421808548322000e-01 5.071258747779131548e-01 5.058429930703428612e-01 5.041131346472340624e-01 5.048186818223315830e-01 5.011254656976289468e-01 4.975941020015770544e-01 4.782555876876896650e-01 4.976304129826857880e-01 4.915199388680202564e-01 5.005850349872834615e-01 4.922206912974658177e-01 5.028400758295505923e-01 4.909053795755515259e-01 5.149533308205999083e-01 5.037583429800783774e-01 5.034108347145836992e-01 5.133976812596541262e-01 5.105512799741118712e-01 5.112780580628546456e-01 5.089554020987876459e-01 5.160796118104759023e-01 5.141054091231003209e-01 5.116233435231961613e-01 5.065543081605102804e-01 5.051008368222569267e-01 5.219194473714731108e-01 5.209627016721731785e-01 5.217400684703976665e-01 5.203899067160798753e-01 5.242558170666322681e-01 5.202557937305690716e-01 5.151208027586912097e-01 5.170664392409305421e-01 5.201117711274624300e-01 5.094064973289754716e-01 5.087652215660632971e-01 5.063277668232565309e-01 5.072415383925655830e-01 5.094158584719609140e-01 5.142801463154641484e-01 5.069618273471973025e-01 5.067647810524710250e-01 5.164411541642346393e-01 5.070705843801810442e-01 5.133498563589555808e-01
-9.614763867917430762e-03 8.290532981594282702e-02 1.917940661912195810e-01 3.613764371383164087e-01 3.181838914078436997e-01 1.000000000000000000e+00 5.539100894567291489e-01 5.205404712928225486e-01 4.438211038898071670e-01 4.929715367997112851e-01 5.132618549372410799e-01 5.810186351504613711e-01 5.472179149742457671e-01 5.666627509168683519e-01 6.112819572568832793e-01 5.839061158108767025e-01 5.496108303814694063e-01 5.311446703906165245e-01 5.507320609633172825e-01 4.095080639119960675e-01 4.925081642199057308e-01 5.506621100170037142e-01 5.515129342381270838e-01 5.275277056527460928e-01 5.294990362634977021e-01 5.617097853104326965e-01 5.596093182513119935e-01 5.737757932006998240e-01 5.162808936439222673e-01 5.355457585476181004e-01 5.683623754593679633e-01 6.007842916076567841e-01 5.564918779970811080e-01 5.789410885194633538e-01 5.675969894480131783e-01 5.612568841688083676e-01 6.023329358063160832e-01 6.052376128536293143e-01 6.002274336836314061e-01 5.910425295584152972e-01 6.075608584181027005e-01 6.161868000098699172e-01 6.022378560944648962e-01 6.160101223321761132e-01 6.180976472384686060e-01 5.976641222095895323e-01 6.214134177680139537e-01 6.195445757884083804e-01 6.130810751248192414e-01 5.906148744995323163e-01 6.084354459182439445e-01 6.002491116419300665e-01 6.104683452158480295e-01 6.085981519399691342e-01 6.018311197077266250e-01 6.098237952199985212e-01 5.930471002969448513e-01 6.176229717023890009e-01 6.080886395304779812e-01 6.148383139469660863e-01 6.087730216824884799e-01 6.130200188819722174e-01 6.029147885449339661e-01 6.118314568529998887e-01 6.111567989069122131e-01 6.045448398133926871e-01 6.233876520536721921e-01 6.200343889047323920e-01 6.172542477005842354e-01 6.112726635112366580e-01 6.165704262437660121e-01 6.188631979341908673e-01 6.109632664730100249e-01 6.095442480369653859e-01 6.161198202625408626e-01 6.185276451840919787e-01 6.155125271191357328e-01 6.045105157752990177e-01 6.113685902010275175e-01 6.082103714799669270e-01 6.119379478152024987e-01 6.100225411224926564e-01 6.181036560452085604e-01 6.138462711009246009e-01 6.126077045663145260e-01 6.161065620362352613e-01 6.210652460065461122e-01 6.223033973866745061e-01 6.205701499643913044e-01 6.173790654697659530e-01 6.234946759921455861e-01 6.286686193022372748e-01 6.256071254562577399e-01 6.234952305415901730e-01 6.249631210311160645e-01 6.249746646161135066e-01 6.088606139464224354e-01 6.099482879617768027e-01 6.219713008707098423e-01 6.220333388260601559e-01 6.198365318663928702e-01 6.177503799328269984e-01 6.195499208373087541e-01 6.255828701457760710e-01 6.228721550300811982e-01 6.108404220642530413e-01 6.212304261893460966e-01 6.205076688715497335e-01 6.229253430716527040e-01 6.230844037566194427e-01 6.231150277640199464e-01 6.242035515276411761e-01 6.228830780826090097e-01 6.208616008844078937e-01 6.207500079599154175e-01 6.186705446965672373e-01
4.208600898361895132e-02 9.821411853350252297e-02 3.476276173516781309e-01 5.884661779742709209e-01 5.064132696142689127e-01 5.539100894567291489e-01 1.000000000000000000e+00 7.517288869293452525e-01 5.738856963117622279e-01 6.721451190259277730e-01 7.599094594861209861e-01 8.113087803773855189e-01 7.512982353106738564e-01 7.645671150137450800e-01 8.546897564021064264e-01 8.334102567307569709e-01 7.623563572570535296e-01 7.721450441547403898e-01 7.887420982813749815e-01 6.104884123374758609e-01 7.507749850518014023e-01 8.116911497303599399e-01 7.805441054766113496e-01 7.619915768457110605e-01 7.719315443827325929e-01 8.247371438047452763e-01 8.185382662834156386e-01 8.347834430449935228e-01 7.752913034315518370e-01 7.748860959374223034e-01 8.069161291176005779e-01 8.468025165149090094e-01 8.150075061326145232e-01 8.255065310701534820e-01 8.167779914126924723e-01 8.217744693207873485e-01 8.413042216667501183e-01 8.461732491125324440e-01 8.554568709655836489e-01 8.435088824785381689e-01 8.413280318974849514e-01 8.543846946342621429e-01 8.518296093320035789e-01 8.534336783168711138e-01 8.462301368224613984e-01 8.523341838279316907e-01 8.363526702663838241e-01 8.295134182084208385e-01 8.371101094723184532e-01 8.373799454584976987e-01 8.477018828595732636e-01 8.342066882174075104e-01 8.345931405479610765e-01 8.212707399975022193e-01 8.229443608526963994e-01 8.441460696664212504e-01 8.142058407419970889e-01 8.382971687460086807e-01 8.352077891014980660e-01 8.234808360175446262e-01 8.373056079469013424e-01 8.265608338110495001e-01 8.257227383730999515e-01 8.324242954842150377e-01 8.258196673637069329e-01 8.229708716929438062e-01 8.353507761959629851e-01 8.425176705622146045e-01 8.435753545809407949e-01 8.341323897097108198e-01 8.484290775868179590e-01 8.417992671864688026e-01 8.379542147699509114e-01 8.410815522238754838e-01 8.492611348293968021e-01 8.422633151544218766e-01 8.513320581424257405e-01 8.315989194260855477e-01 8.461865365566911823e-01 8.396335937688840234e-01 8.457198926601434685e-01 8.359991025001306530e-01 8.442126548686247345e-01 8.456926222293368323e-01 8.575255131618972904e-01 8.436427374852903949e-01 8.513366415202847648e-01 8.577406286444114736e-01 8.538508223815391984e-01 8.488512192440987869e-01 8.598228523549318325e-01 8.519489050249001716e-01 8.475694388720534933e-01 8.531370261042261482e-01 8.364612494656659125e-01 8.376083660813474774e-01 8.435116535307405350e-01 8.396894022501072419e-01 8.482342458519561701e-01 8.508176453179112642e-01 8.520780219540481371e-01 8.460019021758824476e-01 8.436540011967191832e-01 8.442365411062672242e-01 8.456627003303883727e-01 8.295568096502352606e-01 8.393153963017480068e-01 8.372418676439897789e-01 8.442566358451406572e-01 8.405188910951003622e-01 8.486596763924197928e-01 8.316529602669623378e-01 8.355417461385994393e-01 8.415098401584009125e-01 8.364651808709532288e-01 8.353166074577828004e-01
3.420006878456074290e-02 8.529694274302627999e-02 3.310792874556923726e-01 5.810716242623764627e-01 4.923624854429831665e-01 5.205404712928225486e-01 7.517288869293452525e-01 1.000000000000000000e+00 5.712936341344094782e-01 6.205213191036518250e-01 7.308735878667930175e-01 7.831326381113284940e-01 7.488962702866955867e-01 7.457351537216291293e-01 8.188644150162966984e-01 8.215469599864085870e-01 7.360324388070915713e-01 7.205343242627414435e-01 7.189768016882072121e-01 6.576178078897102486e-01 7.406932636239976775e-01 7.643923879450553738e-01 7.106890057756228840e-01 7.170139113894035132e-01 6.869905742772121071e-01 7.673101355545307589e-01 7.681335030306883915e-01 7.626001049763683204e-01 7.126870825960380795e-01 7.168298232823619998e-01 7.471864368155388680e-01 8.136530149230338793e-01 7.537615978802443273e-01 7.902713754509935740e-01 7.690858301624030613e-01 7.796634151398025292e-01 7.864893097226924867e-01 8.024286630339504400e-01 8.111815713698674601e-01 7.858659756642053518e-01 7.929774804164625435e-01 8.044891585836547732e-01 8.080662531083300237e-01 8.150318578990864982e-01 7.986785524550997772e-01 8.067240163819227039e-01 8.023955027351071800e-01 7.996637342817064509e-01 8.097403960125493239e-01 8.113727104658434719e-01 8.151940534915155245e-01 8.193940271633105565e-01 8.117981576507556918e-01 7.958815843451128025e-01 7.989462473822103172e-01 8.043953271774543223e-01 8.097834851905747477e-01 8.092244146285568762e-01 8.094154415829389881e-01 8.013640087636514364e-01 8.196558821218756785e-01 8.039718995788317502e-01 8.134575294536322554e-01 8.170919293259110150e-01 8.019202271854448671e-01 8.134598728174226023e-01 8.037267609220964948e-01 8.043267279259586067e-01 8.045752949168122337e-01 8.203115582204267842e-01 8.143126924520734944e-01 8.018131479879270218e-01 8.021740463462859738e-01 7.886101554077744602e-01 8.040325142406491432e-01 8.007947556393578692e-01 7.977957119008423081e-01 7.813945551879559748e-01 7.940676074861060529e-01 7.950748941277184789e-01 8.021444011678056096e-01 7.935460477201889962e-01 8.073591454572619508e-01 8.017415538365771921e-01 8.212951247329882687e-01 8.106369536168400725e-01 8.062090782805940714e-01 8.160328376296021036e-01 8.139081224582811469e-01 8.050237411315790403e-01 8.070042306770414120e-01 8.101971229096039950e-01 8.097764063925274591e-01 8.109162150279171088e-01 8.060014996170885571e-01 8.053340543964288001e-01 8.141764591922001637e-01 8.224386570082251602e-01 8.205029388866911244e-01 8.173849109114061928e-01 8.188620534747761415e-01 8.216573304817674783e-01 8.150277776777727912e-01 8.128813127379932446e-01 8.195363004395206374e-01 8.144734352630146335e-01 8.129261000167178342e-01 8.034234680156095987e-01 8.081811821155053810e-01 8.086437336946343812e-01 8.127682274947780616e-01 8.070715214680443950e-01 8.083693867644030639e-01 8.181142143230164532e-01 8.054190110859220653e-01 8.153452227731642354e-01
7.059395810571228447e-02 1.295474772654981455e-01 2.721191747941588135e-01 4.372940831084635716e-01 3.487368507110024662e-01 4.438211038898071670e-01 5.738856963117622279e-01 5.712936341344094782e-01 1.000000000000000000e+00 5.924296173141716526e-01 6.178193411629618881e-01 6.726442597255423150e-01 6.166705163433117143e-01 6.203438647514484261e-01 6.785177581049611772e-01 6.537944151915278113e-01 6.484728207611808459e-01 5.787324153223297740e-01 6.055364960640750027e-01 4.846813594400689595e-01 5.545793187594841855e-01 6.294513711911018383e-01 6.144031010930838255e-01 5.868058603494249459e-01 5.778492557252939976e-01 6.384177943171069902e-01 6.507279752542286522e-01 6.382331364397256790e-01 6.057733003194304411e-01 6.222867375132163925e-01 6.675218719314043314e-01 6.701639544473871890e-01 6.103133577506483221e-01 6.490892921537656512e-01 6.376855415470211730e-01 6.181562151212298684e-01 6.689780952947157466e-01 6.630783989681637847e-01 6.683716454737952395e-01 6.340867191046765106e-01 6.771939876226868993e-01 6.688478679543369276e-01 6.444638285993307125e-01 6.842681941354008535e-01 6.831399294241223830e-01 6.681493860718027422e-01 6.963449362639024809e-01 7.009738568379921819e-01 6.871463674898545815e-01 6.522749343998990312e-01 6.728910942248332860e-01 6.739917565687286727e-01 6.881087853305999369e-01 7.045860967815666953e-01 6.931869789350887379e-01 6.823804846528668255e-01 6.984577528648107103e-01 6.942332973487188585e-01 6.931895969127702672e-01 7.093965011555449784e-01 6.970269768419872225e-01 7.038643341809935894e-01 6.941656853213498124e-01 7.022862501709411509e-01 7.086045976212336228e-01 7.071455138690256881e-01 7.007371327713267650e-01 6.943447385595644672e-01 6.905212583040242214e-01 6.901089814756468099e-01 6.899257818920334628e-01 6.943744811597423183e-01 6.819649643208836043e-01 6.756492207961628527e-01 6.928547394283902650e-01 6.962994103722046635e-01 6.905150176166816589e-01 6.843398931843782673e-01 6.890360491891484029e-01 6.917388633813285059e-01 6.913598378300301883e-01 6.984970880574735697e-01 6.942581000773789812e-01 6.889024963283882919e-01 6.765975872392543389e-01 6.882063368029117667e-01 6.908070094917592163e-01 6.874167041535701461e-01 6.914134502440530960e-01 6.864972449012357592e-01 6.843578311677149806e-01 6.931587443865803166e-01 6.959871334421118272e-01 6.937903069481115015e-01 7.014103745982135374e-01 7.025740608096081585e-01 6.664638472056262364e-01 6.883616873181648277e-01 6.903556815384137568e-01 6.866314056029801938e-01 6.826480587536819522e-01 6.916663281444127565e-01 6.978429624347970428e-01 6.958717427169729408e-01 6.970289121755105510e-01 6.994915857103664036e-01 6.997506668736367397e-01 7.027137008493743453e-01 6.989139678881605144e-01 7.005033852948858719e-01 6.943676587725627902e-01 7.065828748022910943e-01 7.015200669167229730e-01 6.983295886086939852e-01 7.047809045708373077e-01 7.058522395023032470e-01
2.288552384950677185e-02 1.692579290309489115e-01 2.922722079666552064e-01 4.846675553983821327e-01 3.924110087873988739e-01 4.929715367997112851e-01 6.721451190259277730e-01 6.205213191036518250e-01 5.924296173141716526e-01 1.000000000000000000e+00 7.108119482768366915e-01 7.632897667173456080e-01 6.976311005604566295e-01 7.173966744706720133e-01 7.807254704813902935e-01 7.426791430847590192e-01 7.162815029392355370e-01 6.708051031737022329e-01 7.144299454101782354e-01 4.518442085186600288e-01 6.034062285957205729e-01 7.246774966120324013e-01 7.506864840749528645e-01 6.847088103058792674e-01 7.019867290976907759e-01 7.607205165957422466e-01 7.566011480272174516e-01 7.544266069876820469e-01 7.248636181818205459e-01 7.414394596248783387e-01 7.841661092354770268e-01 7.753423643795345210e-01 7.357321217017359638e-01 7.606905863748152363e-01 7.519630536206944882e-01 7.262515717845929863e-01 7.807516520922992420e-01 7.833956498714192973e-01 7.763529811104179501e-01 7.473941158078252212e-01 7.972124708934258397e-01 7.876459963556086130e-01 7.527132529771705105e-01 7.929328912888511383e-01 7.944009514461555233e-01 7.832718015465021111e-01 8.053318403254443592e-01 8.129577366383269332e-01 7.947146862850335003e-01 7.520980593824536653e-01 7.833814782686929767e-01 7.506420712517741789e-01 7.805063161528196236e-01 8.085456242309900787e-01 7.977629841270340583e-01 8.031698515752294654e-01 7.821006113479678223e-01 7.988052448783528048e-01 8.008626398291227577e-01 8.048975192605685169e-01 7.912963564167802000e-01 8.043476736649114445e-01 7.930896087950513040e-01 7.942711300304162725e-01 7.996135412985642121e-01 7.906368818158682199e-01 8.085407447366786959e-01 8.004362463048675380e-01 8.004958868266291994e-01 7.661359723399073784e-01 7.908306477170405913e-01 8.088346164068099808e-01 7.836950734971626087e-01 7.911294215900492866e-01 8.078084930595421653e-01 8.080877260886932811e-01 8.049237131370179377e-01 8.012563848514751008e-01 8.020593212415254580e-01 8.027292805366227357e-01 8.032416596058128411e-01 8.124589321768496131e-01 8.044184437867607507e-01 8.006582244535753734e-01 7.827041257781305328e-01 7.933081235224717087e-01 8.025282011828018813e-01 7.988946090041937342e-01 8.008609580402746841e-01 8.021333852700446299e-01 8.000618560446204341e-01 8.052234976599055294e-01 8.033651530743211033e-01 8.065572252091605110e-01 8.086241785501171453e-01 8.115683210519649693e-01 7.679519974132278382e-01 7.787893056425208016e-01 7.931362994341879524e-01 7.913472955246868557e-01 7.873765660702372049e-01 7.936561531118703217e-01 8.000286741903114285e-01 8.030879689530412424e-01 7.965027882712293339e-01 7.945180466336236869e-01 8.032682269938462571e-01 8.132100400296086162e-01 8.107347591746907334e-01 8.078615119112992904e-01 8.029810743277783214e-01 8.085220201112613969e-01 8.076220140668223246e-01 7.995206062046187334e-01 8.067222597821988028e-01 8.006418625663617172e-01
7.565983021725904145e-02 1.453860832179078022e-01 3.756809610817073430e-01 6.158043991047629229e-01 4.333827348726185802e-01 5.132618549372410799e-01 7.599094594861209861e-01 7.308735878667930175e-01 6.178193411629618881e-01 7.108119482768366915e-01 1.000000000000000000e+00 8.513685484938029457e-01 7.601000734458588370e-01 7.832054120558484822e-01 8.486683785100453958e-01 8.401268265652227507e-01 7.969009645276222686e-01 7.834441288095626010e-01 8.034297461270822893e-01 5.846618382398631741e-01 7.683622474104150335e-01 8.277659830186081535e-01 8.143104596003223339e-01 7.916452270332240415e-01 7.881411786347409798e-01 8.485042134976995554e-01 8.518377403886017163e-01 8.487696931292427749e-01 8.210424026697097366e-01 8.329744662527664989e-01 8.621204437893071892e-01 8.582865605747241888e-01 8.273436979588955076e-01 8.565359578452047540e-01 8.449423848379040702e-01 8.312796433576248312e-01 8.647349397128547555e-01 8.580455890660483309e-01 8.635870614842415804e-01 8.319570431905766172e-01 8.601374677989008788e-01 8.572400089523555256e-01 8.435197502688431825e-01 8.679382654311998957e-01 8.620114396601376017e-01 8.696025396327412560e-01 8.637459913795116906e-01 8.646051814460365970e-01 8.571825360511697856e-01 8.339506016196415183e-01 8.567330137751780761e-01 8.393538727818651290e-01 8.511898626638030319e-01 8.653353077557072170e-01 8.639654434615330336e-01 8.679218437785123363e-01 8.556317186273172393e-01 8.624478818698666505e-01 8.691981288969815589e-01 8.628999769857195190e-01 8.708091826539299252e-01 8.684972260796547383e-01 8.677959614403488731e-01 8.639917613212660941e-01 8.598804524227654511e-01 8.623703948274040743e-01 8.625070336158134898e-01 8.693257009235200172e-01 8.696811458962042662e-01 8.502698893511136946e-01 8.716629908661243098e-01 8.685567815106342016e-01 8.648896176387426138e-01 8.654768621429865805e-01 8.740437606894871925e-01 8.693130805355953061e-01 8.731899554975010025e-01 8.727035950759072236e-01 8.715416855079268776e-01 8.736212299152533722e-01 8.740932332180778586e-01 8.755835530469106009e-01 8.717576745517547909e-01 8.737125095086240023e-01 8.689803390352954793e-01 8.712742801739993270e-01 8.719024032485049869e-01 8.707529583980939680e-01 8.712345630454411127e-01 8.692842642715468138e-01 8.682844622561775028e-01 8.668041192476587664e-01 8.690620044966708146e-01 8.705066566309342946e-01 8.636281719761011999e-01 8.663004761266785980e-01 8.479450557014960310e-01 8.569263746084833100e-01 8.633359618628266841e-01 8.595767861509381325e-01 8.601975900594858171e-01 8.637305854240160397e-01 8.642628627995480040e-01 8.629066569859598079e-01 8.648270052633104665e-01 8.635558171229119617e-01 8.634069637662432628e-01 8.666559798092147160e-01 8.716170828224624190e-01 8.650490369148928771e-01 8.681169387735985232e-01 8.632985794677399127e-01 8.659457222020415790e-01 8.657175242657818570e-01 8.659709983672998490e-01 8.654865054217750764e-01
6.091916938381864571e-02 1.547714206663603764e-01 3.864464653323119725e-01 6.420188549496708141e-01 4.831325093630821632e-01 5.810186351504613711e-01 8.113087803773855189e-01 7.831326381113284940e-01 6.726442597255423150e-01 7.632897667173456080e-01 8.513685484938029457e-01 1.000000000000000000e+00 8.151959337254478521e-01 8.506978249859281638e-01 9.201707972041981431e-01 9.081450454921412563e-01 8.526896362054663392e-01 8.217088495431803530e-01 8.448110033124649476e-01 6.511746064642026655e-01 8.025074116250777712e-01 8.796449676358866210e-01 8.599783363006702208e-01 8.319208390459456037e-01 8.215291242795895732e-01 8.964628432181398487e-01 8.979954680047961268e-01 8.947840399152379165e-01 8.616003057200649629e-01 8.612587825111586159e-01 9.099580055693416991e-01 9.256480104842692569e-01 8.697367148019576888e-01 9.089137648179071993e-01 8.901572341097462315e-01 8.859383115475114590e-01 9.238293327444375702e-01 9.182432296353663093e-01 9.243991903613092420e-01 8.894884116317085532e-01 9.267193810058037551e-01 9.237680865116327800e-01 9.101374129216934783e-01 9.374885065558826724e-01 9.307579144850459674e-01 9.272482348362367510e-01 9.389513375087685798e-01 9.403669429255063772e-01 9.345401719143207053e-01 9.060307185344521619e-01 9.278698065381744131e-01 9.120023028846689916e-01 9.298042053497520554e-01 9.389439157511167977e-01 9.318772951838028007e-01 9.337716046077465526e-01 9.301497165050576221e-01 9.347985457790520814e-01 9.378239457793202671e-01 9.397161650462579896e-01 9.412084460060441415e-01 9.408679637864426626e-01 9.394185126810921105e-01 9.412290140042076647e-01 9.372493575971225788e-01 9.391134422717140051e-01 9.409059411052659305e-01 9.408040389530493153e-01 9.398493261357925288e-01 9.275475698142623404e-01 9.424332817932784545e-01 9.417462308219588518e-01 9.350348825570123923e-01 9.298127794447034189e-01 9.441819677952195677e-01 9.421277908244715116e-01 9.382248970150687262e-01 9.329477139014812348e-01 9.377235054386758861e-01 9.371732231317292383e-01 9.413246235205419143e-01 9.435053103756146919e-01 9.430883315271145761e-01 9.379632212688799875e-01 9.360084732068745250e-01 9.419003774597984879e-01 9.426362133322548909e-01 9.404966713704419057e-01 9.426311921252908954e-01 9.394758576866575339e-01 9.385762170875548982e-01 9.400252345385597952e-01 9.428999593242750610e-01 9.430868367093862004e-01 9.406973877386973770e-01 9.428991867545363226e-01 9.190214571685672018e-01 9.342237198752891825e-01 9.380862523966967403e-01 9.352145552800508188e-01 9.360761458550304059e-01 9.393309746366487190e-01 9.417971253675209153e-01 9.403977474374594081e-01 9.427404857249013226e-01 9.397609800605458696e-01 9.403218249689078156e-01 9.436130946037822875e-01 9.429804248554422008e-01 9.417012771230707235e-01 9.404067042776580454e-01 9.423147810161758287e-01 9.417782025993870487e-01 9.428962919003577303e-01 9.426298905005594531e-01 9.433079739880620984e-01
-1.666242552132510615e-02 1.209128578257855913e-01 2.871783979895117800e-01 5.187381990888771943e-01 5.010039165307997866e-01 5.472179149742457671e-01 7.512982353106738564e-01 7.488962702866955867e-01 6.166705163433117143e-01 6.976311005604566295e-01 7.601000734458588370e-01 8.151959337254478521e-01 1.000000000000000000e+00 7.835224204344568566e-01 8.585891048372367163e-01 8.380067802206478955e-01 7.786923680135178216e-01 7.295395605966582542e-01 7.638415260141417917e-01 6.109729597469633067e-01 7.104348664001515212e-01 7.859999950394513935e-01 7.694642703286637131e-01 7.430398004699236836e-01 7.326800160104417481e-01 8.011009983144964375e-01 7.950430609943248683e-01 7.941710169808313680e-01 7.395133860667123527e-01 7.575358441636851348e-01 7.997276211108357291e-01 8.529891794285916484e-01 7.780146770217613028e-01 8.191257226182194762e-01 7.993754955006358021e-01 7.895571643106815696e-01 8.306816238287128007e-01 8.405096697371852166e-01 8.410162761045122393e-01 8.149091118275890722e-01 8.560225520316024905e-01 8.555130823795522588e-01 8.396972546867511600e-01 8.624762866929279737e-01 8.553850265012499232e-01 8.464680267903137434e-01 8.689918590933317644e-01 8.664783194847150982e-01 8.677792217467925617e-01 8.430051627997640074e-01 8.538968976680368916e-01 8.485864879532426519e-01 8.629883546734427036e-01 8.592227509001564290e-01 8.571976096203478557e-01 8.550314906842195750e-01 8.536417705384187204e-01 8.686257277711589841e-01 8.555072199607259842e-01 8.656839666591490401e-01 8.640085115507870617e-01 8.589625766244675109e-01 8.581831645153332744e-01 8.632149813599562238e-01 8.630567689532594455e-01 8.641990628175145739e-01 8.703701196710451615e-01 8.628236238779305456e-01 8.623940115457058297e-01 8.615362296872114412e-01 8.637439918840348341e-01 8.666189583185014422e-01 8.527277990166656219e-01 8.483666134756475685e-01 8.635241312966862592e-01 8.628716940878883301e-01 8.541510263092163546e-01 8.399035914904615652e-01 8.520873781896837196e-01 8.533815820549469633e-01 8.590079482956392010e-01 8.580301472133250451e-01 8.636597348813518371e-01 8.557984077541846979e-01 8.615314341216672167e-01 8.611339702250034867e-01 8.638511443631915476e-01 8.688437002236037987e-01 8.665634709419327564e-01 8.635340383188476743e-01 8.608797894929510752e-01 8.710939597213317453e-01 8.695891841334921768e-01 8.698076377618287891e-01 8.738391217824390544e-01 8.729768423300150459e-01 8.608325813882665711e-01 8.716184653224603451e-01 8.749143661526420646e-01 8.729299192903331450e-01 8.717597023791242572e-01 8.731703672913084802e-01 8.735876016787814669e-01 8.755539139016630390e-01 8.759004582262539529e-01 8.680175091221887795e-01 8.743759295198497705e-01 8.699890953558905293e-01 8.697413754006345643e-01 8.734850113919652159e-01 8.711179650533353858e-01 8.749533950825215678e-01 8.723576228812695010e-01 8.765007338193570030e-01 8.709763966908268262e-01 8.739350976173178021e-01
