1.000000000000000000e+00 1.397543735652526931e-01 1.054741767016737497e-01 9.966330267722461889e-02 5.132555554115039720e-02 -8.893129159199514300e-03 -1.802910850416953106e-02 1.511583542357749534e-02 1.640469111601482732e-01 5.297973985123492768e-02 4.394358730323950218e-02 2.440734055844403713e-02 1.135504646117682821e-02 -9.981206944230589504e-05 -6.434112242125037545e-03 9.887803103524989493e-03 1.313747215102681609e-01 6.046125188599207889e-02 5.929052454712013809e-02 7.317464586331220988e-02 8.444161436212567484e-02 6.675980494428665479e-02 7.252494754252349074e-02 5.362483499743195270e-02 6.221828193629842796e-02 6.362865873478310008e-02 6.135133050208291944e-02 -8.607297119935826760e-03 4.249050676814335181e-02 7.286094924610170276e-02 4.395941310552297504e-02 3.964399384109123375e-02 1.956073686106259493e-03 1.053626308025396724e-02 5.345468280396034610e-02 2.331053619794490328e-02 2.907625672341957249e-02 -1.016286959947286517e-02 6.710835756509140335e-04 -1.190134146569944013e-02 1.557838738006194282e-02 -1.700979997413246472e-02 -3.147918758602217485e-03 9.618604898372079201e-03 2.872648693281366211e-02 -1.506410579907828265e-03 1.594756328727983327e-02 2.616094359754787130e-02 5.188443947749149521e-02 -1.350861651124729947e-03 -4.619040922533204814e-03 4.746932992537501728e-02 4.189931882659211210e-02 6.048974717760578768e-02 4.343997791787983231e-02 2.599904819271592338e-02 9.121847584741793469e-02 2.388361638453814426e-02 2.302276134462788795e-02 6.761425079854417597e-02 3.094135007546932811e-02 3.853183829648312159e-02 2.220703736836761311e-02 5.593684362321383469e-02 8.403533626335600581e-02 7.112437466659191077e-02 3.360349226226194697e-02 1.041428373954530508e-02 2.273213283949739039e-02 3.260895586136138002e-02 1.842845582935505669e-02 1.618282864537941984e-02 1.661426610389686934e-02 1.584114755780698103e-02 1.978299852102507334e-02 1.892452997809618634e-02 -4.460416301162481272e-03 1.801742241401949746e-02 8.681420313392916241e-03 2.897752085405385508e-02 2.602643603616559831e-02 1.962512855001622911e-02 4.028236405619323862e-02 8.486363347910946819e-03 -9.985787189864571423e-03 3.312857917113321265e-03 2.045977154448381206e-03 -4.670803789234204313e-03 -2.994974406256799108e-03 2.346423754410078069e-02 -2.149606926360617121e-02 -3.122405080734170623e-03 8.105102338917771765e-03 -7.644636481799592202e-03 7.067743957537412670e-03 1.254326332534834963e-02 5.634593131496643892e-04 3.668145159629000729e-02 1.344504928604728540e-02 -2.212768697881349871e-03 -5.739303573715374106e-03 2.177903570312250334e-02 2.373078971602267731e-02 4.758884108405868167e-03 2.084860650507718363e-02 5.427098198583055894e-02 2.528872100298713149e-02 1.743504460525491240e-02 1.691059268005474028e-02 1.369143001557258411e-02 9.366525681775607001e-03 2.792562078430041450e-02 1.780120784054167737e-02 2.287015413162678604e-02 6.057734574239637820e-02 4.837936829708138625e-02
1.397543735652526931e-01 1.000000000000000000e+00 1.134666425492491526e-01 9.678485494489379171e-02 8.268721509008626624e-02 1.277414536971611392e-01 1.436712476990241460e-01 1.294689458956205241e-01 1.813710284781960280e-01 1.692407558688497904e-01 1.509756328783065371e-01 1.473777829460679312e-01 1.387759250266252242e-01 1.135675058791032893e-01 1.611025358176471634e-01 1.382246222575057581e-01 1.909988655246032674e-01 1.596487250812531900e-01 1.813075428685197998e-01 1.695231863898602198e-01 1.778676377707739953e-01 1.740360682383162994e-01 1.894511690376276258e-01 1.860773577373133203e-01 1.785299203938712775e-01 1.972349864293211352e-01 1.700023235662797561e-01 1.583099335211248793e-01 1.531455206129477553e-01 1.862733546980925858e-01 1.761008978898783162e-01 1.919614411317610569e-01 1.715639890009298119e-01 1.753929522531789409e-01 1.814919956089561526e-01 1.545905300818498085e-01 1.662675266381682393e-01 1.613929101513942588e-01 1.641941965033863748e-01 1.550485498435462683e-01 1.741658460043774836e-01 1.612228892911850842e-01 1.559416590730939856e-01 1.626053016069345381e-01 1.658332426725936393e-01 1.570747393931978264e-01 1.630037472212647054e-01 1.675087591298107526e-01 1.691755978518062475e-01 1.402277271277703741e-01 1.628747737202591583e-01 1.297957970208845346e-01 1.566917889411158504e-01 1.689026929294155654e-01 1.530094949514589631e-01 1.776210181084176554e-01 1.518050281795040313e-01 1.576004671103252430e-01 1.569140884777878442e-01 1.713142373980986455e-01 1.635013022832410012e-01 1.594561874649835509e-01 1.452991303639148135e-01 1.702003608838839055e-01 1.663988314290384407e-01 1.586171372427876147e-01 1.652292019486773789e-01 1.647891736371940030e-01 1.770601371382098388e-01 1.706141277857197991e-01 1.678452626428692807e-01 1.671036408313437138e-01 1.767228891089499543e-01 1.708794556517526653e-01 1.733321794336846744e-01 1.673546388336450419e-01 1.645794518623609481e-01 1.624898183468019564e-01 1.672382092294584233e-01 1.724617428646657569e-01 1.714568723594238342e-01 1.698236051468666741e-01 1.708477891905742230e-01 1.728026519096652336e-01 1.640202014785655249e-01 1.668417982673931765e-01 1.635713355254834189e-01 1.663454135395721067e-01 1.620659656473213972e-01 1.754148939810684371e-01 1.634026932527642417e-01 1.625375939104721779e-01 1.659882215607246525e-01 1.618790150168337161e-01 1.600789618458708097e-01 1.646468712220507946e-01 1.506575574346957491e-01 1.378018269565342846e-01 1.561506288527589048e-01 1.620413395913820886e-01 1.593161190190035825e-01 1.487858203643769306e-01 1.557807628310924342e-01 1.576751695625612792e-01 1.514449947575086663e-01 1.541276653229843585e-01 1.559528715283769462e-01 1.698249252840295653e-01 1.651273169254028894e-01 1.603947843369457893e-01 1.602556205019908531e-01 1.624790043433477216e-01 1.592941886915448801e-01 1.570455020388195344e-01 1.615965664027771698e-01 1.584827667980464039e-01
1.054741767016737497e-01 1.134666425492491526e-01 1.000000000000000000e+00 3.337977503245945221e-01 2.147943366718499669e-01 2.349282979013291861e-01 3.210375986687455385e-01 3.154164958405379360e-01 3.432179001801293761e-01 2.866711266460236773e-01 3.529157065955424444e-01 3.633118736238142299e-01 3.073271655895543630e-01 2.224030846780445103e-01 3.584949936534011505e-01 3.495482346189380252e-01 3.518827515862640865e-01 3.392303005811745376e-01 3.769349260454986639e-01 2.949252240013195969e-01 3.200267673177177308e-01 4.018258501213037848e-01 3.816299283446439872e-01 3.571004255839805297e-01 3.850067380401209216e-01 3.708700756884754646e-01 3.665396407256486522e-01 3.657647386962458724e-01 3.518473159318039611e-01 3.489034196333400950e-01 3.561693842116051556e-01 3.731899071836073389e-01 3.663805969698675780e-01 3.612887214747640408e-01 3.504591089354723299e-01 3.867413501873561144e-01 3.679233347147463640e-01 3.387293894690927565e-01 3.553693647488792573e-01 3.616778674341551980e-01 3.564800503046049451e-01 3.581527838697617372e-01 3.705136304694922056e-01 3.656293878015854371e-01 3.760898496625287302e-01 3.592050208742318951e-01 3.450993082959449842e-01 3.489707116327613323e-01 3.362471660065812773e-01 3.234097709195025705e-01 3.426515133726649176e-01 3.629226984257042377e-01 3.548395663295931812e-01 3.540448333074709408e-01 3.439551525752475580e-01 3.501566880940234494e-01 3.410612063867244914e-01 3.566259641461537733e-01 3.379079882677534230e-01 3.496835822491551338e-01 3.484977227102807884e-01 3.489020721770446642e-01 3.298892605461077876e-01 3.534470984131716231e-01 3.589442212781251418e-01 3.553078191922143803e-01 3.542966267367257949e-01 3.569767538902006709e-01 3.598088210677118925e-01 3.642087321994966764e-01 3.597094247883275697e-01 3.707557667929543554e-01 3.657167833511195121e-01 3.682048914964692332e-01 3.567963751675136130e-01 3.554334776193714962e-01 3.535745397655160605e-01 3.579354118430195797e-01 3.590252242710876285e-01 3.471119952382039631e-01 3.560671907186961915e-01 3.495113722111149457e-01 3.682494482594547702e-01 3.530865443304808116e-01 3.593981580323040714e-01 3.612291369776532424e-01 3.655251750506401387e-01 3.552732672658673319e-01 3.512788530621125394e-01 3.559875599203662921e-01 3.677364638725438284e-01 3.538792687216452681e-01 3.609475660768426408e-01 3.495763656529574659e-01 3.414029973295613640e-01 3.466909710395207900e-01 3.530033682982898768e-01 3.347462541338338537e-01 3.483164006284987790e-01 3.497816549941933917e-01 3.585160560436774224e-01 3.411875897021445225e-01 3.523331185615852790e-01 3.473574167523281186e-01 3.589783353868014615e-01 3.455706092788578543e-01 3.438632347470780837e-01 3.496384018948064387e-01 3.502988616551057088e-01 3.438486386311275234e-01 3.434865145492980720e-01 3.504092062365491977e-01 3.442646244594432248e-01 3.494491524809362759e-01 3.609027316520759809e-01 3.545920760616867451e-01
9.966330267722461889e-02 9.678485494489379171e-02 3.337977503245945221e-01 1.000000000000000000e+00 3.546550230442394036e-01 3.853893883902423378e-01 5.266820703531901460e-01 5.254012093792777005e-01 5.401691266712164152e-01 4.563670745966968978e-01 5.901717080847412866e-01 6.176857703583359394e-01 5.387648268161154830e-01 4.078770390022889436e-01 5.879072220443124497e-01 5.732498734380558902e-01 5.508197415440931888e-01 4.867646900311655700e-01 5.685223477197368647e-01 4.128453829804973330e-01 5.179990673330050477e-01 6.332132824874769916e-01 5.574356622213487711e-01 5.090745546672620359e-01 5.996456666798727353e-01 5.706400302082856868e-01 5.939054836076974597e-01 5.909247849834012856e-01 5.771530446384169899e-01 5.676313876643838130e-01 5.913942771668169174e-01 5.682852963098878885e-01 5.770427927619141695e-01 5.769021228371902232e-01 5.605461510341408493e-01 6.038334899672155309e-01 5.923855859767642729e-01 5.704441194863606457e-01 5.949410596669681972e-01 5.803437581715972238e-01 5.852756909234534399e-01 5.946860889714923326e-01 5.972077000278677161e-01 6.003695626483783743e-01 6.133376276481982137e-01 5.857881500958019849e-01 5.786535242861983175e-01 5.814054632388765409e-01 5.825376061576093001e-01 5.754235286331220722e-01 5.761505752986206819e-01 6.172874838728003022e-01 5.987114815276809443e-01 5.869879503153107025e-01 5.768994487345862066e-01 5.780117950721331832e-01 5.862551541354499296e-01 5.914435105255158032e-01 5.696800557193814063e-01 5.827401909251035406e-01 5.926018947651910951e-01 5.826593146404962509e-01 5.774577079498007803e-01 5.941274904393716305e-01 6.012428561685857487e-01 6.062802628564889496e-01 5.888226383434853606e-01 5.861136277788087101e-01 5.839239957578933327e-01 5.821411124970888862e-01 6.041370992338052082e-01 6.076179073685260557e-01 5.782790990251062135e-01 5.990842799841268329e-01 5.847232929464029061e-01 5.947015285852748079e-01 5.895234274486602644e-01 6.010991063562267644e-01 5.944280166775218754e-01 5.811564935010095079e-01 5.909877743778914061e-01 5.824010103326859866e-01 6.045665995391173997e-01 5.950803359830794115e-01 6.030348780811163323e-01 5.967817022015698969e-01 5.988126407059005674e-01 5.934290075462193004e-01 5.901760863591328787e-01 5.833284911878670043e-01 5.988942331771819338e-01 5.910667325498201174e-01 5.996296053153975514e-01 5.904503288776319359e-01 5.837802917451562212e-01 5.855568554054363384e-01 6.040481962594731469e-01 6.034340765018336716e-01 5.949996127078350794e-01 5.935135304180527704e-01 5.986068875122554367e-01 5.959623189681401145e-01 6.017473174562720795e-01 5.949049900031110338e-01 6.146565313952189191e-01 5.979411305424198186e-01 5.919056762701817576e-01 5.855855783818798566e-01 5.861735294411400954e-01 5.870964518549550704e-01 5.834519015393817565e-01 5.912500983436156377e-01 5.882172632326054806e-01 5.990245777692193574e-01 6.038332692805208346e-01 6.029974006929506025e-01
5.132555554115039720e-02 8.268721509008626624e-02 2.147943366718499669e-01 3.546550230442394036e-01 1.000000000000000000e+00 2.918261134629830389e-01 4.205251274336160860e-01 4.699953686067223635e-01 4.475325222324643137e-01 3.690679334070406381e-01 4.663266188382899635e-01 4.730650613586040998e-01 4.643227445807004972e-01 3.472117609020085593e-01 4.779325536553872267e-01 4.885071181419480268e-01 4.260260254403878677e-01 3.993983907222101726e-01 4.718664565354420137e-01 3.421044836061536976e-01 4.408412061218476841e-01 4.806564283038271546e-01 4.477535898043957796e-01 4.148977219298098928e-01 4.722309062020687564e-01 4.784810668192688854e-01 4.797963624687377471e-01 4.616382877072924273e-01 4.372210985318893961e-01 4.692188678429849991e-01 4.882106123950255006e-01 4.419688167285298341e-01 4.471827615896413755e-01 4.396855200686509701e-01 4.512035436722106607e-01 4.762643237509535665e-01 4.627259623198905492e-01 4.705946497026289865e-01 4.775538672698573794e-01 4.710253162510448233e-01 4.804136481419218896e-01 4.828896676654362841e-01 4.952481441455864331e-01 4.952797508322073772e-01 4.893579775609636084e-01 4.896941600016237461e-01 4.865990469377797778e-01 4.863702473710205809e-01 4.798473046756427940e-01 4.628075217038313260e-01 4.774165110903255127e-01 4.843877366197552048e-01 4.898040326793879351e-01 4.953960804640283322e-01 4.919973774822022916e-01 4.901978730010312368e-01 4.872221241488331467e-01 4.921653162541653193e-01 4.792098911408878004e-01 4.982442380904719692e-01 4.993066449379010008e-01 4.967894246941086944e-01 4.861109727605304465e-01 4.948344445306609996e-01 4.916871427914998316e-01 4.980994886735768956e-01 4.871582162038829988e-01 4.893203771540126090e-01 4.829124942310764057e-01 4.885774442541284124e-01 4.951193544056055051e-01 4.961655957502273950e-01 4.719642457613563158e-01 4.876334591902960480e-01 4.902000884338754139e-01 4.866331681357309313e-01 4.848631373473518691e-01 4.845816696131214352e-01 4.855574092159326560e-01 4.835525759811634683e-01 4.854838688784229306e-01 4.869274501747530293e-01 4.881568139433087317e-01 4.830079825738400889e-01 4.807272477652017040e-01 4.799307026040621760e-01 4.838391203343259672e-01 4.876378015682469869e-01 4.873967197674065055e-01 4.915482571230160302e-01 4.804801404936828169e-01 4.903193257582941778e-01 4.905194520149329107e-01 4.864034832443279166e-01 4.889105552074743399e-01 4.901423953659733157e-01 4.951883701010398875e-01 4.879581947948810616e-01 4.957067827970578211e-01 4.850157623444056876e-01 4.956045898999168475e-01 4.908386094779977893e-01 4.960586454817394464e-01 4.956469317623178328e-01 4.926643266768732099e-01 4.955113735986500512e-01 4.935867891874232138e-01 4.888451790113018114e-01 4.908127015714003893e-01 4.894682830251295691e-01 4.888892225247238876e-01 4.961170545498809203e-01 4.931360916789089832e-01 4.927705142015511020e-01 4.932465181619200001e-01 4.956422360629688106e-01
-8.893129159199514300e-03 1.277414536971611392e-01 2.349282979013291861e-01 3.853893883902423378e-01 2.918261134629830389e-01 1.000000000000000000e+00 5.181577299315189844e-01 4.677153002580461405e-01 4.866606601550341749e-01 4.523854942161513182e-01 5.351668568098683076e-01 5.499186945302798613e-01 5.069346389197835201e-01 4.280908311807506972e-01 5.824137503168906882e-01 5.614510093963853699e-01 4.906462609694254295e-01 4.635228801493169737e-01 5.131874767938247039e-01 3.948472617597662548e-01 4.817151273467153438e-01 5.370952619482478596e-01 5.253968845304524127e-01 4.806262857301302205e-01 5.362850639866481028e-01 5.494982362539484466e-01 5.530275069260052190e-01 5.654344164339543122e-01 5.448303275162295067e-01 5.717790550797439142e-01 5.845780751175259082e-01 5.350260114286545798e-01 5.489324436183915523e-01 5.299645335555120962e-01 5.402277508134508688e-01 5.364092902778444527e-01 5.686725313114640024e-01 5.639330659562941106e-01 5.805907151580501635e-01 5.707443330266289694e-01 5.857679996953480961e-01 5.864207810602375393e-01 5.758765951091472379e-01 5.884795881978135412e-01 5.863578463170170396e-01 5.859093051526337304e-01 5.872776174393762316e-01 5.860533241881906719e-01 5.748340730005955246e-01 5.588544818672664949e-01 5.769287237920293077e-01 5.564501613334212893e-01 5.726191664742542597e-01 5.763969250040582581e-01 5.669184062028415072e-01 5.798755078446438116e-01 5.460182972999935158e-01 5.838237923756512959e-01 5.773136467838229091e-01 5.736043725033548313e-01 5.815353622096127717e-01 5.773815365101047092e-01 5.737119981812880409e-01 5.767790021513464760e-01 5.629425893768624789e-01 5.730499494813391381e-01 5.850310200086649148e-01 5.872913379788979871e-01 5.807278180437319692e-01 5.825514028710999659e-01 5.901605516582457689e-01 5.901971004053887526e-01 5.691223359936568027e-01 5.865535753242474559e-01 5.867670556613634458e-01 5.964566010819550845e-01 5.973054213148893954e-01 5.990738355159815898e-01 5.927062778664536902e-01 5.894893338968236751e-01 5.925416836997432490e-01 5.912135404292652163e-01 5.871174649780419585e-01 5.907733919079957152e-01 5.833781708000584931e-01 5.824192084034517380e-01 5.924235153694257239e-01 5.920600719876278895e-01 5.933917475157071131e-01 5.873559479324076404e-01 5.911266537413552014e-01 5.938136674394256520e-01 5.941053238564185657e-01 5.940140209848847608e-01 5.905008838153325001e-01 5.920545542124453497e-01 5.897957145376778731e-01 5.749516488953047011e-01 5.917946007835335198e-01 5.913036073641660950e-01 5.958386724116683242e-01 5.865910716599327390e-01 5.883686334787330274e-01 5.916362502851625349e-01 5.873745055639503221e-01 5.799352896573973792e-01 5.903092046775367807e-01 5.901465371055186759e-01 5.909392818887170273e-01 5.897205165166955476e-01 5.915495654724891583e-01 5.894329935089324124e-01 5.900191995062702421e-01 5.905327800494609702e-01 5.777591472444018050e-01 5.859377010412040176e-01
-1.802910850416953106e-02 1.436712476990241460e-01 3.210375986687455385e-01 5.266820703531901460e-01 4.205251274336160860e-01 5.181577299315189844e-01 1.000000000000000000e+00 6.775542654790948083e-01 6.698431558582202960e-01 6.314560912882705157e-01 7.287111953064427938e-01 7.440124771251280800e-01 6.961692327332507091e-01 5.673328916029082292e-01 8.166395240146568923e-01 7.631079627420979117e-01 6.687971311913181172e-01 6.230179931503379009e-01 7.258408996978176209e-01 5.638125391517904150e-01 6.298114230672461344e-01 7.524525315007721815e-01 7.106453567035178054e-01 6.778732708385046823e-01 7.442618219393851708e-01 7.661100506124958187e-01 7.613579257549139001e-01 7.885113767283208341e-01 7.171749830583288299e-01 7.590820614861770732e-01 7.891819395340650134e-01 7.572848524212999477e-01 7.594117991468666284e-01 7.380656693607126062e-01 7.355991633966056931e-01 7.414676963297606171e-01 7.688531912646036082e-01 7.639401479996085209e-01 7.891846898327963267e-01 7.783120565789493073e-01 7.956828415645635921e-01 8.040120169339494138e-01 7.901880745073763812e-01 8.011272411252853276e-01 7.944717084011317931e-01 7.945635542558112663e-01 7.890512300798838696e-01 7.890574764398290419e-01 7.640130337021309170e-01 7.407733458319419872e-01 7.845230107118799090e-01 7.384648257318969788e-01 7.686730429726505998e-01 7.764430768312896580e-01 7.564856995697680775e-01 7.905122181365239475e-01 7.227556488685772385e-01 7.902093591271616146e-01 7.769462549383027161e-01 7.791424980994942073e-01 7.823373710898637867e-01 7.789745395209377588e-01 7.627125142313776474e-01 7.790955438064803840e-01 7.650848690475916536e-01 7.709320837242964464e-01 7.891439107979658640e-01 7.923749050955342099e-01 7.956811704055405388e-01 7.870313256622393228e-01 7.938418426481865797e-01 8.036454574816324081e-01 7.858976922941612875e-01 7.978981486205507512e-01 8.037684737769356103e-01 8.015153964486758653e-01 8.106351914030804906e-01 7.935229778572903125e-01 8.037402688831014608e-01 7.910424778670493984e-01 8.008228292636198065e-01 7.932923123967815515e-01 7.916756723129545481e-01 7.976038365187444468e-01 7.925149887472193733e-01 7.929535720454883307e-01 8.006994896333456957e-01 8.028878570900782607e-01 8.005133761391600711e-01 8.030265892147514517e-01 8.122419194297652023e-01 8.042293665794050250e-01 8.014857042827656652e-01 8.048844430714177101e-01 7.910816147555702615e-01 7.928408172085077421e-01 7.815392624663403121e-01 7.432653300352304315e-01 7.863485922141839612e-01 7.988886829640486908e-01 8.022711746103348140e-01 7.739783404777552667e-01 7.832321448747650017e-01 7.931285907779749289e-01 7.815811891584486526e-01 7.588218317866157747e-01 7.809554450588566121e-01 7.961466314608364181e-01 7.946283883503352241e-01 7.912691454843266969e-01 7.928496957308035498e-01 7.896036314416362556e-01 7.860515672424488454e-01 7.863593613624824119e-01 7.753358514210823005e-01 7.794861861455303353e-01
1.511583542357749534e-02 1.294689458956205241e-01 3.154164958405379360e-01 5.254012093792777005e-01 4.699953686067223635e-01 4.677153002580461405e-01 6.775542654790948083e-01 1.000000000000000000e+00 6.838551255457726574e-01 6.182300516026272286e-01 7.259286913932434526e-01 7.663372902718021962e-01 7.179788677835804434e-01 5.707027905051079708e-01 7.841141580366067787e-01 7.938319212025296556e-01 6.724106255931855403e-01 6.282210416533138275e-01 7.228717378636604352e-01 5.243168304464101981e-01 6.801439451553734639e-01 7.442154908110705236e-01 6.991858321541302157e-01 6.480571979066168664e-01 7.226753094145946799e-01 7.470978053590703327e-01 7.434359336081327596e-01 7.412839635804043814e-01 6.758905632874128155e-01 7.514550985513014369e-01 7.794105705200972123e-01 7.299447673307718487e-01 7.292482391438136480e-01 7.297904475248185863e-01 7.417211366846694354e-01 7.502005613455486888e-01 7.603875024243167413e-01 7.802906481630124125e-01 7.824952484568472588e-01 7.736583184784171507e-01 7.776436363844325683e-01 7.876683557249435363e-01 7.915285544166883458e-01 8.018361719744074856e-01 7.793865133078157204e-01 7.935708525748534914e-01 7.916898749142097236e-01 7.899733494384161281e-01 7.806304555455718663e-01 7.646357948499785673e-01 7.902864372386553260e-01 7.577380424270767634e-01 7.760994716996187925e-01 7.876727708706634523e-01 7.944628754890279421e-01 7.902245482869082460e-01 7.701050268149743916e-01 7.967188751373507349e-01 7.917308532380119557e-01 7.880916184143853531e-01 7.997379651573824910e-01 7.940217452027589218e-01 7.941726950703187349e-01 7.899037578275531768e-01 7.729699067145240354e-01 7.831699225250752239e-01 7.870870348244063397e-01 7.873061163960717312e-01 7.812541233395715601e-01 7.768735426225369389e-01 7.944763257586775484e-01 7.925310143452762857e-01 7.650271587812014218e-01 7.843321554529973927e-01 7.861242320633630154e-01 7.827994527209468645e-01 7.849042925996960740e-01 7.712249467768909073e-01 7.842855936727305410e-01 7.834599548504969091e-01 7.875712344434738776e-01 7.875086548345284765e-01 7.879131565397742287e-01 7.851909727911452475e-01 7.907504680328407698e-01 7.861040486792851834e-01 7.867976706112405072e-01 7.957598490313075867e-01 7.926644787928041058e-01 7.888913305925226993e-01 7.832144693184093232e-01 7.946961079555687757e-01 7.945441508067239145e-01 7.915476281208756459e-01 7.936943631290719336e-01 7.926724063862206071e-01 8.007968151840852977e-01 7.816995816785461404e-01 7.970170963840037537e-01 7.973644986288705994e-01 8.004459179782601463e-01 7.943768869217237016e-01 7.909883748864819930e-01 8.006480308250815137e-01 7.911016594654795009e-01 7.891809619690142164e-01 7.922244087489817010e-01 7.905811430294377162e-01 7.951750113193413183e-01 7.960890009879861839e-01 7.982040694706875605e-01 7.932584048843959179e-01 7.955462761147228390e-01 7.952671677854687982e-01 7.838825800766716645e-01 7.881780801160825911e-01
1.640469111601482732e-01 1.813710284781960280e-01 3.432179001801293761e-01 5.401691266712164152e-01 4.475325222324643137e-01 4.866606601550341749e-01 6.698431558582202960e-01 6.838551255457726574e-01 1.000000000000000000e+00 7.228798453885429964e-01 7.874901469024963019e-01 8.192312763856933744e-01 7.416007824052058828e-01 6.181341260418884431e-01 8.154064696501346354e-01 8.176277591707920012e-01 7.973076551193080119e-01 6.945982142747897381e-01 7.739786444484719752e-01 5.780157514019287346e-01 7.295691499997665197e-01 7.788461605066304694e-01 7.697285484645171039e-01 7.070964861325218509e-01 7.772980735373371530e-01 8.087236114170895940e-01 8.160733246078732961e-01 7.789930437400991448e-01 7.246976899650210413e-01 8.541045785141754276e-01 8.527999479371269897e-01 8.113155750320509840e-01 7.824319231564365040e-01 7.934458818470961905e-01 8.223488077868879031e-01 7.882760181942733979e-01 8.172230730873419891e-01 8.184821890261370081e-01 8.400498396666079559e-01 7.945365225235010431e-01 8.488890088966746239e-01 8.349091442208168568e-01 8.307207179817546194e-01 8.506683109016460742e-01 8.401842743795502333e-01 8.389969128527929865e-01 8.587946400450761075e-01 8.670992727397864863e-01 8.591744358739448195e-01 8.011078215699721783e-01 8.403250982837245919e-01 8.232138469171133011e-01 8.554717451640604375e-01 8.708876542589775172e-01 8.487081873435234902e-01 8.522015481613780530e-01 8.480666020110760872e-01 8.574511663872119716e-01 8.530291284613020775e-01 8.804407560957088208e-01 8.641478580719784697e-01 8.662641638433129510e-01 8.473779980872908624e-01 8.692739764934463986e-01 8.772834164857954420e-01 8.708062145766293227e-01 8.689698812704107489e-01 8.578720695780820416e-01 8.570718079072167095e-01 8.510927647866004531e-01 8.561505636377746420e-01 8.559804992479796981e-01 8.390321341349962214e-01 8.507001981635246013e-01 8.583008313061589734e-01 8.549117658894516136e-01 8.434089196037853897e-01 8.346848161799491628e-01 8.506301693854635415e-01 8.664176499962115141e-01 8.591313326000475925e-01 8.636120501990306453e-01 8.665539022192230156e-01 8.545840574222889341e-01 8.366336896598526307e-01 8.497322501760961044e-01 8.492406790592160748e-01 8.513958971002620890e-01 8.543690879761320911e-01 8.568382370283542659e-01 8.270655647455941173e-01 8.540493455309061677e-01 8.573777743717190258e-01 8.518133856947018856e-01 8.587304256629123556e-01 8.628469179711938386e-01 8.336934384756671257e-01 8.377853664193348759e-01 8.552126841802590862e-01 8.493422494198122896e-01 8.480762578435967480e-01 8.533070435861739300e-01 8.619579529282529462e-01 8.561110716765406581e-01 8.566991599974070892e-01 8.559849924021627476e-01 8.608194063067504676e-01 8.636785955982833052e-01 8.589042420952966994e-01 8.606464657058320311e-01 8.542617506575949093e-01 8.684654365717817681e-01 8.616972399960999285e-01 8.630104351723463241e-01 8.746961010282735538e-01 8.688646218246711683e-01
5.297973985123492768e-02 1.692407558688497904e-01 2.866711266460236773e-01 4.563670745966968978e-01 3.690679334070406381e-01 4.523854942161513182e-01 6.314560912882705157e-01 6.182300516026272286e-01 7.228798453885429964e-01 1.000000000000000000e+00 7.043759592148834958e-01 7.338047834622398735e-01 6.870600843860771301e-01 5.687495590636930665e-01 7.583906261435612306e-01 7.515709592310254594e-01 6.831733313552712517e-01 6.268136676200127821e-01 7.072868894176045362e-01 5.077608010426395424e-01 6.570720265261331683e-01 7.063743191838558477e-01 7.002464762694722289e-01 6.528545974765661564e-01 7.049115882339247463e-01 7.382945235301698883e-01 7.421999896562739840e-01 7.277488839195943582e-01 6.588295611256271833e-01 7.812193651574571573e-01 7.861849926540529498e-01 7.430462195233219491e-01 7.210048197189569130e-01 7.259526369609268226e-01 7.478498406948987931e-01 7.039176926334548279e-01 7.486279489715829127e-01 7.615329264380102936e-01 7.767106498127993586e-01 7.465604950472589652e-01 7.863265235828402755e-01 7.763744030367132343e-01 7.638419036397413597e-01 7.853863436707888557e-01 7.677366671243744944e-01 7.795612746365819801e-01 7.942130225086354578e-01 8.039099846465869170e-01 7.903222555754458867e-01 7.422475309005014399e-01 7.832769817772586851e-01 7.201031413383973678e-01 7.730101933163064931e-01 7.966805343446392573e-01 7.766102842900570735e-01 7.911645887702760671e-01 7.586401058757833438e-01 7.957603888729278818e-01 7.920660765365928890e-01 7.984047531846926171e-01 7.876281251150164531e-01 7.938492763977973432e-01 7.795506558702904876e-01 7.846694519105998911e-01 7.795573985237900239e-01 7.840445126804079790e-01 7.966932393312945448e-01 7.929711916678008343e-01 7.880997169927430601e-01 7.780283374283235576e-01 7.905692032822123627e-01 7.877787006070335885e-01 7.748469350954967361e-01 7.844242092002458033e-01 7.915694664182433282e-01 7.908006554477371441e-01 7.847778345465892258e-01 7.731197856043799943e-01 7.888955400248290895e-01 7.985239549506092382e-01 7.903367893465083061e-01 7.979944112418519975e-01 7.935036890557738420e-01 7.906074422544643321e-01 7.763065731081191245e-01 7.850605145183457978e-01 7.835898761709455540e-01 7.943129282632060972e-01 7.931115902694368947e-01 7.955797872588277198e-01 7.722441895457003991e-01 7.936382227843318260e-01 7.918656097274979766e-01 7.928027488903039988e-01 7.977301352450423266e-01 7.990294194816013329e-01 7.784616299706700326e-01 7.641234194507708910e-01 7.922409674719373962e-01 7.910001165766207265e-01 7.861704097099342370e-01 7.879618686480752698e-01 7.875479092894396294e-01 7.940970416755760430e-01 7.829865173737574624e-01 7.861633034927210106e-01 7.940598285980404736e-01 8.005911030375433279e-01 7.943518435093738228e-01 7.989399123052322027e-01 7.967817996899417832e-01 7.994625667165953242e-01 7.980174897854784843e-01 7.938215200944156447e-01 7.866086173565015605e-01 7.903157570081156269e-01
4.394358730323950218e-02 1.509756328783065371e-01 3.529157065955424444e-01 5.901717080847412866e-01 4.663266188382899635e-01 5.351668568098683076e-01 7.287111953064427938e-01 7.259286913932434526e-01 7.874901469024963019e-01 7.043759592148834958e-01 1.000000000000000000e+00 8.543535980410450481e-01 7.728590408925779531e-01 6.390378945015284806e-01 8.522201490843496208e-01 8.426222532809972687e-01 7.681177252755100326e-01 7.159990404153965260e-01 8.094707391085047554e-01 5.887470859950761914e-01 7.562373029323594675e-01 8.257861712101223217e-01 7.885295589402941951e-01 7.354799196055793464e-01 8.149192993254862349e-01 8.294159270704245523e-01 8.479484666850163332e-01 8.357861529359051911e-01 7.782751741228458586e-01 8.622857460840066546e-01 8.816790730593375702e-01 8.381592689667153318e-01 8.402972234712831057e-01 8.304617042082076406e-01 8.466742455100874087e-01 8.306069290205755351e-01 8.540454596421546141e-01 8.637138413975568030e-01 8.797935370675811217e-01 8.551614640797020606e-01 8.759647131265023701e-01 8.762549749728324455e-01 8.736120408325365183e-01 8.834035542666545116e-01 8.789351094392710007e-01 8.754911610065994054e-01 8.818793841165449843e-01 8.852478577930182890e-01 8.805581965662775401e-01 8.486376778725547299e-01 8.779196727115512466e-01 8.497306206524763983e-01 8.759165631225749316e-01 8.804403161403274725e-01 8.700764637713193084e-01 8.807514536321290333e-01 8.563513642849682750e-01 8.831977458870338138e-01 8.795763199487787176e-01 8.801128973892077267e-01 8.865443491595959014e-01 8.823832990134709009e-01 8.743200827418446952e-01 8.819176309591244545e-01 8.698867206193064971e-01 8.785087390961212606e-01 8.836494976610165253e-01 8.855664802951279668e-01 8.766539538166421286e-01 8.723105562527405654e-01 8.874472202407083232e-01 8.884062199190667641e-01 8.627086657678458836e-01 8.816032553358933432e-01 8.810978090523389206e-01 8.862458002739262986e-01 8.806818985858341220e-01 8.749371082921316711e-01 8.826700669103678676e-01 8.856400749944474127e-01 8.854625019738217029e-01 8.861662681613035053e-01 8.863235943705290998e-01 8.874151342006978416e-01 8.806145942352996414e-01 8.816663352323492742e-01 8.821457929815471610e-01 8.865328698334216107e-01 8.865841436977025536e-01 8.837268993665667871e-01 8.749087649962038471e-01 8.870940518249205153e-01 8.880547261630064027e-01 8.850286941790584949e-01 8.868911431183447158e-01 8.892086331286261913e-01 8.806162573367298796e-01 8.638429049255805792e-01 8.859498197857577084e-01 8.839070434516073105e-01 8.867055833331651815e-01 8.814639102991305153e-01 8.857776552704880180e-01 8.873148658684441026e-01 8.859027143909217195e-01 8.770474132686459923e-01 8.851046382900339404e-01 8.867345928026135748e-01 8.868649424479252419e-01 8.866620518224543890e-01 8.857383267627133572e-01 8.871835212920285985e-01 8.874955317060211346e-01 8.868021632090986595e-01 8.796961361512055655e-01 8.847492084633773457e-01
2.440734055844403713e-02 1.473777829460679312e-01 3.633118736238142299e-01 6.176857703583359394e-01 4.730650613586040998e-01 5.499186945302798613e-01 7.440124771251280800e-01 7.663372902718021962e-01 8.192312763856933744e-01 7.338047834622398735e-01 8.543535980410450481e-01 1.000000000000000000e+00 8.105261823013342193e-01 6.638645016058930537e-01 8.930696378957013737e-01 8.933589364876961536e-01 7.999739034704445029e-01 7.121492384620786709e-01 8.309232550821259444e-01 5.714231399198016481e-01 7.713077797168886862e-01 8.588183059085329196e-01 7.996090722913254956e-01 7.258116800946426972e-01 8.354612441734948769e-01 8.577280967162598246e-01 8.722135960888725004e-01 8.676700772667730321e-01 7.983026423963397455e-01 8.916418408095516668e-01 9.227124879428828530e-01 8.460618220974591708e-01 8.687265736795384274e-01 8.496612415133292240e-01 8.750388596111817741e-01 8.696673084429428213e-01 8.945706212213754283e-01 9.026551013000568835e-01 9.176939920145892327e-01 8.891071561875488749e-01 9.124621211599692749e-01 9.162148959798361858e-01 9.151029499332637984e-01 9.274422234461081604e-01 9.127496679972246785e-01 9.221064468262704095e-01 9.240557858249385248e-01 9.281133667560421685e-01 9.163974309417126651e-01 8.908223157184511631e-01 9.200388416409380765e-01 8.949925090229281510e-01 9.182620764004404412e-01 9.224206897644133818e-01 9.148351790178478327e-01 9.155147752164470853e-01 8.968893646453740542e-01 9.258977366968044187e-01 9.216537325672009562e-01 9.235421445938833962e-01 9.303619288773076201e-01 9.258735351081424092e-01 9.185132219435149237e-01 9.247094610532052839e-01 9.162945565917587354e-01 9.253205512964720603e-01 9.264731638794780899e-01 9.219621655853645903e-01 9.081046399948963233e-01 9.027480381802798215e-01 9.287045681012982001e-01 9.291844083082679839e-01 8.854952828013382682e-01 9.161695619255811884e-01 9.228128707742714321e-01 9.249339178391221550e-01 9.201252876696460747e-01 9.111640937778517912e-01 9.181717558423190262e-01 9.250974720888279768e-01 9.264282184378425100e-01 9.273213777087710996e-01 9.243661272711403143e-01 9.264134869994267163e-01 9.168186930632767906e-01 9.171546882188295058e-01 9.242818372131639260e-01 9.257196492226712481e-01 9.301477485685203384e-01 9.212560394441672296e-01 9.129221527623647692e-01 9.284119839971579635e-01 9.298093549940250613e-01 9.286998800380414920e-01 9.291385186671560215e-01 9.299937254017035526e-01 9.179448615092051789e-01 9.099208200435229266e-01 9.280231549962315585e-01 9.256169247835789315e-01 9.277719291320321027e-01 9.250233587290178638e-01 9.293382971840924434e-01 9.323177846893692111e-01 9.301552410204032562e-01 9.172377336050894225e-01 9.263737500222478660e-01 9.284187051276882041e-01 9.289107750778990980e-01 9.290388500749034995e-01 9.253012655777722584e-01 9.311372206174967081e-01 9.290927094404619613e-01 9.312540354481831928e-01 9.263974673729336029e-01 9.291881501143549604e-01
1.135504646117682821e-02 1.387759250266252242e-01 3.073271655895543630e-01 5.387648268161154830e-01 4.643227445807004972e-01 5.069346389197835201e-01 6.961692327332507091e-01 7.179788677835804434e-01 7.416007824052058828e-01 6.870600843860771301e-01 7.728590408925779531e-01 8.105261823013342193e-01 1.000000000000000000e+00 6.076110651520149064e-01 8.231265228751373231e-01 8.304204594904907033e-01 7.268866198104295684e-01 6.782632771823017270e-01 7.654765918478582121e-01 5.632038861517334460e-01 7.029210787141034755e-01 7.780299591237718193e-01 7.549661746895836023e-01 6.959531543283977717e-01 7.756575609227857049e-01 8.004683048454808159e-01 8.138928152346474043e-01 8.066013628264048219e-01 7.255007296522356652e-01 8.213487963046235407e-01 8.471650887396594554e-01 7.895120691394715839e-01 7.903406150967281496e-01 7.855257351738827998e-01 8.010523688502294570e-01 7.917041796518655694e-01 8.209976322789227510e-01 8.312502575485899436e-01 8.459132104550201037e-01 8.166975694592789603e-01 8.435074183083310917e-01 8.477601420985505509e-01 8.460715466324904011e-01 8.572282534728518089e-01 8.387672141674569204e-01 8.513455708275063927e-01 8.504708462011811854e-01 8.504613128164989488e-01 8.328479357105696979e-01 8.080086054235537940e-01 8.424295178546565843e-01 8.097489731405104196e-01 8.388981523657746964e-01 8.442845323505405730e-01 8.336477858351443171e-01 8.418107206933841402e-01 8.026180006879800599e-01 8.484562971819925581e-01 8.388564882855075178e-01 8.477716565748425470e-01 8.539099311409802384e-01 8.471963226948565628e-01 8.346155880650001357e-01 8.458820875400782091e-01 8.358741165652228133e-01 8.401093484148114410e-01 8.555083558168034008e-01 8.547093125958981075e-01 8.483654185447148111e-01 8.437312554769424988e-01 8.549195162561292749e-01 8.559142314996371903e-01 8.297356741373183020e-01 8.493619537068826109e-01 8.545086377769712804e-01 8.544967492391728481e-01 8.510262642326656968e-01 8.363072706317905558e-01 8.506090498142704348e-01 8.540449539115589905e-01 8.557991130770652433e-01 8.576234824053891037e-01 8.498150432656234043e-01 8.547854859306587283e-01 8.454883493896369062e-01 8.482512620336184472e-01 8.537454416957428460e-01 8.540305618447886493e-01 8.583994568550371573e-01 8.509940686921990682e-01 8.452537982291183916e-01 8.577644302724564129e-01 8.571469933887770898e-01 8.581174431209432907e-01 8.558390479761269765e-01 8.569771845587947912e-01 8.456582321798123969e-01 8.330508788695129008e-01 8.554891526164307702e-01 8.549819167718784030e-01 8.571337458323612379e-01 8.484591191381091191e-01 8.534648201078207652e-01 8.584288822295919053e-01 8.535259717562923010e-01 8.369145788666271235e-01 8.512718873032190103e-01 8.560448744809354693e-01 8.547864451252714657e-01 8.560317431148579681e-01 8.523004340093504050e-01 8.569090346555443549e-01 8.529389460201298734e-01 8.549829933423395145e-01 8.487420771677416376e-01 8.502417438857460263e-01
