1.000000000000000000e+00 2.422262358938621629e-01 2.160747113395398988e-01 6.470380222732369235e-02 8.424193256133728769e-02 2.042672431853129189e-02 6.336355377110333698e-02 -1.020131069460621445e-02 3.031500790570227366e-01 1.558113702546946866e-01 1.357814734733259754e-01 1.883413694939100463e-02 8.556831162999423146e-02 -8.066661761859167043e-03 1.647400507509262299e-02 4.900882000364236574e-02 2.399093434099076327e-01 3.836223220834006353e-01 3.170556481491705325e-01 2.172409968024152094e-01 3.096938700669064626e-01 3.052197280161978443e-01 3.875552979314513813e-01 3.417958258517438397e-01 2.930069483166657385e-01 2.795474413692398130e-01 1.915240019073604083e-01 1.628684042856488046e-01 1.560876231843499329e-01 2.195932779859619266e-01 2.045570581331779547e-01 1.888885684976958079e-01 1.300169725979478941e-01 2.159155501925508480e-01 1.952326143017789617e-01 1.601253571152497501e-01 1.806405459863448804e-01 1.646712341877653793e-02 6.239622272730966507e-02 1.167703305322448284e-03 7.765329007221896673e-02 7.289175832582108459e-03 -3.613338107634974402e-04 4.633494880504162444e-02 1.338050498179726711e-01 3.550383162781656915e-02 2.041150850027641239e-02 5.175979423988993217e-02 4.275254496125682757e-02 1.249166315814866264e-02 1.201101991503404631e-02 1.109760613211642315e-02 3.686076823798311447e-02 1.079989971110607433e-01 1.439271030032026610e-01 1.601042259042327609e-01 9.350380204282195129e-02 1.920214921287745694e-02 5.852413014502434729e-02 5.312743681277366792e-02 2.460042646340942357e-02 7.897914160762742330e-02 3.999942703421891649e-02 4.424633199722823734e-02 1.103099808522099573e-01 9.807388870172829842e-02 6.649627424379996044e-02 1.271267679154164110e-01 1.282879917815694659e-01 1.347570471937600822e-01 1.263479519900756465e-01 1.197781977927111913e-01 1.474119523124211573e-01 1.429541952375374403e-01 1.088177321200658604e-01 1.109502879160073618e-01 6.660350709593251817e-02 7.198413637476989979e-02 6.315895974992638551e-02 1.046562549817816740e-01 1.182213204715235888e-01 8.235290836576635021e-02 1.268907880315255088e-01 9.236506112601727825e-02 3.821021868784184317e-02 9.138754353478155401e-02 8.851732249665730801e-02 2.819493485063382862e-02 2.599476836602966634e-02 1.055826525513386960e-01 3.891510730603428558e-02 1.886083519919731777e-02 5.077057677993029872e-02 1.831908452365575354e-02 1.512871962341442306e-02 3.081059637778480950e-02 -2.759790665070440893e-02 2.869939746292770807e-02 1.872972611963273637e-02 3.224363716585805506e-03 1.801600164474053550e-02 1.743563220984371137e-02 6.077898966803631058e-03 1.112286075751562318e-02 3.976460356644487271e-02 6.467508610210055686e-02 3.136589025013543364e-02 6.008558256216008087e-02 6.892088250367621460e-02 2.464489339738581281e-02 3.113207172198201311e-02 3.317563755139309178e-02 3.907827789036275035e-02 3.847234728527320485e-02 6.396059479061984299e-02 4.609428049094443924e-02
2.422262358938621629e-01 1.000000000000000000e+00 9.190589104549931609e-02 2.926032749308753178e-02 4.728625949529358802e-02 2.368510416217593437e-02 1.249418542706395296e-01 8.896698550093105895e-02 2.289911386584283781e-01 2.356507342978086950e-01 1.467551132082458853e-01 8.676899142343826032e-02 1.305905254549406258e-01 1.256877829567654148e-01 1.174757420707873978e-01 1.332243317274533767e-01 1.614375128164170503e-01 2.122909292780615631e-01 1.870457497629554877e-01 1.236317631904951669e-01 1.562969000854512180e-01 1.788875960070607229e-01 2.817848471886850170e-01 2.093199143594500211e-01 1.986257999391765339e-01 2.360089289645688759e-01 1.920495974869138311e-01 1.976855171838971803e-01 1.866329289779096179e-01 2.017596096711638531e-01 1.763982299040162405e-01 2.034102537613413086e-01 1.808454193134377275e-01 1.796840666393696995e-01 2.095849540654035337e-01 1.494175996770224224e-01 1.871418849257898975e-01 1.471996589654941123e-01 1.512050670631697180e-01 1.153490410573026620e-01 1.631972070925802876e-01 1.406811207614758474e-01 1.071487004614450345e-01 1.270110772426989720e-01 1.590779293307603981e-01 1.431515526252283843e-01 1.457241065898939036e-01 1.682815987356664489e-01 1.478690519698655503e-01 1.069462063411023012e-01 1.364250708325207284e-01 8.869603667182952844e-02 1.178430445054081815e-01 1.914438316833093345e-01 2.056268344771672585e-01 2.124666315654440973e-01 1.541700089807971907e-01 1.420476161193625353e-01 1.627860777150431371e-01 1.463319387574671671e-01 1.323298181369833015e-01 1.618698348933231279e-01 1.521336800711804993e-01 1.407346838177521431e-01 1.564644431408347969e-01 1.483305844186139644e-01 1.608684080052726340e-01 1.800371657685417015e-01 1.973394141233497934e-01 1.684206311903177766e-01 1.644619513242881192e-01 1.629042958707469235e-01 1.864212776172740338e-01 1.817754403856980949e-01 1.812409086694850013e-01 1.797061663566874301e-01 1.653161035925583278e-01 1.721149072693256565e-01 1.540254223331584960e-01 1.769814517588634839e-01 1.755606638219894822e-01 1.592377058356801434e-01 1.932048489967124472e-01 1.814797057318801865e-01 1.394531704843960940e-01 1.613695257861604282e-01 1.611344582969410633e-01 1.523536585824033784e-01 1.449269390483078346e-01 1.926824122759379920e-01 1.495632628089758887e-01 1.422977883066795235e-01 1.442275869638350305e-01 1.404702980015924141e-01 1.443730737927346741e-01 1.571000085609066954e-01 1.092995429169140026e-01 1.282587565417636633e-01 1.408103373516562118e-01 1.332730079746084484e-01 1.377571911674936866e-01 1.426307347726827046e-01 1.250680705711156027e-01 1.315663627496786170e-01 1.368255657973010131e-01 1.549025659047175707e-01 1.464951064636608735e-01 1.726776482615164365e-01 1.771386380198163857e-01 1.484703334573073963e-01 1.519710165986103978e-01 1.469408864735021747e-01 1.540967305604256654e-01 1.499772614722851005e-01 1.507940112899186225e-01 1.472265325902604172e-01
2.160747113395398988e-01 9.190589104549931609e-02 1.000000000000000000e+00 3.253474977495997011e-01 1.932590720608679813e-01 1.637500683585762229e-01 2.601887946611949887e-01 2.209054295011437241e-01 3.498312845829419371e-01 2.664284750961083414e-01 3.492542271592843917e-01 3.165330582167429907e-01 2.758124648841754345e-01 2.225784428390270575e-01 2.831525825836873067e-01 2.910905081351576329e-01 3.564563072086793794e-01 3.724433971316221670e-01 3.894256069281433752e-01 2.572316260886601813e-01 3.759698099192020915e-01 3.890203982128385141e-01 3.509732328843054860e-01 3.735229726093672875e-01 3.789803557917466037e-01 3.673780368717451394e-01 3.728239532159162706e-01 3.370935187405038613e-01 3.318024541971371644e-01 3.632880963419409248e-01 3.987982124722874722e-01 3.372074084937578542e-01 3.081149384919101841e-01 3.439892372904514439e-01 3.390796490548820263e-01 3.432999802083664398e-01 3.463450286547458123e-01 2.763446178025076305e-01 3.165466454353840775e-01 2.604774357219469261e-01 3.086043566615608302e-01 2.889282972698286045e-01 2.851153126401282933e-01 3.139801053776357098e-01 3.569180955429528956e-01 2.963014749357174016e-01 2.879537664519762896e-01 2.866790137829393070e-01 2.828382773303060871e-01 2.720342326230405505e-01 2.729531527990566309e-01 2.953465539430618070e-01 2.906021434780096668e-01 3.074022787446590299e-01 3.184643786893227024e-01 3.253690663473930988e-01 3.072065529270893713e-01 2.880630160360755365e-01 2.991095529394084962e-01 2.973475614029421621e-01 2.935740968856197508e-01 3.068772518556384665e-01 2.904798903452731063e-01 2.874344543789471018e-01 3.345334079179543840e-01 3.248615342459822419e-01 2.965117774853869292e-01 3.307365312744768859e-01 3.150099315132890432e-01 3.165807162546876996e-01 3.357216332718861995e-01 3.409093462563524413e-01 3.274562322260604064e-01 3.397042977330871349e-01 3.215161383598479916e-01 3.283549587882758636e-01 3.074913349585206568e-01 3.046863667051797342e-01 3.108135331214848529e-01 3.268573244216309015e-01 3.339981441495637471e-01 3.294720534987800598e-01 3.117898754706029396e-01 3.026492040324662014e-01 2.859795896070347343e-01 3.171911431676460724e-01 3.226244766746292902e-01 2.865435240095040581e-01 2.869940619207951849e-01 3.090499033368634962e-01 2.827727475335955476e-01 2.833036868731824698e-01 3.132876784065170561e-01 2.880515619082345546e-01 2.775054838623755016e-01 2.805396594355987205e-01 2.609255932054882487e-01 2.827951487268484665e-01 2.785759635338230233e-01 2.761817637640299195e-01 2.860868575105388056e-01 2.853410998511367036e-01 2.845442038293244935e-01 2.870649526585951072e-01 3.012146481329379122e-01 2.899599073296100227e-01 2.810397032785140747e-01 2.883195564414091083e-01 2.949807329709868142e-01 2.857794345489363952e-01 2.870497184262626456e-01 2.850112191671523298e-01 2.866967328159317208e-01 2.876273656377975607e-01 3.067055867059576002e-01 2.922359260175158568e-01
6.470380222732369235e-02 2.926032749308753178e-02 3.253474977495997011e-01 1.000000000000000000e+00 2.779348020989734769e-01 2.165171182865926469e-01 4.119891785760732561e-01 4.425192207565932234e-01 4.441195620353848850e-01 3.800678508187959048e-01 5.031523110745537153e-01 5.476265261846708921e-01 4.489302959134066628e-01 4.045358546705233871e-01 4.953286008526415762e-01 4.997644779138500915e-01 4.674382520809181041e-01 4.033445353769248842e-01 4.268342201819087522e-01 3.631892579056504311e-01 4.300747669303073839e-01 4.229459084263346713e-01 3.680309719167325078e-01 3.880917496418099244e-01 3.968824606783301068e-01 4.185802312641577760e-01 4.868254446315031791e-01 4.704137022777215016e-01 4.275974610577798485e-01 4.829781482882417598e-01 5.283806173158639430e-01 4.866341900177652557e-01 4.744477457863959247e-01 4.422797095577161719e-01 4.703409389318358169e-01 4.966610205862713734e-01 4.586209173012674167e-01 4.753668085014735589e-01 4.976591943659318118e-01 4.713869625718820067e-01 4.834466494416156390e-01 4.955565915533340360e-01 4.949755195152644172e-01 5.257270259555429925e-01 5.291033069430376434e-01 4.909976319392244104e-01 4.918782223097319939e-01 4.765652869985829154e-01 4.976950402560794129e-01 4.915605605221427532e-01 4.828726456184748717e-01 5.081519777518819225e-01 5.090552810810399231e-01 4.668920463005585275e-01 4.633596759254500208e-01 4.602606963363710113e-01 4.972345920356727733e-01 4.879761461517415633e-01 4.822983219500412422e-01 4.963802974136367063e-01 4.997448550182092553e-01 4.920728464114744183e-01 4.872657736068294887e-01 4.965413352628412769e-01 5.043066176245362131e-01 5.126086903453372923e-01 4.862620354782560828e-01 4.892901620948150176e-01 4.777806265306581146e-01 4.911581550249468631e-01 4.856856150268236694e-01 4.911876802834358458e-01 4.723474925528863833e-01 4.805220790795450281e-01 4.881702442726260083e-01 4.974262487035562286e-01 4.959127574744460198e-01 4.775239236391291553e-01 4.903557719813851357e-01 4.875182030290823865e-01 4.922774453330126532e-01 5.097407512823786124e-01 4.762148090838136394e-01 4.785995583903211448e-01 4.876325689352827286e-01 4.872486126941987794e-01 4.978134953890716585e-01 4.833663234949023835e-01 4.871977986438346675e-01 4.702924895333522315e-01 4.832858523733835066e-01 4.895728201630270560e-01 5.087144225286984733e-01 4.980232286290615096e-01 4.842462542982622353e-01 4.813634101485689265e-01 4.892738699455026485e-01 4.969010304367186270e-01 4.893305792904512064e-01 4.857065898431304207e-01 4.938899567454944628e-01 4.886884635132265897e-01 5.037362809040456524e-01 4.982542731248395529e-01 5.083081663312459808e-01 4.888116305006907636e-01 4.864051155856396469e-01 4.764630139706414469e-01 4.736792525185106739e-01 4.854756387691235853e-01 4.876023886867409396e-01 4.881790117117460470e-01 4.886127260239966907e-01 4.906043146577008796e-01 4.967996014388185166e-01 4.954503747308618422e-01
8.424193256133728769e-02 4.728625949529358802e-02 1.932590720608679813e-01 2.779348020989734769e-01 1.000000000000000000e+00 1.915820742807270161e-01 3.904132987650981157e-01 3.753652707833087243e-01 3.758635898896255378e-01 3.694240651480776849e-01 3.689056788713581114e-01 4.064559002193595116e-01 4.008996085003330156e-01 3.284634999820154611e-01 4.371863268001480729e-01 4.344730818709878206e-01 3.789076748720551779e-01 3.417564437242749387e-01 3.680187690630336017e-01 2.492979150794305820e-01 3.418939017198275310e-01 3.769627831804127638e-01 3.236737418799985888e-01 3.247567882748062518e-01 3.452236621317903986e-01 4.077992925787137235e-01 4.109324463171428188e-01 3.989621376829109445e-01 3.543323290854102359e-01 3.970113507655876339e-01 4.241905280229394393e-01 4.027961595158730534e-01 3.885479320264205172e-01 3.874143367512967728e-01 3.943502394163826974e-01 4.235752980208895568e-01 4.063688179138243983e-01 3.913871525500962623e-01 4.173261160106295775e-01 4.037859112169365217e-01 4.154690672510536475e-01 4.113141141179633142e-01 4.391991901349582839e-01 4.354816556308393483e-01 4.327124542182219091e-01 4.161279647224672695e-01 4.116773247784653034e-01 4.045263680038432286e-01 4.164011574256728521e-01 4.036898344516393622e-01 4.045169379225089235e-01 4.280821639876586371e-01 4.381758073887009330e-01 3.985337305485175952e-01 3.978186910555275846e-01 4.012596862399384068e-01 4.138783448903161633e-01 4.095773893528810716e-01 4.058741656554112343e-01 4.256451575378825125e-01 4.275164832564794515e-01 4.136383705888782014e-01 4.047155216036080194e-01 4.091462890417857379e-01 4.342291848102837193e-01 4.323359802804747076e-01 4.097505097043983580e-01 4.152732162421357009e-01 4.031417446298967144e-01 3.941191399164806208e-01 4.141080128376929959e-01 4.226279050554902494e-01 3.985520065884148866e-01 4.048041526353765573e-01 4.253814020430673470e-01 4.248012755705601884e-01 4.127720715311405386e-01 3.971887088553479606e-01 4.136320935000282750e-01 4.074538384145965919e-01 4.156242016943247353e-01 4.216227194008486667e-01 4.034018219618207834e-01 3.984416696557243620e-01 4.127508802413794586e-01 4.175783900970473916e-01 4.227445913362797847e-01 4.031347455503219157e-01 4.111071575392192257e-01 4.060225109116366027e-01 4.094930097144898751e-01 4.102306505495913469e-01 4.278184776865740502e-01 4.170248260476980828e-01 4.062750277567537260e-01 4.061302044608231521e-01 4.095258310585682127e-01 4.101671226363457490e-01 4.172985694897077824e-01 4.088667546353219606e-01 4.256195033485576373e-01 4.026709137386036974e-01 4.200440416560908274e-01 4.180864305011161020e-01 4.246333157082469723e-01 4.038162843341322472e-01 4.104151813025642692e-01 4.013919810548295941e-01 4.042368375236973232e-01 4.091188695796149632e-01 4.073583224487796195e-01 4.132621075871374949e-01 4.095373494960774519e-01 4.111686361771461629e-01 4.183462117912734035e-01 4.148273100927975521e-01
2.042672431853129189e-02 2.368510416217593437e-02 1.637500683585762229e-01 2.165171182865926469e-01 1.915820742807270161e-01 1.000000000000000000e+00 3.546257749068860710e-01 3.149918286249062116e-01 3.277096270281990020e-01 3.113311010355237496e-01 3.415131085795519716e-01 3.768715574720090666e-01 3.439978936413085053e-01 3.165527580876891234e-01 3.979368470884938058e-01 3.856024619662247188e-01 3.633778308267173740e-01 2.855927598914610455e-01 2.991861903926782973e-01 2.669777481299268618e-01 3.022011251832412704e-01 3.129500901330332097e-01 2.414977050712159568e-01 2.895473043759411169e-01 2.818510457446185558e-01 3.407679872231914597e-01 3.784276393903737157e-01 3.791045869059580520e-01 3.894122824794358784e-01 3.724256206393221080e-01 3.978197837415627935e-01 3.652170393722301012e-01 3.755410885989977632e-01 3.721901106222393896e-01 3.592342872670488685e-01 3.996073865299594741e-01 3.874971621693176771e-01 4.040836179343001433e-01 4.095521552128761900e-01 3.909733144485485479e-01 4.041522557398370408e-01 4.063967848787900516e-01 4.055395002167624940e-01 4.130920768095734941e-01 4.096853372155227491e-01 4.053326074977894877e-01 3.933898523389799395e-01 3.937690110985475056e-01 3.967604404532651396e-01 3.848741726314152678e-01 3.955239067367395389e-01 3.870477154490773453e-01 3.883257387429001617e-01 3.779248410835842620e-01 3.645804549876004441e-01 3.641827055386040457e-01 3.907215138823518230e-01 4.026159757097454994e-01 3.985648105135319308e-01 4.024835755590669417e-01 4.055326840784828080e-01 3.975803807582179994e-01 3.950439479638948037e-01 4.108995743952511548e-01 4.003062939377934892e-01 3.990407883239713849e-01 4.006629693965057526e-01 3.918744941589029085e-01 3.786218597270105679e-01 3.958900237608762862e-01 3.879357502362377752e-01 3.959356614930363838e-01 3.857159651853264704e-01 3.789950453187364565e-01 4.029526856330241658e-01 4.120396545939307154e-01 4.074714350604248803e-01 4.151000475483934138e-01 4.051361912975758872e-01 4.002848270852808477e-01 4.001792521976598738e-01 4.102365482618227088e-01 3.873662055928286940e-01 3.906553987470246514e-01 4.002898616726229264e-01 4.023149171254267742e-01 4.052436938411171918e-01 4.024685438926833836e-01 4.077086006153466391e-01 3.864122455926176647e-01 4.032402204435440729e-01 4.032517807905978691e-01 4.129409356154883359e-01 4.088991347357638362e-01 3.985083084520742447e-01 3.958346304683256767e-01 4.033066147383276845e-01 3.944491027336927136e-01 3.990504798339553072e-01 4.016916708840382877e-01 4.073522210114504105e-01 3.991548401188000916e-01 3.927418021527566694e-01 4.060844131260947787e-01 4.078075626046801516e-01 3.944738336970368131e-01 3.977287151259348286e-01 3.901809825076290594e-01 3.903895487019492516e-01 4.021683558468652775e-01 4.003404824646261684e-01 4.005396389777022281e-01 3.981078569431629188e-01 4.033740367949029682e-01 3.971470303101041210e-01 3.948296136167562809e-01
6.336355377110333698e-02 1.249418542706395296e-01 2.601887946611949887e-01 4.119891785760732561e-01 3.904132987650981157e-01 3.546257749068860710e-01 1.000000000000000000e+00 5.784587959872841134e-01 5.971094587269887288e-01 6.146669116344898320e-01 6.199315766779572856e-01 6.714650548026290799e-01 6.340940364082150449e-01 5.933752531078622106e-01 7.550440864992634671e-01 7.083242562868349301e-01 5.961459199400898079e-01 5.028505610125050262e-01 5.518019694801623576e-01 3.951479323832483015e-01 5.013870643122533277e-01 5.807859596320595896e-01 5.051107463347594972e-01 5.238244042995575667e-01 5.628098226707698437e-01 6.657027960589155802e-01 6.900449694197329231e-01 7.196774645597328046e-01 6.350067879523632053e-01 6.676812899464334983e-01 6.937399374387481776e-01 7.050177420536249961e-01 7.243717500033243217e-01 6.769671498258058584e-01 6.958191715161049506e-01 6.899405420160688029e-01 7.016173566106282955e-01 7.362020087625322784e-01 7.407579271312557667e-01 7.364395444451811157e-01 7.351363931716620170e-01 7.418905920196917636e-01 7.380408431903410227e-01 7.520605752957841839e-01 7.331241005634200336e-01 7.457859009545343421e-01 7.212120000263042563e-01 7.192690827032528489e-01 7.149297626611902379e-01 7.064926771231543334e-01 7.245501961577627270e-01 7.001635387353578599e-01 7.142000111690472997e-01 6.940570012532814026e-01 6.877339466717037331e-01 6.904242697219634683e-01 6.906235169987584577e-01 7.238704054879327998e-01 7.226589367093977367e-01 7.184357149156935796e-01 7.203410202033462273e-01 7.111045830462947581e-01 7.085486094986638284e-01 7.023629566355215070e-01 7.022612000040833191e-01 7.027758418237276539e-01 7.185760080039466091e-01 7.071829132205519342e-01 7.096731336077964913e-01 6.776913431138940069e-01 7.007269082398289717e-01 7.201300675513874205e-01 6.922536030699596443e-01 7.034850513259591764e-01 7.404012071421818275e-01 7.367936206946814615e-01 7.422259053873916379e-01 7.172332718452852918e-01 7.342789904414925850e-01 7.157440791538948188e-01 7.266568697084148098e-01 7.272345303550367124e-01 6.999708970029759891e-01 7.290997262830655190e-01 7.366807129455791303e-01 7.289770840539359087e-01 7.284937292168833789e-01 7.350502052443236289e-01 7.371670855099555775e-01 7.097923065225517636e-01 7.436716376538642370e-01 7.364400847721119803e-01 7.404490618946236724e-01 7.377543890157868267e-01 7.201696627211168211e-01 7.208792019343929214e-01 7.230998167735717130e-01 7.080677895737115257e-01 7.222296282718749794e-01 7.293262754510513313e-01 7.362153501775146047e-01 7.158404711868660009e-01 7.180743003451128814e-01 7.299848887104407602e-01 7.215054669502297680e-01 6.989348446640927248e-01 7.201850745542731635e-01 7.145266049311859158e-01 7.188890948248904955e-01 7.199821864650860492e-01 7.248533762170569217e-01 7.185858387179338003e-01 7.164794796038100877e-01 7.175875049176602127e-01 7.141707826401340053e-01 7.075633626428943224e-01
-1.020131069460621445e-02 8.896698550093105895e-02 2.209054295011437241e-01 4.425192207565932234e-01 3.753652707833087243e-01 3.149918286249062116e-01 5.784587959872841134e-01 1.000000000000000000e+00 5.632452682028921132e-01 5.793449830588904836e-01 6.112664499074305091e-01 6.928852156012248464e-01 6.252885620107351272e-01 5.882206080488615596e-01 7.297894745196478183e-01 7.361978141769881523e-01 5.909651535592614913e-01 4.340268392532323771e-01 5.048874294844843957e-01 3.964015634424428725e-01 4.712565741758142357e-01 5.225582902164768173e-01 4.485124745517932721e-01 4.486047808704655138e-01 4.898506919321533037e-01 5.797972472789437726e-01 6.186489292892719538e-01 6.266564628222900390e-01 5.691304068561401364e-01 5.824924124009343007e-01 6.333265464853425897e-01 6.542297571132886791e-01 6.493951194778257996e-01 6.140422053232919009e-01 6.120665622900344216e-01 6.487984803322988103e-01 6.289402572648358225e-01 7.172967381211550197e-01 7.149535746297551730e-01 7.101590367462661257e-01 7.024428046857971175e-01 7.266672510859332190e-01 7.353781416867809506e-01 7.284383897847638289e-01 6.858611531381407778e-01 7.157499445949236927e-01 7.252414309987799124e-01 7.124442006967027785e-01 7.198560768027529866e-01 7.079319551670406607e-01 7.208262517885194454e-01 6.945541940484556420e-01 7.169488683594050782e-01 6.854192701796014697e-01 6.664090110542549850e-01 6.691532704846792079e-01 6.990844389640625822e-01 7.326933982652160671e-01 7.177808089796271496e-01 7.199188110574795685e-01 7.314561824558794001e-01 7.086023720056973119e-01 7.196351856860780938e-01 7.141900746082009421e-01 6.924430277687754209e-01 7.022457545057062545e-01 7.140212331214915720e-01 6.819962593666449857e-01 6.727855042721923029e-01 6.676060270674575303e-01 6.739210702493946270e-01 6.895596989330207149e-01 6.588948649062298379e-01 6.661235143156142291e-01 7.020409912410082720e-01 6.944381438343903978e-01 7.079421155409686417e-01 6.868829023695254277e-01 7.018916601825690993e-01 6.776341093923219372e-01 6.803108653681362306e-01 7.046968836690290505e-01 6.897839594311386824e-01 6.808698277109687114e-01 7.179304338738450308e-01 7.056451774284254741e-01 7.046107510118324591e-01 7.220172886450275662e-01 7.215243996353856160e-01 6.960537681872092097e-01 7.124605700866435409e-01 7.254120404595894023e-01 7.218830344791871134e-01 7.251882941061376098e-01 7.231050705851328475e-01 7.177960216882566247e-01 7.376158306082548632e-01 7.194136443864890262e-01 7.296220754801560071e-01 7.291275694398867691e-01 7.337662864106476723e-01 7.304526475039651023e-01 7.272439276175257650e-01 7.329477607609492518e-01 7.241191492246679129e-01 7.078483868456675321e-01 7.220434606815713252e-01 7.075228505505882781e-01 7.070717033418923991e-01 7.261756255873257349e-01 7.298900543573927369e-01 7.219713227378131704e-01 7.216296354119839940e-01 7.242305847349443937e-01 7.089631209228121067e-01 7.145046937405648002e-01
3.031500790570227366e-01 2.289911386584283781e-01 3.498312845829419371e-01 4.441195620353848850e-01 3.758635898896255378e-01 3.277096270281990020e-01 5.971094587269887288e-01 5.632452682028921132e-01 1.000000000000000000e+00 7.203343184640068619e-01 7.256670238852703791e-01 7.157367555278297822e-01 6.793384737499947867e-01 6.071463249273605367e-01 7.358241321008285318e-01 7.320617293452976737e-01 7.778646397098342158e-01 6.811564509889128649e-01 7.167120110170794867e-01 5.512582504559654373e-01 6.692460681864741412e-01 7.161958488508427534e-01 7.030066920911837158e-01 6.742691206376442148e-01 6.908328549859246159e-01 7.837175821721842350e-01 7.715930390993699373e-01 7.568949196280472247e-01 7.065291688312287377e-01 7.802316927669888935e-01 8.045020524493470271e-01 8.007007964556850377e-01 7.422204767232225553e-01 7.662247081540344285e-01 7.651749431661877265e-01 7.601146880185256638e-01 7.866356111586402244e-01 7.575641909934982543e-01 7.888241364710274484e-01 7.132731790935619154e-01 7.942402007908482275e-01 7.595152904641490066e-01 7.313132564011177728e-01 7.799503442532801367e-01 7.979286016512758817e-01 7.714364535414151014e-01 7.903443340451090648e-01 8.075592111392438932e-01 7.942297462654446250e-01 7.337019307047284444e-01 7.628487010949167590e-01 7.137522557097917275e-01 7.592665383597008155e-01 8.189553320512422685e-01 8.159528942584832745e-01 8.178120097505499064e-01 8.037186150675801333e-01 7.782170927295809504e-01 8.018152523364555639e-01 8.031217874221651121e-01 7.805821374954888814e-01 8.112276609153897811e-01 7.865705726210824311e-01 7.907502539045586643e-01 8.173440812561399982e-01 8.173416527633368123e-01 8.057765593190943099e-01 8.117980729062482803e-01 8.087724280157219114e-01 7.993632246777544470e-01 7.993811548389740951e-01 8.107953190484162853e-01 7.968311705725658056e-01 8.018753283385403607e-01 8.151643924450969747e-01 8.151549085253779747e-01 7.975544502172994266e-01 7.854067277851687345e-01 7.918490050929326562e-01 8.109960420948096882e-01 8.133747877847589125e-01 8.108906846085525144e-01 8.203061637455864030e-01 7.974557900973343605e-01 7.775778895050745598e-01 8.049235185425642758e-01 8.092796502685576376e-01 7.862466775222223259e-01 7.847687387283185378e-01 8.110027756483728645e-01 7.790954761177070198e-01 7.840273617403545892e-01 7.952606383228219000e-01 7.838094238729402807e-01 7.853550899313531675e-01 7.933167085636154692e-01 7.425684800053511392e-01 7.753862105236225544e-01 7.815468243585205199e-01 7.709282460288482408e-01 7.748598863723400454e-01 7.817553510656977123e-01 7.721261995674664202e-01 7.789076796697720351e-01 7.916275160996508742e-01 7.952442378387303279e-01 7.919907232716538736e-01 8.022391566684042852e-01 8.029827199902020984e-01 7.901999687555441021e-01 7.908087122260518687e-01 7.946664148586607412e-01 7.943564233241741102e-01 7.972349292606770721e-01 8.061028655948079269e-01 7.961919960895453841e-01
1.558113702546946866e-01 2.356507342978086950e-01 2.664284750961083414e-01 3.800678508187959048e-01 3.694240651480776849e-01 3.113311010355237496e-01 6.146669116344898320e-01 5.793449830588904836e-01 7.203343184640068619e-01 1.000000000000000000e+00 6.766149800697254246e-01 6.912804239564162012e-01 6.762811134141790692e-01 6.124234084699111680e-01 7.439929650843756237e-01 7.402948238292926808e-01 6.913873641901681077e-01 5.899761096390438997e-01 6.138234247589168247e-01 4.989940280934521688e-01 5.733121585031168976e-01 6.243427884263037519e-01 6.216135952006056620e-01 6.004892835052625388e-01 6.082763991262705172e-01 7.236900564179304940e-01 7.239396360965383304e-01 7.320957526460403209e-01 6.580726108546937070e-01 7.176891469012016689e-01 7.515013814228501676e-01 7.737626514905010522e-01 7.379760954491741964e-01 7.254361142556411401e-01 7.339663508824323390e-01 7.383672309133972878e-01 7.480443798924725218e-01 7.654718742447642610e-01 7.738742283489041807e-01 7.392108755535009568e-01 7.881021022615914973e-01 7.682095225258727123e-01 7.508560908300989656e-01 7.702471623744922002e-01 7.724679755758477873e-01 7.682639366317324248e-01 7.793844473903511760e-01 7.921020241926083338e-01 7.749309877814234415e-01 7.256616837689019439e-01 7.605077548629253226e-01 7.085293642344542286e-01 7.449249038205359996e-01 7.840941326054881033e-01 7.737022450717139233e-01 7.802078609393833242e-01 7.664743773327479248e-01 7.724316310721163203e-01 7.833471909583287207e-01 7.801223155955435695e-01 7.753381976167947887e-01 7.795746622111100477e-01 7.679436629081294319e-01 7.709623363882632807e-01 7.744019510726236621e-01 7.758829115755493389e-01 7.849022570443339175e-01 7.757273729816954733e-01 7.862677753183020535e-01 7.650901577945519172e-01 7.604492450267088532e-01 7.701785694381919622e-01 7.685308427903646544e-01 7.628026230102493699e-01 7.919019599592649339e-01 7.900363130844334503e-01 7.835905056582997963e-01 7.618079533139999748e-01 7.747285733465690827e-01 7.823558293362229410e-01 7.846594868768013153e-01 7.854398128569618498e-01 7.857054706331536575e-01 7.826547742771068350e-01 7.772327217422082546e-01 7.841603804525691945e-01 7.862990805086094159e-01 7.823458180470421741e-01 7.807711066254882093e-01 7.871855691375283515e-01 7.820142668445860812e-01 7.806389581717301240e-01 7.837754133933939604e-01 7.774156257507064405e-01 7.774011421067976713e-01 7.830304434278072545e-01 7.538035799146235449e-01 7.565051492969827596e-01 7.732574592586130002e-01 7.711973984194328002e-01 7.767292099780311876e-01 7.706660543438724753e-01 7.646691269850856010e-01 7.736821836776778261e-01 7.743826369224907635e-01 7.700382760512179958e-01 7.778718323752948915e-01 7.858515633893728980e-01 7.867269183318799097e-01 7.799604374658906103e-01 7.820302545481624401e-01 7.798594556644461440e-01 7.812298118342110298e-01 7.799684328194165239e-01 7.787794026941441405e-01 7.732497547264357562e-01
1.357814734733259754e-01 1.467551132082458853e-01 3.492542271592843917e-01 5.031523110745537153e-01 3.689056788713581114e-01 3.415131085795519716e-01 6.199315766779572856e-01 6.112664499074305091e-01 7.256670238852703791e-01 6.766149800697254246e-01 1.000000000000000000e+00 7.901915874576551646e-01 7.008055271584675561e-01 6.444283321426254041e-01 7.817192361282422342e-01 7.813025325773772511e-01 7.466311651253472181e-01 6.391913872924750439e-01 6.884267279685296614e-01 5.118654086465599384e-01 6.241705637682571917e-01 6.898876640431185203e-01 6.503553465995193239e-01 6.547428093245836189e-01 6.858442607863886042e-01 7.424667659993804403e-01 7.754430280497262018e-01 7.641778302457187255e-01 7.126712034441587962e-01 7.702674531593991514e-01 8.206112443695083858e-01 8.058434710649862165e-01 7.642228368083785472e-01 7.647040493740578926e-01 7.727760077617779055e-01 7.740034169716368817e-01 7.917997178551068327e-01 7.934186789353984137e-01 8.189482662947831226e-01 7.694986559812524440e-01 8.093291221059304430e-01 8.072984427076628222e-01 7.837437342512687533e-01 8.245484482596874276e-01 8.179727450374444375e-01 8.090410806181970171e-01 8.200716830762437848e-01 8.193555477748498683e-01 8.152567258427486641e-01 7.705627850749136032e-01 7.968358345480676119e-01 7.714448931902350148e-01 7.988183662482546410e-01 8.174860910048006302e-01 8.104135439651879436e-01 8.136637122637137010e-01 8.126527033034081082e-01 8.184014259591709806e-01 8.226300280872541615e-01 8.246449868067424749e-01 8.157488151646102859e-01 8.225601436535028288e-01 8.131922378050604472e-01 8.071709835287160795e-01 8.239443736552087838e-01 8.284470776825445526e-01 8.240784655697325212e-01 8.289780541488825927e-01 8.231025463184505897e-01 7.963768524219061451e-01 8.116013431903579267e-01 8.296830785787487894e-01 8.091670486661630690e-01 8.181213626163021946e-01 8.287469355616511324e-01 8.317984684639387893e-01 8.238458996971577131e-01 8.041448660039955953e-01 8.222167175300598707e-01 8.248975597331481557e-01 8.306833935556318105e-01 8.360593457125656824e-01 8.229415825934313089e-01 8.142544584321869117e-01 8.093549189775109953e-01 8.238506926066466729e-01 8.279759226626647317e-01 8.162253564596578803e-01 8.191865654688198495e-01 8.192527631191119930e-01 8.135908413415886553e-01 8.188672860600035852e-01 8.301717533281323114e-01 8.208889451898717660e-01 8.163365131770753402e-01 8.195391594472617447e-01 7.918701856356831215e-01 8.023118337299525171e-01 8.105860714089494490e-01 8.076045690138021760e-01 8.115577683834915845e-01 8.133875185021169907e-01 8.142940344022211452e-01 8.176211385963289002e-01 8.236789761438232382e-01 8.115023671765617674e-01 8.176101231535407576e-01 8.217858883862307895e-01 8.206134487359046936e-01 8.193006420129805845e-01 8.233109568804319878e-01 8.202745718958227572e-01 8.195952543338405061e-01 8.179126220971686401e-01 8.291813528156471991e-01 8.199699355603919937e-01
1.883413694939100463e-02 8.676899142343826032e-02 3.165330582167429907e-01 5.476265261846708921e-01 4.064559002193595116e-01 3.768715574720090666e-01 6.714650548026290799e-01 6.928852156012248464e-01 7.157367555278297822e-01 6.912804239564162012e-01 7.901915874576551646e-01 1.000000000000000000e+00 7.542040104296291458e-01 7.296035100021482922e-01 8.594528789651948442e-01 8.500449756243401156e-01 7.450253329008109660e-01 5.738528078127054233e-01 6.322767949980496738e-01 5.175639812101193726e-01 5.920031834462842202e-01 6.483922793620561231e-01 5.696595288893568920e-01 5.885478134518595805e-01 6.293942584696106124e-01 7.118509984303323934e-01 7.723283193428782667e-01 7.746800042619127469e-01 7.089021722997415065e-01 7.551870099141856363e-01 8.196679818055806477e-01 8.197768964899341260e-01 7.811067507218646400e-01 7.635491023783358422e-01 7.727328256374226267e-01 8.194265552421670096e-01 8.109609992916047005e-01 8.572129855492821582e-01 8.684477579879725795e-01 8.375442794693213067e-01 8.628322728952758647e-01 8.729652582611338030e-01 8.680604791562024358e-01 8.886916055460454267e-01 8.609257429681760332e-01 8.689129784013132074e-01 8.934893051202041914e-01 8.835083018144723743e-01 8.873594751604123587e-01 8.557230220897605877e-01 8.743716285607749938e-01 8.586873058588846419e-01 8.771031274300757907e-01 8.560056427401920853e-01 8.355839613269860910e-01 8.301518524197599724e-01 8.665414236435839967e-01 8.826215740757781258e-01 8.800879385053526072e-01 8.905113200063548007e-01 8.934841196003681096e-01 8.803047757423473341e-01 8.806329506919112760e-01 8.850222091735794328e-01 8.728925347464915330e-01 8.807408649155561431e-01 8.860896196388520218e-01 8.618600183734562714e-01 8.552573731721990757e-01 8.463634046182061388e-01 8.506587833904005747e-01 8.685111351312950756e-01 8.309924555646386324e-01 8.481900864092816184e-01 8.732930559901457279e-01 8.720090401075004660e-01 8.797248700199205018e-01 8.581934477963377716e-01 8.723909824000420921e-01 8.697128301418045604e-01 8.727637123144014186e-01 8.881225507091181637e-01 8.614262051094819794e-01 8.657668848860446964e-01 8.798966132609888913e-01 8.741515722552331003e-01 8.840604059523421432e-01 8.857143183318405555e-01 8.909437894709318906e-01 8.606035993742006118e-01 8.798991719358503216e-01 8.908608939318505282e-01 8.949681387070173022e-01 8.945199935800567381e-01 8.921747031658968652e-01 8.894932374276103282e-01 8.869363380590021828e-01 8.861395406797978325e-01 8.931980586405783296e-01 8.898693726444597552e-01 8.930701422550111346e-01 8.939694335136812997e-01 8.949574697233629861e-01 8.995578347569789246e-01 8.967565112009072692e-01 8.781917297965653457e-01 8.912379401489319841e-01 8.800920575541149038e-01 8.795806497036330329e-01 8.923938257342295399e-01 8.925386220019675410e-01 8.914749923804731191e-01 8.921414231090325497e-01 8.917637907500767236e-01 8.896805412330411889e-01 8.911801147911334597e-01
8.556831162999423146e-02 1.305905254549406258e-01 2.758124648841754345e-01 4.489302959134066628e-01 4.008996085003330156e-01 3.439978936413085053e-01 6.340940364082150449e-01 6.252885620107351272e-01 6.793384737499947867e-01 6.762811134141790692e-01 7.008055271584675561e-01 7.542040104296291458e-01 1.000000000000000000e+00 6.565262246580499950e-01 7.847327557408754206e-01 7.829145867261022573e-01 6.913533805779394914e-01 5.674609735073212757e-01 6.242703776996281206e-01 4.653277864406153430e-01 5.564402164141235563e-01 6.317986613950044017e-01 6.088873902109964709e-01 5.873494869168993660e-01 6.379546966030330557e-01 7.119330668725516453e-01 7.398359667574541110e-01 7.399084939028897079e-01 6.733404750728627652e-01 7.216672585338287371e-01 7.686786468065616162e-01 7.805764495735618702e-01 7.284644103157363881e-01 7.275051197747898213e-01 7.310193957941083509e-01 7.732535679346926871e-01 7.699277579517290748e-01 7.774034671469577384e-01 8.005749806565158888e-01 7.644110461177243687e-01 8.021878728356617305e-01 7.963683298801500499e-01 8.005082531982875560e-01 8.170829223271642849e-01 8.026777396672830633e-01 8.001759294114746401e-01 8.188286331308597399e-01 8.238397720868667617e-01 8.137627284813903072e-01 7.691687416915639064e-01 7.900001527332878304e-01 7.849901726608486952e-01 8.093023051778147625e-01 8.132644796325996239e-01 8.000018875912213723e-01 8.065018557610091898e-01 8.093744308172660107e-01 8.162966264056108479e-01 8.095981093002247997e-01 8.281862619731051867e-01 8.256079146871000418e-01 8.196855205970335900e-01 8.103709732584803982e-01 8.094704956314933142e-01 8.112216873911038961e-01 8.213175436275025332e-01 8.206527990530402272e-01 8.110545150181197593e-01 8.088227820197063656e-01 7.839968906564447337e-01 7.973253046947630374e-01 8.162083189822589846e-01 7.889232663780902932e-01 8.049553438864003319e-01 8.225258228609405586e-01 8.194466227053704976e-01 8.163454756540633461e-01 8.007487504739587703e-01 8.107699898198353905e-01 8.053660824613881886e-01 8.116048776386348695e-01 8.237114589409830767e-01 8.179894177734680083e-01 8.011238653009387090e-01 8.099468908272089429e-01 8.163898012690514738e-01 8.246692267544177835e-01 8.163725677055446717e-01 8.170328701304517827e-01 8.182209823216911593e-01 8.135711845055172420e-01 8.216454886942181624e-01 8.285970360536120127e-01 8.216486335888066872e-01 8.225554899004954290e-01 8.250580925180946990e-01 8.032530666652384355e-01 8.083493026413791638e-01 8.234275754645623557e-01 8.132542543379446265e-01 8.233692438136438474e-01 8.181761979028433496e-01 8.254257003287114314e-01 8.242080125469006813e-01 8.270061870188681885e-01 8.180777651707432652e-01 8.211242413597359402e-01 8.252746860851846167e-01 8.248350791799936577e-01 8.211847587658376302e-01 8.224573115859907801e-01 8.273816845336734449e-01 8.258232373286956696e-01 8.225282144423624597e-01 8.224488848165777410e-01 8.270469393123205393e-01
