1.000000000000000000e+00 1.653230703324503892e-01 1.524735682335527920e-01 8.308166426819179468e-04 -2.957918629292821330e-02 -1.052886927359808489e-02 8.368317309321705866e-02 6.762795244362573843e-02 1.300852918144110026e-01 8.639253810166713787e-02 6.820052789859323839e-02 3.531720486336021453e-02 1.053911015801856609e-02 2.483963560290463474e-02 4.603907036967281458e-02 5.026145799402888248e-02 1.587939607462340863e-01 2.124622166435947979e-01 1.663235041323132268e-01 2.310888703962594992e-01 2.349178894825929009e-01 1.584641149866678755e-01 2.131390374231223184e-01 2.089843387835043642e-01 1.984832176739686760e-01 2.191783609979189307e-01 2.132975348048856690e-01 1.984810416601370808e-01 2.160397765694224981e-01 2.073483824111339857e-01 1.668813595462678157e-01 1.302722755125494958e-01 1.751975915723117672e-01 1.562411337737499017e-01 1.933302723670739243e-01 1.237399237675048114e-01 1.767121723547520340e-01 1.209932071987921826e-01 9.773678344166614185e-02 1.047401283784693965e-01 6.206520105647173047e-02 5.561907159163635012e-02 7.263801832785209134e-02 9.850626538008104560e-02 9.508547937823798313e-02 6.779506547810959516e-02 1.928563957622597691e-02 2.935592059502824258e-02 3.518034322883401704e-02 7.869588138000895017e-02 8.482308181804840141e-02 5.597727435905536231e-02 5.715060940533735201e-02 1.049078526719153664e-01 9.910251122744609398e-02 1.147583742865846412e-01 1.279679892492809612e-01 6.629597554203184306e-02 6.696895657577117689e-02 7.881496574778269759e-02 5.004192844594807649e-02 7.833943634460950600e-02 8.238693654848984471e-02 7.062681470388050553e-02 1.057197271170177283e-01 1.085483693613297912e-01 5.797216082360662909e-02 9.612663765721997378e-02 8.336437262118405467e-02 1.127330113734170691e-01 6.102474058502969922e-02 8.226094579815840246e-02 1.101533485121265754e-01 1.062055580691599194e-01 9.176061664905776905e-02 8.328404902162907242e-02 7.443810491455336853e-02 9.851680356318091858e-02 7.313552947798702963e-02 9.598608053038110155e-02 8.683871020642040806e-02 7.702006578519642044e-02 9.499217562551136307e-02 9.622777539337712405e-02 6.102299360212210672e-02 6.574063666592051824e-02 8.261908024457104149e-02 4.330098127417151416e-02 5.144329518131739859e-02 8.625813031339538139e-02 5.653363792015572015e-02 3.036505922350745540e-02 5.177650559696238275e-02 5.233735102461038735e-02 1.475658654813426750e-02 1.932685297656715553e-02 2.291650393674293795e-02 7.196928599289692530e-02 2.313808116544625176e-02 3.051024199928765654e-02 2.671946383294673127e-02 3.319057525168672695e-02 3.015118842529551299e-02 2.475802270610543906e-02 4.577596226305410271e-02 7.349556027585443796e-02 3.937203984083116615e-02 4.462751478074921535e-02 5.122002050291232789e-02 3.428797505473564489e-02 2.788803157649452288e-02 3.038207000726655949e-02 3.953629867182202606e-02 3.914280256415254150e-02 7.570598740780620783e-02 5.230661043679704636e-02
1.653230703324503892e-01 1.000000000000000000e+00 7.330702658630496027e-02 -1.217620807542194039e-02 6.891575255720262805e-02 4.601227475297823416e-02 1.308128980061352697e-01 8.867547577810887260e-02 1.841709579727228430e-01 2.141147268067574438e-01 1.250193460885566932e-01 1.173930901236921315e-01 6.956109311110736382e-02 9.601079547712529361e-02 1.424807331978211467e-01 1.234773637372528904e-01 1.885944756434946856e-01 1.748491304617002806e-01 1.425712202019839836e-01 9.250556801494246029e-02 1.414570993143704214e-01 1.209647450685081838e-01 2.034162243555296401e-01 1.757614065672956083e-01 1.585592394348336598e-01 2.224228218887333575e-01 2.137731606799626871e-01 2.276377137739865608e-01 2.386740738040784016e-01 2.395929361019062120e-01 2.215925467496931700e-01 1.824935793973135045e-01 2.165588535598783892e-01 1.707716308687564633e-01 2.175179128273619922e-01 1.491410154004527144e-01 2.046113493709981468e-01 1.783923332660998784e-01 1.759259815557997209e-01 1.646984075143916315e-01 1.670539743734659188e-01 1.482046896638967159e-01 1.406944050470743113e-01 1.582514662125071858e-01 1.647245998767340458e-01 1.693206084108564713e-01 1.407954781127035426e-01 1.502465307550464035e-01 1.386216575036049448e-01 1.234718127570659241e-01 1.436665644021435928e-01 6.612166047895222387e-02 1.230618414164082464e-01 1.869604562233434797e-01 1.768649462215251544e-01 1.829112289132199254e-01 1.670469178984776704e-01 1.535238571939505914e-01 1.507935033878637365e-01 1.644150572262478849e-01 1.327919518020389544e-01 1.609962493153692109e-01 1.609719151757080802e-01 1.572354981535083740e-01 1.589889055053996803e-01 1.533188796182851921e-01 1.541552581849456871e-01 1.662946078626836577e-01 1.751407913477963096e-01 1.450215921120269480e-01 1.329490536387529509e-01 1.484079342856707007e-01 1.717303636111698895e-01 1.645774373973717120e-01 1.720628761507592419e-01 1.737364502920084597e-01 1.797519605317151603e-01 1.961558182129045924e-01 1.740035355409139672e-01 1.810378347542068167e-01 1.767821306910209445e-01 1.748112196815772845e-01 1.685743123857960379e-01 1.889847723003877100e-01 1.456182867019604754e-01 1.559966922540205747e-01 1.646940554584054583e-01 1.473981003406092116e-01 1.584833464370835887e-01 1.709574950356226863e-01 1.580553131259566368e-01 1.445743525252750628e-01 1.531983179672335715e-01 1.591942025917797987e-01 1.377708743648732859e-01 1.431175438194203231e-01 1.098510884119514308e-01 1.316982043600569696e-01 1.311576654038212886e-01 1.371412744797933514e-01 1.379156378459019672e-01 1.307977970360955366e-01 1.238914119855150375e-01 1.321695744866430988e-01 1.280671699487972159e-01 1.537957192506140547e-01 1.450137091461038419e-01 1.558005127729852335e-01 1.572837995182245485e-01 1.415729495874735178e-01 1.403448398740270997e-01 1.412359810659991333e-01 1.441462292934415634e-01 1.442594227548868735e-01 1.527205783588356236e-01 1.365865658456369147e-01
1.524735682335527920e-01 7.330702658630496027e-02 1.000000000000000000e+00 2.649119928441771021e-01 1.244609049516181842e-01 1.199994862344487268e-01 2.762546333282054345e-01 2.439966071057407815e-01 2.504941895768366122e-01 2.392788334944541684e-01 2.870332884978817889e-01 2.918966918322785653e-01 2.386244879415510556e-01 2.318471046801774404e-01 3.005143988671853950e-01 2.761885036672162563e-01 3.062998200991373654e-01 3.323907143845010181e-01 3.625893049303114402e-01 2.723813684076246133e-01 3.397780178128178008e-01 3.633181552951696980e-01 3.501499224576654634e-01 3.439774698455537738e-01 3.668192525726070019e-01 3.401853512655074185e-01 3.679072326761069212e-01 3.442415463685964405e-01 3.204128752722725793e-01 3.466541190335295508e-01 3.381600006752658039e-01 3.376666713050298640e-01 3.395131958120772286e-01 3.351761570279924163e-01 3.456145582916356207e-01 3.407653483820385909e-01 3.543205593330643888e-01 3.227222957181029583e-01 3.242994261248861032e-01 3.385697752481540701e-01 3.208414488332709813e-01 3.137824541329391481e-01 3.308576003647789587e-01 3.161008563463174603e-01 3.395460192357485085e-01 3.141821374018643476e-01 2.841115474009666131e-01 2.880534442689300367e-01 2.797718228548747299e-01 2.938144650103383104e-01 3.077936339746707439e-01 3.031222066381715208e-01 3.038037771927901698e-01 2.970284791821763970e-01 2.984542587637012412e-01 3.286055387788839877e-01 2.942023398349444818e-01 2.979729007727738854e-01 2.889662460171819602e-01 2.882204332010971926e-01 2.939582669366114787e-01 2.878279610294285917e-01 2.936502572687201273e-01 2.954039514951699030e-01 3.062214469619682355e-01 2.989396274449953594e-01 2.993835472496988448e-01 3.282967622064971724e-01 3.179888320598632245e-01 3.254397673832947757e-01 3.391577117234813588e-01 3.398044407548031498e-01 3.352678039965685253e-01 3.447860592376896793e-01 3.191850073086049400e-01 3.190295764450221672e-01 3.205857396695048211e-01 3.130570248749881546e-01 3.201249580430643449e-01 3.212698073335283344e-01 3.114190653597652125e-01 3.092778380558114937e-01 3.249875451624867351e-01 3.191200349118480939e-01 3.066350029108617647e-01 3.133343191896029167e-01 3.216239042157563732e-01 2.971467522724413057e-01 3.069687834958932382e-01 3.131440956549573218e-01 3.214970991993416627e-01 2.976020229993843746e-01 3.097439327961239997e-01 3.092987813338703429e-01 2.846538000544815983e-01 2.837959113309315717e-01 2.822866673482286037e-01 2.811569534621344846e-01 2.884307477283100662e-01 2.942585442615910929e-01 2.977890466643253187e-01 2.833632903964429239e-01 2.920557812396918917e-01 2.914871886442216842e-01 3.041454032319079182e-01 2.913612396479592914e-01 2.864096977991493764e-01 2.913957951560722237e-01 2.887761601420288371e-01 2.872730291555622428e-01 2.869097544737400640e-01 2.850697041084561123e-01 2.829754608016740725e-01 2.876674724343820100e-01 3.054644338653924041e-01 2.883779845879843595e-01
8.308166426819179468e-04 -1.217620807542194039e-02 2.649119928441771021e-01 1.000000000000000000e+00 2.685818652788057315e-01 2.082374758799555581e-01 4.046591535072910362e-01 4.220791449171509835e-01 3.839942610137410672e-01 3.253872952420289733e-01 4.390555918309782535e-01 5.120925655347623451e-01 4.215957040844603987e-01 3.507936882469356310e-01 4.901933873601873604e-01 4.739686446970153844e-01 3.965536698093170553e-01 3.160862955720262213e-01 4.117486205455681003e-01 3.715707793758849520e-01 4.096343750924540950e-01 4.815107246752685644e-01 2.774042287938027207e-01 3.144305061430990311e-01 3.819414406509049065e-01 4.380180398293011534e-01 4.357309395645347916e-01 3.992996391213913254e-01 3.384249171465096295e-01 3.583634844292082899e-01 4.286991632366812244e-01 4.119901234815476210e-01 3.509879567880721529e-01 3.951571278593624670e-01 3.389372706444558347e-01 4.440300545768762208e-01 4.159830457876749210e-01 4.296737556904627331e-01 4.357686323621356994e-01 4.572207958595751465e-01 4.914031836178828772e-01 4.907885163416116914e-01 4.964528108762908398e-01 4.952583231535372388e-01 4.919922758949403785e-01 4.692276023897807291e-01 4.924212414987650943e-01 4.718628682521707196e-01 4.729256243887844380e-01 4.696182494323531964e-01 4.844395731978115016e-01 5.156567816701209672e-01 5.084589841379894004e-01 4.256244773716063023e-01 4.377530579694535184e-01 4.554045324783853044e-01 4.480559050279843136e-01 4.796643498213646328e-01 4.630650205990549106e-01 4.712272140846101021e-01 4.924083242258916471e-01 4.580521837275466357e-01 4.545707088783074723e-01 4.708294392846852361e-01 4.848135521649648005e-01 4.712924978708999957e-01 4.775755339499510033e-01 4.710690209027004749e-01 4.489292992887351508e-01 4.975336847912207316e-01 5.315136265344015953e-01 5.082148011304526980e-01 4.482077012193789733e-01 4.720667091226848355e-01 4.842175124809710574e-01 4.839014033271651360e-01 4.702353424997197662e-01 4.408804975982621444e-01 4.711882097014605808e-01 4.527712790296030132e-01 4.602241582831102518e-01 4.683888633842249738e-01 4.565107511692587661e-01 4.359368963126261098e-01 4.659251017471596201e-01 4.602910550169080905e-01 4.743102708891097641e-01 4.811624242952309838e-01 4.683148530309567126e-01 4.662945483710547179e-01 4.874734169263220673e-01 4.953922278164550885e-01 4.942041068015497474e-01 4.896103691280549453e-01 4.890227092456518876e-01 4.834637083054537099e-01 5.113508302756645252e-01 4.905111558259635518e-01 5.033529761629148558e-01 4.957933871668737669e-01 5.003901815582936230e-01 4.976022665788890076e-01 5.071516566714374674e-01 5.026781426782034323e-01 5.074203800680606724e-01 4.800109354794963590e-01 4.863435682759330581e-01 4.742587893822318157e-01 4.717334246287211985e-01 4.881203770371368433e-01 4.854094516870626208e-01 4.904416595817981950e-01 4.860079482395522343e-01 4.874993550835540757e-01 4.880777499259364993e-01 4.926386989088234469e-01
-2.957918629292821330e-02 6.891575255720262805e-02 1.244609049516181842e-01 2.685818652788057315e-01 1.000000000000000000e+00 1.608602332754370257e-01 3.384300810736052822e-01 3.664882905091815246e-01 3.707000487538479327e-01 3.383609700313910951e-01 3.763729451158978612e-01 4.137102412348644398e-01 3.973037062800320318e-01 3.142157840414522285e-01 4.204713753504434326e-01 4.288077269447543860e-01 3.311168789894261555e-01 2.295360170177732084e-01 2.746600447949691381e-01 2.435290718779285213e-01 2.732864961310544349e-01 2.962107231927629258e-01 2.448910972772799233e-01 2.368373451665226892e-01 2.504181206600625820e-01 3.531547702209970607e-01 3.295927106467554379e-01 3.200948466652893121e-01 2.795445259211740141e-01 2.967684333817742770e-01 3.477387638696541883e-01 3.589210359385618943e-01 3.032046214980252952e-01 3.382156081743169507e-01 2.927581464748078566e-01 3.579028037658472106e-01 3.460439929156504113e-01 3.767052783736575261e-01 3.845817633256584100e-01 3.650538805526724051e-01 4.124616089091575066e-01 4.208935418669551010e-01 4.096962694091986212e-01 4.243791201666917146e-01 4.043052894360457672e-01 4.080780781660919843e-01 4.286093730290875259e-01 4.299171963438573885e-01 4.170184258028871715e-01 3.886972082875853052e-01 4.057671966127531227e-01 4.098223933557659238e-01 4.213663495254182934e-01 3.950359605167919064e-01 3.974546664251137340e-01 3.908162616056207184e-01 3.860640513483544201e-01 4.164773956840324698e-01 4.071366923428691997e-01 4.244564788881887707e-01 4.254647650635452472e-01 4.113120254478149773e-01 4.011986362170287257e-01 4.160234646251281809e-01 4.177753609253679890e-01 4.079707726423532632e-01 4.219605089788270313e-01 3.939967860907624964e-01 3.982138406154874244e-01 3.932102298393594930e-01 4.094000936065634311e-01 4.070932471880155390e-01 3.797876657943921042e-01 3.847586849468040415e-01 4.153037765905435164e-01 4.034986608114101703e-01 4.028141979096033776e-01 3.819621668858881325e-01 4.004212107258476872e-01 3.996185743707074134e-01 4.019596129363410264e-01 4.089336809883385437e-01 4.028329773332319230e-01 3.868954708810641296e-01 4.003273051787085146e-01 4.083234482329196613e-01 4.107884133148992367e-01 4.144227732754618421e-01 4.170648302654462736e-01 4.069384802816023439e-01 4.108481936026112669e-01 4.262296362389685345e-01 4.230405019065084926e-01 4.205772325432842185e-01 4.304787312514959940e-01 4.291671227492371288e-01 4.178842268383549108e-01 4.120103752638593630e-01 4.304931268989389825e-01 4.292759558033460432e-01 4.285384034341651049e-01 4.239505303958126525e-01 4.322169842426399899e-01 4.338072280320009466e-01 4.314855482043262747e-01 4.135818063955304380e-01 4.250662976387273861e-01 4.240981659336484633e-01 4.209498787016116572e-01 4.302264211113284720e-01 4.246012063057513775e-01 4.337575494559419154e-01 4.253074936420849217e-01 4.296462357353885153e-01 4.238926583113509228e-01 4.279967300676971731e-01
-1.052886927359808489e-02 4.601227475297823416e-02 1.199994862344487268e-01 2.082374758799555581e-01 1.608602332754370257e-01 1.000000000000000000e+00 3.407432239851230782e-01 2.464160631387317113e-01 3.164163836322467782e-01 2.703772494025874495e-01 3.235502464382868926e-01 3.354637023614521207e-01 3.179118308412881011e-01 2.455427604573458822e-01 3.404567737288455298e-01 3.325777713325671625e-01 3.139317983457057815e-01 2.109319400487373319e-01 2.419362823941809681e-01 1.717054144900048984e-01 2.189846212306305884e-01 2.685031515521114076e-01 2.560296670334219482e-01 2.098584651277860813e-01 2.267469526039977978e-01 3.168000727605171374e-01 3.119395694724570456e-01 3.107248627514060946e-01 2.726517863857328416e-01 3.028900991848271218e-01 3.331716643464661121e-01 3.310247195230446304e-01 3.108754304472780561e-01 3.118972954069277326e-01 3.173137890222525459e-01 3.256180815255559358e-01 3.293586433164386595e-01 3.420092586251084477e-01 3.485056195715678928e-01 3.362817814461621091e-01 3.621088923076030697e-01 3.659153885199240008e-01 3.592178656419404148e-01 3.693068170800164474e-01 3.549644344918601591e-01 3.654343525240102974e-01 3.643971729433495010e-01 3.688880723336494527e-01 3.585114473505136012e-01 3.354276943314217774e-01 3.508650171655035011e-01 3.449071594500678350e-01 3.601133766390572366e-01 3.563307342959358137e-01 3.500990769449875417e-01 3.439782686637998244e-01 3.391329315904646480e-01 3.648735790787739908e-01 3.522458516717058008e-01 3.611049274187926872e-01 3.622953204152711271e-01 3.523222736152734069e-01 3.519676840167381693e-01 3.516694014323216155e-01 3.623780461692165389e-01 3.515795413715045448e-01 3.686764728546753633e-01 3.487364308148625525e-01 3.560926638131954869e-01 3.335201213836873069e-01 3.531918235103694848e-01 3.550673138869704926e-01 3.328047992340363859e-01 3.388244411037799608e-01 3.628966489896951475e-01 3.606103590725753816e-01 3.655244682773066689e-01 3.465705296330336416e-01 3.689652909205805575e-01 3.651476970288926038e-01 3.613040996223796375e-01 3.630320756056478193e-01 3.622404056803816830e-01 3.613952817552081864e-01 3.597236394058974107e-01 3.592209589558674199e-01 3.664558602867151182e-01 3.636087224495911929e-01 3.691092262674836588e-01 3.556465019863766508e-01 3.692823598880946578e-01 3.709015404028243590e-01 3.689121414341938743e-01 3.689137070714186284e-01 3.684598410713077477e-01 3.732520965987558559e-01 3.551624726853200298e-01 3.497970203884250839e-01 3.669560134130671059e-01 3.670302738233504058e-01 3.668021469148731728e-01 3.660432921979827059e-01 3.733523048550146939e-01 3.673300794805716141e-01 3.689762310184667160e-01 3.588371664838166386e-01 3.644359381651646190e-01 3.692506681838439997e-01 3.662382057377296385e-01 3.681588913654831874e-01 3.667444846258891000e-01 3.719052742548654145e-01 3.637570534958035062e-01 3.663538193872056259e-01 3.655920919471128405e-01 3.640955669396139238e-01
8.368317309321705866e-02 1.308128980061352697e-01 2.762546333282054345e-01 4.046591535072910362e-01 3.384300810736052822e-01 3.407432239851230782e-01 1.000000000000000000e+00 5.769928322468207416e-01 5.782474629764555729e-01 5.524517517594882410e-01 6.345326670781896716e-01 6.789284381354209197e-01 5.942043985113257820e-01 5.236237915845476376e-01 7.326848631644322651e-01 6.747125039546447711e-01 6.425978273818946374e-01 5.829197735167712668e-01 6.158065255237349378e-01 5.574472282719677985e-01 6.165050057307885911e-01 6.308097012988171937e-01 6.032617644001426749e-01 5.939300941012579660e-01 6.058587593499328294e-01 7.159622116987055529e-01 7.018861358872554579e-01 6.897726624669939799e-01 6.345080033212114889e-01 6.780824586890822347e-01 7.162560726144954204e-01 7.079522884939963845e-01 6.509446164009985436e-01 6.943406489933562353e-01 6.632589956424560507e-01 6.971664967831616710e-01 7.051878365512443958e-01 7.241119241728938283e-01 7.282887054940518912e-01 7.174946448974760527e-01 7.338594880989999236e-01 7.327774522363131871e-01 7.410887936639678486e-01 7.382688931580664304e-01 7.470704827589272901e-01 7.377000714704230466e-01 7.126876120300149609e-01 7.085746313645275851e-01 7.066656061810273615e-01 6.968001890893442685e-01 7.239840139128502772e-01 6.858594782275940771e-01 7.096416473747413356e-01 7.078371803461852574e-01 7.193259631885084993e-01 7.283955741241490145e-01 7.104725759730682322e-01 7.240195064428407434e-01 7.094572716641730503e-01 7.103815693854463875e-01 7.261843168284125571e-01 7.171431170569999569e-01 7.251178473418063986e-01 7.147984551079235027e-01 7.197534297305380191e-01 7.108628233587541700e-01 7.204351713112184807e-01 7.321489482140435268e-01 7.252452378023608315e-01 7.362394654125512528e-01 7.357380238099848757e-01 7.386481330746519358e-01 7.285641222936766193e-01 7.331944923165700789e-01 7.409917780681142263e-01 7.333602597459971673e-01 7.361017890275807218e-01 7.150271942239718737e-01 7.328585032082536310e-01 7.322843766579655300e-01 7.324283309594059599e-01 7.331747596160784752e-01 7.319258740793592732e-01 7.248142066948835005e-01 7.284292489016648275e-01 7.313826843011405066e-01 7.346912253419314309e-01 7.292163254474751666e-01 7.314184547912362389e-01 7.279226743367998020e-01 7.357032888769476919e-01 7.299846582465923106e-01 7.341764131248647018e-01 7.356158368122263091e-01 7.171827989941657044e-01 7.148028576682593505e-01 7.156208956063681015e-01 7.150312499303927982e-01 7.248576120349097263e-01 7.265615994598548788e-01 7.288701511355032414e-01 7.226093557147050817e-01 7.231175031503324080e-01 7.245368058524352950e-01 7.278647425464503939e-01 7.210027986154110557e-01 7.161876311317082466e-01 7.179427582853803447e-01 7.227358453246368608e-01 7.189883084581919492e-01 7.219981335562737357e-01 7.150006482767747862e-01 7.206855732892505362e-01 7.228693160984664967e-01 7.260674523185856044e-01 7.164816951422271485e-01
6.762795244362573843e-02 8.867547577810887260e-02 2.439966071057407815e-01 4.220791449171509835e-01 3.664882905091815246e-01 2.464160631387317113e-01 5.769928322468207416e-01 1.000000000000000000e+00 5.844509102276331802e-01 5.334283912570533248e-01 6.156359846746380926e-01 6.750476262569380381e-01 5.989626755808742375e-01 4.953244282935950205e-01 6.877802608058781741e-01 7.004468183877411436e-01 6.136784218519667489e-01 4.967595528839888752e-01 5.416250630760647278e-01 5.177777440094902817e-01 5.474046164755366206e-01 5.737682715250926879e-01 4.996554351358729607e-01 5.078639663358067713e-01 5.189520212505717156e-01 6.475318128904093973e-01 6.256521372710435180e-01 6.063282200357560381e-01 5.528734717628919215e-01 5.875810156662880646e-01 6.523830010335553986e-01 6.613241099848178317e-01 5.699976633600636333e-01 6.357203628866594514e-01 5.619358028338307109e-01 6.389529444113534185e-01 6.381437799071928429e-01 6.765224227592777639e-01 6.766347016633695866e-01 6.616130967371538496e-01 6.991925743947235983e-01 7.024349949799291171e-01 7.075752198521552128e-01 7.097941038497085353e-01 6.993400466283310468e-01 6.959951542623383780e-01 7.064628524297812406e-01 6.991105384947512436e-01 7.046973449079573237e-01 6.818532790856484116e-01 7.100282220930183019e-01 6.711229601522084032e-01 6.973688271327925792e-01 6.799959863549177586e-01 6.902803585868950709e-01 6.954005692882914147e-01 6.897808945328752772e-01 7.064698426996164349e-01 7.013992412364594697e-01 7.011381039506191515e-01 7.156903917719368291e-01 7.018907843786387213e-01 7.013999535453365741e-01 7.059333035777148879e-01 7.030864883732076409e-01 6.909030462578494847e-01 7.084955702059364535e-01 6.979952711613329752e-01 6.946595419260329640e-01 7.065188632750635245e-01 7.055948861729772759e-01 7.064020125650202209e-01 6.838414568091493173e-01 6.910755261279191153e-01 7.141300399548934363e-01 7.036472949854174486e-01 6.957987571618894362e-01 6.743092405133945810e-01 6.986028426717421080e-01 6.903148895499293669e-01 7.004829260937209812e-01 7.028899852456038655e-01 6.978525467461484943e-01 6.826977826890873180e-01 7.018147690935573335e-01 7.003414247907107093e-01 7.027489159174180600e-01 7.163532948157409486e-01 7.051601896811986459e-01 7.073033604150326115e-01 7.074308000841220689e-01 7.179333101852760635e-01 7.163662038010959465e-01 7.148199175195686372e-01 7.114822200530863672e-01 7.071283513563629830e-01 7.173523513183759359e-01 7.128325350602914279e-01 7.204600670660421535e-01 7.185673275617612266e-01 7.183473641127504639e-01 7.206674248280082740e-01 7.129702523610687015e-01 7.195050226067166710e-01 7.167518007654865020e-01 7.099756160912100711e-01 7.115606134190756160e-01 7.060814914955008126e-01 7.096852936534360223e-01 7.155796109710277353e-01 7.161422346049026721e-01 7.116112486305811169e-01 7.145069053929543612e-01 7.154146827304175282e-01 7.129438871292915758e-01 7.074625883965807160e-01
1.300852918144110026e-01 1.841709579727228430e-01 2.504941895768366122e-01 3.839942610137410672e-01 3.707000487538479327e-01 3.164163836322467782e-01 5.782474629764555729e-01 5.844509102276331802e-01 1.000000000000000000e+00 6.936187058026302976e-01 6.822495299588308137e-01 7.236817934504290450e-01 6.816938119853339639e-01 5.499294487177057711e-01 7.469770483754704093e-01 7.649540382634840707e-01 7.264689383032534309e-01 5.168796671894129169e-01 5.525637911500338451e-01 4.888731762954848237e-01 5.370489158052769163e-01 5.709114848128226116e-01 5.817531762555776531e-01 5.339584340945877639e-01 5.316147161082837025e-01 7.347835282302257465e-01 7.267734733862581953e-01 7.131148394233014498e-01 6.738368464096611277e-01 6.999897707053437390e-01 7.593350146407243928e-01 7.552978685452079732e-01 6.992194747693537549e-01 7.215678378569527762e-01 7.047589451147617812e-01 7.124781376433926283e-01 7.637391670980141489e-01 7.710480101271429687e-01 7.788971567371856253e-01 7.098994050411651102e-01 7.948078509407185965e-01 7.905979196046403201e-01 7.636629576682407716e-01 8.147214416867758491e-01 7.844292866590709679e-01 7.926047240386842052e-01 8.216700968180579157e-01 8.347471532070004363e-01 8.163062478302073322e-01 7.711011569821805134e-01 8.036408919628040826e-01 7.493207664300841619e-01 7.976091057453597033e-01 8.344653982342346010e-01 8.130758484147149190e-01 7.933812498962597992e-01 8.121843021395579454e-01 8.200551516683762809e-01 8.179509013774078907e-01 8.463133048624422727e-01 8.131484646922160220e-01 8.310445348465942406e-01 8.094153163983969224e-01 8.279729662193130446e-01 8.303776446743542650e-01 8.327360329732621524e-01 8.293902328458546691e-01 7.999419496553957787e-01 8.094475413947257447e-01 7.772178238159734853e-01 7.657399604632919576e-01 7.913529251025268607e-01 7.699713084008649178e-01 7.758445087438470278e-01 8.215626570711315191e-01 8.208838562906395353e-01 8.084111415201780115e-01 8.007323823361092163e-01 8.099033476926502662e-01 8.154926120191048344e-01 8.191228922139912605e-01 8.232829971353011755e-01 8.132928075748141472e-01 8.120039783018146995e-01 7.961230466780970794e-01 8.094152387512513203e-01 8.191114104717850397e-01 8.109178784663538808e-01 8.168011789364176822e-01 8.123195223714682056e-01 8.030075492447744656e-01 8.136504740068536412e-01 8.162932133707093696e-01 8.176803432451754672e-01 8.237061516035230069e-01 8.266288331960028879e-01 7.822130353565178718e-01 8.181328835781469522e-01 8.118318305282881120e-01 8.126235740781408978e-01 8.100917231338655711e-01 8.135386660155197180e-01 8.139277385779601914e-01 8.168030939097250531e-01 8.167196537327992001e-01 8.271112137680326493e-01 8.290671170736196860e-01 8.327112058287974294e-01 8.280394302920583982e-01 8.278804840917117769e-01 8.167177468510861127e-01 8.325186175222584195e-01 8.267512700476324916e-01 8.262071753392070672e-01 8.346800903008154693e-01 8.317151623318208564e-01
8.639253810166713787e-02 2.141147268067574438e-01 2.392788334944541684e-01 3.253872952420289733e-01 3.383609700313910951e-01 2.703772494025874495e-01 5.524517517594882410e-01 5.334283912570533248e-01 6.936187058026302976e-01 1.000000000000000000e+00 6.357507709071811286e-01 6.607330573308493049e-01 6.148637700289978358e-01 5.027253962678370769e-01 6.988598548648277120e-01 6.956054139637968259e-01 6.421719483856636046e-01 5.141628968637910191e-01 5.124335068522911651e-01 4.552833058025202995e-01 4.891858622972961590e-01 5.076545024460630273e-01 6.042938780012597766e-01 5.311006141975507244e-01 5.061333225749086173e-01 6.925995405504147273e-01 6.773883593533458480e-01 6.829311746375076320e-01 6.417558763889730233e-01 6.740704490882142297e-01 7.228586855617868956e-01 7.333308650179259924e-01 6.627896693181775101e-01 6.950471892836161958e-01 6.718020623987778217e-01 6.887986132401447970e-01 7.248412063474600764e-01 7.401675859750918018e-01 7.437352411267378338e-01 6.980474945002835829e-01 7.540137437408196419e-01 7.463157581500670101e-01 7.249494903470383722e-01 7.564672613750885732e-01 7.428284889319666240e-01 7.576382171226259121e-01 7.639947359379122283e-01 7.752790298200369357e-01 7.556947291950938395e-01 7.135761273824299256e-01 7.470313849303595877e-01 6.794681073286403805e-01 7.264696673308302932e-01 7.838632427508809286e-01 7.650076142289176095e-01 7.638049309444590040e-01 7.454118686863769883e-01 7.648110381562311932e-01 7.619140120506262548e-01 7.680476012105218464e-01 7.524940422953572128e-01 7.696012125210796029e-01 7.596006045841638965e-01 7.615467683842179758e-01 7.427782380981778898e-01 7.536044088478739411e-01 7.697241905382834481e-01 7.530846534974312556e-01 7.723628180434063406e-01 7.202947175355880471e-01 7.020645280025019641e-01 7.294867433267128165e-01 7.351328689455116638e-01 7.273642800923131313e-01 7.674444222018419470e-01 7.634915189909645683e-01 7.612640831223165261e-01 7.547532026526455606e-01 7.664569021026773621e-01 7.641514381521965493e-01 7.689662344199327260e-01 7.700748273724805637e-01 7.687677289204233322e-01 7.666435283902915954e-01 7.577115886780931842e-01 7.639967267293638065e-01 7.641258733484002086e-01 7.655687931717510830e-01 7.714222008301581113e-01 7.714996631431710883e-01 7.622941162197974796e-01 7.648450627347379571e-01 7.634246317868247367e-01 7.708704446350148620e-01 7.660188643901217898e-01 7.692083348573006685e-01 7.337134425057136866e-01 7.490722657991873978e-01 7.561333745885507884e-01 7.591321894909741630e-01 7.591164979603576279e-01 7.582189301191123443e-01 7.551407985345344187e-01 7.596081756523339612e-01 7.524808404309621945e-01 7.671456005631049901e-01 7.701201359342282338e-01 7.749713225787713267e-01 7.765338241196907410e-01 7.662129644063606637e-01 7.675328832787581268e-01 7.674584285977693598e-01 7.701652817035100629e-01 7.672597609136726504e-01 7.624606082315519284e-01 7.599097015693118129e-01
6.820052789859323839e-02 1.250193460885566932e-01 2.870332884978817889e-01 4.390555918309782535e-01 3.763729451158978612e-01 3.235502464382868926e-01 6.345326670781896716e-01 6.156359846746380926e-01 6.822495299588308137e-01 6.357507709071811286e-01 1.000000000000000000e+00 7.873020758202987635e-01 6.805099609246275660e-01 5.681369246446887900e-01 7.788111176113001743e-01 7.539563881084863084e-01 7.187845194444528740e-01 6.055202197314564216e-01 6.552292377290734882e-01 5.675968724151027045e-01 6.390233859562574059e-01 6.812295709046706227e-01 6.340586952875159055e-01 6.161947357754749000e-01 6.419015204448592637e-01 7.660193014976184323e-01 7.573581857937913275e-01 7.444582904502080600e-01 6.847372215779025106e-01 7.273527598440344688e-01 7.888299049455077538e-01 7.904322192938242342e-01 7.097620627362870582e-01 7.584108784120056068e-01 7.198210754117436716e-01 7.695006469231849833e-01 7.864658665268344784e-01 7.956241407085976602e-01 8.032523546615224497e-01 7.803234964998679857e-01 8.259871848580710996e-01 8.203805935700866359e-01 8.143757775597739723e-01 8.319834418266033316e-01 8.244228031432894177e-01 8.170460170735003302e-01 8.280250992596711601e-01 8.225646810838295186e-01 8.183131190392592957e-01 7.997385493696006487e-01 8.232200627993039310e-01 7.823738853035372420e-01 8.141750790843195196e-01 8.086004973502542992e-01 8.098548450492778494e-01 8.143960051431060609e-01 8.066596483356642810e-01 8.215337970613649787e-01 8.170806261532070902e-01 8.207360672524828260e-01 8.311276303613170935e-01 8.169985800339066850e-01 8.142974045252663329e-01 8.236658591286428743e-01 8.222120912180417296e-01 8.155482110966923992e-01 8.269784144296354889e-01 8.256950381882873780e-01 8.237531562000028895e-01 8.176614825939700903e-01 8.291243533560606060e-01 8.331446165776718038e-01 8.097691312298639366e-01 8.201443265007485328e-01 8.375099762983417850e-01 8.285438896500599837e-01 8.272117030506167534e-01 8.086490471541464276e-01 8.282167398817077419e-01 8.228543728662482959e-01 8.272923939567576879e-01 8.324946292458432762e-01 8.266191319157951689e-01 8.145096960867969083e-01 8.196734165359246260e-01 8.271363470818426933e-01 8.308804025104644664e-01 8.273768970328716499e-01 8.307405230087250292e-01 8.274934145025426568e-01 8.309909707790253952e-01 8.313477575480151538e-01 8.351109810472387984e-01 8.347637540917650645e-01 8.298673094665776073e-01 8.276581488416296928e-01 8.120365047257080970e-01 8.204743760664581220e-01 8.316319635873259397e-01 8.307053923947056440e-01 8.295855652647873280e-01 8.262719382051224581e-01 8.281390777044635998e-01 8.295155978873518521e-01 8.335526909397272810e-01 8.242688515809226679e-01 8.293368230656130713e-01 8.269717758278831710e-01 8.290799903952037475e-01 8.292853574057119648e-01 8.255760228462821759e-01 8.285709886392613743e-01 8.259625174451790119e-01 8.300570352624934145e-01 8.326759953743463338e-01 8.260892924922451641e-01
3.531720486336021453e-02 1.173930901236921315e-01 2.918966918322785653e-01 5.120925655347623451e-01 4.137102412348644398e-01 3.354637023614521207e-01 6.789284381354209197e-01 6.750476262569380381e-01 7.236817934504290450e-01 6.607330573308493049e-01 7.873020758202987635e-01 1.000000000000000000e+00 7.467676287412894354e-01 6.075202073883524401e-01 8.418592304123071468e-01 8.312454598911067638e-01 7.581211376989720474e-01 6.251388775109449902e-01 6.817650720903952744e-01 6.178626935856721403e-01 6.807349924795986773e-01 7.172874748803744760e-01 6.435596588534651108e-01 6.316387244872524453e-01 6.522815294118984308e-01 8.003638746489778466e-01 7.955987082984298242e-01 7.700945302233558332e-01 6.929540875151847246e-01 7.381634288647647146e-01 8.101018297426577641e-01 8.296876167712773364e-01 7.336635866970624420e-01 7.915172042178837408e-01 7.377319109682004550e-01 8.089242108961686162e-01 8.153119527263833488e-01 8.395574361024713550e-01 8.494617013026983798e-01 8.234302709011006582e-01 8.828588685715661466e-01 8.809111656744681440e-01 8.755440832961850495e-01 8.897157353196620821e-01 8.792016220438391150e-01 8.727085540588039869e-01 8.913596250110297214e-01 8.853622901263367151e-01 8.844202135278016463e-01 8.565597163816796034e-01 8.812801955318011471e-01 8.572055142667369676e-01 8.807498040542958151e-01 8.596175912619345993e-01 8.667022922215789071e-01 8.635238810822336575e-01 8.635636799332727653e-01 8.835984839910588917e-01 8.759983377693472129e-01 8.812206884020102882e-01 8.957176794708586742e-01 8.771867120263452389e-01 8.703543045880242079e-01 8.816486589253242911e-01 8.783016171459365751e-01 8.791443248692245582e-01 8.872127378540757281e-01 8.778265510994524012e-01 8.742207979831213560e-01 8.812800616911050655e-01 8.903281491603077802e-01 8.879109290252188424e-01 8.572763921027638512e-01 8.645576189707223635e-01 8.927808817476644565e-01 8.852297616223393506e-01 8.819162931857597032e-01 8.520185586048059090e-01 8.770905039134401227e-01 8.702677663927625984e-01 8.751964595957364423e-01 8.823376868352432734e-01 8.769527273780757248e-01 8.613468845706891974e-01 8.758939857853321742e-01 8.812043227359489528e-01 8.826674003117294109e-01 8.895902087522260526e-01 8.853832669413875811e-01 8.821680553951736226e-01 8.890948446600177579e-01 8.962663856977868271e-01 8.962306152095932399e-01 8.927864886948561063e-01 8.954667855664016907e-01 8.914594953589392023e-01 8.852478300730395322e-01 8.879806371652267938e-01 8.973687062589874586e-01 8.947200892660964744e-01 8.963354139108363761e-01 8.941958768661449897e-01 8.971604832218404990e-01 8.971830021073033956e-01 8.990592468924617497e-01 8.872953092828894661e-01 8.930610151206632707e-01 8.884291686675412913e-01 8.897076449027200296e-01 8.939640193407673019e-01 8.916700562033177402e-01 8.942095302400108192e-01 8.923710574228017611e-01 8.936641296496510289e-01 8.925027660061760626e-01 8.922841550224664964e-01
1.053911015801856609e-02 6.956109311110736382e-02 2.386244879415510556e-01 4.215957040844603987e-01 3.973037062800320318e-01 3.179118308412881011e-01 5.942043985113257820e-01 5.989626755808742375e-01 6.816938119853339639e-01 6.148637700289978358e-01 6.805099609246275660e-01 7.467676287412894354e-01 1.000000000000000000e+00 5.559399772483544222e-01 7.562712628107874924e-01 7.750415211703615137e-01 6.651232344288514620e-01 5.095232519578852814e-01 5.611212456760319434e-01 5.114562622122963420e-01 5.448032847449177929e-01 5.905111930002765463e-01 5.467034208582202126e-01 5.223744025971231997e-01 5.288214795521117839e-01 6.843583277146479960e-01 6.733593007865836810e-01 6.523788366664784455e-01 5.871044033297454501e-01 6.234149813957684527e-01 6.954000473875101562e-01 7.344162207416924382e-01 6.353715392682393048e-01 6.934416102469039833e-01 6.339397556648116439e-01 6.998792144598521281e-01 7.089666304537167729e-01 7.356279953016801043e-01 7.480339465626475448e-01 7.063548237579163613e-01 7.887502178985730250e-01 7.767579914670581509e-01 7.698572982059846970e-01 7.933112603535623641e-01 7.726107194272218148e-01 7.676685692885242274e-01 8.096601717445085500e-01 8.083358295143201477e-01 7.973703451185244484e-01 7.537015444511847573e-01 7.801475537903181934e-01 7.610711734640187576e-01 7.896047683246746329e-01 7.840038954100837509e-01 7.792819600628402288e-01 7.747119003497213718e-01 7.626545064725209766e-01 7.937194165621429542e-01 7.841262234419652533e-01 8.029034474776126640e-01 8.042782708276124959e-01 7.892136261797298991e-01 7.757355187145531517e-01 7.897167335016854750e-01 7.875763351783440225e-01 7.881907783418136137e-01 8.029685959275590923e-01 7.829636796806402899e-01 7.872045378684985328e-01 7.757741807759344077e-01 7.799710581538524812e-01 7.856590638042542096e-01 7.588213164710664316e-01 7.638945670913247499e-01 7.991244745523587989e-01 7.921519416236846300e-01 7.810774853718552846e-01 7.580682303116522691e-01 7.811127389217303874e-01 7.748927651242825121e-01 7.814342698987474245e-01 7.906645263724347839e-01 7.830286713408871613e-01 7.704449123107282027e-01 7.851664716369208818e-01 7.918424200463697327e-01 7.927283022705305937e-01 7.998883637192102380e-01 7.974896423579352911e-01 7.950765990910531045e-01 7.929233626564621273e-01 8.072570593114242188e-01 8.020299586446217877e-01 8.018803383492177916e-01 8.128281876539369399e-01 8.114894082331771674e-01 7.879155236344246305e-01 7.934276696532291950e-01 8.080020163232227715e-01 8.070223252203100328e-01 8.078641724275190672e-01 8.054836812041148431e-01 8.117711832520125848e-01 8.102433679679906797e-01 8.088805710444545438e-01 7.974019228053548236e-01 8.086767008204117646e-01 8.076020605701651478e-01 8.060205150860626500e-01 8.106542309449937811e-01 8.045694292592623365e-01 8.152369980911726710e-01 8.080562470267591557e-01 8.090692537893571235e-01 8.033396387334081901e-01 8.085116621821726302e-01
