1.000000000000000000e+00 1.908544234970561970e-01 1.171364504979725968e-01 5.906105909742262461e-02 -8.517816745696285205e-03 1.809301263822249428e-02 4.479269032740742541e-03 -6.125711235900841573e-02 1.612969597759247031e-01 7.369624260765872403e-02 4.667056117941561361e-02 2.132971664543910351e-02 2.205278574957008492e-02 4.420387930034787478e-03 -2.821984792326745137e-02 -9.571587158228998804e-03 1.386123737782765653e-01 1.530811787473970453e-01 1.361541006897626638e-01 -6.240436812923706722e-02 -2.793706495804879064e-02 9.008637638413306836e-02 2.088074825900806675e-01 1.217891850123397068e-01 1.787471725967248737e-01 9.304280440623978465e-02 1.224002203880463630e-01 1.297025732833180234e-01 1.498260321508700366e-01 1.796509091062171992e-01 1.350643078601398428e-01 9.088934629583152180e-02 9.982327324286573156e-02 8.038066594491199979e-02 1.213462320531997346e-01 2.192200507059185663e-02 8.711717521515954799e-02 1.246055406512790002e-02 5.542922473024153307e-02 1.090430747811352817e-02 2.794250510667346116e-02 1.669543354069859264e-02 -1.139115602423953350e-02 3.388838663485848474e-02 5.042832333031178199e-02 3.454432269550610640e-02 1.968686557948501337e-02 2.947476114794067223e-02 3.284122484521873747e-02 3.549095297002200639e-02 2.157318188077869334e-02 3.120411568950290371e-02 2.523627090163809567e-02 4.200352149983727773e-02 3.851181253784616981e-02 4.674301004750054667e-02 5.808409284800748751e-02 3.021533891160299167e-04 -5.659648669496820592e-03 3.422571378204915249e-02 1.083410029034794463e-02 1.878737887793576616e-02 7.900691199933352477e-03 4.680267976559696064e-02 6.315862256670440322e-02 4.503920563385647308e-02 4.334644919840793115e-02 4.142296696511409831e-02 7.011621282282601286e-02 -7.494339201619734832e-03 1.528907733972386870e-02 5.055917125290665393e-02 5.068903608740352174e-02 6.474063507510856297e-02 4.114571987939952963e-02 4.480323783340324495e-02 4.790997361323467985e-02 6.041101757719664900e-02 5.440589275370133482e-02 7.507550312693403449e-02 5.908892953584019697e-02 5.216420681226361517e-02 7.296584635294281473e-02 6.542181865684058850e-02 4.489480846331115466e-02 3.824345532383133239e-02 3.005200055870363082e-02 1.398612727615783716e-02 2.390968572991880245e-02 3.667526508669315816e-02 2.916495865294582018e-02 1.523903701003180740e-02 2.543686756381874012e-02 2.118719149606107174e-02 7.279919676272184233e-03 1.402505990111444466e-02 -1.495294140973063915e-02 2.878675104367201323e-02 5.065471119888284406e-03 7.612711176953611790e-03 -6.683724244415076982e-03 1.467189584672220614e-03 9.018642306543757717e-03 6.677366888668832649e-03 1.510957149884297607e-02 3.230094378464093419e-02 2.474584340348999489e-02 2.378789650524361365e-02 1.996830988581638905e-02 1.434833807359458223e-02 -3.462163218087995886e-03 2.257333940404237377e-02 1.032684096277260762e-03 1.926013343443300913e-02 3.736933175378909233e-02 2.535598594690972873e-02
1.908544234970561970e-01 1.000000000000000000e+00 1.012246787764225636e-01 4.858897682586729022e-02 1.076525141150880618e-02 9.370782147936695949e-02 7.749551505248440664e-02 5.403456972905170547e-02 2.065529543832455295e-01 2.363395937738140273e-01 1.446129763824612613e-01 1.117027744270170375e-01 1.008226530877521787e-01 1.009608868175299462e-01 1.068037267125353101e-01 1.101532140518121233e-01 2.084558679613515708e-01 2.191036875052726207e-01 2.116432790489597426e-01 -1.178694464025750645e-03 -6.680419586254368776e-03 1.161286235321349475e-01 2.384137464817587260e-01 1.811284710125448949e-01 2.355177423118911539e-01 1.851675627923454193e-01 1.952289427457442883e-01 2.116605231445881086e-01 2.553657686327470144e-01 2.582888784307065255e-01 2.384651805663766111e-01 2.039880497334567444e-01 2.057280981854203161e-01 1.926803148685367895e-01 2.144398847518702578e-01 1.242999843748320982e-01 1.884943295842406441e-01 1.651731814383672892e-01 1.871161905462564445e-01 1.334339400960136424e-01 1.681570978586824916e-01 1.618247986521280657e-01 1.114258535594980504e-01 1.522420922602370219e-01 1.574571747190104121e-01 1.836547639055352010e-01 1.528574145822658437e-01 1.730821306483425193e-01 1.584507722611028790e-01 1.507285461990297837e-01 1.463339774371882618e-01 1.016831303867931219e-01 1.323221980837670786e-01 1.831205531565183176e-01 1.694574819999120630e-01 1.747756937553994472e-01 1.577744731882159412e-01 1.532284270253508052e-01 1.440429948981835628e-01 1.578722792593038327e-01 1.375626138422919587e-01 1.518324697101401111e-01 1.423545467007105436e-01 1.658484137664250624e-01 1.687782693973341464e-01 1.636646844566914394e-01 1.811299961460150487e-01 1.850313126364551419e-01 1.948907886750390894e-01 1.182724156257019821e-01 1.314037053535554167e-01 1.793589687462320559e-01 1.773048453739526908e-01 1.803155573657826416e-01 1.715065286806407574e-01 1.768797258185755561e-01 1.827429171711902334e-01 2.028619545799011659e-01 1.924986967118623160e-01 2.153556583302250194e-01 1.901110166662392797e-01 1.925167403557418166e-01 1.933385101084119095e-01 2.013790053223870335e-01 1.750046093350006438e-01 1.670218745133225935e-01 1.627887238779250900e-01 1.661567359107523068e-01 1.722869246643490004e-01 1.776844998381651164e-01 1.639940912571014875e-01 1.617187394232937891e-01 1.623030749373451098e-01 1.668320623802254377e-01 1.555019562553154600e-01 1.626264047816032843e-01 1.214896844771853751e-01 1.449059838513717391e-01 1.478277391049535316e-01 1.522566260810880867e-01 1.407030383231744619e-01 1.446169383192963953e-01 1.364586254143531074e-01 1.455508914356047623e-01 1.387958882095006730e-01 1.607524854028324901e-01 1.613516292267058450e-01 1.705009774994323268e-01 1.665478071260316772e-01 1.532804409798052270e-01 1.505662907326276723e-01 1.631019073946269327e-01 1.483444772684516244e-01 1.646244958377331979e-01 1.613299091095141691e-01 1.591924955195910263e-01
1.171364504979725968e-01 1.012246787764225636e-01 1.000000000000000000e+00 3.220986282760114894e-01 2.113251212996757611e-01 2.148070129366780878e-01 3.474600612091501284e-01 3.029550462153565160e-01 3.710527543354129043e-01 3.220185344925131643e-01 3.848796898572051095e-01 3.864082904558922560e-01 3.541817883547236923e-01 2.964416708737861450e-01 3.771894671674521082e-01 3.678071597078674815e-01 3.773628051731036104e-01 3.671744691810177041e-01 3.830049216164375103e-01 2.887825723539047540e-01 3.163252041838403028e-01 3.716889267767494731e-01 4.031961554386747637e-01 3.706178374045063229e-01 3.962085793006447365e-01 4.076330244327829311e-01 4.112797814125201401e-01 4.286805255568852391e-01 4.041770675863196605e-01 4.185553320576063108e-01 4.252973208736049449e-01 4.117092322233489310e-01 3.985245564816210506e-01 3.957583528213329815e-01 4.022376181707631448e-01 3.709946472386146943e-01 4.160568408228867421e-01 3.827662901772491688e-01 4.051595036612049006e-01 4.031585804791675831e-01 3.989782141676697091e-01 3.904734933172893108e-01 3.751875840480430879e-01 4.007616004203505833e-01 4.152320940590565335e-01 4.086207242905350867e-01 3.925506723841591383e-01 3.982082890601035263e-01 3.928013263055450954e-01 3.832801168735233133e-01 3.854874889039134334e-01 3.705343529412135073e-01 3.971426105844627630e-01 3.943746830431155703e-01 3.951671548127104194e-01 4.027262349999985447e-01 3.868567435925898135e-01 3.826870422605355704e-01 3.825727139077559347e-01 3.920136761626022981e-01 3.903802768299399761e-01 3.842426739742242359e-01 3.842367815363488814e-01 3.917132780418561278e-01 3.974737316622101724e-01 3.905970871045346127e-01 3.988032974421537591e-01 3.992239947675549350e-01 4.120320976838458549e-01 3.904868042328215605e-01 3.950874150291215914e-01 4.057699826390104847e-01 3.988214975359613557e-01 4.010064095509034421e-01 4.057163799780705848e-01 4.034057361166129563e-01 4.081255169714352316e-01 4.070732901251155056e-01 4.098109115375637712e-01 4.079495617322367873e-01 4.124118820715166334e-01 4.110349297480112019e-01 4.071015044261486748e-01 4.108760124631882227e-01 3.959290831893936269e-01 3.970737374759262250e-01 4.030122338350721756e-01 3.957762148714907835e-01 3.991143711901530278e-01 3.964891318673577914e-01 4.077154027156997262e-01 3.955913437659616672e-01 4.008127664913749832e-01 3.981605817442100403e-01 3.926883069379578650e-01 3.908828447002734574e-01 3.809708491715628753e-01 3.902484724885403322e-01 3.909653084824563085e-01 3.943236764846084208e-01 3.856069337114521045e-01 3.885649574630623548e-01 3.870362643667982216e-01 3.959196927887928541e-01 3.931624699770389642e-01 3.892294290205596807e-01 3.944822472035429684e-01 3.937349164266580326e-01 3.952624233812073729e-01 3.910292343466892917e-01 3.872913960718702975e-01 3.931401748947017660e-01 3.858277552591143356e-01 3.928573087088607640e-01 3.954702714477835168e-01 3.897750859382571598e-01
5.906105909742262461e-02 4.858897682586729022e-02 3.220986282760114894e-01 1.000000000000000000e+00 3.835305624859972062e-01 3.779705153041198473e-01 6.102608746339210910e-01 5.679431949836579729e-01 5.466683282548879808e-01 4.802134118514264083e-01 5.982202897008002118e-01 6.712965556332605166e-01 5.603586100575853601e-01 4.658870564336373143e-01 6.211301259226601479e-01 6.405381396989863196e-01 5.581252810892020078e-01 5.398390334102934895e-01 5.562266080394487888e-01 5.405326591441916850e-01 6.429282572262928763e-01 6.336114065955330554e-01 5.545598436359839845e-01 5.463466572858909354e-01 5.444984255725257016e-01 6.522459702609747501e-01 6.189976268112502567e-01 6.281792202892662047e-01 6.012495007910111378e-01 5.682088984455946346e-01 6.105935783859770538e-01 6.212232141446345501e-01 5.801844141607575001e-01 5.968291425484365531e-01 5.805506809701070914e-01 6.230926091026451896e-01 6.135535345252388639e-01 6.172877461958342638e-01 6.226354305383871024e-01 6.487808289721618271e-01 6.298199097415865255e-01 6.310628255116345064e-01 6.446117532835746733e-01 6.421738498965279263e-01 6.345041985349075819e-01 6.312061282902345916e-01 6.275543047862537360e-01 6.171514171962722006e-01 6.293523465256358751e-01 6.358252307318323915e-01 6.433546181576675904e-01 6.363905592322132154e-01 6.338859176529649808e-01 6.082100947295132620e-01 6.154842084413270076e-01 6.414086795233495675e-01 6.171409071724345274e-01 6.171105349054120115e-01 6.220257640914430564e-01 6.196704444970407843e-01 6.295671811655555450e-01 6.177783073910702027e-01 6.230905963785969837e-01 6.290108754978257499e-01 6.241256578569970292e-01 6.190957054381680535e-01 6.139784662572095320e-01 6.113721464754994228e-01 6.258809808263974261e-01 6.407246736937796117e-01 6.512949224127260184e-01 6.214639235789720662e-01 6.121471880300152213e-01 6.231017450271696401e-01 6.347809763395083626e-01 6.250213384184349907e-01 6.262226485622507388e-01 6.067678722880102127e-01 6.150601330322496008e-01 6.039277221993635258e-01 6.258048851948144753e-01 6.195537207691093062e-01 6.189908429499377807e-01 6.151959550973359336e-01 6.284958188345803887e-01 6.256188594506405520e-01 6.236453017798774257e-01 6.230456221104242465e-01 6.174920481261720884e-01 6.251598946998371265e-01 6.280454862506894553e-01 6.248189802355961220e-01 6.290711047340767914e-01 6.252192006940947566e-01 6.197974592038153485e-01 6.176316613255082855e-01 6.352856578200503090e-01 6.308266514860337848e-01 6.249988027506224730e-01 6.293439882605087465e-01 6.310802933461256981e-01 6.303279210185579462e-01 6.280039290761262327e-01 6.347977881986701654e-01 6.408729562025921034e-01 6.203898272576351403e-01 6.182296714420733030e-01 6.195240297858504164e-01 6.235153155142953985e-01 6.224227572750643533e-01 6.244050147864240730e-01 6.176290290439687691e-01 6.227722868513312360e-01 6.232093121786810297e-01 6.249472094006502942e-01 6.176281240633710867e-01
-8.517816745696285205e-03 1.076525141150880618e-02 2.113251212996757611e-01 3.835305624859972062e-01 1.000000000000000000e+00 2.847762920867576431e-01 4.822924782509313002e-01 4.797818810839571402e-01 4.363410712842343275e-01 3.615295218356353035e-01 4.600064828429717978e-01 5.142266660685134161e-01 5.029835626367545887e-01 3.923132894721627628e-01 5.142797692613854110e-01 5.254389564516261935e-01 4.080121840462582750e-01 4.069954266792467634e-01 4.261264893866501535e-01 4.743261607821798731e-01 4.847295182453187357e-01 4.609114871909013034e-01 3.949549794486114651e-01 3.938631193727717972e-01 3.974622593493569722e-01 4.983218815313896211e-01 4.602701380535171860e-01 4.620984930843017313e-01 4.193536573660324729e-01 4.130172872476978729e-01 4.508463546421462853e-01 4.691439620600263982e-01 4.235376080632993756e-01 4.405809781644063894e-01 4.353729514671651479e-01 4.805842205567034675e-01 4.530358419149112525e-01 4.801727642274153940e-01 4.844834687051879363e-01 4.948655206383617555e-01 4.989770439371884470e-01 4.971580484058535365e-01 5.274979561690231744e-01 5.106101326978034205e-01 4.988947790395285575e-01 4.945935155151370277e-01 5.095163110781993909e-01 4.967968519421663287e-01 5.038851693225818718e-01 4.877508937778896603e-01 5.004430024655674991e-01 5.181321217481433816e-01 5.135598629355291322e-01 4.967212374566823962e-01 4.932083903675204550e-01 5.062378408231226201e-01 4.989829921225270026e-01 5.022241095375843400e-01 4.955265231900516931e-01 5.097683384207033486e-01 5.146820715867662654e-01 4.975342312047820181e-01 5.002429235246125261e-01 5.079556883741896955e-01 4.974465275860698865e-01 5.029121193633667719e-01 4.950321655125320408e-01 4.924841252591517504e-01 4.914894517011401120e-01 5.205357111762007882e-01 5.178321698723400424e-01 4.929473897701885376e-01 4.846000851783147101e-01 4.883762036508323967e-01 5.050330326311284201e-01 4.905900257130346720e-01 4.941045460345294682e-01 4.733649459709296514e-01 4.822805445180476380e-01 4.738430815281446939e-01 4.907167968669938762e-01 4.883743224513009684e-01 4.894850121423903744e-01 4.812475666394013807e-01 4.913257773613242119e-01 4.913459275746793753e-01 4.892018634667882337e-01 5.010631299452957821e-01 4.942613431867320939e-01 4.962813816486575935e-01 5.021259689668153836e-01 5.060569525014227965e-01 5.037338973850934432e-01 4.994042848153856795e-01 5.068908757452635916e-01 5.012485603739189610e-01 5.106243193903771127e-01 5.124097602668573614e-01 5.119457210001859826e-01 5.093612601918586780e-01 5.145628327965598992e-01 5.109892881884990912e-01 5.129597661612081971e-01 5.143239900623007843e-01 5.174023782852327225e-01 5.054898988831315609e-01 5.049793286414006044e-01 5.061143405723129707e-01 5.043301443328309652e-01 5.046647360003867488e-01 5.063170014276161535e-01 5.091857313480300240e-01 5.084050926095200484e-01 5.073065896184030255e-01 4.997150254392879187e-01 5.072077142243267556e-01
1.809301263822249428e-02 9.370782147936695949e-02 2.148070129366780878e-01 3.779705153041198473e-01 2.847762920867576431e-01 1.000000000000000000e+00 5.222036244241113900e-01 4.566481249583441149e-01 5.284562858747552383e-01 4.635848699570441211e-01 5.400475774532462747e-01 5.546316736585471530e-01 5.114779746373592229e-01 4.178414015257258529e-01 5.695209581044358149e-01 5.458799372602035627e-01 5.171882218181420576e-01 4.807036287095942106e-01 5.196996228373832460e-01 4.208565728052486854e-01 4.780121387159813051e-01 5.251616397396851044e-01 4.872855289921254052e-01 4.652425292379951949e-01 4.942999222216724053e-01 5.687283462267384015e-01 5.667858591945399427e-01 5.732668419810265092e-01 5.407074354088565737e-01 5.343988436471869274e-01 5.681300852372538346e-01 5.564980375488127740e-01 5.367912806429361305e-01 5.357609203311043400e-01 5.402729781439418177e-01 5.422182403393484007e-01 5.685512305884392603e-01 5.560820330233324782e-01 5.753418857452456958e-01 5.760769105884651076e-01 5.817513955891097099e-01 5.821035512197022532e-01 5.717477698629536143e-01 5.773800951698889738e-01 5.835638761871657643e-01 5.826633911702113755e-01 5.857314937465638582e-01 5.804388445225732163e-01 5.817924001293862668e-01 5.602738818447516866e-01 5.729986157749011877e-01 5.550833069659582009e-01 5.708709463208130330e-01 5.809169715738292661e-01 5.759635292648539462e-01 5.837820073323433112e-01 5.770983167969302441e-01 5.743944339635774776e-01 5.790403376186391560e-01 5.791513181252647691e-01 5.822524413050825798e-01 5.822880380072349427e-01 5.746597427835700156e-01 5.785012819329802269e-01 5.716868897999897170e-01 5.731219668589286886e-01 5.802872107343663988e-01 5.765693849032255125e-01 5.802002125257235132e-01 5.686294398359095226e-01 5.799895219602015928e-01 5.804950711734823132e-01 5.637309805263405194e-01 5.714846627557705894e-01 5.891836342199445742e-01 5.891991061555150733e-01 5.859828312110261228e-01 5.790816755508690905e-01 5.797724467937851456e-01 5.730820765874319322e-01 5.858920644803153888e-01 5.831264342106596832e-01 5.811381050341992704e-01 5.799249119335070368e-01 5.770528314680405391e-01 5.746596049958623276e-01 5.833762822609657173e-01 5.835139598823453344e-01 5.808794017498044582e-01 5.865568837013698245e-01 5.887797155005516370e-01 5.885058880745910326e-01 5.866075650400994768e-01 5.879897365529626052e-01 5.829656914559592229e-01 5.849558092942113152e-01 5.816309494635735211e-01 5.825536627206568951e-01 5.876115927597600486e-01 5.850151894333017744e-01 5.880425784179950099e-01 5.875987377467195572e-01 5.832067629468562497e-01 5.859946195958778414e-01 5.842025904244282364e-01 5.842533133661398370e-01 5.857007184440419234e-01 5.841517601112550251e-01 5.881152729802655577e-01 5.838934916840259337e-01 5.850834828863887838e-01 5.826880518393703356e-01 5.868642341388947692e-01 5.852668112315633220e-01 5.810097391463326932e-01 5.809512429610566020e-01
4.479269032740742541e-03 7.749551505248440664e-02 3.474600612091501284e-01 6.102608746339210910e-01 4.822924782509313002e-01 5.222036244241113900e-01 1.000000000000000000e+00 7.036986477097296744e-01 6.968172039076884205e-01 6.194826240420694408e-01 7.479387067841982706e-01 7.982708308432168165e-01 7.240390573615741454e-01 5.929438024521594963e-01 8.293785200126803092e-01 8.036464238931103621e-01 6.765730648564611815e-01 6.570501904298402529e-01 6.946566136520603285e-01 6.562363379143434372e-01 7.239355537241750627e-01 7.413692138110860030e-01 6.587222132949120956e-01 6.362237823210226129e-01 6.513121113947578644e-01 7.891729480427360777e-01 7.617081069587784414e-01 7.756101310494011303e-01 7.248611715905199926e-01 6.958075735835221876e-01 7.519368411438304145e-01 7.782942594778829992e-01 7.410388148886639659e-01 7.490822989547422095e-01 7.294212263708172994e-01 7.612500816691751826e-01 7.568690468049397158e-01 7.919318598158663347e-01 7.918554640924369004e-01 8.130283840906031845e-01 7.984014635196592380e-01 8.025165580224561390e-01 8.020835408876295647e-01 8.106050240706783594e-01 7.982696637001928108e-01 8.034762930520015223e-01 8.020222711169071594e-01 7.950889348686921432e-01 8.031081198806003796e-01 7.919949862805357732e-01 8.087263985487965767e-01 7.724139705173619364e-01 7.901815825330068543e-01 7.908205742735197052e-01 7.960253996656194708e-01 8.022585842500896680e-01 7.905913569876785729e-01 7.883963495015441358e-01 8.008110647224863099e-01 7.935901507456247783e-01 8.028233689011606833e-01 7.967003576746984894e-01 8.022751259879806751e-01 7.936578058377650180e-01 7.832961993133699119e-01 7.875289679373161933e-01 7.888409011814094818e-01 7.859990126137329502e-01 7.890551701350376756e-01 8.004915098579543642e-01 8.053670018588152679e-01 7.878271539614504215e-01 7.698912773515648178e-01 7.737928960290860747e-01 8.045763623612067761e-01 7.921416593572828679e-01 7.987924105582014933e-01 7.749910238667511164e-01 7.895214505353181922e-01 7.634191154257032874e-01 7.885766016869387718e-01 7.847698502589609548e-01 7.872880784673471632e-01 7.837582494179838877e-01 7.911963148989613615e-01 7.893777093041963733e-01 7.916887923858333398e-01 8.016777386199841482e-01 7.915771611757130843e-01 7.956033587379800487e-01 8.099913824863996803e-01 8.014399730495007645e-01 7.989276471058951445e-01 8.019500885074711816e-01 7.934274950093143097e-01 7.935256209377384851e-01 8.007749091383188356e-01 7.927394168497108318e-01 7.980806670606576114e-01 8.042307496349780926e-01 8.036139966285760217e-01 8.005153452115636448e-01 7.970118928701853678e-01 8.037889209237621957e-01 8.001422149452868116e-01 7.897427377084992317e-01 7.954938891499926390e-01 7.926483797853071112e-01 8.007161689989795716e-01 7.967451222153120183e-01 7.997648112483288774e-01 7.917134838601251889e-01 7.983069515649992010e-01 7.936635697560577851e-01 7.899345216017416016e-01 7.904696910504576124e-01
-6.125711235900841573e-02 5.403456972905170547e-02 3.029550462153565160e-01 5.679431949836579729e-01 4.797818810839571402e-01 4.566481249583441149e-01 7.036986477097296744e-01 1.000000000000000000e+00 6.427140026980195930e-01 5.816702033932225069e-01 6.860587080740871979e-01 7.656613056950642981e-01 6.979217781461463099e-01 5.619605386635477817e-01 7.695790400591056013e-01 7.955718012302431807e-01 6.404398095359575827e-01 5.838036502053149945e-01 6.315654182606257327e-01 6.714830029439944337e-01 7.029913053460262740e-01 6.936283217638128384e-01 5.723002524176619144e-01 5.662081290572003045e-01 5.737017428758706128e-01 7.212712050633254268e-01 6.860703348830955450e-01 6.854155560496185684e-01 6.323909687615775210e-01 6.059844543585131138e-01 6.767135977592748652e-01 7.278852962948714200e-01 6.822424874811552353e-01 7.041168888388384950e-01 6.681183166756382574e-01 7.330283320807322589e-01 6.937004318391005731e-01 7.563998367504717324e-01 7.448059680269628613e-01 7.549425922270610601e-01 7.537192332153318519e-01 7.528888536231471695e-01 7.778930484369619425e-01 7.645733828779004426e-01 7.472761933394697076e-01 7.518137176100977426e-01 7.678511729203499891e-01 7.536935917805096530e-01 7.679852477406337030e-01 7.625758520454553047e-01 7.793763707001083452e-01 7.514076933889523024e-01 7.596462088923948697e-01 7.452146768345155881e-01 7.473551867107511848e-01 7.546869715077669794e-01 7.487359945829004104e-01 7.581823557915255973e-01 7.644084129488381008e-01 7.536729084501502252e-01 7.725399987989792772e-01 7.559775106738713113e-01 7.716079184693309667e-01 7.638761809717539153e-01 7.495106953707728614e-01 7.458610336712008237e-01 7.519253689198223123e-01 7.392944255419331423e-01 7.378614096668345557e-01 7.755031978956882233e-01 7.752825626789536795e-01 7.456216874888170754e-01 7.160688065529159374e-01 7.199858288950368168e-01 7.557605522195470771e-01 7.443751996501364321e-01 7.481269301962797380e-01 7.233749661615611615e-01 7.346347934178087957e-01 7.152498936224520598e-01 7.381048586078863272e-01 7.381753726540951632e-01 7.445488409174134681e-01 7.361614203791180255e-01 7.582803289979513917e-01 7.539538373510062952e-01 7.497962152013225579e-01 7.674779625207609479e-01 7.581287933629288212e-01 7.540592801704212311e-01 7.604019487518237641e-01 7.625536922666190653e-01 7.571249003147240142e-01 7.627970451303045518e-01 7.626716926510256345e-01 7.604490538749618667e-01 7.790046195437453358e-01 7.692302592497332059e-01 7.711463869773329538e-01 7.749973732113366598e-01 7.742279032766464786e-01 7.759503048112442736e-01 7.641724110673419057e-01 7.735023377443908110e-01 7.727755502188112802e-01 7.592935494758034087e-01 7.625060422647029768e-01 7.584663269162016386e-01 7.614177586939101516e-01 7.635418957687061248e-01 7.678944977391978233e-01 7.576649299060523868e-01 7.676890948660053393e-01 7.666478821848651259e-01 7.598666287903728112e-01 7.560591940707537262e-01
1.612969597759247031e-01 2.065529543832455295e-01 3.710527543354129043e-01 5.466683282548879808e-01 4.363410712842343275e-01 5.284562858747552383e-01 6.968172039076884205e-01 6.427140026980195930e-01 1.000000000000000000e+00 7.423974523910286116e-01 7.992739697363370199e-01 8.186016712094358327e-01 7.690471994004968170e-01 6.274520877366275284e-01 8.156889759652803384e-01 8.005822045106965046e-01 8.114203092285064978e-01 7.562881876982456841e-01 8.015950997725712623e-01 6.021448082824855108e-01 6.435193281396459630e-01 7.673196452199714246e-01 7.682356244330190709e-01 7.207994725390791668e-01 7.742784731940067777e-01 8.467506865682448147e-01 8.438047048723145149e-01 8.321009433070546413e-01 8.328922055508488631e-01 8.370616676637511189e-01 8.738559018116601740e-01 8.614173136772326211e-01 8.082095821672431457e-01 8.327258602352247685e-01 8.379338404050556965e-01 8.023415629630964441e-01 8.512360342968162685e-01 8.363346366825566980e-01 8.653810768734113701e-01 8.041031845336108486e-01 8.590731146315195854e-01 8.510020253520798050e-01 8.207812228751086847e-01 8.626036316775581581e-01 8.631596703470207910e-01 8.616627252869236697e-01 8.728663044407333205e-01 8.776687146517527793e-01 8.695752866595564123e-01 8.349904518698170186e-01 8.472039835935621932e-01 8.247786208425272880e-01 8.546036259188443118e-01 8.786248271722557623e-01 8.629517424431467632e-01 8.612153427920290483e-01 8.682123967801743669e-01 8.590744444214205577e-01 8.550953583433417160e-01 8.777420097525093778e-01 8.638748377304666937e-01 8.632422518401707823e-01 8.531285792317790939e-01 8.738038871529421048e-01 8.781454756715842969e-01 8.758398140815485400e-01 8.794702123415126804e-01 8.724828684298634451e-01 8.828096336282931222e-01 8.409329325246459597e-01 8.558526704391393736e-01 8.797467551023432364e-01 8.534493708322865579e-01 8.630008114363590943e-01 8.789116426502452395e-01 8.768917023989754034e-01 8.774531331325097216e-01 8.786158433260763401e-01 8.792426102110704189e-01 8.832486463806409338e-01 8.797943259139925365e-01 8.831419353575786779e-01 8.826647443387843905e-01 8.792267341703235983e-01 8.671180219565719494e-01 8.669829231907474343e-01 8.686045804539508364e-01 8.665359460096914157e-01 8.720825030380221499e-01 8.716947637822174411e-01 8.642243814273063984e-01 8.698025964414990430e-01 8.733606552964636727e-01 8.722855783173427691e-01 8.708962735599136140e-01 8.735275332696417205e-01 8.298750561073602316e-01 8.592556799624736508e-01 8.639469289007819519e-01 8.608484133017156870e-01 8.557966204248760311e-01 8.601068123278085009e-01 8.649164007049268132e-01 8.664684807748620488e-01 8.638105030920970595e-01 8.666027335869098680e-01 8.737342362884278346e-01 8.766082657720054572e-01 8.711794134369722498e-01 8.729654289449032545e-01 8.611082950002031389e-01 8.775056087500495705e-01 8.642685718690235053e-01 8.721580594960631760e-01 8.773881251117435776e-01 8.754487177361002237e-01
7.369624260765872403e-02 2.363395937738140273e-01 3.220185344925131643e-01 4.802134118514264083e-01 3.615295218356353035e-01 4.635848699570441211e-01 6.194826240420694408e-01 5.816702033932225069e-01 7.423974523910286116e-01 1.000000000000000000e+00 7.256073290035489620e-01 7.429436624077349061e-01 6.860401124352416558e-01 5.854923938425246055e-01 7.458873585662825212e-01 7.240874310599214603e-01 7.199951625267139166e-01 6.862392602522363605e-01 7.214392819610494501e-01 5.268403660758272933e-01 5.351279109354034613e-01 6.455397297318800076e-01 6.821489721282210095e-01 6.517001108472040283e-01 6.999046214819323319e-01 7.581539833471714340e-01 7.438610012407480543e-01 7.442909801880978060e-01 7.655300377156166736e-01 7.556508384179601023e-01 7.947650480293048103e-01 7.915356378770099788e-01 7.414052878151015102e-01 7.656997845540354231e-01 7.634288434386915512e-01 7.276223336035745337e-01 7.693900539279663331e-01 7.738919496121599018e-01 7.952329347554812911e-01 7.335101736622287039e-01 7.912648117532065095e-01 7.818676821557339895e-01 7.430157795057467096e-01 7.823286148483081792e-01 7.784344372454300442e-01 7.914244913819074023e-01 7.924807719786383098e-01 8.076325695659398729e-01 7.894800051446505540e-01 7.585617146832768221e-01 7.756744461468435548e-01 7.144232339266337606e-01 7.615171837205307881e-01 7.965570024696198015e-01 7.873492398628180178e-01 7.881161969522815225e-01 7.708233224335232503e-01 7.851738471734929226e-01 7.858395601384901008e-01 7.882631426503144967e-01 7.816801072580225052e-01 7.859501501417969216e-01 7.779548640842169904e-01 7.853301392578314610e-01 7.836616351767113908e-01 7.817300135804940986e-01 8.041293792726812439e-01 8.015926252410234820e-01 8.061680663820021131e-01 7.585926929292098331e-01 7.681049957176553367e-01 8.008210692085321325e-01 7.800890014295290831e-01 7.850886611883960420e-01 8.021428807291038909e-01 8.038478086568986436e-01 8.037432864291409462e-01 8.126916158858440431e-01 8.084945748652883069e-01 8.137825874819808458e-01 8.054664523809005328e-01 8.114300178521992590e-01 8.034032237524031395e-01 8.065956598351134987e-01 7.975940854750239728e-01 7.942574146476830688e-01 7.959457870824094838e-01 7.994874062624104383e-01 8.047681805263072752e-01 8.012911694907274285e-01 7.897591002006689731e-01 7.979661305501782875e-01 7.958124162599956586e-01 8.011266011568649592e-01 7.973589558589281312e-01 8.024531928640050715e-01 7.617442652190911101e-01 7.731480684384234303e-01 7.909065695620246528e-01 7.915792139112381998e-01 7.842050855732053405e-01 7.869370056494339183e-01 7.808840215454598832e-01 7.895527796500220186e-01 7.810041679487660371e-01 7.825077395064170549e-01 7.982426718950377253e-01 8.025645522418841660e-01 8.027838900427735069e-01 7.955980430305814588e-01 7.935030323933476293e-01 7.961902811933613267e-01 7.912999018992148414e-01 7.956865495819510636e-01 7.939953330625487693e-01 7.910613093927610917e-01
4.667056117941561361e-02 1.446129763824612613e-01 3.848796898572051095e-01 5.982202897008002118e-01 4.600064828429717978e-01 5.400475774532462747e-01 7.479387067841982706e-01 6.860587080740871979e-01 7.992739697363370199e-01 7.256073290035489620e-01 1.000000000000000000e+00 8.641025778125491774e-01 7.900839289011900579e-01 6.494322651091262166e-01 8.543429385171166235e-01 8.387227571575823770e-01 7.861260387303575792e-01 7.642315142753346446e-01 8.087709205008321023e-01 6.360629790155065688e-01 7.045216082222094389e-01 7.891503795652539122e-01 7.666906954960851506e-01 7.396451500059388895e-01 7.733258516576333452e-01 8.684692094932282558e-01 8.535565728048803980e-01 8.488387732082393056e-01 8.318034034108502395e-01 8.274105492514972626e-01 8.813536532211987407e-01 8.766570838161192869e-01 8.227288221740025609e-01 8.445700708293027992e-01 8.392973056320169878e-01 8.367361872481313689e-01 8.642035305658839484e-01 8.639451046993146255e-01 8.826086403457036322e-01 8.606277523729205514e-01 8.874130173860523829e-01 8.793193712369078430e-01 8.651047354199195016e-01 8.897875376902232292e-01 8.850746674726281960e-01 8.816035132812698460e-01 8.939595070193618875e-01 8.918867533019922966e-01 8.893938383159265548e-01 8.649663939326166506e-01 8.844011452562783315e-01 8.396017394358618047e-01 8.761982294033993091e-01 8.877228758161711530e-01 8.797491287256188341e-01 8.895332744960153804e-01 8.756787105718779607e-01 8.848306807012356057e-01 8.881887403520650759e-01 8.873482283798935777e-01 8.904323581662628717e-01 8.863644502374498080e-01 8.824463152517831865e-01 8.862148319790157380e-01 8.821101427176875065e-01 8.813352699907774923e-01 8.898622991334150800e-01 8.897788538626487664e-01 8.975823261841500145e-01 8.713141241946275040e-01 8.862382417858575279e-01 8.919936710072465802e-01 8.745836645984268465e-01 8.827774357864429655e-01 8.986023096753489314e-01 8.961058968195914076e-01 8.959734181043063073e-01 8.877760215941513655e-01 8.927762351937766905e-01 8.886282184534739503e-01 8.956139181768744129e-01 8.960874625287178485e-01 8.921560350149829732e-01 8.920642178540792999e-01 8.904362222843759112e-01 8.881591651848667057e-01 8.947157199426756247e-01 8.931045698133144306e-01 8.928996824332755544e-01 8.953503198197630963e-01 8.938907911879260260e-01 8.945954093944697982e-01 8.956482596024457621e-01 8.951020317317636144e-01 8.920878182272279355e-01 8.929934003540332954e-01 8.745899567435956312e-01 8.797181290775401008e-01 8.910899870174781023e-01 8.929815947018907574e-01 8.902669151947013582e-01 8.912898705961435075e-01 8.865640529760316912e-01 8.949533551764629058e-01 8.895168542085457597e-01 8.861777446504621736e-01 8.933072684042350220e-01 8.945078627659389658e-01 8.970054768792835587e-01 8.932100400136590013e-01 8.921608824475175670e-01 8.899728811060506617e-01 8.911650034288969291e-01 8.923983941555321264e-01 8.901811525159161187e-01 8.895088093558962683e-01
2.132971664543910351e-02 1.117027744270170375e-01 3.864082904558922560e-01 6.712965556332605166e-01 5.142266660685134161e-01 5.546316736585471530e-01 7.982708308432168165e-01 7.656613056950642981e-01 8.186016712094358327e-01 7.429436624077349061e-01 8.641025778125491774e-01 1.000000000000000000e+00 8.211997249687279510e-01 6.825778155545402237e-01 8.962657705804236707e-01 8.997972367034278163e-01 7.993776172664238677e-01 7.699563658327693849e-01 8.159770808803084030e-01 7.431596669283782042e-01 7.916250832238318491e-01 8.388697144297053709e-01 7.702411434292733006e-01 7.586255899132545721e-01 7.803545747141819033e-01 9.070520168255531424e-01 8.802536923348434073e-01 8.672628435732184782e-01 8.454937676106060174e-01 8.297865507378879846e-01 8.905361855435581786e-01 9.002307280344733487e-01 8.398687005955959295e-01 8.712252393876308565e-01 8.570893703841270250e-01 8.820529318609358072e-01 8.923787356457940634e-01 9.008057259475451550e-01 9.117718207259989383e-01 9.022430792220197393e-01 9.216838558410235249e-01 9.145075641056673588e-01 9.127774953428126059e-01 9.303496149687228156e-01 9.221199650581958229e-01 9.171288712530721865e-01 9.295599677567027985e-01 9.246595665984941315e-01 9.298193982437749083e-01 9.080514857886446967e-01 9.264402968951553907e-01 8.974805631711227916e-01 9.214462870191659771e-01 9.195073346473728870e-01 9.152077265659206429e-01 9.255380660077587862e-01 9.137630729255711293e-01 9.177093702153984456e-01 9.260218103832822401e-01 9.227990007623960711e-01 9.311555920019375376e-01 9.208944670241004937e-01 9.253714449135140852e-01 9.238959648862695717e-01 9.173659831216806060e-01 9.184880789986291649e-01 9.211154192234571880e-01 9.167991346961649191e-01 9.248058166633462696e-01 9.299700540511993685e-01 9.320261788366202005e-01 9.217857486334695150e-01 9.013568959783081480e-01 9.101199351932599546e-01 9.319718488354271635e-01 9.234619547294614650e-01 9.237657990173947509e-01 9.103652933522924373e-01 9.153096755772036630e-01 9.082382575417098369e-01 9.229531395540403471e-01 9.223579083005311041e-01 9.188461394568960827e-01 9.151673070952964784e-01 9.223090290581474893e-01 9.224998958873805721e-01 9.255167528058033666e-01 9.267810157004227056e-01 9.236796319028222069e-01 9.245188722383469448e-01 9.245774605567244064e-01 9.284358637351679544e-01 9.294164357607446192e-01 9.275683090120229179e-01 9.277242833750676265e-01 9.263998482558798431e-01 9.193561446027300743e-01 9.241516402422059739e-01 9.295684265187031947e-01 9.302790479972321558e-01 9.295469732987763356e-01 9.309765307674913171e-01 9.284261178775103929e-01 9.321905954698110897e-01 9.323276332858037030e-01 9.212807772252550320e-01 9.275851031143322878e-01 9.267537714131377502e-01 9.288642030235898517e-01 9.283168534522411308e-01 9.287008298583947496e-01 9.250972977162671418e-01 9.273957622708037807e-01 9.278110172529632216e-01 9.259261844401096564e-01 9.244696577595284959e-01
2.205278574957008492e-02 1.008226530877521787e-01 3.541817883547236923e-01 5.603586100575853601e-01 5.029835626367545887e-01 5.114779746373592229e-01 7.240390573615741454e-01 6.979217781461463099e-01 7.690471994004968170e-01 6.860401124352416558e-01 7.900839289011900579e-01 8.211997249687279510e-01 1.000000000000000000e+00 6.340738050081969890e-01 8.388170268150335618e-01 8.303818498556864158e-01 7.457108086081960518e-01 6.941132547133965769e-01 7.559540956685694146e-01 6.632807184410429713e-01 6.989262815882435476e-01 7.508234043978871952e-01 6.899701877318604737e-01 6.855967222147451023e-01 7.099749848657109785e-01 8.182155100297712202e-01 8.006438626629370781e-01 7.838511812847099858e-01 7.646487617738402243e-01 7.499999519117902524e-01 8.096927159612848923e-01 8.240493282924612473e-01 7.589252252723046599e-01 7.912262827380879271e-01 7.811452013702581132e-01 8.005413681747390875e-01 8.089677222806469503e-01 8.239119903704584802e-01 8.419996241541413129e-01 8.137547573347490015e-01 8.518909383702318872e-01 8.496019658575392208e-01 8.441529484880101464e-01 8.578590466155127103e-01 8.544221122546965530e-01 8.433178837362806934e-01 8.664348828279857528e-01 8.635651286962774398e-01 8.558637109715835356e-01 8.188225497721345336e-01 8.409969333085035581e-01 8.305815899516447720e-01 8.496451593352248866e-01 8.563086397153690799e-01 8.378662888007769594e-01 8.488755183108674940e-01 8.431514727092238592e-01 8.600317663884454733e-01 8.514392588631806147e-01 8.683336835802210052e-01 8.667939206930542761e-01 8.568410544365311354e-01 8.488622321164561724e-01 8.568625563580891669e-01 8.559306136831423828e-01 8.569398375165615533e-01 8.622030761406879185e-01 8.552571552154697443e-01 8.558244996192602150e-01 8.546397289895705240e-01 8.604051064281216243e-01 8.589746950098875455e-01 8.381002960819706749e-01 8.419397062424840428e-01 8.641235793731047998e-01 8.561541926873915687e-01 8.605159048722945681e-01 8.469442797113264643e-01 8.509732282707649365e-01 8.431143392177967710e-01 8.524976422844010582e-01 8.564689297651840727e-01 8.529433278213148784e-01 8.480501010980118215e-01 8.500473653964470966e-01 8.520331430240914994e-01 8.567911303738233730e-01 8.624991559920914819e-01 8.611080870493990069e-01 8.588682917285125340e-01 8.596152575549399488e-01 8.683383908027141329e-01 8.658799112868459380e-01 8.664627119542548384e-01 8.687002825373979498e-01 8.679099959924896357e-01 8.516085935693096243e-01 8.527095230583952024e-01 8.651290227943483346e-01 8.656595895032139776e-01 8.673629845541709349e-01 8.636089335918888388e-01 8.669259834469000836e-01 8.721093472648201450e-01 8.660143184725035415e-01 8.583124227522963556e-01 8.652015720559310674e-01 8.668927922527666086e-01 8.670524483076069711e-01 8.698837681650966047e-01 8.669287947771856517e-01 8.698649394617348207e-01 8.678912805958121091e-01 8.660887694186540919e-01 8.629774085568574504e-01 8.649027428017062036e-01
