1.000000000000000000e+00 2.066456808113178722e-01 2.538746630380216418e-01 2.695330771202361642e-01 1.478634077190902618e-01 8.616939484919794445e-02 1.845535084778519852e-01 1.852769920794765657e-01 2.333072628805920867e-01 1.016980978113344175e-01 1.323541707100711617e-01 1.276499931329748705e-01 8.084324822904775942e-02 -1.706642684897917428e-03 1.093827477463107933e-01 1.085336153248801366e-01 1.774458648415555284e-01 2.144293234483007904e-01 1.423116914590125126e-01 2.579168353114404399e-01 1.965655105464692576e-01 1.737376717215038946e-01 2.025760040424147979e-01 2.462107028946242948e-01 1.760993124956587719e-01 2.360315670111396702e-01 1.883526818607166864e-01 1.917073306466786642e-01 1.625566549373847203e-01 1.681757990920022816e-01 1.178237213593747723e-01 1.427654147364434134e-01 1.537346226786710512e-01 1.449744198112384308e-01 1.295342469513533490e-01 9.638734078049732146e-02 9.081026881088100078e-02 1.135209019091807658e-01 1.044882492401708746e-01 1.307466621420738939e-01 7.232215871953166786e-02 8.986614721886553026e-02 9.141868414065153214e-02 7.067783361158015698e-02 9.169138399615144042e-02 7.202527314302219208e-02 4.251561890074404687e-02 4.760404251739724923e-02 4.920303176748255791e-02 8.821077081620903870e-02 7.478654944877623223e-02 1.023196543180286966e-01 8.071837379635496412e-02 7.823127685189651404e-02 1.087148002125788021e-01 1.109037840401932568e-01 1.186348935950404526e-01 7.411471777458342181e-02 7.360277025811282070e-02 8.741370956094025868e-02 6.578444371315016193e-02 7.032755249527808394e-02 8.582238230773654719e-02 5.907594786969933703e-02 8.952520718645592956e-02 8.343793341008061415e-02 5.627820820671754903e-02 7.365882661970084289e-02 8.608559784608837973e-02 9.128098407401057102e-02 6.163603628568724291e-02 6.800343899922225988e-02 1.094871060437487970e-01 8.951629219377722768e-02 9.734038360586140526e-02 6.320956826297066677e-02 7.315503162777607649e-02 7.616336409603201296e-02 8.349119965541045019e-02 7.185720823523222833e-02 6.875827649738851244e-02 5.747425625562407880e-02 9.188492960652645813e-02 7.211479590405549256e-02 7.035180537804737455e-02 6.941520009249692313e-02 5.216851150989631342e-02 4.937919793753926118e-02 4.562159223758412152e-02 9.004949005229374859e-02 6.035305485437671841e-02 3.184697304033257820e-02 4.842671587427391233e-02 4.232266813131680544e-02 2.510737351961973840e-02 2.490877740850998626e-02 6.744373996039114416e-02 6.516415614492460096e-02 4.208127822083098518e-02 4.293630095268113900e-02 4.620295988971629547e-02 5.739377317968649000e-02 4.018604532883865432e-02 3.548393023449565586e-02 4.586892600294403821e-02 8.514321651742425001e-02 3.945600724665652287e-02 4.299641584357021679e-02 5.964954788906041971e-02 3.411209313259420256e-02 4.125642390981414109e-02 4.789498012511327757e-02 4.703341905361165670e-02 4.412771178562500257e-02 5.875423571807435186e-02 5.451257576146628647e-02
2.066456808113178722e-01 1.000000000000000000e+00 1.525083141983965829e-01 2.345084119466367412e-01 1.505236642012618420e-01 1.355805680180815764e-01 2.152001523355164259e-01 2.226095986658253034e-01 2.476091811268185949e-01 1.934553232470080653e-01 2.144313716202095599e-01 2.162131442762059708e-01 1.975321765651255335e-01 1.114515995843015084e-01 2.078148628583048330e-01 2.158992936299523879e-01 2.092753553721530824e-01 2.628569146072927132e-01 2.355678284104299469e-01 2.583198844922806048e-01 2.292127183383156908e-01 2.318836192622968917e-01 2.512915024485182225e-01 2.829551322393122348e-01 2.371461961036675503e-01 2.597201917990886177e-01 2.323660062636970780e-01 2.296180071133878120e-01 2.222057294773897851e-01 2.362992961283639504e-01 2.036947646962446734e-01 2.418070803019220505e-01 2.192598380677999725e-01 2.286086383327247951e-01 2.125471597828735570e-01 1.865538368381802481e-01 1.875113495561419874e-01 2.171421210870431995e-01 2.000681972133993847e-01 2.153836219421179643e-01 1.979380036026267276e-01 1.946280656108453910e-01 1.891804827819728585e-01 1.892324715947216462e-01 2.036792139877275365e-01 1.928402761045811820e-01 1.838740549185265416e-01 1.930775147349964027e-01 1.946584468931185918e-01 1.828692636798880666e-01 1.916879371875464810e-01 1.841197381234740971e-01 1.890235339390512748e-01 2.103781571085259761e-01 2.261450071490663516e-01 2.297487062310235029e-01 2.130309664495622368e-01 2.007496490422271407e-01 2.045356480441635483e-01 1.962151107845913345e-01 1.878243966159660050e-01 1.948876713884908352e-01 1.965068204030467336e-01 1.894202812429098270e-01 1.860180865116819737e-01 2.005264034237995430e-01 1.877024935962766927e-01 2.056852554595998694e-01 2.139785201636244527e-01 2.053813668661136072e-01 1.967193869978942355e-01 1.942167664812291805e-01 2.270122529670724476e-01 2.128690813730551579e-01 2.098985707739000894e-01 1.912081574843480791e-01 1.976800590625128196e-01 1.952182656554800055e-01 2.083546140029222671e-01 2.102957980723122733e-01 1.906793950345792577e-01 1.884739513035678382e-01 2.057394796252211278e-01 1.973893695388947989e-01 1.874150456635964024e-01 1.991711651824525642e-01 1.824957767584630131e-01 1.954810040493178691e-01 1.865972252459452974e-01 2.144715320353564325e-01 1.923809689734728434e-01 1.775913961708408817e-01 1.842374129750070366e-01 1.853119079054201812e-01 1.756796250751441191e-01 1.789029307833506499e-01 1.805310525952719958e-01 1.793142448028659797e-01 1.809949663191478819e-01 1.778726281825164235e-01 1.782013458740130674e-01 1.820760508694202195e-01 1.787393076928869562e-01 1.775957133103657215e-01 1.747951006414621422e-01 1.967566256364687571e-01 1.865157018971293490e-01 1.896516848929922783e-01 1.969345247607965366e-01 1.805002112108827217e-01 1.877920438211616028e-01 1.834294316311365358e-01 1.877777294180364709e-01 1.765840669425033094e-01 1.801659127983746278e-01 1.862874159396527562e-01
2.538746630380216418e-01 1.525083141983965829e-01 1.000000000000000000e+00 4.413825293860214605e-01 2.662086789982984758e-01 2.690617561661498014e-01 4.205917052318353666e-01 3.901260040903054005e-01 4.201042914923214244e-01 3.432734206893318096e-01 3.981875525849840614e-01 4.177583935348139210e-01 3.475301237073479266e-01 2.911586111770619323e-01 4.132416238905792794e-01 4.082212164630191764e-01 4.010156789689051648e-01 4.260637488364213410e-01 4.074095921467365544e-01 4.240355944141599442e-01 4.428586574815386867e-01 4.284829307348122507e-01 4.161317838154841575e-01 4.302447722947821407e-01 4.224324186392409697e-01 4.639529094796998043e-01 4.593607090770521206e-01 4.741794830724274101e-01 4.366809642536753078e-01 3.999712234410142675e-01 4.225351205564014112e-01 4.276073080037247065e-01 4.215861436897220260e-01 4.218393979707815156e-01 3.695159966058120249e-01 4.127828282339737198e-01 3.955647266904602222e-01 4.144076579845759611e-01 4.111377351055879870e-01 4.550933437088958144e-01 3.960995470892214598e-01 4.153590132278463520e-01 4.309826086566571623e-01 3.992168856070977268e-01 4.174676819461930477e-01 3.995508250392216243e-01 3.814946817435508897e-01 3.803419942459096426e-01 3.822043286926458672e-01 4.226554474747376555e-01 4.102853180880673967e-01 4.267016080488679197e-01 4.011623976051661433e-01 4.010856151172040862e-01 4.180836805135408341e-01 4.212618333749741373e-01 4.239924846931193980e-01 4.028156381571255662e-01 4.047340048598900841e-01 3.884713824167365104e-01 4.012366684449487630e-01 3.914856074180180223e-01 4.101382064328008004e-01 3.879137787474306043e-01 3.954023369536260324e-01 4.003500339254816853e-01 3.858596095672345294e-01 4.020597596592875300e-01 4.023675984695490593e-01 4.124374696725394696e-01 4.007340288895754887e-01 3.943281942974546372e-01 4.194325752749167302e-01 4.123974316162832832e-01 4.092875655574744753e-01 3.940945360843515766e-01 3.927782045718396509e-01 3.916163906437928333e-01 4.026735688094298382e-01 3.809784660095681397e-01 3.937605569799977889e-01 3.891659859759044049e-01 4.103573309481473030e-01 3.796895056032021931e-01 4.044795350311819471e-01 3.937007682130619912e-01 3.907024514274249349e-01 3.796025009269286543e-01 3.830245877210144978e-01 4.073628909212943516e-01 4.021443955700912953e-01 3.779388170860742968e-01 3.887960242750260753e-01 3.867013069706766171e-01 3.695738801555766284e-01 3.671525640353034414e-01 4.040723613656275193e-01 3.979673819243910726e-01 3.811144424926833363e-01 3.841145135384698150e-01 3.899673895976990545e-01 3.939815256134585053e-01 3.773692269962717338e-01 3.778197683730972756e-01 3.911600351266028008e-01 3.993599658249529782e-01 3.769028089052753328e-01 3.799170595070101020e-01 3.913569939178042634e-01 3.715738639968974577e-01 3.775750758578184652e-01 3.744206625895025176e-01 3.782539985543124095e-01 3.821538944177155228e-01 3.868994827407777337e-01 3.814978788070332305e-01
2.695330771202361642e-01 2.345084119466367412e-01 4.413825293860214605e-01 1.000000000000000000e+00 3.945071884269885087e-01 3.933219374460795725e-01 6.149534676697944180e-01 5.704227787543966199e-01 6.168867305215474106e-01 5.048099922924068617e-01 6.084683870716969256e-01 6.480686423221774239e-01 5.469423134617986682e-01 4.228406332694471526e-01 6.231560672202778317e-01 6.225916907563208147e-01 6.028690768876927564e-01 6.130216237971469750e-01 5.927376047059803588e-01 5.769328444248433829e-01 6.558680921894924909e-01 6.298400674783252162e-01 6.176631298298272954e-01 6.132728432964492660e-01 6.119910241942890794e-01 6.634692152574871438e-01 6.498053827997694043e-01 6.562412953379248570e-01 6.161180182065991717e-01 5.827378007914165714e-01 6.234922341553935654e-01 6.325552697352934128e-01 6.152730436011927262e-01 6.268952760756796305e-01 5.571932625678278628e-01 6.274257155589682000e-01 5.870887707416304613e-01 6.226330407010642887e-01 6.290971107472013157e-01 6.535466215856705618e-01 6.070717263217391135e-01 6.132755734161663419e-01 6.346481685501967895e-01 6.046491810605935102e-01 6.252300727727279073e-01 6.024306313415878078e-01 5.833908938197104321e-01 5.841052880908031986e-01 5.873256538707569696e-01 6.163466425583424835e-01 6.099437456232570387e-01 6.256279316378784427e-01 6.034683792241366529e-01 6.087547810528209924e-01 6.201919815555708704e-01 6.255393990922766267e-01 6.401869473411051503e-01 6.136768388647013683e-01 6.067741724689271754e-01 6.043499299103369804e-01 6.117080164633963424e-01 6.069934693289819050e-01 6.245808438356854619e-01 6.010688212595846069e-01 6.147180204763083022e-01 6.112673023235118963e-01 5.906443611362024448e-01 6.075270213303400890e-01 6.008155781801708395e-01 6.164609918542507394e-01 6.084534068204213719e-01 5.966503444440459658e-01 6.179258650154841881e-01 6.101432008305178734e-01 6.123792766420199651e-01 5.941878009863669208e-01 5.943404586396174860e-01 5.893868315758140630e-01 6.020930294483433087e-01 5.746313974557004656e-01 5.893668241170165745e-01 5.884329083727989351e-01 6.251901591476535236e-01 5.765544528345103448e-01 6.102275820379963189e-01 5.994301539275493917e-01 5.945063233280324377e-01 5.888461632061928741e-01 5.883571615741783889e-01 6.220209692959006720e-01 6.032455145723528700e-01 5.801175293284528411e-01 5.897508607347843324e-01 5.903408603326734116e-01 5.721992278003844579e-01 5.695522110931979798e-01 6.076276448192289292e-01 6.041475699718955594e-01 5.906700853628235048e-01 5.894445640441572376e-01 5.989984624945805525e-01 6.079474179287402968e-01 5.790114192549737915e-01 5.840914414654410081e-01 5.952897858953158927e-01 6.201608009899509666e-01 5.831997843160775519e-01 5.808751293821874384e-01 5.995665081594359069e-01 5.804315398698616235e-01 5.914872218885884880e-01 5.861315136632611056e-01 5.925190251444634182e-01 5.921224614060303093e-01 5.966860200519131796e-01 5.934938690415005880e-01
1.478634077190902618e-01 1.505236642012618420e-01 2.662086789982984758e-01 3.945071884269885087e-01 1.000000000000000000e+00 3.170606480046984643e-01 5.087559517603076342e-01 4.808257200541388166e-01 4.850668365877296440e-01 4.389543195044181001e-01 4.754257137003021771e-01 5.120693913647613726e-01 4.633679905592626991e-01 3.926389219634990324e-01 5.177679556622313273e-01 5.065348971734728867e-01 4.815318155181415039e-01 4.991382426433137454e-01 4.997966978386952364e-01 4.735713185358016997e-01 5.065420536593204792e-01 4.971872973322863376e-01 5.080559161247483191e-01 5.021683322104960601e-01 4.996228761718375933e-01 5.160054854523689061e-01 5.217683893162586850e-01 5.135662537885455903e-01 4.776652988354256890e-01 4.816515684520847884e-01 5.193798245031475691e-01 5.262618266153320512e-01 4.772941829787391010e-01 5.076620312255846201e-01 4.633394770578770916e-01 5.027588767724294749e-01 4.900601640659663638e-01 5.089197353866232731e-01 5.156213100311751729e-01 4.894972752406367422e-01 5.094197884709380508e-01 5.237445065753548734e-01 5.192665416300509262e-01 5.184275093822888758e-01 5.133185747899405849e-01 5.161284841434858883e-01 4.981867261883130560e-01 4.989604370115449661e-01 5.049690211518528260e-01 4.962940466816236906e-01 4.979687012711884186e-01 5.002262661956733414e-01 5.063817997545568828e-01 5.038595229205413695e-01 5.067488390684093957e-01 5.174153660621486628e-01 4.941622993384810480e-01 5.080775917239609418e-01 4.949689826302411944e-01 5.149060125318090098e-01 5.054413210882271468e-01 5.050294867000394428e-01 5.065795536719133185e-01 5.028610880881818623e-01 5.016100216999718198e-01 5.007818733399337363e-01 5.021706294190070308e-01 5.140579231693711559e-01 5.199226660580702486e-01 5.251699133393830099e-01 5.116898011845896210e-01 5.074624281487633004e-01 5.274020245340828028e-01 5.134229807152317360e-01 5.200475279653440364e-01 5.105557971356571301e-01 5.239050027545002486e-01 5.099271646798694269e-01 5.228443719632960285e-01 5.020863454109507629e-01 5.063696447753175400e-01 5.074915373527665308e-01 5.152917740441670391e-01 5.049013555547638976e-01 5.121296493050714327e-01 5.108644426814763495e-01 5.006628913254752566e-01 5.160583608760853647e-01 5.055543473078217831e-01 5.239160816553175559e-01 5.090399589615762777e-01 5.043665979255309573e-01 5.063549213289281203e-01 5.103178006743234185e-01 4.945087135485210506e-01 4.967952172120072007e-01 5.063430632012190236e-01 5.008249031933276196e-01 5.030268693566271043e-01 5.056295378957689213e-01 5.086030221880435409e-01 5.093668614776741821e-01 4.950478732952983685e-01 5.052321625673672489e-01 4.997686889924924936e-01 5.089071178526585193e-01 4.999736484101656164e-01 5.006373475011243190e-01 5.095724939479154836e-01 5.005741850945337745e-01 5.043177450622805535e-01 5.045989555598606735e-01 5.028746950729455767e-01 5.020095744117941683e-01 4.988565605578311191e-01 4.986526608564984531e-01
8.616939484919794445e-02 1.355805680180815764e-01 2.690617561661498014e-01 3.933219374460795725e-01 3.170606480046984643e-01 1.000000000000000000e+00 5.348381487127399359e-01 4.623949670430753667e-01 5.321727294724428736e-01 5.022877727658530134e-01 5.505855387464384521e-01 5.791498632133497138e-01 5.110300396739492212e-01 4.389899885915221067e-01 5.762978506549174540e-01 5.514455514685457915e-01 5.161701520407406818e-01 5.216205595000923401e-01 5.367211004174243794e-01 4.655081536520528362e-01 5.394390689488566260e-01 5.442350660703986209e-01 5.443684865134963413e-01 5.157299611709506015e-01 5.459188988891033878e-01 5.682194123149445497e-01 5.741645576095303349e-01 5.726319520104908856e-01 5.470817905060326725e-01 5.490762405299637328e-01 5.839820845307477359e-01 5.776428496286496461e-01 5.537882185110026834e-01 5.711636295229995941e-01 5.484099694874841058e-01 5.774988073970530600e-01 5.793657163951780875e-01 5.829820539683226999e-01 5.871914919836771496e-01 5.737364788881966771e-01 5.834935896144177736e-01 5.956096058448313579e-01 5.964721782873930733e-01 5.943267550238383601e-01 5.917410538229628258e-01 5.984089911568605258e-01 5.791900297491714422e-01 5.808822895226917193e-01 5.833994120855097165e-01 5.715874430068993428e-01 5.781545186960641569e-01 5.739801138945900272e-01 5.815119722061862229e-01 5.818354312600857448e-01 5.856318384790879517e-01 5.875439403883869760e-01 5.697229504655869636e-01 5.861461015798302698e-01 5.739955383383816834e-01 5.790030632763429885e-01 5.891682956321659947e-01 5.848538347161726936e-01 5.846277115350665410e-01 5.806547124040793983e-01 5.701680267745321551e-01 5.702952368818752227e-01 5.805149781198121195e-01 5.877995065390136942e-01 5.881859465898459094e-01 5.915525440351708797e-01 5.854114419670977121e-01 5.858629783922001399e-01 5.884279498761629812e-01 5.829314390565872861e-01 5.898545115309832276e-01 5.886666402514348917e-01 5.946451836993974505e-01 5.850212423256254679e-01 5.910258694833873117e-01 5.734432511019883494e-01 5.848768225612758220e-01 5.852488945846942014e-01 5.881872509045386055e-01 5.807401376025879136e-01 5.954716013680422249e-01 5.899252118647325682e-01 5.850556087546724404e-01 5.942614770790546341e-01 5.898009176104848095e-01 5.936515453166572032e-01 5.945888591307105786e-01 5.872622025212738128e-01 5.863204885248429754e-01 5.927105202971585385e-01 5.772232382434673292e-01 5.779028215081688513e-01 5.874023607604004216e-01 5.811893915812180733e-01 5.836530269685243910e-01 5.866917259486225111e-01 5.918031192379669125e-01 5.870911053069961527e-01 5.781456939846948417e-01 5.851522324139986075e-01 5.818791993481102764e-01 5.807661630584762813e-01 5.770256983080215285e-01 5.793069319170907061e-01 5.879038928616651116e-01 5.809821156099639339e-01 5.838394292957713727e-01 5.808567918634581773e-01 5.817354395904956732e-01 5.814226246509521800e-01 5.760547425460406101e-01 5.744734305242955585e-01
1.845535084778519852e-01 2.152001523355164259e-01 4.205917052318353666e-01 6.149534676697944180e-01 5.087559517603076342e-01 5.348381487127399359e-01 1.000000000000000000e+00 7.272603473015748499e-01 7.464358653825415857e-01 6.742015326836203748e-01 7.516472600475345711e-01 7.920925173395617636e-01 6.984451269537957918e-01 6.052597248818839537e-01 8.108697404404681119e-01 7.791516022271052222e-01 7.409299145507595163e-01 7.538995219630989508e-01 7.543345345192135065e-01 6.818265726602762422e-01 7.780872919080762395e-01 7.737352318932972928e-01 7.610698637096421360e-01 7.398679899001988636e-01 7.603208058647346057e-01 7.977624985772812094e-01 7.920484787689243689e-01 7.875022473706680959e-01 7.610223826362696453e-01 7.407024330032090376e-01 7.858218120755976477e-01 7.998985860641110168e-01 7.625773464950236225e-01 7.889052051067216853e-01 7.338225633234455314e-01 7.769153873562477663e-01 7.528109770947322144e-01 8.000137734672831957e-01 8.053696040561905134e-01 7.909992745511420509e-01 7.858786580952773493e-01 8.029496066750754224e-01 8.000722246391780423e-01 7.976224154899907992e-01 7.977536191832667045e-01 7.981418211324611267e-01 7.751092306713236457e-01 7.765450174747922096e-01 7.855268408763798060e-01 7.818567577750565878e-01 7.924905201169988311e-01 7.729671635440443778e-01 7.822531433085654351e-01 7.880290069477365877e-01 7.958062697214709491e-01 8.042506791269178335e-01 7.944522399627125253e-01 7.989649787423946936e-01 7.932737395237974276e-01 7.852137906182844462e-01 7.963433182317241066e-01 7.964587210897288161e-01 7.980878260834368687e-01 7.908520269015096860e-01 7.769713516745875292e-01 7.808615684038312521e-01 7.770786545963249692e-01 7.949766005444903749e-01 7.936890156903024796e-01 7.995423174422520152e-01 7.954314797335670928e-01 7.868957719242584137e-01 7.993719611576661777e-01 7.905409314924732866e-01 7.978196826536125830e-01 7.871015840538825303e-01 7.967808074185419587e-01 7.908903531801645403e-01 8.022413003430907130e-01 7.747845604015404231e-01 7.817654135056218978e-01 7.796456034046563843e-01 7.993018319065541277e-01 7.779649195375973880e-01 7.964111425889555118e-01 7.924541272258592839e-01 7.724057855633889025e-01 7.961022012034845163e-01 7.836129899839106017e-01 8.055447948727053609e-01 7.921041993891417832e-01 7.787888489319033658e-01 7.799580133527113102e-01 7.881276995505325234e-01 7.696525750742498895e-01 7.687016569572069358e-01 7.892134503093973796e-01 7.788529056208300938e-01 7.806396592678513935e-01 7.824485011100329457e-01 7.881890543585465814e-01 7.927924397635616183e-01 7.700028163512221413e-01 7.797260172769976405e-01 7.758064647355714660e-01 7.929332744990310600e-01 7.755866482433021458e-01 7.750139156332952473e-01 7.906941672493984496e-01 7.768336595053543236e-01 7.877312357995827075e-01 7.776204561793217396e-01 7.838635148854962154e-01 7.788997707516670532e-01 7.748661589091846436e-01 7.732354689327818331e-01
1.852769920794765657e-01 2.226095986658253034e-01 3.901260040903054005e-01 5.704227787543966199e-01 4.808257200541388166e-01 4.623949670430753667e-01 7.272603473015748499e-01 1.000000000000000000e+00 7.129518670678743897e-01 6.302184193643990406e-01 6.999812815784246522e-01 7.476519868172000205e-01 6.776277504970210641e-01 5.573840798707615507e-01 7.620679022168224126e-01 7.718759981227176770e-01 6.915235084884293615e-01 6.917402619772397010e-01 6.995776995876247240e-01 6.473847613174513738e-01 7.260592476108472804e-01 7.217904906645686847e-01 6.985369805041569125e-01 6.813716404825309603e-01 6.985788151622035480e-01 7.442299268447332139e-01 7.466450481811464090e-01 7.368479553538546112e-01 7.177996756956960267e-01 6.950508812057906161e-01 7.273986384072871347e-01 7.515123633820033344e-01 7.032977012815133655e-01 7.255423050437475041e-01 6.770331818286943193e-01 7.076720536578109400e-01 6.815575287141922844e-01 7.582622032258033995e-01 7.475178426615497473e-01 7.316893472480330285e-01 7.320671890420661354e-01 7.505895145551395586e-01 7.500651039446645241e-01 7.507236962025075622e-01 7.423258459704882295e-01 7.494416789687227132e-01 7.348965047339931500e-01 7.361443362698469883e-01 7.416807770472528816e-01 7.409912437370655969e-01 7.525214781246223339e-01 7.267806216975807310e-01 7.429421926690432665e-01 7.498317438034384219e-01 7.619615028119479661e-01 7.593259515931399806e-01 7.621784825985172818e-01 7.632799071613591835e-01 7.616953408874028719e-01 7.498205330343133967e-01 7.573276986442203373e-01 7.599294699338166037e-01 7.633809849388950575e-01 7.529873009160394925e-01 7.428745639243914400e-01 7.484626167486917447e-01 7.368419564527186605e-01 7.449875545538500177e-01 7.456903786725369576e-01 7.544919199207008598e-01 7.462030276056996758e-01 7.399739303121928291e-01 7.492320142328756649e-01 7.425929925664517262e-01 7.522970664108592498e-01 7.368556897911072712e-01 7.409564081719537398e-01 7.425856825963687013e-01 7.504211556241889847e-01 7.363391327385527818e-01 7.319708330556060627e-01 7.324342115354334215e-01 7.483216429300437733e-01 7.313198118410642046e-01 7.439258225144289582e-01 7.406433851115068467e-01 7.193168282923454449e-01 7.439045725329880288e-01 7.317135496619717738e-01 7.555050528392484033e-01 7.353774248818660819e-01 7.281081039812505873e-01 7.330578894740514828e-01 7.360114355500616545e-01 7.265132411491318498e-01 7.242024966218202353e-01 7.406988919690038475e-01 7.424507029728319996e-01 7.385162278208264874e-01 7.368077960676920890e-01 7.382107279975623770e-01 7.515337203892262785e-01 7.278061971111134953e-01 7.368670737414471095e-01 7.321095422832808453e-01 7.540215982792861649e-01 7.348154728785789569e-01 7.330510063589931180e-01 7.481819683696681045e-01 7.332152282176410685e-01 7.429600357217465145e-01 7.364706567248898716e-01 7.436300495554208911e-01 7.389370809276275542e-01 7.367217684848318404e-01 7.378288473446708018e-01
2.333072628805920867e-01 2.476091811268185949e-01 4.201042914923214244e-01 6.168867305215474106e-01 4.850668365877296440e-01 5.321727294724428736e-01 7.464358653825415857e-01 7.129518670678743897e-01 1.000000000000000000e+00 7.603831287820981277e-01 8.181931088687015574e-01 8.448926539770380550e-01 7.669367038460962460e-01 6.568678109113872399e-01 8.448485348897634140e-01 8.218603263830543959e-01 8.069218701967451057e-01 7.881199707168937696e-01 8.054916316708642388e-01 7.034958910762763029e-01 7.931513770088435278e-01 8.118495835885759515e-01 8.152754248953254512e-01 7.766544615643521388e-01 8.021939835592855061e-01 8.676238184019670063e-01 8.602511543302181485e-01 8.519723261112126522e-01 8.120627965504044754e-01 8.366704337972833416e-01 8.590086506594865057e-01 8.667347083554512999e-01 8.220665863982220545e-01 8.509725240382390865e-01 8.203010890623735341e-01 8.289195813300875848e-01 8.358434289686519358e-01 8.560053338143390755e-01 8.680641996537002969e-01 8.388020461568673758e-01 8.619625137219791844e-01 8.619145091885034304e-01 8.487461615643723256e-01 8.638255981078926116e-01 8.687066928390076992e-01 8.485867003082313564e-01 8.607269659193075295e-01 8.652369243268125398e-01 8.668296489778249958e-01 8.436613518590589944e-01 8.502489257504788345e-01 8.562486942590832317e-01 8.696963085123675663e-01 8.760519212515683884e-01 8.808020352619554405e-01 8.788283245805793564e-01 8.767491918045099419e-01 8.672829527942003125e-01 8.635325955750655647e-01 8.720491723616992097e-01 8.691057193563870298e-01 8.710513366387976353e-01 8.759974043009446376e-01 8.678866402655237566e-01 8.731316454857124265e-01 8.761648562911773519e-01 8.657607948677543686e-01 8.707540823798687324e-01 8.733640308303262101e-01 8.704137023555557073e-01 8.611108065997130634e-01 8.691605480128495875e-01 8.689965068560073780e-01 8.648312654090172247e-01 8.805330035285718893e-01 8.659804867611400336e-01 8.651275816147049325e-01 8.550231082320972620e-01 8.618564073915403467e-01 8.646357066787566659e-01 8.660011224591193102e-01 8.630845555616668552e-01 8.738717046987081183e-01 8.635840769085293411e-01 8.616594610263568210e-01 8.693262617285868465e-01 8.608513115965135132e-01 8.565596193703993722e-01 8.618798916203407323e-01 8.715649717503934912e-01 8.592700036890976723e-01 8.574722290635368172e-01 8.601524555847755993e-01 8.614582867115818665e-01 8.540837082611032471e-01 8.561259499706613818e-01 8.485693385398322963e-01 8.590315936034782496e-01 8.578868379887012452e-01 8.521643161226507557e-01 8.555633138693428119e-01 8.593626808672581996e-01 8.585398931600524142e-01 8.597560492854519065e-01 8.624559604722537021e-01 8.666017531228152881e-01 8.619227151854567115e-01 8.630654080647043314e-01 8.677759579797893474e-01 8.581238593203138754e-01 8.559565004703607594e-01 8.636346341127035808e-01 8.621030919523928748e-01 8.620572276803177836e-01 8.664437061485019687e-01 8.669887726383704862e-01
1.016980978113344175e-01 1.934553232470080653e-01 3.432734206893318096e-01 5.048099922924068617e-01 4.389543195044181001e-01 5.022877727658530134e-01 6.742015326836203748e-01 6.302184193643990406e-01 7.603831287820981277e-01 1.000000000000000000e+00 7.611002825067835209e-01 7.862213946772566020e-01 7.180159371160689252e-01 6.413228379740641971e-01 7.986423482461131318e-01 7.696158886735581239e-01 7.287769888025704690e-01 7.012294473406053275e-01 7.486236713627597572e-01 6.044377922934671687e-01 7.090460819492527822e-01 7.428456194867441020e-01 7.532339661927431873e-01 6.892979392451297205e-01 7.376726107971682822e-01 7.828487834819830571e-01 7.882448157113912668e-01 7.748680478920023651e-01 7.446827218981678653e-01 7.699595138251895676e-01 8.040324433213421607e-01 8.080037278661583722e-01 7.585470512758045736e-01 7.919204822559563484e-01 7.733000623447011668e-01 7.835553994557401536e-01 7.937801709620450064e-01 8.030185380743463108e-01 8.169828208863043617e-01 7.771629635585143303e-01 8.233590552305672938e-01 8.192025446836892488e-01 7.958816879979405678e-01 8.249284937464520517e-01 8.243189456802391124e-01 8.112798240996006438e-01 8.302477823357744535e-01 8.389588823459700473e-01 8.294559950833230166e-01 7.877001996091745895e-01 8.023974916262655022e-01 7.966527129949717567e-01 8.196483015606129685e-01 8.336459509524850597e-01 8.278948005542775546e-01 8.314514265468972987e-01 8.106931120043769923e-01 8.268498869708315047e-01 8.159823140755495530e-01 8.277674447419560710e-01 8.217357216962590805e-01 8.269684022343487539e-01 8.237763667363884323e-01 8.280268511568430467e-01 8.199178626238319278e-01 8.232299713905609773e-01 8.325194187317140893e-01 8.315787750559912039e-01 8.320266971526205646e-01 8.236906615587143987e-01 8.232014793269071262e-01 8.313321480569837441e-01 8.173600845228917722e-01 8.200369373813426455e-01 8.356515478499565441e-01 8.328228845022160876e-01 8.292850339493288425e-01 8.219779010399370645e-01 8.248179281672375351e-01 8.309665925672596876e-01 8.292899497600683123e-01 8.308983746234108736e-01 8.277973646466424418e-01 8.302566817283292266e-01 8.238976558708900333e-01 8.322056774841882776e-01 8.271899813286256453e-01 8.310399855082315490e-01 8.309138783509586457e-01 8.306933230262933954e-01 8.237505792304159469e-01 8.317671070046838144e-01 8.307408166905778657e-01 8.306696846802622547e-01 8.313924211223840954e-01 8.329289110736058932e-01 8.092743985291285247e-01 8.173899845703460620e-01 8.269572290584994434e-01 8.225099344301584070e-01 8.230819751902485049e-01 8.235922400786005459e-01 8.283323096491503890e-01 8.307302854861658981e-01 8.258231340510130414e-01 8.240827133262429438e-01 8.325125294984783153e-01 8.340998290676071569e-01 8.350574893815444488e-01 8.332709171267372872e-01 8.284564696969769493e-01 8.322996332129789510e-01 8.319035412290795017e-01 8.296007861210772383e-01 8.267709390028877836e-01 8.306652672575092211e-01
1.323541707100711617e-01 2.144313716202095599e-01 3.981875525849840614e-01 6.084683870716969256e-01 4.754257137003021771e-01 5.505855387464384521e-01 7.516472600475345711e-01 6.999812815784246522e-01 8.181931088687015574e-01 7.611002825067835209e-01 1.000000000000000000e+00 8.700997119867618368e-01 7.779847021066668145e-01 6.917394860228761599e-01 8.676441650999447974e-01 8.366538796966217495e-01 7.962683099009175702e-01 7.870174038112632831e-01 8.225725951768320110e-01 6.879387002346800672e-01 8.014725905480872825e-01 8.178027374361409585e-01 8.235331476395270078e-01 7.688078086039153991e-01 8.136299539531803848e-01 8.596183845473100993e-01 8.704224277052269310e-01 8.612163238577017488e-01 8.169927240644342392e-01 8.296308063876250971e-01 8.803213562143550330e-01 8.782988808358813682e-01 8.372700759899571743e-01 8.599988806550213916e-01 8.248824429531317337e-01 8.613400972227376329e-01 8.633101568117956814e-01 8.746099077088016482e-01 8.869911505681110642e-01 8.666270041088247611e-01 8.889864588103562060e-01 8.909045506736853470e-01 8.789292111577752253e-01 8.926041521348128116e-01 8.983401114294246037e-01 8.828329570778877811e-01 8.851626536615561092e-01 8.880678851161788456e-01 8.864422613367507475e-01 8.594618196640299024e-01 8.726064320665586349e-01 8.714997078585552392e-01 8.818834059684736992e-01 8.880078033634797308e-01 8.884626307404955847e-01 8.984243529272025741e-01 8.719648003047085760e-01 8.870159356803525297e-01 8.788052761080710207e-01 8.830549764244258748e-01 8.894488860178813017e-01 8.847634503162243869e-01 8.865955831769084527e-01 8.855261412964562373e-01 8.807272570539498302e-01 8.822326608446031670e-01 8.888657693686873307e-01 8.947456697065758746e-01 8.938438614741759380e-01 8.916693804675461799e-01 8.903688918413594777e-01 8.940367195846338211e-01 8.855533675391409343e-01 8.886774793724465660e-01 8.987016338086677436e-01 8.942788005990116584e-01 8.936896700622857237e-01 8.828700581602560993e-01 8.909216486477133934e-01 8.844721636785852770e-01 8.925355159396313187e-01 8.909459791570273346e-01 8.958423437189209082e-01 8.875260506705555663e-01 8.922737396477870009e-01 8.922364021844406690e-01 8.917303194347939721e-01 8.912827310747527543e-01 8.926642628410044189e-01 8.979819434427214198e-01 8.955697745511622676e-01 8.902676420980820682e-01 8.924042358388136753e-01 8.944067616334873128e-01 8.836565267096889720e-01 8.849982874513180331e-01 8.816536017499110311e-01 8.793867633324184974e-01 8.869530799379222730e-01 8.865253558940507927e-01 8.903414782273640915e-01 8.869621455443909008e-01 8.850972369882591506e-01 8.900383142954518823e-01 8.886066025411802904e-01 8.828797638703307360e-01 8.858056679634774833e-01 8.888771351189067582e-01 8.932952011601186237e-01 8.856499659559396997e-01 8.864406254377494854e-01 8.873388480788403365e-01 8.876355035754924794e-01 8.887030883475616205e-01 8.848305542520937816e-01 8.842813446040587166e-01
1.276499931329748705e-01 2.162131442762059708e-01 4.177583935348139210e-01 6.480686423221774239e-01 5.120693913647613726e-01 5.791498632133497138e-01 7.920925173395617636e-01 7.476519868172000205e-01 8.448926539770380550e-01 7.862213946772566020e-01 8.700997119867618368e-01 1.000000000000000000e+00 8.185778953184933426e-01 7.206114435926419537e-01 9.131956524006858977e-01 8.884046035634153293e-01 8.353761162583221989e-01 8.088486364716407362e-01 8.490120820812081526e-01 7.166145585715889554e-01 8.358666371109189086e-01 8.541907060438989063e-01 8.466460615105713128e-01 7.818463934468324883e-01 8.395410449050721979e-01 8.765608387965538872e-01 8.941619564818993338e-01 8.757826265636905472e-01 8.337179660073232856e-01 8.507852600317006297e-01 8.995921794428641816e-01 9.144221459765266014e-01 8.476151290901049462e-01 8.835524250928681322e-01 8.412054955843323301e-01 8.861923289215409838e-01 8.798187126062438912e-01 9.089772495906338623e-01 9.215705923529563526e-01 8.811812724329096680e-01 9.174107871523162760e-01 9.257988469154838640e-01 9.112640247307408625e-01 9.350578053585586469e-01 9.231571322866399809e-01 9.206095326632812714e-01 9.269917224938853950e-01 9.265686749961743462e-01 9.294127795477548082e-01 8.989254348964874630e-01 9.144579463538783370e-01 9.092600771344759858e-01 9.232665662721291078e-01 9.280480261975644352e-01 9.305462048488264415e-01 9.300185577987284402e-01 9.236972315386885457e-01 9.344881752949549814e-01 9.239487443865053162e-01 9.332866944242085294e-01 9.345775670507033839e-01 9.345419901414400154e-01 9.349180303781278178e-01 9.341779735394861728e-01 9.279448060955919342e-01 9.302749747169645200e-01 9.283353380602118454e-01 9.314635232318225766e-01 9.282806540974066767e-01 9.312015508382122109e-01 9.269663164696959612e-01 9.285259475321185896e-01 9.182581834584935265e-01 9.208785615746947206e-01 9.361442227573870678e-01 9.307669971659927599e-01 9.284437980226726284e-01 9.199826568512955438e-01 9.250805825019308148e-01 9.198946909512454306e-01 9.250214630216878620e-01 9.252414502864918511e-01 9.357193806747093889e-01 9.220212411684401976e-01 9.293306989057764644e-01 9.277950158819575632e-01 9.240057469882090313e-01 9.322172366853568315e-01 9.291571022396306612e-01 9.341103993594029875e-01 9.260483928712238688e-01 9.251029242403571162e-01 9.296218229522740240e-01 9.295409193790659108e-01 9.238864917303297730e-01 9.241459983854706239e-01 9.212576248718891136e-01 9.283557256628471865e-01 9.288747332856429617e-01 9.266058427943049125e-01 9.264601766421695084e-01 9.351997754302784349e-01 9.254569820084000975e-01 9.295145716275273751e-01 9.293276370942094022e-01 9.335687925604295723e-01 9.292701009939832169e-01 9.261115181467316493e-01 9.336982199854146902e-01 9.260174073555296204e-01 9.281419163959482299e-01 9.301451029180526353e-01 9.329775249186933461e-01 9.326249421733499023e-01 9.303831704451092088e-01 9.300033085274089784e-01
8.084324822904775942e-02 1.975321765651255335e-01 3.475301237073479266e-01 5.469423134617986682e-01 4.633679905592626991e-01 5.110300396739492212e-01 6.984451269537957918e-01 6.776277504970210641e-01 7.669367038460962460e-01 7.180159371160689252e-01 7.779847021066668145e-01 8.185778953184933426e-01 1.000000000000000000e+00 6.758463773729689317e-01 8.323047090740848253e-01 8.158910493743225523e-01 7.494269047230298630e-01 7.141625467646312009e-01 7.693700589736904849e-01 6.223443122982177389e-01 7.336579895461531331e-01 7.637628795079225430e-01 7.488799031874266987e-01 6.931252222722373846e-01 7.529421526307348289e-01 7.878355084713364320e-01 8.040978652281943750e-01 7.960274628856370827e-01 7.524871052674284577e-01 7.703487168486943260e-01 8.269795217444666502e-01 8.228205027966877250e-01 7.694727242474402873e-01 8.000633916205508456e-01 7.704059375526663977e-01 7.959175331945770315e-01 7.989889058715523573e-01 8.206973388492082577e-01 8.396019740008012766e-01 8.013909619488137626e-01 8.465058715049705862e-01 8.475618248797086585e-01 8.265452649072573266e-01 8.548288163943047469e-01 8.442509565753055778e-01 8.409131093188072503e-01 8.524168400902930598e-01 8.529914510667359062e-01 8.489018588367476248e-01 8.115793973118440308e-01 8.226520910714069101e-01 8.221494247699353553e-01 8.462062237420147071e-01 8.522711999607284206e-01 8.467906219534964141e-01 8.482710184730605230e-01 8.301411195895962436e-01 8.538614525840654279e-01 8.371450374450086773e-01 8.567625581749762631e-01 8.470410582233180996e-01 8.495554824070350453e-01 8.498526380594414453e-01 8.526711542769190855e-01 8.507979831480936284e-01 8.528139329869353080e-01 8.567389746703673037e-01 8.545722784921240267e-01 8.496030444912378021e-01 8.492268317530846655e-01 8.504555770040871376e-01 8.549515500330223672e-01 8.374054772430825633e-01 8.459184703796177596e-01 8.563895709718528648e-01 8.528258423723700243e-01 8.474454489301240789e-01 8.379793790833681699e-01 8.464925269066275737e-01 8.434839177714249514e-01 8.507990793507512750e-01 8.547258483401517504e-01 8.516092156549154302e-01 8.432579409149227878e-01 8.453530536468882861e-01 8.507263300972907061e-01 8.501111922690564038e-01 8.504560495018866906e-01 8.528452856141387484e-01 8.536935087949633072e-01 8.464188352730954712e-01 8.576394430807389169e-01 8.569560819479266067e-01 8.567799505463808973e-01 8.555999420708373382e-01 8.559909141007288058e-01 8.360026997427041362e-01 8.411196446070997590e-01 8.504811003270953407e-01 8.473369262596819329e-01 8.518757491276623961e-01 8.500650822178242860e-01 8.556746826346667278e-01 8.568328624456033049e-01 8.549508875507499939e-01 8.485291978935931567e-01 8.561280692823757255e-01 8.590067584144559509e-01 8.597678092402594174e-01 8.544915536966181113e-01 8.537463467022771146e-01 8.602074333656828387e-01 8.559810472409123960e-01 8.570502332587499605e-01 8.583490101452272425e-01 8.590553838925345520e-01
