1.000000000000000000e+00 1.229481528597283352e-01 6.825488543913367512e-02 7.938720720955166898e-02 9.827678140049239675e-02 -2.930272575315686842e-02 3.916453237474543103e-02 7.919309731691465126e-02 1.103242864017399683e-01 6.839547111027086124e-02 4.704777942525462109e-02 2.699678982727975185e-02 3.518636310470121126e-02 3.684891451145603115e-03 1.670465558790666660e-02 3.963998020621187224e-02 8.625105376562937354e-02 8.412216159596186404e-02 7.648055363354841485e-02 3.913954671216651748e-02 1.493808317235932048e-01 1.217071112161237645e-01 1.154559594389382715e-01 8.865648880755791494e-02 9.354395051214521584e-02 9.723566046076353997e-02 9.566421671096488055e-02 7.245889376689383654e-02 1.003137669031517604e-01 7.711481219721674774e-02 6.816387015923837389e-02 2.624153611550451501e-02 2.024045331536017400e-02 4.361827937862893662e-02 5.954342728135193080e-02 1.065806663005139793e-01 6.264656811554822347e-02 1.964128141228566049e-02 6.021087919040783026e-02 -1.544589232376081256e-02 3.799351963904937929e-02 1.162666894183730405e-02 3.676307457660083194e-03 3.329155271378083508e-02 4.073878009090090013e-02 4.041007483329975281e-02 1.336956033078270066e-02 2.348407982307063047e-02 2.410300676635738701e-02 4.961106300895266885e-02 3.023184842491200355e-02 2.957756564523621526e-02 1.612273727556438538e-02 5.320993740223522311e-02 6.192814944146628892e-02 2.589551515802194712e-02 7.679919571979280934e-02 1.702439908373036548e-02 1.320610585265526334e-02 4.421847260432985177e-02 3.147166181709317584e-02 3.071435668029424276e-02 4.112213919343972457e-02 4.661942885943864967e-02 8.579879847310420415e-02 7.717587843503305456e-02 2.896228722340179682e-02 3.364351346832155504e-02 2.813122276379525707e-02 2.581405399066696166e-02 4.875348204204248831e-02 3.435817421857278314e-02 3.107890554353746546e-02 4.204314611381920058e-02 3.224825028986708780e-02 3.073806882682632302e-02 2.415883897802767466e-02 4.394317747354501563e-02 2.213243243219903053e-02 3.597437670369499352e-02 3.304055546171489471e-02 2.373001886852405332e-02 5.276114022346899829e-02 2.113486352109663485e-02 9.334076295823945379e-03 1.488791059699077005e-02 2.531248290005197119e-02 1.355834104389637765e-03 1.586385637928242748e-02 1.591515101679487343e-02 -1.894972482408921813e-03 1.044202888813416247e-03 8.048073665018209977e-03 3.167053011062515456e-03 6.973406801963861340e-03 1.460594311004826881e-02 1.119073654881253162e-02 6.328019376984722610e-02 1.517855818526262640e-02 1.178544187953247530e-02 -9.630316656969098790e-03 2.558717749096980215e-02 1.359233582106927907e-02 7.995741305913225960e-03 3.052984580309802201e-02 4.813415850696725617e-02 2.907482607391819601e-02 2.354717084898565183e-02 1.958207168341588589e-02 1.285534587712915990e-02 -1.299377668221706264e-03 2.296653043891230123e-02 1.371380458127807039e-02 3.081807337837607491e-02 4.170625417355879744e-02 4.674613206065222903e-02
1.229481528597283352e-01 1.000000000000000000e+00 1.216707697732613419e-01 1.059676819782907203e-01 8.728739049211385603e-02 7.430881309751530273e-02 1.606781521731657503e-01 1.745575673417456286e-01 1.854521317605875574e-01 1.884044272176368939e-01 1.876722889905474145e-01 1.549024936271535813e-01 1.475228288068195504e-01 1.173483054344739152e-01 1.648467809299755948e-01 1.801453944310724975e-01 1.886324620862882551e-01 2.302559004886666205e-01 2.215786445359546331e-01 1.482057540662578277e-01 2.207060860139470337e-01 2.175147332391386967e-01 2.571194711857578419e-01 2.331535835545095747e-01 2.373203103140760217e-01 2.338828346171633599e-01 2.255625363448523768e-01 2.204337275455491019e-01 2.281506428783596496e-01 2.260843091141435390e-01 2.165588593903154391e-01 2.108898019094313514e-01 2.322707795692147137e-01 2.262083606300340499e-01 2.248295228215516639e-01 2.399453613287886589e-01 2.240732401541447316e-01 1.899870430527814680e-01 2.056562636808052791e-01 2.083455194697073909e-01 1.970687986414530746e-01 1.818207853948676789e-01 1.741715866946049740e-01 1.722361058748190787e-01 1.843477753924125939e-01 1.967318216368275918e-01 1.660687352743675516e-01 1.672226742938035249e-01 1.721608300736656716e-01 1.914498741486515554e-01 1.855993462228079649e-01 1.417793630367483182e-01 1.485742823984056993e-01 1.737886712594401972e-01 1.936303244741856833e-01 1.928985040328653755e-01 1.779225926218600262e-01 1.623388644541316483e-01 1.755590561079112266e-01 1.614584560607159602e-01 1.680746180180559268e-01 1.593567415862442438e-01 1.675225706101611534e-01 1.639612211777072004e-01 1.738036070985029546e-01 1.593980671259803417e-01 1.638681516241422831e-01 1.861253439954499989e-01 1.832585690582577698e-01 1.639441607964864100e-01 1.851890886043048579e-01 1.764395352219402802e-01 1.814323338165075294e-01 1.869240253916828187e-01 1.823516001233892181e-01 1.772611684732319226e-01 1.697239672141369893e-01 1.876551692974720575e-01 1.703566880108003390e-01 1.741601203966572087e-01 1.879729751331219445e-01 1.699232986504799758e-01 1.922367347626225687e-01 1.742562551118040648e-01 1.820058953246240507e-01 1.767404716534755338e-01 1.881159126180058649e-01 1.679240728559678320e-01 1.758093553385712826e-01 1.781368356096018901e-01 1.744089661272446856e-01 1.636207372016066364e-01 1.652145068372429804e-01 1.673909252192474217e-01 1.543579967975686751e-01 1.603559184013509109e-01 1.601080988513340631e-01 1.676082668691460387e-01 1.575795678052270554e-01 1.655147955529722159e-01 1.538382927014739499e-01 1.614049582037058450e-01 1.453133427994801885e-01 1.519003937986624087e-01 1.549408461968064254e-01 1.580734328303789182e-01 1.666347244427768270e-01 1.691339111063561718e-01 1.728561242988153335e-01 1.541033279859983784e-01 1.606817298632735314e-01 1.561478706921217985e-01 1.534230471985098820e-01 1.596516599503291778e-01 1.569888094337433260e-01 1.479029158610882522e-01
6.825488543913367512e-02 1.216707697732613419e-01 1.000000000000000000e+00 3.230347995797795413e-01 2.069195215870793247e-01 2.391440827655243462e-01 3.545804476904652613e-01 3.210310393625175340e-01 3.229533656531704544e-01 3.081580406108091474e-01 3.631008817080628170e-01 3.904780413609272305e-01 3.285256807581033445e-01 3.147316793629484355e-01 3.637485938438647648e-01 3.633481681291456100e-01 3.401430013059806856e-01 3.416900450223887553e-01 3.361923996791429947e-01 3.585352017181919759e-01 3.865281969838209597e-01 3.760057781011296174e-01 3.526372785916168096e-01 3.363730201733923786e-01 3.323014839229609940e-01 3.895186401843414581e-01 3.867402414623452578e-01 3.681215268904576843e-01 3.580531625384942851e-01 3.693481607269343825e-01 3.924214306653464046e-01 3.718763867232640630e-01 3.541159850074725446e-01 3.732036161215732673e-01 3.692206327566865953e-01 3.858377879281293943e-01 3.903566718856048556e-01 3.636908059096500279e-01 3.719711385443710272e-01 3.669431535368515296e-01 3.891346036534714670e-01 3.707600102118414620e-01 3.775831033973651718e-01 3.756673666516899823e-01 3.869107971954511838e-01 3.707753513489046027e-01 3.686404447303280318e-01 3.649267324939694523e-01 3.650628876429506953e-01 3.658209872939947593e-01 3.691476576486955041e-01 3.755803363087179547e-01 3.749885117240472909e-01 3.686810096360061406e-01 3.740376152743268845e-01 3.823810205999277345e-01 3.634650904266328864e-01 3.638180577978355479e-01 3.638177360833518281e-01 3.679905424518881696e-01 3.679605433568516326e-01 3.606876827666277707e-01 3.634598345081029303e-01 3.576996863389422798e-01 3.777447406944408059e-01 3.688256809629089084e-01 3.699624719408478035e-01 3.717121777631236523e-01 3.702303343873555863e-01 3.865826476105539977e-01 3.844266363092558869e-01 3.757984658159981839e-01 3.674747888757293190e-01 3.705417423835469792e-01 3.746272215036751119e-01 3.723409578126463670e-01 3.623279071579617594e-01 3.666152220053840449e-01 3.609759983115028992e-01 3.730279249214925041e-01 3.703859539789899902e-01 3.759723894787760368e-01 3.795048007532434431e-01 3.704730475742724072e-01 3.726368655461832491e-01 3.711532941784348449e-01 3.793476678349392284e-01 3.699972262819676283e-01 3.696758528792201681e-01 3.725084930076404954e-01 3.723733457821437609e-01 3.720299998543406539e-01 3.713304346882833618e-01 3.693670929217824916e-01 3.645166386255453417e-01 3.638766078393024794e-01 3.672155603126606715e-01 3.616881965736291615e-01 3.642737329872499097e-01 3.702634190208757281e-01 3.650647636417986286e-01 3.661441720214527185e-01 3.681405386802292790e-01 3.686302350302316233e-01 3.748756611552501172e-01 3.551483214181744286e-01 3.669205191299044211e-01 3.702028726158655414e-01 3.739755990577807165e-01 3.645798173550603982e-01 3.651878285785281064e-01 3.673003819003573533e-01 3.641849684828016853e-01 3.624544620150494945e-01 3.729349815375885280e-01 3.664494301732383885e-01
7.938720720955166898e-02 1.059676819782907203e-01 3.230347995797795413e-01 1.000000000000000000e+00 3.381059648022524122e-01 3.387226582894224958e-01 5.564626363439681977e-01 5.358276446540134463e-01 4.674073865777874093e-01 4.300942638259376838e-01 5.352109701746033954e-01 6.347454642064983554e-01 4.673999459310326787e-01 4.312279249278015980e-01 5.558065882430088811e-01 5.302296453312939084e-01 4.985951184966038729e-01 4.952276403510577074e-01 4.753765744660536363e-01 6.334880962822125872e-01 6.662335885384470524e-01 5.749767801348002472e-01 4.805970563774014104e-01 4.760337325400497144e-01 4.590788224225580416e-01 5.406000725217295910e-01 5.440555481821158779e-01 5.140821941598078260e-01 4.699315531832024551e-01 4.945419967187705823e-01 5.479895192079787813e-01 5.000230736159828604e-01 4.839994897142420593e-01 4.982968344753434531e-01 4.915512393872614738e-01 5.518463380284307496e-01 5.257371796586922663e-01 5.320100074186325800e-01 5.133979134134628586e-01 5.521960136607861891e-01 5.559722036974178438e-01 5.190572417049007514e-01 5.618384581700562874e-01 5.511062758373128645e-01 5.789259542397680036e-01 5.130665943670047469e-01 5.137532637102879551e-01 5.166859766392016828e-01 5.191718098912500023e-01 5.473329529821140405e-01 5.421610236651795978e-01 6.173949610848639136e-01 5.895953385481609299e-01 5.047116316788665680e-01 5.066238162807855661e-01 5.279817199153586937e-01 5.228693313675144561e-01 5.247812765849191319e-01 5.104813611120621042e-01 5.185223100758609149e-01 5.285467820591284172e-01 5.109528734958036500e-01 5.089429212189661156e-01 5.166853904599341130e-01 5.449570407658627103e-01 5.252118518751862641e-01 5.174253021181176582e-01 5.328003363762290334e-01 5.192796080161713457e-01 6.109657855223448175e-01 5.732469936983498604e-01 5.351012546824288618e-01 5.362959825689782578e-01 5.415474924045561300e-01 5.319528020689878733e-01 5.263374641084661576e-01 5.031869641079738109e-01 5.091822133250742954e-01 5.043623559535602707e-01 5.204016419513454172e-01 5.137791129933156897e-01 5.237497408074748284e-01 5.389686116555000295e-01 5.167948788060672261e-01 5.416361248812016083e-01 5.308390399560671824e-01 5.423764580181442696e-01 5.407078994341422140e-01 5.182110245660408454e-01 5.415213171214574572e-01 5.373799065744393477e-01 5.267478835822122507e-01 5.366619822756200087e-01 5.212726802675226034e-01 5.134751190987544289e-01 5.134593714401891607e-01 5.676874831836078439e-01 5.412121523432931181e-01 5.315192998267747049e-01 5.435360890824211255e-01 5.309462310319531531e-01 5.403830194339793724e-01 5.413471768322165589e-01 5.377151233205883507e-01 5.613920050244154414e-01 5.267848251050352149e-01 5.275458022877630437e-01 5.221460271414055665e-01 5.320664819217808539e-01 5.173930226926328757e-01 5.258298327115524806e-01 5.196664918734368310e-01 5.249024683225281818e-01 5.239708395316000633e-01 5.326444906744147723e-01 5.338271917768484531e-01
9.827678140049239675e-02 8.728739049211385603e-02 2.069195215870793247e-01 3.381059648022524122e-01 1.000000000000000000e+00 2.734106076024570564e-01 4.539831527374611486e-01 4.231838517063183924e-01 4.306806778177103001e-01 3.917424549219178931e-01 4.442322343922377459e-01 4.680720973948739871e-01 4.048723569064647809e-01 4.084223891932802775e-01 4.748152961906843550e-01 4.638310030027799069e-01 4.280894460930008139e-01 4.289104371951015793e-01 4.306884813602014361e-01 4.126741728359502037e-01 4.280896620900427885e-01 4.601428775852198783e-01 4.287583695775690762e-01 3.937501368549321534e-01 3.926246144214051714e-01 4.572145380933930192e-01 4.654380880685086708e-01 4.545392707434062207e-01 4.263170781056593306e-01 4.628172109255900279e-01 4.719665473676428746e-01 4.516134270784566973e-01 4.231429186672869824e-01 4.494110397166182769e-01 4.490435542349077158e-01 4.608904819433815025e-01 4.531461997153677368e-01 4.605863004883046230e-01 4.756520958219164208e-01 4.428119030060215788e-01 4.703190420553333695e-01 4.694270763130707347e-01 4.746073245579791045e-01 4.804605559110124990e-01 4.760382919437755045e-01 4.643264466414465108e-01 4.697457833405186967e-01 4.757199356161997406e-01 4.690038707590520328e-01 4.584986443415128288e-01 4.752314214659086322e-01 4.677426166901496041e-01 4.718754913278996876e-01 4.706376141557582771e-01 4.724225959177086320e-01 4.684266434164078841e-01 4.700622662664462603e-01 4.761739946882271868e-01 4.689298054715217434e-01 4.753761738317689445e-01 4.785488588697827672e-01 4.700641538350885940e-01 4.662817757275743991e-01 4.719297020351684302e-01 4.822119989014765351e-01 4.789382859939859682e-01 4.751278152560404200e-01 4.763807354174254827e-01 4.751455107698064340e-01 4.895278142766513740e-01 4.852549316948266411e-01 4.790774574700574773e-01 4.720935174035624793e-01 4.698402958394060080e-01 4.774730182714778115e-01 4.773284951721633584e-01 4.690700814421176479e-01 4.682070431027964275e-01 4.664104570529234439e-01 4.752482516786582512e-01 4.735456347599081850e-01 4.756344208103588933e-01 4.802413592725490177e-01 4.763322955857964280e-01 4.710455161279172298e-01 4.729931297228840426e-01 4.751986861701277265e-01 4.770754689879393995e-01 4.723871075553029986e-01 4.724908326820814741e-01 4.678170030518740696e-01 4.742343932929815042e-01 4.749159199454280333e-01 4.722704176228093575e-01 4.716797907899535902e-01 4.736417932105901341e-01 4.736981113194200232e-01 4.747668632500504082e-01 4.752308652845506631e-01 4.762688866846158664e-01 4.746638035591824178e-01 4.783317323336968574e-01 4.769804330267601311e-01 4.773920222315185535e-01 4.819417891242772090e-01 4.739852777525970229e-01 4.761450337985596026e-01 4.771488330180728710e-01 4.793875818341610806e-01 4.730610604994374691e-01 4.737598634506188233e-01 4.752499732900379303e-01 4.756786537654216218e-01 4.766165282954010207e-01 4.824357588492079185e-01 4.782132642225451757e-01
-2.930272575315686842e-02 7.430881309751530273e-02 2.391440827655243462e-01 3.387226582894224958e-01 2.734106076024570564e-01 1.000000000000000000e+00 5.007912367029686562e-01 4.319574895644593404e-01 4.799218785444370750e-01 4.701838748505516863e-01 5.184761849507637521e-01 5.501725120605813757e-01 4.646476492403654457e-01 5.021269154388305900e-01 5.494877337922065008e-01 5.437097744434276070e-01 4.963762998004733751e-01 4.720490195638342712e-01 4.955472234546171029e-01 4.564435137143760812e-01 4.438653611633486817e-01 4.971189959610806119e-01 4.698989253272800037e-01 4.523464686815298896e-01 4.622879281935215467e-01 5.265506368908089430e-01 5.229366536637668483e-01 5.183793852115440304e-01 4.997613757823675118e-01 5.305245923884881476e-01 5.640522463656628682e-01 5.404112853808098471e-01 5.025396115036285805e-01 5.209572427984686671e-01 5.237287978056530680e-01 5.159164151775861296e-01 5.318941745831238244e-01 5.413972714345830495e-01 5.427544427113367709e-01 5.350927572997274950e-01 5.579909249946912730e-01 5.649860388585074000e-01 5.680622891778842609e-01 5.688449037613930725e-01 5.589397240187650162e-01 5.456504640562980235e-01 5.710613841923086742e-01 5.686298488504268889e-01 5.613432457979510293e-01 5.401824443634736239e-01 5.567981397578538605e-01 5.513504433080881340e-01 5.679905875117838843e-01 5.581762791921832667e-01 5.543693079024163417e-01 5.553673234609611820e-01 5.493864366823285605e-01 5.649694627835600835e-01 5.578567244509600176e-01 5.610682594756283281e-01 5.669667146277527214e-01 5.597407080012075653e-01 5.548955338553994698e-01 5.579435775316927693e-01 5.542793925057564186e-01 5.570798082974262044e-01 5.635503194575778307e-01 5.657121579730688410e-01 5.589014193474978187e-01 5.658633411218610965e-01 5.667217988368589143e-01 5.687770952261499424e-01 5.583621776260369041e-01 5.598543938502289485e-01 5.685299320412229296e-01 5.666424422894388302e-01 5.614283728401984197e-01 5.581975758750686856e-01 5.677463314902124747e-01 5.623477555885360024e-01 5.624385083278869990e-01 5.688227433075095929e-01 5.608971862019488386e-01 5.666437991731062551e-01 5.613589501379323554e-01 5.642951626518769581e-01 5.617001457451810120e-01 5.699657382595553212e-01 5.692656008501604248e-01 5.639230942140429637e-01 5.660962522926027418e-01 5.719215625126422564e-01 5.727667999639997065e-01 5.693920924048085919e-01 5.699017425619440358e-01 5.677088149227869085e-01 5.652561234689679193e-01 5.519261904999279711e-01 5.697402985839481460e-01 5.709930109808232235e-01 5.732022812436577963e-01 5.686545514025721504e-01 5.713476290238082012e-01 5.747507555997515283e-01 5.732696490093484032e-01 5.573657115348037427e-01 5.638122641039273741e-01 5.699879708687357605e-01 5.702116387550520971e-01 5.703930390939431216e-01 5.705786990522205837e-01 5.694195152681252869e-01 5.692814295661631219e-01 5.643452986006777250e-01 5.688298651825469676e-01 5.651412170774263721e-01
3.916453237474543103e-02 1.606781521731657503e-01 3.545804476904652613e-01 5.564626363439681977e-01 4.539831527374611486e-01 5.007912367029686562e-01 1.000000000000000000e+00 7.002388595404355209e-01 7.057878856953252455e-01 6.800414568956376637e-01 7.424240430794888379e-01 8.013096465339063501e-01 7.113417693875149217e-01 7.013337676207247462e-01 8.355734267898542456e-01 7.891398018627329147e-01 7.231871788038233273e-01 6.839851338336934150e-01 7.023666173742300067e-01 6.930133490643586303e-01 6.797527454460087215e-01 7.318386255563954501e-01 7.085621498109574423e-01 6.508582846908755881e-01 6.534016602198877699e-01 7.673404290637512171e-01 7.744992919474565918e-01 7.746368235245698619e-01 7.213527132272344877e-01 7.675771037731446977e-01 8.058987072177884459e-01 7.807261265271062678e-01 7.300564523183620258e-01 7.641223563525584295e-01 7.648692978298395895e-01 7.510272097550659831e-01 7.746305563562607688e-01 7.971684765672568673e-01 8.031169622852029066e-01 7.915391516953398376e-01 8.104319616353420352e-01 8.075313063810346526e-01 8.129784533952167935e-01 8.116107109577611611e-01 8.123322374991185368e-01 8.023692411191193363e-01 8.068855299079754628e-01 8.096269776324941381e-01 8.008942344163783034e-01 7.835421536923664609e-01 8.106572716046396287e-01 7.800482820469680778e-01 7.946055824071723839e-01 7.977448542573319923e-01 7.899734383652231573e-01 8.010231438699390027e-01 7.866911758856316439e-01 8.035204435199451156e-01 8.054964963904290842e-01 8.049879698869933931e-01 8.076838049570924660e-01 8.021072565564155710e-01 7.961949627300299870e-01 7.959756027355998631e-01 7.985769206541070142e-01 7.899302455286231206e-01 8.063807396688087437e-01 8.138660412599217908e-01 8.127365560856424365e-01 8.251601595355937402e-01 8.178699070664519066e-01 8.106625371290578919e-01 8.058023404818993596e-01 8.043712016640672813e-01 8.150461365718087992e-01 8.122347241000159590e-01 8.068069601366870680e-01 8.000575506546575566e-01 8.037503408284433215e-01 8.129422699313095801e-01 8.102812637222280845e-01 8.178228092938292226e-01 8.136029074913332382e-01 8.085219768262974505e-01 8.106922860181690060e-01 8.144722057379829572e-01 8.185234110772182659e-01 8.194502214891635772e-01 8.127494890240110070e-01 8.165111468055398225e-01 8.158644970585542389e-01 8.143079313729733038e-01 8.145718000008888016e-01 8.138406872749276433e-01 8.061626755280706380e-01 8.081791419694316359e-01 8.058001566267176674e-01 7.975450715698072512e-01 8.067282960960293625e-01 8.150814287360909072e-01 8.124123587473661701e-01 8.069629954559133234e-01 8.050419670823619755e-01 8.126251058594520238e-01 8.140558984215935379e-01 7.945351750405994506e-01 8.090718138877613930e-01 8.111983303115226640e-01 8.126833777009568882e-01 8.071283300876312961e-01 8.106532388212893681e-01 8.085318862222801162e-01 8.086750876301664892e-01 8.059304165903983241e-01 8.064514059190518447e-01 8.024900614397526555e-01
7.919309731691465126e-02 1.745575673417456286e-01 3.210310393625175340e-01 5.358276446540134463e-01 4.231838517063183924e-01 4.319574895644593404e-01 7.002388595404355209e-01 1.000000000000000000e+00 7.047828203334507435e-01 6.602902310444760392e-01 7.178681891647323843e-01 7.670431703438115312e-01 6.954373767663039052e-01 6.663329025312738629e-01 7.846205187755137533e-01 7.776724572438147298e-01 7.102565044981566933e-01 6.411360507671854947e-01 6.607328910037424397e-01 6.318167206339485586e-01 6.501327217196060104e-01 6.980876894824747936e-01 6.615030486061530546e-01 5.938902979673688076e-01 6.084851334775296383e-01 7.399800524596195084e-01 7.465906011120881924e-01 7.335649406196789180e-01 6.966841704406911973e-01 7.365590488192861329e-01 7.752099986795736308e-01 7.340088198023758670e-01 6.832496864013198890e-01 7.209698864115350325e-01 7.264508931772206690e-01 7.268296877955100488e-01 7.343280390623603271e-01 7.697318183320730478e-01 7.722154385668349441e-01 7.531728485302606746e-01 7.792931344508799985e-01 7.723786102431652312e-01 7.792117775531222090e-01 7.818586837321513938e-01 7.779451617751735881e-01 7.684712224033189987e-01 7.812732782589417724e-01 7.835803538429731985e-01 7.838899453707877107e-01 7.656675368144361116e-01 7.852175508352354782e-01 7.547328169371977369e-01 7.732599300279829890e-01 7.825805861240685557e-01 7.757501301980550545e-01 7.692613293138151898e-01 7.875359296976127688e-01 7.836223971687851231e-01 7.824889755296605687e-01 7.859833663274528037e-01 7.887523857735724286e-01 7.866094257648090782e-01 7.808909219234902999e-01 7.826979334824424317e-01 7.838474183689089214e-01 7.827219675420693523e-01 7.844843478104531753e-01 7.793717804198235788e-01 7.747803778608693959e-01 7.872605145317643771e-01 7.839324687774739120e-01 7.807234150037923870e-01 7.660337131120711351e-01 7.659889506754563593e-01 7.878786237566893780e-01 7.828443577008978860e-01 7.751548518870914339e-01 7.753486786222734128e-01 7.692147388072145819e-01 7.853166018720885155e-01 7.801811656382081628e-01 7.879346519839562912e-01 7.937028489703228384e-01 7.782471613574052371e-01 7.818657565015456612e-01 7.809793777063348541e-01 7.856113056532438854e-01 7.907300495949092234e-01 7.811858074616309100e-01 7.915006856039028538e-01 7.800829873757137989e-01 7.836823260638402511e-01 7.842957122466839293e-01 7.808122956242359303e-01 7.822329003308331474e-01 7.851667387138064891e-01 7.977994243548768294e-01 7.937682370816058208e-01 7.917333052363033641e-01 7.912987968571384423e-01 7.872794309270945146e-01 7.939213539458158664e-01 7.832727530296869078e-01 7.892412331918593482e-01 7.947467748671462884e-01 7.974055964226287596e-01 7.933405077469319888e-01 7.858446943528352158e-01 7.922318064644698898e-01 7.853571142102589997e-01 7.884728635630838811e-01 7.881754546645746151e-01 7.912584926793748696e-01 7.907073654771819005e-01 7.888545241587446855e-01 7.902528808791310366e-01
1.103242864017399683e-01 1.854521317605875574e-01 3.229533656531704544e-01 4.674073865777874093e-01 4.306806778177103001e-01 4.799218785444370750e-01 7.057878856953252455e-01 7.047828203334507435e-01 1.000000000000000000e+00 7.488341398202623678e-01 7.757537649259574897e-01 8.034405029626286998e-01 7.497650518638934170e-01 7.431847929153279075e-01 8.330271527438125601e-01 8.314315561592339199e-01 8.135042173291439083e-01 7.407261569647475286e-01 7.695652533924284278e-01 6.456181326657529640e-01 6.784586359435054170e-01 7.777395125439530155e-01 7.643519603396145001e-01 6.979674845287066054e-01 7.130462895885572028e-01 8.263580745268066519e-01 8.264815059418174625e-01 8.274360761973663658e-01 7.951505682106961848e-01 8.457191938461774416e-01 8.618857481332491410e-01 8.334950615402939578e-01 7.661767768604093032e-01 8.148075628220018407e-01 8.267480430312965645e-01 8.030972882529874290e-01 8.227125853946193335e-01 8.424016793418747096e-01 8.628616720364798987e-01 8.001429650969265062e-01 8.605904528075890569e-01 8.535207573385538149e-01 8.436754288465071472e-01 8.632540154558191459e-01 8.526725729543500609e-01 8.517903149416483632e-01 8.689136731360779242e-01 8.719973995886822760e-01 8.650390839699142465e-01 8.388738856732530502e-01 8.650096468709874697e-01 8.160169458823375299e-01 8.401181537872202121e-01 8.790073774818426555e-01 8.703586212092374597e-01 8.549766413846293656e-01 8.712268497651159960e-01 8.620785313892410651e-01 8.650813381429719451e-01 8.786304888316528450e-01 8.752031929724890524e-01 8.708229694620933659e-01 8.708141847328950691e-01 8.722579905478936579e-01 8.794919354800586619e-01 8.767754377242255037e-01 8.748349969815664151e-01 8.691629138216671047e-01 8.665429542670848306e-01 8.465560702715972941e-01 8.654620357988601631e-01 8.712853926285378803e-01 8.563973301148617434e-01 8.526867158981866757e-01 8.751595782421348613e-01 8.728588352751348589e-01 8.695913151539217401e-01 8.690896960909565427e-01 8.642822418783101535e-01 8.753640797685373620e-01 8.723957216735396258e-01 8.723742439957046235e-01 8.784537128605371947e-01 8.709268885917369474e-01 8.573426118151187270e-01 8.640582440746327197e-01 8.641669805632192780e-01 8.649568058635757062e-01 8.713336263291053818e-01 8.627571496759480763e-01 8.558526582657871584e-01 8.655726590640894225e-01 8.674713162909835074e-01 8.654298449677567673e-01 8.696793487152945090e-01 8.732713614139919756e-01 8.530995898027634583e-01 8.712338126167989971e-01 8.707490706503272504e-01 8.682057967499409168e-01 8.600451207458601477e-01 8.726335354365942765e-01 8.644102964655256960e-01 8.671257353025215719e-01 8.710119353312812951e-01 8.729399065247921419e-01 8.748825429937601150e-01 8.758480920545157478e-01 8.719479527233234828e-01 8.710358666251102333e-01 8.646302513741642715e-01 8.746349026254743864e-01 8.703570094466811513e-01 8.752477904195259395e-01 8.781940277234732140e-01 8.762125171592415329e-01
6.839547111027086124e-02 1.884044272176368939e-01 3.081580406108091474e-01 4.300942638259376838e-01 3.917424549219178931e-01 4.701838748505516863e-01 6.800414568956376637e-01 6.602902310444760392e-01 7.488341398202623678e-01 1.000000000000000000e+00 7.408948652549260938e-01 7.469462666761127467e-01 7.051463016805530337e-01 7.074081045003037804e-01 7.967994724670435236e-01 7.701196741815933278e-01 7.265058631015429702e-01 6.966283178110155294e-01 7.145240313446700187e-01 6.057985518657371671e-01 6.118838185164591215e-01 7.156962934417377964e-01 7.276011078546203992e-01 6.557589660225754402e-01 6.634436261730398687e-01 7.791935372548625116e-01 7.773627271430912922e-01 7.870463282176269892e-01 7.566991250056350760e-01 7.927675602844355129e-01 8.051245683296207600e-01 7.925530580775653755e-01 7.390185637476067715e-01 7.674319188860493357e-01 7.840414837750951937e-01 7.430619911541870293e-01 7.817498656751817876e-01 7.916113983167516466e-01 8.079299911442593407e-01 7.748789184594876422e-01 8.058437983531828719e-01 8.088089748775445509e-01 7.980683695024969326e-01 8.108097588919710441e-01 7.999599294764047075e-01 8.127043882030867694e-01 8.176887144254068041e-01 8.208002174385926608e-01 8.062141621456054841e-01 7.737409738357927669e-01 8.028003398281040592e-01 7.327068824985618622e-01 7.726884156490283484e-01 8.178942422895071340e-01 8.102498865075417056e-01 8.071627962150259572e-01 7.961581885040918127e-01 8.052121021229824427e-01 8.167724419561694926e-01 8.150220521739748314e-01 8.134081500050012181e-01 8.134033935262185988e-01 8.107898378029988473e-01 8.024910096480952770e-01 8.018866819416909930e-01 7.984895186376371745e-01 8.182810328223634189e-01 8.174877295648332876e-01 8.191364731657226894e-01 7.901032677079623534e-01 8.057247615766056636e-01 8.157347168697429707e-01 8.067164527727365142e-01 7.996958096338467881e-01 8.208753879527774799e-01 8.197497191373962488e-01 8.174145276396845849e-01 8.185821609065456750e-01 8.131862127710879351e-01 8.201434446543206525e-01 8.202784937346120353e-01 8.203119818152584397e-01 8.186441255350519475e-01 8.167039747936044591e-01 8.034536797542849440e-01 8.110025399749672959e-01 8.138621600010286228e-01 8.131207758568714805e-01 8.193494537782261000e-01 8.133699994546542689e-01 8.125620330077136799e-01 8.160483135088067996e-01 8.139420962354443345e-01 8.172125495214094260e-01 8.130599106854865532e-01 8.180985307015115060e-01 7.918578841771400922e-01 7.955479256436035485e-01 8.098727535712169079e-01 8.110790643781896625e-01 8.089086523176087784e-01 8.098629680433770961e-01 8.040107532844467109e-01 8.111117367979950865e-01 8.027921611121444645e-01 8.053074411017545620e-01 8.146841992767001051e-01 8.202129174998328276e-01 8.181127989767222886e-01 8.136397144193520115e-01 8.131818547502064343e-01 8.147688247454856203e-01 8.138766734477835829e-01 8.097171008264250069e-01 8.094568547851330731e-01 8.063124580316625156e-01
4.704777942525462109e-02 1.876722889905474145e-01 3.631008817080628170e-01 5.352109701746033954e-01 4.442322343922377459e-01 5.184761849507637521e-01 7.424240430794888379e-01 7.178681891647323843e-01 7.757537649259574897e-01 7.408948652549260938e-01 1.000000000000000000e+00 8.462163535983298068e-01 7.460168704491261238e-01 7.392396388011830410e-01 8.513236736722790132e-01 8.336131726314091051e-01 8.000066147696740515e-01 7.554339784828852933e-01 7.780896459417463440e-01 7.138348706405963640e-01 7.343639476087916451e-01 8.000070127147956844e-01 7.790477217173750191e-01 7.235167708462341141e-01 7.308808364888917941e-01 8.407784603551060609e-01 8.440760926897707961e-01 8.309304864290126824e-01 7.980401609001169794e-01 8.413964284411064032e-01 8.685108211450968119e-01 8.468193326033316426e-01 7.968296621090792398e-01 8.288639013455006976e-01 8.319990393240255244e-01 8.232606869554112139e-01 8.423119372645008207e-01 8.575771268020365712e-01 8.638186599262243082e-01 8.396882631032562827e-01 8.758144491904741313e-01 8.663357573844345794e-01 8.666792064436877885e-01 8.777735675384951142e-01 8.769926237701330951e-01 8.581222189015370594e-01 8.732919959642967411e-01 8.746310629882532162e-01 8.679946516547293323e-01 8.450108442188329905e-01 8.738304387739549428e-01 8.386041707592829519e-01 8.627251495911214541e-01 8.722891766516747136e-01 8.665829604596569924e-01 8.708012258957901208e-01 8.573813443877907892e-01 8.689682268321264891e-01 8.713509864564125129e-01 8.732971762710528552e-01 8.760738676028945182e-01 8.683257404497650711e-01 8.682819807669279744e-01 8.663526448260788770e-01 8.680767769908730447e-01 8.637239371112729325e-01 8.732290571074637908e-01 8.781424831735067382e-01 8.750394766657629830e-01 8.748392409835848982e-01 8.828112572971014149e-01 8.795150138488974090e-01 8.693655320388506968e-01 8.675251439176767665e-01 8.822404135755226307e-01 8.783457574545640023e-01 8.717794357768502422e-01 8.704878222126464227e-01 8.698753341931412253e-01 8.759251415979921740e-01 8.771334505799674996e-01 8.760018974845773521e-01 8.821748468386667597e-01 8.772907900753682542e-01 8.717502868796392912e-01 8.756567807274305837e-01 8.814030139091487692e-01 8.773048393247556698e-01 8.784798245469255251e-01 8.792852298805606814e-01 8.771217675382607659e-01 8.761419646701569253e-01 8.787425103221897515e-01 8.776614431521621018e-01 8.744072067555974659e-01 8.757292201287973921e-01 8.655592999921495334e-01 8.604031004591159437e-01 8.739377540114144916e-01 8.777154701869992470e-01 8.746629911416547998e-01 8.761865007809473971e-01 8.724310223772377970e-01 8.773145543240291611e-01 8.770095171381723231e-01 8.628272014562118342e-01 8.749860194033967087e-01 8.781418014257710292e-01 8.804089200669179549e-01 8.742921675264102577e-01 8.750104929836952650e-01 8.750583145179765543e-01 8.739669446399472852e-01 8.718811983818093303e-01 8.746940685197015508e-01 8.701554867534535553e-01
2.699678982727975185e-02 1.549024936271535813e-01 3.904780413609272305e-01 6.347454642064983554e-01 4.680720973948739871e-01 5.501725120605813757e-01 8.013096465339063501e-01 7.670431703438115312e-01 8.034405029626286998e-01 7.469462666761127467e-01 8.462163535983298068e-01 1.000000000000000000e+00 7.880751969756893960e-01 7.843769846523722666e-01 9.005664031746561937e-01 8.838008296669157549e-01 8.239766981413447766e-01 7.649709209934203447e-01 7.863337963126381114e-01 7.848911270027280063e-01 7.875318887448520266e-01 8.324869181381269190e-01 7.765701765558729042e-01 7.207232220358419372e-01 7.317458772144114221e-01 8.559072900886398605e-01 8.656365166430046720e-01 8.518672191043228370e-01 8.006150380731614780e-01 8.538979064004307284e-01 9.043075877900487169e-01 8.669665400147635870e-01 8.115455823369017718e-01 8.406932868945922177e-01 8.491109796890844441e-01 8.446591197991720756e-01 8.650780930863549711e-01 8.914167076476742224e-01 8.904767426161650512e-01 8.778903655520734484e-01 9.128980294600684831e-01 9.033087111154242121e-01 9.161153635098913117e-01 9.214968103684377798e-01 9.215569989949101704e-01 8.869987631351694546e-01 9.126784612502840677e-01 9.113200378028691873e-01 9.052226166113540584e-01 8.815722946585700104e-01 9.119068118078279550e-01 9.075770257210712399e-01 9.257356996234004098e-01 9.017876701136563478e-01 8.922936884834506976e-01 9.021889756168237628e-01 8.931482229091045610e-01 9.072385692284216097e-01 9.058211327532397217e-01 9.136192265582068206e-01 9.147810907753202159e-01 9.066164926457421780e-01 9.014338830987994600e-01 9.005737627764767161e-01 9.099292991145901954e-01 9.032286210175126673e-01 9.117646567306114669e-01 9.096175122399324797e-01 9.038070201252431657e-01 9.346431767254230749e-01 9.256848883582203813e-01 9.172496472195469375e-01 8.989880880554286247e-01 9.000607549338591751e-01 9.162086957035816548e-01 9.119864935108059623e-01 9.045550621819332671e-01 8.975491648961619884e-01 9.034945154158275926e-01 9.127157372524031809e-01 9.064911515271356635e-01 9.138530196759895308e-01 9.131069098847599541e-01 9.101169875656045516e-01 9.102083477326459171e-01 9.103834579628428125e-01 9.141425073193507611e-01 9.197272551860783407e-01 9.111750072888916696e-01 9.188537148245080610e-01 9.146677262489327775e-01 9.187897307217393061e-01 9.213498069700535309e-01 9.145504395103841722e-01 9.136518815590441989e-01 9.133353739899632284e-01 9.173673341595162123e-01 9.056297358605749359e-01 9.172497466674717215e-01 9.225268033082536512e-01 9.166527739691245902e-01 9.192807172071725264e-01 9.211841521055239568e-01 9.235022975497676478e-01 9.268762415263912535e-01 9.043622294564362951e-01 9.143715985543103830e-01 9.169687584726815555e-01 9.191051356985808773e-01 9.160087040435336281e-01 9.179257380884092710e-01 9.156716153599128161e-01 9.160413688885457040e-01 9.134590533816374647e-01 9.170717996589720089e-01 9.147683155233997665e-01
3.518636310470121126e-02 1.475228288068195504e-01 3.285256807581033445e-01 4.673999459310326787e-01 4.048723569064647809e-01 4.646476492403654457e-01 7.113417693875149217e-01 6.954373767663039052e-01 7.497650518638934170e-01 7.051463016805530337e-01 7.460168704491261238e-01 7.880751969756893960e-01 1.000000000000000000e+00 7.235693422881297465e-01 8.200808527265088799e-01 8.103928111424627545e-01 7.545799457632975660e-01 6.953422023596960155e-01 7.218445263001507239e-01 6.456521942063155883e-01 6.482047985959970005e-01 7.365556670469098899e-01 7.195897817552884268e-01 6.497419962989569031e-01 6.695867454663231300e-01 7.851013578501515600e-01 7.858267725403348392e-01 7.862548991548842237e-01 7.549555602038403590e-01 7.955422784572492301e-01 8.198353407254495018e-01 7.933830325765695024e-01 7.297762950143398264e-01 7.681466033897893508e-01 7.741243311544965255e-01 7.639983911475692890e-01 7.878398834136645101e-01 8.038711079914837576e-01 8.250940878494972264e-01 7.824265014218368952e-01 8.276252843717257779e-01 8.265213355725743449e-01 8.265705389974710160e-01 8.287407694219007803e-01 8.234813887037000235e-01 8.267606819720616507e-01 8.332997754496314080e-01 8.384633558321815672e-01 8.255830630326719266e-01 7.917708625685414559e-01 8.240219545523653766e-01 7.858804673614394609e-01 8.136949282832495189e-01 8.345597573547705039e-01 8.242003386599228154e-01 8.195671807806395037e-01 8.198520228785360908e-01 8.343519037011437600e-01 8.331049853512753067e-01 8.398978919005902766e-01 8.380738555469173789e-01 8.352066268212477995e-01 8.286617910212814575e-01 8.288787165268073354e-01 8.277932873391379287e-01 8.277504604461178861e-01 8.366153291229148081e-01 8.349203165395904236e-01 8.349291953797879362e-01 8.232665592540298061e-01 8.330979293664820817e-01 8.369276122313676902e-01 8.250620755330820844e-01 8.210825930803480333e-01 8.383303036287401699e-01 8.376427344238438488e-01 8.339252959159902945e-01 8.328002218970392834e-01 8.328985387811497221e-01 8.383879444614313892e-01 8.361805928950811762e-01 8.417602880763394024e-01 8.390112727548653115e-01 8.367500839927085599e-01 8.220155542066318599e-01 8.322895737380940906e-01 8.366151309163269989e-01 8.362901648479251770e-01 8.387524097791804190e-01 8.351951363542519102e-01 8.316464399040252031e-01 8.375330135454165381e-01 8.369389274975150839e-01 8.383476710576933666e-01 8.364077606357833705e-01 8.389641455486249733e-01 8.226942345367314058e-01 8.249280854042542188e-01 8.351311762879572997e-01 8.368955619703144500e-01 8.357462321579506304e-01 8.360940143367919797e-01 8.315408545677375196e-01 8.395774879301881599e-01 8.369375060313614112e-01 8.306148560987188789e-01 8.366528758322673287e-01 8.393858119944475060e-01 8.381899465007900396e-01 8.386718521710840868e-01 8.359977181437728833e-01 8.401687773738917286e-01 8.370569855208130905e-01 8.363480958413451738e-01 8.392888138098545392e-01 8.368226020443090274e-01
