1.000000000000000000e+00 3.388538134851607625e-02 1.659123748965741357e-02 7.908059479742982067e-02 2.236386079733837171e-02 2.465692533108658491e-02 3.703918038591325762e-02 7.573069218786822321e-02 7.475176393073727776e-02 4.635118582035419044e-02 7.758228099840283436e-03 1.473862085088006868e-02 8.105306762326753428e-03 1.090032154393231166e-02 3.498870437679641072e-03 4.905688462132159339e-02 8.732975252301436453e-02 3.067063793402763014e-02 4.641979327029885360e-02 3.598467826757407312e-02 3.759624756707556636e-02 3.396729223982345586e-02 4.228351760851326024e-02 3.892193625655940292e-02 2.190423047190743350e-02 5.106052529017852948e-02 2.905169108245736140e-02 -2.271809195603251286e-02 4.756809302849272086e-02 5.088307647474363260e-02 3.694056447315436503e-02 2.152464310797046892e-02 -2.623015585422726684e-02 2.838141031991889621e-02 1.898527547345788685e-02 2.242618601612590343e-02 7.744089158689941403e-03 -2.257608877519999557e-02 6.410080692631509730e-03 -3.279150478350713327e-02 8.876267072802720851e-04 -1.893087760520669599e-02 -1.075216679511250585e-02 -1.681325740139019741e-03 6.963669648207185432e-03 -1.383707992543204042e-02 3.736843718188396151e-05 1.595979836073475530e-02 2.535870033170548390e-02 1.177597964410705307e-02 -1.188295873321362946e-03 3.921638877109145244e-02 3.996973889036068567e-02 3.143779574974552710e-02 2.497812682990708036e-02 1.322742071133674140e-02 6.752406210126428443e-02 4.322936647550146630e-03 5.624859608601643322e-03 2.698459436356239263e-02 1.021250064669496430e-02 4.459915069301276930e-02 2.909378922557378025e-02 5.185653601832364290e-02 4.716059577764558641e-02 4.603555581955160597e-02 2.222707344682018152e-02 9.218645296487019969e-03 1.794216162021715702e-02 1.326505499537546789e-02 5.547882271635753461e-03 7.514046907368539599e-03 1.741956723104829893e-02 1.128715275522768069e-02 2.150490934331939288e-02 1.264990479077215610e-02 -1.031136164355192205e-03 2.531126556586741835e-02 8.157148251148035878e-03 2.465179739244617238e-02 1.374220574324074191e-02 1.556558113490236032e-02 2.532000744731574202e-02 1.323287648874972230e-02 2.497332819209427835e-03 9.053288984266966155e-03 5.280925350004227539e-03 4.083466220902028446e-03 8.383887316965902767e-03 1.472266681401610509e-02 -1.600259192442139711e-02 -7.795391094205881416e-03 5.667931273518163164e-03 -1.716149653467088747e-03 7.416371750036562967e-03 1.050073177553288370e-02 1.370214698039973200e-02 4.201557921839025461e-02 1.339437753550588514e-02 -2.833891403060785977e-03 3.672325601459302332e-04 2.010289839307784210e-02 2.016452357541650281e-02 2.019550773383045703e-03 1.788975720221097632e-02 3.709623835551180415e-02 2.042050179306133251e-02 1.121507041683775067e-02 9.782070588418376872e-03 4.173098598433851170e-03 3.187389285302954546e-03 1.245484585349007807e-02 2.018445116792596389e-02 3.324484727209865709e-02 2.259854851496742242e-02 2.549935534265172082e-02
3.388538134851607625e-02 1.000000000000000000e+00 4.696540513989551358e-02 1.177518813619029686e-01 5.526490954245449894e-02 9.777198774049415675e-02 1.416142082606374197e-01 1.040543265535598672e-01 1.265038233598677897e-01 1.622282379008624931e-01 1.287846936597688008e-01 1.463700915084832632e-01 1.437119727431729332e-01 1.453686492108736128e-01 1.504293869242322446e-01 1.332151604886187835e-01 1.429361358792425041e-01 1.196620790709821691e-01 1.372698058661685205e-01 9.387201291039909412e-02 1.290588896971550104e-01 1.336471812820242688e-01 1.578685492688005343e-01 1.356727077433685369e-01 1.394644999962192655e-01 1.574801418574251488e-01 1.583458517362289486e-01 1.661983117985263991e-01 1.674329975873739551e-01 1.617369374479852850e-01 1.562179099841745633e-01 1.598827014699943649e-01 1.771707701472749752e-01 1.557809190969249580e-01 1.618427145698268788e-01 1.570343523172167410e-01 1.600676013118306484e-01 1.521970283083398656e-01 1.568206318545260214e-01 1.647696905125711486e-01 1.518102070943156967e-01 1.559944189719605356e-01 1.577625383462246400e-01 1.478303091778777056e-01 1.537823091167939693e-01 1.503157180284012129e-01 1.416661661082593837e-01 1.558902978960623464e-01 1.442309809286577149e-01 1.323916433306553120e-01 1.433427167870270913e-01 1.277665918927672895e-01 1.299719778931102687e-01 1.477657023711020923e-01 1.454299971805573521e-01 1.566103848776251029e-01 1.370637520988372271e-01 1.453615210821676274e-01 1.438814248039904098e-01 1.461220156973039586e-01 1.451287539256806425e-01 1.456029702949521998e-01 1.374659424906351790e-01 1.389139890976875125e-01 1.478325146290026815e-01 1.444905001933385613e-01 1.508262682328237736e-01 1.448689071210111645e-01 1.567865114509271462e-01 1.453722704766388374e-01 1.419428543016548194e-01 1.464520069492722121e-01 1.496940216179474259e-01 1.436273122269349500e-01 1.521916678778953702e-01 1.500012955334046605e-01 1.528262905056693988e-01 1.601119321507550597e-01 1.513142185577994181e-01 1.519865760896250140e-01 1.511365054354540105e-01 1.528211764393958838e-01 1.538783237149052574e-01 1.580915731538420355e-01 1.446604002530522959e-01 1.520432268036590318e-01 1.559508622325882221e-01 1.511123689179789953e-01 1.535120524643838746e-01 1.532761856141917345e-01 1.592715559256877578e-01 1.508845939670006575e-01 1.537151658365948081e-01 1.525997702958540592e-01 1.493703707268734249e-01 1.512143049874881684e-01 1.351289647402995897e-01 1.298219632669472823e-01 1.390695659641233706e-01 1.479664510800261790e-01 1.502561886237668287e-01 1.394630978660962584e-01 1.452206467591610484e-01 1.449578208734473850e-01 1.420400030135540725e-01 1.410024964587706098e-01 1.406734901264957149e-01 1.513796797287413065e-01 1.454580358101666138e-01 1.430874231620400672e-01 1.470414102698897330e-01 1.469923685440865935e-01 1.467291770178247301e-01 1.440025722053366597e-01 1.458712733912392034e-01 1.445179024708284077e-01
1.659123748965741357e-02 4.696540513989551358e-02 1.000000000000000000e+00 2.632423594744524586e-01 1.409534584154695791e-01 2.215940902387531219e-01 2.940250515388552199e-01 2.812308023611289065e-01 3.025877689744557175e-01 2.836688627882535951e-01 3.090564702773097583e-01 3.252473782189966856e-01 2.858998544225583305e-01 2.985693347316076829e-01 3.298993329275761166e-01 3.159115399964477211e-01 3.008160201608304218e-01 3.085329425071744458e-01 3.218548001261288816e-01 3.073667947729095684e-01 3.202210931552664230e-01 3.319232250692481512e-01 3.166485120625584515e-01 3.195674304127665288e-01 3.265072426252212390e-01 3.097000097731908430e-01 3.143578497015466211e-01 3.073473686506797420e-01 3.109666835475602964e-01 3.224179103437623262e-01 3.262672198172866800e-01 3.273818943486276889e-01 3.037888824943077437e-01 3.313057782498182724e-01 3.249568453710697247e-01 3.199473240128884455e-01 3.203900254412913595e-01 3.221004078507406776e-01 3.305028505839106567e-01 3.067370272629404981e-01 3.312652872924555236e-01 3.248865843083535432e-01 3.148048420849446360e-01 3.350955968648419159e-01 3.260190155451738181e-01 3.232499797891082438e-01 3.260915456729208683e-01 3.315200783638178050e-01 3.295238307395190747e-01 3.206374563371095499e-01 3.213758560063662006e-01 3.231166717148257761e-01 3.375036214379613098e-01 3.314444724797573349e-01 3.237739184575478268e-01 3.305136740839270115e-01 3.263613394915182431e-01 3.293523895737675566e-01 3.317856553488613414e-01 3.344777510299384859e-01 3.336305176235132008e-01 3.276994470887301669e-01 3.242707634522414284e-01 3.306952473908170709e-01 3.336686192008819773e-01 3.310142962455054905e-01 3.339715661894290255e-01 3.358705210704066024e-01 3.339299486671154504e-01 3.419793300995752627e-01 3.390311107633851018e-01 3.338125400967151268e-01 3.396931326755933123e-01 3.375399134350501873e-01 3.346358063015919537e-01 3.295831539920898168e-01 3.313852305901971995e-01 3.303302221564475838e-01 3.334197477806137844e-01 3.339575540564779788e-01 3.311080175469466869e-01 3.294961333911224921e-01 3.335170492257294450e-01 3.355201888033051971e-01 3.343600649692364812e-01 3.366194697769631650e-01 3.259048362035069091e-01 3.328051755718839932e-01 3.362885982719022726e-01 3.311980602260508055e-01 3.308407301151989333e-01 3.359567835623507581e-01 3.351611024386618731e-01 3.330646092674989234e-01 3.328867714003892475e-01 3.350986456327237351e-01 3.257752382125954083e-01 3.281980874359344824e-01 3.339397867698238875e-01 3.330127574327896856e-01 3.358046523316816634e-01 3.317889692103222488e-01 3.338669925517435688e-01 3.336510380355658945e-01 3.342366638770565834e-01 3.298389421805245081e-01 3.315809037628494882e-01 3.339155200295702008e-01 3.323669989146404991e-01 3.379747011752856634e-01 3.350084565628156930e-01 3.342543445405724012e-01 3.357833204352226875e-01 3.330135258444064661e-01 3.347174417073544017e-01 3.346466813762629666e-01
7.908059479742982067e-02 1.177518813619029686e-01 2.632423594744524586e-01 1.000000000000000000e+00 3.049860958796496990e-01 3.680217387135980012e-01 5.408109781137713235e-01 5.351080029533618054e-01 5.446374638158297810e-01 5.059902865224322754e-01 5.650162433113167237e-01 6.035272803258645569e-01 5.276396059162380414e-01 5.449942477357415660e-01 6.062767689170512897e-01 6.040708896365540870e-01 5.575404431978214781e-01 5.859509240902367466e-01 5.944619082668324284e-01 5.396393616063985821e-01 5.984573465634789313e-01 6.106053899021118836e-01 6.119224164570075120e-01 6.043893715595076710e-01 6.023369223550607554e-01 6.044526330116880564e-01 5.908029999767684393e-01 5.856324702794927228e-01 6.063968767503893353e-01 6.135981374547128109e-01 6.234703485858373861e-01 6.258736717489871149e-01 5.545185095493784244e-01 6.204261798015326956e-01 5.913648775784648981e-01 6.043316759071027944e-01 5.976851043909197081e-01 6.063878829292430606e-01 6.164734235160924669e-01 5.978641296399872518e-01 6.156288423779137098e-01 6.037632830058452527e-01 6.153083710471495271e-01 6.150809564049357636e-01 6.235501869653545803e-01 6.106494627428347144e-01 5.985078044563004740e-01 6.167957150056113669e-01 6.193679732468913013e-01 6.182133690876056020e-01 6.149900131674893577e-01 6.154755482423955870e-01 6.296838353553066980e-01 6.245132321958216659e-01 6.255600058816050968e-01 6.305208647655683452e-01 6.309750093989989761e-01 6.180691810184568702e-01 6.261834678538177323e-01 6.137657916154311000e-01 6.242956797276112413e-01 6.270312366221066913e-01 6.280670937914820673e-01 6.219084220602005830e-01 6.181692739260370439e-01 6.232263262517611091e-01 6.164095407370585589e-01 6.192290919408868222e-01 6.243167356826223591e-01 6.243799415409780895e-01 6.195076216493949905e-01 6.229957894550697262e-01 6.253956192447075457e-01 6.213289495491007841e-01 6.211561636734741487e-01 6.148793912331048661e-01 6.128962085264927362e-01 6.198015674101218231e-01 6.177399590567125287e-01 6.212992537573270857e-01 6.146218824146811865e-01 6.176617015672450917e-01 6.278683170754513210e-01 6.130542662449723901e-01 6.157037242718560455e-01 6.215108361443064666e-01 6.171426185391084562e-01 6.200840402679317354e-01 6.197296162532458519e-01 6.283591824116399049e-01 6.082399567519179984e-01 6.149655584333131308e-01 6.164424938899009110e-01 6.180571762231997779e-01 6.131891000507477818e-01 6.160713486741430378e-01 6.249987953603088897e-01 6.226723899386603645e-01 6.227196028526535976e-01 6.176912684234874273e-01 6.254451535437156595e-01 6.264006382128051165e-01 6.250946621639908996e-01 6.208903305161442843e-01 6.210975146002278846e-01 6.243355636676174436e-01 6.180982193921951140e-01 6.184250837077494012e-01 6.217218256502079488e-01 6.177751441664948162e-01 6.226046542011296481e-01 6.143271453946167471e-01 6.251623022352219561e-01 6.204944150744245990e-01 6.158732778066458025e-01 6.174200084182160930e-01
2.236386079733837171e-02 5.526490954245449894e-02 1.409534584154695791e-01 3.049860958796496990e-01 1.000000000000000000e+00 2.966766817319303473e-01 4.300759161339945957e-01 4.063840801804994296e-01 4.010687226724785615e-01 3.961224810889789061e-01 4.288719417666225775e-01 4.432702657269406710e-01 4.389435932179377442e-01 4.236189966494796066e-01 4.674220916209524401e-01 4.454863837978386698e-01 4.003222349323637963e-01 4.394771014974539480e-01 4.391173295098941831e-01 3.372306544874895118e-01 4.248156195080689534e-01 4.599831156114411734e-01 4.569295747815050879e-01 4.540954292483999621e-01 4.565802171426119882e-01 4.772431124764939803e-01 4.612707884126728275e-01 4.701360943581340268e-01 4.675471093812109680e-01 4.727489216876497591e-01 4.738883287979417380e-01 4.660190711401125951e-01 4.403762579880372563e-01 4.642145758303241609e-01 4.419856262429105453e-01 4.552195496441091560e-01 4.641146879711254281e-01 4.693447064108218769e-01 4.730641173562995516e-01 4.629843472515528524e-01 4.727833447273782075e-01 4.757149273134710366e-01 4.696157446482970843e-01 4.732040918041202637e-01 4.764320419172262677e-01 4.837018675882596708e-01 4.605314118038342786e-01 4.744237450542705403e-01 4.622194533807688632e-01 4.512731831680003025e-01 4.582952231064755244e-01 4.525154349281725330e-01 4.614721675671608070e-01 4.640162489360535325e-01 4.577375625797280856e-01 4.814180698628818256e-01 4.380423792229176660e-01 4.680073521621224697e-01 4.568923394118576953e-01 4.656268550266016160e-01 4.688850548520590578e-01 4.501680678290616577e-01 4.496947855619288226e-01 4.494009888867634972e-01 4.723632801703012696e-01 4.651449348818001983e-01 4.753797304570814841e-01 4.755284480203886277e-01 4.777619703351349556e-01 4.599976084940485266e-01 4.707558477975155586e-01 4.752885756654153804e-01 4.724472664507342601e-01 4.782451139193177325e-01 4.787411797481077036e-01 4.747710734593237891e-01 4.727129758012721394e-01 4.766235618477424607e-01 4.800301795495633406e-01 4.748454366920968339e-01 4.724328864311083676e-01 4.759008710356787963e-01 4.777396234975450628e-01 4.698511366376709741e-01 4.744469906740969023e-01 4.763143842479360957e-01 4.756466147204623796e-01 4.782040286401560425e-01 4.774623684432869331e-01 4.775488235691942585e-01 4.803816678296950471e-01 4.779522966675524565e-01 4.791076633857538902e-01 4.800140176538025272e-01 4.711027490429147702e-01 4.726663483970013901e-01 4.630283536935450583e-01 4.549934960148862562e-01 4.674458181558125425e-01 4.767012932320097707e-01 4.738601932569312947e-01 4.622488311166748631e-01 4.688316517359590319e-01 4.726079175658884357e-01 4.716077338974522526e-01 4.548364139462212630e-01 4.657498892832879211e-01 4.738281454365255163e-01 4.733565880782791280e-01 4.721424055702505007e-01 4.683441994182958035e-01 4.731865833590532811e-01 4.639811739810307811e-01 4.670996010851043989e-01 4.729809269408308814e-01 4.675193496423084571e-01
2.465692533108658491e-02 9.777198774049415675e-02 2.215940902387531219e-01 3.680217387135980012e-01 2.966766817319303473e-01 1.000000000000000000e+00 5.241752339312306663e-01 5.116093671432743184e-01 5.533844682939582649e-01 5.099688950577062618e-01 5.590995796116088323e-01 5.860228457650671352e-01 5.462747538586016915e-01 5.497602550952483957e-01 5.996858707611105732e-01 5.937611563623248490e-01 5.081768851944934440e-01 5.398112142726408935e-01 5.777640613724827068e-01 4.642246999130398843e-01 5.646004937098670906e-01 5.900771706637292224e-01 5.673961333356519754e-01 5.639452819429463526e-01 5.838171660109574557e-01 5.851242434400608650e-01 5.808342669471091568e-01 5.968620655040269840e-01 5.888018147038700523e-01 6.019136728606583331e-01 6.093070454988160911e-01 5.986769700035069475e-01 5.637064524006319965e-01 5.816904089598132765e-01 5.970875774026552785e-01 5.797114248411906479e-01 6.013567667708662468e-01 6.087781056958879722e-01 6.082287314831329450e-01 5.816225621164370363e-01 6.137642663719254932e-01 6.138177654900393021e-01 5.936411124300552400e-01 6.183684988070092814e-01 6.097583843480683941e-01 6.136073214058660463e-01 6.179993043972763500e-01 6.208044125632121712e-01 6.189554636679207578e-01 6.005982204275939207e-01 6.087623569147443403e-01 5.881297228683625145e-01 6.019073908144749741e-01 6.168132647659176904e-01 6.082681420516449222e-01 6.116898666541399354e-01 5.992924215218692341e-01 6.142440638993205138e-01 6.124643375245444332e-01 6.233370441197920719e-01 6.215071670824059424e-01 6.153101718272757648e-01 6.099115088833731990e-01 6.137871218074405499e-01 6.093929311617762856e-01 6.158948914153383747e-01 6.176042980343123823e-01 6.207336409691518453e-01 6.210766924422690405e-01 6.187421412093391249e-01 6.220267791900869758e-01 6.202492639437284794e-01 6.150805115997245442e-01 6.177863373432679328e-01 6.196779594587095152e-01 6.201208699744862329e-01 6.203861671017361079e-01 6.143340697998875832e-01 6.172497115733158735e-01 6.203672597709702918e-01 6.205770061719648734e-01 6.227259215717422247e-01 6.171713238636008514e-01 6.180580166298458300e-01 6.159215923641450097e-01 6.168608162665312200e-01 6.188688826251602659e-01 6.240964580346611834e-01 6.149909987682513623e-01 6.185058509833751828e-01 6.189457454317703888e-01 6.233925961318603770e-01 6.207954217632943861e-01 6.231731957283709322e-01 6.240607533575822652e-01 6.240413012171263096e-01 6.110783842247567987e-01 6.108466991612028218e-01 6.203068180642813401e-01 6.208178500035760328e-01 6.206461928236206571e-01 6.152381184818798143e-01 6.182227686556593937e-01 6.204024753955882376e-01 6.167789614979870549e-01 6.115008220151221252e-01 6.186484242137946232e-01 6.194586599906350965e-01 6.225401624409987456e-01 6.236335710029036195e-01 6.218657773564170155e-01 6.230648829302986025e-01 6.209850665110616674e-01 6.158507646969446636e-01 6.181945882848112195e-01 6.204614877847638432e-01
3.703918038591325762e-02 1.416142082606374197e-01 2.940250515388552199e-01 5.408109781137713235e-01 4.300759161339945957e-01 5.241752339312306663e-01 1.000000000000000000e+00 7.011932587975939768e-01 7.055581137271416114e-01 6.764740486963695121e-01 7.379616435909932548e-01 7.784503655421486368e-01 7.146228771261036172e-01 7.289301810566969353e-01 8.329688452562802325e-01 7.873988060412283607e-01 6.949846764595351001e-01 7.314709441080098351e-01 7.571255627180324410e-01 6.468607065553328983e-01 7.615749605414389167e-01 7.837276391312247847e-01 7.929409680498239466e-01 7.753300673423944023e-01 7.839213686353396771e-01 7.980369338676475133e-01 7.870177417416149845e-01 8.070641136602583199e-01 8.020114061420502427e-01 8.172755376303024732e-01 8.188298777343516743e-01 8.221931436598425291e-01 7.924930720176689425e-01 8.126943607734469222e-01 7.959222538502613853e-01 7.903124027415350250e-01 8.061302160476815359e-01 8.203220817033987089e-01 8.177010701393396808e-01 8.093900230113781902e-01 8.151388619901088761e-01 8.205015699469009327e-01 8.169128364787966445e-01 8.203332415126499688e-01 8.211064004761530200e-01 8.218916063212479139e-01 8.005688925813663204e-01 8.109601077845407513e-01 8.039696124567939917e-01 7.966520446149686352e-01 8.150356272596603890e-01 7.793350553229468902e-01 7.961236394268942362e-01 8.059041894348413226e-01 8.028693980091968774e-01 8.228053469800193920e-01 7.789092447163392663e-01 8.091147873185128292e-01 8.101454320010147425e-01 8.062499814728879555e-01 8.100702293551397259e-01 7.989353176833321468e-01 7.968668707291738373e-01 7.881815764113772049e-01 7.938797809735083089e-01 7.969839701373232499e-01 8.084195552136144158e-01 8.162702741159216790e-01 8.236576124338165217e-01 8.132034207880539656e-01 8.123997191612910562e-01 8.156846170732475754e-01 8.170481310974058164e-01 8.180169316511010091e-01 8.167531469072601968e-01 8.147007602799479775e-01 8.194747804711427497e-01 8.181203380974160222e-01 8.212708677280543546e-01 8.197930538896245345e-01 8.126631869082089343e-01 8.182860633935801209e-01 8.187183798966530812e-01 8.204492271657238822e-01 8.169449706371183506e-01 8.228543437376421021e-01 8.205401764786613983e-01 8.233796073400263538e-01 8.220608146605092870e-01 8.167124566559190724e-01 8.254753564578830582e-01 8.223942868996622080e-01 8.187655496286121437e-01 8.234030668160796651e-01 8.119033121610373938e-01 8.139208321898900866e-01 8.077303160311217756e-01 7.886735648130268617e-01 8.061148778124895831e-01 8.228229881015790559e-01 8.207635117538624181e-01 8.033632343442147494e-01 8.086755270569501164e-01 8.139181972439880619e-01 8.110079687274825977e-01 7.919532995928016961e-01 8.037457918178083638e-01 8.137344220241767845e-01 8.131475841375152003e-01 8.133919450116938732e-01 8.147062074494380024e-01 8.097002372631302292e-01 8.063748286889791395e-01 8.019576208059786548e-01 8.082421018435292925e-01 8.035652198892215825e-01
7.573069218786822321e-02 1.040543265535598672e-01 2.812308023611289065e-01 5.351080029533618054e-01 4.063840801804994296e-01 5.116093671432743184e-01 7.011932587975939768e-01 1.000000000000000000e+00 7.075287763332472890e-01 6.509932496080780284e-01 7.175931510952626713e-01 7.680425143631188778e-01 6.844277212065370541e-01 7.012681275504804024e-01 7.761026451012935645e-01 8.049719047712895481e-01 6.956879297502763793e-01 7.086201714292184040e-01 7.481121507324101083e-01 6.473087570594208140e-01 7.518672080322952311e-01 7.667538963203075486e-01 7.394541183208452884e-01 7.468522784772760881e-01 7.620806918659265294e-01 7.689887079553406890e-01 7.534861858794520417e-01 7.474154970345296967e-01 7.656893606854886514e-01 7.794660105000413841e-01 7.824548470880214879e-01 7.766306309202432034e-01 7.023440862157024345e-01 7.664647394310626360e-01 7.586679324781293587e-01 7.505898978176782643e-01 7.599686117269643937e-01 7.669880741815223724e-01 7.852905102100817825e-01 7.442360593427377324e-01 7.759645048735851480e-01 7.721894227970014235e-01 7.759958609460496648e-01 7.895309245815714805e-01 7.808247221419072348e-01 7.830799241754755613e-01 7.747274205082930187e-01 7.848886125552592130e-01 7.932542409457670196e-01 7.847809524575468654e-01 7.846682649786121955e-01 7.697343086068455520e-01 7.842218239295056792e-01 7.931165308408524295e-01 7.970566678100314828e-01 7.855158073894011883e-01 7.950963352483241264e-01 7.904783387272863449e-01 7.941953118994010685e-01 7.866589498708620454e-01 7.917895357395968725e-01 7.951427058566280515e-01 7.995459180175514824e-01 7.920421949543386964e-01 7.807871328319708759e-01 7.907513964799042228e-01 7.858121019684158881e-01 7.919795764242906211e-01 7.929040794037992557e-01 7.979194196233401204e-01 7.936365495921727797e-01 7.899499276326581443e-01 7.912967830761218346e-01 7.914480894226856300e-01 7.914953678897905798e-01 7.856509201069997728e-01 7.827073749198207864e-01 7.883967644833417276e-01 7.849801293992009210e-01 7.916871754692540453e-01 7.871683616181622822e-01 7.906876087263451369e-01 7.912399307708182228e-01 7.868217046767498335e-01 7.912515785836590210e-01 7.901900318904969689e-01 7.863603117876909465e-01 7.975335294027122712e-01 7.902168534076876583e-01 7.891951596716743067e-01 7.802609398477117209e-01 7.885639175333695183e-01 7.882908782811166581e-01 7.898358421300420984e-01 7.887633647922085434e-01 7.904012129340166615e-01 8.012414335293341905e-01 7.969212534003605741e-01 7.986319442083372744e-01 7.940928109392689782e-01 7.974189307135923777e-01 8.007393433251667192e-01 7.956121317601403398e-01 7.950954852891684022e-01 7.928433423738067143e-01 7.964910864879604091e-01 7.941658193417625577e-01 7.870322289638105318e-01 7.932044219308275190e-01 7.933021058059899211e-01 7.922138910473019990e-01 7.876216130600524057e-01 7.960950039535845679e-01 7.951847309702435584e-01 7.870361900047307957e-01 7.889320542693335492e-01
7.475176393073727776e-02 1.265038233598677897e-01 3.025877689744557175e-01 5.446374638158297810e-01 4.010687226724785615e-01 5.533844682939582649e-01 7.055581137271416114e-01 7.075287763332472890e-01 1.000000000000000000e+00 7.295172540312929721e-01 7.832437737067867722e-01 8.324648536987199199e-01 7.524210458630072873e-01 7.778283131010708118e-01 8.377467425601390349e-01 8.400170841305513170e-01 7.689120495075489892e-01 7.472116903513723596e-01 7.918183069446818045e-01 6.695830635335686676e-01 7.944961003644884778e-01 8.152675247199594466e-01 7.841632332468515543e-01 7.804848776766328822e-01 7.986378226368266997e-01 8.340306060792118670e-01 8.157714486252714003e-01 8.063187560015055988e-01 8.323050340353165266e-01 8.512416714120861760e-01 8.555084257992411345e-01 8.394550726645104710e-01 7.590391172718278234e-01 8.256665848832838162e-01 8.306263779177148754e-01 8.188193040108152632e-01 8.374534843734032785e-01 8.219340842903766209e-01 8.451122875426677616e-01 7.795889751911639909e-01 8.518127277502809402e-01 8.375968944148092232e-01 8.194399431350783969e-01 8.597615648063210436e-01 8.494253938472603460e-01 8.404522010631026996e-01 8.613691181254937712e-01 8.750511793643372949e-01 8.729978141371294020e-01 8.485603883098933320e-01 8.460555631586632597e-01 8.448293000968263300e-01 8.636338430723352610e-01 8.764756766237277175e-01 8.659010722706262930e-01 8.517595090130336555e-01 8.700137596194252865e-01 8.617297908307141041e-01 8.571046869727477757e-01 8.797295660479735879e-01 8.744644419416333081e-01 8.740320664547867047e-01 8.655682974845846367e-01 8.805207822380428651e-01 8.752005344240890716e-01 8.814319712746788715e-01 8.745741934013379071e-01 8.667532480563887587e-01 8.684527793588948663e-01 8.629128186007039014e-01 8.673081959336605973e-01 8.687932984531741010e-01 8.634572653509724471e-01 8.606846941421080199e-01 8.704084503952850271e-01 8.687805736242025789e-01 8.630963247855172327e-01 8.718396741427875130e-01 8.627757036282284187e-01 8.734211395306507031e-01 8.703576010257751960e-01 8.752170034922909236e-01 8.698361193911824385e-01 8.660336442379502619e-01 8.642032575804438066e-01 8.674774656695848352e-01 8.672455490394093136e-01 8.658315049734391922e-01 8.682569843123210118e-01 8.656659542856657286e-01 8.488591383969790183e-01 8.646656199618052430e-01 8.681062921592996862e-01 8.651506957859741442e-01 8.738690928706269734e-01 8.760611029440191766e-01 8.655354226851217359e-01 8.795183559635307846e-01 8.765094196025410289e-01 8.651334880992680443e-01 8.657633766237987638e-01 8.742947360198909390e-01 8.794765439418797959e-01 8.727641675994157744e-01 8.750329413608398665e-01 8.768789426659544528e-01 8.792154233345143011e-01 8.736305780158856171e-01 8.744967719038956311e-01 8.722528101847836224e-01 8.663739470460137815e-01 8.772790779557371188e-01 8.771416306938319973e-01 8.794254239600131084e-01 8.758217740799562057e-01 8.815984942228920485e-01
4.635118582035419044e-02 1.622282379008624931e-01 2.836688627882535951e-01 5.059902865224322754e-01 3.961224810889789061e-01 5.099688950577062618e-01 6.764740486963695121e-01 6.509932496080780284e-01 7.295172540312929721e-01 1.000000000000000000e+00 7.309076979821470532e-01 7.756534886340865631e-01 7.042332356880589561e-01 7.090544087726962097e-01 7.840552573242204337e-01 7.718183621995231558e-01 7.018761146104792736e-01 7.068171797521625166e-01 7.375116753679168413e-01 6.136940728762707575e-01 7.312541703189705533e-01 7.599420400820644517e-01 7.404930152093989193e-01 7.351211273528805989e-01 7.520753134373334703e-01 7.746452558043083192e-01 7.595425867344249848e-01 7.724892891814504337e-01 7.703420278241922547e-01 7.790505521379867959e-01 7.909352126793290916e-01 7.904055648331851369e-01 7.380911672102791199e-01 7.763714611321314019e-01 7.686546776509938228e-01 7.644990070506018087e-01 7.773142695476578101e-01 7.877214316006572181e-01 7.908330353806759527e-01 7.717862141807422249e-01 8.002124472307247105e-01 7.960195965162393250e-01 7.762642568092165130e-01 7.995579152723367722e-01 7.992586430142165632e-01 7.921903290216540938e-01 7.998888568247062292e-01 8.090364305415502777e-01 8.003239648038930065e-01 7.718698781550489274e-01 7.901196397369386615e-01 7.640584747880121430e-01 7.888463203840281324e-01 8.067971483718729964e-01 8.001755000378573124e-01 8.082293142975917055e-01 7.889390274427587890e-01 8.019167359459024036e-01 8.061251516931438044e-01 8.058040956454123327e-01 8.030315300145930424e-01 8.029992000621406500e-01 7.979214969839899529e-01 7.948794927274998035e-01 7.967584786003126807e-01 7.988434704838690559e-01 8.063142876054756325e-01 8.037560410189561466e-01 8.059247407068302893e-01 7.989185763321577927e-01 8.018534024784942371e-01 8.068208702558198331e-01 8.019603894320667115e-01 8.000767569609714691e-01 8.067979905449507161e-01 8.038077604694680023e-01 8.017422114575429859e-01 8.034876263106822680e-01 8.029463514485052356e-01 8.074584443905303832e-01 8.038982765624654858e-01 8.074413050304943829e-01 8.088602551199323143e-01 8.029055217042903037e-01 7.989856616087313013e-01 8.044885238616232837e-01 8.075647300695187880e-01 8.085811231703032842e-01 8.068205273122774912e-01 8.097019753749565840e-01 8.031367255912099656e-01 8.068392659400536182e-01 8.086839483790079219e-01 8.087800973987359088e-01 8.083433978771633610e-01 8.098776922800456912e-01 7.898399652512343438e-01 7.885661477671482844e-01 8.028863201474675249e-01 8.050535694557287014e-01 8.057979879619270314e-01 8.022883484418987798e-01 8.039540003609855212e-01 8.049398543744239465e-01 8.017201586484247189e-01 8.004437325599080832e-01 8.035426279936352945e-01 8.106232449239967330e-01 8.089089059240164303e-01 8.068975146172414625e-01 8.083485729015401633e-01 8.085356496673253845e-01 8.080580389423118737e-01 8.017580817154671413e-01 8.045911534059380088e-01 8.055897961758378134e-01
7.758228099840283436e-03 1.287846936597688008e-01 3.090564702773097583e-01 5.650162433113167237e-01 4.288719417666225775e-01 5.590995796116088323e-01 7.379616435909932548e-01 7.175931510952626713e-01 7.832437737067867722e-01 7.309076979821470532e-01 1.000000000000000000e+00 8.505751261852281253e-01 7.804768388277444346e-01 7.886380240870348723e-01 8.651534187370352180e-01 8.485404846728226147e-01 7.535870010568946897e-01 7.755775875817737530e-01 8.086192814066407442e-01 6.818636203497173698e-01 8.140766308691452791e-01 8.363408671411466377e-01 8.102813119206654369e-01 8.069182595532891078e-01 8.223282504404647586e-01 8.494736813398542363e-01 8.403380723293113475e-01 8.464376880080303200e-01 8.484196541228768984e-01 8.665586848741901882e-01 8.671207175640566200e-01 8.622440393720028906e-01 8.092938945598295852e-01 8.515766061963503386e-01 8.535149993809174607e-01 8.384352952594266162e-01 8.543002196830817851e-01 8.657625725831141761e-01 8.744250670266684455e-01 8.375475830640305430e-01 8.798280426398403797e-01 8.724420322711181619e-01 8.589792798977436972e-01 8.818019838298817303e-01 8.741385191830818302e-01 8.728076062108203192e-01 8.800975352966493581e-01 8.891343891600653748e-01 8.829282974961939479e-01 8.625265405476402192e-01 8.742935021923821104e-01 8.510718199183323618e-01 8.725996088493556124e-01 8.858125985297743421e-01 8.733926176950940201e-01 8.809520478685358702e-01 8.659688133556364686e-01 8.822478992243986129e-01 8.819245805114764858e-01 8.858854767722635914e-01 8.882680601460908321e-01 8.805045397758299863e-01 8.764353308238264084e-01 8.781108183797239342e-01 8.765773961122425018e-01 8.806043692267750966e-01 8.880863083861867402e-01 8.871077561109708132e-01 8.883627949275550995e-01 8.799417988821066627e-01 8.864753372249274399e-01 8.885535279331735481e-01 8.828182146995265933e-01 8.828888976839708302e-01 8.898454798775516927e-01 8.872314317987642918e-01 8.882754524017726361e-01 8.868048985535837980e-01 8.833955411586746909e-01 8.894504539525945885e-01 8.854103454667904272e-01 8.911993084517559893e-01 8.887315151740015073e-01 8.858710471009689780e-01 8.849408908726404954e-01 8.875600656326070315e-01 8.883727791669646656e-01 8.907448724386852756e-01 8.880142961360059095e-01 8.886455194395550539e-01 8.848099842682459748e-01 8.904199393873882817e-01 8.884701607347017527e-01 8.914500742056301608e-01 8.908956025203360607e-01 8.928258848635619582e-01 8.815935142396205126e-01 8.783836039923478278e-01 8.877730551751684684e-01 8.898381295533701607e-01 8.884074710415202913e-01 8.860015991796456047e-01 8.875843523286011116e-01 8.924125553320124693e-01 8.873870943382871079e-01 8.816307613812383037e-01 8.879973429167621335e-01 8.896438078867104915e-01 8.902355045163179437e-01 8.911464401050780415e-01 8.909172979007888848e-01 8.893671693921030297e-01 8.890803817564317812e-01 8.862173602972188702e-01 8.872988716152501176e-01 8.875918981092695281e-01
1.473862085088006868e-02 1.463700915084832632e-01 3.252473782189966856e-01 6.035272803258645569e-01 4.432702657269406710e-01 5.860228457650671352e-01 7.784503655421486368e-01 7.680425143631188778e-01 8.324648536987199199e-01 7.756534886340865631e-01 8.505751261852281253e-01 1.000000000000000000e+00 8.130189513475351015e-01 8.276487738026750973e-01 9.107075474341549404e-01 9.005185759668837830e-01 8.122580423178847875e-01 8.124927481335014745e-01 8.577601178248173142e-01 7.264324680007593349e-01 8.553682892003865446e-01 8.869844573941406685e-01 8.601565604062669790e-01 8.494252298335591700e-01 8.686570954224532848e-01 8.951082817416101678e-01 8.818956956639327771e-01 8.913725072878300182e-01 8.991979126094866714e-01 9.135755422745167609e-01 9.227140721763653630e-01 9.141646430981343885e-01 8.494567004624833384e-01 9.044121075808306820e-01 8.972584045186597912e-01 8.902925531929226644e-01 9.090977344947643868e-01 9.117473708073471350e-01 9.246707642079428080e-01 8.796775489041533946e-01 9.271066812817697622e-01 9.195921233389803273e-01 9.012412551976487496e-01 9.310420326004741343e-01 9.252098731728136682e-01 9.203313603432803358e-01 9.286921322627155195e-01 9.395754763294378309e-01 9.351087882437206789e-01 9.182752392482083081e-01 9.265961547409555799e-01 9.043828798822063364e-01 9.240315338678448676e-01 9.395687687363734053e-01 9.320506740935495804e-01 9.299062642133222312e-01 9.253331031558501563e-01 9.358093356939611862e-01 9.370579733981074799e-01 9.373431817107783504e-01 9.407507698294613752e-01 9.343534613896899987e-01 9.350652048579234377e-01 9.333170347903585462e-01 9.300445525406266789e-01 9.359475942716691810e-01 9.390757180135413940e-01 9.370624701469132400e-01 9.384474873734554023e-01 9.347119989163774623e-01 9.373448418901287882e-01 9.395707576636763703e-01 9.324313990596209134e-01 9.316023021304590257e-01 9.390045104643228724e-01 9.366602272518219641e-01 9.355848668768339538e-01 9.395697680150655318e-01 9.332271406027680127e-01 9.406095278611841248e-01 9.377474766583390187e-01 9.411612607049361090e-01 9.395537120472463588e-01 9.369965763342696929e-01 9.364133103701490768e-01 9.394256046352399414e-01 9.390144662765446126e-01 9.411156883782292315e-01 9.405377241372714359e-01 9.392703174462372351e-01 9.305035173414398786e-01 9.382810084195499778e-01 9.390841752001195530e-01 9.400341043678891451e-01 9.414075251547330270e-01 9.425078419536854213e-01 9.329511315048262254e-01 9.325900474520174566e-01 9.408505243393324724e-01 9.392520030348348037e-01 9.395349943273731963e-01 9.409189067851597699e-01 9.405643863069040878e-01 9.416350393408217112e-01 9.400451299912722103e-01 9.371836986117140222e-01 9.414338248204376924e-01 9.410946640163182497e-01 9.427380940145961841e-01 9.413404743565858546e-01 9.394837261451196575e-01 9.407956963477436263e-01 9.414641804025618566e-01 9.402512421827878830e-01 9.384356518643545142e-01 9.403478049299442976e-01
8.105306762326753428e-03 1.437119727431729332e-01 2.858998544225583305e-01 5.276396059162380414e-01 4.389435932179377442e-01 5.462747538586016915e-01 7.146228771261036172e-01 6.844277212065370541e-01 7.524210458630072873e-01 7.042332356880589561e-01 7.804768388277444346e-01 8.130189513475351015e-01 1.000000000000000000e+00 7.694928838480111777e-01 8.442842138011198427e-01 8.238207729553984615e-01 7.286335207281797732e-01 7.515857761936021175e-01 7.808726334415978521e-01 6.350159028211904699e-01 7.683521252677194546e-01 8.047455834124529472e-01 7.852174173022398174e-01 7.718029682737895802e-01 7.939347497173361301e-01 8.192554415416698488e-01 8.047407548873128924e-01 8.234804181181600846e-01 8.198345990183950605e-01 8.395351654909271044e-01 8.498062509079202798e-01 8.290316792822187697e-01 7.750052381603740326e-01 8.197242052350964814e-01 8.183301060357321965e-01 8.108345508373944188e-01 8.372663748410931195e-01 8.289592449531578700e-01 8.461205807959055747e-01 8.013394311702276562e-01 8.518766563325739227e-01 8.483102453618261984e-01 8.248206220974440006e-01 8.533559942677344523e-01 8.513474813863314283e-01 8.472739008082603718e-01 8.560675766195151581e-01 8.663880445854227341e-01 8.552261614628047237e-01 8.248530157444776689e-01 8.390736077246345737e-01 8.215823385856709793e-01 8.428243362902069213e-01 8.611453801416786291e-01 8.467187445617531116e-01 8.517902085952939739e-01 8.288640444204030677e-01 8.560752061145640024e-01 8.458770883401955931e-01 8.624561058432723692e-01 8.623706227612166764e-01 8.467575390552182224e-01 8.398329213144670735e-01 8.488571953986342455e-01 8.533215164285454790e-01 8.569694809318924023e-01 8.643805169199455518e-01 8.636442553957194290e-01 8.622328463161126333e-01 8.479727532041393401e-01 8.614875256471727916e-01 8.650197668167247667e-01 8.583388042899614545e-01 8.568293465636422912e-01 8.634402935292270209e-01 8.638508765362772346e-01 8.614401148472987657e-01 8.623227207011301410e-01 8.620056768244267476e-01 8.645937482756317349e-01 8.609102151376424317e-01 8.673774710910964192e-01 8.616482882653817565e-01 8.621634810787361936e-01 8.564564135892842600e-01 8.626385223424769544e-01 8.640351078209961289e-01 8.616730480024280547e-01 8.656509605283182474e-01 8.647672869840756782e-01 8.569111335641705907e-01 8.643837689277450442e-01 8.643583734001590857e-01 8.666350477915566453e-01 8.682067165172264733e-01 8.687366561618498073e-01 8.457849372447965308e-01 8.460766278790620154e-01 8.610606747773180691e-01 8.597763465105942027e-01 8.611825929311682781e-01 8.562685670070755428e-01 8.611340046066042753e-01 8.649811798105991878e-01 8.630630019841468714e-01 8.521039579294770183e-01 8.614477075071861334e-01 8.680616465582566832e-01 8.654376086538579926e-01 8.659288728294008974e-01 8.600130159823536902e-01 8.680255113934787214e-01 8.598535117356316260e-01 8.596085688402937963e-01 8.660758998211913751e-01 8.661978489754206256e-01
