1.000000000000000000e+00 8.482214900884431363e-02 3.268814164240945591e-02 5.398790807849662698e-02 1.837805698012790617e-02 1.496325747470388448e-02 2.355548115815560978e-02 2.774005929486932087e-02 7.749783160437165308e-02 3.142554413039219674e-02 -9.005151335734542248e-04 2.478915851856198019e-02 1.325371202217741351e-02 -2.955349039556142213e-02 1.223526588105291676e-02 8.081708924584894704e-03 8.177284816630307762e-02 4.944367729806129624e-02 2.795599504683123418e-02 5.605072089239141603e-02 3.752167415346118612e-02 1.946940994286474463e-02 2.944824908005268596e-02 4.163829875633490163e-02 2.321505154356780232e-02 1.750930005530868319e-02 5.373409544495253570e-03 -1.413427299278587242e-02 2.373171865369313668e-02 2.858232169847776255e-02 1.283768327262649160e-02 1.554724220886049939e-02 -2.403553970527300826e-02 1.565433907246022854e-03 1.152496089910668743e-02 -1.395817442380275011e-02 -1.747825840602614672e-02 -1.517119053586697729e-03 -5.443731938640748724e-03 -2.957671090631888364e-02 -4.289705353831892165e-03 -1.390945847993557520e-02 -8.789813288059993013e-03 5.919826871273149542e-03 -1.893955904053945538e-03 -1.030393464289484353e-03 4.048953590594301863e-03 1.460201230480810165e-02 1.891384672730973826e-02 4.348183648117785391e-03 -6.202359372418229022e-04 1.267606605410379582e-02 2.417611121899995372e-02 3.057218240280526814e-02 2.212822728437686959e-02 1.096322402294110966e-02 4.051623101220009487e-02 -3.494333434975593379e-03 1.092023567757650047e-02 2.033086434651332208e-02 3.573002552864171580e-03 2.057290112791047149e-02 9.105089047326557841e-03 2.397473706974303370e-02 3.188144952062041404e-02 3.439995415455725930e-02 1.463285974412540345e-02 1.647010921049393492e-02 1.266974447421570678e-02 2.674637140376321179e-02 6.965539830050089184e-03 8.564272775922738765e-03 2.312686802815618059e-02 6.197009778500659621e-03 9.102836246249522076e-03 6.182873569173344061e-03 5.803185590092769554e-03 1.269590924103796391e-02 1.635549945237019590e-02 1.214110791696439498e-02 7.928793804613228427e-03 3.947565323448531949e-03 2.097110860319641515e-02 6.298022002144844540e-03 -9.866917382790716881e-03 1.412189213040424387e-03 -8.247977284578447699e-03 1.418282572592109887e-03 1.024171633988425279e-03 1.815997472770515889e-02 -1.171303717002029031e-02 1.307938731657208857e-04 -7.662004679726299155e-04 7.121419325956737927e-05 4.340311647461634129e-03 6.281231702306462085e-03 2.235267608318141069e-03 2.554233711830072515e-02 1.319958068012197158e-02 -3.257865110984120203e-04 9.649758260971096329e-04 1.254869253328740226e-02 8.677684089137091550e-03 2.743150277890760505e-03 7.933465521752973079e-03 2.845126310295163774e-02 1.198314463363971127e-02 1.264909034837378293e-02 1.926409177544111465e-02 9.269080735634333684e-03 9.324723756312738171e-03 1.171825985128755777e-02 1.422223850309430222e-02 1.322325350290972854e-02 2.334387203676719161e-02 1.879908186805696185e-02
8.482214900884431363e-02 1.000000000000000000e+00 6.250218178772863620e-02 1.240049916721661510e-01 8.487252694117575214e-02 9.102126501727379748e-02 1.407558008052141596e-01 1.322868859771491878e-01 1.608262714994767306e-01 1.588270193948359554e-01 1.358624796879125129e-01 1.504036637895987960e-01 1.212590191215887070e-01 1.175453505642716223e-01 1.457251185197483423e-01 1.544430107012600140e-01 1.466328034176648532e-01 1.357510148708664377e-01 1.407195208419034227e-01 1.403521112965548656e-01 1.475423303343951498e-01 1.404439209614430639e-01 1.162597363473386186e-01 1.178226165520172009e-01 1.169931256503383837e-01 1.461159729245225525e-01 1.322003495573131071e-01 1.101252613098803040e-01 1.351815210280483959e-01 1.362833531127763398e-01 1.383976062612087277e-01 1.448410503342741351e-01 1.264774814311360185e-01 1.461649612583136304e-01 1.414563351858238449e-01 1.230191798497664163e-01 1.128687658836801250e-01 1.336017581032727941e-01 1.429437778318548569e-01 1.109661062762122563e-01 1.432633281169350681e-01 1.282600182590688531e-01 1.235383493516354486e-01 1.420878038350821826e-01 1.391016705218877381e-01 1.447565557853568718e-01 1.503330059333730651e-01 1.684221887293710362e-01 1.456170866845106493e-01 1.117121614566450871e-01 1.225435378735965364e-01 1.184379296456441466e-01 1.453472489438710769e-01 1.697365564183529185e-01 1.573311037743869711e-01 1.428670120529622334e-01 1.479306954266656204e-01 1.463838496600713690e-01 1.517068582669578725e-01 1.635144318663671326e-01 1.345416423308829768e-01 1.610805401172646922e-01 1.475599272921666316e-01 1.482005963757894174e-01 1.550439080983711249e-01 1.674353478775957305e-01 1.623810571729265850e-01 1.540615725160062455e-01 1.557349936518953870e-01 1.682387274664401966e-01 1.538273326711855071e-01 1.500780931704202570e-01 1.499190098830789353e-01 1.429126799212510068e-01 1.512553000120077651e-01 1.455420778545231386e-01 1.497319779865634581e-01 1.551147298742925063e-01 1.557447017086673879e-01 1.521799475288295178e-01 1.442194776897711139e-01 1.479196718499985463e-01 1.575323731712500730e-01 1.539899482728871727e-01 1.458831663396347456e-01 1.582448619147598379e-01 1.401813260475823775e-01 1.563303949570834239e-01 1.480150152414333453e-01 1.673036281359303878e-01 1.420777549503024761e-01 1.491589528571349854e-01 1.467742747436357464e-01 1.482574902789257076e-01 1.563395869657605852e-01 1.608272014871092725e-01 1.334803705926315698e-01 1.521254584605332416e-01 1.536386601508022698e-01 1.450104644380277308e-01 1.420884485411005871e-01 1.596547342041033934e-01 1.496220799672157431e-01 1.478123224688372706e-01 1.510819998886354931e-01 1.714261148276561841e-01 1.590756531458059897e-01 1.656673830594471986e-01 1.701273588563372574e-01 1.584640826436662653e-01 1.648615291523091442e-01 1.605599074177090080e-01 1.645676122845692313e-01 1.556641502042684366e-01 1.546711129405587970e-01 1.687338151525769880e-01
3.268814164240945591e-02 6.250218178772863620e-02 1.000000000000000000e+00 3.260850916148992362e-01 2.201906548447341294e-01 2.412747150046793410e-01 3.779578216573608596e-01 3.570760686360739955e-01 3.702526384765399414e-01 3.316304074928598244e-01 3.834650750612669245e-01 4.177055330415578860e-01 3.684210288454793369e-01 3.047375833804004119e-01 4.155725990930848046e-01 4.019160414072221466e-01 3.749617655217467593e-01 3.960807083273303886e-01 3.900927006350299875e-01 3.127246171778945150e-01 3.718495368109590027e-01 3.823173909644220769e-01 3.847766363234026987e-01 3.649099862603017441e-01 3.804248859614357547e-01 4.203638443847693695e-01 4.098401447187176583e-01 4.015656445935308350e-01 3.929815926086299149e-01 3.938837196938174134e-01 4.098312904692442138e-01 4.154615272596133280e-01 3.767370861610193633e-01 4.099238717410735866e-01 3.968514841163815476e-01 3.982914188713044257e-01 4.161810928960783529e-01 4.001722474811771346e-01 4.190174081558007968e-01 3.919042661010064266e-01 4.034142785554874489e-01 4.029551734420047659e-01 3.997832069915046027e-01 4.119756762220974089e-01 4.154511670302571957e-01 4.105464892728572512e-01 4.089096638614942991e-01 4.040811731355001268e-01 4.107109216918591876e-01 3.945906622066710501e-01 4.016563459183554174e-01 3.999678184660471758e-01 4.159420789471531266e-01 4.062344158219768353e-01 3.979859590915738599e-01 4.059538507940366192e-01 4.070564188684065443e-01 4.038193180322491305e-01 3.978467156231155766e-01 4.115992094752244923e-01 4.050919984174861654e-01 4.088011240804986235e-01 4.014442710310140439e-01 4.090765232884724378e-01 4.037349514018318541e-01 4.166944277217029535e-01 4.138490679854766596e-01 4.139340906543778065e-01 4.157210217210204339e-01 4.025889459465246123e-01 4.050441218694973977e-01 4.113005767682849645e-01 4.111867987630568044e-01 4.071582018324733099e-01 4.190782344973092988e-01 4.133607956230416769e-01 4.152444576413222288e-01 4.137889544605799497e-01 4.155028245233242656e-01 4.187871205693435850e-01 4.185259424569925946e-01 4.166525317844481657e-01 4.189007950560854066e-01 4.193608424196894613e-01 4.125898760778479724e-01 4.211425678419247753e-01 4.155549615267759567e-01 4.123430048632583667e-01 4.177988748530224172e-01 4.106242073487388344e-01 4.136302620899960925e-01 4.115548780000546358e-01 4.150762497022816855e-01 4.120192529100766832e-01 4.074916524279618701e-01 4.066020514711575773e-01 4.093648780192575276e-01 4.193561172228564837e-01 4.109096201930582115e-01 4.081818796485297551e-01 4.114332175281377180e-01 4.149107061654747630e-01 4.095251350415236580e-01 4.124478744149557286e-01 4.172629787816912739e-01 4.141640780289992940e-01 4.132778549585829353e-01 4.077546569078561722e-01 4.145010137643161952e-01 4.047762926212635781e-01 4.082092607573961085e-01 4.115406996207937040e-01 4.092682483044780550e-01 4.162674069458868753e-01 4.115099361080089002e-01 4.124573171770155033e-01
5.398790807849662698e-02 1.240049916721661510e-01 3.260850916148992362e-01 1.000000000000000000e+00 3.456199943204598668e-01 4.028301241769976504e-01 5.664700253659226137e-01 5.427468447878907032e-01 5.736842320496131631e-01 5.127619410639198128e-01 5.907470846786929686e-01 6.287267345738293267e-01 5.574133811065045130e-01 4.535586454655060051e-01 6.158634390666086755e-01 6.255369247542862388e-01 5.838755191842393000e-01 5.987191636119547633e-01 5.862778494713737354e-01 4.869012561693180641e-01 6.053400035986858940e-01 6.134624770212865341e-01 5.715179324429928709e-01 5.502406686255512103e-01 5.931890406514304104e-01 6.042863324013723059e-01 6.169034363046154157e-01 6.142231051869395664e-01 5.913999959372308046e-01 6.099714011350831910e-01 6.342744188037207076e-01 6.264555648572796009e-01 5.758427465027528003e-01 6.045061371540515482e-01 6.086700816114921642e-01 6.211011041579879155e-01 6.215336499470214271e-01 5.983317187081840238e-01 6.345268154277434736e-01 5.893031228247673781e-01 6.189374124265309973e-01 6.161266493696809787e-01 6.176994460746969562e-01 6.335502551090458345e-01 6.336408049851570690e-01 6.252758605867340114e-01 6.280711288122522440e-01 6.265886449189735918e-01 6.312172795641046719e-01 5.929842600713183254e-01 6.034941467085852551e-01 6.152248863405470614e-01 6.301152860237957398e-01 6.347266442980131762e-01 6.226371596387538787e-01 6.228826971462878559e-01 6.375776204266450087e-01 6.224101442379825766e-01 6.137540775541867610e-01 6.349352797908593971e-01 6.193410762512071566e-01 6.297885904111568678e-01 6.191415518123950523e-01 6.324086423016990199e-01 6.315117348713296108e-01 6.411019797454640123e-01 6.308499471811244153e-01 6.321492511974047268e-01 6.278111108484620839e-01 6.297452664197091821e-01 6.377638784590009546e-01 6.357056830147757021e-01 6.165593534374106399e-01 6.291028628853692073e-01 6.337357950455323463e-01 6.330110853928815340e-01 6.315505109631802672e-01 6.305915353536997170e-01 6.320961432049598816e-01 6.403246230153496477e-01 6.356405610550606156e-01 6.354607631999886763e-01 6.463371330078002686e-01 6.370526868814306853e-01 6.216364077492096962e-01 6.288264537537205934e-01 6.344356222676176271e-01 6.329308135414289938e-01 6.358194925492609562e-01 6.448259768145548909e-01 6.308543814985736464e-01 6.294045694420851156e-01 6.337198811608881766e-01 6.349296326803284263e-01 6.250494427990256341e-01 6.279149962345813574e-01 6.238722900768770563e-01 6.403090714138455208e-01 6.287063916707387179e-01 6.242271483082044714e-01 6.314443485987326632e-01 6.389041898941938413e-01 6.287280263446095585e-01 6.298187957124232739e-01 6.421585646235230538e-01 6.446191616642268363e-01 6.321824937266604660e-01 6.327783094142335196e-01 6.404074296697512825e-01 6.264397303544219087e-01 6.330120442119331337e-01 6.320775668242721856e-01 6.342029425310893309e-01 6.375150737573889170e-01 6.327517517872331965e-01 6.397746495661398303e-01
1.837805698012790617e-02 8.487252694117575214e-02 2.201906548447341294e-01 3.456199943204598668e-01 1.000000000000000000e+00 2.878030524153181169e-01 4.695614076081884303e-01 4.346539272793634168e-01 4.549996468983125708e-01 4.333286878051336166e-01 4.500652468022973141e-01 4.784276227991656194e-01 4.758734423171927519e-01 3.362054441394859983e-01 4.958229563167588227e-01 4.885253006717828472e-01 4.480367201830575130e-01 4.780383642047133508e-01 4.902997639782900041e-01 3.808048501662487095e-01 4.618050748351477663e-01 4.866350769202130166e-01 4.627259736238805155e-01 4.549103276255870298e-01 4.809552650648601380e-01 4.904409790101052491e-01 4.870801389012212046e-01 4.961545386385344258e-01 4.785332417148305817e-01 4.840639677071326696e-01 4.974744533080583953e-01 4.917267142106960809e-01 4.467711443714982855e-01 4.610118193618780169e-01 4.636029234713116010e-01 4.884990149815859328e-01 4.882583156674853986e-01 4.675906129193493355e-01 5.015808790518756499e-01 4.821045390126712515e-01 5.018568274079208136e-01 5.065355260043958863e-01 4.961878147610510603e-01 5.127701705327690762e-01 5.107565926863067984e-01 4.965587832439715688e-01 4.935630499809802174e-01 4.944562955020027073e-01 4.909373577061811877e-01 4.522903298007509565e-01 4.745650817342780270e-01 4.725133869355113148e-01 4.990343203820222229e-01 4.857128115573714489e-01 4.676008623699729472e-01 4.902555930778476623e-01 4.719283849037764211e-01 4.987672571668880783e-01 4.765605907441552436e-01 5.047534181331103653e-01 4.860615423738299801e-01 4.924895131435782503e-01 4.841925990331790719e-01 4.901409730579261992e-01 4.979465792356499998e-01 4.906399180044485608e-01 4.977895472299917468e-01 5.056788776276017749e-01 4.987330076428895254e-01 4.988273036091876445e-01 5.040214846410784322e-01 5.037591850246454506e-01 4.963565468991979479e-01 5.081144533011150433e-01 5.017865233078712128e-01 4.984669577169495991e-01 5.025748940353578220e-01 4.978057359649694646e-01 5.012077742441899408e-01 5.004797185359775025e-01 5.003767911708532079e-01 5.011024416835198059e-01 5.000122275479422784e-01 4.958776302409197423e-01 4.807909306868874411e-01 4.943978178864889550e-01 5.047179149170065715e-01 4.979714376207494131e-01 5.019854300407187164e-01 4.977133998420360528e-01 5.027220884621417252e-01 5.060903559245805150e-01 5.075729087550026053e-01 5.061956781758659707e-01 4.991755344080274770e-01 4.988286658390246320e-01 4.835650596122224587e-01 4.786176989756043554e-01 4.903037954025275535e-01 4.909294260450935976e-01 5.028736113712697353e-01 4.938012411920650324e-01 4.974630498343127760e-01 5.045696793155952653e-01 4.976286089416960823e-01 4.876317869590442444e-01 4.931581484984844943e-01 4.968497646673423751e-01 4.975410354310715877e-01 4.999349670910775423e-01 4.988546289014805790e-01 4.997521619118284741e-01 4.968482190164844048e-01 4.943998435557398485e-01 4.990420749108883669e-01 4.934492740543910405e-01
1.496325747470388448e-02 9.102126501727379748e-02 2.412747150046793410e-01 4.028301241769976504e-01 2.878030524153181169e-01 1.000000000000000000e+00 5.257212271636612089e-01 4.846356711024634167e-01 5.459435357351420937e-01 4.738481556223249069e-01 5.431462050014242982e-01 5.741598665869480644e-01 5.353383968139621141e-01 4.162480368867236269e-01 5.684309154885903714e-01 5.672564440483802706e-01 5.226465890162440564e-01 5.279751704012951574e-01 5.269993695752328566e-01 4.631144482257325001e-01 5.310285011791271437e-01 5.307136855462981639e-01 5.155619506358943838e-01 4.963607434356872017e-01 5.222809758697269933e-01 5.556543199233553443e-01 5.575091134712073515e-01 5.621808319170694679e-01 5.552321031549936059e-01 5.482376939399965510e-01 5.778966046513760446e-01 5.831896677961365683e-01 5.370419898147944515e-01 5.581724127447621475e-01 5.531065141451753098e-01 5.534199939719541828e-01 5.682308716859935105e-01 5.660334683288722468e-01 5.804296754715180251e-01 5.505022512499883058e-01 5.810386759888653829e-01 5.820845870889647111e-01 5.697948778845949303e-01 5.890019292435771936e-01 5.806148636031039922e-01 5.877092399927252853e-01 5.873748424153010239e-01 5.856641415378679438e-01 5.855003532909337505e-01 5.564200763413847950e-01 5.719349093398058415e-01 5.602822533607987321e-01 5.832786387049444521e-01 5.846967521523319666e-01 5.739926407779633033e-01 5.789406508642905846e-01 5.723113780893467339e-01 5.857493704096800036e-01 5.792451952498065548e-01 5.883157089097226233e-01 5.857900795907765579e-01 5.862401940226743546e-01 5.773048179200772623e-01 5.808194824516929033e-01 5.789377648237440388e-01 5.861969837731842992e-01 5.904379051675366918e-01 5.853862710083610477e-01 5.889844286778844751e-01 5.848622321194703044e-01 5.853567848002563245e-01 5.866209630294462185e-01 5.743131750870216212e-01 5.784378725012443434e-01 5.882983619350720117e-01 5.892188633383586005e-01 5.905967885163854181e-01 5.866780224650670617e-01 5.859948179360273679e-01 5.888123411700739718e-01 5.892650376416250779e-01 5.876671068816977650e-01 5.840426280997746966e-01 5.917582163876877743e-01 5.842977467812355830e-01 5.860788349712876544e-01 5.869486089804422102e-01 5.901544764912043384e-01 5.933530166623220969e-01 5.835124204498525202e-01 5.872921756446068953e-01 5.920793040802866392e-01 5.914647573404112624e-01 5.918280388050436436e-01 5.899370110663710864e-01 5.884127548687356768e-01 5.790909176173526518e-01 5.863290265981890848e-01 5.872713386746027941e-01 5.874987065538664899e-01 5.883315812293880009e-01 5.893386272944473037e-01 5.876404826977272844e-01 5.905477137278826172e-01 5.906547760546992931e-01 5.835691770171741455e-01 5.911308270410807753e-01 5.864774286488574351e-01 5.870481616298185434e-01 5.910387864150993265e-01 5.875614773842841032e-01 5.889261079857216474e-01 5.890850645345305781e-01 5.895775958447799781e-01 5.864843375571553441e-01 5.906401479115283015e-01
2.355548115815560978e-02 1.407558008052141596e-01 3.779578216573608596e-01 5.664700253659226137e-01 4.695614076081884303e-01 5.257212271636612089e-01 1.000000000000000000e+00 6.938945713186560615e-01 7.376522750190042110e-01 6.782326526072712802e-01 7.528394784916584426e-01 8.004448649452584608e-01 7.228325528894393726e-01 5.824396335807162650e-01 8.359997986726762642e-01 8.017781933291430185e-01 7.292732298750354003e-01 7.591791419017743792e-01 7.536911973896122108e-01 6.657524926530208331e-01 7.491766322882646989e-01 7.625987176104912502e-01 7.615679001335574627e-01 7.065319698558704120e-01 7.445049116202752115e-01 7.988963692443671327e-01 8.071372647825528768e-01 8.129745343850161010e-01 7.934425640228610632e-01 8.104591244061721822e-01 8.336486545410244364e-01 8.132598623714032415e-01 7.584112577635806485e-01 7.827648249597002339e-01 7.784726914071625758e-01 7.768758336560100952e-01 8.168883497686524331e-01 7.941104519062557321e-01 8.259206664490593708e-01 7.895148155653227695e-01 8.133579219273406880e-01 8.173653568312349016e-01 8.123480521268034993e-01 8.295510856086881768e-01 8.202096044563398358e-01 8.304459580122178775e-01 8.126424565994065929e-01 8.104741186609119019e-01 8.127430959849996084e-01 7.675962591198612905e-01 7.959012415511514948e-01 7.746590051632205043e-01 8.114390108237398147e-01 8.073566954609263657e-01 7.979344120349274316e-01 8.078338079637369384e-01 7.934534426679336061e-01 8.122660655794287088e-01 7.991021353571086117e-01 8.156180999188459291e-01 8.076018642193240060e-01 8.145447398763685509e-01 8.076836763917807360e-01 8.076829685796729219e-01 7.966755196773825931e-01 8.123416818057637157e-01 8.121123274316035534e-01 8.169662101595875914e-01 8.237781539822233157e-01 8.169783161260907312e-01 8.143856817119505820e-01 8.147922396477103035e-01 8.030175494040484585e-01 8.096552640751754071e-01 8.237018081137561509e-01 8.221588518090400255e-01 8.266807010516840082e-01 8.244463638004455586e-01 8.286965597899808023e-01 8.310543449137097749e-01 8.305478039765875620e-01 8.267002570542510975e-01 8.190774883198884693e-01 8.237997902768459113e-01 8.080423925881715652e-01 8.174110478734616381e-01 8.232837170538486182e-01 8.225994975013731780e-01 8.251139683337443964e-01 8.206109430652377412e-01 8.275628982687376345e-01 8.224118956487471710e-01 8.261241851218510401e-01 8.267677543439633236e-01 8.156121512806473461e-01 8.132432104156617214e-01 8.050997674780896451e-01 8.095261664552251268e-01 8.136450258409050340e-01 8.131423845588839905e-01 8.198626057827380631e-01 8.161698309238634153e-01 8.134679737278724954e-01 8.188982995766277417e-01 8.158634984121518885e-01 8.116084045826351678e-01 8.158920077222325817e-01 8.164073329844161453e-01 8.196824093178368686e-01 8.146748452906527049e-01 8.186278802910934571e-01 8.166596325346854313e-01 8.166145125645069003e-01 8.161105692010843793e-01 8.104540953173825502e-01 8.157557637101376935e-01
2.774005929486932087e-02 1.322868859771491878e-01 3.570760686360739955e-01 5.427468447878907032e-01 4.346539272793634168e-01 4.846356711024634167e-01 6.938945713186560615e-01 1.000000000000000000e+00 6.951320629305760557e-01 6.427387959173356258e-01 7.103144992667805857e-01 7.659920196761755840e-01 6.882127381914936448e-01 5.625953897337262477e-01 7.753766875215986065e-01 7.746471289021500395e-01 6.813301342341326894e-01 7.271864703061121649e-01 7.253070360752651435e-01 5.897152367424741692e-01 7.307214654184356339e-01 7.439531122637146332e-01 7.186548561723103967e-01 6.794237892253210953e-01 7.248062760978640773e-01 7.506124402647729177e-01 7.531724086156789122e-01 7.663214366940902522e-01 7.598517531177559903e-01 7.526331079358958842e-01 7.771947525999063355e-01 7.722440353230854981e-01 7.193412045661093934e-01 7.379377550816209608e-01 7.366044924750503320e-01 7.481890787537444076e-01 7.632172084161226167e-01 7.714460543577850160e-01 7.823715137651003904e-01 7.579655933257369860e-01 7.763494830815246273e-01 7.784306849032631703e-01 7.754592042364479854e-01 7.837826299529934149e-01 7.822897498267071814e-01 7.892940003446360375e-01 7.761905655130373338e-01 7.733085335721033848e-01 7.801626941711882202e-01 7.499782899637575939e-01 7.705081703812298732e-01 7.368617741481078287e-01 7.714779957351732831e-01 7.743249706020480794e-01 7.751364763514908551e-01 7.868312455072015155e-01 7.712248623478543674e-01 7.770664785355306803e-01 7.793337470422485591e-01 7.768419938438860806e-01 7.746075529539607762e-01 7.827185772513371997e-01 7.782059588921657056e-01 7.733045341789024363e-01 7.574009372757088965e-01 7.784783422214368587e-01 7.769649499834362372e-01 7.810394382787516632e-01 7.801984500812979562e-01 7.695325845865804704e-01 7.861844838710925210e-01 7.838733601499300319e-01 7.660726453695770877e-01 7.795682049045040696e-01 7.812318372858766402e-01 7.837171504246288611e-01 7.837612041174516486e-01 7.835303096577296289e-01 7.870499111454158925e-01 7.864968483001099075e-01 7.876020322372899729e-01 7.817376285221582233e-01 7.824120312825634249e-01 7.818999016831593707e-01 7.683473647774762272e-01 7.768466824487857414e-01 7.837459919711394774e-01 7.853301637231552279e-01 7.836929418466739294e-01 7.871989094192566316e-01 7.847666243775781592e-01 7.837122640114525529e-01 7.851808501411999819e-01 7.881004801706762430e-01 7.798475895326031360e-01 7.790764027225302035e-01 7.777083289101058838e-01 7.767890879323683384e-01 7.785066133438675040e-01 7.786707378839982097e-01 7.856002125616927678e-01 7.842789651308910148e-01 7.765591213596216846e-01 7.823803826306825471e-01 7.804590130575058682e-01 7.801119217100254133e-01 7.830415412983213752e-01 7.810411261730179078e-01 7.872222968527483600e-01 7.789325384379925943e-01 7.865457990030633173e-01 7.809952169104846798e-01 7.839293263689758318e-01 7.828439545191500093e-01 7.723917494788242744e-01 7.768532702752688479e-01
7.749783160437165308e-02 1.608262714994767306e-01 3.702526384765399414e-01 5.736842320496131631e-01 4.549996468983125708e-01 5.459435357351420937e-01 7.376522750190042110e-01 6.951320629305760557e-01 1.000000000000000000e+00 7.308883024365951941e-01 8.027614070078898934e-01 8.373902452683046338e-01 7.708428145176096091e-01 6.287190178946956420e-01 8.441404123941307347e-01 8.398810123746952572e-01 8.040651974578999495e-01 7.918201142535122861e-01 8.040590036955406195e-01 6.853302458730986535e-01 7.848423853701852471e-01 7.969769021044952328e-01 7.751192352537675800e-01 7.462819633945695363e-01 7.801200668024416141e-01 8.407424767193043547e-01 8.260557894643069110e-01 8.273498872755973288e-01 8.364407081546028078e-01 8.103324604415170773e-01 8.595822078640320552e-01 8.532481121545051339e-01 7.757938833966799841e-01 8.146026085245358095e-01 8.050697195724488830e-01 8.051879001230575206e-01 8.327122459803232291e-01 8.301558825806620856e-01 8.567097375527318315e-01 8.012284257159584255e-01 8.630737589695450795e-01 8.526364054919833846e-01 8.383279549377237183e-01 8.701367603365440795e-01 8.595914030903055725e-01 8.598524079841092238e-01 8.714758134560408598e-01 8.794166928980001741e-01 8.726663131254922545e-01 8.117130495056080752e-01 8.449303497433933163e-01 8.282345781099315074e-01 8.696357679699445731e-01 8.788009571899463301e-01 8.591598186812107185e-01 8.580789851810990410e-01 8.676992405414389875e-01 8.672206745382170512e-01 8.607669317664647934e-01 8.819021284662211801e-01 8.713877097149831386e-01 8.790639331217571240e-01 8.641757833949644807e-01 8.766060453394018959e-01 8.745877510217567874e-01 8.832458395878514112e-01 8.766723829659759382e-01 8.748933175531911077e-01 8.746329774417328506e-01 8.736768159801324707e-01 8.683422987102532575e-01 8.750733333274233194e-01 8.590302201775836810e-01 8.615782779077636455e-01 8.766453161859953935e-01 8.755006842163820524e-01 8.751456195090507872e-01 8.749423860892996396e-01 8.749020016074392503e-01 8.766772678164450605e-01 8.749444010118881954e-01 8.759160453244089206e-01 8.681472297949047734e-01 8.712500945421127740e-01 8.530974748158440812e-01 8.661323342634931199e-01 8.689908493878619744e-01 8.686658492229970552e-01 8.750264924039951042e-01 8.669280773501103488e-01 8.666837954690204127e-01 8.734304075221474006e-01 8.748761691480070324e-01 8.759135436046422418e-01 8.768246041659395473e-01 8.777744972589002215e-01 8.517461449080523384e-01 8.703229138719882352e-01 8.748910878137281522e-01 8.633440986710374521e-01 8.718914128431330957e-01 8.719294357855296163e-01 8.753727059390026266e-01 8.770013502323142918e-01 8.741834133715489230e-01 8.741730758827341852e-01 8.782582054557065421e-01 8.774030635414128421e-01 8.763412500075220546e-01 8.774062934211903642e-01 8.736046483926802608e-01 8.811278227890435577e-01 8.788082690495917504e-01 8.780743821419602080e-01 8.786368642169737342e-01 8.793320935249706594e-01
3.142554413039219674e-02 1.588270193948359554e-01 3.316304074928598244e-01 5.127619410639198128e-01 4.333286878051336166e-01 4.738481556223249069e-01 6.782326526072712802e-01 6.427387959173356258e-01 7.308883024365951941e-01 1.000000000000000000e+00 7.391613694913183874e-01 7.667896588892649801e-01 6.993708977261725579e-01 5.675565680480281205e-01 7.781654241952530304e-01 7.659582420346920939e-01 7.099882635879828374e-01 7.192241039345866893e-01 7.270720372392384112e-01 5.986821953914178707e-01 7.145913613976729861e-01 7.221456322673837080e-01 6.985763320461073622e-01 6.643604139002129427e-01 6.997686145593977614e-01 7.576951351264102907e-01 7.483741720842602696e-01 7.546657436871483382e-01 7.658172915846537254e-01 7.391813135371817500e-01 7.846969761602498039e-01 7.860906961608373766e-01 7.322745208876746403e-01 7.488865601805858585e-01 7.394599681552910253e-01 7.423402673946792873e-01 7.638507626917147020e-01 7.752909016883670068e-01 7.896838231279621478e-01 7.533620413069775923e-01 7.934665615515156256e-01 7.815527489021187879e-01 7.660605209205730848e-01 7.912123381001754385e-01 7.862496723408893828e-01 7.926229368722380597e-01 7.954962217651748713e-01 8.072000723083723184e-01 7.938732244581291342e-01 7.413983650530464597e-01 7.734184337259804032e-01 7.253074362799502017e-01 7.764957458775108012e-01 8.005379456961272400e-01 7.808466778717898515e-01 7.861535704971351901e-01 7.690899324849324037e-01 7.895400425741977424e-01 7.852849006116401354e-01 8.012163830226477490e-01 7.799369083082101639e-01 8.007324404941414953e-01 7.826634051086037713e-01 7.906040970079626362e-01 7.868591942744896928e-01 7.951888342169435298e-01 8.010996242023944447e-01 7.957666431872636448e-01 8.020774048975027881e-01 7.883633917166035232e-01 7.936373772110736358e-01 7.986079447230116646e-01 7.773143816093404102e-01 7.843103438795085980e-01 7.962855167332005824e-01 8.004406868186256796e-01 7.993583416240652717e-01 8.023056731349456072e-01 7.978383359288742094e-01 7.980636407021098888e-01 7.983495267835688525e-01 8.015064217134126867e-01 7.961049971887232957e-01 7.968579768802304120e-01 7.849562859921813684e-01 7.942377161257149210e-01 7.967896192482398776e-01 8.007068986705286884e-01 8.009491241707864528e-01 7.948150647111134059e-01 7.974378689575556400e-01 8.005618464399267831e-01 7.983694513383713387e-01 8.012515111659104239e-01 8.008876910466734556e-01 8.051775656015027760e-01 7.708914106935790267e-01 7.803193469674830629e-01 7.898124455344686101e-01 7.921642665846923004e-01 7.940143872125994262e-01 7.938238848113065016e-01 7.902387190410369300e-01 7.992476919474743591e-01 7.913557745847089597e-01 7.903814117170971931e-01 8.022875990417932535e-01 8.041326034570208670e-01 8.028751248901498938e-01 8.024102474218700598e-01 8.012397097462621298e-01 8.050659437914309269e-01 8.033601791909369405e-01 7.964986646828815520e-01 7.941773593548913102e-01 7.985959791079539905e-01
-9.005151335734542248e-04 1.358624796879125129e-01 3.834650750612669245e-01 5.907470846786929686e-01 4.500652468022973141e-01 5.431462050014242982e-01 7.528394784916584426e-01 7.103144992667805857e-01 8.027614070078898934e-01 7.391613694913183874e-01 1.000000000000000000e+00 8.727741080115386518e-01 7.881633077762296713e-01 6.581254449705405962e-01 8.672064797357560417e-01 8.559802346740679191e-01 7.964172013887312884e-01 8.017259880933282901e-01 8.187612682886292736e-01 6.754761473685022555e-01 7.968137331211883057e-01 8.167182379607725862e-01 7.882422295116573441e-01 7.443782818187590911e-01 7.978120290710056794e-01 8.630549376547218543e-01 8.448568915426730719e-01 8.619814987230020042e-01 8.542585503724571261e-01 8.323016554636772923e-01 8.967842483181664992e-01 8.762050361883692018e-01 8.166277984450266425e-01 8.378730672886567366e-01 8.318363105197353891e-01 8.461328364519850043e-01 8.727185784536671820e-01 8.677412487998246160e-01 8.950651402839272519e-01 8.581234588050304923e-01 8.980336633790064749e-01 8.902955876829833359e-01 8.737083561461265191e-01 8.992957250318157625e-01 8.957720883164208558e-01 8.975187328162561595e-01 9.039194863241230005e-01 9.016639432306982060e-01 8.977608370017337025e-01 8.461263101904248352e-01 8.783691815991840901e-01 8.467264017989978298e-01 8.875517689139214017e-01 8.943519896798389768e-01 8.757824774277291890e-01 8.874266767910203857e-01 8.762149575053745920e-01 8.974493073890195127e-01 8.853138622245035894e-01 9.056048848827009667e-01 8.970598251804446921e-01 9.016726369738772284e-01 8.893897535238389773e-01 8.956391874451388180e-01 8.919857551262959650e-01 8.966764500075913302e-01 9.050097165301321800e-01 9.008860507403518847e-01 9.020716291578437795e-01 8.903188364300534952e-01 8.962269423741034968e-01 9.046372712615423639e-01 8.804197858397269094e-01 8.906543498225819588e-01 9.067632819229055618e-01 9.068745349256425170e-01 9.058543280588458035e-01 9.031053644231875621e-01 8.999900034116464775e-01 9.025800910589624193e-01 9.074037745308169978e-01 9.089973280765403230e-01 8.959548896211767532e-01 9.002521941617996903e-01 8.914521500329060100e-01 8.968430571037088184e-01 9.061917278454098001e-01 9.055528402492377671e-01 9.093867202192358334e-01 8.938169299842517734e-01 9.088861567590499346e-01 9.085887810111969998e-01 9.088573091613325605e-01 9.092340133606932051e-01 9.083701841627092044e-01 9.088175233421138532e-01 8.872217170918412776e-01 8.923095706426326101e-01 9.027572036978915859e-01 8.999008966547100696e-01 9.052197056302447864e-01 9.022228813296644390e-01 9.029144430699531654e-01 9.079846865953058455e-01 9.013998564894608601e-01 8.934472799078363447e-01 9.061130481369786827e-01 9.061665723114958881e-01 9.035486667844608855e-01 9.061244569251590830e-01 9.037744662530015072e-01 9.086434651125990802e-01 9.064569269046953703e-01 9.055951936258009871e-01 9.023396580236575648e-01 9.020604922484418697e-01
2.478915851856198019e-02 1.504036637895987960e-01 4.177055330415578860e-01 6.287267345738293267e-01 4.784276227991656194e-01 5.741598665869480644e-01 8.004448649452584608e-01 7.659920196761755840e-01 8.373902452683046338e-01 7.667896588892649801e-01 8.727741080115386518e-01 1.000000000000000000e+00 8.148296742889266087e-01 6.721431408276198338e-01 9.093849039456843864e-01 9.079036938408383550e-01 8.297868526049628768e-01 8.495163402407682751e-01 8.540930493900782405e-01 7.121461962673117929e-01 8.444230763460911504e-01 8.557771624996277637e-01 8.397775597807396464e-01 7.908845027079430823e-01 8.350592993200226521e-01 8.996827010449083284e-01 8.916961440815041051e-01 8.993675080196814609e-01 8.925655394067619763e-01 8.759949912842227571e-01 9.283049539325513022e-01 9.147139762590138501e-01 8.468089004608266857e-01 8.804480629580134776e-01 8.687148012678510556e-01 8.795022606389375497e-01 9.013536767644789727e-01 9.080031168277918896e-01 9.283601004274827373e-01 8.859852073683218698e-01 9.264475705787291737e-01 9.210879832476032147e-01 9.104545652108659848e-01 9.351454640212987224e-01 9.284976735917974677e-01 9.338101885276847147e-01 9.339617056132976103e-01 9.343975237798637368e-01 9.363789002396846195e-01 8.880460106994254588e-01 9.146261884573176904e-01 8.811135374488910932e-01 9.277380994068463727e-01 9.341297003124192644e-01 9.250209518096785821e-01 9.289357688439336957e-01 9.280581108635506116e-01 9.295941715869372457e-01 9.291821073208142989e-01 9.390954554070948257e-01 9.342956275050446902e-01 9.410198104342674119e-01 9.333761748847830830e-01 9.353642406527621356e-01 9.234768081826616459e-01 9.387569504773871643e-01 9.356288534541122859e-01 9.371852159718032649e-01 9.363332994170709966e-01 9.266660221442372114e-01 9.321404913683644100e-01 9.374556982501419666e-01 9.161783890660200047e-01 9.236648225610759599e-01 9.393954325405566852e-01 9.377119440397774230e-01 9.379247504389620627e-01 9.374556533922384638e-01 9.396176244018896728e-01 9.410585269973974487e-01 9.396549176663002712e-01 9.406576366406018685e-01 9.353238375123402726e-01 9.359342177176804833e-01 9.227934920656720719e-01 9.317501704131991858e-01 9.362765288293332100e-01 9.401287692586242084e-01 9.408423229166140711e-01 9.368194645060814452e-01 9.385425329594135890e-01 9.384781444475008838e-01 9.407153820975270309e-01 9.418415971520851526e-01 9.384215155697738231e-01 9.386820123456883769e-01 9.253656190157595329e-01 9.342609851256699072e-01 9.383798456954819400e-01 9.331225301211331091e-01 9.379655452672571725e-01 9.404169502584627249e-01 9.344549213643741359e-01 9.401026387661909345e-01 9.377133235951985446e-01 9.367236814086817853e-01 9.415340433202146198e-01 9.386187758219117772e-01 9.414685110974891913e-01 9.373312693905039295e-01 9.392877561034631562e-01 9.401860442377899529e-01 9.412281339415164982e-01 9.411495082159381242e-01 9.341506767434374359e-01 9.382332979592676869e-01
1.325371202217741351e-02 1.212590191215887070e-01 3.684210288454793369e-01 5.574133811065045130e-01 4.758734423171927519e-01 5.353383968139621141e-01 7.228325528894393726e-01 6.882127381914936448e-01 7.708428145176096091e-01 6.993708977261725579e-01 7.881633077762296713e-01 8.148296742889266087e-01 1.000000000000000000e+00 6.124297225014917467e-01 8.227925603209060856e-01 8.255900713936843438e-01 7.445259972641996571e-01 7.658034530955104557e-01 7.750399559148590800e-01 6.389761435732186357e-01 7.557041742892705027e-01 7.714529860550173312e-01 7.687049368732724597e-01 7.264905767723249808e-01 7.541942396576645224e-01 8.165361847625483005e-01 8.045849217268010722e-01 8.148277433884092424e-01 8.024138008033994129e-01 7.839766233573414178e-01 8.381755046830747791e-01 8.367614055727092826e-01 7.754225160693677399e-01 8.008757137766129297e-01 7.867738319803991853e-01 7.926668531269588369e-01 8.184782042126353963e-01 8.213620798736157580e-01 8.420805274621205871e-01 7.999264881932690585e-01 8.411140376727174184e-01 8.417821998661899618e-01 8.298628046013268866e-01 8.549629243764962361e-01 8.436098574982522358e-01 8.432044083255638700e-01 8.504286267224804297e-01 8.506438047868212227e-01 8.485501028038426874e-01 8.004372446010002973e-01 8.331745854512907501e-01 7.906197125730932695e-01 8.378438994619241686e-01 8.395796675630136097e-01 8.233838443609904356e-01 8.373368257144235827e-01 8.251605001405171169e-01 8.419057846049631255e-01 8.357041160114536682e-01 8.557397086813657294e-01 8.485769039009247727e-01 8.516443417682658668e-01 8.367100061906979080e-01 8.465672448588500432e-01 8.379069795921000319e-01 8.454764402533371248e-01 8.527271042210848861e-01 8.508500539700244447e-01 8.528804109329286565e-01 8.385477926792244130e-01 8.470801637271709872e-01 8.522576941188383381e-01 8.383027684643311606e-01 8.408954528598764355e-01 8.551771232996029370e-01 8.529355541779496397e-01 8.524705303485174968e-01 8.501875805667542529e-01 8.507230190005452553e-01 8.548698614202117074e-01 8.549998022571206890e-01 8.552458335527077793e-01 8.456291116000512753e-01 8.530116264690214001e-01 8.424349885060223864e-01 8.504017298179791240e-01 8.542962887089526891e-01 8.548895923319426160e-01 8.568717299313192148e-01 8.426440084257557084e-01 8.549491878236817888e-01 8.566388133741029698e-01 8.555028844165851742e-01 8.554485467991879144e-01 8.539775507981874902e-01 8.544116033457858084e-01 8.398527141409063423e-01 8.432752991374660168e-01 8.524672493323355305e-01 8.496703223905707203e-01 8.544629071833380607e-01 8.497723241239517611e-01 8.510829046946292165e-01 8.577460385269679577e-01 8.481117569044710480e-01 8.429721132286895902e-01 8.550706836742852923e-01 8.523232526204551629e-01 8.504425841676168663e-01 8.548982529252980855e-01 8.519312495717871192e-01 8.567378829923897321e-01 8.528758564046772239e-01 8.556647031798909619e-01 8.485215635716060190e-01 8.487259621668085119e-01
