1.000000000000000000e+00 1.332684607058519932e-01 7.428046722354160469e-02 8.468966825935546339e-02 8.137801951378041687e-02 -2.398145363926799944e-02 1.651903464828587131e-02 2.938221192974594526e-02 1.421848503003292630e-01 7.463869237730730299e-02 3.233689547659996527e-02 1.495834964472429751e-02 2.754080233202949729e-02 -9.569374300664467564e-03 3.313134669665739225e-03 1.672886688942956668e-02 7.312446629722017810e-02 8.113677539890446280e-03 -1.717767766490743697e-02 3.947945836971116645e-02 1.757396943513143614e-02 -1.282643505817963880e-02 2.571517924214938508e-02 9.178836705857182712e-03 -4.130799249560976327e-02 4.010997145590729923e-02 1.709495332428831796e-02 1.772760050181838160e-02 5.083617611339855819e-02 4.350890467470437672e-02 3.261681064185507212e-02 2.020484360984019581e-02 2.690601152830238499e-02 -7.171250339279120097e-03 3.008234557808544402e-02 -1.398117504950042479e-02 1.465206453837502275e-02 -9.320226675228962185e-03 -1.103836565650679127e-02 -3.233171555580691137e-02 -4.786818532290608268e-03 -1.975813119214655730e-02 -1.709973259239856366e-02 1.697153996011340968e-03 -1.395174743677394386e-02 4.426573595746143008e-03 2.541919628831973421e-02 2.317312453978492143e-02 1.389266726928675699e-02 -1.436121200207379073e-02 -3.353823153977396072e-03 -1.398621765393328296e-02 2.626972248158118695e-02 4.110074382389707071e-02 3.169970950690790407e-02 1.381352229669429409e-02 3.619582558230155511e-02 5.796123770478240483e-03 1.945635633335980261e-02 4.788369912473582068e-02 1.205091615688223816e-02 3.488040085347514363e-02 1.744356728000493253e-02 4.521005091826409833e-02 4.045414734016617581e-02 5.255169419230602823e-02 1.952293091078570117e-02 -6.092227057985864780e-03 1.325833876370528797e-02 9.524400408890293726e-03 -8.026214808463600150e-03 2.138536476569190704e-03 6.752679645238853813e-03 -1.940169705109713594e-02 1.506514294683411470e-02 5.871243248815828132e-03 3.081559254268406885e-03 2.521673052553313754e-02 1.479680315131123001e-04 2.246783674642666498e-02 1.304576515516360502e-02 1.272218314124006801e-02 5.650003751477470325e-03 2.252465365242117823e-02 -1.242263325499414275e-02 5.905175507545265719e-03 -5.547169864651602285e-03 -1.160960953606458151e-02 -3.653520860714639263e-03 -9.262650145130656501e-03 -2.529799104725632963e-02 -1.069512459123324495e-02 -1.169772151095274486e-02 -6.179280316650197051e-03 5.410263332829993825e-03 1.317483316831272872e-02 -1.551899655286908923e-02 3.485692125738458491e-02 2.479230685396047879e-03 -6.832681300224457228e-04 -1.315608695795555776e-02 9.975041307212119054e-03 1.301898300110180748e-02 -3.763501270084069518e-03 -1.134111261909113901e-03 2.314722653084991255e-02 2.090344820133496762e-02 1.728962175328567843e-02 2.138803130690181131e-02 9.327461225897250990e-03 -2.335663119430293430e-04 2.227917110506670226e-02 1.223974787195831852e-02 2.186720389960081917e-02 2.215484711961699868e-02 3.040024992223728378e-02
1.332684607058519932e-01 1.000000000000000000e+00 4.814721590788526712e-02 6.840782799274310044e-02 7.537448760398465786e-02 5.103999011415084192e-02 1.102472974430962344e-01 1.260421807050893239e-01 1.687073895844691529e-01 1.926913292097232333e-01 1.283396180455760593e-01 1.293242746668744336e-01 1.051022538009361157e-01 1.208135752132512564e-01 1.430325788354639693e-01 1.378415496773605919e-01 1.475030055698978992e-01 1.243250252265686168e-01 1.113162195320713393e-01 1.031169434551650887e-01 1.024504614728506957e-01 1.238127708023608747e-01 1.424319480839833785e-01 1.123583238749968488e-01 1.119915370388401971e-01 1.385617028978893828e-01 1.158103853716970916e-01 1.400294545054974193e-01 1.563840499777756632e-01 1.498928604261375308e-01 1.532689202348424540e-01 1.604566292182171006e-01 1.457986832270115607e-01 1.342138832536702020e-01 1.368883320173183982e-01 1.247462564459098783e-01 1.387586009039963875e-01 1.310457678198842513e-01 1.397396346259656419e-01 1.106829475805902185e-01 1.352322388358390970e-01 1.274040457671326287e-01 1.154249319500371407e-01 1.302588602996633815e-01 1.328843613216365849e-01 1.390955768842523921e-01 1.500366014986416752e-01 1.576278607170679968e-01 1.484445109353495218e-01 1.273371238276312101e-01 1.391319972471788957e-01 8.711010202116419021e-02 1.260274650694059584e-01 1.649902241027700334e-01 1.637715203847370238e-01 1.442144186143913265e-01 1.566109081249724977e-01 1.372140775057645312e-01 1.554671547656460429e-01 1.588198124965632674e-01 1.362333284093316665e-01 1.566237210032876692e-01 1.541540430533312189e-01 1.568698265820363535e-01 1.497292499172693803e-01 1.529747694302708017e-01 1.524713119124420924e-01 1.422873766555981800e-01 1.494008941134262469e-01 1.408464954094976462e-01 1.390328310358122654e-01 1.438212323240324331e-01 1.431733487753359402e-01 1.316629890266335368e-01 1.432612569752191589e-01 1.413706641300937206e-01 1.425310425238116852e-01 1.552778697633247218e-01 1.436319016627122247e-01 1.542767799953109753e-01 1.455071575823780050e-01 1.481854040347883594e-01 1.467978276212160149e-01 1.493885355267301762e-01 1.319572711004149967e-01 1.450113295657474433e-01 1.383110968043673172e-01 1.368496795635311125e-01 1.405794357447210652e-01 1.366415569683862019e-01 1.296818602161965706e-01 1.355726004478262081e-01 1.367003512000758703e-01 1.398665968292024941e-01 1.495612914211561228e-01 1.545736343766052345e-01 1.187491277002024892e-01 1.453931386902078404e-01 1.396761183678961460e-01 1.405527369857668685e-01 1.274009026769984121e-01 1.439040411473748726e-01 1.397763999817517588e-01 1.355556409117112948e-01 1.307773574517167303e-01 1.490074134875150613e-01 1.565899502039942992e-01 1.515461833342116871e-01 1.537520823846232898e-01 1.464160603411063799e-01 1.408892532339691972e-01 1.486604730802474350e-01 1.478029803003551024e-01 1.513754498568972429e-01 1.507068775058338084e-01 1.521767198687428435e-01
7.428046722354160469e-02 4.814721590788526712e-02 1.000000000000000000e+00 3.150234589964149845e-01 1.859800183162694243e-01 1.965930755403452745e-01 3.168485999624213179e-01 2.886021759674615716e-01 3.157858430511352732e-01 2.594925680895735498e-01 3.320733750836528664e-01 3.457998206242060002e-01 3.041476294102458122e-01 2.764234675257228324e-01 3.277875053263060723e-01 3.310726440090803746e-01 3.353988976037838854e-01 3.194547540794287488e-01 3.433223869786075078e-01 3.452436696534949556e-01 3.538922275952046670e-01 3.437981296343102788e-01 3.682307279506844555e-01 3.623383244128905445e-01 3.390469822030241498e-01 3.479203745490369037e-01 3.376983731843434255e-01 3.473736742121693588e-01 3.397762034148101296e-01 3.657328303086396781e-01 3.511901951838598546e-01 3.565799603893650693e-01 3.321090990176787106e-01 3.675495183248511655e-01 3.413396660989713727e-01 3.408187951012124906e-01 3.477766323685950733e-01 3.469585053502022842e-01 3.515566503928408415e-01 3.409065143263225184e-01 3.350700801166088816e-01 3.384892249989279178e-01 3.512081696490438887e-01 3.498830548093116999e-01 3.541368807345440239e-01 3.443630881988303805e-01 3.339521852253150569e-01 3.392716153977073379e-01 3.371953476063722643e-01 3.531770858191946583e-01 3.440689180401150238e-01 3.439754124652500966e-01 3.368412678425314333e-01 3.411010508645875294e-01 3.462467077603363363e-01 3.532716527110926208e-01 3.464443846664340132e-01 3.354542926939775294e-01 3.421554272091497650e-01 3.380740158394708317e-01 3.436078550844287594e-01 3.423287214987119076e-01 3.422674063283877577e-01 3.486905101790493955e-01 3.436665616824349789e-01 3.472910223956253706e-01 3.379273086324388053e-01 3.449642426776319826e-01 3.499490058517338298e-01 3.523393567112464431e-01 3.488840169362814048e-01 3.419595410891918541e-01 3.560417967520506655e-01 3.519008008904906948e-01 3.435841802898684794e-01 3.421855188996386077e-01 3.398554340200187762e-01 3.440875759363933861e-01 3.462273901638140416e-01 3.427069815481135207e-01 3.460171085296960825e-01 3.463173268035537600e-01 3.505141104494839954e-01 3.443026298693945275e-01 3.481175345684388578e-01 3.478809765155762568e-01 3.494313068688679191e-01 3.425130398274159327e-01 3.441293845197624379e-01 3.465181531260986270e-01 3.423460561033633276e-01 3.401687123693388215e-01 3.414728921726682409e-01 3.393402868118985394e-01 3.323374548506148884e-01 3.310030525820786274e-01 3.449046172987708103e-01 3.460485648954746418e-01 3.404675460071847626e-01 3.393248222185207275e-01 3.425633368957684000e-01 3.415604596782850222e-01 3.439942742019216904e-01 3.379284495566609592e-01 3.455588845923840968e-01 3.423661080140443236e-01 3.358782644944425244e-01 3.358414257241129630e-01 3.408729199318223935e-01 3.365544710875209566e-01 3.353633195425355651e-01 3.390269755283870645e-01 3.372277971811717401e-01 3.390178257754056235e-01 3.371527370902014376e-01 3.405491887036041221e-01
8.468966825935546339e-02 6.840782799274310044e-02 3.150234589964149845e-01 1.000000000000000000e+00 3.552759144814165437e-01 3.615357050334073175e-01 5.493597109362012842e-01 5.101168521265910805e-01 5.131259068794032929e-01 4.211685975922375147e-01 5.197234216605279844e-01 5.940058710115508900e-01 5.372145652862845289e-01 4.486505501522158323e-01 5.775637832392724880e-01 5.691710503752456241e-01 5.156643150273765297e-01 4.609738200468647129e-01 4.832786311787375388e-01 5.595813588900704350e-01 5.421683748947492276e-01 5.165149953350521850e-01 5.150792588023593854e-01 4.976266313346289771e-01 4.732463257003037271e-01 5.347786182674031386e-01 5.528033083490081490e-01 5.621542137181599896e-01 5.225014135670228432e-01 5.523311750403723241e-01 5.742485003504476104e-01 5.613050912067636400e-01 5.342515479945848522e-01 5.654218258929960550e-01 5.587431551302171062e-01 5.721743563844319258e-01 5.678026099529086546e-01 5.773864229387529745e-01 5.629840644397570149e-01 5.796479185247258581e-01 5.663299788112581279e-01 5.801992083440917769e-01 5.861308532901624568e-01 5.925632107650976588e-01 5.873828777594908290e-01 5.732862487419170261e-01 5.668087899023136478e-01 5.663180679630830383e-01 5.662774148252841533e-01 5.749782213667294917e-01 5.702895094699804712e-01 5.901758333954221225e-01 5.898629483657744643e-01 5.660610449378880027e-01 5.729864689903402253e-01 5.667121037801898797e-01 5.868081925711496893e-01 5.740285938420547351e-01 5.720842059683763914e-01 5.773557403295757062e-01 5.825341732413351625e-01 5.818662714729436747e-01 5.752303920771894008e-01 5.819862646052758048e-01 5.789652413588305402e-01 5.897668084624048124e-01 5.669198615208712599e-01 5.590069475987071712e-01 5.609770622760267278e-01 5.884873106569662449e-01 5.719327977711003985e-01 5.650373856526951233e-01 5.614782948519502215e-01 5.566473241360716528e-01 5.667296509753388944e-01 5.696964083178501781e-01 5.711203091193656212e-01 5.591568895931394723e-01 5.708108976771048004e-01 5.665725231876136414e-01 5.753664739693113983e-01 5.749501629761272214e-01 5.815910942745265988e-01 5.730006707654282661e-01 5.729237108883764584e-01 5.703337194421783662e-01 5.787835963735039613e-01 5.776527216982259016e-01 5.736626010427023914e-01 5.734647288748563332e-01 5.736078550559398082e-01 5.784659565141271331e-01 5.783922593810431056e-01 5.754942393891039343e-01 5.696975759309576004e-01 5.694524312300279778e-01 5.862996583026797159e-01 5.879321058696574953e-01 5.804829721934098297e-01 5.764758568468055788e-01 5.844885925005042226e-01 5.861087872366754770e-01 5.858282032999546640e-01 5.827398624703711283e-01 5.886209784158884517e-01 5.873425174304748309e-01 5.726021865907249264e-01 5.720580495857193748e-01 5.721974354446940358e-01 5.782078347992799516e-01 5.780718395890538375e-01 5.821911791607414788e-01 5.802720086998554017e-01 5.814761639770223978e-01 5.762029995913973135e-01 5.835183303593880488e-01
8.137801951378041687e-02 7.537448760398465786e-02 1.859800183162694243e-01 3.552759144814165437e-01 1.000000000000000000e+00 2.653891628985496909e-01 4.363171534266509499e-01 4.129336923833403228e-01 4.197338896276084363e-01 3.384296083342892003e-01 3.950897642292819922e-01 4.534490078039044025e-01 4.436702342914335961e-01 3.379040589165028252e-01 4.393386166074824684e-01 4.472886541322304566e-01 4.243072302324021883e-01 3.750702450646665742e-01 3.689702274268402138e-01 3.765178655999084634e-01 3.944938286087243950e-01 3.868113794016134754e-01 4.022705159507085626e-01 3.880712939964487407e-01 3.614335544811857481e-01 4.248280689146780031e-01 4.409647438638937822e-01 4.326422893878008047e-01 4.182696303481136524e-01 4.429300231827044687e-01 4.516525113750769482e-01 4.304118090925436735e-01 3.946576270798217712e-01 4.250313433122194784e-01 4.117964394661488559e-01 4.424980970130850122e-01 4.390955288577057525e-01 4.337043880746759283e-01 4.350379995534199851e-01 4.299106034046035196e-01 4.431012560155924151e-01 4.450868401978840261e-01 4.436891873669389641e-01 4.596999300381281461e-01 4.521518756497034941e-01 4.439107248991618349e-01 4.510637584530654554e-01 4.482495726110755085e-01 4.444540055045212434e-01 4.315617188918506875e-01 4.386468627729363523e-01 4.513859389410440071e-01 4.611595482815119551e-01 4.555214124295377531e-01 4.610142945020323513e-01 4.443668252603005242e-01 4.602884824489773541e-01 4.544434824905842496e-01 4.478545418624292895e-01 4.671960729381063326e-01 4.617366986342660851e-01 4.630384696228472263e-01 4.508070412054976939e-01 4.608104286698709862e-01 4.646970392151238416e-01 4.677179970542488241e-01 4.470601787019687912e-01 4.405843855283153587e-01 4.449897552366647302e-01 4.530105031927137982e-01 4.420441425611729147e-01 4.450934165368695128e-01 4.436324615723263309e-01 4.299915133042128690e-01 4.519442704635024399e-01 4.511216432292666223e-01 4.525288922558937110e-01 4.499352512668573500e-01 4.467778379622572293e-01 4.530726523902081637e-01 4.520359545472635854e-01 4.516665508967673270e-01 4.503228036782179755e-01 4.448170494829009058e-01 4.336475159221485631e-01 4.442425500430894902e-01 4.465541713430431492e-01 4.450013582151065017e-01 4.453693222120090334e-01 4.459287404564654111e-01 4.373856245362190975e-01 4.488141911038138754e-01 4.492196035302158941e-01 4.487556437349642935e-01 4.507992920691437089e-01 4.515422868082662466e-01 4.509606814955537946e-01 4.588903073090901952e-01 4.550819064442196971e-01 4.469823477598775519e-01 4.517238087161704052e-01 4.590765603887465574e-01 4.577602283524034310e-01 4.557013467600536938e-01 4.569976860139240427e-01 4.605107878015574085e-01 4.501413279191015526e-01 4.515360978837140715e-01 4.596458564123416246e-01 4.561195084375277986e-01 4.515406926312828251e-01 4.611344950270940823e-01 4.582537055177942631e-01 4.601251990621226806e-01 4.570028995813421036e-01 4.620741490214526626e-01
-2.398145363926799944e-02 5.103999011415084192e-02 1.965930755403452745e-01 3.615357050334073175e-01 2.653891628985496909e-01 1.000000000000000000e+00 4.846044617074535266e-01 4.318497884469116310e-01 4.827303023034811291e-01 4.335129780817304490e-01 4.811597572106900977e-01 5.218734724143477832e-01 4.649335344784871205e-01 4.414822388330024716e-01 5.477206284580865558e-01 5.227152742294861598e-01 4.794042243442536710e-01 4.618993254354565314e-01 4.789735178350577605e-01 4.499968220665927499e-01 4.536646703254943458e-01 4.885224398177913097e-01 4.987246637763676493e-01 4.704428862926415822e-01 4.882311633290836728e-01 5.236125422157231757e-01 5.372854388272912951e-01 5.426460269546076187e-01 5.123947223692517650e-01 5.347373763740266295e-01 5.511600401375673641e-01 5.382308713391261712e-01 4.818593519398086666e-01 5.234704605066204941e-01 5.160197371522802223e-01 5.306291282133022147e-01 5.279312620702610870e-01 5.385559131992061488e-01 5.429173988356736924e-01 5.405522549544590216e-01 5.525625494830935791e-01 5.581231086376493566e-01 5.499005046064540103e-01 5.580893213731779046e-01 5.498956705486414132e-01 5.525787812782709807e-01 5.529105457359607678e-01 5.568914949218904953e-01 5.584938470592972770e-01 5.337166608734397188e-01 5.487513737252780466e-01 5.326972542711335690e-01 5.554819755593460862e-01 5.486600286892037159e-01 5.451130667053109002e-01 5.539922529777653315e-01 5.435765769700303673e-01 5.530778718195401567e-01 5.483647763084036342e-01 5.532747764751715369e-01 5.603178423872173797e-01 5.531791112368811270e-01 5.455311665727845538e-01 5.525701371669677897e-01 5.520365699118039426e-01 5.535356715176873443e-01 5.562516639654835338e-01 5.556104990772926522e-01 5.530233889325182339e-01 5.603258876327941174e-01 5.535802297364901259e-01 5.602079718264256769e-01 5.458525355860271988e-01 5.558352892067887074e-01 5.623653337069198788e-01 5.632085018216991257e-01 5.617698290741400813e-01 5.566372331190932998e-01 5.637987026906179366e-01 5.583143665327712224e-01 5.585552112729480490e-01 5.598062351157597760e-01 5.547396799113488708e-01 5.593154918336225023e-01 5.508986786582610318e-01 5.547129381386085578e-01 5.603343950688361996e-01 5.591514613235920583e-01 5.549761672630556530e-01 5.588786893782931031e-01 5.563023262832557103e-01 5.634640469734258916e-01 5.598797698832229663e-01 5.641921095865958247e-01 5.616010115299197025e-01 5.612838042846132192e-01 5.540212940916092732e-01 5.462898578847515951e-01 5.585162958608576034e-01 5.562237103350252676e-01 5.622833628745628198e-01 5.576510296511820730e-01 5.592399531360590093e-01 5.611560093668183091e-01 5.607611277397818172e-01 5.559288975317459025e-01 5.596361858353041674e-01 5.615854887919401461e-01 5.600175623898883126e-01 5.590859516487380887e-01 5.596938213859637967e-01 5.601840453575059886e-01 5.617317010439923930e-01 5.587108027732012872e-01 5.580497512357617262e-01 5.562685020173060435e-01
1.651903464828587131e-02 1.102472974430962344e-01 3.168485999624213179e-01 5.493597109362012842e-01 4.363171534266509499e-01 4.846044617074535266e-01 1.000000000000000000e+00 6.779120237695068774e-01 7.076739459332537230e-01 6.313126438014386999e-01 7.343857141045475601e-01 7.836008192081842516e-01 7.068909584457430118e-01 6.251182206480790926e-01 8.349959250225723606e-01 8.013110226828479288e-01 7.072093754850452552e-01 7.037541658008510392e-01 7.201966186637863698e-01 7.055108318941912815e-01 7.024753858272322349e-01 7.204431850845227636e-01 7.573490465598946564e-01 7.138524240493877571e-01 7.067070864711970657e-01 7.892592142271576128e-01 7.828359878621173884e-01 8.023102968492370479e-01 7.579584665646070807e-01 7.947980273091730385e-01 8.179567361060994246e-01 8.028193226250325276e-01 7.432408866251364321e-01 7.966042696283324176e-01 7.738141651664912635e-01 7.865999750928813761e-01 7.992279907027344255e-01 8.141459090095132245e-01 8.102697129621159178e-01 8.136907593876862022e-01 8.122902850880652226e-01 8.224458088778617837e-01 8.225875893230396585e-01 8.331469095076918796e-01 8.156695990159648080e-01 8.297952852186649686e-01 8.088879810905168499e-01 8.082918065233670735e-01 8.075700582206926104e-01 8.002941762874208331e-01 8.097681225255797255e-01 7.813090891071167166e-01 8.059290600864086329e-01 8.041536525417700698e-01 8.060942057351365708e-01 8.186851305320897998e-01 7.976505074003917839e-01 8.091920911064434119e-01 8.098264988508550033e-01 8.079469415440010405e-01 8.223881376448285430e-01 8.128692834231987518e-01 8.064768951960147314e-01 8.066054505086747151e-01 8.068421344774504567e-01 8.033944330290222480e-01 8.106479553737239163e-01 8.124006276113090452e-01 8.157622753176513308e-01 8.217970071431822676e-01 8.125302073088445098e-01 8.137094225352446974e-01 8.076140426795980209e-01 8.068131060646133168e-01 8.202965017007991522e-01 8.147352750906592389e-01 8.217388234748972398e-01 8.081354948442319719e-01 8.244387381276835347e-01 8.130768919706402587e-01 8.145571294914558669e-01 8.215228535073041405e-01 8.193520835330498908e-01 8.108186826406971193e-01 8.169039112994793683e-01 8.157836062884217254e-01 8.199059956768893764e-01 8.266807413992446341e-01 8.184230486578871755e-01 8.252204121741029130e-01 8.214764999271800816e-01 8.233584338941213332e-01 8.234674773724447450e-01 8.257464149063510339e-01 8.143335047816490091e-01 8.127098894393347539e-01 8.159225203537134874e-01 8.031465738122715026e-01 8.201756115767498967e-01 8.197744224773707566e-01 8.255783078916089091e-01 8.151795407183661801e-01 8.159426067013804129e-01 8.202709146357735071e-01 8.167975645985999789e-01 8.082355712295898886e-01 8.108566925840472450e-01 8.165476529763936453e-01 8.189745072472459642e-01 8.165030851194903239e-01 8.187002074340029578e-01 8.161366593550855031e-01 8.171780533085248877e-01 8.154624365883894610e-01 8.107917142916635234e-01 8.105258985065214583e-01
2.938221192974594526e-02 1.260421807050893239e-01 2.886021759674615716e-01 5.101168521265910805e-01 4.129336923833403228e-01 4.318497884469116310e-01 6.779120237695068774e-01 1.000000000000000000e+00 6.479470491992134207e-01 5.967070663224393057e-01 6.691252654528704324e-01 7.188298875036145397e-01 6.610935290170127931e-01 5.686103317435136084e-01 7.427285023443558343e-01 7.576627531176699515e-01 6.723612686018179962e-01 6.400864198815440220e-01 6.511615122673163336e-01 6.423653703323354280e-01 6.612878196924693031e-01 6.612945654883612967e-01 6.854559903793141507e-01 6.665074543181638278e-01 6.392989070570355148e-01 7.086011991522143116e-01 6.966624040661320016e-01 7.023878504372146336e-01 6.816395870986519112e-01 7.227850287907601201e-01 7.426302031117301139e-01 7.330280507577795479e-01 6.608625228239757288e-01 7.345869342108762856e-01 7.032747518519102403e-01 7.153660789132485487e-01 7.278521482749014115e-01 7.280788973349809901e-01 7.422847911100873830e-01 7.205941794884029861e-01 7.362234685411069846e-01 7.405426071603432581e-01 7.456265607676374474e-01 7.609374017750372143e-01 7.448407456861375620e-01 7.476737005845232042e-01 7.450268460062635656e-01 7.437911448264538095e-01 7.415326995790896270e-01 7.280686500835675812e-01 7.415040090851439114e-01 7.248217417430032894e-01 7.469024723281504352e-01 7.473944288086298293e-01 7.470449176584093021e-01 7.429820695113458218e-01 7.428593689577660530e-01 7.517331173023974467e-01 7.505229647769514623e-01 7.534982211958535236e-01 7.577804056170132085e-01 7.543224756947317644e-01 7.479955104017057543e-01 7.494180488718217292e-01 7.498682160690688381e-01 7.516039759890369432e-01 7.442332513098142144e-01 7.436085868214094008e-01 7.479303891833793960e-01 7.570582524274761527e-01 7.474208275021464454e-01 7.477208056440919348e-01 7.537544660731446688e-01 7.409998278116231019e-01 7.488061067897232581e-01 7.426118515063434566e-01 7.451313720846761690e-01 7.393334198445556948e-01 7.502326024884397038e-01 7.484556602928493785e-01 7.527514135169737219e-01 7.521211823155108389e-01 7.528213357504364156e-01 7.462189647201737941e-01 7.500764955363647957e-01 7.562079397594397845e-01 7.495218286311491340e-01 7.524184541395345649e-01 7.542363414959829537e-01 7.483773571144481940e-01 7.396498146437966437e-01 7.503043601327663570e-01 7.526215445626661671e-01 7.549261860965238435e-01 7.506116611210699174e-01 7.495810682040282558e-01 7.467416284514396541e-01 7.487216620671083289e-01 7.554672249074478874e-01 7.498000766150172414e-01 7.597166957761107842e-01 7.585427123602443977e-01 7.529600941252175828e-01 7.577407929062526248e-01 7.538606198794387536e-01 7.521164350652584929e-01 7.498576295101012645e-01 7.517219911728189041e-01 7.575972358715959976e-01 7.552855275768498577e-01 7.553998822811048841e-01 7.550228035050963182e-01 7.583699417202469650e-01 7.572164738356711444e-01 7.506736015364769976e-01 7.550101186622502070e-01
1.421848503003292630e-01 1.687073895844691529e-01 3.157858430511352732e-01 5.131259068794032929e-01 4.197338896276084363e-01 4.827303023034811291e-01 7.076739459332537230e-01 6.479470491992134207e-01 1.000000000000000000e+00 7.066864418704181805e-01 7.639910684123197848e-01 7.993305862697768216e-01 7.300733577531040019e-01 6.457653626836750149e-01 8.115897496524421273e-01 8.049164366519664382e-01 7.667498709455112804e-01 7.128242326641368587e-01 7.240854900389606108e-01 6.674552503767202660e-01 6.943679411791553457e-01 7.331513728433309840e-01 7.536504565212351903e-01 7.122051153597697137e-01 7.009328163811696655e-01 8.044621644380208769e-01 7.966709930820593533e-01 7.961804915577768149e-01 7.824191478215906104e-01 8.133450289788862753e-01 8.397377651814020849e-01 8.249110451145128531e-01 7.463879425853325866e-01 8.047964388763286792e-01 7.913552065876271469e-01 7.917631707108108152e-01 8.190697166544742558e-01 8.118540549420355523e-01 8.201967665286014064e-01 7.899388566647549403e-01 8.255566284547511957e-01 8.191693478828552255e-01 8.083519313844039766e-01 8.329334983793249547e-01 8.241507808363495169e-01 8.313480583691003067e-01 8.546508446023625138e-01 8.573666586610616536e-01 8.503677981488912963e-01 8.164554106501453745e-01 8.341347341011453587e-01 7.955144969813016109e-01 8.326560278365867651e-01 8.549902578158574684e-01 8.416711232657007047e-01 8.354578700628522148e-01 8.408676894675551905e-01 8.411238427800072914e-01 8.415618499185003598e-01 8.590973090390867650e-01 8.486622664228793411e-01 8.516939394606002356e-01 8.406370480578513327e-01 8.540096588436311142e-01 8.551368298965640324e-01 8.548211656313374762e-01 8.530815092057841831e-01 8.415615761950100415e-01 8.443741709979011301e-01 8.416216443513350187e-01 8.370881518147772482e-01 8.427978349248724799e-01 8.337705771921655185e-01 8.263564411110461139e-01 8.496292603990210912e-01 8.452415873582787009e-01 8.395502631390682202e-01 8.422467489609634095e-01 8.429737466051805406e-01 8.497672992171420026e-01 8.499852168827627397e-01 8.527153814331518422e-01 8.471134842340399818e-01 8.437475719098779248e-01 8.368611405758156208e-01 8.475456160521378512e-01 8.414743820152911224e-01 8.412391282896116707e-01 8.462558637643183834e-01 8.395964885474449524e-01 8.289970786797744573e-01 8.448676846512178651e-01 8.450105020851091941e-01 8.456123448760723971e-01 8.529229502761810355e-01 8.551045669063431776e-01 8.278199882774942564e-01 8.490988037432016799e-01 8.477924560217154903e-01 8.471329056666891955e-01 8.395715403213671602e-01 8.490892057771990409e-01 8.472259156413571857e-01 8.480452854554879627e-01 8.432434150935121941e-01 8.510112419316194776e-01 8.550368268246048009e-01 8.537921280718371309e-01 8.506477032635727520e-01 8.526551364463598182e-01 8.460371444907590632e-01 8.576309960112541431e-01 8.516199688706366233e-01 8.556862489403191940e-01 8.567116575422775160e-01 8.546005752872566363e-01
7.463869237730730299e-02 1.926913292097232333e-01 2.594925680895735498e-01 4.211685975922375147e-01 3.384296083342892003e-01 4.335129780817304490e-01 6.313126438014386999e-01 5.967070663224393057e-01 7.066864418704181805e-01 1.000000000000000000e+00 6.993118555176596196e-01 7.202328864415257215e-01 6.500513023453347028e-01 5.903256596763885033e-01 7.446528437205747197e-01 7.319502100397636823e-01 6.968504816019295278e-01 6.274003350356383013e-01 6.382395658697059826e-01 5.870538753517440256e-01 6.029780252308939437e-01 6.459844825939260460e-01 6.667105295510660223e-01 6.170027728776985576e-01 6.266856304456280835e-01 7.327516358229245741e-01 7.130025491493592327e-01 7.086639649744244096e-01 7.084906056120715556e-01 7.380215521601003470e-01 7.642573583379913549e-01 7.647168290409790403e-01 6.884044387777011886e-01 7.315663638272705827e-01 7.120990141110502547e-01 7.276120642153238727e-01 7.387282803851700219e-01 7.492986873105432766e-01 7.498499964134041074e-01 7.261520303363537820e-01 7.667770735444638941e-01 7.534715038930677178e-01 7.307900486822380692e-01 7.599350222826514178e-01 7.517740278671977139e-01 7.563590789282130800e-01 7.867115757721625524e-01 7.952440593258189860e-01 7.859631449842791051e-01 7.486314097980500959e-01 7.683775053596376692e-01 7.123632442154670397e-01 7.533999952272359968e-01 7.828125342825261734e-01 7.717570463060060559e-01 7.728605636044537652e-01 7.693649113191202149e-01 7.721406237067127698e-01 7.774937991983378316e-01 7.842009445705777626e-01 7.739251649162133262e-01 7.790865980767071042e-01 7.715326106073081558e-01 7.793645791773096132e-01 7.781562105120246597e-01 7.784805155276066646e-01 7.913523939640062510e-01 7.692391335962002197e-01 7.733000151976042735e-01 7.697194972523583312e-01 7.635614373051086146e-01 7.731064245172365457e-01 7.579650720367340222e-01 7.542708232622336029e-01 7.788838653383209909e-01 7.773204270739710875e-01 7.716808706630440273e-01 7.726899899727768251e-01 7.709279196912315335e-01 7.810273001225198630e-01 7.753989226232770315e-01 7.851547972981065548e-01 7.801875009701420005e-01 7.743127479985010275e-01 7.732777481665676911e-01 7.784940919580320973e-01 7.748459363935086275e-01 7.769600890962218287e-01 7.799227536066518640e-01 7.752933028716821884e-01 7.663252755813440009e-01 7.784772900569660870e-01 7.760567433485886513e-01 7.788847359594763820e-01 7.884549631204194053e-01 7.924750275779812725e-01 7.606381309088547926e-01 7.784445111407620743e-01 7.781910646490897143e-01 7.823964651427799399e-01 7.687390352746426014e-01 7.833777125196124125e-01 7.814892356092867365e-01 7.777067618751811739e-01 7.753219342612098774e-01 7.845578066906597758e-01 7.919847621124420645e-01 7.909875088850949476e-01 7.884128348622752025e-01 7.878106720571796950e-01 7.863102439306620672e-01 7.868632515740615618e-01 7.860712067819464188e-01 7.871188707821589192e-01 7.878856761212720272e-01 7.876605550804159916e-01
3.233689547659996527e-02 1.283396180455760593e-01 3.320733750836528664e-01 5.197234216605279844e-01 3.950897642292819922e-01 4.811597572106900977e-01 7.343857141045475601e-01 6.691252654528704324e-01 7.639910684123197848e-01 6.993118555176596196e-01 1.000000000000000000e+00 8.280640733463513481e-01 7.289297224217233806e-01 6.562030607836880636e-01 8.352997800882576707e-01 8.255475102333215132e-01 7.510888678370954974e-01 7.304143896276510395e-01 7.514023892393872917e-01 6.996310544892282435e-01 7.363638952608471122e-01 7.666786980387235717e-01 7.765670140674324484e-01 7.323529193555320393e-01 7.424241883631004235e-01 8.302154484806202328e-01 8.267173349993266473e-01 8.268816122467864682e-01 8.038593399373389348e-01 8.387530165430135964e-01 8.663062559029341969e-01 8.481302348846380124e-01 7.923380865143159202e-01 8.353130221326466875e-01 8.211908242924674806e-01 8.319276320041986139e-01 8.496562077285717551e-01 8.550967154701210049e-01 8.566705234559321980e-01 8.449261448895200033e-01 8.578862131601351360e-01 8.565005598148598409e-01 8.515565130144556738e-01 8.664288246041487174e-01 8.584150261978290564e-01 8.580251384216166510e-01 8.661225799949802129e-01 8.666349445041612309e-01 8.638069820611705696e-01 8.525377243947082073e-01 8.622847011623846480e-01 8.319983438490969885e-01 8.504761116468252391e-01 8.575565157282052375e-01 8.527938063399533863e-01 8.653660305468205971e-01 8.488678161004277190e-01 8.582006618496601513e-01 8.567306972237823670e-01 8.599942471391073262e-01 8.689550061212943932e-01 8.597957018209879676e-01 8.556275202392865653e-01 8.606814972181440204e-01 8.603933232761337146e-01 8.555816382826632038e-01 8.682101041431349309e-01 8.616139395559446745e-01 8.630639036445176826e-01 8.659219294515189125e-01 8.633673364351992507e-01 8.657597449138259016e-01 8.494457961021495418e-01 8.569170265838256251e-01 8.693649143463342277e-01 8.683366503196291442e-01 8.649396363136254706e-01 8.598886529007503388e-01 8.655710930464626252e-01 8.677874191120091840e-01 8.680160196802209072e-01 8.714492766654475808e-01 8.711765163107176857e-01 8.652009758931628047e-01 8.671008662685659729e-01 8.666528822069494709e-01 8.721757539200242215e-01 8.725412683880876541e-01 8.717795017572491645e-01 8.697660687492597686e-01 8.674821158809653543e-01 8.718218683314284956e-01 8.722569157486942393e-01 8.710365268583502019e-01 8.706224873814669696e-01 8.707981603722885211e-01 8.618153999425278711e-01 8.602121456336748739e-01 8.684243974007777034e-01 8.707101731310660231e-01 8.700476311518425820e-01 8.682575161371995920e-01 8.678151156676267020e-01 8.710249230764821604e-01 8.689212037770152053e-01 8.644643198160479880e-01 8.670259602965006973e-01 8.706269295273639797e-01 8.685288727402447062e-01 8.701263944467737543e-01 8.691344094183657276e-01 8.690375839330450880e-01 8.680634381942119449e-01 8.689386474229149337e-01 8.668429062298156351e-01 8.668718021736459001e-01
1.495834964472429751e-02 1.293242746668744336e-01 3.457998206242060002e-01 5.940058710115508900e-01 4.534490078039044025e-01 5.218734724143477832e-01 7.836008192081842516e-01 7.188298875036145397e-01 7.993305862697768216e-01 7.202328864415257215e-01 8.280640733463513481e-01 1.000000000000000000e+00 7.968048645140315411e-01 6.993096564281775507e-01 8.906654305674701622e-01 8.753862749809614430e-01 8.038488340125855558e-01 7.630910074040454516e-01 7.926798923118297813e-01 7.594340103999509539e-01 7.830595724843635308e-01 8.046432566251381369e-01 8.216551914479715002e-01 7.784659230428281340e-01 7.774351495691745884e-01 8.727656610984209085e-01 8.804404517176304124e-01 8.759726199330459817e-01 8.442915333714341442e-01 8.859521603873556916e-01 9.114599623638643955e-01 9.033583276537833218e-01 8.271071290034680557e-01 8.860041602970601948e-01 8.635235697782271957e-01 8.839127325583401307e-01 8.978575290197362557e-01 9.065273969653160346e-01 9.063295169524050454e-01 8.967751604784630626e-01 9.086169362658507165e-01 9.143212810447491901e-01 9.029638987775684411e-01 9.236421688393829932e-01 9.139530550705619039e-01 9.113655800431512688e-01 9.212185340298988390e-01 9.225567693451665052e-01 9.185685430725929468e-01 9.085379270622836456e-01 9.186928416937912845e-01 8.941954668503581116e-01 9.111380865424179021e-01 9.158908584341937109e-01 9.110058388979064281e-01 9.137382193082230764e-01 9.157854246386893937e-01 9.184143412630776382e-01 9.191519890357026101e-01 9.208014914393667372e-01 9.273598819923750680e-01 9.224008433308468202e-01 9.166137098903964775e-01 9.199633936526629974e-01 9.179151919718518959e-01 9.198657674599042267e-01 9.211829489770233526e-01 9.149621612702932838e-01 9.159777880249178050e-01 9.237298552711769029e-01 9.174129699194738530e-01 9.167370277124504696e-01 9.041222353323538075e-01 9.049136238234797291e-01 9.213291029109749175e-01 9.220257947244479002e-01 9.195403274267595073e-01 9.105829198011198278e-01 9.170856733446327569e-01 9.195284887316150790e-01 9.239219714033168884e-01 9.256944627541882076e-01 9.243917638193278608e-01 9.196022492898371370e-01 9.178203968003005864e-01 9.214810060779140555e-01 9.259130321263572272e-01 9.242909708770015165e-01 9.244692721712672867e-01 9.182983249440352935e-01 9.185579338034747243e-01 9.280939962342356075e-01 9.273217884585822635e-01 9.251564667379528206e-01 9.255129931749392913e-01 9.244347173127216433e-01 9.189125058250992018e-01 9.187722937968011427e-01 9.267327692417294260e-01 9.259931453355195741e-01 9.262888702684026754e-01 9.266303067663262949e-01 9.279524653969367654e-01 9.286484948544838636e-01 9.269367419918892459e-01 9.246274666036756740e-01 9.234973251716045439e-01 9.245022433112750626e-01 9.228503926926330259e-01 9.268854494500897712e-01 9.250152173507656395e-01 9.270118793921169331e-01 9.265929689723436669e-01 9.264794210056886969e-01 9.239141213578806466e-01 9.252719434354450545e-01
2.754080233202949729e-02 1.051022538009361157e-01 3.041476294102458122e-01 5.372145652862845289e-01 4.436702342914335961e-01 4.649335344784871205e-01 7.068909584457430118e-01 6.610935290170127931e-01 7.300733577531040019e-01 6.500513023453347028e-01 7.289297224217233806e-01 7.968048645140315411e-01 1.000000000000000000e+00 6.275131015679268343e-01 8.089183022052884864e-01 8.049901857778940517e-01 7.266626204866780681e-01 6.905912715485837960e-01 6.962928368771852394e-01 6.709973740533460296e-01 7.021058437379764650e-01 7.133845895706664164e-01 7.332602567201301769e-01 6.949130351140819783e-01 6.799811368008676915e-01 7.785457055857021302e-01 7.773024074960405150e-01 7.752182408152219484e-01 7.500519847712568966e-01 7.872674090809212988e-01 8.168198029143206584e-01 8.035994779402707566e-01 7.243048026328806621e-01 7.848146938661459959e-01 7.682531850443803378e-01 7.833712124578980918e-01 7.964132420915935873e-01 7.983748224952407213e-01 8.071472559984659290e-01 7.970664672086660296e-01 8.188700624083059543e-01 8.158044571500399078e-01 8.105776544621330348e-01 8.309354904688260879e-01 8.172504470556655187e-01 8.176933878862884253e-01 8.336608096034842097e-01 8.338379432148836923e-01 8.323681856686900860e-01 8.033270399718336341e-01 8.173138019374948104e-01 7.980809955870205030e-01 8.246392978446039912e-01 8.319449079862355489e-01 8.254936373425649787e-01 8.189340201344113002e-01 8.297281535847890188e-01 8.285953854859728906e-01 8.250634317747059798e-01 8.409853973438544683e-01 8.406514905824686856e-01 8.387677905014311319e-01 8.263997350639183948e-01 8.361427943205209656e-01 8.315962986687491787e-01 8.384853903766702476e-01 8.306589906103382104e-01 8.239804465572337921e-01 8.246657692723432520e-01 8.319515434471286275e-01 8.239919550288752337e-01 8.247460535635662282e-01 8.170532648505836049e-01 8.086801649759775001e-01 8.318595920811282518e-01 8.297449180247815637e-01 8.266318937597616490e-01 8.198677966556026098e-01 8.282209645642095719e-01 8.290597313013489122e-01 8.308073019082876653e-01 8.365922845661549756e-01 8.286208717320940886e-01 8.235541141925529773e-01 8.217964337026887334e-01 8.280364735642870011e-01 8.301601889689212976e-01 8.278930557710663107e-01 8.280842995963848541e-01 8.241931954155488071e-01 8.203741425390435049e-01 8.341086110599750247e-01 8.327348788003267055e-01 8.325540338662249518e-01 8.370005922469331283e-01 8.380159127700769206e-01 8.306599764387896379e-01 8.316262262401710181e-01 8.380652011467771834e-01 8.327173744030423874e-01 8.361782480079055224e-01 8.395367432185903978e-01 8.373260607865853355e-01 8.391580768885976704e-01 8.356560596886903891e-01 8.397258581552964340e-01 8.360593110018342822e-01 8.360726732864812716e-01 8.376013076477285546e-01 8.382477881417236265e-01 8.357149953663587372e-01 8.429391846418152756e-01 8.409926376521905667e-01 8.415937571663504313e-01 8.360604495056365160e-01 8.394841629865413823e-01
