1.000000000000000000e+00 1.831028329450225811e-01 8.838090341300251784e-02 8.274096934128462311e-02 5.763920687431249579e-02 -1.425320899704494819e-03 2.097629139825408356e-02 4.947842093245460870e-02 1.872142664021641256e-01 4.775725934940494577e-02 3.045108153024838130e-02 4.413096926398408365e-02 3.963933061868313984e-02 -1.537824053964533325e-02 3.005307398438415017e-02 2.473555786877032134e-02 9.118032780010966454e-02 6.491891693728553403e-02 5.857650702496429440e-02 8.909583548375016315e-02 7.909972578174295776e-02 6.410553873099007760e-02 1.125102484445266171e-01 9.312916201447681008e-02 6.862570277938778718e-02 6.727233426244992598e-02 6.415855930166194931e-02 2.523771916313084090e-02 7.554679322650000028e-02 3.883671537049742523e-02 3.843081930425296111e-02 3.800313423362580018e-02 3.191410190581358847e-03 2.329208382374465050e-02 1.002493134420207044e-02 2.362653720575144320e-02 -8.791531687296875661e-03 1.070349069845927432e-02 -3.001799923524547942e-03 -4.777159171967022139e-02 1.346472242943949453e-02 -7.438057726824945370e-03 2.494920379556965495e-02 1.639614623245958316e-02 1.236016441240019720e-02 -3.666228065262880278e-03 1.540188409736563575e-02 1.434822010905814973e-02 4.137757332145600153e-02 2.054198911983778561e-02 2.244934846916401411e-02 2.390427033792397876e-02 2.811039725352322896e-02 3.544385732817791762e-02 2.734590647525245860e-02 2.922130515832212228e-02 6.831720395768597909e-02 1.915273188166603802e-02 1.944538761393523312e-03 6.235084224323594881e-02 2.539956536331246240e-02 5.907484246724497429e-02 4.170501987948901923e-02 7.886253095723635975e-02 7.488263169942409314e-02 5.963719487993850155e-02 2.669116258358958035e-02 2.848379132700232935e-02 2.071397501847369732e-02 2.229185637308695248e-02 1.558452914066667250e-02 2.264577229399587777e-02 3.120327933861159059e-02 2.906963698551849259e-02 2.594479921801760500e-02 1.266251466006156762e-02 1.744727386691168405e-02 3.515590917265737358e-02 2.212809733784390845e-02 3.990455334258274228e-02 7.027423342350349982e-03 2.309955113101835183e-02 3.375948376298251036e-02 6.812391341937156647e-03 -7.206398900692915957e-05 9.752924062211626097e-03 -2.951404978725030411e-04 8.303598070838309969e-04 3.401053103770674147e-03 1.440683449314237793e-02 -1.928490443441234839e-02 2.653157140468401188e-04 1.173725881832124798e-02 5.655258211187021676e-03 7.953658033845248387e-03 1.767180439000871559e-02 1.507137828542294555e-02 4.759624089211312442e-02 2.166754939178221206e-02 6.703152548314419458e-03 1.711697611054645296e-02 2.960171251048358473e-02 2.674041496872646764e-02 2.450690842427213911e-02 1.959044313859006556e-02 4.287718557950198628e-02 3.612006064706013014e-02 1.530844907014492114e-02 1.267426139744137238e-02 2.125726217110785604e-02 8.608833547068716480e-03 3.443324585809347943e-02 3.880161945784988548e-02 4.374827579853170917e-02 4.337390701669163046e-02 3.641288448749849249e-02
1.831028329450225811e-01 1.000000000000000000e+00 1.294710237788222196e-01 9.775583154758279991e-02 9.470936351865678893e-02 1.166202784772880779e-01 1.408996211541643229e-01 1.035339287417398058e-01 2.099978011045493531e-01 1.597087063318930467e-01 1.316665176042608187e-01 1.544322304616151664e-01 1.274915018055084726e-01 1.009194562220409458e-01 1.437753533928535499e-01 1.359342070417548787e-01 1.716624383533686682e-01 1.570011668898733115e-01 1.884241681311624173e-01 9.848904278810541313e-02 1.167429322564884353e-01 1.386057638779928658e-01 2.194442139981619133e-01 1.939223145290736861e-01 1.725516507845111791e-01 1.782939668378352438e-01 1.557637492195066975e-01 1.610227538830766303e-01 1.915083144938888593e-01 1.542722938620866291e-01 1.680860328849298757e-01 1.782218485509112216e-01 1.562278387013632530e-01 1.668996360986215177e-01 1.700691237123815869e-01 1.573804068220007735e-01 1.534512918371030710e-01 1.573565922844764597e-01 1.567166638253926492e-01 1.270096567284470235e-01 1.498995657171038054e-01 1.360683015641176996e-01 1.272899406519235888e-01 1.517255862850680481e-01 1.348386798960109212e-01 1.508291700345958386e-01 1.443821267750603488e-01 1.523538999866727861e-01 1.554211078814264901e-01 1.254889464107929453e-01 1.481122038833960763e-01 1.155361670595095175e-01 1.357977585641542972e-01 1.635758763907619595e-01 1.589044416105420965e-01 1.738211133153300114e-01 1.636280576147011168e-01 1.378877414928369460e-01 1.389405505720241185e-01 1.673604620686634792e-01 1.460699531875870316e-01 1.683009293743028545e-01 1.585722144637742026e-01 1.658848661900615973e-01 1.598417415318508228e-01 1.642512225899791511e-01 1.555510978913492437e-01 1.595498057742887887e-01 1.679287736413152543e-01 1.378495040036604169e-01 1.390442729190037585e-01 1.509734181742786452e-01 1.698953674707160411e-01 1.632780471959856261e-01 1.512644697581253528e-01 1.491898428374205388e-01 1.553055273083832344e-01 1.696664870745386577e-01 1.598763773711216474e-01 1.774198949744231202e-01 1.561966135821055701e-01 1.563874012598822638e-01 1.707008787281593942e-01 1.627065742887083277e-01 1.419858126545342492e-01 1.533537886307897447e-01 1.512359439932339789e-01 1.503921252911253892e-01 1.472961832600757082e-01 1.545932041752244579e-01 1.352581973538598270e-01 1.432282487080378808e-01 1.414562803623766740e-01 1.510975321909429347e-01 1.415957137065300686e-01 1.520903813290328532e-01 1.222647850171826589e-01 1.375815264338023369e-01 1.399566916705101416e-01 1.386430433603859369e-01 1.379357354867419838e-01 1.419756776726259495e-01 1.390076066802960475e-01 1.461718794531884913e-01 1.377341133615254676e-01 1.523712766192666379e-01 1.514579868458720835e-01 1.557271698826939166e-01 1.541575730729081717e-01 1.533128365536424176e-01 1.416815815771600706e-01 1.539891958873037259e-01 1.581064657676956309e-01 1.554312921451949658e-01 1.562851691746543481e-01 1.523327329331761459e-01
8.838090341300251784e-02 1.294710237788222196e-01 1.000000000000000000e+00 3.584914786323756264e-01 2.046211969579491974e-01 2.415897548142713624e-01 4.114912319112043471e-01 3.609029631388345760e-01 3.820425434720350344e-01 3.194850614280845269e-01 3.797839254876818060e-01 3.869162258823247713e-01 3.333769460348910973e-01 2.542290451206513091e-01 4.002135655565539629e-01 3.653367776679916079e-01 3.585176341292060087e-01 3.639541566975285081e-01 3.945688732728854231e-01 3.419387446091305405e-01 3.656385217897460960e-01 4.028570991755532349e-01 3.965525523479877523e-01 3.793824802075455027e-01 4.137705298608951310e-01 4.196899708110303218e-01 4.208483674045481737e-01 4.316105507163905952e-01 4.295455477027717017e-01 4.102131828109761291e-01 4.160681044592117184e-01 4.107897628888695363e-01 4.151630290387116062e-01 4.039638288835553093e-01 4.047371021954875858e-01 4.050083845890519729e-01 4.075756057633224128e-01 3.942520444661994916e-01 3.953333594569181653e-01 3.970571706782101695e-01 3.979899001422312343e-01 3.891347519578585712e-01 3.953666710064286938e-01 3.926402530898842058e-01 3.935915680297357722e-01 3.890629553657371509e-01 3.643325223304237914e-01 3.691350834842424544e-01 3.717162821276315809e-01 3.738570026927051093e-01 3.910128734478636181e-01 3.720551804720708122e-01 3.763071586338636587e-01 3.815986343865485630e-01 3.881954023804640719e-01 4.083498211840332903e-01 3.848032762402877061e-01 3.748707170455177762e-01 3.727582217754438765e-01 3.764024611212580251e-01 3.834586149823660528e-01 3.738833040766822435e-01 3.717526323321886927e-01 3.861392489969637243e-01 3.847072278524093503e-01 3.806533699064198473e-01 3.728943359625478404e-01 3.869287779365676583e-01 3.980121143932176531e-01 3.865094192300481124e-01 3.903595254665241931e-01 3.930575768282405513e-01 3.963521278378105417e-01 3.977330136027470431e-01 3.945154392131626775e-01 3.888290659671037042e-01 3.989098239226193110e-01 4.048238105743535709e-01 4.010340679069341330e-01 4.027072686549294511e-01 4.036369087069696659e-01 3.866955017252347582e-01 3.963272551941689481e-01 4.006723734142797477e-01 3.870343572567743751e-01 3.903969294760740727e-01 3.939440775616104284e-01 3.894576816685882403e-01 3.861310756729267601e-01 3.933669129473622572e-01 3.919757518210451042e-01 3.808124682794835070e-01 3.858868562306926875e-01 3.874723543017783434e-01 3.634646634178058111e-01 3.677026304820837921e-01 3.724263998269574660e-01 3.757793497020493478e-01 3.698302644708101328e-01 3.832866388562153892e-01 3.843170705062246562e-01 3.756506794240306313e-01 3.726334964900586133e-01 3.791246027578801803e-01 3.764634962849945365e-01 3.728038084419779685e-01 3.693154057071456053e-01 3.782658678211673342e-01 3.865704720803248562e-01 3.730183612497743884e-01 3.755676816280349994e-01 3.718796100955624184e-01 3.734760410851023504e-01 3.779977857300366173e-01 3.762262184017373667e-01 3.748807834017569007e-01
8.274096934128462311e-02 9.775583154758279991e-02 3.584914786323756264e-01 1.000000000000000000e+00 3.684109853971212489e-01 3.913853126285825046e-01 6.116989900430103155e-01 5.800658571899447447e-01 5.611260011647201118e-01 5.012587001259185548e-01 5.920120623895027689e-01 6.247866944296772695e-01 5.459360957466882214e-01 4.480896163498160334e-01 6.287393622419250594e-01 6.109367348037598733e-01 5.469628595081097444e-01 5.159724734240023203e-01 5.274050705421247098e-01 5.109121896075756730e-01 5.114630345104315134e-01 5.849960401695114554e-01 5.272696299965167199e-01 4.774391967664024516e-01 5.397166596622560153e-01 6.141832099573740766e-01 6.188791385819044644e-01 6.330242064894053833e-01 5.766796017124176110e-01 5.734414717922194926e-01 6.208951514157599050e-01 6.092839118954787025e-01 6.015827291268405208e-01 6.023249877840703981e-01 5.821555714040026475e-01 6.204689285789199982e-01 6.104543916799993752e-01 6.103869866179992831e-01 6.195607715028390583e-01 6.216195741641664663e-01 6.157878196503772106e-01 6.266088107251652772e-01 6.310928940269775467e-01 6.324772547736234873e-01 6.202045012907230204e-01 6.169058333048550447e-01 5.995080540264028368e-01 6.036997637344752032e-01 6.122671691780232628e-01 6.062882315253866894e-01 6.159934681375999199e-01 6.193124231209646835e-01 6.234236334203756558e-01 6.012238612959319717e-01 5.959834992367850637e-01 6.161022697403152337e-01 6.066337849007638061e-01 6.104303903286595334e-01 5.972810317999487362e-01 6.111860309374317346e-01 6.171542213563344648e-01 5.989923864799704400e-01 5.984458139025731205e-01 6.192591201990603755e-01 6.141588009761690392e-01 6.084916416336345613e-01 5.967089387067883166e-01 6.043733862478311014e-01 6.035013220128504496e-01 6.139345268201683581e-01 6.115054304558147358e-01 6.055897673516303925e-01 5.836554896506681578e-01 5.915935680647920192e-01 6.223664510081827750e-01 6.220136312643987919e-01 6.296685148426153233e-01 6.039205944042665974e-01 6.209408872237012211e-01 6.122390025729871343e-01 6.166453062273833385e-01 6.136991758327788871e-01 6.138708488984710998e-01 6.115643240701177374e-01 6.105306329886425187e-01 6.091333591568273143e-01 6.192321521603550982e-01 6.198332592943300856e-01 6.185004526866062502e-01 6.061433839508981736e-01 6.255959048475754347e-01 6.188944463162163734e-01 6.197412464269086430e-01 6.202060197435940170e-01 6.002853990250343053e-01 6.006975129575300443e-01 6.197758763515263114e-01 6.190518623116020303e-01 6.120666036672043342e-01 6.228574784974643119e-01 6.296073504168021584e-01 6.188754209132939499e-01 6.141141416566241462e-01 6.176726137348356183e-01 6.214520963419316590e-01 6.036362942786082098e-01 6.078745927592497100e-01 6.037460028716897797e-01 6.057913069361166025e-01 6.050993930960362199e-01 6.070695686515712453e-01 6.084755091593753162e-01 6.075005723643885913e-01 6.211664242270843461e-01 6.130873035597140808e-01 6.107832039653178224e-01
5.763920687431249579e-02 9.470936351865678893e-02 2.046211969579491974e-01 3.684109853971212489e-01 1.000000000000000000e+00 2.804619000791294114e-01 4.703253424125659055e-01 4.428924413731615828e-01 4.639125844159692202e-01 3.932567800423440452e-01 4.736120175087021322e-01 4.898252785603751103e-01 4.394242500864809498e-01 3.514181655993328102e-01 4.871494366088677808e-01 4.828905529094937310e-01 4.569183712559946597e-01 4.125471569547206063e-01 4.356545866001238498e-01 3.817507186475924685e-01 3.689028775498394697e-01 4.574881122768059694e-01 4.458230638067915974e-01 4.025844654809740408e-01 4.448585545816500786e-01 4.878568925487371533e-01 4.840533340678446206e-01 4.785075072891426529e-01 4.550861000518460764e-01 4.523147313628817501e-01 4.890118537232430729e-01 4.889533155813339249e-01 4.549133829856378819e-01 4.902458093699102459e-01 4.545578469980929293e-01 4.758215431360722780e-01 4.654044153609148693e-01 4.906839018461133239e-01 4.860985002428386270e-01 4.739151630358727774e-01 5.012635423143660951e-01 5.053729205731678498e-01 5.071557559234393109e-01 5.066353619275716369e-01 4.998756283278087964e-01 4.916124239574053423e-01 4.984102947045112031e-01 4.999944175637512367e-01 4.965024466614841314e-01 4.876978424404273538e-01 4.972269569630908270e-01 5.025888133313806128e-01 5.045050107428291630e-01 4.934936015065204962e-01 4.875859356974097114e-01 5.004041289151444083e-01 4.861591673150557069e-01 5.010450298653972290e-01 4.847070968834924498e-01 5.007342204425904164e-01 5.032176595402527708e-01 4.920083312509876405e-01 4.870750021817615849e-01 4.962546342753039741e-01 4.991866285767599942e-01 4.962483037558647059e-01 4.936326848987360183e-01 4.979220092310412960e-01 4.952134527624197924e-01 4.930580636082173007e-01 4.951184022882052504e-01 5.022355205620343543e-01 4.850500146684352254e-01 4.959804845460082379e-01 5.030601502792576563e-01 4.986351270840170824e-01 4.978517090029999093e-01 4.961779247726563202e-01 5.048248558026381394e-01 4.930087032371727185e-01 4.942991870719424807e-01 5.051543021281948986e-01 5.015213947985655007e-01 4.905737474070622772e-01 4.995165529811960159e-01 5.024242015227579072e-01 4.960308886169129128e-01 5.023485934359399607e-01 5.012503141983745136e-01 5.012217292581293560e-01 4.962993426154775900e-01 5.039141470955551538e-01 5.028961134224554375e-01 5.034177959638458377e-01 4.986656717221178425e-01 4.984979056688659815e-01 5.003696757134271644e-01 5.021531046734164505e-01 5.049425470531025972e-01 5.056170590993787073e-01 5.114073912066728900e-01 5.041718126396724786e-01 5.058253431922939969e-01 5.074461186793169931e-01 5.054943784773354709e-01 4.926178622214859026e-01 4.980400197996343592e-01 4.971894717982002776e-01 4.997165882847180995e-01 5.014141525217429285e-01 4.973327450001470695e-01 5.017619111473077265e-01 5.013159303729720628e-01 5.043901321372851188e-01 4.991200933361732428e-01 5.026997840669010786e-01
-1.425320899704494819e-03 1.166202784772880779e-01 2.415897548142713624e-01 3.913853126285825046e-01 2.804619000791294114e-01 1.000000000000000000e+00 5.066122768404617283e-01 4.508366067568931879e-01 4.821300605090094171e-01 4.709790262167046770e-01 5.196088906224483051e-01 5.375559065384643009e-01 4.847468123411518004e-01 3.769879178756783689e-01 5.458717913032172797e-01 5.313940159796364249e-01 4.951241557705277629e-01 4.491434475914549140e-01 4.691772416349089814e-01 4.047137978475874864e-01 4.181406776197336139e-01 4.958667924541619310e-01 4.800102063553509657e-01 4.320320898083456207e-01 4.776297346047464476e-01 5.438360531223620509e-01 5.495449126631153369e-01 5.464041048791661304e-01 5.094637558121399845e-01 4.933296479938222290e-01 5.594060775076115100e-01 5.404341860565573530e-01 5.064388035777698249e-01 5.309461812309052009e-01 5.133214352837330852e-01 5.423103341327203397e-01 5.359255399700257883e-01 5.322831619175515394e-01 5.541074079647808626e-01 5.370500884440390088e-01 5.518966417457094042e-01 5.538473873526313929e-01 5.509082559510396493e-01 5.546691578073005280e-01 5.556874523436673430e-01 5.585680245522599563e-01 5.562348956657464649e-01 5.548307984172068386e-01 5.420522199075240577e-01 5.068417212971363384e-01 5.320636022231240991e-01 5.345999682128013131e-01 5.492530819787785346e-01 5.590621163411975125e-01 5.475823858665644916e-01 5.529683281361875702e-01 5.541133267844899901e-01 5.486357788564263371e-01 5.468958255226930021e-01 5.582917863122207613e-01 5.540422208720886532e-01 5.554390756128966267e-01 5.516276625854882321e-01 5.485683610969207535e-01 5.511368073772054954e-01 5.603104486693712971e-01 5.528422723208161749e-01 5.513040053132839402e-01 5.528243375975941953e-01 5.436763055050636284e-01 5.493078375222002485e-01 5.530803057871146455e-01 5.377362325573783464e-01 5.430729131178944069e-01 5.615532503362712369e-01 5.640794020819364096e-01 5.657531102490371833e-01 5.512872679846465562e-01 5.614712448941148182e-01 5.498678387338720164e-01 5.609750461632293517e-01 5.602128464031960187e-01 5.610451438706339777e-01 5.565131202071100791e-01 5.511362483750211760e-01 5.550626129882408888e-01 5.657728755519934039e-01 5.589127835315284010e-01 5.653352386613862413e-01 5.546400003716773774e-01 5.644715724285085390e-01 5.593239866174651853e-01 5.582731317817910544e-01 5.651580238502648124e-01 5.544723142803412719e-01 5.564176609914509575e-01 5.417998671000762156e-01 5.445702339317322060e-01 5.531023391986693571e-01 5.520172010946831076e-01 5.611168412161955388e-01 5.525357364479509537e-01 5.552793914120117691e-01 5.571867830482821748e-01 5.547269424102010404e-01 5.563805177860658979e-01 5.539069467372847999e-01 5.565057369391602782e-01 5.574474846774857273e-01 5.578463759455807303e-01 5.530762455279014667e-01 5.598111603877419240e-01 5.585117352728629081e-01 5.562295828887622307e-01 5.544820039599746009e-01 5.607806122208355282e-01
2.097629139825408356e-02 1.408996211541643229e-01 4.114912319112043471e-01 6.116989900430103155e-01 4.703253424125659055e-01 5.066122768404617283e-01 1.000000000000000000e+00 7.010867488269446612e-01 7.000065511629117720e-01 6.483354406176358165e-01 7.482051441311192708e-01 7.872256902181180571e-01 7.013491584780203736e-01 5.614347501433262222e-01 8.186322605450360168e-01 7.897135581769730850e-01 7.046544826153195995e-01 6.791705254593751739e-01 6.969419009569746137e-01 6.283680427876785490e-01 6.252075123187581518e-01 7.318559167954409306e-01 7.064300339191094125e-01 6.430912220073056185e-01 7.070666150106450498e-01 7.936560138123297525e-01 7.979830356629502575e-01 8.228983197498705993e-01 7.574550260906423027e-01 7.419982085958960472e-01 8.157171989458542605e-01 7.899178776075023167e-01 7.748042271623341026e-01 7.852547890559264943e-01 7.577329516565629586e-01 7.836469793869101919e-01 7.846689225077643215e-01 8.005475975382040366e-01 8.090990473848119757e-01 8.252349700058091431e-01 8.120334877331808476e-01 8.206689709252984466e-01 8.195815857842524421e-01 8.193070023331695539e-01 8.081084941974477909e-01 8.133101270246129166e-01 7.889408581797920927e-01 7.931617713628167365e-01 7.809237438468484838e-01 7.581402878551775082e-01 7.905048700886466717e-01 7.842182688451285744e-01 7.975370429462821376e-01 7.872520883510202294e-01 7.873065219635592138e-01 8.073423567858630800e-01 7.693285424207954026e-01 7.960649301901365771e-01 7.870151228859204595e-01 7.921408245005775450e-01 7.953895370181022217e-01 7.759020036577877200e-01 7.691579204781738843e-01 7.723604699583105360e-01 7.844035763231101965e-01 7.809141851032118664e-01 7.884521421499093297e-01 7.988434892014908417e-01 8.057224652821856070e-01 7.968867250505434763e-01 7.977692100864505198e-01 7.983555114036777756e-01 7.815621113515865970e-01 7.873117245389998908e-01 8.130892363372137499e-01 8.158159367209749657e-01 8.263527629942076791e-01 8.035109919452066984e-01 8.178730698511571529e-01 7.992700437558372117e-01 8.165189326804646042e-01 8.091215660965507261e-01 8.106413306973708766e-01 8.079331088040075937e-01 8.025410600875266809e-01 8.031479193279326134e-01 8.147252690533256514e-01 8.230622861468819274e-01 8.134863106444425451e-01 8.186445278641368839e-01 8.334014402101260766e-01 8.170159511121465323e-01 8.121713375112205036e-01 8.207172660855086566e-01 7.929670350303326121e-01 7.938781302503983284e-01 8.017433959826604228e-01 7.848839871027593063e-01 7.942049716239808488e-01 8.145766262366682664e-01 8.203721221235098504e-01 7.980242299335548184e-01 7.989580225064868424e-01 8.062955969868608186e-01 8.031507584838859515e-01 7.860495743934179380e-01 7.872797610881963060e-01 8.011624253491662628e-01 8.075429997148249051e-01 7.978836074968714831e-01 8.032930345346769307e-01 7.950172215470098225e-01 7.931991760067709230e-01 7.936718135754934345e-01 7.925198097793830776e-01 7.943296789708640393e-01
4.947842093245460870e-02 1.035339287417398058e-01 3.609029631388345760e-01 5.800658571899447447e-01 4.428924413731615828e-01 4.508366067568931879e-01 7.010867488269446612e-01 1.000000000000000000e+00 6.853451201471620902e-01 6.131370221842104007e-01 7.220613040948485883e-01 7.597715781645570932e-01 6.849724283228330046e-01 5.510427016538109735e-01 7.691037671307033863e-01 7.607585990002841969e-01 6.851405165322853597e-01 6.401731482455310651e-01 6.440675464255649629e-01 6.112138148944856741e-01 6.106460189921986137e-01 6.959388985485194246e-01 6.690681109017092565e-01 6.034974755332986884e-01 6.652629923475585905e-01 7.459729591476000898e-01 7.434944096214988196e-01 7.387310127185109376e-01 7.078660466802931817e-01 6.918542775532484645e-01 7.631778608164165867e-01 7.558831705214914543e-01 7.069479276814732982e-01 7.464712631986345492e-01 7.034724867078913091e-01 7.531249616804616132e-01 7.217545755726640921e-01 7.680625740898630038e-01 7.627484153981689552e-01 7.615549816791428173e-01 7.667364975531918425e-01 7.719849690363476125e-01 7.729236026572866569e-01 7.788873349784405375e-01 7.696962640231911346e-01 7.701569974522162187e-01 7.625645232293201126e-01 7.683910589050448880e-01 7.717639536723206461e-01 7.577046699994200996e-01 7.725149702894159587e-01 7.636094651061456906e-01 7.796737261108428463e-01 7.649191684509596412e-01 7.687644625814260557e-01 7.740741892978983962e-01 7.702836842393466776e-01 7.727763840845381926e-01 7.694472197308899197e-01 7.695598619382387762e-01 7.795252002718031648e-01 7.649371529668379521e-01 7.672209663046041239e-01 7.695544944605628990e-01 7.695516691516136598e-01 7.713121294871170264e-01 7.643860498916245083e-01 7.645957680764210451e-01 7.667368463602324269e-01 7.705996676843188675e-01 7.711782850852102467e-01 7.652687630836350063e-01 7.469668661580864955e-01 7.555290324617010000e-01 7.748269015469984033e-01 7.698166492015442453e-01 7.718233876781069869e-01 7.614592289788446600e-01 7.695243472935507922e-01 7.582511384429247991e-01 7.651622749421227443e-01 7.728831135594612656e-01 7.745589089849947984e-01 7.611516222443828195e-01 7.767661754846807431e-01 7.718074291594370084e-01 7.691747191195449362e-01 7.807618422600673957e-01 7.728512453494382761e-01 7.757943451096808163e-01 7.718468173384469555e-01 7.766190535344033030e-01 7.736076405496966624e-01 7.757718613153748999e-01 7.684615695797052393e-01 7.691871294953492866e-01 7.798967641918835847e-01 7.807425103069512984e-01 7.779889118532137271e-01 7.797955670012516327e-01 7.826329557709770235e-01 7.830967999479693242e-01 7.770873261214076289e-01 7.784777542011838136e-01 7.786187448388990351e-01 7.721379312152544250e-01 7.722496803199305759e-01 7.721608904086746383e-01 7.779286961147118262e-01 7.718053543410455797e-01 7.795235951788953566e-01 7.717059176194984715e-01 7.753573239840664266e-01 7.777232531666220527e-01 7.722642121305171026e-01 7.738591689767109205e-01
1.872142664021641256e-01 2.099978011045493531e-01 3.820425434720350344e-01 5.611260011647201118e-01 4.639125844159692202e-01 4.821300605090094171e-01 7.000065511629117720e-01 6.853451201471620902e-01 1.000000000000000000e+00 7.205854152743272900e-01 7.783778640434750873e-01 8.229393044582650196e-01 7.489192811858257359e-01 5.900389149096596508e-01 8.305932400905171598e-01 8.145399729973824554e-01 7.980432252565761164e-01 7.408995571202767749e-01 7.632086596903147058e-01 6.570285563304535392e-01 6.787027010787340942e-01 7.727369784667831309e-01 7.877428649761556434e-01 7.214979162058174911e-01 7.547830040789622608e-01 8.514272099117031756e-01 8.367838988783949938e-01 8.087698733334853785e-01 8.087417249945576536e-01 7.781956751090685076e-01 8.496159800606838397e-01 8.459991842058979250e-01 7.666981612504421006e-01 8.267854860847623222e-01 7.841812819313310756e-01 8.069348379198655330e-01 7.956875699534419200e-01 8.357354975965641808e-01 8.247427347615507998e-01 7.921722098317540706e-01 8.437064105378655476e-01 8.335862194972913919e-01 8.163584680471649424e-01 8.503524993801976350e-01 8.322510984955314717e-01 8.344491090040490056e-01 8.431243868760974758e-01 8.538942729501477480e-01 8.585033384093324615e-01 8.181540344360598294e-01 8.444508951920154383e-01 8.087519241712836093e-01 8.362566433790963316e-01 8.589380048497253783e-01 8.479047250360998156e-01 8.560702715935704088e-01 8.564165576209807895e-01 8.439793767736016861e-01 8.401855727804499185e-01 8.684712756683971024e-01 8.556065540845971817e-01 8.564795418558882600e-01 8.514431218713276461e-01 8.666540945493147463e-01 8.652917252194889386e-01 8.602012307087515408e-01 8.541097110815486504e-01 8.554134901370015198e-01 8.584637239268240183e-01 8.447626117324262829e-01 8.483604521536725063e-01 8.502311797506335589e-01 8.459791526472053569e-01 8.487974139274094831e-01 8.587090921572821944e-01 8.527460987503628909e-01 8.512287167620975481e-01 8.535942792746804564e-01 8.533223622332818392e-01 8.604250313573239550e-01 8.465848990093509663e-01 8.593959603748596576e-01 8.561923033936117422e-01 8.445908776569968079e-01 8.412439723896957267e-01 8.514784672780980612e-01 8.431368746608447484e-01 8.441536818749452165e-01 8.474942287058035983e-01 8.431152712124918569e-01 8.267918918016011753e-01 8.449022051663511723e-01 8.514242568937515632e-01 8.495693753034594398e-01 8.473429116755845092e-01 8.506638425846385632e-01 8.280609102327789461e-01 8.485391625706880658e-01 8.501730386571513254e-01 8.420089014672985650e-01 8.445433988320893981e-01 8.502715060440931838e-01 8.505692859735178857e-01 8.571525815619784883e-01 8.470093138478267392e-01 8.430885203895340796e-01 8.559554013144903273e-01 8.525063718279695113e-01 8.495096997187441268e-01 8.557258848583330080e-01 8.453170252588829703e-01 8.592549922764812775e-01 8.554607798953882680e-01 8.600971505250758486e-01 8.616897435171491093e-01 8.554673835100954360e-01
4.775725934940494577e-02 1.597087063318930467e-01 3.194850614280845269e-01 5.012587001259185548e-01 3.932567800423440452e-01 4.709790262167046770e-01 6.483354406176358165e-01 6.131370221842104007e-01 7.205854152743272900e-01 1.000000000000000000e+00 7.298403785730962490e-01 7.726621465231140462e-01 6.952999702265181270e-01 5.837443439090869157e-01 7.722502542103938383e-01 7.640580461711670157e-01 7.207935406666237110e-01 6.567584980691592023e-01 6.917368310106860596e-01 5.553033674590091007e-01 5.866841820909608485e-01 6.943645469532503389e-01 6.955151868277363869e-01 6.383803220513394328e-01 6.811367187920712718e-01 7.497996523773146071e-01 7.522216776417256501e-01 7.358897083145453655e-01 7.260751126383612197e-01 7.099417301599801888e-01 7.824217368681186668e-01 7.731343753575170563e-01 7.148952880680096156e-01 7.604151877202298682e-01 7.185467621342565003e-01 7.535673377792634353e-01 7.481265105593714049e-01 7.760387291813070076e-01 7.767788432600856163e-01 7.483297718644964514e-01 7.912180386283008682e-01 7.830015406135577560e-01 7.523104512026157487e-01 7.924879594638576386e-01 7.803754742663886468e-01 7.886225490499758628e-01 8.023637200672268932e-01 8.094635507420367970e-01 7.939608507708362239e-01 7.429224802777620873e-01 7.809909183568065627e-01 7.386215551827366443e-01 7.707346584719875215e-01 8.074702796351508338e-01 7.923698313574744079e-01 7.901971753901684270e-01 7.872182935907774404e-01 7.922440079701533744e-01 7.936640298888908429e-01 8.038906988175581469e-01 7.950474852690758709e-01 8.001374311884237311e-01 7.903899867301644733e-01 7.895513312935141803e-01 7.886666928530352561e-01 8.008288870020028316e-01 8.076389293036299044e-01 7.998558697039920284e-01 7.993664910130897638e-01 7.791945570882221617e-01 7.933334126564494104e-01 7.973301788439985938e-01 7.832823643378868939e-01 7.938611857440693864e-01 7.936432699730638918e-01 8.005537281556762697e-01 7.951539815364151442e-01 7.872872411338079912e-01 7.967651608566694854e-01 7.927849868892283824e-01 7.926008033602871539e-01 8.042289779016230655e-01 8.027898722164458212e-01 7.946004228206217102e-01 7.908332866355528568e-01 7.988699108342960375e-01 8.002217797988460113e-01 8.033779414206563274e-01 8.017497720258767169e-01 7.927618027361620356e-01 7.896854005156047629e-01 8.006361367897253389e-01 8.026773787914746050e-01 8.024541328207722701e-01 8.069680642696794859e-01 8.083975823853204457e-01 7.732232444477521449e-01 7.831427396532428808e-01 7.984500817682862461e-01 7.956168126733850210e-01 7.899791396411308675e-01 7.955406658587977908e-01 7.931709990218048789e-01 8.005251793456646947e-01 7.926367185931181281e-01 7.946115709707998187e-01 8.024270740815135916e-01 8.045305605842224539e-01 8.026535340683386144e-01 8.077800860123884874e-01 8.006839483447251160e-01 8.080293075793870683e-01 8.053284225398984475e-01 8.009541919797448228e-01 8.006017928000741524e-01 8.039391373375639471e-01
3.045108153024838130e-02 1.316665176042608187e-01 3.797839254876818060e-01 5.920120623895027689e-01 4.736120175087021322e-01 5.196088906224483051e-01 7.482051441311192708e-01 7.220613040948485883e-01 7.783778640434750873e-01 7.298403785730962490e-01 1.000000000000000000e+00 8.708998545085208098e-01 7.792602971532343048e-01 6.247042550239251257e-01 8.728944204686835961e-01 8.533733922647249726e-01 7.920400201753663438e-01 7.415005207918273777e-01 7.558833409965861616e-01 6.332185779578556328e-01 6.763131588291680929e-01 7.918418545040234457e-01 7.618048599626291439e-01 7.052682116553528058e-01 7.585479937295666053e-01 8.499369107619528796e-01 8.562713124417228316e-01 8.460346550493826889e-01 8.066059281289189586e-01 7.990875118334481719e-01 8.684879497472288712e-01 8.614935301020828495e-01 8.003406164875711548e-01 8.515466705860138541e-01 8.136236386778028518e-01 8.514076806414732079e-01 8.429718702653354878e-01 8.630078485336050154e-01 8.737534623790152999e-01 8.507238049689744841e-01 8.900280308009439478e-01 8.891135874586079124e-01 8.753598731663880805e-01 8.923875038229301948e-01 8.861874149734099149e-01 8.854391407119109880e-01 8.918585285287492503e-01 8.944016180377588610e-01 8.833829952585389167e-01 8.414042886176790192e-01 8.714546678893743126e-01 8.587728586783198725e-01 8.818597598815847149e-01 8.898820819463946208e-01 8.790690412394295272e-01 8.801303150290421540e-01 8.746621888228426345e-01 8.934861087591774442e-01 8.812276193329183771e-01 8.945572111587781761e-01 8.936568066917764952e-01 8.845222299467605520e-01 8.766408129978439101e-01 8.811274062012607322e-01 8.826515233237827163e-01 8.866269674856555039e-01 8.927653997546517450e-01 8.924375054305154764e-01 8.866200219734213794e-01 8.773382968864209541e-01 8.879612730929844489e-01 8.891326662258868252e-01 8.723182829817469619e-01 8.800837261748610807e-01 8.976210263838955150e-01 8.983075124132025024e-01 8.970360480857350050e-01 8.812801882897967065e-01 8.922818956349870545e-01 8.793547825277984176e-01 8.904624934786145030e-01 8.981382241424087365e-01 8.887132911802512192e-01 8.838187371464970576e-01 8.881839690364381479e-01 8.932559294482541601e-01 8.950503076754111609e-01 8.929679386991341561e-01 8.976447333745050106e-01 8.847767956618565188e-01 8.896857988728400501e-01 9.000135590298132815e-01 9.003973219588308208e-01 9.005247677513185112e-01 8.960599820314514297e-01 8.969766114905975973e-01 8.778510322442268921e-01 8.811983398666909384e-01 8.938821706407934498e-01 8.915847642746514978e-01 8.974778593278739391e-01 8.916305542289219010e-01 8.956334033157934416e-01 8.984925544719843948e-01 8.950582074404033195e-01 8.813785449721296406e-01 8.921899334181296881e-01 8.924456586506094302e-01 8.917677290854777450e-01 8.967772129819566729e-01 8.928183505825839639e-01 8.980160104144647715e-01 8.947284850590149219e-01 8.943079746658176843e-01 8.932302164876206874e-01 8.956547049939003191e-01
4.413096926398408365e-02 1.544322304616151664e-01 3.869162258823247713e-01 6.247866944296772695e-01 4.898252785603751103e-01 5.375559065384643009e-01 7.872256902181180571e-01 7.597715781645570932e-01 8.229393044582650196e-01 7.726621465231140462e-01 8.708998545085208098e-01 1.000000000000000000e+00 8.129405100912314719e-01 6.700128152045495833e-01 9.145056415999246457e-01 9.003899373403948525e-01 8.276058579047644859e-01 7.685850847578403755e-01 7.812305558249134085e-01 6.822301375016407432e-01 7.138004022936109694e-01 8.217265474988834084e-01 7.936800756942402613e-01 7.317014672778422435e-01 7.880276002562993654e-01 8.906195286848348491e-01 8.954902299812463884e-01 8.790922357482773286e-01 8.462208676884012126e-01 8.312635851463220371e-01 9.169898471311275223e-01 8.967287789469658987e-01 8.322672679885396718e-01 8.850533475677213602e-01 8.429675671177484508e-01 8.851014556842222714e-01 8.720872348402816110e-01 9.088271891337516006e-01 9.083271205563006045e-01 8.884996919952867778e-01 9.252357496352513477e-01 9.253372593499382681e-01 9.049575977017983996e-01 9.318055720775948458e-01 9.195567128211641350e-01 9.208078826333343514e-01 9.324712791074465379e-01 9.357897220014494977e-01 9.301901818255020604e-01 8.858950413080460828e-01 9.179072918536408388e-01 8.936691036788312337e-01 9.198009794320055610e-01 9.349433624295131473e-01 9.255196648295220818e-01 9.245833199176226591e-01 9.252516320932051563e-01 9.314092173583555789e-01 9.285962651203008011e-01 9.376459351136580134e-01 9.371532441261904989e-01 9.339863455951644688e-01 9.297458385778247791e-01 9.280702413381219928e-01 9.243841374010431933e-01 9.350390914037619572e-01 9.330524205951918892e-01 9.292750565763431281e-01 9.269531719438309780e-01 9.218232711176058691e-01 9.284441580940379080e-01 9.253581494447542521e-01 9.072112573456062590e-01 9.156609573865273077e-01 9.363073198985377710e-01 9.373351998818706399e-01 9.327994039198650444e-01 9.218898643350402766e-01 9.299036998051306568e-01 9.239147377170160436e-01 9.278343697219419983e-01 9.395015445941186094e-01 9.326004526361223457e-01 9.244944083672431701e-01 9.271011937185913432e-01 9.311641444068792239e-01 9.317693893757313939e-01 9.350403733595826772e-01 9.367861309813164672e-01 9.236447421786755374e-01 9.245567751164096570e-01 9.365929852518108945e-01 9.383677108733761152e-01 9.386571578972821017e-01 9.363665207341441699e-01 9.372577456065336321e-01 9.177114557505950954e-01 9.273152265321822352e-01 9.361810547956004314e-01 9.328826032171622096e-01 9.351986269619502190e-01 9.366700663348145328e-01 9.356846383292496405e-01 9.395611625143290846e-01 9.338754183310562507e-01 9.296771202085196695e-01 9.384938038289303286e-01 9.340287933923158148e-01 9.353874684604663869e-01 9.384875562994748899e-01 9.360689049179197196e-01 9.390240015302486754e-01 9.405329672845490485e-01 9.393966995714886359e-01 9.332999298037480962e-01 9.388695498726811195e-01
3.963933061868313984e-02 1.274915018055084726e-01 3.333769460348910973e-01 5.459360957466882214e-01 4.394242500864809498e-01 4.847468123411518004e-01 7.013491584780203736e-01 6.849724283228330046e-01 7.489192811858257359e-01 6.952999702265181270e-01 7.792602971532343048e-01 8.129405100912314719e-01 1.000000000000000000e+00 6.151478719338228096e-01 8.343132072655197184e-01 8.204313954389746977e-01 7.701529246899827541e-01 7.019217850525093505e-01 7.239421971402647538e-01 5.854075890255077130e-01 6.178592855172762022e-01 7.301555562762284124e-01 7.374345489323814729e-01 6.683881768952367741e-01 7.150795831189514784e-01 8.091281241245864564e-01 7.965066376901318579e-01 7.929225000760264930e-01 7.669851185548062222e-01 7.387946336612617459e-01 8.338129862865554243e-01 8.220596100880853685e-01 7.509912586621969588e-01 8.080407574215957567e-01 7.608847285750722778e-01 8.090112764580149607e-01 7.934303900914818630e-01 8.222833542214937896e-01 8.271259857435315777e-01 8.090584568849666924e-01 8.468916605109519935e-01 8.484678639448876014e-01 8.295313594115777400e-01 8.526373666664001094e-01 8.451197937631754753e-01 8.393239346226678554e-01 8.541358570097069558e-01 8.567752916703652577e-01 8.440688917926326695e-01 7.998976395971224562e-01 8.318499874993652288e-01 8.245142623659340586e-01 8.447714346627110960e-01 8.506036224037875071e-01 8.354676484164313965e-01 8.419999558081124880e-01 8.317546052242483778e-01 8.568394809332198214e-01 8.386411049619170166e-01 8.567314077934866656e-01 8.536558987853836156e-01 8.441256249080729690e-01 8.322974071147358766e-01 8.389690744201072636e-01 8.483901183741150431e-01 8.488265925110236587e-01 8.584187405968014550e-01 8.524406908565903551e-01 8.502574766862419642e-01 8.311235362196410792e-01 8.410947902036531865e-01 8.458088298424100149e-01 8.330429988613039516e-01 8.391348475141640062e-01 8.547304863626546956e-01 8.563363303230200341e-01 8.499982562127811336e-01 8.387631262561503487e-01 8.484037257077339245e-01 8.454199093472833937e-01 8.500881809714042614e-01 8.600961062458607476e-01 8.560214395682766986e-01 8.420383755680178606e-01 8.475902820789957826e-01 8.528873065889039928e-01 8.561447833800932550e-01 8.568533168052732130e-01 8.566256087757834203e-01 8.512013355022861605e-01 8.479895396606612623e-01 8.598836125601055924e-01 8.586601398254619655e-01 8.605611241878085016e-01 8.602612280212381668e-01 8.607511107114973470e-01 8.382295192449652488e-01 8.444456205198670462e-01 8.558752457440618189e-01 8.523964865985569350e-01 8.547307025902614042e-01 8.523910079816690022e-01 8.578095859013050717e-01 8.613507555172934538e-01 8.573547967898695887e-01 8.452176218928415530e-01 8.535118727818375994e-01 8.589209208132759787e-01 8.560222965797107397e-01 8.592484515467746498e-01 8.556850802150167690e-01 8.622068318669601217e-01 8.565163189892762707e-01 8.572454655649310862e-01 8.590565329137231920e-01 8.582105091246938766e-01
