1.000000000000000000e+00 8.018401781090518654e-02 6.910585124601087426e-02 4.565675702752308718e-02 -8.618394925656587546e-03 -2.130137221696849943e-03 -9.075917517550361260e-03 1.286509923109721391e-02 1.198488297785021417e-01 2.094117054018904828e-02 9.920992947298694353e-03 -9.833772342996474278e-03 -2.539864297812210667e-02 -1.330577711709980508e-02 -1.663168537481234110e-02 -2.100687726410362458e-02 1.135201275547864513e-01 7.897198173051804548e-02 6.757285629074442912e-02 -1.385063759346930913e-02 9.313857988130272957e-04 6.172326694465881530e-02 6.601235943332460498e-02 -1.930742232388036380e-03 5.522916187481250599e-02 8.263015242160139107e-02 7.782397785155772962e-02 6.368028021830658691e-02 5.406204828953407177e-02 6.463442943543458441e-02 2.959680282490441752e-02 3.832752399153603606e-02 6.814750392488418129e-02 1.743184593600921248e-02 5.338973115167112288e-02 3.274446543261049641e-02 1.675222114923291192e-02 2.043889399561838599e-03 2.839546783045358153e-02 -8.556748589688623757e-03 2.931692060381920623e-02 7.542857958947997432e-03 -1.623149237448437074e-02 1.590267980030887762e-02 2.909329078085915593e-02 -1.141451080655024597e-02 8.248864595861030505e-03 1.238915664231946857e-02 3.219765810288975627e-02 6.543316141217708770e-02 3.393724689512148118e-02 3.968241901835311419e-02 2.070169489781418723e-02 -2.009372633645765353e-03 -1.559128818977733796e-02 8.505150941519670771e-03 2.410160890162666922e-02 -1.346681225369206723e-02 -2.322269952016765490e-02 2.851871932690002928e-02 2.427871048497340367e-02 -6.938947615487845583e-03 -1.861451590374638490e-02 4.254885594300647500e-02 5.573716003760046528e-02 2.478074306079219510e-02 2.231720692810952242e-02 1.229631020327970337e-02 3.118371678892874633e-03 -9.085432629831677320e-03 1.683811992684447825e-02 3.290650217852753717e-02 -1.412793196502154860e-02 1.897624083020221092e-02 3.161382745074714506e-02 3.107885796262352743e-02 2.869056236381151148e-02 2.382370088316992929e-02 1.824867851244259612e-02 2.602498106805383946e-02 2.224604260329056740e-02 6.582776227356218306e-03 3.780118842071527457e-02 2.028654578766345140e-02 1.938387076224502500e-02 -4.067997083959440374e-03 1.161895652813558187e-02 1.080173198477788442e-02 1.730599547645491135e-02 2.757698736599048170e-02 1.885548961850175634e-02 1.200989726186018486e-02 1.683199802168230605e-02 8.054576339267644283e-03 9.554617239958949904e-03 8.043410707261434284e-03 2.244168420000116487e-02 4.214868895680627670e-02 1.342698842048185327e-02 2.573458964796700513e-02 6.343535479755036018e-03 7.509344735212644499e-03 1.954502964306960300e-02 1.285550883144214417e-02 2.718334355495969148e-02 1.520449515394367221e-02 2.238771740253950315e-02 7.497958722391450358e-03 9.434118279527640635e-03 1.299613862116364912e-02 -1.160100893781496230e-02 1.905259660653404324e-02 5.882277325585341665e-03 2.668281175261588700e-02 4.583303077659786617e-02 1.437900498855612143e-02
8.018401781090518654e-02 1.000000000000000000e+00 7.840346229789518784e-02 8.729860745997497506e-02 1.004812315873878925e-01 1.471314949515679371e-01 1.632996836331704338e-01 1.197820362491639756e-01 1.458965056014248918e-01 1.670554548531618666e-01 1.277120844179413239e-01 1.477954883565559541e-01 1.328198077229629792e-01 7.745824259195389916e-02 1.461090602316300058e-01 1.594171837728300123e-01 1.387226794690687159e-01 1.677745955875805939e-01 1.747157227998175633e-01 1.329883041817383205e-01 1.224155749054312292e-01 1.629497925256802038e-01 1.656542276184839180e-01 1.538490627535729627e-01 1.648459741608041262e-01 1.785381260290231087e-01 1.619984113690547400e-01 1.610530876784902476e-01 1.677923691782542137e-01 1.705068924826769472e-01 1.679165723733307414e-01 1.653397786967001626e-01 1.546018574753241503e-01 1.540469991668557970e-01 1.600803034795557078e-01 1.315588605541676004e-01 1.479620292889853306e-01 1.556272023541286909e-01 1.528887028996093189e-01 1.475813798397242194e-01 1.572143263353914799e-01 1.532668063827844207e-01 1.483862341148720065e-01 1.610099237352375368e-01 1.553547531641835400e-01 1.595201320561551173e-01 1.588339339530387140e-01 1.556947267502152010e-01 1.610710243235771999e-01 1.507089878595519739e-01 1.457254174396759583e-01 1.285636277544131012e-01 1.460396349370772229e-01 1.570706124722039410e-01 1.524833191352527595e-01 1.570572161572950931e-01 1.529357586311035078e-01 1.555888332330244428e-01 1.446480189850823939e-01 1.580655295650600645e-01 1.537723157355752046e-01 1.575124957011234117e-01 1.452908568267568812e-01 1.542678315680434953e-01 1.498285845998474364e-01 1.540810310873556854e-01 1.592839581960547035e-01 1.526101896511742884e-01 1.566500186814392681e-01 1.326099128741587418e-01 1.527582945954405469e-01 1.605929379715689831e-01 1.463098007119997546e-01 1.526812301315881304e-01 1.598146604849441654e-01 1.576412635176571986e-01 1.593153252035751088e-01 1.563952457882363256e-01 1.650722642921287620e-01 1.534184353377165966e-01 1.529041339975019675e-01 1.510577284616220484e-01 1.588666799490706938e-01 1.496247569379070830e-01 1.503159919135619582e-01 1.503922649009239998e-01 1.456518095772784960e-01 1.530671081294313896e-01 1.518155509938688696e-01 1.580044285405659832e-01 1.542276427253613247e-01 1.530975651775209334e-01 1.489917440625653788e-01 1.553255194800119698e-01 1.499035930943245776e-01 1.525007196665683629e-01 1.453888996020103741e-01 1.490108976381276373e-01 1.491452454611309764e-01 1.542884591787177517e-01 1.492084135054925764e-01 1.498749448682883401e-01 1.435550246160816334e-01 1.493339536899091213e-01 1.434185150721600799e-01 1.472492120283169226e-01 1.546673960840363460e-01 1.558918564199629209e-01 1.559755745201883148e-01 1.497210402257725947e-01 1.487139828022100707e-01 1.527457089549066060e-01 1.533036564096834642e-01 1.497947184992130809e-01 1.494495831538673047e-01 1.513312821493036919e-01
6.910585124601087426e-02 7.840346229789518784e-02 1.000000000000000000e+00 3.598663818584701413e-01 2.438803288590917218e-01 2.458810467867557914e-01 3.348749215053884454e-01 3.395579563965555048e-01 3.792280147426556058e-01 3.077676925837945499e-01 3.830950287942399557e-01 4.023616987798314670e-01 3.163542644088431222e-01 2.894971175925291629e-01 3.779519248550692878e-01 3.697491911551218369e-01 3.568888741094915495e-01 4.030519938549096959e-01 4.052250048468804544e-01 3.707113195439399878e-01 3.933762692045314480e-01 4.158671667212819889e-01 4.229723966479616570e-01 3.865392755629543098e-01 4.072011384367941744e-01 4.329331624676875934e-01 4.276893846378616582e-01 4.247262619135667716e-01 3.987944690869463238e-01 4.138844803469631795e-01 4.274433144444990673e-01 4.356831089831287307e-01 4.258558895200009742e-01 4.390027151736525246e-01 4.262161118810956495e-01 4.171522616082424806e-01 4.208514040088902064e-01 4.041708112392805030e-01 4.186808397523326120e-01 4.204118940492190815e-01 4.036034658025175470e-01 4.156527790778860587e-01 4.271669768013011681e-01 4.202641604780589235e-01 4.167391650295800276e-01 4.014432527781427451e-01 3.890256400484111698e-01 3.855444286826966160e-01 3.922879368114896570e-01 4.112555367088792657e-01 4.069846349569518629e-01 4.146705637694463320e-01 4.042173114966775560e-01 3.759954817909216818e-01 3.876488064705500003e-01 4.140365481144771542e-01 3.893804879118794027e-01 3.912888674898909458e-01 3.813309500937989149e-01 3.939179987437434471e-01 4.049164938981296702e-01 3.868474924009687732e-01 3.943257274292147896e-01 3.967188932765318143e-01 3.874879157629756432e-01 3.874001618016340021e-01 3.891213187903314608e-01 4.064415840836960170e-01 4.070101941965171277e-01 4.054264748211992564e-01 4.160530724329176144e-01 4.108121423988824739e-01 4.026884600917760015e-01 4.065480259922834017e-01 4.052291685861174608e-01 4.114419217716253074e-01 4.057182800926975585e-01 3.991175072330780949e-01 4.088400147540091623e-01 4.043063436419094825e-01 4.067288398973586960e-01 4.010862780852175180e-01 4.131799059256910933e-01 4.112164073523153496e-01 4.174504010409729737e-01 4.096333053943282954e-01 4.100792356745491252e-01 4.033392593854356889e-01 4.050289677017427925e-01 4.076518041558778727e-01 4.181411676208752204e-01 4.019183394231010675e-01 4.046104078585472386e-01 4.017835715928688711e-01 3.880905505006957412e-01 3.867914135230212103e-01 3.988210875307817149e-01 3.871253670647895606e-01 3.986638538003915988e-01 4.002496749317507874e-01 4.058818823561693434e-01 3.980037423715803158e-01 3.949144956560263764e-01 3.983060711235123508e-01 4.028044592226774911e-01 3.848358901006134203e-01 3.877073721873528500e-01 3.855346013187869181e-01 3.944322719066610805e-01 3.964421260403951930e-01 3.908107471042845948e-01 3.885095727097119811e-01 3.905208613147724828e-01 3.942254113073461741e-01 3.933107960213114151e-01 3.827001594695382813e-01
4.565675702752308718e-02 8.729860745997497506e-02 3.598663818584701413e-01 1.000000000000000000e+00 3.752259164372987454e-01 3.887237183220372816e-01 5.532203485730374792e-01 5.618600875022079499e-01 5.686476080104473363e-01 4.625101539258837935e-01 6.029808678323372861e-01 6.553114048936231617e-01 5.390478324313525693e-01 4.727482611617966346e-01 6.140510841234992911e-01 6.246398337033572945e-01 5.472321313412281674e-01 5.455597212790814776e-01 5.522837339499594433e-01 5.193158126653134588e-01 6.250166007390813849e-01 5.877086791727552662e-01 5.685133062361933387e-01 5.464805449608739485e-01 5.562027172865036118e-01 6.265527958143752851e-01 6.189519307699868911e-01 6.134080700823537624e-01 5.864189887248661970e-01 6.083912647344930091e-01 6.453227962883437696e-01 6.341587051925205998e-01 6.067556885548487378e-01 6.188570234797384773e-01 6.220287801002014616e-01 6.269041586821566536e-01 6.218276276234304678e-01 6.337863788177851010e-01 6.467184839202906321e-01 6.249761328145451156e-01 6.309528486463510388e-01 6.400377236739618336e-01 6.538667643997769785e-01 6.552483013304013504e-01 6.400748002102917278e-01 6.207814974491265847e-01 6.175306905926954970e-01 6.180290951319535875e-01 6.292785067431022616e-01 6.359385809857802663e-01 6.426854831700885562e-01 6.370049504799890627e-01 6.339324434050614965e-01 6.121416482433613693e-01 6.273030050139684066e-01 6.307559274953189465e-01 6.327452131186400708e-01 6.322648543129094634e-01 6.244201007319698515e-01 6.293273675085675478e-01 6.434621781119852502e-01 6.264097139821669380e-01 6.341259771196902095e-01 6.341872838545060675e-01 6.104563290120670338e-01 6.246956062254492847e-01 6.124266349329074988e-01 6.279959229565542644e-01 6.231043112106013915e-01 6.371931019406642527e-01 6.428656495855724629e-01 6.223313872560654048e-01 6.166307299199087488e-01 6.229171579814632986e-01 6.262245989838659543e-01 6.338635769724744184e-01 6.230800699145662147e-01 6.174119527926837936e-01 6.216327735225823936e-01 6.237591274817622100e-01 6.278008264883514489e-01 6.315687422185880529e-01 6.383571484555065068e-01 6.245261721487509465e-01 6.455948402286183496e-01 6.309062821213367034e-01 6.354535455471208572e-01 6.399160800183749664e-01 6.383993647074328592e-01 6.307879132158480395e-01 6.383304987452437240e-01 6.319466112437582828e-01 6.344229285313631728e-01 6.343945477225721996e-01 6.259791029244723415e-01 6.222901493825783170e-01 6.472103185869564346e-01 6.423828196095058285e-01 6.442951047631194639e-01 6.437370823997041747e-01 6.461329661693877568e-01 6.464434877190058382e-01 6.328241557198475142e-01 6.376244353155157141e-01 6.418619482172043256e-01 6.388607952066740481e-01 6.320843308687406070e-01 6.175858497095618738e-01 6.235436612107787546e-01 6.339165820972186838e-01 6.289885237448907818e-01 6.269343945647003480e-01 6.370315485891699936e-01 6.410960355746357919e-01 6.240386714677996771e-01 6.269180435982154576e-01
-8.618394925656587546e-03 1.004812315873878925e-01 2.438803288590917218e-01 3.752259164372987454e-01 1.000000000000000000e+00 3.092242632032980998e-01 4.758887600681053764e-01 4.644924862446683234e-01 4.230015457996436079e-01 3.666547564492054212e-01 4.684093132230451872e-01 4.882404613059556642e-01 4.753092018990543455e-01 3.816263599032048148e-01 4.905612753099345413e-01 5.150892083154534618e-01 3.962534116732709388e-01 4.217227784320866646e-01 4.319679887281468456e-01 4.222877947718791103e-01 4.748311693283186474e-01 4.717975636257138450e-01 4.304655820894741081e-01 4.256573384853772346e-01 4.456561504860004352e-01 4.898550699447176138e-01 4.775769294547737021e-01 4.563177567935521872e-01 4.345836023951272775e-01 4.539466552540243338e-01 4.909315095390398009e-01 4.938647539222473237e-01 4.541251752734038472e-01 4.668393738058922993e-01 4.648379546878593227e-01 4.740526561059539845e-01 4.678067109761918640e-01 4.878324955264384810e-01 4.878218912919349282e-01 4.954947447136345273e-01 4.934118979131771332e-01 5.035605743151867486e-01 5.179961101370295085e-01 5.151671309490767348e-01 5.003871783601350209e-01 4.882236523022179808e-01 4.845360353291692790e-01 4.786408549933146017e-01 4.814952406053923384e-01 4.792297357825096582e-01 4.911104140607761015e-01 5.037883902597339869e-01 4.995498220844069026e-01 4.721803134814321901e-01 4.840834641803140048e-01 4.950657688473301676e-01 4.769641746124835269e-01 4.957114415313654820e-01 4.805080962615650431e-01 4.964528854555240733e-01 5.023641996245201691e-01 4.889925371697149692e-01 4.919957849723797794e-01 4.819944242963800640e-01 4.794619695152796401e-01 4.880782487632803757e-01 4.762203689096248804e-01 4.938904524558384579e-01 4.839404751864113119e-01 5.030568404815253247e-01 4.995598429329074497e-01 4.865118351441362621e-01 4.847061126272854681e-01 4.891989337679882310e-01 4.838037454642823976e-01 4.855158366225392208e-01 4.768187500682907753e-01 4.739250012820122593e-01 4.862470989464992011e-01 4.745119636923536555e-01 4.789023165292872752e-01 4.815908577497328147e-01 4.837941438339633526e-01 4.771383157319902257e-01 4.946148196591952373e-01 4.850606302099112477e-01 4.874976948594003101e-01 4.971078717620546206e-01 4.919294907687243312e-01 4.820322399521110857e-01 4.965744257881029577e-01 4.943466699859066504e-01 4.912893316071807459e-01 4.934902372893376632e-01 4.873344546015932477e-01 4.818568129901147357e-01 5.003685783945487353e-01 4.812302198031975786e-01 4.977825858984881169e-01 4.986944546895130115e-01 5.068582565533352735e-01 4.936508359691212933e-01 4.918714136502113643e-01 5.006510552079994625e-01 4.939050517186863720e-01 4.777863352166885624e-01 4.859427479221080648e-01 4.786305970585136293e-01 4.809175986867527675e-01 4.959468751507337680e-01 4.911875200392837315e-01 4.909093683270455144e-01 4.888206533264823905e-01 4.929747580165996235e-01 4.803342214810081279e-01 4.830912914095258914e-01
-2.130137221696849943e-03 1.471314949515679371e-01 2.458810467867557914e-01 3.887237183220372816e-01 3.092242632032980998e-01 1.000000000000000000e+00 4.957263381383328893e-01 4.603542936873207814e-01 4.873376783748870067e-01 4.716833589390569403e-01 5.465245657958446301e-01 5.548568327387123356e-01 5.237910507449826669e-01 4.331831641735416349e-01 5.672826579721322870e-01 5.577113884816068401e-01 4.751047472369187563e-01 4.846137707537901407e-01 5.087784266819489476e-01 4.488251807733411591e-01 4.991557181882714800e-01 5.115659063643166471e-01 5.039483178732599988e-01 4.959872232939921410e-01 5.101895437374006637e-01 5.500132687070621307e-01 5.461731461780104935e-01 5.415623754184500926e-01 5.253921391505609328e-01 5.496983354734736871e-01 5.770180408380004566e-01 5.601418616513359483e-01 5.272726521885361395e-01 5.549325584890926200e-01 5.420004999120336953e-01 5.329404726753015353e-01 5.645069305767057566e-01 5.693544812971549351e-01 5.765360171847041526e-01 5.644628481096380934e-01 5.776642148259992782e-01 5.785254090821509987e-01 5.815152975404295210e-01 5.905418752721335318e-01 5.775527868235662554e-01 5.806855613325613286e-01 5.905964899233839827e-01 5.853332489130983474e-01 5.807385842924229769e-01 5.532742378163730823e-01 5.765010077360188667e-01 5.630196703488142829e-01 5.810907603229411578e-01 5.805460275998441944e-01 5.811832717960975225e-01 5.821290582020273163e-01 5.670909472400925688e-01 5.858326301838329142e-01 5.864885802580743768e-01 5.891407301581276235e-01 5.856713095801311386e-01 5.846726632939757140e-01 5.881412542786894626e-01 5.709896429015794972e-01 5.692218005319690244e-01 5.773322408435638264e-01 5.799823418582960022e-01 5.865162082291254242e-01 5.854711823110034796e-01 5.871817533891401375e-01 5.865435198485922097e-01 5.837866405746573450e-01 5.816927964572068399e-01 5.815065605890330502e-01 5.877234119018718284e-01 5.867003832275050623e-01 5.859566069238110186e-01 5.778281567014063036e-01 5.876592808269538448e-01 5.880858087545866031e-01 5.888534016528618187e-01 5.899529939721434024e-01 5.817960091512597298e-01 5.837457743000747934e-01 5.814314534797910827e-01 5.862069894368306944e-01 5.869180332528559640e-01 5.885140456233415307e-01 5.887677261848091037e-01 5.853025993536059568e-01 5.879454007592886944e-01 5.918551337027593284e-01 5.894599083873750534e-01 5.945278485319904771e-01 5.908204449554781412e-01 5.898310078781601185e-01 5.745408302685329760e-01 5.597495480977752180e-01 5.828894598916888325e-01 5.847993693151122274e-01 5.909923953595915824e-01 5.856006466309366942e-01 5.857400847893967644e-01 5.885429568603398609e-01 5.817748323833258350e-01 5.706508295760374105e-01 5.807329068220171697e-01 5.882769737737957305e-01 5.859250729285266912e-01 5.888996031619865290e-01 5.897962903169348126e-01 5.868916268797605973e-01 5.836563071928875246e-01 5.803719064956317508e-01 5.804199832474781218e-01 5.804344970692947303e-01
-9.075917517550361260e-03 1.632996836331704338e-01 3.348749215053884454e-01 5.532203485730374792e-01 4.758887600681053764e-01 4.957263381383328893e-01 1.000000000000000000e+00 6.715156320175367233e-01 6.580402766573705264e-01 5.891946801648435539e-01 7.168099003290711035e-01 7.556367025376066193e-01 6.847641842360290276e-01 5.747534064242149077e-01 8.151742493493406849e-01 7.831628276370214969e-01 6.179536340499189873e-01 6.329550811708126723e-01 6.601783417880008331e-01 6.504887392787892519e-01 6.710533279745619639e-01 6.606697663922025399e-01 6.741856878496894634e-01 6.354011068982279298e-01 6.403092221084564217e-01 7.379188707534508618e-01 7.208149224000751643e-01 7.157389241238715227e-01 7.004381281338221132e-01 7.315612730204380521e-01 7.799266967823796914e-01 7.585212812928888715e-01 7.121446496710409635e-01 7.394599169627844581e-01 7.379410685255479718e-01 7.160649031796644248e-01 7.505355093773221631e-01 7.603933206655510979e-01 7.699392793689777692e-01 7.462667550539379135e-01 7.547120988074118575e-01 7.619560723569051008e-01 7.742493853226917189e-01 7.847878776611618701e-01 7.565722510080333807e-01 7.738732296382007103e-01 7.588093188855770110e-01 7.624617141305962686e-01 7.501052977316102766e-01 7.309144396975097990e-01 7.571701642523717135e-01 7.293420012941755903e-01 7.573538528779106827e-01 7.583962878907754002e-01 7.686513894289543902e-01 7.544899867486623002e-01 7.524352657336393913e-01 7.776257296460773460e-01 7.709240929846693513e-01 7.669459261801909733e-01 7.745581319440303369e-01 7.784624167483791268e-01 7.785833750240235274e-01 7.528871947057153013e-01 7.358052348520748298e-01 7.603359347470866059e-01 7.552472882211239691e-01 7.636887344707042891e-01 7.727610358437622118e-01 7.785253664740831026e-01 7.587538723789887252e-01 7.526562209399526582e-01 7.568210463069797722e-01 7.412906146229935045e-01 7.635954834180354034e-01 7.644702775412098861e-01 7.617747761964005493e-01 7.562347096148136494e-01 7.638453184026984255e-01 7.637034632465574679e-01 7.663862913688946898e-01 7.733450065998452860e-01 7.565018296575206636e-01 7.667188556944751765e-01 7.673613104366070470e-01 7.686447043356968711e-01 7.671597613539201665e-01 7.755235076807055483e-01 7.742484079967555388e-01 7.550771097681870936e-01 7.671682423685585173e-01 7.707057474176800538e-01 7.634860237220177925e-01 7.750617525168379540e-01 7.629366560025462318e-01 7.639908329250419960e-01 7.483398822400854078e-01 7.400587345858405941e-01 7.688559207873486567e-01 7.652775511296884270e-01 7.702669005984256190e-01 7.682150103320826151e-01 7.578996731795915043e-01 7.695106858432083641e-01 7.544161967047051665e-01 7.508616678621867768e-01 7.572087796787921876e-01 7.619971637932052566e-01 7.617665185018341889e-01 7.679362597015069181e-01 7.721735623342590449e-01 7.620523954614792927e-01 7.678078040177451768e-01 7.614895109845950527e-01 7.502295245934752499e-01 7.565240796794351352e-01
1.286509923109721391e-02 1.197820362491639756e-01 3.395579563965555048e-01 5.618600875022079499e-01 4.644924862446683234e-01 4.603542936873207814e-01 6.715156320175367233e-01 1.000000000000000000e+00 6.472307522824409798e-01 5.674855562509300011e-01 6.959886919698422547e-01 7.375701157261010943e-01 6.678954824677684199e-01 5.489156567733360914e-01 7.495805781716589067e-01 7.692924334162921651e-01 6.218609791441547241e-01 6.200138877937809712e-01 6.437592933476379287e-01 6.008208013255714741e-01 6.821228079671547428e-01 6.752898919983225667e-01 6.606062318056160620e-01 6.182629493633766682e-01 6.454605335248797537e-01 7.275576442242325248e-01 7.113853933359819415e-01 6.982309479694288612e-01 6.928013360860174608e-01 7.009561163900580594e-01 7.425254852061605737e-01 7.410355918229049044e-01 7.029108230907440413e-01 7.280279575378769685e-01 7.204063102620934522e-01 7.111730912798702731e-01 7.143617325654627592e-01 7.608591739706160872e-01 7.559370543800172371e-01 7.352042798664646384e-01 7.423665592041103212e-01 7.545673430506669721e-01 7.626949004152125955e-01 7.678264569172765786e-01 7.471529403580315920e-01 7.449930652905860651e-01 7.424876765098240572e-01 7.462473472699250321e-01 7.417087813731283452e-01 7.461932108304529798e-01 7.598235199345683144e-01 7.355555714442330029e-01 7.497005586058029802e-01 7.378172172990403732e-01 7.547352220502743236e-01 7.510652233416384993e-01 7.511290318404382216e-01 7.602651430279604439e-01 7.604764656756103358e-01 7.518772596319228674e-01 7.632472554582738766e-01 7.595423148039625039e-01 7.608878782406613972e-01 7.493501145386507467e-01 7.273171580837843875e-01 7.452801243491622429e-01 7.363685422761523380e-01 7.445969529308309465e-01 7.465620299558353157e-01 7.510266148569999523e-01 7.525389491984019186e-01 7.404284923161239540e-01 7.314685459505827492e-01 7.312476924219543095e-01 7.452341477096622313e-01 7.438251454540781848e-01 7.406349558317553150e-01 7.401271608123167756e-01 7.393253968960269429e-01 7.399517810816327312e-01 7.451032924553522285e-01 7.479115109264660166e-01 7.497885349957377210e-01 7.453767548035858947e-01 7.625907738172876815e-01 7.480245363596513819e-01 7.502417679422388463e-01 7.665380294465563571e-01 7.586456161469314896e-01 7.492760889108294187e-01 7.530166644968500078e-01 7.552917375519307974e-01 7.500636492183395676e-01 7.551297882537282291e-01 7.473326646163782616e-01 7.455417246833649925e-01 7.580134406496401578e-01 7.458159330345813798e-01 7.615139599515513558e-01 7.593197466912774418e-01 7.635614813914165522e-01 7.623572093006698580e-01 7.480113003271480210e-01 7.605831165320656728e-01 7.519678442878633406e-01 7.508102351144299025e-01 7.509235465258059516e-01 7.441246720652232582e-01 7.503008411376116404e-01 7.583267815917348331e-01 7.597708707613228807e-01 7.478324065773975793e-01 7.572285074444528030e-01 7.562712959468578244e-01 7.406829543026520746e-01 7.448496486290511198e-01
1.198488297785021417e-01 1.458965056014248918e-01 3.792280147426556058e-01 5.686476080104473363e-01 4.230015457996436079e-01 4.873376783748870067e-01 6.580402766573705264e-01 6.472307522824409798e-01 1.000000000000000000e+00 6.655104061785354075e-01 7.914098945062688628e-01 8.062245183363691003e-01 7.120855867546327378e-01 6.353407187416074686e-01 7.985020854455732175e-01 7.947286738991440336e-01 7.812284935581104151e-01 7.418674470466314341e-01 7.583152406302675619e-01 6.342152232884556984e-01 7.126310760604558370e-01 7.541767702692118158e-01 7.594151911650127706e-01 7.236903257304855286e-01 7.482860839291066712e-01 8.365569512618200587e-01 8.210812459532800256e-01 7.912601897307751653e-01 7.808642146123343508e-01 8.207460465454380349e-01 8.453718643976305680e-01 8.316424770822359314e-01 7.643761271035005578e-01 7.942547480655751668e-01 8.077738167974146677e-01 7.907015189288633117e-01 8.173534958503347880e-01 8.076371275190146193e-01 8.364520646525981373e-01 7.790794772972329252e-01 8.440226126225467418e-01 8.295482727572234261e-01 8.173917662365289827e-01 8.445213275208381942e-01 8.375461699914783509e-01 8.164991352000419145e-01 8.488093622980346087e-01 8.526860186424959354e-01 8.516476977193911946e-01 8.257428231421554132e-01 8.399123755291302285e-01 8.263861492118708130e-01 8.439026541515740609e-01 8.438059805625353071e-01 8.292800087727008052e-01 8.285574517191478527e-01 8.416254555381008640e-01 8.369916799210034286e-01 8.230492055151971131e-01 8.602121265572859610e-01 8.553320129659837123e-01 8.407757384926386468e-01 8.358161075836191278e-01 8.556026570109631635e-01 8.573652235560634827e-01 8.524613528477255064e-01 8.514304689841379892e-01 8.498617303338141804e-01 8.441723036031099081e-01 8.284009574872823745e-01 8.445422723718004621e-01 8.512393390355197376e-01 8.251442985986201517e-01 8.367089392993003472e-01 8.550444841239430716e-01 8.515356251831979195e-01 8.424600915557137748e-01 8.421450789193963837e-01 8.401397681478762758e-01 8.485602131581811980e-01 8.474446487994835575e-01 8.491128420031333057e-01 8.541632727828243343e-01 8.377255016193932979e-01 8.445252601864470243e-01 8.370716160165611042e-01 8.440543668563887936e-01 8.499638259665794893e-01 8.519314610452108916e-01 8.446817954595901012e-01 8.364519601595734599e-01 8.494179203621911034e-01 8.503489425264626478e-01 8.486533798471266321e-01 8.514462133477663786e-01 8.523157783590318282e-01 8.396748950135044520e-01 8.485400756725813842e-01 8.535008123910755584e-01 8.536478079128826391e-01 8.467884557147722369e-01 8.539733942681700940e-01 8.514131245728980835e-01 8.557031458536215052e-01 8.562152963940600214e-01 8.483484433343966291e-01 8.569658680833881492e-01 8.498902076084698942e-01 8.501634143506003882e-01 8.551847811758209739e-01 8.406706361913941494e-01 8.581793529873680271e-01 8.536538289671948831e-01 8.568339673634428610e-01 8.594009193217376774e-01 8.532439159262494854e-01
2.094117054018904828e-02 1.670554548531618666e-01 3.077676925837945499e-01 4.625101539258837935e-01 3.666547564492054212e-01 4.716833589390569403e-01 5.891946801648435539e-01 5.674855562509300011e-01 6.655104061785354075e-01 1.000000000000000000e+00 6.854079152764708249e-01 7.133394864104527500e-01 6.359395816452840799e-01 5.660971514729855603e-01 7.251501082749497451e-01 7.116126677715192139e-01 6.585690963077994731e-01 6.251514685724619547e-01 6.609942275319126148e-01 5.309603757749311592e-01 5.821575126988614013e-01 6.451090822689817816e-01 6.659766904762791651e-01 6.428164722255457209e-01 6.532509042476023486e-01 7.252508267788925211e-01 7.133746596150936092e-01 6.957653129213777765e-01 7.010685963037199819e-01 7.181839201436782671e-01 7.425770419297560432e-01 7.281429740976039788e-01 6.757668580965358052e-01 7.094636971289636218e-01 6.968698593201581026e-01 6.897311244227147808e-01 7.238798144799132306e-01 7.262460359364008022e-01 7.376754919817579692e-01 7.029047816284987871e-01 7.575568631035344280e-01 7.434654700267813165e-01 7.193870043020291760e-01 7.456481598133454236e-01 7.424802749991814554e-01 7.423380216765518291e-01 7.666158594006972082e-01 7.708624752832512472e-01 7.484325748671203371e-01 7.017940591125183536e-01 7.367192799444162166e-01 7.027796723800872059e-01 7.366329782485968591e-01 7.571388786013818484e-01 7.379083132468032824e-01 7.459455442017920435e-01 7.254799705750277772e-01 7.567332474860064551e-01 7.474800886176850012e-01 7.584763491956000303e-01 7.499946746274934739e-01 7.444958867886166676e-01 7.408103267584165152e-01 7.406468913738043502e-01 7.469974050376035901e-01 7.465683586697869911e-01 7.680050304567199726e-01 7.592770783382938315e-01 7.627095467803016726e-01 7.402323367457871450e-01 7.469094842609078633e-01 7.624468748217835268e-01 7.511925178366455347e-01 7.477996405045117534e-01 7.651518861291610740e-01 7.577042715266246731e-01 7.597579234247996416e-01 7.620570635713301844e-01 7.607444315396962864e-01 7.610939576286338548e-01 7.611579382928889137e-01 7.665872760321928991e-01 7.626665405211700000e-01 7.534338299238954040e-01 7.481343283248580445e-01 7.579912230331034007e-01 7.588314797935832301e-01 7.621183293594161468e-01 7.630085300323447006e-01 7.634239301183860515e-01 7.527551371965141014e-01 7.657078727171837684e-01 7.621682378923423373e-01 7.648822181844393553e-01 7.672069081730871210e-01 7.702031433733736998e-01 7.364913833158079903e-01 7.274764273420144534e-01 7.519194220325673417e-01 7.530085257109078167e-01 7.561727609343029677e-01 7.535006993997552804e-01 7.528841468629736688e-01 7.620619576034108889e-01 7.540299356482554893e-01 7.427763570282750472e-01 7.580543274500559647e-01 7.714803516273932571e-01 7.681957940130704765e-01 7.639937367165575699e-01 7.621421069267171333e-01 7.656554311323753303e-01 7.577897890845769480e-01 7.538371089244882972e-01 7.627973685302328333e-01 7.575639725494716092e-01
9.920992947298694353e-03 1.277120844179413239e-01 3.830950287942399557e-01 6.029808678323372861e-01 4.684093132230451872e-01 5.465245657958446301e-01 7.168099003290711035e-01 6.959886919698422547e-01 7.914098945062688628e-01 6.854079152764708249e-01 1.000000000000000000e+00 8.673098720157422781e-01 7.676569802086101735e-01 6.721544670342396444e-01 8.627028721812990408e-01 8.544467293492483684e-01 7.835369640647733558e-01 7.694855494432926157e-01 7.961521941913163314e-01 6.978909857281935247e-01 7.620902280614969548e-01 7.989679278216231806e-01 7.976747729320180502e-01 7.681667203620640150e-01 7.879122603407754388e-01 8.690760049362543649e-01 8.561910388748026346e-01 8.340531380049058807e-01 8.253751776462834311e-01 8.566709994154707575e-01 9.027340721128868095e-01 8.788599512480396170e-01 8.161627425368510602e-01 8.594824885713590046e-01 8.443998774446113131e-01 8.453115275082933033e-01 8.665063723452786082e-01 8.732264098053084123e-01 8.889098019327767997e-01 8.511882933647860749e-01 8.914262880533357913e-01 8.858362971126020335e-01 8.802033896906805710e-01 8.956813082258197056e-01 8.874936011242798850e-01 8.808566060944074128e-01 8.979571300677927637e-01 8.987943582887888416e-01 8.927501535609021488e-01 8.638049327559685908e-01 8.869598620316189175e-01 8.621883263513661078e-01 8.851578738077365838e-01 8.907802063479499655e-01 8.901988156679558895e-01 8.898481562840260262e-01 8.818492241039418422e-01 8.924255490504792165e-01 8.889707859295056247e-01 8.982797549849514951e-01 9.014825136379137627e-01 8.921805194755829671e-01 8.942822540334171011e-01 8.898762177085967062e-01 8.883053974830430466e-01 8.904541258233712453e-01 8.962401908092927361e-01 9.025036237622737767e-01 8.997356851525925014e-01 8.911858350386985261e-01 8.978110214688805879e-01 8.990366488613523721e-01 8.846591570104084257e-01 8.888726946221399139e-01 9.032324163672296180e-01 9.000706306363719378e-01 8.931673581699429709e-01 8.925219239670831861e-01 8.979098002189428440e-01 8.993632847222828852e-01 9.011276256608323765e-01 9.052514456539502152e-01 9.008014044043008983e-01 8.904687536925190994e-01 8.977991539762004702e-01 8.969414402810950149e-01 9.014692405746055348e-01 9.036354799810490945e-01 9.030724998666843639e-01 8.983119924130398282e-01 8.958732261113550033e-01 9.029482097861288858e-01 9.024486171525752942e-01 9.047758126501634912e-01 9.019100469158207733e-01 9.022658026395501407e-01 8.869649263822603213e-01 8.780053871531630083e-01 9.004243759520780266e-01 8.990837567169941424e-01 9.011494764890035647e-01 9.018212199566858489e-01 8.959377620597118730e-01 9.041275465942039125e-01 8.987275557915312962e-01 8.888477857201988463e-01 8.987556529821413287e-01 9.011920221307341272e-01 9.032733633485864333e-01 9.027638975384091324e-01 9.025434608226230448e-01 9.011338010253515662e-01 9.012518245270431105e-01 9.000618431928179008e-01 8.976600439523212405e-01 8.958496227768841802e-01
-9.833772342996474278e-03 1.477954883565559541e-01 4.023616987798314670e-01 6.553114048936231617e-01 4.882404613059556642e-01 5.548568327387123356e-01 7.556367025376066193e-01 7.375701157261010943e-01 8.062245183363691003e-01 7.133394864104527500e-01 8.673098720157422781e-01 1.000000000000000000e+00 7.946120943364041178e-01 6.955283455753509259e-01 8.949082905207289551e-01 8.968422237667253993e-01 7.905157474109066884e-01 7.735808848127759818e-01 8.042590422376760806e-01 7.116043793677357954e-01 8.063223414099298658e-01 8.201835897103495476e-01 8.162993791548995848e-01 7.856113850394806919e-01 8.035887983465398454e-01 8.951237439109397398e-01 8.776926402966344076e-01 8.653152268934938274e-01 8.417742734121775872e-01 8.767112142435179445e-01 9.241530289203122583e-01 9.076415393304795298e-01 8.503539655927786489e-01 8.886443810118158648e-01 8.751318317618727027e-01 8.797717763678025715e-01 8.994432113680304042e-01 9.058065805877951737e-01 9.260190505962636598e-01 8.904695342857326112e-01 9.194805507051596605e-01 9.208442449209901515e-01 9.171871810435094918e-01 9.316018285225633466e-01 9.199816614280014182e-01 9.147323892228308440e-01 9.271974233354444150e-01 9.271219645862469605e-01 9.210069012737767125e-01 8.941293381694946918e-01 9.180042792141718255e-01 8.969427707408481609e-01 9.175726840220731484e-01 9.198395245901057615e-01 9.202338869134208954e-01 9.194327067775027729e-01 9.151081141461728796e-01 9.253822096621278082e-01 9.223526953334311163e-01 9.264629713551754131e-01 9.309114506989404347e-01 9.229770789160678390e-01 9.268421485223937717e-01 9.185593222685974890e-01 9.134869489624457550e-01 9.224856839379380613e-01 9.235890116031084673e-01 9.287421083637777963e-01 9.259939216193664446e-01 9.239310843219976643e-01 9.275646593997441958e-01 9.243669781008927444e-01 9.139863975618502945e-01 9.162465401941587428e-01 9.279415037950212719e-01 9.272821070200293336e-01 9.213064301780531373e-01 9.151045140989371163e-01 9.224973952268097355e-01 9.244997783889433718e-01 9.278632112256043341e-01 9.325740034135535650e-01 9.299055433293531570e-01 9.194259812733499571e-01 9.281020208078670786e-01 9.264317790441256584e-01 9.302352872350909685e-01 9.340435891081459996e-01 9.339737604374624969e-01 9.252815480073557364e-01 9.274060842727580578e-01 9.335677004129612211e-01 9.321363921766973037e-01 9.352877929647973598e-01 9.306742897895334821e-01 9.307467545964954736e-01 9.175295647401753296e-01 9.083416066630565222e-01 9.311248931462591250e-01 9.288376149693472472e-01 9.326735489966426762e-01 9.328806514467977706e-01 9.273092224461596533e-01 9.341647214714996483e-01 9.302399262636696919e-01 9.198705928451634817e-01 9.275620890045905842e-01 9.281774626953560592e-01 9.285807198088057435e-01 9.325677306927619981e-01 9.318597484440286349e-01 9.299246764188623393e-01 9.308115395310451179e-01 9.285797465338068157e-01 9.254796176082319414e-01 9.264907137207707422e-01
-2.539864297812210667e-02 1.328198077229629792e-01 3.163542644088431222e-01 5.390478324313525693e-01 4.753092018990543455e-01 5.237910507449826669e-01 6.847641842360290276e-01 6.678954824677684199e-01 7.120855867546327378e-01 6.359395816452840799e-01 7.676569802086101735e-01 7.946120943364041178e-01 1.000000000000000000e+00 6.212754822660110365e-01 8.123573796823706505e-01 8.079938769970049783e-01 7.067826858315489069e-01 6.683502245592588542e-01 7.026259728739427945e-01 6.187694194181753149e-01 6.893472281017264391e-01 7.068977913202459940e-01 7.064106197446723412e-01 6.873533094231782936e-01 6.991290079795635659e-01 7.837956319275092287e-01 7.725272301684062981e-01 7.515399753181547515e-01 7.384504563134158817e-01 7.728545114915993386e-01 8.159069045878817317e-01 8.019165029748014373e-01 7.359101009642688984e-01 7.754417252324905530e-01 7.663361277210046785e-01 7.635301138999370796e-01 7.880352788507289929e-01 7.950193396895539610e-01 8.174530564813018430e-01 7.744632279281279397e-01 8.274853160887809533e-01 8.194187981615360661e-01 8.143500883462551077e-01 8.313795593288317853e-01 8.168835235786194859e-01 8.092442217938786708e-01 8.362428779056164663e-01 8.378114768388039701e-01 8.237046001921922711e-01 7.838023416039635594e-01 8.141759507161562270e-01 7.986815467643963995e-01 8.253645271213251311e-01 8.277492657742552273e-01 8.203460319563018466e-01 8.135723318352788835e-01 8.093836545611780009e-01 8.353805968677030513e-01 8.215865684578167460e-01 8.422843375147353040e-01 8.369109075482115134e-01 8.288202169205820535e-01 8.273487125144586285e-01 8.184073673860705611e-01 8.201901861831422114e-01 8.307587100640786426e-01 8.353067079709355358e-01 8.336505803791823821e-01 8.341014825953092515e-01 8.315737835610546025e-01 8.262821979326111510e-01 8.274613814523402722e-01 8.258968862338903483e-01 8.191633591481263243e-01 8.347081627651519176e-01 8.275680940360646831e-01 8.229567611861280385e-01 8.189736881533470347e-01 8.258990849627583231e-01 8.283000530724206056e-01 8.312094574366193367e-01 8.382227012700639301e-01 8.295946384093565440e-01 8.206468948317738876e-01 8.290337833098339049e-01 8.305305028967437941e-01 8.319699091407752878e-01 8.380872445931534243e-01 8.359185687874444159e-01 8.300394500175904966e-01 8.251935990129594112e-01 8.392143107099635513e-01 8.361240060302284061e-01 8.392068083412274060e-01 8.424764149543431113e-01 8.416369850106661943e-01 8.203412243405741044e-01 8.101381274250140097e-01 8.352180826668292868e-01 8.322422483952147676e-01 8.401762608341086791e-01 8.368597171533708190e-01 8.363833208321704848e-01 8.431033143646442518e-01 8.324112857899146345e-01 8.228596186483796426e-01 8.353533549788385582e-01 8.394533929798989602e-01 8.377411765557848389e-01 8.431416062157784941e-01 8.391235004907111605e-01 8.445854704681537983e-01 8.385353104044265260e-01 8.365368954053281625e-01 8.331617395936677939e-01 8.369531687202453885e-01
