1.000000000000000000e+00 5.949327566588192423e-02 8.649715864215143379e-02 3.028445987819617866e-02 4.800092887609370973e-02 -1.707957729785483311e-02 -2.049827539680233388e-02 4.940214979968472753e-02 1.802514781347038242e-01 7.942924075037556542e-02 -4.415024132349329444e-03 1.498606917306231391e-02 2.116557630565147480e-02 1.810557679279000548e-02 -6.985808342655957029e-03 1.763416926171155683e-02 1.109718898875334259e-01 2.125233969507184933e-02 4.191571676986619033e-02 -6.758263502339055540e-02 1.345737080315741706e-02 5.648906146614153523e-02 7.312702648745086909e-02 -6.689298501741172687e-04 2.971811249017148465e-02 5.424355074289640560e-02 5.239936844504250457e-02 5.632369525510222061e-03 1.690664880405391354e-02 7.734001799070562566e-02 3.097561013684654169e-02 5.296565962746964396e-02 1.097838233520449618e-02 3.612838553197698227e-02 7.989505161227751506e-02 1.209982785813885735e-02 3.518761892851944573e-02 9.767321767328172172e-03 6.572225681208074006e-04 -2.020662962397908394e-02 1.589217029646635901e-02 -1.814163467769986174e-02 -2.220753990312814008e-02 1.352270093050016338e-02 -1.153322395601026791e-03 4.410734149748043315e-03 1.259525457632125998e-02 3.473810075480968096e-02 1.677415659380228352e-02 3.186036945600798781e-02 2.978892187968575078e-02 1.969206793194899080e-02 4.259969990547941799e-04 4.208749968436974187e-02 3.427065486975517522e-02 2.032467135598105962e-02 6.897372974686435954e-02 2.163832742032855208e-02 1.497008396938911273e-02 4.472160698837417125e-02 1.541659980114883956e-02 2.736700787460553258e-02 3.080424736668461658e-02 4.200341716825375937e-02 6.324875492563733492e-02 5.636876490341759249e-02 2.359539020194391379e-02 1.083902165288136432e-02 2.544545628657107414e-02 -4.529042426324839631e-03 3.543695126538424622e-03 1.861730083231239938e-02 4.016401935113145943e-03 1.905026479501198931e-03 2.412676981206534829e-02 9.341798970855201903e-03 -7.744288906056907666e-03 7.930112168089529720e-03 2.757130889530826166e-03 1.900787735685088853e-02 2.625456803665204841e-02 1.074046298585922161e-02 3.881380621853851992e-02 1.120937169882669886e-02 -5.863159597558557055e-03 6.465627748584158903e-03 6.200647176925891575e-03 -6.088476961047722957e-03 -1.038209648841148351e-03 2.200336140917993205e-02 -2.575830729346458015e-02 -6.414947587152806247e-03 -2.420483396389340371e-03 -3.754326276655265641e-03 4.459434937864679982e-03 1.503425864001521270e-02 3.756124668815286039e-04 3.155985712474831950e-02 -5.420317076908145668e-03 -3.445838731158250377e-03 -1.652044895849044334e-02 1.035324875961473635e-02 6.578994879017147275e-05 -1.074679679524001346e-03 1.049702027672314887e-02 2.676850956490807801e-02 1.489200093451607115e-02 1.911132165658642468e-02 6.474152279518513749e-03 1.594468071969032744e-02 2.946885603260630902e-03 2.675415510299117283e-02 9.417232791002559666e-03 1.781277918234235036e-02 3.551901993761803072e-02 3.201773482310812935e-02
5.949327566588192423e-02 1.000000000000000000e+00 1.044260755698871168e-01 9.720252310525331896e-02 8.326649373080134697e-02 1.246024211094551859e-01 1.409039896846384921e-01 1.205896733243581320e-01 1.657175753457488521e-01 1.962866539918406428e-01 1.401716985420553563e-01 1.631001520404648797e-01 1.460578276481455939e-01 1.442556920749171745e-01 1.763619705569384744e-01 1.634928729746553400e-01 1.782385754776357745e-01 1.267307914306735339e-01 1.517958196408455418e-01 5.042204264134875907e-02 1.238681080490574571e-01 1.489542750712687658e-01 1.878881738095776188e-01 1.312996759714715744e-01 1.281968021290751658e-01 1.860209672903845035e-01 1.685034878251002732e-01 1.596186486441195929e-01 1.689061702390602659e-01 1.721982218313643231e-01 1.825816394139645193e-01 1.881953277508668088e-01 1.751675524912159332e-01 1.883700062924823782e-01 1.851959600698611652e-01 1.508693960539713441e-01 1.625730677191365436e-01 1.901349993652029780e-01 1.695936396801511203e-01 1.652759227855217783e-01 1.761626421867358572e-01 1.634408745784524386e-01 1.440499527506707289e-01 1.647112877388948182e-01 1.641560065136767055e-01 1.754278967900911868e-01 1.694049787997515821e-01 1.773695674879736395e-01 1.727212928349032839e-01 1.614043267993959252e-01 1.717553368274079284e-01 1.164728385414571105e-01 1.331477606698081295e-01 1.761770026140478673e-01 1.812939766402310859e-01 1.792004079127289540e-01 1.661812379425189334e-01 1.681003059529016797e-01 1.792570620358879818e-01 1.758026968167574755e-01 1.614821775919237645e-01 1.736002920696994578e-01 1.690727533279711148e-01 1.607096357656874475e-01 1.708865658224402728e-01 1.607498384853164319e-01 1.755763132064972476e-01 1.707351966227168838e-01 1.782111718334523365e-01 1.522129557367506991e-01 1.628081900523870307e-01 1.656346642533141345e-01 1.716567581195582726e-01 1.573137921472423373e-01 1.759217993068554753e-01 1.730989491247616197e-01 1.685010615802539080e-01 1.690934124302901631e-01 1.747079493448499832e-01 1.771804985524696174e-01 1.740379720925805118e-01 1.767526567952157346e-01 1.818754881073852414e-01 1.796721278259971744e-01 1.714187650964588139e-01 1.816361304005065236e-01 1.681666500046723745e-01 1.796612932708428756e-01 1.736247538855194006e-01 1.790430488716868440e-01 1.663578461624151128e-01 1.664081843414363937e-01 1.635639396314440830e-01 1.703416902244826725e-01 1.752761512779102138e-01 1.783400689429051056e-01 1.572150926504816137e-01 1.560504174518004272e-01 1.619400122724268809e-01 1.736782435560831062e-01 1.590426870773985757e-01 1.680451824206602995e-01 1.582664539180108909e-01 1.630980687656023165e-01 1.565583495935131131e-01 1.638693733547838260e-01 1.728552083702884767e-01 1.798512553829901550e-01 1.755849747175049491e-01 1.755768551234772323e-01 1.736727239397712341e-01 1.732311857345138761e-01 1.718231183469680068e-01 1.666131390484885955e-01 1.696400983030610377e-01 1.676985074645521157e-01
8.649715864215143379e-02 1.044260755698871168e-01 1.000000000000000000e+00 3.203440785726218709e-01 2.414079234981093280e-01 2.490602639400900375e-01 3.692196666319469411e-01 3.299480474984100575e-01 3.487375589730637993e-01 3.087341052716824352e-01 3.723385166136156110e-01 3.781539073550738705e-01 3.460609849477933042e-01 3.364497121119743306e-01 3.779593919740650287e-01 3.700057708719887151e-01 3.632488675332977146e-01 3.955742220108483531e-01 3.983089758091363786e-01 3.021877837716760995e-01 3.587171726481082623e-01 3.768044037821074999e-01 4.237652410037820450e-01 3.859146318781677687e-01 3.965648715315118755e-01 3.895859065037952096e-01 3.816552236160915546e-01 4.095284617038736363e-01 3.848041556494171678e-01 4.055868498160110081e-01 4.084285482573826176e-01 4.103064521973278089e-01 4.156923683225535737e-01 3.985372519960604931e-01 3.920729809121328846e-01 4.040376168696819259e-01 4.186030659842429058e-01 3.882129196949926087e-01 4.074568026978079849e-01 4.134369478709156720e-01 4.008524412785850477e-01 3.896963522433045668e-01 3.914908257453439955e-01 3.907045451265626079e-01 4.143180943997685772e-01 3.836417676787720055e-01 3.863261064987092430e-01 3.842838229767248093e-01 3.792873108533649784e-01 3.825134187861128909e-01 3.786034227679488384e-01 4.036099787185796206e-01 3.943270079931652239e-01 3.717800485197148008e-01 3.483345563545918178e-01 3.811506074552286627e-01 3.598223766109419630e-01 3.701428931179830406e-01 3.473181625585632926e-01 3.762183606188041485e-01 3.683163032884819721e-01 3.610611790521000009e-01 3.631773860402475185e-01 3.707871285885369628e-01 3.809447481939781111e-01 3.699919977936326210e-01 3.868693049888962121e-01 3.999172627546509484e-01 4.076408858847968553e-01 3.978048321990236835e-01 3.926946409175805508e-01 4.001181986671614177e-01 4.082219645860167834e-01 4.092344411246505720e-01 3.940140971654476632e-01 3.935147900110465558e-01 4.019074744687057832e-01 3.900156540230397817e-01 4.008714585347616377e-01 3.908779131504664384e-01 4.039256606528839333e-01 3.992049298348686603e-01 4.028602025747509696e-01 3.963011814314361114e-01 4.040741757303847326e-01 3.938649515319667671e-01 4.034455513842209462e-01 3.990523403778636347e-01 4.000348006412018931e-01 3.992768670615015614e-01 4.137643592258947178e-01 3.970428350430519893e-01 4.026735488600951540e-01 3.967295611101259167e-01 3.873480766093030936e-01 3.852691553735708152e-01 3.969367904822076465e-01 3.863206968247451245e-01 3.856416658449801083e-01 3.956429077229735580e-01 3.936003152322380960e-01 3.870074316658109193e-01 3.890730277920806390e-01 3.901583012901449488e-01 3.968571922922204953e-01 3.846950385662913918e-01 3.844015657316559587e-01 3.830472929919864211e-01 3.882242627754552422e-01 3.838439216094077233e-01 3.818141514220897426e-01 3.831617724446649831e-01 3.816071469860704557e-01 3.846685493277374746e-01 3.898117925963819896e-01 3.781437398652543469e-01
3.028445987819617866e-02 9.720252310525331896e-02 3.203440785726218709e-01 1.000000000000000000e+00 3.565193875944379642e-01 3.734948199411357028e-01 5.814053305194158972e-01 5.601723733377379499e-01 5.669044803740138638e-01 5.283679997939763062e-01 5.981598074679371768e-01 6.267594139733803082e-01 5.645602465446325491e-01 5.770014613960144922e-01 6.248880089446514630e-01 6.112185091524310332e-01 5.582203165473573758e-01 5.625735483794221947e-01 5.710852468403947446e-01 4.678395506271487703e-01 6.044647289016756853e-01 6.013837685482662510e-01 5.644485109181632820e-01 5.332461775677254101e-01 5.441150708059486751e-01 5.897288732527781185e-01 5.789488899135099009e-01 6.021612085880674314e-01 6.148820122418204859e-01 6.126721382183533127e-01 6.348229002801899501e-01 6.075445014129333687e-01 5.875893219434636938e-01 5.738986871708324777e-01 5.713566143630479655e-01 6.225544734649300915e-01 6.210289399750281714e-01 5.922195422118283759e-01 6.331315635020944299e-01 6.194287714541919510e-01 6.277604728520917998e-01 6.203083686269689201e-01 6.302046777609544570e-01 6.386363394994648557e-01 6.443026855100973949e-01 6.175379457082890156e-01 6.195498310083202842e-01 6.241069127015230755e-01 6.181381211563601319e-01 5.794418165586512348e-01 6.012203493640005947e-01 6.317555585261609430e-01 6.379085944594351520e-01 6.052326350931921395e-01 5.750742119851717238e-01 6.012821384380128142e-01 5.911851304707698151e-01 6.244913041391004782e-01 5.861476657930033696e-01 6.238152355875605792e-01 6.243250435522614827e-01 6.114850849598159055e-01 6.003513757765406300e-01 6.175839214745888484e-01 6.214279267315783173e-01 6.233777421302253430e-01 6.263069162508845267e-01 6.266255384702269504e-01 6.249594554108542921e-01 6.331283907779049480e-01 6.411003315501005995e-01 6.330187828161587538e-01 6.146453712780362011e-01 6.242972966706032967e-01 6.273462652144728979e-01 6.262445133599153779e-01 6.301989366757785316e-01 6.309144759032211391e-01 6.310818552588559616e-01 6.270401853336586839e-01 6.251005537411443713e-01 6.349222543428497678e-01 6.368612871329271119e-01 6.244432246325938296e-01 6.313934443718197675e-01 6.192215114093806427e-01 6.348931068891053853e-01 6.356433848638899375e-01 6.348758100438254282e-01 6.339860053879854407e-01 6.422205210937435016e-01 6.363761682676718490e-01 6.441102392970268209e-01 6.350454670155512016e-01 6.280430290117791081e-01 6.251433277798058574e-01 6.352678824107147459e-01 6.275927224037032293e-01 6.350132195078113106e-01 6.354686817564245693e-01 6.426968631406106969e-01 6.305934843302984927e-01 6.405314040720242463e-01 6.411055124794198257e-01 6.449945697535731659e-01 6.329170603857887656e-01 6.291960099965591136e-01 6.190694199687203358e-01 6.276060559536715822e-01 6.328863021340103145e-01 6.306048577238744235e-01 6.319323223444583970e-01 6.315904082336593062e-01 6.363520634773660589e-01 6.303147862071372121e-01 6.330578487871770799e-01
4.800092887609370973e-02 8.326649373080134697e-02 2.414079234981093280e-01 3.565193875944379642e-01 1.000000000000000000e+00 3.321826836244034520e-01 4.435268864931183330e-01 4.659397036069181097e-01 4.629203099030357316e-01 4.143544957989083732e-01 4.606818068651184483e-01 4.875560810938802669e-01 4.646586723894789439e-01 4.579821206236415754e-01 4.883822186113469521e-01 4.996872568686142047e-01 4.423157069972603606e-01 4.336081242587788709e-01 4.610405322513285720e-01 3.565673317370433582e-01 4.687769000395153873e-01 4.738447713675881245e-01 4.295386033435001361e-01 4.294004796475129893e-01 4.510298900428839075e-01 4.829428114813995032e-01 4.627240083873835896e-01 4.611259413512573402e-01 4.775587022656187508e-01 5.060008450928514812e-01 5.058201647638722598e-01 4.859834783123825330e-01 4.200176468233464688e-01 4.678620148146825919e-01 4.639619740347767918e-01 4.728624491991054724e-01 4.802696401463809051e-01 4.796342310977830259e-01 4.894735596761557450e-01 4.653030493463020112e-01 4.973367783227348737e-01 4.908213944591940936e-01 4.860115698354695035e-01 5.062192187302873014e-01 5.066980092013497750e-01 4.965326212781771553e-01 5.008498204993522274e-01 5.011279498746704641e-01 4.987768289256259147e-01 4.784351215845488725e-01 4.887502565475180250e-01 5.047210373715604881e-01 5.081581252951743455e-01 4.886869988598128156e-01 4.766432040310897289e-01 4.941930616736400217e-01 4.780418538612076218e-01 4.935648968072413045e-01 4.755014376485475203e-01 5.097050697614551318e-01 5.034091663645807735e-01 4.937564974736451950e-01 4.857998443612409623e-01 4.947411884766083623e-01 5.055386919119924105e-01 5.008448104597597039e-01 5.040220139780979824e-01 5.068016857826219690e-01 5.123346072933986362e-01 5.119418748296903354e-01 5.098709095297292437e-01 5.116696359389301119e-01 4.999927841513693849e-01 5.094785433542486919e-01 5.070660844778223098e-01 5.019662594526493882e-01 4.954656980895734142e-01 5.038697847408526442e-01 5.079528443125729265e-01 5.066839321936855711e-01 5.069953722420984521e-01 5.099543230288146045e-01 4.994339720973751118e-01 4.950192526590973530e-01 4.994415059976342608e-01 4.985604992019218584e-01 5.033115367817140307e-01 4.992359506476149456e-01 5.040959552025817692e-01 4.968042366615764149e-01 4.941270336700010479e-01 5.043393265054588737e-01 5.056616905239761373e-01 5.062030976541461724e-01 5.049284967606803010e-01 5.042962053033457348e-01 4.963479336694949229e-01 4.918487950900869432e-01 5.006610578360909392e-01 5.006440520913795211e-01 5.058184843785613616e-01 4.956792021352006139e-01 5.105393388596048965e-01 5.083279054429957755e-01 5.124118327435962517e-01 4.896841990568995273e-01 5.031803874451057368e-01 4.994911535946469638e-01 5.016694785055443306e-01 4.999304772012310161e-01 4.949210604747786291e-01 5.079219434748981632e-01 4.994227572084604660e-01 5.058075537093841278e-01 5.059308710865900727e-01 5.031579026503649743e-01
-1.707957729785483311e-02 1.246024211094551859e-01 2.490602639400900375e-01 3.734948199411357028e-01 3.321826836244034520e-01 1.000000000000000000e+00 5.598595548213142203e-01 5.309668825629184630e-01 5.557400568955076503e-01 5.115290402864177688e-01 5.857923758575540596e-01 6.169736410312955943e-01 5.605328554675022001e-01 5.871730918528457188e-01 6.249478485008420625e-01 6.068077945747493152e-01 5.561130583388442794e-01 5.159554072288347060e-01 5.634478717992996710e-01 4.016254324828345545e-01 5.473399971640927619e-01 5.707285411645083295e-01 5.268232595262135609e-01 4.880485307244761262e-01 5.219373308562388347e-01 5.761686178749977350e-01 5.731658636421006481e-01 5.900868606041524966e-01 5.716901978955850616e-01 6.036876119741364510e-01 6.277374944437026372e-01 5.967912422563965702e-01 5.642489194354061155e-01 5.809535748186080983e-01 5.891201586535473878e-01 6.139421296786752302e-01 6.087252232049217282e-01 6.139856404945617241e-01 6.176781204573236206e-01 6.018578259115476836e-01 6.244867432729400702e-01 6.289480425332633073e-01 6.212529776271669135e-01 6.359223230220317769e-01 6.283341778648754428e-01 6.301609984849283475e-01 6.369219450365427582e-01 6.335387039832163225e-01 6.325191515423748134e-01 6.050699558199713612e-01 6.274466745876746687e-01 6.054942741597355571e-01 6.238156009956417059e-01 6.140477333104884528e-01 5.950667362084516299e-01 6.173042229257331703e-01 6.007023154690600553e-01 6.272054639585387115e-01 6.160835372108284247e-01 6.267987788980931008e-01 6.302115072226591730e-01 6.248695664378987047e-01 6.190505052988501955e-01 6.307206730535884764e-01 6.281206422384730814e-01 6.167763457967585516e-01 6.410402271336059776e-01 6.343251063522528099e-01 6.340437480157810057e-01 6.261772389361589530e-01 6.334234405095020559e-01 6.365339457464241901e-01 6.154900304340924500e-01 6.212106145890622377e-01 6.311178665866684634e-01 6.413818880782605758e-01 6.365881200648731975e-01 6.273218310757767702e-01 6.298898855400963948e-01 6.351713318681875275e-01 6.368809999684493794e-01 6.420341595276934932e-01 6.375214246039301313e-01 6.333187282689738407e-01 6.361468603300283187e-01 6.376255004180636510e-01 6.417694264329291132e-01 6.364778231026182453e-01 6.453826643685510733e-01 6.301451212068202024e-01 6.348980693164284483e-01 6.421849121843868913e-01 6.431131970733143799e-01 6.421867413953635806e-01 6.423451898922647452e-01 6.417139003574764411e-01 6.313888247631130879e-01 6.261490536588979472e-01 6.407131936541583528e-01 6.405730349726708184e-01 6.403335134911041227e-01 6.375522480603008635e-01 6.364225101713842925e-01 6.410262525249136312e-01 6.372593674852645718e-01 6.208144304017358950e-01 6.404030304165659881e-01 6.364881736363663389e-01 6.352178828584746917e-01 6.374137008705754726e-01 6.350263846626746922e-01 6.358143361955300721e-01 6.373601197793420381e-01 6.390154941585630688e-01 6.382013356223897871e-01 6.333956299253438171e-01
-2.049827539680233388e-02 1.409039896846384921e-01 3.692196666319469411e-01 5.814053305194158972e-01 4.435268864931183330e-01 5.598595548213142203e-01 1.000000000000000000e+00 7.255657980174435862e-01 7.185610722514709225e-01 6.799102643331571549e-01 7.879959824880522490e-01 8.139721512155227989e-01 7.556466828238573852e-01 7.634611771411717873e-01 8.462392196236945274e-01 8.127906088228421533e-01 7.165265070951655213e-01 7.415442143090139604e-01 7.707912547185185037e-01 6.155451928026577368e-01 7.777962171994380336e-01 7.817558218006829263e-01 7.461171536896435974e-01 7.030460153423839786e-01 7.329035754301580496e-01 7.951909627599238473e-01 7.851421623412334627e-01 8.295077579917315980e-01 8.172109789783521538e-01 8.167350263262357357e-01 8.428452492795341922e-01 8.078781244767544445e-01 7.876745821308170914e-01 7.724531939034683381e-01 7.762487879765972432e-01 8.041092233813236234e-01 8.135753209171027178e-01 8.181270644917367774e-01 8.399599896735788773e-01 8.358718355264760369e-01 8.419272406403915943e-01 8.457392151195183283e-01 8.435708584416964362e-01 8.504274344151748766e-01 8.456356002750016199e-01 8.458684108375070787e-01 8.359495946476762640e-01 8.326941630260256133e-01 8.295045093824766624e-01 7.893591766127884268e-01 8.177207763533057561e-01 8.027701507931340741e-01 8.368035642988861378e-01 8.067943456488166909e-01 7.843662054997823097e-01 8.277825013144225474e-01 7.795196343776444881e-01 8.302878950573797656e-01 8.021742044649555758e-01 8.258310445426003676e-01 8.275610757929180439e-01 8.170709136913830717e-01 8.086612889322236652e-01 8.131991552329078665e-01 8.141178630510738090e-01 8.117247588081230036e-01 8.390199027617700755e-01 8.446015645140021455e-01 8.386503282353576783e-01 8.486257196967462724e-01 8.478520450923556773e-01 8.453805408018707501e-01 8.303193126099768229e-01 8.383248991229275138e-01 8.450931541768680333e-01 8.467866542652690010e-01 8.578252837126532082e-01 8.515091172482250892e-01 8.558687414103648416e-01 8.403527520701817854e-01 8.451542034400174597e-01 8.474004819280809286e-01 8.428147439026084653e-01 8.416245092026961583e-01 8.464687492650512235e-01 8.363970515569991715e-01 8.487414602083406256e-01 8.575197802724464635e-01 8.562185962345528756e-01 8.437128370347832806e-01 8.639464008014008378e-01 8.580062838758488741e-01 8.551699922171552837e-01 8.559373874060577370e-01 8.449305467250391999e-01 8.409366172320658084e-01 8.415230673664375605e-01 8.196850277967561160e-01 8.457352289847930304e-01 8.526353769642770475e-01 8.565856011538707238e-01 8.380014919563768538e-01 8.464778449523463477e-01 8.497766005298453829e-01 8.451832917970737435e-01 8.230965069227882402e-01 8.392809891165415870e-01 8.347837901009983463e-01 8.459585318634795792e-01 8.402805828025080581e-01 8.438651654872864061e-01 8.387980948406215109e-01 8.392596687154771917e-01 8.401275644816790233e-01 8.347520781178756621e-01 8.300949366613945557e-01
4.940214979968472753e-02 1.205896733243581320e-01 3.299480474984100575e-01 5.601723733377379499e-01 4.659397036069181097e-01 5.309668825629184630e-01 7.255657980174435862e-01 1.000000000000000000e+00 7.074902475441560146e-01 6.651636476538548282e-01 7.504450611794354353e-01 7.918330091400745951e-01 7.284594973527926953e-01 7.397439103751641820e-01 7.991817346538456768e-01 8.009950308237770988e-01 7.039678205479590334e-01 6.785786007870744374e-01 7.360939104530327404e-01 5.229898546145616001e-01 7.403223718924252239e-01 7.567793939658055136e-01 6.815564016121810065e-01 6.435040742788752377e-01 6.894802772217214493e-01 7.446396881244385924e-01 7.439974839068497214e-01 7.525877236255126279e-01 7.673122669097711679e-01 7.889391644113421531e-01 8.035402682709867905e-01 7.589198335768898573e-01 6.988997742289254633e-01 7.237642874457446140e-01 7.359515857555740670e-01 7.603476683549822424e-01 7.524934116081841706e-01 7.690377054214235786e-01 7.838320693017520879e-01 7.623582915604955046e-01 7.952952267028520206e-01 7.987025743921387644e-01 7.932000586747758319e-01 8.156696699846150977e-01 7.891714037656021308e-01 7.994964351442588324e-01 8.034349848308053321e-01 8.079767931462451536e-01 8.048474228687408916e-01 7.677503346209625379e-01 7.933927694233480210e-01 7.754527559850791230e-01 8.007058530393370566e-01 7.921777704014161259e-01 7.795417242488484888e-01 7.938039448621742045e-01 7.812178081468231783e-01 8.122982121087608531e-01 7.907876151104301643e-01 8.090707948361348656e-01 8.091653971262803280e-01 8.073217266438393880e-01 7.977656248015919660e-01 8.029665629018194473e-01 7.974384044153547402e-01 8.012114930600419127e-01 8.064600461499431550e-01 8.060503640818819093e-01 7.965138995302319946e-01 7.989337318258725729e-01 8.175564940300859007e-01 8.144943845026532125e-01 7.839950981449885781e-01 7.983825469206303760e-01 8.061889261046584210e-01 8.040797807831939759e-01 8.013486074428565198e-01 8.100175367668370763e-01 8.070853566430987724e-01 8.097808674468750523e-01 8.080906735118247308e-01 8.117747559303207794e-01 8.067970760002823871e-01 7.955020643711517847e-01 8.004125594074199546e-01 7.939606475260558849e-01 8.005864156199320458e-01 8.090377288292860403e-01 8.110746411071654283e-01 8.078721363431408120e-01 7.963809660289709047e-01 8.144767256401564959e-01 8.116673553839244271e-01 8.128208237597104313e-01 8.117390727293181119e-01 8.099865371772835276e-01 8.091709683462405822e-01 8.021779879556537596e-01 8.131440322454833725e-01 8.106164767379586689e-01 8.156600661691617571e-01 8.133430388981417458e-01 8.132295057400414917e-01 8.198047500464353821e-01 8.123069473120390072e-01 8.054214180002607915e-01 8.107369498046582690e-01 8.057999055031140889e-01 8.128050933379962206e-01 8.164529145664609633e-01 8.147486769891153502e-01 8.134017542679803370e-01 8.146008682560746950e-01 8.156028413876830196e-01 8.101778594494329910e-01 8.084703036112428354e-01
1.802514781347038242e-01 1.657175753457488521e-01 3.487375589730637993e-01 5.669044803740138638e-01 4.629203099030357316e-01 5.557400568955076503e-01 7.185610722514709225e-01 7.074902475441560146e-01 1.000000000000000000e+00 7.530205685816249161e-01 7.869837792901767104e-01 8.262620146321177916e-01 7.714461645696926162e-01 7.816965366174738472e-01 8.286085571253528625e-01 8.266402706474326179e-01 7.874352249755357525e-01 7.004619131226191842e-01 7.641373943039484473e-01 5.114381223779773666e-01 7.535498064751076086e-01 7.815793366399768072e-01 7.376007012812904051e-01 6.514451629555285672e-01 7.000672040904097893e-01 8.014081093709909398e-01 8.020098589007903511e-01 7.756853088442768884e-01 7.869987631749507662e-01 8.451764738637917995e-01 8.581513320240884424e-01 8.197664162396002263e-01 7.250715937161842373e-01 7.763708863193276022e-01 8.009834611839043994e-01 7.893313639534308424e-01 8.090705391145309733e-01 8.090750842690883626e-01 8.188142670873737039e-01 7.691667542411523284e-01 8.372783773022369758e-01 8.204262102196526740e-01 8.097583546425425327e-01 8.505703916106964746e-01 8.282852271852243486e-01 8.395514159339088067e-01 8.577000945594905890e-01 8.718402793198412049e-01 8.599410803950086057e-01 8.036253463424977150e-01 8.372878186959464841e-01 8.041852836210801048e-01 8.339094253815689806e-01 8.611890938270233553e-01 8.374462486852201071e-01 8.365608289281386556e-01 8.534863703396172729e-01 8.571169055316297802e-01 8.448624958846187027e-01 8.713792468925033452e-01 8.591365330603271122e-01 8.635933321775161042e-01 8.513344960889379642e-01 8.590988976431109814e-01 8.716929054852110559e-01 8.681125957105085833e-01 8.648854176049891596e-01 8.514491949311316921e-01 8.532016735953629194e-01 8.361338502798431049e-01 8.480212399290978365e-01 8.558463852030758767e-01 8.198853727110307910e-01 8.270394493071633324e-01 8.569672268867718490e-01 8.555069692633353595e-01 8.398296047109421458e-01 8.487051556097804372e-01 8.481160409835606373e-01 8.635924819539476660e-01 8.576326927300115255e-01 8.625811426917369129e-01 8.614498173236981859e-01 8.443447570603318519e-01 8.286747824407761920e-01 8.398963793842232350e-01 8.461856471794350076e-01 8.420209214713190171e-01 8.487226496417143995e-01 8.530712280361447686e-01 8.201522374335336041e-01 8.493750273374431892e-01 8.509325014602509007e-01 8.528138242448595197e-01 8.605865299936225066e-01 8.655500101921539402e-01 8.309891514713075855e-01 8.442229661569881083e-01 8.487321103951834811e-01 8.428943877845711530e-01 8.420809846146628530e-01 8.511630424646451365e-01 8.515594524165323032e-01 8.554419070642617084e-01 8.538707100618330159e-01 8.536775260741290561e-01 8.626739970516312805e-01 8.654700675116291375e-01 8.584661044243394601e-01 8.622511771741842024e-01 8.556317107833539826e-01 8.700485310690035945e-01 8.620184556808798693e-01 8.606780548065664505e-01 8.699504519883743958e-01 8.695407581959861965e-01
7.942924075037556542e-02 1.962866539918406428e-01 3.087341052716824352e-01 5.283679997939763062e-01 4.143544957989083732e-01 5.115290402864177688e-01 6.799102643331571549e-01 6.651636476538548282e-01 7.530205685816249161e-01 1.000000000000000000e+00 7.419951151933462663e-01 7.836475441089273408e-01 7.220234880315027359e-01 7.343654416046440092e-01 7.943549024941963799e-01 7.793710395818079784e-01 7.237084169952309187e-01 6.532297246130044366e-01 7.153413002334663151e-01 4.961139137928158860e-01 7.111926440796296767e-01 7.349484806937151005e-01 6.910536326390674944e-01 6.217129898072607519e-01 6.482109727205942473e-01 7.543491737203147363e-01 7.475236021560639488e-01 7.413298071540084244e-01 7.556476297633225592e-01 7.896898280396065228e-01 8.098303500314956160e-01 7.786799109862471147e-01 6.943164883416992339e-01 7.367157051550990987e-01 7.466563188945002372e-01 7.300152026274505657e-01 7.473127391757152793e-01 7.777795889806332630e-01 7.761294301905129478e-01 7.408184602906970895e-01 8.010075046718351244e-01 7.820201025054883681e-01 7.589504984312365199e-01 8.054683091267048622e-01 7.801882490822106275e-01 8.005018908605679995e-01 8.110629871774059918e-01 8.251101020399121966e-01 8.098200442086380679e-01 7.540495530192995455e-01 7.883774884586913778e-01 7.380196778178801376e-01 7.793290119725936327e-01 8.249192765945667638e-01 8.106658731828880748e-01 8.078112066871434571e-01 8.030120043033337485e-01 8.102808741655539437e-01 8.147176203313859499e-01 8.190069607913226246e-01 8.078933941255257434e-01 8.213148316833238649e-01 8.060079333121500378e-01 7.968287139907751504e-01 8.048873565011458453e-01 8.155345840000712831e-01 8.144851399302164285e-01 8.053680416843247425e-01 8.032652497665817570e-01 7.890924904197401668e-01 8.030763955415913813e-01 8.073194152764460174e-01 7.795739336651915652e-01 7.777419814239353579e-01 8.084574148142080752e-01 8.060883270812040369e-01 7.973392742603275796e-01 8.087757254681733343e-01 8.063739948301631433e-01 8.163175543514475940e-01 8.088893406345268877e-01 8.159663106603226579e-01 8.113612822339671959e-01 8.030385866206218859e-01 7.878960384220691227e-01 7.970811243589430717e-01 7.945372294047531314e-01 8.063993629259130769e-01 8.057682006806237140e-01 8.146684901184906291e-01 7.821279271609343775e-01 8.041369763157517614e-01 8.024223885464081274e-01 8.076499381320420001e-01 8.126907882244179815e-01 8.196360778241664757e-01 7.833113507219453542e-01 7.870436484612117756e-01 8.012436200940270536e-01 7.997567240794339893e-01 7.951049736935236201e-01 8.022828978019791446e-01 8.013522935739089137e-01 8.065090397376541986e-01 7.978787095869650514e-01 8.067848351302784327e-01 8.155856642552207214e-01 8.203527805489954083e-01 8.187647670270997713e-01 8.150136039826555434e-01 8.151826762673953786e-01 8.206396927800131413e-01 8.180400615357902305e-01 8.070168521055358646e-01 8.124875905141055732e-01 8.199902253211501790e-01
-4.415024132349329444e-03 1.401716985420553563e-01 3.723385166136156110e-01 5.981598074679371768e-01 4.606818068651184483e-01 5.857923758575540596e-01 7.879959824880522490e-01 7.504450611794354353e-01 7.869837792901767104e-01 7.419951151933462663e-01 1.000000000000000000e+00 8.753993533822489459e-01 7.975147253825017879e-01 8.136815832082281430e-01 8.883647189612445816e-01 8.641211746171394426e-01 7.759370507214294888e-01 7.490020156313746957e-01 8.020048844953818756e-01 5.866302302639826438e-01 7.851325826294988097e-01 8.035061559647003193e-01 7.609215802569773146e-01 7.046516905229448513e-01 7.433787730161850460e-01 8.363556561187557303e-01 8.360774100640975259e-01 8.447016806035196890e-01 8.434938477909388332e-01 8.744730437698391423e-01 9.007587975104773825e-01 8.555447739356477621e-01 8.044522381578007586e-01 8.245306833447579864e-01 8.346729418623958230e-01 8.513981374874766139e-01 8.611195793491318584e-01 8.644614772351224552e-01 8.810710310455590610e-01 8.549370351462749484e-01 8.834396664567758517e-01 8.897745858805296004e-01 8.798627027080814234e-01 9.011892501301393965e-01 8.861853400356086707e-01 8.930507927358931619e-01 8.999807967313752100e-01 8.999612362771157725e-01 8.983639487327780282e-01 8.523101944332704960e-01 8.800546992284871139e-01 8.499620782853201106e-01 8.829023431859428506e-01 8.824420647546515895e-01 8.592723383858144048e-01 8.789606683840707202e-01 8.571208267481483789e-01 8.911333930409992554e-01 8.766875822308584087e-01 8.912245394976164858e-01 8.957908782548759108e-01 8.894216905719409816e-01 8.799699502014585173e-01 8.830735043340747215e-01 8.810990592928138465e-01 8.824216037016144876e-01 9.004845891569467353e-01 9.006483660329639429e-01 8.972578633022151307e-01 8.913958531657105722e-01 8.982109274631473461e-01 9.015950353317029320e-01 8.729677934357340519e-01 8.802733163595799493e-01 8.999809134334951777e-01 9.001815259523279211e-01 9.000973385129793503e-01 8.992216804010557674e-01 9.017955794871770347e-01 9.043561208775127147e-01 9.021573150709519817e-01 9.073897749193955420e-01 8.971850956013873724e-01 8.972892488309461845e-01 8.957487834430528650e-01 8.957531176275910223e-01 9.010738029198462895e-01 9.025593163997114310e-01 9.060027613022563209e-01 8.970118561780754396e-01 8.965645807157950342e-01 9.066711086277969844e-01 9.073545424949140958e-01 9.085554262813668736e-01 9.066086823827429475e-01 9.060041641515754751e-01 8.921914991288718566e-01 8.833204205300003720e-01 9.020298695486778096e-01 9.026083618695657229e-01 9.044236650886955386e-01 8.980703997518949544e-01 9.033820160593467596e-01 9.067265551667493817e-01 9.017897494717114215e-01 8.862651793062321648e-01 9.036988733322771639e-01 9.022493066822552255e-01 9.050351637705492669e-01 9.012687284714628877e-01 9.011677904801725925e-01 9.028768184892943527e-01 9.033546889550656545e-01 9.014771319004132311e-01 8.982211372078677813e-01 8.968728142749966548e-01
1.498606917306231391e-02 1.631001520404648797e-01 3.781539073550738705e-01 6.267594139733803082e-01 4.875560810938802669e-01 6.169736410312955943e-01 8.139721512155227989e-01 7.918330091400745951e-01 8.262620146321177916e-01 7.836475441089273408e-01 8.753993533822489459e-01 1.000000000000000000e+00 8.303478158100087159e-01 8.595230811701897178e-01 9.274707174146654687e-01 9.128686332865643127e-01 8.224628960903346275e-01 7.742864756460627884e-01 8.349546388543989117e-01 6.048644002556291532e-01 8.321693453799784423e-01 8.461226140221471681e-01 7.857719694419789125e-01 7.273907310540885796e-01 7.680944556252740085e-01 8.731281943427020575e-01 8.697783468917155147e-01 8.686449968508443975e-01 8.711505665832892653e-01 9.068527784626944088e-01 9.400071290918986522e-01 8.901626912020177418e-01 8.205268758168439147e-01 8.557328294007150449e-01 8.596771909992939609e-01 8.847392437485573913e-01 8.841741823486688467e-01 9.053024892258781930e-01 9.151007950266125679e-01 8.827304701889430172e-01 9.245311390197066270e-01 9.241453208287687682e-01 9.187144563210057902e-01 9.424419834754939052e-01 9.219330046079623475e-01 9.356066296740944699e-01 9.435240601108022540e-01 9.441811715859085297e-01 9.418945017122349883e-01 8.936116931155949628e-01 9.252373336920109992e-01 8.944696669285786550e-01 9.284443302168000622e-01 9.281483591058440341e-01 9.074939407026532123e-01 9.226835689771843985e-01 9.094975785035399607e-01 9.370981204734315506e-01 9.264436861718967631e-01 9.411760796381593019e-01 9.402319116419877165e-01 9.400398799494156243e-01 9.291183886711044115e-01 9.331561706705542303e-01 9.313142307002257869e-01 9.330528158211136569e-01 9.462777208666710571e-01 9.418591551637376380e-01 9.355519147893108789e-01 9.306091343998326160e-01 9.429294348400478754e-01 9.441687128227255199e-01 9.113248900928239138e-01 9.199857210189397172e-01 9.429288124110689617e-01 9.433462734562548802e-01 9.360471002963918208e-01 9.387513387024768452e-01 9.402404273189489681e-01 9.450803645780421203e-01 9.408251850911687475e-01 9.499389123738937180e-01 9.407495798860231462e-01 9.347515397143806304e-01 9.320888000123771500e-01 9.342453954688040296e-01 9.401187155033406961e-01 9.429536146884331949e-01 9.468653149376463629e-01 9.398205110882023039e-01 9.299231071870421861e-01 9.467826711214096802e-01 9.472193947499352173e-01 9.484895585852759492e-01 9.494794679908398205e-01 9.494913560162954180e-01 9.333602474637175961e-01 9.311109087632204462e-01 9.471644734802667775e-01 9.444268237718776993e-01 9.469958356769615504e-01 9.448391748257011225e-01 9.452476255148860584e-01 9.508132615871220938e-01 9.455167108697063449e-01 9.344473663098982197e-01 9.496589279866743949e-01 9.457345042572813387e-01 9.473496023273023647e-01 9.475079305006688379e-01 9.461341677096081204e-01 9.499350198867666517e-01 9.492913368037974031e-01 9.492180638399542181e-01 9.468034895633492543e-01 9.456210071572010989e-01
2.116557630565147480e-02 1.460578276481455939e-01 3.460609849477933042e-01 5.645602465446325491e-01 4.646586723894789439e-01 5.605328554675022001e-01 7.556466828238573852e-01 7.284594973527926953e-01 7.714461645696926162e-01 7.220234880315027359e-01 7.975147253825017879e-01 8.303478158100087159e-01 1.000000000000000000e+00 7.779301919344293603e-01 8.522758518814154138e-01 8.420864984973457368e-01 7.557286948605537180e-01 7.210764110054418419e-01 7.733064670064372370e-01 5.480894694341137408e-01 7.592416554370966519e-01 7.827473413914749489e-01 7.383519511313072492e-01 6.777156038646269254e-01 7.169369033398046431e-01 8.056508120906024084e-01 8.122437043829275893e-01 8.015097391942100913e-01 8.012037758174078705e-01 8.365019672537475914e-01 8.575151596585512959e-01 8.189092063946364908e-01 7.517747739671045704e-01 7.812470101346118412e-01 8.022250577782145120e-01 8.154391849739619502e-01 8.203284725330225458e-01 8.180837969712216884e-01 8.404231732203151228e-01 8.017308915689548288e-01 8.485277075311186135e-01 8.441221391247147876e-01 8.375881312165166515e-01 8.629120983927738298e-01 8.460194390898555517e-01 8.544283675410659917e-01 8.641196755872808666e-01 8.674643462010239725e-01 8.612364432440222650e-01 8.010283205967310138e-01 8.362096597913734053e-01 8.130366410914953157e-01 8.493603401439473455e-01 8.529849259999076061e-01 8.307455033471221606e-01 8.399996472086095345e-01 8.325868084654944878e-01 8.612344872390133022e-01 8.389374629586386911e-01 8.693049651642030806e-01 8.651960917466676726e-01 8.595481446139795478e-01 8.469732774070657388e-01 8.541960671819890383e-01 8.569826155433755144e-01 8.577359901237527895e-01 8.668763200522975332e-01 8.650944904754293008e-01 8.606827692548186803e-01 8.540254403897588054e-01 8.636301645100981084e-01 8.668482492528897243e-01 8.385115335679605986e-01 8.428921110123218652e-01 8.667642770998490453e-01 8.658441553263607204e-01 8.583678379035197814e-01 8.602811811680600718e-01 8.603116705118717400e-01 8.687136753571770287e-01 8.650264829726007632e-01 8.706931295906296109e-01 8.641188933840671105e-01 8.602484980256546176e-01 8.528770314835958377e-01 8.544970534827474040e-01 8.638546073283431825e-01 8.613875550048090135e-01 8.676212525958125754e-01 8.620659695890374730e-01 8.500980070374760666e-01 8.674196854184860195e-01 8.688891513719640969e-01 8.698323077996193975e-01 8.702554318009557699e-01 8.705529971150389734e-01 8.498987305136258552e-01 8.464257346986890918e-01 8.642343211810640247e-01 8.609180434398485682e-01 8.651424312057950372e-01 8.624237276726440804e-01 8.648420246420300828e-01 8.706385047343121464e-01 8.657645961996124351e-01 8.579143772637671805e-01 8.697958376479959508e-01 8.681008988199161447e-01 8.683869134242172549e-01 8.680755760235545626e-01 8.651724489462720991e-01 8.734053996714365997e-01 8.698639088866492175e-01 8.704922777546068025e-01 8.691063657501935102e-01 8.679490330686817634e-01
