1.000000000000000000e+00 1.453088524742037757e-01 3.446380025898923560e-02 -3.973749536802039829e-03 2.128671197616127664e-02 -1.993413177213637730e-03 -1.079094884291495644e-02 9.567825427020322168e-03 1.994945536689849419e-01 7.269935295043995771e-02 3.535931967955113081e-02 -9.142675059959574912e-03 3.111370472108420174e-02 -5.986826537213806206e-03 -9.067477293269199726e-03 1.229526599383505212e-02 1.172450781575414963e-01 3.553791216387437724e-02 2.584732584002183073e-02 -1.902410999955810728e-02 -1.348937599129631550e-02 2.077645137879577386e-02 5.192098502614737876e-02 1.034085322358958836e-02 3.043009774176614821e-02 7.763319278795573208e-02 3.639607373262657153e-02 -8.686209790045286427e-03 8.616402737308943849e-02 6.840177724861881692e-02 2.886434209489458294e-02 3.007023243706346410e-02 -1.879666424370859609e-02 1.878879309580388721e-02 3.187590051199104546e-02 -1.486368837424549560e-02 7.532528909237810183e-03 -1.591080813572968988e-02 -1.141747448712383470e-04 -8.312938522457496981e-02 1.703163098493010522e-02 -2.660416244079581022e-02 -5.334621508749141927e-02 -6.228077636733628762e-03 -6.040224552235731389e-03 -8.774374180934317591e-03 1.084605986273147124e-03 2.610929800664762990e-02 1.017276612726574977e-02 1.350906778435662786e-02 9.040025979878981918e-03 6.175560727147751811e-03 4.937920435866723946e-03 5.280893185368325249e-02 3.335183508840996319e-02 3.799442798117678381e-03 7.117721359873535603e-02 6.992413539368701886e-03 7.655643114607701971e-03 4.961660022947866899e-02 1.547511749711167305e-02 2.530931517041689130e-02 3.500424100550874468e-02 6.242424164303056466e-02 7.992702742637772251e-02 6.982058917325244252e-02 2.995329165951367278e-02 1.781556773349010636e-02 2.963939864003557398e-02 8.567972887588469824e-03 -6.418354050802834408e-03 1.658195054774013258e-02 1.858905928610217820e-02 1.098984645072486645e-02 2.373953946056094055e-02 9.273398120569107186e-03 6.063834081820583879e-03 3.094873149365339957e-02 9.794956920272204423e-03 1.998637476252606432e-02 1.768385081407337217e-02 1.301904672826689931e-02 2.712614638600050962e-02 1.554707297817909881e-02 7.976565101073260569e-04 8.095602723902823455e-03 -1.443869007739396852e-02 -6.653279060127022942e-03 -4.415775407003778158e-03 8.210862428996245840e-03 -2.433965856395747460e-02 -9.612299847151027643e-03 -6.800334809202099318e-03 -1.332961293060431519e-02 1.897600212732575634e-03 1.544668700737357285e-02 -5.135801389567653912e-03 4.751724723579613119e-02 2.964175559378015145e-03 -5.485868105576980833e-03 -1.998717559722114345e-02 1.342746224740119614e-02 2.658604387154785836e-03 -3.454806247964670434e-03 1.268212885998810414e-02 4.516691723717973506e-02 1.548152025370558293e-02 2.142607877655788168e-02 1.116984102479503214e-02 1.703631246489501969e-02 -2.625973522870713069e-03 2.898726572842991178e-02 1.217897495705447947e-02 2.692842286030561194e-02 4.809011584927507660e-02 3.664891657869510239e-02
1.453088524742037757e-01 1.000000000000000000e+00 6.534234074118157320e-02 9.302951290003240448e-02 7.876929068812736634e-02 1.065502040610765283e-01 1.292686789361837674e-01 1.094663623679304754e-01 2.152978101165674563e-01 1.997199020804384384e-01 1.480379332973474626e-01 1.404962762799157050e-01 1.234603872655437029e-01 1.496782032256985806e-01 1.459242581231552927e-01 1.390815525584006840e-01 1.828984853433119895e-01 1.317746456645488007e-01 1.585421434069103630e-01 6.674083234424782463e-02 9.016616247633479908e-02 1.275952504717516311e-01 1.264455141041566089e-01 1.086288941909710482e-01 1.456723102846130269e-01 1.671010090468409148e-01 1.613334970385841005e-01 1.462062630124787432e-01 1.702573182420282494e-01 1.544335629258160592e-01 1.573974539464100542e-01 1.455917008658201006e-01 1.122951615826913024e-01 1.351455171063323524e-01 1.506232921414373538e-01 1.080560798344000484e-01 1.324167723041504707e-01 1.370151807327306681e-01 1.410055827790776817e-01 9.701468643050020768e-02 1.526582528093339830e-01 1.364862815084916525e-01 9.769318859335031358e-02 1.361590487580715547e-01 1.331802771353975956e-01 1.530188509059124680e-01 1.500835164452506421e-01 1.716309668613021366e-01 1.537401851824968801e-01 1.227979663368514857e-01 1.373473814941980065e-01 1.275237568412446731e-01 1.456870624244725743e-01 1.809955503895713247e-01 1.679126998945658644e-01 1.577646939514230351e-01 1.670872989407451992e-01 1.479096571805481597e-01 1.492953924267714505e-01 1.680079463257619643e-01 1.435978882377004218e-01 1.524690036981081742e-01 1.543291955639073676e-01 1.683984288587487277e-01 1.794225101885767171e-01 1.713020910603498537e-01 1.672447116080065521e-01 1.590702090987484996e-01 1.577619328557892942e-01 1.392002829882082460e-01 1.425716619463722745e-01 1.553797852485379605e-01 1.582061011634198766e-01 1.401229597464355714e-01 1.563466527171302745e-01 1.571265379829830111e-01 1.569913055155506831e-01 1.644154497022555783e-01 1.572180939675417444e-01 1.587463761310013433e-01 1.565795598412564882e-01 1.535902179429395886e-01 1.603659303316122831e-01 1.582332230526312111e-01 1.512315540873296338e-01 1.567372685169052260e-01 1.350674822749062809e-01 1.528062956308418596e-01 1.533696553072537716e-01 1.590272012093244536e-01 1.412640127415592528e-01 1.519415094812889000e-01 1.459716168659893898e-01 1.463514217033463904e-01 1.573315569654934187e-01 1.626084107034099502e-01 1.428734295451504210e-01 1.673410044403408070e-01 1.494439383343833250e-01 1.463272299020804412e-01 1.342561702460570716e-01 1.547761836736833430e-01 1.417313450245814843e-01 1.485155503320574888e-01 1.509822983292454235e-01 1.674632399911757941e-01 1.624190930578948422e-01 1.664057146049305047e-01 1.600420841015546269e-01 1.574856313691384846e-01 1.519836643467290527e-01 1.611825687565690834e-01 1.538712156163419553e-01 1.590008180243139002e-01 1.631921665470307536e-01 1.626357513616032147e-01
3.446380025898923560e-02 6.534234074118157320e-02 1.000000000000000000e+00 3.718538580375396196e-01 1.879718478464701692e-01 2.699057741309462966e-01 3.810632144992994186e-01 3.657819010551305872e-01 3.622911038823806718e-01 3.086405678996103630e-01 3.690417116939849751e-01 3.971361442871818026e-01 3.468409468698703257e-01 3.462541494507705986e-01 3.778772758215043770e-01 3.826535295651888324e-01 3.599527920558320826e-01 3.475260200054364756e-01 3.651409481439248927e-01 2.614866973320275623e-01 3.695185642691485861e-01 4.027386443008822425e-01 3.576676133582852857e-01 3.279877087861346463e-01 3.707344773745581690e-01 3.816606153167704796e-01 3.781728434748563017e-01 3.826068571924994277e-01 3.977805884001446302e-01 3.879985075290415808e-01 3.893940447616249800e-01 4.005648929614943898e-01 3.836604386746254036e-01 3.888106882875599357e-01 3.923030767497685534e-01 3.830201276294878943e-01 3.922337820717256562e-01 3.987800365283353243e-01 4.034268811015734868e-01 3.919798620268465927e-01 3.916390369654849657e-01 3.847654571060898365e-01 3.947784436547889797e-01 4.035899835861604390e-01 3.976264861376143656e-01 3.908928118755903847e-01 3.812420964219344066e-01 3.789202671607282413e-01 3.753722628524895355e-01 3.951896734820046220e-01 3.909144551128289624e-01 3.728731174475087284e-01 3.748048773124688648e-01 3.671387114195396317e-01 3.644312348486275499e-01 3.904777753466119883e-01 3.738754231451953403e-01 3.780508287343336549e-01 3.692908879576187187e-01 3.714735973409241110e-01 3.819383555030607114e-01 3.729710295333851788e-01 3.812067720167494622e-01 3.768531949620994026e-01 3.766871293195053760e-01 3.657370977464815542e-01 3.817373391198434218e-01 3.859540081452373927e-01 3.896526059515275087e-01 3.860637245117979899e-01 3.961240130970978823e-01 3.881128104573697279e-01 3.778851131833542709e-01 3.822538654884433673e-01 3.882839173040757985e-01 3.843015710921680039e-01 3.864867051383012453e-01 3.908930464243534630e-01 3.844460288744722676e-01 3.854412029339660539e-01 3.805131071344383109e-01 3.824847068680393702e-01 3.954625954008553212e-01 3.903220173857160358e-01 4.022840567003790890e-01 3.953686751676197542e-01 3.864048045611146454e-01 3.920360321089509936e-01 3.876599394433141166e-01 3.911940328380409948e-01 3.942995579722175514e-01 3.904833425735249053e-01 3.843168060390000917e-01 3.883919812444668884e-01 3.775113757807996295e-01 3.795882876153649499e-01 3.951985280145505763e-01 3.791791829430039562e-01 3.781621402062215198e-01 3.935602073612841645e-01 3.867464681550210615e-01 3.878645527385342628e-01 3.765168914461385352e-01 3.905805859080866971e-01 3.830946810781061251e-01 3.806312485112203770e-01 3.803113186739654483e-01 3.773665047763897773e-01 3.833258247959953069e-01 3.813388216631294347e-01 3.851813437424100317e-01 3.766218699326481234e-01 3.802181269954324483e-01 3.812732349877406834e-01 3.767411479866817348e-01 3.700913077206464674e-01
-3.973749536802039829e-03 9.302951290003240448e-02 3.718538580375396196e-01 1.000000000000000000e+00 3.680949946658160221e-01 3.981891453472086173e-01 5.573924701319067365e-01 5.683941966643212274e-01 5.025569983038334909e-01 4.976637083024766928e-01 5.890586937623724095e-01 6.484065943002612631e-01 5.486020888379675720e-01 5.574890707468427298e-01 6.116834627186242823e-01 6.035969649487807898e-01 5.414645584893580388e-01 4.930924977783308627e-01 5.300562994250349602e-01 4.180877760310595659e-01 6.279004722107711656e-01 6.334788299578844040e-01 4.322468860393846035e-01 4.564094503199773167e-01 5.396968117655774888e-01 5.570719374258809031e-01 5.783654156408478686e-01 5.662836165114789599e-01 5.220402764679412666e-01 5.276721168722351418e-01 6.005388166318205156e-01 5.772281949516077093e-01 5.178701417378669403e-01 5.304655304749271716e-01 5.497274825918961882e-01 5.900498007873505868e-01 5.767390920255967002e-01 5.786695898107850899e-01 5.942679817811440390e-01 6.050733963388290615e-01 6.066587066434391273e-01 6.198681360034660193e-01 6.174065004412823132e-01 6.377930649457413947e-01 6.118294684345710888e-01 6.019475015531933204e-01 6.122516736986790553e-01 6.052638094539308788e-01 5.998230851667365471e-01 5.873716177033727615e-01 5.982460023486387835e-01 6.150994368572371140e-01 6.182976068471695008e-01 5.791911459600929124e-01 5.683716414368243930e-01 5.871095975931432953e-01 5.859934897133894927e-01 6.113134778643491973e-01 5.832934211264900748e-01 6.018444204300852363e-01 6.128207555103472037e-01 5.917968117516781978e-01 5.907467559122875356e-01 5.953728787813503676e-01 5.997670503563825584e-01 5.951602290547456375e-01 6.066845648205632102e-01 5.934728338681491966e-01 5.781357661944253046e-01 6.047075799947860819e-01 6.406349401705417890e-01 6.102298536736551204e-01 5.676922148698761994e-01 5.814910847671274086e-01 6.024701663041495125e-01 6.071323352722021172e-01 6.042285678975056751e-01 5.854102661131204144e-01 5.897874750604040761e-01 5.864207967781654984e-01 5.891211633126142155e-01 6.053139718206090869e-01 6.060019828292028121e-01 5.900856264442323473e-01 6.044124279269195155e-01 5.929705008530379295e-01 6.129454645474778918e-01 6.081342041440142010e-01 6.055305038165458287e-01 6.047257810383915855e-01 6.172408769133764794e-01 6.232670857775326478e-01 6.177857678923359686e-01 6.186632044644916339e-01 6.084561502010744638e-01 6.082182871284987913e-01 6.275954114888133706e-01 6.082989205392462795e-01 6.151412419110581231e-01 6.157342629722029059e-01 6.272486241259160877e-01 6.177940380910605933e-01 6.173563457024355827e-01 6.286374001307606374e-01 6.212640666056480354e-01 6.093274723610926369e-01 6.119958683340820382e-01 5.999937579023203460e-01 6.030352077079705886e-01 6.135425458197822923e-01 6.130691206285638906e-01 6.054786899166535452e-01 6.096494830552134925e-01 6.113024852597457315e-01 6.030382459490373215e-01 6.043208632372266687e-01
2.128671197616127664e-02 7.876929068812736634e-02 1.879718478464701692e-01 3.680949946658160221e-01 1.000000000000000000e+00 3.314920010439111331e-01 4.523861954569475263e-01 4.582338836050943165e-01 4.414837338004006795e-01 4.061436484601871899e-01 4.766057457722424062e-01 4.911130465016934066e-01 4.716903805648862136e-01 4.502875121755329224e-01 4.999730618824173578e-01 5.084255867663380890e-01 4.369415814342734738e-01 4.017575262221350640e-01 4.318297984252199573e-01 3.042288341790175266e-01 4.124279402571396358e-01 4.700228844176230214e-01 3.866188441774108808e-01 3.920139105639157129e-01 4.487049142612252184e-01 4.719841147468702980e-01 4.785181439813446791e-01 4.765525952853852387e-01 4.600543470966412252e-01 4.807828863126051289e-01 5.007137724574614035e-01 4.761570488830297876e-01 4.298261599861013527e-01 4.520047696711791962e-01 4.723041474728322808e-01 4.492929271969700600e-01 4.726918697278237325e-01 4.659572639649339210e-01 4.855644433297079954e-01 4.608633920316059229e-01 5.037540438949618116e-01 5.076782189484860819e-01 4.839739657925730687e-01 5.139712287237674371e-01 4.956611807120168689e-01 5.017073378322645105e-01 5.121316773043146364e-01 5.094305468570683448e-01 5.033874720576783091e-01 4.670859866206282240e-01 4.878992762984667442e-01 4.897923690877595826e-01 5.073305326880376276e-01 5.005352985008433286e-01 4.917088570239384615e-01 4.946628928094261024e-01 4.834109137253456145e-01 5.110536939948441271e-01 4.912143571354291027e-01 5.137328245405140548e-01 5.109205360725628253e-01 5.012461878442264762e-01 4.902549528013540048e-01 5.001814037164969973e-01 5.051508627279385211e-01 5.026789424847543097e-01 5.093210385257203043e-01 5.013015821197065458e-01 4.961360350358501314e-01 4.938378307180292248e-01 5.094078214814812267e-01 5.073098121780237335e-01 4.833515088318277031e-01 4.960350916372064378e-01 5.061884350635176277e-01 5.149950021291052060e-01 5.079909534896869250e-01 5.041363695792993038e-01 5.055748334317463621e-01 5.119774551644054039e-01 5.055398943900283326e-01 5.109531869255261594e-01 5.026584426458499122e-01 5.089603349603163407e-01 5.054445933949832659e-01 4.976789993646077437e-01 5.031871267323538843e-01 5.069343487627142597e-01 5.095095835118359506e-01 5.068281015823546953e-01 5.038778770237606341e-01 5.127068990918335345e-01 5.090041352569818489e-01 5.117981487528661111e-01 5.138602284878280857e-01 5.127744430752438909e-01 5.017446537517026295e-01 4.993186852430747669e-01 5.104558334989729440e-01 5.057374890245807109e-01 5.103267539577024392e-01 5.058389467757988811e-01 5.071467298442673410e-01 5.156172484792876931e-01 5.130058282278415760e-01 4.987548310664949858e-01 5.100947598548042361e-01 5.125282668438001510e-01 5.079353117928603334e-01 5.131271861491217834e-01 5.082482956508098670e-01 5.142004696406330400e-01 5.086132918461624408e-01 5.104197633176453808e-01 5.102266588433784777e-01 5.097022840654057418e-01
-1.993413177213637730e-03 1.065502040610765283e-01 2.699057741309462966e-01 3.981891453472086173e-01 3.314920010439111331e-01 1.000000000000000000e+00 5.671880898418346639e-01 5.280963293070145559e-01 5.382365016087402587e-01 5.098326636202790141e-01 5.664507380195960007e-01 6.010769061285501369e-01 5.348240186683214104e-01 5.547416753750430418e-01 6.084715544396174236e-01 5.937354729565929023e-01 5.314096243556926114e-01 5.066759739608325264e-01 5.417115760638586686e-01 3.850976680749646497e-01 5.002277001096819831e-01 5.670463596977569631e-01 5.035434579551987255e-01 4.941187744836376683e-01 5.553181610898002551e-01 5.832645828326284976e-01 5.835569191264096123e-01 5.802796429837770997e-01 5.680789871045039963e-01 5.785451586092434928e-01 6.135139545775251113e-01 5.925306218699599725e-01 5.404251147350620510e-01 5.724101987427778759e-01 5.749640464572324250e-01 5.647859908404873064e-01 5.756226320485980930e-01 5.974001382639195779e-01 6.069716668574318685e-01 5.769296075006759006e-01 6.156011147613803525e-01 6.099310063136378357e-01 6.001373316418419090e-01 6.225133035033821871e-01 6.114550387647440521e-01 6.117726375164288521e-01 6.198288256114989903e-01 6.116390290542915720e-01 6.190910025488269852e-01 5.842718104156719994e-01 6.028902270075635617e-01 5.794242677645757844e-01 6.068487466988986556e-01 6.001152880603445317e-01 5.911196615535002641e-01 6.075643921401054914e-01 5.838757178782966184e-01 6.092510061668946486e-01 6.047630471451324041e-01 6.080083999584579013e-01 6.151632748139310713e-01 6.048257143647899348e-01 5.949055985136677549e-01 6.038362448309523289e-01 6.014779764989832689e-01 5.909064738955686069e-01 6.194694807486404997e-01 6.135881770946629565e-01 6.132005932664600367e-01 6.038826688760763339e-01 6.215490037868354189e-01 6.195678118391080291e-01 6.030289621698893265e-01 6.078116610014466792e-01 6.230633552013752352e-01 6.201133989253283518e-01 6.220119829416064228e-01 6.141855651872057953e-01 6.220769194190384210e-01 6.193089263936121247e-01 6.202124056621081127e-01 6.235286847368268770e-01 6.186167899297893014e-01 6.200782295833305868e-01 6.194525194052727946e-01 6.187401524801675601e-01 6.216362294262324228e-01 6.212124412799869821e-01 6.212475455186067252e-01 6.234233601890681875e-01 6.194040736595439745e-01 6.243784239863031660e-01 6.229068836597999592e-01 6.244268049162153833e-01 6.198457209166687853e-01 6.200746730077922875e-01 6.201159739116036684e-01 6.073691583599655219e-01 6.204854207375324338e-01 6.230378572817357741e-01 6.206957857973033343e-01 6.211327836465923014e-01 6.129182654576167399e-01 6.242883450950127422e-01 6.169567788640224482e-01 6.097117203583244383e-01 6.216444340279386749e-01 6.179601040705212656e-01 6.197027403681656388e-01 6.226467754290433421e-01 6.246907516196220644e-01 6.177603736149414049e-01 6.195287734367538324e-01 6.192106858878515530e-01 6.099516091536184570e-01 6.095190210249049612e-01
-1.079094884291495644e-02 1.292686789361837674e-01 3.810632144992994186e-01 5.573924701319067365e-01 4.523861954569475263e-01 5.671880898418346639e-01 1.000000000000000000e+00 7.269000079478397103e-01 7.067172435456959834e-01 6.832488096538581468e-01 7.650112773366591901e-01 8.128003026324257529e-01 7.325056155811990877e-01 7.366978429254519289e-01 8.413999919911915315e-01 8.075845127210460328e-01 7.093795725073422931e-01 7.186391301428147749e-01 7.322555983508375332e-01 5.698629987339367542e-01 7.145943574908231177e-01 7.825039523834811384e-01 6.888101022673714935e-01 6.753442133307266948e-01 7.558913109646943074e-01 7.926317480522357961e-01 7.870791265478385146e-01 7.987278992862331117e-01 7.806955819746752567e-01 7.880160252281197542e-01 8.306656441918420786e-01 8.042002150458636978e-01 7.440410671138228960e-01 7.685688995496957610e-01 7.878883151296443010e-01 7.615336874504263776e-01 8.007917765221950201e-01 8.160666951111794631e-01 8.277980592281749539e-01 8.024002061129984487e-01 8.313505307043473902e-01 8.404397772023589619e-01 8.240276292963083504e-01 8.413227762106004759e-01 8.365498894527728657e-01 8.321771313253518709e-01 8.307349950046616360e-01 8.271310028514990975e-01 8.312915229480112300e-01 7.998128541718092510e-01 8.201091445607688879e-01 7.857846570985043133e-01 8.181856830889099319e-01 8.082875817608289326e-01 8.089433986697788237e-01 8.252788439076591542e-01 8.003072358117203633e-01 8.247378275988783702e-01 8.179329018749863511e-01 8.165038623914699922e-01 8.320607248815805601e-01 8.202544114104752815e-01 8.155940028495070049e-01 8.101805612386202560e-01 8.077464165634393733e-01 8.041084707694804434e-01 8.326607412042031919e-01 8.317694646197659747e-01 8.302218146227292594e-01 8.328449331175833414e-01 8.406620618974697257e-01 8.356981580806817078e-01 8.156113799683177845e-01 8.232827855566121622e-01 8.378815515786133261e-01 8.381525152479617491e-01 8.417362273748371093e-01 8.292886756525655878e-01 8.356430052125338737e-01 8.371238845933167694e-01 8.359614886749163754e-01 8.376503003186226426e-01 8.357404905841608889e-01 8.393403039239127894e-01 8.366543949245275336e-01 8.335221713904464869e-01 8.355834303704073873e-01 8.455193049530557170e-01 8.404096991002543149e-01 8.396093462609989233e-01 8.465579545399795069e-01 8.458335050745469097e-01 8.401771955886365717e-01 8.455551535305201316e-01 8.313439378681771741e-01 8.322213927256699728e-01 8.363682957936390272e-01 8.130800517713562270e-01 8.348378198006730644e-01 8.414206809280874166e-01 8.418448609109808745e-01 8.356577454458500309e-01 8.284851104163555302e-01 8.401959919135943977e-01 8.267499410203383858e-01 8.170334346561993755e-01 8.308014937831574853e-01 8.281438635266362702e-01 8.374410183240135197e-01 8.341576260286025502e-01 8.398042168124680851e-01 8.248551682538347585e-01 8.309926330260321015e-01 8.264467396778704122e-01 8.197616188705952878e-01 8.182830169405529430e-01
9.567825427020322168e-03 1.094663623679304754e-01 3.657819010551305872e-01 5.683941966643212274e-01 4.582338836050943165e-01 5.280963293070145559e-01 7.269000079478397103e-01 1.000000000000000000e+00 6.906994470898127902e-01 6.514067146054640656e-01 7.470310022971909936e-01 7.949577460242668314e-01 7.243590304663779511e-01 7.058856116157563587e-01 7.934078216225727287e-01 8.021418249691141256e-01 6.844444589641630605e-01 6.776058975628478365e-01 6.870960201886822105e-01 5.314721482838724587e-01 7.008247703701752096e-01 7.472915574191240085e-01 6.353064964758861066e-01 6.403885248540756026e-01 7.092138268794763167e-01 7.424454014831930460e-01 7.331065179225607631e-01 7.310756889508261969e-01 7.448255576819172719e-01 7.386638751073553166e-01 7.845872093384936852e-01 7.734421732505626368e-01 6.774976344799669148e-01 7.355838551407610781e-01 7.351847976048754285e-01 7.446519520708972939e-01 7.565243695104829635e-01 7.746467152324453265e-01 7.838362114347713350e-01 7.561390156207510316e-01 7.951815153611454523e-01 7.905673402647702686e-01 7.883550889782264814e-01 8.126404870346916054e-01 7.957685065106911981e-01 7.900570527066300697e-01 8.044788521374255374e-01 7.991101660619936986e-01 8.023398711368874281e-01 7.691074814869990339e-01 7.899122365702525572e-01 7.537268655640773085e-01 7.876858583821380044e-01 7.843512912730927766e-01 7.860181560983128257e-01 7.837190503956578125e-01 7.880586932598511174e-01 8.036869690266996713e-01 7.973234079786802875e-01 7.960888521111797456e-01 8.063205445720506015e-01 8.004743958661295622e-01 7.973859733660151328e-01 7.937476120959443548e-01 7.839620076173343666e-01 7.852032330952002370e-01 8.025832455184884751e-01 7.976588691083845717e-01 7.953674132713565159e-01 7.976905059576226975e-01 8.098332118783849731e-01 8.009248418079755183e-01 7.805318386533969255e-01 7.837177580399868893e-01 7.990060220737961183e-01 7.986297062959205606e-01 7.950507557727991559e-01 7.974528496161173985e-01 7.955216681629357911e-01 7.950544357040414400e-01 7.950149626701864536e-01 8.012931567448158265e-01 8.046377646233514591e-01 7.957311711191197290e-01 8.025791762602659807e-01 7.968478251120242328e-01 7.997317956073081158e-01 8.071122505768568711e-01 8.021598887186064397e-01 8.019836836563606353e-01 8.009506536606856297e-01 8.090545872973218255e-01 8.058535026526674194e-01 8.068241396758160100e-01 8.018368404520165305e-01 8.030090885273846180e-01 8.122676075784279748e-01 7.960692442006434000e-01 8.072242737420939340e-01 8.083408478065763347e-01 8.078305361896570558e-01 8.090708475859751392e-01 8.033592805515218371e-01 8.133433746298743827e-01 8.024189946884627833e-01 8.002853503760029019e-01 8.045453416757685217e-01 7.991222021576950274e-01 8.078125851747663955e-01 8.084179214273037317e-01 8.115258606964107502e-01 8.022577892118537557e-01 8.064146456456013912e-01 8.029534218645033583e-01 7.923431473859238183e-01 7.991130905262099349e-01
1.994945536689849419e-01 2.152978101165674563e-01 3.622911038823806718e-01 5.025569983038334909e-01 4.414837338004006795e-01 5.382365016087402587e-01 7.067172435456959834e-01 6.906994470898127902e-01 1.000000000000000000e+00 7.485568952690623279e-01 7.928197297029752066e-01 8.008418638753119767e-01 7.587651198124241159e-01 7.494437239642326443e-01 8.183368373086894465e-01 8.145866107119952293e-01 7.754217656698950689e-01 6.978812477853338914e-01 7.211502378801326607e-01 4.920197913370853993e-01 6.503768319416785015e-01 7.472875896008517316e-01 6.803675902496910677e-01 6.520035171723407297e-01 7.503109456136476396e-01 8.094551055990752975e-01 7.907843425347075295e-01 7.699672930885507194e-01 8.097450208419999518e-01 8.107848868969825817e-01 8.384425140154213585e-01 8.166847413289527458e-01 7.124828605063616704e-01 7.690932281882064681e-01 7.942659153830629037e-01 7.613430234648761452e-01 7.939788100955348371e-01 7.992172025960906367e-01 8.147682840773160518e-01 7.325513306458848461e-01 8.430022127017704481e-01 8.114012871029387952e-01 7.780432827875423119e-01 8.324886979352954519e-01 8.171612635096905386e-01 8.233385279258896849e-01 8.485947880537947352e-01 8.618496906208009678e-01 8.450992464965377815e-01 7.943122135894519209e-01 8.307402652267911192e-01 7.915111556862157727e-01 8.279788636952534198e-01 8.580753720522529271e-01 8.380723739833865205e-01 8.295627953720160486e-01 8.455207876183105098e-01 8.400340038383836694e-01 8.368481311350041141e-01 8.660109675438150134e-01 8.496210573531426391e-01 8.485932278658600003e-01 8.385850686811123778e-01 8.606966347655943261e-01 8.714656302245806785e-01 8.628383693374672703e-01 8.609887353514598107e-01 8.445944324919835156e-01 8.437496504645455309e-01 8.242848964967102177e-01 8.306708732873748779e-01 8.516877353033303066e-01 8.245596276154517623e-01 8.334464887963314306e-01 8.526601188115103813e-01 8.477062310124212630e-01 8.434091892074998542e-01 8.551822030976699018e-01 8.419651968388163210e-01 8.500709968139178452e-01 8.520612617572352887e-01 8.550812976214370309e-01 8.547001148391433212e-01 8.464640704964143669e-01 8.395788779087614007e-01 8.396773172183000788e-01 8.368139863877346318e-01 8.381990698479993007e-01 8.433402238014848784e-01 8.437187721348033964e-01 8.231400207097749888e-01 8.411847412311630467e-01 8.426772299897818952e-01 8.394804294186408722e-01 8.523319000108412480e-01 8.565021299015633804e-01 8.250135415147468176e-01 8.527589339714167771e-01 8.437508096175934114e-01 8.426908113865378969e-01 8.294960687232428853e-01 8.506692195584384386e-01 8.468818499785463194e-01 8.467349727115159874e-01 8.501948633338194394e-01 8.543544437572042627e-01 8.545501521179993398e-01 8.598130410456342743e-01 8.504543907993408203e-01 8.553309736474211666e-01 8.450725551785611689e-01 8.629506423747310695e-01 8.518908752362843728e-01 8.577379108806719721e-01 8.675326272349170864e-01 8.609634089670900048e-01
7.269935295043995771e-02 1.997199020804384384e-01 3.086405678996103630e-01 4.976637083024766928e-01 4.061436484601871899e-01 5.098326636202790141e-01 6.832488096538581468e-01 6.514067146054640656e-01 7.485568952690623279e-01 1.000000000000000000e+00 7.451855931376171194e-01 7.660279094930801946e-01 7.189126161916919999e-01 7.227603779135003403e-01 7.852582686418941860e-01 7.777761725264901171e-01 7.076179930462359602e-01 6.417262750710377439e-01 6.749576226059226247e-01 4.650155830106833532e-01 6.228125747522179623e-01 7.029892586630813733e-01 6.461490502452723605e-01 6.013499771401185079e-01 6.911068731667053822e-01 7.721669489119670216e-01 7.501742189003998140e-01 7.445827981768388115e-01 7.658788930754076851e-01 7.564680398093640568e-01 7.986557995258354303e-01 7.767840040223599196e-01 6.938697309821503234e-01 7.436113835758367818e-01 7.578275133858247692e-01 7.246350036564864761e-01 7.611917352815165128e-01 7.784117806136491291e-01 7.894354584752070192e-01 7.300543633422147405e-01 8.102096099932911688e-01 7.860182044099017773e-01 7.539703993891087030e-01 7.914304937885101587e-01 7.824011351468053155e-01 7.973334774978082518e-01 8.132441659079113760e-01 8.277565361414711553e-01 8.168409211319539454e-01 7.630537079858664695e-01 7.956732515790644333e-01 7.325476881296895115e-01 7.885451499655198315e-01 8.145402410042658081e-01 8.043510223740198972e-01 8.069126525034020503e-01 7.996911872033551916e-01 8.000787846760973876e-01 8.104256816530648333e-01 8.115735107980236451e-01 8.051713986262446499e-01 8.074005388822834695e-01 8.054935507551711504e-01 8.078184036806794754e-01 8.051749443978529763e-01 8.055146865342316387e-01 8.192947519116992039e-01 8.035444004810798901e-01 8.067998671527835119e-01 7.867989526946584933e-01 7.938100749415234469e-01 8.114587167874293128e-01 7.845990315019796268e-01 7.881337425287422427e-01 8.173116124084092160e-01 8.112332930238210782e-01 8.103090734441130705e-01 8.189380623942159598e-01 8.109000600577802587e-01 8.135625788463413111e-01 8.161429903484685999e-01 8.180340770416107965e-01 8.163841403256660856e-01 8.131517324010734127e-01 8.063176453941526267e-01 8.106404662354814716e-01 8.066045555260451527e-01 8.144426190388845965e-01 8.142131389121687324e-01 8.132639703837147849e-01 8.017958851695848876e-01 8.117931445527526435e-01 8.095563929930899016e-01 8.092879614259007592e-01 8.189323109644597309e-01 8.219346386568952001e-01 7.951583823142164276e-01 8.045230749264711267e-01 8.101327147329328016e-01 8.105323912681808851e-01 7.993215914334051986e-01 8.126747542257427570e-01 8.085798864480552295e-01 8.082359391351696676e-01 8.052615066903375807e-01 8.084481744530247482e-01 8.194672405868901333e-01 8.221253176271720031e-01 8.187073569078944235e-01 8.158394842384418810e-01 8.138794554814565707e-01 8.184927988980900126e-01 8.173571382348739922e-01 8.160885486579120274e-01 8.157157111090082013e-01 8.158847683652975524e-01
3.535931967955113081e-02 1.480379332973474626e-01 3.690417116939849751e-01 5.890586937623724095e-01 4.766057457722424062e-01 5.664507380195960007e-01 7.650112773366591901e-01 7.470310022971909936e-01 7.928197297029752066e-01 7.451855931376171194e-01 1.000000000000000000e+00 8.720445767135209802e-01 7.858021175273014469e-01 7.953053741222303463e-01 8.755033273568418872e-01 8.545941686514405555e-01 7.743465041043502417e-01 7.330468571679973344e-01 7.672199482845365459e-01 5.559415951433209768e-01 7.358693529057050986e-01 8.101586560526091718e-01 6.944299685613439799e-01 6.888238631832677150e-01 7.848224191714355813e-01 8.356262285196509598e-01 8.319198005755708003e-01 8.306271917864977983e-01 8.303265127721882743e-01 8.294087174499116255e-01 8.771704586021816796e-01 8.500873603452443472e-01 7.638506957270457809e-01 8.034171993361126640e-01 8.324801988179316714e-01 8.205222847590524227e-01 8.471928123766223617e-01 8.513472059600188935e-01 8.715806640419004880e-01 8.213258384639242626e-01 8.861722810246110971e-01 8.788974290434116154e-01 8.617056193326602109e-01 8.922528234233746414e-01 8.774534079231486317e-01 8.830915844405954340e-01 8.970167057034899027e-01 8.976909121685943127e-01 8.924449548667365839e-01 8.484075676986772008e-01 8.772162146011636130e-01 8.430126742185222177e-01 8.820247254675117610e-01 8.850074210324249124e-01 8.726257233994239026e-01 8.750490219468937125e-01 8.729572376475971396e-01 8.870043172257164876e-01 8.801536302525603261e-01 8.931954215891467763e-01 8.955519149315828153e-01 8.880426090021965591e-01 8.795128373881213601e-01 8.867801322613786397e-01 8.860254181690989661e-01 8.826687339213151740e-01 8.995172293368629557e-01 8.885535617148434540e-01 8.798377876832913502e-01 8.782957187233256802e-01 8.913698829754993502e-01 8.949093835029628963e-01 8.634750888683080383e-01 8.760249048291623986e-01 8.961723476212127837e-01 8.953233372085538377e-01 8.934442654946537221e-01 8.915219596724900386e-01 8.897182404244144971e-01 8.904955890740647861e-01 8.922223428443516458e-01 9.010325218280174076e-01 8.935922781702532181e-01 8.894122902801094854e-01 8.893946285844126498e-01 8.850151138455883970e-01 8.942104304247834312e-01 8.925513977547377964e-01 8.955566304464182004e-01 8.892974644805834439e-01 8.908754229315267725e-01 8.986372578469606909e-01 8.979836972891922509e-01 8.989240501369414327e-01 8.980794608096235310e-01 9.001684315946557602e-01 8.854334405237026528e-01 8.883599576712327694e-01 8.979610148631180788e-01 8.957791846842293459e-01 8.952511971311052363e-01 8.984418832591016812e-01 8.964856812892665339e-01 9.003626064056634570e-01 8.972373335203217559e-01 8.910939396986287120e-01 9.013187963092031962e-01 8.977426602368752118e-01 8.979311931899762733e-01 8.998266192091822768e-01 8.958609006917543915e-01 8.993346635069836559e-01 8.992678184979580047e-01 8.992077229737222011e-01 8.962387736776381564e-01 8.955187013175681665e-01
-9.142675059959574912e-03 1.404962762799157050e-01 3.971361442871818026e-01 6.484065943002612631e-01 4.911130465016934066e-01 6.010769061285501369e-01 8.128003026324257529e-01 7.949577460242668314e-01 8.008418638753119767e-01 7.660279094930801946e-01 8.720445767135209802e-01 1.000000000000000000e+00 8.255992046679296870e-01 8.376362888200866719e-01 9.215106971490260035e-01 9.045063034108622446e-01 7.962177671070456153e-01 7.494214083027878059e-01 7.841123271053166421e-01 5.847516992285706205e-01 7.835861407575918092e-01 8.520893244266549704e-01 7.080039727300213581e-01 7.032880672488113216e-01 8.080975519261162088e-01 8.526192243131823778e-01 8.626726085256535281e-01 8.611688406436683874e-01 8.430020774368837122e-01 8.377694933684349810e-01 9.067586111756806844e-01 8.798500953554101445e-01 7.958806966844216291e-01 8.332302654765409988e-01 8.509112972494948801e-01 8.582766893437064892e-01 8.779889701265228830e-01 8.935423743052938184e-01 9.089122382029269920e-01 8.746386938547117129e-01 9.252679018373692887e-01 9.247160006847864322e-01 9.102485520623581072e-01 9.396649631595901386e-01 9.186054686190908702e-01 9.206171715627202712e-01 9.403072855596260604e-01 9.367477731783683259e-01 9.360158099547880584e-01 8.939051111524763948e-01 9.231976962479875315e-01 8.947463272528611844e-01 9.305220855767836197e-01 9.187315873694475998e-01 9.079896806193186176e-01 9.126932471846492811e-01 9.121109181495152818e-01 9.316677634671898245e-01 9.251627683667822399e-01 9.315721632634091920e-01 9.421141315341922118e-01 9.307402281668792909e-01 9.216983356569372621e-01 9.248779975035285039e-01 9.223127888580184841e-01 9.230922027387459261e-01 9.374745340886196932e-01 9.262109763207061475e-01 9.129824647999060794e-01 9.201797966140792262e-01 9.398824882114475976e-01 9.367069860551462401e-01 8.955292675661752355e-01 9.104726887775812516e-01 9.337516711656964619e-01 9.362405068155692511e-01 9.332264738701090412e-01 9.258672331958361923e-01 9.262190412763751102e-01 9.252823088240285099e-01 9.274571466654117913e-01 9.393114064088399218e-01 9.326661953961966622e-01 9.247043019679560549e-01 9.303009160050204063e-01 9.212639738345824725e-01 9.358030277325845026e-01 9.365863109178403922e-01 9.365814629741114894e-01 9.326360715293242620e-01 9.333957871805264039e-01 9.442601864740671758e-01 9.421747612119628634e-01 9.427668848519317191e-01 9.425337624129506153e-01 9.418495385107948925e-01 9.349960558244759801e-01 9.285915821154662186e-01 9.436876099985895827e-01 9.417607833745079704e-01 9.437727769083686935e-01 9.434024861181256050e-01 9.427485904146467588e-01 9.475839108801374921e-01 9.420099519520651610e-01 9.330399843385067671e-01 9.430975354305896063e-01 9.374709995432660703e-01 9.388086230478417393e-01 9.429275390848372851e-01 9.432486278945121372e-01 9.402156808190638149e-01 9.434986970573571163e-01 9.409804339643303983e-01 9.362906308706933078e-01 9.372088748835780692e-01
3.111370472108420174e-02 1.234603872655437029e-01 3.468409468698703257e-01 5.486020888379675720e-01 4.716903805648862136e-01 5.348240186683214104e-01 7.325056155811990877e-01 7.243590304663779511e-01 7.587651198124241159e-01 7.189126161916919999e-01 7.858021175273014469e-01 8.255992046679296870e-01 1.000000000000000000e+00 7.707756687829733222e-01 8.518145900009593818e-01 8.430696614030562808e-01 7.247946187606052471e-01 7.047555804902765342e-01 7.280233884313761505e-01 5.199433905143195922e-01 6.745693426327543651e-01 7.647959636363669267e-01 6.743827828871493679e-01 6.721543328974354248e-01 7.576454055150100286e-01 7.946756511096079167e-01 7.990274578462469579e-01 7.939086655366549561e-01 7.989007506907218614e-01 7.868930467300243592e-01 8.362376696996349779e-01 8.158005533572306733e-01 7.237232375588810163e-01 7.686566220548022299e-01 7.874111612349573575e-01 7.702461737997495783e-01 8.028172180960835291e-01 8.110662219131635764e-01 8.298811487066451997e-01 7.780712772497143659e-01 8.467739228060774392e-01 8.435161404861147849e-01 8.263089286102616171e-01 8.585059646553242496e-01 8.376035384564873842e-01 8.489589598565099315e-01 8.650096807047272796e-01 8.627725162923833846e-01 8.580927126208808264e-01 8.002229813592759422e-01 8.362936316900980716e-01 8.073631608145966920e-01 8.511509424276780811e-01 8.516484247868498780e-01 8.432754533652988549e-01 8.363876994289075606e-01 8.341738033743278935e-01 8.605132879551885550e-01 8.498035598547041269e-01 8.649605406577746125e-01 8.674407188425465876e-01 8.602766041479189552e-01 8.465121753045977693e-01 8.542180606455627156e-01 8.507339627737139365e-01 8.543549545913878829e-01 8.643573091447183110e-01 8.597028809725164589e-01 8.512810081259104544e-01 8.428804499630075941e-01 8.574532140477564290e-01 8.632730861959704294e-01 8.381961857004396332e-01 8.492529301157563104e-01 8.644629848749094680e-01 8.654206484262532140e-01 8.609904541807142930e-01 8.598487849842751940e-01 8.587777631415417501e-01 8.615687637015733147e-01 8.613705538579321530e-01 8.660750695618926187e-01 8.573518046286592309e-01 8.578302189505057074e-01 8.539122483899005411e-01 8.520193454314340942e-01 8.570218072129479614e-01 8.586735138622390018e-01 8.634763858551324223e-01 8.573204440361478218e-01 8.533061281716445290e-01 8.643695534663902169e-01 8.639459781582012887e-01 8.654767843313045939e-01 8.672925650476333015e-01 8.673855426281014136e-01 8.436839172816009702e-01 8.441181239441631901e-01 8.626765403949208100e-01 8.595820166276798568e-01 8.596084647997390693e-01 8.594841299929245615e-01 8.628162500836391580e-01 8.665963710359840810e-01 8.617335484484406338e-01 8.494357936079424132e-01 8.637909121208594554e-01 8.654339056338211655e-01 8.648193608144987277e-01 8.640850718659028873e-01 8.620844301706568347e-01 8.667312493168293219e-01 8.658328036371306657e-01 8.625277994403479642e-01 8.633666052713684369e-01 8.637320607441275611e-01
