1.000000000000000000e+00 1.339106581214205838e-01 5.041809527571294164e-02 1.117159176773365598e-01 7.517313670917423474e-02 3.851616197469802383e-02 4.800653909371726397e-02 3.817282947833023493e-02 1.845473565045716025e-01 1.151531762480088317e-01 2.848493401576886880e-02 6.905667269296941746e-02 4.080706844650568155e-02 1.172186585956561805e-02 2.469920295927218248e-02 6.129123895186496668e-02 1.378405034194790379e-01 3.222657737628239344e-02 7.098044912447178112e-03 5.282840856351694869e-03 7.476104075659203985e-02 6.239030006752191437e-02 3.571532709257659033e-02 -3.345918036550664387e-02 -1.438571755000873052e-02 4.711046004520411806e-02 3.994004446387295487e-02 5.132493007293775084e-02 7.360796045450637703e-02 7.747812891796641843e-02 4.973400075486713451e-02 2.668215039621713372e-02 5.264540220808950829e-03 7.761897914958435646e-03 4.155886595794273941e-02 4.728627950375900724e-02 4.441931880166877927e-02 -7.252921645563273692e-03 2.326233477037870090e-02 -3.453862383724655427e-02 1.329386925732384261e-02 -1.023394518381186280e-02 -5.120025089412545347e-03 2.477589815044905358e-02 2.254796616421268080e-02 2.143254329164304486e-02 9.947131106379694665e-03 3.040640234474322606e-02 2.281616228309152339e-02 -2.802228222659280260e-02 -3.490496318221114006e-03 -1.843688950598188067e-03 4.859999682281548189e-02 6.095502069768277131e-02 4.118554205688411407e-02 3.960657912662089025e-02 9.393643143201327317e-02 2.823113595577797161e-02 2.443735489315913834e-02 7.116599613800728141e-02 3.287261493126335254e-02 5.027940588971673702e-02 4.429508727036376992e-02 6.375106270161631783e-02 8.793977417724016532e-02 8.036664909787218092e-02 2.577943120535355903e-02 -2.467729117559781891e-03 9.297215607749299837e-03 -9.766579251141212920e-04 9.496409344843154826e-03 1.512647699206201568e-02 -1.231580496725660084e-02 -1.374559041830200438e-02 1.614819111776248303e-02 1.905702125007579031e-02 1.349508796185727201e-02 3.307315040126299066e-02 1.355828856285172870e-02 3.148508791689323683e-02 2.801109523007923666e-02 1.559283867114391771e-02 3.207512481724088954e-02 1.663302608816591074e-02 -1.870470570648959455e-02 -1.921357436821880319e-04 1.402546911236210274e-02 -1.732647775288331804e-02 8.116131471522016264e-03 1.153785117258945316e-02 -1.512787107465854604e-02 -9.196328371300077631e-03 5.702571645073682433e-04 3.340377260862693702e-03 3.497237738163871436e-03 1.559744572621743139e-02 -3.209343144595878244e-02 3.866728626645059286e-02 -6.483083330729641318e-03 -2.488860085456984228e-02 -1.138549256585196651e-02 1.330601566713796209e-02 1.240403600738025462e-02 3.819364303949335975e-04 2.073146451923358821e-02 5.687130203362281838e-02 2.141684382195606015e-02 2.001022913429815336e-02 1.148061961630166689e-02 1.715024096866949593e-02 -2.091054422226879938e-03 3.595810480375086216e-02 2.553536062278505270e-02 3.672295119513038081e-02 4.278347272029725534e-02 4.597685758605074557e-02
1.339106581214205838e-01 1.000000000000000000e+00 5.399892055983961103e-02 1.367219763040903868e-01 9.308530507551464328e-02 9.042306653296948438e-02 1.327931558809349877e-01 1.359644161860880385e-01 2.088955622017883706e-01 2.039987772188380233e-01 1.422400945568832176e-01 1.662762930635291458e-01 1.192831959229022354e-01 1.115453117369605562e-01 1.468353784676871276e-01 1.539972723668610044e-01 1.986435681841743628e-01 8.367391873845124450e-02 8.103876405617482792e-02 6.837751823789246786e-02 1.104100732582315031e-01 1.130958001063340629e-01 1.096846833568096147e-01 5.123901667907562046e-02 5.454272055290738941e-02 1.346179111810341389e-01 1.358790819488748525e-01 1.286341205568928558e-01 1.241371657838463288e-01 1.501462338926911610e-01 1.472457918347787609e-01 1.332302572345517300e-01 9.645119047683725633e-02 1.051852918157141076e-01 1.423608056747698580e-01 1.306770203035892974e-01 1.552811061171170959e-01 1.018702816342401396e-01 1.351191202616974230e-01 8.867293944799575778e-02 1.431920095590098474e-01 1.168058140160770364e-01 1.023907522862294861e-01 1.409022778984258539e-01 1.387025430402552273e-01 1.294762070682264066e-01 1.415001917802181930e-01 1.622030232583725196e-01 1.492907134258177615e-01 6.123469673029823673e-02 1.054805864631722379e-01 8.806376467348261960e-02 1.445658108149872334e-01 1.906541164573698488e-01 1.639914953957172794e-01 1.615138661406310405e-01 1.763512983218001595e-01 1.497070716063641505e-01 1.572851758913825504e-01 1.857301043446629440e-01 1.446448185350359683e-01 1.718512888829284990e-01 1.563492425335712144e-01 1.669401374728597121e-01 1.957382280224835014e-01 1.944834663145112441e-01 1.531649930558759976e-01 1.305694346311765675e-01 1.364851139522371692e-01 1.239474805417892234e-01 1.274723319600765126e-01 1.333686708590491043e-01 1.260522869317045047e-01 1.083330338682905736e-01 1.428763256165855866e-01 1.440588508578452553e-01 1.375653917395630310e-01 1.438155739509555942e-01 1.394906980575084665e-01 1.567812882256923168e-01 1.502388562714712661e-01 1.465920035095360507e-01 1.598447853700267762e-01 1.429366221743016696e-01 1.079387656454057348e-01 1.273292517697015014e-01 1.463344387330821339e-01 1.298499385731914091e-01 1.395410617892112459e-01 1.518751693716008377e-01 1.270518090730338723e-01 1.312811359082784457e-01 1.317323596351030190e-01 1.374053989001224885e-01 1.426105826823795275e-01 1.548061186318623605e-01 8.765704127825429959e-02 1.343290475698728781e-01 1.213923378846587381e-01 1.047488919505323024e-01 1.146976358180420846e-01 1.380040090078119563e-01 1.346971704253957791e-01 1.291872310573087823e-01 1.368035012784601656e-01 1.643662398718276907e-01 1.480363247655518411e-01 1.640511445408900926e-01 1.544333372556654371e-01 1.529012010502638352e-01 1.490331197220856052e-01 1.614079672791039755e-01 1.597774931864953951e-01 1.524106522668720320e-01 1.660859299184231641e-01 1.692565378000257525e-01
5.041809527571294164e-02 5.399892055983961103e-02 1.000000000000000000e+00 2.861630891387803022e-01 1.880567482169203386e-01 2.453267919565275124e-01 3.056899045171433960e-01 3.147540661122991135e-01 3.032132586906889360e-01 2.581407329748246493e-01 3.295164098064467528e-01 3.586477031639476731e-01 3.239761735321897151e-01 3.290233567865496478e-01 3.672588860200347582e-01 3.520753844804349053e-01 3.112380148589863893e-01 2.858352413645910417e-01 3.042384680060092883e-01 2.636375940890110514e-01 3.038914128396608683e-01 3.332130020972074447e-01 3.337093769155448086e-01 2.680887383915082078e-01 3.236083512365598991e-01 3.453536358176178545e-01 3.532817986678877253e-01 3.631463077192886302e-01 3.372719569122017980e-01 3.538198225948288589e-01 3.618728117657692978e-01 3.488496623119281548e-01 3.319544955253049268e-01 3.435843669708522063e-01 3.494075936929185722e-01 3.490901051710898484e-01 3.464393912713613632e-01 3.618120297046356626e-01 3.678383000994149832e-01 3.462865517173367991e-01 3.502065429169493593e-01 3.585803397438759865e-01 3.439019042442396645e-01 3.665025477915018204e-01 3.576789035953265583e-01 3.705997387964407586e-01 3.589792299361833083e-01 3.574310785648411870e-01 3.615057310416854852e-01 3.451576747003953227e-01 3.557416230572183480e-01 3.553575785206666282e-01 3.496726592512450771e-01 3.459517718964735811e-01 3.507822415468976884e-01 3.585627854702879702e-01 3.375004081747240425e-01 3.542490158079054652e-01 3.512515412405048387e-01 3.481181401580719648e-01 3.542586177098786537e-01 3.465444138216328129e-01 3.488372348518062882e-01 3.519678559886566527e-01 3.557292737028492913e-01 3.439120540866895670e-01 3.583487109135617410e-01 3.534018767389035531e-01 3.526630093495406459e-01 3.542909893794797815e-01 3.636634001837306118e-01 3.623613173173318436e-01 3.467731303029663592e-01 3.538678638702674739e-01 3.616017818117802096e-01 3.627692220656998368e-01 3.600877863779929355e-01 3.575004810175744230e-01 3.591622087651653583e-01 3.617466714110537662e-01 3.633995824991008705e-01 3.677286226911511968e-01 3.592307777348956455e-01 3.644014468320785349e-01 3.593791137636134780e-01 3.609359794112745323e-01 3.600024590919351231e-01 3.591685133839207511e-01 3.658532484385192407e-01 3.593740277407804218e-01 3.560526117986310690e-01 3.610535445875243110e-01 3.613116408872049101e-01 3.631574157369145683e-01 3.553233784105992443e-01 3.554538758025044820e-01 3.499534612202967465e-01 3.561031522308345520e-01 3.575313128177488031e-01 3.573131406734429971e-01 3.619925686991088409e-01 3.571983994148943964e-01 3.563487998982506344e-01 3.615382729681337337e-01 3.636595795422032928e-01 3.486989940602678306e-01 3.546888843944209779e-01 3.558731499113695351e-01 3.554776669082790885e-01 3.556280524709418689e-01 3.535844444374862117e-01 3.567806182328562281e-01 3.521160554134612486e-01 3.576532867320771358e-01 3.588157710011604662e-01 3.543236804358804726e-01
1.117159176773365598e-01 1.367219763040903868e-01 2.861630891387803022e-01 1.000000000000000000e+00 3.738425474116562897e-01 4.063212368868779345e-01 6.009953300910118035e-01 6.044247446873876051e-01 5.812985527534471064e-01 5.159485658958509191e-01 5.852505708038413523e-01 6.489954971688247642e-01 5.626816040673717767e-01 5.514777740219466429e-01 6.440219668778007778e-01 6.398609761712821253e-01 5.850491499365414461e-01 5.495680485021172679e-01 5.522167832183297875e-01 5.151022634524307087e-01 5.875772362183806496e-01 5.925953425270880093e-01 6.211263499786252584e-01 5.268164031167142936e-01 5.663288493006390922e-01 6.193419412177852967e-01 6.200459712760466591e-01 6.314423465309630945e-01 6.147175348794463590e-01 6.343659633273215359e-01 6.381109393726999146e-01 6.558916214574068704e-01 6.142880966907344753e-01 6.419218779219715287e-01 6.236892710372479165e-01 6.370914981228625873e-01 6.298283159619441074e-01 6.353205789023648187e-01 6.452696947846313646e-01 6.115843390128411494e-01 6.320188630806509167e-01 6.322401130020590676e-01 6.360287294204398645e-01 6.516363736993948663e-01 6.377990880547447228e-01 6.364652627877306346e-01 6.263420690959444759e-01 6.296946490376243988e-01 6.444030749096674171e-01 6.156885072372330070e-01 6.422414028642556838e-01 6.259888346114493851e-01 6.315344309597735739e-01 6.290674997094876097e-01 6.330016252845204194e-01 6.540779631497559699e-01 6.227287793638270896e-01 6.350519343067863032e-01 6.347641410349791347e-01 6.297728969297736734e-01 6.407972177803190617e-01 6.277326011826093177e-01 6.268658061568883610e-01 6.359199019537501441e-01 6.338813395617401980e-01 6.322026649908000229e-01 6.379412646492409467e-01 6.318179457952741718e-01 6.506235241762419186e-01 6.377835220211133249e-01 6.395900311955415862e-01 6.406007189146429859e-01 6.250816001797649957e-01 6.317378165809586221e-01 6.382890724851876252e-01 6.363092183243277411e-01 6.398486908621012770e-01 6.424309488780822752e-01 6.426505752992359710e-01 6.427305381114083449e-01 6.397911546839842867e-01 6.400015889386623247e-01 6.516418449527699996e-01 6.485219040252708789e-01 6.421386151662098474e-01 6.474501689255284242e-01 6.417161225611812680e-01 6.411788738381497543e-01 6.419545968252855506e-01 6.441727954140157308e-01 6.343821876115761649e-01 6.363356233052472888e-01 6.357073940708902748e-01 6.379035173668189396e-01 6.295226247127621022e-01 6.327305914560461542e-01 6.270281179699659369e-01 6.461603197871470528e-01 6.380803022449472728e-01 6.350930740289463250e-01 6.367170596418116890e-01 6.429749286668856589e-01 6.368779752887304690e-01 6.370246391361040761e-01 6.470677313200233760e-01 6.365207816764195670e-01 6.386140316770564374e-01 6.317212118814954369e-01 6.387613403443594962e-01 6.355743153549687774e-01 6.313572626226061635e-01 6.318553849788440813e-01 6.338294114301270543e-01 6.400086940049911632e-01 6.400957781017722059e-01 6.348052882124254337e-01
7.517313670917423474e-02 9.308530507551464328e-02 1.880567482169203386e-01 3.738425474116562897e-01 1.000000000000000000e+00 2.997470780062826967e-01 4.837580279479622436e-01 4.809213564629444271e-01 4.830751948636827775e-01 4.202441521242671896e-01 4.667731031961180888e-01 5.049952986922978670e-01 4.894810989938925827e-01 4.288366970871272943e-01 5.142965548641915685e-01 5.229153006783533453e-01 4.362392523718506832e-01 4.227838018814312204e-01 4.201368741563240583e-01 3.960168330565570494e-01 4.542601729841126978e-01 4.550802454852980738e-01 4.704645767747596685e-01 3.733951195923030930e-01 4.278432536794435359e-01 4.931096858290606733e-01 4.880795949709412773e-01 5.072903136139783609e-01 4.893325558622324545e-01 5.116234766675467061e-01 5.052043648497080985e-01 4.892983952064271502e-01 4.625946560685800235e-01 4.798875866185101646e-01 4.806146224749670015e-01 4.871933874376197515e-01 4.896938536369482287e-01 4.992756263458435484e-01 5.039112376540498817e-01 4.662122729386525277e-01 4.981445474914614757e-01 5.049152614820815455e-01 5.064046993647197681e-01 5.114655584260864307e-01 4.928482851203285775e-01 5.052861980534664177e-01 5.038487378013358775e-01 5.009725871588659452e-01 5.046408457274055293e-01 4.806726593668645409e-01 5.053692793023027985e-01 4.983856673369786439e-01 5.088159558907209279e-01 4.961089394978425715e-01 4.947208876867705274e-01 5.033738904184357210e-01 4.826009405881994119e-01 4.991385774933427277e-01 4.902988790615761538e-01 5.012403452798882553e-01 5.134733486967233418e-01 4.906289846827507906e-01 5.008111774897393564e-01 5.078434612794875402e-01 5.012499361131396158e-01 4.995824805207785269e-01 4.984032035837507313e-01 4.881133914706825561e-01 4.979448288763656527e-01 4.854884038859355044e-01 5.006657182472572520e-01 5.010722569406539373e-01 4.750112623776511778e-01 4.887625348377971357e-01 5.067025659887703926e-01 5.044191000921801615e-01 5.063981678885517423e-01 5.075512353136891752e-01 4.996436243641921293e-01 5.052025864646301212e-01 5.057421950648809394e-01 5.055997908027201060e-01 4.962887976133493195e-01 5.050070945879839845e-01 4.999825205028139430e-01 5.028562230673492284e-01 5.030362030360051584e-01 4.922826537510723854e-01 5.040640207805103801e-01 4.947134721141348557e-01 4.930086385779391400e-01 5.003465185735203047e-01 5.016475517067323642e-01 5.035452666041162484e-01 4.982940714521589265e-01 4.999571430921480042e-01 4.973892971034641342e-01 5.067751809265375051e-01 5.038372161983264430e-01 4.991943354289837820e-01 5.088410216029726207e-01 5.026403225657339879e-01 5.061755238357222852e-01 5.087405142960973459e-01 5.083250575516129466e-01 5.011089965152388803e-01 5.014920052666813621e-01 4.976216819523814894e-01 4.996059191813718159e-01 5.006972794069264321e-01 4.849655045448851842e-01 5.002820950395688859e-01 4.922286798452276124e-01 5.083331023319159758e-01 5.025116321778543282e-01 5.002439426214163598e-01
3.851616197469802383e-02 9.042306653296948438e-02 2.453267919565275124e-01 4.063212368868779345e-01 2.997470780062826967e-01 1.000000000000000000e+00 5.123328843699511692e-01 4.976534989032803113e-01 4.813361876667373584e-01 4.354260381117973644e-01 5.096616518253798134e-01 5.482195727459402423e-01 5.031599027965044657e-01 4.763876649166777777e-01 5.701175085393233033e-01 5.526383400559098380e-01 5.032560003655803804e-01 4.425532188238830433e-01 4.910157179077722089e-01 3.901944274240633503e-01 4.737874291476486532e-01 5.095621663645338861e-01 5.145473829187230397e-01 4.445338949376382853e-01 4.898851843469343992e-01 5.334044747000652453e-01 5.493748857047685563e-01 5.426942397914352734e-01 5.213173556446304424e-01 5.355967327155186641e-01 5.590929341942154629e-01 5.507480854252695401e-01 5.125561615623496214e-01 5.416782729079038239e-01 5.211795609786920025e-01 5.427422708287880093e-01 5.369338997962522786e-01 5.574866692182920414e-01 5.676594575333955284e-01 5.319294161794539955e-01 5.622687658994002247e-01 5.659877126180058449e-01 5.561870818961226481e-01 5.794658513683343948e-01 5.677156361515153238e-01 5.635454038386906728e-01 5.660740236210233256e-01 5.642818893260989066e-01 5.685798563360562330e-01 5.349291199791560425e-01 5.667572024106858342e-01 5.434544969550985094e-01 5.616522609784846409e-01 5.585712030490603830e-01 5.543388977572204501e-01 5.660706581698806694e-01 5.411632564954090840e-01 5.708171433417907892e-01 5.624140731197114773e-01 5.654887132772943303e-01 5.673562103699008041e-01 5.591342851486861276e-01 5.568235809353389021e-01 5.662974452675457737e-01 5.623786274361083359e-01 5.560695184696324844e-01 5.721237736643773886e-01 5.658837452348425279e-01 5.678928641550983203e-01 5.565114079184300122e-01 5.701308890696565879e-01 5.723821867081865244e-01 5.570528456202227252e-01 5.597802768170331289e-01 5.724157641064436808e-01 5.717697860349871819e-01 5.721455410021454302e-01 5.675278719237940583e-01 5.715837487181680832e-01 5.707479507794521734e-01 5.691773721192563418e-01 5.718685880610785421e-01 5.680536858852084370e-01 5.706989991048280197e-01 5.660184064044072594e-01 5.728357776512197352e-01 5.699426128844548023e-01 5.706252955424110374e-01 5.738239211954616614e-01 5.696999522060706145e-01 5.653220127809529538e-01 5.759898586245542074e-01 5.724199697857592639e-01 5.745323430378911356e-01 5.724674851277281595e-01 5.717518943207847704e-01 5.606221009428152824e-01 5.652372400997918156e-01 5.733475935698193471e-01 5.677455908219501968e-01 5.739517176160656708e-01 5.720925417995313955e-01 5.687468260271230092e-01 5.748716528349904209e-01 5.735509261182634155e-01 5.656635793627399211e-01 5.707293614891161271e-01 5.717405765833135645e-01 5.746131622884644852e-01 5.742374867147534978e-01 5.674346299941958049e-01 5.708705713951718330e-01 5.690904609782099222e-01 5.718982674053282311e-01 5.695615130305252682e-01 5.674453978017113265e-01
4.800653909371726397e-02 1.327931558809349877e-01 3.056899045171433960e-01 6.009953300910118035e-01 4.837580279479622436e-01 5.123328843699511692e-01 1.000000000000000000e+00 7.363272995099523488e-01 7.121415372619815942e-01 6.550736283002613902e-01 7.422921316758813726e-01 8.017496245940722854e-01 7.320504859479054494e-01 7.022624336703326975e-01 8.485249668419263536e-01 8.089012933213757250e-01 7.080689736079607277e-01 6.829602038588988844e-01 7.241456355620899954e-01 6.336701079750811649e-01 7.129832477196205165e-01 7.479713612894479668e-01 7.870508817286164804e-01 6.815735862250353883e-01 7.330093984909031857e-01 8.097528469867992795e-01 8.060352346253818467e-01 8.203033755969427743e-01 7.863342540657106694e-01 8.082733726537565389e-01 8.267625415455837068e-01 8.261246827598633935e-01 7.997566472094085333e-01 8.161699839716530791e-01 7.958762865004002096e-01 7.751879044695378917e-01 7.941856182364503969e-01 8.283395885067034170e-01 8.285457791261091609e-01 8.029814687883720659e-01 8.239718117748695558e-01 8.303708902257053159e-01 8.113955738946330154e-01 8.265639147320771318e-01 8.224844211837807340e-01 8.294365900438979144e-01 8.118144068039380157e-01 8.103650360944643083e-01 8.245857593316823220e-01 7.977026099927531089e-01 8.226297280296159808e-01 7.925494349336486000e-01 8.076337562572345474e-01 7.948985293886589032e-01 7.972177348387490259e-01 8.225759128808995957e-01 7.655743423248106971e-01 8.105248509780744737e-01 8.092120866964542802e-01 7.964799863747837882e-01 8.098020301069441818e-01 7.935012123735313283e-01 7.892538656239374006e-01 7.951225408187346799e-01 7.911364188572886924e-01 7.876014891952780594e-01 8.183267995644306625e-01 8.186928677347331540e-01 8.305054327957349658e-01 8.168705398529939599e-01 8.255283103282096135e-01 8.242785111836347101e-01 8.080077115888265604e-01 8.197107639924899880e-01 8.293333911132869662e-01 8.241915741246290672e-01 8.321972662699769208e-01 8.238873968081698029e-01 8.314032553929283642e-01 8.230292736855904234e-01 8.242626298296557019e-01 8.240894771585309808e-01 8.302132976617137006e-01 8.339834027650041559e-01 8.311309607286985202e-01 8.325136394382807170e-01 8.250595816457991782e-01 8.314321976689210691e-01 8.307284123652195484e-01 8.244832062410497597e-01 8.322382036313854536e-01 8.279014648765496975e-01 8.240868715003144551e-01 8.301654003913564450e-01 8.148173220492965774e-01 8.155594250094760911e-01 8.146501034187271229e-01 8.103512952907927502e-01 8.208957484462883203e-01 8.241668052737312067e-01 8.257932773903741142e-01 8.161513401913793597e-01 8.193741169850223827e-01 8.241428127739881537e-01 8.223313985248933422e-01 7.998740885634152420e-01 8.171029346159963680e-01 8.147421898992625033e-01 8.204857082007194213e-01 8.149932376069555229e-01 8.138038043812293454e-01 8.084636321860094732e-01 8.085519786651602647e-01 8.150635423554188908e-01 8.111058481339563642e-01 8.048310299372339882e-01
3.817282947833023493e-02 1.359644161860880385e-01 3.147540661122991135e-01 6.044247446873876051e-01 4.809213564629444271e-01 4.976534989032803113e-01 7.363272995099523488e-01 1.000000000000000000e+00 7.048098747247522056e-01 6.520781153239395556e-01 7.265930705189012073e-01 7.806149363561583066e-01 7.175764141532571250e-01 6.881116625865029146e-01 8.050000325901194298e-01 8.154614941608423484e-01 6.823042215581935910e-01 6.564171108513725539e-01 6.947509684981840739e-01 5.937077555013291486e-01 7.152308580810861072e-01 7.207668390976733619e-01 7.410190772520216518e-01 6.400166079161363486e-01 6.920364802037038965e-01 7.768513903476400584e-01 7.641640455715167368e-01 7.663015473174605852e-01 7.427861910789232969e-01 7.843163054056669914e-01 7.953926628808083432e-01 8.052160391709074494e-01 7.539700541686985558e-01 7.888215361318393626e-01 7.672595452704732422e-01 7.543769646964498810e-01 7.551480572285033110e-01 8.071087664704013065e-01 8.036400571163022644e-01 7.544436951068931307e-01 7.842983593863276370e-01 7.907026172147701981e-01 7.908622310308935921e-01 8.054847268157439011e-01 7.872983784560313447e-01 7.997666327455643653e-01 7.897171578004968939e-01 7.898751428554453557e-01 8.031785926243864004e-01 7.892692465842039429e-01 8.083260280452105873e-01 7.790249662131237818e-01 7.853111281111597730e-01 7.793467853828456304e-01 7.875035828239126401e-01 8.016610371677888036e-01 7.611986664639847078e-01 7.955804071131323818e-01 7.924686162148085744e-01 7.767814469149771917e-01 7.978184056497014121e-01 7.808748425121104786e-01 7.876442693581398036e-01 7.856417507704948067e-01 7.720398624607172078e-01 7.743839357570231341e-01 7.956162123963852473e-01 7.904372536917453340e-01 8.009141486407829191e-01 7.843158854695769788e-01 7.953599890065438105e-01 7.958050096571115395e-01 7.749031888650068645e-01 7.842092170116612415e-01 8.020169504162579788e-01 7.849913846588264521e-01 7.873361703368967346e-01 7.917985040331797508e-01 7.972902879054647451e-01 8.006723397289924327e-01 7.936545118025739587e-01 7.997874142641185902e-01 8.000799592716143493e-01 8.059818210270766059e-01 8.126936322826533443e-01 8.064602152229487508e-01 7.918068657556903700e-01 8.042679736454930728e-01 8.054328219008369816e-01 7.992543206520117405e-01 7.895307777505413682e-01 7.952281953665019110e-01 7.964163307092045896e-01 7.986734747067458784e-01 7.921240474915937080e-01 7.922010335756913824e-01 8.046387322302386291e-01 8.079638625115267425e-01 8.053778841514561693e-01 8.047715683851625057e-01 8.066701282873212087e-01 8.064927437692229750e-01 8.002380439773935095e-01 8.060921016999678113e-01 8.048449743091838915e-01 7.918472848206516979e-01 8.009597232005980505e-01 7.917427469579435551e-01 8.003479192410324350e-01 7.953504365021095701e-01 7.899728011380570125e-01 7.884618402806381487e-01 7.927905612809725833e-01 8.008235391959782623e-01 7.897953337373513349e-01 7.882027520480899829e-01
1.845473565045716025e-01 2.088955622017883706e-01 3.032132586906889360e-01 5.812985527534471064e-01 4.830751948636827775e-01 4.813361876667373584e-01 7.121415372619815942e-01 7.048098747247522056e-01 1.000000000000000000e+00 7.337430975518161036e-01 7.525542377800920057e-01 8.242625919194448425e-01 7.395736687017039346e-01 7.106375805903090148e-01 8.204161594413132974e-01 8.288562679583580950e-01 8.101894121553142591e-01 6.502438557557448373e-01 6.830452929731973821e-01 5.597444109263546297e-01 7.235344769681427701e-01 7.360040133592730127e-01 7.313327178746692470e-01 6.042893691221624675e-01 6.472401697488081584e-01 7.843213689091432794e-01 8.067447954592628090e-01 7.957244769899262105e-01 7.786130960901892495e-01 8.367429797583335604e-01 8.441071142861946708e-01 8.019812269778616720e-01 7.317171640604270832e-01 7.559501993131084729e-01 7.832083423787129517e-01 7.801840271627042966e-01 8.017510659951826435e-01 7.736179976318131590e-01 8.147159479671871596e-01 7.311337655420799830e-01 8.191775995414551925e-01 7.961959430405002314e-01 7.828031306815756984e-01 8.350086244210084274e-01 8.213008874941938320e-01 8.205450613283702399e-01 8.383011501917485564e-01 8.487419542002025974e-01 8.421763972225769779e-01 7.319428766239065576e-01 7.983502907571667917e-01 7.752825252090456143e-01 8.483241105580996422e-01 8.673725774171453518e-01 8.481107607601561238e-01 8.503883384769358456e-01 8.648056591546877669e-01 8.410575133818785076e-01 8.419241208847715319e-01 8.699029649866382163e-01 8.498397970742743723e-01 8.627139141626215535e-01 8.553249263669600033e-01 8.646629888080160642e-01 8.715748753443908203e-01 8.735903306136746371e-01 8.438888262914903127e-01 8.148785295312972465e-01 8.212845075530738059e-01 7.985655975511050109e-01 8.166117210601577803e-01 8.266578597963953889e-01 7.951034228036417684e-01 7.912206482970811638e-01 8.362139359560212259e-01 8.344984648134504690e-01 8.286722243510280528e-01 8.353617178329443282e-01 8.274727636397184449e-01 8.477854611184065803e-01 8.404860527046239538e-01 8.423731463599929414e-01 8.369935637408976170e-01 8.329446464791873117e-01 7.911963386869537151e-01 8.178013937113811638e-01 8.318238708236035395e-01 8.083557764224637010e-01 8.311789237709755751e-01 8.270417574769207691e-01 8.044230463259506303e-01 8.200114325641892910e-01 8.276530763436287241e-01 8.321444800198324332e-01 8.344183707139629647e-01 8.446877070751724892e-01 7.793600441839366733e-01 8.340043253198153872e-01 8.225951862710036977e-01 7.981231604939535984e-01 8.124490243135771284e-01 8.360683047849970517e-01 8.338318706879155329e-01 8.283813123488679153e-01 8.352210611394040862e-01 8.572446720388501307e-01 8.444310337278287948e-01 8.448918565763116062e-01 8.420779209572124557e-01 8.426297711058734485e-01 8.297504007456507624e-01 8.552935251319799814e-01 8.487736733028876657e-01 8.495175385265461010e-01 8.536658164573661667e-01 8.585006421485680272e-01
1.151531762480088317e-01 2.039987772188380233e-01 2.581407329748246493e-01 5.159485658958509191e-01 4.202441521242671896e-01 4.354260381117973644e-01 6.550736283002613902e-01 6.520781153239395556e-01 7.337430975518161036e-01 1.000000000000000000e+00 6.953585384514598955e-01 7.624411388704777082e-01 6.743784823344296520e-01 6.672287838056911724e-01 7.473492659132756621e-01 7.478524957724956845e-01 7.297032167292287763e-01 5.785455122930377447e-01 6.137184122597427738e-01 5.033528378811010784e-01 6.374924438720348530e-01 6.513731324056969418e-01 6.635035014471822867e-01 5.599104137387936886e-01 5.929648452150795279e-01 7.236185615240133817e-01 7.422679119425387162e-01 7.296225019419074753e-01 7.164220383238295575e-01 7.695468857422378406e-01 7.794139498141884337e-01 7.366158808765945754e-01 6.750407873479012943e-01 6.929517799229362174e-01 7.177971128519481381e-01 7.015402062432555264e-01 7.349295372345387989e-01 7.134132566736279824e-01 7.518903058816178708e-01 6.851058368286728761e-01 7.611358496781279737e-01 7.389280033712312123e-01 7.233206667184245431e-01 7.627911171567871573e-01 7.594571161241936430e-01 7.606856868367378732e-01 7.706391894148724164e-01 7.857207597841220359e-01 7.742380149258289990e-01 6.784066119653852089e-01 7.368277712726616357e-01 7.038934689302434045e-01 7.705060827709730997e-01 7.900995849475186406e-01 7.717621420774964935e-01 7.764679498806255076e-01 7.666046325928302929e-01 7.711298126379909634e-01 7.723821838743113455e-01 7.915469427057354457e-01 7.743092103918378655e-01 7.816518682629099990e-01 7.727944591784798867e-01 7.841783716748151889e-01 7.844587118213919297e-01 7.922787942404306838e-01 7.772560224942718365e-01 7.518858679274917911e-01 7.547295020918416419e-01 7.329910257936892437e-01 7.502742484854405536e-01 7.579556219238469117e-01 7.328320208140959302e-01 7.299319367699936834e-01 7.712971548589823145e-01 7.712034901833927369e-01 7.679406148213318017e-01 7.709571652918346674e-01 7.639163146631609003e-01 7.810106979663400395e-01 7.725593680406940278e-01 7.784851045446994355e-01 7.695262664191163671e-01 7.690370891557039013e-01 7.368329874164982751e-01 7.536450809828642017e-01 7.652489346796862435e-01 7.526486806727166190e-01 7.685526769568199468e-01 7.631129085719995375e-01 7.489171752678719374e-01 7.609962535607897038e-01 7.666489600490079548e-01 7.731079518428616293e-01 7.717583627854386341e-01 7.815502117992607634e-01 7.210643493610249255e-01 7.618355245208928705e-01 7.610184989613474338e-01 7.429345627100953919e-01 7.526477867312451053e-01 7.687007332102618884e-01 7.704845400090354346e-01 7.666514311674053062e-01 7.692815666883709991e-01 7.783964429546837982e-01 7.793443862876218153e-01 7.808130337012939570e-01 7.764504590614026425e-01 7.751939540468121281e-01 7.671424869970556726e-01 7.851660799549682324e-01 7.803898207989232727e-01 7.806012514228910515e-01 7.796601028677240253e-01 7.882191201325989827e-01
2.848493401576886880e-02 1.422400945568832176e-01 3.295164098064467528e-01 5.852505708038413523e-01 4.667731031961180888e-01 5.096616518253798134e-01 7.422921316758813726e-01 7.265930705189012073e-01 7.525542377800920057e-01 6.953585384514598955e-01 1.000000000000000000e+00 8.500426485373370200e-01 7.798695963236766948e-01 7.534954169517876776e-01 8.639518811082446126e-01 8.427922386055364257e-01 7.703104279617961625e-01 6.931778329173573505e-01 7.420898977382662798e-01 6.122460785359062907e-01 7.281566323876859093e-01 7.670178194454594367e-01 7.730053978691496797e-01 6.863768979837412409e-01 7.312527647212326842e-01 8.077369785672127156e-01 8.273265182305069576e-01 8.154400301172000098e-01 7.923407611864353717e-01 8.439147303935122801e-01 8.714099577189045043e-01 8.436293166690715939e-01 7.926683218931354080e-01 8.229118981299199387e-01 8.195474264607885972e-01 8.111484099043796414e-01 8.285283789183300884e-01 8.445144347442560262e-01 8.647260025271091832e-01 8.129711336505378583e-01 8.609140833167427953e-01 8.585988766075823841e-01 8.392286822754293496e-01 8.743627719135268483e-01 8.634635005447427458e-01 8.703874689643609219e-01 8.773759324446810393e-01 8.814193239477763342e-01 8.780324967906967260e-01 8.088386408104027980e-01 8.584233417608352346e-01 8.267677277506341182e-01 8.637650334049549183e-01 8.702272419896552869e-01 8.678368010397357057e-01 8.730595014774008567e-01 8.425459392664714775e-01 8.764430375659489902e-01 8.752997458436001521e-01 8.730189138546440297e-01 8.768523266025955998e-01 8.709088962787447930e-01 8.676391024844176680e-01 8.688568010054419366e-01 8.613631453110666136e-01 8.654266984033828214e-01 8.804497425765970275e-01 8.707084822233497334e-01 8.707370911913251410e-01 8.579769527771383686e-01 8.718482882425114822e-01 8.765779123365106118e-01 8.562575626109873994e-01 8.605584217701676142e-01 8.775617911511757185e-01 8.770306776778901137e-01 8.754201652374832276e-01 8.687606976689017380e-01 8.728129015334061824e-01 8.829927139136850567e-01 8.795422141028322871e-01 8.829029808366636312e-01 8.744329379768213117e-01 8.802721567985035689e-01 8.657773346737310804e-01 8.771082907268428208e-01 8.789390407525745630e-01 8.761268522562981609e-01 8.832123169164399767e-01 8.740898624206652201e-01 8.706156609953092929e-01 8.804547878712583042e-01 8.783743111335999831e-01 8.823444143414306273e-01 8.827365382808747274e-01 8.839222167853054701e-01 8.533587232795085686e-01 8.638094937866301892e-01 8.761272402377910939e-01 8.689980886811975447e-01 8.744557801118428841e-01 8.791452815215643479e-01 8.777997959031884623e-01 8.814851572074249297e-01 8.780898953311881971e-01 8.708648917789025834e-01 8.811288600508541125e-01 8.815092383993520242e-01 8.815370233202601824e-01 8.812243262922350162e-01 8.801188925193080825e-01 8.793918945003382781e-01 8.790969650731680352e-01 8.789979360151375376e-01 8.781955957115421540e-01 8.785669774100146601e-01
6.905667269296941746e-02 1.662762930635291458e-01 3.586477031639476731e-01 6.489954971688247642e-01 5.049952986922978670e-01 5.482195727459402423e-01 8.017496245940722854e-01 7.806149363561583066e-01 8.242625919194448425e-01 7.624411388704777082e-01 8.500426485373370200e-01 1.000000000000000000e+00 8.381597621909252505e-01 8.021705177939276732e-01 9.187834099621239314e-01 9.102181561570386048e-01 8.359657513866048939e-01 7.507536306913191737e-01 7.932365528039500013e-01 6.621446480024846259e-01 7.986210906722281955e-01 8.237196173629431906e-01 8.391783127912387785e-01 7.332142165650769039e-01 7.841810029967496432e-01 8.854718102493680520e-01 8.973263257394148429e-01 8.963815348748294110e-01 8.710265337669939045e-01 9.249255469570121235e-01 9.437448530633592014e-01 9.062721623644834912e-01 8.578918441561288466e-01 8.850555223836854557e-01 8.910626030410722098e-01 8.762564338828707777e-01 9.027363994176091921e-01 9.005768709395121085e-01 9.314898766459016599e-01 8.659601317591305580e-01 9.239334302836095247e-01 9.208433517089031906e-01 9.035643884402916326e-01 9.390404756147604504e-01 9.275372360824474249e-01 9.369548894963899421e-01 9.333146509147155490e-01 9.368051484806071416e-01 9.361185820585523620e-01 8.655219220522134549e-01 9.157924854363678202e-01 8.884315067128167875e-01 9.306992035817304165e-01 9.304649551217325509e-01 9.250256099371131358e-01 9.369855879562984935e-01 9.104978419384904820e-01 9.329106184902873355e-01 9.316743966547389455e-01 9.340421329039705345e-01 9.386744964778055422e-01 9.335266680486311586e-01 9.311659935119273035e-01 9.359573203897167959e-01 9.260931653706119260e-01 9.317756459389469059e-01 9.366025999290771287e-01 9.235715541421303243e-01 9.283755866616696384e-01 9.121793863792303503e-01 9.280192597273096977e-01 9.332109314405842015e-01 9.085687426793200849e-01 9.145955372451967103e-01 9.379711879448414669e-01 9.352719697046131264e-01 9.346517756844958669e-01 9.351180002207654107e-01 9.341084535080103057e-01 9.429483076226897742e-01 9.388193662368672365e-01 9.423047298319799925e-01 9.347494875448085772e-01 9.395720319474188953e-01 9.178814453336764378e-01 9.324259634022539212e-01 9.361833624427039480e-01 9.281149748812654865e-01 9.400207890633399677e-01 9.294164189250223584e-01 9.246580758870631689e-01 9.341902237229681161e-01 9.363949034717868880e-01 9.401045416699103097e-01 9.354247217294752170e-01 9.395445828458952597e-01 9.054560708460602791e-01 9.271220464105974779e-01 9.310774780449559973e-01 9.214303381651719471e-01 9.313223646251618248e-01 9.360017613566645744e-01 9.366514250043808110e-01 9.379542662294942934e-01 9.389641165145253821e-01 9.321211737133434649e-01 9.384449964924669318e-01 9.359436056171988039e-01 9.383710985226670909e-01 9.382081953389194151e-01 9.303731143495121980e-01 9.389720938773674641e-01 9.379126960577215399e-01 9.403715583795797528e-01 9.367590185561572858e-01 9.380178789678119688e-01
4.080706844650568155e-02 1.192831959229022354e-01 3.239761735321897151e-01 5.626816040673717767e-01 4.894810989938925827e-01 5.031599027965044657e-01 7.320504859479054494e-01 7.175764141532571250e-01 7.395736687017039346e-01 6.743784823344296520e-01 7.798695963236766948e-01 8.381597621909252505e-01 1.000000000000000000e+00 7.462959566316204052e-01 8.528984030590660570e-01 8.310567752533479791e-01 7.608153112088869019e-01 6.573817846807820109e-01 7.158283652577266398e-01 5.913060469081038439e-01 7.001409587542425372e-01 7.427776178488125769e-01 7.462686670745026785e-01 6.558911241323698293e-01 7.146294478490705648e-01 8.147069500597269309e-01 8.340114481433074101e-01 8.187463520884628032e-01 7.869614913962367231e-01 8.386519834352532676e-01 8.586127782347674486e-01 8.109712835889480997e-01 7.832354639060966628e-01 7.998633928129758042e-01 8.059262530749419229e-01 8.015200060338047994e-01 8.139286882494825015e-01 8.273661891642165589e-01 8.524516377516394572e-01 8.011329570980137982e-01 8.542389640094913972e-01 8.575607872108481633e-01 8.326754964870404230e-01 8.635453162330248844e-01 8.527552390242657543e-01 8.600492690048975319e-01 8.697088074344458963e-01 8.677422965257982623e-01 8.657044213603526384e-01 8.036353962387742245e-01 8.482053419888372359e-01 8.195835866788232504e-01 8.583133993042248999e-01 8.538506822897270476e-01 8.446419783896753630e-01 8.545766420058718005e-01 8.292353311510631819e-01 8.615318192413619069e-01 8.547226105545201458e-01 8.625466826913613660e-01 8.648560828094810082e-01 8.560279749224921630e-01 8.525797489160170661e-01 8.626095303336099862e-01 8.507828921224900309e-01 8.520071699511869712e-01 8.696960773669797362e-01 8.535959623610794855e-01 8.486483510328211022e-01 8.397441553699431793e-01 8.591347542593321673e-01 8.638771275313483766e-01 8.327384878011796498e-01 8.463425984631942622e-01 8.722967232191602971e-01 8.695687631133461881e-01 8.689994684493411725e-01 8.594165771236887963e-01 8.666636010284162195e-01 8.733233514858254054e-01 8.693749555711185462e-01 8.754196630176162008e-01 8.589002207780213061e-01 8.663179384415596873e-01 8.538689431156883947e-01 8.599838052913011399e-01 8.673954787011165513e-01 8.637125164806273014e-01 8.729935329149435264e-01 8.579970064254579531e-01 8.585047114340780272e-01 8.722442166398989283e-01 8.719859820295424724e-01 8.745450771853219285e-01 8.729947079000296428e-01 8.735298227164230989e-01 8.508461656282991781e-01 8.584980293061610368e-01 8.694826746249277871e-01 8.641571492647653896e-01 8.690070020408688922e-01 8.694360512019411180e-01 8.745061143352389488e-01 8.770788193265262045e-01 8.724736294770643052e-01 8.623987814154029374e-01 8.742200425315513890e-01 8.718711808115744422e-01 8.684441106480560446e-01 8.736846676357291619e-01 8.653021197096643080e-01 8.729873374383707585e-01 8.697888202007814096e-01 8.745643069223437704e-01 8.699683896141032768e-01 8.695639319430533698e-01
