1.000000000000000000e+00 8.724107226068100740e-02 2.621805799903447753e-01 1.180238310168789731e-02 5.251648971490585627e-02 2.932212485069664656e-02 6.004012431934475230e-02 7.741801216193210100e-02 1.463309070493494513e-01 5.014607024943260744e-02 2.447025363900250453e-02 -1.833514755153843601e-02 -2.574591726259148686e-02 -1.701260774265068955e-03 3.852771044772230341e-02 -1.649107208676780720e-02 1.929966323405891415e-01 3.334862057898438925e-01 2.483056148041778710e-01 2.045898771824886386e-01 2.561555573427268806e-01 2.178437707949824609e-01 2.754329721809486431e-01 2.847006342640952536e-01 2.631801301628910461e-01 2.065028014014506641e-01 1.799757406534388537e-01 1.490305479860303539e-01 1.999769876338977070e-01 1.941032382658125222e-01 1.261353444002393243e-01 2.006149775882857256e-01 1.975859871849994509e-01 1.763490652763117783e-01 1.895343178873903078e-01 1.433483779922587742e-01 1.502808667375498397e-01 8.622896002367520796e-02 7.231789806045173241e-02 1.139879056382575584e-01 7.459728105659542419e-02 4.387078695214747387e-02 4.108549417787161345e-02 4.883359027350628323e-02 9.855889845033621866e-02 4.522774096075600492e-02 2.430627617664235171e-02 3.755538126563249396e-02 2.846117164480487655e-02 8.208230567114102594e-02 5.187438899519405261e-02 1.115985603121767283e-01 1.465541715478810118e-02 8.240733556306051311e-02 9.596810726812995962e-02 8.402707658480682018e-02 9.397135880048725076e-02 2.859378633211637211e-02 4.025765275933587684e-02 1.899968302746125881e-02 2.401845304655002289e-02 4.831086872450906372e-02 4.571749392371401294e-02 2.985265162081959453e-02 7.129440826324683067e-02 7.847292531918437231e-02 5.523272266745610226e-02 1.184791544068133362e-01 1.142063561500495511e-01 8.566819486900516256e-02 9.196056558899357025e-02 9.176298733263470175e-02 1.201615792147494310e-01 1.267646618882712906e-01 8.128646162409641773e-02 7.557103979049198395e-02 6.371141074487951528e-02 8.065519498890219574e-02 5.607399147549789464e-02 6.741257403316631980e-02 9.106097120354084140e-02 6.370236362713870004e-02 7.655790976522056090e-02 7.823131231894009385e-02 5.937657731394107435e-02 7.913946587579637204e-02 6.672545224873109582e-02 3.167403092927262298e-02 3.756182954999446461e-02 5.659213879659239638e-02 5.462833025539808041e-02 2.576050054453341703e-02 3.900449796000667047e-02 1.934756030148168313e-02 5.605508705160495465e-03 2.233054917597722400e-02 2.753530307496378227e-02 4.893051083876926582e-02 8.128901206014456371e-03 1.963550030472184516e-02 2.499904610777523017e-02 2.424979729394355354e-02 1.435192772519215849e-02 1.335452387946135105e-02 5.138940351752039476e-02 4.917137934287845596e-02 2.931716404686492833e-02 3.643670059765814068e-02 4.704021431630829586e-02 1.509085886192811261e-02 2.348737089551693538e-02 2.094326977694564024e-02 2.369071554218343117e-02 2.578769798919182052e-02 4.520828115788362578e-02 5.031735842313028728e-02
8.724107226068100740e-02 1.000000000000000000e+00 6.176997751869887227e-02 4.518021382246438511e-02 5.711489688504529233e-02 5.375513939387385753e-02 1.338559457389093266e-01 9.638249332666230795e-02 1.591229701153650533e-01 1.572272558715263335e-01 1.170497726283280387e-01 1.048789510954869497e-01 1.069149521687629140e-01 1.054261062455614378e-01 1.331301001472138812e-01 1.254876134252766728e-01 1.530628170695864376e-01 1.612333034533976195e-01 1.656426278174679967e-01 6.536783448713072431e-02 1.129426405115903920e-01 1.544204073508386177e-01 1.802855322674664362e-01 1.723813169107578924e-01 1.771471851964978861e-01 1.785518240879835350e-01 1.544189961325104776e-01 1.566060801366012945e-01 1.776363549794792440e-01 1.657676848169220285e-01 1.522731533989049590e-01 1.815332139567425729e-01 1.622534290021168391e-01 1.675703118395322211e-01 1.549910756784515231e-01 1.609567068676402979e-01 1.583725826595474562e-01 1.528376085588244448e-01 1.439803459466917901e-01 1.523441813080119167e-01 1.508110623512042558e-01 1.343803345385258252e-01 1.365301708924502588e-01 1.392382433040048884e-01 1.605221269469601086e-01 1.444173239173676682e-01 1.421364287473508847e-01 1.509224657881345077e-01 1.450278463750964697e-01 1.326595876660926487e-01 1.396083761605487472e-01 1.154942552647431619e-01 1.374887427105898063e-01 1.615703285492094687e-01 1.626277691445077445e-01 1.629972442758658990e-01 1.556447943631150965e-01 1.393971094951740597e-01 1.497332813007005159e-01 1.434509068885024552e-01 1.364152390654163050e-01 1.511490536279371799e-01 1.447061263655906593e-01 1.426952654722201397e-01 1.494043112267215700e-01 1.528373483781154396e-01 1.530633961709329804e-01 1.618631280645710380e-01 1.641928242389725234e-01 1.238089251415905728e-01 1.493882952482232795e-01 1.532357481243979413e-01 1.626386097976150191e-01 1.659191136620366824e-01 1.577930044376925356e-01 1.551351574095847508e-01 1.547049973602250827e-01 1.602799603260950667e-01 1.527140017947974104e-01 1.517122624366055439e-01 1.558917614664987739e-01 1.485610170000359331e-01 1.575481631017633388e-01 1.564148779071337370e-01 1.400194288214085814e-01 1.520500712569871626e-01 1.483578781944016600e-01 1.399751481334570447e-01 1.432164902904163595e-01 1.535429163201893488e-01 1.450266090148388809e-01 1.387199472314638304e-01 1.408332874227132547e-01 1.430419426988784326e-01 1.399571957377793163e-01 1.465562239057798810e-01 1.239108873877677458e-01 1.359032998048820273e-01 1.318265937698721024e-01 1.343242579161331163e-01 1.345738606483627420e-01 1.350425119362952953e-01 1.330744006397661106e-01 1.332490170958243736e-01 1.357587880479450282e-01 1.441572826678470254e-01 1.423252420661140216e-01 1.495176043077751094e-01 1.537853290094046699e-01 1.426770088874689812e-01 1.441653035174813302e-01 1.444332589488805385e-01 1.423819534982548041e-01 1.377837628269622250e-01 1.473915898728149210e-01 1.500893554731274615e-01
2.621805799903447753e-01 6.176997751869887227e-02 1.000000000000000000e+00 2.888086526520315944e-01 2.078031213738216754e-01 2.745147404259324908e-01 3.916689281011325741e-01 3.464993904421765358e-01 3.655347879853597104e-01 2.854505996461076944e-01 3.536822359677065930e-01 3.148829722024301669e-01 2.178563980180440451e-01 3.156678079060621922e-01 3.666749836528305773e-01 3.078189629401131278e-01 4.248399227653179566e-01 5.103123810448315645e-01 4.723883042829297163e-01 4.412613863237777601e-01 5.026370184245867456e-01 4.742354095267054537e-01 4.486371273416203675e-01 4.908275223589602665e-01 4.811118385492733074e-01 4.602160474839829818e-01 4.473036532183948810e-01 4.324909018020781648e-01 4.163376669620102444e-01 4.568719370840380600e-01 4.471803640849424943e-01 4.738685779425147460e-01 4.674631203023161263e-01 4.580995721027237844e-01 4.594181912605534990e-01 4.573575362429265767e-01 4.594127359049469117e-01 4.111904982640512407e-01 4.036877377625146535e-01 4.315620053676679224e-01 3.932368218721445929e-01 3.655966275762707052e-01 3.864212579396665292e-01 3.810850186775636139e-01 4.300977441501200316e-01 3.799196572856971543e-01 3.454942685849227701e-01 3.555706853406991885e-01 3.637062674635466730e-01 4.220187261383359090e-01 4.045444440308456624e-01 4.162604322714540950e-01 3.453065746683460779e-01 3.730951991503163034e-01 4.077471641702732352e-01 4.109360606789264625e-01 4.063751430542097975e-01 3.498855890373953614e-01 3.716273296872912302e-01 3.337613833240475336e-01 3.530407376898856420e-01 3.698462520932805919e-01 3.811298078690936175e-01 3.592288244882100856e-01 3.778364134205736136e-01 3.835367729090692346e-01 3.625176058066731377e-01 4.205075015945138328e-01 4.095221090416667487e-01 4.168297690380429743e-01 4.098597074919639871e-01 3.970534735031180928e-01 4.228616378811885790e-01 4.199674067662745314e-01 3.942085152643255430e-01 3.892459081858313241e-01 3.796407475651393248e-01 3.725195029916090195e-01 3.711492509935414019e-01 3.760375785232860646e-01 4.002448434857922566e-01 3.797552040046295874e-01 3.867626457943565410e-01 3.856625149405762398e-01 3.786608386619690347e-01 3.870935811641649238e-01 3.921001088653290889e-01 3.518338528336123483e-01 3.567249147320105118e-01 3.752959488993992121e-01 3.828639824367707778e-01 3.454874344154246768e-01 3.648142502816186239e-01 3.507636476950772852e-01 3.274142648727026428e-01 3.393088723822396124e-01 3.632934425043300997e-01 3.678431648632865536e-01 3.413780030714920199e-01 3.445771785191037995e-01 3.537569546419058186e-01 3.483684806682469381e-01 3.377588601446971373e-01 3.394397252016691513e-01 3.701284277262919531e-01 3.641423210803587662e-01 3.492872962295355266e-01 3.476972355460489772e-01 3.647611186527516258e-01 3.367918612163319780e-01 3.497745426475057928e-01 3.349961894097537307e-01 3.440542011862595673e-01 3.421142804238834767e-01 3.560646055429925183e-01 3.575527780727742466e-01
1.180238310168789731e-02 4.518021382246438511e-02 2.888086526520315944e-01 1.000000000000000000e+00 3.474576449940455225e-01 3.949305229997935318e-01 5.546933296802999402e-01 5.190493384442512736e-01 5.020351103148652516e-01 4.335763696042935211e-01 5.560879677424728218e-01 6.274337162317255023e-01 5.204928582513376201e-01 5.538607367303542972e-01 6.082905716902664572e-01 5.876863900874979008e-01 5.163560032728956584e-01 3.140163010745473660e-01 3.951037033265593634e-01 5.031753785938853918e-01 4.961502320950816336e-01 4.961733633724514370e-01 3.216593907368513472e-01 3.435185041011367679e-01 3.846014505925047788e-01 4.907794807622770095e-01 5.296691512892762743e-01 5.238508241528387899e-01 4.856803081482621853e-01 4.742808263732383178e-01 5.618353073404488418e-01 4.947424335930908357e-01 4.804318290942490299e-01 4.992256389307022646e-01 4.823599107592381197e-01 5.479258606338780480e-01 5.264122990152870774e-01 5.631553119677679131e-01 5.697861191658670776e-01 5.544884869834487695e-01 5.842343905197904252e-01 5.881797021529996394e-01 5.950833689754572164e-01 6.029270862203927051e-01 5.764078753884472883e-01 5.810256688682415849e-01 5.881991158409975995e-01 5.844572178428494302e-01 5.925607447583037812e-01 5.969916581023831936e-01 5.913246502508386904e-01 6.195172225192868698e-01 5.980145613684543227e-01 5.603997953746814309e-01 5.568202888080522328e-01 5.605034194118129198e-01 5.816205721980025611e-01 5.877832999617157439e-01 5.830003486182989691e-01 5.893005664095102292e-01 6.012126074073821380e-01 5.811654167312886310e-01 5.779595823788342690e-01 5.922984741895862548e-01 5.922728875488492140e-01 5.928423242045778307e-01 5.906542740621849585e-01 5.329568330452236768e-01 5.482198333202714657e-01 6.295958727933259613e-01 5.917445563212933024e-01 5.661625200801653213e-01 5.380042425854590915e-01 5.343441933147645706e-01 5.763542277401214609e-01 5.855655655125904246e-01 5.725267350881645401e-01 5.770987041206244728e-01 5.715915801818425290e-01 5.616176657651315018e-01 5.654709126612933456e-01 5.863772057355459699e-01 5.815307096086048677e-01 5.610921178266559117e-01 5.932489450683641197e-01 5.725258048670264222e-01 5.844571564252992735e-01 5.921723249439384551e-01 5.874774658777700553e-01 5.858964365901091487e-01 5.878351705364066593e-01 5.943272164943376179e-01 5.931687256156208399e-01 5.946804135370354905e-01 5.929564359607276680e-01 5.904698775416405976e-01 6.125395557220556508e-01 6.139465991816773771e-01 6.074114135590954477e-01 6.002353620470072260e-01 5.987553269738468131e-01 6.052382533694100619e-01 6.008560321351544831e-01 6.044145403452839682e-01 6.149542421777804968e-01 5.969867182584334131e-01 6.018338720282492282e-01 5.809056170939973507e-01 5.871470223698341817e-01 5.929370881764967072e-01 5.901658804804513769e-01 5.938736214162732008e-01 5.921186499913819734e-01 6.022541216326281477e-01 6.014259161884385474e-01 5.955276160592772872e-01
5.251648971490585627e-02 5.711489688504529233e-02 2.078031213738216754e-01 3.474576449940455225e-01 1.000000000000000000e+00 3.210309652127378843e-01 4.551158760159244032e-01 4.477227658602624394e-01 4.188724227831223113e-01 3.871460883289231658e-01 4.423309494179488710e-01 4.860237979023410704e-01 4.512676842443987812e-01 4.341537957773957679e-01 4.841157976767241355e-01 4.870732927859446337e-01 4.488350743614266669e-01 3.120812062434711320e-01 3.737086689793157612e-01 3.798422641083930018e-01 3.978985519002567472e-01 4.277188542635838586e-01 3.164120227076002712e-01 3.328215553454791920e-01 3.574924387701817752e-01 4.254392006005549565e-01 4.359747090816697979e-01 4.275127140899009914e-01 4.037267480311858558e-01 4.283178860492339868e-01 4.514633682578791385e-01 4.312463055793820388e-01 4.235250093117186032e-01 4.368163078119099429e-01 4.331535911436125152e-01 4.630523615916155022e-01 4.389968257422242059e-01 4.700480826974344217e-01 4.795783590181667555e-01 4.426188223168960878e-01 4.747412730204512155e-01 4.773350499419941606e-01 4.937601454878199347e-01 4.892916841820134088e-01 4.721880310975731798e-01 4.731340800040326755e-01 4.767177972814240494e-01 4.747064598694335502e-01 4.774780179042854011e-01 4.801590835459232931e-01 4.820210994244047975e-01 4.875699520525086372e-01 4.789989619159382706e-01 4.613087420091822044e-01 4.476314160996341940e-01 4.539863817358733011e-01 4.617006868117064511e-01 4.735915652792773156e-01 4.696682939868611628e-01 4.842943083164629736e-01 4.858144265774704817e-01 4.765434660010778867e-01 4.667166212168770700e-01 4.901265203581232632e-01 4.868856383045460645e-01 4.774843817040845262e-01 4.806573925431360528e-01 4.564361314897396604e-01 4.688288047436146022e-01 4.952454284466247247e-01 4.809688646609465712e-01 4.731138650403093338e-01 4.596276287950420425e-01 4.548822577071583440e-01 4.776038837239382495e-01 4.760564119543123085e-01 4.736656402525336595e-01 4.667585109247700537e-01 4.738672338747799140e-01 4.693221716055473447e-01 4.683869652721292520e-01 4.720487974224278904e-01 4.759204893914701917e-01 4.812389972990746001e-01 4.852455046992090737e-01 4.769338368662036642e-01 4.780733046075879566e-01 4.847540573582024837e-01 4.795281922582866896e-01 4.776371143388741802e-01 4.817644329671396108e-01 4.813274232348310755e-01 4.810013518851110614e-01 4.811714969675767728e-01 4.778636816641290141e-01 4.787306328627981555e-01 4.872333436297889842e-01 4.800210752803336645e-01 4.878528649725604738e-01 4.878764876069486833e-01 4.834100824116080442e-01 4.804883274838502305e-01 4.875066867420024819e-01 4.890048405955177424e-01 4.920800856343871543e-01 4.723773726604729717e-01 4.813870533066911817e-01 4.784276626452304559e-01 4.769337773297887551e-01 4.798312948985681281e-01 4.745717708286587011e-01 4.833874241882716860e-01 4.790566667901956510e-01 4.844438470182975687e-01 4.864820357336550050e-01 4.800656029019589321e-01
2.932212485069664656e-02 5.375513939387385753e-02 2.745147404259324908e-01 3.949305229997935318e-01 3.210309652127378843e-01 1.000000000000000000e+00 5.538061097753825823e-01 4.831141263239411288e-01 4.889930184080181763e-01 4.461218125302530702e-01 5.322794618158736002e-01 5.566587015840681607e-01 5.021385700796578977e-01 5.194508195303205733e-01 5.670238358425392367e-01 5.521159676852385179e-01 5.099573849127052583e-01 3.934579446663193925e-01 4.658418571175072520e-01 4.171274021435606993e-01 4.549883598477686975e-01 5.179596187457934375e-01 4.004863999089028903e-01 4.236106689537164072e-01 4.467315160368940941e-01 5.074780068406701261e-01 5.135571808512319203e-01 5.164336415212713582e-01 4.956254004401510205e-01 5.077014037753037057e-01 5.577864049532209600e-01 5.174273858551974303e-01 5.005964008141440269e-01 5.219937718286606909e-01 5.123727458928531986e-01 5.471138316733208384e-01 5.421259625829638606e-01 5.590076682481663894e-01 5.744900734489104543e-01 5.354919328302902848e-01 5.665282866369245607e-01 5.685544807315868754e-01 5.817200888104618883e-01 5.786090145347058122e-01 5.708460586421442162e-01 5.741055076787557887e-01 5.699636255781922456e-01 5.761375615712858167e-01 5.752041035159786153e-01 5.692753554166254393e-01 5.794947060741607592e-01 5.524443700285951442e-01 5.674546754330958009e-01 5.611710545712298437e-01 5.575224486070330387e-01 5.606406228621151344e-01 5.680935625767614683e-01 5.713258947518803366e-01 5.751840209732250742e-01 5.734839756983010073e-01 5.778020221838917614e-01 5.781737657200856084e-01 5.722449906290766330e-01 5.831749012387795750e-01 5.732319846693328946e-01 5.747364157544524454e-01 5.760467983040848949e-01 5.614421315023080394e-01 5.598245399773846831e-01 5.739452132479312407e-01 5.739137770685465156e-01 5.685880317642180160e-01 5.574696975480982752e-01 5.506531328236357048e-01 5.697226043532036543e-01 5.732097882802131839e-01 5.724487251915983954e-01 5.645690439638239022e-01 5.679948133041823333e-01 5.669703280960677327e-01 5.680410545775685938e-01 5.735215021552008130e-01 5.745454929299401714e-01 5.680048434134976620e-01 5.729177781059389130e-01 5.643585004788601589e-01 5.753485640725524153e-01 5.738743487794547571e-01 5.745651983280937181e-01 5.726585155109942260e-01 5.733468810145598837e-01 5.752382667001463279e-01 5.807455360828261970e-01 5.773692074254922479e-01 5.726407672748892175e-01 5.756146585889390099e-01 5.808188688261864963e-01 5.746252314094212332e-01 5.797410344035963670e-01 5.772804126892738807e-01 5.769233036426890671e-01 5.774985768378469997e-01 5.773451398515030419e-01 5.784764108558024809e-01 5.782534939543244601e-01 5.766246894857057770e-01 5.768486524477300925e-01 5.726483145409064779e-01 5.751864765188758888e-01 5.747879213572686385e-01 5.741439198949874756e-01 5.771240495647673718e-01 5.767826861079651257e-01 5.794399835009609312e-01 5.758661873113608554e-01 5.762254498236684119e-01
6.004012431934475230e-02 1.338559457389093266e-01 3.916689281011325741e-01 5.546933296802999402e-01 4.551158760159244032e-01 5.538061097753825823e-01 1.000000000000000000e+00 7.262137137350305194e-01 7.011440573041342050e-01 6.307645369287062653e-01 7.470915063676812906e-01 7.771588931176799386e-01 6.769953964016296455e-01 7.233728700879915596e-01 8.283751277078374997e-01 7.843297609207972032e-01 7.203104234719910348e-01 5.771453819244103389e-01 6.665610140266154948e-01 6.126036917345442090e-01 6.553090247125197276e-01 7.319505807553112753e-01 5.990591653826794483e-01 6.112848211036002732e-01 6.566053881653438618e-01 7.428200508338960173e-01 7.409835985953063808e-01 7.601303313214865520e-01 6.987252791304241484e-01 7.349826886400250281e-01 7.860724614557149659e-01 7.578855123752895606e-01 7.369340575779128599e-01 7.597966723441604842e-01 7.448245079694167936e-01 7.872418446033369044e-01 7.738939452932782626e-01 8.116855003841479954e-01 8.216442630656753954e-01 7.902583267899010444e-01 8.073815431521256247e-01 8.157555147353614533e-01 8.310416440003872696e-01 8.247740611149405598e-01 8.155002348305011584e-01 8.218076025760088221e-01 8.049747069013625245e-01 8.109883228693319790e-01 8.126470162489514149e-01 8.212154899925794282e-01 8.311394239050022836e-01 7.989919026236793620e-01 8.092601555239563593e-01 7.908389860177859054e-01 8.010555145809203914e-01 8.111540225421461914e-01 8.062495120225500189e-01 8.053123619969198010e-01 8.108924170831038891e-01 8.049854797185004296e-01 8.171831610843761640e-01 8.145885898915127266e-01 8.144739874454514084e-01 8.104870601353362236e-01 8.001340216206693778e-01 8.106106970236949261e-01 8.059701619839386710e-01 7.950492155683223094e-01 8.016752119010420730e-01 8.182559625453168506e-01 8.108024995606561980e-01 8.029672999380712550e-01 7.928692190469038836e-01 7.859685599317700611e-01 8.082826550231380081e-01 8.088666041563981057e-01 8.146168659923006539e-01 7.896664164123300411e-01 8.045535141458249884e-01 7.989267649697787688e-01 8.021351145666971716e-01 8.045436583014941023e-01 8.135726840562655937e-01 8.031808130515573074e-01 8.099476530935550977e-01 8.004234044875443432e-01 8.100611711248043578e-01 8.115226972369689040e-01 8.081640395351862294e-01 8.209173069003165013e-01 8.227251185693107427e-01 8.122630318619674661e-01 8.145721481184592383e-01 8.157603456811860498e-01 8.012644611424907248e-01 8.080713810355497628e-01 8.214292899449672225e-01 8.103335888016288679e-01 8.133497110485861104e-01 8.142522138300110068e-01 8.145132606556920729e-01 8.109777831299774808e-01 8.102350155959997524e-01 8.123743573819728336e-01 8.168532281937577189e-01 8.086727978465196864e-01 8.107472454008448626e-01 8.068645234842535263e-01 8.150431954120755940e-01 8.060970133099659707e-01 8.124682823621214300e-01 8.049558483608757475e-01 8.083518864863953324e-01 8.077463745116131300e-01 8.019938041176621901e-01 8.061910811017639622e-01
7.741801216193210100e-02 9.638249332666230795e-02 3.464993904421765358e-01 5.190493384442512736e-01 4.477227658602624394e-01 4.831141263239411288e-01 7.262137137350305194e-01 1.000000000000000000e+00 6.711315479559947228e-01 6.056255814301113594e-01 7.023145459748023622e-01 7.376663678803163648e-01 6.375164761609515285e-01 6.917468765613282722e-01 7.702156957944086280e-01 7.559885057801012387e-01 6.852692904043644617e-01 5.714811088826241559e-01 6.440350176794611414e-01 6.256437898880294890e-01 6.576704611316491755e-01 7.048240024234700973e-01 5.552772648240720255e-01 5.985401742834726146e-01 6.256466611908261255e-01 6.921417316545049880e-01 7.032448397970538778e-01 7.067218913434117900e-01 6.742405793840573480e-01 6.923804455973434635e-01 7.447654243975390109e-01 7.253600385002363371e-01 7.018268989891125464e-01 7.249461586895867837e-01 7.085493364415226258e-01 7.424582360809408588e-01 7.283343244269866457e-01 7.714063123508878572e-01 7.723960562894235382e-01 7.389133436217654172e-01 7.693015447501523330e-01 7.646287713428421284e-01 7.766080626644599194e-01 7.792176351613944174e-01 7.670747537439289720e-01 7.713703193868464147e-01 7.657567812667407381e-01 7.738800545723463209e-01 7.733062827874050971e-01 7.831564381843723055e-01 7.910170655906277881e-01 7.595279726415327115e-01 7.639888378626740195e-01 7.638639187892625193e-01 7.778565773785047766e-01 7.750200014868289244e-01 7.798595994929135022e-01 7.730235595785550640e-01 7.814061038491220135e-01 7.659018703541046191e-01 7.777715021882196655e-01 7.817569250583680240e-01 7.839601592595051294e-01 7.708181468856710739e-01 7.667241049604204273e-01 7.770939431376922002e-01 7.689778146539955062e-01 7.575214562238444804e-01 7.606239202081912509e-01 7.955405190472327748e-01 7.796023639854976484e-01 7.682346634905553584e-01 7.565809840280155463e-01 7.494580271116371151e-01 7.669277305216360974e-01 7.681615990985177778e-01 7.661728093510015158e-01 7.554077537234255013e-01 7.648875884853755247e-01 7.587838852451481708e-01 7.602533441686707416e-01 7.643800210779637672e-01 7.688722734849019469e-01 7.648733153505261617e-01 7.727063941285280402e-01 7.618208654040324879e-01 7.677964688505686253e-01 7.712475841989511194e-01 7.672069289787757373e-01 7.768521860021116998e-01 7.741683514179132919e-01 7.707818933905564718e-01 7.705726750651759049e-01 7.710021356278449201e-01 7.632708319857766099e-01 7.704965133588870252e-01 7.826708091996659178e-01 7.779320344584328417e-01 7.751621764747519405e-01 7.760493547214899479e-01 7.734103682555650838e-01 7.755035402059446970e-01 7.673457504689723541e-01 7.720044648836614787e-01 7.761825681519201048e-01 7.752814038925639473e-01 7.759488123426536710e-01 7.698042471502408723e-01 7.778706667541751552e-01 7.688695679366750468e-01 7.772358393248187669e-01 7.674616477028662898e-01 7.727933623181327816e-01 7.705391186945063087e-01 7.671967575039017051e-01 7.721988904104263307e-01
1.463309070493494513e-01 1.591229701153650533e-01 3.655347879853597104e-01 5.020351103148652516e-01 4.188724227831223113e-01 4.889930184080181763e-01 7.011440573041342050e-01 6.711315479559947228e-01 1.000000000000000000e+00 6.880838026578206534e-01 7.759980993281822004e-01 7.873814645650794031e-01 6.972228007179928078e-01 7.363112348035434351e-01 8.189555501754263167e-01 7.936767505035600134e-01 7.860175460852913965e-01 6.228044125225749017e-01 7.267266061236525854e-01 5.669874284106148910e-01 6.607045932167768809e-01 7.730822978562587044e-01 6.931174220749075632e-01 6.842912823796934996e-01 7.295793617452054347e-01 8.177837816839244045e-01 8.166172662424576734e-01 8.085891376796376928e-01 8.040869652649688115e-01 8.155083050736599004e-01 8.407380717829477934e-01 8.103040335635967040e-01 7.746083518036570581e-01 8.065001485201214182e-01 8.086931770957797028e-01 8.088408867570300309e-01 8.299035330634176866e-01 8.235488790056313402e-01 8.397949133081071826e-01 8.035785338032752634e-01 8.489873329274157943e-01 8.400239887346055978e-01 8.296545660590451954e-01 8.452412258734518513e-01 8.483561484493312710e-01 8.368409040905473439e-01 8.497827722460939981e-01 8.535081908173095533e-01 8.437132537223347439e-01 8.216524947240082533e-01 8.382263467077171182e-01 8.161839907750613188e-01 8.331401180837838538e-01 8.595362697394124396e-01 8.409041161375868656e-01 8.331483469095650740e-01 8.453635558081197265e-01 8.459449368471912978e-01 8.476473956555425904e-01 8.537822112009443298e-01 8.505900478389778474e-01 8.522181393967762641e-01 8.397713404815955185e-01 8.357342162801493224e-01 8.545128885605756119e-01 8.628332904649463897e-01 8.588762473513467111e-01 8.487381134875587874e-01 8.551911952133767203e-01 8.321311930210669727e-01 8.545718939499137301e-01 8.620697767191520811e-01 8.459322252420661270e-01 8.517167119789557095e-01 8.664150678293521812e-01 8.611582804131538982e-01 8.587757384708716302e-01 8.604055320761918590e-01 8.558419588321887206e-01 8.594712130239334780e-01 8.633263082595121762e-01 8.612353712533912242e-01 8.603366108641006260e-01 8.551674892265547223e-01 8.455638479321972989e-01 8.539823330492281039e-01 8.588819859280238944e-01 8.467106065187055552e-01 8.522875479292426615e-01 8.505809718065503455e-01 8.478619571832095581e-01 8.523952403514264420e-01 8.529925700889992024e-01 8.478579529453519337e-01 8.469113677421715725e-01 8.518103620704329249e-01 8.370551080121835241e-01 8.472168851711021631e-01 8.430125890630039143e-01 8.444177915927476574e-01 8.474358684555617360e-01 8.478301642455707832e-01 8.469190192612184864e-01 8.466568952073894039e-01 8.542448977424991208e-01 8.503496553658302926e-01 8.499585985236575159e-01 8.564957406854111222e-01 8.568361844251465298e-01 8.491470480831898593e-01 8.459861883526521575e-01 8.535991233568942516e-01 8.499497623728742290e-01 8.501515676103156283e-01 8.573829171298261720e-01 8.599585138395023920e-01
5.014607024943260744e-02 1.572272558715263335e-01 2.854505996461076944e-01 4.335763696042935211e-01 3.871460883289231658e-01 4.461218125302530702e-01 6.307645369287062653e-01 6.056255814301113594e-01 6.880838026578206534e-01 1.000000000000000000e+00 7.137905512202147307e-01 7.195078081140626747e-01 6.569162114328729318e-01 6.794897912223167857e-01 7.566496599258937250e-01 7.362520698399450669e-01 6.700258337562681188e-01 5.226993214529720433e-01 6.326530498399062230e-01 4.375004144328569211e-01 5.310047966766766603e-01 6.717613421627580683e-01 6.203884234861359870e-01 5.994068506084917480e-01 6.499455771431305040e-01 7.212023381082055540e-01 7.183475342170128064e-01 7.326719308442795064e-01 7.031568785188436754e-01 7.237677279334733260e-01 7.556226240758133761e-01 7.325099754479140746e-01 7.072229194938184360e-01 7.387263781269007845e-01 7.293363014171450054e-01 7.239249114142429775e-01 7.468943312759092068e-01 7.732158479002819718e-01 7.779680852060286700e-01 7.400862628387163689e-01 7.794848063563695195e-01 7.769150969683634722e-01 7.621471397855099639e-01 7.807939978174477380e-01 7.744894559333207473e-01 7.771416279539447025e-01 7.891107141458483243e-01 7.925176848548404207e-01 7.804470961029179588e-01 7.501070690855827783e-01 7.785114690927997794e-01 7.128537095398023160e-01 7.696233575237261260e-01 7.848795532198229452e-01 7.721447287830670581e-01 7.758866287861132527e-01 7.604884166364442866e-01 7.807984353154738821e-01 7.866790591923744635e-01 7.841606628842417992e-01 7.805782578218170009e-01 7.818862198261214980e-01 7.744400062624110515e-01 7.674893989187604459e-01 7.660603818739912807e-01 7.743360700724770673e-01 7.875020562661891876e-01 7.761061300845025768e-01 7.828091697042811603e-01 7.370184432380957329e-01 7.729908986138984694e-01 7.868217463503486275e-01 7.737592261790487980e-01 7.793436952983563426e-01 7.904620881934816268e-01 7.849887881582269245e-01 7.870045259787316061e-01 7.813239111392668024e-01 7.914926648909915707e-01 7.920043640491598591e-01 7.896267635353864112e-01 7.884986760986101295e-01 7.901741088976526051e-01 7.902114849025168031e-01 7.830006669542921571e-01 7.884770831443718153e-01 7.904314622735810758e-01 7.887440503505879219e-01 7.911743324216304885e-01 7.877740440643684616e-01 7.852313416671462543e-01 7.878317910158901816e-01 7.907479433241912936e-01 7.891492782994928845e-01 7.896349667442857934e-01 7.925302997593868248e-01 7.749309076879538072e-01 7.702343512681320004e-01 7.815208226621245258e-01 7.872451992058140391e-01 7.873620100854900050e-01 7.840842314808607050e-01 7.789741603185693641e-01 7.855034500016112586e-01 7.769413216621063878e-01 7.808522896789165113e-01 7.870213231177568547e-01 7.934805327435275890e-01 7.921809828585437696e-01 7.885366236340913826e-01 7.894200848104337975e-01 7.866343354237268493e-01 7.897952582096131602e-01 7.830102726399785773e-01 7.822104056869988442e-01 7.837948094508422336e-01
2.447025363900250453e-02 1.170497726283280387e-01 3.536822359677065930e-01 5.560879677424728218e-01 4.423309494179488710e-01 5.322794618158736002e-01 7.470915063676812906e-01 7.023145459748023622e-01 7.759980993281822004e-01 7.137905512202147307e-01 1.000000000000000000e+00 8.460841876921226801e-01 7.468222463228137986e-01 7.776690336908548273e-01 8.655216487237940015e-01 8.449424730434755837e-01 7.627439178141606213e-01 5.767955841109301263e-01 7.018377878582687801e-01 5.626033843273628987e-01 6.423824969447441413e-01 7.720114769238781705e-01 6.624488736250532250e-01 6.562808863915892132e-01 7.062747070816635109e-01 8.087965323273886842e-01 8.110129811927453414e-01 8.109130046121331148e-01 7.736006811592955890e-01 8.085196432455883375e-01 8.649912860185509089e-01 8.077486611623768686e-01 7.718439349775521041e-01 8.109818656347831389e-01 8.039461217275535310e-01 8.170930228913730886e-01 8.434335746389373112e-01 8.529551437735887198e-01 8.746808169766810970e-01 8.348279836739528337e-01 8.793177805798676472e-01 8.788463465862472734e-01 8.698698475655147755e-01 8.824684874194290707e-01 8.738441200179738466e-01 8.783223606209353829e-01 8.876633680181139630e-01 8.878330527485464030e-01 8.771368142450777228e-01 8.473054325334014036e-01 8.723897811029274196e-01 8.336921437008267821e-01 8.771013831874252542e-01 8.729380706460176942e-01 8.525523395894786249e-01 8.649192720798861700e-01 8.563146791216471598e-01 8.837930562785268895e-01 8.765861869395065176e-01 8.847561325692050449e-01 8.838295808331380066e-01 8.783273714818274902e-01 8.673757957570187305e-01 8.691990605341251008e-01 8.714016959967308962e-01 8.747003617557373989e-01 8.870321223034025593e-01 8.649844036980471884e-01 8.738136006000473133e-01 8.601946723836568776e-01 8.787174355315149343e-01 8.821666120505002873e-01 8.622075182192259213e-01 8.640473643431508810e-01 8.860307825698184869e-01 8.862170665298407801e-01 8.838961297509839721e-01 8.737937184428511417e-01 8.832208976525397492e-01 8.823259189873330355e-01 8.813160078733617286e-01 8.916072860252646226e-01 8.876150420840425159e-01 8.788228350422370161e-01 8.798546778343433461e-01 8.791808884306069327e-01 8.887373788762312765e-01 8.876525470751176483e-01 8.886417066376013363e-01 8.851688991201144274e-01 8.868785748190977092e-01 8.909043741242745895e-01 8.931588089249279383e-01 8.915631344391943269e-01 8.885636064220994168e-01 8.892523144029669258e-01 8.816010479205473871e-01 8.751568550331307872e-01 8.863998857175919843e-01 8.889051992650038869e-01 8.879868569645347209e-01 8.846566665003959828e-01 8.894227028943075819e-01 8.898787264079784931e-01 8.859025583400180759e-01 8.800810063661163030e-01 8.855569557083843302e-01 8.886361318284932143e-01 8.869943619773328347e-01 8.893160791380083641e-01 8.871242236106416934e-01 8.881387415939253627e-01 8.871571190371329019e-01 8.851461263317318418e-01 8.860999982496375882e-01 8.856687028427930874e-01
-1.833514755153843601e-02 1.048789510954869497e-01 3.148829722024301669e-01 6.274337162317255023e-01 4.860237979023410704e-01 5.566587015840681607e-01 7.771588931176799386e-01 7.376663678803163648e-01 7.873814645650794031e-01 7.195078081140626747e-01 8.460841876921226801e-01 1.000000000000000000e+00 8.183141227708196075e-01 8.232292292540098755e-01 9.108992153126892477e-01 9.052034292247708169e-01 7.717792137710460798e-01 4.980239265607024901e-01 6.475772709436320440e-01 5.854693820293100925e-01 6.461366767303036163e-01 7.522259413636848135e-01 5.783992984929164916e-01 5.780388743430110443e-01 6.411231334097436951e-01 7.742549292769610458e-01 8.036781731719435662e-01 8.036126409112958058e-01 7.562568286998743172e-01 7.779955831720868353e-01 8.600579268833773439e-01 7.793869998479738825e-01 7.496795973983373385e-01 7.912894292175007838e-01 7.775108244489625786e-01 8.266402498076942384e-01 8.226058861712746140e-01 8.736434686430368801e-01 8.944685799263788484e-01 8.337721346166306891e-01 9.012126431638601831e-01 9.109131451133141155e-01 9.070913718278936777e-01 9.201375159747832155e-01 8.874789994370136936e-01 9.054109777645794610e-01 9.278146430475437967e-01 9.254343748837845496e-01 9.229948664394286295e-01 8.861999591614203586e-01 9.090699582071680718e-01 8.745168495363139227e-01 9.235846487675706262e-01 9.007079069757222278e-01 8.784225483021900205e-01 8.813287968259008176e-01 8.941484876408798410e-01 9.218145086862172821e-01 9.174584336489983727e-01 9.327496768408046757e-01 9.338523360953221442e-01 9.206235232194673879e-01 9.054443606100652797e-01 9.239119558505003438e-01 9.166580978241806177e-01 9.167461841870556682e-01 9.232158051285815903e-01 8.635307770158681118e-01 8.757199040766799891e-01 9.043689962465857324e-01 9.055599154154706509e-01 9.001300227097903672e-01 8.610650841203667527e-01 8.615192656076470223e-01 9.081887431502247976e-01 9.123561615822523008e-01 9.075808118501538235e-01 8.994215853253502146e-01 9.116257841876180823e-01 9.047427198332581577e-01 8.969377740545125821e-01 9.196036347237711572e-01 9.108844651606299303e-01 8.974011008945242951e-01 9.128035723802432333e-01 9.015666156832354838e-01 9.117611620291391494e-01 9.263320297321755437e-01 9.247113946082093916e-01 9.130308947150692633e-01 9.117698019058034786e-01 9.307561954949695737e-01 9.273740997329503744e-01 9.316044934042055914e-01 9.361211878026103328e-01 9.335164616300747342e-01 9.285059316642604310e-01 9.266208430036977362e-01 9.383095453769338956e-01 9.323590857960013523e-01 9.298672168987629494e-01 9.352363704246732246e-01 9.352564836489888345e-01 9.392432757762388951e-01 9.316576867240772275e-01 9.223601236897202016e-01 9.341170212208965706e-01 9.262389840997815593e-01 9.235699745775860503e-01 9.341010868396465439e-01 9.285290483762527192e-01 9.354899591977517970e-01 9.322185118950413463e-01 9.354748278283514518e-01 9.293855549786984582e-01 9.292155612822913247e-01
-2.574591726259148686e-02 1.069149521687629140e-01 2.178563980180440451e-01 5.204928582513376201e-01 4.512676842443987812e-01 5.021385700796578977e-01 6.769953964016296455e-01 6.375164761609515285e-01 6.972228007179928078e-01 6.569162114328729318e-01 7.468222463228137986e-01 8.183141227708196075e-01 1.000000000000000000e+00 7.374452247213809652e-01 8.096308027737146862e-01 8.254491587445303979e-01 6.796628227178064252e-01 3.945276522738678793e-01 5.460301077954737847e-01 4.542827597937937889e-01 5.123683836370820366e-01 6.464112152611397599e-01 4.833803127739506600e-01 4.740015605162630208e-01 5.407694259156147210e-01 6.669188501730705099e-01 6.757476864113656223e-01 6.896187178283619268e-01 6.464062288454670568e-01 6.759975977413178461e-01 7.360935821365042209e-01 6.715386283471973528e-01 6.435174054075089023e-01 6.868910675373420816e-01 6.771187867052468334e-01 7.249540655202688644e-01 7.085064251242256805e-01 7.615572839062824118e-01 7.907153168393601383e-01 7.126680063359418504e-01 7.934372912627492003e-01 8.065966160990944989e-01 8.037956243630232089e-01 8.148647773816445339e-01 7.736521873128723303e-01 7.943233287599509307e-01 8.316723294234856789e-01 8.253132296558942649e-01 8.212308940279735570e-01 7.765691265753131844e-01 7.955369103297692535e-01 7.700361757214063685e-01 8.270907336669611754e-01 7.986487392296756083e-01 7.627072633633662502e-01 7.625839270639477308e-01 7.805651678398545235e-01 8.220339072891652554e-01 8.084720280810168136e-01 8.378921683771082263e-01 8.352736409875568535e-01 8.148278439465513889e-01 7.949193255591652241e-01 8.292316380272913845e-01 8.209587082995719598e-01 8.143659976022341596e-01 8.254669104681567893e-01 7.608232454130892108e-01 7.768059654236293410e-01 7.827297316196761834e-01 7.991448092203555786e-01 7.997437557648043871e-01 7.562652520060584305e-01 7.570684087336910784e-01 8.055491697542429552e-01 8.068711626361949607e-01 8.030332587427947422e-01 7.957924005602082795e-01 8.116943149408503144e-01 8.066846945990530093e-01 7.944561043983067172e-01 8.136366404021775356e-01 8.101310129814687233e-01 8.003442648997026732e-01 8.130860726005278982e-01 8.019138741842238849e-01 8.071716518301329524e-01 8.272619463856395461e-01 8.263918521949031870e-01 8.082238222829790653e-01 8.067406645530158515e-01 8.311702411736289209e-01 8.273503568727579305e-01 8.316784192714267165e-01 8.391832853949269255e-01 8.367142997434324769e-01 8.264968292216805512e-01 8.219235740556044556e-01 8.397081328784874454e-01 8.367901690528002367e-01 8.314286731206718128e-01 8.334274865874423677e-01 8.382975642225286572e-01 8.416400784209888686e-01 8.325496035077273316e-01 8.187222938832205976e-01 8.322186191623001106e-01 8.298572182760670657e-01 8.212723427824281108e-01 8.377128478300948089e-01 8.243918951605382350e-01 8.402410559110594646e-01 8.326160182941493293e-01 8.420686050968330116e-01 8.349879137765626735e-01 8.292726340338824054e-01
