1.000000000000000000e+00 1.610435921256162806e-01 9.451973670095289992e-02 1.259491415773829892e-01 6.305841278083403056e-02 -1.455530859024161544e-02 1.338536139653191959e-01 1.001590636225288267e-01 1.338704130536380599e-01 5.266103563260806503e-02 4.628318200959723877e-02 4.691956919587277064e-02 5.120846763375137140e-02 2.369826910144988072e-02 4.989601224822340364e-02 5.100008885715386769e-02 9.647627425427900139e-02 1.278134244838317612e-01 4.195526737890205998e-02 2.224739373252731800e-01 1.112557415168362873e-01 3.644487979360780394e-02 8.953033915729509407e-02 7.872987500595289567e-02 5.307451226664442606e-02 6.340782705323336210e-02 7.680491980662181029e-02 4.887247017862235421e-02 1.296414144124367895e-01 1.147358846225745022e-01 6.277372144056832248e-02 4.968020428332475813e-02 6.589189010872104069e-02 4.829080365444236161e-02 6.874708010799576718e-02 2.444988810354208758e-02 3.679926746123302755e-02 1.306043247610931719e-02 4.027619483245346160e-02 1.436182113269029829e-02 1.162344691468150323e-02 7.527104707799570429e-03 -4.807757113465344935e-03 4.518262848748065552e-02 1.582917770855455861e-02 3.424279662640362237e-02 1.352533691407014314e-02 3.974567534032096006e-02 1.933078052530054491e-02 3.031583172729166581e-02 2.151017340195501837e-02 3.098347973414473239e-02 2.342274626508857038e-02 6.321033350227270309e-02 5.779177757464290521e-02 3.734877995389929151e-02 6.209060836397442551e-02 2.403359959440756408e-02 6.472283919495000482e-02 3.512863994644333659e-02 2.581206649017625185e-02 7.084806743528386519e-02 3.705234486562335866e-02 4.295206755308291630e-02 3.413111018748028053e-02 4.319424436651816968e-02 2.518797971916007100e-02 2.709744722928141697e-02 5.949159272989629904e-02 7.900355371194697773e-02 1.734862991633073434e-02 1.987590828472308307e-02 3.247174606911912981e-02 1.873381240448510412e-02 4.213589033960958574e-02 3.780773300454669250e-02 4.181324908241931121e-02 6.472320020311547739e-02 5.683555489144887646e-02 4.616135942405760056e-02 3.106301873337740868e-02 2.597979834038125282e-02 3.946593594086311024e-02 3.189919073833376306e-02 2.804212894477405363e-02 2.712282473208619399e-02 1.473745787569003853e-02 2.457671676536122771e-02 2.021526424489710622e-02 3.909112136617305666e-02 2.084131579767446382e-02 1.934294116311176606e-02 9.497790646658578126e-03 1.766805597327542748e-02 1.193123317527307499e-02 2.315598672381418560e-02 1.244740717318176641e-02 4.577944548703636457e-02 1.129488133566034468e-02 2.318224899179908288e-02 3.346055222532163392e-03 3.130620921178567384e-02 1.422297477484119402e-02 1.066287368259501850e-02 1.808464853460959101e-02 3.343439408822179715e-02 3.178369894538231322e-02 2.951448653378943576e-02 2.589336105152524950e-02 2.552114413171553686e-02 2.746478050096912149e-02 1.831246471458616507e-02 3.451749179294295172e-02 3.352321067573262037e-02 3.595419879803792018e-02 4.149197844147933106e-02
1.610435921256162806e-01 1.000000000000000000e+00 1.257227157485895086e-01 1.793253313171947472e-01 1.051395366039628437e-01 6.789559993153043704e-02 2.211456598272146246e-01 1.706578319478707084e-01 2.195596728175525647e-01 1.978768069352580539e-01 1.766341093359724557e-01 1.815745140989252215e-01 1.723558958603579883e-01 1.683459170592808973e-01 2.008125273013396661e-01 1.884971628360023188e-01 1.771950055582787731e-01 2.314982116972642279e-01 1.862897800436828233e-01 2.542919206128721465e-01 2.076728361576098136e-01 1.691376598422007493e-01 2.126542617662884327e-01 1.949376247860053757e-01 1.907330107250541640e-01 1.943482980615123812e-01 1.955108876247511340e-01 1.773357258298684513e-01 2.507361003030746383e-01 2.402607404414377201e-01 2.044229653364786903e-01 1.936929619663285973e-01 1.994941314856401859e-01 1.779826584295070013e-01 2.044295414298772096e-01 1.664760990071035840e-01 1.695086024307962957e-01 1.586701677615111050e-01 1.788961229337209247e-01 1.653459852707532818e-01 1.726652997380249965e-01 1.647790630683008128e-01 1.404731510601831268e-01 1.742905897739516485e-01 1.691258103889461406e-01 1.797498026454818487e-01 1.703014579265460238e-01 1.878300969860229319e-01 1.733648092648156225e-01 1.634390915387859133e-01 1.661560717627923733e-01 1.479785613717450321e-01 1.608110729574860620e-01 1.992298483275207477e-01 1.925803613853548923e-01 1.911330535845884027e-01 1.814129129860683198e-01 1.646812453912123719e-01 1.881664167087554740e-01 1.827899906596809343e-01 1.718815371580852402e-01 1.922401578510379294e-01 1.715429607322317695e-01 1.801691876009476334e-01 1.783356442707475231e-01 1.821526267434010748e-01 1.811447200006249258e-01 1.805066557171761121e-01 1.991769817365479922e-01 2.042286033266204059e-01 1.717486053954758729e-01 1.735624375885974069e-01 1.795719275412414884e-01 1.745353827839713767e-01 1.901988901447247693e-01 1.850236761170661881e-01 1.914627750318159960e-01 2.137475925400272037e-01 2.035149377857143616e-01 1.990067104222823513e-01 1.856587324524192062e-01 1.843791634574581395e-01 1.945127061499366539e-01 1.877148273629488662e-01 1.745510860399248354e-01 1.760389277183966317e-01 1.680003599530573433e-01 1.808687202343831624e-01 1.765524907964218793e-01 1.967049784174956517e-01 1.727486716895545171e-01 1.756298226513928473e-01 1.670862109671494289e-01 1.718298724890678919e-01 1.733068968901265439e-01 1.800524997339598976e-01 1.761185609589891454e-01 1.842688302893109586e-01 1.764820003613157273e-01 1.774262659727622038e-01 1.677013327867261372e-01 1.832874863342129623e-01 1.679553895423649690e-01 1.673220181461802514e-01 1.715278344305055935e-01 1.871206470407746070e-01 1.854981945431309065e-01 1.852187317189528670e-01 1.853420504225273824e-01 1.830883333822146963e-01 1.859617068014822183e-01 1.777407384456350381e-01 1.885085485076157252e-01 1.863374392396440205e-01 1.807400720759706481e-01 1.856277851598129303e-01
9.451973670095289992e-02 1.257227157485895086e-01 1.000000000000000000e+00 3.393200950794593718e-01 2.274938995869669189e-01 2.508942918692582125e-01 3.706282217323972339e-01 3.422950908063165376e-01 3.866526081512847157e-01 3.504098504258365554e-01 4.058264922170655153e-01 4.077951705293167972e-01 3.636428289033014627e-01 3.725140375196300813e-01 4.103685244116915265e-01 4.105089393407830856e-01 4.008918662889470186e-01 4.106111896896435520e-01 3.934834643877372362e-01 3.726665672776608429e-01 3.909983832502994527e-01 3.958796067812980768e-01 4.035414767718087381e-01 4.012685447998420862e-01 4.123983195340936714e-01 4.180878777463072349e-01 4.178279606323150874e-01 4.080478730699071410e-01 4.056583392706528679e-01 4.180198938107779760e-01 4.168424161914821013e-01 4.120643908655335363e-01 4.131898451874987943e-01 4.204924974186446396e-01 4.159741446246688623e-01 4.106483163575370132e-01 4.091924441337579932e-01 3.952312402296792038e-01 4.195998794848532776e-01 4.128330242996654520e-01 4.073492025767125879e-01 4.116524252032557341e-01 4.032157357625555938e-01 4.148215304870900844e-01 4.129819664166100579e-01 4.189000548544729030e-01 3.940457466741655868e-01 4.060049980958452265e-01 4.038131055642643630e-01 3.960622105984943353e-01 3.960548309813001211e-01 3.899211939703157159e-01 4.046922127486531351e-01 4.102680181571357054e-01 4.062799337629905971e-01 4.162440354606018467e-01 4.013341054523223983e-01 4.053710351011948765e-01 4.056310009558936058e-01 4.082322252102700832e-01 4.039275163861021922e-01 4.118297119119060934e-01 4.029404742358890790e-01 4.040760174264499960e-01 3.976668051384953939e-01 4.069556544097078232e-01 4.042212955256984652e-01 4.069088094798548050e-01 4.220396697469185887e-01 4.155565212476580728e-01 4.063767308945899215e-01 4.078118809941678746e-01 4.079349920344390035e-01 4.096196118761040172e-01 4.164607049606500189e-01 4.127027524637503775e-01 4.114856933706472764e-01 4.143531343995078275e-01 4.177716445265728940e-01 4.192068865389697030e-01 4.098404782373117894e-01 4.080766280786983780e-01 4.184439216352657809e-01 4.144023043750900692e-01 4.145209978982734023e-01 4.126123143217145239e-01 4.103172910735915502e-01 4.121855944019707785e-01 4.142364344683459598e-01 4.185274131505861139e-01 4.172366961541394415e-01 4.088962025643672060e-01 4.093888716656128857e-01 4.088366811715092863e-01 4.033322498630087516e-01 4.054649248135225870e-01 4.142895388718183525e-01 4.039668511221808367e-01 4.077506513436651159e-01 4.085187200784926032e-01 4.164528846757845626e-01 4.115366389920715462e-01 3.985031187175864242e-01 4.074220012694015902e-01 4.065468015474358876e-01 4.062276781471545473e-01 4.094351636939746464e-01 4.039485754595060762e-01 4.078734147712417268e-01 4.067518219601627960e-01 4.089649114835511856e-01 4.054685430093446508e-01 4.120963481237218673e-01 4.109300595138452583e-01 4.072884506291826190e-01 4.062964616770065041e-01
1.259491415773829892e-01 1.793253313171947472e-01 3.393200950794593718e-01 1.000000000000000000e+00 3.863301401574618099e-01 4.165879560910382140e-01 6.205852218296777911e-01 6.139107890901472908e-01 6.270944058313767666e-01 5.374714014648698246e-01 6.114042413616846972e-01 6.561460766650074605e-01 5.939551480080496049e-01 5.770463192172985423e-01 6.548061479021959341e-01 6.483993321701967405e-01 6.258902731964177679e-01 6.480622555637126636e-01 6.393686705326652175e-01 5.797311715231404650e-01 6.378057410083821654e-01 6.547310365628195017e-01 6.514729012626440108e-01 6.404024514977282312e-01 6.687296157332975888e-01 6.632749493544751740e-01 6.487128165653029965e-01 6.426824720868186125e-01 6.483596292533153616e-01 6.632940635135601282e-01 6.699240526511230920e-01 6.522142539277815398e-01 6.078462533581510119e-01 6.391480274646597071e-01 6.305396254449187055e-01 6.519342908258046743e-01 6.380199464908746787e-01 6.464540878281557212e-01 6.600485478985881338e-01 6.423378546475714268e-01 6.517911118110825131e-01 6.519044502951945042e-01 6.537841796910706105e-01 6.674497658359401786e-01 6.588872928632888426e-01 6.587169161218640046e-01 6.397777751963696913e-01 6.557395128185240507e-01 6.474891465713036309e-01 6.478183121835371372e-01 6.553256643213555277e-01 6.443455946814440338e-01 6.461095146422475288e-01 6.555938822926754561e-01 6.617492087624452513e-01 6.702700735194403459e-01 6.589060787628668869e-01 6.503680777932101531e-01 6.545037751905634638e-01 6.585091010543525636e-01 6.474593550985698887e-01 6.640226620687238457e-01 6.555038918551554517e-01 6.537964121925474714e-01 6.541017487734795965e-01 6.644910174464283559e-01 6.475589146750990732e-01 6.589424229092392116e-01 6.664979930525583018e-01 6.689994833935085650e-01 6.554755786881212298e-01 6.536219961807172574e-01 6.524780236178265858e-01 6.608522262699653149e-01 6.663797635661833363e-01 6.606621787965161197e-01 6.587039050799832207e-01 6.638591759875314136e-01 6.653949822844137385e-01 6.609131663071309282e-01 6.562593091612488605e-01 6.556076560201871128e-01 6.681807748946742009e-01 6.530426566461013937e-01 6.552842727282766067e-01 6.521465505594958856e-01 6.540821627453737852e-01 6.598808802813950214e-01 6.558183707469080748e-01 6.719272639202173991e-01 6.606265173251060219e-01 6.573677565654689747e-01 6.536248932220047880e-01 6.573737585569717767e-01 6.463661138266255657e-01 6.510674989093411247e-01 6.631221179067988691e-01 6.552567614107370764e-01 6.480636001026155446e-01 6.541185487331437898e-01 6.602661109811787110e-01 6.591573907980964320e-01 6.503052621624949570e-01 6.560089481238845499e-01 6.583074524740279987e-01 6.594987770669894500e-01 6.578192310144153065e-01 6.524670536271443000e-01 6.571446072771249813e-01 6.549134975471470055e-01 6.578366864626066235e-01 6.487138716870032296e-01 6.594349670171769651e-01 6.609518255722960367e-01 6.593866718935247340e-01 6.590506953172883264e-01
6.305841278083403056e-02 1.051395366039628437e-01 2.274938995869669189e-01 3.863301401574618099e-01 1.000000000000000000e+00 3.472435547290373958e-01 5.019200031125613526e-01 5.002484635359366605e-01 5.139933936111904522e-01 4.331227560278699817e-01 4.999243404496789278e-01 5.278549460344312827e-01 4.895434684580484697e-01 4.474798819204401368e-01 5.217944609708101700e-01 5.320595305278116305e-01 5.198430126938072826e-01 5.104633858253003753e-01 5.070413702976857007e-01 4.972021366778735518e-01 5.191041330754044836e-01 5.318051248269898279e-01 5.123952757106494671e-01 5.120285988737852678e-01 5.274800156631738179e-01 5.523491568903156068e-01 5.343973007340917514e-01 5.192661157181174270e-01 5.147176895236404981e-01 5.351510579186326000e-01 5.326018889124588540e-01 5.245283417753067168e-01 4.817607269610643672e-01 5.201746412966566924e-01 4.945556575934533239e-01 5.170165752157090955e-01 5.100160141334623143e-01 5.215734176776275488e-01 5.307474399670083498e-01 5.199903682159090490e-01 5.244947051104077440e-01 5.282722323458357572e-01 5.214607962765378524e-01 5.438702755314677173e-01 5.255271183816075942e-01 5.336987016767350545e-01 5.207795855832875187e-01 5.292340248174347561e-01 5.228271638102531815e-01 5.227845717957321225e-01 5.294980516862465292e-01 5.217915842933267268e-01 5.296188986413210564e-01 5.233484452875396542e-01 5.260916526592912534e-01 5.353113726060770849e-01 5.237663358173446637e-01 5.318728619579273786e-01 5.227075923101667243e-01 5.315341398228127234e-01 5.227866690196127930e-01 5.322122102948287914e-01 5.202610281003847703e-01 5.256854881961918746e-01 5.306922362356678580e-01 5.348029559554580148e-01 5.254265875172851041e-01 5.312002889947420314e-01 5.342401210348667329e-01 5.559403497541380856e-01 5.359548051165854421e-01 5.272010886731451906e-01 5.316044088651586952e-01 5.325042764740142154e-01 5.448996839648119206e-01 5.346478410561587014e-01 5.356282374380479938e-01 5.351566392928946980e-01 5.433013874661563047e-01 5.322255920921604710e-01 5.296944818133804134e-01 5.264462193698478121e-01 5.285752163822649008e-01 5.254657412646318582e-01 5.189933587845150242e-01 5.264289265105648319e-01 5.219329309443869747e-01 5.301080640013240419e-01 5.278311965799872274e-01 5.370398437172299033e-01 5.282334071601877401e-01 5.329769133428249317e-01 5.235367572322404683e-01 5.317294778193878413e-01 5.200896731887445501e-01 5.235255694459407527e-01 5.169516389948414226e-01 5.152125025330236419e-01 5.198860947646138930e-01 5.216832799257339337e-01 5.293263452457765972e-01 5.206320208220158730e-01 5.247153827242967417e-01 5.274925529681212533e-01 5.260700893220745522e-01 5.180518181427520297e-01 5.279474821758139980e-01 5.248591766384145263e-01 5.287499065188326908e-01 5.302596498751340759e-01 5.239326342590691077e-01 5.247004352053562526e-01 5.247171564829532509e-01 5.229296602519855064e-01 5.285911535916564263e-01 5.279732302187212234e-01
-1.455530859024161544e-02 6.789559993153043704e-02 2.508942918692582125e-01 4.165879560910382140e-01 3.472435547290373958e-01 1.000000000000000000e+00 5.342406508312593783e-01 5.263132849763628718e-01 5.833188236889296219e-01 4.992243268490116348e-01 5.936758492267177889e-01 6.130281083413967602e-01 5.567538745408193712e-01 5.644259168024262641e-01 6.208538394529212745e-01 6.115132168001718993e-01 5.805463677658657673e-01 5.614428826308356379e-01 6.042303721557620300e-01 4.590464542941501414e-01 5.705450021043448894e-01 6.302217360133594015e-01 5.757531436234042399e-01 5.753658975003549392e-01 6.144199331776635242e-01 6.065571462738404973e-01 6.020859678360127587e-01 6.105272621986743697e-01 5.726892890561686711e-01 5.944469773264836610e-01 6.249418463756366560e-01 6.252585948810885919e-01 5.944955811724487171e-01 6.206667454025377451e-01 6.079860368078736643e-01 6.333896997269019558e-01 6.382386652201643695e-01 6.312811281708389233e-01 6.385294188340703281e-01 6.176811840072479187e-01 6.380428763122678593e-01 6.398177283757663369e-01 6.420538111827529537e-01 6.422475755263217234e-01 6.453830601230901021e-01 6.404077450905973912e-01 6.418385331075946443e-01 6.425760634361357138e-01 6.394737964663887997e-01 6.249834397354926407e-01 6.328955766906376734e-01 6.213591618831278973e-01 6.325622854436977471e-01 6.316006809311142112e-01 6.341494146683441802e-01 6.394623243264826451e-01 6.292107661912742511e-01 6.396234705519111552e-01 6.259823512757796138e-01 6.404514001779413324e-01 6.404082445001680890e-01 6.331446379817767811e-01 6.326236347128239013e-01 6.332357848720977511e-01 6.416189278937792784e-01 6.370649388157914039e-01 6.411020016703494750e-01 6.454495070785349897e-01 6.332160558724659882e-01 6.310032098110930354e-01 6.471776370345887486e-01 6.426275390262693454e-01 6.324556423820627549e-01 6.423436085936691242e-01 6.407163593320593931e-01 6.417348106313125466e-01 6.367879398350689835e-01 6.301533208303276012e-01 6.361597311019002721e-01 6.390240327018588129e-01 6.385322209959753970e-01 6.421083586549466427e-01 6.394276721495388838e-01 6.411627755944776519e-01 6.368468322239614343e-01 6.411014328176078969e-01 6.464711472048713103e-01 6.401484825836499803e-01 6.441146251278451196e-01 6.382482383720083918e-01 6.420343532884662530e-01 6.436864602610363750e-01 6.465756949052473557e-01 6.476094301024575284e-01 6.416579752094567768e-01 6.442956328982866188e-01 6.365332860490501288e-01 6.274941352621981050e-01 6.406761725137081198e-01 6.353493936119068985e-01 6.499858484723275431e-01 6.378149293600140490e-01 6.420099118454954956e-01 6.467727202209475612e-01 6.441513717087784530e-01 6.346889836422435760e-01 6.421317980274745540e-01 6.398830171600310424e-01 6.443837121114255329e-01 6.404484404681369814e-01 6.375147123917681569e-01 6.415739497903156785e-01 6.384683899083634095e-01 6.393582790701298757e-01 6.446650611839886968e-01 6.371822987624675694e-01
1.338536139653191959e-01 2.211456598272146246e-01 3.706282217323972339e-01 6.205852218296777911e-01 5.019200031125613526e-01 5.342406508312593783e-01 1.000000000000000000e+00 7.611804239146668927e-01 7.721300904289116751e-01 6.869722097424766361e-01 7.583237917869978251e-01 8.051577034525686516e-01 7.458663541066569147e-01 7.205918635790148352e-01 8.419131159263045783e-01 8.250177839701545723e-01 7.774619435446186166e-01 8.019750389491115961e-01 7.831841201795797236e-01 7.405512950887885859e-01 8.020642979640825176e-01 8.027158081711494031e-01 7.997143946324309915e-01 7.772071075624092940e-01 8.087760753399140246e-01 8.255060157810371058e-01 8.128859036903515189e-01 7.992588746874426109e-01 7.910812939201093963e-01 8.283326794233610846e-01 8.326640170512829009e-01 8.122361883815141237e-01 7.782186832001818377e-01 8.005276135595303932e-01 7.949694009190899635e-01 7.970980892377779181e-01 7.967942373672746159e-01 7.971395789410973265e-01 8.237979899129276307e-01 8.050408365884258455e-01 8.069890370399741553e-01 8.118802505080142673e-01 7.941398573361994062e-01 8.314422039065963999e-01 8.114532629074732162e-01 8.316321847897781838e-01 7.969581324584826820e-01 8.181666066937481885e-01 8.111283044091196492e-01 7.966619911257801778e-01 8.070354986364250971e-01 7.895186915455988386e-01 8.049497963581192517e-01 8.222300601195837721e-01 8.251021364960190452e-01 8.333091374703478493e-01 8.227413886668069054e-01 8.172827615800530854e-01 8.234071752282681178e-01 8.198311465788968855e-01 8.112596301094719964e-01 8.303008998527523499e-01 8.136321133263468841e-01 8.069808689548945146e-01 8.102585640276344092e-01 8.235900498905044387e-01 8.085506896982678215e-01 8.177544238383616104e-01 8.301847074490804612e-01 8.452444750106198335e-01 8.210139488376195782e-01 8.131690973962948377e-01 8.072379615206927150e-01 8.171199838450174946e-01 8.347416769047263374e-01 8.242500548460931498e-01 8.291835905143873919e-01 8.244078027953316568e-01 8.384049027644056018e-01 8.227386885517639081e-01 8.163886918567920814e-01 8.188410754495549781e-01 8.256363622215838749e-01 8.145047526882351896e-01 8.083816740471918560e-01 8.106577644070861455e-01 8.081434129488856977e-01 8.228562088543774911e-01 8.198190735616758262e-01 8.332494470869667991e-01 8.201646925842265290e-01 8.202976022038437343e-01 8.113191098692668080e-01 8.223740131711182455e-01 8.090455592688108322e-01 8.126433237814090216e-01 8.097171780890840553e-01 8.040733140782591049e-01 8.073328010723530568e-01 8.100991132748178725e-01 8.164619503299056502e-01 8.168261894022513792e-01 8.055173307369165592e-01 8.125532360409668531e-01 8.122061996575666853e-01 8.133602530010882736e-01 8.174045311405677694e-01 8.154590459605086661e-01 8.207576609450097926e-01 8.179385880286687005e-01 8.200741860737355005e-01 8.113215898163196327e-01 8.196411068169279224e-01 8.145916688192159638e-01 8.177900761227288040e-01 8.190784065256163649e-01
1.001590636225288267e-01 1.706578319478707084e-01 3.422950908063165376e-01 6.139107890901472908e-01 5.002484635359366605e-01 5.263132849763628718e-01 7.611804239146668927e-01 1.000000000000000000e+00 7.284992225925063236e-01 6.491354226252827875e-01 7.382033074714509091e-01 7.892019444016792340e-01 7.270320707082327250e-01 6.999190074182719545e-01 7.969517497158443708e-01 7.997651249163320042e-01 7.510042125214989595e-01 7.773419344528663677e-01 7.569989361915123727e-01 6.808474701031118625e-01 7.915234083262451259e-01 7.846419697278128602e-01 7.659576068058832066e-01 7.551086133302989944e-01 7.852105546530457891e-01 7.823987493168550467e-01 7.660307771872004734e-01 7.487601786223441191e-01 7.454879966039500427e-01 7.772073206323063532e-01 7.884120456059475757e-01 7.890268313941829481e-01 7.385523167171799130e-01 7.806642411722397590e-01 7.606440746443408063e-01 7.828281726711443511e-01 7.562119307571809612e-01 7.826538674102972992e-01 8.003093108203885864e-01 7.735380763900224776e-01 7.704093013516687405e-01 7.823198546719926094e-01 7.874292497730959184e-01 8.037367402388085891e-01 7.819840586076175493e-01 7.907885018304144920e-01 7.739216708985348081e-01 7.903393661140860615e-01 7.861974712286745604e-01 7.918361227850562178e-01 8.002228142967604541e-01 7.749847569191138374e-01 7.845238285973759051e-01 7.894775294115092823e-01 7.961219217144381854e-01 8.027039813665710621e-01 8.036088285786973096e-01 7.929881046639210007e-01 7.993800733470698416e-01 7.911763694638829225e-01 7.915050384064027389e-01 8.039076238852740364e-01 7.963395895646425693e-01 7.980613624299178754e-01 7.860677646826377263e-01 8.002690059199878414e-01 7.830587174421452801e-01 7.932142261350282331e-01 7.993167090804206287e-01 8.118684991401878825e-01 8.005134932355643107e-01 7.887328298356283129e-01 7.838390487371187376e-01 7.929712027584866485e-01 8.003144033097878696e-01 7.911928177169581522e-01 7.904034183985590989e-01 7.907075919280674992e-01 7.964444064383758848e-01 7.903949243212593512e-01 7.843095384527455360e-01 7.864427451810781511e-01 8.064459758709892068e-01 7.840075113294283637e-01 7.960443654659302704e-01 7.882706106841298466e-01 7.842644823425292122e-01 8.010754264423117776e-01 7.930653955068213135e-01 8.076439689329433236e-01 7.914709622420716961e-01 7.949229308974310459e-01 7.872834783092097499e-01 7.940099935253942531e-01 7.835167349231794143e-01 7.871093105953045344e-01 8.044329691913574276e-01 7.965629818437864884e-01 7.928401479862308143e-01 7.988559062369575692e-01 7.990077926695340338e-01 8.020333286784325777e-01 7.838401956587214281e-01 7.956553261530855403e-01 7.955243169014443172e-01 7.962066332250662404e-01 7.963092136489940964e-01 7.844563863436637696e-01 7.934502889766804623e-01 7.942327022231280287e-01 8.000089063181888838e-01 7.853764888382824827e-01 7.999447720257848449e-01 8.004595325281472773e-01 7.954413138943172701e-01 7.929374296392460719e-01
1.338704130536380599e-01 2.195596728175525647e-01 3.866526081512847157e-01 6.270944058313767666e-01 5.139933936111904522e-01 5.833188236889296219e-01 7.721300904289116751e-01 7.284992225925063236e-01 1.000000000000000000e+00 7.598901364900901845e-01 8.100888060232227517e-01 8.567379935731342933e-01 7.899520298073376967e-01 7.765718730756258070e-01 8.668641531894241137e-01 8.587805091382237910e-01 8.356206968110719835e-01 8.318143766544341400e-01 8.488230911920803257e-01 7.613055487470535843e-01 8.055766390979367531e-01 8.670191215182130318e-01 8.348895330432551942e-01 8.264954073851380478e-01 8.615334688104393512e-01 8.775793632577808534e-01 8.704450607660234596e-01 8.666932067763158942e-01 8.411886553567053948e-01 8.688073285302678750e-01 8.850460203360089873e-01 8.700755016633684447e-01 8.082862580985717971e-01 8.464025200513184410e-01 8.437298775962094322e-01 8.344633763625689538e-01 8.624062047127312169e-01 8.635375949724156674e-01 8.700623552678111716e-01 8.355516689766928629e-01 8.785498835961311759e-01 8.716854362122011812e-01 8.426829155508853697e-01 8.851406437664397497e-01 8.777667188869533454e-01 8.805983310387125451e-01 8.791666308151900866e-01 8.946045064535496083e-01 8.828083959046550966e-01 8.552540522874669815e-01 8.735687594014655000e-01 8.572581959762742843e-01 8.772429425925089008e-01 8.925111851945564112e-01 8.903432660273048471e-01 8.886317665563765456e-01 8.769231495687497269e-01 8.749343814837933220e-01 8.803181967366553451e-01 8.923448457492660912e-01 8.795710263842284604e-01 8.917211950777456098e-01 8.774131397612772165e-01 8.762682050416160662e-01 8.887273783976525898e-01 8.910797741996260291e-01 8.885024264724652454e-01 8.919677157285857971e-01 8.909064490834569527e-01 9.000864455878585524e-01 8.884341143001721619e-01 8.880734592437291575e-01 8.826783589060865909e-01 8.867921769002931054e-01 8.961947598660411352e-01 8.920988586230286232e-01 8.900145516262492063e-01 8.897750331467907392e-01 8.922488666957901771e-01 8.892942585975364134e-01 8.888626505850788506e-01 8.889403248891426523e-01 8.847140857153195093e-01 8.850763895603377396e-01 8.708775903733595447e-01 8.783934647094736592e-01 8.807123738118413092e-01 8.812882839206084284e-01 8.836793911324136719e-01 8.888194199173597987e-01 8.793805733042838746e-01 8.870881717878607020e-01 8.843543790850368902e-01 8.852947522577164774e-01 8.808654559829008912e-01 8.882026848479958048e-01 8.660971651849891373e-01 8.734104312615643684e-01 8.748972917868896859e-01 8.754672160076943932e-01 8.763880729252275792e-01 8.795991315349689366e-01 8.831713333388117038e-01 8.820042224701363232e-01 8.839298786994199686e-01 8.794408020913556667e-01 8.876322373514298203e-01 8.896926925592879565e-01 8.880034973106357699e-01 8.882153248611878160e-01 8.821049792746420426e-01 8.872419910891967687e-01 8.850878010010805319e-01 8.850345987509096179e-01 8.922078293719621911e-01 8.916701819611434487e-01
5.266103563260806503e-02 1.978768069352580539e-01 3.504098504258365554e-01 5.374714014648698246e-01 4.331227560278699817e-01 4.992243268490116348e-01 6.869722097424766361e-01 6.491354226252827875e-01 7.598901364900901845e-01 1.000000000000000000e+00 7.473995425233374013e-01 7.840240420068130822e-01 7.324825710198317186e-01 7.403483028045200198e-01 8.002966907463396895e-01 7.874167963821587790e-01 7.367335687787678333e-01 7.228021209682087278e-01 7.647795119982964129e-01 6.326446420395617221e-01 6.984135584961319587e-01 7.687796192021982833e-01 7.396840413750118692e-01 7.361120830835924389e-01 7.738227077091126560e-01 7.776293879738079839e-01 7.880412352707160117e-01 7.929159371773354392e-01 7.737602423999412338e-01 7.888851955158850959e-01 8.065829819729739558e-01 7.990538463648900747e-01 7.630329726137895507e-01 7.835700337862049336e-01 7.960614004281280076e-01 7.612967899717844045e-01 7.964234729606014529e-01 8.028847544393847846e-01 7.960917880459279505e-01 7.492384306143676787e-01 8.145493801876761975e-01 8.087822842344918328e-01 7.457386871274920281e-01 7.955506073419001956e-01 8.029910533221272795e-01 8.065554292495559219e-01 8.284262440115033321e-01 8.327584968716682523e-01 8.265103992415717693e-01 7.790620773415867228e-01 8.012403154767792079e-01 7.644855448151944843e-01 8.040678513507596437e-01 8.290096815468888103e-01 8.199666796242074396e-01 8.172801800600224542e-01 7.990879947790735516e-01 8.071022573567632197e-01 8.172706217968134235e-01 8.272778988262456945e-01 8.167654017375581832e-01 8.170395477629190939e-01 8.098286069609478277e-01 7.990232704289648158e-01 8.189520426106211559e-01 8.133682151620476031e-01 8.299087888251230893e-01 8.234532477256862881e-01 8.203848666074016194e-01 8.186869208160674205e-01 8.216995822961428164e-01 8.288389131318915082e-01 8.151099319555946687e-01 8.174983845990125841e-01 8.205126528363421157e-01 8.271862450866120930e-01 8.258685970813178789e-01 8.302692256961644590e-01 8.208478954807140182e-01 8.306936072571388108e-01 8.289570681370925787e-01 8.303827231233501527e-01 8.224914647037804283e-01 8.305716940574988660e-01 8.158323440550476757e-01 8.210644093702688107e-01 8.211324963108724839e-01 8.263872030452583672e-01 8.223568544917932988e-01 8.249880149990609368e-01 8.145574385008468310e-01 8.257373122668987264e-01 8.218663695532145708e-01 8.239406909146911318e-01 8.329669477359618046e-01 8.339124882736825839e-01 8.107415945635622068e-01 8.158565546598690599e-01 8.220659414522851760e-01 8.243275597629359241e-01 8.087489272832943943e-01 8.240213039822382735e-01 8.233294098704406760e-01 8.207636270562121972e-01 8.200934709137335243e-01 8.233551166761681195e-01 8.315909502664353692e-01 8.352574162493335841e-01 8.310892925164518052e-01 8.310554709019699615e-01 8.310411210638903867e-01 8.323617220333138222e-01 8.323131577695905836e-01 8.263664024314606449e-01 8.250631775618090247e-01 8.265224811032300112e-01
4.628318200959723877e-02 1.766341093359724557e-01 4.058264922170655153e-01 6.114042413616846972e-01 4.999243404496789278e-01 5.936758492267177889e-01 7.583237917869978251e-01 7.382033074714509091e-01 8.100888060232227517e-01 7.473995425233374013e-01 1.000000000000000000e+00 8.712913486774895855e-01 7.931885603684496466e-01 8.046457492164680314e-01 8.782578643378639027e-01 8.665355905196777675e-01 8.208739340483121039e-01 8.112599687977849472e-01 8.541680958125317247e-01 6.880505816712256806e-01 7.944404048379615224e-01 8.571346075721858471e-01 8.388985288056458600e-01 8.281537511784849981e-01 8.604989193837351280e-01 8.640999551640868859e-01 8.641712793627934763e-01 8.610913682760474863e-01 8.188789134538337899e-01 8.508173678351222957e-01 8.860741649058585523e-01 8.789197282382735787e-01 8.361957934706565343e-01 8.724563113422290073e-01 8.640664769125285805e-01 8.598091998152120885e-01 8.745201599294304406e-01 8.774682912173110694e-01 8.848778571953208605e-01 8.566262202422467720e-01 8.878067980119574987e-01 8.885115362615378931e-01 8.561020285873415236e-01 8.858401043392557517e-01 8.892776362812954138e-01 8.879026145477117993e-01 8.904239979633944424e-01 8.979948851243568786e-01 8.951114676875445708e-01 8.708444072962164828e-01 8.814656082788921987e-01 8.638295614764325281e-01 8.876331082787346505e-01 8.892161299768772675e-01 8.882801850498700524e-01 8.985177899244901623e-01 8.830095499554753147e-01 8.898081766843902729e-01 8.857748151135379500e-01 8.973627587582294618e-01 8.931661447828781464e-01 8.895076868471120113e-01 8.848997782489479436e-01 8.797835899060972853e-01 8.900500171108910452e-01 8.941160327030357458e-01 8.986452662098066702e-01 8.992675214353362811e-01 8.979510188418780015e-01 8.896164817737201025e-01 8.989705696700289739e-01 9.001230307881170623e-01 8.927067275876331420e-01 8.986094079130173551e-01 9.012132070913091431e-01 9.000280628456764909e-01 8.965263508801102343e-01 8.919847375695417746e-01 8.948374723130947395e-01 8.985595342231618154e-01 8.982652498260548235e-01 9.011574538976672155e-01 9.018907843147885295e-01 8.973507815827426182e-01 8.943680265931251983e-01 8.973537920958437608e-01 8.983681930031145457e-01 8.999869764585787246e-01 9.010962032438173397e-01 9.024785987380151697e-01 8.976330840631745467e-01 9.012514489363171455e-01 8.998863371232217467e-01 8.997987607258398635e-01 8.985960134716592940e-01 9.001286333549106677e-01 8.950793013027933398e-01 8.876749239520961288e-01 8.980937393696478699e-01 8.985518581950732164e-01 8.984243010826934439e-01 8.983288460718708013e-01 8.984665697326834621e-01 9.002364849229532728e-01 8.989997183083395793e-01 8.945575011120640019e-01 9.018148059152200080e-01 8.969998031093087132e-01 8.989776271954162956e-01 9.009943889721635513e-01 8.998736529321532673e-01 8.995046990548605237e-01 9.016202856120005826e-01 8.984915707946795616e-01 8.973018460492061532e-01 8.979182231955055160e-01
4.691956919587277064e-02 1.815745140989252215e-01 4.077951705293167972e-01 6.561460766650074605e-01 5.278549460344312827e-01 6.130281083413967602e-01 8.051577034525686516e-01 7.892019444016792340e-01 8.567379935731342933e-01 7.840240420068130822e-01 8.712913486774895855e-01 1.000000000000000000e+00 8.322061513761315199e-01 8.374152417048563724e-01 9.233393361994532977e-01 9.138352015370928561e-01 8.586971717177422914e-01 8.462200297035017416e-01 8.891745786266290752e-01 7.342525947955680365e-01 8.463080727056999653e-01 9.050228181543875650e-01 8.663092593912989914e-01 8.613247216343328239e-01 9.029053257775304653e-01 9.055374076597785260e-01 9.037916279698109401e-01 8.995985472091468926e-01 8.656158734458933024e-01 8.930822759230896413e-01 9.264197559968266882e-01 9.228834561574931206e-01 8.754841350650655052e-01 9.121402032412970762e-01 8.982523559320769735e-01 9.034379336545389494e-01 9.122492387228327004e-01 9.292297138069558482e-01 9.303176494008131847e-01 8.994925820802524008e-01 9.304649141332919093e-01 9.335609865125285012e-01 9.041375676282145113e-01 9.348952110788325554e-01 9.294883464484234858e-01 9.312128805016045563e-01 9.344888780291162877e-01 9.416667778216855078e-01 9.396902945664129536e-01 9.210181390678395807e-01 9.362950326716863447e-01 9.062908225688870445e-01 9.306052895959565641e-01 9.339847821124823701e-01 9.360574449014213982e-01 9.418796505880552283e-01 9.304075422169996168e-01 9.374826942951591802e-01 9.360078613401756620e-01 9.422309563419136724e-01 9.389551250249461578e-01 9.391232483131938258e-01 9.332278998748166909e-01 9.306779753378930931e-01 9.361387236800863265e-01 9.376862209485836708e-01 9.408930349050658171e-01 9.422309241083743903e-01 9.397170561282779389e-01 9.375835837321739863e-01 9.453947786918037721e-01 9.437057871581790991e-01 9.316705955231605607e-01 9.416446948369048275e-01 9.442567158668166982e-01 9.420713299350956804e-01 9.396685106266374765e-01 9.349537947512565061e-01 9.380459053936003322e-01 9.409926302877703597e-01 9.412418171158749569e-01 9.436102444891051322e-01 9.430330682966422406e-01 9.385110569476939890e-01 9.373405984056488727e-01 9.388210465240172109e-01 9.399885491296826601e-01 9.458071599154755926e-01 9.440574706229406532e-01 9.444010375749055664e-01 9.386386612956920672e-01 9.459778836261656387e-01 9.427088097582265735e-01 9.440962423658881830e-01 9.414307111446592602e-01 9.429184148954065092e-01 9.391261621104920465e-01 9.337328893891717607e-01 9.417171481941182254e-01 9.432525940762909178e-01 9.415760395523626869e-01 9.426473472952953125e-01 9.399821716434917374e-01 9.449270859312381976e-01 9.417635235110412006e-01 9.368770526373428886e-01 9.455059329593661355e-01 9.405206970131733124e-01 9.439109543837167493e-01 9.450959435408925469e-01 9.442624802224601765e-01 9.419509644535198900e-01 9.447983114028007945e-01 9.430345649948449482e-01 9.427850197256548714e-01 9.412416644340106942e-01
5.120846763375137140e-02 1.723558958603579883e-01 3.636428289033014627e-01 5.939551480080496049e-01 4.895434684580484697e-01 5.567538745408193712e-01 7.458663541066569147e-01 7.270320707082327250e-01 7.899520298073376967e-01 7.324825710198317186e-01 7.931885603684496466e-01 8.322061513761315199e-01 1.000000000000000000e+00 7.796771680557537110e-01 8.547542818014737254e-01 8.444269160615565095e-01 7.848087946871216136e-01 7.765739876119673868e-01 8.155069024081593732e-01 6.803646850775089128e-01 7.610887734429088169e-01 8.290719885126602851e-01 7.981781365681398510e-01 7.961807570526102662e-01 8.282214162097008003e-01 8.251181488157292021e-01 8.315020504792220990e-01 8.254943935896101870e-01 7.920318771871538432e-01 8.230801012371595782e-01 8.534464715284566516e-01 8.403842177577269812e-01 7.995927136190850160e-01 8.346089315504716666e-01 8.253933102578082659e-01 8.216608853515640076e-01 8.408268279490046515e-01 8.481718914520363084e-01 8.529396790857574073e-01 8.261881610445983570e-01 8.572730721732364501e-01 8.598315962072849983e-01 8.234496809084259628e-01 8.624833892048434647e-01 8.477429828725532301e-01 8.619452249352224094e-01 8.603325237569299233e-01 8.659341523328386581e-01 8.643912648457309222e-01 8.360487335870356862e-01 8.537993712180899086e-01 8.300149786388352213e-01 8.564003402659389197e-01 8.629682718606679348e-01 8.651636511687091913e-01 8.690217551073128321e-01 8.515578466202599062e-01 8.646339979316920443e-01 8.624288215537162516e-01 8.679618806471516290e-01 8.664867130056455036e-01 8.610950045690389798e-01 8.612864955862962191e-01 8.454155772060932827e-01 8.623170100635244584e-01 8.592932035715107331e-01 8.659895506363536333e-01 8.670325800766065516e-01 8.659960897195603247e-01 8.636292758855428353e-01 8.682934852576809082e-01 8.705865153207573703e-01 8.591706058306644023e-01 8.680366131189104495e-01 8.682653546898245756e-01 8.678434079375665355e-01 8.678347451746845076e-01 8.622359649707380669e-01 8.645356326199798991e-01 8.685779707831308150e-01 8.681328761293429785e-01 8.691314386497143163e-01 8.699691285692586762e-01 8.636544652109828801e-01 8.623069289412162997e-01 8.656020630444404285e-01 8.662911581455342569e-01 8.734953715718954959e-01 8.690078454897556259e-01 8.721864352812943588e-01 8.646044527650278422e-01 8.715365428252259683e-01 8.691247290600614406e-01 8.723987071857625120e-01 8.701072481383338442e-01 8.706277093792860189e-01 8.632475725104931108e-01 8.579441415786879244e-01 8.677804006898977018e-01 8.698845369128748173e-01 8.677955635210151675e-01 8.690193788170225142e-01 8.654428870841071042e-01 8.709787541500149111e-01 8.678785338435613950e-01 8.621461798424058243e-01 8.698146958169277188e-01 8.683509361377806934e-01 8.721823418388597871e-01 8.708550458343999878e-01 8.725448366732113659e-01 8.682772874569208987e-01 8.705135678051264536e-01 8.675659879651406170e-01 8.655524662356992582e-01 8.662621679501357752e-01
