1.000000000000000000e+00 2.063076123395364836e-01 6.714594515297510335e-02 -6.582224117548182707e-02 2.396926561272573128e-02 9.715800455405260508e-03 -5.550993187648235738e-02 -8.238668244530959056e-03 1.753262788017409535e-01 8.375450164845077428e-02 3.371972803998680990e-02 -9.271060725606081535e-03 1.513632198857652565e-02 -1.118505339156171353e-03 -2.934186411015183085e-02 -3.581737421065253613e-02 1.095757885451701663e-01 4.510180664902885272e-02 2.559314349415338710e-02 -3.940576242408918781e-03 -4.312534162651783347e-03 -4.056064519067602292e-02 8.828856863389068776e-02 4.291359310963503010e-02 1.630082599408511773e-02 8.504200656793749202e-02 2.937314472388831768e-02 3.716320543700803170e-02 1.343163911107107533e-01 1.430176502634396274e-01 7.932244785034539558e-02 5.354208426672061455e-02 9.410073793248194263e-02 5.948460281445551445e-02 1.115605767244000068e-01 6.235748238594934073e-02 3.044145004357917336e-02 1.059575818824609605e-02 3.581346413717198529e-02 -7.821172348251936857e-02 2.147804298294262240e-03 -1.644511230461968843e-02 -2.806961658860974637e-02 -4.286802361592073271e-03 -1.318386111213462608e-02 7.060037996314003431e-03 -2.033584724993388413e-03 2.233478159767023769e-02 1.800609436748698208e-02 -3.381124950690273575e-03 1.147488879020731878e-02 -1.372964707187741655e-02 -3.395839027001547328e-02 4.685246004334338993e-02 3.881004150933358571e-02 2.468532448325644682e-02 6.676225388301709751e-02 1.542564297732422138e-02 8.903055505718224238e-03 3.293882449793881367e-02 -7.676768024772476435e-04 3.972668067957150356e-02 3.404015103335954889e-02 3.955791924292356015e-02 6.795845094554392452e-02 6.001293782742472827e-02 3.955692296632911525e-02 1.977752918529058351e-02 4.745903875969714747e-02 1.383748492532320060e-02 -1.949422115245593584e-02 2.663712798234494066e-03 1.465812664397658435e-02 1.335626845836696518e-02 1.050853534067983965e-02 2.905958254757527726e-02 1.693364642639376416e-02 6.428988731069318341e-02 1.267321423629548527e-02 7.245690301919073539e-02 3.775599910772641649e-02 3.394308302166464120e-02 3.984452600074402800e-02 6.401869639110313592e-02 8.197498927761542181e-03 2.857052820225191095e-02 1.950122021483998921e-02 2.986935035000172923e-03 1.242881740256104352e-02 1.251044372446371428e-02 -3.189773318567347415e-02 -9.876711795013056946e-03 -5.418688983513519387e-03 -1.173459753140373464e-02 4.397354896421696441e-03 1.929925096282067778e-02 -2.130383605649340678e-02 4.454460889674970864e-02 -3.431098173837847810e-03 -7.553001307436192982e-03 -3.108537095371533346e-02 4.775149856775851888e-03 -1.812363384384322457e-02 -7.974628844958083634e-03 6.420253216543695199e-03 3.295762221337399100e-02 2.731609557440279473e-02 1.954536090313337138e-02 9.691305472952110520e-03 1.569941303195288712e-02 1.585893791634180412e-03 2.112590104166550339e-02 1.964648770459864399e-02 2.224845839080378737e-02 4.247322941092247089e-02 3.243091944671909477e-02
2.063076123395364836e-01 1.000000000000000000e+00 1.041692703651040386e-01 2.694915488608648144e-02 8.375153985976023507e-02 5.529163696002440537e-02 8.343799940610643895e-02 1.044960221940321871e-01 2.006633603144332978e-01 1.898275903311952839e-01 1.313620133412767010e-01 1.218700471371679250e-01 1.296454080509310824e-01 7.897387862876670273e-02 1.274582648622198666e-01 1.013255254437329528e-01 1.558430728681513555e-01 1.252071952638588448e-01 1.110397235950613959e-01 9.588733410374797317e-02 7.800830177930266618e-02 8.391265776102056761e-02 1.599474155278148291e-01 1.205068848379536595e-01 1.188754582849354535e-01 1.985184071534933925e-01 1.612592111806544493e-01 1.564052149409985160e-01 2.162229717100384030e-01 2.211587539220258303e-01 1.828794454066005049e-01 1.381718635826620911e-01 1.574776838630845832e-01 1.373768736289487091e-01 1.846202898977367390e-01 1.269021627178145706e-01 1.510055727319876973e-01 1.299060438344711577e-01 1.401184031041811939e-01 7.443720464595104946e-02 1.381228176719861145e-01 1.121533535128842879e-01 1.030024237540237281e-01 1.259756599252997433e-01 1.146094729467856260e-01 1.364549105361741455e-01 1.283566359105228483e-01 1.456154998156730107e-01 1.375062118859043392e-01 1.083772580822902898e-01 1.241447207456071455e-01 9.002848759658312050e-02 9.799381225005458773e-02 1.581238452844487274e-01 1.575282374233769322e-01 1.475867057852441322e-01 1.530591643732122087e-01 1.413676076800172432e-01 1.372278712586655625e-01 1.471204540853814080e-01 1.257446774143523571e-01 1.470433529650894133e-01 1.415327607739261806e-01 1.397448486268698664e-01 1.583353130993080116e-01 1.526065168091634561e-01 1.508415827384528840e-01 1.383873468807491347e-01 1.570205640125553470e-01 1.362917117228362451e-01 1.146027061783995715e-01 1.336704377839000868e-01 1.343744782972751128e-01 1.346602315765778324e-01 1.475855216772415657e-01 1.551493165470521352e-01 1.465098248873204501e-01 1.719643156028734243e-01 1.399956172022987222e-01 1.756837509730378721e-01 1.521966056527861433e-01 1.564768132335974671e-01 1.447302090299632249e-01 1.649692867316990552e-01 1.298989189514071774e-01 1.383769210620923729e-01 1.367277337251846248e-01 1.354245246306035322e-01 1.367912594024418282e-01 1.403243861566970396e-01 1.113486530319262452e-01 1.254441719936934263e-01 1.285992342321859716e-01 1.281162751078245565e-01 1.345822515768752281e-01 1.443920698283917003e-01 1.185195698194705105e-01 1.434752981580063869e-01 1.336422891496670262e-01 1.274885097753777619e-01 1.098097620883946024e-01 1.337609839023549130e-01 1.198743117715965201e-01 1.274637509620625275e-01 1.274256146814263246e-01 1.432843710500502354e-01 1.487760633030631718e-01 1.459533988165286900e-01 1.450956666287572805e-01 1.393516251311681109e-01 1.376042038345295093e-01 1.407714463663333193e-01 1.432392951663269409e-01 1.418278788778650767e-01 1.506195592205570588e-01 1.449092463325031832e-01
6.714594515297510335e-02 1.041692703651040386e-01 1.000000000000000000e+00 2.185119252290342318e-01 1.240216550944272939e-01 1.524322871408962943e-01 1.905710220272108513e-01 1.971295282643247548e-01 2.268146674314416023e-01 1.909654154038602780e-01 2.249072177813328244e-01 2.616705432940419906e-01 2.480115864797608205e-01 1.880658167128760883e-01 2.468043556032731289e-01 2.364455055626159541e-01 2.391179895057658489e-01 2.665729509316136503e-01 2.649149297583303642e-01 2.569040723572867391e-01 2.739508771453968983e-01 2.692213947545183395e-01 2.869696945802920895e-01 2.882493387782948391e-01 2.871503497446986630e-01 2.643956358830177877e-01 2.746117716307868162e-01 2.853014736826780529e-01 2.607024807077530371e-01 2.677121931958845735e-01 2.787142244416306314e-01 2.775131850049415982e-01 2.671788780784017381e-01 2.742679499542090005e-01 2.600261384312144708e-01 2.622845169933604170e-01 2.757864250538513695e-01 2.620180144863678562e-01 2.598989935181622579e-01 2.573216584201829527e-01 2.672157236907976574e-01 2.575992967113573395e-01 2.519594972834592328e-01 2.620190957359677664e-01 2.727275191901232798e-01 2.643934422751475499e-01 2.472260550692867986e-01 2.572360181755781738e-01 2.448588945520787652e-01 2.483778069326560978e-01 2.541213085963923146e-01 2.545588236385627479e-01 2.465629268188601897e-01 2.538068394190348132e-01 2.565549741040891174e-01 2.671029091516056719e-01 2.498239176088328239e-01 2.595951871876290840e-01 2.550663676934992186e-01 2.535721692150852968e-01 2.544537690553778653e-01 2.547098289638140556e-01 2.454429366831417936e-01 2.461743395972725845e-01 2.622551308870643694e-01 2.490373039253490073e-01 2.587185246723171517e-01 2.701862741474834184e-01 2.760445155731214850e-01 2.806599954818410070e-01 2.772437469671561461e-01 2.765522000945751513e-01 2.774205870992590417e-01 2.828175498824219702e-01 2.675275843833979095e-01 2.682656991890506881e-01 2.711089919960470995e-01 2.667771117757341548e-01 2.772120273889952524e-01 2.646043447423622186e-01 2.710548599300260375e-01 2.713289674431657583e-01 2.671169627334417096e-01 2.682692374042109917e-01 2.583215051331028689e-01 2.663372574451872699e-01 2.645691639005790519e-01 2.591955497093010319e-01 2.615664233287539053e-01 2.662541496255330098e-01 2.676807292364342117e-01 2.590054900378230274e-01 2.622814760652523169e-01 2.601080318473235065e-01 2.544782020538545186e-01 2.514678854678815134e-01 2.490014974644234047e-01 2.509187153203345511e-01 2.530851356873632940e-01 2.579045225972804167e-01 2.488492463257644949e-01 2.504646184757128302e-01 2.467186912581109115e-01 2.577184922313234261e-01 2.617585315646515642e-01 2.505483240645159926e-01 2.552120948821307023e-01 2.519915816680123322e-01 2.597965117763338938e-01 2.547835198607457108e-01 2.550877554307527384e-01 2.538428580441196014e-01 2.511591125984919959e-01 2.501425091617982543e-01 2.588065722682436620e-01 2.534708360073612554e-01
-6.582224117548182707e-02 2.694915488608648144e-02 2.185119252290342318e-01 1.000000000000000000e+00 2.190743003167655023e-01 3.009739387679127853e-01 4.029258185967952155e-01 4.048495446675034470e-01 3.455520606667560335e-01 3.566480755699126814e-01 4.092110949336699721e-01 4.982288780402385209e-01 4.086613267719244602e-01 3.383727817700815654e-01 4.676453731413990900e-01 4.652419837232642519e-01 3.974366779162634700e-01 3.476891706548106420e-01 3.968175608252528797e-01 3.794568053993627732e-01 3.535138480650496517e-01 4.441461786714014370e-01 4.010656321750511455e-01 3.916013665674710209e-01 4.069379828001782884e-01 4.230287763720689265e-01 4.499636155187198283e-01 4.729711297758856237e-01 3.915932395558098245e-01 3.926360396382410634e-01 4.475112806623819384e-01 4.609431885536866003e-01 4.345649185749805854e-01 4.561263626339647770e-01 4.105604306487269928e-01 4.586568584550034244e-01 4.782341281119841803e-01 4.704571949129615627e-01 4.660779277774669271e-01 4.931022861447590944e-01 4.858212342839738351e-01 4.995191850493038155e-01 4.922049056717781590e-01 4.895965590490234942e-01 4.996584875321123942e-01 4.743753628258390864e-01 4.846096368420835243e-01 4.715814074127330224e-01 4.733765455845969639e-01 4.875372311094167688e-01 4.796692581489173657e-01 4.962207577668238945e-01 4.996662099444248439e-01 4.635381927312605677e-01 4.478301812565704254e-01 4.682635329520115075e-01 4.597717515134961963e-01 4.725796282329907116e-01 4.737659549675486415e-01 4.728148816282884970e-01 4.853377557449027324e-01 4.675955530741598420e-01 4.606597021879469955e-01 4.717588037623176023e-01 4.685386554664504599e-01 4.705516761539765280e-01 4.718194758485425577e-01 4.671187245656399645e-01 4.653307862496238734e-01 4.753529374696413012e-01 4.901317432933964269e-01 4.834760839523478126e-01 4.702291101872917434e-01 4.740676973842471997e-01 4.810796389366647774e-01 4.779253767806301845e-01 4.864125619133668477e-01 4.624415969295224693e-01 4.877634952337045471e-01 4.434854907801801804e-01 4.710230484833625719e-01 4.801955503944335124e-01 4.805260595318308070e-01 4.613130299892316266e-01 4.840027531027574770e-01 4.750054683278282508e-01 4.786227931437868621e-01 4.860654751408485796e-01 4.797314520440676966e-01 4.842563032158340164e-01 5.047974348601885763e-01 4.927187279496340055e-01 4.939231252199278721e-01 4.896482097951463941e-01 4.818351567754468601e-01 4.787242642067336962e-01 4.851062841609514176e-01 4.690300631501423956e-01 4.808653026313462475e-01 4.894635155696900330e-01 4.967947804425436598e-01 4.800897296534475944e-01 4.981052827668312477e-01 4.881918997031682861e-01 4.888909645398811232e-01 4.689821752935735000e-01 4.746955162097939995e-01 4.724989653825268365e-01 4.773941353325077963e-01 4.808845013039029226e-01 4.816562756023249903e-01 4.780306005695783567e-01 4.769903407333747625e-01 4.773561298625936811e-01 4.704103876879741630e-01 4.803432312454057884e-01
2.396926561272573128e-02 8.375153985976023507e-02 1.240216550944272939e-01 2.190743003167655023e-01 1.000000000000000000e+00 2.269827038519612872e-01 3.829964918693651854e-01 3.979700066607529396e-01 3.475031184248779104e-01 3.067628249314980904e-01 3.408468864985856883e-01 3.857752034869794677e-01 3.960087126840692306e-01 2.976710255346974865e-01 4.057257475672080282e-01 4.363295286123001770e-01 3.573180675063662992e-01 3.356501548806287705e-01 3.521991862335783763e-01 3.079650931443934092e-01 2.744283512151974302e-01 3.461173073082486340e-01 3.781464450238235520e-01 3.487253670634850589e-01 3.463145395792764369e-01 3.946005024660270699e-01 3.907457531108061155e-01 4.083689370153618658e-01 3.680045486671928434e-01 3.878136623662140070e-01 4.044750001593203081e-01 4.192075167068207153e-01 3.859594536489969752e-01 3.936451302157211174e-01 3.863213690263526678e-01 3.958574427871900392e-01 4.071393704032587046e-01 4.096692772641690738e-01 4.108598276601642119e-01 4.158705730632284991e-01 4.151979956113877601e-01 4.246505385358443352e-01 4.274232379013826466e-01 4.219251704224061261e-01 4.203766729283451853e-01 4.140619250993139988e-01 4.132817425974919523e-01 4.131651792783716526e-01 4.184861227407565276e-01 4.017676922453352617e-01 4.101750551356808105e-01 3.944047316843599660e-01 4.107822864780599215e-01 4.205326003102782262e-01 4.195574597757482094e-01 4.207711247655044340e-01 4.092831453425704868e-01 4.148857838463225756e-01 4.210066853514897178e-01 4.173919074300408982e-01 4.234178559565065503e-01 4.178195481379733400e-01 4.176707777807004418e-01 4.126384223324860989e-01 4.029268212813510996e-01 4.078665381522727507e-01 4.130159303947453786e-01 4.096641908090054573e-01 4.119119847930062250e-01 4.028556296452341368e-01 4.036765207808268308e-01 4.136111113307607279e-01 4.111878620162135456e-01 4.070588967971188188e-01 4.181827413409633931e-01 4.114916608446184121e-01 4.187208277567609493e-01 4.099458645292997083e-01 4.188518062651347407e-01 4.088342379072579802e-01 4.134768258110233519e-01 4.133484247513732890e-01 4.077928519443103639e-01 4.063503545671475203e-01 4.100371997142652769e-01 4.108975549461017507e-01 4.141095565694067893e-01 4.160991633452609806e-01 4.144602830858364895e-01 4.175270734026179653e-01 4.155765068557747410e-01 4.214794562516458454e-01 4.204618318659906762e-01 4.198481244447748728e-01 4.129381449399182613e-01 4.172315150212889123e-01 4.139964727451751481e-01 4.016174709905697693e-01 4.177387189505884502e-01 4.143488494700274805e-01 4.188866035526546128e-01 4.144450348891920988e-01 4.176208088189183321e-01 4.189072958576605110e-01 4.131086802407675229e-01 4.083577994121355137e-01 4.120401032041116074e-01 4.162197210076344356e-01 4.216100515670991311e-01 4.163969433605094750e-01 4.186914978959703770e-01 4.169797180084965915e-01 4.144665292444055238e-01 4.124677710002796482e-01 4.074815333971987807e-01 4.108454569220411634e-01
9.715800455405260508e-03 5.529163696002440537e-02 1.524322871408962943e-01 3.009739387679127853e-01 2.269827038519612872e-01 1.000000000000000000e+00 4.338898797276691810e-01 3.886727567460626642e-01 4.067162285317701409e-01 3.838572492838267514e-01 4.342171145536623533e-01 4.667644481007751645e-01 4.300157417664153825e-01 3.523084930183658092e-01 4.825289808032504624e-01 4.692096270313522721e-01 4.441175938340961027e-01 3.961825361260089551e-01 4.363217256741322991e-01 3.775183757748901692e-01 3.810624025562365236e-01 4.587365851185141730e-01 4.402289754265908406e-01 4.255083196093691345e-01 4.253666618304491887e-01 4.715360747888436843e-01 4.677549222415194330e-01 4.926300484901295351e-01 4.231842652041752362e-01 4.458983779720460117e-01 4.833982119305864078e-01 4.929213053005336853e-01 4.667085716360680481e-01 4.940462056989513573e-01 4.669697892349005119e-01 4.824994605998884634e-01 4.950330404060577227e-01 5.030302843166627458e-01 4.976356561651447130e-01 4.928234352933952289e-01 5.006583466930546455e-01 5.040411275276317493e-01 5.090844068721211979e-01 5.100104325994128107e-01 5.055757610587483519e-01 5.089786246832598282e-01 5.038714712832638165e-01 5.054390160580832791e-01 5.025380446441454207e-01 5.013940563330128164e-01 5.056503835225832910e-01 5.017681141623958618e-01 5.022611468745314944e-01 5.036876106293866062e-01 4.961295929362080082e-01 5.036942463442193318e-01 4.947224111737911212e-01 5.012554345672597389e-01 5.040220284983496501e-01 5.055778488994400188e-01 5.094548109839202032e-01 5.029959238598521454e-01 5.021510628016595534e-01 5.033977913959644113e-01 4.994622922228914574e-01 4.955576107130278407e-01 5.064114476110750385e-01 5.068064701634582558e-01 5.016002424751673239e-01 5.010880025141294380e-01 5.143397362451973542e-01 5.102568905590512127e-01 5.042351242709429693e-01 5.050671681658720491e-01 5.079022959490077094e-01 5.061566375706529897e-01 5.064194701711102198e-01 4.926828342054185850e-01 5.103577887718532269e-01 4.932507288619800145e-01 5.062337502197357120e-01 5.055054174219432150e-01 5.099063699472758948e-01 4.977865043911318121e-01 5.146481310301708190e-01 5.080358937572382327e-01 5.114882836293024315e-01 5.123651365026885562e-01 5.095685735497806901e-01 5.110383510702658505e-01 5.184014239065920515e-01 5.155408497407343305e-01 5.148073018416771118e-01 5.137964738161614475e-01 5.083921929473182999e-01 5.087099210066770016e-01 5.076810251021890430e-01 5.047498664816130187e-01 5.073435177463951895e-01 5.127681340825793743e-01 5.144894129751031997e-01 5.115123017415770246e-01 5.064708999715495930e-01 5.141732733178959736e-01 5.116476004914999320e-01 5.054129377149529923e-01 5.077966681708885321e-01 5.057487029011838997e-01 5.075827660499219185e-01 5.105313666392976568e-01 5.075715575731327700e-01 5.049412417044579771e-01 5.081635030865865321e-01 5.072205104222498040e-01 5.065801997195886752e-01 5.064575556223980257e-01
-5.550993187648235738e-02 8.343799940610643895e-02 1.905710220272108513e-01 4.029258185967952155e-01 3.829964918693651854e-01 4.338898797276691810e-01 1.000000000000000000e+00 6.245539726322649754e-01 5.493109803621083476e-01 5.292521305813543409e-01 5.854377468687195218e-01 6.855876925698491942e-01 6.049234789754677211e-01 5.154206957712413883e-01 7.577877802972297072e-01 7.269350855898096819e-01 6.018412396252582619e-01 4.741064261642604083e-01 5.476716567101185262e-01 5.071058562021866223e-01 4.596998863171407601e-01 6.114905148557531200e-01 5.613705993453427245e-01 5.184666098986202565e-01 5.216443409511914986e-01 6.160357480916265338e-01 6.346506127510374018e-01 6.488264483185409714e-01 5.348046860201116637e-01 5.619973358695453669e-01 6.416734756326158973e-01 6.596364992846948105e-01 6.104491259860431729e-01 6.493904759701784046e-01 5.967064711953921075e-01 6.556350906570284076e-01 6.727457882728143934e-01 6.876819285233416457e-01 6.795842342754145893e-01 7.131542474690198974e-01 7.168345673376402827e-01 7.219195715129064217e-01 7.171681825465086035e-01 7.238439777253220520e-01 7.203307122336949364e-01 6.998816965791923028e-01 7.176932793873121996e-01 7.063179564588869530e-01 7.096119436503168787e-01 6.982114796393216194e-01 7.029971915239969782e-01 6.896256904615457595e-01 7.192773234995739617e-01 6.928513927613281220e-01 6.794525331662463197e-01 6.938085472562047773e-01 6.838380044138869795e-01 7.093403370970020605e-01 7.102898713015181054e-01 7.080750075301077695e-01 7.212256074607762413e-01 7.029545202034491735e-01 6.908512129092770904e-01 7.011139004862180224e-01 6.856404127222692768e-01 6.924649639878769358e-01 7.038212655404386675e-01 6.916131577187655255e-01 6.797742145176608464e-01 6.851164375352520874e-01 7.066673735853887806e-01 7.042073825396489850e-01 6.846946614193368807e-01 6.733576288526297304e-01 7.100838309610919552e-01 7.034932650843508384e-01 7.040582097973757669e-01 6.633329506932635899e-01 6.976740747218922456e-01 6.570262402257953660e-01 6.908462550639687949e-01 6.919664192064753916e-01 7.077509262478359764e-01 6.734802898356478940e-01 7.125609635383863827e-01 7.007522698327192101e-01 7.044256251384745093e-01 7.211623753237096368e-01 7.078467153932720413e-01 7.172652835698666296e-01 7.280768617284747446e-01 7.263342986000309587e-01 7.244050677503068858e-01 7.234521656864065786e-01 7.152559881943372222e-01 7.155187940194874807e-01 7.254616513198068883e-01 6.987956074568608678e-01 7.203010485151095654e-01 7.251751541229407572e-01 7.311161687808047649e-01 7.187317714364848120e-01 7.239181347345338136e-01 7.270601184092029268e-01 7.143375118613206620e-01 7.057277041712656240e-01 7.069863022178182188e-01 7.099668303725094054e-01 7.106834544986535551e-01 7.192409694477798210e-01 7.214817333867353799e-01 7.139144143808107135e-01 7.147474451198376766e-01 7.153250181345859326e-01 7.030567162623178046e-01 7.088661592441211079e-01
-8.238668244530959056e-03 1.044960221940321871e-01 1.971295282643247548e-01 4.048495446675034470e-01 3.979700066607529396e-01 3.886727567460626642e-01 6.245539726322649754e-01 1.000000000000000000e+00 5.508291914964754676e-01 5.315630672440816440e-01 5.802350825976216875e-01 6.742398289789152122e-01 6.054933911935306279e-01 4.872033793100943311e-01 6.980958972970067178e-01 7.141466684708456247e-01 6.024039396345162167e-01 4.759322443090838184e-01 5.443322929848988245e-01 4.948303003433575653e-01 4.474319826304294367e-01 5.853198065989696497e-01 5.591244340838683602e-01 5.210268783464128139e-01 5.206933050711748390e-01 6.094480977693433887e-01 6.325961489120176529e-01 6.332005912650551238e-01 5.357162288669705674e-01 5.760816195492350911e-01 6.358692055912736896e-01 6.549625353736396871e-01 6.036897731725974214e-01 6.419707245907190218e-01 5.987714584808117024e-01 6.506735956572009538e-01 6.589936137891265755e-01 6.853352497631497453e-01 6.701983720367864494e-01 6.833268033260104790e-01 6.953123172568776988e-01 7.010213721375588847e-01 7.048292872294095179e-01 7.043856083091527553e-01 7.005916747730934757e-01 6.877002249886493557e-01 7.047439385837379611e-01 6.952262451588757664e-01 6.951514936491679508e-01 6.815413219331338812e-01 6.909695693388967497e-01 6.820332152260740743e-01 7.035428518472460757e-01 6.891299054411299529e-01 6.795516578585081291e-01 6.841664415351476070e-01 6.855038774450432637e-01 6.976962798771979557e-01 7.050632210797370680e-01 7.019718158512563422e-01 7.077679637402681800e-01 7.002208808897141257e-01 6.925153421608070126e-01 6.946941733385405549e-01 6.830918406615730243e-01 6.904630890841757518e-01 6.961058076844067743e-01 6.791806354797058631e-01 6.735994629287903601e-01 6.742337351346358032e-01 6.862367416807475529e-01 6.929144468508888766e-01 6.730212360666699700e-01 6.624343788345351536e-01 6.944915914186797767e-01 6.917305089819026920e-01 6.925395900991001552e-01 6.620386401025741829e-01 6.879091096014496864e-01 6.582191453081759347e-01 6.789352805547103076e-01 6.813917965579971980e-01 6.989136899907774092e-01 6.686497048035267010e-01 6.930917820342408220e-01 6.867096785408481896e-01 6.888826717792836396e-01 7.041551041138112144e-01 6.962254837239766347e-01 7.010221700731463779e-01 7.018777616695774935e-01 7.073520861131532556e-01 7.056871482995408229e-01 7.044384259568278184e-01 7.006534812206443030e-01 7.034958226134022663e-01 6.977150798865586756e-01 6.862660354212580804e-01 7.033895695918473967e-01 7.051179024786464744e-01 7.078629152433916216e-01 7.031756161327449295e-01 7.076438237224608185e-01 7.084097518666222504e-01 7.002912725874663735e-01 6.947806020689112350e-01 6.949351521777967777e-01 6.984453289107104279e-01 6.989533473028465282e-01 7.054185551469502879e-01 7.075251300359806095e-01 7.035980198200754154e-01 7.036292248284319317e-01 7.012399078400610719e-01 6.984374579341904310e-01 7.005505471000887940e-01
1.753262788017409535e-01 2.006633603144332978e-01 2.268146674314416023e-01 3.455520606667560335e-01 3.475031184248779104e-01 4.067162285317701409e-01 5.493109803621083476e-01 5.508291914964754676e-01 1.000000000000000000e+00 7.043302443668970625e-01 6.732238967213552971e-01 7.262654821080302137e-01 6.779295111120464679e-01 5.570259952440842488e-01 7.391428912800309670e-01 7.179973227100751032e-01 7.592970832984740071e-01 6.117565997451368531e-01 6.599847778390717234e-01 5.321455789374125445e-01 4.950977204965842926e-01 6.083011703182132912e-01 7.472683028389777160e-01 6.571291504193327304e-01 6.303056195464896705e-01 7.932055808656804929e-01 7.693865827815792313e-01 7.622977823246613882e-01 7.514381661643523280e-01 8.033323970870321906e-01 8.127005498127418681e-01 7.916034951488682969e-01 7.709707510475209968e-01 7.847427986064577921e-01 7.871525378056857258e-01 7.802608674901460040e-01 7.997062813782905843e-01 7.840383360631753007e-01 8.009560947433239653e-01 7.108016360879836348e-01 7.898857091072012393e-01 7.750520576352664115e-01 7.754235051825525415e-01 7.904090552506002343e-01 7.752686102636696663e-01 7.903687911095083063e-01 8.065806904576930947e-01 8.208286002737584797e-01 8.127610128036891757e-01 7.700132455158470446e-01 7.954445013392168473e-01 7.503405375772094210e-01 7.577985637371551508e-01 8.364374466900182936e-01 8.206899046976251499e-01 8.088965092446901428e-01 8.248693988360580320e-01 8.075619237520318405e-01 8.080203956774770768e-01 8.249948238623241448e-01 8.055668411076010171e-01 8.272325333941408232e-01 8.106951443889146569e-01 8.217922271232239728e-01 8.271697320287854094e-01 8.325755453095159409e-01 8.238493199031076131e-01 8.048476491979669190e-01 8.184501441307668879e-01 7.826456140095275904e-01 7.599906867201837724e-01 7.919344753594045327e-01 7.922625623329158095e-01 7.873451958460768729e-01 8.084500515164886325e-01 8.121995287624356186e-01 8.019674516234923667e-01 8.138252513271432287e-01 7.931427323095986415e-01 8.330604483347699984e-01 8.196526920516741255e-01 8.247494774851412691e-01 8.188192286583018120e-01 8.235888396270372169e-01 8.006718784782259624e-01 8.130974013456634397e-01 8.144235337107291750e-01 8.047312847737255748e-01 8.098072466925601010e-01 8.077036193580297008e-01 7.747147603634115809e-01 7.984735673000515899e-01 8.023369934084998434e-01 7.988555224216237205e-01 8.124143791122506730e-01 8.190658676736525257e-01 7.884078736597152082e-01 8.239616103837500427e-01 8.075593787017114611e-01 8.002472017214975475e-01 7.881879425253484062e-01 8.077494579031920807e-01 7.930173147718331261e-01 8.055849683933181682e-01 8.078153336206539414e-01 8.221213605619862586e-01 8.229436784735466581e-01 8.190974478356122246e-01 8.133837468273016347e-01 8.166302396503620775e-01 8.091552202043958975e-01 8.208053786669297081e-01 8.214305767406494541e-01 8.182391943019717839e-01 8.266217706197663828e-01 8.276473476381763783e-01
8.375450164845077428e-02 1.898275903311952839e-01 1.909654154038602780e-01 3.566480755699126814e-01 3.067628249314980904e-01 3.838572492838267514e-01 5.292521305813543409e-01 5.315630672440816440e-01 7.043302443668970625e-01 1.000000000000000000e+00 6.554162818734010632e-01 6.964479268774814713e-01 6.417734866763822321e-01 5.453017842274296978e-01 7.072775949976523036e-01 6.785850067998466795e-01 6.961825253753262110e-01 5.815164018934935175e-01 6.337083939816837708e-01 5.326858318994990293e-01 4.713843293785188182e-01 5.850580979284855099e-01 6.951141890320056138e-01 6.254657073278223622e-01 6.016460269879116973e-01 7.520942678691953098e-01 7.226013898864857010e-01 7.224580924860286579e-01 7.075978181205329065e-01 7.508029896550654225e-01 7.733096478362814219e-01 7.530774719500059611e-01 7.216964646808070594e-01 7.396727318429480169e-01 7.333920280855606988e-01 7.296690941757874027e-01 7.543272100108063816e-01 7.595098842284586649e-01 7.604837221292231053e-01 6.925826380701618490e-01 7.559506689171469063e-01 7.469448207120505945e-01 7.430295651946038360e-01 7.552826262414725766e-01 7.380098546399899151e-01 7.568660117289635059e-01 7.745368987848864073e-01 7.884734727818023536e-01 7.783300911644279729e-01 7.384209630362780219e-01 7.677546318514818502e-01 7.034953044029653713e-01 7.295815075895752955e-01 7.911813301648663588e-01 7.821555903857954073e-01 7.749565234900887001e-01 7.712571036751931786e-01 7.724634110845628454e-01 7.754887082201642468e-01 7.832395140894876651e-01 7.740090309856132444e-01 7.844974016944950002e-01 7.709844558590058794e-01 7.774692414778771044e-01 7.755891470311803149e-01 7.759840991565650770e-01 7.838312269860157055e-01 7.719552109368095216e-01 7.846264491659118434e-01 7.541950100348774333e-01 7.312678181614097328e-01 7.610483570198741665e-01 7.593327490327632656e-01 7.553988229082944095e-01 7.765968250038932652e-01 7.784407978214687995e-01 7.702957351664759811e-01 7.762545001919248788e-01 7.614853828510953493e-01 7.938002709699601978e-01 7.848818442437971443e-01 7.888190826659745580e-01 7.771924997969742455e-01 7.865893342028075219e-01 7.665301279708502946e-01 7.764620386119418516e-01 7.778552431490836083e-01 7.734443460854489860e-01 7.763167308705596348e-01 7.740471972238477383e-01 7.465843576596794540e-01 7.675071888536826314e-01 7.680281046507229092e-01 7.677005436258269588e-01 7.794467063042371802e-01 7.841423622868874954e-01 7.562175890836926317e-01 7.769458319375550648e-01 7.773483755469441370e-01 7.691434895896462898e-01 7.574029054365992719e-01 7.720030553161453257e-01 7.637411076512018449e-01 7.716747434643804748e-01 7.673061443849964469e-01 7.778389479579507215e-01 7.858489892899738205e-01 7.851024492203506622e-01 7.805205780802846327e-01 7.822862063219369055e-01 7.778463278032017314e-01 7.839460379142929591e-01 7.847687746992639823e-01 7.806113310272776440e-01 7.802316283850333489e-01 7.809503253094600694e-01
3.371972803998680990e-02 1.313620133412767010e-01 2.249072177813328244e-01 4.092110949336699721e-01 3.408468864985856883e-01 4.342171145536623533e-01 5.854377468687195218e-01 5.802350825976216875e-01 6.732238967213552971e-01 6.554162818734010632e-01 1.000000000000000000e+00 7.724863102642103296e-01 6.849206218988739270e-01 5.816570636753586321e-01 7.738998515030685033e-01 7.408887635672077865e-01 7.155297598105284651e-01 6.548375169224281978e-01 7.057719909861543961e-01 6.144697844069334502e-01 5.841591317865097999e-01 7.037825132166259934e-01 7.401740210134233333e-01 7.005562721632476730e-01 6.961947785510079756e-01 7.778139489655112593e-01 7.788978835620622432e-01 7.918489404811372978e-01 7.326394594217803258e-01 7.640323611778052637e-01 8.172594472564067569e-01 8.068816093238768694e-01 7.691458643507014248e-01 8.063036827656835381e-01 7.744784844844695426e-01 7.866398764308260017e-01 8.169536208818284351e-01 8.087988778425824199e-01 8.182503388714015280e-01 7.815810351726530936e-01 8.044191905828068645e-01 8.089294335757726273e-01 8.086251250287902481e-01 8.189843493359901805e-01 8.125119114071064352e-01 8.136623249241627942e-01 8.195596333396349964e-01 8.200179916853580497e-01 8.179482348788491564e-01 8.069803327089519751e-01 8.209992460011752424e-01 7.876647715091495972e-01 7.914971219967036342e-01 8.165238145131904490e-01 8.124596712020034639e-01 8.168508610862857955e-01 8.061255615897136018e-01 8.151621912328420594e-01 8.182217427658102782e-01 8.170962719205717706e-01 8.234264121637046019e-01 8.166067191410149029e-01 8.115392792465470073e-01 8.163792931081661486e-01 8.150142043553572080e-01 8.083490195792624178e-01 8.238118196925593439e-01 8.252864380590824167e-01 8.237740493345319104e-01 8.179704621076492321e-01 8.136322766533955475e-01 8.241785127131618927e-01 8.176574773935690876e-01 8.198464675231441623e-01 8.234391547375233822e-01 8.228211473321521696e-01 8.234023396524340344e-01 8.172028573263530049e-01 8.257104697207662269e-01 8.166389371181873580e-01 8.246540520612539726e-01 8.266714782446028531e-01 8.241436650646818407e-01 8.223561601641804497e-01 8.228418434788031810e-01 8.237551681473251897e-01 8.260020360190876154e-01 8.258628404481398455e-01 8.281167521937927711e-01 8.252660127608529850e-01 8.180073541233451317e-01 8.225600481428856359e-01 8.252643234736620759e-01 8.271419466711513735e-01 8.237055061048272897e-01 8.217908290587062625e-01 8.143066680189933182e-01 8.150019535027216433e-01 8.219511471752259935e-01 8.234459267573693841e-01 8.183764571260920828e-01 8.199344147617805278e-01 8.146885719228302847e-01 8.230632341055064138e-01 8.243812795175974317e-01 8.140038117331123146e-01 8.236705839591900169e-01 8.215359264154021846e-01 8.248938616571069860e-01 8.232356277122380162e-01 8.228848017681764659e-01 8.224337674030428591e-01 8.228459692847320817e-01 8.223509192246717392e-01 8.226766472270122810e-01 8.178915277147523755e-01
-9.271060725606081535e-03 1.218700471371679250e-01 2.616705432940419906e-01 4.982288780402385209e-01 3.857752034869794677e-01 4.667644481007751645e-01 6.855876925698491942e-01 6.742398289789152122e-01 7.262654821080302137e-01 6.964479268774814713e-01 7.724863102642103296e-01 1.000000000000000000e+00 7.479058488790075732e-01 6.254022200901011574e-01 8.596759153126318775e-01 8.338151395161557122e-01 7.801024871128184879e-01 6.465897489708222201e-01 7.202719108364012968e-01 6.394841403250161038e-01 5.979046946713411081e-01 7.462162787384377660e-01 7.665379730065511321e-01 7.043919063659962454e-01 7.036572551694343369e-01 8.187532771428307488e-01 8.374575883812258592e-01 8.502448194317026031e-01 7.584837702750995003e-01 7.933935369704232521e-01 8.623919917474059949e-01 8.570213190310378426e-01 8.222647282609818475e-01 8.568135600527514439e-01 8.095694831480290121e-01 8.469587799642535053e-01 8.676511087462349670e-01 8.770007868856499744e-01 8.754814140723188309e-01 8.637553614897882648e-01 8.825053268927700589e-01 8.908223631542135923e-01 8.931211082360624998e-01 8.979089155716304393e-01 8.906243939483355909e-01 8.859183863259709746e-01 8.978988053447233275e-01 8.957498162612529402e-01 8.952973703748828838e-01 8.853223271429543351e-01 8.918596872273537590e-01 8.720918595194604439e-01 8.847793916177618678e-01 8.876396238465799060e-01 8.767626433029649391e-01 8.852020272836200743e-01 8.816971207512037667e-01 8.925897613478237513e-01 8.967340315153951025e-01 8.953702397511438260e-01 9.026436339362301498e-01 8.952853620068219609e-01 8.839166596020030520e-01 8.919680612815424903e-01 8.815937941956081270e-01 8.899707722222476303e-01 8.937544879079397653e-01 8.842276881382715725e-01 8.803333662829841977e-01 8.748312568269803746e-01 8.780936160807060187e-01 8.887104280680409030e-01 8.739655919738424927e-01 8.692344718541090698e-01 8.972048492223765326e-01 8.938832081880029312e-01 8.962206740243222614e-01 8.753844617353195856e-01 8.904772457004146435e-01 8.721385987391531147e-01 8.896163215852880279e-01 8.933596967855570448e-01 8.950471400125384891e-01 8.802048700076958720e-01 8.973587885630616157e-01 8.923440112730246510e-01 8.964540995029307568e-01 9.000555525234176235e-01 8.993654489766649274e-01 8.972438945401319810e-01 8.997706274101704427e-01 9.029400387773290904e-01 9.038342476084993971e-01 9.029807435239672886e-01 9.017877875915453201e-01 9.003450203839618027e-01 8.978268073831831009e-01 8.930400613254330100e-01 9.025893275406955407e-01 9.036027675562987582e-01 9.016535800004795709e-01 9.008999858712694042e-01 8.998803424448905686e-01 9.050778062417166314e-01 9.025752578170554985e-01 8.922087952182308213e-01 8.982728503561255851e-01 8.961044934589240674e-01 8.979023132363721516e-01 9.020084805611632284e-01 9.004509107177205429e-01 9.010753535015735283e-01 9.009270613853106457e-01 8.993320333347089024e-01 8.926733781726852168e-01 8.996201826128275014e-01
1.513632198857652565e-02 1.296454080509310824e-01 2.480115864797608205e-01 4.086613267719244602e-01 3.960087126840692306e-01 4.300157417664153825e-01 6.049234789754677211e-01 6.054933911935306279e-01 6.779295111120464679e-01 6.417734866763822321e-01 6.849206218988739270e-01 7.479058488790075732e-01 1.000000000000000000e+00 5.635450331323688111e-01 7.738596910491005731e-01 7.503182303579926105e-01 7.157025642165993906e-01 6.177277510785279535e-01 6.769910797073435127e-01 5.640880618403159019e-01 5.217505279945158225e-01 6.597085666568013318e-01 7.203121848319475884e-01 6.706425547360908013e-01 6.574587332018675401e-01 7.718430831061823261e-01 7.609191483580123316e-01 7.745410892480283360e-01 7.021654051062555801e-01 7.405192200037936656e-01 7.865703739864997601e-01 7.888348160625403560e-01 7.455016690081254227e-01 7.774542805121468225e-01 7.434795712523077915e-01 7.654859750598784762e-01 7.944253021868654674e-01 7.919342567012134237e-01 7.992212165698122650e-01 7.710753195421091721e-01 8.069067509371894431e-01 8.040230387772149268e-01 7.980098200917781215e-01 8.064935262943748739e-01 7.986555718462968745e-01 7.951182980217038621e-01 8.049222631454252541e-01 8.049353101179173020e-01 8.051177961267579342e-01 7.847833686479072091e-01 8.028246765174678057e-01 7.726994270385725283e-01 7.862198085157238170e-01 8.041387546884787296e-01 7.964848384241870471e-01 8.030648000011861853e-01 7.856339268032368484e-01 8.059212192188867085e-01 8.078174579331195426e-01 8.066489475189303482e-01 8.107839447557846357e-01 8.031844023907176444e-01 7.951161775617768823e-01 8.006524263440072398e-01 7.958717482918987729e-01 7.930918019236833372e-01 8.070722376551182631e-01 8.033283764888754508e-01 8.055956215660445840e-01 7.844421531739591558e-01 7.809716380657277801e-01 8.045304928191543414e-01 7.962325634621302273e-01 7.943733430624745351e-01 8.161003005385778497e-01 8.107876488248093594e-01 8.111843234878991504e-01 7.924006931174214508e-01 8.042810828178368343e-01 7.995666527409149849e-01 8.089949564845474450e-01 8.113643809553845454e-01 8.078951425359123251e-01 7.985319489220403799e-01 8.030667495712902060e-01 8.044810103901300913e-01 8.107001588665985192e-01 8.108295371257933093e-01 8.089169016997135309e-01 8.105424561920339110e-01 8.066459883175827184e-01 8.134709879663276633e-01 8.100538632798379712e-01 8.132339660616444421e-01 8.089612946618166545e-01 8.091868272318535338e-01 7.983305450193439734e-01 7.941003873811192104e-01 8.080690720137799765e-01 8.070506158043405653e-01 8.049624682617765314e-01 8.022247481221198573e-01 8.018974861163624679e-01 8.101087790341304773e-01 8.069390802013014508e-01 7.962923344294697836e-01 8.064867700586391130e-01 8.102280164580680788e-01 8.118911851719172734e-01 8.100057766651379554e-01 8.105096807705423068e-01 8.101357003707951865e-01 8.084780365847945571e-01 8.055778501927282065e-01 8.071304666253606985e-01 8.048997601254114231e-01
