1.000000000000000000e+00 1.332384624907142212e-01 1.742730297829365449e-01 1.590457133968906922e-01 4.020754168306978071e-02 3.339841097878470163e-03 4.750109051327153914e-02 4.399693515253789988e-02 2.506552855735506569e-01 8.546871636878786149e-02 8.002433575026504653e-02 5.654546273321877509e-02 2.676935500968414747e-02 1.405714396293062697e-02 2.747849042833487576e-02 6.938160950335440190e-03 1.241013312436670679e-01 4.935324633513627629e-02 4.124641258591553450e-02 7.150895264653144012e-02 4.783151237322751798e-02 6.143602947764054134e-02 7.004348398158512234e-02 5.636963385491754880e-02 3.188840870597250271e-02 1.279487168224631988e-01 9.595805142040472746e-02 5.335908138563881520e-02 1.000146753595140825e-01 1.066498166829538269e-01 8.782490652706841094e-02 3.907680524711600045e-02 4.154652824325479749e-02 6.687963406698294033e-02 9.751197066738201413e-02 2.309991182762111128e-02 6.225619487341850500e-02 5.666014242417449429e-04 3.760695425193993219e-02 -1.018028678520563579e-04 4.265796591965221457e-02 3.833151887638796586e-03 2.289362519779690724e-03 1.719101255193221378e-02 4.338404353379465145e-02 2.101253063106815755e-02 3.925153362177585467e-03 2.618850147013787946e-02 4.482973638862197685e-02 4.449000773083385332e-03 -6.010787718416031166e-04 3.189429013498950444e-02 3.660603697620034430e-02 4.315149070958954752e-02 3.205129982705186287e-02 2.090269777290507808e-02 7.268466996454557572e-02 8.121597974658001373e-03 -4.580749336777305974e-03 4.245109464440122854e-02 6.642915247382944095e-03 2.312411968214157787e-02 1.157594477076280201e-02 3.707081315512950059e-02 7.799817209593240541e-02 5.738361995926691272e-02 3.313468506836644151e-02 2.377852172463560537e-02 3.477300094185518248e-02 3.071434348211240020e-02 8.290374686276030455e-03 2.698644503837108535e-02 2.556225660416988621e-02 1.510858724526781445e-02 4.686853447104704501e-02 3.620294092953920545e-02 2.720540031189145128e-02 3.027114480259950405e-02 3.301120345849967164e-02 4.305589677093796253e-02 3.537444420848365884e-02 3.734694528732607210e-02 4.449088740995076757e-02 2.967282463486971278e-02 2.669795642259487414e-02 3.365374090494689663e-02 2.118316430471133341e-02 1.240384854204644449e-02 1.223066736443268951e-02 2.526434774016985893e-02 1.397789369426793299e-02 6.279483189339591515e-03 1.290122790909069977e-02 1.045983228584772100e-02 5.977920597405350298e-03 2.006386430184727704e-02 2.008394606652081152e-02 6.204417947702371011e-02 7.710584829449920567e-03 9.007448967220959071e-03 1.211478220503638126e-03 1.992710248569505224e-02 1.928445189099938992e-02 6.112874867081189746e-03 2.401778641217009597e-02 4.997068384443698746e-02 3.078966615374947174e-02 1.891226423434377510e-02 2.543364193372123216e-02 1.632483013259174512e-02 7.055134419850045586e-03 2.722703627796180248e-02 2.328023531943631055e-02 3.042373984392313796e-02 4.558614461344500518e-02 3.976063292066497196e-02
1.332384624907142212e-01 1.000000000000000000e+00 7.859850896672047893e-02 1.554863677820801926e-01 7.020946029099307817e-02 3.024360510286752679e-02 8.871870340534376842e-02 1.116392486194558720e-01 2.032877769026302794e-01 2.136784441566476345e-01 1.416079075467956139e-01 1.512964982449962192e-01 1.429029839586745121e-01 8.006479246669361005e-02 1.481246636419377705e-01 1.223162874281863849e-01 1.836322610045667825e-01 7.906958111055607807e-02 9.547075358493523067e-02 8.279716166678785516e-02 9.118402450081795896e-02 1.153146527537023402e-01 1.580724847427260327e-01 9.442601597261759960e-02 7.615079948047021041e-02 1.299182325247657255e-01 1.347546391134504529e-01 1.288800606871002286e-01 1.354381799928515429e-01 1.697419386381919804e-01 1.660992370571837129e-01 1.395812755608792921e-01 1.259928611108036278e-01 1.387102132460797665e-01 1.713373370777939442e-01 1.319247346299971813e-01 1.435003113899321336e-01 1.051003982658247626e-01 1.505232443518750018e-01 9.953708179566340963e-02 1.463093914844498244e-01 1.247525335533249402e-01 1.105326996768259407e-01 1.243873898767458575e-01 1.476678345903592315e-01 1.595779564114421234e-01 1.385935448626390842e-01 1.642962274297120051e-01 1.202214031000950201e-01 7.357582977573112748e-02 1.019913765117940740e-01 6.470992056264374126e-02 1.166412907831482770e-01 1.705050356983335569e-01 1.314553715220149466e-01 1.418899502062945239e-01 1.465416639326310166e-01 1.305031247273079065e-01 1.222743977002504617e-01 1.447053532222781491e-01 1.161404142988595040e-01 1.343005838708565824e-01 1.263692165082906937e-01 1.529455488869207458e-01 1.637119706589371115e-01 1.506120774407495311e-01 1.591075396570053591e-01 1.463198745886384045e-01 1.575583672452077755e-01 1.401206540005946188e-01 1.245651074851379381e-01 1.371226540481959855e-01 1.427066318528657507e-01 1.102519168743518463e-01 1.458182447276774596e-01 1.432763067437272386e-01 1.422738632162081629e-01 1.500744164622090648e-01 1.468617388488140385e-01 1.523274541788987579e-01 1.444476564531572971e-01 1.524053610185783503e-01 1.673740807450801449e-01 1.534849384776043879e-01 1.322277521836032199e-01 1.462884989683293779e-01 1.378036176307547156e-01 1.489216200996407724e-01 1.433606806817676882e-01 1.629944475252809166e-01 1.375740465799676904e-01 1.380941026937257676e-01 1.380849960574990765e-01 1.416027089687503238e-01 1.433813030072030315e-01 1.594126499326123658e-01 1.180602695584563322e-01 1.461656362681334753e-01 1.291718422619176354e-01 1.361728317696828949e-01 1.293949292453480115e-01 1.447380268733590158e-01 1.302612426316301919e-01 1.263718925217560407e-01 1.307410302828679038e-01 1.657094439691946253e-01 1.680022943202172103e-01 1.620317544203675186e-01 1.555553573082188723e-01 1.432345302463045866e-01 1.500631298310240169e-01 1.509131888852645875e-01 1.590951282965253344e-01 1.524011473849688214e-01 1.527138760276967322e-01 1.609278245052549183e-01
1.742730297829365449e-01 7.859850896672047893e-02 1.000000000000000000e+00 4.238310364714582557e-01 2.458498141371307788e-01 2.384416093880651899e-01 3.956415270685099683e-01 3.937368169870009704e-01 3.728662212029876799e-01 3.132871301054094282e-01 4.209096791157695971e-01 4.203243351502736758e-01 3.118964266616474079e-01 2.801777684294031179e-01 3.946953100531496172e-01 3.701092007003271567e-01 3.665743508891044500e-01 3.965565346905560729e-01 4.032146562820774216e-01 3.091714578869522723e-01 4.120895370148037751e-01 4.057832015124355207e-01 4.567564166916327495e-01 4.222448815526232968e-01 4.106125956297381752e-01 4.654864760168939131e-01 4.422243157244669653e-01 4.411376002161807031e-01 4.147463802096832963e-01 4.359057120204916647e-01 4.313090270614745037e-01 4.259511971110302442e-01 4.158102564206623275e-01 4.284028752930892359e-01 4.222371033162868881e-01 4.119188837299745387e-01 4.270720953465784175e-01 4.112504433805931336e-01 4.233811419833663492e-01 4.340564698201718197e-01 4.138650463558221082e-01 3.982872059957596744e-01 4.102640355680932660e-01 4.033253132618043191e-01 4.201713147386590963e-01 3.967107167108072652e-01 3.391782462194418701e-01 3.491323957120834320e-01 3.829320976148944400e-01 3.843959458077974012e-01 3.724898082609776062e-01 3.957194784985647584e-01 3.821928364647679266e-01 3.596217046701577491e-01 3.825317746999838953e-01 4.033934380588297675e-01 3.824639858759337763e-01 3.627363281361375424e-01 3.604986404225867247e-01 3.568064508863860729e-01 3.601236047095507931e-01 3.665196449861268246e-01 3.634883322807329620e-01 3.572182040604116038e-01 3.599702932650021281e-01 3.686226008439474344e-01 3.582274265596432916e-01 3.950732611128218164e-01 3.911098876140867708e-01 3.800643991823466350e-01 3.891774152052578373e-01 3.874901864051753519e-01 3.992877395163790255e-01 4.022233029814324956e-01 4.000260381732029802e-01 3.790895528524286240e-01 3.860109947468021718e-01 3.714437426588779179e-01 3.970074991136511300e-01 3.802356546480344934e-01 3.876907293841800883e-01 3.782862304032024170e-01 3.929740579232429143e-01 3.775499718468671717e-01 3.932378555478738269e-01 3.949995304314546374e-01 3.952457535438788083e-01 3.852584786100669012e-01 3.777090396627329483e-01 3.964534139426463821e-01 3.978120963874302030e-01 3.759270139355653795e-01 3.760651330289431771e-01 3.773267465059798598e-01 3.393142589883988980e-01 3.457259979638393488e-01 3.953268047002579944e-01 3.683137916862543326e-01 3.611889264915323361e-01 3.663490529867553525e-01 3.813782457369906953e-01 3.688637389433990776e-01 3.650947524034199310e-01 3.663384765801053766e-01 3.808448543216167992e-01 3.658097047097514376e-01 3.553853904637106487e-01 3.523939250535828571e-01 3.717764620144228260e-01 3.473203777592757668e-01 3.613474150286740683e-01 3.502407089922633943e-01 3.534591535667790385e-01 3.579395733822734460e-01 3.498787797759659868e-01 3.485204187940555420e-01
1.590457133968906922e-01 1.554863677820801926e-01 4.238310364714582557e-01 1.000000000000000000e+00 3.820156113597377723e-01 3.838247349305692335e-01 5.413633015232793833e-01 6.032160460708547722e-01 5.438339672971702621e-01 4.705933960710412256e-01 6.017336786872898857e-01 6.640896210681044298e-01 5.218306210570937687e-01 4.471193512774332968e-01 5.946050296396048207e-01 5.981957117997718232e-01 5.559994068005282841e-01 4.808223926642399282e-01 4.942731786756927592e-01 4.490565640988266605e-01 5.395404639219534282e-01 5.274718231255517420e-01 5.742575350934676637e-01 5.091853715223458865e-01 4.840831364202937137e-01 6.277174147860037356e-01 6.053386607739025260e-01 5.968122644867178694e-01 5.957691264927502672e-01 6.152934216450044458e-01 6.185853747726031138e-01 6.138458999292277785e-01 6.128869142607212828e-01 6.185243931591410949e-01 6.313728078979277125e-01 6.101705836205391087e-01 6.129309624248661104e-01 5.933017246130881661e-01 6.043825258614969886e-01 5.757980705096277241e-01 5.951056766782512053e-01 5.742083778015549811e-01 5.921556748224113820e-01 5.976086993991936991e-01 6.054599082699084756e-01 5.885902858295767315e-01 5.465900782944292935e-01 5.623940573958181588e-01 5.899543465647701934e-01 5.942883440282102914e-01 5.804123618335161883e-01 5.974121985488511921e-01 5.895421514483575320e-01 5.768615572162670846e-01 5.836154883609242505e-01 5.880193383076848246e-01 6.109697238249087725e-01 5.711073663539338874e-01 5.723716412524860742e-01 5.686708088132063077e-01 5.777554994282828593e-01 5.887793142722896889e-01 5.888756780013532088e-01 5.840845036850811356e-01 5.802180778953262008e-01 5.999987966630409009e-01 5.646344451139452270e-01 5.793761643160315611e-01 5.939061952920252629e-01 5.831861703553807841e-01 5.600501033191672695e-01 5.695946131676450364e-01 5.714924147234999863e-01 5.627887579043389099e-01 6.007738437256592290e-01 5.832572990732481921e-01 5.806109067442923877e-01 5.815913220476409684e-01 5.844836893681262247e-01 5.788512400510086309e-01 5.879130748525007721e-01 5.804913894301962918e-01 5.962112777044695777e-01 5.870915638181448681e-01 6.100905036707976459e-01 5.973624870272785659e-01 5.950736224577026778e-01 5.907225091129046923e-01 5.809590503113500892e-01 5.865186879373875950e-01 5.884506186171972741e-01 5.730312315756099784e-01 5.758361434626616537e-01 5.740096543416366437e-01 5.509017966135342226e-01 5.544492711923332262e-01 6.011690257391308911e-01 6.023697011785946742e-01 5.762933889994550363e-01 5.717616484830886359e-01 5.835914539432285331e-01 5.916440188401699274e-01 5.761460886992278985e-01 5.756572122890883936e-01 6.025883021248722438e-01 5.899346115704109383e-01 5.789058131873581203e-01 5.601227020732681972e-01 5.739670315444073134e-01 5.625079712305356416e-01 5.755002181847919118e-01 5.650674274873903613e-01 5.719859909277202892e-01 5.828512229687246027e-01 5.702942038260455648e-01 5.762846612631963295e-01
4.020754168306978071e-02 7.020946029099307817e-02 2.458498141371307788e-01 3.820156113597377723e-01 1.000000000000000000e+00 2.826039511716672559e-01 3.697073000857375447e-01 4.430501488733247228e-01 4.038587979413225670e-01 3.617290189294894986e-01 4.458241231615892031e-01 4.785921140328399659e-01 4.481713783432608733e-01 3.301835893532873434e-01 4.556807082403124265e-01 4.455296453837342407e-01 3.872031789935971857e-01 3.645840375958523394e-01 3.974345522158142519e-01 3.159045606333612533e-01 4.003474868321523772e-01 4.135858528811200974e-01 4.316511701035481985e-01 4.091760972254864792e-01 4.026356611701858990e-01 4.566726537520416906e-01 4.455533457425023824e-01 4.284302895549977896e-01 4.272735269379058232e-01 4.646827667283156549e-01 4.740602194284986859e-01 4.519383576136145608e-01 4.274584364455101815e-01 4.381415854625456685e-01 4.654519485648602184e-01 4.450444464342149242e-01 4.530852822878819741e-01 4.276560072860889350e-01 4.648517689604841352e-01 4.267700912877124275e-01 4.551643215320690938e-01 4.431763680937924610e-01 4.677224449400075312e-01 4.727279482063507232e-01 4.713923970790703244e-01 4.520775478061731523e-01 4.418804867394247049e-01 4.415504117388103777e-01 4.452963531608614689e-01 4.125011782136691618e-01 4.370447822287919504e-01 4.370608793093285205e-01 4.575987605071417663e-01 4.520847122512260396e-01 4.512163274753424047e-01 4.565863235963331102e-01 4.466555107843312444e-01 4.566094001639113276e-01 4.445910546635115645e-01 4.593208888627740016e-01 4.537916408150687864e-01 4.613520600488298928e-01 4.452045664760966859e-01 4.453073645368759714e-01 4.460877042720952090e-01 4.639617980331232627e-01 4.473252650422396837e-01 4.693406498642630487e-01 4.658145971276703157e-01 4.540848251255611978e-01 4.523144787190702121e-01 4.626878401431897547e-01 4.610503762783669246e-01 4.577881052776648363e-01 4.640217077656605960e-01 4.613083662769095761e-01 4.493684397518133422e-01 4.494428425232031565e-01 4.539501844427089594e-01 4.584380852914803905e-01 4.592860843925595793e-01 4.583549016617928240e-01 4.575755228795571616e-01 4.586297588224669819e-01 4.550615534678970620e-01 4.601680875807732107e-01 4.657725338590720798e-01 4.551776177003302171e-01 4.551407727673904557e-01 4.504029559887784973e-01 4.539498761656007852e-01 4.551695117974741134e-01 4.598441238107351947e-01 4.570222933832143175e-01 4.434750849248229598e-01 4.438944484945971380e-01 4.503918723092236731e-01 4.392742713039974878e-01 4.504589655316789676e-01 4.488780277995495505e-01 4.606999040511770560e-01 4.504526771283081654e-01 4.596168430854217224e-01 4.617301143890612525e-01 4.632499328626396018e-01 4.497195908553861532e-01 4.504931628024904100e-01 4.453891308294863349e-01 4.522993076748071384e-01 4.476312984445381393e-01 4.449321512462360850e-01 4.532940724472407368e-01 4.488067915939017993e-01 4.530949895588622378e-01 4.423611442202562971e-01 4.521070793269695298e-01
3.339841097878470163e-03 3.024360510286752679e-02 2.384416093880651899e-01 3.838247349305692335e-01 2.826039511716672559e-01 1.000000000000000000e+00 4.841264214036309910e-01 4.682975716997676008e-01 4.963583736736545404e-01 4.777803789522238609e-01 5.518784513693025806e-01 5.705622296207417676e-01 4.973771273241633373e-01 4.443475819372945113e-01 5.690167345771363072e-01 5.583967161988862005e-01 5.103735647775945461e-01 4.257019629722011977e-01 4.672744008659466264e-01 3.688141875503866962e-01 4.541059890817632505e-01 4.690227166835982398e-01 4.866187364859116959e-01 4.570693855072828771e-01 4.493219885621738685e-01 5.584836645794157839e-01 5.466576808688952127e-01 5.517049042032626804e-01 5.614956560531880747e-01 5.284029727882511018e-01 5.711520922186782423e-01 5.710030187790737788e-01 5.510724092494914128e-01 5.387149074972372720e-01 5.311808883331081699e-01 5.432440563151396118e-01 5.586804326660168574e-01 5.787074033863630618e-01 5.803985680368315414e-01 5.590490339517110163e-01 5.995496061685788858e-01 5.932656584623511309e-01 5.732951472005657356e-01 5.902374872534742467e-01 5.852067031857660639e-01 5.776740582159672899e-01 5.827258089961490084e-01 5.898850775762917165e-01 5.960319379467882150e-01 5.530484991216432222e-01 5.856114831170005086e-01 5.422031979468666663e-01 5.869812320029259567e-01 5.861728157114406423e-01 5.822289656328472063e-01 5.882197854697478467e-01 5.736055699030671029e-01 5.922353849812302951e-01 5.955014543530450233e-01 5.890409596573821238e-01 5.837791300265399164e-01 5.936174927490788233e-01 5.779273045980696244e-01 5.808662434167100042e-01 5.702786861745628988e-01 5.767546951428681457e-01 5.958795443625326538e-01 5.889914038778485406e-01 5.909254906000196428e-01 5.682224791247501017e-01 5.737676201423501654e-01 5.899409795590278005e-01 5.744986807236752702e-01 5.756413320969722136e-01 6.017600543174211891e-01 5.998564747352626014e-01 6.012826987879427154e-01 5.964361765300656426e-01 5.959654430413923176e-01 5.875815191022951689e-01 5.976476624997184572e-01 5.924091817729896237e-01 5.937371549078507282e-01 5.888255442829190001e-01 5.910036355364294280e-01 5.904192839007192939e-01 5.925332752292523653e-01 5.995558241905926122e-01 5.972837912386095294e-01 5.889105612645815224e-01 6.000808110614462842e-01 6.000863512422554003e-01 5.978726473335115310e-01 5.989618429543177580e-01 5.936523762525620640e-01 5.925105313614109637e-01 5.933434211639896372e-01 5.846247562221036365e-01 5.938825213872216402e-01 5.960451122043757266e-01 5.971791021354576623e-01 5.947676153816631173e-01 5.937609081550846435e-01 5.986437171359372256e-01 5.939099291015579318e-01 5.804967374532113977e-01 5.947403634180317145e-01 5.910322605293276688e-01 5.975438552753619126e-01 5.940784287848352996e-01 5.955093151454554645e-01 5.917705629189513594e-01 5.941557875818634926e-01 5.940358861115380140e-01 5.869475168506333995e-01 5.856829710328986804e-01
4.750109051327153914e-02 8.871870340534376842e-02 3.956415270685099683e-01 5.413633015232793833e-01 3.697073000857375447e-01 4.841264214036309910e-01 1.000000000000000000e+00 6.889948624465154214e-01 6.111455844493524081e-01 5.976362781632444943e-01 7.213287906744015876e-01 7.359445746633327401e-01 6.276899740850208076e-01 5.683174256097738297e-01 8.138364640035609110e-01 7.518829850397071857e-01 6.503768233302442692e-01 5.945150560406740059e-01 6.226820844049713033e-01 4.914871377359624205e-01 5.727337210958627356e-01 6.371597509209896426e-01 6.872120004196868859e-01 6.281313151027897446e-01 6.142296731740145566e-01 7.821290034129543267e-01 7.550696704672618109e-01 7.486432672897076479e-01 7.630960790210860045e-01 7.269080522602988648e-01 7.505595647144167604e-01 7.569323659732567489e-01 7.585457197942619967e-01 7.247439605171871468e-01 7.231963387863007409e-01 7.244299167261418759e-01 7.188942245075180537e-01 7.827101689290667519e-01 7.623368405299969508e-01 7.721263643631076645e-01 7.647558275257078098e-01 7.677799823272907220e-01 7.428622897431651495e-01 7.682696661469220478e-01 7.589609359791729126e-01 7.494899744562579791e-01 7.285420451974933265e-01 7.361878903378074046e-01 7.577335189060016019e-01 7.219707408418011285e-01 7.563709303830326025e-01 6.863344062086521591e-01 7.341657073461217431e-01 7.305567547044685695e-01 7.452974304463019228e-01 7.641684338705673207e-01 7.173702157533676793e-01 7.399413338818879859e-01 7.514136591742575089e-01 7.297506654991773312e-01 7.396630238833826754e-01 7.447580467613210686e-01 7.331033855162188972e-01 7.203470728119175659e-01 7.024237466411601405e-01 7.087208461933668380e-01 7.389364246957669247e-01 7.505893186665810735e-01 7.540593775390042053e-01 7.147884930270246295e-01 7.099852397574458740e-01 7.454329181993342157e-01 7.329203643828864356e-01 7.324707656589930505e-01 7.720323457020488167e-01 7.535843002217983422e-01 7.670776262179304084e-01 7.572521072960614053e-01 7.616431538908431387e-01 7.459439359996986596e-01 7.529882246378640787e-01 7.444562356611539311e-01 7.562063371976275317e-01 7.481444359814651834e-01 7.486019602234190717e-01 7.505139520232073647e-01 7.401343770091129981e-01 7.653170334518833995e-01 7.586828256564881467e-01 7.664271427537443504e-01 7.714999570614570201e-01 7.617760584653421319e-01 7.540155563695815077e-01 7.555991948570944805e-01 7.303666910768341625e-01 7.356777264057685617e-01 7.585583204127919199e-01 7.195773576895182488e-01 7.452289442583738266e-01 7.509934211948193772e-01 7.555668509338699934e-01 7.488790914795991904e-01 7.365562430360864665e-01 7.524288979091782181e-01 7.375559719539747094e-01 7.244918078490718560e-01 7.283743300716609692e-01 7.405044006591413597e-01 7.575993535252035782e-01 7.368706976999889191e-01 7.483431264545531425e-01 7.326080303211315314e-01 7.434678452059559906e-01 7.364012865521918361e-01 7.175201716751126169e-01 7.156039827276289289e-01
4.399693515253789988e-02 1.116392486194558720e-01 3.937368169870009704e-01 6.032160460708547722e-01 4.430501488733247228e-01 4.682975716997676008e-01 6.889948624465154214e-01 1.000000000000000000e+00 6.324826952607316422e-01 5.806306194040415924e-01 6.970112645391571826e-01 7.606530169143576048e-01 6.687755961257633164e-01 5.511327325801445021e-01 7.582449691821279147e-01 7.798257251049748318e-01 6.403176517561467440e-01 5.898918357026708970e-01 6.210459918168254045e-01 5.311247926958495569e-01 6.224150216669671609e-01 6.551934491209567835e-01 6.901384599437428990e-01 6.344809493986309779e-01 6.145771419686956172e-01 7.216531348916849220e-01 7.120443418665801660e-01 7.098187023411584029e-01 7.086989325503020298e-01 7.092626081470122523e-01 7.336967369216211843e-01 7.474977979568785402e-01 7.282806395168424096e-01 7.303755235759181730e-01 7.303411781889507237e-01 7.156586528514771173e-01 7.152983702446183978e-01 7.507771080289662446e-01 7.494538880373293743e-01 7.229140730830073691e-01 7.422827317613163167e-01 7.473135175042543432e-01 7.473976350807141067e-01 7.594836828752521418e-01 7.412430323874517057e-01 7.518604637873219643e-01 7.202887601112964999e-01 7.295596219067760346e-01 7.480302641159966015e-01 7.238471068417308141e-01 7.455571807448208022e-01 7.014704965746350052e-01 7.276822737770026750e-01 7.343271385278694607e-01 7.450536492146173639e-01 7.469335734456814535e-01 7.403596750922647463e-01 7.456488365662047313e-01 7.480088539293878735e-01 7.272786706304975590e-01 7.423587797505041275e-01 7.496001007275407968e-01 7.497428918192372560e-01 7.291178643195871389e-01 7.162923143106910695e-01 7.272759153879259086e-01 7.319830595484474456e-01 7.472018369524350279e-01 7.535578732531498236e-01 7.321255116472215052e-01 7.198226026629689356e-01 7.388213376466110649e-01 7.398867352308596823e-01 7.249529152928939624e-01 7.488790433610331698e-01 7.356718649081973593e-01 7.383459238342315878e-01 7.341111215921362065e-01 7.428891358895586272e-01 7.322139432619791943e-01 7.422910256763036729e-01 7.327703586265982283e-01 7.465819720585300523e-01 7.369306136068307644e-01 7.490494388307994411e-01 7.496461855000882135e-01 7.401440633416589421e-01 7.553354160028850073e-01 7.496939085277725123e-01 7.457761607983036667e-01 7.458833487326652634e-01 7.477743279816376765e-01 7.421670149009839124e-01 7.475430193260702572e-01 7.260060970706236905e-01 7.274031179572569838e-01 7.589679990532114395e-01 7.333518663244914526e-01 7.470212227845492992e-01 7.414232610677257140e-01 7.546361585902692237e-01 7.535883480480252139e-01 7.346567947618481975e-01 7.512681170935457953e-01 7.470428632878564068e-01 7.373065889194772016e-01 7.391505382307065330e-01 7.306885132084756096e-01 7.436718352151168165e-01 7.352161154747028915e-01 7.492971918918396312e-01 7.317318955784385404e-01 7.399768794690136930e-01 7.411336667128104461e-01 7.244351869952594392e-01 7.244136791912793027e-01
2.506552855735506569e-01 2.032877769026302794e-01 3.728662212029876799e-01 5.438339672971702621e-01 4.038587979413225670e-01 4.963583736736545404e-01 6.111455844493524081e-01 6.324826952607316422e-01 1.000000000000000000e+00 7.049958253200990788e-01 7.786467945298770621e-01 7.964033198085593845e-01 7.104096729273281507e-01 6.282178869432401003e-01 7.850668543471628347e-01 7.691175392720710491e-01 7.734042219600817392e-01 5.847688909189050488e-01 6.540637574156281664e-01 5.386522820198659245e-01 6.299618885469421281e-01 6.894435593680077190e-01 7.080193818466901101e-01 6.432173063673970459e-01 6.452724648019733111e-01 7.780794318794779230e-01 7.769074248431450114e-01 7.477257921983655464e-01 7.743282257064508789e-01 7.970971415404639604e-01 8.349229102586824824e-01 7.823811122913739702e-01 7.448746312246111723e-01 7.655643457015204323e-01 7.799389354244996575e-01 7.556977448663129149e-01 7.760488229137281202e-01 7.635008167861242478e-01 8.010026661983583596e-01 7.284935184286839283e-01 8.241028930908277372e-01 7.972210208415824173e-01 7.898014043414846030e-01 8.206081850052446836e-01 8.185492609265774266e-01 8.067039196244603083e-01 8.187918205582902509e-01 8.390303563363978867e-01 8.273572099877136710e-01 7.545075875519380304e-01 8.040634720777026789e-01 7.700597256585245409e-01 8.279578005693312148e-01 8.393518982593377586e-01 8.115324685409888161e-01 8.123530990155302112e-01 8.300155128835798868e-01 8.200804334445959132e-01 8.107410247462126796e-01 8.421410864489483616e-01 8.220564205769310684e-01 8.302922035752220431e-01 8.043667208808950031e-01 8.348637694045825119e-01 8.438783848111743868e-01 8.410753534850712310e-01 8.383044976102478341e-01 8.216021470212895306e-01 8.316679695746558298e-01 8.031270537959117606e-01 7.981534851953909770e-01 8.259603770638319631e-01 8.052944611454206925e-01 7.972746045332381737e-01 8.415955232016755216e-01 8.333042144730800072e-01 8.246325938705604264e-01 8.330118359651795812e-01 8.309530145182592031e-01 8.387975727678921301e-01 8.324056505371518755e-01 8.420124415232571602e-01 8.362592281667771132e-01 8.244680759476850085e-01 8.101461733016630529e-01 8.237258482965763573e-01 8.192335209851349109e-01 8.270283552234266589e-01 8.238993527963465180e-01 8.252473122714715226e-01 8.166563212213533429e-01 8.245634594116958427e-01 8.289136860358155001e-01 8.258121281141446168e-01 8.255308190441729144e-01 8.318616728943482030e-01 8.134564940600110816e-01 8.280709025709518389e-01 8.215508745476451935e-01 8.238199757051788419e-01 8.212731664973021983e-01 8.263499090136458003e-01 8.338787871919837169e-01 8.254543702562497920e-01 8.321077261902987132e-01 8.289957700507978311e-01 8.398584336296786024e-01 8.328211154798462745e-01 8.324374647316402642e-01 8.294696959510715617e-01 8.237854441966688812e-01 8.378829841532250411e-01 8.298107635570176610e-01 8.359952963186658703e-01 8.362191458458098081e-01 8.384022275367865040e-01
8.546871636878786149e-02 2.136784441566476345e-01 3.132871301054094282e-01 4.705933960710412256e-01 3.617290189294894986e-01 4.777803789522238609e-01 5.976362781632444943e-01 5.806306194040415924e-01 7.049958253200990788e-01 1.000000000000000000e+00 7.133532528595799560e-01 7.362048055253702650e-01 6.654450153228831377e-01 5.761272886592615494e-01 7.493453955943072398e-01 7.260624237042212492e-01 6.801490529452327571e-01 5.176333954955579797e-01 5.693423001108225412e-01 4.664291796345045316e-01 5.452408445578310614e-01 6.004718038365510768e-01 6.542462428112917339e-01 5.691943044582128408e-01 5.523143238353280804e-01 6.997984023786818497e-01 7.123179987185198625e-01 6.997617219562710655e-01 7.165037637954204675e-01 7.255381216454579452e-01 7.674340228177358725e-01 7.448249346891802070e-01 7.149780548487186804e-01 7.033450631446523937e-01 7.275871914333936763e-01 7.155514733662295956e-01 7.311002259910024392e-01 7.343983766255789414e-01 7.639033100422395473e-01 7.053239449303522202e-01 7.743225712029064844e-01 7.615284455300324051e-01 7.303795451897215907e-01 7.675509077956470527e-01 7.694997093024104062e-01 7.629896859500132633e-01 7.812123448947025928e-01 7.938441279499403036e-01 7.710529621023193281e-01 6.787047220266452241e-01 7.542453591021247572e-01 6.530058396791094122e-01 7.563392034183022972e-01 7.911025096541894897e-01 7.647790930413411736e-01 7.752787089711151713e-01 7.509131855150941171e-01 7.745823087408273411e-01 7.763628180428715497e-01 7.834361180890702103e-01 7.573387556603887738e-01 7.770924310981286443e-01 7.494729298716145127e-01 7.702547687831876599e-01 7.654593898134410823e-01 7.596244390506056154e-01 7.920885479150538977e-01 7.696999460877672616e-01 7.861870377229310813e-01 7.454240426874453318e-01 7.336895370137043182e-01 7.694247165044587611e-01 7.569619224874383212e-01 7.325401689321249243e-01 7.815750844400173314e-01 7.870658511846669869e-01 7.794113152065585970e-01 7.812443270776139315e-01 7.782776119158789641e-01 7.880537042756237120e-01 7.869830575071362633e-01 7.888453195680452668e-01 7.959209673892537751e-01 7.868308290140154648e-01 7.585654720955904429e-01 7.740063263699313856e-01 7.793559596942286616e-01 7.829829764639310019e-01 7.844816260385897300e-01 7.856776987657949629e-01 7.820314422798235743e-01 7.837753330555543574e-01 7.864027586558769434e-01 7.856888825341881155e-01 7.840954655783161087e-01 7.939941742647774747e-01 7.501619600551828748e-01 7.487265015661815903e-01 7.669054976981211080e-01 7.776021593330968429e-01 7.712857412986134920e-01 7.700953507519637808e-01 7.737960450015709535e-01 7.783661688349939878e-01 7.616905698325916463e-01 7.660027277750131036e-01 7.883443540616108525e-01 7.940508201026513779e-01 7.915055734395876064e-01 7.863297749963378269e-01 7.840800913356135160e-01 7.865233528759866255e-01 7.888179609408922932e-01 7.797194052468350289e-01 7.770467228230615309e-01 7.776506634930273609e-01
8.002433575026504653e-02 1.416079075467956139e-01 4.209096791157695971e-01 6.017336786872898857e-01 4.458241231615892031e-01 5.518784513693025806e-01 7.213287906744015876e-01 6.970112645391571826e-01 7.786467945298770621e-01 7.133532528595799560e-01 1.000000000000000000e+00 8.643908865717981893e-01 7.450402735469402460e-01 6.730672571453447661e-01 8.633309875777959164e-01 8.323235033984742737e-01 7.674343138307789802e-01 6.607691538922305652e-01 7.289418679806134449e-01 5.895967378586884911e-01 6.994117586637138562e-01 7.473283373558127218e-01 7.821888021160430249e-01 7.133812147469901221e-01 7.078347854580394616e-01 8.436131603620093955e-01 8.384600029959800027e-01 8.304840327156988167e-01 8.382831409240265597e-01 8.463075527644856599e-01 8.757615252022200591e-01 8.621093123261509561e-01 8.360302963710520840e-01 8.217338566283551859e-01 8.326404882459074175e-01 8.336600545509733617e-01 8.410996148880701684e-01 8.652268326853845837e-01 8.758282238047679913e-01 8.422308871780167516e-01 8.843254551131084495e-01 8.744782252969620640e-01 8.639876086035542802e-01 8.841984922576323624e-01 8.782987682635737814e-01 8.709543829982155927e-01 8.669702696608374559e-01 8.774974539163203913e-01 8.725432337721675813e-01 8.149213063912561505e-01 8.662470617719456589e-01 8.103323696689405109e-01 8.699778628439595041e-01 8.752856305897894762e-01 8.684852448842619310e-01 8.841287375693027695e-01 8.547636997430259065e-01 8.746553009538463597e-01 8.735476598974345475e-01 8.740662830450953713e-01 8.715193930964816316e-01 8.764567900448843041e-01 8.588400454454023780e-01 8.613891992747830795e-01 8.518613094840014055e-01 8.623618920644755548e-01 8.735187727404216673e-01 8.801768486987832096e-01 8.852628006710451247e-01 8.634410684592628282e-01 8.602798348310244370e-01 8.805272867210381937e-01 8.627800350520807848e-01 8.663706144203878745e-01 8.943892116524291280e-01 8.829505174227464392e-01 8.808710169488919162e-01 8.787325462286458277e-01 8.874559958206178489e-01 8.839693343759258415e-01 8.892357173885091504e-01 8.880264713578890357e-01 8.857062794033530029e-01 8.786322355819261576e-01 8.731231065499364119e-01 8.786934923273723719e-01 8.843623338974546666e-01 8.874790813622579488e-01 8.839715275569887121e-01 8.849347241049877466e-01 8.869861179358957681e-01 8.843365104765212870e-01 8.860920419964368744e-01 8.856256221178956389e-01 8.721091646612563197e-01 8.749066489437123950e-01 8.736251653127881101e-01 8.536713425289452761e-01 8.732763969143266802e-01 8.773668989329332923e-01 8.827830438843061733e-01 8.745227257277419231e-01 8.761217444819788813e-01 8.800306760142379003e-01 8.779902650859602309e-01 8.617438200922635794e-01 8.737400733997483515e-01 8.757970572054113445e-01 8.834365621470526841e-01 8.751814881239156074e-01 8.762475608214769229e-01 8.757852815693553117e-01 8.760473888001034659e-01 8.734099310623612000e-01 8.645553498499518597e-01 8.676130792740174291e-01
5.654546273321877509e-02 1.512964982449962192e-01 4.203243351502736758e-01 6.640896210681044298e-01 4.785921140328399659e-01 5.705622296207417676e-01 7.359445746633327401e-01 7.606530169143576048e-01 7.964033198085593845e-01 7.362048055253702650e-01 8.643908865717981893e-01 1.000000000000000000e+00 7.885341680264106312e-01 7.110165404073918172e-01 8.896355459001020760e-01 8.794041405369489306e-01 7.928811815105518690e-01 6.553045817097914449e-01 7.171992113807295066e-01 6.301902138906678719e-01 7.211237355376640679e-01 7.518215312032595632e-01 7.803484545330177102e-01 7.048882676353699361e-01 6.972812028665787976e-01 8.550824839833484070e-01 8.558134545424369577e-01 8.486795735363509285e-01 8.621155237132540616e-01 8.606497928089349436e-01 9.058838042263028800e-01 8.853107180972604739e-01 8.655393636952616321e-01 8.552995591357276384e-01 8.694349135468445455e-01 8.573312357173015208e-01 8.683745178580142277e-01 8.917344231819646083e-01 9.020687971226089008e-01 8.463078704574850120e-01 9.079975389202470382e-01 9.015117701247244986e-01 8.887555017651995737e-01 9.174063986823908223e-01 9.069602829665944776e-01 9.021807507245042101e-01 8.997249736763357486e-01 9.108707400607503057e-01 9.121960177491011956e-01 8.669629143769015389e-01 9.078337907723820210e-01 8.524314354473077060e-01 9.100243479485482512e-01 9.138913251688588479e-01 9.059976561208228363e-01 9.079623441007966811e-01 9.075323380008606389e-01 9.133390032606989450e-01 9.170493994110823222e-01 9.122470805996129029e-01 9.130307975632444561e-01 9.259343603543765955e-01 9.083455980667578533e-01 9.102582643395996653e-01 8.993759713148813395e-01 9.132735014250926708e-01 9.083296633681507970e-01 9.052719171872710691e-01 9.186778123285720410e-01 9.052012824124551216e-01 8.836309208854152830e-01 9.017807240391247925e-01 8.864312466161362591e-01 8.757950143304561452e-01 9.230923423229291380e-01 9.169704640954290387e-01 9.128666604244966010e-01 9.156877995780676738e-01 9.126612711453236937e-01 9.121343802349113350e-01 9.158646655303042117e-01 9.182188345551942632e-01 9.136895821462301948e-01 9.147387662569129718e-01 9.103409357070798569e-01 9.119018752159901986e-01 9.133264238643078459e-01 9.195569584117243567e-01 9.141423843564605578e-01 9.079120819674888487e-01 9.120812420112248686e-01 9.133133770188589518e-01 9.142703507092457826e-01 9.145417153295057888e-01 9.057985407106833309e-01 9.075825425695652759e-01 8.990882649559254203e-01 8.978511580451463692e-01 9.092003665713331850e-01 9.076268826711328952e-01 9.108547501734887142e-01 9.119690366620576416e-01 9.142701543403232156e-01 9.149714420781254187e-01 9.158453921580504975e-01 8.989113484409981814e-01 9.145208133823364838e-01 9.100718791706617905e-01 9.138834799040231882e-01 9.106983867820092060e-01 9.116413183329122871e-01 9.113844178525509765e-01 9.111910219196136529e-01 9.114404476590350912e-01 9.030885960620310682e-01 9.095346937561423761e-01
2.676935500968414747e-02 1.429029839586745121e-01 3.118964266616474079e-01 5.218306210570937687e-01 4.481713783432608733e-01 4.973771273241633373e-01 6.276899740850208076e-01 6.687755961257633164e-01 7.104096729273281507e-01 6.654450153228831377e-01 7.450402735469402460e-01 7.885341680264106312e-01 1.000000000000000000e+00 6.259295882549310575e-01 8.028999777495663404e-01 7.972665936274041520e-01 6.951360021196814065e-01 5.726776798164481264e-01 6.317613334674128112e-01 5.298106693029729364e-01 6.144544649977579098e-01 6.594079363093674484e-01 6.776446083731633152e-01 6.150653611978506019e-01 6.172712130463731128e-01 7.439707044477122944e-01 7.402378671131604193e-01 7.275685013510282406e-01 7.345561391178760946e-01 7.550379889020937263e-01 7.989636837098591515e-01 7.670945252986091090e-01 7.437658200483620030e-01 7.412372600197362216e-01 7.636259950436529165e-01 7.533374014867142421e-01 7.556521709391014197e-01 7.707568706609804199e-01 7.966357132400451180e-01 7.310712971594915954e-01 8.124319430715430945e-01 7.981553275500375966e-01 7.916599326746295295e-01 8.218713898299069287e-01 8.120466257975033075e-01 8.031617740303378383e-01 8.237760041598216620e-01 8.288207042367108368e-01 8.096142655459704907e-01 7.469368783044776361e-01 8.058924607602339085e-01 7.442061557293132568e-01 8.131966434113734321e-01 8.253647696636497999e-01 7.977810102628113409e-01 8.034745034951868980e-01 7.973698311655422755e-01 8.305508660488931660e-01 8.135654155864366910e-01 8.365153843592458838e-01 8.287357671910829948e-01 8.284282411061346663e-01 8.048856875949125245e-01 8.224998293188218179e-01 8.151130725332529359e-01 8.195226270323137108e-01 8.291192175422084087e-01 8.193905391616156386e-01 8.263134635452538124e-01 8.061878185290743959e-01 7.949812474487952807e-01 8.198952768910063860e-01 7.990027075468657536e-01 7.866072337645206858e-01 8.291189997370636000e-01 8.265536387195877577e-01 8.183648221926032029e-01 8.175148208941296346e-01 8.174159603548861730e-01 8.218310541221601762e-01 8.223132535374862995e-01 8.287811336108246163e-01 8.240486600313758903e-01 8.214690625549443403e-01 8.149035968673388197e-01 8.183144213637782993e-01 8.171569034393404429e-01 8.285398067688577450e-01 8.276429049604426824e-01 8.207349570533669647e-01 8.186474985100704593e-01 8.298375615489155255e-01 8.299560131253771456e-01 8.283197348208430899e-01 8.311332454815936188e-01 8.311140994480505917e-01 8.066308454597035382e-01 8.048436359806414586e-01 8.254360335969375129e-01 8.273820233412435554e-01 8.257511658775101848e-01 8.256672276056472581e-01 8.321503386724162787e-01 8.336393556944994288e-01 8.261663766594014024e-01 8.157921404573201807e-01 8.342447864552220427e-01 8.321888074715898531e-01 8.289842552785681162e-01 8.325527150970819523e-01 8.290923283423826673e-01 8.366400671559832691e-01 8.309665977366931244e-01 8.329448590744659153e-01 8.243270331488828928e-01 8.305373345513065164e-01
