1.000000000000000000e+00 1.046957501090097775e-01 1.519354306556459089e-01 7.385894370929867170e-02 2.363581609959084992e-02 2.551047586080241319e-02 7.347745049614262669e-02 1.408302217432129411e-01 2.228300717582800128e-01 6.618325775535351119e-02 1.107893553180078622e-01 3.448512167232060943e-02 5.003648089677431576e-02 4.239863197553543628e-02 4.146697796038771588e-02 9.677929264961450395e-02 1.491354046369077757e-01 2.071408588110228988e-01 1.888664461013062346e-01 9.750177335685629443e-02 1.348595910440259504e-01 1.638984986110927078e-01 1.795222713426708194e-01 1.545109425797076830e-01 1.792505644492075889e-01 1.671412444610008152e-01 1.469358079194939271e-01 1.130994915907879567e-01 1.883646755335089407e-01 2.243098205480494600e-01 1.911670228102140823e-01 1.314754825909220382e-01 1.305964567510896901e-01 1.539585315452482728e-01 1.616408303653539824e-01 8.900194821650557475e-02 1.718459296944120918e-01 7.557280252748478644e-02 1.078466048480761219e-01 2.804156851108321764e-03 3.313714453664796944e-02 2.535764073623891085e-02 1.349062180525629649e-03 3.969258560013658177e-02 8.793922038137028108e-02 5.952807876386742580e-02 3.198963380955831964e-02 3.907005763544173921e-02 4.000596851263517328e-02 9.542817710061471392e-02 5.349495390236792824e-02 7.303673923275452728e-02 4.253900680746391244e-02 5.890351356905702829e-02 8.183545805911102144e-02 5.778340116335466126e-02 1.116236776497319533e-01 2.237074996407179342e-02 3.987537480310810595e-02 5.476181378621097773e-02 4.701797626761378135e-02 4.366726446648044185e-02 6.214508750558497829e-02 8.794714872265431416e-02 1.155177505307877772e-01 1.040309143079286985e-01 5.462123975018194633e-02 5.996917582136818137e-02 8.656480611755953958e-02 2.995035628594543142e-02 5.854532405279334883e-02 6.645679042236210532e-02 6.219348988990366922e-02 8.166213354787570100e-02 6.892171926139575855e-02 6.668170635726067275e-02 6.110462636498201205e-02 9.168034791949078444e-02 8.541577308341836983e-02 1.006326259491539116e-01 9.291637901653304610e-02 8.132560693972608334e-02 7.855277309308351941e-02 8.358551773046786482e-02 6.924049699853772333e-02 7.427968717303036483e-02 5.429922662151144552e-02 5.101477638874933607e-02 5.063391296108161327e-02 7.510669349019903629e-02 3.146528832461347597e-02 2.646356283004562202e-02 2.606827778707061088e-02 3.557871894611645824e-02 1.814751686989354851e-02 1.771308472325971300e-02 3.382585020312036533e-02 9.261379875101989623e-02 4.054450410760077755e-02 3.387089034118437314e-02 1.972606963435999741e-02 4.854110455082916858e-02 3.178343148676712748e-02 1.527711883028811009e-02 4.198789381604994819e-02 8.988119051849773056e-02 4.500585196297196555e-02 3.371755016919912584e-02 4.927504391380539001e-02 1.986561797697306703e-02 2.961267782858652969e-02 3.690811332021110003e-02 3.492649974189167283e-02 6.253365810211505837e-02 6.661764654082211190e-02 5.872172484917393548e-02
1.046957501090097775e-01 1.000000000000000000e+00 5.670521267540338389e-02 -4.010932403895085124e-02 1.983327426546013100e-02 1.007817234412734797e-01 9.356173340404247418e-02 2.830762351743713878e-02 1.442183039019715729e-01 2.130382392410198056e-01 1.135979289198973813e-01 8.030025213655327121e-02 1.099374374917999608e-01 1.064396557532544529e-01 1.312027725771811038e-01 1.181012944240224516e-01 9.583482664528410189e-02 1.142870448318838994e-01 1.061151767082735564e-01 6.880191995203906175e-02 1.681837746763758037e-02 7.226042387972192449e-02 1.036670585332298278e-01 6.580219646131463263e-02 8.718341603720204669e-02 1.647725978651141954e-01 1.438212721123088844e-01 1.437873622788211903e-01 1.950692185876772011e-01 2.038260599265971640e-01 1.993877669298402266e-01 1.362723603040523757e-01 1.464726558313261262e-01 1.196930290492811411e-01 2.006987754721385186e-01 6.228258796441901030e-02 1.612470835397525337e-01 1.340932581258381107e-01 1.475599060983603106e-01 9.199543591742122273e-02 1.354121140361675135e-01 1.296737602034615244e-01 9.628668669087887821e-02 1.290940374336887742e-01 1.307733977772271849e-01 1.492430685146609037e-01 1.497063499609985748e-01 1.502106109383471721e-01 1.421304757895167636e-01 1.119547238685371510e-01 1.210989269672554519e-01 6.048046654129310418e-02 1.216712527909190183e-01 1.610459720325299326e-01 1.559314531783512481e-01 1.314447539122684805e-01 1.307870035749790216e-01 1.356371334449330834e-01 1.434808751643984748e-01 1.421350359287002763e-01 1.333504825780960079e-01 1.421276525773799426e-01 1.315628746064383958e-01 1.354242768513877759e-01 1.302062727439839696e-01 1.404791736391902135e-01 1.497995186316011806e-01 1.367242199734521046e-01 1.448652799159456106e-01 1.117864996167276942e-01 1.126093788643144911e-01 1.383232762056490206e-01 1.149162904358949355e-01 1.189946685203813331e-01 1.569962242870427405e-01 1.575802481117337395e-01 1.578984615180226425e-01 1.819179935595398589e-01 1.670116476811626116e-01 1.890730426571510525e-01 1.765088170954002833e-01 1.719543654345567218e-01 1.355612534406648029e-01 1.736118351783657587e-01 1.372453141961718082e-01 1.375167831446901801e-01 1.364959611681651475e-01 1.514810796241723989e-01 1.550925610324792314e-01 1.621663881617274316e-01 1.338638886150355367e-01 1.450979954985178455e-01 1.379464230593401286e-01 1.522235249082277142e-01 1.483595691421407958e-01 1.537322805118718216e-01 1.229013480411372816e-01 1.307242170540247328e-01 1.468741723270711452e-01 1.377468344548988533e-01 1.288574532095553560e-01 1.431906137107104848e-01 1.345953150418126298e-01 1.302063376059854061e-01 1.134095136357298056e-01 1.493855596479950476e-01 1.493527568548951023e-01 1.575005077126284125e-01 1.619571045839535428e-01 1.462157297759092700e-01 1.490557294853582238e-01 1.501034224885207102e-01 1.491257516870737876e-01 1.446035126733112575e-01 1.372964456756801122e-01 1.464753623530517523e-01
1.519354306556459089e-01 5.670521267540338389e-02 1.000000000000000000e+00 3.124565641213789546e-01 2.015836707852232124e-01 2.474946278220702123e-01 3.207566310346383065e-01 3.360800228235119036e-01 3.496246175691220537e-01 3.150351519751672935e-01 3.986081801160489824e-01 3.569406216551440081e-01 3.122918755454124340e-01 2.575546796709535236e-01 3.658602264256138326e-01 3.664875394889904325e-01 3.337120693786969627e-01 4.372376686083653818e-01 4.288690737016565002e-01 2.468708810185397395e-01 3.949364567348436772e-01 4.324779005909296647e-01 4.642267485252782322e-01 4.334537949056767037e-01 4.331821112200303081e-01 4.147332377149592353e-01 4.251367014074000084e-01 4.221190778959147405e-01 4.254376069471238475e-01 4.217976833621953081e-01 4.417076460993872300e-01 4.474752691140552741e-01 4.282389476349608426e-01 4.513947003981442774e-01 3.906706244157939767e-01 3.992425032493052139e-01 4.358753778208150353e-01 4.004620166274360238e-01 4.251138442348990631e-01 3.901096062378160423e-01 3.730215008357795625e-01 3.851607498908313776e-01 3.804464599563409100e-01 3.864823605795822958e-01 4.320217499893509450e-01 4.024239924115307621e-01 3.531122800414259744e-01 3.615328582664784074e-01 3.627347779719626852e-01 3.808481422225573065e-01 3.747196388799501343e-01 3.400001058524405040e-01 3.495328617562934448e-01 3.580391007327854980e-01 3.720466081000933789e-01 3.943223205322245462e-01 3.621128955221669665e-01 3.500092068174562865e-01 3.500451359024155940e-01 3.486660598887546536e-01 3.577687236671254767e-01 3.474911461536834834e-01 3.488870768242882670e-01 3.635007057934739327e-01 3.750157895448318901e-01 3.571163363163214477e-01 3.719659642496889185e-01 4.039723470690814722e-01 4.059386231742818651e-01 3.571114025613199017e-01 4.038884808231273937e-01 3.942237655100039873e-01 4.065285971747294447e-01 4.152907113811596940e-01 3.918563283098220329e-01 3.901605110122674525e-01 3.949834476483337631e-01 4.031596120643451409e-01 4.049415743408076862e-01 3.905681799071149540e-01 3.980232533633739078e-01 3.903975200919617139e-01 4.037372250301869414e-01 3.911695953345858956e-01 3.993705046751697130e-01 4.020123960678848585e-01 3.968118408811681097e-01 3.848203865308931215e-01 3.870539615490002916e-01 3.897542479444594532e-01 3.978990266351147276e-01 3.736474957492685323e-01 3.815477176836634676e-01 3.820608905960278801e-01 3.477662512578064691e-01 3.527145280137956029e-01 3.671272795659653032e-01 3.649631173745763180e-01 3.616027859777753428e-01 3.682195179608608870e-01 3.753355508184903488e-01 3.667256013097612288e-01 3.507500753428101081e-01 3.613820972346575289e-01 3.625021816039876166e-01 3.690331355221864174e-01 3.601413333514258408e-01 3.599751901248189334e-01 3.678005944629850754e-01 3.506822453451826083e-01 3.585352034738704674e-01 3.479094290770646247e-01 3.555829341364961649e-01 3.650288001290761808e-01 3.629803267312353698e-01 3.529460084786172347e-01
7.385894370929867170e-02 -4.010932403895085124e-02 3.124565641213789546e-01 1.000000000000000000e+00 4.164154528284780277e-01 3.816861947118994070e-01 5.757412804187617139e-01 5.870134965032300922e-01 4.499091003849258752e-01 3.350951993365471338e-01 4.970687301061247343e-01 6.431128315701171161e-01 4.801223853699727595e-01 3.810535387459855761e-01 5.779719030088161791e-01 5.716401713932733886e-01 4.679902145035154115e-01 3.703413176965448250e-01 4.300398530493667604e-01 4.062640867539406009e-01 5.440133443450616557e-01 5.247745399357526264e-01 5.018052743172249919e-01 4.524022365980637228e-01 4.233180051077115591e-01 4.925508460695088853e-01 5.239457847833279835e-01 5.066068005902035765e-01 4.606981249110252419e-01 4.123732107314039830e-01 4.664478930734626827e-01 5.439893594938539634e-01 4.989742885498551495e-01 5.338507579753426491e-01 3.982811583235806863e-01 6.150330989532997172e-01 4.974844277045243346e-01 5.418435915088956056e-01 5.633302073826748080e-01 5.625443340015243709e-01 5.276299605046462782e-01 5.486111150153776261e-01 5.724477799966011249e-01 5.747947635862498128e-01 5.571933670239230807e-01 5.431684871195229247e-01 5.234883698094925375e-01 5.014374703052990601e-01 5.242874190270675472e-01 5.710253826749472905e-01 5.638399639562159393e-01 5.771688146626274829e-01 5.306244252249510129e-01 4.780013241613348951e-01 5.209529469114081435e-01 5.402263676589666996e-01 5.362938588206991319e-01 5.072582711900099905e-01 5.066464026560066891e-01 5.160309742196373950e-01 5.348240128730686882e-01 4.956259599160685592e-01 5.185191004056338704e-01 5.394863754162377845e-01 5.141274151368097067e-01 5.303585540290833844e-01 5.009778859331498468e-01 5.087944183144207377e-01 5.247167376757601032e-01 5.471854966683281640e-01 5.388353456133787578e-01 5.022066619331492232e-01 5.291661076623666027e-01 5.168848640832188757e-01 5.156426851117014154e-01 5.076479149483976716e-01 5.130147423081148350e-01 5.046433937917816914e-01 4.966756750484888072e-01 4.611204764512860099e-01 4.613593013819349831e-01 4.862727515177710513e-01 5.467764638884858863e-01 4.848426788929598441e-01 5.373206194349255949e-01 5.315668428584557903e-01 5.329998225468962625e-01 5.178797669430500461e-01 5.121395177119087982e-01 5.144389930243290499e-01 5.419658418290750346e-01 5.240387617910028384e-01 5.241118453415865019e-01 5.218713490587062465e-01 4.985199209823842903e-01 4.946775653312352472e-01 5.558578598304545482e-01 5.504531433722886780e-01 5.319303068752284647e-01 5.349296914150232229e-01 5.527623062133760756e-01 5.281461638977779094e-01 5.181963940136531388e-01 5.389772901617014833e-01 5.536878487936155446e-01 5.234479311955684278e-01 5.197053438814933646e-01 4.908428737249629359e-01 4.985948705343828391e-01 5.048281339961825376e-01 5.081616277536121773e-01 5.033171864025269837e-01 5.044774738952330084e-01 5.298160312080897327e-01 5.057711112348581839e-01 5.150254140627598121e-01
2.363581609959084992e-02 1.983327426546013100e-02 2.015836707852232124e-01 4.164154528284780277e-01 1.000000000000000000e+00 3.014839684498126227e-01 4.920077269838534217e-01 5.339320705132180045e-01 4.169636023836987282e-01 3.478663041307705761e-01 4.104238380081402515e-01 5.192892971741641661e-01 5.013947024751274073e-01 3.653143332602309390e-01 5.106693819414711566e-01 5.259836415697776157e-01 4.198640931582721114e-01 3.052592507498742003e-01 3.368873560831153191e-01 3.914002316229803768e-01 3.897528863060784610e-01 3.812562876130279887e-01 3.775908299173553750e-01 3.490373019658616349e-01 3.072349063002308700e-01 4.250463812584551193e-01 4.221722741608703311e-01 3.971747530877832166e-01 3.715582464314780009e-01 3.476060247010335780e-01 3.954066945044287240e-01 4.643403409111204194e-01 3.886477527029437717e-01 4.302778399777527074e-01 3.746569771782168878e-01 4.740168994387291002e-01 4.139648794905848583e-01 4.378790770602138394e-01 4.601436362843022154e-01 4.428966117091766019e-01 4.680143136792765390e-01 4.554734993474883753e-01 4.813109666485180793e-01 4.835465682019647327e-01 4.569901107151501662e-01 4.491546269598974961e-01 4.761725558871399699e-01 4.650205346407270124e-01 4.814085022572238692e-01 4.815497225131621928e-01 4.775382017068684481e-01 5.096700077349286540e-01 4.927258225074022668e-01 4.592853602848200878e-01 4.795812112378931569e-01 4.647392127822259078e-01 4.906013375958951372e-01 4.669565112243341809e-01 4.734754470147998773e-01 4.854808252722428441e-01 4.950352849293314650e-01 4.708309253006691120e-01 4.780146391339281653e-01 4.882006135631355437e-01 4.682452286343213310e-01 4.993257570266004253e-01 4.598871119133159935e-01 4.476529170969775207e-01 4.728482770361503440e-01 4.974171318923932827e-01 4.530006812810998817e-01 4.391632746128026343e-01 4.568767289045798652e-01 4.401484440294992084e-01 4.637979696944384833e-01 4.489084227702554997e-01 4.433264536200116623e-01 4.353946750772418883e-01 4.387120962751230313e-01 4.261851480400168368e-01 4.253994516011979643e-01 4.470775587333705725e-01 4.693262676039284820e-01 4.408625289339827558e-01 4.610519098144848504e-01 4.622371121648212733e-01 4.594728758680249325e-01 4.558893458088202344e-01 4.537042478195640327e-01 4.573113453315281740e-01 4.537042682432435581e-01 4.650276053319529201e-01 4.605310831983424613e-01 4.654246348424846413e-01 4.639795658512150256e-01 4.610167547880060779e-01 4.751483068446453739e-01 4.912177288669177799e-01 4.837713561315881150e-01 4.712774818769824292e-01 4.784464865174177794e-01 4.724762754789461061e-01 4.856534635652172138e-01 4.842344275928269770e-01 4.956995569800469736e-01 4.756054379576922786e-01 4.735893937747646110e-01 4.578740163432631904e-01 4.623102528803931244e-01 4.679010343786252357e-01 4.679630192491023299e-01 4.730870804441482669e-01 4.691836745594483160e-01 4.806353897482211202e-01 4.635222645410180253e-01 4.868480390326475060e-01
2.551047586080241319e-02 1.007817234412734797e-01 2.474946278220702123e-01 3.816861947118994070e-01 3.014839684498126227e-01 1.000000000000000000e+00 5.116617153911752203e-01 4.864146370735472624e-01 5.272975401947660457e-01 4.681308384218539342e-01 5.691731135785977891e-01 5.914881515176872995e-01 5.244339564987012814e-01 4.613391259977283609e-01 5.905661286690696565e-01 5.881414342903821257e-01 5.079534127393827703e-01 4.344649836017132616e-01 4.948802621400643642e-01 3.856846934379764558e-01 4.592648457206428558e-01 5.332468001438003258e-01 4.901728306989525108e-01 4.538947293696762864e-01 4.659308963466606279e-01 5.591821345531388099e-01 5.816005154300405433e-01 5.339489432047502815e-01 4.989490945428368684e-01 5.208162970690592974e-01 5.569641683256438824e-01 5.727712546716894337e-01 5.282161259014056531e-01 5.463065368646150555e-01 5.322035485614106110e-01 5.430686644794875395e-01 5.551055210745701185e-01 5.927299804711430031e-01 5.852161758047891293e-01 5.717981883752639716e-01 6.072719786521638685e-01 6.038738826385459113e-01 5.807220197551522523e-01 6.162256400891208408e-01 6.008572949544744857e-01 5.906481729130902414e-01 6.158522442957299337e-01 6.083561395332449662e-01 6.109821227872606064e-01 5.882872690761857815e-01 6.079998070620228345e-01 5.546438320316241510e-01 5.968721200302967711e-01 6.044916676157658930e-01 6.094621278896834582e-01 6.109236258855101909e-01 5.905636576317375708e-01 6.107953517500210872e-01 6.110593348876612874e-01 6.098392265044834115e-01 6.060173461035857079e-01 6.083510397550218052e-01 6.000950159452159705e-01 5.971952087345440141e-01 5.916737102101814472e-01 5.933852205065699437e-01 6.061275560394583373e-01 6.063815607681217745e-01 6.073929720059393356e-01 6.010295990844238823e-01 6.076902031410859051e-01 6.125598225840936939e-01 5.997602517688933599e-01 5.921765443599003031e-01 6.158961010917051171e-01 6.123127297142235692e-01 6.052426302464215535e-01 5.912154380094598594e-01 6.042422663247675185e-01 6.008108553829867304e-01 5.991740152223287152e-01 6.055895165282939585e-01 6.089789725203406112e-01 5.990106476569261318e-01 6.058811027126477233e-01 6.049670917491843936e-01 6.093131393618058667e-01 6.123524711154421096e-01 6.146321672012283743e-01 6.144315899917669466e-01 6.077328931727381534e-01 6.160966184564911075e-01 6.143730265316899031e-01 6.168047687418988234e-01 6.124730831749453097e-01 6.119664057479610175e-01 6.082804081833398380e-01 5.998104276517233213e-01 6.133066302718011009e-01 6.134034707788570406e-01 6.125019427741223987e-01 6.143857359500538573e-01 6.107976209790337840e-01 6.187560385553672049e-01 6.041753266854070770e-01 6.056313990120385515e-01 6.124823635602240079e-01 6.104049881649338261e-01 6.130680718967599363e-01 6.165483950839790728e-01 6.161493664899931888e-01 6.132298455981323171e-01 6.121879851244482751e-01 6.118596167356311621e-01 6.067322528482270716e-01 6.051524835190190688e-01
7.347745049614262669e-02 9.356173340404247418e-02 3.207566310346383065e-01 5.757412804187617139e-01 4.920077269838534217e-01 5.116617153911752203e-01 1.000000000000000000e+00 7.175456135217204157e-01 6.433188870659088954e-01 5.653964205269326193e-01 6.977662262665365045e-01 7.736210096567350814e-01 6.789529076690318243e-01 5.668349165726971339e-01 8.398493323403626309e-01 7.813060895047160281e-01 6.303115966470776987e-01 5.524098752145122360e-01 5.957171483764746034e-01 5.628383995083497959e-01 6.077803272101887089e-01 6.363274573329659178e-01 6.924316021310127356e-01 6.093293068963887560e-01 5.830769961955034608e-01 7.000862672549962307e-01 7.239268915911838409e-01 7.339106789327163316e-01 6.948844051269261746e-01 6.518391294106250511e-01 7.072379322951930503e-01 7.570720594949467142e-01 7.187464894434369977e-01 7.209247776082868819e-01 6.582411028409501652e-01 7.155041170617016943e-01 7.079633845696585714e-01 7.852714878700557399e-01 7.661075722599210991e-01 7.712935452019098470e-01 7.554333791692091626e-01 7.759135136774508723e-01 7.693856269628588374e-01 7.782086015346448837e-01 7.593820749551366545e-01 7.852129729582079110e-01 7.484666599368028361e-01 7.376799387836890931e-01 7.497137786191290232e-01 7.543646071781624496e-01 7.805928264089022628e-01 7.042437023294979559e-01 7.348921870505191745e-01 7.232430367565357843e-01 7.493826574039998967e-01 7.717695226220658844e-01 7.220841676444424984e-01 7.364691222322591324e-01 7.501388578967460585e-01 7.297434925491020907e-01 7.515852607532003127e-01 7.290019652107139203e-01 7.310982281009779093e-01 7.349312839998749514e-01 7.126611404383839110e-01 7.247209532661912368e-01 7.373942198130558623e-01 7.393840580014281461e-01 7.604109792041259253e-01 7.637189401541986111e-01 7.358065793000707622e-01 7.294786554016822189e-01 7.522192473014766012e-01 7.300612003786997040e-01 7.532980249639388282e-01 7.476032322789299966e-01 7.612595659880513344e-01 7.495413091264957473e-01 7.558735193282025699e-01 7.174461242943760420e-01 7.215739949383342955e-01 7.334976247688929085e-01 7.650772764372686385e-01 7.417965993410735592e-01 7.638033500439699308e-01 7.554995557624986091e-01 7.486141054559818375e-01 7.657320569861606474e-01 7.569615086822931715e-01 7.553612886161455986e-01 7.766572407339961126e-01 7.608888148088519543e-01 7.493393191689934341e-01 7.665449568046731610e-01 7.379348364099246327e-01 7.360557545565756810e-01 7.572499820449870578e-01 7.392406087860473596e-01 7.549597470134684629e-01 7.651201127678325387e-01 7.646282621332983753e-01 7.474440789219307657e-01 7.357128873205519559e-01 7.583561097488484837e-01 7.483841481621916758e-01 7.329691690813688876e-01 7.422274423749873895e-01 7.367653958400497416e-01 7.430067276196542503e-01 7.431868010923095014e-01 7.485860721684467478e-01 7.319776015428215432e-01 7.376988393515738762e-01 7.449917263266837564e-01 7.234182283766761312e-01 7.334037822895854708e-01
1.408302217432129411e-01 2.830762351743713878e-02 3.360800228235119036e-01 5.870134965032300922e-01 5.339320705132180045e-01 4.864146370735472624e-01 7.175456135217204157e-01 1.000000000000000000e+00 6.714781670670941782e-01 5.322664145013921155e-01 6.923801211261597643e-01 7.593227629649884625e-01 6.820624769198021520e-01 5.633885438060719508e-01 7.686464026878521150e-01 8.048565799956717282e-01 6.514611666729258621e-01 5.519843046120453955e-01 6.018608097412579960e-01 5.596568262172149089e-01 6.254080240742986296e-01 6.483661506249097650e-01 6.568230030546314824e-01 5.868471740902033718e-01 5.675942053824408751e-01 6.876229415500614284e-01 7.122581272696224541e-01 6.658821379030096521e-01 6.406895467577528036e-01 6.351151928214288089e-01 6.876857951534226521e-01 7.538676932153933752e-01 6.948673339220009515e-01 7.254932543464338579e-01 6.580205975306112620e-01 7.464219840849627419e-01 7.061366903100573245e-01 7.604352091498679522e-01 7.653242688268100391e-01 7.282495165276904325e-01 7.273673732137838632e-01 7.317258145777275624e-01 7.393490372769336849e-01 7.607173957513976292e-01 7.393906591267735973e-01 7.385830683765756133e-01 7.384920728301416215e-01 7.279692280100663604e-01 7.484338208967670214e-01 7.738386011776217099e-01 7.783527316447884647e-01 7.332239009372677474e-01 7.400180867791251726e-01 7.203864692026100691e-01 7.599615379743928090e-01 7.457372930715734372e-01 7.568521362906373007e-01 7.292494464987637759e-01 7.526074839381762249e-01 7.298226404362806452e-01 7.599838751430216810e-01 7.367705364667617163e-01 7.541319408233735366e-01 7.592707884334555235e-01 7.306427917102439329e-01 7.456591719098683013e-01 7.263882812591158089e-01 7.287519669009260292e-01 7.448609223705657811e-01 7.485880937740648777e-01 7.303013810848711929e-01 7.172626798793985126e-01 7.255584197175871664e-01 7.138034656628700070e-01 7.354405997493547176e-01 7.251139441364560234e-01 7.173503094949593706e-01 7.120663083267277926e-01 7.176296648468050154e-01 7.081147389132853576e-01 7.014539728794454421e-01 7.177057005837499393e-01 7.524873572822194934e-01 7.227532644631171621e-01 7.544046236072780021e-01 7.474966677652653546e-01 7.356628750905621628e-01 7.427457459261659345e-01 7.339575691507880251e-01 7.403432129685287855e-01 7.347195420537299126e-01 7.347187696927416356e-01 7.264333329379678572e-01 7.332171347731730737e-01 7.238681019067918498e-01 7.186605624114293933e-01 7.577057779806053439e-01 7.658774760991788888e-01 7.524156292066475071e-01 7.495467017708375979e-01 7.504161456098736860e-01 7.519618956980429481e-01 7.322188010785757317e-01 7.477190600268129872e-01 7.533505410050488349e-01 7.492794231517716508e-01 7.409537692830029387e-01 7.206129091302477807e-01 7.304445924181733885e-01 7.283241882317899041e-01 7.373021143912944497e-01 7.248337290316083648e-01 7.326949295372416904e-01 7.519442048107907173e-01 7.253947682775887529e-01 7.360026671286850064e-01
2.228300717582800128e-01 1.442183039019715729e-01 3.496246175691220537e-01 4.499091003849258752e-01 4.169636023836987282e-01 5.272975401947660457e-01 6.433188870659088954e-01 6.714781670670941782e-01 1.000000000000000000e+00 6.970034984539406064e-01 7.880253997224984097e-01 7.784644214712183041e-01 7.421776643968317488e-01 6.099848906421052597e-01 7.930915307189944086e-01 8.097770378107186362e-01 7.861564604363729947e-01 5.945581060763008852e-01 6.831990721868375083e-01 5.334857465499598383e-01 5.952090614632523646e-01 7.122645351505727529e-01 6.739124495775338231e-01 6.088491507564162131e-01 6.349878896684391094e-01 7.775960551954382849e-01 7.948098899532394235e-01 7.223251947297717468e-01 7.408534225287113362e-01 7.691604028904688306e-01 8.050724829116168157e-01 7.973330376047077506e-01 7.392300660759724140e-01 7.693490528973965237e-01 7.788146801887151360e-01 7.460103749589753752e-01 7.939264164740089669e-01 7.943930014948062945e-01 8.107925494459189419e-01 7.297694021011825738e-01 8.306940843869923263e-01 7.980786967109423369e-01 7.460452514689271952e-01 8.285762062897389368e-01 8.176646596680781087e-01 7.939253139701138995e-01 8.431011974576962942e-01 8.498953288794093286e-01 8.450652310260924338e-01 8.053749256837620107e-01 8.159822086577868117e-01 7.689972480814570854e-01 8.246451635836558047e-01 8.524059790674642922e-01 8.489261450508814866e-01 8.187732031959114032e-01 8.448632359651391255e-01 8.304029037952329606e-01 8.370981555836201071e-01 8.607170073355396855e-01 8.364111872730841668e-01 8.392592190724439405e-01 8.236837241567700474e-01 8.499550464524964211e-01 8.645652451785628134e-01 8.543029460801040420e-01 8.510809640306963297e-01 8.303170027133062181e-01 8.412527790438046882e-01 8.107328883869630021e-01 8.191104853510041695e-01 8.406187298116704065e-01 8.056383624063880866e-01 8.085811588863759392e-01 8.514651517220407362e-01 8.457973484969286693e-01 8.325415061824916751e-01 8.346183773285041907e-01 8.383627899723153920e-01 8.525037750547722615e-01 8.445744939430920306e-01 8.521885153250651213e-01 8.480935028705917089e-01 8.416300529892133397e-01 8.309552186960732501e-01 8.418166235564611410e-01 8.388713072090225875e-01 8.390590457115457701e-01 8.421272205420254897e-01 8.496716934287822376e-01 8.150667210830767617e-01 8.367218444771274966e-01 8.366223841923668969e-01 8.373213332945711462e-01 8.426318720279213359e-01 8.419971530049077391e-01 8.187942864329068593e-01 8.448915487375281419e-01 8.418060086414851373e-01 8.337359470845912002e-01 8.231110718035984375e-01 8.436370483029944634e-01 8.405475558842850914e-01 8.366404595597809468e-01 8.378599036181206827e-01 8.551580448268669699e-01 8.503385772337588300e-01 8.477655445380840593e-01 8.506111789529070544e-01 8.413290636413056633e-01 8.446852307596787179e-01 8.533520626513219076e-01 8.460836452641087302e-01 8.547435021433072988e-01 8.606885402571095023e-01 8.544734977824797184e-01
6.618325775535351119e-02 2.130382392410198056e-01 3.150351519751672935e-01 3.350951993365471338e-01 3.478663041307705761e-01 4.681308384218539342e-01 5.653964205269326193e-01 5.322664145013921155e-01 6.970034984539406064e-01 1.000000000000000000e+00 7.013096801486619070e-01 6.872791404431221052e-01 6.568791894447156832e-01 5.567056390832239021e-01 7.149690908190792227e-01 7.050399237947269082e-01 6.528696598735155288e-01 5.316452407899968646e-01 6.051466118127637461e-01 4.382863429992729376e-01 4.779375426710681385e-01 6.082245724921396812e-01 6.014086542702902216e-01 5.518734901881018340e-01 5.758078502495467266e-01 7.001350073855826528e-01 7.002833247601060185e-01 6.544367700218524098e-01 6.591338323387444520e-01 6.941774866548339196e-01 7.260324586536766045e-01 7.181331240919897052e-01 6.725085185707350144e-01 6.814644718923823508e-01 7.094429199709125777e-01 6.395221435010222111e-01 7.018927791797209270e-01 7.284460910642869269e-01 7.297608298991581366e-01 6.848790576363810167e-01 7.703556789237604452e-01 7.350493790321241949e-01 6.970484753207155659e-01 7.507652674078292288e-01 7.449794358277219697e-01 7.337006835033011987e-01 7.751874272867331772e-01 7.864837201635700437e-01 7.728228658765259329e-01 7.052126725804015450e-01 7.359840485874821203e-01 6.490902594631353661e-01 7.352127553012730576e-01 7.861987798709848541e-01 7.700875280982040216e-01 7.604365520463977068e-01 7.323780657524299187e-01 7.651919096248527286e-01 7.678948577269623099e-01 7.679369676956988577e-01 7.545933777716901103e-01 7.633377687470005446e-01 7.409883802506366246e-01 7.469414484791530029e-01 7.515175788576895499e-01 7.476189696331162482e-01 7.764488952412337275e-01 7.649076933438572201e-01 7.639985789923918746e-01 7.270843013485998041e-01 7.436833871478036873e-01 7.699711476479361716e-01 7.431496481471037141e-01 7.414561763900104907e-01 7.814447182429442584e-01 7.778898981988846550e-01 7.695137981828791274e-01 7.657239044766883662e-01 7.773155626376727634e-01 7.858925032087851203e-01 7.773705083340906041e-01 7.839390873899081402e-01 7.664772647913518089e-01 7.768147328724507306e-01 7.576584797510670377e-01 7.635419368548533869e-01 7.656426572951334775e-01 7.769697684637387747e-01 7.758491711790512779e-01 7.819177649978712452e-01 7.611657987051314578e-01 7.769147524372227442e-01 7.755910414754134674e-01 7.776444780572294713e-01 7.793899030958366669e-01 7.825218921689662821e-01 7.461667680047939788e-01 7.424948951142761322e-01 7.708689773689305635e-01 7.661510210745295923e-01 7.601222382903045638e-01 7.676847495162194557e-01 7.632430624453236945e-01 7.653654623937384827e-01 7.485023005751113567e-01 7.651806239392568987e-01 7.750590630433961126e-01 7.860908418249044072e-01 7.862146359815225249e-01 7.775199431545326556e-01 7.793894585536436104e-01 7.788710212881710948e-01 7.790491615882612075e-01 7.683815356346184178e-01 7.699289448264724500e-01 7.688522872474148340e-01
1.107893553180078622e-01 1.135979289198973813e-01 3.986081801160489824e-01 4.970687301061247343e-01 4.104238380081402515e-01 5.691731135785977891e-01 6.977662262665365045e-01 6.923801211261597643e-01 7.880253997224984097e-01 7.013096801486619070e-01 1.000000000000000000e+00 8.307504395313178858e-01 7.440709388123967205e-01 6.460681468146961537e-01 8.439476894131314744e-01 8.365293311728105863e-01 7.602510275521350280e-01 6.454366062291042594e-01 7.328788870162359359e-01 5.427758476857987846e-01 6.459917148114675545e-01 7.649822490580553414e-01 7.514506993287699554e-01 6.811289902475929914e-01 7.053191714477979879e-01 8.101675809585283661e-01 8.407320621608337374e-01 7.888796290018799118e-01 7.684989816105040061e-01 7.995593064073129863e-01 8.355912079133426262e-01 8.497909571016576402e-01 8.075397351388617917e-01 8.209791840424469633e-01 8.058648641121004541e-01 7.912980016756996360e-01 8.326824300182438243e-01 8.599744467783629887e-01 8.676489667161448871e-01 8.247605008945535499e-01 8.796415719690831025e-01 8.697314729348413209e-01 8.306616456869673204e-01 8.832078794433999569e-01 8.836471781025151406e-01 8.611342327490986159e-01 8.808672584088025337e-01 8.840093740205723361e-01 8.797734923815850872e-01 8.500150793661332971e-01 8.686164523829310591e-01 8.073705030919330339e-01 8.602067954135118599e-01 8.774962017504497336e-01 8.786805459890782988e-01 8.802125189505907166e-01 8.513591419386286052e-01 8.762885441848400347e-01 8.718686029685775996e-01 8.727544496585246669e-01 8.746752870819965997e-01 8.702984917948779486e-01 8.574707681972805196e-01 8.635090492502141002e-01 8.717141919346963475e-01 8.620222285828500475e-01 8.860788509504108346e-01 8.853714780368355797e-01 8.876875320440765771e-01 8.560923967799010104e-01 8.780475154205245047e-01 8.906645098333538790e-01 8.691593588957071681e-01 8.716534031627467538e-01 8.949608442776143535e-01 8.952528927490270849e-01 8.863124576312968461e-01 8.735734929784143565e-01 8.903697056924243514e-01 8.820139177586419077e-01 8.824983747808119450e-01 8.882105601482979118e-01 8.949457328197850670e-01 8.846822227986299580e-01 8.870936173754374598e-01 8.905159810645344454e-01 8.890371395925116271e-01 8.932869930948325043e-01 8.927617532839529080e-01 8.906682330253263835e-01 8.882702680906876536e-01 8.920982169413607110e-01 8.909084396342403789e-01 8.898603477911238846e-01 8.842359497430630766e-01 8.840324306314824021e-01 8.785770306196702961e-01 8.709076517499434456e-01 8.847195703513045517e-01 8.872914244565179853e-01 8.847105729873820934e-01 8.881584353115333785e-01 8.781593646393551778e-01 8.866213980639469083e-01 8.776021239478267733e-01 8.776044017748884096e-01 8.845858086594694525e-01 8.866090306458181969e-01 8.903744338390989776e-01 8.842827533477357616e-01 8.864087422014199635e-01 8.824031522946511608e-01 8.849796251781484324e-01 8.836121649008060741e-01 8.810509248934819126e-01 8.767960642468581867e-01
3.448512167232060943e-02 8.030025213655327121e-02 3.569406216551440081e-01 6.431128315701171161e-01 5.192892971741641661e-01 5.914881515176872995e-01 7.736210096567350814e-01 7.593227629649884625e-01 7.784644214712183041e-01 6.872791404431221052e-01 8.307504395313178858e-01 1.000000000000000000e+00 7.957782902637149380e-01 6.690482952147445150e-01 8.937046302853143276e-01 8.865882350929739086e-01 7.819958165638297709e-01 5.744486342634628206e-01 6.767019792879320761e-01 5.928517786610972840e-01 6.585776714884449268e-01 7.479351751874675491e-01 7.226085395995791583e-01 6.436650064996680687e-01 6.443060727123244291e-01 7.842357934053051371e-01 8.249353593490867942e-01 7.713109548783260161e-01 7.203595702628439179e-01 7.285324933458465768e-01 7.815344407423080453e-01 8.501258566198910405e-01 7.887082662695699131e-01 8.145951339430308469e-01 7.608348811467720019e-01 8.581213675016133857e-01 8.041117371850481366e-01 8.695829439506126413e-01 8.788154736454802940e-01 8.597239755522305682e-01 8.951322666196264155e-01 8.867128424075898518e-01 8.774613872698846517e-01 9.150192379882272631e-01 8.840092210071281986e-01 8.745381572044146345e-01 9.107452394743074109e-01 9.017980222898636100e-01 9.115567272367240959e-01 8.865456426194868733e-01 9.045794917824403480e-01 8.769504160704389983e-01 9.039748639320588364e-01 8.897362859374778887e-01 8.940305842888534027e-01 8.917229673661676292e-01 8.937264202301519189e-01 8.969657658616335683e-01 9.009178591305786465e-01 9.082346627994377641e-01 9.132427573023617073e-01 8.959176139444359199e-01 8.937155961769497337e-01 9.020408075264698677e-01 8.865475250526154705e-01 8.978685265009239691e-01 8.992532663915351332e-01 8.833857587910520781e-01 8.918565371060847013e-01 9.003890084489194479e-01 8.848645327299240471e-01 8.850344641248395483e-01 8.753912024711379969e-01 8.608421092393205853e-01 8.960020936946853087e-01 8.907263027995458993e-01 8.830090628101373573e-01 8.604843423642496436e-01 8.712451512257185504e-01 8.604963228959292554e-01 8.587806479374265889e-01 8.776003581866511638e-01 9.089604855342267031e-01 8.744124282433152207e-01 8.916811640359738611e-01 8.974929876937324247e-01 9.015498345992990492e-01 8.964434099785978383e-01 8.970103107111410123e-01 8.940777315934921310e-01 8.973298179999380508e-01 9.070286690545750208e-01 9.059355957726449304e-01 9.040262867299168059e-01 9.035154482010357979e-01 9.023623324975211801e-01 9.079851496062901761e-01 9.012235712292175904e-01 9.114983196048428438e-01 9.065928644810496984e-01 9.146456995859826300e-01 9.093623370147265739e-01 9.087682412413040645e-01 9.183348676057467852e-01 9.185995520030821870e-01 8.995426430747908153e-01 9.085414928997700423e-01 8.968358287039153165e-01 8.962588477573357748e-01 9.042784940275718775e-01 9.036641403756722202e-01 9.048527322539025031e-01 9.038327275610275047e-01 9.100379687026051156e-01 8.999593816258767420e-01 9.056380351893800196e-01
5.003648089677431576e-02 1.099374374917999608e-01 3.122918755454124340e-01 4.801223853699727595e-01 5.013947024751274073e-01 5.244339564987012814e-01 6.789529076690318243e-01 6.820624769198021520e-01 7.421776643968317488e-01 6.568791894447156832e-01 7.440709388123967205e-01 7.957782902637149380e-01 1.000000000000000000e+00 6.141615946132091830e-01 8.097207479427824817e-01 8.246938245641602938e-01 7.019949176411942604e-01 5.430430792291192077e-01 6.213383337212331492e-01 5.456770794137248970e-01 5.715265772255102572e-01 6.574170559300038796e-01 6.383343113408505021e-01 5.797908199368831950e-01 5.798294248264862505e-01 7.393938701535366365e-01 7.475736437250568578e-01 6.946354434753512219e-01 6.779508928367391496e-01 6.910375216999559145e-01 7.335706549043338187e-01 7.796498923359238553e-01 7.007794158218353386e-01 7.326437076740738297e-01 7.269809784713290313e-01 7.365908968208955132e-01 7.440900980809702636e-01 7.779768934705560968e-01 7.915420911133689286e-01 7.524780833286354165e-01 8.269958392181196993e-01 8.079709740578167043e-01 7.888615163922131357e-01 8.352563003394599672e-01 8.003919652270236051e-01 7.931565770229337398e-01 8.471056123247359126e-01 8.412633514547163127e-01 8.438211857062728471e-01 7.925261714849559658e-01 8.150295904977828965e-01 7.787417418126558744e-01 8.319282095863215210e-01 8.369936324275548678e-01 8.365722423862913537e-01 8.174081275425747473e-01 8.166666716422000816e-01 8.322440404965111282e-01 8.357962544801129656e-01 8.483987220007925822e-01 8.423531526762831900e-01 8.348875752673847739e-01 8.218610701364194027e-01 8.296592033778895647e-01 8.236197267366203167e-01 8.333048213203312349e-01 8.390408587885050951e-01 8.247309058714398233e-01 8.300090915552489346e-01 8.299652548614128156e-01 8.106618750273839602e-01 8.206115046266924118e-01 8.055008930597883365e-01 7.933595642725589370e-01 8.369530977159932439e-01 8.258836962770302881e-01 8.201892109525771302e-01 8.061579123634327049e-01 8.183163808663492800e-01 8.189917574986336213e-01 8.150074579022065224e-01 8.288352798518860975e-01 8.317417267747334586e-01 8.209327576323133258e-01 8.206285611932596646e-01 8.277610482647490553e-01 8.285806367008210493e-01 8.328553614039988506e-01 8.341398744014345557e-01 8.346985920186628105e-01 8.174282191862590752e-01 8.403160838354647444e-01 8.381377287915429131e-01 8.389264112313632449e-01 8.451132121433413413e-01 8.436816842229443170e-01 8.260505319908213462e-01 8.313035739395614465e-01 8.469651799365665035e-01 8.374021600324450532e-01 8.385008259157079591e-01 8.426651039503254559e-01 8.460012211320272479e-01 8.491760102574807956e-01 8.420895811733734027e-01 8.357154655414715805e-01 8.456608035474659779e-01 8.427502632535729399e-01 8.434161552219926472e-01 8.445282476450188813e-01 8.443084750044657083e-01 8.472467815559346915e-01 8.440650649729199984e-01 8.453860361656697631e-01 8.374654024283945120e-01 8.478024841607861850e-01
