1.000000000000000000e+00 1.328591056997623365e-01 2.673667476519927047e-02 5.382458692923453025e-02 2.982617535091816596e-02 1.054159069964824731e-02 1.661697493447122573e-02 4.477352635008188808e-02 9.273767913262105644e-02 7.535327335203448329e-02 1.999516913055697682e-03 2.727824367541892628e-02 -4.392845981249328575e-03 9.762616848003374120e-03 1.625748563248855666e-02 3.141747361647077852e-02 8.278425765300834183e-02 -2.665650131631789460e-02 -2.224564332518829193e-02 5.204718749161381386e-02 -1.715211521876546441e-03 -2.199359714391222950e-02 1.473709662622528505e-02 -5.925566927535266815e-02 -4.760466728567886580e-02 2.272035561333187945e-02 1.693478525974193363e-02 1.363146308759322078e-02 1.538656052156806182e-02 3.771119402594985681e-02 2.233433722026237703e-02 1.208563071021098376e-02 -5.139295643694211102e-03 -2.123270041993438953e-02 3.613555981624224506e-02 -1.088521094262168143e-02 1.759999227806906610e-02 1.855413531089259924e-02 9.086291241674995800e-03 -2.625997463597400799e-02 1.019152219738542718e-02 -7.043120910558768079e-03 1.278771655008397595e-02 7.575426337602847275e-03 -1.420322752105587956e-02 1.298364575315207221e-02 1.224866817083219636e-02 1.510724420982247074e-02 2.416535491927279677e-02 4.970734733193499927e-02 1.605050242039569169e-02 5.312781573149989722e-02 2.344384268718940553e-02 2.974445161310585936e-02 4.086921061086343926e-02 7.101371999018309469e-03 8.615690209724717608e-02 1.812712909290719807e-02 1.994676103686654142e-02 3.554546301325525737e-02 2.199918381792855329e-02 4.907455065304431457e-02 5.269314437002547979e-02 5.651003808157588348e-02 5.953962929630893242e-02 6.829906586621074804e-02 1.786292526224082453e-02 -1.053840115340784825e-02 1.152547624800901588e-02 1.615181163884811880e-02 -7.401215413684246631e-03 -6.680760477991535239e-03 -1.631142738254513780e-02 -2.296486454889090298e-02 7.573480180776079491e-03 9.025271888039899937e-03 -3.801017221617745273e-03 3.874143387873369847e-04 2.723752098005881913e-04 1.054097935924313070e-02 -3.245082847137319322e-03 3.629573288542873276e-03 1.367774273616414668e-02 9.445220101779516070e-03 -4.761535995604008857e-03 -7.347205998790969084e-03 -4.123874062840007099e-03 -3.157492282940348258e-03 -6.418643107210902400e-03 1.403855017305344734e-03 -1.808507175027189787e-02 -7.542679856642279732e-03 -1.014283501899798830e-02 -6.658872187062936897e-03 2.114617168813752966e-03 1.123752005865463581e-02 -1.095191493237693443e-03 4.817899913023900027e-02 1.153158013948261951e-02 -8.948842634604711049e-03 -6.787709163058520956e-03 1.889641513340492227e-02 1.471454014012256450e-02 5.868272284975098972e-03 2.069026289444655942e-02 3.499414478733211403e-02 1.731388270733263610e-02 7.333032675448792129e-03 1.025025617963240543e-02 6.885772925721391977e-03 2.156242775426911104e-03 1.795478082892395036e-02 1.034162767276245419e-02 2.351684984324153502e-02 2.893990516984885214e-02 3.861715610512725383e-02
1.328591056997623365e-01 1.000000000000000000e+00 6.656922897713883625e-02 1.116564762380371362e-01 8.219323298505155917e-02 9.141517898218862181e-02 1.267625818851514374e-01 1.151804681372477074e-01 1.439055816606769067e-01 1.653568860755806336e-01 1.354915021413195531e-01 1.359571881938247961e-01 1.412734828691134259e-01 1.221084799651482172e-01 1.517687915002747245e-01 1.608099638769987239e-01 1.524917979431044401e-01 1.305862557128037171e-01 1.330162895276342239e-01 1.549356969272583651e-01 1.378260732657348164e-01 1.329487215428163949e-01 1.548879965751067123e-01 1.176654343319796375e-01 1.430490281025616761e-01 1.593112310067321125e-01 1.578167280903662595e-01 1.518401058107653190e-01 1.337307996578706859e-01 1.539007626778703675e-01 1.592674795711583324e-01 1.585765399802631093e-01 1.540747660568237420e-01 1.558008792039808910e-01 1.471658032875117206e-01 1.673196102431790677e-01 1.607527499063255427e-01 1.591668355471259066e-01 1.649384986638040007e-01 1.621966754997269666e-01 1.566205030399027420e-01 1.555779227654173758e-01 1.755579279313043417e-01 1.594123962641429415e-01 1.638148664454777415e-01 1.486768550654915810e-01 1.420929091312539971e-01 1.468346410579158268e-01 1.484954593199738215e-01 1.527593670724474717e-01 1.569709784353153503e-01 1.640756986308671006e-01 1.601091709692857024e-01 1.492441466795326743e-01 1.491792467533842315e-01 1.546363762855816060e-01 1.423784840521930828e-01 1.434156777082644108e-01 1.423685546952114800e-01 1.526941612348286237e-01 1.511300615645664314e-01 1.470228892977422375e-01 1.391116661651380093e-01 1.514792981540144801e-01 1.603960398681311961e-01 1.563548082612759571e-01 1.531632978563555458e-01 1.492217747241542936e-01 1.555103244829008913e-01 1.567603109768887226e-01 1.475455442756816171e-01 1.515325654920254284e-01 1.464110763975981222e-01 1.469253234827687937e-01 1.518125139308408034e-01 1.526070709512702406e-01 1.445984836691021902e-01 1.426444273216093683e-01 1.513733190014870389e-01 1.527678830566917278e-01 1.540065566042576328e-01 1.519969759357812922e-01 1.558910858084854023e-01 1.497917377750143664e-01 1.536264893682331989e-01 1.559038680072336869e-01 1.589038676382160953e-01 1.530531376681456279e-01 1.497132476037259241e-01 1.536437412604493291e-01 1.544776254455998976e-01 1.490800971269457265e-01 1.513528998442203455e-01 1.501174503016320938e-01 1.492872348881873479e-01 1.483916985118150234e-01 1.441606709278076548e-01 1.447109962439596387e-01 1.430324561467230526e-01 1.509138968556001936e-01 1.577820127353226076e-01 1.444066990777369275e-01 1.486190582998479226e-01 1.515539670792473981e-01 1.557723631223366378e-01 1.469910098249800900e-01 1.475713493100516138e-01 1.489157718346826309e-01 1.505605222531536114e-01 1.479000795835875848e-01 1.460638260314007231e-01 1.507537740338063814e-01 1.478873284586015857e-01 1.513014019742235650e-01 1.500666941639059726e-01 1.513708275845957185e-01
2.673667476519927047e-02 6.656922897713883625e-02 1.000000000000000000e+00 1.804358288129574717e-01 1.293313511279826911e-01 1.065563719379216262e-01 1.970864094802009248e-01 1.766867482710657300e-01 1.956242279526791972e-01 1.824226630343060429e-01 2.201492199632174851e-01 2.241126712959171929e-01 2.145843748654455985e-01 2.131134272299415322e-01 2.187819452797595543e-01 2.176999182384687093e-01 2.138831900654194484e-01 1.647633210788753411e-01 1.682276465704339030e-01 2.114813038105944620e-01 1.704969775455193737e-01 1.829439057346425868e-01 1.815423880470392048e-01 1.278371935290491812e-01 1.710035731491503230e-01 2.360218904509585602e-01 2.345139742227574930e-01 2.347978466953364318e-01 2.021615625213686873e-01 2.423890731722255776e-01 2.498708179203329716e-01 2.281186269171201486e-01 2.333980660833220311e-01 2.121476016370592022e-01 2.413645962425585156e-01 2.157918458181536936e-01 2.439825970748497053e-01 2.341127073098780154e-01 2.465275846327887599e-01 2.311461419714876675e-01 2.492294172325842938e-01 2.394702488153359898e-01 2.330749680254257938e-01 2.376548886554065154e-01 2.427088266774360126e-01 2.426713441851118536e-01 2.371176843537262657e-01 2.473915062665084652e-01 2.473666958352275513e-01 2.352322427130749405e-01 2.374608795289137320e-01 2.447214941991379122e-01 2.386786337097342447e-01 2.451693064043060089e-01 2.362132246603756702e-01 2.470477837265596943e-01 2.380420959339305531e-01 2.449702543327458015e-01 2.356645451076488096e-01 2.416425243757698571e-01 2.473507305263724365e-01 2.457835548596438435e-01 2.427997308820379063e-01 2.450958514966933011e-01 2.455923541879719008e-01 2.479893977981107445e-01 2.456163191157523240e-01 2.381613338433777316e-01 2.416882883774026936e-01 2.466452572294981216e-01 2.325458968400024029e-01 2.464909677093576057e-01 2.185525208030779376e-01 2.276474480263943334e-01 2.517783720512465351e-01 2.548142939574354893e-01 2.454341254268994632e-01 2.397954920235020326e-01 2.505239798247450023e-01 2.544922160877742257e-01 2.527113358194670312e-01 2.477279359803658820e-01 2.490452287347353633e-01 2.580999785229103338e-01 2.382569117901230105e-01 2.382598636394041014e-01 2.512024600412218200e-01 2.454346465863241622e-01 2.524732479542464159e-01 2.479499815218984826e-01 2.530353512550563844e-01 2.486527693065929689e-01 2.506623789594505380e-01 2.529368840881645597e-01 2.496553655294211083e-01 2.482747862124252969e-01 2.421798099399141702e-01 2.533264576688342706e-01 2.542541034202579486e-01 2.385333385597461220e-01 2.449998167431284013e-01 2.520621044615209416e-01 2.464099353722030705e-01 2.503310347635839817e-01 2.516145486247645113e-01 2.493026086903382121e-01 2.487609091126632421e-01 2.519588065233159813e-01 2.547641941655124920e-01 2.485640759420907064e-01 2.456577721896176236e-01 2.503336774759380434e-01 2.484409556144895337e-01 2.508077868666218624e-01 2.498440139643560154e-01 2.538433684552157676e-01
5.382458692923453025e-02 1.116564762380371362e-01 1.804358288129574717e-01 1.000000000000000000e+00 2.167716776753028096e-01 2.700927339000805949e-01 3.691966428268907974e-01 3.618887911106029032e-01 4.337082979120878146e-01 3.767797394870717187e-01 4.356351020832329723e-01 4.676061380616114982e-01 4.145407438550379187e-01 4.161460628967122988e-01 4.701940115253113173e-01 4.730250375172732058e-01 4.453884847909425626e-01 3.736248762907306009e-01 3.826152890757424929e-01 3.973318676115504822e-01 4.206186918488639126e-01 4.121408675728751581e-01 4.506455613133860671e-01 3.473374956280561032e-01 3.954789939042675506e-01 4.808743659815724047e-01 4.676887605927814717e-01 4.855455836094749178e-01 4.502906814667085311e-01 4.622491018805005569e-01 4.870071523049382956e-01 4.856577027809399483e-01 4.662943602898242945e-01 4.558989347114579260e-01 4.633198065432003188e-01 4.526515080839018101e-01 4.690521308595988481e-01 4.741437846632780007e-01 4.914126070639554533e-01 4.735781409669416742e-01 4.851039730652462745e-01 4.836150695967797453e-01 4.815446462962354457e-01 4.888299800019810237e-01 4.747367198509871988e-01 4.750673715714338052e-01 4.789290705498677192e-01 4.898547422291223974e-01 4.830247686886644520e-01 4.897523593574643619e-01 4.844209981252083907e-01 4.952791822637987451e-01 4.911130945991222796e-01 4.882634739833364712e-01 4.796064861922919031e-01 4.946809242225384540e-01 4.773033484299855078e-01 4.855461137197540356e-01 4.792535104349044395e-01 4.772871380689033827e-01 4.824473351096117413e-01 4.791337129344167556e-01 4.743453601744083148e-01 4.783798675352633478e-01 4.886692765028649577e-01 4.850222865614343681e-01 4.847784555890791158e-01 4.791464968469111296e-01 4.866433174790597560e-01 4.879496002645958841e-01 4.765269164577663474e-01 4.797869314752568060e-01 4.667143690290087021e-01 4.704146712273172271e-01 4.912786903038039443e-01 4.968189580171655240e-01 4.895420804964327743e-01 4.822555621354417399e-01 4.787849385451016238e-01 4.856005943202641451e-01 4.879293624399279605e-01 4.859421989382963769e-01 4.930013300871695647e-01 4.855311303769576092e-01 4.938336343345847701e-01 4.877625927096630454e-01 4.932242482186932619e-01 4.892304669904098957e-01 4.902722895256392266e-01 4.851045700482918832e-01 4.906675115463915993e-01 4.895760710601294030e-01 4.901213391087961835e-01 4.881621897275842947e-01 4.861653020139286019e-01 4.854386130760681706e-01 4.943356450201815688e-01 4.892167467372788292e-01 4.900926853930474558e-01 4.924880068762176877e-01 4.938128303751487258e-01 4.932060124855524030e-01 4.905018000747445872e-01 4.941535357248531546e-01 4.986175796202865218e-01 4.951700039289821942e-01 4.904722324742054607e-01 4.845908269255038703e-01 4.856727664446854331e-01 4.843224230029406496e-01 4.866220311303596779e-01 4.893078138632552254e-01 4.903959699619956369e-01 4.938275092882851158e-01 4.902743550219018087e-01 4.913342181869703729e-01
2.982617535091816596e-02 8.219323298505155917e-02 1.293313511279826911e-01 2.167716776753028096e-01 1.000000000000000000e+00 1.735821934077788342e-01 3.133428834397607998e-01 3.083936827386465906e-01 3.261625877171402954e-01 3.165755516964035565e-01 2.930974425900504388e-01 3.507468027735530791e-01 3.404166476930037821e-01 2.952339553472279610e-01 3.657369175825518903e-01 3.526771511451552987e-01 3.328297630168473020e-01 3.042454495870277609e-01 3.217958116908183896e-01 3.121461198369041568e-01 3.323873241405801426e-01 3.466663382985526454e-01 3.450673406359511808e-01 3.133208659814997743e-01 3.390300790198249592e-01 3.639946145210528616e-01 3.508532704423531490e-01 3.418051609522749223e-01 3.236713959499699644e-01 3.510028343365874659e-01 3.778718156993031707e-01 3.617329859680126214e-01 3.059909260010729715e-01 3.515164749274006240e-01 3.353918849089815857e-01 3.308992367311642258e-01 3.560343225957388058e-01 3.469928062279916681e-01 3.590355428061955956e-01 3.301598483335081990e-01 3.738530917120100883e-01 3.604733357929936766e-01 3.637288034254121394e-01 3.736792579698461347e-01 3.650761236709134661e-01 3.660955550751069376e-01 3.749661548579553694e-01 3.715355319250835953e-01 3.682283325895116533e-01 3.487418729693016473e-01 3.499324285226140252e-01 3.501411928066250900e-01 3.709125588779669802e-01 3.678368284346048567e-01 3.617824887209384888e-01 3.635794139915029533e-01 3.368871824444980567e-01 3.699721936830817626e-01 3.519791938195966363e-01 3.732111094388632644e-01 3.666412040649371096e-01 3.529530279832011619e-01 3.433749789310938660e-01 3.582153065883424969e-01 3.669845451524541557e-01 3.620950608482549349e-01 3.752816285875187341e-01 3.783626029607366492e-01 3.780455391780506158e-01 3.813300981332672368e-01 3.801902355939611455e-01 3.782155933959935323e-01 3.740537259786614888e-01 3.767589799709635812e-01 3.768254717423448752e-01 3.707473533687274392e-01 3.703963331970314687e-01 3.623581751591071765e-01 3.750159635568308114e-01 3.662603374392703337e-01 3.677819238046845518e-01 3.776851397550717304e-01 3.716409066259856453e-01 3.610693709085313619e-01 3.782957072400626730e-01 3.763493366716801347e-01 3.682108831056548071e-01 3.755971805275751252e-01 3.710829391500375940e-01 3.742029673339195561e-01 3.657583508521496940e-01 3.767140606455286478e-01 3.755986682533458132e-01 3.757681598613584750e-01 3.764436944072985236e-01 3.762087855611560561e-01 3.759597766517894235e-01 3.730888058464396639e-01 3.738508151663311185e-01 3.798766842113145414e-01 3.826714668113558315e-01 3.725094419608042107e-01 3.769906544122411107e-01 3.805990069204662207e-01 3.788919296884984966e-01 3.728486304198719847e-01 3.784572397780435193e-01 3.741397378129646678e-01 3.762720139819865639e-01 3.780363261996635971e-01 3.755497606952039602e-01 3.796226500756091360e-01 3.738031673500661345e-01 3.768691219399838976e-01 3.746860702895242201e-01 3.758094201151506164e-01
1.054159069964824731e-02 9.141517898218862181e-02 1.065563719379216262e-01 2.700927339000805949e-01 1.735821934077788342e-01 1.000000000000000000e+00 4.043183649502102295e-01 3.680575025295420022e-01 4.020901857031820015e-01 3.889103727097899532e-01 4.149003771014664332e-01 4.467591906884387787e-01 3.931824341013793189e-01 4.143957594306236780e-01 4.790942812229080361e-01 4.469948621196354610e-01 4.237894255942640798e-01 3.964220927799057548e-01 4.217338577126060750e-01 3.622543399606712455e-01 4.232648892985316214e-01 4.307030201245362622e-01 4.452192719046212943e-01 3.763968912502261288e-01 4.118276741645810479e-01 4.768835343735567944e-01 4.656030207814406685e-01 4.750792254376693946e-01 4.454264324729407809e-01 4.566029729806352910e-01 4.914614843078257134e-01 4.807739821540381597e-01 4.481801830674839171e-01 4.721409212116681742e-01 4.463755346795812429e-01 4.601151512527191234e-01 4.702943492698976047e-01 4.728953298758243329e-01 4.910549527572208861e-01 4.733542723551864562e-01 4.825349914698493503e-01 4.741326713172369645e-01 4.801967983370804549e-01 4.879338897839205491e-01 4.792439986531781826e-01 4.844534858419007328e-01 4.856192322304573872e-01 4.909871523136652427e-01 4.839553155376483118e-01 4.759121634188531180e-01 4.867132328132180996e-01 4.694107015171605779e-01 4.746237728093743447e-01 4.864428791320113965e-01 4.773620751388782391e-01 4.866957988197018192e-01 4.607663823559977612e-01 4.783424931045867634e-01 4.806574623422856241e-01 4.758386081881342822e-01 4.837046725347519116e-01 4.771123974249615318e-01 4.690399506526932716e-01 4.811109876361631676e-01 4.770017583123635774e-01 4.695896609823040913e-01 4.877895877609634834e-01 4.881753371659597329e-01 4.890443856386959554e-01 4.843338868379915563e-01 4.903983912346105978e-01 4.948595547837198461e-01 4.784764096421725288e-01 4.841722719279222265e-01 4.888597415977098404e-01 4.896491426986683271e-01 4.905210706013122812e-01 4.865897244200405036e-01 4.905516885524552340e-01 4.852152703219980157e-01 4.886290066691315603e-01 4.911931157055163810e-01 4.928728831454366466e-01 4.824306147686418522e-01 4.931320180511801210e-01 4.939506656821333053e-01 4.934716386325521675e-01 4.948190861212837799e-01 4.941358440456754542e-01 4.887490940337604339e-01 4.934049412926451161e-01 4.934303431105511728e-01 4.943226052936978143e-01 4.947058822985868076e-01 4.925960483565700598e-01 4.896254837915083868e-01 4.956431326885351041e-01 4.802249583418001233e-01 4.908930873560793939e-01 4.941865432142290016e-01 4.935099636343512897e-01 4.912971138294541795e-01 4.890116942768841235e-01 4.936723604986901770e-01 4.911316412584466606e-01 4.843651075528279670e-01 4.909221761461596278e-01 4.900946098955262231e-01 4.895768935849047487e-01 4.903270425996918980e-01 4.887068542362782986e-01 4.877891500648304790e-01 4.886441150092123986e-01 4.922853963324174686e-01 4.911130247615870248e-01 4.846008046831395966e-01
1.661697493447122573e-02 1.267625818851514374e-01 1.970864094802009248e-01 3.691966428268907974e-01 3.133428834397607998e-01 4.043183649502102295e-01 1.000000000000000000e+00 5.633766955624132100e-01 6.254197453424984454e-01 5.998697192014585955e-01 6.005634604225510431e-01 6.839858695419505086e-01 6.261731286329528245e-01 6.214858721545625242e-01 7.387100698940466392e-01 7.084622958422679417e-01 6.426822887460637013e-01 5.879830482906117650e-01 6.140888984636492243e-01 6.262376106949809618e-01 6.184063812302768026e-01 6.459172368505380346e-01 6.767508831619331033e-01 5.799875120888884350e-01 6.299752300506634706e-01 7.272545324381218812e-01 7.061058148399896872e-01 7.179437596146689415e-01 6.687263512581256286e-01 7.064503965208728253e-01 7.463189962840683922e-01 7.273352800242594007e-01 6.777842601700446723e-01 6.926643885348037211e-01 6.711467643595032673e-01 6.815224090254178302e-01 7.143198317321959312e-01 7.131629267404990813e-01 7.397947218592958452e-01 7.180009318598529200e-01 7.442471823653672436e-01 7.363744223609191009e-01 7.255414086883463787e-01 7.457184542197129451e-01 7.288764844455933867e-01 7.410017176676143569e-01 7.352052531954621495e-01 7.402557292406070077e-01 7.314198262920973415e-01 6.885704881904156638e-01 7.284201768283520284e-01 6.760945030864673466e-01 7.157103270013841501e-01 7.345312911744565909e-01 7.215075753927798763e-01 7.331342794552065945e-01 6.842804770027987038e-01 7.248561884973884206e-01 7.255523968527112233e-01 7.351630135469019445e-01 7.333594973988339927e-01 7.204899316936336229e-01 7.003176777930160135e-01 7.288125967067781152e-01 7.202424777813440926e-01 7.140465803514534082e-01 7.423446579783402610e-01 7.367763464650327609e-01 7.474878445891470768e-01 7.440860360183840783e-01 7.366499567203582677e-01 7.399664964615666474e-01 7.290362529648654055e-01 7.313093987060962364e-01 7.468045844796680210e-01 7.405925406321598459e-01 7.414055883320396223e-01 7.308784077935054357e-01 7.527351845305315647e-01 7.432667323775364876e-01 7.453318675822936390e-01 7.476833458862349735e-01 7.399685886958465852e-01 7.423072404435494542e-01 7.358744030465320662e-01 7.415957298554901600e-01 7.477948251972105220e-01 7.467597048798811921e-01 7.473231538191693613e-01 7.402451365076614387e-01 7.494120528676599946e-01 7.457295606474415584e-01 7.457686317641195606e-01 7.503755461689386452e-01 7.426863125179369307e-01 7.416773498288595778e-01 7.244105495069295131e-01 7.075933036090412687e-01 7.338448675628477247e-01 7.419321675082602985e-01 7.441833521676625152e-01 7.302410930836337188e-01 7.330858111762319496e-01 7.416995739798571963e-01 7.278610562497973557e-01 7.202201414914252142e-01 7.396654088062488697e-01 7.422614282662470808e-01 7.402227496821494057e-01 7.406123069561771910e-01 7.412642621805306531e-01 7.403218362325427737e-01 7.361933408470192619e-01 7.378771167664699426e-01 7.370719957719271687e-01 7.298101034808758270e-01
4.477352635008188808e-02 1.151804681372477074e-01 1.766867482710657300e-01 3.618887911106029032e-01 3.083936827386465906e-01 3.680575025295420022e-01 5.633766955624132100e-01 1.000000000000000000e+00 6.224353798647324076e-01 5.531785817687774331e-01 5.877559071069622387e-01 6.552824566895577574e-01 5.852134422741299691e-01 6.088133554425397831e-01 6.971224755295373221e-01 6.814561200279394271e-01 6.096646322050123246e-01 5.369404292846302607e-01 5.680785414769009556e-01 5.792121119594786371e-01 6.085517461787317561e-01 6.109990982805455495e-01 6.198063131823229321e-01 5.105124766290111138e-01 5.756631787013958279e-01 6.865768939598000387e-01 6.752233714746994631e-01 6.899083376138290813e-01 6.611081374770617636e-01 6.641076847860492016e-01 7.028209753648656521e-01 6.790375127296343072e-01 6.351685852209301153e-01 6.526463968874918198e-01 6.386456285936459309e-01 6.354966911500149473e-01 6.640180249699261239e-01 7.035480417519859309e-01 6.974497571511726335e-01 6.769271694197314115e-01 7.057839165932937586e-01 7.016610176993096637e-01 6.873642950595684198e-01 7.133499300251499031e-01 6.842878349349336142e-01 7.039197026828094561e-01 7.032242164863545808e-01 7.075030184144132095e-01 7.035102050143791086e-01 7.017842889586700661e-01 7.142410202909144079e-01 6.819664732322640033e-01 6.889430047513687150e-01 6.958623137071867637e-01 6.985478077981397416e-01 7.066447853892874331e-01 6.795092716604778094e-01 7.026009230799177274e-01 7.032646144433984947e-01 6.891873213362816886e-01 7.039750957545913845e-01 6.928640515635833275e-01 6.902291826996108659e-01 6.945329461843368080e-01 6.891054980032413901e-01 6.856403875099765788e-01 7.036477330200254787e-01 6.962344585515736206e-01 7.068796221818766101e-01 7.035416102162097562e-01 7.002662201552404264e-01 7.019180627406134132e-01 6.792369063105716531e-01 6.866534765013145858e-01 7.083287333847971823e-01 7.081302159293411114e-01 7.091564562018807250e-01 7.066570564611527328e-01 7.058709638616265103e-01 7.024644508767285966e-01 7.035046386903252014e-01 7.089684051569753453e-01 7.057472779941563745e-01 6.996913807476196068e-01 7.051892487232269691e-01 7.003104069951050503e-01 7.009511483430707068e-01 7.090925248825293847e-01 7.089650632607844560e-01 7.064942752867123810e-01 7.023679240312902250e-01 7.091151264013018096e-01 7.043208613187560418e-01 7.100985270344456479e-01 7.057357324995328085e-01 7.034087401137023576e-01 7.074468481727533842e-01 6.998628470874697083e-01 7.100408123522301551e-01 7.109790151789705526e-01 7.087730998117416359e-01 7.102853597283083076e-01 7.015269013249876284e-01 7.140364313156849496e-01 7.034545502463964706e-01 6.968997702554156071e-01 7.086248558447987289e-01 7.060094098138341989e-01 7.067275693244288171e-01 7.070596246244249539e-01 7.077756125366650997e-01 7.027258829339538826e-01 7.049622676027481605e-01 7.101425452823135753e-01 7.053997082174084943e-01 6.981917524936576136e-01
9.273767913262105644e-02 1.439055816606769067e-01 1.956242279526791972e-01 4.337082979120878146e-01 3.261625877171402954e-01 4.020901857031820015e-01 6.254197453424984454e-01 6.224353798647324076e-01 1.000000000000000000e+00 6.942822647273368952e-01 6.858988412857595085e-01 7.790042552155129751e-01 6.870222390274826063e-01 6.971928031007870175e-01 7.966180813480258083e-01 7.746608808448800509e-01 7.721414006181571699e-01 6.024470188399733139e-01 6.428186628365166744e-01 6.950291819998605236e-01 6.681056150295086038e-01 6.896544050693496075e-01 7.156052231698072363e-01 5.640042075035679447e-01 6.386133243638043577e-01 7.958349571888564400e-01 7.990879679810756198e-01 7.894981412006318866e-01 7.747091625471524967e-01 7.928177203417566821e-01 8.317151105370838016e-01 8.010469025792220643e-01 7.185018708394877995e-01 7.313969036181763306e-01 7.507368598942890658e-01 7.363229124443804174e-01 7.936234885398134598e-01 8.046350362876695250e-01 8.121822062820571730e-01 7.571704249198794034e-01 8.210624978495328907e-01 8.136082829937230088e-01 8.067333986801850099e-01 8.305070442342736836e-01 7.945605905809390856e-01 8.287410968550542600e-01 8.433584254419715931e-01 8.488537872454742228e-01 8.441799699953109748e-01 8.150634780107488542e-01 8.329499916358265033e-01 8.141504056583541704e-01 8.246097452160235930e-01 8.496233017621280803e-01 8.415381211182048071e-01 8.272322710214777830e-01 8.424792891005181694e-01 8.361052789906017191e-01 8.425558716189740505e-01 8.517516215980068806e-01 8.462668450130045317e-01 8.523339026387313222e-01 8.405177177518257103e-01 8.518685080374055474e-01 8.495317234005682616e-01 8.552264500985142792e-01 8.447940659893640181e-01 8.206105245054590158e-01 8.361239840999025175e-01 8.335298044245782467e-01 8.144746301586819337e-01 8.247247715499025356e-01 7.942794481674665397e-01 7.997037608792275654e-01 8.382766097190160748e-01 8.392948518627745269e-01 8.336754679244131605e-01 8.347822601817782573e-01 8.298430863735576368e-01 8.363505864470621720e-01 8.327832110810327038e-01 8.400958954059148942e-01 8.395403798848521948e-01 8.271177894479591064e-01 8.162978955793477320e-01 8.163949866067622407e-01 8.252435427981330562e-01 8.272611537104425095e-01 8.303924663898768488e-01 8.338724492434880231e-01 8.150408070204193667e-01 8.339028940967275760e-01 8.299628184993245172e-01 8.338438228226145998e-01 8.401198586550365777e-01 8.452647574836960054e-01 8.183114798203869888e-01 8.334105640852915720e-01 8.375376101322556943e-01 8.252912624279854503e-01 8.279748475160139121e-01 8.398233022124412805e-01 8.353494524100804064e-01 8.384322280796924209e-01 8.406300342468442377e-01 8.436157013587677334e-01 8.441485649336487596e-01 8.421457189210018734e-01 8.418259133856969001e-01 8.418110881966116565e-01 8.386521699223583592e-01 8.463333758742002111e-01 8.401237853058317606e-01 8.482176260678077062e-01 8.498060713037802749e-01 8.516127386195261328e-01
7.535327335203448329e-02 1.653568860755806336e-01 1.824226630343060429e-01 3.767797394870717187e-01 3.165755516964035565e-01 3.889103727097899532e-01 5.998697192014585955e-01 5.531785817687774331e-01 6.942822647273368952e-01 1.000000000000000000e+00 6.270369549365182316e-01 7.038179861660059933e-01 6.209284001485844140e-01 6.496874086696725614e-01 7.348530907585287819e-01 7.066416053924033935e-01 6.795204611033276443e-01 5.723719986897698453e-01 6.037561424955603107e-01 6.231813756726356512e-01 6.279627510979632898e-01 6.558446766181995624e-01 6.747070250464490826e-01 5.454273257782631390e-01 6.117734661696311305e-01 7.299157780191295464e-01 7.246656981316687007e-01 7.318747614494162113e-01 6.925085736813629822e-01 7.249349767789976529e-01 7.614725195901222987e-01 7.406628757920319384e-01 6.870079722989210769e-01 6.859987692164881690e-01 6.947833311968546477e-01 6.882977120927543657e-01 7.358403329181187891e-01 7.285089435894060994e-01 7.501998738658829380e-01 7.233560619459598051e-01 7.610096112037086913e-01 7.375220010484352384e-01 7.447251303621489349e-01 7.558155802633824694e-01 7.385796602754119977e-01 7.592943281108347486e-01 7.640578133476212397e-01 7.652980829502621374e-01 7.592368314629230897e-01 7.228373626546662489e-01 7.515389815476817281e-01 7.205001962261623483e-01 7.402909424710996111e-01 7.671187234136437327e-01 7.562944989091607839e-01 7.550015556927948124e-01 7.376345411477458480e-01 7.491666880651686178e-01 7.528806428212124757e-01 7.706692501323297861e-01 7.685417374197026641e-01 7.607473591810443025e-01 7.394464449162588826e-01 7.619573382648664461e-01 7.581706584886542810e-01 7.634385826650612605e-01 7.648433292707479403e-01 7.489196858606671503e-01 7.659316939216336273e-01 7.547357230664131222e-01 7.507188118855063763e-01 7.555570062493658368e-01 7.318703155232716417e-01 7.371259269393609648e-01 7.600834164572372043e-01 7.587617625506454244e-01 7.574565900748598812e-01 7.514681435201837623e-01 7.608024051747896976e-01 7.635886474565493076e-01 7.637393550446021084e-01 7.661066995188637874e-01 7.616897024977987707e-01 7.592260873724598902e-01 7.476394238132345604e-01 7.504230336820770786e-01 7.599512648180697383e-01 7.584136698484643668e-01 7.613911799378709766e-01 7.589380598543657985e-01 7.566364556395861474e-01 7.601428846276697682e-01 7.605911075883777794e-01 7.623573826054297342e-01 7.610095609776574843e-01 7.649465475214709542e-01 7.439127690402341786e-01 7.386483753787120854e-01 7.524710860917508404e-01 7.536667830178617189e-01 7.583093496317329096e-01 7.534157898901806538e-01 7.556704346225183722e-01 7.587897706266324427e-01 7.569261706400122192e-01 7.521494781331941049e-01 7.625330809949970590e-01 7.631254902858266576e-01 7.627003572908606088e-01 7.595216194889539141e-01 7.587788479951212972e-01 7.655590761082375906e-01 7.588447895891674566e-01 7.624833434207825000e-01 7.640317482845609964e-01 7.636903367102978457e-01
1.999516913055697682e-03 1.354915021413195531e-01 2.201492199632174851e-01 4.356351020832329723e-01 2.930974425900504388e-01 4.149003771014664332e-01 6.005634604225510431e-01 5.877559071069622387e-01 6.858988412857595085e-01 6.270369549365182316e-01 1.000000000000000000e+00 7.568581562132028484e-01 6.517105640863428695e-01 6.723611590284345185e-01 7.594769145173422276e-01 7.316289598779056602e-01 6.871911304584924496e-01 6.084377831071738907e-01 6.416952558751846114e-01 6.516321142641761099e-01 6.466306281516719379e-01 6.753845300632668192e-01 6.998525874185386186e-01 5.760999854791317709e-01 6.454534211061195847e-01 7.571330684911034004e-01 7.581735683512677015e-01 7.647161802132835806e-01 7.287509888163619109e-01 7.684889839565151037e-01 7.994664168031307971e-01 7.796469701946090458e-01 7.295033503137856590e-01 7.388120465696014216e-01 7.450404307466123033e-01 7.328011868944834806e-01 7.706614596924967753e-01 7.729092677897876351e-01 7.879794478513909572e-01 7.602477235458898752e-01 7.934082684513692474e-01 7.857267578831931276e-01 7.681442896281197585e-01 7.926121834252460863e-01 7.764240902306057679e-01 7.954557658725471825e-01 7.993448226400133860e-01 8.052968475502106926e-01 7.978886244782884551e-01 7.730856920021546008e-01 7.948045643263942361e-01 7.647088128850286770e-01 7.779932706633819750e-01 7.975775973522194473e-01 7.846256923061419863e-01 7.992061862732992017e-01 7.623708794515678955e-01 7.886610520352013154e-01 7.910981993309736948e-01 7.919715888848095631e-01 7.992748486720594459e-01 7.848872575834324739e-01 7.752799701879279359e-01 7.892999151221748999e-01 7.854025553637923318e-01 7.841297305870764678e-01 8.021733790158015465e-01 7.944999194371477058e-01 8.027796167231394664e-01 7.983282824954163193e-01 7.878301159426804867e-01 7.968398296243416334e-01 7.773328131480234937e-01 7.806904421211383616e-01 8.059051981560617639e-01 8.058347266003957898e-01 8.057229004405650485e-01 7.970462539316638395e-01 7.985141182688560990e-01 8.054417675711561531e-01 8.053616469087221397e-01 8.076463423996981250e-01 8.050065912357720066e-01 8.070843195375011492e-01 8.000671887218282485e-01 8.002442753470105918e-01 8.049592762218223951e-01 8.054470505736218700e-01 8.084331556062700486e-01 8.029278069778634785e-01 8.055868820821469045e-01 8.060419777087551862e-01 8.064038293801764068e-01 8.077081698509449570e-01 8.074101537692880415e-01 8.077143332771289375e-01 7.943377987080963987e-01 7.854928188447597437e-01 8.019105283274291507e-01 8.017465285389679952e-01 8.029155714705317193e-01 7.995599224346917611e-01 7.999412323693460003e-01 8.053696555476700381e-01 8.025730138599668217e-01 7.934612417092310466e-01 8.051162901685429141e-01 8.061270373720836879e-01 8.054491798189920004e-01 8.021835993169782464e-01 8.009257912844121030e-01 8.047578155483857687e-01 8.011097236348893036e-01 8.044932445473987892e-01 8.026766206990978425e-01 7.987887797984609684e-01
2.727824367541892628e-02 1.359571881938247961e-01 2.241126712959171929e-01 4.676061380616114982e-01 3.507468027735530791e-01 4.467591906884387787e-01 6.839858695419505086e-01 6.552824566895577574e-01 7.790042552155129751e-01 7.038179861660059933e-01 7.568581562132028484e-01 1.000000000000000000e+00 7.395715412557094526e-01 7.546188601183922984e-01 8.565353724185559292e-01 8.323767607928007628e-01 7.847361063821837179e-01 6.663427970630906305e-01 7.109249672410654641e-01 7.384447814684181877e-01 7.246491637744509884e-01 7.508430095778545477e-01 7.872185839727424694e-01 6.411015377205481203e-01 7.147313148844748332e-01 8.629674540503795566e-01 8.516432103061016834e-01 8.470905810565179106e-01 8.187679118344035611e-01 8.550722882317723927e-01 8.917520082865932896e-01 8.673510693245185532e-01 7.908327952365146185e-01 8.172116888641867138e-01 8.121293175739928705e-01 8.059833682788782871e-01 8.559267587835691637e-01 8.687337325224574469e-01 8.797532864894362925e-01 8.456556864179023414e-01 8.854550296920420394e-01 8.811424523915974971e-01 8.629673780625228829e-01 8.920264762492410293e-01 8.704657209291098985e-01 8.915387799074255826e-01 8.970560125226912929e-01 9.029760185151657348e-01 8.961649372865075902e-01 8.691000262839809754e-01 8.912493158061457477e-01 8.658652915317930354e-01 8.825484471704789780e-01 9.005699211650791680e-01 8.945073960666644064e-01 8.942145541638686357e-01 8.728793645130050738e-01 8.932854786745811904e-01 8.941645996003476649e-01 8.966213512733487434e-01 8.981324571410078672e-01 8.923448834637445204e-01 8.820065275816847405e-01 8.908020677008947619e-01 8.904523379286264362e-01 8.917484346827059261e-01 8.990925978847140732e-01 8.860333689531965096e-01 8.980018858754886812e-01 8.971170334348544939e-01 8.786685757356205162e-01 8.906022855697686147e-01 8.657778440420663690e-01 8.705463244584639160e-01 9.012741986071796108e-01 8.968542217358670410e-01 8.927804982197783401e-01 8.875624863437752143e-01 8.932545207782441876e-01 8.976184480461862902e-01 8.971298858499024975e-01 9.048619035108116382e-01 8.970269846494808297e-01 8.923067330119834883e-01 8.879144053611929266e-01 8.883532816287913469e-01 8.960124588555410385e-01 8.968476865791173980e-01 8.978695519871070507e-01 8.977415554602136138e-01 8.910807455489124784e-01 8.995455646742873679e-01 9.003304528485284175e-01 9.010262541445418494e-01 9.011166335703083563e-01 9.020515615400653830e-01 8.868387533086593555e-01 8.842471708544715758e-01 8.961436742103283670e-01 8.939909982218319229e-01 8.953561445067041991e-01 8.981237835305900807e-01 8.968067282932370432e-01 9.017189611950554573e-01 8.995595083080407672e-01 8.930508467712812148e-01 9.012753087973636168e-01 9.024001990340116963e-01 9.020562669434886161e-01 9.011108670267534704e-01 9.013372807870573267e-01 9.025091720928457573e-01 9.000955111473906145e-01 9.021635041323471382e-01 9.017190204974200318e-01 9.019879274165318872e-01
-4.392845981249328575e-03 1.412734828691134259e-01 2.145843748654455985e-01 4.145407438550379187e-01 3.404166476930037821e-01 3.931824341013793189e-01 6.261731286329528245e-01 5.852134422741299691e-01 6.870222390274826063e-01 6.209284001485844140e-01 6.517105640863428695e-01 7.395715412557094526e-01 1.000000000000000000e+00 6.725885218489877637e-01 7.853345083215662603e-01 7.489035040733474924e-01 6.970462942518186322e-01 6.405871021355705741e-01 6.704496939258178800e-01 6.468526580673241710e-01 6.757816624443740983e-01 7.040454281367912737e-01 7.179297248032335821e-01 6.253331870662690584e-01 6.899583147943619821e-01 7.875098790912593572e-01 7.617803238559639478e-01 7.716325087200007760e-01 7.236339033185026359e-01 7.594396272749969201e-01 8.009962096687320843e-01 7.821831905117818673e-01 7.112170002071298569e-01 7.498681370507676025e-01 7.230844267714662266e-01 7.386462793731450871e-01 7.793876914171912196e-01 7.688442619359621144e-01 7.887399478930563479e-01 7.682776656259491244e-01 8.037751612316424987e-01 7.932425585434053072e-01 7.969420857273744607e-01 8.033006094918513362e-01 7.921335527581958580e-01 8.014109004095082422e-01 8.071142859696575078e-01 8.056964936708336245e-01 7.969671006948523262e-01 7.584420441830810322e-01 7.919919796969728809e-01 7.635267714349744939e-01 7.858668487890437815e-01 7.985746042624379815e-01 7.892401435937685950e-01 8.004999528988097079e-01 7.512619172469443551e-01 7.978834991207516270e-01 7.914702507360507067e-01 7.987501072529250568e-01 8.021039745433733437e-01 7.843591793569631987e-01 7.675012298664971588e-01 7.852390476980689593e-01 7.887169785129855004e-01 7.788708956082681656e-01 8.087765985058135154e-01 8.078354263297413684e-01 8.058287396185900286e-01 8.036432653535772186e-01 8.010339727508015706e-01 8.050335556755849886e-01 7.933297014285138893e-01 8.006523317993478051e-01 8.124612775306346846e-01 8.048519004755846362e-01 8.025655507135922573e-01 7.946457416451392364e-01 8.040829482400795314e-01 8.036637811056442926e-01 8.062180860146296313e-01 8.131157572973640724e-01 8.044608443265764963e-01 8.001402482157354834e-01 8.005271593445683065e-01 8.048905718517358476e-01 8.095754887139273714e-01 8.071856969393890191e-01 8.098101530652753732e-01 8.062549358717495673e-01 8.054821253096154932e-01 8.122928153521555839e-01 8.118046360432884523e-01 8.127369024416212229e-01 8.107756918170374583e-01 8.092128656315167312e-01 7.993410891822815278e-01 7.797916794567432142e-01 8.012097038274944572e-01 8.106280559439695832e-01 8.149171020596450710e-01 8.003770736023487764e-01 8.082188526147224827e-01 8.111523089992888069e-01 8.041346223607753751e-01 7.943415830928474142e-01 8.073986348703590110e-01 8.092460833360074490e-01 8.072396934568273341e-01 8.095836579165717195e-01 8.077195272296135986e-01 8.107143090304647082e-01 8.072358151260733417e-01 8.055651770360299224e-01 8.050539899441099267e-01 7.985191522004542186e-01
