1.000000000000000000e+00 1.649946988200985398e-01 1.169309757564744312e-01 1.399018948757147773e-01 3.637101459827899591e-02 6.336133230044900533e-02 6.182190380808937763e-02 7.238656098657945959e-02 1.762402922386412663e-01 1.345505832018340231e-01 7.198053765954129379e-02 7.119147274447104601e-02 2.666287665797065567e-02 -6.717169935636644815e-03 1.446730283262372303e-02 5.630576474350694471e-02 9.715394329207284463e-02 1.599696031673643326e-01 1.542716428145228247e-01 1.085102439013781311e-01 1.386032373574071497e-01 1.288747976402653261e-01 1.879444698717569751e-01 1.644603778104914704e-01 1.320605732383911546e-01 1.276868816507694682e-01 1.210836419341149578e-01 9.355906519600473703e-02 1.198348899320077071e-01 1.433061773305321640e-01 1.072774663524502931e-01 1.445044898777645970e-01 1.272963976069976244e-01 1.265934399371817787e-01 1.122754636525148259e-01 6.173616416819611291e-02 9.461632920263615687e-02 6.702769575625351639e-02 7.328384228794257438e-02 2.828801295351773132e-02 4.766207441990184118e-02 2.854738127516959212e-02 2.716740041945218606e-02 5.230994370993135439e-02 3.862142915737161453e-02 5.401974619037462622e-02 -1.466151053977810155e-02 2.648115134399901469e-02 3.204476368473137965e-02 5.820790271939590282e-02 5.658149364588421076e-02 5.171786427688071508e-02 2.918365005923564265e-02 6.112020797763721008e-02 6.236328972524883552e-02 7.429613781622813884e-02 8.863676911256561375e-02 2.210480447314944197e-02 4.457476954108977041e-02 5.374244204942556224e-02 3.123914077233348047e-02 5.492088465419686649e-02 6.719709046193167445e-02 6.693709016023827174e-02 6.291532472778352258e-02 5.586691949183341527e-02 3.648418074934117045e-02 6.678204319043151704e-02 7.098357458331114311e-02 6.901502796414053786e-02 5.779946811545699781e-02 5.161566280943770402e-02 7.137967597122163443e-02 6.724284138210707973e-02 4.498761201154028583e-02 4.035501904576604265e-02 3.018320501470565104e-02 5.086448052432186034e-02 4.881748797636187992e-02 6.822393116013264480e-02 6.215945630668028715e-02 4.654968170902051838e-02 5.103017661700263302e-02 5.885621224400373885e-02 2.657966417711800713e-02 5.447777423912665562e-02 2.407818299746397606e-02 1.728369972014511674e-02 3.078959477734699926e-02 1.638978176002288401e-02 1.820544743202552607e-02 1.216639304110887602e-02 1.861413448733784462e-02 2.314124979558928111e-02 1.481869631009976934e-03 1.585993184127644853e-02 4.483657370364439905e-03 4.871880504759415476e-02 1.403184118993123022e-02 1.198508637395739700e-02 2.878876988032704528e-03 2.888979946275780156e-02 4.524988706299637453e-03 1.627087906223611408e-02 2.672348015051800862e-02 3.944571479211345794e-02 2.742947453747238487e-02 2.183608258281290876e-02 2.602149570498050318e-02 1.469865179208442590e-02 3.887208188146018366e-03 3.064112506898127725e-02 2.600177140824459082e-02 3.382848825814650101e-02 4.222823363290927057e-02 3.687315797111478943e-02
1.649946988200985398e-01 1.000000000000000000e+00 1.365284383814166502e-01 9.425587739430460466e-02 5.287364850403625943e-02 1.039217646379800991e-01 1.627863922916787387e-01 1.288615671321351464e-01 1.761673571935357119e-01 2.081578892785860002e-01 1.543660244522017111e-01 1.343479670200432852e-01 1.319238921324644431e-01 9.209411556104708796e-02 1.429919079148684047e-01 1.472294729877315078e-01 1.560792336020812299e-01 1.751399229003407776e-01 2.043393830567457603e-01 5.496168144779148973e-02 1.468729714898150684e-01 1.743400555155935616e-01 2.164020847497003242e-01 1.863966463031430654e-01 1.929925545389156727e-01 1.882949438069877468e-01 1.638643203511479240e-01 1.698590327148721824e-01 1.945955615585589493e-01 2.244876700940533487e-01 1.757849313511780365e-01 2.135220250148240073e-01 2.098259242692763760e-01 2.074351982388234206e-01 2.084754128700808118e-01 1.583391850553236280e-01 1.689061317516656058e-01 1.772043692000608295e-01 1.832510541840562390e-01 1.552772431574397649e-01 1.530373384753755395e-01 1.478416593968998327e-01 1.302650443411296211e-01 1.473856663765665820e-01 1.524695888871755722e-01 1.616508085678241557e-01 1.430964263619747545e-01 1.650976978173812337e-01 1.583194981677233659e-01 1.576800618713420643e-01 1.504891086165706104e-01 1.420963792994889563e-01 1.466317856372182371e-01 1.798684052006548073e-01 1.779542451910134382e-01 1.917624760371650916e-01 1.719817895211195879e-01 1.467797822410801811e-01 1.547708895092249903e-01 1.588097027893896063e-01 1.511291557702484634e-01 1.568514150154046438e-01 1.642165236454672661e-01 1.706974218523200082e-01 1.502896369065503113e-01 1.612044574389799034e-01 1.566016018446249880e-01 1.764909099882923937e-01 1.803629489700551147e-01 1.507107681651304598e-01 1.651244190933821299e-01 1.656048556260560078e-01 1.727766142889438639e-01 1.769494066515513997e-01 1.595536601136914034e-01 1.516852252923992228e-01 1.554583414161400390e-01 1.670453080141278968e-01 1.732605453586267552e-01 1.742157493909347321e-01 1.692323836722535169e-01 1.593490350765363883e-01 1.748916751195990216e-01 1.787075893708530150e-01 1.646839103832409557e-01 1.768532289874374663e-01 1.493650030284570662e-01 1.563635528160283450e-01 1.618898530754535325e-01 1.626539772025397956e-01 1.517281497465700069e-01 1.437885513185223896e-01 1.460495408850695509e-01 1.503802030320068595e-01 1.479050171132915426e-01 1.556255170410860145e-01 1.407348595343264896e-01 1.583111191064592582e-01 1.453065411959616748e-01 1.376340177440419921e-01 1.339369980087969370e-01 1.521661985135343564e-01 1.390181371134054100e-01 1.424785935545843374e-01 1.520038025249456082e-01 1.583287317110022296e-01 1.588655682944584147e-01 1.613810466072158889e-01 1.595765057028455114e-01 1.472642381890491292e-01 1.441318563919327667e-01 1.544915665798331506e-01 1.552015628887761234e-01 1.555160265565888322e-01 1.547477251429885403e-01 1.576187098198896797e-01
1.169309757564744312e-01 1.365284383814166502e-01 1.000000000000000000e+00 3.979902768825948622e-01 2.205696371022086155e-01 2.500128944838112544e-01 3.530952228567741935e-01 3.294057313490404426e-01 3.586515461091678847e-01 3.486576105107209167e-01 3.896691541732408837e-01 4.036476518386701295e-01 3.331657468495934360e-01 2.759292450457609958e-01 3.758185486597135361e-01 3.755430404094993735e-01 3.262232287438011080e-01 3.601803943962665344e-01 3.924301394504065565e-01 3.003110745698651662e-01 4.013239443581593235e-01 4.020805764709375341e-01 4.108677686849154798e-01 3.756736072327928055e-01 3.800833952907790581e-01 4.266660210590269009e-01 4.278925078177521213e-01 4.273305896180910057e-01 4.090386873580985072e-01 4.219835010407710363e-01 4.321491562278967913e-01 4.274140181948001826e-01 4.249642011879956605e-01 4.136171129805219504e-01 4.121428754355917490e-01 4.185539347102016361e-01 4.270129752461282457e-01 3.995305392955501578e-01 4.147616979106728552e-01 4.263926763282663290e-01 3.999516276848589791e-01 4.035055129364924498e-01 3.990456905451130742e-01 3.979839853049464415e-01 4.087709790583342051e-01 3.916187608044379154e-01 3.649435622558230841e-01 3.838000762271616684e-01 3.873645946040644716e-01 3.866090776851393018e-01 3.874312311946500054e-01 4.120188903062348973e-01 3.812239836026786177e-01 3.860245494417407497e-01 3.942214266718917504e-01 4.110810614852691836e-01 4.060048422593112161e-01 3.877161472293791378e-01 3.833889679424051233e-01 3.808301191103900529e-01 3.933653453686109525e-01 3.921206478485966818e-01 4.021983382992227463e-01 3.870473780004773379e-01 3.960073408806453754e-01 3.944394252893190234e-01 3.857957580721387281e-01 4.056843160077792665e-01 4.116814051954789111e-01 4.070181683012544238e-01 4.035088941671020057e-01 4.022819376869565255e-01 4.100560462775009185e-01 4.115683109916490889e-01 4.055857981381864041e-01 4.070219834898067268e-01 4.050781730916476198e-01 4.017927926492757540e-01 4.002385261300398511e-01 4.056816709309505331e-01 4.102772175441746216e-01 4.053933854544924942e-01 4.202164898348605404e-01 4.034376399456610640e-01 4.044194622000217842e-01 4.095996717801010933e-01 4.031334322426780581e-01 4.022442291027387151e-01 4.033179195521887084e-01 4.078338098992308480e-01 4.135282248555164353e-01 3.956680690399942968e-01 3.958758873237653853e-01 3.960519818734790642e-01 3.764148169136481981e-01 3.800897348284619781e-01 3.998474800428998832e-01 3.840816418571781354e-01 3.865211514572735596e-01 3.935933164908815840e-01 3.987279746184885232e-01 3.902815896396931161e-01 3.804645108858533131e-01 3.866059671825062272e-01 4.011247945851688645e-01 3.912891410291336469e-01 3.843778773452073416e-01 3.797971350485177533e-01 3.912492081515226983e-01 3.835573132781714967e-01 3.863858296114518476e-01 3.807507897709680456e-01 3.912107316357129050e-01 3.870828277353981495e-01 3.948471201663866781e-01 3.857225516089699546e-01
1.399018948757147773e-01 9.425587739430460466e-02 3.979902768825948622e-01 1.000000000000000000e+00 3.483159320555823113e-01 3.843093186712288056e-01 5.494132466509195067e-01 5.661714978065113257e-01 5.107840513288336437e-01 4.746631010980494336e-01 5.656840279150420203e-01 6.422943556207270088e-01 5.175560225019072425e-01 3.863643676742957722e-01 5.644489492966605626e-01 5.827486017281074959e-01 4.924577004387545864e-01 4.830014084805946406e-01 5.003725645453014348e-01 5.753953243757572444e-01 6.468816513226417486e-01 5.746450400819449467e-01 5.245306983143329660e-01 5.005741799214205034e-01 4.999042112427015683e-01 6.188184746517906287e-01 6.593021668656864342e-01 6.250355811302054088e-01 5.663133709715791886e-01 5.623585892224348681e-01 6.306970228699879666e-01 6.014970701142017262e-01 5.793584633717507870e-01 5.650770829302821374e-01 5.605491735828068700e-01 6.208092955833031112e-01 6.217322533561970843e-01 5.667850921531560893e-01 5.928857031933741917e-01 6.137573893389096646e-01 5.944833367012775094e-01 6.011435770415953783e-01 5.985391124753076664e-01 5.900500345928643142e-01 6.022847127908602660e-01 5.664578656180272453e-01 5.219775226868638152e-01 5.434939844319737201e-01 5.589085916789843234e-01 5.863041793922819656e-01 5.794280748301161577e-01 6.283093231464468298e-01 5.796421651208958359e-01 5.409311813339837682e-01 5.482320761593961755e-01 5.746509170181044457e-01 5.749990711976901148e-01 5.604524550447681497e-01 5.519558778605614391e-01 5.507890908749414338e-01 5.682023954112549458e-01 5.550728789262157070e-01 5.752018689194520196e-01 5.608050129596441336e-01 5.808651112015950080e-01 5.712865105182572956e-01 5.549487803455797064e-01 5.661057709808163807e-01 5.750586205151957397e-01 6.235127928724805146e-01 5.856629168469001945e-01 5.648821199200431131e-01 5.717842365283364314e-01 5.640473332727549138e-01 5.932248289443874389e-01 5.976411673588684081e-01 5.883889914712662206e-01 5.692900375525868917e-01 5.678915734364223811e-01 5.783046375683844609e-01 5.980863008202814690e-01 5.873420228847072710e-01 6.007526084777636832e-01 5.692820125336405246e-01 5.843529851910291839e-01 5.774295197922978407e-01 5.942163104859354839e-01 5.813650747055115753e-01 5.781958333371742809e-01 5.883647000693147389e-01 6.015302642364527275e-01 5.804941799524111490e-01 5.792849556200928562e-01 5.775173062731768781e-01 5.396889847575497834e-01 5.431507054453800221e-01 5.908326363200976372e-01 5.700722397795222607e-01 5.638912976124149656e-01 5.813316186296001442e-01 5.868234723724973234e-01 5.666659778664602243e-01 5.586668619591497187e-01 5.659655293367953366e-01 5.924772708292969092e-01 5.639808857536052766e-01 5.574918783195248473e-01 5.422215101384854075e-01 5.605764041746932325e-01 5.526696479839661169e-01 5.569259763460030488e-01 5.502197754795762341e-01 5.582773495262146612e-01 5.641331618847371665e-01 5.733098257087323457e-01 5.521484104303023832e-01
3.637101459827899591e-02 5.287364850403625943e-02 2.205696371022086155e-01 3.483159320555823113e-01 1.000000000000000000e+00 3.210737228721267100e-01 4.725654901625930826e-01 4.768587921607512214e-01 4.373661799740325984e-01 3.986808003373155662e-01 4.570081113353720026e-01 5.049150464473189936e-01 4.805695035240902246e-01 3.664122872901317551e-01 4.909801300631440046e-01 5.137585348517954564e-01 3.943760545083075386e-01 3.425803080707100490e-01 3.569883090603704345e-01 3.594227986096408256e-01 4.451964557664542799e-01 4.192188545286731904e-01 3.262582655737191750e-01 3.288437010364698154e-01 3.495579923894678309e-01 4.804160743932537336e-01 4.533187166513581445e-01 4.371986787896441351e-01 4.186324205598090931e-01 4.428648231315615580e-01 4.713327241947628532e-01 4.653705511444634624e-01 4.309041149686733130e-01 4.432669239923648918e-01 4.365302107943388465e-01 4.461164776778800967e-01 4.554635257731446951e-01 5.043784459165783218e-01 4.945597286729545572e-01 4.728715706721372536e-01 5.071460210546439029e-01 5.108299443469916934e-01 5.004176981133778845e-01 5.196604759577055921e-01 4.959528112771082742e-01 5.024608299050704607e-01 4.991289505441707797e-01 4.989147044710997014e-01 5.019463408503945789e-01 5.188691425706339899e-01 5.182251525202701270e-01 4.849043630269126437e-01 5.134321660173941648e-01 4.906049201755570133e-01 4.917000555161594177e-01 4.948744093324515814e-01 4.702970455171324171e-01 5.047526122322916198e-01 4.958019185827187147e-01 5.065741291066665486e-01 5.036718749543057649e-01 4.849127938163106388e-01 4.994568566333945081e-01 5.006744101828503046e-01 4.903757494588428800e-01 4.969087291009481877e-01 5.008879117750593135e-01 4.845821558107248350e-01 4.843932752177618206e-01 5.043895452502127341e-01 4.978169274835256841e-01 4.923402107714013876e-01 4.731984556081128557e-01 4.761490996758719896e-01 5.102538596784985669e-01 5.084294608984323283e-01 4.974055562240263240e-01 4.939331033104865099e-01 4.997985066345365657e-01 4.984551526890885764e-01 4.980631788734390386e-01 5.013432788044355215e-01 4.933386168990552267e-01 4.887715447910384037e-01 5.082557691559780322e-01 4.948374358568884412e-01 5.003231880408861576e-01 5.113240245823422736e-01 5.045307846755111569e-01 4.979797810412671111e-01 4.989878965316687509e-01 5.151708307718543267e-01 5.078496230919596899e-01 5.072177594077771356e-01 5.061961890656740959e-01 5.062685362821874868e-01 5.125071679889712239e-01 5.167367662391332273e-01 5.127192856512126085e-01 5.192782780518868657e-01 5.118345810744098223e-01 5.101922649339818427e-01 5.100829459143959577e-01 5.162508225106771098e-01 5.142445200638923186e-01 4.914188593083644307e-01 5.080019380049858313e-01 5.085758068287402622e-01 5.083810233429902903e-01 5.071020243771967584e-01 4.990560014672084099e-01 5.052977197830571532e-01 4.953745543565816756e-01 5.108552952928282487e-01 5.066273707999896514e-01 5.007262934006121435e-01
6.336133230044900533e-02 1.039217646379800991e-01 2.500128944838112544e-01 3.843093186712288056e-01 3.210737228721267100e-01 1.000000000000000000e+00 5.209520151317476033e-01 4.836174477643594427e-01 5.180477837541270780e-01 4.716978786926802614e-01 5.480372981463998983e-01 5.603388889511431437e-01 5.168493248493022385e-01 4.325229968196521169e-01 5.621320872651132117e-01 5.647828775214095431e-01 4.838832370808749950e-01 4.405261777381683230e-01 4.777250998185598174e-01 3.831686245881166242e-01 5.099206870517214440e-01 5.338160942093531647e-01 4.476273028262648945e-01 4.440914476644287068e-01 4.724540435987269471e-01 5.608005496248140709e-01 5.574419039600783110e-01 5.382169811742723020e-01 5.213907463459310776e-01 5.406053924921009335e-01 5.680660979124816379e-01 5.549354652241621499e-01 5.289716608940013831e-01 5.263890738838092886e-01 5.356504396633938736e-01 5.382276125469303008e-01 5.406465053308577851e-01 5.518004688749563735e-01 5.741701440433543135e-01 5.562024466950515889e-01 5.832019531539690549e-01 5.794137718714796881e-01 5.692526045208072816e-01 5.858081760019056006e-01 5.845358618914361370e-01 5.645434893509210239e-01 5.617041416201001836e-01 5.717706400143696133e-01 5.767680067529035171e-01 5.567875494149779891e-01 5.709745214501655841e-01 5.559281991997560013e-01 5.757469417443604742e-01 5.629618299933215608e-01 5.627973477768358768e-01 5.662137832756974909e-01 5.597901634685183980e-01 5.806076167626698092e-01 5.706383802107873882e-01 5.806535095670540825e-01 5.823889690951490339e-01 5.756033961891866557e-01 5.717346525775636179e-01 5.719345901569662383e-01 5.738570606363445625e-01 5.713345483695503324e-01 5.800631768361715901e-01 5.821503068646398660e-01 5.738374185830652507e-01 5.802752142178462247e-01 5.870424187788770842e-01 5.854554267395722933e-01 5.668824833759796844e-01 5.749093175554313984e-01 5.925558065752948300e-01 5.913665262328651195e-01 5.829697542816777434e-01 5.814970795138411086e-01 5.805491724354862049e-01 5.793975378016573696e-01 5.813286547423819339e-01 5.822883277381629696e-01 5.849301005686692312e-01 5.702150619520254260e-01 5.704875563942322092e-01 5.742518257987199171e-01 5.818453372344329910e-01 5.821739221410358045e-01 5.820806607662475374e-01 5.804170132213395394e-01 5.793761228766455273e-01 5.864250890580768871e-01 5.870182631064333467e-01 5.856246040047639045e-01 5.780775555396538978e-01 5.791559113051026886e-01 5.817550228121385336e-01 5.774715982230465006e-01 5.855790809740705205e-01 5.865396252094783325e-01 5.862526476011680199e-01 5.813700395020777734e-01 5.790695486742069020e-01 5.859466502672444621e-01 5.835522394616132758e-01 5.786812012307592790e-01 5.819973908241150573e-01 5.782701421577246537e-01 5.820685950490168681e-01 5.823696114809113755e-01 5.805651895617496283e-01 5.804959110269271028e-01 5.809168706546764538e-01 5.818172585931786767e-01 5.809927912408696660e-01 5.759915169998839346e-01
6.182190380808937763e-02 1.627863922916787387e-01 3.530952228567741935e-01 5.494132466509195067e-01 4.725654901625930826e-01 5.209520151317476033e-01 1.000000000000000000e+00 7.095597000646437502e-01 7.278183427001519989e-01 6.649872106567430441e-01 7.580954559435734152e-01 7.987895339644331960e-01 7.282486925485774920e-01 6.000316394474237702e-01 8.384087139404701183e-01 8.150134190916427102e-01 6.840940541561129074e-01 6.025659200275723659e-01 6.353457849255331746e-01 6.319127503882596697e-01 7.088477762721973052e-01 7.031409507403962866e-01 6.281876562146800902e-01 6.155726087233328592e-01 6.233019157973584967e-01 7.830466062891280332e-01 7.659316083710933087e-01 7.764966717774424154e-01 7.260598938952944614e-01 7.746402252677746514e-01 8.182854387808490282e-01 7.988510707718325943e-01 7.619701068489596052e-01 7.588417684755766057e-01 7.737816116932010324e-01 7.493883838753969684e-01 7.791137852609334447e-01 8.222748060940631154e-01 8.205332939847049811e-01 8.137581406497432779e-01 8.328381742211345973e-01 8.360389927340903249e-01 8.147451965060262813e-01 8.309100554412192086e-01 8.204335276082991291e-01 8.273499020611894128e-01 8.151373018416582239e-01 8.176688004531142973e-01 8.225427018931591450e-01 7.922974169185420523e-01 8.285946605245078089e-01 7.670756306752960496e-01 8.063543449624067661e-01 8.055311070386713679e-01 7.950855983096563051e-01 8.172826751889809005e-01 7.741330177415218783e-01 8.111614617709231867e-01 8.127661850312170033e-01 8.101629072315226221e-01 8.210647478954842260e-01 7.948208689763803791e-01 8.071020544009793740e-01 8.109880577485286679e-01 8.002822588767327661e-01 7.933327256963507157e-01 8.225420577728813631e-01 8.056030156880441551e-01 8.171320190978899056e-01 8.373344996747890123e-01 8.144059944724945099e-01 8.126117381335054013e-01 8.013840292010599997e-01 7.969861108911254766e-01 8.308200491488390016e-01 8.288514978496959174e-01 8.280519115262271468e-01 8.117922904954569807e-01 8.297301538520169828e-01 8.252769489440142658e-01 8.278451455818734983e-01 8.354374663468683293e-01 8.308128365909301927e-01 8.241149603229076526e-01 8.205032667858767059e-01 8.205301719662893012e-01 8.256986587859560522e-01 8.387770706639582352e-01 8.326496970175322199e-01 8.316166378084342004e-01 8.368295409739351376e-01 8.375053668284380137e-01 8.296591803947629407e-01 8.355179414828506346e-01 8.199388324998896360e-01 8.206272348281179463e-01 8.153079073239052343e-01 8.066880376008258580e-01 8.212436178196250713e-01 8.296448353927597941e-01 8.297315163421806750e-01 8.192526280142675699e-01 8.173904137887955113e-01 8.263698874511286041e-01 8.207144643472504830e-01 8.012627231133021555e-01 8.211362409649698435e-01 8.238286939579796408e-01 8.240796707801336662e-01 8.204665410127518488e-01 8.227005586052366093e-01 8.177625249080280323e-01 8.157259530059863817e-01 8.210894181198030717e-01 8.166518933693156512e-01 8.085449155417342437e-01
7.238656098657945959e-02 1.288615671321351464e-01 3.294057313490404426e-01 5.661714978065113257e-01 4.768587921607512214e-01 4.836174477643594427e-01 7.095597000646437502e-01 1.000000000000000000e+00 6.876300388325978785e-01 6.113420828539802843e-01 7.196201864129871950e-01 7.707759670749799730e-01 7.007211371879380479e-01 5.565993473729828889e-01 7.682576330577406409e-01 8.028271451205631903e-01 6.430623603300249513e-01 5.674346514690790100e-01 6.047671043057945006e-01 5.886245285766390500e-01 7.031490374297280077e-01 6.873554412282010251e-01 5.828394102801526255e-01 5.719136242174324147e-01 5.909847601443973808e-01 7.492999947026380836e-01 7.384217767831916523e-01 7.197269657182164826e-01 6.876234933190140675e-01 7.173058450181102330e-01 7.642676102146050976e-01 7.430705745516731353e-01 7.164014725921088456e-01 7.131873790488041376e-01 7.209330977140335772e-01 7.239190151386203365e-01 7.425928246397665022e-01 7.754276135468740616e-01 7.732338550671028488e-01 7.614499924143821596e-01 7.827725215272249848e-01 7.893209471109134956e-01 7.738998204592764107e-01 7.894325465127383090e-01 7.714262303292607204e-01 7.747872554894896791e-01 7.511455186560543895e-01 7.594051224083288032e-01 7.695193764030617833e-01 7.648658635334227851e-01 7.958486809449670796e-01 7.453666136680633381e-01 7.632075637834679904e-01 7.458264718601617105e-01 7.496077791755262343e-01 7.679116627679057894e-01 7.424330012925316469e-01 7.728027309843168435e-01 7.685113059814268066e-01 7.596423266107876771e-01 7.740759956679016396e-01 7.518643428986583332e-01 7.687405634103204877e-01 7.682129652868815439e-01 7.621301401320641489e-01 7.547491893468538660e-01 7.670743049780215372e-01 7.526257817446210252e-01 7.595219768690413265e-01 7.862945745125099473e-01 7.693530748042766154e-01 7.617754362357717079e-01 7.428487725132660868e-01 7.437068024681959821e-01 7.831085238918890079e-01 7.794887963390277896e-01 7.721279027688153773e-01 7.613286272840833480e-01 7.670631837125974073e-01 7.717739502334617363e-01 7.772602955148113502e-01 7.789099346505431454e-01 7.726439452279725284e-01 7.657675687284888344e-01 7.721246642981790531e-01 7.655625464083469778e-01 7.718509716492174544e-01 7.822723596994888284e-01 7.732019761543460490e-01 7.719015435070395448e-01 7.761346308039814845e-01 7.840333636979363030e-01 7.738130972573585842e-01 7.774911393102360568e-01 7.619657423341529290e-01 7.615080766718146377e-01 7.737649308004965754e-01 7.693905101643676581e-01 7.763416242754351826e-01 7.861527477105108019e-01 7.821194092888026361e-01 7.774402037160745849e-01 7.649554600910093427e-01 7.776382067382363594e-01 7.780269060354528809e-01 7.591331599307298283e-01 7.674058972300552561e-01 7.653394199310052937e-01 7.723985554596950465e-01 7.694344837809300452e-01 7.686996601936397777e-01 7.647540607359157860e-01 7.638503268093713716e-01 7.744494790213043434e-01 7.743754531800191021e-01 7.581370045754067810e-01
1.762402922386412663e-01 1.761673571935357119e-01 3.586515461091678847e-01 5.107840513288336437e-01 4.373661799740325984e-01 5.180477837541270780e-01 7.278183427001519989e-01 6.876300388325978785e-01 1.000000000000000000e+00 7.321367815545101188e-01 8.105694776217581277e-01 8.154099869907877052e-01 7.433671607290174288e-01 6.172963103065668422e-01 8.293040045562475315e-01 8.238820983994340486e-01 7.707090604649371457e-01 6.706401941794850607e-01 7.077172249254894965e-01 5.369831826603137515e-01 7.304251100531145013e-01 7.673442559009432395e-01 6.781959677266569120e-01 6.649210548254667064e-01 6.771057233186663638e-01 8.158237663715517396e-01 7.853807824141565419e-01 7.677737166281916048e-01 7.687057048573404661e-01 8.381577329232483553e-01 8.363615409055504823e-01 8.400159975457651695e-01 8.022235769818271134e-01 8.001960142381602248e-01 8.260805766566285957e-01 7.680976083654332820e-01 8.121073950069985781e-01 8.396235069564063069e-01 8.533071958253984901e-01 7.877817277912734228e-01 8.493572878359841871e-01 8.315486073790260280e-01 8.006556867700054259e-01 8.541498293723404078e-01 8.364320994789551378e-01 8.506164156720235070e-01 8.467730577680783188e-01 8.725863118600191148e-01 8.646096581602609188e-01 8.121000820245766194e-01 8.433163889034130944e-01 8.025300712533621761e-01 8.409019102611274832e-01 8.731875745672337263e-01 8.589691009831016411e-01 8.567572156155024432e-01 8.500924876203493907e-01 8.526655596131120785e-01 8.609570891935033332e-01 8.754239952507671951e-01 8.589744845238167503e-01 8.605601367008137714e-01 8.649954108198874003e-01 8.721244132505662217e-01 8.643141186667050446e-01 8.623674854743109686e-01 8.715877875523887486e-01 8.639847069781761979e-01 8.647294925867556881e-01 8.557686841495077967e-01 8.635408942774532859e-01 8.635485078676129467e-01 8.474744681126712420e-01 8.476588738015020663e-01 8.666816192467298174e-01 8.601760252186172462e-01 8.518568779034317862e-01 8.604083243049136520e-01 8.611396911582551716e-01 8.763772814951171775e-01 8.701299883538511359e-01 8.688117563854913517e-01 8.602434729181551720e-01 8.676360710035464496e-01 8.430960659934512158e-01 8.595828211037345179e-01 8.474847066841483256e-01 8.530378578688837532e-01 8.628878576941625411e-01 8.420389224561665165e-01 8.408374418692374785e-01 8.550917892130119879e-01 8.553241920529955911e-01 8.614011615081261786e-01 8.602476142488335586e-01 8.647822572284082909e-01 8.250767453062017864e-01 8.590670437604724929e-01 8.585803793551085583e-01 8.470407339769459032e-01 8.424730769189944235e-01 8.616465627407402517e-01 8.549718204551872702e-01 8.595004764122340379e-01 8.543537937350749178e-01 8.581859318732611985e-01 8.669536180432599881e-01 8.693667315837433351e-01 8.643881399941155674e-01 8.617184152835929423e-01 8.521177698161854774e-01 8.716438940989057471e-01 8.643513350989481259e-01 8.669048474584631903e-01 8.698572834011655264e-01 8.682880534958928864e-01
1.345505832018340231e-01 2.081578892785860002e-01 3.486576105107209167e-01 4.746631010980494336e-01 3.986808003373155662e-01 4.716978786926802614e-01 6.649872106567430441e-01 6.113420828539802843e-01 7.321367815545101188e-01 1.000000000000000000e+00 7.068391015564861046e-01 7.345911252959738125e-01 6.813267472246790080e-01 5.718793358361691226e-01 7.459468827292091708e-01 7.426707591543618703e-01 6.580307827035799528e-01 5.794143902719509631e-01 6.291611294180031733e-01 4.791212564283449105e-01 6.623816302579540460e-01 6.926651150613961638e-01 6.057985636318394818e-01 5.861473007287678616e-01 6.120647478230076821e-01 7.321344500870962113e-01 7.186148017032724100e-01 7.068743615177278672e-01 6.964144805249028458e-01 7.468285460406225429e-01 7.562468864334809249e-01 7.473263329877537497e-01 7.212505088677599874e-01 7.096840409822042783e-01 7.329930319418546114e-01 6.973154694713691315e-01 7.335101732044968514e-01 7.514504736167824106e-01 7.662651556448545342e-01 7.278561637377995996e-01 7.709865548741222652e-01 7.563934528400277912e-01 7.259914180562260233e-01 7.672416814037813504e-01 7.629631933926845910e-01 7.626430297608896014e-01 7.641578108834136129e-01 7.822330077648571578e-01 7.739765736426013065e-01 7.249630567140810111e-01 7.532446801003048753e-01 7.218828376007421221e-01 7.612163307622489272e-01 7.834049022055902256e-01 7.747053798621895693e-01 7.774417341193433639e-01 7.522717598083489277e-01 7.670445319987154731e-01 7.713766007766540422e-01 7.768020777514871300e-01 7.688345058522824127e-01 7.685760544282487228e-01 7.709539271306040664e-01 7.693588678434389871e-01 7.636635250607894942e-01 7.715797756977472721e-01 7.796632356708258493e-01 7.736371024571776500e-01 7.731938818350585496e-01 7.699601660978059314e-01 7.784654933984941350e-01 7.762186703344750027e-01 7.583002467772675947e-01 7.651777433068644996e-01 7.802821028671249604e-01 7.764242469506851263e-01 7.743750365394866941e-01 7.772429000329544868e-01 7.765600836992974099e-01 7.853814845748647855e-01 7.824214491678591621e-01 7.810740280763157628e-01 7.816881109157403085e-01 7.793572756590204653e-01 7.641474650304423966e-01 7.730503520511102789e-01 7.719100776520871898e-01 7.743207006180946594e-01 7.779369535388798163e-01 7.714384736110526664e-01 7.695012002611291146e-01 7.737224437032278468e-01 7.750784430478158127e-01 7.777932413149175606e-01 7.740767412745079845e-01 7.799665963206842134e-01 7.482554457814337701e-01 7.661608951338277906e-01 7.689791672131214284e-01 7.651045384989149101e-01 7.613326393507355849e-01 7.745589337372748018e-01 7.689484810637530199e-01 7.740211264432256266e-01 7.719335065814867392e-01 7.699989414879689908e-01 7.790923573013126546e-01 7.819170836595449314e-01 7.830378420601891154e-01 7.779714836010848122e-01 7.748260895286006589e-01 7.797955457529708312e-01 7.793717825180216385e-01 7.746233021081392334e-01 7.768822349666694160e-01 7.790257178624446777e-01
7.198053765954129379e-02 1.543660244522017111e-01 3.896691541732408837e-01 5.656840279150420203e-01 4.570081113353720026e-01 5.480372981463998983e-01 7.580954559435734152e-01 7.196201864129871950e-01 8.105694776217581277e-01 7.068391015564861046e-01 1.000000000000000000e+00 8.691444904294965967e-01 7.812858751332029117e-01 6.522079221325638443e-01 8.623604773435452620e-01 8.514420330084909727e-01 7.409673187416129236e-01 6.890491149521642544e-01 7.299418907378357746e-01 5.798523622400502120e-01 7.625495870629458439e-01 7.973835388822850812e-01 7.089991417575505217e-01 6.949638865788587694e-01 7.218379737228346471e-01 8.459707888792014074e-01 8.297027007036291701e-01 8.163630229074836375e-01 7.965119108440670281e-01 8.564268658888407604e-01 8.828024145260334743e-01 8.563898171533568249e-01 8.327312904703101371e-01 8.216905805458416534e-01 8.448690930520854625e-01 8.238173370944825713e-01 8.520665527991522215e-01 8.624298627620470281e-01 8.859301484101671509e-01 8.504036279630237116e-01 8.897328187588443571e-01 8.813881673748877876e-01 8.544728905666268970e-01 8.877086022327385084e-01 8.898284478181268664e-01 8.791937210911755507e-01 8.808589768316809065e-01 8.935600042787282815e-01 8.862758857086693309e-01 8.373330339494556851e-01 8.655696402799648581e-01 8.450753932208610042e-01 8.775947393092179416e-01 8.862362442564888365e-01 8.839453430191827055e-01 8.843264084842655803e-01 8.626369655970251848e-01 8.905439253560489821e-01 8.830988261094752101e-01 8.897175125840134369e-01 8.898641682286313470e-01 8.846236617032555705e-01 8.887972459507382794e-01 8.782438379614129209e-01 8.785061086913317219e-01 8.823802966339923115e-01 8.966816499402204821e-01 8.955533568825960744e-01 8.943022306503497498e-01 8.910609388021062394e-01 8.960204341417705720e-01 8.985454026357033719e-01 8.823716795871908714e-01 8.867115989658649333e-01 9.057929860021511903e-01 9.001137058466310847e-01 8.934991856132390442e-01 8.923743891696257480e-01 8.982379794381241123e-01 9.043986771163167182e-01 9.021720405003446075e-01 9.053833642990744002e-01 9.013229825576417609e-01 8.950992958955895640e-01 8.879666284071766613e-01 8.953556122754693369e-01 8.958527557182468515e-01 8.998922528361795736e-01 9.021128572993316608e-01 8.952614095223140334e-01 8.957388932090647460e-01 8.985719911637489732e-01 9.019596828143112699e-01 9.026736532009903557e-01 8.943289679978968509e-01 8.961859066174935329e-01 8.864449028858123469e-01 8.767031007307467538e-01 8.943074118768981062e-01 8.933945715381500507e-01 8.960448099047315651e-01 8.911966362688317211e-01 8.922867716860044540e-01 8.983848387642184852e-01 8.932809990428892677e-01 8.852907480199622148e-01 8.946602691687606246e-01 8.959701545558187430e-01 9.013704051464583866e-01 8.963695674040217387e-01 8.947606019959103429e-01 8.951797618226743358e-01 8.964415790445643406e-01 8.914112980495486616e-01 8.937691211152934967e-01 8.900295140684603146e-01
7.119147274447104601e-02 1.343479670200432852e-01 4.036476518386701295e-01 6.422943556207270088e-01 5.049150464473189936e-01 5.603388889511431437e-01 7.987895339644331960e-01 7.707759670749799730e-01 8.154099869907877052e-01 7.345911252959738125e-01 8.691444904294965967e-01 1.000000000000000000e+00 8.151625871698281456e-01 6.718311887836445617e-01 8.975741090204996109e-01 8.992878587276643687e-01 7.732357400565609273e-01 6.740630815851353930e-01 7.190217966329788268e-01 6.430515502273325135e-01 8.109637486341173540e-01 8.138105797792724028e-01 6.933629118600698193e-01 6.830361884665074879e-01 7.078216833372620309e-01 8.664656464064505181e-01 8.637150216439472006e-01 8.427865211452297833e-01 8.030667240879095781e-01 8.481127593161001954e-01 9.051468478580314558e-01 8.719149689076964860e-01 8.338507001191822754e-01 8.348714422047988082e-01 8.488821205638501510e-01 8.588359361579800400e-01 8.803708621342200003e-01 8.933066160113061205e-01 9.093384019877809310e-01 8.839967167695668149e-01 9.217009525327970465e-01 9.143611700576617096e-01 8.992650389300039793e-01 9.269213671556111311e-01 9.211448120811933649e-01 9.100024430195737812e-01 9.078072806044594767e-01 9.179211858359798137e-01 9.190318231462861753e-01 8.879624436431369228e-01 9.112323862605568037e-01 8.954835524303413896e-01 9.163959909350595234e-01 9.071405229049477326e-01 9.035543415955445967e-01 9.086950626843678380e-01 8.919041512163958796e-01 9.195413996673494905e-01 9.121681495339871715e-01 9.186270416429712649e-01 9.234504245233470243e-01 9.089799936395426272e-01 9.189113051169194302e-01 9.133777893751194865e-01 9.144623328572711873e-01 9.166059901920468045e-01 9.222780117869092686e-01 9.091788264797400210e-01 9.106596080644497881e-01 9.308494815091605812e-01 9.220640503321861914e-01 9.156268977773839302e-01 8.959778895406249610e-01 8.971826136147507125e-01 9.316059992196765727e-01 9.306577970687514023e-01 9.206550418738248531e-01 9.101009540711166856e-01 9.161544539494237416e-01 9.226909138369868701e-01 9.287830015862655886e-01 9.308650414522309235e-01 9.256237476235857908e-01 9.142035712883522791e-01 9.166688107206375502e-01 9.158156836624924413e-01 9.268921534417691177e-01 9.257839690986602310e-01 9.269002245129585038e-01 9.215745487769675393e-01 9.229190517362385604e-01 9.302321984699066793e-01 9.293234030999975026e-01 9.297783733224354030e-01 9.194227794039281365e-01 9.209400602197505004e-01 9.116503578694988841e-01 9.137966600463481859e-01 9.230941008585175078e-01 9.248087887220904912e-01 9.279148552883454970e-01 9.219996570091262278e-01 9.235315558779675360e-01 9.282207043142698399e-01 9.304393534745240002e-01 9.116636511290889811e-01 9.214167307729008716e-01 9.211595008576289878e-01 9.256358114416645133e-01 9.235085889413374716e-01 9.206451091182097368e-01 9.221956252003356003e-01 9.208237411027029307e-01 9.217907600394811274e-01 9.279469395381544361e-01 9.191235856728807718e-01
2.666287665797065567e-02 1.319238921324644431e-01 3.331657468495934360e-01 5.175560225019072425e-01 4.805695035240902246e-01 5.168493248493022385e-01 7.282486925485774920e-01 7.007211371879380479e-01 7.433671607290174288e-01 6.813267472246790080e-01 7.812858751332029117e-01 8.151625871698281456e-01 1.000000000000000000e+00 6.329588574733292505e-01 8.318892992283390964e-01 8.273695532532368002e-01 6.879803185725436032e-01 5.914102998537393852e-01 6.397454962429036662e-01 5.607827716461175616e-01 7.135319247143407928e-01 7.229342285709410287e-01 5.945333125901404170e-01 5.982253922923673750e-01 6.352670177492742987e-01 7.927612287499469224e-01 7.716374354646790001e-01 7.552577712185413183e-01 7.195454648065823244e-01 7.678525314595672224e-01 8.063926109909240747e-01 7.833214610095904362e-01 7.455114227202300770e-01 7.521175775722284129e-01 7.606340628985540642e-01 7.697002880041274864e-01 7.813595707192513284e-01 8.185578572219587290e-01 8.296796008231359654e-01 7.973070773606411032e-01 8.500851888758866881e-01 8.465097845542217669e-01 8.261731000185276175e-01 8.523667189396898491e-01 8.456680582495313958e-01 8.343354799052372650e-01 8.496911849931880756e-01 8.510042492107887657e-01 8.554163108523621384e-01 8.181578076525091170e-01 8.423141533841594919e-01 8.098335237687921406e-01 8.451128332337161098e-01 8.339060560848278181e-01 8.202547859805743302e-01 8.297967742193386176e-01 8.032676551887065752e-01 8.505476229135702226e-01 8.341781891217661116e-01 8.505498109005794616e-01 8.559045867809469410e-01 8.308481060269609086e-01 8.322486773991540909e-01 8.416688576176486469e-01 8.334038487163489828e-01 8.371106729494779408e-01 8.538663250663253157e-01 8.343490488489574419e-01 8.316497216072916698e-01 8.484838595305939091e-01 8.473654712783450504e-01 8.464076219889767883e-01 8.155427606761734838e-01 8.250694613643341224e-01 8.623323966262863571e-01 8.563802742592880879e-01 8.473055139031812066e-01 8.396722970674546094e-01 8.482638403221641754e-01 8.477808530369488338e-01 8.501780956215851948e-01 8.553412955948286323e-01 8.465220728690308061e-01 8.368045519635054497e-01 8.444700916090251974e-01 8.422537277374184672e-01 8.526245472702208561e-01 8.564915387034937044e-01 8.543487939242543350e-01 8.498309707918205724e-01 8.485733444487834065e-01 8.635325815443722908e-01 8.613814020617088785e-01 8.600836209769132656e-01 8.589672555151858235e-01 8.579753866726038680e-01 8.452260755803627790e-01 8.486298342374523074e-01 8.611645924269987207e-01 8.605807606967565970e-01 8.619244826998541109e-01 8.528783506953345750e-01 8.609040910074049480e-01 8.638850786168175144e-01 8.598691800566263810e-01 8.380043087175585992e-01 8.578329365611665480e-01 8.581794169792301696e-01 8.581292001715263851e-01 8.578850959606426629e-01 8.524613176892396060e-01 8.566097609957552539e-01 8.500054404450742007e-01 8.577988701676257932e-01 8.554488434475241432e-01 8.510699851568298557e-01
