1.000000000000000000e+00 1.918439453162363861e-01 3.030924085556375158e-01 6.723689574239730127e-02 8.627624173710668476e-02 4.371397063763716312e-02 8.716321095284440545e-02 1.315119717602596938e-01 1.986208981397632745e-01 1.369284817430879708e-01 1.028490713550300056e-01 2.219137134168246497e-02 2.435278074438802700e-03 3.020452227285767496e-02 1.194205568334932681e-02 6.768291881620033812e-02 1.679115443811709518e-01 4.196973086106798312e-01 3.438467011816656038e-01 1.869256219039158728e-01 3.724188608029242453e-01 3.457143898482712974e-01 3.119709285315258596e-01 3.223586891352162032e-01 3.273888415688015474e-01 2.338882135282188690e-01 2.501606067216923246e-01 2.803674455597188198e-01 3.591791348454401733e-01 3.229254780713675665e-01 2.887484865285759317e-01 1.843302710630997376e-01 2.232228857282126111e-01 1.782989230661643776e-01 2.729541158712470716e-01 2.391699831653340269e-01 2.032419665305540135e-01 1.278742862015084525e-01 1.738524143832397839e-01 7.252520327136004197e-02 9.013268390755360682e-02 9.562103881709446696e-02 7.248272743418925079e-02 1.233194538538146395e-01 1.476451685342113074e-01 1.309253754016194704e-01 2.546476353380338221e-03 5.412850167516847222e-02 3.221707177045587261e-02 5.748615896520996305e-02 7.037966739420410678e-02 2.751320529119689537e-02 6.559785189028115304e-02 8.555959769746068755e-02 7.394000658528111780e-02 1.040942679510053065e-01 6.854897571853134364e-02 5.933979203294857674e-02 7.638920924065745188e-02 7.788152017435780172e-02 5.450765414409749349e-02 7.401332922650200041e-02 5.636155006156295943e-02 5.574875361479114666e-02 1.050973041482668041e-01 7.662363956013955313e-02 6.506396468213258844e-02 1.460038968351821398e-01 1.479329248974803335e-01 1.582447716338604982e-01 1.445792215791657509e-01 1.251168844155899906e-01 1.624685390533611995e-01 1.651557859015157226e-01 9.821346622716188579e-02 1.076034015391366949e-01 1.149403957956586231e-01 1.872095986435045878e-01 1.340283323791444381e-01 1.463154729880388472e-01 1.351768795962197678e-01 1.208498744787125101e-01 1.192033226837729554e-01 1.405666362879648135e-01 8.577749588827633664e-02 1.072355362406336166e-01 1.123901901665469577e-01 4.549451947686998510e-02 7.956846699220954111e-02 9.642454754134054118e-02 9.254037996547238853e-02 4.013620971570395352e-02 4.921214661680111541e-02 6.757352749864253827e-02 1.209693634643215117e-02 4.179821401438582607e-02 2.329998268096134320e-02 6.009017956332875915e-02 2.883800472015643143e-02 3.400791555024704899e-02 1.976796336954716321e-02 3.814689670133495497e-02 3.122876166579178700e-02 3.943822162172450768e-02 5.306473406354994538e-02 5.558802625201501174e-02 3.690285927468042737e-02 5.692068764491695770e-02 6.548692908817478620e-02 4.047230679718889779e-02 3.927964123138923125e-02 3.975297218587554166e-02 3.035759708480269270e-02 5.048582240039436314e-02 5.780906932177157231e-02 5.124933520667088183e-02
1.918439453162363861e-01 1.000000000000000000e+00 6.374430747886505877e-02 7.186848702390296988e-03 9.149379277073285688e-02 7.865871051705136674e-02 1.272924532876332782e-01 1.249039684419909896e-01 2.036807099688450196e-01 2.196589648564455099e-01 1.269681854526523435e-01 1.078253592598077404e-01 1.133833393941374029e-01 1.288862617274358358e-01 1.468386480194855404e-01 1.568900420002349583e-01 1.836455883066030470e-01 2.649095352788963798e-01 2.362785665989804718e-01 7.029973653079227280e-02 1.504409904978099843e-01 1.834935346997998429e-01 2.354852924477664200e-01 2.286954484793221887e-01 2.177534925659193044e-01 1.930528922219577337e-01 1.907496603098534915e-01 2.094578798378122220e-01 2.606270921194052126e-01 2.125020247012205377e-01 2.275305773306217083e-01 2.145184010865575364e-01 1.988404036885649817e-01 1.979730683136417813e-01 2.066648053673826868e-01 1.929000219015249151e-01 1.914057157132480758e-01 1.839751341150776265e-01 1.924932588849875281e-01 1.189837103038159510e-01 1.677597278698839400e-01 1.579328682584587029e-01 1.302541185353008335e-01 1.613920825662519820e-01 1.795431192639976858e-01 1.805631147097772615e-01 1.594037119457598628e-01 1.724258316557348569e-01 1.486894167006422296e-01 1.511388909107965750e-01 1.616119241973113796e-01 7.948727700690380593e-02 1.356386011360264932e-01 1.910588426666318951e-01 1.852439728905848904e-01 1.846489231327111957e-01 1.566446099061059583e-01 1.625362422866951095e-01 1.811012837494920535e-01 1.646312430833370422e-01 1.486046015845007839e-01 1.743030784183962900e-01 1.592340908490653684e-01 1.631880801486143562e-01 1.766575951620305840e-01 1.659744647482941649e-01 1.726309869163490107e-01 2.101407548661097802e-01 2.080294129266260228e-01 1.698175004929426690e-01 1.730979172912226471e-01 1.846961547740832987e-01 2.056885559560187315e-01 1.985789854053820191e-01 1.747242524881239267e-01 1.735835045796642606e-01 1.871959392468379169e-01 2.151265418962086950e-01 1.909958771315550252e-01 2.042368578705879567e-01 1.993693475664300441e-01 1.986539117412444988e-01 1.886232436505017873e-01 1.953854594821890223e-01 1.719964968391078097e-01 1.900413965969242613e-01 1.799586587287537176e-01 1.672782470520311204e-01 1.832070431545592126e-01 1.776021825216312355e-01 1.654888762054003426e-01 1.580806456972631557e-01 1.605367598700116194e-01 1.622012377509969017e-01 1.584106010577183143e-01 1.629696329122669041e-01 1.262188353226482429e-01 1.507017957568323463e-01 1.482521462332741791e-01 1.516412230896150293e-01 1.413662716863220703e-01 1.483108413417073279e-01 1.417651699501701612e-01 1.516055062028684730e-01 1.496454623708202425e-01 1.563033637909037876e-01 1.558473573428348635e-01 1.762366289438226929e-01 1.720169668423662812e-01 1.617732850592463190e-01 1.600535040937437758e-01 1.611887860177464160e-01 1.590386137273128442e-01 1.649785448911924024e-01 1.671682492119197783e-01 1.590536641140301577e-01
3.030924085556375158e-01 6.374430747886505877e-02 1.000000000000000000e+00 4.597604141564771152e-01 2.646767925726263848e-01 2.919342728126282926e-01 4.445165072712934928e-01 4.130970635308870986e-01 3.579009564803403709e-01 3.167994910019540922e-01 4.295121622494909031e-01 4.147703159734827394e-01 3.140228801107871059e-01 3.391877547987234287e-01 3.696164746915062693e-01 3.987748076682973708e-01 3.963199462688931640e-01 4.456270172705040222e-01 4.922614262365435089e-01 4.664408367318614856e-01 5.783638205380380315e-01 5.752287522963218658e-01 4.732253550316631863e-01 4.809467078475581081e-01 5.171726590059021467e-01 5.134214324015152764e-01 5.251763476494385463e-01 5.034873955300092074e-01 4.385473811127485466e-01 5.017334223348837163e-01 4.842340230130086631e-01 4.443189069819073467e-01 4.787057280624520406e-01 4.521680266629534151e-01 4.854471186515310066e-01 4.881304146557945423e-01 4.633767435584755234e-01 4.263863293679829303e-01 4.474888114912662362e-01 4.742444695281963218e-01 4.190365608183643786e-01 4.333795861814389028e-01 4.433137371292260598e-01 4.524651095013723090e-01 4.452120771702067770e-01 4.345577511429803419e-01 3.286477911575838573e-01 3.638140738143078035e-01 3.753541943341611176e-01 3.954534594996930719e-01 4.031841202012415026e-01 4.266177915726085401e-01 4.106597361842184712e-01 3.646083698307220899e-01 3.689340369428799060e-01 4.138742106319525660e-01 3.734308744628619947e-01 3.804821998312071241e-01 3.801006549732495188e-01 3.726786262073470968e-01 3.885750269343166141e-01 3.641931162042719716e-01 3.822413121325159424e-01 3.582667736651829471e-01 3.811778080391022838e-01 3.724126505255556108e-01 3.670217006301980112e-01 4.087068786286877642e-01 4.220043579276960277e-01 4.680503894650980823e-01 4.597009538784076477e-01 4.193369591337605673e-01 4.355025687462311668e-01 4.420220908229817169e-01 4.169905936391180012e-01 4.253367507960215121e-01 4.101396612290954535e-01 4.145256020237617078e-01 4.247559182621100105e-01 4.109701375867363948e-01 4.153999747636694662e-01 4.001390864325248820e-01 4.066467753522206574e-01 4.164735751413312093e-01 4.076794138183907901e-01 3.972681168919318107e-01 4.111729949508741710e-01 3.779660869719950744e-01 3.830035335498257476e-01 4.131656495050964883e-01 4.305427145507966791e-01 3.802515091954229987e-01 3.837602516051025758e-01 3.988142273010515382e-01 3.418811980904318260e-01 3.593872277640082769e-01 3.865498794857408771e-01 3.602626290829955558e-01 3.625619303259555171e-01 3.779908847090374668e-01 3.804719620782539558e-01 3.725637656675525045e-01 3.751832018474705044e-01 3.758860782960322666e-01 3.869152005626254054e-01 3.561842303733738779e-01 3.595909040154920411e-01 3.659390230860649629e-01 3.790864549858591892e-01 3.586740473540611096e-01 3.726007788182110758e-01 3.481737075729355313e-01 3.493450531723040764e-01 3.532263131025604741e-01 3.625288183836318789e-01 3.563507935297617890e-01
6.723689574239730127e-02 7.186848702390296988e-03 4.597604141564771152e-01 1.000000000000000000e+00 3.536890158703814846e-01 4.127423069343975071e-01 6.402678344247360043e-01 6.096202034537712144e-01 4.582085270604689398e-01 4.040872966269000166e-01 5.814059422968139712e-01 6.635693204946369050e-01 4.833186938986963610e-01 4.854093432659808416e-01 5.774400923734569480e-01 5.693073757375352040e-01 4.864688689330086691e-01 3.097962210526993831e-01 4.547145806063445095e-01 5.418127627787511225e-01 5.600644204612773569e-01 5.503817007736159228e-01 4.614026067810844123e-01 4.569946690401141542e-01 5.055150258181785317e-01 5.944030305557534977e-01 5.751241853204630550e-01 5.408795264410031223e-01 3.746585416629900078e-01 5.019019430033523355e-01 5.000753332301023368e-01 5.144980645637534655e-01 5.360826423255038442e-01 5.388200700506841079e-01 5.011601507761161978e-01 5.585579485915245224e-01 5.414184239210479976e-01 5.206890715150288562e-01 5.415556295883765525e-01 6.339287098932417930e-01 5.548651223879045302e-01 5.588940942842431925e-01 6.204964780284425441e-01 5.795596435996773765e-01 5.502503151229806155e-01 5.386731342359775132e-01 4.846231745051321482e-01 5.030987192320257595e-01 5.404161000739556853e-01 5.445426853105781451e-01 5.395121222429544172e-01 6.558399922124534820e-01 5.780675376253154862e-01 4.812875539824523763e-01 4.914688384291668322e-01 5.246341167869785771e-01 5.183772666735113610e-01 5.100846921116731769e-01 4.831053150260130047e-01 5.119593723531210561e-01 5.453117249694017232e-01 4.889775949381607867e-01 5.274045976604555541e-01 5.161291423889072805e-01 4.901825336444373682e-01 5.076950033332747747e-01 4.935953045921219751e-01 4.754177924900998553e-01 5.154948205177247722e-01 5.589953607554090098e-01 5.532581090965615900e-01 5.094838496222251489e-01 5.138128771300359832e-01 5.135214129615924827e-01 5.391467136643309788e-01 5.374759033671402397e-01 5.217105274905889933e-01 4.757990121888538981e-01 5.191254182872407918e-01 4.941388840023513418e-01 5.066574972703843383e-01 4.991946958281568980e-01 5.149002866093109754e-01 5.077257924973245240e-01 5.358628804015980185e-01 5.080857352039165331e-01 5.202347204723384300e-01 5.215341967551361257e-01 5.071399445763723479e-01 5.347087466417909107e-01 5.611446095324005290e-01 5.272380135558230041e-01 5.254565435889105851e-01 5.362875576066697958e-01 4.969119556986093533e-01 4.945246224050507955e-01 5.639044363049413588e-01 5.192516453211197813e-01 5.264847109687398330e-01 5.310053908219710683e-01 5.534890517862263160e-01 5.180760731737260594e-01 5.396175418770117194e-01 5.291388244069332725e-01 5.444724157104386952e-01 5.114243056539644616e-01 5.148036440697293381e-01 4.936928707478003275e-01 5.073221650257599968e-01 5.056938238997620294e-01 5.142428524754728558e-01 4.999721311250038269e-01 4.976978433058233398e-01 5.013311450362789579e-01 4.946270825041916286e-01 5.012559768756144063e-01
8.627624173710668476e-02 9.149379277073285688e-02 2.646767925726263848e-01 3.536890158703814846e-01 1.000000000000000000e+00 3.108987565139745834e-01 4.738303962542401160e-01 4.581314487133694713e-01 4.641022277007935681e-01 4.353367922313421401e-01 4.745929240637825064e-01 5.130880274159806964e-01 4.573127967973039110e-01 4.280453292146596533e-01 5.122815062229750804e-01 4.961839531197418940e-01 4.525650190546032792e-01 3.505944682004955015e-01 4.254322019783733366e-01 3.805067367613391704e-01 3.852079676565611233e-01 4.496975599762921272e-01 4.581027706828275647e-01 4.238024891593810128e-01 4.460719200924906369e-01 4.979296645414953981e-01 4.778051352204149005e-01 4.791109547557664827e-01 4.083876000622120861e-01 4.361446239844023465e-01 4.732657679746545831e-01 4.865174897911176410e-01 4.734258759199724276e-01 4.828295292663815630e-01 4.644844727505341719e-01 4.827060750427973335e-01 4.887077852681381840e-01 4.742263712187537728e-01 4.970560959717868488e-01 4.897717163361232640e-01 4.984210795923506576e-01 5.026844614490318941e-01 5.218289336918019439e-01 5.107547371924306967e-01 5.066459698688945412e-01 5.018690446175854136e-01 4.889961360814238933e-01 4.942898195273040529e-01 4.921366304703950201e-01 4.916801683940280610e-01 4.922352898483723371e-01 5.053336265574007724e-01 4.954421456588787298e-01 4.831952147641281892e-01 4.839280435495290633e-01 4.910832904909015473e-01 4.776488977323251617e-01 4.884814153885347898e-01 4.748285532995009106e-01 4.986836672244042701e-01 5.017627094566508017e-01 4.822706301504445237e-01 4.852324082334853461e-01 4.896102836621253340e-01 4.872802299028636819e-01 4.897730441715694161e-01 4.932173807615223837e-01 4.866580482803402607e-01 5.033707104138794852e-01 4.974540266867910621e-01 4.953858035548366345e-01 4.980967107505728242e-01 4.914738396627355010e-01 4.951060118314146719e-01 5.034934264693309292e-01 5.001404976545197334e-01 5.024642924178435166e-01 4.819156262784535794e-01 4.899858494863762459e-01 4.885981873684236976e-01 4.999169715363764865e-01 4.979547687015228319e-01 4.965395949318234803e-01 4.988461187850406486e-01 5.032938496641863324e-01 4.997085912471018743e-01 5.030623560612453860e-01 4.969762076378771432e-01 4.988613263143518717e-01 5.016971777936574117e-01 5.050263964832415464e-01 4.970834875495286354e-01 4.990816135903566320e-01 4.992936619505473073e-01 4.875377981901414248e-01 4.901838590316469624e-01 5.012603137577651413e-01 4.973397615316218490e-01 5.007542758371246183e-01 4.989555892739454546e-01 5.049633756820016695e-01 4.918510355406279788e-01 4.969064319426251819e-01 5.009797109886497957e-01 5.046773947149270079e-01 4.881980900875603213e-01 4.950213141711927167e-01 4.893841214758787861e-01 4.928177973851938787e-01 4.898470346736111258e-01 4.911754012456406859e-01 4.953813544079212483e-01 4.860376119245781168e-01 4.919924824295811572e-01 4.897340821635549069e-01 4.927986016526386126e-01
4.371397063763716312e-02 7.865871051705136674e-02 2.919342728126282926e-01 4.127423069343975071e-01 3.108987565139745834e-01 1.000000000000000000e+00 5.625675905649953901e-01 5.217009365014873001e-01 5.399905940736586807e-01 4.896713875967937390e-01 5.830016489682905423e-01 6.027926663927458684e-01 5.349555294941829020e-01 5.470566513655805707e-01 6.031279415900675511e-01 5.910883600334416732e-01 5.388316337804268663e-01 3.694887561602333559e-01 4.951893007895437626e-01 4.210567587372813780e-01 4.280914568361344763e-01 5.208937523796273172e-01 5.065551556107330544e-01 4.571175575520203815e-01 5.070093888022014772e-01 5.855788622159296963e-01 5.817395301979871869e-01 5.639052442983997215e-01 4.747652241319148536e-01 5.273157001942205824e-01 5.565292882312676825e-01 5.692936011119716921e-01 5.662860808511996913e-01 5.640266508745490626e-01 5.418579438795777525e-01 5.762320710700398196e-01 5.902374356137867206e-01 5.921555727367137090e-01 5.945096279329046274e-01 6.099810980109932057e-01 6.156886725680538186e-01 6.196514535945869540e-01 6.160720630497458217e-01 6.170080923753602509e-01 6.068710878944479914e-01 6.078084821581020147e-01 5.978370489802976584e-01 6.047399110912298204e-01 6.108185242498711531e-01 5.976695289955616941e-01 6.076258506199510023e-01 6.074225054655153500e-01 6.021679597904620040e-01 5.901216180076476192e-01 5.908478327875301694e-01 6.045186755258513678e-01 5.909379732991911771e-01 6.035360491809820260e-01 5.910311849896042746e-01 6.000234076181099052e-01 6.123897420460332475e-01 5.924077836075289927e-01 6.005372543474516434e-01 6.008182231313107247e-01 5.899684946577754552e-01 5.947286681778758410e-01 5.997923867194826508e-01 5.846897697403726779e-01 5.936067347861985199e-01 5.885479111172029487e-01 6.010571535166193691e-01 6.018692423735859665e-01 5.752712409159941309e-01 5.921505561991174948e-01 6.132365270847468519e-01 6.109271499500418257e-01 6.093287869281491798e-01 5.787418682852817353e-01 6.003381095710943471e-01 5.930754617666847972e-01 6.030242822695225380e-01 6.032376185722121420e-01 6.024296026335677068e-01 5.987402249614504068e-01 5.987725612608040260e-01 5.950418236200467614e-01 6.099217654940448652e-01 6.104542428650846508e-01 6.062518898972586445e-01 6.086445912772727729e-01 6.199071291560965813e-01 6.136882033929308422e-01 6.147713134987403683e-01 6.168556811685820263e-01 6.030531514052375197e-01 6.031283620386735933e-01 6.079217348640596486e-01 5.944778830867332164e-01 6.062197371144750768e-01 6.080626165669997807e-01 6.160265270759225364e-01 6.049807242101811200e-01 6.104854346396044740e-01 6.107487437837161304e-01 6.119153148398134290e-01 5.943773379842753890e-01 6.039224940848733070e-01 6.015029638942696044e-01 6.036423760729876520e-01 6.036361567900592195e-01 6.073945953397706932e-01 6.007229956884333477e-01 6.003340303240185527e-01 6.008786719981794588e-01 6.014627025807431915e-01 6.004054010855166545e-01
8.716321095284440545e-02 1.272924532876332782e-01 4.445165072712934928e-01 6.402678344247360043e-01 4.738303962542401160e-01 5.625675905649953901e-01 1.000000000000000000e+00 7.567149095424101635e-01 6.859355166933372994e-01 6.506671633417400180e-01 7.653065942488469497e-01 8.114846965862302364e-01 6.952055406082499056e-01 7.133824511797365320e-01 8.315255835925865480e-01 8.083605137070877245e-01 7.054441920172467295e-01 4.953332105770550386e-01 6.401530719195317465e-01 6.277654559302050519e-01 6.274799544481102220e-01 6.917950390759511903e-01 6.625273760394420064e-01 6.183191930606485309e-01 6.674184694387961247e-01 7.833873360408188935e-01 7.707533204673522320e-01 7.469263127645091593e-01 6.326363681081195178e-01 6.909837445629410935e-01 7.347007684427311336e-01 7.560573048453296252e-01 7.482325330695228649e-01 7.581148920795911517e-01 7.145807562129953272e-01 7.484526830542000964e-01 7.519207707564082854e-01 7.891298935023056682e-01 7.879202257392649011e-01 7.990837411420643743e-01 7.914711629129399517e-01 8.002697507161998791e-01 8.152595426002438028e-01 8.053953963560905871e-01 7.837772010232645359e-01 7.993753084172281476e-01 7.584616761041067523e-01 7.762701516193966089e-01 7.902997227791563883e-01 7.905745800715912042e-01 7.988695807256949166e-01 8.045206132558456735e-01 7.914308305522805842e-01 7.614117105011574127e-01 7.716864470698614475e-01 7.844208067225942882e-01 7.739390510332910811e-01 7.752661028589842296e-01 7.686245072319397575e-01 7.725286799949692140e-01 7.935375195548814986e-01 7.655338522396338830e-01 7.857736393929795060e-01 7.780489422595916471e-01 7.593844819599406826e-01 7.690833721241870924e-01 7.706369298984838689e-01 7.514384719958285830e-01 7.737643579665341997e-01 7.856454964960483123e-01 7.839739512983422420e-01 7.722255416978720532e-01 7.575697590763584843e-01 7.575696644177019046e-01 7.975497979541196214e-01 7.903074616572630662e-01 7.894043447506272626e-01 7.559734948902772089e-01 7.823092064635018827e-01 7.630359445749502756e-01 7.726966834725876865e-01 7.813231970663970793e-01 7.788906128874402146e-01 7.694944313026967908e-01 7.877080477959406135e-01 7.765546710579808165e-01 7.809823052494041518e-01 7.940616559935811392e-01 7.847223831605457667e-01 7.895016518678800166e-01 8.034393288183380166e-01 7.908129938543861925e-01 7.851988511248342295e-01 7.962919701897402946e-01 7.710828900914250550e-01 7.730060889185982331e-01 7.948295105380916992e-01 7.706570903567335762e-01 7.830253578089951816e-01 7.903414242394034561e-01 7.980278983850477292e-01 7.791639524130975492e-01 7.862165815737484076e-01 7.863311393586444042e-01 7.882013950765127674e-01 7.685626653132202613e-01 7.789648485099968100e-01 7.710421437953967061e-01 7.809017035002198126e-01 7.760739853584898151e-01 7.837792672311557629e-01 7.704881710967232955e-01 7.678489859667294581e-01 7.712796087761585317e-01 7.664075330556811005e-01 7.681308365394936555e-01
1.315119717602596938e-01 1.249039684419909896e-01 4.130970635308870986e-01 6.096202034537712144e-01 4.581314487133694713e-01 5.217009365014873001e-01 7.567149095424101635e-01 1.000000000000000000e+00 6.849161926151873248e-01 6.304561219999101906e-01 7.343660711354546011e-01 7.846562832165692170e-01 6.679230868415220179e-01 6.709488452972824923e-01 7.863052417703926267e-01 7.902727027456395437e-01 6.825468140487356283e-01 5.248595616391467100e-01 6.575170689202778362e-01 5.996624449726792871e-01 6.263414460422407348e-01 7.001842280924600592e-01 6.717358680383521685e-01 6.176442308062733977e-01 6.673132830384138625e-01 7.585396156873376317e-01 7.478737856701430653e-01 7.415217355362181406e-01 6.421924745219169672e-01 7.077275501379318712e-01 7.397963892626211457e-01 7.418825749514421641e-01 7.393111492593431588e-01 7.470854120928980269e-01 7.217989292712880811e-01 7.579225832603768698e-01 7.488088780169247505e-01 7.738377046472583176e-01 7.832263106488372983e-01 7.643175406865978516e-01 7.583720633355934826e-01 7.789432585188150737e-01 7.948434160589278319e-01 7.852891445334870824e-01 7.722126533759160472e-01 7.804029635912773655e-01 7.330050044775102691e-01 7.529068474357305529e-01 7.604105253146534737e-01 7.629838692679961065e-01 7.770947997558755871e-01 7.630828850295429122e-01 7.562517995680378968e-01 7.397777073850824170e-01 7.448352510648987845e-01 7.647384928312818131e-01 7.484227730783994392e-01 7.479393589949424603e-01 7.455335430390305218e-01 7.456179568737018037e-01 7.644413801740745917e-01 7.395601011257242341e-01 7.571366102167478296e-01 7.571153264186010201e-01 7.409023522815748608e-01 7.410783115502409535e-01 7.470112939694446563e-01 7.346272242147317000e-01 7.581186539372912758e-01 7.645891292287154695e-01 7.657709323623298481e-01 7.552350587868308374e-01 7.351091376418148471e-01 7.387076201224709315e-01 7.676661939207498619e-01 7.647352818987084300e-01 7.638696546304687418e-01 7.410685393974911772e-01 7.594168697304892746e-01 7.580753741068083640e-01 7.596380176400936435e-01 7.635741704026154375e-01 7.676668565417712475e-01 7.584563476485524092e-01 7.634007039361649927e-01 7.556493638560707327e-01 7.658811759486570114e-01 7.653780341268324738e-01 7.685005039559763551e-01 7.717728887281322114e-01 7.801668986992684740e-01 7.612669824476017144e-01 7.603697228198113001e-01 7.700956525814284248e-01 7.414590941730014872e-01 7.448251371926427611e-01 7.651048227102348331e-01 7.533639257862219107e-01 7.562432255847486573e-01 7.617472679837982152e-01 7.689828213303934179e-01 7.543474290937153270e-01 7.560534972668492282e-01 7.588423552156153828e-01 7.611575875288763005e-01 7.481838403950726857e-01 7.549398982787098866e-01 7.448823976312147765e-01 7.567744168469612287e-01 7.519349102331657209e-01 7.581096642198480451e-01 7.456799471443298355e-01 7.435791867060310700e-01 7.520888383000312594e-01 7.413598118528950121e-01 7.420144432496980080e-01
1.986208981397632745e-01 2.036807099688450196e-01 3.579009564803403709e-01 4.582085270604689398e-01 4.641022277007935681e-01 5.399905940736586807e-01 6.859355166933372994e-01 6.849161926151873248e-01 1.000000000000000000e+00 7.623655614512123702e-01 8.116252667511837382e-01 8.008846322232692216e-01 7.410208152766877276e-01 7.650946239127184301e-01 8.294329399769377886e-01 8.273209359026371112e-01 8.206957540014132579e-01 6.664705105394143070e-01 7.548914626291219898e-01 6.285812582583285568e-01 6.470575559226483531e-01 7.614236277408474862e-01 7.856826392496332190e-01 7.238782662791074518e-01 7.515025510883088788e-01 8.373393137801677932e-01 8.292195568334497224e-01 8.309445298313057338e-01 7.838144385543943660e-01 7.703900000413370641e-01 8.252352667424509569e-01 8.489503305183287996e-01 8.121872236828183711e-01 8.224990410341106450e-01 8.069155781504481206e-01 8.269658125391923242e-01 8.240104326338862917e-01 8.469114502003746159e-01 8.570412991071419961e-01 7.914982368003889990e-01 8.698156291009659924e-01 8.609927532210063239e-01 8.293668051219310611e-01 8.692713067317308084e-01 8.724187770427187516e-01 8.618965214834289901e-01 8.638382749678800154e-01 8.795895828021292884e-01 8.648426572782219601e-01 8.472453793096579311e-01 8.633139900805293365e-01 8.061457823217786922e-01 8.518788074281509193e-01 8.859373326520187941e-01 8.727258452124553312e-01 8.708650625586167315e-01 8.642061490734859186e-01 8.742787207816756778e-01 8.685258843467634771e-01 8.827512838358025915e-01 8.719426749060744664e-01 8.748296368402718182e-01 8.618865852746494527e-01 8.692935776665853265e-01 8.835908325816134168e-01 8.762009789519848990e-01 8.784969869178089752e-01 8.818691201847430605e-01 8.792222431028063889e-01 8.696036609462358680e-01 8.703290204045270873e-01 8.835894209934295196e-01 8.654214917666652740e-01 8.679166201961753258e-01 8.790859241049370221e-01 8.810755621756770628e-01 8.807481351841690564e-01 8.786906640636643617e-01 8.789856870394318067e-01 8.773503265189490641e-01 8.801969460809682122e-01 8.868632750609689586e-01 8.842867558539208028e-01 8.769441517792923024e-01 8.670521885360297221e-01 8.759813109817690124e-01 8.806399942320086716e-01 8.674746146710551331e-01 8.782735072108205365e-01 8.754480561363402469e-01 8.670022843755254005e-01 8.698625811088123161e-01 8.747145328790251195e-01 8.748243330655549599e-01 8.679855772101908729e-01 8.727922557126424064e-01 8.486581512491276902e-01 8.689491141650460548e-01 8.684222119528802741e-01 8.661210560553073146e-01 8.582425024315800677e-01 8.669754881629716525e-01 8.659205292049271252e-01 8.713528690162090085e-01 8.749732708825047611e-01 8.704820285913925648e-01 8.736432431230036766e-01 8.769100906835806120e-01 8.775944790164216247e-01 8.750498325671198785e-01 8.707533060112523371e-01 8.783969203992555430e-01 8.721725396588191348e-01 8.778775564295441258e-01 8.790182362900690327e-01 8.777979217644027443e-01
1.369284817430879708e-01 2.196589648564455099e-01 3.167994910019540922e-01 4.040872966269000166e-01 4.353367922313421401e-01 4.896713875967937390e-01 6.506671633417400180e-01 6.304561219999101906e-01 7.623655614512123702e-01 1.000000000000000000e+00 7.366908586727743957e-01 7.340120374287785188e-01 6.891914129217525664e-01 6.899347156671005177e-01 7.749160780223766087e-01 7.718952506160526861e-01 7.399613191071311435e-01 6.149519872243087715e-01 6.987618964556181478e-01 5.412842669444677401e-01 5.660097463127887751e-01 6.800998042209925876e-01 7.297353460380944234e-01 6.756945845082964475e-01 6.913054628800413548e-01 7.752892432912493748e-01 7.588608085883643550e-01 7.639749831610901376e-01 7.380757717217796277e-01 7.021268845016978011e-01 7.529424072025474590e-01 7.954533953382484368e-01 7.511522438404436564e-01 7.749715744448949506e-01 7.399136540344588564e-01 7.486428822806611150e-01 7.412703169673078296e-01 8.033064306327583060e-01 7.983969974216906795e-01 7.365267635128803780e-01 8.040298448477393167e-01 7.939080877925880353e-01 7.603424288957643107e-01 7.937117446041783708e-01 7.987613266722730643e-01 7.966169122662309920e-01 7.966720205977074754e-01 8.155252887484036872e-01 7.990031176925208589e-01 7.878287718545072815e-01 8.024890189528215423e-01 7.262970745052410582e-01 7.739960564371977103e-01 8.150019186694045237e-01 8.094023704398994878e-01 8.117412440943868601e-01 7.907952292092497171e-01 8.009746087282071381e-01 8.063524571070878055e-01 8.056356052710599291e-01 7.970524135457378589e-01 8.029972557141241696e-01 7.942420411755012344e-01 7.978696194095964422e-01 8.010137357919909773e-01 7.984373529111037371e-01 8.093935837463163141e-01 8.132882030604720036e-01 8.162547775473112388e-01 7.867309287528952977e-01 7.927498555353241771e-01 8.107819321109673849e-01 7.977221925087247811e-01 7.997859813877655766e-01 8.123274772050151915e-01 8.098153418269367076e-01 8.142606283630278163e-01 8.195565552343319071e-01 8.142430724372796691e-01 8.074161722727447588e-01 8.121080446207065151e-01 8.179707582473226823e-01 8.176254088541565768e-01 8.055795227346859155e-01 8.064543258489055289e-01 8.145252384756448416e-01 8.082956464757857784e-01 8.100617118583506304e-01 8.160755106992492180e-01 8.103582291238444757e-01 8.001769669243958827e-01 8.041707144168865895e-01 8.063821331985069341e-01 8.069455344169801370e-01 8.022505101467715116e-01 8.054455841176410003e-01 7.788877820260152740e-01 7.891530991088294700e-01 7.987111696954916074e-01 8.009585664987871612e-01 7.913638093602636259e-01 7.976352984574925920e-01 7.931307036534106514e-01 8.018192078986307036e-01 8.015890022456457764e-01 7.938182739602600568e-01 8.017440023703271690e-01 8.103804568657030361e-01 8.100930179428317279e-01 8.056736866168417999e-01 8.053076259281517491e-01 8.048854411846733115e-01 8.032288982923498910e-01 8.052401380270797215e-01 8.095810802366814052e-01 8.028466776843464769e-01
1.028490713550300056e-01 1.269681854526523435e-01 4.295121622494909031e-01 5.814059422968139712e-01 4.745929240637825064e-01 5.830016489682905423e-01 7.653065942488469497e-01 7.343660711354546011e-01 8.116252667511837382e-01 7.366908586727743957e-01 1.000000000000000000e+00 8.770044103707158589e-01 7.727821450638764356e-01 7.811977835517689428e-01 8.775496503767314938e-01 8.676867877769740556e-01 8.142980323752049276e-01 6.320884148276409986e-01 7.606597172782921801e-01 6.824852667053007416e-01 6.941131921270990990e-01 7.954536294657682527e-01 7.809657744897898768e-01 7.268399911797083224e-01 7.707250715244067241e-01 8.691028109774138199e-01 8.654037355421791977e-01 8.433132849551906451e-01 7.425909088568659611e-01 7.975282850442078075e-01 8.333592442933726030e-01 8.664272700838249186e-01 8.376212432870322466e-01 8.492814999969827694e-01 8.284020803299191327e-01 8.518214984430392267e-01 8.573370919353096031e-01 8.739124708488094084e-01 8.830281482402188020e-01 8.681910285246866588e-01 8.958870558650452454e-01 8.986017190093682494e-01 8.870294165606948944e-01 9.054149098488535330e-01 8.994945158839079413e-01 8.943662175358157995e-01 8.831973771729597633e-01 8.936848972832311944e-01 8.967618528840893832e-01 8.854073442465727473e-01 8.957367497692736436e-01 8.756635933485564793e-01 8.936382386362489161e-01 8.848455334639249159e-01 8.852534231525068797e-01 8.951135565527269522e-01 8.830762509854164222e-01 8.916355040392778264e-01 8.881253801737716280e-01 8.944463235179752614e-01 9.005345230547002755e-01 8.878885170363229884e-01 8.932119996927735395e-01 8.879237115655927992e-01 8.829247190444213800e-01 8.893777041838598629e-01 8.929106975894333109e-01 8.851154331433054301e-01 8.938101341886118822e-01 8.995600488677125695e-01 9.035250012020227262e-01 9.001994299949741540e-01 8.794412081440917683e-01 8.857362623343774111e-01 9.057746302643419067e-01 9.073685001109199622e-01 8.999593393942069142e-01 8.750794114560106474e-01 8.949990320710369263e-01 8.930954669095789722e-01 8.990332303841610528e-01 8.968494734510440436e-01 9.003130961358528639e-01 8.949351943262514597e-01 8.931785532659750615e-01 8.920216289765949824e-01 8.994146236212066103e-01 8.978785210691000440e-01 8.982729812252057133e-01 9.042345732481240628e-01 9.068272293609999091e-01 8.998017539031614165e-01 9.001484965098196511e-01 9.062918629584675312e-01 8.897665405846081343e-01 8.924210951108031420e-01 8.892671234944669045e-01 8.854108472902286753e-01 8.955743481743528855e-01 8.957707657012768943e-01 8.977613032270106430e-01 8.947869329049124021e-01 8.966562763882420795e-01 8.996033774436732466e-01 9.025982853033879261e-01 8.869102380484922277e-01 8.949797129065444334e-01 8.924910501487259840e-01 8.974476319601792929e-01 8.951686074717737363e-01 8.994100296211717804e-01 8.911982953952913844e-01 8.902037848399849684e-01 8.901538456605029292e-01 8.925119407770495394e-01 8.899979503425876626e-01
2.219137134168246497e-02 1.078253592598077404e-01 4.147703159734827394e-01 6.635693204946369050e-01 5.130880274159806964e-01 6.027926663927458684e-01 8.114846965862302364e-01 7.846562832165692170e-01 8.008846322232692216e-01 7.340120374287785188e-01 8.770044103707158589e-01 1.000000000000000000e+00 8.008469244070892668e-01 8.048283058048188998e-01 9.083572975745495270e-01 8.920447962143291942e-01 8.003592388685878412e-01 5.464669979961958024e-01 7.107125477929402413e-01 6.772788246994440042e-01 6.598465967652661357e-01 7.604140309398161879e-01 7.428106567975435448e-01 6.843550092788361905e-01 7.359979851343141366e-01 8.643534248937732034e-01 8.448910623501860728e-01 8.196709499842591562e-01 6.863376510188198276e-01 7.587125183711932452e-01 8.084787744474249971e-01 8.464459826532553244e-01 8.174242472853590069e-01 8.362763040914260593e-01 7.974819417961723778e-01 8.349991391116406980e-01 8.442811151907020362e-01 8.666256297682115584e-01 8.744475937542366406e-01 8.936354150341387914e-01 9.053900734185859056e-01 9.048088143339191314e-01 9.140531457493824563e-01 9.110718231622106922e-01 8.961556638326230173e-01 8.932749966328873414e-01 8.936974373708473918e-01 8.991889450359117353e-01 9.117353535462630054e-01 8.936076624491903209e-01 9.011242484293026100e-01 9.195830075199218356e-01 9.129401665941240251e-01 8.831358976195150534e-01 8.854869619814520476e-01 8.926089665665174477e-01 8.934992857623107465e-01 8.956562405775649882e-01 8.822038069160943463e-01 9.006774206856640319e-01 9.165807970638776281e-01 8.894000600009800417e-01 9.019644820299529409e-01 8.994138827300510730e-01 8.808856787626642149e-01 8.962037593666397628e-01 8.938253824606682274e-01 8.661377851577058973e-01 8.831026732113406164e-01 8.906842235008378683e-01 8.950757071247105179e-01 8.907861612416130281e-01 8.652189337600301178e-01 8.697533101963572655e-01 9.090629216737489138e-01 9.046620515395862316e-01 8.982983905581793938e-01 8.558511996920500353e-01 8.892865918733152686e-01 8.780640704116751127e-01 8.866376962032188613e-01 8.896393793946250073e-01 8.956167012338356326e-01 8.830112178334048600e-01 8.941569364215878890e-01 8.853532617976797026e-01 8.962944965667327679e-01 9.054010352035025688e-01 8.965178332908120273e-01 9.050164234577396938e-01 9.137230032913394862e-01 9.103478044137975900e-01 9.092660760275197429e-01 9.120271910927377768e-01 8.997618952685420002e-01 8.973314465576057719e-01 9.114828789442167567e-01 8.977743898941440426e-01 9.098792098616025337e-01 9.065825288283155814e-01 9.175472345052909651e-01 9.022454213492482333e-01 9.129101854223711232e-01 9.107514350659353664e-01 9.161773104392704203e-01 8.976950142690239831e-01 9.060115758981525103e-01 8.953976782603382256e-01 9.010179811482018630e-01 9.019843871894738241e-01 9.050654298093063765e-01 9.014320941895561656e-01 8.977076933998703323e-01 8.987259784825761821e-01 8.957521365819697268e-01 8.988016050562541714e-01
2.435278074438802700e-03 1.133833393941374029e-01 3.140228801107871059e-01 4.833186938986963610e-01 4.573127967973039110e-01 5.349555294941829020e-01 6.952055406082499056e-01 6.679230868415220179e-01 7.410208152766877276e-01 6.891914129217525664e-01 7.727821450638764356e-01 8.008469244070892668e-01 1.000000000000000000e+00 7.396415936116225165e-01 8.291509642513519296e-01 8.175659034016478088e-01 7.363847247382825367e-01 4.859783822441987033e-01 6.262555599732723133e-01 5.844544525329689044e-01 5.360960972008893544e-01 6.700672239427176713e-01 6.617059109776922687e-01 6.009394403774129811e-01 6.487398392247839540e-01 7.700908731947938568e-01 7.568173400746810442e-01 7.268054049617856949e-01 6.333705436389147625e-01 6.580666426402553837e-01 7.152151115702246598e-01 7.673074222389921761e-01 7.282380298921296014e-01 7.508480367530913080e-01 7.110953527684276132e-01 7.471214832120222082e-01 7.585377711600167494e-01 7.978913892322356816e-01 7.926042906839871893e-01 7.867963433735927214e-01 8.433478126524559526e-01 8.398162653330862870e-01 8.262914800725886799e-01 8.426584257234958075e-01 8.234873228019797819e-01 8.166766761007854258e-01 8.488615433085203721e-01 8.503233543680827067e-01 8.450998992269789234e-01 8.251484560344025665e-01 8.368395848004736015e-01 8.252825591868836463e-01 8.420352028167604752e-01 8.360881737871230790e-01 8.349083213302624928e-01 8.349437211353828436e-01 8.255493841449235148e-01 8.481102139556190300e-01 8.276414547114382403e-01 8.483782548037626103e-01 8.532329091020481870e-01 8.361605548649339026e-01 8.341264061350318615e-01 8.393762219047243844e-01 8.319251469470694271e-01 8.405476369400121106e-01 8.460417307926992869e-01 8.146410866046314148e-01 8.140401471533045274e-01 8.150375899958921533e-01 8.240732654606680585e-01 8.343504673955314255e-01 7.972393605925969240e-01 8.121819667743452875e-01 8.498028333569525028e-01 8.422519701775458278e-01 8.381213986645633662e-01 8.003124625988041752e-01 8.321143836334794486e-01 8.140097083546516954e-01 8.253794572281109021e-01 8.336444997017565806e-01 8.317103378609377318e-01 8.230565679378184507e-01 8.364507182126512674e-01 8.311323496880089756e-01 8.387982055864036113e-01 8.514868801029199519e-01 8.426913983492502203e-01 8.400729430800675246e-01 8.408698051214864577e-01 8.574976414127706281e-01 8.560595821682703832e-01 8.519334808435670148e-01 8.563677597607777248e-01 8.545055890075912153e-01 8.547566382243282357e-01 8.420220829246968242e-01 8.574259210813115484e-01 8.570593544918606588e-01 8.614858137475788213e-01 8.550744297061215748e-01 8.605235900153079820e-01 8.600554667226947281e-01 8.583712274518137120e-01 8.444083982030978763e-01 8.544547312062984457e-01 8.506696448937857147e-01 8.503011600650610680e-01 8.528584354755791574e-01 8.545868262512172908e-01 8.545267197204671206e-01 8.542050717295307516e-01 8.527879685168699986e-01 8.500092074458445168e-01 8.524157868055556309e-01
