1.000000000000000000e+00 2.044440495130525060e-01 2.763439369356770481e-01 1.124889050973397128e-02 5.181131343220477664e-02 -4.642075484714721506e-02 2.182383165383264267e-02 2.295495173828591279e-02 2.536384954662686542e-01 1.726829239135380112e-01 1.141521532324221433e-01 5.456644766770434724e-02 -1.232024422683419829e-02 -8.069902243059293503e-03 1.843102641071820086e-03 5.022272290016265711e-02 2.454860841980701924e-01 3.574623239241782602e-01 2.826103984818138515e-01 2.578998634303542037e-01 3.402473417346607576e-01 2.356768465220443476e-01 2.980450316511134567e-01 3.053604696662686191e-01 2.362327016682398417e-01 2.049482335252080512e-01 1.621001192750428366e-01 1.563797149970519162e-01 1.964500462967474215e-01 2.336981498114541755e-01 1.579221278107763304e-01 2.002537675555723928e-01 1.976957951452054385e-01 1.961344218077030466e-01 2.169925198169984359e-01 1.361197366112340545e-01 1.525914999639411962e-01 1.507549069683211396e-01 1.203836520459085346e-01 6.144466287989339831e-02 8.705485078110063168e-02 4.815078823241424749e-02 3.582426072194668659e-02 5.251947867750680204e-02 1.059373476013529547e-01 6.402934207405271139e-02 1.462315201087269548e-02 6.154967252929947202e-02 7.308447322559541437e-02 1.037458474163136662e-01 9.188085245631792686e-02 6.244131292052756271e-02 4.995533880669943139e-02 1.238541989112762753e-01 1.443609889390366774e-01 1.334542633844406911e-01 1.352005759123493800e-01 5.608867068536851214e-02 8.985083606116296695e-02 4.391502335714859290e-02 1.933699273720903763e-02 8.825146750248206995e-02 9.772564334719925638e-02 6.561048099494722063e-02 1.008130185386675731e-01 1.046075971505644603e-01 8.523052065990151249e-02 1.392761000095429358e-01 1.301179356735823467e-01 1.208131083703793268e-01 1.259400655877012665e-01 9.817102682861601759e-02 1.433068959030009137e-01 1.249894555665669732e-01 7.610194712775344983e-02 8.190320164121067670e-02 7.036511981395451865e-02 9.536513388604711539e-02 5.660826843403694852e-02 1.218429219134690294e-01 1.026822533560251133e-01 8.167513016140670601e-02 1.153952911060244085e-01 1.101398444409886213e-01 8.348156646621335275e-02 8.186460314888191481e-02 7.507539111771412144e-02 5.563270415135361524e-02 5.293372394183571555e-02 1.153726622301964461e-01 3.044465681950513786e-02 2.984342130299649440e-02 4.744486441982218028e-02 2.202831712327276217e-02 1.612248336784559075e-02 3.398879144862396867e-02 2.587517525443884872e-02 7.328785419720376670e-02 2.059354384205071969e-02 4.302828861543971789e-02 1.325912815587367531e-02 4.554511361601761704e-02 3.768387886004577469e-02 2.363410035288482716e-02 5.099998989196571908e-02 9.129747881443620039e-02 3.735762809387428718e-02 6.169745709442567977e-02 6.143097732871228428e-02 3.472073864150797273e-02 4.249685079417125227e-02 2.472704866158337983e-02 5.357937902698121924e-02 4.404549532140639850e-02 6.582667639884008659e-02 5.968682436007064634e-02
2.044440495130525060e-01 1.000000000000000000e+00 1.389104944337256897e-01 5.541311097185733919e-02 3.684024659699981080e-02 6.034302926326693545e-02 1.071875549038211889e-01 8.771996674044971187e-02 2.298263376673683189e-01 2.047091281091516779e-01 1.528250966105419162e-01 1.500438296351563894e-01 1.115399749558307341e-01 1.393857395641272812e-01 1.306410303791977756e-01 1.423735154285524218e-01 2.100622122487939281e-01 2.246159213516661091e-01 1.641401835802427100e-01 2.153301435951804621e-01 1.873935927626324827e-01 1.211047555428793887e-01 2.388136403033978838e-01 1.778555454792478119e-01 1.264545124721163372e-01 1.912577366367738674e-01 1.732785012166406236e-01 1.533704400280284930e-01 1.674343713297544445e-01 2.061118530574797270e-01 1.942429037445680129e-01 2.247712757315324661e-01 1.796959648217001382e-01 1.920131167359399871e-01 1.931299185676344510e-01 1.802407069243119331e-01 1.807695709545969198e-01 1.871206675998170754e-01 1.858481744231529620e-01 1.351518889728217099e-01 1.662232562066687791e-01 1.433256513342962557e-01 1.303154656928872945e-01 1.559031173939122439e-01 1.651190929167853094e-01 1.551075179415545846e-01 1.491559016602415355e-01 1.792831352051302563e-01 1.711538846509328415e-01 1.597417112158188712e-01 1.670958929467301901e-01 1.327875589433121228e-01 1.535108839068866082e-01 1.947661861499669078e-01 1.861805238275980323e-01 1.946586817675061976e-01 1.871120533528010665e-01 1.685125916489449149e-01 1.792704652216186301e-01 1.667373265869275811e-01 1.483197153536049417e-01 1.827753551883523619e-01 1.714671485627281278e-01 1.709482479285414358e-01 1.604055743311417481e-01 1.811836509731416522e-01 1.753191233758198686e-01 1.852276594476506277e-01 1.940429805193849555e-01 1.921717483250365288e-01 1.556514999575501212e-01 1.523974416078150984e-01 1.819744873675187558e-01 1.575114844809667458e-01 1.603420203308437431e-01 1.648906855969286545e-01 1.585697260953599641e-01 1.600085575735342713e-01 1.648346868053353897e-01 1.863774484931283171e-01 1.710366975595697392e-01 1.740152148508771202e-01 1.864268152451704352e-01 1.761671436413107528e-01 1.648185740937578025e-01 1.640029571422868537e-01 1.691597642603011598e-01 1.611153208978411133e-01 1.597297036197309061e-01 1.886838820510597092e-01 1.464263776643035253e-01 1.486759016564453972e-01 1.493289862882034025e-01 1.568066313699794101e-01 1.505426739135775627e-01 1.606942639089434799e-01 1.299715810146881700e-01 1.574135684095114285e-01 1.429291558114668959e-01 1.510343569704049038e-01 1.392735833459651518e-01 1.561248759590984081e-01 1.522451677818898175e-01 1.464724936264602262e-01 1.517174833648614607e-01 1.706670672511776121e-01 1.545928098705512677e-01 1.684846872074612367e-01 1.664903203165479517e-01 1.596979735040087722e-01 1.571443842279779124e-01 1.543210203053160257e-01 1.690681959671412327e-01 1.556698833107322544e-01 1.638858676537754688e-01 1.662886713790449889e-01
2.763439369356770481e-01 1.389104944337256897e-01 1.000000000000000000e+00 3.913267011596021638e-01 2.179442893102516987e-01 1.974333151168917166e-01 3.784316617619501999e-01 3.194120114040171488e-01 4.013325482309726411e-01 3.199878378070711293e-01 4.126342782238078821e-01 4.097153773304859081e-01 3.101435317632491029e-01 2.378002917623518453e-01 3.574393851159762825e-01 3.799555271502624287e-01 4.345599004743350147e-01 5.485011605690199854e-01 5.444532829814678898e-01 4.628316221811494824e-01 5.365994892626310131e-01 5.327247942841174533e-01 5.078913676087881690e-01 5.293830025511528925e-01 5.299414724131282783e-01 5.258477316043086436e-01 5.139993812185549293e-01 4.867596920774117653e-01 4.986601422632453429e-01 5.031047662234021667e-01 5.057116662589236089e-01 4.734722350246413081e-01 4.731396645433915138e-01 4.696214358843585623e-01 4.637606323378046791e-01 4.539166333271650311e-01 4.961305122249429211e-01 4.159062915608971456e-01 4.288305156529890749e-01 4.245683156021816673e-01 4.037949741052568320e-01 3.968626113413936118e-01 4.198332060448293213e-01 4.055694663013225121e-01 4.481808100126075112e-01 4.060686486700587627e-01 3.271323206556982499e-01 3.574443531723954237e-01 3.681697090444478460e-01 4.194894189528687312e-01 4.115535420404322076e-01 4.044641727716959956e-01 3.767136024028451824e-01 3.943065648708616866e-01 4.194354705119874294e-01 4.229091076556114603e-01 4.216947231692156906e-01 3.695823250232161405e-01 3.795989514563886669e-01 3.601135870294951968e-01 3.600722259396214042e-01 3.883365460544548342e-01 3.925245915183072087e-01 3.806630872193096926e-01 4.124914805274600416e-01 4.062033285191845589e-01 3.821748835062775962e-01 4.490535020559378587e-01 4.371886942268726206e-01 4.366826689929355076e-01 4.595305527787336697e-01 4.391406124786408904e-01 4.527067141898533098e-01 4.594910671449140005e-01 4.173764608730796688e-01 4.183209650703101357e-01 4.048135649568665451e-01 4.215503671162275090e-01 4.154311823617117816e-01 4.325929698456656425e-01 4.328686053486750507e-01 4.304497083624939657e-01 4.193425040543437010e-01 4.135275371836809044e-01 3.934515482774866291e-01 3.984555903779105623e-01 4.156954189755032725e-01 3.709046819852000465e-01 3.775205212995340620e-01 4.161062210281400997e-01 3.770964374653472673e-01 3.704547892417450194e-01 3.932375239882081597e-01 3.738096690034670155e-01 3.394957139413802283e-01 3.503154559926822675e-01 3.729345017161671549e-01 3.926576517722961124e-01 3.595693564358555805e-01 3.773181691398094229e-01 3.616185794645625506e-01 3.668355849580457462e-01 3.667547499481546014e-01 3.595558719275303572e-01 3.832686048408965318e-01 4.029639747522782978e-01 3.563729470223161444e-01 3.702101013203676350e-01 3.789676850576834677e-01 3.567082865380151735e-01 3.598578783139615433e-01 3.505406745761622256e-01 3.609703894046690786e-01 3.648101012693932277e-01 3.829126010686791926e-01 3.708104155407873082e-01
1.124889050973397128e-02 5.541311097185733919e-02 3.913267011596021638e-01 1.000000000000000000e+00 3.620246687463626878e-01 4.029682411016300980e-01 6.152026384933481085e-01 5.683876473610053326e-01 4.822867808267193857e-01 4.116020070040784518e-01 5.729902691934428693e-01 6.447104761823053698e-01 5.496322630931348430e-01 4.678700355906632580e-01 5.927112435554402481e-01 5.993542551612396352e-01 5.064887665072054235e-01 4.509798723877355697e-01 5.164263240907854824e-01 4.746639270256091669e-01 4.745046132783601878e-01 5.720611686406023022e-01 4.687522806504960116e-01 4.879223249529913708e-01 5.468090194580953467e-01 6.264089706345334907e-01 6.471233991899038029e-01 6.116357067854198970e-01 6.002884759310890272e-01 5.178277731838802911e-01 6.279368803992949610e-01 5.615507171148022003e-01 5.173803673811450121e-01 5.492762207536954211e-01 4.757076476694846456e-01 5.868695054692600888e-01 6.116835698635202379e-01 5.551204396202659153e-01 5.697384706170732782e-01 6.493528282186905587e-01 6.072368066445438251e-01 6.187641217840562646e-01 6.444740445675795071e-01 6.261996683398258767e-01 6.248814301332584753e-01 6.060597439267811914e-01 5.518816307404292854e-01 5.542000780749707367e-01 5.855950041837961750e-01 6.029499646876369523e-01 6.009942552047107256e-01 6.240474876904943402e-01 5.984851125627476121e-01 5.472374490985346673e-01 5.569056308380613274e-01 5.664438473935883289e-01 5.887707500925762893e-01 5.597723519054131902e-01 5.585755978481995454e-01 5.730514995638881226e-01 5.855724196175825513e-01 5.599387025977151655e-01 5.696600215209585150e-01 5.833608706690495138e-01 5.901187827321375812e-01 5.819448838668387358e-01 5.677042552234643491e-01 5.784417785910261900e-01 5.695967724920876218e-01 5.872793310924355747e-01 6.026579386320111142e-01 6.045837416572066303e-01 5.790292402242934733e-01 5.984264179142081419e-01 6.226734271957667932e-01 6.100222564479859111e-01 6.075470628545807106e-01 6.078647414981414032e-01 6.186014168377694800e-01 5.693166026607360264e-01 5.978719517203088252e-01 6.125299766478411456e-01 5.789394445913447207e-01 5.525370851566517860e-01 5.659797409796377687e-01 5.735015660905802282e-01 6.010467227041619287e-01 5.718117039088491671e-01 5.724013355049610841e-01 5.757366956011130688e-01 6.042406947160181563e-01 5.988826699885345661e-01 6.078306213043191963e-01 6.000699086799218263e-01 5.624318924792318652e-01 5.669866761795833154e-01 6.204368531558113187e-01 6.076592685558072082e-01 5.870398281604181090e-01 5.954052421819031604e-01 6.015919516909755682e-01 5.842617052164573721e-01 5.930788931648909301e-01 5.945855412976247534e-01 5.956398567019002277e-01 5.975950343692874034e-01 5.803397612981725517e-01 5.680214424397200812e-01 5.788564926412228528e-01 5.753143887781604349e-01 5.715224379499143081e-01 5.715171132910915608e-01 5.626553158201773597e-01 5.830931672885113493e-01 5.728040012786008717e-01 5.751831404362754974e-01
5.181131343220477664e-02 3.684024659699981080e-02 2.179442893102516987e-01 3.620246687463626878e-01 1.000000000000000000e+00 3.077249104803252977e-01 4.598670333667381205e-01 4.454456102592348476e-01 4.263587330479108317e-01 3.859434070737013944e-01 4.673924343057918596e-01 5.049970363668061513e-01 4.690396200325652742e-01 3.952930238777859207e-01 4.973713559948481633e-01 5.089835628724106442e-01 4.075999554716647211e-01 3.752313016179009142e-01 4.212185839536226606e-01 3.925113487556129988e-01 3.762199492332135575e-01 4.395709640911458771e-01 4.125872858734369042e-01 4.060264819278884274e-01 4.207091917530627057e-01 4.652233463379560896e-01 4.710655871208407897e-01 4.771308901271000269e-01 4.342346637200551474e-01 4.178686026810932153e-01 4.727626613142584255e-01 4.615074309883910875e-01 4.226087615776861761e-01 4.604852519058623139e-01 4.099582052379567854e-01 4.740069667468234105e-01 4.762448269065552853e-01 4.765910788946559062e-01 4.778613294167973757e-01 4.896341185775345828e-01 5.060800838227097476e-01 5.050427854570957997e-01 5.181299804241816798e-01 5.101213811777961515e-01 5.043556728889673213e-01 5.009266570730054324e-01 4.820337878960115896e-01 4.769588783087526651e-01 4.867672245527880359e-01 4.861600848087649918e-01 5.040226444502552416e-01 5.174986495362856598e-01 4.991465500277268985e-01 4.789714755955834513e-01 4.771529523288918218e-01 4.845074332876814771e-01 4.904239950952159477e-01 4.866431440220476690e-01 4.837485229276903831e-01 4.915471600519082940e-01 4.918503362430953207e-01 4.847309661008190607e-01 4.884999874150450783e-01 4.881669423676823216e-01 4.883075882977637172e-01 4.969083806395161451e-01 4.840047982463620557e-01 4.865910456234469605e-01 4.822851110944563202e-01 4.966024968461378308e-01 4.974495126703692427e-01 4.948907557867259777e-01 4.917657727876766360e-01 4.916837025727674448e-01 5.001979703447090309e-01 4.912987488770625966e-01 4.920385979303327773e-01 4.861659793236042248e-01 4.949438633672189058e-01 4.760605029738532168e-01 4.925758730609491320e-01 4.898705676755806815e-01 4.835903280419153738e-01 4.718253822175626500e-01 4.778246647045105711e-01 4.883810756660090235e-01 4.922326484667413626e-01 4.897278647702857368e-01 4.855540111692996930e-01 4.828853486350325741e-01 4.979677404208797675e-01 4.956441757197761477e-01 5.015693010834718635e-01 4.931898399204762695e-01 4.834067144090493651e-01 4.768775297597717122e-01 4.978440086015272215e-01 4.965322641812655591e-01 4.922386217552157106e-01 4.963699375245718137e-01 5.044082358659541798e-01 4.920236364712723409e-01 5.013989983838258446e-01 4.979264095372676335e-01 5.014708474810700700e-01 4.935140238976063465e-01 4.849386008466546327e-01 4.810830354933289810e-01 4.888899620073903773e-01 4.895463158680268823e-01 4.867918459500517603e-01 4.865630849661221058e-01 4.825623974176773689e-01 4.915902096128227927e-01 4.852309863449943972e-01 4.912985285037572147e-01
-4.642075484714721506e-02 6.034302926326693545e-02 1.974333151168917166e-01 4.029682411016300980e-01 3.077249104803252977e-01 1.000000000000000000e+00 5.271532685536466367e-01 4.795577437673036458e-01 4.653737164096444778e-01 4.323968193501617763e-01 5.257358232057770531e-01 5.615278777837567903e-01 5.336122294792342569e-01 4.660366187892274192e-01 5.725113108522622563e-01 5.563181624292137251e-01 4.772051989433244712e-01 3.596660979901217248e-01 4.293094445736244102e-01 3.813126006439400695e-01 3.685196416538727426e-01 4.552872358311653711e-01 4.183276545654401324e-01 3.921301568671621829e-01 4.306271622363488372e-01 5.143343562073597885e-01 5.350154274997331871e-01 5.210330468833093143e-01 4.958641056047589646e-01 4.648298137590723411e-01 5.437857211275151093e-01 5.216789099235927818e-01 4.684422405731962780e-01 5.076230639414032186e-01 4.577192633002040711e-01 5.414823017311312103e-01 5.254576403012820585e-01 5.259078474445412210e-01 5.528898342837161861e-01 5.538156421300798327e-01 5.743208794238818804e-01 5.780278722083508347e-01 5.737608664894169319e-01 5.879249384201674644e-01 5.759997522643531820e-01 5.772371546003132181e-01 5.792235167240532556e-01 5.705052155487440046e-01 5.791541505269366397e-01 5.590315641773320188e-01 5.745331313179385946e-01 5.624670846782466871e-01 5.847599208741195431e-01 5.631559331250118872e-01 5.505789628881561093e-01 5.541755440437645674e-01 5.638652165334079314e-01 5.697790163911717887e-01 5.714197607676128055e-01 5.849809278382687161e-01 5.854744074722922909e-01 5.683116370780639803e-01 5.676136075600016762e-01 5.805860552675354835e-01 5.698816317361318218e-01 5.714585591227309136e-01 5.784965999384790170e-01 5.574666754220850562e-01 5.568724556304154305e-01 5.569440568132844049e-01 5.645878437995914823e-01 5.768316186425165304e-01 5.486784508191480114e-01 5.550563953983608245e-01 5.829685872059924279e-01 5.816270457017462814e-01 5.811818621670856722e-01 5.761453320469398509e-01 5.829981416878050604e-01 5.565947099981799484e-01 5.685858591875450063e-01 5.816354419694592659e-01 5.701180003682996267e-01 5.572887621931514879e-01 5.620762793439171290e-01 5.666762806146715681e-01 5.808909370954347118e-01 5.751280977825847796e-01 5.770845818535670357e-01 5.662634416026247619e-01 5.851703770629512746e-01 5.864708637052370443e-01 5.902166539742557116e-01 5.888828226114956044e-01 5.816329945516066635e-01 5.779764860276727090e-01 5.866887459937809579e-01 5.836813459310831176e-01 5.902502245764603694e-01 5.839107455767811317e-01 5.931165922064938201e-01 5.844247671271630695e-01 5.874578602468365496e-01 5.901403704483663137e-01 5.823472198567025693e-01 5.800006123634472432e-01 5.829687360456601297e-01 5.758622908684420949e-01 5.775856694857202100e-01 5.844882297841009766e-01 5.779036767237543115e-01 5.844339126366208115e-01 5.762949811645122766e-01 5.874692755395931609e-01 5.776496937505700702e-01 5.814725855721797343e-01
2.182383165383264267e-02 1.071875549038211889e-01 3.784316617619501999e-01 6.152026384933481085e-01 4.598670333667381205e-01 5.271532685536466367e-01 1.000000000000000000e+00 6.982584654470114227e-01 6.671438987446843827e-01 6.176749560414149798e-01 7.429707450494394960e-01 7.975837625790249685e-01 7.120795838914274478e-01 6.111430338852992250e-01 8.276535638388158311e-01 7.911457853698243836e-01 6.703175784920593072e-01 5.491266045234413085e-01 6.432770683797092159e-01 5.413151506132205526e-01 5.607517437659951254e-01 6.670280922362025189e-01 6.209524278065718939e-01 6.151217007684844917e-01 6.617961339182856229e-01 7.483394042827697934e-01 7.727942265870220151e-01 7.792996173940429649e-01 7.188611698856545162e-01 7.047477461379710872e-01 7.965047282300972142e-01 7.504170737530334589e-01 7.131489746930645968e-01 7.293572790736266853e-01 6.922580515986993532e-01 7.684606494621544215e-01 7.880149361476701531e-01 7.582737655557533207e-01 7.777342971426721707e-01 8.097871005854497817e-01 7.951642957323983296e-01 8.100852453673648146e-01 8.151337617808959157e-01 8.166998575429363916e-01 8.118345148652462706e-01 8.127255166758393656e-01 7.762757360948923102e-01 7.766445976366265214e-01 7.827704605930420056e-01 7.682679159350050968e-01 7.932924291286524987e-01 7.789776318158452284e-01 7.920606035511071896e-01 7.677383673286425347e-01 7.623588894972316288e-01 7.688055271359202081e-01 7.776874111126353961e-01 7.788711139776480774e-01 7.701710509050553322e-01 7.857186845216070914e-01 7.900489230575670208e-01 7.806168094229218868e-01 7.803074237427468640e-01 7.830923351382408359e-01 7.930589866297266255e-01 7.823687899474991436e-01 7.866903725746922094e-01 7.810333635572124233e-01 7.829994591959077432e-01 7.688678550553693647e-01 7.877138845714140025e-01 7.985857878060168558e-01 7.792531990735722669e-01 7.858801651384721421e-01 8.135143115535158342e-01 8.113036674896488831e-01 8.166064706495925751e-01 7.938811790266360191e-01 8.140340579262423937e-01 7.802657455043786605e-01 8.065492072692511671e-01 8.094593648588098711e-01 7.895367221408438052e-01 7.778284819474253764e-01 7.715838918951891667e-01 7.823862807916173168e-01 8.088611764001358839e-01 7.913186018212300388e-01 7.966117754153887454e-01 7.885550182194558388e-01 8.142893845590556401e-01 8.075948566060474620e-01 8.119829335790419433e-01 8.092401107226545598e-01 7.859227446696023245e-01 7.890147003203640264e-01 7.989806583185182776e-01 7.895366520272044664e-01 7.961194410500397334e-01 8.032595360908297843e-01 8.084613832041508408e-01 7.915469365276200930e-01 7.971127120731509308e-01 7.988268947071642812e-01 7.952992079170901896e-01 7.956011415869855830e-01 7.902770592329831922e-01 7.909047355991477568e-01 7.940526745997180669e-01 7.916205868104703169e-01 7.905302616945552030e-01 7.920233743579482288e-01 7.845568983401622898e-01 7.926312516538819297e-01 7.869497836554421033e-01 7.856764878543042174e-01
2.295495173828591279e-02 8.771996674044971187e-02 3.194120114040171488e-01 5.683876473610053326e-01 4.454456102592348476e-01 4.795577437673036458e-01 6.982584654470114227e-01 1.000000000000000000e+00 6.829390520105099727e-01 6.450796707337181912e-01 7.366097578403875135e-01 7.881762461743330173e-01 7.135442426739230237e-01 6.197216876619923154e-01 7.932048941485126958e-01 8.103926964111956011e-01 6.753804649536077065e-01 5.161120651952112448e-01 5.978350021252110125e-01 5.289631951203741522e-01 5.245818823235158801e-01 6.000608709046911793e-01 5.750719738951644011e-01 5.706262341958714401e-01 5.963569466168550104e-01 7.131178581464791000e-01 7.166989844642832619e-01 7.203777793503114424e-01 6.726176246674034909e-01 6.575149912092073112e-01 7.397174538252173637e-01 7.396921110185012971e-01 6.899990478520842130e-01 7.370303868067776820e-01 6.778053381093480656e-01 7.488074062418882404e-01 7.275815099707300115e-01 7.813953634387508229e-01 7.805152534643953199e-01 7.671686812985490933e-01 7.945229177788265540e-01 8.068544163805040359e-01 8.030946184029061907e-01 8.102719467945037612e-01 7.844145732841040219e-01 7.975266892439080157e-01 7.987820562908393152e-01 7.954868287452637743e-01 8.029130706256781824e-01 7.972918176680526825e-01 8.040973347174705799e-01 7.918068976591314811e-01 7.990074097537285258e-01 7.849813713429200090e-01 7.811396593025671242e-01 7.705777262198828526e-01 7.852060704656852463e-01 7.975369192047145894e-01 7.907005234004286232e-01 8.014686074645662739e-01 8.081345525570921007e-01 7.908968777660165816e-01 7.983381005827127064e-01 8.045261510420228523e-01 7.949421773247800083e-01 7.907818076667822993e-01 7.950160947228421815e-01 7.788553915129201588e-01 7.728166971411366548e-01 7.663172533540751896e-01 7.747024656440423263e-01 7.877774977771339060e-01 7.730024004696739448e-01 7.707266238653638357e-01 8.016490039896787545e-01 7.977619642224690333e-01 7.988473445521011573e-01 7.853969700459072500e-01 8.018668844575576049e-01 7.710929429348688524e-01 7.828319471804440211e-01 7.961725280891791545e-01 7.853605090563205993e-01 7.741263343992089707e-01 7.965656572969819216e-01 7.998086613495163366e-01 7.945015703717311917e-01 8.066352029902992271e-01 8.019262427751149280e-01 7.815320057100091367e-01 8.034201998160570568e-01 8.126172936572280125e-01 8.044006038895625821e-01 8.073522360629323824e-01 8.006430387906304791e-01 8.017145529254262604e-01 8.122595438575077598e-01 8.044372707583554716e-01 8.115456410428083522e-01 8.136255894125279386e-01 8.164033573147045919e-01 8.082085107378675914e-01 8.071662012895900462e-01 8.134417142012326796e-01 8.098202530621061435e-01 7.991641827403634935e-01 8.084076695232103038e-01 8.017957591387770977e-01 8.049666162055342244e-01 8.064062275882852848e-01 8.037851730081314594e-01 8.036687400028919015e-01 8.009511787586898190e-01 8.087945213579812442e-01 8.005386141144849033e-01 8.004038481115473003e-01
2.536384954662686542e-01 2.298263376673683189e-01 4.013325482309726411e-01 4.822867808267193857e-01 4.263587330479108317e-01 4.653737164096444778e-01 6.671438987446843827e-01 6.829390520105099727e-01 1.000000000000000000e+00 7.606805631898504449e-01 8.070613541547198011e-01 8.061930107137642576e-01 7.109507512403122620e-01 6.261433745337189327e-01 8.002806450442137010e-01 8.208245702158907253e-01 8.320620803628039353e-01 7.107469297732879054e-01 7.353438289591304189e-01 6.695031861470484014e-01 6.876013447967440628e-01 6.953819623607322420e-01 7.538508525088538637e-01 7.039499246931927301e-01 6.937548793416687953e-01 8.178863735018572223e-01 8.049907563260831900e-01 8.062580841561004519e-01 7.601543020314871502e-01 8.026977915297694999e-01 8.302487041870734163e-01 8.729207390480944184e-01 8.084349320803395633e-01 8.409852137101117009e-01 8.195587020605503703e-01 8.296141950940861820e-01 8.180836224912253485e-01 8.647862239519004124e-01 8.610132726651662516e-01 7.930472540972419715e-01 8.609197075569717805e-01 8.347487888391247335e-01 8.030157383271870897e-01 8.479853647471229383e-01 8.524971941215396809e-01 8.476293638610823411e-01 8.466471088138520784e-01 8.711027740988110946e-01 8.658386839183521699e-01 8.477433506179249401e-01 8.664832477432703461e-01 8.205779848578921287e-01 8.470660984105765623e-01 8.841122240433889612e-01 8.777636225884772880e-01 8.756028684363749148e-01 8.763802520853986033e-01 8.595436002639355033e-01 8.714900465199908464e-01 8.614738948517965955e-01 8.450755626803422293e-01 8.735560574399661160e-01 8.732360111729832175e-01 8.643900703713975897e-01 8.750249395938061170e-01 8.784459089149738720e-01 8.763989775456612064e-01 8.789050930311538279e-01 8.790158712763291859e-01 8.565356977498618241e-01 8.549116483853707038e-01 8.569982646370226664e-01 8.627494229430905381e-01 8.474380777376951945e-01 8.623603056700550606e-01 8.639421150010231365e-01 8.587418187027074934e-01 8.441293952827684244e-01 8.501391649051438515e-01 8.689530330379543477e-01 8.662715143341165325e-01 8.640449197059780762e-01 8.775118498645313458e-01 8.671065567350952907e-01 8.519462831215148801e-01 8.628051897074158205e-01 8.604740422150549684e-01 8.601880645697960182e-01 8.559128849296440134e-01 8.760532012345515485e-01 8.417108958465094881e-01 8.500100043700302699e-01 8.567749629533781830e-01 8.451903773520820229e-01 8.492330247305283075e-01 8.568308004828144586e-01 8.228884717779435531e-01 8.574235909812688572e-01 8.451784210050669044e-01 8.532317144285022081e-01 8.363334328039436771e-01 8.585653894719611490e-01 8.555164208584516983e-01 8.471411613067579838e-01 8.594942705190786736e-01 8.668012229692252379e-01 8.559031042880833606e-01 8.676981271374506477e-01 8.658087369214383378e-01 8.585749997921748866e-01 8.582363333744403855e-01 8.539907848919903177e-01 8.646759497765118541e-01 8.569544689626307221e-01 8.695035034711204869e-01 8.692671996124141653e-01
1.726829239135380112e-01 2.047091281091516779e-01 3.199878378070711293e-01 4.116020070040784518e-01 3.859434070737013944e-01 4.323968193501617763e-01 6.176749560414149798e-01 6.450796707337181912e-01 7.606805631898504449e-01 1.000000000000000000e+00 7.186655284149928713e-01 7.285606720548014614e-01 6.632483107767844777e-01 5.965131634532956362e-01 7.503255806612720846e-01 7.524668968733778662e-01 7.303852219903766985e-01 5.504039985001188962e-01 6.001166708970776531e-01 5.347085421270411087e-01 5.344822716390387196e-01 5.641524599015723673e-01 6.487267898087036855e-01 5.646405929431860260e-01 5.748732529051358009e-01 7.040076515709426941e-01 6.743777835316833169e-01 6.848125959425371834e-01 6.449729470296539091e-01 6.853681397507243034e-01 7.241104777956509642e-01 7.701866204543026395e-01 6.845720213442130220e-01 7.306050545194924251e-01 6.978879067302765637e-01 7.368162303744631991e-01 7.091757081934684237e-01 7.769639079412943294e-01 7.667631726714873031e-01 7.121257205478161989e-01 7.835985793717050729e-01 7.658251992629785398e-01 7.214078378604026343e-01 7.794197568167288148e-01 7.677058890904945310e-01 7.801986949160524265e-01 7.961595523160316379e-01 8.021471878909288700e-01 7.937902845001366670e-01 7.577557914923253035e-01 7.865401887512409873e-01 7.240757028534903217e-01 7.777307700447142480e-01 8.005598758190592967e-01 7.869526714501243747e-01 8.000195142048097674e-01 7.728523481193301237e-01 7.927945476652997758e-01 7.954641423637835995e-01 7.897416783511439498e-01 7.787691229378806979e-01 7.933470727938773948e-01 7.928576990762469245e-01 7.846719626223809252e-01 7.806184219872218666e-01 7.883662642669880816e-01 8.058640968443023800e-01 7.826355887920118937e-01 7.949988503207576773e-01 7.609829847054876417e-01 7.553888255422525067e-01 7.691243900001450973e-01 7.636569439476574850e-01 7.532739861314012852e-01 7.854338021653241020e-01 7.815914306508187082e-01 7.795820766386434286e-01 7.663905797724881452e-01 7.743080613277759650e-01 7.784889060185434806e-01 7.805402860952361799e-01 7.846543353000368093e-01 7.972604704039554235e-01 7.787960643197247013e-01 7.798176327681268782e-01 7.866512046734623897e-01 7.823964491272906718e-01 7.960885212667210276e-01 7.886316486998109498e-01 7.989057108694842535e-01 7.784833989630609574e-01 7.890373726428698831e-01 7.875408439809364891e-01 7.808731525767459436e-01 7.942253328979874683e-01 7.946340133039331288e-01 7.581178028817709968e-01 7.758110040043851852e-01 7.830690198737837449e-01 7.876721560000483624e-01 7.750607974994206950e-01 7.909397204542196747e-01 7.891050836297438531e-01 7.858038011768772035e-01 7.825679049342576521e-01 7.800668078942989414e-01 7.915980590030290420e-01 8.005806478076836763e-01 7.969234261124598095e-01 7.937584572036717745e-01 7.958126202993864862e-01 7.942923585389420893e-01 7.964995391546271231e-01 7.889809827654488128e-01 7.944216230113293475e-01 7.949244077892880789e-01
1.141521532324221433e-01 1.528250966105419162e-01 4.126342782238078821e-01 5.729902691934428693e-01 4.673924343057918596e-01 5.257358232057770531e-01 7.429707450494394960e-01 7.366097578403875135e-01 8.070613541547198011e-01 7.186655284149928713e-01 1.000000000000000000e+00 8.673800001970261020e-01 7.576599571670971089e-01 6.760737471109379282e-01 8.637094131908357175e-01 8.647653421123211448e-01 7.956865535597682504e-01 6.846653785891787525e-01 7.549802882520554315e-01 6.520807531883083819e-01 6.772957346955773561e-01 7.412081737802598269e-01 7.453469953450989616e-01 7.179640178098025682e-01 7.354179121040758105e-01 8.460839966190887296e-01 8.443283831925989524e-01 8.480683316675523553e-01 7.776253083050194137e-01 8.156656380932839623e-01 8.734282725473526687e-01 8.741633874235011925e-01 8.268589922403111192e-01 8.580166061277075817e-01 8.234800945088138757e-01 8.689838888601232325e-01 8.663440826217153612e-01 8.770667069287093609e-01 8.924486523757094725e-01 8.608013605660225220e-01 8.971960431786880630e-01 8.927882140269852718e-01 8.825283363979986584e-01 8.963240013700299880e-01 8.997229251429196273e-01 8.949832542557850656e-01 8.797768646781467528e-01 8.844881447531490748e-01 8.903037303961406357e-01 8.824615136048772346e-01 8.962177949310105030e-01 8.710982028444633762e-01 8.838771719540531313e-01 8.831854162896772831e-01 8.862363831957371652e-01 8.877276170142647249e-01 8.872608692523973328e-01 8.867539855444597219e-01 8.872691775210981291e-01 8.891067872941288419e-01 8.883895200880083109e-01 8.897774024969981044e-01 8.920749736276799569e-01 8.930722433951626682e-01 8.969720562537764064e-01 8.951011720894863632e-01 8.968970206928825739e-01 9.023480221004521740e-01 8.988040171185922578e-01 8.809240617843723253e-01 8.940688117703489146e-01 8.987785741177415355e-01 8.896677034343728474e-01 8.879091496442108600e-01 9.020239493755187743e-01 9.021214382951430188e-01 8.974352808096937029e-01 8.753552116771723401e-01 8.962043186754942159e-01 8.901252448947954976e-01 9.006677397869014001e-01 9.024499614884791132e-01 8.994477394954386584e-01 8.923153706692037446e-01 8.897334221742703164e-01 8.977626417223004696e-01 9.049005149510849222e-01 8.942164590783230338e-01 8.968520792470777714e-01 8.944686523698855973e-01 8.957216451328953166e-01 8.948903879740216505e-01 9.044410132026186044e-01 8.959735625505645951e-01 8.861187250867427201e-01 8.877693493108730349e-01 8.856005772710759949e-01 8.916995577120708782e-01 8.896197667842814516e-01 8.959770634753831953e-01 8.912115385816082869e-01 8.940916522978710201e-01 8.949909225348137154e-01 8.935037874675192393e-01 8.990505192763499354e-01 8.960224191062190480e-01 8.900704044407203863e-01 8.909579272515802950e-01 8.944648952803374575e-01 8.908494278168129776e-01 8.903949031513930246e-01 8.889866988831692796e-01 8.905078514833129066e-01 8.938887216251381052e-01 8.958760363829915141e-01 8.955304981950130694e-01
5.456644766770434724e-02 1.500438296351563894e-01 4.097153773304859081e-01 6.447104761823053698e-01 5.049970363668061513e-01 5.615278777837567903e-01 7.975837625790249685e-01 7.881762461743330173e-01 8.061930107137642576e-01 7.285606720548014614e-01 8.673800001970261020e-01 1.000000000000000000e+00 8.143281870906668996e-01 7.099798926104254893e-01 9.010473008968958863e-01 9.045971440500620853e-01 8.077476736868814955e-01 6.556910180382981013e-01 7.403230882439012506e-01 6.626782107928677057e-01 6.562840024139221518e-01 7.479789276586220614e-01 7.237698865241271040e-01 6.944497783433115634e-01 7.390712005806274743e-01 8.656596027648363334e-01 8.687778414690523476e-01 8.646358057728628088e-01 8.040129718861793728e-01 7.944448092215968815e-01 8.900610728039087816e-01 8.821699447413013928e-01 8.181684862775360223e-01 8.582587762105240436e-01 7.968087956065436073e-01 8.881463594899453584e-01 8.739618125933310555e-01 8.901895024469549389e-01 9.056574140150095431e-01 9.041600744395565936e-01 9.273745341385307706e-01 9.287352690441021963e-01 9.247910372279742885e-01 9.400046120799212535e-01 9.308794160989150024e-01 9.254268883349571206e-01 9.156614863423947481e-01 9.160161381556620741e-01 9.262430494300057937e-01 9.128660647866810862e-01 9.292219256028928509e-01 9.132705171399272404e-01 9.220245243281099956e-01 9.120277272187824469e-01 9.058336094962186058e-01 9.111122017086962233e-01 9.185879697618078987e-01 9.178477468940730022e-01 9.169720447715811185e-01 9.267726749275164710e-01 9.270450793379254595e-01 9.198442733756623246e-01 9.203501842998044191e-01 9.275084077104316371e-01 9.269566369145795237e-01 9.272551508371579265e-01 9.240743928472896496e-01 9.166130887589682974e-01 9.117215843660944063e-01 9.075846643123610669e-01 9.166078720668302537e-01 9.265430842473051376e-01 9.039963421496467477e-01 9.098911125311545112e-01 9.394807649840665187e-01 9.333131803775295277e-01 9.319077098947576854e-01 9.137460079370587351e-01 9.360859610830417621e-01 9.084133450233253804e-01 9.236368265311013515e-01 9.327961251370249229e-01 9.219469481855513404e-01 9.056528713431791777e-01 9.120529261212089178e-01 9.213316548648010640e-01 9.314368294118940961e-01 9.247780160114369430e-01 9.254094026561322517e-01 9.192495161310798579e-01 9.317478243589857323e-01 9.351592801198395088e-01 9.382974801018736377e-01 9.345827429297797195e-01 9.217532090587325921e-01 9.242295288879504023e-01 9.285376654656940509e-01 9.282441887454846441e-01 9.282138118407847749e-01 9.327106502288668999e-01 9.340513244095796086e-01 9.298657883574936722e-01 9.318449586766995862e-01 9.344365249541493057e-01 9.343114580576974415e-01 9.289255935486122606e-01 9.281488573560834343e-01 9.243815014385777795e-01 9.293834946582618661e-01 9.280674575827397854e-01 9.261819922460140520e-01 9.264433769841217137e-01 9.232843096452119092e-01 9.298315441403233184e-01 9.269493552748556686e-01 9.280057967526450513e-01
-1.232024422683419829e-02 1.115399749558307341e-01 3.101435317632491029e-01 5.496322630931348430e-01 4.690396200325652742e-01 5.336122294792342569e-01 7.120795838914274478e-01 7.135442426739230237e-01 7.109507512403122620e-01 6.632483107767844777e-01 7.576599571670971089e-01 8.143281870906668996e-01 1.000000000000000000e+00 6.610404371263499668e-01 8.255797451577208124e-01 8.255142841904764550e-01 6.799140163813205406e-01 5.146438074707115895e-01 6.118285505393757928e-01 5.557442271150019319e-01 5.167309022748399761e-01 6.261023187462502193e-01 6.080683814665298614e-01 5.714816679157868062e-01 6.168058768371356138e-01 7.418694260118581241e-01 7.430887207840313202e-01 7.436207929087914614e-01 6.814523562697557546e-01 6.755547369425835003e-01 7.644099175115524059e-01 7.609769747298400500e-01 7.022481666690678637e-01 7.410492034450283372e-01 6.895689715384926144e-01 7.709502593177148810e-01 7.596747995619947957e-01 7.849208942306774572e-01 8.038182413530066128e-01 7.882061604667280896e-01 8.291190562323392799e-01 8.328393331643098030e-01 8.248501919022172002e-01 8.391270864437930799e-01 8.178417785583760313e-01 8.260132354745891581e-01 8.368442068568595626e-01 8.290235455356816940e-01 8.323154931500712506e-01 8.037779784630745272e-01 8.287176526745549943e-01 8.077315663620344699e-01 8.312676291702292275e-01 8.149754620080396084e-01 8.052340424725880075e-01 8.047519816797822356e-01 8.073367225855883067e-01 8.315488494713728640e-01 8.234136140496964851e-01 8.380241642346747399e-01 8.391958577364019289e-01 8.256990587388327585e-01 8.245544199447145672e-01 8.355331411749254977e-01 8.220441207724333843e-01 8.245405279668023280e-01 8.277511496355139942e-01 8.054687236222396463e-01 8.046383534220473699e-01 8.019360309512537643e-01 8.048521412786094897e-01 8.205608268563729935e-01 7.952052519363215222e-01 8.015054729157473634e-01 8.377541791862400666e-01 8.323596677955128476e-01 8.324139206417751069e-01 8.087938461735505458e-01 8.372710619134623444e-01 8.082783474134410673e-01 8.198852757051712237e-01 8.299317953138432014e-01 8.145729791821989529e-01 8.102138947108538103e-01 8.159939072904023316e-01 8.229750433616676020e-01 8.305150732657264889e-01 8.351783733835149715e-01 8.336840659916129326e-01 8.145185063258125746e-01 8.396087216855261381e-01 8.434385281195262429e-01 8.432980405173375882e-01 8.443742391786255297e-01 8.380876762320340623e-01 8.363086887307176198e-01 8.360182416258045146e-01 8.278112900930489904e-01 8.413008504055136116e-01 8.400514200749634730e-01 8.462085533093124390e-01 8.383555440034219375e-01 8.425786781254944735e-01 8.458414363107910061e-01 8.376899072711516681e-01 8.256763823890665988e-01 8.386586196454113296e-01 8.328972438479702589e-01 8.356323724522772833e-01 8.396892287073549621e-01 8.367187657651345978e-01 8.404095227899854859e-01 8.341937692906816748e-01 8.402255187321087115e-01 8.306564983415780645e-01 8.351162129099086728e-01
