1.000000000000000000e+00 1.843131596610089185e-01 1.834745734828633901e-01 4.398216689980699590e-02 -7.509798281969268935e-03 3.374862468158638246e-02 1.454916344907482804e-02 3.786989330895011718e-02 1.343443326267051985e-01 5.834222389362130751e-02 3.304413235851952346e-02 1.323857978029166146e-02 1.030869321446221780e-02 1.481196888642281884e-02 -5.740375854684209508e-03 2.838950894945024839e-02 1.145151383885862212e-01 9.769283514972759708e-02 9.291273882932217509e-02 3.431828414388364556e-02 9.933299391701522207e-02 1.064975784834571032e-01 1.044265153020507847e-01 7.921060286067554967e-02 7.094894080408153947e-02 5.562836731021971598e-02 5.642695925414792368e-02 5.505639008786488570e-02 1.041885237541914505e-01 8.384489546775075741e-02 6.854031385623619854e-02 8.782627387142340203e-02 7.993821137129876464e-02 8.083183832474914732e-02 8.112159847625924347e-02 4.236277512123477751e-02 4.549684682975792954e-02 4.932745815705450593e-02 4.029910478693623371e-02 -2.059392251187333947e-02 1.547509926956497014e-02 9.879367349042083440e-03 -7.193057728633312636e-03 2.571057398424133819e-02 1.197625459607323112e-02 1.804429888553185299e-02 1.092247743642475559e-02 2.350792624845050513e-02 3.239606442210579695e-02 4.272224317835918161e-02 3.693423658176007290e-02 1.299076866741603366e-02 2.186237899006348781e-02 3.871899647544548712e-02 3.385454899151835173e-02 2.254423893877596785e-02 4.494484717065162088e-02 7.126022543137843814e-03 2.721727989793788424e-02 2.418488037625063369e-02 9.679783492682478979e-03 2.820047212357395389e-02 2.782780523128977959e-02 3.418489834523102955e-02 4.968354488572388622e-02 4.256900074091587993e-02 3.001103831697473842e-02 4.027339999251585562e-02 4.845431547935502570e-02 2.759103360276625450e-02 3.389208022513329199e-02 3.532826021517488507e-02 3.578778845373467576e-02 2.583025710410327344e-02 2.498247450020497223e-02 3.135316923995690869e-02 3.040384903919523749e-02 5.141895148965076184e-02 2.232593777207936281e-02 3.238792886591248393e-02 3.666750260743724399e-02 2.646889853955733743e-02 4.038215828058790841e-02 3.943626637240148225e-02 3.480281153995383459e-02 3.278830328542076122e-02 1.596268415886659478e-02 1.973081395296785029e-02 1.880543188940746527e-02 1.707258241766206400e-02 1.039238909851467399e-02 9.211443677375844366e-03 4.718695115763057307e-03 7.528315973705350557e-03 6.864278026123652419e-03 1.212858264636112841e-02 -4.234033898130208987e-03 3.272986100518775893e-02 -6.365258598810881897e-05 1.741706306591602957e-02 -8.489818217029590150e-03 1.992844045340954814e-02 9.456712127265972864e-03 6.941356925983664834e-03 8.063156804440882106e-03 1.933924685507670133e-02 2.470597224019056154e-02 1.694380106461436733e-02 1.529019450267970689e-02 5.731202048219590124e-03 7.991201134931232714e-03 1.212324505946100507e-02 1.642802513674871193e-02 1.722659714482231014e-02 3.009486973740031768e-02 1.845466683485621692e-02
1.843131596610089185e-01 1.000000000000000000e+00 1.834641593303802942e-01 8.754811375093045356e-02 7.581413121776785224e-02 9.263110742856227320e-02 1.516017619975550124e-01 1.445855785229929746e-01 2.103420461974164213e-01 2.045209564346410769e-01 1.554203301139499838e-01 1.467344147488001682e-01 1.220894930876814111e-01 1.226787430719812194e-01 1.531613956773574814e-01 1.621528004850172067e-01 1.857447743442736388e-01 2.105464937087638266e-01 2.082797331425879361e-01 1.332611005022193706e-01 1.813964177319488669e-01 1.914163645406846415e-01 2.407647777418119583e-01 2.241372862782572417e-01 1.843060210044402125e-01 2.017109755845597763e-01 1.820996514158936819e-01 2.077335158563675399e-01 2.215290292833512475e-01 2.062998517162093481e-01 1.864651145532690291e-01 2.307230813718652018e-01 2.181197745175510738e-01 2.117177988993713955e-01 2.061039338121990194e-01 1.682877331849069180e-01 1.800642747497867568e-01 2.064080310129096651e-01 1.852326219984311573e-01 1.605299307586325885e-01 1.677010838864599340e-01 1.763251087873493050e-01 1.423630851339073300e-01 1.744661485960121994e-01 1.568594698875256377e-01 1.718829359364487386e-01 1.554014696296333597e-01 1.686315680565107500e-01 1.660896372928593323e-01 1.727951585937765044e-01 1.786917410100162806e-01 1.013466755467381242e-01 1.307476551034809087e-01 1.727902520512553108e-01 1.712703616046496180e-01 1.804011461733580068e-01 1.534707511389279688e-01 1.545409383777631707e-01 1.712556919816687895e-01 1.565356771177463246e-01 1.464174842974449997e-01 1.658196111141491402e-01 1.615802667198352749e-01 1.673956526009938994e-01 1.525298582001121950e-01 1.594746377924903813e-01 1.676762397488339995e-01 1.809368243933876241e-01 1.959923335603589445e-01 1.672527144378860020e-01 1.673388917814432053e-01 1.690927114641143925e-01 1.924150657287221899e-01 1.763532212350094330e-01 1.707368830991135289e-01 1.693129087459917803e-01 1.742853587428459805e-01 1.882325601196739862e-01 1.716289454151689042e-01 1.664355690447841263e-01 1.671178032945728753e-01 1.652313330374235445e-01 1.785340777173651805e-01 1.773745542140128528e-01 1.737012722457280112e-01 1.765502749290519258e-01 1.633392531280026538e-01 1.741566608101751956e-01 1.659667137204468568e-01 1.689134176812352450e-01 1.717126685302672318e-01 1.615308814299489248e-01 1.529492242964673454e-01 1.612823178106532751e-01 1.511300318629668349e-01 1.603356562638687532e-01 1.370698779259519051e-01 1.267684346248778571e-01 1.376184856158914338e-01 1.602718814450742324e-01 1.439614612159834384e-01 1.497769948868343803e-01 1.366232221149002168e-01 1.506606089801798554e-01 1.329713650008783055e-01 1.365701779523250947e-01 1.564187171353596251e-01 1.633574497084697985e-01 1.618681672685357009e-01 1.521309005475150467e-01 1.545075831230196817e-01 1.498255149492985494e-01 1.513238541521535752e-01 1.487922419823743403e-01 1.561840123659590240e-01 1.407977726055796575e-01
1.834745734828633901e-01 1.834641593303802942e-01 1.000000000000000000e+00 3.692974192334524397e-01 1.986371229994847443e-01 2.211185111336010922e-01 3.607572037903598039e-01 3.581996751755532893e-01 3.796503716829289221e-01 3.502056062457171159e-01 3.706917292158268817e-01 4.019875355034943087e-01 3.416249593155764042e-01 3.317399527262239189e-01 3.725692854574862989e-01 3.931321236584874312e-01 3.580182761506126576e-01 3.912285914768699469e-01 4.004510578689227662e-01 3.756110860285833408e-01 3.710330602478419393e-01 4.146658705890858276e-01 4.436273755688628362e-01 4.248595834115108105e-01 4.137221219111134052e-01 4.194689292773712830e-01 4.041175485940096124e-01 4.136643840830035446e-01 4.350390143318213498e-01 4.325662298697495745e-01 4.307248231100049840e-01 4.318305084700300722e-01 3.997276227892055944e-01 4.269261123935463864e-01 4.010517294465032467e-01 3.741913019784462446e-01 4.034749872218792999e-01 3.893006239159659265e-01 3.910042187912300959e-01 3.503428037939413930e-01 3.792434553238911987e-01 3.796627190558473086e-01 3.679270940500622977e-01 3.899143759809121645e-01 3.879520778125254421e-01 3.803603537459710471e-01 3.699886398260952558e-01 3.739990518187525925e-01 3.797464701308722046e-01 3.816243436189032390e-01 3.844335065397843088e-01 3.640647420135859624e-01 3.779034592218062372e-01 3.779279142117212831e-01 3.799874937655142726e-01 3.851572119038693676e-01 3.830849749717423758e-01 3.632932928512435655e-01 3.781809860231475362e-01 3.747022337724614238e-01 3.769453792186242547e-01 3.814227050268738095e-01 3.770007804622712011e-01 3.822404313626847627e-01 3.856664466639936895e-01 3.881714580177775265e-01 3.781936960519131641e-01 4.033510974111683134e-01 4.111788854469308752e-01 4.105339562223616068e-01 4.012022187745622470e-01 3.950737631112238857e-01 4.068374721521155757e-01 4.005350743203280328e-01 3.905489512539567221e-01 3.943563943923218407e-01 3.888083998739884639e-01 3.983408303340176260e-01 3.916647907356796132e-01 3.913079236488790635e-01 3.889422717344328539e-01 3.864600453390085177e-01 3.928010244279676599e-01 3.940103875451225757e-01 3.929861416284801123e-01 3.985035738092747581e-01 3.815041359906646834e-01 3.852610290407436633e-01 3.821876549342289597e-01 3.848114039838462230e-01 3.885553157313484385e-01 3.750551604146095119e-01 3.764686529000241810e-01 3.771851864390582953e-01 3.635538080967264940e-01 3.665065332703140721e-01 3.729826824390716222e-01 3.707763814771433686e-01 3.690916129512162858e-01 3.803602988827904374e-01 3.724793666793612124e-01 3.762994614326726772e-01 3.766959115802165914e-01 3.716881242831019394e-01 3.719267763561253104e-01 3.780451757095453225e-01 3.769101917777942790e-01 3.710702065074572564e-01 3.793243077062611324e-01 3.677317922927999527e-01 3.720968762149177711e-01 3.711123950101514746e-01 3.773964110607253564e-01 3.759561832751645571e-01 3.766023992686489130e-01 3.785656484169126479e-01
4.398216689980699590e-02 8.754811375093045356e-02 3.692974192334524397e-01 1.000000000000000000e+00 3.250144857633764373e-01 4.069183525964583104e-01 5.561230381681879775e-01 5.225063909959974939e-01 5.226067247806029936e-01 4.940323757676839955e-01 5.705230974814032852e-01 6.374832377637341674e-01 5.505334571550665190e-01 5.092534555011494213e-01 5.993519392733006601e-01 6.046522143140125038e-01 5.228526284266068469e-01 4.893679827492100620e-01 5.404570270093972395e-01 5.447798331056897814e-01 4.923699660564640479e-01 5.849242942921144550e-01 5.243233160937714743e-01 5.296155835103553144e-01 5.863630823852561402e-01 5.981782156987747179e-01 6.020009743105181332e-01 5.839191110749598623e-01 5.736295680249202666e-01 5.997216548437001027e-01 6.147915341809460088e-01 5.721006679907649772e-01 5.571969692611284941e-01 5.729269048053020619e-01 5.560262843104543107e-01 5.676742732231100375e-01 5.902597867485179783e-01 5.753700675121847796e-01 5.891811057753344461e-01 5.685083680907966341e-01 5.940997700386705382e-01 5.910202589387898442e-01 6.042581663899727618e-01 6.107454717940490330e-01 6.061791561482650081e-01 5.980342243542061675e-01 5.906482082679579415e-01 5.914997549514946495e-01 5.956134590278878704e-01 5.868017013334504428e-01 5.923355029476017330e-01 6.228125655771614699e-01 6.174591868116915405e-01 5.913568623663324475e-01 5.863045813371187132e-01 5.820184804419678004e-01 5.932506861463079373e-01 5.930323812840306852e-01 5.894378637248958164e-01 6.016734990378111991e-01 6.106858247617975577e-01 5.987950971996943705e-01 5.896845615497349202e-01 5.974096802488159108e-01 6.062940510785483905e-01 6.037134852180094935e-01 5.980041527282865532e-01 6.015833190302057876e-01 5.956954223336025089e-01 6.236449049716495940e-01 6.207013809909660562e-01 6.101447638756152259e-01 6.026073357586263501e-01 6.166908137754679720e-01 6.068999050136382190e-01 6.060673522051138740e-01 5.975542403524053414e-01 5.904657745781282108e-01 6.048776935623670914e-01 6.010866365026865665e-01 5.936513208467013580e-01 6.032958395565961585e-01 6.007852070513286513e-01 5.955126500290642833e-01 6.040152809192483874e-01 6.038040133492212913e-01 6.009706966643428849e-01 6.016036626091429973e-01 6.001393297950924355e-01 6.018888208991103328e-01 6.036195595317767060e-01 6.022638320849902360e-01 6.065495912814479196e-01 6.008063106034964296e-01 5.938118495956181686e-01 5.923662006160903548e-01 6.139504055024825879e-01 6.183024355422461760e-01 6.122569250676964669e-01 6.081263245933846706e-01 6.078550156867347232e-01 6.096331459359852767e-01 6.149320471766850371e-01 6.054767544512599242e-01 6.207913755317154836e-01 6.107024528012843234e-01 6.037134775058925484e-01 5.913581082767473962e-01 5.975773485643297578e-01 5.988326376606729617e-01 6.027968909260192909e-01 6.025562708475129536e-01 6.051407250194383858e-01 6.084260030572420375e-01 6.045809657274101578e-01 6.157033629401108543e-01
-7.509798281969268935e-03 7.581413121776785224e-02 1.986371229994847443e-01 3.250144857633764373e-01 1.000000000000000000e+00 3.049430165627003975e-01 4.206667896353749048e-01 4.157025436011647646e-01 4.178947620342406410e-01 3.985643516157875155e-01 4.358100637752112538e-01 4.650118576890089339e-01 4.360404303901714851e-01 4.168958221784592744e-01 4.900028130333783372e-01 4.741533896651025093e-01 3.773103127813304813e-01 3.484315312816719801e-01 3.775390536579047995e-01 3.737346190296146897e-01 3.428146614655067648e-01 3.950124462349312027e-01 4.011222510805813046e-01 3.886447259894030282e-01 4.043835976280465427e-01 4.407484847100638925e-01 4.430020404138614309e-01 4.452369779383688608e-01 4.108204560498751601e-01 4.553550044138889308e-01 4.700031188688635342e-01 4.469977899395167209e-01 4.275611617896214467e-01 4.453013267888048521e-01 4.390786351526294595e-01 4.381712036325280391e-01 4.614103573147658177e-01 4.572527156871040721e-01 4.641787310711496528e-01 4.483937071216524406e-01 4.756566965780364975e-01 4.706697258115705718e-01 4.732769931309275258e-01 4.817554485898263295e-01 4.795079448004734846e-01 4.729813080036166517e-01 4.871799700136454914e-01 4.827429261023313822e-01 4.746291590384633663e-01 4.585014938768584014e-01 4.706742497889438437e-01 4.652121962648893549e-01 4.815247255971893403e-01 4.753959117232415821e-01 4.631008627776529440e-01 4.726184217533039300e-01 4.578854145674569609e-01 4.847564740728751431e-01 4.751758966386230854e-01 4.888328050178768480e-01 4.838159101821214447e-01 4.812993573439972583e-01 4.655847846789086253e-01 4.754956674043729903e-01 4.648686112985572216e-01 4.801110804454528092e-01 4.820293164330435309e-01 4.735141332601273123e-01 4.744129839198057419e-01 4.790465676269991535e-01 4.786176454747378406e-01 4.750604543502474075e-01 4.750871648741496478e-01 4.815907351250975355e-01 4.820963856662779379e-01 4.767521001449079310e-01 4.795812549875984043e-01 4.639356838759127744e-01 4.837508182677851543e-01 4.836341713205233317e-01 4.801415650078999509e-01 4.863741739520417440e-01 4.760121790302409006e-01 4.767263444490662527e-01 4.779083063093113593e-01 4.814415030550414643e-01 4.824130593426467772e-01 4.856742670713335985e-01 4.832999460430641991e-01 4.843013366929543873e-01 4.828120763753397382e-01 4.883620168694066122e-01 4.894060062879250217e-01 4.856172774773382383e-01 4.853171931848485610e-01 4.859192584571189744e-01 4.793018301640870615e-01 4.714124605423502534e-01 4.836934516409340246e-01 4.831504951191821218e-01 4.847928922390165041e-01 4.807836749384609143e-01 4.920070008200137512e-01 4.874759580005205151e-01 4.848633818689376818e-01 4.750435905230880884e-01 4.846706386365197128e-01 4.853662416209973407e-01 4.832131995690033821e-01 4.879081822532693180e-01 4.853317149487895166e-01 4.860285196502893146e-01 4.845426278582964930e-01 4.819236114639474655e-01 4.793518518264385797e-01 4.882459484580136122e-01
3.374862468158638246e-02 9.263110742856227320e-02 2.211185111336010922e-01 4.069183525964583104e-01 3.049430165627003975e-01 1.000000000000000000e+00 4.915046986627066850e-01 4.895463237158739211e-01 5.223771496243762025e-01 4.637727728927162896e-01 5.281467949070116630e-01 5.664440552910161575e-01 5.162323614695065732e-01 4.932111422052136707e-01 5.626044184313852003e-01 5.596996137524955506e-01 5.084070404141898258e-01 4.178328521373295135e-01 4.644785848080384971e-01 4.321575853788456323e-01 4.293866698990286834e-01 4.948080698665964783e-01 4.674363624651347582e-01 4.444545210190934958e-01 4.833246620213685341e-01 5.266215364323050263e-01 5.373816543461483741e-01 5.381960934139529140e-01 5.165149778124733526e-01 5.520829014330912443e-01 5.637483907807613326e-01 5.374685216036598767e-01 5.296166445281910162e-01 5.411803874485571209e-01 5.375948536713460735e-01 5.486912913877238784e-01 5.665780116309298009e-01 5.498865940137244168e-01 5.644611915286847914e-01 5.356139735402737356e-01 5.685829377712192656e-01 5.631240643821486813e-01 5.685376534901344092e-01 5.779464219979225659e-01 5.739954034593203192e-01 5.745089098094769975e-01 5.781561461606221641e-01 5.786367291354290732e-01 5.691937104144585424e-01 5.553328438876623530e-01 5.755051435242551916e-01 5.566477992463385593e-01 5.660335124390790673e-01 5.694021798340939133e-01 5.622670839906105389e-01 5.595361351341959777e-01 5.584895071604206729e-01 5.735922973069802477e-01 5.743263537324170276e-01 5.805770008580042330e-01 5.882243814973093787e-01 5.777214604699806300e-01 5.744712082819019017e-01 5.768826183673096963e-01 5.718669909300168053e-01 5.702593211635897941e-01 5.848679398506748672e-01 5.695817765994093396e-01 5.705073679175014512e-01 5.704279320689666921e-01 5.698509679391260407e-01 5.797184733278797353e-01 5.640647826502664941e-01 5.663014659348591939e-01 5.805454261228176760e-01 5.795183227303147833e-01 5.760889809907673298e-01 5.731630342217335361e-01 5.763482575768926752e-01 5.810868438041693063e-01 5.786498440198848403e-01 5.818307206019165401e-01 5.766563893569511823e-01 5.739595110091569863e-01 5.794051516770233334e-01 5.750324913020049555e-01 5.813514229443963455e-01 5.799100904601482975e-01 5.800338969583440640e-01 5.778634280361625297e-01 5.760400806744334634e-01 5.823800759433926943e-01 5.828750520252470313e-01 5.808316662620808257e-01 5.829500197811841034e-01 5.829019338747181145e-01 5.775322834519288628e-01 5.777555410057482188e-01 5.860569922349093686e-01 5.828569601276053502e-01 5.841853973002968381e-01 5.837587426853979578e-01 5.816275301314403068e-01 5.857376891298351484e-01 5.844424031104852313e-01 5.778137944640919788e-01 5.824174954088736644e-01 5.801795322928524623e-01 5.801586245109614515e-01 5.844916017124967000e-01 5.825655348339378037e-01 5.853002715386721455e-01 5.845033258582352786e-01 5.889133469196030646e-01 5.876953107830695799e-01 5.829485170429454799e-01
1.454916344907482804e-02 1.516017619975550124e-01 3.607572037903598039e-01 5.561230381681879775e-01 4.206667896353749048e-01 4.915046986627066850e-01 1.000000000000000000e+00 6.853231456871179406e-01 6.940897205384362056e-01 6.636784014003451748e-01 7.313375292431694152e-01 7.856675824795631424e-01 7.096034492899022661e-01 6.890921211135475621e-01 8.315519253242718012e-01 7.912276756516035681e-01 6.876265584449089419e-01 6.181094334613426167e-01 6.724066588624039165e-01 6.349585341154170282e-01 5.826152725706211788e-01 6.826265999527150186e-01 6.968407799627625021e-01 6.760539394254126977e-01 7.005202896860213135e-01 7.833163826860944923e-01 7.604068277132347564e-01 7.801173632375810740e-01 7.383416894645623563e-01 7.625226097974100448e-01 7.888029433680529001e-01 7.776570592769861401e-01 7.413437769050245096e-01 7.682400480053954706e-01 7.384913167954053614e-01 7.513490221327508989e-01 7.737109553846307497e-01 7.931488026001924929e-01 7.867559847967977582e-01 7.919508020355516820e-01 8.022410179648401529e-01 8.065922164551263540e-01 8.053889575085738661e-01 8.048592098922277005e-01 8.018776704604050343e-01 8.044874486007811409e-01 7.971511279655955073e-01 7.983620019992688777e-01 8.014791462205576034e-01 7.950524173386185334e-01 7.998651078711431772e-01 7.644384306305804788e-01 7.876579343638842046e-01 7.917616328215891786e-01 7.888613770255454849e-01 8.054681138606410995e-01 7.721196252681882255e-01 8.034014568887086760e-01 7.968480557476902426e-01 7.908871442947207342e-01 8.058782514764605276e-01 7.927199947723263529e-01 7.867426310338939688e-01 7.876295751131613398e-01 7.722165537984616579e-01 7.769020877311967332e-01 7.979459459308156921e-01 7.973047646254743936e-01 7.995689607144332856e-01 8.002694394985850890e-01 7.938893339996738741e-01 7.966330508971085633e-01 8.002514935410052210e-01 8.011961370228997126e-01 8.057551902896394891e-01 7.992781662137317111e-01 8.047482986858591758e-01 7.908564446355568212e-01 8.088443961150877382e-01 7.968665067714392203e-01 7.973974908790195659e-01 8.009213728442389213e-01 8.032643761977272812e-01 7.933090772161585091e-01 8.087474945945086757e-01 8.089969906684754131e-01 8.018146679484878803e-01 8.127310350718712773e-01 8.047485996687976373e-01 8.058885418480045137e-01 8.140022489981096898e-01 8.107045176651056506e-01 8.067449468121206113e-01 8.098813515746906555e-01 7.994382013238470197e-01 8.009510162858807236e-01 8.163206227305102036e-01 7.905477308059306596e-01 8.119475007793849342e-01 8.134614401460288358e-01 8.129517170936446657e-01 8.013398231275840056e-01 8.006229796545972777e-01 8.049894767833344345e-01 8.017057791408260803e-01 7.916192834336808204e-01 8.043675707163480126e-01 7.988898872029115417e-01 8.023712055909648644e-01 8.058477131486316836e-01 8.070383745222485805e-01 7.969985776261792054e-01 8.014724034163389632e-01 8.010155458175667320e-01 7.917491831767948796e-01 7.944009941101779493e-01
3.786989330895011718e-02 1.445855785229929746e-01 3.581996751755532893e-01 5.225063909959974939e-01 4.157025436011647646e-01 4.895463237158739211e-01 6.853231456871179406e-01 1.000000000000000000e+00 6.919639127480894381e-01 6.548520552343000123e-01 7.072802087663220272e-01 7.588017573598285770e-01 7.066409075947382989e-01 6.548690090209288162e-01 7.634970834775233195e-01 7.803678916230777363e-01 6.842838877296940625e-01 6.244546458451363247e-01 6.808657619990425847e-01 6.131331206495909125e-01 6.194618329011148949e-01 7.069038642428945307e-01 6.747510245397253525e-01 6.598852831782503481e-01 7.062578745822749582e-01 7.566243231872162855e-01 7.428262713893352132e-01 7.464044334768341615e-01 7.201479605831480058e-01 7.479151182274337284e-01 7.597794547219008932e-01 7.510219537678372026e-01 7.248954470732447142e-01 7.392811716241703968e-01 7.239140991049644036e-01 7.298110356048770342e-01 7.543803708940648445e-01 7.670007744365083813e-01 7.655730107545816177e-01 7.476584197744341465e-01 7.725068614442065495e-01 7.726995516436213629e-01 7.671766581148327102e-01 7.822062677195084079e-01 7.780252226078183675e-01 7.749741205667521893e-01 7.694901646232020775e-01 7.722407543573356348e-01 7.681971340157111028e-01 7.576070978890572238e-01 7.787161797227240001e-01 7.326434784460832406e-01 7.665407082297926999e-01 7.715123959949697907e-01 7.664242317566433149e-01 7.738669744929419503e-01 7.560409542607877675e-01 7.796419318054973457e-01 7.766825186291949068e-01 7.719704646552846272e-01 7.778743385983254433e-01 7.742851982437406466e-01 7.689602712352635594e-01 7.671796274839127738e-01 7.589905151547050588e-01 7.637275751053815842e-01 7.731434436066020321e-01 7.789952798842768589e-01 7.735101026537192226e-01 7.752272384108740422e-01 7.817373480597008539e-01 7.826725711765495364e-01 7.690201503331310917e-01 7.796351955369292819e-01 7.803567556566388674e-01 7.739737103263633067e-01 7.757178222943300616e-01 7.674345314502227788e-01 7.746553145737832269e-01 7.705523159261090660e-01 7.694036118140064051e-01 7.711051372923474201e-01 7.771661438663660659e-01 7.685935493707930499e-01 7.730824705794756557e-01 7.734774534611158492e-01 7.736529802636772368e-01 7.843355056383857216e-01 7.774492401498551697e-01 7.792698782552369696e-01 7.823908801485102149e-01 7.807877248468921838e-01 7.780013515016399595e-01 7.805101135491295805e-01 7.702150047781156639e-01 7.723007983835279422e-01 7.732231120008762337e-01 7.636817543897045368e-01 7.786653221077213249e-01 7.826152103764512091e-01 7.784837796622448014e-01 7.782835764745692497e-01 7.738416577521445294e-01 7.792324486176620546e-01 7.729635152178545576e-01 7.715607866177316421e-01 7.771766645638982229e-01 7.738776885064048150e-01 7.789992977459786472e-01 7.781960742926568031e-01 7.819370242762770928e-01 7.745529256949524877e-01 7.792713803651030169e-01 7.755555521388700635e-01 7.734087306504987547e-01 7.735609339473668022e-01
1.343443326267051985e-01 2.103420461974164213e-01 3.796503716829289221e-01 5.226067247806029936e-01 4.178947620342406410e-01 5.223771496243762025e-01 6.940897205384362056e-01 6.919639127480894381e-01 1.000000000000000000e+00 7.474459465258670443e-01 8.006674472489073713e-01 8.107585713593902232e-01 7.611548341357295966e-01 7.208491271979905468e-01 8.243440754072156595e-01 8.213003934293140462e-01 8.075352124535629672e-01 6.970835535850178344e-01 7.512628616578503893e-01 6.486935280423838934e-01 7.148934483829413322e-01 7.776789947008400095e-01 7.756955750835931029e-01 7.075377949123609067e-01 7.471678285150822330e-01 8.362617178715682220e-01 8.263088064965757873e-01 8.343751198013992232e-01 8.181154730411458464e-01 8.507610295539139722e-01 8.640471479693235812e-01 8.502809873417133124e-01 8.118892693284144313e-01 8.310489305926416215e-01 8.344099639993850515e-01 8.040329720681278491e-01 8.524898710027570825e-01 8.524102670996244191e-01 8.634366612229710247e-01 7.875344200714692322e-01 8.499631097510571553e-01 8.473162828621310094e-01 8.241676107432861498e-01 8.635126290333909882e-01 8.472097453901800135e-01 8.612315832426375994e-01 8.633172825723389732e-01 8.732301172422022306e-01 8.697423506267115689e-01 8.498317409343413287e-01 8.712241952094554875e-01 8.076452469936006295e-01 8.481709752221543441e-01 8.754140108024053291e-01 8.628256947840141633e-01 8.599773579577768556e-01 8.557365660449839373e-01 8.584087948736415230e-01 8.637042294908093831e-01 8.680662533638007217e-01 8.665387417748319221e-01 8.711085608634264732e-01 8.642483237584417388e-01 8.724213845590303995e-01 8.684235616051575457e-01 8.695631493778531729e-01 8.749342038036862501e-01 8.666614877363307823e-01 8.732929021709345818e-01 8.534817361847305550e-01 8.605577302538314211e-01 8.728981281832604022e-01 8.532549660003139191e-01 8.548482798178200781e-01 8.715270970847179832e-01 8.686681346046275509e-01 8.666832332838194652e-01 8.715171977775323375e-01 8.632626112379472305e-01 8.721053281495293463e-01 8.672497755764893013e-01 8.720537379079317253e-01 8.755430008782792983e-01 8.728286264083338075e-01 8.685257235883767635e-01 8.640905763787238847e-01 8.640150558403021375e-01 8.700385439077781280e-01 8.703569028029491950e-01 8.685697827350693512e-01 8.566778038676756690e-01 8.672966743689226599e-01 8.626089952012009343e-01 8.669441585544720441e-01 8.649525044365127258e-01 8.693257437123786957e-01 8.454317188341053946e-01 8.584982658033042391e-01 8.599060556376844078e-01 8.670819525979752695e-01 8.521010485988387284e-01 8.668355558415591355e-01 8.609848156532903252e-01 8.661679036162369671e-01 8.581331263993215996e-01 8.614000171410600704e-01 8.719465979429354974e-01 8.726264058315040817e-01 8.706442004855613481e-01 8.664119677123945928e-01 8.649078236620177940e-01 8.705568319389682674e-01 8.681718092759156402e-01 8.686888352088212306e-01 8.759161656176941424e-01 8.667718443856352595e-01
5.834222389362130751e-02 2.045209564346410769e-01 3.502056062457171159e-01 4.940323757676839955e-01 3.985643516157875155e-01 4.637727728927162896e-01 6.636784014003451748e-01 6.548520552343000123e-01 7.474459465258670443e-01 1.000000000000000000e+00 7.353765414582340565e-01 7.655562274246269228e-01 7.041682952890963021e-01 6.765227295812098474e-01 7.801508375696640796e-01 7.659564353001236947e-01 7.090408168567622349e-01 6.320740347538078563e-01 6.887996273384623391e-01 6.099550399722036831e-01 6.231758598106688085e-01 7.050873150173067039e-01 7.144378085212239604e-01 6.853678976427822755e-01 7.022823051303994646e-01 7.724619520356068580e-01 7.599272084286127216e-01 7.629178801962004375e-01 7.416076855188770134e-01 7.830247505784733164e-01 7.977779390583066288e-01 7.923311993353358007e-01 7.525954296186651016e-01 7.799410679606437746e-01 7.618185942809720945e-01 7.460207981952706735e-01 7.873185650394319834e-01 7.965698613896952107e-01 7.924979324654156665e-01 7.533971735615017096e-01 7.963602451600770848e-01 7.934258586476805597e-01 7.648645135959439845e-01 8.012157495322582701e-01 7.922061137331712910e-01 7.960076483903163469e-01 8.077385244235376627e-01 8.097119519087176975e-01 8.048315282451207198e-01 7.943890745942097098e-01 8.055494707334329707e-01 7.522341310653324342e-01 7.915913894950354912e-01 8.039287354777864270e-01 7.907991152724057615e-01 8.030980590630052429e-01 7.742982966174761783e-01 7.963879574181379484e-01 8.013941536507227514e-01 8.011177080065309264e-01 7.964465002586808007e-01 7.993519024054300814e-01 7.899409111821775742e-01 7.953963091756928172e-01 7.816345327147178335e-01 7.929699277712852767e-01 8.105859597141542583e-01 8.048111668067149393e-01 8.084048477301044588e-01 7.974950736267706342e-01 8.014502724207819284e-01 8.045651007196551463e-01 8.049066406198974732e-01 8.082541206201099282e-01 8.074852875043504463e-01 8.006569066594723116e-01 8.053958408564767524e-01 7.992640625015270395e-01 8.067912403396234611e-01 8.093551215856057413e-01 8.071186412857140891e-01 8.101103290565876414e-01 8.109117034526291956e-01 8.051652467591347007e-01 8.082141539991161139e-01 8.113196486116355244e-01 8.052359126496427821e-01 8.136071898923602497e-01 8.087497180489302551e-01 8.084215790346369612e-01 8.038982680223282218e-01 8.078124745740419277e-01 8.056546548001443098e-01 8.076780210942999805e-01 8.046555643163979532e-01 8.066801282881087554e-01 7.935537128351973779e-01 7.874419507153292974e-01 7.984040555953147988e-01 8.116679311290317944e-01 7.960801854360584073e-01 8.010573891053065498e-01 7.991669959698631809e-01 8.016262054975918927e-01 7.952667816909608778e-01 7.900932353776654038e-01 8.062313204663107413e-01 8.065414572094411483e-01 8.069099956198442225e-01 8.042938827329046969e-01 8.026558704907991171e-01 8.019075948894003325e-01 8.012818006098371137e-01 7.982644546973468591e-01 8.029165952335086676e-01 8.000627935346140696e-01
3.304413235851952346e-02 1.554203301139499838e-01 3.706917292158268817e-01 5.705230974814032852e-01 4.358100637752112538e-01 5.281467949070116630e-01 7.313375292431694152e-01 7.072802087663220272e-01 8.006674472489073713e-01 7.353765414582340565e-01 1.000000000000000000e+00 8.629567822247371511e-01 7.891865309502328341e-01 7.442846373653896341e-01 8.534734403967823013e-01 8.526463100134424877e-01 7.909324044333808645e-01 6.888543376157952869e-01 7.555737887298646926e-01 6.627816350347254248e-01 6.949296069333930070e-01 7.741955606651877986e-01 7.766930533638738421e-01 7.245736331757203219e-01 7.746770316586472083e-01 8.585992777384274799e-01 8.569890268188498084e-01 8.633276008879418040e-01 8.262703165133173933e-01 8.751811678286504081e-01 8.838131371263266978e-01 8.598932130832881437e-01 8.345342396527631879e-01 8.433281672577046528e-01 8.546495603615607006e-01 8.329043522491214047e-01 8.770890881901157732e-01 8.703315215017689566e-01 8.847887466158574910e-01 8.393259318341790287e-01 8.870462864849923967e-01 8.813616829897555904e-01 8.660448072889802562e-01 8.931862641249577184e-01 8.828593321701161400e-01 8.887803270625337371e-01 8.963572519856860543e-01 8.973300522512225319e-01 8.917789161611635596e-01 8.685947798663931074e-01 8.883459762803650461e-01 8.469629329564333231e-01 8.812579619657019414e-01 8.928067146672683529e-01 8.833443161720537784e-01 8.882202683650642916e-01 8.714663579016717065e-01 8.910362339151164379e-01 8.909379261963207286e-01 8.950263097648468724e-01 8.974390263146848623e-01 8.929565370179172179e-01 8.872319435594485659e-01 8.914071031408686840e-01 8.849823053028950115e-01 8.863214698449909390e-01 9.004535550739198868e-01 8.919936643090914385e-01 8.958890161838078958e-01 8.832272405499487222e-01 8.866672846772892802e-01 8.965473057283442904e-01 8.812412314353537113e-01 8.883683525145452675e-01 9.016103366837898703e-01 9.008171274983980403e-01 8.981531759312855190e-01 8.940488709686950086e-01 8.979043203462105938e-01 9.004749189900034256e-01 9.007992271055803579e-01 9.047889836577098777e-01 9.012963616558692381e-01 9.002621102395812480e-01 8.968758315734597364e-01 8.939647746496075520e-01 8.995750304082045234e-01 8.996535267098954014e-01 9.001912062709674922e-01 9.001770798479601376e-01 8.961607350334244160e-01 9.015533744743012834e-01 9.008668279177088900e-01 9.013449150325222314e-01 8.989751904458791465e-01 9.009311862736752996e-01 8.877888242975626731e-01 8.844850828679121646e-01 8.956027009652377524e-01 8.960671307047225476e-01 8.923468953915094648e-01 8.968939681895513605e-01 8.967477891600310613e-01 8.995506032978075606e-01 8.935801545272201718e-01 8.911329563287633260e-01 8.998599611189238567e-01 9.000897255150683840e-01 9.008480512760616010e-01 8.991502432441381698e-01 8.987279843692407288e-01 8.996293407612361293e-01 8.993284569897527225e-01 8.992176590621993038e-01 8.968606698411415445e-01 8.949242080414463452e-01
1.323857978029166146e-02 1.467344147488001682e-01 4.019875355034943087e-01 6.374832377637341674e-01 4.650118576890089339e-01 5.664440552910161575e-01 7.856675824795631424e-01 7.588017573598285770e-01 8.107585713593902232e-01 7.655562274246269228e-01 8.629567822247371511e-01 1.000000000000000000e+00 8.217019597742845072e-01 7.847395199371663965e-01 9.021820537917448757e-01 8.948370828939572474e-01 8.099984943287629191e-01 7.241232943877569106e-01 7.922227579893481586e-01 7.181359858460211187e-01 7.263665959588629928e-01 8.272845655104865692e-01 7.885477626910498694e-01 7.650861080116011514e-01 8.262389498786799624e-01 8.840026026659736358e-01 8.852569622916642844e-01 8.859289963670213819e-01 8.463697923661059885e-01 8.944229598155757355e-01 9.130295961396709403e-01 8.820209187118391858e-01 8.603998244584686317e-01 8.749158126684566383e-01 8.692493313795852661e-01 8.725906842303073896e-01 9.101115714591351269e-01 9.013843763836695278e-01 9.158221174829713762e-01 8.817250453468827853e-01 9.191848785436299574e-01 9.178548078126449461e-01 9.095627973058757476e-01 9.305456424074044497e-01 9.255595503535460900e-01 9.233312832139817239e-01 9.264326649132909042e-01 9.295377343731787700e-01 9.221332752964215285e-01 9.049186281502913376e-01 9.217223239108836008e-01 8.987379952429414010e-01 9.211499982200721526e-01 9.192905408823304203e-01 9.137210718605068838e-01 9.174391570202634627e-01 9.045415866498336399e-01 9.255960795474736935e-01 9.233607456065533459e-01 9.274149510659950302e-01 9.336164520413566814e-01 9.253825662735242208e-01 9.161160444976313988e-01 9.207597661544593137e-01 9.166816543465610145e-01 9.191539327100061163e-01 9.289309281218000036e-01 9.273326873444024399e-01 9.213350420036336974e-01 9.275609235717593437e-01 9.320984782303335381e-01 9.338029512952253919e-01 9.172316346053001057e-01 9.302016728548672120e-01 9.329769319786542781e-01 9.307215723456085943e-01 9.282860379930797379e-01 9.181019636573812814e-01 9.293454503227304153e-01 9.297647356820726294e-01 9.270180959045385416e-01 9.333829624058134211e-01 9.310090548944778277e-01 9.254861820044431031e-01 9.270224774936779433e-01 9.283489988066754295e-01 9.311547768731537333e-01 9.333500539278624109e-01 9.323294936357020557e-01 9.314440227755609314e-01 9.315215313067677361e-01 9.349590006147193710e-01 9.357474759464970981e-01 9.339223457202805445e-01 9.304854336379516644e-01 9.306167059251024831e-01 9.281301608188284868e-01 9.247540416034736310e-01 9.343014329687471253e-01 9.348348128684866865e-01 9.322720074132110346e-01 9.319911837804142341e-01 9.340703812816829599e-01 9.350078709605503802e-01 9.367322989217619078e-01 9.267004044055691114e-01 9.331171835853407925e-01 9.290652569579904707e-01 9.306899661203146268e-01 9.327543963143135608e-01 9.327177246316953330e-01 9.331975156125136284e-01 9.330037998452294090e-01 9.336909724345131556e-01 9.307497948337875027e-01 9.330987969929270820e-01
1.030869321446221780e-02 1.220894930876814111e-01 3.416249593155764042e-01 5.505334571550665190e-01 4.360404303901714851e-01 5.162323614695065732e-01 7.096034492899022661e-01 7.066409075947382989e-01 7.611548341357295966e-01 7.041682952890963021e-01 7.891865309502328341e-01 8.217019597742845072e-01 1.000000000000000000e+00 7.248921618545709489e-01 8.346920780022221154e-01 8.335621693425729894e-01 7.560586411144721852e-01 6.770506298115788191e-01 7.334434265091188676e-01 6.533222540799583644e-01 6.808118643736605913e-01 7.560989906821129480e-01 7.459864251029251214e-01 7.061551227913291928e-01 7.467823052837241349e-01 8.235234362201383496e-01 8.158006667013794067e-01 8.191694489291988512e-01 7.871825279209770931e-01 8.290556606300800713e-01 8.440216576366619261e-01 8.189375525158274494e-01 7.898743229033159396e-01 8.037748601171063045e-01 8.038861009279113512e-01 7.956723712682105543e-01 8.327529818317283006e-01 8.338612034980060761e-01 8.458532047566423850e-01 7.992753775992553766e-01 8.500694079345534337e-01 8.441748428230532175e-01 8.384548199726002959e-01 8.589259309553897159e-01 8.499725554803939653e-01 8.557006541856759796e-01 8.552927961982297322e-01 8.585401582420348898e-01 8.499453794110959359e-01 8.238691872669193783e-01 8.475198959651548680e-01 8.014312381858634815e-01 8.431131826014948150e-01 8.510237994057224808e-01 8.389623819242173486e-01 8.459510286506370935e-01 8.282604667558746137e-01 8.531348590738542237e-01 8.475893824552885869e-01 8.612470459704323344e-01 8.619784358751657605e-01 8.576861802117219380e-01 8.484547527299421965e-01 8.554404708083052089e-01 8.433105444981201515e-01 8.461902127145531916e-01 8.584039557858252900e-01 8.563219166012736583e-01 8.581269791203884889e-01 8.512094448807098201e-01 8.560621276130975232e-01 8.604314737168964333e-01 8.468390506343981272e-01 8.564579997482497653e-01 8.631328081479258119e-01 8.593711350427892803e-01 8.595520217803969132e-01 8.528264202767319446e-01 8.550900193149150175e-01 8.599027547195094989e-01 8.561690393888429229e-01 8.612892954416958569e-01 8.579209024693315033e-01 8.579333783689634396e-01 8.552517201788021328e-01 8.543707340736724776e-01 8.573283483048665943e-01 8.625070644014549703e-01 8.615615452696638865e-01 8.609449157452697676e-01 8.547784094240050701e-01 8.617813110984088310e-01 8.616530589200508405e-01 8.632060575176436767e-01 8.602087684043888682e-01 8.604430535629454813e-01 8.482244757012252778e-01 8.466313024079179517e-01 8.616668695016175272e-01 8.601363244860726898e-01 8.588488215630131206e-01 8.603006178584052810e-01 8.594659090346734587e-01 8.643704154801151729e-01 8.582345802605108043e-01 8.563032137753305850e-01 8.624934129266150773e-01 8.612957657548954149e-01 8.622315848104430414e-01 8.617929156513203237e-01 8.612181902515155807e-01 8.648442042315762635e-01 8.621955974206110263e-01 8.637890035880396722e-01 8.581766533745530667e-01 8.585840664333342920e-01
