1.000000000000000000e+00 1.471635795813463349e-02 1.119236391524431606e-01 1.496928203453926909e-01 -2.559131612203804571e-02 1.043658849340384567e-02 1.152592775007365775e-02 6.964080346207397743e-02 1.229822685321403097e-01 5.846979346041580872e-02 2.911762272494701140e-02 4.354717164081546577e-02 3.758660609784973683e-02 2.691055618786782067e-02 3.892112950179189151e-02 4.315962030910660413e-02 9.832238342354486516e-02 1.377896340995554414e-01 7.465487393118451498e-02 1.813165464004476146e-01 1.143344710329546182e-01 7.752324045764347193e-02 9.421498568319922051e-02 1.096654208971577366e-01 7.886288809539600264e-02 9.232590580171297356e-02 6.854548949348641951e-02 8.505181094759263483e-02 1.460009874664951190e-01 1.066740241122155486e-01 7.390598345326890306e-02 5.075830465600691954e-02 3.352646063680321531e-02 4.894712089041876324e-02 4.496287994010882139e-02 2.102368116024379285e-02 2.004605795431992771e-02 3.932604904089802983e-02 4.574709203624184595e-02 -9.833286907165532040e-03 3.449566563711562589e-02 2.104409638349018577e-02 1.266945771633232708e-02 2.896004396439319159e-02 3.678306843847394675e-02 4.665565211461061845e-02 2.376040151298533520e-02 2.695101138933112678e-02 2.313014188201516913e-02 3.237460109750037174e-02 2.938118607447013850e-02 5.019666706658038741e-02 1.630514921981766549e-02 6.493132012897061267e-02 4.873783675655302822e-02 2.862814769340941978e-02 7.506226207559714425e-02 1.643470857083829950e-02 3.634949978853262154e-02 4.127464798802254337e-02 3.685618286434894780e-02 5.672140593511744433e-02 5.636665086207737208e-02 5.583694877103723142e-02 4.037607906365330013e-02 6.004187811631552657e-02 3.220515883990913986e-02 2.143094410131684766e-02 4.548246335125508133e-02 4.886909455519988787e-02 3.120534589139429410e-02 2.707676788350376479e-02 4.688218527146834763e-02 3.216151801076765765e-02 3.844284927050620887e-02 3.161884340575731034e-02 3.897644471937145721e-02 6.516086707920426546e-02 3.823005514413951172e-02 2.743104970736138029e-02 3.227735406269496149e-02 2.576574686498950620e-02 3.359881526649178413e-02 2.822228952206860472e-02 3.961274385726148983e-02 3.030699732558945689e-02 1.413619248637234399e-02 1.432937351802244901e-02 1.792679194952427960e-02 2.426942622174674269e-02 8.089996894988354600e-03 9.308331676644346006e-03 1.396197922687542406e-02 2.050005639822245415e-02 1.037348242259069318e-02 1.538398506509786740e-02 7.005470584494675503e-03 4.452181068837815503e-02 2.063479941609659002e-02 5.211085657977342599e-03 9.283054723089739779e-03 2.520886412818568525e-02 2.160218235193858347e-02 1.303534227868141313e-02 2.370393098127459089e-02 4.630881477713388178e-02 2.938654778614581409e-02 2.034542988667586635e-02 2.646562958605883087e-02 1.040787473628469392e-02 6.580631404849915725e-03 1.941921819067127242e-02 2.558219216776611016e-02 2.633536523669193635e-02 2.193123767771760699e-02 2.853365728260341336e-02
1.471635795813463349e-02 1.000000000000000000e+00 8.820038112324098123e-02 1.077374418060263045e-01 8.025947974499401949e-02 1.093779516494331333e-01 1.438743547714228799e-01 1.172604819569449536e-01 1.586849782122795038e-01 1.502717425318305100e-01 1.577485997737365642e-01 1.506037131812104080e-01 1.480110964182731470e-01 1.078851779841159680e-01 1.576284163717120435e-01 1.611760664632462814e-01 1.714839897225866328e-01 1.530890578952750769e-01 1.629564283503865119e-01 1.281598969094082385e-01 1.615708837765957029e-01 1.742313360098970143e-01 1.596492991393444472e-01 1.741217325122385029e-01 1.751946912731809913e-01 1.653751429731677158e-01 1.491105184309335363e-01 1.516771638955254076e-01 1.701044168218693309e-01 1.748012223115707753e-01 1.674952125102792955e-01 1.620979515011946870e-01 1.464069930125509733e-01 1.756940946497143885e-01 1.544205301437604483e-01 1.684033551130893203e-01 1.553164791287915403e-01 1.621094706234969263e-01 1.654369762343897710e-01 1.490357504054817261e-01 1.536571848959228659e-01 1.553171597705604312e-01 1.539910712380522517e-01 1.601288491068360020e-01 1.655300209793403032e-01 1.613856479577164549e-01 1.640904428641885571e-01 1.618005937193614796e-01 1.538230030632346257e-01 1.491962523851242395e-01 1.523481741757395369e-01 1.364931693175556737e-01 1.511142588476207804e-01 1.611809475013818715e-01 1.543631586278939039e-01 1.616083439308475533e-01 1.511709861340729266e-01 1.604844493250732473e-01 1.551391056165103699e-01 1.601731014853055302e-01 1.548976295111123835e-01 1.625849187631079329e-01 1.556374109599234223e-01 1.554942567835143341e-01 1.652127722981699964e-01 1.603353217635782313e-01 1.639779433996629565e-01 1.640879989794501725e-01 1.668801634499013919e-01 1.616491235489242728e-01 1.664469223450046331e-01 1.637686159994602986e-01 1.678193793371929587e-01 1.649744300330035218e-01 1.614410611257935946e-01 1.599116503908689091e-01 1.628201076719247575e-01 1.733645422498506783e-01 1.648452228240327722e-01 1.612399198893390562e-01 1.556600799229576060e-01 1.626514022600538678e-01 1.728652080117991929e-01 1.646283993776332666e-01 1.614897580510257225e-01 1.664144787496682210e-01 1.593424662367508293e-01 1.646902950588648440e-01 1.642976128307493122e-01 1.646863525261918204e-01 1.580529843660904710e-01 1.630030284760788373e-01 1.607947467946045650e-01 1.605033785129226509e-01 1.610099512302932412e-01 1.618928892973308387e-01 1.499992053129650116e-01 1.545610617013951638e-01 1.567305761292190069e-01 1.597419740675926070e-01 1.553490372627124860e-01 1.606623799310038236e-01 1.541510880669263450e-01 1.568004208039865122e-01 1.619012258458245868e-01 1.640373327154669991e-01 1.626487561136298610e-01 1.645229633500063515e-01 1.616940311717053325e-01 1.623671474569493567e-01 1.626324333004758038e-01 1.617290669284964233e-01 1.634505283834501443e-01 1.660950050981616077e-01 1.621472533147511053e-01 1.596004264678385909e-01
1.119236391524431606e-01 8.820038112324098123e-02 1.000000000000000000e+00 3.936283059248750216e-01 1.963631242308727098e-01 2.780699911421661286e-01 3.780722969759909846e-01 3.846470804451729841e-01 3.725641031340268805e-01 3.298069077317823949e-01 3.716782477920632100e-01 4.082621344039704114e-01 3.365126095045286037e-01 3.106696875660666102e-01 3.991063492336927587e-01 4.050643593980092771e-01 4.069331234520103258e-01 4.055205814483606175e-01 3.987558933919673754e-01 4.062054788996509180e-01 3.961999874301511682e-01 4.008873314920903819e-01 4.402562452814869909e-01 3.999572864007313044e-01 4.052712496313093937e-01 4.377974697866723885e-01 4.109695907442906804e-01 4.072590564699683502e-01 4.152686420233184794e-01 4.226085278766396058e-01 4.232577415836337731e-01 4.380050451722699023e-01 4.132923895467381370e-01 4.308799901335637617e-01 4.062803775881955737e-01 4.308181718941905269e-01 4.004878392390291419e-01 4.321563578145495299e-01 4.436301474012794843e-01 4.207891274317971941e-01 4.104615365422052409e-01 4.071100216772193803e-01 4.341322137127381908e-01 4.015356412564090594e-01 4.256581935897167934e-01 4.091424806868029784e-01 3.914807531618491598e-01 3.919994059822082266e-01 4.062991609983541141e-01 4.284728234114537626e-01 4.235454315084093979e-01 4.177932852251318718e-01 3.775755218385056788e-01 3.931282454830684614e-01 3.970791496609881732e-01 4.201956211195917446e-01 4.149475820424023409e-01 3.941588578439534363e-01 4.008162163641265097e-01 3.829521270463714377e-01 4.121908502920336170e-01 3.958422629779636548e-01 4.127125734468262142e-01 4.256138668323763419e-01 3.977297078326382240e-01 4.070368058580439707e-01 4.013070286350546301e-01 4.005917847676095378e-01 4.130618561546822165e-01 4.090773456550910736e-01 4.059545508839759731e-01 4.049703121195497579e-01 4.066437073791068779e-01 4.086634710999842435e-01 4.050315850854925293e-01 3.997059304964637461e-01 4.021148289873441306e-01 4.152950483612297683e-01 4.113250111187964908e-01 4.061348545891674267e-01 3.981394066734909032e-01 3.997742062748415037e-01 4.221446281588115967e-01 4.042043061816307792e-01 4.208206264089565662e-01 4.139979579884679461e-01 4.072089713606697470e-01 4.133915818505609074e-01 4.113418106186107481e-01 4.092560379685208360e-01 4.067056958811174350e-01 3.965498245919215070e-01 3.998003488422740004e-01 4.036913013513635518e-01 3.847096180848007529e-01 3.897413725155507436e-01 4.191416767950482680e-01 4.121795544480993390e-01 4.039823568829131184e-01 4.067706153453089502e-01 4.095037841578642035e-01 4.121670076066764610e-01 3.942762476415903050e-01 3.971304189014255859e-01 4.110883500813476421e-01 4.146695663982253865e-01 4.025340017750090871e-01 3.917891558738750279e-01 4.017305614186220675e-01 3.880132540508482997e-01 3.994691478859070388e-01 3.866410530154577585e-01 4.010882044884536146e-01 4.109824097619221850e-01 4.006541411835022881e-01 3.937580234527324752e-01
1.496928203453926909e-01 1.077374418060263045e-01 3.936283059248750216e-01 1.000000000000000000e+00 2.991217318321508500e-01 3.661267783915092555e-01 5.679921692961560353e-01 5.792651069451677515e-01 5.563658798870662059e-01 4.953227589031407585e-01 5.716441266212434202e-01 6.279755558941663152e-01 5.043835545588221114e-01 4.631031493727019721e-01 6.070736381376155011e-01 6.015995446122537338e-01 5.750936487975861766e-01 5.862098345014713496e-01 5.758701548023447137e-01 6.350406845154630275e-01 5.930572666507639701e-01 5.815092154480973052e-01 6.444157575533171478e-01 5.566875570705581699e-01 5.703782729674272689e-01 6.441437366615740956e-01 6.173817476137513083e-01 6.239541527119880637e-01 6.332196760033778071e-01 6.356801515083990717e-01 6.380325914558202527e-01 6.318593483097021402e-01 6.286808732863574667e-01 6.156327919768082024e-01 5.938988309876443994e-01 6.425486804941823449e-01 5.943843714953409574e-01 6.549719292334033049e-01 6.629122046685105296e-01 6.353484998700215103e-01 6.119000093272189966e-01 6.162117607374906214e-01 6.537560435400805448e-01 6.139684404136146467e-01 6.333043109025358053e-01 6.324136964546220874e-01 5.802323066038547195e-01 5.840686618499055793e-01 6.024454329089636850e-01 6.389759029630082132e-01 6.513490310955741824e-01 6.260709660595202841e-01 5.770047496124182107e-01 5.851795798892852618e-01 6.001762328719483230e-01 6.347252405175841661e-01 6.284202953574259398e-01 5.897113184644906525e-01 6.086706284238474485e-01 5.703519809577938249e-01 6.209010510923328452e-01 5.980332925467848337e-01 6.306213580416061282e-01 6.451581361690995609e-01 5.944716069693936067e-01 6.113561803183775734e-01 5.928438923133446670e-01 5.922469815840759599e-01 6.132823911033558062e-01 6.161505386986670940e-01 6.005378115522168603e-01 5.944714897789201702e-01 5.942952745882398302e-01 5.978442854561067943e-01 6.102855134212583632e-01 6.002519147542497713e-01 6.036724804465820604e-01 6.200293793516398200e-01 6.099297807597079402e-01 6.077949435106640985e-01 6.035738068503735398e-01 6.048796319146699796e-01 6.295041682010806827e-01 6.013370486156395245e-01 6.148208484398008933e-01 6.012039739194328103e-01 6.062226219935064053e-01 6.176370858765969363e-01 6.109729675313031461e-01 6.168499143064963830e-01 6.073768508828314427e-01 5.933080552017331311e-01 5.942774192720724491e-01 6.044014461905576896e-01 5.726683187523906593e-01 5.804410254762969457e-01 6.291681146960889093e-01 6.167257425000101101e-01 6.015858442097111736e-01 6.097039174960289243e-01 6.168649113731711209e-01 6.192799140311806561e-01 5.897536336961510806e-01 5.950629143570032031e-01 6.119797412670157088e-01 6.203685206171046795e-01 5.991977106156025634e-01 5.908637321260357123e-01 6.024657390407659463e-01 5.794174569826237020e-01 5.977274569547308403e-01 5.765046456375251260e-01 5.972002192632324125e-01 6.162868881876868432e-01 5.982359126104394020e-01 5.965015673257085815e-01
-2.559131612203804571e-02 8.025947974499401949e-02 1.963631242308727098e-01 2.991217318321508500e-01 1.000000000000000000e+00 3.048245279444097289e-01 4.451008279193461870e-01 4.001290888680213431e-01 4.478081428585006796e-01 3.992078921573202765e-01 4.449712348414866514e-01 4.709723014152629172e-01 4.458753352581043550e-01 3.680325561754230201e-01 4.707824898891402321e-01 4.705999551682798487e-01 4.416754664483367732e-01 4.080404999985235981e-01 4.314176220045666255e-01 3.888096226765403451e-01 4.061220199313681500e-01 4.330220225534943679e-01 4.471474507278581090e-01 4.098704989615247207e-01 4.432849048387986213e-01 4.749824860432276252e-01 4.727195578765153172e-01 4.490308822970730529e-01 4.445411728769642634e-01 4.477110977737910891e-01 4.776417189825121756e-01 4.642113670375675460e-01 4.414317945622460160e-01 4.489515579120418320e-01 4.553387850688070948e-01 4.435210744218455181e-01 4.749172732407196951e-01 4.695510281783715767e-01 4.726528841511372647e-01 4.602088073218316144e-01 4.897577611836991252e-01 4.883465774276311011e-01 4.654152637695342376e-01 4.913099048974698957e-01 4.837199736067222533e-01 4.866998297222914216e-01 4.939298472631543091e-01 4.931127005869014313e-01 4.842936953906333275e-01 4.771589370604855107e-01 4.799560576632719844e-01 4.793045390014249452e-01 4.916740910045096502e-01 4.810574801834051617e-01 4.801853428955483172e-01 4.912327451697946490e-01 4.683436503157998865e-01 4.962227598450371091e-01 4.814026428571944738e-01 4.898167482956144458e-01 4.915779861417196028e-01 4.785211430249967646e-01 4.790377988706333579e-01 4.807224522000385636e-01 4.936713905248653056e-01 4.893828939535482814e-01 4.942953468193434508e-01 4.948083118926558388e-01 4.873045352892533821e-01 4.901376988623187825e-01 4.871073409149347944e-01 4.926697309539485037e-01 4.800816981226339597e-01 4.881491797981461489e-01 4.917132303163533336e-01 4.925119125230312811e-01 4.860558975062385101e-01 4.874593080458785033e-01 4.889006699921112920e-01 4.907030665116126622e-01 4.921352211791220621e-01 4.938689855075488189e-01 4.867172778234753472e-01 4.880714391696436283e-01 4.862316750234943474e-01 4.857063788689441886e-01 4.898046748569703235e-01 4.905659755371415964e-01 4.909346047408105207e-01 4.867143058820979085e-01 4.863269125145954774e-01 4.924518576744283949e-01 4.950267143794591651e-01 4.937556874208452462e-01 4.961706213196548365e-01 4.948976186377639364e-01 4.827807652846374253e-01 4.880629483219061093e-01 4.909745630255039073e-01 4.946878340050386846e-01 4.873519127842909637e-01 4.913061966422891391e-01 4.927447385985809225e-01 4.976785630503464675e-01 4.974950351346382749e-01 4.848883688138747594e-01 4.922111819543080191e-01 4.950387043969463052e-01 4.921811077823480263e-01 4.949457791703162912e-01 4.903329592209985099e-01 4.937467683856782696e-01 4.897570332849485175e-01 4.931161435444373353e-01 4.960960653212627136e-01 4.953664641942166491e-01
1.043658849340384567e-02 1.093779516494331333e-01 2.780699911421661286e-01 3.661267783915092555e-01 3.048245279444097289e-01 1.000000000000000000e+00 5.359632811679313491e-01 4.645734156063440201e-01 4.945086821919141840e-01 4.685805405991433359e-01 5.387544465551351580e-01 5.452070160804438625e-01 4.939227905519075756e-01 4.356905918241477660e-01 5.523359661590422354e-01 5.550526474809455157e-01 5.126510169417222151e-01 4.655006971106733782e-01 5.036091439251685342e-01 4.683111574235174213e-01 4.714683646515995807e-01 5.121852072067829553e-01 5.269360807886200870e-01 4.650609864180350606e-01 5.156130237345961653e-01 5.534542539425091334e-01 5.470558593307671691e-01 5.394219592766195115e-01 5.018259922228244241e-01 5.191554791188172091e-01 5.558451969460238562e-01 5.442194558069177734e-01 5.209418597970419951e-01 5.315096876280296367e-01 5.247476464396702012e-01 5.619850191172086618e-01 5.565053922956154642e-01 5.605361962858738112e-01 5.653095479161055481e-01 5.595880792178966612e-01 5.711195138870821530e-01 5.735656172595147151e-01 5.734818745752274793e-01 5.762505213515745073e-01 5.764447385692279546e-01 5.623830263317656231e-01 5.631384937435983673e-01 5.696301295873419379e-01 5.618823531953809347e-01 5.530561299141534271e-01 5.640716915195792547e-01 5.662587787710340326e-01 5.640441885426137336e-01 5.408013818023281738e-01 5.432453256553407828e-01 5.674703405778477316e-01 5.417205235528124163e-01 5.719267675491442882e-01 5.510624189696348152e-01 5.550635818870363059e-01 5.694655697402052352e-01 5.480623553510544088e-01 5.517693723688853469e-01 5.612197238178880943e-01 5.678851251221832541e-01 5.600483106071872941e-01 5.680449478011946329e-01 5.702269746842424381e-01 5.637438783858003122e-01 5.658431279497160293e-01 5.655601017432788646e-01 5.710213318636334634e-01 5.524496643177935207e-01 5.702871160550559981e-01 5.749520125608421628e-01 5.723078749076451199e-01 5.769295004742756028e-01 5.643478036442657331e-01 5.688133023700946422e-01 5.672740440180658039e-01 5.694660154673122365e-01 5.703538552618528934e-01 5.778390425999494484e-01 5.666640280502988070e-01 5.656570944194553308e-01 5.642471865674379972e-01 5.782215667158332462e-01 5.787893941437110001e-01 5.769481193538104069e-01 5.768387897800775210e-01 5.821292586035494709e-01 5.787488911566276428e-01 5.802840426037049193e-01 5.794107517276998465e-01 5.706886515768042623e-01 5.721694465385408490e-01 5.793261840500025794e-01 5.638083859049511926e-01 5.732246422570924649e-01 5.779373630086631630e-01 5.839128416970348345e-01 5.752978270425780360e-01 5.692056497270858717e-01 5.770367889265174410e-01 5.821652564762320736e-01 5.665725052821998231e-01 5.703340674024240942e-01 5.717972598622360625e-01 5.726494740228385005e-01 5.741479811706517999e-01 5.757450321075494593e-01 5.698135357680190749e-01 5.699540674087945069e-01 5.754640867685187899e-01 5.769852029698270268e-01 5.699696704506166389e-01
1.152592775007365775e-02 1.438743547714228799e-01 3.780722969759909846e-01 5.679921692961560353e-01 4.451008279193461870e-01 5.359632811679313491e-01 1.000000000000000000e+00 6.966079750078457700e-01 7.253864769942771629e-01 6.790047847751830012e-01 7.814462640253518888e-01 8.131482879535862907e-01 7.258807383120750023e-01 6.241642761699436326e-01 8.284610378266739072e-01 8.156989662002639419e-01 7.416671567710475532e-01 7.189922128025469927e-01 7.668482055773667705e-01 7.190200463195185465e-01 7.239248569957131840e-01 7.632894091375475032e-01 7.964667388422286276e-01 7.298772941868580943e-01 7.799332943692959264e-01 8.351325200397168302e-01 8.076844835687835289e-01 8.099285183378589492e-01 7.565659189922098182e-01 7.908471960007109613e-01 8.278772849076880824e-01 8.124513432938910151e-01 7.939357544579735970e-01 8.022751318923767583e-01 7.944422446988281816e-01 7.886931647116954824e-01 8.121887621351691067e-01 8.351266973421992423e-01 8.386142593881409368e-01 8.207671111126173535e-01 8.355318755816866227e-01 8.449153888811000712e-01 8.324821053957820460e-01 8.445190144337080262e-01 8.406067252271327561e-01 8.455015181113929579e-01 8.320810221556530495e-01 8.328613469306725969e-01 8.219037752065487812e-01 8.068948372454289863e-01 8.215230965698768761e-01 8.118615257776490290e-01 8.231198902230059122e-01 8.139466725440523964e-01 8.161531988841476126e-01 8.308781628867170088e-01 7.949395575944799841e-01 8.370716986599069376e-01 8.181942311645303834e-01 8.190690656742591891e-01 8.328169023926724757e-01 8.165154098427358509e-01 8.188940278098290060e-01 8.203111247656924565e-01 8.245153051384574994e-01 8.234532303585466728e-01 8.367351720464798470e-01 8.365525377314741995e-01 8.389003036410984659e-01 8.426777606087639816e-01 8.381958603697091670e-01 8.392435458591284148e-01 8.306800315087925490e-01 8.382924050557353235e-01 8.450355274196149624e-01 8.409491560786720443e-01 8.436804252634602097e-01 8.315556274051627561e-01 8.427321102786221596e-01 8.369608842232729717e-01 8.409955938829016819e-01 8.411315763914413157e-01 8.393594996766068350e-01 8.421297420529751943e-01 8.399924158236962146e-01 8.413963179275029125e-01 8.438683477090954677e-01 8.508195065953044756e-01 8.500866748814004392e-01 8.352645921652550598e-01 8.502817894609097094e-01 8.474523162682002786e-01 8.450551377683229726e-01 8.504352344927740281e-01 8.349238389939809268e-01 8.369227014029239076e-01 8.444061751898589430e-01 8.254375992153296648e-01 8.418723929813202167e-01 8.447774601392933347e-01 8.526724691298269709e-01 8.417398657211627722e-01 8.371255514923914287e-01 8.456084135013782754e-01 8.450611931635562124e-01 8.300168804568947012e-01 8.343262325569984483e-01 8.386520072351746347e-01 8.387319563280104529e-01 8.387258301759359380e-01 8.410098306004781810e-01 8.334277799324192326e-01 8.367980264255463485e-01 8.402866931556153274e-01 8.353505984177744814e-01 8.330142012615190383e-01
6.964080346207397743e-02 1.172604819569449536e-01 3.846470804451729841e-01 5.792651069451677515e-01 4.001290888680213431e-01 4.645734156063440201e-01 6.966079750078457700e-01 1.000000000000000000e+00 6.861034047290422988e-01 6.445551586660805965e-01 7.330077542087291009e-01 7.709765033413181756e-01 6.738147554136167949e-01 5.904446030162658898e-01 7.702635705638211094e-01 7.773774364486722988e-01 7.003117608900787383e-01 6.864602120321234846e-01 7.125678465564987407e-01 6.999280099872732253e-01 6.952801556546863715e-01 7.177573138521186058e-01 7.512503845619969978e-01 6.709630897712401953e-01 7.154116501478299250e-01 7.789473640021628009e-01 7.600272346958057978e-01 7.413284581495719339e-01 7.221857173545447317e-01 7.569760898164505925e-01 7.704873744549587400e-01 7.687037242756665778e-01 7.424517377937112084e-01 7.512480702418389278e-01 7.493070280479939838e-01 7.602205627773797048e-01 7.545475360852784696e-01 7.927109479443606999e-01 7.959164447179991608e-01 7.702722504791801317e-01 7.807909303851837679e-01 7.853521184021402535e-01 7.800601409253749008e-01 7.895032763289429045e-01 7.882374826324225481e-01 7.888851493992087294e-01 7.734385213022587635e-01 7.720110614671283900e-01 7.723954139026100174e-01 7.727586453496136931e-01 7.921039914365022305e-01 7.551786566731871764e-01 7.602797994192960207e-01 7.545017269704564766e-01 7.630959381194354352e-01 7.878003326511943127e-01 7.604370191912441790e-01 7.769966875537734907e-01 7.756397642143476601e-01 7.568003464372876632e-01 7.841520839627912354e-01 7.667403222815535324e-01 7.756502731624030922e-01 7.839443824620473400e-01 7.698651903853604983e-01 7.728190240790662191e-01 7.759520467649860809e-01 7.731369524431180862e-01 7.815256337270685139e-01 7.824127374470094543e-01 7.755090437284812843e-01 7.746821511223452861e-01 7.646687047012176164e-01 7.729521326123850455e-01 7.848366394868375728e-01 7.789470075497262336e-01 7.770440908381170964e-01 7.777210114866015545e-01 7.812589380849830345e-01 7.839873388282803113e-01 7.810039267251388528e-01 7.790452782008732147e-01 7.911291634810869722e-01 7.809216414635944403e-01 7.831502310783838849e-01 7.766914472037785844e-01 7.819628945223057181e-01 7.911686968730206049e-01 7.871234483274593963e-01 7.867725213575862409e-01 7.861694848878251207e-01 7.811984219551670883e-01 7.797638931187060862e-01 7.866026005893735906e-01 7.709255355985493718e-01 7.743362471755663723e-01 7.857188959327093825e-01 7.731622030847969951e-01 7.807923460302332863e-01 7.872950783920117379e-01 7.902515768986754230e-01 7.879472508941536280e-01 7.719261348801019773e-01 7.806258636612508628e-01 7.837436846381251598e-01 7.816951556599783801e-01 7.784640971551023414e-01 7.792789983463114245e-01 7.812126052079703120e-01 7.743969603439591065e-01 7.836916304553626089e-01 7.705522911699069777e-01 7.774729578949308717e-01 7.851323979258514330e-01 7.753853685118730077e-01 7.741153347665489237e-01
1.229822685321403097e-01 1.586849782122795038e-01 3.725641031340268805e-01 5.563658798870662059e-01 4.478081428585006796e-01 4.945086821919141840e-01 7.253864769942771629e-01 6.861034047290422988e-01 1.000000000000000000e+00 7.579946850810630465e-01 8.075407479517607845e-01 8.445657952522050982e-01 7.583058485547075067e-01 6.536562766960634097e-01 8.427674233261586156e-01 8.318650532651334917e-01 8.097841688412314998e-01 7.452109775615302079e-01 7.832058762218098158e-01 7.370655577554189319e-01 7.381409160510177259e-01 7.986627958495167157e-01 7.996171192280430162e-01 7.395813572133731473e-01 7.878539186120083748e-01 8.600944136378685378e-01 8.436651773691133949e-01 7.908538086606375916e-01 8.004106418231202724e-01 8.420616177024122795e-01 8.638685374004535511e-01 8.302024619416625839e-01 7.564133195452716896e-01 8.142833878773418910e-01 8.154990186876553970e-01 7.717443075571804867e-01 8.191445424689819399e-01 8.349627482227519604e-01 8.331168938160213866e-01 7.716172023562912763e-01 8.597460295047542056e-01 8.432698360722317155e-01 7.948640955491902416e-01 8.650705277174217667e-01 8.536327960734771958e-01 8.588451602179264510e-01 8.747816627975045778e-01 8.820379000599114505e-01 8.684772645728326967e-01 8.247387054796260220e-01 8.437678717527140604e-01 8.133158484452578385e-01 8.483200859321586851e-01 8.858785569875513577e-01 8.737662782474426848e-01 8.595498578621489916e-01 8.754982181971182609e-01 8.674015221077074900e-01 8.718954237543671271e-01 8.856120553894984981e-01 8.747120066485125633e-01 8.869437546286554896e-01 8.736783270991715922e-01 8.734793140238200637e-01 8.753545811316688630e-01 8.857160249306439415e-01 8.789065205616881649e-01 8.718471297357707206e-01 8.813078124563329396e-01 8.757197186906052755e-01 8.639082999230287552e-01 8.727893870484424443e-01 8.693957383945076778e-01 8.604856859904286281e-01 8.783933969314522416e-01 8.739002160536202268e-01 8.659538026581267145e-01 8.753237723178413088e-01 8.729008632548325153e-01 8.742647599476095488e-01 8.741016188828699685e-01 8.766318804065917902e-01 8.719729034380300225e-01 8.726514500151678622e-01 8.687118094606053331e-01 8.677789069309668202e-01 8.617834458039093093e-01 8.660135055370967727e-01 8.691027151804775475e-01 8.720309749472598959e-01 8.529656389904464175e-01 8.670052876791820573e-01 8.658838705186150397e-01 8.685806579892607626e-01 8.744555915232065102e-01 8.773978854483112100e-01 8.479086322713940138e-01 8.676058072414574163e-01 8.698890009993034411e-01 8.596079675732518632e-01 8.525527946268073309e-01 8.730813728367644577e-01 8.668120492940404320e-01 8.689210536067698554e-01 8.644645217224262712e-01 8.809346666113284652e-01 8.817296826281822986e-01 8.780963223314709465e-01 8.809077150163973080e-01 8.739237678237958828e-01 8.715163975315046718e-01 8.789478420260730118e-01 8.821619761584235109e-01 8.768640840272444725e-01 8.737821000321088771e-01 8.791280001933308164e-01
5.846979346041580872e-02 1.502717425318305100e-01 3.298069077317823949e-01 4.953227589031407585e-01 3.992078921573202765e-01 4.685805405991433359e-01 6.790047847751830012e-01 6.445551586660805965e-01 7.579946850810630465e-01 1.000000000000000000e+00 7.576362964205483053e-01 7.780515402961784011e-01 7.111057436753424055e-01 5.992131022645090788e-01 7.840734764755736830e-01 7.817246268010864529e-01 7.321958857852470803e-01 6.728799140886964070e-01 7.372157632177598341e-01 6.645959948102742043e-01 6.763173763398209193e-01 7.400634304905117089e-01 7.444507114677386683e-01 6.842283910025376281e-01 7.438499422067739175e-01 7.940446048188255501e-01 7.813050201939802930e-01 7.459975882272033010e-01 7.288146166090345712e-01 7.598539322757019709e-01 7.936707614432643165e-01 7.727882318584343713e-01 7.058975105251964477e-01 7.484414503851491984e-01 7.528970623395869755e-01 7.397082952200458861e-01 7.609358872050610012e-01 7.779551178469770178e-01 7.753816512585354204e-01 7.494601700966625479e-01 8.096964268743294113e-01 7.985061280674532469e-01 7.585424375461218283e-01 8.130417358837895847e-01 7.962833063551657542e-01 7.979880901558746853e-01 8.159419335180421173e-01 8.201865771927564497e-01 8.105048876645436495e-01 7.734018346785532794e-01 7.919403504082324075e-01 7.650509785398168505e-01 7.972529622631286950e-01 8.034351876109103729e-01 7.964151001032330202e-01 8.014383214116540533e-01 7.856774105289890953e-01 8.136242965201364585e-01 8.033556539007273845e-01 8.172221737943227149e-01 8.145892600721093002e-01 8.093714628241808207e-01 7.969518361009400031e-01 8.011414859336327687e-01 8.134758509399804272e-01 8.135432158720768969e-01 8.196968424872195236e-01 8.132225183358441356e-01 8.156311754300468175e-01 8.139674955086310115e-01 8.090658919930049375e-01 8.166473947779903098e-01 8.064304001204170014e-01 8.107767658802941257e-01 8.201066353355077609e-01 8.153294736871684600e-01 8.144429638982523256e-01 8.128909623143243390e-01 8.148336809093762456e-01 8.149789771496418478e-01 8.164121002056157206e-01 8.164331680664530522e-01 8.121237986770094563e-01 8.115599856925244104e-01 8.066636716773909477e-01 8.047949329997636791e-01 8.064590389204605581e-01 8.144469308700166277e-01 8.137608357616772370e-01 8.149208401139964586e-01 8.104422911730401191e-01 8.197627009574118828e-01 8.156909208803783118e-01 8.176125858795424417e-01 8.196625891430135979e-01 8.219999248796253655e-01 7.998316464476020737e-01 7.986603706465373875e-01 8.135569136761250375e-01 8.106400481727732421e-01 8.094488148921238357e-01 8.129862435722884362e-01 8.122339380384252516e-01 8.178738135014844701e-01 8.143018807995560104e-01 8.088842286546781279e-01 8.177214673920784049e-01 8.201906369841993616e-01 8.192139002156842986e-01 8.187455757853752125e-01 8.154368573379832119e-01 8.195221618220829285e-01 8.172410119069762890e-01 8.149052658765613133e-01 8.144600123879470743e-01 8.148187567926656882e-01
2.911762272494701140e-02 1.577485997737365642e-01 3.716782477920632100e-01 5.716441266212434202e-01 4.449712348414866514e-01 5.387544465551351580e-01 7.814462640253518888e-01 7.330077542087291009e-01 8.075407479517607845e-01 7.576362964205483053e-01 1.000000000000000000e+00 8.830101750493973833e-01 7.973447899316109533e-01 6.690487159081739410e-01 8.859032658686237793e-01 8.683943578301981381e-01 8.081954184370165883e-01 7.610782510780826904e-01 8.137303252958341115e-01 7.430598107518215922e-01 7.630339763059279523e-01 8.245656302813286764e-01 8.419773674138437691e-01 7.689696338039612167e-01 8.157340872282163868e-01 8.864280019172658953e-01 8.765937967078166748e-01 8.380855432491440826e-01 8.024207870121902175e-01 8.591898928387969869e-01 8.965422202895105830e-01 8.782655657750090272e-01 8.237624030001402531e-01 8.562580012008625951e-01 8.620742330827634303e-01 8.381900128080553847e-01 8.726387309763957711e-01 8.872947757378274458e-01 8.906560981117030984e-01 8.597277387648709635e-01 9.043859089737810164e-01 8.995667273036596079e-01 8.674119100989802211e-01 9.073389277932757402e-01 9.044067546870840912e-01 9.010247613025859081e-01 9.108318899905858412e-01 9.113457827667557076e-01 9.023131352566930996e-01 8.716421656673071228e-01 8.916072664273796411e-01 8.615093977108368994e-01 8.895038718702524827e-01 8.936603655164734317e-01 8.931555185177942890e-01 9.044288694981355015e-01 8.775991861833961627e-01 9.090223880210560603e-01 8.977621923176303254e-01 9.023894714037916653e-01 9.077315104955182568e-01 8.987081094355913180e-01 8.918748565921287286e-01 8.969884533710865693e-01 8.999031144479791022e-01 9.020576476815904687e-01 9.128386353297616163e-01 9.100800003958661177e-01 9.105102104944127195e-01 9.075519877884907771e-01 9.075340855335641832e-01 9.120821558437730570e-01 8.989736769143131800e-01 9.036802783940224293e-01 9.159614650357463805e-01 9.123037728224782095e-01 9.040430950970923529e-01 8.997787254662399370e-01 9.114341001285913846e-01 9.130855997890124920e-01 9.141628631837729335e-01 9.153066593762325676e-01 9.110309102592788477e-01 9.114289335996971220e-01 9.071909965923433683e-01 9.079017796004378305e-01 9.115427475657280620e-01 9.176228198828210170e-01 9.157202248721953985e-01 9.119300047233993567e-01 9.103751837669301628e-01 9.155097144464626746e-01 9.152316586835885781e-01 9.155153776252529241e-01 9.131241465642596644e-01 9.155096671526975483e-01 9.028183810869082615e-01 8.951097620054407900e-01 9.098911456654155128e-01 9.110480825812902195e-01 9.103143287300667907e-01 9.116300588882880751e-01 9.088675721741306113e-01 9.141124619550269337e-01 9.117249759762001693e-01 9.038745322313366248e-01 9.122933841549485390e-01 9.148759092041296448e-01 9.138508720654739959e-01 9.151019268952625962e-01 9.130726887729050389e-01 9.132689640621189930e-01 9.131232577471297684e-01 9.136981366742006339e-01 9.106982507453851294e-01 9.109014379067986722e-01
4.354717164081546577e-02 1.506037131812104080e-01 4.082621344039704114e-01 6.279755558941663152e-01 4.709723014152629172e-01 5.452070160804438625e-01 8.131482879535862907e-01 7.709765033413181756e-01 8.445657952522050982e-01 7.780515402961784011e-01 8.830101750493973833e-01 1.000000000000000000e+00 8.200781094910682967e-01 7.074418255939177724e-01 9.171944129508264876e-01 9.084466198880640775e-01 8.436067017291055681e-01 7.966445433660960251e-01 8.395544707804292184e-01 8.027370106013895779e-01 7.992583830571982073e-01 8.513372648782022711e-01 8.712878236449316249e-01 7.854637440658313041e-01 8.463369056076368580e-01 9.233819149863375930e-01 9.108802482667398559e-01 8.714883961628292486e-01 8.445487828090559868e-01 8.945915039100212907e-01 9.256151756411638010e-01 9.059851366077793511e-01 8.551468263258935609e-01 8.822728665876754528e-01 8.855352719539467676e-01 8.731761264666278999e-01 8.965204753296049933e-01 9.256709067262748336e-01 9.244171805736539627e-01 8.914765912323305841e-01 9.331621380177771430e-01 9.318356369358213875e-01 9.067052159836863634e-01 9.419795668707420244e-01 9.322703050695447802e-01 9.367134006930560863e-01 9.356422509506857610e-01 9.389542795818989207e-01 9.336704611721133862e-01 9.117464296165075366e-01 9.326080035086479203e-01 8.971252845884449822e-01 9.193032720183823558e-01 9.269204459944638819e-01 9.288499147979406567e-01 9.378560192107050497e-01 9.247573183059568658e-01 9.356642741912033490e-01 9.341575591764958997e-01 9.312709724718380988e-01 9.437654232147562050e-01 9.358767150115412381e-01 9.363371680061164382e-01 9.412547966368751684e-01 9.303091939420367051e-01 9.402024431472346677e-01 9.409422694391209596e-01 9.357127886522356164e-01 9.414920238312562972e-01 9.426213859628141956e-01 9.324501357801283641e-01 9.385328003086619297e-01 9.255462136530435702e-01 9.298823786759735643e-01 9.468657296903632004e-01 9.417479829903299127e-01 9.364484974474349688e-01 9.337244845188210629e-01 9.401729552144325597e-01 9.401252900062702089e-01 9.399313501402596360e-01 9.435748696116074141e-01 9.444052070286753642e-01 9.382495442999196911e-01 9.377507568264007443e-01 9.339112245431935300e-01 9.383144520198624106e-01 9.460770769037495365e-01 9.439317421250872364e-01 9.437356138682665430e-01 9.379039472627265228e-01 9.413479437796544724e-01 9.395419599485742568e-01 9.445090480894134943e-01 9.377495819124536114e-01 9.412327853999793437e-01 9.375500267665516363e-01 9.330629599758392123e-01 9.409304961227649144e-01 9.400099893564569653e-01 9.409667953586563494e-01 9.455424359436866988e-01 9.374092159558353732e-01 9.426452068483187618e-01 9.422713399551161384e-01 9.420079428516249243e-01 9.439926049816793618e-01 9.432228955255800296e-01 9.457919746592853283e-01 9.400668850705021784e-01 9.439502857167051397e-01 9.394673665548881614e-01 9.441431096729110406e-01 9.466638070929745963e-01 9.404484965332191582e-01 9.415691490501714167e-01
3.758660609784973683e-02 1.480110964182731470e-01 3.365126095045286037e-01 5.043835545588221114e-01 4.458753352581043550e-01 4.939227905519075756e-01 7.258807383120750023e-01 6.738147554136167949e-01 7.583058485547075067e-01 7.111057436753424055e-01 7.973447899316109533e-01 8.200781094910682967e-01 1.000000000000000000e+00 6.343596348059067358e-01 8.364678321590696131e-01 8.195592485291969265e-01 7.572500700327950973e-01 7.146677338006608426e-01 7.643911763981487972e-01 6.810336164595821584e-01 7.076752340607795899e-01 7.811785286614685297e-01 7.816196666713054464e-01 7.125464131417260649e-01 7.704815002057556761e-01 8.192768231240423749e-01 8.183337255158383838e-01 7.718143631144458450e-01 7.442957257826280371e-01 7.871383926210774318e-01 8.260537690182384596e-01 8.060790072272023821e-01 7.473160121539527134e-01 7.787866001061551913e-01 7.935022383331483686e-01 7.645414276994434433e-01 8.086017986748178510e-01 8.190476722184834024e-01 8.142093495555972060e-01 7.890685090840005023e-01 8.409637525905213629e-01 8.451957693481255696e-01 8.029853295140473302e-01 8.562962176539455905e-01 8.400388759110842818e-01 8.438233094835230208e-01 8.614718571013284532e-01 8.637204376957386964e-01 8.487185228073756971e-01 8.090498130922259001e-01 8.293682575497147713e-01 8.061009206052640597e-01 8.455296695295686504e-01 8.420538374989856578e-01 8.419921358914923548e-01 8.442714981235452942e-01 8.244053794602275165e-01 8.549113869573324864e-01 8.436419924988405317e-01 8.592349096384204188e-01 8.540659504067610319e-01 8.483604157690575187e-01 8.372512685628284990e-01 8.391440110055972124e-01 8.554865280149046569e-01 8.524840119562355767e-01 8.614332969729011635e-01 8.591154348788104800e-01 8.544735283444888641e-01 8.582430261310588504e-01 8.564553235948931809e-01 8.616342457236420005e-01 8.462473560745671364e-01 8.544491387082290279e-01 8.608572858334758715e-01 8.604992903499710799e-01 8.546825847025687484e-01 8.453883065502747485e-01 8.585134932746757430e-01 8.590177099801408200e-01 8.620311870259588227e-01 8.593949548356206725e-01 8.524227650375787446e-01 8.546807213395811731e-01 8.443935826890589524e-01 8.481813941221995057e-01 8.551027418020215043e-01 8.596388863599990771e-01 8.571132938196531770e-01 8.560100029931528853e-01 8.533184345279268834e-01 8.615250030098856593e-01 8.606612217398130760e-01 8.619101442123373591e-01 8.642522233959079037e-01 8.655768113121034002e-01 8.404446650157021415e-01 8.440276419077210601e-01 8.575500490433615175e-01 8.556078556378836630e-01 8.536045075333725807e-01 8.561282045543004982e-01 8.592901409510543820e-01 8.639662821599105591e-01 8.575053122639771930e-01 8.507857967225410656e-01 8.598812866524191412e-01 8.645012484239551487e-01 8.618554381935482622e-01 8.660742952254318894e-01 8.598265565221044904e-01 8.651477770415121338e-01 8.611247773293889685e-01 8.590355637474528239e-01 8.602972786276676942e-01 8.610945466913263457e-01
