1.000000000000000000e+00 1.194990633230260113e-01 5.942501066251165004e-02 3.165284603770890035e-03 -1.860549447761871659e-04 3.166787701726531817e-02 -1.528290317456203543e-02 -2.425488569770486991e-02 1.503818702980335709e-01 6.299454153433808878e-02 1.207722939730596773e-02 -2.592866676525319367e-02 8.092395994565508566e-03 3.350888475046701412e-03 4.847786391709628037e-03 2.307523372645815807e-02 9.501457422331537062e-02 3.536872343620238446e-02 6.706985315153644878e-02 -2.209939889486640593e-02 7.842469049134485892e-03 5.039398345748791891e-02 7.494192135631960738e-02 1.428589247768853425e-02 6.647670952697451452e-02 7.614648861700901161e-02 5.903682345439284496e-02 5.748173361320080277e-02 1.152560274788543976e-01 9.987931821811432687e-02 7.598206947542847367e-02 3.498909535778820662e-02 7.308348045951724992e-02 4.753233338845649913e-02 9.753762386744523061e-02 7.856684780329596662e-02 7.779883667370929290e-02 3.591442152029992313e-02 3.601399665660778154e-02 -1.406882289987500603e-02 1.717967553537507255e-02 2.954031949138433404e-03 -1.831001108864768051e-02 1.008269144076630666e-02 2.978261871694285953e-02 2.154337001094492124e-02 5.218881359784496334e-03 1.420108944796376338e-02 1.349276925539865356e-02 1.350832397701891112e-02 1.603165044131415334e-02 -1.057788509239840531e-02 9.374850934883483672e-03 4.476435188741340748e-02 4.372685804845468510e-02 4.929404162780056525e-02 6.659065468542586796e-02 1.393749167639324327e-02 1.146401607566742593e-02 3.442650768717138432e-02 9.984659634663276689e-03 2.816287000948779554e-02 2.983613820214517029e-02 2.968404011207853924e-02 5.429364312383432728e-02 4.900599523166709187e-02 1.862414850587643458e-02 1.413824393143082135e-02 2.669011880334539594e-02 -4.902452567129064048e-03 9.446557832866244245e-03 3.158971011262096812e-02 -6.637340151277354612e-04 2.450462371210691478e-02 2.540888520440063442e-02 2.081795449057311995e-02 1.685934403807582901e-02 4.908831960125404487e-02 2.116785409874193113e-02 3.494423141153075313e-02 3.567032012932253721e-02 2.794696175156283907e-02 3.064413883701821995e-02 3.776885986556553776e-02 7.468119402485893198e-03 1.437529552237259804e-02 2.994608686766767752e-02 6.019784029707340132e-03 4.965791995158931604e-03 3.529223416675107694e-02 -1.237363255863399699e-03 1.712672413723689358e-03 6.908168418288582711e-03 8.337360204734312876e-04 8.129495289334120285e-04 8.827234842047429822e-03 -1.115577823239958036e-02 2.902228509555818126e-02 -2.115061715123648777e-03 -1.888816262744084928e-03 -6.329733290783778714e-03 4.832734146111595901e-03 6.319082561029360293e-03 -3.337034693247560601e-04 1.713420194514922446e-02 4.380275323618686850e-02 1.274133596659940935e-02 2.015565703927142335e-02 2.628588734116827502e-02 8.181339845010831419e-03 2.618979540812881469e-03 1.473768274898227919e-02 1.004911596369073047e-02 2.199112197330435614e-02 3.231116392047025943e-02 3.051631022766808365e-02
1.194990633230260113e-01 1.000000000000000000e+00 6.461944950418428701e-02 8.352130318786632479e-02 6.087674049161591328e-02 8.418962874053921575e-02 1.173886549287375819e-01 9.732030550445106010e-02 1.817540281091726828e-01 1.532623406754393125e-01 1.159089242225096739e-01 1.199233715265229094e-01 1.194734666555575808e-01 9.969191821344701443e-02 1.399631884094681422e-01 1.315277838484037731e-01 1.682234851979843293e-01 1.450657888926230321e-01 1.757326104209674389e-01 8.033160503361373717e-02 7.975557034612959506e-02 1.346285838985351868e-01 1.804964529013259045e-01 1.518896017676060473e-01 1.717321534156099894e-01 1.710318283536838568e-01 1.516916012735548269e-01 1.626336090124629319e-01 1.852241892405148693e-01 1.837998462634440611e-01 1.747699198992463399e-01 1.610035192674786619e-01 1.637354907569323059e-01 1.587951694557917792e-01 1.667437585000412503e-01 1.532346295358407162e-01 1.577256239880069355e-01 1.563426419808777446e-01 1.511854620184446552e-01 1.377052794647955214e-01 1.432111208190459950e-01 1.384412850938840367e-01 1.333157761820250309e-01 1.448538411805130044e-01 1.527108804005544440e-01 1.538426415017379034e-01 1.413756683299580985e-01 1.458941486696300749e-01 1.444564660509355392e-01 1.216987373126874744e-01 1.393814183511873084e-01 1.186690944353605282e-01 1.347125697499216845e-01 1.721554651241485046e-01 1.752954889687290685e-01 1.712422839114451090e-01 1.608013844339199749e-01 1.464414344949405145e-01 1.504613640385721596e-01 1.512287997060012823e-01 1.433902224882916687e-01 1.605910353128139900e-01 1.530119375664590886e-01 1.388007718008328895e-01 1.555702753585297693e-01 1.562972496593340588e-01 1.493162296098768382e-01 1.515152574052716361e-01 1.587383685966233804e-01 1.341307915635451264e-01 1.390132930942384049e-01 1.554099863134525417e-01 1.504237969564427291e-01 1.551751994436695037e-01 1.504760967602775390e-01 1.483370230346688634e-01 1.501683512797550857e-01 1.607397311855019717e-01 1.585664306541100521e-01 1.597554084479821390e-01 1.571089140372218806e-01 1.551445957039858381e-01 1.579471910147657865e-01 1.543791820183228192e-01 1.401951137853111318e-01 1.495502865076776822e-01 1.538232109786133728e-01 1.470755711795369292e-01 1.437071294974281155e-01 1.596125056343315751e-01 1.438682722327644659e-01 1.426180445698127242e-01 1.449981082150489653e-01 1.468906616593199654e-01 1.421652466511675594e-01 1.475308087012204006e-01 1.342863927769350207e-01 1.344671690743535486e-01 1.375344014142411142e-01 1.350205909687325900e-01 1.416893389615153098e-01 1.407822814047626214e-01 1.368217267302904994e-01 1.413091451443613256e-01 1.440701708005707737e-01 1.520208191886956162e-01 1.439963203921163226e-01 1.538760520642822316e-01 1.568785732617613005e-01 1.451611906669709184e-01 1.419964556237877651e-01 1.455789227589563695e-01 1.484620176517448542e-01 1.427713917408053035e-01 1.488313355516687198e-01 1.495963071964809266e-01
5.942501066251165004e-02 6.461944950418428701e-02 1.000000000000000000e+00 3.263498579115884368e-01 1.683722336563698574e-01 2.244851549237371902e-01 3.561995547110030635e-01 3.433482265663925226e-01 3.582338756523407164e-01 3.103436540052226245e-01 3.517186763557201834e-01 3.616867565483024016e-01 3.158662253322863100e-01 3.054356990829338869e-01 3.754960672464288662e-01 3.840918559220345974e-01 3.653337785199495813e-01 3.739864709695324141e-01 3.796305704105401579e-01 3.180885997760626305e-01 3.818388196642037991e-01 3.895323478125273797e-01 3.537062568355585079e-01 3.542703486233064747e-01 3.726256640012584054e-01 3.809069005510808958e-01 3.774977760133513272e-01 3.637416868455582430e-01 3.517938099029918608e-01 3.499407384474912397e-01 3.649951220062275792e-01 3.871868708207838461e-01 3.525453451503056668e-01 3.807765597728193230e-01 3.482043692227108078e-01 3.909350581849241335e-01 3.773494812213621374e-01 3.726690690992375266e-01 3.821628727252869284e-01 3.849172945941571888e-01 3.802617446247906208e-01 3.728905762909923149e-01 3.891891360176361614e-01 3.829996261569862392e-01 3.838012855004707125e-01 3.745954241686010322e-01 3.631604637263155522e-01 3.752065745651365636e-01 3.756360880608315966e-01 3.702394373992313192e-01 3.819516136900806824e-01 3.877731572564503404e-01 3.731044015183999085e-01 3.684691803666974019e-01 3.803079341838299099e-01 3.879130542642156287e-01 3.708215128426872176e-01 3.753923383042277462e-01 3.706675109530391254e-01 3.695465081653478978e-01 3.811913890189179699e-01 3.709653359101118819e-01 3.703564547257786055e-01 3.732477802437577652e-01 3.764279519059298140e-01 3.729521187042246222e-01 3.779421344999681631e-01 3.881417926398843532e-01 3.848476530906744797e-01 3.925738908418568984e-01 3.985558455298826575e-01 3.873618642416264413e-01 3.873569182669779898e-01 3.930179477227107587e-01 3.808445034239443805e-01 3.834791109385021768e-01 3.611496970599615275e-01 3.645094541133720445e-01 3.731423872077279658e-01 3.689414601405922034e-01 3.751662623121113094e-01 3.677871409489992249e-01 3.877613761063469777e-01 3.756693498946420129e-01 3.797780283891212250e-01 3.821660044775692655e-01 3.857180601609961346e-01 3.768642756891737999e-01 3.753070670979888890e-01 3.819909999761364472e-01 3.749662724828163318e-01 3.769011205696873312e-01 3.808178362204746592e-01 3.750287734637650083e-01 3.710462708659643671e-01 3.736414288836938935e-01 3.823267684554593759e-01 3.746239823789901391e-01 3.796813545652970023e-01 3.800605672606651719e-01 3.792396827599172626e-01 3.778417574507776933e-01 3.727013858541815550e-01 3.796486289134436976e-01 3.888878973809384298e-01 3.741537684081464032e-01 3.752810806864388393e-01 3.759132098445250869e-01 3.789169634555796806e-01 3.740885226852827539e-01 3.761126047591898391e-01 3.712191500161909352e-01 3.753919077917912683e-01 3.751370586021456899e-01 3.789153364624073816e-01 3.727540615276700997e-01
3.165284603770890035e-03 8.352130318786632479e-02 3.263498579115884368e-01 1.000000000000000000e+00 3.483052594513816325e-01 3.741845778548556489e-01 5.648862842457171851e-01 5.427968145910274655e-01 4.824432406061471279e-01 4.658276958696723757e-01 5.793946109233575337e-01 6.453742921229148610e-01 5.240531416956879518e-01 4.862258678993345296e-01 5.955690270032859557e-01 6.033841129453010321e-01 5.115347916913599580e-01 5.066232093787247370e-01 4.947382944075933153e-01 5.751448726041287207e-01 6.389789319913626864e-01 6.050113063016998582e-01 4.474608688771443132e-01 4.860608746974922068e-01 4.801813927093252499e-01 5.384363826670874875e-01 5.525442015298315246e-01 5.221347467713450818e-01 4.740977650451319025e-01 4.774439801301277320e-01 5.095001114860089331e-01 5.462027739237945712e-01 5.000845535600451086e-01 5.168337434226901728e-01 4.858343567120876894e-01 5.100845802761923009e-01 5.061955794518538942e-01 5.624358625422057889e-01 5.467695707765373170e-01 5.547257295334159233e-01 5.783135265549986803e-01 5.721215277973688007e-01 5.941506444928086328e-01 5.880393973772377603e-01 5.671862195379772098e-01 5.613889709806093586e-01 5.807718817620917129e-01 5.800077230817884955e-01 5.858509909836882024e-01 5.658405733237888979e-01 5.845422554555375072e-01 6.192713283222807119e-01 6.079126663123947116e-01 5.701069093881698802e-01 5.677428775424833152e-01 5.605661928138381267e-01 5.770515686836841240e-01 5.927284308587882355e-01 5.919133977515048661e-01 5.924756022130065469e-01 6.094557580248354256e-01 5.949924435004081413e-01 5.854494250251224274e-01 5.807764989807427947e-01 5.700402463470792824e-01 5.822827761361037968e-01 5.802972365265470778e-01 5.808506475891479504e-01 5.652510013356940588e-01 6.446742551996651471e-01 6.324924013297300585e-01 5.802979758184815262e-01 5.776513153662200528e-01 5.779015788922005070e-01 5.806385012135438783e-01 5.811767147697427527e-01 5.576599820193530732e-01 5.432498752097983941e-01 5.616238943687431595e-01 5.482658507779888390e-01 5.561785257204778787e-01 5.592461104943651229e-01 5.721097160056030084e-01 5.588362457854215704e-01 5.766402495010451990e-01 5.675203293888491096e-01 5.686182579562364392e-01 5.781553455787321605e-01 5.677380215829432863e-01 5.641208787594430563e-01 5.684717460476961248e-01 5.869813009508739743e-01 5.775624127114594719e-01 5.740924757822514213e-01 5.867611786583196709e-01 5.825626392143645749e-01 6.047184083690145817e-01 5.976026121702588956e-01 6.068365021042845253e-01 5.962532412226646539e-01 5.922690172723950042e-01 5.952273655978838063e-01 6.024685642326866875e-01 5.945027606926812647e-01 5.990733663750521520e-01 5.830593169840713186e-01 5.915046699796829843e-01 5.773165664043904410e-01 5.761167840622829495e-01 5.942675408042610297e-01 5.959269160382912878e-01 5.870072309052007942e-01 5.933878692276859379e-01 5.881087715354846868e-01 5.793792671077606649e-01 5.894415225264393321e-01
-1.860549447761871659e-04 6.087674049161591328e-02 1.683722336563698574e-01 3.483052594513816325e-01 1.000000000000000000e+00 2.715524766326046779e-01 4.329108864954746005e-01 4.177302076063784120e-01 4.004711838439987126e-01 3.774824751286714464e-01 4.458608623846346819e-01 4.782057258932989607e-01 4.233656496184886597e-01 3.983443911168575990e-01 4.663301470018562100e-01 4.675411687268323790e-01 4.286457691523229419e-01 3.685029184969574878e-01 3.878697156107708821e-01 3.635178582707657147e-01 3.710032901117706894e-01 4.142536963934926320e-01 3.735515098451868687e-01 3.536861441080888513e-01 3.669395751478542467e-01 4.529051394628428318e-01 4.538987568360454694e-01 4.354289447381201605e-01 4.201555513370128780e-01 4.102162962919598255e-01 4.485391494139972512e-01 4.376045510746526812e-01 3.976489128329869227e-01 4.204677357185388487e-01 4.002754443980536814e-01 4.126984522060566651e-01 4.312611395559872163e-01 4.521463084870352422e-01 4.556808792731848468e-01 4.399063772364315006e-01 4.718170244958784787e-01 4.768318398677741099e-01 4.657054139921247282e-01 4.805549557823047824e-01 4.625114285015530236e-01 4.682039868382057990e-01 4.880656761165595436e-01 4.813338143349542020e-01 4.819241902965467061e-01 4.423983204086439081e-01 4.698759914968730911e-01 4.679662963765726102e-01 4.871086172589075280e-01 4.760801640558038339e-01 4.674342870641824410e-01 4.581212276658295224e-01 4.681647306540548392e-01 4.860904131082844915e-01 4.728892045599152882e-01 4.922598805937431488e-01 4.910163860126102731e-01 4.795491480934945261e-01 4.736064012695355152e-01 4.815273353763369624e-01 4.776448971970402302e-01 4.826337349722327752e-01 4.849103783093616782e-01 4.739091925995232435e-01 4.719399788483110147e-01 4.890314056047210256e-01 4.802744235849409349e-01 4.794375782604733405e-01 4.673195666109321023e-01 4.607187252642538366e-01 4.840158063480460293e-01 4.785926617181015530e-01 4.759672753625458497e-01 4.692566559565182760e-01 4.749443124671599570e-01 4.787480089007123407e-01 4.739704277550411682e-01 4.806235983830514646e-01 4.760566223506822459e-01 4.673548874175021406e-01 4.708959821184394712e-01 4.716512741941976117e-01 4.737676788143738160e-01 4.835169729936169003e-01 4.787408230849957147e-01 4.775210280276491748e-01 4.736075477930680178e-01 4.840386952596748560e-01 4.797766070197950206e-01 4.792988753601164498e-01 4.900287464146705907e-01 4.872968435955922217e-01 4.824521361332633762e-01 4.853161485960428290e-01 4.891654785464522037e-01 4.884113777351019592e-01 4.849777689527194346e-01 4.874555683549068874e-01 4.902807653756126038e-01 4.883318749258110936e-01 4.871760169263967821e-01 4.837806482209418002e-01 4.871264502432638976e-01 4.859622088934478223e-01 4.823883171191354902e-01 4.877771036497758339e-01 4.844390111832170276e-01 4.907868807567346559e-01 4.887933982962024415e-01 4.889987039599334451e-01 4.861851506332525719e-01 4.890354643442390570e-01
3.166787701726531817e-02 8.418962874053921575e-02 2.244851549237371902e-01 3.741845778548556489e-01 2.715524766326046779e-01 1.000000000000000000e+00 5.101018341389680355e-01 4.642331824247711847e-01 4.742197404029955266e-01 4.552877963659271998e-01 5.129063827194152436e-01 5.266421550378637129e-01 4.829094230940625954e-01 4.628236808939372171e-01 5.469656308791169819e-01 5.375057960083815534e-01 4.915287496008605150e-01 4.667620305269351566e-01 4.923866190077546001e-01 4.052864438244789813e-01 4.505684164142699788e-01 5.035948991362780847e-01 4.599875783891632652e-01 4.303003340122082965e-01 4.743199943699299981e-01 5.343295291200186314e-01 5.290353560436913405e-01 5.296329486914006512e-01 5.131266441825190761e-01 5.159729528463352644e-01 5.332919931730050189e-01 5.389943208501696281e-01 5.195566222682133084e-01 5.099852491528027443e-01 5.024790174834740109e-01 5.074658930475548502e-01 5.316962382493276573e-01 5.423480627795077558e-01 5.494384914718175583e-01 5.438302060684799821e-01 5.475859529109636803e-01 5.505739181486958289e-01 5.561225984171104253e-01 5.583158924101220277e-01 5.623779185758811527e-01 5.543107370802583533e-01 5.526633144073621606e-01 5.514897304448839188e-01 5.546415877370149961e-01 5.268028155844041160e-01 5.527668539314024576e-01 5.338451344443490010e-01 5.516211067779022148e-01 5.522163722340840408e-01 5.509234612503544071e-01 5.548914390224112259e-01 5.425199929326299797e-01 5.554062005414450720e-01 5.506801404048344839e-01 5.506807350613334151e-01 5.594556174505420643e-01 5.478825913295700678e-01 5.449796775141722005e-01 5.491293759115180029e-01 5.410433646213010928e-01 5.510597125961134157e-01 5.577781355625935911e-01 5.544067745727629948e-01 5.503001987105275994e-01 5.566562710592550811e-01 5.585094758444727470e-01 5.590712496687469946e-01 5.403555774007238188e-01 5.538651443404974950e-01 5.581567441268261431e-01 5.595254531184240543e-01 5.538290713447988622e-01 5.528250022231244731e-01 5.551149146703411308e-01 5.513292290558635678e-01 5.555147655720114042e-01 5.533697538095715407e-01 5.556807045428636682e-01 5.552231991084820573e-01 5.537004678017199977e-01 5.496311366935334730e-01 5.555891745967264095e-01 5.577450790829203697e-01 5.547112778756408957e-01 5.566458845377338926e-01 5.564026107165345181e-01 5.580913689767120767e-01 5.580656148770364311e-01 5.584426153369097534e-01 5.550791832967099104e-01 5.548651742982656510e-01 5.550441064012644476e-01 5.437114721257224614e-01 5.577525881360665405e-01 5.533680860637052445e-01 5.611637985663354700e-01 5.553708993615803502e-01 5.519712259169412549e-01 5.585500573809607516e-01 5.594333241347305696e-01 5.490787407712935941e-01 5.567022674395764037e-01 5.559556892533659145e-01 5.588070333450894100e-01 5.550265420562893182e-01 5.554970945692869755e-01 5.564377258245513103e-01 5.564701833260148334e-01 5.571013868662137991e-01 5.552371514463412261e-01 5.539645081705645291e-01
-1.528290317456203543e-02 1.173886549287375819e-01 3.561995547110030635e-01 5.648862842457171851e-01 4.329108864954746005e-01 5.101018341389680355e-01 1.000000000000000000e+00 6.914415542908666223e-01 6.823181567744106557e-01 6.502827631434524580e-01 7.715672616005144757e-01 7.962670475479044496e-01 7.189241550206861842e-01 6.803077714719846236e-01 8.326009014316488877e-01 7.930613397085177763e-01 7.024363321376766445e-01 6.968688613042013369e-01 7.223738242301230850e-01 6.136889977903441373e-01 6.774477464159085471e-01 7.485753834606283519e-01 6.747437759304137916e-01 6.655530783929465288e-01 7.061914248475489320e-01 7.833420203094124679e-01 7.867266018236093172e-01 7.822411459793842115e-01 7.483813158197951676e-01 7.416340294875246597e-01 7.884364037551407911e-01 7.961726668168949139e-01 7.433545258695104518e-01 7.636789094147973245e-01 7.277730905689364649e-01 7.292689533732634732e-01 7.601095165425657552e-01 8.124166681807896140e-01 8.108823470350907670e-01 8.008059623333031452e-01 8.229879367680885682e-01 8.270803012595903114e-01 8.249210859420116337e-01 8.323992979608291209e-01 8.166086132693702870e-01 8.217802866494342551e-01 8.195122109051908854e-01 8.185098454023111980e-01 8.139643825379772046e-01 7.765959990357685916e-01 8.134551578289074270e-01 7.876799351068157762e-01 8.106489255698976493e-01 8.031427443678289535e-01 8.042710984759445791e-01 8.106158596255843563e-01 7.618137690897330838e-01 8.231512287970985664e-01 8.085760665934055291e-01 8.101972435130699868e-01 8.214581485601063493e-01 8.016190720571398920e-01 7.905820568823682670e-01 7.965444705574493689e-01 7.895213908720636331e-01 7.934370915366881771e-01 8.201312303053540642e-01 8.224180376977773266e-01 8.217978965434746819e-01 8.283889519690493808e-01 8.327117308926177408e-01 8.261229142671959735e-01 8.169879287919428190e-01 8.201608387291613456e-01 8.277506527812029669e-01 8.250940458877035200e-01 8.236718715671638158e-01 8.096983788833973517e-01 8.279718004696615674e-01 8.118746852986081786e-01 8.191640194710888556e-01 8.195955943812386346e-01 8.164186752014060966e-01 8.120953126824715929e-01 8.245902789690506829e-01 8.219597431903602480e-01 8.164086720533871855e-01 8.321147525139047652e-01 8.259171363729265192e-01 8.170022429843913914e-01 8.297112358472555904e-01 8.345083881024003558e-01 8.247197322711836698e-01 8.295591047425933118e-01 8.242900524512619675e-01 8.252341149592814507e-01 8.266700685329362308e-01 8.005221823625714439e-01 8.276738323062104996e-01 8.332415227896893262e-01 8.357535699800472395e-01 8.240665672849974976e-01 8.196275918042743580e-01 8.315357920294615957e-01 8.204332064002367586e-01 7.900324985026179192e-01 8.200253601655671520e-01 8.205687169828307370e-01 8.234528462312520336e-01 8.238588221305775949e-01 8.251743175827167542e-01 8.184569425128778164e-01 8.204120018333731501e-01 8.159127322455809184e-01 8.080998231334640680e-01 8.065637974765194063e-01
-2.425488569770486991e-02 9.732030550445106010e-02 3.433482265663925226e-01 5.427968145910274655e-01 4.177302076063784120e-01 4.642331824247711847e-01 6.914415542908666223e-01 1.000000000000000000e+00 6.394819423843169925e-01 6.148898161411773255e-01 7.179125988880687981e-01 7.529056744130724343e-01 6.704028761214466670e-01 6.354964395762411344e-01 7.579652361051187892e-01 7.521569861536745449e-01 6.693002075672508377e-01 6.125856912959192213e-01 6.457060663121009236e-01 5.750735621944303988e-01 6.396236528808360022e-01 6.916513415393928943e-01 6.086732714533547028e-01 5.822868255467689158e-01 6.223024124337057650e-01 7.216704972986583977e-01 7.160554816729083338e-01 6.998320872869842058e-01 6.862258009537953729e-01 6.807713514037961877e-01 7.241880607846131745e-01 7.330349869597744261e-01 6.815244749828029969e-01 7.008747664797837507e-01 6.645128970936668988e-01 6.828379987258685890e-01 6.959249413689958530e-01 7.589784280114800774e-01 7.472839126277911470e-01 7.412454137406883081e-01 7.575818322581262532e-01 7.615440400272760479e-01 7.607391821651575681e-01 7.710172574093726583e-01 7.484094577881003074e-01 7.551774954470259482e-01 7.643003835602912854e-01 7.654387828470383681e-01 7.719870729474711535e-01 7.483128361048142496e-01 7.703639846506733502e-01 7.406206589544884755e-01 7.567282148747902504e-01 7.580315939987257723e-01 7.619373734260508346e-01 7.576267768549744819e-01 7.499275872631362416e-01 7.747663395979087486e-01 7.788273207120566255e-01 7.605600467757677174e-01 7.759668589424892904e-01 7.669471977388052641e-01 7.645237282957083602e-01 7.623404133817035522e-01 7.422821780794286450e-01 7.521165923577358692e-01 7.661012390799913918e-01 7.576036170190555419e-01 7.560745794987128177e-01 7.748114257040543684e-01 7.744895895179058076e-01 7.629333264291352501e-01 7.442256260846732419e-01 7.487786221269391307e-01 7.665615150121288801e-01 7.616637770301301069e-01 7.498760144065301780e-01 7.431494807599018371e-01 7.542054477579209770e-01 7.535918102823697673e-01 7.568240435753792461e-01 7.591253033085866297e-01 7.615212609343893213e-01 7.508484500773444648e-01 7.665535062405943734e-01 7.587040220311085381e-01 7.574515791429320410e-01 7.690477786885078215e-01 7.591147264135532646e-01 7.595838721765038049e-01 7.597593354476416261e-01 7.710799007699363772e-01 7.640455860039233604e-01 7.654573524793916173e-01 7.691283424812490610e-01 7.688431149400319908e-01 7.791840691882127024e-01 7.703563529696030310e-01 7.772001452418223488e-01 7.780983521361919397e-01 7.748725375437228724e-01 7.786646522946584215e-01 7.695749838901984052e-01 7.757855101416345489e-01 7.700399174996735985e-01 7.559556673059428800e-01 7.730719221886163117e-01 7.641323849887303732e-01 7.675725068393545181e-01 7.738502031762499733e-01 7.771077879651652198e-01 7.665424518259659203e-01 7.724948102970216057e-01 7.677025296823755118e-01 7.594313860670753868e-01 7.608064341676740172e-01
1.503818702980335709e-01 1.817540281091726828e-01 3.582338756523407164e-01 4.824432406061471279e-01 4.004711838439987126e-01 4.742197404029955266e-01 6.823181567744106557e-01 6.394819423843169925e-01 1.000000000000000000e+00 7.131077410826731633e-01 7.589490692598277466e-01 7.610887138620804349e-01 7.153137971222355285e-01 6.792481612826468673e-01 8.042885145277367531e-01 7.950070453073785348e-01 8.015889918141886339e-01 6.828559739259858485e-01 7.618089496594088184e-01 5.503907951208497629e-01 6.440049176821062149e-01 7.538358328198885294e-01 6.954036759858949202e-01 6.242657009655011580e-01 7.027062177014413713e-01 8.302588095026813830e-01 8.048110359349228693e-01 7.903713416802519154e-01 8.250645742097755253e-01 8.066672206682039548e-01 8.396844098259358402e-01 7.985929249815476583e-01 7.751754142986699847e-01 7.741541361762409590e-01 7.858724317530044745e-01 7.900331238594430205e-01 8.082717410374139488e-01 8.192440985423827815e-01 8.221851875608278126e-01 7.623936190835551852e-01 8.294676907315176040e-01 8.064101938660546143e-01 7.804788380385003776e-01 8.202934221397321091e-01 8.268593248922679884e-01 8.221774401764495588e-01 8.277205314053311946e-01 8.464680659276277996e-01 8.357242054829359112e-01 7.844932522684670007e-01 8.206132837906672250e-01 7.745472266150960072e-01 8.149116878296822630e-01 8.584909137267924262e-01 8.449681410256247860e-01 8.357826975277325987e-01 8.512690138327124734e-01 8.327382930576956444e-01 8.306926734790076594e-01 8.496742030590900274e-01 8.327625008150149055e-01 8.416029183036389805e-01 8.378853886153631025e-01 8.414458610948472028e-01 8.562817882397979474e-01 8.555505661455126143e-01 8.386663798919029578e-01 8.263579810338191889e-01 8.272616775792752675e-01 8.116324298563856177e-01 8.275142342973067500e-01 8.421171832393498091e-01 7.960807550659170229e-01 8.143077174083377390e-01 8.395464042638983715e-01 8.348513789997116241e-01 8.215459775749865967e-01 8.397043145758726901e-01 8.261274728140410861e-01 8.360838156926291287e-01 8.375805183278489663e-01 8.407535089166060516e-01 8.390046293568668156e-01 8.339940206155015412e-01 8.129488276204084318e-01 8.222700403166441907e-01 8.347113609226034514e-01 8.253588454925769868e-01 8.244072191687684681e-01 8.421616108471945417e-01 8.106995961494470881e-01 8.243044918602450144e-01 8.289577659535652954e-01 8.240906668281657854e-01 8.314829508287526760e-01 8.382438924096998756e-01 8.011379679972661094e-01 8.308767969627963712e-01 8.188500861176101209e-01 8.207209276280028609e-01 8.166475056543184285e-01 8.295790442368983220e-01 8.284541665472946459e-01 8.290921283959613586e-01 8.339843397712365380e-01 8.468175946424295608e-01 8.371761352424331726e-01 8.436791071498093153e-01 8.431163513932699027e-01 8.364665799276878033e-01 8.322263980863936483e-01 8.401806640639764012e-01 8.374315785115591382e-01 8.405955032467031796e-01 8.479096707717134196e-01 8.464572134116171709e-01
6.299454153433808878e-02 1.532623406754393125e-01 3.103436540052226245e-01 4.658276958696723757e-01 3.774824751286714464e-01 4.552877963659271998e-01 6.502827631434524580e-01 6.148898161411773255e-01 7.131077410826731633e-01 1.000000000000000000e+00 7.267371914643345754e-01 7.453608047986608476e-01 6.949717486814168677e-01 6.779015931509150272e-01 7.732561245935136718e-01 7.573240358437979269e-01 7.343342548110237678e-01 6.343559074458626768e-01 6.948959730773259791e-01 5.132171469997595104e-01 5.710682450094117790e-01 6.780598917985314333e-01 6.457933588123996316e-01 5.762847374314034044e-01 6.575010430931648164e-01 7.724822660587238321e-01 7.573608081160777550e-01 7.559874126800212313e-01 7.557773896684258919e-01 7.602955499190298116e-01 7.988362818000838139e-01 7.675117914014586429e-01 7.335584043018040790e-01 7.413429186838034202e-01 7.309182378360657983e-01 7.472101111351734382e-01 7.702883505705565570e-01 7.880750858851890417e-01 7.919964802582714070e-01 7.621641609785025917e-01 8.002739409968843143e-01 7.921374042232275370e-01 7.768177750296507700e-01 8.020998130573313567e-01 7.957801033016411729e-01 7.979140373832458444e-01 8.047812511063615615e-01 8.090384465778949208e-01 8.030276502144850781e-01 7.597906336587496590e-01 7.939520709276608468e-01 7.557006951337236211e-01 7.822878774636620181e-01 8.084869884069166845e-01 8.044451780789718676e-01 8.029439223076497711e-01 7.879964625087192420e-01 8.076634710612495827e-01 7.978040633311923591e-01 8.046265371278521483e-01 8.044191202971554544e-01 8.028622017491648943e-01 7.947268124310570281e-01 8.013546945405767286e-01 8.015161848415397472e-01 8.054030071874460628e-01 8.104455803242699430e-01 7.972595573877637731e-01 7.980491783080669865e-01 7.792012945673391089e-01 7.877910375252500375e-01 8.076774875870200709e-01 7.723008108306992359e-01 7.829936893957791799e-01 8.086334779764913216e-01 8.046744904412996835e-01 8.029327719521175410e-01 8.051836536086630636e-01 8.013602647430234649e-01 8.071562647825126779e-01 8.102941775244690836e-01 8.114685555670883010e-01 8.065227903312153224e-01 8.045214915667896483e-01 7.954239806519914913e-01 7.994873748216729803e-01 8.069913794045854294e-01 8.071272958406909837e-01 8.050878399243489580e-01 8.122814040992856199e-01 7.976493688113013292e-01 8.065671890321917115e-01 8.090959106919199950e-01 8.072727553186413996e-01 8.080185754577203783e-01 8.114900606012207529e-01 7.879821297401312652e-01 7.904642062173816708e-01 7.990072592417392094e-01 7.996685943998699253e-01 7.999446352709540520e-01 8.033502364730503720e-01 8.028538598063671428e-01 8.051331519748616827e-01 8.045429049588541659e-01 7.975709780418959172e-01 8.074097159429868276e-01 8.129218400568422043e-01 8.126717803965634035e-01 8.097918683228730874e-01 8.065378405310095200e-01 8.084831254203160844e-01 8.078599168618946225e-01 8.056793842164575725e-01 8.090448554924917213e-01 8.070852696765073997e-01
1.207722939730596773e-02 1.159089242225096739e-01 3.517186763557201834e-01 5.793946109233575337e-01 4.458608623846346819e-01 5.129063827194152436e-01 7.715672616005144757e-01 7.179125988880687981e-01 7.589490692598277466e-01 7.267371914643345754e-01 1.000000000000000000e+00 8.555968818668768794e-01 7.783487040651714262e-01 7.407654617157876098e-01 8.790599340856366517e-01 8.561259228310139635e-01 7.807953741817645898e-01 7.283752198399290334e-01 7.724763004791623811e-01 6.362135216079620736e-01 7.029702389076682989e-01 7.868432457041963923e-01 7.254760352001015100e-01 6.843878624783470421e-01 7.369944479040770879e-01 8.480058171711917225e-01 8.379615548996397489e-01 8.365182854151275160e-01 8.145328010770708227e-01 8.217109842737244652e-01 8.729391475691621327e-01 8.620590115802523323e-01 8.180562740129916355e-01 8.343016725535296052e-01 8.116083454369987793e-01 8.192129237052719892e-01 8.422008587954878944e-01 8.772606739448467472e-01 8.831901839478488725e-01 8.609404604048777054e-01 8.899503507543263803e-01 8.871390260222293822e-01 8.784907715847007914e-01 8.956080276566343867e-01 8.872530411340170398e-01 8.871384683353792378e-01 8.918583182161469169e-01 8.952354757675060615e-01 8.924113410870628815e-01 8.551295016331283971e-01 8.880960613054045272e-01 8.575086809649299369e-01 8.834170068339421977e-01 8.845858587102062298e-01 8.814883894887420857e-01 8.833368744269334272e-01 8.616792801301218496e-01 8.954753821109358025e-01 8.871361235949556390e-01 8.889374647915190275e-01 8.975594079393964808e-01 8.844785332005106193e-01 8.770134480466265092e-01 8.887841719395160878e-01 8.748531223945589241e-01 8.816978441586701409e-01 8.951035974540693108e-01 8.910070889293044694e-01 8.913296384044082643e-01 8.907782083497544079e-01 8.931646225279807894e-01 8.946730494356164298e-01 8.736029593181039443e-01 8.775665521882761722e-01 8.959183456611138352e-01 8.938681292171032355e-01 8.856938451829619030e-01 8.829579353450226487e-01 8.880115834604939140e-01 8.877114261015451868e-01 8.913867087759613783e-01 8.936586180810823787e-01 8.942748148573775868e-01 8.880406908983747849e-01 8.931659348475461391e-01 8.941660922977112680e-01 8.947332640694756201e-01 8.986312599876357110e-01 8.968782623506272866e-01 8.908915919347284440e-01 8.922865963913895193e-01 8.994713690519718918e-01 8.982224040664749110e-01 8.988170963084123333e-01 8.990784969523651915e-01 8.991661937783688163e-01 8.930871343275611496e-01 8.829752923586956515e-01 9.000696130751950630e-01 9.001835553714958582e-01 8.997793244600292839e-01 8.979954983533081636e-01 8.934202600093810176e-01 9.001837547023693320e-01 8.971451312480158702e-01 8.791367606350893871e-01 8.983141647419348175e-01 8.955937677696526045e-01 8.962840697580060079e-01 8.978926769631034865e-01 8.986394150167078543e-01 8.952894393873725987e-01 8.968557486546883117e-01 8.948540311596454577e-01 8.895253162794231061e-01 8.900270018882353584e-01
-2.592866676525319367e-02 1.199233715265229094e-01 3.616867565483024016e-01 6.453742921229148610e-01 4.782057258932989607e-01 5.266421550378637129e-01 7.962670475479044496e-01 7.529056744130724343e-01 7.610887138620804349e-01 7.453608047986608476e-01 8.555968818668768794e-01 1.000000000000000000e+00 8.038386422029660805e-01 7.661796405691985168e-01 9.049909530373032585e-01 8.883737278875060150e-01 8.024896380068176072e-01 7.028582032047472339e-01 7.543814697147853687e-01 6.647346926222597041e-01 7.462018379351291752e-01 8.071338512547926447e-01 6.748894420072198974e-01 6.547360837878983819e-01 7.059314692573237515e-01 8.480053820723821856e-01 8.523947743664618271e-01 8.268763254630826509e-01 7.946591453388340831e-01 7.989337338073091432e-01 8.591200958468961923e-01 8.513428699919824982e-01 7.937739892985301582e-01 8.118811927605363854e-01 7.894553632424220480e-01 7.997919563978573843e-01 8.223790245830919776e-01 8.869095574647477553e-01 8.821631248355938926e-01 8.636182192706247651e-01 9.067750117784060260e-01 9.028477076449276106e-01 8.987802795329080663e-01 9.163240568202618563e-01 8.904888358824588623e-01 9.011794918183023695e-01 9.217756483168266790e-01 9.200803213608573783e-01 9.197598530514863313e-01 8.748781882708422941e-01 9.124564473802921905e-01 8.904834379427423174e-01 9.173527941507875205e-01 9.094227653767259500e-01 8.996807306541153570e-01 8.889004031490772562e-01 8.944263264690731630e-01 9.223048293588433921e-01 9.226656036176392739e-01 9.221679629963680513e-01 9.308606265146921466e-01 9.200411713044431838e-01 9.127903195297607519e-01 9.161784290759782401e-01 8.978429818158445430e-01 9.090985600956267287e-01 9.191515318690163250e-01 9.052898364778764195e-01 8.939986746102611681e-01 9.256954304368374409e-01 9.251276201281760647e-01 9.102549574509233299e-01 8.814146831346587607e-01 8.830308728929564532e-01 9.172016970434292427e-01 9.159699987208405059e-01 9.011637811883786986e-01 8.894263970548451637e-01 8.983862481351434504e-01 8.990817538710712542e-01 9.017500188485848556e-01 9.097997218616661330e-01 9.030014350912013432e-01 8.971218735276196288e-01 9.029311810840191521e-01 8.986258514185943014e-01 9.029134436025825217e-01 9.162934839838291490e-01 9.111153877703692672e-01 9.048190179170426672e-01 9.036632514146818451e-01 9.234319095914025333e-01 9.163022221320020755e-01 9.169432246249816787e-01 9.278662928819830791e-01 9.254686175172834872e-01 9.183846489630222987e-01 9.130466344393363132e-01 9.289862632346477245e-01 9.247252413921481784e-01 9.218384707401876543e-01 9.270585523993988275e-01 9.281882911290868510e-01 9.292282231313987451e-01 9.209866829715082082e-01 9.074238047486414827e-01 9.259595270658744770e-01 9.203605927579323609e-01 9.166001616003175423e-01 9.279359790703102240e-01 9.280105661479758350e-01 9.251343084809521278e-01 9.275273678980657799e-01 9.230200959296505081e-01 9.164823364203847911e-01 9.198030837889700218e-01
8.092395994565508566e-03 1.194734666555575808e-01 3.158662253322863100e-01 5.240531416956879518e-01 4.233656496184886597e-01 4.829094230940625954e-01 7.189241550206861842e-01 6.704028761214466670e-01 7.153137971222355285e-01 6.949717486814168677e-01 7.783487040651714262e-01 8.038386422029660805e-01 1.000000000000000000e+00 6.999492647021083869e-01 8.340198310115364277e-01 8.040449633727940748e-01 7.472062129647822903e-01 6.804894557095925167e-01 7.274269217507539631e-01 5.615860397752082678e-01 6.428772541440189725e-01 7.327890343976641851e-01 6.746521042317662475e-01 6.350991810627247824e-01 6.906939241272157526e-01 7.976331119303065043e-01 7.944782208849614502e-01 7.890926335946759629e-01 7.733643537627888920e-01 7.800981718995371184e-01 8.171290512284842267e-01 8.057382656479399330e-01 7.594426909162296235e-01 7.744228142983035079e-01 7.613134436477885236e-01 7.584989100104616577e-01 7.936193620045890462e-01 8.224215309520737094e-01 8.293659934286475854e-01 8.003723061911559578e-01 8.360821549306677314e-01 8.378554225718791715e-01 8.281577099836627820e-01 8.434667824196017127e-01 8.319381057822275993e-01 8.389559654522497079e-01 8.477435047476704622e-01 8.499873448655895780e-01 8.436019112288176691e-01 7.929350756397171018e-01 8.302786816143731263e-01 8.090934739820188071e-01 8.401525870626568304e-01 8.450721382477537347e-01 8.322264605972915508e-01 8.267365242718309748e-01 8.141964664817400443e-01 8.450374630090484729e-01 8.351299947933049639e-01 8.478314976668664960e-01 8.486507724978177292e-01 8.390845338981770540e-01 8.280292313195091181e-01 8.375693736268292611e-01 8.379414964501541441e-01 8.381512491441721613e-01 8.515680139308028362e-01 8.451086304516816083e-01 8.427820497682901868e-01 8.335170887588100319e-01 8.449968343663403214e-01 8.485203596809273163e-01 8.256588860438509592e-01 8.293014462528516262e-01 8.502890533538708384e-01 8.490486777485517500e-01 8.451925757863811839e-01 8.387767807477862769e-01 8.417365927293031236e-01 8.435691802746297929e-01 8.448537404399875106e-01 8.481999778682502988e-01 8.455822304707897308e-01 8.422713723221155746e-01 8.398026448159272572e-01 8.431360948069468453e-01 8.446249643332267576e-01 8.517100775928915235e-01 8.499802066449879678e-01 8.463310831331070094e-01 8.441257934608474844e-01 8.521284727502898004e-01 8.509759155277711873e-01 8.538267338927681971e-01 8.551740702183407983e-01 8.555943974280426634e-01 8.383042404519587265e-01 8.332542058108151073e-01 8.493412108821173367e-01 8.493866475414605377e-01 8.507058247973039444e-01 8.498100827193934004e-01 8.528419720982290952e-01 8.536529605467408910e-01 8.499311978560269987e-01 8.358561820994973024e-01 8.506216048726185086e-01 8.526788556857090029e-01 8.499357884229802318e-01 8.533309696995499127e-01 8.493513422105757327e-01 8.536681184142586032e-01 8.522013294575938591e-01 8.512505540662105297e-01 8.492906787324797646e-01 8.495736610225191887e-01
