1.000000000000000000e+00 2.280286695869305769e-01 1.146529475186779667e-01 1.572075927191880079e-02 9.868255007539758483e-02 4.018076081485422862e-02 1.041465630512216911e-01 9.268390743258052289e-02 3.004489917873840454e-01 1.357794220787737205e-01 4.760261655890718480e-02 1.622181485634902054e-02 4.123071740866127849e-02 2.845487475669762623e-02 4.300285338941740865e-02 4.674071746294213708e-02 1.580766619752078939e-01 1.609230121029894267e-01 1.641439085444372781e-01 1.084906073818343031e-01 2.003280639026000232e-01 2.310280338126136923e-01 5.641419422884848961e-02 1.094479694925257762e-01 1.620220724108498989e-01 2.021575162279024840e-01 1.763625421378209324e-01 1.536783832080325929e-01 2.591851159653388859e-01 2.329355878611196473e-01 1.384347443548765988e-01 7.165488089282895379e-02 1.281383010152540580e-01 5.361711488722232383e-02 1.452708342254520890e-01 7.611788005452531369e-02 9.241802913882958548e-02 2.183907691319659020e-02 3.901979273998343323e-02 5.702956200741301357e-02 5.503980020350001529e-02 3.771665341721178871e-02 4.882115243271411414e-02 6.495763978145382977e-02 5.952788160105935977e-02 4.121359930699333707e-02 2.296436116360877147e-02 7.488989599891436588e-02 5.327368417930728600e-02 4.770926938463181111e-02 5.381328531881714172e-02 -9.296727867031871068e-03 3.652960732948227346e-02 1.626572560227897146e-01 1.472807954330420388e-01 4.868953909577434375e-02 1.191274267729038189e-01 5.058975707646121145e-02 8.003689929237910172e-02 7.357804908812906608e-02 5.620374929697762034e-02 9.577612882578030729e-02 8.776583465121995387e-02 5.600409773137286773e-02 8.576684963497548109e-02 9.778796766956129871e-02 3.536757305693196546e-02 4.098297944081162603e-02 4.630785215477301042e-02 4.932295239658485153e-02 6.305706489189648323e-02 6.770563992312637891e-02 3.632996195358118713e-02 5.999523498318144049e-02 7.434668325975507530e-02 8.115957281472253870e-02 6.023743528874638681e-02 1.260378240765994418e-01 9.069867788206822934e-02 1.178921869339261685e-01 8.761321286734373437e-02 6.068712398467462910e-02 2.904986154353253469e-02 8.232507093585081370e-02 2.417198792653143732e-02 3.247840870724569284e-02 3.507622339374563691e-02 1.454368898340561468e-02 9.767085609511090907e-03 4.718460268257922835e-02 1.612435499289989124e-02 1.850897448649532762e-02 2.333412415533308790e-02 1.858201157826386285e-02 1.366122638473966575e-02 3.382643171528657011e-02 6.563536846959669956e-03 7.719735096579631584e-02 2.732394233659201851e-02 2.521747294193825775e-02 1.251319172247239431e-02 3.943385656544418777e-02 1.774856422955561550e-02 1.475194757321562564e-02 2.082756184067888205e-02 7.217918411729465356e-02 5.371890222308768614e-02 5.590670840964664934e-02 5.509181537206978702e-02 3.453270828265204984e-02 2.263158973486219250e-02 4.052289166567316775e-02 4.656067670561669231e-02 4.202458785870110541e-02 5.436798004616485297e-02 4.412966176366710236e-02
2.280286695869305769e-01 1.000000000000000000e+00 9.305693526414461625e-02 7.357123708667977213e-02 1.178487978176680356e-01 1.240769058553305854e-01 1.506037936952477341e-01 1.597907300819878806e-01 2.590564094031476694e-01 2.403469284466413780e-01 1.656634338854121591e-01 1.448944877316500068e-01 1.397701933160478971e-01 1.460815005974747116e-01 1.680795088040349106e-01 1.724770248078421886e-01 2.102927477883158869e-01 1.796120355685581482e-01 2.032417523322067598e-01 1.173189002879259785e-01 1.726366849043225460e-01 2.159465568014694581e-01 1.962139446769341489e-01 1.710986299586292336e-01 1.839480604216360837e-01 2.404979411146307422e-01 2.284631066287098888e-01 2.256352076422876995e-01 2.640737608493730071e-01 2.558205487768692721e-01 2.186103422352667636e-01 2.113386335894466561e-01 2.409248942386818526e-01 2.026171182319226327e-01 2.233505326283062864e-01 1.932950574703858337e-01 2.015893846245296328e-01 1.959431380116937182e-01 1.854519258001350035e-01 1.912558393642852794e-01 1.931021840548500235e-01 1.820134439681479754e-01 1.534214545757322523e-01 1.786999141888202802e-01 1.829210631140054388e-01 1.784613324340415252e-01 1.703840155982974947e-01 1.959439415667452167e-01 1.793290892333192221e-01 1.778887461063176079e-01 1.878753374073020010e-01 1.144729134944227067e-01 1.543306196886548298e-01 2.233098425161339773e-01 2.084813953033898271e-01 1.887629838777923619e-01 1.975954427707490024e-01 1.771203565052626161e-01 1.965325311040543588e-01 1.885022713413914142e-01 1.686399578593726356e-01 1.935349871905530095e-01 1.795465640811312047e-01 1.782860970244266596e-01 1.896551233081976984e-01 1.927291550557360122e-01 1.756934047122531706e-01 1.780927983285248706e-01 1.860695251257580285e-01 1.576332265808036148e-01 1.752196372249396339e-01 1.815849337405176511e-01 1.725395636737436511e-01 1.748423945228639309e-01 1.992299182818315639e-01 1.950614545868729066e-01 1.892363163087069922e-01 2.179904383379522304e-01 1.924985808012884547e-01 2.090394836806225010e-01 1.913392370383501240e-01 1.836651829865463825e-01 1.808698260285646620e-01 2.096411482361315581e-01 1.790596543240856320e-01 1.823342783702562031e-01 1.785231649420643829e-01 1.753855128288711318e-01 1.733141986650336142e-01 1.832937808240269750e-01 1.791141871134874775e-01 1.660441015781203289e-01 1.708787703855400297e-01 1.686973246235032586e-01 1.644291764312994508e-01 1.768800006533184366e-01 1.518261494200394690e-01 1.706562569027891274e-01 1.591614673556520920e-01 1.688438533595743585e-01 1.517452435389479992e-01 1.686629488845960423e-01 1.545008415149549119e-01 1.585689648275862285e-01 1.626030352469077511e-01 1.790528092387311254e-01 1.776128138186108263e-01 1.876784926398279152e-01 1.820479409295183426e-01 1.706447755290730617e-01 1.720944149429431691e-01 1.719816893596901319e-01 1.770375917767615936e-01 1.701274811069644344e-01 1.757940900610064916e-01 1.726674016037193227e-01
1.146529475186779667e-01 9.305693526414461625e-02 1.000000000000000000e+00 3.671169567107223641e-01 2.731799509707973361e-01 2.427757880192404349e-01 4.162041324284582733e-01 3.916456677946821285e-01 3.876157279014691981e-01 3.645781788398900769e-01 3.867966261973025954e-01 4.222283649750849799e-01 3.807921286135945160e-01 3.424623292159980625e-01 4.134045796837275133e-01 4.139827898134556539e-01 3.896629514005537920e-01 4.206358971401938374e-01 4.162746747459028507e-01 4.384566791959678134e-01 4.406045403122126336e-01 4.302907708865265635e-01 3.684846629695684994e-01 3.917747037450184378e-01 4.208222702406596016e-01 4.089128905832116190e-01 4.264114606514376460e-01 4.160244153542556056e-01 3.800735250738449533e-01 4.270601929621261617e-01 4.306139028033168503e-01 4.106630190851151552e-01 3.887802160622891856e-01 4.020286946310849818e-01 4.144227807998920321e-01 4.263089603100398972e-01 4.207386754694577014e-01 4.060580834583830123e-01 4.239708197583182403e-01 4.264786338402812294e-01 4.211999813885725086e-01 4.053817978864267535e-01 4.299983438489673460e-01 4.347807146286205571e-01 4.293291526670549585e-01 4.173722160297678729e-01 4.096732071703839129e-01 4.118932659406495111e-01 4.200165452468292426e-01 4.186435855444980980e-01 4.201304406122027268e-01 4.243351331515984870e-01 4.237449791562842849e-01 4.088723674932887575e-01 4.116949254487817234e-01 4.188002336922768687e-01 4.249288244518814595e-01 4.072118127195439308e-01 4.062040819432621852e-01 4.108470979157687886e-01 4.257475661104649367e-01 4.075584579835767607e-01 4.217422196019864344e-01 4.205008106706769055e-01 4.122904272877246368e-01 4.186196341800373366e-01 4.094352253600235247e-01 4.219601812725082279e-01 4.209012656506909700e-01 4.431662552866015292e-01 4.356255250186663597e-01 4.287409318307082717e-01 4.250552649739622879e-01 4.311639617563902682e-01 4.181819542073881846e-01 4.253991193879426147e-01 4.188946940134301022e-01 4.161358177965074900e-01 4.281016776124889067e-01 4.264164725439155701e-01 4.176354316599004690e-01 4.148922348977437391e-01 4.171493849942217724e-01 4.163607888463746742e-01 4.105483246509236683e-01 4.119874532535358624e-01 4.142873900790516317e-01 4.138259423806109338e-01 4.133616717192767909e-01 4.134498172057380350e-01 4.157650099921160192e-01 4.194896479660223387e-01 4.152846279672417484e-01 4.142870416954557156e-01 4.108331076860266551e-01 4.086172860807955054e-01 4.241610716099698530e-01 4.234071773352681700e-01 4.203289795487050173e-01 4.180872689491207383e-01 4.218954350170826539e-01 4.149528533328834534e-01 4.189739694420523408e-01 4.178610170911420951e-01 4.159506150372266342e-01 4.170222369742926927e-01 4.171845410481350713e-01 4.068419336182182988e-01 4.116703745650015511e-01 4.082355735051220735e-01 4.130785198968859873e-01 4.114309953710919010e-01 4.077669957466397155e-01 4.170492499845196432e-01 4.145982040491817400e-01 4.129862830364930404e-01
1.572075927191880079e-02 7.357123708667977213e-02 3.671169567107223641e-01 1.000000000000000000e+00 3.888910945603000213e-01 3.682082907124264448e-01 6.339957395198905221e-01 6.040067787530448706e-01 4.903688776732850196e-01 4.821567344183635972e-01 5.801270515750357459e-01 6.452014910820700333e-01 5.525637404381743556e-01 5.084269558758214291e-01 6.302150821964933591e-01 6.260232755732745291e-01 5.466871437240258258e-01 5.232498278146874293e-01 5.101359270900572840e-01 6.216169931173323171e-01 5.723858820362569544e-01 5.084488804002501583e-01 5.367005753651681310e-01 5.205815086457979968e-01 5.103364825630760659e-01 5.162058933426768581e-01 5.339680998370612830e-01 5.479173618416716129e-01 4.770167458440914832e-01 5.230867528690830159e-01 5.686739392405857352e-01 5.932840396756052792e-01 5.147723023120336361e-01 5.721964059896119670e-01 5.352223373524299666e-01 5.854543445897805176e-01 5.611638674421035589e-01 6.006042409522287517e-01 6.172694794561354170e-01 6.010869238722459373e-01 5.879271765333846655e-01 5.915893291221351324e-01 6.274821947575396353e-01 6.159502300926398277e-01 5.977577882553046784e-01 5.932601135003821025e-01 5.914270736474177559e-01 5.731061849239689199e-01 6.013871936468130341e-01 6.027398521367713924e-01 6.095919863922858450e-01 6.180236554488263145e-01 6.028746098899692152e-01 5.398521337084034588e-01 5.401025040346001393e-01 5.948700187512425686e-01 5.956261171713376212e-01 5.951934098165049258e-01 5.810599391740535191e-01 5.837743684088638751e-01 6.040382319112097553e-01 5.839950533874094241e-01 5.904897477875075129e-01 6.025113798843459989e-01 5.698251502835377513e-01 5.797040531611469261e-01 5.840973046530819612e-01 5.836124835352730633e-01 5.953707063430767610e-01 6.302356594293913039e-01 6.003729552494082577e-01 5.754549096437951983e-01 6.014852430702196662e-01 5.834690106128070930e-01 5.759598937741017277e-01 5.822313948901683966e-01 5.853625167057685541e-01 5.602985204253090323e-01 5.897563406948939102e-01 5.640931411528533612e-01 5.777104263038537191e-01 5.737285645474649032e-01 6.087773691424831490e-01 5.653135662544429563e-01 5.952707602096146688e-01 5.919273799627183807e-01 5.823633241413851414e-01 6.069173126903798510e-01 5.987377607569531746e-01 5.936596357634578158e-01 6.001001537476747805e-01 5.999027108835379707e-01 5.916207129387518471e-01 5.932418312689545781e-01 5.867058641715827694e-01 5.802826228523995100e-01 6.217579619467047403e-01 5.998889283140630413e-01 6.049418867412008627e-01 6.047056763475903152e-01 6.193881501504251430e-01 6.033498919619633138e-01 5.984374734003170548e-01 6.046024148035572532e-01 5.977724182735344449e-01 5.860804024853341065e-01 5.931333838037775585e-01 5.699024005345556532e-01 5.785235589481140250e-01 5.960792538658109541e-01 5.998816937095400315e-01 5.866658332715043445e-01 5.874613594932085459e-01 6.002118609296671625e-01 5.813779908466463198e-01 5.835844958684405226e-01
9.868255007539758483e-02 1.178487978176680356e-01 2.731799509707973361e-01 3.888910945603000213e-01 1.000000000000000000e+00 2.785869907966452286e-01 5.083262771041249239e-01 4.755124669723557740e-01 4.860302395784290574e-01 4.520904482571402871e-01 5.018964814080114634e-01 5.186538703250025417e-01 4.993048870403984374e-01 4.428216129863464801e-01 5.484031299399078074e-01 5.299889958712378224e-01 4.978417656170115446e-01 4.170486639523393602e-01 4.500566058054241148e-01 4.164092705823125851e-01 4.501528817618256628e-01 4.440619099701782480e-01 3.763270173619129300e-01 3.682948257063574649e-01 4.201098370880484434e-01 4.797138743197955635e-01 4.956110827967102894e-01 4.892805126591835418e-01 4.698062822044632991e-01 4.995910588733126212e-01 5.230138072616760114e-01 4.974696156822905890e-01 4.660023211652679076e-01 4.622982848519328059e-01 4.957598404087991129e-01 5.017499822551085842e-01 5.141777409742771532e-01 5.042516843393234360e-01 5.196705417295590657e-01 5.061833201213614686e-01 5.198151904715352378e-01 5.271312139688377751e-01 5.245456548236160366e-01 5.395661428842366547e-01 5.255978653531828693e-01 5.294532416502651939e-01 5.250724786579669123e-01 5.295490676414493780e-01 5.318511124628908515e-01 5.100429892199468407e-01 5.226946082971962726e-01 5.164304680028523054e-01 5.227525860128615642e-01 5.261822435610504778e-01 5.174931686879492565e-01 5.072816467287795117e-01 5.296540345051675702e-01 5.249667493277364594e-01 5.234452041971021652e-01 5.363250300297721651e-01 5.340024710750312931e-01 5.255454840137665506e-01 5.236698654465677949e-01 5.344177656180340019e-01 5.304653705898564331e-01 5.363470331067741181e-01 5.264231026479361253e-01 5.152824691156484560e-01 5.093495543814259285e-01 5.249689425700890810e-01 5.204654301502773528e-01 5.214820237332558062e-01 4.902574204874343144e-01 5.077958750178330760e-01 5.194241113640913898e-01 5.284139686996998098e-01 5.197313424883791555e-01 5.210807628132452241e-01 5.220303117031765971e-01 5.244190454179840088e-01 5.249783477291380951e-01 5.294492482054165006e-01 5.134509216855981384e-01 5.105653206740149441e-01 5.063767866705418674e-01 5.102375885698257063e-01 5.210747634568577702e-01 5.141843267037732312e-01 5.190476806429118461e-01 5.156605062984443988e-01 5.130439425410378007e-01 5.252338574519429537e-01 5.252153550386838843e-01 5.271373546128251819e-01 5.269151835743235424e-01 5.279871098956833153e-01 5.158438915706899941e-01 5.298324610939805224e-01 5.271952500971541777e-01 5.219969099354625497e-01 5.246858015245107199e-01 5.238482285222393342e-01 5.276101227097927948e-01 5.301888340514605558e-01 5.276141820188421372e-01 5.260626241221526556e-01 5.316280087830038692e-01 5.273748083224849559e-01 5.212154134703335107e-01 5.299294667832241679e-01 5.243356963055773035e-01 5.313808032298179551e-01 5.269074837187718297e-01 5.297350102895206359e-01 5.329262174988478318e-01 5.321775271544452179e-01
4.018076081485422862e-02 1.240769058553305854e-01 2.427757880192404349e-01 3.682082907124264448e-01 2.785869907966452286e-01 1.000000000000000000e+00 4.841214227992005625e-01 4.192447949338545254e-01 4.265724431860203891e-01 4.197736165739243686e-01 4.707237680766189758e-01 5.017807393988306108e-01 4.550618204481797768e-01 4.296302314065915118e-01 5.069771618033007687e-01 4.971760986251504977e-01 4.725340550452115096e-01 4.088786039346192780e-01 4.463120685798986353e-01 3.998992143143814681e-01 4.367010733633026054e-01 4.252354771404399103e-01 3.975351994947305401e-01 3.933480111020352110e-01 4.247115853015291376e-01 4.468493059031593551e-01 4.654834522402945818e-01 4.678995042670160420e-01 4.285134512184561317e-01 4.593146407783089691e-01 4.945673610053235025e-01 4.771745991158573563e-01 4.425626449866679191e-01 4.587696237458757653e-01 4.560971855794446750e-01 4.864349908495422814e-01 4.842461815567984940e-01 4.851840620341790755e-01 5.042872558042841291e-01 4.970382040435372684e-01 5.022624984827349648e-01 4.992203010470010471e-01 5.098623005181377454e-01 5.098649899794046592e-01 5.006043949635334833e-01 5.066513380709538605e-01 5.043044528093590939e-01 5.028874511039191919e-01 5.012075915039844176e-01 4.846194674392065305e-01 4.952338053366079351e-01 4.948252302004380598e-01 5.062908518058871765e-01 4.807578702755574973e-01 4.775972536409730518e-01 5.009084890158584935e-01 4.890429551440464429e-01 5.016488963129861478e-01 4.920590737420826311e-01 5.011972997966894772e-01 5.028790667332945219e-01 4.955860004144517772e-01 4.933674283016486473e-01 5.008551007911608011e-01 4.973621829749438339e-01 4.991318778155549585e-01 5.057988560273528611e-01 5.015059142671808301e-01 4.984949557661919606e-01 4.997058378703184145e-01 5.030169613076833635e-01 5.022557680286960924e-01 4.911589892498939847e-01 4.967420030326737401e-01 4.996538193973694142e-01 5.050663406909030595e-01 5.043666746191763917e-01 4.936887801391117714e-01 5.007816629401555808e-01 4.939369607505628701e-01 5.006937257887704718e-01 5.031242331969885129e-01 5.057859507836895974e-01 4.927070595527345831e-01 4.898163246576729413e-01 4.941047803838351515e-01 5.029843695042396368e-01 5.042975428609939303e-01 5.020603249122721490e-01 5.060079969857819160e-01 5.006059937842914920e-01 5.090134206813305973e-01 5.074081683097708684e-01 5.062287138159019539e-01 5.061046974667197107e-01 5.058186528996855280e-01 5.021282791589751771e-01 4.954775026748634015e-01 5.051575579535267924e-01 5.006009503389996507e-01 5.108351455362181159e-01 5.043889036160055239e-01 5.053126774303452473e-01 5.087898968299803260e-01 5.054576767973246731e-01 5.037029213833617014e-01 5.045093473598838418e-01 5.040612687835113181e-01 5.050393580268335292e-01 5.052812986566599385e-01 5.082962955680311312e-01 5.041696362718961488e-01 5.038638399281817337e-01 5.061308766528933578e-01 5.056324770461928519e-01 5.034221646458502120e-01
1.041465630512216911e-01 1.506037936952477341e-01 4.162041324284582733e-01 6.339957395198905221e-01 5.083262771041249239e-01 4.841214227992005625e-01 1.000000000000000000e+00 7.598793262904817158e-01 7.082581666034830636e-01 7.025229423896404146e-01 7.549103119363063108e-01 8.040173643022433536e-01 7.378483500028446551e-01 6.793665047608237195e-01 8.505963276626712366e-01 8.197617994985951784e-01 7.459739072572619811e-01 6.719731775514535821e-01 6.893396894538093012e-01 6.895051660960332951e-01 7.044774494355046102e-01 6.863350256845925923e-01 6.685886352386205544e-01 6.358873512520926141e-01 6.738274162473197881e-01 7.485760983714977446e-01 7.618332531634468552e-01 7.781159731850741945e-01 7.173235308771525043e-01 7.578361600432802492e-01 8.053351464270758209e-01 7.883681765015618792e-01 7.264552346630589463e-01 7.645174845449894674e-01 7.488634739673643015e-01 7.853120114698121101e-01 7.772377042660145730e-01 8.107613843124941155e-01 8.227722708556395315e-01 8.040940424722075042e-01 7.995734785869265115e-01 8.117176113812486493e-01 8.324188029074980344e-01 8.248338247557750469e-01 8.021647713619997067e-01 8.145275034297099204e-01 7.992195962060320014e-01 7.931500971719448456e-01 8.077426773249511971e-01 8.010018767132977002e-01 8.194982468786232710e-01 7.883748436532970194e-01 7.957738191827166130e-01 7.658931976335703329e-01 7.716346331040010442e-01 8.040386270247146250e-01 7.978621281091035078e-01 8.041058258664059988e-01 7.954584151823079763e-01 7.932903546003762241e-01 8.107060548121826082e-01 7.923116945546095913e-01 7.954438231617076971e-01 8.092885547667417745e-01 7.844372832189098199e-01 7.892163855864935407e-01 7.959639997197248684e-01 7.879549372129645013e-01 7.968440877799607414e-01 8.005539432763716379e-01 7.924177079166991877e-01 7.903168382950263027e-01 7.777418547760293066e-01 7.780451929524496713e-01 7.977396752485517162e-01 7.994939484706463650e-01 8.037699352311000744e-01 7.947250374387802019e-01 8.111793931982230754e-01 7.925572142228994865e-01 7.983674477192481689e-01 7.988658940899856509e-01 8.053921509351568142e-01 7.875819533680308293e-01 7.998195260763208969e-01 7.949720170457642565e-01 7.925296271717197083e-01 8.136939396473723551e-01 8.054727765422795560e-01 8.037539297905693658e-01 8.039414210222857182e-01 8.076974774385863309e-01 8.012330082165042278e-01 8.045439769576558930e-01 7.958021391787575283e-01 7.927355970668906737e-01 8.143342682322871617e-01 8.027568483507975250e-01 8.060317873318136872e-01 8.109926245768096509e-01 8.186824401114157768e-01 8.051418520172246573e-01 7.975341106900359911e-01 8.069548263581107772e-01 8.008537104101662862e-01 7.943938732135260583e-01 8.017411328147492355e-01 7.916759221070820418e-01 7.981764755838579584e-01 8.030984532688280053e-01 8.050885589032535927e-01 7.948021626830457098e-01 7.934608891409458131e-01 8.079736370735287609e-01 7.966934295929711807e-01 7.911048521409582701e-01
9.268390743258052289e-02 1.597907300819878806e-01 3.916456677946821285e-01 6.040067787530448706e-01 4.755124669723557740e-01 4.192447949338545254e-01 7.598793262904817158e-01 1.000000000000000000e+00 6.799858881288554091e-01 6.582396494617580585e-01 7.228043933151273581e-01 7.707143306979802322e-01 7.044521633555959061e-01 6.391425884844090799e-01 7.902033546242123174e-01 8.000797609289644896e-01 7.042994719205780685e-01 6.328573234637466793e-01 6.501318939378878392e-01 6.511454670080131235e-01 6.852059185386830675e-01 6.536687664195455216e-01 6.109770089931554349e-01 5.930998603922422729e-01 6.274925394758122943e-01 6.913136569129859632e-01 7.111652701223425410e-01 7.130608998743591664e-01 6.889692291950446634e-01 7.183486969114983856e-01 7.507742855865136011e-01 7.482414878623324661e-01 6.845017749170625443e-01 7.229978561063633569e-01 7.146690146978845748e-01 7.359196910775879230e-01 7.249380995032035369e-01 7.761535322644441681e-01 7.731062722411370380e-01 7.539626681684148402e-01 7.436133670957695285e-01 7.616709567711129614e-01 7.866394172496791182e-01 7.768917717913795817e-01 7.494233424148969425e-01 7.657124251114554303e-01 7.582256178405126779e-01 7.472038730931073180e-01 7.750899258750431065e-01 7.789924309696911742e-01 7.899880390211829750e-01 7.521284703171341457e-01 7.561042377278945903e-01 7.303954940719572519e-01 7.472461094758697797e-01 7.574410237361210996e-01 7.812703453499878492e-01 7.656888493192852696e-01 7.680775232586902757e-01 7.558672190666861912e-01 7.785842737528031465e-01 7.615779249328105127e-01 7.743456192737053767e-01 7.765968112245275057e-01 7.460980952681047773e-01 7.582946904216810724e-01 7.449972501510250256e-01 7.413460858928042629e-01 7.468832046879230191e-01 7.587686133251946297e-01 7.487209407387118709e-01 7.460429899090187389e-01 7.289668366921298048e-01 7.285091331295878714e-01 7.442676032780888296e-01 7.491136880898926487e-01 7.469778708158221203e-01 7.534729508128370501e-01 7.594074112753823602e-01 7.486001071319913214e-01 7.462020143882647227e-01 7.486916005027230980e-01 7.569029600542188652e-01 7.369184147814094032e-01 7.587667307161298780e-01 7.485818006252458190e-01 7.373444337559114103e-01 7.684200904924952669e-01 7.559153872020372145e-01 7.554357677962352247e-01 7.477133393248867055e-01 7.565088189240297689e-01 7.513342583982308698e-01 7.555830230711948481e-01 7.501793829577109163e-01 7.461862064603912437e-01 7.779055433028712052e-01 7.765055775483364897e-01 7.675311109295130940e-01 7.693808024666183298e-01 7.698035143620399756e-01 7.689338503614031595e-01 7.540106560408220693e-01 7.625724137613716369e-01 7.569847267373971400e-01 7.601896703352761797e-01 7.631956711411654881e-01 7.417470127576479832e-01 7.539477456675676148e-01 7.587328317454493654e-01 7.628196201395955889e-01 7.505588259499580417e-01 7.531912534203992760e-01 7.679725861515078744e-01 7.532016410589824629e-01 7.507711743968437101e-01
3.004489917873840454e-01 2.590564094031476694e-01 3.876157279014691981e-01 4.903688776732850196e-01 4.860302395784290574e-01 4.265724431860203891e-01 7.082581666034830636e-01 6.799858881288554091e-01 1.000000000000000000e+00 7.657824881941776018e-01 7.789302854641156904e-01 7.837606180608215345e-01 7.554761038388021488e-01 6.997610726285943272e-01 8.167363197009102072e-01 8.004778638845569949e-01 8.122760647002746914e-01 7.049533611628289176e-01 7.603848428700226147e-01 6.198874475699625020e-01 7.423437005301661840e-01 7.653106598316088416e-01 6.306563912636454772e-01 6.309103827969423373e-01 7.075138782129122283e-01 8.283357460303574227e-01 8.393387981988714719e-01 8.256950954215748206e-01 8.143611694957066938e-01 8.636653286255592255e-01 8.694315129884703230e-01 7.963234850190115122e-01 7.881427487664103282e-01 7.592940109451126185e-01 8.206273875428946596e-01 8.010548660448459923e-01 8.361177087276707720e-01 7.941917942908687245e-01 8.221797904954473157e-01 7.974108723821199396e-01 8.335873290138254843e-01 8.226401139568714216e-01 8.127927982402006757e-01 8.477860112838627726e-01 8.335486452403995106e-01 8.336662935669669761e-01 8.353096333802104700e-01 8.615938239980339697e-01 8.461825889567368142e-01 8.016904035369246673e-01 8.237149758237738428e-01 7.825237896241123980e-01 8.261034653538554817e-01 8.827015690613486676e-01 8.625368927055960810e-01 8.224309995275032037e-01 8.570606962820992436e-01 8.409848759676583629e-01 8.520626766901885363e-01 8.637023764608134924e-01 8.461519989235481987e-01 8.611813738757733150e-01 8.487583692008571212e-01 8.470602418675299283e-01 8.613790662782921936e-01 8.697236752900087131e-01 8.415433653644229794e-01 8.335350939497246925e-01 8.283256051077609872e-01 8.223373025435798400e-01 8.336686743481661610e-01 8.496433741710385235e-01 7.986588287657487850e-01 8.226613746050350784e-01 8.524438449300973941e-01 8.566771972080846620e-01 8.411564225608748613e-01 8.642539688743688941e-01 8.514056254920070455e-01 8.704220063368128812e-01 8.596971733747712507e-01 8.569072957685315295e-01 8.213797694085793744e-01 8.481075981626462479e-01 8.140026003875789895e-01 8.249918861975165107e-01 8.351185287260360912e-01 8.246086020343235123e-01 8.277563842133057737e-01 8.385859544033725799e-01 8.187342965067341272e-01 8.309923631569252622e-01 8.356269013763678588e-01 8.358661724195436404e-01 8.341890122543914599e-01 8.465278810939065313e-01 8.034840797683584501e-01 8.443330859276454436e-01 8.312696601838173160e-01 8.282534512785649783e-01 8.218322372738381398e-01 8.396748249551113652e-01 8.303958543424316829e-01 8.343345782585608328e-01 8.316295728728132497e-01 8.504074843554751961e-01 8.515772486674136887e-01 8.553244730806478513e-01 8.498660689700464621e-01 8.419754014374551954e-01 8.330461348390892917e-01 8.492525058553272999e-01 8.480837420367784985e-01 8.463877532963085537e-01 8.530023586323486340e-01 8.486298531705545045e-01
1.357794220787737205e-01 2.403469284466413780e-01 3.645781788398900769e-01 4.821567344183635972e-01 4.520904482571402871e-01 4.197736165739243686e-01 7.025229423896404146e-01 6.582396494617580585e-01 7.657824881941776018e-01 1.000000000000000000e+00 7.663291992600214098e-01 7.844952675200601577e-01 7.346483287283258612e-01 6.921159089556304655e-01 8.042884821949977114e-01 7.861163618517373886e-01 7.665979467480884546e-01 6.430141122468838732e-01 6.929912408394152123e-01 5.929440711366983363e-01 6.684111293496343142e-01 6.833930585918384093e-01 6.184652373661655433e-01 5.860425398400282981e-01 6.444054319723537816e-01 7.678054172084862739e-01 7.833001287186114325e-01 7.762755614945558991e-01 7.453463377406668311e-01 7.869157441008809428e-01 8.260139609793065718e-01 7.786095122132031809e-01 7.563458155333007138e-01 7.441916125952341421e-01 7.701633835248444804e-01 7.779629245366349588e-01 7.949524466833032266e-01 7.941361244012618004e-01 8.074895647121078657e-01 7.840616436116625287e-01 8.126617254917093414e-01 8.081341582457016726e-01 7.956394820614954844e-01 8.170013698080669240e-01 8.107741761884557086e-01 8.116759701763879287e-01 8.195578140988327709e-01 8.323165551519986494e-01 8.234360326014352749e-01 7.821412104187188685e-01 8.093528272333714302e-01 7.660303346204754282e-01 8.016997290543171895e-01 8.276146076528032580e-01 8.181867416735906229e-01 8.086483968062141425e-01 8.146129186173181047e-01 8.194373764827351803e-01 8.259604026523552633e-01 8.296119187531306727e-01 8.180057344926827678e-01 8.265577488891604485e-01 8.163574517764529137e-01 8.166413750329825083e-01 8.169150799290085807e-01 8.257813398806862493e-01 8.188482119772669821e-01 8.023109723024441919e-01 8.023708434701920522e-01 7.936354957114154507e-01 7.975667687053548116e-01 8.128183861385150921e-01 7.717313786054216251e-01 7.849614786763841057e-01 8.208047548149512984e-01 8.213868200022343968e-01 8.124907360500726039e-01 8.212227893885138963e-01 8.155549459638499199e-01 8.254569582871622568e-01 8.205350643565378910e-01 8.252791461814580343e-01 8.046602349785222374e-01 8.153115499265717325e-01 7.974305050265715344e-01 8.017315860824314466e-01 8.111737409769054219e-01 8.121054614598802734e-01 8.142353419982965024e-01 8.158447308239826778e-01 8.064756780624301458e-01 8.144358393295866305e-01 8.161427712292822489e-01 8.190542070836956956e-01 8.182309579821478440e-01 8.237842244496595967e-01 7.936829527625705039e-01 8.090616071580356561e-01 8.111262538036855263e-01 8.121439191633325061e-01 8.057870063908733060e-01 8.182098894914401344e-01 8.114805599007015591e-01 8.155405064288919759e-01 8.108705333266826853e-01 8.191314263005389229e-01 8.236466493437651915e-01 8.251444398113872980e-01 8.226203442354884654e-01 8.215994505795365388e-01 8.196255000271960300e-01 8.239282688492470808e-01 8.241396148890244300e-01 8.197993943870599542e-01 8.210867706443214509e-01 8.212152663519153295e-01
4.760261655890718480e-02 1.656634338854121591e-01 3.867966261973025954e-01 5.801270515750357459e-01 5.018964814080114634e-01 4.707237680766189758e-01 7.549103119363063108e-01 7.228043933151273581e-01 7.789302854641156904e-01 7.663291992600214098e-01 1.000000000000000000e+00 8.725982802785060555e-01 7.957704849490586652e-01 7.674018206277870568e-01 8.899640369915741145e-01 8.612104992764177958e-01 8.200978222368783266e-01 7.490615424225289809e-01 7.918227885918722730e-01 6.923039235398368296e-01 7.624650406490172116e-01 7.672889508848683704e-01 7.327198976439507350e-01 7.044443493969750891e-01 7.455249136621705519e-01 8.226314311663474044e-01 8.503756749775807089e-01 8.392644627284099323e-01 7.717304714205219796e-01 8.425617921787493803e-01 8.897444209588812880e-01 8.822147981067736122e-01 8.277219197392438055e-01 8.559794088957609626e-01 8.436575982740257551e-01 8.745237828312923956e-01 8.865310426148967915e-01 8.811070438342653022e-01 9.021921157180575745e-01 8.779991217874445475e-01 8.986810951120484114e-01 8.956793217154329634e-01 8.841619645257139393e-01 9.071618440958971741e-01 8.997219630758634956e-01 8.964104536162534886e-01 9.075782368963197788e-01 9.041495370262573328e-01 9.052795243679297998e-01 8.797012570320426050e-01 8.944783862942590202e-01 8.804476004766319530e-01 8.930241627742487864e-01 8.755062153119049784e-01 8.673874729951810414e-01 9.006927914282526482e-01 8.865611069523358090e-01 8.992996917932031264e-01 8.922140021075586347e-01 9.026799457823155848e-01 9.059355723059497878e-01 8.897579181361757739e-01 8.870290853599618330e-01 8.986224203981973968e-01 9.009777102421768769e-01 9.015797214610975496e-01 9.089364983513721352e-01 9.040452967266646711e-01 9.046789793169405236e-01 8.981193619383280868e-01 9.007931404748996673e-01 9.047497109696186479e-01 8.849491011935617379e-01 8.911058214525641175e-01 9.021974700077340925e-01 9.045865810853849220e-01 9.003281193443904984e-01 8.873073291894133519e-01 8.978911457833219645e-01 8.992531162161315761e-01 9.063967326264412705e-01 9.084827480480645034e-01 9.069147362384911704e-01 8.993129916426344517e-01 9.013523234870965961e-01 9.065058028938519641e-01 9.096733148512941014e-01 9.071378230212351346e-01 9.092880129257180366e-01 9.052122214004886258e-01 9.057707564588097782e-01 9.093421962277052906e-01 9.094884947417175569e-01 9.097289611478995841e-01 9.095043717773469982e-01 9.082282977085336384e-01 8.991693134952299937e-01 8.937134333057941138e-01 9.078003703875519026e-01 9.088222489287088868e-01 9.078081684386003491e-01 9.063028417491657551e-01 9.059848588254806323e-01 9.114912619078959777e-01 9.096410057667401183e-01 8.974326719774148309e-01 9.070820490440869577e-01 9.068079165405354969e-01 9.063979002565688559e-01 9.085701069587223122e-01 9.090032109900868518e-01 9.073031732321978904e-01 9.047422831076350480e-01 9.097492063708055854e-01 9.087586510512027926e-01 9.063262362996784560e-01
1.622181485634902054e-02 1.448944877316500068e-01 4.222283649750849799e-01 6.452014910820700333e-01 5.186538703250025417e-01 5.017807393988306108e-01 8.040173643022433536e-01 7.707143306979802322e-01 7.837606180608215345e-01 7.844952675200601577e-01 8.725982802785060555e-01 1.000000000000000000e+00 8.320099374274317894e-01 7.867430151120583526e-01 9.217761841801070943e-01 9.026813417362079539e-01 8.486665959265404791e-01 7.372738437377719389e-01 7.819412838459820492e-01 7.238391522211079510e-01 7.668500923199690344e-01 7.529198426411656264e-01 7.425863834649419903e-01 7.046292322706887434e-01 7.435991748201259410e-01 8.245959894021147596e-01 8.464048903121045297e-01 8.444124431141264431e-01 7.587618269381922742e-01 8.315999931813233825e-01 9.008301201403841052e-01 8.880121551103382638e-01 8.152522042582206474e-01 8.527856873071421040e-01 8.416273653863607374e-01 8.855406305116574339e-01 8.917317505760352647e-01 9.008085947781249159e-01 9.211506426394899805e-01 8.968463262500592226e-01 9.178180911724407309e-01 9.103880829648733908e-01 9.152909148807771844e-01 9.287852075538510777e-01 9.193433258607942582e-01 9.158436167360977098e-01 9.310397648013819527e-01 9.238980326730407144e-01 9.307870914147162722e-01 8.953652516044795506e-01 9.160971599192523351e-01 9.122746099664998942e-01 9.226980801933110099e-01 8.905914501129380545e-01 8.799012399556942476e-01 9.203839105569069368e-01 9.103021171337137840e-01 9.225389422865556410e-01 9.123915331011950292e-01 9.261816195162391185e-01 9.307062307886911912e-01 9.155951375077955312e-01 9.115156414616625291e-01 9.257502844115083063e-01 9.169899628956129645e-01 9.207022957306090216e-01 9.285371184761855856e-01 9.173569521432215490e-01 9.176160318871892096e-01 9.199316806870555530e-01 9.142066096016735477e-01 9.163128092645939082e-01 8.993761760219055601e-01 9.029519499450336939e-01 9.156589676773381203e-01 9.201703150063520464e-01 9.161426533911962711e-01 8.975343782797925440e-01 9.115219372162939315e-01 9.060961390982594788e-01 9.175719275372161698e-01 9.231520844029393880e-01 9.271169784629095245e-01 9.035382161033163051e-01 9.112673391314347615e-01 9.172189006101153508e-01 9.234259001583396964e-01 9.278089517035845724e-01 9.285757356193994339e-01 9.249360664100395590e-01 9.229781994892470864e-01 9.312842054617221921e-01 9.297054736350786053e-01 9.306702355931764092e-01 9.318276233113598206e-01 9.298941955787961566e-01 9.227965223686589447e-01 9.174333851120296535e-01 9.307657221556374649e-01 9.283689618761863382e-01 9.335407277135342463e-01 9.303772234095177840e-01 9.316241174380492929e-01 9.349202369146943914e-01 9.308751827185360872e-01 9.217523611678639650e-01 9.307359814736334558e-01 9.241546180540557431e-01 9.238161233920366699e-01 9.320270379365783731e-01 9.329282710299164894e-01 9.310426048150977074e-01 9.277157234884712000e-01 9.323297172624716023e-01 9.281209871236050235e-01 9.289066576035057698e-01
4.123071740866127849e-02 1.397701933160478971e-01 3.807921286135945160e-01 5.525637404381743556e-01 4.993048870403984374e-01 4.550618204481797768e-01 7.378483500028446551e-01 7.044521633555959061e-01 7.554761038388021488e-01 7.346483287283258612e-01 7.957704849490586652e-01 8.320099374274317894e-01 1.000000000000000000e+00 7.252694159328668677e-01 8.607881486187197728e-01 8.420149968856157630e-01 7.855928548593571481e-01 6.790772976612318157e-01 7.230459491763558955e-01 6.381560537162684899e-01 6.915831272191425017e-01 6.952362050756223377e-01 6.516071885865972746e-01 6.307809614459866099e-01 6.841493582493242132e-01 7.777184513042101344e-01 7.987507687162829217e-01 7.916383619004441208e-01 7.277771364626910433e-01 7.878862128167105627e-01 8.498415790731556063e-01 8.100889066747963829e-01 7.524450095023508256e-01 7.819488860517488371e-01 7.916769469985689422e-01 8.166750207482075252e-01 8.335442952573804964e-01 8.294908296553926697e-01 8.499128502574871957e-01 8.163802542506177762e-01 8.517554908081881315e-01 8.512374639361030004e-01 8.461961204715616747e-01 8.667629475214553292e-01 8.491345280110640381e-01 8.592791065607947587e-01 8.664642441503472847e-01 8.655235209574908550e-01 8.638320810664762428e-01 8.246505006646417391e-01 8.408016280660300934e-01 8.393262385417584737e-01 8.566872880963760650e-01 8.402559383841821106e-01 8.283228192898589581e-01 8.432377585807556697e-01 8.406216642200695643e-01 8.597832560721593298e-01 8.512795508277650747e-01 8.708088872101126254e-01 8.651009236547909653e-01 8.546130251579444614e-01 8.444757178030869449e-01 8.623988471469166139e-01 8.624799982512521002e-01 8.624034468630598083e-01 8.691030636347293337e-01 8.570839044672075024e-01 8.502772670755630591e-01 8.479638014818040581e-01 8.481834015497824453e-01 8.573305889037963201e-01 8.261322386164711151e-01 8.391796662714667843e-01 8.594042126782002189e-01 8.614785225654330025e-01 8.561074023019094037e-01 8.461050961608456156e-01 8.536653532205054074e-01 8.558286028704851223e-01 8.595011588768327604e-01 8.704076524915383972e-01 8.553614081130411773e-01 8.462394188839066356e-01 8.479153585304120000e-01 8.524950559054254029e-01 8.615985115752303747e-01 8.625698133456484173e-01 8.637742239495865837e-01 8.604155554652730409e-01 8.537534373010540190e-01 8.675609300947488833e-01 8.676675832020878110e-01 8.692540541356451600e-01 8.718628947341784396e-01 8.721805459196094734e-01 8.518060726630820589e-01 8.569441114965387074e-01 8.665664939917083753e-01 8.632832783044833702e-01 8.647348903957337019e-01 8.637730526028840616e-01 8.707677237674089632e-01 8.721871569545670555e-01 8.691851007170621202e-01 8.616303613023307273e-01 8.704206026624412562e-01 8.687717616755418204e-01 8.671829944695593761e-01 8.709441098917567459e-01 8.672579017602389806e-01 8.737455041533833677e-01 8.679321895133883524e-01 8.713842864775931396e-01 8.713681094214484890e-01 8.700975770739969306e-01
