1.000000000000000000e+00 1.170307409175148083e-01 1.983192322828797056e-03 1.677860239403869760e-02 2.969456181792284530e-02 -2.861400122820912523e-02 -1.635908271682528364e-02 -2.886439741505562873e-02 1.291187866395121786e-01 6.129398431234006628e-02 1.463325855809752274e-02 1.379562310580452825e-02 1.667587574626250638e-02 4.378745423566589301e-02 1.293472442201099894e-02 5.665524620720044716e-03 7.583146151494186971e-02 4.941434165377614485e-02 2.721972510418580252e-02 6.024513544689153594e-02 4.803558796717524032e-02 4.181233854555044954e-02 -4.335069715377937866e-03 1.820789012569868151e-02 1.708373727748594556e-02 2.676593741211289595e-02 5.443231926988995745e-02 -1.073703212418548880e-02 4.787315388456556825e-02 6.751511601734858092e-02 6.451418904619113381e-02 -1.915889260659139198e-02 -3.362026650363583030e-02 -3.534253870615081117e-02 3.196537228031306457e-04 6.222560481275902361e-02 3.194272581854041421e-02 -7.382689110448895087e-02 -1.118169166268844286e-02 -6.278128975763386244e-02 1.203786754062348592e-02 -2.827355289414457823e-02 5.886605529429110410e-03 5.367722569015892682e-03 2.602988103912974582e-02 -2.684331159046470655e-02 1.069393614333062278e-02 2.312005468732375099e-02 7.508235612044084073e-03 -4.242936394902053349e-02 -2.620142278412149542e-02 2.224334095373992765e-02 2.919397556993042278e-02 4.147423976871274232e-02 8.222990422450478579e-03 -1.787284278891827262e-03 4.595934607179415904e-02 1.120542028719137377e-02 -1.070438785580141508e-02 6.005867671467508134e-02 -1.033345011551801366e-03 3.981763593883201613e-02 1.941730297054083390e-03 3.598751014331425663e-02 4.736398713034147001e-02 6.101613556056303955e-02 2.160745536608234263e-02 4.893653501895627901e-03 6.288896971896984316e-03 2.450698282265765734e-02 1.209631837729961863e-02 1.854640350141627259e-02 1.070453766465456335e-05 3.560718489757555734e-03 1.072162546095419521e-02 1.286114466355194920e-02 -1.831502778576160834e-03 2.714539174330704921e-02 7.564616417375214820e-03 3.440408791267694083e-02 1.534301781600619537e-02 2.652576202529394189e-02 -9.649001623961355823e-04 5.429632560104443069e-03 -3.389654214456090664e-02 -1.725448892328127620e-02 1.138623502080318142e-03 -3.169562600949696329e-02 -9.918943210179359538e-03 -1.224106173619931952e-02 -3.258898931382873954e-02 -1.151754576302327533e-02 5.240579287897459057e-05 -8.766546059413956454e-03 3.105743384388992318e-04 1.507773566950326369e-02 -2.626665418308174460e-02 6.055591863585236233e-03 -1.278611541063024923e-02 -1.900172701912674830e-02 -1.212544445821337087e-02 -1.190902687636829008e-02 1.867550656618989849e-02 -4.256820915275844969e-06 1.264173087054462977e-02 2.317002187213645925e-02 -1.952124527196477189e-03 4.805310476289588635e-03 4.795340818051520120e-03 8.982546392978747740e-03 -8.672773290043542943e-03 2.610769938378255245e-02 1.158791266645808199e-02 6.828951325012164522e-03 2.545315737504130413e-02 2.765891819827688211e-02
1.170307409175148083e-01 1.000000000000000000e+00 6.578690149047478064e-02 8.227163887483146532e-02 7.822034602256250357e-02 7.639908087861790875e-02 1.407736056819771930e-01 1.036590096873847289e-01 1.904416792633339961e-01 1.922442757712007344e-01 1.567466497220791621e-01 1.586420962759977071e-01 1.475543819916484423e-01 1.260725770632078746e-01 1.644514402902476358e-01 1.458157241952844074e-01 1.708430612795900361e-01 1.290944274206054232e-01 1.494077477162043810e-01 1.372820642431498983e-01 1.230753694363031225e-01 1.494598327232314616e-01 1.617594017772978343e-01 1.359738830018879241e-01 1.271421547203371583e-01 1.771978813177416123e-01 1.707241492545859829e-01 1.608012589306469509e-01 1.651560309674938443e-01 1.713979779632667788e-01 1.889708108318900182e-01 1.746031190965399993e-01 1.696253713557334675e-01 1.521562408897148833e-01 1.639093352849226859e-01 1.575339626641637236e-01 1.683268224850482664e-01 1.488944781764171554e-01 1.612183675928317850e-01 1.400702353093422892e-01 1.761343134128605659e-01 1.603543690239986608e-01 1.480934617344365489e-01 1.662487885264331555e-01 1.638234037548485511e-01 1.515662107494857302e-01 1.634120382336606836e-01 1.709841197054863260e-01 1.513110841504916038e-01 1.237179820179615808e-01 1.640644561337205876e-01 1.175131946893294282e-01 1.378229639556341202e-01 1.691186039920400397e-01 1.460765289236555520e-01 1.535748180417719766e-01 1.494698078589978274e-01 1.579446315767961406e-01 1.549580622831243926e-01 1.761971452794119930e-01 1.472104105459191292e-01 1.646864192070441879e-01 1.447577001079870251e-01 1.556236744352902657e-01 1.636718068311172891e-01 1.593158295296950577e-01 1.709442833899132985e-01 1.565854429262101277e-01 1.673477850144101386e-01 1.593808415730588457e-01 1.552112089259541639e-01 1.591350816991774775e-01 1.544777990511810306e-01 1.504191126212656160e-01 1.687134785686767446e-01 1.684525147641004750e-01 1.611341339053665722e-01 1.669999549213523615e-01 1.599089174916479561e-01 1.746485141141995434e-01 1.695947306988292991e-01 1.726420843345895517e-01 1.675118399234443445e-01 1.713450787361444627e-01 1.484119221857104209e-01 1.576478190946166424e-01 1.628839711249342737e-01 1.569498775286107262e-01 1.639079935213639261e-01 1.540647175862362717e-01 1.560332861461877219e-01 1.601979854172281281e-01 1.562794244921361653e-01 1.598835770766683373e-01 1.600983757568331389e-01 1.665516295483210341e-01 1.293191624839008791e-01 1.335697559679465685e-01 1.431900739696236324e-01 1.533919857188970337e-01 1.458301622456900093e-01 1.441565717605753083e-01 1.543119571140602886e-01 1.552450059561723272e-01 1.497627908592341350e-01 1.494838066341722116e-01 1.468510607655503786e-01 1.611725128442535182e-01 1.583168157123342468e-01 1.628950205439468335e-01 1.572527943544797802e-01 1.662900990758869602e-01 1.565848869660340370e-01 1.543344582246811980e-01 1.635758499408168920e-01 1.615216802399111473e-01
1.983192322828797056e-03 6.578690149047478064e-02 1.000000000000000000e+00 3.124143925323389359e-01 1.983651047541444834e-01 2.147534431581021308e-01 3.526157457501261638e-01 3.223184082699382946e-01 3.575961964478102106e-01 3.314256675241035732e-01 3.842976356313049235e-01 3.804341626091510831e-01 3.384302086489854866e-01 2.817652963984741410e-01 3.910381558817006553e-01 3.726245930578697685e-01 3.419854131185335877e-01 3.790191427652716549e-01 3.805042629784667896e-01 3.140183278296413971e-01 3.529570951933704293e-01 3.902896049155117897e-01 3.756041386493396139e-01 3.705910169439679547e-01 3.924103912431063934e-01 3.888554693772809379e-01 3.971213842326967725e-01 3.794082974885794046e-01 3.869966701007684917e-01 3.914103636559565502e-01 4.083440793528580470e-01 3.867011997548601143e-01 3.703380806517613810e-01 3.967410399959143685e-01 3.738092217539419893e-01 3.905581513609851507e-01 3.950739938015451203e-01 3.686306590215369106e-01 4.009044814750089003e-01 3.665056353402676992e-01 3.883923157272997639e-01 3.861177209165985169e-01 3.824389375996641860e-01 3.937899627925623980e-01 4.002835349296209322e-01 3.919575454303509954e-01 3.907154369995621268e-01 3.848689521359973664e-01 3.838149283323628591e-01 3.945424337076466337e-01 3.751515484988524052e-01 3.817313302193073854e-01 3.933711866841920757e-01 3.735152482468974688e-01 3.817626728199695618e-01 3.845162860219686340e-01 3.723327717747047516e-01 3.808332115611582358e-01 3.685180494924450434e-01 3.810749614937659069e-01 3.894506324267507091e-01 3.720300779821971160e-01 3.821712373584202349e-01 3.813944017825497967e-01 3.878517038564315844e-01 3.839921189504513777e-01 3.925489441800409929e-01 4.030459993598973778e-01 4.030020445998942491e-01 3.994340775263605647e-01 4.034080275576269470e-01 4.052111953475212025e-01 3.972855162618059155e-01 4.052617985574811232e-01 3.950426994142935411e-01 3.965201351477052882e-01 3.956688348207233474e-01 4.058049932985227648e-01 4.052826251902292287e-01 4.006332452170300873e-01 3.966293452521504892e-01 3.990943198772655687e-01 4.021044683213098048e-01 3.906160133959233893e-01 4.064578582626730552e-01 4.071679484422497941e-01 4.042159420214627152e-01 3.948820109515482346e-01 3.997827459012097684e-01 3.908454886857535837e-01 3.926176196987221645e-01 3.933469929236774187e-01 3.994124535160788469e-01 4.001639983409273071e-01 3.917774365147140281e-01 3.900199657557282262e-01 4.029523587252655248e-01 4.022836104123787559e-01 3.981246209568655714e-01 3.999914983339417640e-01 4.001205050700221699e-01 3.982756889077570528e-01 3.956708493894113832e-01 3.984075991995194577e-01 4.048139149746607379e-01 3.906138868821962262e-01 3.996494566289545691e-01 3.914144420141070779e-01 3.877236198994931105e-01 3.913254044019251476e-01 3.865103098321023278e-01 3.901977309645018877e-01 3.894175744284544272e-01 3.977621227010644245e-01 3.971946981254110276e-01 3.929932557584838171e-01
1.677860239403869760e-02 8.227163887483146532e-02 3.124143925323389359e-01 1.000000000000000000e+00 3.790107976404969992e-01 3.157655070565687505e-01 5.904518586416355186e-01 5.397552648929898611e-01 5.517948035881831137e-01 5.044967612340248708e-01 5.858207512538370354e-01 6.054178064546895666e-01 5.727077842941841190e-01 4.556385693532572501e-01 6.241876993613707514e-01 6.098001167009846624e-01 5.557523112791487030e-01 5.648022600537584426e-01 6.100726560460091319e-01 5.330229376021446974e-01 5.958571286003511158e-01 6.362714048598064887e-01 5.720106734091209288e-01 5.830824748149896486e-01 6.078788369388807844e-01 6.188528742210448463e-01 6.072260092164751821e-01 6.229261453288674755e-01 6.133738496850289490e-01 6.116860468448845900e-01 6.210766174680001361e-01 5.977717131491697700e-01 5.774662439796725000e-01 6.009987447399950389e-01 5.835980257901713930e-01 6.011332355917257120e-01 5.929200864447455865e-01 5.997752289844402451e-01 6.203149388699815692e-01 5.941968919661761994e-01 6.185823299597652536e-01 6.325980959783202850e-01 6.350560066719167507e-01 6.359452362240937129e-01 6.334556880441192250e-01 6.254733471539039025e-01 6.073006668385497742e-01 6.043115836285123388e-01 6.014804538745076590e-01 6.115060521542201588e-01 6.063201179427016863e-01 6.014178869914657000e-01 6.089938202273055268e-01 5.906592130984471556e-01 5.960384466884059984e-01 6.062188218341095780e-01 5.872032192628821035e-01 6.088030184394278566e-01 5.904927933566987974e-01 5.955071454360109096e-01 6.093306804059180903e-01 5.858017220052430529e-01 6.020484436269663009e-01 6.017520471338109189e-01 6.128655248436493119e-01 6.048178461629323266e-01 6.108803055230485057e-01 6.284017839061759592e-01 6.230254568930430059e-01 6.342833449611631202e-01 6.369391133038823094e-01 6.307697965691417830e-01 6.319701184425442486e-01 6.353248110495497425e-01 6.233430292375673476e-01 6.203614032331685735e-01 6.350430998542851979e-01 6.325536031497474010e-01 6.325717498410654560e-01 6.114661370539424823e-01 6.157117503694808924e-01 6.160974751479283418e-01 6.293880024726197231e-01 6.111171497284133558e-01 6.275795205341381244e-01 6.289641831897542223e-01 6.224007360491157215e-01 6.276832395194520409e-01 6.224062226487047100e-01 6.173855019734260097e-01 6.194969683469756516e-01 6.265514213511674813e-01 6.250350556083729137e-01 6.287566012725087639e-01 6.099241570206541674e-01 6.072068911313337480e-01 6.298908667288524166e-01 6.220809808229568194e-01 6.211091496914546983e-01 6.303515983133228806e-01 6.366303433137778800e-01 6.226570407758947878e-01 6.198348308551229202e-01 6.298950465693281542e-01 6.316938486136737252e-01 6.143750324672110352e-01 6.193750817750414139e-01 6.122083194153857821e-01 6.154650210995361581e-01 6.175127132368758431e-01 6.112302524306201246e-01 6.072701753748163123e-01 6.119241076187600381e-01 6.226827209635540372e-01 6.187221893006890072e-01 6.109431699483039990e-01
2.969456181792284530e-02 7.822034602256250357e-02 1.983651047541444834e-01 3.790107976404969992e-01 1.000000000000000000e+00 2.574815462231284657e-01 4.534351422100654783e-01 4.304613589613469071e-01 4.307448570249320929e-01 3.822479679742946668e-01 4.639072231429854365e-01 4.766274379469372380e-01 4.806504812854054398e-01 3.780899118305627304e-01 4.837540546719096279e-01 4.914130461664771854e-01 4.237954811058350924e-01 4.453316662726573005e-01 4.683959182640752283e-01 4.230791930121971522e-01 4.647265891174837127e-01 4.850269276862484435e-01 4.302825924491257559e-01 4.310636659415033045e-01 4.547125629323571228e-01 4.863101568468331526e-01 4.673120548886842140e-01 4.767157274135629952e-01 4.715254465005205287e-01 4.676910565399491349e-01 4.853534346211378359e-01 4.524948030553722633e-01 4.433395119813050012e-01 4.296222119609763856e-01 4.429050643998066472e-01 4.424303567779911406e-01 4.597955599298325646e-01 4.549311963546776583e-01 4.676166363698059936e-01 4.572012835865597036e-01 4.856537574527751144e-01 4.889363224990102008e-01 5.048418131347623961e-01 4.975221895781765657e-01 4.931177081737368462e-01 4.825403637026681181e-01 4.770804474089835878e-01 4.701268248147754680e-01 4.793675316212344106e-01 4.548047044916526671e-01 4.648379346455187577e-01 4.644583293382839040e-01 4.812559536556231254e-01 4.678350045398824153e-01 4.805955933871218777e-01 4.783310518620695895e-01 4.681782044145542110e-01 4.753539820406973981e-01 4.627823560195213348e-01 4.770241606691307257e-01 4.819488394195724501e-01 4.717333987013218044e-01 4.794203493657357429e-01 4.783234191675772018e-01 4.758883758252751006e-01 4.776316512779740786e-01 4.737238172989824969e-01 4.850483393411615385e-01 4.798376792315600659e-01 5.005296750443731790e-01 4.853702527146491197e-01 4.832876499172176765e-01 4.774494267134283265e-01 4.806594404695325728e-01 4.833982359957878505e-01 4.784852948902262315e-01 4.857481190197855403e-01 4.870170487295541473e-01 4.852417465968884014e-01 4.792756916322656324e-01 4.797936525480984149e-01 4.809558320310211021e-01 4.793309173077539564e-01 4.747246363799501601e-01 4.734630469302799072e-01 4.728262170944077525e-01 4.773038853679612004e-01 4.753931692228712813e-01 4.775570563775831667e-01 4.786529453142840396e-01 4.760174895204780099e-01 4.825681890357903514e-01 4.849290680360885952e-01 4.848547110374430980e-01 4.724782036372285887e-01 4.728857384809307396e-01 4.773052624909095432e-01 4.759094679137328421e-01 4.748626866997853191e-01 4.807346737524701985e-01 4.932331366756490532e-01 4.742946477587198784e-01 4.828175685353927604e-01 4.864620165547530739e-01 4.852429220887680139e-01 4.742499496873171516e-01 4.760462579997825072e-01 4.758220981925348481e-01 4.763222570648426024e-01 4.783508293600176597e-01 4.722305845467301699e-01 4.779580791633616932e-01 4.770695451296399492e-01 4.801107282621096539e-01 4.779191663023475978e-01 4.746036565718677047e-01
-2.861400122820912523e-02 7.639908087861790875e-02 2.147534431581021308e-01 3.157655070565687505e-01 2.574815462231284657e-01 1.000000000000000000e+00 4.347459729767965686e-01 4.126074553284162505e-01 3.988881866876777260e-01 3.770499160349948808e-01 4.348320911970257607e-01 4.554911781709016227e-01 4.364496725461374238e-01 3.378756652847968445e-01 4.788002625360570086e-01 4.691879650646834654e-01 4.137426936407738731e-01 4.046255605500228558e-01 4.321350665442525441e-01 3.625982065799597809e-01 4.175238431952669194e-01 4.404957561849316416e-01 4.346549984712874681e-01 4.235992236834282831e-01 4.409499125069631376e-01 4.643234111839809053e-01 4.693965456760195165e-01 4.778079149599194220e-01 4.446360822321792639e-01 4.595167748105663530e-01 4.681342270439575182e-01 4.588517568633044275e-01 4.531854224314583179e-01 4.399165772188960988e-01 4.537114239287578510e-01 4.349317794473471777e-01 4.596273425487630293e-01 4.638728328030092274e-01 4.723507198247933192e-01 4.700443922307045996e-01 4.777865266373197417e-01 4.936452283623719572e-01 4.885206573633117388e-01 4.881854002031464912e-01 4.919421116827861762e-01 4.861897227461405846e-01 4.839439642870907998e-01 4.759806315155221124e-01 4.679859410085877025e-01 4.526667980940312086e-01 4.724632381378597312e-01 4.576800814769986792e-01 4.711107410922865668e-01 4.682635996762839481e-01 4.706156554958030314e-01 4.779023683739300754e-01 4.533010032812866963e-01 4.766125977833628458e-01 4.722343149308000920e-01 4.692096879899239070e-01 4.825877619973724109e-01 4.671713061079329488e-01 4.729422187752513884e-01 4.597442295937193557e-01 4.740255319077668617e-01 4.648082009593979547e-01 4.832991850548211121e-01 4.879327580458225899e-01 4.869013562440195342e-01 4.842951597573046385e-01 4.847597768640509730e-01 4.827800898840331478e-01 4.851996289052648015e-01 4.855686141940560585e-01 4.845130116468775450e-01 4.878788845438500332e-01 4.950450411187086175e-01 4.812373703538719294e-01 4.890456402147869697e-01 4.768603211770947037e-01 4.837600030168566767e-01 4.806407017474867427e-01 4.867911044402243315e-01 4.855821385756041719e-01 4.855174779621876935e-01 4.828901656899317052e-01 4.852448693101810706e-01 4.919026472002909212e-01 4.860998836645942234e-01 4.878921953358215102e-01 4.928109288042096248e-01 4.924011870871919938e-01 4.917813093210154918e-01 4.953976524576461649e-01 4.854024720484822475e-01 4.818920787586037369e-01 4.830024890233733381e-01 4.719093542139286557e-01 4.806135681414401839e-01 4.885067316731638853e-01 4.926944780636027810e-01 4.844912827121864995e-01 4.833323574134897327e-01 4.889711192313295207e-01 4.835816346833664015e-01 4.740072121199402355e-01 4.778930857937411236e-01 4.835489444295431039e-01 4.844458447451334138e-01 4.842107135589394651e-01 4.871743405720333486e-01 4.783434115000227416e-01 4.832857337424303901e-01 4.821553063039832332e-01 4.776826063939559885e-01 4.779318676633245166e-01
-1.635908271682528364e-02 1.407736056819771930e-01 3.526157457501261638e-01 5.904518586416355186e-01 4.534351422100654783e-01 4.347459729767965686e-01 1.000000000000000000e+00 7.185126519360431896e-01 6.893655147201460665e-01 6.541097173028799228e-01 7.484766614801117157e-01 7.763810029204434304e-01 7.218722430725692529e-01 5.969984284757398063e-01 8.381524971422433801e-01 7.942045266361590361e-01 6.835487089235430247e-01 7.178500072224498485e-01 7.507170542357417542e-01 6.718626427050233829e-01 7.418611743222768284e-01 7.817238391547082221e-01 7.466156508158031668e-01 7.271847170714912378e-01 7.672208495295143038e-01 7.942797909159006187e-01 7.876311410962655302e-01 8.133315714814005615e-01 7.821787545344164316e-01 7.755712851658773666e-01 8.016108693514177874e-01 7.737702424377994603e-01 7.568505269262273405e-01 7.488091984091360676e-01 7.492847775169229063e-01 7.194536457823040854e-01 7.581254715508795039e-01 7.907741741651966860e-01 7.923077161918957723e-01 7.826940250999738780e-01 8.077924283255635274e-01 8.255565337008547999e-01 8.087560159394181492e-01 8.166145608195575223e-01 8.129089699787946932e-01 8.196603265955206830e-01 7.969044074014282053e-01 7.932405746357747978e-01 7.842692170258377393e-01 7.709790837514004513e-01 7.934454720965880004e-01 7.596875032512256931e-01 7.899236455902871601e-01 7.776317457710916203e-01 7.829326120085164931e-01 7.989642942919734647e-01 7.545238597477677001e-01 7.979883964451877087e-01 7.834862066635033262e-01 7.761872489084782334e-01 7.969430556125454146e-01 7.736378960511094416e-01 7.844394014418977212e-01 7.711859108206968738e-01 7.822293957482330251e-01 7.726994290975306434e-01 7.948621417423932245e-01 8.116696425599828624e-01 8.091343890147263407e-01 8.183389267543871304e-01 8.159363675746966749e-01 8.074546202459684796e-01 8.090332595451159570e-01 8.127224308781596518e-01 8.124513024071161604e-01 8.078109312471987158e-01 8.281690255512476062e-01 8.145258601134441889e-01 8.236986376967622148e-01 7.934593112821030081e-01 8.035418336527101468e-01 8.024494049048965794e-01 8.082545775102388808e-01 8.023669928184352651e-01 8.070814495190113957e-01 8.044850154909429785e-01 8.017110444404327296e-01 8.198676418694533785e-01 8.084046335110532944e-01 8.148415911334531136e-01 8.168080225894356339e-01 8.195129301780532671e-01 8.136871270686137914e-01 8.198771435932813434e-01 7.993103807511439118e-01 7.964254243780922726e-01 8.051082444402127836e-01 7.847480835952529432e-01 8.029327732736339929e-01 8.153444309561658221e-01 8.147877038653413839e-01 8.031874038598576515e-01 7.997152501820168347e-01 8.092694644965244821e-01 8.031408751085215014e-01 7.880647621648523282e-01 7.991441924675850572e-01 8.006563499876269141e-01 8.055348638208339462e-01 8.008314687488408135e-01 8.055445396705231964e-01 7.915850107957967952e-01 7.993830473526669644e-01 7.987019377919637453e-01 7.896713678892003374e-01 7.898764937487225968e-01
-2.886439741505562873e-02 1.036590096873847289e-01 3.223184082699382946e-01 5.397552648929898611e-01 4.304613589613469071e-01 4.126074553284162505e-01 7.185126519360431896e-01 1.000000000000000000e+00 6.422886920972638025e-01 6.052349441874150804e-01 7.156003293629871198e-01 7.371673326410587146e-01 7.018219347146849030e-01 5.500904298539981419e-01 7.627846998733133210e-01 7.790046334091150770e-01 6.589675463887078033e-01 6.674814087559093334e-01 7.180570384729724198e-01 6.536919607004415544e-01 7.091039997308042908e-01 7.365397517237924907e-01 6.920587718733409721e-01 6.774764610168494405e-01 7.014364084582450642e-01 7.442769533805246862e-01 7.285576789145479237e-01 7.353367831344121974e-01 6.989734412947196107e-01 7.291389025914601918e-01 7.429830659949320237e-01 7.355581160151155595e-01 7.146957051364066782e-01 7.152928536981613128e-01 7.123710747771486718e-01 6.881665521657041040e-01 7.077251419897864215e-01 7.653174751813855980e-01 7.591985016844680079e-01 7.488421364302506600e-01 7.556287786790423233e-01 7.732410729316934184e-01 7.669139847590396020e-01 7.721051488797765483e-01 7.655136056850141424e-01 7.684102319815768745e-01 7.533332523467372033e-01 7.466258265324634547e-01 7.506401593155457297e-01 7.399556568725135230e-01 7.634523721448954747e-01 7.042535410731730616e-01 7.400409339476657911e-01 7.339914794356303673e-01 7.505474392003659290e-01 7.651260652558580233e-01 7.232674333155846291e-01 7.650166045782327284e-01 7.578628524201974637e-01 7.298413915600098223e-01 7.588059793780163043e-01 7.355054739644448780e-01 7.537347431426538735e-01 7.407830234460477392e-01 7.381379770230891424e-01 7.245671577611685343e-01 7.506152667639980347e-01 7.608760531407855465e-01 7.566486870344397708e-01 7.747267967209687800e-01 7.611832726929438353e-01 7.556885177519548913e-01 7.575404816568908073e-01 7.530362482786820966e-01 7.600047885893048694e-01 7.506123686912214987e-01 7.642506204217132115e-01 7.518078038508626548e-01 7.655326807799890387e-01 7.491188377926875086e-01 7.522445745923056482e-01 7.510540207361333653e-01 7.615613467063486741e-01 7.548415694609122983e-01 7.619355347829859237e-01 7.596222069998175286e-01 7.508511298397778644e-01 7.783868411603753756e-01 7.619343737944760386e-01 7.695299126463095440e-01 7.624278001977495833e-01 7.668018437690595768e-01 7.616481483963527532e-01 7.690511862824903622e-01 7.545130612330488429e-01 7.511103304397344083e-01 7.660116868680205693e-01 7.422064327250768034e-01 7.597051351698820287e-01 7.700299314066626488e-01 7.698498809850919944e-01 7.634484222165730527e-01 7.507861976398856330e-01 7.644012334385518193e-01 7.555912494286904924e-01 7.467293812865590796e-01 7.551996559500362416e-01 7.596621028240763129e-01 7.631089445819513317e-01 7.576215393723069180e-01 7.704088318975375049e-01 7.441422890711942850e-01 7.562990302224693595e-01 7.553122001298682164e-01 7.419275331657672057e-01 7.436487308170773858e-01
1.291187866395121786e-01 1.904416792633339961e-01 3.575961964478102106e-01 5.517948035881831137e-01 4.307448570249320929e-01 3.988881866876777260e-01 6.893655147201460665e-01 6.422886920972638025e-01 1.000000000000000000e+00 7.677424895408266892e-01 7.926973669131609501e-01 8.343513935106082746e-01 7.700263822898834043e-01 6.107990607147451012e-01 8.218496674169623040e-01 8.125535370584704431e-01 8.016903103449197765e-01 7.466089797655920401e-01 7.801829173715978394e-01 6.655229146137863205e-01 7.432271521217805876e-01 8.173091115579124155e-01 7.292031111873328308e-01 7.178873645071037757e-01 7.561707470956227084e-01 8.285451789505101639e-01 8.398460746671583266e-01 7.785437431015803655e-01 7.605064163307150293e-01 8.478975625361612201e-01 8.654576304894160410e-01 8.007927956840580341e-01 7.480574886137979496e-01 7.445710362536537286e-01 7.830221671646465653e-01 7.741763923794500180e-01 8.099238128610369847e-01 7.661660291306895409e-01 8.281843019602697087e-01 7.409764197362415095e-01 8.574448362128870293e-01 8.305621882256745137e-01 8.243679477285342783e-01 8.585147577137185460e-01 8.497305872230107582e-01 8.312763634141668856e-01 8.668733562743072829e-01 8.751626396243771255e-01 8.602419104011348461e-01 7.945810374222754824e-01 8.271534479889390834e-01 8.077947267290198630e-01 8.629049835936417612e-01 8.722507132298518151e-01 8.600213175974380508e-01 8.449056591117339865e-01 8.577066992242246002e-01 8.647788800441283952e-01 8.492587708175513006e-01 8.825704715280138224e-01 8.642458080605445181e-01 8.678026411859393052e-01 8.595836565848763433e-01 8.674611869189252644e-01 8.769142607786638566e-01 8.772513585242399659e-01 8.729873115026018926e-01 8.631851119165244723e-01 8.476073325354261945e-01 8.676414627829668325e-01 8.672453750427328023e-01 8.737737967908705272e-01 8.485625025396623666e-01 8.542747029180447482e-01 8.701806629767606660e-01 8.692446321462194980e-01 8.498453217013587357e-01 8.586939369831873003e-01 8.603563976108224987e-01 8.781302999828412004e-01 8.681264376883240930e-01 8.787608777739918109e-01 8.497774628574379374e-01 8.549132447486467168e-01 8.351505775296742540e-01 8.483365065860439813e-01 8.541046968446137644e-01 8.424600584643389123e-01 8.571787151464668186e-01 8.464526086567181196e-01 8.271603999129163443e-01 8.588079025573440717e-01 8.639676508499707364e-01 8.591515165010239485e-01 8.671167175612369826e-01 8.734812548670922716e-01 8.334231059110727147e-01 8.510397762131070021e-01 8.550969787738633698e-01 8.509591833877981903e-01 8.577805281409414118e-01 8.564518370346902998e-01 8.727130987642890414e-01 8.678156106251890822e-01 8.658587847310510455e-01 8.602849863466685010e-01 8.593813553135108974e-01 8.696709179843817861e-01 8.667893622022253552e-01 8.717826668832406867e-01 8.580055816122142964e-01 8.780385950067560730e-01 8.688016408456833428e-01 8.678247098666611592e-01 8.739511303636763317e-01 8.767776672613880606e-01
6.129398431234006628e-02 1.922442757712007344e-01 3.314256675241035732e-01 5.044967612340248708e-01 3.822479679742946668e-01 3.770499160349948808e-01 6.541097173028799228e-01 6.052349441874150804e-01 7.677424895408266892e-01 1.000000000000000000e+00 7.614852956410941287e-01 7.855327181752557175e-01 7.231919791600539549e-01 5.956493032501147811e-01 7.867431828689945839e-01 7.651552333837799980e-01 7.571110966925174157e-01 7.010488838724663330e-01 7.231859400528807269e-01 6.198734499762258432e-01 6.695029776786447506e-01 7.468917084970382314e-01 7.103250429564661461e-01 6.718888763330235214e-01 6.958737760601857447e-01 7.849970461633466456e-01 7.984908389890368330e-01 7.511931783555423348e-01 7.106523040079834042e-01 7.932174547879755622e-01 8.192067035320546031e-01 7.819794289050403524e-01 7.345604529003679772e-01 7.247606807232817028e-01 7.666181974118525533e-01 7.289443956772500011e-01 7.803115884063678287e-01 7.511841195796113979e-01 7.948254593647637867e-01 7.278208733937154840e-01 8.238378030814386133e-01 7.997373493230240937e-01 7.763002675777391781e-01 8.162257790894313914e-01 8.054015865338599589e-01 8.031746803634765008e-01 8.280962449367510470e-01 8.358984794397039675e-01 8.154564712850410624e-01 7.481493359692505951e-01 7.945516261197098640e-01 7.303296610117390175e-01 8.024193750928986235e-01 8.318055828924331152e-01 8.127290583268947932e-01 8.104362299385546864e-01 8.023363310827715811e-01 8.251833418567552370e-01 8.172496269926282642e-01 8.315834700545596814e-01 8.186094558549041889e-01 8.241294311931176564e-01 8.086941777397508302e-01 8.144417704024791149e-01 8.228986959605764095e-01 8.163234086132545864e-01 8.332625133058816358e-01 8.209707175527303225e-01 8.175643233651082031e-01 8.152790827361069415e-01 8.163553015804583257e-01 8.255009358723728319e-01 8.070219060672410016e-01 8.070000862539030706e-01 8.299352030632780597e-01 8.322954310372435716e-01 8.123541718444998727e-01 8.139297801026499357e-01 8.251391862032281255e-01 8.393096776447012131e-01 8.332255929438152631e-01 8.383898302815999681e-01 8.134477989221376992e-01 8.208975357966705744e-01 7.997515090626642342e-01 8.121445235972674093e-01 8.204114392381227638e-01 8.118419105118007684e-01 8.232087378342135553e-01 8.127496923658128480e-01 8.025641387862217924e-01 8.236141865983443999e-01 8.221458659453175777e-01 8.240771719858533961e-01 8.310628710600153068e-01 8.342912397308048789e-01 7.918485618275074023e-01 7.926946269474548501e-01 8.134340030641422636e-01 8.147050565263392885e-01 8.118819409892599204e-01 8.134623240923558596e-01 8.219212567705864725e-01 8.237085991701840193e-01 8.117308111800894954e-01 8.109490298585307899e-01 8.183599184852452524e-01 8.316072386024306873e-01 8.275204997067264756e-01 8.305574399757913451e-01 8.227058683911483428e-01 8.317622079323828688e-01 8.270959734541829533e-01 8.233199643598841933e-01 8.257398340476559406e-01 8.275541548358225086e-01
1.463325855809752274e-02 1.567466497220791621e-01 3.842976356313049235e-01 5.858207512538370354e-01 4.639072231429854365e-01 4.348320911970257607e-01 7.484766614801117157e-01 7.156003293629871198e-01 7.926973669131609501e-01 7.614852956410941287e-01 1.000000000000000000e+00 8.721539115670028375e-01 7.943491321614307710e-01 6.445918955153590035e-01 8.673905213259562874e-01 8.492726993511012790e-01 8.058629498318933271e-01 7.745740371544600489e-01 8.151783506393048828e-01 6.655246696841193854e-01 7.615514525061993778e-01 8.457577398116529199e-01 7.890007344341972706e-01 7.554181229725733804e-01 7.940858769221638136e-01 8.581167985377203822e-01 8.688400315561982667e-01 8.457160612597848237e-01 8.003767609718417386e-01 8.677239143256434417e-01 8.930584846248557085e-01 8.525554301141826663e-01 8.196747159265396210e-01 8.083773701114830290e-01 8.401764966834550652e-01 8.107656579463475843e-01 8.506456316079150648e-01 8.429431482407303555e-01 8.797541604023662032e-01 8.276782546055772016e-01 8.952460500192174209e-01 8.864475166759698821e-01 8.704410165060618709e-01 8.974189470552852432e-01 8.901190610362479383e-01 8.872440533666560158e-01 9.007977812453342725e-01 8.991057814152612071e-01 8.899337759538463732e-01 8.466056355665475541e-01 8.707249618495012111e-01 8.309439536891695122e-01 8.852763598731419048e-01 8.876496493476982996e-01 8.859697592405918476e-01 8.871715373511597225e-01 8.701668610606747567e-01 8.938181462638691288e-01 8.807860661454851581e-01 8.928022258186785187e-01 8.954060549079642106e-01 8.835312362128194819e-01 8.863164744388423166e-01 8.884518232567848450e-01 8.938612512257084752e-01 8.856257421023590037e-01 9.036391128984763155e-01 9.021527520919457865e-01 8.939403178196916322e-01 8.941130224762681156e-01 9.010345531008525644e-01 9.053603201978940307e-01 8.890707234154794358e-01 8.931563938312868656e-01 9.063654365010677116e-01 9.046584108603902274e-01 8.995914531757708277e-01 8.931478040533361584e-01 9.033425419795968470e-01 9.047007596794908180e-01 9.051637922019399873e-01 9.076882734499984728e-01 8.984907191764072154e-01 9.006183934542777436e-01 8.924422086189046643e-01 8.971350999763924028e-01 8.978637004482677986e-01 9.009122968314756674e-01 9.034403531139789667e-01 8.978685903787547717e-01 8.924478169961026497e-01 9.041868618504165234e-01 9.053886073636863152e-01 9.039535977306477621e-01 9.032797115021392598e-01 9.042219637326552872e-01 8.877872854993418272e-01 8.835706367756199775e-01 8.962109873207696475e-01 8.992815824908000355e-01 9.019349475482304479e-01 8.991306767353538509e-01 8.991953335307246720e-01 9.055940257218040301e-01 9.003698948826160953e-01 8.895096085934115493e-01 8.980158266675972722e-01 9.048230886075553370e-01 9.023135862827430520e-01 9.038813397157263729e-01 8.996396647218631859e-01 9.011222701201078156e-01 8.996133255693907760e-01 9.030473530559524065e-01 9.009274665351905131e-01 8.983305765209428362e-01
1.379562310580452825e-02 1.586420962759977071e-01 3.804341626091510831e-01 6.054178064546895666e-01 4.766274379469372380e-01 4.554911781709016227e-01 7.763810029204434304e-01 7.371673326410587146e-01 8.343513935106082746e-01 7.855327181752557175e-01 8.721539115670028375e-01 1.000000000000000000e+00 8.320244793813972306e-01 6.838339530297754543e-01 9.071352357772093367e-01 8.942131208256226538e-01 8.301199664727768601e-01 7.871409453199591510e-01 8.333291988674202955e-01 7.148134108260685293e-01 7.804316023624073839e-01 8.683090732434173287e-01 8.067568227495540700e-01 7.662244220514465853e-01 8.055845015422197219e-01 8.879280183121003311e-01 8.981688618014205261e-01 8.698014858457661092e-01 8.212021626097320004e-01 8.965848914144071147e-01 9.245169146471255983e-01 8.818624864666058105e-01 8.425610046326547087e-01 8.325779494717416851e-01 8.663561815421103596e-01 8.311747751125484474e-01 8.804350565732422806e-01 8.797020243865122380e-01 9.144030707659983603e-01 8.479512151702630618e-01 9.251965864188294031e-01 9.185825628827728462e-01 9.009391680943982239e-01 9.323876040177118130e-01 9.158731793036195556e-01 9.228931370776296550e-01 9.382866968961591780e-01 9.386750581008767025e-01 9.294675714984905746e-01 8.815001016720570570e-01 9.101365081743277852e-01 8.593342252819126115e-01 9.200490138512467109e-01 9.310983592834261025e-01 9.263939682471201698e-01 9.215322112620923933e-01 9.139564864205270700e-01 9.348551487346942190e-01 9.267386039512353069e-01 9.327431324868470375e-01 9.357380557561086887e-01 9.270697996018150144e-01 9.303142378294259052e-01 9.278090568698418306e-01 9.303142119602538784e-01 9.271155645513841081e-01 9.394487113099508901e-01 9.346583519951146002e-01 9.258410921089813561e-01 9.310980546128274637e-01 9.336252751221618684e-01 9.388205582540800620e-01 9.187713848163142627e-01 9.202336148805039251e-01 9.408875979052809813e-01 9.390676828461044234e-01 9.319172637765225087e-01 9.265421334813492837e-01 9.369081563041833371e-01 9.404380700298445861e-01 9.395190691035475439e-01 9.430345525113152938e-01 9.302505311414568379e-01 9.350538463874425998e-01 9.240573146519728276e-01 9.291220230303777194e-01 9.325216921461961794e-01 9.342645962581728192e-01 9.398218642694763370e-01 9.316465142215348827e-01 9.223305666506276257e-01 9.395861402232162929e-01 9.380030084790962341e-01 9.408584419318818393e-01 9.415831476647275045e-01 9.425062643133611529e-01 9.215656237181318877e-01 9.211587914898633489e-01 9.358973940979556927e-01 9.353074533487656383e-01 9.363603316359843109e-01 9.357897698149727495e-01 9.372519048932906882e-01 9.419918654972848637e-01 9.341678758850581188e-01 9.287727137334884642e-01 9.374191722388055537e-01 9.414510175257080338e-01 9.407842149607383853e-01 9.429660721533335010e-01 9.376879294877606963e-01 9.410218363021943810e-01 9.387994640435294302e-01 9.400061462784882194e-01 9.370479188517026881e-01 9.395756977515161701e-01
1.667587574626250638e-02 1.475543819916484423e-01 3.384302086489854866e-01 5.727077842941841190e-01 4.806504812854054398e-01 4.364496725461374238e-01 7.218722430725692529e-01 7.018219347146849030e-01 7.700263822898834043e-01 7.231919791600539549e-01 7.943491321614307710e-01 8.320244793813972306e-01 1.000000000000000000e+00 6.180744560910581553e-01 8.415581063018805485e-01 8.393762342271577914e-01 7.767404521679648344e-01 7.393219195531316457e-01 7.769223190227584341e-01 6.763880654538009241e-01 7.387122245716474245e-01 8.050691617314579274e-01 7.572770572859259808e-01 7.218876973462309277e-01 7.555829491780097218e-01 8.299445280873462005e-01 8.269934446309495923e-01 8.083568394587368200e-01 7.601070179355305934e-01 8.297246232569470692e-01 8.472555814942964725e-01 8.178122237207439138e-01 7.820702840041542370e-01 7.690128737272602377e-01 7.968354256974045091e-01 7.770675456937875536e-01 8.101333090618314525e-01 8.016903048899131079e-01 8.412728009998181600e-01 7.903800056420829945e-01 8.588302118208169800e-01 8.492912973986420644e-01 8.404501467029648065e-01 8.606181839973806591e-01 8.537693020709805625e-01 8.509582460984946861e-01 8.672531581276946566e-01 8.673406737682591849e-01 8.609937826488173185e-01 8.033423299953925678e-01 8.349482548400299908e-01 7.999652652777986539e-01 8.527107951130525887e-01 8.589014019443299564e-01 8.548248332149265272e-01 8.520909657673352289e-01 8.455010382464688279e-01 8.656600668954086419e-01 8.487537012272853287e-01 8.661311458120086737e-01 8.646685430843563669e-01 8.553340266400394354e-01 8.558065475999897531e-01 8.599158146678634873e-01 8.610951262145613017e-01 8.574963283717325080e-01 8.691335383372266188e-01 8.654415828163877222e-01 8.583159700093053734e-01 8.697163882817642300e-01 8.637020364936377481e-01 8.664757726993245202e-01 8.525589240908152400e-01 8.518124481497265643e-01 8.706206502357309862e-01 8.693558108432861697e-01 8.620750056434361985e-01 8.542304075256773599e-01 8.642751868540023974e-01 8.676403345963134006e-01 8.671850787485578804e-01 8.708438631199520996e-01 8.634812426003284358e-01 8.604634072793660993e-01 8.513153105207130755e-01 8.566442816956617579e-01 8.588322406127608666e-01 8.628366018938952164e-01 8.668154074183006541e-01 8.627511495264833519e-01 8.542621901576846755e-01 8.701206571784637633e-01 8.691338180669004876e-01 8.699235863430255788e-01 8.687579177692406063e-01 8.701510520564262885e-01 8.530862173712079333e-01 8.520224819434265573e-01 8.642909593203549345e-01 8.634794560369514205e-01 8.676173052514162265e-01 8.637012606141410975e-01 8.684088929749967933e-01 8.716938845188577645e-01 8.652438896591163608e-01 8.611792664903041850e-01 8.651312638261021704e-01 8.699292215998908340e-01 8.678788445702333432e-01 8.707047159764018662e-01 8.648854459083812340e-01 8.712771994815400323e-01 8.689777560051518135e-01 8.688665512618394260e-01 8.679145767364371267e-01 8.671488632063724111e-01
