1.000000000000000000e+00 1.291644207361694607e-01 4.609836641614376007e-02 4.867695196598175594e-02 7.784390248465078432e-02 -7.995968449106884493e-03 5.230251678214908884e-02 3.363679306131202307e-02 6.433088323406517539e-02 1.048698591263851586e-02 2.614703034199394090e-03 1.336493163865180335e-02 2.907840716265441133e-03 5.655079855398702313e-04 2.547717400061611653e-02 2.253296758625232890e-02 5.706209045468849800e-02 2.796425646845097229e-02 5.918069557449502985e-03 3.891348221686981995e-02 5.069743709048793456e-02 2.535737687707004945e-02 6.162540189888075087e-02 3.454423117518354985e-02 2.882260478703551829e-02 6.578284208396943666e-02 3.346209647776695467e-02 9.298165214126699607e-03 2.283898653219206681e-02 3.977142550460691789e-02 3.049474895699979746e-02 4.635574571225200419e-02 5.905454063451768230e-03 1.689228099022268767e-02 3.248683107542543747e-02 1.376564089227523893e-02 1.797281534449858900e-02 1.244302457156535799e-02 1.829084840721848654e-02 -4.666890014605113053e-03 1.432177237984967773e-02 -2.307256217589122652e-03 -1.171312824701471050e-02 1.130884388641522145e-02 1.431670656970384162e-02 1.258309711023365869e-02 1.230879337072611837e-02 1.412675648707082364e-02 2.590202431771620323e-02 7.876739565198841511e-03 1.430310053151031928e-02 2.079144234423548412e-02 2.101284819999860859e-02 3.871484079749554913e-02 2.592013308907186245e-02 1.867724841069554401e-02 3.670839561385241118e-02 1.011696683368740017e-02 2.513945733624271470e-02 2.841049559805228567e-02 1.025035806702669604e-02 3.174137007588464371e-02 1.646030712277077312e-02 2.510654401533870053e-02 3.425572442248749072e-02 3.163153561529183366e-02 2.108015908403626168e-02 7.356462752913238944e-03 2.067590912732592684e-02 1.129907892286106420e-02 5.590316107304908570e-03 8.826282320062292172e-03 1.424647896309359438e-02 4.546545854959483345e-03 2.200009601783661090e-02 6.320652993259116836e-03 -1.792028352794073232e-03 7.241424294322337980e-03 4.694445889378301255e-03 1.173361825299574016e-02 7.417039579060312124e-03 9.132902803921139762e-03 2.415616083167481526e-02 1.023260186260591641e-02 1.923551898577707375e-03 4.780046690425874926e-03 6.973777242965792031e-03 2.795877771865876767e-03 4.748501619810496788e-03 1.679193922096089420e-02 -3.273132244603390705e-03 -5.780135674688285973e-04 4.020780274738974466e-03 -2.048485013455038362e-03 1.022743850056761702e-02 8.476654790711199774e-03 -6.681054554664766880e-03 1.691120144460041275e-02 -8.813344507254790771e-04 7.739027614843509758e-04 -6.705389143619129577e-03 1.789270038598548542e-03 5.894865636733674467e-03 5.867223679145813775e-03 2.417900163121961855e-03 2.231074111886770586e-02 1.648646544613288287e-02 1.305404988038931340e-02 9.621787525452481574e-03 1.141654885043387468e-02 -1.235564097649520824e-03 1.851098071349678922e-02 1.488591428305794002e-02 1.212699334227521943e-02 1.917036775368190921e-02 1.640360633458337949e-02
1.291644207361694607e-01 1.000000000000000000e+00 8.038834590468620089e-02 1.219399130518627195e-01 7.734455529923621453e-02 9.898586495209230063e-02 1.615719410650392207e-01 1.382056478332995275e-01 1.771151488190355894e-01 1.351784113868092496e-01 1.536293021521200897e-01 1.654364099749782990e-01 1.334697080307568340e-01 1.521171907846844695e-01 1.749581259799171673e-01 1.593658696302711619e-01 1.529321050269214499e-01 1.476485161540594393e-01 1.565211581627046211e-01 1.206426890832326126e-01 1.342111846770386863e-01 1.519409928907582974e-01 1.648681295156735060e-01 1.353562692260943112e-01 1.453597148396312266e-01 1.750887700036826145e-01 1.538886498031581951e-01 1.430097301960709388e-01 1.503453811335393464e-01 1.665778526582274155e-01 1.816327211604059078e-01 1.708821601827160697e-01 1.469230246482006452e-01 1.472174192094977130e-01 1.673414633672615226e-01 1.491869768828993637e-01 1.694923820418744176e-01 1.619405267129911397e-01 1.617926004276461216e-01 1.418240656253346443e-01 1.614325245412564502e-01 1.531732051218847313e-01 1.262341167865404512e-01 1.592306865370009261e-01 1.646268915646862951e-01 1.578430905774301785e-01 1.623302155129131286e-01 1.629018923449289946e-01 1.709655663124360070e-01 1.546936399244032700e-01 1.596800079166245390e-01 1.384986986957029986e-01 1.612055591326966852e-01 1.797468146994618821e-01 1.737184624052371673e-01 1.643342951259112450e-01 1.781562032438612497e-01 1.593722830656580658e-01 1.790854674333880459e-01 1.751773689728820527e-01 1.538227533325546570e-01 1.719124345425316058e-01 1.615638194582342535e-01 1.625244270108176792e-01 1.637305878387899649e-01 1.725191582929536394e-01 1.668762216733928883e-01 1.538969406590506017e-01 1.616059735929943619e-01 1.515271799374611206e-01 1.590204484927693063e-01 1.579635443861246713e-01 1.507338302768632954e-01 1.513372527897024200e-01 1.688227965366061456e-01 1.604633360566933564e-01 1.586725642652215273e-01 1.620841327183230041e-01 1.582853934559104447e-01 1.660851631998538636e-01 1.626885677195198943e-01 1.649186954772814684e-01 1.627090643775309931e-01 1.627398949992771571e-01 1.555199094885006128e-01 1.531392354208640227e-01 1.591971374581147014e-01 1.618275245410838448e-01 1.630238945729069189e-01 1.580359916482866611e-01 1.511539700723604218e-01 1.570211341666386817e-01 1.560958682418305821e-01 1.556392087733710350e-01 1.658124896128478909e-01 1.651001327834271670e-01 1.403542218264963171e-01 1.583065456525520054e-01 1.561196462006959607e-01 1.570322014466289939e-01 1.473975849389605741e-01 1.571157970954204786e-01 1.537832297265644133e-01 1.595639354504868324e-01 1.538293478818855420e-01 1.668938511976700845e-01 1.701040542239023456e-01 1.663660011978927711e-01 1.661175661842925477e-01 1.643570844404150244e-01 1.597322973182880579e-01 1.681748941080613569e-01 1.671584488368081933e-01 1.598140641610084900e-01 1.624171730822701332e-01 1.684697343959788429e-01
4.609836641614376007e-02 8.038834590468620089e-02 1.000000000000000000e+00 3.545715755592401264e-01 2.281199398188044625e-01 2.354568914116940970e-01 3.831005267417035287e-01 3.597282953400832151e-01 3.685893168011392662e-01 3.384875040583623651e-01 3.857784993920403971e-01 4.043624145724753483e-01 3.634761974943602758e-01 3.468739510248878277e-01 4.128022482340401034e-01 4.105732167348870587e-01 3.929549489534769346e-01 3.979003837810181077e-01 4.100073260830246480e-01 3.520913950408928739e-01 4.022863805636705536e-01 4.094655290291718819e-01 4.050073724483719273e-01 4.075405263204985307e-01 4.128395423549041654e-01 4.163512267441112913e-01 4.106756744306783724e-01 4.093742941563787152e-01 3.863394981630951519e-01 4.190551075484695298e-01 4.074397287822641434e-01 4.182817936356073019e-01 4.030673174166209405e-01 4.110551875652804776e-01 3.990871591624968184e-01 4.098917529124405656e-01 4.049657283220329251e-01 4.088318173037026604e-01 4.123905108025313626e-01 4.166676877271162649e-01 4.201953330677252740e-01 4.140180031794640780e-01 4.143516173752576637e-01 4.022520279426224921e-01 4.113460621153078867e-01 4.037747720678209196e-01 3.982574133629553925e-01 4.066252617386871271e-01 3.969083568482068558e-01 4.130422413914786040e-01 4.089105485435532983e-01 4.133533135615665155e-01 4.003898896258489826e-01 3.959013472213919194e-01 3.961447527454283191e-01 4.188059893862923766e-01 3.960363750655988002e-01 4.062070001072469738e-01 3.988430039706744035e-01 4.008139883297158756e-01 4.096121958522206952e-01 3.923751159181534387e-01 4.002756175531669292e-01 3.980610518324899649e-01 4.041814973708627856e-01 4.008936675970861119e-01 4.004980379662772538e-01 4.107394108676976074e-01 4.125324827610573619e-01 4.097185221362530383e-01 4.123067934787310596e-01 4.126181757575807518e-01 4.150597762851231387e-01 4.186533973324967906e-01 4.160623095785501158e-01 4.104636698535982231e-01 4.181868066382962712e-01 4.080875942958034908e-01 4.133540727061226772e-01 4.047054321765237161e-01 4.114864984439989271e-01 4.096177277848958020e-01 4.126172038434748890e-01 4.088256890360484341e-01 4.100517677005880435e-01 4.149780066800678457e-01 4.126323052904141142e-01 4.125298962507250033e-01 4.097648049500243195e-01 4.179751723043351186e-01 4.181694256030037971e-01 4.136494481292793401e-01 4.081247899404463753e-01 4.081111822959136437e-01 4.034801621266216887e-01 3.998428929240232521e-01 4.129083017796205124e-01 4.058539830016300587e-01 4.089630002245788765e-01 4.106279678939336875e-01 4.113967498978333137e-01 4.118200112802530843e-01 3.998440083373887011e-01 4.062514588309893426e-01 4.116387159393701256e-01 4.005020019253319186e-01 4.012066616068757363e-01 4.040815796163124141e-01 4.101874780157918066e-01 4.027444272613400766e-01 4.036965919205954823e-01 4.018656193432291190e-01 4.026995048770617425e-01 4.032362817735594684e-01 4.032790327586632806e-01 4.005413093902084887e-01
4.867695196598175594e-02 1.219399130518627195e-01 3.545715755592401264e-01 1.000000000000000000e+00 3.558819398123477251e-01 3.886634201330191329e-01 6.051567101850737762e-01 5.567325554560884626e-01 5.842027281327026866e-01 5.492445950779651920e-01 6.158724733666548490e-01 6.573168477095266971e-01 5.855394823507399371e-01 5.545413254587852059e-01 6.576381102716970517e-01 6.425650532738137466e-01 6.158832612576918830e-01 6.278220717810049090e-01 6.348596099694171491e-01 5.890350925499467927e-01 6.477040489536216583e-01 6.558301208373562563e-01 6.360484705594917632e-01 6.037950863617661534e-01 6.410192450733055436e-01 6.630589493995228123e-01 6.506715221017562722e-01 6.618251154098083733e-01 6.408297708582063601e-01 6.654651815067904597e-01 6.554864979974786010e-01 6.583243189842880039e-01 6.243171037365677911e-01 6.387240891639517359e-01 6.243049002602361064e-01 6.467677533704794257e-01 6.499481002611746661e-01 6.606288476151398470e-01 6.644482075446698222e-01 6.576098104239778142e-01 6.673439098051680007e-01 6.654495642795448251e-01 6.579846145354623088e-01 6.560104112287074019e-01 6.564651591315965318e-01 6.523903865096946086e-01 6.487707577383586832e-01 6.539153690231959137e-01 6.522078246804133839e-01 6.651269110267985507e-01 6.694288734728609525e-01 6.612934167670672103e-01 6.531885917918762718e-01 6.424908921533096784e-01 6.377355131134531119e-01 6.691334490902252075e-01 6.461194414609439107e-01 6.603504787164897749e-01 6.430843783920742185e-01 6.454920983875341856e-01 6.603260196518413450e-01 6.402133017125113401e-01 6.596532355589248553e-01 6.540094764078863143e-01 6.481228107785007575e-01 6.502990294852408759e-01 6.512262168104449023e-01 6.566417467830114596e-01 6.566855663119872677e-01 6.619886761159836652e-01 6.636477376842725429e-01 6.606682480586504314e-01 6.553107546881490331e-01 6.630026588233428608e-01 6.630004786511558557e-01 6.596474884427163676e-01 6.624887089482576208e-01 6.653481582231883795e-01 6.636455565340223517e-01 6.565628724603349564e-01 6.593438609597410682e-01 6.579411739213694155e-01 6.614826443597693340e-01 6.570283795882373434e-01 6.584487864907327959e-01 6.588435196651758474e-01 6.585323327705187024e-01 6.629692068865730148e-01 6.568092757538361859e-01 6.644902030784491931e-01 6.638697647811557800e-01 6.628307102886954461e-01 6.569889288868132615e-01 6.602121448812531268e-01 6.497763232399097477e-01 6.487940528057242195e-01 6.697417786754579216e-01 6.623374808991873142e-01 6.620664122577230026e-01 6.658445147835113653e-01 6.619112404690244977e-01 6.636074998908172429e-01 6.544942631300484370e-01 6.560801717221256268e-01 6.642423790193210387e-01 6.525628043063058659e-01 6.506965162825195659e-01 6.518429813458268551e-01 6.582103659999635203e-01 6.530486132973054580e-01 6.556489065917674441e-01 6.520060309100214058e-01 6.523432891935184719e-01 6.561024844864694616e-01 6.512930493785473729e-01 6.489056589738126934e-01
7.784390248465078432e-02 7.734455529923621453e-02 2.281199398188044625e-01 3.558819398123477251e-01 1.000000000000000000e+00 3.054473531143563902e-01 4.360934442807994915e-01 4.223549542629250753e-01 4.363309604954331844e-01 4.242237274448464324e-01 4.595041756504039676e-01 4.812749347918242049e-01 4.408951959165592904e-01 4.037076195986529226e-01 4.809535339064530124e-01 4.870187801246829151e-01 4.465153842486843105e-01 4.536232178949232696e-01 4.648305826583826739e-01 4.293409798252938447e-01 4.845693588186476553e-01 4.920341786189320610e-01 4.679272138558425720e-01 4.367158733846439600e-01 4.739126488266738324e-01 4.717764237947395523e-01 4.735414108530605626e-01 4.755036418906376516e-01 4.470506765903179414e-01 4.915907913060311718e-01 4.887427150204207704e-01 4.819734224296969294e-01 4.644949884447819310e-01 4.798799033060492381e-01 4.832010243017900164e-01 4.713420557006628986e-01 4.889090553534589656e-01 4.810609166828165861e-01 4.944985917226835115e-01 4.771905886349312453e-01 4.917048081770063472e-01 4.945470075997326354e-01 4.859750140313810474e-01 4.932808566930422245e-01 4.851913561628416471e-01 4.885895841921099603e-01 4.910645308364744999e-01 4.923545863474491635e-01 4.868720895361556278e-01 4.896800428509168190e-01 4.873137394234769437e-01 4.956949328945289279e-01 4.892529606938189057e-01 4.815440407745503193e-01 4.734452795107446099e-01 4.877010803292894381e-01 4.791417196611199580e-01 4.969949971699668678e-01 4.731083470326041818e-01 4.936374285375315085e-01 4.977677544947608501e-01 4.843991645578125671e-01 4.867683393412071124e-01 4.905925409184024866e-01 4.922893428772653346e-01 4.903529965468018115e-01 4.949429613049998733e-01 4.934761378463924930e-01 4.942924310359334550e-01 4.924232376148570123e-01 4.977893167497995375e-01 4.953206045161280824e-01 4.834622654882185233e-01 4.966852434754561174e-01 4.891796514998799084e-01 4.916057110670040697e-01 4.854056353710580751e-01 4.839058403381909512e-01 4.902829697857717384e-01 4.953369727809300849e-01 4.969048878933304270e-01 4.958474705890446588e-01 4.885995223405722454e-01 5.009208802149585082e-01 4.919583656281620865e-01 4.908464241964811126e-01 4.942195655912139385e-01 4.928019473070966994e-01 4.950440926326725721e-01 4.924598697296840855e-01 4.865088512266282916e-01 4.937133166548943741e-01 4.942462954389423846e-01 4.938389595687769362e-01 4.912075516550155063e-01 4.911049555937588851e-01 4.896327739345116004e-01 4.892875925751610788e-01 4.921715010825289394e-01 4.942353074399938317e-01 4.953599755663181670e-01 4.929597012755135843e-01 4.913934796638290137e-01 4.960084956170903725e-01 4.982340977063451914e-01 4.871107421590237241e-01 4.898191373451177277e-01 4.929143334736058590e-01 4.915559680352943328e-01 4.933497912749862935e-01 4.895755185423857347e-01 4.945429059118039428e-01 4.929325090553319799e-01 4.982830869362017134e-01 4.974591967776841317e-01 4.913885101632876617e-01
-7.995968449106884493e-03 9.898586495209230063e-02 2.354568914116940970e-01 3.886634201330191329e-01 3.054473531143563902e-01 1.000000000000000000e+00 5.213232358979763559e-01 4.702761131969089292e-01 5.209397669981800094e-01 5.094625463924402631e-01 5.510895365348713604e-01 5.737354025521309575e-01 5.306122704455071837e-01 5.011991836776046316e-01 5.878515291224465367e-01 5.654917084569828223e-01 5.331211813617112716e-01 5.358725529349156469e-01 5.492897808502985590e-01 4.996207022164494971e-01 5.366536932741172716e-01 5.731638379123961125e-01 5.373896183383797265e-01 5.021260504744819997e-01 5.612664280145781559e-01 5.645746775843276666e-01 5.715104984524651544e-01 5.534181646978637570e-01 5.248226102457516085e-01 5.966719998089069499e-01 6.037928969924368783e-01 5.580888440843476683e-01 5.274981092742445643e-01 5.603018202970642125e-01 5.526253538474097393e-01 5.615996297424217243e-01 5.881018497579401094e-01 5.680184255213107658e-01 5.864897319608689541e-01 5.609317156890788469e-01 5.943109397032058094e-01 5.926600162294985985e-01 5.783307823030958694e-01 5.923250038816156859e-01 5.984920058915423891e-01 5.982762635650643590e-01 6.031764492275951683e-01 5.989409263168088415e-01 5.863747913021737368e-01 5.666459796431658757e-01 5.735958523801265585e-01 5.840291597832886206e-01 5.909481101720893692e-01 5.961516733326556183e-01 5.881848168103500640e-01 5.963311564314858204e-01 5.894343561044501634e-01 5.983514290572498062e-01 5.816307951741153115e-01 6.028097547397458511e-01 5.968420914904547514e-01 5.944745784564414715e-01 5.925910407365638788e-01 5.935108017772973144e-01 5.980500641797161787e-01 6.002671421525423989e-01 6.054428177902725361e-01 6.035626632616358789e-01 5.949583616920361973e-01 5.991555495782229235e-01 6.032113515249934999e-01 6.061670053097769628e-01 5.890561888054185458e-01 6.007840224275937668e-01 6.041898597622016309e-01 6.046430989905137166e-01 6.016116957567093637e-01 5.935770786718287395e-01 6.028865042236886129e-01 6.042099685983507440e-01 6.048905492612115520e-01 6.068353125400652859e-01 6.011670991962884125e-01 5.960962388928360278e-01 5.880848148164845579e-01 5.932237356783889304e-01 6.022506052261082932e-01 6.046393044889911694e-01 6.038384932314702080e-01 6.045897822116464981e-01 5.984817032747734578e-01 6.070041538592499952e-01 6.070259865058262871e-01 6.066075295475420459e-01 6.070263892483644952e-01 6.077822464808712022e-01 5.928172454802442815e-01 5.913439722615879690e-01 6.008808081722268879e-01 6.002040057132143058e-01 6.042148494796482083e-01 6.008795860211429973e-01 6.072071305576304256e-01 6.088291771547363895e-01 6.054248644638051680e-01 6.016344304969937218e-01 6.024707209676549713e-01 6.075128395713726981e-01 6.084648798727086971e-01 6.067592619263236786e-01 6.057698037673655556e-01 6.078855766326378696e-01 6.058628054500304616e-01 6.035748169847668931e-01 6.050473499629789309e-01 6.075032243335691806e-01
5.230251678214908884e-02 1.615719410650392207e-01 3.831005267417035287e-01 6.051567101850737762e-01 4.360934442807994915e-01 5.213232358979763559e-01 1.000000000000000000e+00 6.862140903999465191e-01 7.311529456065960497e-01 6.886126052179355472e-01 7.503077209799362546e-01 8.007730231114017494e-01 7.027651878645724270e-01 6.878095290849718380e-01 8.282660646449575559e-01 8.027373335721251779e-01 7.441206654028995615e-01 7.614256598845720037e-01 7.789078969424493293e-01 7.037740195922167485e-01 7.809519006132066288e-01 7.960148583370222353e-01 7.753023813866847247e-01 7.405264472859417468e-01 7.955099526083950767e-01 8.121799174670564225e-01 8.221811550623945308e-01 8.149547457205822409e-01 7.924006795345441834e-01 8.280998731093965892e-01 8.213382700455955643e-01 8.136326441327437209e-01 7.806006380562420244e-01 7.910722282295281627e-01 7.817975135656377583e-01 7.851491833280226373e-01 8.010628138469553239e-01 8.156434224607806982e-01 8.188947586199992745e-01 8.145163808068865974e-01 8.265543286128494982e-01 8.254890778058001644e-01 8.079511830071297585e-01 8.175992404152874204e-01 8.175895121541332244e-01 8.241860818455530868e-01 8.043191547309731515e-01 8.117490863080274455e-01 8.107615850891987108e-01 8.066462038369668353e-01 8.149290040284603576e-01 8.007922395807928195e-01 8.110572540338923941e-01 8.086616480971992038e-01 8.040639696386095991e-01 8.282975660528646422e-01 8.051719324034517511e-01 8.154634841456042116e-01 8.045388243689977070e-01 8.062832565076201163e-01 8.148070862184626506e-01 8.047997510713935654e-01 8.151295941868393902e-01 8.082711326471877511e-01 8.056128560026996066e-01 8.115593139242079923e-01 8.098002528854368887e-01 8.177533697191061712e-01 8.193283304003512457e-01 8.169087400889198936e-01 8.209156942657136469e-01 8.179477686638867429e-01 8.108164637291068733e-01 8.197164494718943706e-01 8.240406692167913105e-01 8.242022695653871134e-01 8.273302148579588788e-01 8.333782225558713508e-01 8.280632016887585767e-01 8.153774940660586390e-01 8.228395217239694581e-01 8.175436175750468992e-01 8.195964368616613926e-01 8.249498019885472821e-01 8.106563035423353103e-01 8.125899042621488322e-01 8.192543083820057470e-01 8.218460335530302086e-01 8.176938233178364657e-01 8.234604805998964050e-01 8.263067009436466659e-01 8.245546222623217902e-01 8.179123234281022725e-01 8.214153562228083683e-01 8.123975098514293336e-01 8.116334303489119995e-01 8.138948176517777355e-01 8.023669059211020471e-01 8.124434513086339349e-01 8.180667809608759278e-01 8.197163897959183210e-01 8.171135501184577654e-01 8.093000867006385768e-01 8.137922680352425164e-01 8.166791996004146847e-01 8.077000744948122923e-01 8.089181764736828040e-01 8.140794325463435177e-01 8.188121838507845807e-01 8.133309147495026981e-01 8.172147624772474472e-01 8.101859434400561222e-01 8.122107166809442447e-01 8.127676791533166023e-01 8.067970882755489681e-01 8.075704676943343818e-01
3.363679306131202307e-02 1.382056478332995275e-01 3.597282953400832151e-01 5.567325554560884626e-01 4.223549542629250753e-01 4.702761131969089292e-01 6.862140903999465191e-01 1.000000000000000000e+00 6.974033574046090145e-01 6.384746822157981727e-01 6.992190966854505696e-01 7.359031635850301623e-01 6.785723059762347464e-01 6.255386841232153383e-01 7.487328248221939431e-01 7.516633321283978653e-01 6.887175561461729156e-01 7.125730103581685571e-01 7.257950415943996703e-01 6.711408639478352312e-01 7.304907378073424162e-01 7.344995094853316031e-01 7.123908394020596058e-01 6.993455382982852742e-01 7.317306554877630598e-01 7.416079802288740863e-01 7.284189615451143185e-01 7.150099911359308891e-01 6.786103426752129186e-01 7.586435000139677420e-01 7.552533815769143510e-01 7.452772483836661577e-01 6.852992135037331289e-01 7.359350968986956287e-01 7.198552261072715952e-01 7.225756863136015840e-01 7.344716590655300248e-01 7.608371783320346804e-01 7.576253012096653139e-01 7.320901410935900522e-01 7.562866767938963841e-01 7.535332160171023252e-01 7.548019650041164486e-01 7.544236187264065086e-01 7.467900541209441245e-01 7.472998659667313692e-01 7.513352948143747767e-01 7.606393630231883529e-01 7.567778415095992584e-01 7.558977209493649152e-01 7.612465601016448202e-01 7.507045833668577473e-01 7.451809818691405018e-01 7.552093867693802087e-01 7.611205264976800278e-01 7.677886895175122239e-01 7.633302878524241830e-01 7.657418846167088899e-01 7.630768751214724865e-01 7.534824067802550207e-01 7.670417868591534738e-01 7.597546873688630908e-01 7.718230114424953214e-01 7.597260813099109278e-01 7.446262665215156451e-01 7.603251878745027614e-01 7.527128373715061826e-01 7.587142483048369135e-01 7.557359452114945642e-01 7.607149694754343772e-01 7.603996580355699697e-01 7.578914550580473364e-01 7.534106087963213794e-01 7.580639263135342532e-01 7.603005122843319308e-01 7.524232600147787720e-01 7.488394113729853752e-01 7.372703758545958719e-01 7.580777183899728433e-01 7.576835169964544203e-01 7.572354644492163001e-01 7.587276427720770489e-01 7.577890443254564623e-01 7.529041926310490185e-01 7.553605972948358449e-01 7.576090613583374989e-01 7.529584348353807188e-01 7.613997492787978327e-01 7.570414442894092266e-01 7.636108753257607740e-01 7.493937037655695743e-01 7.574137945765879731e-01 7.566820653727943657e-01 7.598374028469976338e-01 7.567133189411627825e-01 7.553927491073039180e-01 7.635377114312356106e-01 7.574298934360707003e-01 7.611192563338987638e-01 7.608232828967060879e-01 7.602030735490920010e-01 7.658630324593193039e-01 7.531082447326157281e-01 7.586397190642155675e-01 7.602177638873154342e-01 7.630920213129096519e-01 7.600526884862932597e-01 7.573704114667328957e-01 7.671136498840188667e-01 7.611467783620470273e-01 7.688406203695499208e-01 7.560272616766972043e-01 7.630407731034145602e-01 7.610151938903918500e-01 7.493434533919024476e-01 7.582069709065671903e-01
6.433088323406517539e-02 1.771151488190355894e-01 3.685893168011392662e-01 5.842027281327026866e-01 4.363309604954331844e-01 5.209397669981800094e-01 7.311529456065960497e-01 6.974033574046090145e-01 1.000000000000000000e+00 7.568292011081774184e-01 8.053133648085707419e-01 8.354637679078457113e-01 7.625148836566991717e-01 7.371150189361639349e-01 8.500196335662764113e-01 8.364543300183562291e-01 8.139355546295616861e-01 7.910125420146097985e-01 8.160569534505750511e-01 7.658593973270558797e-01 8.086892039871751425e-01 8.310755592731061681e-01 8.065574168029427948e-01 7.602931451010471742e-01 8.114403946686371549e-01 8.301015391392676523e-01 8.293105717817057521e-01 7.944125037597408179e-01 7.504552170788679755e-01 8.692043791525648766e-01 8.727060831854236422e-01 8.511798167742337107e-01 7.700438044401400894e-01 8.346731362545902755e-01 8.219155602228297441e-01 8.103571917390831603e-01 8.418967298023626311e-01 8.555207385752303662e-01 8.596279759435931922e-01 8.112323610714672339e-01 8.671311013551399327e-01 8.574119370766446480e-01 8.341854814565207166e-01 8.713750539031971387e-01 8.536302606166829010e-01 8.606915462799669125e-01 8.775592157616939337e-01 8.838012791874709784e-01 8.806710703069858814e-01 8.517726185666102401e-01 8.664580886940289606e-01 8.544064125394575937e-01 8.621317250712265956e-01 8.862024670515437075e-01 8.704334935034511167e-01 8.717811459250268680e-01 8.848861949574917674e-01 8.802280791604332189e-01 8.784534307497385841e-01 8.846685161271629072e-01 8.801246066979858673e-01 8.861278695852881082e-01 8.799705944878000174e-01 8.822399716410128656e-01 8.739150501623723644e-01 8.857457639189352250e-01 8.828622706866806613e-01 8.763627749938842637e-01 8.752267348453427465e-01 8.767242220367186256e-01 8.762271708096429634e-01 8.752069547481985401e-01 8.622247074673964340e-01 8.682017503422924110e-01 8.746800737071930287e-01 8.697076395420503259e-01 8.549193877580194556e-01 8.409002683408900447e-01 8.665966140348757563e-01 8.806229050037027717e-01 8.684444693260905401e-01 8.798961339673281312e-01 8.770347718668496384e-01 8.683947574566446281e-01 8.579133976167574449e-01 8.663538867213137484e-01 8.665443008324900109e-01 8.711018828257277580e-01 8.709182737816625330e-01 8.728946993059416570e-01 8.519854009143801310e-01 8.703358149048278092e-01 8.738691977942053546e-01 8.718489663070825291e-01 8.793074393531143951e-01 8.807253143169800902e-01 8.517510917963958539e-01 8.704026572769257841e-01 8.704999135950657330e-01 8.703205648829545060e-01 8.604593476023052467e-01 8.741523041514104309e-01 8.717715518095423555e-01 8.749732810845906039e-01 8.724652512216999334e-01 8.808726003374567348e-01 8.839452336182014314e-01 8.805317360803008864e-01 8.791546835698943463e-01 8.798831213481054236e-01 8.772017493717754189e-01 8.833630937039612663e-01 8.833639581250983808e-01 8.795947384800493207e-01 8.781012610414866693e-01 8.824828928504858672e-01
1.048698591263851586e-02 1.351784113868092496e-01 3.384875040583623651e-01 5.492445950779651920e-01 4.242237274448464324e-01 5.094625463924402631e-01 6.886126052179355472e-01 6.384746822157981727e-01 7.568292011081774184e-01 1.000000000000000000e+00 7.675546029108654134e-01 7.976535763213522534e-01 7.336554341633321208e-01 7.043520970049983454e-01 8.061785770307406951e-01 7.910216805943771634e-01 7.497087123844404788e-01 7.433876677049123805e-01 7.706420717134110365e-01 7.115324167776982955e-01 7.608644926865499869e-01 7.773042994229847347e-01 7.437777857927454495e-01 6.967698826618106134e-01 7.596215287254690640e-01 7.654433488220340198e-01 7.793936867263007162e-01 7.630051879785090252e-01 7.236435176729649754e-01 8.240556916621150085e-01 8.258415475824866236e-01 7.985607982937306115e-01 7.420041219029797075e-01 7.906079766125656549e-01 7.832110603052857556e-01 7.780688929769344897e-01 7.971601238827468183e-01 8.184155101769464702e-01 8.223621194426589120e-01 7.786703043131302238e-01 8.232422939382166849e-01 8.198387658474105555e-01 8.008464825351978567e-01 8.278669571671867233e-01 8.118378902076053283e-01 8.270803670986044409e-01 8.355542921590254357e-01 8.424021318356477162e-01 8.358635448030363735e-01 8.121208355567364201e-01 8.193822380952169304e-01 8.048105849408286883e-01 8.177682118350542151e-01 8.343120290174388387e-01 8.194657779164327138e-01 8.267707428090417254e-01 8.289454876480459866e-01 8.336659479060304356e-01 8.282179883113077734e-01 8.340455338244032735e-01 8.369546753885985790e-01 8.317194227345058311e-01 8.300542079359030101e-01 8.345609798168766025e-01 8.232584254418003900e-01 8.301611755593638620e-01 8.377525933088135757e-01 8.345878715110679469e-01 8.282442328794604736e-01 8.332625962266601016e-01 8.351843404246862557e-01 8.309185989771419312e-01 8.163416083453822747e-01 8.250281721236744081e-01 8.272296177371493142e-01 8.299727340812285137e-01 8.206016635953176097e-01 8.115334783060822454e-01 8.265879442312251690e-01 8.378773121782887578e-01 8.311021246715002420e-01 8.387130582287194436e-01 8.328150704541372740e-01 8.293598693769104191e-01 8.184101245952218884e-01 8.243149599239675274e-01 8.290813273883245182e-01 8.320074880989213328e-01 8.327062628137728018e-01 8.297109835497784580e-01 8.122874486764743995e-01 8.330155960392376935e-01 8.350894890741382692e-01 8.372993743962476865e-01 8.392205079251141564e-01 8.394674853330738040e-01 8.132787684245995630e-01 8.221150342749310447e-01 8.307411337578433086e-01 8.291274470979088651e-01 8.259883058128955069e-01 8.327803892966649801e-01 8.303814668837594670e-01 8.357571364173908002e-01 8.306528203893136508e-01 8.329573710896821526e-01 8.386240093286507769e-01 8.404308859463331949e-01 8.372621735929259845e-01 8.397963904052319073e-01 8.393066362583602169e-01 8.378255180327612850e-01 8.396261447682904500e-01 8.368439217083085691e-01 8.327877270841349544e-01 8.390530678615424343e-01
2.614703034199394090e-03 1.536293021521200897e-01 3.857784993920403971e-01 6.158724733666548490e-01 4.595041756504039676e-01 5.510895365348713604e-01 7.503077209799362546e-01 6.992190966854505696e-01 8.053133648085707419e-01 7.675546029108654134e-01 1.000000000000000000e+00 8.786159291185298148e-01 7.854401877291965484e-01 7.588698896646218772e-01 8.754628421023075147e-01 8.539405872979107803e-01 8.130604768868654464e-01 8.192076195593178678e-01 8.552852073033375691e-01 7.529091356427171089e-01 8.261967156241342147e-01 8.616859368690502619e-01 8.142398559670069869e-01 7.848449599759489415e-01 8.497484702803684842e-01 8.486060391042049567e-01 8.622079097888979415e-01 8.491879168243003928e-01 7.887587435345584375e-01 8.948680113142705173e-01 9.037866206001847758e-01 8.803586592289337487e-01 8.393215809945244743e-01 8.848382272191150921e-01 8.789992743637186079e-01 8.698610922758632791e-01 8.950273738331590012e-01 8.849376628193069694e-01 9.045054303033093213e-01 8.725534696378109967e-01 8.999206148543226202e-01 9.053092137216350865e-01 8.866729605689821492e-01 9.013018029647570373e-01 9.013297553462084055e-01 8.984201665447201224e-01 9.070374823972142675e-01 9.059994576542138578e-01 8.974585894721125445e-01 8.878115970781471633e-01 8.898732844689788424e-01 8.817848849071403539e-01 8.949128619660315920e-01 8.897254031657576556e-01 8.771608663760865898e-01 8.994771726684012148e-01 8.838105896117264271e-01 9.027943096449109195e-01 8.810655501031725567e-01 8.995306617409531968e-01 9.065343660308472495e-01 8.894358897280744136e-01 8.947708275494425934e-01 8.984192240078514580e-01 8.970864169853807191e-01 8.973625992242807436e-01 9.093187647743062874e-01 9.099878202164750629e-01 9.130105631138705213e-01 9.068733983858907610e-01 9.102228287573957966e-01 9.107090460136811894e-01 9.013970748914482689e-01 9.072980094891079927e-01 9.057525717020812328e-01 9.057752071212323841e-01 9.062485437796088394e-01 8.893568831917356698e-01 9.073216801056570580e-01 9.098961650118188027e-01 9.132471217559964272e-01 9.117532168336724974e-01 9.101827161106915698e-01 9.150589940744177087e-01 9.109682663807145975e-01 9.134235102904797454e-01 9.151826228864048396e-01 9.147390729639784945e-01 9.167995943720029794e-01 9.087554707788328967e-01 9.111368484188465677e-01 9.136757750417090485e-01 9.131579796600612919e-01 9.131898000857658904e-01 9.096665627293761824e-01 9.102984731594734313e-01 9.037483749634668273e-01 8.984896804820865501e-01 9.112855238456920581e-01 9.117219525603232899e-01 9.128042890995731184e-01 9.111842503773549540e-01 9.075819639218941637e-01 9.121352204687718235e-01 9.120810730555655166e-01 9.013040945684090977e-01 9.072539224697487859e-01 9.102968386077457952e-01 9.084660446649103216e-01 9.088988707265752698e-01 9.094827770808284750e-01 9.084117546588352798e-01 9.073259006479131861e-01 9.117772427159058779e-01 9.059878933770640907e-01 9.052360754418836697e-01
1.336493163865180335e-02 1.654364099749782990e-01 4.043624145724753483e-01 6.573168477095266971e-01 4.812749347918242049e-01 5.737354025521309575e-01 8.007730231114017494e-01 7.359031635850301623e-01 8.354637679078457113e-01 7.976535763213522534e-01 8.786159291185298148e-01 1.000000000000000000e+00 8.229385403964670775e-01 7.950086072285954542e-01 9.218643472588640142e-01 8.935278645698411237e-01 8.455200482323153022e-01 8.507628564022494677e-01 8.858252679112734729e-01 7.778846013657606528e-01 8.528320545404639574e-01 8.936034713948477481e-01 8.468837445630639227e-01 8.061103806249237946e-01 8.855279585302703316e-01 8.962122869921878010e-01 9.048791135273691610e-01 8.918990742219613521e-01 8.429612405458536406e-01 9.359253320230729312e-01 9.417594527547475947e-01 9.089624759064629522e-01 8.663285461690637401e-01 9.026870785272277375e-01 8.960431335964570421e-01 8.960211998419843615e-01 9.211239678351211824e-01 9.219755965187990121e-01 9.351576931504165247e-01 9.040949505133135666e-01 9.400409626759539394e-01 9.402068767675808569e-01 9.132686078407850072e-01 9.420849896311372929e-01 9.365696305259076926e-01 9.367910305998193854e-01 9.408980390079794143e-01 9.431734319067560657e-01 9.338441488978069804e-01 9.220219400940129484e-01 9.281431069343392126e-01 9.112176727998800851e-01 9.288254362040546663e-01 9.275139012579494135e-01 9.150475158502708872e-01 9.399319521758106033e-01 9.210431096196487477e-01 9.399121525224093388e-01 9.199746481306791956e-01 9.356713047191708155e-01 9.397722840841523650e-01 9.263749751552076139e-01 9.325103122346122264e-01 9.353491453939498657e-01 9.340051362410274338e-01 9.355795257359296180e-01 9.438907865909182959e-01 9.451732274999367078e-01 9.422406307169439721e-01 9.392584123724567746e-01 9.465442802805050793e-01 9.470465678417647748e-01 9.270429330874468965e-01 9.431610367251319627e-01 9.468792313246753301e-01 9.480158622487346864e-01 9.463937250747826990e-01 9.350474872226191003e-01 9.463546966388783899e-01 9.456999665459366877e-01 9.486000658611585257e-01 9.490030051350798468e-01 9.438408124019139755e-01 9.447941902149653570e-01 9.370355770695453224e-01 9.398307533288984272e-01 9.459492939994745830e-01 9.478177121904372004e-01 9.486395126712845460e-01 9.424325086435891841e-01 9.438799736714977850e-01 9.509462933427257347e-01 9.489837141350495608e-01 9.492028647232138017e-01 9.477222856072089474e-01 9.474412186181516704e-01 9.342659084257699531e-01 9.331701189223896575e-01 9.454297650238494555e-01 9.457722398827657084e-01 9.454004859904963087e-01 9.458251845825607074e-01 9.447632300204762412e-01 9.489557866867820435e-01 9.480030700855233139e-01 9.363972373991447107e-01 9.436510896763119494e-01 9.472957249029517746e-01 9.460330737464173190e-01 9.469165510810009234e-01 9.444561107852946780e-01 9.457762107174155775e-01 9.439305590790343370e-01 9.469783497905539527e-01 9.412543456033319877e-01 9.419787979813383227e-01
2.907840716265441133e-03 1.334697080307568340e-01 3.634761974943602758e-01 5.855394823507399371e-01 4.408951959165592904e-01 5.306122704455071837e-01 7.027651878645724270e-01 6.785723059762347464e-01 7.625148836566991717e-01 7.336554341633321208e-01 7.854401877291965484e-01 8.229385403964670775e-01 1.000000000000000000e+00 7.286302460180795748e-01 8.405466477607749232e-01 8.245492311956451603e-01 7.584007895366872143e-01 7.765733172974597087e-01 8.069509949976116925e-01 7.119024655311454453e-01 7.712083969438138231e-01 8.136073521970187405e-01 7.706296165712591684e-01 7.252425941052862424e-01 7.984301488929760326e-01 8.038351802288289383e-01 8.059445795474358132e-01 7.880031559732536550e-01 7.393005061442057269e-01 8.475885705293231265e-01 8.500583848589002844e-01 8.136234632815032564e-01 7.619711957761289289e-01 8.120749296340058487e-01 8.059976074729501283e-01 7.979661891909168858e-01 8.285995137581966263e-01 8.340229931362136417e-01 8.451134225696923519e-01 8.007253107934816372e-01 8.494106368730489631e-01 8.472423208919620530e-01 8.289385579862880160e-01 8.576076849965119653e-01 8.405597827050826920e-01 8.510628085055168546e-01 8.571210559618966940e-01 8.575732700573891476e-01 8.533356263726979973e-01 8.327211928640080307e-01 8.385048004917960984e-01 8.297767177077874923e-01 8.418918558671981689e-01 8.497552314491474412e-01 8.421943566747442933e-01 8.484856218268328476e-01 8.427173511295477093e-01 8.598989239044717570e-01 8.423576063540948455e-01 8.594644605304815332e-01 8.588531074080641980e-01 8.532128209686612452e-01 8.498047589277679670e-01 8.566027317554655296e-01 8.466075677858492243e-01 8.524125542202763972e-01 8.589828727922883544e-01 8.601171333876267422e-01 8.529687600686400861e-01 8.545254360226134382e-01 8.638380533150733509e-01 8.595723052460162439e-01 8.411866263886845774e-01 8.556180658827697849e-01 8.574760435608065334e-01 8.573154934293931717e-01 8.496071489230223595e-01 8.345795817918709725e-01 8.558260145369219751e-01 8.612950466432750529e-01 8.565155130343370393e-01 8.621167133129166160e-01 8.522319894888219505e-01 8.534068123434057629e-01 8.459108454333088556e-01 8.488676368311259823e-01 8.542135480297271544e-01 8.587916616621622534e-01 8.602553363148738308e-01 8.506744902730672964e-01 8.430297618660184122e-01 8.603800461612889361e-01 8.600305915274850665e-01 8.607902387730852478e-01 8.637797745181137188e-01 8.631163459104042035e-01 8.459697893314040984e-01 8.470761442841766575e-01 8.592303200937667640e-01 8.572169367630506631e-01 8.554542514309668721e-01 8.602924509041551815e-01 8.591645963403362618e-01 8.650780189778098928e-01 8.596721135598572872e-01 8.568006532987149093e-01 8.596314701172625972e-01 8.622825707166157372e-01 8.629164962408728545e-01 8.649088606068935370e-01 8.618857445282293028e-01 8.632815419879640295e-01 8.631980219173772673e-01 8.624738006688578151e-01 8.556770784235986360e-01 8.598837921648149196e-01
