1.000000000000000000e+00 1.417390813501652191e-01 1.639218443493714317e-01 1.035480624889574819e-01 5.207236355386919008e-02 3.552860165498421263e-02 6.747572656288777782e-02 6.306407434861319161e-02 9.487694556516337863e-02 7.380964746401263987e-02 6.738280064223364785e-02 3.395375703004654272e-02 1.832032879050662227e-02 2.023443907840055331e-02 2.405527148671944213e-02 2.156840757259888622e-02 5.749502912466995797e-02 1.649565814612881376e-01 1.252902463838205249e-01 1.372862851422616826e-01 1.380954754095723436e-01 1.475295632182030692e-01 1.446347246165497202e-01 1.688031025003695618e-01 1.535465136768546235e-01 9.792842625964594261e-02 4.937702270106513608e-02 2.072048016121126601e-02 5.602093517880820522e-02 1.186742635182025940e-01 8.900707655205225555e-02 7.232522146156811216e-02 4.080579806498151052e-02 8.276398357258933636e-02 8.560996805419474054e-02 5.152892097626200069e-02 6.329055397049780651e-02 3.194156080227574662e-02 2.432104471015332156e-02 1.825761035806964389e-02 2.970994389766551738e-02 -4.932372103989728258e-03 1.139163088455623189e-02 2.349485181938680903e-02 3.955009386014057132e-02 1.866563933004103046e-02 2.025162523345565291e-02 2.522186516177007259e-02 3.496377517167903459e-02 4.388632579292366109e-02 1.853260962293137859e-02 1.249207384667148577e-02 3.467252977246956802e-02 3.290725648899314737e-02 5.350563436861031225e-02 5.594375047500175363e-02 5.553375073421154551e-02 2.752215026116565030e-02 3.201228315724552465e-02 2.949105249678524859e-02 2.221010317471785664e-02 3.676706905409532489e-02 4.325436339424849203e-02 2.490201808552256965e-02 4.638755074373437232e-02 4.304814099280031281e-02 1.716953617924014269e-02 3.972644903414727924e-02 4.860029791459409554e-02 5.422027463760500238e-02 5.125292783909287525e-02 5.397812356727689498e-02 6.736265175393919835e-02 7.078411044864034440e-02 3.297383065442567596e-02 2.006714485604240913e-02 1.560541987112843212e-02 2.051066742463497281e-02 4.348214484247106548e-02 5.346776243512836591e-02 4.557878421919191181e-02 4.087728521596846465e-02 4.175951284589555362e-02 3.765285449182347727e-02 3.399566841915283022e-02 4.633866584174880371e-02 3.102769664205090941e-02 1.913743005230714861e-02 2.144412306235508534e-02 3.504674159807654593e-02 1.008584689275201542e-02 9.357476458821572737e-03 1.455474207857868595e-02 1.129504473067596999e-02 8.196246913799401512e-03 1.380698904735091527e-02 1.303875283588787348e-02 4.250757902456397258e-02 1.892382493447288677e-02 1.859003115807419601e-02 3.175240699120002955e-03 2.369910932149954519e-02 1.150062156282424287e-02 9.888182757819592369e-03 1.193559738383319704e-02 3.077379511978790838e-02 3.096849714731223641e-02 2.250797712333700920e-02 2.365257798829746225e-02 1.368951071620766458e-02 1.634599305355718610e-02 2.071711628555485130e-02 1.860245378375887521e-02 1.699529749324794892e-02 2.205645178707037884e-02 2.354748618542631955e-02
1.417390813501652191e-01 1.000000000000000000e+00 1.251261137503930920e-01 1.095621644151460322e-01 8.034777734356246537e-02 1.026894729581865340e-01 1.396191235224532590e-01 1.111349288027781296e-01 1.986269576168565032e-01 2.078963464003028006e-01 1.704438369153654931e-01 1.426865965936425784e-01 1.287676687263249464e-01 1.615906090560046970e-01 1.453353139074050338e-01 1.353027416085641754e-01 1.576495215091107682e-01 2.328630977901274268e-01 2.253188022955966707e-01 1.532085988561102396e-01 1.794935608592447551e-01 2.243374420505763744e-01 2.128760428634135782e-01 2.108711824927565204e-01 2.346491989294247071e-01 2.120009135584043913e-01 1.525411301034413358e-01 1.332285879607206791e-01 1.279458805944726496e-01 2.138458769418868921e-01 2.032372681773114143e-01 1.700777340588977837e-01 1.462502051239014111e-01 1.735797828536391196e-01 1.922753979091018084e-01 1.545164962602410264e-01 1.808118161109534550e-01 1.533683321973678126e-01 1.568290630867517632e-01 1.315847511952259463e-01 1.414235284001749970e-01 1.311028992602824295e-01 1.271325696059590060e-01 1.500443144879242408e-01 1.675521504236992809e-01 1.539399334168824740e-01 1.535208851761743765e-01 1.636657686934600286e-01 1.582560345797766888e-01 1.422473616738919033e-01 1.499683166229596465e-01 1.152799202875091633e-01 1.512133179157040264e-01 1.742880560299413240e-01 1.817600961406296567e-01 1.853676985336963623e-01 1.601826512516462964e-01 1.555832299117273776e-01 1.685039138499841160e-01 1.613637314349373186e-01 1.520812004917315996e-01 1.680205660715444749e-01 1.632389613902127667e-01 1.583073536866045072e-01 1.668109339482933273e-01 1.694140647624527429e-01 1.621368698035228206e-01 1.763006528235613324e-01 1.748679508725382581e-01 1.789103549481461108e-01 1.822942800160576859e-01 1.875603638627885150e-01 1.826967127355426102e-01 1.997668673374641546e-01 1.735778760026841783e-01 1.589905788257050534e-01 1.492674368889303493e-01 1.465729620594028448e-01 1.724069912845500874e-01 1.855305146060869936e-01 1.821023331754200170e-01 1.797472005174318155e-01 1.729655036658937772e-01 1.772078966833416092e-01 1.621769922675627418e-01 1.733781774659959307e-01 1.659958003526672554e-01 1.569136227378799542e-01 1.596352257578839695e-01 1.697357109269806708e-01 1.525301138747680862e-01 1.473995003745590393e-01 1.548000039454256738e-01 1.536195973253303426e-01 1.482115167656587462e-01 1.572976983594414346e-01 1.357634250325980840e-01 1.521697248210610587e-01 1.464215060566732562e-01 1.459475245568161716e-01 1.378155122424402079e-01 1.484408699768096085e-01 1.491003736338034902e-01 1.472827544640538389e-01 1.475410354089813914e-01 1.565653984662826181e-01 1.620477527488206060e-01 1.679173384721885376e-01 1.602962842566505453e-01 1.515855593520392675e-01 1.498210572899664750e-01 1.557061867786575515e-01 1.535837056141141910e-01 1.564935300575234778e-01 1.588706465515133670e-01 1.555498547024798117e-01
1.639218443493714317e-01 1.251261137503930920e-01 1.000000000000000000e+00 4.423481439751087430e-01 2.558546429921297327e-01 2.550372232251746363e-01 4.301263493715522523e-01 4.182066974608968368e-01 3.690877027116820641e-01 3.463080051932254100e-01 4.188471729090616491e-01 3.899330471940023468e-01 3.218320508191192530e-01 3.302693265210384643e-01 3.785836993274900308e-01 3.901877403931804933e-01 3.597564951556239121e-01 4.896992869737578080e-01 4.611550141631788891e-01 4.958138294720659811e-01 5.269741605241899940e-01 5.054651474921293408e-01 4.729453410444359185e-01 4.953383728928525964e-01 4.705326901665607409e-01 4.335172115304239404e-01 3.969424505949582516e-01 3.818398225676822855e-01 3.579192586782591334e-01 4.633712829059362659e-01 4.352179734125651844e-01 4.520086879415671222e-01 4.551059713551073305e-01 4.446046348141922677e-01 4.410959985366539327e-01 4.286127372842459815e-01 4.066684010192624377e-01 4.174880762742785856e-01 3.964232747318316985e-01 4.247992507356093683e-01 3.970595877973145948e-01 3.582277802887552376e-01 3.839217802934766777e-01 3.984783813840790945e-01 4.108309289890335059e-01 3.798101250706727994e-01 3.650781314626804219e-01 3.603107404911236045e-01 3.970288835571081365e-01 4.107295790782444778e-01 3.936633720999307418e-01 3.803264821391854067e-01 3.962991247767678193e-01 3.661399918277752907e-01 3.965390551631212124e-01 4.043090968701227306e-01 4.228556459554725921e-01 3.766491285447770010e-01 3.834981587118083124e-01 3.733677695693471410e-01 3.876432336312194415e-01 3.884894016015807972e-01 4.042865629404385208e-01 3.897750791811009918e-01 3.763441247589008332e-01 3.875997924370239156e-01 3.542364881431018797e-01 3.872122194535838058e-01 3.992511952910885453e-01 4.200161743447528018e-01 4.112326728016303945e-01 3.990050582574456994e-01 4.191535729384368580e-01 4.206558307338000846e-01 3.784892827270091575e-01 3.681920358736937016e-01 3.643065839924193861e-01 3.492548157321005986e-01 3.899223870275609349e-01 3.867690630156300768e-01 3.742348395454457854e-01 3.810224972409588795e-01 3.980380211282178449e-01 3.891921132237781689e-01 3.761360504402922467e-01 3.989341291429682745e-01 3.880078536992205840e-01 3.761958346554358235e-01 3.714046282645129815e-01 3.883488869727168558e-01 3.780224230593937085e-01 3.595010834935015720e-01 3.677542458515961066e-01 3.626227604032218332e-01 3.461255189943894250e-01 3.465673726801653531e-01 3.861828146983036225e-01 3.779368849676932318e-01 3.646711892877027572e-01 3.726306722304091879e-01 3.602031438706491673e-01 3.743489382189935655e-01 3.601497476403145437e-01 3.558919481154286246e-01 3.657912574464312061e-01 3.803812461921488586e-01 3.697192439726258439e-01 3.523794115069837640e-01 3.704603384179751546e-01 3.526148015037247618e-01 3.678791386259009366e-01 3.553072246844048432e-01 3.608047025967521804e-01 3.640240996263873208e-01 3.533293217720855361e-01 3.591292276352840429e-01
1.035480624889574819e-01 1.095621644151460322e-01 4.423481439751087430e-01 1.000000000000000000e+00 4.049768095073990604e-01 4.309310156655429269e-01 6.463666220153674313e-01 6.170150587439253709e-01 5.499230978791710411e-01 4.954468103299202175e-01 6.130159949315493462e-01 6.450827417733868696e-01 5.779097430618942433e-01 5.529695647269543546e-01 6.375422376914378075e-01 6.326713012957319027e-01 5.471070110804432396e-01 5.586193301397641697e-01 5.743940370368979531e-01 6.912709767349798362e-01 6.794547604816817410e-01 6.197540952200303321e-01 5.614916335900113076e-01 5.657589792979106358e-01 5.275724967680748279e-01 5.989588524423503646e-01 6.440365086548269780e-01 6.427012409300452145e-01 6.197686752206422733e-01 5.952284213859019291e-01 6.345526741323130882e-01 6.347865592188910444e-01 6.099958559243688905e-01 6.046084702410080558e-01 6.016050384328840428e-01 6.149945601210085044e-01 5.984807035720235424e-01 6.237469720202483137e-01 6.164770709034517182e-01 6.327379566619674156e-01 6.317705195616105662e-01 6.151475894998345018e-01 6.272759828082253852e-01 6.431369841592183834e-01 6.347729941789781449e-01 6.224247234501522064e-01 6.082525470977268034e-01 5.952171148328453398e-01 6.111586808840687723e-01 6.067810688061494595e-01 6.150879257147220391e-01 6.425151157564575888e-01 6.388579199126753760e-01 5.870135938964133882e-01 5.933411360037528226e-01 6.041459601981463701e-01 6.270206060100729228e-01 6.053922548908347023e-01 5.943200141147463311e-01 6.119318675914118266e-01 6.157738735053852608e-01 6.134258118153362860e-01 6.170641047791638467e-01 6.118503454057031554e-01 6.090183796056848342e-01 6.213846972627149468e-01 5.964002284677769605e-01 6.101654096895675616e-01 6.218349306532521270e-01 6.545003130202178276e-01 6.390494427080798401e-01 6.047260458104186664e-01 6.258496389277806715e-01 6.098941715096195537e-01 6.176292381580691382e-01 6.140802540504278761e-01 6.282988878117126141e-01 6.203429778300199038e-01 6.214350515465478786e-01 6.044508531709096300e-01 5.965974021861152332e-01 6.122315608309916168e-01 6.232103694238725344e-01 6.111369954665321069e-01 6.018983602575098679e-01 6.218495638781615931e-01 6.197262017975178061e-01 6.161641990095658716e-01 6.111560597385942151e-01 6.211416605994050100e-01 6.222190842147429235e-01 6.120627676710125309e-01 6.123960849294091124e-01 6.141680165463161423e-01 5.946726788215420667e-01 5.910415006582668829e-01 6.298449809584939496e-01 6.237258681681838723e-01 6.140128104120332608e-01 6.202806264228459820e-01 6.205109458598462302e-01 6.225759714855817473e-01 6.136755016212533942e-01 6.082740484229054445e-01 6.163307671065265669e-01 6.242263225904401969e-01 6.107314574684529207e-01 5.929197016305913781e-01 6.111632608022358193e-01 6.028488835140465296e-01 6.115496215158672255e-01 6.038793957813703983e-01 6.091430256380693242e-01 6.109593921869069799e-01 5.951542609068670719e-01 6.133993346659124546e-01
5.207236355386919008e-02 8.034777734356246537e-02 2.558546429921297327e-01 4.049768095073990604e-01 1.000000000000000000e+00 3.235733989027634872e-01 5.063750331976469843e-01 4.762168121437000967e-01 4.471674775244385280e-01 4.014693285157488467e-01 4.746210487313093918e-01 5.156685144681844024e-01 4.973036505089754034e-01 4.605146145989509332e-01 5.171370962603104582e-01 5.177624173885457814e-01 4.466780355683835357e-01 4.115816793594823664e-01 4.314556675589677481e-01 4.759117541533870455e-01 4.667477369514445584e-01 4.443776505942708122e-01 4.191044573796249839e-01 4.008775678556932287e-01 3.803995932315318296e-01 4.803683461665981813e-01 5.116351516229010743e-01 4.949451455240447273e-01 4.401203947568063102e-01 4.516898715390167407e-01 4.903928466109139794e-01 4.904410021751374749e-01 4.348742440248482000e-01 4.659447263378946880e-01 4.616137336488882470e-01 4.622413454733887428e-01 4.728409876735223949e-01 4.999052601292112152e-01 4.900562749395579454e-01 4.780399384477381775e-01 5.133559762994783782e-01 5.071470036711721585e-01 4.902898972719321735e-01 5.131670129093718336e-01 5.067014271557196414e-01 4.979545743681059733e-01 5.107575348330072318e-01 4.960355030641873664e-01 4.947925169536434020e-01 4.848943852321542236e-01 5.015628559614224713e-01 5.017121308283751802e-01 5.143418471437641859e-01 4.908696613687984489e-01 4.913800286616754054e-01 4.985730586772182393e-01 4.874589192489021672e-01 5.088229522610013822e-01 4.936568368089949144e-01 5.081885094063111064e-01 5.031532479740744579e-01 4.985895207356509373e-01 4.922201487007410448e-01 4.928550425686896719e-01 5.019550725714594375e-01 5.060864206133028897e-01 5.033322809413707244e-01 5.023657319847902869e-01 5.039587916151024860e-01 5.173971689691462261e-01 5.080620590855351448e-01 4.928413504773113130e-01 4.942253538705708160e-01 4.905475245813117890e-01 5.146055373055257176e-01 5.040848359004098667e-01 5.069985558012265470e-01 4.948204194772652942e-01 4.998163128619379503e-01 4.999757682769792044e-01 4.947085947904862890e-01 5.042249376691457785e-01 5.071741149373346635e-01 4.963039328696730035e-01 5.013224543977771175e-01 5.019807464321137669e-01 5.012621005128311547e-01 5.098901807262153918e-01 5.042323367988491567e-01 5.128624695046584137e-01 5.027753957639002902e-01 5.085091510555906913e-01 5.076510543839942713e-01 5.035571734208941219e-01 5.017997906235496242e-01 5.015869245141330035e-01 5.107094908179788950e-01 5.085678719378099455e-01 5.070515500967761602e-01 5.107676565185936823e-01 5.092394590204871729e-01 5.081180417322119780e-01 5.112936733053951022e-01 5.096012039829506124e-01 5.112315713923066829e-01 5.072016325398772674e-01 5.094275103386441961e-01 5.027392280351972165e-01 5.122663748445975829e-01 5.048523572817211758e-01 5.085224687596112680e-01 5.081888473274693840e-01 5.063828236207020828e-01 5.087032845878013410e-01 5.027742283987524097e-01 5.103522559115555302e-01
3.552860165498421263e-02 1.026894729581865340e-01 2.550372232251746363e-01 4.309310156655429269e-01 3.235733989027634872e-01 1.000000000000000000e+00 5.675457940598068740e-01 5.329377694926643594e-01 5.361502730090988988e-01 4.985084582251574359e-01 5.393733844605046457e-01 5.842984815761028683e-01 5.449334950415184453e-01 5.494528623537583423e-01 5.968461112421146186e-01 5.867758855352529501e-01 5.207391881406624456e-01 4.899779590678064456e-01 5.286549089327406969e-01 4.982831323348432262e-01 5.199931374390261984e-01 5.366523402119264263e-01 5.073560563812899993e-01 4.919736818110008736e-01 4.801313703395603816e-01 5.681910216550379866e-01 5.839281567104008808e-01 5.863202715561702805e-01 5.435975107280641705e-01 5.620521591187396249e-01 5.840133542165387714e-01 5.951647448423970088e-01 5.632594984786147840e-01 5.842231755116860104e-01 5.663345163751684064e-01 5.672341029006896518e-01 5.708751042352598892e-01 6.072725768604637642e-01 6.032114584679063585e-01 5.903894808887071299e-01 6.145253375333195045e-01 6.017449369367227074e-01 5.907878964075639061e-01 6.107617405840815028e-01 6.091459963912532194e-01 6.075546607545282418e-01 6.054994985785435713e-01 6.073535926906195037e-01 6.035209252185333995e-01 5.778915974178107096e-01 6.056535538913460082e-01 5.808157474126142139e-01 5.956940626346199918e-01 6.023218571810700084e-01 6.028766445793143358e-01 6.058425326809694367e-01 5.942691853003396751e-01 6.061049693008999650e-01 6.052313068973401711e-01 6.013528630514783924e-01 6.042135269290758171e-01 6.064499559596440159e-01 6.053901013699759526e-01 6.042944063719580816e-01 5.943502386896880596e-01 6.030292822517203666e-01 6.038829939084389142e-01 6.089045226272619127e-01 6.086770430737883375e-01 6.048245375895550113e-01 6.070867224398618367e-01 6.029558330462397864e-01 6.023265445275476360e-01 5.922979594507493672e-01 6.099321834954803956e-01 6.079201577169874859e-01 6.149473936331710799e-01 6.032518020357391375e-01 6.118185618558975580e-01 6.015960870901830848e-01 5.939864475995303428e-01 6.006159144462394073e-01 6.111656303293957482e-01 6.026350602679675372e-01 6.012230785032004476e-01 6.108181120782565365e-01 6.060318865167308999e-01 6.145827171747845208e-01 6.094844123082481246e-01 6.114017779662935803e-01 6.110462065495309014e-01 6.124223332132721076e-01 6.107650951274600226e-01 6.164743895823923125e-01 6.070192715725640786e-01 6.056312130843894970e-01 6.105568219566687160e-01 5.921029612707999767e-01 6.108317271876213539e-01 6.121339484942784903e-01 6.133295256058857170e-01 6.127647584009278114e-01 6.068437517841698270e-01 6.083246014129646273e-01 6.054256762417905557e-01 6.054485488924037373e-01 6.096292616220024829e-01 6.064536466828388539e-01 6.125104299144809028e-01 6.096100975471093752e-01 6.145434168270842434e-01 6.053719701178672530e-01 6.102341663417556461e-01 6.080617357863549177e-01 5.997288949693133642e-01 6.023986193615479268e-01
6.747572656288777782e-02 1.396191235224532590e-01 4.301263493715522523e-01 6.463666220153674313e-01 5.063750331976469843e-01 5.675457940598068740e-01 1.000000000000000000e+00 7.499786837862059130e-01 7.085776678394611894e-01 6.585669775612724708e-01 7.594858900490426556e-01 8.065752781798776194e-01 7.405880548026376742e-01 7.216888799534360022e-01 8.469184124450570561e-01 8.180970021463263020e-01 7.307990642254905689e-01 6.853682599236815554e-01 7.283896610437589070e-01 7.739293759241683279e-01 7.494469292038266062e-01 7.474247859743220479e-01 7.135977794294466880e-01 6.746425410238446885e-01 6.510568971032860697e-01 7.890513147815224615e-01 8.177935726054310628e-01 8.223424444989445581e-01 7.526827279587635644e-01 7.744072306176753573e-01 8.100885233771885074e-01 8.139458169971405255e-01 7.836259988878199190e-01 7.855922436826683342e-01 7.807292752548659065e-01 7.805204366752717116e-01 7.869416969712177412e-01 8.217559600750106164e-01 8.149093468209159807e-01 8.147535422042238018e-01 8.214447830325608546e-01 8.108567772936086104e-01 8.106399641339305795e-01 8.283399080560790440e-01 8.196527072620193310e-01 8.185248514850064216e-01 8.056393617702179988e-01 7.924549721251529233e-01 8.043854683154032514e-01 7.826619566065976530e-01 8.109224162377766110e-01 7.897805557603407856e-01 8.129383971606485293e-01 7.911327329032374900e-01 7.968625555837673957e-01 8.096766993703157222e-01 8.036825597582486491e-01 8.027957921936008656e-01 7.977723765620651220e-01 7.979911862741009276e-01 8.105737818385497784e-01 8.047573016573715821e-01 8.123320804442261123e-01 8.061752037277229999e-01 7.943110847625455273e-01 8.036427104129331145e-01 7.962787328721884217e-01 8.065982106635607440e-01 8.136591627228595414e-01 8.281729423712009819e-01 8.127472811145444176e-01 7.960215416884143247e-01 8.034418953088156012e-01 7.896265067036997154e-01 8.185499354651400994e-01 8.090910551056569311e-01 8.229305886439755024e-01 8.056420516685983690e-01 8.181148605696699772e-01 8.055503777357858608e-01 7.996239880026106972e-01 8.082568284978478568e-01 8.132855933074386590e-01 8.097730408222797438e-01 7.983514404647465978e-01 8.129371645295874194e-01 8.130337547744005411e-01 8.160941271705373090e-01 8.106298853276693306e-01 8.178849580325950885e-01 8.173141092836531119e-01 8.113237141136268038e-01 8.073076565523983339e-01 8.120349826738190169e-01 7.966047981773566322e-01 7.939401850431820895e-01 8.197794440041989983e-01 8.061074719808274391e-01 8.146987853264602286e-01 8.168048641360479145e-01 8.190743213221185481e-01 8.182935212919318912e-01 8.037037888780030892e-01 8.054760615493280485e-01 8.079325405224840884e-01 8.132153932969329313e-01 8.081231715166723450e-01 7.978333545006696115e-01 8.125428253187955141e-01 8.028336783092656637e-01 8.111068832700143449e-01 7.993176147266410903e-01 8.060789348263455167e-01 8.084796675406333843e-01 7.921708288191645631e-01 8.017028647387774987e-01
6.306407434861319161e-02 1.111349288027781296e-01 4.182066974608968368e-01 6.170150587439253709e-01 4.762168121437000967e-01 5.329377694926643594e-01 7.499786837862059130e-01 1.000000000000000000e+00 7.012725207015321205e-01 6.449305937475074968e-01 7.430727082828899599e-01 7.794231896129077963e-01 7.264340775522679650e-01 7.007878602610504437e-01 8.022785796006006720e-01 8.015350137864063473e-01 6.996521014632702817e-01 6.917961871672194674e-01 7.169998357300986225e-01 7.316119239009009068e-01 7.315739396627148894e-01 7.430246512635539924e-01 7.079938787932164024e-01 6.742916913227301468e-01 6.528451283851202103e-01 7.659274419919919197e-01 7.826219436906386440e-01 7.655935156230214700e-01 7.008685107798631186e-01 7.656225663467807196e-01 7.861306712317607248e-01 8.027292955683336118e-01 7.427330785185962680e-01 7.842616375148699914e-01 7.710275572270529620e-01 7.594485028989913511e-01 7.688757121343977596e-01 8.055351853420090746e-01 7.957342575251776795e-01 7.837050316966992503e-01 7.961606316655578386e-01 7.839254115338166740e-01 7.865712662405348610e-01 8.071177502898827516e-01 7.964911957026523659e-01 7.938773345023660832e-01 7.902721551730388372e-01 7.801307393157447256e-01 7.924603024388714445e-01 7.828737676341210872e-01 8.054154788377920760e-01 7.757283204524909603e-01 7.921454338795721473e-01 7.752543463464919293e-01 7.934821948021602012e-01 7.943607014072188166e-01 7.923162825268865728e-01 7.976405114350816339e-01 7.926608901111408256e-01 7.833632815484046219e-01 8.005269686067751911e-01 7.921060073659733636e-01 8.061012877083469919e-01 7.895917422776093098e-01 7.761973994253759113e-01 7.878967648309832539e-01 7.803128847869084117e-01 7.919478170948117679e-01 7.957728375812630484e-01 8.048952404143945305e-01 8.009434481564378094e-01 7.849100851523410638e-01 7.858835879044866468e-01 7.822503017538081638e-01 7.958079841787134567e-01 7.864742127664637872e-01 7.873909017357776374e-01 7.692062355646528404e-01 7.943978732606493676e-01 7.884229335778057957e-01 7.833311201139905311e-01 7.895207589874905230e-01 7.962294521963642069e-01 7.933101392678189034e-01 7.877033225197140887e-01 7.992669621618417874e-01 7.929424522287301658e-01 7.968920646643907757e-01 7.923731987205270277e-01 7.964213954236999404e-01 7.878430304660863914e-01 7.906130940109769023e-01 7.908430892310139848e-01 7.911675229120692654e-01 7.811211888969943340e-01 7.783345237991957655e-01 8.041046294376246184e-01 7.969224324528008108e-01 7.975478907578001930e-01 8.013806786944199789e-01 7.946210189508098320e-01 8.057175309209878566e-01 7.882486196753976104e-01 7.928739786345326834e-01 7.914051038115426095e-01 7.981937742215351461e-01 7.951189726627356791e-01 7.806692435553943543e-01 7.968263692766791584e-01 7.872509920507551051e-01 7.980672957850365457e-01 7.843657925514647689e-01 7.904688434958345722e-01 7.932744645072326017e-01 7.754145925113449245e-01 7.869847378670353777e-01
9.487694556516337863e-02 1.986269576168565032e-01 3.690877027116820641e-01 5.499230978791710411e-01 4.471674775244385280e-01 5.361502730090988988e-01 7.085776678394611894e-01 7.012725207015321205e-01 1.000000000000000000e+00 7.656013389530665902e-01 7.847304500734392230e-01 8.275556768860214962e-01 7.762356967175981781e-01 7.838494172193964937e-01 8.339801604844450100e-01 8.310026645639037035e-01 7.916372522464775185e-01 7.312532481849941535e-01 7.806152504982865059e-01 6.774725025855653504e-01 7.058250042593178231e-01 7.764773557795475734e-01 7.568526739472574150e-01 7.172248839408994492e-01 7.243795743433939505e-01 8.255695174312567275e-01 8.145598141879057952e-01 7.913374470261306248e-01 7.049679053922450755e-01 8.352517308786726602e-01 8.616860607800977956e-01 8.475178412646104942e-01 7.618789242014442076e-01 8.361366873502592556e-01 8.282646166328182513e-01 7.935752385426617650e-01 8.418221396388511080e-01 8.382099470042937428e-01 8.565907958022093149e-01 7.998683599867741911e-01 8.603058107774272933e-01 8.333656052070375075e-01 8.035636586213680266e-01 8.618413722922255715e-01 8.614048896752748430e-01 8.590200149441742372e-01 8.741936263913809846e-01 8.823836802020639247e-01 8.688588630810131219e-01 8.042131909601336615e-01 8.476223297041483029e-01 7.979682405111073740e-01 8.567071860242798653e-01 8.834009050899466198e-01 8.726484269531769034e-01 8.735177221335602704e-01 8.518396535717792650e-01 8.661248890392699851e-01 8.692542514191947678e-01 8.821561765816908762e-01 8.665351017980212900e-01 8.783264742374604639e-01 8.571111619595154218e-01 8.676016265595143384e-01 8.770955718892919917e-01 8.754204359444173189e-01 8.762617718250454990e-01 8.780245215333778441e-01 8.747984080510359250e-01 8.669624136208037291e-01 8.668180249604745535e-01 8.761364608725431546e-01 8.674528299911669071e-01 8.645758484591004045e-01 8.743005064284519179e-01 8.714664822381145148e-01 8.563044693875410118e-01 8.341253659912163387e-01 8.716847767155284643e-01 8.806176211842402513e-01 8.778253577805585905e-01 8.808607822720324609e-01 8.734039647631252068e-01 8.764335736738747551e-01 8.519403229286405255e-01 8.718222636041630391e-01 8.708174565692139435e-01 8.668315991921758945e-01 8.737558682694643863e-01 8.728898945605407800e-01 8.564200831881229048e-01 8.685568797940526053e-01 8.704986756820550786e-01 8.678882219310990465e-01 8.730055533778794397e-01 8.773279673967760983e-01 8.460811103388710119e-01 8.479321096775039868e-01 8.654408406476519211e-01 8.582735726267406440e-01 8.540626974282259365e-01 8.629419503497069988e-01 8.663623269420309692e-01 8.676261879754709749e-01 8.626707557438554330e-01 8.701348131782864481e-01 8.776838516951026570e-01 8.794441684645949442e-01 8.736352570675315343e-01 8.745139020747261238e-01 8.682414413131066544e-01 8.797110753849706200e-01 8.744618882014848493e-01 8.743402099917020331e-01 8.740863704071020202e-01 8.746810214272677797e-01
7.380964746401263987e-02 2.078963464003028006e-01 3.463080051932254100e-01 4.954468103299202175e-01 4.014693285157488467e-01 4.985084582251574359e-01 6.585669775612724708e-01 6.449305937475074968e-01 7.656013389530665902e-01 1.000000000000000000e+00 7.351653792928172226e-01 7.694363861337859545e-01 7.141851565362299370e-01 7.425098298265490060e-01 7.774510548469274474e-01 7.814665344126363600e-01 7.471112766857719301e-01 7.110609583222254892e-01 7.575366068874933578e-01 6.261214572542002088e-01 6.599144669231515881e-01 7.500467542459707815e-01 7.378268677675791087e-01 7.001342263018687229e-01 7.096459730369688579e-01 7.767285546858475609e-01 7.626685411220130995e-01 7.369473810375996026e-01 6.389233161945991890e-01 8.009561190282180609e-01 8.184151787484498231e-01 8.026809093349374091e-01 7.396698782779039805e-01 8.000359310868276896e-01 7.954151555271324892e-01 7.540695863498390050e-01 8.028978242750188787e-01 7.945124074641124468e-01 8.098979491323146096e-01 7.675037864964645573e-01 8.060551039532083406e-01 7.823779230878633584e-01 7.547458554228603234e-01 8.109912489792742152e-01 8.193096604732553745e-01 8.063155984014858113e-01 8.180625588739534049e-01 8.285625440236309425e-01 8.162141598606585946e-01 7.514713285932926867e-01 7.933033571290686314e-01 7.345421485460431610e-01 7.949215662784971936e-01 8.288811479592230747e-01 8.249772435996427511e-01 8.281879289710138980e-01 7.983106068444966175e-01 8.170506284908823913e-01 8.207447263550140537e-01 8.198009038072487931e-01 8.122572350157297727e-01 8.242081396310948493e-01 8.083805256933729311e-01 8.150045517966864050e-01 8.141503972338157702e-01 8.165881457401036325e-01 8.211489984377263740e-01 8.281703423451055590e-01 8.250602444072918651e-01 8.117799954286807340e-01 8.184887673308094413e-01 8.332568087793803535e-01 8.192973489550080535e-01 8.246854628307485058e-01 8.185119788448665945e-01 8.186521639053084831e-01 7.999674140776367182e-01 7.701037139426539779e-01 8.148265483203392945e-01 8.275141521821232082e-01 8.286205093214149553e-01 8.281288094323835391e-01 8.236586079233347846e-01 8.282889538625156645e-01 7.997294324305106450e-01 8.204821745174464276e-01 8.225097756498814805e-01 8.164466867768817027e-01 8.231018625146591106e-01 8.215521990033780586e-01 8.091297617713635315e-01 8.141637818498225210e-01 8.181102434162391690e-01 8.156971317883943140e-01 8.155753465531104807e-01 8.222191812528391042e-01 7.919746947817785099e-01 7.816495476588029012e-01 8.077988365830637285e-01 8.023423177921112925e-01 8.004690156808921264e-01 8.047622491723568361e-01 8.074168809774990851e-01 8.107605000939074325e-01 8.032872342009682587e-01 8.098557086612540035e-01 8.182824814039810768e-01 8.258938687571787396e-01 8.200429726218432247e-01 8.172630004935202974e-01 8.148339703274907198e-01 8.199438022018652461e-01 8.183740863853878889e-01 8.168326120353489594e-01 8.185091362360494838e-01 8.136110226834686321e-01
6.738280064223364785e-02 1.704438369153654931e-01 4.188471729090616491e-01 6.130159949315493462e-01 4.746210487313093918e-01 5.393733844605046457e-01 7.594858900490426556e-01 7.430727082828899599e-01 7.847304500734392230e-01 7.351653792928172226e-01 1.000000000000000000e+00 8.500883096061565558e-01 7.618499171026235084e-01 7.749482700763057341e-01 8.488226289076595821e-01 8.391426521737708200e-01 7.870756482791220199e-01 7.647539892191455024e-01 8.047770511578095087e-01 7.524930345832654410e-01 7.705972782851907565e-01 8.101325289065556268e-01 7.839861989313735569e-01 7.557228639220576749e-01 7.516279724416685681e-01 8.378943842488413285e-01 8.324771117132433451e-01 8.128384182427642601e-01 7.228836638284272809e-01 8.408206844968620919e-01 8.720858530908220940e-01 8.651222944076771837e-01 8.042664704989829216e-01 8.459519803072637067e-01 8.304155278271327933e-01 8.249582426048057693e-01 8.479837388495915507e-01 8.529936855379065541e-01 8.592846416935456810e-01 8.387275116223535942e-01 8.641691221110220367e-01 8.439235527752052546e-01 8.312681190574805479e-01 8.680667099752711335e-01 8.726718575611664974e-01 8.593621786115355210e-01 8.652628481799656823e-01 8.610460311359670049e-01 8.639328105263343049e-01 8.186988619278183776e-01 8.540393256342643236e-01 8.184964170600360633e-01 8.609835379862821325e-01 8.594115530350107113e-01 8.634209561944068412e-01 8.696026432758822144e-01 8.534581668489473749e-01 8.623626228576265484e-01 8.619826696210900474e-01 8.632915144682132835e-01 8.656162161226861329e-01 8.663618968297566170e-01 8.587903040173393565e-01 8.643960808049065969e-01 8.571472484438134032e-01 8.651536424121417657e-01 8.592736341121844923e-01 8.719393154036593208e-01 8.752511978887683730e-01 8.767717136799694222e-01 8.767216985241382821e-01 8.717825223034106896e-01 8.699847466754728753e-01 8.714950490609083555e-01 8.699674436744412320e-01 8.665364786471019265e-01 8.576853474226137086e-01 8.288916625550674100e-01 8.658508347503945934e-01 8.686199389748062716e-01 8.632016311492362037e-01 8.687722177527883449e-01 8.707206317386988470e-01 8.685736056300598085e-01 8.474197662512167328e-01 8.678914809011625264e-01 8.703624547876711581e-01 8.641104968871912151e-01 8.668053443362624400e-01 8.726074857510343064e-01 8.646062963055137773e-01 8.624994605496091316e-01 8.663471345481545960e-01 8.646432927395594215e-01 8.574024890929937692e-01 8.587068511655362446e-01 8.573651764431186040e-01 8.427447838987044415e-01 8.584169246012487431e-01 8.564093958837482035e-01 8.575482598996868600e-01 8.601488587411657560e-01 8.598215559561322996e-01 8.584543869710680175e-01 8.569853395909574623e-01 8.629454419805228094e-01 8.646907081088458513e-01 8.595673429719021819e-01 8.674992264995834423e-01 8.605593552368506760e-01 8.648718596548096160e-01 8.600976382936891262e-01 8.616078378018260375e-01 8.625841353932074407e-01 8.560747879726070542e-01 8.601926232809756767e-01
3.395375703004654272e-02 1.426865965936425784e-01 3.899330471940023468e-01 6.450827417733868696e-01 5.156685144681844024e-01 5.842984815761028683e-01 8.065752781798776194e-01 7.794231896129077963e-01 8.275556768860214962e-01 7.694363861337859545e-01 8.500883096061565558e-01 1.000000000000000000e+00 8.443280219409224907e-01 8.473583159703990120e-01 9.283320915439466914e-01 9.114577862419602772e-01 8.342110826100849197e-01 7.365725037416337440e-01 7.996466009262906960e-01 7.617728463815781614e-01 7.802417105079512138e-01 8.108249796829238853e-01 7.701666216599742931e-01 7.224264756585965230e-01 7.184649143169261620e-01 8.614298946065956919e-01 9.048600391202840099e-01 8.937314380066623265e-01 7.988242994043196488e-01 8.537004153875064061e-01 9.079147984006662453e-01 9.041328521922368244e-01 8.449222857851198532e-01 8.815311439901911683e-01 8.743236647921301952e-01 8.758791698172113671e-01 8.976379656320048195e-01 9.172296705289367802e-01 9.292672162482252807e-01 8.952565077875882515e-01 9.388096129599334816e-01 9.314188050516056805e-01 9.076037811026909097e-01 9.458343752709502672e-01 9.340587846597990795e-01 9.364882844585731281e-01 9.410280388269665064e-01 9.348160606307736042e-01 9.300626088401611202e-01 8.819697589676517291e-01 9.258410895111144345e-01 9.044550369058432793e-01 9.375718018016466759e-01 9.239105771872135886e-01 9.133207174457163013e-01 9.217207529797656340e-01 9.117347115306478900e-01 9.330225868701974568e-01 9.262624577042655183e-01 9.380295961773670310e-01 9.345820896460848015e-01 9.320891766298423642e-01 9.219019685151708110e-01 9.333663527377521474e-01 9.290946446698169492e-01 9.346455907437151156e-01 9.381773203391831073e-01 9.361012565357575976e-01 9.342580073955789599e-01 9.391843437431367514e-01 9.371722673397036019e-01 9.265890324069869788e-01 9.155398085247330453e-01 9.104910091726069465e-01 9.421562948803242632e-01 9.430419505150985371e-01 9.418525892410489764e-01 9.190663158610893335e-01 9.316427663819675242e-01 9.277058038265725282e-01 9.293056223278370886e-01 9.370923863285230970e-01 9.398710234207378056e-01 9.344264048067972839e-01 9.160631112286433675e-01 9.322940020271056616e-01 9.427399240288516502e-01 9.407916647668922439e-01 9.429535756911973099e-01 9.401713980593525699e-01 9.406972472089616399e-01 9.451734483406184495e-01 9.420597831806318823e-01 9.448248045889506841e-01 9.400640075917823246e-01 9.392002990739345414e-01 9.313391486110424999e-01 9.224424449176382712e-01 9.367870895402701237e-01 9.355526644643531453e-01 9.406982159257513132e-01 9.359987430365105388e-01 9.434656496696698369e-01 9.430532819967023528e-01 9.411890992235720788e-01 9.383652939666690118e-01 9.411630775382566760e-01 9.372710407134106081e-01 9.406651425926911836e-01 9.410080124135965507e-01 9.391413197259487200e-01 9.418008635086775326e-01 9.413445271816993642e-01 9.441414257051378156e-01 9.383907780295952517e-01 9.435512508685652833e-01
1.832032879050662227e-02 1.287676687263249464e-01 3.218320508191192530e-01 5.779097430618942433e-01 4.973036505089754034e-01 5.449334950415184453e-01 7.405880548026376742e-01 7.264340775522679650e-01 7.762356967175981781e-01 7.141851565362299370e-01 7.618499171026235084e-01 8.443280219409224907e-01 1.000000000000000000e+00 7.754825771953922642e-01 8.625243390611224692e-01 8.592230768570126020e-01 7.689713842009122668e-01 6.662579823298460102e-01 7.279467340213883197e-01 6.909270162159585338e-01 6.990150626494404662e-01 7.370439167106612732e-01 7.070890775070375334e-01 6.545428945621789563e-01 6.559874709926223346e-01 7.906359385415961949e-01 8.233847909401018628e-01 8.140976097605436834e-01 7.307125342739947405e-01 7.842387849195484595e-01 8.356862495064917296e-01 8.254321851278407784e-01 7.535405490914611759e-01 8.051196095327769475e-01 7.928558275921940846e-01 7.943897793792011885e-01 8.203706179488352568e-01 8.352190129478933578e-01 8.547473580986717501e-01 8.109401627311674243e-01 8.641216195311838266e-01 8.595725390344880479e-01 8.361491896094093157e-01 8.703054329982670145e-01 8.616051888447743279e-01 8.633566124101713646e-01 8.741698701612757860e-01 8.707982919590547821e-01 8.575568752084163915e-01 8.020358239977312120e-01 8.511652601116056482e-01 8.324873767207275899e-01 8.606087149127619185e-01 8.633467755284147671e-01 8.494809053071454841e-01 8.530687542366718334e-01 8.379926171960121462e-01 8.657369042498641587e-01 8.544530401489778271e-01 8.752998868090152707e-01 8.693394855046885361e-01 8.670218074030410227e-01 8.496119007264484324e-01 8.637008839755980771e-01 8.603867143359700265e-01 8.655680386726892772e-01 8.720824208120999677e-01 8.666543504763319916e-01 8.631772011313703086e-01 8.633668290051317307e-01 8.621879795717416473e-01 8.593152459722843695e-01 8.463122788127936946e-01 8.405666865387713127e-01 8.706778055028348007e-01 8.712909437880416164e-01 8.658727976558003858e-01 8.468984590415093994e-01 8.615426206298815170e-01 8.640717554254632171e-01 8.608288273824424852e-01 8.699219290344452071e-01 8.659440570077030497e-01 8.602183805476300016e-01 8.429085478696758393e-01 8.575696201084671566e-01 8.670266449787108476e-01 8.690086727817319945e-01 8.716946188534934192e-01 8.705478123773741084e-01 8.629725050793504160e-01 8.746717610503013107e-01 8.756497093811949073e-01 8.745059505873643557e-01 8.731526703121617050e-01 8.733551705484733363e-01 8.579452756025187643e-01 8.511119749679719737e-01 8.692506242726717458e-01 8.623617137714670866e-01 8.731088759091937268e-01 8.666202865162074831e-01 8.739556955299303542e-01 8.757055052605573486e-01 8.724050256110671420e-01 8.683708824096726397e-01 8.707721894783500005e-01 8.702550576426139051e-01 8.729338811932700892e-01 8.751784191545476377e-01 8.692857252930746847e-01 8.774815896760594924e-01 8.750127058273589054e-01 8.752688769520782230e-01 8.716348814938607026e-01 8.755297763935451227e-01
