1.000000000000000000e+00 8.989700541628449504e-02 1.144757676650805661e-01 7.661110830374469327e-02 6.755027586389177052e-02 -3.689808049668890245e-03 1.431713904044997106e-02 6.357031440703518610e-02 1.251805329612363793e-01 3.506476901319199174e-02 6.768496895133835345e-02 2.192824221508360427e-02 3.803540067375701245e-02 7.352395371047505505e-03 5.465616932771616421e-03 4.215133301520319203e-02 1.035350237449580296e-01 6.101792501470185148e-02 4.781395349842779141e-02 1.061819382970301817e-01 8.849496498220266183e-02 8.235867864504124725e-02 8.005589912075848635e-02 6.099078514915266119e-02 6.236065562223614550e-02 7.149855291136827939e-02 6.953811608021671919e-02 6.388295387253041524e-02 1.058774102977209780e-01 6.144296382030471626e-02 6.156937216388919804e-02 5.925199032636770807e-02 1.740689835128624366e-02 3.437733695616767421e-02 3.378981558925703288e-02 4.150050122924590912e-02 3.419333807516655721e-02 2.684765351293573812e-02 1.179590477652787267e-02 -1.953438062444700848e-02 1.712713094479096504e-02 6.667518884943431784e-03 -1.664453334815025817e-02 2.669674802386045459e-02 2.261577757394487784e-02 1.604146121440824108e-02 7.782998379913692692e-03 2.881934067315282400e-02 2.642841857444102466e-02 2.633401699319533676e-02 5.341570525234681614e-03 2.130897455889707581e-02 2.494627090715764370e-02 3.763322891153176447e-02 3.353496920241665763e-02 3.609933094431565237e-02 5.327496130590361756e-02 8.924529999802107913e-03 3.469965427576750250e-03 4.692487161040616306e-02 1.969095928107617802e-03 2.844147620127008419e-02 2.269908948531754872e-02 4.562809650433109071e-02 7.498157592268166194e-02 4.852735891102488014e-02 2.967874732644682628e-02 2.464699669944518667e-02 2.463682321767573027e-02 3.819242523407154893e-02 1.959413785761801932e-02 2.723259877202870854e-02 2.909406416889605967e-02 1.716224606816769277e-02 2.773876181348463796e-02 2.379833066336600397e-02 1.979268134939866919e-02 5.193631810603357296e-02 2.427429662493243642e-02 2.818831875486431382e-02 2.479639880042108779e-02 2.159748294371691829e-02 4.191677226698808240e-02 1.527881480479399874e-02 -3.105812748780174153e-05 1.623123740429399664e-02 5.693003782571726470e-03 -3.611291586734725889e-03 1.019961549651472385e-02 2.394648343088546724e-02 -4.628712198376304203e-03 3.118554493905365335e-03 9.909889899750780676e-03 2.991094809362062745e-03 4.654386390237791674e-03 1.585311639524861899e-02 -1.690155759103164484e-02 3.731040507327742367e-02 -4.480076235888028231e-03 9.029752737424045703e-03 -1.020515633784519448e-02 9.106960411117189652e-03 1.540486589805853575e-02 8.470539142816641345e-03 1.336357983144349608e-02 3.620884461536092586e-02 2.245236698332368080e-02 1.545027560812518852e-02 1.576652020105510574e-02 1.656398518688124988e-02 1.832501812105149456e-04 2.643826455865154815e-02 1.719595830087607483e-02 2.448695510650705787e-02 3.725619989841240376e-02 3.957453759609742133e-02
8.989700541628449504e-02 1.000000000000000000e+00 9.920018873856265018e-02 9.865004177124246654e-02 4.831513488183247773e-02 1.312435587881234933e-01 1.354384261534297418e-01 9.706101527658818340e-02 1.413613788590444842e-01 1.648208033771684788e-01 1.600701682216149335e-01 1.255918203361012231e-01 1.275475260973537583e-01 1.166057014999843516e-01 1.383435047089713044e-01 1.261871401488303956e-01 1.333257931450666511e-01 1.619913200050031310e-01 1.467352111186024932e-01 1.448426438729706334e-01 1.079249775858338728e-01 1.290269792105501467e-01 1.593549955721386968e-01 1.541227205109577392e-01 1.392511205734537905e-01 1.745286389976853092e-01 1.606152355017542999e-01 1.581059845122269325e-01 1.487731502078122880e-01 1.497932681401011878e-01 1.777025583259942421e-01 1.582592270209707552e-01 1.307859247954442083e-01 1.612707002905974518e-01 1.420055594313658909e-01 1.567100281325404798e-01 1.588219259626794388e-01 1.343502329914144366e-01 1.466295345070442457e-01 1.551114114802280564e-01 1.453003312929744550e-01 1.362051085411898343e-01 1.485953031136849067e-01 1.311128151331767133e-01 1.585354535878699123e-01 1.452545927746740906e-01 1.367126073600659908e-01 1.442347043399561934e-01 1.351018464622608939e-01 1.277636876694057955e-01 1.260363254944962264e-01 1.086972116084336248e-01 1.219616316582218668e-01 1.386129498205700139e-01 1.360964094620582265e-01 1.488491786308774878e-01 1.187183798139879176e-01 1.276748146760150471e-01 1.286602993194474187e-01 1.311668610088067011e-01 1.288542196639538562e-01 1.267096657837841200e-01 1.188032298353045857e-01 1.253201390375305313e-01 1.270182092638075799e-01 1.158222012955492375e-01 1.400563064046629336e-01 1.441053999090080862e-01 1.530838947365626423e-01 1.431235114275377640e-01 1.385311244825926658e-01 1.458643564558180783e-01 1.517507958254299960e-01 1.437739352185742336e-01 1.490990015617642550e-01 1.464769881456937928e-01 1.516750151608509400e-01 1.480486551932022610e-01 1.572066136783649704e-01 1.518608335660805442e-01 1.527813971807494287e-01 1.533584633674343611e-01 1.534888256782656335e-01 1.414584716406940557e-01 1.434507754154216164e-01 1.501154006330742696e-01 1.499314499899565278e-01 1.479775299892252538e-01 1.469407375792251003e-01 1.503368616108379241e-01 1.554771203180458361e-01 1.423273340468537429e-01 1.461152539744010603e-01 1.434579662103495079e-01 1.364195819469174176e-01 1.424265993017460874e-01 1.371658696883495676e-01 1.196803945713304784e-01 1.290038734358398831e-01 1.434371007740320170e-01 1.410275918941635565e-01 1.277631221025957442e-01 1.336871735371026881e-01 1.291563243660978078e-01 1.312461271275197350e-01 1.231420689730609169e-01 1.371012803622610465e-01 1.415974140619763177e-01 1.437513266235013187e-01 1.313636126426475093e-01 1.358899019126948438e-01 1.363216746363773157e-01 1.370518572105228206e-01 1.339858725296102782e-01 1.303950164966248548e-01 1.287925488805503893e-01
1.144757676650805661e-01 9.920018873856265018e-02 1.000000000000000000e+00 2.756806997324733888e-01 1.193164959503539152e-01 1.413230223038557110e-01 2.400602499534578438e-01 2.521199876159975761e-01 2.728615977705599605e-01 2.505034511052033341e-01 2.914818321377402044e-01 2.878099488876775802e-01 2.697495375328141098e-01 2.638453349200604037e-01 3.016858521497960965e-01 2.893328139838136082e-01 3.001433111547159305e-01 3.021606007560391771e-01 3.225475134610114036e-01 2.725806868283612849e-01 3.156952187806401078e-01 3.321898605290579676e-01 3.420945835959121051e-01 3.261189066886117094e-01 3.170598496183533177e-01 3.285119723831905203e-01 3.266552494088897363e-01 3.249612367381202738e-01 3.046526373593753112e-01 3.335407363851208840e-01 3.373672358947748529e-01 3.320864899818083971e-01 3.267612925752584330e-01 3.290198345136109426e-01 3.150538482631498605e-01 3.357034921058331678e-01 3.426345795250435033e-01 3.129294443729860875e-01 3.304707542304728962e-01 3.177358071955534435e-01 3.169583191085190155e-01 3.195877272966475835e-01 3.134185238511617011e-01 3.214753463580223292e-01 3.296064765768108029e-01 3.250353141041790739e-01 2.992167767600654726e-01 3.044625654581535334e-01 3.104111932361258708e-01 3.135373990891807128e-01 3.039329287028751381e-01 3.029334718414602445e-01 3.019093012185054548e-01 2.970233735427639243e-01 3.041011645136991737e-01 3.192463724103909994e-01 3.039358487456130797e-01 2.975419482239117230e-01 2.968058469521214215e-01 3.020500007122756680e-01 3.045298999628532344e-01 2.983970505411285834e-01 2.978193761731741662e-01 3.111105509607262065e-01 3.129857101457588775e-01 3.010252867192382831e-01 3.105740668201434351e-01 3.206383913354090565e-01 3.256169953302859299e-01 3.095192572530245934e-01 3.171884930431170813e-01 3.218926207649749904e-01 3.285284696786707759e-01 3.203006663991921354e-01 3.199781392413663661e-01 3.205833577604785267e-01 3.200576635351526367e-01 3.203844230380935021e-01 3.253909706544129143e-01 3.186060598633401186e-01 3.205564398528517600e-01 3.103134719593368951e-01 3.275114106896603317e-01 3.243024391796985317e-01 3.177908268854306995e-01 3.220599285988996474e-01 3.214423732471723416e-01 3.151373639244798852e-01 3.202977367563067945e-01 3.171487094386544192e-01 3.223652114321434725e-01 3.121757164305544174e-01 3.153690474723961912e-01 3.138641477601612495e-01 3.009810945956542527e-01 3.060676358061561464e-01 3.079697528016431818e-01 3.018330475782257105e-01 3.030061783980482759e-01 3.120584978865910131e-01 3.115077504657076113e-01 3.046453552915403540e-01 3.037430217354085693e-01 3.094927821627794229e-01 3.130506883976771904e-01 3.028874206761346666e-01 3.019500572034689023e-01 3.077803830295438026e-01 3.066624422960050333e-01 3.006372575707784711e-01 3.033578566267495225e-01 3.011041453249989619e-01 3.027135532867648027e-01 3.074364503901295675e-01 3.116032445292645225e-01 3.002484137717096324e-01
7.661110830374469327e-02 9.865004177124246654e-02 2.756806997324733888e-01 1.000000000000000000e+00 2.274380209265246533e-01 2.799611566582219657e-01 4.502528867877680363e-01 4.676592514182795757e-01 4.686996000245657878e-01 4.144796319124103845e-01 4.741730862864717566e-01 5.304740750291340179e-01 4.737272282709182325e-01 4.279430872386065787e-01 5.165537831752723408e-01 5.123028070130227762e-01 4.834302074607871313e-01 4.425841542554153074e-01 4.591938696640919249e-01 4.804421278132992024e-01 5.163150262740948682e-01 5.029136568658257866e-01 5.018748207465416611e-01 4.511545885770040232e-01 4.726237683651752786e-01 5.186006664912605757e-01 5.282861644446773530e-01 5.130080666160753422e-01 4.739172392055279182e-01 4.948033303312954212e-01 5.111826203552479742e-01 5.359668859063544399e-01 5.047742866879576518e-01 4.952164321817400516e-01 5.013889521374178537e-01 5.469170163347305547e-01 5.227748239585002787e-01 5.235302785978622753e-01 5.231445361460745902e-01 5.182156159956798902e-01 5.269597631457118014e-01 5.337614328705153621e-01 5.181753387207516104e-01 5.380168646962601997e-01 5.367845820441815574e-01 5.229513618564436417e-01 5.180112872807628444e-01 5.124579230144817865e-01 5.191596455598379567e-01 5.268333818133953406e-01 5.311253386221345130e-01 5.141498722958873779e-01 5.196360861063242798e-01 5.233105020634688520e-01 5.174915240944711892e-01 5.271530411622810108e-01 5.411397035523795029e-01 5.221166518949547086e-01 5.240525782991601877e-01 5.245158233800709668e-01 5.279114090945752347e-01 5.242122096544284959e-01 5.298671559149608079e-01 5.394077121642564254e-01 5.328754226702965280e-01 5.322393001237192278e-01 5.244379058492704138e-01 5.244821189368591430e-01 5.336602203076075135e-01 5.395265421623206548e-01 5.259663451466434214e-01 5.270458174257772743e-01 5.189045656236394022e-01 5.149457846310591114e-01 5.277556911593728195e-01 5.245541032512888169e-01 5.235560821137842380e-01 5.217278490806942504e-01 5.227474131144442815e-01 5.142834726935967549e-01 5.255382760848256174e-01 5.177640158453896690e-01 5.379299783820650216e-01 5.232463582966417892e-01 5.220247811093892132e-01 5.182676473326853772e-01 5.252030565362347803e-01 5.272277180732763968e-01 5.271951579009342970e-01 5.282620630051032551e-01 5.278794539730551350e-01 5.251464553868051555e-01 5.296989442381904167e-01 5.253721490069552802e-01 5.153221860005691157e-01 5.190774066370387185e-01 5.262791306325276253e-01 5.274467863961286307e-01 5.221772471898059598e-01 5.265002910310477846e-01 5.326257834138342639e-01 5.309042638688364901e-01 5.245251361755008945e-01 5.291380774756045957e-01 5.302369004311704437e-01 5.369397504603102833e-01 5.250956359341958368e-01 5.168805677773056217e-01 5.241578338505092916e-01 5.210604746373831420e-01 5.252414243702029362e-01 5.213104380890752898e-01 5.293164790268470865e-01 5.318602846448566845e-01 5.267208633396367468e-01 5.278979242014010254e-01
6.755027586389177052e-02 4.831513488183247773e-02 1.193164959503539152e-01 2.274380209265246533e-01 1.000000000000000000e+00 1.989519113079761259e-01 3.772156742015885245e-01 3.605383020956017259e-01 3.690579661221277674e-01 3.251647873077180839e-01 3.746878819080579071e-01 3.977228579309231016e-01 3.928787243159208575e-01 3.464022621517838241e-01 4.249746402181973082e-01 4.124908360818687614e-01 3.567276239420975603e-01 3.781441232532813945e-01 3.891736951944994027e-01 3.885706164006604291e-01 3.815680144209546709e-01 3.989262825375897159e-01 4.044159696934923609e-01 3.888417999147304460e-01 3.887739461888717885e-01 4.177344467841251352e-01 4.071120113237918225e-01 4.035926417910449815e-01 3.640924084348273193e-01 4.121344558119162671e-01 4.126333044090051416e-01 4.167797336513607842e-01 4.021927725926731090e-01 4.046629912364226311e-01 4.173267371854637031e-01 3.853384436495851384e-01 4.312996626723832883e-01 4.025198257391327528e-01 4.258810206352880989e-01 4.094018452040832923e-01 4.206873453628287574e-01 4.253207115071236943e-01 4.167831194977680287e-01 4.296984432308787460e-01 4.205806013481378502e-01 4.262227335934833938e-01 4.127470164244229078e-01 4.240914948499410753e-01 4.042820661759408685e-01 3.929906830753617797e-01 4.001678961280891733e-01 4.146075987244695060e-01 4.278424194377202783e-01 4.259998122639106488e-01 4.173907931649878944e-01 4.270431777441380250e-01 4.040144915282825044e-01 4.306615832746730210e-01 4.059570186417491566e-01 4.323544353971707221e-01 4.295599053458066252e-01 4.164965735616619757e-01 4.151114778990288579e-01 4.049338450251636634e-01 4.235223619201634593e-01 4.309003967901511856e-01 4.222219302431415300e-01 4.308398796635843353e-01 4.289627870533915810e-01 4.378456771803343472e-01 4.291021364940273419e-01 4.315695969927487163e-01 4.318611912652166596e-01 4.296146510776144289e-01 4.294252155793966685e-01 4.310873228844455118e-01 4.262243723615323776e-01 4.065515517028128745e-01 4.295628337140955932e-01 4.270131324899508751e-01 4.314359219736148554e-01 4.267271318861043938e-01 4.265949995220841839e-01 4.266788823772134087e-01 4.239406581744539770e-01 4.217598118030307375e-01 4.234588341836282299e-01 4.250760090328249974e-01 4.300093276666041020e-01 4.304887046278587648e-01 4.265478569910870488e-01 4.319638791733983463e-01 4.265376286430926922e-01 4.314084046667466255e-01 4.241961425861668356e-01 4.263992903850808425e-01 4.174392813396858859e-01 3.997040962469989300e-01 4.278626516327381779e-01 4.206150276636581586e-01 4.309769603974368257e-01 4.194931536481562584e-01 4.343364134192679304e-01 4.309189698037825811e-01 4.306599215915704604e-01 4.273982700462105599e-01 4.184738287672880586e-01 4.270900180854117489e-01 4.314300746610506554e-01 4.286207853467562945e-01 4.286702640656945840e-01 4.306587768136440064e-01 4.261207053050332649e-01 4.202653674074365853e-01 4.260619369552750557e-01 4.344766065959739798e-01
-3.689808049668890245e-03 1.312435587881234933e-01 1.413230223038557110e-01 2.799611566582219657e-01 1.989519113079761259e-01 1.000000000000000000e+00 4.107394626516379099e-01 3.479322518686413512e-01 4.271121797585585855e-01 4.084558912293406174e-01 4.385544282825463713e-01 4.660349809873636784e-01 4.118745346271484031e-01 3.964495324061030335e-01 4.877172723619024874e-01 4.693526327865031322e-01 4.183818959007111760e-01 4.049537859022173114e-01 4.265122042352135212e-01 3.699905094590169585e-01 4.097458989524978001e-01 4.360199433813131131e-01 4.344034228922430962e-01 4.151572826059622967e-01 4.005177573686487524e-01 4.719848259064051699e-01 4.707014576232430025e-01 4.507705843868503592e-01 4.295894686489083458e-01 4.491681766452158553e-01 4.718576278243236666e-01 4.840329607248992638e-01 4.623615933590859428e-01 4.593548011270200404e-01 4.736418338563779251e-01 4.530695412773266817e-01 4.667044133197924549e-01 4.864423809669545240e-01 4.885527130590568978e-01 4.709195981061924385e-01 4.981651602531065315e-01 4.947932593392414535e-01 4.726430874350975864e-01 4.989995232938454484e-01 4.843121749432252043e-01 5.036095728538424465e-01 5.009257284538005672e-01 4.976324639469231759e-01 4.882003206459716860e-01 4.762528923183477758e-01 4.893039641855833066e-01 4.408197448860213807e-01 4.777185225854277961e-01 4.931915248241518501e-01 4.919968065583545380e-01 4.919601478434835751e-01 4.755386368456486768e-01 4.964896779674257132e-01 4.947245707353368216e-01 4.950490933346315958e-01 5.021540207883039564e-01 4.923592575771437163e-01 4.864314177692301566e-01 4.903384368966338114e-01 4.872054259893924821e-01 4.801205077213666073e-01 5.023866461725390309e-01 4.979991398362222932e-01 4.961506264868144056e-01 4.921603505345118479e-01 4.972123806250071110e-01 4.985100740315552836e-01 4.904628186029070802e-01 4.923521396146161022e-01 5.012219736804208736e-01 5.011182044097335364e-01 5.005097240315257157e-01 4.916227008900757589e-01 5.000528101397060388e-01 4.990651407003615092e-01 4.968464461147115152e-01 5.034514278778144947e-01 4.983338565855429669e-01 5.025000005352427968e-01 4.967515341296184772e-01 4.989149590718376936e-01 4.981768084145074549e-01 5.000230055030785437e-01 5.044782131945020343e-01 4.914933782793661221e-01 4.944104423199248699e-01 5.037374200123377888e-01 4.998179838709858602e-01 5.045491874561459644e-01 5.019754951042373348e-01 5.025774197921464292e-01 4.899997975028007602e-01 4.810447163543065674e-01 4.994671737961806079e-01 4.982724652081608752e-01 5.016559304657647322e-01 4.972048621836028248e-01 4.974300782628814921e-01 5.017551275878820993e-01 4.954045524070441742e-01 4.878126123900693445e-01 4.996032700000698212e-01 5.002088481532769304e-01 4.998149317106644340e-01 4.973264983093864111e-01 4.991182079046601605e-01 5.005954067114398720e-01 4.997243183984809711e-01 4.998637920675816915e-01 4.990431636669752091e-01 4.932284067148899331e-01
1.431713904044997106e-02 1.354384261534297418e-01 2.400602499534578438e-01 4.502528867877680363e-01 3.772156742015885245e-01 4.107394626516379099e-01 1.000000000000000000e+00 6.176222648041214125e-01 6.350608746857184794e-01 5.759169808633727294e-01 6.400130208738794568e-01 6.873354346027283901e-01 6.446679166998054988e-01 5.905542484870310860e-01 7.603279608181378046e-01 7.095570755084225079e-01 6.326721162489089556e-01 6.232607051389078556e-01 6.503999590173226153e-01 6.366102641795420292e-01 6.723513164436648593e-01 6.671910322007201799e-01 6.708418810862253334e-01 6.346194532295539315e-01 6.432811912946454491e-01 7.104104688791691435e-01 7.096315818344758330e-01 7.079178211800966070e-01 6.340450607046794751e-01 6.862290497374494702e-01 6.979527301060131084e-01 7.280730861895893247e-01 6.789134056280771157e-01 6.911210540428872617e-01 6.972958167303214827e-01 7.056582758380434139e-01 7.092779973573770658e-01 7.278325776586938023e-01 7.397003779110731259e-01 7.221472745538957128e-01 7.357361827539441457e-01 7.497924374073898779e-01 7.399312823701666986e-01 7.544157556739552462e-01 7.358358711534161989e-01 7.455417211951314016e-01 7.287482501448712124e-01 7.256376500993084733e-01 7.214451403284765085e-01 7.323326982302020838e-01 7.396376812430733860e-01 7.061203486731700840e-01 7.205447983202356577e-01 7.148399225709850535e-01 7.139276924142925473e-01 7.326417549177680621e-01 7.025946788311565605e-01 7.294449544957393172e-01 7.210746894685493569e-01 7.222110410356974430e-01 7.471723929501273842e-01 7.142166368751684535e-01 7.136813182353861640e-01 7.307053113991586191e-01 7.245064804491527788e-01 7.114030720214460368e-01 7.325057882109142771e-01 7.408676311074486875e-01 7.455140205965468114e-01 7.492012207191547368e-01 7.405314686454623763e-01 7.399386923565303142e-01 7.347903312241212959e-01 7.367466328403884379e-01 7.409752420878061852e-01 7.392169430108694872e-01 7.465617939821368454e-01 7.181492938827416239e-01 7.441241290617803816e-01 7.346299834992837674e-01 7.408811197569377116e-01 7.362603879540576823e-01 7.415573264962612710e-01 7.317292122661122056e-01 7.448291677695779711e-01 7.358730238647048782e-01 7.337039814052510600e-01 7.493717207790379087e-01 7.480811094834358688e-01 7.416781522388373737e-01 7.476721202688307866e-01 7.494157424634425579e-01 7.445100777551592053e-01 7.498654334382979236e-01 7.328505550227371046e-01 7.334738577830549611e-01 7.368837027784028715e-01 7.199342342168063569e-01 7.407697227547747065e-01 7.477381816692858507e-01 7.514727278952785250e-01 7.376290676190880857e-01 7.328641389902720293e-01 7.432201211674722696e-01 7.413271592744538063e-01 7.195943695877248247e-01 7.291312061672278189e-01 7.335517261411378387e-01 7.376294127734901451e-01 7.304155025923865230e-01 7.386249611374205992e-01 7.291944683104105707e-01 7.294968688596058515e-01 7.367097754677317534e-01 7.345948148478631534e-01 7.248534197549846292e-01
6.357031440703518610e-02 9.706101527658818340e-02 2.521199876159975761e-01 4.676592514182795757e-01 3.605383020956017259e-01 3.479322518686413512e-01 6.176222648041214125e-01 1.000000000000000000e+00 6.177022623365621135e-01 5.511776924565153779e-01 6.059332017567130579e-01 6.725463642359346128e-01 6.400082520035930145e-01 5.673261829570355186e-01 6.976521866018459139e-01 7.103463170675855531e-01 6.262101565475123310e-01 5.845197166048532456e-01 6.137727478960868233e-01 6.183018548905514500e-01 6.624908056622118568e-01 6.374417307619477668e-01 6.288510253374411940e-01 5.981412660981717533e-01 5.970658679139756453e-01 6.666267037909137105e-01 6.824081206080335749e-01 6.582120248547854713e-01 5.996840185492190445e-01 6.578779946054269523e-01 6.741996318176607383e-01 7.000729527495298532e-01 6.578543496590383288e-01 6.562436782474859731e-01 6.748377912470413520e-01 6.583139852395412106e-01 6.740807133070738644e-01 7.020587150075887628e-01 7.026276976861423051e-01 6.678369495665783528e-01 6.973870049971453433e-01 7.086039572784813556e-01 6.810861765116174027e-01 7.202927540394680195e-01 6.911775454655240125e-01 7.076115927320030252e-01 7.032548960702298402e-01 7.042656144921114469e-01 7.037722485839006392e-01 6.910102094717992527e-01 7.158028128587770045e-01 6.527838951260021005e-01 6.920671851154373000e-01 7.102756735130246746e-01 7.160704103080572924e-01 7.076326487641302343e-01 7.156851273974554895e-01 7.183992286720175535e-01 7.192973626174475887e-01 7.125709567809090927e-01 7.121064431860638644e-01 7.139790897239663980e-01 7.218238404655179519e-01 7.188008592033757749e-01 7.043629194755292033e-01 7.076122478227767632e-01 7.057444210088870129e-01 7.065048937150713027e-01 7.147404274255584333e-01 7.235889877761585431e-01 7.078039031589109520e-01 7.053326446397492067e-01 7.020831074360955881e-01 6.937414677832400844e-01 7.079577195089566954e-01 7.045384715674675169e-01 6.985774109731047732e-01 6.831689288116772341e-01 6.988022253503514136e-01 7.011727874101632008e-01 7.057199423839245478e-01 7.059428231448542368e-01 7.108797599277579815e-01 7.093649421405102684e-01 7.045188905386058353e-01 7.026192737146694789e-01 7.000917577277890880e-01 7.116335304352259250e-01 7.104605088998123819e-01 7.078356493544696315e-01 6.969293250665872241e-01 7.091928994396579089e-01 7.050325824035514888e-01 7.099749612807091381e-01 7.063058551369518767e-01 7.074243476896469041e-01 7.073498305511566331e-01 7.035985507186887089e-01 7.132630939953310545e-01 7.099408101261959203e-01 7.169344815786112823e-01 7.193682034333762632e-01 7.033532221864802203e-01 7.193667269268519959e-01 7.059682759845823385e-01 7.207201026281705447e-01 7.115808793178649561e-01 7.017890904181337541e-01 7.134014498794023496e-01 7.139438764352152855e-01 7.179177332185951999e-01 7.086591609570579431e-01 7.158592784102230100e-01 7.165797377667516566e-01 7.069175394757810649e-01 7.108256776359050955e-01
1.251805329612363793e-01 1.413613788590444842e-01 2.728615977705599605e-01 4.686996000245657878e-01 3.690579661221277674e-01 4.271121797585585855e-01 6.350608746857184794e-01 6.177022623365621135e-01 1.000000000000000000e+00 7.147025059385347934e-01 7.279266733893412500e-01 7.904759889155252850e-01 7.045045978140432874e-01 6.776229827598265754e-01 7.919981904133452932e-01 7.791226430499437194e-01 7.707532419324855111e-01 6.635802210009057456e-01 7.170292100168180749e-01 6.871015182343682692e-01 7.017289300740177094e-01 7.303858631677463409e-01 7.268010842796148729e-01 6.793598482059969301e-01 6.738542375124827455e-01 7.958465680013263599e-01 7.998087061224991023e-01 7.698443143214510620e-01 7.395336302013111318e-01 7.807192400592283255e-01 8.000143139670002901e-01 8.154669632569504500e-01 7.595712739588713625e-01 7.583799587078581261e-01 7.683023602450974598e-01 7.475426457704076322e-01 7.742580205064941712e-01 8.083651667134937879e-01 8.176323868313598586e-01 7.591043633683975944e-01 8.231526309636143512e-01 8.171011623804991242e-01 7.676637986914565115e-01 8.301105411556450875e-01 8.029738615560341186e-01 8.223541942431218388e-01 8.349540363974100599e-01 8.467034212246310476e-01 8.392179135059505413e-01 7.996927765454369119e-01 8.178780593187860992e-01 7.583940839874020456e-01 8.150514238091128849e-01 8.519004197335013906e-01 8.390547726414699925e-01 8.322119986244331802e-01 8.339617196848776448e-01 8.363671116291597762e-01 8.296147646713194490e-01 8.550161012727204302e-01 8.361428780584126974e-01 8.435665754243767411e-01 8.337373129795170312e-01 8.397657534853769645e-01 8.453079296874042026e-01 8.432400506438973986e-01 8.466787153834376412e-01 8.342399640714045495e-01 8.336081661540200027e-01 8.425944203445679959e-01 8.299120274145913578e-01 8.382427314460888512e-01 8.217623296169330738e-01 8.181934635759747776e-01 8.418778694267653462e-01 8.397142645297993591e-01 8.280404847862607998e-01 8.286434491025420623e-01 8.356263176933297343e-01 8.331045781561479124e-01 8.342689622754857481e-01 8.429552410918270677e-01 8.409313255918838825e-01 8.280528230898658304e-01 8.177146142270421691e-01 8.255446351969909502e-01 8.240292329200756827e-01 8.254798219373020718e-01 8.350952477806758978e-01 8.251573773578405602e-01 8.100443590165192775e-01 8.337032898585829965e-01 8.331628454663659866e-01 8.371119019123005600e-01 8.413139351562277657e-01 8.464073361461901257e-01 8.076720254141849242e-01 8.215665198732748919e-01 8.322467598864694560e-01 8.303168197558139507e-01 8.220434512803546090e-01 8.351396516079584442e-01 8.376768926767885759e-01 8.394360010346024747e-01 8.308947984435005596e-01 8.381359536550018197e-01 8.461092597093197165e-01 8.424273552774378393e-01 8.398561313329118150e-01 8.436953484007428949e-01 8.340235492995078381e-01 8.505143000724385560e-01 8.451668917742054532e-01 8.430342228602414334e-01 8.428194797453741893e-01 8.497932631601607945e-01
3.506476901319199174e-02 1.648208033771684788e-01 2.505034511052033341e-01 4.144796319124103845e-01 3.251647873077180839e-01 4.084558912293406174e-01 5.759169808633727294e-01 5.511776924565153779e-01 7.147025059385347934e-01 1.000000000000000000e+00 6.683451818378991494e-01 7.322703448205153398e-01 6.278006399988198538e-01 6.290687484877343083e-01 7.351709844610024858e-01 7.141082026395286775e-01 6.936744512292883913e-01 5.982742518324706271e-01 6.571219457965811195e-01 6.010239367446457148e-01 6.218194367527770661e-01 6.467844351095793920e-01 6.518923935685747573e-01 6.088938367974354726e-01 6.120854001463373883e-01 7.261088805360657039e-01 7.202797245696583861e-01 6.950106981665856720e-01 6.705853803763821563e-01 7.095564468895484422e-01 7.288993196130115759e-01 7.459475169560972896e-01 6.899890887427815311e-01 7.001502127277172693e-01 7.044686719273661746e-01 6.917890402801832872e-01 7.086595585944616138e-01 7.495614580626298595e-01 7.642063776878256220e-01 7.159655620669279630e-01 7.697893995238505038e-01 7.613359435901138061e-01 7.347092051253160117e-01 7.648336655074667867e-01 7.499046005358502853e-01 7.646408541091410660e-01 7.844657490541766531e-01 7.917584804824528977e-01 7.796225028632648435e-01 7.378983783082110337e-01 7.634493261178170176e-01 7.028837817053756876e-01 7.475630612134461783e-01 7.879994528319699265e-01 7.725560229508290355e-01 7.740005227263881959e-01 7.584591969425410474e-01 7.795704483340879509e-01 7.751921974249574854e-01 7.870133697950290053e-01 7.804510876069513658e-01 7.801595412435764487e-01 7.690919604662641573e-01 7.736908541174792875e-01 7.720721947044308919e-01 7.681503192195671126e-01 7.903250296689913190e-01 7.766232744492314044e-01 7.722658550102118324e-01 7.784713400804246231e-01 7.703978057797200574e-01 7.804374844727106630e-01 7.585813704236303856e-01 7.605515260471013006e-01 7.825851002728013706e-01 7.801078211028091847e-01 7.736878297955060990e-01 7.681315446900950361e-01 7.777379755840708730e-01 7.797345669501217769e-01 7.717255235732534135e-01 7.854358762194553201e-01 7.815411462105901208e-01 7.671193066884980372e-01 7.706537597228386716e-01 7.728230812777445724e-01 7.755088285363049838e-01 7.783833977008270955e-01 7.843497921299990017e-01 7.775591045704375315e-01 7.624360630744352330e-01 7.836624708528249217e-01 7.814572258370465763e-01 7.850758979138088289e-01 7.912173434650818793e-01 7.941221131492298690e-01 7.702583200590272794e-01 7.588507696288266935e-01 7.814813553293249448e-01 7.809961316022541178e-01 7.765613947348307677e-01 7.814020009096976915e-01 7.824532235688376192e-01 7.846767538753811611e-01 7.807938290531820646e-01 7.768293037300454396e-01 7.910809980210926629e-01 7.899080062313124095e-01 7.884105792778091093e-01 7.889036674546555661e-01 7.871319062889436946e-01 7.934775801250929517e-01 7.927346459538875401e-01 7.859029842085222262e-01 7.836949502131038692e-01 7.859768811524785459e-01
6.768496895133835345e-02 1.600701682216149335e-01 2.914818321377402044e-01 4.741730862864717566e-01 3.746878819080579071e-01 4.385544282825463713e-01 6.400130208738794568e-01 6.059332017567130579e-01 7.279266733893412500e-01 6.683451818378991494e-01 1.000000000000000000e+00 7.910320985770958879e-01 6.871772199323690211e-01 6.786312452952574237e-01 7.940044911875182576e-01 7.697400693724038012e-01 7.348081684094095456e-01 6.798944783709033324e-01 7.269105659773484884e-01 6.498553230374131129e-01 6.974489807244296236e-01 7.325862847058529637e-01 7.584690460833382053e-01 6.992947575827896944e-01 7.090165609742926645e-01 8.127846881582644345e-01 8.008376777412314906e-01 7.869234917286983544e-01 7.340556940912223993e-01 7.887333324298869686e-01 8.081502687270936125e-01 8.210666986621431018e-01 7.876237526334949335e-01 7.776909055481928679e-01 7.823505729959304711e-01 7.863204228756819347e-01 8.078230613478992739e-01 8.222993414392567590e-01 8.310391909855877612e-01 8.100162174746990962e-01 8.318251101443794315e-01 8.310468400277475354e-01 8.101134798882849708e-01 8.348058993542284423e-01 8.325967174309411023e-01 8.270165132411468889e-01 8.244812193571164904e-01 8.288106896054825423e-01 8.246116744726981196e-01 8.105073932425642669e-01 8.202110079236106799e-01 7.803707314447142496e-01 8.120367198212229409e-01 8.235342203831633734e-01 8.196000070692308626e-01 8.357132344630606724e-01 8.038062459231253287e-01 8.211951666670880279e-01 8.186925495847575673e-01 8.239665926781986061e-01 8.297477344044040803e-01 8.196809836445801967e-01 8.151672658597211019e-01 8.208587870520643870e-01 8.176581160343691090e-01 8.163101563246275560e-01 8.341052874509915505e-01 8.360254506966650068e-01 8.377551270354268720e-01 8.248419037852174895e-01 8.295706555269086735e-01 8.335529455267006727e-01 8.285827741308645633e-01 8.278398228145229520e-01 8.433628752813278062e-01 8.413287517299838925e-01 8.367937571060636293e-01 8.210387717970101251e-01 8.370563463726631293e-01 8.291680795919076363e-01 8.393820723284155516e-01 8.407826631983666976e-01 8.420360366149926001e-01 8.296419287011147503e-01 8.333066223586318433e-01 8.301288334990654105e-01 8.395128960754510983e-01 8.397532834840991667e-01 8.396864902348057935e-01 8.373046685654410570e-01 8.395478998424013017e-01 8.401499058237802409e-01 8.407110025712823953e-01 8.392417102807595564e-01 8.305323358489077323e-01 8.342884229929716788e-01 8.237232365708063719e-01 8.044369767644464764e-01 8.279980800185199330e-01 8.346047775635319077e-01 8.337603074881986265e-01 8.272503596578034690e-01 8.269184826033119107e-01 8.339796469743024909e-01 8.327209096279070133e-01 8.146362593479078429e-01 8.280802974296714858e-01 8.363176106518348529e-01 8.350602062030928474e-01 8.290695761933006835e-01 8.318176547731164217e-01 8.275877983628410206e-01 8.285464288419612799e-01 8.289696874206078370e-01 8.318285925055193264e-01 8.241072070598896016e-01
2.192824221508360427e-02 1.255918203361012231e-01 2.878099488876775802e-01 5.304740750291340179e-01 3.977228579309231016e-01 4.660349809873636784e-01 6.873354346027283901e-01 6.725463642359346128e-01 7.904759889155252850e-01 7.322703448205153398e-01 7.910320985770958879e-01 1.000000000000000000e+00 7.448176845151364134e-01 7.306185805388764054e-01 8.616940003532079784e-01 8.492285752120372067e-01 7.966871441003517962e-01 6.925945189699946880e-01 7.538438196148576909e-01 6.929779236394923991e-01 7.391758225030818918e-01 7.614664291379616978e-01 7.755359271288966294e-01 7.103447913177894923e-01 7.182008609825439871e-01 8.456543621265579791e-01 8.483124139315433299e-01 8.260344056928304868e-01 7.752585557932567539e-01 8.209113515242173476e-01 8.484451299697430837e-01 8.739180571557072508e-01 8.309736953182502717e-01 8.217823788606527513e-01 8.333126378449632332e-01 8.305009603748829683e-01 8.483622974860173249e-01 8.859636163710077339e-01 8.930361746888959562e-01 8.495192215621474308e-01 8.920835043525726649e-01 8.949956269108689799e-01 8.602126596656388680e-01 9.052495697122416862e-01 8.787953037654779864e-01 8.952749721243361547e-01 9.058545817510673670e-01 9.090148206657524543e-01 9.032051930723277167e-01 8.735761358792152320e-01 8.992325317785158090e-01 8.329156605527708868e-01 8.829309698196329270e-01 9.052744899034549375e-01 8.984633906109262824e-01 8.967140294855387994e-01 8.917591819698427180e-01 9.062001204979424074e-01 9.058310346511968536e-01 9.080001505932547845e-01 9.100031743950235397e-01 9.078158655048187420e-01 9.038888760432207681e-01 9.053632478326600896e-01 8.954582542279342361e-01 8.982431854074591770e-01 9.103048484781769423e-01 8.991829388435065296e-01 8.999697959249842727e-01 9.005813541853379123e-01 8.933242658298715666e-01 9.012699891432903732e-01 8.828249213448188248e-01 8.809381471928873220e-01 9.087434351164896951e-01 9.074731411912889678e-01 8.970851732413132051e-01 8.873730988572682277e-01 8.984662629223459929e-01 8.971331625017372469e-01 9.019130098070576862e-01 9.078276802452840410e-01 9.084055618896497153e-01 9.006212777091155974e-01 8.984773339663045810e-01 8.969668105915202805e-01 9.063869469884862085e-01 9.065158237054050661e-01 9.115087735173069694e-01 8.949506169800108824e-01 8.952634703280794026e-01 9.095981978286860059e-01 9.096380533041231731e-01 9.112118140278403500e-01 9.115329986428570841e-01 9.127655411949547881e-01 8.920915420295510989e-01 8.828483648001823614e-01 9.075491650297264901e-01 9.042408439171764067e-01 9.048222563722968514e-01 9.093245473382730593e-01 9.063790559068670705e-01 9.134570570900367725e-01 9.049360346265505894e-01 9.005779203179801184e-01 9.109203968483470248e-01 9.089494127078179275e-01 9.065565325554016951e-01 9.109658590787694799e-01 9.091021069421009182e-01 9.114753294421237273e-01 9.122284824095606703e-01 9.115714965660467461e-01 9.074374314741077141e-01 9.071186612952971684e-01
3.803540067375701245e-02 1.275475260973537583e-01 2.697495375328141098e-01 4.737272282709182325e-01 3.928787243159208575e-01 4.118745346271484031e-01 6.446679166998054988e-01 6.400082520035930145e-01 7.045045978140432874e-01 6.278006399988198538e-01 6.871772199323690211e-01 7.448176845151364134e-01 1.000000000000000000e+00 6.511228527240856545e-01 7.711269974956722617e-01 7.594272647751438843e-01 6.920801546605480636e-01 6.261960134676585188e-01 6.670867885501552408e-01 6.709225685314053056e-01 6.874501372465816607e-01 6.901814238819246050e-01 6.745950268605876987e-01 6.455168745207672254e-01 6.456596905245072238e-01 7.429717887745976856e-01 7.463030008847908459e-01 7.106105054517338759e-01 6.641160526162085409e-01 7.219425692109772141e-01 7.427683489895934299e-01 7.657913569985220770e-01 7.217159019974703771e-01 7.211079674712740362e-01 7.432004472907216552e-01 7.179673999088043157e-01 7.429705686603615966e-01 7.633088101811190684e-01 7.806891303946484895e-01 7.333299685223748643e-01 7.824380697389362593e-01 7.825717144709909423e-01 7.508992591039496123e-01 7.956833189068051038e-01 7.619685596469599753e-01 7.802793609011752229e-01 7.941642811032065818e-01 7.942567296233269403e-01 7.876653647906584066e-01 7.635505102220738749e-01 7.893300743110402973e-01 7.321446024788560436e-01 7.814854534626308746e-01 7.975013159836878973e-01 7.912898767592816407e-01 7.823200496499488343e-01 7.847974561566338769e-01 7.979357864095997233e-01 7.902176658711099755e-01 8.037522835283499312e-01 8.021725968958729469e-01 7.954538070325363197e-01 7.929563373262281667e-01 7.930772009542713663e-01 7.877259907512782489e-01 7.948233538521968233e-01 7.947957687103724966e-01 7.870323762191887562e-01 7.896575461479472535e-01 8.082112874493372345e-01 7.881473738874110735e-01 7.919076285127526482e-01 7.777013513096001640e-01 7.734402390068864097e-01 7.935600726865964516e-01 7.902664524119993317e-01 7.778809687038736875e-01 7.647752118477523231e-01 7.817196373818210420e-01 7.830970444868856628e-01 7.847350943535823520e-01 7.936742883035746710e-01 7.881077061887242774e-01 7.883843434392807659e-01 7.857895245707614551e-01 7.828210750363262527e-01 7.817159446574081239e-01 7.891633475842062539e-01 7.937172400644425529e-01 7.814268197899819635e-01 7.751490477802015500e-01 7.972699690207292189e-01 7.915205968152013716e-01 7.937582485944154609e-01 7.968814277109796951e-01 7.978296588268724010e-01 7.832903752790050245e-01 7.778625555253282364e-01 7.997260240063860381e-01 7.917402630450554035e-01 7.946823529610622661e-01 7.999897079757495311e-01 7.956602702445261244e-01 8.021651607691201447e-01 7.930234309570723950e-01 7.985336124610650232e-01 7.989658587446513138e-01 7.944183497278569650e-01 7.966123115605314720e-01 7.991569974640280183e-01 7.981886009020776607e-01 8.021146372886091003e-01 8.015359370849558518e-01 8.015532065396610006e-01 7.957025424942760772e-01 8.006695295493166942e-01
