1.000000000000000000e+00 2.825165178265024446e-01 1.237096443676741764e-01 -5.975877758627923947e-02 -1.720190965715702458e-02 -6.051002696833150674e-02 -3.209327376300431106e-02 -5.568156197253047029e-02 2.636693414448277317e-01 1.425071180069038546e-01 6.907268475213559911e-02 -2.467517778775500312e-02 3.302004222419766509e-03 4.772884131879631675e-02 3.785018337061751142e-03 -8.371961121150213458e-02 2.229081936152488563e-01 3.942362090190281720e-01 2.976318757781602486e-01 1.246037441246749533e-01 1.032867132960486878e-01 1.642931024421539488e-01 3.505550826745059689e-01 3.932765196141928543e-01 3.348814862524032154e-01 2.576036490561723347e-01 2.295859492095005672e-01 2.385606311921767697e-01 2.861117293226775327e-01 2.802174655586452401e-01 1.919907734124748355e-01 2.023763150463987470e-01 2.081774869616035140e-01 2.294574009751778054e-01 2.489538497317174970e-01 1.788303251258567261e-01 1.964515557963482650e-01 1.108343959540196988e-01 1.321455574100116603e-01 1.073316064656264779e-01 6.652604547836087068e-02 7.737076279750311480e-02 7.827649540765227454e-02 5.617181806810128686e-02 1.057192159441343593e-01 9.076304974130421088e-02 1.876102581272945727e-02 6.175087075739055936e-02 4.325968989954997318e-02 6.069937213992654401e-02 8.399473644246065185e-02 4.409156296799912611e-02 1.846586330041260701e-02 9.904772018028798475e-02 1.227110369912754601e-01 1.442609692435727897e-01 1.065510505400099478e-01 4.472203435364896507e-02 7.007460073180916960e-02 4.383544152694870272e-02 4.635387907218952580e-02 6.151367908900624848e-02 6.572052595885349846e-02 4.871592538762821445e-02 9.633303033984487451e-02 7.717459293874830151e-02 6.969069672135261295e-02 1.169270175604439910e-01 1.339013929298719929e-01 6.700801707246112349e-02 4.065627289291121743e-02 8.690610824422054237e-02 1.638572534333361530e-01 1.429950290886482789e-01 9.461538971163402367e-02 7.288939089909216018e-02 1.148211242824044714e-01 1.422498326027654136e-01 1.140749743541731448e-01 1.295338643277806068e-01 1.196320740857402809e-01 8.470382032210045653e-02 1.199633868991322044e-01 1.209850992452080470e-01 7.497982451091471379e-02 1.090687405469192156e-01 8.935334641497449937e-02 5.929618623739577044e-02 6.512027456834068584e-02 8.843071928335284604e-02 5.490218204922252959e-02 3.755155915711363285e-02 3.921772462702514950e-02 3.813617292180903479e-02 6.318505004437993677e-03 3.522024185051358947e-02 3.605236050645944414e-03 4.911266894534274674e-02 1.047570919049570573e-02 1.629632861220696102e-02 4.683038479441454897e-03 7.001089087319838263e-03 7.190604978645590527e-03 1.426599867742204576e-02 2.928479136607640976e-02 4.656706657024273222e-02 4.200948994616433146e-02 5.311158238937648685e-02 6.465890808318214278e-02 2.082148860919404848e-02 1.570657571307968597e-02 2.370677446248084519e-02 1.460958505417115673e-02 2.088742958959828241e-02 5.470674074159011246e-02 3.685333412168734224e-02
2.825165178265024446e-01 1.000000000000000000e+00 1.034310177186919533e-01 -1.113200996773471181e-02 4.886254381574833827e-02 5.305258177427065597e-02 8.774097366412864085e-02 9.321498039704169403e-02 3.022698748813443248e-01 2.604579717595464361e-01 1.843970591815058957e-01 9.185447928034577714e-02 1.257900624162961167e-01 1.460816900783755423e-01 1.331605531393953434e-01 8.124015643907789297e-02 2.464532208252137035e-01 3.610631819498398842e-01 3.005039035182234253e-01 1.366101799537366990e-01 1.261450505056508908e-01 2.008847059366427046e-01 3.414850081887240707e-01 3.613660942795717257e-01 3.180427762942353853e-01 3.087055958685213652e-01 2.739951104150973316e-01 2.910736054609294743e-01 3.505021643354920280e-01 3.189501197415920974e-01 2.671551670196345984e-01 2.618514675577358619e-01 2.703241897420387008e-01 2.743373628789122498e-01 2.865354759163483700e-01 2.343840409847545714e-01 2.513159416442823368e-01 2.168538391630815132e-01 2.223489772393663633e-01 2.017630742141464373e-01 1.891659344081641214e-01 2.050824800676598059e-01 1.926570619500890258e-01 1.800249717031336960e-01 2.104591733981304169e-01 2.037212071102534050e-01 1.553439062571925766e-01 1.893484176966158394e-01 1.721417897201898140e-01 1.494198192595366514e-01 1.887132747514290165e-01 1.327660061865418295e-01 1.411029550088949425e-01 2.161323467594420400e-01 2.269679523227231543e-01 2.509566275758573495e-01 1.962714394579175847e-01 1.781211948732833728e-01 1.910421017750386363e-01 1.710761217319221594e-01 1.639641820588439713e-01 1.851736647647947986e-01 1.842902585087303480e-01 1.769363626275761714e-01 1.955390723374470785e-01 1.853075372306725033e-01 1.915763746967318326e-01 2.142892795612450496e-01 2.302080306058165438e-01 1.722200757402756743e-01 1.578506384554677622e-01 2.004103827261357051e-01 2.431165969533665705e-01 2.343620287533812463e-01 2.076064407595139549e-01 1.960221455738090368e-01 2.257641516744554322e-01 2.545225064731485576e-01 2.312224228129760861e-01 2.350134716801698664e-01 2.243649708229610573e-01 2.041528694782068776e-01 2.149302676726397299e-01 2.232036564578345206e-01 1.827783608558782302e-01 2.136563530427809665e-01 1.990500398089350143e-01 1.871736407869148688e-01 1.889305739516637106e-01 2.100664332881999330e-01 1.817987841743348154e-01 1.729538840860342652e-01 1.696433169222078263e-01 1.753611476183926099e-01 1.525900758031621673e-01 1.735091248197345448e-01 1.314393302841806166e-01 1.496406796635978698e-01 1.513877451147354336e-01 1.517324866849873444e-01 1.514645382712783428e-01 1.392753570470056657e-01 1.427752293630379643e-01 1.536767611422199808e-01 1.556970399275160732e-01 1.643477399622314816e-01 1.708047839349378372e-01 1.857809414567559991e-01 1.927540868292226539e-01 1.643888619314426980e-01 1.572452847529990649e-01 1.601867495516049178e-01 1.551223201043547273e-01 1.540631407462818570e-01 1.782129674274343933e-01 1.627525126810996370e-01
1.237096443676741764e-01 1.034310177186919533e-01 1.000000000000000000e+00 4.010632906785972507e-01 2.404026171607440143e-01 2.135410701671583700e-01 3.639191907424171868e-01 3.002794963863555378e-01 3.482715062609720302e-01 3.042384203922016139e-01 3.871867522509581661e-01 4.013709208362329917e-01 3.552440363572014759e-01 3.139437163687963661e-01 3.889692841824154423e-01 3.416678910363176169e-01 3.733826384521659048e-01 3.390625445105941438e-01 3.764678678855515881e-01 3.720095648181639958e-01 4.239874144199727302e-01 4.285869327387020200e-01 3.501180428010897683e-01 3.365514371358514500e-01 3.667214506323877576e-01 3.934196482187310995e-01 4.044784815023283464e-01 3.927913274694738721e-01 3.566144211198764014e-01 3.494892831034540071e-01 3.791138356163384349e-01 3.826795614557875758e-01 3.738463061089610240e-01 3.764526194332959985e-01 3.565247422930162280e-01 3.904291407165868533e-01 3.813206231890171605e-01 3.760091212663869142e-01 3.829595702042618011e-01 4.009929749610409155e-01 3.779916319414930448e-01 3.877929387006384676e-01 3.960971391125615026e-01 3.906912277249969812e-01 3.943537495734192877e-01 3.715445301183035176e-01 3.707786233506506490e-01 3.677843063764583698e-01 3.652660089707133739e-01 3.914956630580457286e-01 3.880056444254260106e-01 4.174515171400612346e-01 3.961094345278785012e-01 3.661144529437733719e-01 3.818662328484110358e-01 3.780624815908834035e-01 3.992706655405809379e-01 3.737988007917603106e-01 3.812756547435360854e-01 3.775401011148944441e-01 3.887675965291415570e-01 3.847246465982731567e-01 3.842469751337637685e-01 3.777547567186855804e-01 3.942207480309959933e-01 3.952655862277978938e-01 3.744760728108362802e-01 3.867700989390379651e-01 3.817415177856359199e-01 4.148001895032103481e-01 4.074109362015558289e-01 3.903903269763732697e-01 3.935556001669007764e-01 3.879399435506430960e-01 3.870603605621110721e-01 3.801504750355592099e-01 3.776000340923856835e-01 3.738512120452771592e-01 3.707515478663114261e-01 3.596804277283218720e-01 3.712628667019639006e-01 3.752799527461107010e-01 3.930765158509608725e-01 3.705317617741927805e-01 3.844681153447843669e-01 3.753393437348948036e-01 3.817575393301863573e-01 3.790570835860683219e-01 3.721391262482421358e-01 3.911898414337476315e-01 3.801371412011064210e-01 3.731872151820865846e-01 3.815984020990784709e-01 3.731380196155722473e-01 3.633586926393825300e-01 3.656884391099469167e-01 3.919422814542485867e-01 3.955987477520406248e-01 3.797592522990003161e-01 3.814833481804494886e-01 3.782384782073797136e-01 3.851656559496194898e-01 3.801521873582328070e-01 3.762811668139485199e-01 3.868835611953916342e-01 3.933909521570950196e-01 3.734629244395715753e-01 3.691716180540176584e-01 3.788071043401465277e-01 3.683310277149317025e-01 3.818215464493352473e-01 3.719031411942174126e-01 3.734217604675127422e-01 3.716871966986312059e-01 3.787890792574807319e-01 3.797542148472725643e-01
-5.975877758627923947e-02 -1.113200996773471181e-02 4.010632906785972507e-01 1.000000000000000000e+00 3.767329342047738283e-01 3.668864754305573572e-01 5.692372794530439206e-01 5.060581818891169981e-01 3.984450540828833320e-01 3.719197920950885194e-01 5.451508399462938748e-01 6.409249116802769874e-01 5.310324855199742844e-01 4.348073853845573211e-01 5.804546194486916999e-01 5.567441443581294669e-01 4.652754070526927133e-01 3.184671779632403110e-01 4.086197172497102459e-01 5.305890041865197748e-01 6.138715889224451994e-01 5.551523008636375378e-01 3.366881517117124023e-01 3.063389407656772478e-01 3.601674443523913416e-01 4.698644638348795644e-01 5.003331607366579004e-01 4.725734866700451731e-01 3.612468158699680965e-01 3.732884200024333410e-01 4.774118486865364663e-01 4.580017804887585586e-01 4.528003579406689183e-01 4.440647339400781157e-01 3.912850502483591897e-01 4.998932115288909350e-01 4.690926736712871525e-01 5.006139595940656273e-01 4.934395661704727987e-01 5.645797839233213100e-01 5.289133803587744431e-01 5.365809491996547109e-01 5.599908607010375405e-01 5.486594223447356367e-01 5.382073722083439149e-01 4.974673204547516159e-01 5.343716324869547396e-01 5.045574215877516311e-01 5.154123573383784240e-01 5.617283865646329755e-01 5.403392092276650960e-01 6.228620801202279234e-01 5.750735164486117101e-01 4.813862404443908782e-01 4.919692011628566397e-01 4.800472239607332381e-01 5.443353220397417758e-01 5.252721717188314488e-01 5.223878696942084732e-01 5.314670287161997742e-01 5.620377719998359556e-01 5.364472690438943925e-01 5.341640184134388569e-01 5.286828583334103326e-01 5.396856317678926374e-01 5.469309378180671199e-01 5.060480390869082079e-01 5.041982609427383411e-01 4.796636181596768966e-01 5.803650536844296992e-01 5.802364185100264971e-01 5.218258987697819151e-01 4.954847309114645548e-01 4.895013276142364256e-01 5.223204579429547856e-01 5.181589251371639948e-01 4.965071408781126516e-01 4.630289475537442412e-01 4.740716381500454935e-01 4.453217850585385329e-01 4.802422664182665057e-01 5.049799737058617843e-01 5.248967112625398945e-01 4.728591710956550620e-01 5.323529328262808225e-01 4.899188489982723715e-01 5.183211923014395817e-01 5.291119357105665832e-01 5.103045008634232715e-01 5.334089434456892320e-01 5.384757220743576767e-01 5.284086526008408002e-01 5.376353498736744507e-01 5.286652403003136991e-01 5.245931733774912287e-01 5.129129058555669252e-01 5.932444877486223733e-01 5.764273104822976723e-01 5.568930259991451415e-01 5.600786432287626626e-01 5.570914798930047818e-01 5.748262282823082270e-01 5.533226795594342606e-01 5.446306532940711209e-01 5.621044746236839584e-01 5.647708255383170339e-01 5.228886529234867409e-01 5.078084346808264815e-01 5.198402543312242718e-01 5.291199932399497374e-01 5.557701669149542889e-01 5.317838966040568938e-01 5.391640501021791598e-01 5.374758939986707951e-01 5.307152912922539212e-01 5.387851191193014921e-01
-1.720190965715702458e-02 4.886254381574833827e-02 2.404026171607440143e-01 3.767329342047738283e-01 1.000000000000000000e+00 2.947906484099330759e-01 4.740138487148518598e-01 4.342056070139814206e-01 3.882204154727204037e-01 3.609393552790148285e-01 4.375139844364711594e-01 4.960939250561533509e-01 4.556936706821351213e-01 3.794397119378414285e-01 4.895798979504185633e-01 4.769925977635779968e-01 4.035408940276761780e-01 2.960787583777516607e-01 3.663127419798758999e-01 4.044025409535568216e-01 4.291122288212700364e-01 4.286688020428633394e-01 3.537651271737902170e-01 2.881712693826226634e-01 3.301463512076374673e-01 4.079012571004291265e-01 4.237058716780485179e-01 4.140479340503387951e-01 3.599247206190486770e-01 3.663414996857163319e-01 4.209267689016009117e-01 4.392344363480297220e-01 3.971380076689892125e-01 3.980987244494762489e-01 3.807833086265862144e-01 4.097133248498757707e-01 4.212903004193675471e-01 4.439285203353833809e-01 4.436208803787753951e-01 4.508024579200553550e-01 4.643794111521670209e-01 4.661844275292835738e-01 4.641033807490368424e-01 4.788720430571427045e-01 4.607399788978958077e-01 4.607662964436287090e-01 4.803285859708996131e-01 4.696336094993135424e-01 4.689572004010205131e-01 4.630301600875533219e-01 4.564799278021858253e-01 4.731913546703219176e-01 4.829705791161986173e-01 4.609830420342901358e-01 4.612353916279053889e-01 4.499751432943189799e-01 4.652954411567969961e-01 4.731935873473513410e-01 4.625439415320563019e-01 4.796302194462728208e-01 4.793094991694686891e-01 4.715689905356680311e-01 4.747303912570850493e-01 4.720908765760800652e-01 4.715823170483827709e-01 4.795870272197204631e-01 4.689218248494430030e-01 4.612498737622103828e-01 4.570230080260710426e-01 4.934994925918302355e-01 4.862895155701904559e-01 4.668182630694549529e-01 4.426916211456227157e-01 4.504792749904113491e-01 4.683144393348396828e-01 4.662315237363013898e-01 4.574044542971280602e-01 4.360555399540174681e-01 4.524028339466235615e-01 4.412082875568040241e-01 4.500320176934085037e-01 4.604554053054807361e-01 4.587542307375071515e-01 4.460738004855399619e-01 4.612144105640264558e-01 4.514768688283182785e-01 4.632295063185474238e-01 4.687972900715975388e-01 4.629396473077209140e-01 4.685463116596388367e-01 4.679734439786323863e-01 4.754500193111806938e-01 4.781486841699923440e-01 4.768712124990858170e-01 4.765287177768864346e-01 4.724284939398558092e-01 4.800537579639156949e-01 4.802934090128788691e-01 4.811847904079523119e-01 4.802250964335199046e-01 4.782475270657085553e-01 4.828869028403632857e-01 4.849079656681818951e-01 4.832930875530183079e-01 4.815913105546595907e-01 4.790078868839879878e-01 4.755879658746982597e-01 4.691176185917961816e-01 4.710773512793358653e-01 4.752705244345045155e-01 4.812895796165956863e-01 4.804469339662617022e-01 4.815698763530494864e-01 4.761679871142244780e-01 4.714962772592704021e-01 4.812912539525864841e-01
-6.051002696833150674e-02 5.305258177427065597e-02 2.135410701671583700e-01 3.668864754305573572e-01 2.947906484099330759e-01 1.000000000000000000e+00 5.106176304554255196e-01 4.707793782242694069e-01 4.525886133107083209e-01 4.424895575078282572e-01 5.128387279389663433e-01 5.518343260659215321e-01 5.087915436746456299e-01 4.569184172410902245e-01 5.612347003190973904e-01 5.690137322146968657e-01 4.446811237544740503e-01 3.129762912153636334e-01 4.118160107172720852e-01 3.979209945472948484e-01 4.557105110674364856e-01 4.790674388410775530e-01 3.873991217771590723e-01 3.225777571742428629e-01 3.860966603304261668e-01 4.577884852544799044e-01 4.784000846027750553e-01 4.724179198287295489e-01 4.301644895288632697e-01 4.323404344763968066e-01 5.035374129866152515e-01 5.011577589691927903e-01 4.782203560823392596e-01 4.705944019912245424e-01 4.477617535759692569e-01 4.953583923618170570e-01 5.073648989661300179e-01 5.291634620041476555e-01 5.403411525748826882e-01 5.304216060730240212e-01 5.602789832955040739e-01 5.646844055903347259e-01 5.434219802917990005e-01 5.736015696419465293e-01 5.532313050632778895e-01 5.569601419477120396e-01 5.719497943879831015e-01 5.626781266897417089e-01 5.644007269393033210e-01 5.369184436922157522e-01 5.356226347163166590e-01 5.458009436986447360e-01 5.702450899970232800e-01 5.528364659196343123e-01 5.374791610782287954e-01 5.313964958799747285e-01 5.256653366266609284e-01 5.665699177793207530e-01 5.528738427057798832e-01 5.677571763880258082e-01 5.642766741934924779e-01 5.630971477557209504e-01 5.611795649732079783e-01 5.649567152057141106e-01 5.464162610267530029e-01 5.553507280354025299e-01 5.677088607369891182e-01 5.516966262412301703e-01 5.440054967080646398e-01 5.639405087135183070e-01 5.765999576939306870e-01 5.625014419581806369e-01 5.263760347910316773e-01 5.428235430698931108e-01 5.584192700803454201e-01 5.658161981896219217e-01 5.521053431130892308e-01 5.314196470869112510e-01 5.516637280669831611e-01 5.322066145336145082e-01 5.460114972715127690e-01 5.595742778024106467e-01 5.465866072443077428e-01 5.395945404971436155e-01 5.612614236519610778e-01 5.501606439734806342e-01 5.611338392463753877e-01 5.719572026592218972e-01 5.699173135640941412e-01 5.598857157325132228e-01 5.726253747516999448e-01 5.796734992730911973e-01 5.787929383948671180e-01 5.778563617033424249e-01 5.801064311212864588e-01 5.738648848349069409e-01 5.748704735829330836e-01 5.587283120273619508e-01 5.800751486338130425e-01 5.797803458547371447e-01 5.857807458876271856e-01 5.812155613077342187e-01 5.790294758191583124e-01 5.845023732469128985e-01 5.761599539489040689e-01 5.633940960111099017e-01 5.705252940159079023e-01 5.704416509719233419e-01 5.646896837787293011e-01 5.788358699029660936e-01 5.807926260242002314e-01 5.783301042493858013e-01 5.801995115552777138e-01 5.765198410110532468e-01 5.686503149565984572e-01 5.731299743634682420e-01
-3.209327376300431106e-02 8.774097366412864085e-02 3.639191907424171868e-01 5.692372794530439206e-01 4.740138487148518598e-01 5.106176304554255196e-01 1.000000000000000000e+00 6.742370962229065068e-01 6.445455738087954023e-01 6.217986509558246500e-01 7.292692874713514462e-01 7.891933010931099224e-01 7.202742545206444191e-01 6.322279312364357251e-01 8.086747969620886600e-01 7.692735748111668714e-01 6.647821934757366380e-01 5.012667399292664028e-01 6.144586180580473567e-01 6.085534666000075310e-01 6.817910848867236862e-01 7.087021229456854643e-01 5.857447974451249761e-01 5.071665954025822431e-01 5.691947568759672116e-01 6.930548756928233134e-01 7.134543142869024246e-01 7.005079606422863758e-01 6.206621816620953025e-01 6.265290129661831298e-01 7.300904857886247878e-01 7.289811350145957158e-01 6.905741011674962904e-01 7.019310848221089749e-01 6.532706879935068489e-01 7.277290571539074548e-01 7.229008246498652701e-01 7.631208524113494152e-01 7.641900647740903496e-01 7.726330592121370966e-01 7.790369758873922912e-01 7.873899793083478649e-01 7.748299628964246955e-01 7.992090405345919635e-01 7.839586112459199230e-01 7.767056037868002027e-01 7.900473879861290571e-01 7.773248696595417284e-01 7.797528643062739961e-01 7.774400316791485466e-01 7.748893910887952874e-01 7.794464137958871941e-01 7.874045312495593363e-01 7.632473254593584722e-01 7.581292647325841294e-01 7.548593905753152589e-01 7.582292514720130328e-01 7.831219950855569101e-01 7.734529694725950089e-01 7.831722548838341291e-01 7.898285255220890422e-01 7.837509456201678937e-01 7.823017131900936727e-01 7.852283959677255343e-01 7.757869138302344592e-01 7.799404613808901265e-01 7.839708630466344363e-01 7.705294977430336978e-01 7.630437338070535924e-01 8.004329183906616629e-01 8.050397208574863184e-01 7.813603448176690280e-01 7.527403836991429786e-01 7.555725841541209853e-01 7.846335422531083292e-01 7.843334065141752687e-01 7.730485145696228688e-01 7.452220133418775427e-01 7.641687941351023028e-01 7.396293391521605587e-01 7.635716804781900180e-01 7.796517289561120112e-01 7.797442883709772010e-01 7.554631074971053240e-01 7.925594590589306598e-01 7.719307778214802296e-01 7.833108899594358743e-01 7.973614783763189884e-01 7.850266067070935661e-01 7.901017553787170744e-01 7.970598160929347475e-01 7.962071437527538098e-01 7.974679168976510635e-01 7.950822067858480668e-01 7.916193186900718493e-01 7.864648565430090166e-01 8.072380101879861325e-01 7.921270582286835671e-01 8.008483009012261622e-01 8.063084900895467477e-01 8.052834701172004728e-01 8.050061388312480526e-01 7.977768311380740718e-01 8.000686200800624093e-01 8.006542095353599287e-01 7.887979217423889411e-01 7.881370292143862200e-01 7.831052659321862119e-01 7.845783172711865427e-01 7.926683788504044204e-01 8.021875239507243460e-01 7.906761196879203979e-01 7.959853560457845756e-01 7.927442696851253467e-01 7.846272305627940424e-01 7.889565124234820814e-01
-5.568156197253047029e-02 9.321498039704169403e-02 3.002794963863555378e-01 5.060581818891169981e-01 4.342056070139814206e-01 4.707793782242694069e-01 6.742370962229065068e-01 1.000000000000000000e+00 5.872809954418348743e-01 5.773165958806566467e-01 6.632929802152756071e-01 7.336262299393971897e-01 6.704734042903784941e-01 5.810674852587179862e-01 7.381300001995345639e-01 7.585545807316411704e-01 5.702016920674994882e-01 4.124196916856323614e-01 5.264332694260372980e-01 5.534380385299595417e-01 5.747034393683092546e-01 5.987141817086198969e-01 5.108669749179883812e-01 4.138714771018688898e-01 4.759865382260194400e-01 6.248358904727311369e-01 6.340534835566448146e-01 6.203787791564837617e-01 5.448422958739791433e-01 5.789889297425382386e-01 6.578929460983317101e-01 6.595601348610190540e-01 6.251430138943021575e-01 6.187586244874226926e-01 5.996230379981015712e-01 6.453561592241908729e-01 6.518528876603925104e-01 7.044663494924224834e-01 6.971879769505231472e-01 6.907912321922882182e-01 7.192125079471511917e-01 7.242892986631451757e-01 7.162149603287177868e-01 7.336132232740603110e-01 7.088247924818553702e-01 7.083781242324218574e-01 7.306303419566618773e-01 7.169431998431533559e-01 7.238108376682808043e-01 7.158623845536978836e-01 7.147528975573634868e-01 7.190671013900041819e-01 7.351679942445987770e-01 7.046474962322089031e-01 7.041004844613604208e-01 6.965797091192083013e-01 7.016035721513385059e-01 7.254770590097474603e-01 7.221827609426395567e-01 7.275434825593528609e-01 7.332091050673715804e-01 7.249557516450697570e-01 7.240746207140386081e-01 7.273610296019951127e-01 7.112051927914301297e-01 7.236354166232753515e-01 7.173528751812398019e-01 6.936875420981070128e-01 6.930007366359425269e-01 7.297812950726958459e-01 7.228538480905353225e-01 7.094397782425095889e-01 6.683492364748897518e-01 6.762718444193226430e-01 7.183693357625084985e-01 7.163075594277583669e-01 7.017599538899459422e-01 6.761742600156034344e-01 6.979250696944021559e-01 6.845363233368675360e-01 6.997869404063067345e-01 7.138110196823795883e-01 7.058023356316237562e-01 6.974629057313096459e-01 7.170985298456451495e-01 7.001683798742477371e-01 7.157552364960917402e-01 7.289967680892821544e-01 7.211755881167024596e-01 7.217373837499341249e-01 7.272623065745741355e-01 7.334415366226431088e-01 7.292394840737669304e-01 7.300022349595572946e-01 7.349770392100318794e-01 7.270827064790548189e-01 7.392412936513060862e-01 7.320257443354958315e-01 7.404584066785205865e-01 7.411727210398781907e-01 7.449254590842634416e-01 7.419700425937749699e-01 7.387754131817774184e-01 7.386062514954582214e-01 7.366128973160926963e-01 7.275591992209007319e-01 7.291725775943479482e-01 7.242219676234505910e-01 7.256559562722402212e-01 7.336007742446974955e-01 7.378375032213152496e-01 7.352797871349506798e-01 7.381126846297995092e-01 7.361747996408977146e-01 7.230276804268327417e-01 7.343065403077221331e-01
2.636693414448277317e-01 3.022698748813443248e-01 3.482715062609720302e-01 3.984450540828833320e-01 3.882204154727204037e-01 4.525886133107083209e-01 6.445455738087954023e-01 5.872809954418348743e-01 1.000000000000000000e+00 7.757949291204346842e-01 7.750404838332209945e-01 7.547767689695510374e-01 7.183325764057809648e-01 6.623848079376787323e-01 7.949301624821495382e-01 7.267432735058528825e-01 8.141881837779920694e-01 7.512147842630311212e-01 8.075071811534306754e-01 6.289905278330134575e-01 6.509285700025584376e-01 7.607420283919724691e-01 8.319683791232379555e-01 7.625087566040129605e-01 7.902841549896943985e-01 8.596999435906926834e-01 8.513240710865800365e-01 8.467898839895590113e-01 8.335899551399020835e-01 8.537415871522497923e-01 8.725089823907677955e-01 8.758033779979762512e-01 8.344874667075805608e-01 8.583596972188164420e-01 8.525949451555580039e-01 8.395661530604187073e-01 8.613699915780136385e-01 8.577111469197324922e-01 8.729167230803385191e-01 8.172945011743200094e-01 8.492875616450472620e-01 8.537856775827078470e-01 8.270678684108430101e-01 8.525589939156191788e-01 8.622679705245238635e-01 8.622143683660703495e-01 8.405888896215734096e-01 8.653822725491776557e-01 8.531312666362149688e-01 8.246563626692478000e-01 8.501196042849080703e-01 8.019928559029068094e-01 8.271695858493856024e-01 8.767181744148339062e-01 8.799099040074107592e-01 8.816133013466858070e-01 8.563316488413125205e-01 8.514186686166673734e-01 8.615153100237186168e-01 8.540108340120893260e-01 8.469449253049896598e-01 8.615285206596667855e-01 8.593819016798326382e-01 8.566830984772040303e-01 8.668645430645613992e-01 8.623976541421132236e-01 8.642468551042830072e-01 8.737291805301397041e-01 8.808065979305436111e-01 8.398075114770325866e-01 8.339882960498585796e-01 8.671327424724496469e-01 8.731583600973124026e-01 8.781747853115129399e-01 8.709071770815272062e-01 8.620694057525329912e-01 8.712586119641433369e-01 8.746989481399131128e-01 8.756350991633241598e-01 8.784047192661827985e-01 8.786538130339623942e-01 8.687141095033305005e-01 8.722560520354375457e-01 8.729162310848826989e-01 8.525694744470988518e-01 8.723312156294517061e-01 8.661727392293535610e-01 8.544742657018822296e-01 8.598502839436475975e-01 8.631865096412323357e-01 8.451343744365729105e-01 8.498094758949035210e-01 8.490892904897194837e-01 8.507943674557814084e-01 8.386646925756290338e-01 8.530515193597008050e-01 8.095574965675255141e-01 8.388041667536023649e-01 8.346428827269599671e-01 8.341755835970732225e-01 8.293857460389515435e-01 8.278685486103963820e-01 8.344884738582356576e-01 8.376903728324043286e-01 8.424517155378907773e-01 8.423114047262426629e-01 8.544910327815236073e-01 8.590860832149526116e-01 8.618749019433127323e-01 8.456290501338151744e-01 8.379046724016746550e-01 8.465211154048479791e-01 8.420121842905066156e-01 8.426547661426699865e-01 8.588989825449998561e-01 8.502248954835135430e-01
1.425071180069038546e-01 2.604579717595464361e-01 3.042384203922016139e-01 3.719197920950885194e-01 3.609393552790148285e-01 4.424895575078282572e-01 6.217986509558246500e-01 5.773165958806566467e-01 7.757949291204346842e-01 1.000000000000000000e+00 7.363198697951152116e-01 7.186389088428233318e-01 6.965987310239800667e-01 6.380500374296763644e-01 7.611559638463987199e-01 7.163346144489607381e-01 7.424687427706128107e-01 6.472690236263889396e-01 7.214059030222965685e-01 5.292439215491039350e-01 5.827686413581711911e-01 6.870801703071832689e-01 7.422495105276635252e-01 6.604910391722753626e-01 6.964457102944003886e-01 7.987148887420072452e-01 7.781655858987710506e-01 7.861074577842275257e-01 7.724480839289898926e-01 7.969317823997953409e-01 8.125093427820048175e-01 8.052290327689838323e-01 7.807203470036366832e-01 7.890768740788098867e-01 7.982038464344570761e-01 7.772007275160105477e-01 8.024269103985616214e-01 8.135833568583075159e-01 8.208718750734006475e-01 7.684395627468205703e-01 8.111746951838846309e-01 8.148630500571898416e-01 7.851117642148098819e-01 8.135478549860758468e-01 8.147436042788746002e-01 8.216023748107291746e-01 8.091581006634048778e-01 8.285036847557770701e-01 8.162072484374359727e-01 7.757622835186696042e-01 7.955793079357192932e-01 7.425624826248331534e-01 7.871872100776708958e-01 8.316601216983990907e-01 8.303428610483263306e-01 8.311376843207294307e-01 7.913961469670707238e-01 8.160434163730611035e-01 8.135185269507629879e-01 8.120120753851234330e-01 8.013098222228196565e-01 8.147729504213514495e-01 8.113733946700504296e-01 8.136084374485597071e-01 8.115263952825041427e-01 8.106545760639893849e-01 8.232940010675183773e-01 8.212804527205876948e-01 8.254369274854025385e-01 7.852541439297814341e-01 7.897472905795187570e-01 8.215724705561521235e-01 8.084640519529672220e-01 8.206393995517511364e-01 8.288888739952838813e-01 8.270400320269877259e-01 8.304885412893240337e-01 8.310234441300026198e-01 8.323453046106020770e-01 8.383501092727511095e-01 8.344868939518265138e-01 8.288892684295853241e-01 8.183713694143739392e-01 8.357489883430839761e-01 8.099326907757138372e-01 8.260877270933277838e-01 8.223407299191782815e-01 8.194990664796042434e-01 8.243571252348046441e-01 8.196664323717678391e-01 8.114672534099757195e-01 8.183303552067939801e-01 8.139773886635156552e-01 8.194040077607825934e-01 8.127376326221801284e-01 8.207064291098330466e-01 7.791156804773380351e-01 7.940006504203654947e-01 8.059633016836670327e-01 8.023082809511418168e-01 8.020965230094065923e-01 7.965656495518831370e-01 8.034436958672488416e-01 8.070520149668085619e-01 8.048951185061448133e-01 8.012910685667238297e-01 8.189875198824885238e-01 8.243207318120262528e-01 8.265169773304457124e-01 8.147085001317153630e-01 8.089149925286334142e-01 8.140896627785304540e-01 8.119857468473683504e-01 8.114188586929655944e-01 8.177356888454710981e-01 8.130103010770417526e-01
6.907268475213559911e-02 1.843970591815058957e-01 3.871867522509581661e-01 5.451508399462938748e-01 4.375139844364711594e-01 5.128387279389663433e-01 7.292692874713514462e-01 6.632929802152756071e-01 7.750404838332209945e-01 7.363198697951152116e-01 1.000000000000000000e+00 8.497099906931947499e-01 7.656735419486336847e-01 7.089599915931871221e-01 8.531968399059992603e-01 8.070076263741466915e-01 7.990469544303967497e-01 6.629272693926024917e-01 7.740272815218396385e-01 6.419995407366795304e-01 7.423991955344367843e-01 8.052065004227303424e-01 7.531220861912131248e-01 6.710831174084271877e-01 7.383357451638321578e-01 8.418109333939478578e-01 8.472298072977020311e-01 8.348164272328962854e-01 7.790108585141032327e-01 7.979174057519665686e-01 8.656394599484629193e-01 8.596491718803803694e-01 8.217800989285308777e-01 8.396781930545288430e-01 8.088650601303176702e-01 8.605245363142285386e-01 8.569596145025279998e-01 8.749670398549509454e-01 8.789744749243544319e-01 8.698887134234642993e-01 8.864455249332025000e-01 8.879990072528171074e-01 8.799532681750940055e-01 8.922094538666195396e-01 8.957526222671861049e-01 8.813461972404803557e-01 8.871194227927489129e-01 8.870946921176836586e-01 8.854279315427330266e-01 8.776241432200523329e-01 8.908680845790117875e-01 8.716760338514956130e-01 8.812471098916696555e-01 8.826032778431515124e-01 8.866661727328868370e-01 8.822819732693296668e-01 8.798927847454612872e-01 8.876605030721504974e-01 8.868297662542202753e-01 8.899597697119879802e-01 8.955028138268604776e-01 8.949762827884898408e-01 8.896376412923390209e-01 8.903619669173177265e-01 8.949505639843245985e-01 8.936556588107162913e-01 8.895433624869061306e-01 8.934250357615241001e-01 8.866254465732459344e-01 8.865945440511183717e-01 8.972762120522069784e-01 8.961330750280509516e-01 8.765032631814549946e-01 8.837599685428695340e-01 8.977412630392549442e-01 8.946518940362957473e-01 8.866987889854532900e-01 8.754958474986088701e-01 8.793227861167195458e-01 8.722919518368886793e-01 8.860559265158368669e-01 8.923682081575549097e-01 8.977683236900604324e-01 8.821139566034020829e-01 8.924784010863624495e-01 8.875083024835338508e-01 8.958954501231360945e-01 8.936424362775009511e-01 8.914889298770615200e-01 8.969231954411464036e-01 8.942370872334934884e-01 8.930130699335826483e-01 8.955957820149970106e-01 8.922643627288177059e-01 8.851129948522231672e-01 8.878703617730671072e-01 8.849799916775783482e-01 8.914180766019861313e-01 8.922798580686250869e-01 8.933790604477063191e-01 8.905647742485297558e-01 8.926459756727395112e-01 8.894447590245144752e-01 8.913376150297994682e-01 8.963867842447645895e-01 8.926756657061902800e-01 8.902968548510955538e-01 8.909546840859020600e-01 8.947576620034497497e-01 8.907108374538609263e-01 8.927712558063902737e-01 8.897638107284644438e-01 8.899017199267015288e-01 8.899667789824473596e-01 8.944541902297977742e-01 8.909961623677399301e-01
-2.467517778775500312e-02 9.185447928034577714e-02 4.013709208362329917e-01 6.409249116802769874e-01 4.960939250561533509e-01 5.518343260659215321e-01 7.891933010931099224e-01 7.336262299393971897e-01 7.547767689695510374e-01 7.186389088428233318e-01 8.497099906931947499e-01 1.000000000000000000e+00 8.085153469074976007e-01 7.207935796190720890e-01 8.967189523383609639e-01 8.717532593276623443e-01 7.802731055139608962e-01 5.806205657700722611e-01 7.135206570162385686e-01 6.778183077581828586e-01 7.618076969319704794e-01 7.980013929196305700e-01 6.850064799292925333e-01 5.833028082781664958e-01 6.645757533531526651e-01 8.067715664440969769e-01 8.212564792317380569e-01 8.003860902476216399e-01 7.178944683882086952e-01 7.504737387099859047e-01 8.395452883420360113e-01 8.374065177897804801e-01 7.953685479780695511e-01 8.059770739033956799e-01 7.678038337764436783e-01 8.453853399618022069e-01 8.374957577901065431e-01 8.786784472776049126e-01 8.786242273338351616e-01 8.804508993779359693e-01 9.022917578951793471e-01 9.021546496846770680e-01 8.963680764183410421e-01 9.170413113111360870e-01 8.994433094347127344e-01 8.890624499029977645e-01 9.172228943070123153e-01 9.042119355826765403e-01 9.078303971013466089e-01 9.019818328267809049e-01 9.032332920650458785e-01 9.111981507495368060e-01 9.215288844143592062e-01 8.884753540595411447e-01 8.891299895990567581e-01 8.757206085672414320e-01 8.981455903464578006e-01 9.110389871057386069e-01 9.046459169176965798e-01 9.183584326115517005e-01 9.238051252484801301e-01 9.162593404194758762e-01 9.129600079696663650e-01 9.145698790875734785e-01 9.108433107019270336e-01 9.158495736240268581e-01 9.044470721360149401e-01 8.909427262747505738e-01 8.790585416264106167e-01 9.126974060678336720e-01 9.200370130057740070e-01 9.029506146060651828e-01 8.625884962557033298e-01 8.732746661450567771e-01 9.072832274349625914e-01 9.047006010690108457e-01 8.870371601486937152e-01 8.620671402767549063e-01 8.782849108782139202e-01 8.663399270439077204e-01 8.836516791550584893e-01 8.987481448876101231e-01 8.994834448316659792e-01 8.789316033627102565e-01 9.064534951805475194e-01 8.887286027372994779e-01 9.034212681633442266e-01 9.109490872815403373e-01 9.057430014633973681e-01 9.075017749301247383e-01 9.107594708233778258e-01 9.155898953529375550e-01 9.190873961367738154e-01 9.140681836678519190e-01 9.170319489247436007e-01 9.118415155559352892e-01 9.260895256138252929e-01 9.226174013068161317e-01 9.258525768209890927e-01 9.247528863751312000e-01 9.230143890922463124e-01 9.290574835375133844e-01 9.250237866736420456e-01 9.232031310537142099e-01 9.267403509659326577e-01 9.212926334052775612e-01 9.153813635982029906e-01 9.082529610311669277e-01 9.111798683093951245e-01 9.186487595847623311e-01 9.252580817096907051e-01 9.197472781905770001e-01 9.220739487375791965e-01 9.197171194062285782e-01 9.157159905146653456e-01 9.203941748937811695e-01
3.302004222419766509e-03 1.257900624162961167e-01 3.552440363572014759e-01 5.310324855199742844e-01 4.556936706821351213e-01 5.087915436746456299e-01 7.202742545206444191e-01 6.704734042903784941e-01 7.183325764057809648e-01 6.965987310239800667e-01 7.656735419486336847e-01 8.085153469074976007e-01 1.000000000000000000e+00 6.605987552304481980e-01 8.318511092138026752e-01 8.161917369807391021e-01 7.167094260064970079e-01 5.515938640591447895e-01 6.602709603900525082e-01 6.164412207022980095e-01 6.692624361959756962e-01 7.178962201404844867e-01 6.518197946406690813e-01 5.523672303725191135e-01 6.140769673388101202e-01 7.518458639894025630e-01 7.587658254966725968e-01 7.398036695719607536e-01 6.769874194421513502e-01 7.120014682699649100e-01 7.812722956894169180e-01 7.854168733873073682e-01 7.289627973364377622e-01 7.422051221243924912e-01 7.233896911344889213e-01 7.599608846312939647e-01 7.707262176882050397e-01 8.128558047485043847e-01 8.190621334604314407e-01 7.906527961413996053e-01 8.368090835213014556e-01 8.361731190396696212e-01 8.171827850149858685e-01 8.474588390079961231e-01 8.255906557862141559e-01 8.281592209913287705e-01 8.541385315566076830e-01 8.475204783362857430e-01 8.474494259586257128e-01 8.215375016926549367e-01 8.281422633273495260e-01 8.159770751601919114e-01 8.454825063918472994e-01 8.380486570861931384e-01 8.331101110857402903e-01 8.201991966543843438e-01 8.261612094183191646e-01 8.461764202269577151e-01 8.419621432268397099e-01 8.520945028116176934e-01 8.483695975484111251e-01 8.490133054550976777e-01 8.456515755088142017e-01 8.510164175072212345e-01 8.340419827757228344e-01 8.467162359854624176e-01 8.420243325425853520e-01 8.289267865110250266e-01 8.243245830156293863e-01 8.416496396559902671e-01 8.432106908210811325e-01 8.398835504153240317e-01 7.989308607658643924e-01 8.167700342338355401e-01 8.441928362715768186e-01 8.413864321486477227e-01 8.238045453926390316e-01 8.049396108514046411e-01 8.254562855244232944e-01 8.186165429039277130e-01 8.274063162427145457e-01 8.381853060579061987e-01 8.274602755271900367e-01 8.203600296385613611e-01 8.340130904940965539e-01 8.249088523887680990e-01 8.360130408741276442e-01 8.440303001626974222e-01 8.429557991697110841e-01 8.413934153868023458e-01 8.375332374197446139e-01 8.511719716437181615e-01 8.515089140926946909e-01 8.481228145657246920e-01 8.542654265778401035e-01 8.513060655302296942e-01 8.440242784301399404e-01 8.438882268564016353e-01 8.558450722865609261e-01 8.528002015901412491e-01 8.534257172212724729e-01 8.539830988842103121e-01 8.575698503332984668e-01 8.562111203667909232e-01 8.507406745130025039e-01 8.458060936068828584e-01 8.511269295454969575e-01 8.494180529318983153e-01 8.504939646889602134e-01 8.531295474926455791e-01 8.556160167515860504e-01 8.560788880535303846e-01 8.562679559284609443e-01 8.539457395516760752e-01 8.491441546854272548e-01 8.549937414338958375e-01
