1.000000000000000000e+00 9.551125913780868226e-02 1.129488551629746484e-01 1.762529240376346090e-02 4.929028307718980734e-02 7.123139854921581304e-02 3.591243837927640681e-02 2.519275488415791478e-02 5.946004379634521608e-02 1.573964389436054503e-02 2.843129736220309164e-02 1.187212335061555574e-02 1.926508889314135567e-02 1.987925347223312364e-02 1.594206500466225848e-02 4.082959458012609677e-02 7.935664013284975116e-02 1.057862604370615744e-01 9.200266283888394736e-02 8.411123204466963710e-02 1.007006514289863763e-01 1.010840126924138216e-01 1.150199179789827553e-01 1.126768307125839697e-01 9.607946009217249728e-02 6.850758358986244745e-02 7.925227373410975718e-02 7.455094816684450232e-02 8.220140834213350567e-02 1.014826609561734205e-01 8.470647035814846126e-02 5.775579722389150017e-02 5.942567747835059838e-02 6.911747334388748665e-02 3.250504839124454537e-02 4.773159389709931422e-02 7.503994603417618592e-02 3.037191617494887710e-02 4.158900983889196601e-02 2.263008451650962150e-02 3.395191180953458648e-02 2.312372851529366849e-02 3.265423546014562667e-02 2.856235273846545117e-02 3.542081163167312696e-02 2.745787094864590022e-02 1.441536353653432960e-02 1.592919038179825553e-02 2.570897304079210102e-03 2.629856809177834320e-02 2.401331103015062751e-02 2.282609421837769603e-02 1.177534336968305388e-02 2.506374494525439450e-02 1.725346748477777151e-02 3.482571601688871227e-02 3.502279524900837188e-02 1.607653988027712977e-02 7.346360893103289803e-03 2.454859261974037810e-02 1.132157929962824758e-02 2.558288671690041316e-02 7.644517589164735206e-03 2.825640314364868955e-02 4.811635976122897312e-02 3.909563222249619330e-02 1.717295799327095071e-02 3.168677046259456287e-02 3.810135170189986320e-02 3.022508329972323562e-02 4.126206490683378275e-02 3.294218395092388119e-02 3.999901686480523272e-02 4.995081791357203899e-02 2.671882218601756565e-02 3.269108069812953071e-02 2.717698937063745337e-02 3.338468359051739026e-02 3.478196064324023951e-02 3.369580444776572314e-02 3.346788227509334829e-02 3.241087322236566037e-02 3.852858155848932348e-02 2.163006445334635444e-02 1.673644267960172974e-02 2.654426485200992239e-02 2.313893052241225434e-02 6.372302518537615451e-03 1.806935762727830685e-02 2.786520733227266719e-02 1.544214743831830855e-02 9.590645065323718729e-03 1.618754488508112113e-02 1.644327888221624664e-02 4.414234512542310196e-03 8.115182078131295135e-03 -7.230172161804471935e-04 1.873071124087987566e-02 2.813793694218528346e-03 1.250947015312782289e-02 1.010365771093206175e-02 9.363076163964582921e-03 3.373989891249250164e-04 1.302601468309557732e-02 1.659404980371954885e-02 1.105284557684324542e-02 7.803338444594016057e-03 1.338722189045586305e-02 1.147492749185403949e-02 1.265762759095504994e-02 9.352596635859290047e-03 1.617437684690420027e-02 1.731371156091791874e-02 1.151558601930973043e-02 2.413894799446501122e-02 2.169279709785433205e-02
9.551125913780868226e-02 1.000000000000000000e+00 1.034175571568544671e-01 5.084689817235534676e-02 6.384029575879239526e-02 8.858182540354390955e-02 1.384590273571323360e-01 1.027808504218563207e-01 1.348525162224753493e-01 1.259713643677416450e-01 1.230932962289434385e-01 9.504178361529849739e-02 1.007637123700292903e-01 5.133610394002748739e-02 9.859974161134962833e-02 1.141550048368688980e-01 1.361068596179435819e-01 1.113245808924169661e-01 1.302171697386567406e-01 7.935351551421854222e-02 1.091604481047509095e-01 1.408816628886338795e-01 1.306428593072712641e-01 1.203578571193536090e-01 1.295651422382376461e-01 1.265843230188313240e-01 1.335886072199514996e-01 1.337607359149654285e-01 1.331504295130449544e-01 1.625643639592954937e-01 1.539898670978129269e-01 1.214822296507100524e-01 1.354081542145876005e-01 1.273133144120784377e-01 1.322819698082445539e-01 1.265805853599736297e-01 1.561731332011241091e-01 1.213964354370820758e-01 1.269731249324440037e-01 1.084792994025113311e-01 1.184436828695144273e-01 1.170907295713116136e-01 9.966824546702027221e-02 1.098802757562377663e-01 1.205996945369502693e-01 1.217942441593345276e-01 1.135393673556988614e-01 1.119803825684301812e-01 1.008372499912189996e-01 1.022248720346390638e-01 1.036073265669622823e-01 9.717964045425776798e-02 1.027388567117900886e-01 1.101422769637274562e-01 1.067229147066551254e-01 1.149033195896656673e-01 1.067108855168638210e-01 1.102109108452778569e-01 1.072583225518880939e-01 1.176866434938353828e-01 1.040664214487914963e-01 1.115944587295324975e-01 9.717673390493708485e-02 1.128034958388251102e-01 1.320924718312699864e-01 1.201672689865080357e-01 1.115892622225269776e-01 1.120171014784114016e-01 1.174396025351685802e-01 1.032268271386957564e-01 1.168846272604188580e-01 1.238185209697197642e-01 1.102776305359248615e-01 1.249561408320302713e-01 1.131535314771264650e-01 1.173631530230054287e-01 1.198015174282374973e-01 1.221793724867021730e-01 1.255757196713718216e-01 1.333527304051228546e-01 1.312208554178621867e-01 1.285200185865836564e-01 1.271154864998804146e-01 1.242158654155703090e-01 1.102072378253605295e-01 1.162515423872392123e-01 1.230146366472491676e-01 1.097170607728122221e-01 1.218723048343006571e-01 1.176555437876643101e-01 1.149944105380385495e-01 1.094704496133829252e-01 1.154841221825829017e-01 1.183371390367803228e-01 1.062953157034109974e-01 1.092203566100368589e-01 9.721732881188246966e-02 1.075141230658761271e-01 1.063470046623323506e-01 1.077716947917706225e-01 1.069913114437132245e-01 1.059540821401920713e-01 1.045360831045971939e-01 1.074030547409170061e-01 1.114543962027036983e-01 1.061790745650829093e-01 1.091040759302199653e-01 1.121142215467356151e-01 1.100276356583701348e-01 1.101005160581662451e-01 1.097026926089702120e-01 1.141212566096742598e-01 1.127489028917713909e-01 1.087302250940796744e-01 1.207194238546425297e-01 1.185972130273638958e-01
1.129488551629746484e-01 1.034175571568544671e-01 1.000000000000000000e+00 2.497455592083288600e-01 1.503903702532937703e-01 2.409103438321594792e-01 3.181282791901535734e-01 2.816845441869573752e-01 3.313359717184679032e-01 2.449198893251084141e-01 3.327819862363036729e-01 3.147928171940879150e-01 2.562742080548875978e-01 2.105618015303391544e-01 3.143575269133453420e-01 3.430229401767307951e-01 3.392439670191333412e-01 3.549144940541459348e-01 3.590152288203944386e-01 3.409741937172872661e-01 3.615284727671489451e-01 4.017032215293361297e-01 3.911198745467878712e-01 3.782288700380311286e-01 3.688907739704165301e-01 3.876825027676714663e-01 4.032170565723097733e-01 3.953129505720033299e-01 3.769293940789376629e-01 3.840837976856801839e-01 3.963989666697551040e-01 3.845392697885943178e-01 3.740510561098860931e-01 3.692966126820855788e-01 3.507593975473760617e-01 3.634679537961063023e-01 3.959050384207867257e-01 3.557049351275779481e-01 3.637248259526089100e-01 3.690144271857063174e-01 3.467190361103735241e-01 3.591156954682600544e-01 3.533501002615336284e-01 3.551360268774277906e-01 3.586064053944744701e-01 3.581376301540933338e-01 3.192561864776781166e-01 3.239786963467283787e-01 3.187708890889180413e-01 3.380037454770126182e-01 3.474828268511641061e-01 3.212331185971827874e-01 3.156918580932359664e-01 3.208795105320611518e-01 3.283006377462838188e-01 3.537235519420124930e-01 3.245560009591538786e-01 3.289819506516391545e-01 3.243025138660344253e-01 3.212519978748619720e-01 3.212920606691500591e-01 3.221485976079183078e-01 3.118566041799239463e-01 3.284057821219026896e-01 3.463894777154593041e-01 3.280948693580919007e-01 3.278336449285840781e-01 3.457342839551903468e-01 3.496724602942128945e-01 3.563701129381749433e-01 3.619270216480452995e-01 3.530784355644102090e-01 3.512333479294495464e-01 3.615338451954610566e-01 3.429188869920309912e-01 3.552293715249239536e-01 3.433049378957823694e-01 3.454411583217312232e-01 3.448770678700681103e-01 3.514940987608632383e-01 3.494251619792798635e-01 3.553249163052792925e-01 3.472186385337136527e-01 3.383614493504797371e-01 3.348636450488676197e-01 3.392328190184916159e-01 3.438564493430845692e-01 3.287495496655900018e-01 3.343914398753954909e-01 3.378611721012607649e-01 3.414024864331762221e-01 3.283213863510340280e-01 3.383712016238870079e-01 3.420816810534642038e-01 3.191476194545012635e-01 3.193944047395023134e-01 3.226306861458415609e-01 3.225104790461656434e-01 3.164958007249704663e-01 3.327200952827846780e-01 3.298447242603342322e-01 3.239671890937184107e-01 3.152560185823474748e-01 3.294300511116582397e-01 3.332002316865085856e-01 3.135758692842751660e-01 3.193876656307175765e-01 3.254688833987626206e-01 3.198060857188649297e-01 3.239784220661806047e-01 3.257290139509297355e-01 3.210247408900944177e-01 3.226250111954330202e-01 3.221195963036002641e-01 3.341454738152208059e-01 3.194969858320549361e-01
1.762529240376346090e-02 5.084689817235534676e-02 2.497455592083288600e-01 1.000000000000000000e+00 3.021556288047040906e-01 2.736048475367924837e-01 5.033560246261875593e-01 5.583746496799683046e-01 4.833075737860549337e-01 3.872741666520982395e-01 4.785368821273013329e-01 6.384622080026540747e-01 5.301998479320126911e-01 3.690518770874465226e-01 5.538823776142899336e-01 5.564961261982358520e-01 4.091105955622325596e-01 2.381663921763312042e-01 2.670694110038230873e-01 3.647306879716767369e-01 3.757064904220950297e-01 3.664370812894696683e-01 3.675327825104074408e-01 3.233626443548536233e-01 3.759420151948997812e-01 5.046006144067090027e-01 4.809991348879418260e-01 4.084457513099037929e-01 2.723610234297382804e-01 2.745442952483574950e-01 3.693981550420763482e-01 4.435743457216748675e-01 3.522558848232983930e-01 3.821077551637991898e-01 3.383258622012830230e-01 4.970663756307351910e-01 4.406310468453197848e-01 4.748103346850505724e-01 4.312093114155104989e-01 5.553093997630228484e-01 5.524990770350903801e-01 5.315390928642274027e-01 5.559467376583190346e-01 5.704197347674716534e-01 5.632447285897179690e-01 4.670197058723398187e-01 5.438611722023887207e-01 5.229614263538693297e-01 5.432507507230410759e-01 5.596615442518700911e-01 5.334818134241912091e-01 6.010994966320730715e-01 5.987027602924929193e-01 4.935779281818002961e-01 4.849349813983899193e-01 4.991252862836155768e-01 5.260251743497177390e-01 5.419247740657155976e-01 5.087326491118845384e-01 5.439230158207649657e-01 5.643246007784216145e-01 5.100503655724507590e-01 5.271687411402073975e-01 5.262653949763779204e-01 5.055857231705513932e-01 5.283817192949767927e-01 5.150459499935985397e-01 4.755958408741608467e-01 4.864869457413510401e-01 5.372936129160376106e-01 4.943321232118639830e-01 4.822158180687177165e-01 4.738884463838390904e-01 4.762752078277670553e-01 5.463008476095260191e-01 5.159029818805729306e-01 4.878485552560863914e-01 4.552951516610620475e-01 4.586811262849930793e-01 4.554052160646640535e-01 4.766128627524371941e-01 4.825665321098823735e-01 5.070857500927639094e-01 4.533927058071794414e-01 5.131776728071019145e-01 4.805886972507469879e-01 5.193138470874810730e-01 5.319550010508802274e-01 4.935885307948829070e-01 5.082841811981515523e-01 5.340095368049254665e-01 5.398719112104730655e-01 5.510512995258639579e-01 5.170897799346259038e-01 5.362989145206551456e-01 5.278999741472045759e-01 5.959983838532836309e-01 5.689032048399226271e-01 5.528467391227986916e-01 5.495702256487686732e-01 5.657621965868036007e-01 5.432891383918644346e-01 5.797762777415539359e-01 5.622374889786060370e-01 5.597288905563033712e-01 5.373298373185525501e-01 5.382956620486621935e-01 5.152175810989816362e-01 5.165740402746566984e-01 5.405601088405728172e-01 5.275863321025129338e-01 5.395034354039931479e-01 5.246161666639481691e-01 5.430654682161075719e-01 5.189478495563412119e-01 5.390500212562870930e-01
4.929028307718980734e-02 6.384029575879239526e-02 1.503903702532937703e-01 3.021556288047040906e-01 1.000000000000000000e+00 2.601872878389528410e-01 4.081064149472045655e-01 4.275445595991670955e-01 4.141042892764928429e-01 3.422138348580352485e-01 3.899533334416514507e-01 4.405251464068253298e-01 4.609501326892191386e-01 3.061969671219065825e-01 4.485553359528226536e-01 4.605660000603359339e-01 3.885278346421138229e-01 3.420285920997855889e-01 3.621964854980869730e-01 3.033359456726815728e-01 3.513255119384994241e-01 3.873282231205049109e-01 4.206116911534382163e-01 3.937873096406471762e-01 4.073929023572622210e-01 4.486598467463736029e-01 4.217907786153849425e-01 4.076822841360078220e-01 3.632441810034766627e-01 3.635707541613345528e-01 3.881540638105132057e-01 4.325066054068936738e-01 3.887684215010832611e-01 4.133470105037005959e-01 3.840512371964302507e-01 4.449706891192123925e-01 4.223698741212485452e-01 4.218002478330808991e-01 4.156342183127273437e-01 4.428287498394976041e-01 4.533626949179627719e-01 4.526786360722365177e-01 4.519090450926809277e-01 4.577365008764924803e-01 4.597202268633486799e-01 4.333836952204976334e-01 4.541381899842654724e-01 4.510761806043914190e-01 4.401817905202357606e-01 4.333509394258058256e-01 4.350905579773873821e-01 4.546313180204939464e-01 4.525441309829938974e-01 4.408658700416948628e-01 4.346737625437952501e-01 4.545206089402798466e-01 4.270852787573691245e-01 4.543716165911184657e-01 4.316375218866325136e-01 4.568486394054375732e-01 4.542476725172884255e-01 4.417995027733141455e-01 4.294798787745148783e-01 4.396879113984288878e-01 4.451961869720141296e-01 4.533771928698974163e-01 4.492543569576870621e-01 4.436856892293858379e-01 4.534174605878437125e-01 4.419158532402595041e-01 4.467518117843278791e-01 4.471654927734036167e-01 4.442562654445405546e-01 4.484866483159597461e-01 4.595661566625481309e-01 4.502974826024587207e-01 4.445615864603472134e-01 4.360208797418944071e-01 4.307774944060143163e-01 4.311424069601695330e-01 4.381651926117521856e-01 4.381676688614398185e-01 4.511752753913642056e-01 4.317434911261400221e-01 4.438019395980993265e-01 4.424488850528556783e-01 4.563265123396938461e-01 4.467439182817387056e-01 4.404148378263008645e-01 4.524266233978276874e-01 4.538887423996082471e-01 4.524289284292789537e-01 4.588088612497562835e-01 4.473325329348441515e-01 4.517106779975849640e-01 4.507561432656217448e-01 4.539210736053870821e-01 4.445796921481325326e-01 4.515920826581885650e-01 4.513086728844816209e-01 4.582554686168639480e-01 4.471828790363830963e-01 4.533609282163265641e-01 4.585415158472583297e-01 4.583910532902275570e-01 4.445535231162000001e-01 4.474098502673744537e-01 4.512937916490165624e-01 4.519004884880151174e-01 4.513356931100721559e-01 4.504801116746758871e-01 4.553248575789351493e-01 4.490283237790623772e-01 4.503804823249709099e-01 4.474126227771631492e-01 4.524009645768474752e-01
7.123139854921581304e-02 8.858182540354390955e-02 2.409103438321594792e-01 2.736048475367924837e-01 2.601872878389528410e-01 1.000000000000000000e+00 4.624335396275219834e-01 4.364210350160644403e-01 4.909844924779260822e-01 3.695285360338129710e-01 4.801513892484816637e-01 4.742508170565655767e-01 4.405808525578253643e-01 3.305827338579245267e-01 4.851526104251774885e-01 5.053935281829177173e-01 5.040666331388984345e-01 4.716286812559011832e-01 5.122746297496225676e-01 3.949481548432194344e-01 4.597684170615777277e-01 5.336368097343332506e-01 5.241152319805872928e-01 5.055794032095968227e-01 5.345347270283262731e-01 5.409154664076174512e-01 5.490433272054787706e-01 5.345424638781512972e-01 5.033889151424110198e-01 5.162424028780475682e-01 5.402138527479471986e-01 5.408170137072718653e-01 5.073977068719414119e-01 5.282964825353224647e-01 5.084936532556999511e-01 5.328841125033011439e-01 5.462069006701153473e-01 5.257407245272437413e-01 5.283482111870774212e-01 5.123191737043990557e-01 5.229755261488379103e-01 5.189572558377195666e-01 5.115039147491872162e-01 5.275907528054222251e-01 5.302149898244246096e-01 5.278023066594428325e-01 5.139712573378897309e-01 5.191182373951733764e-01 5.110137061995262409e-01 5.098796902374223006e-01 5.178125294341643370e-01 4.942454489386235439e-01 4.850465392535706077e-01 5.206460856388839264e-01 5.229295211437726687e-01 5.372193826286246754e-01 5.142426413226988124e-01 5.165084757069299259e-01 5.123486643444863375e-01 5.109833073712133356e-01 5.116986383219258583e-01 5.126980257306291699e-01 5.005954291320524607e-01 5.096729804471173964e-01 5.258541680659671869e-01 5.138130298228892334e-01 5.239771279036052887e-01 5.338213441005121851e-01 5.367252014341973299e-01 5.213253811909657198e-01 5.408774886874514465e-01 5.403282614327770128e-01 5.373826388058867698e-01 5.486981277134876933e-01 5.286033742606421892e-01 5.367081884484247167e-01 5.294714137731841852e-01 5.303580251799735468e-01 5.295719287151672283e-01 5.313350275975461390e-01 5.320832695521089395e-01 5.354715594954828628e-01 5.355432488643733224e-01 5.241186574400004128e-01 5.248709636854324012e-01 5.323233451701736563e-01 5.306882020877649042e-01 5.194012454151885061e-01 5.260801069938434438e-01 5.275091060018343159e-01 5.223096509773683671e-01 5.195994979030710281e-01 5.237771287863868253e-01 5.304011283860571302e-01 5.131522210584766874e-01 5.147615742964910535e-01 5.077354327046001981e-01 5.126899287643762460e-01 5.140323514670488425e-01 5.222083601461825486e-01 5.184139387452351144e-01 5.178251316734939769e-01 5.031261174808547842e-01 5.194406474694448494e-01 5.201350380553716457e-01 5.067957643005724933e-01 5.146752883873820794e-01 5.174726220625925910e-01 5.200094074285364076e-01 5.193604419974187092e-01 5.202620066080170247e-01 5.139752410892014511e-01 5.177492864487895918e-01 5.121754654047602218e-01 5.232733016816978333e-01 5.099062076899745222e-01
3.591243837927640681e-02 1.384590273571323360e-01 3.181282791901535734e-01 5.033560246261875593e-01 4.081064149472045655e-01 4.624335396275219834e-01 1.000000000000000000e+00 7.079551264321050086e-01 7.185985024147338862e-01 6.033158964130118651e-01 7.112836001170164124e-01 7.806069739423271425e-01 7.189968113389626492e-01 5.451990764322564020e-01 8.093505344463344242e-01 8.083092646605929410e-01 7.154724582156338775e-01 6.121438575460367293e-01 6.563867294707187439e-01 5.499350272291627650e-01 6.191049809008708493e-01 6.847438723388807880e-01 7.015787961790891369e-01 6.499093841225870305e-01 7.008567363798564598e-01 7.910910512453173116e-01 7.780863366064176834e-01 7.598709665112226563e-01 6.860553849769406298e-01 6.894502426135743489e-01 7.470248034425791550e-01 7.768413483695666422e-01 7.310887835556251213e-01 7.459879407661088591e-01 7.258628092004600907e-01 7.794393451112812121e-01 7.650200769408803669e-01 7.987400421826607033e-01 7.917721898710167183e-01 8.062717616459085246e-01 8.111682500522666706e-01 8.173900666039719543e-01 8.050181989130150706e-01 8.249747760783633366e-01 8.170229673943295579e-01 8.056438614931734632e-01 8.101727514648284778e-01 8.101346291613470418e-01 8.077198868406233467e-01 7.924830296602930479e-01 8.105278897972445495e-01 7.897599179475607301e-01 8.020242336423790697e-01 7.939903283515045151e-01 7.884321150637723097e-01 8.068608445040911237e-01 7.858082288084388134e-01 8.192614407916873898e-01 8.026723753885525170e-01 8.117609153955552825e-01 8.177783306510276740e-01 8.014003919290615396e-01 7.930424904006799780e-01 8.087344492219680214e-01 7.992509954102857694e-01 8.058896221545834848e-01 8.082421356945919122e-01 8.027033885170546945e-01 8.062094614471073672e-01 7.994840990118805557e-01 8.038755169803196710e-01 8.075157271670561077e-01 7.933179724129225674e-01 7.989431446895538524e-01 8.219924947693814099e-01 8.174267717474764661e-01 8.120776374579394830e-01 7.989383556812528209e-01 8.019419906506972673e-01 7.994513631127141418e-01 8.031948701922341227e-01 8.104213538484842383e-01 8.148618182541732535e-01 7.953050066713666100e-01 8.093133558972757102e-01 8.042709280314129794e-01 8.147922003475561725e-01 8.206395530230196078e-01 8.148855437892917886e-01 8.122503596634995660e-01 8.214299211827744696e-01 8.205031636093710334e-01 8.222147325526257822e-01 8.217904176760720825e-01 8.140742788325632251e-01 8.110887841506857487e-01 8.136403606216426887e-01 8.062116075367332657e-01 8.140289181622990533e-01 8.217076352526105909e-01 8.197253096355052726e-01 8.147209630145665349e-01 8.129850895442858327e-01 8.230140596543416009e-01 8.204680857095734137e-01 8.023619064113370891e-01 8.129463339902021080e-01 8.099169092600124742e-01 8.097194714663890069e-01 8.140143755515801827e-01 8.153278639411593032e-01 8.122902348225938818e-01 8.101055132274550541e-01 8.165727739512634864e-01 8.112682888941447068e-01 8.101447925625154811e-01
2.519275488415791478e-02 1.027808504218563207e-01 2.816845441869573752e-01 5.583746496799683046e-01 4.275445595991670955e-01 4.364210350160644403e-01 7.079551264321050086e-01 1.000000000000000000e+00 7.146086679690705212e-01 6.127800199311049800e-01 7.114423657764865627e-01 7.948593054773124278e-01 7.222858748394963557e-01 5.304336123677261261e-01 7.903215334086534094e-01 8.192755811893899232e-01 6.948861726121269289e-01 5.389831559934253891e-01 6.018731054525591206e-01 5.141467669766998094e-01 5.739636682900782771e-01 6.367386201261603373e-01 6.528137306142880458e-01 5.975595837994743809e-01 6.533654950277887341e-01 7.692647107728375344e-01 7.293044262443492132e-01 7.019519802657463448e-01 6.115134926013515715e-01 6.162351013434325120e-01 6.877128444293528764e-01 7.469388635505633811e-01 6.710304324972007350e-01 7.086844377629916147e-01 6.783590560915491174e-01 7.604953882238486562e-01 7.194799812793888361e-01 7.788716878793970899e-01 7.523014964811192140e-01 7.881858964521644140e-01 8.002209863094728037e-01 7.977950382226211001e-01 7.968615658613316111e-01 8.164135847184983419e-01 7.955282455902275007e-01 7.783400382134019191e-01 8.059939308014655301e-01 7.982790938886054066e-01 8.102909775782313195e-01 8.060501405395827934e-01 8.092465718325003721e-01 7.948700371924424246e-01 8.136421254810189962e-01 7.827639041072960158e-01 7.768425885515128915e-01 7.852786649268065355e-01 7.843239160290186307e-01 8.108283974694707741e-01 7.940162900113617583e-01 8.059010784012915485e-01 8.173119074334087575e-01 7.980136823750429986e-01 7.982178645974959963e-01 8.062503088324571854e-01 7.838881313533179185e-01 7.993506846148149547e-01 7.968393782248338608e-01 7.772675627315035474e-01 7.855975610887845351e-01 7.851439883811258680e-01 7.749969555488062101e-01 7.801034800734117924e-01 7.686220374910335273e-01 7.694352841134365351e-01 8.087181087109686084e-01 7.946552957499920522e-01 7.878106525896545476e-01 7.667002493385066675e-01 7.714950588514978280e-01 7.688157782977795840e-01 7.756836422247344043e-01 7.821704850154186373e-01 7.959443876677543273e-01 7.679520960338549473e-01 8.008771602238572429e-01 7.839419880150875208e-01 7.948715114531074155e-01 8.143430099724602300e-01 7.934256218129619453e-01 7.965497293131412748e-01 8.038292615051847445e-01 8.087559158152758387e-01 8.086173458295644600e-01 8.032736828979630817e-01 8.081212635426415769e-01 8.030161641263245942e-01 8.230562481008878439e-01 8.166888058676901041e-01 8.165432591702324050e-01 8.182722017428459838e-01 8.167703823997090051e-01 8.148793758277401711e-01 8.170672765027295892e-01 8.206098703839628250e-01 8.150167470668214786e-01 8.032682981984393678e-01 8.079612234821841321e-01 7.990596319554814642e-01 8.013587781240854024e-01 8.094519882443558245e-01 8.064282843570231840e-01 8.087467294041316146e-01 8.041848147127559354e-01 8.151156154452073865e-01 7.985725181066396505e-01 8.045806313366388185e-01
5.946004379634521608e-02 1.348525162224753493e-01 3.313359717184679032e-01 4.833075737860549337e-01 4.141042892764928429e-01 4.909844924779260822e-01 7.185985024147338862e-01 7.146086679690705212e-01 1.000000000000000000e+00 6.686531212318806983e-01 7.670932519963661322e-01 7.965256967497471585e-01 7.426467030819574600e-01 5.524030327891370495e-01 8.164056562943755591e-01 8.299707341670873317e-01 7.786990646063228771e-01 6.387350145464173456e-01 7.164979515901529483e-01 5.698937254946867537e-01 6.377164701773522237e-01 7.363807774193138478e-01 7.495668235535970503e-01 6.966750823955000227e-01 7.522687385498931789e-01 8.285046280586663148e-01 7.990689574296975239e-01 7.981634819944445347e-01 7.319427472459668627e-01 7.400510933971796712e-01 7.919830965688592350e-01 8.273741059835317824e-01 7.635843935092706536e-01 7.867154042873969466e-01 7.748471394722932226e-01 8.055926570644713625e-01 8.117588110973871229e-01 8.228545277741337038e-01 8.189459773757444827e-01 8.197885456574843799e-01 8.571609224372127578e-01 8.469801562303568288e-01 8.226615210527203903e-01 8.514255908742615064e-01 8.463888645909685149e-01 8.382584069350815792e-01 8.573764257446108150e-01 8.620260837613120675e-01 8.460220837912070246e-01 8.083781503893717746e-01 8.315816345259512410e-01 8.098054187809445859e-01 8.327814007462215340e-01 8.559782253052681256e-01 8.436437316919714879e-01 8.541662519133227383e-01 8.310313530316060238e-01 8.579988378955908379e-01 8.461322531849317929e-01 8.630089858668475999e-01 8.550733093360568526e-01 8.555610855389114144e-01 8.384096527798946541e-01 8.464131659000063701e-01 8.567615675450948043e-01 8.593845018087957754e-01 8.607645388371161221e-01 8.516097448092222466e-01 8.596403025196096559e-01 8.374375087756202873e-01 8.450799916703991554e-01 8.572124010297893504e-01 8.442065471553804601e-01 8.479480060451847212e-01 8.637895996139647314e-01 8.628282079842517494e-01 8.590081269643878858e-01 8.505426594216960456e-01 8.553174044634624940e-01 8.524762637467075965e-01 8.554430255609835054e-01 8.591605081923120446e-01 8.618216062363854846e-01 8.474474954472366317e-01 8.466280963923075165e-01 8.533162871717073772e-01 8.593136550376999638e-01 8.560987401020448972e-01 8.563773814593015343e-01 8.612635958501217992e-01 8.571797046801234998e-01 8.604901428363439519e-01 8.617091720437456415e-01 8.605048165925581749e-01 8.610863995930693182e-01 8.621571835344453705e-01 8.409943806651776210e-01 8.422213556930822076e-01 8.571090669532475115e-01 8.566302782064973975e-01 8.559443016067616039e-01 8.578226786059942599e-01 8.522183027595762184e-01 8.610325627592687603e-01 8.580282070624993818e-01 8.513235069537032906e-01 8.590280620325533301e-01 8.618173752543411004e-01 8.625811237894873695e-01 8.609782091060528275e-01 8.628644656258299683e-01 8.642794291742933455e-01 8.630940385839104279e-01 8.568237026800821221e-01 8.615841263010788342e-01 8.616102540371024521e-01
1.573964389436054503e-02 1.259713643677416450e-01 2.449198893251084141e-01 3.872741666520982395e-01 3.422138348580352485e-01 3.695285360338129710e-01 6.033158964130118651e-01 6.127800199311049800e-01 6.686531212318806983e-01 1.000000000000000000e+00 6.245607105925985447e-01 6.762773668131856208e-01 6.403742256315837489e-01 4.580043103497066781e-01 6.922584963734712549e-01 7.001767547527331104e-01 6.485240194727444063e-01 4.880618126023670844e-01 5.645746245097031935e-01 4.119239559029489461e-01 4.681329464991652589e-01 5.535272078369154469e-01 5.878112548374406776e-01 5.369139512357319344e-01 5.911334281999417462e-01 6.814578424058073125e-01 6.556796461420799638e-01 6.517904447155714598e-01 5.908882916954726339e-01 5.975581223378704232e-01 6.476890990240621315e-01 6.710166946578627334e-01 6.323797959475212505e-01 6.544792830106881398e-01 6.436696385020885813e-01 6.771868919875462245e-01 6.683619523831313414e-01 6.856135332868580345e-01 6.961824309391710930e-01 6.909525279313746271e-01 7.304124514752673436e-01 7.213410753568595402e-01 6.933016607466737646e-01 7.182017450836296613e-01 7.189898321652283819e-01 7.035980629083954385e-01 7.364308265810964871e-01 7.402479071916462372e-01 7.193662698282825563e-01 6.699873236927543774e-01 6.978366409982837970e-01 6.857625315837779789e-01 7.131401827395885684e-01 7.247631248660221237e-01 7.050581776058759687e-01 7.183132400211441615e-01 6.877509893517395057e-01 7.242387619792571840e-01 7.133219290985348682e-01 7.398499014207239322e-01 7.299457653053760264e-01 7.216355292553418010e-01 7.008120778967886766e-01 7.164017709158201352e-01 7.188067209594001250e-01 7.291762759480656664e-01 7.347648000116405731e-01 7.165453972055940701e-01 7.225207699552472773e-01 6.946848026324538017e-01 6.999963429177488150e-01 7.168640678664383037e-01 7.073172232722307884e-01 7.011121127476777071e-01 7.336806169143695877e-01 7.284432177662009122e-01 7.293429462495552018e-01 7.199842591414410409e-01 7.261056427484984255e-01 7.200799148268636207e-01 7.241952892340096648e-01 7.300083504299447190e-01 7.288867568421157905e-01 7.185347045152067347e-01 7.218460567652538185e-01 7.248299485316056501e-01 7.344921021692211172e-01 7.353302785289894672e-01 7.343716973865216380e-01 7.347374946363847137e-01 7.358405034164560155e-01 7.403037540628165658e-01 7.373453486788040800e-01 7.357694072766050031e-01 7.380217622954924339e-01 7.410893888138978536e-01 7.112902914756779049e-01 7.079837959599620811e-01 7.302509669399367409e-01 7.299783304942454309e-01 7.306613655673177554e-01 7.284466399284325044e-01 7.322297203917778052e-01 7.341225811827822856e-01 7.299541104336305652e-01 7.223476257376849619e-01 7.342390560675904343e-01 7.384923908262056580e-01 7.357115408649834709e-01 7.378502851277890517e-01 7.361380159207524532e-01 7.416410513710355312e-01 7.371076233360717156e-01 7.318106900347406407e-01 7.340264304029333609e-01 7.389725369774444719e-01
2.843129736220309164e-02 1.230932962289434385e-01 3.327819862363036729e-01 4.785368821273013329e-01 3.899533334416514507e-01 4.801513892484816637e-01 7.112836001170164124e-01 7.114423657764865627e-01 7.670932519963661322e-01 6.245607105925985447e-01 1.000000000000000000e+00 8.047465502664310488e-01 7.284555183970331527e-01 5.630334930069064159e-01 8.135644687532782582e-01 8.227591369376042740e-01 7.633616103140479225e-01 6.618275778568928347e-01 7.232604034515521807e-01 5.686049162102692067e-01 6.473240696839396291e-01 7.430794257203142683e-01 7.476980359262367370e-01 7.044165657819916326e-01 7.628536234475056244e-01 8.280109181382402372e-01 8.098553418746551325e-01 7.972546534019326891e-01 7.337881739388745217e-01 7.396265778516277756e-01 7.889714360265588367e-01 8.335140638192478635e-01 7.725038149023959466e-01 7.965115692715827311e-01 7.791867810419008666e-01 8.151089953818817513e-01 8.117907387109251083e-01 8.282732233008082146e-01 8.282531299157264160e-01 8.310583172919384642e-01 8.465053396351237547e-01 8.460117533276646506e-01 8.273865905775799057e-01 8.485741511204532017e-01 8.447798906512458128e-01 8.383056404298391273e-01 8.536942844938478769e-01 8.539280045502009031e-01 8.474739058777772671e-01 8.114217703163980611e-01 8.374352704481548004e-01 8.149813005959649637e-01 8.277423430048060915e-01 8.521073541154167152e-01 8.441348965437519558e-01 8.533427782809375195e-01 8.333071136020558933e-01 8.583944870416491124e-01 8.493025844954201764e-01 8.529203334346636689e-01 8.532670924567410387e-01 8.532596055409675806e-01 8.419240992356834541e-01 8.472627094394793446e-01 8.485726300492574259e-01 8.475520703921236576e-01 8.542340053909219799e-01 8.554276259157329587e-01 8.578019534168827009e-01 8.369466306119901500e-01 8.508736303540257451e-01 8.592988203934470715e-01 8.475947845259775848e-01 8.512370203485929432e-01 8.629065518087837283e-01 8.603539420248983438e-01 8.547865942959146368e-01 8.458408975889998294e-01 8.480726046397933926e-01 8.481023107319790588e-01 8.492759873905983969e-01 8.534091953585715151e-01 8.582342517658413383e-01 8.441558776567072986e-01 8.473279778870200785e-01 8.536617194144535681e-01 8.569033998001084340e-01 8.528705962413380970e-01 8.546055823143571262e-01 8.574446814944247652e-01 8.572022448321044985e-01 8.570779234285254011e-01 8.570922708888719654e-01 8.586963668663715188e-01 8.550658533599567734e-01 8.564447498602796305e-01 8.394247085223236482e-01 8.383949531332742788e-01 8.528901435445315204e-01 8.525747477353083914e-01 8.543575720177319921e-01 8.546216522739256138e-01 8.470604483415508090e-01 8.561430412154974467e-01 8.559804217168642815e-01 8.467494347545962974e-01 8.547139411385378249e-01 8.566459856817523200e-01 8.564847834181400499e-01 8.570442657829819844e-01 8.575673372878974687e-01 8.562320439641875058e-01 8.574207549966498254e-01 8.541317526686634798e-01 8.571592056922824332e-01 8.532966172704642416e-01
1.187212335061555574e-02 9.504178361529849739e-02 3.147928171940879150e-01 6.384622080026540747e-01 4.405251464068253298e-01 4.742508170565655767e-01 7.806069739423271425e-01 7.948593054773124278e-01 7.965256967497471585e-01 6.762773668131856208e-01 8.047465502664310488e-01 1.000000000000000000e+00 8.083727953205120942e-01 6.084452414938946729e-01 8.847203853280745101e-01 8.951795914119563546e-01 7.697895439234370141e-01 5.999104267734327589e-01 6.695759266444174518e-01 5.933545703816757166e-01 6.489729235704173593e-01 7.234285325795610788e-01 7.234778894432294383e-01 6.539853039565831638e-01 7.374188793803061470e-01 8.588114642446472713e-01 8.294787812052706322e-01 7.846731306215490864e-01 6.710230277600633952e-01 6.762876803567979822e-01 7.584609900379933878e-01 8.321692095812294188e-01 7.441329814631140183e-01 7.713713404222951597e-01 7.494609512917728145e-01 8.476679369474268144e-01 8.078471674380244272e-01 8.538760233633627683e-01 8.313055103448441230e-01 8.966979651734467982e-01 9.081927112844961902e-01 8.974362369443568133e-01 8.941251802559834205e-01 9.201774395848625332e-01 9.068317096178053482e-01 8.643447969340750658e-01 9.175993386037609723e-01 9.096741732369988398e-01 9.158508476047162450e-01 8.878828399529792303e-01 8.953102865550511824e-01 9.082956207734553811e-01 9.247725369934974848e-01 8.929425083488968795e-01 8.833312986321844029e-01 8.912383765391979074e-01 8.952874295619459577e-01 9.167554482246452752e-01 9.000618192744002100e-01 9.180149250076474754e-01 9.271750420269544435e-01 9.016785133261590035e-01 9.030329172606764709e-01 9.069861744264633430e-01 8.891877255044663420e-01 9.083343317615488743e-01 9.028126991008851299e-01 8.803937183679606537e-01 8.831755864687772517e-01 8.943781174316803861e-01 8.831788479910489542e-01 8.852266505933380492e-01 8.652322550742338469e-01 8.689647968101235076e-01 9.196792827435049666e-01 9.000705015950171139e-01 8.871292690471054287e-01 8.603159887356762736e-01 8.666354794209990553e-01 8.641180826915445534e-01 8.745998224348398020e-01 8.807053014872173735e-01 8.964522206165255191e-01 8.621090180673028902e-01 8.886535823754662111e-01 8.772239732159476944e-01 9.017252554364897366e-01 9.086145846975514084e-01 8.902210353685630073e-01 9.008386364736391538e-01 9.107764518165675227e-01 9.161676029594474358e-01 9.202381238697610044e-01 9.055737093887368250e-01 9.176257830099491253e-01 9.142558248654729658e-01 9.287897672673892657e-01 9.179433321603509555e-01 9.230050519333451442e-01 9.157210541714274621e-01 9.245207659536966993e-01 9.184287345509972722e-01 9.311777497936043479e-01 9.269724289167057263e-01 9.251074514703477858e-01 9.156847472681270972e-01 9.177586169174529740e-01 9.065446634078966337e-01 9.088447677999519358e-01 9.198072815065395647e-01 9.129127513120869342e-01 9.185391506236518788e-01 9.119130373257179345e-01 9.189678044544062896e-01 9.068893052327495763e-01 9.173054149232748866e-01
1.926508889314135567e-02 1.007637123700292903e-01 2.562742080548875978e-01 5.301998479320126911e-01 4.609501326892191386e-01 4.405808525578253643e-01 7.189968113389626492e-01 7.222858748394963557e-01 7.426467030819574600e-01 6.403742256315837489e-01 7.284555183970331527e-01 8.083727953205120942e-01 1.000000000000000000e+00 5.421778384062752032e-01 8.189431217542730845e-01 8.268132161735529673e-01 7.246928609056869641e-01 5.764580273430724988e-01 6.445985399653658687e-01 5.164186654750598793e-01 5.806740544811783700e-01 6.685962329411924143e-01 7.015271256102025843e-01 6.355599586232569820e-01 7.047974793693466689e-01 7.971093316830716313e-01 7.663016982243306963e-01 7.416641215750489069e-01 6.555327995197416380e-01 6.613488121729717006e-01 7.241845978838307163e-01 7.821341921380610129e-01 7.102771349304994875e-01 7.411243581037806338e-01 7.205351103465753582e-01 7.823936979010658321e-01 7.638301237272734356e-01 7.930013982293386832e-01 7.873756253566166485e-01 8.106310509258967123e-01 8.419504566417866931e-01 8.289967086535394714e-01 8.190632020096836330e-01 8.418657817211490091e-01 8.329252040079480057e-01 8.092532069538055373e-01 8.471759532690302796e-01 8.429200775329113160e-01 8.325718759902277499e-01 7.976741407564051922e-01 8.164381606651553991e-01 8.147792714758814725e-01 8.356558182205635621e-01 8.239012346703036282e-01 8.085358692705479911e-01 8.273997570510691624e-01 8.003891569612071599e-01 8.408843165775479189e-01 8.194167547161682608e-01 8.500116554643630806e-01 8.510773944370603195e-01 8.279906202942272087e-01 8.154592406886150835e-01 8.281765398616927065e-01 8.252917163780314480e-01 8.317268645728997933e-01 8.433535855572452666e-01 8.265748324119700507e-01 8.310536247638296015e-01 8.139861093124719504e-01 8.143242143086857343e-01 8.271090159795195795e-01 8.141740173512503898e-01 8.154972078976068239e-01 8.482009045866136798e-01 8.357427773488579348e-01 8.286070543242967101e-01 8.131693151560268618e-01 8.185904451836735207e-01 8.151454980121695115e-01 8.231944246910002372e-01 8.267430032569014209e-01 8.377239951006325569e-01 8.130742500315817356e-01 8.298787481093362617e-01 8.275589931164043511e-01 8.419356393563243168e-01 8.430508127421599829e-01 8.348710792234093070e-01 8.411384179244558723e-01 8.435685257008037619e-01 8.500161484582817728e-01 8.503374551731174291e-01 8.425243150260003366e-01 8.480439495692649876e-01 8.470816919620628438e-01 8.410132155939481491e-01 8.284723260872883799e-01 8.461272034214226689e-01 8.445055622219237446e-01 8.509006558845791934e-01 8.426450598770665046e-01 8.468308768646696238e-01 8.537126628494038361e-01 8.474981008943779370e-01 8.336240755482161591e-01 8.448082414458497613e-01 8.425415908943273413e-01 8.423351703626598130e-01 8.458506921106748733e-01 8.446452712150435138e-01 8.504686664659818485e-01 8.429241974956398487e-01 8.442129731035341589e-01 8.415663804776707391e-01 8.445944617335575666e-01
