1.000000000000000000e+00 1.121950564808974343e-01 6.190897051842363108e-02 7.975464731496401116e-02 5.647456455711755835e-02 -1.310623837998000502e-02 1.348787257846405067e-02 4.547068753236117172e-02 9.085120870968384221e-02 3.209693649742649535e-02 3.486495813807408140e-02 2.215999139491542716e-02 2.953555048206834427e-02 -6.653280708710817594e-04 1.469630800376306879e-03 1.285449510788245001e-02 5.616067963197288182e-02 1.834040178113044428e-02 9.378873756736532188e-03 3.379463086527798726e-02 2.119488151081453178e-02 1.125830905150573130e-02 2.686088511149991448e-02 2.656781060030118102e-02 2.929365428924482484e-02 4.146054903191307567e-02 -3.463335625121214019e-03 6.294213551442764606e-03 -4.603210091460724351e-03 2.208491954380294511e-02 1.972740122085819142e-02 2.616543184250806273e-02 2.363318370533537549e-02 6.428157924770554719e-03 -9.011197709731374669e-03 4.849283692075080643e-02 2.304652430584865422e-02 -3.202299059857968699e-02 1.504408517615358348e-02 1.024478949570555714e-02 1.589849617463392345e-02 7.310334705576530291e-04 2.409610865295419221e-02 4.861077481344060203e-03 3.417214662970165240e-02 -1.472471732966974117e-02 9.991313507873928607e-03 1.273923263054693722e-02 1.270887012869325976e-02 -7.629897835152201803e-03 -1.507432727023483906e-03 3.477957447571044386e-02 3.649915729272312781e-02 8.365256447042232826e-03 -7.115443921749437135e-03 -7.255630132511293930e-04 2.381712579029530985e-02 3.982739225393378338e-03 -2.160094815715296601e-02 3.019074863171499964e-02 1.271031789075447241e-02 7.960223717183892780e-03 -9.283582362271065869e-03 2.569035639391969300e-02 3.690348182811362121e-02 3.262612566278526305e-02 1.856904613235039678e-02 4.939012744829362686e-03 9.966730206773636441e-03 1.114503922912970894e-02 3.615352419278978542e-05 1.081880569663135061e-02 1.119411010100711083e-02 9.127065424263026581e-04 9.500782401655845019e-03 1.560556639022350279e-03 7.600231178230086983e-04 -3.629968118240741760e-03 -3.243612890206339951e-03 3.332094944342754456e-03 6.020371328141502741e-03 5.677243958677564636e-03 2.336310899912584851e-02 3.002882605643783943e-03 1.327143483727983436e-02 9.446345119483699065e-03 1.349397801351996141e-02 1.975131558888732798e-03 6.974473704035919104e-03 8.608448410364791942e-03 8.412008573630669339e-03 3.893469289499894206e-03 1.764250709234165340e-02 3.110099611564195836e-03 3.693718847900615086e-03 9.322720803064874634e-03 3.219946365132818344e-02 2.362245732371747592e-02 1.768400405805022405e-02 2.209181530457311055e-02 2.531600982963011157e-02 1.397979893144264338e-02 2.786600577215688629e-02 2.111675500263250627e-02 2.666824063552963517e-02 2.530352222240311172e-02 1.689111831920048906e-02 4.955727082183103253e-03 8.939852640456641582e-04 1.023414808675113252e-02 1.144582439842610141e-03 2.231345528852053672e-02 1.306602860803831971e-02 2.539674920648054765e-02 1.928312568973883021e-02 2.595461962713119242e-02
1.121950564808974343e-01 1.000000000000000000e+00 4.821237663426957559e-02 1.318992427294635728e-01 9.421054209591293860e-02 9.393537434182817891e-02 1.296265284483867630e-01 1.243838084151315249e-01 1.739771370423029984e-01 1.607205616355593947e-01 1.476191722041349241e-01 1.712385995676576067e-01 1.273510392389675394e-01 1.189925716502566733e-01 1.373959310050925642e-01 1.537262432795037936e-01 1.348593861675961569e-01 1.463892739682856881e-01 1.407099590133017997e-01 1.608738311552393441e-01 1.515714371255103277e-01 1.336807054344202328e-01 1.564909072051847705e-01 1.665458548337757083e-01 1.507044355126531676e-01 1.481015483891691409e-01 1.286590118807077743e-01 1.328080534808575019e-01 1.404345050765108127e-01 1.681035732235880709e-01 1.652344424566394021e-01 1.648436935968753680e-01 1.324086812457712092e-01 1.396619363031295635e-01 1.249041249678966570e-01 1.491710716278852045e-01 1.580327598544563339e-01 1.164134806278500772e-01 1.415640100148195801e-01 1.426007079321195137e-01 1.466679196538197560e-01 1.341777470926604487e-01 1.511558699364121960e-01 1.450410415598012148e-01 1.571507194499810189e-01 1.360601142210370040e-01 1.464761238667342813e-01 1.551317360473424556e-01 1.505480695455078122e-01 1.164591899088639471e-01 1.419614830965637842e-01 1.339382436600930759e-01 1.624365597871154365e-01 1.571890532776059890e-01 1.504734835475004529e-01 1.389062588241515850e-01 1.627947127948171646e-01 1.474857318400955575e-01 1.331417752847570690e-01 1.625219466011506853e-01 1.485489382035037331e-01 1.561703029595448433e-01 1.489052157615063099e-01 1.528393985576179670e-01 1.552913466914200014e-01 1.720453334085652597e-01 1.490986414966188889e-01 1.474681030381299052e-01 1.519774927605000714e-01 1.604601383765588696e-01 1.481463690422715196e-01 1.471171504949908004e-01 1.594047713233174568e-01 1.484242296790510840e-01 1.494904347539016409e-01 1.455517639089336512e-01 1.490133371894536429e-01 1.473710234178657041e-01 1.492139505527216303e-01 1.461534503635191773e-01 1.528012210025015416e-01 1.495283361334858174e-01 1.496171384225427892e-01 1.440361032926535667e-01 1.432969029530854754e-01 1.463193719129388115e-01 1.471956016751806706e-01 1.445631322598198987e-01 1.429058770007003432e-01 1.437641915265555626e-01 1.513696617853824977e-01 1.472536366531989604e-01 1.537913277381106336e-01 1.445015684122333277e-01 1.437266852533309325e-01 1.517787968783194108e-01 1.467482288813280467e-01 1.400640378425517807e-01 1.469526504049664672e-01 1.502154435339517757e-01 1.515147473972942582e-01 1.458128999627074651e-01 1.538824017381252018e-01 1.505251716656142158e-01 1.491394461949416550e-01 1.477529315569354185e-01 1.497415167639803979e-01 1.455125515183103013e-01 1.478639021780759344e-01 1.504932846040049066e-01 1.452759948567795834e-01 1.547474524541885554e-01 1.518938227155054721e-01 1.513985029783115333e-01 1.495436050666179295e-01 1.569429581608930147e-01
6.190897051842363108e-02 4.821237663426957559e-02 1.000000000000000000e+00 3.026679135701175194e-01 1.594184219231778443e-01 1.063338736528618295e-01 2.712442533543305001e-01 2.722671616612174494e-01 2.580964995706084841e-01 2.752479940033938921e-01 2.737146175872948173e-01 2.806364748119304919e-01 2.495051006622451273e-01 2.184612778069043304e-01 2.897536365537771164e-01 2.784589857689302450e-01 2.792691214525486187e-01 2.802267047717300064e-01 2.745420094031739144e-01 3.035196889954631105e-01 2.929504989083787092e-01 2.761053566246464142e-01 3.056082526550850109e-01 2.950656482964329475e-01 2.911673218325392387e-01 2.934702435225747807e-01 3.065631480757342042e-01 3.041892616932474480e-01 3.054839604638504569e-01 2.913493764471730141e-01 3.136689520248343022e-01 3.039679659740952000e-01 2.862087696179204666e-01 2.904950327057571058e-01 2.699556976508025175e-01 3.111021372997483381e-01 2.956807210315118839e-01 2.670923917022965943e-01 2.984682170245680499e-01 2.899854725881005346e-01 2.763803129541290149e-01 2.811117871277991065e-01 3.053310832571139444e-01 2.887889055976701203e-01 2.957688909199433502e-01 2.781371730245308926e-01 2.632199428441877043e-01 2.667791958398039176e-01 2.694338411221583462e-01 2.723429911464658737e-01 2.865028662085725153e-01 2.883403595828214483e-01 2.803796182557261041e-01 2.715715710756996248e-01 2.700560081393684753e-01 2.813662895761453453e-01 2.913716831539372998e-01 2.695246129541766789e-01 2.604803023660849370e-01 2.743869065597254742e-01 2.844278450256485513e-01 2.726279522512375375e-01 2.733098682728527518e-01 2.863393999216842789e-01 2.859936951419984053e-01 2.811465772673364394e-01 2.675353328264116759e-01 2.730145213956789996e-01 2.760056728161771611e-01 2.814656447337690603e-01 2.753955732887222729e-01 2.836750850122480294e-01 2.814031443951951483e-01 2.764670315603093287e-01 2.751610079630952277e-01 2.771258798998775807e-01 2.864591763235954103e-01 2.849184415861247266e-01 2.859351700814308228e-01 2.791894359376081436e-01 2.837981448847352595e-01 2.836604783151605025e-01 2.885842433971440024e-01 2.730524665640205462e-01 2.820817236254604121e-01 2.814348005048101786e-01 2.863980123753443463e-01 2.734309759635519810e-01 2.831252562340830226e-01 2.808709860239843592e-01 2.799652979227494898e-01 2.744496292799436521e-01 2.818858376001289190e-01 2.824422182707950202e-01 2.652802866491046907e-01 2.669821996448805690e-01 2.849593830804144634e-01 2.834992660714622525e-01 2.777328725449024205e-01 2.800707116123803964e-01 2.829228686567685780e-01 2.864372888851437482e-01 2.788064657874657626e-01 2.799590817109000040e-01 2.863274593096414855e-01 2.795087781951166583e-01 2.734826371952872592e-01 2.666315084738789531e-01 2.701122453496724862e-01 2.677918489880454778e-01 2.676030860730492233e-01 2.728600146861209219e-01 2.735090195639923172e-01 2.819473284549983139e-01 2.751365034220822348e-01 2.774167975866274616e-01
7.975464731496401116e-02 1.318992427294635728e-01 3.026679135701175194e-01 1.000000000000000000e+00 2.778311677727435258e-01 2.653035731500184569e-01 4.752459491937531810e-01 5.078021180497263032e-01 4.722313119494400691e-01 4.652466972556745795e-01 4.713928378835451904e-01 5.346977644289929721e-01 4.765491781325849052e-01 4.281612278421929041e-01 5.440969461961630005e-01 5.355999985133268471e-01 5.121209412599414534e-01 5.325728985391742221e-01 5.111915076303011896e-01 5.510605213752298726e-01 5.393474555778191570e-01 5.023959584142800860e-01 5.676240286950772207e-01 5.412406641069428259e-01 5.174410287122195307e-01 5.709979317428178769e-01 5.446788868135248318e-01 5.461499498186543899e-01 5.376739840894829703e-01 5.429594970816705723e-01 5.715219445842090185e-01 5.742263973867626214e-01 5.370811512175452940e-01 5.511346033048027948e-01 5.211969191676687485e-01 5.511566505562922602e-01 5.356890266177564142e-01 5.357356575576726065e-01 5.525518091218470929e-01 5.556681529163318700e-01 5.377286556504032866e-01 5.445861287483418911e-01 5.529424688116593156e-01 5.412165602764581473e-01 5.390616377328739661e-01 5.237754237526582868e-01 5.058524914894044766e-01 5.053276031350139030e-01 5.313897104373734859e-01 5.254277311798085659e-01 5.571718289169178551e-01 5.374117621841150161e-01 5.272901841278682111e-01 5.184294270306648578e-01 5.207082456812094362e-01 5.364137064272361810e-01 5.558013512992761029e-01 5.151801598495958645e-01 5.255152890479981576e-01 5.257823986423273421e-01 5.381563508576152621e-01 5.299178009711453807e-01 5.294764829762613756e-01 5.456401107132143879e-01 5.290266110853529824e-01 5.279229279104578065e-01 5.130374666723852561e-01 5.152058215079066139e-01 5.260509093718260809e-01 5.315662508742061698e-01 5.216213313964682685e-01 5.218545386231575600e-01 5.267749511916748340e-01 5.154432257697477704e-01 5.247711465712694423e-01 5.206971634719397279e-01 5.320332490688413074e-01 5.230152002059142990e-01 5.314307958110661145e-01 5.314118376339791450e-01 5.283829390246593816e-01 5.338270580615589456e-01 5.416002073824286445e-01 5.192619854745523789e-01 5.334100755559846307e-01 5.292555725472909423e-01 5.282500921352332179e-01 5.247911805023761644e-01 5.287788342442042433e-01 5.202166242130523699e-01 5.268600695915701682e-01 5.218218434537285066e-01 5.292049731135070045e-01 5.323062320134216430e-01 5.068721959492671347e-01 5.074947019676534499e-01 5.371353159438273517e-01 5.308515894950305292e-01 5.268733412863274568e-01 5.380565177458614956e-01 5.305651842007809149e-01 5.384975872268212838e-01 5.227385416799120721e-01 5.340579087810390924e-01 5.321912467545064640e-01 5.320277850708072798e-01 5.204208357645095928e-01 5.084809405397475723e-01 5.106248800508134122e-01 5.151295999474347909e-01 5.194793544263958118e-01 5.182560089401795356e-01 5.239227559942878365e-01 5.327750435296105813e-01 5.177778536341652860e-01 5.182513597561163587e-01
5.647456455711755835e-02 9.421054209591293860e-02 1.594184219231778443e-01 2.778311677727435258e-01 1.000000000000000000e+00 2.552488227079095506e-01 4.175372690121400554e-01 4.150257361616334628e-01 4.016830612092851527e-01 3.869190597986756908e-01 3.834141601226255247e-01 4.251260512157535865e-01 4.263658322015117519e-01 3.963870904620475644e-01 4.540469031393752908e-01 4.639966394451686682e-01 4.246718710570950850e-01 4.479204883536072046e-01 4.183732168175943733e-01 4.168196742690132295e-01 4.440913102315665051e-01 4.282254480096164828e-01 4.264113736153961054e-01 4.294696419558962086e-01 4.374515688356720444e-01 4.467069490229340079e-01 4.488736740534697844e-01 4.425112927897158488e-01 4.371458041606733347e-01 4.594299057729065994e-01 4.636795831528201517e-01 4.498637480267697608e-01 4.159287422598129669e-01 4.360586981313548383e-01 4.186388400344921989e-01 4.303300643191265706e-01 4.368217414264787268e-01 4.399392277938892204e-01 4.465813848440763345e-01 4.390682540645098886e-01 4.492074471285937842e-01 4.489956903112759523e-01 4.630954696803030735e-01 4.677826700893345513e-01 4.543754013393846436e-01 4.518700709989014741e-01 4.505385600115401901e-01 4.518834562345726003e-01 4.515962422222072892e-01 4.403729406466582175e-01 4.523381152980667785e-01 4.420484907576549549e-01 4.470692320100864148e-01 4.536080560818441798e-01 4.552470721827713285e-01 4.507842423760199946e-01 4.489313336383713993e-01 4.447738778910308999e-01 4.443553174235291836e-01 4.601227986780317414e-01 4.513577124291014986e-01 4.556738909731943843e-01 4.481810047471350145e-01 4.524521201500903977e-01 4.479639149844903967e-01 4.522206203745216535e-01 4.488294711978101925e-01 4.512925812713404206e-01 4.495074482324885601e-01 4.548452196467784869e-01 4.557904079062207181e-01 4.557505079690673533e-01 4.504088745845564734e-01 4.502714209511762267e-01 4.554357110915193130e-01 4.517322698882383913e-01 4.525632715137689610e-01 4.585491471939414643e-01 4.592458928203627111e-01 4.564454907194980815e-01 4.525155148913811987e-01 4.566946421553413904e-01 4.508787287610153127e-01 4.418338486690231437e-01 4.440461116626341354e-01 4.449771678644818818e-01 4.501224452558560962e-01 4.526690522006799333e-01 4.498306780432409502e-01 4.559040579184822084e-01 4.489215437362398253e-01 4.555005055207945741e-01 4.555557483088326087e-01 4.567451614977642294e-01 4.469737034336620507e-01 4.513887839350445019e-01 4.493697306764474764e-01 4.495963996977896393e-01 4.467245509759164568e-01 4.513510276649193576e-01 4.577725094063203048e-01 4.502011490160268692e-01 4.504073217770377391e-01 4.603676536378453199e-01 4.525281787139606715e-01 4.481013328535069506e-01 4.502541478415244547e-01 4.501927776362659728e-01 4.522530599401916040e-01 4.532472082460889395e-01 4.503235684259061511e-01 4.572023812140311727e-01 4.523306592844727470e-01 4.512647054269058322e-01 4.500340935112407403e-01 4.516732958092335437e-01
-1.310623837998000502e-02 9.393537434182817891e-02 1.063338736528618295e-01 2.653035731500184569e-01 2.552488227079095506e-01 1.000000000000000000e+00 4.118237383194889301e-01 3.512075296400574698e-01 4.108175959950168821e-01 3.814316627279747962e-01 4.122994764851884431e-01 4.569243369707774449e-01 4.405466600997146598e-01 4.312781154297321007e-01 4.702403335360090253e-01 4.667587454566059502e-01 4.430073208579388688e-01 4.497214142842647644e-01 4.477865506547413221e-01 3.948406234239646428e-01 4.377925094758587932e-01 4.417020053010863312e-01 4.349813605856128196e-01 4.398003616118690284e-01 4.529458446467919952e-01 4.704542479631488860e-01 4.467697271682554705e-01 4.564985171137288522e-01 4.358956428803433258e-01 4.810445837171779537e-01 4.825859102886434493e-01 4.780310141060134521e-01 4.485152629874758490e-01 4.683140505648279439e-01 4.628910770732547753e-01 4.575213336032891154e-01 4.667670156441782181e-01 4.712163838190971399e-01 4.746499760047220851e-01 4.601376281915202093e-01 4.952779073393100417e-01 4.877499890667236770e-01 4.812583555149943515e-01 4.958837399069108143e-01 4.916553475518630201e-01 4.863601641871926895e-01 5.067412709295513462e-01 5.062570571379233497e-01 5.073066615958102821e-01 4.851416678853215925e-01 4.879944504259915439e-01 4.911022078282068493e-01 4.959800631696272277e-01 4.968661509669463072e-01 4.959261153056407356e-01 4.946810956057648423e-01 4.926781404068136250e-01 4.907870318552686184e-01 4.874154922006851409e-01 5.042179300029250300e-01 5.065942356748326381e-01 4.927214274515091530e-01 4.913240657108598475e-01 5.001710042069392737e-01 4.959360071784656987e-01 5.043248512792435356e-01 5.049304563636236587e-01 5.022083015328083766e-01 5.020328545298904377e-01 5.069680942516373578e-01 4.996821103055541502e-01 4.987823498645834741e-01 4.962443693258617450e-01 5.018904078330215235e-01 5.045783856563129666e-01 5.038425883948806083e-01 4.991988806409159429e-01 5.016412724097436548e-01 5.002761107405745422e-01 5.066047524684988979e-01 5.021160558730386470e-01 5.049979148920823446e-01 4.972168860540177038e-01 4.951090720176330451e-01 5.001980414166455891e-01 4.976079407308645064e-01 4.934049031035925292e-01 5.021354262439384764e-01 5.017372996511733074e-01 5.011728335882538188e-01 4.954533124852678050e-01 5.054004137098422333e-01 5.022007090440376853e-01 5.010339779910591984e-01 5.061843906201179966e-01 5.061081246968287539e-01 5.004112814883880933e-01 5.079004329292599040e-01 5.055293840397713234e-01 5.080467178765393221e-01 5.028533328641623390e-01 5.024874530990551813e-01 5.110159459335804621e-01 5.070898632503939574e-01 5.037492268103823667e-01 5.046255090233161544e-01 5.103841612350109580e-01 5.055049569181847557e-01 5.095449721244501573e-01 5.064285059753071971e-01 5.041691170848355830e-01 5.085193614078000746e-01 5.076682013177571395e-01 5.070147001428456646e-01 5.032496651495779183e-01 5.082623811100518418e-01
1.348787257846405067e-02 1.296265284483867630e-01 2.712442533543305001e-01 4.752459491937531810e-01 4.175372690121400554e-01 4.118237383194889301e-01 1.000000000000000000e+00 6.635836596011162047e-01 6.287067129925030251e-01 6.462761891693861172e-01 6.655856502128222330e-01 7.059937071402911934e-01 6.797751525285709029e-01 6.166467063410329130e-01 7.870203898026189027e-01 7.609280160041482777e-01 6.935279702747404462e-01 7.437880510278145341e-01 7.244155096567380658e-01 7.154430914931627639e-01 7.453003501304897860e-01 7.214740920383767575e-01 7.532871323148169207e-01 7.410491295438895731e-01 7.455282328762661281e-01 7.749006035551506688e-01 7.633191338268097148e-01 7.850838613479463879e-01 7.816908779721403189e-01 7.675675310084619785e-01 7.960653469177104702e-01 7.640464945084645132e-01 7.304427526981868146e-01 7.449868151738381350e-01 7.204933086639194739e-01 7.297829568783180676e-01 7.406760984633192768e-01 7.672544877876891212e-01 7.650584295187159434e-01 7.833999146487181653e-01 7.490568834326919445e-01 7.753246296322745534e-01 7.837998490065286594e-01 7.808050172760852004e-01 7.619472110058584935e-01 7.904002317257038390e-01 7.358737515527770112e-01 7.460292928449588912e-01 7.497446082696309633e-01 7.309628282927107534e-01 7.663440647909959269e-01 7.372048005998140807e-01 7.413425671768972824e-01 7.575398724546262841e-01 7.731201140070641520e-01 7.759047867120497655e-01 7.630451854577696702e-01 7.565984919165017475e-01 7.585256048131570061e-01 7.509137152713158958e-01 7.527764964911498602e-01 7.675189548217673519e-01 7.598083934331364420e-01 7.532802397461335620e-01 7.361898001136599756e-01 7.482645247490034013e-01 7.430501382919848519e-01 7.511805730928292624e-01 7.536570347749648180e-01 7.593658412031316640e-01 7.613382167345856821e-01 7.555770696567786215e-01 7.552642705311425342e-01 7.553331339189311988e-01 7.597881324438369166e-01 7.573470146781262624e-01 7.744764669354397002e-01 7.799463810421706222e-01 7.833882453644973598e-01 7.651874339794662028e-01 7.660972166045304510e-01 7.674144532315586575e-01 7.607634858176063331e-01 7.523003517799841111e-01 7.468160083996263632e-01 7.461207542697569917e-01 7.480115143298025071e-01 7.658513677269415121e-01 7.579008007692809024e-01 7.646135029590139798e-01 7.637672940141739808e-01 7.586820907296664140e-01 7.586702725529143043e-01 7.696950996621220176e-01 7.390647935122112155e-01 7.426913012662751390e-01 7.459964416231370521e-01 7.350512692567188200e-01 7.426026049539127261e-01 7.471520571689395096e-01 7.522965559515129019e-01 7.564094840209680815e-01 7.386239776979105498e-01 7.562916043586075387e-01 7.450127196812353914e-01 7.477517287594261930e-01 7.446621528550790847e-01 7.479897701303969137e-01 7.551418146506218010e-01 7.477690791912696699e-01 7.566965409951154076e-01 7.445637415834869266e-01 7.548734442870220773e-01 7.447006665706248363e-01 7.387272807179987577e-01 7.373997719730519540e-01
4.547068753236117172e-02 1.243838084151315249e-01 2.722671616612174494e-01 5.078021180497263032e-01 4.150257361616334628e-01 3.512075296400574698e-01 6.635836596011162047e-01 1.000000000000000000e+00 6.263483712722377472e-01 6.355993038775659132e-01 6.310217192259154340e-01 7.045005645530786342e-01 6.337318917803618223e-01 6.080579444621776464e-01 7.317995416014014820e-01 7.502838466548417129e-01 6.740910946876037535e-01 7.078567347402708876e-01 6.925013562639869003e-01 7.289557318858814750e-01 7.101566255417703921e-01 6.819340486500643506e-01 7.278362598424372720e-01 7.205493334492542035e-01 6.995973010087791488e-01 7.398079758122173555e-01 7.196745083914348751e-01 7.324509086415459391e-01 7.246724066647822760e-01 7.449906553493321759e-01 7.532250609096063920e-01 7.584950301622617186e-01 7.091259263082304587e-01 7.294458742883302982e-01 7.063667933913656549e-01 7.135903841396405989e-01 7.154705973834031285e-01 7.316888476050393830e-01 7.380149749979089124e-01 7.443144405693465915e-01 7.230021666360593180e-01 7.402328102272923704e-01 7.535520557522453755e-01 7.462603791714084167e-01 7.247362341019999432e-01 7.351925173167407346e-01 7.072670731345425121e-01 7.142206849620172937e-01 7.260049779457866670e-01 7.115152886387430264e-01 7.467792803153875392e-01 7.215832413664506895e-01 7.279441622636273479e-01 7.257337944853431422e-01 7.386609913875206157e-01 7.384403915765931359e-01 7.500542742631127746e-01 7.217676719020268417e-01 7.303723623681402932e-01 7.256512675387610800e-01 7.360383490298090248e-01 7.413094832278119828e-01 7.471703529530533405e-01 7.329415889683169594e-01 7.148477337564906886e-01 7.276950512485026445e-01 7.106419268965792346e-01 7.175057377695526206e-01 7.260671370370349598e-01 7.324867063300097847e-01 7.223641840510237611e-01 7.227101000400493191e-01 7.300206180542345713e-01 7.176338714991069567e-01 7.234630966937354302e-01 7.196544275194289852e-01 7.301188525453617961e-01 7.293406395711605761e-01 7.392138161641277350e-01 7.321161345398260467e-01 7.267039121736347251e-01 7.296094870075315875e-01 7.319603250189963273e-01 7.182434755992203046e-01 7.229707508916279890e-01 7.226989339147624758e-01 7.217226325511992835e-01 7.281427682964103365e-01 7.268831021901802636e-01 7.283266707389677297e-01 7.229758761352175211e-01 7.236296740633072488e-01 7.255948478980023264e-01 7.334358016612108067e-01 7.062815229458535571e-01 7.093917220796126522e-01 7.237007055982854764e-01 7.185419475697338854e-01 7.210276650125455600e-01 7.256095835061651123e-01 7.281791572438496285e-01 7.366004649681030525e-01 7.188005443786814608e-01 7.303184593045914941e-01 7.236290053728212657e-01 7.272334476628004030e-01 7.157069066234261756e-01 7.132279363004356831e-01 7.190639038826379670e-01 7.202340664360299405e-01 7.270816494617771131e-01 7.156404527922167746e-01 7.272821456442687404e-01 7.244992724602790091e-01 7.139957063317560193e-01 7.166901243273648969e-01
9.085120870968384221e-02 1.739771370423029984e-01 2.580964995706084841e-01 4.722313119494400691e-01 4.016830612092851527e-01 4.108175959950168821e-01 6.287067129925030251e-01 6.263483712722377472e-01 1.000000000000000000e+00 7.175166728815797201e-01 6.959216608670385495e-01 7.834820878999172455e-01 7.103482437246058101e-01 6.891572322657497640e-01 7.818490676115990023e-01 7.818299893663255284e-01 7.978738581114341866e-01 7.535384864373604330e-01 7.592092366877630782e-01 6.761813022903701009e-01 7.322606936735815975e-01 7.468594132150010445e-01 7.633041924140309131e-01 7.511993488167367783e-01 7.697939049461293148e-01 7.976197467981864797e-01 7.661054184977604820e-01 7.706122363807177411e-01 7.212025280668327154e-01 8.191936832492409115e-01 8.129071274722922125e-01 8.243559175955404994e-01 7.762014597423697593e-01 7.982743122670963309e-01 7.943549464384134229e-01 7.952058803002636234e-01 8.014712218988816472e-01 7.834198091250516027e-01 8.120428259798604387e-01 7.720046107023549320e-01 8.268835303102115564e-01 8.143795958382763489e-01 8.101710228011124171e-01 8.231757295663311158e-01 8.262503953887669894e-01 7.982638419802408070e-01 8.296072508286669311e-01 8.371904753685696088e-01 8.341906232020556144e-01 7.848151508254509467e-01 8.147691741128475496e-01 8.136241799704093669e-01 8.189301842034623080e-01 8.297596888348329758e-01 8.117834531647535323e-01 8.188333947815599201e-01 8.274506786064281805e-01 8.223916959923742720e-01 7.982051948995746438e-01 8.431714544155880509e-01 8.372141301308029249e-01 8.225600499440931523e-01 8.084452296233400892e-01 8.386740050947503189e-01 8.432378389175129163e-01 8.405415134631710750e-01 8.365722139637127297e-01 8.322469190281034379e-01 8.358671677329982952e-01 8.342859884784958879e-01 8.246932251244695200e-01 8.347440672574556464e-01 8.302901992419368105e-01 8.288051499184347914e-01 8.334035899226351907e-01 8.295007094351896093e-01 8.244051644941376988e-01 8.170997150388048524e-01 8.231731281447790538e-01 8.338088853653675692e-01 8.342493375281538892e-01 8.347572427923651839e-01 8.385858625423930901e-01 8.287193448879061064e-01 8.279366687466261920e-01 8.325411439562833138e-01 8.344405356899670112e-01 8.302352100063287166e-01 8.351862038227598761e-01 8.299957695169736249e-01 8.235980853589394135e-01 8.323284996487113618e-01 8.363033976614441256e-01 8.342473093562112751e-01 8.339382032613459339e-01 8.359350991884457738e-01 8.289630427066403406e-01 8.336068779703033060e-01 8.375403035828429266e-01 8.375475108864354201e-01 8.401930697746461396e-01 8.345696759216110205e-01 8.391046671625461695e-01 8.405768947631609977e-01 8.404085582352219808e-01 8.349284252777429138e-01 8.382006568976061445e-01 8.337513860965973800e-01 8.301212783974826204e-01 8.333182949670082662e-01 8.281538722176219336e-01 8.421914403445782682e-01 8.371022930769982384e-01 8.420440178043198109e-01 8.400580109336883705e-01 8.413860182685332090e-01
3.209693649742649535e-02 1.607205616355593947e-01 2.752479940033938921e-01 4.652466972556745795e-01 3.869190597986756908e-01 3.814316627279747962e-01 6.462761891693861172e-01 6.355993038775659132e-01 7.175166728815797201e-01 1.000000000000000000e+00 6.576930322013460062e-01 7.354526220994442864e-01 6.840525464616090678e-01 6.588358051712470687e-01 7.733909845840875041e-01 7.550887079861846596e-01 7.278250676684886455e-01 7.298478568179660453e-01 7.201735570143313891e-01 6.907130153472615941e-01 7.167756901557619242e-01 7.140648419137684000e-01 7.563967059365112044e-01 7.279678974247382195e-01 7.345048355417195252e-01 7.730465358632399031e-01 7.520132967358716947e-01 7.667549112922017462e-01 7.420027731352836220e-01 7.823598599388306152e-01 7.947049503202919807e-01 7.990242679018311200e-01 7.583628620171843915e-01 7.694486543377953014e-01 7.534998169490374487e-01 7.544103706996283520e-01 7.672732357879012977e-01 7.685339544186425842e-01 7.823562541246003033e-01 7.668530813441583049e-01 7.790557192315716861e-01 7.820618556164393720e-01 7.834681438757116201e-01 7.900676924622761499e-01 7.862984355869843123e-01 7.781595342234066681e-01 7.708385739688948801e-01 7.851883113810709247e-01 7.866572653282140060e-01 7.523988572127624508e-01 7.873145095021770734e-01 7.650079060962260424e-01 7.686490360700388713e-01 7.887331480370589620e-01 7.805481880630386060e-01 7.853964534600771374e-01 7.894060582150957961e-01 7.790715075114569288e-01 7.730830707134210833e-01 7.912669946642009178e-01 7.892738968619241735e-01 7.867832179020948224e-01 7.762961541829228596e-01 7.890692502008814779e-01 7.852320905245923077e-01 7.917392027483777239e-01 7.833680159700567858e-01 7.846628194106384235e-01 7.899458244206987168e-01 7.913392392675139275e-01 7.823005743660694788e-01 7.869742327145361482e-01 7.874992009820510619e-01 7.824566547647914261e-01 7.887500913452452078e-01 7.901997135840242992e-01 7.921530336336042311e-01 7.874791861741080590e-01 7.923619747729800933e-01 7.939196869350779728e-01 7.919397634939445707e-01 7.932448694629045116e-01 7.937874460836727986e-01 7.826189856936053291e-01 7.798298071761224914e-01 7.855590969015814329e-01 7.869478808322134533e-01 7.883389688530684225e-01 7.873706693117572541e-01 7.855123897852422932e-01 7.880666651080181495e-01 7.883511640547221644e-01 7.886575796801018612e-01 7.937122594475348736e-01 7.806138763504465450e-01 7.828797598949851499e-01 7.760609440202215215e-01 7.746270770736216615e-01 7.827179541806777996e-01 7.842373619017632969e-01 7.879207250592199507e-01 7.850464363870253148e-01 7.816447488604016947e-01 7.895409137895351703e-01 7.845416226928207948e-01 7.790197384841239803e-01 7.836379022843388276e-01 7.838520899357857008e-01 7.811182975650200477e-01 7.843427567407899037e-01 7.817087008679571847e-01 7.871149171451833348e-01 7.862679611647799272e-01 7.859803272562492227e-01 7.853362835410363507e-01 7.857166858109289054e-01
3.486495813807408140e-02 1.476191722041349241e-01 2.737146175872948173e-01 4.713928378835451904e-01 3.834141601226255247e-01 4.122994764851884431e-01 6.655856502128222330e-01 6.310217192259154340e-01 6.959216608670385495e-01 6.576930322013460062e-01 1.000000000000000000e+00 7.766633460482726958e-01 6.872546436633277800e-01 6.612681608997594829e-01 7.714613268190587680e-01 7.615040299376150124e-01 7.311824912410841426e-01 7.334704055715524085e-01 7.334316116459437263e-01 6.837716480001145847e-01 7.278169190810818145e-01 7.299369847342838113e-01 7.488608080464878025e-01 7.369123539352872010e-01 7.474894974546177906e-01 7.778458335441907900e-01 7.673054231802199920e-01 7.649049213050788110e-01 7.356748958198624511e-01 7.954345697045337449e-01 7.995293959994501654e-01 7.959176722069327692e-01 7.603201241409399680e-01 7.797707000909825936e-01 7.587478819143291808e-01 7.691751546797004346e-01 7.893589525981576926e-01 7.607486254287414429e-01 7.920068435353980751e-01 7.740268293280015977e-01 7.943131246579957505e-01 7.929762901097624495e-01 8.001333592346648871e-01 7.991441461277090097e-01 7.977707954778721078e-01 7.906833532386179364e-01 7.932760526594979655e-01 7.922412380743526494e-01 7.983526964341128851e-01 7.621938758155736293e-01 7.918621639373401022e-01 7.798683180043917140e-01 7.927385311726767858e-01 7.938676980770902336e-01 7.877638198833525340e-01 7.936767190396688543e-01 7.994315839901715570e-01 7.892742603910543053e-01 7.716972211377283175e-01 8.007541865660003921e-01 7.992367185913549221e-01 7.963698273288271068e-01 7.855199246300598181e-01 8.018931930162880306e-01 7.957026266694640082e-01 8.053246011622383627e-01 7.985163572902096440e-01 7.972042273122935674e-01 8.024137939523795504e-01 8.016542304455176460e-01 7.979520509746756973e-01 8.015256083052574310e-01 7.994949596472208375e-01 7.951978536089555627e-01 8.017245018776184562e-01 7.968475180478667985e-01 7.986376665550358744e-01 7.997373261051033966e-01 8.032654551823321665e-01 7.996451174129840522e-01 8.047645262961636847e-01 8.053603084167555437e-01 8.091631936969750916e-01 7.966477773347447888e-01 8.041917129622648819e-01 8.009171149917237997e-01 8.010842080429576573e-01 8.020023243218902254e-01 8.024038614178257145e-01 8.038702351526175738e-01 8.018239060612872837e-01 8.016582086695551723e-01 8.065002818385742511e-01 8.029124259775073380e-01 7.929264693505987394e-01 7.970993262115863009e-01 8.035503636069661892e-01 7.981347158736397107e-01 7.966727138705436140e-01 8.062480416304036446e-01 8.064827512142735966e-01 8.019547446952839387e-01 8.014229277081521552e-01 8.049220913672907596e-01 8.049197942476178369e-01 8.002548302767960031e-01 8.004808082594966345e-01 7.970923798808235983e-01 7.985785913501229905e-01 7.995357983192086238e-01 7.979900751165543982e-01 8.022070548116054800e-01 8.029265510409625550e-01 8.045713567438458336e-01 8.016657425426662043e-01 8.026880770805248089e-01
2.215999139491542716e-02 1.712385995676576067e-01 2.806364748119304919e-01 5.346977644289929721e-01 4.251260512157535865e-01 4.569243369707774449e-01 7.059937071402911934e-01 7.045005645530786342e-01 7.834820878999172455e-01 7.354526220994442864e-01 7.766633460482726958e-01 1.000000000000000000e+00 7.627113618506885517e-01 7.558357688465573432e-01 8.670662786716032411e-01 8.689629061033498081e-01 8.222945562942304276e-01 8.225705866321996185e-01 8.196004244409867967e-01 7.598470500512766179e-01 8.067020452801043628e-01 8.050644310203670662e-01 8.272811205353182151e-01 8.184088524256364350e-01 8.278326503634667599e-01 8.681158508737989443e-01 8.541984908475855898e-01 8.522339179710707313e-01 8.227657380287107802e-01 8.905245552485467897e-01 8.907890039965232765e-01 8.965496693158588881e-01 8.511870393038802884e-01 8.795331063927892545e-01 8.598435348626424224e-01 8.539273670880719314e-01 8.741478364377722743e-01 8.703832728697583621e-01 8.871518325809909511e-01 8.594291462068032184e-01 8.908946135019659707e-01 8.939848404744309418e-01 8.893003190264024971e-01 8.990688182309465315e-01 8.890725740519765941e-01 8.908453850152727727e-01 8.974020754473264194e-01 9.023877703645302173e-01 9.062191634081896430e-01 8.675262747630841931e-01 9.012263444154856584e-01 8.750436105167679335e-01 8.860402554531753294e-01 9.029443455038378419e-01 8.971726473609419328e-01 8.960108675259400579e-01 9.033072149633466497e-01 8.929327508927132895e-01 8.885377103722739145e-01 9.047453988880178599e-01 9.069898264254462328e-01 9.037546701169426600e-01 8.948453363363622071e-01 9.054698047950682227e-01 8.955470999352640460e-01 9.051412267389182809e-01 9.001333868431125040e-01 8.986342731380030369e-01 9.044295620687726744e-01 9.051401951389089762e-01 8.947603971224387109e-01 9.013873409416043314e-01 8.977375398626531444e-01 8.960903013571749343e-01 9.038861084466927043e-01 9.018429823048399463e-01 9.007977126781475663e-01 8.990707877708038476e-01 9.031082675835785389e-01 9.052445908846584732e-01 9.068620746551799838e-01 9.085480580811848839e-01 9.057477173771931733e-01 9.010399221008436044e-01 8.973753406221732787e-01 9.015103004082565263e-01 9.002012020852091512e-01 9.031918038462112275e-01 9.032806571275188157e-01 9.025415698289845912e-01 8.976529944487071644e-01 9.028721885907974309e-01 9.040547185707922262e-01 9.056697436628053932e-01 8.981656230701707821e-01 9.013384270391758823e-01 8.898892900394337335e-01 8.940064467259697389e-01 8.989561923355042783e-01 9.018564165529040499e-01 9.032260635136369897e-01 9.046125492872644225e-01 8.983331602147742734e-01 9.049395053634289310e-01 9.017124111557894839e-01 8.984158116210367861e-01 9.026499163115162538e-01 9.022152428996109697e-01 9.032061585271883297e-01 9.039356073752384813e-01 9.024546184007425920e-01 9.040594339320674466e-01 9.062335783741187756e-01 9.042307797213793297e-01 9.011498381802721669e-01 9.033116644874046308e-01
2.953555048206834427e-02 1.273510392389675394e-01 2.495051006622451273e-01 4.765491781325849052e-01 4.263658322015117519e-01 4.405466600997146598e-01 6.797751525285709029e-01 6.337318917803618223e-01 7.103482437246058101e-01 6.840525464616090678e-01 6.872546436633277800e-01 7.627113618506885517e-01 1.000000000000000000e+00 6.907395606182209491e-01 8.008737064382001059e-01 8.009783279871279804e-01 7.519730428114915766e-01 7.656202168267528529e-01 7.479228869903040700e-01 7.015135321458310091e-01 7.420320889942381148e-01 7.449619921853225524e-01 7.673473984276315552e-01 7.419019439358550683e-01 7.606394257610044063e-01 8.041175564043471224e-01 7.833665812588044286e-01 7.872604822288330473e-01 7.439883281997766717e-01 8.172355327371396694e-01 8.241960658827722774e-01 8.134912555747957352e-01 7.679081205797372300e-01 7.901085438830092178e-01 7.887452171593795081e-01 7.708242298359223588e-01 7.905706047825389327e-01 8.009286896386941246e-01 8.114477265649148174e-01 7.943670036463943429e-01 8.258524314088812046e-01 8.266911645261036945e-01 8.100511665536650474e-01 8.348240801102010389e-01 8.167203612323741257e-01 8.186123802840993280e-01 8.231568287933158645e-01 8.262639097108928077e-01 8.251204770612763362e-01 7.863610291323441803e-01 8.138607329111645639e-01 7.940983090764125452e-01 8.064817828043600034e-01 8.286755122549632757e-01 8.237499915818985441e-01 8.285720960231138799e-01 8.182195805498719832e-01 8.284848914417647370e-01 8.147326900567590791e-01 8.392472551544332138e-01 8.277280984980581735e-01 8.273443284321267965e-01 8.100230834712711658e-01 8.215240151135819735e-01 8.216103127910472370e-01 8.269224574674006734e-01 8.271340982778350170e-01 8.294146762412046847e-01 8.267238471367167607e-01 8.315901624440296125e-01 8.247092692737234554e-01 8.278207284405790789e-01 8.165226140188206472e-01 8.227674101242127280e-01 8.322001842474933131e-01 8.281568333562723261e-01 8.250822690243027058e-01 8.196469856725966396e-01 8.284911868940747492e-01 8.361438280355792951e-01 8.288216187230499354e-01 8.349198807583869675e-01 8.301231210071307043e-01 8.232099484473204276e-01 8.217985774761978890e-01 8.230637523642739817e-01 8.232302620853986230e-01 8.309406591619069582e-01 8.287290912098357332e-01 8.306837699890027293e-01 8.225499620657118482e-01 8.346077587449517443e-01 8.283241947381710935e-01 8.363613076491901444e-01 8.310386442444865907e-01 8.305091303638255651e-01 8.222320642125422463e-01 8.257315952378322388e-01 8.306384049051549479e-01 8.314420511752546039e-01 8.314700987929418696e-01 8.318726619012070111e-01 8.279526015301990061e-01 8.398360513048260811e-01 8.299342229438397833e-01 8.293275867318108396e-01 8.340731815813980932e-01 8.311233585797509482e-01 8.327857231569593122e-01 8.340155138198513951e-01 8.333203968276162721e-01 8.358718436471397339e-01 8.345722360453016186e-01 8.320430251377054498e-01 8.272234316384777797e-01 8.297811666937294772e-01
