1.000000000000000000e+00 1.910389987908046594e-01 2.099246425690222684e-01 8.439106471895142791e-02 5.416758586468956721e-02 6.862324200728305013e-02 8.737058614708753668e-02 6.915814642635143006e-02 1.958711644621550785e-01 1.963092461676765529e-02 9.111344427304998717e-02 1.471066811725077819e-02 -2.178345302888709187e-02 -2.148620619560351330e-02 1.558136613407886360e-02 8.424750070535512447e-02 2.369128288363610280e-01 3.056113281014501970e-01 2.822781545489844723e-01 1.274673572953345380e-01 2.659486801848843784e-01 2.878697966868772884e-01 3.254202253584830284e-01 2.985190451366741549e-01 2.600500093075425734e-01 2.091072394624631792e-01 2.177424872727230787e-01 1.924730426724611809e-01 2.656927610666398043e-01 2.954165826042995380e-01 2.892778735510352917e-01 2.213066191001498151e-01 2.133610871234991047e-01 2.494910948589727784e-01 2.540158550565939644e-01 2.278326049587021118e-01 2.225726105576283920e-01 1.041151831382555876e-01 1.661084395889227405e-01 7.279869343527532732e-02 8.601627012442122910e-02 6.925756749312821092e-02 1.078911753428244552e-01 1.182703772436802248e-01 1.631410015848949180e-01 1.572630161262361104e-01 1.022511515726190132e-02 5.229999914702114505e-02 5.807278448072519805e-02 1.567015451034820539e-01 1.068488264097766788e-01 8.881738947537551332e-02 7.942688806115955069e-02 9.210478374274043423e-02 1.015927536991217128e-01 1.130757451417796072e-01 1.325609132739778706e-01 4.481217083781630084e-02 6.586497774624004709e-02 9.100176788352568047e-02 7.747804747917490242e-02 9.885027134043643249e-02 8.697050037749655405e-02 1.182069702848445730e-01 9.651733477038690334e-02 9.335762965414366732e-02 7.738810235718150687e-02 1.207908325070418537e-01 1.342620459635868457e-01 7.062795077838807112e-02 1.075859334277228380e-01 1.397321077447750415e-01 1.150235616809491823e-01 1.241255016376133502e-01 8.985869284419575886e-02 1.026046090509852710e-01 9.475041565381876751e-02 1.430430810222313442e-01 1.158790806548871399e-01 1.421906250190790588e-01 1.409208859924956925e-01 1.241387435139618689e-01 9.643751476556633451e-02 1.235986848482550637e-01 9.671108980420428658e-02 1.224931638559682012e-01 1.078443939907282462e-01 5.432706341059773125e-02 8.159983636934832474e-02 9.078726424290288477e-02 5.531295879346916078e-02 3.888955363855482739e-02 5.665262841391287274e-02 5.243413797302953067e-02 3.403695721722097001e-03 3.235766338158226757e-02 6.527524697724475244e-02 8.873998191287359172e-02 3.909130462632789960e-02 5.636854393246647915e-02 5.144176972954059984e-02 4.761919114063230263e-02 3.909952778376506177e-02 4.125636088552572800e-02 7.286831971533871966e-02 6.422749238240402225e-02 4.693601839813520138e-02 5.022485433324515997e-02 5.329011837697237436e-02 3.388624117575037009e-02 3.721911546187357117e-02 3.905648942113389144e-02 4.589543630932624990e-02 6.478390885774103214e-02 7.501822345387866575e-02 4.905026889133707463e-02
1.910389987908046594e-01 1.000000000000000000e+00 1.430808667360433106e-01 6.123015619816594285e-02 6.411324020021513803e-02 1.108946526950815442e-01 1.302143092232037058e-01 1.167656456870670156e-01 1.935996298793249970e-01 1.675527534573533484e-01 1.735472303257182269e-01 1.271227383875453421e-01 9.467345210251905396e-02 8.841366056626216718e-02 1.369867192144417212e-01 1.552497286837189738e-01 2.080570355654226267e-01 2.328588086877152186e-01 2.378320326365954140e-01 8.351709376097557480e-02 1.575983440394826129e-01 2.272991749795553185e-01 2.577729973013361819e-01 2.230089478544043657e-01 2.185330468499130652e-01 2.279826130354314917e-01 2.132357677174005484e-01 2.205573139368111057e-01 2.610920939336989766e-01 2.595958058705586935e-01 2.431225111087925439e-01 2.435172308307487765e-01 2.458939152158899633e-01 2.374392908688771342e-01 2.581778856938257150e-01 2.114179017579481124e-01 2.101786142628990495e-01 2.064671771484523632e-01 2.269007021357385412e-01 1.667670284945646231e-01 1.739092491797040174e-01 1.741347892230901140e-01 1.839985466699479433e-01 1.925477440821015407e-01 2.030720699603452140e-01 2.191775901270320293e-01 1.512490313936780406e-01 1.692766145606826589e-01 1.588533572725700782e-01 1.894618675464451729e-01 1.807099775724713975e-01 1.245844936921160634e-01 1.517698448480199191e-01 1.793721471350837871e-01 1.902227079140391408e-01 1.947149775722068765e-01 1.732327422375944392e-01 1.576553733347269837e-01 1.656990565295439477e-01 1.706717337414150326e-01 1.628967002098151151e-01 1.803260798412589516e-01 1.751292086024476558e-01 1.824797763645422954e-01 1.666236433171724152e-01 1.654080804888192202e-01 1.766667536527375681e-01 1.941795692289545183e-01 2.044829294558912214e-01 1.408841545133359408e-01 1.739312217259787186e-01 1.942022791941087623e-01 1.878680980768450415e-01 1.853180448850502426e-01 1.863914490301193938e-01 1.891812849148490905e-01 1.886397630089999000e-01 2.187422734168358307e-01 1.998106127454123138e-01 2.074710455751042071e-01 2.041937389636151734e-01 1.985827107290187299e-01 1.868444025358666216e-01 2.053877409980923441e-01 1.865957397605323975e-01 1.973505375425705366e-01 1.899423118610658323e-01 1.765163025248402129e-01 1.883702737031259788e-01 1.919167410431640575e-01 1.733000085229149112e-01 1.596935444116059089e-01 1.632987203579938096e-01 1.670846820498664842e-01 1.451793312813774162e-01 1.619854811765571445e-01 1.542681851155518480e-01 1.615286057745007608e-01 1.559326482604217745e-01 1.626517477947408141e-01 1.639046548297373174e-01 1.610766509868758467e-01 1.486923896810506684e-01 1.554360143333721744e-01 1.599132949808577675e-01 1.585062888314022478e-01 1.591654753269320932e-01 1.715382676315190535e-01 1.713473344466674153e-01 1.574308050964257355e-01 1.604955255523443369e-01 1.565577121468273158e-01 1.596230231184762594e-01 1.656118398888015708e-01 1.643900047001098652e-01 1.531661622497096364e-01
2.099246425690222684e-01 1.430808667360433106e-01 1.000000000000000000e+00 3.292123871885288544e-01 2.096757815227025257e-01 2.727732514697692734e-01 3.698827598352847357e-01 3.321457354431452402e-01 3.459366000062524815e-01 2.636707787058684693e-01 3.938227554199016378e-01 3.724618015095764179e-01 2.709499822737029828e-01 2.217707953925551756e-01 3.560398518059037509e-01 3.943700562445379143e-01 3.883361985799636540e-01 4.137495586718888396e-01 4.131301895798736301e-01 3.327252815383221485e-01 4.433770211602061084e-01 4.618319612926214957e-01 4.954544240494003216e-01 4.547900735218386448e-01 4.592833977464391704e-01 4.571779103365701258e-01 4.684540437830220783e-01 4.588076837788040430e-01 4.334808399471417051e-01 4.614207248306694820e-01 4.815322737092704863e-01 4.529832172885246422e-01 4.383722712842698654e-01 4.515257922026251203e-01 4.463864683387602228e-01 4.694277502061795504e-01 4.819713342932127054e-01 3.919125166981403674e-01 4.294012245441890530e-01 4.384723584614712011e-01 4.107420460834340092e-01 4.079084698013424326e-01 4.385677508493041610e-01 4.230369824728723582e-01 4.515465202878147233e-01 4.380221980289097927e-01 3.562759273888985168e-01 3.678308705768642550e-01 3.797047017998252394e-01 4.326781960813420591e-01 4.168866763961024957e-01 3.913917570603189233e-01 3.898614274462455231e-01 3.841741937296901388e-01 3.959865873564213379e-01 4.339567430413719396e-01 4.137014413408019453e-01 3.690300483493111905e-01 3.843342944684117746e-01 3.736191578245938727e-01 3.949426283490448664e-01 3.848136143613705706e-01 3.977154882017845394e-01 4.018234219091063597e-01 3.746318927291904521e-01 3.838108796223099750e-01 3.818303468365504827e-01 4.091219622462571870e-01 4.220763179453643765e-01 4.022220169521030231e-01 4.170337724640615362e-01 4.247532664368556254e-01 4.132767186324694531e-01 4.197313362136475545e-01 4.024264989202064324e-01 4.143048676664489727e-01 4.096424603120618069e-01 4.155176122407098771e-01 4.192172387065407069e-01 4.203864442832165871e-01 4.310431594266652122e-01 4.200269084733241898e-01 4.080431970534831310e-01 4.090989662618153555e-01 4.044661634634748038e-01 4.140197984742297055e-01 4.260262529114380303e-01 3.819305986845961676e-01 4.014981154680600239e-01 4.100964308300076855e-01 4.050354099959569965e-01 3.803410756328242659e-01 3.924329021384487803e-01 3.915588128376993327e-01 3.477300878768039283e-01 3.620425155968262643e-01 3.898381308798295475e-01 3.764352911377489841e-01 3.675347859014090335e-01 3.844413477299324366e-01 3.923104020677350978e-01 3.751887520593644720e-01 3.654817291428337223e-01 3.732132008041854632e-01 3.931325164977001463e-01 3.771455075665293144e-01 3.666284664193407150e-01 3.695997467728082131e-01 3.799877180611034855e-01 3.628619959807473649e-01 3.708588929424419534e-01 3.604457838181345242e-01 3.669040093860777008e-01 3.735775717094235726e-01 3.738156350955491591e-01 3.620630788969196878e-01
8.439106471895142791e-02 6.123015619816594285e-02 3.292123871885288544e-01 1.000000000000000000e+00 4.277484453575435830e-01 4.072497596026681266e-01 5.738661185690031585e-01 5.511391488108922099e-01 4.240870512731715336e-01 3.321356311165922781e-01 4.872967432953572153e-01 6.517269682143143061e-01 4.642910863779903807e-01 3.527037868065966975e-01 5.519219855226153992e-01 5.701490388481814664e-01 3.843484241786713773e-01 3.229263306065572325e-01 3.057844658783658298e-01 6.739825651527522332e-01 5.720026036037596517e-01 4.210122863652552838e-01 4.031374936593339342e-01 4.161775343207143596e-01 4.219558321928522648e-01 5.031821230778371623e-01 4.689429714025102891e-01 4.220487719304293894e-01 2.912878232221391972e-01 3.436451464623993535e-01 3.762699002358802502e-01 4.348297734764280387e-01 3.388089686624387586e-01 4.116430366400326557e-01 3.339010411917509580e-01 4.973890613135387717e-01 4.772601696985891429e-01 3.911182866952709891e-01 3.982990630678540089e-01 5.396265497946680645e-01 5.179187131995999227e-01 4.939257591822491800e-01 5.578158625745641697e-01 5.214261271952629340e-01 5.110074780578324205e-01 4.219684043190026768e-01 4.870801070523511078e-01 4.878399181928989026e-01 5.217337324771824658e-01 5.194516689073287452e-01 5.162072275581122138e-01 6.291661809951107909e-01 5.546517013784481032e-01 4.481260139503334683e-01 4.455035176084773951e-01 4.751843518271065547e-01 5.423311043580264501e-01 4.735554876986033390e-01 4.853332964092403334e-01 5.043667808043176271e-01 5.468119438584048142e-01 4.735663029454854067e-01 4.920241440382252529e-01 5.095890385020076518e-01 4.798996834384702259e-01 5.059273834181684526e-01 4.560959301718481851e-01 4.548316543719977401e-01 4.494898944296507604e-01 6.062399099471711406e-01 5.110411484994732412e-01 4.620949768767440013e-01 4.815042139333859939e-01 4.801036354187246946e-01 4.880330481661911413e-01 4.859426698246623322e-01 4.625829786935567456e-01 4.080390082557988629e-01 4.735996933129483777e-01 4.405430626181106590e-01 4.643883147395072020e-01 4.509526343587478836e-01 4.833293265706871678e-01 4.193400028388524770e-01 4.506238680433931054e-01 4.570689866663766310e-01 4.946082771837815861e-01 4.542457698509180242e-01 4.597512658527696527e-01 4.546867530635613219e-01 4.985917362646838380e-01 4.948446291430671495e-01 4.947342216588869745e-01 4.897592425288311291e-01 4.769721758646976451e-01 4.695441038029229963e-01 5.223526181390185652e-01 4.929459452000301001e-01 5.013260710260714070e-01 4.981764942207203561e-01 5.205922946456013056e-01 4.945630861300768233e-01 5.142990121133798054e-01 5.019725895210049860e-01 5.320616819043680890e-01 5.000916127931137600e-01 4.876188042232585951e-01 4.477052853933400356e-01 4.648586719990845939e-01 4.840380185558113557e-01 4.813341711864472239e-01 4.901721093170126053e-01 4.846043923683130972e-01 4.873072860973068354e-01 4.732312264647475786e-01 4.949566752527249647e-01
5.416758586468956721e-02 6.411324020021513803e-02 2.096757815227025257e-01 4.277484453575435830e-01 1.000000000000000000e+00 3.316334253316977065e-01 4.985183187257795634e-01 5.035406930224164412e-01 4.386273310449488871e-01 3.741981720306193915e-01 4.443932203645697410e-01 5.110197967318209633e-01 4.719716592108271769e-01 3.710160481481269978e-01 5.114795952161839132e-01 5.111881360474098690e-01 3.788715692174629557e-01 3.019964236916638511e-01 3.119921545572714172e-01 4.138342128286079391e-01 4.048521712094055314e-01 3.732643942706003748e-01 3.543783468853523577e-01 3.571487177212477326e-01 3.822132767515633023e-01 4.401104411570158081e-01 4.271028556406891719e-01 3.962462668898175111e-01 3.197837977558077305e-01 3.566500136403050747e-01 3.462274207551018779e-01 4.170702293175014286e-01 3.704017398674701034e-01 3.934248838189240982e-01 3.729405375176645943e-01 4.283400640463895792e-01 4.089634639438693986e-01 4.216028848205352619e-01 4.202762619427432567e-01 4.702157579976444790e-01 4.855959701331221678e-01 4.774795319079623845e-01 5.016652887998318544e-01 4.930230854881380576e-01 4.711625424986723987e-01 4.348143119341464358e-01 4.848804937791652558e-01 4.827051551684452546e-01 4.885692325428785954e-01 4.703380826427076000e-01 4.877456927786990026e-01 5.267808393757416052e-01 5.084799711198174643e-01 4.594902314092871309e-01 4.490691293513660032e-01 4.498838251815064915e-01 4.904790211913024889e-01 4.798429192524962805e-01 4.748693650311716086e-01 5.031948540991246777e-01 5.060363388152921971e-01 4.805927405543081177e-01 4.701272483677625402e-01 4.839618256406973407e-01 4.797128490007465107e-01 4.893819535125460973e-01 4.639484876675216141e-01 4.561824040942646930e-01 4.539291536068996713e-01 5.122371823483685693e-01 4.759511453010394355e-01 4.579492039174774543e-01 4.688121462328009303e-01 4.673177432945582743e-01 4.776204268663496455e-01 4.735691496320430516e-01 4.613103613455093455e-01 4.312313808780757762e-01 4.687080720596468741e-01 4.514983195229735902e-01 4.538686900977162431e-01 4.488440330051353677e-01 4.739228874803539937e-01 4.463266995438990858e-01 4.611034987663879536e-01 4.560785585297500999e-01 4.681551567213345089e-01 4.654852869248238822e-01 4.659620595251481867e-01 4.561812735693123178e-01 4.813736678389921031e-01 4.873626402163838689e-01 4.845745939516508116e-01 4.793697952998846601e-01 4.810315258085547385e-01 4.756213409642045531e-01 4.990519650236344695e-01 4.808802598658785121e-01 4.916625739767362946e-01 4.910991625419064421e-01 4.973753038060029774e-01 4.845313749021022964e-01 4.964698211389668714e-01 4.941343451435655232e-01 4.977605942499734870e-01 4.847503325941402430e-01 4.841037562559096230e-01 4.643938164612698705e-01 4.691343171587514238e-01 4.875233952560956152e-01 4.803369848236184181e-01 4.904448141000545269e-01 4.848933250883203927e-01 4.834751840287054847e-01 4.747107079817545205e-01 4.870828623428176685e-01
6.862324200728305013e-02 1.108946526950815442e-01 2.727732514697692734e-01 4.072497596026681266e-01 3.316334253316977065e-01 1.000000000000000000e+00 5.490628601874578685e-01 5.131387776525809796e-01 5.197028288750150660e-01 4.590828579597214243e-01 5.661166450373008585e-01 6.046010619604926806e-01 5.158682461635489824e-01 4.468906155264301683e-01 5.985236093117416445e-01 5.981736225066540680e-01 5.063460844659242177e-01 4.472205765201245353e-01 4.643551348546778867e-01 4.443721275544425531e-01 4.982254619967571574e-01 5.015736604930973730e-01 4.906809284094303392e-01 4.873892646010128393e-01 5.086793396124341671e-01 5.693944967892519138e-01 5.704993490920617916e-01 5.520024075320214552e-01 4.695159889703666156e-01 4.967141746972831284e-01 5.033862567810409860e-01 5.589118212055986801e-01 5.139397452450024106e-01 5.429506459943566066e-01 5.182881234043738017e-01 5.696325382825135897e-01 5.480805749577996044e-01 5.635523658704597594e-01 5.631614537286718791e-01 6.020060896980651277e-01 6.072844002069021085e-01 6.065888727408471626e-01 6.185084412555469369e-01 6.113803766431024078e-01 6.012798731843029820e-01 5.748700815999350233e-01 5.968061047817894149e-01 6.029923329421624789e-01 6.070564047642131866e-01 5.940513950923853592e-01 6.074880327158695970e-01 6.078304130284822859e-01 6.090675311937253644e-01 5.911707817957833067e-01 5.944487909969647932e-01 6.009069943770442013e-01 6.102961295869534508e-01 6.067659256578211702e-01 6.016069783010766781e-01 5.988914749350555677e-01 6.166119791130600936e-01 5.990913031578477543e-01 6.060596910991483677e-01 6.016046257706192391e-01 5.931245258034637535e-01 5.991785209441141680e-01 5.979797450716392015e-01 5.951920565264415819e-01 5.909696003877927817e-01 6.151619932288934223e-01 6.045394293819452702e-01 5.943286454747285230e-01 5.999716151269922637e-01 6.001794363042756153e-01 6.092687068253938021e-01 6.048998122187912996e-01 5.996396692907751680e-01 5.699073142745428866e-01 6.020300982289122915e-01 5.836260167953722933e-01 5.932861308108584586e-01 5.905955980360599877e-01 6.056627149741097282e-01 5.767181579470387343e-01 6.007741774967343407e-01 5.984321807028647466e-01 6.073325107589794269e-01 6.013821437554898175e-01 5.964814453579161402e-01 6.004537111550934947e-01 6.120144615435386681e-01 6.124498746750773881e-01 6.110463642669755613e-01 6.113725813001479326e-01 6.000461493894363452e-01 6.014394632927636541e-01 6.226383308501899361e-01 6.019565531648286560e-01 6.114113048840630338e-01 6.144723560211817759e-01 6.235985731721627179e-01 6.118914988401655819e-01 6.101257062099615380e-01 6.125583151671414317e-01 6.187722979372671794e-01 6.117885855149204355e-01 6.058693618533496084e-01 5.956258470065803889e-01 6.040663871662109718e-01 6.043160935841881409e-01 6.066393384619006568e-01 6.045467726867828073e-01 6.089802378055945153e-01 6.051964837937909847e-01 5.974240767249191508e-01 6.014472512198796306e-01
8.737058614708753668e-02 1.302143092232037058e-01 3.698827598352847357e-01 5.738661185690031585e-01 4.985183187257795634e-01 5.490628601874578685e-01 1.000000000000000000e+00 7.340637992659941879e-01 6.890731203041916553e-01 6.150749069267895663e-01 7.400916571911775321e-01 7.953495467539677399e-01 7.021632141068920863e-01 5.761697325200318964e-01 8.301876576654289019e-01 8.153051153933648099e-01 6.518340250636809330e-01 5.667793843248871699e-01 5.707863769754066841e-01 6.586250753959327353e-01 6.430524736635362393e-01 6.249606983794574466e-01 6.375324093842658080e-01 6.307728413644703158e-01 6.520831275218652578e-01 7.655960261867806871e-01 7.403263942054848501e-01 7.215048473214773495e-01 6.009953400106176069e-01 6.499561803801751081e-01 6.531486742823761071e-01 7.280279881282228915e-01 6.596604907406418139e-01 7.005227026552638403e-01 6.647972915146166395e-01 7.232289805631422208e-01 7.148660192912834610e-01 7.390378679958667929e-01 7.377755274288090304e-01 7.927203475589297277e-01 8.022508799429552973e-01 7.989842390915522508e-01 8.177528156458174768e-01 8.083572018380748014e-01 7.842532169097802264e-01 7.589041044872606445e-01 7.904275053434831610e-01 7.895439685824008347e-01 7.992784006468512947e-01 7.792957093960865000e-01 7.999689518023496149e-01 8.075614790640657237e-01 8.068253908724806189e-01 7.719396227957031620e-01 7.710602677364164492e-01 7.846238416382215197e-01 7.911649891824461545e-01 7.830774766036460166e-01 7.844185120921158827e-01 7.947612624410032023e-01 8.160498038110582941e-01 7.839428421828651405e-01 7.929678325637133929e-01 7.877775700574349838e-01 7.724575037671354005e-01 7.865468345531084760e-01 7.810281515017019061e-01 7.751442111568331850e-01 7.747784119287711713e-01 8.298793143985512266e-01 7.872052715630575292e-01 7.671247375447686201e-01 7.874270587236006369e-01 7.828064490825995536e-01 8.008947540516018204e-01 7.954832934783221399e-01 7.883601186761955981e-01 7.434378441313352903e-01 7.895704713158193666e-01 7.616402390383235632e-01 7.711188498959028470e-01 7.712951898463087375e-01 7.922117700417903308e-01 7.566284531328419938e-01 7.855559272099740253e-01 7.800062148945356988e-01 7.895792988053217387e-01 7.915833180069182795e-01 7.875399701370094929e-01 7.881181744099114983e-01 8.078552267323556579e-01 8.075244783757773437e-01 8.034273054798017899e-01 8.070561289982628450e-01 7.918800597986365153e-01 7.906290252326995116e-01 8.136971660143450524e-01 7.902399993528816946e-01 8.045910127383152366e-01 8.091892258458870391e-01 8.173258982136680784e-01 8.009957209035954984e-01 8.049134047346013787e-01 8.070593300890165356e-01 8.121039237355498486e-01 7.971133653908937244e-01 7.961681301643022124e-01 7.818885495313336875e-01 7.918361279989039048e-01 7.939763494840061941e-01 7.959610750377330568e-01 7.976647999087441709e-01 7.974048013908215937e-01 7.932688722450316199e-01 7.815358841058294148e-01 7.925210793180038626e-01
6.915814642635143006e-02 1.167656456870670156e-01 3.321457354431452402e-01 5.511391488108922099e-01 5.035406930224164412e-01 5.131387776525809796e-01 7.340637992659941879e-01 1.000000000000000000e+00 7.005933570772799879e-01 5.935910625487530456e-01 7.142860037806642026e-01 7.609944079606009160e-01 6.826776031193244609e-01 5.711011712530588147e-01 7.908932262661279022e-01 8.007117881496117473e-01 6.749423039642272748e-01 5.650082322639258248e-01 5.752272858411848766e-01 6.086870842774205759e-01 6.424601052074194740e-01 6.307576326415499368e-01 6.111575129654910343e-01 5.980542132219409668e-01 6.361529885179477706e-01 7.291520025669677718e-01 6.935806507000770171e-01 6.891498362206905925e-01 5.933652116821097611e-01 6.358912549456081642e-01 6.187724584296898644e-01 7.228981779857791556e-01 6.525847745430941593e-01 6.847200329307148170e-01 6.545260474283549623e-01 6.973102989931400097e-01 6.756277488117616858e-01 7.409195364143338347e-01 7.342151159181360409e-01 7.484724090857785006e-01 7.765714585479449594e-01 7.823318396588369028e-01 7.884104445380809567e-01 7.849356717727703492e-01 7.571855636529614131e-01 7.360128430715162651e-01 7.769880951641290334e-01 7.734269468876766584e-01 7.871884504658079873e-01 7.720255825563379082e-01 7.929082899783985727e-01 7.695397207223436675e-01 7.791373785256777706e-01 7.569597901516862404e-01 7.555009116547802828e-01 7.574894411742775224e-01 7.831783329675739980e-01 7.726965778127168338e-01 7.755484659762776900e-01 7.877054211536751449e-01 7.936510746386422621e-01 7.782364108187270757e-01 7.738938469081071414e-01 7.840967472175096598e-01 7.698808799656883251e-01 7.783726603871570227e-01 7.669792120644050026e-01 7.563319708754083770e-01 7.500712798065277687e-01 7.989204576861580476e-01 7.712056686602627442e-01 7.528678215548104680e-01 7.602616785384013198e-01 7.559077941971230619e-01 7.751791175713097504e-01 7.685129787772485566e-01 7.650329875073762498e-01 7.263864472564975916e-01 7.590645741110008116e-01 7.403345622087058597e-01 7.456137780345957200e-01 7.455243823489617894e-01 7.782754233662658727e-01 7.462959842293389601e-01 7.677864597481984799e-01 7.568359985728703165e-01 7.605706810533305884e-01 7.766913195030601402e-01 7.708830211205888183e-01 7.648927621684145084e-01 7.818205016619242942e-01 7.829509988057191672e-01 7.773285542120125235e-01 7.791418778972668546e-01 7.701678405190691690e-01 7.691857855555731538e-01 7.867983021439611813e-01 7.737745075988445853e-01 7.817752516844954647e-01 7.860986123260700342e-01 7.888120996723380074e-01 7.818989264595653799e-01 7.800283651977670818e-01 7.859015356422537346e-01 7.848351060001693691e-01 7.762116770265169441e-01 7.781782726272753470e-01 7.643248604526057255e-01 7.700053913535778172e-01 7.804588157426705086e-01 7.802769072758354296e-01 7.800594259887601023e-01 7.779882939531109765e-01 7.803851036927473839e-01 7.751431855198520626e-01 7.765951507013185706e-01
1.958711644621550785e-01 1.935996298793249970e-01 3.459366000062524815e-01 4.240870512731715336e-01 4.386273310449488871e-01 5.197028288750150660e-01 6.890731203041916553e-01 7.005933570772799879e-01 1.000000000000000000e+00 7.125253955066801481e-01 7.986270748328294644e-01 7.630010431166027729e-01 7.200741239813657213e-01 6.232117766819550431e-01 8.113913054743295827e-01 8.163552804450917577e-01 8.008857654904939505e-01 6.876585125507046481e-01 7.173876554270374184e-01 5.264278060642173518e-01 6.640600197547888994e-01 7.348801222082499418e-01 7.160075293286333187e-01 6.950159543918249527e-01 7.505144827322018930e-01 8.111204086483899678e-01 7.983603014465922021e-01 7.864946213539393272e-01 7.531544167376411636e-01 7.930841627967964991e-01 7.654146390405024425e-01 8.262454815106952122e-01 7.672881799266252356e-01 7.897737319673128198e-01 8.014284881340715261e-01 7.660794876474731341e-01 7.793615937667492943e-01 8.242040127899079582e-01 8.244926837128032648e-01 7.644493350797615383e-01 8.514628773738570633e-01 8.364454946894348542e-01 8.144289077318410675e-01 8.548388235536152902e-01 8.409469504700441966e-01 8.348786904511841245e-01 8.545529913988529902e-01 8.678442918039624976e-01 8.597800021042271146e-01 8.382882747489861508e-01 8.499234597062421681e-01 7.951930472365809077e-01 8.510432059261522353e-01 8.738582980273579270e-01 8.646205124650185869e-01 8.443323714935754287e-01 8.567203208311919838e-01 8.554422392076451720e-01 8.494812523765462586e-01 8.812923305475209856e-01 8.583497125180391540e-01 8.727347838533991986e-01 8.480076580964949207e-01 8.675104664136206178e-01 8.721008012617051941e-01 8.736554450250654247e-01 8.698709658038475956e-01 8.661832705953123046e-01 8.644153511247685273e-01 8.351738831607443680e-01 8.566637941679807744e-01 8.672870797321572400e-01 8.558033418907322609e-01 8.566596481634666249e-01 8.685182792181651568e-01 8.647663626492791966e-01 8.580804157576781277e-01 8.574507325988044437e-01 8.583647740413885563e-01 8.685861616072539926e-01 8.664386568616403439e-01 8.668136340532579531e-01 8.649811395389440660e-01 8.674036933415139039e-01 8.634869577100299232e-01 8.604857845215874157e-01 8.520101291694672785e-01 8.587783553665744307e-01 8.604250492819878193e-01 8.572186966879280501e-01 8.439600095522442613e-01 8.580176962657841688e-01 8.573908028363774747e-01 8.548828772574421642e-01 8.534071241097765936e-01 8.630176101254777299e-01 8.453164079669994724e-01 8.653938475561699928e-01 8.613444908396133970e-01 8.604982477473681612e-01 8.487643085524576581e-01 8.547991521541797866e-01 8.566536013127503679e-01 8.615806835362792571e-01 8.583512402737404345e-01 8.594485906675074505e-01 8.672039799465488530e-01 8.660985851957091475e-01 8.620123484585884288e-01 8.636996998430385153e-01 8.590782515636828931e-01 8.670577992517674026e-01 8.637960254079466438e-01 8.668705930721443131e-01 8.739021896432664915e-01 8.686586933504306662e-01
1.963092461676765529e-02 1.675527534573533484e-01 2.636707787058684693e-01 3.321356311165922781e-01 3.741981720306193915e-01 4.590828579597214243e-01 6.150749069267895663e-01 5.935910625487530456e-01 7.125253955066801481e-01 1.000000000000000000e+00 7.063159313340606760e-01 7.017794743754853792e-01 6.735833256710108685e-01 5.713535789382108154e-01 7.510705801681591964e-01 7.327566223774342191e-01 6.643334269635180478e-01 5.687596540031361059e-01 6.011542294344207615e-01 4.392209068793034299e-01 5.382791477360635568e-01 6.048739872006381191e-01 5.888940265011521902e-01 5.753384905413395645e-01 6.267701447115671121e-01 7.042168971429294544e-01 6.948915287175460032e-01 6.849741797951885980e-01 6.317361946566173447e-01 6.621729096155715144e-01 6.359173129651377598e-01 7.213937180107260483e-01 6.764020090728395385e-01 6.865461564214688783e-01 6.901862775056925026e-01 6.619833024128135568e-01 6.649002322801054188e-01 7.508560832627414472e-01 7.350264924108540487e-01 7.149333963615089882e-01 7.771747319797174258e-01 7.687058311458753179e-01 7.311664828509699676e-01 7.600286007892830265e-01 7.467226061750668054e-01 7.406909760190099057e-01 7.960915404708698295e-01 7.970831385569390193e-01 7.842349307291680560e-01 7.356906649532503062e-01 7.614422296025220582e-01 6.952741300871921881e-01 7.560661538468543830e-01 7.922409712520805947e-01 7.857720524129628847e-01 7.680669311136865129e-01 7.516471192874434326e-01 7.896573346980918506e-01 7.822993030446873108e-01 7.828311602058488639e-01 7.702286221452157022e-01 7.792832292426451479e-01 7.706252796868783284e-01 7.628711611692150507e-01 7.754411781739275478e-01 7.783319178428442786e-01 7.962420822608999860e-01 7.816574623770539132e-01 7.785436089478874333e-01 7.539882286871437689e-01 7.745403368996206517e-01 7.725840188818703380e-01 7.719710641004379204e-01 7.694293415282302817e-01 7.874024351346742279e-01 7.805595213741425287e-01 7.798380617209624832e-01 7.661445620406358570e-01 7.756023119152238854e-01 7.718471091066428924e-01 7.706420642315784386e-01 7.754859682392551967e-01 7.859182360046230720e-01 7.781091560966298948e-01 7.899823685245743743e-01 7.808919732428541982e-01 7.707257625774232013e-01 7.976943092220204479e-01 7.856545995695415341e-01 7.845177392909156167e-01 7.825811271849327788e-01 7.951243506078115031e-01 7.887197326264003827e-01 7.888072108903811941e-01 8.007530856444264877e-01 8.027762377083659251e-01 7.747271419179070362e-01 7.772349806440985720e-01 7.921718360646216039e-01 7.943905569158485891e-01 7.825960089060784997e-01 7.900253183719638805e-01 7.922731212112791299e-01 7.937499865991332060e-01 7.802805357743697323e-01 7.842178374924102524e-01 7.979624530516230552e-01 8.021895532231132497e-01 7.972983705441677449e-01 7.996442226117488339e-01 7.966196210151568202e-01 7.959278745378673969e-01 7.965618013357985694e-01 7.888304656314986119e-01 7.902369732974801053e-01 7.916605159069937114e-01
9.111344427304998717e-02 1.735472303257182269e-01 3.938227554199016378e-01 4.872967432953572153e-01 4.443932203645697410e-01 5.661166450373008585e-01 7.400916571911775321e-01 7.142860037806642026e-01 7.986270748328294644e-01 7.063159313340606760e-01 1.000000000000000000e+00 8.344613407187365661e-01 7.563691881816702045e-01 6.457768982068110564e-01 8.493908672915794211e-01 8.496535972096636025e-01 7.691267092891855839e-01 6.802283549941963159e-01 7.207719694296182977e-01 5.567967260782733518e-01 6.801658475798995074e-01 7.495527527980584415e-01 7.435559332109057395e-01 7.258342509968587208e-01 7.811582310121885087e-01 8.456028849326889807e-01 8.421902661589815153e-01 8.296787906901622600e-01 7.565145441986343977e-01 7.990352759988262887e-01 7.981599250445329252e-01 8.384994409580476260e-01 7.801053393935830638e-01 8.121298152176956719e-01 8.063325287072757863e-01 8.108700407197282356e-01 8.284684516900826523e-01 8.482045257615924427e-01 8.547499594995248140e-01 8.464517181151575143e-01 8.970156666610036300e-01 8.864234688037951893e-01 8.715671119030038438e-01 8.929438814434421667e-01 8.891728285189867131e-01 8.715978084457898234e-01 8.912506867378350295e-01 8.975319183320550342e-01 8.891148831829531751e-01 8.588742482109892329e-01 8.788975698966123851e-01 8.375826580933333210e-01 8.826117218315072677e-01 8.923515422953469667e-01 8.909512675553694638e-01 8.904923577184786776e-01 8.738964388233858571e-01 8.878651272047405341e-01 8.808395432040639905e-01 8.894625701624633285e-01 8.898162648743637160e-01 8.844746609662107462e-01 8.852428698325425227e-01 8.806652695308986312e-01 8.813150362359361001e-01 8.885078358835238888e-01 8.974438116191016945e-01 8.967414309082268886e-01 8.961203223282254715e-01 8.787717784303336055e-01 8.921078866865178592e-01 8.964901308104240574e-01 8.940177039687831062e-01 8.983331499730861092e-01 9.065752684230464764e-01 9.054583679072069069e-01 8.996205472654604796e-01 8.825098833207011273e-01 9.008609451512229471e-01 8.962035335765754507e-01 9.008640681537383177e-01 9.028505230594522368e-01 8.991408797557771670e-01 8.893606774195993436e-01 8.949620879497679482e-01 8.947328815586917949e-01 9.001285952259375778e-01 8.957880268307730764e-01 8.996053260738432478e-01 8.987041241564809324e-01 8.980926109506216504e-01 9.023858449456908515e-01 9.031287238830308928e-01 9.031260304601770317e-01 8.927813667581866452e-01 8.970635466558004589e-01 8.861102979068201657e-01 8.816683211698340683e-01 8.964326570039525821e-01 8.979429443226241148e-01 8.991373125097861241e-01 8.911679579021991593e-01 8.931961663226342107e-01 9.009593774127662158e-01 8.976267735344239940e-01 8.906904881172016397e-01 8.963525309441005007e-01 8.988451856060668543e-01 9.016027005550835138e-01 8.968624906971636168e-01 8.972241531892255484e-01 8.957501741991380495e-01 8.944651459118877490e-01 8.915003956841441868e-01 8.938632076868103793e-01 8.922554631173330586e-01
1.471066811725077819e-02 1.271227383875453421e-01 3.724618015095764179e-01 6.517269682143143061e-01 5.110197967318209633e-01 6.046010619604926806e-01 7.953495467539677399e-01 7.609944079606009160e-01 7.630010431166027729e-01 7.017794743754853792e-01 8.344613407187365661e-01 1.000000000000000000e+00 7.935446006959298026e-01 6.569784310256240323e-01 8.987024459856157721e-01 8.900199635655960950e-01 7.068109188874922566e-01 5.774908841017276639e-01 6.012172747219345359e-01 7.063587900272642051e-01 7.002684488130133111e-01 6.729404100103235642e-01 6.508596744971874015e-01 6.496700211063833885e-01 6.891069294366088949e-01 8.048592322614548378e-01 7.922700866552837562e-01 7.540471645688816560e-01 6.222877084900140243e-01 6.836719761368257320e-01 6.894416891985170048e-01 7.785552542429868828e-01 6.947186812092179808e-01 7.468578048529219693e-01 7.090432068834447987e-01 7.886389897729878529e-01 7.769149738728750032e-01 8.040419313479826302e-01 7.930357595395481907e-01 8.591571350518555361e-01 8.903728202107931144e-01 8.808300232115491291e-01 8.910759425368024456e-01 8.862321296225523781e-01 8.601640035948902030e-01 8.124524419819629806e-01 9.013120462420503021e-01 8.965420937547530222e-01 9.011857187290802651e-01 8.567573996638844225e-01 8.831927627158275840e-01 9.060660055931586410e-01 9.081294149335757959e-01 8.639188786875339199e-01 8.581166182282329302e-01 8.562277410709830949e-01 8.855698809124467052e-01 8.865559769073489971e-01 8.820344045347437989e-01 8.935827381317812401e-01 9.156318887292688169e-01 8.766872281316803184e-01 8.828356861861400562e-01 8.832888857375402747e-01 8.722084473442690555e-01 8.905607968110476058e-01 8.776812875863254648e-01 8.583453907118927528e-01 8.536082295576964407e-01 9.276745138649896694e-01 8.841427291336331207e-01 8.534033877686025837e-01 8.679513005219250399e-01 8.631160453743002003e-01 8.864016417682530902e-01 8.798035594081557997e-01 8.648330781318726013e-01 8.164938628788782626e-01 8.695226769310455683e-01 8.442862773753768701e-01 8.555180832337313523e-01 8.570763173757717235e-01 8.813004925671700240e-01 8.361830967236690837e-01 8.665269395489167970e-01 8.612448208967915519e-01 8.816263592027759888e-01 8.782543248708806205e-01 8.743628956491826809e-01 8.668707889324477334e-01 8.906083925635188692e-01 9.036028810702491088e-01 8.997743000661163615e-01 8.968946691044301645e-01 9.012792657176614819e-01 8.941042532793498365e-01 9.004874597034692174e-01 8.849688944918769895e-01 9.061639173815122517e-01 9.006839273240349053e-01 9.114942784422479516e-01 8.989680175817886809e-01 9.099073116015689022e-01 9.060404028043299585e-01 9.117207866325932608e-01 8.959870203775632813e-01 8.981450211981291121e-01 8.790377781267808555e-01 8.854999425867153828e-01 8.982189972436880332e-01 8.937446217945691496e-01 9.029243267205537826e-01 8.975390571754525704e-01 8.942345122793980972e-01 8.820790677517466039e-01 8.990139783884982805e-01
-2.178345302888709187e-02 9.467345210251905396e-02 2.709499822737029828e-01 4.642910863779903807e-01 4.719716592108271769e-01 5.158682461635489824e-01 7.021632141068920863e-01 6.826776031193244609e-01 7.200741239813657213e-01 6.735833256710108685e-01 7.563691881816702045e-01 7.935446006959298026e-01 1.000000000000000000e+00 6.112665312541674112e-01 8.316011246590397921e-01 8.016567459333276968e-01 6.550414979892239531e-01 5.274481225332622314e-01 5.556300396995978996e-01 5.456251788043617879e-01 5.635298454300121662e-01 5.961540033577695796e-01 5.683211630991598096e-01 5.667305680361358622e-01 6.217337439843778624e-01 7.193116723349116670e-01 7.126467521872724697e-01 6.918312219795527129e-01 5.987536047206786227e-01 6.425425891465026407e-01 6.300894104042051858e-01 7.077430071400779843e-01 6.479912131491907257e-01 6.750804037499089638e-01 6.675369162759722252e-01 6.875944036659932257e-01 6.915756433511421886e-01 7.539321730404427990e-01 7.428419059684983061e-01 7.588080579198105413e-01 8.190785716677365658e-01 8.109242046387332703e-01 7.936583155381659038e-01 8.099984988975744704e-01 7.828039543106671827e-01 7.584117863325525732e-01 8.453824394203991455e-01 8.381907624612585650e-01 8.263608778115847375e-01 7.604617745065912482e-01 7.987303985456465361e-01 7.902017452261462793e-01 8.232036718487699689e-01 8.180314468757996504e-01 8.053181056107527880e-01 7.895953239464957862e-01 7.952677941510246651e-01 8.295413549788009933e-01 8.079533336178880143e-01 8.387753621196929465e-01 8.350010800241668418e-01 8.157034238318812136e-01 8.084613594348138976e-01 8.052414678010838545e-01 8.190464734922943135e-01 8.282610906568365072e-01 8.276127427018089566e-01 8.034892811407106095e-01 7.997325047487640060e-01 8.277351810323002601e-01 8.109165830715711065e-01 7.957784196508301822e-01 8.040536055482050415e-01 8.030811610894249553e-01 8.255519219333636860e-01 8.178841114905501808e-01 8.112091508500098858e-01 7.753532520260461025e-01 8.086174810869211083e-01 7.926736871622851455e-01 7.957912871303122193e-01 8.005299452568856999e-01 8.174458425718242882e-01 7.916854511385970072e-01 8.116655642028212103e-01 8.027400587628088502e-01 8.102711302479567168e-01 8.256805285571836572e-01 8.191904194804648931e-01 8.098296735650789557e-01 8.221273823260087932e-01 8.434180705382722243e-01 8.384105924866245285e-01 8.337705333676068697e-01 8.491857703021853387e-01 8.431481335998106674e-01 8.240669936102521520e-01 8.210716200486215532e-01 8.460162716707249064e-01 8.355995945350203069e-01 8.375989192833752650e-01 8.336075336661714630e-01 8.467524442309916077e-01 8.460331097951647727e-01 8.365564101870849312e-01 8.291662814831630701e-01 8.413722019520758488e-01 8.340643206343965055e-01 8.329410719261441942e-01 8.438001997566766388e-01 8.377302484469157928e-01 8.490774937138128031e-01 8.403844676739643527e-01 8.344194049003820224e-01 8.332000407896956728e-01 8.437205469250758094e-01
