1.000000000000000000e+00 1.937068583700210234e-01 9.776842603136877419e-02 -9.035116012794464427e-03 4.350861592889560675e-02 7.924340824019123972e-03 2.506372356310155453e-02 1.531996040463113121e-02 1.553843828897997215e-01 7.558711070219537032e-02 4.176171172184324487e-02 -1.955638285450128806e-03 5.398954323668972433e-02 3.371865846850794716e-03 1.200621345190534296e-02 1.140971497010003638e-02 1.296378064660470564e-01 1.537459620899593316e-01 7.095736283026157776e-02 7.387089946536914975e-02 1.181089002239291835e-01 9.369944372416097456e-02 8.355660759052882525e-02 9.175517457786799835e-02 5.150674357336958165e-02 9.674330147422015302e-02 5.435712850321627876e-02 8.333106123630046325e-02 1.376512971784007722e-01 9.715975861914744049e-02 8.449582269999039719e-02 7.153893572503390585e-02 1.103562993818639898e-01 6.711282198644991093e-02 6.991140520804613179e-02 4.839998968121315276e-02 6.095416830858286367e-02 2.998405543608535784e-02 5.046256791899991073e-02 1.894132784694705848e-02 2.073614755925538844e-02 7.922094492632286711e-03 1.461713866802567471e-02 2.266891271579035347e-02 3.807838437833289957e-02 3.536717129538836935e-02 1.149061803040485330e-02 2.765440475401148221e-02 3.193756671706494965e-02 2.859584884036629401e-02 1.501493947955880037e-02 -5.461556803574718275e-03 -3.500643646577149791e-03 2.792636513263435996e-02 2.286544127809908913e-02 2.673572355525637850e-02 3.567471635191761525e-02 1.085236102110893192e-02 2.504572454849948553e-03 3.165555033920394723e-02 5.302981195696417419e-03 2.956444151422193273e-02 -4.990950412329551653e-03 5.280667701697712435e-02 6.671570260391809781e-02 4.303380805160521294e-02 3.254838343996929034e-02 4.363054356600895578e-02 4.233818442497730428e-02 3.889228303223387501e-02 3.215094028117081171e-02 3.092180779090458742e-02 3.194221903320369066e-02 2.648565996121916843e-02 3.961731601776508072e-02 3.458863020984675324e-02 2.847658100469657727e-02 6.707759709015087557e-02 2.876122170937862876e-02 4.397290450432840558e-02 4.213457201144545083e-02 3.293174924326599390e-02 4.161925076841670873e-02 3.669560279660516455e-02 1.763133438043750986e-02 2.293510011412226365e-02 2.410675818626747263e-02 1.137832484567085321e-02 2.159462249374459464e-02 2.621598705739004373e-02 1.991468077405303405e-02 7.972344291193122698e-03 1.500880550448921436e-02 1.013125944215080218e-02 9.483370712996815749e-03 1.506036282298028536e-02 -9.399678078031199410e-03 2.739920250184742223e-02 8.039763296801772513e-03 6.446554575718068877e-03 -2.492915230094725453e-03 3.838743733624229437e-03 2.289212325043288830e-03 2.623051924875667313e-03 1.385873141694384490e-02 3.342492397180066993e-02 1.681109299850558694e-02 1.690856017124469507e-02 2.343604914810623260e-02 9.684223848631516238e-03 6.794909086416014987e-03 1.534111760759820052e-02 1.287981231763545703e-02 2.811811068099875563e-02 3.513694182888026790e-02 3.048349325959064104e-02
1.937068583700210234e-01 1.000000000000000000e+00 4.023551130767801659e-02 -1.395870781423363960e-02 3.854162394119899082e-02 2.769751255404084150e-02 1.208600238976952207e-01 8.371337687065717736e-02 1.557141342442161791e-01 1.714171472029451526e-01 1.088622257990801007e-01 8.708832889728213011e-02 1.042108773560271734e-01 8.129699829776212971e-02 1.288352759712231566e-01 1.023773015517629587e-01 1.301866116004209428e-01 1.149193210198615756e-01 9.519449737113672150e-02 6.732915443611572903e-02 8.958355992947120150e-02 5.271337732940831883e-02 8.905660640234976111e-02 6.622683810388621528e-02 5.360112027706648297e-02 1.331757164494472290e-01 1.172192151266667620e-01 1.407386284221839590e-01 1.820318573067798429e-01 1.586424921562049617e-01 1.428808079025478961e-01 1.315691143530613449e-01 1.424046324997420288e-01 1.142571560671469116e-01 1.279658237854317537e-01 9.301371168596860028e-02 1.210205192186549206e-01 1.282484994180657367e-01 1.273125560061476591e-01 1.080187180007885772e-01 1.297310514848276086e-01 1.174921578689327589e-01 9.397566315242689150e-02 1.094272308555271078e-01 1.011548031490413641e-01 1.299949281794059719e-01 1.213519741333985158e-01 1.404594810545129191e-01 1.310772144988253118e-01 1.199406547363494335e-01 1.254408401868609413e-01 6.701558598759245478e-02 9.848918480080699756e-02 1.383253949111548919e-01 1.392334008092960818e-01 1.342274991982277399e-01 1.266890011608917399e-01 1.245303307746906535e-01 1.262997281789451920e-01 1.249930834701826893e-01 1.200614953261695955e-01 1.336066138887715971e-01 1.146040398497671503e-01 1.307573755117814041e-01 1.217746181614740852e-01 1.205906322069645875e-01 1.280607132943888948e-01 1.294450527616202440e-01 1.305104149795232316e-01 1.064686901434347271e-01 1.092862182119573172e-01 1.209382955561322942e-01 1.049095680800644637e-01 1.093859974153589820e-01 1.399375681653070580e-01 1.274536030290134569e-01 1.341667174373398774e-01 1.604208266694735763e-01 1.350834577626028321e-01 1.486001467349233607e-01 1.331595106232038306e-01 1.346531983354291029e-01 1.226279071592767805e-01 1.418774698547037305e-01 1.192691503414596843e-01 1.203822149695130822e-01 1.202521925050887841e-01 1.247475660052993623e-01 1.216547774948995575e-01 1.326475832603061511e-01 1.186442434777145727e-01 1.215399947546603465e-01 1.176555004323639048e-01 1.227717787566284385e-01 1.271914968149724379e-01 1.331194355329995971e-01 9.765571954262411425e-02 1.246404503308046197e-01 1.228513058076552422e-01 1.149279913530559805e-01 1.138433938554939961e-01 1.198762147055550537e-01 1.133426673146577940e-01 1.144775875818762334e-01 1.143726889868287577e-01 1.326163274648965718e-01 1.283635973882663872e-01 1.358445729564571880e-01 1.353382814549664026e-01 1.285979342734978603e-01 1.231521251121836108e-01 1.252849068576327718e-01 1.284900196306127673e-01 1.280172509561781913e-01 1.226124388262158083e-01 1.255406901340898329e-01
9.776842603136877419e-02 4.023551130767801659e-02 1.000000000000000000e+00 2.877341674259702997e-01 1.433259584996468272e-01 2.012875194801606316e-01 2.265184003333214069e-01 2.084287192849247350e-01 2.380184991090375790e-01 2.091203731505967001e-01 2.669403469733088730e-01 2.743255495994672555e-01 2.134057035628106336e-01 2.465405865819932096e-01 2.528202171936451137e-01 2.456804411247612285e-01 2.499784867545165601e-01 3.385215735919780977e-01 3.014383863002565445e-01 3.140741709416788319e-01 3.522148047640050739e-01 3.321507433509775509e-01 3.291334125618227135e-01 3.419205248604216818e-01 3.173134838099246902e-01 3.023258398428092519e-01 2.842897268619737350e-01 2.979106691533796036e-01 2.925605442497532516e-01 2.760979587476065089e-01 2.914725323195663798e-01 3.075905301909464540e-01 2.975386766108631398e-01 3.075713567072495547e-01 2.686470409176768825e-01 2.908705715307668416e-01 2.904838605111730310e-01 2.751676508437215785e-01 2.893046416531649401e-01 2.982011911680633731e-01 2.755626636158692855e-01 2.815687129880453110e-01 2.848175762687317758e-01 2.848500334820713853e-01 2.983710549678803003e-01 2.849654355594004040e-01 2.568456943477629428e-01 2.584996643348311807e-01 2.547860072398815401e-01 2.734708987510293121e-01 2.673760267470193797e-01 2.568981025526950734e-01 2.500069867724654671e-01 2.560116118255665874e-01 2.475521422219230938e-01 2.657404594499784278e-01 2.396740390157472422e-01 2.504485729687128126e-01 2.499863412309127342e-01 2.590804505643719002e-01 2.572344941159079856e-01 2.519734568156578591e-01 2.438238021393930588e-01 2.576155413283393592e-01 2.646757245064554898e-01 2.539190475233019106e-01 2.613081287820497312e-01 2.939901484670000564e-01 2.956783682638504107e-01 3.083698966879518943e-01 2.985978079688861309e-01 2.893981513330667887e-01 3.060290195149839576e-01 2.979694555409216905e-01 2.730854940854587909e-01 2.779129398350880242e-01 2.741768738326367805e-01 2.735643676387252143e-01 2.690834129580471634e-01 2.501039732763078449e-01 2.756464114214628447e-01 2.655047525424499288e-01 2.758702741943188652e-01 2.673786171524727973e-01 2.774585969099929716e-01 2.737670573478099834e-01 2.694569188758517697e-01 2.664966590587688477e-01 2.707027896964300795e-01 2.659851739795239256e-01 2.816837744538263077e-01 2.676425057711248057e-01 2.714220793143060084e-01 2.637712732581896091e-01 2.498095346230638225e-01 2.524450728273137656e-01 2.667973414001164056e-01 2.465912608088322855e-01 2.528163456828628752e-01 2.636559057629630498e-01 2.620506583876737183e-01 2.479617553159318977e-01 2.517765145075100408e-01 2.640518229824359575e-01 2.570020518397588827e-01 2.424840261532753560e-01 2.525931737247900100e-01 2.545592959555931234e-01 2.609231691631868078e-01 2.508347158803347909e-01 2.528837443635619242e-01 2.511130887936569578e-01 2.485870447523415572e-01 2.510327586835413016e-01 2.526374175938938538e-01 2.507106572315552229e-01
-9.035116012794464427e-03 -1.395870781423363960e-02 2.877341674259702997e-01 1.000000000000000000e+00 2.084711401148543197e-01 3.293152877699579983e-01 3.924513974254036919e-01 4.265040651666198723e-01 4.184036530342510329e-01 3.447567393100787747e-01 4.501072110306122420e-01 5.337420443654667945e-01 4.043134314642130023e-01 4.397248121616277317e-01 4.576871651846301514e-01 4.687961021427140551e-01 4.264345321740712902e-01 3.876158440150418438e-01 4.146245934394033883e-01 4.770596164803780903e-01 4.961341387912764356e-01 5.085186556395040469e-01 4.650081003126489976e-01 4.487372684202822204e-01 4.809087883363082350e-01 4.831193086934971181e-01 4.864880846178755713e-01 4.621217434664944279e-01 4.230619631206991027e-01 4.319402382907225335e-01 4.686916149440670809e-01 4.753834931307605594e-01 4.538991328291468452e-01 4.581965882061218576e-01 4.471999270817809680e-01 5.007644228670022901e-01 4.591918416175979623e-01 4.633706144605896360e-01 4.699523611423609970e-01 4.880525236600543604e-01 4.692834515143875507e-01 4.698667078571598932e-01 4.950484203386008586e-01 4.982244220928596090e-01 5.085019962593566589e-01 4.667860976403494511e-01 4.600680034586230871e-01 4.457079620549305732e-01 4.579905482623236601e-01 4.764947668009658077e-01 4.690670582888122331e-01 5.014731470012152581e-01 4.980225123463650760e-01 4.513583004952952948e-01 4.535214843538782348e-01 4.626401949334230101e-01 4.696517251052885200e-01 4.639512593836400689e-01 4.602724412690703537e-01 4.628990815874936549e-01 4.624436796904957125e-01 4.607432976550210890e-01 4.687444482875093854e-01 4.618340890031896184e-01 4.642414892626909872e-01 4.753459648023356521e-01 4.538916268758372285e-01 4.685824579935001788e-01 4.718804946693730962e-01 5.147145918043742885e-01 4.898439368712102504e-01 4.766586552393252685e-01 4.817690241714701060e-01 4.838667791965229892e-01 4.658917966643518760e-01 4.686567109764649963e-01 4.688227589805923357e-01 4.443968339358944086e-01 4.572445999087035862e-01 4.358438520708202701e-01 4.575896067667159506e-01 4.557334141379736914e-01 4.744340478057543775e-01 4.491219803565057456e-01 4.666344063113005425e-01 4.621339446531335104e-01 4.674332089552400982e-01 4.619357442600313113e-01 4.679781560248215677e-01 4.645056491358415807e-01 4.771113488358525445e-01 4.676333910674735361e-01 4.788773973238761306e-01 4.606769551701654364e-01 4.513755417201655851e-01 4.501976923221132632e-01 4.821794673584430813e-01 4.619747621444623142e-01 4.626080365811721107e-01 4.715834493374577718e-01 4.695787201053333026e-01 4.608256780128744401e-01 4.725579750198432571e-01 4.701932956027415345e-01 4.721507867103004741e-01 4.620086367036698172e-01 4.585420462057639979e-01 4.499084386145624781e-01 4.562627102844041826e-01 4.589425705000423905e-01 4.634874579297912356e-01 4.558680838597592988e-01 4.542258490425726825e-01 4.529680677312343806e-01 4.543461836214074401e-01 4.692462531956618221e-01
4.350861592889560675e-02 3.854162394119899082e-02 1.433259584996468272e-01 2.084711401148543197e-01 1.000000000000000000e+00 2.259027464886735337e-01 3.568806872666267505e-01 3.403067039877555322e-01 3.627854518080098067e-01 3.284024964685879344e-01 3.319230917840476636e-01 3.966217772122222485e-01 3.818788785350172854e-01 3.460363554234806571e-01 4.096199142235370516e-01 4.050071703922668021e-01 3.572592115065703622e-01 2.991952194535765774e-01 3.415131584474508375e-01 3.262359080133819256e-01 3.267454091070560729e-01 3.414561751076963803e-01 3.473036624402480732e-01 3.200079046637310243e-01 3.250767573449752645e-01 3.943050989799689043e-01 3.917053711907683144e-01 3.989037239546880942e-01 3.679864849679153616e-01 3.938035327012466835e-01 4.024065456897126802e-01 4.012512067222127610e-01 3.855369133628969158e-01 3.806450311204008230e-01 3.927290451937059390e-01 3.887749357797428695e-01 4.021643394947083117e-01 4.098626311118865884e-01 4.115805731503037745e-01 3.959084791192872266e-01 4.103796869543507864e-01 4.180970039260325510e-01 4.118907676413706143e-01 4.309279858508985317e-01 4.080955468732737068e-01 4.121611820169913121e-01 4.114787788290718562e-01 4.107316345995862816e-01 4.110971866895731797e-01 3.952846684976792924e-01 4.064823760903201189e-01 3.867089464287343237e-01 4.002557203055324697e-01 4.102130618333977852e-01 4.027842550339856831e-01 4.122683705393341280e-01 3.941723798508326992e-01 4.086204038113500081e-01 3.997543504719691665e-01 4.239514543377235767e-01 4.117933291676142971e-01 4.069077731505476581e-01 3.934357729806892134e-01 4.084035227478918784e-01 4.133316003248727055e-01 4.090744797441082659e-01 4.151662264026184102e-01 4.154587000980299316e-01 4.178090541436190741e-01 4.100945127198246110e-01 4.094536474663527659e-01 4.124189253810063849e-01 4.049343270353130686e-01 4.008384566116961478e-01 4.197403523015194038e-01 4.190221104038413524e-01 4.174998947278819039e-01 4.060544311079744006e-01 4.078137064146275526e-01 4.112842822451079905e-01 4.149218703115234996e-01 4.156677810807106743e-01 4.103682641008422061e-01 4.144729462655900587e-01 4.107777913575778594e-01 4.104321296506679428e-01 4.106725673860370796e-01 4.160084714979755960e-01 4.159688512789330161e-01 4.105592703306858993e-01 4.160483225717219735e-01 4.176993392694512419e-01 4.191307840588168188e-01 4.163634887273710006e-01 4.152843663810210639e-01 4.113063764551173618e-01 4.126546051812352567e-01 4.125838267010056848e-01 4.162602613709479593e-01 4.183007811950187893e-01 4.212413451706590872e-01 4.112447867533086665e-01 4.203684269504716076e-01 4.254230265282629153e-01 4.168365032679424154e-01 4.006595232317891608e-01 4.157726167130441630e-01 4.148812496053108645e-01 4.159835380787317849e-01 4.156504093363469488e-01 4.143151218376096567e-01 4.192134833752887979e-01 4.120446302735644717e-01 4.187938866279811712e-01 4.189166208781745504e-01 4.160061516530293990e-01
7.924340824019123972e-03 2.769751255404084150e-02 2.012875194801606316e-01 3.293152877699579983e-01 2.259027464886735337e-01 1.000000000000000000e+00 4.155877572177371082e-01 3.818194287930082864e-01 4.069780512003796646e-01 3.794908899316331019e-01 4.399998218698107366e-01 4.707568100725914584e-01 3.961301344505141486e-01 4.271627491374783703e-01 4.830872258557326049e-01 4.676142177201914052e-01 4.377060032150531521e-01 4.138232877274631849e-01 4.475983952894491691e-01 4.197316124998431430e-01 4.517127059642831455e-01 4.699299467229853255e-01 4.753175053962603869e-01 4.411561084452094161e-01 4.550261343934368652e-01 4.835447287769678026e-01 4.866213886958759005e-01 4.877710673033766042e-01 4.513020575081083674e-01 4.587928019887951847e-01 4.932372166616372233e-01 5.032602414534815827e-01 4.659164197237186111e-01 4.960689552371678746e-01 4.716023631815982609e-01 4.936499324741215888e-01 4.923288561787558248e-01 5.020043541105486673e-01 5.067279599692431358e-01 5.024570841297467672e-01 4.982716506113843424e-01 5.036669022000319629e-01 5.115263795526423518e-01 5.102645050540982608e-01 5.103833353509217297e-01 4.979373765683148823e-01 4.952299686989188321e-01 4.919915835498429035e-01 4.987517390560481934e-01 4.977263055647305756e-01 5.027602734647260707e-01 4.778728415486074299e-01 4.909429652202536576e-01 4.906186735477214844e-01 4.862912503746976700e-01 4.968302967499841905e-01 4.908100798622137551e-01 4.917776297975547384e-01 4.944158639918613818e-01 4.905302556387760027e-01 5.003971966724151121e-01 4.935146108915315910e-01 4.943087559158957367e-01 4.976846069861228239e-01 4.849336509032519116e-01 4.841259184147502226e-01 4.966285025300534728e-01 5.041227328336687075e-01 5.047153683148697390e-01 5.096821888784381915e-01 5.084703479306865725e-01 5.033338428217549732e-01 5.051724260798781119e-01 5.033211824979026972e-01 4.989060212235473801e-01 5.013419726755830030e-01 5.008601121287126201e-01 4.848385379852270805e-01 4.974049446885077108e-01 4.784248583370200314e-01 4.941333553440969140e-01 4.921047428152458547e-01 5.044427720368724888e-01 4.891873753509323741e-01 4.992518457436131984e-01 4.998371061932721515e-01 4.985974221804558848e-01 5.017301351913513452e-01 5.040509051679190611e-01 4.997191440733820267e-01 5.078556560348345128e-01 5.041812919825328088e-01 5.051320803334415910e-01 5.011619809160787753e-01 4.907471000372488623e-01 4.925828047192452042e-01 4.997649368236006806e-01 4.818022962174975388e-01 4.927829435553910398e-01 5.026201242565416782e-01 5.017334319419007871e-01 4.934035047663951623e-01 4.843493406694639458e-01 4.979125491143714943e-01 4.934434649567391307e-01 4.844503088264510149e-01 4.935499137195784036e-01 4.932745939778421795e-01 4.952595525313557845e-01 4.958401100291986441e-01 4.965250481264543714e-01 4.888030294571351630e-01 4.901508879889839299e-01 4.886559894814802574e-01 4.896239522089559926e-01 4.859224615423675120e-01
2.506372356310155453e-02 1.208600238976952207e-01 2.265184003333214069e-01 3.924513974254036919e-01 3.568806872666267505e-01 4.155877572177371082e-01 1.000000000000000000e+00 5.965431448616292931e-01 6.177209979738679246e-01 5.621908435382214630e-01 6.094100411757660263e-01 6.767641376511157603e-01 6.142629311000523673e-01 6.194147093463978626e-01 7.541176179186153128e-01 6.972755015480565088e-01 6.270196977812992900e-01 5.285197465952466978e-01 5.932170832762130308e-01 5.750999268373901963e-01 5.665393857322027493e-01 5.914621487604805328e-01 6.414847165901511605e-01 5.765990425805044284e-01 5.956299689365739392e-01 6.880123092340295621e-01 6.791087333519616465e-01 6.972683544663355049e-01 6.597151072796498816e-01 6.772693268861023075e-01 7.107186684045382341e-01 7.191362983506631723e-01 6.870290669420945351e-01 7.010914004556090262e-01 7.031408416696335317e-01 6.983532243905428150e-01 7.040042706508332637e-01 7.368279403758676294e-01 7.248417820955224133e-01 7.237909829658235594e-01 7.311501581028175822e-01 7.334038564254347081e-01 7.283980448109987904e-01 7.403205562052367350e-01 7.169517231096322885e-01 7.375409901617552277e-01 7.222123118612294723e-01 7.209725552045335162e-01 7.207737367433388886e-01 7.074081470041464481e-01 7.300928504867533197e-01 6.555306295247408377e-01 6.828810474917546003e-01 7.232378983097322855e-01 7.075332386902719595e-01 7.334217454644639256e-01 6.995715557603406909e-01 7.230893839400488465e-01 7.193394857882778881e-01 7.235034695991419129e-01 7.248422332988632144e-01 7.217308808504765416e-01 7.083262149778140060e-01 7.169298226280670372e-01 7.025033412408092648e-01 7.076502687412324910e-01 7.208987473614827390e-01 7.282103249330668104e-01 7.377433527555450343e-01 7.224975044025386817e-01 7.157304489162079619e-01 7.202769244868858500e-01 7.234272737170291956e-01 7.177027583969830538e-01 7.332840352515683779e-01 7.237159279393561295e-01 7.354020788120422258e-01 7.154385140493613182e-01 7.329499203574548760e-01 7.144540521952267298e-01 7.262311833239939451e-01 7.272268709088989258e-01 7.297917473423474188e-01 7.298573146844072879e-01 7.341293623284291803e-01 7.339504899463826781e-01 7.279858721924119536e-01 7.387993080557512249e-01 7.374440377481111808e-01 7.253130591718895959e-01 7.448936639173248109e-01 7.355032021735486980e-01 7.306066505360093721e-01 7.406514367241952002e-01 7.253415921390370391e-01 7.233340890612860452e-01 7.254894570199257320e-01 6.978880951322543602e-01 7.215894282834581785e-01 7.364093095637335162e-01 7.294993365116714257e-01 7.176493045513993030e-01 7.097500996918182370e-01 7.285288048308528053e-01 7.124567320660953884e-01 7.005024963708190722e-01 7.196393190314823718e-01 7.274980501659781273e-01 7.270913187336499606e-01 7.245037089969116328e-01 7.240057214966255650e-01 7.204105004027276937e-01 7.201156331369298336e-01 7.179695075339296295e-01 7.161304238741359462e-01 7.075651653219110493e-01
1.531996040463113121e-02 8.371337687065717736e-02 2.084287192849247350e-01 4.265040651666198723e-01 3.403067039877555322e-01 3.818194287930082864e-01 5.965431448616292931e-01 1.000000000000000000e+00 5.959789469246011828e-01 5.410147625798408244e-01 6.001010649065566804e-01 6.864455558199996643e-01 5.963349814130489701e-01 6.020883795164392316e-01 6.990528085257680102e-01 7.097582505589159485e-01 6.104607851808376839e-01 4.682909682664107009e-01 5.610359212821008912e-01 5.253014780515805615e-01 5.604819473084174941e-01 6.004705248744520718e-01 5.949177431872361144e-01 5.167047560627541225e-01 5.715406514034370167e-01 6.370467722737553906e-01 6.396035935941389861e-01 6.425622391759452379e-01 6.191960882997783466e-01 6.254274457857913472e-01 6.685946569599114930e-01 6.843821436666774893e-01 6.233522929209553975e-01 6.617711990448886805e-01 6.456627119439418694e-01 6.818351568712238686e-01 6.661820881558185858e-01 6.980832826078831044e-01 6.998822895908857200e-01 6.734648100562324879e-01 6.923533844589746522e-01 7.104717507218117900e-01 7.052012452661247099e-01 7.202477861154473748e-01 7.025906404975132968e-01 6.976972726792203261e-01 7.053779328160132422e-01 7.034966795344343993e-01 7.105317481522811507e-01 7.114329248018129714e-01 7.101043963862807562e-01 7.139678650228727941e-01 7.013814012500445561e-01 7.076640287781926775e-01 7.083219338314156177e-01 6.966306886746930216e-01 7.242494519685195309e-01 7.135335430192987216e-01 7.086609942445032395e-01 7.123159468834940888e-01 7.208056639654364384e-01 7.174574914888725008e-01 7.201067416803933474e-01 7.121017397033202467e-01 7.042937251173986279e-01 7.161250321916096118e-01 7.075602906282966176e-01 6.972116766099473173e-01 7.055616437929410623e-01 6.937347184156171798e-01 6.980370323491483786e-01 7.026559903636626636e-01 6.824818460911610263e-01 6.880847504764330269e-01 7.025171798244455035e-01 6.959017171522109413e-01 7.003550971172953776e-01 6.887585278973238356e-01 6.941682272095215378e-01 6.898715025872084183e-01 6.967714191631141363e-01 6.999143261748106415e-01 7.175475490087526165e-01 6.976275925740287320e-01 7.096955810962771727e-01 7.097025656002554639e-01 7.075728648054810943e-01 7.147767828492417319e-01 7.103036181952279149e-01 7.154443948946243026e-01 7.024794058888080839e-01 7.119580808975043418e-01 7.137360411725371945e-01 7.126867800042099299e-01 7.106046825900196318e-01 7.098016721110047555e-01 7.210758885413637298e-01 7.230476463628247030e-01 7.206402358813626119e-01 7.178574445538588034e-01 7.210401457325285035e-01 7.221402361700534067e-01 7.150252600368692812e-01 7.200129609021240773e-01 7.238907010909848561e-01 7.236652815176745079e-01 7.213498872978610921e-01 7.105143706776937407e-01 7.123019518003379513e-01 7.141281313657781293e-01 7.199750455970070906e-01 7.128449574060565785e-01 7.188156880280194283e-01 7.191575735882759224e-01 7.079877404662069385e-01 7.172335340900217737e-01
1.553843828897997215e-01 1.557141342442161791e-01 2.380184991090375790e-01 4.184036530342510329e-01 3.627854518080098067e-01 4.069780512003796646e-01 6.177209979738679246e-01 5.959789469246011828e-01 1.000000000000000000e+00 6.757156586769043072e-01 6.966474763298580175e-01 7.387070731796419043e-01 6.749170175241154812e-01 6.791251170652750080e-01 7.726424803969400568e-01 7.519436264790305691e-01 7.499678889293439621e-01 6.233253522007066172e-01 6.950296672373911244e-01 6.573206601025375351e-01 6.754853498032559189e-01 7.180366854846703673e-01 7.226353935370215531e-01 6.584383868715245614e-01 6.872605426827063102e-01 7.953159232551433311e-01 7.791050593718508166e-01 7.901391185320276733e-01 7.796080179519674358e-01 8.030305885861501736e-01 8.178877229673816585e-01 8.034824364430179777e-01 7.863507934172390135e-01 7.773716920741999825e-01 7.792651411275276496e-01 7.670490200881691090e-01 8.042914293601117759e-01 7.992188932265119616e-01 8.094938348526925509e-01 7.744154642563060298e-01 8.045719446642538575e-01 7.913717714099267608e-01 7.877032167703490462e-01 8.051168976215704598e-01 8.033654596825697825e-01 8.017906957860760908e-01 8.154876472775643981e-01 8.177410683809971381e-01 8.168433290443934958e-01 7.965576312691448058e-01 8.124071570290305466e-01 7.500966496420691243e-01 7.753201085543732773e-01 8.193870435904749838e-01 8.074259541207082780e-01 8.164173108937947676e-01 8.080639402751264022e-01 8.073557843113842170e-01 8.029148974562198005e-01 8.178936698316288112e-01 8.096236470945211705e-01 8.189503994708158263e-01 7.983982467846927333e-01 8.201554388545073682e-01 8.190548327605162715e-01 8.171914255112531222e-01 8.145986521796019231e-01 8.166554557339739118e-01 8.190734840004373352e-01 8.120595868467573863e-01 8.124250802922858838e-01 8.152205209262509689e-01 8.032275083697075768e-01 8.080222168076600653e-01 8.234808242005209333e-01 8.221481803181222014e-01 8.172683686068336062e-01 8.171699487428363273e-01 8.143056494695825043e-01 8.230356602169479618e-01 8.225977170792008186e-01 8.236140979920629768e-01 8.124125241039258372e-01 8.165071598084475690e-01 8.076434917684917059e-01 8.123519762491752116e-01 8.169134266119857379e-01 8.122918023681923172e-01 8.170437363114397833e-01 8.137968084226997467e-01 8.089285746161457569e-01 8.110677126824734628e-01 8.143178009545836149e-01 8.107055605370514506e-01 8.124196362415867512e-01 8.151382404175595564e-01 7.900776780742594374e-01 7.983454669776224311e-01 8.081080292774694973e-01 8.094496755410984790e-01 8.057906190299112259e-01 8.057508797724416416e-01 7.997111240772353247e-01 8.072717829088928987e-01 8.065767148704059419e-01 8.057319023016674686e-01 8.106218896153908338e-01 8.168045347884643759e-01 8.174192710537143691e-01 8.115704503987890561e-01 8.102697100123819052e-01 8.145354476421363676e-01 8.107607737779857215e-01 8.148317342463443635e-01 8.170990514397759030e-01 8.152332261417521986e-01
7.558711070219537032e-02 1.714171472029451526e-01 2.091203731505967001e-01 3.447567393100787747e-01 3.284024964685879344e-01 3.794908899316331019e-01 5.621908435382214630e-01 5.410147625798408244e-01 6.757156586769043072e-01 1.000000000000000000e+00 6.347787702580580671e-01 6.667591084918026434e-01 6.187769008669312676e-01 6.203725669956225985e-01 7.170205547364594256e-01 6.977004023530469778e-01 6.699347892223325163e-01 5.298674322501698564e-01 6.182957687978840600e-01 5.447755910681918445e-01 5.731063391372821503e-01 6.190133070724749276e-01 6.385262504349041857e-01 5.746434392759423027e-01 6.078090989100591868e-01 7.122818058818369824e-01 7.035432060597243131e-01 7.191407155077443880e-01 6.962699545212298613e-01 7.215087446160260987e-01 7.321354953297435353e-01 7.298348150960713987e-01 6.939994682579722074e-01 7.088230459183404442e-01 7.124390787731383901e-01 7.090010975677847327e-01 7.294957506297171657e-01 7.377095125994880265e-01 7.400528364840521789e-01 7.127438451598856473e-01 7.488120949136773952e-01 7.386930038635003415e-01 7.297353224307590036e-01 7.332820597972495857e-01 7.371467889097053083e-01 7.396889802215069754e-01 7.572143722116001507e-01 7.615083889046762033e-01 7.501399102640934347e-01 7.207280176290915552e-01 7.502472010860445906e-01 6.828984645761689842e-01 7.115045502028244373e-01 7.550874851187223680e-01 7.371698110006461580e-01 7.485160649141551215e-01 7.311249575645597520e-01 7.432907245440145694e-01 7.397352853207947998e-01 7.542017323702802090e-01 7.448471118584581996e-01 7.489681703986827976e-01 7.310936693330455372e-01 7.490240526345142147e-01 7.404502246850265257e-01 7.444253353641490101e-01 7.546620554312981621e-01 7.502660727455392475e-01 7.510802470641622097e-01 7.320069818634713510e-01 7.409706424500651645e-01 7.478338583235550896e-01 7.364353959010410122e-01 7.384078721487150609e-01 7.585209385933100457e-01 7.534395817783117177e-01 7.568961749096032587e-01 7.556538749636119157e-01 7.556620065924575247e-01 7.554389463076506273e-01 7.558755293012354715e-01 7.576674972315451395e-01 7.499607325894360743e-01 7.519281178912965435e-01 7.428951654085418355e-01 7.514560085493574570e-01 7.537554770585876973e-01 7.519693844570445318e-01 7.559147532255997559e-01 7.528897494500150778e-01 7.474661035143327359e-01 7.558518785404378937e-01 7.549277651837527081e-01 7.545875936314425658e-01 7.551529017977399727e-01 7.581109506284371413e-01 7.262552192765351355e-01 7.272546017361224413e-01 7.430050851504336196e-01 7.460648860997859400e-01 7.470508890692121318e-01 7.432214796740377327e-01 7.366056165331025252e-01 7.487401231670011148e-01 7.450932007157227144e-01 7.373432587752217771e-01 7.493282703118187005e-01 7.575139905531433904e-01 7.564304283105911519e-01 7.531280778333686587e-01 7.477258868009762915e-01 7.546958237893435228e-01 7.515350526462073466e-01 7.515570626620148298e-01 7.522153965226169303e-01 7.480241451930597085e-01
4.176171172184324487e-02 1.088622257990801007e-01 2.669403469733088730e-01 4.501072110306122420e-01 3.319230917840476636e-01 4.399998218698107366e-01 6.094100411757660263e-01 6.001010649065566804e-01 6.966474763298580175e-01 6.347787702580580671e-01 1.000000000000000000e+00 7.794453776907318554e-01 6.766955718457711155e-01 6.821195492754930090e-01 7.703911843032000828e-01 7.437218793443575171e-01 7.209332908744284785e-01 5.992654451374589408e-01 6.752824386017539648e-01 6.485667251400603073e-01 6.672297422710677939e-01 7.180476540424018950e-01 7.157697643616338645e-01 6.543740853864554730e-01 6.921542778362475001e-01 7.811132265701535848e-01 7.754927474214177163e-01 7.804713774342559862e-01 7.448652671760147559e-01 7.648998030537869086e-01 8.153795748826914158e-01 7.920621080057963503e-01 7.469664639394257843e-01 7.675100450017432463e-01 7.501780022048686325e-01 7.804727944298089914e-01 7.962158592554620107e-01 7.953737906385012213e-01 8.000093233506317958e-01 7.838153881992030447e-01 7.967634944913346562e-01 8.012612635364282365e-01 8.079407651972170257e-01 8.088376214524055641e-01 8.154757101848842948e-01 8.006741534499511870e-01 8.074693096980517515e-01 8.060441936602227297e-01 8.090922301807281780e-01 7.965570279467505399e-01 8.094379498816111074e-01 7.654025615015843664e-01 7.884849117868747426e-01 8.106256734377718098e-01 7.974499949804525478e-01 8.076414115822337925e-01 8.008717930863598067e-01 8.058078845518840128e-01 8.036042508422133190e-01 8.106476294709077379e-01 8.105098382543741709e-01 8.095825988542720841e-01 8.032992357391831595e-01 8.086532177092653484e-01 7.997377916396471997e-01 8.044541369604377712e-01 8.108395141913281590e-01 8.123657987798129643e-01 8.106711737444042276e-01 8.134824285714939984e-01 8.136324504983513117e-01 8.137487654617735489e-01 8.015977448218388757e-01 8.084494567878096616e-01 8.167645052266202521e-01 8.166247943461797387e-01 8.125284984416993872e-01 8.036706368134234335e-01 8.114666390903267912e-01 8.013493073666215771e-01 8.144781913784683303e-01 8.167357872921046091e-01 8.078410256404503498e-01 8.007046183222827906e-01 8.026143853132132744e-01 8.066311802390553343e-01 8.124819700983049175e-01 8.094006011582648430e-01 8.135580704405984687e-01 8.148680202286545660e-01 8.122318701811771513e-01 8.155189306457262255e-01 8.162685074424870235e-01 8.139943731892558265e-01 8.079770996944144468e-01 8.116127836633610926e-01 8.029607386003562164e-01 7.970393348449278381e-01 8.076906120363454011e-01 8.068626204089531795e-01 8.123416230628599521e-01 8.104375763938859167e-01 8.019402725187487757e-01 8.146448840674718195e-01 8.094020942091829651e-01 8.027743143117779256e-01 8.093896112738490078e-01 8.114026024383567126e-01 8.144122104681578156e-01 8.107547634160573446e-01 8.114834945780430298e-01 8.117373312583213707e-01 8.106467131539394355e-01 8.100504477935670522e-01 8.027300256607236006e-01 8.051914762687992777e-01
-1.955638285450128806e-03 8.708832889728213011e-02 2.743255495994672555e-01 5.337420443654667945e-01 3.966217772122222485e-01 4.707568100725914584e-01 6.767641376511157603e-01 6.864455558199996643e-01 7.387070731796419043e-01 6.667591084918026434e-01 7.794453776907318554e-01 1.000000000000000000e+00 7.400185299223808189e-01 7.425727481062068813e-01 8.434713706852252635e-01 8.428209774305144286e-01 7.638137575871980500e-01 5.928012763357427550e-01 7.015678214756388975e-01 6.956575425885865860e-01 6.977126196029522776e-01 7.553357780335637761e-01 7.506654900098581606e-01 6.686115444224352000e-01 7.278779477310992618e-01 8.275183524075405694e-01 8.321720733349571297e-01 8.248966096911496404e-01 7.794273124164735611e-01 8.068318436123045334e-01 8.578572729038544953e-01 8.467448412952776060e-01 7.961582467560905929e-01 8.147305014255727951e-01 8.080705358423246887e-01 8.463488454289819218e-01 8.485363343465716079e-01 8.639544083934601604e-01 8.609185537400391164e-01 8.590872214097319270e-01 8.723021249086206907e-01 8.761225926114032392e-01 8.803939242957692368e-01 8.832521519426165257e-01 8.825383729457405568e-01 8.634936675086456459e-01 8.789461342231795760e-01 8.747253834207717738e-01 8.774777667514509494e-01 8.655033716589737303e-01 8.847697756157842930e-01 8.587003894300508922e-01 8.739724849868790724e-01 8.754085757577091398e-01 8.651589839934679116e-01 8.740765290855198044e-01 8.773034052319207410e-01 8.799741320074337958e-01 8.808799225804641031e-01 8.827377774122810994e-01 8.843070759575162310e-01 8.830549611707857460e-01 8.846839705147268029e-01 8.767967002345358196e-01 8.661266891633759846e-01 8.809826737877421987e-01 8.733042220810660616e-01 8.684777224380791916e-01 8.717040952967980427e-01 8.789764623659983567e-01 8.742146583042220698e-01 8.730521533390308564e-01 8.598447443136221224e-01 8.643486872524960285e-01 8.808261300529044435e-01 8.786863423455119060e-01 8.789336091097071924e-01 8.587437911948975211e-01 8.734412456865454644e-01 8.612862232592545242e-01 8.744523211488375303e-01 8.800121312718908184e-01 8.733065403603168519e-01 8.656563324490849087e-01 8.742552093994481188e-01 8.743576689618105524e-01 8.830780195990159953e-01 8.811460300686734248e-01 8.837694422692004004e-01 8.782237452188333959e-01 8.844893455238206359e-01 8.856709427940764323e-01 8.892839054128934828e-01 8.832667339564123088e-01 8.789350702069056442e-01 8.783449323119189023e-01 8.823809890599777495e-01 8.676399062193025369e-01 8.784404991939577245e-01 8.848267720918728818e-01 8.853666453495722122e-01 8.790502775193671514e-01 8.803300510854231709e-01 8.880161749823961559e-01 8.818139866517843428e-01 8.663440721141818512e-01 8.784192159436208236e-01 8.778047983938430665e-01 8.798755984147585973e-01 8.821175569364642088e-01 8.826546526779223134e-01 8.824120010237158640e-01 8.792552919089399177e-01 8.757644099250484482e-01 8.720847257830973698e-01 8.778800400886852540e-01
5.398954323668972433e-02 1.042108773560271734e-01 2.134057035628106336e-01 4.043134314642130023e-01 3.818788785350172854e-01 3.961301344505141486e-01 6.142629311000523673e-01 5.963349814130489701e-01 6.749170175241154812e-01 6.187769008669312676e-01 6.766955718457711155e-01 7.400185299223808189e-01 1.000000000000000000e+00 6.651359527511766512e-01 7.713620932392731833e-01 7.576289827424054213e-01 6.880078821271415901e-01 5.380189934197798785e-01 6.453654267968298441e-01 5.765997088377384783e-01 6.056262228484273757e-01 6.694800586419531463e-01 6.644475307517139218e-01 5.936849851493239960e-01 6.490699602625146225e-01 7.604160601044255285e-01 7.495229380722913115e-01 7.558682841596375823e-01 7.238415406706688593e-01 7.529127933240178372e-01 7.861787101834957214e-01 7.634540336793327331e-01 7.375666348726708232e-01 7.451505205314356006e-01 7.452047039513362003e-01 7.577896831709028946e-01 7.697504566616553134e-01 7.837123386962786542e-01 7.878355227309579156e-01 7.592834425015089206e-01 7.926202952124670187e-01 7.985081938045244243e-01 7.917883341687228516e-01 7.991326868052415211e-01 7.885011646709060296e-01 7.926774647916328131e-01 8.067063731833511442e-01 8.028341817939351754e-01 8.045019430938263882e-01 7.800575148298322103e-01 8.005052837113693087e-01 7.605359030569667222e-01 7.770572777266985254e-01 8.053037193775721692e-01 7.938582561339271315e-01 7.958060503318671319e-01 7.860854922550570834e-01 8.013226582632121398e-01 7.931917609343905884e-01 8.112775031266252768e-01 8.078795462306327391e-01 8.022901256023651229e-01 7.900815614933575093e-01 8.007901779033208545e-01 7.970444951417047230e-01 7.975305866131536803e-01 8.067121892345964218e-01 7.952718531264596491e-01 7.957204824730420567e-01 7.811530224087674945e-01 7.960531383658138171e-01 8.005605089022885812e-01 7.794363891038229575e-01 7.859306753343078267e-01 8.103489499411560271e-01 8.014720572672958676e-01 8.040050068581905407e-01 7.978853946030540767e-01 8.019713687024712101e-01 8.003868672231949644e-01 8.024106304060599770e-01 8.101437479231178296e-01 7.969994360734107275e-01 7.999727607261722939e-01 8.029010954796970134e-01 8.025678364007492460e-01 8.067616379047274355e-01 8.079040624144897542e-01 8.072790242346996603e-01 8.019154288055184709e-01 8.024972565498076360e-01 8.106146667364553249e-01 8.113551483571123102e-01 8.089998498312638286e-01 8.090751187059757044e-01 8.084846838522368184e-01 8.002384320807655049e-01 7.943126213862871099e-01 8.066814756754117077e-01 8.052639740279216030e-01 8.096736629105590888e-01 8.068691826827548708e-01 8.008753435266560139e-01 8.107061630510034034e-01 8.062794336135701290e-01 7.928844214112047428e-01 8.059650970106370105e-01 8.094339953174291002e-01 8.080432595538938889e-01 8.085144657141495328e-01 8.069514956094324676e-01 8.121001528180830098e-01 8.061009868968682657e-01 8.090150069138397626e-01 8.050806934288707861e-01 8.021821094020294973e-01
