1.000000000000000000e+00 1.930942432713592949e-01 8.292016297747974163e-02 6.779679236936039799e-02 3.384781055501751013e-02 4.190517505991822600e-02 3.558777406421465006e-02 4.649570551712985805e-02 2.058092537379135056e-01 3.854317309203524750e-02 2.717369337798374203e-03 4.624299530935339214e-03 2.944184505986897904e-02 3.193491926751173410e-02 -2.644718593717483492e-03 3.376102490650289417e-02 9.827057606843109250e-02 5.153097994606349597e-02 3.737549714390212691e-02 1.383600785154332491e-01 2.637994417771665281e-02 2.008756637135213421e-02 9.250149302136305429e-02 4.831029792898110242e-02 5.050490176562974672e-03 8.273141693810810715e-02 3.293398621299242768e-02 5.157485021370793871e-02 7.857683430635085953e-02 6.770466268168905122e-02 6.174587390542587290e-02 5.958506537746564857e-02 2.321503007182313880e-02 1.249560073860989107e-02 5.139787981966948555e-02 -4.486159009289262915e-03 2.479336242220717829e-02 -1.947117576040699807e-02 -2.353741906304746001e-03 -2.236447642721462251e-02 2.740741908355995640e-02 -1.888403406451556049e-02 -2.439127216528278949e-02 -2.780529236146758731e-03 8.651722149196494280e-03 -6.082243302386184866e-03 1.023463488578576358e-02 4.114215603036446706e-02 2.615899581634468368e-02 -1.211416517601081495e-02 -6.427638100996941120e-04 3.245187652212969576e-04 2.732698314905422643e-02 6.676795135013754989e-02 3.389886219447209303e-02 2.752575294670432313e-02 6.268950340531175003e-02 1.362208375074062949e-02 3.019745412935724918e-02 5.048266271691658619e-02 1.943484037497273872e-02 3.723104817913027581e-02 1.440560025670873170e-02 3.255332648435028259e-02 2.982184628057915621e-02 5.002395819118510278e-02 2.024140395114104249e-02 1.720562354723089923e-02 3.723282387145066680e-02 3.499060675983765162e-02 2.633044698032903797e-03 1.364014499043196549e-02 1.840951383112737413e-02 2.743188625829185486e-03 2.501451899863428585e-02 1.580379808555040441e-02 1.347229863744643479e-02 2.998890041341435719e-02 1.926145784283413154e-02 3.338275500339524943e-02 2.029820365586025924e-02 2.628991456047712061e-02 1.732973131752877510e-02 2.335862808783608496e-02 -6.028645342608530966e-03 7.594587137326369759e-03 6.721319680734192011e-03 -7.961001979213823410e-03 -1.069867992703789567e-03 1.762928347076739635e-02 -9.174514383527036451e-03 4.094700992001818959e-03 -4.018200598131025487e-04 -3.110893603847445996e-03 1.124447396418014854e-02 1.653436356397429419e-02 2.644431010360829854e-03 3.007115113361357589e-02 1.197649043468996567e-02 3.815570473327660819e-03 -1.722931164240815161e-02 7.740670265330491795e-03 1.832118696402788155e-02 1.642617813233148002e-03 1.280076397534625314e-02 3.849983636742655008e-02 3.001149429538600352e-02 1.696163166221827459e-02 1.979536796157073397e-02 2.046304703373020076e-02 1.494372518182601316e-03 2.753081410243870056e-02 2.789048395010364223e-02 2.380417732724507754e-02 2.681129886183554814e-02 2.805223620730229461e-02
1.930942432713592949e-01 1.000000000000000000e+00 6.127714858855851099e-02 1.035554097774907256e-01 1.200966893108806471e-01 1.108138447214114114e-01 1.660984183783633938e-01 1.433203735338785534e-01 2.220719768163699481e-01 1.861358120999075660e-01 1.296488040060683744e-01 1.420379940010889075e-01 1.710498491972613500e-01 1.426028131039399627e-01 1.529073716659764826e-01 1.682572602069697942e-01 1.708034991850564399e-01 1.126509168766240132e-01 1.376390241411607485e-01 1.578442349137575695e-01 9.100209973361596261e-02 1.175097109882243945e-01 1.605657263712089999e-01 9.819422293265971102e-02 9.897853724377068951e-02 1.894230408550399980e-01 1.687489478375808483e-01 1.765986995798098924e-01 1.970298504098063064e-01 1.925157230501754746e-01 1.968447557497857159e-01 1.684098515151810083e-01 1.586675763036310138e-01 1.280297038311052349e-01 1.754131796345613781e-01 1.073194728079737287e-01 1.378401032936701076e-01 1.208445431331178349e-01 1.400761153200518194e-01 1.198559740780525268e-01 1.581318591101235904e-01 1.319156317597984518e-01 9.794272926572231142e-02 1.334114856424446771e-01 1.415800931343056956e-01 1.423224965992211932e-01 1.573094292931284943e-01 1.719737520629718852e-01 1.635909381520087025e-01 1.112295161154531753e-01 1.335513427802753339e-01 1.009361905325727865e-01 1.406374557776292056e-01 1.838585952629528397e-01 1.495850204380578252e-01 1.622260819131343124e-01 1.635780636092106499e-01 1.500888801048930465e-01 1.554384839917622163e-01 1.779545933392457091e-01 1.432907980776399748e-01 1.670546328675543701e-01 1.420701069685209317e-01 1.630463242761689968e-01 1.594168670331155002e-01 1.666346857558448080e-01 1.634149842752217752e-01 1.503815927132279295e-01 1.664717437871023331e-01 1.496259180865792959e-01 1.347973074711406871e-01 1.531314927738481046e-01 1.453619333522112866e-01 1.353627058613539325e-01 1.680232501350485130e-01 1.592362066893946992e-01 1.635226671409840127e-01 1.759012652898837292e-01 1.627573771829750882e-01 1.683273687518758999e-01 1.575954930432611201e-01 1.689515669330249603e-01 1.589107488696648307e-01 1.666908486175536774e-01 1.388345028414924021e-01 1.455218178047247291e-01 1.528247473636810683e-01 1.460844648892004605e-01 1.517728625720306812e-01 1.581103267741129081e-01 1.418753746329483589e-01 1.489669983881189985e-01 1.462404816503806992e-01 1.459323162798525919e-01 1.570678839404678617e-01 1.614528318105157012e-01 1.306728697831169850e-01 1.451902573964150567e-01 1.432491120334747903e-01 1.468400031403044870e-01 1.256882483431753239e-01 1.469101391518500277e-01 1.483703792547733102e-01 1.439094279813752097e-01 1.442267661791428734e-01 1.623280004734828363e-01 1.610173592327379666e-01 1.609047927444195170e-01 1.541550629312965770e-01 1.614498534110021255e-01 1.470058611198346576e-01 1.673612476985664732e-01 1.621271745663487862e-01 1.610153931855165255e-01 1.627011657613940676e-01 1.606120466942345948e-01
8.292016297747974163e-02 6.127714858855851099e-02 1.000000000000000000e+00 3.541712620217916108e-01 2.040849926390286284e-01 2.401299857440550856e-01 3.545954787460867674e-01 3.357758876220979793e-01 3.700281724368527092e-01 3.174304343398421935e-01 3.653290552101216004e-01 3.763175340726139240e-01 3.486128057707371108e-01 3.091538627535105332e-01 3.740266680395203935e-01 3.693554255208268411e-01 3.819302767988073111e-01 3.299844546897585107e-01 3.573924817324380387e-01 3.502960058157284506e-01 3.624969094773036193e-01 3.778232191805294682e-01 3.588776429887210462e-01 2.873484162983764301e-01 3.415014168157395891e-01 3.892763746923929014e-01 3.782989884022941451e-01 3.859492200490567404e-01 3.915325892780708306e-01 3.848216527148862753e-01 3.944451011803158935e-01 3.977362057585117627e-01 4.022560091200777510e-01 3.819863546011498801e-01 3.815992482112630091e-01 3.854477984121373879e-01 3.913597768353077599e-01 4.049222801378838388e-01 3.920228782488874852e-01 3.896833701232765290e-01 3.859880472442647759e-01 3.782857075614573517e-01 3.669844605377297064e-01 3.916532661556900718e-01 3.900199804506546131e-01 3.802450802383651740e-01 3.797386331792411140e-01 3.839919177525820126e-01 3.943412031706267640e-01 3.932717656062942324e-01 4.018702767067468540e-01 3.694504336733350769e-01 3.844771726176845483e-01 3.809176006485219812e-01 3.792022678221925180e-01 3.877920092053864232e-01 3.918380027131119769e-01 3.768817644105282305e-01 3.826862482696690160e-01 3.862620079329036060e-01 3.913350341902977481e-01 3.788598457833173283e-01 3.824058495451267414e-01 3.954343365471333360e-01 3.854090173650421836e-01 3.866568726413632251e-01 3.839656753535563571e-01 3.826013600906935652e-01 3.883112203209670987e-01 3.955817990957252173e-01 3.906839846909405667e-01 3.845246398970886825e-01 3.680415208842446328e-01 3.736872480989302248e-01 3.886397568238416089e-01 3.917189985044751688e-01 3.837788205851718204e-01 3.867259271824769473e-01 3.842163930617898404e-01 3.899494146797702343e-01 3.885574172204957488e-01 3.872487060734952080e-01 3.921294421000884323e-01 3.875641560034339128e-01 3.929744527581154889e-01 3.864798584664119185e-01 3.902039840964411921e-01 3.888982490161269068e-01 3.847183673652583846e-01 3.865093316701401216e-01 3.875494067437621482e-01 3.844776443041235114e-01 3.843164190532468716e-01 3.810933395621662334e-01 3.822926603429540604e-01 3.822746265752278161e-01 3.862253030443542623e-01 3.895687633522331161e-01 3.874764345995584391e-01 3.925493849117083212e-01 3.803220612822784674e-01 3.864894815438815745e-01 3.842671094099455176e-01 3.837445020894310610e-01 3.860363733351829807e-01 3.859499938228028726e-01 3.899232382338738145e-01 3.816687741195459171e-01 3.810001084610940003e-01 3.809565506988913941e-01 3.818745816996745868e-01 3.814290822217955013e-01 3.827067295600984909e-01 3.865394009844942969e-01 3.875884825529743449e-01 3.827706982478548126e-01
6.779679236936039799e-02 1.035554097774907256e-01 3.541712620217916108e-01 1.000000000000000000e+00 3.437480266210448665e-01 4.005392202634775467e-01 5.830560035286005416e-01 5.621700719588582640e-01 5.272675531833295182e-01 4.871347517204223654e-01 5.693672790639873194e-01 6.150928217123164954e-01 5.332510740753050316e-01 4.642042326724956647e-01 5.909360367692708671e-01 6.113049301797728319e-01 5.655562652143804048e-01 4.663071569406818107e-01 5.323803855466268109e-01 5.072381160533041555e-01 5.705768662400729774e-01 5.976376657053528163e-01 5.057591524239366532e-01 4.155622328001530863e-01 4.942737465211531900e-01 5.576907590659044844e-01 5.759242508262596427e-01 5.907994748252216599e-01 5.590923901365909554e-01 5.544385155952741284e-01 5.893499492150867658e-01 5.833647740828926676e-01 5.979656212178995345e-01 5.688877805313735658e-01 5.795138921506670648e-01 5.939932421869092982e-01 5.919806456508904802e-01 5.968685694420905463e-01 5.906538319045766539e-01 5.901571865894010838e-01 5.957101017686228239e-01 5.925553564828949238e-01 5.951715689379252217e-01 6.103271545923659724e-01 6.050703372309371719e-01 5.876120748823477902e-01 5.902763350106473572e-01 5.962046388082532511e-01 6.032811482215005849e-01 6.047235624943112509e-01 6.081460850012118113e-01 5.963755505096349774e-01 6.020745579831680017e-01 5.820067450880629378e-01 5.842504689578791321e-01 5.795977288822123930e-01 6.091893370080544434e-01 5.878872820890049811e-01 5.870793121835901074e-01 6.055400165910043153e-01 6.057937534511433908e-01 5.916725835926297528e-01 5.903492794224645124e-01 6.082752227428868119e-01 6.045202676986649593e-01 6.050627086909682317e-01 5.951348957818272112e-01 5.870339521025108587e-01 5.874661164412670056e-01 6.137785796502372992e-01 6.072595182874932496e-01 5.919650625988919224e-01 5.548479431764780090e-01 5.721776832291168846e-01 5.884357850989062610e-01 5.932538872052720569e-01 5.924887828931306721e-01 5.813616421055521899e-01 5.823462030551247448e-01 5.794283731799128034e-01 5.902225541548165033e-01 5.925403277463374696e-01 5.971368736990274595e-01 5.886586608571909851e-01 5.968208821615907933e-01 5.888422292166276550e-01 5.967755251790999305e-01 5.988594454503812781e-01 5.933406732091649483e-01 5.883219374041563920e-01 6.015057233347480548e-01 5.976203864419233902e-01 5.946935583410944970e-01 5.953445765231448750e-01 5.951958826653804824e-01 5.912756555483815735e-01 6.038975439306478732e-01 6.052559039448961453e-01 6.033280605291373444e-01 6.044340037471590543e-01 5.984902654869733718e-01 6.010196410973919212e-01 5.985468062238503695e-01 6.017180731200894028e-01 6.060403647213895573e-01 6.016711074059392095e-01 6.027823780601426762e-01 5.865968125240045294e-01 5.888429029442500129e-01 5.938681071402839295e-01 5.970031316787025588e-01 5.976244495849337701e-01 5.973189237143662345e-01 6.031233939368871866e-01 6.027593525470348323e-01 5.998071474492466804e-01
3.384781055501751013e-02 1.200966893108806471e-01 2.040849926390286284e-01 3.437480266210448665e-01 1.000000000000000000e+00 3.346897990263680844e-01 4.957492969567768859e-01 4.694972162560629991e-01 4.432087781321442654e-01 4.016671466376337540e-01 4.619229919594345368e-01 4.968458751062559964e-01 4.930592081651664627e-01 3.903917378976007879e-01 5.036630494493907761e-01 5.085159323024068811e-01 4.638045415684685091e-01 3.967025202841802378e-01 4.328883342050712235e-01 3.990570407447191492e-01 4.097287151138235273e-01 4.617574246028445240e-01 4.464905280489216421e-01 3.665227797898547579e-01 4.246215262365690690e-01 4.848474510186515651e-01 4.752787156848383709e-01 4.848450367789349236e-01 4.798378629990261990e-01 4.861767362610838195e-01 4.993197212041701194e-01 4.805548455814321884e-01 4.553139866980909778e-01 4.680626242582306973e-01 4.693204707495952643e-01 4.729168980650985121e-01 4.827903904554436409e-01 4.789127785587708463e-01 4.904341505060060280e-01 4.902182527704109782e-01 4.985235651514531297e-01 4.939747412808497828e-01 4.992232027506958714e-01 5.053713502618363274e-01 4.928909740760592517e-01 4.930833039173765919e-01 4.920210416746804150e-01 4.976335453334887471e-01 4.942010156482993799e-01 4.921022103533193581e-01 4.910635842642360749e-01 4.989554753085815864e-01 5.005609190693502963e-01 4.938887483512275356e-01 4.948860447843865251e-01 4.932346097637126392e-01 4.998508218063583697e-01 4.977536499817070692e-01 4.916200692442332931e-01 5.059600606973563286e-01 5.061735890438799901e-01 4.951878435347171759e-01 4.915766188519589686e-01 4.993853743182517513e-01 4.932869459780694910e-01 5.032376979609203271e-01 4.921383832278626302e-01 4.905399128307147416e-01 4.930390798200627311e-01 4.935331024107714737e-01 4.958189244376980387e-01 4.933118141979566662e-01 4.732584092660931385e-01 4.935120232506435278e-01 4.989107532757962038e-01 4.984593439728432496e-01 4.886605979444325620e-01 4.931774252403220982e-01 4.978511998131075478e-01 4.866977105702645079e-01 4.962602258440126923e-01 4.978002602182931002e-01 4.955257588127215396e-01 4.865594081546113503e-01 4.913185968098943701e-01 4.908616902059932396e-01 4.963164143552619145e-01 4.928665863745205766e-01 4.920914356755392571e-01 4.985437541090390057e-01 4.937990054459956979e-01 4.992508691928863596e-01 4.977334970365582256e-01 4.984276907891565522e-01 4.943364412353226656e-01 4.945551564913527876e-01 5.045464023146188914e-01 5.081177614117105001e-01 5.048037339953581615e-01 4.989823219652430586e-01 5.023685009748798391e-01 4.994977954362410655e-01 5.038985226852407129e-01 5.031651066889549773e-01 5.048096411640626835e-01 5.013930925343388356e-01 5.013111813663235772e-01 4.959517018001077804e-01 4.986477866730112951e-01 5.001833072315942097e-01 4.972805471223190610e-01 5.027535179011792810e-01 5.000844894484663961e-01 5.002431983511098634e-01 4.934794255743039093e-01 5.039542539762689177e-01
4.190517505991822600e-02 1.108138447214114114e-01 2.401299857440550856e-01 4.005392202634775467e-01 3.346897990263680844e-01 1.000000000000000000e+00 5.550527134559838371e-01 5.072857192344345512e-01 5.154786388952304899e-01 4.822830648266047682e-01 5.385096864583720500e-01 5.700833378517080607e-01 5.133346884982092906e-01 4.454544221211267363e-01 5.792393548823951965e-01 5.723004545729207804e-01 5.574821971381159758e-01 5.232468400566406830e-01 5.541353464827936115e-01 4.360826020705185213e-01 5.006394970333170047e-01 5.682944796029885115e-01 5.713385626253598693e-01 5.102394168441396483e-01 5.489857474551680383e-01 5.719838291140583175e-01 5.598629218548679676e-01 5.806210487687016863e-01 5.726796799121182113e-01 5.737662263153670006e-01 5.820794930767134723e-01 5.986906624226748797e-01 5.665408679120889079e-01 5.945482666097544611e-01 5.554454982330465640e-01 5.789260861434595284e-01 5.792787132354735302e-01 5.944743971748380762e-01 5.919242249707287185e-01 5.998894485434321799e-01 5.964421129513118869e-01 5.954306307681117572e-01 5.974966992417558576e-01 5.995609467543998594e-01 5.993282292379301657e-01 5.936028457822482007e-01 5.844298912973229232e-01 5.864060764214669152e-01 5.878102630061690093e-01 5.853074092249824778e-01 5.918776344921486965e-01 5.797133255864861390e-01 5.931266766627310005e-01 5.825872543125917291e-01 5.883311806157875967e-01 5.932517344537356907e-01 5.859727750391754419e-01 5.862963667875311646e-01 5.872905442607939674e-01 5.846732946183372803e-01 5.945400120460776483e-01 5.844842178167560798e-01 5.834668198354586721e-01 5.839828715245672930e-01 5.734190473946854105e-01 5.897162843557218759e-01 5.878045704768277702e-01 5.947279468581485595e-01 5.990588510836948322e-01 5.819733677986326237e-01 5.922978462471815142e-01 5.899238154012439450e-01 5.930509337490520450e-01 5.954442825458713395e-01 5.858849937597550017e-01 5.899850034372186025e-01 5.822915654056303181e-01 5.817583075779337864e-01 5.940637442162829407e-01 5.836206165614360453e-01 5.907518958857684854e-01 5.880598026370235099e-01 5.963202715457651681e-01 5.820149095044747645e-01 5.936203773582452436e-01 5.963317128220477770e-01 5.941665706657965895e-01 5.947031980958733532e-01 5.916861292477418877e-01 5.934444463523003144e-01 6.006081800016281891e-01 5.975221698035638740e-01 5.934870057042160862e-01 5.963465809652004346e-01 5.868754429596845235e-01 5.863502667671522950e-01 5.914096051771861040e-01 5.882038093182911931e-01 5.943937949165122303e-01 5.925450487921152254e-01 5.982756573437536529e-01 5.913983161563723945e-01 5.927463192085195010e-01 5.935125825538857258e-01 5.959001577341100919e-01 5.850326782508920020e-01 5.880217769290516650e-01 5.871542472195272477e-01 5.866256066057059515e-01 5.865065921374320590e-01 5.928087191937424505e-01 5.848109055538839307e-01 5.877978675298254352e-01 5.861478796539240088e-01 5.831131717143620552e-01 5.881150512826178733e-01
3.558777406421465006e-02 1.660984183783633938e-01 3.545954787460867674e-01 5.830560035286005416e-01 4.957492969567768859e-01 5.550527134559838371e-01 1.000000000000000000e+00 7.390146387150231533e-01 7.059338927082513537e-01 6.774302089216660550e-01 7.569697092116238757e-01 8.021383621803496178e-01 7.376699514947181457e-01 6.461557272381961425e-01 8.378622225822465186e-01 8.205022757272195655e-01 7.476131411965850626e-01 6.678476863358516757e-01 7.261816628965513942e-01 6.237081941059454682e-01 6.809300387393180110e-01 7.665244368892498716e-01 7.219240877300618919e-01 6.109229344564697239e-01 7.033066871253550456e-01 7.778538641773118378e-01 7.830936672689498002e-01 8.106744181057921050e-01 7.815212672472384714e-01 7.936608534057287834e-01 8.183678620043631780e-01 8.070651864626235961e-01 7.930315388999213955e-01 7.998315940445336336e-01 7.954318646578127927e-01 8.007976158334443317e-01 8.121127455403029938e-01 8.226552008541165861e-01 8.300619516424996291e-01 8.216649425339356272e-01 8.196166049360349426e-01 8.274212255498407664e-01 8.253321758160938604e-01 8.396090707298888844e-01 8.271402951273612025e-01 8.255972616816619203e-01 8.113602838827229657e-01 8.148032067959728453e-01 8.213901503634019052e-01 8.059726874611742309e-01 8.191980809528921492e-01 8.004774668814372829e-01 8.165678605323891670e-01 7.987127092673861339e-01 8.032874534979036474e-01 8.160940337314345205e-01 8.060966995741534191e-01 8.077723773775303817e-01 8.080364181910716370e-01 8.151561824697235448e-01 8.260986821697127169e-01 8.097414275077843282e-01 8.073815250781047892e-01 8.167188147170851842e-01 8.095772656830089176e-01 8.161732354917206056e-01 8.186211997403185503e-01 8.138859930002654286e-01 8.197223227464527362e-01 8.124388682776759740e-01 8.169413257816467988e-01 8.140736673086549358e-01 7.885925395954046513e-01 8.036178094352770529e-01 8.169504523090113102e-01 8.220873552900442860e-01 8.210072439497764218e-01 8.151337850752929937e-01 8.180132535729788268e-01 8.076966428865608449e-01 8.195222740511985959e-01 8.196036028702393672e-01 8.271710119664327232e-01 8.178303861064286640e-01 8.270544343820147581e-01 8.209599562531407768e-01 8.278192123488832266e-01 8.317699342388115147e-01 8.268029896746499352e-01 8.231662402029475967e-01 8.331124165016163818e-01 8.281423740864695127e-01 8.237200810394499362e-01 8.294386234911528266e-01 8.202530012664328574e-01 8.186033769201525034e-01 8.218783782860776821e-01 8.152422736056081920e-01 8.249659893471572580e-01 8.282892550986237223e-01 8.314303523079421554e-01 8.256230546723255515e-01 8.202375650378201932e-01 8.268217755546538594e-01 8.283620411170442566e-01 8.155429533773264072e-01 8.204988683011924522e-01 8.141205477440067728e-01 8.189096863491223122e-01 8.194775805068785779e-01 8.264778427736612088e-01 8.192395969860518656e-01 8.194017607413462967e-01 8.203561781998107705e-01 8.178785010205582573e-01 8.175388535045515770e-01
4.649570551712985805e-02 1.433203735338785534e-01 3.357758876220979793e-01 5.621700719588582640e-01 4.694972162560629991e-01 5.072857192344345512e-01 7.390146387150231533e-01 1.000000000000000000e+00 6.719537126950955175e-01 6.420427918334297157e-01 7.173296446149409755e-01 7.722003226308743473e-01 7.075712387441118745e-01 6.075525882142092104e-01 7.797393683084599125e-01 7.975982310505008721e-01 7.189996248119622235e-01 6.240135252136324029e-01 6.883202095161619072e-01 5.945952136021466217e-01 6.779578960652529185e-01 7.377574519264843422e-01 6.549272243534051130e-01 5.604132807476142064e-01 6.478321161792776062e-01 7.305640543380924612e-01 7.297997548969008541e-01 7.430132377997836768e-01 7.331884653962779108e-01 7.396799021270350494e-01 7.665572655138633840e-01 7.484951461026684294e-01 7.295967487784301708e-01 7.379105679372461868e-01 7.372678624187607443e-01 7.488317007428104688e-01 7.542242096774798288e-01 7.745694580553127429e-01 7.739995411769452494e-01 7.635832068497089287e-01 7.720696553268536766e-01 7.721805196130038240e-01 7.745206366158043920e-01 7.926554026556794641e-01 7.730342140458805744e-01 7.734948816536357796e-01 7.709815792005699775e-01 7.742107233483634943e-01 7.843294070290556252e-01 7.682065476225110601e-01 7.822437461299456274e-01 7.556600541809167515e-01 7.699560121056288065e-01 7.649078410426687347e-01 7.690816074924412549e-01 7.641328274290514200e-01 7.816135303445261862e-01 7.786929897367734776e-01 7.791352344401141217e-01 7.829142972613449825e-01 7.878673286988830959e-01 7.791715106586175610e-01 7.813259421397947824e-01 7.906447517999761754e-01 7.721589608979657626e-01 7.798593633508691392e-01 7.747412266252896584e-01 7.681476984539877817e-01 7.690445389018972788e-01 7.766753141342176425e-01 7.782469241759315537e-01 7.697606002090410238e-01 7.389503114966738950e-01 7.530288209790173548e-01 7.713292659422311681e-01 7.730018334081867337e-01 7.672141573193614894e-01 7.668938377139471463e-01 7.654021431040261003e-01 7.611858981528163426e-01 7.698983833546564348e-01 7.747946755818801989e-01 7.779006720719020551e-01 7.682511964030817042e-01 7.742826683755378303e-01 7.705206561713873192e-01 7.773604003160636822e-01 7.802984752752589737e-01 7.763222307150000612e-01 7.745478350676581192e-01 7.749412472727216228e-01 7.802848477418448114e-01 7.746775956315434808e-01 7.787352226484781648e-01 7.778437009986761685e-01 7.748344699044763528e-01 7.827755469975796743e-01 7.764259856855370012e-01 7.843147340179089655e-01 7.799510193170086092e-01 7.808226080009660341e-01 7.857946971923029933e-01 7.769888054899571905e-01 7.858892535473489538e-01 7.825597456719944889e-01 7.798570487748988089e-01 7.813501092406760495e-01 7.715715606990775077e-01 7.761351619636626120e-01 7.806154248953544039e-01 7.848810552705441923e-01 7.783873374558015756e-01 7.806224722465738841e-01 7.832678323332503689e-01 7.783022244971039560e-01 7.780073723573328603e-01
2.058092537379135056e-01 2.220719768163699481e-01 3.700281724368527092e-01 5.272675531833295182e-01 4.432087781321442654e-01 5.154786388952304899e-01 7.059338927082513537e-01 6.719537126950955175e-01 1.000000000000000000e+00 7.461265642255633379e-01 7.744844112615592024e-01 7.957994298029401614e-01 7.417697980966664328e-01 6.596471291960573913e-01 8.136359213839826632e-01 8.093062533451002016e-01 8.133637315051212013e-01 7.095625345918958882e-01 7.585032796286668155e-01 6.979245835114873397e-01 6.941225937449325700e-01 7.717721475849375068e-01 7.351954030846028498e-01 6.386340057496278089e-01 7.126333556539817815e-01 8.225765657646167961e-01 8.157605242122316636e-01 8.076155062331392687e-01 8.218332531572483113e-01 8.407892962913033896e-01 8.511124133538845449e-01 8.297893136898554234e-01 7.838817516502488703e-01 7.920112127215480635e-01 8.083998540896324414e-01 7.554327239407888639e-01 8.012730403933334689e-01 7.893224382078972701e-01 8.128977976872767686e-01 7.818211907066294764e-01 8.352087917298294251e-01 8.065107708374648077e-01 7.799916051632873604e-01 8.267924490029699980e-01 8.228124503475952034e-01 8.169062080877238508e-01 8.478671775587034443e-01 8.647099128506864352e-01 8.529691357573568888e-01 7.916738793582974720e-01 8.157877886359174990e-01 7.916174753217622984e-01 8.321769234354909894e-01 8.690026938040464888e-01 8.408610250683429266e-01 8.369937675089134110e-01 8.611268346178710953e-01 8.460356412768412770e-01 8.478986764146819732e-01 8.667425446312890802e-01 8.460905217970929870e-01 8.566838040782970287e-01 8.384319821961316865e-01 8.546334377472138977e-01 8.507539311982142971e-01 8.622242136618678554e-01 8.522186661669181040e-01 8.429120821666541419e-01 8.520500050287544980e-01 8.518852214374051934e-01 8.320750572316574223e-01 8.438622367374533084e-01 8.176429634122096557e-01 8.179284288943612369e-01 8.509319195484106313e-01 8.461357398036848387e-01 8.412788185753802273e-01 8.502248687570957975e-01 8.441977307971195721e-01 8.552019549573723900e-01 8.477250075952298403e-01 8.558847302651274580e-01 8.419806530791043020e-01 8.460905579022384160e-01 8.258579140740487379e-01 8.380589657360725253e-01 8.372264855794997462e-01 8.318057029979649686e-01 8.377284515118594843e-01 8.435470459996459169e-01 8.251665594057213671e-01 8.374403416472785411e-01 8.378798299727463483e-01 8.376592650297098874e-01 8.500579279062333571e-01 8.543530176959469591e-01 8.296784188548139705e-01 8.461874421812032310e-01 8.422368666499266965e-01 8.339170098844173040e-01 8.201928973578996862e-01 8.423401304756380492e-01 8.467359513630574597e-01 8.403091843560632768e-01 8.405410131777497629e-01 8.583621559028652426e-01 8.569716432994026745e-01 8.497830866570115216e-01 8.502431976277389225e-01 8.542216255325347785e-01 8.427532186658366342e-01 8.583877496684799713e-01 8.566507396382652129e-01 8.530736677457698702e-01 8.529712881217483833e-01 8.572600122965988723e-01
3.854317309203524750e-02 1.861358120999075660e-01 3.174304343398421935e-01 4.871347517204223654e-01 4.016671466376337540e-01 4.822830648266047682e-01 6.774302089216660550e-01 6.420427918334297157e-01 7.461265642255633379e-01 1.000000000000000000e+00 7.636590424392051268e-01 7.809793214560489805e-01 7.163004466136108084e-01 6.305395386787350231e-01 8.057023728249466110e-01 7.888728021031026216e-01 7.507653537358739415e-01 6.753138942408855039e-01 7.376999748995690664e-01 6.013060132846743677e-01 6.464466788497347238e-01 7.475657728918998490e-01 6.796505994154172781e-01 5.943490079700807227e-01 6.962237323225346497e-01 7.895992597265700796e-01 7.938534864669727353e-01 7.881403161528653945e-01 7.856121330751070220e-01 8.079339720488285526e-01 8.210886900256426646e-01 7.921589838443526821e-01 7.793794102278805980e-01 7.755851399352011732e-01 7.900690329471226070e-01 7.504889270658232636e-01 7.925958165512386744e-01 7.872530216318237573e-01 8.097371306518028611e-01 7.778166818092593360e-01 8.197138677066144741e-01 8.109445183770697119e-01 7.782830963775727584e-01 8.115570065190761406e-01 8.112776729970055944e-01 8.119566203067917209e-01 8.315088441971452138e-01 8.362779428458826381e-01 8.269571667808476301e-01 7.752963287191059205e-01 7.993235022909926935e-01 7.731672757774746829e-01 8.034015977974183764e-01 8.270088104273211060e-01 8.080266109510454431e-01 8.193924891495097951e-01 8.101103896167286544e-01 8.271193390240808574e-01 8.147746832787808868e-01 8.326820942355874777e-01 8.193449451271163086e-01 8.243258400781217077e-01 8.097799830212943917e-01 8.244004213456613828e-01 8.234122521538198569e-01 8.284944898620131282e-01 8.359484981165727913e-01 8.269908660678485512e-01 8.270594961352065733e-01 8.162884292445578005e-01 8.187853527830047939e-01 8.293394800417748236e-01 7.925709143716768157e-01 8.051240612892944792e-01 8.344207845127197265e-01 8.323892699766619607e-01 8.298610287475005620e-01 8.344799121872873426e-01 8.290757394026497806e-01 8.341168558949683121e-01 8.339526956844387495e-01 8.397355474258209052e-01 8.281291557196571729e-01 8.334282763994395049e-01 8.178999390406374026e-01 8.242258013106416037e-01 8.308195230169541645e-01 8.296065949458937272e-01 8.331555804399075615e-01 8.324190637999788756e-01 8.231619028428304174e-01 8.308605894508833689e-01 8.329321889627119280e-01 8.317764007212513633e-01 8.376581073867084282e-01 8.396098544581229728e-01 8.156706658752869155e-01 8.167084899575731693e-01 8.245591548426439710e-01 8.248224009025854064e-01 8.184969240771965415e-01 8.288719602129485109e-01 8.253648706054520501e-01 8.296628292742765920e-01 8.235081694125323537e-01 8.303588687051965955e-01 8.343266942906604200e-01 8.377851150405751790e-01 8.349383352792110191e-01 8.364446586181967236e-01 8.317235842016085234e-01 8.380518000125685152e-01 8.350437825651548795e-01 8.333902352722666329e-01 8.324095676239283703e-01 8.334085674425433243e-01
2.717369337798374203e-03 1.296488040060683744e-01 3.653290552101216004e-01 5.693672790639873194e-01 4.619229919594345368e-01 5.385096864583720500e-01 7.569697092116238757e-01 7.173296446149409755e-01 7.744844112615592024e-01 7.636590424392051268e-01 1.000000000000000000e+00 8.676645096038096971e-01 7.785451733225657867e-01 6.944699167662502504e-01 8.771464963121602398e-01 8.631082407005400414e-01 8.148083662062058918e-01 7.529731878111023402e-01 8.163166088799050923e-01 6.663473920765851100e-01 7.648303919208006008e-01 8.439165802725758780e-01 7.575558043623117355e-01 6.766101053242167263e-01 7.846231466501102370e-01 8.460158669156269129e-01 8.622399294226698041e-01 8.589356983812777013e-01 8.477899693153994054e-01 8.661225289580557485e-01 8.873527764154079955e-01 8.664043163095400679e-01 8.461479582980997449e-01 8.577138539310326104e-01 8.479271395840136671e-01 8.435131311377964680e-01 8.712356255794519999e-01 8.699015304561753537e-01 8.855710356618509138e-01 8.679978172913331846e-01 8.948198879899220692e-01 8.919414114391588377e-01 8.678970736658354612e-01 8.960648504246487844e-01 8.925043354567800957e-01 8.871126514392043694e-01 9.001113734929185872e-01 9.012905873587140348e-01 8.982924851880530470e-01 8.690046666386621599e-01 8.831400671396204549e-01 8.687117010618158330e-01 8.850090165188848612e-01 8.910598601489498893e-01 8.878729217569300003e-01 8.889979694466446647e-01 8.874352575279892408e-01 8.971514820247241673e-01 8.909325529372074115e-01 9.007772626387078319e-01 9.023074379133911860e-01 8.927377502398312625e-01 8.916937429515442437e-01 8.978735891874688457e-01 8.982281933021764031e-01 9.008361505256904378e-01 9.055985840489472194e-01 9.017224852204503982e-01 8.998744656560636601e-01 8.980896045434777486e-01 9.060597576183163637e-01 9.063543928028866548e-01 8.714101344841440611e-01 8.885197364502762651e-01 9.050164869137067303e-01 9.043246397456753405e-01 8.999669467770852194e-01 9.002771809232554823e-01 8.983040636920566202e-01 8.998139854563380613e-01 9.047432570063963508e-01 9.074097169428936294e-01 9.014327290506222168e-01 8.998834885456667987e-01 8.987122517910400843e-01 9.024820207319373955e-01 9.048723194700017958e-01 9.033201784450956007e-01 9.060388409239744645e-01 9.020867822599232255e-01 9.044221215283516635e-01 9.053052985410470210e-01 9.059766628329614102e-01 9.052476034286918161e-01 9.084089311834955272e-01 9.072935168384820281e-01 8.998411095944102156e-01 8.987897481707691760e-01 9.040668840819983121e-01 9.008461717744349340e-01 9.010259678523768745e-01 9.055986667465811824e-01 9.050168353537160204e-01 9.070718788699128066e-01 9.055768340001538741e-01 9.008373422771370764e-01 9.048805950862067737e-01 9.055843345792408128e-01 9.037998717138922000e-01 9.038527035917053309e-01 9.050552712769700525e-01 9.055097628991571890e-01 9.045036653957376771e-01 9.058329393080023495e-01 9.040073194535435119e-01 9.055695486393146032e-01
4.624299530935339214e-03 1.420379940010889075e-01 3.763175340726139240e-01 6.150928217123164954e-01 4.968458751062559964e-01 5.700833378517080607e-01 8.021383621803496178e-01 7.722003226308743473e-01 7.957994298029401614e-01 7.809793214560489805e-01 8.676645096038096971e-01 1.000000000000000000e+00 8.147168414078994614e-01 7.262971846328643011e-01 9.147587720958133550e-01 9.040468354251367522e-01 8.427424792117421681e-01 7.563648705417341800e-01 8.225799905278401436e-01 7.097703142023280565e-01 7.916781509621366730e-01 8.695969727044585706e-01 7.615582897795697415e-01 6.723612870740185432e-01 7.881770557189062831e-01 8.672862254984831099e-01 8.803405029150354055e-01 8.860938939457874142e-01 8.671857582383963869e-01 8.861216428983842430e-01 9.145588523595779007e-01 8.877783514389094854e-01 8.763481358616546091e-01 8.757609043805096860e-01 8.800432289836391808e-01 8.759622820090596784e-01 8.969262114985911971e-01 9.043097173490252105e-01 9.142900989867883688e-01 9.008337105980146475e-01 9.249448478888661063e-01 9.242206431023057833e-01 9.092278072666656330e-01 9.351929063124407859e-01 9.253764108399740174e-01 9.209470773109322828e-01 9.318125797813291422e-01 9.328190870706388749e-01 9.322209855050911376e-01 9.044319920045169603e-01 9.206262068178686642e-01 9.004888770465551140e-01 9.235814715062696800e-01 9.179800630697995123e-01 9.170473770385910717e-01 9.154360114535908810e-01 9.223643484140527926e-01 9.307482049214698128e-01 9.219875075005896647e-01 9.336419855361650644e-01 9.350812855930686895e-01 9.259228600874390702e-01 9.226047085113393553e-01 9.332748310993506102e-01 9.285733946446842468e-01 9.329410099124988420e-01 9.315585745161347742e-01 9.256138457083981086e-01 9.223324918342263867e-01 9.336639429714990168e-01 9.333424315912053348e-01 9.290482396750675553e-01 8.900543287147697491e-01 9.085976552242474025e-01 9.298757308617981998e-01 9.337640600588018591e-01 9.294401033258592459e-01 9.237866165403757490e-01 9.232028824004410161e-01 9.227315105037537935e-01 9.299472651261647682e-01 9.330302261763888660e-01 9.284970641058089003e-01 9.270302454031182915e-01 9.257739339861650318e-01 9.248638558917090524e-01 9.316822777048417992e-01 9.342727543236620802e-01 9.331922273321908712e-01 9.308366541250560067e-01 9.327566148235933996e-01 9.379782372681859659e-01 9.351301952091836123e-01 9.362790199321628926e-01 9.372223736070317557e-01 9.362351056463625865e-01 9.316080348358143359e-01 9.307952865350969107e-01 9.347786921233331991e-01 9.341873430722001936e-01 9.344216224823389538e-01 9.371178701568970704e-01 9.347736816102455437e-01 9.396495612819655285e-01 9.366634778221898383e-01 9.324191652624927995e-01 9.359130903878072338e-01 9.328087403762868046e-01 9.338703367789554788e-01 9.386982836471371439e-01 9.392031456527005773e-01 9.379224979089993974e-01 9.354780764717949282e-01 9.368727212525317372e-01 9.363953075744466670e-01 9.364040915996163505e-01
2.944184505986897904e-02 1.710498491972613500e-01 3.486128057707371108e-01 5.332510740753050316e-01 4.930592081651664627e-01 5.133346884982092906e-01 7.376699514947181457e-01 7.075712387441118745e-01 7.417697980966664328e-01 7.163004466136108084e-01 7.785451733225657867e-01 8.147168414078994614e-01 1.000000000000000000e+00 6.434675529848056241e-01 8.424213219535140462e-01 8.356590815718318854e-01 7.661485266829736185e-01 7.004812642149844670e-01 7.555124152719331354e-01 6.485374282242496458e-01 6.972627153344151951e-01 7.841458958496086984e-01 7.055027355880233442e-01 6.410853826906399711e-01 7.290489766948177186e-01 8.040021006797426484e-01 8.097155358784674517e-01 8.003852560708432096e-01 7.976829458249955485e-01 8.210664126742135416e-01 8.340849734917850089e-01 8.157090383671348199e-01 7.749758879806135647e-01 7.940568244003294307e-01 8.002234738391327262e-01 7.797752012137423305e-01 8.074740554699124662e-01 8.053005246784553650e-01 8.329185930040671204e-01 8.128796098933035452e-01 8.441202086652672687e-01 8.396291747547608431e-01 8.279286654283406488e-01 8.511310550294918231e-01 8.367651058217890903e-01 8.437579883993648888e-01 8.516196718443066471e-01 8.539556470124233245e-01 8.497383864324646874e-01 8.142205670026451125e-01 8.278982133314028991e-01 8.252490748209668769e-01 8.417418711422511857e-01 8.473791892619708666e-01 8.387886678362282966e-01 8.373773184585544538e-01 8.406570455061609382e-01 8.509073990579090196e-01 8.385075385583126151e-01 8.559087125480987490e-01 8.582235317583570833e-01 8.460596595444703771e-01 8.399023121157729310e-01 8.509635035159266447e-01 8.515151181536365632e-01 8.569146526556900012e-01 8.543498062267211868e-01 8.518030955651337832e-01 8.485658851274845427e-01 8.512937748984799047e-01 8.498984757442735738e-01 8.515258503916702804e-01 8.259574000340067501e-01 8.383106241123282620e-01 8.548693807642224751e-01 8.537810126974741953e-01 8.511913702587462494e-01 8.453625330642585700e-01 8.473846153965511885e-01 8.472975647453427905e-01 8.529863049112443862e-01 8.559924151678063309e-01 8.455626170101855354e-01 8.452165747348483471e-01 8.414511444495006431e-01 8.455577375070680857e-01 8.488275993442990774e-01 8.513043942633049532e-01 8.503433731657429329e-01 8.518409589313767905e-01 8.465518658135472441e-01 8.574149894651309500e-01 8.556431123202926647e-01 8.564809605205717657e-01 8.575736712211592394e-01 8.588986677103790379e-01 8.538924212110867717e-01 8.550819902284756413e-01 8.599843248884020408e-01 8.511047221810512653e-01 8.554323406167000376e-01 8.577730381049686326e-01 8.593543961868608250e-01 8.610785583592449610e-01 8.560564800810533947e-01 8.542790734455376622e-01 8.582652986639754955e-01 8.560321991964923161e-01 8.571810956470155007e-01 8.619524588768382456e-01 8.575082142249015327e-01 8.632094779278947083e-01 8.574855617829754140e-01 8.594247622003781117e-01 8.582846954393437144e-01 8.612707830993135971e-01
