1.000000000000000000e+00 1.006263159735672347e-01 5.391938216577889936e-02 5.456964595029843712e-02 6.339044997803273962e-02 -4.559740941490494567e-03 2.669611114512606201e-02 5.589782760569289577e-02 9.812238759001669364e-02 2.874525972895764295e-02 1.630409465194010074e-02 2.174524769395236659e-02 3.110443440787837716e-02 -1.741076709703941183e-02 3.114842466895547442e-03 2.760054300002892647e-02 5.463719570873869918e-02 8.426810482805242863e-02 4.734346341285479431e-02 4.629187851590736702e-02 1.054695178020869928e-01 5.763560016746038794e-02 4.558363249671010947e-02 6.383069029392278437e-02 5.435924369787534238e-02 2.953294625772933876e-02 6.549306286553180888e-03 -1.586994884018624180e-02 5.460677868232367144e-02 2.180773432509615709e-02 3.058210603818804080e-02 3.110874125963941292e-02 -2.192034331587911986e-02 2.175452111090800042e-02 -2.012719667057074995e-03 1.656543655986646851e-02 2.077716623227208667e-02 -9.321066898881296900e-03 -4.237654790199855623e-03 -3.315483051542211790e-02 -4.649440731204228586e-03 -1.509292657423352141e-02 -2.042900108853642517e-03 1.021610048445471992e-02 -5.605104040001848698e-03 -8.320319062112241197e-04 1.432970168771438048e-02 1.243607836523672773e-02 2.718330574979739220e-02 2.006362405213055547e-02 1.313589851288780863e-02 8.835913038652130251e-04 2.490425166977052601e-02 2.577536170793223030e-02 2.152212073670750625e-02 3.214240697316942189e-03 4.580792408667055254e-02 6.910782639335267749e-03 1.206975082189496590e-02 2.670412661204887503e-02 1.278373597806475338e-02 3.384657036925378670e-02 2.896678941066030757e-02 3.013031809475439499e-02 3.792888130196886420e-02 3.673292118958221275e-02 1.498963249590995299e-02 1.841077383073009763e-02 1.701917307285596634e-02 2.691693053265694496e-02 1.078678476609280443e-02 1.088023328827819776e-02 2.163164712188124159e-02 1.029236376508967446e-02 9.367402537901121581e-03 4.398991473774684947e-03 1.799145975768341168e-03 3.071352437496085303e-02 1.034145817544359670e-02 2.142299590649367202e-02 4.797250227690071957e-03 1.505926362677854902e-02 7.604181219637730534e-03 1.195722005669898336e-02 5.052801237234086536e-03 8.004862541141964313e-03 5.507526577558518807e-03 5.367037842477519020e-03 -7.335806456259999888e-04 -3.105642363758188539e-03 -1.466843064275572331e-02 -1.609753414993540842e-03 -2.664464036929368703e-04 -4.400851116005912236e-03 7.375992545141291101e-03 9.287755165687293715e-03 4.891333357080933711e-03 3.845935497367325429e-02 1.037388778667271139e-02 6.557600253708308069e-03 -4.144104007950376485e-03 2.228084030795034198e-02 9.269599794096779546e-03 4.573342858384156495e-03 8.427344614064866471e-03 2.888679571300570292e-02 2.825934752839337830e-02 6.120068902315993833e-03 1.163603295527898887e-02 1.820683349114520649e-02 2.600456060117188259e-03 1.640560335464457190e-02 1.871247777458863101e-02 1.768055008275445233e-02 2.564746345310841419e-02 2.083336976540158675e-02
1.006263159735672347e-01 1.000000000000000000e+00 7.494646751990448330e-02 1.161343581389300411e-01 8.626885477649756662e-02 1.306422995234584605e-01 1.619454536683624379e-01 1.478129866840381945e-01 1.878996526661001198e-01 1.841539100156517617e-01 1.554677135666750754e-01 1.659452362892169797e-01 1.569255418350297415e-01 1.527480719394490039e-01 1.763604800469881495e-01 1.613073473932890856e-01 1.544822815382886905e-01 1.625401556593254471e-01 1.583595389970127720e-01 1.481853529538540715e-01 1.412915576571196763e-01 1.548391694218497205e-01 1.871898214204358868e-01 1.484734130398524810e-01 1.664225635947881865e-01 1.745327531156591894e-01 1.737714200511323581e-01 1.818236833974649080e-01 1.791569623617617346e-01 1.893326652198981386e-01 1.713732567212017666e-01 1.854245416770564092e-01 1.826403998299936660e-01 1.609451315091794676e-01 1.949175285907986110e-01 1.703222454987934065e-01 1.895574143365680586e-01 1.653229757717049608e-01 1.793972885768678749e-01 1.680351911165121059e-01 1.674559620350951905e-01 1.630570618533467575e-01 1.580091444893454433e-01 1.660340442906857450e-01 1.738140731446585485e-01 1.761190353913022477e-01 1.712053573730759060e-01 1.780507138786775190e-01 1.687890881315784741e-01 1.480820228666202276e-01 1.553838042800229080e-01 1.426335495587949531e-01 1.719032827263906882e-01 1.720683654197213697e-01 1.724018965815521665e-01 1.852273808957930479e-01 1.525904797379989131e-01 1.657217178889223153e-01 1.627195693823776379e-01 1.711717141084144744e-01 1.618535406569805712e-01 1.602588664169039001e-01 1.572890020841386793e-01 1.541688186793992166e-01 1.633662114224970485e-01 1.711482131643359272e-01 1.732885978548576178e-01 1.717771205863792006e-01 1.825405979234665521e-01 1.653467934327567113e-01 1.693701886713173677e-01 1.715242470853158285e-01 1.666722099617618247e-01 1.671305633490249021e-01 1.739457700908193793e-01 1.770216680273313248e-01 1.805434988839966781e-01 1.800133071293621434e-01 1.829910214968527293e-01 1.810107141201395542e-01 1.817853217054848647e-01 1.777201662705504004e-01 1.786455102341799883e-01 1.854082951189277573e-01 1.670982688660874460e-01 1.663889511083370965e-01 1.788367213960553592e-01 1.752137028238038297e-01 1.749562991983873439e-01 1.800070028313679182e-01 1.790799444855246392e-01 1.741005161908262266e-01 1.750247451677026111e-01 1.741672925348650980e-01 1.749662216729605813e-01 1.774160196211292118e-01 1.625380511184350285e-01 1.711426155921423609e-01 1.705780824921758476e-01 1.724772010057223637e-01 1.679142409326402352e-01 1.732843024015280897e-01 1.736766349085968886e-01 1.659336137510001030e-01 1.696021735323598179e-01 1.743707588439850631e-01 1.787882780460920973e-01 1.769697648136834001e-01 1.830172555519040956e-01 1.746197535186912453e-01 1.740983139442714156e-01 1.728727888660283041e-01 1.751346198616670069e-01 1.651375034853835300e-01 1.703971990172957751e-01 1.779685827572851931e-01
5.391938216577889936e-02 7.494646751990448330e-02 1.000000000000000000e+00 3.422797777900456473e-01 2.556622804669747562e-01 2.653765798116314301e-01 3.807191847170896537e-01 3.366380405737905424e-01 3.645912784458386624e-01 3.490445124887393558e-01 3.850098396416934410e-01 3.959120517633449854e-01 3.672113909075288563e-01 3.540538522880536387e-01 4.018235604756812407e-01 3.865950045357685605e-01 3.816194686853024987e-01 4.090633307809196095e-01 3.930679855303533254e-01 3.826276059442386135e-01 4.094520648427094622e-01 4.110509020212116393e-01 4.058918174580996574e-01 3.923974532051544561e-01 4.147665575157555851e-01 4.204606217841262983e-01 4.325250122544981868e-01 4.083212347619910032e-01 3.927003475108437058e-01 4.053145140872336794e-01 4.184800963781893368e-01 4.074519439178173053e-01 3.696196380589042985e-01 4.141031952904327684e-01 3.879774079262459097e-01 4.246227369078408032e-01 4.206088290099757043e-01 4.004735595123302683e-01 4.159846204076321219e-01 4.065224855194820575e-01 3.947386642858667916e-01 4.058814407709573358e-01 4.196644685179101164e-01 4.122083679357763097e-01 4.213547543267130435e-01 4.033101534608947158e-01 3.982497192977870748e-01 3.944222427068867498e-01 3.916159009533477509e-01 4.021454989110415101e-01 3.992874429413109660e-01 4.185714152307936642e-01 4.059200161720233346e-01 4.010535390555660107e-01 3.906956197109974771e-01 4.057596552055881545e-01 3.988947179938975851e-01 3.923432154401429450e-01 3.897920698915258164e-01 4.032648225584109514e-01 4.113561250379087486e-01 3.972463538814073325e-01 3.989984702347594281e-01 3.993515934031252601e-01 3.958886929534568555e-01 4.080773737633375808e-01 4.026769750308700213e-01 4.119695984564368807e-01 4.121122065253453037e-01 4.194467839720453783e-01 4.115566149704715238e-01 4.042708644909325799e-01 4.125671703328600559e-01 4.107140139175988747e-01 4.133133190586069095e-01 4.075471847170574757e-01 4.075126039083875051e-01 3.995889094386649854e-01 4.053347690793450142e-01 4.089441705529709425e-01 4.101031379508599528e-01 4.073219768833856169e-01 4.114276441478927349e-01 4.000591407172259251e-01 4.121173120431004255e-01 4.093812404765632684e-01 4.094074813327892026e-01 4.083626012887232593e-01 4.073635878516440045e-01 4.066052313230721360e-01 4.103545402818354337e-01 4.042031795670302796e-01 4.083491651588466165e-01 4.030056282843315074e-01 3.958015491897118876e-01 3.978582261640065676e-01 4.094241708418384085e-01 4.102499660004431670e-01 4.062597660157463708e-01 4.073613114052845874e-01 4.094895328525648970e-01 4.062606873761485660e-01 4.053885486933244686e-01 4.015528524337085847e-01 4.136642233722576667e-01 4.096576195814619070e-01 4.014997093747710299e-01 3.944967062837092531e-01 4.024342881560294405e-01 3.975108502562645918e-01 3.939466101109543872e-01 4.000828129444340409e-01 4.012225902485677675e-01 4.058577106906303689e-01 4.035659186017730993e-01 4.044858434014365622e-01
5.456964595029843712e-02 1.161343581389300411e-01 3.422797777900456473e-01 1.000000000000000000e+00 4.063985073848840335e-01 4.295908030774652775e-01 6.086006773439049944e-01 5.786011707800872150e-01 5.924779267105465541e-01 5.324774912946882433e-01 6.146468082061520288e-01 6.472322397187197929e-01 6.110977477518676482e-01 5.825238618314094730e-01 6.475940668229608344e-01 6.483636401883774436e-01 6.049229709166288327e-01 6.056733791700961156e-01 6.018637583973305283e-01 5.722339130403080176e-01 6.317667893592244788e-01 6.325895492348146965e-01 6.077289829002617827e-01 5.896948066167732039e-01 6.247752946871235613e-01 6.385930872306215811e-01 6.253419901227668110e-01 6.129849482754934353e-01 6.111417519933388665e-01 6.353174800585527082e-01 6.455876708634419314e-01 6.430589217840617655e-01 5.735948943308263326e-01 6.207133969871193591e-01 6.015362426985458866e-01 6.525521206597580948e-01 6.546406550993353335e-01 6.429977676208018522e-01 6.541288923788054488e-01 6.376323787368715079e-01 6.426898166179434435e-01 6.529017909479287729e-01 6.733963504297638680e-01 6.577085345820889994e-01 6.595234767897840689e-01 6.507616595284229088e-01 6.404135851476395747e-01 6.386708680747075206e-01 6.408207764866655776e-01 6.544893027584216538e-01 6.502242428815228070e-01 6.507336493298730984e-01 6.476996648051073224e-01 6.399142381089288900e-01 6.371239352456750105e-01 6.538574342012599683e-01 6.498095276696816969e-01 6.369661925815640613e-01 6.312552120924731502e-01 6.495177348794234362e-01 6.560361737438261676e-01 6.427523085971116323e-01 6.438643639722667622e-01 6.480942822874721232e-01 6.417156781678505784e-01 6.585696396253624130e-01 6.452918035548085296e-01 6.478710934611802141e-01 6.506731381211628973e-01 6.535371553618170015e-01 6.519377696320746152e-01 6.472744493458501003e-01 6.424342994931706574e-01 6.407037663564462138e-01 6.456830936979560676e-01 6.469133464753679119e-01 6.465822025391311234e-01 6.400049935080841523e-01 6.474768864804134605e-01 6.408234002913459904e-01 6.491383557644296864e-01 6.470098504204527812e-01 6.583429906268186693e-01 6.417734266118191311e-01 6.555753517007840703e-01 6.485918673711628113e-01 6.516838456868478957e-01 6.534314961798212140e-01 6.536204282297599644e-01 6.571794757608617754e-01 6.477299078374806340e-01 6.489953619339575708e-01 6.515479596107797144e-01 6.489108664264899851e-01 6.426517657211887613e-01 6.425239857909357255e-01 6.592124588085461756e-01 6.581037749254019520e-01 6.554276421746130232e-01 6.519468538692708703e-01 6.594572250141538250e-01 6.528335665716059610e-01 6.523933377487098895e-01 6.489655920124282051e-01 6.591802347845702181e-01 6.588299604602230186e-01 6.493583411624255231e-01 6.402763209811472844e-01 6.515092649420138882e-01 6.456805711193885911e-01 6.437001202193300964e-01 6.472132006160932205e-01 6.483268157177943802e-01 6.531531392861092966e-01 6.494757192861027040e-01 6.510158458704921047e-01
6.339044997803273962e-02 8.626885477649756662e-02 2.556622804669747562e-01 4.063985073848840335e-01 1.000000000000000000e+00 3.266752101483297865e-01 4.958341961988924074e-01 4.478784291645599436e-01 4.839164294544103240e-01 4.346504341881081701e-01 4.901611928971817411e-01 5.101611998516161206e-01 4.962363048449819902e-01 4.704175926110332751e-01 5.094007359522630951e-01 5.167963914260541580e-01 4.819052426717455040e-01 4.899895173234932177e-01 4.733762576172980130e-01 4.166675278843805508e-01 4.951602526972359586e-01 5.092574266983285192e-01 4.588632402284230638e-01 4.623467432459906767e-01 5.054718267500593054e-01 5.181675147946553928e-01 4.959836620703755861e-01 4.783284010800051833e-01 4.801886718127698628e-01 4.944605858999546188e-01 5.195597780641653118e-01 4.976889605757463531e-01 4.405506446252515085e-01 4.805651133105553474e-01 4.786854983234940519e-01 4.898558602849587551e-01 5.073046026289674826e-01 4.966594847615710684e-01 5.075580665291226090e-01 4.918682704198467648e-01 5.167173245308482876e-01 5.187324441685510212e-01 5.199237398610095928e-01 5.274479013969249896e-01 5.147278846184216716e-01 5.148858432188549994e-01 5.211388610559493095e-01 5.166387029092788241e-01 5.178414081616969922e-01 5.167080608292018429e-01 5.078145453686675470e-01 5.197493528387192585e-01 5.179489893160647007e-01 5.174286401237264688e-01 5.120700063420605685e-01 5.111592251011533028e-01 5.101071674164840974e-01 5.156472695707255971e-01 5.075879416838187108e-01 5.267227403743260927e-01 5.268857424602555461e-01 5.221841696113599385e-01 5.066643803113165534e-01 5.105391588511379863e-01 5.153919933555624056e-01 5.199374908499109216e-01 5.165300567954204114e-01 5.238053602079697502e-01 5.144488342280052473e-01 5.226802444852371998e-01 5.214679054309186990e-01 5.200380362405224721e-01 5.147773839183824585e-01 5.156864228859858734e-01 5.283894636043066084e-01 5.200195755301754152e-01 5.172286060520365769e-01 5.116090724495524489e-01 5.153343559615631841e-01 5.148234322608199465e-01 5.200215964744807629e-01 5.215260853345005110e-01 5.062743413615943266e-01 5.142441722154813544e-01 5.217024174628253075e-01 5.159140687485593846e-01 5.176227403460218479e-01 5.191836237086836503e-01 5.192330042843636972e-01 5.100896914638319846e-01 5.148630686531820988e-01 5.216371445221398284e-01 5.213627611077440438e-01 5.194119768561635819e-01 5.175650856703730707e-01 5.175372691411518344e-01 5.293345608096984289e-01 5.248814214881756257e-01 5.284196794880818837e-01 5.213449206745096598e-01 5.272259952826893192e-01 5.158891737242478071e-01 5.231427032292588208e-01 5.252466393177560589e-01 5.228432314409825477e-01 5.155978736846797972e-01 5.239299554450277396e-01 5.153459211711077792e-01 5.208284769826997396e-01 5.191283642166146794e-01 5.099228236494958155e-01 5.218483676264927817e-01 5.189720891658863300e-01 5.199735892263007697e-01 5.178766884422965067e-01 5.198058285083964059e-01
-4.559740941490494567e-03 1.306422995234584605e-01 2.653765798116314301e-01 4.295908030774652775e-01 3.266752101483297865e-01 1.000000000000000000e+00 5.541111846281433495e-01 5.023159318151926289e-01 5.435688371777849248e-01 5.158287270322137186e-01 5.749613236098987112e-01 6.022510590039180656e-01 5.606886125087509054e-01 5.497550258198293793e-01 6.085440752047515112e-01 5.956657190977344696e-01 5.582323414962230279e-01 5.470810368953653580e-01 5.692490685451022658e-01 4.810159440643223538e-01 5.509236325415458602e-01 5.940169833942657851e-01 5.552784358370638218e-01 5.399563292891228494e-01 5.856862354063099296e-01 5.977303311516015683e-01 5.905225868760441976e-01 5.768097291684950445e-01 5.522403754175814194e-01 6.068174920417677143e-01 6.070018870696248792e-01 6.014995203214149599e-01 5.478692857530025329e-01 5.797381801628136433e-01 5.867190147891532259e-01 6.094764139246162671e-01 6.121921180556916253e-01 6.056928566883992282e-01 6.145610531097042140e-01 6.074841436873563705e-01 6.095978842200292513e-01 6.123834474289878704e-01 6.191330705254726174e-01 6.215971129541909557e-01 6.181753037823259911e-01 6.157020220177130687e-01 6.153405802123197432e-01 6.128032058568276819e-01 6.138728979974416022e-01 6.044037445691500254e-01 6.099266797840051657e-01 6.037143572397754010e-01 6.126704861353965414e-01 6.156113321504800284e-01 6.105566418891167357e-01 6.171799787411041960e-01 6.099322184110017586e-01 6.131837507448382185e-01 6.117077630764526930e-01 6.182636549782402069e-01 6.206335803175604404e-01 6.140125034775499868e-01 6.059136929402409999e-01 6.070684108423084480e-01 6.086089202036017998e-01 6.165346678231891087e-01 6.145472677468097888e-01 6.164648996525138314e-01 6.132914664692474815e-01 6.143375457757465075e-01 6.200115384744682157e-01 6.185958646516925841e-01 6.109351488095238203e-01 6.137520966458066551e-01 6.211839325543044854e-01 6.178277279452352166e-01 6.121513387738242162e-01 6.053662762186126090e-01 6.161788878289442550e-01 6.203846158548481649e-01 6.202873289866939199e-01 6.189367112004879878e-01 6.190841907361458452e-01 6.142300171808726672e-01 6.155196618879891224e-01 6.145621622553283370e-01 6.226245487307960902e-01 6.196319449632090581e-01 6.265957475380666830e-01 6.207609260594443290e-01 6.210332069905892816e-01 6.217165584435284664e-01 6.225981096133414994e-01 6.219559964720511314e-01 6.178658726071557528e-01 6.189487777418718473e-01 6.208354405683994548e-01 6.119663748661903213e-01 6.206639526379185146e-01 6.209671050230484157e-01 6.292348742190381206e-01 6.176425848955687803e-01 6.184374084954002981e-01 6.217368926836047693e-01 6.219078581412970097e-01 6.197914647934265053e-01 6.193848483256645387e-01 6.172521883382766639e-01 6.217304630420844580e-01 6.190633009791123298e-01 6.164446394137235163e-01 6.170089388792553420e-01 6.199564355748958810e-01 6.178552383346851418e-01 6.155204468271706642e-01 6.187889174265787107e-01
2.669611114512606201e-02 1.619454536683624379e-01 3.807191847170896537e-01 6.086006773439049944e-01 4.958341961988924074e-01 5.541111846281433495e-01 1.000000000000000000e+00 7.131733904707222571e-01 7.606135676195087125e-01 7.049033674785513126e-01 7.906922277458674486e-01 8.239068711036762194e-01 7.733056971424312476e-01 7.547227668028225755e-01 8.564826446287430173e-01 8.247234087502818278e-01 7.780482441966949381e-01 7.435241679016652006e-01 7.773729965295727018e-01 6.533372515404517467e-01 7.435195505971846641e-01 7.981583811230944514e-01 7.597419596904859684e-01 7.299951763573526708e-01 7.876078239222007449e-01 8.234736799568287413e-01 8.101190459408249556e-01 8.021644176866539189e-01 7.907403536553356815e-01 8.202091084894449491e-01 8.384366006064432053e-01 8.175054983415500631e-01 7.646011576938310794e-01 7.886428229124615719e-01 7.924230182442232318e-01 8.063489537967816201e-01 8.325236030170640733e-01 8.394095735684535819e-01 8.475928865418456137e-01 8.119076227755345210e-01 8.385134733713379696e-01 8.474632797663712580e-01 8.412555802862056176e-01 8.538188301960738524e-01 8.366220733023094214e-01 8.592786101131547616e-01 8.428651346317913573e-01 8.443484649046181234e-01 8.362177807116121242e-01 8.162891938924757840e-01 8.252481470062109636e-01 8.100874213445303784e-01 8.345617028827675421e-01 8.396449059435491247e-01 8.324925213578737715e-01 8.406578592197431199e-01 8.133635128798741842e-01 8.357336295927542125e-01 8.339887689672919047e-01 8.455741020048050949e-01 8.443169411389309653e-01 8.351039065833498753e-01 8.211203666198567674e-01 8.271520974315572650e-01 8.259847793497648860e-01 8.353175709490763268e-01 8.449175693017966227e-01 8.457650703522739954e-01 8.466634310349733239e-01 8.370677195614475430e-01 8.438307985992840043e-01 8.450197375515923204e-01 8.330216383682708114e-01 8.327380795150968185e-01 8.489403691761092663e-01 8.513266043925376003e-01 8.513042311669527518e-01 8.432833334423527338e-01 8.451391880514500521e-01 8.417111484185568759e-01 8.488926771979249386e-01 8.488004944579931044e-01 8.459545679375335414e-01 8.493004502693231039e-01 8.495997137625679319e-01 8.424254416517872324e-01 8.487041490957634160e-01 8.545649688794987320e-01 8.587108745000027188e-01 8.447021031636668953e-01 8.492577338611537741e-01 8.547771658121953164e-01 8.507677308786809611e-01 8.556171192879259424e-01 8.443438860857165329e-01 8.468382523483727331e-01 8.362963473665563363e-01 8.277253345660898765e-01 8.466312820743935319e-01 8.463339821048844192e-01 8.504907012536560007e-01 8.382905609094016830e-01 8.436308828398172421e-01 8.511125189333785812e-01 8.440024361477979076e-01 8.338062069381502184e-01 8.437244059958054487e-01 8.449328409770270332e-01 8.488455897003868156e-01 8.467214772428391933e-01 8.464586510382976492e-01 8.461733218691827041e-01 8.455618621670067947e-01 8.424786420727761183e-01 8.410876661667656684e-01 8.436424749212244611e-01
5.589782760569289577e-02 1.478129866840381945e-01 3.366380405737905424e-01 5.786011707800872150e-01 4.478784291645599436e-01 5.023159318151926289e-01 7.131733904707222571e-01 1.000000000000000000e+00 7.005578853054490462e-01 6.362763403555281583e-01 7.212905354860927876e-01 7.701413510831235376e-01 7.158538438971669970e-01 6.922878049068679207e-01 7.717418833035977199e-01 7.946893963802766914e-01 7.272738229290045542e-01 7.093629756466967029e-01 7.223969919254490391e-01 6.487240300874896892e-01 7.442610341081569159e-01 7.502661640207345384e-01 6.967377697590877439e-01 6.762355599956955121e-01 7.247705311822190133e-01 7.359359204589799308e-01 7.305624056690012136e-01 6.857403577682008589e-01 6.818544755943489744e-01 7.545288267338797761e-01 7.551261241042918071e-01 7.663834855556513892e-01 6.635975831119189650e-01 7.355320636970897885e-01 7.104534826839987716e-01 7.676236037941271961e-01 7.552119650731007328e-01 7.825246223661643796e-01 7.746887706258641648e-01 7.475976261431388492e-01 7.586725813577185340e-01 7.631668202918090449e-01 7.854921913149154333e-01 7.873113891629350825e-01 7.683036613326839070e-01 7.699144349574281732e-01 7.743650205884046178e-01 7.745481605578869999e-01 7.877426772103467423e-01 7.807158391922527363e-01 7.931200453896859459e-01 7.486077112999857119e-01 7.692776562843299804e-01 7.728589746828644635e-01 7.815713023286535721e-01 7.819127294142453888e-01 7.869262145304969369e-01 7.808438062176414896e-01 7.914388463903010429e-01 7.760281939912123672e-01 7.834483252007311549e-01 7.836218480890932980e-01 7.899994034221630157e-01 7.846846372396990565e-01 7.737267168492528713e-01 7.830913111981203656e-01 7.780794364838400368e-01 7.752298902262904079e-01 7.767656019098631015e-01 7.813444874119077621e-01 7.758837804672137350e-01 7.746599026731948445e-01 7.655879032297303599e-01 7.544361700767022727e-01 7.715948633140182755e-01 7.692110790931346864e-01 7.596669739022375856e-01 7.564250298449557430e-01 7.582708532058174411e-01 7.734523171050289303e-01 7.674377160624303862e-01 7.723687567515105101e-01 7.829876731093576847e-01 7.649682604611008907e-01 7.813796253692408822e-01 7.744798012117577457e-01 7.741235825730092834e-01 7.882393117979528130e-01 7.797002654664493271e-01 7.848752948430317566e-01 7.659615348909968313e-01 7.768033219915041476e-01 7.744425713760724195e-01 7.776713541237061378e-01 7.745618697783841489e-01 7.763230415072995827e-01 7.784637079360646750e-01 7.781066605051424334e-01 7.839475980740530092e-01 7.831678737232338205e-01 7.838023313893415223e-01 7.891179462714912329e-01 7.736606389180906707e-01 7.794931126269205590e-01 7.799990235861077315e-01 7.831169656325206452e-01 7.831242074595331504e-01 7.744586060244216252e-01 7.839194327532780227e-01 7.816946608275251451e-01 7.844328732089697054e-01 7.756200278865106323e-01 7.849193981653314056e-01 7.796281816473060733e-01 7.783305758800127538e-01 7.776080200899465611e-01
9.812238759001669364e-02 1.878996526661001198e-01 3.645912784458386624e-01 5.924779267105465541e-01 4.839164294544103240e-01 5.435688371777849248e-01 7.606135676195087125e-01 7.005578853054490462e-01 1.000000000000000000e+00 7.663992044078449251e-01 8.105570874926453229e-01 8.494025766482444784e-01 7.920524806231290516e-01 7.787239239980404681e-01 8.537759751675146891e-01 8.408276714854380218e-01 8.271470993031607710e-01 7.735849259119361720e-01 8.007877956420755838e-01 6.816577289046410471e-01 7.942702490726244458e-01 8.398860034182864531e-01 7.729310039868036997e-01 7.632005072047994831e-01 8.219657035427937464e-01 8.368279200773802717e-01 8.183853797625283422e-01 7.730483239458805222e-01 7.889499136622076803e-01 8.445997925041734966e-01 8.676474537482485871e-01 8.365119600017277834e-01 7.156294858330443098e-01 8.086957814967247193e-01 7.879042431682999892e-01 8.190510108791465571e-01 8.450158807216497925e-01 8.277910949719174960e-01 8.442484551605050624e-01 7.874733121953089166e-01 8.623675134548168808e-01 8.404163711615340038e-01 8.214766280875669402e-01 8.710216048564494162e-01 8.551520117204851612e-01 8.584006689072517515e-01 8.862387109548881536e-01 8.881891604780425276e-01 8.840289270976955383e-01 8.397589593211636227e-01 8.468205501615060360e-01 8.297580285185497395e-01 8.738227162762713940e-01 8.889339827742742672e-01 8.761143525610290972e-01 8.650779906592874768e-01 8.695917093356212435e-01 8.738389031785614991e-01 8.710556320801697838e-01 8.934076137815238905e-01 8.814227382986212778e-01 8.820536554830192832e-01 8.696835880327890012e-01 8.692193827035951115e-01 8.892560183101628768e-01 8.900799681956077514e-01 8.900319477684588421e-01 8.823294701489798886e-01 8.731514726763980327e-01 8.779500544992469013e-01 8.806410153959562948e-01 8.824357884307248989e-01 8.694361363348279692e-01 8.675090946351258214e-01 8.806158603712717081e-01 8.788298670483151165e-01 8.641067748474201560e-01 8.685652566632589000e-01 8.711741951109259752e-01 8.807823013922484456e-01 8.765102598817144930e-01 8.882703275044004920e-01 8.753281689454566195e-01 8.668569583988235960e-01 8.709814678807917820e-01 8.735121651130330900e-01 8.768394129141120485e-01 8.779977165683614526e-01 8.785348880823036222e-01 8.690011549999050455e-01 8.575835213935641965e-01 8.769381364766098974e-01 8.791410284577970691e-01 8.780402999536215392e-01 8.877009968721906175e-01 8.899816701051728174e-01 8.662538457625885702e-01 8.837710819064850121e-01 8.842829969770392706e-01 8.746679513519787230e-01 8.694040141797986232e-01 8.884557242373323227e-01 8.841981619428348482e-01 8.841573524695204300e-01 8.830122430561555547e-01 8.847830571789958576e-01 8.935349663031464384e-01 8.867331590347136139e-01 8.884666602446669170e-01 8.920806155148524041e-01 8.830183586493490777e-01 8.933578242638837708e-01 8.907066743480543947e-01 8.877197339743960747e-01 8.937557634744954793e-01 8.921723250564974617e-01
2.874525972895764295e-02 1.841539100156517617e-01 3.490445124887393558e-01 5.324774912946882433e-01 4.346504341881081701e-01 5.158287270322137186e-01 7.049033674785513126e-01 6.362763403555281583e-01 7.663992044078449251e-01 1.000000000000000000e+00 7.598452461491188581e-01 7.960214520393131821e-01 7.429186337192030809e-01 7.428041546928048078e-01 8.136179572178803276e-01 7.861577660092965436e-01 7.575940854993720164e-01 7.175561021311115395e-01 7.565418289891282511e-01 6.014775122823061704e-01 7.103089772672068758e-01 7.821670296277057899e-01 7.392639436656169849e-01 7.225042314651043407e-01 7.711643461350884410e-01 7.965563660619408015e-01 7.841766003791160733e-01 7.590301328831644545e-01 7.530226495407925658e-01 8.002326798970684774e-01 8.164371580179101695e-01 7.940145339370845434e-01 7.106408841071697458e-01 7.740893963645503195e-01 7.638396441814909732e-01 7.772299886220458420e-01 8.078735492042736777e-01 8.020545806432817226e-01 8.108597361729151798e-01 7.740998761094738390e-01 8.245472717941968455e-01 8.117023457830999655e-01 7.828316208467936965e-01 8.254664838546602601e-01 8.178028831813427546e-01 8.207199028893680248e-01 8.348240136292114366e-01 8.432026758668963451e-01 8.246401125328874926e-01 7.879487153678497169e-01 8.006828025423023965e-01 7.799221324649779907e-01 8.175065827921327299e-01 8.274117370773490521e-01 8.185896967328185614e-01 8.253469334028560311e-01 7.950943815695544759e-01 8.244963560571482164e-01 8.208741690793317503e-01 8.302523280993947541e-01 8.255707343363326567e-01 8.161994073069008815e-01 8.045171337062898553e-01 8.055226583543537711e-01 8.191091565515171702e-01 8.231103322522290711e-01 8.388883979795715984e-01 8.330442935557260675e-01 8.287303912910238823e-01 8.146582380944612511e-01 8.330264202889906544e-01 8.393626337619181088e-01 8.230685418819194688e-01 8.292204773287480402e-01 8.349689410748671881e-01 8.377653247165363082e-01 8.265856756803380279e-01 8.256157157249448542e-01 8.307892235453245844e-01 8.347878883361752322e-01 8.350836014405205177e-01 8.413126397353801744e-01 8.303654132796840504e-01 8.297736141827949385e-01 8.298938061620378948e-01 8.326544288073770561e-01 8.363743651114390332e-01 8.353774755398629681e-01 8.382614819938721817e-01 8.265769274632851493e-01 8.275255862297101750e-01 8.390834512980628324e-01 8.405260104831150381e-01 8.388034013090628349e-01 8.396495065737832331e-01 8.417037810478207316e-01 8.209751830896722113e-01 8.132218069855455811e-01 8.325659451455768023e-01 8.300331220660382980e-01 8.290135248407413116e-01 8.272671441751608956e-01 8.333598331199578713e-01 8.373379523550772419e-01 8.321987666334711431e-01 8.195576013614243038e-01 8.338103989709814146e-01 8.392596991093699277e-01 8.383862758672053772e-01 8.369568924356846074e-01 8.355957042998765072e-01 8.380324596598037745e-01 8.348969419928751190e-01 8.290194562208434981e-01 8.322907089111467593e-01 8.358944867663463674e-01
1.630409465194010074e-02 1.554677135666750754e-01 3.850098396416934410e-01 6.146468082061520288e-01 4.901611928971817411e-01 5.749613236098987112e-01 7.906922277458674486e-01 7.212905354860927876e-01 8.105570874926453229e-01 7.598452461491188581e-01 1.000000000000000000e+00 8.821096482300994079e-01 8.086619583575317405e-01 7.930787193765835852e-01 8.816281823466615153e-01 8.605223520762019795e-01 8.236895333307808764e-01 7.939134600379217366e-01 8.268934899179851694e-01 6.901115047274281045e-01 7.982343555938136159e-01 8.547632440196445414e-01 7.994328824916916432e-01 7.831311602144196415e-01 8.347253842068393936e-01 8.620593395467742726e-01 8.542653469709005076e-01 8.273724971534222039e-01 8.091106960355869404e-01 8.656692472675311389e-01 8.861630361942227641e-01 8.707736964375150102e-01 7.849656968175297012e-01 8.432969874724000059e-01 8.362488161699892508e-01 8.611955562006133880e-01 8.791261976735346151e-01 8.786187237646960746e-01 8.878186206510473300e-01 8.601040940248676492e-01 8.961228415212256770e-01 8.852578726564706013e-01 8.774840855513125204e-01 9.043185944598417514e-01 8.957865550052032111e-01 8.944303901031011028e-01 9.003639271104159070e-01 9.029535060355530218e-01 8.945881433082243372e-01 8.718178835064477328e-01 8.838923123296109630e-01 8.702375165501495813e-01 8.907954792373224961e-01 8.932333116606964163e-01 8.846452926466168432e-01 8.960532062920273377e-01 8.770163615822825776e-01 8.931358691997816068e-01 8.896454617976740087e-01 9.015513000650261510e-01 9.052146967399653521e-01 8.892087835023707587e-01 8.813524947844652013e-01 8.852427173247041647e-01 8.939784797012511053e-01 9.012261924971298743e-01 9.074834243685406809e-01 9.048811521815028902e-01 8.994542640565184044e-01 8.923667826742537335e-01 9.053729613566769974e-01 9.046096918668089515e-01 8.916365129041973203e-01 8.927224964359391501e-01 9.055133528332272030e-01 9.043823797989192226e-01 8.972334882178072402e-01 8.877882224302138248e-01 8.990706697488032306e-01 9.000717892296460354e-01 9.035888740021521537e-01 9.057272607764155214e-01 9.053453104762357873e-01 8.970978735866164122e-01 9.013742679555396542e-01 9.006930802072122821e-01 9.077145016350695039e-01 9.062293918286000727e-01 9.080657545142198916e-01 9.014579386396534000e-01 9.028402323071599289e-01 9.069005005903597594e-01 9.089963996711259986e-01 9.074391800655696727e-01 9.058696752003873032e-01 9.071554574050934017e-01 8.947879115104053760e-01 8.887469201847798539e-01 9.047075060664800938e-01 9.040203255217431622e-01 9.064076345224144626e-01 8.997837591726234319e-01 9.039845343034486058e-01 9.076356970026023818e-01 9.064500268458490773e-01 8.944913044420486070e-01 9.004388232536457704e-01 9.049686712004676448e-01 9.062845506174885823e-01 9.041649478243015681e-01 9.040111393686305341e-01 9.060749559194759550e-01 9.037993590790108778e-01 9.029852373140929700e-01 9.019681407586277455e-01 9.048457941165762852e-01
2.174524769395236659e-02 1.659452362892169797e-01 3.959120517633449854e-01 6.472322397187197929e-01 5.101611998516161206e-01 6.022510590039180656e-01 8.239068711036762194e-01 7.701413510831235376e-01 8.494025766482444784e-01 7.960214520393131821e-01 8.821096482300994079e-01 1.000000000000000000e+00 8.507639341836202851e-01 8.368259146924286185e-01 9.266721992070584557e-01 9.067166700334566842e-01 8.708820005782735851e-01 8.341239844389006786e-01 8.645583390363514864e-01 7.343268596347733990e-01 8.433570536696747277e-01 8.930307975516795782e-01 8.359396927401918642e-01 8.144191233486126613e-01 8.735851257775132384e-01 9.003895252464081400e-01 8.916795518060973702e-01 8.589650922010144685e-01 8.402465339357929608e-01 9.059973415221883597e-01 9.272956724643131032e-01 9.121093263200319434e-01 8.115740784339687819e-01 8.805906659241293788e-01 8.677916568332899594e-01 9.030573346277432911e-01 9.197464840400463304e-01 9.206129261560170862e-01 9.274895980376683946e-01 8.998805551368060929e-01 9.332941164210989404e-01 9.301111161815680539e-01 9.201101065005967694e-01 9.465687249943389725e-01 9.365396936086514135e-01 9.363232167756040392e-01 9.447982566930051007e-01 9.455420989419242028e-01 9.397985531495506306e-01 9.180680271167902529e-01 9.297484567793161681e-01 9.110426812275905784e-01 9.364427337996718004e-01 9.376593233239581826e-01 9.314233565451965902e-01 9.390440310556495973e-01 9.264507764327265527e-01 9.386690890004263377e-01 9.369334174100902857e-01 9.460624894978727495e-01 9.470223412830124365e-01 9.366253049251845875e-01 9.313252280247410475e-01 9.297545204221971948e-01 9.373627397731307820e-01 9.438982818225886140e-01 9.487222480332437868e-01 9.441461056754835157e-01 9.383295770595653229e-01 9.358818358505133217e-01 9.454110094433791911e-01 9.453008105650316795e-01 9.309885949882406031e-01 9.313513936535908755e-01 9.458749142799973697e-01 9.446898493382219764e-01 9.373735335659532097e-01 9.260246102551413783e-01 9.390359252262379108e-01 9.396998527498722220e-01 9.451963300134669232e-01 9.473080869885487365e-01 9.470154027043959921e-01 9.348106518034420276e-01 9.442077806794403338e-01 9.416456872724198179e-01 9.481194549481757328e-01 9.500105556525257899e-01 9.490493253347321856e-01 9.449413790381684386e-01 9.417955919741348714e-01 9.492720873878875976e-01 9.499484478586144309e-01 9.495317914859237041e-01 9.480689047408521475e-01 9.493585940191875405e-01 9.401286989650513570e-01 9.344897112896095592e-01 9.482566579992908196e-01 9.482902875190797332e-01 9.487752609449985330e-01 9.451934572407211244e-01 9.475427103700031495e-01 9.502733922908562780e-01 9.492307698998782017e-01 9.406231911982676497e-01 9.458370968273330792e-01 9.483462141978820092e-01 9.504938023224841492e-01 9.493839186070011094e-01 9.483736392800281578e-01 9.490273097340149455e-01 9.489122878594949961e-01 9.455810608225673208e-01 9.470975298883075322e-01 9.486472843686171164e-01
3.110443440787837716e-02 1.569255418350297415e-01 3.672113909075288563e-01 6.110977477518676482e-01 4.962363048449819902e-01 5.606886125087509054e-01 7.733056971424312476e-01 7.158538438971669970e-01 7.920524806231290516e-01 7.429186337192030809e-01 8.086619583575317405e-01 8.507639341836202851e-01 1.000000000000000000e+00 7.775129267838103431e-01 8.648482223085157683e-01 8.576824530360092069e-01 7.942633628909769872e-01 7.741638805948213298e-01 8.039538209388192858e-01 6.803707523108724065e-01 7.868753953898587339e-01 8.383268777032991670e-01 7.788472878065832994e-01 7.662355565381144817e-01 8.233887001586654986e-01 8.394369856963985743e-01 8.200051235955658768e-01 7.848760320542380597e-01 7.765371428808489629e-01 8.483406702536072652e-01 8.589302818565344166e-01 8.425556090735590864e-01 7.391648664185355155e-01 8.143348580333614750e-01 8.027040642153224770e-01 8.365435114622025159e-01 8.538600277060884869e-01 8.497671441206264831e-01 8.600581841111643033e-01 8.224300423219761402e-01 8.623405575296607672e-01 8.599517438553497817e-01 8.622088076019485126e-01 8.810418706866924854e-01 8.672398924968335310e-01 8.700645397337327669e-01 8.761281802137901309e-01 8.779262037883117653e-01 8.746804273088815140e-01 8.572504359692254550e-01 8.615697314701793452e-01 8.542487709717097033e-01 8.724064839045712061e-01 8.714081948140190992e-01 8.673882110546815571e-01 8.723729241094319020e-01 8.589131715493532049e-01 8.685879381178031045e-01 8.667662431316447424e-01 8.822441414508850333e-01 8.850261074837006969e-01 8.724039378039707415e-01 8.645110411554568497e-01 8.689118028488739265e-01 8.710615504617286176e-01 8.792954059602701156e-01 8.804357577567575310e-01 8.803180893083707437e-01 8.729930271193117042e-01 8.746998865621660180e-01 8.820193240368184862e-01 8.818772797727068014e-01 8.674911715186152117e-01 8.707895324717741525e-01 8.799356028354239356e-01 8.772723276438887385e-01 8.668962700106591646e-01 8.573520524391440301e-01 8.708360730500932512e-01 8.772699120541143092e-01 8.775427287032602219e-01 8.818580157190303304e-01 8.758748801189449873e-01 8.668471300240357946e-01 8.765258740051729003e-01 8.765692424980562336e-01 8.822605054474244035e-01 8.818726745862524030e-01 8.827387715780872224e-01 8.764913467285524451e-01 8.678415430297830024e-01 8.805748966020855439e-01 8.821848405304199003e-01 8.813873153112621317e-01 8.806025813311870731e-01 8.815590592812749815e-01 8.738302796508494730e-01 8.736843735990194038e-01 8.826566789369503230e-01 8.792504024784968397e-01 8.827846568503010527e-01 8.787049803103167411e-01 8.808164104624718327e-01 8.840687720831211793e-01 8.855869281265602577e-01 8.724786550776089111e-01 8.801209070716643490e-01 8.802057785422938707e-01 8.842780487180086357e-01 8.812776704722816712e-01 8.787580087309486698e-01 8.829074590033479941e-01 8.816183712993023169e-01 8.825386898721254703e-01 8.819563748217090771e-01 8.834315351776741432e-01
