1.000000000000000000e+00 2.570697096419875816e-02 5.086854463182867436e-02 2.507762975316082943e-02 3.212448802249526919e-02 7.408462231862849440e-03 -8.663831414833789157e-03 2.131090686040539028e-02 4.519300443430281783e-02 2.715871153683021427e-02 -3.754166156986292208e-03 1.739034215563291241e-02 1.515553891298882351e-03 2.390873147903625501e-03 -9.529254851130790002e-03 9.186726877096396474e-03 5.585665930399591472e-02 -2.339775935098698662e-02 -1.657126563128124078e-02 -5.408145494635516193e-03 1.035967271270969887e-02 -9.446670140970780949e-03 -1.435667713401744122e-02 -1.889491255768685138e-02 -8.551963151693741869e-03 2.412717503431048571e-03 -2.449667664954949167e-03 -1.909135788337546630e-02 2.324661121297025811e-03 1.088784833266365909e-02 2.057439629964491912e-03 -1.311570804574530014e-02 -7.391382654342954980e-03 -5.851963486343338171e-04 9.031048264714654564e-03 1.113178661081236191e-02 -7.302392787190769598e-03 -3.270894967295607646e-03 -1.008922970596059891e-02 -3.823203329518153754e-02 2.921606739610768666e-03 -9.464261402512826743e-03 5.123326491436234684e-03 2.981958040973172169e-03 -2.210553987055192602e-04 -7.412713942031872241e-03 7.273911396007614813e-03 8.285599942186713460e-03 9.346536838437870254e-03 2.386967743269164787e-03 2.311168696161577333e-03 7.468132270604512478e-03 1.784531674938071716e-02 1.462077883689810905e-02 6.764751034257466926e-03 5.345468252848183501e-04 2.454644437037084917e-02 5.295853965802012689e-03 5.624104393431493543e-03 1.927330251441686931e-02 8.514117585187528509e-03 1.029876352766379184e-02 7.581252555796745562e-03 2.238718525278613272e-02 2.373778639372675983e-02 2.384345082770828600e-02 1.288443852959227955e-02 -7.532267019742168879e-04 -4.822571268935459295e-03 2.067405342056365569e-04 -5.271452562870848277e-03 -6.349085249752428562e-04 -9.510904674474884510e-03 -4.801762041235770224e-03 2.580926911487836477e-03 2.951240621949049060e-03 -1.068190684563461411e-02 -5.162823677947477215e-03 -8.916334376262994438e-03 1.127833415039232326e-03 -9.460845166576918391e-05 1.227204139957875119e-03 6.245697316366046782e-03 -8.190948867342890197e-03 -1.030017060109232781e-02 -5.628460247840702882e-03 8.811863297119089822e-04 -6.242498812635008734e-03 -4.306300905801749464e-03 -3.278363081220310058e-04 -2.193398397135543770e-02 -6.419548928450693678e-03 -4.051752853031851363e-03 -5.225559116308398089e-03 1.024325836508415462e-03 4.810623660053458921e-03 -9.086248028557449702e-03 2.378030194971179553e-02 4.455447156687090786e-03 -2.271013900193263359e-03 -6.374421619684040100e-03 4.082799556182060280e-03 7.288701700729602675e-03 2.500937925866172744e-03 6.749447608438261144e-03 1.830713017321097466e-02 1.191851430226083253e-02 7.022512064933312918e-03 4.808458962122665221e-03 7.984956992018210284e-03 2.491989520067678168e-03 1.351684688480259307e-02 3.492995025352708689e-03 1.138773783327229339e-02 1.547117067588622136e-02 1.541512599258327773e-02
2.570697096419875816e-02 1.000000000000000000e+00 7.426069329752441051e-02 1.259588586959236034e-01 6.216004822764114451e-02 1.051857560205575748e-01 1.386518997840706369e-01 1.275837073155822454e-01 1.696712082727505067e-01 1.683803775563825766e-01 1.562404409633406932e-01 1.527258830159170799e-01 1.339594127955996972e-01 1.367583676872764775e-01 1.703181036942694737e-01 1.620031295793002701e-01 1.569379818781253821e-01 1.555647668157214281e-01 1.567287773464390854e-01 1.486537777595063337e-01 1.592212089018499865e-01 1.519839794057843974e-01 1.442736301501244822e-01 1.458194539515905441e-01 1.609438853630546784e-01 1.625628779039196004e-01 1.614606041129043601e-01 1.627786460587113959e-01 1.755725959489192745e-01 1.684151531633626964e-01 1.691081943463636217e-01 1.716181675904478177e-01 1.693562989353148418e-01 1.663304682929390432e-01 1.696198108641832347e-01 1.676324392709357958e-01 1.691645675189691334e-01 1.703836104169388077e-01 1.663825689776225747e-01 1.585178324292290941e-01 1.672719360181342263e-01 1.639534179836406036e-01 1.592524182950244838e-01 1.611049959787895502e-01 1.598158330057705689e-01 1.583720356371050020e-01 1.674775556004286792e-01 1.667720505455694557e-01 1.684877756863607245e-01 1.564417081123022357e-01 1.606955752145132199e-01 1.502335109847452166e-01 1.585605464729016312e-01 1.712653432308162971e-01 1.670483637376576902e-01 1.624382419585523318e-01 1.693668080327474512e-01 1.588647199484753969e-01 1.645229440980311431e-01 1.711381280712765407e-01 1.621576446760490675e-01 1.713742551154555371e-01 1.636176565243962766e-01 1.736762581160241903e-01 1.687916599151418062e-01 1.650155293329429451e-01 1.670970131097204436e-01 1.667633275078326538e-01 1.629164088098165042e-01 1.642859958430204770e-01 1.626412501460492988e-01 1.635687137100292898e-01 1.639966799757395233e-01 1.621600044002668994e-01 1.663632465199853805e-01 1.666970631889659327e-01 1.674511885468934480e-01 1.739304623784080350e-01 1.599994183402353720e-01 1.687687638536322365e-01 1.645349276797059834e-01 1.684195879668251294e-01 1.677148656397531301e-01 1.687804039013924007e-01 1.632585411112032758e-01 1.630482459321064281e-01 1.681580757135879844e-01 1.646184353049247595e-01 1.653604731420241225e-01 1.657854461054086570e-01 1.595091031734514053e-01 1.663930872308315712e-01 1.637161014212466514e-01 1.649999021183028158e-01 1.668129136654369349e-01 1.684637083091126419e-01 1.609991307224419022e-01 1.627031824903512058e-01 1.663003402016047239e-01 1.668344842093791858e-01 1.628655482179220126e-01 1.647384004038211780e-01 1.638560771242792147e-01 1.631937528656329517e-01 1.596047464847225594e-01 1.669463941745058799e-01 1.694909759848617636e-01 1.684803041879792407e-01 1.683378991540724623e-01 1.673221147283916743e-01 1.669797056153832504e-01 1.689694445059357342e-01 1.680413804259157928e-01 1.662101983793951576e-01 1.644975053858518388e-01 1.664406333301699514e-01
5.086854463182867436e-02 7.426069329752441051e-02 1.000000000000000000e+00 3.237444710568938011e-01 2.007401075825677450e-01 2.304631491033581614e-01 3.478940172716826207e-01 3.356761664250378918e-01 3.411017247792275109e-01 3.344940868517336519e-01 3.572694587610517059e-01 3.779837334987344311e-01 3.237832345258954692e-01 3.378426702906986989e-01 3.877105695648945249e-01 3.761735938480345043e-01 3.420701573428261422e-01 3.585296933000819419e-01 3.579966972241962475e-01 3.638038679737156111e-01 3.678288864066250330e-01 3.567131734144972088e-01 3.690332377504655370e-01 3.684940601580546926e-01 3.579129742948591875e-01 3.886848410082253680e-01 3.685521031695822014e-01 3.868677776123554679e-01 3.886637119207588809e-01 3.885678151387393364e-01 3.869636272308957792e-01 3.853317857021303916e-01 3.757125030822791034e-01 3.828086449246975165e-01 3.779519153500073281e-01 3.683600172248773230e-01 3.766006943449369260e-01 3.917381487133148044e-01 3.829806211271159500e-01 3.843778782594599597e-01 3.795237045267662035e-01 3.837418159276462792e-01 3.867315583917257937e-01 3.802080616169574712e-01 3.773120999909810869e-01 3.820261391840024667e-01 3.779608167452546130e-01 3.834969090484340315e-01 3.845379138362308713e-01 3.849528228812596486e-01 3.853598997849957963e-01 3.756179410145987219e-01 3.711349879987135281e-01 3.833824590923561315e-01 3.861608972088910186e-01 3.906913544309029152e-01 3.876923997395646526e-01 3.829463459137799064e-01 3.896971695800486302e-01 3.814609655103685104e-01 3.828259774430639584e-01 3.813734719628008030e-01 3.849033050730131800e-01 3.814227558586459343e-01 3.775024466183464766e-01 3.823420519886066571e-01 3.798529942356719813e-01 3.805252952251359511e-01 3.844901582279457442e-01 3.889263053260523240e-01 3.821953876218466273e-01 3.788962279148571088e-01 3.819052005520541249e-01 3.768956555914083628e-01 3.848327968015144984e-01 3.807669064785182411e-01 3.805631805652338051e-01 3.840500025454581245e-01 3.794096816236868785e-01 3.815995093836839214e-01 3.803684962761487709e-01 3.863466849639705658e-01 3.809524322839528687e-01 3.749522269151331910e-01 3.827145259212595407e-01 3.823814964584411613e-01 3.787718709924495775e-01 3.808544081486598953e-01 3.806888128644897451e-01 3.840806375672288775e-01 3.790551155529021665e-01 3.818283783626333361e-01 3.805919780658799101e-01 3.808566521302939600e-01 3.808950274130328828e-01 3.784678451247168174e-01 3.770307837999948286e-01 3.766803990777626288e-01 3.817647836609927570e-01 3.825584936905772060e-01 3.819709605044432355e-01 3.801534304355935756e-01 3.802668044538253800e-01 3.839829711562296466e-01 3.822668312664991852e-01 3.797933751092119614e-01 3.809001820356680001e-01 3.794894021339964008e-01 3.837691782057547352e-01 3.819089773105267538e-01 3.813004829171289245e-01 3.818360593775007028e-01 3.813511142241455265e-01 3.806525968704615459e-01 3.828576152161653479e-01 3.795997332161678006e-01
2.507762975316082943e-02 1.259588586959236034e-01 3.237444710568938011e-01 1.000000000000000000e+00 3.405447262458256019e-01 4.005889424846226232e-01 5.709914561577572600e-01 5.709599484709051431e-01 5.643563645127447348e-01 5.428025434995096266e-01 5.849180797213964222e-01 6.214961560269560703e-01 5.527190358053292174e-01 5.478455592528412854e-01 6.294154213262060926e-01 6.236826690798779049e-01 5.744954452981390070e-01 5.967207032110531939e-01 5.834064473911372284e-01 5.952146018147761453e-01 6.223559394714270887e-01 6.062180052225510929e-01 5.935929790962615193e-01 5.994268268887833484e-01 6.061269200589052275e-01 6.296275345644006816e-01 6.116916452102150181e-01 6.205188673549141276e-01 6.103325855570383984e-01 6.283477760930780143e-01 6.341482756494266626e-01 6.189598877783772934e-01 5.961870667236061072e-01 6.154293616378171405e-01 6.215124881946989532e-01 6.298687982806759900e-01 6.295092742604040392e-01 6.143414130620186153e-01 6.367611403122531710e-01 6.042993919896748611e-01 6.277025622815433081e-01 6.277352878204954800e-01 6.382330423311377565e-01 6.372912477619626648e-01 6.338084338961712527e-01 6.275295274257629563e-01 6.312426253395992948e-01 6.307921803267934058e-01 6.312335936042527962e-01 6.187128903301427618e-01 6.305612918512124576e-01 6.327671573786035619e-01 6.320439065751602969e-01 6.346952249436842441e-01 6.370773892504832947e-01 6.316930298208920380e-01 6.399306348020480373e-01 6.288839237495634782e-01 6.324142829244469022e-01 6.368174458490368783e-01 6.356357735821174249e-01 6.368091169789855677e-01 6.378555581912677130e-01 6.352643900802176224e-01 6.394242081959236046e-01 6.405068952837338347e-01 6.348476374533500444e-01 6.367690492501006938e-01 6.299188106084224748e-01 6.403585727527575377e-01 6.411221798302197961e-01 6.385213217083222093e-01 6.298368384367349915e-01 6.363598729253919783e-01 6.386094432588158565e-01 6.353644892679702894e-01 6.287593505048080234e-01 6.297491725525644624e-01 6.355216536746565170e-01 6.333917310328788242e-01 6.356899765721578666e-01 6.388976538475152900e-01 6.362524979244245094e-01 6.276660099374020696e-01 6.321422948939516839e-01 6.338535865195658037e-01 6.388699705110669758e-01 6.313808297118473911e-01 6.342351179030093489e-01 6.347206714105734227e-01 6.289699229728790142e-01 6.374783265094912110e-01 6.392917970934939298e-01 6.382206126197879081e-01 6.352319734077814806e-01 6.344809396098916032e-01 6.362057151346628414e-01 6.419399786936524910e-01 6.402310650853805241e-01 6.344131246249554712e-01 6.400827333733832836e-01 6.398984429497668325e-01 6.388372900866796655e-01 6.428260848428876129e-01 6.419626870248111850e-01 6.426208729862186164e-01 6.407640917755025312e-01 6.361702304634007099e-01 6.375026360184853358e-01 6.365012479156809677e-01 6.371019066100015449e-01 6.380991260322604886e-01 6.400224657883243351e-01 6.428038909717411764e-01 6.392467674812680745e-01 6.380944841106231946e-01
3.212448802249526919e-02 6.216004822764114451e-02 2.007401075825677450e-01 3.405447262458256019e-01 1.000000000000000000e+00 3.006499024748278126e-01 4.346484217007914874e-01 4.444149590825908769e-01 4.662509468965695958e-01 4.147727882498857266e-01 4.653392761678666334e-01 4.854550444580993385e-01 4.642124266761743501e-01 4.384167529260555862e-01 4.931473215191872761e-01 4.978724004829271910e-01 4.399745938858907190e-01 4.636912268285057204e-01 4.518080939542242214e-01 4.504256987390798384e-01 4.595244007691481336e-01 4.636781755501903635e-01 4.586704706726432712e-01 4.610050798651887383e-01 4.672160110812622058e-01 4.779661028382920507e-01 4.826087675648641495e-01 4.735132207131120263e-01 4.658670594419317412e-01 4.969823706299728028e-01 5.054675694864667612e-01 4.792662978713504440e-01 4.653314996294080075e-01 4.795645264213296288e-01 4.841317934546740531e-01 4.837434542830816309e-01 4.994524501539738259e-01 4.842472986070447405e-01 4.991314417478955878e-01 4.687045402441355479e-01 4.915404494795003743e-01 4.973484345711812749e-01 5.006821260490021963e-01 5.087799051659375182e-01 5.051269627062791034e-01 5.045498986457619406e-01 5.070984124476236587e-01 5.058951413377645867e-01 5.048746093294215198e-01 4.920431987322602119e-01 4.960589282312616866e-01 4.946226441756140790e-01 4.978551430311449755e-01 5.059847533365566807e-01 5.076403365569306381e-01 4.925344987985843526e-01 5.048358942734783028e-01 5.077806744077194567e-01 5.014531548790820414e-01 5.091440693060550471e-01 5.104856089599184576e-01 5.075744510731023951e-01 5.025384431655396389e-01 5.107823579943023828e-01 5.089746222244165841e-01 5.121012596692612329e-01 5.062892531978634425e-01 5.035128317869871362e-01 4.989315581730814353e-01 5.056751706885462827e-01 5.056424612161188881e-01 5.013985958265572140e-01 4.917315490934103250e-01 5.033100756985866564e-01 5.036491437721472009e-01 5.034652447994724112e-01 4.976068691296398061e-01 4.965956186538150741e-01 5.025708077871147150e-01 5.064963557027482022e-01 5.049672358745225242e-01 5.072000122654489740e-01 5.035478465447909002e-01 4.993950925799982565e-01 4.937072392283041733e-01 5.023043114022860411e-01 5.096384804348250697e-01 5.001566061906835836e-01 5.028608528627177554e-01 5.053337007964953109e-01 4.969904303355300312e-01 5.061223128972952567e-01 5.086383411764493490e-01 5.055866917049177678e-01 5.078639044179120710e-01 5.101895980454601576e-01 4.997959955211810357e-01 5.062024340828877866e-01 5.086933546469684098e-01 5.031214280506285386e-01 5.071203536463605444e-01 5.074099710632609117e-01 5.041229324906462139e-01 5.089163973725270296e-01 5.091066139125358658e-01 5.092600628801441376e-01 5.079322234028311733e-01 5.109977954817779278e-01 5.085218949134253652e-01 5.095653134773877602e-01 5.073235464332258582e-01 5.119239609697323612e-01 5.104144423668600661e-01 5.122132186462352577e-01 5.092942303797679537e-01 5.092476052772216821e-01
7.408462231862849440e-03 1.051857560205575748e-01 2.304631491033581614e-01 4.005889424846226232e-01 3.006499024748278126e-01 1.000000000000000000e+00 5.588308779520556602e-01 5.118568428812269033e-01 5.491823350071419751e-01 5.254441374109952712e-01 5.591699837866694889e-01 5.825357195834095503e-01 5.270007237221053797e-01 5.414210427420219629e-01 6.041704670401822908e-01 5.863289606498939266e-01 5.434906322190838912e-01 5.726621928080407598e-01 5.718291927473366787e-01 5.691175809190607282e-01 5.790204943997409037e-01 5.727609102094474158e-01 5.674790390204815793e-01 5.745067206378851044e-01 5.830912293971817206e-01 6.044937925614640717e-01 5.836977260722110428e-01 6.021891638244474265e-01 5.919549761351581285e-01 6.016547428368332895e-01 6.067099202799971502e-01 6.023431669839526270e-01 5.880040525995036127e-01 5.963794313652851509e-01 5.965211129043490601e-01 5.881410346038941084e-01 6.019148221901888807e-01 5.998621642450147062e-01 6.115381191150660589e-01 5.923690874931030192e-01 6.144691009224587663e-01 6.085686396042703228e-01 6.040982098564114944e-01 6.117411466265444409e-01 6.094336788710028596e-01 6.042429183070866516e-01 6.088722641718321560e-01 6.043192680610693923e-01 6.023839465883773503e-01 6.030394387266478917e-01 6.104158160564914226e-01 5.975381451164073487e-01 6.005783151558243826e-01 6.031950370268047701e-01 6.028777964417708635e-01 6.068803504200680488e-01 6.057600078740751348e-01 6.026392019886004370e-01 6.078881209598775426e-01 6.072319716030601944e-01 6.095977400735691498e-01 6.098384354739232460e-01 6.078476367121002921e-01 6.093314984072221163e-01 6.030515448178246363e-01 6.037545807187574276e-01 6.084930242027601910e-01 6.101079372148233704e-01 6.103621508426679831e-01 6.113665662217305785e-01 6.120823136795527919e-01 6.099878683900104015e-01 6.075906243306632426e-01 6.106968371222896153e-01 6.121941053790396214e-01 6.107411046178133907e-01 6.101633903207668297e-01 6.107939195152473077e-01 6.086428226219198212e-01 6.117041650473362679e-01 6.111755729292684958e-01 6.106172450608747804e-01 6.094086945007671785e-01 6.104219966834393274e-01 6.117771588693661222e-01 6.124256382989707870e-01 6.135985941633971263e-01 6.117945989522490802e-01 6.107677470878009052e-01 6.093113508678232870e-01 6.121279293966533919e-01 6.139958042037994002e-01 6.138644233063346167e-01 6.139401788470821852e-01 6.115546207399527034e-01 6.111564597862697568e-01 6.096271819378307200e-01 6.053504548695306520e-01 6.110055227721975513e-01 6.124720162412273794e-01 6.124235668631217155e-01 6.085823522182918222e-01 6.116197686122983868e-01 6.112128909389661358e-01 6.114955248282757383e-01 6.044460195140816117e-01 6.115958064208087963e-01 6.114255089077649252e-01 6.107039378494933946e-01 6.084381107447861536e-01 6.106468656656324212e-01 6.103552744938495200e-01 6.100457281106111962e-01 6.100503937064749582e-01 6.091699922096928121e-01 6.093327205169094540e-01
-8.663831414833789157e-03 1.386518997840706369e-01 3.478940172716826207e-01 5.709914561577572600e-01 4.346484217007914874e-01 5.588308779520556602e-01 1.000000000000000000e+00 7.313666488618791872e-01 7.362462831041726163e-01 6.973381141749033230e-01 7.719280982338089236e-01 8.091451452329931904e-01 7.358288360253905092e-01 7.336849327119064901e-01 8.426480396902709114e-01 8.175512089239784785e-01 7.301415738231146202e-01 8.000026161310782591e-01 7.971327753428677498e-01 7.862881537241195318e-01 8.098718570322335220e-01 8.091737875105501354e-01 8.018762751956285406e-01 8.179625329245027165e-01 8.182600213466731942e-01 8.239356142579151721e-01 8.015773854853009972e-01 8.228016370738826524e-01 8.125125583466354939e-01 8.261661667255892905e-01 8.343245891214036147e-01 8.308503991713919179e-01 8.043777767076286667e-01 8.268707761052307426e-01 8.095982858530640369e-01 8.103361192247915401e-01 8.237687544972654985e-01 8.336370261636186774e-01 8.371494455570238635e-01 8.190385204677803621e-01 8.341464541959111578e-01 8.362933557888942993e-01 8.360046676157419920e-01 8.363179920108424481e-01 8.360254891052221193e-01 8.375280714616049060e-01 8.301729885431732292e-01 8.291991121754187510e-01 8.265284722254072625e-01 8.260304213891032088e-01 8.348860641145545713e-01 8.211084958683566581e-01 8.193229729404420958e-01 8.261542071875003224e-01 8.287840450643588763e-01 8.359121077534252819e-01 8.230261726518414145e-01 8.301204048974165639e-01 8.303660948183013701e-01 8.262306289064477172e-01 8.339776309748653249e-01 8.275597348776290163e-01 8.273356119086923144e-01 8.245313806883586283e-01 8.203819032408999901e-01 8.264855757623598143e-01 8.326858069177213162e-01 8.400035144757403982e-01 8.410706088224373378e-01 8.429267615661683033e-01 8.449217101123845941e-01 8.409925183385248415e-01 8.412116966298712750e-01 8.441205812988982204e-01 8.385792448730391424e-01 8.384980313163893362e-01 8.431535171190216449e-01 8.329758963479609868e-01 8.388165423803723986e-01 8.346411021924127205e-01 8.389581276957563949e-01 8.401162404112582083e-01 8.398488836473251284e-01 8.356177977664899226e-01 8.411326081219812068e-01 8.425394376539022678e-01 8.408080592383847529e-01 8.441210832858309088e-01 8.411609741363994530e-01 8.393556879183697861e-01 8.435291036804267728e-01 8.440997520387426567e-01 8.414756339574870347e-01 8.437123036759028860e-01 8.355187446417707831e-01 8.347075830845437361e-01 8.414639930755375419e-01 8.285682639297463625e-01 8.397446477111687457e-01 8.421882817970053337e-01 8.456958303818831180e-01 8.351247081248777127e-01 8.329069139258815646e-01 8.408431110896280591e-01 8.376385518689598575e-01 8.280199222754403010e-01 8.356137880480822844e-01 8.352837376372335143e-01 8.374867228847947542e-01 8.336859212665368446e-01 8.369230709031887372e-01 8.333542230737069900e-01 8.343714223699040256e-01 8.356390000460386380e-01 8.334356535797704524e-01 8.310096096760151152e-01
2.131090686040539028e-02 1.275837073155822454e-01 3.356761664250378918e-01 5.709599484709051431e-01 4.444149590825908769e-01 5.118568428812269033e-01 7.313666488618791872e-01 1.000000000000000000e+00 7.405923418023538929e-01 6.751100198553940945e-01 7.491902183880467803e-01 7.970571878113833497e-01 7.047406648469086710e-01 7.193195460288114296e-01 8.163073397580209445e-01 8.106563545100434753e-01 7.346967517565257122e-01 7.739769081834706466e-01 7.771390700271962881e-01 7.627251587022676471e-01 7.879599068546598861e-01 7.834176359384783517e-01 7.760266928901885519e-01 7.862327882394140044e-01 7.862670681802222949e-01 8.005245014362972755e-01 7.756380676029681620e-01 7.931860680001081576e-01 7.774859547683133920e-01 8.040577749158767107e-01 8.137538702865694251e-01 8.137081769576756107e-01 7.807546819728162779e-01 8.087696822425445298e-01 8.013644907770048897e-01 8.043879002276140833e-01 8.076242857869615488e-01 8.137671285330231319e-01 8.220107166166215062e-01 7.922699220462106062e-01 8.122496682139415114e-01 8.109928263609872401e-01 8.222339381467722585e-01 8.211444331437574018e-01 8.172718001772063534e-01 8.188073021500784643e-01 8.151449075278373035e-01 8.189345324929012682e-01 8.172935437587784957e-01 8.189394031924857043e-01 8.209921412393841322e-01 8.017131519916630422e-01 8.067701841972344523e-01 8.168286635014250230e-01 8.225541194037669923e-01 8.205680457346097301e-01 8.253862802973224166e-01 8.188987878328406467e-01 8.226628249636169787e-01 8.212519231291851574e-01 8.251559755011977915e-01 8.239014934851490723e-01 8.267870860889870999e-01 8.216231487921801246e-01 8.184841643965788949e-01 8.214399942367347496e-01 8.220991147793652587e-01 8.234710274377288197e-01 8.211939685134612699e-01 8.271483408549054062e-01 8.262802041520587171e-01 8.225246992375591093e-01 8.179390811376130443e-01 8.223641039494061777e-01 8.199775326813394383e-01 8.167088164268021533e-01 8.170704511992653574e-01 8.101058658570290394e-01 8.158568422409387955e-01 8.176706374605566818e-01 8.174094845369636042e-01 8.210789282064016037e-01 8.267798445744264368e-01 8.163104640468155093e-01 8.226779751449591060e-01 8.233994148967733739e-01 8.255556717052631166e-01 8.244279335584575596e-01 8.240906351782545380e-01 8.197376203114601356e-01 8.189507418781769577e-01 8.242199633444604601e-01 8.228095503717608450e-01 8.249701548031058707e-01 8.224601558543027657e-01 8.214731131199968228e-01 8.244359078614226233e-01 8.236872070691454439e-01 8.288640867175678384e-01 8.252081903416991215e-01 8.278778827218040703e-01 8.283389339585485178e-01 8.207290206390749354e-01 8.299910790287782225e-01 8.238323576436915596e-01 8.244091014367466164e-01 8.260171751632402470e-01 8.180859271527548549e-01 8.232280080480610662e-01 8.230623500935355663e-01 8.261627683317115389e-01 8.226175947172356118e-01 8.251214669191372364e-01 8.271660537319246442e-01 8.246560573622805368e-01 8.208349366225496935e-01
4.519300443430281783e-02 1.696712082727505067e-01 3.411017247792275109e-01 5.643563645127447348e-01 4.662509468965695958e-01 5.491823350071419751e-01 7.362462831041726163e-01 7.405923418023538929e-01 1.000000000000000000e+00 7.475446777186582903e-01 8.088753551890891513e-01 8.452264156606988932e-01 7.736633139933076775e-01 7.673700435489979599e-01 8.559666251298171380e-01 8.580653951411789659e-01 8.103882198582703644e-01 8.087810482820441127e-01 8.197267299248433003e-01 7.900805909137532668e-01 8.161784982675763800e-01 8.190556420119279313e-01 8.149598335654183456e-01 8.232646552507650872e-01 8.358110403002737554e-01 8.505008737032518917e-01 8.424437870022584152e-01 8.494767804035044945e-01 8.399627865432895968e-01 8.729377088611398605e-01 8.779064655837421904e-01 8.639985216409421520e-01 8.308960381774039838e-01 8.618867277029566010e-01 8.659298009126596973e-01 8.501129516928995766e-01 8.657969137084984279e-01 8.673329258852124912e-01 8.710621828515272558e-01 8.211128955223058190e-01 8.743874423458309897e-01 8.678277293883424059e-01 8.613732472791835182e-01 8.782240546268977877e-01 8.658625061668305811e-01 8.697807998447668609e-01 8.844730041351032135e-01 8.896595948395796816e-01 8.866163289839424921e-01 8.723216201841502704e-01 8.791970688649889398e-01 8.630135663316530481e-01 8.738259771679667276e-01 8.888802583097817900e-01 8.844554413212504240e-01 8.769929177638010609e-01 8.911006369576968122e-01 8.845593919217443757e-01 8.844684092114951657e-01 8.924378358624758256e-01 8.883234892771085800e-01 8.895757048972992020e-01 8.870017708961639435e-01 8.891678117924041169e-01 8.878958151829698942e-01 8.915385928132605331e-01 8.899933399183240779e-01 8.860686120162720725e-01 8.801567094634943356e-01 8.850600728291144748e-01 8.820250815135028954e-01 8.844386460458902866e-01 8.716149966744261013e-01 8.795487505104204740e-01 8.836616557553377271e-01 8.831962311255142639e-01 8.772118811448026410e-01 8.749840277932150467e-01 8.781078215565047973e-01 8.865296817272079188e-01 8.838744791682482393e-01 8.875756993249047655e-01 8.842254210807845016e-01 8.810633512798117239e-01 8.745374097900372456e-01 8.807395611113126854e-01 8.842161364918507127e-01 8.827800593168282361e-01 8.826094889577890124e-01 8.813799242918952670e-01 8.689217000812776703e-01 8.832138229388823980e-01 8.822078955559607971e-01 8.847110853946255071e-01 8.886637540644769517e-01 8.898254192735480794e-01 8.729004857391546857e-01 8.878913998573485511e-01 8.871404627021154399e-01 8.830187200896271182e-01 8.819459606981077116e-01 8.880721921965083476e-01 8.866199804915947391e-01 8.886370405011644324e-01 8.873239943884958514e-01 8.909770152780784880e-01 8.913546386739495953e-01 8.879015951929395412e-01 8.882130415211779706e-01 8.905645459707632883e-01 8.861556359889497525e-01 8.936085079460727165e-01 8.898823844684445872e-01 8.917452048973565359e-01 8.918577818113907485e-01 8.917086688265335459e-01
2.715871153683021427e-02 1.683803775563825766e-01 3.344940868517336519e-01 5.428025434995096266e-01 4.147727882498857266e-01 5.254441374109952712e-01 6.973381141749033230e-01 6.751100198553940945e-01 7.475446777186582903e-01 1.000000000000000000e+00 7.417648341044552618e-01 7.858578830570956963e-01 7.214408465194549480e-01 7.118763720310709031e-01 8.030476709375384825e-01 7.887796943379397074e-01 7.405316056039442651e-01 7.511462743647886464e-01 7.593418506318161398e-01 7.246485600118182102e-01 7.556801254645268973e-01 7.624537760061633751e-01 7.559839641542601685e-01 7.535134965945664565e-01 7.666343052023522064e-01 7.908485582440893946e-01 7.779335287870713378e-01 7.933632864347219815e-01 7.808172957006609405e-01 8.097240671487272445e-01 8.120616848725529247e-01 8.062884664566976056e-01 7.749311523416873015e-01 7.982238275149502460e-01 7.972666182420273806e-01 7.898834489090257316e-01 8.040253667334971155e-01 8.081222740882972877e-01 8.142506868959178412e-01 7.760024311413198372e-01 8.113321537125673943e-01 8.120078476597381023e-01 8.037466179221340878e-01 8.183965505516691552e-01 8.059778251134510629e-01 8.110538805282410113e-01 8.235045249218130303e-01 8.256890378928012364e-01 8.215078761785314931e-01 8.063540744733356247e-01 8.163831992849476249e-01 7.967010568295094242e-01 8.094006258236743356e-01 8.218688349927490977e-01 8.176313980729208453e-01 8.159052090372127530e-01 8.187396367076246184e-01 8.166527633723316137e-01 8.198282312926660209e-01 8.260953958889540871e-01 8.211836410237315365e-01 8.240948858524071996e-01 8.187953550905404665e-01 8.192654711116950095e-01 8.182905909740291195e-01 8.206411264713268094e-01 8.239617256118796362e-01 8.226816270168814116e-01 8.202179718856421609e-01 8.198908347297617638e-01 8.191811316453146974e-01 8.217492073240794115e-01 8.081805590415470641e-01 8.141546235858519998e-01 8.246212607363165858e-01 8.221812452412259331e-01 8.208112870439862041e-01 8.159525273402307155e-01 8.180725520462800437e-01 8.243176899705539906e-01 8.221586343908817707e-01 8.270379909839480348e-01 8.195114259830666992e-01 8.225372054001953703e-01 8.161624302233020378e-01 8.193288329433826567e-01 8.219153710578634975e-01 8.222197252621806784e-01 8.226149663683116620e-01 8.204459473301057848e-01 8.145024054261224000e-01 8.243901145320249313e-01 8.215648130722431608e-01 8.246447465198186721e-01 8.240884549568255890e-01 8.261949118018951932e-01 8.090982624921244648e-01 8.173156435720204671e-01 8.222746162069933806e-01 8.226838116447777738e-01 8.214669546725877902e-01 8.203116233293455961e-01 8.201318271656032888e-01 8.227164220706990605e-01 8.207753705719422754e-01 8.221587977805714376e-01 8.256172439198914415e-01 8.266030226157636829e-01 8.259331381888795898e-01 8.259480557849209204e-01 8.237837743927418632e-01 8.268808241442514584e-01 8.247355704358192430e-01 8.246006321863520450e-01 8.245371322567393024e-01 8.220686383314012025e-01
-3.754166156986292208e-03 1.562404409633406932e-01 3.572694587610517059e-01 5.849180797213964222e-01 4.653392761678666334e-01 5.591699837866694889e-01 7.719280982338089236e-01 7.491902183880467803e-01 8.088753551890891513e-01 7.417648341044552618e-01 1.000000000000000000e+00 8.615768668382224327e-01 7.779633113788373411e-01 7.748170237468238186e-01 8.699678062549970337e-01 8.610065027471330845e-01 7.858020825188952729e-01 8.290340284862022235e-01 8.336415423057887963e-01 8.092354533593694166e-01 8.432735214407715008e-01 8.383560594235889285e-01 8.364958988180271060e-01 8.425824923135271094e-01 8.457523323869480247e-01 8.622274938025883406e-01 8.491033284435639539e-01 8.639981026280011411e-01 8.496031185410563014e-01 8.774996348878288943e-01 8.908789680181289361e-01 8.817425583288549529e-01 8.547289921989899009e-01 8.736029496927678606e-01 8.664011432451924621e-01 8.570120078101585159e-01 8.742926440186388204e-01 8.803694316120919128e-01 8.834662589937425370e-01 8.560872346474905914e-01 8.838076061834545527e-01 8.773994062424171902e-01 8.766606158313309249e-01 8.849293281721388738e-01 8.793378038582139178e-01 8.829076831333159125e-01 8.860578314064601058e-01 8.869138158968014052e-01 8.861082269746184403e-01 8.801445399113434487e-01 8.899598774462220696e-01 8.716266922317832400e-01 8.721434679285768876e-01 8.844772803454037380e-01 8.820477752284245909e-01 8.885322345523565257e-01 8.831828295315586885e-01 8.831578455667231653e-01 8.870208807173132204e-01 8.870648064009569733e-01 8.887815368594861321e-01 8.854743536578630891e-01 8.853868869434068367e-01 8.803319052993856531e-01 8.803901391686520528e-01 8.849484119181260100e-01 8.896886522353331106e-01 8.919811254879551621e-01 8.902570009521193484e-01 8.907198056873777414e-01 8.905407008099450739e-01 8.881104928896258466e-01 8.853513862703162873e-01 8.880158723179873981e-01 8.899132640798013139e-01 8.865327134726826985e-01 8.864018709802909957e-01 8.815752316406849642e-01 8.845339328496609754e-01 8.898228306393072273e-01 8.903841801625763663e-01 8.928454145228952310e-01 8.904079233851878161e-01 8.870711382506337728e-01 8.896349187938930037e-01 8.918733063042700859e-01 8.916915185800030619e-01 8.922662786396828860e-01 8.919065131649892564e-01 8.880481277844475274e-01 8.903292285155879338e-01 8.931452528330258156e-01 8.894880967289359175e-01 8.919669460236446801e-01 8.911911176102766952e-01 8.903203951057727661e-01 8.871945523288239377e-01 8.843773898962152824e-01 8.912365933062206258e-01 8.929223010712556974e-01 8.931037242878890892e-01 8.894947960964751932e-01 8.878627027763977830e-01 8.926612429973396212e-01 8.903408259673870617e-01 8.867088329971606342e-01 8.916121225636374215e-01 8.879179642016042928e-01 8.894867545152534971e-01 8.895844884925644402e-01 8.905090526127195094e-01 8.898351758804815548e-01 8.906275359850562845e-01 8.904047607583066570e-01 8.871661671467779842e-01 8.891148010500707910e-01
1.739034215563291241e-02 1.527258830159170799e-01 3.779837334987344311e-01 6.214961560269560703e-01 4.854550444580993385e-01 5.825357195834095503e-01 8.091451452329931904e-01 7.970571878113833497e-01 8.452264156606988932e-01 7.858578830570956963e-01 8.615768668382224327e-01 1.000000000000000000e+00 8.227405065790134309e-01 8.272149662966890027e-01 9.204091460271460745e-01 9.139590062191254027e-01 8.407960353051161517e-01 8.734440119072182096e-01 8.770027983110288972e-01 8.521369212644553937e-01 8.833618655636263917e-01 8.865710967673084975e-01 8.790980492174540473e-01 8.853833755115672055e-01 8.897699885847671908e-01 9.106009413998227275e-01 8.945296719684495690e-01 9.147806679426808696e-01 8.993657559468335450e-01 9.265564307603323391e-01 9.385052806362966793e-01 9.257852538909524531e-01 8.940121440051654877e-01 9.204994183668754326e-01 9.143573977772988526e-01 9.081308683987071584e-01 9.244578048028467832e-01 9.266122295085295058e-01 9.364575348742091299e-01 9.007647929266868747e-01 9.322466043138906144e-01 9.305254449477001755e-01 9.305171469110230520e-01 9.398504354596782795e-01 9.326310320275604804e-01 9.330443622514927871e-01 9.403933467080431985e-01 9.407171044862133735e-01 9.388253678659685963e-01 9.287588370785909708e-01 9.387541864391183433e-01 9.229387244305893301e-01 9.278914839133188819e-01 9.387715741798196012e-01 9.371795205209184632e-01 9.386195467970183115e-01 9.382744733537546900e-01 9.393355776872150953e-01 9.415441786290119630e-01 9.426879998630105506e-01 9.430813952981357273e-01 9.423296331815673721e-01 9.396731900343727739e-01 9.364139928842849514e-01 9.340906182059421914e-01 9.402471230365906374e-01 9.434987393980899251e-01 9.447485108486008976e-01 9.417892702809674832e-01 9.456359642975622481e-01 9.429298260682998922e-01 9.422217568253113962e-01 9.358303915374933668e-01 9.398146407310183914e-01 9.436022574365426907e-01 9.415438633079209474e-01 9.382925815311369266e-01 9.366011730819727710e-01 9.375640162842039382e-01 9.414945754269037348e-01 9.417403736779000889e-01 9.450383667514608010e-01 9.408968151938137403e-01 9.388379970166518262e-01 9.382476073432263197e-01 9.417468308325750437e-01 9.442432977500668789e-01 9.422191311533942848e-01 9.438020523625301195e-01 9.411457919544541362e-01 9.387122165548545949e-01 9.443031011785664175e-01 9.428695293706850222e-01 9.446730244943968291e-01 9.450445451362298188e-01 9.445235044680582170e-01 9.363495430041434142e-01 9.378835133949385838e-01 9.438954968193884465e-01 9.426759435378665453e-01 9.449608042580099898e-01 9.421211002182114935e-01 9.413202009533012671e-01 9.466187302484346811e-01 9.439004115911762138e-01 9.396407629074446932e-01 9.448406054732370052e-01 9.431490984762065377e-01 9.443618849628961920e-01 9.443751962649391540e-01 9.442220224231689940e-01 9.445570921033723533e-01 9.451382780235020320e-01 9.444925988439996090e-01 9.429737129941400120e-01 9.419873941111875926e-01
1.515553891298882351e-03 1.339594127955996972e-01 3.237832345258954692e-01 5.527190358053292174e-01 4.642124266761743501e-01 5.270007237221053797e-01 7.358288360253905092e-01 7.047406648469086710e-01 7.736633139933076775e-01 7.214408465194549480e-01 7.779633113788373411e-01 8.227405065790134309e-01 1.000000000000000000e+00 7.548674710328372450e-01 8.354262190572927516e-01 8.351736125403125266e-01 7.637059451422637535e-01 7.826732788668147034e-01 7.962539173994096497e-01 7.646061191516477784e-01 7.843119518864506423e-01 8.005398072810397947e-01 7.964391750528295733e-01 7.937187467217685644e-01 8.106259032901328432e-01 8.258552234596993058e-01 8.180284052541352269e-01 8.307544229026578853e-01 8.096749710378025044e-01 8.419666127019379553e-01 8.496493611759909914e-01 8.382954936206385987e-01 8.061330992573663146e-01 8.322011171264021012e-01 8.297897499282225198e-01 8.173704597173870878e-01 8.429920026633153096e-01 8.361714854323134549e-01 8.508655788350819593e-01 8.145306998790797781e-01 8.516485822485850843e-01 8.465955306278291070e-01 8.421673994241550831e-01 8.548345822475157396e-01 8.464665699574503988e-01 8.501788238664055308e-01 8.604089593400138236e-01 8.595241093122985010e-01 8.560615746300006546e-01 8.387920673008515404e-01 8.511965908121328361e-01 8.424247866276004526e-01 8.477624020357271695e-01 8.572572166724152787e-01 8.526250922420925971e-01 8.553341979533126693e-01 8.506866431316694177e-01 8.585671907265448599e-01 8.565421298472984946e-01 8.614086668703194727e-01 8.618931789592144677e-01 8.597444474036114448e-01 8.534915284928970003e-01 8.561803170762727344e-01 8.531074749948474034e-01 8.565153240277016966e-01 8.621231281438833660e-01 8.620264875875919275e-01 8.595696496593294711e-01 8.596130392107366180e-01 8.598745538081628004e-01 8.615476683688531034e-01 8.495973038812937306e-01 8.570281586655318362e-01 8.619399254899376972e-01 8.596309728583718668e-01 8.587917104441403771e-01 8.516032623938677437e-01 8.578867475484233118e-01 8.597395773060908519e-01 8.599667744081627152e-01 8.642882191896530397e-01 8.561162385213166859e-01 8.597431141701646906e-01 8.518870311515146510e-01 8.572875612041732651e-01 8.601727806092632767e-01 8.607088115211627422e-01 8.618024253496073817e-01 8.598894346530233657e-01 8.558958497986649538e-01 8.636866402966261180e-01 8.607721078486081367e-01 8.624303493526063180e-01 8.640679293445492348e-01 8.648771018897403184e-01 8.500819578536001897e-01 8.537584993904957509e-01 8.613137001305413154e-01 8.593191665077813957e-01 8.615434823593275393e-01 8.603687084886415537e-01 8.616076713540050669e-01 8.646865289151745015e-01 8.605572827983698492e-01 8.562580044429056736e-01 8.620172688832303809e-01 8.657614446095583949e-01 8.648003692021801747e-01 8.656428327842664583e-01 8.620588410632354925e-01 8.659615097012455243e-01 8.635363909319054843e-01 8.622446010989347487e-01 8.611028276768381007e-01 8.613321046896553757e-01
