1.000000000000000000e+00 3.283817262198707732e-01 4.078988978042537017e-01 1.685613280139665326e-01 2.892611529421715288e-02 2.757410003743602372e-02 3.249267855386615833e-02 9.082150520548851191e-02 2.901185003258028305e-01 2.078978063853290370e-01 1.544930719195410085e-01 5.972641894397012069e-02 6.372814868288912207e-03 6.098752512364094547e-02 3.361455879079133791e-02 4.460519644788712296e-02 2.928013777555464325e-01 4.144215403018259303e-01 3.363445610857635493e-01 3.827692625347879352e-01 4.418354185740622220e-01 3.896678153173622206e-01 3.523114356108967837e-01 4.337871362988391377e-01 3.713965305701510400e-01 2.306554836078895387e-01 2.469107981014403430e-01 2.337752525073438226e-01 3.154287651997760289e-01 2.846378666620775211e-01 2.369167451431545557e-01 2.407393164370428551e-01 2.342839782264212189e-01 2.679993420873657550e-01 2.783138493079328479e-01 2.271526089817618443e-01 2.235029040746368545e-01 1.551288340352574013e-01 1.326449224605724120e-01 1.018865733915927524e-01 1.584072530424048553e-01 1.219881474045680092e-01 9.185152743199505310e-02 1.122004867464539563e-01 1.443867927345104385e-01 1.088502009980458901e-01 2.319183273765025588e-02 4.269192657941578428e-02 4.230880408021956557e-02 1.288547601480868887e-01 1.141704216295292840e-01 8.017727461559476243e-02 6.083679927328752152e-02 8.119148690325693474e-02 1.175732132213339193e-01 1.409466828698362206e-01 7.190037179668096190e-02 9.027301399478282473e-02 8.263813799464597709e-02 4.815105900324764820e-02 3.937569077244772869e-02 5.956121893835625292e-02 7.294371428011656167e-02 5.658108598074661905e-02 9.702581475579449832e-02 9.395112573025365954e-02 8.424936173963108732e-02 1.283911778104281920e-01 1.481734286654136090e-01 2.008939024752693092e-01 1.875767493867935010e-01 1.575459917965218171e-01 1.805729245845706099e-01 1.913995710349689350e-01 8.247121934099149732e-02 9.823087181556808267e-02 9.943898018504383762e-02 1.302747270914973721e-01 1.255445044885960815e-01 1.473172842102394575e-01 1.452346789268082472e-01 1.021642696764575309e-01 1.036157914562822052e-01 1.373359030627666899e-01 1.002496253819473576e-01 1.400049881700448362e-01 1.054998525429769463e-01 4.656670923464630713e-02 5.836619009383899048e-02 5.714578965430632679e-02 6.164868088139455193e-02 4.783082076774915897e-02 7.658216248953890470e-02 5.358718803348488241e-02 1.505297996805248124e-02 2.697096786937439386e-02 2.393990099397254670e-02 5.024900789537177503e-02 1.141188766968041432e-02 3.739049367167402577e-02 1.474715095949058995e-02 1.959681269536175940e-02 2.307606547122996107e-02 3.999524356885089671e-02 5.770413234357076038e-02 2.746409095722223900e-02 2.465925762951278258e-02 3.914563484913777258e-02 4.442137459237732733e-02 3.153537086707585563e-02 1.673857985443653884e-02 1.997464436198030310e-02 9.063919664817938690e-03 3.238581031984431174e-02 7.264458892802293233e-02 4.135323457529156005e-02
3.283817262198707732e-01 1.000000000000000000e+00 2.559702000222182638e-01 1.246006234832993803e-01 1.036537552827892505e-01 8.424283211697354556e-02 1.381776510982435091e-01 1.702175078634509120e-01 2.782072548092194286e-01 2.626380429638164871e-01 2.126723091612587879e-01 1.481575261444264269e-01 1.360428026169449578e-01 1.695530257237465310e-01 1.620781469825247900e-01 1.744103466968341676e-01 2.650238494072112427e-01 3.226331688981939338e-01 2.840676645923775889e-01 2.796167360318047579e-01 3.233470236063163417e-01 3.182489321302867658e-01 3.222335521368092093e-01 3.161320881433160590e-01 3.135549795230038739e-01 2.838486915239896713e-01 2.736460918890088467e-01 2.712086283343874693e-01 3.083606112232031848e-01 3.029974525575098721e-01 2.865527010200184521e-01 2.629782472317641062e-01 2.707858839958862118e-01 2.705134954057954455e-01 2.895536619473806916e-01 2.468510608619910729e-01 2.570519993472352160e-01 2.332702564144797097e-01 2.306488224928297526e-01 2.008116225938650634e-01 2.356387244768496370e-01 2.113198457542947717e-01 1.969090248243379471e-01 2.081398658276421287e-01 2.248435576842873207e-01 2.214317293195599001e-01 1.582433311032518108e-01 1.790222204325346012e-01 1.678220938920058358e-01 2.026338353047872631e-01 2.075241916770952100e-01 1.645926653000159279e-01 1.659307990669767197e-01 2.020235909100982774e-01 2.238443153460184520e-01 2.354572021604491860e-01 1.759802982498826218e-01 1.961140067899601602e-01 2.004890410425220204e-01 1.712404945397777434e-01 1.634519310840873985e-01 1.822498315916433742e-01 1.918305837355376020e-01 1.652249778303226113e-01 1.912429317803502893e-01 1.888185832057487634e-01 1.913585774828611974e-01 2.129464086940680567e-01 2.306828027212007304e-01 2.389803638951158715e-01 2.441417924138924167e-01 2.273939522227977905e-01 2.333169339910222684e-01 2.372709482095213540e-01 2.005839276417098749e-01 2.027603879110572438e-01 2.100252171421150282e-01 2.231908844206702269e-01 2.229680951349692075e-01 2.392389231908920999e-01 2.320428319609055545e-01 2.133783642363195066e-01 2.091706874668942673e-01 2.309735373977597483e-01 2.041605832379633778e-01 2.178307910003111081e-01 2.072226185290426403e-01 1.796082859523186193e-01 1.866604808281342176e-01 1.804196590413180146e-01 1.817501699891369837e-01 1.791998724907082619e-01 1.900905996635669226e-01 1.824677061764087838e-01 1.584997354232675904e-01 1.655066425629942162e-01 1.525698677502002887e-01 1.643652769925876278e-01 1.565257018304756775e-01 1.686569571868943851e-01 1.542744172169391581e-01 1.589121577315184553e-01 1.532920623403680460e-01 1.674775192929209011e-01 1.716409225319796283e-01 1.553093788958667676e-01 1.603844300082586938e-01 1.752864349577281378e-01 1.827172598567054496e-01 1.651425503330128663e-01 1.637035215394488097e-01 1.574012985124833008e-01 1.560058085426493379e-01 1.607393549429638469e-01 1.849734110917356233e-01 1.680340850531208130e-01
4.078988978042537017e-01 2.559702000222182638e-01 1.000000000000000000e+00 4.333778474875392139e-01 1.652305811897566701e-01 2.235844081816757423e-01 2.772314946069118768e-01 3.088062256256630111e-01 4.609400197686248091e-01 3.878796636935659681e-01 4.296496603130720016e-01 3.512495539641556919e-01 2.553637616287003365e-01 3.303492260236713940e-01 3.162025259964791890e-01 3.396834176529533456e-01 4.675221725734304279e-01 5.579878687668017312e-01 5.400785218261026088e-01 5.061073816517211998e-01 5.843391225698535418e-01 5.910383584488040354e-01 5.185464749159420794e-01 5.746546312512913479e-01 5.662986683295698764e-01 4.409281151276792099e-01 4.842147206348036415e-01 4.561748483180235181e-01 5.113966398427146620e-01 5.219389895963172377e-01 4.703766342341306750e-01 4.875198455547065102e-01 4.681946571362700094e-01 4.829310834702715827e-01 5.055147080211409572e-01 4.654836397170541429e-01 4.569279497896181486e-01 4.163778589558663201e-01 3.941684885320856369e-01 3.731810768173665083e-01 4.256728644988009846e-01 3.879454743159352903e-01 3.747545731538238223e-01 3.944968578966102646e-01 4.167733971115629155e-01 3.766399209784407343e-01 3.222125636119574366e-01 3.323379999614294311e-01 3.448434102398181822e-01 4.067182453706604806e-01 4.031734742425687190e-01 3.645725372489826421e-01 3.533346569303886242e-01 3.587033493367287607e-01 3.897151179729371195e-01 3.939791816555274773e-01 3.688146790480845150e-01 3.762664909913093769e-01 3.720810932516256386e-01 3.403836930622959334e-01 3.424674935662462838e-01 3.497869031991674982e-01 3.642825829607628796e-01 3.496261451658680408e-01 3.706053669210841450e-01 3.760050759849525304e-01 3.713051755478692373e-01 4.129386052411564423e-01 4.262974878345908158e-01 4.568554896009259791e-01 4.656771778789965954e-01 4.404666593514143247e-01 4.419081556423695156e-01 4.594644535553735198e-01 3.690518833333284454e-01 3.908034789473940895e-01 3.825516611389631061e-01 4.064343924085508375e-01 4.072745999625772551e-01 4.247647517289135366e-01 4.208456258348343693e-01 3.806464249631991148e-01 3.795795512224910961e-01 4.181957951027737153e-01 3.879591819438151790e-01 4.113515180953729033e-01 3.852489410931529412e-01 3.487918940454955985e-01 3.495863981897568973e-01 3.438065996505151878e-01 3.585475903483790749e-01 3.477132215646300262e-01 3.692086239008845472e-01 3.490959788655733087e-01 3.204676023559266951e-01 3.288944397225171956e-01 3.341182239438386659e-01 3.397717983929964269e-01 3.215359581866210625e-01 3.429270748744824848e-01 3.250957580171461303e-01 3.278287008484633280e-01 3.262835922589100712e-01 3.410599220332833359e-01 3.501077197724127288e-01 3.302097403949392218e-01 3.285193512149794381e-01 3.324138725760475976e-01 3.397391045630175910e-01 3.342240887659683191e-01 3.253013983371376705e-01 3.224865631456125814e-01 3.172485077073071702e-01 3.278000579433627548e-01 3.600092799981864933e-01 3.395196617140703865e-01
1.685613280139665326e-01 1.246006234832993803e-01 4.333778474875392139e-01 1.000000000000000000e+00 2.858691987218555108e-01 3.783275436477842035e-01 4.982895366645728741e-01 5.179035550565590507e-01 5.569005034482849004e-01 4.489370104308315623e-01 5.666000890108380261e-01 6.335739199131206201e-01 4.468370190331156788e-01 5.248485300759283545e-01 5.581226371913846629e-01 5.606777998153358311e-01 5.543029513197963443e-01 4.977437693923436046e-01 5.396878711758377190e-01 5.599477479119407963e-01 5.450020707380454077e-01 5.720417361614520413e-01 4.905610745721423194e-01 5.285750464482543709e-01 5.615632385676017080e-01 5.174088618553778218e-01 5.702601051630356022e-01 5.357933972261931244e-01 5.430491390970221266e-01 5.843155222838484208e-01 5.511290886302874226e-01 5.764485610275478233e-01 5.217801183283948818e-01 5.445157740858346251e-01 5.380428381886688260e-01 5.925427056082843702e-01 5.467848322550337148e-01 5.768239300099611278e-01 5.293177473202667072e-01 5.540892040371747651e-01 5.808166909585708026e-01 5.731465093243470754e-01 5.922934879787933315e-01 5.836350124896630964e-01 5.771806663568808116e-01 5.307365299689715821e-01 5.343417584845246981e-01 5.402444476671378615e-01 5.622706119373518385e-01 6.027314492464033169e-01 6.029339011866353681e-01 5.960507321363456290e-01 5.726087159093243839e-01 5.345837221334124312e-01 5.362841147746547632e-01 5.234166650354642458e-01 5.802865849035139245e-01 5.739109414327977499e-01 5.625001073033030208e-01 5.534008945667379109e-01 5.711322380735214255e-01 5.627623236387541139e-01 5.621282272263918856e-01 5.836414061565264877e-01 5.542950900133878367e-01 5.756394014609929055e-01 5.644332790768196162e-01 5.717371877307599881e-01 5.652528773478237012e-01 6.150563014760171976e-01 5.935221295711565759e-01 5.903993707609291874e-01 5.701277976571310635e-01 5.965128419915132207e-01 5.542235980945579010e-01 5.645838275663370709e-01 5.492501131365876699e-01 5.636017799773124226e-01 5.722051675777973800e-01 5.802050387219358507e-01 5.674941522328688093e-01 5.483188572279030781e-01 5.526538583153174367e-01 5.592720865058870006e-01 5.706491108080747887e-01 5.655964632906462786e-01 5.537955621302906861e-01 5.668863565966881790e-01 5.379871960868292113e-01 5.509667452203190763e-01 5.537225607362131763e-01 5.605717487856318737e-01 5.580440524495473564e-01 5.517322692267131456e-01 5.433187784671299481e-01 5.453102071194639855e-01 5.912302378163070138e-01 5.798437802645186601e-01 5.580069400464544582e-01 5.745156454842318405e-01 5.668161336512039794e-01 5.638268240556754129e-01 5.599414304560914601e-01 5.676768476766181903e-01 5.746995872540866523e-01 5.718253519436705679e-01 5.619836514078234702e-01 5.357915464577697184e-01 5.379718257244386903e-01 5.632068740309787991e-01 5.532442098284343635e-01 5.489040379383669510e-01 5.503750003866337837e-01 5.618904517297752532e-01 5.612188382055854907e-01 5.648427940406339776e-01
2.892611529421715288e-02 1.036537552827892505e-01 1.652305811897566701e-01 2.858691987218555108e-01 1.000000000000000000e+00 3.318005892813499780e-01 4.632221256589136305e-01 4.588021610222999258e-01 4.277359721838534523e-01 3.998354004234792591e-01 4.320164558961080981e-01 4.556348773234485949e-01 4.588966042081971675e-01 4.422306287289887727e-01 5.057343161265710485e-01 4.883914844169999214e-01 4.081778448081363475e-01 2.928268264503632312e-01 3.517536719212949747e-01 3.122808483000396040e-01 2.875445796783696606e-01 3.336418153114025231e-01 3.355485043589382932e-01 3.039926305552898000e-01 3.473370337612841641e-01 4.537407016988915798e-01 4.413347503117383552e-01 4.455864329477827734e-01 4.016313037128808605e-01 4.259715912666614535e-01 4.531849502232412341e-01 4.430960394596919483e-01 4.205128099194589408e-01 4.318551660856146390e-01 4.134553843937528450e-01 4.465258881265289914e-01 4.512388115160074209e-01 4.733851228387880306e-01 4.887468142112087466e-01 4.653929918627396911e-01 4.785945671116479949e-01 4.841252576702037014e-01 4.781099338236534657e-01 4.945889850922521314e-01 4.779359007796696313e-01 4.869709580307824970e-01 4.965744212705689442e-01 4.925391953764480801e-01 4.903325062597566064e-01 4.783178572051009492e-01 4.786680231676755382e-01 4.862004959112448677e-01 4.858120067367270867e-01 4.944373140613089745e-01 4.809395516304269536e-01 4.745609897566162028e-01 4.909177398472516218e-01 4.896783084300327937e-01 4.919704635674403415e-01 4.965639089182670718e-01 4.919813135893857381e-01 4.961543675982892365e-01 4.945875625974887058e-01 4.930416064055825887e-01 4.860340823460243542e-01 4.922659278565149621e-01 4.913307102021524098e-01 4.738985211986834201e-01 4.703257753078066150e-01 4.612274999557457456e-01 4.580627512261002954e-01 4.690819390832268732e-01 4.566356006220434471e-01 4.562309889526139917e-01 4.957546810973824103e-01 4.870273725742048643e-01 4.838001586465188186e-01 4.812647357854686336e-01 4.868439513292276977e-01 4.825467740420948393e-01 4.810430176273028935e-01 4.892314340879599932e-01 4.841988031104351720e-01 4.787688656259210251e-01 4.891654653642223405e-01 4.825556020998432727e-01 4.854967384880178871e-01 4.969730972102378574e-01 4.943955969102826753e-01 4.911543396276112916e-01 4.880337902241639325e-01 4.959007873995098792e-01 4.907974513759323365e-01 4.923486571123615874e-01 4.966032945001840337e-01 4.927966828960135270e-01 4.934289445992238177e-01 4.974674340030841857e-01 4.944077386915255445e-01 4.953792877406696937e-01 4.927389301924618437e-01 4.955566185470022811e-01 4.950405680774532247e-01 4.946120881271189873e-01 4.955749775617051545e-01 4.925370140149668563e-01 4.995253506002695909e-01 4.959264957631807635e-01 4.968910123392347722e-01 4.974696372347398032e-01 4.932030566817799944e-01 4.973253583926008914e-01 4.970984467476824986e-01 5.001888165590229196e-01 4.901760898174144510e-01 4.972770756367135281e-01
2.757410003743602372e-02 8.424283211697354556e-02 2.235844081816757423e-01 3.783275436477842035e-01 3.318005892813499780e-01 1.000000000000000000e+00 5.336332941152948095e-01 5.090312536321097703e-01 5.334174730289515942e-01 4.924736564895340063e-01 5.457767741347390178e-01 5.824171630213333950e-01 5.280671031323080911e-01 5.450046887604522716e-01 5.930357631662678264e-01 5.824985185758949635e-01 5.139950720869780332e-01 4.081399567863026046e-01 4.676116491882708059e-01 4.128311640188768172e-01 3.878575044736022881e-01 4.300988403492952972e-01 4.527040380500214622e-01 4.269595487007240564e-01 4.632727851508692818e-01 5.495712303814673794e-01 5.395739674473688519e-01 5.552086039035221132e-01 5.060311660006139300e-01 5.267738016080861785e-01 5.569763731803785145e-01 5.631741843813753423e-01 5.154233083999734122e-01 5.400495637081392797e-01 5.166204746261049419e-01 5.677029818798694505e-01 5.587446088923344600e-01 5.839034869507727654e-01 5.791007398127656636e-01 5.793065802541361720e-01 5.945793218733733676e-01 5.969122355737669361e-01 5.901824515402295246e-01 6.028400578307255842e-01 5.971856176832758267e-01 5.900589083777354471e-01 6.020237953882691118e-01 6.041325496540500550e-01 6.041490708409563704e-01 5.960407400123722832e-01 5.926289741097734431e-01 6.046424683171609527e-01 6.018783921197058406e-01 5.990845817343832813e-01 5.847122673077670418e-01 5.802391853289425860e-01 6.010662259044883271e-01 5.987183354070813035e-01 6.002940115250539055e-01 6.047657187725576922e-01 6.038330628997163885e-01 6.034488160646678256e-01 5.996587794322655318e-01 5.981108707773882260e-01 5.977325643499390440e-01 6.072414113090963683e-01 6.079096184703495220e-01 5.974223000349785373e-01 5.928631124107556216e-01 5.833658999118220834e-01 5.768981678731935903e-01 5.869367805271635818e-01 5.796528121016915058e-01 5.843294681159096893e-01 6.015762191976671280e-01 6.024754554959160791e-01 5.963875505226701179e-01 5.905530231709384958e-01 5.979189483908744496e-01 5.835790845169703811e-01 5.902883433778189914e-01 5.988180141273076185e-01 6.011574810415615255e-01 5.860550288732514490e-01 5.998627000855202285e-01 5.960501832451124971e-01 6.002977517924947826e-01 6.043552923383389563e-01 5.980546648593840775e-01 6.073217573801674707e-01 6.071642881261807290e-01 6.088212738818215009e-01 6.036942573540600154e-01 6.051281156006969031e-01 6.071341744334971535e-01 6.068090565669332914e-01 6.023634224202953913e-01 6.037008535635368656e-01 6.071710962419643032e-01 6.082248094672522143e-01 6.063891986882870011e-01 6.059258526857260740e-01 6.053903697085285529e-01 6.078953690072906868e-01 6.119065593597841080e-01 6.103887057363530655e-01 6.089243321453580160e-01 6.040708555698989235e-01 6.037951012744597890e-01 6.094174644855625544e-01 6.044832232220751500e-01 6.091004633979263394e-01 6.080276148159478034e-01 6.070364377146978407e-01 6.047689315764285256e-01 6.095852699797252860e-01
3.249267855386615833e-02 1.381776510982435091e-01 2.772314946069118768e-01 4.982895366645728741e-01 4.632221256589136305e-01 5.336332941152948095e-01 1.000000000000000000e+00 7.360690401078539002e-01 6.845079646524102612e-01 6.369537418268145235e-01 7.176948204612352278e-01 7.843374867433747788e-01 7.152858225842099182e-01 7.274721348816733935e-01 8.428698600190341894e-01 8.121188799589817986e-01 6.633381075895007362e-01 4.818458718964840903e-01 5.579643809189700487e-01 4.786925550570307886e-01 4.550794642355391328e-01 5.229404051042023660e-01 5.614713884094897356e-01 5.171071356330124713e-01 5.642261977715926635e-01 7.295580863782293868e-01 7.134147931402267107e-01 7.316172074161433336e-01 6.503737588485950516e-01 6.810788824973459388e-01 7.368339646896180373e-01 7.166950984584392614e-01 6.931207554642057067e-01 6.974840677489138052e-01 6.681458542537891399e-01 7.325132185684819497e-01 7.252729770637921236e-01 7.939521764172874363e-01 7.886139074742318789e-01 7.785953361330031353e-01 7.830700859374571943e-01 8.024153096635060489e-01 8.036571771086055138e-01 8.021759767456501100e-01 7.802174789616711514e-01 7.937769916850277996e-01 8.072736302458314306e-01 8.090123555486938844e-01 8.110798164132175803e-01 7.966976651269184195e-01 8.031451267286523477e-01 7.993856227249129809e-01 8.000861186403539493e-01 7.937202488778165588e-01 7.811659303497631157e-01 7.664838712252972641e-01 8.000035873281469145e-01 8.009255106519554968e-01 8.083018815613088881e-01 8.089708750790797209e-01 8.154276322128223287e-01 8.163553034270798481e-01 8.028554303171929751e-01 8.135806943426605597e-01 7.917902532838663188e-01 8.022644631873505627e-01 8.055734699745790151e-01 7.816466358458149521e-01 7.722103190102637127e-01 7.508300937229733796e-01 7.464968772688185261e-01 7.634199056890120794e-01 7.562525344440371722e-01 7.543022887966780443e-01 8.037433721502623696e-01 7.953900040514484404e-01 7.960776376608779126e-01 7.827125125511716908e-01 7.952298017257114493e-01 7.799120226785671850e-01 7.810158198200819468e-01 8.013055755701308236e-01 7.948399751645571776e-01 7.759658001212936806e-01 8.030431680214122903e-01 7.854105810916257591e-01 7.946799000464123131e-01 8.223654735604052357e-01 8.091899464980091272e-01 8.066602045868263016e-01 8.092186631086397686e-01 8.153857598643777793e-01 8.062733860277661035e-01 8.152131043961077239e-01 8.158220291782011246e-01 8.161164247494582247e-01 8.215978166716922937e-01 8.151417392957566177e-01 8.200791610172938340e-01 8.202117786892515472e-01 8.210260255872412483e-01 8.196426031091014197e-01 8.157767181994881600e-01 8.177802971001462140e-01 8.146291570331569698e-01 8.179858762152029117e-01 8.222113502449964750e-01 8.093446974988306453e-01 8.087439416340933551e-01 8.153410963465161920e-01 8.175352937114690466e-01 8.162060719359739425e-01 8.215462660167988096e-01 8.215059148652933407e-01 8.055072431674149547e-01 8.153552812682144380e-01
9.082150520548851191e-02 1.702175078634509120e-01 3.088062256256630111e-01 5.179035550565590507e-01 4.588021610222999258e-01 5.090312536321097703e-01 7.360690401078539002e-01 1.000000000000000000e+00 7.196583010491208743e-01 6.602903668239885615e-01 7.301742741555791172e-01 7.802742820825284698e-01 7.061748906671946324e-01 7.342129387185072353e-01 8.215124695347526540e-01 8.169413383887513813e-01 7.031265297181820140e-01 5.510198426545032113e-01 6.384844437434797904e-01 5.281335465706156196e-01 5.276905643063589668e-01 6.013874779295327322e-01 6.105370598683350636e-01 5.744746252455220636e-01 6.294890396787623521e-01 7.624393585658731931e-01 7.536674398262772634e-01 7.528295398376702030e-01 6.813521454570667935e-01 7.223257085495056184e-01 7.587975561111865996e-01 7.534390262686202488e-01 7.239470763274608034e-01 7.360117624842388295e-01 7.032068734353134065e-01 7.599290512049752255e-01 7.511597269495383644e-01 8.108172943058860049e-01 8.050705442111680821e-01 7.939239420808320569e-01 8.044436426138156238e-01 8.146469273908746311e-01 8.116071938028086574e-01 8.156367727331241824e-01 7.988222000025435587e-01 7.999073047064537700e-01 8.117104551142854119e-01 8.135334960142915905e-01 8.126517959179226924e-01 8.140581553526560210e-01 8.180511133635657295e-01 8.118626227895873182e-01 8.086792423352102688e-01 8.051499764869756159e-01 7.984541895953281010e-01 7.832571456186177006e-01 8.165011229658395431e-01 8.210987750196185875e-01 8.206408387961368067e-01 8.147550277600352775e-01 8.218319529588090644e-01 8.246010464175154153e-01 8.203794519156221154e-01 8.185317842537898070e-01 8.064197587863868311e-01 8.152606627527463345e-01 8.157862607878225703e-01 8.027024800876249033e-01 7.917294688856083562e-01 7.763334357701738853e-01 7.824795338861518790e-01 7.960743855579144324e-01 7.836538739555326538e-01 7.803264956361368743e-01 8.189213996133193341e-01 8.086116203832807159e-01 8.059518032110358776e-01 7.961233904958281427e-01 8.120431849469542662e-01 8.006830037859116178e-01 7.987478961879155293e-01 8.100043828681966485e-01 8.092987859511800997e-01 7.953727686015659160e-01 8.160340755033439475e-01 8.051664619334985007e-01 8.059228878077979719e-01 8.283551107774826949e-01 8.170758235989286078e-01 8.118704352857529782e-01 8.133155549970862985e-01 8.184500473795778275e-01 8.168691170880497676e-01 8.184928458119654637e-01 8.168226013944595021e-01 8.165697312731508006e-01 8.233967624490048376e-01 8.216869869111386171e-01 8.213821018195384127e-01 8.248444136849938380e-01 8.221933918734687374e-01 8.248168970735284544e-01 8.162512703411878290e-01 8.229411238041215437e-01 8.221037898023384471e-01 8.196660450206841864e-01 8.231855110576985490e-01 8.135471263767276584e-01 8.158342972055711018e-01 8.216761024893725063e-01 8.206544629978397287e-01 8.180044419597413130e-01 8.206391057685572532e-01 8.257240009027561056e-01 8.177954214267320054e-01 8.194604820099178344e-01
2.901185003258028305e-01 2.782072548092194286e-01 4.609400197686248091e-01 5.569005034482849004e-01 4.277359721838534523e-01 5.334174730289515942e-01 6.845079646524102612e-01 7.196583010491208743e-01 1.000000000000000000e+00 7.576385968115593172e-01 8.102957706577108565e-01 8.098199648394094341e-01 7.127491923949751396e-01 7.626131485345980510e-01 8.169581122373531512e-01 8.188091275320230622e-01 8.381213962116825789e-01 7.544164134093306329e-01 8.003009701086715166e-01 7.221440128037636130e-01 7.441155138497802524e-01 7.833292576731046841e-01 7.798642011769438831e-01 7.730741525405643300e-01 8.046115054875816464e-01 8.596669628459153722e-01 8.638014558054685210e-01 8.606831664093340661e-01 8.281777547310109622e-01 8.622640699122103847e-01 8.686340911609344850e-01 8.777842766864253354e-01 8.328298090166291745e-01 8.583470312791329215e-01 8.461993665096254613e-01 8.704363650406418129e-01 8.637568085753702940e-01 8.656877149607282718e-01 8.637493967209890489e-01 8.358666120747586525e-01 8.842669363703326013e-01 8.676779781247675460e-01 8.453247794276903537e-01 8.723385255629108048e-01 8.754713298424622314e-01 8.532579067120376060e-01 8.386264526526155949e-01 8.484066745509996066e-01 8.476203648362290455e-01 8.669259801206030680e-01 8.638299112504401744e-01 8.561903450698746809e-01 8.456095101401837066e-01 8.583595484106899542e-01 8.634514138482686230e-01 8.632836951004159154e-01 8.611807268749349653e-01 8.647041307926405240e-01 8.592232740031756633e-01 8.544548800507582031e-01 8.464201828543165274e-01 8.552461459810292155e-01 8.562763186321366016e-01 8.460459315790045398e-01 8.680444653356771401e-01 8.710525470183350105e-01 8.656653129256384194e-01 8.771234897009979603e-01 8.779233142076899865e-01 8.862466793655421338e-01 8.839573327358002386e-01 8.790388348963374954e-01 8.772102357205355805e-01 8.809609466986302317e-01 8.648948868370865961e-01 8.703751530381806933e-01 8.639472892349481237e-01 8.657133818708654394e-01 8.719243775084107861e-01 8.750664642202622412e-01 8.762379559016246766e-01 8.670371570046739862e-01 8.676491863781470304e-01 8.710522641295473933e-01 8.661612484296813408e-01 8.763229783662747074e-01 8.681622637919701457e-01 8.474620672187280768e-01 8.513382661761547121e-01 8.493775393331902679e-01 8.525788869074124587e-01 8.524980384447807813e-01 8.632280326198468190e-01 8.530841729486006164e-01 8.391097388936246126e-01 8.448517731381710583e-01 8.278378801927183117e-01 8.423922565407568896e-01 8.309063878764415545e-01 8.434797509599631926e-01 8.325398363673353064e-01 8.368298211551384869e-01 8.393631899976662369e-01 8.498120793217814883e-01 8.569835054851806522e-01 8.381380859839498987e-01 8.414823361099652566e-01 8.481417747737881596e-01 8.464189816693847845e-01 8.471841443233781854e-01 8.368205298137820769e-01 8.426563332931880090e-01 8.346531815017793621e-01 8.428442480753098875e-01 8.630774207324152236e-01 8.516559796999337850e-01
2.078978063853290370e-01 2.626380429638164871e-01 3.878796636935659681e-01 4.489370104308315623e-01 3.998354004234792591e-01 4.924736564895340063e-01 6.369537418268145235e-01 6.602903668239885615e-01 7.576385968115593172e-01 1.000000000000000000e+00 7.455335027017515603e-01 7.269671334386701433e-01 6.764643018985200262e-01 7.057274220377829366e-01 7.544986499714505523e-01 7.513731384095050370e-01 7.322225442918177674e-01 6.806826417367337623e-01 7.412272884195330036e-01 5.984805013665389639e-01 6.382429380230004723e-01 7.030251954923377733e-01 7.251893263319247884e-01 7.071768395274291574e-01 7.410073731481372494e-01 8.031579014569801833e-01 7.868716991390642956e-01 7.942353876817480618e-01 7.738692254053359809e-01 8.103514645509308778e-01 8.173668908606073202e-01 8.058716745916280066e-01 7.789107910527539591e-01 7.987060745297182018e-01 7.938098767644024001e-01 7.945204029075393359e-01 8.114604434428873692e-01 7.993517346784013711e-01 8.180053804986833210e-01 7.741603276840368641e-01 8.198164776693899203e-01 7.978578116217668326e-01 7.894774028291980938e-01 8.094126328295931927e-01 8.135317124808952860e-01 8.149697004555528368e-01 7.844239902809297948e-01 7.989161044470040052e-01 7.863823918133309165e-01 7.843849078552440623e-01 7.889242437938744912e-01 7.679412140470286419e-01 7.746285943357681392e-01 8.102709970404156081e-01 8.122287499027994739e-01 8.157353491267680390e-01 7.799793188857809811e-01 7.960028444960981497e-01 8.017754591617615167e-01 7.940577506378169170e-01 7.858478152227267310e-01 7.928479473767563457e-01 7.913123794901766317e-01 7.716177635589199779e-01 8.006600223596975763e-01 7.978391700625372396e-01 8.063344587078056236e-01 8.199101730692579526e-01 8.201675851680747531e-01 7.995657415394680223e-01 8.170163813717702395e-01 8.185228166222824342e-01 8.189848113501213556e-01 8.168664182764315829e-01 8.103818377847582521e-01 8.148073713523122930e-01 8.130025354707015595e-01 8.189296080010433077e-01 8.169937802056590481e-01 8.263803717426011497e-01 8.276829226512760762e-01 8.186029725430270521e-01 8.147482954050626613e-01 8.241472531364177900e-01 8.091125848422118239e-01 8.195234592063617152e-01 8.170852767783958193e-01 7.912598270168929027e-01 8.057233402413203072e-01 7.982837317392431631e-01 7.992399183787733952e-01 7.995170829144097047e-01 8.063699499556101769e-01 8.013938707486484292e-01 7.890788545720395231e-01 7.934725002893586732e-01 7.682565460461304729e-01 7.715524895763363755e-01 7.790862543356901204e-01 7.852595854530310948e-01 7.815372359696530769e-01 7.796674358535921057e-01 7.825357087963515923e-01 7.915557569259074056e-01 7.932996321144535345e-01 7.752248174946452242e-01 7.840047191925465508e-01 8.019800749926617733e-01 8.017927840678581441e-01 7.904068352140546372e-01 7.873901233116268328e-01 7.871597053947396727e-01 7.811335706239170840e-01 7.843275572934615969e-01 8.012982808478346097e-01 7.913596264343334408e-01
1.544930719195410085e-01 2.126723091612587879e-01 4.296496603130720016e-01 5.666000890108380261e-01 4.320164558961080981e-01 5.457767741347390178e-01 7.176948204612352278e-01 7.301742741555791172e-01 8.102957706577108565e-01 7.455335027017515603e-01 1.000000000000000000e+00 8.467804867739665564e-01 7.422150050246867359e-01 7.921700096315822393e-01 8.433087170679717248e-01 8.435311321370964066e-01 8.030915391774756662e-01 6.993046075275981543e-01 7.696649328877032126e-01 6.465475722605370512e-01 6.819747034234627803e-01 7.480054734318840604e-01 7.298673343824046977e-01 7.329180053449451115e-01 7.730291739259887995e-01 8.449224674620416931e-01 8.477615510922976716e-01 8.489098342957644983e-01 8.034779474590707515e-01 8.498557397711058448e-01 8.551848148138994077e-01 8.672905485299511330e-01 8.320246447273300650e-01 8.494035337151448761e-01 8.352133853846105405e-01 8.613902227467853390e-01 8.589539677014749186e-01 8.786196167581201699e-01 8.774132610629110651e-01 8.572177898988403433e-01 8.873123824705857476e-01 8.842530111664844705e-01 8.748815622383011581e-01 8.895789248117815795e-01 8.843374587389960517e-01 8.738891599715478131e-01 8.711010847925688694e-01 8.768357832464832580e-01 8.743656828524887237e-01 8.801095738902344756e-01 8.830489663925203958e-01 8.649002275226480574e-01 8.681883438361128746e-01 8.769529684893491162e-01 8.718304341051186235e-01 8.662611914182323236e-01 8.730050072435298070e-01 8.853521012870818607e-01 8.829989558152915308e-01 8.785069229985936756e-01 8.785060191282332287e-01 8.803208131844455497e-01 8.757617645920675598e-01 8.693421190024532841e-01 8.790984722356249836e-01 8.830163235931013377e-01 8.862823922061745519e-01 8.931990392461434114e-01 8.850905096101167047e-01 8.751553888646174117e-01 8.900336298675058933e-01 8.925711240511938760e-01 8.866495442050957854e-01 8.883504518539789840e-01 8.843694363639289513e-01 8.901181497667466358e-01 8.831878998165495487e-01 8.829891291614357929e-01 8.905209273878025300e-01 8.937913600265484648e-01 8.921390252414355126e-01 8.865971058919799308e-01 8.808493377997724805e-01 8.903677771179260292e-01 8.895620791620522105e-01 8.910492793171480574e-01 8.893919474271703152e-01 8.792675888871150924e-01 8.826546176125573684e-01 8.720089638184830294e-01 8.814285214977907179e-01 8.828265664670762458e-01 8.888593323146060099e-01 8.829189551733561681e-01 8.749472302004408508e-01 8.778761393643597088e-01 8.658986630349582159e-01 8.594590337646038636e-01 8.686954045035089056e-01 8.778987067135310962e-01 8.737391336308958367e-01 8.709907932846530088e-01 8.721798431195993961e-01 8.808346952864138935e-01 8.811275937502481836e-01 8.659079951321051460e-01 8.729927170114377688e-01 8.757027351664901094e-01 8.746904391949610336e-01 8.761447374370784358e-01 8.744194235522119163e-01 8.736093014466004281e-01 8.714615625395520926e-01 8.735915230520869823e-01 8.833186831421493412e-01 8.777192955597608037e-01
5.972641894397012069e-02 1.481575261444264269e-01 3.512495539641556919e-01 6.335739199131206201e-01 4.556348773234485949e-01 5.824171630213333950e-01 7.843374867433747788e-01 7.802742820825284698e-01 8.098199648394094341e-01 7.269671334386701433e-01 8.467804867739665564e-01 1.000000000000000000e+00 7.854387356383000229e-01 8.332661439471471532e-01 9.096432353967306428e-01 9.058631513061965457e-01 8.010678299509572664e-01 6.232706129084548685e-01 7.198375194461212878e-01 6.217638750343473797e-01 6.188956703405547044e-01 6.868662161315793879e-01 6.853175613207371786e-01 6.563350757123629364e-01 7.178774289483842441e-01 8.369999763946145421e-01 8.417495580081899575e-01 8.411018704742498908e-01 7.700881697011485727e-01 8.172827982418526815e-01 8.437377216925373569e-01 8.564811878495247610e-01 8.076822151966620567e-01 8.189407894249556286e-01 7.929301143504161598e-01 8.639074665272976628e-01 8.448148357668866515e-01 9.039945997644832643e-01 8.884126924445777673e-01 8.860940924932965146e-01 9.035384464857969533e-01 9.197783855144208154e-01 9.208285533032690706e-01 9.237566266905783419e-01 9.039494290390057696e-01 8.925183749829426194e-01 9.199185899345836415e-01 9.185920863768902711e-01 9.244257456780594628e-01 9.199993110315877187e-01 9.246309816976235885e-01 9.220400556399434011e-01 9.233123807473544442e-01 9.066684593534356518e-01 8.946649629359585409e-01 8.789186508346918947e-01 9.241536772716854031e-01 9.252068020047635732e-01 9.215730596043011369e-01 9.266239640242037723e-01 9.325839585022598355e-01 9.297669645363584312e-01 9.216177235415730085e-01 9.291844868833526450e-01 9.168702171125217015e-01 9.270665452115325333e-01 9.236911917755872281e-01 9.124109423510722294e-01 8.987359671306601738e-01 8.949443611807417209e-01 8.957869723997553546e-01 9.076723558360084709e-01 8.877119586060971956e-01 8.950871925546003416e-01 9.193268691921198110e-01 9.155180509993936511e-01 9.066440414158334349e-01 9.000960134059678985e-01 9.125566805317241181e-01 9.089011630435478439e-01 9.045508837433436922e-01 9.125804118499295514e-01 9.108984959757459032e-01 8.996638267147498702e-01 9.152925748086097046e-01 9.048173484494707042e-01 9.114863577065424050e-01 9.270506127499229532e-01 9.143679345631069433e-01 9.181282838592860207e-01 9.163004390714690750e-01 9.275270566207742817e-01 9.209809871826933891e-01 9.252000944923164383e-01 9.254021911005237966e-01 9.266729793668695425e-01 9.239968874568880164e-01 9.198781948424757937e-01 9.246553760477181916e-01 9.286439059922041439e-01 9.285218964598744851e-01 9.297447486034997599e-01 9.278965891828001578e-01 9.322612692487236563e-01 9.308216023316007171e-01 9.283756737785961999e-01 9.291345127298489270e-01 9.177836279718523116e-01 9.153792141279195604e-01 9.300257231994217832e-01 9.267755475841819024e-01 9.272732222819349834e-01 9.279050528338966819e-01 9.295399792396068506e-01 9.271369649895462306e-01 9.308624970427188394e-01
6.372814868288912207e-03 1.360428026169449578e-01 2.553637616287003365e-01 4.468370190331156788e-01 4.588966042081971675e-01 5.280671031323080911e-01 7.152858225842099182e-01 7.061748906671946324e-01 7.127491923949751396e-01 6.764643018985200262e-01 7.422150050246867359e-01 7.854387356383000229e-01 1.000000000000000000e+00 7.527826018746951453e-01 8.288614906755896738e-01 8.242747828782558406e-01 6.929011702226332003e-01 5.371131157884041496e-01 6.297502647746694437e-01 5.034615157397028806e-01 4.946270546228772602e-01 5.663698598327004952e-01 6.067826673750168487e-01 5.563797028300151437e-01 6.059661838487443442e-01 7.578593872633286876e-01 7.427427753824233925e-01 7.523861184626885468e-01 6.791435655328668108e-01 7.239016266131922395e-01 7.634051731596683821e-01 7.681479622746315572e-01 7.277817214329200812e-01 7.464367651241513579e-01 7.207135543701129743e-01 7.657830013563096117e-01 7.732656268497862806e-01 8.069332161192415143e-01 8.267153739774939503e-01 7.968856241683637265e-01 8.161337477534129636e-01 8.226453600994240167e-01 8.196909602308035669e-01 8.338458073253443015e-01 8.168879521128424859e-01 8.268506380669277123e-01 8.500396163674255323e-01 8.506271256404596137e-01 8.437054165228405900e-01 8.114405169447268529e-01 8.174701853296486576e-01 8.227399898796153854e-01 8.299651954289669620e-01 8.410551881347554382e-01 8.202969394785554202e-01 8.087572535351801317e-01 8.314868984964772780e-01 8.325488623664126786e-01 8.384196380786721470e-01 8.518246390738182239e-01 8.469227085471817684e-01 8.464472396933351295e-01 8.360062488298115602e-01 8.381796376687056238e-01 8.375151170552795898e-01 8.364931894490669206e-01 8.452607752901176719e-01 8.281895981721553168e-01 8.215786033543992506e-01 7.898111586140047491e-01 7.958253443752805190e-01 8.096791496595573401e-01 8.058560524516907853e-01 7.948647547131627578e-01 8.457539545819136029e-01 8.385287492122662778e-01 8.356629005670564991e-01 8.238838185129886416e-01 8.288815581716777459e-01 8.201098094841123842e-01 8.244329463173658556e-01 8.362530568425883271e-01 8.379780018018481158e-01 8.243835941831982872e-01 8.386871197327533389e-01 8.293259271429309631e-01 8.360050588284533291e-01 8.478747275192024535e-01 8.489309507393638654e-01 8.418301402959548208e-01 8.424463324595047320e-01 8.508353323974915394e-01 8.448800176596624745e-01 8.491609412356365683e-01 8.543287886460305680e-01 8.546455693253770525e-01 8.378773235074973291e-01 8.378451357215312978e-01 8.511986644828080095e-01 8.476944577109274404e-01 8.481197839573573205e-01 8.504582031341367809e-01 8.501305353493188166e-01 8.498591167227850240e-01 8.461647525144689874e-01 8.463616693825419812e-01 8.527272719554571667e-01 8.534855404163277370e-01 8.496845156074332994e-01 8.515696683345567175e-01 8.509276350625762930e-01 8.555648010141300164e-01 8.527633643849591438e-01 8.519040065896221758e-01 8.451122445956447127e-01 8.498048415106135289e-01
