1.000000000000000000e+00 1.564472972441298682e-01 3.583759793561272500e-01 1.726537826290403810e-01 3.827416742341866601e-02 9.621812952180749945e-02 2.754970396887484064e-03 5.507735449289588581e-02 2.401072639339472681e-01 7.849500970721051685e-02 1.799187748202806525e-01 7.482522966040305867e-02 6.596059172268718684e-02 -5.726461402226309949e-03 1.291348241172653351e-02 5.380327594013307319e-02 2.052808369839931035e-01 3.672227977474559202e-01 2.770077850122558139e-01 1.035313162463177422e-01 2.029495379600349536e-01 2.650422208069555530e-01 3.174446840806610659e-01 3.463352277952463365e-01 3.267533431044066239e-01 2.090833924098847996e-01 2.216890155173059651e-01 1.764968292481036982e-01 3.207827623285807173e-01 2.947484156164930647e-01 2.611695922468986186e-01 1.719361556725542417e-01 1.838260981623322521e-01 1.574594572641623280e-01 2.434202765885178088e-01 1.085527421717462360e-01 2.195630978292396063e-01 1.069509601962363582e-01 1.515430327124964449e-01 3.776216958716123451e-02 9.188961582333769751e-02 2.547884437516785214e-02 3.567502761547629297e-02 7.507499658125310615e-02 1.374334001445270681e-01 1.121673041261143783e-01 8.447447300261088851e-03 5.899806438193119090e-02 6.869285631308869045e-02 3.120791127919555000e-02 2.526023881151202508e-02 4.895599085452755767e-02 3.429232020624117111e-02 9.516034116044516655e-02 1.025472695906432807e-01 1.051188642716611721e-01 1.006560323621806113e-01 3.199461961998651544e-02 6.029069760795989497e-02 4.240721101169222379e-02 3.391970264873100938e-02 7.598905758024764034e-02 6.484720411615911562e-02 7.770756684355632771e-02 1.049376542268260215e-01 9.520949447417954847e-02 7.449679479533760640e-02 1.279632538886893156e-01 1.510741388269956909e-01 6.160478328991334657e-02 9.081140767440622208e-02 1.185790075991545872e-01 1.346206630293555750e-01 1.306206067918065372e-01 9.350260865211074135e-02 9.041618070651609440e-02 9.431698752100581284e-02 1.648983712670844815e-01 1.176031262225047530e-01 1.417585230891944548e-01 1.310395780781929698e-01 1.201217593687664842e-01 1.210706024181673196e-01 1.246966635573079352e-01 6.839955718764018089e-02 8.974156746522342354e-02 8.198410301743307149e-02 5.081516465819059525e-02 7.125491072011604088e-02 8.191338925263855208e-02 4.805122088054459423e-02 2.980579064711066928e-02 5.923036873507826067e-02 6.641606509537273384e-02 1.173610806051156481e-02 3.368090388110147465e-02 1.067905780887284072e-02 7.334054014122655396e-02 1.628947259925281332e-02 1.761803972773939159e-02 1.076428642356867631e-02 3.009404271525746230e-02 1.292063566172946959e-02 2.061266851538067282e-02 5.474324937757336917e-02 5.006890301659884523e-02 5.655886772595079826e-02 5.634273383526603590e-02 6.339977048686097627e-02 2.003863320224691380e-02 2.224850411404776657e-02 2.768389413946267461e-02 3.256769376199592642e-02 5.032050668047328978e-02 6.561293290189197658e-02 5.098677182842682731e-02
1.564472972441298682e-01 1.000000000000000000e+00 1.977450772941090340e-01 1.129923427404533470e-01 7.595007651069733690e-02 1.313075436111133532e-01 1.487908003684805247e-01 1.512993841385965321e-01 2.293778460606985259e-01 2.192654596147021739e-01 2.117208413434595593e-01 1.589130675324642861e-01 1.556796751493591535e-01 1.334513388972640713e-01 1.690150639160534485e-01 1.516761100211925228e-01 1.785644457366291904e-01 2.209142288282359146e-01 2.014570294955643770e-01 7.181224261736070258e-02 1.383296200676112364e-01 1.817005457974157634e-01 2.506978315052879047e-01 1.856435103980521306e-01 2.246094000696961523e-01 2.501256779334508074e-01 2.556401908610212437e-01 2.480769143558551049e-01 3.032923403825938946e-01 2.680972949849437792e-01 2.700359028814323104e-01 2.174937198134147265e-01 2.440570098566523516e-01 1.816916123518912962e-01 2.599743556685961687e-01 1.463318932499707292e-01 2.301055465497736929e-01 2.115271130791669119e-01 2.160899148797119640e-01 1.818899401121936987e-01 2.004936179078689040e-01 1.750410437867744862e-01 1.493699159450165570e-01 1.816890576211606934e-01 1.956787223096683459e-01 2.152876871100358747e-01 1.577107562679143926e-01 1.794608180580878898e-01 1.697988824750889247e-01 1.432171662010887359e-01 1.421817295316154528e-01 1.193361030395192063e-01 1.503311435284530873e-01 2.014718920982916384e-01 2.022251295178592589e-01 2.048556855490114292e-01 1.919852724259725196e-01 1.833384267989368877e-01 1.812508472124145231e-01 1.746179295980402058e-01 1.670947597723397293e-01 1.973250163855493344e-01 1.921250757957883304e-01 1.722619200275414264e-01 1.691536148183740706e-01 1.883567846285887915e-01 1.789506860253813336e-01 1.931766021757815865e-01 2.142801921627571216e-01 1.436839051193086469e-01 1.738141000652269064e-01 1.897256390123381598e-01 1.811038068544270352e-01 1.846738243340193542e-01 1.999695422453660332e-01 2.009483994161404830e-01 2.097117886065150982e-01 2.450079161586068421e-01 2.151062547105215272e-01 2.244682041842099574e-01 2.117311319788433011e-01 2.185596243548921791e-01 1.933578862935971254e-01 2.204983574006969815e-01 1.812954920341235121e-01 1.798612498952453509e-01 1.846731615687756123e-01 1.841795735717514926e-01 1.930558009979810863e-01 1.953941141279370020e-01 1.812034745128026092e-01 1.732224589127661640e-01 1.780012955137398878e-01 1.902953100663460906e-01 1.617565230580686186e-01 1.727712423406405073e-01 1.555115261761284562e-01 1.706427437935608693e-01 1.602922763684745122e-01 1.551130231460735032e-01 1.586260858424728692e-01 1.720798351400940063e-01 1.519077867622839473e-01 1.612203518031609384e-01 1.546807326261545323e-01 1.813121818107633065e-01 1.770151375515204017e-01 1.809862479962348891e-01 1.841105289126966638e-01 1.693239574982261242e-01 1.726570032689071499e-01 1.687795856902737091e-01 1.764099024838312602e-01 1.740911546461811343e-01 1.687704459972036719e-01 1.726097407318312182e-01
3.583759793561272500e-01 1.977450772941090340e-01 1.000000000000000000e+00 4.233770543662596086e-01 1.689191139179465895e-01 2.804711478269387714e-01 2.682572946158587324e-01 2.854867358080857009e-01 4.245890442709726598e-01 2.908540713529954580e-01 4.656262617679537974e-01 3.999086063220043119e-01 3.202028858712274162e-01 2.818733485956604334e-01 3.326723274572340183e-01 3.347668639255069745e-01 4.090500128996129026e-01 5.510969761560458036e-01 5.108773704988164299e-01 3.496039218359191514e-01 4.273790704198266455e-01 5.181072305333157546e-01 5.471124023414400961e-01 5.394888777506734456e-01 5.406600067219928807e-01 4.840952061520619742e-01 5.042069559297083226e-01 4.660596489680654542e-01 5.463188154805516117e-01 5.495863830123396410e-01 5.493796845776588444e-01 4.574875966503280100e-01 4.766331893896912364e-01 4.392731777342616661e-01 5.130002204217121164e-01 3.787022022487401829e-01 4.896065572287390255e-01 4.155843965271764362e-01 4.394912164134699983e-01 3.799865964989436184e-01 4.015391909436261675e-01 3.556972697811293660e-01 3.579335302874385727e-01 3.935889316661060899e-01 4.495533460348012933e-01 4.276687334740780222e-01 3.274178863533487860e-01 3.712567327245859805e-01 3.690101008594464660e-01 3.541041815069229659e-01 3.446900436940518730e-01 3.458068403219808351e-01 3.423303059293246187e-01 3.810190391955552425e-01 3.906057667251184862e-01 4.076006911221853879e-01 3.757798102872518808e-01 3.540661249462402904e-01 3.676667430984585372e-01 3.446488928041275268e-01 3.492665757545575511e-01 3.666553678425075735e-01 3.612964221750362137e-01 3.542329123779270894e-01 3.770380776993874639e-01 3.792248337096987276e-01 3.761200882291263481e-01 4.280650271071284596e-01 4.466263808903631061e-01 3.804422885774230711e-01 4.044488906165772946e-01 4.273560380423436778e-01 4.357898589222306551e-01 4.300756862929595026e-01 4.093876659472371338e-01 4.048081865052070016e-01 4.117822190607795529e-01 4.554154907106877648e-01 4.368772812815092665e-01 4.558657611624783446e-01 4.379294546906571384e-01 4.432044807032500255e-01 4.113107774606825084e-01 4.238607902821195927e-01 3.920051520375815168e-01 3.969684051772708888e-01 3.965182146567792776e-01 3.755086462261610913e-01 3.868396332810136728e-01 3.975959388571377873e-01 3.810623373605809272e-01 3.549933295435507841e-01 3.841151432494441798e-01 3.904210771288102455e-01 3.318346593271564449e-01 3.481111917949115120e-01 3.476240890416764651e-01 3.599293540288576176e-01 3.398877096872113257e-01 3.497923729190151598e-01 3.458431617163189586e-01 3.512602795629836128e-01 3.323599211170003009e-01 3.459458796504971678e-01 3.607734177480990678e-01 3.578795411415043870e-01 3.592758859174617347e-01 3.617877609711399600e-01 3.700758604836681398e-01 3.403293571399987893e-01 3.498123170902159296e-01 3.420881555047294853e-01 3.487227084089751794e-01 3.528327138331650015e-01 3.617040704743402779e-01 3.553780880165347544e-01
1.726537826290403810e-01 1.129923427404533470e-01 4.233770543662596086e-01 1.000000000000000000e+00 3.231467458878076182e-01 4.360062080443736776e-01 5.208571422414151053e-01 5.277495714452197229e-01 5.874802439269819487e-01 4.778161663131032522e-01 6.233377115755861508e-01 6.813183879734659998e-01 5.410508911204970905e-01 5.410191143494683663e-01 5.901675454550272537e-01 5.932291315363757978e-01 5.827770914546122061e-01 5.865199480506283480e-01 5.937128734067503855e-01 6.053053855465824196e-01 6.172989321419855013e-01 6.469299086419885159e-01 6.006074047254714721e-01 5.978193158173932265e-01 5.796552468343163511e-01 6.288506286366889464e-01 6.165630627728677648e-01 5.948827083402618010e-01 5.741438910249166971e-01 6.294517290379286756e-01 6.388545062936291652e-01 6.301301882274866761e-01 6.038904517913407100e-01 6.293075356946754573e-01 5.999996658565944774e-01 6.189323553516862253e-01 6.413199082562295317e-01 6.023939304388100657e-01 6.205872226423525539e-01 6.062966952640539420e-01 6.318571185484259667e-01 5.964321525537921165e-01 6.207203530512223066e-01 6.317264256164462077e-01 6.597496245160899830e-01 6.065517150830117554e-01 6.014344302976825096e-01 6.114518431744310201e-01 6.240102325696623708e-01 6.070675159358616124e-01 6.131719779448558949e-01 6.169915346780401322e-01 6.148309123929301956e-01 6.013061926479941199e-01 6.031185268581600312e-01 6.109154292613655501e-01 6.096463406675453056e-01 6.039126013827852413e-01 6.052057652280286026e-01 6.064569771074042048e-01 6.151088962219662948e-01 6.006296287408481316e-01 5.976541224984998069e-01 6.055014302562616857e-01 6.155642472780371577e-01 6.191284850403323547e-01 6.197233535361369450e-01 6.308952896918234021e-01 6.360213929155339452e-01 6.615194367261907349e-01 6.442500304334318750e-01 6.460551788095536541e-01 6.444494649789613838e-01 6.340485952727002994e-01 6.338225183816453834e-01 6.281191186645824764e-01 6.226689375679437255e-01 6.175646238125138687e-01 6.379275380580012866e-01 6.363235406626263080e-01 6.358386988829223263e-01 6.416232728827094833e-01 6.291076577257880276e-01 6.187280566669292048e-01 6.255359799326224435e-01 6.276614999118135252e-01 6.316554805094731773e-01 6.194972693242928319e-01 6.126838305685834429e-01 6.240673342217911701e-01 6.281900299973941504e-01 6.124764886158613475e-01 6.318421914043576004e-01 6.250869879462959133e-01 6.005012473098443326e-01 6.080221244669135050e-01 6.195444173275780342e-01 6.160008030722335937e-01 6.171069121278548453e-01 6.196992005827277605e-01 6.208820614374656044e-01 6.159341820796808697e-01 6.061420455112112027e-01 6.158237966249987538e-01 6.233965139565033065e-01 6.097055653227252403e-01 6.179975005834615898e-01 6.069054144273413609e-01 6.092020119447847382e-01 6.099437950817321319e-01 6.073849733478215995e-01 6.068287487049388584e-01 6.081853227003786166e-01 6.153728411551772082e-01 6.130422946854351407e-01 6.144482400639992292e-01
3.827416742341866601e-02 7.595007651069733690e-02 1.689191139179465895e-01 3.231467458878076182e-01 1.000000000000000000e+00 3.103190596295943848e-01 4.804328360023441546e-01 4.627575504397398731e-01 4.324995069593270958e-01 3.773998376792021547e-01 4.262817033885136220e-01 4.838742653658884008e-01 4.947961324448770792e-01 4.290444426021385871e-01 4.852157607343348111e-01 4.870244448668365478e-01 4.540339630406490801e-01 3.202698067670255999e-01 3.869065109540759662e-01 3.713555451720100264e-01 4.109133635305564636e-01 4.145726884734828865e-01 3.839789381866937634e-01 3.640025590527888877e-01 3.604922759039034252e-01 4.308065855932912691e-01 4.246574908057268449e-01 4.253561221406448878e-01 3.326589028324749564e-01 3.646104204762152801e-01 3.945211115655731238e-01 4.471902171604190124e-01 3.931991397752273021e-01 4.670905051203356195e-01 4.116112550338741349e-01 4.930549498943460618e-01 4.541951896849856785e-01 4.297725456465233962e-01 4.552425631150544549e-01 4.574121277430438504e-01 4.869110169787157494e-01 4.798605707938902731e-01 4.819974588802958260e-01 4.797367281017725915e-01 4.767698600002973630e-01 4.437957999836582568e-01 4.876765060246648353e-01 4.807130128866415331e-01 4.744738720364711226e-01 4.394170889754045461e-01 4.600981593567275429e-01 4.896912120205584862e-01 4.827379035712562882e-01 4.636596599889100667e-01 4.480827253992123449e-01 4.619809574939291452e-01 4.544021069774819011e-01 4.704057714315589833e-01 4.527367736891378946e-01 4.839526000441966014e-01 4.789219820491382729e-01 4.449530305997093094e-01 4.352726393875249733e-01 4.747889269723397088e-01 4.889610367069500696e-01 4.751467321277811351e-01 4.919039133840711342e-01 4.687855730947152466e-01 4.639989164816435974e-01 4.981948312423552516e-01 4.851224492705959457e-01 4.809206564957701491e-01 4.733637529170601765e-01 4.723220773050764709e-01 4.780458619815104448e-01 4.742784379740502265e-01 4.694366264175525716e-01 4.372917071957121427e-01 4.602761243770365218e-01 4.512623554475832521e-01 4.667639357578093895e-01 4.638363682805488053e-01 4.895217674292978716e-01 4.699945264251468857e-01 4.775569454585428808e-01 4.879589153939171142e-01 4.882021338018896484e-01 4.718166371785304514e-01 4.814280762405938607e-01 4.771681424192065757e-01 4.853188061334094971e-01 4.855974007161482087e-01 4.880676906468545684e-01 4.798058180412704266e-01 4.886067024056913732e-01 4.855353767895775330e-01 4.677379252083704309e-01 4.791059582038783571e-01 4.850748367178714382e-01 4.865301444261629360e-01 4.960852821408398561e-01 4.733538134799705754e-01 4.875589085708673109e-01 4.839967020235681483e-01 4.970165387873975993e-01 4.675571876728936149e-01 4.842152951228498314e-01 4.839849898975182585e-01 4.806389785816251314e-01 4.784312728611443410e-01 4.673955501824662573e-01 4.901018318952001240e-01 4.755917055814246619e-01 4.902391834694416195e-01 4.903997918366235220e-01 4.878860269380081993e-01
9.621812952180749945e-02 1.313075436111133532e-01 2.804711478269387714e-01 4.360062080443736776e-01 3.103190596295943848e-01 1.000000000000000000e+00 5.176763005388258509e-01 5.151904778630617132e-01 5.496561364314417331e-01 4.713758087814515219e-01 5.536083573375937261e-01 5.843995984282053247e-01 5.218117200844055725e-01 5.151717470899790374e-01 5.764844204622255885e-01 5.830731492355386569e-01 5.373414371844250637e-01 4.790456850238201669e-01 5.208539460026720969e-01 4.477401627115198957e-01 5.455374797151885113e-01 5.597950435926172252e-01 5.117791487849300269e-01 5.006430914258588327e-01 5.131561036798448772e-01 5.776218156738001097e-01 5.650035560408889213e-01 5.654079743905953137e-01 5.042306211653093673e-01 5.216038325991478874e-01 5.557970095516145959e-01 5.760907766853708978e-01 5.546633999428342010e-01 5.837530764971813335e-01 5.578058670945673647e-01 5.754330211468453582e-01 5.756902040614301219e-01 5.877590012377986728e-01 5.874841386260971632e-01 5.872775737281493713e-01 5.974773849178421914e-01 5.863967253159038107e-01 5.831855323951665726e-01 6.003490602444387925e-01 6.072315797782398272e-01 5.822447786265403380e-01 5.813869702349938606e-01 5.884665820321619556e-01 5.982369858376895833e-01 5.804790286800945998e-01 5.945203301343511271e-01 5.782444078550086353e-01 5.817761727069084010e-01 5.834621457233301056e-01 5.875162449041816393e-01 5.906178699018640454e-01 5.913158377404188482e-01 5.856675310494071640e-01 5.922589192062346353e-01 5.815314975788355989e-01 5.887064990455663782e-01 5.836504672643484382e-01 5.837051653765623627e-01 5.870010546161288367e-01 5.909203288831651468e-01 5.906620394093308191e-01 5.917914313357964806e-01 5.937740130357180846e-01 5.882717013971598963e-01 5.894001828011538047e-01 6.036953343200801569e-01 6.031219353135188754e-01 5.894140304102510886e-01 5.916478002860139362e-01 5.958660247027220969e-01 5.927422474738399671e-01 5.923298304194266617e-01 5.714967486746270753e-01 5.959740166163542963e-01 5.830512766992833606e-01 5.922057004937595348e-01 5.900833431076001334e-01 5.991459875374787192e-01 5.914469543387439465e-01 5.948319944378501756e-01 5.943242418385282777e-01 5.943216350250416502e-01 5.943907959681175024e-01 5.916236116150839219e-01 5.969435204037026876e-01 5.971333146613588827e-01 5.878284831585409709e-01 5.966273882215620272e-01 5.940391503568958065e-01 5.830308133630573986e-01 5.852782026584877340e-01 5.877942482603017993e-01 5.939338190134914042e-01 5.914885907137079624e-01 5.964055350614877460e-01 5.940882689298311314e-01 5.946096759375473217e-01 5.810792034322813659e-01 5.921886650114618345e-01 5.928787216774579205e-01 5.907330816002583918e-01 5.922326730314793064e-01 5.890922980594354152e-01 5.909824248762058918e-01 5.897361031805353759e-01 5.879426511266082622e-01 5.851045020239259431e-01 5.877221363483816630e-01 5.921963061845257892e-01 5.888915569974326747e-01 5.872631142751272293e-01
2.754970396887484064e-03 1.487908003684805247e-01 2.682572946158587324e-01 5.208571422414151053e-01 4.804328360023441546e-01 5.176763005388258509e-01 1.000000000000000000e+00 7.167468071084887038e-01 7.058569592086380018e-01 6.788638831793732953e-01 7.207779323096797919e-01 7.870067638982281011e-01 7.427160163178923025e-01 7.422775229926051876e-01 8.563732223969431345e-01 8.153798726141509023e-01 6.978992205478016242e-01 5.295273661870216753e-01 6.315102016484993586e-01 5.631150003947369420e-01 6.597847196306723117e-01 6.659639935787357024e-01 6.458367460439869978e-01 5.800329727903715815e-01 6.038209531844329625e-01 7.459195844025388045e-01 7.200688110499413597e-01 7.388153782056228192e-01 5.998996801554569158e-01 6.334777440800124504e-01 6.922241126013586321e-01 7.648753961466694395e-01 6.988062839136482962e-01 7.732999961362243546e-01 7.115177720505974079e-01 7.846320632368527503e-01 7.562909803505892814e-01 7.706873770517514988e-01 7.824369186736863657e-01 7.953229097497482858e-01 8.152239155056546505e-01 8.224750969932475009e-01 8.113903878106235590e-01 8.137488541573988376e-01 7.985583974276458941e-01 7.829680996194019471e-01 8.302002877151608562e-01 8.233280521119525908e-01 8.080174624498591696e-01 7.796152544567855891e-01 8.093993437852167183e-01 7.894325462235457502e-01 8.096347858491166338e-01 8.032484905563608280e-01 7.925788469722403473e-01 8.061347825709634929e-01 7.885477221854080287e-01 8.239505992289040126e-01 8.065223898178164319e-01 8.236620865181155660e-01 8.246307456866728280e-01 7.927574167192877885e-01 7.896155084083957831e-01 8.109519128591854420e-01 8.101641357015509914e-01 8.105060309430088816e-01 8.241857124964339087e-01 7.961300385279513891e-01 7.965944839253543686e-01 8.169560564296445282e-01 8.191126650716138435e-01 8.088408026672959661e-01 7.921856371236312144e-01 7.947391097757021683e-01 8.185233227434770553e-01 8.161254031871647552e-01 8.118095011672824546e-01 7.642378493222595770e-01 8.007355638970197198e-01 7.824936248172370545e-01 8.025899961368138102e-01 8.014934412893145455e-01 8.205816736440708636e-01 8.101682723214997939e-01 8.213056386833101907e-01 8.232253296570557488e-01 8.234239288602985818e-01 8.228863295946861056e-01 8.234607966092487574e-01 8.221967770377871521e-01 8.281427537596376398e-01 8.319615040705532483e-01 8.278748639445008273e-01 8.233370392718346586e-01 8.334080152429500510e-01 8.289044417285457156e-01 8.087277063416625777e-01 8.125538085922827669e-01 8.290535572359910566e-01 8.310179346916635179e-01 8.337766333238662009e-01 8.208029557070827265e-01 8.238617336861786544e-01 8.283683534499229895e-01 8.265230577300420878e-01 8.075207462841513806e-01 8.236780298551312773e-01 8.270933004332841065e-01 8.247382907531585206e-01 8.250663520927470351e-01 8.188302139338833330e-01 8.302151589600368364e-01 8.199518710513916675e-01 8.283646168816735100e-01 8.242206162694555305e-01 8.266804761370587507e-01
5.507735449289588581e-02 1.512993841385965321e-01 2.854867358080857009e-01 5.277495714452197229e-01 4.627575504397398731e-01 5.151904778630617132e-01 7.167468071084887038e-01 1.000000000000000000e+00 7.047036738512381104e-01 6.327041171859272284e-01 6.976036852207589956e-01 7.710077482768791235e-01 7.244276166583233367e-01 7.078521722156354556e-01 7.936724365430350980e-01 8.133463947360056734e-01 6.950330376505499119e-01 5.575576711197572921e-01 6.384027503145902616e-01 5.902679333203628698e-01 6.937602092715914326e-01 6.677002374541274321e-01 6.277198906685456103e-01 5.957020527780818586e-01 6.028892118017790125e-01 7.155475264867499074e-01 6.951263492778074760e-01 6.961921197462476174e-01 6.011633027011359376e-01 6.502215847620287370e-01 6.746565080332035391e-01 7.428090811940855076e-01 6.935477748729014236e-01 7.565081769682028279e-01 6.998322714331427497e-01 7.791606414384929513e-01 7.309609488874487804e-01 7.583925060410102725e-01 7.712649534748835523e-01 7.606103373371549958e-01 7.793722464713066511e-01 7.827215156652674866e-01 8.005704192377705031e-01 7.982196491587661979e-01 7.728906656194516334e-01 7.550760875442398268e-01 7.876767703112597108e-01 7.835670728493768777e-01 7.907189136361673087e-01 7.757595265287924313e-01 7.957139669877751897e-01 7.886908514976933571e-01 7.906040309702316859e-01 7.741771011739257968e-01 7.699644858937311209e-01 7.752342723388978563e-01 7.794894657646783687e-01 7.843181290976999342e-01 7.793732847907148820e-01 7.935128747437152352e-01 7.894958229758657353e-01 7.784020950841653574e-01 7.779698801950756248e-01 7.998877324489245266e-01 7.891367054281674953e-01 7.947699373247898436e-01 7.851477804004436400e-01 7.697129732854749440e-01 7.675460566256663286e-01 7.918774962748033053e-01 7.927650382638884441e-01 7.770516964773255264e-01 7.633122110724567255e-01 7.679041040062001278e-01 7.765478163350864049e-01 7.726805379535538476e-01 7.729564348083520775e-01 7.392152408182217638e-01 7.665258619040578036e-01 7.549703516104563361e-01 7.664977316935176477e-01 7.653420157879456953e-01 7.895239161632701119e-01 7.732980366434342168e-01 7.920186556444873682e-01 7.883950969562022459e-01 7.870259068185222473e-01 7.904107725194817746e-01 7.850539052185987465e-01 7.903721433837987975e-01 7.835882223552254056e-01 7.907210878604967741e-01 7.897806086843113249e-01 7.899751439910251971e-01 7.892243257899186348e-01 7.886095294773716180e-01 7.840412180763592920e-01 7.942533015341004532e-01 7.932097215140304636e-01 7.933346122867233063e-01 8.060512043115183323e-01 7.970661524601956316e-01 7.903935323964993431e-01 7.989709995246327967e-01 8.007430250793058368e-01 7.883957438848093746e-01 7.917546602388246813e-01 7.883456880593140426e-01 7.893664921370422416e-01 7.923545479518077084e-01 7.880034153448539636e-01 7.916266445437027954e-01 7.912322292685435299e-01 8.024051125711778587e-01 7.908305643612767444e-01 7.938004586992803979e-01
2.401072639339472681e-01 2.293778460606985259e-01 4.245890442709726598e-01 5.874802439269819487e-01 4.324995069593270958e-01 5.496561364314417331e-01 7.058569592086380018e-01 7.047036738512381104e-01 1.000000000000000000e+00 7.600482122457696832e-01 8.354252275557975116e-01 8.289746681758402014e-01 7.554088876699123212e-01 7.577111476178458593e-01 8.322811045467574109e-01 8.357343530280157973e-01 8.213433830848525519e-01 7.418588232094198709e-01 7.890091785661226265e-01 5.834022341885222174e-01 7.358676888669001270e-01 7.987118993399937583e-01 8.156735081400074971e-01 7.565092910522851488e-01 7.857304792160730855e-01 8.704088167799520770e-01 8.609391136930337751e-01 8.372847114764060406e-01 8.177096359703615036e-01 8.367763077150928153e-01 8.649596237618190075e-01 8.647496747393632610e-01 8.101371424463329474e-01 8.509870843940641194e-01 8.485345149040136592e-01 8.392826401303751238e-01 8.826845556220481726e-01 8.443783140144704991e-01 8.812198479440130905e-01 8.119270697964862116e-01 8.796227626762304075e-01 8.469210863918489318e-01 8.267516520902477017e-01 8.722295472241038405e-01 8.809517992582331924e-01 8.741735881334857794e-01 8.588325007633383912e-01 8.819778019666209001e-01 8.617099426352405889e-01 8.019511532634389095e-01 8.258705440061817615e-01 8.259012534228394875e-01 8.535027019518260927e-01 8.908649653369526966e-01 8.765453591883215489e-01 8.800284230086756754e-01 8.639452836983899653e-01 8.619352657633242432e-01 8.586457392526682941e-01 8.795506533134299643e-01 8.614535552511273231e-01 8.748999924727477451e-01 8.583584404268332912e-01 8.761529714614655351e-01 8.887253318497398968e-01 8.885701012281536082e-01 8.842085285459491129e-01 8.881728951300608133e-01 8.922855561471623176e-01 8.516199204848557969e-01 8.769011685791688882e-01 8.872348744036570034e-01 8.764481470486334969e-01 8.838289045359452034e-01 8.903872612944686571e-01 8.849565873224123358e-01 8.838248427757444681e-01 8.910919502312699692e-01 8.884534751099589789e-01 8.941327004510206677e-01 8.979641947292615889e-01 8.950682176349410435e-01 8.948071038564735513e-01 8.890646518742677529e-01 8.594873304116010804e-01 8.805183257856277201e-01 8.865303291614080594e-01 8.663876358852731219e-01 8.814398982406508321e-01 8.814098325993751093e-01 8.589899634014747098e-01 8.673447356036121381e-01 8.763134416282423178e-01 8.831993869558099064e-01 8.626656467724519439e-01 8.733838664329844903e-01 8.158618170076046283e-01 8.623059193212605500e-01 8.545419155470685979e-01 8.449907489786224746e-01 8.505716353770901295e-01 8.593261140134434983e-01 8.565728365309402959e-01 8.612872224693458589e-01 8.701159065991546093e-01 8.602285084495771006e-01 8.740284964489414277e-01 8.815033583104128212e-01 8.811591875558353326e-01 8.652418226233242748e-01 8.627429704451199388e-01 8.727594890158693053e-01 8.692602974255746462e-01 8.733424337328807852e-01 8.824874533279233324e-01 8.787903030543494642e-01
7.849500970721051685e-02 2.192654596147021739e-01 2.908540713529954580e-01 4.778161663131032522e-01 3.773998376792021547e-01 4.713758087814515219e-01 6.788638831793732953e-01 6.327041171859272284e-01 7.600482122457696832e-01 1.000000000000000000e+00 7.245213269028057956e-01 7.393650255705523922e-01 6.989812362132152845e-01 7.102089815946966977e-01 7.834312044107335504e-01 7.624018595657434672e-01 6.924659924809840605e-01 5.825408871138779698e-01 6.539191219182224346e-01 4.619916717877834977e-01 6.017305060490194535e-01 6.437912265193135308e-01 6.806626806701094878e-01 6.026604861717460571e-01 6.374870597722787080e-01 7.643735523928296693e-01 7.523369690851177127e-01 7.580265038484034212e-01 6.918904616017794718e-01 7.078573060960987595e-01 7.463678283043680972e-01 7.758836835201746718e-01 7.258822440732348724e-01 7.593567098991421682e-01 7.602198836518679892e-01 7.516160827682621948e-01 7.694206073820208935e-01 7.775571116899594459e-01 7.985600392980083395e-01 7.589400765287671602e-01 8.075710253796846150e-01 7.987354378255538956e-01 7.649918558720727457e-01 8.003416373876640622e-01 7.807326381645630642e-01 8.038048953976547617e-01 8.058261584261892096e-01 8.144018224269113926e-01 7.900589324246732881e-01 7.465401325223036677e-01 7.646519901097299510e-01 7.542659114066521120e-01 7.910096978063070328e-01 8.116925832066672619e-01 7.964318038007984768e-01 8.045006400639952426e-01 7.836523449699003274e-01 8.066132392004724538e-01 7.927400488471526563e-01 8.148132169561008720e-01 7.991447966815483639e-01 8.000345221488054381e-01 7.917640210930990685e-01 8.027859573936566573e-01 8.011795354932739199e-01 8.043867851350621212e-01 8.121413568536774985e-01 7.998756612505897312e-01 8.007996117704564432e-01 7.626104810681427759e-01 7.891366497462360963e-01 7.943738581908457164e-01 7.803766225998524098e-01 7.884325491255060880e-01 8.119937702546434766e-01 8.145554335959522829e-01 8.134836947897354786e-01 8.016311844258495745e-01 8.078812320011292680e-01 8.053217575975415432e-01 8.111075818220800926e-01 8.125540645892387337e-01 8.094028800518737743e-01 8.159697328417587769e-01 7.954630150288509727e-01 8.062040026645744817e-01 8.102113205123123718e-01 8.058189852699216837e-01 8.193816455718200276e-01 8.055006866659464304e-01 7.991188816874267298e-01 8.119117651397863566e-01 8.059381620486800735e-01 8.145290418429720347e-01 8.105285822590716505e-01 8.121143186972741290e-01 7.604617483680808920e-01 7.873007734058474760e-01 7.944598788777866849e-01 7.865117690446692400e-01 7.941017435045243378e-01 7.972310132986110132e-01 7.988739477216708629e-01 8.033466970950363661e-01 7.966021847575941450e-01 7.948840056690273936e-01 8.043557073536250490e-01 8.154900061850115511e-01 8.135366025235821752e-01 8.075557543289008100e-01 8.030263080384003604e-01 8.121828109912774263e-01 8.067359872854613645e-01 8.067609063025159566e-01 8.098540371463358589e-01 8.106362522005268190e-01
1.799187748202806525e-01 2.117208413434595593e-01 4.656262617679537974e-01 6.233377115755861508e-01 4.262817033885136220e-01 5.536083573375937261e-01 7.207779323096797919e-01 6.976036852207589956e-01 8.354252275557975116e-01 7.245213269028057956e-01 1.000000000000000000e+00 8.609263761154887229e-01 7.612667384549620664e-01 7.698841812125172268e-01 8.445709751769643336e-01 8.360152719546506406e-01 8.020543216812950904e-01 7.633412709375085869e-01 8.215481190577067494e-01 6.237128945548016112e-01 7.529203195629162737e-01 8.315798632912571042e-01 8.300163244798605122e-01 7.900355637114614415e-01 8.133653983143023236e-01 8.741495501210363450e-01 8.735587936614109816e-01 8.592025632343527342e-01 8.231609445822019033e-01 8.526735280276301898e-01 8.840368259944009210e-01 8.805396552333327742e-01 8.376245137902829097e-01 8.678738765641189623e-01 8.612388022708211688e-01 8.499177269283075820e-01 8.929537533547273753e-01 8.665837089083916478e-01 8.909653405147733851e-01 8.502087766219120768e-01 8.911200884979885162e-01 8.683857886461955333e-01 8.539674839020267028e-01 8.890563099778625578e-01 9.024741097080708485e-01 8.894988514468032959e-01 8.706012104204219337e-01 8.873852770554477853e-01 8.748252443046143911e-01 8.387676157668632060e-01 8.543314822975393019e-01 8.478057184388898548e-01 8.628155250650764163e-01 8.869010203640441681e-01 8.832913315658431630e-01 8.921469529663789144e-01 8.702643599441506339e-01 8.743605203961629657e-01 8.769117548549745234e-01 8.750845537227283089e-01 8.747584026279959790e-01 8.744056103077842979e-01 8.679022120702997167e-01 8.687185093372028488e-01 8.788800259646453172e-01 8.846381899535297189e-01 8.904034646819852794e-01 9.024067457178542861e-01 9.036014945665735709e-01 8.714831125237708642e-01 8.940427052680737230e-01 9.060966461321520171e-01 8.979321399037544227e-01 9.040783440095625512e-01 9.018693035641794919e-01 9.005100672459773747e-01 8.993530342036545333e-01 8.993533791856396231e-01 9.066118436414579707e-01 9.087462104127851381e-01 9.082211549861575195e-01 9.117781218290698098e-01 8.987486013326521084e-01 8.994538795483691951e-01 8.830108751837403291e-01 8.933890246840898719e-01 8.998321757498189966e-01 8.864960649237114687e-01 8.946161055856820532e-01 8.950766504164565651e-01 8.848161196403399043e-01 8.829789180349353339e-01 8.938772300339494770e-01 8.976808044512902818e-01 8.732257223704325000e-01 8.817879770070106149e-01 8.531028546841609161e-01 8.669135999582318064e-01 8.715121152959779405e-01 8.712450233516331188e-01 8.720385735711529973e-01 8.749820460685582280e-01 8.679800620778331810e-01 8.760739668000139257e-01 8.806746844730491963e-01 8.713162776667031650e-01 8.818122884318433385e-01 8.872230709596170550e-01 8.890056121398093314e-01 8.749556173797971015e-01 8.788728539623666958e-01 8.767739464637919200e-01 8.778488160530887319e-01 8.769261159476606782e-01 8.841021750097118881e-01 8.820050576346444293e-01
7.482522966040305867e-02 1.589130675324642861e-01 3.999086063220043119e-01 6.813183879734659998e-01 4.838742653658884008e-01 5.843995984282053247e-01 7.870067638982281011e-01 7.710077482768791235e-01 8.289746681758402014e-01 7.393650255705523922e-01 8.609263761154887229e-01 1.000000000000000000e+00 8.156486558059172776e-01 8.315592005068285220e-01 9.073232902276586742e-01 8.925377810394460321e-01 8.301594052963112702e-01 7.018769298679307100e-01 7.860944818310008353e-01 7.036312424826832723e-01 7.998417499171143197e-01 8.204161330969843569e-01 7.798495026022320697e-01 7.454242430519139040e-01 7.488629324480283733e-01 8.594888932414237459e-01 8.497405164176313752e-01 8.443219164790086717e-01 7.483259564042987755e-01 8.030357181581362358e-01 8.399471754546210533e-01 8.890710567921786822e-01 8.290272013976450749e-01 8.894150193760773648e-01 8.378534307701508421e-01 8.912518293286014748e-01 8.868441097674031326e-01 8.846053803351947575e-01 9.003979304573834774e-01 8.933798175446090450e-01 9.256897455266193120e-01 9.128555783328897721e-01 9.107970761321613207e-01 9.295913975201474111e-01 9.259399898444332644e-01 8.962544933729169605e-01 9.288950307781750348e-01 9.321108777681471613e-01 9.270998675203231398e-01 8.919935362645002863e-01 9.143409330139058433e-01 9.103720690015988382e-01 9.245918684904653739e-01 9.196289539226584209e-01 9.113558385642916981e-01 9.109370660502450479e-01 9.135296020229064506e-01 9.214471986651198154e-01 9.211808631006400683e-01 9.302606107390757328e-01 9.326674961401780761e-01 9.171631810101118498e-01 9.095031367509747167e-01 9.215379715462707066e-01 9.238980668264595852e-01 9.302674907852016561e-01 9.348236271215855098e-01 9.229636056264481914e-01 9.172511749713040397e-01 9.381973743442036939e-01 9.378863613826424750e-01 9.332323777247051311e-01 9.206479581723642225e-01 9.210983674126143050e-01 9.307562222726584178e-01 9.281779877820788283e-01 9.215964092683992526e-01 8.921602830940853490e-01 9.221569140365059036e-01 9.139751153692637908e-01 9.235568461056172795e-01 9.245056925572157080e-01 9.302513921435795474e-01 9.181714040284962852e-01 9.245975983232663786e-01 9.314296887982689288e-01 9.364618297557233406e-01 9.281035121637392082e-01 9.267811395249032635e-01 9.279504314044190183e-01 9.300429248850328179e-01 9.325113592345946056e-01 9.368654319568281430e-01 9.335466314503171326e-01 9.301884737092066535e-01 9.332155042879829443e-01 9.147908616535643800e-01 9.209190326393272841e-01 9.318329225490435963e-01 9.293406302965235843e-01 9.342072220455589493e-01 9.317088685181700303e-01 9.290570158134550116e-01 9.336284138552574108e-01 9.359439520957408831e-01 9.233374279394318540e-01 9.336644173380904688e-01 9.307521744691547028e-01 9.298395392658346248e-01 9.319613933496831981e-01 9.299390747313377448e-01 9.339172681809646548e-01 9.312129050710002964e-01 9.322480978985925315e-01 9.313458365047364573e-01 9.350162946374520612e-01
6.596059172268718684e-02 1.556796751493591535e-01 3.202028858712274162e-01 5.410508911204970905e-01 4.947961324448770792e-01 5.218117200844055725e-01 7.427160163178923025e-01 7.244276166583233367e-01 7.554088876699123212e-01 6.989812362132152845e-01 7.612667384549620664e-01 8.156486558059172776e-01 1.000000000000000000e+00 7.531760004873007119e-01 8.429832407224859825e-01 8.312630271067633636e-01 7.563284625731402366e-01 6.128984863473185829e-01 7.127641095146696193e-01 5.761065613161318044e-01 6.855210546975710750e-01 7.318626510924418627e-01 7.094847102181399690e-01 6.690329553269187546e-01 6.837215936141307626e-01 7.820750748166601651e-01 7.665333325147012378e-01 7.738138186149737807e-01 6.549617530463673898e-01 7.039107260829579049e-01 7.392945368328416311e-01 8.054816723279893953e-01 7.432314388922682813e-01 8.143375422692910037e-01 7.632400590719377043e-01 8.142775305483952453e-01 8.031208075446586436e-01 8.011025311702453244e-01 8.257299941761205853e-01 8.091569366160120680e-01 8.520763610423943701e-01 8.409961589992999142e-01 8.311061804350164950e-01 8.454548083875811360e-01 8.343628848788436914e-01 8.188945532083096168e-01 8.529608457673508726e-01 8.565468555051016786e-01 8.416924753868944009e-01 8.047726534198353932e-01 8.270169167492216200e-01 8.325085733018268153e-01 8.423928873441468568e-01 8.436783181447715663e-01 8.275659671682162877e-01 8.376161013562087865e-01 8.227853527928102872e-01 8.423414844597185702e-01 8.322409107675023954e-01 8.515680357061493622e-01 8.507379142911102310e-01 8.241471925793459885e-01 8.202753919253573667e-01 8.396037340749699096e-01 8.473621119584696659e-01 8.474865377017564150e-01 8.588271268185148077e-01 8.458260792761072011e-01 8.399449613382845570e-01 8.427230090291831788e-01 8.544459654262249737e-01 8.510349281596277793e-01 8.409998485920674449e-01 8.452764320239184448e-01 8.513119446778243393e-01 8.501030765062735917e-01 8.440693235243765802e-01 8.057735715161660206e-01 8.375781657681720116e-01 8.241155213639524968e-01 8.417652309170803315e-01 8.361071512046290843e-01 8.554836604760784891e-01 8.431429209952250314e-01 8.494135719912789817e-01 8.576028757007686520e-01 8.568510179565288487e-01 8.512247173672078393e-01 8.541223622023114137e-01 8.549139059422979914e-01 8.541851422294926000e-01 8.571671962179058246e-01 8.579625536739405867e-01 8.549086319691323599e-01 8.570785927539662508e-01 8.583686310787433937e-01 8.325183737519848970e-01 8.433671383167260505e-01 8.539902754377117766e-01 8.524747060801576293e-01 8.559814532232802309e-01 8.470833030235613847e-01 8.518576836048282752e-01 8.538556665378949084e-01 8.604649987261420163e-01 8.416001978761640245e-01 8.548326151299145970e-01 8.589241453645939384e-01 8.567403077411550605e-01 8.506652200660564933e-01 8.463575604785100737e-01 8.577082761367976760e-01 8.498524265528516475e-01 8.560206825456747604e-01 8.582752788313392500e-01 8.568137135986300112e-01
