1.000000000000000000e+00 1.378090048773443765e-01 4.264587849982688361e-01 2.717957218682206522e-01 1.680049765090906866e-01 7.589672497898909687e-02 1.522370625433046298e-01 2.004885102511801687e-01 3.418399873528769617e-01 5.252973920287718618e-02 1.860142231728403317e-01 1.916834310440684308e-01 1.081014952897286080e-01 2.369094528651455658e-02 3.487536722442245024e-02 1.702996482512331988e-01 3.100513006216049083e-01 4.434323587687366008e-01 4.172634979677843914e-01 4.066019924107405203e-01 4.677023780288772636e-01 4.612363504359075494e-01 4.276777279959906863e-01 4.372437024320627308e-01 3.872794821124976861e-01 3.472694768396466514e-01 4.173313441567084725e-01 3.294224108949538876e-01 3.648250270753632951e-01 3.228631435166999797e-01 3.060882608823689566e-01 2.565493222983447619e-01 3.198996285341439427e-01 2.747854320093684466e-01 2.855096151312298547e-01 1.664863490125261802e-01 2.047730999647375816e-01 1.571106308064316726e-01 1.652578575510612047e-01 2.005090125219244068e-01 1.626485595584332700e-01 1.363090510131892141e-01 1.068883924809458930e-01 1.087524796841317226e-01 2.063708816538739887e-01 1.610218915942910611e-01 2.856990998215337349e-02 6.395508547980989500e-02 8.107531339009725613e-02 2.104126955333984750e-01 1.499067703013755304e-01 1.878039259818971296e-01 9.637680446253768518e-02 1.193523064298683267e-01 1.508648571303728425e-01 1.727093872194180590e-01 2.038939434435873554e-01 1.069085432181642314e-01 1.034513688420196365e-01 1.043143573647928868e-01 7.591919455940743244e-02 6.939331294442262210e-02 1.154925443299858329e-01 9.472290242450401299e-02 1.661063958766220150e-01 1.546650388724973568e-01 6.067535251337633634e-02 1.594485691993387799e-01 1.592146217708467482e-01 2.143541274044345468e-01 2.204790049240960559e-01 2.006052128710085480e-01 2.040155941858707023e-01 1.937855070031210547e-01 1.540686544033056105e-01 1.556656108784548187e-01 1.186468164206369302e-01 1.551039503467155356e-01 1.524629590795336387e-01 1.431089054476509526e-01 1.470798442932888805e-01 1.261471686263166969e-01 1.426430832641226720e-01 1.311226864805663528e-01 1.002382960076782653e-01 1.159467221029967798e-01 7.343160851369499864e-02 5.380351555958206439e-02 6.385699775401473821e-02 1.162825144044637715e-01 7.905602545088449840e-02 4.910327720410909841e-02 1.022573066205082343e-01 6.948116162792840333e-02 2.488634912821634931e-02 2.675680907793459920e-02 9.079966612079554134e-02 1.672159542474218608e-01 4.544311811528343320e-02 7.070908320996410756e-02 2.255171324383602877e-02 4.511336029266741626e-02 5.715087233063299854e-02 4.080025915885560073e-02 1.145570627460517910e-01 1.067665665162322031e-01 7.660837229785769087e-02 3.433972065833051923e-02 6.516487025416314860e-02 5.901885610856950209e-02 2.801707311183044419e-02 4.295312035694712899e-02 3.649190069462052849e-02 5.016258682289019555e-02 9.701838812073146356e-02 8.769457410726065605e-02
1.378090048773443765e-01 1.000000000000000000e+00 1.261389801639591079e-01 6.153855535052970421e-02 1.081205145900778208e-01 1.373301699664582209e-01 1.751066318574131531e-01 1.479281877389117816e-01 2.084791097457649456e-01 2.672593317907202004e-01 1.579906836384445123e-01 1.265366911727454635e-01 1.538951897154509085e-01 1.101396820915531843e-01 1.273919821517957573e-01 1.609084970724669328e-01 1.658134280161553953e-01 1.552636214339726262e-01 1.655540023524060267e-01 1.240353481600188351e-01 1.565506137207270387e-01 1.599232132164869202e-01 1.939910471542428405e-01 1.583661957650102370e-01 1.898746545511712236e-01 2.226473195026515695e-01 1.586909243546137938e-01 1.564550696893247106e-01 1.860998673294508299e-01 1.810609094151177934e-01 1.747113345264221795e-01 1.744298936409784395e-01 1.424585111026979156e-01 1.602098918516942083e-01 1.829796826120949627e-01 1.831980888292913945e-01 1.827398087456912068e-01 1.805255442390859555e-01 1.695640509018650488e-01 1.492745511700915850e-01 1.750238964425820665e-01 1.435744508313055168e-01 1.279044244015185294e-01 1.435310974648965066e-01 1.645608950780793334e-01 1.651734064394521084e-01 1.483189401295103294e-01 1.816287341664862831e-01 1.586681466680515129e-01 1.561209785291585161e-01 1.546403413016421702e-01 1.468029405275263211e-01 1.329630481605049430e-01 2.012400174058126545e-01 2.062967498595959792e-01 1.983044230887251180e-01 1.789933634820300157e-01 1.623586945640197732e-01 1.611557183225230672e-01 1.588921865494032359e-01 1.296049414755312823e-01 1.747859118700811898e-01 1.817757586943719028e-01 1.617784905352346592e-01 1.654016650623119644e-01 1.801346946233245150e-01 1.598098286414170732e-01 1.637240881932509051e-01 1.818810787668437012e-01 1.628548240933054558e-01 1.626818964945375701e-01 1.672149361804468604e-01 1.695178445600541706e-01 1.745299073316831651e-01 1.711424868919930176e-01 1.666941418200943159e-01 1.657530623384891044e-01 1.764170226039356304e-01 1.657170245138198106e-01 1.661349186330374483e-01 1.666789581158833189e-01 1.607867525373810613e-01 1.834476463017801484e-01 1.726189740423295926e-01 1.549463847697671870e-01 1.652351270827143448e-01 1.593606207133554109e-01 1.530799058972174276e-01 1.556996191819995379e-01 1.892306856584040908e-01 1.505224735924588220e-01 1.487176803221317289e-01 1.578122399609541704e-01 1.507971920239542796e-01 1.533264860241528305e-01 1.584684942967674870e-01 1.605147132231136420e-01 1.716063013563904616e-01 1.466927520930483009e-01 1.505108359915016680e-01 1.414276159514364084e-01 1.565452164597785356e-01 1.469139601569838249e-01 1.406890921734121891e-01 1.528087030989911665e-01 1.739035565929993032e-01 1.653698641850301354e-01 1.710029870016263054e-01 1.842731874713011420e-01 1.565037240990838352e-01 1.571691157352374246e-01 1.532589794165081509e-01 1.583939435681945562e-01 1.524863874252766760e-01 1.570952234798222991e-01 1.605605801983930880e-01
4.264587849982688361e-01 1.261389801639591079e-01 1.000000000000000000e+00 4.927766105510130168e-01 2.964896539880296777e-01 2.809247240933134271e-01 4.043884233014914953e-01 4.026910519457020943e-01 4.572896442856163035e-01 2.335537434642298293e-01 4.427848857379064196e-01 4.602441992256534053e-01 3.419063773661633610e-01 2.894134337759505238e-01 3.322728328822588950e-01 4.321419958066990419e-01 3.968200158318214710e-01 5.161307076102983338e-01 5.050218642523714996e-01 5.217871240531369859e-01 5.763179575838696111e-01 5.649967407996473456e-01 4.954575586934475417e-01 5.187711134649158895e-01 5.515006726618196797e-01 4.647121606511245284e-01 5.479980611529871037e-01 4.840057201835785694e-01 4.782422513958625720e-01 4.861391736326224344e-01 5.006000548959388396e-01 4.360612121056685608e-01 4.909086110183465412e-01 4.600159671587824572e-01 4.734046259477639462e-01 4.218769421247294815e-01 4.375933481157250893e-01 3.851252936835077301e-01 4.177835062107422837e-01 4.509497905043378663e-01 3.963126407799264506e-01 4.005360110389263872e-01 3.977868768277880163e-01 3.828357441786298110e-01 4.451760225038679519e-01 4.077646328646178375e-01 3.022351889833439498e-01 3.119876146973966646e-01 3.381071289397998836e-01 4.405688160927109243e-01 3.981025531660319361e-01 4.311487565536872846e-01 3.771258499125957897e-01 3.180415271669737587e-01 3.450076796347305574e-01 3.807973777221387301e-01 4.063749362086409023e-01 3.555382049974990522e-01 3.429855031391914610e-01 3.551141533750533652e-01 3.522686980019015257e-01 3.190313601811933797e-01 3.467873614087810252e-01 3.491851955566937504e-01 3.937758655552906495e-01 3.915528840113943199e-01 3.159606551902444105e-01 3.826680316302156215e-01 4.009905013928569684e-01 4.568403644855006385e-01 4.587831903753138985e-01 4.325762183988537957e-01 4.296046953390432743e-01 4.339823397146854722e-01 3.998124924514659395e-01 3.990816435578320998e-01 3.771682125092060689e-01 3.920041939142800413e-01 4.037391127361632526e-01 3.853438541445264875e-01 3.955377124608174810e-01 3.861037258437068909e-01 3.936377673510183528e-01 3.840924705069779233e-01 3.704274716591530736e-01 3.727184268337654371e-01 3.569826536572886511e-01 3.317368093550316366e-01 3.403556951449606127e-01 3.736916721598865787e-01 3.705283851344241541e-01 3.325455491573590661e-01 3.762920685733515680e-01 3.495972664235300065e-01 3.107287984578396833e-01 2.990053405092988892e-01 3.637615668265287150e-01 3.973323354192100920e-01 3.264554776930786439e-01 3.499775336748147669e-01 3.239371540582183795e-01 3.215217165889473483e-01 3.413449012437364538e-01 3.285631924867001286e-01 3.816327557056284348e-01 3.627216347734745772e-01 3.353399923534670091e-01 2.975253798692335527e-01 3.201048402063625953e-01 3.324116362126163238e-01 3.100714655818108678e-01 3.163386470910519721e-01 3.117963556780375955e-01 3.226805478204171074e-01 3.502372459305322927e-01 3.501281806676836417e-01
2.717957218682206522e-01 6.153855535052970421e-02 4.927766105510130168e-01 1.000000000000000000e+00 4.422505528660263252e-01 3.913294122757803306e-01 6.520535720722383521e-01 6.456488438510129546e-01 5.230462627934671094e-01 3.639100510148373102e-01 5.535797461536713371e-01 7.008610464370088611e-01 5.376935123697950125e-01 4.775029529743113343e-01 5.721450576478833705e-01 6.339991444641378537e-01 3.895105345453851453e-01 4.268669693560436795e-01 4.485416222493406879e-01 5.622497964624862954e-01 5.853501500803579560e-01 5.515636644976787961e-01 4.371373647082100744e-01 4.502968428000239665e-01 5.926345171183771132e-01 4.267127396926613803e-01 5.280006063507044489e-01 5.265338125432030836e-01 4.497850344206781315e-01 4.682518518222981152e-01 5.579300360463850250e-01 4.974790027206679732e-01 5.451951745775622804e-01 4.891211643248799534e-01 5.032441547811667970e-01 5.748768331025478906e-01 5.235323482570812814e-01 5.136092490578163527e-01 5.562905407606414387e-01 6.066681640468405412e-01 5.314463021004675047e-01 5.495538581473725648e-01 6.013814642430654889e-01 5.476276385849816464e-01 5.783079100227140890e-01 5.319153297999690277e-01 4.741207055078454635e-01 4.596867944514228532e-01 5.071220428190478247e-01 5.911080538758788361e-01 5.498639150294157840e-01 6.190909928829605446e-01 5.822166090841559560e-01 4.301168847877590018e-01 4.417748255345050334e-01 4.778601794757573740e-01 5.497518217010506358e-01 5.048989785282106402e-01 4.850825518746548215e-01 4.952183274975262006e-01 5.381253658608312618e-01 4.578953026056323261e-01 5.003235273691568619e-01 5.139714177728424982e-01 5.126633944951558552e-01 5.383488839840815388e-01 4.592707665107623738e-01 4.556502607660044002e-01 5.009490801133433813e-01 5.735586298897016322e-01 5.752991403242423418e-01 5.363720180707057805e-01 5.051720460901731879e-01 5.354382730414624092e-01 5.194835067556105024e-01 5.170078547346436126e-01 5.099624966496466572e-01 4.945628059668001897e-01 5.248463248026188355e-01 4.983809348321096011e-01 5.060925023404659884e-01 5.201662528865886870e-01 5.205329823051858540e-01 5.067677133224793851e-01 5.283462113909147551e-01 4.885593890980101106e-01 5.156630513766240487e-01 5.061504692206967304e-01 5.031527448898845956e-01 5.151876488355687789e-01 5.499778838232026734e-01 5.121443469735263987e-01 5.369675363075258057e-01 5.216103853053886130e-01 4.913241531622472569e-01 4.720799179286762071e-01 5.623839672710913007e-01 5.442441342136441484e-01 5.198225073790539996e-01 5.237699680293697035e-01 5.279052821941043749e-01 5.071804094583081124e-01 5.394142096105962736e-01 5.174168679952786398e-01 5.580923814958274054e-01 5.377517312357960044e-01 4.997741220809654994e-01 4.520040808213660055e-01 4.720407151062326889e-01 4.986511171146770227e-01 4.855854450277680701e-01 4.860918560195456872e-01 4.881718157661887325e-01 5.001152415655635286e-01 4.983501038493540758e-01 5.146099620245753181e-01
1.680049765090906866e-01 1.081205145900778208e-01 2.964896539880296777e-01 4.422505528660263252e-01 1.000000000000000000e+00 3.232662857333238327e-01 5.558674181678785464e-01 5.189139304248321372e-01 4.312886285706196698e-01 3.649389272772580739e-01 4.300707773294177305e-01 5.114499724062159247e-01 4.722949399914159740e-01 4.305164514693220479e-01 5.126039049667625580e-01 5.270425756150951546e-01 3.456071454873330118e-01 3.079930519876143413e-01 3.195397305672176280e-01 4.036914762130301981e-01 4.134408515194245015e-01 3.814642211521285797e-01 3.099670249852457538e-01 3.236896810754334441e-01 4.254594797165680564e-01 3.540062097408362973e-01 3.781180918808545455e-01 3.924803213872473107e-01 3.357606758093519828e-01 3.570667983200549456e-01 4.298609711633860631e-01 4.173837460871699379e-01 3.991780166961986787e-01 3.992162489668469316e-01 3.802961918730113910e-01 4.765910897392577339e-01 4.204974118103834702e-01 4.377475940671499144e-01 4.547311309445178362e-01 4.782697549395680814e-01 4.558406872303620849e-01 4.628718268580633843e-01 4.893108399607078995e-01 4.831139179325790178e-01 4.712242120794106204e-01 4.412718178598758478e-01 4.404193379881883308e-01 4.325840716083257931e-01 4.500335203134901430e-01 4.777076961134975597e-01 4.615109387185914458e-01 5.105095240796257983e-01 4.946535788344205709e-01 4.048069464632817471e-01 3.985408633543062740e-01 4.140587077669403704e-01 4.544633257152613237e-01 4.573847034985460414e-01 4.204863836003122080e-01 4.521219732135363656e-01 4.686931375959363377e-01 4.216215657247478488e-01 4.330186132793490961e-01 4.533259600932119104e-01 4.466391273130715378e-01 4.647150706983661506e-01 4.296520623786255211e-01 4.011166590683542532e-01 4.324487472892568074e-01 4.770523335375984608e-01 4.619872861757429172e-01 4.420674059948453971e-01 4.229595027522643491e-01 4.426084783537448386e-01 4.485937847885965724e-01 4.433469430056197758e-01 4.476118300369376080e-01 4.258012751886749991e-01 4.462947365383291842e-01 4.306927970560424646e-01 4.268799422387745679e-01 4.461345132216328890e-01 4.509192423218813528e-01 4.301955829443776524e-01 4.553922068679336355e-01 4.316643665876466196e-01 4.531615369487767553e-01 4.543630778279052485e-01 4.450173774456845921e-01 4.553858540797401377e-01 4.752430971055965347e-01 4.602013935053673732e-01 4.638478195988052222e-01 4.581666026829338545e-01 4.497043377548287646e-01 4.358297553338011943e-01 4.795977654914334587e-01 4.669953605295670274e-01 4.648831109398924855e-01 4.628491623901421770e-01 4.695503419535191347e-01 4.545703633463339388e-01 4.710263838275334236e-01 4.642299763431355086e-01 4.820513949443266388e-01 4.642320304896344618e-01 4.512151303899065158e-01 4.314930776106142285e-01 4.341710136275054865e-01 4.597275506997574035e-01 4.437962194869002341e-01 4.481836857546351860e-01 4.441168142598074242e-01 4.519414321354114361e-01 4.462643835343156895e-01 4.577603367902688958e-01
7.589672497898909687e-02 1.373301699664582209e-01 2.809247240933134271e-01 3.913294122757803306e-01 3.232662857333238327e-01 1.000000000000000000e+00 5.389611934586888697e-01 4.854483021382668961e-01 5.320656244182523364e-01 4.740112773783412004e-01 5.439947874157078367e-01 5.783215333603547448e-01 5.226664918691097395e-01 5.193246767932129249e-01 5.811605032487600075e-01 5.763907610574187101e-01 4.900741366332340698e-01 4.402913430822941177e-01 4.636345463380525111e-01 3.945007088507470616e-01 4.386888780319523895e-01 4.598360192686430370e-01 4.492749535089074486e-01 4.694566514419575842e-01 5.363872030850216355e-01 4.888782041963019021e-01 5.024210749932468412e-01 5.107156732457963644e-01 4.686670888928602396e-01 4.965490887728988834e-01 5.538189598552089032e-01 5.660963426542816590e-01 5.185736288714489772e-01 5.603377447325403882e-01 5.405245438368682098e-01 5.946166388348912424e-01 5.759071694248997231e-01 5.713371200745441802e-01 5.924199106912838575e-01 5.788582814081331129e-01 5.912239951440663166e-01 5.870058896504967150e-01 5.973343042681951154e-01 6.017982940929710312e-01 5.992269728387663585e-01 5.833495278189861910e-01 5.858999129501523129e-01 5.795586389953919504e-01 5.929066299009292385e-01 5.867865533589916582e-01 5.926450192654703075e-01 5.987398773750480796e-01 5.989425558052594578e-01 5.637250852452129202e-01 5.579233435495607463e-01 5.691474408347551028e-01 5.823955307774566492e-01 5.759003395804234149e-01 5.697161718167031985e-01 5.869496807043987907e-01 5.972755678690783165e-01 5.809945402345719767e-01 5.771435732781499128e-01 5.939747639667359858e-01 5.845346840257975574e-01 5.949519175124531323e-01 5.869942985171007210e-01 5.788300355271359665e-01 5.959703360305121933e-01 5.839464507476456179e-01 5.926513929368540934e-01 5.920112590879962333e-01 5.925352171589902683e-01 5.979222178272083354e-01 5.922703855823080454e-01 5.870056429544965315e-01 5.893149490945513991e-01 5.819420911200683388e-01 5.917496136273299179e-01 5.843424591825197023e-01 5.882308986369434445e-01 5.942829198811900859e-01 5.967555572146467924e-01 5.896881174950453497e-01 6.040027522193367471e-01 5.978619592844001129e-01 6.022501818372730797e-01 5.905764362151940672e-01 5.944885948562594891e-01 6.004561559791784520e-01 6.025244700943079845e-01 5.980410650972846076e-01 6.034768697916214064e-01 5.970706029781902568e-01 5.924381533055611548e-01 5.859417394821404557e-01 6.042151986781330031e-01 5.978115536813162212e-01 6.007497444758334026e-01 5.967447628628914646e-01 6.022290687724459746e-01 5.929671091925019510e-01 6.022909199071537767e-01 5.947109100724374819e-01 6.053820779489350601e-01 5.991976460348139577e-01 5.964414453312625319e-01 5.809947798474255354e-01 5.859634775032306342e-01 5.913057495828522026e-01 5.864250342366578161e-01 5.885379238741971220e-01 5.893361376376377025e-01 5.927329462241022195e-01 5.869166562889840399e-01 5.941905074134038456e-01
1.522370625433046298e-01 1.751066318574131531e-01 4.043884233014914953e-01 6.520535720722383521e-01 5.558674181678785464e-01 5.389611934586888697e-01 1.000000000000000000e+00 7.599447568414198217e-01 6.567884452537150475e-01 6.063920536359671543e-01 6.740692325243664573e-01 7.898530664362966025e-01 6.941594238639219316e-01 6.626535989067099397e-01 8.051562730587940031e-01 7.939060810191419515e-01 5.218316241063923888e-01 4.527102709307738171e-01 4.633337920047354563e-01 5.803444941085177389e-01 5.840583763114880478e-01 5.261446649021291888e-01 4.688086844088689142e-01 4.744609765295773607e-01 6.438829547098396944e-01 5.299189594973501283e-01 5.687424113119494695e-01 5.944118798085475941e-01 5.073644854190596520e-01 5.485224620492596959e-01 6.536409506265767888e-01 6.484678073385535813e-01 6.115741373973758721e-01 6.125037961800764430e-01 5.985251281104202459e-01 7.415720120229715162e-01 6.649150680414747105e-01 6.952979103608142308e-01 7.179206461829692465e-01 7.459845880683418917e-01 7.121000429448171021e-01 7.191557144349223218e-01 7.672719362460770354e-01 7.380833442128100774e-01 7.319912923216305156e-01 6.971405005971167412e-01 7.002658510071593234e-01 6.897040553110738159e-01 7.199099887292023103e-01 7.493069190503823807e-01 7.273833943895403609e-01 7.802480742601900499e-01 7.657858826624911464e-01 6.459592450715153644e-01 6.361428165481668451e-01 6.635882322213636497e-01 7.142256971169443913e-01 7.038063786861037396e-01 6.743026527288159544e-01 6.966406373378206673e-01 7.324116470687731528e-01 6.746635551940148856e-01 6.979319727148358687e-01 7.220689544501752710e-01 6.921045124840964347e-01 7.262020828805797468e-01 6.801871285192986338e-01 6.342653501110694370e-01 6.879426322034155605e-01 7.310934902240432409e-01 7.033666325230706340e-01 6.823859842563294587e-01 6.660527832254872216e-01 6.916860649326611599e-01 7.003443231796474544e-01 6.906765569598696253e-01 7.021435055032591022e-01 6.706061919113479597e-01 6.978225348855136012e-01 6.807429250880253635e-01 6.828142075588270465e-01 7.010333338518048851e-01 7.107877703142846393e-01 6.873557663480800439e-01 7.296215941709716102e-01 6.837159519280345821e-01 7.190037824217833107e-01 7.208823476237876671e-01 7.092853190582033562e-01 7.215823710421697124e-01 7.498610785532030532e-01 7.252855479318921494e-01 7.277978437687833146e-01 7.209651061432363894e-01 7.147317651580045172e-01 6.971391274789497938e-01 7.630935482380911683e-01 7.305593527557949773e-01 7.373555140051224477e-01 7.311784644528275257e-01 7.485611314701627883e-01 7.226230212078322834e-01 7.487298015306278476e-01 7.297324764937301866e-01 7.504519198144148362e-01 7.383168561098071292e-01 7.183486974553640048e-01 6.849403572302491527e-01 6.945074646314743916e-01 7.200829017757459649e-01 7.085884761686228606e-01 7.079952996473199978e-01 7.098591762543758898e-01 7.177659963487853512e-01 6.957226827067665154e-01 7.205012736390313810e-01
2.004885102511801687e-01 1.479281877389117816e-01 4.026910519457020943e-01 6.456488438510129546e-01 5.189139304248321372e-01 4.854483021382668961e-01 7.599447568414198217e-01 1.000000000000000000e+00 6.488303083718716113e-01 5.746300137895258286e-01 6.690661725222210032e-01 7.859042766166216554e-01 6.818929394696269242e-01 6.304285486411312922e-01 7.450830627565401265e-01 7.929718754946707415e-01 5.326692576577463090e-01 4.717796668467535981e-01 4.947317254609899240e-01 5.636571111800288136e-01 5.834094083826586452e-01 5.540962997755844999e-01 4.857915891035571310e-01 4.885356294766561303e-01 6.426710689499561813e-01 5.466045940543692305e-01 5.906043368783839842e-01 6.171388595798986687e-01 5.337436975094604907e-01 5.689068555661727089e-01 6.596402582768418066e-01 6.466585650190586065e-01 6.291899200738224618e-01 6.084545145579985936e-01 6.169625993462798386e-01 7.223061676101693029e-01 6.558145192026388903e-01 6.981548432037182339e-01 7.123288464434742728e-01 7.402875414495765360e-01 6.963870021604419147e-01 7.099730367673078302e-01 7.526732454382187854e-01 7.252834650475560307e-01 7.254850391918663544e-01 6.902874416945984359e-01 6.745833466516467647e-01 6.641118726331969313e-01 7.049451528749557383e-01 7.489446852639982666e-01 7.270059887189340708e-01 7.645674028519671150e-01 7.451173205884276118e-01 6.327758257539337627e-01 6.287956889117589654e-01 6.562722923033532663e-01 7.189658349064930176e-01 6.941050347597179648e-01 6.709680531199239129e-01 6.844903982252412700e-01 7.203871680324448468e-01 6.573862350666185295e-01 6.889035832703732654e-01 7.137868662201266590e-01 6.862978902778276158e-01 7.150077076097856033e-01 6.625049237071779507e-01 6.245454539439609931e-01 6.736792303919437730e-01 7.088559425783306223e-01 6.959856023127655167e-01 6.799892035502808074e-01 6.534923054533224862e-01 6.778012952870459129e-01 6.902397264622127659e-01 6.793419439732235610e-01 6.851066449256245638e-01 6.627166196880783788e-01 6.915559637500579004e-01 6.746553889051392083e-01 6.745065113139910862e-01 6.892777931850895268e-01 6.969851663934338859e-01 6.785488366280295613e-01 7.141527198998440795e-01 6.691409969816057846e-01 6.954415199607717479e-01 7.042618799768641802e-01 6.937988984820865346e-01 7.037566131633724575e-01 7.258731652303563875e-01 7.020391020174550079e-01 7.124567294419770214e-01 7.044192263231786599e-01 6.932109167906332914e-01 6.748631280425387846e-01 7.462404239734234945e-01 7.237970293223698892e-01 7.176025237919400057e-01 7.147012376291663749e-01 7.221564732643575013e-01 7.058671671494668454e-01 7.241042444686618396e-01 7.106819708344012110e-01 7.328776141729603788e-01 7.261328191025087087e-01 7.033526802334846284e-01 6.611161407486680908e-01 6.753696578248140625e-01 6.997277027864237109e-01 6.907073548175783895e-01 6.876814108350890464e-01 6.881303801802922671e-01 7.011136465411419438e-01 6.853179721340743047e-01 7.042874663016961412e-01
3.418399873528769617e-01 2.084791097457649456e-01 4.572896442856163035e-01 5.230462627934671094e-01 4.312886285706196698e-01 5.320656244182523364e-01 6.567884452537150475e-01 6.488303083718716113e-01 1.000000000000000000e+00 6.881193770103862795e-01 7.827053013356776168e-01 7.933807409549032963e-01 7.092080756190418667e-01 7.148088687051039614e-01 7.603662704322501353e-01 7.875255741921307617e-01 7.951133634605647149e-01 7.435753277286240026e-01 7.632688896636811160e-01 6.467304093092479667e-01 7.136167149367873552e-01 7.484044767408010168e-01 7.615823045417374759e-01 7.752411574554394225e-01 8.206197932034343667e-01 8.200942116705624008e-01 8.148345588638318260e-01 8.188860370630762775e-01 7.817577283009126132e-01 7.986130440025646093e-01 8.460085693667646067e-01 8.457406608093259726e-01 8.068331972189264345e-01 8.342475356976700729e-01 8.232470764072188363e-01 8.168523115933841172e-01 8.215710921053419602e-01 8.360692870065699056e-01 8.476859077719923752e-01 8.156709775322719125e-01 8.573650520456508328e-01 8.332926355853299549e-01 8.042000724831349645e-01 8.334778808089731150e-01 8.584363957708238679e-01 8.384632554433036900e-01 8.054331306999799045e-01 8.235120050459513452e-01 8.291926417214082745e-01 8.438351633120619866e-01 8.423456545951280017e-01 8.368448822828437050e-01 8.145153134555753738e-01 8.361146005729388486e-01 8.366374815483240690e-01 8.476924264834510003e-01 8.644258255087789999e-01 8.354912809588171951e-01 8.237816583813161175e-01 8.390256101124715649e-01 8.217181599824897598e-01 8.250825880424311753e-01 8.344480502813473866e-01 8.350903794626084453e-01 8.574454061681220374e-01 8.596730636433577155e-01 8.200550626530854759e-01 8.414141201650834345e-01 8.564389401924739076e-01 8.502426860418651478e-01 8.553086148211190842e-01 8.605082121937283057e-01 8.590220754827192495e-01 8.615543973339618855e-01 8.550119275144411057e-01 8.479111962111799405e-01 8.349506201548224649e-01 8.406244139253203906e-01 8.469054714446734300e-01 8.453977939507085759e-01 8.454582198979662122e-01 8.432344750543439016e-01 8.512581719270925218e-01 8.373015130773624470e-01 8.356250769830005920e-01 8.429915337167378508e-01 8.214757308456787088e-01 8.163592538185766578e-01 8.204936382051141175e-01 8.468844372506958429e-01 8.173407698965912127e-01 8.153079078419087633e-01 8.380624234249846038e-01 8.232725847103694594e-01 8.061774512668880011e-01 8.077740599951430678e-01 8.260399985827193703e-01 8.616342255184914478e-01 8.142040789585277549e-01 8.252792691912397283e-01 7.988134050425257371e-01 8.151596820584153802e-01 8.173983496065305721e-01 8.127473298343751429e-01 8.446859361527283561e-01 8.414367996295319951e-01 8.340614048481961307e-01 8.103909087333913686e-01 8.268116040511337417e-01 8.218073132033741901e-01 8.035936924542635973e-01 8.151432950779062825e-01 8.122134711386546080e-01 8.202985636942011771e-01 8.321493844696887798e-01 8.380664405023871000e-01
5.252973920287718618e-02 2.672593317907202004e-01 2.335537434642298293e-01 3.639100510148373102e-01 3.649389272772580739e-01 4.740112773783412004e-01 6.063920536359671543e-01 5.746300137895258286e-01 6.881193770103862795e-01 1.000000000000000000e+00 6.678259633824226160e-01 6.899554795344317037e-01 6.627367649083781842e-01 6.805228181957440059e-01 7.431233967912116434e-01 7.184872408768760987e-01 6.344102052851403606e-01 4.917317125218272911e-01 5.195247751654493706e-01 4.388855451406981634e-01 4.766546556550142477e-01 5.021586996699672900e-01 5.209099611478242853e-01 5.126712172044386451e-01 6.118597602560852389e-01 6.569581097725439855e-01 5.946933496904236449e-01 6.426342501691517661e-01 6.075346660480056560e-01 6.353178322340852224e-01 6.884073510179975486e-01 7.066879088924618024e-01 6.431751406880069633e-01 6.728006564904820408e-01 6.814470252753588309e-01 7.482845559988372530e-01 7.226391114591252940e-01 7.674239990717931503e-01 7.572148497152753066e-01 7.099375147849968926e-01 7.647503361606453609e-01 7.499799424088793298e-01 7.312838070220565312e-01 7.634460638942930366e-01 7.478621296488067172e-01 7.611061626649541223e-01 7.896554264922098776e-01 8.032988775575137241e-01 7.823275320175535619e-01 7.292630125480152881e-01 7.629768529364067131e-01 7.261552271854532226e-01 7.523609175112337955e-01 7.890994008154957884e-01 7.750512711649697462e-01 7.707116376446560002e-01 7.642157385748644671e-01 7.763086533519520938e-01 7.749097294101225941e-01 7.838625043704805506e-01 7.656386700847294113e-01 7.920823512368287966e-01 7.865750112746923151e-01 7.853324126353403711e-01 7.699836508227047016e-01 7.877721391782465110e-01 7.861592553530486471e-01 7.474264213402370682e-01 7.675623792209129714e-01 7.357693536198718354e-01 7.338577822914599258e-01 7.472543889493579172e-01 7.363556519238017017e-01 7.499897177649536006e-01 7.728890283731708610e-01 7.662218495097979920e-01 7.775390429691899641e-01 7.664343534621517184e-01 7.599402483743360470e-01 7.735574006410234071e-01 7.671951758103365826e-01 7.750210652527408373e-01 7.820425642929051957e-01 7.769144392735957139e-01 7.815466761103780913e-01 7.739432826268400900e-01 7.843448963373164107e-01 7.891359417276939681e-01 7.858842921860446085e-01 7.894233882542746050e-01 7.748913887784328880e-01 7.857413760414851955e-01 7.787507441275665077e-01 7.836845514936905399e-01 7.931145903517273776e-01 7.932044585430367833e-01 7.712570020031104256e-01 7.778180187691468017e-01 7.840918718271332466e-01 7.843708209758861738e-01 7.827209321857782065e-01 7.881548833023029887e-01 7.794575755359550717e-01 7.805519293337525033e-01 7.779270188118831975e-01 7.898151966456758988e-01 7.928746452646436849e-01 7.973549131728443484e-01 8.008567575091342094e-01 7.908669896678831579e-01 7.899370331402824075e-01 7.908548559383308252e-01 7.930705996363895949e-01 7.916637592922742828e-01 7.847057714902437864e-01 7.907945594598897454e-01
1.860142231728403317e-01 1.579906836384445123e-01 4.427848857379064196e-01 5.535797461536713371e-01 4.300707773294177305e-01 5.439947874157078367e-01 6.740692325243664573e-01 6.690661725222210032e-01 7.827053013356776168e-01 6.678259633824226160e-01 1.000000000000000000e+00 8.314751435737058882e-01 7.299812806887170380e-01 7.630431963993040689e-01 8.011851470845584577e-01 8.208802846824247990e-01 7.145902287524036334e-01 6.810730468331289700e-01 7.260965626381878923e-01 6.067298190176395600e-01 6.706422509833598333e-01 7.327869472874832812e-01 6.941882927586371377e-01 7.123597375539875154e-01 7.975310596680048603e-01 7.895462136791566721e-01 8.005041846481376622e-01 8.148146438023694538e-01 7.730859702277237400e-01 8.083088451829989474e-01 8.588526714781258287e-01 8.163903032147841188e-01 8.105529734771549366e-01 8.101078707251109234e-01 8.292545647814876242e-01 8.359274497260557046e-01 8.453987549261989809e-01 8.396024356226056140e-01 8.684657464001762639e-01 8.500162360286993568e-01 8.650894913428691657e-01 8.582550730113996940e-01 8.463331720926713375e-01 8.672656596113936800e-01 8.741416162791209032e-01 8.643313237657491710e-01 8.414151601671635561e-01 8.355355640539049444e-01 8.437394866379108738e-01 8.358202470558830921e-01 8.528925482948174208e-01 8.478240008169186659e-01 8.465496138956886130e-01 8.173959097033273169e-01 8.225614677846679879e-01 8.449112627841186551e-01 8.517805177566274422e-01 8.508364700300391492e-01 8.401845496617776909e-01 8.566053223960869989e-01 8.561714681404082317e-01 8.441786266371862357e-01 8.437126900191431744e-01 8.471015506814947305e-01 8.618861585569415062e-01 8.643098001886332371e-01 8.411389359253533815e-01 8.489063607895230845e-01 8.623723573051336189e-01 8.561341792320469324e-01 8.763630767793285647e-01 8.784708030251903166e-01 8.588043873820686569e-01 8.722926450188023262e-01 8.746376412361238639e-01 8.692248708005771984e-01 8.622596883906162857e-01 8.651483841671545605e-01 8.769953741574469941e-01 8.699568264690605846e-01 8.712290276369771824e-01 8.779462295417082007e-01 8.639857590482554750e-01 8.654953661753638228e-01 8.602894467168196169e-01 8.598256091378720933e-01 8.613760931871401461e-01 8.492639056063374658e-01 8.558004797235070349e-01 8.620092352987063222e-01 8.628700739222389116e-01 8.528427982275711416e-01 8.738439042446604077e-01 8.619102621384828744e-01 8.461475585375648478e-01 8.369589661549403647e-01 8.525383859723059121e-01 8.595035959842710627e-01 8.489889136782844403e-01 8.567566095510982249e-01 8.427239926638969703e-01 8.477756476734024105e-01 8.545076900632954109e-01 8.523941712553163574e-01 8.666729376951349817e-01 8.577706317298825489e-01 8.504639884268508920e-01 8.340873074622604522e-01 8.444205971242272346e-01 8.526063396359934154e-01 8.407304414824409156e-01 8.460636376333785513e-01 8.444087795278321096e-01 8.476848537865500077e-01 8.559769090564909311e-01 8.576557430249452940e-01
1.916834310440684308e-01 1.265366911727454635e-01 4.602441992256534053e-01 7.008610464370088611e-01 5.114499724062159247e-01 5.783215333603547448e-01 7.898530664362966025e-01 7.859042766166216554e-01 7.933807409549032963e-01 6.899554795344317037e-01 8.314751435737058882e-01 1.000000000000000000e+00 7.968830527328760738e-01 7.943146246942290878e-01 8.831271889377118045e-01 8.969253575466595851e-01 7.040041404302018746e-01 6.393608841754562233e-01 6.746338782077532237e-01 6.658992608251106393e-01 7.050205892811427510e-01 7.134179448348021424e-01 6.603143858690411205e-01 6.704374361581687536e-01 8.052416164902743700e-01 7.256599017725613443e-01 7.647073848316859879e-01 7.986260411727725828e-01 7.169760567554129826e-01 7.563686690825736081e-01 8.504591239289411853e-01 8.296622127680648440e-01 8.113969521605918223e-01 7.987695591937346018e-01 8.077194275258179346e-01 8.837342813567926614e-01 8.499725280805452421e-01 8.625415058942609292e-01 8.952825357157514485e-01 8.959188983731696254e-01 8.795782501006669252e-01 8.882322804605293776e-01 9.128354733499255413e-01 8.960742361513263088e-01 9.018369779885900828e-01 8.785325187439637640e-01 8.648422305386873621e-01 8.527382433888588409e-01 8.821991601641925307e-01 8.955150925616589541e-01 8.945202438328319072e-01 9.200925864611529947e-01 9.127070955456830781e-01 8.247597558634818249e-01 8.224040875333705758e-01 8.468833010664668093e-01 8.926144991652157357e-01 8.741559021721242440e-01 8.607827212583500920e-01 8.735228271842184755e-01 8.972998903587043884e-01 8.524838110935147872e-01 8.722598547048956430e-01 8.854590845951322287e-01 8.767738333898655867e-01 8.960714353276846289e-01 8.551846372154864317e-01 8.323576224972325521e-01 8.673319768887717274e-01 8.889703389676298917e-01 8.948198625009391449e-01 8.790452919250437702e-01 8.531192507339466768e-01 8.789235640518954229e-01 8.796115059275655401e-01 8.760356419715655818e-01 8.727365337220920338e-01 8.577437116162969222e-01 8.820488775759189881e-01 8.712737127170043783e-01 8.744099763757503530e-01 8.868465586516451893e-01 8.837608577026073720e-01 8.706101312335581266e-01 8.926167209796530555e-01 8.649987191672715570e-01 8.863801221991285395e-01 8.823411419506521636e-01 8.820466670970387169e-01 8.821971002030066789e-01 9.002876782919845278e-01 8.843248593378005840e-01 8.976613892667779648e-01 8.905905051746605405e-01 8.769426361402953285e-01 8.641523179910739483e-01 9.042380618863471442e-01 8.969940860447744857e-01 8.929111664899226364e-01 8.916386499847712699e-01 8.935036688407420602e-01 8.837689713579043316e-01 9.000579881215556854e-01 8.901580536688954437e-01 9.098533461629836339e-01 8.977644566223828004e-01 8.820773690821124280e-01 8.493153372162632886e-01 8.600336014350102865e-01 8.793798311407713397e-01 8.688154505464442678e-01 8.742040686828784768e-01 8.746173346100273305e-01 8.831231227807980755e-01 8.769994715270993391e-01 8.899709856444042444e-01
1.081014952897286080e-01 1.538951897154509085e-01 3.419063773661633610e-01 5.376935123697950125e-01 4.722949399914159740e-01 5.226664918691097395e-01 6.941594238639219316e-01 6.818929394696269242e-01 7.092080756190418667e-01 6.627367649083781842e-01 7.299812806887170380e-01 7.968830527328760738e-01 1.000000000000000000e+00 7.276029584847470977e-01 8.113493929488070355e-01 8.143515104949384797e-01 6.457795859917917491e-01 5.493529653401955093e-01 5.861864251143028559e-01 5.292816170519886176e-01 5.603767918482498445e-01 5.840105107624247172e-01 5.602588917891745401e-01 5.765996509450507235e-01 6.832608484886858458e-01 6.642068451838687437e-01 6.609199770896458936e-01 7.074111577386046346e-01 6.322059337391031653e-01 6.700823318210924473e-01 7.429934697430423673e-01 7.541907504051805766e-01 7.006746097820968355e-01 7.218931539022339638e-01 7.176857718394328289e-01 7.899192753384082222e-01 7.577433419986324692e-01 7.813354768747055035e-01 8.029014899398473348e-01 7.868327951392865005e-01 8.052601807244509358e-01 8.048266670437772552e-01 8.227491864726338422e-01 8.180021627759797020e-01 8.044215822714524400e-01 8.005261489166290989e-01 8.089314151826040300e-01 8.035287914697194500e-01 8.115170659072333814e-01 7.876671420130040291e-01 8.102011942827327395e-01 8.140652079999147750e-01 8.232485604140297175e-01 7.775533913534389274e-01 7.712509956591597771e-01 7.830500268681789278e-01 8.010833262882158801e-01 8.090628637839949455e-01 7.895035202141407193e-01 8.107194893008191627e-01 8.268276909201839331e-01 7.966311944352735264e-01 8.031414425913782074e-01 8.127627056405718475e-01 8.006519314421129963e-01 8.173216354631908098e-01 8.046633336710569129e-01 7.734684940334929371e-01 7.985237018102538942e-01 7.894241197502290808e-01 7.924212274081663399e-01 7.923008637197185289e-01 7.786217753321387214e-01 7.939793582077824263e-01 8.097676621465017543e-01 8.034638015155948221e-01 8.081982350999916687e-01 7.920859153575836586e-01 8.039742132092837501e-01 7.997942522282128763e-01 7.988102951716721245e-01 8.099985414983074117e-01 8.109027029463281577e-01 7.982713694262750792e-01 8.169353001157370064e-01 8.032378125602591679e-01 8.158429910458254719e-01 8.150519264845668133e-01 8.172304118432379694e-01 8.153288743986756293e-01 8.231048699998679830e-01 8.219466994505887358e-01 8.223850116420335921e-01 8.214866573962317231e-01 8.172084662932090904e-01 8.097736273935630669e-01 8.214880799090199526e-01 8.129090140335674119e-01 8.209591927486241669e-01 8.208967329303068494e-01 8.268146996190809395e-01 8.198721876815813214e-01 8.254328615234572952e-01 8.212981096553093607e-01 8.288153328493990113e-01 8.222422177171734292e-01 8.162175206812797290e-01 8.033652788357561469e-01 8.075849293162412623e-01 8.181996631528077879e-01 8.106269590456314234e-01 8.161254683863704562e-01 8.133701845002396791e-01 8.193801133056324293e-01 8.122632183949507478e-01 8.202063230156003693e-01
