1.000000000000000000e+00 1.135369141078718946e-01 2.250349566340096308e-01 1.003715988462920983e-01 9.084155804646928956e-02 1.261238259069304979e-01 2.229544528365655920e-01 9.400400120623812750e-02 1.605162959402362532e-01 9.951566865383046356e-02 7.729147023759355695e-02 5.979253896276468666e-02 7.674226554508527254e-02 5.679355315420198808e-02 1.112141491136077881e-01 8.730512254878605716e-02 1.837325249727096432e-01 3.183354297971842661e-01 2.774132928830759792e-01 2.714062473914542473e-01 3.212034588980003935e-01 3.073638219899310076e-01 3.011373172084183536e-01 3.215658713694593551e-01 3.049276061273882843e-01 2.566342008356145010e-01 2.624617648599599784e-01 2.702090032607589731e-01 2.475443386355294928e-01 2.847727819194363352e-01 2.459553671344713588e-01 1.653505780292768290e-01 2.192241877431676256e-01 2.312108845137083313e-01 2.314040985139859397e-01 2.058593208609953984e-01 2.217237285849742445e-01 1.410400939206963578e-01 1.706630444084867304e-01 1.509442161417434147e-01 1.124788556459380695e-01 1.154928677753689625e-01 1.301043649128321988e-01 9.430029494731409501e-02 1.510543066707775994e-01 1.288168526141773018e-01 3.086923293287365672e-02 4.370117225860067206e-02 6.260132093961250088e-02 1.136298063024217125e-01 1.137304608316356130e-01 1.036650271394115724e-01 7.873747505440605032e-02 9.254540193624280486e-02 1.200614832473160948e-01 1.376567032114332234e-01 1.297353762686428158e-01 5.559797111842439826e-02 7.020017888432784903e-02 5.444053160680157460e-02 7.600463522181494236e-02 7.752798969399560258e-02 8.049624230532514968e-02 7.330245701785081947e-02 1.068657722167191682e-01 9.730619949821717185e-02 4.752442662792848854e-02 1.117902903277201571e-01 1.144892444700947032e-01 1.262720035152402609e-01 1.205769857523373428e-01 1.179984088745685833e-01 1.488543417093400600e-01 1.444520755756796559e-01 9.951200916023690557e-02 1.097738654446060030e-01 1.035946609546512243e-01 1.127805962831136127e-01 1.069310121757239551e-01 1.304415090642483677e-01 1.178895584979406386e-01 1.057417949163105830e-01 1.115529664496984347e-01 1.160300370140904119e-01 8.269844411174775978e-02 1.031320811925551667e-01 1.117234736629765940e-01 3.681831016594820649e-02 7.628811114723781095e-02 9.371621253864581558e-02 7.654959897052085460e-02 5.341400587486076074e-02 6.866548113027348688e-02 5.984623414185985535e-02 9.009576329172618026e-03 2.037798003855071163e-02 2.884447319877094656e-02 5.196623671764880742e-02 2.958975321370831482e-02 4.458311024658909161e-02 4.581099211389599163e-02 3.242130142274018273e-02 3.661863226891880901e-02 2.823494763062555854e-02 5.882960432878275164e-02 7.514976985045643265e-02 2.170135488237852003e-02 4.313699061078364594e-02 4.835236104449722877e-02 3.585137377017193205e-02 3.055220800943851331e-02 2.673882089624622996e-02 3.250483968448466404e-02 3.712384126346755103e-02 6.758531819736668389e-02 5.201291809889862366e-02
1.135369141078718946e-01 1.000000000000000000e+00 9.261730079361610302e-02 4.562474194404128602e-02 4.837698987798049605e-02 9.485480105049695632e-02 1.192906689398903763e-01 1.071586680784466644e-01 1.941571427583605181e-01 2.578914896873417684e-01 1.459027712764786322e-01 1.248720248099968455e-01 1.200854170328155418e-01 1.182590587170986585e-01 1.530225682737386406e-01 1.388503062722822867e-01 1.482660815711198954e-01 1.738921454753251383e-01 1.392746369949247331e-01 1.021077618603627168e-01 1.010737289955973839e-01 9.278835533252191570e-02 1.926939126359898113e-01 1.439960187340674214e-01 1.197248203105604758e-01 1.757483223742260237e-01 1.597495116807733095e-01 1.893693249250849031e-01 1.597434346584697407e-01 1.659196756687305041e-01 1.558040825315635813e-01 1.889519257683378861e-01 1.848683062779947761e-01 1.615802336625137003e-01 1.871922745325566295e-01 1.488419725487157008e-01 1.710920344292169715e-01 2.012750428488537524e-01 1.879740380782838338e-01 1.666546176893254072e-01 1.755043417488482971e-01 1.797807139266326959e-01 1.630656592740032940e-01 1.558422734230148765e-01 1.632486921707831384e-01 1.758116025403507199e-01 1.505967764246058660e-01 1.776193113503806154e-01 1.489355902341795712e-01 1.247311589033590629e-01 1.615418643482003647e-01 9.958322848936318472e-02 1.288632141129695818e-01 1.784625217449341550e-01 1.684359595542771759e-01 1.845183864410187002e-01 1.445843077287951306e-01 1.775013182997400574e-01 1.667716741761141319e-01 1.598890720174992175e-01 1.516813518429655228e-01 1.701611488546821149e-01 1.613813444382390938e-01 1.577080259382226124e-01 1.541284150775595607e-01 1.481880927217793242e-01 1.587011698980542174e-01 1.667532118697109822e-01 1.797557702537379287e-01 1.402654721683143924e-01 1.273345725510585391e-01 1.510447024803472094e-01 1.697638464968826422e-01 1.461814946605141663e-01 1.616090518168988577e-01 1.630510470211200547e-01 1.682203608411639295e-01 1.622088967738869181e-01 1.677015033777759512e-01 1.703776204057300958e-01 1.791723961474385174e-01 1.571383716565309396e-01 1.784505291412361305e-01 1.805912403839016189e-01 1.699121354886029278e-01 1.635141933468424458e-01 1.639705082515542922e-01 1.702266558220736081e-01 1.718906484459695461e-01 1.784243040762376886e-01 1.663564382997993474e-01 1.575656312096066491e-01 1.565341361987876434e-01 1.663622828861642533e-01 1.523139348673226423e-01 1.648476099827951014e-01 1.200124870716823139e-01 1.285509884527112345e-01 1.347022580573340733e-01 1.477697469630761540e-01 1.512087748228579387e-01 1.479287251713816143e-01 1.421095312147381551e-01 1.476513522805463219e-01 1.455160351319920720e-01 1.531497290101146713e-01 1.483600873066109882e-01 1.702129674378164981e-01 1.668005126003793137e-01 1.589001607203483768e-01 1.582851706671784819e-01 1.566484416580074535e-01 1.574986718097850513e-01 1.546001179241580648e-01 1.544208136852578128e-01 1.505605983969541817e-01
2.250349566340096308e-01 9.261730079361610302e-02 1.000000000000000000e+00 3.537345561488747792e-01 2.673713798271402653e-01 3.328798373937671973e-01 4.484836153825667582e-01 3.655958323487947248e-01 3.857285295922878166e-01 3.436035494861586215e-01 4.094522233051982041e-01 4.121028217454772991e-01 3.710535799124444201e-01 3.075914164896569325e-01 4.335588981463890934e-01 4.105742697243007777e-01 4.038561161074933903e-01 4.455120113752965572e-01 4.619313858298066955e-01 3.989895450132134869e-01 4.574329950476719309e-01 4.922834631362256741e-01 4.515808407313377515e-01 4.551858398403700878e-01 4.818368283499976368e-01 4.821322774432944547e-01 5.131254448044391125e-01 5.140799603166135157e-01 4.592458279299072021e-01 4.870750065178152122e-01 5.092611676704169588e-01 4.430117080765021975e-01 4.358574872121099286e-01 4.562447413057985068e-01 4.277020025135139791e-01 4.667550231672816241e-01 4.782126574088961246e-01 4.339663825605848402e-01 4.540924704544619384e-01 4.454131569216854825e-01 4.321914771940813527e-01 4.398239059501846682e-01 4.474819557871292930e-01 4.326069348346847643e-01 4.615132626558533513e-01 4.425642402842986378e-01 3.838571177395148637e-01 3.806743256341528769e-01 4.001181680357072112e-01 4.286529527304070997e-01 4.351191405923071076e-01 4.328056881643733700e-01 4.134890981440246804e-01 4.036318526406990626e-01 4.169409601147705535e-01 4.276064432685670602e-01 4.267022665681317051e-01 3.972934717595165144e-01 4.067892553474929951e-01 4.032202990291565703e-01 4.190985528732080745e-01 4.085409566263222270e-01 4.112055612852040243e-01 4.053052650060345874e-01 4.206589154624458260e-01 4.201030709331898261e-01 3.847332173221169049e-01 4.295733219829538929e-01 4.247897726450234335e-01 4.338572753052756248e-01 4.392858726913938527e-01 4.376939552525869193e-01 4.394195047759430484e-01 4.561352859557372130e-01 4.331255048085012604e-01 4.403172567494063605e-01 4.360631555145436100e-01 4.299866885803847461e-01 4.430200154552071390e-01 4.536854935331490202e-01 4.459599993959142972e-01 4.480329548514409566e-01 4.213410098854972197e-01 4.237679609508150924e-01 4.109224197993595062e-01 4.213336383666205220e-01 4.424016825821133758e-01 3.864282162762419648e-01 4.122953159450409855e-01 4.118801071401116398e-01 4.152605787925081060e-01 4.017879569275288332e-01 4.194202396685279832e-01 4.109896525961374003e-01 3.704973955143230357e-01 3.749028659011400810e-01 3.859465169398078599e-01 3.916472958318907849e-01 3.843428415767712880e-01 3.965762188482780948e-01 4.020955867469612199e-01 3.796326112490848170e-01 3.923557475007789508e-01 3.860933827865148937e-01 4.049189592187340536e-01 4.043133466427856759e-01 3.775877102973352328e-01 3.894951670549600120e-01 3.920450139980845572e-01 3.890451769511216740e-01 3.837322117825822110e-01 3.826141417611787499e-01 3.820111768463729796e-01 3.850285458753915369e-01 4.016120882457610008e-01 3.940351968053333875e-01
1.003715988462920983e-01 4.562474194404128602e-02 3.537345561488747792e-01 1.000000000000000000e+00 4.012823537115096095e-01 3.957844400786660333e-01 5.991156049885523194e-01 5.752807984003528441e-01 5.310672357198668037e-01 4.318229843136019430e-01 5.769749207722604245e-01 6.609518768554305534e-01 5.644087876391465919e-01 4.423784105441240788e-01 6.212694362513336843e-01 6.084055153245273573e-01 5.004221914525420756e-01 3.874589673496899866e-01 4.547044303740847560e-01 3.660432972839172683e-01 4.228946084738244293e-01 5.065903191063865219e-01 4.371720566870165303e-01 4.271649202310882631e-01 4.737257992680465324e-01 5.806959873424821783e-01 5.778834903575570392e-01 5.382555636700526724e-01 5.016268188516445070e-01 5.075689359994915995e-01 5.779566084884646404e-01 5.389877959803694996e-01 4.849597736223992261e-01 5.330821175338203988e-01 4.582183607093568423e-01 5.667603975573919373e-01 5.438547421859059039e-01 5.498502089404790905e-01 5.650506864058714163e-01 5.668196208203282183e-01 6.103572541787433137e-01 5.881846050882391097e-01 6.087387900135698970e-01 6.128849277215435709e-01 5.981833921044213964e-01 5.738360601253009730e-01 5.835616217558721175e-01 5.664694535416253673e-01 5.780734735652014455e-01 5.836677033929429381e-01 5.740010569341618130e-01 6.208219106162031764e-01 6.177284099046526089e-01 5.549679285442455923e-01 5.433961580283119819e-01 5.625994872663804269e-01 5.726012422146542491e-01 5.714146894259007903e-01 5.681195091669414277e-01 5.912176984343369135e-01 5.990702814349134764e-01 5.767992965929163995e-01 5.699306257308913715e-01 5.806768168520314299e-01 5.747601994760804800e-01 5.937709785203632018e-01 5.740231726588274075e-01 5.691138142744882611e-01 5.723725686580632965e-01 5.651865561070080757e-01 5.867483651659344268e-01 5.862079813541566375e-01 5.675997622910367024e-01 5.838117520262556814e-01 6.141142295571087040e-01 5.973734316916121667e-01 5.849353303590738573e-01 5.703446799080424956e-01 6.010430363248789876e-01 5.804159774045662967e-01 5.764926777796858248e-01 6.062163426815503353e-01 5.809163322313289912e-01 5.518732992460376741e-01 5.657213988552886041e-01 5.784457010975539992e-01 5.901125286320908492e-01 5.660836892352375527e-01 5.842747804975226833e-01 5.780844426676431391e-01 5.924447772693547387e-01 5.950930271194162513e-01 6.029310619106527103e-01 5.871961607614641920e-01 5.765856068934989143e-01 5.744942201293795625e-01 6.084993010734658370e-01 5.871045250641316882e-01 5.943320448353569541e-01 5.862674671387811953e-01 6.017651960302905501e-01 5.833957296988785401e-01 6.018216764203443425e-01 5.967328043735374843e-01 6.008812452844873864e-01 5.910078457332281765e-01 5.791458280539555359e-01 5.756183447720250035e-01 5.749209866765275789e-01 5.856630451069073651e-01 5.784498529091582908e-01 5.816988553510616944e-01 5.771328597510421154e-01 5.823881653684886972e-01 5.768325578506580120e-01 5.883897406870494118e-01
9.084155804646928956e-02 4.837698987798049605e-02 2.673713798271402653e-01 4.012823537115096095e-01 1.000000000000000000e+00 3.340676977838306638e-01 5.078120819996175817e-01 4.979773858934273267e-01 4.785726980782634699e-01 4.159689553277824414e-01 4.902732098036385322e-01 5.155910987594022332e-01 5.082492297868833608e-01 3.995355606712230334e-01 5.398716579189889453e-01 5.337977740611627997e-01 4.552783808319239012e-01 3.919659498423607724e-01 4.260101216320857920e-01 3.661159334207509941e-01 4.020413002724380069e-01 4.426941803355269323e-01 4.481157260169417178e-01 4.028824966293255705e-01 4.367949394542464669e-01 4.994070400415520639e-01 4.854264723149603888e-01 4.728149281454240849e-01 4.397676701178123704e-01 4.574700383162543238e-01 4.844468815277359064e-01 5.069654113206888413e-01 4.606301186918875246e-01 4.849904081034736580e-01 4.499046227939802467e-01 5.021111719927316974e-01 4.862493022236451523e-01 4.980104022358643467e-01 5.103017272118028913e-01 4.858876884718828504e-01 5.184635337505802966e-01 5.091157075724742631e-01 5.304342582918366578e-01 5.223089208113176340e-01 5.178062663272713362e-01 5.026363497498607114e-01 5.085073424731147984e-01 4.931253337894317967e-01 5.070083764955554129e-01 5.138923199869737113e-01 5.137708484609369020e-01 5.284498902506412632e-01 5.156386806551553903e-01 4.975110987672548002e-01 4.873745569336940808e-01 5.147922918317859864e-01 5.099407140654556025e-01 4.994253955344318818e-01 4.975674084056680435e-01 5.139391408079524437e-01 5.183796224502960071e-01 5.089109523200924246e-01 5.014686647635719918e-01 5.161000637511360400e-01 5.112491356151469546e-01 5.187177564911414906e-01 4.991392608166036471e-01 5.078201215971387406e-01 5.188933376800283215e-01 5.072082493348801790e-01 5.106380141856872168e-01 5.119115249945377366e-01 5.059986809980352440e-01 5.116620804781173426e-01 5.225306235436295577e-01 5.125526497564146799e-01 5.060330232563912123e-01 4.990080289276533909e-01 5.131918319025658981e-01 4.989716661702985889e-01 5.037858237536841921e-01 5.134345028890406892e-01 5.192546685461287836e-01 4.971122800343647508e-01 5.042637298903173138e-01 5.098470517149021886e-01 5.100428245707523400e-01 5.027464349416674860e-01 5.105577319996269514e-01 5.134428460946078854e-01 5.095658758217707085e-01 5.132437609833012671e-01 5.149288131575028293e-01 5.051679773478925384e-01 4.952786217496754073e-01 4.996907180493322387e-01 5.186297820476931664e-01 5.160769241151162978e-01 5.139240997935999866e-01 5.116108551769719126e-01 5.146623933555144470e-01 5.092227924079647527e-01 5.116554860031762297e-01 5.094208876371326689e-01 5.215412091639558545e-01 5.173884234814962735e-01 5.054652051000002588e-01 5.040380077199293485e-01 5.052723806646695071e-01 5.098425770697500026e-01 5.049706178964069592e-01 5.023001968966726016e-01 5.057310420528899897e-01 5.083966030031802363e-01 5.044110972581019592e-01 5.104497918408263946e-01
1.261238259069304979e-01 9.485480105049695632e-02 3.328798373937671973e-01 3.957844400786660333e-01 3.340676977838306638e-01 1.000000000000000000e+00 5.401183259607937881e-01 4.932157109430415076e-01 5.412505528223304774e-01 4.839965124201596192e-01 5.558896452370442054e-01 5.810322922670116963e-01 5.277483152994475457e-01 4.613686223633046146e-01 6.015258425344914839e-01 5.763849860478386100e-01 5.440590940400635844e-01 4.539364303077087492e-01 5.060063401460810351e-01 3.847924841237729265e-01 4.408764754487216608e-01 5.188221894853142224e-01 4.571426959378852017e-01 4.621021766040845913e-01 4.946546314973125913e-01 5.595170847233289502e-01 5.872747727322878974e-01 5.811076783662539880e-01 5.250031783700609411e-01 5.435415357388971858e-01 5.990067587789742465e-01 5.602174269049452482e-01 5.343772098574542939e-01 5.545044193250932008e-01 5.197591984646086072e-01 5.691426859966158824e-01 5.712641165881613414e-01 5.769894727684898861e-01 5.885223033712229102e-01 5.850069774707816750e-01 5.987058749168147065e-01 6.022584770526875353e-01 6.023935480271124243e-01 6.057665903328594004e-01 6.044077017523596940e-01 5.995666704038058459e-01 5.875287437824703307e-01 5.844934022758025982e-01 5.885407483266760220e-01 5.887296932797982940e-01 5.920081828140650870e-01 5.953468849303800159e-01 5.991027104824840910e-01 5.841307883863279260e-01 5.801581959967379021e-01 5.713764145263715566e-01 5.983937982188684002e-01 5.890795963498315357e-01 5.923355888025918503e-01 5.974340694164678167e-01 6.041960991243713330e-01 5.949856799478733249e-01 5.948520736503146722e-01 5.916051750968879253e-01 5.990733562162318115e-01 6.014328118796955502e-01 5.884199602710820098e-01 6.001488768807803353e-01 5.842430887772233072e-01 5.729812993269781662e-01 5.961160753825750502e-01 6.115091154596719036e-01 5.854964951466341549e-01 6.001100933383147762e-01 6.092987711920714311e-01 6.059134962348275977e-01 6.061538088403994884e-01 5.877992886838797615e-01 6.122085211178901476e-01 6.059009756379437617e-01 6.041485619404650675e-01 6.157714506713908298e-01 5.903531867592942683e-01 5.835128830788894883e-01 5.881437753499515475e-01 5.924259181435712618e-01 6.051688596942205178e-01 5.855624034652692211e-01 5.974961520535689852e-01 5.853681694943173586e-01 5.976233833350188540e-01 6.007817893932655418e-01 6.052525136065981526e-01 6.013721094612973772e-01 5.824579539688072849e-01 5.839896150508510075e-01 5.928029772415327470e-01 5.914437634148269618e-01 5.921771997016651579e-01 5.909169595313418233e-01 5.966443411167010602e-01 5.875998067775751732e-01 5.918007278395536197e-01 5.930747388202785020e-01 5.990471186928885139e-01 5.943804481582010135e-01 5.863815444823641254e-01 5.893500594057471398e-01 5.895531377815066421e-01 5.921472525668426412e-01 5.879150556984431564e-01 5.890726107486313756e-01 5.875012535189197971e-01 5.893152807390941161e-01 5.972678774488033859e-01 5.942765309052548961e-01
2.229544528365655920e-01 1.192906689398903763e-01 4.484836153825667582e-01 5.991156049885523194e-01 5.078120819996175817e-01 5.401183259607937881e-01 1.000000000000000000e+00 6.992789255329013853e-01 6.821712031451496738e-01 5.932906606823181717e-01 7.034002007564144066e-01 7.388901941978457399e-01 6.991343445669326861e-01 5.854433880568786774e-01 8.240650808715340725e-01 7.469887891383755196e-01 6.764449611145041397e-01 6.194827530343880451e-01 6.631009008849054753e-01 5.319864506072365939e-01 6.303248432846577654e-01 7.071185443509774293e-01 6.806013814372851023e-01 6.408229282442643449e-01 6.839424510317040351e-01 7.832355770913608239e-01 7.861539548490923401e-01 7.700788350325800113e-01 7.112570799295795387e-01 7.404578223032688422e-01 7.856302627218573198e-01 7.341502878699599499e-01 6.979824208733856894e-01 7.344566133998625679e-01 6.908170398120488942e-01 7.474434787431667448e-01 7.601626051302792231e-01 7.391020457412483813e-01 7.578842921895779794e-01 7.376542573374247347e-01 7.649739503321635326e-01 7.633093822282069896e-01 7.741051211053819880e-01 7.653299504604879067e-01 7.749606465485180395e-01 7.569408586146761930e-01 7.195464194725185170e-01 7.064086123757847835e-01 7.290629078281709585e-01 7.377628625562341336e-01 7.396397933798314339e-01 7.401987625403028126e-01 7.440982387187108360e-01 7.280127251297460189e-01 7.250892277975375944e-01 7.496700954495645330e-01 7.489818956538988326e-01 7.269326606209772779e-01 7.288780563334953388e-01 7.328862375957376774e-01 7.500245265520353311e-01 7.384471161323487021e-01 7.387621787090321579e-01 7.319342666845211065e-01 7.328148111081639327e-01 7.485298127660529044e-01 7.170032605227109057e-01 7.412389409271410434e-01 7.511449785059024498e-01 7.280569683502083889e-01 7.514305290158441730e-01 7.516988887756387294e-01 7.494470769741663485e-01 7.606152551191124322e-01 7.745403847230460936e-01 7.662517657496922263e-01 7.571852004815290416e-01 7.475798327590413850e-01 7.688783816161415263e-01 7.622014634281417678e-01 7.575794285258152794e-01 7.725435507478087827e-01 7.572573005328397944e-01 7.399717362375246577e-01 7.324847185616187861e-01 7.459834896625630041e-01 7.626855494472204455e-01 7.191717315986039250e-01 7.455590205577710128e-01 7.448906696032752128e-01 7.486808224335674833e-01 7.431545753668986620e-01 7.517518735260207974e-01 7.417260347998591019e-01 7.034187048969402500e-01 7.075449537880067474e-01 7.353743445690935632e-01 7.318741971003817071e-01 7.275898069994732875e-01 7.320862519958307724e-01 7.396456138651734680e-01 7.236072593506863715e-01 7.299536047727662735e-01 7.264606004541945827e-01 7.388112780712193794e-01 7.423697970407221458e-01 7.155625587652169051e-01 7.190242350845017505e-01 7.256400510074684229e-01 7.265189778437728396e-01 7.197274286745869443e-01 7.151156126915274580e-01 7.183995281105352015e-01 7.236447232954521525e-01 7.258607600250687186e-01 7.272768103769140513e-01
9.400400120623812750e-02 1.071586680784466644e-01 3.655958323487947248e-01 5.752807984003528441e-01 4.979773858934273267e-01 4.932157109430415076e-01 6.992789255329013853e-01 1.000000000000000000e+00 7.075840240480751886e-01 6.336321208447439624e-01 7.305484899322518544e-01 7.849836600725783597e-01 7.325560038828651255e-01 5.964372880741803939e-01 7.942769606512599667e-01 8.098066097153705512e-01 6.864378508621498121e-01 5.440848402955218432e-01 5.765954566293921557e-01 4.896294524129521930e-01 5.406846706630998867e-01 5.988240296099218707e-01 6.165734413214680742e-01 5.479658887906407871e-01 5.848169169265711176e-01 7.127302146621838919e-01 6.933624557702814384e-01 6.791822205146135216e-01 6.148898837451645116e-01 6.536218130233277801e-01 6.783198810997381756e-01 7.557418965902568120e-01 6.668437312907550263e-01 7.023950003248418117e-01 6.757363631101008794e-01 7.285116701838449949e-01 7.027750411234665595e-01 7.565968173874151326e-01 7.422383428817767026e-01 7.202129028118441356e-01 7.746824049067135842e-01 7.614202660373405873e-01 7.742723593148499450e-01 7.864299871181231749e-01 7.653788963889911479e-01 7.578602318215860167e-01 7.830164400641991262e-01 7.814145712134398236e-01 7.924288528608288695e-01 7.726950606028973878e-01 7.808153239616638652e-01 7.678745272648451747e-01 7.884906247940048907e-01 7.873813221173379118e-01 7.729963395084787914e-01 7.787667561244431269e-01 7.877355849347220662e-01 7.751832622058487665e-01 7.822526472313982016e-01 7.867661343139216168e-01 7.994511527941321472e-01 7.930116951719181628e-01 7.868066698140884219e-01 7.936044315720482967e-01 7.749483553284559623e-01 7.944851919864979184e-01 7.808155966380264656e-01 7.715585262847991510e-01 7.857972341282797313e-01 7.572421432542759678e-01 7.660581179258277862e-01 7.715318194684692710e-01 7.612119251782279994e-01 7.620623900091164638e-01 7.911798513080838813e-01 7.797968543013931164e-01 7.680490365011513054e-01 7.504152267572937740e-01 7.744920177340746115e-01 7.636965145114485987e-01 7.617508717749597036e-01 7.709162753943382684e-01 7.856533808363583837e-01 7.600215113035534431e-01 7.705823207792162899e-01 7.757138651304292809e-01 7.737287342246780275e-01 7.783705405832624935e-01 7.766321706509162759e-01 7.890514794756928740e-01 7.720865239852665596e-01 7.843602557718656332e-01 7.866436649153198957e-01 7.804916254455925850e-01 7.774106954852709750e-01 7.834390182235008160e-01 7.856003568505510737e-01 7.930662839215008031e-01 7.913437347392352494e-01 7.805190387631902871e-01 7.905299101661471539e-01 7.928206932667453133e-01 7.909806748325374226e-01 7.882609971451522979e-01 7.935815280765557977e-01 7.989717255486433745e-01 7.900378291494415395e-01 7.878014538465905048e-01 7.908705276980432242e-01 7.864082331565912520e-01 7.853707080301612908e-01 7.833567198262240128e-01 7.892744459565388393e-01 7.906138452511675130e-01 7.799528434705172986e-01 7.911802827412889316e-01
1.605162959402362532e-01 1.941571427583605181e-01 3.857285295922878166e-01 5.310672357198668037e-01 4.785726980782634699e-01 5.412505528223304774e-01 6.821712031451496738e-01 7.075840240480751886e-01 1.000000000000000000e+00 7.490227884383588997e-01 8.077821230485966453e-01 8.247580631199084022e-01 7.616489701530845258e-01 6.459668332686908654e-01 8.296793425671845634e-01 8.331592740847850731e-01 7.992473943784845769e-01 6.565001863208641542e-01 6.914174824797250096e-01 5.526511023815561252e-01 6.212066847377357703e-01 6.888528106806551810e-01 7.101265103957349334e-01 6.519894996814665777e-01 6.889568134579374670e-01 7.864989611746910914e-01 7.829792512411983818e-01 7.876481535837049908e-01 7.314425753150320952e-01 7.636510907393935232e-01 7.818496028839072576e-01 8.464248376795887596e-01 7.990477862632147099e-01 8.144240160874545165e-01 7.982939813167274634e-01 8.326668004656584410e-01 8.343495004521988001e-01 8.591176735967334110e-01 8.580785850722617569e-01 8.170859621764878788e-01 8.579834922965636768e-01 8.542618951509565184e-01 8.507259602939380994e-01 8.671221625272196309e-01 8.591036244377435738e-01 8.613914672742388756e-01 8.622049287715043420e-01 8.736021087519393324e-01 8.611254251993966102e-01 8.451068846678694291e-01 8.648888510621365322e-01 8.268744425095168049e-01 8.478470836237118613e-01 8.672431988401212433e-01 8.454102513460498569e-01 8.580415684885471794e-01 8.561348583657117928e-01 8.586316676653216184e-01 8.593003094186004720e-01 8.710985926377659005e-01 8.692635463189729572e-01 8.745276069963455745e-01 8.588348946957600205e-01 8.718828402986508186e-01 8.739640374970755188e-01 8.694834260890926814e-01 8.683114107394708236e-01 8.690553032918242327e-01 8.760837840031462376e-01 8.365743446158538932e-01 8.499653321164508668e-01 8.647483954017912700e-01 8.596890258597481571e-01 8.547801692237877447e-01 8.740310657925252080e-01 8.725809387056281397e-01 8.679194394550613367e-01 8.583490257409308599e-01 8.648512896952493811e-01 8.561670703454654641e-01 8.658822428879748845e-01 8.629606190510339392e-01 8.758987585225062045e-01 8.664173481121087983e-01 8.620077372345770206e-01 8.722591244999370330e-01 8.728825214709516889e-01 8.637910875138663513e-01 8.731826404897172766e-01 8.712150547010187873e-01 8.642200805134683250e-01 8.676399146976658816e-01 8.700152346231206923e-01 8.680687255713689376e-01 8.582219185937723926e-01 8.676135394749971974e-01 8.376722288163043206e-01 8.579407423316606218e-01 8.606736666559140492e-01 8.599800765703606853e-01 8.637345186364654426e-01 8.639485855090348609e-01 8.632333258175908242e-01 8.608892665479371820e-01 8.696908156440946724e-01 8.704618293020234265e-01 8.621897134819793695e-01 8.747877826887108244e-01 8.717811746532077022e-01 8.703829066239751056e-01 8.673342967788160163e-01 8.664067437743875333e-01 8.671773189485373345e-01 8.663568218696376944e-01 8.708017050691986283e-01 8.689076891769895727e-01
9.951566865383046356e-02 2.578914896873417684e-01 3.436035494861586215e-01 4.318229843136019430e-01 4.159689553277824414e-01 4.839965124201596192e-01 5.932906606823181717e-01 6.336321208447439624e-01 7.490227884383588997e-01 1.000000000000000000e+00 7.402794767467509862e-01 7.426266655591001742e-01 6.914550396387645348e-01 5.802772103130083847e-01 7.564269699274890346e-01 7.663171109074868870e-01 6.952080249455128147e-01 5.854711500968950988e-01 5.856002785205983718e-01 5.000787574407521419e-01 5.234217170411801234e-01 5.607964214551336424e-01 6.524762930125950211e-01 5.584817724945718709e-01 5.705812454373632159e-01 7.171474634183989671e-01 6.956470609865011978e-01 7.120503385276165664e-01 6.552590518256449226e-01 6.747533793407411995e-01 6.881879369555755632e-01 7.827312353542172918e-01 7.223667055467584142e-01 7.268119999392527175e-01 7.237048914485276763e-01 7.302636288882664584e-01 7.404009161012428120e-01 8.083850385339614864e-01 7.919536727077536309e-01 7.465034944165596098e-01 7.941986508736704753e-01 7.961910626354208320e-01 7.811348767686157046e-01 7.976178667173299264e-01 7.791805357593571957e-01 7.990192499302538609e-01 8.057051501957563922e-01 8.187570927177749702e-01 7.990239695329244274e-01 7.620472568484808473e-01 8.035949418807266653e-01 7.349266133776610754e-01 7.734576165961887240e-01 8.184809534273117526e-01 7.940946882399694262e-01 8.022791198180375671e-01 7.886713206443530799e-01 8.116920481582633462e-01 8.072877283188829578e-01 8.059698447846663782e-01 8.033427125647835121e-01 8.150730699989070516e-01 8.070920105933581112e-01 8.039567115945073228e-01 7.906489037841016865e-01 7.988772772705554637e-01 8.044469748876690307e-01 7.985709201481206998e-01 8.109948320095450303e-01 7.686194560422581201e-01 7.605839950825105111e-01 7.867279569405919437e-01 7.843868560823614722e-01 7.664978105173108069e-01 8.034817734287772462e-01 7.973708094969366167e-01 8.000967976891374400e-01 7.865926783452709126e-01 7.951780222222302186e-01 7.858471623946737816e-01 7.958263730906174338e-01 7.893653203955875997e-01 8.107123179178201688e-01 7.955488442240171709e-01 7.991382591815631153e-01 7.979745532733356628e-01 7.967135855713238790e-01 8.130046145158484894e-01 8.095663643077374294e-01 8.126026946284926611e-01 7.949572481365532184e-01 8.054085180453171011e-01 8.016871424794288492e-01 8.075008746713547847e-01 8.025139133584033857e-01 8.116849531528427253e-01 7.725139661004178926e-01 7.855860476424264549e-01 7.952161685289236281e-01 7.975399933553576348e-01 7.997136609722075296e-01 8.058832576912818846e-01 7.964279375028614494e-01 7.992389823381633729e-01 7.993862411342042007e-01 8.086172360060880360e-01 8.034935448636705280e-01 8.177532929505370030e-01 8.164670896423140700e-01 8.099703175211767636e-01 8.112788352090110067e-01 8.067473370433245750e-01 8.100528453241705451e-01 8.046573927716959007e-01 8.003960476166530613e-01 8.049067168759405089e-01
7.729147023759355695e-02 1.459027712764786322e-01 4.094522233051982041e-01 5.769749207722604245e-01 4.902732098036385322e-01 5.558896452370442054e-01 7.034002007564144066e-01 7.305484899322518544e-01 8.077821230485966453e-01 7.402794767467509862e-01 1.000000000000000000e+00 8.678600530366857857e-01 7.861587588263211357e-01 6.713281652732826510e-01 8.669641402959616938e-01 8.629593077184438688e-01 7.825834093790400292e-01 6.334253957395704626e-01 6.886945658372728429e-01 5.520304146615656604e-01 6.149450904108213489e-01 6.933989428778339903e-01 6.869282698172027857e-01 6.320238718087617391e-01 6.846277229997476121e-01 7.988811621495346404e-01 8.128134589821979228e-01 8.063457382975730559e-01 7.423716529117200258e-01 7.694470030201163713e-01 8.167016913510518616e-01 8.436540899363986767e-01 7.796121028542606357e-01 8.077098474536682504e-01 7.760832926031205892e-01 8.348110133081675377e-01 8.452199037514157576e-01 8.667049163488103058e-01 8.699193165557074225e-01 8.392431333608099120e-01 8.918242060127221649e-01 8.860718629049232353e-01 8.876939463088155957e-01 9.020555513772505751e-01 8.865810996154226409e-01 8.883785923132523354e-01 8.938733714368209959e-01 8.919071889270779874e-01 8.813926862422595265e-01 8.584836994953198852e-01 8.803517226178073640e-01 8.596039365244584340e-01 8.841904689856329158e-01 8.780417530112845093e-01 8.514405098187620702e-01 8.634214494828145181e-01 8.701054314972652692e-01 8.930329465570714387e-01 8.821690493872760275e-01 9.029456534424963321e-01 8.992175016183261427e-01 8.965665040739245750e-01 8.836994078500273186e-01 8.937623078674821198e-01 8.899256178161132347e-01 8.910218528828243167e-01 8.958234765536186028e-01 8.875097967838821988e-01 8.886641786415250266e-01 8.616130607808655251e-01 8.795011570971004167e-01 8.932616648940602255e-01 8.679305505895681394e-01 8.784026234722054349e-01 9.061851156504941995e-01 9.039938094223518572e-01 8.974891232121046114e-01 8.826619739859815628e-01 8.985521413936778945e-01 8.860350211287569833e-01 8.935586044090515490e-01 9.029664614965664526e-01 8.913068626398403804e-01 8.828523566082977503e-01 8.837665118009629950e-01 8.898348757928298269e-01 9.001621129323584825e-01 8.940182674963961240e-01 9.006306646516050174e-01 8.885872430592524074e-01 8.966961456920443663e-01 9.040540479475014379e-01 9.057093558644767617e-01 9.020293046278142768e-01 8.936942372532695744e-01 8.963674480718659687e-01 8.817542682044671176e-01 8.846008325435732456e-01 8.978358198877129936e-01 8.959658286200846700e-01 9.019096364875074379e-01 8.944873805484099272e-01 8.981261083145165580e-01 8.988380928785664192e-01 9.005071852937760468e-01 8.951934091206704691e-01 8.925986035613603375e-01 8.977154616843446844e-01 8.946058409824987345e-01 9.015457885883750855e-01 8.982236426090914883e-01 8.997545565906526210e-01 8.967435190671663170e-01 8.972362434644479690e-01 8.979091560554381957e-01 8.988288077351339611e-01
5.979253896276468666e-02 1.248720248099968455e-01 4.121028217454772991e-01 6.609518768554305534e-01 5.155910987594022332e-01 5.810322922670116963e-01 7.388901941978457399e-01 7.849836600725783597e-01 8.247580631199084022e-01 7.426266655591001742e-01 8.678600530366857857e-01 1.000000000000000000e+00 8.185484681402780405e-01 6.796608065508691343e-01 8.972715747010495679e-01 8.967789626628431821e-01 7.848478557644605891e-01 6.093618685661671419e-01 6.684674179878000722e-01 5.461876576212165713e-01 6.022298624259316835e-01 6.839528855930387952e-01 6.724354684537895421e-01 6.206456140392411225e-01 6.725983670572077688e-01 8.087389043822801327e-01 8.162969425019737102e-01 7.997282644402519125e-01 7.283192286271824578e-01 7.619039132615188503e-01 8.142805269485053898e-01 8.554894820644353137e-01 7.791805268514950811e-01 8.136808970585805989e-01 7.682443591421669327e-01 8.402861323999227805e-01 8.381557641008252624e-01 8.766769632316799843e-01 8.735005387388748987e-01 8.585085479916534368e-01 9.124824652407380610e-01 9.019542552383200684e-01 9.086202780921845967e-01 9.268457055972759706e-01 9.002512282082361095e-01 8.983764336156625507e-01 9.218336725694272760e-01 9.148222019883862632e-01 9.120787533914505030e-01 8.871206712714280185e-01 9.007401124253496816e-01 8.932355858231052492e-01 9.197424316695224089e-01 8.975475798199978872e-01 8.696431439924968698e-01 8.785631992459986828e-01 8.903620329486366947e-01 9.104231953684365219e-01 9.049783112289011555e-01 9.255678005004730480e-01 9.267899803948268511e-01 9.163032209680277429e-01 9.052522622902844374e-01 9.162970368208315231e-01 9.019088796627602322e-01 9.157395313787932700e-01 9.184895180241217094e-01 9.012624179832289251e-01 9.062646330474122269e-01 8.784331454275340345e-01 8.943282829385355015e-01 9.066645449158203807e-01 8.818345782339767069e-01 8.927262585732851363e-01 9.292421143065980882e-01 9.194604091806273249e-01 9.139792249728831974e-01 8.919046317435589399e-01 9.165150909012634850e-01 8.960115353555038187e-01 9.039577854866027717e-01 9.202446094272211941e-01 9.074836251212299310e-01 8.927992475656166826e-01 9.047859233434956128e-01 9.087378336157408976e-01 9.157502199287074207e-01 9.159713908631288426e-01 9.184298086664650640e-01 9.078604284288519510e-01 9.205135154326964386e-01 9.280257464557571945e-01 9.297681680802873938e-01 9.239268895057316522e-01 9.209738207956988942e-01 9.219199483960803798e-01 9.204057607621611847e-01 9.146577596280935918e-01 9.276965368063606610e-01 9.224581901025756814e-01 9.299932595604901708e-01 9.225000171161082951e-01 9.290716095622393311e-01 9.300513761719366723e-01 9.270200682794134117e-01 9.196288807577895907e-01 9.212300761975489305e-01 9.211547608381553953e-01 9.190177629900023737e-01 9.275082807001833185e-01 9.226960985430067153e-01 9.244286456393191465e-01 9.222184895747848055e-01 9.233055293937827424e-01 9.153163211140007416e-01 9.244596757801275544e-01
7.674226554508527254e-02 1.200854170328155418e-01 3.710535799124444201e-01 5.644087876391465919e-01 5.082492297868833608e-01 5.277483152994475457e-01 6.991343445669326861e-01 7.325560038828651255e-01 7.616489701530845258e-01 6.914550396387645348e-01 7.861587588263211357e-01 8.185484681402780405e-01 1.000000000000000000e+00 6.350597759346489068e-01 8.370119692422132163e-01 8.465143899828333485e-01 7.368870614597140545e-01 5.985958877452089988e-01 6.495922934883120448e-01 5.259974672966526432e-01 5.903013954438707245e-01 6.628228977142224254e-01 6.612548939580346063e-01 6.097210815145076568e-01 6.491439213050271828e-01 7.627762474487173039e-01 7.677776977140242654e-01 7.578370430657696000e-01 6.941517521317561723e-01 7.299756177688236924e-01 7.623260880462560118e-01 8.015281926992309236e-01 7.450078988495035803e-01 7.689732483099868121e-01 7.415525838452816654e-01 7.901156136608553648e-01 7.861134518211390088e-01 8.150815445219875555e-01 8.220610356911276506e-01 7.849015064314327494e-01 8.419293935131249018e-01 8.405497729532589446e-01 8.445841031872934890e-01 8.551194836698399193e-01 8.405245999636221654e-01 8.311411807884968583e-01 8.524876222335285858e-01 8.428774668977833118e-01 8.394471869346056270e-01 8.164916329539473328e-01 8.351829673834060275e-01 8.234788662648637736e-01 8.408602056368538191e-01 8.316974239994961993e-01 8.092401318320709969e-01 8.243153032888695941e-01 8.235371783603904206e-01 8.453687300130103832e-01 8.320890644545967385e-01 8.552699199123237062e-01 8.599330887400825629e-01 8.463143932278843762e-01 8.314646132561624992e-01 8.518507291120360758e-01 8.431529427737305404e-01 8.482090864562925603e-01 8.500878272484425624e-01 8.445121500610238696e-01 8.473724502828045013e-01 8.190511557703870071e-01 8.405600399874439965e-01 8.491265327459321943e-01 8.290680444041326203e-01 8.404948249932967519e-01 8.597969938493399411e-01 8.533995110895424840e-01 8.487817890343252181e-01 8.329450005423405523e-01 8.521660879592248827e-01 8.396648201923884169e-01 8.454630069262863978e-01 8.530108435592012039e-01 8.475981809578425619e-01 8.400642754877107876e-01 8.430849212316129382e-01 8.488093296893050033e-01 8.496639534627319357e-01 8.496482868134769273e-01 8.550074764828689000e-01 8.456207551907849451e-01 8.493322683847165377e-01 8.590130925186849620e-01 8.625423678534859251e-01 8.560344679878298946e-01 8.499316442211571898e-01 8.496083245604012513e-01 8.453333903606443656e-01 8.469335221393924362e-01 8.574098413178617983e-01 8.544953040253495669e-01 8.605757238410193244e-01 8.530463234330026845e-01 8.553527338623622134e-01 8.578979218188541589e-01 8.605603374172720033e-01 8.520680898872493580e-01 8.507187373869292690e-01 8.509569226503775896e-01 8.521386839308324745e-01 8.549471741824282711e-01 8.519189095275462309e-01 8.545697934133380524e-01 8.544404938915186598e-01 8.568195619295650989e-01 8.518037677151337750e-01 8.556277372613080301e-01
