1.000000000000000000e+00 9.815507752102316241e-02 -4.575131292187276620e-03 6.132350904632325600e-02 5.223236165055529165e-03 4.623069072064651605e-03 1.059590053481638226e-02 3.839529994569836763e-02 1.243721142860759604e-01 9.540393983651414278e-02 2.423000242213946623e-02 1.312960420494631471e-02 -1.358911591202759898e-03 -5.755431052542021170e-03 7.191678150942035740e-03 3.056692814207348161e-02 1.137895814203226247e-01 9.102509637345258114e-03 6.563278143269954575e-03 -2.237484740840190930e-02 -8.668697506704272238e-04 -2.353670132993724087e-02 8.234584283994277054e-02 4.911824581477521913e-03 -3.544704863229893033e-02 3.534230710091831179e-02 3.779537076316673988e-02 9.507498944716622283e-03 2.817056136583439771e-02 3.659721012349240188e-02 3.125316285946704020e-02 3.977162638029555636e-02 3.127564543724729949e-03 3.121287798303707187e-02 3.386071597294979668e-02 2.942794829964197681e-02 1.344413358917254109e-02 -9.327900518196972609e-04 1.981222278864758560e-02 -4.596065968297993742e-02 3.903912976377050658e-03 -5.639483134073927997e-03 -2.177139585733883775e-02 8.669868608454440323e-03 1.057551260279938204e-02 -5.970566822652340414e-03 6.733651383641959566e-03 2.387071519586035293e-02 4.772248120828222195e-02 4.812869620233140022e-02 2.231329031754520492e-02 5.275270306636162948e-02 1.742852352517362119e-02 6.333726725330843244e-02 4.410997073967490301e-02 1.820022300550880323e-02 1.045811546705859296e-01 7.296244453790929653e-03 1.115794282345280997e-02 5.215615465586911914e-02 2.830237032380817155e-02 4.252730892533370527e-02 4.096493216763776729e-02 6.280666602680159971e-02 5.854409636759162067e-02 6.650480164361317892e-02 3.054565065655047776e-02 9.025264782620476961e-03 3.326670907480740180e-02 4.884931980897455617e-04 -1.137669138456783371e-02 -6.404953811366386742e-04 -2.220751371404004748e-03 -1.182197559252632160e-02 1.299193662374946955e-02 1.331064756621172865e-02 8.090317228431873758e-03 1.368781354708143057e-02 -2.891518135911752812e-03 1.611056661850717928e-02 1.281183481767394182e-02 1.191942316709584775e-02 4.911605074531436715e-02 2.006901907721093947e-02 5.247895382708524410e-03 1.137962627832602401e-02 3.183841790432781916e-03 1.314066735778627714e-03 5.265102935611851685e-03 6.788406054040622105e-03 -2.139946187504206121e-02 -4.996146056201822630e-03 -7.781338741875248356e-03 -4.890030634127704411e-03 5.183097391356237572e-03 1.103975869582762837e-02 -7.851059345676362231e-05 5.245933935369705148e-02 1.456178582836502831e-02 8.373951596760924668e-03 -9.050797338806792700e-03 1.838321485447694942e-02 1.370971777346947050e-02 5.231431685988537604e-03 1.841239241654541933e-02 4.211665841463627796e-02 3.364664519778147456e-02 1.488909701322653142e-02 7.793434838273042252e-03 7.188726754134787920e-03 1.083045211856924726e-03 2.664176430166426135e-02 1.847512118889016799e-02 3.162205697370779750e-02 4.012045258233072620e-02 3.705440356953575154e-02
9.815507752102316241e-02 1.000000000000000000e+00 7.664583576422577538e-02 8.600631224593102697e-02 6.323883116103762303e-02 1.174099401789180930e-01 1.216262349645943763e-01 1.276899126615333169e-01 1.633458285808725985e-01 1.764406317427431037e-01 1.639749466146867007e-01 1.500539319983605901e-01 1.244922757111556338e-01 1.365500858425447439e-01 1.571161124479225069e-01 1.460606563103881983e-01 1.692348998299199325e-01 1.438161796224080580e-01 1.457158296048786106e-01 7.951454622020404095e-02 1.089925557514352938e-01 1.367589885821367257e-01 1.808227327714144461e-01 1.449386265179597733e-01 1.354356739889924222e-01 1.591998821131054009e-01 1.672662623072613819e-01 1.525802987745866479e-01 1.679651124820686070e-01 1.664170450395617007e-01 1.697864403354928386e-01 1.644484306967133325e-01 1.504790123035049387e-01 1.528041510172708783e-01 1.511984433550237206e-01 1.565301028176749321e-01 1.516465250826155575e-01 1.410448227188827452e-01 1.572348043242713100e-01 1.382596902451959653e-01 1.568257346954771980e-01 1.488075125434791535e-01 1.441148882027249167e-01 1.547441876531566451e-01 1.528531291000492787e-01 1.555040113311436656e-01 1.557003638126757683e-01 1.641106338349210270e-01 1.532153420179911130e-01 1.363855284142097557e-01 1.470684433177462391e-01 1.465962821963191498e-01 1.418894545118585815e-01 1.771445481792789933e-01 1.664421716806241125e-01 1.657130097300581473e-01 1.756108791375678435e-01 1.587000201340389161e-01 1.559912930061334579e-01 1.673574129451860515e-01 1.602118457633068815e-01 1.675349344677328489e-01 1.635583318187124324e-01 1.615559716195367201e-01 1.668383186549180774e-01 1.744201289028428636e-01 1.652917424370990429e-01 1.636619385097471124e-01 1.702373179327086594e-01 1.584185629470051537e-01 1.506527838254998475e-01 1.621309273079470925e-01 1.564291161243653583e-01 1.539654731088866135e-01 1.600822206528222102e-01 1.671523129250235273e-01 1.633112289831259722e-01 1.593543561710707712e-01 1.577521619686955145e-01 1.658601715149304878e-01 1.610299464166924654e-01 1.608207033868206126e-01 1.756181341182186106e-01 1.616274880550138682e-01 1.463806834467415163e-01 1.572669535018542397e-01 1.591283505192337133e-01 1.571584460479860945e-01 1.586984717227187536e-01 1.621962907789020747e-01 1.541331369525025252e-01 1.539430772177094175e-01 1.544123377926655549e-01 1.595999875698618231e-01 1.611297826322885263e-01 1.644671304056028738e-01 1.425542364896490166e-01 1.537913617735134075e-01 1.553615919353056596e-01 1.521298375694722926e-01 1.518329236783943770e-01 1.572165455054053695e-01 1.539796433706054346e-01 1.568423007100969713e-01 1.563258081095742491e-01 1.656537232262775550e-01 1.583834421555443406e-01 1.674403546366279860e-01 1.622297134086657378e-01 1.578207565672696544e-01 1.594626882689072489e-01 1.642170856920735222e-01 1.664234379008134312e-01 1.637609990584651676e-01 1.652591649849430855e-01 1.692338600683527539e-01
-4.575131292187276620e-03 7.664583576422577538e-02 1.000000000000000000e+00 3.161095546465847450e-01 1.998947954277339456e-01 2.256771145524307798e-01 3.486167364567311355e-01 3.059445382018729509e-01 3.387574339474979657e-01 3.136925006059181897e-01 3.761987661217734424e-01 3.861580959282900349e-01 3.356488689412308601e-01 3.466876726764741568e-01 3.823982054679019860e-01 3.744310695774459852e-01 3.444224050065126108e-01 3.757669813892221544e-01 3.939554133109200995e-01 3.217813702517207664e-01 3.859254584966907986e-01 3.996149605212873102e-01 3.481317890461373410e-01 3.885266098418640457e-01 3.996667585254997102e-01 3.883751298209155989e-01 3.782431270332298201e-01 3.931798170594839603e-01 3.702232039688878595e-01 3.793171446940656888e-01 3.881729674739030633e-01 4.016413755422403309e-01 3.949147387179916535e-01 3.944586099062363238e-01 3.639524586686869179e-01 3.906247853152229332e-01 3.951715209712501342e-01 4.022263758553608626e-01 4.026532232978694559e-01 4.240815321551951178e-01 4.035043365930869874e-01 3.918804398659841981e-01 4.089935990874584149e-01 4.001939958316273471e-01 4.016080465494516472e-01 3.847361482144279199e-01 3.714054532448797796e-01 3.848383339049454843e-01 3.815608739269386596e-01 4.001695989751324345e-01 3.999011212167777884e-01 3.982907216648286508e-01 3.970447667987379581e-01 3.650830152929336880e-01 3.796101914276915346e-01 3.867589939272567112e-01 3.649718625781308012e-01 3.795081832885753292e-01 3.798029085400356220e-01 3.760629072555720653e-01 3.817493654788213231e-01 3.702033830923401325e-01 3.717385629724644924e-01 3.754085427432967137e-01 3.870573378402328291e-01 3.780425146488153865e-01 3.823940056405189525e-01 3.863098887093003864e-01 3.769515123602109608e-01 3.976070375763520737e-01 4.058936766187649647e-01 3.940528161075265712e-01 3.888886675958572181e-01 3.951453896505103813e-01 3.938648616321263063e-01 3.889489104314941548e-01 3.916875264016707048e-01 3.789351078806948436e-01 3.893913783052755928e-01 3.828248779875266239e-01 3.941758182888301931e-01 3.941243731709877518e-01 3.862717148944087575e-01 3.808331108436369128e-01 3.941173093828503893e-01 3.882223216580463210e-01 3.969414981050339297e-01 3.923778119336737147e-01 3.900878554385734942e-01 3.944767721985129039e-01 4.062294904166658949e-01 3.946001940859626966e-01 3.981318854566290311e-01 3.930025959223228949e-01 3.834885604769975864e-01 3.868361531462433667e-01 3.946799847008081730e-01 3.834266051569526490e-01 3.828928055590156143e-01 3.936498021068879360e-01 3.983659421815958779e-01 3.832593817542951919e-01 3.893145929602264688e-01 3.889331716027681907e-01 3.929348479335551536e-01 3.829555864257430109e-01 3.844148133491670505e-01 3.836758374734847710e-01 3.870934718265431340e-01 3.836639194698798772e-01 3.804565237053739724e-01 3.808403346167091308e-01 3.808446660260514371e-01 3.831632869179884548e-01 3.807184330034825148e-01 3.818388326756910756e-01
6.132350904632325600e-02 8.600631224593102697e-02 3.161095546465847450e-01 1.000000000000000000e+00 3.102703344953852693e-01 3.596565515635329890e-01 5.538472036728465664e-01 5.155157212256720189e-01 5.676142450384122906e-01 5.215480388257671684e-01 5.840473252727623743e-01 6.192481319385642058e-01 5.634876841774504319e-01 5.216246602101591856e-01 6.135929630920540223e-01 6.098060298658550815e-01 5.523317826011555631e-01 5.711272032856118397e-01 5.685858178694208620e-01 4.878736444151896556e-01 5.719118737582595813e-01 5.834372876946041231e-01 5.639256392498473991e-01 5.679779092989102329e-01 5.811407521268094900e-01 6.196030375164149895e-01 6.086535220978233074e-01 6.201983964233467317e-01 5.991476533517958725e-01 6.079887984545975232e-01 6.153004937438965039e-01 6.186380510005917710e-01 6.059515591625999065e-01 6.151843531887311034e-01 5.897581281923715002e-01 6.070070630720910687e-01 6.120767875763871713e-01 6.134711886960630967e-01 6.197121832705684286e-01 6.110516120768020309e-01 6.240346195346522240e-01 6.200680380792178426e-01 6.263715003822979410e-01 6.216693423998114199e-01 6.247721848465691563e-01 6.169304780404593069e-01 6.004678446067250874e-01 6.119708880180727562e-01 6.182467787234097178e-01 6.202834222469562064e-01 6.175926316438579144e-01 6.200748141814063086e-01 6.260069226029372214e-01 6.102071708552389007e-01 6.160276086178767541e-01 6.232791744547973023e-01 6.096497359276985550e-01 6.105448904911564556e-01 6.037661898774265845e-01 6.138511711099952084e-01 6.105159623296942950e-01 6.105217819847716942e-01 6.096687955948709714e-01 6.130322593396505537e-01 6.179139368564599000e-01 6.143562015475447780e-01 6.088847512106346782e-01 6.158736086399517751e-01 6.132375355232461134e-01 6.276603651555721086e-01 6.196922515221356953e-01 6.172750141625151787e-01 6.095858400113063347e-01 6.130446806454107334e-01 6.215124645626387556e-01 6.133820969977826776e-01 6.205194524938002498e-01 6.105542000869661479e-01 6.145479672070331967e-01 6.136736473440180806e-01 6.097212721494669196e-01 6.188331615379281114e-01 6.210188417707052100e-01 6.124175329717044258e-01 6.158964325943876439e-01 6.151111369698981646e-01 6.140200092995348191e-01 6.179951511776219375e-01 6.181181117729916963e-01 6.224199873065603406e-01 6.207928386717435076e-01 6.171685501029889886e-01 6.193263302506317736e-01 6.169688582178559644e-01 6.088834122308817154e-01 6.133917830691660855e-01 6.246595223699303867e-01 6.249256050751016422e-01 6.183115869018496191e-01 6.226531898937973653e-01 6.244904824691887013e-01 6.183034492165547791e-01 6.215612687968373740e-01 6.202372957469459713e-01 6.247916540888814874e-01 6.209009074314157939e-01 6.181617096622995522e-01 6.148571597580222425e-01 6.161923513905377403e-01 6.161606958493182074e-01 6.090413225107278450e-01 6.164458684368484542e-01 6.157461722460449982e-01 6.187319417833311297e-01 6.136280333664645426e-01 6.177090237065873124e-01
5.223236165055529165e-03 6.323883116103762303e-02 1.998947954277339456e-01 3.102703344953852693e-01 1.000000000000000000e+00 2.976347543477559920e-01 4.173895245316971980e-01 4.150126347721260212e-01 4.234008371631435841e-01 4.055264094114907625e-01 4.331549486304642205e-01 4.645429341568141357e-01 4.133376844206973488e-01 3.967619362595556365e-01 4.638525587316481569e-01 4.605593830677358058e-01 4.126841310416386466e-01 4.395146190850640067e-01 4.442065032933063540e-01 3.452345891213407514e-01 4.040433982199261864e-01 4.267765598835198682e-01 4.526868320779897092e-01 4.447390055719765978e-01 4.375688344925346973e-01 4.742653737299014072e-01 4.694402041879099929e-01 4.739901612293058730e-01 4.692732666750793480e-01 4.762157078085403339e-01 4.812536743768831560e-01 4.798520705280774346e-01 4.700243124373855719e-01 4.821200291021958129e-01 4.778521951263246526e-01 4.517680613479074236e-01 4.688303199177529246e-01 4.686379332347933580e-01 4.820541183564961973e-01 4.612520174900046621e-01 4.776323481885411670e-01 4.774493719177059226e-01 4.783295815385855687e-01 4.842641311129474158e-01 4.770106257239190573e-01 4.753962431385755361e-01 4.684914907066307643e-01 4.765138741375355425e-01 4.777514145129510004e-01 4.730050324501852144e-01 4.771075566312088512e-01 4.552844043146965225e-01 4.755197947173221973e-01 4.733469355925171151e-01 4.772000754324712823e-01 4.738504756876872892e-01 4.628773741398204966e-01 4.808442509980676571e-01 4.771545127219113946e-01 4.780308459965833534e-01 4.777511707106427141e-01 4.768496069129140036e-01 4.741650415362349547e-01 4.739658069371867066e-01 4.737110105949104422e-01 4.702911381955338643e-01 4.775026181150729965e-01 4.832632112452338591e-01 4.883087284283316731e-01 4.834551046992475176e-01 4.686892346490291184e-01 4.741454006598238569e-01 4.793887561303721290e-01 4.779445639539310342e-01 4.829276515219194099e-01 4.811599067021116727e-01 4.840925170010904055e-01 4.787706269257576697e-01 4.733162108824533476e-01 4.836288338897739014e-01 4.796634322451698296e-01 4.807699395542110454e-01 4.735672236330007445e-01 4.868980751288297659e-01 4.812998868444887668e-01 4.844071333222897957e-01 4.777269513921131305e-01 4.794759707228395396e-01 4.798087975500738844e-01 4.783542180505437891e-01 4.753477202928790279e-01 4.819806833358508680e-01 4.817578900382311624e-01 4.818913695314822054e-01 4.746536537209541384e-01 4.790757864288633372e-01 4.759177084239123445e-01 4.719249257558062460e-01 4.733657138573415524e-01 4.787165050565286850e-01 4.813328203150830653e-01 4.781271888005390047e-01 4.778845641111580389e-01 4.807007588027886191e-01 4.747865242464488489e-01 4.709577633721804268e-01 4.760095851092790431e-01 4.778270350266343169e-01 4.806640357329764468e-01 4.828951129146135113e-01 4.756192012307141059e-01 4.769022386586641016e-01 4.787222266199006038e-01 4.747964828455934483e-01 4.737558761041076316e-01 4.750667526308489652e-01
4.623069072064651605e-03 1.174099401789180930e-01 2.256771145524307798e-01 3.596565515635329890e-01 2.976347543477559920e-01 1.000000000000000000e+00 5.050186851133534605e-01 4.654267640612356205e-01 5.053747675770932091e-01 4.672293957026809608e-01 5.360638949969702693e-01 5.710461766587713317e-01 5.114444442307608529e-01 5.055503708051072298e-01 5.805538128537299780e-01 5.591848618543372451e-01 5.269593858002228348e-01 5.223930168281389896e-01 5.381445923097751827e-01 4.063830279725230699e-01 5.045464462554125618e-01 5.481214744563737140e-01 5.361640402158882601e-01 5.352215331221961137e-01 5.468397116941680070e-01 5.672069670029568078e-01 5.718220730032832488e-01 5.757713884905361068e-01 5.755454515738561705e-01 5.881607763309766312e-01 5.836068731561481204e-01 5.681766344699393789e-01 5.601002510395295397e-01 5.737885914792707487e-01 5.686780838487174305e-01 5.679029689864916186e-01 5.756820375373546961e-01 5.743346230907325767e-01 5.860155321962374764e-01 5.653549061498346351e-01 5.887492587614688855e-01 5.886960129057482449e-01 5.887731590571740892e-01 5.915329876447117385e-01 5.890158271211399788e-01 5.896160505886648417e-01 5.854911554727441070e-01 5.890757752423753102e-01 5.787490070784797602e-01 5.631023404487299766e-01 5.833015073617693336e-01 5.663409467924896967e-01 5.854724788749821052e-01 5.785920689599451938e-01 5.766362270858814698e-01 5.878598823232101811e-01 5.652371561025090196e-01 5.864525029103311304e-01 5.822360178215374438e-01 5.907225454742711657e-01 5.856729362405371786e-01 5.824645388500325760e-01 5.796986583626358991e-01 5.815340379992536279e-01 5.871351855373685424e-01 5.827696319430352156e-01 5.917467935221737418e-01 5.958377108598710281e-01 5.887030063698318605e-01 5.912428149563030422e-01 5.880327327390637571e-01 5.968626420809743927e-01 5.909954185609967992e-01 5.928467068798161099e-01 5.944549537376726533e-01 5.900874379018727911e-01 5.928057864089352202e-01 5.931665783279975734e-01 5.937913488506881832e-01 5.943121694133134403e-01 5.889429285560241478e-01 5.928618636272516840e-01 5.890669899543644616e-01 5.870195295745094244e-01 5.835013689294670236e-01 5.920655512347973159e-01 5.917248117427467147e-01 5.939332642579410182e-01 5.944870441384382254e-01 5.933251749381925899e-01 5.932606505712870737e-01 5.971434117801553976e-01 5.935131316858740513e-01 5.969871482440523014e-01 5.933976045828581736e-01 5.927779273248640068e-01 5.876224837475492180e-01 5.822075188760825748e-01 5.892321870798202799e-01 5.932314362074972980e-01 5.968373965804760761e-01 5.906419969358148725e-01 5.948254211241045253e-01 5.931093000650464742e-01 5.951758583750296205e-01 5.860477699392717676e-01 5.879138640310132002e-01 5.922878490260344853e-01 5.940207152915397693e-01 5.936432884145788069e-01 5.915128154740236788e-01 5.931835750018419340e-01 5.926263764716710458e-01 5.930544053064290555e-01 5.922375512383116769e-01 5.912798922986995942e-01
1.059590053481638226e-02 1.216262349645943763e-01 3.486167364567311355e-01 5.538472036728465664e-01 4.173895245316971980e-01 5.050186851133534605e-01 1.000000000000000000e+00 6.649289312621895487e-01 7.055589529358906598e-01 6.702078630239396428e-01 7.605463706366807353e-01 7.921656788805639948e-01 6.888700048048502778e-01 6.807830197546286266e-01 8.380079529534801841e-01 7.763630649256283434e-01 7.027712381331527869e-01 7.579014252491239612e-01 7.890137736488656017e-01 6.104405786883173590e-01 7.421642901343317167e-01 7.869615404790060165e-01 7.486838466867532516e-01 7.899303461211175659e-01 7.985467775126584566e-01 8.153995930535321568e-01 7.969635383828042041e-01 8.151329428184813652e-01 8.025495242402254092e-01 8.047140386691480352e-01 8.122448412450228306e-01 7.997281618907553513e-01 7.796810367367188466e-01 7.990183496223468573e-01 7.686107140991871312e-01 7.613121381495318030e-01 7.922540780678082317e-01 7.991624765313133372e-01 7.996502181904325823e-01 8.039671616790208253e-01 8.198758880261961535e-01 8.182447555948938467e-01 8.113563290213419155e-01 8.217793713931240696e-01 8.090484714288932455e-01 8.139657826582568090e-01 7.979887092373730839e-01 8.031516021840080510e-01 7.960070524326786634e-01 7.908525497542339133e-01 8.046470057172969703e-01 7.694959109543925146e-01 7.977775651180393224e-01 7.830714293513187929e-01 7.914863521168078453e-01 8.135750033004278681e-01 7.618738014985161344e-01 8.034302185027414334e-01 8.041084109917172595e-01 7.986723390273207102e-01 7.994141277283677294e-01 7.871556028923940573e-01 7.865957093863632510e-01 7.875592140037009914e-01 7.866329222856323078e-01 7.866583828524273958e-01 8.010852567840303085e-01 8.172754083511820644e-01 8.085077017445123637e-01 8.291412989344680851e-01 8.257739438399477327e-01 8.213800974880619554e-01 8.232298099868524677e-01 8.281303003583728728e-01 8.238979458571131786e-01 8.144491156083208949e-01 8.219595709987749244e-01 8.178849916407213705e-01 8.267235819608668157e-01 8.049476469543382917e-01 8.058021734586674478e-01 8.140598690097943235e-01 7.959486913688725851e-01 7.974929739242078153e-01 8.113172721436299195e-01 8.114403074844085406e-01 8.068235521305872071e-01 8.150716734152086973e-01 8.090963286464584181e-01 8.135026719135793893e-01 8.215330076930873471e-01 8.186928059822478065e-01 8.177190148671228398e-01 8.197901422850799591e-01 8.066532478924984817e-01 8.086431004961500690e-01 8.052949743388454484e-01 7.924886895793292751e-01 8.039711113762186834e-01 8.168738449422029424e-01 8.162073425205684796e-01 8.026412005187881782e-01 8.087223819871414143e-01 8.122565383811658490e-01 8.048633894991926718e-01 7.871283167532490133e-01 8.039538106528397732e-01 8.043996489230154090e-01 8.078856452059236526e-01 8.103918932910882944e-01 8.029368460159049814e-01 8.019342011842502949e-01 8.015901780079016659e-01 7.987016507612272331e-01 7.944503345063774757e-01 7.994478861754646948e-01
3.839529994569836763e-02 1.276899126615333169e-01 3.059445382018729509e-01 5.155157212256720189e-01 4.150126347721260212e-01 4.654267640612356205e-01 6.649289312621895487e-01 1.000000000000000000e+00 6.728310692144192640e-01 6.432396579157638739e-01 7.128976487494097514e-01 7.420853205508850525e-01 6.656577130085093996e-01 6.566182317810838054e-01 7.594948942582687712e-01 7.533836994076323901e-01 6.752406975462061922e-01 6.978843849687272893e-01 7.116003260852261647e-01 5.491206940129035319e-01 6.759710553910898145e-01 7.123224342759221228e-01 6.970636797362456116e-01 7.051190152377057041e-01 7.136186859290923890e-01 7.495356337025309568e-01 7.426485215466112066e-01 7.535871701073848516e-01 7.391425779093687698e-01 7.563873490215275996e-01 7.671038578940043706e-01 7.503576871315164043e-01 7.372808083777541155e-01 7.548747453598880774e-01 7.365843042598535506e-01 7.342367768907600567e-01 7.498293902289611124e-01 7.501826020683840524e-01 7.608004814124961213e-01 7.396920404366098545e-01 7.664057341485734920e-01 7.622840119052968211e-01 7.633280630496098729e-01 7.666211706424544969e-01 7.615511513034796121e-01 7.571062472473759630e-01 7.550837109843194783e-01 7.617750980703171804e-01 7.615295241773835100e-01 7.518041593403809175e-01 7.603501924370367204e-01 7.381877094488380475e-01 7.544774100392845906e-01 7.585799408479676487e-01 7.643189300612194259e-01 7.681553220843126972e-01 7.527774270732543460e-01 7.627002456607715475e-01 7.647224202960560824e-01 7.623862950773213631e-01 7.640202906595106036e-01 7.619740656988925886e-01 7.640082603373112846e-01 7.552355567961851479e-01 7.565332634921554389e-01 7.572471363569038827e-01 7.587527927787154347e-01 7.690041055650809199e-01 7.633951694110391317e-01 7.695066948122010198e-01 7.671691788983289184e-01 7.656126111416400315e-01 7.670682475422861968e-01 7.671518712325415823e-01 7.688514767447696130e-01 7.631018701014902206e-01 7.685369330421980560e-01 7.659035254936527037e-01 7.667462640935207574e-01 7.654346486961066676e-01 7.636525356066807824e-01 7.676321470410355507e-01 7.608550644999656498e-01 7.627690352905717175e-01 7.669894111951023330e-01 7.671453891473558606e-01 7.647884015731224450e-01 7.675520050735529232e-01 7.649200009871095496e-01 7.694369734460672072e-01 7.637549105309150432e-01 7.676964680892313098e-01 7.670740472690527056e-01 7.673395270954405101e-01 7.635046696314248260e-01 7.656478913993337576e-01 7.687710499095076200e-01 7.644516360247410880e-01 7.670720631274063894e-01 7.698776092387704661e-01 7.730130156700472099e-01 7.711831806244525689e-01 7.675807973184390898e-01 7.701597507155110156e-01 7.680673533251090035e-01 7.655132276818721326e-01 7.664261588738394693e-01 7.652715223938238998e-01 7.700409970668660176e-01 7.667222792829092581e-01 7.683448771397188848e-01 7.656562857135198463e-01 7.686339766375998028e-01 7.645467488088871777e-01 7.609060570206612750e-01 7.652262423663946933e-01
1.243721142860759604e-01 1.633458285808725985e-01 3.387574339474979657e-01 5.676142450384122906e-01 4.234008371631435841e-01 5.053747675770932091e-01 7.055589529358906598e-01 6.728310692144192640e-01 1.000000000000000000e+00 7.533292279804235658e-01 7.907682446044959068e-01 8.211659309174472732e-01 7.408906759944717813e-01 7.268944526947495044e-01 8.279551540244979302e-01 8.175898892156024944e-01 8.086257995947366828e-01 7.691104305461372581e-01 7.818829131127409404e-01 5.642019420562486287e-01 6.984992304714977562e-01 7.421793572967001484e-01 8.072319904980381766e-01 7.543067215883197951e-01 7.592207122516174689e-01 8.322118266983157264e-01 8.204005674747387733e-01 8.228193274138027036e-01 8.153447371718663961e-01 8.480638145706245190e-01 8.554266638497745046e-01 8.531010434267087827e-01 8.148925930087478342e-01 8.401618466647229333e-01 8.364667719584268912e-01 8.127474949680079108e-01 8.423756137650042497e-01 8.257619984928370460e-01 8.482182150592160186e-01 7.832170506824498446e-01 8.434099333109842389e-01 8.348748532818628387e-01 8.174822522661692181e-01 8.450978541916318587e-01 8.397229631738866162e-01 8.378122352159683706e-01 8.494142199843673913e-01 8.607453543115147765e-01 8.584712057258394591e-01 8.371224729483373039e-01 8.484255699113117943e-01 8.226627174905032369e-01 8.401779052581795915e-01 8.660368151860681207e-01 8.551075509041695666e-01 8.485179733711205596e-01 8.652145656097969262e-01 8.419219630145063915e-01 8.503224981034808172e-01 8.680566259325935841e-01 8.578516863505425416e-01 8.602005172035235292e-01 8.564913290450589800e-01 8.658004940869404864e-01 8.599156836420353001e-01 8.661548731319369532e-01 8.623078728501033519e-01 8.561897438995379472e-01 8.671626400072537377e-01 8.434665662516023232e-01 8.272403692901993955e-01 8.480761182276652654e-01 8.442587754571191372e-01 8.353638080762699758e-01 8.538791726788741432e-01 8.537308070788325320e-01 8.506085670659160325e-01 8.499308450618076050e-01 8.437080177356277577e-01 8.570230603649242607e-01 8.553805094816366861e-01 8.576600724670692122e-01 8.673573815975140766e-01 8.593853042060384251e-01 8.526421622277730039e-01 8.598465860894517476e-01 8.503443212215954228e-01 8.527321026370545676e-01 8.559144113056045278e-01 8.537795851186217311e-01 8.389434182373912696e-01 8.496585152337050584e-01 8.484404260476064996e-01 8.506655342791969998e-01 8.547196108126080549e-01 8.584473674212912409e-01 8.424560858462910584e-01 8.588545240097594791e-01 8.535514543364871587e-01 8.522343988587675057e-01 8.440313853031153890e-01 8.570646040490149664e-01 8.551971830345036496e-01 8.530303726249283125e-01 8.560872113389560445e-01 8.594185182998665962e-01 8.634861171757155507e-01 8.593270052869808051e-01 8.545060793855713266e-01 8.558640968298290019e-01 8.506790727642534744e-01 8.625731822874124211e-01 8.597123046749649555e-01 8.647501791364693435e-01 8.620032962647304897e-01 8.649109210472725184e-01
9.540393983651414278e-02 1.764406317427431037e-01 3.136925006059181897e-01 5.215480388257671684e-01 4.055264094114907625e-01 4.672293957026809608e-01 6.702078630239396428e-01 6.432396579157638739e-01 7.533292279804235658e-01 1.000000000000000000e+00 7.328633167299666296e-01 7.706168271281435000e-01 6.763438962241788976e-01 6.733035341395751106e-01 7.785750984808396113e-01 7.575386648264467171e-01 7.431887401953253258e-01 7.261667343307486311e-01 7.377877030835422456e-01 5.102201977774259989e-01 6.488861359944260165e-01 7.024209013674491686e-01 7.603417378966794704e-01 7.161725428072854838e-01 7.268651531458478754e-01 7.797099737979875655e-01 7.752451748761688410e-01 7.793949654134848526e-01 7.714892823504175823e-01 7.904776139763933784e-01 7.982873468428287600e-01 7.956170652612157834e-01 7.679578913520211936e-01 7.808196919400630653e-01 7.778119545952982827e-01 7.561755194736434760e-01 7.873242587851544405e-01 7.717730114079808246e-01 7.926946751207977204e-01 7.410111324327830484e-01 7.915747708282329098e-01 7.812263928424127979e-01 7.657052717781192008e-01 7.908303699495062844e-01 7.855794497707356827e-01 7.826898279177415541e-01 7.987905246301731932e-01 8.102415191262536398e-01 7.978072681097108099e-01 7.730161323192933365e-01 7.885954127002260394e-01 7.601172703125405050e-01 7.798874006768500289e-01 8.179466541992534978e-01 8.063560947129579937e-01 8.010254383122777933e-01 8.028597885698951497e-01 7.919066843506680220e-01 8.003783851127581617e-01 8.077413676650537777e-01 8.046386501537146074e-01 8.088936303430634966e-01 8.029444373950741509e-01 8.018824619210669358e-01 7.934029737664870519e-01 8.092211719186812591e-01 8.043834321381214680e-01 8.068067245071738336e-01 8.116286427304184592e-01 7.927146794750825620e-01 7.805948625356060600e-01 7.960248265523592881e-01 7.981551164257677522e-01 7.888329111067607924e-01 8.010639459649575578e-01 8.026240367543803211e-01 7.986975261412089244e-01 7.988519956073113493e-01 7.924533233865025394e-01 8.042818057249904173e-01 8.004915326490996685e-01 8.038221648876214820e-01 8.114824469777693894e-01 8.039375360038181206e-01 7.932329148820638220e-01 8.027649405308788788e-01 7.982875705362423302e-01 7.966798924397661130e-01 8.009017407179337411e-01 8.015226632777809890e-01 7.912389806232471567e-01 7.959223622685529520e-01 7.956228157391792566e-01 7.991295639637024939e-01 7.990824585307434447e-01 8.041281332362772982e-01 7.782721528222421581e-01 7.937869797966875529e-01 7.934492160269839278e-01 7.932170850887947378e-01 7.888690875448901574e-01 7.999576424644392336e-01 7.932052490510820286e-01 7.975656363492571455e-01 7.975340768061295327e-01 7.997233535032974849e-01 8.025682302514046684e-01 8.055121597954447710e-01 8.031036484464947334e-01 7.981151527593063344e-01 7.978113754558218140e-01 8.052414099818056004e-01 8.061322223060768399e-01 8.021706741703924504e-01 8.014295129938574513e-01 8.065031181873192345e-01
2.423000242213946623e-02 1.639749466146867007e-01 3.761987661217734424e-01 5.840473252727623743e-01 4.331549486304642205e-01 5.360638949969702693e-01 7.605463706366807353e-01 7.128976487494097514e-01 7.907682446044959068e-01 7.328633167299666296e-01 1.000000000000000000e+00 8.734215446708964992e-01 7.746363904002194767e-01 7.727161982931173290e-01 8.794460027504434896e-01 8.544880792876626829e-01 7.937030403296025938e-01 8.188720529496719136e-01 8.317506050059059186e-01 6.253927052122449926e-01 7.731664562521413098e-01 8.204497019145160497e-01 8.160389003695455168e-01 8.170343537259845412e-01 8.403770697950970758e-01 8.679203246581276288e-01 8.556758887170917705e-01 8.742936484662924279e-01 8.617639976595673490e-01 8.853584510982763778e-01 9.047770486306322413e-01 8.824534807671535752e-01 8.705489977539129232e-01 8.816929013547721850e-01 8.648148457478191942e-01 8.606732800220350255e-01 8.853746733533502944e-01 8.783404383933635096e-01 8.955770201237064354e-01 8.637317742884517147e-01 8.965475870608912157e-01 8.921001550072265029e-01 8.849173802699297209e-01 8.999703688191262874e-01 8.931161071958354514e-01 8.904851230899482051e-01 8.963904787616199243e-01 9.026982535026064625e-01 8.943890495342234903e-01 8.806549423410148236e-01 8.951206225487077228e-01 8.702049301884091648e-01 8.936515684790085068e-01 8.877144810659080010e-01 8.895921630459620033e-01 9.000038438557601550e-01 8.754898131013547635e-01 8.921247895740659350e-01 8.968268012014948276e-01 8.957353138352618371e-01 8.983758886439111579e-01 8.910572295041806479e-01 8.910458902043056906e-01 8.907423794724607102e-01 8.888997991619654870e-01 8.922585735208343749e-01 9.006755636853710500e-01 9.049280352123919569e-01 8.996802205899986360e-01 9.016239584487147907e-01 8.964683263525986545e-01 9.045732942093743789e-01 8.958173294869318237e-01 9.001870974673921166e-01 9.052893722370923824e-01 8.999485957214927723e-01 9.024197272804334036e-01 8.996918042557181527e-01 8.998407973361362000e-01 9.029056603992821062e-01 8.990177019455170004e-01 9.059503864468103629e-01 9.001801716446495849e-01 8.990056378273352244e-01 9.032962841492951922e-01 9.045849353565836859e-01 9.039357461253086923e-01 9.044639428153614658e-01 9.056721282891004865e-01 9.047292704830479648e-01 9.037630762893393843e-01 9.050671682982143196e-01 9.056099919106710416e-01 9.056867690747623101e-01 9.032353160096541211e-01 9.057794509145830064e-01 8.992970463689957672e-01 8.965879976365712656e-01 9.019159774793408246e-01 9.045115627055896335e-01 9.050590947766598005e-01 9.034042912289432792e-01 9.041394806723469513e-01 9.042935695848475230e-01 9.054817697864607773e-01 8.965543432729250473e-01 9.029684933522181822e-01 9.032512560449281747e-01 9.047287874992174794e-01 9.022552408153474701e-01 9.013861731868162419e-01 9.030865754370795973e-01 9.022880951713287967e-01 9.020243222358925728e-01 8.989875110639912181e-01 9.023824233201582778e-01
1.312960420494631471e-02 1.500539319983605901e-01 3.861580959282900349e-01 6.192481319385642058e-01 4.645429341568141357e-01 5.710461766587713317e-01 7.921656788805639948e-01 7.420853205508850525e-01 8.211659309174472732e-01 7.706168271281435000e-01 8.734215446708964992e-01 1.000000000000000000e+00 8.098397704531452579e-01 8.007409896972599306e-01 9.131269106560437887e-01 8.962891206574918890e-01 8.306487194756309034e-01 8.464189400003743202e-01 8.628457730018678218e-01 6.550462488631177971e-01 7.987110462417549295e-01 8.544937385847296563e-01 8.570501785890610735e-01 8.474255135481865153e-01 8.691161026128940703e-01 9.040649053953516701e-01 8.953028678967684950e-01 9.113705133121868807e-01 8.961079568919820826e-01 9.181365055890222671e-01 9.356448388503972868e-01 9.253674126683626433e-01 9.025010329903168094e-01 9.190123449296082603e-01 8.987840495698299348e-01 8.947482529938669549e-01 9.225215946793371424e-01 9.170677005955779615e-01 9.317871865413347443e-01 8.990570157667886475e-01 9.319339551595736681e-01 9.294238425056523534e-01 9.239510941416299028e-01 9.363062849527336029e-01 9.310046676237490049e-01 9.291045204110995881e-01 9.313065477639070888e-01 9.369557437869733274e-01 9.300873405503178315e-01 9.179077456696597137e-01 9.320487293415656849e-01 9.038211623464573741e-01 9.290119282453545013e-01 9.235903982771926923e-01 9.259937519667115202e-01 9.367035635020038997e-01 9.098779786971398220e-01 9.311268642956632702e-01 9.320171612439367426e-01 9.345618245927469481e-01 9.342168934915974221e-01 9.291487521448484888e-01 9.268870350449892603e-01 9.269529955402774357e-01 9.259801544208504653e-01 9.293433397146413366e-01 9.369841484894063655e-01 9.407790896659791180e-01 9.385012053582477698e-01 9.382323272546124748e-01 9.304344870165518477e-01 9.416769918572390763e-01 9.339791145175448950e-01 9.346645353141459500e-01 9.402084793522514916e-01 9.362655188202722023e-01 9.378823509708400508e-01 9.341246024900821121e-01 9.361958745463437870e-01 9.388080615384366556e-01 9.373265225320663863e-01 9.414918796334410533e-01 9.369875975480392860e-01 9.349160225681067971e-01 9.390205965696372115e-01 9.425868825987455679e-01 9.400910275734370991e-01 9.420204491000766511e-01 9.417933390096978608e-01 9.407612447308794090e-01 9.395709947981443211e-01 9.417971401408860022e-01 9.420852785456363954e-01 9.425824538003032549e-01 9.394773883082381261e-01 9.419985739511250733e-01 9.341587563012725415e-01 9.313927469628661138e-01 9.369762005685793316e-01 9.406381661838980612e-01 9.404735209021968245e-01 9.384660496083840897e-01 9.398529337369300185e-01 9.422102697815333272e-01 9.412497082635944423e-01 9.313122198550085606e-01 9.388609619689450847e-01 9.395802252007857680e-01 9.403007294062882826e-01 9.393040217996290187e-01 9.360362684906120556e-01 9.392227921943816504e-01 9.393559838360053815e-01 9.391282575238939501e-01 9.349858098540212437e-01 9.386782325228092416e-01
-1.358911591202759898e-03 1.244922757111556338e-01 3.356488689412308601e-01 5.634876841774504319e-01 4.133376844206973488e-01 5.114444442307608529e-01 6.888700048048502778e-01 6.656577130085093996e-01 7.408906759944717813e-01 6.763438962241788976e-01 7.746363904002194767e-01 8.098397704531452579e-01 1.000000000000000000e+00 7.152784883347725886e-01 8.238724269327730720e-01 8.097468812224353218e-01 7.512348210632756595e-01 7.450422447011949556e-01 7.708937277013145906e-01 5.809407087014369919e-01 7.034559208841258959e-01 7.484712906064027171e-01 7.611370543203092032e-01 7.488400361131557492e-01 7.730358191874006080e-01 8.091442778617611298e-01 7.985337329007361484e-01 8.086746057452900427e-01 8.055934288722568226e-01 8.246947282449079708e-01 8.369987324295188325e-01 8.232836367777771613e-01 8.065067528053317947e-01 8.208114409507114573e-01 8.116864760653931254e-01 7.999946764033715185e-01 8.300477568485521429e-01 8.195457967657318044e-01 8.308350267828664704e-01 7.974589439152938164e-01 8.384191756560451791e-01 8.312680294244332302e-01 8.298295546128954259e-01 8.425296599428266919e-01 8.349655553517211226e-01 8.399008069603870474e-01 8.395198096444359548e-01 8.445693866266855698e-01 8.366292536112504008e-01 8.241434362467762176e-01 8.359511193964074272e-01 8.097169203032916762e-01 8.364848754206298809e-01 8.324472923627501686e-01 8.340989022168775469e-01 8.386441800525314960e-01 8.183579418345549028e-01 8.407924000585466073e-01 8.370419752558867499e-01 8.436324153319543218e-01 8.433118911600437917e-01 8.379081524827758365e-01 8.311774386592000186e-01 8.364311321702634361e-01 8.348911026143512881e-01 8.388122287226833507e-01 8.409720830649700662e-01 8.454921187959547613e-01 8.456683191236268327e-01 8.418336328967360727e-01 8.304695958210090989e-01 8.433536349289257883e-01 8.368154205840175885e-01 8.394847699099672322e-01 8.461609588558233197e-01 8.429237025355722501e-01 8.422451126594728832e-01 8.416753438736935822e-01 8.411700650641161792e-01 8.449698947191182086e-01 8.439574885397853610e-01 8.486024473468922746e-01 8.392932105754123961e-01 8.439095531858792354e-01 8.438169868586600231e-01 8.475531810302231461e-01 8.449481954563928809e-01 8.464597291688844560e-01 8.472516539883271358e-01 8.434907148498371754e-01 8.409221055936941802e-01 8.457728565412092614e-01 8.465538874083463616e-01 8.479073766824579694e-01 8.449839112462977919e-01 8.471271409095744165e-01 8.377191351738956238e-01 8.394684087760007074e-01 8.464037332431942895e-01 8.459500423961832105e-01 8.476263491632295421e-01 8.448748533147412143e-01 8.477774723697439896e-01 8.489710804673334943e-01 8.467810296867476216e-01 8.379810035508463706e-01 8.449459852039257202e-01 8.460060400277323867e-01 8.478256159412462800e-01 8.478736435694389506e-01 8.426840743142385293e-01 8.475743266180765234e-01 8.464759106006335410e-01 8.463833470058552688e-01 8.412025388244424029e-01 8.462996813907480709e-01
