1.000000000000000000e+00 1.403518574346004910e-01 8.749734102572717664e-02 9.696822296780623421e-03 2.642759723902420033e-02 -1.825258430641442603e-03 7.131470004354196687e-03 6.798394658449061906e-03 9.765845909334328057e-02 4.611598916313239260e-02 1.288099905184578002e-02 -6.560644880293032069e-03 3.734890600051932880e-02 5.655017720832158749e-03 9.130391247275077005e-03 -1.831294639808910300e-03 5.897458027672455860e-02 6.360465476035591370e-02 3.474494828994550977e-02 3.993264174624053253e-02 5.420348832646096349e-02 4.042770976007466210e-02 5.697865698798127571e-02 5.304765157448978335e-02 6.530869007294193285e-02 5.400925306584811875e-02 4.004986883994621910e-02 3.711850594745983584e-02 6.216153366694047305e-02 8.054252886508891929e-02 4.101931243205213240e-02 -4.822403613832439151e-03 -1.138874513842260024e-02 1.643250325566214531e-02 1.719190089581688896e-02 4.952097296755180247e-03 1.761724742275356734e-02 -1.005308581916208172e-02 3.822394336260675780e-03 -4.063599089520195801e-02 -9.650995119192800481e-04 -1.974231569081729126e-03 -2.072360704763853353e-02 3.708196678331619148e-03 1.529882343716207696e-02 1.798963792938319470e-02 3.283260060784568436e-03 1.011626682617079677e-03 -5.615913178472859042e-03 -1.183463246442321808e-02 -1.128833146737888773e-02 5.040153747567668700e-03 -9.279511169808119658e-03 1.805295121870267167e-02 1.237245591444036856e-03 -1.862930555285453524e-02 -5.713657714256205854e-03 4.156931922345424857e-03 -1.487193719380061618e-02 1.505586103505270751e-02 4.912861204021158612e-03 2.463404473071433790e-03 -7.564084217958951667e-03 -2.294355738833798487e-03 3.597479697574437751e-02 8.528552617646475639e-03 1.201845591179769718e-02 1.335538795644473399e-02 7.826758190923783359e-03 1.049818571571379741e-02 1.665973844084854202e-02 2.532579350538674209e-02 1.569033114665627227e-02 3.154583078939078578e-02 2.202261668391884350e-02 1.371883356951644241e-02 1.304916418221654419e-02 2.046152479262930771e-02 3.094465043028535312e-02 3.416393792296031073e-02 1.708630691804883736e-02 1.893642064905621744e-02 1.509145368129892993e-02 1.308292799943023936e-02 4.940140546526967762e-03 9.975808939443775447e-03 6.448696308032509511e-03 7.589172913882469632e-03 7.542004698109215123e-03 5.192331466098334958e-03 -8.302010345187063253e-03 4.270266126392314142e-03 3.864145591304721586e-03 1.427402138680394349e-03 3.238972135932278139e-03 5.720924155353243785e-03 -6.395329157404857322e-03 1.573019297207773823e-02 -3.880275882824745469e-03 -3.612748609436031849e-03 -7.637800618933651871e-03 -2.294622828451338848e-03 3.894437890638510584e-03 -1.435139984913641953e-03 4.615916053671447784e-03 3.791230495264048123e-03 3.593484234640870190e-03 9.669755740338452366e-03 2.683426352151483795e-03 5.241125722823502565e-03 -7.819703634145200657e-03 6.328210521403588619e-03 -2.885035236604857872e-03 1.086327367195393315e-02 2.585761043885925065e-02 1.058181720682382747e-02
1.403518574346004910e-01 1.000000000000000000e+00 1.116542178765033838e-01 4.821332425176575592e-02 8.974348104942987681e-02 7.873700456638960121e-02 1.289344730601506839e-01 1.143234046992821495e-01 1.862778401831846620e-01 1.859023533859180677e-01 1.419052200984836365e-01 1.385687878534486994e-01 1.425532837073720527e-01 1.375738088126570724e-01 1.576499059078087517e-01 1.412928186086402915e-01 1.282320071746562984e-01 1.673825244941334889e-01 1.581960178278574991e-01 1.393884717907337700e-01 8.992390825254061026e-02 1.317585864634341353e-01 1.634806422901532441e-01 1.611612677399467397e-01 1.671155579084354914e-01 1.821812926034530322e-01 1.777282771270725092e-01 1.667247319207230682e-01 1.869957215475679113e-01 1.967346038185799617e-01 1.760605548889102867e-01 1.615596214356404547e-01 1.322074356320665500e-01 1.014754087144673494e-01 1.459167367492321954e-01 1.170614418697355635e-01 1.596779978595528060e-01 1.335545691336387231e-01 1.265505560862703605e-01 1.408005149125089728e-01 1.594699462226608355e-01 1.441492417022942896e-01 1.347064309732949605e-01 1.502261588403907000e-01 1.594026492774174297e-01 1.509206720234972932e-01 1.560350168706035323e-01 1.590380292566563880e-01 1.567015568522865387e-01 1.194607070703517515e-01 1.235672704152972479e-01 1.173022812636701079e-01 1.521258058907591915e-01 1.817537375431696745e-01 1.771606003790208161e-01 1.622805391860042412e-01 1.619872396051311725e-01 1.489385728371949436e-01 1.545823595903475789e-01 1.742954876317327206e-01 1.515351123784572651e-01 1.713368929557119447e-01 1.599592339593566004e-01 1.545112866128107720e-01 1.394974564910306525e-01 1.637674650514820973e-01 1.507285051230388417e-01 1.624222471183170424e-01 1.648563724726089530e-01 1.579919161139947958e-01 1.523409792464598400e-01 1.602684448114951865e-01 1.600109586593834177e-01 1.673393575798169386e-01 1.703103453752763952e-01 1.653970162793122478e-01 1.623642379101044864e-01 1.664264581349222949e-01 1.832070885214297229e-01 1.782440777070725957e-01 1.711382350446084277e-01 1.669052544790851911e-01 1.557444202442980485e-01 1.559189631666069997e-01 1.319764446851005857e-01 1.401195745852880647e-01 1.496194745306453355e-01 1.464667929011221337e-01 1.460580074611257662e-01 1.698029485613588574e-01 1.508383560226731479e-01 1.555324693656219837e-01 1.610290234394894104e-01 1.537124867904633707e-01 1.552675425130767561e-01 1.619187945767538439e-01 1.524289436701673217e-01 1.438249744330308832e-01 1.554007329184929342e-01 1.440778932674117996e-01 1.500380677608677826e-01 1.477248716348711355e-01 1.545033200737098988e-01 1.513357421869028774e-01 1.418683487317760616e-01 1.641158467530517417e-01 1.632013558670096787e-01 1.616288798403133498e-01 1.654665308140394475e-01 1.537384215929859521e-01 1.548395079329576152e-01 1.598161071298202229e-01 1.652874718765312001e-01 1.517630559545710134e-01 1.444306130876460981e-01 1.630690291728810748e-01
8.749734102572717664e-02 1.116542178765033838e-01 1.000000000000000000e+00 3.266528418925922495e-01 2.179705074706682622e-01 2.205989383420167427e-01 3.466180535954288544e-01 3.332222115419428699e-01 3.617268890091263622e-01 3.465405760364939636e-01 3.728195700888813358e-01 3.975049181066465653e-01 3.641078263960800254e-01 3.453249205424335222e-01 3.937736989553481948e-01 3.769481244923758578e-01 3.512844152033061107e-01 3.791185933044074474e-01 3.841795403857812818e-01 3.880049373882016317e-01 3.766932055520232359e-01 3.965569542957472216e-01 4.042755344549302521e-01 3.923058469567100581e-01 3.902620640737255453e-01 4.000158372250952610e-01 4.108428065841724930e-01 4.107227671299259475e-01 4.056264540116409356e-01 3.892168613277436906e-01 4.025540038004618015e-01 4.167959264737550740e-01 4.040909063805134260e-01 3.867970475850831535e-01 4.052621509307279268e-01 3.984754641749894133e-01 4.099763953177728570e-01 3.982802722468807843e-01 3.960963497721768922e-01 4.145721799465532098e-01 4.053346298206060849e-01 4.049771245931804153e-01 4.109917491215312468e-01 4.106512726517364542e-01 4.146687259624148303e-01 3.990735361049072560e-01 3.920348311300487776e-01 3.960834850763365056e-01 3.925148758921844783e-01 3.822782276323721251e-01 3.892944195026400434e-01 3.981745087498583802e-01 3.931957888421422354e-01 3.936496066475861366e-01 3.925671093773492326e-01 4.139073210563882776e-01 3.869208030642737883e-01 3.935443710802535855e-01 3.912387801109116769e-01 3.984850512064501138e-01 3.924366296775730900e-01 3.924309914812068034e-01 3.845489492555848043e-01 3.911116857050840334e-01 3.792233279284076275e-01 3.975446599419965588e-01 3.939633596883693745e-01 4.039213724468251887e-01 4.055889800111626142e-01 4.168727292048248212e-01 4.082105637559618749e-01 4.183774416775290494e-01 4.075031634560031257e-01 4.138400557896763643e-01 4.026503389312592884e-01 4.054752182049927156e-01 4.073581773656841376e-01 4.048942944015118117e-01 4.025149024147869903e-01 3.927071701549060267e-01 4.055530337838509358e-01 4.025256070586623047e-01 4.092137540943573404e-01 4.011364212291274600e-01 4.019480613423883075e-01 4.008253786420151732e-01 4.088699311545166415e-01 4.016880036906019802e-01 3.967710469055595324e-01 4.066867402256282849e-01 4.084473376950487622e-01 4.029019776451707724e-01 4.031170548407603804e-01 3.981517023186885162e-01 3.911715640750515477e-01 3.937921488048632956e-01 4.014425827213717324e-01 3.969691811719605612e-01 3.924239893886651287e-01 4.017362636388926433e-01 4.021136576785246941e-01 3.947726557239082945e-01 3.999990121024600831e-01 3.982047299230795367e-01 4.002848122403301345e-01 3.992455900273471636e-01 3.990435567995926913e-01 3.991716981081502857e-01 3.971393266474751438e-01 3.957913414010674757e-01 3.995229038073042638e-01 3.951983873948257675e-01 3.959466931798636957e-01 3.965493539671370860e-01 3.943439836924214070e-01 4.002898974861807679e-01
9.696822296780623421e-03 4.821332425176575592e-02 3.266528418925922495e-01 1.000000000000000000e+00 3.234643489029810359e-01 3.688226047544196362e-01 5.692142018767133438e-01 5.501228529497504960e-01 5.120266917851472588e-01 4.894052657410550289e-01 5.769018075908186605e-01 6.448016632956824479e-01 5.737058032692978760e-01 5.581703423971624556e-01 6.169986807706621113e-01 6.244528411000422885e-01 5.542417132861860996e-01 4.671430031530932614e-01 5.389829071173325437e-01 4.732640516565191358e-01 5.931457813489017239e-01 5.933202671377023618e-01 4.774509814413571696e-01 4.827596851004216649e-01 4.803208680855658996e-01 5.572206444357189481e-01 5.630311784250970897e-01 5.494945018629576738e-01 5.525653863984484326e-01 5.332911260554571431e-01 5.860246322898055027e-01 5.838266369624698360e-01 5.426123660012182048e-01 5.730348002083432979e-01 5.599217208302508242e-01 6.227911002120434247e-01 5.855160319949962444e-01 6.017412874129801637e-01 6.135554061158493555e-01 5.997533794834906118e-01 6.081607797120028858e-01 6.215288923551354205e-01 6.320978816858223714e-01 6.372361044149285059e-01 6.051176721645641354e-01 6.190158888818458882e-01 6.229075155993334389e-01 6.132292437760559212e-01 6.157129365061662085e-01 6.135812723462060747e-01 6.305094098744301601e-01 6.511030074867893980e-01 6.159487206788576419e-01 5.977531046723025820e-01 5.960384946942470785e-01 6.107486945507493159e-01 6.094056841931255741e-01 6.215559257838352281e-01 6.166612841702424630e-01 6.127453350235447793e-01 6.218586191478590042e-01 6.149159455863206780e-01 6.173043152716851667e-01 6.187662707689476349e-01 6.202436052657926968e-01 6.259635720880257770e-01 6.192767550293363232e-01 6.056957562709653908e-01 6.036216146064835586e-01 6.151029137985385420e-01 6.316710711686183144e-01 6.205718311530334930e-01 5.973706064279729055e-01 6.003193676692845093e-01 6.083371824785794857e-01 6.142458470832007356e-01 6.109593823845568261e-01 6.076277331713156871e-01 5.942190842725644240e-01 5.891642957204840103e-01 5.985031699368069669e-01 6.106798694184885079e-01 6.235873622844546604e-01 5.988810836509570468e-01 6.262403125573393625e-01 6.196751366605071087e-01 6.220049575467815339e-01 6.295934911106552123e-01 6.217411934551795305e-01 6.228063731681818815e-01 6.181557108734563322e-01 6.265476434406271888e-01 6.177921958743985975e-01 6.256138626750958887e-01 6.186536053619094977e-01 6.217514032787941902e-01 6.374464968312991697e-01 6.400868381985763689e-01 6.239526612841131969e-01 6.418803349661698077e-01 6.377008561751319471e-01 6.353640924004341217e-01 6.306966425804508836e-01 6.307336812883859167e-01 6.414213860028834535e-01 6.307305636583646624e-01 6.239640150555395559e-01 6.184912187445148479e-01 6.215716512027037455e-01 6.247714519560146895e-01 6.342013959125064604e-01 6.235155300466248551e-01 6.231140401993424671e-01 6.316607255592655568e-01 6.311475523066852888e-01 6.285009324165676814e-01
2.642759723902420033e-02 8.974348104942987681e-02 2.179705074706682622e-01 3.234643489029810359e-01 1.000000000000000000e+00 2.724809053393732472e-01 4.089993532423966127e-01 4.032417646331471484e-01 4.039462529982784655e-01 3.710188307736606572e-01 4.350574606480623885e-01 4.623082675802988040e-01 4.104266274398282177e-01 4.317609644045912187e-01 4.561495169891859880e-01 4.579272371153370047e-01 4.213352165335597643e-01 3.597523206505853777e-01 4.095552432007043553e-01 3.515170616539282089e-01 3.861026723076555478e-01 4.266572632865390236e-01 3.909118199623387024e-01 3.867635347778703436e-01 3.811214503947181198e-01 4.343818542277315675e-01 4.308970962382583370e-01 4.263742613770404311e-01 4.214744384015403078e-01 4.320999365265743575e-01 4.601361001272689100e-01 4.420646153491286090e-01 4.172304254942765800e-01 4.360060681886683831e-01 4.320708369520736003e-01 4.552645639761238039e-01 4.549359998480569933e-01 4.534680657257798009e-01 4.618860235508711609e-01 4.464019638466822926e-01 4.603263723058692580e-01 4.673977378291581664e-01 4.565854255509582682e-01 4.689736552888181809e-01 4.612678253965551423e-01 4.694791616293030878e-01 4.636827226862695328e-01 4.624790636974002722e-01 4.594811777649329687e-01 4.438079483861724905e-01 4.583783567228690847e-01 4.639086805470112318e-01 4.598147604344340889e-01 4.601227219974429739e-01 4.573153735051318503e-01 4.648226721949063611e-01 4.485708094710352811e-01 4.624746220562884202e-01 4.588328395889260669e-01 4.639894392044344729e-01 4.625600437297045509e-01 4.613042052151943295e-01 4.572085701317106232e-01 4.598387940263117257e-01 4.634184377891905626e-01 4.684228057707390813e-01 4.643934086781976167e-01 4.612689647701753715e-01 4.626688408572089406e-01 4.627738109989650295e-01 4.661869217997685610e-01 4.663627072477962709e-01 4.556217675274293333e-01 4.579091673526664019e-01 4.625801456052340832e-01 4.641081140963767004e-01 4.591577295402785031e-01 4.548319431744707320e-01 4.618223265943890987e-01 4.559440763419443932e-01 4.639956078261913142e-01 4.641677973777944555e-01 4.638671072288308994e-01 4.609774477310793483e-01 4.687151623743402995e-01 4.663353590644767621e-01 4.678880332471067049e-01 4.697086106020048613e-01 4.688897195828201636e-01 4.694326009986767301e-01 4.643851708436669834e-01 4.699482185639011766e-01 4.676568239914765668e-01 4.671475938859218635e-01 4.649079852908813426e-01 4.665250178946291904e-01 4.611459639414544065e-01 4.625103128000947472e-01 4.634699178834528199e-01 4.661008681620069649e-01 4.685974439573120653e-01 4.642824769647367900e-01 4.660134673536879824e-01 4.691810919309943317e-01 4.698610411622587968e-01 4.595303925167263381e-01 4.635842304938240233e-01 4.672340922155039378e-01 4.654937245985125704e-01 4.657593926471981782e-01 4.669974968518537661e-01 4.670948619137879065e-01 4.625846145769778595e-01 4.641148096712808813e-01 4.667914802966775523e-01 4.639043454898083563e-01
-1.825258430641442603e-03 7.873700456638960121e-02 2.205989383420167427e-01 3.688226047544196362e-01 2.724809053393732472e-01 1.000000000000000000e+00 5.377007246567575560e-01 4.853616149783469558e-01 5.045578659274407851e-01 4.875467179682771435e-01 5.440629890343928743e-01 5.588949029753575992e-01 5.159985486051330561e-01 5.193425734755632295e-01 5.726611665669042450e-01 5.504459117475843932e-01 5.120643797226556160e-01 4.785584247200058150e-01 5.159597849376579282e-01 4.336462474363180775e-01 4.465762332974583804e-01 5.181867091097238642e-01 4.955591187069281478e-01 4.884145248964564257e-01 4.883891075065883158e-01 5.553990623524248660e-01 5.545680489526336743e-01 5.364800748155530430e-01 5.292907621704596721e-01 5.334683369752615256e-01 5.746420470047979290e-01 5.544389450172675371e-01 5.216117411969357631e-01 5.340615364828510403e-01 5.351156818813547211e-01 5.583443341310666552e-01 5.672921023875945323e-01 5.688766790845741772e-01 5.722035967669261147e-01 5.598710024983024613e-01 5.834828447477916624e-01 5.826977511925788278e-01 5.696627062163628352e-01 5.896934890056433343e-01 5.797120653237001209e-01 5.833496709578182005e-01 5.834338040235862444e-01 5.848760693826438040e-01 5.831926892318890499e-01 5.496332304237437905e-01 5.743034626830542111e-01 5.644561880130011255e-01 5.706132244945936183e-01 5.757347932788766665e-01 5.641462533451270245e-01 5.749185392072079237e-01 5.560096128931085735e-01 5.861009728946200426e-01 5.768818144123025737e-01 5.771147927550972501e-01 5.833685568333056848e-01 5.726927890215653960e-01 5.744848523963018705e-01 5.811133481113330834e-01 5.764991763846629702e-01 5.801904491212176440e-01 5.869035570148209979e-01 5.828106059996229771e-01 5.833426026091879102e-01 5.771870757073627178e-01 5.806076444800850611e-01 5.853413890552058296e-01 5.780141926155781817e-01 5.776951239388999904e-01 5.884456307581336088e-01 5.857673996520674775e-01 5.854391986692980554e-01 5.768452038099033397e-01 5.811043053494182598e-01 5.776127200854960231e-01 5.849888768254810634e-01 5.874116852122156507e-01 5.881927752791386022e-01 5.763784624058233552e-01 5.838492243113078128e-01 5.859320342592908570e-01 5.917927933665215745e-01 5.885061628943658585e-01 5.901512833154454185e-01 5.860673419818700491e-01 5.894326074532003634e-01 5.918747405340104573e-01 5.917931560767077936e-01 5.912330537940200248e-01 5.879335806841585743e-01 5.888885222524323781e-01 5.764312533587701015e-01 5.730256883639518461e-01 5.837576165570017572e-01 5.849072507547998789e-01 5.903169522845643780e-01 5.802320342833310329e-01 5.888165190714776953e-01 5.921224309100512340e-01 5.857721286070700639e-01 5.781738004580737611e-01 5.841106128974051792e-01 5.893732763314982748e-01 5.854979445652629400e-01 5.876820409926393207e-01 5.871178115149487953e-01 5.886639193706751927e-01 5.848148573177960330e-01 5.894769181084689169e-01 5.846047871268460483e-01 5.810121817362543517e-01
7.131470004354196687e-03 1.289344730601506839e-01 3.466180535954288544e-01 5.692142018767133438e-01 4.089993532423966127e-01 5.377007246567575560e-01 1.000000000000000000e+00 7.026376157055111982e-01 7.347236099802623155e-01 7.237675221662701608e-01 7.862188343691205450e-01 8.180120228347291800e-01 7.638808870672690876e-01 7.599281101777254355e-01 8.429539376611284718e-01 8.105261411624156143e-01 7.440024719093372152e-01 6.795253974139556785e-01 7.506426171246950441e-01 6.450586446330515145e-01 6.753446813260280956e-01 7.610099308997855250e-01 7.058846702384393712e-01 7.105962086704787906e-01 7.018118506127865031e-01 8.050412701702880369e-01 7.974777306195629523e-01 7.909818864635296265e-01 7.939632378855647765e-01 8.014811250528921516e-01 8.360781450538055104e-01 8.133273967458781728e-01 7.697694839715983894e-01 7.808241598435747832e-01 7.972128370252231644e-01 8.169910173173104972e-01 8.181784103692012478e-01 8.270753726786004290e-01 8.418745128761733199e-01 8.024435847800541755e-01 8.389380529236897255e-01 8.484675665989119819e-01 8.381134579529976314e-01 8.566167119325601709e-01 8.450242055757186677e-01 8.507477871796419455e-01 8.447558124817449166e-01 8.446228061746698934e-01 8.392435843453304178e-01 7.950188441064400813e-01 8.319343546147976998e-01 8.134571821597742503e-01 8.245883976761265721e-01 8.315208247802666763e-01 8.138422944025246464e-01 8.330633129079167976e-01 8.018959432609654714e-01 8.420950186744989852e-01 8.274080065157881636e-01 8.387246518309564580e-01 8.445401344873313398e-01 8.320197785825744763e-01 8.275349549407579053e-01 8.372903904164478162e-01 8.301461264126032136e-01 8.366425164785836754e-01 8.474836615145482366e-01 8.452048255910351582e-01 8.491142894080124792e-01 8.354095798731184797e-01 8.467740477925442821e-01 8.466475788302759709e-01 8.408001513862135567e-01 8.362096320422998108e-01 8.503623606605945628e-01 8.510403832640026645e-01 8.511093077866597190e-01 8.486142357912151990e-01 8.459956615773860378e-01 8.411685881338309967e-01 8.476193778644987020e-01 8.519878111822165589e-01 8.519730718739980668e-01 8.461484211567882330e-01 8.508524259353320573e-01 8.525128221681332885e-01 8.537003919184169565e-01 8.577339220487916194e-01 8.581496064720414152e-01 8.467799009336576255e-01 8.548477685596916897e-01 8.594356314210848113e-01 8.534892392604861433e-01 8.580005412039242163e-01 8.481738915792502720e-01 8.503492770811618140e-01 8.327418198232212632e-01 8.233096088963576253e-01 8.407840846299395876e-01 8.462307479459882931e-01 8.570478738888246406e-01 8.353864462236039179e-01 8.483532386235848044e-01 8.546440274932608494e-01 8.491935492322080226e-01 8.344159512716975424e-01 8.451042933265964230e-01 8.503240608480531204e-01 8.467124826741568855e-01 8.480842669144296186e-01 8.453233411321979807e-01 8.492366901498517029e-01 8.424257152853003028e-01 8.486017291042804445e-01 8.426757467683506642e-01 8.414391736400217425e-01
6.798394658449061906e-03 1.143234046992821495e-01 3.332222115419428699e-01 5.501228529497504960e-01 4.032417646331471484e-01 4.853616149783469558e-01 7.026376157055111982e-01 1.000000000000000000e+00 6.719770582262457603e-01 6.563332643311063919e-01 7.202377207056650521e-01 7.741640643703494584e-01 7.043619099823339447e-01 7.039376204728909903e-01 7.777802639049714584e-01 7.636779893034020272e-01 6.897171227260722182e-01 6.151231209090429752e-01 6.880637819053707638e-01 5.791570045497747010e-01 6.481558081497699186e-01 7.079853546586539759e-01 6.353853045601017824e-01 6.342979791246081689e-01 6.236774112001027826e-01 7.343759350733535252e-01 7.179569020648267630e-01 6.957827742115026970e-01 7.100880998196857918e-01 7.240383551041139620e-01 7.562125244017828818e-01 7.398403114511475920e-01 6.857516165339772041e-01 7.203018119181329171e-01 7.220939721462161787e-01 7.558997221208618722e-01 7.401260588545207630e-01 7.598972842683668905e-01 7.675644849619847054e-01 7.323344194616344671e-01 7.657972559853667427e-01 7.767867505848403686e-01 7.717827043041123325e-01 7.834769292550644026e-01 7.649802877826145098e-01 7.831809377960817775e-01 7.808665499481369787e-01 7.762411649716285389e-01 7.781688217683203623e-01 7.474883384328800950e-01 7.765405250979394713e-01 7.578999632061420577e-01 7.647468987536936158e-01 7.695244046945681760e-01 7.618742235579524236e-01 7.684669956173288963e-01 7.572925700024600859e-01 7.803906967279647944e-01 7.748726355657526987e-01 7.757240194855344884e-01 7.822915781688860593e-01 7.771456064658556206e-01 7.789169687564616584e-01 7.782691541146388170e-01 7.702910001232141646e-01 7.796282593643732994e-01 7.817733158172677221e-01 7.756199665747053329e-01 7.758388541486158640e-01 7.704312756474759327e-01 7.836920518049296236e-01 7.808907227882249114e-01 7.710582699242264360e-01 7.642435744383129226e-01 7.782455155844636430e-01 7.796936726970832288e-01 7.735638408396658949e-01 7.747925183888881850e-01 7.715762591752944877e-01 7.710089856018446097e-01 7.746658636849103052e-01 7.793268460600901726e-01 7.856402245605167423e-01 7.739865784289579054e-01 7.848823660840421601e-01 7.857747139948205728e-01 7.829739093747104528e-01 7.888217953538380067e-01 7.888277665682015272e-01 7.824443229608979422e-01 7.763379758855074586e-01 7.889709535217490632e-01 7.824196448088465150e-01 7.872623440147634710e-01 7.816291215078133847e-01 7.859026627874643456e-01 7.799452563772776292e-01 7.750436471574307928e-01 7.819661504211296021e-01 7.868945139156013902e-01 7.923375697468808543e-01 7.828443856355919994e-01 7.836719372490189572e-01 7.914059852275943108e-01 7.903860263598551095e-01 7.805953544339006012e-01 7.829048937231767313e-01 7.840381706960776187e-01 7.850848266852568091e-01 7.861879244997305172e-01 7.878489260973781105e-01 7.858699330398334348e-01 7.822068190274881205e-01 7.898832251596973331e-01 7.839962226785741617e-01 7.819354922998769108e-01
9.765845909334328057e-02 1.862778401831846620e-01 3.617268890091263622e-01 5.120266917851472588e-01 4.039462529982784655e-01 5.045578659274407851e-01 7.347236099802623155e-01 6.719770582262457603e-01 1.000000000000000000e+00 7.567505597181550803e-01 7.985961490632149662e-01 8.148604392267654317e-01 7.720382370669010008e-01 7.607749319883247985e-01 8.347944624170249295e-01 8.152748820777899752e-01 7.658341135667737776e-01 7.150841757315790082e-01 7.672461359819047200e-01 6.703308126253924026e-01 6.759959161765964897e-01 7.698435088638201362e-01 7.163084920261734156e-01 7.122119510286628596e-01 7.182081558390855935e-01 8.250714658766605814e-01 8.093342370054003032e-01 7.835670613160795606e-01 7.961335126108226579e-01 8.414787887377062070e-01 8.428405904107074686e-01 8.108482489296771067e-01 7.536408876281307512e-01 7.550127137190588700e-01 7.984755495386248736e-01 7.807633146099403065e-01 8.201267889015173562e-01 8.166039092911507868e-01 8.187686841091394996e-01 7.828102122864730728e-01 8.439889987170384744e-01 8.379782982877544972e-01 7.970016669525513686e-01 8.422799429593161857e-01 8.418587305055834635e-01 8.366494571501580380e-01 8.576315305867479033e-01 8.596315019009319602e-01 8.560348130713646420e-01 8.000780301338891176e-01 8.336818765150076915e-01 8.079238707564101452e-01 8.371517242031543127e-01 8.629327427791502192e-01 8.462647833919868523e-01 8.342030892643753637e-01 8.331473166872827019e-01 8.562744807922914037e-01 8.440978803961731725e-01 8.625075970096641731e-01 8.568577227806406515e-01 8.549519003865210243e-01 8.485936761128211048e-01 8.487273372548741479e-01 8.460652316984048626e-01 8.567970878997936968e-01 8.611999136760951634e-01 8.599844342688864884e-01 8.574193475656890495e-01 8.535856390642071467e-01 8.555992152228205638e-01 8.614810164792315872e-01 8.525421174457327167e-01 8.513713360836289157e-01 8.619792260087417723e-01 8.600942571573041429e-01 8.495068160020554648e-01 8.477247055967038758e-01 8.572899820553244732e-01 8.644892015199836521e-01 8.603513207853903388e-01 8.645690991654991775e-01 8.543243742415710384e-01 8.516371538225696591e-01 8.456432712036048294e-01 8.475399160621295280e-01 8.485250722943467050e-01 8.527087707545885076e-01 8.508276345528850149e-01 8.518147743299376851e-01 8.407322486983663801e-01 8.567427303476906619e-01 8.554950817436628441e-01 8.560125794054955772e-01 8.622516166556917216e-01 8.630567335563085196e-01 8.366476230600536912e-01 8.420124101307034925e-01 8.531007350987963589e-01 8.466232802014861392e-01 8.447770436354278267e-01 8.467404255263343282e-01 8.569475536484523204e-01 8.573917481161085208e-01 8.508186129703824152e-01 8.499457451138515696e-01 8.600224607917669184e-01 8.636147402679038576e-01 8.588717004894365070e-01 8.607449142666872000e-01 8.517199450821264506e-01 8.633976195282832000e-01 8.577910817112952557e-01 8.570075943109689565e-01 8.543009298226686976e-01 8.595011402152079594e-01
4.611598916313239260e-02 1.859023533859180677e-01 3.465405760364939636e-01 4.894052657410550289e-01 3.710188307736606572e-01 4.875467179682771435e-01 7.237675221662701608e-01 6.563332643311063919e-01 7.567505597181550803e-01 1.000000000000000000e+00 7.679180182318796621e-01 7.785707193919891855e-01 7.405450116042020525e-01 7.379040329343902194e-01 8.109750752758490000e-01 7.746025909059474079e-01 7.380867171450350428e-01 6.745273306031567273e-01 7.328674305171080094e-01 6.053735560550340677e-01 6.036781522221413843e-01 7.136657465432924008e-01 6.889564636049749780e-01 6.922878079620213843e-01 6.862557684928475288e-01 7.947228733847804261e-01 7.837085200922913053e-01 7.562631044499122934e-01 7.791719407142712051e-01 8.093822346816288427e-01 8.161288919765313787e-01 7.882516666918152337e-01 7.448363976793448415e-01 7.398595479628766736e-01 7.790101264475002285e-01 7.659860001502608595e-01 7.977955926112986207e-01 7.908775894167201503e-01 8.047649567839253448e-01 7.648364218098243628e-01 8.208265687253641918e-01 8.110940617864071944e-01 7.739535024031609645e-01 8.151007714167516349e-01 8.183153340243489726e-01 8.105610275825082534e-01 8.301033489521417730e-01 8.336522944874061869e-01 8.296188410227959276e-01 7.637316778786904514e-01 7.993984209477311698e-01 7.677365809865864810e-01 8.012801074204435325e-01 8.357798215453808854e-01 8.132851082854497538e-01 8.101843815348689359e-01 8.010306552840866789e-01 8.239471544952714499e-01 8.136856293616981928e-01 8.316308954461443248e-01 8.275016185316459438e-01 8.257727853603202828e-01 8.169692387271861866e-01 8.225053584177067778e-01 8.083453424798271447e-01 8.260969549771599585e-01 8.329292637133669519e-01 8.323549130214152880e-01 8.314220692150592340e-01 8.109021525266757457e-01 8.179093221055301344e-01 8.271865360431619463e-01 8.281149710619494231e-01 8.194299723091524879e-01 8.342138667574460209e-01 8.331751183560097695e-01 8.275249768151375918e-01 8.254902985862385689e-01 8.335999517561182293e-01 8.390146350659453134e-01 8.354272329199169400e-01 8.365278202526309492e-01 8.305609601977014256e-01 8.284185814433494555e-01 8.184864182149678147e-01 8.254474917504538434e-01 8.261899409811048756e-01 8.285183859955232988e-01 8.285838943360782638e-01 8.296241721474725273e-01 8.253570967941912251e-01 8.318210708786850649e-01 8.337263873596307828e-01 8.327849884647954282e-01 8.353832814855233213e-01 8.369089114545379404e-01 8.100847827834972703e-01 8.071780504919050525e-01 8.281498801322189074e-01 8.191360798157486522e-01 8.222878831078104245e-01 8.173225507307817495e-01 8.279475278637303814e-01 8.309098094595608330e-01 8.216359941954358703e-01 8.231063684230756072e-01 8.328828865723297836e-01 8.365194476337729501e-01 8.331808235408121321e-01 8.325789071034098709e-01 8.266707422648849057e-01 8.351069297103259625e-01 8.312800751553374168e-01 8.306991990297784012e-01 8.216346362537643166e-01 8.300430606757219776e-01
1.288099905184578002e-02 1.419052200984836365e-01 3.728195700888813358e-01 5.769018075908186605e-01 4.350574606480623885e-01 5.440629890343928743e-01 7.862188343691205450e-01 7.202377207056650521e-01 7.985961490632149662e-01 7.679180182318796621e-01 1.000000000000000000e+00 8.744285267029539011e-01 8.053103789443192273e-01 8.085985834355904345e-01 8.936321125922056519e-01 8.624814018208475375e-01 7.954199546547832123e-01 7.431307630071489756e-01 8.087548891787230687e-01 7.002907369063071652e-01 7.059541808167517640e-01 8.143089458494499056e-01 7.608453161231115702e-01 7.587974357171017870e-01 7.523683443440206675e-01 8.592837015505064846e-01 8.514803446007366272e-01 8.260811251291779733e-01 8.354349204263520345e-01 8.597762639873484103e-01 8.924185103231903060e-01 8.721221297115466786e-01 8.135571519429041221e-01 8.182610084098637104e-01 8.487768809812197279e-01 8.456564683491997192e-01 8.711538370557069255e-01 8.753918008398163808e-01 8.782052355872912441e-01 8.528672663179650559e-01 8.975165853871638344e-01 8.932447871839002129e-01 8.609820301733864811e-01 8.985409481637127715e-01 8.967146525186145967e-01 8.903852622999811617e-01 9.067426041187737207e-01 9.073281210120059947e-01 9.058650532028034164e-01 8.588540551049717031e-01 8.879574676304649028e-01 8.679153263477750180e-01 8.894562313804134090e-01 9.032412857692528885e-01 8.859637799883753884e-01 8.925081725531349708e-01 8.792721179077277460e-01 9.060559127322943551e-01 8.930434787596123192e-01 9.068347819274015231e-01 9.046797250969579318e-01 9.002250971102944144e-01 8.965350230205568760e-01 8.978356796036330856e-01 8.848251372159977590e-01 9.063519456211669434e-01 9.090777620256303981e-01 9.074454875108296514e-01 9.091034683903385094e-01 8.988378807409955762e-01 9.027028967277039850e-01 9.086091470676277426e-01 9.017603829231128909e-01 8.968891401389101903e-01 9.103984396411882729e-01 9.079503191928917083e-01 9.020370968426671965e-01 8.987605943436072220e-01 9.042380344094647082e-01 9.058026900467379683e-01 9.081658137974379930e-01 9.116177559867222335e-01 9.068570836909232158e-01 9.014663078491480519e-01 9.001757145246851444e-01 9.029081928995622564e-01 9.059662232627095912e-01 9.076711219397581853e-01 9.057733887553660601e-01 9.050275910169650606e-01 9.012618726647644296e-01 9.104221386874039590e-01 9.117961032262437149e-01 9.105990352698931645e-01 9.112574244795629275e-01 9.130391200666789775e-01 8.917805807577772192e-01 8.944850879367645113e-01 9.057509577914599763e-01 9.038562606951021650e-01 9.030764772041722788e-01 9.000898248767164045e-01 9.085509744374985486e-01 9.109355319368012127e-01 9.052025346766862102e-01 9.030410177997325594e-01 9.103293273416637188e-01 9.134158622086135937e-01 9.101639824978965398e-01 9.114862278057942468e-01 9.082486087958160370e-01 9.124366351858806956e-01 9.089210550576486414e-01 9.087872661077290859e-01 8.991060423046556283e-01 9.096911491203267808e-01
-6.560644880293032069e-03 1.385687878534486994e-01 3.975049181066465653e-01 6.448016632956824479e-01 4.623082675802988040e-01 5.588949029753575992e-01 8.180120228347291800e-01 7.741640643703494584e-01 8.148604392267654317e-01 7.785707193919891855e-01 8.744285267029539011e-01 1.000000000000000000e+00 8.448453305522833912e-01 8.440980685728001198e-01 9.247841885815371032e-01 9.076853228181492872e-01 8.292177835048927248e-01 7.451740398756976358e-01 8.262632753233615235e-01 7.207494162262502169e-01 7.694419576594584420e-01 8.449279038630580496e-01 7.587420976901352310e-01 7.617331959676082453e-01 7.529998137301314731e-01 8.736150761203500537e-01 8.702921380309606159e-01 8.429073748592740278e-01 8.519764868255611523e-01 8.709071441293017024e-01 9.096817937119735520e-01 8.990437549869062517e-01 8.323687971762807614e-01 8.511676652966601031e-01 8.638638990090636849e-01 8.908812112543137429e-01 8.908338719239161652e-01 9.135923912118285584e-01 9.132284472891680771e-01 8.933173445715474337e-01 9.269227592592765852e-01 9.308636160831438300e-01 9.129466003454286271e-01 9.394314407779760234e-01 9.210234581397248599e-01 9.265805034909876392e-01 9.421150223207886976e-01 9.386181157418969079e-01 9.416251248131377594e-01 9.054088695982326351e-01 9.359282917629404563e-01 9.199383681044789318e-01 9.283218016478802515e-01 9.299068890625421524e-01 9.228947193841212648e-01 9.258291568145939898e-01 9.225492685731248033e-01 9.385587946303398654e-01 9.369886898713016832e-01 9.377232699468945887e-01 9.429905116481934746e-01 9.371115217828578370e-01 9.378834272905719471e-01 9.382369297964993082e-01 9.209783340011613584e-01 9.428113780318922998e-01 9.416124378553691887e-01 9.335782075290288695e-01 9.349876434729728070e-01 9.336201271152189118e-01 9.404551759346820861e-01 9.388288937727589101e-01 9.264545861277556638e-01 9.210305396401846645e-01 9.375944575400683156e-01 9.381294336848502446e-01 9.311418669890790811e-01 9.266691715585867462e-01 9.239185351043740502e-01 9.262319768677674814e-01 9.318513987320743430e-01 9.384937861438898965e-01 9.389605718960416514e-01 9.254985109156861345e-01 9.364141338815382687e-01 9.365249778937883018e-01 9.378684662635665692e-01 9.422091601724995602e-01 9.387228941328438214e-01 9.394201406803501797e-01 9.316565122898765594e-01 9.442325049140832816e-01 9.411922903608145319e-01 9.436770008866763870e-01 9.442601494911183613e-01 9.452262481317383891e-01 9.371048611034643594e-01 9.344191891358728519e-01 9.417176627533269118e-01 9.458241468633930005e-01 9.448760354033008957e-01 9.417000579797870641e-01 9.452522011886066444e-01 9.479543296036114786e-01 9.449592490228736485e-01 9.402468049458289068e-01 9.453518703942394019e-01 9.432643577504047361e-01 9.439874452450177644e-01 9.450167837642342583e-01 9.461065833923242296e-01 9.455251364990583385e-01 9.431449560662708009e-01 9.441383921124639755e-01 9.365435918162494655e-01 9.436065764931736988e-01
3.734890600051932880e-02 1.425532837073720527e-01 3.641078263960800254e-01 5.737058032692978760e-01 4.104266274398282177e-01 5.159985486051330561e-01 7.638808870672690876e-01 7.043619099823339447e-01 7.720382370669010008e-01 7.405450116042020525e-01 8.053103789443192273e-01 8.448453305522833912e-01 1.000000000000000000e+00 7.785920115961284527e-01 8.628219758148809593e-01 8.367905094428078616e-01 7.776172316383039851e-01 7.114335320344991054e-01 7.841271349317365802e-01 6.706506847583938447e-01 6.953840422516713859e-01 7.853479285933664400e-01 7.341687796310478742e-01 7.305753181296258392e-01 7.280205902904863802e-01 8.311156651236720760e-01 8.210151039796624861e-01 8.037451743188449571e-01 8.010851968318665195e-01 8.326021271939468837e-01 8.581057717421185504e-01 8.355232041730746850e-01 7.797520335216648890e-01 7.873371141891141178e-01 8.201221195794091701e-01 8.264689720481663837e-01 8.402326258229017020e-01 8.413896034906638288e-01 8.503809157897587179e-01 8.211005880851102168e-01 8.665415185080148630e-01 8.612938591653321874e-01 8.401014350443855028e-01 8.683751141673502483e-01 8.629109850596713427e-01 8.641628381333339437e-01 8.737543807483879599e-01 8.736379620752504627e-01 8.722599998177649194e-01 8.195663722855547340e-01 8.530059814154972164e-01 8.354275860103117513e-01 8.572665594712716164e-01 8.694460608045084804e-01 8.506828314360286303e-01 8.586812302818602749e-01 8.464313618973277054e-01 8.717069692116872215e-01 8.603808181276150213e-01 8.761570665470179708e-01 8.729497620932036295e-01 8.694169042523168800e-01 8.611517770983120323e-01 8.673279822110377957e-01 8.575493647633476435e-01 8.756568299449516424e-01 8.751270003098309269e-01 8.751165970047239950e-01 8.737391508043746979e-01 8.678589526110461749e-01 8.733419909742671239e-01 8.753335274199994798e-01 8.705236471862917158e-01 8.678887889978934567e-01 8.762433350709584179e-01 8.759752143275159053e-01 8.709910610608813109e-01 8.670836039200452428e-01 8.726429774948534224e-01 8.709473712597519679e-01 8.750735526883229864e-01 8.787256759659567429e-01 8.772374624358347805e-01 8.686545224053381364e-01 8.681805828458136753e-01 8.715412549860426239e-01 8.774349237091378928e-01 8.765237412943541750e-01 8.757691173297955656e-01 8.747377291938559507e-01 8.728318894199830202e-01 8.792908740150806590e-01 8.792284227961153498e-01 8.783677948064997354e-01 8.783423408248125508e-01 8.789336970969531260e-01 8.607653778832000668e-01 8.576832409357123543e-01 8.710693267767282144e-01 8.726533047319122716e-01 8.754152885749897361e-01 8.655101382197001314e-01 8.772997705029756954e-01 8.788621288895028805e-01 8.753690524595592048e-01 8.708574790899812346e-01 8.771659536370521870e-01 8.795076303409565810e-01 8.761019654938834167e-01 8.765953661643380856e-01 8.737501390921176281e-01 8.790739127292870325e-01 8.768564782149074199e-01 8.768820583520605672e-01 8.693334957197571544e-01 8.776194245519152171e-01
