1.000000000000000000e+00 1.042039260826456426e-01 9.152831612233923442e-02 7.341457808690439457e-02 1.909562399991299522e-02 -1.539070620796488022e-02 3.526231758110297265e-02 2.588832371685089936e-02 9.995466373472115806e-02 5.723040489595237340e-02 4.275258799085493444e-02 1.965725875843704271e-02 3.155833372329449465e-02 -3.243135531794547749e-02 7.994176854224774656e-03 -1.599149557976069442e-03 1.448635565606765652e-01 5.403545639758609159e-02 5.896645058470472572e-02 5.398079441914056115e-02 6.661629093030933813e-02 5.503699013433856202e-02 6.062664530658046919e-02 4.347517742280446879e-02 4.576233577502177713e-02 5.677377900748815931e-02 4.035240299683767046e-02 1.665623777263877670e-02 4.161317230664562244e-02 4.502920979991682782e-02 4.212979655528702183e-02 5.202821920231463088e-02 6.860858713714390600e-03 3.422911286624318733e-02 1.455672045213539378e-02 4.224103114712544210e-02 1.108308817158431409e-02 -5.318594147964670303e-03 5.311268425271424912e-03 -1.378665583347510500e-02 1.617032948141219201e-02 -8.026142810157572971e-03 -5.483147746619209013e-03 1.846812282717806564e-02 3.850203878469105750e-02 3.145104657979609078e-04 9.529867739487628275e-03 2.175528502474275913e-02 2.577312752290257178e-02 3.858311961936407991e-02 4.948298940159112300e-03 9.147132771060403900e-02 4.150995121312850422e-02 2.382872581291003988e-02 6.152653560271594858e-03 1.802226588255298944e-03 3.975464962207199415e-02 1.273180920172756409e-03 -1.944066613188032838e-02 3.097089825341350564e-02 1.922511654910214265e-02 1.379082978769209482e-02 -3.117144190799192929e-03 2.237358241598457961e-02 6.467059533692257056e-02 5.572949218844069907e-02 3.339811018207824306e-02 2.132728686720979788e-02 2.504195654883902000e-02 1.747345891957255079e-02 1.234296503045598063e-02 2.003339398492011078e-02 1.590490792286022165e-02 1.273595684022688773e-02 2.204534288091674482e-02 2.032934839909197183e-02 6.277597115451699628e-03 1.735720829915430446e-02 1.690378923835928263e-02 2.133886381545386721e-02 2.288012373798012020e-02 1.471298549409943458e-02 3.637422224852967373e-02 1.023275603018281715e-02 3.084556499067835252e-03 1.630444372577955284e-02 6.949564002669284153e-03 -1.835868095310756298e-03 3.405282750493359659e-03 1.395657340389022671e-02 -1.487117226797123222e-03 -6.225910206545149121e-04 1.516915908900034853e-02 7.622435628233187798e-04 3.705435997637950962e-03 8.714925140326243783e-03 1.592606263536872017e-05 2.933792136480650042e-02 1.210720330035759554e-03 6.360640565295814369e-03 4.354315000618114162e-03 6.101648881481036265e-04 2.366656527201329782e-02 7.113213799318447543e-03 3.372552262013336910e-02 1.556729760750952436e-02 1.311022900976909454e-02 7.907648839202023605e-03 1.038521665215251738e-03 3.788060870651927068e-03 -1.551042691233267198e-02 1.636827455237719470e-02 3.572850822638738190e-03 1.127057525489805374e-02 3.901393661300003868e-02 3.155227782541447645e-02
1.042039260826456426e-01 1.000000000000000000e+00 6.207241976388150340e-02 1.380033890825159149e-01 6.494091147754246784e-02 7.465052182813354531e-02 1.662277302648533239e-01 1.269753734441898541e-01 1.771031257712550600e-01 2.009896081498807052e-01 1.506186400586742857e-01 1.663304341239603412e-01 1.572430717601597805e-01 9.932180582381902600e-02 1.651750382316042876e-01 1.612117544504849120e-01 1.952494348430002802e-01 1.433665818789811031e-01 1.449742318051562839e-01 1.348328913902898107e-01 1.090486928955450852e-01 1.329342654267155754e-01 1.824249909677915504e-01 1.480346131945815824e-01 1.128766352776658932e-01 1.432271377780613975e-01 1.576250044776999759e-01 1.457836993433237471e-01 1.727300779181207280e-01 1.795465666484875322e-01 1.738945139410590646e-01 1.869434060021620547e-01 1.546499472683966758e-01 1.669480062588438729e-01 1.686469612111400618e-01 1.430511932018452004e-01 1.633036674095965091e-01 1.614864314177369142e-01 1.607169672094774515e-01 1.297579610256035521e-01 1.526808068728224554e-01 1.475560923874829067e-01 1.411125417743535615e-01 1.608656446002247054e-01 1.535651175284703795e-01 1.559337847428997059e-01 1.643195758416217123e-01 1.825922505666736639e-01 1.697133558013535215e-01 1.357238894567505960e-01 1.514210491004003567e-01 1.242117962024632399e-01 1.597910180191575713e-01 1.822688908079393710e-01 1.659479427862227408e-01 1.535650878245304607e-01 1.683355632859490913e-01 1.624540140264567056e-01 1.677775267314248475e-01 1.779319751505858693e-01 1.554908274023876213e-01 1.724042603981008892e-01 1.651119759261832354e-01 1.622054233702567572e-01 1.693217697085884210e-01 1.784560335299113232e-01 1.766235806473040182e-01 1.660587872858270697e-01 1.830257989234736482e-01 1.550450722989191732e-01 1.491101416727917128e-01 1.599244393929128982e-01 1.677579988804689948e-01 1.397556554356836345e-01 1.602604455771916014e-01 1.655621996440675148e-01 1.581780295936399128e-01 1.658288151417518508e-01 1.654121375619242440e-01 1.713721257524714880e-01 1.655739499726441299e-01 1.663282093480346058e-01 1.809167630588186249e-01 1.813871849273519798e-01 1.616066707942795388e-01 1.660148272913344880e-01 1.588050362206554766e-01 1.737277688261835151e-01 1.616328440884864659e-01 1.609509945815920939e-01 1.560391814866028404e-01 1.543629103232591615e-01 1.601849819338738712e-01 1.623052260999172658e-01 1.642739189561704949e-01 1.695934997720674464e-01 1.407713487046293177e-01 1.627994471627199624e-01 1.591897367706213984e-01 1.593592675760500399e-01 1.469621629719265188e-01 1.607285300032283981e-01 1.593381180977180844e-01 1.542589572811281229e-01 1.566798744245130603e-01 1.651649501117269103e-01 1.690545724180749221e-01 1.651753191323526992e-01 1.644915151285906429e-01 1.724321645226652988e-01 1.629366047183024580e-01 1.689616233332016382e-01 1.661238330938772934e-01 1.617363944564527700e-01 1.673516278341490859e-01 1.752941003626011240e-01
9.152831612233923442e-02 6.207241976388150340e-02 1.000000000000000000e+00 3.408190065849306949e-01 1.948767642140859513e-01 2.470910136103207644e-01 3.762436269677690848e-01 3.350527421826290375e-01 3.302037293007227814e-01 3.291091335629884873e-01 3.833189498176330923e-01 3.833997206182929163e-01 3.348430401982976368e-01 2.986726527530063069e-01 3.746412482944881939e-01 3.748449009113539176e-01 3.585526002306015925e-01 3.811788889099286814e-01 3.971590203967662047e-01 3.379643993743251529e-01 3.823369718864090272e-01 3.937532456329808084e-01 3.978266188870354658e-01 3.743973420127450491e-01 3.867893280804640121e-01 3.966266706636099593e-01 3.945678559550436781e-01 3.958638380185908745e-01 3.972483834663259050e-01 4.010550341210031289e-01 4.059438095186546636e-01 4.056483528853894183e-01 3.961885694311534922e-01 3.940597265483056222e-01 3.965125691970799449e-01 4.047430685986606047e-01 3.915643686714334604e-01 3.919579278260997279e-01 3.987945853989749989e-01 4.015970846325565002e-01 3.938381025627127330e-01 3.865664408942572905e-01 3.911336427338303334e-01 3.958088409865894164e-01 4.051832760060922745e-01 3.928070121800615877e-01 3.865184117633779781e-01 3.905751979145629105e-01 3.949043763886362912e-01 3.951347697896503974e-01 3.867231980243422962e-01 3.940800161351196707e-01 3.902084342267048700e-01 3.942222051861829502e-01 3.878563980180602111e-01 4.051691853070599203e-01 3.939786785042639905e-01 3.888394389611152246e-01 3.885640575528300777e-01 3.931818044083548735e-01 3.954851454048665671e-01 3.909727775687057427e-01 3.831486721889808544e-01 3.888953307562079686e-01 3.924536347131454828e-01 3.946113929582691360e-01 3.953318528369390017e-01 4.009199186759028755e-01 4.054468428613840492e-01 3.928255611592947338e-01 3.990153910451196273e-01 3.992353309930024574e-01 3.950148224641661931e-01 3.966582651486186828e-01 4.014792080407587060e-01 3.989745336267014886e-01 4.009225302919945944e-01 3.941387067606886840e-01 3.935420619346158833e-01 3.954551180817341693e-01 4.021697742192756886e-01 3.966283937238573309e-01 4.114565495871421730e-01 4.022225442618856395e-01 4.015022900083144441e-01 4.008858633750727041e-01 4.003842479361253703e-01 3.970736747606986028e-01 3.944688479359793054e-01 4.084666244127420076e-01 3.991637857562810310e-01 3.917955497643731966e-01 3.977475118333294590e-01 3.922237228849502766e-01 3.875952928300296918e-01 3.906703282440969760e-01 4.037194767478095581e-01 3.989765339862427207e-01 3.969594191290492513e-01 3.944501341347116941e-01 3.987429336409399339e-01 3.985278579612612226e-01 3.959675816490347278e-01 3.936916231856316117e-01 4.041530476984665499e-01 4.028047668634566203e-01 3.950057321952498701e-01 3.925181246863459483e-01 3.963500908394932409e-01 3.903660885209515596e-01 3.935466467380186462e-01 3.911898591038364681e-01 3.897562235296302413e-01 3.963897284078856109e-01 3.961293427122802857e-01 3.979094268696453662e-01
7.341457808690439457e-02 1.380033890825159149e-01 3.408190065849306949e-01 1.000000000000000000e+00 3.833167867031975207e-01 3.534906585814596713e-01 5.986122469992161133e-01 5.551921091525882090e-01 5.671644315677553116e-01 5.477193254677468204e-01 6.216077076937571722e-01 6.397265795811732936e-01 5.718744028947293501e-01 4.909690378474347860e-01 6.358160651381813411e-01 6.344214840668852551e-01 5.554091394091992262e-01 6.032442780507601965e-01 6.331052584531674521e-01 5.410549245810100105e-01 6.042459852689379129e-01 6.378553719137832756e-01 6.307255417757435811e-01 6.041754512613558559e-01 6.220803861680662683e-01 6.457311599261841284e-01 6.419800201031822251e-01 6.495859796791514373e-01 6.380081446685377244e-01 6.564666039245566909e-01 6.623440119332965059e-01 6.429583047737061907e-01 6.136773134750201919e-01 6.317117080703888998e-01 6.311252926158862353e-01 6.346655971657602091e-01 6.517605505384370668e-01 6.394316955688968962e-01 6.514506014591708860e-01 6.345330960280446408e-01 6.532629613621852016e-01 6.474382552425608228e-01 6.430038631016100625e-01 6.544211032872723210e-01 6.578114991555904512e-01 6.481858227414879492e-01 6.443116571900998624e-01 6.497838384565679526e-01 6.424437517051344582e-01 6.357291354708621833e-01 6.408800475823707155e-01 6.212651469563480466e-01 6.394365707191151937e-01 6.434904006197401660e-01 6.338850391429988740e-01 6.566771816316063770e-01 6.250145918550285007e-01 6.465888283654945834e-01 6.363822735390256558e-01 6.451191066461802182e-01 6.458583676796281203e-01 6.385587801337549996e-01 6.379494565723543564e-01 6.445351468249029825e-01 6.440185223020833405e-01 6.370877636856189241e-01 6.485047372307052305e-01 6.562969852858369091e-01 6.557756647992142307e-01 6.455529779326009132e-01 6.558867884630519285e-01 6.573462766296859217e-01 6.417014945111205737e-01 6.546562728184287527e-01 6.583360048322446367e-01 6.558995676623950999e-01 6.574902474423605092e-01 6.555926459990093491e-01 6.510775724921589180e-01 6.557869894138000921e-01 6.598005455406613651e-01 6.551141083274368837e-01 6.607891590144224780e-01 6.514251822794963065e-01 6.543920329127843605e-01 6.543804433751999605e-01 6.577283091318449904e-01 6.519923444479485131e-01 6.536511290784691175e-01 6.623392635375645598e-01 6.599534847890694556e-01 6.540563201605756882e-01 6.568186812934013741e-01 6.533106135519166635e-01 6.468116328422982564e-01 6.465823711166698295e-01 6.512230647305753406e-01 6.479190676684078998e-01 6.531780532708438836e-01 6.518288513390756433e-01 6.552273841671795163e-01 6.500406406310401675e-01 6.501005685203311568e-01 6.523307793214907502e-01 6.578922438867749189e-01 6.445529113048611425e-01 6.491730061880239822e-01 6.499047054907899357e-01 6.501382790459649952e-01 6.479872027685738001e-01 6.439998503103897542e-01 6.470500452863658936e-01 6.453205257783054538e-01 6.501056384852953451e-01 6.519908297623140392e-01 6.492669004170269487e-01
1.909562399991299522e-02 6.494091147754246784e-02 1.948767642140859513e-01 3.833167867031975207e-01 1.000000000000000000e+00 3.008111748349655001e-01 4.696488390634297461e-01 4.430528317206346434e-01 4.295967225454792593e-01 3.980945842521319000e-01 4.666643945143654215e-01 4.875741220159232059e-01 4.656681639924222793e-01 4.017925606009639106e-01 5.086108550915146020e-01 5.051046594315015126e-01 3.880221916474212995e-01 4.601403124332528738e-01 4.751878185200302807e-01 4.447228029243600611e-01 4.673821635310665967e-01 4.970621172687008649e-01 4.520753657305305317e-01 4.693489013716261038e-01 4.737979424642177473e-01 4.849474212168367604e-01 4.819742594027395244e-01 4.919375433567890754e-01 4.980067929207102062e-01 5.030405715815273737e-01 5.026679638193258803e-01 4.700872906905484983e-01 4.650374822208496184e-01 4.813363251555556888e-01 4.672305530753491087e-01 4.866551901381699352e-01 4.977595850351153595e-01 5.000671391336455329e-01 5.053965939567679477e-01 4.803314449579652035e-01 5.074844579577842962e-01 5.152506170170105815e-01 5.134276828731439979e-01 5.104291776950523607e-01 4.968090746149634862e-01 5.027350034989740424e-01 4.957134729463394396e-01 4.848212088629749728e-01 4.703940541494597283e-01 4.734179780870608201e-01 4.926119600268347165e-01 4.463718440582308822e-01 4.832139284559794357e-01 4.708014440884351060e-01 4.629355702266282346e-01 4.992247718871877793e-01 4.356251943148828354e-01 4.988064513935381861e-01 4.691449565211890937e-01 4.958702968200305317e-01 4.921769152604978381e-01 4.841313305083649876e-01 4.772869667193392895e-01 4.854717927307168335e-01 4.859362935479126233e-01 4.653218932851151401e-01 4.942523805272479587e-01 5.010351553606615660e-01 5.017210143204622330e-01 5.113348197063440903e-01 5.106479989874784797e-01 5.047435192344567056e-01 5.048148107416789987e-01 5.093121512527866157e-01 5.007632662560330683e-01 5.010407301663378776e-01 5.024590948644389599e-01 5.046242367217520508e-01 5.066242096561998087e-01 4.999682946389211735e-01 5.017142871011851524e-01 5.033864347352899893e-01 4.890391053927768406e-01 4.925530987662430360e-01 4.989594267136365224e-01 5.071438201872615625e-01 5.051721816403503817e-01 5.054023684995929688e-01 5.080174875833950443e-01 5.070007015307959053e-01 5.032547618579851223e-01 5.088348639524836736e-01 5.059890168161917945e-01 5.084370393515820208e-01 4.963656850906128515e-01 4.973245914863302364e-01 4.837782969077831230e-01 4.715019157527207128e-01 4.934522133233381624e-01 4.951702948771599111e-01 5.065700440279033989e-01 4.874072172888946342e-01 4.951229832908254358e-01 5.047332210384571916e-01 4.956929729846127897e-01 4.701353771625865763e-01 4.866579490414797982e-01 5.040674257760038302e-01 5.022833955985930299e-01 4.965508033083499972e-01 4.930823596698161726e-01 4.997837203287631147e-01 4.950890943877702122e-01 4.952140530357900250e-01 4.940438783957822322e-01 4.860990753802135189e-01
-1.539070620796488022e-02 7.465052182813354531e-02 2.470910136103207644e-01 3.534906585814596713e-01 3.008111748349655001e-01 1.000000000000000000e+00 5.077478074819932186e-01 4.603937964002828842e-01 4.949145858386307384e-01 4.833653389670982681e-01 5.336513082697095234e-01 5.652431644172526415e-01 5.089718975863091188e-01 4.638829433481043707e-01 5.721487331745996885e-01 5.570654334413125408e-01 4.732501105124503615e-01 4.774301439476759668e-01 5.314037091442722627e-01 4.317807156703960536e-01 5.171466354676220734e-01 5.399392819158845835e-01 5.049917098412776140e-01 5.054422976959829228e-01 5.208306704932973430e-01 5.130049868013377701e-01 5.452180474579444436e-01 5.517774184098913626e-01 5.559691813936616933e-01 5.732930191252377794e-01 5.711124147363734194e-01 5.495144285401099005e-01 5.593990799840365957e-01 5.549132680556304598e-01 5.609057260710328396e-01 5.577544760354303799e-01 5.803563172068527676e-01 5.701598815298587475e-01 5.823033727363086109e-01 5.558238581635394082e-01 5.745876324825925918e-01 5.802975678943664839e-01 5.754646892671207992e-01 5.810196157449730725e-01 5.654541544294136024e-01 5.808786250849673483e-01 5.836434564494141775e-01 5.730491967153745758e-01 5.666589014318893502e-01 5.585216632502313372e-01 5.750877695411937829e-01 5.233692857631881967e-01 5.610712992225013185e-01 5.561280734192274311e-01 5.521544898086881981e-01 5.681687691587485878e-01 5.420594308155052277e-01 5.782796838832224839e-01 5.668464552907835907e-01 5.729834747392534844e-01 5.702694373717374088e-01 5.714380746428803226e-01 5.730863635656759936e-01 5.756416635244226976e-01 5.708384387761352707e-01 5.582470223005610022e-01 5.823242636353576085e-01 5.780264588127055347e-01 5.759759240376206568e-01 5.682014449138542700e-01 5.829138054542601921e-01 5.805885668451031822e-01 5.676686440368069464e-01 5.779221656632886894e-01 5.759967711127527146e-01 5.801514885680162381e-01 5.848938849479924373e-01 5.818147416961217955e-01 5.809979596169151383e-01 5.830413677807926298e-01 5.821502410397652039e-01 5.847551982746030941e-01 5.760883118842529127e-01 5.792663136120135281e-01 5.858650528633373433e-01 5.822051253592229747e-01 5.860081855307617271e-01 5.849045963296466422e-01 5.894238617497166155e-01 5.784436043162823893e-01 5.830703107951694664e-01 5.890971323765922252e-01 5.850560665061981247e-01 5.864147735100133652e-01 5.864215476988462461e-01 5.849664580599082120e-01 5.753636671193889107e-01 5.662875397069776495e-01 5.812565278502708210e-01 5.829220586530174941e-01 5.820244458309561386e-01 5.826901485282189874e-01 5.754809035246207793e-01 5.849725522053387250e-01 5.738250142876730742e-01 5.687548497513903456e-01 5.780944655226296636e-01 5.824787075344883824e-01 5.841024847727208646e-01 5.835760538899741334e-01 5.840606274670933074e-01 5.814966126037200977e-01 5.839433351321576815e-01 5.813751587151644307e-01 5.790802241907856418e-01 5.741711886636532425e-01
3.526231758110297265e-02 1.662277302648533239e-01 3.762436269677690848e-01 5.986122469992161133e-01 4.696488390634297461e-01 5.077478074819932186e-01 1.000000000000000000e+00 7.077838873469772807e-01 6.948494824973491246e-01 6.927995823147161669e-01 7.601321377257546086e-01 7.955456605694597449e-01 7.270402094196564136e-01 6.174232382133321151e-01 8.323326845285216047e-01 8.026522610102677646e-01 6.558558553595533747e-01 7.476360149719974979e-01 7.643216766608839086e-01 6.910737854543117509e-01 7.471533271665640186e-01 7.755902777500328638e-01 7.689746104407738647e-01 7.512873865287404973e-01 7.514872094506015454e-01 7.963691786688013030e-01 8.075687148400109150e-01 8.245613147430752576e-01 8.269143858470517916e-01 8.298999959254695913e-01 8.390808831984304383e-01 7.981018744635239859e-01 7.796974608514675165e-01 7.866213361421260375e-01 7.993885987679442140e-01 7.794270467141315439e-01 8.235342925869050257e-01 8.230564209287685173e-01 8.301522082510249811e-01 8.126964391677383714e-01 8.282842133936144657e-01 8.285150128915343970e-01 8.240937589878148950e-01 8.350070819221309115e-01 8.229330175185771701e-01 8.354024234581327590e-01 8.177737519875520888e-01 8.174386572812016860e-01 8.045422033117871630e-01 7.813217608084115362e-01 8.093115347413381011e-01 7.402849155677765358e-01 8.022199729712179428e-01 8.070914937142837919e-01 8.031705200869270200e-01 8.367112447350312232e-01 7.636901724964759719e-01 8.202625936418348473e-01 8.114515423704132813e-01 8.143882005227410792e-01 8.115071779507964100e-01 8.116486992353340035e-01 8.041379283648029119e-01 8.030981236752214869e-01 7.984183125417076976e-01 7.932375763525738588e-01 8.146093596710306528e-01 8.303627642549438193e-01 8.298679470243144340e-01 8.251641308564989785e-01 8.300871310461914732e-01 8.293188334598148304e-01 8.196673987971035968e-01 8.267697543778084190e-01 8.313486844613487969e-01 8.351187221631090063e-01 8.374055009740384303e-01 8.361243218708631630e-01 8.373489798310672638e-01 8.322031208280572523e-01 8.364511312846988345e-01 8.309725740938704863e-01 8.248725753218980605e-01 8.290994519027846676e-01 8.289067350750791707e-01 8.292043054632619592e-01 8.291396834289092022e-01 8.398599683384581072e-01 8.311840207365155386e-01 8.412554080021243941e-01 8.413963735418302781e-01 8.332958272241103304e-01 8.308642320065511289e-01 8.351605155903899513e-01 8.238076189992913356e-01 8.214758363704136590e-01 8.149729658352058426e-01 7.990887091747772564e-01 8.225956837898189544e-01 8.250794029693513387e-01 8.250023735297642435e-01 8.197881489073954864e-01 8.159331677470336164e-01 8.257612862001336707e-01 8.160795201279150701e-01 8.013386253686165528e-01 8.146917569781306767e-01 8.300961251117665585e-01 8.309636337748759205e-01 8.212153445551315656e-01 8.287756613006176387e-01 8.193030237720090314e-01 8.191125140626221990e-01 8.154581398849523044e-01 8.133031536987002097e-01 8.121900400940377240e-01
2.588832371685089936e-02 1.269753734441898541e-01 3.350527421826290375e-01 5.551921091525882090e-01 4.430528317206346434e-01 4.603937964002828842e-01 7.077838873469772807e-01 1.000000000000000000e+00 6.535939408387486660e-01 6.209474597344649682e-01 6.903916243079578630e-01 7.449116659138194096e-01 6.897808274496239900e-01 5.856644248452075319e-01 7.653828687873579506e-01 7.547759582852875404e-01 6.277000742899234709e-01 7.026773318807012503e-01 7.186473313121445328e-01 6.271381183015455330e-01 7.125512832690727993e-01 7.308106263208923314e-01 7.003022812424564147e-01 7.008213822497615375e-01 7.017572925545532136e-01 7.145142303288273267e-01 7.354838225149089581e-01 7.380491074640557203e-01 7.443386713979761593e-01 7.615825372884007516e-01 7.739380472214563156e-01 7.439219797858871441e-01 7.306505588580752830e-01 7.421831960449344345e-01 7.385410484101742057e-01 7.375317149956399643e-01 7.580777267186248336e-01 7.724670590179771867e-01 7.799610406739713175e-01 7.473081621684839471e-01 7.600677419899729559e-01 7.667546999749879078e-01 7.723941908520848276e-01 7.733042066572016759e-01 7.523493622728656405e-01 7.719984407227336032e-01 7.643415326713888236e-01 7.582279318195014328e-01 7.482998444737344323e-01 7.503803263212530661e-01 7.651100987982770718e-01 6.893068671114818136e-01 7.447598016844927393e-01 7.431312927862634421e-01 7.420457370488038329e-01 7.680856010779267828e-01 7.113922509573260555e-01 7.670153060476290197e-01 7.549749287545144405e-01 7.539396297876806985e-01 7.578641497420399720e-01 7.534082863835451782e-01 7.552888491994224074e-01 7.528623910945518860e-01 7.428724817900473898e-01 7.314614893319698607e-01 7.590430021424370288e-01 7.689629009699333606e-01 7.654592594627168678e-01 7.606779571985664568e-01 7.743723817612492288e-01 7.707305564838548007e-01 7.579605990162266993e-01 7.640841002673292026e-01 7.651866993325491251e-01 7.676730355414013163e-01 7.674275059573889557e-01 7.678057975622321063e-01 7.644688903209725384e-01 7.698964432214437936e-01 7.691113007939571755e-01 7.684562562793907370e-01 7.611990855364810793e-01 7.649531972879775044e-01 7.715324646420538279e-01 7.705626828112395188e-01 7.698587260549603073e-01 7.740101952844551381e-01 7.719404143122772233e-01 7.690952899365246509e-01 7.671655802214680797e-01 7.710916547408541710e-01 7.668570402181816847e-01 7.711990621793886058e-01 7.631399096338714605e-01 7.632307482358012818e-01 7.573225884477134962e-01 7.493564814237422267e-01 7.651492117941096627e-01 7.678867021764098633e-01 7.664271206418324933e-01 7.630741314209424919e-01 7.568150010589870247e-01 7.673230687190983890e-01 7.597009798918189505e-01 7.416050216198570855e-01 7.571885255774654100e-01 7.677931212786575088e-01 7.687246961993196015e-01 7.628127251701051215e-01 7.664833620136202175e-01 7.603419680025903515e-01 7.596736407965950511e-01 7.594138437779940354e-01 7.575585071808536020e-01 7.498828008049029936e-01
9.995466373472115806e-02 1.771031257712550600e-01 3.302037293007227814e-01 5.671644315677553116e-01 4.295967225454792593e-01 4.949145858386307384e-01 6.948494824973491246e-01 6.535939408387486660e-01 1.000000000000000000e+00 7.288720608762738751e-01 7.968633147163611818e-01 8.267013246103117607e-01 7.509507062931534138e-01 6.530589405597605479e-01 8.205984204139790128e-01 8.123383160264594505e-01 7.793084988765488497e-01 7.280543895007204336e-01 7.756922259444053447e-01 6.593029180967239222e-01 7.262043609981208014e-01 7.697297163274615661e-01 7.675588941127576836e-01 7.301114653169226143e-01 7.249803506528457175e-01 7.919100626965125400e-01 8.050819545120593279e-01 7.785089953870343304e-01 7.944627251776874566e-01 8.385818403132375698e-01 8.458815754419480859e-01 8.207902935791918653e-01 7.566263880323677027e-01 7.972228490430727232e-01 7.929170108772068959e-01 8.204321646836586490e-01 8.251961277921762150e-01 8.078947406363383710e-01 8.287821135876464185e-01 7.804806090200883117e-01 8.421411986320712639e-01 8.223839073838988822e-01 8.260602331289249589e-01 8.456798929609330440e-01 8.361202923242944118e-01 8.274313015927281523e-01 8.565374450072703594e-01 8.682415326966633762e-01 8.554524592740329059e-01 8.188908163111771055e-01 8.355738127436972418e-01 8.080807658408348804e-01 8.566649539743192987e-01 8.556911139737923833e-01 8.300569987810478834e-01 8.231427430618966090e-01 8.366326638344081523e-01 8.489201018330527759e-01 8.297681301125617859e-01 8.693976903212836671e-01 8.561137752806550205e-01 8.616300573151539632e-01 8.444914211659289016e-01 8.639011856979957882e-01 8.690148033150245643e-01 8.651524709266595892e-01 8.680693338487989186e-01 8.565950159763477956e-01 8.567564797747294625e-01 8.356944341753069772e-01 8.428629885653774467e-01 8.551514300091880294e-01 8.319924000627583194e-01 8.332578718968434162e-01 8.501067305255850526e-01 8.514343644466677574e-01 8.408386467723992785e-01 8.476874587103874203e-01 8.496945514063940497e-01 8.569258528027783317e-01 8.519323406656295061e-01 8.587116695040047931e-01 8.542356681495341109e-01 8.442558341595775007e-01 8.378558804199641719e-01 8.482657752992373013e-01 8.523182071878270261e-01 8.448943864785959379e-01 8.543860527028334095e-01 8.369959670704303356e-01 8.321745326932948883e-01 8.503363311853102680e-01 8.539310305984654237e-01 8.506193848072410857e-01 8.576688287776986774e-01 8.623609704473850224e-01 8.242479909761860624e-01 8.407725089903794746e-01 8.480190889401041376e-01 8.448101262372773590e-01 8.483497631270231487e-01 8.447302728050136711e-01 8.622787319153070174e-01 8.571839870039819065e-01 8.584104854260448114e-01 8.407735675965015698e-01 8.565874677570227691e-01 8.556627563536756131e-01 8.510935668390205988e-01 8.590595214091916176e-01 8.375940190679134201e-01 8.651197970798024661e-01 8.594048858703960958e-01 8.592873108161908080e-01 8.697391658541925308e-01 8.665245172994029410e-01
5.723040489595237340e-02 2.009896081498807052e-01 3.291091335629884873e-01 5.477193254677468204e-01 3.980945842521319000e-01 4.833653389670982681e-01 6.927995823147161669e-01 6.209474597344649682e-01 7.288720608762738751e-01 1.000000000000000000e+00 7.396284700100843601e-01 7.597404054678013052e-01 6.888513296305259770e-01 6.015600705367171175e-01 7.743366052860630733e-01 7.586663752312191589e-01 7.050779390520988121e-01 6.875134675611496160e-01 7.265403022374672393e-01 6.280030710287729523e-01 6.691705980269824217e-01 7.205516084793340825e-01 7.341641317812269696e-01 6.881459295821875655e-01 6.813764669645417937e-01 7.459963190659172350e-01 7.671929866910689455e-01 7.505422878251380991e-01 7.639242249992042044e-01 7.950417176552747600e-01 7.989325146836742109e-01 7.747037512419731042e-01 7.170769399582664905e-01 7.515364690754892107e-01 7.563716716804507190e-01 7.533129715304123231e-01 7.791705303079339284e-01 7.700812787746920129e-01 7.809039328390182666e-01 7.486655635598464809e-01 7.937665206370955184e-01 7.815453892735708674e-01 7.727657595841070926e-01 7.942973396862349489e-01 7.892870138385369438e-01 7.880711104895546937e-01 8.005076638065592443e-01 8.133141449577273585e-01 7.935203487951276724e-01 7.451393528784570064e-01 7.742727647170811744e-01 7.190980558038945203e-01 7.856163351539061646e-01 8.095364098547687126e-01 7.867752488015428147e-01 7.918282438650259270e-01 7.764779618951078710e-01 7.958563096730629782e-01 7.913233725490668169e-01 8.082859168797772442e-01 7.891912465730120951e-01 8.050955949762107489e-01 7.971375640575177890e-01 7.976368877299384597e-01 7.960677089576757570e-01 7.999416857856591623e-01 8.113490257577083975e-01 8.051710903647836259e-01 8.112753558572438628e-01 7.869075769688327338e-01 7.893135915372275768e-01 8.015298686315861509e-01 7.860876872057128706e-01 7.804669113659443713e-01 7.971707898639694978e-01 8.008479990354564482e-01 7.927308315865903010e-01 7.979358103179121642e-01 8.012435415024308227e-01 8.038683971820745899e-01 8.041419307105808212e-01 8.048092320155851853e-01 8.091003711295723377e-01 8.016072088208010538e-01 7.964073749671848335e-01 8.002044152837995972e-01 8.010752230483891845e-01 8.052621105506222454e-01 8.043441487211199226e-01 7.983237510591002506e-01 7.932172306572045084e-01 7.990585246107562156e-01 8.030121255307989259e-01 8.036265350103750649e-01 8.052227604244597270e-01 8.101050983281032902e-01 7.764724242737343074e-01 7.819758556347389256e-01 7.974270034427650700e-01 7.949690870206568283e-01 7.928585618816887948e-01 7.993526719904667788e-01 7.993435465842638754e-01 8.001491655891782573e-01 7.964659769562534297e-01 7.935273442474832795e-01 8.019038741347130905e-01 8.087749578371008496e-01 8.049429374045397045e-01 8.082777129535801963e-01 8.002417100531435956e-01 8.078965957682845422e-01 8.068011017065424006e-01 8.047978207926196337e-01 8.080840116115419747e-01 8.082461717342865892e-01
4.275258799085493444e-02 1.506186400586742857e-01 3.833189498176330923e-01 6.216077076937571722e-01 4.666643945143654215e-01 5.336513082697095234e-01 7.601321377257546086e-01 6.903916243079578630e-01 7.968633147163611818e-01 7.396284700100843601e-01 1.000000000000000000e+00 8.617779957708633365e-01 7.748008509305908120e-01 6.899855684865562333e-01 8.599378053400584809e-01 8.518988293825449087e-01 7.726066950233503317e-01 7.740678850402653577e-01 8.275786993343690057e-01 7.037696603391176975e-01 7.801414874634196028e-01 8.213696266790126987e-01 8.183540948482260768e-01 7.833426015017569410e-01 7.905170294691652444e-01 8.387209276379916645e-01 8.529101799921744442e-01 8.411872912328015595e-01 8.472114440261925283e-01 8.750808701679789747e-01 8.899665191517446283e-01 8.590711891573584724e-01 8.077257968588903436e-01 8.379562690748009191e-01 8.384773662537577943e-01 8.606564543529792166e-01 8.777307103438604097e-01 8.602567581679829711e-01 8.783652764488115716e-01 8.481574833860451301e-01 8.847785210083024543e-01 8.743884469419879180e-01 8.752780876107503216e-01 8.859493065085197738e-01 8.841539090597146933e-01 8.757439154527240088e-01 8.885455792043398526e-01 8.905438643900107643e-01 8.841659924923039870e-01 8.584524110985710665e-01 8.769216625171606383e-01 8.328065343896037254e-01 8.822853327838066084e-01 8.812529146412017012e-01 8.657032048289258208e-01 8.789633117653279371e-01 8.630016746825922569e-01 8.874158166328571795e-01 8.731242818563059727e-01 8.887248065386751383e-01 8.881555245092552786e-01 8.861671776345518836e-01 8.808029694876027271e-01 8.914373281457713682e-01 8.861723325666333029e-01 8.800139164359989108e-01 8.927709122033277156e-01 8.916732504017388372e-01 8.904807882409400133e-01 8.770541429959654023e-01 8.848785429467985741e-01 8.917031368818360004e-01 8.719170849143479396e-01 8.818618422572491733e-01 8.904973094612304019e-01 8.914301136064795017e-01 8.859709402714603943e-01 8.867428619909338838e-01 8.872543069184940512e-01 8.918190550106256387e-01 8.916844258369439613e-01 8.917608956593042757e-01 8.897748680033755742e-01 8.816857614540751786e-01 8.859989585809149304e-01 8.871175339774538537e-01 8.945462723942095851e-01 8.857978638724478548e-01 8.936493961688444232e-01 8.880371159652895585e-01 8.842811091962792247e-01 8.912297996648609333e-01 8.923509882936927484e-01 8.905807793382199966e-01 8.913275123855024518e-01 8.923919105470166091e-01 8.782042533769299775e-01 8.766875502433407741e-01 8.904430312531251834e-01 8.869944109800026455e-01 8.908070354895218923e-01 8.873382486255656509e-01 8.893041259829107537e-01 8.926673766627567508e-01 8.919738950251060450e-01 8.797013964755551196e-01 8.886920856257412016e-01 8.906100767684945740e-01 8.900056352837992790e-01 8.920836126352920115e-01 8.831879425676025797e-01 8.916642354794827030e-01 8.903667861050301724e-01 8.918493577711168463e-01 8.931204975756278364e-01 8.897299666709586052e-01
1.965725875843704271e-02 1.663304341239603412e-01 3.833997206182929163e-01 6.397265795811732936e-01 4.875741220159232059e-01 5.652431644172526415e-01 7.955456605694597449e-01 7.449116659138194096e-01 8.267013246103117607e-01 7.597404054678013052e-01 8.617779957708633365e-01 1.000000000000000000e+00 8.181675331222710845e-01 7.228420733235886297e-01 9.174880430907701445e-01 8.997340534348442498e-01 7.852130059385612482e-01 8.065480576168169158e-01 8.634570667025225355e-01 7.268603684778957019e-01 8.182746241212132121e-01 8.630004320609718782e-01 8.340861711389585542e-01 8.069518537441647821e-01 8.207538184122780134e-01 8.783095712769503072e-01 9.031087322891447888e-01 8.919915316424391616e-01 8.966881250161048422e-01 9.271288203666893102e-01 9.362988842641678522e-01 8.939098761095648493e-01 8.571898625350458101e-01 8.741933191495402378e-01 8.790843545842333961e-01 8.965724163292922988e-01 9.194401871708441920e-01 9.149226603106688227e-01 9.295435454545351028e-01 8.927138659096570672e-01 9.323021965686864032e-01 9.278969649468711278e-01 9.284548926267234270e-01 9.407422165815473303e-01 9.233057028233753183e-01 9.323858866114074218e-01 9.430429450883154319e-01 9.416429319939532139e-01 9.323342764988974407e-01 9.054441454195614192e-01 9.302812489674744389e-01 8.630227687138251058e-01 9.271815256025274232e-01 9.286579738808018458e-01 9.160602937943019830e-01 9.276245716618158887e-01 8.981189183962727807e-01 9.396335453609084842e-01 9.264737553473141318e-01 9.389232405259496650e-01 9.370760539055127403e-01 9.373668266753899525e-01 9.317708714742749532e-01 9.380675711879791212e-01 9.295634104820644783e-01 9.241480416493483840e-01 9.424613458268380484e-01 9.409546363401372071e-01 9.358952421252283438e-01 9.226357956394054538e-01 9.360172750891290194e-01 9.428666776694747398e-01 9.136662724277703207e-01 9.290886499327809522e-01 9.401992452732121919e-01 9.430161732581902045e-01 9.382179053630010923e-01 9.397300693700660901e-01 9.390579118810498116e-01 9.439290838869007771e-01 9.430623522527493696e-01 9.468741118618886343e-01 9.325993044474600868e-01 9.318541083451257201e-01 9.341088190781611234e-01 9.354214356668069108e-01 9.430383216232531840e-01 9.414149375408217280e-01 9.446350581470265295e-01 9.371221670735383480e-01 9.330562871605131425e-01 9.447779095229920099e-01 9.439000266595782840e-01 9.444566447433411227e-01 9.451578699311401488e-01 9.459454451799352848e-01 9.236490878391323545e-01 9.227599577435248168e-01 9.396538994169129078e-01 9.370780700060483692e-01 9.406237551879568226e-01 9.374066756312691151e-01 9.402889677211695441e-01 9.447604701751731726e-01 9.384517229166611241e-01 9.230866588290976837e-01 9.391963268436911427e-01 9.459923312022542330e-01 9.441929100997062951e-01 9.446799417826290401e-01 9.380144318899386047e-01 9.444197774880409568e-01 9.428707954755541909e-01 9.416115420979919159e-01 9.422886201499052206e-01 9.396869273858878824e-01
3.155833372329449465e-02 1.572430717601597805e-01 3.348430401982976368e-01 5.718744028947293501e-01 4.656681639924222793e-01 5.089718975863091188e-01 7.270402094196564136e-01 6.897808274496239900e-01 7.509507062931534138e-01 6.888513296305259770e-01 7.748008509305908120e-01 8.181675331222710845e-01 1.000000000000000000e+00 6.522759427294156920e-01 8.403963923070194575e-01 8.281117618848996553e-01 6.974581397885796230e-01 7.332397738586737823e-01 7.746337863446101091e-01 6.787983820669600821e-01 7.377048898413552935e-01 7.810565360738407348e-01 7.464038421446812510e-01 7.414254099871487869e-01 7.423396011099819836e-01 7.900410588276092216e-01 8.168766138166543289e-01 8.041789653854016784e-01 8.167278742743311337e-01 8.435292731887822359e-01 8.465133533707024371e-01 8.039183527559133902e-01 7.766965646967119996e-01 7.962327916209501755e-01 7.993537037585101146e-01 8.128618731148178345e-01 8.326146364011438594e-01 8.226158991257741526e-01 8.453503983371116748e-01 8.068344349082753331e-01 8.510284307618278810e-01 8.511132978720629128e-01 8.432638498572907482e-01 8.582140978566483724e-01 8.403291797246970063e-01 8.484954284461578844e-01 8.559189662552270095e-01 8.563143724773532028e-01 8.373414709989885907e-01 8.069259112568086811e-01 8.364827778984805784e-01 7.764149353131636344e-01 8.441233418092335405e-01 8.400708577014243117e-01 8.209700378109240360e-01 8.379968948866314271e-01 8.019082979803118238e-01 8.546241445513010904e-01 8.331427049900360648e-01 8.569790588730579195e-01 8.493257310678058447e-01 8.513749727835604464e-01 8.424603153360175067e-01 8.466791723677100645e-01 8.402361238696227641e-01 8.360211295189852176e-01 8.552589496028328853e-01 8.581801350311299981e-01 8.539028614803745310e-01 8.478343317235620402e-01 8.520275796880293351e-01 8.561797533243825642e-01 8.435035899728414721e-01 8.449243902946829143e-01 8.499683649564485632e-01 8.574506744086348720e-01 8.519577669676562381e-01 8.577266853389483581e-01 8.562340391669045481e-01 8.597104630480216780e-01 8.574860861464040918e-01 8.603573681619604008e-01 8.470894756751415899e-01 8.497195112018084417e-01 8.524619872266003817e-01 8.554241766930082980e-01 8.576493491352760179e-01 8.571089462651532154e-01 8.609712542605555408e-01 8.520535225882350794e-01 8.499268589343730307e-01 8.619591612931520874e-01 8.608051548798844044e-01 8.628167332350195062e-01 8.615725325973065951e-01 8.615482313107027945e-01 8.390974865350731005e-01 8.339917133473195854e-01 8.556872264975883269e-01 8.528332771733387885e-01 8.578273865344817617e-01 8.513515194784494478e-01 8.577485608086008462e-01 8.617743969960418582e-01 8.534987134730496194e-01 8.376568116558621435e-01 8.531407353278406269e-01 8.614248740880202648e-01 8.595795193125600475e-01 8.589728239341363203e-01 8.530396446267441979e-01 8.623227501475184686e-01 8.588343382233506462e-01 8.571338097173979431e-01 8.551507941257401324e-01 8.528917006165555037e-01
