1.000000000000000000e+00 1.497559966361803052e-01 2.351682618327529881e-02 5.830135558363644388e-02 2.481732065176894472e-02 8.306144685305544631e-03 1.600218490726286122e-02 -3.246183862160921529e-02 5.872661227704965847e-02 4.104294215224020548e-02 5.141225499305894509e-02 -2.460228521861330692e-03 1.930682036091559833e-02 4.399076574138108611e-03 6.912976231144216110e-03 -1.113769630978696766e-02 3.566213437974337375e-02 1.382963030121749093e-01 1.211736734234244023e-01 1.096179509239183919e-01 1.488901458319113746e-01 1.413747116659153924e-01 1.155187659393218658e-01 1.468970609526444870e-01 1.351494049168294187e-01 9.301472355944238879e-02 7.080739187061391160e-02 6.881786536194263448e-02 1.323128190224799050e-01 1.498862874697964032e-01 1.020789259325776827e-01 7.375419349457772167e-02 8.079118723053084483e-02 1.000123600175026051e-01 1.126598112954495107e-01 5.325942681271716300e-02 7.046820053611128898e-02 3.699694482677831631e-02 4.557051359319901768e-02 -1.145234313624424356e-03 2.567380440775424155e-02 1.922385758840862522e-03 -3.276116903721983456e-03 1.426886959234685039e-02 2.244251316222322518e-02 4.364295414208045620e-02 1.107429509181907107e-02 1.421279194357538342e-02 3.084006267117657754e-02 3.486217629105570898e-02 1.318554363796696320e-02 -7.865758308411206767e-03 1.705751908429883890e-02 2.499133658247519596e-02 2.853793917485246412e-02 3.076183098220244827e-02 5.873819071740950942e-02 9.189350560617171385e-03 2.261633132618346212e-02 2.047226378421529436e-02 1.246638308218990174e-02 2.346297901299719199e-02 2.428553680691408062e-02 3.776258013279439052e-02 3.942721944469999157e-02 3.644747875259250758e-02 1.802815281626532484e-02 3.991026550585406035e-02 5.919347412079776355e-02 4.441447920338589817e-02 5.775972835358739871e-02 4.306242573093707615e-02 6.334113955138688523e-02 5.550154598697946279e-02 3.492188721043760352e-02 3.137138445841196333e-02 3.294380890497820846e-02 5.408928536582363611e-02 4.321785608785733840e-02 6.322518876631447182e-02 4.105997126241642953e-02 3.591536508494410501e-02 3.947152440750437835e-02 5.741401767880704998e-02 2.987925730048413692e-02 4.581879574465484717e-02 2.230912464270345258e-02 1.476844176603951155e-02 1.540349379968918714e-02 2.628676056004488129e-02 7.856975662301712154e-03 7.020885739495550011e-03 3.438826669415973470e-03 5.017926193199160473e-03 2.267792253979825697e-03 7.417128139989326817e-03 -1.015421150828680653e-02 2.690710009667539662e-02 8.633366893825336619e-03 -3.973497835634179354e-03 -7.154096287284963593e-03 1.512231164602331583e-02 2.440601024343369476e-03 3.229756439297255116e-03 8.415844641148854943e-03 2.313137972268319506e-02 1.785121116082431444e-02 1.312621334625847444e-02 1.205948985363439717e-02 9.728344607376340075e-03 1.757709927116417152e-03 7.635385881950560935e-03 7.600987832648297554e-03 1.728241974198428330e-02 2.274712791089113229e-02 2.120868940238151285e-02
1.497559966361803052e-01 1.000000000000000000e+00 9.063211660093711819e-02 1.113680781056332059e-01 7.175500126074997598e-02 8.499768215457545462e-02 1.395796174443715010e-01 1.219047231695582212e-01 1.907811242559958875e-01 2.001106229688061067e-01 1.655510832295376267e-01 1.466756732749233405e-01 1.332373111975300450e-01 1.129924673255732759e-01 1.629875415697879248e-01 1.381870916090919554e-01 1.479433766162788211e-01 2.169959926096998448e-01 2.183257271839129654e-01 1.108559268268214382e-01 1.656903812788864394e-01 2.170844279148627098e-01 2.027309804182798325e-01 1.975168895711103823e-01 2.101648296824389639e-01 2.245072484032692717e-01 2.065981454691798169e-01 2.177425355481294178e-01 2.560041895689053049e-01 2.846198586108716344e-01 2.477679130124981477e-01 2.103601257762645060e-01 2.208386450201003381e-01 2.115585170284548511e-01 2.319738859118715968e-01 1.690302256251697277e-01 2.133983060444718249e-01 1.937098456326682705e-01 1.945553334766574882e-01 1.578914783093809115e-01 1.699290570465156469e-01 1.726901718448193845e-01 1.366887341846233783e-01 1.659986770859355198e-01 1.761229992146507439e-01 1.941920743672694571e-01 1.641348210906328764e-01 1.678930118126675808e-01 1.710468188193829675e-01 1.576191508151719434e-01 1.521279135625842327e-01 1.094611668192715659e-01 1.527054805575709384e-01 1.718601588107452893e-01 1.674175905421527166e-01 1.800408254652121898e-01 1.649644730691166294e-01 1.540473788844231307e-01 1.590495308379384631e-01 1.623678220987388177e-01 1.520922913087796313e-01 1.640289544632019536e-01 1.550897381531014529e-01 1.756664838839962772e-01 1.675986955173955351e-01 1.623385192925201614e-01 1.744067028979331690e-01 1.878552555844153205e-01 1.961247760548870678e-01 1.667678192207110999e-01 1.848663957999968632e-01 1.855629499485721701e-01 1.902511318588711864e-01 1.866114088086386624e-01 1.899145338239440484e-01 1.874719620744937920e-01 1.887358292558052042e-01 2.039974945527815720e-01 1.973742466455045419e-01 2.177498565688213983e-01 1.933584272324221087e-01 1.986593982895380195e-01 1.844701993550989239e-01 2.080362528026571955e-01 1.688342353876627899e-01 1.899513574658741322e-01 1.786345372410053922e-01 1.758047365812171192e-01 1.783629145580982178e-01 1.768259300969131920e-01 1.654284000861482584e-01 1.678424853383233828e-01 1.628343595695633528e-01 1.681828520570801955e-01 1.643048939709332301e-01 1.729195484293987173e-01 1.380430556092552552e-01 1.562699996463116359e-01 1.575011955419634568e-01 1.493211938709237685e-01 1.506667837673368038e-01 1.618095474654689392e-01 1.552159813007212286e-01 1.597100878902607546e-01 1.536485236532061649e-01 1.623567685143725292e-01 1.707779181469057661e-01 1.704327877588558138e-01 1.680049286296805278e-01 1.628939901100857068e-01 1.590043153784441443e-01 1.640392427426403121e-01 1.614437767083858055e-01 1.684121485913988581e-01 1.738630445136948310e-01 1.610040080273324736e-01
2.351682618327529881e-02 9.063211660093711819e-02 1.000000000000000000e+00 3.547189832879005800e-01 1.957559873617532031e-01 2.580999850269248275e-01 3.570774278143760694e-01 3.026038362321918362e-01 3.885279367311081922e-01 3.515572799882042410e-01 3.661200679674503911e-01 3.864547372538829073e-01 3.190581034537821048e-01 3.072423728099437090e-01 3.850333864736065204e-01 3.636981975189987892e-01 3.750586435963447207e-01 3.325117064826752511e-01 3.692019209119387080e-01 2.758912151105006316e-01 3.868836954938282280e-01 3.831967853260114798e-01 3.348258551957925544e-01 3.220782395714473778e-01 3.592150898731071851e-01 4.108129833919495488e-01 3.941914699021781820e-01 3.973590021448321075e-01 3.875132472364838376e-01 3.950173882261409086e-01 4.089549769693830994e-01 3.978006255558088622e-01 3.907856506172244226e-01 3.970838613564449116e-01 3.918326433400712294e-01 3.931345026863450332e-01 3.884113482899738679e-01 3.954028810895504065e-01 3.953317551463634838e-01 3.758097020240615538e-01 4.005663758273398933e-01 3.878831110760091461e-01 3.736839633963914276e-01 3.938120512115835248e-01 3.997412755084138181e-01 3.969990282816840965e-01 3.897502476121355586e-01 3.933492957609743268e-01 4.008120069787757811e-01 3.904808060028968075e-01 3.964606312624481821e-01 3.829115995957154128e-01 3.943657595656687165e-01 3.879019123473946840e-01 3.825203296202642211e-01 3.941065710184766813e-01 3.942605893501670011e-01 3.824267392664942311e-01 3.923833509575630485e-01 3.919068475662820794e-01 3.920251666661445644e-01 3.890598168188971751e-01 3.791055617772353670e-01 3.999428568405311024e-01 4.093465576444908494e-01 3.950844989918302352e-01 3.943310287727571084e-01 3.961884832684859359e-01 3.941789365162788883e-01 3.878191787292446513e-01 4.101259451735936312e-01 4.037550858579271873e-01 3.868503755872840233e-01 3.926417653321958579e-01 4.070414776193996831e-01 3.981361721907523132e-01 3.975752257225073083e-01 3.976935353696104403e-01 4.000832776296732174e-01 4.006792295049937391e-01 3.960494171528720631e-01 4.015044827470845012e-01 4.026390171648195904e-01 3.980784179788610100e-01 3.847562238174840887e-01 3.986918803037398651e-01 3.947594716932619208e-01 3.893525988136528615e-01 3.933281740264418791e-01 3.971857249282800262e-01 3.859382510458885807e-01 3.908551050077520017e-01 3.942959648815146934e-01 3.919765442845474235e-01 3.889102529360046190e-01 3.921922788505550761e-01 3.724996657320153171e-01 3.827131805186381186e-01 3.915053125998818606e-01 3.860221868056354366e-01 3.860574640794064427e-01 3.896460942851364129e-01 3.918874132493503915e-01 3.930203270641325908e-01 3.946264166565751630e-01 3.893153150289646591e-01 3.923789331428069738e-01 3.893719794329258965e-01 3.895317847158945024e-01 3.908077697032034115e-01 3.857742785017998499e-01 3.906840755959117284e-01 3.891932547806635778e-01 3.939939166271173576e-01 4.018771507921699015e-01 3.910734423663765336e-01
5.830135558363644388e-02 1.113680781056332059e-01 3.547189832879005800e-01 1.000000000000000000e+00 3.984919433084458396e-01 4.061893035833296639e-01 5.967405414334973068e-01 5.427690214549040215e-01 5.677508995654484414e-01 5.199042330638136145e-01 6.181633607539709363e-01 6.428403486656286692e-01 5.647323035197289176e-01 4.860475941149087209e-01 6.147818875371887648e-01 6.151553725582666887e-01 5.839691720085180560e-01 5.354978176306672832e-01 5.614020801493568857e-01 5.912399468462516960e-01 6.088247732674746393e-01 5.993938124048013849e-01 5.613877693879718578e-01 5.096754879710605479e-01 5.385239642369987756e-01 6.201237157622372376e-01 6.058421820027423133e-01 6.006388289330490959e-01 5.532218753083026908e-01 5.611879650640112516e-01 6.024196487663933119e-01 6.348024352784353841e-01 6.030845166774920774e-01 6.244523991736732338e-01 6.022106373883272523e-01 6.335899958245039265e-01 5.994766596361067457e-01 6.287760192902321910e-01 6.369495625838220709e-01 6.336942578048415653e-01 6.405660895377868203e-01 6.252758028658882417e-01 6.410970684030172784e-01 6.395223408259748110e-01 6.468283967752118668e-01 6.195639796011819245e-01 6.297004737709513966e-01 6.172427552769456094e-01 6.294260942204057407e-01 6.337979943591670606e-01 6.390575701842141632e-01 6.399340539816968931e-01 6.425464090656574090e-01 6.130198135968275563e-01 6.079343316011799336e-01 6.304570710990672344e-01 6.338476900057381513e-01 6.166161654061690367e-01 6.227934082897155221e-01 6.308419792703696682e-01 6.367590015339069653e-01 6.209729849640203136e-01 6.112529364226163553e-01 6.314744010297207444e-01 6.273503487950825575e-01 6.312851232490700459e-01 6.249141536835336463e-01 6.252642167454471878e-01 6.302340214637187632e-01 6.540454999779079515e-01 6.417314539563716558e-01 6.300944229072684699e-01 6.174409115429737582e-01 6.218980235110417309e-01 6.347118601020012019e-01 6.230369356236085121e-01 6.277345326632355338e-01 6.092820078093199587e-01 6.268533874384160098e-01 6.125207713212852401e-01 6.197951957601756101e-01 6.201892145197470674e-01 6.379678671303036230e-01 6.158605311713577501e-01 6.336224187597558899e-01 6.248343947148795596e-01 6.243475023369642329e-01 6.286034586647807343e-01 6.246445954200919859e-01 6.373997757364479044e-01 6.341250411764933759e-01 6.291584258799135521e-01 6.364055924165983313e-01 6.274382175019662666e-01 6.209042426442515916e-01 6.177573221050417507e-01 6.389048396614982472e-01 6.339994344173608409e-01 6.333392530287312860e-01 6.359230844038581409e-01 6.334572439527593746e-01 6.304501369750757922e-01 6.335812552763757655e-01 6.323680748076715430e-01 6.405132205003309931e-01 6.308282093466363039e-01 6.254704181307941813e-01 6.213341101776105324e-01 6.224464288223594544e-01 6.246514607737825298e-01 6.252673722501672637e-01 6.230937032910217610e-01 6.238224479522790356e-01 6.254972001995097175e-01 6.245237764536006875e-01 6.266132663811745385e-01
2.481732065176894472e-02 7.175500126074997598e-02 1.957559873617532031e-01 3.984919433084458396e-01 1.000000000000000000e+00 3.123136172214909245e-01 4.823176003101392606e-01 4.821671822459442924e-01 4.753842151604326660e-01 4.382190191683996150e-01 5.008327386748246957e-01 5.143608010276294884e-01 4.948385824859030113e-01 4.100340066748160983e-01 5.126965885539688239e-01 5.170954850335676145e-01 4.670727487591928573e-01 3.878691583266418719e-01 4.332086837081240982e-01 3.927093300062101666e-01 4.334303623674775063e-01 4.522816328264020469e-01 4.106556892472379983e-01 3.590544797506377561e-01 4.024854260874417555e-01 4.842395957102938464e-01 4.838276968363093844e-01 4.832292268492103804e-01 4.416999084285438970e-01 4.506259647861624584e-01 4.882629146526336061e-01 4.997478751270715280e-01 4.587542224188069784e-01 4.860353849250674818e-01 4.679077169206739550e-01 5.107286178200068916e-01 4.888735680227219715e-01 5.037346837180953774e-01 5.156256669738451537e-01 4.880463347524628404e-01 5.150468537321173379e-01 5.169149868476253795e-01 5.301687440040132593e-01 5.273725384797716131e-01 5.228774697728566512e-01 5.121986430100947674e-01 5.219318008370329443e-01 5.193389409199783424e-01 5.276991034918651069e-01 5.093975814786322331e-01 5.235365236022491153e-01 5.223605628343146456e-01 5.253759816482389544e-01 5.217863526728188095e-01 5.240314282494983322e-01 5.241265417413635275e-01 5.331492779418357530e-01 5.292083351008509684e-01 5.233209467295090178e-01 5.330117514288957858e-01 5.318227232143846184e-01 5.328884538324881737e-01 5.279249798778745673e-01 5.255925568101098566e-01 5.253039569608642934e-01 5.353729260171760096e-01 5.187729519937396283e-01 5.097200800281068700e-01 5.074695726015886477e-01 5.055140883517695860e-01 5.076756104175762507e-01 5.144196542979484477e-01 4.877048164262611230e-01 4.915473605784063116e-01 5.134281191382408238e-01 5.126678660750638716e-01 5.084320735105805067e-01 5.040129606583417798e-01 5.090033949913972400e-01 5.069192869726021344e-01 5.171315773002393978e-01 5.122086115703040621e-01 5.145211232669311130e-01 5.102718544205435691e-01 5.092971992899731903e-01 5.108323603864356466e-01 5.162291317486801256e-01 5.122070633750382962e-01 5.155558020922356155e-01 5.228218165691743691e-01 5.132051349444406441e-01 5.192330709509649367e-01 5.233579984049705480e-01 5.181453119329575419e-01 5.177280278628522137e-01 5.178523776196313211e-01 5.163817324288150212e-01 5.242213587955339982e-01 5.263554758834302350e-01 5.175126054381883334e-01 5.233458347754667006e-01 5.244646694430781242e-01 5.217161346270390299e-01 5.247634457407290842e-01 5.251314078344160308e-01 5.293809781142876369e-01 5.220923448461625149e-01 5.190313965566640819e-01 5.238286379289954775e-01 5.207318595148386908e-01 5.256480041703247563e-01 5.254388285108112511e-01 5.252557622545052096e-01 5.228013142590495210e-01 5.194471742450000873e-01 5.274303511376505771e-01
8.306144685305544631e-03 8.499768215457545462e-02 2.580999850269248275e-01 4.061893035833296639e-01 3.123136172214909245e-01 1.000000000000000000e+00 5.502376088864185943e-01 5.155603994092685660e-01 5.470865089625656097e-01 5.018067971797063320e-01 5.582690487766591714e-01 5.824432665912894214e-01 5.391754711545569956e-01 4.662067453186408694e-01 5.854861350487773342e-01 5.890026286324339111e-01 5.341949286750939940e-01 4.924657768168505534e-01 5.234075099737223180e-01 4.420157334482006095e-01 4.995271943247712176e-01 5.277763988078010282e-01 4.931550862289569293e-01 4.637933270236650474e-01 4.962035890366700563e-01 5.731814521034909182e-01 5.571818426572369143e-01 5.695349985088091760e-01 5.236488307716313795e-01 5.277359740092764095e-01 5.710500660651632865e-01 5.878444614839081206e-01 5.640635608847752724e-01 5.775833616118636327e-01 5.517637703622241263e-01 5.856927866172958463e-01 5.814982370149572866e-01 6.007204585708766365e-01 6.001064325546571210e-01 5.853312585157757209e-01 6.043763980350228548e-01 6.031075083046004703e-01 6.052245901718481536e-01 6.069171178977583736e-01 6.074351838058621444e-01 6.015095433002157765e-01 6.089414615232431327e-01 6.001891621590628167e-01 6.051981192824811284e-01 5.930788164571882959e-01 6.078855999526359133e-01 5.858054529537556343e-01 5.920847801692353807e-01 6.015482930804324502e-01 6.046614081640904192e-01 6.095209987002463414e-01 5.914843785632583062e-01 6.019128884295521509e-01 6.070171919824519646e-01 6.024588007213897978e-01 6.099879834662699229e-01 6.040655485624396581e-01 6.057464957498488456e-01 6.028434646573043176e-01 5.943074758406974301e-01 6.005336521059642108e-01 6.039407866450031692e-01 6.082918932368034381e-01 6.037620900652458378e-01 5.942043983272801144e-01 6.005410911708102262e-01 6.022842356744535497e-01 5.911570472042634306e-01 5.916627481583305315e-01 6.054967032414185768e-01 6.084541379151946483e-01 6.062118489139375344e-01 5.947639137096755180e-01 6.053682306317890172e-01 5.912001449768311545e-01 6.035855418376646631e-01 6.007471633627194940e-01 6.054072206436286185e-01 6.002055185343893040e-01 6.078922944800519979e-01 6.060867561150200533e-01 6.071512432217641697e-01 6.110072759250809726e-01 6.110077708493873994e-01 6.109812195745405461e-01 6.111274253692201563e-01 6.132573672203589510e-01 6.107473977287779521e-01 6.118128261190652895e-01 6.075063798329861653e-01 6.075015532748805347e-01 6.046566185075870070e-01 5.960580520262699356e-01 6.085715877614268354e-01 6.100280145669193521e-01 6.132228412840294851e-01 6.095255109744965871e-01 6.052349229904503414e-01 6.091231364333475895e-01 6.071837705209830460e-01 6.019037980734435189e-01 6.064862780745611248e-01 6.068272428074978908e-01 6.102169452045163034e-01 6.063741553908087445e-01 6.098979127889631036e-01 6.035675036343162159e-01 6.062747618277487538e-01 6.060181126326694701e-01 5.991806158918424607e-01 6.002861509800572204e-01
1.600218490726286122e-02 1.395796174443715010e-01 3.570774278143760694e-01 5.967405414334973068e-01 4.823176003101392606e-01 5.502376088864185943e-01 1.000000000000000000e+00 7.351903960911099212e-01 7.475701177287793486e-01 7.139213495208992510e-01 7.639636647245259260e-01 8.030337958591095004e-01 7.404222730872940250e-01 6.705642975401847616e-01 8.448736659676523431e-01 8.200556321744835175e-01 7.502764704353142022e-01 5.995715577611785418e-01 6.444729541313625187e-01 5.816015797573205193e-01 6.460695723424451087e-01 6.757471284261324929e-01 5.938881696722748682e-01 5.228337005988817898e-01 5.867595559468258282e-01 7.775036136636777062e-01 7.709241892758047499e-01 7.765868538438185364e-01 7.090789780137657372e-01 7.086418664709913662e-01 7.751849397047698709e-01 7.723578500847080308e-01 7.236716583047485551e-01 7.485814429691232119e-01 7.185533595372171067e-01 7.731655799624446157e-01 7.512434391186676441e-01 8.098465220994860436e-01 8.102697963341182197e-01 7.842384456478166399e-01 8.228433190337368641e-01 8.237815535628096875e-01 8.135393511762647467e-01 8.283186077048221296e-01 8.141366635369777782e-01 8.114325917006930400e-01 8.298087653973336142e-01 8.251861834114592176e-01 8.270708987146484503e-01 7.929469288703211438e-01 8.211571928640776230e-01 8.050200252755062014e-01 8.211260145007410749e-01 8.224268775744895121e-01 8.085352135807295504e-01 8.097399985735066474e-01 8.071207152423158782e-01 8.234052268103596584e-01 8.279838320441595956e-01 8.325627186382557055e-01 8.309439451718123593e-01 8.283530030556853774e-01 8.185267604090011861e-01 8.244001139934882261e-01 8.162750166368274440e-01 8.224324264601371448e-01 8.266831832837329141e-01 8.041313185255271057e-01 7.898526881772487407e-01 7.963765221125925775e-01 7.921653098229237688e-01 8.045686003467688030e-01 7.604439212251014046e-01 7.597865727867721963e-01 8.313313562742697949e-01 8.216913572954672729e-01 8.246222020258060503e-01 8.117679230043479688e-01 8.164344801136718122e-01 8.068048234974328770e-01 8.116600975592968004e-01 8.217303425428572616e-01 8.140335593491845323e-01 8.028936453779922378e-01 8.105014984643401643e-01 8.054002011228198477e-01 8.153197282381005051e-01 8.281085926628534155e-01 8.260269597786237261e-01 8.237099446299910310e-01 8.197438544885099487e-01 8.329328913773875742e-01 8.306983705301839160e-01 8.291245999923940735e-01 8.327539265739215546e-01 8.272667474112522790e-01 8.292523398094855391e-01 8.270935592131611891e-01 8.348914968512667345e-01 8.329454672106841873e-01 8.336529363162281658e-01 8.326577554962986127e-01 8.326888797657547858e-01 8.353361115502043743e-01 8.291533481701182096e-01 8.297913475388156712e-01 8.314754819739799130e-01 8.295778231032238104e-01 8.313209617569747856e-01 8.379078340850218964e-01 8.346336846556647870e-01 8.323837235861749617e-01 8.361826617824718033e-01 8.332321417501848959e-01 8.269723937264703562e-01 8.302336698688317362e-01
-3.246183862160921529e-02 1.219047231695582212e-01 3.026038362321918362e-01 5.427690214549040215e-01 4.821671822459442924e-01 5.155603994092685660e-01 7.351903960911099212e-01 1.000000000000000000e+00 7.186306054015290101e-01 6.754397863965021509e-01 7.339850518812186531e-01 7.824691773899873359e-01 7.223684533549631359e-01 6.429873661320637535e-01 8.007243492091682402e-01 8.043889975247149327e-01 7.196723118150885057e-01 5.282452510124102663e-01 5.864627412389802341e-01 5.219127636318366958e-01 5.811985625978243197e-01 6.159104708408379425e-01 5.345879437592595540e-01 4.493176728134662956e-01 5.179911392913610912e-01 7.094072084199553041e-01 7.203539428404434064e-01 7.177047510856272572e-01 6.361141207487825966e-01 6.324950878487705097e-01 7.152530594099095751e-01 7.250876641986918614e-01 6.713488980924998684e-01 6.952043222267016986e-01 6.545750457945017642e-01 7.379490497403085048e-01 6.998652183333305965e-01 7.718042224140326812e-01 7.719278689792582471e-01 7.541351619942932016e-01 7.823414184711602326e-01 7.957323768798694186e-01 7.945964790070777495e-01 7.981831920355397791e-01 7.822169037294829375e-01 7.730255231098880353e-01 8.027028999763701211e-01 7.975836560155895594e-01 7.932083575715963564e-01 7.667460268369783449e-01 8.018215929999165104e-01 7.921592951128265669e-01 7.979730953571001484e-01 7.929046387913545324e-01 7.853197083476864959e-01 7.824875574592873306e-01 7.798214553802822468e-01 8.004141903340196151e-01 8.012736809986873432e-01 8.001219507697121536e-01 8.093501016090228761e-01 7.996649956970200979e-01 7.960569017948013748e-01 7.936274151595646975e-01 7.858016646580547881e-01 7.952807797467488227e-01 7.968822453494303071e-01 7.622392156262307594e-01 7.455720793815807657e-01 7.501261854134061435e-01 7.483814491841639382e-01 7.660207600101015535e-01 7.107653976946134433e-01 7.129972879355457316e-01 7.879145913718142991e-01 7.824415973762156584e-01 7.843287693589098275e-01 7.677331502289720389e-01 7.737533818081161474e-01 7.635585565023977894e-01 7.733441950992713254e-01 7.841232965754789674e-01 7.798337270648946218e-01 7.574092207095742824e-01 7.778005725884936661e-01 7.644560802140601963e-01 7.820981337196047933e-01 7.984172397200595128e-01 7.926156781247969407e-01 7.937230914241794055e-01 7.881772298949824007e-01 8.012691724885174782e-01 8.019865644712239616e-01 8.005545080720125606e-01 8.044344080158488675e-01 7.987422403201668297e-01 8.070906522194988275e-01 8.003959316323052686e-01 8.083499561140062850e-01 8.087357126705334576e-01 8.083463636991828904e-01 8.083385189653665703e-01 8.075540864909892536e-01 8.094901454598396606e-01 8.049940448533361437e-01 8.031135586538923343e-01 8.017380679056719250e-01 8.018605276215313715e-01 8.047391941796638859e-01 8.068420418552000317e-01 8.135126313528120434e-01 8.062913622201075547e-01 8.107773495701682265e-01 8.056128369643221765e-01 7.948683126312040548e-01 8.015066904239308565e-01
5.872661227704965847e-02 1.907811242559958875e-01 3.885279367311081922e-01 5.677508995654484414e-01 4.753842151604326660e-01 5.470865089625656097e-01 7.475701177287793486e-01 7.186306054015290101e-01 1.000000000000000000e+00 7.769722610277620678e-01 8.309788383198957185e-01 8.542338864950731470e-01 7.803460647246088788e-01 7.040837991473458679e-01 8.628252064347452510e-01 8.458241094419663986e-01 8.171759131847694535e-01 6.854078169967015022e-01 7.331736527375627421e-01 6.112775980027489453e-01 7.156059458183534616e-01 7.629639526155630458e-01 6.750499949381343345e-01 6.197615434255066003e-01 6.819414327196690051e-01 8.239542314703296455e-01 8.343077723388626632e-01 8.351502764496757658e-01 7.800151088954286882e-01 8.061093340178344668e-01 8.581611475343072781e-01 8.447417152500195092e-01 7.869925472173053826e-01 8.293106545223832837e-01 8.073216046889822861e-01 8.342101277302306217e-01 8.385979090479946940e-01 8.607980877323103686e-01 8.677325339713517494e-01 8.007280392156128634e-01 8.669018588805376124e-01 8.699327960767998524e-01 8.466537530722544336e-01 8.805959708505441963e-01 8.713381917136665544e-01 8.771742342524818659e-01 8.851700356755566323e-01 8.922371732295466540e-01 8.883019078624853071e-01 8.559904648792739934e-01 8.727297896513248610e-01 8.624968795962563162e-01 8.785301823658357989e-01 8.890417825389094197e-01 8.775188033597550730e-01 8.747885729832505231e-01 8.788323416113802411e-01 8.788063066194096162e-01 8.825401094555987980e-01 8.915866793085976960e-01 8.843082627548968233e-01 8.902540058915434651e-01 8.821447806770971178e-01 8.886301450627386300e-01 8.944401071611414178e-01 8.934412410965049123e-01 8.917913894674952546e-01 8.771336064561984225e-01 8.657021325839492354e-01 8.584908586855829471e-01 8.714419902681604935e-01 8.811799932517361267e-01 8.417722230833997177e-01 8.466691508311813275e-01 8.882474104361129941e-01 8.871078983742850532e-01 8.824850564399514541e-01 8.771138754019023320e-01 8.808058799300417796e-01 8.863176853681440370e-01 8.862005212442664037e-01 8.925774612251726747e-01 8.773668723541832026e-01 8.790894926104385609e-01 8.659422068751558843e-01 8.783711107650455929e-01 8.821208198604180151e-01 8.792480433634237702e-01 8.867017373388988988e-01 8.800322549928929483e-01 8.679316157115614105e-01 8.855989583476006066e-01 8.846629151149624226e-01 8.864676627546757004e-01 8.902288984314432607e-01 8.931338494921664539e-01 8.601503293145819073e-01 8.840519339062582471e-01 8.875260932306303641e-01 8.771505527906560129e-01 8.803129445993888025e-01 8.893719813932889906e-01 8.877350161948417417e-01 8.900541010741244152e-01 8.892220561964875314e-01 8.884270474136691798e-01 8.929150588525468502e-01 8.909291811305186659e-01 8.889562712761905905e-01 8.920504468409470311e-01 8.841581606975108532e-01 8.937433956488595177e-01 8.922688773557186925e-01 8.943982713757826497e-01 8.976242677496609756e-01 8.968793412162138212e-01
4.104294215224020548e-02 2.001106229688061067e-01 3.515572799882042410e-01 5.199042330638136145e-01 4.382190191683996150e-01 5.018067971797063320e-01 7.139213495208992510e-01 6.754397863965021509e-01 7.769722610277620678e-01 1.000000000000000000e+00 7.755417099971175787e-01 7.989214808405256107e-01 7.345182878898292023e-01 6.518844021590529669e-01 8.113306179532903117e-01 7.895820974947596049e-01 7.549891055907012039e-01 6.518551852438010386e-01 7.004607237483057025e-01 5.497195486855565028e-01 6.480420798257710002e-01 7.170620137037740927e-01 6.596205919517974525e-01 5.970741127435221784e-01 6.590927654528431212e-01 7.864361712433658447e-01 7.919143380732541759e-01 7.919740226510652015e-01 7.481155660158108622e-01 7.768870651254763393e-01 8.197839699099694899e-01 8.042579744973816780e-01 7.608110377842377536e-01 7.894095650305975598e-01 7.691034773175319250e-01 7.895134547266793312e-01 8.034405554956756124e-01 8.150254186446077576e-01 8.285260529280644715e-01 7.683052676669287484e-01 8.219276098159944421e-01 8.188721299752845795e-01 7.991049438167496799e-01 8.284956634694405908e-01 8.254379027720697426e-01 8.312159726768791890e-01 8.319344197401244978e-01 8.423905360823581434e-01 8.325721086574083829e-01 7.968392095054065427e-01 8.131756911451215597e-01 7.857686897867039999e-01 8.122775938448778543e-01 8.362606040221624015e-01 8.232144027934245045e-01 8.246420205675519810e-01 8.088647016766208342e-01 8.297379417930040857e-01 8.274336886643520739e-01 8.311804181770363620e-01 8.248135408677844671e-01 8.337751759247057359e-01 8.212420759287123451e-01 8.301920846653016994e-01 8.276096676251477602e-01 8.268968939780150240e-01 8.400163094633019689e-01 8.294139323393070473e-01 8.234019459312983402e-01 8.016124900197447722e-01 8.163071983070991910e-01 8.301019141703146476e-01 7.989484183875862344e-01 8.029007231366084296e-01 8.380356361092657913e-01 8.388827010399938500e-01 8.344321582397639103e-01 8.341540379391279014e-01 8.315102215030764077e-01 8.410296153404006603e-01 8.410012154570072340e-01 8.441697278530474469e-01 8.297522046013759978e-01 8.371724030674501105e-01 8.209997060724287810e-01 8.339412189719992430e-01 8.398318600327082661e-01 8.350711369815499996e-01 8.408673190551441134e-01 8.297191744330641994e-01 8.240024976992204042e-01 8.351823137986654766e-01 8.355989162257105862e-01 8.356668692481493688e-01 8.388470899167260741e-01 8.406287007035061487e-01 8.110883192018503163e-01 8.211402717185732891e-01 8.318454237220752612e-01 8.269027323403542740e-01 8.290471909261465377e-01 8.339192412790283893e-01 8.313871180686631668e-01 8.348488335893793355e-01 8.290623175026822222e-01 8.269455361361440771e-01 8.389572777307897633e-01 8.390079623229431682e-01 8.388449359526527482e-01 8.373198634962285558e-01 8.336543610636433232e-01 8.373212758317476467e-01 8.370411948397928903e-01 8.375059088206392444e-01 8.352634524443588449e-01 8.322538105732811831e-01
5.141225499305894509e-02 1.655510832295376267e-01 3.661200679674503911e-01 6.181633607539709363e-01 5.008327386748246957e-01 5.582690487766591714e-01 7.639636647245259260e-01 7.339850518812186531e-01 8.309788383198957185e-01 7.755417099971175787e-01 1.000000000000000000e+00 8.848053521826109158e-01 8.094499972314471714e-01 7.156096633180258904e-01 8.784687732681495387e-01 8.666995989379502330e-01 8.091885531016630440e-01 7.243848063614987121e-01 7.801357033914666506e-01 6.468373603044282882e-01 7.535629602795654858e-01 8.012964081006567207e-01 7.292541149658180455e-01 6.669901136449511991e-01 7.287063092684156196e-01 8.540470846995060761e-01 8.579295576107957011e-01 8.589637408985242306e-01 7.964854961277981760e-01 8.195691337345681893e-01 8.816577346470028109e-01 8.768480524432243906e-01 8.336238951025189969e-01 8.597096653057704208e-01 8.396672694724592878e-01 8.657141053698430566e-01 8.724695924779068967e-01 8.887630499250555038e-01 8.968661036514332663e-01 8.531106050713425093e-01 9.018179859010587718e-01 8.956294333021548315e-01 8.871424697505875256e-01 9.066779521370732509e-01 9.072236145669355656e-01 8.999762785695976097e-01 9.077965517077655200e-01 9.115601569525051406e-01 9.095240099298823599e-01 8.894591954095745212e-01 9.015555136801157721e-01 8.772872833749557619e-01 8.991514690281046107e-01 9.061259325820533173e-01 8.973369189939059964e-01 9.030448904368405527e-01 8.907281217085110114e-01 9.016838874864401276e-01 9.063874931942376145e-01 9.095754130521985781e-01 9.075992801249066488e-01 9.064489078640811659e-01 8.996255870878777650e-01 9.019881378225500512e-01 9.003330313473948410e-01 9.078695649291073089e-01 9.109390668793374557e-01 9.044391275247911643e-01 8.957242897173636198e-01 8.889564600091853785e-01 9.027170620008793112e-01 9.085138967939095922e-01 8.728938528932957963e-01 8.803013599730008520e-01 9.093777717995236154e-01 9.106154502619100422e-01 9.065186775148323939e-01 8.982363695261427194e-01 9.069729117870086732e-01 9.047590707526240728e-01 9.107687546706410009e-01 9.118682723419997416e-01 9.062033835370895130e-01 9.059346260707015208e-01 9.038658468017499725e-01 9.075739703700573813e-01 9.124855269055779372e-01 9.093222609170303894e-01 9.108417560673939262e-01 9.084070546725478978e-01 9.023593810275835070e-01 9.112008611162549787e-01 9.121016358452133099e-01 9.109378268150920555e-01 9.098883554091270476e-01 9.116527693371908603e-01 9.005241164263637632e-01 9.064696782928730601e-01 9.122024151837951900e-01 9.091418028158121389e-01 9.073464704005571591e-01 9.123833378696987184e-01 9.086856747782445787e-01 9.138410071287259573e-01 9.123054161047268185e-01 9.054462110424621457e-01 9.131150716152431901e-01 9.100337728404227500e-01 9.122345550133726944e-01 9.108394725954805926e-01 9.120816288254313120e-01 9.114299910556954432e-01 9.116086241444215643e-01 9.109955509718900002e-01 9.087294937489424074e-01 9.085474298189807341e-01
-2.460228521861330692e-03 1.466756732749233405e-01 3.864547372538829073e-01 6.428403486656286692e-01 5.143608010276294884e-01 5.824432665912894214e-01 8.030337958591095004e-01 7.824691773899873359e-01 8.542338864950731470e-01 7.989214808405256107e-01 8.848053521826109158e-01 1.000000000000000000e+00 8.333799680022843104e-01 7.438073115538633706e-01 9.189596625397465912e-01 9.088851144771706858e-01 8.508610345437066513e-01 7.112803714502248242e-01 7.610088001701255100e-01 6.575126035252324419e-01 7.445385804436805977e-01 7.959023147493086148e-01 7.154636826940998784e-01 6.414167239686328070e-01 7.091952276338917560e-01 8.632021484942935530e-01 8.804332501975561387e-01 8.723945863439647175e-01 7.932013087635589876e-01 8.105881285738115727e-01 8.889496643246428409e-01 8.887765599021528740e-01 8.343566465624344675e-01 8.684698845841652970e-01 8.348033837899578868e-01 8.874795540205394628e-01 8.798157066522909187e-01 9.155726126925667341e-01 9.224951147201985169e-01 8.828467633607652854e-01 9.264033649873464338e-01 9.331388156684470303e-01 9.252032155541853875e-01 9.427386157237149789e-01 9.310526143499121554e-01 9.275748655134394838e-01 9.454065653291586768e-01 9.430250465070431076e-01 9.399251866537372546e-01 9.114519727222508694e-01 9.372366925014684602e-01 9.254510793422950909e-01 9.352447737942829464e-01 9.362711952819603445e-01 9.256902466319039124e-01 9.290042769369022402e-01 9.180348988555635525e-01 9.382862920830360443e-01 9.393127794491372695e-01 9.443064425376159754e-01 9.447967220918385145e-01 9.412815874971214303e-01 9.325528569804110157e-01 9.363460492619934961e-01 9.353595816491707682e-01 9.403150810428799744e-01 9.455166085759416639e-01 9.277151517571675665e-01 9.151265308781282304e-01 9.171947834865564753e-01 9.228316705495721584e-01 9.321516822616349174e-01 8.883324737030255935e-01 8.962247962866636275e-01 9.400839624675143558e-01 9.402505714941782333e-01 9.346141704737785938e-01 9.212838641200244982e-01 9.313573084382826828e-01 9.233929359561504624e-01 9.341852001190613652e-01 9.391183154246615095e-01 9.289793312236024336e-01 9.231049205626773446e-01 9.290035221699987078e-01 9.283114789198916306e-01 9.389149232774745002e-01 9.410380926557221359e-01 9.422817306662246706e-01 9.354768560351581774e-01 9.353525674962884784e-01 9.469956717059634377e-01 9.480561615216811511e-01 9.467550232822966594e-01 9.477265189895871522e-01 9.474386447521734311e-01 9.365948857207646583e-01 9.370994180216410951e-01 9.482559437750717191e-01 9.456647395031785308e-01 9.470368526396759634e-01 9.457632741021895217e-01 9.478167034191224971e-01 9.515288905907484107e-01 9.493990624639353504e-01 9.375787443648000430e-01 9.464616845010703772e-01 9.447130435301743789e-01 9.456301729396761058e-01 9.475401864930086404e-01 9.486569588869994130e-01 9.495079263514142331e-01 9.480027130983440520e-01 9.454835290080731980e-01 9.433545486082369758e-01 9.449463955198357246e-01
1.930682036091559833e-02 1.332373111975300450e-01 3.190581034537821048e-01 5.647323035197289176e-01 4.948385824859030113e-01 5.391754711545569956e-01 7.404222730872940250e-01 7.223684533549631359e-01 7.803460647246088788e-01 7.345182878898292023e-01 8.094499972314471714e-01 8.333799680022843104e-01 1.000000000000000000e+00 6.895598212012939987e-01 8.420956044894746251e-01 8.422116660198867288e-01 7.711503449850778402e-01 6.638890905137712073e-01 7.178272781176754380e-01 6.210117964322100503e-01 6.949878288996548248e-01 7.422780968845914540e-01 6.800795495608122909e-01 6.127131057593411256e-01 6.689292458481213011e-01 7.959463494672524009e-01 8.054915365653447790e-01 8.022115278206918276e-01 7.340006443609385922e-01 7.577896988170097492e-01 8.193607587282235594e-01 8.245131294694993951e-01 7.699900231499805514e-01 8.108755209589573187e-01 7.880955852908446690e-01 8.184925054809650824e-01 8.130700926752816304e-01 8.390504489829191392e-01 8.520435581062322239e-01 8.049636718532457991e-01 8.527999467168080328e-01 8.527164757369762871e-01 8.494602436425562342e-01 8.672655892909729713e-01 8.567758493965746958e-01 8.558845507202911262e-01 8.698453470774492047e-01 8.683025111019765374e-01 8.680306369128067967e-01 8.473069233978323123e-01 8.609316236615176532e-01 8.524735125342953745e-01 8.585413524291588550e-01 8.648251477431347922e-01 8.600254525325554678e-01 8.562707262844599931e-01 8.552077378639179051e-01 8.635931717149226694e-01 8.663177924983617162e-01 8.731385857914030213e-01 8.702990687413943993e-01 8.703170075189087251e-01 8.649604684935486842e-01 8.616922771080575139e-01 8.588504064377883163e-01 8.721712471350572260e-01 8.677076444777959141e-01 8.553716427483404328e-01 8.470296256478919705e-01 8.450608157263280740e-01 8.487060376398349870e-01 8.592724376204698977e-01 8.238773818474554034e-01 8.317215233830284049e-01 8.617286589402942676e-01 8.628815585000999544e-01 8.590757650342930596e-01 8.459586009624577851e-01 8.536283398647923626e-01 8.526369977735552830e-01 8.587482806540832625e-01 8.628980161794874704e-01 8.557579923124312149e-01 8.538652992833668520e-01 8.564014269612342245e-01 8.569934453736776092e-01 8.621457119628457288e-01 8.641754633917462236e-01 8.648117361083459409e-01 8.640622835844788963e-01 8.579399675816828941e-01 8.699320262800193104e-01 8.683536807095429966e-01 8.679211625436300537e-01 8.715003611724119192e-01 8.712903953773302179e-01 8.595067844034055549e-01 8.692561548520969517e-01 8.746682897947545277e-01 8.676600705380004275e-01 8.691285281777932914e-01 8.738066113007912916e-01 8.735482530535918499e-01 8.738614828749414754e-01 8.737026233343634374e-01 8.689487107415123646e-01 8.719574508342534669e-01 8.698897372870899591e-01 8.725087081331978078e-01 8.724366862035173309e-01 8.729896043468720057e-01 8.729231206593164316e-01 8.731349902544179864e-01 8.698724120227799839e-01 8.665876114310459011e-01 8.728772904896439089e-01
