1.000000000000000000e+00 1.547636257490279596e-02 1.936576312079844597e-01 1.785880003852489684e-01 4.205884581160551638e-02 -5.232839587695515410e-02 9.616287727300569521e-02 1.359892371122448373e-01 1.349095642448372712e-01 2.528611295367653305e-02 6.263297307552581628e-02 8.412801005496930995e-02 6.968629836433919145e-02 -2.098080445183862774e-02 6.540004765091440853e-02 4.350191342449949428e-02 1.015778845009882581e-01 1.198018978151096647e-01 9.107214575193744999e-02 1.392513546860523199e-01 1.672574432941047184e-01 7.633115926951770935e-02 1.494330792933966368e-01 1.275414490148310820e-01 9.629205643081005517e-02 1.498828590399776950e-01 9.820870015088385696e-02 8.076886531804207403e-02 1.063497446668326685e-01 7.488669521368929161e-02 8.517162353048279844e-02 9.535479579497857516e-02 9.318425419442570579e-02 1.167088029045765529e-01 9.554446652209257207e-02 7.708300659755906725e-02 5.930179723122901148e-02 5.593470461211189765e-02 4.046294562810017620e-02 6.351609139306098328e-02 3.905155325047696135e-02 4.963531730365296213e-02 5.021889505868187137e-02 4.950064917608668763e-02 6.317936110807408079e-02 1.857387944962959891e-02 1.162123931681308467e-02 1.073822752391303398e-02 3.200547950847094231e-02 8.302875145674960822e-02 4.062101645119355758e-02 9.594842523601625206e-02 5.095218842427207823e-02 2.007860748237385792e-02 3.101568365763578139e-02 4.218143651587406145e-02 5.740192792257074739e-02 1.372402293048225787e-02 1.954281049044842913e-02 4.231290384647703323e-02 3.121050146500397096e-02 2.364600468094773048e-02 3.224281789055117448e-02 3.805582585332577261e-02 4.582659304355146679e-02 5.460626748482565185e-02 2.073165749755775944e-02 3.629173437254134410e-02 5.397714595435447460e-02 5.163683389604990098e-02 3.544266549798531785e-02 3.491140158506927244e-02 4.820985150628506050e-02 4.099155259373224447e-02 5.001143584366725403e-02 3.656376078857882794e-02 3.333618639596603456e-02 5.067870298335829665e-02 3.376939546774136713e-02 2.937974377782561972e-02 3.120729346919045091e-02 3.234167886382048607e-02 3.699531343514006476e-02 4.725115486133397991e-02 5.165063573870797703e-02 4.846610877665542827e-02 2.633989677197183521e-02 2.954370164553226166e-02 2.241896578440103274e-02 3.020283031155059431e-02 3.417349399249540454e-02 2.162303123257904025e-02 2.549266294365174629e-02 1.083168616162929164e-02 5.687735962598090833e-03 9.481831757889544118e-03 4.366136967674804498e-02 4.889313807204131307e-02 1.427618552177926069e-02 2.817579077989082817e-02 1.413091901700283363e-02 2.228797465662422927e-02 2.517617570835553598e-02 2.150395373459230985e-02 3.868099777889042606e-02 3.151875920166810618e-02 3.123046293523655884e-02 1.895409097386639360e-02 1.779476647990409915e-02 9.148768639454738991e-03 1.210746608518111465e-02 1.569052770528162402e-02 9.561780163430580459e-03 2.014396525459457785e-02 2.792628095386528314e-02 2.437566991192139515e-02
1.547636257490279596e-02 1.000000000000000000e+00 5.864923479041087712e-02 1.007714815529478780e-01 7.298613741202851501e-02 8.063356260079333759e-02 1.574589098072412263e-01 1.258754537593781142e-01 1.470667845780166405e-01 1.351612477134703783e-01 1.366778590614060040e-01 1.431440492627104877e-01 1.381864262205959037e-01 9.145601509793600814e-02 1.582840839238768282e-01 1.454098719389368688e-01 1.483752368058867954e-01 1.184935024131288650e-01 1.284320412337852935e-01 8.617186340353708007e-02 8.928437980012830788e-02 1.248075757830000992e-01 1.593234348398752942e-01 1.127755223427138742e-01 1.193856093851405065e-01 1.416212538482708450e-01 1.522030507574589353e-01 1.473076816007512224e-01 1.496297027648924305e-01 1.410768455325974169e-01 1.421822809860977255e-01 1.672854921502141823e-01 1.459565555904299983e-01 1.408944305868553570e-01 1.562732590786312936e-01 1.121619856385389080e-01 1.423407953477263954e-01 1.577397596111969336e-01 1.547673228564529213e-01 1.418970219026197688e-01 1.551134670659702619e-01 1.554399052505851808e-01 1.410954766391139259e-01 1.654746860987930945e-01 1.552109014287886557e-01 1.556154113825805319e-01 1.628536695282283286e-01 1.711965640908866548e-01 1.666953252861236578e-01 1.467848938858785646e-01 1.634906864148159278e-01 1.367722873758619173e-01 1.690761947021073852e-01 1.765403499298894840e-01 1.872857520411459753e-01 1.592950229964932574e-01 1.588879154947682171e-01 1.643842512132691613e-01 1.696895550001361885e-01 1.642986010684638620e-01 1.567161247715624373e-01 1.685086340421660667e-01 1.612237686093179745e-01 1.559048190221496710e-01 1.576865390968321401e-01 1.614531650729294776e-01 1.661713495333613788e-01 1.620345616011008294e-01 1.720513110394583101e-01 1.515007303421921636e-01 1.533382061132079477e-01 1.599512404439262514e-01 1.581888490101979738e-01 1.491513236566994749e-01 1.680926575851002525e-01 1.613220180353820143e-01 1.686923013775641078e-01 1.630469440201938180e-01 1.651554891452044482e-01 1.567491714990190410e-01 1.578308080063417496e-01 1.544010369607404509e-01 1.586214440546257765e-01 1.744866479220225641e-01 1.609760762672493017e-01 1.628868197667281692e-01 1.527098921245793606e-01 1.665050398241881557e-01 1.559824684750352464e-01 1.605508966714651875e-01 1.608045541083253094e-01 1.627052011467410297e-01 1.596122719347323748e-01 1.613655516585401628e-01 1.632014623282271037e-01 1.701670959408998485e-01 1.520982391385093946e-01 1.493403230988206987e-01 1.610521918985445278e-01 1.609908313986343764e-01 1.520886617808239194e-01 1.598140595690991095e-01 1.637064681234956243e-01 1.584596600187546389e-01 1.528891616933553688e-01 1.622434866626669969e-01 1.645822694207134951e-01 1.731296383284345874e-01 1.712761691820064436e-01 1.612486925436104057e-01 1.674625840233228968e-01 1.621773123967805152e-01 1.672881801133636603e-01 1.542480326385578804e-01 1.604231062606961133e-01 1.627820476879165423e-01
1.936576312079844597e-01 5.864923479041087712e-02 1.000000000000000000e+00 4.157350091268619541e-01 1.846293418395502928e-01 1.743608375341877126e-01 3.859114440806442059e-01 3.863841623647807366e-01 3.630605699977190182e-01 2.649689591251114251e-01 3.989677748812861524e-01 4.245950145064348313e-01 3.488380744761280794e-01 2.189950793399658424e-01 4.236677956925701261e-01 3.736573189450448362e-01 3.628836281314960499e-01 4.198545717849126446e-01 4.192277800285898470e-01 3.473398748769349065e-01 4.373129089967904837e-01 4.263334754693293704e-01 4.511124769666909895e-01 4.226685999812750949e-01 4.307571721142551824e-01 4.676925506004926958e-01 4.604250003788524781e-01 4.682501665079138453e-01 4.380134112078790665e-01 4.111351176077792657e-01 4.466501353933640672e-01 4.225498316848550484e-01 4.257990324182078790e-01 4.313613174079651280e-01 4.188668141198327310e-01 4.136104275976879019e-01 4.232883577257530172e-01 3.893241381565870074e-01 3.782884246361224445e-01 4.455278121640796063e-01 3.854245172926780150e-01 3.960790240716753896e-01 3.924335854226052578e-01 3.714324385142467322e-01 4.213406596607023324e-01 3.725810606685029391e-01 3.558706830778205488e-01 3.484352962347477267e-01 3.633991031289081630e-01 3.837214782610727237e-01 3.708973221224808325e-01 4.230132159934657521e-01 3.971538924892385469e-01 3.588521731539375259e-01 3.784475897690832147e-01 4.065616074856740481e-01 3.931693545803785494e-01 3.627501055195393453e-01 3.649836935245230340e-01 3.572302563070783310e-01 3.546853718506907116e-01 3.582893824436424457e-01 3.730219233998074424e-01 3.512472632259470151e-01 3.609235257600489355e-01 3.794994269021517708e-01 3.559561060376209563e-01 3.923944743576496252e-01 3.940519008995304051e-01 3.886141920037451403e-01 3.967467915523141264e-01 3.967748967304655094e-01 3.920786565164883219e-01 3.901785192679734782e-01 3.922887027893075529e-01 3.945524326732743892e-01 3.952210393668675326e-01 3.953114412661805077e-01 3.834459415445740094e-01 3.718998792407302023e-01 3.767978936154374736e-01 3.833702515788159904e-01 3.784805842716214008e-01 3.859240442332314558e-01 3.841012296874568022e-01 3.870312956040024011e-01 3.835921063182234914e-01 3.740398802295189506e-01 3.730694509206397003e-01 3.833158193501238209e-01 3.992924581793346195e-01 3.704276518499866055e-01 3.843105901004365554e-01 3.641620902705886564e-01 3.461066540773606315e-01 3.466392968097661842e-01 3.815633441075447219e-01 3.664961991947029429e-01 3.524274730149747903e-01 3.630654949847231250e-01 3.558770122147279502e-01 3.586296417967005934e-01 3.632542788542515999e-01 3.539406585535781469e-01 3.821257065169427203e-01 3.644253832679363869e-01 3.603610536240545725e-01 3.596419098855977992e-01 3.585957545254427892e-01 3.481829071460041392e-01 3.549128991283205248e-01 3.454250731689908482e-01 3.521686361895567940e-01 3.557495536120686142e-01 3.629640087000471360e-01 3.602037054005739480e-01
1.785880003852489684e-01 1.007714815529478780e-01 4.157350091268619541e-01 1.000000000000000000e+00 3.684451226315109684e-01 3.468828646882786138e-01 5.974171613715509865e-01 5.923298744526324100e-01 5.478990883128426193e-01 4.568855485387419146e-01 5.673336274919380529e-01 6.335825697100434528e-01 5.638989275636608900e-01 3.986877145837550152e-01 6.317986269394415544e-01 5.887965458647673733e-01 5.884570122728395303e-01 5.463110881492659887e-01 5.557380435989017764e-01 4.549845245721265141e-01 5.805623820798243573e-01 5.851278617801062287e-01 5.860492457416196510e-01 5.254509704619740873e-01 5.588463953552919028e-01 6.320999163546091593e-01 6.266429455229508561e-01 6.222361090076490298e-01 6.268298840016228723e-01 6.055892758195244863e-01 6.398981045281257884e-01 6.211650149960478151e-01 5.909185832237262570e-01 6.006492196931249028e-01 6.147830844273965978e-01 6.195763892791469329e-01 5.918151687810554451e-01 6.047044496942958203e-01 6.209254270294061184e-01 6.150890497778257471e-01 6.136604660087663365e-01 6.295206920468010559e-01 6.330756166680858721e-01 6.361629326729810741e-01 6.462387228968397013e-01 6.132856867558892366e-01 5.904690333347369924e-01 5.891662390019338780e-01 5.969227709530859904e-01 5.991967286476457266e-01 6.085130648120627983e-01 6.279242841441782241e-01 6.249592957373757418e-01 5.997149957069377590e-01 6.064626653265772216e-01 6.152268609737324701e-01 6.169132472863566585e-01 5.963518901022878405e-01 5.999777402696405693e-01 6.065481517377891985e-01 5.958482577368270361e-01 6.086796539781494930e-01 6.072875807331590270e-01 6.217889587051901312e-01 6.070463970296752221e-01 6.180147390257650919e-01 5.978809853509885475e-01 6.072469250700863741e-01 6.146323671829434510e-01 6.027810434745455304e-01 6.143981432096242701e-01 6.163196656902969472e-01 5.959278504112659469e-01 5.987558483660296860e-01 6.290907309708374529e-01 6.223778606943813907e-01 6.173281143254730763e-01 6.243574141843903913e-01 6.147235840168061571e-01 6.085116130947036961e-01 6.032791408083399975e-01 6.159647576228420851e-01 6.131743785965686477e-01 6.142668124606509572e-01 6.117549774284000152e-01 6.082165274832342927e-01 6.120694305568384896e-01 6.108457762132429858e-01 6.041730144554596782e-01 6.185757444708559483e-01 6.150167869703389023e-01 6.075293906168170999e-01 6.116951067606708481e-01 6.048050150629138422e-01 5.870011369698203696e-01 5.903418983073928095e-01 6.178005913707477204e-01 6.096336030141403795e-01 5.972300714862899262e-01 6.043719526601963876e-01 6.045797934180807687e-01 6.044463144059233350e-01 6.058606872004080879e-01 6.069918021229211424e-01 6.215632372889446922e-01 6.062320621690464595e-01 6.064568424552575499e-01 6.040921087866928385e-01 6.014017433232093923e-01 5.864698297448552866e-01 5.977177373420483608e-01 5.926453135571123632e-01 6.004721484691615263e-01 6.047601489625463733e-01 5.966342606510782742e-01 6.022721783750496494e-01
4.205884581160551638e-02 7.298613741202851501e-02 1.846293418395502928e-01 3.684451226315109684e-01 1.000000000000000000e+00 2.961681452339002263e-01 4.549087753990162519e-01 4.502580383683507104e-01 4.510273778123405353e-01 3.879864478744708411e-01 4.384100520129544099e-01 4.923682574889701180e-01 4.885311345866606980e-01 3.400427002139936872e-01 4.804937174662503585e-01 4.872055748420739962e-01 4.583317960123948764e-01 3.539993203816373946e-01 3.942172670197665596e-01 3.177419912051270834e-01 4.021538464042572203e-01 4.147533720634882792e-01 4.234460530193789873e-01 3.912018865593719363e-01 4.150138349675305816e-01 4.418227177584660992e-01 4.512234328963994900e-01 4.322438478236628745e-01 4.451223757046224860e-01 4.715405201336270724e-01 4.817190582276584254e-01 4.732097425124070500e-01 4.135364027319894387e-01 4.538436495078540522e-01 4.540083837241578602e-01 4.681670247191475620e-01 4.598223740472732191e-01 4.632999092630490368e-01 5.006743840574606752e-01 4.439263177207288802e-01 5.011107867419783979e-01 4.928844818698268626e-01 5.023074730186665171e-01 5.122584439138728740e-01 4.960404846909965970e-01 4.966213922620476562e-01 4.957017969414517222e-01 4.950958063851692015e-01 4.891807735053962380e-01 4.749803950683791909e-01 4.867391136447677957e-01 4.836076536943114679e-01 5.031810996815694326e-01 4.944462432730669099e-01 4.827001554359528490e-01 4.789303268837904470e-01 4.809102049826627923e-01 4.875490240439123157e-01 4.814010318841980829e-01 5.047437120075114469e-01 4.942301537550433665e-01 4.953479358643727015e-01 4.855326580746930909e-01 5.034686633435547787e-01 4.998554691200942091e-01 4.940486483289001640e-01 5.003187142413322297e-01 4.891773171257466912e-01 4.982989432149571019e-01 4.898101357500425634e-01 4.960017061010053574e-01 4.946280419775423431e-01 4.876828457889815782e-01 4.961956184274636805e-01 5.014523816809500767e-01 5.018525635162381926e-01 4.932946736759064588e-01 4.967436967160689387e-01 5.012204923609603346e-01 5.064872177601781322e-01 5.018037030721967939e-01 5.008780346232931668e-01 5.015336858960645072e-01 4.968698176507641007e-01 4.972685606199251374e-01 4.974902927140481546e-01 5.051606743464227556e-01 4.996269855868405441e-01 5.004143945614708544e-01 5.015532607054558056e-01 4.937879935627826344e-01 4.995824940207320708e-01 4.966509044646585935e-01 5.030381789154227956e-01 4.964604592302875874e-01 5.009343578802487595e-01 4.981136278031395026e-01 5.018339556772503096e-01 5.017016675072740739e-01 5.012489302710755323e-01 5.021811297249402228e-01 4.985714444724690386e-01 5.019546704810561311e-01 5.035252747924257033e-01 5.053886834792908900e-01 4.980089564404504565e-01 5.047329768625195001e-01 5.029684522950794712e-01 5.045865257264796622e-01 4.974746289091251383e-01 4.975782668635165829e-01 5.010162614759814392e-01 4.985020794128415811e-01 5.023153737775387651e-01 4.959177078195964872e-01 4.972504114338605619e-01
-5.232839587695515410e-02 8.063356260079333759e-02 1.743608375341877126e-01 3.468828646882786138e-01 2.961681452339002263e-01 1.000000000000000000e+00 5.032405892909261880e-01 4.319546394184373139e-01 4.540309780929339678e-01 4.317906097682672195e-01 4.897022060926931597e-01 5.208038846761907648e-01 4.812781294115907049e-01 3.911717714340453567e-01 5.230651356605700020e-01 5.026400952268762490e-01 4.565202898477915827e-01 4.333655836181823928e-01 4.531918936112790397e-01 3.718187962100177324e-01 4.266264584333199772e-01 4.758601288340872371e-01 4.510798230466837033e-01 4.229038156095966672e-01 4.759475089404093806e-01 4.841225831360886911e-01 4.947220700326421805e-01 5.142456776425264886e-01 5.102078932178693016e-01 5.228542199310731720e-01 5.412860592390063008e-01 5.180918374794682979e-01 4.819783876794890842e-01 4.850336518807079056e-01 4.952878839848427472e-01 4.922879218480544772e-01 5.251878893688042282e-01 5.250968875706196748e-01 5.557932707508236314e-01 5.117041528259499428e-01 5.519709904929128719e-01 5.545478648735076010e-01 5.436691294419215836e-01 5.656755412849729936e-01 5.502704029674401198e-01 5.645832048305473583e-01 5.507322532346532462e-01 5.565956931101392335e-01 5.352136487934749942e-01 4.937117746118309669e-01 5.399489007355137149e-01 5.042983220774986952e-01 5.394177341213116650e-01 5.467047302700720479e-01 5.374428913752213877e-01 5.436371100669438183e-01 5.046878336507284457e-01 5.431789705776332022e-01 5.466845927450968423e-01 5.441483624567385879e-01 5.389638098357073526e-01 5.440889858483423103e-01 5.357779542857810107e-01 5.477206711390597560e-01 5.320826474750967039e-01 5.220578254583915223e-01 5.511459310622637275e-01 5.534695295649104674e-01 5.499594998349300878e-01 5.459829168140364342e-01 5.608278278380310899e-01 5.510951957369691900e-01 5.377250080202903293e-01 5.472177162282700902e-01 5.618278613425218282e-01 5.586384816929694797e-01 5.651708524501133368e-01 5.535365212299150350e-01 5.627591809696878000e-01 5.637639312042501682e-01 5.593981772022139642e-01 5.616951556158320535e-01 5.553186945098876892e-01 5.509897999346561326e-01 5.478086694714477956e-01 5.436324775952746657e-01 5.570572585996503845e-01 5.563015132167076215e-01 5.595053357586821097e-01 5.580270335514956326e-01 5.623099764178084436e-01 5.613729644081544290e-01 5.573297435321110660e-01 5.663858739231384387e-01 5.559965730352280922e-01 5.574958655540237507e-01 5.383723226875269940e-01 5.256649971048602543e-01 5.518224309447242737e-01 5.565411543823762797e-01 5.563367847856368620e-01 5.489129489004236362e-01 5.529557604560805251e-01 5.588390360975957760e-01 5.470387405121818203e-01 5.366547785783331026e-01 5.491538316341414427e-01 5.570761812285091041e-01 5.574343916053525749e-01 5.505294061585129795e-01 5.543659277994646972e-01 5.515966075592748652e-01 5.544587264404087223e-01 5.509781597534464392e-01 5.481165827666103496e-01 5.465593888201883965e-01
9.616287727300569521e-02 1.574589098072412263e-01 3.859114440806442059e-01 5.974171613715509865e-01 4.549087753990162519e-01 5.032405892909261880e-01 1.000000000000000000e+00 7.373290848005604747e-01 7.546934138760486022e-01 6.658275855738001736e-01 7.720907777717487264e-01 8.191143312389832509e-01 7.369823543243695374e-01 5.807089542126471216e-01 8.393330474890143833e-01 8.063799293953455294e-01 7.714059497153457068e-01 6.821529759901693302e-01 7.308524678131357311e-01 5.966804875051314738e-01 6.986553022802868274e-01 7.593913033180323957e-01 7.672385464734184923e-01 7.051354693164574305e-01 7.557647333772934406e-01 8.262321529432937739e-01 8.153271074860757306e-01 8.068199598482742596e-01 8.167719983364993830e-01 7.983290940436090777e-01 8.260221125570383904e-01 8.339984042976840151e-01 7.555107097511003511e-01 8.133831012920692549e-01 7.688104670114582762e-01 7.931950381821862850e-01 7.928372043658455937e-01 8.300338420299956388e-01 8.403813574289737964e-01 8.240691392932930626e-01 8.390379611944153160e-01 8.436202684272573471e-01 8.399014125439685508e-01 8.481338197825282199e-01 8.443688916954026347e-01 8.355666542052095913e-01 8.269868630895801376e-01 8.263790490882813033e-01 8.212337792760669997e-01 8.110256795896327864e-01 8.385637149758918829e-01 8.243258258495056445e-01 8.325441693124981946e-01 8.237432437009948316e-01 8.330297646698211489e-01 8.441839379845604840e-01 8.208282238367361483e-01 8.290785764008168357e-01 8.349724850371849083e-01 8.250139294473781693e-01 8.284586717797038924e-01 8.256756978197752339e-01 8.360700464877193205e-01 8.289676055490601270e-01 8.199121296266399517e-01 8.185561446524827200e-01 8.328009902583300983e-01 8.421398403829771784e-01 8.465703564021384020e-01 8.293792631472218790e-01 8.359621855744279184e-01 8.399876762114734108e-01 8.346854955592182268e-01 8.299000942914754875e-01 8.520733776812721150e-01 8.471000904380725505e-01 8.485890407444799388e-01 8.480350458726102492e-01 8.496044522519214937e-01 8.401381058847477989e-01 8.328098522469353782e-01 8.383789091769691115e-01 8.422484898943852771e-01 8.287349764646747552e-01 8.414670756157902609e-01 8.445102701151472324e-01 8.359639129344197395e-01 8.454287969942833048e-01 8.408642777441129867e-01 8.416182194647923165e-01 8.478379719748516674e-01 8.419567397991276625e-01 8.419042904159441676e-01 8.393632286178335233e-01 8.266626109632049246e-01 8.290185638091570608e-01 8.385323830599451522e-01 8.238710288385271419e-01 8.319962190627282483e-01 8.407327126949302176e-01 8.346577584187807597e-01 8.360396936175582550e-01 8.326752839861307764e-01 8.358096585793077793e-01 8.409594406871393479e-01 8.208384820703492624e-01 8.331060850193725553e-01 8.330995867279289424e-01 8.357280363454848704e-01 8.270777083776482685e-01 8.335960331955691860e-01 8.243671185681326063e-01 8.294167434243919779e-01 8.309157232116829439e-01 8.261508371065562351e-01 8.263941525630676965e-01
1.359892371122448373e-01 1.258754537593781142e-01 3.863841623647807366e-01 5.923298744526324100e-01 4.502580383683507104e-01 4.319546394184373139e-01 7.373290848005604747e-01 1.000000000000000000e+00 7.262894709445084640e-01 6.199343078941573770e-01 7.434403475672494155e-01 7.962510370804034565e-01 7.198528823101773000e-01 5.416951848939541847e-01 8.009608103284381331e-01 7.809124353410400454e-01 7.461753926167151718e-01 6.258914452590785826e-01 6.830358603961957931e-01 5.508479392838278033e-01 6.698001049430577503e-01 7.197928575579271016e-01 7.395609359612876910e-01 6.609496260831450032e-01 7.056076061469827021e-01 7.923034786543740049e-01 7.788180120851201371e-01 7.634637752443372838e-01 7.824416689546349613e-01 7.549877219513865256e-01 7.854769570874849949e-01 7.881805614339841837e-01 7.089768577450743514e-01 7.675250931798489606e-01 7.373804072252715391e-01 7.580632444945869519e-01 7.416894805433783544e-01 7.810698459120967163e-01 7.892434051893156832e-01 7.810137309500739811e-01 7.892629954467472730e-01 7.971466224530788791e-01 7.982897255497494182e-01 7.993616169563942941e-01 7.961992225178994298e-01 7.868004187538170102e-01 7.785916380103624634e-01 7.807786089601332913e-01 7.844555869933390602e-01 7.774498386076175160e-01 7.926710442400266565e-01 7.891260987419737027e-01 8.002260039941352376e-01 7.903007755128746981e-01 7.996411741579430021e-01 8.001624870882002583e-01 8.041519012339678474e-01 7.865919358011211893e-01 7.941351539120602432e-01 7.924804010238853946e-01 7.875554539062801229e-01 7.949721645123837277e-01 7.977971153396437032e-01 7.957008503470017757e-01 7.872596330350476457e-01 8.019583375597603148e-01 7.844523411284050063e-01 7.864552750834561401e-01 7.977115518601858302e-01 7.728005432170250710e-01 7.844738924626585286e-01 7.931719937347737615e-01 7.812224912628372708e-01 7.794409182021098115e-01 8.026880981370104751e-01 7.981338416119891921e-01 7.898628958463056460e-01 8.013848116471136152e-01 7.954447135319507867e-01 7.921766035523057914e-01 7.827940384963287812e-01 7.914271517606012996e-01 7.974702548964761606e-01 7.808560888595227345e-01 7.925191467040562099e-01 7.925968020536782177e-01 7.864161430827895094e-01 7.939584860452836290e-01 7.897313937110516102e-01 7.998856546969612680e-01 7.898519794306382291e-01 7.905645495658800703e-01 7.907010148385562598e-01 7.863494703569385846e-01 7.785290602771600676e-01 7.825814306553651178e-01 7.973431405085441570e-01 7.915296854611273414e-01 7.849895725734434837e-01 7.917011973064840280e-01 7.858767314288119810e-01 7.932249750578788117e-01 7.866890762375684520e-01 7.890267692271019095e-01 8.019154403470518666e-01 7.967157736359963272e-01 7.936579950346878132e-01 7.893666165030823745e-01 7.926405058210396204e-01 7.801221649924511281e-01 7.902487844306201881e-01 7.817407271833768378e-01 7.885727064926413288e-01 7.895315152556308114e-01 7.845087147321380128e-01 7.908135388505740382e-01
1.349095642448372712e-01 1.470667845780166405e-01 3.630605699977190182e-01 5.478990883128426193e-01 4.510273778123405353e-01 4.540309780929339678e-01 7.546934138760486022e-01 7.262894709445084640e-01 1.000000000000000000e+00 7.281562012791205074e-01 8.004692663947894360e-01 8.420508811140002825e-01 7.666402919553546580e-01 5.995355411265578249e-01 8.498543746766146212e-01 8.424137539946000564e-01 8.034863592773094920e-01 6.139881942845757390e-01 6.891610303267191595e-01 5.537605374311379558e-01 6.428006449791033861e-01 7.446551833700837397e-01 7.644466475461837440e-01 6.754811884342762918e-01 7.374951929068291889e-01 8.310337519048438537e-01 8.103333253933879821e-01 7.989659753753511895e-01 7.989095550019006398e-01 8.188227198614899116e-01 8.371289042034222305e-01 8.429420521220929441e-01 7.566362967163607900e-01 8.140305653532016184e-01 7.886876270789330290e-01 8.059488511559876889e-01 8.119790059283130690e-01 8.439185654327824304e-01 8.505446263395322060e-01 8.202986558218511304e-01 8.643530016274409977e-01 8.564412246944683726e-01 8.501403890302052790e-01 8.550227370657411674e-01 8.458356658220210766e-01 8.527252076049076646e-01 8.693109792262322388e-01 8.716813404575954882e-01 8.665296207784840554e-01 8.422067633567001943e-01 8.682620424392089031e-01 8.420016111314710949e-01 8.607255592844672565e-01 8.658230052793988163e-01 8.539562373662883399e-01 8.560630266508280073e-01 8.631442535080499079e-01 8.670090673906337697e-01 8.664133459477139088e-01 8.774285808400998921e-01 8.721243344617884974e-01 8.674632295054562903e-01 8.635754964332399419e-01 8.640675274438359699e-01 8.711918586635590822e-01 8.720123513215627398e-01 8.732346238771812041e-01 8.615219167288757918e-01 8.678868150640148826e-01 8.443137429342641997e-01 8.521128605109157261e-01 8.672439001016886140e-01 8.519267747947993907e-01 8.480305593939992947e-01 8.703328611720628771e-01 8.681854594927150837e-01 8.549881561420233922e-01 8.630742399847876056e-01 8.632545239295439377e-01 8.716800187450375326e-01 8.653358668393970055e-01 8.714327361400615590e-01 8.683800863872377374e-01 8.592068422441654363e-01 8.611350591234359086e-01 8.640978407914593484e-01 8.574044779187288690e-01 8.697327670299076496e-01 8.685176450963354444e-01 8.616372869697029868e-01 8.563357621135812003e-01 8.697179854785889175e-01 8.695613561670660907e-01 8.655299636415799691e-01 8.712275110650937737e-01 8.726597496455578140e-01 8.527120397515679517e-01 8.661573947556782116e-01 8.717886720243251952e-01 8.684766162088622954e-01 8.650180661438823249e-01 8.705734188775779980e-01 8.691234525654235599e-01 8.706982956317211864e-01 8.716344650914134018e-01 8.608673344882408207e-01 8.725530276141837405e-01 8.720668830820437201e-01 8.712577640427208170e-01 8.701508013740230085e-01 8.687578249599490210e-01 8.740574112674690532e-01 8.687807411007856251e-01 8.720640458786450555e-01 8.757758399849976394e-01 8.741427731370289278e-01
2.528611295367653305e-02 1.351612477134703783e-01 2.649689591251114251e-01 4.568855485387419146e-01 3.879864478744708411e-01 4.317906097682672195e-01 6.658275855738001736e-01 6.199343078941573770e-01 7.281562012791205074e-01 1.000000000000000000e+00 7.186188272502898045e-01 7.487329730099085978e-01 6.756079545831641386e-01 5.482036792008447845e-01 7.553640534363300629e-01 7.572356863140973227e-01 6.941522902620763658e-01 5.511841110414043010e-01 6.327034109340278212e-01 4.841735274554998525e-01 5.603535344131038709e-01 6.783636754910635780e-01 6.702064814622445965e-01 6.053614989679352298e-01 6.646680085292508977e-01 7.276319583128630919e-01 7.150466938777479964e-01 7.145186849596728562e-01 7.129876152366856346e-01 7.287997240552404055e-01 7.485482578722959524e-01 7.533304509527534165e-01 6.669405040110071292e-01 7.232872260259972652e-01 6.977817374475917545e-01 7.023282828010447565e-01 7.350016727979036268e-01 7.645346893610105443e-01 7.674405149175467233e-01 7.369629490176132780e-01 7.894420155279400220e-01 7.750152918940518276e-01 7.617880908736446299e-01 7.763395905907878314e-01 7.606394784227760164e-01 7.811289840157457087e-01 7.955307192860497922e-01 7.988349075720851955e-01 7.864933260268125448e-01 7.477714155878236735e-01 7.857773156659255687e-01 7.352454894890253501e-01 7.675148349615237287e-01 7.960834501210020120e-01 7.825980470999952532e-01 7.806668271048581298e-01 7.703878844747743537e-01 7.948034089003840341e-01 7.953509481492357924e-01 7.912492427326006661e-01 7.896835681416386477e-01 7.884042185561517257e-01 7.850326451564535457e-01 7.789098078102024703e-01 7.837508270851456516e-01 7.788600882915669432e-01 7.987407886197129825e-01 7.885541869724268516e-01 7.892803386294614532e-01 7.642314845613034091e-01 7.814408748138573779e-01 7.906017899507227220e-01 7.802841352081765214e-01 7.746992561238522645e-01 7.892721899980378319e-01 7.898578489847758455e-01 7.838277530777782998e-01 7.833072317803763118e-01 7.905169719575987353e-01 7.921702440121823896e-01 7.876590273910704099e-01 7.919620051182018061e-01 7.898769038569258827e-01 7.796597760485123318e-01 7.838721731483129229e-01 7.888134170096569031e-01 7.836238393001069280e-01 7.973374532300410156e-01 7.943022446985831264e-01 7.849210231727290488e-01 7.840638075313127731e-01 7.957253162411085379e-01 7.919114274461955816e-01 7.950636714449864639e-01 8.000315969474062205e-01 8.012924628668212090e-01 7.765773271773279696e-01 7.790919957708797305e-01 7.970371133026511457e-01 7.956087657329079521e-01 7.901617302711771984e-01 7.968547908040142236e-01 7.919046952084267676e-01 7.942235998299094213e-01 7.855067553351388066e-01 7.832160177092654108e-01 7.975461083128494444e-01 8.010116817906671738e-01 7.969692345054761873e-01 8.007118198036906609e-01 7.992530898280708618e-01 7.973402648997297559e-01 7.985379118177281521e-01 7.953017720895894094e-01 7.944749203041430174e-01 7.959135516193241999e-01
6.263297307552581628e-02 1.366778590614060040e-01 3.989677748812861524e-01 5.673336274919380529e-01 4.384100520129544099e-01 4.897022060926931597e-01 7.720907777717487264e-01 7.434403475672494155e-01 8.004692663947894360e-01 7.186188272502898045e-01 1.000000000000000000e+00 8.725695962414333762e-01 7.603616865688729298e-01 6.086038994552326331e-01 8.693657800340736097e-01 8.608516194715930547e-01 7.816272531707454396e-01 6.708141326842365082e-01 7.383480177394992072e-01 5.868110867911066064e-01 6.799400710301408690e-01 7.982590336706975043e-01 7.899200764999366742e-01 7.108393008842184280e-01 7.847049585173940800e-01 8.650830511859241012e-01 8.634447725072326163e-01 8.656603638118159916e-01 8.460760069291424212e-01 8.744539845789295329e-01 8.901530888978934630e-01 8.652352506672676968e-01 8.091350598614016620e-01 8.473671249005081396e-01 8.303050933251835408e-01 8.393798207708335068e-01 8.831517147836295267e-01 8.749155378068906863e-01 8.837965423951017474e-01 8.884330603427329498e-01 8.867314379175251782e-01 8.901409215663189656e-01 8.720342976480941477e-01 8.726633037469890830e-01 8.921659203549293649e-01 8.920242012511229168e-01 8.812400215023683536e-01 8.811602911694617069e-01 8.765913563635168160e-01 8.543991091415562567e-01 8.817376384915890375e-01 8.661099295742480386e-01 8.704041971337893591e-01 8.749961392387046732e-01 8.746891040779548598e-01 8.990680262263470723e-01 8.706487332384051925e-01 8.824354916474711485e-01 8.836605986399178603e-01 8.730372898269355142e-01 8.807700194184127085e-01 8.722009864787334532e-01 8.853517826795841428e-01 8.625308208936999232e-01 8.709650852962216305e-01 8.698893646910003108e-01 8.846292089804796976e-01 8.878102276787080971e-01 8.852685223505658563e-01 8.681324763626826480e-01 8.846790401296179551e-01 8.949832426192693147e-01 8.741553293133833558e-01 8.746883310472248763e-01 8.910013395043021589e-01 8.947615231138188463e-01 8.933138334655341684e-01 8.910101269660637424e-01 8.909327477533842687e-01 8.957742681235281168e-01 8.974452348626039688e-01 8.986870335675788413e-01 8.948910054971631611e-01 8.813261843793338546e-01 8.961219650700118500e-01 8.909165729977956971e-01 8.966657801536783712e-01 8.968761430325352668e-01 8.981040772659005800e-01 8.937571710090135291e-01 9.020314041943139349e-01 8.931619594930630956e-01 8.989384064705441268e-01 8.932616759585979560e-01 8.872570185562479450e-01 8.853194775234654035e-01 8.872532392642153987e-01 8.781638609414665897e-01 8.855341021621437880e-01 8.897841123954814968e-01 8.835447920513511688e-01 8.890149229740555992e-01 8.824557556645163947e-01 8.841427252943773185e-01 8.934281067975515800e-01 8.765146876011169486e-01 8.855617743377396378e-01 8.837335355314351881e-01 8.860799096028978417e-01 8.866831102651803187e-01 8.896499550612292362e-01 8.806123692181065943e-01 8.832313026576267267e-01 8.857214089195007967e-01 8.864825264512027347e-01 8.847976543022890716e-01
8.412801005496930995e-02 1.431440492627104877e-01 4.245950145064348313e-01 6.335825697100434528e-01 4.923682574889701180e-01 5.208038846761907648e-01 8.191143312389832509e-01 7.962510370804034565e-01 8.420508811140002825e-01 7.487329730099085978e-01 8.725695962414333762e-01 1.000000000000000000e+00 8.195495353343706935e-01 6.385240774220043436e-01 9.199546775320793790e-01 9.065407299633168048e-01 8.379188581537835301e-01 6.913537924334578477e-01 7.592446986966586708e-01 6.087313715432274286e-01 7.276228725822265764e-01 8.240007434305387513e-01 8.067018459161353627e-01 7.307502577241572483e-01 7.976923762395421447e-01 8.959302094897229063e-01 8.919090432542241542e-01 8.874890175312671881e-01 8.831420467785301431e-01 8.863244550632598528e-01 9.208923994886540898e-01 9.046975119542048915e-01 8.348067470587785532e-01 8.768172455850867797e-01 8.620817359325467777e-01 8.814457215949120794e-01 8.906191907903240335e-01 9.125688076045201935e-01 9.230737734544639528e-01 9.059842803502320407e-01 9.273458345631486743e-01 9.314522712928449133e-01 9.252376656617077311e-01 9.264554333275893949e-01 9.245502928454650826e-01 9.236473062974667192e-01 9.258355638831561318e-01 9.246556708921409573e-01 9.258128974395541944e-01 9.022846338161072399e-01 9.292501493520006761e-01 9.088359838496860021e-01 9.256238875421682888e-01 9.242954193458585710e-01 9.197962059728168605e-01 9.273222540764353150e-01 9.251131917497515955e-01 9.252159165637253713e-01 9.287904847716046408e-01 9.267438085865593589e-01 9.278137384498613693e-01 9.280814758790384422e-01 9.296081996946675696e-01 9.262055346739522799e-01 9.221163861061610900e-01 9.292100976909777321e-01 9.269737154582722294e-01 9.226592589921702725e-01 9.259731820995600327e-01 9.079451518773096197e-01 9.228482337318110185e-01 9.313451223563194992e-01 9.088186640859473586e-01 9.097744856549122572e-01 9.383325105766793239e-01 9.355315057265879419e-01 9.275064176652565440e-01 9.325550384077044841e-01 9.297555610616787813e-01 9.318092352363460673e-01 9.289088734607422460e-01 9.356663112024552476e-01 9.317578227680819447e-01 9.219082392921443825e-01 9.285858551004024797e-01 9.255061451708030962e-01 9.304627511053323863e-01 9.352434974901938647e-01 9.339245478010667068e-01 9.303451499047402651e-01 9.303508479695122846e-01 9.330507181122302818e-01 9.359001891448212040e-01 9.310893501601097411e-01 9.276978361286405406e-01 9.271482978604552727e-01 9.241330806200768189e-01 9.233804205614516425e-01 9.290608927093054747e-01 9.314223703462197745e-01 9.283625836863029779e-01 9.331401160113163007e-01 9.298655376871086675e-01 9.312937577389464039e-01 9.366662607281750486e-01 9.242149811841422480e-01 9.316901934290312548e-01 9.308859298334550836e-01 9.297274168171532072e-01 9.262850205907705581e-01 9.304182581329761836e-01 9.274974628231902329e-01 9.296164667892815592e-01 9.323232879275263896e-01 9.302486330837048678e-01 9.319385871260730259e-01
6.968629836433919145e-02 1.381864262205959037e-01 3.488380744761280794e-01 5.638989275636608900e-01 4.885311345866606980e-01 4.812781294115907049e-01 7.369823543243695374e-01 7.198528823101773000e-01 7.666402919553546580e-01 6.756079545831641386e-01 7.603616865688729298e-01 8.195495353343706935e-01 1.000000000000000000e+00 6.051997921810361447e-01 8.417548745919115616e-01 8.313465027285242837e-01 7.654585780792271255e-01 6.322243532334539395e-01 6.864426037347101106e-01 5.469375673017827788e-01 6.606270890853586097e-01 7.335532402729032508e-01 7.251452739008357185e-01 6.666170161459530341e-01 7.153420697886907487e-01 7.875078590697861536e-01 7.795724069448614069e-01 7.692165925258134251e-01 7.660941998893076033e-01 7.797968550074079186e-01 8.199299352222886306e-01 8.191280090461325880e-01 7.242918383384260306e-01 7.788906842330063363e-01 7.637705797686481501e-01 7.940378257084300673e-01 7.841480588667720797e-01 8.034091482268437279e-01 8.370854463247588972e-01 7.854785826526213821e-01 8.531383921442901030e-01 8.474945643118084737e-01 8.567255313703375785e-01 8.584385307587536484e-01 8.409911010787105567e-01 8.433246250045802750e-01 8.576791219498749452e-01 8.562650009491469261e-01 8.461061155781801624e-01 8.003388818538881289e-01 8.455011646811009252e-01 8.282733507242100446e-01 8.559720749997929978e-01 8.513091189949154591e-01 8.275757477808112217e-01 8.242524795647139246e-01 8.321276581931453808e-01 8.495012009545445109e-01 8.443734951393517818e-01 8.652753529610361927e-01 8.536855354078470848e-01 8.558898005764413730e-01 8.421126897786030963e-01 8.592878632900289304e-01 8.549019511309153829e-01 8.522105883013137984e-01 8.598121387490251788e-01 8.520864183404881498e-01 8.553085846239759649e-01 8.364801428431993813e-01 8.500870955909135551e-01 8.560510175569714386e-01 8.372584012688321087e-01 8.432692020062126925e-01 8.622618350047724922e-01 8.558995689250157302e-01 8.433333116511867456e-01 8.458619254633242823e-01 8.517060045446892547e-01 8.547868204419206695e-01 8.518695734294440269e-01 8.578655022189171087e-01 8.535224388849866894e-01 8.479679871656193857e-01 8.399417821775411186e-01 8.479226650559653633e-01 8.532439076538291811e-01 8.554292214345122769e-01 8.571982840861789299e-01 8.521779527766382145e-01 8.430588809611158085e-01 8.609091638188524076e-01 8.616254570675189184e-01 8.599772620343464347e-01 8.578494205351303581e-01 8.599293705021248124e-01 8.400218448171203889e-01 8.456771146121726535e-01 8.589539081521549990e-01 8.563570147116426057e-01 8.612392633284968735e-01 8.552579159063922187e-01 8.650817028700178435e-01 8.647793815245644611e-01 8.619429383377901210e-01 8.486144508888753268e-01 8.579759261685997451e-01 8.616972549959556193e-01 8.582196226293811181e-01 8.579962593556170747e-01 8.563651526042950213e-01 8.629698347130746461e-01 8.603348514277523451e-01 8.615770729212677281e-01 8.599199698874723241e-01 8.620085315547976190e-01
