1.000000000000000000e+00 3.598214920100212266e-02 9.128881504666548630e-02 2.918627529719142882e-02 2.063691381625880686e-02 1.065181021609713091e-02 -3.321145826664997913e-03 6.556170211866651880e-03 5.956891006142420869e-02 3.633694721899563551e-02 2.117699230363430385e-02 1.274315755773901444e-02 3.379158053576852144e-02 2.530970701159085227e-03 2.664968494787907892e-03 8.260178703016008220e-03 5.333699429684286147e-02 3.175602594489363578e-02 3.165048195795492486e-02 -2.091698047943285621e-02 -3.061612662818576514e-03 2.855583812435692412e-02 2.390647659885180437e-02 3.034160053020650959e-03 -1.793283432546515996e-02 3.380724764076726424e-02 1.283634974155291666e-02 -1.716831057027765409e-02 2.187146646906710720e-02 4.118703474064548675e-02 1.897453485644055166e-02 9.393643294828049259e-03 -2.182558010132511217e-02 -1.172974443843288403e-02 4.272918670504014665e-02 1.205969722225671073e-02 1.103686634197746826e-02 -2.453272143158919186e-02 -5.249506754261016629e-03 -4.890616722937250055e-02 -1.195014301117143041e-03 -1.804786777556255037e-02 4.791109056342534797e-03 7.914146804448348588e-04 -4.096966588581770624e-03 -7.115301331113356442e-03 5.030704864774083714e-04 1.161022017046499551e-02 1.307571456608679246e-02 1.203826452782684464e-03 -1.676243376202047469e-02 1.937892376367456732e-02 1.781936932865720025e-02 3.492169840123950791e-02 2.409014543981698869e-02 3.999033372926249705e-03 3.213219135014269007e-02 6.783699437783008435e-03 8.530031398801721340e-05 4.263564153978471188e-02 1.404325708080158414e-02 1.793276359394349942e-02 1.060702724165795557e-02 3.006589975986860216e-02 4.168127883506595605e-02 3.978921520101185577e-02 2.639786793118047495e-02 9.717481083758576499e-03 8.017373408361701606e-03 3.711920924970336932e-03 7.045871712292489956e-04 8.996653107711879635e-03 2.251513516670185493e-03 -3.717177619228550817e-04 1.280564395133967914e-02 1.063776667958162350e-02 -4.352601782634129592e-03 8.529459185287373638e-03 -2.149626698807893029e-03 1.483299002833421247e-02 1.648044402233069536e-03 8.610783075568319289e-03 1.914608959922382489e-02 1.216946032261168389e-02 5.732793923614901924e-04 6.777531858447037247e-03 -1.942418693033166020e-03 -9.037480277869219683e-04 2.185262868981317774e-03 1.195130830918736398e-02 -1.545633622151621790e-02 -6.960388966579831443e-03 -3.471679893067113835e-03 -3.194516805547940527e-03 3.474143067987946719e-03 6.655389464202148345e-03 -2.050572015664208284e-03 4.020356132786003650e-02 7.450882798609093603e-03 -5.096819029213333838e-03 -6.476644304022223509e-05 1.357900963582496165e-02 1.286820848102285600e-02 1.076746624729580694e-02 1.972274993649706168e-02 2.033688758094980703e-02 1.722619324128021184e-02 1.126327223877453092e-02 1.394009464293918983e-02 4.883568753336433622e-03 6.786850503225481772e-03 2.366359625777494577e-02 1.176209305824923133e-02 2.048685890988775904e-02 2.344776521160947189e-02 3.037878769975550786e-02
3.598214920100212266e-02 1.000000000000000000e+00 -8.020975696949490807e-03 2.703622251483564498e-02 5.524273161105687502e-02 6.548323466037714313e-02 1.004949128727612301e-01 4.045491949863678355e-02 1.331171084040830566e-01 1.520481707666883620e-01 1.073155510855709066e-01 1.137360270697396619e-01 1.096805893867433962e-01 1.405472835355734418e-01 1.225013603213741809e-01 1.122529958578530468e-01 9.618978117443284515e-02 9.042726172068216162e-02 8.537199737044803838e-02 8.799679207997924968e-02 6.499415379871853471e-02 6.484314927399160988e-02 8.990789148076078208e-02 9.666618059240109084e-02 1.120487025077687437e-01 9.473748453155429738e-02 1.081647187914244052e-01 1.054992945700676948e-01 1.088090184772493585e-01 1.156325848064713308e-01 1.371721575275971494e-01 1.290246595284991193e-01 1.030701540893265433e-01 1.234949699311648774e-01 1.114839696993167734e-01 9.332173097363562209e-02 1.239350557385054535e-01 1.279654638283671542e-01 1.211837188902078477e-01 1.212593094562214868e-01 1.281557905784653506e-01 1.226756842695547883e-01 1.080148167916741425e-01 1.226081850202289797e-01 1.280662916376782978e-01 1.326283373733513071e-01 1.475270913923868721e-01 1.458771777902052036e-01 1.166585088693264244e-01 1.265854331346289163e-01 1.298123949920081954e-01 1.179843452348315891e-01 1.115562367776277569e-01 1.303154868031918545e-01 1.332371367503946413e-01 1.285156428219545455e-01 1.009297462414687346e-01 1.314752668270203761e-01 1.292198777951951427e-01 1.212250073782115134e-01 1.131924072084612293e-01 1.190527557878004600e-01 1.154608583269064598e-01 1.090683173917309373e-01 1.245309982834607171e-01 1.261969304961817473e-01 1.378348149432984393e-01 1.376708799066576061e-01 1.344762045542902407e-01 1.323821870812809665e-01 1.318423314386115985e-01 1.347501889830733657e-01 1.334960544083474421e-01 1.363441357698557677e-01 1.297834589838773589e-01 1.359227983537659168e-01 1.338510792892067258e-01 1.355983576655092893e-01 1.436153801780414019e-01 1.418557063055987111e-01 1.383671291111716328e-01 1.417092788038074591e-01 1.306694562792340697e-01 1.406500384600784803e-01 1.376312812883171421e-01 1.384253740073304040e-01 1.391948546894807848e-01 1.369853533624771913e-01 1.425606478652452491e-01 1.367821293241916758e-01 1.356349429046658783e-01 1.400987459759995002e-01 1.383179690429027497e-01 1.402880457771728540e-01 1.394968422089876148e-01 1.433850077617568053e-01 1.274617645617938944e-01 1.240106891725181321e-01 1.285692012612010549e-01 1.399480589777390982e-01 1.297620014148912759e-01 1.283215936983572725e-01 1.338608566992477433e-01 1.259305977954601474e-01 1.349833145351468089e-01 1.239412561849848882e-01 1.365768837132148583e-01 1.439036116393667408e-01 1.422497397649008788e-01 1.397112769285092926e-01 1.358895443913327172e-01 1.344805185354602250e-01 1.340442409593988748e-01 1.319217401086540120e-01 1.366807471050173195e-01 1.370609752095631184e-01
9.128881504666548630e-02 -8.020975696949490807e-03 1.000000000000000000e+00 3.099422687884892391e-01 1.048174569134736195e-01 1.744565122820675163e-01 2.041665057427341501e-01 2.253374708353099998e-01 2.199512556610740133e-01 2.104662414760362088e-01 2.511956183101818896e-01 2.930243076408250436e-01 2.523706334786728345e-01 2.082178695744735519e-01 2.697613971561135249e-01 2.709978608008140610e-01 2.948806923836738703e-01 3.249207580075434976e-01 3.199175327163146232e-01 2.737448576143414192e-01 3.104864451930949287e-01 3.381290636311432563e-01 3.146234537970512557e-01 3.248191906114940020e-01 2.858551472302544028e-01 3.248295306384226810e-01 3.022564181825365126e-01 2.895179892176753533e-01 2.884929659549352321e-01 3.046435256006660430e-01 2.907907078684185964e-01 3.220024546440124480e-01 3.105342551609049373e-01 3.116020655807816842e-01 2.980576980956873290e-01 3.024348653827552136e-01 2.991177506591642388e-01 2.990026940693275015e-01 2.933891774033222655e-01 2.819372517824982882e-01 2.911711084216304646e-01 2.858280069823167513e-01 2.833376101844179429e-01 2.924105102724823824e-01 3.044029393704066888e-01 2.900241557509746770e-01 2.761959624926139667e-01 2.872151272463967508e-01 3.095853136105838344e-01 3.074361318450148373e-01 2.934660599704205786e-01 2.711796136259325696e-01 2.932323435678420576e-01 3.004984149722541575e-01 2.962552553654888010e-01 3.088867504453613466e-01 3.110766905208686151e-01 2.863709931332151792e-01 2.920516982122889349e-01 2.927952997170991112e-01 2.907988725203126124e-01 2.979598537777697342e-01 2.977248001843946223e-01 2.996140534594480820e-01 2.923553123587649405e-01 2.906929117077611258e-01 2.844072960805521522e-01 2.913091877876290425e-01 3.009065760035096737e-01 2.890988273564298883e-01 2.876630828689427655e-01 2.884285258610267966e-01 3.037412857313742109e-01 2.923887947801208642e-01 2.948251331541321685e-01 2.934443405057544640e-01 2.857649199275143492e-01 2.802959832989188604e-01 2.786533913370826676e-01 2.834762194243349853e-01 2.902134034947408403e-01 2.855556017551377224e-01 3.030663566111116425e-01 2.808884076927342099e-01 2.867425770384960937e-01 2.973431710325175059e-01 2.844437283819949980e-01 2.893011791041052994e-01 2.803990097924092817e-01 2.951467603033063325e-01 2.811981035713450594e-01 2.765644638197044536e-01 2.812396326017494452e-01 2.741726911635005703e-01 2.749342217533519150e-01 2.755091594380502107e-01 2.785745133173613275e-01 3.020636803014258853e-01 2.830547524809228221e-01 2.782347513208337508e-01 2.715954016757178291e-01 2.878960302036617236e-01 2.794419734222914342e-01 2.839443138403055511e-01 2.856496170711467775e-01 2.907942942869850000e-01 2.867880784850374565e-01 2.801332420670322731e-01 2.845728791992674367e-01 2.795274517993578955e-01 2.854301177553560942e-01 2.834899302479524930e-01 2.826388828170792178e-01 2.825372678649215596e-01 2.810366127225342736e-01 2.827919733037081995e-01
2.918627529719142882e-02 2.703622251483564498e-02 3.099422687884892391e-01 1.000000000000000000e+00 1.979736528178455135e-01 2.367875127082360864e-01 4.256217744686249249e-01 4.079046463722208471e-01 4.026489920290955427e-01 3.705914013223577386e-01 4.348462716784314841e-01 4.911376048015540507e-01 4.414579428826627128e-01 3.712585580380446393e-01 4.834914737707343702e-01 4.903516401075087572e-01 4.716634368877204442e-01 4.920988870100523882e-01 5.052574863483312306e-01 4.887147159124318740e-01 5.381127381788741726e-01 5.365712540882846548e-01 5.026926985799108349e-01 5.165677229484784139e-01 5.079730569451006428e-01 5.335970219995928021e-01 5.255953704886424660e-01 5.231642284766689910e-01 4.932099405697434324e-01 5.073374482942752950e-01 5.031327925885028529e-01 5.114372439326826392e-01 5.060576108180886434e-01 4.965798690643768998e-01 4.706515147606491478e-01 4.917687965498117042e-01 5.076326027099020699e-01 5.121843378913633060e-01 5.046410264150918978e-01 5.104289424643893014e-01 5.077330226050610351e-01 5.121446298224137106e-01 5.177054246681903615e-01 5.169434158125225665e-01 5.199320395644283499e-01 5.078606873771660535e-01 4.873270290680645211e-01 4.880692440781283503e-01 5.130830458125772431e-01 4.982772201328721229e-01 5.154337641236454992e-01 4.693733139984335168e-01 5.038035739159995030e-01 5.003509273108875943e-01 4.963056016535898340e-01 5.179558607373145884e-01 5.049376625165438170e-01 4.985721517525233404e-01 5.047739371340627113e-01 4.966370350358798591e-01 5.004824178461591000e-01 4.991113842795423250e-01 4.996376140225102791e-01 5.032109586714065275e-01 4.939994878324360794e-01 4.918081993481772662e-01 4.848084056302828793e-01 4.967165465210576780e-01 5.030846056582456427e-01 5.148526950519625167e-01 5.097925957301902011e-01 4.987975741281608366e-01 5.093063482416297916e-01 5.066817074025777856e-01 5.058551047074028029e-01 5.034182533731527132e-01 5.071537191341505268e-01 4.904198366902257078e-01 4.936512354339462894e-01 4.897352149592288928e-01 5.024679239997302815e-01 4.975590051473572362e-01 5.034377571149610819e-01 4.872079400567274621e-01 4.921988054796919143e-01 4.969025680259821498e-01 4.944076523365199538e-01 4.986550354421553921e-01 4.908388581170051723e-01 5.019487180761551537e-01 5.017879618262748309e-01 4.979435492346399594e-01 4.942243755996625909e-01 4.967682048602822809e-01 4.838565238938336566e-01 4.839269242746847555e-01 4.925243158254097309e-01 4.970173318706104792e-01 4.919859087841304546e-01 4.915176144860848861e-01 4.953811518831434113e-01 4.968071445769793870e-01 4.907055405173916252e-01 4.999428051836016795e-01 4.907653386441739873e-01 4.948437756683833899e-01 4.914040496815437753e-01 4.875561253952459539e-01 4.863570260434466608e-01 4.892446913484198023e-01 4.936621037608623364e-01 4.911109421995339397e-01 4.897532674794276009e-01 4.921469262434067793e-01 4.832358177606601579e-01 4.878331626496781870e-01
2.063691381625880686e-02 5.524273161105687502e-02 1.048174569134736195e-01 1.979736528178455135e-01 1.000000000000000000e+00 2.154130101750240944e-01 3.413204570220197409e-01 3.424251065721141685e-01 3.481360152014821296e-01 3.080637156268126731e-01 3.089657405135834423e-01 3.649857818603596260e-01 3.344052212318031625e-01 3.336757467356177287e-01 3.873929329931355969e-01 3.847878522999613748e-01 3.176232533503156596e-01 3.049114765811166139e-01 3.291553831453535306e-01 2.922610627724697152e-01 3.364353733470916152e-01 3.483449994257145632e-01 3.198389148628091316e-01 3.108703327531881500e-01 3.484576423074038365e-01 3.772652828523361812e-01 3.741522430323875881e-01 3.585650051704953323e-01 3.473898413779923922e-01 3.591539922935210738e-01 3.859536047128771519e-01 3.608110078126610665e-01 3.332150187454826495e-01 3.269009823993597741e-01 3.615597858644115647e-01 3.441400449155541663e-01 3.695894466873420603e-01 3.589071188078978847e-01 3.549273329931051379e-01 3.511229923271213527e-01 3.937021758199441557e-01 3.971815965824320727e-01 3.862718474882351760e-01 4.016418599715448345e-01 3.737915755482610902e-01 3.906843762171379741e-01 3.989350891987478165e-01 3.960743787286236106e-01 3.962787496092394779e-01 3.823764958261982039e-01 3.819835809701516705e-01 3.868573800544014007e-01 4.018941520242346743e-01 4.000348013488648213e-01 3.976588575588225205e-01 3.852293387652180323e-01 3.886795635374626912e-01 3.925225830652804282e-01 3.922493082054239188e-01 4.066019072717964034e-01 4.063038998250490530e-01 3.960101567442153025e-01 3.975184046405067506e-01 3.948073882128576018e-01 4.003888169699704735e-01 4.078504075244939742e-01 4.002920640672485986e-01 3.963250817439863960e-01 3.886801330513989794e-01 4.000409786674066770e-01 4.002799676133196316e-01 3.991929066373657298e-01 3.854471394789356631e-01 3.907078564003109156e-01 4.003882789971975331e-01 3.970326253985135279e-01 3.989476344917175510e-01 3.912068823592346756e-01 3.938041928831676475e-01 3.992444610016778195e-01 3.954747573643871972e-01 4.003621634786492800e-01 3.889840404823944331e-01 3.923876417199365085e-01 3.926929446614585428e-01 3.874095498728019615e-01 3.910166360009816877e-01 3.969421292028382231e-01 3.945189883115271523e-01 3.983654441450263928e-01 3.890545559171136314e-01 4.024843193049257306e-01 3.978685716514765991e-01 4.008901394969808241e-01 4.025313158038548722e-01 4.020577177452120399e-01 3.981727629693930792e-01 4.050343477257320468e-01 4.036929578261170271e-01 3.999595273001580464e-01 4.017379798167690641e-01 4.000827298207980665e-01 4.054943537385608532e-01 4.083086558925245746e-01 4.022870186509270862e-01 3.980019615405544497e-01 4.027192400127415639e-01 4.030410004033946891e-01 4.022537347732512147e-01 4.034624105570643327e-01 4.014234119572960835e-01 4.072156305999460879e-01 4.019392435816012688e-01 4.028154650286993044e-01 3.979935193145734407e-01 4.033025116120082521e-01
1.065181021609713091e-02 6.548323466037714313e-02 1.744565122820675163e-01 2.367875127082360864e-01 2.154130101750240944e-01 1.000000000000000000e+00 3.806156778021643206e-01 3.321742023354245510e-01 3.915075541249915525e-01 3.744385779213068033e-01 3.713464235794260437e-01 4.476240148481172021e-01 3.920595951865765705e-01 4.057258307903383598e-01 4.481715035905739497e-01 4.463744226382464486e-01 3.979343768205691467e-01 4.014743425625630913e-01 4.229485954831257444e-01 3.695092156754578583e-01 4.120200497491234848e-01 4.368771795889273557e-01 4.012027102802018241e-01 4.070669752064191571e-01 4.401198310396896018e-01 4.387439892956018217e-01 4.441102886212711098e-01 4.317012678108870238e-01 4.312006438563148469e-01 4.439491086591247915e-01 4.565617964061685630e-01 4.518982225000926500e-01 4.183429755285211771e-01 4.354595551856004221e-01 4.284913269874792707e-01 4.352548932492120159e-01 4.461801860389034147e-01 4.537380607932044452e-01 4.537748553679428754e-01 4.399369213701821435e-01 4.663775496178328428e-01 4.745252820500637791e-01 4.667431707355376713e-01 4.763220965302403243e-01 4.735093934329647203e-01 4.752682981951479313e-01 4.798575667567483993e-01 4.774774510069014211e-01 4.768450453038582948e-01 4.689095742851634996e-01 4.696860303684138871e-01 4.680395484794382388e-01 4.708263178973966512e-01 4.716118018161855607e-01 4.682883817307064156e-01 4.642696181050902093e-01 4.630570162363901732e-01 4.722959753168535779e-01 4.768856444214191748e-01 4.731957779848197654e-01 4.738989447072714523e-01 4.696681251319487216e-01 4.735307316717676795e-01 4.665801398419851531e-01 4.642122496042309088e-01 4.742903314465432008e-01 4.760122917263573394e-01 4.815031749665831806e-01 4.745868509095907961e-01 4.774155699690466603e-01 4.821577431764688670e-01 4.791807656853225295e-01 4.752023292615855654e-01 4.811412156938752460e-01 4.792155920866619789e-01 4.786353727644854228e-01 4.819370265085929916e-01 4.723073922939031721e-01 4.802503516342984113e-01 4.756059281446485265e-01 4.735168100490197984e-01 4.755216236993836665e-01 4.713636440791695859e-01 4.766715057938156752e-01 4.789061413368292941e-01 4.760165195677414363e-01 4.754061665718684049e-01 4.776163786451346760e-01 4.795100003163295099e-01 4.757935579110667557e-01 4.748535253574724391e-01 4.798630665655434502e-01 4.815374725907832221e-01 4.831010094891335926e-01 4.774830862289241584e-01 4.800351794617510048e-01 4.786226257927772565e-01 4.738998070932609608e-01 4.803464495890124031e-01 4.774005451200885597e-01 4.797039861604169841e-01 4.775816074265604172e-01 4.759169691644672406e-01 4.797638067858940869e-01 4.793670833389846453e-01 4.771163283468035643e-01 4.814082367275692165e-01 4.812889681833316113e-01 4.787847782045298595e-01 4.799597370273013253e-01 4.778661213284917109e-01 4.776977901069179300e-01 4.785185202682426531e-01 4.748557357411908320e-01 4.704595332308293409e-01 4.754305099057326012e-01
-3.321145826664997913e-03 1.004949128727612301e-01 2.041665057427341501e-01 4.256217744686249249e-01 3.413204570220197409e-01 3.806156778021643206e-01 1.000000000000000000e+00 5.637541350558266107e-01 6.151766157542861713e-01 5.918874593433807174e-01 6.035700149247722468e-01 7.106107738430986753e-01 5.990812788028009317e-01 6.195731224865008713e-01 7.605377320454045353e-01 7.072668442668547106e-01 6.389710751595718552e-01 6.116369128359010476e-01 6.509330673852732341e-01 6.250912720849817195e-01 6.411429940072389533e-01 6.733624833321641967e-01 6.380003371701828963e-01 6.242484640581802413e-01 6.796610172553141371e-01 6.931165992841726853e-01 6.989388279652392066e-01 7.183007562292383907e-01 6.779462965814678777e-01 6.798736339077052770e-01 7.228050826715595178e-01 7.137990569052883316e-01 6.847906856402747877e-01 6.933536042420014311e-01 6.778119289156241400e-01 7.023959125602100562e-01 7.195116646489325696e-01 7.294829984983048909e-01 7.367326229255333203e-01 7.428180839569908933e-01 7.539311029263693342e-01 7.625693051064396100e-01 7.524464242903146083e-01 7.610518725097363824e-01 7.533144598895120669e-01 7.594146515032441647e-01 7.528279574790072148e-01 7.477176622183341337e-01 7.402520463929556094e-01 7.187480049220954514e-01 7.574363963451682391e-01 7.161813710480782191e-01 7.289756292262921100e-01 7.283147189499712404e-01 7.222147891691924615e-01 7.404547207015567123e-01 7.165586867897894008e-01 7.432126432660167703e-01 7.393995486063020817e-01 7.296622608565883628e-01 7.420688989391700519e-01 7.288906551020273294e-01 7.256263801038143058e-01 7.369963332862331518e-01 7.332428228972579509e-01 7.248947993212441210e-01 7.496107082856491299e-01 7.449975457721138561e-01 7.412356115507177101e-01 7.559963472278807828e-01 7.570261319457509686e-01 7.503383438148047979e-01 7.350815303398743339e-01 7.477597116150966894e-01 7.528321393867999367e-01 7.516226487914882126e-01 7.591336329780606906e-01 7.454759339749302827e-01 7.573721561733605112e-01 7.394131185035990317e-01 7.525051121022711120e-01 7.542736524121999020e-01 7.438729164025026375e-01 7.506202534137291771e-01 7.496896320122297119e-01 7.431593357098167374e-01 7.553087721415449041e-01 7.574344865601555510e-01 7.552687192612865807e-01 7.462257191103826015e-01 7.681712438654656472e-01 7.642459331284839896e-01 7.618353277340211838e-01 7.670377830343028114e-01 7.537255422438995378e-01 7.518867568098424048e-01 7.539348043019712398e-01 7.270298581256036119e-01 7.506483354198744129e-01 7.625758526559855977e-01 7.642053734454614666e-01 7.452335246854746575e-01 7.507486576976915016e-01 7.581435806048480996e-01 7.496285938813291860e-01 7.385387179195183061e-01 7.482693025015006993e-01 7.493166812374427721e-01 7.467912037984896223e-01 7.532504941242746943e-01 7.507929124203434057e-01 7.492532677516936523e-01 7.471201678472320085e-01 7.468974433395786372e-01 7.448885925188707402e-01 7.414739593871104706e-01
6.556170211866651880e-03 4.045491949863678355e-02 2.253374708353099998e-01 4.079046463722208471e-01 3.424251065721141685e-01 3.321742023354245510e-01 5.637541350558266107e-01 1.000000000000000000e+00 5.776909453598941813e-01 5.475168520640092407e-01 5.563748166676374396e-01 6.516971154031154789e-01 5.912684573416704392e-01 5.684804076399100348e-01 6.848375437456241110e-01 6.890749232346523589e-01 5.963686380549308996e-01 5.636871975087184294e-01 6.064561024508865472e-01 5.706542850748427265e-01 6.468845140345961253e-01 6.634568946622749763e-01 5.924736357183940649e-01 5.898646732918855218e-01 6.421237850703617189e-01 6.510072773747932473e-01 6.435101539131979909e-01 6.207260810991883648e-01 6.046631786395040287e-01 6.209187165054916857e-01 6.610923684162114400e-01 6.548053958832680266e-01 5.985620648392248055e-01 6.276205547057380763e-01 6.108858818827554993e-01 6.497674364168792849e-01 6.410332645063542278e-01 6.404251432291396817e-01 6.586010472417430650e-01 6.462013195869803495e-01 6.795389595657322923e-01 6.910690195971538330e-01 6.920446301402845002e-01 7.012577162017153976e-01 6.876413049232110719e-01 6.783071258306778706e-01 6.931607182891584840e-01 6.933845888667359292e-01 7.012660032049938819e-01 6.653384547740857080e-01 6.901289277797700850e-01 6.518366279517194828e-01 6.843888204972428113e-01 6.923214449050831831e-01 6.815343827513709041e-01 6.783060399052022182e-01 6.938535205374414261e-01 6.983794393796319833e-01 6.949044473073410222e-01 6.996407096232238887e-01 7.047852824004561256e-01 7.021487308087325241e-01 6.985212911249227830e-01 7.007419098641795019e-01 6.908520140974242496e-01 6.901570171212606519e-01 6.902312890441855142e-01 6.871569200808703703e-01 6.787416767802419981e-01 6.977763184845529043e-01 7.088070814634295225e-01 6.959152891060259583e-01 6.778690561465410269e-01 6.887485808713104118e-01 6.910541733597753700e-01 6.896935725582639121e-01 6.853923592478649018e-01 6.780943285693972200e-01 6.884577173390985516e-01 6.776751835889133213e-01 6.831380265586415312e-01 6.869576681509756977e-01 6.902602615936571651e-01 6.772421042684807491e-01 6.831314395557263053e-01 6.835986422355370129e-01 6.853411236875931456e-01 6.905414651026078321e-01 6.852740888241312112e-01 6.903991366637488580e-01 6.845948336266016732e-01 6.969585120399631739e-01 6.954287361111729515e-01 6.925408037818847617e-01 6.950152250594392456e-01 6.950887577368148884e-01 6.957378503911508805e-01 6.902229317466527236e-01 7.007757006759715024e-01 6.959024005593006379e-01 7.027796293942301098e-01 7.016225624596976740e-01 6.906799805784531454e-01 7.069129482328218028e-01 6.913955387873004232e-01 6.995617861839338314e-01 6.952638093704197608e-01 6.892687936309545016e-01 6.907954754188955215e-01 6.960162692346518742e-01 6.990365023740500172e-01 7.004004345402055076e-01 7.020583643536809637e-01 6.998131659796746895e-01 6.937890713782587371e-01 6.917402983459703947e-01
5.956891006142420869e-02 1.331171084040830566e-01 2.199512556610740133e-01 4.026489920290955427e-01 3.481360152014821296e-01 3.915075541249915525e-01 6.151766157542861713e-01 5.776909453598941813e-01 1.000000000000000000e+00 7.013484644738542384e-01 6.584010870866204845e-01 7.577972255719338524e-01 6.897770847266684324e-01 7.116381847050313736e-01 7.956576001128777831e-01 7.854671122868971400e-01 7.665763956429791914e-01 6.695432963619247779e-01 7.161936716122434543e-01 5.974109366577100566e-01 6.579024978727509021e-01 7.241371824776146049e-01 6.958035409452929532e-01 6.587429408072420500e-01 7.396345871643495995e-01 7.614301002615927461e-01 7.692367017595328482e-01 7.168968276422335029e-01 7.423468943321805957e-01 7.824407144974957484e-01 8.220220563179735374e-01 7.779664056304199660e-01 7.022085372813977600e-01 7.403774223317192149e-01 7.724918041819283099e-01 7.623430988111071782e-01 7.944190013670955341e-01 7.540648508173268816e-01 7.868823495970334037e-01 7.276956711184010551e-01 8.225515741304035844e-01 7.996100135805002118e-01 7.849977410130142275e-01 8.135513316588326438e-01 8.070109630589931138e-01 8.097369515338405099e-01 8.437388801042996489e-01 8.520720372199562798e-01 8.298502682207813397e-01 7.879559712479852207e-01 8.068481902168804787e-01 7.858666177515991613e-01 8.125483081391879914e-01 8.480155942887777076e-01 8.282346020967527034e-01 8.128437230513356759e-01 8.229538039722015252e-01 8.300238161098524303e-01 8.293085238058903741e-01 8.541598156383370943e-01 8.385777898079089798e-01 8.387110650889415542e-01 8.297366775005494688e-01 8.391354978486486038e-01 8.499618411335679857e-01 8.470870715512172078e-01 8.552864666861694776e-01 8.415294438596435667e-01 8.370767550532108858e-01 8.304170846007732365e-01 8.378342035601150650e-01 8.460613043745464079e-01 8.210988030656775072e-01 8.326696175338536010e-01 8.450187826702346694e-01 8.424826224510547634e-01 8.283765369612251517e-01 8.367046940100220098e-01 8.332187997462104923e-01 8.492047802208401164e-01 8.390815420516628542e-01 8.519935928293511651e-01 8.441060831007635157e-01 8.393457253951696062e-01 8.310193885952941173e-01 8.344677363740717890e-01 8.392404071508716701e-01 8.374218985869584797e-01 8.441210912631044172e-01 8.410390323629121090e-01 8.248182615459188627e-01 8.381185222067409901e-01 8.446594946909691259e-01 8.384587080139551674e-01 8.504466099146549274e-01 8.538764223713208867e-01 8.217774087016193052e-01 8.426164966193475658e-01 8.448740893939846730e-01 8.398781334304250556e-01 8.338168732853489251e-01 8.477675010860460381e-01 8.443675208430263535e-01 8.462802672374419855e-01 8.464438353268630699e-01 8.429447350657719440e-01 8.524379670554517174e-01 8.541120909038162345e-01 8.503212085154795430e-01 8.489343849382822160e-01 8.467527130965492033e-01 8.580179729371644193e-01 8.492526377757085854e-01 8.546879704833694191e-01 8.562862145560149463e-01 8.556381664467260784e-01
3.633694721899563551e-02 1.520481707666883620e-01 2.104662414760362088e-01 3.705914013223577386e-01 3.080637156268126731e-01 3.744385779213068033e-01 5.918874593433807174e-01 5.475168520640092407e-01 7.013484644738542384e-01 1.000000000000000000e+00 6.235653174320888725e-01 7.076077314593718359e-01 6.372028807190399657e-01 6.749427309479851811e-01 7.380999783026732652e-01 7.197590857194572367e-01 6.707328597258722658e-01 6.145896194432057813e-01 6.659011250953981165e-01 5.821847705956719743e-01 6.343022133373679150e-01 6.735325572805526129e-01 6.475591419989137343e-01 6.355111162093584065e-01 7.017456862135859064e-01 7.073042779448126538e-01 7.060320189163137305e-01 6.705224560650387966e-01 6.825750464545783380e-01 7.156161019591504857e-01 7.610061114114684555e-01 7.299610908202284199e-01 6.543693076867533875e-01 7.007757551231610371e-01 7.004670342237168112e-01 7.024003526941081654e-01 7.292826418405496947e-01 7.117416407427745728e-01 7.338602456789882211e-01 7.026188239378037270e-01 7.619041944886364437e-01 7.459271105294442705e-01 7.353799458749132878e-01 7.583577365987483887e-01 7.569103154479687179e-01 7.559064879512151780e-01 7.836208069482778482e-01 7.881707736503889006e-01 7.704495153319635969e-01 7.378241991396720101e-01 7.586265342402433998e-01 7.341552090942742304e-01 7.535216090321710247e-01 7.778701401587519992e-01 7.683251258365153546e-01 7.604083244771072669e-01 7.533497080917092026e-01 7.704634942325012670e-01 7.726865354638235983e-01 7.771176358885532043e-01 7.747813782728250054e-01 7.693569984509741611e-01 7.614953481745107000e-01 7.633874099124905444e-01 7.672604758598394747e-01 7.730145359665123728e-01 7.836926826209763552e-01 7.781126959867944448e-01 7.712253084674782766e-01 7.782721150466692661e-01 7.783106406143882605e-01 7.784710650086337225e-01 7.636862614440597108e-01 7.734097765366686472e-01 7.783341892401750561e-01 7.782947982282129029e-01 7.671923285925232872e-01 7.704966936076430573e-01 7.735659333797799686e-01 7.826095895161500060e-01 7.779934422289385143e-01 7.849220395893571345e-01 7.741952649409006293e-01 7.686157077686285310e-01 7.681845053691715997e-01 7.729378157491356705e-01 7.814813242703132490e-01 7.726939937576569051e-01 7.788152906303301704e-01 7.763355676696308549e-01 7.667518109198738774e-01 7.789841299439759226e-01 7.829387561962048991e-01 7.778801083405567640e-01 7.873185866306497971e-01 7.881842135182290932e-01 7.647670626110221193e-01 7.666375335433501803e-01 7.792369068637510221e-01 7.786490395760444772e-01 7.739909604325816428e-01 7.775535519810109486e-01 7.803182766059558739e-01 7.787500495325038186e-01 7.783704587990830648e-01 7.733246971659227809e-01 7.840444776524382320e-01 7.859644283712577950e-01 7.823117838367350529e-01 7.837220515223819461e-01 7.812272775042041761e-01 7.853639812696971978e-01 7.812735129038194115e-01 7.788012442870343444e-01 7.775811304019946135e-01 7.810722195212913554e-01
2.117699230363430385e-02 1.073155510855709066e-01 2.511956183101818896e-01 4.348462716784314841e-01 3.089657405135834423e-01 3.713464235794260437e-01 6.035700149247722468e-01 5.563748166676374396e-01 6.584010870866204845e-01 6.235653174320888725e-01 1.000000000000000000e+00 7.266595092963763491e-01 6.264358279022524956e-01 6.420041853651607955e-01 7.380630405582122577e-01 7.133078340981606758e-01 6.587058702960997270e-01 6.658259580900043328e-01 7.023606039066008222e-01 6.043862910585949821e-01 6.717579394210988486e-01 7.134720736231473515e-01 6.876510194089987538e-01 6.720748403177692065e-01 7.101674431403850463e-01 7.385646496542010997e-01 7.366223158697481344e-01 7.119713081389672515e-01 7.047843987897347562e-01 7.365873987589810490e-01 7.706929673013670490e-01 7.412550126492999381e-01 6.948058660081385396e-01 7.155280885260540957e-01 7.163717665240614263e-01 7.163815416696450722e-01 7.472217750687478732e-01 7.321252138120131203e-01 7.463371352003426162e-01 7.161174595866720560e-01 7.613019077559396441e-01 7.560977162513716765e-01 7.419491207732947791e-01 7.665266804640189502e-01 7.650061216130680242e-01 7.612179308786610754e-01 7.678831026967087858e-01 7.700443235916030194e-01 7.701587458996290714e-01 7.429945042035698277e-01 7.638299767346001801e-01 7.229182956576696295e-01 7.507452560572079880e-01 7.670055912684237143e-01 7.599646506817282487e-01 7.672954191588082784e-01 7.539068944360345359e-01 7.672998319627873931e-01 7.655175559066655921e-01 7.666532054668347973e-01 7.674798774699351789e-01 7.653866373899360642e-01 7.605392635471084350e-01 7.641059005520148828e-01 7.568773683681971898e-01 7.615511760448822054e-01 7.707312245852977473e-01 7.755894772870998155e-01 7.730215728621493421e-01 7.703623988003929224e-01 7.766702822455123778e-01 7.751524685815288640e-01 7.661245363324776791e-01 7.728374951417377181e-01 7.787728195581077317e-01 7.774676112612719514e-01 7.722890755706565136e-01 7.640401463735174703e-01 7.699218564172898294e-01 7.720816559769230203e-01 7.733739276286698550e-01 7.761407882129730540e-01 7.723509205850001003e-01 7.636995993600391719e-01 7.650497520850340072e-01 7.696506261672098059e-01 7.705089968730549632e-01 7.710600085044712060e-01 7.701430469390412314e-01 7.731753731768267190e-01 7.676300471465058450e-01 7.713885305649839097e-01 7.723633531504425775e-01 7.711779749651026528e-01 7.720276888468786680e-01 7.724033557074282408e-01 7.559966897336667380e-01 7.599571901951559516e-01 7.696420198915397970e-01 7.684989019649995923e-01 7.659244236112596749e-01 7.692410873588507725e-01 7.690605077689985913e-01 7.726798002786580133e-01 7.688558108494282228e-01 7.620317088587106324e-01 7.710591303415365028e-01 7.715010914793506425e-01 7.706355811839720182e-01 7.708431913685470649e-01 7.707781203169826734e-01 7.719427676027119656e-01 7.689835551484093257e-01 7.692298720847532412e-01 7.663171855542282307e-01 7.684198032559617086e-01
1.274315755773901444e-02 1.137360270697396619e-01 2.930243076408250436e-01 4.911376048015540507e-01 3.649857818603596260e-01 4.476240148481172021e-01 7.106107738430986753e-01 6.516971154031154789e-01 7.577972255719338524e-01 7.076077314593718359e-01 7.266595092963763491e-01 1.000000000000000000e+00 7.344309411598498594e-01 7.389517207793888653e-01 8.598520986452786730e-01 8.377846584359976978e-01 7.665521595477595707e-01 7.357878834981775862e-01 7.893749237332393642e-01 6.872615934409691540e-01 7.622945918268027032e-01 8.141402142886317028e-01 7.680362019312572119e-01 7.452617802005364611e-01 8.122559572176378806e-01 8.305333563821596377e-01 8.398418782546831496e-01 8.299709038214347911e-01 8.105226971216028531e-01 8.323188051670442622e-01 8.767114634141470741e-01 8.470392741194402442e-01 8.036956600701895548e-01 8.139281148894166318e-01 8.115031787257452889e-01 8.211882648194815948e-01 8.505761729713331443e-01 8.516815678092921615e-01 8.547096360128317860e-01 8.382899450036701561e-01 8.844322015032423101e-01 8.833853372327076237e-01 8.610406628824351927e-01 8.897358814048278441e-01 8.807032846098004075e-01 8.843754211215437699e-01 8.895132604389909270e-01 8.900261154808000175e-01 8.829745264453903175e-01 8.567490984821093392e-01 8.832915320712054763e-01 8.385857799190453710e-01 8.669639134449906859e-01 8.781301563361552098e-01 8.728910777708722701e-01 8.776765947319677963e-01 8.655418379192683087e-01 8.846987098258008997e-01 8.838547987926048677e-01 8.838295514986543866e-01 8.848640119457449327e-01 8.789895715215499949e-01 8.756771607105592325e-01 8.780030992838303572e-01 8.792554201752019738e-01 8.800203228945320255e-01 8.879819110123515769e-01 8.874855101972942695e-01 8.817244649693498637e-01 8.864701890587157740e-01 8.928609384310614017e-01 8.922267492586870574e-01 8.746583111753948314e-01 8.869254683019831553e-01 8.934453980281668040e-01 8.918544363784763895e-01 8.937293637459982065e-01 8.855439050837526915e-01 8.890398829278690629e-01 8.875264506178319746e-01 8.892210429109524972e-01 8.921348954722538860e-01 8.851457601112658891e-01 8.844620435222761978e-01 8.825180397291955137e-01 8.812008370079442710e-01 8.872288625935060846e-01 8.914893394949425787e-01 8.887233255376223440e-01 8.879970605888397595e-01 8.908499319303816444e-01 8.951923155741859928e-01 8.927712568808940929e-01 8.931875842825983680e-01 8.912418753730489973e-01 8.921239603163931831e-01 8.778304246941728284e-01 8.756045319942833416e-01 8.861187169514498363e-01 8.898753601973337091e-01 8.861753913332128807e-01 8.867318618983216494e-01 8.856530382982685801e-01 8.922142388796308055e-01 8.882934847141377155e-01 8.803575487252890408e-01 8.886660336510689984e-01 8.908759122829162935e-01 8.887058616080796281e-01 8.903398926639762845e-01 8.891176259176106766e-01 8.908427910954869189e-01 8.880068137174196297e-01 8.873745915993511701e-01 8.859280773274175180e-01 8.860134647519803952e-01
3.379158053576852144e-02 1.096805893867433962e-01 2.523706334786728345e-01 4.414579428826627128e-01 3.344052212318031625e-01 3.920595951865765705e-01 5.990812788028009317e-01 5.912684573416704392e-01 6.897770847266684324e-01 6.372028807190399657e-01 6.264358279022524956e-01 7.344309411598498594e-01 1.000000000000000000e+00 6.391040202093588585e-01 7.671863663386274679e-01 7.607222280767955702e-01 6.823419800364141086e-01 6.543893118034992407e-01 6.971329156780657899e-01 6.178204233936790413e-01 6.950628697368634867e-01 7.381269062832962469e-01 6.728249026921220288e-01 6.655362522749026510e-01 7.285100504067857363e-01 7.419441148966269273e-01 7.369686950486703525e-01 7.126985215793031347e-01 7.043171725269360417e-01 7.320186481109854926e-01 7.632670493385567134e-01 7.423833329743261267e-01 6.772871809364661155e-01 7.113400403775089753e-01 7.075773815840625813e-01 7.256287348767025414e-01 7.507469322845162774e-01 7.281839832527857714e-01 7.410235443201799166e-01 7.095287215718099061e-01 7.767405627517270927e-01 7.695944161434497000e-01 7.612236253898478910e-01 7.841554165373508800e-01 7.697219729248659936e-01 7.685836150917085829e-01 7.891329567642799692e-01 7.906564800981448204e-01 7.845395971573769778e-01 7.478268200254420961e-01 7.717533883596979782e-01 7.431254892510807952e-01 7.725724785727591248e-01 7.864053288870459513e-01 7.775311920435606927e-01 7.694916030905949444e-01 7.719738657107191315e-01 7.824525803345289132e-01 7.820824269465603829e-01 7.963835163656842742e-01 7.921913391696189244e-01 7.862413527742052599e-01 7.760302131751064536e-01 7.821278737514337775e-01 7.884852263509817272e-01 7.885651578647330240e-01 7.904945287147883137e-01 7.853300206538278427e-01 7.816655783540543689e-01 7.914291188783845188e-01 7.962956347157545967e-01 7.914074342384207483e-01 7.771155967457864522e-01 7.856931166366619701e-01 7.917281676196628037e-01 7.865089363045545401e-01 7.837055756550465047e-01 7.802754339261575023e-01 7.816760183418092200e-01 7.876888801006750596e-01 7.827202220786482201e-01 7.922361622624800592e-01 7.848078862936082034e-01 7.738506401569104076e-01 7.712832391916119024e-01 7.773202933302251205e-01 7.868129869283952971e-01 7.826999537026981812e-01 7.822376631212510922e-01 7.849221419765094465e-01 7.751941996732854001e-01 7.866516515431227763e-01 7.924553597079796452e-01 7.870122194176849550e-01 7.899999872636234155e-01 7.920430679737500146e-01 7.668026046307296895e-01 7.781475843043178520e-01 7.868941535577747004e-01 7.833502227201241119e-01 7.824471946676345713e-01 7.871543428763990713e-01 7.893017212366206792e-01 7.925863651996514214e-01 7.888496840399655818e-01 7.824798696877311999e-01 7.881991569981461332e-01 7.916847603886214557e-01 7.904501127142191663e-01 7.891502491203543634e-01 7.872269469543085041e-01 7.967716143708793997e-01 7.887357781128326861e-01 7.900974169181456119e-01 7.881805930908810653e-01 7.914978697202368352e-01
