1.000000000000000000e+00 2.389524627264825452e-01 2.031025004077708918e-01 -6.205853809567741380e-02 -1.691400430981854566e-02 -2.530564976287225099e-02 -3.644548861668031603e-02 2.923666339156664670e-02 2.061406760593635645e-01 1.367875029093381656e-01 5.718218270169451306e-02 -4.884901867103461776e-02 2.812299608153942879e-02 -3.119648876605074853e-02 -3.211236945602913284e-02 -5.706121861951274354e-02 1.429305959406807491e-01 2.324416543271855817e-01 1.493668679553839251e-01 1.903451095770368751e-01 1.114238998459664703e-01 1.137441780070091724e-01 3.201775299837083533e-01 2.395552247156326475e-01 1.989799462557574061e-01 2.072193064715028843e-01 1.568131079337231337e-01 1.945250445683008589e-01 2.518841810950174231e-01 2.388517979191867036e-01 1.869346736247199103e-01 1.684917760851314672e-01 2.218671516097157348e-01 1.557719858044316064e-01 2.000422767339344876e-01 1.207311247332396031e-01 1.817406819796698603e-01 6.647211672402447702e-02 7.502351404150386927e-02 8.563796719020626280e-02 8.240085490395951395e-02 6.123414806276229749e-02 9.680890259108570692e-03 4.871396865070006660e-02 8.164836553437422595e-02 5.011485830231957039e-02 1.764163425401767474e-02 4.972071269950664035e-02 2.462921570206062435e-02 8.188568121559353097e-02 4.875512628583120872e-02 2.897519773301236376e-02 1.877260640795878552e-02 8.739552637276680469e-02 9.561812216322183866e-02 1.386502252243062838e-01 8.194271355210501484e-02 4.756777431873238787e-02 3.495029884681472021e-02 3.917699250090376367e-02 2.824317052030230965e-02 2.249224150752210036e-02 6.714242762240992153e-03 2.577046013564636764e-02 8.718818041521600448e-02 6.445961500599399485e-02 4.100646843115353379e-02 7.081600020119524497e-02 1.225541758877080195e-01 7.579042864665755386e-02 1.543573116229640836e-02 6.602022549032859899e-02 9.918860607287856290e-02 8.174885492681444044e-02 6.554875022539095875e-02 6.237321480972986970e-02 6.709931718423831071e-02 1.199736283020687855e-01 5.985850340024662791e-02 9.437707924215001098e-02 8.573315214252133498e-02 7.187015677502262001e-02 9.922791394576056800e-02 9.841169340960438661e-02 6.303274035272894704e-02 6.664102255981758927e-02 7.211874351309201236e-02 2.238970424691110947e-02 3.981159324230783281e-02 8.711907866446864934e-02 5.155069112047826196e-02 2.744683723331176745e-02 3.145889431186145446e-02 3.231167614612916184e-02 4.029590582967477672e-03 1.896848426205970800e-02 4.158493058405307585e-03 3.366964687380245846e-02 1.535266912856219149e-02 9.298767160002855900e-03 1.898185465989767973e-03 7.074547853057262456e-03 1.630568381987262602e-02 1.239901805677328869e-02 3.557565201979721176e-02 5.828713248195539071e-02 2.519102515588156344e-02 5.456251265576710779e-02 5.384742652923749096e-02 1.642358324038957831e-02 2.064353874498045874e-02 2.350861590683336541e-02 1.264236416435169860e-02 1.344155141603127143e-02 4.313532200417947299e-02 3.651196337613528409e-02
2.389524627264825452e-01 1.000000000000000000e+00 1.906837967434648617e-01 1.620852049216509397e-02 5.543919836452682742e-02 1.068993528072436361e-01 1.176040512688363016e-01 1.233525050155666325e-01 2.699487697275538833e-01 2.645100263728287215e-01 1.873744838291408477e-01 9.062580038614867495e-02 1.474461313980636734e-01 1.054271101964537743e-01 1.278879821951517670e-01 1.199614299307658061e-01 2.141195048144412805e-01 2.635141131787916979e-01 2.128320276908199638e-01 2.386932776477432294e-01 1.717718363520641667e-01 1.721467547780501095e-01 3.395326560040213271e-01 2.625583693392000706e-01 2.301703187613030333e-01 2.838427655463720001e-01 2.506478578441672656e-01 2.684677069214213563e-01 3.215850774498596465e-01 3.033944928125721363e-01 2.780584383795246528e-01 2.706596297428850439e-01 2.957783461414095760e-01 2.717450346789386795e-01 2.868659218771407171e-01 2.228905026277522572e-01 2.552485502951680751e-01 2.220923743674132755e-01 2.169524127076346010e-01 2.117906894015690877e-01 2.106319959101463912e-01 1.943546979496851568e-01 1.583270488767926643e-01 1.859793019546494841e-01 2.030502168037563449e-01 1.989737955382658019e-01 1.637344798001776347e-01 1.848292165686684085e-01 1.655090169402714806e-01 2.004155838226922837e-01 1.866501207795062678e-01 1.278736735797584845e-01 1.478637637312190112e-01 2.088561623760585850e-01 2.245927794462338201e-01 2.531065067687954806e-01 1.927690625389884560e-01 1.881431886077617188e-01 1.848149206711654502e-01 1.633630669854563011e-01 1.676044204668025728e-01 1.676738966615865523e-01 1.665801716428304824e-01 1.643472848772569717e-01 1.867014539469091239e-01 1.830579054941190997e-01 1.774632668580697903e-01 1.974974428727175879e-01 2.410151331766158533e-01 1.993927729167921381e-01 1.471404568754169639e-01 1.898687782276858860e-01 2.187018300657712355e-01 2.019365575600653717e-01 2.002740422958963484e-01 1.972552653025687885e-01 1.983705273977510175e-01 2.396467733601137795e-01 1.974436676822657888e-01 2.282543921786197028e-01 2.106342102180016052e-01 2.106068212220416069e-01 2.250685896135244113e-01 2.296427458783760200e-01 2.095780087816372650e-01 2.045771916636296983e-01 1.990255126592656576e-01 1.797342112515037671e-01 1.879463275026667934e-01 2.198528170510045399e-01 1.893333241414726642e-01 1.755701937089341746e-01 1.760709192711773508e-01 1.784485146680547252e-01 1.590365518682346768e-01 1.661644410489474810e-01 1.594274681636670132e-01 1.558104729011367817e-01 1.627871798040543549e-01 1.630376992859218221e-01 1.610844453605504989e-01 1.649599030009618883e-01 1.530781268448349608e-01 1.600661813515989185e-01 1.684470876479288726e-01 1.879398882492239742e-01 1.673043331585359894e-01 1.943349198144993795e-01 1.949154069922935939e-01 1.648303171572340631e-01 1.730739925915142363e-01 1.653027807764800849e-01 1.639821384453625519e-01 1.579988655479256376e-01 1.702344412087516135e-01 1.667176603179124916e-01
2.031025004077708918e-01 1.906837967434648617e-01 1.000000000000000000e+00 2.671252057303650229e-01 1.892816402328241776e-01 2.503813900689516037e-01 3.189356091229582080e-01 3.223424428772395656e-01 4.074755406414266590e-01 3.805022836227765493e-01 3.875801681153215883e-01 3.387617765564652217e-01 3.264944936241310214e-01 2.588864991518800007e-01 3.478371698653712762e-01 3.278362450971453734e-01 3.975850104206366531e-01 4.183269807560015541e-01 4.085637134305165619e-01 4.085014149440758802e-01 4.020656772877315710e-01 4.174570489644282012e-01 4.388653628936938222e-01 3.973946965121060715e-01 4.082547138292914046e-01 4.760769408271550152e-01 4.454160330180548244e-01 4.680085360214163992e-01 4.771460102524409663e-01 4.657258531225241804e-01 4.515054820581476114e-01 4.405059412909414496e-01 4.472934563790955664e-01 4.265841420759040603e-01 4.453282903459850339e-01 4.175287220460216497e-01 4.217457341157006545e-01 4.204816097533683461e-01 4.030039483922210342e-01 4.216326494755958665e-01 4.064238288391210929e-01 4.079923827893909838e-01 3.816177056401504064e-01 3.994719466291102306e-01 4.103767914650104931e-01 3.978960571310745098e-01 3.701290406898837260e-01 3.821673095749914539e-01 3.751501220756922605e-01 4.041614345496784000e-01 4.024465893027730501e-01 3.752347776316523609e-01 3.746303214988952468e-01 3.982076898796120812e-01 4.131652156750413307e-01 4.389510711123087994e-01 4.078183928172580131e-01 3.930502644744673924e-01 3.896233077504111519e-01 3.783674932534245583e-01 3.834471438850866609e-01 3.772932911882763141e-01 3.771395006732161659e-01 3.803903659392403602e-01 4.006229638526723202e-01 3.941552560320603638e-01 3.844091728269186659e-01 4.042348924335151805e-01 4.213230772931086388e-01 4.159714737369606952e-01 3.833266579349754455e-01 4.062720031613489824e-01 4.100879220877601816e-01 4.035586795785843228e-01 4.062154290589720107e-01 4.041901587394897688e-01 4.088894981281274155e-01 4.328398424726396798e-01 4.083881091268511399e-01 4.178614768706588878e-01 4.120573925260067605e-01 4.099475563288123570e-01 4.173790926620796204e-01 4.165188077067010775e-01 4.018384033973733116e-01 4.002263655109274398e-01 3.995740776416608631e-01 3.922640108386866720e-01 3.897544807124646016e-01 4.150349264139429062e-01 4.057996474230473605e-01 3.870768895896977702e-01 3.879223780161025203e-01 3.900494737406548507e-01 3.682028664489727099e-01 3.722088677996576722e-01 3.811154483041481189e-01 3.798084828908711019e-01 3.759602169397988636e-01 3.815654539500319964e-01 3.780984867095629753e-01 3.814287651958930270e-01 3.708398455078698031e-01 3.770667362185249338e-01 3.886636696854314788e-01 3.974275534738775928e-01 3.780366394877460179e-01 3.885047663301146037e-01 3.976891540613228804e-01 3.744768073784786044e-01 3.869532146490473057e-01 3.754765901928799332e-01 3.753396675150026396e-01 3.736540421532268952e-01 3.836166356354190898e-01 3.817157376215055686e-01
-6.205853809567741380e-02 1.620852049216509397e-02 2.671252057303650229e-01 1.000000000000000000e+00 3.908463966711017146e-01 3.797956047354462683e-01 5.914890484498812606e-01 5.770709248748097098e-01 4.405816746725854660e-01 4.147061724513004255e-01 5.244375955012063883e-01 6.432351866925148931e-01 5.099566016909363730e-01 4.395416921810174071e-01 5.901971344571742550e-01 6.058536575212997155e-01 4.511188517026314959e-01 4.837191527708452621e-01 5.138318504687219290e-01 5.337217861144875064e-01 6.053216117118768169e-01 5.852069205126314566e-01 3.268590170727255217e-01 4.392221504220439332e-01 4.742223034255062530e-01 4.749744364009576003e-01 5.008223840336271104e-01 4.604207188757051261e-01 3.759455711446216819e-01 4.102418508036470013e-01 4.486170746478264637e-01 4.939693258200529846e-01 3.560717505684380391e-01 4.520240623942931579e-01 4.055775771978694100e-01 4.977336111443875222e-01 4.871984794854011258e-01 4.880452069707555962e-01 4.821401738500916689e-01 5.531284774007241278e-01 5.268680805399358347e-01 5.400036995733851208e-01 6.017718908129778832e-01 5.506299259538588453e-01 5.417587206059881755e-01 5.024094938553520517e-01 5.329505451414765504e-01 5.223510383026990223e-01 5.424525813291337650e-01 4.882616752819069483e-01 5.336177593298576660e-01 5.954833413261900743e-01 5.654336505061594575e-01 4.896338688021492080e-01 4.952530403983620988e-01 4.950844943660105968e-01 5.157755460033758288e-01 5.259634558807479987e-01 5.293824340143475915e-01 5.447626105250116257e-01 5.568481399816541666e-01 5.291914971985151039e-01 5.452424070411960866e-01 5.297077575846022013e-01 5.185107692847118477e-01 5.330455400338663940e-01 5.158329947972111196e-01 5.354410020888040744e-01 5.037230293666082881e-01 5.789005324656729679e-01 6.106618537368934119e-01 5.511122916398772942e-01 5.405581108123147516e-01 5.523962513392868257e-01 5.269778195199837922e-01 5.288651769504791877e-01 5.283601552560963643e-01 4.764568006419039325e-01 5.387588518292255602e-01 4.954633154957421293e-01 5.094759503619701313e-01 5.098664499509896197e-01 5.073793187640931457e-01 4.787926180293704537e-01 5.110315448494726631e-01 5.241307831764471237e-01 5.300149489890959575e-01 5.407512295561894833e-01 5.297971354304226166e-01 5.087743926537319217e-01 5.446297976206192493e-01 5.439441438509460269e-01 5.468665328659526592e-01 5.404325659687704286e-01 5.386908690591516446e-01 5.284210357553010828e-01 5.773051825940014314e-01 5.486528218066160090e-01 5.579357096330557209e-01 5.711544509142261195e-01 5.792370840257211606e-01 5.617200432450714098e-01 5.591163080484869985e-01 5.563067587231453892e-01 5.605056574282871740e-01 5.384116851955335070e-01 5.461875209310421697e-01 5.013460647751369903e-01 5.231796682985625502e-01 5.417405245759630006e-01 5.518222355000906854e-01 5.409875690756811295e-01 5.461019891795466652e-01 5.455468849079958549e-01 5.253619459857015173e-01 5.437789056960633527e-01
-1.691400430981854566e-02 5.543919836452682742e-02 1.892816402328241776e-01 3.908463966711017146e-01 1.000000000000000000e+00 3.309407583757256188e-01 4.877079335284937867e-01 4.484977944682910223e-01 4.310262790378192599e-01 4.041832522356296753e-01 4.615880887625762319e-01 5.021891781854708192e-01 4.721448830163640364e-01 3.670555656200600869e-01 5.139862705673595711e-01 5.061578310707989248e-01 4.212507254712228866e-01 4.088296887428713999e-01 4.390651271027400382e-01 3.901915434652415415e-01 4.220207952101860394e-01 4.238184103953502313e-01 3.555206326304605202e-01 3.734761401277104098e-01 4.037107305053243556e-01 4.492364794657204841e-01 4.571294775077880956e-01 4.497700016998177341e-01 3.934019425499429845e-01 4.185730126598090073e-01 4.421199216302289514e-01 4.525765429488629032e-01 3.922009755288661248e-01 4.374781133861185278e-01 4.159536219404257329e-01 4.530034798340131785e-01 4.445719594264005980e-01 4.673463029423134407e-01 4.718754340762013055e-01 4.716425136788044425e-01 4.841656873506380854e-01 4.911435485321342664e-01 5.054498035909283926e-01 5.025311767414225583e-01 4.878925734251697288e-01 4.847537962124292554e-01 4.938335218679205663e-01 4.919414315368828561e-01 5.011065245293199188e-01 4.708101983388410239e-01 4.892233533952464741e-01 5.107651354956957990e-01 5.039398054686081707e-01 4.764135321895350272e-01 4.719597305128701015e-01 4.688478041324781742e-01 4.730760964447546790e-01 4.886433856783238272e-01 4.822876120743715966e-01 5.009889589926780351e-01 5.037263305955794745e-01 4.852286460738927110e-01 4.853987367937218078e-01 4.919615393916392798e-01 4.841033316730456448e-01 4.951855331498120627e-01 4.863707969588788593e-01 4.873917912351505288e-01 4.759922889949640967e-01 4.952505119495924646e-01 5.022499000493897414e-01 4.946797457606199044e-01 4.809042120374853457e-01 4.875520876046317009e-01 4.935359252415499887e-01 4.917621245980230427e-01 4.956524720379725801e-01 4.708698980062976380e-01 4.983518781284683730e-01 4.791879205941470543e-01 4.856337410320621939e-01 4.860298034950112367e-01 4.779602544439858769e-01 4.774991445916643151e-01 4.843419189366433564e-01 4.899179189233730525e-01 4.880197849606932592e-01 4.956851393007516426e-01 4.927844867328851630e-01 4.826424176539412247e-01 4.923170832013624154e-01 4.987355592542670468e-01 4.948174259526393892e-01 4.984247925899698561e-01 4.965019288098413419e-01 4.944608837573617466e-01 5.023817511923236445e-01 5.006028945256992824e-01 5.042489843141584327e-01 5.049433162351942839e-01 5.106793366877729889e-01 5.000833114204347174e-01 5.024232443072972343e-01 5.030384186454268658e-01 5.079513706115612592e-01 4.859557368219401541e-01 4.985136005223050337e-01 4.857494348904330961e-01 4.908220525433761861e-01 4.968892675582992635e-01 4.929394065939983194e-01 5.000408747667631770e-01 4.963615314675194345e-01 5.016554886056059370e-01 4.919499380804492339e-01 4.991029207971945381e-01
-2.530564976287225099e-02 1.068993528072436361e-01 2.503813900689516037e-01 3.797956047354462683e-01 3.309407583757256188e-01 1.000000000000000000e+00 5.422380325375170118e-01 4.891730716040084692e-01 5.228763863863309380e-01 5.047843420502049483e-01 5.584339708509542533e-01 5.764018350051799411e-01 5.414483560443532628e-01 4.709326591919749116e-01 5.900833492542615355e-01 5.764732124013853820e-01 5.456223643167685822e-01 5.003209788330390539e-01 5.519799319665673609e-01 4.631163504340672921e-01 4.857730626179564970e-01 5.296433560043931621e-01 4.638650344560201755e-01 4.743158571498701237e-01 5.050072270556398291e-01 5.658672593354361346e-01 5.850473416985945141e-01 5.673769322734951714e-01 5.190991993407956251e-01 5.490441773184708829e-01 5.748720619720145697e-01 5.826117378834143601e-01 5.263528461775509593e-01 5.625373403929517790e-01 5.450712691895974737e-01 5.692785730212002182e-01 5.692990858498048201e-01 5.864096776408573852e-01 5.929950584560825799e-01 5.998899906865096110e-01 6.057606886357962406e-01 6.071949493012329668e-01 6.006802017266906768e-01 6.133546409683066081e-01 6.053173311785511324e-01 6.024417811448581350e-01 6.072666101336008371e-01 6.054868966703672584e-01 6.067833300672339503e-01 5.826451936100149886e-01 6.031922356683271369e-01 5.966216954051801746e-01 6.068863177345502624e-01 5.975459731609317204e-01 5.979419847168213620e-01 5.979439293336649142e-01 5.955913465264640605e-01 6.007851703650081143e-01 5.999256809686034364e-01 6.069089917912665610e-01 6.097688239641196883e-01 5.997889280581584215e-01 6.023788467065812613e-01 6.022081155606850977e-01 5.995761716723159163e-01 6.078996088653395580e-01 6.089546995776213834e-01 6.080201803772478097e-01 6.014366188815756242e-01 6.064511651415928073e-01 6.118280331934837779e-01 6.152825008480266034e-01 6.000185659633543445e-01 6.031708026426414460e-01 6.126792528834894558e-01 6.090283603044184257e-01 6.107773219233625372e-01 5.954744723611399282e-01 6.084908404592094255e-01 6.031324584413871870e-01 6.066154077788752375e-01 6.086698189072088372e-01 6.045586557926664328e-01 6.001145875401067142e-01 6.080013611293901832e-01 6.096458658302029709e-01 6.110396764411321069e-01 6.131892918504978640e-01 6.137953645032875327e-01 6.070888069132349685e-01 6.140919635033834645e-01 6.158986759819126133e-01 6.144418976305412450e-01 6.148414241499264854e-01 6.115292163160841454e-01 6.095943042012379465e-01 6.166187949849779582e-01 6.130036245929738614e-01 6.159780979699943648e-01 6.208335066798966739e-01 6.173424233537169181e-01 6.164768532294528924e-01 6.120187346684969887e-01 6.155983116612167017e-01 6.171474496455769954e-01 6.105868234551277141e-01 6.161833938241770836e-01 6.052429983356526488e-01 6.120406574346943795e-01 6.124307464705734949e-01 6.135080102979804106e-01 6.112493932965468169e-01 6.119096833286148396e-01 6.114547500277013325e-01 6.075725265821555476e-01 6.130387729443340650e-01
-3.644548861668031603e-02 1.176040512688363016e-01 3.189356091229582080e-01 5.914890484498812606e-01 4.877079335284937867e-01 5.422380325375170118e-01 1.000000000000000000e+00 7.205566341655651463e-01 6.951729452777440921e-01 6.648091904879455116e-01 7.530709952043848077e-01 8.287298227991064525e-01 7.358236150301821210e-01 6.154998452176617674e-01 8.611423331461109942e-01 8.308943739703933407e-01 7.047100073128710340e-01 6.681440039681298959e-01 7.243903793555365178e-01 6.400113224318695337e-01 7.051318608140880739e-01 7.152520617159258132e-01 5.628590588803094041e-01 6.109252724901488296e-01 6.578524997561246979e-01 7.332431486949746446e-01 7.554552570996543315e-01 7.269111712510283319e-01 6.349136257131515748e-01 6.779550352723131557e-01 7.307349203414424954e-01 7.560655129901684424e-01 6.469417008658918666e-01 7.285478428358518332e-01 6.842967944986340090e-01 7.504331917684918807e-01 7.357688056249112041e-01 7.828474607290201170e-01 7.903393219114804857e-01 8.001309010155351897e-01 8.066156078514968852e-01 8.230218032727807387e-01 8.445443221295944047e-01 8.292768780346903013e-01 8.101016983881359490e-01 8.131267517681909363e-01 8.226511544534350628e-01 8.161594551430885192e-01 8.218219467566205694e-01 7.663434467288849916e-01 8.102456085555895804e-01 8.174575424193920581e-01 8.296196114582643499e-01 7.930904277686100512e-01 7.899841449247660963e-01 7.812075038493027090e-01 7.903127850608218097e-01 8.151113078440878068e-01 8.133518920130917707e-01 8.254843713259485405e-01 8.285028207581407456e-01 8.187710333000075558e-01 8.221102741482458898e-01 8.172219472826571796e-01 7.940986420608029395e-01 8.133748775063384118e-01 8.147541751058263726e-01 8.159702207910468630e-01 7.888230114277673399e-01 8.258584741305718957e-01 8.433166489557123446e-01 8.205632650459052657e-01 8.023211190909477208e-01 8.079692406159083573e-01 8.158822560922935896e-01 8.148308358098009796e-01 8.152488013726348903e-01 7.724851646193954258e-01 8.216862153901640653e-01 7.888514554908795384e-01 8.009609602294883723e-01 8.047392021844333998e-01 8.007172036811414095e-01 7.818472977729586937e-01 8.061200547040591191e-01 8.138782332294867139e-01 8.118040664307165644e-01 8.307319086340847480e-01 8.260951762708673707e-01 8.033674569800036691e-01 8.257765752161452255e-01 8.300557095949456787e-01 8.298399237492086744e-01 8.309835177836665254e-01 8.273269436962776835e-01 8.237846380597451112e-01 8.364217608579799235e-01 8.200931850780355248e-01 8.355071257103932059e-01 8.418740316429753623e-01 8.473703764025158902e-01 8.353194575165817648e-01 8.331020956624409779e-01 8.359441683295600889e-01 8.322785244392614246e-01 8.132584045262571948e-01 8.279089176146492424e-01 8.078006498565111215e-01 8.167996438178591889e-01 8.295549409933486995e-01 8.325922294332609441e-01 8.291134514106519582e-01 8.320075280953049823e-01 8.301565309233409629e-01 8.151425961208709214e-01 8.240137609894939708e-01
2.923666339156664670e-02 1.233525050155666325e-01 3.223424428772395656e-01 5.770709248748097098e-01 4.484977944682910223e-01 4.891730716040084692e-01 7.205566341655651463e-01 1.000000000000000000e+00 6.620771033357922830e-01 6.123088877374273098e-01 7.001033434233291386e-01 7.635539532850057487e-01 6.797087980612818159e-01 5.554855494229880009e-01 7.720371135960940601e-01 7.601680167879271144e-01 6.657386109864108503e-01 6.365457372845365613e-01 6.808002277104625577e-01 6.192039514824343449e-01 6.656836317501896305e-01 6.788984657179142346e-01 5.451964220876238665e-01 5.799973207867886726e-01 6.202047052265429183e-01 6.952831256420126671e-01 7.072192122632534605e-01 6.832343002405569798e-01 6.029607995304665513e-01 6.454604780057305868e-01 6.867448340647965832e-01 7.117283835350173282e-01 6.111328071986722454e-01 6.822316924413125427e-01 6.492638719587706664e-01 7.110939522081095587e-01 6.918002145644602807e-01 7.283688834173629445e-01 7.281595185681629667e-01 7.453360260605756960e-01 7.453163714705844933e-01 7.605635315024382725e-01 7.759580719672313220e-01 7.670976959649653537e-01 7.491835190656649379e-01 7.410755492501562847e-01 7.519058777336776744e-01 7.488335317052909890e-01 7.572749357282394511e-01 7.182639982974654558e-01 7.567556894888927133e-01 7.513222399415668828e-01 7.568408179493900656e-01 7.295588542601171289e-01 7.309200868102457838e-01 7.309004443154406561e-01 7.328829748689184020e-01 7.483366584981407943e-01 7.537232380248455321e-01 7.563134752780229508e-01 7.659145858882888680e-01 7.459432792402188594e-01 7.540588090303993463e-01 7.532837112823429493e-01 7.402020827794897340e-01 7.481665785348435849e-01 7.466246457025169647e-01 7.508947840377352412e-01 7.336125645907244364e-01 7.639895999417438688e-01 7.753178925592767445e-01 7.573623687801210869e-01 7.424059806638044767e-01 7.444267947908431715e-01 7.520639994286167918e-01 7.482927553182527891e-01 7.471569846483988586e-01 7.137270625404892321e-01 7.490931595127567899e-01 7.268548938853180985e-01 7.365025776306024508e-01 7.397595182573775130e-01 7.410155355784545650e-01 7.237909837383906808e-01 7.425900977327186681e-01 7.502742550279858369e-01 7.476991047105765453e-01 7.608927830706028184e-01 7.557551704002896109e-01 7.428978044161286265e-01 7.550414066755940512e-01 7.611563486134924617e-01 7.588723844373331806e-01 7.584662152791277201e-01 7.552364281189446471e-01 7.522668942487630295e-01 7.709614980807988349e-01 7.536281808027713858e-01 7.659782418818508187e-01 7.720833534474924598e-01 7.735940285228336544e-01 7.661174312819808430e-01 7.625700355238289596e-01 7.655835386342042526e-01 7.649654367334697280e-01 7.481720811638409296e-01 7.610770535886082211e-01 7.414535657399997648e-01 7.507450255994957411e-01 7.589084819567361029e-01 7.629049922784684190e-01 7.574832800173026959e-01 7.580137811650157209e-01 7.606210525770702446e-01 7.491892266603831230e-01 7.539258618709752113e-01
2.061406760593635645e-01 2.699487697275538833e-01 4.074755406414266590e-01 4.405816746725854660e-01 4.310262790378192599e-01 5.228763863863309380e-01 6.951729452777440921e-01 6.620771033357922830e-01 1.000000000000000000e+00 7.916984647123078700e-01 8.177938382448659560e-01 7.781171895689141804e-01 7.604188048799205291e-01 6.142549681552068597e-01 8.081002354321789038e-01 7.767538362306271038e-01 8.287251503596060331e-01 7.759511807840422382e-01 8.046468440563360192e-01 6.882430457455583905e-01 6.878299202752299335e-01 7.281476626509477690e-01 7.936445524094837278e-01 7.350554191021114736e-01 7.539124088331670137e-01 8.808455332546185623e-01 8.719908879826809844e-01 8.647721039800595477e-01 8.336609665900300836e-01 8.678126871677969145e-01 8.907904810918189087e-01 8.793228405756188248e-01 8.270247007846255327e-01 8.546820506454325672e-01 8.595695333434267837e-01 8.496898921769979740e-01 8.525621228374424820e-01 8.593920453997219155e-01 8.761208564605372784e-01 8.363969039082352896e-01 8.858423876496472893e-01 8.733551466856414036e-01 8.310938269377171617e-01 8.742668465494335406e-01 8.779685679158066858e-01 8.743086919299875026e-01 8.684323802250533131e-01 8.874410811623678619e-01 8.714966159102957022e-01 8.484685361709182194e-01 8.679851358532186811e-01 8.161572240384671328e-01 8.523136385389111780e-01 8.949784800452061928e-01 8.918690379721512240e-01 8.980127166593847576e-01 8.803396471011081248e-01 8.789317210570111172e-01 8.737442824307329881e-01 8.760568673408076767e-01 8.727429033882249110e-01 8.703488443269875585e-01 8.614139739972290766e-01 8.727223002702390042e-01 8.824857238597337838e-01 8.839885435394830848e-01 8.800213518418164016e-01 8.859829128866751891e-01 8.989300249130670606e-01 8.726951778222050704e-01 8.399902275662801676e-01 8.787360755947537516e-01 8.767473577816594643e-01 8.676751231376803597e-01 8.912943527952538192e-01 8.872801097612219579e-01 8.866224904272699270e-01 8.943486598934942133e-01 8.814387321246729412e-01 8.967724000175892884e-01 8.902904600155573389e-01 8.917012210442342157e-01 8.985285779524738725e-01 8.946808399265551159e-01 8.838243029293115782e-01 8.856624024528788608e-01 8.838671673377891391e-01 8.724239360991568049e-01 8.804668503546762004e-01 8.963930923068033074e-01 8.732964105116997056e-01 8.748076364575366748e-01 8.756282545980378362e-01 8.758715929293933167e-01 8.658758085850707387e-01 8.745384283295621897e-01 8.529478274121695680e-01 8.670380433810840337e-01 8.691514973496060614e-01 8.644480398471813265e-01 8.615197040408222318e-01 8.668908229710838853e-01 8.657625831987303400e-01 8.676072186546235354e-01 8.739788842108874301e-01 8.819158941891140913e-01 8.753297808945301739e-01 8.885493234463094359e-01 8.886114527642495764e-01 8.708039282512520796e-01 8.710756469453728723e-01 8.746033638815877698e-01 8.710010490496016278e-01 8.711052226568215540e-01 8.807981753261865387e-01 8.773075574313391467e-01
1.367875029093381656e-01 2.645100263728287215e-01 3.805022836227765493e-01 4.147061724513004255e-01 4.041832522356296753e-01 5.047843420502049483e-01 6.648091904879455116e-01 6.123088877374273098e-01 7.916984647123078700e-01 1.000000000000000000e+00 7.680718274551312508e-01 7.327000213531842387e-01 7.193430715373121398e-01 5.865918663105720299e-01 7.704928111016808856e-01 7.358398461125650325e-01 7.587357618630430345e-01 7.024591943598291754e-01 7.412331405014636054e-01 6.231039177066085566e-01 6.196584526009266680e-01 6.661287500075835366e-01 7.303613138916856817e-01 6.689897671197677642e-01 6.945625250813104445e-01 8.167457958355230918e-01 8.132885856580854833e-01 8.140993229067831072e-01 7.779820280585444392e-01 8.118054972518107260e-01 8.321764677041062486e-01 8.157674230225777645e-01 7.707291901035929760e-01 7.889958348359794593e-01 7.998395998092315828e-01 7.885777281364059199e-01 7.939672932759280766e-01 8.139585689387469625e-01 8.260384330362231520e-01 7.962847053057890978e-01 8.279681689873633621e-01 8.244335436228538150e-01 7.895298998137778579e-01 8.257610768835942361e-01 8.255838325970923375e-01 8.326561796523048731e-01 8.228687245784432891e-01 8.352845876766050726e-01 8.195562341932862704e-01 7.848746657639387170e-01 8.096050841460560310e-01 7.571719147318641818e-01 7.999142494847589768e-01 8.405087998169769037e-01 8.374356216984126799e-01 8.408603857419485461e-01 8.175753669160951143e-01 8.318467705159813264e-01 8.228424162696799105e-01 8.245297781117626457e-01 8.194404463931304061e-01 8.211768628114994861e-01 8.120155137869573547e-01 8.186661222069834265e-01 8.219864260724384364e-01 8.300440297904684295e-01 8.317801978147649766e-01 8.310190378648114606e-01 8.427610106532497092e-01 8.156887643020070966e-01 7.900023215828961831e-01 8.269870422200830129e-01 8.187943166792173155e-01 8.166315322573017843e-01 8.396755802182294115e-01 8.366206601374949203e-01 8.381559239475585565e-01 8.450946848915229515e-01 8.376398428801297147e-01 8.498646699967983276e-01 8.405415587681757117e-01 8.460139746366217572e-01 8.418122047777003569e-01 8.450836641666086280e-01 8.319491580080065063e-01 8.314727676698944192e-01 8.345663841004030692e-01 8.304137288040803755e-01 8.343159778831680251e-01 8.424050206315029099e-01 8.314683354770927570e-01 8.292518967697117827e-01 8.293552490213255135e-01 8.316265389042790668e-01 8.216477406909823422e-01 8.277634075573866435e-01 8.051472114835233063e-01 8.112493056799577884e-01 8.204082695284864446e-01 8.182821048784820750e-01 8.190794271898148571e-01 8.200603085244981827e-01 8.158786175767107629e-01 8.219407288522535548e-01 8.218925672577044317e-01 8.265630569071149569e-01 8.251638055816812312e-01 8.384994725794058246e-01 8.403045565149852569e-01 8.239340858692416614e-01 8.272112472260569893e-01 8.272586202582723480e-01 8.248495891829562554e-01 8.215922867446849853e-01 8.258260813555197144e-01 8.263308748453618291e-01
5.718218270169451306e-02 1.873744838291408477e-01 3.875801681153215883e-01 5.244375955012063883e-01 4.615880887625762319e-01 5.584339708509542533e-01 7.530709952043848077e-01 7.001033434233291386e-01 8.177938382448659560e-01 7.680718274551312508e-01 1.000000000000000000e+00 8.412476872965091168e-01 7.751485250423142404e-01 6.572818980872893180e-01 8.625037979673192412e-01 8.273882008719698478e-01 8.055057330545450922e-01 7.505453225587784827e-01 8.007800925402671632e-01 6.705640313635817806e-01 7.027459692089998988e-01 7.484031545467203506e-01 7.130364758589188279e-01 6.917355697847851204e-01 7.397581826916397318e-01 8.513219396285497398e-01 8.633198159260738747e-01 8.462804081160557601e-01 7.827414189097350317e-01 8.284040371983051321e-01 8.702914753197918962e-01 8.603089236853589394e-01 7.872500464608034321e-01 8.308664135329451028e-01 8.251181562760444566e-01 8.395943221913111376e-01 8.420910004331354504e-01 8.708091082462682264e-01 8.816734545051022609e-01 8.654131802697906384e-01 8.973316076039619116e-01 8.930348190307811906e-01 8.782953914109368210e-01 8.969148765298808890e-01 8.880981469916112703e-01 8.892858159272994945e-01 8.973704234329146212e-01 9.025507145077591442e-01 8.951796834793018798e-01 8.493721317391395020e-01 8.854080621659163874e-01 8.570588232926962258e-01 8.873362947384451083e-01 8.964476185578494905e-01 8.919133014437260476e-01 8.889586705296383951e-01 8.807715585865432129e-01 8.973972024748760878e-01 8.956188603024006767e-01 8.955369227259324383e-01 8.977632277690709151e-01 8.932436123707601094e-01 8.915516157238838613e-01 8.891003146543742242e-01 8.865575116432973246e-01 8.974969713991686193e-01 9.002294644110369060e-01 9.008264323857231304e-01 8.932528108555007895e-01 8.905521037485748526e-01 8.855879309759744356e-01 8.987229466664951039e-01 8.823642425978959203e-01 8.825242927427572326e-01 9.076250837957000606e-01 9.046922460378538089e-01 9.036022306148866479e-01 8.875839825783899961e-01 9.013056999335121722e-01 9.009827440832615109e-01 9.012287376613757894e-01 9.041724194124541869e-01 8.964793108020547852e-01 8.977656111263563332e-01 8.956899347859508254e-01 8.993162275837981445e-01 8.981600706288763725e-01 9.030620935662561077e-01 9.033284815714301974e-01 8.997737965461218845e-01 9.019582625445613511e-01 9.047641612977233017e-01 9.029568583439778751e-01 9.046890840111084797e-01 8.996653541656123299e-01 9.024083230907904429e-01 8.897327796933702793e-01 8.920025577731407473e-01 9.012175082122519942e-01 9.014696667946701103e-01 9.003708979008873126e-01 8.998354310503315912e-01 8.998162115729895216e-01 9.021478354044847325e-01 9.008501611356765082e-01 8.944753048659588313e-01 9.030331675930118873e-01 9.019870660602387069e-01 9.069765198190664623e-01 9.008427680152939487e-01 9.030328324242172799e-01 9.014009523312319638e-01 9.000553120035048593e-01 8.976275533122899386e-01 8.975165811051594167e-01 9.018719451312137148e-01
-4.884901867103461776e-02 9.062580038614867495e-02 3.387617765564652217e-01 6.432351866925148931e-01 5.021891781854708192e-01 5.764018350051799411e-01 8.287298227991064525e-01 7.635539532850057487e-01 7.781171895689141804e-01 7.327000213531842387e-01 8.412476872965091168e-01 1.000000000000000000e+00 8.024146874765910598e-01 6.734316052283862986e-01 9.103007061280026235e-01 8.943345203877346439e-01 7.946488644552854863e-01 7.107800435958109286e-01 7.856125542903319436e-01 6.635555565623743046e-01 7.470846126569817836e-01 7.732430795282022595e-01 6.074028067432422073e-01 6.431021591638603763e-01 7.105275095846245170e-01 8.023345532422013759e-01 8.345867340909443044e-01 7.949162369194597844e-01 6.946135063292360190e-01 7.498046381007531513e-01 8.158012110455852284e-01 8.238031106878227483e-01 7.035185056849864171e-01 7.841731989485274390e-01 7.572790516283659512e-01 8.265956604423165821e-01 8.044329279864207427e-01 8.552728328011736103e-01 8.666102907326453941e-01 8.647193796687930867e-01 8.893209082972408641e-01 8.986506531654000485e-01 9.125978402715400062e-01 9.118275109551067237e-01 8.924668561489303986e-01 8.896980848556743648e-01 9.165199401078409913e-01 9.085911134028322733e-01 9.173307732912584500e-01 8.439268743397249084e-01 8.981392493708152402e-01 9.004424195780632578e-01 9.198778157540320466e-01 8.845072139081026075e-01 8.787395982460127764e-01 8.584451213843810047e-01 8.876753258828994353e-01 9.053075670533997643e-01 9.094164415028664905e-01 9.199876958862703846e-01 9.219288153552372966e-01 9.145593133740619329e-01 9.175125042688047072e-01 9.114251244782519690e-01 8.911169703632547678e-01 9.095285421210314025e-01 9.083117075809591379e-01 9.005875423067793983e-01 8.686729206521432989e-01 9.011296755953950299e-01 9.267429730498820684e-01 9.074900860201593478e-01 8.754775016530734755e-01 8.879580769552635200e-01 9.058561994588798516e-01 9.062936359242032003e-01 9.035000642619070987e-01 8.570869288486101523e-01 9.043165980829476203e-01 8.787026211360685624e-01 8.887928034063430349e-01 8.963725533152497871e-01 8.836634793698878720e-01 8.707293045147936894e-01 8.898267741130041486e-01 8.953581559469520057e-01 8.977889905563863904e-01 9.149650725774307602e-01 9.106709456739722208e-01 8.869806629917451612e-01 9.063499796488619920e-01 9.186117438443980321e-01 9.180291014402489624e-01 9.166894819445645659e-01 9.220724636177870526e-01 9.187639402026971380e-01 9.199380903146380239e-01 9.153474083857386923e-01 9.248746423427848251e-01 9.291655529651432488e-01 9.306070391503169503e-01 9.253641842383236726e-01 9.268010408917898291e-01 9.264844291935544485e-01 9.217466242171478141e-01 9.055352370199178935e-01 9.221168539486359617e-01 9.003886550104091002e-01 9.074082529824490928e-01 9.226533140760093676e-01 9.218883086554866546e-01 9.220008814329280211e-01 9.240647556449645972e-01 9.223668410866735501e-01 9.115108713282800146e-01 9.203884236099991734e-01
2.812299608153942879e-02 1.474461313980636734e-01 3.264944936241310214e-01 5.099566016909363730e-01 4.721448830163640364e-01 5.414483560443532628e-01 7.358236150301821210e-01 6.797087980612818159e-01 7.604188048799205291e-01 7.193430715373121398e-01 7.751485250423142404e-01 8.024146874765910598e-01 1.000000000000000000e+00 6.290003677044405661e-01 8.334493640003599602e-01 8.116605694532338378e-01 7.598892473242701007e-01 6.935079062616666956e-01 7.538132081701314213e-01 6.278797954875363629e-01 6.569392949195898002e-01 7.038281194739207658e-01 6.580275556998508302e-01 6.525497219561763318e-01 6.905656001547996192e-01 7.833727478231822250e-01 7.984751181287353949e-01 7.813879029008790056e-01 7.047938029801448234e-01 7.573196599060302292e-01 7.961824514529226571e-01 8.033711036607038558e-01 7.179693148222626720e-01 7.745871404889844714e-01 7.597527895728730662e-01 7.981565989293175623e-01 7.896794752398919037e-01 8.066422384205064189e-01 8.289324859741188378e-01 8.111851078740948129e-01 8.393725733206792716e-01 8.434701218128966005e-01 8.352459082157136505e-01 8.524694785363189364e-01 8.443664912797610445e-01 8.417973830810510094e-01 8.523542232210352676e-01 8.534479112128535716e-01 8.491648936616941201e-01 7.956893182572256640e-01 8.282118096893793524e-01 8.180600416653954765e-01 8.389459267274620435e-01 8.405148349660652718e-01 8.305150149132481951e-01 8.304095583867233676e-01 8.214788571959300567e-01 8.448492886159949533e-01 8.370723368865542469e-01 8.555950808080952097e-01 8.521620434210193107e-01 8.415677275771575871e-01 8.384892310372856761e-01 8.453105818116355419e-01 8.417905076839499179e-01 8.484774354606868796e-01 8.544047221868550368e-01 8.500396711925739535e-01 8.400225173235634779e-01 8.385889903947475466e-01 8.423116658900128284e-01 8.516279419646372029e-01 8.345317563455956211e-01 8.375993648776166589e-01 8.542285677888885598e-01 8.520246595837235315e-01 8.505100232899863721e-01 8.267366404242203481e-01 8.495705733430516382e-01 8.439589203765438530e-01 8.474107786290379085e-01 8.508079607179788173e-01 8.464945911869589112e-01 8.422141399967704167e-01 8.441536183833509011e-01 8.496398465311866266e-01 8.542091554101720607e-01 8.519689366366803851e-01 8.562725008830572859e-01 8.471163630688736124e-01 8.501325270916849641e-01 8.567090878827826606e-01 8.577501607859084887e-01 8.570137924571478161e-01 8.541806065059749375e-01 8.563078885611531410e-01 8.466492699602868877e-01 8.460481346427990434e-01 8.567403803100483994e-01 8.561196662161123516e-01 8.577609201657199200e-01 8.538827116130720540e-01 8.543429178155791393e-01 8.585559780671371266e-01 8.577932662732747904e-01 8.434008108283539418e-01 8.549743760246237834e-01 8.520141612284030108e-01 8.539177283038743571e-01 8.548489826769670730e-01 8.530715522134246775e-01 8.577952391752131645e-01 8.548483461437601516e-01 8.559891630932464635e-01 8.544644715103035804e-01 8.550713251096984102e-01
