1.000000000000000000e+00 9.707466977355577731e-02 5.303659182702335356e-02 -5.983771130751524767e-03 6.284263719835310458e-02 -1.107372326445777658e-03 5.574650380653004000e-02 7.083899586741332355e-02 1.365193938858741962e-01 9.232396511071817857e-02 2.424129305295185874e-02 -1.716391125200345327e-02 4.630057453875092988e-02 6.963215668487827623e-03 1.314262467086856935e-02 2.834552316560014565e-02 9.927869465708681618e-02 1.506856926594833390e-01 1.380401185350003945e-01 5.085039731337774593e-02 1.350135865710837824e-01 1.505481272780994917e-01 3.424230478651601323e-02 1.360595478066543573e-01 1.412659242686236383e-01 5.869118783855940130e-02 6.692170783069767426e-02 2.666697228486865356e-02 1.337705752437913509e-01 5.722357443595416093e-02 5.758871580250263245e-02 7.283131795203905134e-02 3.866723543348023207e-02 7.526643582026622259e-02 5.867812572795691461e-02 3.191228453747831095e-02 2.757279580057639054e-02 6.019927338710455954e-03 3.939603981038079100e-02 -4.214408142753484077e-02 -7.010054030650247035e-03 -3.172641914765480728e-03 -2.279251768145179949e-02 2.043726858086277257e-02 2.982261448074507645e-02 1.638417597603827533e-02 5.849522212568307802e-03 2.630394490431473692e-02 2.358957951722619184e-02 4.402864026987677454e-02 2.384502898267582688e-02 1.922177970994803572e-02 1.336849031779445592e-02 5.672780906955503938e-02 4.630243243682983373e-02 1.510219821947803714e-02 7.571983451179786773e-02 6.525556402508375653e-03 2.861581251993219541e-02 3.744698676003040821e-02 9.111518296195976474e-03 3.060002005892464502e-02 4.414549129537975042e-02 3.248225381296103442e-02 6.085451320462537811e-02 6.211802351796948812e-02 2.711055349957855118e-02 5.657476407638074856e-02 5.100927844032263070e-02 3.085581051250643053e-02 6.451993389239801813e-02 5.342657582808816447e-02 5.287992788431465641e-02 6.250184029452739154e-02 2.333922776069438654e-02 2.952404111902538417e-02 1.949446057582056649e-02 5.988065019759614832e-02 5.154970470658121889e-02 4.770673908982565881e-02 3.245042077375216716e-02 2.689260969619504046e-02 3.880058236668474519e-02 3.973165605085775265e-02 2.666410897963343227e-02 3.975576159767733181e-02 1.986128705486592955e-02 1.389041255885863253e-02 1.862855543611616552e-02 2.509514102923929291e-02 -1.756226636668154276e-02 1.641517541072685243e-03 1.164623155529833330e-02 1.099611160458508104e-02 5.694345828667461001e-03 1.438422760168535722e-02 1.379210991384981905e-02 5.577625582316277780e-02 5.037399732996302240e-03 3.657469144137474957e-03 1.497561998461099508e-03 2.527670340591293627e-02 1.220341619445422868e-02 1.394705480188148349e-02 1.658292046395802577e-02 5.815221697907982379e-02 3.355634506933507372e-02 2.243105388373023423e-02 2.667261904689730706e-02 1.303820064556037751e-02 1.414579567525977785e-02 2.349243483006259112e-02 2.109691178035124487e-02 2.873217529933715791e-02 3.770261213890288565e-02 2.803961022390422456e-02
9.707466977355577731e-02 1.000000000000000000e+00 -1.125449340430213037e-03 -1.486347070721801868e-02 4.485834143908787319e-02 9.977068193234486793e-02 1.109156892459607774e-01 8.778236811122450134e-02 1.899273213560501994e-01 1.909925272297732513e-01 1.219429942562247210e-01 8.883339539246026817e-02 1.179613456775230884e-01 9.772428923211326501e-02 1.353366434846784427e-01 1.196934555470422074e-01 1.427810566416247429e-01 1.348280871867379438e-01 1.215026089131888559e-01 4.937290139148318990e-02 4.365037851226619831e-02 7.653223074687430516e-02 1.107677245369491775e-01 1.261303697545713143e-01 1.301983245842288639e-01 1.461574255974145420e-01 1.404661270955612773e-01 1.235287811353565496e-01 2.259867740804398784e-01 1.717894447787949863e-01 1.784869992095156899e-01 1.699581514258795834e-01 1.472120484605264068e-01 1.535426682134785059e-01 1.521108103125667632e-01 1.011458494097893096e-01 1.170534445761444442e-01 1.649157808175823747e-01 1.560734060846056814e-01 9.844573120364054353e-02 1.359949558343367393e-01 1.240387861352335447e-01 1.017998656276397490e-01 1.331028732653803670e-01 1.261776093911427532e-01 1.475714079541438073e-01 1.437591752997716688e-01 1.580573432142783619e-01 1.570001966813785732e-01 1.475005655728537923e-01 1.515822256346171515e-01 6.759712713954693641e-02 1.057683548405306123e-01 1.628221718702891896e-01 1.605834835022404150e-01 1.479191797205293146e-01 1.484351062857365566e-01 1.278561819898725860e-01 1.516424408590969775e-01 1.372325914578767792e-01 1.367721457623219394e-01 1.528306795434977994e-01 1.533730338707607610e-01 1.465478496741473846e-01 1.310169358973366505e-01 1.373454798635939111e-01 1.530462063055126332e-01 1.530852513846078511e-01 1.579268961382431224e-01 1.205099710281342384e-01 1.212834281775726358e-01 1.364822263661794877e-01 1.465777556587429253e-01 1.420836280178624234e-01 1.499245353749154019e-01 1.481109621281611055e-01 1.466500562795401419e-01 1.881969707172478634e-01 1.664975745506322713e-01 1.563541797958403756e-01 1.420255754570801110e-01 1.590835919035856749e-01 1.536297507572480792e-01 1.545125903751558005e-01 1.503218294891191520e-01 1.517220428751053507e-01 1.364427935607027687e-01 1.536499451015808093e-01 1.454368276122078862e-01 1.522911689196132512e-01 1.298006874097982211e-01 1.361230188050203960e-01 1.320888922586162806e-01 1.424691970489675996e-01 1.443976885356234585e-01 1.495411770608438273e-01 1.343184238547664999e-01 1.553002433207993360e-01 1.418254066402236946e-01 1.441823042298096547e-01 1.344202398422148781e-01 1.451117451059562025e-01 1.247821011706473915e-01 1.384526608797457536e-01 1.239702453315513903e-01 1.494316626823664340e-01 1.539362880539079381e-01 1.531685401404020153e-01 1.517982752311583250e-01 1.465870216063187292e-01 1.455530084083775655e-01 1.427927356580653284e-01 1.466215401657640360e-01 1.495161032668841095e-01 1.378744445218395287e-01 1.388273316513970734e-01
5.303659182702335356e-02 -1.125449340430213037e-03 1.000000000000000000e+00 4.242221037460434108e-01 2.793088337697222090e-01 2.647443424370388709e-01 4.429312856764857087e-01 4.473363653476008506e-01 3.211162008357971165e-01 3.312315736361818863e-01 3.990101752920907630e-01 4.574397778484550203e-01 3.744410185083252296e-01 3.470963324965826158e-01 4.167658376204755877e-01 4.325642076100933431e-01 3.336721229676565814e-01 3.878176377159929245e-01 3.896173994552468711e-01 4.161514330578687804e-01 4.762298486365551531e-01 4.312997385299161546e-01 4.229579363818626314e-01 3.985171359957002113e-01 4.180143767309033587e-01 3.940570229044842443e-01 4.124462465566191560e-01 3.866918221513113707e-01 3.197001486009279358e-01 3.663910677851215936e-01 3.829895315592231064e-01 4.020732498343166372e-01 3.880541679250192333e-01 4.134879531066293357e-01 3.754884646407380955e-01 4.480189182809146686e-01 4.216082426339082811e-01 3.773268795054157132e-01 4.020807931109441902e-01 4.194004306914449476e-01 3.950175425388597339e-01 4.024903517441371092e-01 4.387087128440675388e-01 4.058954850379857815e-01 4.109330773593428132e-01 3.855112708007421563e-01 3.777366028190966007e-01 3.646518589871446947e-01 3.815945308328426711e-01 4.143677439883329816e-01 4.006194203238869767e-01 4.292647047474600353e-01 4.160181455516578919e-01 3.690838716302728417e-01 3.825274380749260628e-01 3.931277750193332698e-01 3.925037696158216183e-01 3.845091048687805935e-01 3.745391417723442085e-01 3.914318784931293260e-01 4.057033714685411852e-01 3.744797379781011348e-01 3.878958304125756373e-01 3.841770287559690411e-01 3.873003336716667189e-01 4.012645836337899174e-01 3.654906901801827646e-01 3.922024792311391006e-01 4.009560217719944086e-01 4.362477452713365844e-01 4.260596642222026498e-01 4.060910390361329170e-01 4.061359464578012113e-01 4.127661146264122172e-01 3.857270841442935194e-01 3.885626078429402219e-01 3.814919512617467867e-01 3.598722166208673801e-01 3.811457654804109585e-01 3.743241578125133806e-01 3.990879547808081074e-01 3.763216869856276237e-01 4.066590862482845625e-01 3.829751586030643029e-01 3.999185232461298090e-01 3.998358652403118940e-01 4.007772043734658118e-01 3.839898454956438556e-01 3.908845610573369878e-01 3.888132290184622142e-01 4.035501244220623396e-01 3.872730578412231228e-01 3.958266174474961430e-01 3.860831121561991153e-01 3.685232850173614794e-01 3.694022925086742348e-01 4.079601785408168979e-01 3.884732346729771746e-01 3.902557531270221536e-01 3.938465519080226462e-01 3.996649238126325221e-01 3.876231409327488553e-01 3.902709433762517333e-01 3.919448528418871813e-01 4.041290630843371035e-01 3.875687649087823372e-01 3.755108567955219856e-01 3.665107288455833334e-01 3.827568222794200947e-01 3.741297027854643131e-01 3.833556917739162073e-01 3.789272594441686626e-01 3.800899989842633220e-01 3.795258477743002068e-01 3.808691099005582226e-01 3.864985194576128769e-01
-5.983771130751524767e-03 -1.486347070721801868e-02 4.242221037460434108e-01 1.000000000000000000e+00 4.019588809355545966e-01 3.899767775852217011e-01 6.118785291332479170e-01 6.667712380456521926e-01 4.517380055990943832e-01 4.346017665306705080e-01 5.764928537347427939e-01 7.126673910721385008e-01 5.566457385430183535e-01 5.155212421257969746e-01 6.058775684068262724e-01 6.684911585722498328e-01 4.722992959931114898e-01 4.747644942191436845e-01 4.548143737270490261e-01 6.369049355428688663e-01 6.457747214308345862e-01 5.408583104752664461e-01 6.078902111046031731e-01 4.864208074919375013e-01 5.018809875312795210e-01 5.604395753083948328e-01 5.582734875943237141e-01 5.646126568415263947e-01 4.146179473498454726e-01 5.148662888116661840e-01 5.498203167995878715e-01 5.575162003865730131e-01 5.472143143586459813e-01 5.713895743299447494e-01 5.213645004972315977e-01 6.585360225830186875e-01 6.265945820562052182e-01 5.432881393636254108e-01 5.693896782498388820e-01 6.270039150688545559e-01 5.751669450785703575e-01 5.817480546591128343e-01 6.631383118407686572e-01 5.846110201201804024e-01 5.887505520736467934e-01 5.600603728334233589e-01 5.547382232039989036e-01 5.283091255002382303e-01 5.693119164890138029e-01 6.175787922503196414e-01 5.871103192753609479e-01 6.454118391098467855e-01 6.221054326199703111e-01 5.342158779245885780e-01 5.521430748961183577e-01 5.749377409351298374e-01 5.836079093635572201e-01 5.543617432393476152e-01 5.426944168370830823e-01 5.700178853072173091e-01 6.106072930641157637e-01 5.490995918642350704e-01 5.764072318097331893e-01 5.737333285770782609e-01 5.637887610134658667e-01 5.959821578450641422e-01 5.242975033064943835e-01 5.286789001782459252e-01 5.558951931294753290e-01 6.515602006088655473e-01 5.909899874071398163e-01 5.532887978769414072e-01 5.565818279538603530e-01 5.492091968125617507e-01 5.488215976988636280e-01 5.568206090943216280e-01 5.521056007107020269e-01 5.016299613240393640e-01 5.279567252168643199e-01 5.363466048227059080e-01 5.715765809840894773e-01 5.393560210255441412e-01 5.836160963818696201e-01 5.494125588925752313e-01 5.826809886658510518e-01 5.679469185497491024e-01 5.810807111086995214e-01 5.506295661641555927e-01 5.649551907535730333e-01 5.529415266470378842e-01 5.883044085688212688e-01 5.617724534305722495e-01 5.720691326442457481e-01 5.588839365281703664e-01 5.436576895878498794e-01 5.404488598880105021e-01 6.042217375615188679e-01 5.786684208310777233e-01 5.757974567191948001e-01 5.775431493886453715e-01 5.901344840940165870e-01 5.699734162843936858e-01 5.796390725048748971e-01 5.720911512872293159e-01 5.994315794151535703e-01 5.653832757454471114e-01 5.496046955062581230e-01 5.323165973915637839e-01 5.511229347478668883e-01 5.467578847896534811e-01 5.598779332771512962e-01 5.540409222495626951e-01 5.576709824872304599e-01 5.578137970911120069e-01 5.492945635300083840e-01 5.796814612679097589e-01
6.284263719835310458e-02 4.485834143908787319e-02 2.793088337697222090e-01 4.019588809355545966e-01 1.000000000000000000e+00 3.149643699979699507e-01 4.909539930945659436e-01 4.904157231451041210e-01 4.479103845999159450e-01 4.023174628586634327e-01 4.866420848691498380e-01 5.260466101182699195e-01 5.047871518982096628e-01 4.726240951107627541e-01 5.250960968835137743e-01 5.329785797942940828e-01 4.220744138943696155e-01 3.725807961477908825e-01 3.912075241705497697e-01 4.024860078265323216e-01 3.981609108557449539e-01 4.464884791859675128e-01 4.397837752514203724e-01 3.934201620973944991e-01 4.236404857832913873e-01 4.954103637137776683e-01 4.767309110256013338e-01 4.623318712228119964e-01 4.204484283872544359e-01 4.616574338963841950e-01 4.960836984703252406e-01 4.771103337523029952e-01 4.648842098755922581e-01 4.909126267182500336e-01 4.739005331582204494e-01 5.199773046797726561e-01 5.154322147839958124e-01 4.858718060946410344e-01 5.050270704646456776e-01 4.901908138362475742e-01 5.052470372211519400e-01 5.053003443152259688e-01 5.243227479756707998e-01 5.112561732460031427e-01 5.138815472504321136e-01 4.994444826492597245e-01 5.028239446597716489e-01 4.972534819154469377e-01 5.013815428782572026e-01 5.065557412061241216e-01 5.034114409377834498e-01 5.090021554583844532e-01 5.135719587372413741e-01 4.975697942076195424e-01 4.997010710195792793e-01 4.980377752371191180e-01 5.000325557819224054e-01 5.020039310643386044e-01 4.908579748777542884e-01 5.174461313532258133e-01 5.219219885517568658e-01 4.985105837881184110e-01 5.047537873624793336e-01 5.041774209147292796e-01 5.032005274320491273e-01 5.160430773649862246e-01 4.957811301081194166e-01 4.901830034315408646e-01 4.987510350247242319e-01 5.182385983734580925e-01 5.108447804887470411e-01 5.053405456951476360e-01 4.964241212313317275e-01 4.950067427210216864e-01 5.051612657138120355e-01 5.016819873704242427e-01 4.953061765659462767e-01 4.820472512984630975e-01 4.997181929052522120e-01 4.972548055191476357e-01 5.119597744512091042e-01 5.039280831963359741e-01 5.115145555559480472e-01 5.007512085238328137e-01 5.126246185415896939e-01 5.115064302376679528e-01 5.172014215675716509e-01 5.050441075503845356e-01 5.136592012579361821e-01 5.079074289503420214e-01 5.086023397765911946e-01 5.064664421791159610e-01 5.113429586669527849e-01 5.120178797352361588e-01 5.022356952883643144e-01 5.038396963751942126e-01 5.154866187919959764e-01 5.081192895326854808e-01 5.183708754310359934e-01 5.130010817290893144e-01 5.203002094227143770e-01 5.126983134912518336e-01 5.138791140039734584e-01 5.154937562697190501e-01 5.190139622985449064e-01 5.089686602039640295e-01 5.063170997948591712e-01 5.005805509288057120e-01 5.082337327937022087e-01 5.030711484880651119e-01 5.082899098396073123e-01 5.091510616095651365e-01 5.109085930090868644e-01 5.127217425287755592e-01 5.091691095640570319e-01 5.148324510609051385e-01
-1.107372326445777658e-03 9.977068193234486793e-02 2.647443424370388709e-01 3.899767775852217011e-01 3.149643699979699507e-01 1.000000000000000000e+00 5.482942512960040649e-01 4.866297600303927662e-01 5.008045700691149404e-01 4.749228527738274530e-01 5.438106244332500117e-01 5.732036109488268805e-01 5.230407491098608697e-01 5.153610044618240904e-01 5.878022604043280364e-01 5.629235654004958178e-01 5.150110283912576747e-01 4.405732622242305996e-01 4.791716309404112639e-01 4.104230098261689719e-01 4.450247864225133632e-01 4.823176767666171316e-01 4.947063408201227142e-01 4.505483991546129219e-01 4.785368745920260403e-01 5.582607810625448419e-01 5.553598274771788246e-01 5.416448189470742802e-01 5.000957289534717631e-01 5.392998169483885773e-01 5.723201848559170690e-01 5.595000873934740104e-01 5.360773158340964573e-01 5.640893145141375742e-01 5.387774912140661510e-01 5.611319470861468872e-01 5.678165072205285657e-01 5.780147201994749739e-01 5.822453784146606193e-01 5.683266884934812246e-01 5.902399951631681629e-01 5.858649943172452579e-01 5.819427125944226509e-01 5.897095536181979902e-01 5.869601229723883096e-01 5.838102754854022081e-01 5.866696045297430384e-01 5.834058921032972966e-01 5.873351239308445271e-01 5.841565481405357474e-01 5.881989679555964523e-01 5.750989330317790582e-01 5.882833103129894159e-01 5.790299313513839197e-01 5.789662704512118507e-01 5.825539891741382537e-01 5.702843066544645012e-01 5.879207446791887559e-01 5.820627931474443573e-01 5.872023411677633753e-01 5.919826653830914109e-01 5.824770535916091729e-01 5.836129980624388258e-01 5.865556840045476061e-01 5.812223625507854097e-01 5.854587982312975392e-01 5.846203687968920537e-01 5.740145905147635563e-01 5.802726518179416315e-01 5.814513577430225899e-01 5.840366023923150296e-01 5.844242723477272028e-01 5.721732775197393428e-01 5.736327591911182244e-01 5.924179836273599786e-01 5.908454961143997375e-01 5.862178534134411256e-01 5.664380266445242507e-01 5.777697215943393694e-01 5.772325746642497091e-01 5.887288679509192768e-01 5.856103902032419040e-01 5.927610531660050253e-01 5.778891745375034361e-01 5.931797131436793435e-01 5.904136338903108738e-01 5.909133148274435809e-01 5.902601505620919120e-01 5.932580687320342383e-01 5.811878514019382935e-01 5.915503004652421515e-01 5.927665256665509697e-01 5.927431655679170630e-01 5.908711945089163420e-01 5.876742562185522933e-01 5.868177953800973734e-01 5.904439601270728977e-01 5.857215832341231554e-01 5.932122335911055311e-01 5.963652127242872192e-01 5.959317528444381118e-01 5.908864558104464093e-01 5.908482031256917510e-01 5.923964790349895981e-01 5.939856967958000444e-01 5.785686180280517066e-01 5.873565154556988910e-01 5.842566155164997665e-01 5.872193400575725919e-01 5.899991170910081628e-01 5.905837896890808736e-01 5.881938306366609748e-01 5.872834569545534178e-01 5.881380307560458709e-01 5.857307168239336281e-01 5.901230963265224894e-01
5.574650380653004000e-02 1.109156892459607774e-01 4.429312856764857087e-01 6.118785291332479170e-01 4.909539930945659436e-01 5.482942512960040649e-01 1.000000000000000000e+00 7.631407393409852524e-01 7.201615461551068575e-01 6.954038247782710069e-01 7.861840764725148700e-01 8.287216402380023217e-01 7.537607317594466894e-01 7.438811607404106629e-01 8.507674405772048809e-01 8.298658010819431885e-01 7.200094680736243147e-01 6.645143323303497329e-01 6.949174606617487537e-01 6.455663134613142118e-01 6.926015876569979746e-01 7.235845597363572690e-01 7.399119087661459870e-01 6.699442971387329360e-01 7.162627445894891309e-01 8.001425921142236719e-01 8.055571505273926292e-01 7.999471946066987194e-01 7.321263325239900643e-01 7.775522215037460327e-01 8.206427147941888212e-01 8.127916322375209335e-01 7.954205845774893202e-01 8.075159233780041523e-01 7.824534708403967365e-01 8.251688851665273106e-01 8.210711205784103628e-01 8.243606542624295486e-01 8.339775881176236805e-01 8.176624806877725860e-01 8.251126900695495703e-01 8.361637965907272596e-01 8.393910011998084730e-01 8.416454436421587637e-01 8.376115654605608141e-01 8.289638789092377280e-01 8.203353644087176821e-01 8.097310173904228581e-01 8.205482725608653771e-01 8.309498202266286659e-01 8.308210099329919052e-01 8.167513411762048481e-01 8.287173005936557812e-01 8.109973063101795221e-01 8.154458538032071102e-01 8.214987019762653997e-01 8.088925907551985928e-01 8.244503457933601842e-01 8.058911545588905989e-01 8.277381937521893773e-01 8.406998826160225757e-01 8.141930945278004206e-01 8.200139771070446004e-01 8.217160540174783812e-01 8.163404478634824768e-01 8.278801971904538037e-01 8.121684834481625037e-01 8.167378060023670061e-01 8.294191569312536760e-01 8.437077274726365594e-01 8.372934508959190003e-01 8.251847955785800437e-01 8.150979042822550369e-01 8.180815021196086168e-01 8.280284431184109506e-01 8.317976518877630010e-01 8.297969026227309808e-01 8.076182740323999409e-01 8.223013207420081239e-01 8.201961381845656041e-01 8.315860758976770795e-01 8.226423895418590870e-01 8.404170411497211557e-01 8.256331949054958042e-01 8.385063342450801427e-01 8.335596364111667045e-01 8.384762013157421867e-01 8.338826500821557852e-01 8.367587223207491043e-01 8.265445284027820305e-01 8.416472073331127124e-01 8.324952575037670721e-01 8.376133595401139553e-01 8.336398918921351653e-01 8.187209945139538592e-01 8.182978053153914244e-01 8.382786024828212668e-01 8.198813592267064632e-01 8.329595471990083322e-01 8.352248667155032225e-01 8.404651752884556570e-01 8.298316105433013457e-01 8.267975475851976341e-01 8.348033679315651767e-01 8.374949384977183886e-01 8.202555987274762206e-01 8.203614371657851345e-01 8.146956924392428911e-01 8.250759668634614075e-01 8.214836798158448028e-01 8.281717841531521795e-01 8.225236406096854136e-01 8.256884444664362999e-01 8.249221783397133745e-01 8.182413307822666848e-01 8.271193442968034493e-01
7.083899586741332355e-02 8.778236811122450134e-02 4.473363653476008506e-01 6.667712380456521926e-01 4.904157231451041210e-01 4.866297600303927662e-01 7.631407393409852524e-01 1.000000000000000000e+00 6.568728038196351982e-01 6.264359108371163609e-01 7.286416497897041378e-01 8.094176893126464600e-01 7.105914052571535855e-01 6.842884537666920064e-01 7.757419907199820663e-01 8.141185830213188979e-01 6.655086148515677591e-01 6.413119078729749845e-01 6.584731018472820274e-01 6.463377309215129207e-01 7.291493414872916023e-01 7.166903212345694385e-01 7.427576220769968041e-01 6.613952626335483087e-01 7.003957596963653609e-01 7.378713455572262214e-01 7.401636301304902466e-01 7.253633445990212980e-01 6.706198596655075228e-01 7.269915894612472007e-01 7.625447390509051404e-01 7.596352943921157452e-01 7.415413948960591917e-01 7.720145053215657915e-01 7.255837630073794786e-01 8.074370013211291663e-01 7.895262399817306598e-01 7.448226799331177927e-01 7.713771304903164205e-01 7.648457465944841216e-01 7.488924423780858319e-01 7.568735750280195518e-01 7.987845986032190426e-01 7.708108718395931813e-01 7.793269916792125995e-01 7.474404708934260233e-01 7.432933222611615154e-01 7.276114796404048457e-01 7.566760290432953395e-01 8.006316708134304516e-01 7.799025037458152676e-01 7.816784258999794899e-01 7.720600959516142892e-01 7.388985439626026830e-01 7.560760519075028219e-01 7.616583064532818081e-01 7.738246412034532895e-01 7.487523345090545401e-01 7.461585317073563539e-01 7.618061854584072812e-01 7.815218194450792577e-01 7.495613554622658770e-01 7.672108676014471884e-01 7.625032925316230781e-01 7.552021732145502986e-01 7.792115041449075852e-01 7.276537942605330045e-01 7.416314931375235231e-01 7.582672153299974127e-01 7.900096976283016437e-01 7.800638690037251521e-01 7.602062083251414082e-01 7.501147128020813071e-01 7.556511796649454382e-01 7.469430494744166982e-01 7.501631305435707553e-01 7.425430780380706253e-01 7.286181191161733572e-01 7.434044136464974528e-01 7.460674628244082784e-01 7.622239977154073864e-01 7.444622267450197173e-01 7.809812459836820153e-01 7.513517313547579679e-01 7.754295828297769200e-01 7.684411583650841981e-01 7.751932573642846824e-01 7.528022360265100854e-01 7.621004359961405239e-01 7.550300306457733424e-01 7.635912524412391544e-01 7.503209727252641015e-01 7.620612921650191662e-01 7.540542306215241020e-01 7.372567117258593816e-01 7.359052278551968529e-01 7.856099252067991756e-01 7.708447446486011989e-01 7.654704577366147067e-01 7.657373671777317758e-01 7.717399418358361629e-01 7.663212277307297482e-01 7.599624874185453294e-01 7.633232588691875042e-01 7.762329898487266844e-01 7.617177631831248963e-01 7.496069250370741566e-01 7.332740375023893975e-01 7.547428991366721407e-01 7.432643848492831440e-01 7.539876244400692817e-01 7.473696600348330721e-01 7.534795816932592372e-01 7.555350431171445891e-01 7.463259941675811637e-01 7.624658107444249877e-01
1.365193938858741962e-01 1.899273213560501994e-01 3.211162008357971165e-01 4.517380055990943832e-01 4.479103845999159450e-01 5.008045700691149404e-01 7.201615461551068575e-01 6.568728038196351982e-01 1.000000000000000000e+00 7.555763323205918480e-01 7.773494812061755299e-01 7.621906889607991120e-01 7.565448799043816841e-01 7.493813803390673156e-01 8.311400007810970658e-01 7.956521338896199724e-01 8.014667680846749853e-01 6.406248767738578209e-01 7.052768173079013714e-01 5.139619822519412295e-01 5.743076898551653375e-01 6.930434327323853338e-01 6.458893690402449650e-01 6.442966913716235977e-01 7.081319321587596916e-01 8.079712411174847508e-01 8.130313846408948608e-01 7.767148616381662762e-01 8.149279664052242467e-01 8.124625416944868395e-01 8.595104728711440156e-01 8.317194194630187498e-01 7.796608748679790812e-01 8.052169847296689609e-01 8.013100052844438492e-01 7.721698577838381761e-01 7.938016870070500053e-01 8.361640080483104809e-01 8.414774449484994090e-01 7.493250692277650948e-01 8.349070639263739269e-01 8.308390258041653542e-01 7.923030820486581804e-01 8.536418961542139305e-01 8.337435425711524628e-01 8.503211437339133205e-01 8.581821707446467551e-01 8.682809623122825782e-01 8.590510584123074445e-01 8.374701518851704884e-01 8.485840259401626895e-01 7.828352682557030429e-01 8.258287508246796582e-01 8.749991748328033170e-01 8.606721186369078458e-01 8.405933677408177207e-01 8.516655803916287626e-01 8.492766518878399618e-01 8.538052090166163843e-01 8.655117066522874936e-01 8.481229751197020272e-01 8.637715571309015905e-01 8.622578569037712137e-01 8.633910374079140082e-01 8.581669588766682732e-01 8.630147414724476107e-01 8.673191635896336793e-01 8.533863487422769234e-01 8.536815959867374293e-01 8.144138062017162172e-01 8.392607268140014343e-01 8.535402766429207588e-01 8.322369974161396566e-01 8.387057721090928064e-01 8.642619509869997607e-01 8.614062822810812925e-01 8.538688395153190003e-01 8.723916753672883440e-01 8.671258635159653227e-01 8.611435529044472181e-01 8.545700074246416200e-01 8.689908009565305846e-01 8.555885132548336491e-01 8.579430911211315403e-01 8.560038619459338083e-01 8.583555773254906152e-01 8.506025259057216070e-01 8.584907970715082159e-01 8.593092419483285838e-01 8.569043671603375767e-01 8.307807860572945513e-01 8.552258370489362882e-01 8.525432960215052480e-01 8.590002513354961788e-01 8.596117137377254913e-01 8.643203255016285169e-01 8.379815222389512819e-01 8.622066737874115594e-01 8.521189450685353606e-01 8.536858230993580321e-01 8.485716084981463903e-01 8.608418392808249164e-01 8.531961761698766411e-01 8.588623301060677173e-01 8.494056518207016016e-01 8.643480117478783420e-01 8.680979005069816568e-01 8.671729702036343745e-01 8.648502266765923929e-01 8.613602436197509427e-01 8.604342663860014007e-01 8.670205864889729552e-01 8.628177109185826144e-01 8.673968306147025187e-01 8.661794941795003533e-01 8.637081443665590719e-01
9.232396511071817857e-02 1.909925272297732513e-01 3.312315736361818863e-01 4.346017665306705080e-01 4.023174628586634327e-01 4.749228527738274530e-01 6.954038247782710069e-01 6.264359108371163609e-01 7.555763323205918480e-01 1.000000000000000000e+00 7.305164388361199412e-01 7.257795347579748535e-01 7.087151373712242686e-01 7.058768156787929016e-01 7.913202524399607363e-01 7.556977844488154128e-01 7.326829807467403199e-01 6.096241003670629377e-01 6.591106929873035147e-01 5.001694106787886174e-01 5.348559919413855557e-01 6.398011686997430170e-01 6.399170334179478115e-01 6.194581915683873286e-01 6.644791222055151936e-01 7.663796667982031297e-01 7.618566212623040235e-01 7.359929740052155722e-01 7.683754001479040641e-01 7.665651155464513478e-01 8.162527005866498930e-01 7.966122452682500299e-01 7.498669717555642711e-01 7.731939271228087662e-01 7.608031507259944703e-01 7.447044617975935310e-01 7.549575074626404536e-01 8.013335587921808223e-01 8.028016156084039068e-01 7.317342812053704293e-01 7.977470773706266671e-01 7.897130768310319793e-01 7.613860763853660396e-01 8.056426443563613482e-01 7.914038073544398255e-01 8.022540834908904461e-01 8.116000768572199098e-01 8.210545710126864183e-01 8.093349020053139942e-01 7.907079267997251248e-01 8.094275563918214011e-01 7.286598423510202149e-01 7.747789839522833955e-01 8.197305911551608926e-01 8.113893803680606309e-01 8.036130074799066048e-01 7.852407535171420649e-01 8.012612669118874820e-01 8.070101941925628131e-01 8.090865187781277612e-01 8.050292466978323791e-01 8.097192537248122379e-01 8.082023994643299236e-01 8.075944802287606805e-01 7.950531368211837258e-01 7.996211542447304588e-01 8.170793500507408380e-01 8.086382443785339325e-01 8.153838032648064171e-01 7.755575482937201448e-01 7.898682377894282736e-01 8.039990524027367247e-01 7.936177156331397642e-01 7.947165932536323085e-01 8.144894717861291822e-01 8.105166148148590377e-01 8.069566970698980324e-01 8.245940196363620300e-01 8.207498572051862284e-01 8.103176610313115313e-01 8.079334427212621073e-01 8.218121274309945212e-01 8.137557026743039712e-01 8.118528787882145492e-01 8.137475320355609387e-01 8.157216035432111045e-01 8.083884599404363991e-01 8.169905950256315386e-01 8.155923271344945880e-01 8.102864283852726501e-01 7.970440889680752150e-01 8.116241103775386767e-01 8.098284601453288323e-01 8.134126465368223258e-01 8.141776241254445878e-01 8.169237177926457205e-01 7.954993861108583530e-01 8.048516512635071063e-01 8.089680182851364254e-01 8.131296511983543418e-01 8.094481418655885552e-01 8.126531401158514356e-01 8.046264868411823201e-01 8.117674310911422442e-01 8.018107403656256071e-01 8.084648132466896175e-01 8.166955498698478255e-01 8.189933839207305111e-01 8.176412916867042968e-01 8.156950054259227700e-01 8.149050757952533974e-01 8.159923781603061199e-01 8.151860087064980442e-01 8.162322734086905340e-01 8.079261987133699030e-01 8.101154496662795745e-01
2.424129305295185874e-02 1.219429942562247210e-01 3.990101752920907630e-01 5.764928537347427939e-01 4.866420848691498380e-01 5.438106244332500117e-01 7.861840764725148700e-01 7.286416497897041378e-01 7.773494812061755299e-01 7.305164388361199412e-01 1.000000000000000000e+00 8.537911212348067158e-01 7.830765910194577017e-01 7.903504422893965486e-01 8.830452584242242109e-01 8.536399184378679061e-01 7.852089307754086533e-01 6.930793678546658398e-01 7.423396515442698407e-01 6.206037134067236005e-01 6.758250269135799293e-01 7.410053874276205654e-01 7.423907115771272158e-01 6.933795680177180509e-01 7.462346168250663103e-01 8.428450172881972735e-01 8.505535723941516357e-01 8.365479615200310803e-01 7.856536954992439092e-01 8.268855228347514741e-01 8.794032722711281336e-01 8.606143036860645079e-01 8.366733993591348728e-01 8.434832040135689102e-01 8.353043649258530268e-01 8.546017381131446600e-01 8.537766219795649425e-01 8.755192006674777927e-01 8.793527421898958973e-01 8.563821603976261576e-01 8.880508554345779570e-01 8.880490344793066093e-01 8.691333453417601218e-01 8.934462603249582191e-01 8.864833195500007035e-01 8.816339182226496929e-01 8.876175256337951458e-01 8.817586646748321044e-01 8.802869887079428635e-01 8.798490243631960084e-01 8.822232633391710044e-01 8.599015737044959362e-01 8.843666688146791799e-01 8.760132690791583299e-01 8.784929211935098570e-01 8.837660526630823909e-01 8.642879652263808499e-01 8.866764900739269040e-01 8.755065187245234526e-01 8.860622611938958615e-01 8.898909681107609604e-01 8.785749711231249925e-01 8.816450736074491479e-01 8.848015996848815901e-01 8.812937045007207537e-01 8.815561304876836646e-01 8.829967954230150129e-01 8.825632889327976738e-01 8.839916646025119951e-01 8.777301310274067125e-01 8.841196033717269032e-01 8.860321470305351221e-01 8.670060235073645538e-01 8.752415604205244781e-01 8.912731144573846631e-01 8.924009186098206259e-01 8.887035542186620951e-01 8.721915109769404761e-01 8.793375965524968807e-01 8.784853991087075986e-01 8.869866643540461615e-01 8.849357256114905868e-01 8.936017638535171947e-01 8.858437075879376232e-01 8.954166384877051410e-01 8.915132224339236133e-01 8.947672773391027734e-01 8.918106915721223382e-01 8.918811126564539782e-01 8.918347898729832579e-01 8.965749766681010424e-01 8.944596285064997376e-01 8.946481745730513468e-01 8.922998161536115358e-01 8.879097647686921002e-01 8.860442036442709446e-01 8.963402388160813805e-01 8.832459563935574076e-01 8.926081199851431114e-01 8.951352706651178881e-01 8.955219534639533574e-01 8.936826615169671806e-01 8.936796305848276889e-01 8.961367285405947847e-01 8.976071333978814515e-01 8.834631905305538879e-01 8.873937425811670998e-01 8.844352007856779441e-01 8.919298159207543764e-01 8.899783398564039549e-01 8.919679304491454630e-01 8.886171696756461902e-01 8.894514247649707439e-01 8.875840635812208834e-01 8.859292996800924858e-01 8.908777395525142584e-01
-1.716391125200345327e-02 8.883339539246026817e-02 4.574397778484550203e-01 7.126673910721385008e-01 5.260466101182699195e-01 5.732036109488268805e-01 8.287216402380023217e-01 8.094176893126464600e-01 7.621906889607991120e-01 7.257795347579748535e-01 8.537911212348067158e-01 1.000000000000000000e+00 8.313171512059258639e-01 8.048430448552850169e-01 9.089654950637946484e-01 9.153471417945441280e-01 7.685072339107834605e-01 6.737622452149205632e-01 7.120523595669400185e-01 7.077425490852246037e-01 7.471688537034675281e-01 7.526159341743678954e-01 7.860943217535679706e-01 6.920745025778239912e-01 7.388839588235427414e-01 8.434114085569244246e-01 8.475182952939196435e-01 8.428517224748207637e-01 7.374333219779348747e-01 8.254228281137295786e-01 8.780146066120537718e-01 8.559290209901685431e-01 8.255866313015434166e-01 8.503962207119382111e-01 8.246276190337387124e-01 8.990768657397059105e-01 8.920962979506630308e-01 8.718786128414983683e-01 8.804675927763446763e-01 8.845752160725715019e-01 8.944192721115697964e-01 8.965078683502099022e-01 9.235443545718104996e-01 9.058716894983057655e-01 8.984637244415751844e-01 8.872682536201043080e-01 8.941934742204478148e-01 8.787543644610030791e-01 9.027080855186034869e-01 9.085297613428516827e-01 9.019984644514975614e-01 9.068179581852523485e-01 9.173214265994708017e-01 8.791543918358052379e-01 8.852021508898504365e-01 8.938952296173637846e-01 8.925931325502088898e-01 8.881150067734627784e-01 8.841182228761236273e-01 9.025105437899432204e-01 9.226579377657457837e-01 8.911913514505246381e-01 9.016218015789969620e-01 9.005714917673722786e-01 8.880895803050193882e-01 9.091619411319106225e-01 8.768817155510842953e-01 8.688035689349109525e-01 8.830462464363074693e-01 9.215014390740052797e-01 8.987060476221772065e-01 8.844827192815751804e-01 8.713828724933457837e-01 8.724614020448763219e-01 8.893558053645607142e-01 8.906270632049185787e-01 8.866969089096347068e-01 8.539465644558627000e-01 8.741849571121460549e-01 8.763837442825558322e-01 8.993796964723450582e-01 8.847788660794416726e-01 9.009138784831239866e-01 8.818432989669032773e-01 9.049593383188232476e-01 8.959145102686857376e-01 9.061349599223389450e-01 8.912780793050446571e-01 8.989030136898217282e-01 8.913359050465589073e-01 9.050875149855878155e-01 8.995877155956434335e-01 9.031991745511892544e-01 8.989559430122583406e-01 8.907724229572643315e-01 8.891960956458596632e-01 9.143722161081262456e-01 9.001285864428260064e-01 9.063963103272812960e-01 9.076195782030460624e-01 9.132408363493541570e-01 9.032197043105727463e-01 9.082574916117086561e-01 9.050016314241214888e-01 9.164094986484822014e-01 8.950180446864414163e-01 8.925312840831335359e-01 8.820478394288087109e-01 8.942002796350452254e-01 8.921189531539363005e-01 8.990743393335762779e-01 8.957184526710214589e-01 8.980742176793973242e-01 8.963045915658883755e-01 8.892718077182880654e-01 9.079277342901600489e-01
4.630057453875092988e-02 1.179613456775230884e-01 3.744410185083252296e-01 5.566457385430183535e-01 5.047871518982096628e-01 5.230407491098608697e-01 7.537607317594466894e-01 7.105914052571535855e-01 7.565448799043816841e-01 7.087151373712242686e-01 7.830765910194577017e-01 8.313171512059258639e-01 1.000000000000000000e+00 7.760849780557220745e-01 8.575682613141919486e-01 8.454000200614472105e-01 7.483461824686958863e-01 6.208219193208807107e-01 6.676699006328752350e-01 5.883373905094829714e-01 6.090817954139454704e-01 6.828224528611334110e-01 6.917862025636993817e-01 6.336243647154962133e-01 6.826612579200322939e-01 7.995459290171657019e-01 7.956387054895851518e-01 7.837605950616580719e-01 7.424837797393630812e-01 7.936434670529785018e-01 8.482556790749503639e-01 8.162189531628165629e-01 7.797040651669381317e-01 8.068902191673255064e-01 7.999194729805311210e-01 8.187412872221951909e-01 8.331177786185491874e-01 8.385305873243397157e-01 8.501321161053668751e-01 7.999475428746037897e-01 8.490139874655850960e-01 8.503187797709009788e-01 8.506621035129395825e-01 8.623806969139705680e-01 8.474675616513522858e-01 8.577198557396836787e-01 8.644399576608221558e-01 8.586001255613961991e-01 8.631148215911802479e-01 8.452997412155445200e-01 8.515316735720465102e-01 8.226522767997468399e-01 8.512807629574098423e-01 8.582221471796891432e-01 8.509663977526444878e-01 8.454422919751297671e-01 8.437526258850076566e-01 8.544204758902532726e-01 8.457708354237979398e-01 8.695617833072613045e-01 8.745192298558331911e-01 8.592940234578823056e-01 8.620679411954231819e-01 8.646578414317421801e-01 8.517798353618685203e-01 8.653817218837690506e-01 8.606405780087995616e-01 8.439920403460341447e-01 8.521382921525250120e-01 8.510985821726563261e-01 8.471246759222459399e-01 8.512156183047160374e-01 8.322940340045011931e-01 8.342917430882487162e-01 8.585062355323115346e-01 8.585902681745961607e-01 8.526470091674341889e-01 8.434149402760098280e-01 8.552740527909716839e-01 8.534066530334568634e-01 8.647683490646201898e-01 8.665178087774274562e-01 8.596860189696783339e-01 8.548331297589223388e-01 8.647745150598503683e-01 8.622822215920018518e-01 8.671390878741698227e-01 8.632812993933486334e-01 8.695612064288218424e-01 8.598472158154080169e-01 8.552833010489864218e-01 8.665937459793536801e-01 8.675176895030083379e-01 8.681265148949699473e-01 8.661731044506131294e-01 8.686128149488887562e-01 8.613327267467887349e-01 8.618765961550428623e-01 8.722574248916438178e-01 8.699433440122031902e-01 8.733924843505656010e-01 8.704837331015604640e-01 8.691858176262563518e-01 8.717089549516617852e-01 8.705314276908250326e-01 8.614408392292416394e-01 8.658335088332314022e-01 8.642553151922525156e-01 8.661561982283376704e-01 8.665377495115081929e-01 8.680740012162259100e-01 8.690285364084265884e-01 8.691694396263113243e-01 8.717075572954262608e-01 8.639886438707093941e-01 8.723227720147529451e-01
