1.000000000000000000e+00 1.199067501483714049e-01 1.377868914957861290e-01 1.552118225030239274e-01 6.144690676529090262e-02 6.707901374710553699e-02 6.862204252551769301e-02 7.319182799180895538e-02 1.967384800919248777e-01 2.496008756763857736e-02 5.346313318451324098e-02 6.741477926371426677e-02 7.112329583048970782e-02 5.026108790122370273e-02 4.503300079140328677e-02 8.501298085145338190e-02 1.042928009472566253e-01 1.555880781413737368e-01 1.036541873819126491e-01 1.415933011348987081e-01 1.903046910714503714e-01 1.441419037686137439e-01 1.754296673429506237e-01 1.541794039603021638e-01 1.415087432131400813e-01 1.085944659090158221e-01 7.797475637865677878e-02 8.092563741388958398e-02 1.042597403337547635e-01 1.624803449732529215e-01 1.123467077790316626e-01 5.587701382701859565e-02 3.593833925058398382e-02 8.847944953672019774e-02 9.554573161610388499e-02 4.213545257610378653e-02 1.099140505185475097e-01 -1.150500973404635155e-02 3.933373588557660672e-02 -2.392745566756749112e-02 2.801893574954675628e-02 -2.825209807827540071e-03 3.429813082069380070e-02 2.401099732932255107e-02 2.256253686317686094e-02 2.153003522478135964e-02 1.561318816113565870e-02 2.356952945707048788e-02 1.378215244526953889e-02 1.771937383322663012e-02 5.195742801291172892e-03 7.857912213141321489e-02 5.390313666413073385e-02 6.805928372446386210e-02 5.139793970071930562e-02 3.418003104612005877e-02 9.662217620738007551e-02 2.937123363375168314e-02 1.691209641558314228e-02 8.301251688435927478e-02 4.083443244548505546e-02 6.046641868571800416e-02 3.944715994036847306e-02 6.198426496629533961e-02 7.711441618754187599e-02 9.456532407579953947e-02 3.684076481632295175e-02 4.296320272474065532e-02 5.945489101352079142e-02 6.239951940977367384e-02 6.017289205801182317e-02 4.249143243749025495e-02 6.445297938065372434e-02 6.276352164347763496e-02 3.271407578416456879e-02 3.345263714907607128e-02 2.550207592733863549e-02 4.402597011719773523e-02 2.123775658745950118e-02 7.125004782764662870e-02 5.806270085230957195e-02 4.231444623789255843e-02 6.240163972999476782e-02 4.796596452098648988e-02 2.178703799878429700e-02 3.287625446251239009e-02 2.720405151403270869e-02 -7.863761827113544683e-03 9.875032366380959159e-03 2.232347035364973947e-02 -8.855655848107268913e-03 1.052604765310680450e-03 1.612624576631379453e-02 5.231416473058215881e-03 8.230825093102248774e-03 1.079937756130570393e-02 1.189044403636732106e-03 7.079451380080407918e-02 2.981004330048352483e-02 3.075400830413681230e-03 3.684999161970389358e-03 3.058323128501141963e-02 3.989033919342867274e-02 1.761084228513165248e-02 3.080657253448559896e-02 6.802518502894958075e-02 3.300604424706012757e-02 2.761078283553121057e-02 2.975422084822056806e-02 2.075466450139065722e-02 1.504493794843991990e-02 4.957271757476536950e-02 3.346188221802392365e-02 3.778324248855038231e-02 4.785144537131694187e-02 5.746973409630351526e-02
1.199067501483714049e-01 1.000000000000000000e+00 3.686722700974468664e-02 4.549159465435848732e-02 3.508338615917957343e-02 4.298954903376531189e-02 8.413663971601360869e-02 5.124182826849897621e-02 1.735297571325887522e-01 1.447495171591692831e-01 1.302527647983462433e-01 1.090789501549052631e-01 1.265889873308293223e-01 7.666407092651630895e-02 1.225297917978295237e-01 1.025678601050765693e-01 1.573506628188417467e-01 1.279169836907040336e-01 1.162669284322468272e-01 9.007295044922428162e-02 7.678658708260203969e-02 8.904952286627354496e-02 1.481324933097296626e-01 1.208095237267936550e-01 1.022066982710623101e-01 1.363552881607343892e-01 9.219205466567617635e-02 1.053520960620854680e-01 1.070929649834252012e-01 1.489828106650479544e-01 1.363299306614496054e-01 1.107025904854335024e-01 6.535425011295963038e-02 1.060308254101105518e-01 1.155840779573863303e-01 8.245701277182265754e-02 1.216585452106929283e-01 7.431938521441358581e-02 1.013887240315069771e-01 5.446372243568289168e-02 1.188937811900227237e-01 9.665280371953763328e-02 8.538218933116757670e-02 1.036730003180447307e-01 1.121502851935979456e-01 1.072408448794297808e-01 1.211402700384707765e-01 1.297672048796491007e-01 1.180832197667108646e-01 6.737163737698378951e-02 8.537253466852370853e-02 8.246681572223875378e-02 1.102845601947498033e-01 1.512042930887704806e-01 1.308194511924819503e-01 1.276522885785399963e-01 1.354296174944804587e-01 1.228880171409249961e-01 1.150477984084046779e-01 1.520749431650447181e-01 1.219842577261625316e-01 1.352570414359455242e-01 1.139625309212852766e-01 1.351258231819052469e-01 1.469460335420055552e-01 1.521471895968096177e-01 1.330569318823477676e-01 1.335149914484176081e-01 1.356080036581244208e-01 1.217987466827505638e-01 1.104596596819816534e-01 1.268715053319185160e-01 1.304437424119381517e-01 1.221475152293732963e-01 1.245803763390842256e-01 1.277496452287558981e-01 1.179442880528470683e-01 1.276065851045625754e-01 1.193803539529970648e-01 1.464287207879518549e-01 1.402365165648448708e-01 1.321241489518232282e-01 1.403905897732189156e-01 1.268593209549313261e-01 1.094724692052959081e-01 1.215817293351347389e-01 1.206915369263959203e-01 1.053057754704565946e-01 1.222203275024183050e-01 1.217688083088828005e-01 1.000962334284990068e-01 1.132926641926119693e-01 1.139341519412322840e-01 1.183753948935210576e-01 1.273790157942712720e-01 1.313166069927414747e-01 9.043906193960567219e-02 1.221188399408971725e-01 1.243547610579412571e-01 1.047207507275025734e-01 1.049557821238680660e-01 1.194259229653115290e-01 1.246517487169288285e-01 1.154983460898149766e-01 1.152682562159156321e-01 1.354449500636046300e-01 1.317509674931554020e-01 1.341702466708984132e-01 1.320048527776223335e-01 1.216798452177515061e-01 1.192723672874461266e-01 1.433122431277195075e-01 1.328104338672889406e-01 1.294078542095192241e-01 1.400326477890269650e-01 1.418125479067391392e-01
1.377868914957861290e-01 3.686722700974468664e-02 1.000000000000000000e+00 4.224622707307346126e-01 1.902050637411097922e-01 2.662561255473441246e-01 4.138400161085873941e-01 3.783980005179830020e-01 3.254160193586267402e-01 2.929940202586833187e-01 3.606466531049117297e-01 4.099978155356966414e-01 3.408258135955277157e-01 2.819538747003031420e-01 4.077130940136399206e-01 4.118298712215855417e-01 3.448978946953182856e-01 4.271391285001993054e-01 4.354792104374389239e-01 4.500977501960456428e-01 4.805015923087225804e-01 4.613481843772974655e-01 4.175857491121121035e-01 4.386354832562778250e-01 4.632929717533413871e-01 4.166042483947635100e-01 3.976610868164250356e-01 4.312511805171539425e-01 3.949360558006670963e-01 4.207423412804139340e-01 4.251505246772818158e-01 4.251886071307539594e-01 4.037905522626768495e-01 4.431162519176570780e-01 4.110593432162358840e-01 4.355043921909495519e-01 4.104776734855800080e-01 3.988626809340067303e-01 4.114670917589780541e-01 4.231956440529515695e-01 3.975624642015236909e-01 3.920637549988303938e-01 4.217198083199960590e-01 3.969963246978435167e-01 3.998680239592839469e-01 4.007005681281503584e-01 3.649246339914146708e-01 3.637987792395277475e-01 3.714744080937633641e-01 4.009064597741061609e-01 3.984864919369226488e-01 4.229401854996078791e-01 3.775699589639058829e-01 3.637311480856646462e-01 3.725194654604562228e-01 4.004747523373095031e-01 3.786403932304689413e-01 3.659814971358896218e-01 3.577825925382803751e-01 3.626668054685646125e-01 3.761274614793801430e-01 3.661043760964269311e-01 3.764352055926055707e-01 3.810748307307390004e-01 3.655771069817038144e-01 3.798515105476472087e-01 3.749236557652825264e-01 3.924510933622636366e-01 4.007746501032730668e-01 4.283101734581604703e-01 4.265986917447891491e-01 3.956684484243445099e-01 4.157950195654626091e-01 4.255596363856093411e-01 3.933524214348969594e-01 3.751516064886185053e-01 3.959592836154757212e-01 3.862273275554259921e-01 4.009719706422026908e-01 3.909322293727876541e-01 3.797284772641481565e-01 3.854350620419033091e-01 4.035644219604817562e-01 3.851492136474399253e-01 3.912823013076197065e-01 4.055590895262910500e-01 4.098967715042454718e-01 3.857922202640933218e-01 3.823517631550132911e-01 4.003439451647802239e-01 3.982463633165455597e-01 3.790269753135104280e-01 3.894254228991146372e-01 3.816430718177328818e-01 3.575625650596391258e-01 3.604540137841533709e-01 3.915408648634978173e-01 3.852393456507686720e-01 3.762270978484070216e-01 3.798502207838443390e-01 3.877700761200926771e-01 3.751387233593717063e-01 3.747268972670033671e-01 3.782057261811553328e-01 3.944766177080838432e-01 3.734335205575931016e-01 3.719088914084458519e-01 3.654649101316166382e-01 3.755042144562035777e-01 3.685888057463149181e-01 3.620818817127736122e-01 3.641937217567260965e-01 3.659242987884144815e-01 3.751881726434078690e-01 3.651254622282928408e-01 3.646357430136694666e-01
1.552118225030239274e-01 4.549159465435848732e-02 4.224622707307346126e-01 1.000000000000000000e+00 3.203103863132666929e-01 4.302008755189083433e-01 6.065749869890643131e-01 5.975913280129822036e-01 4.748857630967950882e-01 3.730575177549203536e-01 5.393263946675525000e-01 6.331598015774302368e-01 5.041249802711234018e-01 4.183349225065097765e-01 6.054268902063266733e-01 6.231252494998522629e-01 5.048939685875953876e-01 5.143997104844628687e-01 5.706569003298773701e-01 5.854067865862512265e-01 7.170476633332691918e-01 6.778171679537773331e-01 5.253058954208348341e-01 5.497214760165762826e-01 6.046133568844140882e-01 5.775894130142565919e-01 5.814745820417182021e-01 6.089097273954346967e-01 5.794920788010343715e-01 5.768827913154221942e-01 6.131016488914073914e-01 6.047550966766002123e-01 6.064670540722013614e-01 6.216095840313469179e-01 5.894520068800771506e-01 6.337999778216032443e-01 5.794009612384724006e-01 5.921064898149420719e-01 6.118677837537060960e-01 6.214867809544685207e-01 5.849994979604367096e-01 5.770035800591412078e-01 6.206894101384662354e-01 6.012852151069768558e-01 5.778816344031150187e-01 5.897289628160681252e-01 5.260020093777859618e-01 5.342328450120140682e-01 5.472927355191389287e-01 5.943067839724147650e-01 5.913757541120945316e-01 6.324705914598049983e-01 5.794228292038537953e-01 5.159712505618809786e-01 5.324417124537280666e-01 5.680826709581462408e-01 5.556242472691259593e-01 5.492403432346860681e-01 5.285103078635723373e-01 5.305543580615499355e-01 5.539842121155474919e-01 5.471672220475541915e-01 5.580809539050392010e-01 5.610759769581900036e-01 5.318640273433293819e-01 5.565864445743141653e-01 5.407078360925045013e-01 5.526199106170823772e-01 5.653524171087791483e-01 6.058683436911985742e-01 6.322048333148428956e-01 5.716069876689445772e-01 5.745526845679790329e-01 5.928082035547571627e-01 5.726191571354269927e-01 5.472245493820102613e-01 5.751996127541166848e-01 5.692277404196551815e-01 5.786220369772797634e-01 5.571815852577790551e-01 5.502506362294111719e-01 5.626327041417062969e-01 5.807467356513159595e-01 5.606300765485175974e-01 5.756229205101093260e-01 5.815666604666803741e-01 5.857723227178114334e-01 5.752077573881695383e-01 5.638783268765323875e-01 5.904078692856804533e-01 5.840827105955622711e-01 5.592215352800488093e-01 5.737494815505391754e-01 5.654632177923905045e-01 5.266317180403331522e-01 5.259248638541085263e-01 5.904165606139241129e-01 5.727869415456624536e-01 5.573958058840922103e-01 5.698264499555977247e-01 5.807289574756286932e-01 5.585985796950658777e-01 5.574059790960306238e-01 5.633981818652515905e-01 5.889118104271845455e-01 5.629384670608011954e-01 5.446206636914914245e-01 5.349161649892091308e-01 5.541192741898753882e-01 5.489272132694885675e-01 5.442903901293744129e-01 5.338586716463965542e-01 5.480007345526305418e-01 5.547662066315260931e-01 5.371078036126926136e-01 5.448976654837615063e-01
6.144690676529090262e-02 3.508338615917957343e-02 1.902050637411097922e-01 3.203103863132666929e-01 1.000000000000000000e+00 2.928052128171046431e-01 4.557951346907981316e-01 4.303374853349329343e-01 4.245377709836541946e-01 3.706862080299599405e-01 4.163166344136507435e-01 4.509285531260825985e-01 4.668844584132731956e-01 3.661358973943268924e-01 4.722553706443944899e-01 4.777286399096368763e-01 3.909798702960092798e-01 3.757090543174178565e-01 4.047810266390837741e-01 3.498050654219037048e-01 3.873545927651287912e-01 4.382580684787792391e-01 4.166837698249994393e-01 3.770652439066081718e-01 4.197879803023523149e-01 4.716563223135768479e-01 4.665519656020410411e-01 4.628152495771815644e-01 4.431019914234513024e-01 4.563416967228358101e-01 4.717548604823961766e-01 4.471463647380310991e-01 4.158367620456934755e-01 4.291285543240302980e-01 4.560215739212186148e-01 4.159617951191983409e-01 4.517500117781022562e-01 4.323421342895570896e-01 4.583116342122836029e-01 4.350106131580301905e-01 4.615629443511592989e-01 4.573554895313924340e-01 4.541123501406803542e-01 4.717941585238087376e-01 4.668434048935073966e-01 4.729078633513211782e-01 4.556072049089375242e-01 4.652330612996113390e-01 4.594895248279537436e-01 4.177802314194889455e-01 4.341059046471077432e-01 4.377858791602539101e-01 4.602474752019913296e-01 4.659177720632240449e-01 4.487581591848273654e-01 4.539751985600256612e-01 4.432469162116431383e-01 4.618092573190439865e-01 4.402440272372075136e-01 4.722512140294160554e-01 4.563900430296023436e-01 4.573458909852387011e-01 4.373088414654053291e-01 4.625448943589877127e-01 4.603624301935539953e-01 4.673063759170353326e-01 4.621260723184636987e-01 4.661966101108107607e-01 4.698735585594508435e-01 4.651101200277246717e-01 4.727609076099241192e-01 4.710795851354177555e-01 4.586211531265191321e-01 4.651333349877236900e-01 4.768457652551476578e-01 4.729849444300646133e-01 4.754529232914377901e-01 4.733847533723529177e-01 4.719547863425342382e-01 4.675024497119465994e-01 4.682555233703047382e-01 4.708827186330455383e-01 4.698112246330451991e-01 4.718517541129104709e-01 4.607578987045371499e-01 4.641027101400610477e-01 4.666890067506441753e-01 4.641104202827614489e-01 4.657883987314699881e-01 4.590240076542652647e-01 4.673541611497472603e-01 4.706194858511154600e-01 4.723250473203979838e-01 4.704099737278185644e-01 4.635401779273926048e-01 4.639363443934929054e-01 4.477285428458825933e-01 4.545497761726196573e-01 4.603211708088055798e-01 4.563401686702894255e-01 4.660351778767806152e-01 4.548306969195159422e-01 4.652576791897998221e-01 4.665385749645627467e-01 4.655838672143674528e-01 4.574055901267439217e-01 4.620939369639743832e-01 4.656592864733003490e-01 4.654536988660230579e-01 4.679375837658831805e-01 4.563465665410907368e-01 4.684498044332526812e-01 4.610309557585164364e-01 4.658215493842877697e-01 4.631059000423717320e-01 4.662495784299362511e-01
6.707901374710553699e-02 4.298954903376531189e-02 2.662561255473441246e-01 4.302008755189083433e-01 2.928052128171046431e-01 1.000000000000000000e+00 5.426818746247629166e-01 5.015508540741608901e-01 4.791435694069058893e-01 4.424694225478414400e-01 5.377923426301136622e-01 5.962161784927030306e-01 5.086223038298361976e-01 4.286722267872648540e-01 5.859959595868582394e-01 5.900428766103512634e-01 4.878283286961815901e-01 4.822450177009602879e-01 5.339612274411108528e-01 4.882276998724238148e-01 5.369601727052381035e-01 5.646700385284694201e-01 5.172786870897231326e-01 4.925341896724063639e-01 5.334923613524928943e-01 5.595291803840397593e-01 5.537625759034003892e-01 5.704843666834094051e-01 5.339953951675175947e-01 5.662885165840431112e-01 5.925825814483335341e-01 5.781591725083791156e-01 5.496814086974901592e-01 5.707139184794985942e-01 5.633817876883837616e-01 5.584146310053588191e-01 5.759258531933298952e-01 5.868391744359502393e-01 6.003279595703426841e-01 5.811328424265375103e-01 5.872452889962145317e-01 5.897076537187950773e-01 6.048025092252617974e-01 6.005937209051088743e-01 5.744571371899017675e-01 5.942425342669327426e-01 5.773656636756167027e-01 5.778306007486048168e-01 5.834855061129301523e-01 5.747019941633164652e-01 5.990851136243213748e-01 5.755600153186340995e-01 5.923155588189147336e-01 5.678758614242193081e-01 5.798912900392617642e-01 5.899915121102485838e-01 5.731774440116933489e-01 5.845361862204393466e-01 5.870182181043159808e-01 5.740557970916767561e-01 5.911432039479432854e-01 5.864333842109179518e-01 5.866586424468368532e-01 5.859089110640905984e-01 5.566464810710286537e-01 5.712310525828888652e-01 5.760890980032274955e-01 5.854566868073182162e-01 5.906792453390657949e-01 5.988862200434702521e-01 6.040739679434004028e-01 5.879255231570583717e-01 5.846719558633546310e-01 5.910498161246352522e-01 5.901293675836030150e-01 5.789366591929183681e-01 5.958569304348371176e-01 5.858094382952095946e-01 5.934820567793537283e-01 5.867577908846682844e-01 5.831498459441843973e-01 5.895344051331241619e-01 5.832694220710815669e-01 5.850958944039927889e-01 5.906917833755516156e-01 5.955355724422004560e-01 5.910398037785299374e-01 5.911943623175316409e-01 5.924645301585375057e-01 5.905632493054315812e-01 5.909679704450402360e-01 5.866588486221687715e-01 5.912709842713741448e-01 5.917131979981303802e-01 5.742347941959343727e-01 5.766387602905522769e-01 5.898837150951423691e-01 5.734166046467417122e-01 5.837064663996474057e-01 5.925384289353275991e-01 5.970045417325842152e-01 5.806555719841887120e-01 5.801499212337453137e-01 5.874112322146857190e-01 5.901948129952220290e-01 5.753580888399328908e-01 5.810503780129185891e-01 5.764000218725885416e-01 5.837758053961470406e-01 5.838099650694688059e-01 5.818424437027829299e-01 5.737889664122619582e-01 5.819389865175400578e-01 5.788352490678576601e-01 5.666904276101012439e-01 5.713501681937298571e-01
6.862204252551769301e-02 8.413663971601360869e-02 4.138400161085873941e-01 6.065749869890643131e-01 4.557951346907981316e-01 5.426818746247629166e-01 1.000000000000000000e+00 7.243488999799702066e-01 6.504158760374171289e-01 5.850300368001388751e-01 7.462897419732762438e-01 7.903040847873099572e-01 6.999124820163323824e-01 6.041615538096668514e-01 8.325399961676187566e-01 8.065057286338978004e-01 6.645539856134655698e-01 6.648531556460022252e-01 7.330715825378524286e-01 6.920349239995123858e-01 7.508468923014507412e-01 7.959531110926696407e-01 7.074047792197245554e-01 7.006220430651372011e-01 7.471068515675693966e-01 7.925693319223839906e-01 7.838175257274233587e-01 8.126288556323776335e-01 7.380222618013567715e-01 7.703396364904652183e-01 8.160908560419641855e-01 8.128235758166793001e-01 7.789417843506837302e-01 8.000801672920893060e-01 7.811554421143445115e-01 7.726971169017150531e-01 7.760020095725642664e-01 8.047522859297767672e-01 8.216528694442486458e-01 8.178906483645416170e-01 8.111360261579056985e-01 8.162652666507540511e-01 8.175619239291608276e-01 8.255428483555062869e-01 8.073605916010240247e-01 8.265276550936665467e-01 7.781139477043362840e-01 7.842779095710767923e-01 7.886887233207297010e-01 7.742357912942099407e-01 8.028093390680233199e-01 7.692566654537393855e-01 7.852620418880361663e-01 7.632171320189424790e-01 7.658108384026912629e-01 7.997380201833669267e-01 7.486830430071057529e-01 7.872328485889173999e-01 7.767839624389577535e-01 7.651206933156705636e-01 7.813512648902602997e-01 7.745401789178870677e-01 7.731674260264344012e-01 7.771269545926264843e-01 7.453577977413272659e-01 7.632799314091384124e-01 7.843755374821200776e-01 7.972625329687176299e-01 8.080876713438753800e-01 8.179520688983151766e-01 8.300614441738223270e-01 8.021973560876343168e-01 8.045864521803816061e-01 8.068210224711329648e-01 8.122502515908703868e-01 7.907248524125698452e-01 8.184389228476106615e-01 7.958866979779056772e-01 8.193246132457855380e-01 7.873592763950341133e-01 7.873670673162798117e-01 7.995418832894410910e-01 7.996335440318816934e-01 7.988145562046996551e-01 8.079061039358389484e-01 8.157744016020056499e-01 8.114446022873873510e-01 8.137378101268694097e-01 8.104091642134558793e-01 8.084081570802897909e-01 8.243103198531498421e-01 8.062162202689001633e-01 8.073293999286240696e-01 8.115420578514409566e-01 7.770717056888595264e-01 7.792893172545349856e-01 7.970147320474256780e-01 7.659961510699532239e-01 7.850751409127212366e-01 7.995444801992370731e-01 8.101668830144592715e-01 7.784942810729658103e-01 7.844491116787396523e-01 7.969700917359018311e-01 7.983259890029016370e-01 7.641013284437321307e-01 7.839175797530789636e-01 7.825353459440433923e-01 7.913343991901992114e-01 7.894105454528925758e-01 7.815850677145789183e-01 7.738505377808744257e-01 7.812833467978901325e-01 7.812998522399887680e-01 7.656844440008839792e-01 7.657840155283168748e-01
7.319182799180895538e-02 5.124182826849897621e-02 3.783980005179830020e-01 5.975913280129822036e-01 4.303374853349329343e-01 5.015508540741608901e-01 7.243488999799702066e-01 1.000000000000000000e+00 6.145318622218692850e-01 5.239265728694264546e-01 6.796020743744963788e-01 7.576795881269863253e-01 6.684293689693785456e-01 5.525476296865116099e-01 7.655566928820907169e-01 7.783340564897848202e-01 6.187574714553040200e-01 5.906103439850369785e-01 6.704692125160496285e-01 6.132219723013714319e-01 7.213256386301710732e-01 7.596638039599151737e-01 6.489910193101432467e-01 6.084748777261128616e-01 6.947055164551413364e-01 7.275450787743297232e-01 7.252082516608794327e-01 7.452155807005330646e-01 7.200652824014481812e-01 7.221712595896426778e-01 7.588909088299843342e-01 7.424541751598989769e-01 7.270580847192654739e-01 7.298751757593427980e-01 7.376596841156335405e-01 7.291436096272927436e-01 7.262296281621294369e-01 7.624232238356694058e-01 7.687223753593269704e-01 7.601229243821764348e-01 7.511303552149843910e-01 7.627120228505682720e-01 7.741488695610087012e-01 7.781336374978377046e-01 7.458717724689086781e-01 7.680663399846476835e-01 7.300876354084058217e-01 7.336751801427883191e-01 7.346509380931069977e-01 7.477113305723412928e-01 7.634943895169951089e-01 7.433094154609094506e-01 7.442173056225981354e-01 7.180313067395192039e-01 7.291749299803852447e-01 7.519123134769323258e-01 7.239238674933948792e-01 7.496378923951575457e-01 7.388446287228418452e-01 7.183740320184999195e-01 7.466910304983438440e-01 7.416883492312079662e-01 7.441785227952953941e-01 7.364930700329939128e-01 7.039779395277622198e-01 7.232905208775324279e-01 7.285314503873377978e-01 7.325919829049435394e-01 7.332431609917452464e-01 7.480011916644920822e-01 7.830693791455957120e-01 7.515823575189312100e-01 7.249962291359004496e-01 7.480243972499238669e-01 7.494465233983634844e-01 7.352900904842761820e-01 7.572762506770318591e-01 7.503840165180160060e-01 7.534952539568269270e-01 7.374088938941510962e-01 7.336836339879064806e-01 7.451873268649978899e-01 7.454849069275726325e-01 7.423572142756733605e-01 7.471749276169123988e-01 7.476164521045489675e-01 7.529692004744857892e-01 7.578284931663809010e-01 7.498291837816829508e-01 7.561597027998493425e-01 7.570046645507894079e-01 7.510208441465860973e-01 7.536793482997501403e-01 7.544345838277151106e-01 7.255115061347063854e-01 7.259674497044107389e-01 7.552232481587440871e-01 7.366266464453810059e-01 7.433857145653832710e-01 7.519003177487743050e-01 7.597166232315423207e-01 7.433553170061496518e-01 7.342021916231733503e-01 7.519943570484616258e-01 7.553103952561501799e-01 7.313966237127644821e-01 7.353669189769146408e-01 7.301484715875767861e-01 7.454668542746988313e-01 7.427881676421749235e-01 7.407022844905962744e-01 7.246599578295369604e-01 7.385064666889751273e-01 7.367945131095379185e-01 7.228041645676077653e-01 7.215680968678461760e-01
1.967384800919248777e-01 1.735297571325887522e-01 3.254160193586267402e-01 4.748857630967950882e-01 4.245377709836541946e-01 4.791435694069058893e-01 6.504158760374171289e-01 6.145318622218692850e-01 1.000000000000000000e+00 6.456987676769058160e-01 7.510147165862004481e-01 7.843460014152937587e-01 7.247654165790297087e-01 5.767716191184668606e-01 7.840652145936242157e-01 7.690104289329261489e-01 7.619222836343695349e-01 6.539112988071720256e-01 6.940420136953362462e-01 5.828394779159784544e-01 6.509620818107881846e-01 7.288787723979720523e-01 7.454418792559810436e-01 6.525909163568568427e-01 7.194419975204479067e-01 7.950208558840843320e-01 7.706501785598671717e-01 7.428644491188126642e-01 7.380184006452860102e-01 8.349047891079931505e-01 8.363182700833940997e-01 7.676605798712532458e-01 6.758136181918675822e-01 7.465231456340274407e-01 7.806313590220061993e-01 6.968073582747299488e-01 7.940647744359636828e-01 7.341789575193444772e-01 7.862284740311853426e-01 6.836097166520436197e-01 8.011111657168904499e-01 7.782301831139929460e-01 7.518470767824066980e-01 7.957857952180759087e-01 7.965110194142873690e-01 7.833380651578251141e-01 8.251663699033829902e-01 8.354460900764186793e-01 8.221313747719914966e-01 7.454879572606839533e-01 7.737587056240385897e-01 7.860813678280161865e-01 8.274370067034484411e-01 8.525259856550558846e-01 8.273049029908980945e-01 8.086760873599587729e-01 8.336619726738804248e-01 8.193507991657416056e-01 8.094013688369670056e-01 8.576637571299023932e-01 8.276754560207871814e-01 8.345957526199277998e-01 8.128584028205404488e-01 8.365011103751051058e-01 8.531662835385142030e-01 8.568391110087572038e-01 8.364754451253509915e-01 8.314927520131750738e-01 8.277125214755440830e-01 8.116261978864982574e-01 8.207374977432327912e-01 8.330693972345415421e-01 8.120644458046548664e-01 8.223293266399660517e-01 8.237015059120972316e-01 8.317517451922186167e-01 8.122611181321488516e-01 8.217169940417674567e-01 8.165887217058538372e-01 8.508016912772315976e-01 8.383941442009863465e-01 8.399280001333178092e-01 8.386789570446058217e-01 8.332246228292156109e-01 8.062251801870460310e-01 8.165553226222100891e-01 8.123471238150159479e-01 7.960044416055787053e-01 8.154909916972838957e-01 8.044106156625727699e-01 7.784863151213665677e-01 8.125859711092549009e-01 8.172502442667145539e-01 8.149846447772433056e-01 8.296371744908606072e-01 8.305660359419140271e-01 7.777453775626745891e-01 8.290714730857566828e-01 8.263247199273124899e-01 8.071230742450501427e-01 8.019545251646666983e-01 8.235168617467234498e-01 8.372273806111131256e-01 8.241284825785979429e-01 8.246730102702775067e-01 8.286431412530057550e-01 8.341094387448593217e-01 8.370877611020868247e-01 8.291572353552298935e-01 8.289814758274350881e-01 8.231580164825890167e-01 8.487395753631081785e-01 8.320867568675275328e-01 8.328837707535543533e-01 8.462634295597626366e-01 8.483253779794150962e-01
2.496008756763857736e-02 1.447495171591692831e-01 2.929940202586833187e-01 3.730575177549203536e-01 3.706862080299599405e-01 4.424694225478414400e-01 5.850300368001388751e-01 5.239265728694264546e-01 6.456987676769058160e-01 1.000000000000000000e+00 6.658451333881777456e-01 6.742292954043552777e-01 6.398142371295194586e-01 5.365480866601349819e-01 7.032016752853167407e-01 6.727374594866893931e-01 6.369478747108753280e-01 5.734538417812886646e-01 6.143671185870095419e-01 4.844222917142075313e-01 5.106422485412785983e-01 6.142167944129351964e-01 6.294275239868969418e-01 5.770486902815818997e-01 6.237019265290640879e-01 6.988395677041394638e-01 6.858646165875080802e-01 6.650093422389581344e-01 6.467689555044464633e-01 6.960306494395855914e-01 7.139319416759690728e-01 6.914998282941203778e-01 6.112429218720281110e-01 6.660178044907590911e-01 6.797625509818553402e-01 6.185315066248584515e-01 6.832141993604810004e-01 6.719362847111408632e-01 7.007125694520559556e-01 6.482814554402367424e-01 7.261737429374209851e-01 7.075304565389081146e-01 6.773903018060812853e-01 7.127022978461995395e-01 7.233012637593907446e-01 7.135921065474888358e-01 7.404946530310722030e-01 7.504794192158317223e-01 7.324030109945059985e-01 6.499060207525150235e-01 6.827975154582465178e-01 6.594743400693775515e-01 7.093121922575862381e-01 7.438934598903664819e-01 7.245478149768538323e-01 7.218155625507390871e-01 6.937815899224657468e-01 7.267703751507846865e-01 7.128555574104588066e-01 7.409347818199285562e-01 7.184860551922657157e-01 7.257885750627833810e-01 6.957937269582498141e-01 7.216032133357438427e-01 7.302380471647244020e-01 7.249563747413269033e-01 7.417472637067956676e-01 7.407257457176139592e-01 7.375274334002396293e-01 7.091246292649694416e-01 7.198267917458769372e-01 7.381964487436137867e-01 7.274979792514905119e-01 7.296622205080881551e-01 7.385216634449307538e-01 7.393155248036709093e-01 7.337500600407841356e-01 7.333805853681863995e-01 7.408248201661487009e-01 7.413796683444658919e-01 7.353969223252406762e-01 7.439967344870894728e-01 7.363957751718313016e-01 7.352811327342504422e-01 7.222663203852607294e-01 7.367504553953921898e-01 7.307788708599943783e-01 7.278554046443358461e-01 7.370306226513125836e-01 7.253123256560070065e-01 7.178495958388261267e-01 7.392492056178256998e-01 7.356403666946419451e-01 7.369832394550117627e-01 7.433648809918989020e-01 7.446189480466606225e-01 6.991491096416567741e-01 7.048356453224712270e-01 7.282252450587876069e-01 7.238632423649390413e-01 7.262489688877712402e-01 7.199530689448514487e-01 7.350735406761861324e-01 7.344025826506322963e-01 7.292639974143545478e-01 7.112837706469865573e-01 7.383585124816715028e-01 7.453600207408709322e-01 7.391854524443721708e-01 7.396424932899988702e-01 7.330571922039821331e-01 7.431947814802499774e-01 7.365336315822852420e-01 7.325548227303869675e-01 7.399859349896545924e-01 7.355827228468528878e-01
5.346313318451324098e-02 1.302527647983462433e-01 3.606466531049117297e-01 5.393263946675525000e-01 4.163166344136507435e-01 5.377923426301136622e-01 7.462897419732762438e-01 6.796020743744963788e-01 7.510147165862004481e-01 6.658451333881777456e-01 1.000000000000000000e+00 8.571231622897333979e-01 7.571264292203302437e-01 6.243516825298661699e-01 8.491102937598529188e-01 8.321110540166005709e-01 7.548107686760808788e-01 6.825265907643949248e-01 7.430042176984230640e-01 6.412870903371308273e-01 7.043581874295740120e-01 7.830602325578609468e-01 7.491499372348211505e-01 6.939183115104233801e-01 7.608221358306385129e-01 8.382517601746396485e-01 8.289287124002823193e-01 8.161848861195510896e-01 7.808591454721696135e-01 8.402141680943625568e-01 8.802959137303023596e-01 8.384067900015013119e-01 7.610330696187215249e-01 8.077635839599535128e-01 8.169156222508776599e-01 7.779507931059114201e-01 8.304543651403848425e-01 8.307792114469841893e-01 8.547625171178121484e-01 8.089078663822106829e-01 8.734963400285911117e-01 8.629109589820163073e-01 8.328390830313554538e-01 8.711230539008226748e-01 8.661576778131938603e-01 8.628274094865562294e-01 8.818307530715544518e-01 8.814344627699884915e-01 8.790071140405351091e-01 8.227885769187575082e-01 8.530462853160477588e-01 8.290994243810634323e-01 8.687033829055599288e-01 8.688787347091491142e-01 8.596323478264016327e-01 8.680601455630418961e-01 8.471700095688869947e-01 8.730427687809341197e-01 8.638494622611287976e-01 8.728001599181756109e-01 8.753895352160911969e-01 8.667507763198940562e-01 8.585568924137493285e-01 8.699695636518306463e-01 8.624307426384846265e-01 8.679812407468897595e-01 8.863502044910716027e-01 8.851535035832561737e-01 8.807831217983460581e-01 8.695473124832827638e-01 8.854166138901566896e-01 8.890671450913560925e-01 8.685189223058406016e-01 8.787712241424198156e-01 8.877857935223139041e-01 8.856359862198948107e-01 8.831138479667866026e-01 8.797104683652635648e-01 8.849456497373410224e-01 8.866064722062632075e-01 8.803652528908263442e-01 8.919123124310852635e-01 8.864778089738685196e-01 8.787164684660080383e-01 8.768117777808508428e-01 8.829894086394362018e-01 8.810958632292708037e-01 8.823751600478328960e-01 8.831300244366406815e-01 8.809177272792206859e-01 8.740927631440216228e-01 8.878363266596968062e-01 8.868839517864282040e-01 8.865292022732041977e-01 8.844593461078370522e-01 8.865276834826222307e-01 8.674021505733671145e-01 8.661001018554064235e-01 8.843860976594888346e-01 8.838018123379262070e-01 8.830834482053623313e-01 8.785039665603426862e-01 8.835725528118458794e-01 8.853177814348192065e-01 8.845014349342699145e-01 8.663400497798151578e-01 8.866219277013492883e-01 8.859717433737175352e-01 8.869574913678690553e-01 8.882668146752829008e-01 8.839638908914964066e-01 8.825263578666010522e-01 8.831109874613037869e-01 8.818995617568720080e-01 8.815902865107432262e-01 8.784367488219686493e-01
6.741477926371426677e-02 1.090789501549052631e-01 4.099978155356966414e-01 6.331598015774302368e-01 4.509285531260825985e-01 5.962161784927030306e-01 7.903040847873099572e-01 7.576795881269863253e-01 7.843460014152937587e-01 6.742292954043552777e-01 8.571231622897333979e-01 1.000000000000000000e+00 7.948852803961706792e-01 6.640819707250910087e-01 9.111792641148781513e-01 9.002448850111564038e-01 7.895698684913896592e-01 6.966078159971406114e-01 7.835042305317814204e-01 6.942266589362477980e-01 7.971188187451658802e-01 8.574242776935180332e-01 7.759024094551547623e-01 7.162842555624437946e-01 7.990077858043179715e-01 8.769530175589346221e-01 8.698132127034532424e-01 8.683359660526400736e-01 8.214280153189081890e-01 8.738969356769525909e-01 9.221269366047620819e-01 8.816621093191726599e-01 8.271252960016272082e-01 8.539722090896662010e-01 8.677238098874635597e-01 8.470698427052387736e-01 8.816435593793193748e-01 8.948771287968035892e-01 9.155996501385275099e-01 8.693312416514661356e-01 9.186333109634884364e-01 9.140196061484380241e-01 9.044104021777477076e-01 9.263110551808302340e-01 9.135451309487930827e-01 9.176303274640468244e-01 9.198134844785307296e-01 9.213650665416411867e-01 9.229291956811155329e-01 8.809547108195614484e-01 9.143768374474300353e-01 8.861318162834047607e-01 9.188758715423129830e-01 9.116808207217496074e-01 9.090148508217369416e-01 9.178456312523426419e-01 9.025557023893521214e-01 9.213792026715643679e-01 9.129828646960514993e-01 9.154262540787214686e-01 9.266620082047117846e-01 9.230797722189105770e-01 9.138551032075028502e-01 9.218398825096011384e-01 9.036560919106360057e-01 9.190102720392002711e-01 9.232249249837298777e-01 9.202481481574817934e-01 9.159792307670171496e-01 9.224288107760315603e-01 9.455499037038410659e-01 9.327178654546016690e-01 9.024132949699716910e-01 9.198198617266001298e-01 9.301302467506696869e-01 9.224924126586464546e-01 9.255982825963866567e-01 9.165181088779303931e-01 9.250916676803135896e-01 9.249492114668944609e-01 9.205096214644504782e-01 9.338017895400462232e-01 9.268383146845065035e-01 9.220046352433662884e-01 9.187016072876045270e-01 9.219367490492905715e-01 9.283732315294795923e-01 9.246660374226995938e-01 9.275336145590578063e-01 9.250142555005338441e-01 9.189526768164687498e-01 9.292038766677923611e-01 9.309898392867598238e-01 9.311217221138705646e-01 9.215856678076359554e-01 9.219062122098214962e-01 9.142177077841592281e-01 9.155034676962684470e-01 9.274563063857804712e-01 9.279603482045417628e-01 9.298349905782362645e-01 9.259391786367094923e-01 9.274069098400762323e-01 9.328150773706759269e-01 9.326416537461572620e-01 9.151775290598999080e-01 9.268124983018400931e-01 9.247875669971703516e-01 9.289950462942315745e-01 9.286323324261104295e-01 9.253178733026754532e-01 9.235990821917580140e-01 9.274192666854944589e-01 9.261477685172825325e-01 9.196719395069580250e-01 9.220832830208577358e-01
7.112329583048970782e-02 1.265889873308293223e-01 3.408258135955277157e-01 5.041249802711234018e-01 4.668844584132731956e-01 5.086223038298361976e-01 6.999124820163323824e-01 6.684293689693785456e-01 7.247654165790297087e-01 6.398142371295194586e-01 7.571264292203302437e-01 7.948852803961706792e-01 1.000000000000000000e+00 5.864800395367106844e-01 8.060619123864593005e-01 7.900242452297218110e-01 7.062608273929014135e-01 6.307512965778987457e-01 6.847441692789025813e-01 5.835074524811766361e-01 6.474593265625472327e-01 7.302188345402532699e-01 7.118209103000596727e-01 6.335124102082109188e-01 7.072147532372914380e-01 7.877496495306051116e-01 7.768857213470375944e-01 7.665362526707711899e-01 7.340578646868787249e-01 7.888964275712824215e-01 8.178193283579086037e-01 7.780595031295874930e-01 7.272075938706648035e-01 7.390535622323739506e-01 7.703483795737301465e-01 7.248874697215853535e-01 7.805881198289624789e-01 7.719440123852634450e-01 8.012734688950909900e-01 7.513538659317834378e-01 8.213893884206378004e-01 8.092787318814799180e-01 7.884066777890821331e-01 8.195953236909441220e-01 8.125882155488169944e-01 8.115407877464838604e-01 8.274405975060052931e-01 8.298074670751205417e-01 8.192369440967891547e-01 7.491361298564747084e-01 7.831188584501621586e-01 7.671705879688957008e-01 8.166309341570084923e-01 8.224127220894500434e-01 8.107696233268196773e-01 8.113632960170391595e-01 7.939832479334248960e-01 8.228086379499300884e-01 8.033928891537828187e-01 8.295899311379765217e-01 8.231023889126813931e-01 8.195581369209037348e-01 7.970756706421634474e-01 8.178915426679502776e-01 8.195323665601458307e-01 8.242559379204065229e-01 8.283978042101476369e-01 8.275588240147029317e-01 8.238278110208859806e-01 8.121130880178847322e-01 8.267856407233086236e-01 8.340010988649746437e-01 8.037144563765143968e-01 8.206434914236271361e-01 8.321691273425300128e-01 8.334106354501026326e-01 8.296445414587347855e-01 8.229024511999244451e-01 8.303785608769811422e-01 8.341270841037792261e-01 8.327174051698297275e-01 8.362634559909295495e-01 8.259100070428173623e-01 8.318621515579714965e-01 8.163420726813728212e-01 8.178823357443315567e-01 8.255714163824086071e-01 8.234418900803704977e-01 8.284785474476220601e-01 8.223527944086566066e-01 8.188049821365308567e-01 8.322553436770449009e-01 8.318579340902184649e-01 8.333809550756123841e-01 8.313987037190706531e-01 8.315756258524104050e-01 8.040710003352361523e-01 8.083775525814098639e-01 8.278391010784625914e-01 8.212796136739646258e-01 8.268841180782833256e-01 8.194884598375817841e-01 8.325094893122830797e-01 8.336170327604042196e-01 8.267049385000805328e-01 8.162472809951988317e-01 8.296327797305502738e-01 8.345744144289988231e-01 8.323450115580196540e-01 8.336735098389059795e-01 8.266361243920092861e-01 8.341188792437133070e-01 8.330038407948551216e-01 8.277870040859238721e-01 8.311177495220656297e-01 8.299083060558196667e-01
