1.000000000000000000e+00 1.010503530982915371e-01 1.314781048058359381e-01 1.181520105892983757e-01 7.987175396775232639e-02 3.376285693270977134e-02 5.919142705626433132e-02 8.449682597240459891e-02 1.720525291683591418e-01 7.761190647480564753e-02 3.065328422543174905e-02 5.332312039070202098e-02 7.273134992390105358e-02 -1.682847445497282976e-02 2.039440841547929609e-02 3.933577587170550977e-02 1.101712916633734302e-01 4.215476228914996626e-02 2.111650296809613331e-02 6.014084860318900244e-02 8.695498918277781708e-02 3.872937311528526494e-02 2.382124762483230074e-02 -1.604253763953594541e-03 1.090206057634619287e-02 5.290902755419253645e-02 2.307441522300343259e-02 9.118074823188580119e-03 9.853178883805381594e-02 4.042378405471894892e-02 1.987200087603922458e-02 5.520850842672921782e-02 4.967836439572748640e-04 1.997308410125348335e-02 4.237038993396350685e-03 3.196783480666152977e-02 -1.600102623178135605e-02 2.208844489244016218e-02 1.223042200909458393e-02 -2.189588256389010321e-02 4.879647731384053992e-03 -9.355988504773728870e-03 7.409878598405184730e-03 1.084523874059969972e-02 1.471967357068285596e-02 -1.351449964345739991e-03 1.120552291890182690e-02 2.705708270457716016e-02 5.349046890256042852e-02 6.469296157907615530e-02 4.297682723681886530e-02 8.593052034919644588e-02 5.055251941089128342e-02 3.783818091775624504e-02 4.805518962106503783e-02 2.167210675069776091e-02 1.034623530524919760e-01 1.818089417093417259e-02 2.473212236216952575e-02 4.451555807625021816e-02 4.593474720514219289e-02 3.984623511565038578e-02 5.650909387516640792e-02 5.579320947677005732e-02 7.838821602215588491e-02 7.569468978411286741e-02 2.742152066313999909e-02 5.655789395500630118e-03 2.224833181929673775e-02 1.098193320006074676e-02 7.992327857556533188e-03 1.322529169332943566e-02 1.070645250259980334e-03 -5.106284812143273635e-03 1.357805734094710490e-02 8.859725391035386949e-03 -1.519135618910062973e-03 4.299119074610915914e-02 -2.773789907901726227e-05 2.498218372273458207e-02 7.950231926726865697e-03 1.271647406107854865e-02 4.246549295562702248e-02 -4.255286565008994937e-03 1.024753548643071201e-02 8.202286636821889965e-03 -3.103176006419560221e-03 4.962303543094484688e-03 -2.716078781059941575e-04 2.552100064170536448e-02 -2.228593814328776526e-02 -2.765595891820760502e-03 4.790478138993594336e-03 -7.032034144500807528e-03 7.224714768821277611e-03 1.009052015604585371e-02 3.475332452532582661e-02 6.819393195484863002e-02 2.806331669698406903e-02 1.153036652462118526e-02 -7.109098004255780083e-03 3.997168178375142683e-02 3.565483533216530498e-02 8.446362488827553749e-03 4.048513624665386196e-02 5.811699791242640190e-02 3.062155185204433819e-02 9.082075057547730687e-03 2.500526520731123983e-02 1.714180124121673574e-02 1.434518217761963921e-02 2.832134997432451604e-02 1.919385039308540639e-02 3.071009040844964108e-02 4.137774682845127977e-02 4.785891008955800441e-02
1.010503530982915371e-01 1.000000000000000000e+00 8.276196499101083626e-02 1.256215260534519484e-01 7.795688359477866147e-02 7.801013951069607488e-02 1.293706829848360607e-01 1.330605913525217121e-01 1.637171457762226223e-01 1.685753851896352185e-01 1.432178264375298382e-01 1.516885156403300627e-01 1.538778123078599347e-01 1.052339889860813560e-01 1.564539807103461910e-01 1.608524019304088670e-01 1.451750924940527210e-01 1.840304850922589164e-01 1.846632118213530627e-01 1.659533602404061059e-01 1.564321503818403847e-01 1.593117366610440344e-01 1.705001381448499886e-01 1.584779821919076459e-01 1.630745346354257885e-01 1.847900504641070418e-01 1.505499763453676809e-01 1.465097608771373239e-01 1.533149219152598330e-01 1.710113678609022358e-01 1.459960934144175215e-01 1.649494224188233771e-01 1.110595909174601631e-01 1.421368653283264782e-01 1.312417519043679870e-01 1.316359113243223689e-01 1.221481818637824845e-01 1.548967488096245904e-01 1.468690369465214252e-01 1.471889686763416805e-01 1.522073087419928417e-01 1.455308209505259409e-01 1.575387530631436050e-01 1.537882002383491320e-01 1.465186765866078045e-01 1.512366577119652333e-01 1.553675149121714338e-01 1.664294585205774724e-01 1.623883798663331157e-01 1.311173513858653883e-01 1.527037497173094616e-01 1.269727383512509744e-01 1.582418480152094908e-01 1.803493071490495925e-01 1.787741340595203343e-01 1.657412264261916290e-01 1.698271827220409202e-01 1.634971595077111817e-01 1.702764131600105479e-01 1.649165612230586442e-01 1.564994524256921038e-01 1.768060936803510785e-01 1.734890916342441691e-01 1.626423542116101628e-01 1.672914415562958002e-01 1.645197399907996905e-01 1.644011083486631997e-01 1.697776727973532851e-01 1.644375843431348516e-01 1.722270996760386363e-01 1.627845763806541335e-01 1.588743946277904051e-01 1.712994555993628265e-01 1.649165084753210220e-01 1.655929443034349358e-01 1.586819176187489189e-01 1.526899577784353867e-01 1.599738010306557545e-01 1.578700007797664284e-01 1.659508172757539479e-01 1.543978028713318407e-01 1.586123676166863172e-01 1.643128182063751108e-01 1.507663587564747609e-01 1.431574573184550003e-01 1.551098658947620834e-01 1.455827943439228778e-01 1.584837065838519132e-01 1.513961060366285638e-01 1.701248098866228742e-01 1.472019014237319345e-01 1.534048226531152526e-01 1.563333685557470876e-01 1.535056458354497888e-01 1.581102558665473945e-01 1.600041557650275503e-01 1.518365428810857232e-01 1.445493501071925257e-01 1.562911601556515040e-01 1.471376160704170044e-01 1.455538881585827782e-01 1.586354851124724408e-01 1.596108235548642229e-01 1.520602239888481644e-01 1.491156730121351859e-01 1.666255384359378033e-01 1.592521008566909479e-01 1.621133157039301720e-01 1.689714524510019800e-01 1.610174825459805004e-01 1.635354649040192954e-01 1.634574228112566363e-01 1.654193251642285534e-01 1.561128042916304914e-01 1.572476874640044153e-01 1.619990562605353457e-01
1.314781048058359381e-01 8.276196499101083626e-02 1.000000000000000000e+00 3.547471424622536396e-01 2.129906473549674495e-01 2.258609821695494180e-01 3.740479832428149631e-01 3.449071047181302418e-01 3.552912058519400729e-01 3.184152045878227977e-01 3.895515442453530985e-01 3.687132601869619331e-01 3.465545892963271535e-01 2.258020079370381961e-01 3.693369617681824257e-01 3.755142623216408682e-01 3.348116092237471420e-01 3.645753826878946890e-01 3.424827287184370461e-01 3.487479176369652767e-01 3.616814689813275807e-01 3.752976504580066153e-01 3.807366441804989621e-01 3.419613584697179243e-01 3.500630741240242094e-01 3.846195332913684428e-01 3.736864532991772125e-01 3.864413643510828389e-01 3.727240522914549437e-01 3.664269176144510087e-01 3.837857946676205279e-01 4.198447796233039098e-01 3.916981149150680075e-01 4.071394128897173337e-01 3.716031594853882458e-01 3.909891904933511242e-01 3.696465937331830376e-01 3.927649811955875592e-01 3.903764928635239939e-01 4.008050153536988902e-01 3.649853923200436778e-01 3.756254595522224293e-01 3.821229410611742816e-01 3.763634113958894134e-01 3.762011229075228891e-01 3.696819332294254967e-01 3.652821658913934511e-01 3.692876331993845129e-01 3.834887260630972516e-01 3.915029678042700745e-01 3.850739897179836779e-01 3.832532037598858077e-01 3.744313739017560705e-01 3.659550944531313466e-01 3.757604949187284271e-01 3.865966792092248583e-01 3.731154588545059769e-01 3.591268558674814426e-01 3.599965694762866097e-01 3.660854215196858163e-01 3.762900224302709318e-01 3.625015095956481415e-01 3.728870714623485627e-01 3.726249945324101587e-01 3.639027367682547975e-01 3.680867066968807610e-01 3.711173218198357548e-01 3.787800158784880300e-01 3.954513272851567507e-01 3.826122289379065844e-01 3.776091019941442140e-01 3.759439289470764001e-01 3.813815557786023880e-01 3.754710565328583938e-01 3.748792159547647551e-01 3.678740624380389956e-01 3.714580598605943806e-01 3.697984359694975187e-01 3.739459995065937403e-01 3.753019052505564557e-01 3.792525049980610130e-01 3.786425216690503803e-01 3.916196799003969220e-01 3.775932720086384031e-01 3.941704492903401191e-01 3.876963974225599019e-01 3.762149557349317996e-01 3.789347152834356969e-01 3.764926792725840632e-01 3.720077549748114776e-01 3.809343969780404349e-01 3.719685602243361089e-01 3.725130004760286440e-01 3.706256021619604435e-01 3.653608109471967458e-01 3.662838119617292665e-01 3.883857522045040533e-01 3.757035147350855642e-01 3.693252909744650925e-01 3.836201073304460474e-01 3.746686136369691278e-01 3.679333569799440595e-01 3.747179397230570030e-01 3.675662500743563932e-01 3.798084105791227350e-01 3.665077437755998035e-01 3.713168823534054308e-01 3.617175751222641011e-01 3.739140839214793455e-01 3.678086187600689838e-01 3.692437968563724859e-01 3.650844209696993969e-01 3.647620331116798731e-01 3.664493171912143743e-01 3.660441853566898662e-01 3.694466612651396975e-01
1.181520105892983757e-01 1.256215260534519484e-01 3.547471424622536396e-01 1.000000000000000000e+00 3.420581626843126055e-01 4.019500615018442580e-01 6.134192021972202369e-01 5.658455507925058692e-01 5.570999383260958338e-01 5.011865046230580267e-01 5.905726433196334391e-01 6.346204814257949689e-01 5.687827942344856336e-01 4.103378928514898605e-01 6.212243277858977564e-01 6.169630336346253463e-01 5.501742800582299919e-01 5.098719100386986947e-01 5.247318054401453047e-01 4.813817473775377498e-01 5.538840997440048763e-01 5.811790375737505565e-01 5.031042785673395246e-01 4.694027100922951168e-01 5.234204116954113140e-01 5.999108339801606515e-01 6.068464476831600951e-01 6.058218313879788486e-01 5.857276623257366976e-01 6.040086428438805610e-01 6.263509261056062760e-01 6.041186657046758723e-01 5.604251461494353936e-01 5.894257509607219170e-01 5.714265554297841554e-01 6.121741015293339361e-01 5.906312165477954901e-01 5.992658731336197864e-01 6.183191688527395202e-01 5.865736517637798464e-01 6.047553805391159276e-01 6.067001612850296821e-01 6.122561595947881852e-01 6.174661790824849117e-01 6.191605365590521215e-01 6.119850144403764514e-01 6.003563371275983940e-01 6.126923069073115791e-01 6.136916772182889890e-01 6.028893447664142036e-01 6.099004515631207823e-01 6.232181091023457631e-01 6.139473692438915942e-01 6.098509578635278316e-01 6.099817298799529164e-01 6.054751514428925452e-01 6.082119538992805108e-01 6.057787486188606074e-01 5.992187899926820771e-01 6.139197889073064740e-01 6.220400853673822006e-01 6.078432367748703991e-01 6.141281311275126331e-01 6.223861220287191243e-01 6.159851110382525974e-01 6.245833687281607816e-01 6.127778121431206593e-01 6.063842061805355677e-01 6.178354207532957831e-01 6.106461494163700765e-01 6.126256543599419846e-01 6.161032538133753844e-01 5.918227834752894934e-01 5.930572030623082469e-01 6.214028320179295628e-01 6.147939001359649103e-01 6.140620396699494332e-01 6.172073198487622037e-01 6.137306593019300482e-01 6.230891856625826453e-01 6.240652825361276967e-01 6.206008728528489282e-01 6.258107149890201892e-01 6.131497592487558101e-01 6.216740141244292417e-01 6.133971655516297083e-01 6.209551588913562181e-01 6.213932418528229640e-01 6.211490630683370595e-01 6.214244802598664075e-01 6.093348112406835604e-01 6.160691117089021063e-01 6.196162871980883668e-01 6.156318026522569209e-01 6.107401667893223030e-01 6.123923825990876812e-01 6.299118160053728266e-01 6.296985772057615005e-01 6.222262963059108642e-01 6.213136934103629105e-01 6.194726826129277608e-01 6.261788438939790424e-01 6.233534593170994009e-01 6.192285487268347488e-01 6.316849933293747776e-01 6.225982948160139197e-01 6.201771851176163253e-01 6.124442173962442171e-01 6.192130791855062766e-01 6.126746966644031067e-01 6.160971279815175006e-01 6.167429229926932877e-01 6.179782704825548256e-01 6.249818281798781294e-01 6.194194277766958967e-01 6.237607218048502045e-01
7.987175396775232639e-02 7.795688359477866147e-02 2.129906473549674495e-01 3.420581626843126055e-01 1.000000000000000000e+00 3.247726470615349137e-01 4.709507248712188621e-01 4.407876820072035851e-01 4.614760160864381788e-01 4.421766993988273664e-01 4.740468456870781666e-01 4.892593439657232923e-01 5.032423828437098123e-01 3.645564245893004318e-01 5.057368725463912140e-01 5.099587146320802011e-01 4.288355579040071253e-01 4.015185979425920926e-01 4.277509081150894232e-01 3.252580373862083984e-01 4.350106056784667774e-01 4.679493144738927635e-01 4.223086936285835313e-01 3.790551998472813655e-01 4.340981031743922913e-01 4.877620230593031070e-01 4.982252196322013993e-01 4.865004682584520568e-01 4.712820770093144040e-01 4.941018232006295086e-01 5.127246148950480586e-01 4.734919972901240892e-01 4.630905850351504927e-01 4.634211752568397347e-01 4.731502982810476543e-01 4.687207535595916963e-01 4.742764252498030686e-01 5.021607564740607765e-01 4.965807783613073179e-01 4.824250024358415212e-01 5.098077134735085059e-01 5.108290057821590624e-01 5.077676150903592811e-01 5.199918717286892145e-01 5.110748135714956453e-01 5.122923247910574629e-01 5.112082491416103380e-01 5.148444511383023503e-01 4.991955119527717866e-01 4.953716960521648005e-01 5.019399376468149931e-01 4.999196760845108223e-01 5.032119749963461786e-01 5.059473361030135674e-01 5.012318611481672015e-01 5.022122238444808318e-01 4.806917917173433308e-01 5.082349973782517294e-01 4.956168446188847221e-01 5.216651497313256058e-01 5.119677022662318944e-01 5.057024179169528066e-01 4.926006459944447524e-01 5.094578404985665721e-01 5.026456028795363018e-01 5.077017337705583833e-01 5.130127911375947924e-01 5.077860583828760488e-01 5.058700113181761049e-01 4.901370493755741187e-01 5.057779666283725994e-01 5.119546233111167410e-01 4.841005035620807306e-01 4.959445927567306400e-01 5.160944371431901434e-01 5.137434983877993133e-01 5.110437745235266727e-01 5.104017023006406362e-01 5.139714761598181969e-01 5.135993426684298813e-01 5.135999082535742666e-01 5.182703108272144199e-01 5.027801690201199047e-01 5.066776521293880897e-01 5.090364139418976919e-01 5.005503959277882720e-01 5.057098057756818088e-01 5.136657901341626919e-01 5.118178063029223956e-01 5.134947029096323945e-01 5.094642781879115123e-01 5.171492267378632324e-01 5.147862348601548454e-01 5.148457835190666243e-01 5.128242019492013082e-01 5.136168108043288605e-01 5.095436098150404325e-01 4.996311847328850919e-01 5.080506482643882826e-01 5.152418457279103192e-01 5.151297626870686708e-01 5.075121165784477473e-01 5.150467923251882407e-01 5.201599055372724267e-01 5.137220813052382207e-01 4.961184557711428300e-01 5.100866561916659325e-01 5.131448376934912847e-01 5.131530802185784168e-01 5.120858135740546935e-01 5.101140286905854193e-01 5.150554134056570810e-01 5.107023209285111998e-01 5.138353444495669109e-01 5.086758790695685706e-01 5.143437828872043927e-01
3.376285693270977134e-02 7.801013951069607488e-02 2.258609821695494180e-01 4.019500615018442580e-01 3.247726470615349137e-01 1.000000000000000000e+00 5.427671756800204195e-01 4.550874304137919601e-01 5.060308707477589873e-01 4.730903135158374129e-01 5.491632833631706623e-01 5.601624796575788157e-01 5.107530494142973332e-01 3.891095112402941925e-01 5.756117759545926749e-01 5.686753814504409421e-01 4.621003752133259757e-01 4.600991504156788925e-01 4.810504118052132960e-01 4.275721978819580493e-01 4.737875785551065588e-01 5.227899314271858833e-01 4.858686089022781207e-01 4.377461920435478659e-01 4.827081402729709314e-01 5.531987275359364631e-01 5.678315876935993156e-01 5.663821935535076069e-01 5.230971002488742361e-01 5.557649930111532299e-01 5.910322931576866834e-01 5.470095784495987434e-01 5.272589883470388816e-01 5.337217429160262538e-01 5.262126388916010811e-01 5.455402966350412219e-01 5.486874477772484271e-01 5.610892649944912991e-01 5.619118590823715120e-01 5.652278193806431483e-01 5.772311503315963321e-01 5.824102059872493520e-01 5.730812141330162701e-01 5.888090923502264928e-01 5.843969794954431141e-01 5.800544830296394672e-01 5.812376132766801096e-01 5.791951600715837811e-01 5.705085184364339090e-01 5.466174953381305324e-01 5.659833577302002539e-01 5.455586184562165597e-01 5.744001413548076584e-01 5.742133384215698522e-01 5.655943803889905697e-01 5.707938019956741993e-01 5.491507725433011355e-01 5.744758367169613411e-01 5.670541370946433624e-01 5.853991201761260532e-01 5.781549512801186230e-01 5.753203492451478551e-01 5.613686631844767572e-01 5.729505744949037194e-01 5.663019169983130041e-01 5.732151043846193117e-01 5.811233004206454167e-01 5.777782360121908045e-01 5.839514021748622996e-01 5.805900579530653971e-01 5.759476682103094047e-01 5.818034371439143593e-01 5.635409844891536846e-01 5.682204936537706974e-01 5.872068045140370618e-01 5.858374084717757890e-01 5.867912610304900634e-01 5.728874199151750002e-01 5.906626352826450654e-01 5.885715835694471654e-01 5.858760034921813853e-01 5.909644918437856331e-01 5.784719120654380209e-01 5.769147163025092340e-01 5.736516337180089797e-01 5.748752686497551334e-01 5.818116651882363488e-01 5.858177934514395835e-01 5.875449354734453289e-01 5.873525317965859749e-01 5.825605788650117800e-01 5.885295555401469647e-01 5.879881066448133797e-01 5.881191493343478349e-01 5.861108184104856234e-01 5.844852291515288956e-01 5.731408046637312959e-01 5.654047199673585267e-01 5.786960361833722866e-01 5.811436841229439265e-01 5.855135240836784050e-01 5.742450651416927121e-01 5.843683727319515242e-01 5.877366588882533271e-01 5.795565779129555617e-01 5.670324330334706175e-01 5.800037449177463111e-01 5.835593539924336381e-01 5.839412450958284539e-01 5.843411658023032196e-01 5.818220088136271118e-01 5.848129958031891285e-01 5.821790358647880304e-01 5.792778045162055855e-01 5.800612767844696149e-01 5.800270519908667932e-01
5.919142705626433132e-02 1.293706829848360607e-01 3.740479832428149631e-01 6.134192021972202369e-01 4.709507248712188621e-01 5.427671756800204195e-01 1.000000000000000000e+00 6.866097151096047790e-01 6.870851739825691862e-01 6.609493048792521863e-01 7.549155305287836848e-01 7.724209792992713375e-01 7.135075886199372386e-01 5.395420265363743972e-01 8.297868239258862078e-01 7.766893232854350515e-01 6.624818187370092870e-01 6.795726006247717610e-01 7.072736730046313980e-01 5.960844773400070240e-01 6.957959364703314442e-01 7.583936152911993078e-01 7.036503866201904156e-01 6.518490642188551343e-01 7.058006794887838886e-01 7.801688104175973359e-01 7.916520134280906618e-01 8.067518662380881445e-01 7.715231213759933260e-01 7.643491127209020020e-01 8.243412548593075373e-01 7.624623942070032356e-01 7.402098600075042167e-01 7.456102704650233726e-01 7.309036020685263368e-01 7.484855762275346436e-01 7.754502909149306733e-01 7.789327803586273413e-01 7.846070972683057976e-01 7.878005470043790703e-01 7.854196324986648658e-01 7.981787362456594925e-01 7.885480756406832992e-01 7.995008054834746858e-01 8.056155201022503487e-01 8.069866283750203317e-01 7.808243383835010709e-01 7.796951773370986993e-01 7.690099828210412714e-01 7.414366733342426796e-01 7.631944226064814041e-01 7.431607531162173208e-01 7.722811822377032565e-01 7.719187669793780016e-01 7.616171371885730457e-01 7.888012560154868957e-01 7.311950190407772165e-01 7.746894722314462411e-01 7.628952623177162051e-01 7.801205248189497787e-01 7.754327177414263028e-01 7.692212107759742734e-01 7.491071046039007308e-01 7.626509349969287088e-01 7.608176309876923948e-01 7.704008063222183011e-01 7.849248992966710858e-01 7.896825655497401453e-01 7.927824160503629258e-01 7.851208252695980327e-01 7.956562233252483241e-01 7.944473387215924554e-01 7.786236930153195290e-01 7.880210274704452234e-01 8.032130925910051511e-01 7.966226085064458395e-01 8.095841831674644995e-01 7.998090986125647728e-01 8.112532224859223540e-01 7.934815332467712867e-01 8.049193342323850420e-01 8.023290332714811957e-01 7.913267889231440089e-01 7.924736238658787180e-01 7.863095724389360663e-01 7.879928281667185619e-01 8.004557885713782239e-01 7.985240343751199843e-01 7.967786568184480611e-01 7.891913822091477515e-01 8.073289704157485813e-01 8.013626149040941060e-01 8.005614573654368238e-01 8.023450821750490736e-01 7.844003834906184691e-01 7.846544815335009249e-01 7.806594044147083800e-01 7.586071057724098621e-01 7.762877281327617007e-01 7.896184760200386510e-01 7.958840786718660576e-01 7.699443278942846858e-01 7.835628199490985990e-01 7.907252393869831364e-01 7.839256609690734567e-01 7.598485296677758294e-01 7.777863374553811715e-01 7.835813089370503581e-01 7.867066389930148507e-01 7.828753769943485041e-01 7.821795559856025148e-01 7.825431607234822895e-01 7.807251727007304964e-01 7.774880479648337284e-01 7.727374123927602811e-01 7.772637362366624503e-01
8.449682597240459891e-02 1.330605913525217121e-01 3.449071047181302418e-01 5.658455507925058692e-01 4.407876820072035851e-01 4.550874304137919601e-01 6.866097151096047790e-01 1.000000000000000000e+00 6.914701655875515884e-01 6.603980100114847929e-01 7.214607220590222303e-01 7.552017758313412932e-01 7.108326323919027523e-01 5.426015010936193761e-01 7.698889422598894638e-01 7.891455745821246426e-01 6.692116269212365909e-01 6.249747607069463529e-01 6.534152721245307660e-01 5.636499314439381569e-01 6.492603805097487690e-01 7.028833707190671465e-01 6.475941041531917408e-01 5.708407837409176233e-01 6.221161664447250050e-01 7.147914589360516713e-01 7.306910412351046435e-01 7.314694549971584303e-01 6.973349221123230635e-01 7.403703778912794631e-01 7.658175321644938860e-01 7.636778547149386531e-01 7.115000491938983096e-01 7.367354370849383827e-01 7.204778616481992692e-01 7.378188084428641824e-01 7.228519052287528668e-01 7.833361181620953628e-01 7.740041053398281079e-01 7.578427220668831898e-01 7.536009957296692097e-01 7.661991648616820472e-01 7.634256742844397481e-01 7.709015586468264125e-01 7.668628625316556979e-01 7.723372452574376323e-01 7.735102896595666966e-01 7.760041513153206338e-01 7.844914117451755597e-01 7.653440595959543069e-01 7.812681846151068310e-01 7.445705845333407957e-01 7.597373481089703118e-01 7.765521122775531637e-01 7.771896543694880588e-01 7.644289886974747761e-01 7.740414459714017870e-01 7.771279402544628567e-01 7.827656288483911817e-01 7.720139994144403772e-01 7.830777956647454463e-01 7.772125589257449230e-01 7.805110024855148598e-01 7.746466835425031006e-01 7.609991790913410714e-01 7.711245504247201676e-01 7.736401208355064840e-01 7.638779357565812500e-01 7.752504288667295684e-01 7.554692401799798507e-01 7.561317568426806357e-01 7.647051111695254422e-01 7.386715120237377086e-01 7.347303354835318379e-01 7.687424038827747053e-01 7.655238246741097319e-01 7.592520812190168833e-01 7.577032448909227780e-01 7.631911169208398515e-01 7.791761223362017041e-01 7.727407646854121959e-01 7.753961268817062269e-01 7.792793378336406729e-01 7.718481596222438457e-01 7.801342911958867310e-01 7.717503794517840410e-01 7.699822879562103761e-01 7.862537200463416420e-01 7.793244200520225151e-01 7.759123958069242821e-01 7.709776950219900948e-01 7.737210359182045138e-01 7.764830541003658881e-01 7.754658558551719150e-01 7.730718077349401085e-01 7.747484438124958572e-01 7.921766627965194374e-01 7.790153519082095857e-01 7.815314430708519833e-01 7.813574971245974554e-01 7.770488939007035301e-01 7.842393885726071101e-01 7.768094002511249929e-01 7.776377646482842687e-01 7.783864617407412201e-01 7.790304227539258664e-01 7.808022724921065416e-01 7.703452884646910803e-01 7.800192625128197221e-01 7.772508377594674611e-01 7.822132153187113524e-01 7.754505764137791246e-01 7.792587139330218182e-01 7.779634493039130350e-01 7.638507035131216760e-01 7.725628685525526285e-01
1.720525291683591418e-01 1.637171457762226223e-01 3.552912058519400729e-01 5.570999383260958338e-01 4.614760160864381788e-01 5.060308707477589873e-01 6.870851739825691862e-01 6.914701655875515884e-01 1.000000000000000000e+00 7.417754395926494659e-01 7.756897017697891306e-01 8.193487904467480210e-01 7.537810795999176916e-01 5.843914727640526774e-01 8.232845847897409808e-01 8.251056062728703289e-01 7.621569375593685303e-01 6.839527228425238414e-01 7.177331701545572873e-01 5.915456414511364169e-01 7.205290021670255340e-01 7.688913457880263147e-01 6.882339609533243419e-01 6.318297712591348647e-01 7.063411520517334230e-01 7.979400461679974077e-01 8.041117382605897923e-01 7.951979640315419706e-01 7.822651031060446902e-01 8.150431811619042177e-01 8.308679944219498070e-01 8.108623791438659412e-01 7.270891659248555072e-01 7.828502992748693767e-01 7.578589321091259157e-01 7.966065474967087834e-01 7.687816528704515262e-01 8.191573418609773283e-01 8.238105124328954920e-01 7.795731468971780487e-01 8.398230478197407090e-01 8.322330093271341767e-01 8.252928138463923036e-01 8.497271422308056987e-01 8.318127707068740939e-01 8.304431260306591733e-01 8.543224989465174612e-01 8.635962384082170873e-01 8.577197807315795064e-01 8.250415825847408069e-01 8.396494002098423559e-01 8.420417024884578883e-01 8.530534626043285718e-01 8.633154504515072603e-01 8.511258807910661028e-01 8.395305103625884113e-01 8.636108989904774935e-01 8.555027022820544946e-01 8.422709892652314734e-01 8.722063261866225270e-01 8.649641779872784264e-01 8.619044447762956862e-01 8.516839879095873256e-01 8.695349051767661264e-01 8.744533947461095025e-01 8.761729137795881694e-01 8.635123287802969339e-01 8.482261443672894918e-01 8.483131467012194893e-01 8.363542533384712430e-01 8.399664496649433820e-01 8.546133783800284878e-01 8.191389136016934414e-01 8.227451058109592763e-01 8.531356600438766424e-01 8.505775585323651633e-01 8.414893967904237826e-01 8.484903087780678588e-01 8.430383907659462217e-01 8.609592749265724265e-01 8.488841621982017305e-01 8.559462794639434158e-01 8.605728274922407328e-01 8.377486432177068121e-01 8.343883685758833879e-01 8.422745034855420032e-01 8.389773940424471999e-01 8.492552493771969857e-01 8.469911494093279591e-01 8.625372886867090916e-01 8.265425644042972975e-01 8.498855304126594623e-01 8.545080579124346709e-01 8.494662698679741331e-01 8.597317968973483548e-01 8.603675680496418732e-01 8.467443514487659195e-01 8.582395550152592811e-01 8.594434999341804549e-01 8.484847020828126807e-01 8.440360279984456815e-01 8.586201154846225814e-01 8.639041187195333205e-01 8.578581411084585939e-01 8.630195692416736675e-01 8.643931043329626807e-01 8.625585845240905103e-01 8.576391884035419189e-01 8.625768929095963822e-01 8.607748152040195500e-01 8.558650098295831343e-01 8.678159869352034539e-01 8.611371709518398365e-01 8.646668058203511587e-01 8.693809662303675356e-01 8.716715386973424851e-01
7.761190647480564753e-02 1.685753851896352185e-01 3.184152045878227977e-01 5.011865046230580267e-01 4.421766993988273664e-01 4.730903135158374129e-01 6.609493048792521863e-01 6.603980100114847929e-01 7.417754395926494659e-01 1.000000000000000000e+00 7.333024504609210181e-01 7.677775115938840766e-01 7.050099999352127389e-01 5.476110409685639446e-01 7.770890566198511706e-01 7.826898924174059413e-01 6.797229097693172628e-01 6.373131368116069506e-01 6.699353646680121788e-01 5.270501910477858321e-01 6.478945508289826183e-01 7.095064984558681065e-01 6.557621140242952951e-01 5.829488073197632847e-01 6.331290799450628448e-01 7.542043570911147743e-01 7.657902787688718460e-01 7.628484671906325953e-01 7.354805689828614046e-01 7.680483503760261454e-01 7.906153146661439868e-01 7.691964081330703307e-01 7.190240753810051011e-01 7.409782176923510599e-01 7.355269001896800329e-01 7.412699867268769394e-01 7.436203993958646619e-01 7.868756353706178874e-01 7.838610288243943458e-01 7.647864614976984665e-01 7.983802009728534488e-01 7.920051032794028778e-01 7.786474646540896272e-01 8.016704892795201154e-01 7.882838668769533985e-01 7.898090819552937569e-01 8.090695742330726858e-01 8.162509975247220773e-01 8.110730272282647979e-01 7.675394642107383758e-01 7.905646548926744677e-01 7.519386648131201056e-01 7.899935450286894589e-01 8.188302820346786692e-01 8.093893256849249429e-01 8.001013851904753560e-01 7.968519118875649898e-01 8.092717081881631858e-01 8.081116198747225754e-01 8.144665411932395793e-01 8.079014589284263526e-01 8.138131927612354266e-01 8.020539400680187780e-01 8.054340702602645896e-01 7.943885384005716643e-01 8.065604041330495244e-01 8.090901681001052559e-01 7.995302560154584626e-01 8.027158295134293464e-01 7.796316707590623674e-01 7.864765415480804434e-01 7.996681285955292706e-01 7.697884258474073649e-01 7.671142543687976545e-01 8.095067339840020804e-01 8.074371730794677182e-01 7.976635452059879228e-01 8.022596008962794567e-01 8.024697260968908230e-01 8.146090663791387687e-01 8.051755777767183320e-01 8.103170872657052826e-01 8.032466095220512914e-01 8.007638248643988987e-01 7.934101712569194831e-01 7.974466345992846650e-01 8.012462619802248609e-01 8.091417937275922068e-01 8.074336467802677442e-01 8.127922183941135303e-01 7.951548030094701680e-01 8.088361383506701419e-01 8.071669798847013189e-01 8.068614801252983471e-01 8.128082717149462955e-01 8.145118927595736968e-01 8.012520960003064463e-01 7.917306562730294095e-01 8.081969156592652137e-01 8.043331470125358873e-01 8.013795724645130791e-01 8.057433761249861437e-01 8.077355586475472027e-01 8.103303345247505618e-01 8.012865162306421762e-01 8.043731921964624165e-01 8.124545287015756401e-01 8.114664425156548067e-01 8.157133106811960133e-01 8.165443361237230135e-01 8.130237404093341169e-01 8.143592014260113698e-01 8.139579778320333858e-01 8.082741577968813873e-01 8.031275335740406529e-01 8.109941943633566241e-01
3.065328422543174905e-02 1.432178264375298382e-01 3.895515442453530985e-01 5.905726433196334391e-01 4.740468456870781666e-01 5.491632833631706623e-01 7.549155305287836848e-01 7.214607220590222303e-01 7.756897017697891306e-01 7.333024504609210181e-01 1.000000000000000000e+00 8.670149209423506642e-01 7.680937797928746313e-01 6.050323951929101884e-01 8.609945640788195798e-01 8.590942298873744942e-01 7.628617577309021458e-01 7.230026444977600830e-01 7.718861627098735356e-01 6.095512953785824362e-01 7.419413422625629195e-01 8.100613821483804156e-01 7.473345252931350435e-01 6.840812711572564764e-01 7.415076404681191224e-01 8.299814339004777386e-01 8.473518389441593301e-01 8.477638021489082298e-01 7.997785091178429839e-01 8.514587066190493214e-01 8.815415708520645266e-01 8.610558718353610308e-01 8.088837262405227380e-01 8.443706055864997895e-01 8.250221610771291125e-01 8.425762226601780647e-01 8.446925118345133265e-01 8.652734133834796282e-01 8.721826467912828784e-01 8.528855990474559778e-01 8.799153417917259246e-01 8.793494007668980483e-01 8.594339503716811324e-01 8.858966507527645806e-01 8.805450576256094175e-01 8.750236871360291824e-01 8.902770548065894740e-01 8.913423134019365923e-01 8.841189785225929132e-01 8.568836597705918878e-01 8.722278751109956429e-01 8.534366936255687319e-01 8.750211028585822559e-01 8.858130026184771744e-01 8.736514717668010244e-01 8.796127466524193972e-01 8.637953532117083055e-01 8.838554599398685818e-01 8.755703662814108279e-01 8.868597195722500715e-01 8.854658955401115694e-01 8.805513157652403722e-01 8.708554315536691792e-01 8.798510777906195512e-01 8.739669256110053075e-01 8.821893820369198780e-01 8.936710973619900189e-01 8.901649243973999148e-01 8.925985998999053095e-01 8.727009892479058450e-01 8.829847986627243905e-01 8.914893644164820774e-01 8.671400759069602948e-01 8.679613485078014889e-01 8.929757512790823526e-01 8.898864721943898770e-01 8.831188777947752699e-01 8.763439591895368919e-01 8.852790183972284455e-01 8.948295903083782754e-01 8.933517212228897497e-01 8.943823238604978743e-01 8.948946510490122241e-01 8.863078980778034133e-01 8.894261565589369756e-01 8.907858759054163578e-01 8.920405442805430241e-01 8.949790467136613525e-01 8.951354022978368352e-01 8.910367777289250890e-01 8.887465889655812301e-01 8.944983843712674965e-01 8.947176585674856408e-01 8.914012367752709443e-01 8.935829896044431564e-01 8.940168091707447751e-01 8.885117583352952764e-01 8.793390203080468925e-01 8.906381656978717976e-01 8.939356962686109132e-01 8.906290184927724285e-01 8.879492967788652491e-01 8.930068327176152732e-01 8.933866620159960359e-01 8.935820587024486672e-01 8.816463393983968722e-01 8.935171832074025877e-01 8.910815151557121006e-01 8.941520746459640234e-01 8.929905524247074844e-01 8.906570646286712245e-01 8.924470854762780458e-01 8.923488751079110548e-01 8.901130716694346523e-01 8.875082624365766559e-01 8.907075184566239923e-01
5.332312039070202098e-02 1.516885156403300627e-01 3.687132601869619331e-01 6.346204814257949689e-01 4.892593439657232923e-01 5.601624796575788157e-01 7.724209792992713375e-01 7.552017758313412932e-01 8.193487904467480210e-01 7.677775115938840766e-01 8.670149209423506642e-01 1.000000000000000000e+00 8.197050117648212453e-01 6.324380579445081363e-01 8.997778115418701983e-01 9.051208068514801086e-01 7.917787014310203597e-01 7.140274509738105957e-01 7.659734504954051060e-01 6.336969175568558654e-01 7.537312441760354309e-01 8.269206124476407016e-01 7.360440994944037474e-01 6.624091694476965664e-01 7.432283223700542063e-01 8.510524793529088416e-01 8.814138410986436245e-01 8.732850932542348676e-01 8.270746164471439732e-01 8.797918084982723208e-01 9.098715115536304410e-01 8.766793727895453303e-01 8.248888015857069878e-01 8.560919913915711055e-01 8.436369414405849865e-01 8.759030309194330011e-01 8.627880376281092945e-01 9.018586937464542208e-01 9.065585368031061630e-01 8.799608610607424497e-01 9.180616004505650629e-01 9.135401751885214860e-01 9.007178158643737165e-01 9.292874406565324596e-01 9.136327972607679593e-01 9.185691859614851795e-01 9.310199807476706724e-01 9.320425342810417790e-01 9.258163209778347280e-01 8.924310090306745158e-01 9.132563950210761394e-01 8.936180398222197674e-01 9.156720971903054007e-01 9.291573565544614111e-01 9.168389248236499256e-01 9.113617885777960392e-01 9.095007896611999598e-01 9.258082501708908563e-01 9.197252879146596838e-01 9.333088335905580513e-01 9.330292709698611020e-01 9.293645462037384286e-01 9.190671823189588974e-01 9.291666054060530033e-01 9.231583671796987911e-01 9.295138278196418691e-01 9.307233427305888762e-01 9.200385881076674766e-01 9.234672812478091908e-01 9.062535455487451541e-01 9.092050613461917230e-01 9.290629480729433176e-01 8.862390248980374086e-01 8.909420985408830207e-01 9.307791154971755132e-01 9.284800339973158234e-01 9.218517437216504629e-01 9.166052851769618259e-01 9.221008160835190148e-01 9.339601769010564825e-01 9.292734093335416334e-01 9.345840342091012998e-01 9.284045607904203301e-01 9.230955716969322378e-01 9.211625955966384893e-01 9.205746080180974289e-01 9.264518536852691666e-01 9.349941543785291742e-01 9.318727854075433692e-01 9.324144877899646078e-01 9.201283701872555731e-01 9.318594056863139796e-01 9.335426391637894339e-01 9.313079607764479517e-01 9.348880003641873992e-01 9.357799445761750823e-01 9.280001124391086265e-01 9.250854494545324158e-01 9.349449617906894217e-01 9.316414560048669191e-01 9.295608694991658316e-01 9.330931695832150874e-01 9.349420975934246147e-01 9.361465993691804321e-01 9.358615437997975794e-01 9.272295480805857748e-01 9.362887477201030650e-01 9.338754635748770516e-01 9.360627503518508252e-01 9.360376975394749666e-01 9.350602667014862313e-01 9.362085710847498632e-01 9.361399371747535225e-01 9.364435649771669645e-01 9.331307981382800376e-01 9.354093183086727992e-01
7.273134992390105358e-02 1.538778123078599347e-01 3.465545892963271535e-01 5.687827942344856336e-01 5.032423828437098123e-01 5.107530494142973332e-01 7.135075886199372386e-01 7.108326323919027523e-01 7.537810795999176916e-01 7.050099999352127389e-01 7.680937797928746313e-01 8.197050117648212453e-01 1.000000000000000000e+00 5.778111056537179602e-01 8.218170711926471306e-01 8.390189961110084971e-01 7.179185310371896112e-01 6.803389133673092282e-01 7.166476799315580903e-01 6.034987348328043621e-01 7.090674463118209481e-01 7.615178525747778870e-01 6.938366974147882615e-01 6.318393301835375508e-01 6.981456226488973460e-01 8.002859350481005274e-01 8.016355423451121398e-01 7.959374992139959248e-01 7.444936702189489663e-01 8.119607884274887555e-01 8.290647742284856792e-01 8.058303043313964631e-01 7.536429446110615160e-01 7.847749778248175323e-01 7.700395056045663544e-01 7.972295987195829881e-01 7.828666054406340225e-01 8.249397162499449987e-01 8.340085051753378664e-01 8.079263473481449465e-01 8.397498970871108970e-01 8.365013707803162779e-01 8.355959863258374254e-01 8.530536782111638461e-01 8.372345127171719747e-01 8.369726032343515199e-01 8.466142834514589488e-01 8.516185258055134488e-01 8.418734180748504992e-01 8.122894135549069139e-01 8.312066007619460795e-01 8.241997483948155789e-01 8.366694870301469855e-01 8.473531155024276451e-01 8.372321317510338368e-01 8.389952720444724399e-01 8.248367679064263491e-01 8.465248587390756807e-01 8.327549109357890167e-01 8.562401568603610347e-01 8.537723494004829661e-01 8.453357798295757508e-01 8.369552091774736802e-01 8.515008242051507192e-01 8.420904283462606887e-01 8.477972007900173024e-01 8.523770237338845757e-01 8.472275065260485016e-01 8.467500567108653398e-01 8.371554696224502434e-01 8.384438714878065246e-01 8.494419316751595783e-01 8.172174853975904263e-01 8.216355125580775409e-01 8.551329817887379781e-01 8.479934485771255526e-01 8.371315939365501224e-01 8.305994539873745586e-01 8.414063636466089235e-01 8.555204221664466369e-01 8.486658761831876729e-01 8.525345442656165895e-01 8.489643902823502675e-01 8.414007511250694016e-01 8.431341496142678027e-01 8.416780788446813766e-01 8.463468523598692839e-01 8.548204284209610648e-01 8.520710518095272468e-01 8.552328778800726283e-01 8.400955703112921169e-01 8.530908811477592169e-01 8.539839778177131802e-01 8.525393689371922878e-01 8.552229729157849736e-01 8.556891526993335439e-01 8.500985696617828768e-01 8.407251972120181049e-01 8.538712988650352109e-01 8.521623341771297211e-01 8.546192147455994315e-01 8.504353218585172236e-01 8.567452840146109194e-01 8.599756396038689132e-01 8.564886101149403741e-01 8.438568928488148213e-01 8.543959392845026368e-01 8.552593212683980983e-01 8.586204157092247602e-01 8.552246638589720007e-01 8.556204510486757897e-01 8.582766772862574500e-01 8.554433529973335393e-01 8.568415089151175668e-01 8.495553771729992265e-01 8.545335390247008611e-01
