1.000000000000000000e+00 3.505124531442211505e-02 4.767865466953159076e-02 3.016121678798114325e-02 2.898136260472290379e-03 1.100691290395248122e-02 8.912159960824192137e-03 2.276405555120711993e-02 7.176333927614424180e-02 3.572903491738246839e-02 1.022704569121856560e-02 1.911540370748942425e-02 -1.035610844672963911e-03 -1.799631370868088470e-02 4.996388594669777007e-03 2.563669743525227515e-02 5.433612105521071212e-02 -2.227181999983199063e-03 -7.067855448254771467e-03 1.957664412427388007e-02 2.318100628814931050e-02 2.307841420903791740e-02 2.469934643361950104e-03 -5.857309569882911474e-04 -1.961853992267323810e-03 1.730531769698692712e-02 1.175797310810784355e-02 -1.236130528086880516e-02 1.675494737295425002e-02 2.048470623233296720e-02 1.287344400387837456e-02 8.668981169443963283e-03 -2.819602440585583167e-02 1.029347425170429320e-02 2.209020106414416465e-04 -4.653546552878655776e-03 6.385869558167001081e-03 -1.192751449212267438e-02 -5.661070570087626663e-04 -4.693680679381113247e-02 -6.509890759094914044e-04 -1.200994442854970944e-02 -3.856955499893930089e-03 1.146526592451663218e-02 -5.907710756361606204e-03 5.912489451337672904e-03 5.002550244526711952e-03 7.940416042466869051e-03 1.432294171512406809e-02 1.105456175089605288e-02 9.673272656296054081e-03 1.977229098870558061e-03 2.274047821479857276e-02 2.494420193075986419e-02 1.801516924259781091e-02 -1.365058393714900509e-02 3.495430574564978299e-02 8.478951450269892748e-03 6.609047649409047209e-03 2.735071303250953198e-02 1.858656082627490116e-02 2.087482298384092660e-02 2.409624910268254316e-02 3.026113509741184746e-02 3.430876511652139471e-02 3.611127875879713289e-02 1.250768907096428025e-02 1.488619738194540488e-03 1.207671885075116761e-02 1.410740578771992569e-02 5.365153121789170004e-03 3.306795137807620310e-03 3.480591877191584020e-03 1.929453845818125636e-03 7.349993180305512686e-03 2.239847957077374923e-03 -4.638662030489947366e-03 5.018113674196781129e-03 1.121106750443137939e-03 1.025566224991633114e-02 -2.456635286374224663e-03 3.879591578866743978e-03 2.143443310368397733e-03 4.741479386989231291e-03 -1.940888174422242696e-03 1.126211611675781085e-02 -4.535217095626045518e-03 -8.614770769978494919e-03 1.046927255046348421e-03 -1.219781633196699577e-02 -1.828254373549139528e-02 -3.807649366566555511e-03 -2.486158313285343445e-03 -4.729981238627069783e-03 6.845863857196742399e-04 4.449660790746919579e-03 -7.878209993323130947e-03 4.314338554880878251e-02 6.842837687297259955e-03 2.081194098145827589e-03 -1.856226962125281455e-03 1.078308477997587909e-02 8.159657428342136781e-03 4.516705911417217070e-03 7.829421424580887412e-03 1.815483957378043536e-02 1.497058913235606824e-02 1.090214652724250631e-02 2.141237876708702425e-03 1.130586254895352312e-02 -4.553024869852700419e-03 1.403122265960765960e-02 1.020620623638393218e-02 1.891686011484116497e-02 1.984116308912212134e-02 2.016878300695077939e-02
3.505124531442211505e-02 1.000000000000000000e+00 6.341438217668481092e-02 8.457504593872705589e-02 1.060608040567947441e-01 1.038467399077793174e-01 1.500700258553322730e-01 1.507604516857756205e-01 1.513142820946447586e-01 1.398446475681397461e-01 1.471242584809796805e-01 1.588130342653781557e-01 1.437515597587133709e-01 1.462629019091683247e-01 1.632350792981265286e-01 1.534791378666319206e-01 1.368685528200453416e-01 1.334066166923296159e-01 1.593177303797087552e-01 1.004447521882297079e-01 1.209353912159091965e-01 1.445715316949564011e-01 1.606808318528800683e-01 1.477031244730648285e-01 1.501946016899743663e-01 1.666331893803750519e-01 1.591764939023059822e-01 1.575385240194315251e-01 1.709086613982489233e-01 1.750879778678689769e-01 1.712326657731425006e-01 1.583334976726379906e-01 1.386221817922925204e-01 1.599676399178667774e-01 1.586472530561585936e-01 1.457588616160059025e-01 1.656972052452045929e-01 1.513665449170266686e-01 1.601933669591964482e-01 1.384994227460117633e-01 1.595375907026120588e-01 1.593125648423341645e-01 1.329413824794955234e-01 1.629085028468710561e-01 1.615464272622778863e-01 1.678937455577288740e-01 1.732501943765326069e-01 1.745845461012131561e-01 1.678402038642301808e-01 1.484784293697532509e-01 1.521384704364114326e-01 1.400682276289559047e-01 1.520184793377367394e-01 1.718758469331288230e-01 1.639826794687968270e-01 1.702651109421083331e-01 1.488666260631542337e-01 1.622062694300105967e-01 1.552345303201537741e-01 1.741031583833189400e-01 1.596824690368357780e-01 1.658571500155579248e-01 1.486282709519188561e-01 1.635134181801830011e-01 1.706643541738248060e-01 1.704633638489402303e-01 1.737847292193387405e-01 1.719740386462410842e-01 1.728714063894876973e-01 1.615272507673235214e-01 1.707261992224875791e-01 1.747533639764151936e-01 1.712538447965268329e-01 1.663724806909142873e-01 1.741325242676944329e-01 1.755659622569130107e-01 1.750337760471980253e-01 1.717372322803993323e-01 1.699420950697841104e-01 1.736793118209420117e-01 1.732574374180804733e-01 1.762568950481100127e-01 1.698374751574674157e-01 1.737042135243763719e-01 1.651385966125568094e-01 1.718314380340297265e-01 1.727637283889747188e-01 1.701206172957303031e-01 1.707172809867102126e-01 1.704637419679440602e-01 1.655521121068946888e-01 1.700802126024797412e-01 1.722074143770141452e-01 1.719749070303946969e-01 1.753954547368844485e-01 1.739591862119713728e-01 1.411403292832201506e-01 1.563004663844832776e-01 1.685619607264738640e-01 1.625191476020560188e-01 1.600582943662683388e-01 1.590199462691802568e-01 1.670195455100346171e-01 1.656271023414851995e-01 1.642922697051812930e-01 1.584731565446015067e-01 1.717382744748742196e-01 1.756727523526976087e-01 1.710557287468495447e-01 1.665905747417222582e-01 1.656202099615257661e-01 1.741962643667187560e-01 1.684898138920348232e-01 1.697723326843379732e-01 1.685000742693307241e-01 1.729582018540608834e-01
4.767865466953159076e-02 6.341438217668481092e-02 1.000000000000000000e+00 3.161710181961044364e-01 2.287814166878847644e-01 2.665086904405761237e-01 3.637757367349639948e-01 3.590237755119915497e-01 3.505975739250327128e-01 3.386438461590340343e-01 3.768940095410696633e-01 3.861366357489786627e-01 3.518203147178619039e-01 2.710661212052140612e-01 3.867508031780593214e-01 3.838101509171230052e-01 3.518874726121241636e-01 3.923406299666413188e-01 3.867616165086514290e-01 3.417430529796072758e-01 3.870976507491646346e-01 3.939735782186024604e-01 3.767432844200785946e-01 3.912916268007668452e-01 3.877468540406313058e-01 4.094098118302419986e-01 4.030540516297064779e-01 4.071252751140108650e-01 3.821770783539545357e-01 3.877619986079595127e-01 4.040637183529305343e-01 3.974460087971170008e-01 3.663167249087033173e-01 3.865872895217052352e-01 3.799454559770942819e-01 3.749579738591889422e-01 3.977288306668455564e-01 3.935619451317794448e-01 3.883279127796600005e-01 3.796779448213508101e-01 4.063233216363933420e-01 3.925009542749681724e-01 3.893971540890173721e-01 4.035532640212409761e-01 4.011333712947487973e-01 4.015426469384482666e-01 3.939776035200794890e-01 3.990439880127015226e-01 3.994524816475427120e-01 3.907061790276141200e-01 3.930665327197080394e-01 4.025426840829876007e-01 4.025415230826461799e-01 4.010605624223684829e-01 4.052009204843161072e-01 3.985470474304039223e-01 4.034759875739135082e-01 3.989382053102022430e-01 4.013588144302516758e-01 3.988879402722069201e-01 3.986353163949377110e-01 4.021323960923894880e-01 3.993459327242306345e-01 3.935937982546724445e-01 3.925121778065901457e-01 4.013535320034020137e-01 3.949724650680387916e-01 4.028466779433464984e-01 4.072281628110673291e-01 4.129427281864203048e-01 4.043062830643440742e-01 4.062281535479769223e-01 4.093155763031017247e-01 4.112842446255443596e-01 4.020979423400245500e-01 4.018260007683721047e-01 4.026616568032617693e-01 3.957525024325369012e-01 4.002474817215960212e-01 3.981738939419903200e-01 3.983914347233645237e-01 3.976567372331885064e-01 3.960870846581215354e-01 3.971942164749938664e-01 4.018144675883578709e-01 4.019611892669024411e-01 4.000228883103664201e-01 4.006939562771900110e-01 3.995569355062650319e-01 3.938138922260135399e-01 4.030423763821624483e-01 3.986893581670411524e-01 4.014263125479404781e-01 4.001831730956421085e-01 3.961864910030875597e-01 3.963381486967408329e-01 4.064654613247442039e-01 4.058453068037748968e-01 4.024399699245046480e-01 4.033097911239696409e-01 4.011686526769909777e-01 4.028177822827449517e-01 4.046699415199851990e-01 4.018554521490517728e-01 4.033582185542201604e-01 4.058784427434234954e-01 4.059714235747071132e-01 3.977723467154746229e-01 4.024470184466090728e-01 4.002311064784133121e-01 3.981845017347287463e-01 3.983367928654550361e-01 4.024304514730502325e-01 3.986759179627586969e-01 3.944149166654419836e-01 4.001880954420198311e-01
3.016121678798114325e-02 8.457504593872705589e-02 3.161710181961044364e-01 1.000000000000000000e+00 3.749067194251965440e-01 3.882523567980899482e-01 5.852456255317813882e-01 5.725275594860118611e-01 5.735445023736777115e-01 5.389329042282561266e-01 6.152924933029472188e-01 6.526115018622452579e-01 5.791167249176434328e-01 4.936752087137951661e-01 6.451679837511221649e-01 6.385964820544328679e-01 6.128032499063115202e-01 6.083434278321564470e-01 6.034650863510957475e-01 5.029929455754234002e-01 6.107174075702178628e-01 6.193882119404729991e-01 6.156656190299711895e-01 6.010110531475079121e-01 5.994381849141571239e-01 6.361920740777134986e-01 6.138216267358012068e-01 6.367219810934120483e-01 5.670128018757739641e-01 6.122065408538576170e-01 6.349031369864567287e-01 6.528958502979307355e-01 6.178795192819809268e-01 6.356287839433347742e-01 6.321673569821401051e-01 6.359453208607294128e-01 6.232857938328933978e-01 6.453205351962304492e-01 6.538345652754753434e-01 6.399570876419998777e-01 6.563697622384744301e-01 6.610194366815328459e-01 6.598503767948517007e-01 6.576734367192315078e-01 6.572431807209653254e-01 6.455854376056224808e-01 6.529518368847021526e-01 6.533968542797493617e-01 6.582929973535092127e-01 6.496241665296327294e-01 6.544098064828196559e-01 6.616109338654583283e-01 6.582491998113271237e-01 6.454281898203506618e-01 6.450857309065515244e-01 6.572805989852807951e-01 6.529537726872400860e-01 6.576961326655799134e-01 6.494223294077720032e-01 6.533108647916784362e-01 6.604446172089575295e-01 6.504517200537979216e-01 6.546077931923991455e-01 6.541365096770925813e-01 6.545575375871377499e-01 6.492324301580767454e-01 6.582110034356848383e-01 6.611705258637172733e-01 6.590331922436774015e-01 6.596348069137356607e-01 6.623530611024581738e-01 6.611175383460723420e-01 6.580190263516983995e-01 6.546771647787709147e-01 6.568877512962246756e-01 6.528525340516565523e-01 6.579302314552740727e-01 6.388708657188117979e-01 6.487029522807092885e-01 6.434594838723592947e-01 6.534670924374523793e-01 6.515361921883457974e-01 6.660346043869074251e-01 6.539229002263055035e-01 6.642655521320828260e-01 6.604166883456514814e-01 6.593745220855808942e-01 6.643723984677724070e-01 6.588344917653645716e-01 6.586416667010005499e-01 6.670229557254525599e-01 6.638893543719124324e-01 6.631548445960738780e-01 6.601996174208475399e-01 6.597738887827767629e-01 6.581055730367481038e-01 6.715712788345307160e-01 6.596325259879149971e-01 6.673956318537687116e-01 6.692400676947632965e-01 6.679614123191829345e-01 6.664227166626072174e-01 6.615580982169217972e-01 6.659441160364378831e-01 6.676129095704754768e-01 6.633330805584758405e-01 6.617972746383815608e-01 6.587304412265039266e-01 6.580468953151518141e-01 6.612367953159040690e-01 6.650371649084294567e-01 6.593444578555367475e-01 6.616392739392175093e-01 6.635867801682034939e-01 6.623322204789685586e-01 6.577434242251402052e-01
2.898136260472290379e-03 1.060608040567947441e-01 2.287814166878847644e-01 3.749067194251965440e-01 1.000000000000000000e+00 3.289665833122193406e-01 5.033161612651451122e-01 4.688049816550662885e-01 4.812996259745993544e-01 4.482955087418099560e-01 4.923238122006067252e-01 5.257438837909547136e-01 4.847441092021572140e-01 4.251454890688847188e-01 5.316871907335235514e-01 5.255093715222854955e-01 4.944055872236335358e-01 5.049073642571413334e-01 5.005804725390020637e-01 4.539479792098949362e-01 5.002953875176603393e-01 5.162166096735404386e-01 5.219379912009430855e-01 5.198472154554453217e-01 5.099620636953005048e-01 5.293276869492838932e-01 5.173945734737641633e-01 5.241899739862632135e-01 5.014666707310496685e-01 5.263159349276325116e-01 5.341554314209664422e-01 5.361101574063210640e-01 5.049444782953754762e-01 5.294683379710346527e-01 5.194791512788228260e-01 5.101509335629669240e-01 5.151912499780673116e-01 5.299704594163928695e-01 5.322883065725322327e-01 5.129714548509016758e-01 5.378336978742811469e-01 5.437190178768745996e-01 5.331037502884515833e-01 5.399478971419707785e-01 5.384211603425854697e-01 5.337717121692219235e-01 5.306596042181048745e-01 5.351516744449185126e-01 5.382864033842429397e-01 5.374533012841120616e-01 5.377059125566988618e-01 5.414164223066689763e-01 5.436075558973607613e-01 5.294644979451255118e-01 5.274751564418067584e-01 5.407931592824155587e-01 5.263126789874890132e-01 5.279873432107610176e-01 5.308314152737058089e-01 5.345283066611982159e-01 5.406861531991051795e-01 5.291161487234362637e-01 5.301629534801529653e-01 5.339941890073012232e-01 5.358960545442759127e-01 5.298777795851247197e-01 5.391282169160743765e-01 5.411184791393659488e-01 5.436983890223863192e-01 5.474135837745011113e-01 5.421706465625499849e-01 5.414200718228587839e-01 5.445078428044360930e-01 5.441016227815853590e-01 5.416409985257087945e-01 5.391103071245292311e-01 5.412051308130160221e-01 5.370484924182375996e-01 5.464610633653960159e-01 5.343292968479513849e-01 5.347019041169818188e-01 5.392289673405731287e-01 5.407039147566896631e-01 5.388108463747692811e-01 5.434591798710762811e-01 5.433282347443860738e-01 5.349555640778855814e-01 5.474346178544018393e-01 5.424581507421766258e-01 5.396545031119338587e-01 5.460161593579124784e-01 5.470556037769525037e-01 5.428808454177070919e-01 5.458709841016762265e-01 5.403686773420520728e-01 5.377327438294935424e-01 5.441723671719604916e-01 5.269979571312051192e-01 5.449349189464949283e-01 5.465247732542777293e-01 5.495422948294209631e-01 5.380623892680957976e-01 5.432616530641196650e-01 5.461997897812531644e-01 5.433530530154889737e-01 5.302095704672689092e-01 5.393646841058987729e-01 5.399086588897760164e-01 5.396777503002906373e-01 5.369892652550796175e-01 5.383243117868912186e-01 5.387171119512953466e-01 5.371654867179230797e-01 5.383018208887098144e-01 5.393840371074987150e-01 5.386840115335832513e-01
1.100691290395248122e-02 1.038467399077793174e-01 2.665086904405761237e-01 3.882523567980899482e-01 3.289665833122193406e-01 1.000000000000000000e+00 5.451651234346149844e-01 5.024924738625143883e-01 5.490232140345040479e-01 5.037743464953620132e-01 5.593061122902229787e-01 5.727192470458376539e-01 5.438062718333485090e-01 4.306727564714031287e-01 5.883611752699788866e-01 5.784490905768939761e-01 5.526180567193966775e-01 5.277461526077741327e-01 5.541421989906155643e-01 4.084272007375990832e-01 5.260327981519957730e-01 5.516769424465047811e-01 5.454880928807893659e-01 5.330052293549559783e-01 5.285084951354731553e-01 5.741324537484349122e-01 5.639969921980311218e-01 5.682698427023779031e-01 5.337837524608058937e-01 5.659744211079553722e-01 5.765977753763368296e-01 5.788037114077612122e-01 5.390308118046596153e-01 5.750405423310995801e-01 5.688917487334157475e-01 5.641268192909628665e-01 5.583903754896614169e-01 5.849348198159085577e-01 5.965391948467149152e-01 5.522935869588099234e-01 5.954574011702754577e-01 5.867320499974639780e-01 5.938127775163530853e-01 6.032236999100214492e-01 5.952047325730075444e-01 5.902863702237324262e-01 6.038695517008915159e-01 6.026907531549249297e-01 6.019851768902105826e-01 5.843742464850777418e-01 5.908717932266404071e-01 5.808422953666231292e-01 5.921854990900802251e-01 5.939335721128343737e-01 5.865343199310085742e-01 5.945658067825856374e-01 5.869520384688473591e-01 5.966136353840157946e-01 5.934057329763195998e-01 6.030394923734825330e-01 6.034459674621562852e-01 6.024550619753805680e-01 5.937775153649228477e-01 5.999003846735010415e-01 6.009278675841157602e-01 5.987334975881432042e-01 6.041663428970648342e-01 6.059834406119155581e-01 6.015982995050246362e-01 5.951238394506518370e-01 6.013436251289844270e-01 6.008419800001824074e-01 5.993608990148659998e-01 5.937494466422410522e-01 6.010588615414684810e-01 5.991829233242224051e-01 5.954793175697272734e-01 5.917319560608798046e-01 5.922701845222747563e-01 5.971663141477007164e-01 5.999721596182935324e-01 6.010958625162162727e-01 6.006461715701379989e-01 5.991573372005718490e-01 5.978016683765488004e-01 6.008177771230962527e-01 6.010060774383619853e-01 6.038480651024711321e-01 6.013583867078869938e-01 6.039093555333470142e-01 5.958081329240215718e-01 6.053812198286604440e-01 6.024288110153617204e-01 6.044419515242065444e-01 6.018221026322549960e-01 6.039646034374107630e-01 5.881096441956105147e-01 5.925833325301558263e-01 6.040092266779032437e-01 6.031875971319804464e-01 6.038495242160792920e-01 6.025525368783828384e-01 6.027855712083928230e-01 6.065805496297610455e-01 6.026324799494569007e-01 5.986825521914524995e-01 6.029677169886473731e-01 6.050453787798480976e-01 6.023826191525991636e-01 6.056523463092599036e-01 6.036608834414293190e-01 6.064058002299722583e-01 6.076328314784359419e-01 6.058056910136386808e-01 6.043408772467013801e-01 6.043180913164755141e-01
8.912159960824192137e-03 1.500700258553322730e-01 3.637757367349639948e-01 5.852456255317813882e-01 5.033161612651451122e-01 5.451651234346149844e-01 1.000000000000000000e+00 7.361187171264358398e-01 7.781916712596284036e-01 7.351456819710707746e-01 8.069074161970509751e-01 8.303587104136862518e-01 7.688224598212233252e-01 6.445575534655852978e-01 8.606540696064907126e-01 8.400385714301207285e-01 7.911297170071756035e-01 7.726727183106389951e-01 7.971658663342073847e-01 6.320992615471986431e-01 7.658903209055504258e-01 7.931439424590739362e-01 8.019902752820959879e-01 7.740828596886015767e-01 7.738581337945991123e-01 8.374735222174102267e-01 8.283061082085952931e-01 8.332614762279606513e-01 8.009726075965774017e-01 8.268747670362854851e-01 8.511086913158475431e-01 8.484700842467501891e-01 8.061205482729333349e-01 8.330139275212018468e-01 8.198616062410646332e-01 7.960628290631563964e-01 8.163377695666572675e-01 8.567265510039366871e-01 8.486692373327998640e-01 8.236601844843483011e-01 8.592767458505857769e-01 8.570540812165299283e-01 8.505194947530411165e-01 8.648614228356925615e-01 8.573577182332947633e-01 8.552197684895544993e-01 8.602233999168115153e-01 8.631936176016185014e-01 8.617776893774637959e-01 8.503528888459110924e-01 8.634202317178166775e-01 8.402908392767829415e-01 8.500173929772901760e-01 8.597554737586583506e-01 8.568332013924963020e-01 8.582553598255009408e-01 8.572402774739603659e-01 8.622638483799557330e-01 8.660616162295771137e-01 8.625680257356156400e-01 8.656075906625373406e-01 8.633369725910394754e-01 8.607498739969789980e-01 8.626744240197049551e-01 8.540398254190824101e-01 8.600004037316543171e-01 8.644722082650252437e-01 8.677240988779777453e-01 8.650989167680386283e-01 8.566613337938436823e-01 8.609106817636738018e-01 8.626551603501962928e-01 8.598876674621210858e-01 8.529707347771061654e-01 8.666753220527443347e-01 8.636798275154102811e-01 8.610456320037844780e-01 8.591277164383068765e-01 8.615784279858682559e-01 8.586879714375021955e-01 8.600951842917229362e-01 8.661636263187724172e-01 8.626459485305364439e-01 8.625878882249419233e-01 8.616398125286286458e-01 8.640074936902633063e-01 8.577584061026426454e-01 8.698498892697077434e-01 8.658383163634442159e-01 8.646250600573490708e-01 8.645696549839666512e-01 8.698984497876739441e-01 8.659934958457401466e-01 8.676201249721221531e-01 8.664945355961530815e-01 8.663735554920123372e-01 8.555228655905861013e-01 8.506677214538632681e-01 8.675260168561786944e-01 8.683633064970724957e-01 8.642167451471763906e-01 8.666056901213882169e-01 8.625640662099061107e-01 8.671968953408621950e-01 8.637416001233091389e-01 8.625360462034772357e-01 8.651235751391727069e-01 8.659798382140355688e-01 8.677823271464557564e-01 8.671319115504740882e-01 8.686329366518721340e-01 8.666096688890013722e-01 8.672602746534204821e-01 8.643276758698893447e-01 8.608935632494179035e-01 8.645148445799852865e-01
2.276405555120711993e-02 1.507604516857756205e-01 3.590237755119915497e-01 5.725275594860118611e-01 4.688049816550662885e-01 5.024924738625143883e-01 7.361187171264358398e-01 1.000000000000000000e+00 7.405016245949356257e-01 6.828061835142383851e-01 7.683271350924599785e-01 7.856128325648311650e-01 7.320398887000795218e-01 6.188531831972708952e-01 8.026062003296666747e-01 8.095870615007489945e-01 7.632873214394046979e-01 7.271816707186675721e-01 7.485435931085749894e-01 5.762240750431476544e-01 7.543682169692166317e-01 7.765872498030249593e-01 7.664356704582537816e-01 7.320969562380106321e-01 7.413326914427180725e-01 7.962870187997896920e-01 7.736026988225138679e-01 7.813986252961895307e-01 7.535330230754733183e-01 7.850989217694065436e-01 7.990451066412442849e-01 7.971192885034403819e-01 7.530174760989546412e-01 7.829170572905448378e-01 7.804848469069692873e-01 7.637035741272125700e-01 7.706363738481448733e-01 8.075456003757831569e-01 8.093890307313456045e-01 7.734273708748509168e-01 8.096423264319220214e-01 8.063355985414089044e-01 8.143649766075250485e-01 8.245123155884891419e-01 8.118211477102779128e-01 8.047432971205519259e-01 8.109294247670134625e-01 8.158493379742867146e-01 8.152543681132553566e-01 8.128695069226328229e-01 8.227438309671764038e-01 8.046086294061693955e-01 8.122570156567857635e-01 8.152380046301481720e-01 8.127150485545433511e-01 8.120139739170560977e-01 8.251640314413143384e-01 8.196418641707713393e-01 8.203755852971198470e-01 8.182100323095781169e-01 8.257727557428820031e-01 8.237190050802138952e-01 8.266998599020551897e-01 8.260706484859462462e-01 8.147295945136776574e-01 8.198970121079116602e-01 8.174121296595461272e-01 8.115616823670388502e-01 8.104474469383241564e-01 8.081104665388045838e-01 8.183497302942899232e-01 8.171545857573438987e-01 8.056943097072370996e-01 8.069951933829302426e-01 8.168373226146820043e-01 8.137907626201273947e-01 8.098019438859321850e-01 8.077016257026833346e-01 8.095281644041222302e-01 8.114315266723276521e-01 8.129428164555270175e-01 8.170559445844985946e-01 8.162110384358819415e-01 8.124424027717506158e-01 8.104705736133634986e-01 8.129647847703346253e-01 8.095620232496240076e-01 8.198350851033695541e-01 8.174678236464267833e-01 8.135384636056522956e-01 8.109155833387315937e-01 8.170420426756188625e-01 8.187135763132392663e-01 8.175133360359738699e-01 8.157945209360112360e-01 8.159648833340179541e-01 8.145293887056730409e-01 8.180489482117089262e-01 8.214418718800642338e-01 8.223858404306605419e-01 8.192797225007331097e-01 8.243477849006585201e-01 8.161024544168899997e-01 8.236275524370938461e-01 8.208646613089087829e-01 8.236042486901135051e-01 8.197160533236883539e-01 8.159726534433086043e-01 8.178922726657656961e-01 8.221258219480622742e-01 8.230827925787912447e-01 8.199669342417125195e-01 8.213100920092163415e-01 8.240534334366843572e-01 8.198442775077769973e-01 8.187281254250101670e-01
7.176333927614424180e-02 1.513142820946447586e-01 3.505975739250327128e-01 5.735445023736777115e-01 4.812996259745993544e-01 5.490232140345040479e-01 7.781916712596284036e-01 7.405016245949356257e-01 1.000000000000000000e+00 7.794369463252699415e-01 8.227659133381769463e-01 8.481428019839659660e-01 7.950633634092408863e-01 6.507898374631705396e-01 8.642318559089570140e-01 8.582442431413765949e-01 8.343108124024409822e-01 7.629808207856746405e-01 7.868445308028082508e-01 6.212118071809741293e-01 7.541464790347347513e-01 8.122879772436969459e-01 8.035117968731160243e-01 7.626303119716107970e-01 7.640728268486779440e-01 8.614661935143278493e-01 8.457447885876547833e-01 8.405944335772818077e-01 8.304191378929389744e-01 8.556033378105352138e-01 8.704159617197808618e-01 8.455033556937298078e-01 7.882816534483798598e-01 8.367438183881228397e-01 8.386343364982616899e-01 7.902454115752288732e-01 8.285796237922523622e-01 8.492360636843487853e-01 8.561728622463408156e-01 7.890846754669654795e-01 8.727451777748492789e-01 8.573436248601071785e-01 8.406404741920477930e-01 8.800902986711890419e-01 8.640683454243612838e-01 8.692448287559211284e-01 8.841374748681052331e-01 8.910372881410431045e-01 8.837390581594971595e-01 8.574275840066702958e-01 8.754917430395142697e-01 8.448366711579284871e-01 8.741159792611243873e-01 8.944808823991022839e-01 8.831106522595552066e-01 8.632273380719512890e-01 8.818952080611346389e-01 8.790900516663390230e-01 8.806755622409719875e-01 8.965246790106032870e-01 8.900378800114365774e-01 8.921310833298963239e-01 8.818553969385591884e-01 8.938928109438104563e-01 8.896316701918544068e-01 8.981665289655657025e-01 8.897445684271154676e-01 8.768612662274356540e-01 8.788805873561358339e-01 8.668446200650403721e-01 8.781761089985321567e-01 8.817763355829494332e-01 8.702097837163838001e-01 8.615302249018694791e-01 8.868046198667502988e-01 8.849666455277045429e-01 8.759017752535952495e-01 8.810372700456089445e-01 8.738127539220276185e-01 8.889955340032366093e-01 8.842204476984095729e-01 8.880966835260091230e-01 8.720410851625882698e-01 8.850570443183695124e-01 8.704044148731502339e-01 8.800660533828643661e-01 8.738987204360949557e-01 8.750519127856588586e-01 8.810358973090973711e-01 8.733549406097470547e-01 8.590618452106020264e-01 8.785441201929995447e-01 8.801359185978807620e-01 8.807824025730109918e-01 8.858981821014231262e-01 8.890031109465629244e-01 8.446357979207672617e-01 8.805138178103595337e-01 8.837524791342575847e-01 8.777275599216760593e-01 8.708787114946460184e-01 8.827204127123772226e-01 8.852656028208860661e-01 8.845515039770814880e-01 8.808906747798441739e-01 8.829976274862654240e-01 8.875534513712863838e-01 8.891253004326147291e-01 8.820610178097771925e-01 8.883913669490409726e-01 8.779865234605498392e-01 8.935012205551668973e-01 8.891674006561429700e-01 8.904243623898935311e-01 8.935279047327866486e-01 8.947040700495185739e-01
3.572903491738246839e-02 1.398446475681397461e-01 3.386438461590340343e-01 5.389329042282561266e-01 4.482955087418099560e-01 5.037743464953620132e-01 7.351456819710707746e-01 6.828061835142383851e-01 7.794369463252699415e-01 1.000000000000000000e+00 7.700066753558261201e-01 7.927413888564519562e-01 7.543683088658192926e-01 6.103218888212470494e-01 8.106934015395885762e-01 8.055743234047765267e-01 7.718628631463293477e-01 7.254363929955985890e-01 7.469864345218273360e-01 5.700725938526098879e-01 7.129130902955751470e-01 7.473457929163291880e-01 7.721799572490281038e-01 7.276314083079942208e-01 7.286910589234335545e-01 8.155406881326313639e-01 7.982503729666537984e-01 8.024044886306052060e-01 7.901103769197562743e-01 8.010518898680264455e-01 8.174706176764288124e-01 8.043809611587662278e-01 7.613288499430495015e-01 7.894707940332753582e-01 7.943476163202343177e-01 7.516335918105903069e-01 7.900790901279000078e-01 8.109296764866954499e-01 8.051665256215071453e-01 7.775635343085866014e-01 8.243372883935714546e-01 8.135855357751866634e-01 7.957693621370445225e-01 8.288117548510773869e-01 8.189484669185229659e-01 8.196824844480709027e-01 8.288335195855814908e-01 8.337439005268034720e-01 8.290190019518322018e-01 8.017729785154306121e-01 8.234021190663333156e-01 7.955091085881021984e-01 8.153892164942230236e-01 8.396881499508268565e-01 8.332462014369562686e-01 8.240344044756190423e-01 8.260848407597168874e-01 8.242629753666343984e-01 8.336562873216697422e-01 8.370350426138349897e-01 8.325388087067985277e-01 8.358110933191815750e-01 8.273123255780177043e-01 8.332717005041432312e-01 8.300302205791403320e-01 8.363574646048081984e-01 8.332421144631285692e-01 8.292889070347854164e-01 8.271665974515913788e-01 8.153633096604967490e-01 8.240967415609817825e-01 8.310468140360622868e-01 8.189185333091473229e-01 8.142643071586048720e-01 8.360533130279570457e-01 8.340371011476439556e-01 8.271901606693314868e-01 8.342916817377610261e-01 8.264126618134812752e-01 8.364681067445399743e-01 8.350046194409252998e-01 8.357135997655888993e-01 8.265138431269544173e-01 8.333738775377511621e-01 8.203611401696917493e-01 8.294393955378202010e-01 8.267077940434280903e-01 8.272512185184589528e-01 8.295109722201965408e-01 8.300317030869681645e-01 8.196334877449927836e-01 8.296450023934772711e-01 8.294584206526585124e-01 8.317374721651930036e-01 8.324692434633206295e-01 8.375257654587960898e-01 8.006377699642098777e-01 8.191288855025095073e-01 8.306050195335388242e-01 8.285468535370469345e-01 8.219325356635843738e-01 8.303940980144580708e-01 8.301631787564018872e-01 8.301178938589516276e-01 8.271600750706790128e-01 8.299732807228802356e-01 8.343331996850047449e-01 8.364409193918490582e-01 8.348611285731645237e-01 8.359847728217854046e-01 8.304345317745267518e-01 8.369666344920350110e-01 8.348780938522354367e-01 8.341844368789603781e-01 8.306467322560274757e-01 8.356819691551742313e-01
1.022704569121856560e-02 1.471242584809796805e-01 3.768940095410696633e-01 6.152924933029472188e-01 4.923238122006067252e-01 5.593061122902229787e-01 8.069074161970509751e-01 7.683271350924599785e-01 8.227659133381769463e-01 7.700066753558261201e-01 1.000000000000000000e+00 8.858031515827545777e-01 8.199686547131864733e-01 6.904389189046965525e-01 8.983538418061030040e-01 8.851214045390950469e-01 8.406553169268449199e-01 7.977045786323578858e-01 8.341591489746235100e-01 6.359041288740912012e-01 7.934175281126333301e-01 8.409683760190668211e-01 8.522154583802759031e-01 8.032916471699551586e-01 8.155230920653626647e-01 8.917816793013439991e-01 8.731530874840311984e-01 8.869741491794221888e-01 8.502704775361293876e-01 8.838287385340320990e-01 8.939511294703191835e-01 8.864388600083612513e-01 8.538704128333940435e-01 8.755019997982732560e-01 8.813301626938794264e-01 8.483355169087698489e-01 8.778563499583373897e-01 8.971792655036117115e-01 9.018722612438666575e-01 8.620317877751888513e-01 9.044809673150093765e-01 9.027642790473433543e-01 8.944676754755979120e-01 9.130588264673372700e-01 9.089445108890129577e-01 9.081927809703433940e-01 9.169178953753386319e-01 9.169439171480225914e-01 9.093154083425385448e-01 8.884790797935158135e-01 9.061337553207711171e-01 8.825462044048680843e-01 9.031416748646126091e-01 9.147685661332769502e-01 9.072128487635118255e-01 9.089148996099399858e-01 9.018591006705672930e-01 9.110900171654410240e-01 9.088258367645849489e-01 9.174445094784728916e-01 9.186822610224029129e-01 9.151497578837514135e-01 9.084233921772210119e-01 9.139528976403020755e-01 9.095980146504019093e-01 9.116849413410722525e-01 9.176794779141824732e-01 9.139308993668873171e-01 9.107731587058602862e-01 8.991564871124351210e-01 9.115490568887354428e-01 9.169862370599974888e-01 9.054382657038889670e-01 9.000337876557659156e-01 9.187570941105176470e-01 9.172280945993555035e-01 9.145521450863159929e-01 9.118066933936299634e-01 9.095721381389492155e-01 9.162245389427571274e-01 9.170337398835124443e-01 9.193846609993245877e-01 9.145890788524151382e-01 9.175971516390729610e-01 9.098588318848068734e-01 9.148647179473593516e-01 9.168380970198574120e-01 9.164725435419568411e-01 9.196312875485223026e-01 9.127119012909288287e-01 9.126083140023448781e-01 9.183711101091249773e-01 9.190072587958251216e-01 9.196115107522637722e-01 9.195866959655022432e-01 9.202829783439606670e-01 8.953987821273355907e-01 8.989251600580717705e-01 9.181440117921166877e-01 9.158278303271211174e-01 9.150565525134674028e-01 9.157887510462415781e-01 9.147321415877588402e-01 9.194219646068706453e-01 9.145403374290602683e-01 9.117041613579369708e-01 9.156703610904992630e-01 9.189967418296205448e-01 9.168565438903134579e-01 9.192570167260926128e-01 9.169241882147701750e-01 9.204685571034370017e-01 9.189002153955442287e-01 9.187891829590597581e-01 9.166748291792018444e-01 9.170016336271159529e-01
1.911540370748942425e-02 1.588130342653781557e-01 3.861366357489786627e-01 6.526115018622452579e-01 5.257438837909547136e-01 5.727192470458376539e-01 8.303587104136862518e-01 7.856128325648311650e-01 8.481428019839659660e-01 7.927413888564519562e-01 8.858031515827545777e-01 1.000000000000000000e+00 8.391480559085786606e-01 7.082430274695701300e-01 9.214499770184672034e-01 9.106163479345161793e-01 8.629746920582175296e-01 8.359681569499550768e-01 8.671211132157333745e-01 6.647260815128960276e-01 8.329735751901524710e-01 8.752786536835875930e-01 8.831776954475589747e-01 8.438696601283239840e-01 8.505131817556910168e-01 9.143653898067163333e-01 8.992735550077544104e-01 9.159171282818937554e-01 8.712347438681254941e-01 9.038994377486935239e-01 9.230285982340880047e-01 9.171556953407735691e-01 8.771171057214617317e-01 9.054139174260501521e-01 9.047508279657969776e-01 8.805684481510018813e-01 9.008011643887352538e-01 9.248243393256646572e-01 9.286622824203131232e-01 8.924368618601410397e-01 9.351165962650008767e-01 9.358020165248224220e-01 9.236758774385059878e-01 9.436484628049909285e-01 9.345852462960988483e-01 9.321311799072290460e-01 9.414544248344758337e-01 9.418777976542959118e-01 9.396967534943672096e-01 9.211389132402811875e-01 9.346749037363389911e-01 9.171612849762988962e-01 9.290111175245105990e-01 9.370959487130210430e-01 9.314997135055410604e-01 9.383036031443028335e-01 9.286897421401976160e-01 9.381108324381337571e-01 9.356588092729496431e-01 9.431425820697885154e-01 9.455693598606260686e-01 9.402399184964673751e-01 9.337541625594141248e-01 9.407622328454107175e-01 9.349498693902702495e-01 9.380971225920123890e-01 9.438397152801754064e-01 9.435867469258059081e-01 9.398301825174799617e-01 9.302615592045418991e-01 9.432383045180628978e-01 9.446932527121543188e-01 9.367907501053261976e-01 9.340539090054326143e-01 9.463862661203261695e-01 9.440293873042435724e-01 9.416978799277833101e-01 9.367589555523178069e-01 9.373185597420270465e-01 9.392863867319461990e-01 9.431095695905600262e-01 9.454763806952688476e-01 9.436727829240104670e-01 9.427235105843341234e-01 9.404650915252492638e-01 9.438704729833249374e-01 9.427661098222188674e-01 9.462804683418967189e-01 9.467147987698825151e-01 9.424011207069364904e-01 9.411761544317397421e-01 9.474296642571191640e-01 9.452234299752977353e-01 9.477594791242820449e-01 9.458160282498525584e-01 9.468531650812077594e-01 9.273809641954854355e-01 9.285954174888766399e-01 9.461628615148665045e-01 9.441278062516732517e-01 9.443616022023120227e-01 9.439698532437290623e-01 9.423692746839708034e-01 9.477122410379509310e-01 9.448965235335571311e-01 9.392640941085210748e-01 9.438777759361376418e-01 9.449324195772664803e-01 9.456616492725642420e-01 9.453752640787290717e-01 9.445822907716785455e-01 9.463511369762112047e-01 9.458270759601248301e-01 9.461890409016372461e-01 9.439428563218178470e-01 9.438434746323163260e-01
-1.035610844672963911e-03 1.437515597587133709e-01 3.518203147178619039e-01 5.791167249176434328e-01 4.847441092021572140e-01 5.438062718333485090e-01 7.688224598212233252e-01 7.320398887000795218e-01 7.950633634092408863e-01 7.543683088658192926e-01 8.199686547131864733e-01 8.391480559085786606e-01 1.000000000000000000e+00 6.693286769001011161e-01 8.588068587053795389e-01 8.519485951959405723e-01 8.021183953918628040e-01 7.723488154712870868e-01 7.877834328317502299e-01 6.138826489807954756e-01 7.543478791740338973e-01 7.998898173797379663e-01 8.138483675657129934e-01 7.757630590049449104e-01 7.786326324764947238e-01 8.539812137397019276e-01 8.368952409731971187e-01 8.438817559721656369e-01 8.164340744169978903e-01 8.484463924589172867e-01 8.625998914682847518e-01 8.490730455804693655e-01 8.026521153939799591e-01 8.366462704231607539e-01 8.418851887539052781e-01 8.103185379009611999e-01 8.354571010925679886e-01 8.517091758350319175e-01 8.596210444975956877e-01 8.179638317114239499e-01 8.685134685413716804e-01 8.620819008735486344e-01 8.526534579700310035e-01 8.756275848775371129e-01 8.677869997839127159e-01 8.679990961618158085e-01 8.795297892843103593e-01 8.785855240207428585e-01 8.759113660001768276e-01 8.518694126599500871e-01 8.655734906986973787e-01 8.476867746258783809e-01 8.679147007007456116e-01 8.776399339153214685e-01 8.701212951875234580e-01 8.682098011157911577e-01 8.625600501060557423e-01 8.727682254267611350e-01 8.704916943074763047e-01 8.817936501944007022e-01 8.818594045373998602e-01 8.764736800539912887e-01 8.689504583876417332e-01 8.750962375106654534e-01 8.746168605938859919e-01 8.753657883517368399e-01 8.810233943604457441e-01 8.783924685421797829e-01 8.781708464183853868e-01 8.649535958326624030e-01 8.749771061793827354e-01 8.784441747833044989e-01 8.723103828327876119e-01 8.653466083181934332e-01 8.828352107159310735e-01 8.797088803004469160e-01 8.758580745519998212e-01 8.755290253455557670e-01 8.745629227379607684e-01 8.801613456916421718e-01 8.807569870601097417e-01 8.823256907027059448e-01 8.737845043587071370e-01 8.793825466713242056e-01 8.731838251956947072e-01 8.781646830236623513e-01 8.767029487321862380e-01 8.792777554937886153e-01 8.809569129120227160e-01 8.761516519100726041e-01 8.706288355251950994e-01 8.810753901329708704e-01 8.808578080451067160e-01 8.822173602404079773e-01 8.832539995829439272e-01 8.829327405931791661e-01 8.563207088743761686e-01 8.678957182036840523e-01 8.818620797036770265e-01 8.789758287361750799e-01 8.767836687069135992e-01 8.783972514205570237e-01 8.797585399610489132e-01 8.832817247644613179e-01 8.790714202524517740e-01 8.739714857279246019e-01 8.823161385242538346e-01 8.823002660263131736e-01 8.810787227231975383e-01 8.818735978112395291e-01 8.772837456127150491e-01 8.838579027600294014e-01 8.820873472715025088e-01 8.827362959896946082e-01 8.808228819676151566e-01 8.815509714175530087e-01
