1.000000000000000000e+00 3.255502569863729517e-02 6.586476415069847379e-02 3.810504993641656429e-02 3.128039765273671335e-02 1.207775703914697012e-02 5.442318371701849317e-02 6.758840970488769542e-03 5.511601567982885724e-02 2.356534492440493650e-02 -1.444435368104253319e-02 1.471973381074512775e-02 1.058736138288503097e-02 2.287325332405515041e-02 1.494272323260129043e-02 -3.284094398406378189e-03 3.335689130188895790e-02 4.981626490605970542e-02 3.443692059278165296e-02 8.039643416267928944e-02 6.682294652856024531e-02 4.589094866299059383e-02 5.753615226088519552e-02 3.745884288959224623e-02 6.209039225574506521e-02 4.206483829440409855e-02 3.186827635832996386e-02 3.245688736883246828e-02 3.249242919539571672e-02 4.112422916472399659e-02 2.366472263168610188e-02 3.082868316098275746e-02 2.104734226448907314e-02 2.006712661579728926e-02 1.550436919901651729e-02 3.951216286361986657e-02 1.467848779300425129e-02 2.016617780110312869e-02 2.185280681614324566e-02 2.306881559722272559e-02 1.812224129843354251e-02 1.497067565485157153e-02 2.969077959857140819e-02 2.004958521617762959e-02 1.599231629040928637e-02 2.208633682684660662e-02 -1.114202169193477488e-03 6.439007706830553353e-03 4.485049228715143679e-03 1.042499878177521877e-02 1.087778882078977057e-02 2.680256690852187568e-02 1.471240080077513245e-02 8.794425760760194236e-03 6.018632546987422692e-03 1.833691849820317382e-02 2.183916274256243392e-02 6.565674805239700949e-03 2.024729949297792569e-03 1.162705122786093087e-02 8.196791400643662490e-03 6.268108785480237810e-03 1.046385218892411859e-02 7.393150592110096439e-03 1.991263688737569121e-02 2.233614858151865279e-02 1.043141809364552496e-02 1.442962226168963136e-02 1.701585753181279401e-02 2.479406947214880114e-02 2.140483730230302931e-02 1.410111588458294422e-02 4.071444958334427024e-03 1.875152393662386091e-02 2.091554723008509295e-02 1.004513387892085399e-02 1.176501812520460745e-02 1.942465069362619631e-02 1.602402257246946654e-02 1.434540530213511064e-02 8.391014527167783843e-03 1.143984634995588896e-02 2.309552093571693582e-02 1.441026183153300104e-02 1.109243623129597608e-02 9.871200239007553445e-03 1.161854498749166457e-02 1.098737071896170765e-02 1.487832616869963487e-02 1.828925076042773809e-02 1.412799245976496115e-02 8.223092302588637728e-03 8.792269086177136733e-03 4.896083433146173301e-03 2.469019991446548806e-03 5.047718391503028430e-03 1.655069856256976765e-02 1.800696592163403276e-02 6.226971545480297632e-03 1.155140410322077517e-02 8.583362728167112307e-03 1.485521115081568991e-02 1.134005477186624845e-02 6.745370122559432753e-03 1.660509886886146411e-02 1.352976563868912678e-02 9.247117443988360844e-03 4.700416595091425585e-03 9.009637379349264702e-03 7.503642034499605901e-03 1.464396701970286773e-03 7.691596277443394844e-03 4.966954419311461408e-03 1.513960371346419025e-02 1.744591769656645558e-02 1.505089286663516095e-02
3.255502569863729517e-02 1.000000000000000000e+00 7.306440281414805504e-02 1.225087218844280457e-01 8.435215153254246867e-02 1.240610867163203929e-01 1.480079410667232420e-01 1.525937824249964658e-01 1.350507997655210068e-01 1.631006398061591034e-01 1.565114587217695252e-01 1.576374031841605294e-01 1.466067705333819193e-01 1.342952238990291758e-01 1.581255692345318320e-01 1.518256187154149728e-01 1.439722552789070020e-01 1.454058232394458694e-01 1.607991946498923130e-01 1.251206083019960058e-01 1.219431424271073955e-01 1.622268043792775560e-01 1.576679570685066423e-01 1.514335208198764327e-01 1.749787329277732728e-01 1.665091873007134016e-01 1.688121377919063193e-01 1.717522671595880512e-01 1.701256085647707139e-01 1.654673469535219432e-01 1.685825780926294704e-01 1.736298902364787622e-01 1.617229049899805426e-01 1.744219043648697343e-01 1.685165025284179607e-01 1.555202482944047226e-01 1.726961288073474432e-01 1.697359963572295793e-01 1.649589653445399373e-01 1.701710197443170036e-01 1.652670930464760490e-01 1.700111388966122627e-01 1.554024676874515010e-01 1.617315838307483156e-01 1.638245660175071117e-01 1.703591253851452769e-01 1.614601797084760371e-01 1.602702126686193218e-01 1.592505310105049032e-01 1.577225803406577254e-01 1.619175279495610464e-01 1.492388079404490253e-01 1.521830589857378346e-01 1.601841790712981717e-01 1.618500608358008075e-01 1.705533585300778310e-01 1.401127912616470239e-01 1.535706948339368161e-01 1.605393904203631372e-01 1.585945198444491666e-01 1.544038913930394774e-01 1.531497665668699881e-01 1.503036932635210265e-01 1.445483552596874277e-01 1.583744765781563979e-01 1.516036784368089141e-01 1.639539164084431178e-01 1.635145144565157138e-01 1.671493972089842794e-01 1.624367289212239052e-01 1.623925139112281368e-01 1.643029256304420205e-01 1.668576143836060233e-01 1.645072850018345079e-01 1.642643633795518032e-01 1.702671374951030547e-01 1.685675382333294559e-01 1.659208253819993151e-01 1.680612855991599208e-01 1.602116783560634250e-01 1.656043888252510532e-01 1.634162381711734557e-01 1.650510549226134882e-01 1.639971209177933376e-01 1.697556938846011276e-01 1.693236793806305596e-01 1.660565011035821936e-01 1.682045946661134272e-01 1.640670106054351596e-01 1.657751900026314118e-01 1.680516970770061791e-01 1.655467864120860055e-01 1.651884098707613602e-01 1.669464559742145360e-01 1.627461623362973508e-01 1.649568942304051877e-01 1.602352850054840350e-01 1.560260975455667609e-01 1.572673110576477962e-01 1.672098016005089116e-01 1.618041955631903395e-01 1.561587433593537300e-01 1.610434173292128179e-01 1.569733444120881283e-01 1.595889243131162760e-01 1.510504067279030971e-01 1.607540570892339316e-01 1.641083381020905785e-01 1.641040032813474436e-01 1.631534904698894450e-01 1.614379278810162410e-01 1.616074932150607935e-01 1.584339422161829825e-01 1.562804165555855551e-01 1.624258188150234372e-01 1.554572400266770460e-01
6.586476415069847379e-02 7.306440281414805504e-02 1.000000000000000000e+00 2.929166424694947257e-01 1.808928579493983002e-01 2.122967186791413496e-01 3.248319781588900335e-01 2.965185553860228973e-01 3.289609780134716277e-01 3.089899844646213922e-01 3.304636339404882217e-01 3.255304083707974416e-01 2.828149378554981608e-01 3.022400074479498211e-01 3.417068676514791181e-01 3.276861094312460421e-01 3.340537510369879226e-01 3.302104655968899904e-01 3.522533219956853201e-01 3.456614577734358207e-01 3.434270793234105446e-01 3.633611595766161328e-01 3.632093935462501477e-01 3.376004157701113506e-01 3.656549572679427262e-01 3.404876965445155501e-01 3.504040807595891205e-01 3.546001069037845732e-01 3.553009808605387398e-01 3.611710978079219481e-01 3.533704367904859089e-01 3.486609811906985490e-01 3.424504617331475820e-01 3.313570363885869341e-01 3.350947265413313225e-01 3.385916992324330410e-01 3.475405554919017148e-01 3.445620251760932451e-01 3.501838873970920529e-01 3.525619134559674350e-01 3.444287773416598863e-01 3.423878975902115429e-01 3.620903787471643764e-01 3.497609992986340233e-01 3.401969478609154773e-01 3.572129027053199679e-01 3.339759773868757331e-01 3.412872194284126692e-01 3.329887925863445064e-01 3.302718524198499650e-01 3.425223055665995719e-01 3.365304897149399288e-01 3.372108237296410627e-01 3.406404069441925087e-01 3.394663754410626733e-01 3.499773540494537927e-01 3.284597362733433501e-01 3.412232151211931908e-01 3.324723491939620690e-01 3.335655810021693202e-01 3.387417079299374634e-01 3.282519426892257508e-01 3.312062369684918850e-01 3.269801991793684359e-01 3.397825218786758583e-01 3.355242909337363133e-01 3.406363785534449184e-01 3.459031226188152841e-01 3.459093103571507788e-01 3.498190072852048194e-01 3.508236004119300588e-01 3.497612311688861331e-01 3.390166815226254848e-01 3.504029327244773118e-01 3.475010683778943510e-01 3.434977114808932530e-01 3.456141251999350628e-01 3.514423096115416589e-01 3.495936653589115650e-01 3.482220069370239313e-01 3.451815880503016909e-01 3.391601351728942837e-01 3.433568678565160348e-01 3.476333627302844453e-01 3.390503973028711759e-01 3.397914733238344698e-01 3.396859819913279344e-01 3.429346285142887418e-01 3.478868764393943658e-01 3.453508723490510968e-01 3.446854373261767357e-01 3.432086103596551085e-01 3.426562520423602765e-01 3.403057268299864435e-01 3.348055351781986655e-01 3.368311216749270698e-01 3.406289093404442636e-01 3.323310787845324410e-01 3.312261873005089563e-01 3.386736861865236592e-01 3.436120156438785544e-01 3.361056561494845663e-01 3.414621866108754622e-01 3.396478242613308329e-01 3.433956677659431578e-01 3.309964962791778209e-01 3.347050853306560714e-01 3.375485464277817038e-01 3.407307060802513554e-01 3.342058762548233419e-01 3.353214264684371004e-01 3.368012166161211129e-01 3.336799853361225310e-01 3.365667821533407933e-01 3.383711354609945654e-01 3.356655927586084665e-01
3.810504993641656429e-02 1.225087218844280457e-01 2.929166424694947257e-01 1.000000000000000000e+00 3.263343342363202448e-01 3.884681926344484837e-01 5.617920854885601889e-01 5.029238713935244576e-01 6.076024868074821894e-01 5.494620462406665240e-01 5.813827057380994701e-01 6.243115328813056975e-01 5.614273142715320297e-01 5.747947074943473567e-01 6.337031404562626369e-01 6.037120935143028833e-01 6.042834566439833077e-01 5.876914528586353326e-01 5.932285245152741915e-01 5.660964123769832712e-01 5.701950057978888431e-01 6.118667315892466485e-01 5.982101081695644362e-01 5.834729513223985142e-01 6.239685399283826372e-01 6.364478908831443515e-01 6.282605813333750344e-01 6.372788770400679148e-01 6.240198577174037586e-01 6.434325058370105044e-01 6.441716386957652141e-01 6.368949249571057569e-01 6.231965719827837757e-01 6.096582032516976168e-01 6.171246276984274637e-01 6.149901429861270863e-01 6.347747762844618835e-01 6.367949190494212042e-01 6.429543549044463013e-01 6.312357424289768426e-01 6.377198787121517443e-01 6.367496090859563473e-01 6.295519095022142908e-01 6.453103322775423090e-01 6.344717231158470971e-01 6.404297412800439293e-01 6.373933102411205587e-01 6.420787839111492534e-01 6.331202214367348535e-01 6.133683798770627194e-01 6.365153309982219954e-01 6.089768843480097837e-01 6.247560760607920871e-01 6.383921319724314980e-01 6.310451138995907261e-01 6.414765548929574068e-01 6.086699406761173492e-01 6.387081836432723092e-01 6.329344852229981111e-01 6.346129310593126016e-01 6.385825344785429625e-01 6.281055923058019852e-01 6.311395149825173023e-01 6.291767389747020545e-01 6.332858536480610034e-01 6.304964519951601343e-01 6.422415219709193268e-01 6.431875053378875995e-01 6.415975576468664343e-01 6.409499694414791948e-01 6.465597400598503963e-01 6.465181297801778637e-01 6.296473985271597851e-01 6.435300496450512275e-01 6.465256681176945186e-01 6.468184845457464194e-01 6.457265468378494688e-01 6.423577699918348038e-01 6.451716333244010837e-01 6.439933382802695006e-01 6.436997357985957402e-01 6.409751850179864485e-01 6.381050005019297533e-01 6.352026027315673673e-01 6.367753209612608822e-01 6.388500248987059038e-01 6.430259067241352877e-01 6.423971314265959354e-01 6.445095283618270665e-01 6.443104192095916449e-01 6.419413243074388875e-01 6.453836453634753667e-01 6.459125153479829962e-01 6.424371358693752310e-01 6.395087072055457567e-01 6.398508880646514019e-01 6.359979222504550389e-01 6.287475840271700145e-01 6.386656876785675729e-01 6.437554255378488133e-01 6.444279746581781376e-01 6.377586393202616666e-01 6.436058022312437510e-01 6.414740848101494475e-01 6.407008950038503015e-01 6.305569833818738257e-01 6.380723965491076344e-01 6.405880167793366331e-01 6.411153982195815226e-01 6.406609138027580252e-01 6.398404872781825459e-01 6.397452171945833266e-01 6.380275314822904109e-01 6.374651422231194520e-01 6.393574356717924845e-01 6.359879010261512144e-01
3.128039765273671335e-02 8.435215153254246867e-02 1.808928579493983002e-01 3.263343342363202448e-01 1.000000000000000000e+00 2.848501465575193903e-01 3.999139845147933747e-01 3.661133290971248511e-01 4.177764189644345150e-01 3.760538099419077351e-01 4.039941462929667604e-01 4.291061314490130507e-01 4.006912406699897344e-01 3.898995412864483812e-01 4.448770058063707955e-01 4.375901579361655691e-01 3.998994831773034497e-01 3.814621513601941238e-01 4.138538996137346992e-01 4.121322815774541848e-01 4.041894846433339850e-01 4.262430233454039263e-01 4.192942311955127899e-01 4.076924510497890175e-01 4.293426655250875967e-01 4.430516178390744852e-01 4.347870280551421329e-01 4.361281559537052432e-01 4.328093999025827143e-01 4.427879294445027925e-01 4.455316313988371135e-01 4.334951499850979162e-01 4.356405708785567321e-01 4.162602931925818983e-01 4.345773364185568921e-01 4.189574392852628004e-01 4.329686639556521999e-01 4.373974702728489761e-01 4.400955564434579914e-01 4.322509696365294252e-01 4.419357777207512106e-01 4.437431238471202799e-01 4.442530599553331516e-01 4.514437777740788471e-01 4.417487770414917359e-01 4.459356748782324908e-01 4.433905468509355408e-01 4.438286288075092845e-01 4.373276460676543964e-01 4.258824209600248212e-01 4.340736175868211144e-01 4.277759123564882637e-01 4.382355980540657003e-01 4.425921675198158378e-01 4.400565940403746712e-01 4.466308003262906556e-01 4.295926244491784507e-01 4.464098705081320229e-01 4.390057223172344480e-01 4.482727428793290558e-01 4.453101374414424329e-01 4.439471869881539967e-01 4.403854145511776896e-01 4.325869192814376096e-01 4.389802133981218213e-01 4.485518003335147164e-01 4.456786834321629365e-01 4.464865482005563324e-01 4.489064164076036478e-01 4.520790894777970137e-01 4.486097587604985781e-01 4.492803487993272116e-01 4.363377410861593031e-01 4.430097174487468425e-01 4.525557358251419693e-01 4.457690517344604086e-01 4.469211402262354693e-01 4.464799350170259862e-01 4.494007616065917587e-01 4.501012482624999200e-01 4.463862133629004636e-01 4.477229338617162435e-01 4.413521948583968291e-01 4.502812241601024668e-01 4.488840444316065659e-01 4.405503633501045568e-01 4.458117420932148356e-01 4.489000708222509184e-01 4.487828127686204205e-01 4.475330100422081347e-01 4.478499655255254730e-01 4.498672325774052405e-01 4.468841657491646746e-01 4.478469709187917203e-01 4.452467973423523961e-01 4.454289809914150355e-01 4.425511572883704114e-01 4.486009410372060469e-01 4.453197803394122745e-01 4.461767704964035852e-01 4.525125758060500880e-01 4.461574543819789018e-01 4.458569581801476445e-01 4.497767835832810479e-01 4.518000829001901364e-01 4.436275734653410963e-01 4.458446055285127385e-01 4.447887728899842519e-01 4.471454805506398511e-01 4.459537666932834599e-01 4.435757922828481026e-01 4.473497589510231354e-01 4.456497985371155046e-01 4.486694941887909294e-01 4.457826940248739156e-01 4.468022967786892674e-01
1.207775703914697012e-02 1.240610867163203929e-01 2.122967186791413496e-01 3.884681926344484837e-01 2.848501465575193903e-01 1.000000000000000000e+00 5.278918259968558013e-01 4.595128725357078836e-01 5.346823597645489201e-01 5.000051872814409437e-01 5.198903763868263361e-01 5.603394232066080116e-01 5.121102096376318746e-01 5.228027297219249858e-01 5.772583606351111563e-01 5.593056186816843800e-01 5.328476270083662980e-01 5.177912726770252938e-01 5.453798262127388385e-01 5.303183532702646641e-01 5.113725365436178061e-01 5.440218018289366686e-01 5.561520216647302117e-01 5.373944465375001256e-01 5.484118656027802130e-01 5.691515389344061759e-01 5.583493369329545208e-01 5.664777268080359862e-01 5.595989380947494762e-01 5.857740643317821405e-01 5.899900236899560113e-01 5.838745291552028815e-01 5.593263813846477417e-01 5.603154735534546793e-01 5.699267183503482492e-01 5.735509152323383653e-01 5.629734287535881343e-01 5.864695640754135075e-01 5.858863480991598482e-01 5.726853551902447714e-01 5.837497433108416178e-01 5.819253238155488450e-01 5.804631538468901786e-01 5.921349551887696849e-01 5.780040133766903843e-01 5.840851334455749999e-01 5.817297808803646442e-01 5.851602483755473649e-01 5.825633385499797701e-01 5.765318187306994746e-01 5.880935393074361306e-01 5.686006872761858455e-01 5.709848549197119594e-01 5.787573360890609919e-01 5.807977044972609804e-01 5.915112172343909291e-01 5.657513968298371054e-01 5.819832908031835617e-01 5.848003659483389516e-01 5.807450930517027432e-01 5.902036401628198981e-01 5.781380437778058656e-01 5.846165319985708875e-01 5.802313393056148794e-01 5.847583981801869335e-01 5.796612471518874932e-01 5.877255358154100939e-01 5.860253402649749921e-01 5.930487338480551207e-01 5.890592616193143227e-01 5.835135881138650005e-01 5.876332019402192852e-01 5.819111692781542278e-01 5.840764275994209109e-01 5.874814431447024088e-01 5.877321845349795515e-01 5.877083060965533345e-01 5.875300481212635262e-01 5.889270063662804811e-01 5.889256336718754481e-01 5.858560934473240334e-01 5.862514257586575184e-01 5.845600793393448402e-01 5.850337384525605700e-01 5.834866290753871754e-01 5.879162184630672972e-01 5.874766041486695345e-01 5.904517432121225706e-01 5.859654970706490440e-01 5.906696130122107702e-01 5.885797193640331937e-01 5.900089476943454203e-01 5.854031335722917895e-01 5.871511082977799445e-01 5.858739945508405489e-01 5.871497422595310933e-01 5.777194075097287218e-01 5.764362920764842801e-01 5.825389621452412570e-01 5.869818689664868527e-01 5.908329556746992894e-01 5.828600941867418950e-01 5.824450530791257519e-01 5.872278737001159765e-01 5.851263247010121127e-01 5.745580842751163431e-01 5.819927223683650785e-01 5.859736699265570836e-01 5.866501381784170466e-01 5.835765818059410748e-01 5.856636648953313928e-01 5.855952092594982616e-01 5.833992949169619635e-01 5.832460885778069093e-01 5.875255877264033977e-01 5.783268671420499496e-01
5.442318371701849317e-02 1.480079410667232420e-01 3.248319781588900335e-01 5.617920854885601889e-01 3.999139845147933747e-01 5.278918259968558013e-01 1.000000000000000000e+00 6.717351892461229657e-01 7.675660835654516401e-01 7.195925013919741708e-01 7.411472942291033039e-01 8.024686175143502798e-01 7.199021132326975936e-01 7.492877150593146851e-01 8.452991152219062609e-01 7.964254200726199606e-01 7.624160355318974069e-01 7.415396032447798547e-01 7.963388357872910328e-01 7.695344560163567271e-01 7.372740660015254521e-01 8.002969692390565770e-01 8.120397780714094793e-01 7.923290628166420602e-01 8.159441278722440183e-01 8.364547744703777488e-01 8.184211947498206685e-01 8.341500302814668366e-01 8.343874959562274096e-01 8.457181772755741900e-01 8.450627488316174718e-01 8.356045383886665512e-01 8.190465776060779080e-01 8.067552089791971692e-01 8.160899641787054959e-01 8.138154764816600828e-01 8.204753233045164462e-01 8.403486386897033311e-01 8.372092064764929953e-01 8.260222314769836149e-01 8.368837688654888751e-01 8.385938267624055698e-01 8.301576820601798135e-01 8.452896779214638112e-01 8.316954993919187800e-01 8.425932111714201644e-01 8.302978090564714364e-01 8.337701647913884351e-01 8.266344373567687809e-01 8.123824242220459846e-01 8.344147126533905112e-01 8.141646115237115566e-01 8.217827544692802855e-01 8.307618079608168893e-01 8.303286640169074140e-01 8.453175369077542411e-01 8.016824525425662040e-01 8.331859125133123101e-01 8.310757808243067757e-01 8.259969585887678711e-01 8.345540653144963850e-01 8.190292783369884644e-01 8.264907150402147629e-01 8.172321547411747211e-01 8.270751765681392254e-01 8.234728436786322714e-01 8.363588080533025382e-01 8.440682506760359693e-01 8.477156114775327156e-01 8.456908489299170828e-01 8.407208349123378444e-01 8.439047787606591688e-01 8.393416906873294447e-01 8.445228498982186860e-01 8.472351048596720169e-01 8.387552364960038087e-01 8.395228811789663403e-01 8.486002851188767515e-01 8.473283145836989494e-01 8.447942998225247413e-01 8.382989866481107555e-01 8.412242437306899356e-01 8.365793624035243736e-01 8.414064186908464249e-01 8.387452811450795132e-01 8.413064296022039201e-01 8.371331062373259524e-01 8.430522304579974868e-01 8.412874390338886954e-01 8.433298356110962013e-01 8.438474493361223239e-01 8.436888518813221438e-01 8.358342110133520908e-01 8.396760392086308755e-01 8.327912927999896464e-01 8.349589771077691180e-01 8.303116622639206135e-01 8.243915930358119981e-01 8.337838117881587463e-01 8.399831400147912408e-01 8.428464036968961182e-01 8.339252097517093620e-01 8.349354012321825724e-01 8.370534724642588742e-01 8.376371407442342321e-01 8.222931847737228184e-01 8.310230933258753172e-01 8.343261592235143853e-01 8.399915534028320474e-01 8.347079484256222370e-01 8.352067606997679583e-01 8.317908299068370592e-01 8.310224926013444202e-01 8.301275667213393605e-01 8.341395751117398616e-01 8.271074594581971917e-01
6.758840970488769542e-03 1.525937824249964658e-01 2.965185553860228973e-01 5.029238713935244576e-01 3.661133290971248511e-01 4.595128725357078836e-01 6.717351892461229657e-01 1.000000000000000000e+00 6.982785575284912172e-01 6.680410415623876386e-01 6.845037840233568760e-01 7.406258206825848678e-01 6.695234953040711812e-01 6.892826582597439966e-01 7.639924280067725837e-01 7.424428160921046072e-01 6.903522997841426978e-01 6.614114327606932520e-01 7.133568171178188422e-01 6.486302486955478619e-01 6.392025641399459168e-01 7.102721180632094455e-01 7.086157289671732862e-01 6.873032740909220673e-01 7.153038830741368370e-01 7.493858904699276513e-01 7.393717872082437026e-01 7.490536096541005051e-01 7.509327121928826010e-01 7.562776933151390546e-01 7.679574756495700649e-01 7.505240971325942700e-01 7.272146628471911622e-01 7.260704371087336462e-01 7.301597753781805533e-01 7.201193502717871953e-01 7.421599435531569533e-01 7.643650649990182400e-01 7.628319054291610168e-01 7.365384315676799520e-01 7.625689380687822316e-01 7.672450920054925128e-01 7.488226546542965378e-01 7.728797184251355867e-01 7.605229390630989794e-01 7.658285220197545984e-01 7.761087224099698645e-01 7.757247620054812387e-01 7.680020522659353199e-01 7.408688160534154798e-01 7.642203020755229392e-01 7.342242530340010731e-01 7.625041863622965543e-01 7.730791500683449335e-01 7.671975710234928414e-01 7.675228971591439020e-01 7.402974010328383647e-01 7.666936065475540296e-01 7.701702859565751069e-01 7.684040837317992478e-01 7.693059749041039064e-01 7.643331621211481020e-01 7.643145123969868893e-01 7.614672883470999798e-01 7.601553407987008404e-01 7.655766183840068129e-01 7.719129478624319196e-01 7.730843406344420909e-01 7.751668317023748811e-01 7.743707444210901070e-01 7.693775969568000805e-01 7.748576983985695499e-01 7.680281675523464857e-01 7.683043299475232901e-01 7.749386448400519267e-01 7.758840142728884448e-01 7.750191392616353481e-01 7.775497824683660353e-01 7.772258084633355546e-01 7.751650758383580309e-01 7.755041876994401839e-01 7.784066740905422055e-01 7.671409678981937486e-01 7.702407838090103986e-01 7.716556342396331258e-01 7.727291079465836710e-01 7.712587336144457462e-01 7.789896987640106962e-01 7.756142913585659660e-01 7.728565952042998344e-01 7.713089243754239765e-01 7.773880651968798627e-01 7.744113490040878123e-01 7.787398400684645283e-01 7.765958823202619987e-01 7.776983161750230522e-01 7.565359368966299014e-01 7.624352312890273486e-01 7.709482501572495483e-01 7.702765224114160869e-01 7.737760989389030897e-01 7.688043745604370427e-01 7.740011355155229644e-01 7.771208307187393860e-01 7.728548964105185215e-01 7.642872682987175148e-01 7.725068475586687189e-01 7.770947558992636894e-01 7.796510073165252575e-01 7.755669703872299925e-01 7.757638319013677730e-01 7.754955931172372585e-01 7.758117950185706713e-01 7.705708598243259377e-01 7.695195014603505301e-01 7.704586556928670893e-01
5.511601567982885724e-02 1.350507997655210068e-01 3.289609780134716277e-01 6.076024868074821894e-01 4.177764189644345150e-01 5.346823597645489201e-01 7.675660835654516401e-01 6.982785575284912172e-01 1.000000000000000000e+00 7.750003637222301345e-01 7.995146274450528612e-01 8.575761706915675520e-01 7.778997004011422023e-01 8.040977426763784575e-01 8.759604743905682334e-01 8.558842792591496718e-01 8.222733028155193580e-01 7.882615637683155763e-01 8.287489800507653603e-01 7.682457349747137121e-01 7.695606350415441499e-01 8.322828952782775902e-01 8.328614276386414605e-01 8.031475760844749567e-01 8.286208498775996523e-01 8.797326686737926282e-01 8.543777109767821676e-01 8.563087432764944218e-01 8.315576193056498644e-01 8.804191055533727717e-01 8.927662804852025680e-01 8.739441098529638907e-01 8.356005039834794035e-01 8.389306046671984873e-01 8.379561634263196224e-01 8.533579852159395296e-01 8.581854651845424176e-01 8.729400929015926902e-01 8.778585755489600739e-01 8.598963807001454018e-01 8.885489630012236573e-01 8.782103850935384370e-01 8.548400128674049636e-01 8.861306611668230415e-01 8.811990673585115008e-01 8.743939799435456184e-01 8.926061770125847117e-01 8.970798811960322139e-01 8.896962271274361234e-01 8.595303578694654112e-01 8.855548511651689658e-01 8.520746835613941528e-01 8.772992370975263299e-01 8.972744224234842081e-01 8.844426088861342405e-01 8.916586656066322059e-01 8.808032263069089929e-01 8.912562749165776621e-01 8.908929459517088700e-01 8.973294567358602869e-01 8.989144682661250885e-01 8.888599097699049212e-01 8.904548992977220356e-01 8.870740247177513194e-01 8.946612151978630134e-01 8.964226120592826419e-01 8.989501213673790625e-01 8.955220135239474466e-01 8.955594016550747494e-01 8.916554996140630962e-01 8.904267055210083326e-01 8.937387122346748258e-01 8.783250231486305903e-01 8.886142295666767943e-01 9.006947694698992368e-01 8.952172252333248093e-01 8.887210674533060351e-01 8.839041970267255133e-01 8.884427784199805389e-01 8.987996325327619607e-01 8.907143060570201776e-01 8.990812631252486087e-01 8.969511051303666882e-01 8.880905611669048794e-01 8.845257576919935971e-01 8.906652242869479430e-01 8.941962341492161181e-01 8.933420434541675670e-01 8.956371199150843232e-01 8.975412816163127472e-01 8.918494826947774845e-01 8.970881261912608817e-01 8.945526391127021082e-01 8.944617572187079091e-01 8.965920943807266230e-01 8.983215796545940268e-01 8.847673974924924467e-01 8.914189114274861936e-01 8.985268883184645006e-01 8.938649972403316379e-01 8.937993069950846969e-01 8.976453021556000111e-01 8.943498775236292664e-01 8.967066814814323994e-01 8.959205084044080669e-01 8.960484778039539133e-01 8.987677701248975026e-01 8.978609360585109167e-01 8.983204972790104215e-01 9.002587686619892837e-01 8.972263053343567663e-01 8.999170339867852420e-01 8.979830862317444984e-01 8.978946711329998109e-01 8.993694593738148502e-01 8.990726196666916081e-01
2.356534492440493650e-02 1.631006398061591034e-01 3.089899844646213922e-01 5.494620462406665240e-01 3.760538099419077351e-01 5.000051872814409437e-01 7.195925013919741708e-01 6.680410415623876386e-01 7.750003637222301345e-01 1.000000000000000000e+00 7.571691602902227425e-01 8.121760099254859977e-01 7.455968605748289901e-01 7.565313105983901831e-01 8.284860709123552658e-01 7.999966232451115600e-01 7.659456770622092847e-01 7.362084574201168685e-01 7.903779922203135744e-01 7.070491983382017898e-01 7.033271277564139279e-01 7.877775412145558986e-01 7.722144889515533128e-01 7.598451712096601085e-01 7.924318533654025609e-01 8.231316240837012188e-01 8.028404762068219735e-01 8.250498139804371966e-01 7.998406594458915553e-01 8.250472331552503036e-01 8.396750345653208880e-01 8.252774495634573881e-01 7.952424088145712000e-01 8.031357160854897259e-01 7.941339583940587588e-01 8.019024895344961656e-01 8.164729732337180357e-01 8.310438168886040700e-01 8.348384596434325067e-01 8.176721718933871452e-01 8.414315468884291382e-01 8.419084642291986276e-01 8.125989145139168590e-01 8.407465256520548769e-01 8.382497850521222205e-01 8.359641251716233290e-01 8.457333135624328646e-01 8.479220160540805740e-01 8.381756499777854863e-01 8.144172934126109320e-01 8.402421318657551375e-01 7.987650493566769150e-01 8.229935150911392716e-01 8.433358915142977752e-01 8.348973881195856928e-01 8.422707845522242609e-01 8.111187910817729829e-01 8.398085571866658050e-01 8.388612502679618776e-01 8.425043466480036658e-01 8.413646868926745181e-01 8.319085691229001212e-01 8.349138315926822873e-01 8.323712482650645894e-01 8.371729814775171752e-01 8.328870339859680838e-01 8.494812938233611277e-01 8.510951431125799438e-01 8.475625870351840563e-01 8.424001799105105270e-01 8.445518687446881279e-01 8.500459864668968857e-01 8.390188313716253621e-01 8.469264957581174036e-01 8.492196450303636235e-01 8.516143014691538449e-01 8.453563641108200466e-01 8.442576960515433271e-01 8.472711885218376926e-01 8.487450516347317953e-01 8.481924139162798637e-01 8.518683209407263979e-01 8.475207885615878567e-01 8.419910233867885507e-01 8.429013192002079435e-01 8.482585802981807976e-01 8.503417315643257979e-01 8.519479407216944411e-01 8.502042430271710138e-01 8.508956814371830824e-01 8.486211756949113560e-01 8.523757560589539928e-01 8.517195535492092517e-01 8.517694355225882141e-01 8.508891418637413162e-01 8.516127356569846985e-01 8.372079235842163625e-01 8.369446475674684471e-01 8.475465165962238201e-01 8.485578792265192627e-01 8.486574927230560172e-01 8.467263264435476167e-01 8.454787488864093925e-01 8.494479385827659046e-01 8.457964798510265725e-01 8.380452408965805011e-01 8.498494651599538541e-01 8.518575973014538283e-01 8.512882722984426165e-01 8.507251155582089552e-01 8.498416391947523074e-01 8.489216067625946494e-01 8.473074457103662027e-01 8.455008461066060299e-01 8.458873417556163066e-01 8.408924314976536918e-01
-1.444435368104253319e-02 1.565114587217695252e-01 3.304636339404882217e-01 5.813827057380994701e-01 4.039941462929667604e-01 5.198903763868263361e-01 7.411472942291033039e-01 6.845037840233568760e-01 7.995146274450528612e-01 7.571691602902227425e-01 1.000000000000000000e+00 8.501883097542649592e-01 7.707158892141955375e-01 7.766786288767963953e-01 8.549194144187097777e-01 8.318926490420347486e-01 7.948702063875593415e-01 7.490003628276277192e-01 8.074823587246167111e-01 7.228660875376470285e-01 7.174626312372103243e-01 8.072796108241109270e-01 7.974230368241352895e-01 7.774344609002817874e-01 8.046136689060148228e-01 8.518937446347202291e-01 8.281862726393007801e-01 8.442585022780069171e-01 8.198783030842107244e-01 8.540400661351680300e-01 8.657534639775221752e-01 8.524840219292207921e-01 8.220385852144512784e-01 8.260504515821703864e-01 8.321271071157220200e-01 8.264668700799667755e-01 8.477245744533273841e-01 8.529576968215248911e-01 8.614926065834271895e-01 8.462512069401659787e-01 8.669753663916553998e-01 8.657228306269891815e-01 8.392770596659313576e-01 8.695618480810592965e-01 8.659555099349994789e-01 8.580938973825776861e-01 8.766040388934875915e-01 8.757407173499019981e-01 8.698707173356977629e-01 8.410032076456037675e-01 8.655566665167345741e-01 8.234924358547336398e-01 8.534243524944522541e-01 8.739149931951959438e-01 8.623594983897877597e-01 8.714837579822621860e-01 8.488833124393609930e-01 8.722543158810098785e-01 8.678692847811537714e-01 8.727165894827613180e-01 8.727610103307712475e-01 8.644469327314366902e-01 8.659709840884962651e-01 8.669824364374572045e-01 8.667628319009159643e-01 8.648074381127603960e-01 8.774753597863157450e-01 8.744215565941277912e-01 8.749533977149829278e-01 8.677731093164096077e-01 8.683813641277741135e-01 8.759244017558819317e-01 8.643469789306210682e-01 8.687148939591672336e-01 8.780607721392059695e-01 8.766779817344828585e-01 8.751166383700437201e-01 8.678913960123249005e-01 8.720788257946125999e-01 8.753794128495413496e-01 8.757257898223547166e-01 8.790230253459290211e-01 8.751889955495002482e-01 8.701022328802104910e-01 8.728953384208607558e-01 8.763064214738888191e-01 8.789462705748014582e-01 8.783955675895975812e-01 8.790994452921715441e-01 8.768595122233845407e-01 8.770817005126485544e-01 8.810276954067487454e-01 8.792419201941356066e-01 8.798428569335606797e-01 8.797056594985096512e-01 8.805615569137168475e-01 8.672473183726110424e-01 8.689824157157606255e-01 8.780592374198847860e-01 8.775750532018544714e-01 8.794960352674746629e-01 8.756041345631928596e-01 8.751943173948103505e-01 8.791958389121190542e-01 8.752602822219666123e-01 8.713592696770491308e-01 8.787424594099292330e-01 8.791098512815219701e-01 8.792422323828417152e-01 8.793990659823600620e-01 8.791612264527672860e-01 8.786077087943607866e-01 8.781248708508387901e-01 8.776023632108450601e-01 8.760395465954117222e-01 8.748751672072162533e-01
1.471973381074512775e-02 1.576374031841605294e-01 3.255304083707974416e-01 6.243115328813056975e-01 4.291061314490130507e-01 5.603394232066080116e-01 8.024686175143502798e-01 7.406258206825848678e-01 8.575761706915675520e-01 8.121760099254859977e-01 8.501883097542649592e-01 1.000000000000000000e+00 8.220332801068072071e-01 8.469537594444959128e-01 9.223422876590708919e-01 8.987108800434843170e-01 8.523316220365320106e-01 8.102339454022470244e-01 8.674071230216523487e-01 7.822164347675808482e-01 7.887994986306464673e-01 8.793629780163572107e-01 8.673206372793537122e-01 8.382330897968728323e-01 8.723677721509264238e-01 9.162433700941875481e-01 8.992046583864412579e-01 9.060091241594429023e-01 8.903063360954096561e-01 9.223971819392516869e-01 9.312819629613564576e-01 9.195887180651567405e-01 8.897329716244191111e-01 8.906230589621928484e-01 8.893939278487662525e-01 8.941626557871213965e-01 9.088395449402688620e-01 9.229870511701124824e-01 9.268679097746357343e-01 9.069164264928391006e-01 9.313320536156229901e-01 9.328962695513859371e-01 9.010312374694957605e-01 9.361551169197863675e-01 9.280268089148508981e-01 9.233203804704470663e-01 9.402644729450465588e-01 9.419885303798291032e-01 9.352416277729487248e-01 9.062236013334359352e-01 9.331330105943751452e-01 8.932257988721356012e-01 9.211791770279570413e-01 9.404393782303294147e-01 9.303265138709345683e-01 9.352416213356656849e-01 9.137811839690029858e-01 9.375703316045969071e-01 9.365170294507408899e-01 9.375915019589501354e-01 9.398191810083478259e-01 9.340764799569712951e-01 9.324561152275060438e-01 9.299566214406630449e-01 9.333643511078073551e-01 9.341976204600459521e-01 9.434765379511568240e-01 9.411049506524431507e-01 9.424101880040808288e-01 9.363880077088500009e-01 9.368066522432503263e-01 9.427430801016819517e-01 9.281013293267288411e-01 9.342330823602241763e-01 9.441065185030599327e-01 9.430097019031912220e-01 9.400058617260860228e-01 9.373241365969285921e-01 9.399594460258700046e-01 9.437687145133821787e-01 9.395713246203855062e-01 9.452757872838195574e-01 9.408859644902106689e-01 9.379473876220802975e-01 9.363935523970320363e-01 9.401356665475715246e-01 9.419380197770476082e-01 9.431848435699243804e-01 9.432189649489637340e-01 9.428001840053248372e-01 9.425052371618389824e-01 9.439521484004583796e-01 9.412595062839903548e-01 9.433261062814973785e-01 9.433209584215804799e-01 9.453609352806775501e-01 9.269788612708883546e-01 9.319330751619425701e-01 9.404577028231629887e-01 9.399700174222404003e-01 9.405416721951603831e-01 9.398972647659779023e-01 9.395142276843289064e-01 9.438192035832135840e-01 9.404493964743523282e-01 9.357855099521823483e-01 9.436427034774409472e-01 9.445412926057790148e-01 9.445052598833902913e-01 9.444304051773230180e-01 9.427842024706216684e-01 9.434647014651862396e-01 9.426592672051069544e-01 9.409368975008092217e-01 9.414854021734520018e-01 9.407176924105632443e-01
1.058736138288503097e-02 1.466067705333819193e-01 2.828149378554981608e-01 5.614273142715320297e-01 4.006912406699897344e-01 5.121102096376318746e-01 7.199021132326975936e-01 6.695234953040711812e-01 7.778997004011422023e-01 7.455968605748289901e-01 7.707158892141955375e-01 8.220332801068072071e-01 1.000000000000000000e+00 7.678428890947075480e-01 8.463064682294927366e-01 8.287223856650555165e-01 7.810964039247898505e-01 7.121487774680713700e-01 7.860167074674617727e-01 6.943299353085240488e-01 6.920865097120803000e-01 7.832438188606982710e-01 7.716576885871094804e-01 7.407940612293061333e-01 7.746017403654282818e-01 8.332303557074545175e-01 8.172340885242996844e-01 8.279533706011111827e-01 8.045366005232608142e-01 8.314022319183000942e-01 8.509110520616857132e-01 8.293889863810697261e-01 8.021918073550030615e-01 7.986205028799863159e-01 8.075891959786302143e-01 8.063327573541649862e-01 8.224341047414569505e-01 8.399597578037254486e-01 8.451920625449638180e-01 8.235802987364914118e-01 8.532264088818941605e-01 8.488732108311978219e-01 8.212327848430149846e-01 8.564328239388472319e-01 8.484374167612420692e-01 8.401259854212689282e-01 8.668524774273634881e-01 8.652647157393427158e-01 8.589094694434675770e-01 8.291160959340245773e-01 8.540960263892866111e-01 8.159762124659056814e-01 8.410319697627819391e-01 8.608496246196442048e-01 8.471538753921535880e-01 8.482912072773141077e-01 8.329931157114900397e-01 8.599110662245358361e-01 8.553282122358565331e-01 8.643580343952839140e-01 8.620826271458130741e-01 8.545993109033263035e-01 8.530099147172337526e-01 8.547822843845976903e-01 8.574086244940450907e-01 8.551238836529906351e-01 8.654930192167730185e-01 8.578094862708497415e-01 8.575072746534082579e-01 8.525005161080262406e-01 8.490890276478444409e-01 8.612271721127295887e-01 8.442964289557826074e-01 8.524100836560442040e-01 8.618878302116398382e-01 8.632074666477502767e-01 8.594631084282298161e-01 8.531497943213144364e-01 8.566495869047907608e-01 8.611454538020779648e-01 8.613271794137402626e-01 8.649017090845203537e-01 8.589884176756715783e-01 8.546624150103001583e-01 8.544103083086038719e-01 8.565164589635887449e-01 8.614322722897446161e-01 8.613277984563854073e-01 8.619191248474542544e-01 8.592034733093352195e-01 8.615742894255273843e-01 8.653218004303986355e-01 8.609937482545368947e-01 8.649590747492617027e-01 8.674982301952982588e-01 8.687790783100582948e-01 8.489556416400088068e-01 8.521751112462835342e-01 8.625333157295391739e-01 8.605542897268734226e-01 8.621087899858371761e-01 8.596724050784293469e-01 8.632844347929263806e-01 8.665875891330433456e-01 8.602403563856888535e-01 8.563671018380547562e-01 8.657032227787633261e-01 8.672147203783503455e-01 8.649795546325163009e-01 8.661914692625507506e-01 8.635016843157773403e-01 8.679271860705013442e-01 8.644221001881317035e-01 8.627673158057431735e-01 8.637778302897582972e-01 8.632693654216890833e-01
