1.000000000000000000e+00 1.295870657635549983e-01 3.138736030128755905e-01 2.254570498071116827e-02 5.643865357710039360e-02 1.095155076842404818e-01 1.856138911306274841e-01 2.870158372969059193e-02 2.903027855080563824e-01 2.818750908440455227e-02 2.333931452618185909e-01 -2.623050400064371249e-02 -1.936150230427285263e-02 3.988625330521137352e-02 7.317608433511704757e-02 2.430989637863848613e-02 2.319361960607014550e-01 3.970163395236002701e-01 3.677852691260641294e-01 2.289706528318057877e-01 3.566279136124639870e-01 3.704961345329149669e-01 3.436853966753561362e-01 3.340952724306236465e-01 4.011978199111943533e-01 3.382735928526678926e-01 3.093094993883236388e-01 3.483016065472283596e-01 3.882365443285928364e-01 3.771453849881319931e-01 3.137612941406507372e-01 2.099994078904249273e-01 3.038052681146251599e-01 2.287023037982048868e-01 2.910607990922956523e-01 2.545546077145111052e-01 2.646033344330571135e-01 2.098431152051997706e-01 1.989644749194797724e-01 2.027128060418522670e-01 1.252564126071580575e-01 1.306081354224605806e-01 9.317119661816347653e-02 1.650530001360666077e-01 1.959947482453888723e-01 2.072885396745838826e-01 9.912845869253544134e-03 5.791886482830562594e-02 3.162311871364607146e-02 1.374281684269030857e-01 1.062531693640011293e-01 1.135961781283146149e-01 9.029879039771995797e-02 1.427375022518088121e-01 1.719326807982165528e-01 1.946434856532664459e-01 1.529185305272974804e-01 4.425865950489399347e-02 9.240314160651739994e-02 1.082630420379001313e-01 1.991902340588246056e-02 1.025775055568523414e-01 1.038991472909101543e-01 8.569643489423116323e-02 1.293787388258398618e-01 1.343226735112264814e-01 7.020416911421163697e-02 1.448070207766869177e-01 1.362468092169287492e-01 1.310694087980498745e-01 1.616472578177125252e-01 1.677196197380709519e-01 1.581001605821424072e-01 1.862182388415851431e-01 1.403743114588376917e-01 1.445631400137061540e-01 1.587233124973584097e-01 1.940361714188978404e-01 1.765803617223420385e-01 1.777411062835601019e-01 1.357616667799476096e-01 1.354667405175700723e-01 1.284949490666013328e-01 1.580299469074271934e-01 1.192311671546399665e-01 1.189480349666306863e-01 1.241425712406978715e-01 8.929137773572889958e-02 8.938247938718484054e-02 1.350846979621402877e-01 1.259605261282681077e-01 6.997698587236247936e-02 9.309749790562260596e-02 9.271816192520279665e-02 -1.324026737265154808e-03 3.343260676313600244e-02 5.122759353996744064e-02 6.132165269659476531e-02 1.803623676948237081e-02 4.903801155855556232e-02 3.480011011777808805e-02 2.723439748958496678e-02 3.209498802303104720e-02 5.658700865781170208e-02 6.857064230461079601e-02 8.166509344643464730e-02 3.561698444186421619e-02 6.039186500238463706e-02 8.554597545280272219e-02 3.009480425857129215e-02 4.730580462190983604e-02 3.765142694627664210e-02 3.988636999514582476e-02 3.867754863163562484e-02 7.108707928715589375e-02 6.463928773514773796e-02
1.295870657635549983e-01 1.000000000000000000e+00 4.110383993043247725e-02 1.503172075056293834e-02 1.042886462622905352e-01 7.500702763939107176e-02 1.375423612703279563e-01 1.212321698803356801e-01 1.854272885537087134e-01 1.923672770070610216e-01 1.501483871805075199e-01 1.082161328662797906e-01 1.534380222017803219e-01 1.398086050282599524e-01 1.500062222659446221e-01 1.406622561974369134e-01 1.548866105657461523e-01 7.987082722353672226e-02 9.009392714639134769e-02 1.047993914255253012e-01 8.075930849120079025e-02 1.030942996278304408e-01 1.261489000443547226e-01 6.497080766072477198e-02 1.015281909944283911e-01 1.581551282383505397e-01 1.473287102826868200e-01 1.489359544253678058e-01 1.319204478505691946e-01 1.366736185718611107e-01 1.459463003170071993e-01 1.354048739574784666e-01 1.510019861944034703e-01 1.153543464674137570e-01 1.335320510875945277e-01 1.198235194352627458e-01 1.186114300545722672e-01 1.620209771489023454e-01 1.496956063523124936e-01 1.579857439534743668e-01 1.532972504339176201e-01 1.612316765137228880e-01 1.121888764375644498e-01 1.469949484883657509e-01 1.397367606178455957e-01 1.521249879293495033e-01 1.480554948453664255e-01 1.632524915553589251e-01 1.524125867395549894e-01 1.279885039210908182e-01 1.564139373848787429e-01 1.198986315777213207e-01 1.416201117659512954e-01 1.690617837193370554e-01 1.595868556287136641e-01 1.691451845820738098e-01 1.399627178161184093e-01 1.493528685929672584e-01 1.598888808705294096e-01 1.665220410287270580e-01 1.434098375558743588e-01 1.599276006839018827e-01 1.476743619401313656e-01 1.504649847435977073e-01 1.533430683791162652e-01 1.466933150254054186e-01 1.605975533349223161e-01 1.391611506840145229e-01 1.482545736023820060e-01 1.458175342758351867e-01 1.350868915738664688e-01 1.489608331827217969e-01 1.351341173481757640e-01 1.384416745766267609e-01 1.589774257934289114e-01 1.538057692234451879e-01 1.569526673389436411e-01 1.539803326713481690e-01 1.475238556043441673e-01 1.532846797369476211e-01 1.470889348930580487e-01 1.556021364555971453e-01 1.652440607496493685e-01 1.500644000552508739e-01 1.418456131450384905e-01 1.393633075063255844e-01 1.440978040895122825e-01 1.624169367592017688e-01 1.519991429002685857e-01 1.713201231822700787e-01 1.613151838131124949e-01 1.554903940868936629e-01 1.492989651990004052e-01 1.556676574365082610e-01 1.559902392312028097e-01 1.656485569782612799e-01 1.392851724030063076e-01 1.443568864009679986e-01 1.514292036121774598e-01 1.586444794522231805e-01 1.418170782925957940e-01 1.559038562904277447e-01 1.549470440338135691e-01 1.521581233281339152e-01 1.475958582417531140e-01 1.517063392704448843e-01 1.537642062042990365e-01 1.685884230486722757e-01 1.676616630151808174e-01 1.649071115606891014e-01 1.644205801216170604e-01 1.580007220978280336e-01 1.603317562074537683e-01 1.555861513795360196e-01 1.621885153997570106e-01 1.577662411290522704e-01
3.138736030128755905e-01 4.110383993043247725e-02 1.000000000000000000e+00 2.997070146752036646e-01 1.211038535139034311e-01 2.308049232717564181e-01 3.453684075717312063e-01 2.647110810954939053e-01 3.756827736366548098e-01 1.609751156612581613e-01 3.774430668755929252e-01 2.806107206725260705e-01 2.185892183015753776e-01 2.414651490599037942e-01 2.999742161478124447e-01 2.897890512873421143e-01 3.262615566560009284e-01 4.485055820997473908e-01 4.610227484971987644e-01 3.138223581224620085e-01 4.514498329102232255e-01 4.882390109971077030e-01 4.237963864704997197e-01 4.212102069639604429e-01 4.913724879461259243e-01 4.634125161449378361e-01 4.558711882837864215e-01 4.521728089851330679e-01 4.919268163370033586e-01 4.668724511399408028e-01 4.456635957941629811e-01 3.865731754802546050e-01 4.209317695657898151e-01 3.927918279676904656e-01 4.205999347047473247e-01 4.180136679497949426e-01 4.262788978023874242e-01 3.712179383303613189e-01 3.786449130611927449e-01 4.011795546361709985e-01 3.267762203156309164e-01 3.171813724685988434e-01 3.448962839953872428e-01 3.643763079133828242e-01 3.931153076038274019e-01 3.768700299865325176e-01 2.452354451572614780e-01 2.705807972575405840e-01 2.704794795003836461e-01 3.561077589785393571e-01 3.243945489788246372e-01 3.437221032986176317e-01 3.158498528990001941e-01 3.180578322043359218e-01 3.508179721702314180e-01 3.644435926483288180e-01 3.556445998776232575e-01 2.655709837424163333e-01 3.048249182982738503e-01 2.992810470884501028e-01 2.661598568307020352e-01 2.995834089246718346e-01 3.175893666556856565e-01 2.981004505116165992e-01 3.270697063696015872e-01 3.327932303048257712e-01 2.792804831364911200e-01 3.480678960579408066e-01 3.308526794439490271e-01 3.189213537258155373e-01 3.747060692651053571e-01 3.752764682234553395e-01 3.445090953940300738e-01 3.747815099759411739e-01 3.404778076555912691e-01 3.451249644433770358e-01 3.565705400418822113e-01 3.855412379048285820e-01 3.753007079692628478e-01 3.586438761103903361e-01 3.376792846021305916e-01 3.422265606508514968e-01 3.235387599238850886e-01 3.499171403854340889e-01 3.307301535879929033e-01 3.302692781893019625e-01 3.389877678554824580e-01 3.017731195816432677e-01 3.043802673857893271e-01 3.323198908844489652e-01 3.343562245835559055e-01 2.930318160870895028e-01 3.143859751655967427e-01 3.137662969839536964e-01 2.346819159373157160e-01 2.534865052500782090e-01 2.972209320806047939e-01 2.916234502443083021e-01 2.560204914737781445e-01 2.763307783796027373e-01 2.809045768951305977e-01 2.599336448021163926e-01 2.738247653867308951e-01 2.891369266629012502e-01 2.985319881943098164e-01 2.947342520792275988e-01 2.638662686535129254e-01 2.660356463653417713e-01 2.928693290509323810e-01 2.574179220094974241e-01 2.682322238547855675e-01 2.583568310095564202e-01 2.575006793480513201e-01 2.665349598800977327e-01 2.844906316359466780e-01 2.817233421646332947e-01
2.254570498071116827e-02 1.503172075056293834e-02 2.997070146752036646e-01 1.000000000000000000e+00 2.428717783401057873e-01 3.656540409840124961e-01 4.688795759023302034e-01 5.037754590260793419e-01 3.989032765332525821e-01 3.137281286352205933e-01 4.456329635118185806e-01 5.720921697113460214e-01 4.197636148910084408e-01 4.053581805159364726e-01 5.044424929460912255e-01 5.332793863779735632e-01 3.943725889271469387e-01 4.346559864036403376e-01 4.535093633931470136e-01 4.013087482033618203e-01 4.817754751632630228e-01 4.623360544651702320e-01 4.350350974965203066e-01 4.748409097831771675e-01 4.453892013644561998e-01 4.596486384572850969e-01 4.771015342097068568e-01 4.230858221880237635e-01 4.063397992167090966e-01 4.414679434439431893e-01 4.888807923086593843e-01 4.928374883395775785e-01 3.933721463115722461e-01 5.081615092574423009e-01 4.341998591537485908e-01 5.194896209444577195e-01 5.097608672708402455e-01 4.468937718238026324e-01 4.889747670734966301e-01 4.828554909520552663e-01 4.886227442606737026e-01 4.571247811610111844e-01 5.523734999803483481e-01 5.192461884631324187e-01 5.214298378031704262e-01 4.799447209269387393e-01 4.622792328134482376e-01 4.483662869498865056e-01 4.723587900995488975e-01 5.050057511950334366e-01 4.785464950919000593e-01 5.514861028285584776e-01 5.236372572169560868e-01 4.321464719617513772e-01 4.471978554714499676e-01 4.555773291067600761e-01 5.005363999141246856e-01 4.625203508128349905e-01 4.534228737082662275e-01 4.598292158557353848e-01 4.934629422453694625e-01 4.523484055303625406e-01 4.717492412108534872e-01 4.770583785617361627e-01 4.694560758382899657e-01 4.863389843136571300e-01 4.570716874835536458e-01 4.972808247072189602e-01 4.710373371634622996e-01 4.850163260289487299e-01 5.053105178164515321e-01 4.875768008232689854e-01 5.005717374684808263e-01 4.890807367456719290e-01 4.737723091451238044e-01 4.762162050541196012e-01 4.816583290768081116e-01 4.673853377857789537e-01 4.884641429806921287e-01 4.736631905525460762e-01 4.755208161040861969e-01 4.813448180582414193e-01 4.727896268483567921e-01 4.630445164391725488e-01 4.824184148133991989e-01 4.934800520900253229e-01 4.899931365897905455e-01 4.577049006597177505e-01 4.705030491656295721e-01 4.602483405212982048e-01 4.705698084079322774e-01 4.782097304969402107e-01 4.954386749265257683e-01 4.828550616545300156e-01 4.488330696796483110e-01 4.457142865978611090e-01 5.083064634511796909e-01 4.952027779424869602e-01 4.651006423616477758e-01 4.589031573900774208e-01 4.954941694586051937e-01 4.657530888354531329e-01 4.881124969980117356e-01 4.894003042477759191e-01 4.916439865148836130e-01 4.742423719249587721e-01 4.599982445911180440e-01 4.407942680257082579e-01 4.493283261900310466e-01 4.568545017895200289e-01 4.557845001260770745e-01 4.572943799099489781e-01 4.487862530512376491e-01 4.686092756756011779e-01 4.658749720817970119e-01 4.695931444606299410e-01
5.643865357710039360e-02 1.042886462622905352e-01 1.211038535139034311e-01 2.428717783401057873e-01 1.000000000000000000e+00 2.388950524372518702e-01 3.647307969782931369e-01 3.650819180647932316e-01 3.745375689480276438e-01 3.519152309803309508e-01 3.646693929413463153e-01 3.842770815080652214e-01 3.668083042121655368e-01 3.533993453693635156e-01 4.164448479239372669e-01 3.991187960597017970e-01 3.794117293729543650e-01 2.860349626557709968e-01 3.400042835335089775e-01 2.885515154627465439e-01 3.198112860574737759e-01 3.481135883457295299e-01 3.229357086608743432e-01 3.261793725484231077e-01 3.431394346849537813e-01 3.942573613972141233e-01 4.008623108526231382e-01 3.867182185465604660e-01 3.490777670262265042e-01 3.748305920772698752e-01 3.985324237149226456e-01 3.819452054726380497e-01 3.677652045977846118e-01 3.884469283540239459e-01 3.756260679674057190e-01 3.884148266764148039e-01 3.907016588661329504e-01 4.136515083903197776e-01 4.148127533558607638e-01 4.110861016969499793e-01 4.236437811153719868e-01 4.216321439357839651e-01 4.081285637874498828e-01 4.198207588697618897e-01 4.236631614723100347e-01 4.228423553532130175e-01 4.146294784670106481e-01 4.179191906068537854e-01 4.141535852910577242e-01 3.965675481132897029e-01 4.111840669652825908e-01 4.116788395841605164e-01 4.134740707921296110e-01 4.127951847780009786e-01 4.108202064744742033e-01 4.047584125995057902e-01 4.087685370870141610e-01 4.168045130517554764e-01 4.150057418802199360e-01 4.260399138740739722e-01 4.156586464173211426e-01 4.133070348308794384e-01 4.066007216074690733e-01 4.142363585016974326e-01 4.216366947793074860e-01 4.160205594763549120e-01 4.200448717648346819e-01 4.180352269203188587e-01 4.059565056447059228e-01 4.069641363707163229e-01 4.206315424544785353e-01 4.248082491098242319e-01 4.138611042795494188e-01 4.198378924566365522e-01 4.233656280009922557e-01 4.230226659744911744e-01 4.243500577306947297e-01 4.130824998892687061e-01 4.208050431109162104e-01 4.142518002013009792e-01 4.154007785991603585e-01 4.192092144468647086e-01 4.209793449738069016e-01 4.118610451209392398e-01 4.105632865513583751e-01 4.154419453998751677e-01 4.180608515495765620e-01 4.216397918279204959e-01 4.220390811640370443e-01 4.190494555659546316e-01 4.237911179924305771e-01 4.256009721743575502e-01 4.271376453239463800e-01 4.266576630395455538e-01 4.183087362060368131e-01 4.165849641166537998e-01 4.188640200254319934e-01 4.136821446680550296e-01 4.135868697266731342e-01 4.151209027680659580e-01 4.204035781617779799e-01 4.134885983329473769e-01 4.158085131810770885e-01 4.263017195385274127e-01 4.206384207287097721e-01 4.123654554613036538e-01 4.135396025304324819e-01 4.177282206947070531e-01 4.186558117671228541e-01 4.226976551053071018e-01 4.203715011406945479e-01 4.173763181287089563e-01 4.125199481653377132e-01 4.149676439577851816e-01 4.239766333100359330e-01 4.191736793608709100e-01
1.095155076842404818e-01 7.500702763939107176e-02 2.308049232717564181e-01 3.656540409840124961e-01 2.388950524372518702e-01 1.000000000000000000e+00 5.045287336060794159e-01 4.247268433364781437e-01 4.572448874041488143e-01 3.889123700484373169e-01 4.649765699824092713e-01 5.112581291070985579e-01 4.196768114582529741e-01 4.164190696979683803e-01 5.197772339242175965e-01 5.137620937992043446e-01 4.511557179635480863e-01 3.954453269749101385e-01 4.662921058173208344e-01 3.298753375007591471e-01 4.102920996064473025e-01 4.750811470203539777e-01 4.345493728117394983e-01 4.228550793038046707e-01 4.614607108088321641e-01 5.225830628666398026e-01 5.125111511922284535e-01 5.059691264022453394e-01 4.807278071704699229e-01 4.859415198326401120e-01 5.174669294418479115e-01 5.023584670218822490e-01 4.750599230278215179e-01 5.025563522007723272e-01 4.811561406900373150e-01 4.935562715887999441e-01 5.031742692345794188e-01 5.177005704151903531e-01 5.263663288238458193e-01 5.351185486860406959e-01 5.299377156546971612e-01 5.226339660684153898e-01 5.394077319929208025e-01 5.481524062357010507e-01 5.362215943664309092e-01 5.320052521436645643e-01 5.042611389069697747e-01 5.030639275946208189e-01 5.151692807158445575e-01 5.244671705864443201e-01 5.233627870257461234e-01 5.361529068919612673e-01 5.326640804290732056e-01 5.051107585438121550e-01 5.151835438261933575e-01 5.243870376451728044e-01 5.214813658303716348e-01 5.117762194578779900e-01 5.158994722151143408e-01 5.141839051848486886e-01 5.157516931685800499e-01 5.069917139622902580e-01 5.127723390260515712e-01 5.125413803849544481e-01 5.238975744324806394e-01 5.110499096301341915e-01 5.092889059210643499e-01 5.241047419040589794e-01 5.059227816480366124e-01 4.863834267556507718e-01 5.268323269602809278e-01 5.323262188266709716e-01 5.143992696377628349e-01 5.237492507434244882e-01 5.312451407032098283e-01 5.309347703550402198e-01 5.374157577909230987e-01 5.298558170097774633e-01 5.377806287339638169e-01 5.169375241944117461e-01 5.112390275864708844e-01 5.222989384189465900e-01 5.147101419829108737e-01 5.218677420120246824e-01 5.218372071220825914e-01 5.203821558923241719e-01 5.135021514495816675e-01 5.218735575055716280e-01 5.213310343841552896e-01 5.218215303952873363e-01 5.306461533313194812e-01 5.281179548072870711e-01 5.334835287932250258e-01 5.299187470437335401e-01 4.991388458870942291e-01 5.035286393727479437e-01 5.326995813522863443e-01 5.162549895086746554e-01 5.071809035998431359e-01 5.182208673281348821e-01 5.279455023857959617e-01 5.096595477474369362e-01 5.179602458269755294e-01 5.269767720648107501e-01 5.241344479283867042e-01 5.136569560916548483e-01 5.094932128254276993e-01 5.056054930400474268e-01 5.165516877198611523e-01 5.140872535347384975e-01 5.147387676164225656e-01 5.074702530865986549e-01 5.029449367377035740e-01 5.145888144778546502e-01 5.142096677790234382e-01 5.095450880002105887e-01
1.856138911306274841e-01 1.375423612703279563e-01 3.453684075717312063e-01 4.688795759023302034e-01 3.647307969782931369e-01 5.045287336060794159e-01 1.000000000000000000e+00 6.389400421044448830e-01 6.501341102046871434e-01 5.468051619607544600e-01 6.690381713140142184e-01 6.996097345783179877e-01 6.279117709429188343e-01 5.900192031893521927e-01 7.696734542695150560e-01 7.184019752177435159e-01 6.490019117697346518e-01 5.383374421621104355e-01 6.240750797507751413e-01 4.547713443070445782e-01 5.665688295357086401e-01 6.590978136793220754e-01 5.824413999586731672e-01 5.672913606714199419e-01 6.419880597691919322e-01 7.538697710703324839e-01 7.495225202506352602e-01 7.274597049258296755e-01 6.835975943281772382e-01 6.910717642749597545e-01 7.367417789721988353e-01 6.781834747920216788e-01 6.804617313312755211e-01 6.877317420378499246e-01 6.689121537264450801e-01 6.945254614526067405e-01 7.083475615625609567e-01 7.398213783013104505e-01 7.383205049469588888e-01 7.680804392808525671e-01 7.460556828144776498e-01 7.553255328798220702e-01 7.458690752208891883e-01 7.747498311284887196e-01 7.675557092439637685e-01 7.638497471500722558e-01 6.997535232112822579e-01 7.026992154945670421e-01 6.967819113157251998e-01 7.086097666088492231e-01 7.217388058659047756e-01 7.384889286653537610e-01 7.282401477568561932e-01 7.124784644595194560e-01 7.274394251552591673e-01 7.353051949227155104e-01 7.136544721875111019e-01 7.184195729163903588e-01 7.140450965324053323e-01 7.235324269723969470e-01 7.019641773082514469e-01 7.100565902225980386e-01 7.081135980723001211e-01 7.071361945621332801e-01 7.288000461804498009e-01 7.108573333603759314e-01 7.130600154449173722e-01 7.266619461168859484e-01 6.944258785261707700e-01 6.743419549432069227e-01 7.302548676641704706e-01 7.433374413603953679e-01 7.084548799002018393e-01 7.279230521080720662e-01 7.522670537021957093e-01 7.492598421548043452e-01 7.621984083895895212e-01 7.400200979050802763e-01 7.526507418409292827e-01 7.256604959608889960e-01 7.189768701125176520e-01 7.352679314817716083e-01 7.174042153307959024e-01 7.200029390766888859e-01 7.202128683248999463e-01 7.216189068863898548e-01 7.270011747828092341e-01 7.298608779203002994e-01 7.300821155754160241e-01 7.289493024771205310e-01 7.505717430871926554e-01 7.417591802104407384e-01 7.436973265518438403e-01 7.468247768166809131e-01 6.904636332731540760e-01 7.002254532964653500e-01 7.310271395602710998e-01 7.071980942195627007e-01 6.973160825590409839e-01 7.136159945694721118e-01 7.319873623045585198e-01 7.005131284204404452e-01 7.129563968713811262e-01 7.345063745887399076e-01 7.226547472131529259e-01 7.085512168586194370e-01 6.993905292354241077e-01 7.060332151973949255e-01 7.208523703646624314e-01 7.160554393309538357e-01 7.205094428391913830e-01 7.057444022910654979e-01 6.966094263681339438e-01 7.069454745944496743e-01 7.199285239200863273e-01 7.052333585209039635e-01
2.870158372969059193e-02 1.212321698803356801e-01 2.647110810954939053e-01 5.037754590260793419e-01 3.650819180647932316e-01 4.247268433364781437e-01 6.389400421044448830e-01 1.000000000000000000e+00 5.325442037598715483e-01 4.878018427250366829e-01 5.519178489416037836e-01 6.850388457655846031e-01 5.725577487990272108e-01 5.448564622016830450e-01 6.788231816123265761e-01 7.172245678557147563e-01 5.265663771030708595e-01 4.367673147417957535e-01 4.946963535228709463e-01 4.101736905882650275e-01 4.743267116260955762e-01 5.150640014672143163e-01 4.733720098024764567e-01 4.664733179257005147e-01 5.022172098200442525e-01 6.022394951316168976e-01 5.928077511880328609e-01 5.691024113989430200e-01 5.174031071686590044e-01 5.518120601749770815e-01 6.178783962893503734e-01 5.864980870794187506e-01 5.307206139289638580e-01 5.913424928885238074e-01 5.457147372897425130e-01 6.049000720314197110e-01 6.007558272618740425e-01 6.257411717972576337e-01 6.388568405847903087e-01 6.498077677299978205e-01 6.515043146731784862e-01 6.454981297647348626e-01 6.731643782819314303e-01 6.712123420373382610e-01 6.525452840388291653e-01 6.476636420324830556e-01 6.373224603750755612e-01 6.312377678019106542e-01 6.388696784035041709e-01 6.413106043097144271e-01 6.466147354008106030e-01 6.642363809072940883e-01 6.564614215410461417e-01 6.232039230698280807e-01 6.379257182032422868e-01 6.239886061159091168e-01 6.439292860855733158e-01 6.443418497065177553e-01 6.502295352161104880e-01 6.427637921363555940e-01 6.537181618797591742e-01 6.369589589622391967e-01 6.445603068054834850e-01 6.388399606599005631e-01 6.370690054367349475e-01 6.353293130227999352e-01 6.339160150082626677e-01 6.371983636317130051e-01 6.105956483323053963e-01 6.088602972607912722e-01 6.387148082352120948e-01 6.422612951494792721e-01 6.211716912520660605e-01 6.287353866240974476e-01 6.490864378627368980e-01 6.494111928603212291e-01 6.546553053094719132e-01 6.272557639099906046e-01 6.530983597504466109e-01 6.321289593410214236e-01 6.277571392293815888e-01 6.457075679270455337e-01 6.282320505913461250e-01 6.219039101620261745e-01 6.370830348516334229e-01 6.358822934282988282e-01 6.428625682992457069e-01 6.450338112554224734e-01 6.466533621116402619e-01 6.353314563776766288e-01 6.484634661775324771e-01 6.586969915103060291e-01 6.588767955267822440e-01 6.602423583507731619e-01 6.343184579589519201e-01 6.343659344856917848e-01 6.597771460344676875e-01 6.486183933890607989e-01 6.377003745796832046e-01 6.405949683859990529e-01 6.601474089221287533e-01 6.407105589222004127e-01 6.503652617183248719e-01 6.603292043398326649e-01 6.474576004141978647e-01 6.351670788585215277e-01 6.335312759070174105e-01 6.318656676429009744e-01 6.398393163640437864e-01 6.482178088931220827e-01 6.480548847450318117e-01 6.384913779983176774e-01 6.293566973498346817e-01 6.405771168581128050e-01 6.403009052908018583e-01 6.354704856681521186e-01
2.903027855080563824e-01 1.854272885537087134e-01 3.756827736366548098e-01 3.989032765332525821e-01 3.745375689480276438e-01 4.572448874041488143e-01 6.501341102046871434e-01 5.325442037598715483e-01 1.000000000000000000e+00 6.836827443292815554e-01 7.578914575134325649e-01 7.023344328072971265e-01 6.532613750443733158e-01 6.291009876262009248e-01 7.861063656386693133e-01 7.246895392672377811e-01 7.833324941998429658e-01 6.909362699985530654e-01 7.435321123921045938e-01 6.196498899470556099e-01 6.992233674041414826e-01 7.547919742774233942e-01 7.394063465509495003e-01 7.033256402712501076e-01 7.484528108952609449e-01 8.330989224168602325e-01 8.078162124853973669e-01 8.308495936944318982e-01 7.985259639630187811e-01 8.312930046397243311e-01 8.481368313633048661e-01 8.184361520848615346e-01 8.235733463280836553e-01 8.120881008019803504e-01 8.179497360120572269e-01 8.207301640212345539e-01 8.307718465346120018e-01 8.473215411432636346e-01 8.568956328196180028e-01 8.394740472796715647e-01 8.374761490343420878e-01 8.274979374891253681e-01 8.110037128181160071e-01 8.416212099748114905e-01 8.451892337479730566e-01 8.572081709587002774e-01 7.998269472257752977e-01 8.297794655003281061e-01 8.091101538553040484e-01 8.200507351500838649e-01 8.319183312980040768e-01 8.100920285170348789e-01 8.132675703523314370e-01 8.548718811211635238e-01 8.579952272070181518e-01 8.587352244536881063e-01 8.446390173690606629e-01 8.114998697342642453e-01 8.323861382444632806e-01 8.459318767362409286e-01 8.048907968231328036e-01 8.432066837126546144e-01 8.352309531705868206e-01 8.309391687763620915e-01 8.444183985983679808e-01 8.465767111256519151e-01 8.294689761574811637e-01 8.487756292971655459e-01 8.393614209302372453e-01 8.234906223909255196e-01 8.425186203173257171e-01 8.528781188128744528e-01 8.400493656748015958e-01 8.510089649307930326e-01 8.551534884514725432e-01 8.544565456614660048e-01 8.543254443475457593e-01 8.572810896696192451e-01 8.563591584166427850e-01 8.568763328068295104e-01 8.488528410078594044e-01 8.529025653840106580e-01 8.493583108990899744e-01 8.512647678327066592e-01 8.410187592617613950e-01 8.420892010387395210e-01 8.448592707758495468e-01 8.358855908267430745e-01 8.404298136211141301e-01 8.545523061335369430e-01 8.476496930937998942e-01 8.295639784695973962e-01 8.373774727641207782e-01 8.392160920959336190e-01 7.977029681229110825e-01 8.155759806265547862e-01 8.150348016015218633e-01 8.206810979086673896e-01 8.075806983510639414e-01 8.162122705590807437e-01 8.125736654701023465e-01 8.121641173621459986e-01 8.106684813524505095e-01 8.248829112508074823e-01 8.293117397403551028e-01 8.323332902936056987e-01 8.163964941870913705e-01 8.280123957999447892e-01 8.375915754866947172e-01 8.121357063271685828e-01 8.208746365722816574e-01 8.195938126857430506e-01 8.177925818036245742e-01 8.182541704799694005e-01 8.330079144251252288e-01 8.268065062306332313e-01
2.818750908440455227e-02 1.923672770070610216e-01 1.609751156612581613e-01 3.137281286352205933e-01 3.519152309803309508e-01 3.889123700484373169e-01 5.468051619607544600e-01 4.878018427250366829e-01 6.836827443292815554e-01 1.000000000000000000e+00 6.194395108446026921e-01 6.793507873407994557e-01 6.541735072153062047e-01 5.950369178866729003e-01 7.440018886676893484e-01 6.956600823293113134e-01 6.625619378067459930e-01 4.379841819005826364e-01 5.072210919560935505e-01 4.793150717137564798e-01 4.567936222058117113e-01 5.209548058159975126e-01 5.354533486837514955e-01 4.867062003859894403e-01 5.067597880090783935e-01 6.412253603834383586e-01 6.332819165282493890e-01 6.391562070532438300e-01 5.875616424210905464e-01 6.187455478182160018e-01 6.746986316010608054e-01 6.899644406465006430e-01 6.660650208253116045e-01 6.653887738185749745e-01 6.516325542295104967e-01 6.634819828889063631e-01 6.625121484104754543e-01 7.445140732965718211e-01 7.425718223300462606e-01 7.105758161097692760e-01 7.712632073392970966e-01 7.637878132302168277e-01 7.241499075928238272e-01 7.370359282034739667e-01 7.242153130555949447e-01 7.441097791770953096e-01 7.987192140918034644e-01 8.112506882704729749e-01 7.863444921516317132e-01 7.174848926141587091e-01 7.698795691460464941e-01 7.183315650248977002e-01 7.507383904007119968e-01 7.912275530347704366e-01 7.660303193970630087e-01 7.584410740378788596e-01 7.471124374723207007e-01 7.934736194234029982e-01 7.884840394797945073e-01 7.947383578646779467e-01 7.867956428738356323e-01 7.913618169809157887e-01 7.757728462734637676e-01 7.787741415317870342e-01 7.772836988625766441e-01 7.720558369577208424e-01 8.023009793730538908e-01 7.647569773173634733e-01 7.697118594037535289e-01 7.481391410482199911e-01 7.392038643979200740e-01 7.576569517186686475e-01 7.492808731823451529e-01 7.447358092284115383e-01 7.809522623886445691e-01 7.772795554456014555e-01 7.682010570728249332e-01 7.564681109067610265e-01 7.582436501542443308e-01 7.659488604802672240e-01 7.733366443709910332e-01 7.817957934721176949e-01 7.849953139313531336e-01 7.689445536493983990e-01 7.723059354312625802e-01 7.721503237943763143e-01 7.744142953554468134e-01 7.986332665066460113e-01 7.933740663388951786e-01 7.881061531467594694e-01 7.832206724635971673e-01 7.956431766982325904e-01 7.861003003649824628e-01 7.890757595783481904e-01 8.057019800268176990e-01 8.094303484605390731e-01 7.747774507568686575e-01 7.810614625855473170e-01 8.031962456674529571e-01 7.955172297747235000e-01 7.883231552242624396e-01 8.020480330559579540e-01 7.941573983453624752e-01 7.919286286624707127e-01 7.893468060738784153e-01 7.920281089831656685e-01 8.041718710011948046e-01 8.100898145202470868e-01 8.043548724599465238e-01 8.045908433751388644e-01 8.045419819395678296e-01 8.061851483775898108e-01 8.073240867383059127e-01 7.987204958609227523e-01 8.001126167673319189e-01 7.999219538026249854e-01
2.333931452618185909e-01 1.501483871805075199e-01 3.774430668755929252e-01 4.456329635118185806e-01 3.646693929413463153e-01 4.649765699824092713e-01 6.690381713140142184e-01 5.519178489416037836e-01 7.578914575134325649e-01 6.194395108446026921e-01 1.000000000000000000e+00 7.182522314788436502e-01 6.445497172584790935e-01 6.045710063277885959e-01 7.758886334645911376e-01 7.267621545785457604e-01 7.338739499422539669e-01 6.704044147068065618e-01 7.293195650858412815e-01 6.078155706130785596e-01 6.841526379007863978e-01 7.423520629699010831e-01 7.087166918236748048e-01 7.010282824697308124e-01 7.372631300199089521e-01 7.852145937937249354e-01 7.890653852696772885e-01 7.819237646104504336e-01 7.707050332244075319e-01 7.957555772402915562e-01 8.229983704600386529e-01 7.996883316815139864e-01 7.893289288626404998e-01 8.025232044711742008e-01 7.942323106542110711e-01 7.973927942607547115e-01 8.167386210936193880e-01 8.171779708822894950e-01 8.181158219061717141e-01 8.082011886805925416e-01 8.080929722802229209e-01 7.829968581787409843e-01 7.872222348968784811e-01 8.123725768898331090e-01 8.232574377714028113e-01 8.177101495521459373e-01 7.696416313415525012e-01 7.889931165343198050e-01 7.833224994093748172e-01 7.964342567562175956e-01 8.030705605036976280e-01 7.946889098298991483e-01 7.927257137990004754e-01 8.100660874970361247e-01 8.161567977269191809e-01 8.212537542311033611e-01 8.065016912553548689e-01 7.821529305373664531e-01 7.980912652632144999e-01 7.962836983641297106e-01 7.770484496980383238e-01 7.973089801859751802e-01 7.992141506309387022e-01 7.911145860350010661e-01 8.086531951140514263e-01 8.123238123774402242e-01 7.975462330030304026e-01 8.254133179869214132e-01 8.128437923613014426e-01 7.981628672499668786e-01 8.232504431555803803e-01 8.314983405450731002e-01 8.214275572861762242e-01 8.306748752613444253e-01 8.216622777739657213e-01 8.213414146639285152e-01 8.246026069856579044e-01 8.283585657015098969e-01 8.291515802535854851e-01 8.275795871895150757e-01 8.236871901677916830e-01 8.226035530104279792e-01 8.133726924373330114e-01 8.267506318759070272e-01 8.214040595805955913e-01 8.216527291757559359e-01 8.203183158710408707e-01 8.078337056910488423e-01 8.068036820379468343e-01 8.171533294371644551e-01 8.202436416932070706e-01 8.003933975483340513e-01 8.137585941600509187e-01 8.132843513011370762e-01 7.692569367179014073e-01 7.832027828287079219e-01 7.979584915345830920e-01 7.970450893867770947e-01 7.807332789129070028e-01 7.908983460285679001e-01 7.908116033985911342e-01 7.839458877611934495e-01 7.864434222972916944e-01 7.972768252591760918e-01 8.066226424692247710e-01 8.012419702961248724e-01 7.885326625654751620e-01 7.892453922336731820e-01 8.056739777374877232e-01 7.824321344473337270e-01 7.886778431425461866e-01 7.857801762078745478e-01 7.855633678543837428e-01 7.886260348078664162e-01 7.994036358193474801e-01 7.970242646946279486e-01
-2.623050400064371249e-02 1.082161328662797906e-01 2.806107206725260705e-01 5.720921697113460214e-01 3.842770815080652214e-01 5.112581291070985579e-01 6.996097345783179877e-01 6.850388457655846031e-01 7.023344328072971265e-01 6.793507873407994557e-01 7.182522314788436502e-01 1.000000000000000000e+00 7.459832335818209481e-01 6.951492976708159022e-01 8.576697888306287210e-01 8.525057868158824048e-01 7.030918972234342368e-01 5.476123489424924440e-01 6.207118877390521705e-01 5.709461394828980740e-01 5.959788712332334537e-01 6.381787088158001886e-01 6.236236490783849673e-01 6.187392602891608195e-01 6.158686623954495731e-01 7.402546136633535445e-01 7.390152528332694093e-01 7.060933476250077501e-01 6.500344243949869316e-01 7.022374617422676435e-01 7.870939842788778895e-01 7.912741768961358835e-01 7.002913967411210638e-01 7.829109083195169294e-01 7.233998979233448035e-01 7.927863447961419618e-01 7.869494775992760260e-01 8.099023288179408864e-01 8.401097398547073825e-01 8.212241227822759670e-01 8.651089997229570727e-01 8.379922393435746963e-01 8.849234522077519260e-01 8.673882090585299798e-01 8.510427630193851956e-01 8.376396882803511801e-01 8.741719721587851710e-01 8.614819760830512152e-01 8.699103982905823651e-01 8.405612495958126873e-01 8.576714110890917286e-01 8.730321939849211565e-01 8.769944934018393257e-01 8.315417134060417714e-01 8.303145012386721202e-01 8.257187329130061260e-01 8.486596622106967747e-01 8.685290010320225740e-01 8.555762278739230675e-01 8.612727363815898540e-01 8.870935864455441466e-01 8.543181607936400912e-01 8.578432688650858839e-01 8.637782527891985085e-01 8.507189757560775778e-01 8.588599021358780394e-01 8.650598281007652046e-01 8.551464746980254050e-01 8.412012767064765972e-01 8.339766314167056382e-01 8.456800185253814384e-01 8.486218661002441488e-01 8.427963213384942476e-01 8.353952673845470578e-01 8.616614098297469271e-01 8.593714140903730980e-01 8.567583279717088107e-01 8.300513626732987094e-01 8.509024689468955849e-01 8.456315146591506515e-01 8.539543879515308911e-01 8.664276986364410904e-01 8.527901616790656281e-01 8.389019908830793737e-01 8.572798229710568707e-01 8.619093841035941894e-01 8.676612543534886202e-01 8.633645709843109639e-01 8.700128965759464927e-01 8.505033873082162854e-01 8.607799471706949479e-01 8.803240408554225960e-01 8.826446850683202783e-01 8.796683378429258626e-01 8.722831102634769351e-01 8.685340334312817712e-01 8.875902784576299442e-01 8.790569060998105755e-01 8.762986931898539833e-01 8.695059481905297316e-01 8.890235510397396235e-01 8.742152417273931775e-01 8.867302231717021366e-01 8.871500362355361213e-01 8.823590827344203191e-01 8.666633153044985827e-01 8.722877960700733402e-01 8.618243260753079005e-01 8.617114202525947286e-01 8.757454960764879948e-01 8.700776817861113344e-01 8.739630230740679240e-01 8.649280344770472473e-01 8.761724241106715327e-01 8.672815299423588531e-01 8.708212665543501041e-01
-1.936150230427285263e-02 1.534380222017803219e-01 2.185892183015753776e-01 4.197636148910084408e-01 3.668083042121655368e-01 4.196768114582529741e-01 6.279117709429188343e-01 5.725577487990272108e-01 6.532613750443733158e-01 6.541735072153062047e-01 6.445497172584790935e-01 7.459832335818209481e-01 1.000000000000000000e+00 6.291579833792596554e-01 7.849038992704144846e-01 7.521651140031282434e-01 6.438812424002703372e-01 4.352539841755060368e-01 5.109456954457389788e-01 4.616811560394250002e-01 4.743955586863138896e-01 5.380587268426006986e-01 5.360236613098370295e-01 4.990857249316663080e-01 5.252058778058984467e-01 6.719810566797983498e-01 6.676874797771515935e-01 6.495934865856591856e-01 5.766393561765266185e-01 6.284228943083788321e-01 6.958033462626173060e-01 6.905015511248304705e-01 6.519820915140094320e-01 6.823327348193278796e-01 6.530274831519482515e-01 6.827967335900151369e-01 6.893129646061194604e-01 7.415613533459362028e-01 7.583447562952708720e-01 7.506013751788748189e-01 7.888216362485991340e-01 7.811798112392049909e-01 7.739019210173677665e-01 7.780006716349767704e-01 7.535130455913680025e-01 7.606143527866036091e-01 8.078249251828291122e-01 7.967949872895568886e-01 7.933067141309825265e-01 7.443401006078852467e-01 7.761963799656125262e-01 7.694627748142318646e-01 7.770655431734793117e-01 7.738506522533893373e-01 7.641569174356738214e-01 7.646075147997800636e-01 7.575329572758626728e-01 8.015280719860956582e-01 7.831984151420993134e-01 7.960253393096690111e-01 8.052022417075328509e-01 7.870680025865977036e-01 7.757636238262435313e-01 7.864716675229130871e-01 7.854066330220605963e-01 7.729604014576587634e-01 7.971535516267062027e-01 7.659099666260045236e-01 7.607627758403247009e-01 7.420516696518701938e-01 7.523545369732035359e-01 7.690125417169845212e-01 7.523529148881231698e-01 7.521243454479094037e-01 7.928293765425942219e-01 7.870506851557245165e-01 7.850325861388166571e-01 7.546065069749248178e-01 7.700986539283800614e-01 7.690883527625050897e-01 7.782558364986399413e-01 7.916707940007396971e-01 7.781658929821201331e-01 7.668427990520877424e-01 7.744515612159119655e-01 7.779845840390476885e-01 7.876148154788018552e-01 7.977594725028798184e-01 8.020942931841539281e-01 7.872278039679161399e-01 7.921026890408230381e-01 8.108841415321825785e-01 8.048007946868763751e-01 8.064700499903658670e-01 8.099474003418914991e-01 8.080435004511545838e-01 8.006196050602607528e-01 7.936502768268340891e-01 8.050828348419822866e-01 8.011768907923496608e-01 8.091702189465885819e-01 8.025159120676876867e-01 8.082191532813414181e-01 8.110476211928038248e-01 8.032123711881274941e-01 7.898529724207831171e-01 8.010984145145366719e-01 8.026491986765947884e-01 8.015975721719997837e-01 8.132411242294684817e-01 8.078062332171065396e-01 8.079137009119401469e-01 8.004583300422505321e-01 8.048258196912787543e-01 8.039297568762771018e-01 7.982965585078810600e-01
