1.000000000000000000e+00 1.787621968758652813e-01 8.645494000693859649e-02 1.276241788541280509e-01 -1.028792871854695154e-03 4.264063159952782844e-02 1.262343800591309885e-02 4.591997470816834570e-02 1.554991349220468388e-01 4.356522005092264282e-02 2.203911814011831963e-02 5.034635246267503417e-02 1.083283887554223855e-02 2.169862989463617470e-02 -6.982159729106787900e-03 4.658493628656210084e-02 1.145583730728439997e-01 3.890327458335463007e-02 6.167652317268351031e-02 2.730202597276183696e-02 4.915288405188684984e-02 9.818794724229178150e-02 1.545047190382491283e-02 4.877794002826266184e-02 6.944099476135778826e-02 8.770980557528127233e-04 3.750795685748329472e-02 1.983590302964200608e-02 4.089033128782707666e-02 8.350201903172635443e-02 3.782845054899892229e-02 2.896656627467239856e-02 3.115046443778322904e-02 8.258275286384664238e-02 9.406351714972342737e-02 4.425718269562320395e-02 3.692314951631579106e-02 -6.640674138794736177e-03 3.140649853770708516e-02 -4.753941501712772438e-02 2.133149575138004045e-03 -2.888264573545734973e-02 -4.949567031288923391e-02 -4.881285611028253891e-04 -2.975616359878141114e-03 -2.215926797348494182e-02 4.821843557131754061e-03 8.761021508668294031e-03 4.304185751035159019e-02 5.018084957512063127e-02 3.477423442546777321e-02 9.361434393594995906e-02 4.361572069022266740e-02 5.622101001536884690e-02 1.620433798302878259e-02 1.667880277552369686e-02 8.681936107778188971e-02 6.341248691451721251e-03 1.230976020850311353e-02 7.680092535309324120e-02 2.222612113550737761e-02 4.152473375612193013e-02 4.326129897108993427e-02 8.609524874140536688e-02 9.031232758053067688e-02 8.532410216258731750e-02 3.480121911119582467e-02 2.370910213276539516e-02 2.420940045457138298e-02 2.216307605693786445e-02 2.964946573052550452e-02 3.389996379590048264e-02 2.985381125912561079e-02 1.515549972873483919e-02 1.512526755665572625e-02 1.225465827097005703e-02 5.625766844159719483e-03 2.138550585893592842e-02 1.036973042118738420e-02 4.335996234299249047e-02 2.114046501099227718e-02 1.562257148448085997e-02 4.393943622797592818e-02 3.719525253690037642e-02 3.169893296647422615e-02 3.405094942919408008e-02 1.729741028482833717e-02 1.205966135958064928e-02 1.213468325397409030e-02 1.291788420734648300e-02 -5.837642713647241653e-03 -2.615358570292969451e-03 7.640923995657515405e-04 -4.153072019421180650e-03 8.077001491243898310e-03 9.867997334813447680e-03 1.610895423285564967e-02 7.040715402080438556e-02 3.056020881480781340e-02 1.521834034048886314e-02 -7.516589055530629310e-03 2.069152432567314057e-02 2.375124256374382820e-02 1.100663591591852057e-02 4.094040451492979987e-02 5.378673345082709417e-02 3.953452655247866043e-02 8.500137163891223133e-03 8.266602978904849172e-03 1.812274383636509195e-02 8.965220697908195951e-03 3.279699370753382665e-02 2.311560065102419986e-02 5.003509832773913452e-02 6.244865150106693186e-02 4.579470318962639702e-02
1.787621968758652813e-01 1.000000000000000000e+00 4.460508802076083162e-02 1.549591645759718084e-01 3.679335432566659125e-02 7.619595894010590398e-02 1.092075039703196138e-01 1.141393070191226849e-01 1.899536675531297847e-01 1.253479874327626531e-01 1.343694313363419379e-01 1.604322056313481903e-01 1.029565300487581547e-01 1.359970181241066389e-01 1.371773548649481145e-01 1.473800250570066195e-01 1.629086015359374751e-01 1.514685453494621914e-01 1.658121664245226778e-01 1.422869479029892081e-01 1.644409256533615471e-01 1.834958742421713696e-01 1.540677235504325504e-01 1.553417003210013914e-01 1.745963691787391081e-01 1.373948438303865538e-01 1.583302405574190108e-01 1.603708387484260034e-01 1.540739063847501589e-01 1.857250580194256262e-01 1.556945495581026628e-01 1.434333291605939531e-01 1.343331417244100490e-01 1.618042757312235791e-01 1.735818044214183231e-01 1.388456214606548500e-01 1.489848182469691862e-01 1.393062500864143405e-01 1.446114719173534346e-01 1.205647347680943032e-01 1.447063647004371845e-01 1.256213127103508465e-01 1.043605248576051636e-01 1.299584221739723544e-01 1.338492121262405132e-01 1.307158118932411350e-01 1.417123186500777177e-01 1.426930032434753082e-01 1.356551888702152708e-01 1.432246255210574415e-01 1.413170126791205017e-01 1.640385037752153385e-01 1.501547328259885128e-01 1.615426283036751898e-01 1.511063106093568087e-01 1.620462417571359448e-01 1.748985075325849570e-01 1.409585072573282527e-01 1.488716753763767442e-01 1.672465529632764514e-01 1.393130969078704151e-01 1.594417384726534992e-01 1.604419675499536291e-01 1.608577734808287474e-01 1.614424954405880852e-01 1.662692318925869106e-01 1.476192780896383450e-01 1.569747309048850903e-01 1.550503620006578598e-01 1.540178603315153494e-01 1.585631455754185348e-01 1.552790644812849230e-01 1.573543400301328776e-01 1.576747307390008457e-01 1.430514634624097114e-01 1.434864150995613652e-01 1.387441627440182124e-01 1.438581598126224548e-01 1.536179390037687165e-01 1.640811897217382964e-01 1.536394304314494808e-01 1.428769248802612690e-01 1.602552289764245241e-01 1.555086662160405087e-01 1.473464865597617079e-01 1.518772660201801461e-01 1.451833008184771623e-01 1.439243470293914418e-01 1.411597908891635000e-01 1.518702192180661492e-01 1.331948691030057919e-01 1.352065737573344417e-01 1.343452627441145131e-01 1.346622821256912850e-01 1.374586988591973702e-01 1.409940836141688747e-01 1.423245035374420542e-01 1.546757754982968913e-01 1.459793082035118483e-01 1.384856366638099467e-01 1.308964149472052751e-01 1.461028341161805522e-01 1.400407586823550765e-01 1.384107133763192166e-01 1.492577418628041885e-01 1.584616609039428692e-01 1.504236471090203975e-01 1.440146184144018848e-01 1.462686660440543629e-01 1.409593737133646996e-01 1.454567777996302047e-01 1.473896925180763484e-01 1.443744370857191206e-01 1.505464750024902987e-01 1.548313509848178726e-01 1.491522849967169828e-01
8.645494000693859649e-02 4.460508802076083162e-02 1.000000000000000000e+00 2.564831000944828299e-01 8.001010554335138969e-02 1.797712048408628416e-01 2.590978437613983276e-01 2.435688184103114440e-01 2.730955466342350202e-01 2.507106244366852366e-01 2.694094605145032073e-01 2.872892369075435992e-01 2.386099471192142107e-01 2.600114685298492434e-01 2.845590954877287304e-01 2.990279915898898522e-01 2.659933244845169575e-01 2.314721506453719102e-01 2.581305431999698086e-01 2.239472369223509118e-01 2.518438663865303906e-01 2.899102278623076900e-01 2.719148376462691141e-01 2.482598389046786758e-01 2.833636881518620254e-01 2.749623213874494154e-01 2.811665812545467436e-01 2.807068887814271330e-01 2.986794105688335699e-01 3.038424982032378319e-01 3.062820142442319593e-01 2.937943684519252474e-01 2.927150748493043131e-01 3.052621186456718760e-01 3.094397143492474966e-01 2.963575522863208245e-01 3.180790545872055342e-01 2.831167101108971185e-01 3.074104899092398591e-01 2.676739669635673224e-01 2.823377074292311439e-01 2.775323213713289383e-01 2.776655233844588788e-01 3.008697260873919865e-01 2.986055986549464580e-01 2.928928263717152647e-01 2.977810010908490956e-01 3.005178716591102583e-01 2.922955739996158098e-01 2.899947023615087605e-01 3.000261934152317345e-01 3.127057890382601291e-01 2.917512290830004962e-01 3.011419935293529471e-01 2.948908983700374575e-01 2.920158944469526952e-01 3.062598515355847151e-01 2.963456224396660565e-01 3.016313646088926714e-01 3.087848242617420857e-01 3.065512458964482767e-01 3.062345046867062659e-01 3.046997238373273520e-01 3.152105039792604257e-01 3.076888222118791538e-01 3.119856123349287746e-01 3.070134060644101881e-01 2.998048336658481472e-01 3.029966326704448543e-01 2.971129397736891331e-01 3.032529197450656855e-01 3.039375270389329531e-01 3.005805295696473700e-01 2.996326361524954685e-01 2.978410886960261572e-01 3.015253265553596296e-01 3.050829113425083117e-01 3.072378698883109216e-01 2.997422530478972558e-01 3.121796660875272300e-01 3.071563329233892303e-01 2.997193996361213753e-01 3.051030801786843716e-01 3.150706502403740061e-01 3.062738053844725750e-01 3.079406579060025573e-01 3.052823456701760363e-01 3.052880154515514866e-01 3.063166443113622961e-01 3.011942936692598161e-01 2.965250488355578584e-01 2.991419415914956526e-01 3.004086084759777231e-01 3.002583335702494471e-01 2.996109961841567637e-01 2.989138149679910761e-01 3.014874296211389471e-01 3.097622915009328737e-01 3.026955764361021761e-01 2.998689810711119841e-01 2.963581440640469244e-01 3.041329454980261637e-01 3.103316618692241735e-01 3.032876332297602118e-01 3.074940776424098798e-01 3.101872899146674301e-01 3.068973226510582908e-01 2.992839209162144187e-01 3.009767210924306213e-01 3.024091109702125024e-01 3.029758948859603285e-01 3.061232789996597980e-01 3.059266034936887202e-01 3.092347172175919368e-01 3.061976344326219901e-01 3.061282388798775567e-01
1.276241788541280509e-01 1.549591645759718084e-01 2.564831000944828299e-01 1.000000000000000000e+00 2.065148552941599991e-01 2.601799173444521718e-01 4.285994744825445957e-01 3.870215631053900984e-01 4.843567726109946903e-01 4.240107134712016168e-01 4.638073807284448513e-01 5.046584097606626740e-01 4.161914525603679915e-01 4.283971923977574758e-01 4.896364930896437428e-01 4.953386135188755923e-01 4.654601705699224490e-01 4.060108882223229521e-01 4.412338829744581470e-01 3.913835399860931541e-01 4.036927462538991151e-01 4.850894633476911522e-01 4.515656188634002977e-01 4.176537901235771177e-01 4.589512724698215917e-01 4.888694133833664246e-01 4.890319972758460088e-01 5.047547471365456673e-01 4.791547257468082299e-01 4.948358133111060431e-01 5.093982821658427085e-01 5.075532242405070837e-01 4.871767041973943946e-01 5.156086001394669660e-01 5.110095803163724471e-01 4.868292169583361417e-01 5.059028326832550881e-01 5.058713054825692002e-01 5.092224998724502738e-01 4.690538864570772404e-01 5.002002011230366474e-01 4.927616620439881912e-01 4.579144385223692937e-01 5.049487785441209020e-01 4.988191338590873269e-01 4.859004795476716265e-01 5.109046086606887638e-01 5.082611247227702966e-01 5.129956208560161324e-01 5.126674259057667493e-01 5.200549095156173918e-01 5.210559242484297249e-01 5.072175965629964756e-01 5.122454177470195935e-01 5.048078274612277649e-01 5.089831353891662857e-01 5.235291287727305010e-01 5.048463723330072206e-01 5.105181081606693372e-01 5.220256087694670200e-01 5.098383346964029394e-01 5.157431892694419595e-01 5.159544306215302356e-01 5.236827122524202460e-01 5.170749335668602953e-01 5.270802980950767269e-01 5.180420510828787073e-01 5.178683928528632352e-01 5.215873747100937541e-01 5.085969364379037128e-01 5.088668416273066653e-01 5.185465459079806605e-01 5.083390109083325559e-01 5.055287371430779997e-01 5.143996773205208317e-01 5.084591270223715043e-01 5.064792145731246142e-01 5.035658362084675099e-01 5.072587496994821477e-01 5.155936854680036596e-01 5.163215805415803938e-01 5.067205664969557377e-01 5.204577602864919328e-01 5.206129538448942551e-01 5.188154418894014297e-01 5.225321710925072693e-01 5.125083436674633397e-01 5.204140274690161050e-01 5.112512062839661420e-01 5.163218380908062288e-01 5.081835262550904453e-01 5.070083848585250630e-01 5.045132768425079073e-01 5.074263093804762814e-01 5.090454999415415793e-01 5.081512271370132172e-01 5.171759643711355547e-01 5.186350900240137562e-01 5.177113705723705994e-01 5.141168712361805504e-01 5.016086483480439728e-01 5.146538733529936183e-01 5.098699713187363480e-01 5.128984115291117529e-01 5.213422813531237709e-01 5.225102750743659819e-01 5.172528561517619750e-01 5.087758940572234545e-01 5.111796383400539767e-01 5.115028465600029994e-01 5.137087696379770696e-01 5.176504401730707139e-01 5.133427065047164728e-01 5.209921693074612836e-01 5.212946553761720336e-01 5.146696105741321858e-01
-1.028792871854695154e-03 3.679335432566659125e-02 8.001010554335138969e-02 2.065148552941599991e-01 1.000000000000000000e+00 2.118057987072967108e-01 3.812721419709688142e-01 3.843502038598682891e-01 3.722704864577298101e-01 3.552532996986990654e-01 3.559818649695268289e-01 4.097608022271102546e-01 4.029050216159106301e-01 3.484766083047282081e-01 4.195563583447063372e-01 4.315770739272159484e-01 3.526450727320278311e-01 2.701446903345660067e-01 3.087603094750128729e-01 2.520394902967170170e-01 2.778667904815848577e-01 3.375460475953994122e-01 3.542056309951047144e-01 2.900987059669440926e-01 3.234821263700845551e-01 4.042979063399094741e-01 4.026436507735877690e-01 4.088608364044714061e-01 4.011763095650865973e-01 3.915762979368427876e-01 4.297951479548801079e-01 3.901826983660474646e-01 3.875889709962406227e-01 3.833587658172756818e-01 3.971638831877223885e-01 3.832279712975415475e-01 4.138020993898890998e-01 4.164569803917715363e-01 4.194416784572571610e-01 4.070922038114880848e-01 4.219487230006767620e-01 4.226077334566993859e-01 4.253089502661695498e-01 4.295525504281910711e-01 4.221358699428763295e-01 4.254035418333587670e-01 4.377626201376867976e-01 4.388404635239720464e-01 4.385244602344115505e-01 4.127180994433637951e-01 4.270107612841568256e-01 4.325687532413333147e-01 4.238619249635542374e-01 4.400370696120819436e-01 4.342429823604735950e-01 4.286074772719647985e-01 4.328510755604690341e-01 4.362730235541841806e-01 4.338660879569277706e-01 4.336614189298821365e-01 4.430011830157616348e-01 4.396184625944542512e-01 4.369611298722115289e-01 4.365175595138111042e-01 4.275956843482837666e-01 4.370519327987809621e-01 4.370446672467086513e-01 4.159883229719052999e-01 4.212749606448888962e-01 4.088125806238234738e-01 4.047154079707200869e-01 4.207924512757272861e-01 4.038984712596531690e-01 4.058334937657100960e-01 4.391315760599946993e-01 4.341240625009928911e-01 4.346164999186978295e-01 4.319305659227276051e-01 4.250560025334316760e-01 4.276511416919037689e-01 4.347713360080802669e-01 4.383358531232807165e-01 4.280912605834700235e-01 4.340709577535446506e-01 4.278773817003449498e-01 4.239370631584747917e-01 4.320577960293762176e-01 4.312916229501379539e-01 4.326014612340676746e-01 4.325289580945546608e-01 4.350824635390171946e-01 4.347920675876899566e-01 4.372240806731858553e-01 4.370300001403503165e-01 4.383667299762435965e-01 4.388089642656650136e-01 4.337425291173511166e-01 4.307435274832586702e-01 4.357287095794986076e-01 4.364658129243745854e-01 4.389898697849302645e-01 4.363805552946402044e-01 4.406251133279298071e-01 4.403387290253885089e-01 4.396479859358123354e-01 4.351821196110098322e-01 4.369061936364280752e-01 4.369050777569400967e-01 4.379230489144378402e-01 4.396962825935926689e-01 4.338754127901133240e-01 4.403436090343876286e-01 4.408676780202136491e-01 4.402672346555015492e-01 4.328353640168650096e-01 4.405932419905505548e-01
4.264063159952782844e-02 7.619595894010590398e-02 1.797712048408628416e-01 2.601799173444521718e-01 2.118057987072967108e-01 1.000000000000000000e+00 4.519351079465340204e-01 3.664316756894036575e-01 4.388051890443508407e-01 4.031081272034014451e-01 4.441798456746303692e-01 4.626221488555607442e-01 4.109757134250745514e-01 3.994226127183766462e-01 4.712682191883923455e-01 4.805901235331994648e-01 4.247637586721352276e-01 3.449580086444096194e-01 3.838838880418908306e-01 3.184394078403142148e-01 3.614791160549498672e-01 4.216721000439795919e-01 3.883568795399421902e-01 3.469588220992873562e-01 3.882566704763417142e-01 4.491490481694067061e-01 4.537427503688720720e-01 4.690823414546960723e-01 4.674018024460552811e-01 4.653152185337511293e-01 4.842324097686910300e-01 4.555344163619682862e-01 4.401728942177909332e-01 4.584912159427183553e-01 4.671992259121524049e-01 4.322655310990326516e-01 4.658533357082090820e-01 4.697295431486354089e-01 4.841335205473173975e-01 4.262969559688148391e-01 4.710209831581444462e-01 4.715100415740190454e-01 4.472906014621769732e-01 4.830876287729636842e-01 4.758248106105110731e-01 4.779950706362476320e-01 4.940195649810469325e-01 4.955873317453256544e-01 4.903537890303433788e-01 4.670914117593651937e-01 4.839553760017815121e-01 4.814021906818002350e-01 4.806102010776215350e-01 4.947982877172479865e-01 4.821139932820418528e-01 4.751610317547507178e-01 4.832917895198760028e-01 4.884770231227517079e-01 4.900750603351013979e-01 5.010041872572349453e-01 4.908871361113153475e-01 4.954943494885063471e-01 4.850868478205149770e-01 4.952078168501378164e-01 4.903405645684564274e-01 4.938311708319743087e-01 4.976074748734715669e-01 4.847676338251702965e-01 4.872235647506844569e-01 4.749562167140842783e-01 4.779960724113412884e-01 4.899907396670671877e-01 4.690597826391673109e-01 4.696178820624725692e-01 4.908989750636984506e-01 4.967932337928196995e-01 4.925049982267958315e-01 4.967019203142171158e-01 4.907819124563339575e-01 5.004214230706567346e-01 4.978576936784684381e-01 4.976978841352085459e-01 4.918539730241129337e-01 4.962110961332194536e-01 4.932298095388573667e-01 4.855121880878721097e-01 4.895296018921109771e-01 4.929985127529709077e-01 4.913093840672189128e-01 4.835944091435830372e-01 4.852924138525645525e-01 4.915361353536171762e-01 4.923208487717479209e-01 4.950897817933235245e-01 4.973925072442146877e-01 4.963045881136203263e-01 4.863740618882840816e-01 4.999506428145831793e-01 4.991280841890349818e-01 4.963942644257613446e-01 4.924207546317376782e-01 4.958589641733603948e-01 4.916337475363834475e-01 4.980708275994429335e-01 4.981102727173497557e-01 4.939832220586384270e-01 5.019807096521156087e-01 4.950617944550637639e-01 4.951733490343985244e-01 5.002132258193592307e-01 4.953502128445625430e-01 5.026863252181537067e-01 5.006730929243738970e-01 5.030869867898263292e-01 4.992477653166099705e-01 5.003361455334942587e-01
1.262343800591309885e-02 1.092075039703196138e-01 2.590978437613983276e-01 4.285994744825445957e-01 3.812721419709688142e-01 4.519351079465340204e-01 1.000000000000000000e+00 5.827800140959359387e-01 6.622686520984308878e-01 6.379591612106697562e-01 6.843077103114374449e-01 7.366467933288347592e-01 6.428943921833144559e-01 6.576687294056021704e-01 7.645997201042773472e-01 7.383875094964013064e-01 6.532725949090234518e-01 5.330013109350808520e-01 5.961535503398334157e-01 5.042195200148134049e-01 5.466978977954435326e-01 6.428158638473597808e-01 6.489118945323044674e-01 5.571291674419941442e-01 6.167544956532636791e-01 7.302861816377790305e-01 7.115885549913156805e-01 7.528749747361342948e-01 7.335228289464107432e-01 7.232918295989954061e-01 7.648386118695478242e-01 7.386305163280235675e-01 7.280313356040943873e-01 7.362565232693978334e-01 7.421660833837800952e-01 7.041075654693764729e-01 7.472103910085038381e-01 7.584348058643830548e-01 7.644757752089681446e-01 7.208687136409803742e-01 7.593762175272618098e-01 7.611256019258337835e-01 7.260367980026827261e-01 7.656619560277152514e-01 7.576852216529781359e-01 7.596937323199632885e-01 7.800147345701290424e-01 7.795024978279044836e-01 7.673667130853132345e-01 7.510505552299650001e-01 7.696267378275933879e-01 7.490515399735877544e-01 7.513003602449733753e-01 7.674522556234554260e-01 7.632781691510154287e-01 7.655602200432940485e-01 7.584709968151456261e-01 7.700331050953703738e-01 7.728729669899990773e-01 7.632928549513663397e-01 7.717284391029441970e-01 7.662873700150606426e-01 7.659232922064331817e-01 7.681630814494624371e-01 7.538806385483433070e-01 7.662849766180672706e-01 7.789612798480681777e-01 7.612640848114369252e-01 7.763410714262226620e-01 7.461561200707891306e-01 7.467705130118791335e-01 7.631844351273497917e-01 7.444492748607542953e-01 7.445552307019110971e-01 7.812768287242246590e-01 7.783490891456186223e-01 7.814473593283904895e-01 7.798742189035616779e-01 7.756247405680698481e-01 7.751494618678413939e-01 7.798979908316486798e-01 7.820930981639054869e-01 7.767279016718549034e-01 7.852007619411538464e-01 7.826372912069521348e-01 7.763946969791465369e-01 7.775709726156398993e-01 7.838417879122496768e-01 7.830694076791949731e-01 7.747227854818871107e-01 7.784906216787466082e-01 7.808859336954793173e-01 7.794416430913229110e-01 7.818540027824655292e-01 7.814044937781084998e-01 7.826697043970664014e-01 7.741933689737295898e-01 7.682304795736035752e-01 7.793661972209922073e-01 7.832070546930242072e-01 7.773102239446451067e-01 7.764240049251551756e-01 7.738406113871859615e-01 7.808283352178848613e-01 7.777175881021719528e-01 7.721855892530850030e-01 7.812876051761856733e-01 7.781956963012499617e-01 7.794196891704182617e-01 7.807588448811011439e-01 7.780944616520324431e-01 7.815784379847321439e-01 7.792453134200598708e-01 7.805236388000771353e-01 7.700672418181340184e-01 7.755734303878080160e-01
4.591997470816834570e-02 1.141393070191226849e-01 2.435688184103114440e-01 3.870215631053900984e-01 3.843502038598682891e-01 3.664316756894036575e-01 5.827800140959359387e-01 1.000000000000000000e+00 6.315182494341543551e-01 5.722836591068678480e-01 6.207969069390328887e-01 6.794598492927227396e-01 6.077718127618743083e-01 6.012976518731232289e-01 6.908707042349260252e-01 6.965439205975074710e-01 6.259168597892741381e-01 5.086473936298157028e-01 5.731428876073404455e-01 4.689717078540647233e-01 5.194672774176550822e-01 6.087370082641696545e-01 5.823958412076358782e-01 5.143396981381432864e-01 5.787941199328366926e-01 6.627229068890096997e-01 6.609268875785433428e-01 6.763835281622880835e-01 6.607954767992322287e-01 6.629700704346976892e-01 7.039658681126128581e-01 6.760152906117875560e-01 6.452673566791731208e-01 6.688450314311300549e-01 6.753416045855428207e-01 6.590128178310580287e-01 6.889140228938356314e-01 6.832366888702420260e-01 6.997657527673549760e-01 6.402742606791915758e-01 6.946462302333421546e-01 6.821761742409433449e-01 6.647945296555778372e-01 7.037029202209085232e-01 6.988150623734658007e-01 6.879667280636400095e-01 7.160462152118088897e-01 7.180516284945459571e-01 7.206539635447715142e-01 6.974807282801243069e-01 7.105376846205816443e-01 7.058227703749265780e-01 6.991890507000333432e-01 7.151418486555570775e-01 7.094939721345039363e-01 6.979313752649523028e-01 7.133540452044948577e-01 7.084227982298115789e-01 7.090945082004195266e-01 7.173744506820057820e-01 7.190123320085292091e-01 7.144501286640250193e-01 7.104895665384037828e-01 7.245556990446484491e-01 7.116324847835407974e-01 7.143516199964683455e-01 7.178209048829856664e-01 7.033473417267446237e-01 7.075298393142888109e-01 6.914296072615039312e-01 6.941681981281059288e-01 7.082527828563983663e-01 6.831658282809510707e-01 6.842958232446225697e-01 7.186996197862647318e-01 7.113997115880005273e-01 7.128977138815566494e-01 7.132209641877427231e-01 7.087381372815889646e-01 7.142781922686113338e-01 7.155939803591846449e-01 7.188108048078153400e-01 7.147322821640259560e-01 7.117408458070441091e-01 7.162908864305125300e-01 7.100181770646678547e-01 7.102745398930090381e-01 7.160884082542398055e-01 7.148159054436775683e-01 7.099179574063756437e-01 7.053890151963527755e-01 7.150809606199705071e-01 7.160990584381060620e-01 7.162180437394167765e-01 7.201083229987723655e-01 7.202488136397997565e-01 7.163335045711736182e-01 7.248573630780321686e-01 7.255606822653254406e-01 7.203288139332508777e-01 7.166141361536466636e-01 7.212743273265167510e-01 7.182699798223033394e-01 7.205570011458007906e-01 7.234889312876429113e-01 7.203022512384898990e-01 7.256182824928260056e-01 7.196219974499519223e-01 7.188772342825262562e-01 7.216614115640054283e-01 7.196832023689659907e-01 7.225379632911804739e-01 7.229497872715349160e-01 7.260412880797584290e-01 7.178884305201372884e-01 7.219013284098165784e-01
1.554991349220468388e-01 1.899536675531297847e-01 2.730955466342350202e-01 4.843567726109946903e-01 3.722704864577298101e-01 4.388051890443508407e-01 6.622686520984308878e-01 6.315182494341543551e-01 1.000000000000000000e+00 6.973725993569546144e-01 7.392006654715360670e-01 7.874791089204713490e-01 6.833458395726039747e-01 6.934838761334638502e-01 7.866717181769231626e-01 7.874373667777967434e-01 7.806193743037033173e-01 5.820297879216510539e-01 6.661719442639173483e-01 5.405823362917154817e-01 6.051410199165950798e-01 7.379914552157704755e-01 6.717578038452191036e-01 5.983592209501656933e-01 6.766972461050775323e-01 7.582727193668036270e-01 7.712057007096831951e-01 7.840709019578888661e-01 7.895144154943080084e-01 7.943230304995956281e-01 8.181173179295009312e-01 7.718615108063492380e-01 7.487062963646483604e-01 7.931149087287920896e-01 8.034123436635665083e-01 7.558735498309043788e-01 7.961622018017510127e-01 7.734043394368308455e-01 8.082941330530604152e-01 7.191238679496799735e-01 8.011689167823676794e-01 7.786472032701596824e-01 7.364387513609198521e-01 8.048429650088710918e-01 7.961772666375080965e-01 7.843291586749532307e-01 8.262794423253772003e-01 8.304901450335173685e-01 8.238207480144205119e-01 7.968932735529518085e-01 8.119258786305852960e-01 8.352824496280243372e-01 8.232159782813665005e-01 8.453858735228297894e-01 8.083379014560850839e-01 8.054131533174351265e-01 8.445698684083732255e-01 8.156880271246773617e-01 8.151350510505193103e-01 8.601640975329745142e-01 8.256397101943554473e-01 8.351606855025481835e-01 8.259407912648084604e-01 8.576771593319516551e-01 8.561631143115284726e-01 8.561888283612681949e-01 8.397162517590004427e-01 8.166372287367470451e-01 8.184400199052165314e-01 7.961131202237387017e-01 8.044342445277758991e-01 8.285315445879481988e-01 7.922614877261673350e-01 7.868213177219146592e-01 8.282937510329952957e-01 8.253456631646739483e-01 8.213584262441986361e-01 8.303381109392883319e-01 8.190628611819994465e-01 8.390495724568064473e-01 8.315628362912204086e-01 8.316240819795785999e-01 8.376522861730967273e-01 8.378113004370862926e-01 8.241636290848984858e-01 8.214955445768772346e-01 8.222275231529728723e-01 8.201518012452942985e-01 8.249606313518719203e-01 8.137219253812585373e-01 8.062990545119498309e-01 8.191103931643396452e-01 8.240748106342814516e-01 8.195746549813461845e-01 8.289212424069308804e-01 8.317465044639095195e-01 8.158080979553314904e-01 8.460397576835494426e-01 8.369034176133324232e-01 8.269214641339605043e-01 8.157127805522456088e-01 8.279577383897105403e-01 8.324279572447053077e-01 8.295735918686354404e-01 8.425472071109308958e-01 8.429562460353345887e-01 8.441166969664490871e-01 8.300909500489879189e-01 8.245316498186129328e-01 8.327087535499525517e-01 8.237384659812632126e-01 8.466711077841965194e-01 8.376294396166874545e-01 8.500969413458461243e-01 8.538267302699532602e-01 8.489461821125754426e-01
4.356522005092264282e-02 1.253479874327626531e-01 2.507106244366852366e-01 4.240107134712016168e-01 3.552532996986990654e-01 4.031081272034014451e-01 6.379591612106697562e-01 5.722836591068678480e-01 6.973725993569546144e-01 1.000000000000000000e+00 6.889630146859032633e-01 7.421788067797957522e-01 6.461124338475645601e-01 6.666110554370682229e-01 7.698477384578871208e-01 7.417205707587972707e-01 6.798577143657679178e-01 5.624355915858234578e-01 6.341356633636119344e-01 5.296536566381438993e-01 5.877985241601795252e-01 6.792393508484527720e-01 6.652814697271171029e-01 5.754750414802806135e-01 6.323255029653478410e-01 7.428113949281385242e-01 7.262957867693258240e-01 7.652838561528541028e-01 7.419918136373550022e-01 7.378880212977074748e-01 7.731410270541596574e-01 7.485021415490339391e-01 7.239842121060255931e-01 7.336732701664432366e-01 7.422224354742547048e-01 7.125097161287637926e-01 7.548331488284547586e-01 7.607666320467731946e-01 7.726163223716929762e-01 7.292582265411368114e-01 7.809453187619435077e-01 7.720011392070806888e-01 7.348427649037776455e-01 7.789567346038014373e-01 7.708074970563304484e-01 7.692847114602379133e-01 7.925103849436868630e-01 7.954014697106207565e-01 7.775589974546527339e-01 7.495095396043185421e-01 7.800545877313382892e-01 7.540318798653905530e-01 7.613975877754383115e-01 7.846063216333362123e-01 7.746008247215669940e-01 7.754644596768058840e-01 7.680066225685376891e-01 7.820505318685712082e-01 7.839296416992848071e-01 7.824561421273387163e-01 7.808154708862288240e-01 7.782734117717007294e-01 7.738609413472634646e-01 7.776046662523300457e-01 7.713627041743947865e-01 7.735862942778992668e-01 7.950911953933632592e-01 7.823552814238875497e-01 7.869935258713169901e-01 7.618996893304232909e-01 7.713502231357249883e-01 7.851678204870913280e-01 7.595247934976330217e-01 7.630472280463449497e-01 7.944404450313867772e-01 7.936030380647696170e-01 7.906186387244021896e-01 7.905295238371462530e-01 7.871921194501309005e-01 7.864101729867967183e-01 7.916284410601120980e-01 7.952139920037786247e-01 7.890619965717826645e-01 7.894877214088594775e-01 7.865428475775920747e-01 7.830294361622421873e-01 7.886936562928856809e-01 7.899844218676015384e-01 7.930103227642991692e-01 7.849844015995333102e-01 7.898837079832492503e-01 7.956759843761345152e-01 7.933692940378730407e-01 7.933016590838156690e-01 7.955842215961196340e-01 7.951713514574741959e-01 7.823900454388283965e-01 7.746471969454186146e-01 7.908131043282627948e-01 7.932327537658021566e-01 7.887763156002646214e-01 7.887756690712310892e-01 7.843894141457791180e-01 7.938072859257533365e-01 7.904475799521587520e-01 7.818987813204191228e-01 7.926550525733312424e-01 7.945436096567347617e-01 7.903464049498545307e-01 7.931640096213251612e-01 7.910859621163021105e-01 7.952308159223117068e-01 7.897161003483191832e-01 7.917400821026492341e-01 7.889388232776144427e-01 7.865490648739413837e-01
2.203911814011831963e-02 1.343694313363419379e-01 2.694094605145032073e-01 4.638073807284448513e-01 3.559818649695268289e-01 4.441798456746303692e-01 6.843077103114374449e-01 6.207969069390328887e-01 7.392006654715360670e-01 6.889630146859032633e-01 1.000000000000000000e+00 8.170660734338209830e-01 6.997829022828508938e-01 7.109480192552805056e-01 8.203039695974402301e-01 7.936592780469889918e-01 7.321491449418888742e-01 6.092082349557931265e-01 6.855086791341342689e-01 5.784903210573845156e-01 6.431972495915725396e-01 7.393940655189467082e-01 7.083794940212237989e-01 6.274382515751576461e-01 6.975187402212215115e-01 7.904710066503287669e-01 7.973399425085483383e-01 8.197304261697144767e-01 8.061023507793720899e-01 8.013285946022273842e-01 8.373115836275096813e-01 8.069430143279288092e-01 7.848405988687459089e-01 7.999686184522263321e-01 8.067666565857453120e-01 7.765879759163771823e-01 8.223875009101515587e-01 8.199386996388090543e-01 8.388826132179562078e-01 7.794556920603629147e-01 8.378354316808890312e-01 8.301563707554225902e-01 7.989758288317039270e-01 8.406988229012345437e-01 8.330399472035742159e-01 8.327703925240147464e-01 8.526693577059156759e-01 8.567708236647582076e-01 8.341067368118527670e-01 8.011595005031115768e-01 8.336567471307679833e-01 8.152347779313056098e-01 8.207558575553089986e-01 8.459449171276250956e-01 8.354754504113792724e-01 8.323978800127389555e-01 8.247620604564791513e-01 8.480542430115219910e-01 8.469240900513669290e-01 8.437210914250263816e-01 8.463171485308103037e-01 8.472511412916396978e-01 8.343875827692660563e-01 8.405492713005280336e-01 8.351385571704336153e-01 8.385142871115663921e-01 8.551514781485647365e-01 8.422673443139667704e-01 8.489673786194159577e-01 8.256242177200124877e-01 8.343213155448327978e-01 8.467578165686738823e-01 8.205534992084242418e-01 8.251296854328228347e-01 8.551438355119880264e-01 8.559282862948877080e-01 8.551250847011094836e-01 8.550301814685417057e-01 8.507141537297924216e-01 8.537210950248251828e-01 8.543577445811941784e-01 8.591084688767615107e-01 8.511008090863936282e-01 8.549187628343616341e-01 8.488857530740054891e-01 8.465741374036571676e-01 8.532004514582204324e-01 8.554726156034928586e-01 8.574213250405388065e-01 8.465433665064137081e-01 8.519895438620802564e-01 8.577855771550531028e-01 8.564895574148031487e-01 8.580419021360699006e-01 8.594420901564914228e-01 8.590116187215338650e-01 8.446270163843421219e-01 8.397478628359769104e-01 8.549217701443247996e-01 8.545272329089804719e-01 8.543070783294374193e-01 8.541202230682590768e-01 8.519614340402744679e-01 8.593377637879379138e-01 8.564243157449387134e-01 8.490035899216701321e-01 8.563684101070770938e-01 8.584922959607614867e-01 8.565831740937422945e-01 8.581888050746218077e-01 8.553738992428905341e-01 8.585832683756640105e-01 8.578324594863154795e-01 8.576319812428694345e-01 8.520809618606912661e-01 8.555963970931091955e-01
5.034635246267503417e-02 1.604322056313481903e-01 2.872892369075435992e-01 5.046584097606626740e-01 4.097608022271102546e-01 4.626221488555607442e-01 7.366467933288347592e-01 6.794598492927227396e-01 7.874791089204713490e-01 7.421788067797957522e-01 8.170660734338209830e-01 1.000000000000000000e+00 7.473180149297079522e-01 7.615172489042093540e-01 8.758003608819681096e-01 8.584788377500440770e-01 7.895478004459834942e-01 6.617546322187771723e-01 7.394300385481136217e-01 6.271830348181067771e-01 6.812743807853558486e-01 7.941832764239624698e-01 7.663304822662011517e-01 6.876438122574063394e-01 7.559428675670371023e-01 8.488803237164989079e-01 8.511518427094132422e-01 8.730360096351789112e-01 8.565016254631762083e-01 8.532287815142255427e-01 8.894365737298485231e-01 8.764548820567529264e-01 8.499174664962648729e-01 8.711874029903826644e-01 8.715894229337071142e-01 8.431603696177216722e-01 8.778606599840222957e-01 8.840813720589032476e-01 8.994451537734488022e-01 8.351645098475158902e-01 8.939951139398043534e-01 8.848822684111354864e-01 8.464657892953765250e-01 9.011551308838161578e-01 8.904970794310006488e-01 8.834500133578474523e-01 9.094403628001201945e-01 9.126112568539281877e-01 9.001403393433182742e-01 8.795297798276584533e-01 9.030806392116478287e-01 8.817951613972696556e-01 8.830849376420656371e-01 9.022700890775277038e-01 8.930905009391043592e-01 8.944531492930616334e-01 8.950012069820518779e-01 9.019813770172779854e-01 9.064174961309937606e-01 9.045658399722370513e-01 9.052843343410560406e-01 9.051903279761864818e-01 9.006314769570283874e-01 9.063500104987411987e-01 8.962971313068271995e-01 9.003067209753743416e-01 9.155030182900144586e-01 9.020488616074954225e-01 9.106934249706005735e-01 8.852702990021316110e-01 8.901837607118451290e-01 9.071992887990307786e-01 8.843302948860883861e-01 8.824158080141425442e-01 9.125126156178012815e-01 9.092698587442699099e-01 9.105691462426996896e-01 9.077496867715137974e-01 9.080317674202973421e-01 9.101208459626414227e-01 9.086807801527349016e-01 9.135197126213970842e-01 9.133150220559840271e-01 9.145755949995376666e-01 9.145372283732760010e-01 9.121331083186150490e-01 9.089093105075894963e-01 9.157707527724260332e-01 9.161601467213182914e-01 9.067600482405566709e-01 9.083161127845276184e-01 9.121923107280984766e-01 9.115403435939567478e-01 9.109614905872353008e-01 9.142536370726322970e-01 9.155227205410199076e-01 9.079456705520676518e-01 9.032755684027631293e-01 9.123670061280592103e-01 9.166104297651403998e-01 9.084510261194347347e-01 9.123205075948528364e-01 9.092491694544885261e-01 9.153712984690524079e-01 9.160173717137407579e-01 9.086139440613228979e-01 9.156854392635008777e-01 9.133379738088173161e-01 9.105504857429232990e-01 9.158675257028379146e-01 9.132587639644819122e-01 9.156230545395022125e-01 9.127891361128808168e-01 9.156420117282512150e-01 9.108484634430007443e-01 9.109850124786051939e-01
1.083283887554223855e-02 1.029565300487581547e-01 2.386099471192142107e-01 4.161914525603679915e-01 4.029050216159106301e-01 4.109757134250745514e-01 6.428943921833144559e-01 6.077718127618743083e-01 6.833458395726039747e-01 6.461124338475645601e-01 6.997829022828508938e-01 7.473180149297079522e-01 1.000000000000000000e+00 6.706595841471728603e-01 7.803644828158745606e-01 7.591487264361312937e-01 6.945975615144058812e-01 5.434981310909720031e-01 6.258079448131814715e-01 5.082111967512369377e-01 5.806504068720433898e-01 6.801498747406957701e-01 6.445148827667702696e-01 5.589761130905660513e-01 6.367012440281800689e-01 7.412583549550002537e-01 7.400577279404798592e-01 7.613016809920377659e-01 7.525340158445612548e-01 7.477666079427860435e-01 7.886008416085585893e-01 7.440627435643892840e-01 7.259402078709533690e-01 7.399807965556896017e-01 7.518602420799250785e-01 7.201899138987835070e-01 7.693464932091148567e-01 7.661374588767680960e-01 7.762130165702200157e-01 7.295558267856969703e-01 7.891997677318908222e-01 7.806745542659375703e-01 7.501354510120314956e-01 7.902287581419534801e-01 7.767430805077025768e-01 7.755195776052314915e-01 8.068784232120880251e-01 8.098581241026654443e-01 7.947070214066905836e-01 7.604495195009726149e-01 7.881355215414135307e-01 7.705257120539570348e-01 7.850048505776701102e-01 8.028656346861423598e-01 7.958969972917701030e-01 7.789009909556533495e-01 7.833783536664608027e-01 7.987835712884071571e-01 8.011105957274539113e-01 8.047520399482103182e-01 8.039808948830999835e-01 8.028672351955352671e-01 7.923420971271650792e-01 7.956267591840358033e-01 7.906788528592439969e-01 7.934494044335729246e-01 8.062647330132495238e-01 7.868406835875425553e-01 7.939967025855048099e-01 7.699435910238806580e-01 7.755878950914227854e-01 7.920946389564180734e-01 7.596344504637110306e-01 7.651871331760022876e-01 8.085599508400991287e-01 8.040109165947239012e-01 8.056057849204567578e-01 8.039029855116145429e-01 7.995570873451713911e-01 8.035352944889486704e-01 8.027114972177471497e-01 8.092558767561197630e-01 7.980452571768188452e-01 8.026077832215255947e-01 7.958407884902369833e-01 7.880532716573588337e-01 7.988914428664543044e-01 8.014511195967010115e-01 8.022151481873930345e-01 7.965078634945944591e-01 7.982848042700911861e-01 8.094718787569255003e-01 8.074607217769249612e-01 8.061951487802985206e-01 8.111574108981838283e-01 8.121243109381168779e-01 7.967098985874897510e-01 7.970462821609844983e-01 8.083343465781624992e-01 8.078231814511592779e-01 8.055891976025019163e-01 8.042371815381145206e-01 8.091271463614970738e-01 8.102194369438993071e-01 8.041812033694579753e-01 8.014470857045009611e-01 8.099553713152319867e-01 8.109198780225723713e-01 8.091926675120424406e-01 8.104288282370412100e-01 8.058541154141121154e-01 8.127141470662407885e-01 8.106051058713370505e-01 8.098680978451050505e-01 8.041892603027863684e-01 8.096112357647118341e-01
