1.000000000000000000e+00 1.960521450907299346e-01 1.600991914086164758e-01 1.734871627436692654e-01 7.056348602938918024e-02 9.120641401364487644e-02 2.071653390914953430e-01 2.418072483898850711e-01 2.281504691766508830e-01 8.118302731740498213e-02 8.234336193006903948e-02 1.268691274001651215e-01 8.115759596217057836e-02 3.236265560376432038e-02 6.168167236724294428e-02 1.199705066085576671e-01 2.355147157493761023e-01 1.782912325715502733e-01 1.473577253287654543e-01 7.014725809557263714e-02 1.889779691243042015e-01 1.702164944797452950e-01 1.770221079416536836e-01 7.861073434727029741e-02 1.244216284242907755e-01 1.765572328673946922e-01 1.571615427198878312e-01 1.175332057825956705e-01 1.490371586404552751e-01 1.308654645735019828e-01 1.181123191996822086e-01 1.190245024330481294e-01 6.109633926263173531e-02 9.146047129561124533e-02 1.055934460937196367e-01 2.637472762924665537e-02 4.116009028625377403e-02 7.950197785095840242e-02 4.815527309048954485e-02 4.448924600166819648e-02 4.688796826921386163e-02 4.569207578276966719e-02 5.857118532311995224e-02 8.877210075338681783e-02 4.919039188647534450e-02 7.641399986357902407e-02 3.635148389726784030e-02 4.010497941090521851e-02 2.391760338343385320e-02 6.081216422361547524e-02 7.057668471802983068e-02 5.759875257525880893e-02 7.073358667486753792e-02 7.865305169434354260e-02 1.003908255184365328e-01 8.937090867905372882e-02 1.314413968609948746e-01 4.541780697543121997e-02 7.279802532388177094e-02 9.537558074179516843e-02 6.037659042949004157e-02 8.226893343420117743e-02 9.881970369172893287e-02 8.789947256836971867e-02 1.223290639071663161e-01 1.120591708559467853e-01 5.436129883535239377e-02 5.222501109547177806e-02 6.612163457897829444e-02 4.037135478036040642e-02 5.128197797078074688e-02 5.118463821160743055e-02 5.772904105541780406e-02 3.591829858715348683e-02 6.377861024179073968e-02 5.151389731181637427e-02 6.163256821135371100e-02 6.058916680574380487e-02 5.112040241695701981e-02 5.856984015891941037e-02 6.299710491452575889e-02 4.186390891770977452e-02 8.615602887048405545e-02 5.748586021455713568e-02 4.663509255651900054e-02 3.988718794416198921e-02 1.747280486636009281e-02 3.731350646421457973e-02 2.370472755934544332e-02 6.070545104637256606e-02 2.087870351949395326e-02 3.231603017380868526e-02 2.582990203857101624e-02 2.635017783500604241e-02 1.302866508043727146e-02 2.155137289675675139e-02 3.584679650394962530e-02 9.531812224229803399e-02 5.052503469855388479e-02 3.222533936566693291e-02 1.418759846798172200e-02 4.030556038339008079e-02 4.945296362162530240e-02 4.189980051250792592e-02 5.007597211685828331e-02 7.966841663600238155e-02 5.622552467377935070e-02 3.457294941904848901e-02 5.665887519693507679e-02 4.450056563197330589e-02 4.281687431450054843e-02 5.028312562001120700e-02 3.848869550503802167e-02 4.575825515899303170e-02 7.206731428405201145e-02 6.764359202954355055e-02
1.960521450907299346e-01 1.000000000000000000e+00 9.350518596489322543e-02 1.426488599410885572e-01 1.278367497912229755e-01 1.182574074918487789e-01 2.427807090407421708e-01 2.449551003739496580e-01 2.159790734140067670e-01 1.977599796913200314e-01 1.831470908116065721e-01 1.899899962618548377e-01 1.504037522930122828e-01 1.357263724600411003e-01 1.842283848361902232e-01 1.993602622343202402e-01 2.188223516514544442e-01 2.014822349304515037e-01 1.928684135337433436e-01 9.185895488472461956e-02 1.444385128988150691e-01 1.408480431229786334e-01 2.155195330807912757e-01 1.753910669782224319e-01 1.905336362881275836e-01 2.421084438882908363e-01 2.068036678738495449e-01 2.125769194503271675e-01 2.229832781989879442e-01 2.336866827400867763e-01 2.071593988466386982e-01 2.150484689701296914e-01 2.081358889429652248e-01 2.177624712780855676e-01 2.119360951101798840e-01 1.666550440729324678e-01 1.714412736226403611e-01 2.123374452932994261e-01 1.982606099768521035e-01 1.807988654272452422e-01 1.764915309709732261e-01 1.744502570889321369e-01 1.735433610986665820e-01 1.919223551999380828e-01 1.715267635666239132e-01 1.949369653301344096e-01 1.664316228301440104e-01 1.697690477828939781e-01 1.584596699100149497e-01 1.790210090406000876e-01 1.862158149126611484e-01 1.395401428920807485e-01 1.649234049123869672e-01 1.779623763819982996e-01 1.863275518936295672e-01 1.852278826241014198e-01 1.803813943433699996e-01 1.611052709111500947e-01 1.772210328008846647e-01 1.749663264352198100e-01 1.700570632378758107e-01 1.689446298934582924e-01 1.751346847791809547e-01 1.870703742584999829e-01 1.797027705553944366e-01 1.684011191604364854e-01 1.710260365550987371e-01 1.769118583691435820e-01 1.848328945203092932e-01 1.535713661368160454e-01 1.434722892751110757e-01 1.696827869453419180e-01 1.828904180159438009e-01 1.666467607822385844e-01 1.861932104237124797e-01 1.779121081405223848e-01 1.885984170728649822e-01 1.824840858137395938e-01 1.903714788726763585e-01 1.871568453899282169e-01 1.838987429668165197e-01 1.747740611758931695e-01 1.926219835791130042e-01 1.879825263169903615e-01 1.793599393820319854e-01 1.805854502543557671e-01 1.642630379759419390e-01 1.806141438524528631e-01 1.739811761501900700e-01 1.738958189740242855e-01 1.697269964176842116e-01 1.705721059001700513e-01 1.685022537228627881e-01 1.702164878497397504e-01 1.543735792213409008e-01 1.602454123696653576e-01 1.631887859647785100e-01 1.740380146166138897e-01 1.734507627033195776e-01 1.697537908179506949e-01 1.557449430860357587e-01 1.593394475183654568e-01 1.639097239353786706e-01 1.619842207098277365e-01 1.633228537849059914e-01 1.619475483633567303e-01 1.658239155770579731e-01 1.678786860510044221e-01 1.732135039206827154e-01 1.657995809709979229e-01 1.637421246391539409e-01 1.614750837987267984e-01 1.547793137834783117e-01 1.640513762808248899e-01 1.676511148423911468e-01 1.611559544592779392e-01
1.600991914086164758e-01 9.350518596489322543e-02 1.000000000000000000e+00 3.930713132867475479e-01 2.313732908102507368e-01 2.680701359131330563e-01 4.069435458694756758e-01 4.103169771593198623e-01 4.075669683091281414e-01 3.342806350799449322e-01 3.915810792810141550e-01 4.352507535273320016e-01 3.632532983624818246e-01 3.504773520899441275e-01 4.038775088028528915e-01 4.116757004394831498e-01 3.932315283503330927e-01 4.269279243845763294e-01 3.950830385579146009e-01 3.619348075995870717e-01 4.479139263893270329e-01 4.217136274479070801e-01 4.210547275944626078e-01 3.899377195841604027e-01 3.875342938570771611e-01 4.033424614796607965e-01 4.289224851039070696e-01 4.041118866422456213e-01 3.629306762930114005e-01 3.857102261697142320e-01 4.025849039873635182e-01 4.130621592108109086e-01 3.834944236919033411e-01 3.926022695533719076e-01 3.756103098895897108e-01 3.978247785791222402e-01 4.017092739489611097e-01 3.910257842692605457e-01 3.984511399203757853e-01 4.135600810531251947e-01 4.049348724559572177e-01 4.074793010818333894e-01 4.068307570177351895e-01 4.096102114961431284e-01 4.123265925482305083e-01 3.967154510864542294e-01 3.798461322547182495e-01 3.894403441519324049e-01 3.689320152402847386e-01 3.745868460587075122e-01 3.915236729581726416e-01 3.908086884931744054e-01 3.824375397209238137e-01 3.829675086112350746e-01 3.814812462020787387e-01 4.041983130899219345e-01 3.784372740082850295e-01 3.805888611662631149e-01 3.819769258723041405e-01 3.878235478007253656e-01 3.798884219336445822e-01 3.794465571575750262e-01 3.842546906111856120e-01 3.912943766745930474e-01 3.985138155375634317e-01 3.911124545931466412e-01 3.928756482483503065e-01 4.056302570946502262e-01 4.124857679188782544e-01 4.181173318405617678e-01 4.254827414931867668e-01 4.038795195555509587e-01 4.108224438469867956e-01 4.096686887151392287e-01 4.037479571222851171e-01 3.972720497727151856e-01 3.993811318337011085e-01 3.749526124096085322e-01 3.993842513544177963e-01 3.909659201414417695e-01 4.038150068632497258e-01 3.945551673803527892e-01 4.226251872111400631e-01 3.929448712353594275e-01 4.052979235501744104e-01 4.009844855725320789e-01 4.010152709777513036e-01 3.995452388382471076e-01 3.975107653605968738e-01 4.076038459807901915e-01 4.035327686855939011e-01 3.987216469661534757e-01 4.018769918778694050e-01 3.994475454742082987e-01 3.805372887375395585e-01 3.849781266472068753e-01 3.981677874423090735e-01 3.902818331386254114e-01 3.937442697676170611e-01 4.043663902551946077e-01 3.921325376174123467e-01 3.882685233860517227e-01 3.983868384021321263e-01 3.949243430851941961e-01 4.066182412186358230e-01 3.912741752839781761e-01 3.896272982237622973e-01 3.870614772019778105e-01 3.870742343465510826e-01 3.906075045196549245e-01 3.949225230062701764e-01 3.888658307498455424e-01 3.819790125401166803e-01 3.936255638638510579e-01 3.916265030205856035e-01 3.930585343448099178e-01
1.734871627436692654e-01 1.426488599410885572e-01 3.930713132867475479e-01 1.000000000000000000e+00 3.915752126132162614e-01 3.945945159892441656e-01 6.298846044705954661e-01 6.600849058610309683e-01 5.427883398526019976e-01 4.643475837415071972e-01 5.624733596167681426e-01 6.860768519625609629e-01 5.426210753090617844e-01 4.973726179872031139e-01 6.174708385988268988e-01 6.394481953134344421e-01 5.626623437513417203e-01 5.358726157561976011e-01 5.121801643431784790e-01 5.708605729069049506e-01 6.461035103059290519e-01 6.164868745840188513e-01 5.405811772162504303e-01 4.767681290106579595e-01 4.994718281639298763e-01 5.266850165457198640e-01 6.071819732072165632e-01 5.369427697294568702e-01 4.485497674914342148e-01 4.883068018299335789e-01 5.291011781858775409e-01 5.617949846986999285e-01 5.138048981718976727e-01 5.267965473628208883e-01 4.852861505665929664e-01 5.787387048135903544e-01 5.397651464651285202e-01 5.607844608245786677e-01 5.641471408649962882e-01 5.994815944858862267e-01 5.683257440251247017e-01 5.885995381514671498e-01 6.160292070067289183e-01 6.148717889138255455e-01 5.940715715574006461e-01 5.662488231564505314e-01 5.497451511191406848e-01 5.467293699672941543e-01 5.319738948689936020e-01 5.654995080394733531e-01 5.772076895605704472e-01 6.228703424126217358e-01 5.965059586466999741e-01 5.266053985827175987e-01 5.197592142037351648e-01 5.682312346596756214e-01 5.568789907341367140e-01 5.583580712293241266e-01 5.462151509883098610e-01 5.650700846720591031e-01 5.588931431497721203e-01 5.547025585060083586e-01 5.631370790608610788e-01 5.743283574152538984e-01 5.615014852900038766e-01 5.649495233516431680e-01 5.455562510070672833e-01 5.560331980396339135e-01 5.694182379645348346e-01 6.098799488113122447e-01 6.094317877393490290e-01 5.476428371318310395e-01 5.562374174254783865e-01 5.535343559990640872e-01 5.635926747412519644e-01 5.551341250309512754e-01 5.485613933458775016e-01 5.067504474691416627e-01 5.541434201832473594e-01 5.334695779357329082e-01 5.413490480561219398e-01 5.355336428143532279e-01 5.928329176381117449e-01 5.335257921988828533e-01 5.831605922167097944e-01 5.530420521551707713e-01 5.453771515721029806e-01 5.710292850155527233e-01 5.616369394221548683e-01 5.922722601507688367e-01 5.810740364958844051e-01 5.711316150098836308e-01 5.741737638925809017e-01 5.666473212677186622e-01 5.400159820150719492e-01 5.438759805589067353e-01 5.922903703357660365e-01 5.647998001106082633e-01 5.634139504412742916e-01 5.817718207522155627e-01 5.770369688806330499e-01 5.643711145488710113e-01 5.828551580110959973e-01 5.797437530544194972e-01 5.902823471951791356e-01 5.766914009515627937e-01 5.600762008917694601e-01 5.381269144305251828e-01 5.463728499482867207e-01 5.619463706618694765e-01 5.685144442751800531e-01 5.567985290547247113e-01 5.513542262162023366e-01 5.632242494619317252e-01 5.528460084377430084e-01 5.626203346312570464e-01
7.056348602938918024e-02 1.278367497912229755e-01 2.313732908102507368e-01 3.915752126132162614e-01 1.000000000000000000e+00 3.152420929418898177e-01 4.808135660208534001e-01 5.035508177517080686e-01 4.523092515638543198e-01 4.141124155674708596e-01 4.896250673089302397e-01 5.282831875269438093e-01 4.870094664987668076e-01 4.681820052590072723e-01 5.239618136854683472e-01 5.347667704623164653e-01 4.747494290221936364e-01 4.026932011070665784e-01 4.370558796686299097e-01 3.511251693296894572e-01 4.508738922322374498e-01 4.510423454766046003e-01 4.449849712089035680e-01 4.160125627168181350e-01 4.271138823255549721e-01 4.704432621664584313e-01 5.014411924018107314e-01 4.778524650100028914e-01 4.411695622794988281e-01 4.626269126287662070e-01 4.908995191729689789e-01 4.914883558104621297e-01 4.646911782448084893e-01 4.784409930507154685e-01 4.557138838019569316e-01 4.867984382377162911e-01 4.965438995393189336e-01 5.074680071244102031e-01 5.088007763589971200e-01 5.034126938707269572e-01 5.114472864967429810e-01 5.194791852489734074e-01 5.155731002752714787e-01 5.200326695682209177e-01 5.107279496120878948e-01 5.147458311134679443e-01 5.125540013493400382e-01 5.051227820064100316e-01 4.944581183704229721e-01 4.936791115791537288e-01 5.130126814977726823e-01 5.044929506032117539e-01 5.040902020007966833e-01 4.979682589205938203e-01 4.921804344457761937e-01 5.033384756608765276e-01 4.903573755735125550e-01 5.153999001063767071e-01 5.050041223155811165e-01 5.075714721078904423e-01 5.072426059972180434e-01 5.051468904519930136e-01 5.046683333412109729e-01 5.049084802331342825e-01 5.074251833976310966e-01 4.984306741664802920e-01 5.052104584497241202e-01 5.056579385178057162e-01 5.143919248411337186e-01 5.071184210677309734e-01 5.111079044977896446e-01 5.020760491707702000e-01 5.017718191904848579e-01 4.971237518022392776e-01 5.143236583018260255e-01 5.117913878260925697e-01 5.080965892704057962e-01 4.855121325128223253e-01 5.089920562531452530e-01 5.019368118763786191e-01 5.065497168088743951e-01 5.019750844512105292e-01 5.177434131293233710e-01 5.044251716551138021e-01 5.104091483945362162e-01 5.053582179935514063e-01 5.058431041309890963e-01 5.142185457893656553e-01 5.140548846071761879e-01 5.134009999415773962e-01 5.165200481149828660e-01 5.178312618470862772e-01 5.135115372648330068e-01 5.158095199772779749e-01 5.028475222621032747e-01 5.055049803994955404e-01 5.067249676461657026e-01 4.992039697861344050e-01 5.068489604715394892e-01 5.150622980548058560e-01 5.143226946567880375e-01 5.059868010542468708e-01 5.143629256077971723e-01 5.154640092976375820e-01 5.143224551844359782e-01 5.015631936901751020e-01 5.081766248001517994e-01 5.066489928896813488e-01 5.051614153326321466e-01 5.122684424553497484e-01 5.120920254523353421e-01 5.070186122103169657e-01 5.034269049928289386e-01 5.067094741358890708e-01 5.062949635620125344e-01 5.039848496965244617e-01
9.120641401364487644e-02 1.182574074918487789e-01 2.680701359131330563e-01 3.945945159892441656e-01 3.152420929418898177e-01 1.000000000000000000e+00 5.427276926098585363e-01 4.953259226399595594e-01 5.383397188696009694e-01 4.969818181903968846e-01 5.558598700620064337e-01 5.802573600881562044e-01 5.399206891558976373e-01 5.078422438063845412e-01 5.841422911107361227e-01 5.752587043301577996e-01 5.352807637142236175e-01 4.780374863195402946e-01 5.166636015393395454e-01 3.535999375782666321e-01 5.125566529857720210e-01 5.254318745559759529e-01 5.313086507200687203e-01 4.888717374946789374e-01 5.222263335467085543e-01 5.663024833277486847e-01 5.856415934759967579e-01 5.693024369699373199e-01 5.501297510640662525e-01 5.499185765018554939e-01 5.726628068391207416e-01 5.749708368077284248e-01 5.419369583194422191e-01 5.565552658272219233e-01 5.400564280958022323e-01 5.384954045497364339e-01 5.644409764969666732e-01 5.727999138391449696e-01 5.743025917997939267e-01 5.731023518226722180e-01 5.859812172900110694e-01 5.835811557832778496e-01 5.801185618262050259e-01 5.989356028802103049e-01 5.771531995314734820e-01 5.949944472610229074e-01 5.796790014753747666e-01 5.808018332407747231e-01 5.682933843330066903e-01 5.686101044261255844e-01 5.838453131963997622e-01 5.677788618181748292e-01 5.830370117139384023e-01 5.828158473703751730e-01 5.811173109158559447e-01 5.915774043081716282e-01 5.749157738601695655e-01 5.790034629810602018e-01 5.827834110794711808e-01 5.796751011784858632e-01 5.814176984665438974e-01 5.815299797371125123e-01 5.832658523875330348e-01 5.774398444934581986e-01 5.709933115716274710e-01 5.703986969082367464e-01 5.756639114734194429e-01 5.835865951963881137e-01 5.846939812873224174e-01 5.697763059701272947e-01 5.849506874509748933e-01 5.805117390770662134e-01 5.760481729383631899e-01 5.750102120878010092e-01 5.909439809427395884e-01 5.857675118565682792e-01 5.868709027193916850e-01 5.773320656702263243e-01 5.861225231791485912e-01 5.804270223304457410e-01 5.819715628169236377e-01 5.805975287602221924e-01 5.876071413578742852e-01 5.785504684445132995e-01 5.794828084907452936e-01 5.772908912718358598e-01 5.746037272097981319e-01 5.834105817616320744e-01 5.828324268421505305e-01 5.845490183042542087e-01 5.845700193971891112e-01 5.858138119224913787e-01 5.851662531324374195e-01 5.885808221703963117e-01 5.746984823592382607e-01 5.781681943386077771e-01 5.791853342622966805e-01 5.700322189744866375e-01 5.804341176943665914e-01 5.797658582588661735e-01 5.812557062735662639e-01 5.804899658125424189e-01 5.861093804360424375e-01 5.868582032350022626e-01 5.828336464158087038e-01 5.770703368704281910e-01 5.784284169966079636e-01 5.788290744961211987e-01 5.848439918890283584e-01 5.844316276799393917e-01 5.840159696675575329e-01 5.776648075523392878e-01 5.769691931694151954e-01 5.751081004992935064e-01 5.754392962266389189e-01 5.754160924587833348e-01
2.071653390914953430e-01 2.427807090407421708e-01 4.069435458694756758e-01 6.298846044705954661e-01 4.808135660208534001e-01 5.427276926098585363e-01 1.000000000000000000e+00 7.937934549642002846e-01 7.297221415415856560e-01 6.594359447672037966e-01 7.449698339529706725e-01 8.131451573129717669e-01 7.018240792891347057e-01 6.831659842316011311e-01 8.145915652517452532e-01 8.073119777968125188e-01 7.328511524710052960e-01 7.161738491195929202e-01 7.346069910445133244e-01 5.443058420642721273e-01 7.381232756346541857e-01 7.503622173648681892e-01 7.616139340825540671e-01 6.802376160908303326e-01 7.349547181549596075e-01 7.690912987666469469e-01 8.101180867167602218e-01 7.982037158938325438e-01 7.260952334741558323e-01 7.396861621152681643e-01 7.627531994377677593e-01 7.879907496617847285e-01 7.584759709741047962e-01 7.587299607775190857e-01 7.254720555666034354e-01 7.489724358091528478e-01 7.574483757109392590e-01 7.962968656978417492e-01 7.881795625955863027e-01 8.014370002578418140e-01 7.784183497108299044e-01 7.959442223033470487e-01 8.067078249091483855e-01 8.181780614716229749e-01 7.843935214860298100e-01 8.060562250536927875e-01 7.535869493850795298e-01 7.550274427597545301e-01 7.306883642800084955e-01 7.561607830762261395e-01 7.845963076310868978e-01 7.496337573987038594e-01 7.507059011510118784e-01 7.433153673379068183e-01 7.465838434159883796e-01 7.792985320107468361e-01 7.409369395126060853e-01 7.544423031304700045e-01 7.533867307260974089e-01 7.515023139746568326e-01 7.558742594208014420e-01 7.474359753091741609e-01 7.594363125877223730e-01 7.661984956360379240e-01 7.520074469252475691e-01 7.373001964951901854e-01 7.539157225645259919e-01 7.745340739439671163e-01 7.823647399912802003e-01 7.618757791048533790e-01 7.775123484811000685e-01 7.656426591336868981e-01 7.734321433168688253e-01 7.707985184632307751e-01 7.796778810270837967e-01 7.728919063705861348e-01 7.927845253536812686e-01 7.420779905828608358e-01 7.847742828031966100e-01 7.595298856217246319e-01 7.719914711877849944e-01 7.543134039638554889e-01 7.947903590193987622e-01 7.639767946557937117e-01 7.799701151632834062e-01 7.698603994301745912e-01 7.557970955762581822e-01 7.835615504339060733e-01 7.763569573799898871e-01 7.813220478041849049e-01 7.918101050421861853e-01 7.801476146745800477e-01 7.744854807617553849e-01 7.821161652294584821e-01 7.410802321281444449e-01 7.464746934458132976e-01 7.674218582207237294e-01 7.435913746860091100e-01 7.616487648623625484e-01 7.758285889441722816e-01 7.683190250732450099e-01 7.523073182420123572e-01 7.606640005317533149e-01 7.691656890301525884e-01 7.680972095292479818e-01 7.479968995924992647e-01 7.531159553593688161e-01 7.515325124639331555e-01 7.582666653315197625e-01 7.602309835493795687e-01 7.638634845720465583e-01 7.471885367475425976e-01 7.415706555994391325e-01 7.526827504544214564e-01 7.520595055262095929e-01 7.424783510326852243e-01
2.418072483898850711e-01 2.449551003739496580e-01 4.103169771593198623e-01 6.600849058610309683e-01 5.035508177517080686e-01 4.953259226399595594e-01 7.937934549642002846e-01 1.000000000000000000e+00 7.261240110274513881e-01 6.360630339594456339e-01 7.244987374790192725e-01 8.083975633653568416e-01 7.018115925296630753e-01 6.546261470762976264e-01 7.825050379383092780e-01 8.178114415880793908e-01 7.356795561577175180e-01 6.924880007922682434e-01 6.986482422925476277e-01 5.774852511988289860e-01 7.436162551336022997e-01 7.480498328295175359e-01 7.363386660873743050e-01 6.549587925748113770e-01 6.934297149641630575e-01 7.559362085978447166e-01 7.959247577254886519e-01 7.518635022556513503e-01 6.839248009294593977e-01 7.116686909531133587e-01 7.443179557504941979e-01 7.644404571682094085e-01 7.154269774662689318e-01 7.307944932883148059e-01 7.006757492407441612e-01 7.143203888100043697e-01 7.181572342141872012e-01 7.673877031042318775e-01 7.518664181279206549e-01 7.659105489724338245e-01 7.446528298055347106e-01 7.640970934356143829e-01 7.810304614818047719e-01 7.920637266827860179e-01 7.523465348919216034e-01 7.654088376732719468e-01 7.221906330410923225e-01 7.259500024176865907e-01 7.038597632028047446e-01 7.413170317099284645e-01 7.636069489806227573e-01 7.347395907253951863e-01 7.381588402565989471e-01 7.177357815144923547e-01 7.250116628914891059e-01 7.555255982930226821e-01 7.378972346838880148e-01 7.313641595429729581e-01 7.384994129916014893e-01 7.343878448359560940e-01 7.363462253228507670e-01 7.344659671730809913e-01 7.502572334725493564e-01 7.511029973591636377e-01 7.355445691970519118e-01 7.270587999047266603e-01 7.241513097006588850e-01 7.415786993815371986e-01 7.586550746804160417e-01 7.500838538016149082e-01 7.554823504019860803e-01 7.339866380887943853e-01 7.435044558970579365e-01 7.332237610212687384e-01 7.533653974629428429e-01 7.421669601424293328e-01 7.498189484443149588e-01 7.054918102608743746e-01 7.465787899460912813e-01 7.302658687206079469e-01 7.390493898712111598e-01 7.236364609600000053e-01 7.678110245105994602e-01 7.341162305699927559e-01 7.578257624657929181e-01 7.374023448561720651e-01 7.186432617975981874e-01 7.515338355909441104e-01 7.381047263686418836e-01 7.577887550281066087e-01 7.513100008340261038e-01 7.470116909774342506e-01 7.414344468780084130e-01 7.433195459240493630e-01 7.083633951005481322e-01 7.142706946864278983e-01 7.501723258269155092e-01 7.331686289865122497e-01 7.389114535775045400e-01 7.493317573189638425e-01 7.378871417317633963e-01 7.314541007503863046e-01 7.389583591004550422e-01 7.450405248698708238e-01 7.447081567966898907e-01 7.339650860579374214e-01 7.312061438398567148e-01 7.196123911014903340e-01 7.306909872792093363e-01 7.346809188317974249e-01 7.405092074562501514e-01 7.229568781284453349e-01 7.178927053632105926e-01 7.286685613145278406e-01 7.261257415769942769e-01 7.248343779913244411e-01
2.281504691766508830e-01 2.159790734140067670e-01 4.075669683091281414e-01 5.427883398526019976e-01 4.523092515638543198e-01 5.383397188696009694e-01 7.297221415415856560e-01 7.261240110274513881e-01 1.000000000000000000e+00 7.608705641042350365e-01 8.066426033117061190e-01 8.329249322149074874e-01 7.614811752854269145e-01 7.603072907117937040e-01 8.427390774048114652e-01 8.462987470042784288e-01 8.312303086333920898e-01 7.014940225998056444e-01 7.496401952262480295e-01 5.604731805372744624e-01 7.330212427158122601e-01 7.509126563901115103e-01 7.517124944968416322e-01 7.071633643141467251e-01 7.569053338988191992e-01 8.340787159670631778e-01 8.430970434880199482e-01 8.219462462038239492e-01 8.298162067659867747e-01 8.419045459514947760e-01 8.664623413494324522e-01 8.485223692757197789e-01 7.923196400097065606e-01 8.248868606298744854e-01 8.281148744897699476e-01 7.682443714622479991e-01 8.287162218970807182e-01 8.415992482735272784e-01 8.489314977935060735e-01 8.109155767540465742e-01 8.534409016220343425e-01 8.494580926454387004e-01 8.297879577317475164e-01 8.650740262136470404e-01 8.450115037357195380e-01 8.549598708055192731e-01 8.585304975819706419e-01 8.677840617265630829e-01 8.483262626747199997e-01 8.300878465484389235e-01 8.601759228666955304e-01 8.126234380097867582e-01 8.476022664014991603e-01 8.728948073126601148e-01 8.711688591436306250e-01 8.706777376640675303e-01 8.624790896455210021e-01 8.613461935955013526e-01 8.663045514394440705e-01 8.733298947169386706e-01 8.639421211089082231e-01 8.699520094665768033e-01 8.686460184809171592e-01 8.680538572168108313e-01 8.820885130534050766e-01 8.717528013199604686e-01 8.723310016905638786e-01 8.665305256313380333e-01 8.683596851950814433e-01 8.489569434639542278e-01 8.519969386251123877e-01 8.671678827209557960e-01 8.575165553150497777e-01 8.448872541561498473e-01 8.717798107219109083e-01 8.689503450946697294e-01 8.650845500056694171e-01 8.643521186116199795e-01 8.649523242559559177e-01 8.711780870494398865e-01 8.710744759000427218e-01 8.682895505793762903e-01 8.776794612187512890e-01 8.697151465052175290e-01 8.576757957198833937e-01 8.605709422350193982e-01 8.490860577597386660e-01 8.636032423838405636e-01 8.590621142262899745e-01 8.671931992107502207e-01 8.504130723580948237e-01 8.621992577299204541e-01 8.574648837684550884e-01 8.600462922929077436e-01 8.569325211142987397e-01 8.615401875204777848e-01 8.488574101832091490e-01 8.713995978557258493e-01 8.681744091560857912e-01 8.607128878157963570e-01 8.527206948085941374e-01 8.624162441264168200e-01 8.649194732590793633e-01 8.658180059512935456e-01 8.655948190917391871e-01 8.672239774081705876e-01 8.698107531926646541e-01 8.654948047267636557e-01 8.731445442338802154e-01 8.688296737893195232e-01 8.683954188991069856e-01 8.687517066813015276e-01 8.650617190732622364e-01 8.672830571864229565e-01 8.729176688636794967e-01 8.709727770607624819e-01
8.118302731740498213e-02 1.977599796913200314e-01 3.342806350799449322e-01 4.643475837415071972e-01 4.141124155674708596e-01 4.969818181903968846e-01 6.594359447672037966e-01 6.360630339594456339e-01 7.608705641042350365e-01 1.000000000000000000e+00 7.523427819064107958e-01 7.659013481277539004e-01 7.175412678111521281e-01 7.246768725996880489e-01 7.990746708967227940e-01 7.839150380320558664e-01 7.404913953945923000e-01 6.352142624212053779e-01 7.026689722624480661e-01 5.078759288900362989e-01 6.532826280952911402e-01 6.758344853137228103e-01 6.899080294116416434e-01 6.683511922799626470e-01 7.064719074623660999e-01 7.737949900401330794e-01 7.793495206284836163e-01 7.737407464456644846e-01 7.824054300065960144e-01 7.987185360779380794e-01 8.186277587271474365e-01 7.990519176964213655e-01 7.586807699792553761e-01 7.841472889468693586e-01 7.894394689445162205e-01 7.474025481528419057e-01 7.928530917521900978e-01 7.991226101874939758e-01 8.146773588321540860e-01 7.809887583075761919e-01 8.192898981282390469e-01 8.146836213690142880e-01 7.848372840129376193e-01 8.112213024438411635e-01 8.077852395473782421e-01 8.125578998133095032e-01 8.183389358183826845e-01 8.259672542123048800e-01 8.150596295265848390e-01 7.845679151695634790e-01 8.143760176876768675e-01 7.657992738173529101e-01 7.967217231986383208e-01 8.217755169364369117e-01 8.148245160197794545e-01 8.174350614348797617e-01 7.953787496459554518e-01 8.177727467854488674e-01 8.204795658940834402e-01 8.171800930839664412e-01 8.160769359527133560e-01 8.156395534480962439e-01 8.073194610497348433e-01 8.179405304602450633e-01 8.111472094125259380e-01 8.057505225590370079e-01 8.279859709064641970e-01 8.248150512941538892e-01 8.220641863470817823e-01 8.034710587591215036e-01 8.042312701416822751e-01 8.244126505574878028e-01 8.112223339771933439e-01 8.079541488751856848e-01 8.275375932154855896e-01 8.294576528080561673e-01 8.230523527204699485e-01 8.236380613669497253e-01 8.252032045275371486e-01 8.311034199317171023e-01 8.260762932017859939e-01 8.298183992346700455e-01 8.273348638497326490e-01 8.287565421991393011e-01 8.189491076763342203e-01 8.211308443725207074e-01 8.201411881303704021e-01 8.284081843697829184e-01 8.265175942892507566e-01 8.220455153416768024e-01 8.175367576852862195e-01 8.262401118754058027e-01 8.230388018249463755e-01 8.264015573234169132e-01 8.227066065965151775e-01 8.257036393256816931e-01 8.109965331294741731e-01 8.127098855298848790e-01 8.263586114098298019e-01 8.259231991463115152e-01 8.184751963667091790e-01 8.202674808807827178e-01 8.203776519148334723e-01 8.248401215577022549e-01 8.215593806646475095e-01 8.093995498794679389e-01 8.259194219506805767e-01 8.264425673088157120e-01 8.267213918013046614e-01 8.264078834632564430e-01 8.257878246393167698e-01 8.224095870712025969e-01 8.217168814361485163e-01 8.258715030075902686e-01 8.229471647477945018e-01 8.200598928661489984e-01
8.234336193006903948e-02 1.831470908116065721e-01 3.915810792810141550e-01 5.624733596167681426e-01 4.896250673089302397e-01 5.558598700620064337e-01 7.449698339529706725e-01 7.244987374790192725e-01 8.066426033117061190e-01 7.523427819064107958e-01 1.000000000000000000e+00 8.696470822942280465e-01 7.887819459960585533e-01 7.887945076426691182e-01 8.826455322998758568e-01 8.668758199576676038e-01 8.100015171521870450e-01 6.977586993320760156e-01 7.570623746902069851e-01 5.801200127850989485e-01 7.531763829709959834e-01 7.716734204418091991e-01 7.561748746495022822e-01 7.255978909085908368e-01 7.648111770224343964e-01 8.314548584413999910e-01 8.544099066494270645e-01 8.393215489037201271e-01 8.232521953535336667e-01 8.478562383379164569e-01 8.878402316345244127e-01 8.677039212796826551e-01 8.277776422165991077e-01 8.483511355841391044e-01 8.364105804092499818e-01 8.316950775139209107e-01 8.729525005262714910e-01 8.737041308138689955e-01 8.879388248313659915e-01 8.672109374754637390e-01 8.940069845880398436e-01 8.902002264557521416e-01 8.747450266504877003e-01 8.990967475283846433e-01 8.883149796380210850e-01 8.864682720594154741e-01 8.920564677112025054e-01 8.961974676029093034e-01 8.847867874676109690e-01 8.719703333029096282e-01 8.956881845268348519e-01 8.605993983030095773e-01 8.808621708580901544e-01 8.824547995048378501e-01 8.764882971616601015e-01 8.896938858511812542e-01 8.651277144945823672e-01 8.891051383428177912e-01 8.877217118483740066e-01 8.848704198312644653e-01 8.919193177201075740e-01 8.832075791108291440e-01 8.826257864506218409e-01 8.943842771807135605e-01 8.841574702726664459e-01 8.747105519812394814e-01 8.963776642843770404e-01 8.934641375154697140e-01 8.966127686827308763e-01 8.843213955715447661e-01 8.931153215752007934e-01 8.959525957657554773e-01 8.808696945199705475e-01 8.810196175406713737e-01 9.008638120853720288e-01 8.997216718739967645e-01 8.936257189013715463e-01 8.858499272852934370e-01 8.946105271109362489e-01 8.974338979914403547e-01 8.955065979873590987e-01 8.976627471577196538e-01 9.005022298299967254e-01 8.928397599142586794e-01 8.964343859834803530e-01 8.939481479844120226e-01 8.912259531163072568e-01 9.023569789034254773e-01 8.995111914156116439e-01 8.988450668365275398e-01 9.000314175226933333e-01 9.032370174232934312e-01 9.000454680721209355e-01 9.001111397309987661e-01 8.928165814516851873e-01 8.953272513378762731e-01 8.941415913122184866e-01 8.832711243436821569e-01 8.990415294875400143e-01 9.030081880227741609e-01 8.972522441946533256e-01 8.955300468570265293e-01 8.979092654611494639e-01 9.016626058212461325e-01 8.996755745113772518e-01 8.807385530662878992e-01 8.964216883764034582e-01 8.954004406270312799e-01 8.958687681038197681e-01 8.986760568770655322e-01 8.988404049643263782e-01 8.929356574956801573e-01 8.907881120832180644e-01 8.950918421229604460e-01 8.937723251985489892e-01 8.879543080305576375e-01
1.268691274001651215e-01 1.899899962618548377e-01 4.352507535273320016e-01 6.860768519625609629e-01 5.282831875269438093e-01 5.802573600881562044e-01 8.131451573129717669e-01 8.083975633653568416e-01 8.329249322149074874e-01 7.659013481277539004e-01 8.696470822942280465e-01 1.000000000000000000e+00 8.238035689088170077e-01 8.048482772651909256e-01 9.151414827800473661e-01 9.190738307462137380e-01 8.404469052826775144e-01 7.275445150519392890e-01 7.707418371662385637e-01 6.682358382895622340e-01 8.121165949534207007e-01 8.280673990702200893e-01 7.788916068823578120e-01 7.285114160173375986e-01 7.696068129444451067e-01 8.450188559467356475e-01 8.968677975101558841e-01 8.531350579891131547e-01 8.108705619044745960e-01 8.382746549477829712e-01 8.861321528242274148e-01 8.822836051396879542e-01 8.342023088473636827e-01 8.561961024495495787e-01 8.356649138028720003e-01 8.555543168465440385e-01 8.781292593979220795e-01 8.919591586192791022e-01 9.015542470847888179e-01 8.933693107628040142e-01 9.077231807912079509e-01 9.144423977273536952e-01 9.159839401887871491e-01 9.339564829209263674e-01 9.092788020330979659e-01 9.040719060600505008e-01 9.029972599217248597e-01 9.054924104334266532e-01 8.906399708437435780e-01 8.964474937769756346e-01 9.187723187626685162e-01 9.061373794161867723e-01 9.109673579258112941e-01 8.888648493391968497e-01 8.847280672806667745e-01 9.064894757072092801e-01 8.916547527718091670e-01 9.055564061408132304e-01 9.032023850696474510e-01 9.069126889256174939e-01 9.105791240051592794e-01 9.030545798546552039e-01 9.078985438408935238e-01 9.156685116493001875e-01 9.018085180464950890e-01 9.015955328557272441e-01 9.025224756805174664e-01 9.028701149571051188e-01 9.101964283567282044e-01 9.215835140638659606e-01 9.215256718111496381e-01 9.014403858202024722e-01 8.925857896486045773e-01 8.877030458040910954e-01 9.128926929367691123e-01 9.098003311854320208e-01 9.032387032628348411e-01 8.802101378739153326e-01 9.034229760173380086e-01 9.004740775534944008e-01 9.013236032921974061e-01 8.993934224195165861e-01 9.204440707968161162e-01 8.982769290715384436e-01 9.160471373155307795e-01 9.021384853291456452e-01 8.993787774490513698e-01 9.157828376000640702e-01 9.116599292449284464e-01 9.178810061250521901e-01 9.151074179728646563e-01 9.178566749642889100e-01 9.151300399387856110e-01 9.145391090188711436e-01 8.999684683152998632e-01 9.024765209676555155e-01 9.147370866703603554e-01 9.041394100435774517e-01 9.130601540969678354e-01 9.193326702089191782e-01 9.166093911006464312e-01 9.121118725433088326e-01 9.183303749519068360e-01 9.212546020623796350e-01 9.217628384221254745e-01 9.037633204728660052e-01 9.100352706619446730e-01 9.002902887580844782e-01 9.046906480251191152e-01 9.130724903541985737e-01 9.137520111298126357e-01 9.065260984299159386e-01 9.020217649015062067e-01 9.109890347557260126e-01 9.052783634921063305e-01 9.071843353059168003e-01
8.115759596217057836e-02 1.504037522930122828e-01 3.632532983624818246e-01 5.426210753090617844e-01 4.870094664987668076e-01 5.399206891558976373e-01 7.018240792891347057e-01 7.018115925296630753e-01 7.614811752854269145e-01 7.175412678111521281e-01 7.887819459960585533e-01 8.238035689088170077e-01 1.000000000000000000e+00 7.538472754228576767e-01 8.471577095971704052e-01 8.428172925353124567e-01 7.570241075326499258e-01 6.274914173595474987e-01 6.796628765842169795e-01 5.708830520132766040e-01 6.891798739977892385e-01 7.167900486704917862e-01 6.811570005380223058e-01 6.502274317266231174e-01 6.971722331348485513e-01 7.730174627700138190e-01 8.010915507188863804e-01 7.776788170163516645e-01 7.637260682246328480e-01 7.873022794949098291e-01 8.232825298877038955e-01 8.067067167465395983e-01 7.631410863272882761e-01 7.821465304265698970e-01 7.851668436367152948e-01 7.654616122288574465e-01 8.156972050913093852e-01 8.137598076807911474e-01 8.278406353295942877e-01 8.066299398897859296e-01 8.480765492022813712e-01 8.418195782946122918e-01 8.298274462197263723e-01 8.505877048714794997e-01 8.344975408686492457e-01 8.360672057875336849e-01 8.547621202274741092e-01 8.561758941385201327e-01 8.440838256903405723e-01 8.179791120470260024e-01 8.450663228265619109e-01 8.182539247548779038e-01 8.482310323138751995e-01 8.469434919704119658e-01 8.377276122508562350e-01 8.416515062686678039e-01 8.358308562976155542e-01 8.572573079308800637e-01 8.495058771010609577e-01 8.590734726035659241e-01 8.539193017183593915e-01 8.548702407789049440e-01 8.453628148275470489e-01 8.541559345509357470e-01 8.438516388667994805e-01 8.479685988408922626e-01 8.543750972187115211e-01 8.420288567952528558e-01 8.467835048914790219e-01 8.475933050486409437e-01 8.421925550863949006e-01 8.466303681587233898e-01 8.250038154906923493e-01 8.228680538248124288e-01 8.543661084505305148e-01 8.540435076971956141e-01 8.460600133992745020e-01 8.367084222884836331e-01 8.436554999083972772e-01 8.511030003144873790e-01 8.447898539626310654e-01 8.493123439385426021e-01 8.494616519834591317e-01 8.456909970326377257e-01 8.445996540195013225e-01 8.392205583542237113e-01 8.413544331650167907e-01 8.530096497470137651e-01 8.505285333443615148e-01 8.560397069351470822e-01 8.481571954897657584e-01 8.586190392034870333e-01 8.527756859819062285e-01 8.531294855434901070e-01 8.549983908052350978e-01 8.566115259972780782e-01 8.529807273600354955e-01 8.507234407774286744e-01 8.573124678460563031e-01 8.577830311272335306e-01 8.568188644138067245e-01 8.572584966663607808e-01 8.594175945838617992e-01 8.646721270509849511e-01 8.575966581120170185e-01 8.570912250299164148e-01 8.613291899440803645e-01 8.547546224166944207e-01 8.577209101903284783e-01 8.609904484185371132e-01 8.613753435225688371e-01 8.614228405517334597e-01 8.591499713210437594e-01 8.579207958360040021e-01 8.529230194265451370e-01 8.586175295751762304e-01
