1.000000000000000000e+00 8.348063320508840313e-02 4.345275726371980451e-02 4.486644958299233765e-02 1.356848172354600986e-02 3.324432749640453266e-02 2.346083065525336395e-02 1.267126372956177589e-02 1.123527830121901216e-01 2.655940605180083514e-02 8.026927876928220684e-03 2.978714406500043016e-02 -4.013725849668203088e-03 -1.129679693010152836e-02 2.128027498925427752e-02 -8.584778326797382064e-03 6.380504870807590656e-02 1.938047468022178988e-03 1.795938712826428141e-02 6.145239534194189140e-02 2.822682674877735956e-02 3.705957781557447234e-02 5.727959209800995849e-02 7.677388571277205497e-03 3.158625247608701225e-02 4.476901354124183247e-02 4.459617223157003735e-02 4.409895717483101191e-02 9.150313415544149287e-02 7.396567179808706538e-02 5.632087806647690514e-02 1.074212894169240470e-02 1.418307445619194224e-02 5.599983889155553222e-03 3.614200618494457784e-02 2.258395153467529157e-02 2.952324278068027205e-02 -2.641182832824360855e-03 1.012608316974742718e-02 -2.269233404856205519e-02 9.497208061549388888e-03 1.187812108162200446e-03 -2.641916030989226172e-02 1.418081772676586458e-02 7.045442032429891088e-03 1.239994139083220800e-02 1.285611026937747044e-02 1.570492151879630469e-02 8.105775042440605677e-03 5.626177068295945723e-03 4.576548282433454823e-03 1.539678123938184422e-02 3.090458589592444058e-02 3.022086032684973000e-02 8.514401639329025051e-03 1.462463316835412551e-02 4.108665817772805262e-02 -5.637879509635732207e-03 -1.084459314214543911e-02 3.843923167935027474e-02 8.046175540532369760e-03 2.024283607677285560e-02 5.022555615806763817e-03 3.476403461662233574e-02 6.497455255995390755e-02 5.750262445535036376e-02 1.927017810883897495e-02 1.291310365685394666e-02 1.494449831737824572e-02 1.653940069509114361e-02 6.155886318441480820e-03 1.610766993012798312e-02 3.083600751122380149e-03 1.462747652908252295e-02 1.710610965245302345e-02 2.470706247001223932e-02 2.218657089311368638e-02 3.484683956996435100e-02 2.664177221226676773e-02 2.726422538807735108e-02 2.171300612862813242e-02 2.306899773158382211e-02 1.963931882890004865e-02 1.139397942706783795e-02 2.570940183684750427e-03 5.086205579108223941e-03 1.412205119135527369e-02 2.235354519174346036e-03 1.443180685632871512e-03 7.231246438119812332e-03 -4.370468862887087920e-03 -2.305874769340183865e-03 2.738771038740534305e-03 -6.768302952237278524e-04 -5.308739727053800664e-04 6.916674103674956900e-03 1.038676238674631803e-03 3.629298020647984263e-02 1.228873942968879531e-03 1.161854856575246508e-02 -1.286868805931041214e-02 3.593459935845338959e-03 1.391083691091432074e-02 1.018037302365048212e-03 1.806731833666430295e-02 1.787521605085187412e-02 1.361889288318147116e-02 8.991292262213715705e-03 6.166186519006431298e-03 6.113054061202137686e-03 -7.656173556655156490e-03 1.756243769527704446e-02 4.193517972007833501e-03 2.548474616746533236e-02 3.232310026719081852e-02 2.977225336913352782e-02
8.348063320508840313e-02 1.000000000000000000e+00 6.736671545739579547e-02 8.670950051478695797e-02 5.486356503769165838e-02 9.321605956812287208e-02 1.515699850914543345e-01 9.846891511961818055e-02 1.602696730990933460e-01 1.569767101654974129e-01 1.206332134826458152e-01 1.269848974467309433e-01 1.291942218185229696e-01 7.438696260713172081e-02 1.507282865215072154e-01 1.405114028527035819e-01 1.504807182478128114e-01 1.201084213154223757e-01 1.294685009317574631e-01 1.445937582633044782e-01 9.056287707080053206e-02 1.286589044446696528e-01 1.527596048602061496e-01 1.238123254955936364e-01 1.149013953754389750e-01 1.518764568126192704e-01 1.440923503972282582e-01 1.529724251200253182e-01 1.568056757607257934e-01 1.587900194479519855e-01 1.535086851858749879e-01 1.577865380000738060e-01 1.424873360141742651e-01 1.347814126293323811e-01 1.372496676287029149e-01 1.328561812009226017e-01 1.406349420463394173e-01 1.478293564804697979e-01 1.499725740582290301e-01 1.528742483104444938e-01 1.532494729810786327e-01 1.470869703684893059e-01 1.210161196978755821e-01 1.477472570916064654e-01 1.520954671024657978e-01 1.556865370125046777e-01 1.468999256063742154e-01 1.545978565174642438e-01 1.415584822534842191e-01 1.166803740116441057e-01 1.428493872941792309e-01 1.075729822761225668e-01 1.303162889533126534e-01 1.587077926239193748e-01 1.476202745546637551e-01 1.571895920739968255e-01 1.386674357329633622e-01 1.418243943378129646e-01 1.428405964361373348e-01 1.543777101471989488e-01 1.286261709525619301e-01 1.506930038374478253e-01 1.279887543459149457e-01 1.399379550897298374e-01 1.535886257504648633e-01 1.475936736926239945e-01 1.447680266459053511e-01 1.455354028745511064e-01 1.591626172154441687e-01 1.550712625675617906e-01 1.378604814384757349e-01 1.426899641947662889e-01 1.463051991086533332e-01 1.394549887378562503e-01 1.538724762228704523e-01 1.497312048716847588e-01 1.516320652202844677e-01 1.556538149371543001e-01 1.519811515264165025e-01 1.575683336708541271e-01 1.588411016621912586e-01 1.496086001215621852e-01 1.484786907287903857e-01 1.522243663522781232e-01 1.301525948059805149e-01 1.445171713083690246e-01 1.533455943843817504e-01 1.478070615096653273e-01 1.485136230434383753e-01 1.567226539701242760e-01 1.538960699348061179e-01 1.469488266967877155e-01 1.487270700843276172e-01 1.489787456750066297e-01 1.426273016931295379e-01 1.495163069652166721e-01 1.229863064388198729e-01 1.179165434507298132e-01 1.306835895388884228e-01 1.397085233050748276e-01 1.334556536593910769e-01 1.310721569201683812e-01 1.418102383635251318e-01 1.369480786258837346e-01 1.363751806709857517e-01 1.413720458883824249e-01 1.422912549251159620e-01 1.506823566394397129e-01 1.518922521855489982e-01 1.444134493883095782e-01 1.452678639868064392e-01 1.495512001360488896e-01 1.426175541692613069e-01 1.382393186601487689e-01 1.467866114365595498e-01 1.459562934181965199e-01
4.345275726371980451e-02 6.736671545739579547e-02 1.000000000000000000e+00 2.726084901362923474e-01 1.371278627189990440e-01 1.683273484480286575e-01 2.488339547386375639e-01 2.094442206826034325e-01 2.720451888264463491e-01 2.213388577924326472e-01 2.791078543139638990e-01 2.986411872421673164e-01 2.560792072603852998e-01 1.976959797742581237e-01 2.787983586249823120e-01 2.888913995377929145e-01 2.663508043785835500e-01 2.954960684206945354e-01 2.969152938770474592e-01 3.014917878610833268e-01 3.130154488357881348e-01 3.179162868061654046e-01 3.328463713633266763e-01 3.014577571904401565e-01 3.138043019368066955e-01 3.342343506910245843e-01 3.138771901643980788e-01 3.233762654892534671e-01 3.425859943735034552e-01 3.347260830766717876e-01 3.245126058444501860e-01 3.107572832526729889e-01 2.970274229238826225e-01 3.043407940985710658e-01 2.896774721879333825e-01 2.976980165099793463e-01 3.042899840798010680e-01 3.081436951836762361e-01 2.991984453688175116e-01 2.947742988226969563e-01 2.961343867496399329e-01 2.906411975441516859e-01 2.882211071172514072e-01 3.002498392813697792e-01 2.967675398285701260e-01 2.998815432373952983e-01 2.786294609418921708e-01 2.881287692245615428e-01 2.930319079789440728e-01 3.049347927277782366e-01 2.978507593457362379e-01 3.026187313706761306e-01 2.942882361835730820e-01 2.899517914926293405e-01 3.082341532046988797e-01 3.034917073921065134e-01 3.063183492008135778e-01 2.837483751191524628e-01 2.887340913859493541e-01 2.798977194994780038e-01 2.998206827538368868e-01 2.895121092933240492e-01 3.033220148179259779e-01 2.981802142587118842e-01 2.968357665645834365e-01 2.987857358537058805e-01 2.839950035171664444e-01 3.015796297683177585e-01 3.046717238823454244e-01 3.092993277653741657e-01 3.046519068372575689e-01 3.011816649691474446e-01 3.011989905265943235e-01 3.080323017507019534e-01 3.011418817942512760e-01 3.019337256591769214e-01 2.995314575950026037e-01 3.104064350448077492e-01 3.092040222656073367e-01 3.050619226861382427e-01 3.006683113600441271e-01 2.979485673323160055e-01 2.955219013959363150e-01 2.873425681199950898e-01 2.896936607846702372e-01 2.963571272033052040e-01 2.930149059965808100e-01 2.936768305773628240e-01 2.854042617986396468e-01 2.952227353455112446e-01 2.946239563327873734e-01 2.867185518611921613e-01 2.912588742389034535e-01 2.884430359272849853e-01 2.778005476292502718e-01 2.796210799972503880e-01 2.961432896264278303e-01 2.939696153043063753e-01 2.909759416112205344e-01 2.917542423303955967e-01 2.880880703134767185e-01 2.921259548767746739e-01 2.872701320691453675e-01 2.864507717736880510e-01 2.953454489454425680e-01 2.913046748015395426e-01 2.861794812771363827e-01 2.859260835799808387e-01 2.884759683389648277e-01 2.782818304270264220e-01 2.819665303421976521e-01 2.800624636488384667e-01 2.832284573389983184e-01 2.920340210197197028e-01 2.854739605799272439e-01 2.848650771641004775e-01
4.486644958299233765e-02 8.670950051478695797e-02 2.726084901362923474e-01 1.000000000000000000e+00 2.740250071906473184e-01 2.621143905829177445e-01 4.487870851326073995e-01 4.283904350792446247e-01 4.457616429594853935e-01 4.195463343013258739e-01 4.739162108724218059e-01 5.293448012455105323e-01 4.501422139701226621e-01 3.643491963574095327e-01 5.128902671007161684e-01 5.112576560011194982e-01 4.650077550493509904e-01 4.441947163213361693e-01 4.696556766642445702e-01 3.993846709970693132e-01 4.429169193029471874e-01 4.840626318996471000e-01 5.015892459220139266e-01 4.344527214953574634e-01 4.551799806661263603e-01 5.067247455842935899e-01 5.158398942150067557e-01 5.055770129320508177e-01 5.268694906302835435e-01 5.285106493757198987e-01 5.416710677143521391e-01 5.195943247254694031e-01 4.744738535153047998e-01 4.980046333804794001e-01 4.856246189561475579e-01 5.027082759706449355e-01 5.230005834395715647e-01 5.153809204398061006e-01 5.236488718613838689e-01 4.793513536166537636e-01 5.227389825164062698e-01 5.103816608556449586e-01 5.040377520295222791e-01 5.280239634386140191e-01 5.216080728670137168e-01 5.214640335919304981e-01 5.178292069988481572e-01 5.215182601446988198e-01 5.200084686631007980e-01 5.056296424499115982e-01 5.091889032909528989e-01 4.881707549970975557e-01 5.118819128474174640e-01 5.132017075064158051e-01 5.253985842614123936e-01 5.189752608583555471e-01 5.095819180661621539e-01 5.207033963193097303e-01 5.132149981479261491e-01 5.192559687734731311e-01 5.144077282492623970e-01 5.176724044049899609e-01 5.124728421761240993e-01 5.177983952548304014e-01 5.185222810504960256e-01 5.149508577597212700e-01 5.162285149134211437e-01 5.212890674184968987e-01 5.278294700716824606e-01 5.185753140872270128e-01 5.237278506132881928e-01 5.271796105481035832e-01 5.109424299131691827e-01 5.148198894901520051e-01 5.278138339346825081e-01 5.305073246220445293e-01 5.265833183401129602e-01 5.347357942523941476e-01 5.300383851575658500e-01 5.334468157763588847e-01 5.301609460580388733e-01 5.323716646637250971e-01 5.268891145808800580e-01 5.174140416236445716e-01 5.239715125320753009e-01 5.235227483227065104e-01 5.252554169170068343e-01 5.287735867762952680e-01 5.239409611860840199e-01 5.220440845727067902e-01 5.200357236662144222e-01 5.244953048778960847e-01 5.267043403720579331e-01 5.255535782041320658e-01 5.163682048676824232e-01 5.200355101749569720e-01 5.195034525621199384e-01 5.193065194626641512e-01 5.212246058039495811e-01 5.221449595940467203e-01 5.228029586179195887e-01 5.235769743238791740e-01 5.190073517338147369e-01 5.263240826693407204e-01 5.243658511269215783e-01 5.221287455993346427e-01 5.220002783686450432e-01 5.228987340909213577e-01 5.235510241323274583e-01 5.181525466850677164e-01 5.230200321634472793e-01 5.221026136043170895e-01 5.197981017719724983e-01 5.271898767516378648e-01 5.243828227162914413e-01 5.196587592440309322e-01
1.356848172354600986e-02 5.486356503769165838e-02 1.371278627189990440e-01 2.740250071906473184e-01 1.000000000000000000e+00 2.493588051581909770e-01 3.715740076980876827e-01 3.932772714354628718e-01 3.758146710411095492e-01 3.684662989311697223e-01 3.928787487906320597e-01 4.205866484221163493e-01 4.201453393462579178e-01 3.356812829998019332e-01 4.566994404104466332e-01 4.396675745921448386e-01 4.099354547867343213e-01 3.925315969736750676e-01 4.246529154004317075e-01 3.420484869904882319e-01 3.685246001157257423e-01 4.068500943778201040e-01 4.243840070575563006e-01 3.886764818320750381e-01 3.986003724579079699e-01 4.220867664930021967e-01 4.361165705193004172e-01 4.314049770035331410e-01 3.873000204947548153e-01 4.329623775157446786e-01 4.448549580290638850e-01 4.564008535445430170e-01 4.117730630664232505e-01 4.308304881264369834e-01 4.009366034281410252e-01 4.195260217476065590e-01 4.497073717987948305e-01 4.540107825131247665e-01 4.620702109724413309e-01 4.306568563473144318e-01 4.614491050104937986e-01 4.626350615467388905e-01 4.552065296978714537e-01 4.685656188695722091e-01 4.573001743860121704e-01 4.594517683967399568e-01 4.619388969787223131e-01 4.639415708812925088e-01 4.580932507672302312e-01 4.410002317349625556e-01 4.520435705226176770e-01 4.286328820115343774e-01 4.557290599306252354e-01 4.526940872774918856e-01 4.608111351549816770e-01 4.603975395265753057e-01 4.272087201091250841e-01 4.625257053238826521e-01 4.481305950667435756e-01 4.573120012226717379e-01 4.518791841966560141e-01 4.449114008990522895e-01 4.367209403548750202e-01 4.441311633749593368e-01 4.441298810360885807e-01 4.449988848403292341e-01 4.689679424063218915e-01 4.682635094885754801e-01 4.665527998509905183e-01 4.602165666395154342e-01 4.620245545398248832e-01 4.687438337606950611e-01 4.663140848655824011e-01 4.615348848165418127e-01 4.636662800097470227e-01 4.667692669939582650e-01 4.650415038024311998e-01 4.516246086831148254e-01 4.634417627031043319e-01 4.627282163909494650e-01 4.631409045947501024e-01 4.605111522381852285e-01 4.663747555681447277e-01 4.580363163376402480e-01 4.624631481013161682e-01 4.654218323925196632e-01 4.693594258630357507e-01 4.688498853360053564e-01 4.712447220780067725e-01 4.668249399760427965e-01 4.682349178110422061e-01 4.735863715993532952e-01 4.735916520952024866e-01 4.718246074149299307e-01 4.654225633191503286e-01 4.666944231683043953e-01 4.550505797911288952e-01 4.453935915264317091e-01 4.621367356913085866e-01 4.642559207735680871e-01 4.698461976407164453e-01 4.568802073033728095e-01 4.651016910761414103e-01 4.694183729276509287e-01 4.644953333098716941e-01 4.542415758724828723e-01 4.621359083963965664e-01 4.700902121764823915e-01 4.658403152790492330e-01 4.672936427890763689e-01 4.647511737706809254e-01 4.655319300355221790e-01 4.586700140805787251e-01 4.616560661020053802e-01 4.628422872459450610e-01 4.617490531569515833e-01
3.324432749640453266e-02 9.321605956812287208e-02 1.683273484480286575e-01 2.621143905829177445e-01 2.493588051581909770e-01 1.000000000000000000e+00 4.294176393303289485e-01 3.993341409867516290e-01 4.263442454210533139e-01 3.798765841146000688e-01 4.030214808596505049e-01 4.568898652628494705e-01 4.355144251165184444e-01 3.587831101006270784e-01 4.695556154037148766e-01 4.584947419770113997e-01 4.216486836725833465e-01 4.384356761013552539e-01 4.538329251843709611e-01 3.995705588351481929e-01 4.222237321950241262e-01 4.575201765070145976e-01 4.795500399613794040e-01 4.445252928400353354e-01 4.646640464822999750e-01 4.841103638463872261e-01 4.860986323137118648e-01 4.843653741498684107e-01 4.399817093235558474e-01 4.723065166915141888e-01 4.748528893235649528e-01 4.929351683491797198e-01 4.524284818184150514e-01 4.820958767466629324e-01 4.502687544751519666e-01 4.434302878323319042e-01 4.701529749264163338e-01 4.901832849025433703e-01 4.885701247801005898e-01 4.570889699248886773e-01 4.984301770041518753e-01 5.036298820749588456e-01 4.798672679637471794e-01 5.014419042833829776e-01 4.903678743181318356e-01 4.958504421850308264e-01 4.927076485306039477e-01 4.986277537874955756e-01 4.978925110185564717e-01 4.829477648872908535e-01 4.967357060182303052e-01 4.829064115356695996e-01 4.967363170200957412e-01 4.961192539833857440e-01 5.012406866328524835e-01 5.036153343366072122e-01 4.869933230020658255e-01 5.020866078537175037e-01 4.994254644517261976e-01 4.863539601689388925e-01 4.975926658222501464e-01 4.904868717072830009e-01 4.966960296519705165e-01 4.886567142935102082e-01 4.922823928910345370e-01 4.904450721931341572e-01 4.969875330024988158e-01 5.060106507679243970e-01 5.057060416859147089e-01 5.041407768469703399e-01 5.038466096117574233e-01 5.040017340520094313e-01 5.036832104671271626e-01 5.081445682434374556e-01 5.047764453473237989e-01 5.001027124912601485e-01 5.066644815855722017e-01 4.884705395443584841e-01 5.058021966749165488e-01 4.958016094519309136e-01 4.979567760256227160e-01 4.946728928990154484e-01 4.999371682792563276e-01 4.974577200598836457e-01 4.982668364267731076e-01 5.030775519413875907e-01 4.976537278327872182e-01 5.052045208722121261e-01 5.022059701109736762e-01 4.980125717513215755e-01 5.002623622920785440e-01 5.037107766303066114e-01 5.024714523055985316e-01 5.062835205651723403e-01 4.960578803684705385e-01 4.965781936937821439e-01 4.927875525470573059e-01 4.891473417363790266e-01 4.997913235905946938e-01 4.989222579276854086e-01 5.011670803699305177e-01 4.987065188279135031e-01 4.959634172108366434e-01 5.034616659189941057e-01 5.000166788278745944e-01 4.941829205017054250e-01 4.964353843311951064e-01 4.967635734940296088e-01 4.985764197792872388e-01 4.929165644199757224e-01 4.952728050372968704e-01 4.954056687999414121e-01 4.936875275058388302e-01 4.998731897642183508e-01 4.918302904589658131e-01 4.959328340452736628e-01
2.346083065525336395e-02 1.515699850914543345e-01 2.488339547386375639e-01 4.487870851326073995e-01 3.715740076980876827e-01 4.294176393303289485e-01 1.000000000000000000e+00 6.169031359003912529e-01 6.517060488835489940e-01 6.080330138971989928e-01 6.453176437969554424e-01 7.118845029511133848e-01 6.813172343461203484e-01 5.391115751669095513e-01 7.709281576096707056e-01 7.486553015521781873e-01 6.742708690639286351e-01 6.603996213660572323e-01 7.035696823017655310e-01 5.836133843946107458e-01 6.114578168358461019e-01 6.910033984376956484e-01 7.358061593650074839e-01 6.487589562193825099e-01 6.899119342675615885e-01 7.371158215807132041e-01 7.296907456812412596e-01 7.349822605176986601e-01 6.836505570406268273e-01 7.243457415774647856e-01 7.216461117704303652e-01 7.531191994344680340e-01 7.019303917785508773e-01 7.128646120105235351e-01 6.914619095835706775e-01 7.127976361785809400e-01 7.435693861724109732e-01 7.704470902356396200e-01 7.713659407916180211e-01 7.318908525550554822e-01 7.722023757772444874e-01 7.750871549396304294e-01 7.593426061660415449e-01 7.818515948010095196e-01 7.652911057511163628e-01 7.714313129109903189e-01 7.668496670588895725e-01 7.688701144532114062e-01 7.648851402121324972e-01 7.354798156479854798e-01 7.683324303309566616e-01 7.076993095097803277e-01 7.438817540451322374e-01 7.637707338527145451e-01 7.725238578059459016e-01 7.728089280371397418e-01 7.390704616864379739e-01 7.691489122318585503e-01 7.701379362310368792e-01 7.594281560320035318e-01 7.653064153052969720e-01 7.595170427170481187e-01 7.564985008709134151e-01 7.612253441664053044e-01 7.562822781294974428e-01 7.447307418550643821e-01 7.658658433530807219e-01 7.781308772975971122e-01 7.719530330211521463e-01 7.674060426432460780e-01 7.664056338240455846e-01 7.726195342421245948e-01 7.647464048320413710e-01 7.707781273573196534e-01 7.748352442827137754e-01 7.746896451743211509e-01 7.762231572328968099e-01 7.567039881234045584e-01 7.734571259968837653e-01 7.616662916710187359e-01 7.731232993497781925e-01 7.580056281913420957e-01 7.760006259984598698e-01 7.636927268642226263e-01 7.610091514841483828e-01 7.668634734492189020e-01 7.732974782338305486e-01 7.816476614588629968e-01 7.747490225768552952e-01 7.773841831443349948e-01 7.732908515601741861e-01 7.789552989150975160e-01 7.779591832072956237e-01 7.834760468067629713e-01 7.665377694288588728e-01 7.689605385148509109e-01 7.608680615817965398e-01 7.463560742755737110e-01 7.678408969428657249e-01 7.721901564526553186e-01 7.799443323279583451e-01 7.680860555943063162e-01 7.602469475117119568e-01 7.756603264253645325e-01 7.637599999089086378e-01 7.635583216112803440e-01 7.655298303485227329e-01 7.728635513502121190e-01 7.772949894982081886e-01 7.676302569807328391e-01 7.753059118020655394e-01 7.646584965055788219e-01 7.638252234722334721e-01 7.690241230855205945e-01 7.657446246817788404e-01 7.613986222944444382e-01
1.267126372956177589e-02 9.846891511961818055e-02 2.094442206826034325e-01 4.283904350792446247e-01 3.932772714354628718e-01 3.993341409867516290e-01 6.169031359003912529e-01 1.000000000000000000e+00 6.033705015027580609e-01 5.625785114957474464e-01 6.150542823992418695e-01 6.792022041811519584e-01 6.506098810112066477e-01 5.000984723464564352e-01 7.098812682230219995e-01 7.236623986496626415e-01 6.478184163513076577e-01 6.145724408892916379e-01 6.597895767020032221e-01 5.343022955885734504e-01 5.917868049295539334e-01 6.598994308537470266e-01 6.658073917356414073e-01 5.917389624713026430e-01 6.471098927465688266e-01 6.916959293004297793e-01 6.812478871084772791e-01 6.793466035708659589e-01 6.152823573965450210e-01 6.584353868436909618e-01 6.575996329483132508e-01 7.036430617752290617e-01 6.432323085175493116e-01 6.771801553550229613e-01 6.371193153056669001e-01 6.689657455377865380e-01 6.858106918960983345e-01 7.324004875077120280e-01 7.163512011276970126e-01 6.681677794170062246e-01 7.235378340075131476e-01 7.290239385052478260e-01 7.202376167606824309e-01 7.349795219845158822e-01 7.134954491723440873e-01 7.122984890640559064e-01 7.221921070990588998e-01 7.209420902167736900e-01 7.199724418334484399e-01 7.207668849690036517e-01 7.286985425234878688e-01 6.859003607317120110e-01 7.119952272591658637e-01 7.073726961464880114e-01 7.232009617151320402e-01 7.212687967631684627e-01 7.023743157541032511e-01 7.260306805682628095e-01 7.217280917992783262e-01 7.081778213709419845e-01 7.287479858386497478e-01 7.068565975864589124e-01 7.215165680135223747e-01 7.237390392201290545e-01 7.180433215152592918e-01 7.053621119807216289e-01 7.243243449540625045e-01 7.255464122429383655e-01 7.181917686642175225e-01 7.159038214019927127e-01 7.285181733491288281e-01 7.289194714139203279e-01 7.141188984810988849e-01 7.194376785998404245e-01 7.256536162874115403e-01 7.234755033815648551e-01 7.238232005809205338e-01 6.993371211691296052e-01 7.146797453705435732e-01 7.081577633673635797e-01 7.179994498539662429e-01 7.027612526532491799e-01 7.269300068176770546e-01 7.123429294862133609e-01 7.313651509055789646e-01 7.237131234393148205e-01 7.215354323326128583e-01 7.398306862844515885e-01 7.285959924350834394e-01 7.219774902286141272e-01 7.242349001892322002e-01 7.330345442123736843e-01 7.278761783494068771e-01 7.325783178571477761e-01 7.219645143329448400e-01 7.200975072703832414e-01 7.314358204584463508e-01 7.282083758228719006e-01 7.296968701094190823e-01 7.349060963464516538e-01 7.372966792517571255e-01 7.317684469029041017e-01 7.208031279233730881e-01 7.403229560106943108e-01 7.310737474586975759e-01 7.210089742819109082e-01 7.243752501365856578e-01 7.228747517145416301e-01 7.255736767651724817e-01 7.234245952725428808e-01 7.268094952438686196e-01 7.199725017907632196e-01 7.172067333623929342e-01 7.341485080418492792e-01 7.212740580144629821e-01 7.217601859391788999e-01
1.123527830121901216e-01 1.602696730990933460e-01 2.720451888264463491e-01 4.457616429594853935e-01 3.758146710411095492e-01 4.263442454210533139e-01 6.517060488835489940e-01 6.033705015027580609e-01 1.000000000000000000e+00 6.651531500525139640e-01 7.206137159930621205e-01 7.758914269782347661e-01 7.237607144602545839e-01 5.755281565548134859e-01 7.868222107836956303e-01 7.616740516375505310e-01 7.572795000705870860e-01 6.557081802781978830e-01 7.051515158132228844e-01 5.934895031095834828e-01 6.096218022711320517e-01 7.053735527451735488e-01 7.538719900806545304e-01 6.298809909788043448e-01 6.704450949975641061e-01 7.867145171799209136e-01 7.843209968803445120e-01 7.790064806562313482e-01 7.562650743660713770e-01 7.861526660957048884e-01 7.998875021547847686e-01 7.965887069618264871e-01 7.343075944586456849e-01 7.448678683411452672e-01 7.568973863825892989e-01 7.494562683018609617e-01 8.030724484918839723e-01 7.816080142017047816e-01 8.018795779323955042e-01 7.322852583838082019e-01 8.237937017518474070e-01 8.044482738847580361e-01 7.623321015744159990e-01 8.159863309120721775e-01 8.028725804585102876e-01 8.071346804014724041e-01 8.385164548010495267e-01 8.487514290053693733e-01 8.342691874928349627e-01 7.745559609687947544e-01 8.063798164875024543e-01 7.680797249439521579e-01 8.223259369553590492e-01 8.478327061903555562e-01 8.330462457288537736e-01 8.287606153693560795e-01 8.316379291099902371e-01 8.272508110229832567e-01 8.192091336328907181e-01 8.458196313564118052e-01 8.256296593954803864e-01 8.361912445731441990e-01 8.216930924843584005e-01 8.350563925567089374e-01 8.471483608219780859e-01 8.467475012406460166e-01 8.403239184846106324e-01 8.304198288253222815e-01 8.320716292894316801e-01 8.204774945113503248e-01 8.140814713436833605e-01 8.320192905558789764e-01 8.107261215036820623e-01 8.063285706985661161e-01 8.397663270795195922e-01 8.372868211853697895e-01 8.307497897411524335e-01 8.325612871072741727e-01 8.306617972545625728e-01 8.365776962808806339e-01 8.360192098912121450e-01 8.337825834835217442e-01 8.398494483761177465e-01 8.328235841227579206e-01 8.213146648918986381e-01 8.216754965769071939e-01 8.315482923463840548e-01 8.289901382226437798e-01 8.317968368536533541e-01 8.345219764520201977e-01 8.222961025411668068e-01 8.313375828181209792e-01 8.320159071365345049e-01 8.301892518725284553e-01 8.369118632644256817e-01 8.404741846842348485e-01 8.096675681309245531e-01 8.277173264194704894e-01 8.295490328983250450e-01 8.276175210973637508e-01 8.187945114051844442e-01 8.324570506524637814e-01 8.365823800249397868e-01 8.320503768743965356e-01 8.345120920090757233e-01 8.414949072781313655e-01 8.412496306134850110e-01 8.423230523293674388e-01 8.402379725051364323e-01 8.391252065151325601e-01 8.346009952009185717e-01 8.427010855013820079e-01 8.358215524756015258e-01 8.422027430980127960e-01 8.430965786352641045e-01 8.470150524184753005e-01
2.655940605180083514e-02 1.569767101654974129e-01 2.213388577924326472e-01 4.195463343013258739e-01 3.684662989311697223e-01 3.798765841146000688e-01 6.080330138971989928e-01 5.625785114957474464e-01 6.651531500525139640e-01 1.000000000000000000e+00 6.515018461946544548e-01 6.938739304316123846e-01 6.685406784093748112e-01 5.444080815621494818e-01 7.259710160910849419e-01 6.987040531942645405e-01 6.756045152843125345e-01 5.928683357945602195e-01 6.356794694715198757e-01 5.075857812013574444e-01 5.474969727989915658e-01 6.327264442776028286e-01 6.916628744590950228e-01 5.696947829713765454e-01 6.005071051208492605e-01 7.120278720822497132e-01 7.057261851619063275e-01 7.066075076982224479e-01 6.873787009388417912e-01 7.019632726255150557e-01 7.319837984440524803e-01 7.292469089538083926e-01 6.707498431037917097e-01 6.718333865247692049e-01 6.771243195584178975e-01 6.735927609888798795e-01 7.323536285070768592e-01 7.203699524701581147e-01 7.377882990255254514e-01 6.637263358687287562e-01 7.517510058320068245e-01 7.375747546841054936e-01 6.980219429842201562e-01 7.448242658425398011e-01 7.327344729457422323e-01 7.480492103744916799e-01 7.695925253411438627e-01 7.754332343392594806e-01 7.628814796381776508e-01 7.030095963835156780e-01 7.397836504418119352e-01 6.675850215869660875e-01 7.360258418372769285e-01 7.708183441950512416e-01 7.601438887232715436e-01 7.580559038790893878e-01 7.418002033495406655e-01 7.548775590855804074e-01 7.557202693436521068e-01 7.681636024464082446e-01 7.542669817168017321e-01 7.650179570006474528e-01 7.445200218301558648e-01 7.486693782677311670e-01 7.529004895733187874e-01 7.587997384529757694e-01 7.653742405261685366e-01 7.592431020103012074e-01 7.613801342427432006e-01 7.415280832577082482e-01 7.421603560732635829e-01 7.605298334050344389e-01 7.425851075321682204e-01 7.346943038013574734e-01 7.685711593835868882e-01 7.668686159273063740e-01 7.621884783498088511e-01 7.635181252101000959e-01 7.591792146475709879e-01 7.623907938479679292e-01 7.664491071205278283e-01 7.657098431998475840e-01 7.645833913124340242e-01 7.586353308544586671e-01 7.474597032929074514e-01 7.520110935221239190e-01 7.661515252148506372e-01 7.620350747348063614e-01 7.639520381049124120e-01 7.662714606230928149e-01 7.572229365710438920e-01 7.639476071632317344e-01 7.619390438947102329e-01 7.650388224840685147e-01 7.680375528562631837e-01 7.704247435867647154e-01 7.304700724135625434e-01 7.378566268543909068e-01 7.576680711832838311e-01 7.566889457433685351e-01 7.500359132567747666e-01 7.565072004198301059e-01 7.566526791982680633e-01 7.582638614478197647e-01 7.501942939290069390e-01 7.585247769369605209e-01 7.680101937687270341e-01 7.710288750156648607e-01 7.699729346536234864e-01 7.708752186635645653e-01 7.672723714797262673e-01 7.709335808978844407e-01 7.664633395655715553e-01 7.600513024958830410e-01 7.652673936224085871e-01 7.657836694898185748e-01
8.026927876928220684e-03 1.206332134826458152e-01 2.791078543139638990e-01 4.739162108724218059e-01 3.928787487906320597e-01 4.030214808596505049e-01 6.453176437969554424e-01 6.150542823992418695e-01 7.206137159930621205e-01 6.515018461946544548e-01 1.000000000000000000e+00 7.999030142221428274e-01 7.298169575391761921e-01 5.756364301982408449e-01 7.914626121940357972e-01 7.725303996275186824e-01 7.263541413095251364e-01 6.817710959770115764e-01 7.307245832159044996e-01 5.826601043887643661e-01 6.347788968104566276e-01 7.183647451849285437e-01 7.560123734481752900e-01 6.642261851768722636e-01 6.991869159792093447e-01 7.806773845896922692e-01 7.836802097487489682e-01 7.712624957697358230e-01 7.537151882319729213e-01 7.914352719887549625e-01 8.137448620061644711e-01 8.082718627525089516e-01 7.360027014092733744e-01 7.695932184889420213e-01 7.503315720905410213e-01 7.549494317765502727e-01 8.117541833662218487e-01 7.956463283469373815e-01 8.138294080003326547e-01 7.405451240438556404e-01 8.291468431713902021e-01 8.140465962080947193e-01 7.870207523670630367e-01 8.252296251056592258e-01 8.113011949730527528e-01 8.163189707152277430e-01 8.358995492567915520e-01 8.385478820200945593e-01 8.388543851422789466e-01 7.932333512851404977e-01 8.065940665783402075e-01 7.822053287020992451e-01 8.198375260933014053e-01 8.267471066929398260e-01 8.318212561856485054e-01 8.306454070580804316e-01 8.043816855062331239e-01 8.317670359184190509e-01 8.168263027283212407e-01 8.281967977897076727e-01 8.279569059853124635e-01 8.186682460991087096e-01 8.100324088439297965e-01 8.211323811847367482e-01 8.263666657275002825e-01 8.192013049779133249e-01 8.408295527566115313e-01 8.387796304744280507e-01 8.395184751997989414e-01 8.215493579247356015e-01 8.321043879855806180e-01 8.426480002619174403e-01 8.285968018858806960e-01 8.257642394860789103e-01 8.429709757463049735e-01 8.420966922296068136e-01 8.336505411118839692e-01 8.359830707456890053e-01 8.404188323231025493e-01 8.477581784712593382e-01 8.444807323714208502e-01 8.460387086666142364e-01 8.433091903614047258e-01 8.341448712004737587e-01 8.387280617552994588e-01 8.396481964669192388e-01 8.405146971495740527e-01 8.406276882327174960e-01 8.416180703463442825e-01 8.380093673498003604e-01 8.340054541664396748e-01 8.436646862095901200e-01 8.434517937367690399e-01 8.415798997705600248e-01 8.422482904345287569e-01 8.437402046340120032e-01 8.286197291239434382e-01 8.281899368705912812e-01 8.423713252720260725e-01 8.410389317859712222e-01 8.359533734468562738e-01 8.385781572127076755e-01 8.413124902614870226e-01 8.421407427286055070e-01 8.416706482724666261e-01 8.346394932634408903e-01 8.427935122825612746e-01 8.433770626241903212e-01 8.422758757002084540e-01 8.412760011668146687e-01 8.372069101862550378e-01 8.421309672563221937e-01 8.374533736318939825e-01 8.421252131968716137e-01 8.422531241767966526e-01 8.402860735039521245e-01
2.978714406500043016e-02 1.269848974467309433e-01 2.986411872421673164e-01 5.293448012455105323e-01 4.205866484221163493e-01 4.568898652628494705e-01 7.118845029511133848e-01 6.792022041811519584e-01 7.758914269782347661e-01 6.938739304316123846e-01 7.999030142221428274e-01 1.000000000000000000e+00 7.802921420323497559e-01 6.309930148418070317e-01 8.628339624506147221e-01 8.485435992981743558e-01 7.755206329458423919e-01 7.147886182719969117e-01 7.698446168393708877e-01 6.244247639215652068e-01 6.749037208100894247e-01 7.713512980785469653e-01 8.052264400298532188e-01 6.881239486217449741e-01 7.389613137794660558e-01 8.475745761147356339e-01 8.486675234110451216e-01 8.409307486364615558e-01 8.159226205774633423e-01 8.474646035912247743e-01 8.686099066472829922e-01 8.615676709364604724e-01 7.944136953863027983e-01 8.140428444910295935e-01 8.081970535953211243e-01 7.999113239608213188e-01 8.622015535034361911e-01 8.602761615671498108e-01 8.727619289365623478e-01 7.921891102330600454e-01 8.887182074538243493e-01 8.789864916893486146e-01 8.410069133662814167e-01 8.889588145407267827e-01 8.658364625478361942e-01 8.779578953232632932e-01 9.032787016726764318e-01 9.069977047546049498e-01 9.067253783201906225e-01 8.590002365217056512e-01 8.804886137346605857e-01 8.300072631456415495e-01 8.819483610169863708e-01 9.017441816274170963e-01 8.995016079172630796e-01 8.889826659350598126e-01 8.843280774093735808e-01 8.972593754928603893e-01 8.956996377195263204e-01 8.999104383650317063e-01 9.003407422603384447e-01 8.984302307730392956e-01 8.911746729093580344e-01 8.945661350487842389e-01 8.928046283777900660e-01 8.926015292920411737e-01 9.013198218661205852e-01 8.982792624270850013e-01 8.976917060400276815e-01 8.813459425798847446e-01 8.918455374394574919e-01 9.029871777483223783e-01 8.803970844818537200e-01 8.766355182795917411e-01 9.087971831170615911e-01 9.062594488887827371e-01 9.015172340741863799e-01 9.005700714194637690e-01 9.017484783857839803e-01 9.042792595489573815e-01 9.004843611207870024e-01 9.075630522924686971e-01 9.008229789054956749e-01 8.963543595084374482e-01 8.954559873188649988e-01 8.932311067795755122e-01 8.976585239898292601e-01 9.020729953910139320e-01 9.006690944209585492e-01 8.966301475298382728e-01 8.911906822871511480e-01 9.044732137090302215e-01 8.992764603554702640e-01 9.030085684077987507e-01 9.056900853053861944e-01 9.065118041753152944e-01 8.784948182809965145e-01 8.868082745484223706e-01 9.001937568358018282e-01 8.969068472311231277e-01 8.930219030746966435e-01 9.023387325910636747e-01 9.002203025613749743e-01 9.049946996992886961e-01 8.981946054914844435e-01 8.973265010765054672e-01 9.071364514142599145e-01 9.056975506593463177e-01 9.064687666101630681e-01 9.054409906166701605e-01 9.015748459099011125e-01 9.066689948496985396e-01 9.023846689558864265e-01 9.045540891921738380e-01 9.042501386212938863e-01 9.043926431614790484e-01
-4.013725849668203088e-03 1.291942218185229696e-01 2.560792072603852998e-01 4.501422139701226621e-01 4.201453393462579178e-01 4.355144251165184444e-01 6.813172343461203484e-01 6.506098810112066477e-01 7.237607144602545839e-01 6.685406784093748112e-01 7.298169575391761921e-01 7.802921420323497559e-01 1.000000000000000000e+00 6.030933690102071587e-01 8.194906635101477654e-01 8.022206404155686199e-01 7.415534118289661691e-01 6.644846510631260417e-01 7.174277507913757734e-01 5.589738471294433131e-01 6.116948290393658949e-01 7.030510461286586521e-01 7.522520734304006806e-01 6.374100073814153999e-01 6.741671868333662943e-01 7.821041064249845132e-01 7.698044229711563657e-01 7.787831298342724473e-01 7.389104330177505009e-01 7.628656110704107318e-01 7.896048864947297075e-01 8.057023902267851367e-01 7.491390890478235587e-01 7.614366758931800927e-01 7.489741673770400343e-01 7.603154001444627497e-01 8.060050531028085663e-01 8.065732267511154241e-01 8.204931025377185660e-01 7.514137383416548133e-01 8.358499427745428312e-01 8.267492653223408317e-01 8.033278271928691039e-01 8.348942480982864955e-01 8.123807006939555153e-01 8.170750112847195989e-01 8.499385087112910631e-01 8.485174915809560181e-01 8.474003090095501012e-01 7.981684889037229391e-01 8.223450399759221208e-01 7.735271653482086451e-01 8.257041953017715263e-01 8.421436002813547095e-01 8.391548985554261320e-01 8.383220615636478579e-01 8.162469188052626778e-01 8.425064193803221135e-01 8.309976936946940063e-01 8.415795060506704450e-01 8.414567087348134855e-01 8.326989427895383766e-01 8.251394785815640009e-01 8.347381772663490240e-01 8.324714655060091451e-01 8.319135625474629592e-01 8.487395781534659012e-01 8.415519594831426531e-01 8.425721158072266848e-01 8.233208064784179880e-01 8.288941038055382959e-01 8.432606798595264630e-01 8.259314179962529145e-01 8.160303810255012946e-01 8.483559732724677005e-01 8.439252049481691387e-01 8.406471478783869022e-01 8.353570987170002571e-01 8.360254919082652503e-01 8.413095690882103073e-01 8.430525809225276612e-01 8.415298719014538964e-01 8.486775152365434449e-01 8.421121480135582704e-01 8.422934466207885329e-01 8.394769057171219684e-01 8.466568159399735505e-01 8.490133706181032247e-01 8.499178042489511364e-01 8.473900821534195993e-01 8.416980523535647629e-01 8.506641948304619616e-01 8.486749230248383791e-01 8.499912337264307061e-01 8.531319662693714889e-01 8.524567281210653213e-01 8.309761240709817587e-01 8.331859062668003357e-01 8.478007750208020887e-01 8.464912803053946666e-01 8.463555231586401550e-01 8.476300215815645300e-01 8.454307572529942139e-01 8.536262101377533051e-01 8.450040826742523103e-01 8.439600950583774353e-01 8.518178483605575169e-01 8.527241642245045883e-01 8.527693171781078885e-01 8.521118002055949603e-01 8.489994042680660824e-01 8.520813614073829978e-01 8.470513122988546639e-01 8.511949006924889316e-01 8.486427028935166206e-01 8.488656173995795529e-01
