1.000000000000000000e+00 1.058394091409480126e-01 1.193326845032452038e-01 -2.162037507725872530e-03 2.446280695770526592e-02 2.748536264076743493e-02 1.438970113671931249e-02 4.651329456417392649e-02 1.424982932083721510e-01 -1.666398188367836444e-02 7.024544984075822840e-02 -9.070333506219515826e-03 -1.109955472523201439e-02 -1.391637043961824888e-02 -2.580857534793634493e-03 1.491477427092830019e-03 1.086560047309529792e-01 1.993699704544604767e-01 1.672789977358367097e-01 -6.640178855262274249e-02 6.103812857476298426e-02 1.451426413048676201e-01 7.594805053506287207e-02 1.954399334674841726e-01 1.740845223917095175e-01 1.267232043255209772e-01 1.192836546570310990e-01 1.301048550533979997e-01 1.468322911977650025e-01 1.816646967438508842e-01 1.270492140469601239e-01 1.046042296088283280e-01 1.467470558084949805e-01 1.328146717702561042e-01 1.236255567674292843e-01 1.150715886892135498e-01 1.187651090761434880e-01 8.004235237438667161e-02 8.213935602834532279e-02 6.928815593525311511e-02 5.041242677987066434e-02 3.968306869830288269e-02 -1.645731587720440344e-03 3.223958166016653581e-02 4.990372779710560563e-02 4.262054169106133800e-02 2.279734742666549713e-02 4.297760996224241764e-02 2.330959669038145873e-02 7.057603720652437518e-02 6.088867173435900254e-02 3.315290284905096641e-02 2.642942954681261336e-02 5.157811223947839085e-02 5.224988491081390685e-02 5.702575200609184825e-02 6.671262814302278410e-02 2.645046222898697272e-02 4.963527237927554264e-02 3.694928652191854790e-02 6.520849118676793656e-03 3.068109629927149098e-02 3.971647717037088410e-02 4.254712689332593861e-02 8.778681920650362180e-02 7.578817550093770727e-02 2.846987450509069414e-02 6.470730070723973437e-02 5.355383427802350160e-02 1.666950691252270036e-02 3.439292419441207505e-02 5.219923005350018963e-02 8.938900960263905515e-02 7.804764829625333855e-02 5.183641684301499436e-02 4.888345555244897472e-02 5.020169181690740251e-02 5.381441356488535221e-02 5.350293352969149457e-02 8.968610196318302363e-02 7.382794376268621284e-02 5.433204461075387404e-02 4.818352236638353409e-02 6.743278245285702632e-02 4.900142319725103723e-02 6.695676503458417028e-02 5.040422959667354569e-02 3.638740984550677821e-02 4.148227650820158346e-02 4.328571320087240548e-02 4.436768881354992422e-02 1.538006602633484876e-02 3.275123089162654960e-02 2.840611673479966071e-02 4.622543670193110001e-03 2.473353676008003751e-02 1.337847522657988932e-02 4.636055046390203521e-02 1.215645072588907374e-02 2.718638898685385788e-02 -4.822644205695625634e-04 1.490323364941434879e-02 2.294696103265356571e-02 2.786283840552138819e-03 3.008282745142581635e-02 4.757954061075092556e-02 2.122236067406191307e-02 2.864933697072746463e-02 2.760091076556798681e-02 1.383231585923921751e-02 7.732575544187556341e-03 7.301187449493895011e-03 8.529151958299580755e-03 2.593578229627854434e-02 3.569723123779418306e-02 2.201289575050324396e-02
1.058394091409480126e-01 1.000000000000000000e+00 9.835667925510560572e-02 6.823400455410595644e-02 3.409724392067483428e-02 9.662375540930140394e-02 9.714721495062760004e-02 6.968421019473372557e-02 1.533691849572101917e-01 1.694346580400943603e-01 1.573470250865203202e-01 1.133242155931892259e-01 9.068894745421131331e-02 9.870274753871149942e-02 1.297271770377290967e-01 1.098090694969785647e-01 1.529591700190703896e-01 1.080028628262473117e-01 1.303855987372955771e-01 1.871625151839795623e-02 1.206551709230947560e-02 7.900429042000031710e-02 1.169554844172116942e-01 1.139519348990449960e-01 1.252233444005672602e-01 1.646174587550033874e-01 1.493811428290140464e-01 2.065124151949812858e-01 2.157995987459518372e-01 2.095423671885395800e-01 1.898413080415622678e-01 1.523254131871473183e-01 2.041521498141452562e-01 1.571460981105394783e-01 2.136163263986975147e-01 1.517609827883873719e-01 1.925747643244113683e-01 1.719562615889412838e-01 1.740979281902061970e-01 1.579677524155713719e-01 1.588589252772898974e-01 1.545733014479854506e-01 1.315465723736546078e-01 1.431028796297607042e-01 1.487197841161587153e-01 1.714892138728270066e-01 1.567479327041876591e-01 1.582750345145113868e-01 1.469216216689706866e-01 1.174792300200594858e-01 1.370868329958283838e-01 6.950381090481526358e-02 1.151726990684006358e-01 1.675158400122473967e-01 1.579406402856580183e-01 1.686502297586074950e-01 1.370887678276535293e-01 1.455798459430712177e-01 1.537210046862515500e-01 1.491405973087326642e-01 1.268489851126215762e-01 1.548152817734501363e-01 1.415518257388422574e-01 1.582676212792451242e-01 1.577878475168423000e-01 1.465078279724755794e-01 1.574582000157468686e-01 1.530335302588620716e-01 1.544668945318595499e-01 1.206206548111822818e-01 1.204328755944026608e-01 1.457638137850344184e-01 1.545918866937975866e-01 1.478706654236105478e-01 1.607623291324958570e-01 1.567715857941401891e-01 1.724109056835421150e-01 1.804165931012439716e-01 1.671782671024091005e-01 1.817416221664270581e-01 1.830344209027787716e-01 1.729521714373369323e-01 1.630272800666582866e-01 1.925460860244689321e-01 1.478429274650554237e-01 1.553929225699201278e-01 1.599269462813485976e-01 1.559968620385616123e-01 1.675017566018057180e-01 1.627725786498572524e-01 1.621760631246040585e-01 1.504033435564477439e-01 1.574305078221199805e-01 1.576891026764607184e-01 1.516365410112223422e-01 1.564887330399130638e-01 1.208341697531357256e-01 1.212593853434468516e-01 1.370417421294079230e-01 1.367592414532642353e-01 1.373354451200538562e-01 1.353246485786230580e-01 1.374570308143102104e-01 1.383362133982662667e-01 1.222286347736857570e-01 1.439701406720290400e-01 1.428907517260685767e-01 1.601922711221550610e-01 1.525877604256380138e-01 1.454361837336490826e-01 1.433624989133561733e-01 1.467818677811415229e-01 1.409901746040419235e-01 1.515157476471585274e-01 1.534508978599251616e-01 1.411736430748768423e-01
1.193326845032452038e-01 9.835667925510560572e-02 1.000000000000000000e+00 2.929219635963685175e-01 2.393184661206575747e-01 2.410382616262325417e-01 3.103682504072003967e-01 2.852466366570671208e-01 3.348999339053936874e-01 2.914014949009016697e-01 3.552932393863775240e-01 3.324017532048667567e-01 2.969679372445938603e-01 2.503023670860349825e-01 3.370207310773271625e-01 3.271472069002709926e-01 3.529921698892599657e-01 3.517566857137812142e-01 3.662011005275668252e-01 2.323393696613965664e-01 2.976136436026555199e-01 3.720689491793766068e-01 3.562440712695716383e-01 3.500286737164646778e-01 3.769726121565925570e-01 3.955851761633711883e-01 3.947722226922673050e-01 3.704731306866513307e-01 3.664794272424725108e-01 3.973009411929644408e-01 3.962938546985110833e-01 3.846963918116523828e-01 3.600701648445882030e-01 3.807795887120162259e-01 3.578004245663469196e-01 3.732890569183712759e-01 3.868145189735734402e-01 3.588524265166626592e-01 3.749558537084288212e-01 3.860840797127171875e-01 3.728208843559046581e-01 3.593493665316768171e-01 3.589566370411587659e-01 3.652084894828537265e-01 3.818005377841988679e-01 3.680052211911695736e-01 3.596496166967667052e-01 3.611068644773960945e-01 3.599648969196304060e-01 3.527520788380815731e-01 3.671999926043958973e-01 3.494229896561629745e-01 3.602027909405398631e-01 3.551744950259030364e-01 3.447029740102810491e-01 3.635405413735143254e-01 3.433463083438111352e-01 3.580586022787235478e-01 3.490167666821080150e-01 3.542226358436322275e-01 3.518558661967809975e-01 3.442411299027791083e-01 3.358389349610360619e-01 3.530792907593389707e-01 3.704032666448912603e-01 3.561493697616732734e-01 3.638820444517574249e-01 3.781149326254432674e-01 3.755037016041444242e-01 3.618230695345815984e-01 3.685322185100437520e-01 3.762759499905681260e-01 3.815083695805565056e-01 3.821510668684593437e-01 3.765799708161925441e-01 3.711510783105810840e-01 3.678881074933019746e-01 3.702528980382047696e-01 3.790238493259598385e-01 3.854964354397540371e-01 3.756920417134738122e-01 3.793358847822044244e-01 3.699395663634257869e-01 3.670365030283871399e-01 3.711614647147005730e-01 3.757425957257445881e-01 3.748775543120215770e-01 3.643103014667767869e-01 3.677811348515802603e-01 3.662764819665480509e-01 3.749352157415327680e-01 3.633627989262558922e-01 3.728543859395683779e-01 3.685109029622024024e-01 3.543659720055453710e-01 3.604494440016609569e-01 3.640407614360975930e-01 3.496807383083547771e-01 3.539263472783752973e-01 3.644742793912718604e-01 3.592127917623886280e-01 3.554518493916623556e-01 3.604504626929153632e-01 3.592451620599050877e-01 3.655083655916553376e-01 3.544138033382874808e-01 3.560506199837474850e-01 3.614040114368164414e-01 3.610638976026899205e-01 3.577307639008549534e-01 3.555282468499647019e-01 3.537226670579547427e-01 3.496276052138705404e-01 3.591642554838868628e-01 3.606751137237648730e-01 3.543057868655827836e-01
-2.162037507725872530e-03 6.823400455410595644e-02 2.929219635963685175e-01 1.000000000000000000e+00 3.954945106068232241e-01 4.267749668344952840e-01 5.785075003984491149e-01 5.651689671063194753e-01 5.406176235175769174e-01 4.675816204125469167e-01 5.732742731448596807e-01 6.607349521159994188e-01 5.735824388696967313e-01 4.686893543332867895e-01 6.264449659878312815e-01 6.196010327895767889e-01 5.444641417138097461e-01 4.547838352096486569e-01 5.172152248304776601e-01 5.141564290924774960e-01 5.654498723872830590e-01 5.654984294249137955e-01 5.410728919995638764e-01 4.461685613179878218e-01 4.866772756401153144e-01 5.895789494387406737e-01 5.803981552106621811e-01 5.079503497890600627e-01 4.799815590604305515e-01 4.962168680515014474e-01 5.653549511571178687e-01 5.946801003868904534e-01 4.821678722076087054e-01 5.645342376297910469e-01 4.883854602911834042e-01 5.917587859360329272e-01 5.666058984012247723e-01 5.742125702971019319e-01 5.982708633484583594e-01 5.999191020453947809e-01 6.218056363484655291e-01 6.084699767205770105e-01 6.185478915450470794e-01 6.295955211290078513e-01 6.180199405483446373e-01 5.929630483872512237e-01 6.185919035920193210e-01 6.080911741536184634e-01 6.194757494928436747e-01 6.045643190344777151e-01 6.268936834230112165e-01 6.365412978145184031e-01 6.343103297439968147e-01 5.961899647492987508e-01 5.789186586114730693e-01 5.870005141691168049e-01 5.985532483322331121e-01 6.197728085925812147e-01 6.009850951501258809e-01 6.146508189387902554e-01 6.313337013482303028e-01 6.060917698409604704e-01 6.109823015870069485e-01 6.135016586913416559e-01 6.022929857841025081e-01 6.104680996683070626e-01 6.161745779627694208e-01 6.074279813613705503e-01 6.079657107828537743e-01 6.325549966953042391e-01 6.437616428145874758e-01 6.197688356755335359e-01 5.919680537245493035e-01 6.058393470046933293e-01 6.194886016084663050e-01 6.139156955079498879e-01 5.948912583125459674e-01 5.879025159400232958e-01 5.967258084074001934e-01 5.915981658431308521e-01 5.887782490643578281e-01 6.062785890195511174e-01 6.115373591784275531e-01 5.738781155492298502e-01 6.169507081366972789e-01 6.056940966677615279e-01 6.259414183542522103e-01 6.163295616768253993e-01 6.124952069763907048e-01 6.138832345459429574e-01 6.131830809754338363e-01 6.211745055183958142e-01 6.231869661786398895e-01 6.182326525243180271e-01 6.226694851056303603e-01 6.196264115718972398e-01 6.388177185408339120e-01 6.301702231047979774e-01 6.366538988543574140e-01 6.325708547648498659e-01 6.295314125823016083e-01 6.351394506442170629e-01 6.309923223996265484e-01 6.326005730562888063e-01 6.443067286760369994e-01 6.224129505076511082e-01 6.254458498654182907e-01 6.114889870989566045e-01 6.154398210224123478e-01 6.284501431917715042e-01 6.276168277657846462e-01 6.231852524285934614e-01 6.293259031594247155e-01 6.237847957668728460e-01 6.186045006453673167e-01 6.264881467941856297e-01
2.446280695770526592e-02 3.409724392067483428e-02 2.393184661206575747e-01 3.954945106068232241e-01 1.000000000000000000e+00 3.256443678310049217e-01 4.765604424454613630e-01 4.829488664634659645e-01 4.560081617267960352e-01 3.946514998826810561e-01 4.469839986625115946e-01 4.906318824103133580e-01 5.010496945857997320e-01 3.784430392638570839e-01 5.042274477472358241e-01 5.064635510532693452e-01 4.517785748569882465e-01 3.743858441189664155e-01 4.257436942735536300e-01 4.267651383886637007e-01 4.464610301163977613e-01 4.491564299577606723e-01 4.597773208690227875e-01 3.955648506813453924e-01 4.034272110303410153e-01 4.735090945662941975e-01 4.669987917346260509e-01 4.267471553735089351e-01 4.018946311488593159e-01 4.146163858480367836e-01 4.583305779043633787e-01 4.957007080223824191e-01 4.131049624721644942e-01 4.870587019496280812e-01 4.233535957750116374e-01 4.784433634976328342e-01 4.677115268924472158e-01 4.708682070689930721e-01 4.867406902326108509e-01 4.791222891385210625e-01 4.934904531135025363e-01 4.938793480426098004e-01 5.036066863897655788e-01 5.070436031696791135e-01 4.960315467395014499e-01 4.793648665902762174e-01 5.030849135010123652e-01 4.973932558016960215e-01 5.015474169705259611e-01 4.897486050239937549e-01 5.036424992699248815e-01 5.166130226527513303e-01 5.119088915778789994e-01 4.899933986037944833e-01 4.860990163549606669e-01 4.870886145886278995e-01 4.977825585620262450e-01 4.965166237308547004e-01 4.897821278685721702e-01 5.038721453044494591e-01 5.179879170588713722e-01 4.924242216707812037e-01 4.936246855288262680e-01 4.952092230816564911e-01 4.967442439763268269e-01 5.041861641913660819e-01 5.018069149024952935e-01 4.948869172595607990e-01 5.033890614273259789e-01 5.222464623000596662e-01 5.104664047135650806e-01 4.986961083056630772e-01 4.986328497644257896e-01 4.955395234836068585e-01 4.976328421577796424e-01 4.957088481650813727e-01 4.876111526371391114e-01 4.761055494298262469e-01 4.910466299887240038e-01 4.823744545457899213e-01 4.857238149384160431e-01 4.892138834353669252e-01 4.995886683173990650e-01 4.793479022513074117e-01 5.027805062175865203e-01 5.079468893994696366e-01 5.069584963376179143e-01 5.017954206575847564e-01 4.985210719842239069e-01 4.977656663295855211e-01 4.951999590408887042e-01 5.010904393896801201e-01 5.022720959295573495e-01 4.981333106932201438e-01 5.001690066379989030e-01 5.030562592189455895e-01 5.107696258602061334e-01 5.057277257774993595e-01 5.127440029005007061e-01 5.070992032134779004e-01 5.058393295343918128e-01 5.076226459617270148e-01 5.089043113075543134e-01 5.081894487037363906e-01 5.207015644260467591e-01 5.024168543345527427e-01 5.069172365355547605e-01 4.980917260679627590e-01 5.005965031799027853e-01 5.051566676849902349e-01 5.027661253049613421e-01 5.043975458439237114e-01 5.048082818016464968e-01 4.999346634249108856e-01 4.982926036242731338e-01 5.068508729520481149e-01
2.748536264076743493e-02 9.662375540930140394e-02 2.410382616262325417e-01 4.267749668344952840e-01 3.256443678310049217e-01 1.000000000000000000e+00 5.612750860819651910e-01 5.154491354003754022e-01 5.587020682962064999e-01 4.861815556664801363e-01 5.657702793629402205e-01 6.042811286410942895e-01 5.536483670017524616e-01 4.659335890758438126e-01 6.132631834033206442e-01 6.028735367420150482e-01 5.702821223767684522e-01 4.589149011523119270e-01 5.182266593688170664e-01 4.420394502137594550e-01 5.196867941764705678e-01 5.342050384315316647e-01 5.590819677652639763e-01 4.637556032168974607e-01 5.048079591326799509e-01 5.888817946651566659e-01 5.883595910788430583e-01 5.450534489219687195e-01 5.218671791208350230e-01 5.430116612298200307e-01 5.909188147722779227e-01 6.101724872298668334e-01 5.468921331963555454e-01 5.895108430782193265e-01 5.558735233719134250e-01 5.926319830450262893e-01 5.977502618468172324e-01 5.885142808153215332e-01 6.158042477744546384e-01 6.140161323791611947e-01 6.262205986650016820e-01 6.161139032479008293e-01 6.170322155012166743e-01 6.246465498098935365e-01 6.230130612347156704e-01 6.028314098859546277e-01 6.284120316315571220e-01 6.268979504454168517e-01 6.200191914016024430e-01 5.926360843236330167e-01 6.187772824091257728e-01 6.113028734164394074e-01 6.213491666293824434e-01 6.136521858122232498e-01 6.001203678385632623e-01 6.126265953773444295e-01 6.055921109898274590e-01 6.193954439191039496e-01 6.065479498152831495e-01 6.217691125755263615e-01 6.264224187675520028e-01 6.142068011661155902e-01 6.138488101255923368e-01 6.168217202304075997e-01 6.116995638214385300e-01 6.133540334518716719e-01 6.233598964357073280e-01 6.188881360792922726e-01 6.188928087558194235e-01 6.230223438803879077e-01 6.268775860789479459e-01 6.230075356070384762e-01 6.037834958572949606e-01 6.144459315889563289e-01 6.242945266720614228e-01 6.254400899516783241e-01 6.170688537860518075e-01 6.054144572586784845e-01 6.118821320266326635e-01 6.080825221670635994e-01 6.123560782987944595e-01 6.191684686621362621e-01 6.230410190069162191e-01 6.065695034533342689e-01 6.233441073775427554e-01 6.166913137078742224e-01 6.299910988077627172e-01 6.246031262177820231e-01 6.260755042352963429e-01 6.234572529397969243e-01 6.274852463754231335e-01 6.280034687063865695e-01 6.277547907897317314e-01 6.254261733474743012e-01 6.290371390525746342e-01 6.292198479693666968e-01 6.273863827483884270e-01 6.181221119919104723e-01 6.292618708087663881e-01 6.291664527655953520e-01 6.288052442503856421e-01 6.293409160181698825e-01 6.275377900445073820e-01 6.291006902546872892e-01 6.331026592186491664e-01 6.241174729975754731e-01 6.282361734644758000e-01 6.245332297016102929e-01 6.272594414455965328e-01 6.277552222282175576e-01 6.304700127475740823e-01 6.289300087202698286e-01 6.295210048912882606e-01 6.265924288101535344e-01 6.251730003549587078e-01 6.276494327045298860e-01
1.438970113671931249e-02 9.714721495062760004e-02 3.103682504072003967e-01 5.785075003984491149e-01 4.765604424454613630e-01 5.612750860819651910e-01 1.000000000000000000e+00 7.094310106975968422e-01 7.218233365707502625e-01 6.460976362839628839e-01 7.551709217596027646e-01 8.079641047419825473e-01 7.563450076747019191e-01 6.036839607540968045e-01 8.467497038313338553e-01 8.223940151415189970e-01 7.335151158920005798e-01 6.044931660973548171e-01 6.953901695540519734e-01 6.164513525362752544e-01 6.661369670052131875e-01 7.186823026757178656e-01 7.321080049183996685e-01 6.259295768073271926e-01 6.781186820722103770e-01 7.955138003182916639e-01 7.907414415938252006e-01 7.640473719052984780e-01 7.137818532415383110e-01 7.423116625341371622e-01 7.943316724647606630e-01 8.019819821143311378e-01 7.217382162553220848e-01 7.847588660940798544e-01 7.486677306047077041e-01 7.758797353826391019e-01 8.009557996601104346e-01 7.974851122700481465e-01 8.202473733303313752e-01 8.125106060001734409e-01 8.288632317565861607e-01 8.392271071825011530e-01 8.383131798647774913e-01 8.427827339407961693e-01 8.308742859404167902e-01 8.237569206946351308e-01 8.337003886977729650e-01 8.290624155438490739e-01 8.261696055517054882e-01 7.897592329774683062e-01 8.273737557619419425e-01 8.053477223486046332e-01 8.275778518501386571e-01 8.195983391883010505e-01 8.124955340367099321e-01 8.207226678106330775e-01 8.028137423361074720e-01 8.320926759931344119e-01 8.198959462810054832e-01 8.268575006987597398e-01 8.404416529028757576e-01 8.241069900223050304e-01 8.150626580704407598e-01 8.275297991717931456e-01 8.179381476204610202e-01 8.246288876408616186e-01 8.364170966116689643e-01 8.255153423990356787e-01 8.282576249129366408e-01 8.356143342277505548e-01 8.349874967164661044e-01 8.348853097409438817e-01 8.139815095392903821e-01 8.257810764106574553e-01 8.349349778176563541e-01 8.336543317512542517e-01 8.323810589631130963e-01 8.178206550267739239e-01 8.281915080913316851e-01 8.233692321149025384e-01 8.264888055426414804e-01 8.290858889252286090e-01 8.322592897186043004e-01 8.214362619406023747e-01 8.320563089792182287e-01 8.299592248469100930e-01 8.406046533788652519e-01 8.406574374190399768e-01 8.369960445215826050e-01 8.374866785878908315e-01 8.397294865474680403e-01 8.450337762702643252e-01 8.398030119421575623e-01 8.427167870149467888e-01 8.389251080468921318e-01 8.397400178167269136e-01 8.378705257243236337e-01 8.205585450797637792e-01 8.459306512074145079e-01 8.408487914964953847e-01 8.472510950248873796e-01 8.433578077983040489e-01 8.399880386893950890e-01 8.429085293823740388e-01 8.421288577849187496e-01 8.291159444073898932e-01 8.383590521511619098e-01 8.378726728835033111e-01 8.395558066417408982e-01 8.418747492984065550e-01 8.436377251772196884e-01 8.370985246170170591e-01 8.404240415303565470e-01 8.362763911471173817e-01 8.333295624626536613e-01 8.384098055120117188e-01
4.651329456417392649e-02 6.968421019473372557e-02 2.852466366570671208e-01 5.651689671063194753e-01 4.829488664634659645e-01 5.154491354003754022e-01 7.094310106975968422e-01 1.000000000000000000e+00 7.164805769369360089e-01 6.102141223329922148e-01 7.221921804837789782e-01 7.752732990710190508e-01 7.119586641908300928e-01 5.721227618936347570e-01 7.809534291711408560e-01 8.041961657470988456e-01 7.049850388498153375e-01 5.850809671806390666e-01 6.660196906683782947e-01 5.540605632159626426e-01 6.559990779838448249e-01 6.905771321876899016e-01 6.988666293272900454e-01 5.810808600337539209e-01 6.247871151291036762e-01 7.447994197150558104e-01 7.275624044188285788e-01 6.865050540504640253e-01 6.533383302829568473e-01 6.744578312189549729e-01 7.345933054213311664e-01 7.774372472697571590e-01 6.739587926681821495e-01 7.533701334048961140e-01 6.830146521169987439e-01 7.402731401866062821e-01 7.461961650822477310e-01 7.719786712990863720e-01 7.814933370601607754e-01 7.603451631852540249e-01 7.721551670336258555e-01 7.798079737671081979e-01 7.798356510494439675e-01 7.975988396173577799e-01 7.725867763190730209e-01 7.677256540548583752e-01 7.860331673522825691e-01 7.845792953324360886e-01 7.961148878271587792e-01 7.907669172181914785e-01 8.051028690563369894e-01 7.553381104902581189e-01 7.749683096076259714e-01 7.767503542456191123e-01 7.725184400869667956e-01 7.737561965201110725e-01 7.838112553526869197e-01 7.886106517602428090e-01 7.887898325760082097e-01 7.804854898352999726e-01 8.027934033207609898e-01 7.879067831848064474e-01 7.959488534167217244e-01 7.883153862494729491e-01 7.749766762338439197e-01 7.800884132309456875e-01 7.843435304961543508e-01 7.785432912051147847e-01 7.826117171421904661e-01 7.759863816984189366e-01 7.879770580882936581e-01 7.808211284927343288e-01 7.580615297038829636e-01 7.627801305794372766e-01 7.811327115949686650e-01 7.811514848662495236e-01 7.670848939833163627e-01 7.582619312825257252e-01 7.672009582770384917e-01 7.627983021789875862e-01 7.706275743433121939e-01 7.724818606316342651e-01 7.802764379121288618e-01 7.578662900953211379e-01 7.945691690635229287e-01 7.833339766673974580e-01 7.883736342060586599e-01 7.900105999978497273e-01 7.843161524401481843e-01 7.819559553633422810e-01 7.786193098841135418e-01 7.828569011187880289e-01 7.822457667350730670e-01 7.818624920906594999e-01 7.854442950061253370e-01 7.864973298872696139e-01 8.003950978423789442e-01 7.954005399877730476e-01 8.045579589824297662e-01 7.963658902063240896e-01 7.912458974773449727e-01 8.005390516365001874e-01 7.901685580988970781e-01 7.954717526221429802e-01 7.930540119766719132e-01 7.894466895978345944e-01 7.956786873568871821e-01 7.822036604897157908e-01 7.846633129396236583e-01 7.918926817410321117e-01 7.911282579976496310e-01 7.855935695622482395e-01 7.915064032756731205e-01 7.914655747709223865e-01 7.830589504738332263e-01 7.861679560345623541e-01
1.424982932083721510e-01 1.533691849572101917e-01 3.348999339053936874e-01 5.406176235175769174e-01 4.560081617267960352e-01 5.587020682962064999e-01 7.218233365707502625e-01 7.164805769369360089e-01 1.000000000000000000e+00 7.334606175798231709e-01 7.916572412337722353e-01 8.138385261898133383e-01 7.567446914765156851e-01 6.210934449203701080e-01 8.333821776127002812e-01 8.310979662982835858e-01 8.111684122016943332e-01 6.632678603572619291e-01 7.542539826844747441e-01 5.516044456611002289e-01 6.632040846821322111e-01 7.440600352537374285e-01 7.897753140225332036e-01 6.638008636205710022e-01 7.243188009343844991e-01 8.388083239942537572e-01 8.297879716634111169e-01 8.107751799349295352e-01 7.903068658339360564e-01 8.057848048542832764e-01 8.556206622034975284e-01 8.510033445801398200e-01 7.764415491586295071e-01 8.271630132456256890e-01 8.066669274809387113e-01 8.017565931805222812e-01 8.426778366205623927e-01 8.338795597128876302e-01 8.603665409423394417e-01 8.288325266518515866e-01 8.643599988583915428e-01 8.552479716738421445e-01 8.211409336528412428e-01 8.602406130224875547e-01 8.542273592641822511e-01 8.529064859021062706e-01 8.645001427822719409e-01 8.806251531673787714e-01 8.686294448886215935e-01 8.235310156186006481e-01 8.576280915231870861e-01 8.132228899721031246e-01 8.501944408452091206e-01 8.709053459769937611e-01 8.535169620598673790e-01 8.658852554249656386e-01 8.645274380852040474e-01 8.655498663399276982e-01 8.531363280064907517e-01 8.703505727243259216e-01 8.613326364707092342e-01 8.654245213619723431e-01 8.515166266299064590e-01 8.697410300607875122e-01 8.764045175392450870e-01 8.718236857060767120e-01 8.695904701748015109e-01 8.628831229669947644e-01 8.633545251843989243e-01 8.412276606438747750e-01 8.520451302531161231e-01 8.662848444819107874e-01 8.433679310655335382e-01 8.497989037914369659e-01 8.686598700926504435e-01 8.682963548589276437e-01 8.633446060880756168e-01 8.599500391693873924e-01 8.636469190167065380e-01 8.656415902804915907e-01 8.700787763428848853e-01 8.695250812495789461e-01 8.690652424152722766e-01 8.569439349624006219e-01 8.607086591360150196e-01 8.602702215865151159e-01 8.594658827583477878e-01 8.693132846997148055e-01 8.691277363422638125e-01 8.708842209006869561e-01 8.620864599543126561e-01 8.656708231846872437e-01 8.656458421547520432e-01 8.645950429509779989e-01 8.653321704007075343e-01 8.705423790668571637e-01 8.486254368082842836e-01 8.557320064044146024e-01 8.615129788945545819e-01 8.650948777416508362e-01 8.555464604900312464e-01 8.661637530043387878e-01 8.663358098064749546e-01 8.639565343766665295e-01 8.585340022679269767e-01 8.705661153109564010e-01 8.701882562520407705e-01 8.709188845692581449e-01 8.711757748097931353e-01 8.700307998576961577e-01 8.661331767594336872e-01 8.694587177154196045e-01 8.665246157639038271e-01 8.685769021134652768e-01 8.711722049010511837e-01 8.677186694021630231e-01
-1.666398188367836444e-02 1.694346580400943603e-01 2.914014949009016697e-01 4.675816204125469167e-01 3.946514998826810561e-01 4.861815556664801363e-01 6.460976362839628839e-01 6.102141223329922148e-01 7.334606175798231709e-01 1.000000000000000000e+00 6.970773444158238075e-01 7.373322021869553877e-01 6.810415783448572347e-01 5.691653186546967724e-01 7.622070054973835163e-01 7.507632393841716656e-01 7.224591458832554380e-01 5.451737530095994710e-01 6.351267893129658448e-01 4.812291723628933648e-01 5.556076638421804104e-01 6.174628957727924528e-01 6.979200550656755597e-01 5.414079762575098043e-01 6.091767940506476187e-01 7.255100623002729288e-01 7.299917371484823114e-01 7.167046583078691135e-01 6.937289377465847284e-01 7.004922256132355418e-01 7.571245813303583150e-01 7.450941122149026263e-01 6.775399731781260870e-01 7.138677240889073072e-01 7.146039903688014006e-01 6.967229374083775406e-01 7.313221827867228964e-01 7.353602311851189510e-01 7.654030132241828044e-01 7.357784132469318283e-01 7.859798840817832088e-01 7.654173664143745226e-01 7.455953593034583271e-01 7.720261260528858971e-01 7.654454222525147733e-01 7.679355147705706486e-01 7.841662610626544128e-01 7.963766794597738619e-01 7.827154323205116615e-01 7.096881120934231957e-01 7.513628494008348646e-01 7.074270175220930268e-01 7.623587075697370041e-01 7.822761171730404639e-01 7.576585174491469177e-01 7.833139833073530234e-01 7.544017557249628192e-01 7.805478300289114824e-01 7.515958016891240989e-01 7.862280892447403025e-01 7.743461317739555039e-01 7.772332121354031953e-01 7.517149051920362091e-01 7.803411214730681111e-01 7.717033665892606420e-01 7.647693563334222455e-01 7.899165017174205605e-01 7.729470386778529711e-01 7.759056486889643889e-01 7.561668071891703979e-01 7.582259734840764986e-01 7.765997316394386285e-01 7.434879278102189959e-01 7.510968585991785185e-01 7.793450629129167195e-01 7.815989588233558383e-01 7.799565341303764665e-01 7.781430178676145282e-01 7.787443682278528678e-01 7.704247996066958537e-01 7.777422438859062925e-01 7.860746126078527185e-01 7.824345679721171898e-01 7.697613231073625606e-01 7.716608268010569649e-01 7.660814692313858698e-01 7.688193258866219404e-01 7.856238791626823925e-01 7.842533284024303386e-01 7.861079827336768799e-01 7.802502716223029822e-01 7.903693642257598739e-01 7.846375728658419035e-01 7.857520038957467312e-01 7.915441385653885220e-01 7.914020200575753172e-01 7.651849805777045654e-01 7.518810572748447774e-01 7.763673759827212084e-01 7.773279818848376488e-01 7.808294806997977400e-01 7.786797369085939335e-01 7.785305335005211491e-01 7.860784579676924899e-01 7.654500080643847904e-01 7.789452248790694755e-01 7.851139361280314866e-01 7.928119921486365129e-01 7.895888730781369658e-01 7.874511184200160274e-01 7.885016850703392421e-01 7.949770542503581394e-01 7.863594364666521841e-01 7.857624450451312637e-01 7.851944419092450334e-01 7.823394538808702281e-01
7.024544984075822840e-02 1.573470250865203202e-01 3.552932393863775240e-01 5.732742731448596807e-01 4.469839986625115946e-01 5.657702793629402205e-01 7.551709217596027646e-01 7.221921804837789782e-01 7.916572412337722353e-01 6.970773444158238075e-01 1.000000000000000000e+00 8.559859810071634989e-01 7.817867775445488387e-01 6.482486348621715466e-01 8.616458446719388320e-01 8.502493256242795727e-01 8.154680058406752474e-01 6.922203366336924235e-01 7.699803207675579575e-01 5.810320020064606572e-01 6.702727172904094921e-01 7.715243164607274995e-01 7.962787633664608622e-01 6.841511822272031695e-01 7.467491907364030013e-01 8.651732325646480648e-01 8.618884058633869971e-01 8.306232037146065172e-01 8.067061059956369684e-01 8.308809601639973730e-01 8.807307870153258111e-01 8.717267546237459364e-01 7.914501021133567571e-01 8.477744852026132261e-01 8.195278438647974895e-01 8.431490334438048739e-01 8.727022752912187986e-01 8.589285207795617216e-01 8.899918708088995212e-01 8.682602299738436669e-01 8.883124034411593595e-01 8.834864492151385251e-01 8.694558810697559093e-01 8.915810151267772321e-01 8.937733296861442023e-01 8.840867963329190893e-01 8.930874866238198706e-01 8.926587294762398095e-01 8.864943038614360171e-01 8.420466114405851243e-01 8.836060299367395343e-01 8.332413105282915344e-01 8.762827277909467361e-01 8.899614757147789046e-01 8.688021957999583211e-01 8.834251052090128509e-01 8.693924126284036102e-01 8.914513884803042520e-01 8.780622800085664537e-01 8.920608573218883341e-01 8.884979792174957369e-01 8.875246068855617843e-01 8.735459981575205424e-01 8.922137796133886578e-01 8.892005299677834262e-01 8.892593917788679247e-01 8.977029171995144496e-01 8.960697662553781528e-01 8.961949076632623745e-01 8.739998044547265810e-01 8.811193416236854370e-01 8.973118701058668822e-01 8.789673195155891516e-01 8.836902597769999979e-01 9.029533173131970569e-01 9.004732681422471519e-01 8.947508976422355875e-01 8.916226864185007317e-01 8.946850346788407515e-01 8.960658192400389188e-01 8.957030044968325999e-01 9.019997115275740773e-01 8.973748099199132522e-01 8.847267375827204683e-01 8.877202790330310789e-01 8.912361074154064866e-01 8.984701333410164414e-01 8.959092163654464036e-01 8.995743108234719454e-01 8.968918328357008418e-01 8.977632876398441431e-01 8.966087266759348307e-01 9.006522146206789037e-01 9.014666649232265794e-01 8.965706263895220074e-01 8.984515963870218780e-01 8.798464648580939240e-01 8.730933748942428796e-01 8.913539402817095558e-01 8.938280001132044017e-01 8.936892865034117284e-01 8.918792871352886342e-01 8.961021979067174126e-01 8.943379048687304378e-01 8.885292764540522192e-01 8.913056562707010189e-01 8.950127762880127902e-01 8.977518999058199389e-01 8.962271653786643144e-01 8.942668176026932203e-01 8.924957826719629450e-01 8.949102212338592155e-01 8.938526757739184703e-01 8.977456230985232377e-01 8.967934588212714830e-01 8.943593208111094706e-01
-9.070333506219515826e-03 1.133242155931892259e-01 3.324017532048667567e-01 6.607349521159994188e-01 4.906318824103133580e-01 6.042811286410942895e-01 8.079641047419825473e-01 7.752732990710190508e-01 8.138385261898133383e-01 7.373322021869553877e-01 8.559859810071634989e-01 1.000000000000000000e+00 8.374989473314945476e-01 6.899266643309156510e-01 9.140138950515700467e-01 9.044924877015311226e-01 8.282794653956622177e-01 6.554045721186905205e-01 7.523119612619335594e-01 6.462464014680793234e-01 7.230172439109706639e-01 7.721024858191540829e-01 8.098820685372646322e-01 6.524071067183045969e-01 7.219096921711899428e-01 8.692785641939690944e-01 8.641209267650200587e-01 8.132351496269901725e-01 7.790267564638817532e-01 7.979993857819194236e-01 8.778203258061294534e-01 8.857500409220995241e-01 7.722720180481795760e-01 8.490627838682326400e-01 8.024045862990415445e-01 8.555100559832129470e-01 8.719025344066755334e-01 8.786642754914455455e-01 9.062881356844750824e-01 8.866714609359211963e-01 9.215915836957270235e-01 9.164966833020334880e-01 9.066113654735588057e-01 9.328017385483643453e-01 9.185430649791861413e-01 9.101395503420801614e-01 9.363651944439354002e-01 9.305830412168663024e-01 9.344617624388781296e-01 8.824498442646212526e-01 9.186910908115683005e-01 8.910626974425956970e-01 9.281759748220906880e-01 9.220948334456220419e-01 9.007285090164345309e-01 9.102167600552488747e-01 9.118301515327704720e-01 9.313572973408267286e-01 9.138402421505624762e-01 9.356103125977395241e-01 9.364253054191492565e-01 9.281243978500034464e-01 9.191545045461700925e-01 9.318567070113012996e-01 9.180110284144388233e-01 9.258728554742385874e-01 9.361483523884812641e-01 9.188325604899115762e-01 9.222005406604163458e-01 9.175993758354915597e-01 9.261023413504670954e-01 9.254830413008816592e-01 8.915719814589919689e-01 9.050943036172069966e-01 9.316078546780961478e-01 9.303309762016602757e-01 9.192933791722368575e-01 9.114719536105220232e-01 9.166495149522552177e-01 9.083502909886332910e-01 9.135829543502845818e-01 9.276095786266362886e-01 9.285079875168326113e-01 9.017567663983173665e-01 9.196847450340022156e-01 9.148888503256685789e-01 9.296692465219804635e-01 9.306374574089052443e-01 9.305564940227624149e-01 9.296055452562463906e-01 9.260773492392125883e-01 9.380737894941504340e-01 9.355860506853969083e-01 9.345565713602536073e-01 9.419048862101458974e-01 9.394788149745972872e-01 9.275260624141584698e-01 9.249157406343614385e-01 9.400385258091974450e-01 9.362475657317578248e-01 9.368685433602227386e-01 9.396535415270282909e-01 9.400906020060137980e-01 9.437092795237769227e-01 9.357478945332595721e-01 9.341110542818178430e-01 9.406114600421545680e-01 9.351059751074239923e-01 9.347509074030485587e-01 9.425475644153359367e-01 9.379561670961444886e-01 9.423969339097165721e-01 9.421201392387611451e-01 9.398375830613959758e-01 9.360916903016507362e-01 9.411952815043908016e-01
-1.109955472523201439e-02 9.068894745421131331e-02 2.969679372445938603e-01 5.735824388696967313e-01 5.010496945857997320e-01 5.536483670017524616e-01 7.563450076747019191e-01 7.119586641908300928e-01 7.567446914765156851e-01 6.810415783448572347e-01 7.817867775445488387e-01 8.374989473314945476e-01 1.000000000000000000e+00 6.383644608260563569e-01 8.537216650795730333e-01 8.515812296268674420e-01 7.691690802382447067e-01 5.915878418685625029e-01 6.835512256361803152e-01 6.215329019426236723e-01 6.761410326300443252e-01 6.994636991031105699e-01 7.561536664349532977e-01 6.052522791062711072e-01 6.570688954963652684e-01 7.936187135569912066e-01 7.900151710026077634e-01 7.462000758758826624e-01 7.085283542226217257e-01 7.291274068955077015e-01 8.008460792115621452e-01 8.127355137646163907e-01 7.081211712163265615e-01 7.837362621684336172e-01 7.483063715545833494e-01 7.884173893547595791e-01 8.073761381902238021e-01 7.989684270771801877e-01 8.344891582799038865e-01 8.114032856009707473e-01 8.464527710155949070e-01 8.401476578231146242e-01 8.355523646673388427e-01 8.584337941156577889e-01 8.418784362753281014e-01 8.334856059063635580e-01 8.678582700792992766e-01 8.641758041831176795e-01 8.634280793287245626e-01 8.099500191542705618e-01 8.409567990983040087e-01 8.383489753590971372e-01 8.608640606627917524e-01 8.568903511056930045e-01 8.380321965200772105e-01 8.410952721401927512e-01 8.495077626045024477e-01 8.623005174933365824e-01 8.440460614979030662e-01 8.714486814573650930e-01 8.717700581245917402e-01 8.608922482239685925e-01 8.492274445652029380e-01 8.618986352207999024e-01 8.499843175961553365e-01 8.622549873188277703e-01 8.648163731349245431e-01 8.459589297261668195e-01 8.539222018499682543e-01 8.576988571813268791e-01 8.549546303646626821e-01 8.525474147415350590e-01 8.234949026100941705e-01 8.364264218419732444e-01 8.592053692194255854e-01 8.575557296720004441e-01 8.489867372707093907e-01 8.377286818523710377e-01 8.447598321751313977e-01 8.360708717660363387e-01 8.446817326784382685e-01 8.539833550059652278e-01 8.569727945754841425e-01 8.343676346861792492e-01 8.492554869671898876e-01 8.482795959512005046e-01 8.630727462087129931e-01 8.588864615381538448e-01 8.600431636294596505e-01 8.587226643069454379e-01 8.528823750557364969e-01 8.653254969058270518e-01 8.630682590574666468e-01 8.593740784304010338e-01 8.721000087751680230e-01 8.700475656592049356e-01 8.577390217067586420e-01 8.615012581447781814e-01 8.719218110008147837e-01 8.657830472513918796e-01 8.657581321906749894e-01 8.694308725322082987e-01 8.709157619250653681e-01 8.718772331076429793e-01 8.724642171604279905e-01 8.654673491839188770e-01 8.729297746673992942e-01 8.666085122941395991e-01 8.672929531513581258e-01 8.723157821707850923e-01 8.681782710281359394e-01 8.749085345547833459e-01 8.744921082101816401e-01 8.698418886616026136e-01 8.658340414079894742e-01 8.752911818669575350e-01
