1.000000000000000000e+00 1.347825288054979032e-01 4.806153031629606387e-02 1.051722770579978511e-01 6.100395375208599730e-02 8.525764262628397674e-04 4.551292949213339017e-02 4.412232860859540556e-02 1.704878490506896993e-01 5.476864693895559105e-02 1.707903039046835408e-02 3.677182866510718406e-02 3.069285363884693973e-02 2.228449895087569396e-02 3.989730094480670869e-02 2.417044202144365272e-02 8.278562994648251683e-02 8.855313970780402666e-02 6.435627062178500557e-02 1.046459768094628873e-01 9.362753542019444652e-02 7.800040257622671558e-02 4.118911562067741755e-02 5.251819246842191757e-02 7.757762196316449199e-02 8.613305865773517034e-02 5.455268750094998537e-02 5.698729368618002389e-02 8.710316184362287828e-02 6.924432853174168623e-02 5.296505742363924463e-02 2.579783943877572011e-02 9.698244439996315386e-03 3.917173138171500119e-02 4.373372831606527067e-02 2.403363462389597818e-02 2.884643128041314633e-02 -1.411803276077619809e-02 2.991243245408866866e-02 -2.396747949504661121e-02 4.896346310139797729e-03 4.448534448991093952e-03 1.098455480919653671e-02 2.381609874707035085e-02 1.873534619768563864e-02 2.037577698024663903e-02 1.344553533015958174e-02 2.731634298124033938e-02 3.848694742194788687e-02 1.965467703679991615e-02 -1.832750402931399144e-03 6.800752267573650922e-02 5.676807805441937138e-02 4.044108774609744134e-02 1.514981073940234457e-02 5.911816850386328488e-03 6.894472596928985508e-02 2.148521696228466657e-02 7.778412325204064372e-03 6.002498667302169633e-02 2.119047002980054689e-02 2.526688029309634431e-02 1.406714284678524732e-02 6.030497487724911787e-02 7.439468722219762242e-02 8.170881384229572442e-02 2.621206845856047241e-02 1.143307620135629830e-02 1.497866300236332451e-02 2.725069860441320727e-02 2.151515275614926045e-02 3.071635811843877531e-02 2.208834301676858639e-02 1.895036266470813760e-02 3.641168290019339282e-02 1.469474875465234462e-02 3.385805920473142216e-02 3.591596972002020910e-02 2.712671627483437958e-02 1.768761941847497854e-02 1.270943085893015863e-02 1.676617535870284295e-02 2.470029281732746482e-02 1.292116899497281444e-02 1.125619414986691463e-02 2.345886556111155888e-02 -2.773759829533869591e-05 8.267813448670616877e-03 1.180821828270916043e-02 1.399440241956238090e-02 6.000868187174220915e-03 6.243245652081840479e-03 8.747607269825595153e-03 4.477245762216439627e-03 7.844988376838682442e-03 1.224593820770319454e-02 2.548936390605788596e-02 6.768822282730216355e-02 1.623566569520014033e-02 1.176543976775797778e-02 6.482726146924583030e-03 2.315590885741364985e-02 3.300032182047450691e-02 1.927457463839900992e-02 3.585915253763872351e-02 5.454412644134195437e-02 3.588118098858063959e-02 1.224709819836594833e-02 8.079954433919064177e-03 2.310013522374048528e-02 4.775854736242281934e-03 3.351101068306816533e-02 1.772775798554174220e-02 4.173849260317383236e-02 5.062097691984607933e-02 5.392349231263226378e-02
1.347825288054979032e-01 1.000000000000000000e+00 3.898143289838008896e-02 1.031697741917328021e-01 4.606334101731696801e-02 6.218745776258580854e-02 1.223257608118373807e-01 9.114505995710479869e-02 1.624182115994168840e-01 1.390047966383158029e-01 1.257473297082914443e-01 1.252934272036358709e-01 9.594474822339781050e-02 1.199505102807921914e-01 1.226575632344964750e-01 1.254703577118470581e-01 1.207151831136051290e-01 1.001344968489019660e-01 9.777504402418014939e-02 8.820387762692201428e-02 9.632456774863562554e-02 9.657405200077262553e-02 1.146565646306373781e-01 8.663511634470488776e-02 7.987348230785054626e-02 1.238693078472354325e-01 1.103797168001387635e-01 1.186284157184097493e-01 1.134846159153138773e-01 1.303339120928423966e-01 1.353930908411027645e-01 1.325827379253374794e-01 1.267104692184692349e-01 1.184555469735603384e-01 1.382372127653221372e-01 1.107723797190758447e-01 1.198811076082858251e-01 1.051009601164620277e-01 1.192156917139800404e-01 9.096884843114298735e-02 1.267846531152090339e-01 1.100441047437297898e-01 8.941716226780542509e-02 1.084741540529242376e-01 1.242204981632494820e-01 1.103556554446282478e-01 1.386573389110456744e-01 1.406778185926982061e-01 1.255428871602573826e-01 1.049631449739710370e-01 1.138811912383872332e-01 7.666396916409609630e-02 1.020673578403488158e-01 1.494610668722030078e-01 1.203944726063481824e-01 1.171039284180459827e-01 1.252032599478084818e-01 1.322269682711864069e-01 1.195500702267046772e-01 1.453953849924715658e-01 1.184738710088549807e-01 1.292742496461218027e-01 1.245715620950682279e-01 1.202847842218217750e-01 1.452120653331283318e-01 1.443698864792610226e-01 1.426321935739589264e-01 1.212924949289773957e-01 1.312110838972206095e-01 1.328300845060605972e-01 1.155497510523321170e-01 1.227033041383114031e-01 1.157749765436230094e-01 1.084385643607887056e-01 1.254075556715968931e-01 1.275278481530855434e-01 1.349662824900978442e-01 1.250792804073655173e-01 1.208667541085800684e-01 1.402522794971814979e-01 1.309121885433640053e-01 1.315907434893614503e-01 1.341623297852057306e-01 1.442554130800487999e-01 1.298315874128969927e-01 1.310905698865035829e-01 1.301375939411844318e-01 1.340965982303992665e-01 1.314432800302121340e-01 1.340538309406957285e-01 1.242026687084117204e-01 1.248120263750547299e-01 1.248371537925514058e-01 1.265481284478309487e-01 1.385026156415508636e-01 1.397661083975109131e-01 1.120408396162210218e-01 1.326015114680001161e-01 1.248372231317089465e-01 1.316142225418630574e-01 1.176341375044013537e-01 1.279989657246351775e-01 1.199478329806169669e-01 1.230425512419129480e-01 1.256464943971829784e-01 1.359267035165538928e-01 1.361558812936615737e-01 1.418184114726779854e-01 1.344905167529326373e-01 1.367306482035886006e-01 1.325855622923522992e-01 1.400984204039955328e-01 1.371032984228854612e-01 1.348894926089532209e-01 1.439830312505925025e-01 1.456609823636152434e-01
4.806153031629606387e-02 3.898143289838008896e-02 1.000000000000000000e+00 2.176545332807676425e-01 9.577961721102044856e-02 1.194428535241014305e-01 1.959482058924511272e-01 1.869624255647795441e-01 2.389736278065049957e-01 2.290823864070515303e-01 1.906039159797969507e-01 2.376307847152766828e-01 2.456580859844055553e-01 1.997550720588999462e-01 2.381557661769951872e-01 2.386767421205907291e-01 2.237518089328811577e-01 2.469296505235176464e-01 2.342797542469551020e-01 2.176441939328128683e-01 2.183557209883950079e-01 2.384281414484293038e-01 2.077531761662372578e-01 2.460249140765530529e-01 2.326771167390638551e-01 2.284618931214530690e-01 2.302238597727676583e-01 2.300449656474646276e-01 2.117742691348215300e-01 2.439896824967086597e-01 2.470225165438996728e-01 2.499567120360339789e-01 2.149070572111252131e-01 2.439984922204464501e-01 2.608798874224326214e-01 2.075054943876643854e-01 2.365094617798955690e-01 2.238534669316626091e-01 2.359501952923408197e-01 2.012429149899115643e-01 2.469294296463185323e-01 2.415117463080138915e-01 2.363493136898372760e-01 2.469490585167898045e-01 2.376537296752134210e-01 2.362100317022131635e-01 2.592051514273653323e-01 2.605363509223728169e-01 2.461617510033401179e-01 2.291845468660148044e-01 2.364455428656949687e-01 2.396387318135028421e-01 2.530532479018794967e-01 2.679182815543067475e-01 2.618247679865344790e-01 2.547744950815075127e-01 2.723615517701334920e-01 2.545838628913411616e-01 2.578943691421548001e-01 2.687451184734846454e-01 2.592967579023186531e-01 2.729753605036480124e-01 2.655165341559197478e-01 2.515236562175875434e-01 2.718819767096241624e-01 2.771975612411999856e-01 2.551756981173661232e-01 2.603567651863774035e-01 2.624457363080681116e-01 2.552589031503378902e-01 2.621364243433393915e-01 2.660109692632683376e-01 2.655888836949468756e-01 2.638486604614562192e-01 2.554747367790963231e-01 2.570851446844121257e-01 2.484527959974702493e-01 2.464168728129219610e-01 2.490940761183504937e-01 2.533735288531235863e-01 2.570442825091303618e-01 2.565448377378436451e-01 2.503714447060602644e-01 2.610656832936233407e-01 2.534726685209904296e-01 2.549903537705811019e-01 2.460589627321793926e-01 2.499641982858945288e-01 2.491888587050636039e-01 2.567457482923102274e-01 2.503958075616587453e-01 2.552886425477697840e-01 2.572905922969325188e-01 2.486077651971516089e-01 2.578897683303900124e-01 2.607227189334028750e-01 2.453442535692943460e-01 2.573031943051252712e-01 2.473295009750921258e-01 2.487089033969309970e-01 2.478565295761351317e-01 2.590843031651430262e-01 2.580212074103538922e-01 2.555584485761903668e-01 2.559740847827026711e-01 2.725369746536768778e-01 2.561529082829284154e-01 2.587968673496822691e-01 2.620898571578611502e-01 2.565097857277802151e-01 2.621272268926664317e-01 2.627592777698651849e-01 2.662611615088529837e-01 2.564343335491854337e-01 2.633904610039964345e-01 2.722333390461683100e-01
1.051722770579978511e-01 1.031697741917328021e-01 2.176545332807676425e-01 1.000000000000000000e+00 2.228999744281318640e-01 2.343955273818996710e-01 4.029530998381061768e-01 4.145265207846313138e-01 4.723241967020759269e-01 4.516170861581766394e-01 4.022410518055198891e-01 4.763663794191095868e-01 4.258438886784059463e-01 3.761217075338332827e-01 4.820152782313371076e-01 4.794845208855634255e-01 4.480613246602291322e-01 4.749413769255249052e-01 4.630884619730175622e-01 3.997256949457795860e-01 4.428125518009777828e-01 4.737403403899199117e-01 4.292214163626970058e-01 4.377149151460438259e-01 4.633905043404488722e-01 4.817111275183422192e-01 4.687137308939237079e-01 4.609085220653865722e-01 4.700819057001509038e-01 4.912520780061579440e-01 4.883761038389123343e-01 4.865869067205437215e-01 4.313425493245192088e-01 4.276021204031613676e-01 4.663809380323856724e-01 4.288721362394294911e-01 4.426356163532483845e-01 4.711821705527925452e-01 4.692830190346172770e-01 4.345064217601955492e-01 4.667114591011145563e-01 4.708968384865099277e-01 4.641161562017099840e-01 4.750526960127996468e-01 4.735245859730287665e-01 4.584649303521420860e-01 4.785457524971821197e-01 4.945574872788414678e-01 5.054183196551397250e-01 4.736179116391192601e-01 4.718880284661240432e-01 4.576215791132580701e-01 4.731856543215351429e-01 5.048717076877130561e-01 4.958183625238109515e-01 4.880689307921869391e-01 5.275113263817562403e-01 4.816959452624942628e-01 4.961599665466698839e-01 4.997642514926328161e-01 4.906214569804641101e-01 5.039672384492893675e-01 4.990128645617688541e-01 5.136558568404991920e-01 5.021469453682061435e-01 5.224217489891910260e-01 4.879906869871237229e-01 4.895500078314196091e-01 4.859294890162346725e-01 4.917433167457299081e-01 4.898086264352061181e-01 4.972673835331187786e-01 4.841193435438522763e-01 4.855001880289902538e-01 4.950777039172029603e-01 4.849080424846708981e-01 4.846803223433535646e-01 4.925421118768446571e-01 4.833073302980021579e-01 4.910183927641629253e-01 4.768255574606424796e-01 4.873036110962708500e-01 4.863550079309773566e-01 4.819698672756255742e-01 4.790494857463131750e-01 4.755577072383480597e-01 4.663528447896472806e-01 4.806804408333536505e-01 4.791944760420490668e-01 4.871374426305618566e-01 4.733600699835185943e-01 4.803855843837434580e-01 4.809400397161902596e-01 4.795665641968963055e-01 4.877218835114945916e-01 4.873406217663049378e-01 4.875720536815430495e-01 5.097374791368628477e-01 4.865365307033397979e-01 4.834731659713207286e-01 4.826533423713749715e-01 4.976798333518822615e-01 4.865455400018036114e-01 4.911451985359453487e-01 4.954662776336896668e-01 5.157677491238781275e-01 5.001220065356821731e-01 4.885980195199491893e-01 4.888494328928288390e-01 4.889429691319964189e-01 4.876301108140977947e-01 4.940077933191320270e-01 4.950461258437217626e-01 5.029209149379464394e-01 4.968277073590933735e-01 5.066990002673398275e-01
6.100395375208599730e-02 4.606334101731696801e-02 9.577961721102044856e-02 2.228999744281318640e-01 1.000000000000000000e+00 2.109078358297692968e-01 3.251235037982802556e-01 3.399626443455830427e-01 3.467260011532511954e-01 3.134028509708648436e-01 3.349868038268539183e-01 3.646540802061992714e-01 4.084618991732797411e-01 2.846797910191533054e-01 3.728261506552841276e-01 3.990904052140251679e-01 3.317308605019553269e-01 3.481860088908423911e-01 3.719729048586843390e-01 2.874740827724838743e-01 3.466005557480615340e-01 3.880929347027680110e-01 3.504245537594439242e-01 3.650248636973239535e-01 4.009169362073375931e-01 3.697585726354407631e-01 3.601573780572167593e-01 3.532926820587600769e-01 3.553814101763040356e-01 3.805999181894951788e-01 3.842031768492846777e-01 3.608159717471122185e-01 3.214623988870281557e-01 3.352310663951159619e-01 3.507752497913904643e-01 3.556999439775833660e-01 3.678492499913190716e-01 3.568564303255896686e-01 3.759257875532443505e-01 3.558351906169482382e-01 3.838172006892067167e-01 4.030752073037822680e-01 4.062580054080024428e-01 4.117737919837848870e-01 3.784235222569566903e-01 3.811814051430598149e-01 3.971944610362935224e-01 3.851721517618033608e-01 3.882154634093203383e-01 3.738737380904393892e-01 3.898721572220207876e-01 4.089777394693575041e-01 4.088391038277914280e-01 3.762040482818507781e-01 3.697264055316625275e-01 3.829511359462892117e-01 3.772759086682436758e-01 3.987533391590614151e-01 3.738140797246702340e-01 4.137089824334447830e-01 3.991112296708766438e-01 3.801738584893833983e-01 3.711292751778140220e-01 3.984877559614099507e-01 3.970313033493813037e-01 3.928142525400082352e-01 3.930601326149402164e-01 3.977858470578647387e-01 3.916903126749416431e-01 3.956835754074478628e-01 4.033659147473876994e-01 4.018951298014640794e-01 4.001852571896029609e-01 4.111272152548543501e-01 3.961944830184684907e-01 3.955888576494201447e-01 3.850950590104408877e-01 3.900807720048307115e-01 3.939271744411325105e-01 3.892502388310373762e-01 3.901200599574339845e-01 3.948296230339762847e-01 3.891098269513033614e-01 3.831677749356509066e-01 3.928296837116308504e-01 3.900393811703837810e-01 3.867203089147756567e-01 3.901266303448038819e-01 3.875502778564317574e-01 3.954101936948660745e-01 3.898650361186642987e-01 4.009114141225042505e-01 3.973627585625731928e-01 3.953541687848943220e-01 3.891709372553861512e-01 3.918316024037148404e-01 3.940678353139481227e-01 3.846040066375440158e-01 3.899830099285963025e-01 3.967061169428175993e-01 4.044330928157471305e-01 3.822947935813071352e-01 4.058433434925944883e-01 4.047780327322842431e-01 4.041787868869958222e-01 3.768135060795348990e-01 3.916332227050296488e-01 3.891610595046310350e-01 3.865434761068129443e-01 3.980853082111291408e-01 3.813186137341343929e-01 3.985795420804669198e-01 3.809702674279022427e-01 3.954561703102811299e-01 3.958471321267646448e-01 3.912699550020385386e-01
8.525764262628397674e-04 6.218745776258580854e-02 1.194428535241014305e-01 2.343955273818996710e-01 2.109078358297692968e-01 1.000000000000000000e+00 4.317819338155905462e-01 3.424265803168154987e-01 4.134671277249200583e-01 4.123934366098412352e-01 4.194443618008425467e-01 4.436112871017664494e-01 4.154323729325267167e-01 3.989252129553401138e-01 4.804956046724551122e-01 4.485495498869987441e-01 4.146935139057236208e-01 4.024607762284148071e-01 4.488070935632356151e-01 3.430740824208066697e-01 3.861612110860407343e-01 4.568079881864561265e-01 4.428865887352183006e-01 4.360011973316841871e-01 4.457287033896863426e-01 4.859630091899259097e-01 4.755218991063088763e-01 4.871619385094930754e-01 4.685836752890036871e-01 4.812752377355949962e-01 4.934131232156122038e-01 4.793191191565757681e-01 4.552862746252782644e-01 4.419209700523160089e-01 4.655358976256912529e-01 4.277607773494638277e-01 4.961415735903449420e-01 4.816901426417410925e-01 4.797050302119771903e-01 4.546745456593729862e-01 4.862204826455681084e-01 4.971056371767492155e-01 4.719145393426337765e-01 4.956119497355024328e-01 4.811563762723801707e-01 4.926643302809231573e-01 5.043131022533601238e-01 4.985934602456928988e-01 4.952475542684936505e-01 4.737146379149371200e-01 4.881797586549870283e-01 4.476954922281074500e-01 4.761993586680092760e-01 4.891993952796990230e-01 4.830590329256869153e-01 4.872543045290413932e-01 4.640633855644317185e-01 4.936399411020981343e-01 4.893630920663341599e-01 4.957945167266837871e-01 4.958057370078527981e-01 4.791116997501933539e-01 4.729577577311913639e-01 4.773009773162495417e-01 4.802509577714784705e-01 4.817573573679103105e-01 4.963347502496938124e-01 4.984046857908501216e-01 5.014562932234957193e-01 4.932931223919946873e-01 4.923116105175174284e-01 5.013063005543542117e-01 4.969995453165217958e-01 4.955634644792065169e-01 5.070676385301438049e-01 5.079718520378531110e-01 5.122074545885756391e-01 5.054172499337300506e-01 5.094475197788469467e-01 5.003330251072882762e-01 5.044632959717407772e-01 5.081077195324317231e-01 4.877351072676256449e-01 5.050820913706766113e-01 5.027827397110549157e-01 5.024445668223074257e-01 5.022639700082535130e-01 5.031851938686353609e-01 5.057363229124375303e-01 4.908265621652099786e-01 5.065548042189924605e-01 5.065379128213782778e-01 5.039849552280097900e-01 5.084907407903439536e-01 5.001578935270493131e-01 4.994014177260723830e-01 4.822067732903894122e-01 4.828524108125252789e-01 5.002572368910923606e-01 5.029012271685121549e-01 4.999976890775823524e-01 4.904062391256858722e-01 4.953692263038179666e-01 5.030297341488924046e-01 4.929127487330088875e-01 4.722588490401581907e-01 5.005274310775040814e-01 4.988204434545822075e-01 4.921662584775544635e-01 5.009258052754335111e-01 4.924938677084252925e-01 5.006971020845445430e-01 4.886378458788541712e-01 4.917563215187786274e-01 4.917707137320289079e-01 4.900203232863494240e-01
4.551292949213339017e-02 1.223257608118373807e-01 1.959482058924511272e-01 4.029530998381061768e-01 3.251235037982802556e-01 4.317819338155905462e-01 1.000000000000000000e+00 5.786037807798216637e-01 6.400931102109114201e-01 6.152757334642335874e-01 6.274481890487363378e-01 6.830692545002878813e-01 6.252804356449592760e-01 5.888722295285391262e-01 7.623067554816412850e-01 7.100942547809553362e-01 6.537323050111264466e-01 6.816520840611507426e-01 7.126748688077345628e-01 5.804732648666933725e-01 6.530874221588972572e-01 7.056902371995955603e-01 7.167758299574102931e-01 7.055755788884114921e-01 7.059094344058414183e-01 7.471191650193254041e-01 7.233971349579970678e-01 7.557643485423287677e-01 7.504935249539612663e-01 7.548222600032268303e-01 7.562189824705271013e-01 7.441231503122296420e-01 7.141183587881211325e-01 6.980619595735623184e-01 7.149520438854101156e-01 6.737442256718504385e-01 7.395039020959657261e-01 7.304104067849384041e-01 7.547188216693985208e-01 7.118179070473377168e-01 7.290305915102284207e-01 7.417385871870980640e-01 7.274843622699964651e-01 7.504693880510381332e-01 7.385286567923928791e-01 7.670129844664940189e-01 7.329678511396989782e-01 7.403319786436022287e-01 7.360672538231535222e-01 7.005850292852413563e-01 7.294831900888844034e-01 6.911764746282119676e-01 7.149577634893554690e-01 7.396566342764623325e-01 7.271670102222397292e-01 7.417588319556963627e-01 7.207288526248333271e-01 7.396463129451369412e-01 7.369548397262308814e-01 7.326243766804889646e-01 7.363919946378779668e-01 7.261441927131909724e-01 7.191039825504881300e-01 7.271927039379103563e-01 7.221317447033378523e-01 7.227570951228283747e-01 7.368226809489324403e-01 7.502686229652527627e-01 7.545109183662246366e-01 7.526846121509942478e-01 7.377982441487711540e-01 7.471739595622090002e-01 7.506190708116937671e-01 7.446507911740920527e-01 7.578299388270267611e-01 7.492500123532045420e-01 7.589809107130663923e-01 7.637143743549097419e-01 7.569953104087325801e-01 7.443766282958318437e-01 7.508281359505549757e-01 7.510440022207076627e-01 7.490643454216463493e-01 7.466803230763405796e-01 7.321101353017827051e-01 7.436064151185669546e-01 7.438750302369548928e-01 7.492208822212672592e-01 7.538686076854660412e-01 7.483121192109942754e-01 7.530125491503949497e-01 7.438378324270625841e-01 7.442844639690515685e-01 7.578625336983846328e-01 7.371325856626641526e-01 7.385434783850095553e-01 7.217644538648571029e-01 7.182673212199360835e-01 7.350657515098703021e-01 7.377033270284363287e-01 7.406191769901444566e-01 7.347033052935707520e-01 7.343350069157892346e-01 7.382520994519125024e-01 7.328791511207911613e-01 7.297888591051255869e-01 7.383969692732271772e-01 7.394188659427837207e-01 7.439491448775638061e-01 7.382547641304266772e-01 7.389713433187955482e-01 7.385982901997578676e-01 7.348572435858212737e-01 7.334545771772725820e-01 7.338472619459863733e-01 7.301898624432616725e-01
4.412232860859540556e-02 9.114505995710479869e-02 1.869624255647795441e-01 4.145265207846313138e-01 3.399626443455830427e-01 3.424265803168154987e-01 5.786037807798216637e-01 1.000000000000000000e+00 5.843208923611339367e-01 5.566099141332865319e-01 5.328086236197303593e-01 6.311588585735741219e-01 5.705951519433744012e-01 5.114637131561352579e-01 6.658466414128713096e-01 6.875147480172834058e-01 6.150527014959717986e-01 6.433526978184708200e-01 6.407452254223762189e-01 5.298871883115050530e-01 6.098906307297399243e-01 6.491551622230510299e-01 6.219877430668963036e-01 6.121993343072651417e-01 6.370452157239449020e-01 6.554386416049279296e-01 6.350029416860332176e-01 6.520878794132113354e-01 6.443624543571999652e-01 6.688851652566462080e-01 6.653965191679700464e-01 6.643306191210709422e-01 6.050300024611465766e-01 6.069467890461275328e-01 6.205702259554175537e-01 6.260307187857756528e-01 6.315205391671540047e-01 6.700380918481377845e-01 6.648880400701119298e-01 6.440493177692364624e-01 6.354738869129786805e-01 6.569258033589611134e-01 6.617930560320708366e-01 6.795222168529396756e-01 6.492005188591933873e-01 6.716791137648270293e-01 6.442136439113035351e-01 6.582363194542634188e-01 6.833551335381485847e-01 6.624619714834142359e-01 6.669658180331128339e-01 6.414987199051609412e-01 6.545093169855067394e-01 6.538058709661885848e-01 6.600055345289509434e-01 6.610194559881980014e-01 6.841084990449594061e-01 6.530628848892896521e-01 6.694135450800151599e-01 6.557273249603495779e-01 6.697562181776979262e-01 6.610836352177011932e-01 6.690174712570732263e-01 6.863204479886102494e-01 6.497921988624337786e-01 6.606735280437734392e-01 6.522189812744695336e-01 6.603946703199918833e-01 6.655280909035845571e-01 6.701911940954569102e-01 6.594004915694430258e-01 6.589725278559805943e-01 6.568571392675843779e-01 6.549239182484961619e-01 6.667544468153226989e-01 6.557766405785142583e-01 6.556256501529933445e-01 6.641511210964463618e-01 6.615028463014588356e-01 6.576278806028934554e-01 6.487265928804405446e-01 6.587385681513316937e-01 6.666692043921484956e-01 6.471975946236820931e-01 6.573771420135673393e-01 6.523776933647871257e-01 6.472277125455215829e-01 6.600987017819363034e-01 6.567598120585308452e-01 6.641532415683559787e-01 6.539435620289162365e-01 6.539932021108202376e-01 6.548477828210597096e-01 6.619040872707434575e-01 6.465732485204641611e-01 6.495540501701869696e-01 6.657635118849178912e-01 6.637851407089111477e-01 6.637591101837598817e-01 6.576105949543681328e-01 6.665819988743223456e-01 6.675983784522142583e-01 6.581924461700221496e-01 6.617434901080544440e-01 6.583405316313010180e-01 6.638481620807704653e-01 6.654642516010286224e-01 6.471449992634175086e-01 6.590879748545220851e-01 6.524467567288334546e-01 6.536035789302290233e-01 6.532438850018985610e-01 6.517365528110937722e-01 6.648986012483981689e-01 6.497133042725912189e-01 6.451197295230225448e-01
1.704878490506896993e-01 1.624182115994168840e-01 2.389736278065049957e-01 4.723241967020759269e-01 3.467260011532511954e-01 4.134671277249200583e-01 6.400931102109114201e-01 5.843208923611339367e-01 1.000000000000000000e+00 7.231709045294361093e-01 6.950169768149949689e-01 7.688867722880730060e-01 6.772882745870932863e-01 6.178605810483237537e-01 7.972479156586446125e-01 7.566201617149308500e-01 7.587161784951285126e-01 7.229783124814483930e-01 7.518975174237263470e-01 6.363812471548613292e-01 7.090749261985203056e-01 7.577859094830416975e-01 7.358115460818435150e-01 7.406603312990787114e-01 7.489969630811712520e-01 8.055764538629760496e-01 7.783205227750540356e-01 7.779914978280227933e-01 7.856818620216127202e-01 8.135484219708990494e-01 8.152058785179784328e-01 8.091310960074007408e-01 7.370356238773606572e-01 7.480872725087633901e-01 7.660182836747733148e-01 7.373487555641485836e-01 7.772172368869197934e-01 7.915710176800009323e-01 8.042326781094017996e-01 7.419644401376302989e-01 8.039291589836917717e-01 8.067624825903134678e-01 7.842567694934374778e-01 8.132326415111758022e-01 7.958665201668611022e-01 7.962905148695632596e-01 8.166806817328380319e-01 8.334832581566401499e-01 8.323692770623823955e-01 7.875766477431962453e-01 8.018920321844003052e-01 7.804677487971271033e-01 8.097936790181841094e-01 8.333499703570073081e-01 8.098347896144892921e-01 8.060069380382695048e-01 8.321568479592059697e-01 8.206472558131057138e-01 8.129214869270207089e-01 8.396894907229955907e-01 8.246852994950604199e-01 8.196126650969586258e-01 8.118433161431185541e-01 8.301479863467996489e-01 8.395074196446213888e-01 8.455476304775600971e-01 8.278156317525000585e-01 8.207570339909816548e-01 8.237841265420416947e-01 8.236833594054101537e-01 8.121871006668431869e-01 8.259048779597020218e-01 8.216068511464026392e-01 8.116742064591502270e-01 8.307417378795894924e-01 8.205061509511790696e-01 8.200046051753606680e-01 8.219881335218067742e-01 8.165728662762168355e-01 8.240724407762274328e-01 8.166325729971830594e-01 8.259021226384755110e-01 8.210542308168707892e-01 8.186185430947687802e-01 8.194916640978876510e-01 8.240290658868049123e-01 8.098264859692820838e-01 8.209036648019001348e-01 8.222512271229922565e-01 8.161556580460379573e-01 8.097267905698165569e-01 8.167278776150065367e-01 8.147115698628878411e-01 8.172562291693482583e-01 8.206498047994555955e-01 8.225679196732309517e-01 8.129265127302616190e-01 8.337594148819615913e-01 8.201241920345988534e-01 8.220186703813694429e-01 8.156625269351164276e-01 8.214056613988027777e-01 8.260169629487867926e-01 8.266392422155922626e-01 8.304403179256077960e-01 8.265517983479804265e-01 8.335815396435927171e-01 8.216352126840572589e-01 8.194627027901523197e-01 8.256206823856672150e-01 8.136229994186822134e-01 8.330207178243567157e-01 8.209540152046265193e-01 8.339513288953338543e-01 8.355756367252124006e-01 8.358467896538714914e-01
5.476864693895559105e-02 1.390047966383158029e-01 2.290823864070515303e-01 4.516170861581766394e-01 3.134028509708648436e-01 4.123934366098412352e-01 6.152757334642335874e-01 5.566099141332865319e-01 7.231709045294361093e-01 1.000000000000000000e+00 6.466584460780440136e-01 7.394003729010715231e-01 6.494598462900297298e-01 6.163619356198889454e-01 7.612176077386586526e-01 7.347108128606761879e-01 6.797346441191196575e-01 6.607455250982268158e-01 7.076962947857635688e-01 5.981683718018876439e-01 6.368383555347995051e-01 7.083191886533826143e-01 7.253280026148274384e-01 6.984078853234877426e-01 6.931395050942252833e-01 7.629381419238099316e-01 7.484943870981418668e-01 7.650427367997671979e-01 7.523257534600195084e-01 7.824449257066867780e-01 7.928738564260979782e-01 7.864251061077697225e-01 7.362015873220020268e-01 7.195048178139896722e-01 7.553278031422991923e-01 7.103065214392343396e-01 7.693051567846692640e-01 7.743178190915940284e-01 7.744391649489547058e-01 7.414761913354204204e-01 7.905984829093152255e-01 7.804793659650836046e-01 7.508590781766076860e-01 7.793554028992820681e-01 7.733291998580312798e-01 7.716150795386084171e-01 7.894443815351109839e-01 8.072825589063454821e-01 7.899120648606476891e-01 7.443639239300844368e-01 7.747470584014294337e-01 7.134966252301483403e-01 7.549885334367002487e-01 8.068885548698875310e-01 7.898964076500856191e-01 7.930142982612297109e-01 7.857309488595171088e-01 7.923295775276724129e-01 7.921200669069907718e-01 7.970576194589464869e-01 7.847125871077844650e-01 7.915891660112049921e-01 7.852416648279163525e-01 7.733042818942407193e-01 7.860082486462875995e-01 7.940026463922393862e-01 7.933187650423172421e-01 7.905511301743813890e-01 7.984817661065368721e-01 7.897751061311588661e-01 7.732244984960473522e-01 7.932946051280477251e-01 7.878643680596264520e-01 7.775637025952895076e-01 7.970884698216743613e-01 7.922013012673547738e-01 7.937778737732275047e-01 7.929803457068096417e-01 7.877883624600967583e-01 7.935875506393312850e-01 7.973855931016118337e-01 7.988536915493579249e-01 7.905884390265658368e-01 7.975211272687148245e-01 7.828055548151254817e-01 7.871027155189078695e-01 7.912921217091363202e-01 7.913143440026247921e-01 7.951805272379280920e-01 7.929379997277223868e-01 7.922661234160346400e-01 7.905571347197692944e-01 7.901214269962282266e-01 7.944721934719166656e-01 7.919099427014673065e-01 7.953881019401325414e-01 7.667877415578638889e-01 7.742785231214959207e-01 7.819126926601365213e-01 7.885417492975919096e-01 7.824976317172698259e-01 7.819835904003127336e-01 7.816739839665731715e-01 7.883643863478116964e-01 7.858890501606303758e-01 7.822840005985280953e-01 7.918099093349252326e-01 7.948952165640912337e-01 7.915132468783460107e-01 7.928553922291193823e-01 7.878442955939415349e-01 7.956788940389374343e-01 7.907382845606902855e-01 7.874176737522488034e-01 7.917325447785503734e-01 7.933583582578973559e-01
1.707903039046835408e-02 1.257473297082914443e-01 1.906039159797969507e-01 4.022410518055198891e-01 3.349868038268539183e-01 4.194443618008425467e-01 6.274481890487363378e-01 5.328086236197303593e-01 6.950169768149949689e-01 6.466584460780440136e-01 1.000000000000000000e+00 7.523635016783820628e-01 6.511624745590437469e-01 6.061298821036693596e-01 7.683704410518203964e-01 7.405346578046141381e-01 6.775181490604210710e-01 6.721546140784350198e-01 7.222689779389925846e-01 5.877828722846158982e-01 6.428305412770963789e-01 7.163238080206447700e-01 7.061069488755405965e-01 7.019619028089933988e-01 7.139948484291730457e-01 7.685373710636644873e-01 7.584590458146925895e-01 7.641466251115954789e-01 7.478804846325789457e-01 7.888298497701464740e-01 7.924977949133676924e-01 7.731760074097583368e-01 7.206860194183456469e-01 7.089805527524207784e-01 7.550504154633080889e-01 6.961276557797302367e-01 7.733066914758730537e-01 7.756351712972620049e-01 7.799786076951785718e-01 7.380859971443918255e-01 7.976640810566808515e-01 8.021001441410493538e-01 7.715814711344497479e-01 7.999199132349759100e-01 7.794972967054302204e-01 7.960250522975316212e-01 8.144207618021319650e-01 8.138609544765897930e-01 8.000548048542109880e-01 7.510006169093370598e-01 7.854935577461666929e-01 7.274245667818599603e-01 7.751579018559596745e-01 8.145259319096501693e-01 8.009532170804881668e-01 7.991614505812887348e-01 7.800904689951488891e-01 8.112228719959440060e-01 8.030139280808809010e-01 8.133674599972421371e-01 8.086593322811279627e-01 8.083984211992453206e-01 7.953160355113989555e-01 7.859167459154368096e-01 7.865347598996867973e-01 7.950603458444961413e-01 8.129242918917023442e-01 8.113881253359956913e-01 8.155913995164737473e-01 8.119196651486153549e-01 7.980262888385382114e-01 8.122218642949297074e-01 8.088581785901038934e-01 8.045405338727117384e-01 8.178798297033201825e-01 8.163460441919125898e-01 8.135670118777025284e-01 8.084596903941504431e-01 8.141291153830617633e-01 8.179997508524751160e-01 8.164046570821962279e-01 8.214606422341647063e-01 8.010489811298543428e-01 8.112102966999774623e-01 8.020777696463248230e-01 8.064809059559004956e-01 8.081500207629572774e-01 8.168195107368084740e-01 8.144129226054142023e-01 8.117085288881713545e-01 8.076603150152144028e-01 8.187929139964754688e-01 8.094822164894084349e-01 8.179522338867245557e-01 8.186518768591136697e-01 8.196156647723212840e-01 7.914819275109167274e-01 7.911557282676418001e-01 8.129090377697026915e-01 8.118226686149045968e-01 8.104349832637303130e-01 8.067627806715127470e-01 8.095344320251398607e-01 8.146931099292330503e-01 8.074672850706628990e-01 7.969528119335668181e-01 8.140977516343452791e-01 8.204603401350474279e-01 8.178253365044760859e-01 8.177026120352999250e-01 8.153031734687666843e-01 8.176651736762263756e-01 8.149500788775296822e-01 8.099628845498698659e-01 8.058994937944913284e-01 8.112169517268665864e-01
3.677182866510718406e-02 1.252934272036358709e-01 2.376307847152766828e-01 4.763663794191095868e-01 3.646540802061992714e-01 4.436112871017664494e-01 6.830692545002878813e-01 6.311588585735741219e-01 7.688867722880730060e-01 7.394003729010715231e-01 7.523635016783820628e-01 1.000000000000000000e+00 7.289881817396626218e-01 6.664372070031356898e-01 8.528164830749327407e-01 8.302412399106461338e-01 7.656890431308983613e-01 7.587617610871595364e-01 8.097079038812579066e-01 6.631500152905553946e-01 7.371576318357347946e-01 8.061803252849786272e-01 7.978779050965003616e-01 7.888600534271508202e-01 7.963347698122088536e-01 8.519923903224665418e-01 8.266071241006153203e-01 8.399833036258775865e-01 8.282984294773690914e-01 8.665536186028484078e-01 8.753291659750237486e-01 8.657908057483209019e-01 7.989728450010034067e-01 7.917433481779926341e-01 8.251591697958146066e-01 8.037935668614024642e-01 8.527451706281461430e-01 8.633961995588784744e-01 8.628006515064819970e-01 8.270912276198308932e-01 8.807051778373897744e-01 8.788864053309147772e-01 8.577504483927469447e-01 8.844316078812340942e-01 8.696593756226870253e-01 8.725786651553474327e-01 8.905162639203931807e-01 8.956808317480695614e-01 8.876104132683231285e-01 8.470039552159224217e-01 8.742076686902658933e-01 8.232020083269139255e-01 8.610373108707312095e-01 8.930128689773810802e-01 8.852212804697281445e-01 8.867637337582098267e-01 8.830818485155778053e-01 8.889292208392668426e-01 8.891869688344761213e-01 8.909130064957621054e-01 8.936034165879076507e-01 8.881450538639946712e-01 8.852939916990739677e-01 8.833800884012416033e-01 8.811709555844489117e-01 8.855844535899144443e-01 8.942062359442923825e-01 8.934456572059971124e-01 8.942161543898361487e-01 8.910596839558099225e-01 8.821006534314445036e-01 8.938829937702755801e-01 8.874282770090026196e-01 8.835005128430850618e-01 8.966274394393844993e-01 8.936117599327173533e-01 8.871624155903956588e-01 8.883467725612921306e-01 8.863496496739541319e-01 8.921193342703115370e-01 8.877707655745536997e-01 8.975182026538762736e-01 8.904803249604992255e-01 8.842639054195606807e-01 8.823023435933026182e-01 8.842104704311786190e-01 8.874396024756671109e-01 8.936677513384574389e-01 8.909677078492905800e-01 8.935511084988937425e-01 8.900861834961085739e-01 8.941566990299416595e-01 8.924083509820486260e-01 8.933385715543440408e-01 8.941443103835884365e-01 8.951085204359314762e-01 8.752200956476106075e-01 8.790149257366277613e-01 8.928001150979562039e-01 8.922385947980826515e-01 8.920554769784602156e-01 8.901845363892960661e-01 8.878395917078605315e-01 8.940295652469671950e-01 8.932103882419699659e-01 8.837100529733373788e-01 8.941723029176023019e-01 8.951185183384706701e-01 8.938954700728736213e-01 8.954275177402073460e-01 8.922863514112591155e-01 8.956639169164198888e-01 8.911936903999631010e-01 8.944987677899661760e-01 8.933065988072225183e-01 8.893409884673832977e-01
3.069285363884693973e-02 9.594474822339781050e-02 2.456580859844055553e-01 4.258438886784059463e-01 4.084618991732797411e-01 4.154323729325267167e-01 6.252804356449592760e-01 5.705951519433744012e-01 6.772882745870932863e-01 6.494598462900297298e-01 6.511624745590437469e-01 7.289881817396626218e-01 1.000000000000000000e+00 5.979417092281847923e-01 7.593486319973965504e-01 7.518660819273292883e-01 6.970329989190702236e-01 6.727034217232483737e-01 7.259720200607493457e-01 5.840163851024933184e-01 6.690948165211667575e-01 7.412329004386063458e-01 7.057292996405687413e-01 7.221006224402244378e-01 7.277437654852110249e-01 7.560523043989488823e-01 7.444509313575340403e-01 7.428601444529400188e-01 7.388820671657173600e-01 7.793322999233610604e-01 7.827411031801674302e-01 7.741174750209176558e-01 7.138177494727582229e-01 7.289866797841036972e-01 7.468020110317823423e-01 7.204342317032004228e-01 7.616895120856173040e-01 7.583982498722242616e-01 7.709084507923554819e-01 7.228609290275714860e-01 7.789879265230678085e-01 7.906823371837012893e-01 7.798936779582281709e-01 8.006684438901684464e-01 7.759636473363087372e-01 7.723303969130534963e-01 7.967473082865559331e-01 7.950147274965039257e-01 7.893621213597790121e-01 7.637795947067056446e-01 7.865765211628847897e-01 7.624543506234102708e-01 7.904443795940846451e-01 7.836858377467375014e-01 7.663579980262733571e-01 7.806096507133525320e-01 7.731872402344486250e-01 7.942085211913444409e-01 7.797563387301795768e-01 8.087682289365619726e-01 7.989887963169481910e-01 7.779506716274413591e-01 7.699827408092769776e-01 7.920501069291675522e-01 8.003744570590202168e-01 7.922837605723855869e-01 8.000664766918946791e-01 8.002251684339470872e-01 7.997520231295811577e-01 7.941064216808094711e-01 7.964563342000313684e-01 8.073671415191120415e-01 7.951259927961332741e-01 7.985982604119670203e-01 8.022554402428522247e-01 7.978844022089732757e-01 7.932319511157385206e-01 7.966277660438928487e-01 7.991719545609103914e-01 7.973952120518253972e-01 7.973465700924009525e-01 8.022586111350166194e-01 7.931899308350330857e-01 7.975769115411192045e-01 7.943675847990278038e-01 7.945789594936897293e-01 7.948264837084886292e-01 7.968416875239413555e-01 7.971224108452032997e-01 7.942791356257611346e-01 7.918524689624245605e-01 8.002420114956012576e-01 8.013485184026899466e-01 8.000691960157599869e-01 7.957671860121325880e-01 7.977843168792893014e-01 7.749252553272109045e-01 7.807369557740830857e-01 7.906760037254243478e-01 7.973593388010653538e-01 7.987713796406783473e-01 7.846044540680081614e-01 8.014955207977516594e-01 8.012655700857624907e-01 8.021920050637386668e-01 7.730979732283502770e-01 7.942441359566579928e-01 7.952068322536287592e-01 7.903505595340005740e-01 8.005141002306804809e-01 7.853195559267024395e-01 8.037410606764139320e-01 7.840250670778599051e-01 7.954365533104538200e-01 8.043020867318799727e-01 7.943339820495960435e-01
