1.000000000000000000e+00 1.067211271108211568e-01 1.288807219327333109e-01 -2.129508578087950174e-02 2.738558738866719508e-02 6.407865248074727516e-02 4.845272091077235804e-02 3.990750200818581755e-02 1.229864581129916645e-01 4.928116689861243571e-02 4.007976895173346460e-02 8.381780455998258383e-03 1.702869002984574651e-02 2.096939106374690054e-02 2.163976429489925316e-02 4.333319202020066013e-02 5.632712017903278301e-02 1.738957415827889486e-01 1.439920353246491591e-01 1.247845099718711132e-01 1.714962656498523474e-01 1.356722572937548166e-01 1.406044188762925196e-01 1.528573057788692457e-01 1.817749010655142217e-01 1.214332417696143834e-01 9.450210681856208161e-02 9.623280310909801405e-02 1.426913287466075597e-01 1.245551642261726044e-01 1.071714330054146652e-01 6.248501468220261923e-02 7.077685366044629556e-02 8.037272150657208403e-02 8.419817675763612008e-02 6.928864155026462357e-02 9.511093226805375500e-02 4.104275170664445360e-02 4.359203376452320394e-02 4.945888197027213662e-02 4.436259456714337218e-02 3.489074739175831996e-02 3.194090723378088803e-02 3.333476405782540009e-02 4.699494959614937406e-02 4.539039699240760700e-02 6.108509512597108670e-03 1.465453651160851696e-02 1.281155246705685882e-02 4.417277124696713381e-02 1.863423547332942326e-02 2.924157859053546499e-02 2.393873219305667904e-02 3.513594388994006196e-02 5.991080053087114582e-02 5.161014670798614451e-02 5.167851755491380955e-02 2.303665444418027605e-02 2.966088009970552219e-02 1.896001076470428537e-02 2.451615277655111794e-02 2.035309786136722809e-02 2.361665514755285564e-02 2.415936646657074194e-02 2.962365168648675370e-02 4.153087514606805530e-02 2.456047670195691396e-02 4.519653984780139938e-02 4.215737921706611685e-02 6.080619395586341763e-02 5.982032645532401466e-02 5.029494028422764468e-02 6.348659488936544970e-02 6.477653139442843266e-02 4.947316756693960482e-02 3.337406474800022615e-02 3.783559571681826411e-02 6.450779657850537474e-02 4.603516214753496094e-02 5.719275638150986274e-02 5.102068947034672786e-02 4.903139443920454671e-02 3.789336132727488121e-02 4.587200274108371723e-02 4.157586316653468644e-02 3.569061212339218192e-02 3.388981895901584107e-02 2.302469778370088566e-02 2.399127528046981345e-02 3.873670150304081572e-02 2.882259495209811909e-02 1.747743848180604784e-02 2.642460586164878389e-02 1.965256461356960221e-02 3.217694017594517966e-03 6.660507459541028900e-03 1.436992243489543242e-02 3.344973363192858817e-02 9.306399414449544050e-03 1.624007638386482447e-02 1.019030808477130665e-02 1.467023656311126738e-02 1.129326039535189126e-02 1.076082056209370572e-02 2.257792480405808669e-02 1.668801023834475677e-02 1.004855651616510560e-02 1.485652747035427074e-02 2.370608218123744851e-02 1.300334370969027237e-02 1.185746231090215562e-02 9.017338614591113855e-03 1.068522998453395705e-02 1.533782672644762313e-02 2.126505440431512503e-02 1.836119592382922522e-02
1.067211271108211568e-01 1.000000000000000000e+00 8.248098969779975309e-02 4.963870777074663038e-02 3.911112034450020536e-02 1.259853954624971517e-01 1.354060042600499225e-01 1.412567616137770932e-01 1.908905782491259751e-01 1.868764916802267140e-01 1.634534331811214880e-01 1.554954188969150386e-01 1.493101423441369480e-01 1.495908484373432434e-01 1.639566130535442257e-01 1.746616931838959608e-01 1.743186684691235833e-01 1.889068172977250160e-01 1.994436623659603114e-01 1.590238944159717560e-01 1.816586450514817708e-01 1.898809105103690387e-01 1.995094433620398788e-01 1.800161911718944630e-01 2.045927426081252110e-01 2.131490036733026672e-01 2.004108146802048851e-01 1.980138729071747872e-01 2.229764452832928845e-01 2.267509190719052270e-01 2.061008032363022269e-01 1.845551368947712656e-01 1.749589672195788204e-01 1.767402124541075370e-01 2.024652935686739874e-01 1.777837791162306669e-01 2.044518515433780548e-01 1.954715266527015383e-01 1.883300326291975357e-01 1.605317621989605092e-01 1.914222500996616005e-01 1.727108654659058051e-01 1.802053966731204937e-01 1.767456620564253345e-01 1.779503945923782415e-01 1.927738429747705706e-01 1.663971118601690613e-01 1.805765107898026078e-01 1.746091805486081894e-01 1.687688725810159440e-01 1.750351103174753453e-01 1.521986891067559355e-01 1.731855485822914043e-01 1.861976380566404965e-01 2.030653480008198231e-01 1.853432950547408975e-01 1.910845604057736791e-01 1.778046898249510399e-01 1.895635549669588416e-01 1.771027140592835170e-01 1.869232280692502135e-01 1.836411765927494222e-01 1.905410358340962895e-01 1.799169646563540115e-01 1.739585276454852780e-01 1.883035784205402963e-01 1.792376576712206293e-01 1.853761646279320496e-01 1.845268244882428688e-01 1.845062894660857433e-01 1.877433009014389531e-01 1.886467255956029709e-01 1.868080708828758763e-01 1.872219498867662424e-01 1.947196651660365041e-01 1.836162810087965114e-01 1.868140399851244970e-01 2.015968438677348262e-01 1.870762894780535757e-01 1.994332530059032271e-01 1.920691868291056204e-01 1.927344459792583731e-01 1.841657628878713981e-01 1.943663629330613096e-01 1.797330947923472255e-01 1.805918259115145696e-01 1.850634664432462273e-01 1.793764438901676861e-01 1.824056947618306890e-01 1.869655535044211225e-01 1.770430688104659145e-01 1.728320390973952514e-01 1.772142750212274409e-01 1.780996770643462068e-01 1.744570147624394940e-01 1.734994387111482017e-01 1.661707701383745017e-01 1.744891340121677292e-01 1.709543049836770301e-01 1.718075532176622233e-01 1.687843808444189353e-01 1.749033069369310134e-01 1.715232443916401839e-01 1.705460414579996753e-01 1.721874108616130716e-01 1.749112373127259812e-01 1.700067371127693683e-01 1.781823314752229159e-01 1.810781994887174229e-01 1.723387267717789717e-01 1.786079461250199008e-01 1.741698022498280318e-01 1.751277676699923014e-01 1.729879343046309692e-01 1.762582975183971390e-01 1.742261825692036636e-01
1.288807219327333109e-01 8.248098969779975309e-02 1.000000000000000000e+00 3.044798770214403594e-01 2.186963693368940698e-01 2.726519257925982265e-01 3.944737527730143856e-01 3.358555783541920525e-01 3.830662538568816999e-01 3.123536563612818728e-01 3.801463589329420190e-01 3.967758242909136812e-01 3.501347176490511859e-01 3.460720476123591016e-01 3.894553584214579534e-01 3.740976917406569346e-01 3.704082840551216060e-01 4.109102599332332129e-01 4.045974687315120888e-01 4.158578926931791875e-01 4.170030855357491073e-01 4.279065761305159699e-01 4.111778647768434825e-01 3.955050982674742088e-01 4.054950908644172070e-01 4.100125082955060618e-01 4.155137506656924051e-01 4.120898777540764057e-01 3.810784089629131177e-01 3.984631131052465691e-01 4.191953300110067837e-01 3.988956244241516624e-01 3.871901543451691241e-01 3.885629392224606571e-01 3.777316634616818547e-01 3.912026154452567517e-01 4.006360779050200938e-01 3.787789474786036337e-01 3.858096967909931396e-01 4.039516222582082983e-01 4.009326984817397355e-01 3.970177728817993468e-01 3.878259853912945920e-01 3.983982534256895747e-01 4.020109143882932279e-01 3.809111451231454448e-01 3.743533121329142843e-01 3.759975295683202212e-01 3.771330894242632126e-01 3.747789326614728300e-01 3.778619686632996300e-01 3.886123705934959038e-01 3.918129049833010136e-01 3.834244886327003443e-01 3.940130316844477343e-01 4.001039179718471894e-01 3.872986881987541263e-01 3.863637420377522003e-01 3.823227999442144198e-01 3.791478698510808987e-01 3.822460112639472496e-01 3.807166085676820799e-01 3.782456822579886024e-01 3.767304182263787604e-01 3.870395129115452026e-01 3.920971224525469645e-01 3.821163802842504897e-01 3.933432234299213404e-01 3.960695631533723837e-01 4.167776161083605602e-01 4.059904879020646007e-01 3.995539414485764218e-01 3.987509872238794162e-01 4.066075997177618362e-01 3.950213847501777287e-01 3.931943809847649463e-01 3.876817900159316710e-01 3.853674625343651572e-01 3.888383876213267198e-01 3.867629880289845112e-01 3.952104556010248015e-01 3.906281065353596760e-01 3.884781533179792468e-01 3.854066518890592041e-01 3.849648298987166095e-01 3.819281460944712325e-01 3.921093558237694343e-01 3.819647999071099087e-01 3.793099598913465265e-01 3.907712077129718575e-01 3.896935953054528889e-01 3.884078430602436738e-01 3.903973386019750080e-01 3.840452968564377900e-01 3.767539273533874744e-01 3.752744696003012526e-01 3.906465524032148307e-01 3.873495034169529005e-01 3.802605361474281631e-01 3.841185028739625973e-01 3.830727152119324241e-01 3.836381434492561748e-01 3.842817544257512430e-01 3.820627602573472004e-01 3.899121843412495791e-01 3.806492176664380001e-01 3.762980011965039173e-01 3.754441259131574560e-01 3.843590801024459047e-01 3.812369903908210400e-01 3.853544778810154559e-01 3.777934665987169871e-01 3.802830926101384845e-01 3.785199365849126196e-01 3.807048625526717189e-01 3.807580145654638759e-01
-2.129508578087950174e-02 4.963870777074663038e-02 3.044798770214403594e-01 1.000000000000000000e+00 3.684979928705804375e-01 3.676060067004980336e-01 5.734487248294564132e-01 5.183797989331045963e-01 5.081761558115041044e-01 4.716470150823918739e-01 5.533712571532207747e-01 6.332423647331042460e-01 5.342531348027029781e-01 5.176781755809343188e-01 5.961082779777254759e-01 5.784169917253313420e-01 5.160906073194045929e-01 3.943172243551035239e-01 4.384044549226741028e-01 4.686318198240981281e-01 4.076371188677749835e-01 4.788399089823175969e-01 4.493071134621381968e-01 3.838429298053602778e-01 3.705423657667901716e-01 4.781517041981070970e-01 5.091628684687378170e-01 5.159915262397242186e-01 4.236446507865385125e-01 4.564907090259375799e-01 5.049669991139679182e-01 5.655714242193972119e-01 5.273896307452065058e-01 5.231984101889897154e-01 4.891069449903539534e-01 5.420668251263106585e-01 4.995481318082080069e-01 5.650068293347221271e-01 5.462967069479854887e-01 5.825922239786872625e-01 5.782200196927359537e-01 5.876258830811263989e-01 5.779296155483422126e-01 5.854881920723079558e-01 5.740180652854396381e-01 5.502367034763007148e-01 5.875991886379660079e-01 5.863329720290012537e-01 5.956922364537721171e-01 5.798791266097974573e-01 5.960218038675682006e-01 5.976995704056303760e-01 5.819743760706621583e-01 5.559068225095467053e-01 5.351167074470726259e-01 5.674351359253013705e-01 5.582262598993927849e-01 5.846110664957844261e-01 5.755792300697152308e-01 5.781558476618737785e-01 5.785758665329202577e-01 5.800181804265032159e-01 5.700450410572160953e-01 5.775217062304106586e-01 5.840042760817358847e-01 5.689693323606943576e-01 5.778306725134466637e-01 5.559311369188129071e-01 5.617830543513597785e-01 5.711195414830463335e-01 5.538014504904195112e-01 5.572620185553135430e-01 5.291389982760968946e-01 5.352051166908444735e-01 5.577320333487397752e-01 5.751664597205966567e-01 5.569162255174956444e-01 5.193914857780889127e-01 5.547413818053824608e-01 5.330140738168415160e-01 5.464149032046480281e-01 5.518738805497853672e-01 5.753677223927766704e-01 5.448787881451474524e-01 5.676976070714515599e-01 5.575878307519753774e-01 5.639800118806527207e-01 5.794830610325809594e-01 5.694182099047171430e-01 5.742167766899692882e-01 5.791726339650972166e-01 5.908492568605498985e-01 5.807887256916287599e-01 5.759413239794395345e-01 5.886254319124023526e-01 5.867665896399717473e-01 6.024986491111954390e-01 5.893488196968574844e-01 5.949285244606087319e-01 5.952183628702447660e-01 5.960004982427852260e-01 5.911524698381683818e-01 5.931443041262332017e-01 5.945037189636922514e-01 5.901670941837778850e-01 5.856259322281649471e-01 5.910478350653554092e-01 5.741536725510825168e-01 5.724453105377611539e-01 5.905665825685711967e-01 5.836498364943258910e-01 5.874329965845419554e-01 5.879485553973956558e-01 5.894468643645618400e-01 5.817083869188213185e-01 5.832253091214913976e-01
2.738558738866719508e-02 3.911112034450020536e-02 2.186963693368940698e-01 3.684979928705804375e-01 1.000000000000000000e+00 3.490669712940118186e-01 4.847018116127453924e-01 4.477519698551044036e-01 4.607120215473241576e-01 4.312833971546421452e-01 4.686932663373793440e-01 5.049481835997156054e-01 4.702082204651814590e-01 4.305948000343133852e-01 5.108380076888656696e-01 5.046645778650710179e-01 4.334277917298653415e-01 4.021305064765359205e-01 4.142461546900393365e-01 4.106364041691531463e-01 3.942366586742147572e-01 4.375351011065310436e-01 4.072178322028881525e-01 3.636830349474278190e-01 3.757865846524172104e-01 4.499866422487025508e-01 4.624317900907918832e-01 4.676595356571728868e-01 4.120768392669377778e-01 4.437800405358020561e-01 4.698237364839006891e-01 4.799571757486353341e-01 4.506257839910738916e-01 4.487641514234204099e-01 4.395153387109259624e-01 4.618200595498878069e-01 4.630514478670456069e-01 4.840702578278078261e-01 4.772121365657284175e-01 4.739830414035605677e-01 4.971456051912431229e-01 5.013071923052940804e-01 4.946569325564411646e-01 5.087634002736244332e-01 4.911663774565251939e-01 4.862492234309979122e-01 5.018504274638835305e-01 4.954392920189535365e-01 4.971990499269900443e-01 4.734514726423192377e-01 4.952355392154325076e-01 5.086731003716010724e-01 5.028029882043992815e-01 4.917621716930078990e-01 4.788489247106578750e-01 4.804408655041865761e-01 4.816363285569156827e-01 5.074916961344763111e-01 4.936791908466759415e-01 5.062496148678371499e-01 5.006088512617623554e-01 5.023536141409327138e-01 4.893611274354514040e-01 4.956590916158523652e-01 5.011146743345560317e-01 4.961002747903473509e-01 4.994747315283947775e-01 4.902086070995634870e-01 4.893393652559218099e-01 4.996541986533584168e-01 4.899831970421504868e-01 4.896738123914242680e-01 4.730496463762605686e-01 4.751912755901971930e-01 4.910629542154699156e-01 4.975762357945966441e-01 4.903916832474913834e-01 4.719731774823602288e-01 4.851218643236940853e-01 4.792864396245771763e-01 4.889192485752972273e-01 4.923973424982442948e-01 4.909812138284079253e-01 4.810145913447086974e-01 4.816040644348699162e-01 4.835241793148645217e-01 4.914489529929689238e-01 4.928459189974467303e-01 4.929389010964170259e-01 4.899330705933102603e-01 4.958840232728035646e-01 5.057475271669497063e-01 5.008243473308633398e-01 4.970413826680049052e-01 5.001311584982350844e-01 4.991822086082090548e-01 4.978297492018760595e-01 4.944161696381539906e-01 5.032297715872017241e-01 4.983899606254892367e-01 5.049645277181342706e-01 4.983483204003769096e-01 5.050153780685686655e-01 5.067853442901580907e-01 5.002887517518354032e-01 4.981780250852453351e-01 5.003272989107057089e-01 4.960855882719581444e-01 4.960663631914983274e-01 5.039518772853405215e-01 4.993393645792301161e-01 5.038969570321941704e-01 5.036253731291348013e-01 5.015090105318130709e-01 5.013590186147389716e-01 5.015712214603944563e-01
6.407865248074727516e-02 1.259853954624971517e-01 2.726519257925982265e-01 3.676060067004980336e-01 3.490669712940118186e-01 1.000000000000000000e+00 5.626122030112823413e-01 4.904032569777249106e-01 5.361810297372238132e-01 4.929412498950945243e-01 5.532070146258625254e-01 5.651889899543606210e-01 5.327757145317151277e-01 5.304005830730970095e-01 5.903117934931462196e-01 5.713114361639690664e-01 5.422981266037349979e-01 5.260686808248918878e-01 5.624245517528070337e-01 4.699642709252553341e-01 5.175680496747914194e-01 5.684149065007787494e-01 5.446514106623495666e-01 5.153660722371105063e-01 5.231288242944118760e-01 5.762282402655937164e-01 5.868129490892227684e-01 5.839411733582706709e-01 5.368806086617279316e-01 5.586085913400216096e-01 5.819592342224633175e-01 5.943244323298845222e-01 5.565103656727868886e-01 5.777076765804164404e-01 5.554872867629989663e-01 5.766891938362853631e-01 5.802188977445363882e-01 5.914682355980958040e-01 5.821963981458795345e-01 5.852515379610497837e-01 5.976152101800416006e-01 5.997091338276587802e-01 5.909794441182394387e-01 6.005045623139787514e-01 6.059388559173408684e-01 5.869952319546870578e-01 5.845943376682032344e-01 5.886357214887196765e-01 5.870434866732833212e-01 5.824843466926999946e-01 5.894585865755431753e-01 5.851903153447692851e-01 5.909329751935779029e-01 5.866477607428823848e-01 5.914903757062649481e-01 6.000965783287763866e-01 5.842874797329367098e-01 5.926226911891906424e-01 5.902906735479035438e-01 5.851721508149276829e-01 5.892529876490054663e-01 5.872851080944586633e-01 5.884830324440752936e-01 5.849414624938588103e-01 5.898283204181559158e-01 5.930744237972712662e-01 5.909161141893044533e-01 5.973678581949829480e-01 5.955404285164006550e-01 5.931723169754181679e-01 5.992039604792916974e-01 5.967898165666865040e-01 5.924512869841151996e-01 5.983718613176332024e-01 5.943661791964253149e-01 5.960266262367783785e-01 5.921616387701272854e-01 5.786534105288598795e-01 5.886904081285699863e-01 5.814534519062209972e-01 5.915657168518702047e-01 5.949604455988480867e-01 5.964434191167111710e-01 5.857776606579402356e-01 5.909973202547920135e-01 5.921451529898201782e-01 5.931170073635573248e-01 5.936709697434289223e-01 5.919823535157705541e-01 5.966646835583939712e-01 5.964926390969702563e-01 5.974785263887529840e-01 5.952515247230424356e-01 5.971724487076233157e-01 5.917567104297951630e-01 5.886215401486587506e-01 5.932619973250292666e-01 5.928115179587559735e-01 5.913295380730818618e-01 5.921732378823643117e-01 5.939835691503607684e-01 5.917400522717184419e-01 5.900858520407890051e-01 5.948383184092054243e-01 5.958667748008492637e-01 5.882127890992082664e-01 5.897796197613899283e-01 5.862322938217569002e-01 5.947692714750171250e-01 5.928475801151881219e-01 5.945115175007829045e-01 5.880835465191867062e-01 5.890689694483179917e-01 5.893647832636935702e-01 5.915859085119871130e-01 5.899523035806086835e-01
4.845272091077235804e-02 1.354060042600499225e-01 3.944737527730143856e-01 5.734487248294564132e-01 4.847018116127453924e-01 5.626122030112823413e-01 1.000000000000000000e+00 7.107357831196796649e-01 7.436413377584659701e-01 6.928820139344277207e-01 7.698782976096306685e-01 8.155403050617096028e-01 7.417368512329084451e-01 7.309103438617063908e-01 8.531289501213815685e-01 8.178571267250840382e-01 7.487076742991608524e-01 7.075162243581186727e-01 7.377716240119157609e-01 6.955542634741711527e-01 7.049534056837478690e-01 7.552407218038502679e-01 7.426854860525318180e-01 6.847113295150817347e-01 6.841793973065778411e-01 7.769300057499157752e-01 7.985750628491083969e-01 7.960924145782442007e-01 7.247863101328224644e-01 7.610135517079057443e-01 8.026357317482354370e-01 8.238168728009878095e-01 7.801000179495712894e-01 7.920290421599839314e-01 7.660540388199378325e-01 7.987939940421233675e-01 7.978238500843903847e-01 8.215502567502603881e-01 8.156343728364708889e-01 8.143883192145845440e-01 8.331046263482331238e-01 8.425691129929849810e-01 8.281129387725123525e-01 8.345193932185476227e-01 8.312595681761106858e-01 8.186317955043458383e-01 8.262768272266699521e-01 8.234392861486813375e-01 8.247099623368525645e-01 8.137215695607803445e-01 8.302108679149123871e-01 8.211835759887113895e-01 8.276719678246238221e-01 8.107915027854524226e-01 8.113141078483391277e-01 8.286672130127735736e-01 8.082979558292814337e-01 8.264724348007124188e-01 8.258614308750884536e-01 8.209880754014841076e-01 8.274818929488542141e-01 8.230864945025951895e-01 8.187019815430730540e-01 8.176969889513941991e-01 8.217874342064567239e-01 8.251373574599095706e-01 8.242460903260655503e-01 8.274943539940033954e-01 8.300075298773810228e-01 8.377863880710829658e-01 8.262991423269715474e-01 8.256261029521421158e-01 8.191886095014428992e-01 8.174413231324189066e-01 8.269264094199674231e-01 8.329039278933175749e-01 8.204113555703442806e-01 8.003236147650659715e-01 8.191455572804526852e-01 8.119477652356668074e-01 8.234487921428594870e-01 8.258561472523465730e-01 8.318664420202187548e-01 8.150075381590106138e-01 8.276647498870185471e-01 8.245523712284474893e-01 8.293471963951728476e-01 8.355624433047719180e-01 8.259302653524899229e-01 8.328803112595343228e-01 8.367457130172875068e-01 8.364290341351142688e-01 8.359027125623573751e-01 8.309172726563299749e-01 8.297125242784536558e-01 8.265242618229469151e-01 8.390818791669385490e-01 8.302662450067954669e-01 8.336823629187321005e-01 8.386561801610028510e-01 8.351657946651952491e-01 8.323821168059842845e-01 8.312323553392791942e-01 8.342952656522805155e-01 8.354714922831868451e-01 8.233751546755914141e-01 8.286952598838680517e-01 8.230050160605856258e-01 8.272249596827152551e-01 8.322284111662875405e-01 8.317684325367559195e-01 8.269139167905371623e-01 8.276801226445362758e-01 8.287443378199339516e-01 8.248402552544589206e-01 8.272466659916613008e-01
3.990750200818581755e-02 1.412567616137770932e-01 3.358555783541920525e-01 5.183797989331045963e-01 4.477519698551044036e-01 4.904032569777249106e-01 7.107357831196796649e-01 1.000000000000000000e+00 7.042947705004198866e-01 6.604877872648986514e-01 7.231758081216723699e-01 7.684634373054199941e-01 7.157679644826309140e-01 6.751016591617028384e-01 7.866928749502177798e-01 7.740213841992602539e-01 7.008517896495705113e-01 6.301150558207828656e-01 6.748487403490975867e-01 6.116711542708004323e-01 6.229488813097342481e-01 6.902717703839972296e-01 6.820008049604013856e-01 6.114369212654027219e-01 6.215022222966631871e-01 7.160643080851483155e-01 7.365622311058931393e-01 7.332164210042493302e-01 6.828400964270562312e-01 7.135728216354810804e-01 7.424000831667412204e-01 7.762639247984007840e-01 7.405003331340784811e-01 7.463773775796600507e-01 7.333206214417262725e-01 7.534715821236769306e-01 7.435670022096207976e-01 7.819422661406710828e-01 7.744590084943105968e-01 7.598021285937163194e-01 7.843117667681279714e-01 7.887482597024014774e-01 7.837293513329579575e-01 7.890824584713661549e-01 7.808123733331049365e-01 7.760525873973602717e-01 7.855480580144670322e-01 7.872858539094973462e-01 7.863935589764637912e-01 7.732964304017232449e-01 7.860569793529874616e-01 7.703221095459815704e-01 7.797030485938222233e-01 7.735214418796229063e-01 7.630430668820957774e-01 7.808129312755913709e-01 7.665122377714501667e-01 7.917380093822189435e-01 7.842719665395428974e-01 7.844382932608905401e-01 7.862968579333163843e-01 7.861377760516790048e-01 7.798757654887139568e-01 7.825840047981438286e-01 7.798015467494604502e-01 7.815203404534786236e-01 7.872513844460223842e-01 7.824895673879223024e-01 7.854113141528880071e-01 7.790174513272806189e-01 7.728025355792121909e-01 7.800573767702269068e-01 7.677738415013041218e-01 7.639213368670350057e-01 7.816892908751286173e-01 7.880390276341050493e-01 7.779887000740948189e-01 7.603286995743900878e-01 7.737939067075922939e-01 7.686237475551921383e-01 7.784101471262223626e-01 7.785740456126180042e-01 7.906254595202290014e-01 7.795970974696481148e-01 7.858227819890165611e-01 7.850969725598009319e-01 7.848469945649315660e-01 7.930521641623667906e-01 7.902682067767012875e-01 7.909415675253118616e-01 7.903760326566854344e-01 7.933771430366148847e-01 7.904112630816246821e-01 7.873864500379429421e-01 7.914929689956219372e-01 7.885936243992571759e-01 7.912044679101564171e-01 7.870432291077725795e-01 7.922531649548915089e-01 7.955973228420137877e-01 7.939560158991478822e-01 7.933621399289759735e-01 7.887608051416196142e-01 7.939286894983148546e-01 7.913567602904548748e-01 7.858476866873866928e-01 7.895445839822172740e-01 7.845469280734044260e-01 7.869957168628238797e-01 7.929419510068496102e-01 7.912270392201783409e-01 7.895494028902909633e-01 7.907188572658909731e-01 7.916546479432808869e-01 7.856383587776272215e-01 7.882043490005731234e-01
1.229864581129916645e-01 1.908905782491259751e-01 3.830662538568816999e-01 5.081761558115041044e-01 4.607120215473241576e-01 5.361810297372238132e-01 7.436413377584659701e-01 7.042947705004198866e-01 1.000000000000000000e+00 7.789151533337802524e-01 8.068450007091062526e-01 8.214611167370534650e-01 7.775807633278383202e-01 7.645582393755185890e-01 8.502110145029825317e-01 8.464936158601675809e-01 8.080036747474703684e-01 7.723362802885561651e-01 8.181719986083995089e-01 6.922231531903464408e-01 7.515463003004828613e-01 8.211880830186912839e-01 8.122959723037260771e-01 7.339663721128968366e-01 7.695694614859172056e-01 8.584999680104481445e-01 8.606395715440897654e-01 8.656519581550865539e-01 8.439452793827806332e-01 8.634274822644064651e-01 8.807345128392064515e-01 8.717374881683034316e-01 8.434946856698884998e-01 8.361502783146989026e-01 8.526016993416641876e-01 8.447787204819394713e-01 8.672773234258219777e-01 8.656655985130895514e-01 8.783413101370759479e-01 8.335913548573112841e-01 8.817061531033348887e-01 8.770652499439288707e-01 8.755741644857087946e-01 8.836415861139055306e-01 8.788501636411516493e-01 8.821180555524259503e-01 8.749980280779242614e-01 8.841337950266405787e-01 8.726579255564693716e-01 8.485155712351540869e-01 8.606210461930108302e-01 8.618779506061997608e-01 8.716019400561402231e-01 8.909496608934391881e-01 8.884890859756423565e-01 8.823274103317844119e-01 8.784103763780741758e-01 8.809179412585935731e-01 8.759629624182632135e-01 8.842665217161226332e-01 8.858574481790170152e-01 8.836384390861998783e-01 8.768754740262817426e-01 8.786463005248342784e-01 8.847780131306297591e-01 8.908270787729184459e-01 8.829826903844250063e-01 8.877412402365588706e-01 8.873824194434161150e-01 8.801310587389925555e-01 8.887280337661056517e-01 8.905871372463839419e-01 8.699449952976675560e-01 8.805489133796683410e-01 8.925983667491073081e-01 8.892626224551890557e-01 8.870415855293903862e-01 8.861124437339802373e-01 8.847838544207778932e-01 8.882161202833267488e-01 8.904777151597309537e-01 8.930891953425054153e-01 8.839009556384576083e-01 8.832604044913225927e-01 8.730592126415779308e-01 8.763757610892218830e-01 8.886514837676627865e-01 8.782299908466727478e-01 8.831738794332766318e-01 8.838170044273560011e-01 8.807249402920028780e-01 8.818532668414473807e-01 8.852622300324979321e-01 8.852724473884696632e-01 8.783904732251889280e-01 8.794449014281296995e-01 8.645997706585165643e-01 8.777706784537687712e-01 8.771704961699275938e-01 8.720499059040222045e-01 8.765762772527668778e-01 8.770468361000673951e-01 8.808745664869682690e-01 8.796648412735075251e-01 8.845929024214581604e-01 8.799365433648199675e-01 8.785934878589141128e-01 8.826417756753965893e-01 8.864716896285852465e-01 8.801802546817223405e-01 8.769440579247328449e-01 8.814812349126142088e-01 8.802786848629311489e-01 8.821665161227965068e-01 8.854409727095834404e-01 8.855001463753400248e-01
4.928116689861243571e-02 1.868764916802267140e-01 3.123536563612818728e-01 4.716470150823918739e-01 4.312833971546421452e-01 4.929412498950945243e-01 6.928820139344277207e-01 6.604877872648986514e-01 7.789151533337802524e-01 1.000000000000000000e+00 7.599607460300041861e-01 7.735590351966253886e-01 7.399930326407100356e-01 7.235820407815264366e-01 8.087382149888531213e-01 8.015383941557634451e-01 7.489350236507771319e-01 6.815261493013174965e-01 7.338874722648186522e-01 6.205300603197373421e-01 6.646144856601226003e-01 7.380758271832545958e-01 7.363825193324634588e-01 6.515566725665512537e-01 6.843410559048223041e-01 7.862284650724473689e-01 7.912756255283217577e-01 8.032533483666112195e-01 7.862848427831624631e-01 8.070118516312234647e-01 8.193988316215651269e-01 8.200961048060717573e-01 7.885570525220373383e-01 7.779944890054600881e-01 8.071593643236755211e-01 7.915393234770121689e-01 8.131511741068601085e-01 8.253732970316406403e-01 8.329496008224719361e-01 7.822422563478896862e-01 8.311922779952113371e-01 8.274207838379448177e-01 8.238038654451164122e-01 8.324702982886389435e-01 8.255995822486892344e-01 8.417181616870604843e-01 8.369649000652230608e-01 8.428213926483726359e-01 8.309260340745597828e-01 8.033599017354001726e-01 8.201852607304930265e-01 7.990981596483697214e-01 8.202347084604012517e-01 8.400004589004577138e-01 8.305409188508947604e-01 8.273165741599027845e-01 8.220739222564877879e-01 8.378154646449297305e-01 8.332187320723301038e-01 8.392683529296115497e-01 8.381364602167833411e-01 8.378457092516119475e-01 8.332838160788582638e-01 8.348470348063219415e-01 8.289261391482616315e-01 8.366313709174783009e-01 8.396164271802523116e-01 8.394723323457996544e-01 8.398187701779085135e-01 8.247925882287199251e-01 8.327222680137987831e-01 8.368286835669903612e-01 8.141035025818559312e-01 8.210825314542405939e-01 8.438594372908021501e-01 8.415123375791950799e-01 8.424537578056519038e-01 8.384811442445174734e-01 8.412268116078386315e-01 8.440601343996116945e-01 8.418877722685976783e-01 8.462446464312908256e-01 8.382560316927514243e-01 8.422693627939099592e-01 8.305308527898425108e-01 8.327406381624921083e-01 8.407451773921452709e-01 8.383424593370093492e-01 8.426722647888126305e-01 8.379222228245210013e-01 8.361499875965030526e-01 8.395113765640527248e-01 8.400455929512210540e-01 8.429984007640959343e-01 8.397019306486696033e-01 8.403797329213634759e-01 8.218954560075019122e-01 8.311422604825389193e-01 8.362657045106367537e-01 8.327811774032538583e-01 8.353729604611408455e-01 8.359852144821414699e-01 8.358944211773690069e-01 8.388441106427991789e-01 8.366818035280489951e-01 8.346867874314902735e-01 8.387880660714865932e-01 8.430110364210866569e-01 8.428221302576495155e-01 8.377933445380327804e-01 8.378806350025762573e-01 8.407592368061407306e-01 8.388177677952962652e-01 8.413566803911408654e-01 8.376232691608549441e-01 8.399615691181294697e-01
4.007976895173346460e-02 1.634534331811214880e-01 3.801463589329420190e-01 5.533712571532207747e-01 4.686932663373793440e-01 5.532070146258625254e-01 7.698782976096306685e-01 7.231758081216723699e-01 8.068450007091062526e-01 7.599607460300041861e-01 1.000000000000000000e+00 8.587043510529301926e-01 7.951840365422232493e-01 7.704148800429310162e-01 8.746806632046864038e-01 8.580502164433062573e-01 7.969127125621318086e-01 7.399765550519572521e-01 7.954070059548257188e-01 6.927685219911409176e-01 7.294875296240941331e-01 8.071107784931139673e-01 7.976477556026085880e-01 7.113977511086465588e-01 7.364852180805563364e-01 8.405495587722298101e-01 8.518176804321284656e-01 8.502546541466743379e-01 8.110745624852974123e-01 8.340289439058374832e-01 8.585288437101009640e-01 8.796674627277066838e-01 8.313570941594342623e-01 8.398242706387920586e-01 8.399999430953084545e-01 8.520666760339949963e-01 8.556245934379835827e-01 8.783626060203090224e-01 8.820763656433835420e-01 8.503412799983414150e-01 8.858556929433349936e-01 8.851954786979640000e-01 8.777404837155797779e-01 8.910191651857193307e-01 8.848517550312866575e-01 8.807702815369488070e-01 8.908696443290370359e-01 8.934448354893698152e-01 8.906045860645727119e-01 8.686380822859020023e-01 8.823001316627036017e-01 8.722469970532730210e-01 8.810731284830222165e-01 8.882025196545996204e-01 8.827141151778887807e-01 8.896992634282757662e-01 8.806038968355730523e-01 8.904722419216801743e-01 8.909754177887702076e-01 8.921348455904766217e-01 8.962196549675799373e-01 8.925843081201052520e-01 8.886901639053076396e-01 8.922174851236812643e-01 8.921572856163134668e-01 8.932982363099304379e-01 8.940282060375683848e-01 8.943113818664375492e-01 8.945500476325528583e-01 8.878406128802038833e-01 8.926699691576085449e-01 8.944903241730727261e-01 8.733062521648377041e-01 8.804878944616285619e-01 8.967609852555847860e-01 8.960335996571081596e-01 8.918809029094028062e-01 8.829997341934215926e-01 8.898986645039063115e-01 8.870239782196215339e-01 8.949361123026273734e-01 8.942047749704260529e-01 8.953333093675810428e-01 8.872845002972690187e-01 8.862945634689683994e-01 8.869423806849819902e-01 8.934778449039521009e-01 8.944735025035230880e-01 8.947872834148067334e-01 8.936008661063330472e-01 8.926851471534285043e-01 8.971971581565526543e-01 8.967368897399411454e-01 8.967180531426535151e-01 8.950231646336718194e-01 8.960042594619613832e-01 8.872561601553148325e-01 8.903465580804366120e-01 8.938468146410106785e-01 8.934839909383465173e-01 8.929888934223857433e-01 8.944827197654484641e-01 8.926634878940907791e-01 8.967213591022092922e-01 8.954986012709863497e-01 8.904011327633257755e-01 8.940999200217509824e-01 8.942084184579415229e-01 8.961276986582052961e-01 8.960882759017834154e-01 8.936345069297080279e-01 8.947056164128939226e-01 8.939800719885067082e-01 8.958706381349171854e-01 8.954932750793476171e-01 8.956865043658409631e-01
8.381780455998258383e-03 1.554954188969150386e-01 3.967758242909136812e-01 6.332423647331042460e-01 5.049481835997156054e-01 5.651889899543606210e-01 8.155403050617096028e-01 7.684634373054199941e-01 8.214611167370534650e-01 7.735590351966253886e-01 8.587043510529301926e-01 1.000000000000000000e+00 8.311570191718208322e-01 8.071403295378520859e-01 9.160810583374978666e-01 8.982584373970959879e-01 8.167106682074712909e-01 7.015684841096448965e-01 7.667489676369461105e-01 7.080366602534233778e-01 6.915911541925428008e-01 7.880109562851304039e-01 7.652902406581575390e-01 6.710419659567673500e-01 6.856372547076566848e-01 8.189129165209265704e-01 8.551261836858436993e-01 8.500346238628475604e-01 7.832245133054487329e-01 8.208667591554356102e-01 8.632385658162592401e-01 8.981168590781486438e-01 8.447992289631511831e-01 8.477280778062299404e-01 8.396731633621378199e-01 8.710527650790740317e-01 8.607515544378139261e-01 9.038162663870934477e-01 8.972286478636966045e-01 8.831136336664330289e-01 9.198373129472476872e-01 9.208535499998661278e-01 9.144529935160595757e-01 9.263766441288400211e-01 9.176326176622191522e-01 9.065274982376330115e-01 9.315954770008416652e-01 9.304303771660269451e-01 9.321472696490149534e-01 9.010799227715752258e-01 9.229634110084596887e-01 9.156222425199391779e-01 9.207013815600514350e-01 9.161662433647562720e-01 8.982071953756455285e-01 9.116918830997143841e-01 9.086945919987767795e-01 9.275686688284449088e-01 9.247225442183774069e-01 9.295957906582591468e-01 9.305599758987407322e-01 9.284562585305706772e-01 9.227147715186272414e-01 9.270128366407227594e-01 9.240655686495302668e-01 9.236693071038176717e-01 9.270922233805328760e-01 9.121011367638083289e-01 9.162933691954601167e-01 9.159891186606220481e-01 9.046292495374166354e-01 9.128734718394974079e-01 8.801228015790323322e-01 8.861274697875987094e-01 9.177229977731192756e-01 9.250503610914029284e-01 9.130449635906594530e-01 8.882630429807298889e-01 9.086092515231901645e-01 9.008770726756301084e-01 9.109117631120949854e-01 9.137710389467433858e-01 9.228884698381849550e-01 9.045860633880037360e-01 9.091860849047734838e-01 9.092672850465759460e-01 9.185073665010123900e-01 9.256740328167545329e-01 9.235052814038361424e-01 9.229620014082894341e-01 9.220693305839384735e-01 9.337996573060639571e-01 9.292753441866512532e-01 9.280990597092275696e-01 9.351200991687429465e-01 9.342583062256910598e-01 9.291762741834853623e-01 9.273118772559353351e-01 9.357424501088978941e-01 9.322635723008558806e-01 9.334132770821763625e-01 9.344763645428251220e-01 9.344575059196524869e-01 9.372469687940093719e-01 9.325085566086592781e-01 9.297121772574362675e-01 9.358364271042710625e-01 9.287456137893831398e-01 9.266644142357848279e-01 9.365783321110401349e-01 9.313996603474185010e-01 9.356645285367437559e-01 9.350082575786189398e-01 9.338996708303416439e-01 9.279419310290256684e-01 9.334249484042681511e-01
1.702869002984574651e-02 1.493101423441369480e-01 3.501347176490511859e-01 5.342531348027029781e-01 4.702082204651814590e-01 5.327757145317151277e-01 7.417368512329084451e-01 7.157679644826309140e-01 7.775807633278383202e-01 7.399930326407100356e-01 7.951840365422232493e-01 8.311570191718208322e-01 1.000000000000000000e+00 7.503017112531229493e-01 8.517514938305635885e-01 8.401798960801704075e-01 7.610940857679748817e-01 6.697438074492284565e-01 7.243882410268555061e-01 6.403232480187033282e-01 6.563671778255047995e-01 7.423865519461863016e-01 7.346915117051512345e-01 6.419569651608778571e-01 6.592095369807368099e-01 7.918358588309866164e-01 8.095002643041231405e-01 8.125789041173937521e-01 7.628908201954531787e-01 7.911595405711585594e-01 8.208739316879434256e-01 8.401811207655752733e-01 7.931078777853529660e-01 7.961728494694875202e-01 8.044686115859520648e-01 8.113156081527794772e-01 8.166043672063730829e-01 8.442972874998619925e-01 8.485029497797219600e-01 8.088176087563085925e-01 8.577234969461835501e-01 8.584408314575694421e-01 8.605440175896418298e-01 8.665022099592845084e-01 8.522289967718437165e-01 8.549827091733848139e-01 8.697814965910524165e-01 8.712925534854376597e-01 8.683166936135914282e-01 8.333298233973615021e-01 8.551127344308955269e-01 8.451672140463566407e-01 8.568296697131723150e-01 8.637984905463039764e-01 8.492720506546906911e-01 8.524890525066468605e-01 8.488524062797879743e-01 8.711415873633414630e-01 8.631406606313769547e-01 8.746123255652881179e-01 8.728671088222061947e-01 8.716412446250114687e-01 8.622902625032337065e-01 8.676200791805777079e-01 8.629734445983509028e-01 8.675775045971583221e-01 8.689803877910863283e-01 8.605115121678195145e-01 8.626288930113559239e-01 8.508013947208393768e-01 8.527417181434531201e-01 8.593150582921492697e-01 8.310619591785013416e-01 8.386227950777395135e-01 8.649933800879999746e-01 8.672142997108961415e-01 8.603255655128881907e-01 8.465855492247744696e-01 8.600254836894370980e-01 8.547015103779157519e-01 8.590625036527561598e-01 8.636967394862116176e-01 8.653240246862395901e-01 8.583159818656278528e-01 8.526145788563120886e-01 8.556196221125456081e-01 8.657672792429421671e-01 8.644301340830814473e-01 8.680791644328947898e-01 8.629233902453018468e-01 8.628179996880058766e-01 8.728115008157441013e-01 8.699272482965775266e-01 8.708327140867357929e-01 8.736788048678058027e-01 8.748075541297458679e-01 8.601991035907673444e-01 8.631864791810422988e-01 8.720321357015990982e-01 8.666958710433791957e-01 8.727621199246220485e-01 8.695872529449002464e-01 8.703076545095558281e-01 8.744075591519080426e-01 8.709701426334057750e-01 8.692523145212285307e-01 8.733343297261765281e-01 8.721625590317345633e-01 8.708843311680991572e-01 8.736662305989305599e-01 8.684285715173059028e-01 8.755094250216675089e-01 8.738962214264570649e-01 8.736335767341900649e-01 8.709316960755751902e-01 8.737914956962463675e-01
