1.000000000000000000e+00 1.816018637360675980e-01 6.416187426629699209e-02 1.323726836190347415e-02 -2.783225417533544046e-03 2.193534982260453292e-02 -1.083201290609599014e-02 -5.117349553849752722e-03 1.503863116873063455e-01 9.023582916876776716e-02 2.639132604325076029e-02 2.064006840176001861e-02 1.137610833047807829e-02 -3.114334677867764550e-02 5.717114768456558506e-03 2.562147872452296554e-02 9.615976588414357207e-02 -1.267271364195418290e-02 -1.994640566979177451e-02 7.131719251119079950e-02 -5.139805519044976512e-02 -4.535819628349203186e-02 8.483790503909360153e-03 -7.197232030034650396e-02 -3.064093059248094303e-02 3.292333842029674523e-02 3.126869497520708141e-02 1.566975055682740328e-02 8.938769410328711862e-02 4.262504421002981381e-02 5.563130810393502462e-02 2.152109925658400244e-02 1.320258293491663286e-02 -4.288817355226954946e-03 5.131571421263304844e-02 -1.338716232424190349e-03 1.747914300453512135e-02 7.228084087053225377e-04 6.626246714251976706e-03 -5.990678911210077506e-02 -1.573654745148446270e-03 -2.457180076191577828e-02 -2.005701186065809993e-02 4.169049908774750957e-03 -1.180053453866864929e-02 1.192528400429909187e-02 1.269641742074421355e-02 2.783498253536068057e-02 1.621541934589995626e-02 2.040280902408694863e-02 1.829314115779897415e-02 2.543540473762190279e-02 3.204315069439695601e-02 4.427763078654869261e-02 3.249416209490463281e-02 1.084832521530763351e-02 6.534478198722956654e-02 1.125647603609600603e-02 1.779442820182888449e-02 5.429366519288075787e-02 2.050251807688496797e-02 3.420242089746998448e-02 4.467022276365111011e-02 5.794919243959664040e-02 6.540391914969563569e-02 7.394564652136441374e-02 2.662735227294800791e-02 -7.615265826645705415e-03 1.713483079038161105e-02 1.053955215829467489e-02 -3.226157967053736031e-02 3.854864564946882300e-04 -3.588045074578469218e-02 -2.117310851819674891e-02 1.150990955522282651e-02 1.205861496559340260e-02 -1.336941386102210010e-03 3.115054273431324544e-02 -5.630341179169969304e-03 2.589077945187061650e-02 1.308073490627533614e-02 2.194423820270154091e-02 7.744889155044717109e-03 2.245698423601838814e-02 1.243290906519685900e-02 -1.163919613827767673e-02 -9.216510663235243442e-03 -3.452186365670979057e-03 -6.753891092122777653e-04 7.877978254235931677e-03 -3.903226811823998221e-02 -1.721929547907719710e-02 -1.893345878515357433e-02 -1.126027204463323633e-02 4.803309777643809987e-03 1.338962563680011139e-02 -3.738022474665731332e-03 5.318201553449183883e-02 4.019022461400515583e-03 -2.454240008337297326e-03 -2.189131657480725482e-02 2.237835117406426419e-02 2.248575194584391188e-02 -8.355586693696798271e-04 2.443196255436183920e-02 3.612403968829133727e-02 2.415405262730353081e-02 1.762736715906560239e-02 9.429953352499116301e-03 1.163837690505780884e-02 -1.065069383685192644e-03 2.527582645086642529e-02 1.249350180095822223e-02 3.484413124192426575e-02 4.467096901945343673e-02 4.235397298980732306e-02
1.816018637360675980e-01 1.000000000000000000e+00 5.704569768764514159e-02 7.566519248449500579e-02 4.408378710647923443e-02 9.007159829353253433e-02 1.182951942935402956e-01 1.002932053222429509e-01 2.041048174624108535e-01 1.756071517132272164e-01 9.700562694619362103e-02 1.087685142210297051e-01 9.411104016641376468e-02 8.132325548015560679e-02 1.441672274943006093e-01 1.384706595217641278e-01 1.519569306154658073e-01 1.303009351853803843e-01 1.288315406761078863e-01 1.302016557527899965e-01 3.144117596902870626e-02 9.849925501621004109e-02 1.424629450304022160e-01 7.765019823165930646e-02 1.304574435440015168e-01 1.723185674327275818e-01 1.618297997700745283e-01 1.439791358124100085e-01 2.097096869145370357e-01 1.807527042652949945e-01 1.868823823700676567e-01 1.633214813414272659e-01 1.472973185793600148e-01 1.361483560673827087e-01 1.663984100332213389e-01 8.835316495811014470e-02 1.286791164401026311e-01 1.636499020069749621e-01 1.402614403229119067e-01 9.384248277968840202e-02 1.286187939512776768e-01 1.182287341424796273e-01 1.119750566470120584e-01 1.316186915039457839e-01 1.134037472094671373e-01 1.408238549781790916e-01 1.406615785018092424e-01 1.529956421752934892e-01 1.491677825757826148e-01 1.490563975051689694e-01 1.502245774217380037e-01 1.023499376809659661e-01 1.399279839495060906e-01 1.681820124644621273e-01 1.609320379404322876e-01 1.527839405715293586e-01 1.733066614541912132e-01 1.533150561588489946e-01 1.663350332239267315e-01 1.653491669432618771e-01 1.402011346114905854e-01 1.704316091195214045e-01 1.721145872054645753e-01 1.674030225116973636e-01 1.522122943585481891e-01 1.606175209616864108e-01 1.439539437483088880e-01 1.392835854954395103e-01 1.551601059048526299e-01 1.331031895182071267e-01 1.129696538235068354e-01 1.439054639845700201e-01 1.130258729706886955e-01 1.320624952770890204e-01 1.488453969860533410e-01 1.408244786592692532e-01 1.348767068232611110e-01 1.694005151111244445e-01 1.393474100323685294e-01 1.562516064842552066e-01 1.366260366883849109e-01 1.526596958448555585e-01 1.299003163147801898e-01 1.515305027259306880e-01 1.407688731315549779e-01 1.289135182429293758e-01 1.213001495208527736e-01 1.415333282599316178e-01 1.324175470547255262e-01 1.436430569913117461e-01 1.065141263476934302e-01 1.222263189464008470e-01 1.157313870891682611e-01 1.210830351160905455e-01 1.374487264479679893e-01 1.420104260369283999e-01 1.279443839783741543e-01 1.452254994348788908e-01 1.274059576204864819e-01 1.279838535861629878e-01 1.094392308065573471e-01 1.429836921701387320e-01 1.301254141396131492e-01 1.284266073737623526e-01 1.254474380185257032e-01 1.452002823589802760e-01 1.442225646936110273e-01 1.474819025643551718e-01 1.431263211432508564e-01 1.428894399355850608e-01 1.384710152634680003e-01 1.433653937813569867e-01 1.450811008890860454e-01 1.465589631362058942e-01 1.478762740670126474e-01 1.479988159284266747e-01
6.416187426629699209e-02 5.704569768764514159e-02 1.000000000000000000e+00 2.914055308559861390e-01 1.270507206658483823e-01 1.192063382108543568e-01 2.455919968794499086e-01 2.537464363598988526e-01 2.745189073905074939e-01 2.334227772102326071e-01 2.362338867367077544e-01 2.855348599054969294e-01 2.434928236093219511e-01 2.450024964387977899e-01 2.647388643651116258e-01 2.496220202752751638e-01 2.769844970251002514e-01 2.761324879125753862e-01 3.161834628896942334e-01 2.816382326943809300e-01 2.762111567437813275e-01 3.094200608822348930e-01 2.974446889642797798e-01 2.707194075266868283e-01 3.094195717130981405e-01 3.061652700689777573e-01 2.992488050488122941e-01 2.943453920394276113e-01 3.046793637633707919e-01 2.859658795592754377e-01 2.992626123598436938e-01 2.900386660802138361e-01 2.723440784562113359e-01 2.893935249186380676e-01 2.749075259017056405e-01 2.788228784105293845e-01 3.013198224207046527e-01 2.903152891859637763e-01 2.923793601992233926e-01 2.662764589159751782e-01 2.787469960011177417e-01 2.822171948857449264e-01 2.874280742950728329e-01 2.855047533878192767e-01 2.951645561143750873e-01 2.912736099083853003e-01 2.751032304441882181e-01 2.731078544983828738e-01 2.679132832527824082e-01 2.867139653870774407e-01 2.822902345597606000e-01 2.949500231162798802e-01 2.810934104953963786e-01 2.712811947682444713e-01 2.781690798966665601e-01 2.948311170100885725e-01 2.896230955822713948e-01 2.678027962517616212e-01 2.658025531889344761e-01 2.665458286382937914e-01 2.712672208126087892e-01 2.584092200177051657e-01 2.746319668822649329e-01 2.821958832357567282e-01 2.826275091567626574e-01 2.797374086099959078e-01 2.732033656866361682e-01 2.813029218322831704e-01 2.867902575397054399e-01 2.929113360507112351e-01 2.872610708380213818e-01 2.920042783911954709e-01 2.805566417206650232e-01 2.861988304402472982e-01 2.827482300997789522e-01 2.738046752863581568e-01 2.766360140253157907e-01 2.823396850783927992e-01 2.822613399745698692e-01 2.789493856521859105e-01 2.808783750968438242e-01 2.783138483385191320e-01 2.815498022529221989e-01 2.797503356500424809e-01 2.771979090375916166e-01 2.828062039274167327e-01 2.776623545795651737e-01 2.805621293371623470e-01 2.751141760769775235e-01 2.856061278165372697e-01 2.684344197611143179e-01 2.720272914534440645e-01 2.703335032478821898e-01 2.771508009119144633e-01 2.645943040521366862e-01 2.666006878299903571e-01 2.821097966700352733e-01 2.807994241803548618e-01 2.701432347809505363e-01 2.751540829410981104e-01 2.723411774743617064e-01 2.790392551173154767e-01 2.729000117622457089e-01 2.696137025708287283e-01 2.856631758263709076e-01 2.814882322120827451e-01 2.736872909528255682e-01 2.726378350864640532e-01 2.752408765200983765e-01 2.700557780729535562e-01 2.690398885570839949e-01 2.691217803644104234e-01 2.694010298769147771e-01 2.799430397667561077e-01 2.762285326254642626e-01 2.763480746106517505e-01
1.323726836190347415e-02 7.566519248449500579e-02 2.914055308559861390e-01 1.000000000000000000e+00 2.699819774118417670e-01 2.749889617019207755e-01 4.125095955987054253e-01 4.281809229432667618e-01 3.939820269093932681e-01 3.357845849776223690e-01 4.084952756997013434e-01 5.275865815908646894e-01 3.958482537153678593e-01 3.915676713401515796e-01 4.647500159865340930e-01 4.396770886217645224e-01 4.281356014497688656e-01 4.348125895399460039e-01 4.749610180495283940e-01 4.264347629685594776e-01 4.902767602613203324e-01 5.050334686313538990e-01 4.408932081014612647e-01 4.043400374582258316e-01 4.509256175171435510e-01 4.791249003771017034e-01 4.575727502502535682e-01 4.842709231883116638e-01 4.451636498425437516e-01 4.322347852493106379e-01 4.520793572044310982e-01 4.756104015651311245e-01 4.619756279504194652e-01 4.912729634714322335e-01 4.668456554100509082e-01 4.974492196116611087e-01 4.807454338535613880e-01 4.884637986658993403e-01 4.941212417578265681e-01 4.905603814493907922e-01 4.747909111582166442e-01 4.833253964024594174e-01 5.018447951777151861e-01 5.038772945962629590e-01 4.920780979133917987e-01 4.940194010755344367e-01 4.672132779083983944e-01 4.687091761109382082e-01 4.653973263589724629e-01 4.974819941617889540e-01 4.928727420087490874e-01 5.281124079407791827e-01 4.877265882417644582e-01 4.612281462745368987e-01 4.712245560139682321e-01 4.858973728579376039e-01 4.930791499027329383e-01 4.684060210264809898e-01 4.632514545521334570e-01 4.523363119852475966e-01 4.667294286652606261e-01 4.495856787209619454e-01 4.776785106850157669e-01 4.771663340985707324e-01 4.759177090468686977e-01 4.763392464253845549e-01 4.619664127099571416e-01 4.683574253351919237e-01 4.603516271117661374e-01 4.765735463320158183e-01 4.952535584575527561e-01 4.853164355866487756e-01 4.617641788034039241e-01 4.656223040444979477e-01 4.705055963958135745e-01 4.662519584893022873e-01 4.698850569915850595e-01 4.555931573661722300e-01 4.608694180751474745e-01 4.594078483325045315e-01 4.631321527077920108e-01 4.573619689451711157e-01 4.858986191937832988e-01 4.673244270549845591e-01 4.792333394957081771e-01 4.756148038888767249e-01 4.724117594650017460e-01 4.813694382005487826e-01 4.754963878555968915e-01 4.827677614436658993e-01 4.817556001813145805e-01 4.755846985237211499e-01 4.726387104454846111e-01 4.773029616640145911e-01 4.599751018893367682e-01 4.624556577317475714e-01 4.962107910364553232e-01 4.851172227453356967e-01 4.768117634216263445e-01 4.804693179551994819e-01 4.837246588695883753e-01 4.882457373636533426e-01 4.803156230540036042e-01 4.819699553504517842e-01 4.995441331952337749e-01 4.928864283259530299e-01 4.734395868479508995e-01 4.669486278392239176e-01 4.758740326671303533e-01 4.692310723317076326e-01 4.765049582697927222e-01 4.689799468446268493e-01 4.760538737178945379e-01 4.811477421075041061e-01 4.741646777871354468e-01 4.787043836390474372e-01
-2.783225417533544046e-03 4.408378710647923443e-02 1.270507206658483823e-01 2.699819774118417670e-01 1.000000000000000000e+00 2.235658974062537940e-01 3.725439452556188469e-01 3.659609621331529894e-01 3.590786922204555753e-01 2.902400482665080661e-01 3.324677868634182687e-01 3.899308756877431503e-01 3.592203907646936978e-01 3.537870568441985886e-01 4.041020813778865017e-01 3.915852058290278381e-01 3.360601097871068199e-01 3.391711936458797760e-01 3.713404902741537783e-01 3.071404290125565595e-01 3.403094124142050925e-01 3.706489244767682822e-01 3.690804702754193478e-01 3.248708901390274795e-01 3.595390895421206601e-01 4.046070351215593219e-01 3.779347337632629755e-01 4.091687786728235299e-01 3.835692749289002501e-01 3.707975226633904997e-01 3.863770749408501071e-01 3.994613327197036878e-01 3.969405178991927685e-01 3.954828184544815772e-01 3.949069789874123382e-01 3.882293578272426049e-01 4.019827320121783232e-01 4.019555191487103607e-01 4.124760738826532269e-01 3.934641337080407864e-01 4.048574780458408240e-01 4.166960994174334632e-01 4.218272371050154623e-01 4.263320908569038226e-01 4.125090865695069664e-01 4.234135366858230443e-01 4.079114010880369179e-01 4.039557455348902759e-01 4.022792169639107240e-01 3.966015148801709800e-01 4.064552976987785282e-01 3.986545751484020239e-01 4.057526127269508454e-01 3.972484159874042908e-01 3.972901653877368711e-01 4.076840739839445726e-01 3.880022764065498286e-01 4.064908947937110328e-01 3.920536185061093137e-01 4.046788523978019914e-01 4.123868134823631126e-01 3.925190842683338177e-01 3.935983377695048691e-01 4.049753424576319483e-01 3.986910045176839668e-01 3.935596865845169545e-01 4.047271164510596320e-01 4.078453650521353113e-01 4.081024945941887916e-01 4.029887824551005582e-01 4.108292085093080970e-01 4.113150848262418502e-01 4.027403625178296864e-01 4.032012174473519894e-01 4.083574032370189677e-01 4.097895546085421059e-01 4.088723426755526136e-01 4.022758657826192019e-01 4.060877997579279142e-01 4.073734656147069422e-01 4.049937204139195113e-01 4.066019665900039159e-01 4.077950768424830064e-01 4.111608799024309424e-01 4.113681905321002752e-01 4.077024446672033453e-01 4.084982547308783074e-01 4.158329339267392011e-01 4.122430431527002170e-01 4.105639276536822702e-01 4.139876855354920893e-01 4.193416506465940663e-01 4.119002785048669901e-01 4.157322305425928399e-01 4.078508283586068650e-01 4.059322719908698973e-01 4.170526915693325565e-01 4.087850838168488599e-01 4.150458403501578464e-01 4.175464747023485690e-01 4.173319144723272589e-01 4.106794495347622087e-01 4.134350326911037099e-01 4.207628521907527674e-01 4.150622613304242314e-01 4.101857360109634199e-01 4.096813503977811410e-01 4.117203748150549680e-01 4.118454652252295789e-01 4.105160341811271429e-01 4.061307204315752761e-01 4.112366494757252466e-01 4.050780754186146804e-01 4.175781649351983926e-01 4.064926269992777397e-01 4.079070389094088811e-01
2.193534982260453292e-02 9.007159829353253433e-02 1.192063382108543568e-01 2.749889617019207755e-01 2.235658974062537940e-01 1.000000000000000000e+00 3.963586307977959300e-01 3.764523067513770305e-01 4.245810576515143264e-01 3.592277754622144048e-01 4.000339733276743748e-01 4.520512293641200108e-01 3.937770782663495561e-01 4.166870916746734377e-01 4.766843101248643411e-01 4.572159298840319241e-01 4.355056952634374090e-01 4.175000212849249714e-01 4.535716794301316024e-01 3.495380234949093667e-01 3.980305160875672876e-01 4.335530825641651931e-01 4.639064547574193176e-01 3.839901354229301456e-01 4.211048463830535105e-01 4.810832934325149912e-01 4.638318498270121992e-01 4.741528934684689500e-01 4.595079099254328336e-01 4.543045797857143131e-01 4.807239783629322916e-01 4.848719665182921745e-01 4.644428552354957773e-01 4.719384961199428186e-01 4.689023388016671512e-01 4.581443247538478647e-01 4.822729673095917935e-01 4.770248488992218094e-01 4.913484665095680937e-01 4.790488752594743715e-01 4.996020826568630113e-01 4.885506228998862110e-01 4.934976725767638017e-01 5.025880282540795552e-01 4.890248036714818225e-01 4.964343499372806390e-01 4.984645219025867213e-01 5.005178824668872206e-01 4.933889385352340784e-01 4.718456435956511208e-01 4.959189757607673221e-01 4.752152754661310152e-01 4.924621256987923301e-01 4.955038264479707522e-01 4.936902152101292351e-01 4.955392173022388214e-01 4.897034285371576479e-01 4.946209466004842792e-01 4.935499261544398775e-01 4.897339433783148288e-01 4.957985293071485167e-01 4.922838066779017252e-01 4.924693221463251613e-01 4.955690233317361360e-01 4.848625365469683146e-01 4.877684622126780001e-01 4.959762807901292314e-01 4.966519466883243528e-01 4.934484398034172936e-01 4.931622120380075858e-01 4.927569946050537331e-01 4.958877248278761862e-01 4.879804302639691449e-01 4.902153122055992740e-01 5.019845129779331172e-01 4.992281541615889440e-01 5.012410751301914491e-01 4.913126255674531984e-01 4.921434833381325702e-01 4.948860895703190987e-01 4.959369376334898938e-01 4.999654585151267483e-01 5.005743086560212607e-01 4.963802649444783999e-01 4.904355600850506813e-01 4.959550700729298267e-01 4.969481244813750420e-01 4.995218283393271230e-01 4.963043012996958270e-01 5.004337374692873208e-01 4.967086150090272434e-01 5.018412036492376771e-01 4.986669860972627877e-01 5.011716186233843295e-01 4.982654444266758076e-01 4.986441164972466589e-01 4.961338087456017010e-01 4.895120879188665786e-01 4.977860616771699331e-01 4.998083365520873955e-01 4.979599319671295099e-01 4.978971842213352206e-01 4.952501240621243750e-01 4.978754405933786820e-01 4.944669573041982069e-01 5.001405438978596685e-01 4.992669663672442137e-01 5.013029226234149149e-01 5.028957704036454146e-01 5.009777834963493603e-01 5.003797714097096838e-01 4.976025139624135618e-01 5.013593791428659907e-01 4.974200383816683724e-01 4.987001757903883892e-01 4.971162366854743331e-01
-1.083201290609599014e-02 1.182951942935402956e-01 2.455919968794499086e-01 4.125095955987054253e-01 3.725439452556188469e-01 3.963586307977959300e-01 1.000000000000000000e+00 6.039845533659297105e-01 6.367361934009456714e-01 5.604160659800493383e-01 6.143693189165998492e-01 7.115582732147068823e-01 6.297842473813151098e-01 6.440836447042176394e-01 7.583897285334180172e-01 7.261600252540548750e-01 6.290845823970451223e-01 6.174521548877390797e-01 6.699016164633009307e-01 5.477628829748028005e-01 5.732330718278498827e-01 6.517360278808312923e-01 6.865333814096828968e-01 6.001367356158053834e-01 6.438266493807898172e-01 7.212442598958478390e-01 6.993708360612429509e-01 7.333837595280198185e-01 6.861652385578804747e-01 6.913231127048637958e-01 7.316357825668310388e-01 7.429929192761117740e-01 7.240074136136724903e-01 7.371765782862722549e-01 7.201023619612569870e-01 7.033029270749311390e-01 7.373074673498442033e-01 7.410636056571150432e-01 7.562726398380666959e-01 7.293872444424259749e-01 7.500033669740463482e-01 7.514349130609283556e-01 7.474953688469385682e-01 7.605225415802736588e-01 7.365041374445226996e-01 7.561387350515820227e-01 7.583685594854404632e-01 7.555499699767476152e-01 7.500709172070301189e-01 7.350108680678655304e-01 7.547648240230445671e-01 7.157650157896934262e-01 7.273357359453591631e-01 7.400562389947227260e-01 7.410092950960553981e-01 7.551772429111234253e-01 7.280052220442089217e-01 7.453751548308782393e-01 7.361478317326954901e-01 7.400703044292539223e-01 7.511738363059307089e-01 7.315021488381308057e-01 7.310424212220769657e-01 7.444679864643984901e-01 7.299131685376716305e-01 7.259207293870378885e-01 7.544742027847847199e-01 7.573452216439380269e-01 7.577145873913746499e-01 7.448356617255522671e-01 7.453045609224532297e-01 7.555778188682287233e-01 7.441114780172704002e-01 7.440909525769353605e-01 7.627883700721143079e-01 7.603341904788151195e-01 7.634206733875978923e-01 7.487191029845503554e-01 7.562095006309231815e-01 7.553383097917538702e-01 7.576964062027207181e-01 7.572144248082153251e-01 7.617647163490987028e-01 7.673954520866379525e-01 7.630746238809208437e-01 7.627943909836237824e-01 7.622091399730790418e-01 7.682677864565508052e-01 7.677711367590585034e-01 7.613428476622529084e-01 7.686883322548400121e-01 7.677991515343971507e-01 7.610295158626283474e-01 7.670643700102510731e-01 7.587155885758943841e-01 7.582314364059578038e-01 7.549984894415889825e-01 7.427901998292586461e-01 7.583003817010195435e-01 7.645697793896677474e-01 7.657256235000380329e-01 7.558023401199438496e-01 7.505558294919845164e-01 7.626215464774515063e-01 7.541065785624101458e-01 7.482583667381896841e-01 7.574472367246875004e-01 7.583290987562478769e-01 7.595181152513247325e-01 7.581876342496792764e-01 7.558815182371630970e-01 7.549056213125815429e-01 7.544914795292564369e-01 7.565407318644266077e-01 7.455668888776511016e-01 7.488153940014458110e-01
-5.117349553849752722e-03 1.002932053222429509e-01 2.537464363598988526e-01 4.281809229432667618e-01 3.659609621331529894e-01 3.764523067513770305e-01 6.039845533659297105e-01 1.000000000000000000e+00 6.011012222812157635e-01 5.613220482486213081e-01 5.933457916407067767e-01 6.891626401903768739e-01 6.008861311769138069e-01 5.925789824574871911e-01 6.953925799915798844e-01 7.021048888435372781e-01 5.829411004751411385e-01 5.942998474972048806e-01 6.423277520546721853e-01 5.694416212405410960e-01 5.745762386504628116e-01 6.371862653765105744e-01 6.539305786274661747e-01 5.693256121495916533e-01 6.201580668862155532e-01 6.865444897381149936e-01 6.712161144860394613e-01 6.925452495660113783e-01 6.742088061471915861e-01 6.638090431616479048e-01 6.970637412508338127e-01 7.062160134276461720e-01 6.835847578668249325e-01 6.941130594313195123e-01 6.934774024057861475e-01 6.738751690382237536e-01 6.995883923035134400e-01 7.137617605965174139e-01 7.310288230423414024e-01 6.863553540048245027e-01 7.072211665700064431e-01 7.286526586879824574e-01 7.349123480195424163e-01 7.328811716945772270e-01 7.055030759456434319e-01 7.306620747716836561e-01 7.070463141324421219e-01 7.063290799624937222e-01 7.055109780635300254e-01 7.129732158789817698e-01 7.176586045652951773e-01 6.800761055344867190e-01 6.951643856355974593e-01 6.927622337484596882e-01 6.963826112453616046e-01 7.112091941257427941e-01 6.820608544058404110e-01 7.121184250276541006e-01 6.968539321791026309e-01 6.952878414478198543e-01 7.199207075157694202e-01 6.890025074925920645e-01 6.927912839771388498e-01 7.024196201065247003e-01 6.809327063071159980e-01 6.786104885846913071e-01 7.046992672008808301e-01 7.110757225107079416e-01 7.152890170536614356e-01 7.215115327666611345e-01 7.096101291621126350e-01 7.152193349342145234e-01 6.956658914503633939e-01 6.987509751387104284e-01 7.159644439907316693e-01 7.156174312766325762e-01 7.144848987202992996e-01 7.140532430686373777e-01 7.090716891927799637e-01 7.115567869139716173e-01 7.104031897451522637e-01 7.131956631816646075e-01 7.138579386905501423e-01 7.206048334332819660e-01 7.259135356015666840e-01 7.140943858956024792e-01 7.140423403455601337e-01 7.265508198019845487e-01 7.237222412892361234e-01 7.167200439127671130e-01 7.180003284786682372e-01 7.203378557628598022e-01 7.104324879470781395e-01 7.238882446185035402e-01 7.086858120591380539e-01 7.104087584026426150e-01 7.219681612322631503e-01 7.042020251752412197e-01 7.149294151959489918e-01 7.196516082229126310e-01 7.210449512972811892e-01 7.139769233991789532e-01 7.031366922944050080e-01 7.238966135747714192e-01 7.130942060581522135e-01 7.045252007487914359e-01 7.107059465053361391e-01 7.096553355561961984e-01 7.162476716093484352e-01 7.117825291805106591e-01 7.126336409357785229e-01 7.076534411823877102e-01 7.082557912026633540e-01 7.154557104395382616e-01 7.015065304348291342e-01 6.988053053044667173e-01
1.503863116873063455e-01 2.041048174624108535e-01 2.745189073905074939e-01 3.939820269093932681e-01 3.590786922204555753e-01 4.245810576515143264e-01 6.367361934009456714e-01 6.011012222812157635e-01 1.000000000000000000e+00 7.074784507214241236e-01 6.816262743764448517e-01 7.425874629757343026e-01 6.847290883859054045e-01 6.800610293900942738e-01 7.840745804968293209e-01 7.587788974585669699e-01 7.436044315457939202e-01 6.892690491476743953e-01 7.283045086715784766e-01 6.304024057509974854e-01 5.967130265424690494e-01 6.946045213477567426e-01 7.664521023373117581e-01 6.346165516922536165e-01 7.161913927713960959e-01 8.105243444605432224e-01 7.963421560658260345e-01 7.960629975753116261e-01 8.259218113865406385e-01 8.079043421789141588e-01 8.370997417081880165e-01 8.129863200184930250e-01 7.758598302017842840e-01 7.795701465873876579e-01 8.052398926712279748e-01 7.313478798464713160e-01 8.001298331316027967e-01 7.893509785113211885e-01 8.072254588129801345e-01 7.283525648193626134e-01 8.017000758233715496e-01 7.904876252567610839e-01 7.734916892746805939e-01 8.023876686219715282e-01 7.876252785088192487e-01 8.009956864022678147e-01 8.204038597135658861e-01 8.297649220272601545e-01 8.187852866930485085e-01 7.775736922936977713e-01 8.104109003770187947e-01 7.590107829646098869e-01 7.928729543378282285e-01 8.321494524934667236e-01 8.191343240427707562e-01 8.205679697175655152e-01 8.187803372628470466e-01 8.152453523304546978e-01 8.128452891631106070e-01 8.311108345298801048e-01 8.194572203558700974e-01 8.146105576704553153e-01 8.117099085999796015e-01 8.317078179451887765e-01 8.220804001496645474e-01 8.201748182465006254e-01 8.245650529522999816e-01 8.163536686598211745e-01 8.295882877890439211e-01 8.127533655085288355e-01 7.879175299812045674e-01 8.230173701330658620e-01 7.865237775857781832e-01 8.042674550382764576e-01 8.274398849557401681e-01 8.225657993242956323e-01 8.194297557987166858e-01 8.368225311489662088e-01 8.156674003046692212e-01 8.320561997786691810e-01 8.228918732710224226e-01 8.316170851614287374e-01 8.134912862495630170e-01 8.298769625653387161e-01 8.132190050927853298e-01 8.108021824737563499e-01 8.050653616892682329e-01 8.170456274266556518e-01 8.144542740599194364e-01 8.172338283984553753e-01 7.825657312148961431e-01 8.038663900096532089e-01 8.013696527544761361e-01 8.090523887625857835e-01 8.169717877174069720e-01 8.214605362839193514e-01 7.951911184704436586e-01 8.211994014371462036e-01 8.114495793906213450e-01 8.108707702573303422e-01 7.919058879501864601e-01 8.189198169593625565e-01 8.128445294062404125e-01 8.091492206459073300e-01 8.095743452579379218e-01 8.179856007016904629e-01 8.214300264327871748e-01 8.242872812419121953e-01 8.178507387077728064e-01 8.186363611863580747e-01 8.099157003607140304e-01 8.226467600655112955e-01 8.161344524655049781e-01 8.266523225127190289e-01 8.269535522125892602e-01 8.239545036194423355e-01
9.023582916876776716e-02 1.756071517132272164e-01 2.334227772102326071e-01 3.357845849776223690e-01 2.902400482665080661e-01 3.592277754622144048e-01 5.604160659800493383e-01 5.613220482486213081e-01 7.074784507214241236e-01 1.000000000000000000e+00 6.287391261420191002e-01 6.698261428042635579e-01 6.100521087970328660e-01 6.226484414072390727e-01 7.116658312890083993e-01 6.970166655687054513e-01 6.546166368501360466e-01 6.178448788616375253e-01 6.570527501594045638e-01 5.668601622916635829e-01 5.225783216476711512e-01 6.175312048215146898e-01 7.002154889102317759e-01 5.692961067499215932e-01 6.342097733443174956e-01 7.377987616520358394e-01 7.221144319370814690e-01 7.201463666666193530e-01 7.490053647819253646e-01 7.424331513172044428e-01 7.619775964171371374e-01 7.536578162811707893e-01 7.077726225632517965e-01 7.164191321997184225e-01 7.329880258254548586e-01 6.610578289813034969e-01 7.241079164844568261e-01 7.295537632656933225e-01 7.407480797550649587e-01 6.806725202659681395e-01 7.396940821236022146e-01 7.318552053050437767e-01 7.095564977405907081e-01 7.393639425014580935e-01 7.261787804165146243e-01 7.352769969767175562e-01 7.629038618836435637e-01 7.662155501269063418e-01 7.628763509089981909e-01 7.163840878663766398e-01 7.472780382608246175e-01 6.797309682849248524e-01 7.209093680301650320e-01 7.637691811157315547e-01 7.592168127789005183e-01 7.576671347147321267e-01 7.529937107077239178e-01 7.575314850292549362e-01 7.608953364089210414e-01 7.589817373510311382e-01 7.528117663729729792e-01 7.631902439677333838e-01 7.530622051865609734e-01 7.570878820151073496e-01 7.367525988223427857e-01 7.429812339860263348e-01 7.583233022267001910e-01 7.511290031889146235e-01 7.668419224905193010e-01 7.431613304103461548e-01 7.228852003008986449e-01 7.528588539962364212e-01 7.223349510399149631e-01 7.393754418368155834e-01 7.606589766393595520e-01 7.587626365989177391e-01 7.526130612931553054e-01 7.728614592483685763e-01 7.545182231105453941e-01 7.673826396810492501e-01 7.574208853976244216e-01 7.647204786780129604e-01 7.507375646995123608e-01 7.615995917029225737e-01 7.485395541216144366e-01 7.483446642925882797e-01 7.452006720999431177e-01 7.577619126998110799e-01 7.505007855979827225e-01 7.566246868218906574e-01 7.263995181424417469e-01 7.449023501420558580e-01 7.409149804842313225e-01 7.467779799445241062e-01 7.565139770247656381e-01 7.616751119548048621e-01 7.363217754758130118e-01 7.480640635965810636e-01 7.464657821688204242e-01 7.469174850090189999e-01 7.323893571031189209e-01 7.538805059180311297e-01 7.442218187130806850e-01 7.480778462473940404e-01 7.371733463229654948e-01 7.490587363099607821e-01 7.580400797049524630e-01 7.602323795052017275e-01 7.576499680876571663e-01 7.597418964140751907e-01 7.560132718631017434e-01 7.573347058249136898e-01 7.578847215036372820e-01 7.527624315578882452e-01 7.522861163586511690e-01 7.491792080809631660e-01
2.639132604325076029e-02 9.700562694619362103e-02 2.362338867367077544e-01 4.084952756997013434e-01 3.324677868634182687e-01 4.000339733276743748e-01 6.143693189165998492e-01 5.933457916407067767e-01 6.816262743764448517e-01 6.287391261420191002e-01 1.000000000000000000e+00 7.740170586772414651e-01 6.546645446586106809e-01 6.769280905180261598e-01 7.727181139023628909e-01 7.410177517120879465e-01 6.955076244285722797e-01 6.398210986679924162e-01 7.072706989705647151e-01 5.680102970114108141e-01 6.396790511912966437e-01 7.176649968606823027e-01 7.199439164186922646e-01 6.157772857950526424e-01 6.801201508561843800e-01 7.597406084458208086e-01 7.431534152148132621e-01 7.629407711697208105e-01 7.405781211559265831e-01 7.466414206969868017e-01 7.859671851792235930e-01 7.791078530822097559e-01 7.393824496192842322e-01 7.573011696598117570e-01 7.564317200385957118e-01 7.395830704054721094e-01 7.795003122954246022e-01 7.708023020609510167e-01 7.887611692049507628e-01 7.543606710606951538e-01 7.985694522260150530e-01 7.894979501883673256e-01 7.709703801711396132e-01 7.959490294877552552e-01 7.959723319140989961e-01 7.883003977097160497e-01 8.045322086093064096e-01 8.081197348211602849e-01 8.039504529391666710e-01 7.689193246553709393e-01 7.931349252777887271e-01 7.758290494800804682e-01 7.826988059167482303e-01 7.966183999765179546e-01 7.974248004481908625e-01 8.059428784321173156e-01 7.876648621008850437e-01 7.948498305923253904e-01 7.868573234546530903e-01 7.952121414158062063e-01 7.959443399845272937e-01 7.856459992570266060e-01 7.818365602225929578e-01 7.927589041653626545e-01 7.920927159429640430e-01 7.912163230449456019e-01 8.057039184689130940e-01 8.008466462378580619e-01 7.980154481681424050e-01 7.896830622553023815e-01 8.007893672094992255e-01 8.080006618786641504e-01 7.779388791439981743e-01 7.846908167019852609e-01 8.071055944670486593e-01 8.060301549873477578e-01 8.034486153098584493e-01 7.997269672082677472e-01 8.011302258640213836e-01 8.029781579406451986e-01 8.056888099348876731e-01 8.079201731405071252e-01 8.051014250189214572e-01 8.022686439488884158e-01 7.972526289171328884e-01 7.982183693579925077e-01 8.048137808465577470e-01 8.087366558557287366e-01 8.072214677309871300e-01 8.079718953390605529e-01 7.998795103104858750e-01 8.081877662275418484e-01 8.056906688901306346e-01 8.101198606385361378e-01 8.104707078169027801e-01 8.094857515943645332e-01 7.960796599118692418e-01 7.974786614678418539e-01 8.031866321680135590e-01 8.073415625283847374e-01 8.017555638032746179e-01 8.041915287982849270e-01 8.049685066966569824e-01 8.083853231465998324e-01 8.063178862890367782e-01 7.991119774102479756e-01 8.084539022785967033e-01 8.094510418043784350e-01 8.091326299330174887e-01 8.070804257582048225e-01 8.072779499269957526e-01 8.076656685926379975e-01 8.051301221022425514e-01 8.053025306105162651e-01 8.048128994792154156e-01 8.035355281364453539e-01
2.064006840176001861e-02 1.087685142210297051e-01 2.855348599054969294e-01 5.275865815908646894e-01 3.899308756877431503e-01 4.520512293641200108e-01 7.115582732147068823e-01 6.891626401903768739e-01 7.425874629757343026e-01 6.698261428042635579e-01 7.740170586772414651e-01 1.000000000000000000e+00 7.300272345654523765e-01 7.449931585300997305e-01 8.508347278026029414e-01 8.277410246239335079e-01 7.769109647611133207e-01 7.103094152152619190e-01 7.789973901683607815e-01 6.472121179862559970e-01 7.326055359021713675e-01 7.948033900779224448e-01 7.942265026816118789e-01 6.661983891112560618e-01 7.360915145751992794e-01 8.438367101781416579e-01 8.296374448218382103e-01 8.527333179521324746e-01 8.109115310673409294e-01 8.105962925396087426e-01 8.558430532493178644e-01 8.624025619918495034e-01 8.282944413736262890e-01 8.421398445838816915e-01 8.370905220158896265e-01 8.401654168545298340e-01 8.646680527782041326e-01 8.600095958895914716e-01 8.822624203419829891e-01 8.540644903140234279e-01 8.796955276571336579e-01 8.767703738250410828e-01 8.768387589303698881e-01 8.946500949266384950e-01 8.791418987992333234e-01 8.848934086085671336e-01 8.873993152622692282e-01 8.886356500583368900e-01 8.882296510643454823e-01 8.598309423643749616e-01 8.893619856371011156e-01 8.775677244471846716e-01 8.787481596821178353e-01 8.801370923431073301e-01 8.823858913537129256e-01 8.894011311046041701e-01 8.825182691302025928e-01 8.838604332384927265e-01 8.753794910743293300e-01 8.784293588103694317e-01 8.853396601899761187e-01 8.733715397325052532e-01 8.772914336661494783e-01 8.880441102684368815e-01 8.781436627367745773e-01 8.823186251886735443e-01 8.833588157398318819e-01 8.779373187664951672e-01 8.719515178344137141e-01 8.675669382527970708e-01 8.851343157052555810e-01 8.862701716022811649e-01 8.487295313744973591e-01 8.583073505811580350e-01 8.880060856196559937e-01 8.874415746256819615e-01 8.848248126075899389e-01 8.745734321001422673e-01 8.766671391939341307e-01 8.760076119038532338e-01 8.835249630977268787e-01 8.855299952561549448e-01 8.917751422709199183e-01 8.806980776386361676e-01 8.779233917400194320e-01 8.746858780646104004e-01 8.884542169830338398e-01 8.872620320802767635e-01 8.901878919405356028e-01 8.914096757803950943e-01 8.839602197816228690e-01 8.906978038562134437e-01 8.879600877481766963e-01 8.949038192781004764e-01 8.882689493423315819e-01 8.896778199232713291e-01 8.819906163601501925e-01 8.831258234491892178e-01 8.862662533381086005e-01 8.892419078046884806e-01 8.864565205790313485e-01 8.903795126688758277e-01 8.918455508077827165e-01 8.920830019041444681e-01 8.924426855298375205e-01 8.919976873605188761e-01 8.918858616914785431e-01 8.894859710183051771e-01 8.910819453146355817e-01 8.900470908138181647e-01 8.890702967101469234e-01 8.918065478764388709e-01 8.906649065865827053e-01 8.898539271356852298e-01 8.870526814639868585e-01 8.921534774533856904e-01
1.137610833047807829e-02 9.411104016641376468e-02 2.434928236093219511e-01 3.958482537153678593e-01 3.592203907646936978e-01 3.937770782663495561e-01 6.297842473813151098e-01 6.008861311769138069e-01 6.847290883859054045e-01 6.100521087970328660e-01 6.546645446586106809e-01 7.300272345654523765e-01 1.000000000000000000e+00 6.757940214810140844e-01 7.832208306193696457e-01 7.642581568838753281e-01 6.913959567460061795e-01 6.559337784243070013e-01 7.025962175209192750e-01 5.530224153967665535e-01 6.085620673637925915e-01 6.842063863366051324e-01 7.134481817458760977e-01 6.211727230400373445e-01 6.778753934064856157e-01 7.622429947514162141e-01 7.486733588956696606e-01 7.727977688002525269e-01 7.336487327116935075e-01 7.448422138912045298e-01 7.802985482596170863e-01 7.844634726591916962e-01 7.482250395983822688e-01 7.633069130757221821e-01 7.615945858856900674e-01 7.428225120706986040e-01 7.786882940045336543e-01 7.693217184431376809e-01 7.937633779140647050e-01 7.575039671324118595e-01 7.996166069046697356e-01 7.925954965488435366e-01 7.896976582240435860e-01 8.020128438006249860e-01 7.894188344965170634e-01 7.918694537811181711e-01 8.093422385811704922e-01 8.079778328975335544e-01 8.036147693017728910e-01 7.655756355715708228e-01 7.944439193354668749e-01 7.558606173007359486e-01 7.838135117783552319e-01 7.987166691664775442e-01 7.896973172279556641e-01 8.018751271353338206e-01 7.716796914356764958e-01 8.011935132683402072e-01 7.836890414417110318e-01 7.995368125884055877e-01 8.106832430698964753e-01 7.866993322067294958e-01 7.772813296834985008e-01 7.953249218480853422e-01 7.845549042414498020e-01 7.820135721745319346e-01 8.132362421416172715e-01 8.069876101178062866e-01 8.044889084325783646e-01 7.918304836459361118e-01 8.002695923430774849e-01 8.085903310198286897e-01 7.841487022513908833e-01 7.930404598034344055e-01 8.123518654607747580e-01 8.119708328909790440e-01 8.108980901125423246e-01 8.030947002555963721e-01 8.091134055990574225e-01 8.062747501650322501e-01 8.106985936212479649e-01 8.139658400698089880e-01 8.079472533013846158e-01 8.131379800525136980e-01 8.098221219588289665e-01 8.036627450027714614e-01 8.102148089118130780e-01 8.136082449482372470e-01 8.160937370460275009e-01 8.098719326779787453e-01 8.051726453926077998e-01 8.160683471121208399e-01 8.137831827141595031e-01 8.143087751074412628e-01 8.137821735286657754e-01 8.142246142038989110e-01 8.061249801658297853e-01 8.024884513193493163e-01 8.145704602602429345e-01 8.144924497236356586e-01 8.139286307762695349e-01 8.092427938236704810e-01 8.117255993301949468e-01 8.177290654999125330e-01 8.084441666781700953e-01 8.024509716210875832e-01 8.132077347150218349e-01 8.149326259131651762e-01 8.130085931960231438e-01 8.142447032123369954e-01 8.103910711029385094e-01 8.138480911486761782e-01 8.097034176968488373e-01 8.144477815864893389e-01 8.065179331735218282e-01 8.064063559852570062e-01
