1.000000000000000000e+00 1.874143259152385166e-01 1.894994921379229424e-01 4.124828732299631179e-02 -1.256509282310961512e-02 -2.121561247911064874e-02 3.689610719799584632e-02 8.631164850024673763e-02 2.003328692889998208e-01 7.747671133058044168e-02 3.932680044722148410e-02 -4.578107479922010475e-02 2.196820386261730262e-02 1.576918169540777667e-02 6.423333956559195389e-03 7.391074003488025401e-02 1.771887688567378993e-01 2.458962828530251998e-01 2.376871612275022194e-01 9.552473627639504472e-02 1.263945228695533551e-01 2.390129748035897117e-01 2.594917488705155151e-01 1.938688830332024604e-01 2.531814904478840722e-01 2.083637816215837268e-01 1.797188317136461655e-01 1.793375921266331940e-01 2.352869346196317657e-01 1.876759775802571140e-01 1.796114204402187442e-01 1.401759573704924045e-01 2.071610115322561341e-01 1.524482443356748318e-01 1.910175474494964498e-01 1.512776888771906192e-01 1.724145190805363437e-01 1.046178996476667261e-01 1.293552387940277160e-01 9.247818663555967822e-02 7.015234222842775536e-02 6.556103480273393902e-02 7.227334846432717508e-02 8.660534754481868935e-02 1.031291498926810435e-01 1.209884759501064638e-01 -7.556751498931579217e-04 3.340488726725893837e-02 3.372894122021497659e-02 6.191731181615121871e-02 6.976554832184521382e-02 3.125233410742782499e-03 2.518952439486536743e-02 7.596843316713475236e-02 9.730499056710530115e-02 1.269195094308693261e-01 7.018582271451694055e-02 2.284606566426791718e-02 4.570221539471325950e-02 2.558415105321828337e-02 1.824474715851747558e-02 4.865822512496217889e-02 4.374724779310986550e-02 4.717695837638979928e-02 8.506407427019395395e-02 5.873807971184972360e-02 5.250626567707085413e-02 9.274003449034616542e-02 7.546318862573923869e-02 5.285006192676752756e-02 8.923461652217494489e-02 1.178991631891344039e-01 8.193409762742299984e-02 9.341354253694116039e-02 7.477743622711433003e-02 6.860431543161116252e-02 7.036476352915325971e-02 9.294556190124504680e-02 6.944371544041244571e-02 9.094731073601713955e-02 9.267813496150802133e-02 8.221105577821562205e-02 9.278163806947786751e-02 8.026925135313386916e-02 4.720509343544353198e-02 6.684625913822626886e-02 7.491282784695925401e-02 4.853147648631682409e-02 6.296025674534500016e-02 8.206159525147976863e-02 6.130740019227615828e-02 2.755681677603043570e-02 5.043225288585276994e-02 5.009750645800030433e-02 6.169972352086148561e-03 1.636430575827807488e-02 2.208482111975767007e-02 3.472851823821383049e-02 2.455021845361981397e-02 2.371337461257400428e-02 2.839772510575072281e-02 3.535704935656912989e-02 1.458369272521771454e-02 2.836818452774002297e-02 4.758467241702873246e-02 3.084150676750526537e-02 3.124293809052499163e-02 2.989068026568741585e-02 4.467517690063142061e-02 1.340425796075402423e-02 8.288255534439251115e-03 2.097043056140947617e-02 2.536228705761345292e-02 5.158855038243782831e-02 6.959639053733682190e-02 4.508143346778008265e-02
1.874143259152385166e-01 1.000000000000000000e+00 1.159685582130038362e-01 1.114045660883029309e-01 7.616104305209281389e-02 7.710780225803588739e-02 1.665944479168459391e-01 1.562561015822432897e-01 2.115031356981624810e-01 1.856266233914164454e-01 1.679245369385963249e-01 1.264958429762312875e-01 1.325840969117126067e-01 1.414677844500466797e-01 1.628184380716108937e-01 1.624053122202402111e-01 1.983574662717283721e-01 1.914787147164023762e-01 1.789585823522143182e-01 1.584323321698792586e-01 1.574106874998403849e-01 1.703808029896319021e-01 2.465784462000364385e-01 1.890870210550073260e-01 1.810971232854045321e-01 1.966047054749093803e-01 1.708536342582626932e-01 1.898038021455391300e-01 2.123443033647182121e-01 2.079117287451814344e-01 2.137902248834237517e-01 1.998350507075290494e-01 2.041095333086620500e-01 1.791374360895624795e-01 1.952603613299791208e-01 1.727966644816389397e-01 1.962800735254017215e-01 1.886479127667997358e-01 1.963532231280354645e-01 1.556550049977530603e-01 1.663055716849584365e-01 1.612909782397972946e-01 1.632610641974391319e-01 1.664583193003086881e-01 1.782433976737916592e-01 1.967760676898487604e-01 1.579391815569949897e-01 1.746824221145432676e-01 1.611955303078147217e-01 1.503237183870731186e-01 1.628760849729384563e-01 1.325553336946845850e-01 1.498162416601643010e-01 1.902955721330656103e-01 1.892286691917407782e-01 1.961584516074209861e-01 1.819422687786837467e-01 1.580102717396361656e-01 1.742654254857257945e-01 1.677128126488323379e-01 1.615880082855910005e-01 1.838204803464746906e-01 1.700626968646251069e-01 1.795720546056548961e-01 1.727663319106114426e-01 1.767244405893196035e-01 1.732324453855243473e-01 1.845835808858681815e-01 1.932719947513558689e-01 1.767861071233890746e-01 1.678936834492099350e-01 1.848913253400114032e-01 1.825671522018757209e-01 1.813132583367457473e-01 1.756630783553803365e-01 1.759637034436628000e-01 1.773150349212015142e-01 1.888678389714079364e-01 1.810710554809336348e-01 1.869044539823088158e-01 1.822484613166665823e-01 1.832987848685328214e-01 1.992585535421212972e-01 1.825137212243087281e-01 1.731061322732609098e-01 1.751414196387810207e-01 1.728538410589514351e-01 1.796059863827978997e-01 1.803930545618472325e-01 1.936003213724090954e-01 1.716981471006349402e-01 1.605175671302093154e-01 1.703013854526663484e-01 1.708314448231441629e-01 1.576055014808901145e-01 1.646025253140415423e-01 1.487680903768079654e-01 1.614864584149986737e-01 1.617196292376859024e-01 1.610129349877614524e-01 1.598392839608654692e-01 1.672279382289609262e-01 1.533590970855029101e-01 1.602048251477412033e-01 1.675957974615741586e-01 1.716894231840705720e-01 1.679526669261028060e-01 1.724256341312068452e-01 1.760180883292196685e-01 1.622187116281411101e-01 1.625307317915039018e-01 1.659359870721289487e-01 1.711514660434396984e-01 1.776961235670453665e-01 1.756666721832811640e-01 1.734526827820696282e-01
1.894994921379229424e-01 1.159685582130038362e-01 1.000000000000000000e+00 3.209475578559966014e-01 1.197748927906743671e-01 1.929650841571969588e-01 2.869018011322404527e-01 3.189456678344393947e-01 3.559878348892184241e-01 2.653967331685344044e-01 3.266616129009063951e-01 2.755963918836311644e-01 2.190295134671728094e-01 2.337633172695575412e-01 3.075731023392980767e-01 3.451532915008777014e-01 3.692419163366463808e-01 4.165472175974557767e-01 4.299252324813119808e-01 2.875041987556603562e-01 4.004352780929582023e-01 4.328586372102226631e-01 3.940317998649076059e-01 3.845542897174579755e-01 4.306508314666346871e-01 4.358141815576805911e-01 4.096505319060300687e-01 4.138411018593243229e-01 4.270850039446201785e-01 4.071630733617339626e-01 4.222114134092353477e-01 3.542674082953578552e-01 3.885721140765445170e-01 3.816320428723363190e-01 3.778743066133150585e-01 3.947881517763866532e-01 4.078743507898979770e-01 3.499686901718461196e-01 3.775610732536731629e-01 4.123765832476452009e-01 3.466968878043638624e-01 3.299180153797063308e-01 3.704931362802874051e-01 3.690821391376943872e-01 3.892961819772760013e-01 3.640190840993048349e-01 2.827764694502425957e-01 3.093089642610382106e-01 3.052279901577383270e-01 3.179933979328641858e-01 3.295542787472159341e-01 3.036065941327379392e-01 3.228018500382442979e-01 3.310736652535308799e-01 3.489418115266496589e-01 3.665449596043660052e-01 3.393427562381313711e-01 3.086341847536315242e-01 3.219052317109761252e-01 3.090945637301427129e-01 3.068844514844984994e-01 3.157735582839150124e-01 3.144169968747914101e-01 3.301365445634737439e-01 3.393450064644042419e-01 3.333280472520339099e-01 3.140761924925269954e-01 3.553033057780559667e-01 3.301050132813014293e-01 3.238867920414369994e-01 3.642191092368914362e-01 3.681391210118125090e-01 3.429664135000823344e-01 3.575862182879806506e-01 3.502909174720723606e-01 3.424528158019544688e-01 3.456150454086971413e-01 3.440630895211668761e-01 3.373866260605989931e-01 3.520111302246172746e-01 3.453358891074466142e-01 3.576392941296889227e-01 3.511804882812930018e-01 3.253842990608890040e-01 3.227581527142793227e-01 3.315493086791983512e-01 3.415556478923628680e-01 3.169193137795807136e-01 3.349208725689701294e-01 3.487797190710063000e-01 3.535258028255334195e-01 3.164105574249457264e-01 3.427750982172587668e-01 3.318621746653812044e-01 2.902546747386925974e-01 2.963799180107582476e-01 3.290665779386374168e-01 3.111987037528217703e-01 3.042123858715601870e-01 3.102747808033992083e-01 3.319194912664457098e-01 3.069412620772233313e-01 3.139256433910139199e-01 3.173056797538797991e-01 3.329639285842888041e-01 3.174427234498991557e-01 3.047184452535378618e-01 3.033143709078337524e-01 3.192891291371064977e-01 2.967869119789532384e-01 3.005000721683973031e-01 2.988147787224087470e-01 3.059536212069822736e-01 3.188770493027687225e-01 3.298652847978233438e-01 3.173997953937622851e-01
4.124828732299631179e-02 1.114045660883029309e-01 3.209475578559966014e-01 1.000000000000000000e+00 2.936877366448453763e-01 3.278538544762507057e-01 5.205232346882670003e-01 5.008584684004623311e-01 4.417242223220327890e-01 4.026568423957131437e-01 5.107406680490441664e-01 5.778873958955794699e-01 4.141323192732019876e-01 4.181811529318664178e-01 5.362207724330225744e-01 5.358075445547555438e-01 4.675914887587432900e-01 4.465282232929425610e-01 4.669788159690262397e-01 5.346681522447863655e-01 5.518409619823984036e-01 5.151162214952605956e-01 4.302217045808751639e-01 4.758260652675420088e-01 4.786378389227741170e-01 5.222334727356409134e-01 5.473961445918220647e-01 5.284595101017243168e-01 5.247229649702345178e-01 5.739244561824636826e-01 5.714585162344356650e-01 4.834645420492246770e-01 4.690719367456743782e-01 5.100474159490782089e-01 5.041471972416242675e-01 5.315775334398009644e-01 5.400448474808463573e-01 5.117840266275873740e-01 5.379141842264214546e-01 5.479495041321733595e-01 5.289392969959497703e-01 5.145572848456639869e-01 5.570070264637069224e-01 5.567028327408598543e-01 5.500421963086647992e-01 5.236038649643784959e-01 4.816190104180696485e-01 4.891580553818101751e-01 5.001852286866488306e-01 4.992258396035360035e-01 5.148541293500435989e-01 5.210555005402339734e-01 5.127199408973887040e-01 4.931447681043989451e-01 4.912477233677552402e-01 4.870406958435331557e-01 5.073464623082425407e-01 4.974735320073988554e-01 4.959240527174511581e-01 5.080939811718557797e-01 5.170498641207419421e-01 4.974494255441838653e-01 4.989824169157789369e-01 5.312371290504200871e-01 5.043180208611941495e-01 5.172692237010083627e-01 4.932752126118502556e-01 5.190644665878040298e-01 5.036372126537690397e-01 5.549262391141510653e-01 5.451517854262244445e-01 5.226324634638720434e-01 5.181246786367214030e-01 5.231197383887848940e-01 5.264605949474663316e-01 5.287478990571400361e-01 5.177559656308962088e-01 5.144585152723881727e-01 5.197070429782275625e-01 5.309777403388533656e-01 5.200119405601317801e-01 5.407972954162127976e-01 5.095167388669364916e-01 4.984501885053418402e-01 5.091576174324090598e-01 5.135675476797831873e-01 5.242199174886453816e-01 5.004064532396204079e-01 5.146691431777360437e-01 5.065964973411293260e-01 5.329141514622240949e-01 5.145169492282445356e-01 5.312873388108718675e-01 5.214603503452275302e-01 4.909030643012798345e-01 4.895974753321228889e-01 5.312052550311815446e-01 5.159146611360662105e-01 5.055035075199414418e-01 5.104522034014438159e-01 5.337367331740427989e-01 5.070111265567386338e-01 5.186360243672193393e-01 5.172730008076924513e-01 5.233793380212882207e-01 5.123517304792158944e-01 5.000437129326448238e-01 4.901544992850933036e-01 5.012646369971465177e-01 4.954065811371405337e-01 4.967591143486750349e-01 4.970745216131062794e-01 5.008848520775668334e-01 5.089883670215917810e-01 5.074831943273873103e-01 5.094362670345352617e-01
-1.256509282310961512e-02 7.616104305209281389e-02 1.197748927906743671e-01 2.936877366448453763e-01 1.000000000000000000e+00 2.931830122543913619e-01 3.993721403971257078e-01 3.779109504104895545e-01 3.651468867637961968e-01 3.598721195090200387e-01 3.889531645515595382e-01 4.481594326982407672e-01 4.146833095676999981e-01 3.792956185195241470e-01 4.517055646138096736e-01 4.426991957982389647e-01 3.569168122856911096e-01 2.848812606649363532e-01 3.170826017667858210e-01 3.408210825328402138e-01 3.429395491699304688e-01 3.202309655724759341e-01 3.291624865246935427e-01 3.301542824791554032e-01 3.063505113558591675e-01 3.824338165253206578e-01 3.815211941537580143e-01 3.811292271453138869e-01 3.537983191720232568e-01 3.883545922435651110e-01 3.999141693263509878e-01 4.071190840190730409e-01 3.607323570373578425e-01 3.849135144898241934e-01 3.682759918937679178e-01 3.788937065336167587e-01 3.957235341936303219e-01 4.172048838611854826e-01 4.168934342105475310e-01 4.044607265680938979e-01 4.379930132439167068e-01 4.388299680028771577e-01 4.220359333761137255e-01 4.508245715927529651e-01 4.271017643160664456e-01 4.296035081664085209e-01 4.520761928355246928e-01 4.450740739819090686e-01 4.522557905081877050e-01 4.345628199313489315e-01 4.320402195438008408e-01 4.451826236868544062e-01 4.520200915284914300e-01 4.393606411891576302e-01 4.292982432147054439e-01 4.212973829382858360e-01 4.360923177512130433e-01 4.518082376915731335e-01 4.369089669968699297e-01 4.611453012372633831e-01 4.589119022557182070e-01 4.494752660118941923e-01 4.420895554885946321e-01 4.469574329135836965e-01 4.359057000628404066e-01 4.514082613535446709e-01 4.496651399878428546e-01 4.332365613510061886e-01 4.434428676907564149e-01 4.467281931636931103e-01 4.300824680500751618e-01 4.242090469254651830e-01 4.343287850479787826e-01 4.312033651331614870e-01 4.456940150156566971e-01 4.457360836127464143e-01 4.401730220086232381e-01 4.372235893494931247e-01 4.449037153685147516e-01 4.385415831462320391e-01 4.373405957293707846e-01 4.426927201191416250e-01 4.409449099431822505e-01 4.394337104248768333e-01 4.471852455471001520e-01 4.423547349793831573e-01 4.407033053419660007e-01 4.455817561089819856e-01 4.458930049952410934e-01 4.411326113679522876e-01 4.444394146259337819e-01 4.559031259498285138e-01 4.477071749333880746e-01 4.471089320667244182e-01 4.549694229046143401e-01 4.541049694053470032e-01 4.508047550450186569e-01 4.563737973868541853e-01 4.565652871703030913e-01 4.521323441113659913e-01 4.525286377465690957e-01 4.558468548509450602e-01 4.577527292091925215e-01 4.594744755738359165e-01 4.519645919909208165e-01 4.550969744316543664e-01 4.547094455041397754e-01 4.513849519508809083e-01 4.504694124846983505e-01 4.552435125067888499e-01 4.527242594614274696e-01 4.569885391908539707e-01 4.525875858592227075e-01 4.499296919785637505e-01 4.415940961118712260e-01 4.525840566922950670e-01
-2.121561247911064874e-02 7.710780225803588739e-02 1.929650841571969588e-01 3.278538544762507057e-01 2.931830122543913619e-01 1.000000000000000000e+00 5.007707312545940370e-01 4.450300091674310177e-01 4.864115513085169318e-01 4.364242142265704061e-01 5.107751771738059388e-01 5.311331160675775154e-01 4.771111989244661289e-01 4.890614490611249754e-01 5.466944486391681624e-01 5.258920443071138928e-01 4.891402849329292146e-01 4.297692538823528197e-01 4.344666282709800376e-01 4.400807411850258255e-01 4.764807681362152603e-01 4.378726759563542070e-01 4.429361523404433121e-01 4.539857738820501920e-01 4.404263469105285655e-01 5.020402496600042674e-01 5.088306056303413261e-01 5.067574875650182609e-01 4.869447376049007015e-01 5.174391461167342499e-01 5.224995606180176111e-01 5.343746393363546510e-01 4.965288667176246395e-01 5.176840179245628670e-01 5.070914950132102694e-01 5.105957181251814525e-01 5.154863097539609251e-01 5.424775518789144435e-01 5.451559328075183952e-01 5.311191941810610162e-01 5.529813480097975908e-01 5.552738072503726752e-01 5.549767457799020809e-01 5.647138425068308765e-01 5.528791708038302000e-01 5.462028680272009717e-01 5.612706278882445554e-01 5.631824102882606597e-01 5.641918260259167761e-01 5.524570986620150892e-01 5.604079827730091834e-01 5.463151192648473264e-01 5.527297954508594291e-01 5.633906172198455131e-01 5.523584791830284946e-01 5.447793428385631076e-01 5.580284808559691223e-01 5.613685105695243038e-01 5.599386178565010086e-01 5.687088393320511859e-01 5.700873076406354212e-01 5.640189679965602609e-01 5.641226674999650914e-01 5.707231722801731078e-01 5.550248482065616162e-01 5.643449758465578503e-01 5.644814115221548079e-01 5.609718444933469161e-01 5.610633323317884003e-01 5.647213453961793528e-01 5.609084364408267742e-01 5.549138630488639201e-01 5.583678582421863767e-01 5.566987478709961579e-01 5.673832323140650669e-01 5.661383056696696059e-01 5.641153758133353735e-01 5.576403079323538625e-01 5.624913940700320136e-01 5.631348556110841175e-01 5.620246998499890401e-01 5.648865871203169187e-01 5.646970675002466189e-01 5.593963336599010461e-01 5.638577271837017513e-01 5.650125679488763319e-01 5.642639431939695527e-01 5.643657963700763336e-01 5.657149878850908920e-01 5.614617919633538845e-01 5.679093178111269680e-01 5.716636424111927184e-01 5.690926853570417165e-01 5.678598652940971547e-01 5.662961317104446834e-01 5.685505270997822658e-01 5.721074030986098569e-01 5.666883821516034425e-01 5.686585435688279455e-01 5.687429586613457211e-01 5.714430425874069686e-01 5.681937888670418602e-01 5.687805981991379545e-01 5.715656342602697393e-01 5.704693858854207322e-01 5.711303108810469320e-01 5.675632001388013492e-01 5.655966096018750777e-01 5.677396596274605356e-01 5.692730572260309430e-01 5.667517640577895977e-01 5.694167902979478946e-01 5.703877222883566578e-01 5.696168810681482286e-01 5.658893956039235951e-01 5.669052161401277878e-01
3.689610719799584632e-02 1.665944479168459391e-01 2.869018011322404527e-01 5.205232346882670003e-01 3.993721403971257078e-01 5.007707312545940370e-01 1.000000000000000000e+00 6.628042940479359491e-01 6.610373483169089681e-01 6.405865850529084415e-01 6.914204349377588432e-01 7.534528674935065951e-01 6.722436328883715229e-01 6.440884592454049207e-01 8.102370233780513686e-01 7.734246758700522584e-01 6.695713366440655401e-01 5.667455533009100321e-01 6.110169346851079819e-01 6.344906962551808416e-01 6.578031418714517242e-01 6.168061157672259931e-01 6.043259884167153650e-01 6.128444032899226235e-01 5.999846411163209936e-01 7.277207053362170219e-01 7.489707802731785380e-01 7.583544022004652385e-01 7.061950208654407257e-01 7.338569180374073797e-01 7.570247022333598252e-01 7.268834040479182912e-01 6.760402345957544634e-01 7.071670179517318688e-01 6.824350716301816888e-01 7.044910793555593242e-01 7.268769336030379558e-01 7.595475991847575603e-01 7.564926801879047202e-01 7.699699172643333922e-01 7.830516238447609023e-01 7.893908144478927191e-01 7.734447994887628797e-01 7.964774379444709007e-01 7.770446644363928623e-01 7.748064852785364609e-01 7.610889794016616472e-01 7.647297176400155161e-01 7.719614252078709216e-01 7.485356607225180925e-01 7.727777181770388859e-01 7.581183684792275335e-01 7.718083942945339615e-01 7.577962643045704771e-01 7.470800432438404748e-01 7.442911549185614595e-01 7.459762191719366831e-01 7.759353575712897300e-01 7.631480802439613020e-01 7.769993965556607485e-01 7.777232439919581353e-01 7.581724410355092925e-01 7.559609251632509741e-01 7.687072156658183442e-01 7.521042663020447439e-01 7.654189261579151804e-01 7.694239563985298958e-01 7.643998168323904441e-01 7.602566957631989863e-01 7.824617586935703750e-01 7.642201451153342040e-01 7.561169992277818608e-01 7.568400600312689130e-01 7.554265318774738835e-01 7.865385125377316600e-01 7.835999293501634266e-01 7.909078737264102488e-01 7.731527343798029195e-01 7.823821256418016512e-01 7.803397951701068758e-01 7.716327267213163310e-01 7.869759581807187487e-01 7.639911944263040322e-01 7.589373115482905829e-01 7.716380785114814733e-01 7.661092071991280061e-01 7.754630282209600267e-01 7.821257122580522747e-01 7.766396149666510151e-01 7.673974737306770155e-01 7.915149858917279735e-01 7.904471505129293529e-01 7.872667984501668936e-01 7.926382378426416464e-01 7.712710146539573097e-01 7.708301631368144058e-01 7.845075086859271130e-01 7.746695052595841124e-01 7.787069682642836499e-01 7.822309161557410295e-01 7.862129638794049802e-01 7.776914988302157106e-01 7.822299774743088907e-01 7.898141495287688274e-01 7.808461633201082552e-01 7.732128181842260473e-01 7.760328110532989099e-01 7.697011090638262720e-01 7.729423932711060319e-01 7.752062370784593703e-01 7.750839415989949632e-01 7.732413119413223956e-01 7.721029144232947061e-01 7.718458587208568700e-01 7.697105534920096748e-01 7.693957898276888585e-01
8.631164850024673763e-02 1.562561015822432897e-01 3.189456678344393947e-01 5.008584684004623311e-01 3.779109504104895545e-01 4.450300091674310177e-01 6.628042940479359491e-01 1.000000000000000000e+00 6.254495624881680760e-01 5.770823522172687792e-01 6.199585011664134893e-01 7.003982003482429608e-01 5.972780039230892735e-01 5.956885571283383474e-01 7.185249442988728141e-01 7.467144071828298868e-01 6.294632333364263976e-01 5.769178805255935627e-01 6.054704001468939056e-01 6.167965907057271213e-01 6.391427897739812014e-01 6.153259419790308993e-01 6.072415511006287181e-01 6.005816312511309540e-01 6.027184941659801121e-01 6.897092704414813369e-01 6.959964461661258817e-01 7.014207940721969292e-01 6.655569186057412878e-01 6.884387770053638222e-01 7.153297309119424074e-01 6.849743896540223531e-01 6.400928012087976349e-01 6.746766622842731431e-01 6.546009335938750562e-01 6.832610594660687431e-01 6.871184641691181483e-01 7.061046834958306651e-01 7.119054668049961121e-01 7.192799930511682982e-01 7.139954149271517947e-01 7.147620001349807017e-01 7.197864029356111359e-01 7.353307831227356983e-01 7.169564478486762926e-01 7.138314003843612143e-01 6.816218455380264052e-01 6.961282728622462113e-01 6.975272041838068704e-01 6.905356723467127589e-01 7.130886633953500420e-01 6.825555776587755030e-01 6.990775922912428886e-01 7.016675110268268956e-01 7.053222932054611372e-01 6.999872480974993483e-01 7.037696694693450494e-01 7.029991432931742557e-01 7.061378601930949905e-01 6.986124711434669177e-01 7.071686808340629238e-01 6.999309682627909979e-01 7.032760107502381564e-01 7.131384291981408552e-01 6.914369339774141254e-01 7.030274688750555168e-01 6.970850730921691607e-01 7.078417245829008442e-01 7.028078394320906863e-01 7.241281649483075622e-01 7.146002075901202177e-01 7.076730374338393581e-01 7.022782884486220567e-01 7.050389968634492854e-01 7.163924605720557448e-01 7.123802227221444072e-01 7.130122736741248968e-01 7.059510466723085687e-01 7.152843141389714221e-01 7.159224880217990306e-01 7.086539563129042874e-01 7.210300579323515313e-01 7.107482150402200105e-01 6.956764539756662424e-01 7.038558764973849025e-01 7.029106264727077447e-01 7.120095826830484809e-01 7.054130304244776717e-01 7.100358503622263839e-01 7.099363787561088213e-01 7.199924952277414469e-01 7.099106594919205593e-01 7.192046206321298651e-01 7.146296987763767206e-01 6.920792682985168476e-01 6.933478253902548571e-01 7.192017665512875357e-01 7.104654668767362846e-01 7.044937429936831697e-01 7.065671971861834377e-01 7.165494694764021899e-01 7.074291112269700532e-01 7.079764138971158527e-01 7.146939565538856787e-01 7.140497902851133949e-01 7.064899795939600935e-01 7.039963491857936795e-01 6.949443584214474168e-01 7.042310393287518622e-01 6.971531071982465244e-01 6.992497274692692777e-01 6.964408549874936405e-01 7.009522724711069186e-01 7.053189263052603852e-01 7.028659004368889018e-01 7.007911605756046436e-01
2.003328692889998208e-01 2.115031356981624810e-01 3.559878348892184241e-01 4.417242223220327890e-01 3.651468867637961968e-01 4.864115513085169318e-01 6.610373483169089681e-01 6.254495624881680760e-01 1.000000000000000000e+00 7.160756089269055824e-01 7.380081558849107548e-01 7.179380643733813683e-01 7.150165800042532771e-01 6.982720987661040768e-01 7.945813640337523465e-01 7.912833978267311830e-01 8.034978106118623176e-01 7.020343479049976354e-01 7.485618846140149607e-01 6.093471332774651472e-01 7.139846757959715795e-01 7.285448313600652037e-01 7.710185099266276820e-01 7.133773241339457227e-01 7.267923382898145990e-01 8.266837872002461562e-01 8.179772973491783450e-01 8.208427378563970533e-01 8.103968575154146814e-01 8.205279436245433988e-01 8.339046206141998985e-01 8.359121857411530021e-01 8.086990758778971333e-01 7.968553645646700989e-01 8.026917445322362399e-01 8.022452314501827830e-01 8.283942861123502199e-01 8.281303781744567827e-01 8.436232417789357729e-01 8.126939522294320817e-01 8.403183091097918833e-01 8.296591909406763055e-01 8.209414046128710174e-01 8.405169906502548693e-01 8.407913347784428115e-01 8.546888206147397193e-01 8.244288590895758606e-01 8.489888992707320670e-01 8.416446140409091781e-01 8.145688007241104200e-01 8.363891987264773231e-01 7.872539764576409471e-01 8.192817090380616341e-01 8.613341757061563353e-01 8.603203747629369902e-01 8.622517092626210689e-01 8.490190800951383787e-01 8.387123612539822970e-01 8.483983186727234171e-01 8.441740027315982609e-01 8.368804656368199479e-01 8.526480080723802812e-01 8.401230797625977020e-01 8.477141479735642582e-01 8.528957383082482746e-01 8.493817129198625304e-01 8.506682291141929309e-01 8.569824728932641245e-01 8.507067253750673075e-01 8.240364451066110041e-01 8.443993189230816210e-01 8.596166320840072927e-01 8.342063593711234182e-01 8.454284235874992559e-01 8.560412659482316000e-01 8.548484853686902918e-01 8.514073183532778755e-01 8.561917885621406210e-01 8.492132779987432434e-01 8.570216753886087391e-01 8.585342297584233062e-01 8.559709575101765999e-01 8.620175059095778192e-01 8.488930283385492936e-01 8.379484808093601300e-01 8.456891481085836437e-01 8.546766173439329650e-01 8.455213953604268085e-01 8.520917681750648232e-01 8.581763726002278325e-01 8.486547546918058460e-01 8.418570526579584046e-01 8.507753846858141511e-01 8.487436179215390730e-01 8.349614512894968366e-01 8.409231132630429206e-01 8.304782681123442645e-01 8.378197937277387375e-01 8.405879993989904264e-01 8.352556515547758798e-01 8.379643021040422690e-01 8.432292415110106409e-01 8.349939809739487240e-01 8.408044059976815809e-01 8.472406864002723914e-01 8.427758261696690623e-01 8.454362721117448798e-01 8.453147714920731248e-01 8.516397793414403061e-01 8.361100143493082060e-01 8.372188187238873702e-01 8.429666179535312276e-01 8.451453565449845717e-01 8.540296242454668008e-01 8.569200985365641454e-01 8.508974337273835786e-01
7.747671133058044168e-02 1.856266233914164454e-01 2.653967331685344044e-01 4.026568423957131437e-01 3.598721195090200387e-01 4.364242142265704061e-01 6.405865850529084415e-01 5.770823522172687792e-01 7.160756089269055824e-01 1.000000000000000000e+00 6.865379123356424307e-01 7.109907557552963553e-01 6.729843411453868551e-01 6.646492426638076489e-01 7.746463754772054955e-01 7.393232967186696980e-01 7.132355294913294008e-01 5.753687585754753142e-01 6.113656385270408444e-01 5.371469374692169341e-01 5.951264308995996011e-01 6.086931975593552480e-01 6.398516203971484906e-01 6.053617402875073328e-01 5.916683986946641438e-01 7.240281619831432369e-01 7.308596437072063523e-01 7.435758744431808509e-01 7.235860865022909483e-01 7.268144021710059022e-01 7.543834698854158249e-01 7.634338433082212827e-01 7.171296668171607269e-01 7.108818199926623116e-01 7.107883441970882510e-01 7.091722396684496665e-01 7.381233035620214933e-01 7.772125786186092622e-01 7.732184128440747761e-01 7.338500931929319293e-01 7.903135638330220925e-01 7.878076585778406304e-01 7.525949359488554036e-01 7.794692544424790537e-01 7.689157878176922090e-01 7.931636651766393875e-01 7.989637695389110172e-01 8.119361309964739926e-01 8.033809155468550900e-01 7.677728804585808309e-01 7.886569661358090455e-01 7.339628865510853251e-01 7.709262939734290443e-01 8.044731878508781797e-01 7.942052885108836779e-01 7.848452757591318774e-01 7.819541210257083819e-01 8.028379262688486451e-01 8.019396880297691155e-01 8.055783619267244955e-01 7.936948635764172755e-01 8.057845500215815582e-01 7.909274883930756950e-01 7.939424998113290277e-01 7.872634368815603079e-01 7.947090169947598204e-01 8.094365870540259911e-01 7.936666249626833647e-01 8.020560374090710543e-01 7.722461890898422165e-01 7.714086377709963305e-01 7.862155969707335101e-01 7.750801231970556593e-01 7.760969315143088076e-01 8.047376221213005110e-01 8.030802539672088347e-01 8.061510148734514214e-01 8.078662327137645649e-01 8.043650812514419046e-01 7.984659706104523247e-01 7.989306226512937759e-01 8.044269292163703788e-01 7.977065988423672760e-01 7.998410426350728297e-01 7.993709139068208014e-01 7.956834321961765433e-01 7.993570073175736423e-01 8.124446443637101112e-01 8.056109515941950461e-01 8.009099020790679813e-01 7.983209877470980320e-01 8.057982965123670072e-01 7.999876577509079656e-01 8.068927550652617020e-01 8.066783118942456587e-01 8.086919894328046254e-01 7.895504281816138059e-01 7.927644983725334882e-01 8.024319320847675963e-01 8.041256136618526451e-01 7.925950927520061251e-01 8.073374797515446843e-01 7.955093131679502605e-01 8.032796907501633665e-01 7.958713783045424650e-01 7.975608074058057051e-01 8.089600425656231497e-01 8.101717183922461096e-01 8.087858179550251325e-01 8.062129062588995199e-01 8.084336182942394311e-01 8.077728836852480221e-01 8.077743677465314409e-01 8.062755908413307138e-01 8.004724105992768735e-01 8.040736062528148764e-01
3.932680044722148410e-02 1.679245369385963249e-01 3.266616129009063951e-01 5.107406680490441664e-01 3.889531645515595382e-01 5.107751771738059388e-01 6.914204349377588432e-01 6.199585011664134893e-01 7.380081558849107548e-01 6.865379123356424307e-01 1.000000000000000000e+00 7.893383641552769170e-01 7.046249054013450364e-01 7.084617326388563674e-01 8.186836237573243968e-01 7.845677841928102580e-01 7.553319848840889250e-01 6.627275025730869906e-01 7.044941331716553234e-01 6.250791461026462548e-01 7.286621171265158514e-01 7.055131858896037667e-01 6.977942826231210427e-01 7.008194863285983622e-01 6.946333182045296706e-01 7.931999411277875778e-01 8.016858154042652007e-01 7.998452837005379790e-01 7.645051653025493055e-01 8.040042584897267863e-01 8.157466951833239888e-01 8.034876382030385900e-01 7.513167161594566101e-01 7.780471211433379608e-01 7.639793761878606038e-01 7.774789636356711497e-01 8.028725569487242808e-01 8.128178407608389611e-01 8.289060350012538159e-01 8.079103517337250517e-01 8.414291747921837095e-01 8.259308102468880808e-01 8.189538589946361302e-01 8.380470603954250919e-01 8.399425756064852200e-01 8.354887350000349544e-01 8.340148236097437717e-01 8.403976915244071311e-01 8.380548402120068241e-01 8.095886540522803099e-01 8.275818561930154971e-01 7.916876088489909202e-01 8.182871569424422509e-01 8.368664483305430224e-01 8.288225641972865043e-01 8.294013572939398227e-01 8.208402329754888038e-01 8.348974973759735185e-01 8.330224703328092950e-01 8.428541369792362792e-01 8.386243097904404475e-01 8.340741087334685444e-01 8.239258163548343061e-01 8.402797501152455828e-01 8.343605200424322188e-01 8.372584049336360135e-01 8.434915536146430082e-01 8.463112880330031507e-01 8.426581788819039742e-01 8.359429333197363476e-01 8.456708042983107632e-01 8.429694143497715730e-01 8.334888823220556464e-01 8.430441697766557496e-01 8.555283692196621326e-01 8.534820448702794549e-01 8.478174858494558208e-01 8.428709173304759217e-01 8.487623917111422056e-01 8.473267507702619827e-01 8.447739092606139089e-01 8.552949509920388937e-01 8.427885739183331726e-01 8.355753920838273618e-01 8.383356716457313063e-01 8.415301657871564478e-01 8.488845208983282209e-01 8.454313777539051999e-01 8.503111074592514251e-01 8.471750457821033420e-01 8.513719306817915111e-01 8.487562913579133062e-01 8.530629305261256956e-01 8.532060965083332338e-01 8.409612715512707615e-01 8.435871341540537305e-01 8.361066311821068187e-01 8.312311136540694312e-01 8.423682612464945541e-01 8.435526182567637532e-01 8.458768407897686581e-01 8.400506021898896947e-01 8.397577947268684007e-01 8.454626151493871422e-01 8.472611700198198204e-01 8.391045267677363917e-01 8.423103923902983681e-01 8.439174442580336111e-01 8.476152343319770521e-01 8.417118148779521025e-01 8.428762200582287090e-01 8.436636847206407941e-01 8.432461820565337884e-01 8.433410606139523091e-01 8.446507114060387567e-01 8.463306383829862778e-01
-4.578107479922010475e-02 1.264958429762312875e-01 2.755963918836311644e-01 5.778873958955794699e-01 4.481594326982407672e-01 5.311331160675775154e-01 7.534528674935065951e-01 7.003982003482429608e-01 7.179380643733813683e-01 7.109907557552963553e-01 7.893383641552769170e-01 1.000000000000000000e+00 7.488034527242175553e-01 7.421005263157371967e-01 8.813817739690102959e-01 8.414214040937953998e-01 7.394714617305703230e-01 6.189909938055286887e-01 6.553269265173885527e-01 6.992197147551449943e-01 7.348883767769964770e-01 6.757053945051620936e-01 6.589133500070856186e-01 6.796862157658032366e-01 6.488545329541299811e-01 7.704858637531797338e-01 7.961231064581183459e-01 7.851331116172031166e-01 7.328893692181102093e-01 7.994953999488803031e-01 8.155526533703054692e-01 8.113656922598113663e-01 7.299562883967767313e-01 7.946454325114700179e-01 7.547873704363708969e-01 7.915193600568547483e-01 8.050700166462834151e-01 8.381424952880666135e-01 8.427140322583400733e-01 8.298770900702231446e-01 8.698861987925015082e-01 8.605796967941414799e-01 8.574685248440993002e-01 8.724951893594456998e-01 8.576471869734634268e-01 8.483451911185740935e-01 8.773371380651374674e-01 8.738634181768085707e-01 8.801817497470918461e-01 8.526066277831966245e-01 8.680835011828006431e-01 8.653325428476599246e-01 8.708517735565134421e-01 8.633254689231242285e-01 8.475817349870045092e-01 8.336496682485023957e-01 8.572054543121934156e-01 8.769390212198124868e-01 8.704161961151430926e-01 8.846371691102368207e-01 8.927104219288840570e-01 8.731809433255479647e-01 8.700530920694656833e-01 8.871443634577150794e-01 8.548421523946861944e-01 8.774652601975538868e-01 8.723260361645105432e-01 8.634959955345612448e-01 8.651263694854907094e-01 8.884028817621280050e-01 8.699021807576963194e-01 8.532739579467024660e-01 8.574655626815677056e-01 8.583301375227829766e-01 8.740375771535858762e-01 8.776637727507148323e-01 8.670619969123462001e-01 8.565964014349556344e-01 8.700843223908832913e-01 8.651193594897005346e-01 8.624046593117431492e-01 8.769661585126850012e-01 8.609295907200938958e-01 8.526451690693956920e-01 8.715632159631337972e-01 8.697629704553666574e-01 8.729514605617253453e-01 8.717443206995671989e-01 8.734913607298060434e-01 8.609916393902207199e-01 8.771151563246922800e-01 8.858368232694955324e-01 8.850423592689445895e-01 8.804407846109004732e-01 8.815991009643577847e-01 8.811429060499335053e-01 8.828815449291865791e-01 8.811235546381411821e-01 8.832357407641492353e-01 8.831626768647020675e-01 8.865491320306772005e-01 8.793993247361040488e-01 8.868720045531294227e-01 8.870941468820432441e-01 8.869297967815628070e-01 8.788790485296515964e-01 8.818702595453240534e-01 8.767493359136085962e-01 8.756930612758001553e-01 8.808356494255032976e-01 8.820971884903555660e-01 8.825485255831372333e-01 8.812233497801216231e-01 8.774531471939593930e-01 8.718725841756854722e-01 8.823717481114310424e-01
2.196820386261730262e-02 1.325840969117126067e-01 2.190295134671728094e-01 4.141323192732019876e-01 4.146833095676999981e-01 4.771111989244661289e-01 6.722436328883715229e-01 5.972780039230892735e-01 7.150165800042532771e-01 6.729843411453868551e-01 7.046249054013450364e-01 7.488034527242175553e-01 1.000000000000000000e+00 6.958938690219799161e-01 8.035807898035242092e-01 7.823242345621552740e-01 7.074864950348298542e-01 5.866440711823213139e-01 6.235621925776638763e-01 5.918697541658046735e-01 6.347136345882540276e-01 6.073649603969933919e-01 6.369587072397652205e-01 6.294770398163921366e-01 6.085646344703786736e-01 7.238416392762617724e-01 7.373907095987880522e-01 7.349742254967454036e-01 6.909100433938383246e-01 7.351512958789894192e-01 7.469126647735941926e-01 7.816396559967113689e-01 7.097681551378379750e-01 7.318904553765142040e-01 7.252156457496277131e-01 7.221488884839554201e-01 7.434899454131667085e-01 7.821634137407090792e-01 7.872111382791133760e-01 7.550916016344689785e-01 8.161942042200142078e-01 8.137703024526187212e-01 7.850336095818626347e-01 8.060287856482497570e-01 7.936226261891284883e-01 8.055513951580750565e-01 8.345585609388874726e-01 8.359310809163206235e-01 8.350570011707832974e-01 8.008594919961538050e-01 8.117610223444743367e-01 7.919540830345260796e-01 8.116787387789146102e-01 8.194333150859901549e-01 8.054661356551889861e-01 7.978602951865614301e-01 8.023912237902671718e-01 8.337121657429774624e-01 8.229147837237094087e-01 8.358298311830701932e-01 8.365498512839701917e-01 8.238024570782125355e-01 8.187971409573679971e-01 8.177781889728304998e-01 8.107468830546017413e-01 8.200189806241137136e-01 8.345387600362798031e-01 8.202535920912754630e-01 8.259787280318904301e-01 8.159504232835993465e-01 8.064324203549974035e-01 8.075084400957627251e-01 8.056962069777103830e-01 8.108522453730953039e-01 8.265327438509764146e-01 8.241596165292964793e-01 8.197821688196674783e-01 8.146870994769321861e-01 8.243046806389482395e-01 8.174004310129685535e-01 8.214208609682847051e-01 8.214636220579911718e-01 8.153611541449778954e-01 8.222875014066484134e-01 8.260745276747735177e-01 8.252190807984859378e-01 8.266831433356908176e-01 8.308646340354745030e-01 8.292882629575962783e-01 8.163610693181927447e-01 8.217051373919841417e-01 8.369997541729180535e-01 8.301230683051736836e-01 8.321970838997255759e-01 8.395275061621744195e-01 8.398126853043713647e-01 8.277693065885023405e-01 8.307082294287559954e-01 8.392515974072120022e-01 8.342851825646480091e-01 8.311263484868871565e-01 8.367361677496395478e-01 8.390802066764700973e-01 8.404915453826309335e-01 8.328024937665101657e-01 8.295344655258470867e-01 8.408509152577602341e-01 8.358172268981068909e-01 8.336631919393076018e-01 8.388833295518131061e-01 8.350675393522313250e-01 8.407905106346954538e-01 8.342395351865610209e-01 8.332107459623565582e-01 8.271500738405828113e-01 8.343688719732548220e-01
