1.000000000000000000e+00 1.310595285578866342e-01 2.067702071978593237e-01 -1.680778318947669103e-02 3.462609778694187429e-02 2.287960855469595850e-02 2.850396609318540941e-02 2.377176634421017745e-02 1.802237502066366404e-01 9.653227570073205643e-02 2.165115251845263142e-02 -1.819712219492387179e-02 2.839719324094988617e-02 3.454350529461865105e-02 1.469371181757492609e-02 7.889945970934536534e-03 1.287242403459859241e-01 2.388714689479389530e-01 1.427094269082678224e-01 7.062275838059635380e-02 1.740588889247816629e-01 1.768682954958717968e-01 2.209278628084361262e-01 2.204077943722201893e-01 1.880185584802236687e-01 8.948395561876151816e-02 1.119258232010673509e-01 1.316072682403432448e-01 1.537996929962271164e-01 1.514609457701116546e-01 8.261732591469297948e-02 1.036408326058570334e-01 1.178189370184393459e-01 1.286139979788671339e-01 1.349200749000540045e-01 4.672143029554211985e-02 1.066271188452339730e-01 4.413018141265312444e-02 5.895499486557754382e-02 4.036129179623252489e-02 4.595214333060913814e-02 3.293314628906292979e-02 2.804887776491911053e-02 5.150115057245226169e-02 5.611899609910907943e-02 4.861753950831207427e-02 2.400876439466048673e-02 2.944108257400212744e-02 3.781102532348217665e-02 4.358134520405299028e-02 3.093364477102782117e-02 1.770296235190627065e-02 2.759287831627346005e-02 5.365754994396202543e-02 6.938482393360993761e-02 6.028816552867700268e-02 7.392727942587193346e-02 2.808382656729271551e-02 4.992508332512465841e-02 4.095245930205571733e-02 2.511471527538429102e-02 4.303805752384885080e-02 4.206697861809798739e-02 3.493783009547160590e-02 6.392259442296743810e-02 5.985168531279130150e-02 3.797116864625074695e-02 6.964347289421057852e-02 7.862449824536005272e-02 6.264988973053242649e-02 7.220587684827925457e-02 6.976243666409664979e-02 9.068231059646242320e-02 8.205974439612295779e-02 3.680522208715405336e-02 4.387870445962974153e-02 5.388181385658133427e-02 7.980353455580377342e-02 4.468208798933581694e-02 6.357300334062622460e-02 6.955309592864328261e-02 3.195395142559132734e-02 5.783694237172472968e-02 6.893956967925299328e-02 5.047124617205930863e-02 6.539454794145277416e-02 4.782875439239554077e-02 2.590562606566979009e-02 3.339259559048189663e-02 4.511113305486419423e-02 2.225960559898210525e-02 1.323121439883819146e-02 3.122006403197071997e-02 1.836615273981338087e-02 6.245722580071642188e-03 2.276011088484563780e-02 2.576327392112693140e-02 4.014369508674260623e-02 1.050576815018912369e-02 2.219400892192358032e-02 7.263276953834608453e-03 3.036102573138746083e-02 1.456523936273935310e-02 1.678179590524740000e-02 2.556159872290326290e-02 3.988071954124644547e-02 2.761591870050632974e-02 1.708170124896893696e-02 3.390992167769428522e-02 2.362934468253087561e-02 2.124610652667080143e-02 1.745240762036541146e-02 2.259910712134503494e-02 2.345765009599716858e-02 4.140586901171760398e-02 2.542114680503609198e-02
1.310595285578866342e-01 1.000000000000000000e+00 1.086395472300809434e-01 5.761828076264018106e-02 8.193115346911061803e-02 1.148614794404528711e-01 1.249532362396985341e-01 1.420287315426687347e-01 2.139998083075977386e-01 2.329084611818079686e-01 1.476352665451510504e-01 1.144559748973940499e-01 1.538166787461144325e-01 1.188230918076383924e-01 1.650961064077525187e-01 1.508562138734596270e-01 1.845852083784285946e-01 1.756203328621578352e-01 1.686358620219422511e-01 1.011804703769981634e-01 1.152888183515048126e-01 1.586380317828074149e-01 1.995178744468181220e-01 1.845342686241357166e-01 1.739481485174464992e-01 1.548652540372462971e-01 1.746687678327887294e-01 1.844199264727673926e-01 1.972044515040110302e-01 1.937532669714535083e-01 1.966811693944623685e-01 1.725890753086070095e-01 1.581173919140550777e-01 1.737471879844045552e-01 1.603302527750585238e-01 1.535346107080617639e-01 1.718306529514336822e-01 1.753767541565333377e-01 1.749587603674595537e-01 1.404693420244730317e-01 1.630934862012672626e-01 1.642595430002405932e-01 1.448566261802512745e-01 1.658431873680615010e-01 1.718951488991631582e-01 1.657663107317433604e-01 1.587293216186270728e-01 1.612853731268239776e-01 1.653371000781714562e-01 1.495293315607545415e-01 1.659713294939330896e-01 1.261452442352732628e-01 1.498022014141492109e-01 1.666143720420992236e-01 1.627995099151533231e-01 1.710542239489883931e-01 1.682242819007687407e-01 1.554406747744221107e-01 1.770307334549389988e-01 1.641618813398758314e-01 1.552955606424617774e-01 1.696007446058389323e-01 1.597708077205956256e-01 1.751855541394129190e-01 1.646412780498298922e-01 1.563361494286198694e-01 1.632402567629496204e-01 1.663151158796770945e-01 1.712626079462420403e-01 1.439012672627149048e-01 1.530914574142611395e-01 1.653053887439672742e-01 1.674143935438669739e-01 1.662555118866580750e-01 1.597330905944983892e-01 1.692908614986718407e-01 1.730760511669171553e-01 1.865720419886209569e-01 1.701833444485697511e-01 1.770892798593374229e-01 1.726586952873895853e-01 1.701825546249616794e-01 1.706504245363819616e-01 1.644843462929470590e-01 1.684001325329418652e-01 1.693855006232972416e-01 1.600211326421466240e-01 1.604961259467108381e-01 1.657191667965889625e-01 1.661865797163488701e-01 1.510835108990420672e-01 1.582927387154437759e-01 1.595981587524569201e-01 1.568821365852434702e-01 1.530950406654902896e-01 1.582748728234193991e-01 1.452950238291597085e-01 1.592812209550136249e-01 1.505794097536175546e-01 1.579363021844630843e-01 1.450219347031357353e-01 1.548133270686575524e-01 1.534722154905893143e-01 1.530564044415058667e-01 1.464145378951957344e-01 1.577849363574945762e-01 1.580160633894584499e-01 1.583255214123463483e-01 1.587628511791863706e-01 1.623680546367926580e-01 1.588340975111025011e-01 1.578653274307499355e-01 1.569434564499365969e-01 1.594549354664509810e-01 1.580967416733073116e-01 1.508377021067474344e-01
2.067702071978593237e-01 1.086395472300809434e-01 1.000000000000000000e+00 2.821604833088801056e-01 1.965584403355243870e-01 2.209645923263341971e-01 2.869043226545815450e-01 2.756982381340226662e-01 3.922203979730528034e-01 3.406717289990253694e-01 3.359520445715317716e-01 2.999871558579125241e-01 3.113045414963290236e-01 2.931556343533144315e-01 3.334170879779503327e-01 3.260540326832489511e-01 3.636006149748826632e-01 4.612017404964353084e-01 4.187338759240842312e-01 2.765636027336526026e-01 4.359963495083970519e-01 4.439759934762077531e-01 4.357398949156120471e-01 4.469494867830792750e-01 4.244338152999885261e-01 3.705498059246183362e-01 3.856323215951127925e-01 3.884213680529698398e-01 3.797844396676972600e-01 3.846031134164868415e-01 3.692052497437018910e-01 4.051794826648969505e-01 3.836156182255931468e-01 4.094273811689019271e-01 3.835609581440216354e-01 3.772477178369133544e-01 3.867558771375635418e-01 3.589577030411026937e-01 3.699726472375871045e-01 3.457403755464220629e-01 3.527977557148803123e-01 3.405358619245967833e-01 3.558683495353847093e-01 3.669955395824467947e-01 3.740276295388807459e-01 3.413265660768742271e-01 3.289495518835157117e-01 3.331467079732453040e-01 3.436248933044043219e-01 3.640049640976848466e-01 3.509380035897077255e-01 3.241451006136164548e-01 3.379246763724410019e-01 3.461626613815062536e-01 3.619585979236195628e-01 3.567645011216736828e-01 3.701718008804327775e-01 3.338234362007209133e-01 3.529225175839472151e-01 3.377488400297588567e-01 3.356112945469520992e-01 3.415395173282726460e-01 3.467221716778114415e-01 3.399183695855659271e-01 3.542297800422988807e-01 3.525743806440939099e-01 3.389127550489484109e-01 3.781066646309024226e-01 3.757018724574609503e-01 3.542856031782550263e-01 3.806414377401239890e-01 3.681143491812362001e-01 3.868146624544970269e-01 3.693744555593124756e-01 3.403536005061438829e-01 3.499557970330987589e-01 3.485471390169713746e-01 3.663446940528760631e-01 3.375907260296689416e-01 3.556391300189886695e-01 3.624673531608007537e-01 3.405616305573537783e-01 3.668757335653441976e-01 3.631771171198862613e-01 3.642152745161587046e-01 3.677116710924883125e-01 3.530698553979400578e-01 3.335165788153889310e-01 3.398493615384703959e-01 3.477470912735649011e-01 3.336656533142254855e-01 3.260611522112285554e-01 3.395915807685727650e-01 3.252477535780294304e-01 3.158093182674880928e-01 3.263192210635063040e-01 3.465949941595804495e-01 3.441126438443702362e-01 3.238375657689802067e-01 3.334025006556814441e-01 3.248575204930181370e-01 3.356066822390526561e-01 3.223236073035416482e-01 3.281825077648562461e-01 3.359120882821025056e-01 3.487023141486081390e-01 3.344919191965744498e-01 3.194817860638387574e-01 3.371491618620371389e-01 3.251381057614151082e-01 3.298890307077284589e-01 3.221027860213760419e-01 3.290601097829891630e-01 3.287140604146403522e-01 3.436961826549015941e-01 3.305303638658806387e-01
-1.680778318947669103e-02 5.761828076264018106e-02 2.821604833088801056e-01 1.000000000000000000e+00 3.514106886988946910e-01 3.750406834403362533e-01 5.344701154546454003e-01 5.385330263827398101e-01 4.537417987188782087e-01 4.223132880166699521e-01 5.362888329061383796e-01 6.301109390742953842e-01 5.327165404415808991e-01 4.911922122346725206e-01 5.951561371669187306e-01 5.845129821722160335e-01 4.987726809247020610e-01 3.824737756008914080e-01 4.482346087734639939e-01 5.075180444389058021e-01 4.959215369039718380e-01 4.686428288296282108e-01 3.861539632401542743e-01 4.193873181533973038e-01 4.365866675496242744e-01 5.321472972026427550e-01 5.181408495484502996e-01 4.849063022654340194e-01 3.734962197416217822e-01 4.251979591163267957e-01 4.996516558073950121e-01 5.154445466153497746e-01 4.343633340392654141e-01 4.968225143972814228e-01 4.429094115210194804e-01 5.404843811406709886e-01 5.148895586615275244e-01 5.358589023186791644e-01 5.356099832371044034e-01 5.723205738447458835e-01 5.736984101207980302e-01 5.736591144829673583e-01 5.790469061569818443e-01 5.955112197295220344e-01 5.641305305886232802e-01 5.431438440495302000e-01 5.713236074493613925e-01 5.632166997891460136e-01 5.676955436689395951e-01 5.692533853989968362e-01 5.747860643164417471e-01 6.059547765771741146e-01 5.825079476239839460e-01 5.458306598927139541e-01 5.354041676609352374e-01 5.316971573020059516e-01 5.454443615604599449e-01 5.721194216968024104e-01 5.486173767506642429e-01 5.765636466518136993e-01 5.783959608176805212e-01 5.578260635855502025e-01 5.487816637615873239e-01 5.623424515760253595e-01 5.599757697433395132e-01 5.602085674990759934e-01 5.652730965578756095e-01 5.629809970644860107e-01 5.517390607759408150e-01 6.027328513007635946e-01 5.830780023695852909e-01 5.504464457878690542e-01 5.636252732495007356e-01 5.604138782393841556e-01 5.715950842672323784e-01 5.589177169558986469e-01 5.475122397089571269e-01 5.009022374450681214e-01 5.392041429239514683e-01 5.186977570739754739e-01 5.332241343475413453e-01 5.553255867991857553e-01 5.509358040079552765e-01 5.223597032405817853e-01 5.503325655472152134e-01 5.454278310866550461e-01 5.568392958245551583e-01 5.594495433822701536e-01 5.470955359934432938e-01 5.441562823605280430e-01 5.699928306638568642e-01 5.805606717781255366e-01 5.716136772606521532e-01 5.664057469425439750e-01 5.737695445846288100e-01 5.676879632463958103e-01 5.835514035759171714e-01 5.676910317127762395e-01 5.748483566159522384e-01 5.811657858400476329e-01 5.848792394992703425e-01 5.630718485374757165e-01 5.820375264711182828e-01 5.886213886311872923e-01 5.775906268688162370e-01 5.619755578988612221e-01 5.702224505648918473e-01 5.622092631521472539e-01 5.536022884592730620e-01 5.754003291904088435e-01 5.638679911122642663e-01 5.746640930225436206e-01 5.678576139686869473e-01 5.666904611524571367e-01 5.659522041739062370e-01 5.698078941325414037e-01
3.462609778694187429e-02 8.193115346911061803e-02 1.965584403355243870e-01 3.514106886988946910e-01 1.000000000000000000e+00 3.166986914196974201e-01 4.986059141455095323e-01 4.817769404075610828e-01 3.969652991761412619e-01 3.741938107409358283e-01 4.243188947376594911e-01 4.638872770672249346e-01 4.705295153357937354e-01 4.247249637977068559e-01 5.147754744950998607e-01 5.000161242167540099e-01 4.219551242364872334e-01 3.396546350453206187e-01 3.784718650096202675e-01 4.149819706856508472e-01 3.968558171988780248e-01 3.962666549648626302e-01 3.701328571586315341e-01 3.696896297061149639e-01 3.750931565576045013e-01 4.830167773653576968e-01 4.453195422820771521e-01 4.254244780365142864e-01 3.931795056118000398e-01 3.879885999974300170e-01 4.346626495327959305e-01 4.352928093954365751e-01 3.797554064298549470e-01 4.245880724186016364e-01 3.816556710049231471e-01 4.294179543193263338e-01 4.424916856371563512e-01 4.538211564729942582e-01 4.513973532276195910e-01 4.723329425514029567e-01 4.754654424701228455e-01 4.695443438988871621e-01 4.671020315423872749e-01 4.885192364616464111e-01 4.675656163502854845e-01 4.618806538637528769e-01 4.672694895756187572e-01 4.602461299417280327e-01 4.596845616473287932e-01 4.558219731717604861e-01 4.658336979758381791e-01 4.783682392947968820e-01 4.749520510297378650e-01 4.539904310949246513e-01 4.528723981520095254e-01 4.610299219500279544e-01 4.488422018879089648e-01 4.590075356087523484e-01 4.570827520269051814e-01 4.717340353644404183e-01 4.693194290367982968e-01 4.560488757727692577e-01 4.479558837263805104e-01 4.562425789906036644e-01 4.610285899520685793e-01 4.590764334006809388e-01 4.606293942377297501e-01 4.568243575942330104e-01 4.571657432516790798e-01 4.900819678003055513e-01 4.687842003210483943e-01 4.517059339486045322e-01 4.627535723522285815e-01 4.597051678729701663e-01 4.763334114275994402e-01 4.665937266157761942e-01 4.644652493554018990e-01 4.522035370922853348e-01 4.593412068950551430e-01 4.394304839572003019e-01 4.522478384422117803e-01 4.571094739635589987e-01 4.596236256938470155e-01 4.421132015345122790e-01 4.594831896417785888e-01 4.547544934185658860e-01 4.584349265954499875e-01 4.648469108079654744e-01 4.544862536696731570e-01 4.598249927640127299e-01 4.681131936770915880e-01 4.738235035764305492e-01 4.647337322172445107e-01 4.677813217447163718e-01 4.629708495487836473e-01 4.609208884953494012e-01 4.721880940299854057e-01 4.562945945794503744e-01 4.633854133858879565e-01 4.653697410549085256e-01 4.677371688439658226e-01 4.554130649749842941e-01 4.675636290253033511e-01 4.732094679127245573e-01 4.657773801050580920e-01 4.588003196967722630e-01 4.624026631429900558e-01 4.621458807362471277e-01 4.594495974618971745e-01 4.687031771484603815e-01 4.628854244879725965e-01 4.674757921161655783e-01 4.591070348153800107e-01 4.581787955676357993e-01 4.588320048624519587e-01 4.626196036052290794e-01
2.287960855469595850e-02 1.148614794404528711e-01 2.209645923263341971e-01 3.750406834403362533e-01 3.166986914196974201e-01 1.000000000000000000e+00 4.986152068789262981e-01 4.856601113264542580e-01 4.989449974031393564e-01 4.968720878329204726e-01 5.314301574852847709e-01 5.663024722938201361e-01 5.191177509039948124e-01 5.182440731184748683e-01 5.758658058257638546e-01 5.723636772747013879e-01 5.112734306782321658e-01 4.054934458626546223e-01 4.805339056095656036e-01 3.817549964819794139e-01 4.484824729994277837e-01 4.941275397262882563e-01 4.400417638386633357e-01 4.339559271557810183e-01 4.695767371039979432e-01 5.480892315682539540e-01 5.458820593299612556e-01 5.427351313598209881e-01 4.976535467049913453e-01 4.870445787339598431e-01 5.551424006854006610e-01 5.543220254176024486e-01 5.051446620537535237e-01 5.263125232459825442e-01 5.005551367245820726e-01 5.557002561624491133e-01 5.489683601606928365e-01 5.680726391134945930e-01 5.778880155922954120e-01 5.748033463270869614e-01 5.840831786432808537e-01 5.984042764787660396e-01 5.870556324332292242e-01 5.982976839921575474e-01 5.867908514341912962e-01 5.802772766039786534e-01 5.878833513283171497e-01 5.804226269100091207e-01 5.832004207192974521e-01 5.736640972973164887e-01 5.865335319665579972e-01 5.749232083143095418e-01 5.789250500248689368e-01 5.707965161799841702e-01 5.648633656375631196e-01 5.696309795019321998e-01 5.675710076774576063e-01 5.867608208875573217e-01 5.757576216283697423e-01 5.863924036975024512e-01 5.894865659350829734e-01 5.793514910920130045e-01 5.733925047723268387e-01 5.822966204518464917e-01 5.759934422509730423e-01 5.773154998332413745e-01 5.836668492946134323e-01 5.768112497105734038e-01 5.738386742967731546e-01 5.667350954816701147e-01 5.836840805428009649e-01 5.819269551473024160e-01 5.639572858299995994e-01 5.721281266854366665e-01 5.921579570607762300e-01 5.879964127615032732e-01 5.897853141083236883e-01 5.744539274626065950e-01 5.854158997004073051e-01 5.691600998639867459e-01 5.771238781770079429e-01 5.863435733597719413e-01 5.820636494834641184e-01 5.705425432543673736e-01 5.809973242029122797e-01 5.757819793264964403e-01 5.837041639393349968e-01 5.883088826674088834e-01 5.846364069422697041e-01 5.779242649194824555e-01 5.900406745240683870e-01 5.966889022195128733e-01 5.930301868098148965e-01 5.923120251362811173e-01 5.912297011685986314e-01 5.858566700068769117e-01 5.865355852666551684e-01 5.815206918822886095e-01 5.863634755256661446e-01 5.903689276761846516e-01 5.919501685153952808e-01 5.841370162111679809e-01 5.881828347139289592e-01 5.946571433392173756e-01 5.894263834291239013e-01 5.808713130172870054e-01 5.856116463585330223e-01 5.845952226615042102e-01 5.804456459343987351e-01 5.892721081760181612e-01 5.850895361416832419e-01 5.885699101029302494e-01 5.831633691585227375e-01 5.870300403022732372e-01 5.867839311465097296e-01 5.850806373318050424e-01
2.850396609318540941e-02 1.249532362396985341e-01 2.869043226545815450e-01 5.344701154546454003e-01 4.986059141455095323e-01 4.986152068789262981e-01 1.000000000000000000e+00 7.141329085942973443e-01 6.233045923872907457e-01 6.135256324625000257e-01 6.768948792491437105e-01 7.521669281994480816e-01 7.118983269147460824e-01 6.550280027823757178e-01 8.128034949272149312e-01 7.878742596461930647e-01 6.310018540113726537e-01 4.610687436168227071e-01 5.655053919416436203e-01 5.860999296063641451e-01 5.638905429360832056e-01 5.755734210393518291e-01 5.420771816729658132e-01 5.270029216944118744e-01 5.564753860228797144e-01 7.510538006508320485e-01 6.962194909966450407e-01 6.934015948378098315e-01 6.072200465904671329e-01 5.643006719133351057e-01 6.616860110710162113e-01 6.763711311900723056e-01 5.943550455266675137e-01 6.600205206785817458e-01 5.877823477114956230e-01 6.846690333107383619e-01 6.723977471730908650e-01 7.365385934071794205e-01 7.174914663736691178e-01 7.738269281233401964e-01 7.594894661831029792e-01 7.791790948776615711e-01 7.658673900468671025e-01 7.686345927260523903e-01 7.357911552760212359e-01 7.423014103503393635e-01 7.456273567707009109e-01 7.371980478903588097e-01 7.356343807348432184e-01 7.276346399588239366e-01 7.484575022845203485e-01 7.451575739185506420e-01 7.435881555633796491e-01 7.147917983394623809e-01 7.146807385404816415e-01 7.376107978061501314e-01 6.991129398461327638e-01 7.455626216369213299e-01 7.276407551415058350e-01 7.414107483379709373e-01 7.456209484293265799e-01 7.254782020669021669e-01 7.149948461581245862e-01 7.265590474422416456e-01 7.144663057569254905e-01 7.195405360005663331e-01 7.369838327781947918e-01 7.174439196617098391e-01 7.170600454626550047e-01 7.549929514394398966e-01 7.286145136145663059e-01 7.156250561306530811e-01 7.135442626873704786e-01 7.191836908165490927e-01 7.603726329582450871e-01 7.379766609009164036e-01 7.414289924485339967e-01 7.121499250473607434e-01 7.356977293098465598e-01 6.979191845027479246e-01 7.089245179103078609e-01 7.225326986347939684e-01 7.275820762725152546e-01 7.030882114368370850e-01 7.328620636187685999e-01 7.251160850910397526e-01 7.255063521592441944e-01 7.517521460172000847e-01 7.333742958757892838e-01 7.313004576979755811e-01 7.574376217733377326e-01 7.649166991388745007e-01 7.463285546859610431e-01 7.548750842400034911e-01 7.455340683224787046e-01 7.400670734405118134e-01 7.576071247581694923e-01 7.223426763248635973e-01 7.414229169295895039e-01 7.549886221614094950e-01 7.575154465395921299e-01 7.345378521745787870e-01 7.438003738358583972e-01 7.595692600984473852e-01 7.446835798644987348e-01 7.220574794263072693e-01 7.375148940550476651e-01 7.412641420502065204e-01 7.372049692192828019e-01 7.457543777003773355e-01 7.455341038021578992e-01 7.427699997476058247e-01 7.348630193137180022e-01 7.353884823554593941e-01 7.311088487604335828e-01 7.359652807380854256e-01
2.377176634421017745e-02 1.420287315426687347e-01 2.756982381340226662e-01 5.385330263827398101e-01 4.817769404075610828e-01 4.856601113264542580e-01 7.141329085942973443e-01 1.000000000000000000e+00 6.721886459549840653e-01 6.266354866247192401e-01 7.061546947980995581e-01 7.689015669251514362e-01 7.260492771257990308e-01 6.657954650845862021e-01 8.052030998435371068e-01 8.054723727713714032e-01 6.749954533259294731e-01 5.185120098548628986e-01 6.082041196202890854e-01 5.889416933478880400e-01 5.953874007194034368e-01 6.221048573490409739e-01 5.763323581955229757e-01 5.568570705832240897e-01 5.961677139333790842e-01 7.501517160075731327e-01 7.075716367981487176e-01 6.849192255140713614e-01 6.170804631572746057e-01 6.212223083523109590e-01 7.018704886111489794e-01 7.171329511173265558e-01 6.182378658578451258e-01 6.894861136583227967e-01 6.298840162022141254e-01 7.094628617846974183e-01 7.062664880178836091e-01 7.654691649866995906e-01 7.495968586621822860e-01 7.662578652978132565e-01 7.779522070846059956e-01 7.760925435067433931e-01 7.737700533214679766e-01 7.874294561912397183e-01 7.575120307406257858e-01 7.580831333096587077e-01 7.765576249225950578e-01 7.687139419973717525e-01 7.728898103821680854e-01 7.703545686281318972e-01 7.864718000810221321e-01 7.728682224325070793e-01 7.759480013076213156e-01 7.584419129529216264e-01 7.542262079033152933e-01 7.610193373011309159e-01 7.517993449069180212e-01 7.788634117838443283e-01 7.746046567204196709e-01 7.742086534904654149e-01 7.854383720501452171e-01 7.718334534693378490e-01 7.626156663549271686e-01 7.684601516438954727e-01 7.555558961853864330e-01 7.601863277945596353e-01 7.683011438765366963e-01 7.540395418143801542e-01 7.484954532915178982e-01 7.747039292779693831e-01 7.611790894045696865e-01 7.526900389459224572e-01 7.425662910931086769e-01 7.524303151021040081e-01 7.809140672853109866e-01 7.646601239537886840e-01 7.599693779272931327e-01 7.359769572011097827e-01 7.567877778961692448e-01 7.290910416658984428e-01 7.407056108923782967e-01 7.571773731938278296e-01 7.576408342340741342e-01 7.289534149065617363e-01 7.594140301137133342e-01 7.515703083190882205e-01 7.553985453694759267e-01 7.749188949550829264e-01 7.617033026299124820e-01 7.623471936749491862e-01 7.698051103329688338e-01 7.832276850066520746e-01 7.712668037790018083e-01 7.727033733731150100e-01 7.753577325520286667e-01 7.724069793147654295e-01 7.826087716112263282e-01 7.652997841124464795e-01 7.740397645926234693e-01 7.820477462659797263e-01 7.766281059709736478e-01 7.709748254262066558e-01 7.747906828027500969e-01 7.849474186019275157e-01 7.747229919260897324e-01 7.629270913670225251e-01 7.747674336262324601e-01 7.706097749598547209e-01 7.683749323746390525e-01 7.776120238236973181e-01 7.774710261284781820e-01 7.754627037321512040e-01 7.739558884959448770e-01 7.695685059945298612e-01 7.640892303848378919e-01 7.683808229162700787e-01
1.802237502066366404e-01 2.139998083075977386e-01 3.922203979730528034e-01 4.537417987188782087e-01 3.969652991761412619e-01 4.989449974031393564e-01 6.233045923872907457e-01 6.721886459549840653e-01 1.000000000000000000e+00 7.415088413465401596e-01 7.771481121581041984e-01 7.666905539550296078e-01 7.501696684136980320e-01 7.403466275205023983e-01 7.997201423883038007e-01 7.852288904745491349e-01 8.204112796853423317e-01 7.457771304592574202e-01 8.004456289459598306e-01 5.609853890575721147e-01 7.152263671094267750e-01 7.951714805661824759e-01 8.031420078840532106e-01 7.716150429688598544e-01 7.881274982875576818e-01 8.126178614529793176e-01 8.222386411427771158e-01 8.167084665981718672e-01 7.757688454063461636e-01 8.019176844093494072e-01 8.365883773932908385e-01 8.564858296099739920e-01 7.892524167700357696e-01 8.495384869261151106e-01 8.127594872278166571e-01 8.174709520796072937e-01 8.399023075699962870e-01 8.241882465085754728e-01 8.505027122242241333e-01 7.857596020047934449e-01 8.449769311837890262e-01 8.194753229369937664e-01 8.135679550863462728e-01 8.420767256840578918e-01 8.532130369827328753e-01 8.333392881186820755e-01 8.455596730442257458e-01 8.528408668008160554e-01 8.524111212038761876e-01 8.295826328917591530e-01 8.396331841288017239e-01 7.977181700493665151e-01 8.340058396902576554e-01 8.584477347386566537e-01 8.552458821251706089e-01 8.512065555923350457e-01 8.641137373407374866e-01 8.368727743373509664e-01 8.548870308193655676e-01 8.518983743515939899e-01 8.509961402869160585e-01 8.542652374160196738e-01 8.490764768620859826e-01 8.523361266935490788e-01 8.615017642537788900e-01 8.592915071397581039e-01 8.531015866296020045e-01 8.648057068537174930e-01 8.670731041483564772e-01 8.295085069611470852e-01 8.550993466499674511e-01 8.658551567236700830e-01 8.636461162682473880e-01 8.600892090394522960e-01 8.450800690705786433e-01 8.541956527151780554e-01 8.455651113631815763e-01 8.511197193712199960e-01 8.477792958260480516e-01 8.580311115138062883e-01 8.628741959762425973e-01 8.507066660640368871e-01 8.618144003858546620e-01 8.561584046366818024e-01 8.536419450985992530e-01 8.638611329019392215e-01 8.549460790976061153e-01 8.411911886157928953e-01 8.517681542140045359e-01 8.555657455961377389e-01 8.336042192247148375e-01 8.358911562427043807e-01 8.460234499952931086e-01 8.365757402466561521e-01 8.386945169649523413e-01 8.480621619769413977e-01 8.351849868500476060e-01 8.481606093058311480e-01 8.417928089310875439e-01 8.382349653794821664e-01 8.298492253600004975e-01 8.460517347960462287e-01 8.389066647081794281e-01 8.352291268266007762e-01 8.437377299158503874e-01 8.555859761191483281e-01 8.502612434934707641e-01 8.428425189336009593e-01 8.505596612994709149e-01 8.446967223045299678e-01 8.449876032653999003e-01 8.430662071590759865e-01 8.478319048163230898e-01 8.455364733602720451e-01 8.533219914377225823e-01 8.461342597033325585e-01
9.653227570073205643e-02 2.329084611818079686e-01 3.406717289990253694e-01 4.223132880166699521e-01 3.741938107409358283e-01 4.968720878329204726e-01 6.135256324625000257e-01 6.266354866247192401e-01 7.415088413465401596e-01 1.000000000000000000e+00 7.212580842922561297e-01 7.256410219162028330e-01 7.025442799775082348e-01 6.886165860122592797e-01 7.658572116007400510e-01 7.501352017827339624e-01 7.404836344480000276e-01 6.400521468544536630e-01 7.176944710031534225e-01 5.282250117655520327e-01 6.365488104362524435e-01 7.083415318423167406e-01 7.037885672221061428e-01 6.697911372228551041e-01 6.819118424225837360e-01 7.604436749744951651e-01 7.596270109978515706e-01 7.568893343395994844e-01 7.164264511398753532e-01 7.264773795845160809e-01 7.795726124033762749e-01 7.861130934490143662e-01 7.217521778758809736e-01 7.655230244980153476e-01 7.345715590175553311e-01 7.593709886419276467e-01 7.772742341930960475e-01 7.776668227226122276e-01 7.973956821660699301e-01 7.545046150023558829e-01 7.921681014050730996e-01 7.802594992063217605e-01 7.753799774026969294e-01 7.941517980965140389e-01 7.931325413719252371e-01 7.846088498464826033e-01 7.957151567182229046e-01 8.001450189909866673e-01 7.983160529802356686e-01 7.683951840867268013e-01 7.923481614051366417e-01 7.392509359424888071e-01 7.803682057316567722e-01 7.971899982016251718e-01 7.972716577611718147e-01 7.976651299582864230e-01 7.929300122123850159e-01 7.947917024094344196e-01 8.021062665935791980e-01 7.954486690273697702e-01 7.927199343180797442e-01 7.967693325223289547e-01 7.917414070054162867e-01 7.944646312035898994e-01 7.949983825239460566e-01 7.961560504479646694e-01 7.974501308730591598e-01 7.986502491841402929e-01 8.026968939152488991e-01 7.728101655783499169e-01 7.874738206624225523e-01 8.007413099853979421e-01 7.907514217334875584e-01 7.849445807544795928e-01 7.962700989553836983e-01 7.986715639034157599e-01 7.959813488435524276e-01 7.959061028099287949e-01 7.974509919878397524e-01 7.980608460631327672e-01 8.033611992003973912e-01 7.985481258859166154e-01 8.038665803841773538e-01 7.968591679419422258e-01 7.955756049196420765e-01 7.997052643306296060e-01 7.988946810897742390e-01 7.949050637019946519e-01 8.013825752065246721e-01 8.018755054169051100e-01 7.910604939749997788e-01 7.937227951767432677e-01 7.973747804653303906e-01 7.936201798847273281e-01 7.911079563353988764e-01 7.969616707155329216e-01 7.825182245400216230e-01 7.884701673331524496e-01 7.873878092605653967e-01 7.912238621950641315e-01 7.845718110015263980e-01 7.931724042136401032e-01 7.898467158045290315e-01 7.889773679833665954e-01 7.897146217625958808e-01 7.923912789725912065e-01 7.949734430057576740e-01 7.933780519455861935e-01 7.985959462147178556e-01 7.961062047144398246e-01 7.966653206294281864e-01 7.906664645657478507e-01 7.916408160704861974e-01 7.932767726624768700e-01 7.963431150787974033e-01 7.915247362340469550e-01
2.165115251845263142e-02 1.476352665451510504e-01 3.359520445715317716e-01 5.362888329061383796e-01 4.243188947376594911e-01 5.314301574852847709e-01 6.768948792491437105e-01 7.061546947980995581e-01 7.771481121581041984e-01 7.212580842922561297e-01 1.000000000000000000e+00 8.502931167871480289e-01 7.840073964861624667e-01 7.704745932721088764e-01 8.480222098458199964e-01 8.402732341122037818e-01 7.904647874562665821e-01 6.444415758150484619e-01 7.522772333025203872e-01 5.635574796523965535e-01 6.665869614557915490e-01 7.369861763023949353e-01 7.213018060012912347e-01 6.861740693134510405e-01 7.132735838351856872e-01 8.225704726771994046e-01 8.366485265733981658e-01 8.196072529595906930e-01 7.540937921120114407e-01 7.666406687826732291e-01 8.481562909443519649e-01 8.411599500780569949e-01 7.728356623123504576e-01 8.182862845929866902e-01 7.870191147491709671e-01 8.351790447311183696e-01 8.432364754346267643e-01 8.537503334544050970e-01 8.698120839617387023e-01 8.334125473685377594e-01 8.746308846479203813e-01 8.685461329352744952e-01 8.606928505893036707e-01 8.781279815222250429e-01 8.752995912192359507e-01 8.690518688028469052e-01 8.885919507077526536e-01 8.881242579994189645e-01 8.852878522014344664e-01 8.566326437299397467e-01 8.762521414676005538e-01 8.457173223318856792e-01 8.692916910164782962e-01 8.800043971181245039e-01 8.744266238139437597e-01 8.707932308447758896e-01 8.728785293537003609e-01 8.842862414004319938e-01 8.789336226496925475e-01 8.864539537079709763e-01 8.891342269950610611e-01 8.847923140217173188e-01 8.795262876115195194e-01 8.843099127170023221e-01 8.791445185463093726e-01 8.830872024446557722e-01 8.890280096190579240e-01 8.794341503350476819e-01 8.752307646327508461e-01 8.510613606510527562e-01 8.731190712219288885e-01 8.827793520250918347e-01 8.647242806608224086e-01 8.666108292314892436e-01 8.852106996517100646e-01 8.857770775740894109e-01 8.795379885901624117e-01 8.680797570323268708e-01 8.827706468389002747e-01 8.785800338447997682e-01 8.851761345301427664e-01 8.890106625302577337e-01 8.836486792838876836e-01 8.771930234296393403e-01 8.800605966308359118e-01 8.793553716564744827e-01 8.864615032258029714e-01 8.858967566701158036e-01 8.891663010787698163e-01 8.839676362420434419e-01 8.856101758302878935e-01 8.885953003652256044e-01 8.908295884743385740e-01 8.883132698416186246e-01 8.900412954600955828e-01 8.914286869198684293e-01 8.799691385740839866e-01 8.820840635965644383e-01 8.900385614338754969e-01 8.852830913791250866e-01 8.874072736580707055e-01 8.884389631596154580e-01 8.877760699338295147e-01 8.893587835290980292e-01 8.862211941562153639e-01 8.854640918491591961e-01 8.900513492067954058e-01 8.889832886777023768e-01 8.867125328916953819e-01 8.898544490504807225e-01 8.889824038530158568e-01 8.920151590984557455e-01 8.903356087499626481e-01 8.896516052969724031e-01 8.884803902591913438e-01 8.898937207376744762e-01
-1.819712219492387179e-02 1.144559748973940499e-01 2.999871558579125241e-01 6.301109390742953842e-01 4.638872770672249346e-01 5.663024722938201361e-01 7.521669281994480816e-01 7.689015669251514362e-01 7.666905539550296078e-01 7.256410219162028330e-01 8.502931167871480289e-01 1.000000000000000000e+00 8.273137934957731643e-01 7.951589639755186623e-01 9.004679167178087917e-01 8.960529340336201853e-01 7.969011464081248164e-01 6.085740581667807847e-01 7.412133855347556866e-01 6.468138086683385968e-01 6.878965736737747694e-01 7.347218597911325810e-01 6.895457251035572721e-01 6.677952254701444712e-01 7.065930575083321230e-01 8.536766731621899806e-01 8.448054032045990702e-01 8.217607877971172536e-01 7.211165034381352701e-01 7.480347760292794801e-01 8.499970934476109852e-01 8.450134808943180476e-01 7.539644104172336103e-01 8.185195663099618102e-01 7.691946165920027223e-01 8.517264871605737531e-01 8.472636299574844987e-01 8.780728609205608048e-01 8.850086728665635949e-01 8.811846901806961174e-01 9.102593651321664314e-01 9.092412081269015678e-01 9.018614024774639359e-01 9.203685132599258578e-01 8.993135249518957597e-01 8.949737449597484629e-01 9.231279924520863212e-01 9.159888340383405270e-01 9.158538621660472501e-01 8.918861648685675325e-01 9.109699614236872467e-01 9.050337682198967837e-01 9.113109634470645259e-01 9.014984578683961081e-01 8.901242475653412534e-01 8.887309466043019635e-01 8.925654369848879943e-01 9.177070053291089824e-01 9.043599798619054164e-01 9.220844699325650984e-01 9.252939794637575766e-01 9.115548631607880425e-01 9.040976161927652965e-01 9.102923326366528789e-01 9.053836024446932917e-01 9.100274851204960269e-01 9.189759310934481062e-01 9.012977511446481627e-01 8.935143402647401922e-01 9.078989860698660763e-01 9.071565116663372619e-01 9.025078432080575475e-01 8.874843408060817396e-01 8.967242763432193842e-01 9.196882376680345361e-01 9.109404562839532593e-01 9.028591307524067577e-01 8.699153870257126941e-01 9.014906543657582594e-01 8.830816036504696154e-01 8.942777776618606733e-01 9.111478694783082810e-01 9.030913454995337375e-01 8.822743715527179287e-01 9.002227802321288719e-01 8.990390813023698691e-01 9.089962727742981752e-01 9.153466754985073450e-01 9.116379273801177296e-01 9.050524023900969883e-01 9.191177639311443048e-01 9.279209447373210073e-01 9.228221176391093739e-01 9.209199040843898398e-01 9.268012187343966923e-01 9.225256868187915460e-01 9.186977941546942139e-01 9.120625927592563853e-01 9.248690209715073607e-01 9.231437032309862678e-01 9.271327363817094547e-01 9.177781706523784333e-01 9.254987425248392130e-01 9.303564997829587568e-01 9.236335359550289503e-01 9.112221271298467373e-01 9.227367607192625831e-01 9.197692065240741233e-01 9.132735945592147520e-01 9.250974684888739752e-01 9.195542698163498008e-01 9.258622794419988367e-01 9.216474702875511182e-01 9.202163823840484591e-01 9.173765020764661493e-01 9.217634660908448074e-01
2.839719324094988617e-02 1.538166787461144325e-01 3.113045414963290236e-01 5.327165404415808991e-01 4.705295153357937354e-01 5.191177509039948124e-01 7.118983269147460824e-01 7.260492771257990308e-01 7.501696684136980320e-01 7.025442799775082348e-01 7.840073964861624667e-01 8.273137934957731643e-01 1.000000000000000000e+00 7.524990342342389171e-01 8.572338673971763301e-01 8.453680734959611032e-01 7.789190070342014716e-01 6.325677492849407502e-01 7.341353074370396969e-01 5.974347575283917022e-01 6.740894707865318081e-01 7.297410716330746672e-01 7.058290291171283037e-01 6.823383690828613846e-01 7.118379368661850171e-01 8.347536606494350142e-01 8.131063656401890105e-01 8.011786936856843955e-01 7.281969110165462666e-01 7.366619880438719514e-01 8.170823179131767589e-01 8.217351876492653417e-01 7.421788501365238488e-01 8.021674094233079977e-01 7.563979344402286253e-01 8.127843463946181624e-01 8.207698586722737000e-01 8.328173559447726859e-01 8.486909493260367254e-01 8.238361674907482834e-01 8.625425757910119007e-01 8.513190334104364654e-01 8.436744742643115247e-01 8.636159093446639234e-01 8.583697372761370792e-01 8.513197394105934679e-01 8.669322244996462423e-01 8.680318423825974516e-01 8.640654048946563304e-01 8.400210650761360531e-01 8.560704189719958723e-01 8.429049097295764348e-01 8.590422392772950611e-01 8.589791108652305995e-01 8.497093732327695159e-01 8.560534766540502938e-01 8.485614226935638271e-01 8.616910668490254110e-01 8.531251225872960031e-01 8.695598974746894250e-01 8.701427129817037587e-01 8.599722935049091133e-01 8.529223997151830217e-01 8.621944409172470625e-01 8.626631892045625305e-01 8.656785444949377517e-01 8.683740412915277318e-01 8.600421507958926348e-01 8.595682792685536144e-01 8.529906074136573979e-01 8.572737064709887722e-01 8.621936429471925845e-01 8.505256243365384439e-01 8.545896442293590134e-01 8.717228050878855772e-01 8.673726280810045708e-01 8.601180994172556993e-01 8.433303298671228632e-01 8.596447814811922772e-01 8.514917141476655571e-01 8.586902743105229163e-01 8.630944850016735170e-01 8.631027275041734947e-01 8.481056522169260203e-01 8.599327204368882871e-01 8.603021566677149234e-01 8.649563509835821451e-01 8.667533989023773477e-01 8.663545518491393427e-01 8.630730014400790351e-01 8.653129946931005234e-01 8.695197578303371921e-01 8.715623118683794024e-01 8.681855272409990665e-01 8.702623411749953464e-01 8.698273817590993495e-01 8.658043283919788502e-01 8.628129856981185952e-01 8.690019995639558514e-01 8.677327019100466998e-01 8.693244091980131261e-01 8.664278551333629563e-01 8.706178607190079299e-01 8.719808251600885685e-01 8.719554200313341941e-01 8.650319137589436158e-01 8.698542933129892463e-01 8.692406531709315765e-01 8.682585057602787426e-01 8.704336765198679160e-01 8.678222092785742303e-01 8.726149396593582130e-01 8.680704559849328206e-01 8.679951147681105317e-01 8.706754524725918154e-01 8.711200869904239807e-01
