1.000000000000000000e+00 1.158603066464345410e-01 1.157834779431117650e-01 6.933346913394637656e-02 9.983634846570478560e-03 -1.035224231507929013e-02 6.614569873835182690e-02 2.460400875579278265e-02 1.544286436573721333e-01 9.472292703581366990e-02 6.413193712941633873e-02 1.194800770705773708e-02 2.102019169126691234e-02 9.253677179669994243e-03 7.871053839653047862e-03 -2.054883233050315561e-03 1.380422427812350306e-01 2.471671581672415796e-01 2.192618655174297659e-01 1.079281865241698696e-01 2.302253812802992627e-01 1.869188855441634434e-01 2.193752027741036614e-01 2.002917125384643393e-01 1.931370689258117834e-01 1.345909128985673942e-01 1.570229024663673534e-01 1.519314835019106580e-01 1.593591443574284561e-01 1.666519682085389753e-01 1.289170560379202246e-01 1.269516599166655157e-01 1.005501015573031093e-01 1.050182619086799385e-01 1.221156394477594664e-01 7.955859124223857437e-02 1.067951242612149021e-01 6.640945630805525357e-02 4.441568726326543953e-02 4.321480366369905707e-02 6.915826705200954494e-02 4.754019229526509904e-02 3.785604286925054601e-02 4.216083828154654906e-02 6.948686927564660942e-02 3.851453841088450097e-02 1.268989384090012107e-02 4.377914034019351336e-02 3.098815444846430428e-02 5.702750381242766703e-02 4.630363799220246074e-02 2.546858427423462357e-02 4.433842232739348965e-02 6.841405660628040175e-02 7.693192453388388030e-02 8.251801124912923335e-02 7.846684855728983110e-02 3.430057775765664452e-02 3.797248126117662437e-02 2.617746414942717301e-02 3.820370731810522613e-02 3.847054208228194855e-02 4.687575231356737315e-02 3.940348311712386226e-02 4.072119049916947398e-02 6.345804699056879772e-02 3.729850006930589962e-02 8.805599182619693044e-02 7.393507213126246369e-02 6.720691891263812223e-02 9.076916004373340729e-02 6.974681554455063048e-02 8.083435606596052481e-02 9.309319998149907793e-02 5.584385057896019272e-02 6.617652826277627132e-02 6.747793585075956280e-02 7.143675691038237074e-02 5.869663676190846335e-02 6.383945486543531056e-02 6.105721910622679410e-02 5.191317479821431352e-02 6.040786384893607336e-02 6.519382362170389467e-02 3.794097125187639169e-02 4.893118742834449975e-02 4.397967585557029102e-02 3.760836899032078684e-02 2.600702075732785890e-02 6.002831805115747127e-02 3.514229525981536068e-02 2.765351152411889973e-02 3.865142379313182830e-02 2.185890082537241680e-02 5.707909054481400887e-03 1.790151460570381381e-02 3.931708950980785516e-02 5.535180583979554952e-02 2.397418979867347796e-02 2.905179461361137583e-02 1.969874725545661676e-02 3.903239196576252512e-02 2.181876798142060730e-02 1.522320186320830736e-02 3.141817894758036633e-02 5.619775936375383946e-02 3.984230713849452182e-02 3.003308563738204401e-02 3.975493469269207603e-02 1.779175716232323998e-02 2.019713439051622900e-02 2.313991780039208190e-02 2.602832973249983792e-02 2.673341375250343904e-02 3.209484136097354168e-02 3.809163249848139532e-02
1.158603066464345410e-01 1.000000000000000000e+00 1.291542444810628576e-01 8.518336599278915344e-02 5.352397559754742268e-02 8.242308676215245877e-02 1.575898656253705843e-01 1.045175587302643594e-01 1.940649797946884525e-01 2.015955064403262831e-01 1.903328711866507372e-01 1.446958637944425197e-01 1.193349760395684411e-01 1.328852484993608973e-01 1.584257353234984345e-01 1.456783638714264362e-01 1.837660788741952433e-01 3.030842636058621586e-01 2.855323900355014044e-01 1.835775785104060420e-01 2.617119207925751034e-01 2.505720308936652541e-01 3.164101427314891524e-01 2.983484750309577938e-01 2.978974361688856987e-01 2.537943925413782553e-01 2.563733543338178045e-01 2.703953324073229969e-01 2.743182893096102748e-01 2.948945523523435752e-01 2.607767883076720916e-01 2.656934277848814197e-01 2.672858410846418731e-01 2.618372299904795919e-01 2.778446132944284441e-01 2.045798929179830083e-01 2.412862425097697106e-01 2.407225535135177341e-01 2.090592084663148997e-01 2.092117851882187574e-01 2.025258203111240107e-01 2.105210225006815539e-01 1.805094983430613753e-01 1.880893905125717580e-01 2.022494547599686110e-01 2.107063175826706380e-01 1.607230592788216894e-01 1.766500488271920410e-01 1.691282090353725953e-01 1.827587920766356178e-01 1.849556539358918339e-01 1.248192479510383396e-01 1.424139612063688165e-01 1.828099181231985781e-01 1.872273313252706406e-01 2.087774643769947369e-01 1.560705354280098878e-01 1.645636238243650684e-01 1.760190123581002741e-01 1.527022047712961739e-01 1.608148461304212129e-01 1.597012951074571752e-01 1.643085332656041286e-01 1.586380993528806183e-01 1.509017229383850800e-01 1.629555398099998831e-01 1.721310382222266122e-01 2.146785079255182083e-01 2.273135713444347228e-01 1.990098208096412469e-01 2.059286403271760602e-01 2.009236881763741822e-01 2.270566292475700854e-01 2.218019059240616542e-01 1.958865052755370539e-01 2.021962320116766632e-01 2.149899787200499068e-01 2.216096909871614618e-01 2.083176906296049513e-01 2.163132941179878865e-01 2.125244408906608873e-01 2.012999870828094118e-01 1.946273187174145380e-01 2.160880034968550023e-01 1.908324788925090387e-01 2.116561415464850715e-01 1.927533440972961087e-01 1.909247528914564396e-01 1.850332205587668644e-01 1.874989829782978401e-01 1.938270353535431201e-01 1.766707407911632666e-01 1.782066300158170746e-01 1.755780792500288290e-01 1.521835294861046406e-01 1.626587891385230522e-01 1.453030715268583128e-01 1.498913634554139007e-01 1.444839285487740099e-01 1.513291870671344130e-01 1.635243732294756891e-01 1.543305353549056791e-01 1.460624220889017721e-01 1.493665649552617103e-01 1.577641927164150359e-01 1.484446779546163830e-01 1.543157956241031914e-01 1.748845424421702488e-01 1.775174248598495597e-01 1.552775702196061147e-01 1.585224193146239080e-01 1.491927386611166251e-01 1.503863374679921261e-01 1.484126790032295196e-01 1.566264356875303188e-01 1.504832656528511114e-01
1.157834779431117650e-01 1.291542444810628576e-01 1.000000000000000000e+00 4.500007238865562642e-01 2.275395892651141949e-01 2.548803596623767098e-01 4.111003090768462487e-01 3.894831663565133106e-01 3.793063186115339103e-01 3.590195816654122019e-01 4.353056211970444678e-01 4.302131711233237454e-01 3.718696294146506820e-01 3.336772056268455522e-01 3.970204117495672591e-01 3.964612007234808444e-01 3.651146029618613786e-01 4.505570120313348026e-01 4.107912111711103376e-01 4.421359330712222868e-01 4.396426461059625979e-01 4.278425811911408805e-01 4.074777678811321024e-01 4.555334854454646809e-01 4.267690278926371539e-01 3.898131563974917557e-01 4.302732649094657691e-01 4.003978596526708844e-01 3.847952415076669186e-01 4.160291619070902724e-01 4.147320237967767054e-01 4.237009451279168948e-01 3.919575574321668143e-01 4.361531917392111879e-01 4.018613369440967586e-01 4.094004399085823254e-01 4.350377953248197871e-01 3.965045835321932555e-01 3.803194888437457233e-01 3.973270904174375784e-01 4.050919329535211388e-01 4.041576735232864093e-01 4.103012631259070897e-01 3.980608872462721437e-01 4.070574083508177732e-01 3.847365117676491142e-01 3.692614383066582517e-01 3.747654691078000644e-01 3.684009046424854272e-01 3.995747871228322867e-01 3.984866253364987010e-01 3.831633014488258215e-01 3.770632627548904936e-01 3.747951670795935941e-01 3.817993730889356341e-01 3.856317909990167880e-01 3.689069186361403352e-01 3.711654579290372680e-01 3.709439639445140657e-01 3.708928728152405818e-01 3.958931806876758164e-01 3.695348876877486699e-01 3.801913197953276646e-01 3.819267429832979288e-01 3.616879665178345804e-01 3.903927900820383656e-01 3.730409449884419804e-01 4.164250591510807453e-01 4.201760102094395655e-01 4.424290323096162214e-01 4.216165337110338585e-01 3.997359409180636924e-01 4.258321015026227951e-01 4.284047136305441095e-01 3.902421171168560243e-01 4.044758943919549155e-01 3.971057935349943113e-01 3.905305777987171378e-01 3.943116268006025549e-01 3.950175120999245282e-01 4.008149344338707842e-01 3.917353820000177289e-01 3.941232573571220033e-01 3.907173841778591172e-01 4.006051601382655258e-01 4.043539510694046379e-01 3.953636149929768417e-01 3.898124338661231314e-01 3.794960058471998354e-01 3.879106334740601847e-01 3.944685040183913416e-01 3.873708583097553726e-01 3.894014229412992578e-01 3.776779861692961537e-01 3.641478563274633262e-01 3.634968524523198297e-01 3.853616985572035913e-01 3.913327956202377611e-01 3.762002273350827930e-01 3.841839060127774652e-01 3.892935630708317385e-01 3.822054795396542803e-01 3.814065712913233264e-01 3.794685764269957740e-01 3.903750559759781025e-01 3.750271195209857189e-01 3.739934036420993757e-01 3.639733041390637025e-01 3.715200352649315474e-01 3.725832773847257973e-01 3.737108104559972444e-01 3.681123782340255390e-01 3.702003039870800372e-01 3.774013681155125588e-01 3.656113886850674843e-01 3.770964704807119316e-01
6.933346913394637656e-02 8.518336599278915344e-02 4.500007238865562642e-01 1.000000000000000000e+00 3.786628768604171635e-01 3.410206727411598249e-01 5.583180588803320354e-01 5.955107211244820009e-01 4.568874085005991681e-01 3.680083049250382210e-01 5.479462052671046912e-01 6.070397014008191983e-01 5.307151751393939243e-01 4.473066925496691493e-01 5.478393471251109537e-01 5.601452919425827792e-01 4.461059765574135194e-01 5.108268879424809894e-01 4.516290543123334666e-01 6.253886078349678579e-01 5.527358650582012700e-01 5.273046152426172917e-01 4.151704594977587148e-01 5.250285398948039139e-01 4.833036343106817956e-01 4.158825615805651355e-01 5.041972897169567647e-01 4.208883486320034173e-01 4.049598039393096927e-01 4.111550428967506998e-01 4.495111304152958898e-01 4.845470104580394954e-01 4.073631869755671153e-01 5.163419759641610929e-01 4.206566021706516501e-01 5.233204327401843603e-01 5.079942924436312568e-01 4.551156590218376485e-01 4.568757508364058584e-01 4.740795383013792219e-01 5.012794164509709605e-01 5.053229521100202071e-01 5.468991527223944216e-01 5.183519296615836103e-01 5.207170362237562022e-01 4.679301326327687804e-01 4.949089583399845504e-01 4.845108368828394685e-01 4.824108118257377509e-01 5.075460603892965050e-01 5.066240196892299874e-01 5.406436214925784967e-01 5.155861882812342589e-01 4.652452492445306453e-01 4.680142216395637433e-01 4.627231669905265687e-01 4.807909142123693025e-01 5.037814360265611136e-01 4.699697600748995452e-01 5.006476527803028764e-01 5.351449295343325696e-01 4.858041151787270695e-01 4.908927190093718695e-01 5.026660451135001040e-01 4.850838688673565491e-01 5.191747740320488136e-01 4.900918510242620041e-01 5.252359317426933405e-01 5.152590334861707477e-01 5.832752928462624498e-01 5.487294190573924757e-01 5.057887227827891907e-01 5.306139071738998902e-01 5.451995972385124123e-01 4.925790041618496873e-01 5.128086032432267460e-01 4.866397887131851951e-01 4.732040553653691917e-01 4.952344922432121432e-01 4.760398682259960323e-01 4.901164774532606461e-01 4.858082961289659218e-01 5.064345612840910338e-01 4.722550389919313862e-01 5.160351317648348424e-01 5.131010009739936928e-01 5.095229830872121113e-01 5.046020572883532784e-01 4.942543386272368333e-01 5.039468398453806897e-01 5.061567231243558895e-01 5.138610611990583887e-01 5.200721130733231279e-01 5.030101120942748194e-01 4.919747796928545802e-01 4.838076724870899459e-01 5.262595896913631055e-01 5.222098839387855351e-01 5.193950996050662461e-01 5.255764006932789334e-01 5.335150625354956322e-01 5.218552855548977965e-01 5.181834500345668948e-01 5.203607475206190047e-01 5.364798117025316726e-01 5.074502988727962460e-01 4.986851518748078860e-01 4.712837590850546543e-01 4.757193785087379112e-01 4.972583438761641883e-01 5.055393045280086595e-01 5.026238484471179380e-01 5.031676462057830257e-01 5.199846104513474732e-01 4.930449906103891444e-01 5.135127758526721875e-01
9.983634846570478560e-03 5.352397559754742268e-02 2.275395892651141949e-01 3.786628768604171635e-01 1.000000000000000000e+00 2.992566705649888914e-01 4.585995260468083146e-01 4.684443022743799978e-01 4.024294819688124525e-01 3.480182161789945328e-01 4.454853959961779797e-01 4.732873766788469605e-01 4.733309390326720378e-01 4.240086571122007597e-01 4.925743938743245565e-01 4.867319628556563971e-01 3.889096202259149093e-01 3.462999937963655572e-01 3.540537777749957482e-01 4.030110138125675423e-01 3.577170364106275202e-01 3.973330516025365688e-01 3.282609618908857163e-01 3.725832867197977905e-01 3.687421792950281718e-01 4.006580200000134373e-01 4.085067197378838277e-01 3.749813663196902569e-01 3.341003886790097632e-01 3.539289957366595907e-01 3.970907077790600814e-01 4.187267725657755624e-01 3.711847916497723054e-01 4.259688612805825891e-01 3.772159436052882064e-01 4.299423412144177670e-01 4.369675492715700549e-01 4.124465914182836035e-01 4.306222244144905509e-01 4.356715978388482347e-01 4.656448696919970875e-01 4.636095222920235681e-01 4.843441607574830998e-01 4.757734987250523684e-01 4.558781872315314510e-01 4.411088000505600792e-01 4.748987070158001700e-01 4.614673120754643754e-01 4.641319631698107573e-01 4.383823276830443039e-01 4.565074817315860622e-01 4.667154580929329111e-01 4.736870461835995805e-01 4.491739597844829346e-01 4.389300419439284839e-01 4.303255712601689598e-01 4.279111446753558479e-01 4.693182772216396015e-01 4.430346190651019977e-01 4.756105145540670542e-01 4.880401310863659581e-01 4.542248097110034855e-01 4.482562853720864493e-01 4.628228096649655288e-01 4.562874748046925055e-01 4.644338370248055070e-01 4.705297269262419535e-01 4.646696027158100373e-01 4.596670431139909807e-01 4.828598869728782939e-01 4.666905845973431943e-01 4.615746266251625762e-01 4.623248409374920431e-01 4.669708268115911887e-01 4.679523210927200583e-01 4.678318336155826707e-01 4.545251205753996770e-01 4.372691790068413686e-01 4.556691941221998610e-01 4.433618459109641141e-01 4.507931575902419663e-01 4.554294503484264678e-01 4.638540982638595933e-01 4.412212699368516788e-01 4.672630426768086820e-01 4.657273022115290262e-01 4.666014043179585458e-01 4.691075024303527075e-01 4.664763258003539192e-01 4.711317712824132919e-01 4.684480033927987952e-01 4.822837998219845490e-01 4.764781735577435784e-01 4.748590930341611838e-01 4.778446278343035369e-01 4.705435578092301285e-01 4.787179942076119632e-01 4.684727891838220137e-01 4.843933821256102279e-01 4.852631405602373937e-01 4.937542049595892713e-01 4.776934614242194788e-01 4.851957335483884082e-01 4.890689595732434780e-01 4.840988416558504870e-01 4.630200227649758360e-01 4.686246042015871915e-01 4.663764835066036007e-01 4.615401465730951669e-01 4.773828384662828217e-01 4.760404921230092512e-01 4.786505962933696456e-01 4.749977476359631967e-01 4.811812134653913331e-01 4.672352843202298711e-01 4.747583239937291366e-01
-1.035224231507929013e-02 8.242308676215245877e-02 2.548803596623767098e-01 3.410206727411598249e-01 2.992566705649888914e-01 1.000000000000000000e+00 5.276705588016167292e-01 4.578804940743609886e-01 5.084294777999057713e-01 4.770887320571289836e-01 5.420913063281109778e-01 5.602076879972033296e-01 5.185391613547516432e-01 5.242870366056896492e-01 5.768717409876157332e-01 5.654152660418191312e-01 5.070893913263017083e-01 4.061571114770180513e-01 4.554782542967131809e-01 3.940110038216918520e-01 4.080268888373114189e-01 4.941431969834251814e-01 4.330579383927415371e-01 4.441041216017393434e-01 4.693569089912782433e-01 5.265703035023537870e-01 5.175022056886443567e-01 5.112510046910062611e-01 4.636824970932863499e-01 4.783281940787801334e-01 5.309910016886483231e-01 5.369455307414696676e-01 5.131529857487184820e-01 5.422850747035178332e-01 5.165394317823716053e-01 5.464934552668002654e-01 5.575970341547735742e-01 5.513367735078732457e-01 5.568276713455326821e-01 5.644648485298400242e-01 5.865307984521014317e-01 5.774105689631576777e-01 5.769338060652704492e-01 5.850230704909552548e-01 5.841729578380668864e-01 5.686306968472566448e-01 5.891513487243990044e-01 5.842085221682012941e-01 5.848503977661499986e-01 5.638055267219852507e-01 5.726727278907558505e-01 5.555646369936181328e-01 5.756929499497340785e-01 5.722679611887893092e-01 5.639944244344959889e-01 5.622251266508058176e-01 5.545513842211634570e-01 5.839650389754785786e-01 5.671965806944292421e-01 5.804215558509585593e-01 5.841823598566908693e-01 5.731386888394202073e-01 5.716601649679932118e-01 5.754940693741853464e-01 5.727889519606135238e-01 5.789858754723640200e-01 5.873953732021326424e-01 5.777501463674453719e-01 5.801637742053561420e-01 5.788253329530775870e-01 5.794903848440962069e-01 5.851567879096855052e-01 5.739638990966997589e-01 5.785131160609432444e-01 5.874007365470867992e-01 5.897467499837050209e-01 5.847974423783774967e-01 5.708761115194048719e-01 5.829897823018458380e-01 5.759058943228353433e-01 5.797327552107700566e-01 5.803702507362377139e-01 5.886977919938832793e-01 5.818865694736560235e-01 5.932836021247078762e-01 5.873661969279245776e-01 5.927707421532999454e-01 5.932024515301830281e-01 5.906673642460098517e-01 5.871430597148147301e-01 5.950669986680323653e-01 5.964039141027583923e-01 5.959259171175692593e-01 5.944721833828664481e-01 5.913976364731488022e-01 5.903746470478451469e-01 5.854382623020119025e-01 5.798439542683918591e-01 5.869941746548913430e-01 5.901212920612693980e-01 5.930528401147581175e-01 5.862953536313740832e-01 5.900431705548768724e-01 5.935883596777362659e-01 5.909995552774244265e-01 5.769543744264818974e-01 5.841452379393172745e-01 5.840661804390149259e-01 5.846295887553037973e-01 5.903821378158109479e-01 5.908774203413137416e-01 5.887034132219133298e-01 5.870852292156425456e-01 5.879024877547384120e-01 5.844783531936220689e-01 5.852151328140391406e-01
6.614569873835182690e-02 1.575898656253705843e-01 4.111003090768462487e-01 5.583180588803320354e-01 4.585995260468083146e-01 5.276705588016167292e-01 1.000000000000000000e+00 7.045514061173449027e-01 6.977157943208491808e-01 6.297345759347809935e-01 7.528810281425784012e-01 7.675408176254334691e-01 7.186042396773089092e-01 6.794555961123091015e-01 8.274644485783203551e-01 7.867734457642175938e-01 6.844430345487511058e-01 6.359783428294006891e-01 6.615294019230324452e-01 6.274563498474913237e-01 6.365630504528603240e-01 7.098094764398845680e-01 6.592369451213124787e-01 6.825627447110461654e-01 6.922933514882438910e-01 7.402222891765095625e-01 7.524285949382661931e-01 7.396181703446066402e-01 6.905859580191823222e-01 7.080485338966943099e-01 7.576067899709768572e-01 7.618222650269240726e-01 7.251941108926917012e-01 7.593208956775939766e-01 7.277053544075648972e-01 7.374264076830830961e-01 7.773577766649919507e-01 7.746398313193731955e-01 7.654673322363240162e-01 7.635785252780182830e-01 7.858465644949729212e-01 8.037515001937474146e-01 7.819547033599197894e-01 7.974060639762491354e-01 7.835148637702793462e-01 7.863903773244524942e-01 7.758430149968053025e-01 7.735347135092115467e-01 7.724740728037418069e-01 7.570546784925195061e-01 7.818747041920454111e-01 7.204331342948743222e-01 7.554503381872292866e-01 7.604307543890075349e-01 7.606850284253163785e-01 7.576644105809484664e-01 7.295672447813035255e-01 7.780287446935961748e-01 7.647980804279443934e-01 7.649091874839983873e-01 7.850232197747415430e-01 7.603870182455592097e-01 7.596495620965968421e-01 7.647519080338680553e-01 7.471946218075032897e-01 7.603032976693847589e-01 7.739922511315898701e-01 7.887403332414733015e-01 7.961840143258288593e-01 8.061484048911178313e-01 7.902675290120279028e-01 7.863706492636973744e-01 7.921728367631699630e-01 7.934331930130846811e-01 7.919316500274050652e-01 8.003765576490389222e-01 7.998080546347130504e-01 7.808379939343834675e-01 7.992073135576538423e-01 7.877157580822077287e-01 7.864330795885091652e-01 7.866256016173892585e-01 7.833192982623179423e-01 7.844577222027027119e-01 7.916552275487621637e-01 7.931395444668877248e-01 7.880644306176874947e-01 8.011496354277970466e-01 7.882714849642896704e-01 7.837927706231561098e-01 8.010304473521425717e-01 8.009146177963315516e-01 7.904194875089856076e-01 7.976602169498312467e-01 7.727355960468057505e-01 7.737286578721247476e-01 7.757385678724527667e-01 7.668458973646533616e-01 7.776441199502992507e-01 7.870006645772553711e-01 7.929426719507037813e-01 7.801297788046915871e-01 7.752673719017943998e-01 7.845555881996240100e-01 7.789185849840226661e-01 7.581176485856282454e-01 7.713420965824100417e-01 7.724818321328571491e-01 7.746608716675140727e-01 7.793739025798226416e-01 7.845560094284123043e-01 7.729914973553622115e-01 7.730932021209729887e-01 7.759118589043311198e-01 7.636308197019019417e-01 7.689822842725156926e-01
2.460400875579278265e-02 1.045175587302643594e-01 3.894831663565133106e-01 5.955107211244820009e-01 4.684443022743799978e-01 4.578804940743609886e-01 7.045514061173449027e-01 1.000000000000000000e+00 6.390505326584717816e-01 5.683094243675314017e-01 6.890945278336418900e-01 7.417415073003830184e-01 7.065702631212031903e-01 6.427724264840927182e-01 7.629673169138304623e-01 7.682216534381313133e-01 6.314445939417189235e-01 5.661915296956030463e-01 5.698244393037282807e-01 6.266239101043642457e-01 5.826172981679548224e-01 6.372558661214869913e-01 5.350043474334706950e-01 5.922724290139570469e-01 5.947091390017096302e-01 6.334553667713492819e-01 6.565437009173161753e-01 6.091793563270621048e-01 5.658973328829239868e-01 5.783656801700751693e-01 6.469976999505439030e-01 6.677824893574376697e-01 6.007124761935835888e-01 6.789735315333135235e-01 6.042559394330833111e-01 6.848890245740860694e-01 6.824865712680420193e-01 6.750929138331677182e-01 6.831084703634159316e-01 6.833915000860811828e-01 7.182220746274495804e-01 7.233773470737917544e-01 7.420317323290485101e-01 7.377106323977649094e-01 7.163442978001697270e-01 6.985192352075241251e-01 7.235888140947867031e-01 7.152606519072365332e-01 7.153826588314194934e-01 7.131168595411888633e-01 7.205142695183905932e-01 7.202988923559747736e-01 7.174688196318340649e-01 6.956597790208387533e-01 6.941068252616956480e-01 6.838365862058606304e-01 6.873003406077775601e-01 7.281756308479828688e-01 6.989975395780507750e-01 7.254711955991928196e-01 7.452934296975648465e-01 7.093299859351857028e-01 7.071837731335770538e-01 7.192948242740238030e-01 7.096517753243413162e-01 7.190310357012846820e-01 7.215726925186913832e-01 7.204506268157839788e-01 7.175144740081754735e-01 7.487736333152672508e-01 7.322477876503200589e-01 7.151269045838232197e-01 7.186812383699611173e-01 7.257725348609163074e-01 7.176704951356083217e-01 7.230796133896622013e-01 7.065134566463227017e-01 6.914573734844488007e-01 7.113600337657308703e-01 6.894095873005204878e-01 7.061499433003859405e-01 7.102019758905403490e-01 7.239482877701580721e-01 6.892610441931898979e-01 7.272280775688094723e-01 7.220302922860349915e-01 7.195701827044844734e-01 7.291178416968326914e-01 7.199312908746664519e-01 7.245194504097808297e-01 7.232002680527180871e-01 7.375386389094744644e-01 7.316579127521981585e-01 7.298021462959489725e-01 7.266255474504950129e-01 7.209799551605677870e-01 7.395297416721169359e-01 7.362510952495414651e-01 7.409417456579410199e-01 7.458067830347212546e-01 7.495504314971929150e-01 7.393530508573550319e-01 7.387007077845005876e-01 7.453630826673318666e-01 7.467772658792993790e-01 7.220635453884693966e-01 7.272347804282223160e-01 7.118222902476035729e-01 7.131680050305821972e-01 7.333514634901752149e-01 7.348451413813333888e-01 7.307230116516323370e-01 7.312625404663168904e-01 7.392601105099109171e-01 7.207386522386928229e-01 7.327300332877172417e-01
1.544286436573721333e-01 1.940649797946884525e-01 3.793063186115339103e-01 4.568874085005991681e-01 4.024294819688124525e-01 5.084294777999057713e-01 6.977157943208491808e-01 6.390505326584717816e-01 1.000000000000000000e+00 7.656513960696628152e-01 7.943065568341562965e-01 7.966112421842380664e-01 7.328980535173027500e-01 7.391533784854165123e-01 8.194703551223925242e-01 7.846757740293481831e-01 8.112333301528615870e-01 6.715329196629248321e-01 7.357137635541435294e-01 5.560288837920395189e-01 6.493271497728684283e-01 7.590619498625043038e-01 7.121847929985393177e-01 6.984618364866351792e-01 7.514048199796504734e-01 8.264067567735134956e-01 8.115894871454765180e-01 7.929679036750296728e-01 7.368919654274732611e-01 7.811422170711495028e-01 8.365434301619660840e-01 8.248061282110377146e-01 7.710299202077843805e-01 8.011578388805133955e-01 7.848313868682267325e-01 8.203151484707159602e-01 8.343773531200409099e-01 8.212824942077188162e-01 8.438166244210013600e-01 8.180483938571166957e-01 8.697618377482588814e-01 8.480964205399089684e-01 8.368397635463720174e-01 8.596235133404475093e-01 8.555484412392324600e-01 8.440976694608857134e-01 8.508973233258273483e-01 8.697407303455862992e-01 8.611517506639794206e-01 8.303056739108620743e-01 8.472487476654623206e-01 8.034776168946038410e-01 8.457508811583624997e-01 8.711015860988828852e-01 8.628380878498104201e-01 8.524949083760188229e-01 8.544793570150289730e-01 8.502908174736245606e-01 8.473232482186665582e-01 8.606938803442670816e-01 8.579289847833025950e-01 8.593722130385120783e-01 8.573866828081936342e-01 8.600598989056351673e-01 8.555581848903665021e-01 8.645660186565966576e-01 8.644700830279886672e-01 8.654442984221255575e-01 8.573244836643846289e-01 8.402783334840853158e-01 8.576589233854852168e-01 8.654442248026400497e-01 8.473890380108981546e-01 8.583718125304348190e-01 8.665995487231242800e-01 8.641963915287144138e-01 8.605923539706430425e-01 8.490884847469789554e-01 8.571529660515339044e-01 8.577374457520141604e-01 8.614235158107848012e-01 8.676179410090817390e-01 8.680742831701652173e-01 8.545310987821443938e-01 8.478349340949865587e-01 8.537250320275445725e-01 8.589570359542484379e-01 8.543475256019865682e-01 8.567411723902365051e-01 8.645775126406325395e-01 8.527019049564975584e-01 8.598093920717004845e-01 8.608657888196832308e-01 8.546523310585494304e-01 8.528077899793170547e-01 8.600413767092598416e-01 8.481182844120909170e-01 8.584134711341339097e-01 8.514176614299876489e-01 8.500986631081043354e-01 8.510367454791590847e-01 8.554792988713282309e-01 8.551473219949478066e-01 8.521386537212600754e-01 8.564045481464390708e-01 8.586773201562190039e-01 8.646326938622979075e-01 8.648375361268899608e-01 8.664830099218574500e-01 8.584540389271617666e-01 8.512928008107802924e-01 8.585823042262173965e-01 8.566619619776437711e-01 8.559698297143718548e-01 8.587413284282703341e-01 8.618359881082122698e-01
9.472292703581366990e-02 2.015955064403262831e-01 3.590195816654122019e-01 3.680083049250382210e-01 3.480182161789945328e-01 4.770887320571289836e-01 6.297345759347809935e-01 5.683094243675314017e-01 7.656513960696628152e-01 1.000000000000000000e+00 7.405623386666396746e-01 7.359159261360790349e-01 6.727971182990809540e-01 6.881286404300160919e-01 7.640472185445981168e-01 7.253924885171502135e-01 7.349871920493401545e-01 6.155691999889766342e-01 6.795203225792137980e-01 4.834408988147412822e-01 5.786540102399033714e-01 6.856493795643586742e-01 6.738822427500068546e-01 6.503107281453168742e-01 7.011571794507495126e-01 7.882769288386982653e-01 7.637835708109677046e-01 7.573409564581623510e-01 7.160655756070948286e-01 7.523144083517501191e-01 8.031030199875094366e-01 7.690423560550115889e-01 7.371906457833016235e-01 7.441494227265583739e-01 7.554824899618907130e-01 7.539867403625355458e-01 7.840676895949032499e-01 7.819338826242421270e-01 7.910341214428164847e-01 7.659331059956424603e-01 8.107675755172526477e-01 7.970290351991665689e-01 7.812180770777924499e-01 8.010946156251975703e-01 7.954741096179063220e-01 8.001148083991168614e-01 7.911673564458341357e-01 8.103317137171531792e-01 8.021453839047797407e-01 7.669171491656701090e-01 7.906866392339904070e-01 7.281502590307626921e-01 7.821887628659573988e-01 8.173730923256398162e-01 8.102353057634853473e-01 8.015472297734188567e-01 7.903664408383519469e-01 7.903601216473059576e-01 7.979284576733022272e-01 7.996158023259909431e-01 7.988844121607658888e-01 8.046335369143191585e-01 8.040631486610246847e-01 7.972842091031508982e-01 7.899717506390274702e-01 7.999615326460819409e-01 8.046334517037354583e-01 8.037113282148709015e-01 8.017847033693908942e-01 7.729668144927605011e-01 7.894348263891221018e-01 8.062479489547323963e-01 7.908282145970562116e-01 7.995651923800025651e-01 8.141850968578017156e-01 8.129282432293868377e-01 8.126269982460688768e-01 8.049150744481224917e-01 8.068326498874012209e-01 8.121911920558403386e-01 8.164736812563609947e-01 8.217352427901506440e-01 8.030830209305013234e-01 8.052589715120602731e-01 7.895826696100215480e-01 7.957125065998403857e-01 8.015006816278349433e-01 8.001411945563178252e-01 8.028270505189605277e-01 8.027522631274174314e-01 7.950478047640957557e-01 8.003528408481386247e-01 8.005525523816958700e-01 8.002080191241789375e-01 7.945715915709565813e-01 8.031138312290994064e-01 7.829903026905520314e-01 7.884396989055336702e-01 7.898373198014756458e-01 7.831289681306242700e-01 7.888177703246956884e-01 7.905345812143672601e-01 7.923253613419877217e-01 7.896424188368732500e-01 7.902941973341341964e-01 7.960755382631382604e-01 8.035058028388991636e-01 8.110177455410700897e-01 8.129676487217322167e-01 8.004305021641753282e-01 7.924191875256891837e-01 7.976538094574366911e-01 7.970967091904417323e-01 7.910985736713244121e-01 7.973378494777331182e-01 7.974226744825018143e-01
6.413193712941633873e-02 1.903328711866507372e-01 4.353056211970444678e-01 5.479462052671046912e-01 4.454853959961779797e-01 5.420913063281109778e-01 7.528810281425784012e-01 6.890945278336418900e-01 7.943065568341562965e-01 7.405623386666396746e-01 1.000000000000000000e+00 8.604635308240800029e-01 7.635486934867760089e-01 7.726369218185547005e-01 8.602951782872104713e-01 8.381166143708632665e-01 7.969516223539284683e-01 7.130127703932812588e-01 7.562252517524604700e-01 6.365006861004919303e-01 7.046128862403725490e-01 7.993052243048045513e-01 7.376166221618617458e-01 7.510114488120445131e-01 7.759376332540954824e-01 8.334827931133143020e-01 8.404704210702516054e-01 8.082284291205290572e-01 7.476511724849885798e-01 8.018256460814834341e-01 8.632868483852678132e-01 8.591113648200549013e-01 8.113185332094345892e-01 8.532317493589793855e-01 8.236763812730834022e-01 8.514820697479141831e-01 8.731116836637171641e-01 8.584154537403944074e-01 8.673166691904831138e-01 8.499518025881304117e-01 8.878384225565904009e-01 8.781314708984492290e-01 8.763689516238355459e-01 8.902419400182458586e-01 8.868563987612186894e-01 8.723070800926109314e-01 8.819032647113698165e-01 8.880631566033083679e-01 8.858262668402625550e-01 8.668192984849328875e-01 8.809745469151987196e-01 8.277517121736888139e-01 8.620507694687939981e-01 8.791576315377120920e-01 8.732797235487572696e-01 8.711399868172227112e-01 8.618586136800966413e-01 8.827923275292353100e-01 8.763712667102653286e-01 8.788936942935670071e-01 8.933570028788295758e-01 8.786482785724238909e-01 8.765561253696637634e-01 8.817033886885173866e-01 8.709786438212983040e-01 8.837822690056281738e-01 8.872837437486493783e-01 8.982659643691173201e-01 8.984314740567886926e-01 8.888304632497479041e-01 8.928537515246597334e-01 8.947275333224338212e-01 8.934243687594580763e-01 8.922300538667897740e-01 8.960120609042347972e-01 8.974139355721939548e-01 8.873916786576322435e-01 8.706468724070781651e-01 8.891127555539326544e-01 8.890796077215173954e-01 8.958642708828011836e-01 8.957007083847695617e-01 8.968675038815714373e-01 8.890402166191070377e-01 8.912436888942173452e-01 8.990485550014856164e-01 8.958050380236378674e-01 8.915838144063035209e-01 8.917881469151928142e-01 8.908325163353904008e-01 8.907961942086142226e-01 8.925542506429346989e-01 8.954129933937700070e-01 8.891052369190620697e-01 8.809782105265780983e-01 8.846057109592415646e-01 8.778638085428353000e-01 8.855293946504706470e-01 8.832691938859064118e-01 8.864291852238661562e-01 8.897448552259683563e-01 8.889700933787970660e-01 8.833618070831423807e-01 8.852157763940107227e-01 8.898420903326037523e-01 8.806063645295000297e-01 8.865368390020065270e-01 8.847022769217387506e-01 8.876838021025156289e-01 8.844679474532696206e-01 8.867396523040164125e-01 8.847967448190199313e-01 8.831222243908649627e-01 8.874120837079221280e-01 8.819054877421259597e-01 8.853627561055188444e-01
1.194800770705773708e-02 1.446958637944425197e-01 4.302131711233237454e-01 6.070397014008191983e-01 4.732873766788469605e-01 5.602076879972033296e-01 7.675408176254334691e-01 7.417415073003830184e-01 7.966112421842380664e-01 7.359159261360790349e-01 8.604635308240800029e-01 1.000000000000000000e+00 8.115913461770835058e-01 8.054492663450620871e-01 8.983980952134571485e-01 8.845142968210489842e-01 7.955567933005802672e-01 6.417520931011400087e-01 6.974353140398383832e-01 6.605221948402409948e-01 6.526355774379112296e-01 7.598040232604025279e-01 6.615496732056950213e-01 6.935990578025521547e-01 7.241682618986401421e-01 8.014336938351115380e-01 8.097758548427240743e-01 7.594653870370219328e-01 7.054775335813496806e-01 7.499307803654525761e-01 8.308886926690778330e-01 8.225636040068702304e-01 7.646119767277070878e-01 8.230243738993358038e-01 7.761929800244568023e-01 8.451269933186709160e-01 8.538712068655429643e-01 8.511012096251937553e-01 8.754792350631181996e-01 8.529190753280133652e-01 8.987015517572265466e-01 8.986267491222276194e-01 8.987497966960484863e-01 9.140393385478887689e-01 8.967916042920116571e-01 8.867347812571160226e-01 9.178589276134175856e-01 9.092092763840360359e-01 9.109367548846865059e-01 8.809915916757649068e-01 9.041026451075340198e-01 8.712510032973870278e-01 9.042722791743541544e-01 8.913732606100407407e-01 8.838461504585650719e-01 8.724064288289483660e-01 8.788175798923029136e-01 9.100020955831088498e-01 8.977598784981661861e-01 9.178221725235066186e-01 9.246355805834142183e-01 9.091082747962644373e-01 9.029627805775002347e-01 9.112474156936530845e-01 9.012018536704252680e-01 9.084638375005731348e-01 9.140311560436230609e-01 8.985422384980418231e-01 8.944586392936143548e-01 9.105840729408387624e-01 8.971627717390872059e-01 9.012970434898940342e-01 8.936460208125377447e-01 8.955888591321474745e-01 9.078859585262016862e-01 9.053876989253829555e-01 8.882230592621757070e-01 8.747798371958893648e-01 8.967785004498274315e-01 8.886178020515305143e-01 8.974761838146518844e-01 9.078112696103530777e-01 9.057460871181008955e-01 8.865535311308987421e-01 9.031454805805028130e-01 9.032588873741388413e-01 9.082106224550523521e-01 9.099271105097023193e-01 9.124571898130290348e-01 9.026308577011660228e-01 9.022018568073215672e-01 9.191083819868822724e-01 9.167062096690300477e-01 9.163413323794196153e-01 9.187133970058860566e-01 9.155738472796596250e-01 9.056537999027958197e-01 9.099228008154844893e-01 9.169378566846996259e-01 9.177473642318703106e-01 9.180288166072596567e-01 9.182933370311092691e-01 9.207386443578176038e-01 9.227241533650465399e-01 9.209141345010795066e-01 9.031703248971071352e-01 9.138001833894484616e-01 9.078136972121924053e-01 9.069838992549900114e-01 9.185280726952973485e-01 9.168475030106071344e-01 9.193041589446377948e-01 9.163476774239546208e-01 9.196674818032399834e-01 9.130817654707614750e-01 9.192584199727004135e-01
2.102019169126691234e-02 1.193349760395684411e-01 3.718696294146506820e-01 5.307151751393939243e-01 4.733309390326720378e-01 5.185391613547516432e-01 7.186042396773089092e-01 7.065702631212031903e-01 7.328980535173027500e-01 6.727971182990809540e-01 7.635486934867760089e-01 8.115913461770835058e-01 1.000000000000000000e+00 7.389076437623290916e-01 8.364840896556844374e-01 8.327520449957159787e-01 7.255094001683904947e-01 5.766279583797517816e-01 6.212081025236786402e-01 6.035257599192482836e-01 5.857774593201755531e-01 6.861438836749350623e-01 5.948440588402509333e-01 6.170223385413740047e-01 6.543553743526027144e-01 7.399304034398919150e-01 7.412283011152451806e-01 6.978579043231446510e-01 6.400730771214871995e-01 6.764529623347195209e-01 7.572142029984100242e-01 7.495654482868927548e-01 6.937489181194730348e-01 7.423546698675070887e-01 6.966259839293222900e-01 7.659483358023647659e-01 7.770406895275654424e-01 7.704624711044392171e-01 7.936781096978625660e-01 7.743375507249583567e-01 8.188467514695224603e-01 8.178417423864079439e-01 8.240796708513716817e-01 8.345238371832532920e-01 8.159310015059675347e-01 8.019310092467931694e-01 8.347765845172075982e-01 8.261096624849236791e-01 8.290425641456722339e-01 7.904546701406028886e-01 8.164454478349143507e-01 7.949162303611675418e-01 8.234703596270585013e-01 8.107245514749018556e-01 8.015889031994372083e-01 7.884818893825367159e-01 7.917526010109827705e-01 8.269276131008262976e-01 8.075037511512869193e-01 8.392180702186640140e-01 8.429230489798570369e-01 8.225621499685865645e-01 8.174250496011888911e-01 8.256538004692910437e-01 8.208449064459982791e-01 8.278548688246453180e-01 8.321474845047269753e-01 8.162618007646775808e-01 8.100996965873549227e-01 8.243833025093320055e-01 8.162535922435629754e-01 8.194226618364900405e-01 8.048747166634863115e-01 8.110097751777503028e-01 8.284454036719220982e-01 8.256094216917091444e-01 8.069429174562916529e-01 7.947567974542467661e-01 8.170134436676130818e-01 8.056036151857698391e-01 8.138817822673154456e-01 8.260615547907244061e-01 8.237378059370962236e-01 7.988046217688286044e-01 8.160292156993597112e-01 8.160148507226807624e-01 8.231121390375086833e-01 8.246982241893839882e-01 8.273210009900964224e-01 8.213014192373623290e-01 8.185366376220198914e-01 8.365217857443265626e-01 8.355665244453546192e-01 8.335764366416255067e-01 8.379401436462127206e-01 8.338816724525163204e-01 8.217736410856756324e-01 8.250235421341526321e-01 8.374917660386945739e-01 8.357073647635651081e-01 8.390242027143435255e-01 8.325058890015244462e-01 8.406793604402036379e-01 8.421452790178237668e-01 8.388117722362559148e-01 8.203437822856952666e-01 8.332423126016059722e-01 8.293156812195782157e-01 8.260947532066912347e-01 8.368985282457989117e-01 8.339697861103064769e-01 8.392250251058210875e-01 8.342317995563329758e-01 8.361505625283570664e-01 8.297793471399285137e-01 8.373885280189536928e-01
