1.000000000000000000e+00 1.114191138687954802e-01 2.579685976638326217e-01 2.975566876226208857e-01 1.657210346936838774e-01 1.084169827132105274e-01 1.402928095680426035e-01 2.430752698162555181e-01 3.320150222251777583e-01 4.834203480521673951e-02 1.220964519765262435e-01 1.486135633692326485e-01 1.442517492527206902e-01 -4.886527263747057065e-03 1.064131439846518895e-01 1.839013640343196421e-01 2.438159844150376843e-01 3.095083412935489275e-01 2.584654136439626382e-01 2.668043142920207278e-01 3.448526533001302075e-01 2.892858895508181316e-01 3.090948593026423552e-01 2.757855268565209128e-01 2.894935764047946725e-01 2.709199720969555636e-01 2.652021079511229229e-01 2.495160519672046384e-01 2.830403540763061221e-01 2.659240282698021041e-01 1.985005632568859202e-01 1.758771292225347338e-01 2.277077332331713388e-01 2.184404901810347299e-01 2.104200873508543512e-01 1.774292171090280645e-01 2.336585629633757544e-01 1.506168484472626135e-01 1.647652667477339516e-01 1.700745929012329183e-01 1.292843045294436444e-01 1.103957900649515794e-01 1.576941205106721089e-01 1.501286711629115922e-01 1.392069235952511641e-01 1.035513574791161601e-01 3.913947317693802080e-02 4.566600474386785929e-02 6.922879840362149151e-02 1.570579156749847549e-01 1.621385141520600148e-01 1.994770185559382736e-01 1.208970284254115291e-01 1.227061631079861270e-01 1.351333527077963059e-01 1.536504170906262956e-01 1.918046271351749321e-01 9.906485302805911886e-02 1.227843469405822258e-01 1.220272935699640571e-01 1.232429203056453065e-01 1.424990924425469929e-01 1.249568351682257272e-01 1.403023870689657504e-01 1.168120915574294150e-01 1.436649064406025078e-01 5.647005282443651186e-02 1.172305280017603146e-01 1.143509838151869629e-01 1.363291641868949189e-01 1.294118778944872150e-01 1.181514891040770093e-01 1.382651169707897199e-01 1.444637513162957687e-01 8.000638059433837213e-02 8.825673917993155648e-02 8.321179142685014574e-02 1.186068596853892682e-01 7.118715041973620872e-02 1.249197022871939289e-01 1.321670933030819617e-01 8.897725484958288189e-02 1.263313036207946716e-01 1.101678245255536120e-01 8.352601063856480990e-02 1.025520750489030686e-01 1.001738824050669024e-01 7.237826895276752714e-02 6.436695097988448522e-02 8.595219419308899877e-02 7.439211372631387986e-02 4.073739373401774611e-02 7.596331770685849083e-02 3.922411363143681051e-02 2.061553263459174612e-02 2.144816322636631037e-02 9.289435981306040646e-02 1.343089962453045960e-01 7.007938127242491211e-02 6.950422409046141947e-02 5.885052223681626338e-02 8.581469484695837535e-02 7.162119430602660597e-02 5.339961764287055185e-02 8.255406849315329032e-02 1.168531391794605800e-01 5.408058319647537915e-02 6.332133745509141431e-02 6.823548100297929797e-02 3.673536044402669204e-02 6.002101332881598639e-02 6.167074186829557547e-02 7.024449753685495235e-02 7.961308863232260946e-02 8.439354208674509916e-02 7.517482026922617244e-02
1.114191138687954802e-01 1.000000000000000000e+00 7.122669056844034563e-02 7.250036320079551733e-02 1.185362492848123783e-01 7.255043109348000008e-02 1.215628354872934080e-01 1.044437294542012451e-01 1.590002561127695502e-01 1.907832107379055508e-01 1.195559550871848203e-01 1.168180727050645712e-01 1.119073453553338648e-01 7.311313752630785312e-02 1.397696775724525109e-01 1.259851292044744664e-01 1.529732516877393700e-01 1.319133156114836447e-01 1.164987545617685166e-01 1.243087174655333610e-01 1.024002568727780810e-01 1.112708620102676876e-01 1.471679289999911489e-01 1.154302223285430529e-01 1.060610222900339739e-01 1.590092005322010782e-01 1.281251347789164052e-01 1.342769663145512715e-01 1.527529213823503595e-01 1.517068383851589708e-01 1.270968305768971629e-01 1.517617493285222940e-01 1.126392510830036414e-01 1.343477031770726748e-01 1.373167903254642330e-01 1.012596366578351198e-01 1.233367023399192380e-01 1.110849850232120961e-01 1.237629863714406059e-01 1.119963472382835556e-01 1.325888303479050567e-01 1.219608082720528563e-01 1.141572771994009972e-01 1.260302051410941981e-01 1.234768803151548022e-01 1.241789973860138452e-01 1.248755663816171618e-01 1.388792410926462384e-01 1.298174750893736906e-01 9.168366215736850622e-02 1.169499942996316683e-01 9.451714519898475608e-02 1.193631167666742987e-01 1.531121828057400158e-01 1.438573960771057647e-01 1.435022125812394356e-01 1.321881961293209506e-01 1.364158204376261230e-01 1.303220385626619737e-01 1.562827517155982171e-01 1.221203448077852888e-01 1.427847435809669052e-01 1.166454578181274765e-01 1.282594599916061229e-01 1.366077800644636131e-01 1.368570443999917174e-01 1.369948036514751222e-01 1.381608803716704303e-01 1.448089378683874995e-01 1.339316384007812610e-01 1.190540186383062249e-01 1.310199287308372040e-01 1.415467082030411883e-01 1.246235483220184403e-01 1.327219211819200273e-01 1.363870238295626092e-01 1.399115131742218743e-01 1.471758020876105799e-01 1.391353024503944602e-01 1.446152791986327624e-01 1.390339389271928738e-01 1.350559610156161494e-01 1.404462808094261439e-01 1.390187479382053171e-01 1.246382896347249802e-01 1.352789722078935886e-01 1.242633188047034959e-01 1.307244466573569686e-01 1.317593306284012833e-01 1.389325501239083993e-01 1.238240187131449677e-01 1.267799320821975939e-01 1.255067544579117345e-01 1.274648251886360828e-01 1.286023273220500973e-01 1.332373765261680998e-01 1.112779516428866744e-01 1.221319511199113472e-01 1.254140563060660019e-01 1.208926446203545113e-01 1.183010092384560313e-01 1.198251465728263493e-01 1.270417775544338823e-01 1.239899134449058277e-01 1.248312286754202222e-01 1.289626100422080202e-01 1.300289611271125689e-01 1.431740714942738024e-01 1.409317710979137439e-01 1.276724969267323540e-01 1.336427992004178555e-01 1.379147441046350842e-01 1.346187418023794546e-01 1.291586172915664688e-01 1.392531694687252353e-01 1.340303104755894426e-01
2.579685976638326217e-01 7.122669056844034563e-02 1.000000000000000000e+00 4.163917744519517461e-01 2.540431064581100684e-01 2.796094367009798742e-01 3.943107422028629960e-01 4.357020541739024533e-01 4.128409179705605503e-01 2.550981687901487938e-01 3.838152626188660599e-01 4.143671890349401865e-01 3.563774297619868858e-01 2.428296937476755457e-01 4.055292855159787213e-01 4.257155908650337994e-01 4.100387930027699634e-01 4.084920639904033868e-01 4.131956613987978755e-01 4.118205936595850103e-01 4.611719064869337914e-01 4.480725374188085919e-01 4.310944974833000320e-01 4.302102202217958360e-01 4.473083680346463531e-01 4.351730235095496724e-01 4.669864975562580400e-01 4.715768212078814137e-01 4.540922978175054858e-01 4.772879400763102020e-01 4.617411642453638776e-01 4.280859377662566412e-01 4.417461959828475893e-01 4.470713056878795610e-01 4.437591128284574804e-01 4.225206007911150863e-01 4.499077711179827466e-01 4.150277990591885735e-01 4.322702697540337646e-01 4.506169859907558362e-01 4.134352731084036114e-01 4.134661954162241471e-01 4.162964118577756611e-01 4.293675978650850489e-01 4.282009874149398376e-01 4.122316834498934157e-01 3.726945903700939478e-01 3.686157604884699457e-01 3.823542761534675094e-01 4.082097365439504300e-01 4.172436602862001909e-01 4.357111360475494077e-01 3.945351422374789307e-01 3.948736407385377567e-01 3.988698819723840439e-01 4.238124856540940177e-01 4.169029317149293701e-01 4.007260564034013650e-01 4.021556451164182144e-01 3.818269915338610154e-01 3.959047121306082939e-01 4.046320842233023796e-01 3.938064500612385999e-01 3.930954915710630493e-01 3.728358647490573885e-01 3.948766974686694908e-01 3.706686617026111463e-01 3.995480078972018512e-01 4.089052130090346515e-01 4.211314970931693824e-01 4.161718989745166186e-01 4.067269307408943324e-01 4.175519094767299877e-01 4.231752849365395530e-01 3.977197583498249256e-01 3.984236381766880220e-01 4.068474657433648889e-01 4.117685682304632055e-01 3.975066241847081683e-01 4.148974452742600905e-01 4.212384812601848161e-01 4.035956048554175113e-01 4.105735131012103190e-01 4.134202903578182431e-01 4.057080995584499972e-01 4.141541809381130146e-01 4.123595372295722483e-01 4.041172550858683210e-01 3.943963900420661139e-01 4.086985305950612823e-01 4.094234827946530153e-01 3.841938596243118509e-01 3.935597205159824252e-01 3.817630167475944414e-01 3.559733680347477724e-01 3.574698649006885498e-01 4.070090434853428918e-01 4.006724224173870419e-01 3.805781420698131079e-01 3.941139100177041277e-01 3.885629262509557313e-01 3.892287646329197215e-01 3.776347579809356536e-01 3.802836052852356929e-01 3.921084317395344132e-01 4.013836310399622742e-01 3.738114737099012541e-01 3.776963476226664063e-01 3.859310135453802859e-01 3.698152822907750936e-01 3.870146066691199094e-01 3.694881535465046052e-01 3.840039866707933292e-01 3.808447735229396613e-01 3.764745143315572640e-01 3.741105265411989178e-01
2.975566876226208857e-01 7.250036320079551733e-02 4.163917744519517461e-01 1.000000000000000000e+00 3.494912572183683230e-01 3.944319730581904437e-01 5.347648550664410028e-01 6.341593261085181066e-01 5.833872347941666536e-01 3.218145380542087319e-01 5.488430610151520117e-01 6.592352479299609103e-01 5.205777147593253495e-01 3.051476267361468153e-01 5.680974982066200329e-01 6.444962695392557617e-01 5.287686530431190413e-01 4.172018454878021476e-01 4.607606304563026667e-01 5.980555596758829751e-01 6.616477838535088640e-01 6.089727637713405750e-01 4.562626395792692136e-01 4.483160439132789499e-01 5.030987984957145942e-01 5.224546806997274473e-01 6.309651531519908652e-01 6.072581021837035742e-01 5.989426197083875802e-01 6.200739799692776000e-01 6.219237826976441452e-01 5.524285188071355046e-01 5.925020291528072525e-01 5.332923970081239196e-01 5.912504468967448856e-01 6.183762911082849589e-01 6.363180466019620063e-01 5.710386549472153961e-01 5.953114273878119533e-01 6.229860727331699710e-01 5.744816834513867265e-01 5.662865723713238486e-01 6.111245400060026922e-01 6.047872475601288045e-01 5.857176356380741078e-01 5.533651544285743684e-01 5.089439437500286045e-01 4.878741606398905306e-01 5.448556037982057454e-01 6.017161385616762725e-01 6.204285088887239175e-01 6.300909931530865871e-01 5.760664745433793366e-01 5.147557231078822015e-01 5.390249984715989040e-01 5.435896893323917123e-01 6.171685138613666188e-01 5.399091095854796629e-01 5.744958182565698124e-01 5.285488980104907641e-01 5.856334048555056349e-01 5.807722274966191645e-01 5.743467083717521682e-01 5.807529060528777709e-01 5.264458925337230921e-01 5.734408584341337267e-01 4.966295201500700585e-01 5.147218658222590948e-01 5.293060581510226070e-01 5.932695882761704897e-01 5.782953680115480166e-01 5.369900737301724902e-01 5.276315643464166705e-01 5.421210204348025918e-01 5.260840684513529153e-01 5.456839679403038268e-01 5.409106941109445010e-01 5.466872110485657688e-01 5.104175107876064432e-01 5.410998948620324711e-01 5.555208944842551233e-01 5.486282428055307969e-01 5.617877927682893846e-01 5.474729545752827775e-01 5.511046681354568877e-01 5.427845767035485158e-01 5.674160493978676056e-01 5.504417800723607757e-01 5.250016407563635745e-01 5.541994966096871478e-01 5.601771779631150583e-01 5.146767787561271623e-01 5.440120958932112005e-01 5.139500585308420799e-01 4.903168612990762010e-01 4.831312525854409845e-01 5.861946034698065633e-01 5.951600916611199388e-01 5.479172527857545383e-01 5.540860077167738540e-01 5.459175713591565282e-01 5.575377929636214924e-01 5.358484421799835085e-01 5.263599553624271898e-01 5.539744391544594304e-01 5.858132285011405926e-01 5.240217313020362200e-01 5.084388914159214679e-01 5.197264014082340067e-01 5.092334414197836612e-01 5.360510498992419048e-01 5.096994785085052770e-01 5.451553487251536989e-01 5.473281270243417485e-01 5.214645238578843323e-01 5.301788916676380969e-01
1.657210346936838774e-01 1.185362492848123783e-01 2.540431064581100684e-01 3.494912572183683230e-01 1.000000000000000000e+00 2.945302739125486569e-01 4.604461203590785034e-01 4.771907091368181586e-01 4.668144136241037523e-01 3.714032644669051364e-01 4.623208154568101969e-01 4.844619834537517988e-01 4.675617376683145476e-01 3.199706796949654541e-01 4.833360046191664261e-01 5.084485291296871878e-01 4.363251396157840634e-01 4.270057426641432063e-01 4.608562829264162830e-01 4.314922977581032715e-01 4.734433225606312079e-01 4.852189251777406787e-01 4.410944715538414607e-01 4.303577907823724069e-01 4.654711422180103364e-01 4.848044847764507725e-01 4.984291954993028684e-01 4.881808853683722305e-01 4.741174709702039580e-01 4.791404924786583086e-01 4.997766633171327189e-01 4.755575708661832768e-01 4.473176989266735570e-01 4.748192243781758082e-01 4.680736492931582005e-01 4.595272036891577261e-01 4.674556540346651023e-01 4.690545422658790597e-01 4.915242218873057678e-01 4.733433155874275378e-01 4.929671857325204076e-01 4.906986797667891587e-01 4.931490944286961442e-01 5.002984250105478869e-01 4.892168920011091826e-01 4.897056035815545716e-01 4.700561335081011594e-01 4.721828658256615463e-01 4.723434589035227504e-01 4.491594576635830061e-01 4.793506002175874081e-01 4.852821372441243897e-01 4.825837645460276382e-01 4.859269958356094987e-01 4.807849937624480430e-01 4.841615644486104708e-01 4.751956598677823940e-01 4.826548914631177967e-01 4.736546662741688563e-01 4.894338666838591312e-01 4.830333721353530785e-01 4.866650082150071888e-01 4.649263797475338134e-01 4.867788120387884776e-01 4.806734655460981886e-01 4.868180103464240238e-01 4.749945145545839686e-01 4.885903354321179393e-01 4.876265310823129639e-01 5.025661660098308392e-01 5.013532060941224833e-01 4.949673381634998037e-01 4.896947379880446372e-01 5.005083941632487710e-01 4.876021118039780000e-01 4.882916013765863372e-01 4.895561876332124585e-01 4.878039729440524774e-01 4.839640786542218631e-01 4.947388070508131896e-01 4.904472939069348114e-01 4.887874577227585560e-01 4.875168013843136916e-01 4.897062970016258232e-01 4.775888975594667629e-01 4.866425547054303857e-01 4.832110191198114579e-01 4.816375873320202228e-01 4.816638975101588116e-01 4.828158538584891302e-01 4.793747459073496864e-01 4.788309775586521710e-01 4.839655496615649644e-01 4.811697718143405633e-01 4.668726311016265229e-01 4.674519587048422409e-01 4.732307877250481187e-01 4.729059816900345603e-01 4.721584589296757839e-01 4.757770499311384516e-01 4.813467322652814628e-01 4.735654630389157238e-01 4.836945974176263263e-01 4.809726292974886297e-01 4.843427963065454755e-01 4.805671787027712138e-01 4.730904745071841666e-01 4.834615990926656171e-01 4.833196036908436466e-01 4.716741595094532391e-01 4.771316580484081249e-01 4.788489548605765478e-01 4.797302197893557607e-01 4.809982844144476966e-01 4.820013780701841721e-01 4.818109357640856238e-01
1.084169827132105274e-01 7.255043109348000008e-02 2.796094367009798742e-01 3.944319730581904437e-01 2.945302739125486569e-01 1.000000000000000000e+00 5.327545791974999112e-01 4.934456949276054272e-01 5.145843623077435147e-01 4.016884468890343785e-01 5.469810440301307031e-01 5.871514477581923908e-01 4.972682900769663794e-01 4.036410693779904357e-01 5.799040258611873888e-01 5.739203071932711397e-01 5.296269346215940477e-01 4.192516793459098445e-01 4.797979229813153501e-01 4.458943461744505621e-01 5.022208245198938048e-01 5.345443820456757811e-01 4.687490726994549273e-01 4.354456691354564035e-01 4.902122599506102962e-01 5.337841770072864200e-01 5.723072435028644378e-01 5.580605217700908005e-01 5.325359265984196400e-01 5.639450889616840490e-01 5.904219608932279595e-01 5.799791698236193005e-01 5.507132785730882718e-01 5.499240364967978856e-01 5.744636890165634169e-01 5.707559147000004218e-01 5.650038931072346449e-01 5.896481912914628420e-01 5.998628473447589204e-01 5.826790311293951197e-01 5.962734071429204308e-01 5.944962050217618144e-01 5.895197499905376892e-01 5.996084315031822154e-01 5.958404369885133001e-01 5.992609778745251470e-01 5.886597737979745171e-01 5.801406443941927726e-01 5.974058489798157456e-01 5.877235201648629559e-01 6.040294000925470197e-01 5.888186485438772211e-01 5.974080563869715865e-01 5.807470010744045785e-01 5.913133492880395803e-01 5.944160191216938394e-01 5.915494720970789766e-01 5.920795568846941581e-01 5.980246620912044175e-01 5.814640008751077449e-01 6.031116265909032270e-01 5.985651861638332516e-01 5.981377482095792120e-01 5.971070983170978508e-01 5.788929431869508369e-01 5.878905944489055679e-01 5.877640440072301464e-01 5.882546086235131977e-01 5.870861427427066515e-01 5.931141076134023304e-01 5.960213635638612617e-01 5.944812336982711054e-01 5.732277898833552099e-01 5.837780686431736088e-01 5.957271186515090688e-01 5.963934257278965534e-01 5.965656241571586360e-01 5.900420380632831474e-01 5.866941826760513345e-01 5.931566555328221524e-01 5.947581612941389428e-01 5.999419347544291403e-01 5.971507890278274777e-01 5.964046327813684600e-01 6.019880405561627290e-01 5.963160333547009584e-01 5.976089167033306060e-01 6.027401723449670179e-01 5.962591269500324698e-01 5.996903722047421947e-01 5.940201849525311717e-01 5.947507494461011790e-01 5.973025607452594476e-01 5.942449238273774803e-01 5.842774061177664624e-01 5.869116085871093347e-01 6.064893581763518560e-01 6.012333686752170392e-01 6.000035539814669860e-01 6.033112373452423904e-01 6.009129854394740233e-01 6.053530674898155439e-01 5.934948076008023099e-01 5.974160591375952123e-01 6.015404582811525458e-01 5.965063856842793832e-01 5.966321712838718039e-01 5.913210532189135948e-01 5.964539195779701153e-01 5.946547778542590201e-01 6.009056496669773484e-01 5.875675602883162485e-01 5.970908610336534972e-01 5.980809414132771673e-01 5.884854117689128916e-01 5.877919481229220144e-01
1.402928095680426035e-01 1.215628354872934080e-01 3.943107422028629960e-01 5.347648550664410028e-01 4.604461203590785034e-01 5.327545791974999112e-01 1.000000000000000000e+00 7.276500078733463273e-01 6.776253288119481466e-01 5.684186728748819029e-01 7.234344609499019363e-01 7.546178380488125503e-01 6.827388685220227016e-01 5.462753150869741336e-01 8.380267048423115650e-01 7.901921446737386612e-01 6.948813313126955826e-01 5.719202640136018534e-01 6.605802099354760593e-01 6.123121899051935380e-01 6.771132844314172727e-01 7.054406294599085969e-01 6.394676608918555827e-01 5.978155849050261761e-01 6.473373763470068321e-01 7.427793921719888504e-01 7.713928696800070872e-01 7.793387305016674649e-01 7.019425417919048504e-01 7.506040606685917549e-01 7.861779645727745569e-01 7.769913714215330724e-01 7.549057988301020039e-01 7.404684251788412608e-01 7.563015175550191760e-01 7.411879778950380970e-01 7.398936356556056193e-01 7.829908034171579878e-01 7.972539649776657633e-01 8.020176539264912696e-01 8.019790657248633270e-01 8.118470618069363320e-01 7.824646464716926708e-01 8.090235422726305137e-01 7.926481222492700596e-01 7.995738443806497120e-01 7.783473099989030031e-01 7.667013809256072454e-01 7.821643526963812931e-01 7.511093333586306153e-01 7.949367206966914123e-01 7.395584665327875618e-01 7.698016942473421276e-01 7.599718405815163447e-01 7.627046158064960668e-01 7.871709721184037001e-01 7.521820622204027362e-01 7.891327363015496754e-01 7.846987783834575847e-01 7.674402883402497988e-01 7.809590787986009364e-01 7.766790638784371037e-01 7.580029735698382565e-01 7.670624896957035643e-01 7.461333590331664656e-01 7.519736484665191512e-01 7.679486967384948626e-01 7.725800809552025861e-01 7.770403543204194019e-01 7.784082222970659659e-01 7.855310479969054294e-01 7.769668994618352809e-01 7.583731834097933167e-01 7.677735474251564662e-01 7.938214737643278784e-01 7.909950023529471741e-01 8.018146782520944038e-01 7.776649756487546972e-01 7.905592511823014146e-01 7.869906057073707828e-01 7.842506288957604710e-01 7.879063537665736972e-01 7.833762113680851069e-01 7.924728427754047511e-01 7.908945661874231536e-01 7.855719265951118802e-01 7.825734151285190787e-01 8.052669063506281422e-01 7.895256934319412334e-01 7.931982711206364556e-01 8.024386561120787631e-01 7.927376605287901334e-01 7.913948822315697296e-01 7.886127923866887990e-01 7.627104787782124085e-01 7.631157847478984291e-01 7.951001643635494665e-01 7.646168854860307951e-01 7.740257111008000956e-01 7.940853416430254663e-01 7.909382448047699299e-01 7.756138906793003107e-01 7.712565059709971527e-01 7.832800702377189506e-01 7.766861021070660120e-01 7.735456381433170048e-01 7.754929542272361864e-01 7.735977704132513955e-01 7.828947692750141130e-01 7.732604449947771963e-01 7.845993168706126841e-01 7.676216190210362056e-01 7.782165885513745440e-01 7.746236154269250385e-01 7.618730346102323692e-01 7.597994451276233185e-01
2.430752698162555181e-01 1.044437294542012451e-01 4.357020541739024533e-01 6.341593261085181066e-01 4.771907091368181586e-01 4.934456949276054272e-01 7.276500078733463273e-01 1.000000000000000000e+00 6.992873977303624144e-01 5.096275556097447090e-01 6.977205698942798850e-01 7.647111607314694970e-01 6.708406571790193063e-01 4.741310558234113626e-01 7.606518101318069380e-01 8.019084298833339952e-01 6.839878869685103169e-01 5.700315847692718485e-01 6.363220259301093362e-01 6.338150165646851963e-01 7.285804592399867108e-01 7.399177199433670804e-01 6.336764445746058128e-01 5.869686122994691724e-01 6.450604868312203033e-01 7.242184540188529862e-01 7.751215297608130550e-01 7.484145243325461827e-01 7.285151531736644426e-01 7.477896130355812243e-01 7.695325824223966382e-01 7.396972036794721150e-01 7.270848288416407179e-01 7.184890638960084175e-01 7.424449800810805078e-01 7.227217103416798683e-01 7.297550248266010398e-01 7.674591703334441295e-01 7.631055242601891830e-01 7.634390431765332163e-01 7.562363853940462510e-01 7.570875136318951926e-01 7.619706791989093730e-01 7.772556934970177300e-01 7.525268278350270013e-01 7.532799095240786391e-01 7.187512844591564809e-01 7.049799701345048630e-01 7.326509187558269964e-01 7.610670204165844721e-01 7.830858539155686193e-01 7.446334397365935720e-01 7.455142201762053888e-01 7.242653127561968773e-01 7.433260673647678063e-01 7.555042843615923376e-01 7.717679237467411912e-01 7.565603739192119370e-01 7.654879625580625069e-01 7.266168075806959115e-01 7.580832853618511002e-01 7.678771843094456262e-01 7.549091844743238688e-01 7.507369510307908556e-01 7.092254880556894125e-01 7.380794985747061165e-01 7.078734965803310519e-01 7.225808872007390971e-01 7.283921010086834569e-01 7.472883370495176925e-01 7.566382930230265424e-01 7.397309002572546310e-01 7.133439607698683904e-01 7.264355616320395947e-01 7.344918553761153879e-01 7.399626091020770069e-01 7.338198482416261603e-01 7.414740070194224542e-01 7.231497016204524453e-01 7.434355549925748541e-01 7.412216548120399429e-01 7.411766270209948493e-01 7.429438379473590759e-01 7.443462445080193390e-01 7.509145390095965933e-01 7.373724242111517890e-01 7.320428079981371461e-01 7.538551565896144391e-01 7.302096235967799887e-01 7.462647098224485243e-01 7.345917392883318797e-01 7.241194323251328724e-01 7.342208758913871813e-01 7.226122939770234233e-01 7.006605087196903225e-01 6.988653769041858199e-01 7.656997884194546300e-01 7.584123129737424529e-01 7.355618312303234818e-01 7.499589535988011590e-01 7.389199551615774908e-01 7.524937959491374562e-01 7.249241936898096483e-01 7.350613652349904381e-01 7.357683105374712706e-01 7.581945599850754558e-01 7.258714291987176104e-01 7.179336346244215017e-01 7.312505903336965485e-01 7.204574883594780932e-01 7.400143311127406198e-01 7.140664309200503990e-01 7.362928619309464517e-01 7.345362409595626030e-01 7.161460672921998727e-01 7.164088033027630198e-01
3.320150222251777583e-01 1.590002561127695502e-01 4.128409179705605503e-01 5.833872347941666536e-01 4.668144136241037523e-01 5.145843623077435147e-01 6.776253288119481466e-01 6.992873977303624144e-01 1.000000000000000000e+00 6.222917140648203116e-01 7.631879929411702346e-01 7.984653277153117568e-01 7.200730715043774932e-01 5.176193531244807078e-01 7.909709382577096992e-01 8.088368378577535101e-01 7.927898135215698527e-01 6.882306971690107522e-01 7.632561656956080576e-01 6.895786785318972489e-01 7.478507384672284930e-01 7.938772901392824322e-01 7.666265839281606320e-01 6.900567338717582544e-01 7.591319638463179809e-01 8.125973091463779552e-01 8.155138263669104992e-01 8.074928386048858542e-01 8.114211177921735185e-01 8.383283794472812245e-01 8.382337257905086991e-01 8.247061492255635118e-01 7.687038658922445977e-01 7.925215784762899007e-01 8.167357304495762582e-01 7.753174022576420077e-01 8.232123454221164094e-01 7.891859930302523862e-01 8.295260070525817264e-01 7.917359115143470794e-01 8.279443753564205144e-01 8.040496157085009754e-01 8.059491837920518265e-01 8.335015279754961481e-01 8.271247360924685044e-01 8.092121060704977609e-01 7.980174828766503081e-01 8.085148180955988861e-01 8.108895491319567661e-01 7.844989360353920027e-01 8.202356422372397704e-01 8.216755625277686326e-01 8.200813999039191504e-01 8.409399659385033976e-01 8.307450896058995449e-01 8.313412695120651064e-01 8.377353065267922894e-01 8.204888311855860206e-01 8.243098656864168428e-01 8.355394692559134917e-01 8.271025575034685051e-01 8.369161544674447173e-01 8.112198280766991232e-01 8.300444884577136140e-01 8.296039062167708256e-01 8.393471059074286700e-01 8.095688521538673132e-01 8.303577138691181636e-01 8.306070636611477820e-01 8.354237036707321540e-01 8.324002905766874072e-01 8.335199574147035273e-01 8.195437096630443508e-01 8.318252808911090757e-01 8.164800585454217163e-01 8.259058310975152528e-01 8.161078722392348661e-01 8.362806148888709545e-01 8.130603691186802928e-01 8.386279208166698140e-01 8.397769296168694497e-01 8.250256937324553785e-01 8.376088460227980592e-01 8.300042581164870370e-01 8.093669600672089848e-01 8.187362819073137343e-01 8.220012785469837935e-01 8.070493286496035479e-01 8.094386780787633517e-01 8.138078204139915783e-01 8.042300367261727700e-01 8.003140460687889757e-01 8.157839369851028755e-01 7.992249769190133968e-01 7.882135373174645743e-01 7.916618606293623905e-01 7.969503666881091464e-01 8.202998540163779495e-01 8.051024244250513107e-01 8.050389469297873912e-01 7.994388829364514892e-01 8.099517637358656375e-01 8.101307642762838324e-01 8.045797921094638427e-01 8.176732877318189097e-01 8.183183347180832401e-01 8.056081179748755261e-01 8.154536411598560797e-01 8.144860465152476969e-01 7.981726137165525703e-01 8.072858570805038214e-01 8.119417211399738710e-01 8.124673386442643475e-01 8.130272682202205337e-01 8.210174299107545481e-01 8.158474115805921523e-01
4.834203480521673951e-02 1.907832107379055508e-01 2.550981687901487938e-01 3.218145380542087319e-01 3.714032644669051364e-01 4.016884468890343785e-01 5.684186728748819029e-01 5.096275556097447090e-01 6.222917140648203116e-01 1.000000000000000000e+00 6.430729619797521668e-01 6.504044242637746498e-01 5.908714000848767078e-01 4.907542791562319318e-01 6.680594241885763340e-01 6.402425693724563827e-01 6.197755258975597981e-01 5.096515893956095056e-01 5.920833425136748929e-01 4.856023539348118812e-01 4.949621942797174934e-01 5.807260408112633332e-01 5.904456697335339621e-01 5.245725916722202564e-01 5.465471471697097572e-01 6.517388159492395472e-01 6.176709419705386228e-01 6.117231791854165213e-01 5.991857739065780120e-01 6.283617116236209776e-01 6.670972961937640111e-01 6.890456165955124446e-01 5.892931299751668073e-01 6.449395178290945330e-01 6.381817067181997372e-01 6.122902712691151716e-01 6.299188876064109044e-01 6.572341690514398316e-01 6.875959765979531291e-01 6.320236261498616281e-01 7.076039926869674979e-01 6.927066770266011586e-01 6.559273455888083859e-01 6.919983806686690331e-01 6.910173654826218259e-01 6.929666372018340459e-01 7.316656099445058015e-01 7.431556396319569657e-01 7.209737714570593203e-01 6.282733371218796048e-01 6.703511235623392794e-01 6.362850893918811090e-01 6.972753700058302861e-01 7.369812382004852225e-01 7.076526862072057833e-01 7.052708343092719545e-01 6.684061614808349816e-01 7.208008585789896783e-01 7.057284366461495928e-01 7.340513740673906273e-01 7.058694074754392478e-01 7.114490573410442442e-01 6.837690666756510716e-01 7.021850049430715668e-01 7.219650606583403185e-01 7.092422545626440034e-01 7.416403099956678791e-01 7.280533905847945686e-01 7.279658739659690125e-01 7.020409258366565597e-01 7.034203280929334223e-01 7.257624699053466522e-01 7.063317085223486114e-01 7.052688949959980969e-01 7.316197687361549740e-01 7.232613917648065271e-01 7.234278011623507254e-01 7.213834217759518275e-01 7.322925133544322396e-01 7.298990405526206704e-01 7.233368070093026958e-01 7.285507454193818067e-01 7.244001241207163044e-01 7.205481521357319785e-01 7.153142296912086140e-01 7.219658391599821368e-01 7.152739131130944061e-01 7.218066369236781910e-01 7.315393983584173032e-01 7.150909474216239348e-01 7.074779818903808026e-01 7.305101748348138413e-01 7.232777326059457446e-01 7.282922217045731950e-01 7.359190585859902711e-01 7.392357097721681258e-01 6.885783785654697731e-01 6.878824886114026649e-01 7.178343518692449354e-01 7.165323973642637734e-01 7.117189036295420435e-01 7.097987773586325044e-01 7.209983176330917454e-01 7.261127371830781163e-01 7.182069715732856130e-01 6.944271380113843373e-01 7.304867141884437975e-01 7.402221209722651407e-01 7.326949512484793869e-01 7.311788505094157786e-01 7.257689526913162492e-01 7.366553599469395364e-01 7.260585846725996495e-01 7.211926266907650040e-01 7.321943149887550906e-01 7.272486083449122285e-01
1.220964519765262435e-01 1.195559550871848203e-01 3.838152626188660599e-01 5.488430610151520117e-01 4.623208154568101969e-01 5.469810440301307031e-01 7.234344609499019363e-01 6.977205698942798850e-01 7.631879929411702346e-01 6.430729619797521668e-01 1.000000000000000000e+00 8.566852105671673989e-01 7.520928059965461543e-01 5.977169160868950337e-01 8.463316463088165209e-01 8.358353184316587026e-01 7.558453394244201151e-01 6.365563932073401432e-01 7.363804313234045829e-01 6.678008429569076698e-01 7.156890697645513777e-01 7.700605240021329845e-01 7.128494240288677508e-01 6.597808712598367542e-01 7.191858410235258958e-01 7.899605349379080765e-01 8.218076264035344414e-01 8.008924003730790719e-01 7.757668211400112757e-01 8.242900477254130331e-01 8.689941365584012978e-01 8.429623018370382415e-01 7.698983208258459721e-01 8.038746415448696503e-01 8.269008056023493536e-01 7.996542822929333383e-01 8.266550477769065708e-01 8.308354183339861088e-01 8.680881927802264197e-01 8.298760670088816127e-01 8.743160427135754365e-01 8.669075099978518217e-01 8.486380990350053111e-01 8.773000038320446503e-01 8.718786046611793905e-01 8.682997603633088035e-01 8.793433584933018077e-01 8.762343951269971898e-01 8.828182179874498603e-01 8.309943641988839502e-01 8.619299785311901330e-01 8.483534947801211201e-01 8.758559367166410814e-01 8.750598856804233661e-01 8.692472959533125154e-01 8.667911214630079630e-01 8.604521698176617051e-01 8.795443916452775346e-01 8.742836287348236812e-01 8.764768210819509076e-01 8.842580412931019263e-01 8.799506416277321774e-01 8.648465169937951114e-01 8.767826876908585421e-01 8.722595282125414906e-01 8.807751741731024708e-01 8.782619894225718316e-01 8.791526613444625715e-01 8.779497490219730915e-01 8.784024131527690127e-01 8.883717742582054600e-01 8.854971569875946802e-01 8.607050467857300102e-01 8.713577081776422428e-01 8.842790382183806086e-01 8.860874537038582188e-01 8.793674730455002253e-01 8.774944209998282174e-01 8.786782607094622000e-01 8.856391193085312308e-01 8.834399063588960210e-01 8.931211583988579727e-01 8.837164674157513833e-01 8.842512468057132091e-01 8.791330514714713606e-01 8.795918388630630247e-01 8.821701770929554209e-01 8.817033030365714064e-01 8.842620347613056042e-01 8.785236677147731932e-01 8.764759580542827999e-01 8.829205720389566858e-01 8.886196290146658461e-01 8.836257767810509201e-01 8.774090950068254013e-01 8.780089411578660963e-01 8.730956568435471743e-01 8.737481075536721598e-01 8.823487432686670795e-01 8.840480038295513987e-01 8.821742150444233932e-01 8.821524176940522821e-01 8.836304545444382263e-01 8.867306019802120298e-01 8.877155111074599425e-01 8.780531830566522533e-01 8.846058055276080356e-01 8.828826668929717902e-01 8.842954614278598635e-01 8.812915373904932625e-01 8.820435794456433776e-01 8.812027117742469162e-01 8.859424817421711618e-01 8.843277830121579752e-01 8.837406145855730699e-01 8.822328561509085176e-01
1.486135633692326485e-01 1.168180727050645712e-01 4.143671890349401865e-01 6.592352479299609103e-01 4.844619834537517988e-01 5.871514477581923908e-01 7.546178380488125503e-01 7.647111607314694970e-01 7.984653277153117568e-01 6.504044242637746498e-01 8.566852105671673989e-01 1.000000000000000000e+00 7.996360046576338476e-01 6.099187921356243880e-01 8.884890254111005303e-01 8.983659861124583257e-01 7.853176282809427589e-01 6.103434259936094675e-01 7.243037296010940151e-01 7.046264920988816183e-01 7.693275189865665942e-01 8.126930722570929744e-01 6.926323467802872891e-01 6.356772778626570419e-01 7.170771502213934001e-01 8.021121306402582141e-01 8.488549062638242049e-01 8.273416626577356769e-01 8.137388207410729546e-01 8.498842394765564467e-01 8.991196546099364806e-01 8.640721642122825008e-01 8.117495164307642064e-01 8.162058334964290562e-01 8.626687694607804158e-01 8.571745499799483525e-01 8.648461343350736241e-01 8.778179197325396421e-01 9.021756082941720933e-01 8.670800502557212130e-01 9.066789399440555730e-01 8.993733297235362301e-01 9.006077058464490026e-01 9.204584172392252794e-01 9.035165793817562241e-01 8.990358566140657093e-01 9.071524207434343845e-01 9.003095983986547646e-01 9.200443982442882973e-01 8.920472246316361042e-01 9.183038649146832988e-01 9.006531481805505335e-01 9.190845514770853431e-01 9.027047374508095912e-01 9.036720160743331176e-01 8.923849126172642698e-01 9.190874618019744258e-01 9.144896917670305436e-01 9.238687501448888950e-01 9.099164247796128757e-01 9.349385441737610991e-01 9.281367100607310627e-01 9.184685366196073675e-01 9.231191066024506675e-01 8.992600962531803743e-01 9.221787671830299349e-01 9.016106528797225295e-01 8.931988504025677456e-01 8.942324296494330582e-01 9.157395613393579659e-01 9.233854872280899961e-01 9.101680234006407355e-01 8.711437373257934214e-01 8.865886870383712370e-01 9.044910583509553348e-01 9.144569922237885118e-01 9.030644094061222038e-01 9.096021219047691897e-01 8.950689821779487243e-01 9.103254417153902045e-01 9.087245653794496780e-01 9.189587441333985085e-01 9.124464880308972292e-01 9.097631727764255993e-01 9.124007543366143835e-01 9.032380823726668950e-01 9.146928380017053106e-01 9.116691024341183613e-01 9.061397688808705553e-01 9.085421768056668457e-01 9.016004064328769774e-01 9.084915169145881819e-01 9.173435339439333092e-01 9.073716536073703764e-01 9.037473617550518812e-01 9.019468770747653963e-01 9.183416754670760129e-01 9.250303407635218633e-01 9.209925492487854859e-01 9.198723091882815561e-01 9.153446190293765827e-01 9.239548410918059229e-01 9.182790188438212375e-01 9.174987198202306793e-01 9.249579276297410502e-01 9.237025131932039557e-01 9.176714783125174968e-01 9.087529711119022302e-01 9.118329214023050966e-01 9.110972256774056977e-01 9.170114013544867770e-01 9.108658696420605105e-01 9.227127488595555649e-01 9.220195888617110924e-01 9.113946892961629631e-01 9.168127272922260707e-01
1.442517492527206902e-01 1.119073453553338648e-01 3.563774297619868858e-01 5.205777147593253495e-01 4.675617376683145476e-01 4.972682900769663794e-01 6.827388685220227016e-01 6.708406571790193063e-01 7.200730715043774932e-01 5.908714000848767078e-01 7.520928059965461543e-01 7.996360046576338476e-01 1.000000000000000000e+00 5.549300600826206908e-01 7.999109655968219545e-01 8.124568264375332527e-01 7.077908848068337200e-01 5.978751492972715909e-01 6.896902800337290085e-01 6.306666735363465337e-01 6.724286391315505984e-01 7.324973840160358129e-01 6.644627432612999485e-01 6.106153656256501083e-01 6.725672045098357588e-01 7.350803709361855010e-01 7.683971113294479904e-01 7.486938588392703098e-01 7.256497761116664780e-01 7.671896885211442196e-01 8.044703729095986633e-01 7.839040992344562531e-01 7.242809519365086546e-01 7.400561462935316692e-01 7.751760796354245642e-01 7.518758529329959694e-01 7.715609884738592328e-01 7.714251530999167716e-01 8.112012372978539831e-01 7.681403754240234694e-01 8.167147494653677064e-01 8.109208945226683563e-01 7.917960490699186282e-01 8.203280748871131234e-01 8.127656797966366087e-01 8.030992444281563891e-01 8.129597050060772823e-01 8.048119823661608052e-01 8.175377593496722106e-01 7.687261294369237552e-01 8.047628666666564179e-01 7.899104014128580653e-01 8.115132783015743811e-01 8.065244654856060791e-01 7.953118536211061240e-01 7.972516535349207789e-01 7.926835247900242409e-01 8.147997976586106583e-01 8.050611846935793459e-01 8.166810937161570472e-01 8.225713585343090717e-01 8.127126372146424860e-01 7.915669164020237014e-01 8.128596640980971788e-01 8.070006777757987582e-01 8.148989790652363396e-01 8.129531326245676981e-01 8.143073182492293061e-01 8.142628823432812579e-01 8.145462859926250188e-01 8.223117872771156245e-01 8.239150273428735849e-01 7.931853375038828702e-01 8.082774567045398761e-01 8.154010577295205398e-01 8.186269492038994455e-01 8.120868669130519857e-01 8.137972186842031830e-01 8.130196891128247394e-01 8.145648654266046673e-01 8.180332761842045164e-01 8.240741946174373611e-01 8.213598182183612373e-01 8.181829485909957178e-01 8.123166178381633351e-01 8.117840617697567041e-01 8.182335016155888319e-01 8.154849218460785698e-01 8.160260273986810198e-01 8.144997158103017831e-01 8.098331509502417758e-01 8.139370958989500249e-01 8.243197984933663403e-01 8.149603639474154448e-01 8.096084611803969766e-01 8.077812226695546549e-01 8.053508133409529313e-01 8.084542553688482958e-01 8.135288532604505463e-01 8.160376788384718916e-01 8.146201000071311427e-01 8.150441240188016634e-01 8.188203867638675915e-01 8.191183275510557360e-01 8.226611257783916775e-01 8.098516524876294698e-01 8.159777500161529140e-01 8.160135515601101286e-01 8.160244555999421889e-01 8.107835558146229138e-01 8.135904609948290123e-01 8.170895128346553626e-01 8.192054175228109525e-01 8.183872541376375764e-01 8.188922869118300252e-01 8.172579517032408924e-01
