1.000000000000000000e+00 2.807913397886560580e-01 2.646755787308424646e-01 1.377916289736678956e-01 7.961329854419567364e-02 1.178132008029564859e-01 9.596832780711858635e-02 7.689932258562136302e-02 2.174921871872075863e-01 1.408495763843200799e-01 8.056980818627744456e-02 2.126959915277382152e-02 3.375211917064330214e-02 2.406205470026985191e-02 3.440994612932614383e-02 5.096964804876352728e-02 1.956759601661641201e-01 3.056057129283103468e-01 1.879215810931955943e-01 3.189127161947124534e-01 2.361677041699779267e-01 1.948008737948401237e-01 2.464256244647390626e-01 2.456536122163535674e-01 2.118251321036086765e-01 2.221414784750538052e-01 2.200923536422715598e-01 2.257175277948132441e-01 2.588931470954576874e-01 2.482911869442450126e-01 2.235067710985981781e-01 1.406958633976906625e-01 1.664026733724595086e-01 1.531231806264936046e-01 1.906656531275532640e-01 1.365354982572239417e-01 1.573921571912625661e-01 1.196043377492962828e-01 1.391946856455254511e-01 1.154301396376454514e-01 7.714546861114598975e-02 9.260526175408621830e-02 1.039260557039039801e-01 8.355036827493353413e-02 1.215067481239964498e-01 9.448513827414985189e-02 3.295750583092360575e-02 4.708339406570911240e-02 7.800488222912285718e-02 8.668921451658807842e-02 1.201103116965901024e-01 7.567858014534065147e-02 4.403773947090656310e-02 1.120093389742013584e-01 1.059568476059075115e-01 1.150618097671254753e-01 1.220927098091330459e-01 5.014420100886977233e-02 9.349215269051133759e-02 8.027168408394341759e-02 8.400452710021499847e-02 8.018854039369191500e-02 7.705110788607520689e-02 9.040921330996273819e-02 1.028888261960426570e-01 9.005553871909575958e-02 5.939150082381648710e-02 8.962428707048072929e-02 9.306256058785755680e-02 1.237843279734703317e-01 7.604493613886442738e-02 8.889548766949421921e-02 9.845452051531883297e-02 1.113091855529493301e-01 8.587744946836571580e-02 8.709287537111264077e-02 8.577002976832677483e-02 1.153840902605754587e-01 9.573073087753521115e-02 1.090062783494571419e-01 1.006888682959097975e-01 1.003689436951017144e-01 1.042540892879904590e-01 8.330895240099056576e-02 7.304702276617575096e-02 7.087306462118204975e-02 8.385150050433451407e-02 4.907886703925079530e-02 6.433063496433040485e-02 7.377282670295767786e-02 4.273017755955837299e-02 4.385821775309305115e-02 6.725504480793777218e-02 4.809546389543321171e-02 1.362527044928195721e-02 3.079502912302496329e-02 3.723892594438263370e-02 7.877388780363513143e-02 5.132892122811705260e-02 5.363817825684666363e-02 3.459833703630948998e-02 4.786796695377803362e-02 3.557844272644448969e-02 3.577341302418878682e-02 5.591066144216200878e-02 6.090309583846175573e-02 4.422995809824151886e-02 3.798861600491510587e-02 4.334056734641217323e-02 3.544600780992814004e-02 2.570585802726511881e-02 5.160194949933435971e-02 4.234679282996042099e-02 5.263415718985883784e-02 5.889124465493890404e-02 5.739542290354326254e-02
2.807913397886560580e-01 1.000000000000000000e+00 2.301024629592763604e-01 1.753459916962908649e-01 1.309209175283619908e-01 1.486892578212457017e-01 2.053149840654931446e-01 1.961304263102637280e-01 2.421667416347276502e-01 2.233257469044592491e-01 1.883991252771520242e-01 1.536061700367717386e-01 1.364977352690239509e-01 1.087709865056461223e-01 1.795135298218434594e-01 1.852989544837580493e-01 2.342544330541088959e-01 2.814263161563078652e-01 2.168063875719555833e-01 2.633774691359158648e-01 2.363334643303140470e-01 2.217784511292852090e-01 2.703654647812330225e-01 2.464118276805877805e-01 2.249031083731978520e-01 2.656600290608156500e-01 2.565696488326594804e-01 2.689585803186070878e-01 2.716885297511147934e-01 2.738037610035018443e-01 2.727044384693604329e-01 2.316310243948173087e-01 2.139383497115980581e-01 2.243679849746790245e-01 2.352643160393217137e-01 2.049441802639327126e-01 2.257292304165420815e-01 2.164888772165277364e-01 2.272620076176579129e-01 2.312708662506386681e-01 1.919593753915604939e-01 2.118107828216582167e-01 2.227506070567505381e-01 2.009167437009643509e-01 2.201058927534725040e-01 2.131457212484608177e-01 1.637420435513444461e-01 1.785391230160625342e-01 1.961776552710804977e-01 1.826746730735915314e-01 2.125307672846765694e-01 1.642202741068329586e-01 1.696667858049784594e-01 2.155175750416598035e-01 2.144624779322102104e-01 2.161124189483622504e-01 2.160656184118276146e-01 1.802332867534805205e-01 2.126740716647242402e-01 1.934293762059641486e-01 1.933762806374986210e-01 1.948252905541935365e-01 1.967374173580729857e-01 1.917898887773878958e-01 1.963976042774291941e-01 1.922955959487311628e-01 1.803063263636905389e-01 1.941090505215167517e-01 2.036845509804456889e-01 2.055925984059880918e-01 1.807188106105382386e-01 1.926014851089444535e-01 2.005457173766110324e-01 1.963726758193499455e-01 1.981501901658734577e-01 2.004951706847669934e-01 1.985592473288117499e-01 2.095145775188053949e-01 2.082901934701734403e-01 2.101778868567510949e-01 2.077623721389245670e-01 2.072294177518037295e-01 2.052662821613470689e-01 1.916075581887625445e-01 1.880291722229658902e-01 1.864881135042204263e-01 1.985653152215265393e-01 1.804306419059583944e-01 1.875989846959089657e-01 1.948332849155287871e-01 1.813265138536354071e-01 1.775478574558735922e-01 1.935019843669530393e-01 1.854730335040657985e-01 1.574636230176638396e-01 1.701967647562114272e-01 1.686578836451588514e-01 1.888100046873271431e-01 1.814751319087486991e-01 1.769373639532945963e-01 1.744864961915724433e-01 1.798761644524732861e-01 1.666458359291388414e-01 1.691277932657768990e-01 1.744377048178321066e-01 1.848082522334743016e-01 1.761668978663373519e-01 1.708477774821711426e-01 1.796899330039396780e-01 1.710176866854808964e-01 1.680708478207889878e-01 1.782686783224015359e-01 1.757058525349862455e-01 1.789290423351404258e-01 1.727444854039139610e-01 1.791264209878110358e-01
2.646755787308424646e-01 2.301024629592763604e-01 1.000000000000000000e+00 4.000585853777013368e-01 2.292182299303396620e-01 2.769836271977170195e-01 3.752766307263568635e-01 3.512641534805775456e-01 4.008739003574335880e-01 3.402294072099152356e-01 3.730388452619158302e-01 3.786263232376668175e-01 3.363300598483505710e-01 2.997453164754563248e-01 3.667355169403690995e-01 3.830453921646524429e-01 4.158076625576517249e-01 4.525262586916105612e-01 4.370254880946354836e-01 4.157967948377158107e-01 4.563065685898844426e-01 4.582967600298398225e-01 4.355167490221104054e-01 4.497595044958220822e-01 4.521697033615239003e-01 4.647919583010952649e-01 4.762058675481820047e-01 4.680550693133546658e-01 4.814126387203763735e-01 4.827573898562832477e-01 4.793569308359106329e-01 4.227508517359037654e-01 4.188442236334346536e-01 4.286619102133203962e-01 4.307957067909775617e-01 4.236520477207986191e-01 4.292804405792540190e-01 4.147923478156240740e-01 4.297696524480421054e-01 4.179300969341598337e-01 3.940049672949005877e-01 4.025710359288351969e-01 4.258139537763123150e-01 4.093074738889513897e-01 4.327391590198843563e-01 3.989065420114753513e-01 3.641036734146705922e-01 3.643678218388127221e-01 3.826749464607761553e-01 3.949916250068244428e-01 4.185160783022937592e-01 4.101430935543281531e-01 3.828399871859426984e-01 3.960712225203957826e-01 3.946453569802119699e-01 4.086329941091100260e-01 4.225461843779373394e-01 3.712997363536750250e-01 3.881833670736281605e-01 3.968741498287619018e-01 4.126399213469548188e-01 3.874862011884552815e-01 3.920108962167067057e-01 4.041566619202704991e-01 4.097621788402693865e-01 4.120891246338369007e-01 3.771403660085581033e-01 4.065108776179940930e-01 4.039989396332589466e-01 4.193142130923682709e-01 4.182923590809189962e-01 4.122735098332477310e-01 4.137115575418941482e-01 4.297406993012976018e-01 4.069100117448345433e-01 4.107657296938055369e-01 4.056487261605101757e-01 4.243100997347695746e-01 4.156081500198625100e-01 4.167142886405750812e-01 4.201716843839055082e-01 4.174484717506000142e-01 4.026582807867045144e-01 3.979379115898464825e-01 3.966474836562136619e-01 3.958944666525771594e-01 4.043022931203757997e-01 3.783772030066652747e-01 3.917852542969152418e-01 3.868244611857860060e-01 3.759351168136348398e-01 3.797193568583432932e-01 3.961580873579945150e-01 3.852662542928541045e-01 3.567614621179640566e-01 3.620583424494738800e-01 3.768573766383647161e-01 3.849457876296992209e-01 3.846173102981216285e-01 3.800339818306166517e-01 3.856713610639243006e-01 3.799083669106896877e-01 3.773171531127945677e-01 3.716458536602306184e-01 3.928349574873065131e-01 3.826800707036535631e-01 3.676091569611867893e-01 3.617676388096310314e-01 3.712973782054775906e-01 3.678145206626241559e-01 3.616119366427276161e-01 3.739395694664939263e-01 3.675378580145342022e-01 3.798805854186207420e-01 3.826790565475962080e-01 3.831701979674623781e-01
1.377916289736678956e-01 1.753459916962908649e-01 4.000585853777013368e-01 1.000000000000000000e+00 3.994935052139508280e-01 4.238804451286566910e-01 5.855666335431158886e-01 5.848871528429763211e-01 5.299677852056202676e-01 4.814993848190942116e-01 5.435633071615831868e-01 6.378337742258752829e-01 5.406451934605021048e-01 4.458784531492845926e-01 5.938760153857829405e-01 6.097866985551554375e-01 5.418887491887964813e-01 5.178209469163824741e-01 5.481195688194810955e-01 5.137285806042818370e-01 5.774680527357825000e-01 5.898863750190289634e-01 4.991662566082202823e-01 5.295138693398020457e-01 5.540012210467305520e-01 6.348324191131810013e-01 6.451162759556638981e-01 6.353429264681712541e-01 6.200587814602185333e-01 6.170053280082640201e-01 6.256551915424938271e-01 5.792411841896958347e-01 5.537756611683084529e-01 5.707942588121278638e-01 5.423458178359354953e-01 5.768197296849635336e-01 5.881840154785682451e-01 5.823930626931037580e-01 5.925471965917297190e-01 6.122580023729595755e-01 5.878741707656270910e-01 6.012343609687645918e-01 6.238812836167443310e-01 6.038223223756449265e-01 6.151819988497816416e-01 5.858608214562052163e-01 5.561418882059393498e-01 5.485327293234709689e-01 5.717399802222112859e-01 6.028595443772529761e-01 6.069264185932612410e-01 6.344557322061485927e-01 5.972261162337563212e-01 5.509361090434566899e-01 5.645110494801555134e-01 5.728346854113517406e-01 5.941281186729912012e-01 5.539437918842191610e-01 5.580670911157906700e-01 5.788906509733209305e-01 6.083024007072102002e-01 5.571908496010449241e-01 5.744196525535953946e-01 5.899381743514934273e-01 5.854020501457470882e-01 5.975760670086155413e-01 5.619971555614291514e-01 5.760067249275520052e-01 5.689302355072365369e-01 5.975576690959512050e-01 6.120434587497488588e-01 5.960026083598601865e-01 5.731809381813560700e-01 5.964819291147135383e-01 6.014338910999379451e-01 6.071512577565785218e-01 6.107044423927497911e-01 6.141723143499959736e-01 6.135256295547805161e-01 5.994229169845014527e-01 6.046408806715682926e-01 5.996619033567449630e-01 5.645984623346267384e-01 5.788494942439099678e-01 5.886152747699074927e-01 5.781151160296610358e-01 5.880425348561616472e-01 5.785545126310527309e-01 5.799249140822505533e-01 5.616256090677614887e-01 5.895382150841144142e-01 5.853905484360156786e-01 5.976105269348128690e-01 5.870618589272841303e-01 5.581449371098389234e-01 5.551053668847827360e-01 6.128865972531118977e-01 5.914902963079722298e-01 5.890687925411907111e-01 5.891354988265121717e-01 6.032750213739794809e-01 5.823295223862392511e-01 5.903978403528973296e-01 5.819959737435426161e-01 5.962862943159183970e-01 5.678360753098653513e-01 5.687597070368334284e-01 5.472399854282473664e-01 5.688081563424900455e-01 5.666486551087707157e-01 5.624853465854748880e-01 5.643064087932209150e-01 5.555494330810831771e-01 5.809872358516485757e-01 5.761139038809222068e-01 5.753249517820968606e-01
7.961329854419567364e-02 1.309209175283619908e-01 2.292182299303396620e-01 3.994935052139508280e-01 1.000000000000000000e+00 3.471114620755944569e-01 4.988684545752360977e-01 5.152158322605328022e-01 4.580849469931301265e-01 4.198536730703347208e-01 4.652144939018514891e-01 5.028861761029764788e-01 5.057991251392783827e-01 3.973179330899170858e-01 5.233748858405021798e-01 5.290031218983181072e-01 4.792692805500500808e-01 4.036594120639765415e-01 4.374433314990136545e-01 3.825878537120238065e-01 4.189403851997055561e-01 4.338416905220834341e-01 4.134577345656287872e-01 4.201799543129719483e-01 4.342195872122639466e-01 5.076436856879706916e-01 4.987185549451788602e-01 4.895628247807131683e-01 4.450473076975197673e-01 4.685973244078741051e-01 4.799123738549889162e-01 4.864504952162710949e-01 4.357118421903465322e-01 4.610762138652271247e-01 4.428566760223405230e-01 4.767906585862644597e-01 4.800136492270077881e-01 4.843008917724686557e-01 4.899151621234182907e-01 4.985828905727634486e-01 5.002634322998605887e-01 5.068965077121041496e-01 5.151966233124528616e-01 5.162801413634130476e-01 5.033330080585979305e-01 4.970362358468896624e-01 4.953212200441036162e-01 4.934564321486978877e-01 4.999401012347273743e-01 5.034460868032445413e-01 4.990965147026985016e-01 5.330090947917390798e-01 5.128688095381044310e-01 4.881034117070807143e-01 4.910218970549133366e-01 4.950829564739390731e-01 5.083092622567333407e-01 4.907037894154062108e-01 4.851281467971073624e-01 5.088605814299977936e-01 5.185818291442682026e-01 4.950684646553183965e-01 4.978077202288441194e-01 5.096472913891244572e-01 5.115233830479171129e-01 5.183944745950356259e-01 4.995292460357985131e-01 5.016682774352063667e-01 4.979266589913261543e-01 5.104578063737406080e-01 5.034221480787002267e-01 5.021421337384128769e-01 4.978561872024970802e-01 5.048191698181171416e-01 5.187492266750884928e-01 5.144257176040889501e-01 5.121879595871029478e-01 5.042014158625007791e-01 5.064048588926425287e-01 4.993481290316458265e-01 5.086899057458295070e-01 5.011085294230280818e-01 4.926138273192645634e-01 4.951981090897664695e-01 4.986509201544122027e-01 4.989258019462087246e-01 4.997979233098026053e-01 4.993930910253187028e-01 4.975651410711732225e-01 4.950181930040385425e-01 5.070688476871236805e-01 5.087512769141756541e-01 5.097660626344346912e-01 5.039287858130870879e-01 4.966296633614151745e-01 4.960987241000867076e-01 5.194393292162517994e-01 5.079743263381711893e-01 5.093534728972284320e-01 5.063689944787326258e-01 5.183241408996490662e-01 5.048277795116817845e-01 5.106830404654871813e-01 5.078377291553820561e-01 5.185144970613422277e-01 5.012564387547684408e-01 5.027401069217045659e-01 4.963933447771595731e-01 5.043771956914326893e-01 5.004027266013109099e-01 4.965162394878958607e-01 5.042339559953848971e-01 4.962623120556787226e-01 5.075916458203829640e-01 5.058074439662406663e-01 5.055772979204221640e-01
1.178132008029564859e-01 1.486892578212457017e-01 2.769836271977170195e-01 4.238804451286566910e-01 3.471114620755944569e-01 1.000000000000000000e+00 5.363846296329395358e-01 5.000236044622127229e-01 5.384176679133421128e-01 4.986120590658312257e-01 5.457708535766768732e-01 5.716311818640619213e-01 5.112094891518381701e-01 4.602968153158993880e-01 5.852306639875159977e-01 5.674270179040593609e-01 5.622181984738424676e-01 4.901480195590449673e-01 5.391028477882443548e-01 4.308242508026782769e-01 4.862118828244277324e-01 5.348890401357466740e-01 5.162918789259408614e-01 5.063292099102297827e-01 5.303110408415262489e-01 5.909242459317592955e-01 5.911713857396686533e-01 5.818861373166909212e-01 5.564484871201137439e-01 5.758835813356141253e-01 5.909357020760717116e-01 5.841779219119451749e-01 5.428603562648597336e-01 5.554967902795494572e-01 5.409397319926692038e-01 5.630420345480899869e-01 5.805749176068200068e-01 5.804153350550856905e-01 5.852696420526849463e-01 5.776202477688083814e-01 5.868709603480254389e-01 5.961424633664683670e-01 5.967773330204467763e-01 5.975554567980857490e-01 6.082867113626120315e-01 5.961876878903271670e-01 5.882124920972361393e-01 5.812100976702397892e-01 5.865823611259480819e-01 5.803224694532813643e-01 5.896619347778260245e-01 5.934435248255592876e-01 5.884190469988682670e-01 5.835488178751019328e-01 5.758300266869458284e-01 5.965687143802665959e-01 6.014569040580975967e-01 5.848718871084827020e-01 5.832530280343579676e-01 5.980603702409867939e-01 5.988930848959627129e-01 5.938548079136174440e-01 5.951794335576101602e-01 6.012490890065966820e-01 5.944948207980611521e-01 6.001042496442153817e-01 5.883797839211870606e-01 6.005795484488530844e-01 5.942631831130267273e-01 5.929642739440708077e-01 5.980406026970520594e-01 5.996746426473849034e-01 5.879479468300411460e-01 5.986244783647443057e-01 6.039316693262033464e-01 5.990149232839636628e-01 6.021439458498077935e-01 6.037262024712753972e-01 6.008244725118856433e-01 5.968013924056506658e-01 6.020797931799520830e-01 6.029363882448375289e-01 5.974843084032476215e-01 5.928121331610524125e-01 5.896301633665185227e-01 5.885496121212978604e-01 5.977401705363811768e-01 5.904193921568396952e-01 5.922617227696987952e-01 5.916214527422681835e-01 5.961300851760004127e-01 5.972852622231102915e-01 6.025256546716680761e-01 5.974553524434180751e-01 5.837556108128468813e-01 5.867414208495825845e-01 5.951660489133022702e-01 5.945121276369927932e-01 5.948756340592719072e-01 5.944917394344114703e-01 6.005503692714603270e-01 5.971343096854998533e-01 5.910494054882758919e-01 5.935051542910756428e-01 5.996669322167228477e-01 5.926638684158184178e-01 5.867727922808034791e-01 5.859332370434409132e-01 5.912815009313534542e-01 5.887907655614974534e-01 5.850235293978081064e-01 5.924415383152851211e-01 5.895397441095400204e-01 5.946606083978158708e-01 5.932777044295024504e-01 5.927361593044365717e-01
9.596832780711858635e-02 2.053149840654931446e-01 3.752766307263568635e-01 5.855666335431158886e-01 4.988684545752360977e-01 5.363846296329395358e-01 1.000000000000000000e+00 7.330335913500130030e-01 6.983038746413675613e-01 6.676314207282506574e-01 7.295349093744339930e-01 7.760274246301701595e-01 7.130370600839054385e-01 6.029411076897198685e-01 8.336259666039612659e-01 7.966469298840117563e-01 7.064813122345161567e-01 6.127944770485792558e-01 6.703121537677664277e-01 5.270996617243791649e-01 6.325119501915248410e-01 6.942770993750627673e-01 6.154239028618245788e-01 6.217478082293055319e-01 6.698436818188933106e-01 7.740964737830631215e-01 7.703198893397870117e-01 7.680182922826782610e-01 7.146600420083730754e-01 7.465822563285744451e-01 7.724304794244546413e-01 7.620697455028364597e-01 7.004422420066248600e-01 7.082877356658204837e-01 7.015295405255611572e-01 7.170575047708750427e-01 7.548809484975994577e-01 7.665116484390398499e-01 7.655467763688293958e-01 7.816487714578911339e-01 7.858729638012283969e-01 7.983095293811391935e-01 7.929319660074356513e-01 8.021206677323089451e-01 7.982107305869476921e-01 7.934078674626724448e-01 7.802301231325063924e-01 7.775501763682322043e-01 7.884910042078471237e-01 7.704006852604584621e-01 7.797789434912243411e-01 7.850849979582671390e-01 7.900395453861734918e-01 7.735049897860744039e-01 7.789546510575479088e-01 7.756254429395059713e-01 7.881637700680182990e-01 7.820412026492467028e-01 7.809646805489411925e-01 7.987219376997700682e-01 8.011034320092484950e-01 7.846989314156576079e-01 7.827829944401647477e-01 7.880160520211090258e-01 7.834764514090057919e-01 7.949926492301674363e-01 7.841142524033500871e-01 7.866080071836466514e-01 7.803022407920416903e-01 7.722665643891256648e-01 7.848110263739064285e-01 7.898909174857546844e-01 7.654374594902443318e-01 7.841874849069246922e-01 8.043441042270240704e-01 8.020021219318218542e-01 8.091655256722808387e-01 7.924828461143471614e-01 8.079789256064079384e-01 7.971417899633211901e-01 8.009678993931372837e-01 7.991733788526139692e-01 7.787261658514978979e-01 7.852639083104374640e-01 7.825302103689880662e-01 7.742400152337006736e-01 7.882970056263431946e-01 7.899387566451331333e-01 7.861873740585196835e-01 7.826124842091060074e-01 7.961071502493692886e-01 8.003570214191690901e-01 8.027250902072484706e-01 8.038144739600268096e-01 7.834660222804030738e-01 7.853450900137913804e-01 7.929359021448264544e-01 7.863115526132582467e-01 7.946445488497754228e-01 7.917696274029624171e-01 8.009869191182032999e-01 7.932980177556602230e-01 7.955399314941352662e-01 7.954870710284462909e-01 7.949289738726703636e-01 7.857771265313824305e-01 7.902379984747761599e-01 7.809881432834119286e-01 7.923991313240649204e-01 7.909386503559737713e-01 7.892454365117359538e-01 7.912951790881376235e-01 7.869916187431583721e-01 7.907753673410221618e-01 7.848386872190121766e-01 7.908509664195323419e-01
7.689932258562136302e-02 1.961304263102637280e-01 3.512641534805775456e-01 5.848871528429763211e-01 5.152158322605328022e-01 5.000236044622127229e-01 7.330335913500130030e-01 1.000000000000000000e+00 6.694071838285856613e-01 6.304338101005144690e-01 6.918404190775560014e-01 7.557339641651480422e-01 7.149652699763042740e-01 5.941560987662461990e-01 7.820269151010758035e-01 8.113694233751705953e-01 6.929091389638055709e-01 6.063666611217021218e-01 6.504516022756664517e-01 5.513893962898424039e-01 6.298122719109238155e-01 6.698009362586568871e-01 6.256556576504019862e-01 6.033977513504942269e-01 6.372211219280001782e-01 7.402530765443613436e-01 7.248835381659701760e-01 7.131417420116090700e-01 6.670427524505342376e-01 6.835079909141932308e-01 7.082086828833288328e-01 7.506219737958101934e-01 6.528402065260053844e-01 6.921039997398212851e-01 6.629332597393891024e-01 7.018138577411887624e-01 7.035466615003823643e-01 7.475724517754177567e-01 7.390610841760475447e-01 7.472782828112829456e-01 7.529668548979755460e-01 7.679624542285425903e-01 7.739825072966231012e-01 7.804856738045374831e-01 7.574891787333833948e-01 7.563759312961176873e-01 7.533566872819272842e-01 7.460116087186081657e-01 7.626299086496584057e-01 7.645370544537603008e-01 7.685479953129180641e-01 7.865851679633208970e-01 7.707503163986177963e-01 7.364127563463868098e-01 7.457172056985477138e-01 7.584425383672168675e-01 7.626024854044280987e-01 7.589723340484295644e-01 7.516970417406857452e-01 7.687776546323169535e-01 7.802741901141535541e-01 7.524809592652433876e-01 7.594669921601289175e-01 7.656219936069137422e-01 7.630420931542314378e-01 7.715566881200630611e-01 7.599298596694886720e-01 7.637821600706528047e-01 7.630567469897771016e-01 7.660079830209518548e-01 7.613197783124088236e-01 7.575692298411380587e-01 7.463477509667910681e-01 7.496449486653146144e-01 7.766780673904364329e-01 7.662245679738948212e-01 7.643985933888324258e-01 7.574357362507744273e-01 7.643172495816126233e-01 7.491593522409750738e-01 7.589585346389818854e-01 7.534711535943271477e-01 7.618527744609494556e-01 7.458552363294421728e-01 7.628447833859066662e-01 7.520602374259688361e-01 7.525391839057498089e-01 7.668071066101024291e-01 7.558024296090445349e-01 7.625223772980207482e-01 7.648111431173459929e-01 7.707429346898567735e-01 7.680674697106282256e-01 7.695338989392640494e-01 7.568533842001682332e-01 7.588775079590550643e-01 7.780914867479002961e-01 7.686797370222392400e-01 7.705634928757771895e-01 7.681408123430359947e-01 7.764938488888056822e-01 7.696711005125850269e-01 7.730262044630910045e-01 7.713190953792605775e-01 7.783168165751509493e-01 7.595359272610688883e-01 7.630896384058716286e-01 7.543437854337294857e-01 7.673685155683087622e-01 7.633942004530864800e-01 7.637592616441699622e-01 7.617351173132775877e-01 7.590392663098283199e-01 7.674489797759170839e-01 7.621816276756990804e-01 7.657634221445235312e-01
2.174921871872075863e-01 2.421667416347276502e-01 4.008739003574335880e-01 5.299677852056202676e-01 4.580849469931301265e-01 5.384176679133421128e-01 6.983038746413675613e-01 6.694071838285856613e-01 1.000000000000000000e+00 7.396271484636928184e-01 7.836185219950183578e-01 7.986673728444603215e-01 7.374687113803674032e-01 6.393526410967146356e-01 8.109636504697038673e-01 8.008640548189086550e-01 8.112001430066644314e-01 6.678288540096590786e-01 7.232153794065624419e-01 6.071373690357052544e-01 6.514592800356668878e-01 7.139920136836619413e-01 6.883282231411027574e-01 6.700683522837680428e-01 7.107256966385910868e-01 8.159052638619243014e-01 8.087155558187746340e-01 7.948341791395830969e-01 7.438328045879899486e-01 8.075631926449418074e-01 8.243196308716962406e-01 8.291387179626098503e-01 7.555113213144480921e-01 7.726442918315853392e-01 7.858229121238177184e-01 7.971188045348639450e-01 8.144665190371838115e-01 8.314967425279519153e-01 8.381867538773057902e-01 8.003155949822954307e-01 8.481291524684759775e-01 8.369241185646799641e-01 8.193055426054827173e-01 8.580418549141319851e-01 8.457958146487492002e-01 8.455583708300256074e-01 8.469737037023502557e-01 8.571902792934638082e-01 8.605061895938987959e-01 8.181972690773980927e-01 8.378271215564261354e-01 8.085424807598857733e-01 8.402018842856810998e-01 8.633710383534283217e-01 8.486946162835271590e-01 8.556312426730976473e-01 8.614924805790448170e-01 8.469462666415615848e-01 8.525116631857023730e-01 8.622306957535422756e-01 8.577359466395740872e-01 8.565087634226666857e-01 8.510097527354266722e-01 8.566178814349829640e-01 8.630923232940274081e-01 8.625278812935309736e-01 8.564491988540230416e-01 8.497738437487528662e-01 8.511915974279077313e-01 8.460546538682967022e-01 8.320861535170898104e-01 8.494809620504011338e-01 8.272666644326159835e-01 8.362219454924909590e-01 8.595480222281587368e-01 8.587028422208123901e-01 8.476196361259030754e-01 8.438535265833095877e-01 8.448809011397041546e-01 8.520510304876582897e-01 8.529426266953528124e-01 8.608590521435133258e-01 8.567955947414249707e-01 8.464774216063751799e-01 8.426624381531016006e-01 8.413147810255567904e-01 8.525824912646841058e-01 8.445942219599058554e-01 8.500083252448674687e-01 8.444414078856310457e-01 8.347572268039975540e-01 8.490750377275171346e-01 8.547612605592133095e-01 8.511037198426449901e-01 8.440436093077626767e-01 8.505335259733142195e-01 8.315679074268184090e-01 8.533519185643734239e-01 8.530256243362760449e-01 8.473163860993118135e-01 8.387530330520938104e-01 8.497424095827806889e-01 8.485092453023245218e-01 8.507966746455802864e-01 8.550842989255847959e-01 8.527824256610212483e-01 8.531487315373709190e-01 8.516158316853200683e-01 8.513515384337358993e-01 8.508308765296307419e-01 8.435282843260214491e-01 8.590569141532341524e-01 8.522691572737647325e-01 8.569598484436719010e-01 8.566370998331204190e-01 8.571612838449651495e-01
1.408495763843200799e-01 2.233257469044592491e-01 3.402294072099152356e-01 4.814993848190942116e-01 4.198536730703347208e-01 4.986120590658312257e-01 6.676314207282506574e-01 6.304338101005144690e-01 7.396271484636928184e-01 1.000000000000000000e+00 7.349029575279633075e-01 7.522739421670693316e-01 6.906745059686795196e-01 6.062017302543327713e-01 7.776027526137210266e-01 7.547598027675300747e-01 7.321039526372601358e-01 6.031358475981313250e-01 6.594633803041179965e-01 5.312129796750754140e-01 5.847088469113849163e-01 6.504314253914905697e-01 6.315731635553810674e-01 6.109903679617817440e-01 6.513717452376103223e-01 7.389389940978675630e-01 7.363538740180083364e-01 7.404415853159291849e-01 6.788170564993605272e-01 7.334698574090193768e-01 7.513720519991624602e-01 7.785337710065156624e-01 6.951456289456875437e-01 7.110422796373693233e-01 7.111889301781791906e-01 7.166742363605894672e-01 7.493921809705403891e-01 7.804703486236929111e-01 7.748579596375432255e-01 7.674770397459822480e-01 7.925078953568679418e-01 7.957951374479290685e-01 7.625533372344542871e-01 7.997877673749064220e-01 7.887033603565052342e-01 7.962678961135549738e-01 8.010357505871108508e-01 8.095705892589121211e-01 8.078384772846517459e-01 7.633369433129448822e-01 7.741879301185792261e-01 7.517070456166923265e-01 7.839220414980734297e-01 8.065201277213064346e-01 7.988963882074625600e-01 8.043927261292714848e-01 7.947303263710188137e-01 7.987234942028614837e-01 8.008321916299881993e-01 8.060327745574024094e-01 7.932134894173750173e-01 7.973419504607981434e-01 7.974389084860671328e-01 7.871512305784656993e-01 7.939721584773239416e-01 8.005505702602444540e-01 8.080300210008526385e-01 7.958214813742299221e-01 7.990508694928808442e-01 7.829325509861287946e-01 7.753370581700456121e-01 7.938978916725375479e-01 7.732519820295519208e-01 7.808175977284081970e-01 8.028600753027612669e-01 8.009045360779167844e-01 8.021260427855960717e-01 7.883471045171330793e-01 7.974627648497450982e-01 7.908100566130223941e-01 7.993325283715959628e-01 8.024450986637078342e-01 8.062155783302871193e-01 7.904118725637846454e-01 7.916280987952423187e-01 7.844970940801028192e-01 7.954434752853503099e-01 8.010748749143180580e-01 7.978142803052140630e-01 8.018640529403556760e-01 7.979319227112151580e-01 8.051058085346252113e-01 8.040482610632244675e-01 8.070316687018322943e-01 8.007365983205307902e-01 8.066355480772977593e-01 7.852950813924604034e-01 7.917360572480850456e-01 8.000436290840631237e-01 7.962915584870017272e-01 7.881180468769589664e-01 8.004665298036724996e-01 7.991339084229042156e-01 8.021059127040794934e-01 7.997576899578390242e-01 7.984570342243172414e-01 8.036446537210428787e-01 8.076694636208288092e-01 8.056769426681233970e-01 8.025479368275743042e-01 8.020879938069900295e-01 8.054811786546847152e-01 8.014868662425999046e-01 7.993153898340991104e-01 8.008729612757943261e-01 8.044697643036863299e-01
8.056980818627744456e-02 1.883991252771520242e-01 3.730388452619158302e-01 5.435633071615831868e-01 4.652144939018514891e-01 5.457708535766768732e-01 7.295349093744339930e-01 6.918404190775560014e-01 7.836185219950183578e-01 7.349029575279633075e-01 1.000000000000000000e+00 8.529535639744979525e-01 7.752760706813377478e-01 6.835558180864839128e-01 8.552776846360714558e-01 8.337294786439709560e-01 7.888279736468056802e-01 6.503422316551783489e-01 7.450213517688660803e-01 5.784460376319298103e-01 6.609355358577168049e-01 7.486346604729848808e-01 6.891268836320771918e-01 6.762118037379781788e-01 7.346738798910817936e-01 8.201334417266775700e-01 8.256632005352039227e-01 8.102403610220730856e-01 7.520244712546654275e-01 8.202180776204955892e-01 8.442306308342762966e-01 8.463177554199774466e-01 7.746433604603868428e-01 7.979327153895714453e-01 7.946385727187061931e-01 8.166375334942607145e-01 8.421409896892236846e-01 8.589600628032036944e-01 8.637680253121383656e-01 8.300762090794918668e-01 8.820419025906105492e-01 8.718164299507824566e-01 8.500517991978292498e-01 8.871235279389928507e-01 8.758239922825015178e-01 8.814118361030428561e-01 8.859354261496861227e-01 8.851143892732972196e-01 8.821303535207857260e-01 8.472344436546241919e-01 8.582073774732462690e-01 8.456076662268249278e-01 8.782063542619614749e-01 8.764115924731419316e-01 8.681342387796252558e-01 8.800214727831858763e-01 8.736027225765298221e-01 8.842270251501197498e-01 8.773642384920495862e-01 8.894719903846082243e-01 8.863063323072312150e-01 8.809955706977726786e-01 8.805105615111572526e-01 8.791953293582822626e-01 8.848578322407438801e-01 8.898304799602733128e-01 8.907641405467064954e-01 8.859480755320272571e-01 8.850078376912168254e-01 8.738273515495282862e-01 8.795591819690228297e-01 8.906488389522809745e-01 8.650504030781522857e-01 8.752633457721837873e-01 8.947321343290798312e-01 8.950049010452489906e-01 8.874008284306805772e-01 8.795984347764391753e-01 8.855253221893693016e-01 8.864845645967577292e-01 8.867300161738530528e-01 8.960269420628727000e-01 8.852019060472442469e-01 8.833522319402966616e-01 8.790734483135754784e-01 8.809092470989431378e-01 8.901297380560426742e-01 8.861594848733921337e-01 8.898170069571373908e-01 8.813883810511747852e-01 8.811774250143942222e-01 8.911101045052641778e-01 8.925640806048016351e-01 8.940830878652985536e-01 8.892857646632309487e-01 8.917357334329975016e-01 8.754185476317415393e-01 8.794269395489818786e-01 8.914638421278858749e-01 8.852395589941810528e-01 8.839718701102687870e-01 8.905404354220596286e-01 8.909745746136952249e-01 8.912156523178493828e-01 8.925169665393700713e-01 8.857418392047149425e-01 8.882314767123821175e-01 8.901700566190010599e-01 8.904608501028969947e-01 8.904635216932045294e-01 8.875855086869861577e-01 8.931598024444190598e-01 8.885870852510966422e-01 8.932938649215790283e-01 8.926430867838641703e-01 8.916174996041048573e-01
2.126959915277382152e-02 1.536061700367717386e-01 3.786263232376668175e-01 6.378337742258752829e-01 5.028861761029764788e-01 5.716311818640619213e-01 7.760274246301701595e-01 7.557339641651480422e-01 7.986673728444603215e-01 7.522739421670693316e-01 8.529535639744979525e-01 1.000000000000000000e+00 8.287809806312945726e-01 7.171843833769248056e-01 9.072148829092228084e-01 9.001747120299029570e-01 8.073893781075568432e-01 6.266247161875179161e-01 7.430463921487455714e-01 5.894185811528979135e-01 6.710983530427309107e-01 7.577507445678793863e-01 6.777881642808029072e-01 6.653667956265849615e-01 7.294485590890420479e-01 8.425371383607195286e-01 8.490286458173511575e-01 8.330798637806515750e-01 7.630264210049018114e-01 8.230602271356686206e-01 8.558979197282100548e-01 8.715883595197818634e-01 7.929330151401328131e-01 8.178951172205958242e-01 8.017038052754310584e-01 8.449578189426713015e-01 8.625029898357998714e-01 8.865032720487343587e-01 8.868786121213171336e-01 8.729466907074786564e-01 9.176892109816781051e-01 9.093292502233636387e-01 8.948985826603015337e-01 9.263801548018663068e-01 9.078730499849415603e-01 9.085623703022958075e-01 9.243006588270157309e-01 9.191556934247073762e-01 9.195974277024041577e-01 8.918564256740914020e-01 8.980020421452807877e-01 8.938069313221836953e-01 9.248216939286654226e-01 8.957422863691841819e-01 8.893845638386038699e-01 9.027029750157872234e-01 9.041671975021680074e-01 9.148897825619763946e-01 9.033348329657887588e-01 9.237063831092476862e-01 9.284518617256450890e-01 9.105567699156252859e-01 9.141365811159432031e-01 9.197171595313720083e-01 9.162342320953765773e-01 9.260577770861304625e-01 9.243617032627204910e-01 9.108428365078322653e-01 9.113390662732792080e-01 9.051851182693430031e-01 9.156925524987962195e-01 9.216279668530554803e-01 8.870194996027395140e-01 8.989756717613522907e-01 9.287525274021233290e-01 9.318388919434286155e-01 9.261568258792981512e-01 9.110410626916112253e-01 9.208230576185466587e-01 9.156742598449956194e-01 9.200464327365245332e-01 9.264917692782603797e-01 9.098906670353428261e-01 9.156238287870729353e-01 9.172398769155275522e-01 9.138069704268337867e-01 9.233380104466762939e-01 9.258902785864262519e-01 9.261905573954238857e-01 9.084844806922155458e-01 9.265895896143822030e-01 9.338867142004140254e-01 9.345592064285563882e-01 9.341948617612420014e-01 9.327804190805656370e-01 9.293001712082443744e-01 9.293181263233919465e-01 9.203344624730684931e-01 9.335737459212177791e-01 9.287162566670843500e-01 9.340479196962123698e-01 9.295837715198740359e-01 9.372777740504577570e-01 9.358109047091909272e-01 9.346616533465399446e-01 9.165634615411161201e-01 9.293019544387416397e-01 9.230832836065958613e-01 9.258190507644975531e-01 9.311656927136867656e-01 9.269248782769249351e-01 9.301402936647464870e-01 9.237485276217781704e-01 9.337325210132929598e-01 9.305379788790805184e-01 9.301271181189206816e-01
3.375211917064330214e-02 1.364977352690239509e-01 3.363300598483505710e-01 5.406451934605021048e-01 5.057991251392783827e-01 5.112094891518381701e-01 7.130370600839054385e-01 7.149652699763042740e-01 7.374687113803674032e-01 6.906745059686795196e-01 7.752760706813377478e-01 8.287809806312945726e-01 1.000000000000000000e+00 6.476224668791528138e-01 8.337806317973293080e-01 8.393643797461015632e-01 7.491424165875093522e-01 5.891000272192179477e-01 6.766377020587984736e-01 5.369439562506300723e-01 6.110686813676934337e-01 6.762893008759272018e-01 6.327954553411063721e-01 6.211982073927645454e-01 6.632055677117312253e-01 7.702296703083286733e-01 7.719187164484998531e-01 7.488739321675663696e-01 6.806347407038216835e-01 7.413358110251088151e-01 7.665410045307390341e-01 8.023063526733954509e-01 7.181187270473646800e-01 7.510012130161900501e-01 7.316079584146766290e-01 7.734849077188824529e-01 7.897597993281056938e-01 8.046623754719687271e-01 8.105355493494085239e-01 7.902018561858229484e-01 8.414316706886338926e-01 8.280681495368689138e-01 8.118606493511184574e-01 8.498319333299574341e-01 8.276243596286499971e-01 8.282132926478112944e-01 8.531750188608316909e-01 8.464160949291854585e-01 8.462347382362757076e-01 8.190919908131234495e-01 8.199061612652674969e-01 8.335979591731019767e-01 8.559467822458687314e-01 8.257381480924135264e-01 8.118201059220112592e-01 8.272173509552229742e-01 8.287181718150932186e-01 8.396792151173548824e-01 8.226007205217564788e-01 8.539209239801763829e-01 8.531064647691933844e-01 8.367104437618509971e-01 8.336063827191975140e-01 8.458230062810473404e-01 8.472229561565103317e-01 8.548385519456213055e-01 8.533292578449612753e-01 8.397925270028280265e-01 8.406798859169983817e-01 8.343501049849036955e-01 8.337052981009800412e-01 8.416360459243801273e-01 8.227655314608790516e-01 8.247876975428654056e-01 8.558507825878182151e-01 8.514299352962620970e-01 8.468960789617413498e-01 8.303110619953754101e-01 8.399755527334518135e-01 8.363138492452102390e-01 8.445458009805275612e-01 8.434343194335572891e-01 8.385108841066918339e-01 8.375359051263718824e-01 8.410015055531505634e-01 8.427908345894425945e-01 8.465212549999814318e-01 8.498868627955948885e-01 8.486221213542368691e-01 8.370663791056837111e-01 8.488543914559756320e-01 8.574391314976943512e-01 8.563336296342168863e-01 8.549152838948819166e-01 8.572516311360437458e-01 8.557677961615038909e-01 8.527060365117001828e-01 8.488450788992975005e-01 8.579695786074741370e-01 8.523548345684177630e-01 8.551482073221157165e-01 8.513716408208276132e-01 8.618064630382676894e-01 8.604796519504227525e-01 8.621785995145556658e-01 8.450502423931529616e-01 8.576504653927730093e-01 8.525850122222596861e-01 8.535675906902412402e-01 8.548188862624519491e-01 8.511074088991449349e-01 8.579060871931787347e-01 8.503516071432176693e-01 8.579527592453679574e-01 8.577125273739889533e-01 8.585693988497221651e-01
