1.000000000000000000e+00 6.599944016148535930e-02 6.745052154514201426e-02 1.099411852335759054e-01 4.053615926203855274e-02 -1.426282770541571418e-02 3.831158389651762725e-02 1.429752202252458984e-02 1.117206241499678621e-01 1.108990415347482078e-02 2.789287200958702473e-02 3.393187303946527261e-02 6.703840444061073822e-02 2.261338450382712265e-02 3.075182269965234805e-02 1.584060392893065980e-02 6.160964133292561040e-02 2.934304638067270973e-02 3.528560898414243030e-02 3.232864760071445243e-02 4.523134554111443717e-02 3.597681794517205989e-02 6.079768008608856661e-02 1.328663840003958298e-02 5.628744078695407591e-03 5.385963497493625324e-02 6.498451570269146715e-02 5.385622879372546634e-02 1.022209890638165614e-01 4.688412580315524936e-02 3.962257339984434634e-02 2.103485535687183230e-02 3.653406689932685997e-02 4.962053708481766433e-03 3.026898034392900075e-02 4.730571607669905448e-02 2.234876446795684007e-02 2.996226909821804538e-03 1.859814970525442562e-02 -3.136664189509346095e-03 9.089499901118427289e-03 5.397248457632646511e-03 7.141280645866977805e-03 1.535123386111673580e-02 1.124061675218946017e-02 -4.834163271235666567e-03 1.435036068444829789e-02 1.077372363788920220e-02 2.571145425833014711e-02 3.714174849841762882e-02 2.325457943321296989e-02 3.991218151197666042e-02 3.232690671636691965e-02 3.544992761015981764e-02 2.911417133620517947e-02 2.034497416731912561e-02 6.605341865553064629e-02 5.371998827828895718e-04 4.841136984098782722e-03 3.845291967440009340e-02 2.721799821117362392e-02 2.931872699711397107e-02 1.806038368118526374e-02 4.571120947273255714e-02 5.661893869540210456e-02 6.652634931279888253e-02 1.808520484488341379e-02 8.609996308440833607e-03 1.653739264976638798e-02 2.340069823890447362e-02 1.529612446447385296e-02 1.691686430710077210e-02 2.399285495631668761e-04 2.502114617540252169e-03 1.724981093084875655e-02 1.929448725182549354e-02 2.355107955985323576e-02 5.160025716861694339e-02 1.833139094033872651e-02 2.893567237240954673e-02 2.107068196945607180e-02 1.515739282525964925e-02 2.463859076327196834e-02 1.998219624232290895e-02 4.753983766645506447e-03 -4.139267032139432902e-03 1.834305555377902311e-02 1.303664550752808762e-03 7.720643804588845326e-03 1.084823496866296928e-02 3.630783594980478354e-03 1.437425471986356236e-03 4.954648982942711465e-03 -4.874010022590312234e-04 6.069094136880811077e-03 5.933944310411069269e-03 1.967848807898064760e-03 4.039159452593266836e-02 5.860095788283166234e-03 1.224478969790593688e-02 -4.066468683068806544e-03 1.393348807322171597e-02 1.124916870035908706e-02 1.005414991794847772e-02 1.952865775471636367e-02 3.680408177344533793e-02 1.824914181823263787e-02 9.376218752932959435e-03 9.678422251550503411e-03 1.159629252278649228e-02 2.521538916636926336e-03 2.000816109272398474e-02 1.417271995314572583e-02 2.043542837861376388e-02 3.026295267594475771e-02 3.609443572299114028e-02
6.599944016148535930e-02 1.000000000000000000e+00 1.096689344476330652e-01 1.525619285186971819e-01 8.560680743804165160e-02 7.836030520909958996e-02 1.516766293050686165e-01 1.308969929059716486e-01 1.758194648642566749e-01 1.347387723851365959e-01 1.441581419057625102e-01 1.626057891718258874e-01 1.436455195092171677e-01 1.530108354274656579e-01 1.589113087167828287e-01 1.581438136921510251e-01 1.159016720467347800e-01 1.258749168382161110e-01 1.368761659722538826e-01 1.292055396077186058e-01 1.107565629206892638e-01 1.336698308262170287e-01 1.661204696598224950e-01 1.316483071726022858e-01 1.240067787261519977e-01 1.554465063907512212e-01 1.533757613707769363e-01 1.790972211983315465e-01 1.714906437941634276e-01 1.661305370329125841e-01 1.637838580780273112e-01 1.549678583680461075e-01 1.768691243085384612e-01 1.434468295627205070e-01 1.719893208625097036e-01 1.415153293437449722e-01 1.636442377206077936e-01 1.632684045590016009e-01 1.496800315375133306e-01 1.645114317113874902e-01 1.638066221813987700e-01 1.612694772169243618e-01 1.486578303119537869e-01 1.657886308263381570e-01 1.462076603188984802e-01 1.584946375157774978e-01 1.563649819189092682e-01 1.608202768331015164e-01 1.473144537426596401e-01 1.384783405595361172e-01 1.515471992369168686e-01 1.372124880283733250e-01 1.533951399339294197e-01 1.587713347125004892e-01 1.637036073318392515e-01 1.592575685844998812e-01 1.499911518918570497e-01 1.527760783132107725e-01 1.537299766264686174e-01 1.617867940768606683e-01 1.471947633617404494e-01 1.600743623994300147e-01 1.493690679922234643e-01 1.491531726483204534e-01 1.575255790890086605e-01 1.635527974731721679e-01 1.562219693779413610e-01 1.580324360760730906e-01 1.650918755964142504e-01 1.561236398224601363e-01 1.542124228567713362e-01 1.581042987134000655e-01 1.476169902612051443e-01 1.548214721669584071e-01 1.615455672915693530e-01 1.651304838626773408e-01 1.659481981527644312e-01 1.699238416443312472e-01 1.590087213180509107e-01 1.655223476020402096e-01 1.622815767878905968e-01 1.607591694432924656e-01 1.540528539138125430e-01 1.658338259909087620e-01 1.551229535594768894e-01 1.523623728596784355e-01 1.588443816227691208e-01 1.598481621368539052e-01 1.626112315325326796e-01 1.575436976002817513e-01 1.648467960072318717e-01 1.616431269906768720e-01 1.577487336542068574e-01 1.578895210085409784e-01 1.536763008437775913e-01 1.556799974382314378e-01 1.423111685564678042e-01 1.434244440359188077e-01 1.514852259255733136e-01 1.511620292101649166e-01 1.511465363351024715e-01 1.556780734762964746e-01 1.519270314269287880e-01 1.564430315734930410e-01 1.474911829730417290e-01 1.527810083037247357e-01 1.514913992188201552e-01 1.535880630505606359e-01 1.603556337581823754e-01 1.599544960020086448e-01 1.521687491531297509e-01 1.568748251204578892e-01 1.568242188177869645e-01 1.512873786502028084e-01 1.562339923971805544e-01 1.625617683887387310e-01
6.745052154514201426e-02 1.096689344476330652e-01 1.000000000000000000e+00 3.315468182786421858e-01 1.489760424983248843e-01 2.245385004002888318e-01 3.507582732875192399e-01 3.140366419295673173e-01 3.242331989470376707e-01 3.148527228930815269e-01 3.588299343861794943e-01 3.704541970922405336e-01 3.571653620683426511e-01 3.231388022966176221e-01 3.793143434875573816e-01 3.464030389922944653e-01 3.097367160676507414e-01 3.391977802643621476e-01 3.642331397974916118e-01 2.726632773625892736e-01 3.081867313654586549e-01 3.735521162095935543e-01 3.617917017396630741e-01 3.442449498238930317e-01 3.463712065844543053e-01 3.590635737804945826e-01 3.603541326607108131e-01 3.684607192977208401e-01 3.496690392983443085e-01 3.879708246940848371e-01 3.967615125513284102e-01 3.801737041590295685e-01 3.642829555780977557e-01 3.649442641841284529e-01 3.721610470154856354e-01 3.635193333751677858e-01 3.816693901573945391e-01 3.847979476530081766e-01 3.645531395730193802e-01 3.930438894694775476e-01 3.798487094738347003e-01 3.744040609941139408e-01 3.762344101271800634e-01 3.889940169771000655e-01 3.864381636947609167e-01 3.789404476885273043e-01 3.777074054845763751e-01 3.695959664683711732e-01 3.700331844175452356e-01 3.761649783971560690e-01 3.804757640223319082e-01 3.638352257631355946e-01 3.684962277457994317e-01 3.576177719781098441e-01 3.673776913557188495e-01 3.734103585833618011e-01 3.588415433084052863e-01 3.736461192038950108e-01 3.717044001784805540e-01 3.589002822591068065e-01 3.651830489846033534e-01 3.665593537554378001e-01 3.659772054395657448e-01 3.615981436101075031e-01 3.646070942459875286e-01 3.625763902068908640e-01 3.792683090245253519e-01 3.837599766856644168e-01 3.831565528581846736e-01 3.721493752875562055e-01 3.948353866717846383e-01 3.913100674180907679e-01 3.722653583950640832e-01 3.951826535569512022e-01 3.840144610020988503e-01 3.855719559296226784e-01 3.846055024987256044e-01 3.815379297453334595e-01 3.838381906850182324e-01 3.880358327343456648e-01 3.925132468079952086e-01 3.903202200561438628e-01 3.764595049839092877e-01 3.756766471077787606e-01 3.904733217726813477e-01 3.809806252460637976e-01 3.872653560902192815e-01 3.886374621694849152e-01 3.825460835842849350e-01 3.795320327168575925e-01 3.888609508855742636e-01 3.838814631220787699e-01 3.880024872713774275e-01 3.807249505340195017e-01 3.788745034018870528e-01 3.747165571399356798e-01 3.895588358078191926e-01 3.749291913908455176e-01 3.819088379440173098e-01 3.847083666338217967e-01 3.804836033013374585e-01 3.809190166622344886e-01 3.765932947819972676e-01 3.793393915312960329e-01 3.779906791788456011e-01 3.716349858950081519e-01 3.740973948933236648e-01 3.771648489099359014e-01 3.795103120428522381e-01 3.796874911870148916e-01 3.801944534757970007e-01 3.743010036257946038e-01 3.742687140374028054e-01 3.748005604560126769e-01 3.742726770945073445e-01 3.728019165731868423e-01
1.099411852335759054e-01 1.525619285186971819e-01 3.315468182786421858e-01 1.000000000000000000e+00 3.226923786883110212e-01 3.773301475278545980e-01 5.802735372523906143e-01 5.350752296180948386e-01 5.776486352664277346e-01 5.327804253819471425e-01 5.909402386685606023e-01 6.196148591383573434e-01 5.740387509651385667e-01 5.488198986621743991e-01 6.292663548406493002e-01 6.075711519981067399e-01 5.520650549808454599e-01 5.332434612280798625e-01 5.624946548709978122e-01 4.586308862789810203e-01 5.150668380446301597e-01 5.615059364586457713e-01 5.811206076819334099e-01 5.216490535671389761e-01 5.208361616878540712e-01 6.290552120526677893e-01 6.126356655261023798e-01 6.336611027152601050e-01 6.401020968992447990e-01 6.259046526479995487e-01 6.447781202876731177e-01 6.166903577783579005e-01 6.037295223580175785e-01 5.886034419595347345e-01 6.045374847445035282e-01 6.010122490888164526e-01 6.114543132143602788e-01 6.343804203699578981e-01 6.241758638698063910e-01 6.181102404399749783e-01 6.206315284407223354e-01 6.228968448712878248e-01 6.168962176325671898e-01 6.304792618013536076e-01 6.201833767577693557e-01 6.185094723693462804e-01 6.218283403761052375e-01 6.189593590677674451e-01 6.301866634071242590e-01 6.300044133634884469e-01 6.330695505972963044e-01 5.811388061972998509e-01 6.133702521051439538e-01 6.185215129589041183e-01 6.284895147537645776e-01 6.306051541101720392e-01 6.210400489572452942e-01 6.159956435579458933e-01 6.204893480577953202e-01 6.153138446703639852e-01 6.151926801526391708e-01 6.186773975270126735e-01 6.180658971116216316e-01 6.240211131599731065e-01 6.209109881116532392e-01 6.224401742120554415e-01 6.215640019426635909e-01 6.236909234674637981e-01 6.241384268645708833e-01 6.161830004306142472e-01 6.303168562148558918e-01 6.238506224804439837e-01 6.003358498691803158e-01 6.172398632910813809e-01 6.300092364338948370e-01 6.348776041472784515e-01 6.322740697451435521e-01 6.411929384147754263e-01 6.314510359473590739e-01 6.360838878435360888e-01 6.337467706355777164e-01 6.325842100844645266e-01 6.239560447399693510e-01 6.221941139306449431e-01 6.308739202526827405e-01 6.194761538222862685e-01 6.293459623156854033e-01 6.301878294089944266e-01 6.276563014129515894e-01 6.221534494099802970e-01 6.280869708796605888e-01 6.249601294880676727e-01 6.286947139471003032e-01 6.236359090954144424e-01 6.190544648344478151e-01 6.180625192679423119e-01 6.321379033940071057e-01 6.327998305759171549e-01 6.261746650326636132e-01 6.325202172917456789e-01 6.253749269628061658e-01 6.275137783616092646e-01 6.177996285805953391e-01 6.246623626791205641e-01 6.275516222075993023e-01 6.245450988588473473e-01 6.274749845552717309e-01 6.174410965515333416e-01 6.241668591822200352e-01 6.208387402616362127e-01 6.220464236956293469e-01 6.186933945738836149e-01 6.203837674650410916e-01 6.255945741184437692e-01 6.186727328902569267e-01 6.200685417438946967e-01
4.053615926203855274e-02 8.560680743804165160e-02 1.489760424983248843e-01 3.226923786883110212e-01 1.000000000000000000e+00 2.980884127447480103e-01 4.281792868168348698e-01 4.306707145450458518e-01 4.523584862337532431e-01 4.351969479703238219e-01 4.613814179818803707e-01 4.824217789774801757e-01 4.653780416663904629e-01 4.327875424349457156e-01 4.968503843814979781e-01 4.816675455281442808e-01 4.599576857915771977e-01 3.996654243513313998e-01 4.304033814389434109e-01 3.515100503292827860e-01 3.874768440076142850e-01 4.135693917263617569e-01 4.528720166337423803e-01 4.010569613818751322e-01 3.948411399422958046e-01 4.992192059440176966e-01 4.663639941657244381e-01 4.770812001120712798e-01 4.649111303153413144e-01 4.713787707858263509e-01 4.828764929768806780e-01 4.895232984780465424e-01 4.690303840336623176e-01 4.682863795000867246e-01 4.804217438718039745e-01 4.616756382202009124e-01 4.854260873075232352e-01 4.987445681960513966e-01 5.028698138359211089e-01 4.736458603221387897e-01 4.981661393634537194e-01 4.970406800767281363e-01 4.883218961315867745e-01 5.021161982839019711e-01 4.911646918546768714e-01 4.997628232207000365e-01 5.048677566255944660e-01 5.012737399677477113e-01 5.013685166578358832e-01 4.845357756999585375e-01 4.978612946963029695e-01 4.607363493651305819e-01 4.928618922804814395e-01 5.022361809804773980e-01 4.982025608325053589e-01 5.033345505984236912e-01 4.800245522309261603e-01 4.967878177095574332e-01 4.974702196741026539e-01 5.059368632990373094e-01 4.979875333140708626e-01 4.976499210147665164e-01 4.983936704151294417e-01 4.965335743031167315e-01 4.981218089921020664e-01 4.960480085300831288e-01 5.042313636569781821e-01 4.951976994790667774e-01 5.045406038912734203e-01 4.888946162834789111e-01 4.910872112619668606e-01 4.943490442205501489e-01 4.908825478481720905e-01 4.841581125221237625e-01 4.990924360696105677e-01 5.017220985409566181e-01 4.995291479228890497e-01 4.953385103848697013e-01 4.997946199326510630e-01 4.987358660885193862e-01 5.019936314299221491e-01 4.970262164290031870e-01 5.018618367352665199e-01 5.048340900247582086e-01 5.000967235906917940e-01 5.006148499695900478e-01 5.002190051801010950e-01 5.026216650983349465e-01 5.066263856549966249e-01 4.967721811072489668e-01 4.949189149700611856e-01 5.032165507456056730e-01 4.990844342787946752e-01 5.040976592723127592e-01 5.023582726328894577e-01 5.035805709237156647e-01 4.862826373982030992e-01 4.913983951873764910e-01 4.957636930742474468e-01 5.040621386968426876e-01 4.982063385255257049e-01 4.974878195723208552e-01 4.991820399984913670e-01 5.029408416202517662e-01 5.015313115623016849e-01 4.907239280719121743e-01 5.015011432317298956e-01 5.020916521301815871e-01 4.994818492628595452e-01 5.010942356361332006e-01 5.014798898267410765e-01 5.033992898586989728e-01 4.962857419462817221e-01 5.003532882666799075e-01 5.008861572839290455e-01 4.994825767228587288e-01
-1.426282770541571418e-02 7.836030520909958996e-02 2.245385004002888318e-01 3.773301475278545980e-01 2.980884127447480103e-01 1.000000000000000000e+00 5.201567523359904577e-01 4.860304388035517342e-01 5.293365456188856566e-01 5.095257829422742413e-01 5.516004495746736902e-01 5.642777507308791574e-01 5.250253376137421490e-01 5.421267294730496289e-01 5.776203158494687129e-01 5.655471332527367556e-01 5.332438132930776842e-01 4.788555950910212133e-01 5.019202187902526147e-01 4.169844628392780361e-01 4.662567839652362323e-01 4.890197981713065301e-01 4.899654876449698326e-01 4.713294979656502681e-01 4.794297783125038848e-01 5.494474487721493494e-01 5.412201668214650097e-01 5.477335406736286716e-01 5.332778579333600222e-01 5.396302089374555022e-01 5.701207705327279163e-01 5.607291016821535079e-01 5.200391478304742243e-01 5.312323488530525939e-01 5.344070408013256168e-01 5.244550066848352454e-01 5.492595418015501219e-01 5.869255273192287570e-01 5.804650321397637480e-01 5.369164129925869666e-01 5.894660412632629631e-01 5.847048303679108772e-01 5.749163563002049893e-01 5.967526924775852226e-01 5.697208455696177731e-01 5.861038068263083600e-01 5.991515852143396437e-01 5.991293865150328912e-01 5.909162433349736121e-01 5.714500745420567629e-01 5.914129599332418330e-01 5.530729123629016808e-01 5.875326319084943627e-01 5.946281010720766425e-01 5.909276605955121608e-01 5.870795143243671133e-01 5.775117416055018937e-01 5.922578220002673310e-01 5.939635365168541847e-01 5.995263119883890157e-01 5.940512633302085233e-01 5.940001661900002894e-01 5.952715177407058578e-01 5.867522879077632370e-01 5.889920505737864520e-01 5.859463530756797711e-01 6.019873033661680140e-01 5.943749961623822076e-01 5.885721882103145397e-01 5.841151336148042716e-01 5.943634503844719141e-01 5.951374666782223155e-01 5.803375733161822980e-01 5.926964309461290048e-01 5.940103096349944600e-01 5.983468522998905970e-01 5.976207808512281616e-01 5.857388846803710525e-01 5.976102498089433945e-01 5.829564596555006917e-01 5.879376819839744472e-01 5.958648944377642476e-01 5.925308617630737906e-01 5.855477584732710072e-01 5.871280346437142139e-01 5.888930052061351894e-01 5.847372975791387262e-01 6.002879240876831668e-01 5.935120908265549833e-01 5.942208909309684151e-01 5.899497841651498709e-01 6.005034876209837114e-01 5.963889696630818582e-01 6.016824456548476308e-01 6.024658314010267190e-01 6.037285181483141860e-01 5.835014860822336225e-01 5.907251317513563249e-01 6.042950975392399338e-01 6.000749511102958511e-01 6.001539519702404624e-01 6.024666463723441501e-01 6.034522091174556735e-01 5.999874500878912276e-01 5.990608389690962321e-01 5.920319532397350093e-01 6.010338041552163446e-01 6.011404173174492716e-01 6.007869585648220045e-01 6.010130394374905149e-01 6.004605060206227307e-01 6.012031325031674811e-01 6.013508291385268878e-01 6.004617763724872104e-01 5.955026669355812929e-01 5.981179606173120389e-01
3.831158389651762725e-02 1.516766293050686165e-01 3.507582732875192399e-01 5.802735372523906143e-01 4.281792868168348698e-01 5.201567523359904577e-01 1.000000000000000000e+00 7.053004135810528874e-01 7.616712120161104327e-01 7.133036184317135264e-01 7.787349573888470156e-01 8.037811127841525405e-01 7.564523071551066957e-01 7.593050019966530728e-01 8.477273499673256829e-01 8.152676033543142520e-01 7.340876172845519632e-01 6.936263142660108461e-01 7.364338201574924803e-01 6.152104333764222277e-01 6.622556661691846314e-01 7.301518847944137303e-01 7.659255297365018533e-01 7.165199774119208609e-01 7.137539147003139073e-01 8.196532204837474467e-01 8.055559773098326382e-01 8.193040388226195958e-01 7.999635284520023593e-01 8.039314676327423692e-01 8.340369219365124653e-01 8.212183846644522944e-01 7.786692902416556539e-01 7.833562849037283282e-01 7.876880729713420237e-01 7.866358089418635791e-01 8.196478802276814246e-01 8.388109263870706656e-01 8.389864026609221703e-01 8.144830514912263508e-01 8.455076769947789117e-01 8.407656483645020717e-01 8.395461500383538667e-01 8.496625793270130567e-01 8.396797853987445492e-01 8.452714886059933264e-01 8.488932639857210694e-01 8.459434918985184737e-01 8.351154991978428921e-01 8.070696515966285789e-01 8.422541312069717900e-01 7.929901358492968955e-01 8.280141314406008757e-01 8.380244934487850461e-01 8.384650418647395798e-01 8.443750356750404640e-01 8.204954852503687501e-01 8.424689866703733987e-01 8.419334797432102002e-01 8.362248806671592760e-01 8.419589969989276224e-01 8.413293287465720693e-01 8.406879524581415408e-01 8.288065228420000707e-01 8.364708239145798307e-01 8.299474406854293607e-01 8.477723409584018155e-01 8.473901133970084265e-01 8.529193918350884696e-01 8.322222585277883056e-01 8.458316386294774114e-01 8.504508748757731995e-01 8.360837270312293512e-01 8.480261861821293268e-01 8.523808395094679691e-01 8.537900165715667233e-01 8.535431109948380390e-01 8.469817358062463608e-01 8.524798647930145190e-01 8.415559750887909862e-01 8.512359663705857393e-01 8.490729341940608244e-01 8.516812540861224967e-01 8.399548428717587001e-01 8.405001738152182433e-01 8.471850286419765341e-01 8.539407448262652522e-01 8.527028353923806758e-01 8.536308066207830558e-01 8.512565407250852756e-01 8.560041395851977208e-01 8.527543713067630149e-01 8.553204419429696337e-01 8.534877066619926955e-01 8.502752210169511882e-01 8.482901417634174379e-01 8.343255149874525545e-01 8.312828180157296742e-01 8.487260175754298697e-01 8.469779362611827844e-01 8.484431005125346870e-01 8.480432934407081680e-01 8.470501805913587257e-01 8.470432438531707575e-01 8.490875815584357778e-01 8.394253281785337695e-01 8.453625555216269793e-01 8.468758064550609976e-01 8.516074728144071848e-01 8.489029462892870859e-01 8.476574298699528498e-01 8.473477493807227701e-01 8.458867323681967809e-01 8.443416240942273054e-01 8.449740754621091199e-01 8.440246605025457649e-01
1.429752202252458984e-02 1.308969929059716486e-01 3.140366419295673173e-01 5.350752296180948386e-01 4.306707145450458518e-01 4.860304388035517342e-01 7.053004135810528874e-01 1.000000000000000000e+00 7.116404782551628561e-01 6.733296517151911020e-01 7.424720204740674623e-01 7.613461585673043652e-01 7.101504562162088696e-01 7.165114172196686004e-01 7.896759442196142897e-01 7.881986876933582131e-01 7.076680343751718949e-01 6.832210174491420984e-01 7.146950763952349961e-01 6.037260005924486306e-01 6.530351718618857548e-01 7.115309000586210741e-01 7.153009552889671996e-01 6.804862980970195485e-01 6.775528227342803023e-01 7.697717806485622205e-01 7.339787603446155106e-01 7.613380774104223647e-01 7.268189017851286460e-01 7.644282360708432034e-01 7.838024625358329667e-01 7.875640320212613510e-01 7.412176112239771131e-01 7.473448010808296793e-01 7.514087068033827865e-01 7.426227924109921608e-01 7.587109264516822549e-01 8.013261817668921871e-01 7.954834002063142506e-01 7.644406749487774322e-01 7.901756159240678201e-01 7.900870672047044518e-01 7.821888260481273392e-01 7.979672336243844866e-01 7.854776406549892620e-01 7.849349186266947331e-01 7.978366935418530481e-01 7.972351582961655359e-01 7.932545175943698235e-01 7.840998376561216787e-01 8.030524210111900096e-01 7.445034178557980997e-01 7.819894077992152193e-01 7.897118023448529422e-01 7.995119462312476610e-01 7.955384389780036924e-01 7.883203808220797804e-01 8.015250658460512101e-01 8.042218400669098877e-01 7.912388219698316405e-01 7.920623003437922138e-01 7.998152918654769516e-01 8.021275366779522242e-01 7.895233853593485174e-01 7.881608067363078396e-01 7.887282368143899713e-01 7.984568697166335438e-01 8.020992672310125471e-01 8.028492957927947371e-01 7.958222663578682354e-01 8.052729785865125889e-01 8.030784460689340820e-01 7.886775905670954101e-01 8.001238749796780736e-01 7.965671515828635085e-01 7.929362359572816876e-01 7.976658701809764551e-01 7.832768663438338663e-01 7.981343401838411067e-01 7.945069314739483524e-01 7.986562513569694932e-01 7.963876877802256171e-01 8.015767477006142672e-01 7.983836497663857612e-01 8.010875028388768637e-01 7.966093681850071606e-01 7.975776849200518770e-01 8.105946867178678295e-01 8.038836623851047802e-01 8.010662782223414435e-01 7.952652992059940917e-01 8.028344080814456829e-01 8.004389977004506829e-01 8.013798695896828805e-01 8.002964473888646291e-01 8.005104409567831425e-01 7.998565861027766566e-01 7.966539635375230466e-01 7.999172110342853692e-01 8.042887840787165121e-01 8.006380334001080845e-01 8.067015651949585031e-01 7.922440154258335587e-01 8.026568141441092763e-01 7.998194559816723670e-01 8.013965291460979357e-01 8.025352436688277802e-01 8.008394352005508976e-01 8.031752123797268883e-01 8.029400036291900467e-01 8.052337333612337167e-01 7.980533974379369067e-01 8.004799368500534751e-01 7.985926288345569501e-01 7.947983318843102607e-01 7.971573151723924111e-01
1.117206241499678621e-01 1.758194648642566749e-01 3.242331989470376707e-01 5.776486352664277346e-01 4.523584862337532431e-01 5.293365456188856566e-01 7.616712120161104327e-01 7.116404782551628561e-01 1.000000000000000000e+00 7.592188079992947536e-01 8.073717867308242147e-01 8.350245468838074503e-01 7.890393976439404877e-01 7.826599258627279232e-01 8.645061749226105041e-01 8.514871187845828304e-01 8.125949660537622465e-01 7.052854234263519206e-01 7.414798979222898545e-01 6.315251981641658574e-01 6.908525518105513852e-01 7.251138834724856208e-01 7.635214428511114537e-01 7.096765835612960371e-01 6.900017477791876574e-01 8.514524715450507708e-01 8.246444843695650562e-01 8.276972674129994267e-01 8.229645408923687011e-01 8.214933891223928919e-01 8.612835947149986016e-01 8.374677217101409443e-01 7.798984468068559384e-01 7.913030663835766143e-01 7.981298068329274464e-01 8.006067922019148853e-01 8.340074591890802580e-01 8.500954488466950787e-01 8.709136597734195018e-01 7.934928106903413880e-01 8.649917542942699988e-01 8.556420162179984024e-01 8.380462180360516156e-01 8.687626198132331057e-01 8.475009651219583828e-01 8.605708329844182769e-01 8.806765027459069195e-01 8.854073757312612702e-01 8.770516143490091343e-01 8.413871712639261480e-01 8.677245834636160282e-01 8.173245491458156486e-01 8.645061377210421227e-01 8.863023262898704902e-01 8.748177391672175007e-01 8.714053847494732663e-01 8.744119670804145761e-01 8.722801653508122088e-01 8.703033209010107019e-01 8.896611870931498967e-01 8.787972904913031735e-01 8.837914782008520209e-01 8.789768069045362786e-01 8.770581577624869674e-01 8.876091941799036933e-01 8.851171446047987335e-01 8.820201659532627136e-01 8.727495995998979517e-01 8.772017920433534677e-01 8.661169302844738960e-01 8.657596554391703281e-01 8.699630259356592177e-01 8.620809055417572031e-01 8.571249463016641368e-01 8.806445188960019266e-01 8.771463769672744881e-01 8.770000715566675931e-01 8.745346260769648605e-01 8.738896405517946331e-01 8.706779960348858260e-01 8.755274335925316009e-01 8.787105162099781985e-01 8.806972440391872547e-01 8.665936086113270598e-01 8.618966482410304053e-01 8.673215485597541852e-01 8.755917245796301929e-01 8.733732159862149791e-01 8.799206300479078813e-01 8.737463243800572821e-01 8.657454407731778323e-01 8.763003314794985954e-01 8.759871196747361921e-01 8.774790758063734097e-01 8.794902512381461701e-01 8.811654002435244104e-01 8.514540903234024682e-01 8.739340904630540363e-01 8.768975608677654909e-01 8.741480660053636553e-01 8.735914717382428085e-01 8.788782126088309221e-01 8.775426420456000631e-01 8.813671420736763906e-01 8.810033289869347861e-01 8.789896095799462072e-01 8.822723623362548340e-01 8.803138436622351959e-01 8.782097190513369345e-01 8.794961457071563959e-01 8.717986343839667640e-01 8.854547006427561096e-01 8.799615959160491663e-01 8.827682280189242947e-01 8.842097953496410589e-01 8.874875231768067918e-01
1.108990415347482078e-02 1.347387723851365959e-01 3.148527228930815269e-01 5.327804253819471425e-01 4.351969479703238219e-01 5.095257829422742413e-01 7.133036184317135264e-01 6.733296517151911020e-01 7.592188079992947536e-01 1.000000000000000000e+00 7.624865393298576599e-01 7.821336038968917936e-01 7.382898915419270347e-01 7.508252997674178530e-01 8.150789640176100415e-01 7.963313966763929663e-01 7.395938781860935674e-01 6.299125502737229487e-01 6.733105148342553026e-01 5.557979376359994950e-01 5.991514688667595179e-01 6.546726105934808082e-01 7.125165796997899870e-01 6.405987826412291586e-01 6.262048457440679838e-01 7.978675152928974557e-01 7.675299255339633753e-01 7.762581157672332477e-01 7.662145974424880990e-01 7.696284504632805445e-01 8.062065303438493702e-01 7.846645898281906506e-01 7.260862416181366186e-01 7.326483890120483178e-01 7.427084490487748658e-01 7.408786328697769541e-01 7.790859045167576324e-01 8.079540649516738782e-01 8.164328815185677435e-01 7.619385923697076235e-01 8.241038441603544262e-01 8.162725756505346819e-01 8.000304390607708704e-01 8.225645924810046639e-01 8.027143781830572422e-01 8.252500494125978303e-01 8.343609991440990026e-01 8.397327041715889617e-01 8.225157774950691003e-01 7.761972802748198230e-01 8.196751148766135975e-01 7.466969006450683288e-01 8.040649825879063739e-01 8.370800645794613803e-01 8.280389686163680540e-01 8.260615493511545004e-01 8.048845149030848800e-01 8.294318787817440697e-01 8.291242211396918638e-01 8.338301842439073130e-01 8.350897410756876749e-01 8.344754757126972011e-01 8.305156184195555680e-01 8.204950362121584684e-01 8.210743271572604751e-01 8.180457892690609079e-01 8.357789024587454207e-01 8.232880535072022443e-01 8.260977256081079023e-01 8.030024483522714140e-01 8.110941992780965615e-01 8.224364318544615804e-01 8.073106336770706770e-01 8.084520359814718615e-01 8.352275796817000275e-01 8.335370502001706594e-01 8.276031979738081024e-01 8.233442421336163441e-01 8.276943583990429287e-01 8.213722488763863794e-01 8.252904196437524931e-01 8.350292636726729389e-01 8.272619699161457563e-01 8.217493514195671755e-01 8.132348183656483709e-01 8.210516852687470557e-01 8.286725084562023280e-01 8.320627127372188792e-01 8.340323436947968405e-01 8.276685879451076699e-01 8.206644557937875506e-01 8.348555637344047264e-01 8.324283563568168898e-01 8.371149642273374436e-01 8.384432919764630565e-01 8.404481453114767131e-01 8.068855286395970605e-01 8.104804292194967008e-01 8.350381509642629263e-01 8.291833788589128007e-01 8.304665785536223810e-01 8.333829620626352908e-01 8.336380888943139000e-01 8.338378537102660859e-01 8.261257385368900863e-01 8.220771192747385880e-01 8.341758495844384669e-01 8.371406914916951214e-01 8.371485413444664792e-01 8.363605544046294193e-01 8.338298834130153381e-01 8.391546026555969373e-01 8.357089733565133960e-01 8.332029776313163438e-01 8.320795547769175293e-01 8.317336063500848642e-01
2.789287200958702473e-02 1.441581419057625102e-01 3.588299343861794943e-01 5.909402386685606023e-01 4.613814179818803707e-01 5.516004495746736902e-01 7.787349573888470156e-01 7.424720204740674623e-01 8.073717867308242147e-01 7.624865393298576599e-01 1.000000000000000000e+00 8.742107684486432051e-01 7.856781368556482459e-01 7.947976073248496087e-01 8.851318568791799457e-01 8.589561237598354326e-01 7.843102652294964283e-01 7.295459788696991854e-01 7.651266042246781529e-01 6.108737455237751579e-01 7.041019377778116040e-01 7.563748675571220215e-01 7.809792167235003468e-01 7.282307011924655793e-01 7.216286872353072646e-01 8.628735783444075880e-01 8.525217363810996263e-01 8.539840442958361866e-01 8.193409256052822665e-01 8.541398021667933049e-01 8.928228381812394199e-01 8.571760059058227688e-01 8.217745254411547018e-01 8.120142970846120356e-01 8.401222749541443768e-01 8.129363823965060076e-01 8.616902768081043940e-01 8.839545662512346968e-01 8.901621579395001538e-01 8.444592311847486377e-01 8.904198967797155584e-01 8.870671484278944696e-01 8.616933973642389999e-01 8.956869762910486532e-01 8.784432268189242832e-01 8.905156310197896996e-01 8.988128855304257092e-01 8.992416290629416942e-01 8.924165718470935538e-01 8.620972173006415940e-01 8.871255903674569732e-01 8.289581430555458263e-01 8.776804607057270280e-01 8.926357023846377414e-01 8.908623972753652032e-01 8.892747758609559350e-01 8.725497663670648274e-01 8.931602868826467034e-01 8.951470842349539270e-01 8.908059967298024295e-01 8.923767853733961530e-01 8.946203532441507900e-01 8.937272178093944586e-01 8.812858634477492847e-01 8.845528570338466734e-01 8.810438479872790829e-01 9.015994585102407033e-01 8.975473363557447959e-01 8.932112975993591331e-01 8.773724124856051576e-01 8.935530832731852779e-01 8.958355351096610741e-01 8.776166857052795089e-01 8.844820869812551889e-01 9.056296480820213990e-01 9.035406173053196488e-01 9.019907204219768104e-01 8.875454120973556016e-01 8.986935401209045216e-01 8.973892284927026397e-01 9.021125375590328677e-01 9.051859447202668107e-01 8.949759131727762496e-01 8.989434479813105394e-01 8.935400487202168618e-01 8.932462847032939246e-01 8.991833027526341393e-01 9.030253262568930239e-01 9.050185728209508840e-01 8.937371152202118196e-01 9.003077940981819571e-01 9.032174708454745460e-01 9.022613268604288139e-01 9.032077313363611193e-01 9.017758695172877204e-01 9.013174789137804455e-01 8.823730861278866744e-01 8.862604672989383703e-01 9.004310284112742035e-01 8.987270389473775989e-01 8.976976375225779181e-01 8.999372001457572878e-01 8.962169867390584743e-01 9.022017653519788238e-01 8.956673539414292673e-01 8.866711340411699283e-01 9.007251600789403234e-01 8.991308294707296422e-01 8.992064610207884945e-01 9.007484362310458348e-01 8.979566330625344817e-01 8.991904764292387719e-01 8.957328138846322174e-01 8.962354832108252456e-01 8.952710740322237237e-01 8.943746029347336979e-01
3.393187303946527261e-02 1.626057891718258874e-01 3.704541970922405336e-01 6.196148591383573434e-01 4.824217789774801757e-01 5.642777507308791574e-01 8.037811127841525405e-01 7.613461585673043652e-01 8.350245468838074503e-01 7.821336038968917936e-01 8.742107684486432051e-01 1.000000000000000000e+00 8.261266897055389302e-01 8.304859825105128657e-01 9.134200601253299467e-01 8.974380607925622755e-01 8.188358507903935601e-01 7.474763550998129169e-01 7.875375823767625239e-01 6.395842481475663144e-01 7.236598308429234017e-01 7.734048573351713918e-01 8.042428086456236969e-01 7.409051285663996733e-01 7.278878527798453568e-01 8.940071542206095012e-01 8.752663593738164716e-01 8.812889349205862421e-01 8.501655337791462763e-01 8.796989757928209697e-01 9.206650015761330685e-01 8.836683937409915979e-01 8.378423308510932754e-01 8.338894339991748117e-01 8.607484112287973055e-01 8.414964378798494016e-01 8.855874766230753536e-01 9.127121372725999215e-01 9.171634155976127190e-01 8.638450252543262708e-01 9.200787038542279639e-01 9.157625244646058205e-01 8.920819387412631807e-01 9.255975995035745640e-01 9.071958399680845053e-01 9.202211507117699085e-01 9.304592579547223963e-01 9.319689734413693083e-01 9.229922343895331505e-01 8.895740578973890811e-01 9.199231569272313669e-01 8.602285559017457395e-01 9.111738440857788390e-01 9.301807581871017749e-01 9.296884053566604189e-01 9.191399495470611303e-01 9.111445327790349547e-01 9.282254047654783236e-01 9.281910571946725419e-01 9.288931823024851875e-01 9.298661530382575924e-01 9.329711847488174614e-01 9.291266498371937299e-01 9.155513069646497026e-01 9.196675369532899547e-01 9.214498932446009150e-01 9.325015715671860494e-01 9.258189474048200696e-01 9.213309015723218920e-01 9.094261467571963520e-01 9.217165652839951484e-01 9.245181262159882785e-01 9.055850952117098229e-01 9.102110811913567412e-01 9.350947372257001344e-01 9.343113325158031168e-01 9.335249823920269696e-01 9.226809970171886421e-01 9.272605736556867040e-01 9.276400026803928167e-01 9.324238185755843178e-01 9.368924617327007986e-01 9.267860793638181827e-01 9.268725067464340661e-01 9.190029731703877047e-01 9.211006590224721791e-01 9.298914469062945498e-01 9.330102629957517379e-01 9.347054107341079554e-01 9.235531340383816845e-01 9.270040655919378203e-01 9.330791049644867607e-01 9.314401774176519488e-01 9.347500331918959793e-01 9.332269151744688740e-01 9.343286851773540125e-01 9.080692613309351291e-01 9.174143106747659759e-01 9.325744856674234029e-01 9.269480426670033690e-01 9.280125104981709061e-01 9.323602580225458514e-01 9.295145963270943223e-01 9.340814019297538628e-01 9.285585462489720499e-01 9.231306983586080595e-01 9.325214398825656392e-01 9.323807668691603823e-01 9.321472940487337544e-01 9.329182951597740914e-01 9.302473656235020760e-01 9.343721905975512776e-01 9.323647934714943686e-01 9.301490080140314420e-01 9.318286876730440538e-01 9.324925979398214215e-01
6.703840444061073822e-02 1.436455195092171677e-01 3.571653620683426511e-01 5.740387509651385667e-01 4.653780416663904629e-01 5.250253376137421490e-01 7.564523071551066957e-01 7.101504562162088696e-01 7.890393976439404877e-01 7.382898915419270347e-01 7.856781368556482459e-01 8.261266897055389302e-01 1.000000000000000000e+00 7.818174348737892965e-01 8.503141341562230338e-01 8.404190845345732575e-01 7.807450056875548938e-01 6.821322135444680690e-01 7.223391789209839819e-01 6.150420847753005349e-01 6.633628732797964833e-01 7.104775015547858397e-01 7.539604718245699333e-01 6.849608831234533790e-01 6.789210904982657668e-01 8.232665723939912583e-01 8.013391795598839851e-01 8.102296868362983684e-01 8.006208794386008298e-01 8.078304359363387421e-01 8.437220770326834263e-01 8.226307762920048727e-01 7.677979279622345610e-01 7.720073289066078370e-01 7.858725078583195245e-01 7.984413937929788485e-01 8.186061380484691563e-01 8.448847584718230941e-01 8.537210889976578621e-01 7.931704894103897008e-01 8.560608082744557423e-01 8.479924424953229067e-01 8.393010851750998258e-01 8.634372684823793387e-01 8.440936141799419978e-01 8.551701499426648256e-01 8.713736265188832819e-01 8.717455140521637169e-01 8.602363284744108940e-01 8.199227887807034598e-01 8.566055824281293418e-01 8.049431222897938110e-01 8.532049333806239755e-01 8.730547413821845293e-01 8.631630557341197774e-01 8.625434863819365638e-01 8.570701094909068951e-01 8.624488177842456471e-01 8.575439584315511787e-01 8.763419243769035027e-01 8.676339011124472034e-01 8.751674519083950665e-01 8.673170159024262693e-01 8.654631366716298846e-01 8.686468399281173092e-01 8.739678049245455105e-01 8.744184505149873443e-01 8.633412010213485921e-01 8.640830085511728154e-01 8.530235495338777119e-01 8.585471021749536691e-01 8.630141365394640163e-01 8.441183423624294413e-01 8.501583358892041975e-01 8.701755841992467877e-01 8.678944238935815125e-01 8.665509095791441574e-01 8.617409855370092853e-01 8.629969629661511377e-01 8.615039566849750363e-01 8.653251836192517032e-01 8.698950279477190017e-01 8.706874321812515527e-01 8.589461769046617956e-01 8.498044496725264407e-01 8.552293066146947620e-01 8.682946721605506735e-01 8.673408239422726318e-01 8.709547967834082582e-01 8.690566311699080559e-01 8.590542709518178555e-01 8.696366533894871464e-01 8.692124281039165234e-01 8.721225207002136770e-01 8.718276670510529680e-01 8.737994821149098756e-01 8.425656064916754451e-01 8.542054058566814767e-01 8.713377867660626608e-01 8.680147972741976137e-01 8.686244098124150659e-01 8.714318803328958696e-01 8.720291496448279167e-01 8.728131926642093141e-01 8.699723233245306719e-01 8.657433952247516329e-01 8.712822121795950059e-01 8.735709507514992644e-01 8.721035681724365052e-01 8.724776273729540899e-01 8.678597221811167328e-01 8.781426100616358532e-01 8.746440793228497101e-01 8.730367483654116745e-01 8.759002183489804638e-01 8.765146261560452512e-01
