1.000000000000000000e+00 1.552898971333486755e-01 9.477843893002733944e-02 -1.321413868430277860e-01 -2.849334872258637782e-02 2.153098242099539192e-02 -5.373119329378034381e-02 -3.156054667080263748e-02 1.971588673479949538e-01 1.160021335412832338e-01 7.795687210275573792e-03 -7.180761974274403603e-02 4.008706953547944499e-03 9.103019634261771964e-03 -1.105985861551128657e-02 -2.029870337832320043e-02 1.694051393048628673e-01 2.129091533224367339e-01 1.389132442251414523e-01 1.263617286390777972e-02 1.560511138250727237e-01 8.744580794679601699e-02 1.924721651282259027e-01 1.991994951046326678e-01 1.652936812401263056e-01 1.244523350716776611e-01 1.320741141587701839e-01 8.340949805140479567e-02 1.819551378030614952e-01 1.685514627585839031e-01 1.289622472627814376e-01 1.385868129243651714e-01 1.048126903731552290e-01 1.444847356176858499e-01 1.550556440730841423e-01 8.263395309182886006e-02 1.245237145809197227e-01 2.643403347676690288e-02 5.276732510836731893e-02 -4.138574222956962340e-02 2.469702888651122835e-02 -1.498476671371680446e-02 -4.843107715315238954e-02 -1.402127461957817893e-02 2.236740011258191163e-02 2.763861627934557051e-03 8.350147552372200535e-03 5.244603798091060365e-02 4.272962135943510903e-02 3.343358003978363219e-02 2.050239727943907811e-02 -1.408085848458070707e-02 -1.804987492791939804e-02 8.893861293417688885e-02 5.714319275459485425e-02 5.930111887677597116e-02 5.102858453123063770e-02 5.417157083945593234e-03 2.433037385752987586e-02 2.705121807711103471e-02 -1.360836943657281906e-03 2.369080490474201675e-02 3.081788261110593452e-02 4.823413676123127630e-02 6.830748546921264208e-02 4.870033410522262712e-02 4.929300097072120829e-02 7.133651739053749330e-02 8.484553558651453109e-02 3.213259691718142741e-02 5.373009965252524556e-02 5.130762304873243834e-02 9.056909162034995631e-02 6.925458318800492563e-02 4.080262614680264799e-02 5.074309494663378078e-02 3.963877432930592443e-02 8.827130915987262127e-02 3.402381243062963662e-02 6.841309515149714138e-02 6.999442530531006790e-02 5.560136706524410749e-02 8.143861425960648159e-02 6.796148346285829644e-02 2.908743369026877204e-02 6.443878849154491273e-02 5.189028877070875345e-02 1.761937041236504020e-02 1.657238710640563523e-02 6.170993227489839084e-02 5.505296627760121464e-03 -6.720017360855141779e-03 7.661706024895529113e-03 -4.908059310358112680e-03 3.383286220545445727e-03 2.457776496016471704e-02 -4.086529134941219166e-02 3.757438242766385217e-02 -4.936045984986304341e-03 -4.432284378205866675e-03 -3.244425919034539529e-02 6.658580334357513779e-03 -1.529837248326764571e-02 -1.272352373031463389e-02 3.634475351422816053e-03 2.983646512131575210e-02 3.229297588615398507e-02 3.498680398777794659e-02 4.035187761978478033e-02 1.083210091435976921e-02 4.180365058731296858e-03 2.170888758689076825e-02 1.776037079002518171e-02 2.346514935589814194e-02 5.033630165532362866e-02 1.814896134654543636e-02
1.552898971333486755e-01 1.000000000000000000e+00 2.876621413135855773e-02 -4.042569837996855264e-02 4.463839623129019218e-02 7.511240509983638236e-02 9.256000419749516039e-02 8.301875211497693197e-02 1.935897246538771654e-01 2.158842718538621641e-01 1.415264670542892844e-01 6.583754886329143408e-02 1.214976275039651998e-01 1.334712377316638054e-01 1.355781729497378962e-01 1.278110821301877698e-01 1.564547485162791352e-01 1.840533935791912323e-01 1.627872855938642949e-01 7.958120745037462751e-02 1.113668854170253852e-01 1.219915650747533942e-01 2.120559301620678627e-01 1.882134092953295923e-01 1.632540010371663353e-01 1.509160127391854511e-01 1.661378475471937122e-01 1.689924885745835992e-01 2.101123695167550764e-01 2.024772145354660491e-01 1.910686097133378336e-01 1.822206136579181956e-01 1.587524672068040266e-01 1.677687668366581175e-01 1.824364211355895271e-01 1.581950828107659413e-01 1.729321748145860316e-01 1.554954665656749224e-01 1.634813168475568179e-01 1.249372996255107282e-01 1.476315910633929085e-01 1.405157278378708352e-01 1.211630666156824493e-01 1.243176416292822439e-01 1.408420085728919469e-01 1.481601702408639198e-01 1.446743138263514028e-01 1.634538176202111892e-01 1.426390204512135440e-01 1.103995601724487158e-01 1.394724831481939376e-01 7.351371140875818944e-02 1.016791182239387831e-01 1.714472490946827854e-01 1.558201341160078690e-01 1.683427477218877311e-01 1.208644539013090657e-01 1.395034980785904710e-01 1.436693375957962537e-01 1.407488777574671390e-01 1.256775966841059133e-01 1.429184592019033806e-01 1.319405609362557796e-01 1.379835932712644153e-01 1.388323820469205550e-01 1.257644720548459216e-01 1.565748495455459022e-01 1.662484608685725895e-01 1.740979821328733912e-01 1.334247739780731190e-01 1.485597448492025630e-01 1.583172047125075976e-01 1.681031265466924607e-01 1.680115010602042380e-01 1.556270849197242678e-01 1.560146336829457137e-01 1.589859444009451839e-01 1.796197333764348869e-01 1.659279411440676977e-01 1.780565478796519163e-01 1.743949258943678915e-01 1.665718943801027807e-01 1.750715109745376585e-01 1.713244049122796819e-01 1.421644623958945863e-01 1.605308583246147502e-01 1.593115371895819365e-01 1.580705815716963725e-01 1.566864338018515990e-01 1.748132336775584106e-01 1.506715538192959225e-01 1.429780771477555945e-01 1.472659948029572952e-01 1.467019918799094824e-01 1.383643632736935025e-01 1.536305108167440314e-01 1.109626054615090451e-01 1.207126163029207527e-01 1.303504691925217451e-01 1.351391468657258399e-01 1.297599734384702330e-01 1.334458802517126952e-01 1.160950699162117267e-01 1.302004533820442511e-01 1.282101019256069452e-01 1.343526756737685457e-01 1.420237054526051479e-01 1.615017218752791694e-01 1.594585574313175935e-01 1.409042142042155610e-01 1.454239147310936175e-01 1.439629107182329171e-01 1.466208675445370979e-01 1.444864826323974116e-01 1.484869106946906936e-01 1.346342021010952517e-01
9.477843893002733944e-02 2.876621413135855773e-02 1.000000000000000000e+00 3.174887280699237868e-01 1.809654542286585344e-01 2.314840243351783400e-01 3.160986523480270871e-01 3.085970822102461208e-01 3.260053308225241420e-01 2.932705142280234156e-01 3.599589352573179801e-01 3.741530876961536300e-01 3.171435271140587431e-01 3.321738562817933560e-01 3.681459155702140884e-01 3.563840231234480238e-01 3.696192227426265409e-01 3.009255196914208952e-01 3.108723994829046822e-01 3.361650840289689413e-01 3.249411760342149624e-01 3.262152521088750867e-01 2.917927559315600661e-01 2.916411105492887623e-01 3.015466622286357423e-01 3.642792758169839940e-01 3.666721654297769861e-01 3.396629671998566691e-01 2.867201923845723588e-01 3.208572932026645952e-01 3.604858444214685265e-01 3.834770552766500473e-01 3.432186867358976712e-01 3.737856807448255436e-01 3.501691390980796181e-01 3.844796678183896588e-01 3.680049226771071602e-01 3.526279849962003499e-01 3.615538691933278814e-01 3.525048826053795992e-01 3.755330500731625665e-01 3.518328184937360992e-01 3.613269484968075207e-01 3.712286471184730874e-01 3.845699552710768465e-01 3.460702063289712305e-01 3.713238598566491744e-01 3.786135584458104608e-01 3.769876048178924521e-01 3.760397914114285700e-01 3.786211238302431559e-01 3.901287339372404572e-01 3.786649648560022619e-01 3.780001178408977092e-01 3.742299825829101811e-01 3.674787407309730303e-01 3.983106316488997378e-01 3.662276600338311705e-01 3.770855890457268655e-01 3.744376988381067362e-01 3.769560083300279585e-01 3.794891032344854254e-01 3.778634661527102145e-01 3.785014605938396559e-01 3.855832424035010031e-01 3.921394924007551852e-01 3.715329635906108874e-01 3.727332521317550662e-01 3.726374116605468134e-01 3.961779416804991905e-01 3.749914120872037682e-01 3.724869245101940507e-01 3.694640526355911780e-01 3.518969225553608138e-01 3.735129080545925295e-01 3.821822311554393670e-01 3.686900325184063743e-01 3.501706717307793149e-01 3.549144500202496277e-01 3.644010998097876874e-01 3.765890512489492026e-01 3.723518309057731734e-01 3.792177300622899816e-01 3.684511499415459301e-01 3.674301997488591542e-01 3.786245162468311887e-01 3.863234183781848463e-01 3.638328841498238431e-01 3.668158602714113314e-01 3.723233467365306137e-01 3.687647131546485380e-01 3.690477565670942650e-01 3.733937405366512530e-01 3.617824098773504415e-01 3.731222407747088465e-01 3.754499812437955275e-01 3.761700428053120215e-01 3.894487555638774245e-01 3.737437491716637528e-01 3.741164324483383097e-01 3.668658851464438597e-01 3.769217357080115183e-01 3.756201507009134799e-01 3.700239655875490752e-01 3.863510070395589358e-01 3.866891553987567565e-01 3.823051847159992800e-01 3.663856144255034919e-01 3.715924949937974842e-01 3.754037459872108240e-01 3.731596782114723898e-01 3.740421120619564221e-01 3.759190536943604610e-01 3.745138641824256598e-01 3.818624629928781822e-01 3.795359736633623360e-01
-1.321413868430277860e-01 -4.042569837996855264e-02 3.174887280699237868e-01 1.000000000000000000e+00 2.829055326189860442e-01 3.218307613920156074e-01 5.397504964880082134e-01 5.524011227242101585e-01 3.754190399797275868e-01 3.549767752113292540e-01 5.360733344356094499e-01 6.609198869862558112e-01 4.920139123523123992e-01 4.925349092780165194e-01 5.687838873350041791e-01 5.601371601036871928e-01 4.637600213857752118e-01 2.095975746935026252e-01 3.164212165912195784e-01 4.496446339895348032e-01 3.172824393932724973e-01 3.995569494696260548e-01 2.287117882316417605e-01 2.206921901986227119e-01 2.897176644978560200e-01 4.426758464048103359e-01 4.300112368958702858e-01 4.298713616082044386e-01 2.414851916668123433e-01 2.927875339407559618e-01 3.901573515901786138e-01 4.385335051167892351e-01 3.991790868138376802e-01 4.031982350405368676e-01 3.555647564530223237e-01 4.990001739567658801e-01 4.105878234544619865e-01 4.930888089507491356e-01 4.828833560818088788e-01 5.518215206844346854e-01 5.463938243397682415e-01 5.470763857291076615e-01 5.670108796799259165e-01 5.809714742545205590e-01 5.616606073019423384e-01 5.074518840064243808e-01 5.546141376172665227e-01 5.263178630102169908e-01 5.460865404829631231e-01 5.495429917255025831e-01 5.548925434738026796e-01 6.290670818403319986e-01 6.007744688718010817e-01 4.928899873281211153e-01 4.934744759450871987e-01 5.070277547141867069e-01 5.603429083788229459e-01 5.481738363585300089e-01 5.279374304822315178e-01 5.559881221714797483e-01 5.571512507159569472e-01 5.446671951950212698e-01 5.347468005456348372e-01 5.452521531549100464e-01 5.479435083653355631e-01 5.740138467826960689e-01 5.322645978350556417e-01 4.788144574898025030e-01 4.774189555176278632e-01 5.469073084244031602e-01 5.077392000912723802e-01 5.090647639221628218e-01 4.542386198487229354e-01 4.539940549428049810e-01 5.208117476224350950e-01 5.239782835316615373e-01 5.119909592569703571e-01 4.279222469119440819e-01 4.938116384267571823e-01 4.671909297898880764e-01 4.754763982779093290e-01 4.921448147314670951e-01 5.074296218739587916e-01 4.785359621472493608e-01 5.270817287662529216e-01 5.002909273118335554e-01 5.214423459794415017e-01 5.280202520775131303e-01 5.244299971867221188e-01 5.069078730265266231e-01 5.420487430060153544e-01 5.593397495005226761e-01 5.559706416471823509e-01 5.454439412861871173e-01 5.591070147000970492e-01 5.431563816721288740e-01 5.945773419785922442e-01 5.767371435382599998e-01 5.647573571969487505e-01 5.721758103932811368e-01 5.702524978316492188e-01 5.593565954678274554e-01 5.916095601522852743e-01 5.711092400039350370e-01 5.850252573568153203e-01 5.627055248276148225e-01 5.577093368531440554e-01 5.219228366993394763e-01 5.140680820569120124e-01 5.550056385502670775e-01 5.495406742430023472e-01 5.535270207170991386e-01 5.450878291247729379e-01 5.498547511196482107e-01 5.465157070885455770e-01 5.717774063328383560e-01
-2.849334872258637782e-02 4.463839623129019218e-02 1.809654542286585344e-01 2.829055326189860442e-01 1.000000000000000000e+00 2.879586379456690048e-01 4.117730531088586443e-01 4.188087541357857213e-01 3.926319034167938260e-01 3.849756517328309369e-01 4.098199597966314944e-01 4.344807118553426495e-01 4.330008744420058564e-01 4.188551838837537011e-01 4.602744470785429254e-01 4.702509477523439396e-01 3.923277397732815031e-01 3.713088595260896074e-01 4.015475718158787455e-01 3.487052953853641557e-01 3.522609983623723462e-01 4.095631544688582704e-01 3.748759687285515563e-01 3.682569958236152630e-01 3.808255228176932738e-01 4.252827231302578892e-01 4.199750347176215426e-01 4.357050436911626967e-01 3.729675738901707116e-01 3.848452060965760202e-01 4.347433094332573966e-01 4.377915594585528036e-01 4.002462928840238021e-01 4.280202939535914797e-01 3.966197516227722986e-01 4.301412673254198515e-01 4.242224842848410504e-01 4.577839448035984637e-01 4.570663504839315716e-01 4.360370273892824056e-01 4.586849621189948989e-01 4.637674376444038682e-01 4.672278054898985067e-01 4.688106629316328156e-01 4.517984392535823179e-01 4.635902308391300908e-01 4.635183897231560102e-01 4.618410181188735142e-01 4.461879687312270137e-01 4.364670885157992952e-01 4.608998522545457166e-01 4.397407133578251082e-01 4.521241636369341399e-01 4.514690392833352051e-01 4.566991774401463200e-01 4.667263643237125614e-01 4.442380100416372102e-01 4.654933970003892196e-01 4.561295945026822007e-01 4.650475509038931587e-01 4.700545158483023234e-01 4.551186034751661946e-01 4.498529456054226605e-01 4.556531385852752858e-01 4.446083681760376605e-01 4.529436572009197803e-01 4.617565581641006611e-01 4.638754637801363878e-01 4.612298452474785648e-01 4.584197700363861205e-01 4.603822301184583021e-01 4.646611817711823189e-01 4.561742852196273290e-01 4.585028872984546200e-01 4.591847452197980739e-01 4.581474840930813142e-01 4.589342776390245571e-01 4.390107509744831660e-01 4.566686549665122663e-01 4.461021016581807053e-01 4.508962780883691290e-01 4.553012689210063080e-01 4.583198509727249848e-01 4.459344602497783971e-01 4.549529919260907884e-01 4.606694323365473354e-01 4.577217047235002667e-01 4.614998077607467275e-01 4.600342548397966524e-01 4.630233733245427974e-01 4.550237072519655590e-01 4.649193214520863648e-01 4.666941710951929001e-01 4.647427266132352908e-01 4.628855691112718773e-01 4.622346623876728011e-01 4.520183125013883529e-01 4.530732114391871623e-01 4.670449795016858863e-01 4.626657338589368895e-01 4.711304054374388928e-01 4.649862896647259936e-01 4.604954137865544528e-01 4.676259145096371417e-01 4.632060619626709452e-01 4.582500034227018904e-01 4.545952122768069370e-01 4.640451878182674239e-01 4.618962995546346262e-01 4.663309854258754772e-01 4.641872362477663105e-01 4.634742044607782496e-01 4.604540455777771379e-01 4.633587900293724138e-01 4.527993292200779285e-01 4.627059570234318686e-01
2.153098242099539192e-02 7.511240509983638236e-02 2.314840243351783400e-01 3.218307613920156074e-01 2.879586379456690048e-01 1.000000000000000000e+00 4.684019434705167240e-01 4.524446961199686257e-01 5.051568143066333949e-01 4.830071643780725066e-01 5.329341640606801711e-01 5.455611340435020384e-01 4.966599544759164320e-01 5.178100154776481556e-01 5.627750870554891760e-01 5.506561627961564787e-01 5.170451626468350881e-01 4.207956041904459266e-01 4.900090188213678255e-01 3.823117186691808445e-01 4.287020782838508737e-01 4.983518062837729024e-01 4.534277879350527840e-01 4.339166617969120732e-01 4.720176228547031116e-01 5.467373220352598207e-01 5.588045752604685612e-01 5.682773754124523791e-01 5.054010961655670542e-01 5.224732716900585272e-01 5.605307052673650370e-01 5.490885513203279666e-01 5.238505471845480432e-01 5.238905189093979731e-01 5.208629901272195939e-01 5.442351040574219256e-01 5.464672933280757539e-01 5.816785483418280833e-01 5.783648445682966210e-01 5.613425166975414271e-01 5.866793846902772502e-01 5.905014898903521159e-01 5.731320481658135346e-01 5.891151663002993644e-01 5.881118685641688604e-01 5.949733808032175997e-01 5.879949177893943890e-01 5.886856547806943452e-01 5.825338131476726078e-01 5.575633260206950270e-01 5.828110537894983789e-01 5.447248427512155766e-01 5.740147316542021372e-01 5.767436492199530251e-01 5.788678205206730931e-01 5.840886966132127212e-01 5.603579725896209451e-01 5.898567514013425273e-01 5.848315412345560516e-01 5.849821330007611841e-01 5.870095705152003074e-01 5.815565610401755015e-01 5.759989217442157416e-01 5.713284071561016697e-01 5.807821181062511329e-01 5.768118016820439342e-01 5.904887644503616917e-01 5.852695692606917355e-01 5.788224108970880799e-01 5.681154323941800532e-01 5.859583684215222688e-01 5.914215608775230670e-01 5.671391208301388431e-01 5.770886000018391471e-01 5.930941977229833295e-01 5.905036960559195691e-01 5.935409823280358710e-01 5.763289563212117272e-01 5.930088714108565640e-01 5.756148130063061252e-01 5.810966872427275609e-01 5.879661980223681583e-01 5.864968768968760182e-01 5.804119510012724081e-01 5.826130508370708228e-01 5.806346534619075683e-01 5.888328243704433751e-01 5.936130536590228379e-01 5.918994710374071433e-01 5.869694243822011215e-01 5.899325591238151478e-01 5.961950288199737713e-01 5.934653780225208619e-01 5.966437181593344796e-01 5.908174488874223806e-01 5.919427841139358604e-01 5.843662065192075650e-01 5.789620459006010744e-01 5.914207161477944563e-01 5.925077420129793992e-01 5.916935113311895256e-01 5.919506164105111656e-01 5.869019331585458854e-01 5.917548289741489942e-01 5.885308892978611262e-01 5.837927062535559486e-01 5.882022601438267051e-01 5.899315456982821004e-01 5.899794791264520999e-01 5.931429762156266161e-01 5.939298748873264033e-01 5.913199072210895135e-01 5.906933065013748596e-01 5.900189903714941897e-01 5.894572696672476519e-01 5.873139827218870623e-01
-5.373119329378034381e-02 9.256000419749516039e-02 3.160986523480270871e-01 5.397504964880082134e-01 4.117730531088586443e-01 4.684019434705167240e-01 1.000000000000000000e+00 6.971418790474368521e-01 6.346788158712075578e-01 6.123315129235022969e-01 7.163985295362205186e-01 7.757876668932944808e-01 7.001762405938295464e-01 6.901285099774396858e-01 8.163086268761053921e-01 7.755083793194641473e-01 6.728836399694270165e-01 4.987853597042938847e-01 5.928022965490438168e-01 5.920650594230320030e-01 5.348127057812127605e-01 6.274299544619520441e-01 5.440121856174782167e-01 5.154262986568783900e-01 5.757199259358597443e-01 6.992087275096494636e-01 6.998605084119121633e-01 7.023383833944444321e-01 5.726718660760995450e-01 6.024451417456617719e-01 6.894838985145446131e-01 7.047854722302241415e-01 6.453193424851721982e-01 6.716541911241686869e-01 6.281589005845481521e-01 7.123026375954444323e-01 6.905541437537499050e-01 7.435386388308711236e-01 7.422987306108996819e-01 7.348159369643993966e-01 7.739039450319166180e-01 7.722438097761687992e-01 7.827305760127101220e-01 7.958292473308402615e-01 7.732242886047304697e-01 7.637907822721127227e-01 7.798486356663841823e-01 7.761866572743560955e-01 7.755365992705898215e-01 7.599177178693033996e-01 7.855394372142441295e-01 7.743462153138527260e-01 7.833649033574141551e-01 7.557354258327496632e-01 7.504406628657883660e-01 7.635549884750887362e-01 7.613677090542388948e-01 7.754125248313551433e-01 7.678933697735177422e-01 7.868814066553229125e-01 7.865048948766756309e-01 7.736700585770163174e-01 7.625419472574564983e-01 7.771524470960260444e-01 7.665091654859450543e-01 7.893223938885408630e-01 7.749756151636946200e-01 7.502022197281743576e-01 7.553700114220909256e-01 7.721938029124281178e-01 7.562852702478360944e-01 7.646786416091342353e-01 7.229203789952775017e-01 7.345110338835575403e-01 7.724099174590424166e-01 7.733353648361808164e-01 7.716558391626293645e-01 7.167473152710182038e-01 7.573568763024742800e-01 7.383784013385978895e-01 7.503966293085304606e-01 7.557235310194171385e-01 7.649090817286188226e-01 7.440518568684100220e-01 7.725262449858358860e-01 7.589667826797610317e-01 7.647353971655369564e-01 7.736329623191418037e-01 7.708113099527581502e-01 7.690736291411448544e-01 7.725487442270263516e-01 7.885214054086497892e-01 7.819087510324014278e-01 7.830820865754306581e-01 7.870639254957636499e-01 7.811456067555206939e-01 7.736608586819693212e-01 7.889149311477662296e-01 7.916163670833864519e-01 7.907224655178531902e-01 7.892572299379662093e-01 7.842506776829460957e-01 7.925163139260275047e-01 7.885066358160340849e-01 7.872219273328396882e-01 7.794998710077986059e-01 7.851317872945561271e-01 7.761287827661076388e-01 7.714303828779615069e-01 7.868510701515728512e-01 7.810174583261109138e-01 7.855087102237351404e-01 7.768996841133928299e-01 7.814389826820745677e-01 7.753396227855373635e-01 7.895349945857442764e-01
-3.156054667080263748e-02 8.301875211497693197e-02 3.085970822102461208e-01 5.524011227242101585e-01 4.188087541357857213e-01 4.524446961199686257e-01 6.971418790474368521e-01 1.000000000000000000e+00 6.265655919191914780e-01 5.876074228058300042e-01 7.101776862343793795e-01 7.650618655077547903e-01 6.865719144785893402e-01 6.698744610486968565e-01 7.648626822264270597e-01 7.769578849607037263e-01 6.586948388553949263e-01 4.911063412920458893e-01 5.779863669987013175e-01 5.603221828996997056e-01 5.350155908483849032e-01 6.186335487499171615e-01 5.143739845529421428e-01 4.915943296811106089e-01 5.498984931935294584e-01 6.893141939802891471e-01 6.893002451613058357e-01 6.782558355041484743e-01 5.443681844728351926e-01 5.865433414786810351e-01 6.705965656042535139e-01 6.916852616451345526e-01 6.386018523490980536e-01 6.573119337061630318e-01 6.196059184000548559e-01 7.004686264464596857e-01 6.705420716283865268e-01 7.222995082209164863e-01 7.227108670365334220e-01 7.245618034567380406e-01 7.535446774528237190e-01 7.507940366134957522e-01 7.630680565839035312e-01 7.740925064873294126e-01 7.571403880125554542e-01 7.324486471203593974e-01 7.640318223191417957e-01 7.559350784961297309e-01 7.562870313227239016e-01 7.385528657439253131e-01 7.625768058486916967e-01 7.646617797646839687e-01 7.693361407334594615e-01 7.394663431661272490e-01 7.411642446525831263e-01 7.405001770000174677e-01 7.620929046013681374e-01 7.585094073522794522e-01 7.548490511726677621e-01 7.669671212061267562e-01 7.705201809924298040e-01 7.599862547708017280e-01 7.569389935400306912e-01 7.614863012904822259e-01 7.546365185420570443e-01 7.691161211507124840e-01 7.513826597298629562e-01 7.269800937220841641e-01 7.270933413336289064e-01 7.509378813204380387e-01 7.376047630628712604e-01 7.424696299202131478e-01 7.008542666948247568e-01 7.076887944000195274e-01 7.499897195324088939e-01 7.480676005248113603e-01 7.410669508949878637e-01 6.866042655280756302e-01 7.302598238791701002e-01 7.148350056935384167e-01 7.247968402279910682e-01 7.303635336343899942e-01 7.420880157765784579e-01 7.231291039885485716e-01 7.496767583430387072e-01 7.354715098323372224e-01 7.459546262605403211e-01 7.483769257354346838e-01 7.487220780495890127e-01 7.424639953148189919e-01 7.532733874631970528e-01 7.647076110082250411e-01 7.611649017882862189e-01 7.574389218466252016e-01 7.640664818759683730e-01 7.610456367464253358e-01 7.659439833665738773e-01 7.674511856382520980e-01 7.703711517064222303e-01 7.674853127823720866e-01 7.706265577455930771e-01 7.675833381003657196e-01 7.692151813127382498e-01 7.689769867236235790e-01 7.682351982652778632e-01 7.689260947481656450e-01 7.630387273722538666e-01 7.515542192698295709e-01 7.513271178165703557e-01 7.646639481276441552e-01 7.639594332962631462e-01 7.637101844744990098e-01 7.611083280957160468e-01 7.608241586184869565e-01 7.560837446330882505e-01 7.676300197885023158e-01
1.971588673479949538e-01 1.935897246538771654e-01 3.260053308225241420e-01 3.754190399797275868e-01 3.926319034167938260e-01 5.051568143066333949e-01 6.346788158712075578e-01 6.265655919191914780e-01 1.000000000000000000e+00 7.483923882988172682e-01 7.611452982508756238e-01 7.251350366700682892e-01 7.193972907002273987e-01 7.453405346387982355e-01 7.964873988892333667e-01 7.823435385636317019e-01 8.037383774792971058e-01 7.323622752670423397e-01 7.750849744252318319e-01 5.842687054970442384e-01 6.916479875836354374e-01 7.436697666615061930e-01 7.571958750374314651e-01 7.375731180256327457e-01 7.529021040621629579e-01 8.300361575870612851e-01 8.430311522811214653e-01 8.249050263288393303e-01 8.078632921097312902e-01 8.362199608358094061e-01 8.670305976573867701e-01 8.614889731002645101e-01 8.192619499590839682e-01 8.420848309600249548e-01 8.316804588837103385e-01 8.176282511173863510e-01 8.466396644381318781e-01 8.325083569246976012e-01 8.555669181895414477e-01 7.701320821586133958e-01 8.356252622550593978e-01 8.155083251359525054e-01 7.812379170657680616e-01 8.171487126108393229e-01 8.298765740993133688e-01 8.214643556706967553e-01 8.348341325373402899e-01 8.636882568022039575e-01 8.482999754147324545e-01 8.048859376186389136e-01 8.347987257703582964e-01 7.600551364965268952e-01 7.979112169712566649e-01 8.678129368691570589e-01 8.555363544060459180e-01 8.535397782582621051e-01 8.343174985846789626e-01 8.315129272224058843e-01 8.478069332316819917e-01 8.421285534505156267e-01 8.321924829311720950e-01 8.430644786185473860e-01 8.383212686865822993e-01 8.517754252003808535e-01 8.521332913810339971e-01 8.431915516431615076e-01 8.562742492605387445e-01 8.643829087149088597e-01 8.683098971193294879e-01 8.307069576110088782e-01 8.535984961611835509e-01 8.596504180457082978e-01 8.562876148950552269e-01 8.551709785537455755e-01 8.552581860037086203e-01 8.587665259191975542e-01 8.505097336824914978e-01 8.594834745468679094e-01 8.492082921344539237e-01 8.605895135393930584e-01 8.659180900599724451e-01 8.620466855353786650e-01 8.730689392642404512e-01 8.639441692824240127e-01 8.421393088253227299e-01 8.623120434893727371e-01 8.600725270963244240e-01 8.450669514031408092e-01 8.475479962105096909e-01 8.621416131390886584e-01 8.376085029089730405e-01 8.302243387919605588e-01 8.404223195764726206e-01 8.316745063359886059e-01 8.339604470047888851e-01 8.479391363405881510e-01 7.933536563427375787e-01 8.330297829444841540e-01 8.282893517098131042e-01 8.269006763045761987e-01 8.124680397057177927e-01 8.363535532899127878e-01 8.135889889681620080e-01 8.247807774065021302e-01 8.279640924322800855e-01 8.399751677283201490e-01 8.452405541563744462e-01 8.542289934466938961e-01 8.562153193977543042e-01 8.403657368756540791e-01 8.381353317194494279e-01 8.433066075317893207e-01 8.424976736932073829e-01 8.463653455613666665e-01 8.547502654940501987e-01 8.354169904156081294e-01
1.160021335412832338e-01 2.158842718538621641e-01 2.932705142280234156e-01 3.549767752113292540e-01 3.849756517328309369e-01 4.830071643780725066e-01 6.123315129235022969e-01 5.876074228058300042e-01 7.483923882988172682e-01 1.000000000000000000e+00 7.146011071037813300e-01 6.867131969798058178e-01 6.679804903977811792e-01 6.979822876693063671e-01 7.563021954422806115e-01 7.367461970696784768e-01 7.208551672807480548e-01 6.153140776208966267e-01 6.665259275961588070e-01 5.127568799742046046e-01 5.763316176121128231e-01 6.487076537366165407e-01 6.586473673891819480e-01 6.284159745052980695e-01 6.464493953157318673e-01 7.367962184419630800e-01 7.548385067402623161e-01 7.634213464961202567e-01 7.367519326134289726e-01 7.469091164668306693e-01 7.933012553267623224e-01 7.656879647699484925e-01 7.290022994846271365e-01 7.405543057046496402e-01 7.321630906923146664e-01 7.311755873075715950e-01 7.558048609093409587e-01 7.785988446092935167e-01 7.875411147466936379e-01 7.251037020951545120e-01 7.802268877202380715e-01 7.743950563258762410e-01 7.366803452253424256e-01 7.702732111079649835e-01 7.736512993617427059e-01 7.799553995610916113e-01 7.891564817574355795e-01 8.074470951552202846e-01 7.844576074478974981e-01 7.316991994586347081e-01 7.743969516173191403e-01 6.921734342123958550e-01 7.415978818644989312e-01 8.027942939668724076e-01 7.894849661248514172e-01 7.928513721400605174e-01 7.570165101533200547e-01 7.863605331962301159e-01 7.893590715499421151e-01 7.859770123658224028e-01 7.769083314516266325e-01 7.884531428459816693e-01 7.742106629579662558e-01 7.806059244818056575e-01 7.821260562799231542e-01 7.770272182507151904e-01 8.003482823180556593e-01 7.960872737594804072e-01 7.966509453766620341e-01 7.625351976508257801e-01 7.850895979578002004e-01 7.958380263741394733e-01 7.790658604778020191e-01 7.878592391855828714e-01 7.972287861690932065e-01 8.008318850144078294e-01 7.991767830863730770e-01 8.014992269649988677e-01 7.956802742821074137e-01 8.026281630033580416e-01 8.010217133932164835e-01 8.075131914609591233e-01 8.018803786431233371e-01 7.990580642950705359e-01 7.868303655748360992e-01 7.937174114361164046e-01 7.970618758651445424e-01 7.963609491716022726e-01 7.971455936348039728e-01 8.027413705112778075e-01 7.873767053096729640e-01 7.875552421214927490e-01 7.925441690489427593e-01 7.906243041709519748e-01 7.896356520074446772e-01 7.996016750623368141e-01 7.499662853912031357e-01 7.657217452346909425e-01 7.816873647026778560e-01 7.791758977026699284e-01 7.740089820995375014e-01 7.855288613344596493e-01 7.675687768599248617e-01 7.813553458982440691e-01 7.745852074256177611e-01 7.796590247580350574e-01 7.897801782990536701e-01 8.025796248533276778e-01 8.016449047723210874e-01 7.913070080789142979e-01 7.908669224993825075e-01 7.945737840988533751e-01 7.941343090839959595e-01 7.931172138665362192e-01 7.941225090693208033e-01 7.847062534390134569e-01
7.795687210275573792e-03 1.415264670542892844e-01 3.599589352573179801e-01 5.360733344356094499e-01 4.098199597966314944e-01 5.329341640606801711e-01 7.163985295362205186e-01 7.101776862343793795e-01 7.611452982508756238e-01 7.146011071037813300e-01 1.000000000000000000e+00 8.467642496475865643e-01 7.639142087148583782e-01 7.831644566320586920e-01 8.595178079333828380e-01 8.506777588983870375e-01 7.902077977020611765e-01 6.447002463970590291e-01 7.175298003126450164e-01 6.224346819718457047e-01 6.413616530303418717e-01 7.273119748217589109e-01 6.720855755076537985e-01 6.491750288328564933e-01 6.905446844319131916e-01 8.133804528510265586e-01 8.297435146864214905e-01 8.243878799933186396e-01 7.373579747367062787e-01 7.626611177302901057e-01 8.412674095083515491e-01 8.338018145109171719e-01 7.898595821979539355e-01 8.058285597235849140e-01 7.835092152312295166e-01 8.230433178908297398e-01 8.243562266444669495e-01 8.578689271142212469e-01 8.675963518960735366e-01 8.362003596621533363e-01 8.823098513273435195e-01 8.720688915796884766e-01 8.601570231340284201e-01 8.845106130373383557e-01 8.801859245438611312e-01 8.711210138596919839e-01 8.897180874550029150e-01 8.889990211079302762e-01 8.835745338583397279e-01 8.467687459704937858e-01 8.794439002603856581e-01 8.464797120695511934e-01 8.793722441228484232e-01 8.723466831748084571e-01 8.681868186635466333e-01 8.734704399858875812e-01 8.679584977952181646e-01 8.831832141598016106e-01 8.787870030369336893e-01 8.889418619393418819e-01 8.899692157968931427e-01 8.847376781185779526e-01 8.746299750574944021e-01 8.821223000986276874e-01 8.823551844255438370e-01 8.872691345158012499e-01 8.904114316837418164e-01 8.769354294880039591e-01 8.757868926052733149e-01 8.737942298460500412e-01 8.771268867650109380e-01 8.823558703402077930e-01 8.567522835061038844e-01 8.622171869581567449e-01 8.906624863366214839e-01 8.905590571186909887e-01 8.861686736421258148e-01 8.609850239472427447e-01 8.755386984669291106e-01 8.704032302851174574e-01 8.776216990440064425e-01 8.820636535156249902e-01 8.834555172034002091e-01 8.788780852696994605e-01 8.858319106593114389e-01 8.824589325227257808e-01 8.900701231544141390e-01 8.889535025210222319e-01 8.896278398667669673e-01 8.811159610299993394e-01 8.884668116359664136e-01 8.929353085147659908e-01 8.937946000712483352e-01 8.895674610234235447e-01 8.939060917436558729e-01 8.953475003432821433e-01 8.757801466724181028e-01 8.810383366331787647e-01 8.936115729511315831e-01 8.915092679166468637e-01 8.860066648532902711e-01 8.919409751389286711e-01 8.889395681828787810e-01 8.908143838493299826e-01 8.925364235002219981e-01 8.876938222771466602e-01 8.920759989714047711e-01 8.899815591401499804e-01 8.890852627617348292e-01 8.947942284197624163e-01 8.923128912529875167e-01 8.946678132046375076e-01 8.912167925336629271e-01 8.939506869952201784e-01 8.918483721865789748e-01 8.943687799423918339e-01
-7.180761974274403603e-02 6.583754886329143408e-02 3.741530876961536300e-01 6.609198869862558112e-01 4.344807118553426495e-01 5.455611340435020384e-01 7.757876668932944808e-01 7.650618655077547903e-01 7.251350366700682892e-01 6.867131969798058178e-01 8.467642496475865643e-01 1.000000000000000000e+00 7.928159122185483021e-01 8.078551912990866724e-01 9.011455328506050577e-01 8.883438502386894475e-01 7.816661960640004514e-01 5.428784213356139254e-01 6.538509862545224260e-01 6.453790843985259817e-01 5.920865333894411719e-01 6.949557651990991847e-01 5.827345780232082717e-01 5.585629540777687918e-01 6.134585026990099221e-01 7.820096501076588824e-01 7.890938391174243671e-01 7.875760507543081435e-01 6.402544470222482076e-01 6.777138207227055844e-01 7.878226550858519195e-01 8.010444566805414723e-01 7.449756024380088659e-01 7.600393610141874534e-01 7.162073959817613078e-01 8.124705455506728846e-01 7.727287260384326784e-01 8.557547324847525338e-01 8.519168418721464464e-01 8.551934229061554094e-01 8.934019137696296298e-01 8.897018051652572090e-01 8.894657441129388831e-01 9.197267964735038603e-01 8.985027922401732647e-01 8.767304581671641062e-01 9.164262915463861070e-01 8.981236117487219062e-01 9.042648371990281708e-01 8.736266147625542100e-01 8.986010042265871745e-01 9.049847581294421239e-01 9.266692023785199073e-01 8.696851716917306518e-01 8.642183035543702374e-01 8.677795343700128727e-01 8.917297182638348474e-01 9.075257522331194870e-01 8.931310116043438274e-01 9.165554993934782457e-01 9.182810172856098463e-01 9.045073875768692151e-01 8.922696465138219013e-01 9.027832175608381249e-01 8.994306662016690046e-01 9.144459348651781117e-01 9.024008187291991945e-01 8.633292599357894614e-01 8.617574747828029569e-01 8.897296106407687200e-01 8.742898185207984563e-01 8.800236795566339643e-01 8.346087764545648824e-01 8.404589394756177834e-01 8.952970848290520145e-01 8.925794909067308325e-01 8.872905685290038980e-01 8.282943769534670819e-01 8.706482967029267606e-01 8.557109396319325656e-01 8.619118111642821711e-01 8.743755555460033246e-01 8.781881080267791573e-01 8.625540351693982144e-01 8.940281391050581838e-01 8.756942125686735245e-01 8.890943312630283923e-01 8.987286092457242859e-01 8.973064498958296387e-01 8.776444086999175553e-01 9.003889700366440874e-01 9.174449980241364822e-01 9.144462210006000236e-01 9.085922195698037385e-01 9.204166203108833377e-01 9.123226498266620021e-01 9.158232129448922176e-01 9.136516055007836146e-01 9.222838426499099240e-01 9.202941056113483898e-01 9.179282386435476671e-01 9.177426382169101560e-01 9.326213449233592412e-01 9.252880110947064862e-01 9.235797103079680381e-01 9.128040752746005015e-01 9.162878761307267084e-01 8.998823509432772871e-01 8.945754224395290333e-01 9.182653961238415041e-01 9.119489352074752198e-01 9.181758768543568650e-01 9.110158544175301909e-01 9.144969409079001244e-01 9.079718522065299835e-01 9.241521763024145297e-01
4.008706953547944499e-03 1.214976275039651998e-01 3.171435271140587431e-01 4.920139123523123992e-01 4.330008744420058564e-01 4.966599544759164320e-01 7.001762405938295464e-01 6.865719144785893402e-01 7.193972907002273987e-01 6.679804903977811792e-01 7.639142087148583782e-01 7.928159122185483021e-01 1.000000000000000000e+00 7.437163818870253795e-01 8.317850106082845807e-01 8.189902034878749904e-01 7.185891107306450198e-01 5.883428916093718097e-01 6.682473112623448230e-01 5.604015985918860965e-01 5.847116181010530989e-01 6.781472436879593113e-01 6.213299280792613510e-01 6.051587624258635278e-01 6.406279691077348959e-01 7.525961391994500094e-01 7.719316377148036645e-01 7.741807156185963601e-01 6.941644987754348461e-01 7.197137901447044905e-01 7.832215409933949157e-01 7.771784654708918660e-01 7.453886425164542029e-01 7.508158964133594404e-01 7.399369000774506100e-01 7.625440144358578420e-01 7.679468540309556390e-01 8.156949445170146307e-01 8.222173274342292615e-01 7.791283762212163344e-01 8.252676067707296337e-01 8.276868980757702277e-01 8.133557091777294801e-01 8.386747185673515403e-01 8.246312325510002372e-01 8.268606931310855668e-01 8.409855371088587050e-01 8.401554569058697908e-01 8.323693870406425610e-01 8.019361672085335568e-01 8.303726267444245801e-01 7.916367408629106928e-01 8.258533208550632443e-01 8.213791708576643202e-01 8.136220054112246469e-01 8.158199836335114918e-01 8.104377001557575566e-01 8.381456045097123164e-01 8.291945670234808219e-01 8.465487949112034949e-01 8.461443068851167704e-01 8.334911257904118465e-01 8.251525295721663378e-01 8.361496158038106419e-01 8.250401785507600616e-01 8.342806010229980584e-01 8.411003107983310301e-01 8.241354435063142914e-01 8.236264289730111932e-01 8.154557548566063740e-01 8.227072035654088289e-01 8.315459574386284691e-01 8.033366646455938342e-01 8.131246609143094606e-01 8.379041269614644349e-01 8.396921683423036464e-01 8.367695762009730309e-01 8.121604812160273523e-01 8.304217701910482363e-01 8.244029322315321595e-01 8.298796794847187464e-01 8.357715843015579571e-01 8.276421237018839472e-01 8.280019823202076079e-01 8.374063212217014440e-01 8.316192386390179880e-01 8.368531480449937776e-01 8.410637562172597059e-01 8.448938106265539982e-01 8.246621761912902304e-01 8.373130581284395912e-01 8.460451187111021065e-01 8.454168647067316078e-01 8.445041386643512560e-01 8.473328747182563569e-01 8.453328818974609193e-01 8.200946584330368605e-01 8.322050647945371527e-01 8.458102122367018305e-01 8.422357203453362251e-01 8.421106117595994478e-01 8.436867432522626720e-01 8.418901396948862415e-01 8.473472028393089772e-01 8.405684288507658808e-01 8.356357794425707253e-01 8.423559275110644728e-01 8.419909351108258999e-01 8.378323228837247783e-01 8.463147436210873842e-01 8.396751446806652863e-01 8.496951311213343239e-01 8.428066621374304956e-01 8.479716568377145824e-01 8.385697823941928863e-01 8.446212845491627430e-01
