1.000000000000000000e+00 1.119724657971275100e-01 1.119111762181977526e-01 8.863692252544883021e-02 2.657424971875413031e-02 -2.337899317293757294e-03 3.140213196070581331e-02 3.922416313817749661e-02 1.830711085926886583e-01 6.411105849536413714e-02 6.674556322096074357e-02 3.568093927349028083e-02 2.206385215157214037e-03 1.041743302603118093e-02 8.183110735616110076e-03 3.096983146862664071e-02 9.644928718431039494e-02 -3.637699837350517884e-02 -4.195362907629229116e-02 -1.259143184917257442e-02 -2.893146691330469172e-02 -2.622602264104074640e-02 -1.771938246213490163e-03 -1.029981382215244823e-01 -9.427384984267694890e-02 7.674320219892297179e-02 6.764893950299637193e-02 4.346691020886562368e-02 9.260714357226237925e-02 9.996809484086255360e-02 8.232751904160363898e-02 1.157622508379731706e-02 2.047819037089834357e-02 -2.298672240099198377e-02 7.301801665427927468e-02 -1.417730541401669448e-03 3.634474185808435343e-02 -3.897542160608481743e-03 2.818242447398058154e-03 -7.069898717867052762e-02 1.713659863643885242e-02 1.355353820225467737e-03 -4.101987370853286963e-02 -1.908828406957791468e-03 4.181664920645655932e-03 1.968277167774531988e-02 5.276639017672969494e-03 1.721495426528955180e-02 3.018285594160148577e-02 2.637581799580802563e-02 1.435217435667754046e-02 4.975862115811897218e-02 1.958872978368356860e-02 4.035679271151929037e-02 3.070329091622870515e-02 3.412036828935034044e-02 8.953873864112106562e-02 2.758848921397605725e-03 8.772289804329608948e-03 4.200268206406046478e-02 8.112105871439841825e-03 2.003983824351652371e-02 2.078680395102295436e-02 3.809476406853408437e-02 6.621535733344413588e-02 7.292407882645522699e-02 2.024287359545855897e-02 -9.955056880035279346e-03 1.364223325247714350e-02 9.322920692847305735e-03 -1.901507721304775134e-02 -8.029431333115693084e-03 -4.187770435299493360e-02 -3.791768855011750511e-02 3.249616689996995961e-02 2.417939623596244286e-02 2.068145852426844442e-02 3.389017663117136619e-02 4.038424862911481512e-03 4.239178764000878230e-02 2.673915109950489311e-02 2.587173976095147321e-02 2.697293219320684443e-02 3.528209146445564909e-02 4.987015192511579618e-03 -1.611708143319139433e-02 1.983477866015921610e-04 -1.126803914960990008e-03 -1.397198076998494055e-03 -9.335671795594194721e-04 -1.706607022219883835e-02 -2.877609377316586552e-03 -1.071020244251271770e-03 -1.230482558958839148e-04 7.789686223828936815e-03 9.676464934942632934e-03 7.594778442168090282e-04 6.734835984203083048e-02 9.622329707435631554e-03 9.794705617019222946e-03 -2.479908895733295982e-02 2.881413772870661250e-02 2.313809723652954578e-02 1.750246561539657228e-03 3.350343983178670493e-02 5.006598707933515580e-02 3.155493536692155487e-02 6.740055059345098284e-03 3.097012380651013169e-02 1.608788570429926443e-02 1.673314219428810807e-03 2.104923611050535034e-02 1.703950341214771971e-02 2.935472441289493570e-02 4.632540135412961668e-02 5.081245283139570329e-02
1.119724657971275100e-01 1.000000000000000000e+00 1.055840168178746319e-01 7.587571141981563905e-02 8.085450606992963807e-02 9.977704916697714699e-02 1.494586582132361730e-01 1.256676713337268880e-01 1.865371067304276709e-01 1.906087610978867974e-01 1.609183807887723527e-01 1.453253059571718575e-01 1.131628553148969346e-01 1.042585904487814269e-01 1.649212626598272891e-01 1.328565139892718128e-01 1.559714694562215342e-01 1.457271120752366145e-01 1.661509653399920738e-01 1.326183831618474585e-01 1.351965052727882588e-01 1.758244967437777584e-01 1.811709056964255771e-01 1.535770877772446863e-01 1.760065185397686471e-01 1.980109447179995430e-01 1.824200260699835041e-01 1.863308662001225968e-01 1.866667448742421187e-01 2.166184253391529313e-01 1.893895502627176153e-01 1.770243437340219272e-01 1.891818306301300268e-01 1.589581763769820633e-01 2.017458564278053479e-01 1.599220964078022500e-01 1.842681375482817241e-01 1.669932374187725610e-01 1.639053498257974084e-01 1.499311522915875994e-01 1.635314429910602052e-01 1.614191819237902059e-01 1.454912076239198715e-01 1.534542503121449075e-01 1.654994441486102585e-01 1.610679490859766583e-01 1.539673269508406994e-01 1.615173056984046396e-01 1.576826733125674673e-01 1.392732001193205393e-01 1.519346611992357932e-01 1.364587135737612700e-01 1.390892051938786567e-01 1.601419631334701776e-01 1.557869176255829435e-01 1.569686736593628451e-01 1.495331919579752089e-01 1.492117679559036569e-01 1.506811066119960740e-01 1.546744394029424818e-01 1.511344356309042292e-01 1.492926605105709681e-01 1.443939080171717237e-01 1.585428177545473438e-01 1.658585882208767348e-01 1.567675159327359680e-01 1.619419796731367267e-01 1.624440828584944874e-01 1.716084016897008180e-01 1.489174511266719292e-01 1.601809803693715339e-01 1.697382644078313241e-01 1.590402949138907673e-01 1.698241076513898606e-01 1.707850397654349928e-01 1.689471425635469537e-01 1.731815008217365004e-01 1.728907075762329548e-01 1.714812537463559217e-01 1.740350201853089751e-01 1.755990750706111214e-01 1.681904462361998587e-01 1.649674372638712805e-01 1.776230458508425425e-01 1.544207532780092762e-01 1.595128166805543923e-01 1.648287507865772716e-01 1.578297820776013161e-01 1.606014646535968704e-01 1.590807165233333320e-01 1.674743006389350641e-01 1.615277349741448543e-01 1.613145931179121306e-01 1.612309441481248329e-01 1.575638462931439887e-01 1.588811705254097040e-01 1.423136720029369029e-01 1.442541044395498628e-01 1.506333417860333257e-01 1.555879067663293314e-01 1.480826873834401314e-01 1.497422968123373888e-01 1.547248455699966607e-01 1.513876835425418677e-01 1.525597036906189696e-01 1.486962474246709964e-01 1.533555625800697708e-01 1.585076616005502426e-01 1.625359632538513344e-01 1.551411457964788077e-01 1.509866154746465627e-01 1.561985972487324736e-01 1.513932630002222668e-01 1.563334064286719394e-01 1.596069580548989675e-01 1.601289394385322640e-01
1.119111762181977526e-01 1.055840168178746319e-01 1.000000000000000000e+00 3.704769532585138192e-01 2.155957193149693751e-01 2.080926257167623750e-01 3.462605289172899226e-01 3.372043320994150828e-01 3.657263177328134995e-01 3.250209266014559284e-01 3.956454913155520448e-01 3.959675005465130848e-01 3.395805202858374061e-01 2.852043760022362484e-01 3.785351759554519968e-01 3.663440066335246215e-01 3.912394749016063766e-01 3.664160732580330482e-01 3.978099308761120501e-01 3.357805528178680610e-01 3.847710180845528849e-01 3.929607824882837552e-01 4.152421908154043662e-01 3.640240193950980419e-01 3.788996987043088960e-01 4.241643233151470294e-01 4.204692251998542463e-01 4.175491381390291634e-01 4.222902453308697290e-01 4.224887006605108630e-01 4.126468770580605239e-01 4.212452916941044068e-01 4.149509768622159922e-01 4.071176086371665614e-01 4.112808441676595317e-01 4.129140562689276317e-01 4.085149435622298375e-01 3.828769510613158067e-01 3.877562101364226410e-01 4.044113758267213199e-01 3.888334403228996816e-01 3.914666123608134263e-01 3.833969096807495758e-01 3.850485915470647225e-01 4.088584230951181064e-01 3.816822681993354838e-01 3.738254448154532117e-01 3.786694094425619439e-01 3.827699939076058544e-01 3.812685076000514317e-01 3.846843928658085221e-01 3.952332510561663570e-01 3.804613548581157190e-01 3.782890759073321285e-01 3.853265868654104920e-01 3.972597319705742369e-01 3.860575433401781109e-01 3.742437166694234096e-01 3.768549003185527324e-01 3.750134069448449181e-01 3.837922573155433392e-01 3.724400621165601666e-01 3.710047002354506240e-01 3.759992925543874653e-01 3.896558109725906105e-01 3.819131703507469555e-01 3.845636267957309173e-01 3.895242049733764755e-01 3.981703832304046009e-01 3.874086111414924427e-01 3.947075856600144594e-01 3.939654246801213011e-01 3.966330242238135795e-01 3.989499767302856492e-01 3.961582004095635101e-01 3.930098939243474865e-01 3.919749716473149292e-01 3.947008873829520037e-01 3.911354728929057334e-01 3.933920204900418494e-01 3.916168326518033593e-01 3.874639049966033255e-01 3.989968041190406489e-01 3.910390573748378507e-01 3.808046362737657620e-01 3.903724598509586419e-01 3.913224135972740436e-01 3.802724795930578217e-01 3.809625361781804886e-01 3.916221109799423727e-01 3.955129066578748076e-01 3.826341441045809089e-01 3.908034299123632205e-01 3.813194673763167231e-01 3.713176280655984263e-01 3.723133433102140399e-01 3.760119419197072710e-01 3.765582854968591020e-01 3.746941476298567553e-01 3.762211864694416374e-01 3.784706983471474162e-01 3.735073309574076794e-01 3.795337552227090461e-01 3.761758915535046710e-01 3.898867243066948540e-01 3.772070552475907390e-01 3.733703041459933702e-01 3.783162727400865011e-01 3.837951081212197524e-01 3.728459664969598908e-01 3.728254141469877214e-01 3.751860674256647932e-01 3.720449821574739468e-01 3.757310034259341291e-01 3.848468328365681201e-01 3.805126874788241631e-01
8.863692252544883021e-02 7.587571141981563905e-02 3.704769532585138192e-01 1.000000000000000000e+00 3.303029902461962486e-01 3.213804853519587335e-01 5.489217256418104096e-01 5.444065543098558502e-01 5.234430893453740907e-01 4.677022485501987070e-01 5.904491277456703768e-01 6.123284220636205921e-01 5.156653888830392551e-01 4.709206695189263048e-01 5.849055046669182634e-01 5.953475198596396289e-01 5.373150967926042521e-01 5.869532074639858266e-01 5.806934145415212356e-01 5.368952605677129730e-01 5.938906658948167605e-01 5.876296600726791386e-01 5.926789370596713402e-01 5.366294825726590778e-01 5.294001206100488188e-01 6.082164770114171226e-01 5.942209653294177052e-01 5.852902178527317201e-01 5.987800549693854668e-01 5.852170236929751246e-01 5.927170873391709449e-01 6.315967086855497348e-01 5.826928046820928353e-01 6.202553983985754638e-01 5.838141235479619162e-01 6.172728137195947484e-01 5.884192808975080569e-01 5.903155805891667773e-01 5.963893731147581478e-01 5.913881211781590874e-01 5.903260785457440374e-01 5.944346266322301231e-01 5.857867345897453948e-01 5.961492340931408007e-01 6.028361300788611654e-01 5.808682411392978029e-01 5.831521922909144173e-01 5.794803632803837701e-01 5.887479198315401785e-01 5.978220695844999044e-01 5.979272345595169069e-01 6.044732104437521292e-01 5.879809685704734390e-01 5.771322327119595696e-01 5.883826741687698814e-01 6.097598478768897490e-01 5.879077821071651000e-01 5.760223564202255897e-01 5.867337332570371489e-01 5.751984783944985580e-01 5.940726531371712804e-01 5.759274424527706104e-01 5.842700550087412958e-01 5.861069982130955314e-01 5.941986021806872076e-01 5.866589060395903665e-01 5.892432851031071950e-01 6.027584324633492585e-01 6.062181619656952236e-01 6.093969915556164407e-01 6.127928156383621872e-01 5.990102898657294617e-01 6.076642135770540243e-01 5.984375188805661772e-01 5.984298751587151521e-01 5.923534604403313253e-01 5.858142823813506928e-01 5.919302302149239692e-01 5.961847031631204441e-01 5.898231009628477350e-01 5.847592594163715241e-01 5.945408362507935696e-01 6.087659275294107220e-01 5.921179902283479901e-01 5.997492980739137503e-01 6.021958391685495737e-01 5.951182774567022049e-01 5.936703817915599535e-01 5.915721410243558465e-01 5.999294422337608790e-01 5.986937023887545228e-01 5.861443460057322863e-01 5.939824773619497567e-01 5.866406313788919968e-01 5.777049776279926663e-01 5.780251756937494489e-01 6.003635127790764026e-01 5.976278367080379850e-01 5.884617937726419612e-01 5.916656333837579940e-01 5.897995163361816617e-01 5.931592608700959612e-01 5.925802317871095015e-01 5.906277135529132138e-01 6.056121692353114705e-01 5.909700509987371175e-01 5.859618207216311658e-01 5.827303960958442053e-01 5.901109179880854594e-01 5.816369679264602466e-01 5.861993267910274863e-01 5.805939796053056767e-01 5.792394171823755933e-01 5.860275102556197213e-01 5.910249980436252937e-01 5.896118392275577769e-01
2.657424971875413031e-02 8.085450606992963807e-02 2.155957193149693751e-01 3.303029902461962486e-01 1.000000000000000000e+00 2.908102540895639576e-01 4.462093993984743157e-01 4.493853761162129867e-01 4.085309868403973477e-01 3.810145072089360929e-01 4.464778882541997063e-01 4.648916444051624519e-01 4.504773956086214892e-01 3.762747784566624620e-01 4.889902616217227105e-01 4.726856597895571777e-01 4.041671733882428175e-01 4.283323313629625040e-01 4.357366583625409406e-01 3.921599730250220350e-01 4.184753831360927823e-01 4.261241838726600450e-01 4.207373130723442434e-01 3.642218861643722327e-01 3.702413527402150240e-01 4.712453238910764841e-01 4.544196972836545556e-01 4.568397148266339913e-01 4.466572829204690231e-01 4.385429691996949875e-01 4.647251988216137275e-01 4.734669155469254376e-01 4.459425172414810401e-01 4.551954429819958237e-01 4.416153852476898956e-01 4.594218964054070931e-01 4.625156597942983172e-01 4.711774434445450410e-01 4.757784608714005770e-01 4.651763069727940514e-01 4.771093213826385071e-01 4.821599752529462379e-01 4.861302068387263753e-01 4.827770176374556188e-01 4.792952513388326063e-01 4.764751466067939645e-01 4.796481470876917119e-01 4.797362614151133853e-01 4.826408103345148914e-01 4.692720768785928476e-01 4.824119197446037344e-01 4.776271028172446309e-01 4.811373323988294981e-01 4.792305107153101984e-01 4.781300950826608553e-01 4.815121201887760383e-01 4.735741886989541793e-01 4.812710244238888602e-01 4.808760200853542388e-01 4.825136638335346673e-01 4.879938610578604119e-01 4.805898927284057431e-01 4.776458560281403032e-01 4.787917217077043985e-01 4.771148943383697882e-01 4.798386116379439459e-01 4.774667805754370664e-01 4.873455430872463690e-01 4.806704711794652640e-01 4.830428442390465871e-01 4.845229441179758623e-01 4.771147036907408823e-01 4.757768977243880815e-01 4.680086524297520922e-01 4.835316219903139645e-01 4.826092809784014448e-01 4.790092532240829426e-01 4.742683433209444188e-01 4.762630165581658304e-01 4.732905601876015722e-01 4.734335065128096875e-01 4.804084122615379093e-01 4.808024644765889200e-01 4.742836338079674530e-01 4.809433070529423593e-01 4.797700991702155138e-01 4.814714410651837473e-01 4.853444736922358227e-01 4.811333081933970579e-01 4.843319729606569424e-01 4.829421546121521747e-01 4.840818662874497025e-01 4.849527318537790177e-01 4.828644850678968647e-01 4.822607545432375242e-01 4.820120964669419306e-01 4.891981204881931666e-01 4.812363786671470800e-01 4.874996153944217703e-01 4.875643918215743500e-01 4.881702640989535325e-01 4.824447762245590576e-01 4.840976448536771781e-01 4.899839476012983197e-01 4.867991965040415758e-01 4.797795021150010886e-01 4.841875261368134842e-01 4.848943082040200192e-01 4.825221208852441546e-01 4.824891995221243790e-01 4.811673702621786508e-01 4.841995521131719493e-01 4.809328887876433423e-01 4.807219541673001806e-01 4.790465735962136096e-01 4.803132528990282646e-01
-2.337899317293757294e-03 9.977704916697714699e-02 2.080926257167623750e-01 3.213804853519587335e-01 2.908102540895639576e-01 1.000000000000000000e+00 4.718902569663371294e-01 4.340143574272223859e-01 4.855735819342373860e-01 4.275820409091615204e-01 5.055003533995724441e-01 5.336135583779587632e-01 4.911970365414261019e-01 4.482502505915871294e-01 5.428771197811764759e-01 5.258298637069701575e-01 4.959191091797542916e-01 4.743212226317447544e-01 4.977906670470580996e-01 4.462509681629530101e-01 4.257807389921572927e-01 4.827913739837051965e-01 4.883636985493337024e-01 4.164452719425257854e-01 4.431231161267751295e-01 5.307794262054907897e-01 5.145408033822230776e-01 5.356748003265262570e-01 5.190475073565786746e-01 5.160264489143724376e-01 5.338850375540038495e-01 5.378634160701118994e-01 5.267359144071001031e-01 5.279731759784693779e-01 5.195090867383422850e-01 5.330489165813745434e-01 5.396475927450645749e-01 5.400113784192509536e-01 5.509290693185321386e-01 5.376332561911358887e-01 5.521387341801196058e-01 5.521925204432740486e-01 5.523011827390365003e-01 5.518942307148194670e-01 5.470275978273798634e-01 5.526862349523993245e-01 5.539811950788126049e-01 5.554874358635178977e-01 5.457524801624658028e-01 5.283275705850537518e-01 5.501459787131727230e-01 5.309436636757117745e-01 5.319140736988545726e-01 5.459901160958848809e-01 5.418452405315682396e-01 5.441077059217671597e-01 5.275419505296891076e-01 5.490328942783141430e-01 5.459993529896537412e-01 5.498775112309420843e-01 5.528496873911784570e-01 5.486976120447587535e-01 5.405058861335308995e-01 5.501863392033990996e-01 5.470423400860133789e-01 5.421995021003449544e-01 5.558789717541191555e-01 5.548631821114852203e-01 5.571552273300176550e-01 5.465381128703751257e-01 5.505277894369234870e-01 5.520495779701296568e-01 5.416112928214015243e-01 5.452552665168517443e-01 5.552927178481812387e-01 5.518663291442216234e-01 5.536887990035848084e-01 5.538865543159257054e-01 5.534593994202476885e-01 5.510048229000874542e-01 5.547094927596050162e-01 5.542148785780036668e-01 5.569236717001897485e-01 5.550384489124929877e-01 5.545120964909848738e-01 5.588334745962469929e-01 5.596349409209163683e-01 5.578671021827498189e-01 5.554319529526093868e-01 5.563284229842361261e-01 5.582446862735516158e-01 5.592553407456009040e-01 5.577350311467544897e-01 5.577730271511580629e-01 5.570216671851287993e-01 5.572115788250098234e-01 5.469365019758162250e-01 5.371702748245883452e-01 5.552591363948787828e-01 5.553675512443354556e-01 5.591340141108529505e-01 5.502328876059795482e-01 5.519377493952128955e-01 5.571810965645518365e-01 5.516591970889438423e-01 5.454725460057894271e-01 5.517730340230528885e-01 5.586817799170386012e-01 5.552003066815485166e-01 5.570117872643778334e-01 5.553378654522211910e-01 5.550653882769587266e-01 5.531575206965319014e-01 5.542417292765785541e-01 5.502615158456747313e-01 5.501357774280282165e-01
3.140213196070581331e-02 1.494586582132361730e-01 3.462605289172899226e-01 5.489217256418104096e-01 4.462093993984743157e-01 4.718902569663371294e-01 1.000000000000000000e+00 7.022981201135155560e-01 6.750549644866404853e-01 6.402074211609567467e-01 7.337874098965614378e-01 7.701616161475758338e-01 6.993278306475876338e-01 6.118779022085442110e-01 8.152007832528207487e-01 7.904287990697510535e-01 6.872231058028400730e-01 7.084899406967898328e-01 7.220871797618158006e-01 6.390848397781285772e-01 6.642177216538029949e-01 7.214394896775724320e-01 7.261273858326955377e-01 6.229736683939068875e-01 6.391772570459903768e-01 7.765322117412994940e-01 7.588848055866902476e-01 7.738740929401127788e-01 7.534996499047313945e-01 7.583507929570556527e-01 7.789639186864270037e-01 7.971359310772447859e-01 7.570282163275919851e-01 7.853827606129221151e-01 7.637449852166561248e-01 7.764092516070989491e-01 7.754447847089228629e-01 7.908786137861036902e-01 8.001688609929353824e-01 7.669011382513815089e-01 7.899739319697964834e-01 7.916012616280306835e-01 7.869024419641167389e-01 7.986324680564925727e-01 7.959613326246460785e-01 7.887118603450994359e-01 7.917185760036611342e-01 7.883511200392081530e-01 7.936709576458471638e-01 7.837507319450345289e-01 7.975424841957471367e-01 7.716708256572168967e-01 7.770888773317798925e-01 7.868452623834285564e-01 7.915206065891081666e-01 7.996374062086083478e-01 7.766544509540252994e-01 7.855588181277984861e-01 7.899457931862595705e-01 7.846933604901534798e-01 7.963242528218771321e-01 7.849127095522721032e-01 7.807087582228456890e-01 7.906752269927512788e-01 7.874574342362313795e-01 7.802415813276268874e-01 7.904147851094471822e-01 7.959657575375023164e-01 8.042137466375693933e-01 7.868353247284760599e-01 7.928004845183337368e-01 7.941132421572171252e-01 7.883421976188238478e-01 7.844935201833247440e-01 7.999757721861678883e-01 7.975748618063902562e-01 7.960591974305809559e-01 7.909535776899424553e-01 8.030651045718966152e-01 7.905348104482032845e-01 7.893834275907315456e-01 7.931336958136738780e-01 8.046882124346602660e-01 7.954856896520132725e-01 8.001948666913097918e-01 8.022350172869773255e-01 7.992739457769781897e-01 8.025415561849439383e-01 8.020585987132619055e-01 8.017314677430043002e-01 8.007971271000464686e-01 7.986233879895798804e-01 7.969727711304871454e-01 7.998887002401783297e-01 7.926052634394666896e-01 7.921586804156680595e-01 7.972677700898889164e-01 7.950198157541303878e-01 7.983153016904186439e-01 8.012091986610921923e-01 7.979517478987495638e-01 7.961855010203219285e-01 7.868292464600183944e-01 7.961086385085820449e-01 7.989504514590206607e-01 7.890178731606919404e-01 7.951603440392327471e-01 7.963222533562633876e-01 7.981093635326822477e-01 7.913711687779864112e-01 7.930064318772231946e-01 7.893231225591520461e-01 7.890208133375610222e-01 7.965634704365517349e-01 7.922645922376151395e-01 7.878363690515917117e-01
3.922416313817749661e-02 1.256676713337268880e-01 3.372043320994150828e-01 5.444065543098558502e-01 4.493853761162129867e-01 4.340143574272223859e-01 7.022981201135155560e-01 1.000000000000000000e+00 6.728549844479499997e-01 6.153516485495179600e-01 7.295396697422104060e-01 7.705096340237796992e-01 6.764520527376330916e-01 6.002843041433476579e-01 7.784398902959015487e-01 7.873581712930474152e-01 6.805273708163291912e-01 6.861524609436105981e-01 6.896016622980610800e-01 6.245564271016760260e-01 6.577248825833583723e-01 6.879897164344498384e-01 6.979126021968051763e-01 5.947460143978461344e-01 5.945849201372335191e-01 7.497643887409363161e-01 7.449618138055555949e-01 7.355004185572370234e-01 7.271689993646214267e-01 7.268400292716854505e-01 7.588089993423429158e-01 7.825335162260929067e-01 7.421006991815058962e-01 7.668660245879822535e-01 7.421613433149147898e-01 7.580636378338031500e-01 7.425970224056787083e-01 7.729322838832758391e-01 7.802630866779325380e-01 7.339497699142121245e-01 7.638069746238643765e-01 7.647837155879464444e-01 7.573164433287576935e-01 7.760977266330599811e-01 7.648323616819461268e-01 7.668122803348945693e-01 7.696754918132360235e-01 7.715478283610230914e-01 7.786768999943124436e-01 7.777125115721297277e-01 7.843043484568131829e-01 7.670608930401839887e-01 7.651799442306667087e-01 7.718955225208579130e-01 7.745054095126302496e-01 7.783146544527097532e-01 7.763786208131563393e-01 7.658013611607960014e-01 7.751501924180000946e-01 7.719308638419021262e-01 7.814014670205942092e-01 7.709697667336914417e-01 7.755460288104745192e-01 7.785392741894049395e-01 7.731727077290190264e-01 7.735122620013286099e-01 7.720182803945041528e-01 7.769400168365777626e-01 7.859538898332296686e-01 7.799719167384390195e-01 7.696299384312726977e-01 7.663668588561129980e-01 7.651171544413083447e-01 7.521157491771847114e-01 7.765413077850535917e-01 7.755706929658242599e-01 7.688655483093249643e-01 7.690438350957019553e-01 7.716595008352017393e-01 7.670103659455576040e-01 7.682673045356714914e-01 7.728978082090839363e-01 7.835540769752288304e-01 7.740539738071295917e-01 7.845918438439098974e-01 7.825277399930633537e-01 7.726378392247644777e-01 7.815250840756944317e-01 7.801130252895200901e-01 7.785791520718188252e-01 7.735656990793920995e-01 7.737454796705208748e-01 7.720901496343498538e-01 7.760628529832614975e-01 7.722873413260736841e-01 7.731631710891421205e-01 7.822218315069439099e-01 7.902604020758370318e-01 7.829619493231155802e-01 7.831525555251198645e-01 7.757396958442964729e-01 7.847084301892758296e-01 7.728948135290463206e-01 7.791850854591757525e-01 7.834238086763529729e-01 7.822898337978545502e-01 7.816397830397805446e-01 7.735941242850989941e-01 7.787578012706859454e-01 7.741269776679313708e-01 7.758145804782320409e-01 7.741525602786870630e-01 7.723943786338530737e-01 7.801820294153765101e-01 7.725119157230616596e-01 7.750044863803160489e-01
1.830711085926886583e-01 1.865371067304276709e-01 3.657263177328134995e-01 5.234430893453740907e-01 4.085309868403973477e-01 4.855735819342373860e-01 6.750549644866404853e-01 6.728549844479499997e-01 1.000000000000000000e+00 7.192819573278408374e-01 7.973736710664415250e-01 8.176379053023827836e-01 7.278362143557319808e-01 6.531745304356114667e-01 8.162945523249485191e-01 8.081364250664603288e-01 7.722644547263386450e-01 6.947786326819966884e-01 7.208116255745757872e-01 6.277167792734006380e-01 6.383046272328914972e-01 7.016368480543064834e-01 7.418161396606182123e-01 5.829220171382599736e-01 6.112077992300751772e-01 8.369824056118860822e-01 8.229461044580764773e-01 8.302578128615968334e-01 8.337279561643695658e-01 8.472819714574432171e-01 8.628623619613337015e-01 8.199377762130825031e-01 8.081816595289003091e-01 7.850721223851939712e-01 8.334112771490450600e-01 7.922841306848866783e-01 8.301483974566984392e-01 8.192646074257705635e-01 8.354214454783245314e-01 7.585091680233807532e-01 8.422666847859450190e-01 8.347279805191356594e-01 8.036294469924110118e-01 8.373698079947268225e-01 8.333779170926602919e-01 8.408370978787506056e-01 8.458259466942658067e-01 8.529987298686775299e-01 8.520800522712235203e-01 8.241593875036236083e-01 8.422955045111554240e-01 8.361370688303769727e-01 8.361820177535956855e-01 8.623550482051206556e-01 8.477587742140235694e-01 8.445991574420120829e-01 8.628188507104351812e-01 8.393944989034686222e-01 8.453298816547306638e-01 8.608624378321309001e-01 8.463247382330461033e-01 8.531181648588769262e-01 8.470774245714975947e-01 8.554113419455173783e-01 8.643044737620954043e-01 8.658215162129702103e-01 8.511808205867233967e-01 8.325463398950282423e-01 8.472320744324836062e-01 8.310537982413445102e-01 8.144800457497122226e-01 8.291397896051523331e-01 7.997819046708717350e-01 8.038112885869634905e-01 8.596852239815866437e-01 8.535378459085909419e-01 8.529136842096469717e-01 8.579846190889927060e-01 8.420261681843481671e-01 8.569347083904119700e-01 8.530165011523638263e-01 8.554500483320703896e-01 8.470189410190487322e-01 8.583981700465314058e-01 8.395710939703122655e-01 8.324088955069278706e-01 8.432353113734514238e-01 8.420327473519150230e-01 8.433318276263657154e-01 8.402220787222117737e-01 8.297043647612648565e-01 8.438661232297743897e-01 8.427630244210853050e-01 8.449404548523991032e-01 8.486341922787218328e-01 8.493498878892816739e-01 8.276174149996686769e-01 8.572849796554236068e-01 8.475545701962035050e-01 8.466568789840052123e-01 8.298622130894141025e-01 8.530873530222796708e-01 8.501772556512809942e-01 8.452694055142445650e-01 8.547488790271279280e-01 8.567798916884550309e-01 8.560155789236685298e-01 8.488844403705685382e-01 8.573395695606067513e-01 8.500097413280243153e-01 8.442141618911699341e-01 8.554501043572219077e-01 8.529382637095200836e-01 8.551302973253044337e-01 8.595289918790586237e-01 8.638792368391554621e-01
6.411105849536413714e-02 1.906087610978867974e-01 3.250209266014559284e-01 4.677022485501987070e-01 3.810145072089360929e-01 4.275820409091615204e-01 6.402074211609567467e-01 6.153516485495179600e-01 7.192819573278408374e-01 1.000000000000000000e+00 7.416692421027282212e-01 7.488040092434012918e-01 6.733442146660191252e-01 6.419820225806326386e-01 7.731239329885415401e-01 7.573463587387631035e-01 6.970464290831961396e-01 6.454550958417916151e-01 6.874312507234534575e-01 5.687597793953754755e-01 5.845641586771834763e-01 6.680763172735509903e-01 6.838044760735225713e-01 5.668872153855026852e-01 6.044078253135830581e-01 7.684762567986551662e-01 7.645773799830154482e-01 7.804349873336547949e-01 7.718460222126979353e-01 7.839559314871460405e-01 8.003909186370301576e-01 7.616443723226060669e-01 7.692106356576262627e-01 7.392906694673075929e-01 7.738315070976814480e-01 7.528376667931997446e-01 7.940981057840912349e-01 7.753828943761498227e-01 7.891472695398923376e-01 7.430240297471695232e-01 8.020151182096297848e-01 7.927912188195135323e-01 7.807372911465265686e-01 7.984629396157780779e-01 7.921388601708903021e-01 7.975074515293155697e-01 8.035062580693984602e-01 8.038979870687068541e-01 7.960819360037766357e-01 7.590942556684061593e-01 7.912472376644056338e-01 7.608926179481809715e-01 7.792806275492289991e-01 8.044948270859328954e-01 7.900546756350201871e-01 7.835793372614510144e-01 7.738340132246261938e-01 7.940987019245888678e-01 7.964413264208863863e-01 8.043403279979157716e-01 7.965101763184196937e-01 8.005385855707559672e-01 7.856235724802329567e-01 7.970776183621716138e-01 7.962333673529190525e-01 7.960343912742696704e-01 8.035146970918167764e-01 7.947701173931620566e-01 8.017876786615468765e-01 7.770721121308076240e-01 7.785260701349784318e-01 7.957845108395547040e-01 7.656397482404506682e-01 7.749504743665972528e-01 8.075981476261343550e-01 8.058713175141172247e-01 8.101063156260607245e-01 8.067259036753693380e-01 8.026171552680176902e-01 8.105199220186122266e-01 8.096505345234302764e-01 8.113107112154916978e-01 7.971686710221199679e-01 8.084188891541299604e-01 7.960015076319678640e-01 7.934598189350207109e-01 8.055196199729530715e-01 8.007380488915082362e-01 8.045986335397268263e-01 7.987981118700124838e-01 7.987805767090814246e-01 8.067825927493371685e-01 8.038423356851899237e-01 8.066468051254260807e-01 8.073901222269574962e-01 8.084815467564121505e-01 7.839108849399800683e-01 7.813083929344516454e-01 7.999647963928668837e-01 8.010727668277559665e-01 7.961635734861638447e-01 7.968602530121423611e-01 8.004158619318865187e-01 8.028251378190598420e-01 7.981818923357761886e-01 7.918378053277889128e-01 8.009834695738623500e-01 8.081478451938980401e-01 8.072336117119014443e-01 8.047050618759469254e-01 8.013215891512990297e-01 8.070626162007329407e-01 8.058086983863244068e-01 8.033726624687087536e-01 8.040932369233155796e-01 8.042551317793938948e-01
6.674556322096074357e-02 1.609183807887723527e-01 3.956454913155520448e-01 5.904491277456703768e-01 4.464778882541997063e-01 5.055003533995724441e-01 7.337874098965614378e-01 7.295396697422104060e-01 7.973736710664415250e-01 7.416692421027282212e-01 1.000000000000000000e+00 8.701060590981308795e-01 7.715193657722740905e-01 6.990238964071584515e-01 8.676192488325478180e-01 8.535329588575094606e-01 7.921831256436150381e-01 7.735329949242276681e-01 7.980950607165753219e-01 6.968150513759666653e-01 7.222511203658313894e-01 7.821155067611276213e-01 8.144532175163524679e-01 6.879046317891889251e-01 7.110503713591171948e-01 8.804197008199092789e-01 8.631205209992461880e-01 8.737973591881057489e-01 8.729538241762549999e-01 8.772494972705706662e-01 8.959914750883873902e-01 8.831855674302760972e-01 8.613474212959391085e-01 8.642116346729392662e-01 8.698336305645112398e-01 8.595005615595170401e-01 8.777038809592722091e-01 8.768481174175432047e-01 8.899409341952150276e-01 8.487447247500822245e-01 8.868419070034937457e-01 8.884201996714699012e-01 8.739945267089459513e-01 8.920305765637553952e-01 8.914288390455302746e-01 8.939551196037636149e-01 8.903052115241956166e-01 8.959980947922757677e-01 8.936450070638609633e-01 8.698193501299340546e-01 8.925669197629113594e-01 8.752223628382193032e-01 8.854903795458273219e-01 8.954403338041905247e-01 8.933877121129396581e-01 8.964305303562427607e-01 8.824024766059830327e-01 8.871696412629765938e-01 8.961590201964017011e-01 8.923225017942453263e-01 8.944803153752572955e-01 8.941756210025597618e-01 8.892458019104173550e-01 8.925181222640411471e-01 8.939423109812418833e-01 8.922772025069318769e-01 8.962122546988325889e-01 8.948994306573361257e-01 9.018897858300752857e-01 8.864719829672621509e-01 8.848370073987513740e-01 8.916429298996823016e-01 8.757930439573075043e-01 8.785014897461120853e-01 9.047977762138968982e-01 9.010284196419962033e-01 8.989341502905953130e-01 9.018049209193137461e-01 8.965068568176803865e-01 9.009088235852136251e-01 8.998793100744146845e-01 9.019499790177284426e-01 8.982803915048742649e-01 9.009288975423783707e-01 8.924695747143802649e-01 8.945972676961283510e-01 8.989116233510632270e-01 8.956256474221153674e-01 8.982263844524659424e-01 8.973958408296661693e-01 8.943962678996648652e-01 8.960567295058428083e-01 8.981045945401907593e-01 8.972754120892638685e-01 8.940412732612883495e-01 8.953937944435725882e-01 8.849527975038194993e-01 8.870116395101822482e-01 8.945610056891472039e-01 8.936865669829383574e-01 8.909248988377297396e-01 8.949583193422864236e-01 8.950803988248301479e-01 8.952255566839190104e-01 9.009066888984369470e-01 8.921934255242409684e-01 8.945818228517856685e-01 8.970239342704404706e-01 9.004300523221003827e-01 8.941304500604100314e-01 8.957622840874294168e-01 8.960978850463986456e-01 8.964637123716457934e-01 8.960365647622082763e-01 8.967138429398169297e-01 8.978675674232665660e-01
3.568093927349028083e-02 1.453253059571718575e-01 3.959675005465130848e-01 6.123284220636205921e-01 4.648916444051624519e-01 5.336135583779587632e-01 7.701616161475758338e-01 7.705096340237796992e-01 8.176379053023827836e-01 7.488040092434012918e-01 8.701060590981308795e-01 1.000000000000000000e+00 8.016201658239440198e-01 7.295657685180786389e-01 9.090191487767728118e-01 9.004670834676424818e-01 8.153223312579434001e-01 7.978820337057047629e-01 8.171276884259647266e-01 7.268113332844841068e-01 7.515802472825653391e-01 8.035347971688402424e-01 8.237843449523908346e-01 6.947783484385267050e-01 7.188853402073474008e-01 8.976185743908000614e-01 8.880437594839825088e-01 8.960700829449858018e-01 8.885976480870271255e-01 8.901060697355295259e-01 9.190203721916336832e-01 9.143267142506841250e-01 8.841891890316747604e-01 8.945911500089023249e-01 8.877932406308319813e-01 8.896825544018076570e-01 9.060789184060986656e-01 9.130927257523238083e-01 9.251311232370075244e-01 8.818481614309724437e-01 9.229339619407862516e-01 9.260806286002868370e-01 9.136821075154247795e-01 9.337991068967096409e-01 9.236134984614087218e-01 9.258926937614035957e-01 9.315711504368245910e-01 9.316284027695090897e-01 9.309835128349492894e-01 9.136861417624914106e-01 9.313361309756479356e-01 9.119563028477100097e-01 9.195579266500374382e-01 9.293195196842252148e-01 9.282457596841449110e-01 9.283258294195151361e-01 9.175072163208988218e-01 9.276773493990659869e-01 9.323741451844850259e-01 9.300553805119755602e-01 9.358311616446396419e-01 9.308390701686238833e-01 9.295817313054766107e-01 9.313925191540012305e-01 9.252830716687474588e-01 9.279167098335227015e-01 9.328508053130611932e-01 9.304642558634498295e-01 9.354408840828707383e-01 9.237904841194639616e-01 9.217955164849797045e-01 9.231925330771506566e-01 9.080821450087255275e-01 9.086602811737944929e-01 9.367908660228956297e-01 9.329918796507649104e-01 9.319654229887380792e-01 9.321680701399834845e-01 9.297657066620322874e-01 9.301787131289057653e-01 9.287010051358931539e-01 9.351306857164142228e-01 9.349156639801451396e-01 9.312659668977589789e-01 9.316279085333259991e-01 9.315536859118642710e-01 9.329451232402149463e-01 9.354865085070103170e-01 9.352627797328861847e-01 9.329812260450843775e-01 9.293834126760861514e-01 9.340114209638989973e-01 9.343908077941136536e-01 9.349471100914504840e-01 9.333619905825503160e-01 9.338647579006399413e-01 9.270767792021873399e-01 9.272559744682364880e-01 9.363171861932618745e-01 9.348950295784730358e-01 9.320665788790284401e-01 9.361529518710238751e-01 9.333344691377405411e-01 9.358532126183582989e-01 9.376369331027690768e-01 9.309909901257109599e-01 9.347286604849396330e-01 9.340875495835708753e-01 9.350305843177488807e-01 9.344211720816663069e-01 9.356687027218500985e-01 9.351301414339538987e-01 9.344506652237325461e-01 9.349226059302313541e-01 9.322210057057066512e-01 9.338656414112030957e-01
2.206385215157214037e-03 1.131628553148969346e-01 3.395805202858374061e-01 5.156653888830392551e-01 4.504773956086214892e-01 4.911970365414261019e-01 6.993278306475876338e-01 6.764520527376330916e-01 7.278362143557319808e-01 6.733442146660191252e-01 7.715193657722740905e-01 8.016201658239440198e-01 1.000000000000000000e+00 6.740042933985704865e-01 8.223581992044391997e-01 8.247933904963294927e-01 7.249402309218592189e-01 7.013162261006603559e-01 7.282330337359494976e-01 6.242165522897806795e-01 6.564063901781878041e-01 7.039776266831621054e-01 7.104236784228799007e-01 6.058589540371933646e-01 6.246206201307861194e-01 7.900468073693059923e-01 7.780318418118128410e-01 7.896211821602310277e-01 7.694950974253149667e-01 7.744938837738648552e-01 8.169909264656546322e-01 8.038340859155500562e-01 7.717975263806512443e-01 7.849604621990941000e-01 7.757094513837081706e-01 7.900304561097489797e-01 8.041893934305355263e-01 8.169551700110332382e-01 8.293617557140747776e-01 7.832166961976066988e-01 8.353738894333566645e-01 8.342041676069028577e-01 8.295136606266587664e-01 8.442344933659076123e-01 8.320668950350285087e-01 8.371482870831710166e-01 8.481122779404348666e-01 8.472499263835545635e-01 8.434096286311072443e-01 8.161379333613119069e-01 8.364202563728622142e-01 8.232822636551149209e-01 8.358735830779164822e-01 8.436937779412891913e-01 8.361148502176409814e-01 8.305390971418253887e-01 8.285474514438139204e-01 8.447329260546132534e-01 8.434496464070926347e-01 8.493830719238900651e-01 8.536108916310429784e-01 8.480917255293221046e-01 8.419292849505392029e-01 8.456328272172608518e-01 8.372368075761464912e-01 8.442106313269334139e-01 8.480436538708024941e-01 8.460661294015372480e-01 8.416286823309422349e-01 8.346279304066592797e-01 8.322818299501113515e-01 8.353172239525560316e-01 8.221994430100871831e-01 8.181316615912371804e-01 8.464792074054392490e-01 8.445919641302872538e-01 8.436313384740137256e-01 8.379804934295123076e-01 8.373544516216839817e-01 8.417000039619716434e-01 8.420641772633268296e-01 8.495404618765916016e-01 8.398677412509800710e-01 8.379362510187156055e-01 8.439823853424619493e-01 8.422226286969384246e-01 8.459713716927060867e-01 8.490810471529426362e-01 8.491738825853453188e-01 8.464499952235732261e-01 8.387752661752148065e-01 8.504255872786194992e-01 8.494710979184167954e-01 8.512151680105475293e-01 8.549141611427214515e-01 8.542146239919662376e-01 8.454372538636778511e-01 8.391392562775159547e-01 8.534420033723354448e-01 8.506517606273615861e-01 8.504668688168869339e-01 8.519305317563918845e-01 8.512918662019162142e-01 8.554190810838369075e-01 8.493505123633605658e-01 8.470507351491216586e-01 8.526728956946820759e-01 8.531813161980279503e-01 8.506052251794916641e-01 8.540273927594007608e-01 8.526481138089498923e-01 8.552133061398234926e-01 8.537734238299469203e-01 8.516049185672548427e-01 8.484167351477759356e-01 8.504610743708924669e-01
