1.000000000000000000e+00 6.153601183617878750e-02 1.956371803984744556e-02 5.412047099703704012e-02 8.327995079446789961e-02 8.102171012646953996e-02 3.177480609324775940e-02 7.070488545817944781e-02 1.061302232573690801e-01 2.281684964561437115e-02 7.044038415263659259e-03 2.217243864065860173e-02 7.550800416090205913e-02 -1.026105199669129914e-02 1.022039110028362570e-02 3.380370518238147437e-02 9.651731772597714476e-02 3.761246258052556961e-03 3.333008778185243132e-02 2.221174478111016121e-02 7.754528527419876638e-02 4.761120239648480856e-02 -2.514044728170388571e-02 2.495106632850719718e-03 1.348724422626730764e-02 1.166016561280756175e-02 -8.315002486854725094e-03 -1.775141507634336174e-02 8.111189735578212476e-03 1.325992099157652371e-03 -1.284363480069311905e-02 -8.637971008061316736e-03 -6.997656759207868116e-02 -4.092183027785570304e-02 -3.691596970030959490e-02 -1.658322159535555868e-02 -1.115352535017112914e-02 -3.857248526712057229e-02 -2.737153166449569908e-02 -6.902236901838694483e-02 -1.496726701186336904e-02 -3.643346643608371543e-02 -1.940849222685238351e-02 9.376317398346878385e-03 4.454180329232168729e-03 -1.408254223287785066e-02 -4.812478167954042300e-04 1.859055672017383143e-02 2.688384787261339365e-02 -6.652794537352802948e-03 -1.191971979547621491e-02 2.836595545568326368e-02 4.895354047799797825e-02 3.830063601624655867e-02 4.019917528212920560e-02 -1.941153666922199039e-02 6.901192487310872647e-02 2.260998555095541235e-02 1.828844382741542235e-02 5.799578146109634486e-02 3.959507086670628617e-02 4.844201647121712528e-02 4.131310054956051359e-02 3.949583669772897127e-02 5.960407125584214760e-02 6.824617478958149019e-02 1.978831410153751233e-02 1.813677794766558465e-02 1.220489904466929600e-02 2.702509879946553631e-02 1.800711968202639915e-02 1.100505178919341208e-02 4.228734185418935032e-03 5.095643219005725408e-03 6.851650833385504631e-03 2.020987428995358031e-03 -7.695498837268547297e-03 7.294034553118472486e-03 8.784893625258470215e-03 2.490675387451674744e-02 1.599501768717934494e-02 6.853066786339723692e-04 -1.463117896299216854e-02 4.788652567440683863e-03 -2.004956718478114255e-02 -5.269496651354808880e-03 -8.938075060144002812e-03 -1.608674506989550557e-02 -2.329664019777876339e-03 -6.263037620981592481e-03 -3.293715322506621940e-02 -8.461553852128905762e-03 1.510836401949291335e-03 -1.453144801487694969e-03 6.226349825138479191e-03 1.303568851669335144e-02 -2.990692034907972097e-05 4.268981494726742376e-02 1.172980314911471235e-02 -9.844784483881732079e-03 2.576762706052966329e-03 2.076308562633873839e-02 1.957714314786827142e-02 1.578713330066231282e-02 1.532243203125640760e-02 4.856259124516509873e-02 3.260241807430280803e-02 1.329742853873377290e-02 1.975836313446085665e-02 1.816066364328133495e-02 2.728222609634415197e-03 3.563870736619673130e-02 3.170354231793615085e-02 2.395684277143513008e-02 2.552074843810363605e-02 4.456594818607361591e-02
6.153601183617878750e-02 1.000000000000000000e+00 8.401213918988624518e-02 8.190626180114930766e-02 1.027091297964138616e-01 9.242370087965411096e-02 1.309859813011106378e-01 1.257740730676129848e-01 1.645731649130629526e-01 1.890576518363736580e-01 1.269792544530914391e-01 1.329426941330272560e-01 1.408452139592850927e-01 6.575933312782687723e-02 1.586549766592901534e-01 1.416608021537434092e-01 1.410368274435221669e-01 1.353988277182684719e-01 1.246539864263754016e-01 1.040773534667421563e-01 1.207412561819107000e-01 1.075008117932842455e-01 1.228273479986100036e-01 1.532372631816510677e-01 1.325725571463992059e-01 1.617761521232307376e-01 1.583317830188751829e-01 1.666294309035346033e-01 1.544702544254930310e-01 1.530773556190522244e-01 1.501656204067325362e-01 1.621295066038131727e-01 1.342517460743606617e-01 1.174397773976392362e-01 1.172627852106856994e-01 9.218677213742365595e-02 1.257379679653821691e-01 1.422380710048418984e-01 1.302480898182684366e-01 1.300376838351569031e-01 1.565391240252432259e-01 1.446697365255286971e-01 1.301149678791123088e-01 1.406298761521150853e-01 1.515105670378633085e-01 1.514886197106770083e-01 1.555773681322939750e-01 1.576637523153540110e-01 1.443143872757061685e-01 1.122155308259083911e-01 1.278934128586154129e-01 9.867875184241535480e-02 1.340495705000268045e-01 1.653976969105086514e-01 1.597822429122518484e-01 1.607567832741363667e-01 1.298349383861352457e-01 1.453068114664743116e-01 1.465360428735939524e-01 1.577107300454462235e-01 1.457979095086760490e-01 1.411948077652713240e-01 1.463323604858524640e-01 1.396186251817634338e-01 1.418276349144363402e-01 1.467479232043251425e-01 1.562944196040850220e-01 1.558394594118836518e-01 1.661666819382997817e-01 1.438592762679769543e-01 1.399856619773901245e-01 1.492010385160660035e-01 1.570767034557969122e-01 1.507889421927981199e-01 1.570964925038886295e-01 1.544453343418563662e-01 1.630554826600009444e-01 1.569281537144256999e-01 1.579472814145415627e-01 1.592874949941505136e-01 1.536398341974932746e-01 1.541436187882446462e-01 1.393808867052067912e-01 1.554304056092914443e-01 1.447730235100947727e-01 1.486183445097238875e-01 1.403457885443831765e-01 1.598553119574771253e-01 1.487274803698344638e-01 1.649291036246886832e-01 1.526942705516608767e-01 1.574699984912806272e-01 1.474309109267615547e-01 1.542893393787893586e-01 1.542664954628140128e-01 1.592474143969466460e-01 1.354263155925660711e-01 1.431285087813376489e-01 1.488621053440283282e-01 1.449163110981532832e-01 1.464478315302428502e-01 1.475890662290287314e-01 1.459704366192508818e-01 1.460497479892983730e-01 1.438833007549303045e-01 1.455419813885195368e-01 1.539066729854436100e-01 1.615816119610579971e-01 1.625870222407539700e-01 1.518982933783071809e-01 1.581039067120405817e-01 1.555584167509432847e-01 1.501168992158415927e-01 1.494160616090240146e-01 1.473025301661521902e-01 1.553542187746791148e-01
1.956371803984744556e-02 8.401213918988624518e-02 1.000000000000000000e+00 3.372770500287827766e-01 2.259575168236005738e-01 2.403535625521438512e-01 3.556997555405914668e-01 3.614790782000613656e-01 3.420041540772172928e-01 3.272240316598047927e-01 3.720672202289856956e-01 3.910606669299654947e-01 3.455441049519487606e-01 2.636049291524943383e-01 3.718978564983577706e-01 3.829665095043099932e-01 3.615167810739151610e-01 3.802617603708278726e-01 3.879372376879610118e-01 3.329399820244558494e-01 4.035156553596364604e-01 3.801673418608874644e-01 3.964868972919455836e-01 3.674399083609309336e-01 3.969178940624369933e-01 4.010098196177426799e-01 3.869474304784416563e-01 4.025956137313949079e-01 3.936983334105207955e-01 3.757619498334399677e-01 3.958394870432034862e-01 3.889629368234579498e-01 3.907883569427590964e-01 3.882472109344643485e-01 4.050898226657759782e-01 3.934753714645465306e-01 4.042083121260273693e-01 3.888938167648959832e-01 4.027213091182604843e-01 3.916360373702408859e-01 3.915786358088609309e-01 3.845619796108400434e-01 3.960843529108845074e-01 3.881790351896481917e-01 3.908433475625986420e-01 3.915515771850620608e-01 3.766159447330139076e-01 3.796244198489335808e-01 3.742576671702460556e-01 3.787080448925294052e-01 3.829081572055463845e-01 3.753690573688600041e-01 3.791093043821001651e-01 3.791824813092035118e-01 3.777238390879277263e-01 3.884576614359826485e-01 3.812630353010353912e-01 3.793214354383911413e-01 3.793446023895479802e-01 3.770335128589619167e-01 3.811238265590554675e-01 3.789545231137609882e-01 3.752489393296024045e-01 3.831419677239906729e-01 3.690568653699969337e-01 3.755487904556761292e-01 3.775595921299484403e-01 3.817657486444497317e-01 3.888895768845370138e-01 3.874389374778118289e-01 3.946548432899440462e-01 3.810651263085735319e-01 3.826150048008049032e-01 3.861452632407483820e-01 3.851117037648264518e-01 3.934033549454080680e-01 3.910645612352310896e-01 3.917311939497051254e-01 3.846862094439268409e-01 3.802289448356500623e-01 3.993632871965360764e-01 3.885779682392079826e-01 3.948004608193023124e-01 3.902034749415164705e-01 3.879813246397844639e-01 3.911597553226420776e-01 3.955238981043524560e-01 3.864560267909946112e-01 3.878102166035861109e-01 3.900002458465491872e-01 3.953325754456490926e-01 3.835323058600518253e-01 3.809698704421389248e-01 3.861091159804800332e-01 3.751649141790849296e-01 3.763779181682320174e-01 3.897264555473841652e-01 3.830500902924314222e-01 3.842283145080078732e-01 3.847483508144646236e-01 3.825678550342003770e-01 3.861571789381602060e-01 3.811159015582670229e-01 3.805747505261715680e-01 3.843807351094367109e-01 3.798307319678606575e-01 3.821382741522776350e-01 3.762005296581614200e-01 3.848268116218821477e-01 3.812620743691761405e-01 3.820808071270527795e-01 3.774887518813883625e-01 3.798721840544878048e-01 3.789037280062402258e-01 3.764297803319958668e-01 3.770693956915121547e-01
5.412047099703704012e-02 8.190626180114930766e-02 3.372770500287827766e-01 1.000000000000000000e+00 3.309530795682531501e-01 3.744812356759170124e-01 5.711484085961640034e-01 5.780558143088725398e-01 5.622332543162364971e-01 5.329053312628356798e-01 5.917262398098303011e-01 6.334513848551462933e-01 5.689412243680288528e-01 4.327030362212959669e-01 6.188684335045351315e-01 6.278558349836835806e-01 5.844132579949110617e-01 5.731447819378329145e-01 5.957922778776574280e-01 5.386972673947134638e-01 5.828756864010081751e-01 5.935586639302494749e-01 5.824571853482044537e-01 5.660653538484852199e-01 6.106884103576953882e-01 6.112363739090448389e-01 6.147251604357175658e-01 6.244571908121018255e-01 6.138779032726336959e-01 6.215474942192878993e-01 6.289174462727237236e-01 6.216102432399961408e-01 5.937974116603778052e-01 6.038559728012651284e-01 6.169134462990051304e-01 6.259755100089748892e-01 6.229313216913426876e-01 6.184859310101691321e-01 6.398631797138205624e-01 6.054808537202909235e-01 6.269364811628138634e-01 6.299864692143035683e-01 6.374741811994008023e-01 6.362342063255514990e-01 6.353864135707925076e-01 6.319269191960268373e-01 6.196095389176108359e-01 6.183762515051454134e-01 6.144771361013149358e-01 6.180102152496255163e-01 6.242365579501245598e-01 6.292201144735199980e-01 6.256605434464841409e-01 6.131983070305565553e-01 6.124443485260939735e-01 6.185577309839490612e-01 6.124177953510057115e-01 6.287626265490913191e-01 6.092476729146663050e-01 6.216246311590932772e-01 6.324561885698345431e-01 6.126870058998121760e-01 6.137517997139072534e-01 6.262745786889934996e-01 6.238465638334896868e-01 6.209434669107440907e-01 6.279196125569589393e-01 6.262196047899416529e-01 6.330821378076949557e-01 6.398970938778777429e-01 6.356687575766026832e-01 6.308764098214786342e-01 6.214662937949442245e-01 6.253512620468588690e-01 6.301127626108690150e-01 6.331820084548291927e-01 6.352622387927566727e-01 6.360289114136846722e-01 6.347227139235983584e-01 6.283750139579724614e-01 6.329191112835669264e-01 6.328273166467046629e-01 6.404502769592714806e-01 6.315536252967532960e-01 6.362477652379406878e-01 6.363344445939895788e-01 6.322969366464197272e-01 6.331971392728762416e-01 6.360250036525628703e-01 6.331623606961335193e-01 6.319759578946744227e-01 6.318556850078435039e-01 6.342397410787374845e-01 6.342453315621199295e-01 6.225618017356729927e-01 6.222861877532518404e-01 6.385039489376383992e-01 6.371321520087445123e-01 6.373582297047833967e-01 6.346505350747240204e-01 6.393872231723094490e-01 6.369040871539981552e-01 6.320207879149577490e-01 6.347395980596626242e-01 6.435046824673983368e-01 6.323181219323672497e-01 6.278081578852257039e-01 6.244700939962983810e-01 6.308753888722298253e-01 6.290718568995523619e-01 6.227777161238160497e-01 6.294230017454837123e-01 6.282628153427816109e-01 6.340705237062380650e-01 6.302232430070978664e-01 6.279454347457128494e-01
8.327995079446789961e-02 1.027091297964138616e-01 2.259575168236005738e-01 3.309530795682531501e-01 1.000000000000000000e+00 3.024030452496502819e-01 4.538954550871572846e-01 4.674289566041520128e-01 4.406523394872156052e-01 4.342354910111344557e-01 4.485444752045970596e-01 4.713603720090413507e-01 5.066683522847358345e-01 3.251878115356286458e-01 4.973399991863644010e-01 5.107536493193874927e-01 4.416246202538942067e-01 4.476021201646320780e-01 4.440009805330587533e-01 4.091610049370091873e-01 4.251626464966433150e-01 4.441707025543139564e-01 4.403706624090424904e-01 4.443718981423393499e-01 4.682136922889129083e-01 4.722139295336248987e-01 4.666667241828669210e-01 4.664575345394342820e-01 4.574792152347821883e-01 4.798910938991613473e-01 4.836355829559025321e-01 4.857657828392764054e-01 4.563421327506911873e-01 4.566486888125982357e-01 4.641200911172267407e-01 4.504967721520388713e-01 4.697771186457475046e-01 4.798858160015468388e-01 4.886840140143730582e-01 4.483670873469855489e-01 4.833904233203758505e-01 4.907813052115282404e-01 4.874555212390026537e-01 5.030616324474030954e-01 4.960175324361266180e-01 4.879647182126670701e-01 4.954129136866772254e-01 4.967123286362353785e-01 4.825785879142192036e-01 4.646219199747960160e-01 4.805468818901262873e-01 4.617757671944380804e-01 4.835355518476825987e-01 4.897216022768107746e-01 4.860844673759089352e-01 4.907702156699029206e-01 4.623760298048029682e-01 5.011769370875801544e-01 4.813641719222196413e-01 5.039794361389742239e-01 5.034688582052990746e-01 4.844794091683959358e-01 4.801736150484063881e-01 4.889354893470537200e-01 4.929969827306203700e-01 4.875679620056623809e-01 4.982846094045690899e-01 4.953457876872481846e-01 5.052414026631513178e-01 5.004071795626490182e-01 4.973602200847649923e-01 4.959339215905818055e-01 4.947123171632039074e-01 4.976906256695766695e-01 5.008760034449772913e-01 4.989376095804574640e-01 4.889056440857958430e-01 4.900199842950465623e-01 4.964041292454631216e-01 5.034015203372321778e-01 5.001618780585737056e-01 4.978859859613936067e-01 4.894342321129217521e-01 4.982129994826581809e-01 4.946362665164938943e-01 5.026791735360559565e-01 4.916272020833723499e-01 4.963403380065893322e-01 5.006708430701678481e-01 4.959204095426134051e-01 4.875620960493840528e-01 4.991580509902406315e-01 4.971084970275979065e-01 5.002527612567412296e-01 4.979772838357344744e-01 4.960612909094429535e-01 4.853125404816067689e-01 4.842626126268373410e-01 4.943700272088317194e-01 4.956488398376951987e-01 5.027546101011943769e-01 4.899868776009830840e-01 4.970614772504977075e-01 5.024600127634479829e-01 4.965591650274526203e-01 4.892610112872951000e-01 4.958811216323564808e-01 5.010634376022455871e-01 5.010830893730525704e-01 5.015943565964189332e-01 4.974770221103783641e-01 5.035100893914320475e-01 4.962121047449192801e-01 4.966348066831835495e-01 4.941725369285693281e-01 4.984578211499667844e-01
8.102171012646953996e-02 9.242370087965411096e-02 2.403535625521438512e-01 3.744812356759170124e-01 3.024030452496502819e-01 1.000000000000000000e+00 5.180185567558753812e-01 4.807821256217637007e-01 5.154193205884329831e-01 4.808872968312895013e-01 4.978343354871536119e-01 5.518218348092430725e-01 5.017581588740087639e-01 3.904351549958686718e-01 5.518247038226651302e-01 5.511544031893322870e-01 5.063243825193755043e-01 4.812436291136757416e-01 5.053003799525717099e-01 4.405918252876190877e-01 4.819394853015840363e-01 4.999174129409998946e-01 4.791339645173533501e-01 4.762791887421568005e-01 5.216478826656336665e-01 5.364309710078435378e-01 5.332422885588413708e-01 5.354077040455690328e-01 5.354712605256821689e-01 5.336738179261716342e-01 5.555660300180542688e-01 5.451275963595410001e-01 5.078974899288335454e-01 4.949121878339666769e-01 5.225738563228734535e-01 5.294783285980866339e-01 5.386919436584086673e-01 5.265122783093545422e-01 5.543287988273861711e-01 5.199323459348713650e-01 5.551178701916021918e-01 5.534213227086995923e-01 5.488955670556836530e-01 5.665810318073793983e-01 5.649597364133821520e-01 5.573366345243684350e-01 5.678593477877600382e-01 5.675406598276556691e-01 5.618318472753527359e-01 5.389872779079081244e-01 5.458081470063268492e-01 5.473829267373292451e-01 5.673635484797873163e-01 5.670663913734848016e-01 5.622583590918436292e-01 5.536635178160299597e-01 5.563954521818674781e-01 5.702620156545771257e-01 5.611022323865009209e-01 5.707470414263406955e-01 5.757042158378338215e-01 5.702165377568464422e-01 5.652916189004515424e-01 5.634781804435027297e-01 5.555756721219724525e-01 5.674466091596365169e-01 5.667431443333506014e-01 5.669705000360020231e-01 5.664794546836290356e-01 5.687625541602671086e-01 5.634763171280019467e-01 5.696591292641701720e-01 5.528865535645615115e-01 5.626603527493847512e-01 5.683045792868209878e-01 5.692481184724248466e-01 5.645937212946761097e-01 5.721124993764964417e-01 5.666251490786049505e-01 5.705287879671582241e-01 5.700365059116347943e-01 5.686687145840603197e-01 5.589338498356672957e-01 5.655245773136506893e-01 5.561797125910246109e-01 5.578237322405188436e-01 5.658988271841149942e-01 5.638319097174484540e-01 5.705425449965805251e-01 5.640955230462650904e-01 5.576842585138681585e-01 5.702820694729359152e-01 5.691747030180598355e-01 5.711892153965628660e-01 5.683556484031153655e-01 5.706228788474739799e-01 5.610930983779517378e-01 5.640236894808916546e-01 5.679028868151723142e-01 5.638747531572064764e-01 5.700417484061098827e-01 5.706968834828141102e-01 5.708024629251701176e-01 5.720356499906413816e-01 5.681324765105957297e-01 5.695458200538935367e-01 5.707467059733505321e-01 5.682127883734353624e-01 5.731818813907093579e-01 5.745441062295251200e-01 5.696698470696908156e-01 5.716490182239345463e-01 5.745302337546122073e-01 5.708077756444479567e-01 5.630803339253941386e-01 5.681238834563001605e-01
3.177480609324775940e-02 1.309859813011106378e-01 3.556997555405914668e-01 5.711484085961640034e-01 4.538954550871572846e-01 5.180185567558753812e-01 1.000000000000000000e+00 7.461467036526373553e-01 7.167363960277878254e-01 7.107024598691047412e-01 7.489977698614002088e-01 8.051086934589675170e-01 7.298010128420501230e-01 5.639135258992934441e-01 8.392354568409022830e-01 8.196853195155412442e-01 7.346836166757512165e-01 7.504519740803125005e-01 7.518338209193928812e-01 7.073012227434719579e-01 7.389032815139527921e-01 7.544575435970534150e-01 7.412430018490242523e-01 7.208464218980787930e-01 7.838185108186662697e-01 8.010203797818671312e-01 7.905086217615624467e-01 8.170523121578968651e-01 7.911833680600959262e-01 7.962469842870193437e-01 8.152064170595468839e-01 8.091702703544256803e-01 7.852136237927965778e-01 7.573034298854988133e-01 7.766792403396719502e-01 7.745995110005488016e-01 7.876513655908456979e-01 8.189075811828059326e-01 8.215510496147849784e-01 7.905423282076414759e-01 8.204380644610501649e-01 8.253492390410768209e-01 8.168406045401540583e-01 8.264972522518186926e-01 8.210842828374830260e-01 8.315233366442579266e-01 8.172117386031360065e-01 8.144734377842219875e-01 8.068290358508487525e-01 7.924357184642055740e-01 8.160161466372953809e-01 7.697118181472815124e-01 8.047866290379123155e-01 8.057731078373774336e-01 8.058224200494266132e-01 8.178122061591222014e-01 7.879262041644324865e-01 8.166729923552192849e-01 8.127760477413484841e-01 8.110908894603340302e-01 8.217069634247715637e-01 8.093680256549744545e-01 8.090711102331485938e-01 8.153583098203599500e-01 7.976762796028562530e-01 8.031150716252204447e-01 8.171814168370473697e-01 8.205107425605334681e-01 8.315463637306054201e-01 8.336213141256088033e-01 8.239633704339214271e-01 8.213718675148724557e-01 8.087284361666801091e-01 8.176471846397606047e-01 8.253903910447771830e-01 8.293602488207694190e-01 8.326623689092597091e-01 8.289471722920788155e-01 8.263291295109432832e-01 8.219522979169565646e-01 8.185051874811769546e-01 8.188211791969464137e-01 8.226074852383296054e-01 8.275801251179746298e-01 8.205597696250583883e-01 8.188684340868931377e-01 8.132716520425404827e-01 8.317310716394270553e-01 8.238223855738479040e-01 8.263914197074790913e-01 8.226511310186969128e-01 8.280722676488746492e-01 8.226362671392407622e-01 8.298749308025442639e-01 8.172833450436792768e-01 8.177481073203897166e-01 8.170589678311264148e-01 8.091437661876170750e-01 8.259424886653807807e-01 8.270274632113953084e-01 8.264869962757921407e-01 8.221958415636223538e-01 8.127678031542970860e-01 8.229437468726883420e-01 8.177485598922703547e-01 8.062274633577818372e-01 8.161888363307162608e-01 8.175204311938542023e-01 8.236598435257842521e-01 8.229892628342583283e-01 8.228463598426268844e-01 8.165016275058925022e-01 8.172194126258169877e-01 8.192527598537585609e-01 8.124503593512600874e-01 8.089131870594907792e-01
7.070488545817944781e-02 1.257740730676129848e-01 3.614790782000613656e-01 5.780558143088725398e-01 4.674289566041520128e-01 4.807821256217637007e-01 7.461467036526373553e-01 1.000000000000000000e+00 7.058329657422458547e-01 6.783079991299124645e-01 7.330722447592341595e-01 7.949532042481073368e-01 7.536555178120913911e-01 5.453895991741561922e-01 7.901057643858168111e-01 8.318578342905618150e-01 7.204845734792661993e-01 7.281071219522300408e-01 7.441700369690447125e-01 6.866523088711631306e-01 7.480004340796551077e-01 7.567865702056089106e-01 7.272388053725290513e-01 7.163726061398204559e-01 7.662544448813060072e-01 7.630883266754526773e-01 7.655757107969388686e-01 7.823789108002994208e-01 7.745273342777448944e-01 7.694635828481418693e-01 7.859350739327810587e-01 7.971837268037094137e-01 7.559081068914863533e-01 7.520526896504504677e-01 7.682270239467275941e-01 7.571180871093143860e-01 7.683560357356397086e-01 8.004019024619600797e-01 8.003329018114565541e-01 7.621339259945356659e-01 7.895422737588098094e-01 7.977798614387854315e-01 7.971719168036338621e-01 8.103200043281431064e-01 7.984767502836582764e-01 8.030739712441076206e-01 7.979285885419508118e-01 7.950907860176377184e-01 8.009133331668361055e-01 7.861962613694407631e-01 8.074803552499555392e-01 7.556230181682189739e-01 7.925448395913872179e-01 7.932293422829218565e-01 8.016384761197375974e-01 7.923256334886493724e-01 7.929500199927641546e-01 8.068532737111888675e-01 8.048878266344807741e-01 8.002817600424202427e-01 8.122703732885977468e-01 8.036180238309159618e-01 8.076391758805258059e-01 8.043610485010889155e-01 7.804180484054256128e-01 7.985463507620575996e-01 7.941899543572568110e-01 7.988680886718383389e-01 8.081970684380732628e-01 8.144011937071183871e-01 8.116645776961796122e-01 8.028390718288144212e-01 7.880957629510354501e-01 7.948985449266573466e-01 7.993381226651933291e-01 8.067779362917888442e-01 8.049942593098323718e-01 8.073143915141429705e-01 8.070443773427198320e-01 8.046565805798590043e-01 8.021787878750602507e-01 7.984485600112468662e-01 8.017054290571552500e-01 8.073848451315387420e-01 7.991562968895471464e-01 8.015598008653647133e-01 7.934635243305733221e-01 8.064019675007616517e-01 8.045657249479410966e-01 7.991856974659459212e-01 7.967262755023263310e-01 8.023643346372461016e-01 8.016495704143667966e-01 8.050161350035870411e-01 7.959842555466302150e-01 7.936364291263074966e-01 7.995304570729205862e-01 7.994378737959311199e-01 8.100254616036527411e-01 8.049054798986673420e-01 8.045126973314099539e-01 8.061284816518107244e-01 7.954987640121200521e-01 8.058187853851384030e-01 7.986357840516280504e-01 7.917185978790852730e-01 8.005275695442162220e-01 7.952885119622872256e-01 8.031384616514386510e-01 8.051055790032212167e-01 8.017170500835405500e-01 7.986640861685206927e-01 7.999029350055870680e-01 8.010288666191131002e-01 7.908807090637407500e-01 7.932855342606193183e-01
1.061302232573690801e-01 1.645731649130629526e-01 3.420041540772172928e-01 5.622332543162364971e-01 4.406523394872156052e-01 5.154193205884329831e-01 7.167363960277878254e-01 7.058329657422458547e-01 1.000000000000000000e+00 7.507656514729246222e-01 7.844225095698531547e-01 8.237648326744557714e-01 7.616991984526774173e-01 5.976435384753997493e-01 8.348174604225881978e-01 8.278846437922526835e-01 7.997827156305084007e-01 7.337090982391830662e-01 7.500494673664639400e-01 6.218927355405284851e-01 6.789482979647863958e-01 7.407926781057654342e-01 7.089500102602691589e-01 6.992079780031905667e-01 7.739174937185282488e-01 7.981129623099908477e-01 8.156063240265256642e-01 7.980773821803446300e-01 7.704262618931779771e-01 8.191326877719388166e-01 8.564986481054811529e-01 8.338994073319658806e-01 7.657871871849891710e-01 7.592689590239133368e-01 7.917103079823760714e-01 7.883931226342412169e-01 8.246955998602236715e-01 8.113042861177617304e-01 8.401296400230092720e-01 7.768543756842105630e-01 8.497534841184434251e-01 8.384225311574333706e-01 8.092240724124570850e-01 8.624468112301383327e-01 8.568148030061282228e-01 8.417199748873397391e-01 8.723799350410523790e-01 8.792158092933052282e-01 8.697911478160096355e-01 8.203334663021426554e-01 8.320792362318117918e-01 8.091549162076026036e-01 8.687032834280543625e-01 8.749940547925807444e-01 8.577932271481676363e-01 8.353358085013334877e-01 8.545973365472708805e-01 8.704135351182675784e-01 8.621565566595696950e-01 8.808929473450202163e-01 8.718728333594826241e-01 8.721515474368953802e-01 8.564336480587060318e-01 8.732110038512764794e-01 8.653278623870094277e-01 8.765432938732613533e-01 8.778339349506165679e-01 8.657686129878200409e-01 8.674736701981723419e-01 8.509435237008001751e-01 8.514338299171608782e-01 8.693365300563966613e-01 8.423779284911178111e-01 8.551686811739240834e-01 8.701442741597482655e-01 8.692989884912917242e-01 8.602052750941850956e-01 8.562696497631081538e-01 8.632772247485638317e-01 8.730896528053646577e-01 8.691690801625555629e-01 8.738405297635558622e-01 8.541913455483850504e-01 8.638568996678830381e-01 8.503917872706395764e-01 8.548919104266593516e-01 8.577474699594576091e-01 8.618699900491053612e-01 8.679956985395185232e-01 8.621887014201581323e-01 8.443104178095333090e-01 8.681777408162455467e-01 8.675753664929294340e-01 8.677475314603186884e-01 8.769555253163467956e-01 8.794534205295081453e-01 8.492167774417139769e-01 8.663303351980202738e-01 8.712421533178551503e-01 8.628693557489420796e-01 8.620511660178725721e-01 8.697062751289483806e-01 8.711558113154145300e-01 8.746133480636386626e-01 8.652737829268334346e-01 8.703326441194879637e-01 8.813970292856686539e-01 8.769686300785366484e-01 8.768657213698552999e-01 8.789541227324221273e-01 8.712697000211993004e-01 8.815941128768886026e-01 8.784151188842067581e-01 8.752886843007732232e-01 8.741317999150650664e-01 8.800973753142359302e-01
2.281684964561437115e-02 1.890576518363736580e-01 3.272240316598047927e-01 5.329053312628356798e-01 4.342354910111344557e-01 4.808872968312895013e-01 7.107024598691047412e-01 6.783079991299124645e-01 7.507656514729246222e-01 1.000000000000000000e+00 7.341205497711170702e-01 7.608565342025558342e-01 6.967620725566321394e-01 5.444319987843468933e-01 7.993044834235936147e-01 7.844535575903385238e-01 7.430497117002566876e-01 7.195936972123134767e-01 7.292085268187986635e-01 6.282696294382833502e-01 6.678227435673038670e-01 7.150861148308945703e-01 7.120622134248658641e-01 7.029812608774488325e-01 7.499957242467070184e-01 7.658827751725976185e-01 7.767338562756679332e-01 7.753519695651999166e-01 7.445493314835321952e-01 7.759344655168952665e-01 8.095486718777940016e-01 8.131930270309098985e-01 7.551335994401137119e-01 7.492207571133175925e-01 7.622552503572892491e-01 7.582767668176294551e-01 7.840419634004236471e-01 7.918663169014780179e-01 8.050829994403941869e-01 7.658044895897864190e-01 8.148424461573590127e-01 8.068293482425593632e-01 7.850026986831567521e-01 8.176339586736117715e-01 8.191265662674703796e-01 8.120889702186099290e-01 8.249320019361657819e-01 8.296142431593364064e-01 8.089114582144711907e-01 7.796847292640336491e-01 7.963191348469563779e-01 7.606757055197024275e-01 8.011428416476031877e-01 8.157260072945401452e-01 8.102451039650369058e-01 8.148915004410961505e-01 7.833792425417469563e-01 8.160220232766438597e-01 8.112918585125734605e-01 8.189728868498770131e-01 8.165471802068451357e-01 8.065101142516625243e-01 8.000426240001728972e-01 8.115285794847681977e-01 8.058111221237047594e-01 8.088190341903566116e-01 8.259318009035008235e-01 8.224822981128010468e-01 8.315687594248674097e-01 8.134967323931054928e-01 8.144311140067006516e-01 8.225394728108973430e-01 8.116180893816993258e-01 8.175428491699088251e-01 8.239031282488983310e-01 8.218251373138268923e-01 8.197301024300631678e-01 8.125111665019684182e-01 8.197278178725972975e-01 8.224178559888719597e-01 8.209922330904820820e-01 8.261851640408977016e-01 8.187927213964143469e-01 8.230712546860603496e-01 8.175780359101343375e-01 8.221175354471017549e-01 8.195015980951154688e-01 8.264462374703607228e-01 8.241320108627365748e-01 8.272123548219848521e-01 8.141011740604381375e-01 8.254736112506143586e-01 8.253877981586478230e-01 8.255624269326444775e-01 8.277428872620374856e-01 8.290028099566979503e-01 8.022700079497557812e-01 8.066330352683444005e-01 8.189775713878615360e-01 8.214851388142502264e-01 8.178893262371831341e-01 8.166431986311960545e-01 8.178583670639865133e-01 8.202454890470655124e-01 8.177631184822705679e-01 8.078315264437407883e-01 8.214608286273746840e-01 8.279215991990400703e-01 8.289993581126140487e-01 8.235665348780877304e-01 8.246959886724378741e-01 8.241102340046182473e-01 8.186279727168701559e-01 8.213590932408442180e-01 8.207049485764816854e-01 8.196091901531400437e-01
7.044038415263659259e-03 1.269792544530914391e-01 3.720672202289856956e-01 5.917262398098303011e-01 4.485444752045970596e-01 4.978343354871536119e-01 7.489977698614002088e-01 7.330722447592341595e-01 7.844225095698531547e-01 7.341205497711170702e-01 1.000000000000000000e+00 8.513253215378604466e-01 7.610200408846294895e-01 6.109134933418356450e-01 8.522860636451714544e-01 8.433174165166253955e-01 7.875436879843145110e-01 7.627423761619461784e-01 7.755604450600861455e-01 6.631020887016904064e-01 7.177288611207421898e-01 7.703442102005984005e-01 7.647502968997376138e-01 7.471954746273475889e-01 8.111838744946608948e-01 8.327331814918392805e-01 8.507714676799962294e-01 8.439322449775280566e-01 8.132304451016518776e-01 8.417210087358746318e-01 8.879500351123930102e-01 8.609465621192414764e-01 8.217207317335201155e-01 8.044734036715397441e-01 8.392373295509557574e-01 8.266865986525383514e-01 8.549122467172453055e-01 8.527221810172129768e-01 8.730944523204129393e-01 8.340651220118201481e-01 8.731267557589209583e-01 8.716375171900330177e-01 8.602499054748012908e-01 8.790928964209926422e-01 8.767131412144246738e-01 8.730934440139375141e-01 8.822260799306937962e-01 8.817686735409762111e-01 8.755755960196586196e-01 8.468705701709681177e-01 8.596523632195285369e-01 8.323320828070259747e-01 8.726905514683687137e-01 8.758056415396705541e-01 8.685882499777769494e-01 8.688755711349969157e-01 8.575743174607504127e-01 8.791188376687423256e-01 8.740747493267244650e-01 8.745189294886781539e-01 8.819549879683014071e-01 8.765938933322680038e-01 8.700523227649394897e-01 8.781091326962597865e-01 8.592102969308699212e-01 8.717057326253793148e-01 8.791012846388496227e-01 8.771862594258228452e-01 8.808648422522180610e-01 8.704744646486045623e-01 8.731234130644335290e-01 8.808202147698911411e-01 8.622282180482010450e-01 8.734816930400389756e-01 8.851516919449037291e-01 8.855935976915946251e-01 8.845715960871141093e-01 8.754021270933104448e-01 8.757621645266371324e-01 8.797870166081435128e-01 8.832384688467393996e-01 8.861095476992796316e-01 8.787857891320790538e-01 8.824175483788629926e-01 8.751989332437649649e-01 8.769576166544325035e-01 8.773994768844289860e-01 8.840271961347535568e-01 8.837881541739953661e-01 8.832643183421619026e-01 8.782197546259933318e-01 8.848875888455873806e-01 8.821994391230834065e-01 8.844926786797230323e-01 8.833740429232188607e-01 8.846108881547306568e-01 8.699979497280780905e-01 8.697179730108591800e-01 8.831208237131892291e-01 8.792064961570633663e-01 8.804498177401974823e-01 8.818234300554423921e-01 8.796348705077010610e-01 8.842640241175825366e-01 8.789492056876614390e-01 8.734127606636039598e-01 8.843935146663061131e-01 8.829927920276877673e-01 8.860272873007329908e-01 8.855581148586988416e-01 8.841546869291697641e-01 8.800016095920719650e-01 8.837225324100101975e-01 8.798020594972172370e-01 8.753322442822253358e-01 8.768692079061402023e-01
2.217243864065860173e-02 1.329426941330272560e-01 3.910606669299654947e-01 6.334513848551462933e-01 4.713603720090413507e-01 5.518218348092430725e-01 8.051086934589675170e-01 7.949532042481073368e-01 8.237648326744557714e-01 7.608565342025558342e-01 8.513253215378604466e-01 1.000000000000000000e+00 8.139040370992960405e-01 6.348380154279279486e-01 9.021973730783318102e-01 9.025569688998225093e-01 8.386123871523379902e-01 8.028115547335530344e-01 8.266654100786395842e-01 7.140270421399328438e-01 7.747197484938396217e-01 8.283766091944452237e-01 7.972569630745529601e-01 7.746899770783484129e-01 8.507188139610638578e-01 8.692002977200291580e-01 8.829112141413919534e-01 8.806075970797151431e-01 8.556387987109957960e-01 8.812226046284865610e-01 9.158242488859544839e-01 9.060933148073819776e-01 8.555890103947401126e-01 8.390325185608157321e-01 8.745031244088995459e-01 8.753525604627356849e-01 8.879537790803943009e-01 8.990542843468647405e-01 9.169388120384371899e-01 8.752594632999824986e-01 9.167731881256101500e-01 9.156878650020812138e-01 9.066739969409493005e-01 9.309076743536983667e-01 9.198531307457700201e-01 9.203061319459004963e-01 9.244088056879401494e-01 9.237960067446555623e-01 9.170412859431995578e-01 8.904232312180280218e-01 9.106470933492083475e-01 8.804986623774931909e-01 9.203797023191679916e-01 9.189853617457303114e-01 9.174688896292830798e-01 9.091643012050668604e-01 9.087313134679947391e-01 9.283400849458753878e-01 9.204033051406018684e-01 9.257750650900377076e-01 9.324245954522157875e-01 9.225720769312337755e-01 9.198924993442053610e-01 9.249519986994427789e-01 9.090522140512855565e-01 9.211483752150398940e-01 9.249766281060721740e-01 9.207234299292869073e-01 9.241317425054640378e-01 9.206111417243161288e-01 9.221329213150067927e-01 9.265013038105756049e-01 9.026567492113450886e-01 9.149268596088019345e-01 9.277194534608559362e-01 9.275794092477831487e-01 9.246501728770515349e-01 9.223592526001583858e-01 9.219748848039828193e-01 9.262841074349653647e-01 9.256056894706587990e-01 9.259711587914900566e-01 9.247110174237268554e-01 9.282788953539394816e-01 9.190113660667387219e-01 9.207240528630572518e-01 9.229995422967357532e-01 9.281608769211713295e-01 9.295694528652760358e-01 9.229115119918898102e-01 9.180854559357107814e-01 9.285230077528768833e-01 9.265618320646562545e-01 9.302816297273021062e-01 9.269101647631557972e-01 9.268070752625743314e-01 9.174705633683081230e-01 9.180551192589075926e-01 9.304975161185446986e-01 9.248510557086827566e-01 9.281934340517962179e-01 9.295899971434338216e-01 9.254526967143104077e-01 9.310906469056708934e-01 9.273506339026931222e-01 9.213886786210320201e-01 9.276231483977191994e-01 9.264325836266362746e-01 9.311097294743728714e-01 9.307546593955027259e-01 9.280571063795414188e-01 9.274561521318611668e-01 9.293784724560617549e-01 9.291722705388609782e-01 9.238075542787216321e-01 9.240728767375342434e-01
7.550800416090205913e-02 1.408452139592850927e-01 3.455441049519487606e-01 5.689412243680288528e-01 5.066683522847358345e-01 5.017581588740087639e-01 7.298010128420501230e-01 7.536555178120913911e-01 7.616991984526774173e-01 6.967620725566321394e-01 7.610200408846294895e-01 8.139040370992960405e-01 1.000000000000000000e+00 5.664948173666389808e-01 8.277413179031443136e-01 8.366337981091425124e-01 7.646912688530217439e-01 7.390763668641073814e-01 7.571429056961012094e-01 6.529448518339567853e-01 7.040341445345886795e-01 7.527973133553661489e-01 7.226193099097751871e-01 7.258980802077840133e-01 7.772082710132691696e-01 7.966602084439010634e-01 8.004869572571708947e-01 7.957441379101125589e-01 7.800953740317856377e-01 7.983273542452399285e-01 8.288933073052540124e-01 8.222154703651912699e-01 7.705153040685922550e-01 7.626428758073244829e-01 7.903304997109457108e-01 7.813953387409050544e-01 8.029187220634513844e-01 8.080726374032927151e-01 8.289891307806417364e-01 7.775216200412835565e-01 8.299328797643378275e-01 8.309369328051576797e-01 8.197243257902210312e-01 8.487304013139342906e-01 8.397781508749948554e-01 8.329527104370867407e-01 8.471856655483044340e-01 8.462179518700299052e-01 8.344760332659255653e-01 7.957711456273320882e-01 8.184704915923405322e-01 7.919147637447699895e-01 8.381290206639708806e-01 8.409997559558446412e-01 8.356607245300454734e-01 8.331050492694046516e-01 8.144723429390614555e-01 8.498345384924134160e-01 8.345602737676688365e-01 8.532331214744072190e-01 8.555902254062661694e-01 8.383653165038881250e-01 8.291604456840299120e-01 8.409834354988487970e-01 8.372462720235039901e-01 8.425145542741989679e-01 8.508996357850099335e-01 8.471415572818569162e-01 8.494027657140544862e-01 8.412068797274895315e-01 8.417189896344273725e-01 8.484115670437264445e-01 8.337337203460992718e-01 8.426672804158233943e-01 8.498299758467124931e-01 8.513355212555852036e-01 8.401474160607026453e-01 8.415195550639033018e-01 8.453597387961645504e-01 8.549550978721308647e-01 8.519827385179106205e-01 8.511038938701875889e-01 8.344639682799225300e-01 8.487314236658221045e-01 8.352724148676745619e-01 8.442901627338919024e-01 8.401334040272869785e-01 8.467091144291167826e-01 8.494257668183201604e-01 8.446311340978259752e-01 8.315560189240907008e-01 8.487862843496472021e-01 8.486194433866136588e-01 8.496435630173644338e-01 8.484347784554894245e-01 8.477876165296092115e-01 8.256375366717858544e-01 8.302582484269116492e-01 8.460670734479093236e-01 8.411854280471635636e-01 8.476373428883263728e-01 8.407287597267228962e-01 8.476334843087640625e-01 8.518085799512437051e-01 8.429795343323804868e-01 8.359035462477718559e-01 8.461468952449793246e-01 8.500923874939099179e-01 8.527463405823927367e-01 8.519931204367930944e-01 8.473421962378726580e-01 8.536935834343596374e-01 8.473971879682232755e-01 8.479295638215891273e-01 8.440137042895671238e-01 8.493548071471769267e-01
