1.000000000000000000e+00 7.300354751064273839e-02 6.959235344288880465e-02 1.019876902021936982e-01 -2.735845653383586415e-02 3.334648416792273824e-03 -1.122668594877748206e-02 3.928184856278842119e-02 1.405740166978211858e-01 3.564901387333353766e-02 1.544354599318734783e-03 4.629499404285451758e-02 1.541041058447892645e-02 3.578994482191058535e-02 -4.047587928599042338e-03 2.311295139858777006e-02 9.746213734283340480e-02 -6.041429425307141138e-03 -2.094702618112932388e-02 3.203494838715208182e-02 1.189092829809758681e-02 1.820133326295906781e-02 9.313235339166257148e-03 -2.890330311761147089e-02 -2.908828767197529572e-02 4.008490679144947194e-02 6.505206274840234781e-02 2.068809879426049964e-02 6.562353845686323683e-02 6.826440225528365713e-02 3.687851556970599132e-02 1.514483389741516986e-02 1.421913562883827837e-04 -4.101578051431923645e-03 4.057731331089954596e-02 2.589760357899318841e-02 2.038447514420016482e-02 -1.515046574880709457e-02 -6.599782476080961330e-03 2.555905675239650895e-03 6.804789898820566910e-03 -8.471264028721165254e-03 -1.173658650390003826e-02 3.041242730384272151e-03 1.733646048029633888e-02 -7.650346356966241865e-03 9.052624921575800482e-03 2.614461652609058329e-02 1.501130093860719369e-02 2.698397688948452403e-02 1.235191684582574202e-02 5.826596991104807804e-02 5.606307716264031377e-02 4.947327914006134642e-02 4.658498689508897700e-02 1.121261732675206228e-02 9.443347385347763967e-02 3.263712657162895492e-02 2.940961616744725005e-02 3.566340954545434150e-02 2.402813755475924351e-02 4.041904056434680176e-02 4.240826469320503611e-02 3.261127588674646305e-02 6.947669923578672635e-02 8.157052559100091971e-02 3.176425666034960599e-02 -7.028453554703230008e-03 1.166944131056277430e-02 2.350720215364229468e-02 7.208418933235811836e-04 7.058313248842001779e-03 -6.764002256177681360e-03 -9.893257786619251426e-03 1.266641850737933346e-02 1.629194759051303190e-02 8.389205253222871764e-03 4.060746936100047277e-02 1.028800595360553766e-02 2.054866517840679349e-02 1.545197527031657789e-02 1.393052077579180412e-02 2.418031073222832311e-02 5.911830613418674225e-03 -1.633674614517165342e-03 -5.820932191956071930e-04 -1.219659408924306200e-03 -4.434463182423679060e-03 -6.746832440924038950e-03 9.759832792052032871e-03 -1.429514779657808932e-02 -1.557048310845538224e-03 4.746994971255344420e-03 -1.674646930242313422e-03 3.805414926217366711e-03 2.313574600317331795e-02 1.306998156191091671e-02 5.405074701932326142e-02 2.296079295218835317e-02 4.806046782520816824e-03 -6.470743267434713418e-03 2.363411149791554144e-02 2.900156488943905764e-02 6.147463958899044081e-03 3.298868717728054012e-02 6.188104714233798320e-02 2.560549453515976320e-02 2.336065334032359428e-02 2.376421852941826632e-02 2.600456242480049182e-02 8.188865694671341317e-03 1.930222728094211498e-02 2.693910202368468912e-02 2.389013384425991288e-02 4.272669095483155183e-02 4.835136943324888636e-02
7.300354751064273839e-02 1.000000000000000000e+00 7.082167738924835532e-02 1.045601516215561022e-01 6.667721802637963102e-02 5.171953698824739709e-02 9.456937342803664603e-02 1.181992509343338660e-01 1.591236651611636632e-01 2.028019741118941843e-01 1.452979443633511669e-01 1.427059168841131043e-01 1.416816469412192359e-01 1.193414993886335734e-01 1.367626683445212765e-01 1.427059161357185357e-01 1.335825740844093779e-01 6.564126211665094468e-02 7.453169461055776657e-02 1.369790208939692666e-01 5.480521111444024152e-02 8.971547456851616809e-02 1.369968047286241053e-01 6.548935346424586412e-02 8.210175785890766464e-02 1.605344669583765593e-01 1.561363771481663054e-01 1.545544570714506016e-01 1.382023951384686866e-01 1.556319789343129367e-01 1.514716646873441874e-01 1.271822810567040107e-01 1.315856072663041665e-01 1.003366056611137702e-01 1.377691555451628358e-01 1.262899114868485662e-01 1.631830236234011466e-01 1.170241329658539414e-01 1.266194753196609457e-01 1.292764977825878736e-01 1.461756789965246717e-01 1.316712320447971929e-01 1.209500358677608606e-01 1.292081909888250224e-01 1.358175949636512558e-01 1.322418544954988839e-01 1.344804086364447815e-01 1.495047433961508854e-01 1.420182590660274691e-01 1.013014191669285857e-01 1.288875454698562018e-01 1.002297853711823922e-01 1.354198942601821110e-01 1.588763738398907555e-01 1.452115463130346229e-01 1.399057906764263060e-01 1.515593447740645194e-01 1.358252006493468611e-01 1.425604624001388376e-01 1.501376496544396533e-01 1.367284106707634117e-01 1.491799952062853873e-01 1.361126376872641985e-01 1.397261651970153895e-01 1.449563184011476158e-01 1.587317014268704585e-01 1.471723398745571620e-01 1.279847323912158830e-01 1.479165644788540956e-01 1.397951366428742126e-01 1.214629347274740617e-01 1.298188639483507378e-01 1.281198975226107151e-01 1.239500502558799622e-01 1.491826102030696932e-01 1.479542527684150621e-01 1.501557895698023004e-01 1.490976503410968435e-01 1.475593214254499463e-01 1.494929626579053483e-01 1.521500320759374136e-01 1.446516021236892158e-01 1.487172478612806548e-01 1.454992302823636952e-01 1.156518709219521435e-01 1.233121335794202661e-01 1.443588159026052975e-01 1.307711919847584225e-01 1.330716458156933069e-01 1.359856139026731081e-01 1.389743170178005249e-01 1.409166793728454103e-01 1.367816560357343614e-01 1.409950139036853789e-01 1.395761077147698037e-01 1.502719677420067679e-01 1.182410658125134101e-01 1.334869626836810708e-01 1.387155625579245266e-01 1.289573810342491411e-01 1.289356042924777179e-01 1.362698628503863085e-01 1.399328949016350743e-01 1.332986371181126006e-01 1.302210074554236985e-01 1.483989889487479785e-01 1.455851337186963301e-01 1.514143584005233911e-01 1.464294152170277641e-01 1.401575950070975962e-01 1.396107171197751851e-01 1.438220682460803479e-01 1.446928592239193068e-01 1.395873709463858747e-01 1.445850260304820945e-01 1.526532504188673478e-01
6.959235344288880465e-02 7.082167738924835532e-02 1.000000000000000000e+00 2.984776097011138107e-01 1.695493460627458537e-01 2.154292413359567004e-01 3.364125017336748735e-01 2.997415738894859683e-01 3.279755007862260041e-01 2.998943154696539493e-01 3.658718911854030864e-01 3.798052704151361758e-01 3.270065131472061903e-01 2.978469757693421593e-01 3.644001316276472835e-01 3.693415279958278674e-01 3.458222774180759185e-01 3.463403170726092606e-01 3.541831152833564422e-01 3.606343571016102367e-01 3.543530985458853144e-01 3.717686979049208973e-01 3.855988762499525935e-01 3.518510991326804782e-01 3.419337899947982318e-01 3.844627326165602765e-01 3.839817234335304308e-01 4.018736236520547012e-01 3.795618592813618242e-01 3.921260152691359302e-01 4.006377716807485445e-01 3.959886523724866492e-01 3.918894359635523017e-01 3.908069543922997879e-01 3.891847073902282572e-01 3.898151891089488563e-01 3.982164154504471698e-01 3.800034951105736303e-01 3.930261130511027989e-01 3.945805159989461131e-01 3.854233454728621111e-01 3.810922912210730762e-01 3.787469341246173515e-01 3.804071738498827071e-01 3.903246453834320340e-01 3.822890731403739695e-01 3.687775999831459650e-01 3.717129540653647535e-01 3.663092461500290775e-01 3.621180159353069028e-01 3.773861637633402766e-01 3.667094385822864400e-01 3.742245942071231735e-01 3.643133003720385732e-01 3.562283332523751844e-01 3.764765917265714412e-01 3.619712544147896116e-01 3.690742689009907096e-01 3.654511907189015307e-01 3.632019081412956041e-01 3.757634071239766005e-01 3.618907318691667041e-01 3.654941874848283145e-01 3.738959885425541252e-01 3.651899576992300167e-01 3.672123828346494645e-01 3.752654473884348141e-01 3.869142906385827363e-01 3.996748505892141479e-01 3.933896084934799808e-01 3.831566617617132575e-01 3.849013595859820391e-01 3.925407082554451810e-01 3.813060159918252312e-01 3.812167809081012382e-01 3.848867649095220611e-01 3.876734297982526445e-01 3.804520809425048222e-01 3.857230324183631431e-01 3.817767332587384543e-01 3.863495819811526566e-01 3.832951915881208649e-01 3.860927231694260553e-01 3.853368353682868341e-01 3.728514023608387462e-01 3.854111667525818019e-01 3.820820374114065610e-01 3.784060304155582033e-01 3.823115947204752674e-01 3.783966973045785331e-01 3.879277947619902411e-01 3.799877747163663555e-01 3.842450278108206496e-01 3.799541753743576056e-01 3.700124287302054560e-01 3.727077813764401171e-01 3.674455177415925644e-01 3.622840136118312682e-01 3.739152115747777505e-01 3.722780175519411761e-01 3.762846939977030347e-01 3.726590784220045194e-01 3.740067499186773836e-01 3.724133506479148092e-01 3.800426351554030968e-01 3.675443330354841165e-01 3.701904532888063426e-01 3.710816064517680202e-01 3.709039890072406420e-01 3.683319085840104923e-01 3.704674663491905329e-01 3.664437602370749780e-01 3.671655357025158106e-01 3.701925912493536641e-01 3.710903824063680467e-01 3.703349243338506791e-01
1.019876902021936982e-01 1.045601516215561022e-01 2.984776097011138107e-01 1.000000000000000000e+00 3.084123855057092078e-01 3.685868466704954050e-01 5.350748840742426404e-01 5.461776682967280916e-01 5.622708661453158507e-01 4.738761606234813129e-01 5.845245265680985014e-01 6.197253638274716758e-01 5.327790523883335627e-01 5.033190298106501315e-01 6.055730749795495971e-01 6.022204358716799488e-01 5.384135204604423297e-01 4.845021777073686975e-01 5.074799918463174242e-01 5.429356599947143813e-01 5.438938324599823515e-01 5.516192620391288104e-01 5.175091555949484778e-01 4.662389270054117518e-01 4.767457995581969032e-01 5.893056667840037566e-01 5.997749261251920094e-01 5.975379269544848215e-01 5.974118913805036568e-01 5.990115424382660425e-01 6.184311844239414047e-01 5.968085541194699806e-01 5.971367194016291569e-01 5.947725440988308465e-01 5.927762276091491644e-01 6.033879670670916351e-01 6.113370239340405465e-01 6.036370941148121450e-01 6.123636577614531840e-01 5.976711716435130217e-01 6.040251817577750870e-01 6.104299363492425856e-01 6.093413692814236837e-01 6.133186786052482464e-01 6.156110126916893854e-01 6.078156376504101344e-01 6.070079335823863609e-01 6.070047499192567919e-01 5.981789747990502448e-01 5.994988586442588918e-01 6.060413950596320598e-01 6.140948362614973011e-01 6.212753709496453558e-01 6.065618641753285356e-01 6.046287208136866820e-01 6.046365167355374215e-01 6.135507679323042307e-01 6.132652345894751278e-01 6.098735343952270682e-01 6.126907348608582327e-01 6.164191409004277089e-01 6.131580996560563879e-01 6.137333239017235265e-01 6.088125286833405703e-01 6.067707620078062192e-01 6.197576876247450350e-01 6.119228716820914737e-01 5.998265083407530174e-01 6.188831895252914217e-01 6.254024712855280610e-01 6.063633563394487114e-01 6.055257068253676600e-01 5.965607337007478028e-01 5.900227264174255914e-01 6.096620827205719850e-01 6.131740005799772852e-01 6.155100177831310804e-01 6.177491203832579103e-01 6.146725422454939469e-01 6.084979384739828134e-01 6.139204715533072010e-01 6.206086932643057885e-01 6.181130952054073591e-01 6.143091579800820101e-01 6.148459996033260877e-01 6.174642891067038120e-01 6.134939192177503164e-01 6.200718177314529234e-01 6.141281845989168264e-01 6.222836485807373696e-01 6.120551799273875604e-01 6.148855938937304311e-01 6.182924725144858247e-01 6.128575236154846229e-01 6.084459582644827780e-01 6.120315776705516075e-01 6.193257017432327594e-01 6.185849064775976736e-01 6.184930378944109020e-01 6.164111064174789822e-01 6.181069266287502195e-01 6.207351482747384130e-01 6.211754353962218866e-01 6.162387751950868520e-01 6.265462694958578993e-01 6.212367533264477881e-01 6.157957603799011359e-01 6.111345459258687995e-01 6.159355228678965455e-01 6.147028020690789019e-01 6.140845745206259254e-01 6.121221990353903353e-01 6.153547004429805733e-01 6.167467296138435806e-01 6.123632770575382356e-01 6.187806113105360772e-01
-2.735845653383586415e-02 6.667721802637963102e-02 1.695493460627458537e-01 3.084123855057092078e-01 1.000000000000000000e+00 2.886411277474266734e-01 4.501933809152648402e-01 4.468773401526037747e-01 4.320719172909623373e-01 3.890570154646330048e-01 4.321863619522694488e-01 4.708529294383253516e-01 4.552802613748803129e-01 3.936561411137387556e-01 4.840779200950912076e-01 4.735383574945786211e-01 4.209269120594684166e-01 3.445237391430527873e-01 3.792846416609920723e-01 3.771418623893870170e-01 3.955906618317448498e-01 4.018225023090706838e-01 3.799980865011420850e-01 3.219753858464394214e-01 3.667081810804488917e-01 4.707100448099333923e-01 4.643970936672185967e-01 4.704859059268009513e-01 4.450241194409096379e-01 4.373018443028159341e-01 4.756528980898522274e-01 4.231441335285384131e-01 4.353934576674233226e-01 4.257936859323287471e-01 4.428241813596674459e-01 4.379528117387366248e-01 4.740700421565434697e-01 4.708110714370150607e-01 4.834424634263109199e-01 4.468859976694115055e-01 4.864955673091985178e-01 4.884920337830565007e-01 4.801878810652631668e-01 4.946356094975162265e-01 4.782588326576190929e-01 4.903955958418426686e-01 4.859258193994467900e-01 4.805920986806327955e-01 4.780118938165840992e-01 4.398686014341883777e-01 4.708225792836768231e-01 4.584853886201644690e-01 4.730857692002027326e-01 4.760905335741089095e-01 4.662704019668414968e-01 4.717443279108219922e-01 4.504085565122506463e-01 4.801935980558627026e-01 4.695055256356653328e-01 4.907678687334445788e-01 4.906736313210164901e-01 4.785865685591904062e-01 4.731229097031469100e-01 4.832226356276532186e-01 4.801420190002823607e-01 4.755573878771586771e-01 4.847749025210983387e-01 4.787080133434098994e-01 4.775705291151410292e-01 4.824480522647891512e-01 4.766944090597502459e-01 4.813034623893522324e-01 4.664492238323141304e-01 4.762147560531131418e-01 4.961714815977745774e-01 4.940343520777264463e-01 4.924592858052852518e-01 4.878991349493541074e-01 4.851844606020835338e-01 4.827572374966723201e-01 4.905839945614298148e-01 4.924372359635634244e-01 4.868936606969522241e-01 4.889859907109356252e-01 4.789812173594948375e-01 4.813275830493246588e-01 4.947992643918359135e-01 4.932577576794514584e-01 4.943848964914563937e-01 4.853265697874679097e-01 4.905564375086708950e-01 4.964827493143162407e-01 4.894043106728509507e-01 4.943820718817741877e-01 4.952203407033658467e-01 4.907465362246733465e-01 4.803959581306962434e-01 4.798646879855461012e-01 4.964248698292407225e-01 4.889116076541721312e-01 4.951346382524693390e-01 4.897475675675543871e-01 4.903273142328540835e-01 4.957255749839692971e-01 4.923933709384976098e-01 4.779297090179830954e-01 4.870324788972336671e-01 4.883344932333423816e-01 4.881195939734953027e-01 4.898834913417396408e-01 4.857128609746160786e-01 4.940171563946948452e-01 4.862005734539535662e-01 4.933986955952970876e-01 4.902548419576194250e-01 4.897153370391037486e-01
3.334648416792273824e-03 5.171953698824739709e-02 2.154292413359567004e-01 3.685868466704954050e-01 2.886411277474266734e-01 1.000000000000000000e+00 5.032369072000077992e-01 4.568488911667303864e-01 5.000135858918590692e-01 4.545627945908390366e-01 5.192873128484282175e-01 5.566994041136368310e-01 4.912470612769141431e-01 4.413389531899946649e-01 5.667795743983953249e-01 5.292908492683014998e-01 4.942562585892320559e-01 4.364795497450949524e-01 4.702572176732197629e-01 4.388849152011037313e-01 4.842484079473874936e-01 4.945772797231799967e-01 4.507056798918923635e-01 4.138442153125614364e-01 4.418395652742652668e-01 5.394400744011285109e-01 5.383612695952100236e-01 5.483721154115195340e-01 5.150136331530268397e-01 5.072343801503552685e-01 5.479548945178784880e-01 5.245702741122280077e-01 5.232050694364699384e-01 5.296401986363719061e-01 5.200675001430811184e-01 5.398946503250532380e-01 5.440721883988929308e-01 5.586065909482720304e-01 5.724328529742297444e-01 5.422596072765890618e-01 5.671626874976265498e-01 5.729788908354648269e-01 5.657432829265622853e-01 5.812050539543472949e-01 5.690548019899116516e-01 5.699265032802086628e-01 5.712164104908605822e-01 5.706465196436123488e-01 5.635636900629147350e-01 5.399515516837617435e-01 5.646360590281245262e-01 5.501263447369980630e-01 5.645510376418271248e-01 5.583529343066887529e-01 5.520901360003673819e-01 5.629165593576898052e-01 5.388720902872716767e-01 5.684695936548673778e-01 5.581298593104488948e-01 5.706523139720143245e-01 5.742530905831556565e-01 5.678212830571568448e-01 5.603388246003152551e-01 5.690286471806034196e-01 5.658139010452640782e-01 5.612760064281917538e-01 5.737295874982704103e-01 5.627135400516725117e-01 5.612468261565579652e-01 5.637475321620476487e-01 5.676387581211566058e-01 5.692840963861809378e-01 5.514883174666541654e-01 5.574409410877100290e-01 5.709607368139851813e-01 5.723053197099221556e-01 5.777878633811130982e-01 5.645128334954506721e-01 5.686781709073923663e-01 5.653516347332636638e-01 5.697590233397992199e-01 5.693907705985526979e-01 5.776745170457187051e-01 5.738024162481522028e-01 5.682766337110608523e-01 5.705334885044964777e-01 5.741197108474332955e-01 5.819896546212773858e-01 5.803832460949837069e-01 5.753916437962950381e-01 5.782520292778202675e-01 5.790457679913912914e-01 5.762148882475406353e-01 5.804135628305840955e-01 5.765525170079056627e-01 5.750842283302510793e-01 5.682068435573832677e-01 5.604612080739206359e-01 5.749080005842748253e-01 5.774242280414731976e-01 5.779006584065859986e-01 5.748710053498831130e-01 5.746617639295276136e-01 5.804306769259375276e-01 5.752186676788070274e-01 5.667957221260299105e-01 5.704557546381773259e-01 5.727353288299881218e-01 5.744712158133113977e-01 5.746382632407555091e-01 5.785233761492777349e-01 5.772137822783206529e-01 5.752653245828710515e-01 5.757365388939603701e-01 5.753645032043281926e-01 5.729879409262255141e-01
-1.122668594877748206e-02 9.456937342803664603e-02 3.364125017336748735e-01 5.350748840742426404e-01 4.501933809152648402e-01 5.032369072000077992e-01 1.000000000000000000e+00 7.033358795565439747e-01 6.832531557930674460e-01 6.498210846737231261e-01 7.203025389921099420e-01 7.603556158952401445e-01 6.926023735778523704e-01 6.278378066185812401e-01 8.256273938049193406e-01 7.744541925462133936e-01 6.891643727150181808e-01 5.766682613622786668e-01 6.165082686654517197e-01 6.701021807503991790e-01 6.650644523971472877e-01 6.480244573597149227e-01 6.238755182234598795e-01 5.363693553479508269e-01 5.753622918743334091e-01 7.459143921913723441e-01 7.310025307261557304e-01 7.620870731358091454e-01 7.162533941461951548e-01 6.967237804460606476e-01 7.642228857408209786e-01 7.347640505705496095e-01 7.305772702203258140e-01 7.238085602745063518e-01 7.351643369991018861e-01 7.393616499814908982e-01 7.646060639092001621e-01 7.736541628631463663e-01 7.930376097245702693e-01 7.406023259380514201e-01 7.890890437237905175e-01 7.975847601050052305e-01 7.887629898425728703e-01 8.000796205347174839e-01 7.840262938880263599e-01 7.888085036136637251e-01 7.850056622679072449e-01 7.845711028023166778e-01 7.772354430781002188e-01 7.327056462749202970e-01 7.759616122804180449e-01 7.380640438936294512e-01 7.732434051992814750e-01 7.739749380642608756e-01 7.581958555189554083e-01 7.736296790747251295e-01 7.303515153282671424e-01 7.893815359632979645e-01 7.689494970601672419e-01 7.856136412298341254e-01 7.919409823303343865e-01 7.779794368746986155e-01 7.657702779786187408e-01 7.786475821084236637e-01 7.686462514989462758e-01 7.627483540886237368e-01 7.946288756288825139e-01 7.688313644722288842e-01 7.836206157716916199e-01 7.944121021561371121e-01 7.745716797891646355e-01 7.762279044342954570e-01 7.583409790554532792e-01 7.593664380322875385e-01 7.973784677108418650e-01 7.921104131319863795e-01 8.000202529088270564e-01 7.797067248873704726e-01 7.905728805168732443e-01 7.789719634154316230e-01 7.912525066250776229e-01 7.896541108242542961e-01 7.946190292588291015e-01 7.940707264726331038e-01 7.828074884455190618e-01 7.865454392530457639e-01 7.925690879083503448e-01 8.057979888968748172e-01 8.030488192308887774e-01 7.972400877096071925e-01 7.992202053539961826e-01 8.051614586990312183e-01 7.968913654581377681e-01 8.009082797342189641e-01 7.996019648242879141e-01 7.967511580938116955e-01 7.780451456821941836e-01 7.692885881707235418e-01 7.974876452278503169e-01 7.970549627008499671e-01 7.981000023113189457e-01 7.932425308472002001e-01 7.900570435874120223e-01 8.015994822961823862e-01 7.895326143598507818e-01 7.774028988345174085e-01 7.910297810346128555e-01 7.974603114087359668e-01 7.958245077579559901e-01 7.955181542773903658e-01 7.974531676535159264e-01 7.957361889556715528e-01 7.909692173835921603e-01 7.945439468158668195e-01 7.907319992996441060e-01 7.892284557778033172e-01
3.928184856278842119e-02 1.181992509343338660e-01 2.997415738894859683e-01 5.461776682967280916e-01 4.468773401526037747e-01 4.568488911667303864e-01 7.033358795565439747e-01 1.000000000000000000e+00 6.736835728777177401e-01 6.254946342259505299e-01 7.011273898637990776e-01 7.473641220609412716e-01 6.828278962431908461e-01 6.176278320983215053e-01 7.655377109572670813e-01 7.620545918309900024e-01 6.675528115712702215e-01 5.526749677936084737e-01 6.020105169434760706e-01 6.153066499025867664e-01 6.440001381313132933e-01 6.492651551561904322e-01 6.035685705889144437e-01 5.229018460583210182e-01 5.648567321831443611e-01 7.252583181794390876e-01 7.118908729135823288e-01 7.390724731323243812e-01 7.230733801159192620e-01 7.001009463729203075e-01 7.506776945003488244e-01 7.236880000144293446e-01 7.213915886241685227e-01 7.136851908299621794e-01 7.244614374115310174e-01 7.278207217587071565e-01 7.442581857738359563e-01 7.645015519042425156e-01 7.688292793656307245e-01 7.221564346617556085e-01 7.602499593021336821e-01 7.669306744713146884e-01 7.636694440042508525e-01 7.687746550658435263e-01 7.547302707680372258e-01 7.642408127612766444e-01 7.617357704028010490e-01 7.612886376291481128e-01 7.541000388670426879e-01 7.365716546724773162e-01 7.637067455606010302e-01 7.317046476711598357e-01 7.509196272804441463e-01 7.510287387281177063e-01 7.474953024105556176e-01 7.622898489698075597e-01 7.332805239179617240e-01 7.649754940234667622e-01 7.587788885067641154e-01 7.587667590969628950e-01 7.682032851283118191e-01 7.560050068961938763e-01 7.530531858586672067e-01 7.622733448921442667e-01 7.465305859399128385e-01 7.507167140435919706e-01 7.616871521025940783e-01 7.393709789428594137e-01 7.510700165104469139e-01 7.594130220348381810e-01 7.501968100503350056e-01 7.498750242146700051e-01 7.250273895040894034e-01 7.307787728239422131e-01 7.640418243580432422e-01 7.617756470254570811e-01 7.613510018267447554e-01 7.609260382566337411e-01 7.597733730731790480e-01 7.572154890122053672e-01 7.627188014890861067e-01 7.629257289433680755e-01 7.653756107376622486e-01 7.608941844190694193e-01 7.594776530955053007e-01 7.578006872189643195e-01 7.628820576037982359e-01 7.727623975789912336e-01 7.686119833601632312e-01 7.658159931103711848e-01 7.573468353915441265e-01 7.701902546388419424e-01 7.656287698287768118e-01 7.675762611877688935e-01 7.670788198061646579e-01 7.657079501964499935e-01 7.593809732261158629e-01 7.560721215150051355e-01 7.709795113615726114e-01 7.693403091249709780e-01 7.698267459206098451e-01 7.717922992116416081e-01 7.671431524552011494e-01 7.715804435130374506e-01 7.678227346987047675e-01 7.600816088915528512e-01 7.657471719341504279e-01 7.663297843298758627e-01 7.676286426226001103e-01 7.663225885120328318e-01 7.685588478757537922e-01 7.661744863481223522e-01 7.646886175554656884e-01 7.679942894104397899e-01 7.604794108102931327e-01 7.640409193641983787e-01
1.405740166978211858e-01 1.591236651611636632e-01 3.279755007862260041e-01 5.622708661453158507e-01 4.320719172909623373e-01 5.000135858918590692e-01 6.832531557930674460e-01 6.736835728777177401e-01 1.000000000000000000e+00 7.203250758738065640e-01 7.883478713836276075e-01 8.234771714920877672e-01 7.441484279817938141e-01 6.745104345465016138e-01 8.199462856235755215e-01 8.225582679568248512e-01 8.030014946683583510e-01 6.187771292920720700e-01 6.756628597359285449e-01 6.603968602228115214e-01 6.931074108312571536e-01 7.244431941657107910e-01 6.600332582653087865e-01 5.938708885319958775e-01 6.544114785585261052e-01 8.262307545398119846e-01 8.261848626698887754e-01 8.122842068546697325e-01 8.114374851292809332e-01 8.151137076986776364e-01 8.512883411975638026e-01 7.965035342890630643e-01 7.681143751598332736e-01 7.782389503228724914e-01 7.986809116910169593e-01 8.081962544521450464e-01 8.348055649212140494e-01 8.211414365788869407e-01 8.372262057568329308e-01 7.790416843284159176e-01 8.495397136158546747e-01 8.395923964049195609e-01 8.243074866130158940e-01 8.566027103094813189e-01 8.443182604065339047e-01 8.413900154047487812e-01 8.581620657940974839e-01 8.685566311586516708e-01 8.627599121874693910e-01 8.090010593501310021e-01 8.480283123178117277e-01 8.237042592174224076e-01 8.586853804058157680e-01 8.693340177854290696e-01 8.535888028903524383e-01 8.473269500206557225e-01 8.578806756750221307e-01 8.600137324018992668e-01 8.556363606416111933e-01 8.703612894843955061e-01 8.639725860884077679e-01 8.674670499035576077e-01 8.568143822959314315e-01 8.650149430651148386e-01 8.679752885870164469e-01 8.729635011350411755e-01 8.665492219371496718e-01 8.380121287499995297e-01 8.408769497579549057e-01 8.447235099633585431e-01 8.430145820234962173e-01 8.506249208725944477e-01 8.188035891408032008e-01 8.282906236296806446e-01 8.632893634390664817e-01 8.630959377395887033e-01 8.556381705114229907e-01 8.650031178233218432e-01 8.552280509260644648e-01 8.625363273023402000e-01 8.623158666503785152e-01 8.672456105096931767e-01 8.600821317080268313e-01 8.534098512738924613e-01 8.306044732186322888e-01 8.460122619112590003e-01 8.562149157908557351e-01 8.523363689659742004e-01 8.538876720407515553e-01 8.458773360887352766e-01 8.364947358131987754e-01 8.586877993547619159e-01 8.581767619438107619e-01 8.580659163845417714e-01 8.629523758721702187e-01 8.688400626556957995e-01 8.392093807895208979e-01 8.551665018595272505e-01 8.623368770243864390e-01 8.522665708387706651e-01 8.494504484640500452e-01 8.599334877100113239e-01 8.661069070063203146e-01 8.611078817376198735e-01 8.663409515075271017e-01 8.656138188759500141e-01 8.691215022095356568e-01 8.679911309178248713e-01 8.645158577037824754e-01 8.665967890035430887e-01 8.576323842875773762e-01 8.682326852535781070e-01 8.670526524039624539e-01 8.681896245213507335e-01 8.719922277074483308e-01 8.722766426464632072e-01
3.564901387333353766e-02 2.028019741118941843e-01 2.998943154696539493e-01 4.738761606234813129e-01 3.890570154646330048e-01 4.545627945908390366e-01 6.498210846737231261e-01 6.254946342259505299e-01 7.203250758738065640e-01 1.000000000000000000e+00 7.129047651395261642e-01 7.455450092182545063e-01 6.772646053781127273e-01 6.131815692164789278e-01 7.624093114913151892e-01 7.544270988722679983e-01 6.941794858982632821e-01 5.646575287386562669e-01 6.227893461099849315e-01 6.070477758920487243e-01 6.104097603764077062e-01 6.394497880368623655e-01 6.345396277914004957e-01 5.563664559070413684e-01 6.001111130544750649e-01 7.583363280148082142e-01 7.422442599810205044e-01 7.620197191745600174e-01 7.331300326777530074e-01 7.466938992978560119e-01 7.759188336639638583e-01 7.424354751964498123e-01 7.263938296767274982e-01 7.170172922704228791e-01 7.467310505857138736e-01 7.279638669444520316e-01 7.691381292962137239e-01 7.550143979445395059e-01 7.704813890720623171e-01 7.248309212488379671e-01 7.853570206921288710e-01 7.729170781673987412e-01 7.520142376132711304e-01 7.817390167587696670e-01 7.697997412312289622e-01 7.755192564388535548e-01 7.850408911995737649e-01 8.013351252074506492e-01 7.937708772868343754e-01 7.240314184682189458e-01 7.716293521043130488e-01 7.205258500696769541e-01 7.709824756721023187e-01 7.959047447708617051e-01 7.795207011830240784e-01 7.805090720135191562e-01 7.621898113470736424e-01 7.852547390801518645e-01 7.851086822018806810e-01 7.938460030441758519e-01 7.848655498726442303e-01 7.905367475388157539e-01 7.737595453608672180e-01 7.846575296162995317e-01 7.762676710349923903e-01 7.831796300836235680e-01 7.945048256585697244e-01 7.728231092293974536e-01 7.822982996810030620e-01 7.733324598375650449e-01 7.690210060889736132e-01 7.791906293975489062e-01 7.579390360669978621e-01 7.626579653764745670e-01 7.949085666503868941e-01 7.944479482468139730e-01 7.929030409994600737e-01 7.895115667658296754e-01 7.902574306451793928e-01 7.957842350916483065e-01 7.929385180151977686e-01 7.944433434170614650e-01 7.922426578326839941e-01 7.922980095253955302e-01 7.615505683643072343e-01 7.754628077753531468e-01 7.878469315344962531e-01 7.863793566722361295e-01 7.889720466964679213e-01 7.784200380032046951e-01 7.807340022884478037e-01 7.931271696228063828e-01 7.880337112045032733e-01 7.923132940070762853e-01 7.971447142722926094e-01 8.009510592150305142e-01 7.610541684549211316e-01 7.686525703705766599e-01 7.868765810568405517e-01 7.821681566143013908e-01 7.782041285196764635e-01 7.822511635268684094e-01 7.861690999974509930e-01 7.873942415811084894e-01 7.813618795960677321e-01 7.825614810897898455e-01 7.960824468813575416e-01 8.007032795985332685e-01 7.954500926171532704e-01 7.919090797191626896e-01 7.891678069229328685e-01 7.967126899660460504e-01 7.932490076553447844e-01 7.911430757631521260e-01 7.899961316100676534e-01 7.953430261207187213e-01
1.544354599318734783e-03 1.452979443633511669e-01 3.658718911854030864e-01 5.845245265680985014e-01 4.321863619522694488e-01 5.192873128484282175e-01 7.203025389921099420e-01 7.011273898637990776e-01 7.883478713836276075e-01 7.129047651395261642e-01 1.000000000000000000e+00 8.583584117979514705e-01 7.672090242070762622e-01 6.944371442330447008e-01 8.576491217592675520e-01 8.407593577049893296e-01 7.766058925413330538e-01 6.781480025009400947e-01 7.361552403809484835e-01 7.044804028936298979e-01 7.287682768829756297e-01 7.640122507666300411e-01 7.324606251010088442e-01 6.647729751384260366e-01 7.066234337791894582e-01 8.548224657644536428e-01 8.524795435665265542e-01 8.535624193984014951e-01 8.309143275252061089e-01 8.375191367976960732e-01 8.871886678511547997e-01 8.462164392511785094e-01 8.305312590277220686e-01 8.401947924408724733e-01 8.443856297758068896e-01 8.494572910726223558e-01 8.659008928207766465e-01 8.697523277209917580e-01 8.822278204968727611e-01 8.401518054447701944e-01 8.835653382973738257e-01 8.832115151968320532e-01 8.732634090169321128e-01 8.920610383193919857e-01 8.817722635355970118e-01 8.838222327735330008e-01 8.882573733004129890e-01 8.909115676813750273e-01 8.866858885911400590e-01 8.444758468003701335e-01 8.821516154242773355e-01 8.405371222531092812e-01 8.763987919872860965e-01 8.783768868743678793e-01 8.665385660904757481e-01 8.769593873956137431e-01 8.567883272188775434e-01 8.872639593088917920e-01 8.799883281970246607e-01 8.886099772104184558e-01 8.898033676839800510e-01 8.858038515648598565e-01 8.770697740714065160e-01 8.868366760604178278e-01 8.757225751248989276e-01 8.743200691837451632e-01 8.907008855454723317e-01 8.805706325928365219e-01 8.856834539362135050e-01 8.811748304788631359e-01 8.813598677476990328e-01 8.854136866332321665e-01 8.664215510177183388e-01 8.713647888257897156e-01 8.948990288199497600e-01 8.949626897592198871e-01 8.913792051939083416e-01 8.865234432947577403e-01 8.902408826171249734e-01 8.914861499091519814e-01 8.937033961559573969e-01 8.960226183277782974e-01 8.927569181748051808e-01 8.935886045188379256e-01 8.787384709836066898e-01 8.891585849562055888e-01 8.927465051347938108e-01 8.950875157293601836e-01 8.950514946670840022e-01 8.852204431196253331e-01 8.893521094016256789e-01 8.959949374870411765e-01 8.943253660896538504e-01 8.966224776557645271e-01 8.930144921146447867e-01 8.941830333675190312e-01 8.784294338427602877e-01 8.702439163576959347e-01 8.900311881489223476e-01 8.907818875345935306e-01 8.920677223918306309e-01 8.894321286577766550e-01 8.919061997114573481e-01 8.958142534257729217e-01 8.892690018103717176e-01 8.765614925349581865e-01 8.918329981196781997e-01 8.908625648907455563e-01 8.900615613004473348e-01 8.911016320319389283e-01 8.912231737072845439e-01 8.926009806036997452e-01 8.905739430404786550e-01 8.927050093190674884e-01 8.874664303907895402e-01 8.857949728451018911e-01
4.629499404285451758e-02 1.427059168841131043e-01 3.798052704151361758e-01 6.197253638274716758e-01 4.708529294383253516e-01 5.566994041136368310e-01 7.603556158952401445e-01 7.473641220609412716e-01 8.234771714920877672e-01 7.455450092182545063e-01 8.583584117979514705e-01 1.000000000000000000e+00 8.062861439971118482e-01 7.211257846986722786e-01 8.971834737216436428e-01 8.885826460632130219e-01 8.262822025778053803e-01 6.903355639778120389e-01 7.514699758517833228e-01 7.318346063064358198e-01 7.663466015818173327e-01 7.899278236605767889e-01 7.447298799157956450e-01 6.676144431380327537e-01 7.137240864017173614e-01 8.800736301842588816e-01 8.814441539641296730e-01 8.830095062831949670e-01 8.617305138641844220e-01 8.651973864590686292e-01 9.183707550080101312e-01 8.829395181026724604e-01 8.604189297083789656e-01 8.726992288197920056e-01 8.722892515056883678e-01 8.856933031211812191e-01 9.021498151847019420e-01 9.083955809079783394e-01 9.192472541737128910e-01 8.747440264888883821e-01 9.188680095083691102e-01 9.212762223714512366e-01 9.101001623112549010e-01 9.276144281160932925e-01 9.216057257188957630e-01 9.194033417378616457e-01 9.251873279596378730e-01 9.291379246340830678e-01 9.256136313933694959e-01 8.870374510053044004e-01 9.240751170929605296e-01 8.896689328568029298e-01 9.202649624567507125e-01 9.212070415925072142e-01 9.109941604708047258e-01 9.202758262684112012e-01 9.047712342977198841e-01 9.290327602726357048e-01 9.238640063769760769e-01 9.289773176410485167e-01 9.297121938289085730e-01 9.290660108400938810e-01 9.193590160627922447e-01 9.277668651859848348e-01 9.179112286468452675e-01 9.209769529040885416e-01 9.297564716683429653e-01 9.100131462456796383e-01 9.183347013582406904e-01 9.167927566646580928e-01 9.135156185213741953e-01 9.196825672141767383e-01 8.945818537175598273e-01 8.984359237550101351e-01 9.276104542888986559e-01 9.291875379946517022e-01 9.260521465605863201e-01 9.227286637938721947e-01 9.253571847231570890e-01 9.251106839147964500e-01 9.282960097249466358e-01 9.325195809496205079e-01 9.308448547686232200e-01 9.265475842083775726e-01 9.138822897516682975e-01 9.245703339383208874e-01 9.296905261478588534e-01 9.321312302997950550e-01 9.313777518297763347e-01 9.227900036977145781e-01 9.217776996114984689e-01 9.328326207838706363e-01 9.310297093836162885e-01 9.317344803274651976e-01 9.304497425075393124e-01 9.325861293811631425e-01 9.170895436728643269e-01 9.124882895815783490e-01 9.285350485761554307e-01 9.287906688663918331e-01 9.286735231447101890e-01 9.295830633509166718e-01 9.313529494845376178e-01 9.327499496748702379e-01 9.292594324828689079e-01 9.221450396309570641e-01 9.321751893993958094e-01 9.299417092515731564e-01 9.298915975960981850e-01 9.294157065105197457e-01 9.308881230048913213e-01 9.314865857613130462e-01 9.312222789934132550e-01 9.315651203597552499e-01 9.287179694856005918e-01 9.292453710003801826e-01
1.541041058447892645e-02 1.416816469412192359e-01 3.270065131472061903e-01 5.327790523883335627e-01 4.552802613748803129e-01 4.912470612769141431e-01 6.926023735778523704e-01 6.828278962431908461e-01 7.441484279817938141e-01 6.772646053781127273e-01 7.672090242070762622e-01 8.062861439971118482e-01 1.000000000000000000e+00 6.593404662171005182e-01 8.240932595554197881e-01 8.156618557564171423e-01 7.285344196705685338e-01 6.179339800140103423e-01 6.721070707428314916e-01 6.599853062564339234e-01 6.864092251920839161e-01 7.093893117381463442e-01 6.704206366663215677e-01 5.998351996599284863e-01 6.527782718297678866e-01 8.031700747675408758e-01 7.993784056711428221e-01 8.035684910733693620e-01 7.792838014642775590e-01 7.842717236633339750e-01 8.284609336056267814e-01 7.843706101017298149e-01 7.659528516239142437e-01 7.705778794078993466e-01 7.997591241165573628e-01 7.824108001286013137e-01 8.176088037175398560e-01 8.179360053408164521e-01 8.311066016071221307e-01 7.759815037776500724e-01 8.376350671519970925e-01 8.359712087784272327e-01 8.246820828142888971e-01 8.386066607981280674e-01 8.278742833535773782e-01 8.368008070051415892e-01 8.416953987320194841e-01 8.453484289249334482e-01 8.435495628931378720e-01 7.880046961742143141e-01 8.307567127874898594e-01 7.946222030642486889e-01 8.315720173316525354e-01 8.392550104885234674e-01 8.297749703688932499e-01 8.333029038675878741e-01 8.123353334226033340e-01 8.409464059299456284e-01 8.370061574495027967e-01 8.466647154597128910e-01 8.440038215505162311e-01 8.409913294480936274e-01 8.328043751724764077e-01 8.410474302877962716e-01 8.303554461619240268e-01 8.323030623285876395e-01 8.444460736095712461e-01 8.289544338926096989e-01 8.284967487113386042e-01 8.303995410450266679e-01 8.298943716406301796e-01 8.356749618890209064e-01 8.085810235824859582e-01 8.212629514624349980e-01 8.469583063257410949e-01 8.454792576692852224e-01 8.440843068988549414e-01 8.380531151778911614e-01 8.410139305043405900e-01 8.436808050881726695e-01 8.465113844333541637e-01 8.490120189700947062e-01 8.388335148564241006e-01 8.460026274847288752e-01 8.232796324310036606e-01 8.318941616018701302e-01 8.418640088362824292e-01 8.429894417410523921e-01 8.457781622701153745e-01 8.359765122976456908e-01 8.346106228957128614e-01 8.489761548992149631e-01 8.430620827838050113e-01 8.492099922437792436e-01 8.500799577712803146e-01 8.495893476454399185e-01 8.234993757675365122e-01 8.248368000016118584e-01 8.464911230437708323e-01 8.410388633427459126e-01 8.414733468904488367e-01 8.403206254898246685e-01 8.464646639500741365e-01 8.482489653726885681e-01 8.417014350104414788e-01 8.336786286948615343e-01 8.462088333282480335e-01 8.466387685590931467e-01 8.462609136794280174e-01 8.445254294211654855e-01 8.425095202748619228e-01 8.490482000586461186e-01 8.451144805685807393e-01 8.451830212772308837e-01 8.431828777947656395e-01 8.455835303504595224e-01
