1.000000000000000000e+00 9.890534025695925380e-02 7.879087744628464687e-03 4.874544566398731488e-02 -2.367257966086133356e-02 1.319357375291272403e-03 1.016061302894738852e-02 -1.918596614382624696e-03 1.046243063980446669e-01 5.719644226220518129e-02 -8.017388906186147463e-04 2.728098888335526648e-02 3.673356653301704938e-02 4.301830268191389646e-03 -2.242980511902610465e-03 5.396367989404264251e-03 5.126439224579888709e-02 -1.037504480105574771e-02 -7.283120776420567294e-03 -3.605807286243582765e-02 6.128434381426812322e-02 2.539706882067090804e-02 -6.420845913532555183e-02 -4.345913617958625103e-02 -4.333610334596956631e-02 8.282909515863389957e-03 2.309409775282429342e-02 -1.865881543568002551e-02 2.421559569271990522e-02 1.456354081255788017e-02 5.582222007519335380e-03 -1.837485230424748539e-02 -3.827215392458570981e-02 -3.756969771971890165e-02 -8.047919451504747385e-03 -3.428228539504774020e-02 -1.854242877346501048e-02 -2.435576154628898635e-02 -3.269346926867652825e-02 -6.464311535140816745e-02 -1.271288621414687695e-02 -2.668577461741816065e-02 -5.012458493868080650e-02 -1.603185958309984865e-02 -2.349447958715769613e-02 -1.891800145056854801e-02 1.166627303146380683e-02 1.391181267201749630e-02 3.068243227762429588e-03 -1.451840015421749196e-02 -7.593142906556550088e-03 -1.507243432071822889e-02 -2.018193710654080444e-03 3.205302438193427528e-02 5.254378112048754476e-03 -3.297065807249035391e-02 3.115309927852086269e-02 4.095782293611142412e-03 -1.189125633143349112e-02 3.616988513660380350e-02 1.558650515345050454e-02 2.316873988648790808e-02 7.919223128565886644e-03 3.480643729818704447e-03 4.709298085215973123e-02 3.870563233020532512e-02 1.261120130601355721e-02 1.790097775164971533e-03 -8.833651174241207923e-03 -1.024271977034961825e-02 3.624102781765046934e-03 7.994665216719100756e-03 -1.377291254038835733e-02 -1.313054258444878650e-02 5.406576510646642769e-03 6.038129420570827882e-03 -1.698202287960782391e-03 1.459642183243015437e-02 1.488872739039087426e-05 1.066394158108984781e-02 -1.367885718398928778e-03 4.255502985234463874e-03 -3.083448411330860783e-03 2.473604811273612866e-03 -1.134640350012595077e-02 -1.397611222329096445e-02 -1.225226370386133141e-02 -1.584744979518547953e-02 -1.288320429977101236e-02 -3.942851087737685861e-03 -3.089690342730855993e-02 -9.419329252804810662e-03 -1.170818477439431599e-02 -8.235317627503971338e-03 4.673110912761972192e-03 6.003705032340940495e-03 -2.448797030728332592e-03 3.107868080799453675e-02 5.736903434150461903e-03 -7.177593789780128790e-03 -2.014217947433905725e-02 1.002533100402830391e-02 5.153159231638063803e-03 -1.536919093368375186e-03 1.932381988571806822e-03 2.691806360574854756e-02 1.411932833438895619e-02 3.173704045235134063e-03 3.834473706580571097e-03 1.520551271454509759e-02 -6.141351976046940941e-03 1.597374399101950462e-02 1.293511794315702935e-02 1.654831000850447154e-02 2.778255213623621184e-02 2.726341803763475402e-02
9.890534025695925380e-02 1.000000000000000000e+00 7.801336097701434824e-02 8.984850314789272208e-02 7.823877481237336007e-02 4.668174981585546113e-02 1.213704997948925196e-01 1.027454427424008693e-01 1.560593244738798235e-01 1.714683283023964999e-01 1.455473301746522674e-01 1.490627752518016158e-01 1.304882916477000665e-01 1.261725544623481243e-01 1.464946705202719857e-01 1.583767714345877820e-01 1.455278341250606511e-01 1.115271593081520879e-01 1.108558026875245406e-01 1.288630928080657934e-01 1.028756513026334862e-01 1.026662555719961012e-01 1.198000547673476468e-01 1.160271337097235345e-01 9.224046767656243762e-02 1.468990482119281737e-01 1.346427577275326470e-01 1.296701778419400430e-01 1.308230391480859900e-01 1.452816158964089499e-01 1.423319380119738853e-01 1.541963671127785096e-01 1.236142416201093802e-01 1.229024407743093544e-01 1.212909243155563255e-01 1.176280622284514021e-01 1.323965748491994221e-01 1.320545484878073716e-01 1.296551679709260496e-01 1.080995841910147442e-01 1.488533588946056863e-01 1.290290166794610116e-01 1.205570691577176057e-01 1.348088965064038469e-01 1.376059178099314495e-01 1.357356795698390906e-01 1.475576298882516346e-01 1.568018991981205978e-01 1.510380896244390148e-01 1.200213973950779722e-01 1.321134133996679227e-01 9.746200494924102398e-02 1.315727781013630582e-01 1.561579406084001032e-01 1.352391379391673365e-01 1.372963391759400020e-01 1.372085894689694940e-01 1.491437787216511324e-01 1.390184179811531917e-01 1.568790527788310463e-01 1.504483962485488602e-01 1.545797433645065833e-01 1.396234878264830392e-01 1.477626685892451941e-01 1.553906793777139472e-01 1.535716451049134179e-01 1.543323174154835609e-01 1.441655157419805822e-01 1.558487499714479030e-01 1.420751684303201423e-01 1.352598945041840472e-01 1.370283260377684331e-01 1.451994735113643908e-01 1.351470333990660022e-01 1.512946222023074938e-01 1.433643899703390123e-01 1.430132217488761237e-01 1.417528893329154105e-01 1.545433133336126530e-01 1.457623967095875994e-01 1.438951064220820864e-01 1.470091999397653559e-01 1.435954729503688410e-01 1.369697088933972129e-01 1.444013019188213898e-01 1.426623326772049338e-01 1.396870218540611497e-01 1.442409976897808810e-01 1.425952030682964000e-01 1.379229144331268198e-01 1.364284631445147333e-01 1.402418270904019770e-01 1.448886258987925058e-01 1.432703473664862226e-01 1.511100901328553681e-01 1.519404955407464841e-01 1.270603851539995055e-01 1.340719344992081230e-01 1.485169263783610027e-01 1.355479855773209230e-01 1.351878679049859644e-01 1.363940655215591935e-01 1.419925415873548036e-01 1.393147428031736856e-01 1.341761273193886606e-01 1.384199954442454084e-01 1.513153895297225660e-01 1.476290336592427921e-01 1.446417939672453856e-01 1.501346755034758396e-01 1.390474522381402733e-01 1.534581453122643158e-01 1.475255902749650350e-01 1.446373988197247329e-01 1.499473059688158083e-01 1.499682658246179467e-01
7.879087744628464687e-03 7.801336097701434824e-02 1.000000000000000000e+00 3.376951885097072559e-01 1.794963981322282298e-01 2.283204224417257344e-01 3.528891905988518762e-01 3.328412406081175390e-01 3.257334930932474504e-01 3.267723863652516325e-01 3.699829028300888334e-01 3.834206502120172666e-01 3.389440027530983279e-01 3.658425497658208125e-01 3.750647388432328255e-01 3.646335131743343450e-01 3.568278006980760697e-01 3.811780381126341211e-01 3.944823484398647384e-01 3.425367570373243353e-01 3.758930700207025466e-01 3.971490712484510577e-01 4.057574375735754635e-01 3.881310548143001582e-01 4.025740513652427133e-01 3.748402253598088207e-01 3.773412810574532927e-01 3.886861460417697089e-01 3.907276723952287090e-01 3.894103916144843192e-01 4.011648512352947171e-01 4.001302386412535772e-01 3.798088797382125903e-01 4.005389068048243462e-01 3.806802088378960502e-01 4.086924816336963140e-01 3.969704578487143753e-01 3.918718884076815567e-01 3.963357298032708087e-01 4.017351118129608434e-01 3.868884755682356902e-01 4.000110083757973944e-01 3.969927398270627350e-01 3.932450454185837385e-01 4.073745990274541540e-01 3.903923746947219886e-01 3.811397930282216517e-01 3.806677373808763365e-01 3.900553513209043532e-01 3.958470848317663382e-01 3.918505223956834649e-01 3.984888270999584203e-01 3.851771377275654551e-01 3.677162240202285770e-01 3.665976290884955247e-01 3.936790727798649137e-01 3.785636039013984266e-01 3.807500215234248531e-01 3.728097567378036437e-01 3.766662159873090943e-01 3.791014264662200817e-01 3.686390914641072269e-01 3.709792133286362037e-01 3.885375647906586516e-01 3.786628269644075617e-01 3.778315985555808498e-01 3.864893396736904796e-01 3.966902079654625046e-01 3.959311768040448265e-01 3.979364641359129928e-01 3.988604002230802803e-01 4.046063349615836024e-01 4.021754095487401481e-01 4.094035508950674696e-01 3.921557806834072846e-01 3.916623761940428161e-01 3.942087898853661732e-01 3.885085408662570794e-01 3.955795734097394822e-01 3.861786062726051405e-01 3.932797027688495484e-01 3.955727138033449108e-01 4.097204379525477003e-01 3.852139070651617869e-01 4.011983820029150771e-01 4.035148346837530431e-01 4.000364888925578843e-01 4.005483920309276802e-01 3.947193951648928500e-01 3.940322042792716584e-01 4.040531539127726335e-01 3.952702540366098138e-01 3.956304284876016042e-01 3.915044585441855851e-01 3.860364117256923078e-01 3.847930052001758416e-01 3.914726073948597285e-01 3.922121276311293370e-01 3.863382760071882305e-01 3.990251204107397309e-01 3.954313990304897941e-01 3.901222520045375952e-01 3.895007341446339866e-01 3.874523669896475786e-01 3.991135771441627345e-01 3.838530645103761518e-01 3.866048017087331257e-01 3.851794012294795788e-01 3.839964783702032869e-01 3.838732225669475584e-01 3.881907865040560845e-01 3.838105592834619162e-01 3.810681781393965850e-01 3.906634948920357786e-01 3.904385546706944932e-01 3.813522649098537443e-01
4.874544566398731488e-02 8.984850314789272208e-02 3.376951885097072559e-01 1.000000000000000000e+00 2.989426282789444111e-01 3.410596272325873146e-01 5.633070601247953668e-01 5.711646034849606757e-01 5.357874974558111125e-01 5.261775200177241096e-01 6.014069048046075672e-01 6.367700266306541845e-01 5.636768096973093778e-01 5.722013286414547872e-01 6.214374231456504249e-01 5.936293373487990799e-01 5.695840418836567443e-01 5.787366648570395622e-01 5.934181056686090860e-01 5.396333690231817082e-01 6.212921332248823036e-01 6.190878698293034166e-01 5.971599765913594426e-01 5.572851790626927038e-01 5.915261089965394570e-01 6.210745904844657828e-01 6.074691026156926466e-01 6.249894016628493310e-01 6.247858983984757586e-01 6.293260000566434087e-01 6.452933596534733418e-01 6.051121531375714957e-01 5.784360180825017794e-01 5.947251647529355756e-01 5.968587148364206119e-01 6.394830297787662543e-01 6.321178952967737574e-01 6.111771808641569548e-01 6.336107896139610007e-01 6.281566083446378235e-01 6.344374786191159243e-01 6.367558437555240758e-01 6.342485224515981290e-01 6.368514543028896968e-01 6.449278449652737777e-01 6.366797942480876271e-01 6.241045987376345749e-01 6.196724534281768948e-01 6.228143543645983105e-01 6.121614109467485854e-01 6.259309482823169901e-01 6.533747111124492690e-01 6.334314435572933055e-01 6.178675887584642590e-01 6.120066517500173386e-01 6.327549884635648159e-01 6.243353883837744478e-01 6.246366989239524603e-01 6.027188230321793849e-01 6.236275413960585823e-01 6.255538446014374809e-01 6.144606797284056787e-01 6.160291618722590901e-01 6.230598360265120483e-01 6.332694414364209434e-01 6.316479213018677541e-01 6.277663309959869986e-01 6.344216708228334056e-01 6.304539232483358235e-01 6.384484721115872841e-01 6.409278649634960745e-01 6.429519545705241201e-01 6.279739666638064488e-01 6.382571093752857916e-01 6.387460338378088132e-01 6.377996879254560492e-01 6.376727746858404933e-01 6.391705617214794577e-01 6.316050217370957620e-01 6.335405633117676683e-01 6.381007900457296156e-01 6.399408135392797847e-01 6.502413042501974383e-01 6.298783386894332148e-01 6.327059659512054290e-01 6.364429032461859093e-01 6.438786551788063806e-01 6.389057077760427195e-01 6.394553636108388783e-01 6.467406101017788567e-01 6.420131693803823314e-01 6.406519422130994013e-01 6.381462991317972122e-01 6.336982802036181806e-01 6.288507644408316555e-01 6.302328219835791057e-01 6.376067349476131074e-01 6.461284084784444381e-01 6.347069489021178734e-01 6.452834901890496244e-01 6.446030534785415211e-01 6.401388557830882675e-01 6.353067013894836412e-01 6.369508200175613144e-01 6.516249154591398085e-01 6.416636191800271227e-01 6.358873522067577388e-01 6.319373731778313852e-01 6.359859333123666358e-01 6.318981864216681732e-01 6.336226621222328381e-01 6.305154457307767801e-01 6.328732512987210734e-01 6.440189805238595300e-01 6.392182482714869884e-01 6.362704149527693698e-01
-2.367257966086133356e-02 7.823877481237336007e-02 1.794963981322282298e-01 2.989426282789444111e-01 1.000000000000000000e+00 2.598421983808051339e-01 4.315055165126396308e-01 3.869017662915192335e-01 3.822011853254680958e-01 3.739636443282625677e-01 3.968118762824879298e-01 4.247716647710578775e-01 3.961335032308366810e-01 4.015135727280398359e-01 4.518796590437058613e-01 4.300338338078196765e-01 4.124622641075847418e-01 4.127670812783636456e-01 4.142343776790038956e-01 3.791195635593562208e-01 4.031782872632646009e-01 4.228758153778370832e-01 4.158405743156223799e-01 4.166613452422133212e-01 4.195383319619064300e-01 4.306918325747895460e-01 4.298003012730245431e-01 4.389893147034283349e-01 4.222218808703939175e-01 4.467085797772786804e-01 4.534526039050156832e-01 4.326409327273443295e-01 4.286643730815164477e-01 4.283008066392336999e-01 4.254691037720143565e-01 4.409478344384519799e-01 4.420343068104068407e-01 4.401103798856821903e-01 4.579565123330020526e-01 4.466955584453371486e-01 4.458048595847246554e-01 4.557592202366982925e-01 4.575411315129470635e-01 4.566075823538652267e-01 4.552397336155534213e-01 4.619100441287951053e-01 4.429252206995515362e-01 4.440363368690268819e-01 4.451609581631737478e-01 4.281055514005793206e-01 4.426818257827028757e-01 4.366905327140203630e-01 4.487102380078970554e-01 4.328570312840585022e-01 4.257205112085640231e-01 4.503137339710213127e-01 4.208185341320954120e-01 4.462574869359762220e-01 4.413174846144675700e-01 4.409797144796961388e-01 4.382227746388409062e-01 4.364241561817444048e-01 4.290636799351810193e-01 4.409341646640095314e-01 4.365960440387711139e-01 4.363542870960457898e-01 4.486096721298268863e-01 4.485471325053537184e-01 4.510593458618899487e-01 4.486440557228236203e-01 4.489286022527440023e-01 4.489871877881718154e-01 4.520401954446384152e-01 4.523905968690635770e-01 4.528724580529794319e-01 4.506299543963889764e-01 4.554438719692889825e-01 4.423618396191112412e-01 4.511857361019837587e-01 4.483286972547456117e-01 4.519129471344113247e-01 4.511330774507261721e-01 4.563708551828779547e-01 4.509529767809289935e-01 4.572438963282773328e-01 4.545086730248309448e-01 4.542261218231003483e-01 4.581062896230207460e-01 4.579064623667888356e-01 4.468112662430911430e-01 4.603607374426352816e-01 4.584306822866791031e-01 4.539924931989860468e-01 4.536047161462660737e-01 4.491196546067670048e-01 4.482479070905576735e-01 4.412120870678804541e-01 4.329410064412785863e-01 4.405395227479404485e-01 4.505425083926875574e-01 4.574910847656155632e-01 4.365334631708627788e-01 4.484955763815615670e-01 4.514958166599060685e-01 4.510151207734297563e-01 4.296916816334047651e-01 4.458836802858818227e-01 4.502259316354762508e-01 4.440193076808185424e-01 4.496157067476653779e-01 4.470534151025341574e-01 4.471889688459365630e-01 4.425625046303813259e-01 4.436352240986463635e-01 4.422972565648977117e-01 4.407335848383227006e-01
1.319357375291272403e-03 4.668174981585546113e-02 2.283204224417257344e-01 3.410596272325873146e-01 2.598421983808051339e-01 1.000000000000000000e+00 5.309450033807640024e-01 4.565627002515756372e-01 4.862350635459643522e-01 4.889966896504992500e-01 5.455576257511208782e-01 5.461440984285470535e-01 5.134652189784317811e-01 5.113715617779993616e-01 5.774277157974848640e-01 5.459513448027921712e-01 5.141297354321567870e-01 4.984044667651373328e-01 5.103070048182530849e-01 4.638611397223840749e-01 4.966208397145411846e-01 5.331798456818743759e-01 5.041832709442464200e-01 5.004441928474421264e-01 5.064223058997840976e-01 5.611561027860251238e-01 5.594854391998750343e-01 5.580752189003801433e-01 5.709070659860654429e-01 5.657755451554332682e-01 5.868803575675080042e-01 5.470740744086309837e-01 5.273083269286804597e-01 5.344741996409783091e-01 5.396693219032182576e-01 5.545338982201892808e-01 5.713148197207097434e-01 5.627399602567567660e-01 5.724487922298563403e-01 5.571634538567808992e-01 5.773276897778487626e-01 5.792326088743560142e-01 5.716928412823000238e-01 5.811409368180259216e-01 5.809316750232482729e-01 5.845154984244723684e-01 5.808469172965523564e-01 5.799301793151940831e-01 5.790623442609882376e-01 5.556695505646184197e-01 5.736827765695859949e-01 5.455441694968602429e-01 5.721146247243193983e-01 5.702825194390120922e-01 5.645983691194219611e-01 5.776060012778340136e-01 5.484971626887605867e-01 5.804546475439422704e-01 5.708132541537224158e-01 5.764309994916988478e-01 5.795335005912980453e-01 5.730101587392579798e-01 5.708968298835846999e-01 5.738275709139987191e-01 5.681375579163997491e-01 5.719398397837195391e-01 5.849766246283850668e-01 5.803064036283497318e-01 5.778674052981417342e-01 5.758034178461965968e-01 5.777718782712486512e-01 5.831101411345349650e-01 5.743420516238728624e-01 5.765396512934808371e-01 5.872012649108625526e-01 5.858449640967164918e-01 5.872944219627744822e-01 5.896074981132553017e-01 5.840934672503216296e-01 5.852566627436146529e-01 5.838460787359988080e-01 5.901990549669779984e-01 5.783792999178766214e-01 5.779649560342560166e-01 5.816359639496604395e-01 5.817727617592522993e-01 5.858547187571340187e-01 5.870708799649132503e-01 5.892002146728708700e-01 5.802891661586703220e-01 5.831399630419905611e-01 5.903470589391693890e-01 5.897517691299742904e-01 5.881961920910565578e-01 5.842027899440986882e-01 5.863677540986188541e-01 5.801788367138090985e-01 5.711108239902842332e-01 5.825831475427927231e-01 5.861048069890614221e-01 5.888673151633543323e-01 5.803618640670820117e-01 5.842575724014721361e-01 5.879099797058211507e-01 5.816354663208783693e-01 5.710755735067826189e-01 5.865268041397248000e-01 5.847584598715757087e-01 5.842713053417977198e-01 5.844117624237903375e-01 5.849682618595026806e-01 5.857326824709425672e-01 5.819180763593840844e-01 5.828194329095510717e-01 5.795011119495795393e-01 5.771027845895435604e-01
1.016061302894738852e-02 1.213704997948925196e-01 3.528891905988518762e-01 5.633070601247953668e-01 4.315055165126396308e-01 5.309450033807640024e-01 1.000000000000000000e+00 6.890950362678578411e-01 7.205758844964880172e-01 7.022879823355706597e-01 7.746256363736926387e-01 8.037711312832184207e-01 7.371485637252922496e-01 7.357903556313750704e-01 8.344792348167870966e-01 7.965296578745448830e-01 7.377246210899176537e-01 7.396046108223001125e-01 7.534847420607353463e-01 7.098908007102643358e-01 7.333922037817056649e-01 7.794240872121467323e-01 7.594648056572909089e-01 7.559792085451593202e-01 7.477993150900370534e-01 8.117694134853005172e-01 8.040597104789973804e-01 8.074436526794632751e-01 8.135635883174949790e-01 8.379024188565669107e-01 8.450774772504408006e-01 8.165912376864770117e-01 7.780216920159622740e-01 7.892792686920501177e-01 7.913639056692999274e-01 7.995387196658213513e-01 8.183816339770910719e-01 8.179580958846084382e-01 8.319933773546047684e-01 8.059935134870910289e-01 8.330629330981182967e-01 8.396985110562784627e-01 8.291942225091405438e-01 8.457124164138085654e-01 8.354751912404920766e-01 8.403782451887363836e-01 8.316843146378513074e-01 8.304234390180060821e-01 8.312582383301354572e-01 7.956445215819946126e-01 8.250921844103606961e-01 7.939587941154895301e-01 8.193757725251094026e-01 8.221078819024238982e-01 8.112642247224022274e-01 8.290305792636029070e-01 7.955436523046457431e-01 8.278855822276508514e-01 8.250113628005820710e-01 8.274961357081238589e-01 8.312110938127104109e-01 8.264368722085048136e-01 8.178789381204707443e-01 8.259621077504234465e-01 8.252691360271572352e-01 8.218573433145164309e-01 8.341048249891409583e-01 8.374271966255674160e-01 8.460786710420010737e-01 8.452331082687969399e-01 8.321800458823022106e-01 8.386891642521816514e-01 8.408975150238340301e-01 8.334406088575739835e-01 8.438960346401175316e-01 8.413772694166148369e-01 8.479807707523867588e-01 8.417360464358043526e-01 8.438687440562822051e-01 8.412369169015135872e-01 8.413095097834790703e-01 8.447660278055246774e-01 8.433042232334796440e-01 8.411570797740748340e-01 8.437362703677003806e-01 8.471315456986444614e-01 8.435165823598883561e-01 8.492224767127903862e-01 8.476464851115182997e-01 8.340845158387359959e-01 8.477711845977848881e-01 8.463701860524890375e-01 8.433353446854342517e-01 8.437754844873455173e-01 8.355372780464620508e-01 8.367436707655113715e-01 8.232209114992325993e-01 8.150949578568270626e-01 8.268477554475389679e-01 8.402366604709790021e-01 8.436344624970429917e-01 8.252769899325940184e-01 8.334546777190874334e-01 8.425430263159215949e-01 8.337752269751881329e-01 8.158446736186016901e-01 8.346698978025844928e-01 8.369643358685197043e-01 8.340984269592678357e-01 8.351890855341779218e-01 8.341401271819373076e-01 8.346146984588476148e-01 8.295617935770972506e-01 8.320843102082114973e-01 8.332525147430072110e-01 8.237346233576399168e-01
-1.918596614382624696e-03 1.027454427424008693e-01 3.328412406081175390e-01 5.711646034849606757e-01 3.869017662915192335e-01 4.565627002515756372e-01 6.890950362678578411e-01 1.000000000000000000e+00 6.598247593633108643e-01 6.570570986481717446e-01 7.157106117258050793e-01 7.552656885982409474e-01 6.969263469628201868e-01 6.928715729010087587e-01 7.663030031526003594e-01 7.499280028413295440e-01 6.740592563263426706e-01 6.911741925345233906e-01 7.036940728553978674e-01 6.627778074490431326e-01 7.045847715863243765e-01 7.366481811929346257e-01 7.014080087603398184e-01 6.939222881711883950e-01 7.005049898930352237e-01 7.408487411697927127e-01 7.363879225320411059e-01 7.324406371592353526e-01 7.473315667104780680e-01 7.663463276819335590e-01 7.733210876640458364e-01 7.531880396784332854e-01 7.090868672677784756e-01 7.323506688635801343e-01 7.240878505646199947e-01 7.495798286249584219e-01 7.575178415672063625e-01 7.653647995363060952e-01 7.707081668346091874e-01 7.578212927334728732e-01 7.678040057904969018e-01 7.767010107617132730e-01 7.727803857136011922e-01 7.838134893842708673e-01 7.744345248481299127e-01 7.755433144848901117e-01 7.717047395132075049e-01 7.625012706987591704e-01 7.736500975447626605e-01 7.578242514566085886e-01 7.759637049387541063e-01 7.517367652129113287e-01 7.630782512465839051e-01 7.546541458974699301e-01 7.558544514850600304e-01 7.719095433603464507e-01 7.553228016845439097e-01 7.718909574912687921e-01 7.662966441465050016e-01 7.646470811442585003e-01 7.691034569983123959e-01 7.630546590902268500e-01 7.702997306832199964e-01 7.755571854856530001e-01 7.621567434509539662e-01 7.624297698437098036e-01 7.708651126941395981e-01 7.763642693078575130e-01 7.823254763982890880e-01 7.812232472832872920e-01 7.758498311424527616e-01 7.803896056833621309e-01 7.762434755814335841e-01 7.768574587881388327e-01 7.747910638077174506e-01 7.725074546688955879e-01 7.758571481556530980e-01 7.730131154028024865e-01 7.772577903889329454e-01 7.751219987582655957e-01 7.788617491791284264e-01 7.791141135635643034e-01 7.872105848525484673e-01 7.706270034746908193e-01 7.818327086702239193e-01 7.829684657763598121e-01 7.800182791263760018e-01 7.870224277795703216e-01 7.829129140578108270e-01 7.774623382142364925e-01 7.802457906372292085e-01 7.838781525147019424e-01 7.791616564129328903e-01 7.796058938744165889e-01 7.727747636415823740e-01 7.747083609903333556e-01 7.782853666272848692e-01 7.691874070392621388e-01 7.716135985765137928e-01 7.850763805919801497e-01 7.840335310900699017e-01 7.730277357376181824e-01 7.724302958093361982e-01 7.794607541772043957e-01 7.756033212234786367e-01 7.674303250290359646e-01 7.765821710576648051e-01 7.726945934659533721e-01 7.750980610526891912e-01 7.756473536896064669e-01 7.776244948896231524e-01 7.717696271849060485e-01 7.699832841885697610e-01 7.759993860682592448e-01 7.723534039038205679e-01 7.635670927150783882e-01
1.046243063980446669e-01 1.560593244738798235e-01 3.257334930932474504e-01 5.357874974558111125e-01 3.822011853254680958e-01 4.862350635459643522e-01 7.205758844964880172e-01 6.598247593633108643e-01 1.000000000000000000e+00 7.316931279267522292e-01 7.674800391640567154e-01 8.044865344901610538e-01 7.643175388301550743e-01 7.367380292436483957e-01 8.237682928625609247e-01 7.989725918320595976e-01 7.703903067069940436e-01 7.004776697972634469e-01 7.246402840273710177e-01 6.552542473094655762e-01 7.441450596018648334e-01 7.691869546266280055e-01 6.752145614197194723e-01 6.797701416972961042e-01 6.869392914298882991e-01 8.082863745083066487e-01 8.008240187703293822e-01 7.643045534526128337e-01 7.926001139761452707e-01 8.274278044381668806e-01 8.282804044580704961e-01 7.713991540761627741e-01 7.181243260535843387e-01 7.378370853400934015e-01 7.612741362913377774e-01 7.660660260680033362e-01 8.002567210906833539e-01 7.874733573259615760e-01 7.973912757632060089e-01 7.558005301122282527e-01 8.218045007823868708e-01 8.111116425976320210e-01 7.874190254882270645e-01 8.228596869022865024e-01 8.096424324875243217e-01 8.161081079649511461e-01 8.430945871763648736e-01 8.475646823913777217e-01 8.409832176278310145e-01 7.835893041568033901e-01 8.245106157236786748e-01 7.951694451243718209e-01 8.266467179097963802e-01 8.489129594100496279e-01 8.241723094116184534e-01 8.146865457965923873e-01 8.283212065847883609e-01 8.390645047041410676e-01 8.301183646950665018e-01 8.557640917238583667e-01 8.470205957518665008e-01 8.488167830931264701e-01 8.354218576631102788e-01 8.317101288507791068e-01 8.467233495912973584e-01 8.505199898596019770e-01 8.500402793285521952e-01 8.319198837063750407e-01 8.302888461969953893e-01 8.303901798364986542e-01 8.323465692495308765e-01 8.370414818195481832e-01 8.157150211629738967e-01 8.147076708574658710e-01 8.414961873338135945e-01 8.429834158800307842e-01 8.325130380473321212e-01 8.382124136036578355e-01 8.325618828264176319e-01 8.472895134534060846e-01 8.360952464159524533e-01 8.455453660466067944e-01 8.348559600443550277e-01 8.312778129386091397e-01 8.278373731018909831e-01 8.289534221135389513e-01 8.306796673923380059e-01 8.312776302190070243e-01 8.343460108561272515e-01 8.358483539031815734e-01 8.142840797017004695e-01 8.370515716749490354e-01 8.376926720963955297e-01 8.389285094258394082e-01 8.461146311941217801e-01 8.490793674599114160e-01 8.272674934329066199e-01 8.416578122459328348e-01 8.423861626012323356e-01 8.359100604156928238e-01 8.309687876325657641e-01 8.426031080525610006e-01 8.428148391857812616e-01 8.435197544321539898e-01 8.404932239547148187e-01 8.424761576317534306e-01 8.495530143280904944e-01 8.477705252131696456e-01 8.439296339593929108e-01 8.510405933901959985e-01 8.402005763612724332e-01 8.519134430332131469e-01 8.475238856355817862e-01 8.487559773591841772e-01 8.504369163993726888e-01 8.499268102121233515e-01
5.719644226220518129e-02 1.714683283023964999e-01 3.267723863652516325e-01 5.261775200177241096e-01 3.739636443282625677e-01 4.889966896504992500e-01 7.022879823355706597e-01 6.570570986481717446e-01 7.316931279267522292e-01 1.000000000000000000e+00 7.572333321338312606e-01 7.809953527675129736e-01 7.263497519441867167e-01 7.245736804046815083e-01 8.116594908204066705e-01 7.821603259504740224e-01 7.383168037807297246e-01 6.952990089769429671e-01 7.180407789024335630e-01 6.651528304342938513e-01 7.191408218848858169e-01 7.424081738701046040e-01 6.896979473341110500e-01 6.904239766704741710e-01 6.825899573966617284e-01 7.942145850555520914e-01 7.789106426304256425e-01 7.556535673152587895e-01 7.738194430379609079e-01 8.116899104535429954e-01 8.109221458317568132e-01 7.816076474573107058e-01 7.331840095020295545e-01 7.483589937651030644e-01 7.519041025970943926e-01 7.611730489429051616e-01 7.858254033737581690e-01 7.864779716016179201e-01 7.956418390222577131e-01 7.597688153517508924e-01 8.128439179729644026e-01 8.018537206115946558e-01 7.854647191269331641e-01 8.086158355646098084e-01 8.057954357345881169e-01 8.091915595409003847e-01 8.232287203600572312e-01 8.289463422850209540e-01 8.244540127560958664e-01 7.703793305333141994e-01 8.079319634250482496e-01 7.649229803246887505e-01 8.003733612981267509e-01 8.241168192492737132e-01 8.039306173039801884e-01 8.082259625654724111e-01 7.965487468404703897e-01 8.181980544412921219e-01 8.166868792992633130e-01 8.267250351131667507e-01 8.236157558802055245e-01 8.247463930407944455e-01 8.100061182722438913e-01 8.147487351898105024e-01 8.180756156441073568e-01 8.180496807564431316e-01 8.270349922970846590e-01 8.153476469806631988e-01 8.221456263044079060e-01 8.170107309624526915e-01 8.135948157495226374e-01 8.164445824346315828e-01 8.083771852567551708e-01 8.040790307642428081e-01 8.238787662928583888e-01 8.244549885685541479e-01 8.188495688809220852e-01 8.195361569970081028e-01 8.213044158105520243e-01 8.264071591756895208e-01 8.233563508378960449e-01 8.256504491496374776e-01 8.188978745199745335e-01 8.168919237686709245e-01 8.148765436767158032e-01 8.202614167868576001e-01 8.192069936882959702e-01 8.209961428762682090e-01 8.234009450154563536e-01 8.154931817886262868e-01 8.098238807742031975e-01 8.232887349752736617e-01 8.207891305836091389e-01 8.242953639031108670e-01 8.265874752174571238e-01 8.280273398556037279e-01 7.969204516740655553e-01 8.026091008486265777e-01 8.188527323592630358e-01 8.125258849990500964e-01 8.129189710790503121e-01 8.101432955507957834e-01 8.190793756477441345e-01 8.244119904228345286e-01 8.140363497996515596e-01 8.086267322234083066e-01 8.256147199725919483e-01 8.269290782003418938e-01 8.219198266617835369e-01 8.256637142164828802e-01 8.178710905662015529e-01 8.275365238030329973e-01 8.226022573801063942e-01 8.212622495331075578e-01 8.262458866182067485e-01 8.187295973101127444e-01
-8.017388906186147463e-04 1.455473301746522674e-01 3.699829028300888334e-01 6.014069048046075672e-01 3.968118762824879298e-01 5.455576257511208782e-01 7.746256363736926387e-01 7.157106117258050793e-01 7.674800391640567154e-01 7.572333321338312606e-01 1.000000000000000000e+00 8.708205529190914396e-01 7.985794115888885658e-01 7.998280548605941620e-01 8.910650021857527969e-01 8.564390365877172506e-01 7.955675061840090656e-01 7.773241034876192668e-01 8.065798627359200834e-01 7.315440988748537210e-01 7.855488743812875096e-01 8.322423366349439577e-01 7.740570954559241601e-01 7.795514480538549007e-01 7.871069446516095747e-01 8.688003364195651113e-01 8.603481637670533644e-01 8.500729805408158146e-01 8.542566005505662918e-01 8.888181736663616217e-01 9.018669617404213579e-01 8.592231760702319088e-01 8.175981580347291278e-01 8.285548074694516485e-01 8.389535088603534696e-01 8.561955747092255820e-01 8.792610486218265242e-01 8.735906275694895751e-01 8.835640807692063392e-01 8.604128265734968251e-01 8.969463958614360966e-01 8.950066156929057382e-01 8.802986136781671966e-01 8.966931353728901932e-01 8.947196447969865130e-01 8.936439563936815489e-01 9.032767365434972717e-01 9.040378883918251951e-01 9.027050461687179395e-01 8.638237725326365357e-01 8.935244624477748365e-01 8.664501292386391773e-01 8.904278563558539750e-01 8.952577261429045530e-01 8.834891418791472883e-01 8.920347036948508279e-01 8.773415189642785883e-01 8.999060289926213985e-01 8.952990263818223493e-01 9.018454209675395017e-01 9.012004637168188337e-01 8.980252372982279185e-01 8.945385828593014343e-01 8.988555050936056778e-01 8.911905494703700192e-01 8.979499766612791811e-01 9.073010138864069374e-01 9.043119825784230459e-01 9.024345775979494277e-01 9.041582037813415962e-01 9.024170149179105982e-01 9.051931686611652816e-01 8.947912521989644929e-01 8.965958284760159325e-01 9.068751220479120967e-01 9.062966667032461565e-01 9.048388323388083521e-01 8.999844135727872452e-01 9.027930345513435206e-01 9.073476395336298461e-01 9.068387751746064263e-01 9.097071265885313673e-01 9.031555004841441692e-01 9.000898455812212928e-01 9.005823324812941566e-01 9.050995521328633053e-01 9.052456354698880103e-01 9.057214449770838449e-01 9.082011609788233075e-01 9.007731819230476722e-01 9.014422300114252051e-01 9.090324362177804041e-01 9.091779514315645461e-01 9.097806648015012154e-01 9.067143246911675281e-01 9.087683662243968286e-01 8.932822280791725689e-01 8.914753793869167886e-01 9.023003193418452916e-01 9.053604482110958473e-01 9.066635280511831096e-01 8.992094227063116563e-01 9.043085279464212478e-01 9.091701774539411307e-01 9.031731548114017016e-01 8.938293045103925527e-01 9.077910759963417897e-01 9.072182510105699649e-01 9.058720583419037631e-01 9.064020473815992407e-01 9.033044723811269883e-01 9.076371121525163010e-01 9.049114388946246645e-01 9.052277108659670946e-01 9.031452627125204913e-01 8.998587371649809930e-01
2.728098888335526648e-02 1.490627752518016158e-01 3.834206502120172666e-01 6.367700266306541845e-01 4.247716647710578775e-01 5.461440984285470535e-01 8.037711312832184207e-01 7.552656885982409474e-01 8.044865344901610538e-01 7.809953527675129736e-01 8.708205529190914396e-01 1.000000000000000000e+00 8.345428887334379597e-01 8.293979348357196635e-01 9.245687585844006851e-01 8.975342850244077963e-01 8.349635250248972351e-01 8.214095362796758337e-01 8.413098608152995705e-01 7.484163616699065491e-01 8.432868563156822317e-01 8.686750517262015192e-01 8.008646299312452976e-01 7.944232060754832236e-01 8.171888878505579878e-01 9.026613098819408210e-01 8.884125301046903456e-01 8.817281288230720548e-01 8.844830676798517421e-01 9.199825410528226222e-01 9.321377150994889504e-01 8.827386071783701604e-01 8.338678533082456434e-01 8.444816482384635004e-01 8.584185049275305790e-01 8.904381800296298222e-01 9.084382283844778527e-01 8.985195585105335558e-01 9.109785853027054792e-01 8.901133672826396781e-01 9.304629745790495843e-01 9.234003617927456498e-01 9.132095442279948294e-01 9.308894215525591598e-01 9.272458439774807770e-01 9.259265180384848026e-01 9.410826973954322661e-01 9.380681456524951889e-01 9.368768223455412603e-01 8.911720155719177194e-01 9.276402736740346766e-01 9.096085368983211072e-01 9.280490355048779394e-01 9.354077617808441714e-01 9.244289440159494387e-01 9.286510387045121551e-01 9.204061296287624483e-01 9.348961990285102885e-01 9.282319880877158980e-01 9.394730059099267727e-01 9.400723286882031182e-01 9.368815692065786127e-01 9.320244967413079396e-01 9.304781662980876611e-01 9.331749160617573979e-01 9.407774228501595282e-01 9.415232379416119679e-01 9.380698062326310316e-01 9.310595345206513773e-01 9.367586921641279929e-01 9.387034985185325198e-01 9.405095861440181393e-01 9.241538566388364240e-01 9.309638595490646873e-01 9.422478332897158415e-01 9.395425899805546210e-01 9.371705741394731337e-01 9.324681161017935871e-01 9.361213832725000517e-01 9.422066305327994051e-01 9.405310734863566724e-01 9.419936903170773590e-01 9.385954274596705060e-01 9.288457970370082029e-01 9.279740068022965804e-01 9.330271705859148890e-01 9.400318172976731557e-01 9.354488292059854881e-01 9.390780989577589555e-01 9.409564555436844557e-01 9.302053564835953692e-01 9.422187693955260679e-01 9.424320495432632061e-01 9.421933946515758107e-01 9.417279489952563587e-01 9.438480677196915414e-01 9.246868857427933408e-01 9.317291101782865237e-01 9.399200687407847088e-01 9.386780603578497306e-01 9.404785576439070871e-01 9.373654818249005372e-01 9.420329614590936540e-01 9.430732568221794621e-01 9.426927603319377180e-01 9.362349224553966343e-01 9.429105901914737187e-01 9.425608876322246754e-01 9.432732820131322082e-01 9.438325745983253690e-01 9.401555666522501964e-01 9.422490764985661515e-01 9.426825641549375634e-01 9.436632250367393837e-01 9.404827470937060507e-01 9.403755259472103001e-01
3.673356653301704938e-02 1.304882916477000665e-01 3.389440027530983279e-01 5.636768096973093778e-01 3.961335032308366810e-01 5.134652189784317811e-01 7.371485637252922496e-01 6.969263469628201868e-01 7.643175388301550743e-01 7.263497519441867167e-01 7.985794115888885658e-01 8.345428887334379597e-01 1.000000000000000000e+00 7.721041616880174319e-01 8.565485357357628393e-01 8.319918512079423900e-01 7.689851762791776180e-01 7.465601103080693468e-01 7.648211681735138656e-01 6.921052804289786753e-01 7.730063868047020170e-01 7.982954352344268090e-01 7.207608897539535819e-01 7.258060332324287600e-01 7.394959699044109103e-01 8.325918033640400395e-01 8.283360887248285565e-01 8.038300038336195774e-01 8.119365774209987840e-01 8.536424748667329476e-01 8.576051720647676069e-01 8.087291612654283757e-01 7.609821202842227406e-01 7.690297026917231049e-01 7.909129926605480421e-01 8.029045931461793462e-01 8.324726788756859897e-01 8.225261900630321810e-01 8.374082070179122983e-01 8.048552748236533771e-01 8.578195879918514288e-01 8.488872609047721784e-01 8.369124378610443005e-01 8.583383177738002079e-01 8.507239753359608914e-01 8.556407488242125936e-01 8.719708654351846500e-01 8.712437392330221186e-01 8.670755209140678099e-01 8.093207677529067334e-01 8.491454573069688871e-01 8.273129217850935246e-01 8.554710188561747142e-01 8.681375537805580134e-01 8.525593995235450917e-01 8.508725098492524452e-01 8.415481384801126730e-01 8.690401475473060744e-01 8.579976719605546531e-01 8.753941038802457442e-01 8.718246854340511165e-01 8.700373091470671172e-01 8.584811116071975334e-01 8.591212373655924273e-01 8.651000175379967017e-01 8.695101868448221749e-01 8.718523894896594850e-01 8.655328247018322374e-01 8.616335153637079136e-01 8.670814414468133169e-01 8.658207633877190723e-01 8.665692293423740145e-01 8.528605510169626758e-01 8.557578845636792941e-01 8.706104803832332983e-01 8.728543583164567465e-01 8.699456550727645565e-01 8.635116412856314039e-01 8.635146411335151706e-01 8.722086307556856655e-01 8.699684056142322763e-01 8.724102904064056085e-01 8.632288130721279540e-01 8.594357618681834898e-01 8.562826617901310167e-01 8.599891379901750676e-01 8.642914814647298938e-01 8.664482136851100469e-01 8.666107899235759859e-01 8.671122697105649868e-01 8.577059145401050300e-01 8.722744280455932975e-01 8.705709781219813648e-01 8.735557252505221637e-01 8.747315105965804971e-01 8.755776605224990794e-01 8.527224022273484083e-01 8.581886764644246490e-01 8.677719223505648838e-01 8.672151137069904481e-01 8.682447159348744004e-01 8.647142570377929216e-01 8.713340430154727922e-01 8.739640167698152773e-01 8.689933639933353771e-01 8.636656127506170399e-01 8.734250841422788181e-01 8.729588283387399450e-01 8.715584488270111674e-01 8.749638100703934773e-01 8.701091333411160589e-01 8.759257966329880851e-01 8.738059308698868932e-01 8.726933711181621423e-01 8.721155478196477295e-01 8.710079074458672022e-01
