1.000000000000000000e+00 1.223412209649207827e-01 1.075765418236845489e-01 -3.965389959142827381e-02 -6.959105515672214803e-02 3.975609754974258891e-02 -3.634905387111656005e-02 -8.980098131543196027e-02 1.875275146100890966e-01 9.495253811416898282e-02 3.679008427653957664e-02 1.347798963399623952e-04 -1.222163912008425880e-03 -2.114409017107929736e-02 -4.724688812394613191e-02 -3.145183223180835624e-02 1.726110680717931889e-01 2.825091150587358824e-01 2.581142446107538291e-01 -1.232139538087881868e-02 -8.564651601977654738e-03 1.678297984023256750e-01 3.105789403057345188e-01 2.866842091858671782e-01 2.530495344274584224e-01 1.780826279153338021e-01 1.170043204161160533e-01 1.095662352332032602e-01 2.213099987410043767e-01 1.846297834894752299e-01 1.665279286872752562e-01 1.637447056693537850e-01 9.558637310640531737e-02 1.778490411586291786e-01 1.042202794702152546e-01 1.319697534148800977e-01 1.186101201690900331e-01 5.927763747774773828e-02 7.274133638582738759e-02 3.174113277534074823e-02 5.196770811226359560e-02 -8.394557027247532763e-03 -1.180569074905228524e-03 4.113170864271429444e-02 8.313989267430484109e-02 6.796040104426534501e-02 1.098793088812472993e-02 3.262471254675233107e-02 3.343113444606590767e-02 4.430576595038041021e-02 2.742943220661324746e-02 1.707283206153963756e-02 1.921413860978813185e-02 7.906441348520655554e-02 5.824188269205576862e-02 7.152007617932863714e-02 6.596661422974503530e-02 9.169193755425320350e-03 2.615973158193466569e-02 3.487034944323590124e-02 2.615633720276172580e-02 4.810101213737189019e-02 2.924201732034768450e-02 3.260657035822580457e-02 8.229495615625696814e-02 6.323779435591823928e-02 6.186246318402979782e-02 1.059601069870525214e-01 1.074023285976062198e-01 2.127786878494136377e-02 4.699316033341451038e-02 7.845888281790272534e-02 1.200636155679642852e-01 1.249344088297000693e-01 7.147809225148454848e-02 6.069331966351989432e-02 4.441821004755734659e-02 1.073937859336146217e-01 9.201106601589016665e-02 9.310441575509366408e-02 7.213912202659866768e-02 7.716679779587304333e-02 9.480778828907415745e-02 7.487275186539471550e-02 6.907882699621764599e-02 8.806627907255906718e-02 6.187391906189890212e-02 3.003484963313491490e-02 5.083494107932833017e-02 8.203767603444361844e-02 2.971982999852114393e-02 1.734731817243780755e-02 3.730831888222227444e-02 2.748801355589356593e-02 3.216221862853408092e-03 3.084492451615762632e-02 2.502433389647762754e-02 5.711354039093105572e-02 2.362370987364957597e-02 1.809711962567790364e-02 7.044817479559158969e-03 3.934760826153679836e-02 8.082526941416963082e-03 1.224380869268539354e-02 4.365860805577945897e-02 6.465181790376739457e-02 3.008191907123181422e-02 3.305714315785556606e-02 4.783279097839063243e-02 2.258650360503685478e-02 8.742475306133009119e-03 2.083341860944618387e-02 2.351859837510411264e-02 3.590727767488673117e-02 4.481217244719891413e-02 3.893627104257724181e-02
1.223412209649207827e-01 1.000000000000000000e+00 6.342250487906660184e-02 4.640982117202206714e-02 4.989683291541655019e-02 7.208449736819402820e-02 1.154209549806904239e-01 1.017703239161322909e-01 1.918953999700904745e-01 1.704019744063711983e-01 1.525730625203506052e-01 1.317951105426751479e-01 1.507274059857854898e-01 1.404928958567576158e-01 1.338648645088118816e-01 1.362108775445271813e-01 1.683128761044395405e-01 1.469177438554072068e-01 1.564818023853758733e-01 7.698646895397695533e-02 5.085620092290236288e-02 1.388585710489068648e-01 1.759348379175109944e-01 1.679569298253729415e-01 1.591730842436219762e-01 1.681452702435203839e-01 1.681492280451266363e-01 1.486720479834347242e-01 1.590226905833186655e-01 1.712615013991010404e-01 1.762797697260160001e-01 1.735263850422858745e-01 1.314121620149651948e-01 1.748142432306085403e-01 1.554821812464046715e-01 1.253378819125432198e-01 1.616212944074123525e-01 1.423455932704223992e-01 1.540268353110011978e-01 1.283984988969890939e-01 1.624674851487160343e-01 1.451401697515391220e-01 1.172137861632243094e-01 1.480519124130757480e-01 1.591133563297995046e-01 1.540909456188030435e-01 1.593726125740022592e-01 1.703561829511255621e-01 1.545027993785761111e-01 1.310380142867370035e-01 1.362574295769344579e-01 1.268740608492558430e-01 1.495329452100983836e-01 1.847248353162953827e-01 1.689515138346567302e-01 1.602082586421030574e-01 1.494481860254979477e-01 1.581599211829328444e-01 1.569598239293066577e-01 1.716864280159448308e-01 1.538419887443270573e-01 1.666198702024633549e-01 1.476960596366745371e-01 1.400284785818033950e-01 1.756542661238122693e-01 1.696340005634349168e-01 1.729343703508909591e-01 1.730823946748185349e-01 1.818932691644034316e-01 1.465693282010080145e-01 1.550350612192072652e-01 1.682652752858971035e-01 1.838673165605478610e-01 1.744159154214759144e-01 1.684667415649539479e-01 1.675219439512165287e-01 1.635192744210071658e-01 1.743738926457399641e-01 1.765475461464909857e-01 1.802393626645603375e-01 1.789159203060406711e-01 1.757882043926364546e-01 1.715373915510416958e-01 1.701660770093341712e-01 1.595026117038545466e-01 1.740620023570077501e-01 1.673199102509027314e-01 1.570545187922808561e-01 1.628884181880537185e-01 1.673758419111354701e-01 1.572712351740960524e-01 1.578305400040021511e-01 1.655616268151230142e-01 1.580032999846458508e-01 1.585366553108738252e-01 1.682343891036599537e-01 1.336675305701895966e-01 1.481833230302748994e-01 1.518423909778384706e-01 1.479292203376324222e-01 1.440023983969981325e-01 1.500715184417907022e-01 1.540687315008521241e-01 1.511306904084249447e-01 1.569608224968829513e-01 1.590965961123450290e-01 1.600029983285141955e-01 1.708257617619356183e-01 1.660573733131088248e-01 1.616234692479341095e-01 1.567703861099052354e-01 1.663527237608505016e-01 1.640467678244272309e-01 1.580633974968911892e-01 1.674998800922182507e-01 1.632813235988679612e-01
1.075765418236845489e-01 6.342250487906660184e-02 1.000000000000000000e+00 3.126897409753178758e-01 1.592829965597326036e-01 2.812213458170726987e-01 3.338069892513171877e-01 2.728842538893101466e-01 3.989729215701091625e-01 3.493026356766038565e-01 3.853320826416455347e-01 3.986692965927237098e-01 3.422663632895924235e-01 3.310425453126271678e-01 3.560222630869689930e-01 3.605607804390615900e-01 4.031386297319851653e-01 4.470196926758583378e-01 4.166962134999017131e-01 3.200996721307212689e-01 3.693268998136572945e-01 4.377848091331715819e-01 4.353778138857913871e-01 4.258195546221969496e-01 4.242963908708483056e-01 4.065497387414219732e-01 4.302745395574866238e-01 4.316066571202040736e-01 4.446234498047026973e-01 4.464989838397095401e-01 4.513249992888962447e-01 4.430459990800336700e-01 4.180898547452852054e-01 4.335732902560281987e-01 4.110762297875432125e-01 4.247844697897328325e-01 4.286659284103221390e-01 4.088817491672431803e-01 4.163643764092248012e-01 3.991032902781443403e-01 3.928354467779279768e-01 3.861815241853701064e-01 3.951248401868229787e-01 4.078725199042959049e-01 4.147898777558425287e-01 4.211731499527269773e-01 3.636071555348546203e-01 3.769866121966934935e-01 3.739036602747365934e-01 3.857531708529154946e-01 3.928632464971896776e-01 3.627382455777604098e-01 3.651285560050885337e-01 3.778840610561047808e-01 3.782017183638710089e-01 3.927766067939128525e-01 3.784034462356650752e-01 3.778758459085409527e-01 3.748273678060866088e-01 3.745281944326323553e-01 3.805299765567956016e-01 3.797238571622931214e-01 3.769709003109841805e-01 3.805996420558983573e-01 3.940226019352073838e-01 3.850347367343135430e-01 3.874203211311389450e-01 4.154666431171332719e-01 4.203730197482006270e-01 4.025483075201227723e-01 4.086681127733695629e-01 4.101345954707643626e-01 4.268349889129280927e-01 4.190323619319528681e-01 3.971330613097897588e-01 4.048464960454081774e-01 3.955882532017247488e-01 4.169964276260823555e-01 4.210673777233259751e-01 4.141283695987391100e-01 4.067330525022162524e-01 4.180347865347463499e-01 4.023766778042173753e-01 4.057939111898060669e-01 4.019546869134488221e-01 4.140740051526336507e-01 4.043560818577923155e-01 3.871613220600268468e-01 3.999253126660501922e-01 3.977239735012334521e-01 3.951844385690652661e-01 3.813720725440803427e-01 3.920568261699723944e-01 3.955726438827163460e-01 3.656652749044116413e-01 3.759091299566647559e-01 3.660543072210362681e-01 3.720140586364905633e-01 3.702796702796205541e-01 3.778657649368391547e-01 3.809739760054234314e-01 3.776762994884904079e-01 3.700179815109532200e-01 3.755874802995606276e-01 3.822264443017736602e-01 3.695418392518285966e-01 3.681713102271646498e-01 3.731734831321372181e-01 3.807582219160129955e-01 3.729312037256783952e-01 3.698301909458983072e-01 3.678527532450486803e-01 3.728842852852057854e-01 3.750496212886929026e-01 3.813962907073586983e-01 3.756884066727299576e-01
-3.965389959142827381e-02 4.640982117202206714e-02 3.126897409753178758e-01 1.000000000000000000e+00 3.452424766672107515e-01 4.196889980787000818e-01 5.922091976546326464e-01 5.736620564054215610e-01 5.201445727738071012e-01 4.757540528601462149e-01 5.707694385704873419e-01 6.518331027907382502e-01 5.910478488602215474e-01 5.713349275571336650e-01 6.311905005511303512e-01 6.292646034792697129e-01 5.188326924981493393e-01 4.339082315731786488e-01 4.225268253535707230e-01 5.494456746217887266e-01 6.159106203479590702e-01 5.384842291348455046e-01 4.301641618373669429e-01 4.048813076369768282e-01 4.446854109334636984e-01 5.253588475563043536e-01 5.803831455507029169e-01 5.766810034605746038e-01 4.966805033402358349e-01 5.376197682155166024e-01 5.547493343436025182e-01 5.672515333160830231e-01 5.715434030276950184e-01 5.218783989238390264e-01 5.659925937201024659e-01 5.745898006118740353e-01 5.836225560619191510e-01 6.046576971412359613e-01 6.176627226109629998e-01 6.281892514704647823e-01 6.206364442861668218e-01 6.304593774687816676e-01 6.552411206387416254e-01 6.409717235779527345e-01 6.241787926161890265e-01 6.190468655257661545e-01 6.148529479284743360e-01 6.056783315550530178e-01 6.096017018288881761e-01 6.094163727943052722e-01 6.203238569123968871e-01 6.465767678314839895e-01 6.358258252963682189e-01 5.785002172433900691e-01 5.845226378833030534e-01 5.985024566235104260e-01 5.967689932738413638e-01 6.241996759506147630e-01 6.013562450893729094e-01 6.130114691148075279e-01 6.248097099653625586e-01 6.034197038564590443e-01 6.088866518733415667e-01 6.140600300588131555e-01 6.036647747476883152e-01 6.105279771422573720e-01 6.016419081874648800e-01 5.820299987354691229e-01 5.961993247454751010e-01 6.531865960939443605e-01 6.280314224136605006e-01 5.994699605782703999e-01 5.679564836701765929e-01 5.668153898135787072e-01 6.016507957998652456e-01 6.140310484367570432e-01 6.094446790479096654e-01 5.828018259168852300e-01 6.008109989433251252e-01 5.892266546515518844e-01 6.019619907425886041e-01 6.030436109840497938e-01 6.027095924429238805e-01 5.994864287519986457e-01 6.108010573330767690e-01 5.964059665533724131e-01 6.129398929508188543e-01 6.222686337268028556e-01 6.164261023301441655e-01 6.057244415166079810e-01 6.302261813920443378e-01 6.274312844933803701e-01 6.210865991609882952e-01 6.319040958737129898e-01 6.178111613992030016e-01 6.144724526282110411e-01 6.232793418217428272e-01 6.187189779837327652e-01 6.208165592525151100e-01 6.314583275952108110e-01 6.365916035929047867e-01 6.174884737484598318e-01 6.315802588136519846e-01 6.319603966976929943e-01 6.290372131899898411e-01 6.029264175670929760e-01 6.148374142279344756e-01 6.062479457196013888e-01 6.093767932772504725e-01 6.230044112831805148e-01 6.245051500982539139e-01 6.186544703540418633e-01 6.157632361029071744e-01 6.175127547935792549e-01 6.135233265170606520e-01 6.162922369726240301e-01
-6.959105515672214803e-02 4.989683291541655019e-02 1.592829965597326036e-01 3.452424766672107515e-01 1.000000000000000000e+00 3.175247703428887847e-01 4.762434131335541165e-01 4.554028863369011804e-01 3.716969227348615457e-01 3.530798066208583053e-01 4.412349655850881236e-01 4.774862914104857081e-01 4.776648545524204148e-01 4.581847176226869767e-01 5.155048407230599095e-01 5.002711429206134763e-01 3.448425452917326384e-01 2.664928300066402578e-01 2.884305610015371890e-01 3.740097888791752423e-01 4.110268867186786523e-01 3.602860655668596035e-01 2.843431809684978662e-01 2.538873333526179277e-01 2.940168922553950681e-01 4.002361698833720172e-01 4.094099682997588974e-01 4.105353891257834120e-01 3.172692372903773150e-01 3.614498442593011007e-01 3.794252420438212758e-01 4.021416120144026274e-01 3.873778198850135190e-01 3.646670316383889832e-01 3.897496949429427593e-01 3.889656881607952421e-01 4.032464685649028158e-01 4.361556867145288674e-01 4.560026116318166567e-01 4.458364291209858110e-01 4.563304884358438951e-01 4.797871060048116143e-01 4.881141398190739777e-01 4.766980034921475262e-01 4.588713408475466604e-01 4.555115727224547939e-01 4.805455093757325935e-01 4.725952328519520962e-01 4.547780015621402661e-01 4.456186061991495029e-01 4.539873342425240765e-01 4.743575425816967117e-01 4.831991596647935983e-01 4.401036917635068879e-01 4.463742044979573387e-01 4.484618611122260234e-01 4.284049169103555932e-01 4.805120124996105635e-01 4.519611042056519423e-01 4.748950839249186928e-01 4.769604229018871155e-01 4.545740641483872468e-01 4.433675978459689082e-01 4.612155469770829463e-01 4.534692692993598784e-01 4.557425107673876985e-01 4.651410454974536091e-01 4.459448262245891415e-01 4.460234010271463267e-01 4.924528218516275313e-01 4.703267416609041573e-01 4.589887972342165945e-01 4.308519629704138376e-01 4.225930652101507756e-01 4.663629154042918112e-01 4.633851662287534756e-01 4.708283448527840198e-01 4.302394377386085655e-01 4.503407755508935240e-01 4.396574020521750170e-01 4.481213240332983516e-01 4.501952952900185045e-01 4.465324524760132530e-01 4.374468902242233392e-01 4.518445880817157922e-01 4.457447643111466795e-01 4.549428601814127782e-01 4.762418575007538180e-01 4.689183004491467854e-01 4.604966936653745457e-01 4.757415083701199143e-01 4.881822897360278968e-01 4.793231216200473099e-01 4.811996083378791700e-01 4.838317500948491889e-01 4.775757044223064574e-01 4.692803175790195014e-01 4.649660485319425662e-01 4.812839780630032704e-01 4.827483384216724183e-01 4.924542113602866644e-01 4.667424528720942045e-01 4.916573657594400237e-01 4.898578771124588727e-01 4.781213777800302767e-01 4.497496260793647505e-01 4.746491446135605030e-01 4.745582258102023498e-01 4.727075038890489189e-01 4.827056858748531298e-01 4.800483427172491657e-01 4.860181322097066325e-01 4.749773305065181916e-01 4.765705868181581151e-01 4.731300440454134226e-01 4.758740399543590627e-01
3.975609754974258891e-02 7.208449736819402820e-02 2.812213458170726987e-01 4.196889980787000818e-01 3.175247703428887847e-01 1.000000000000000000e+00 5.342553730609898022e-01 4.872702795118465380e-01 5.378835030279492946e-01 5.148570740257675249e-01 5.602647477968535350e-01 5.965269556632225578e-01 5.545769033452485619e-01 5.572045488984906925e-01 5.988503985246032002e-01 5.876857270570444713e-01 5.379558917850242317e-01 4.735844963664922469e-01 5.027610219682465686e-01 4.080776961944154735e-01 5.014960442375814287e-01 5.349640636086564482e-01 5.078863736270168294e-01 4.792755999156850244e-01 5.054720769876933639e-01 5.764717598473561022e-01 5.774499375846761096e-01 5.903965016295161794e-01 5.347474684799544686e-01 5.773538274523594138e-01 5.812729776855505293e-01 5.924477411652527836e-01 5.834291625889562738e-01 5.676707018806417260e-01 5.902083351223040841e-01 5.861926666598495927e-01 5.984856088086792925e-01 6.129180697998802829e-01 6.189565872994945428e-01 6.144022975812127862e-01 6.132851575639867159e-01 6.156532310650533191e-01 6.064396164477877660e-01 6.215867835405971542e-01 6.208747924164047527e-01 6.197676435451741073e-01 6.023444488343784320e-01 6.065687401383828004e-01 6.032241312454810211e-01 5.962893521014009934e-01 6.066451914887309727e-01 5.988017840375572387e-01 6.040677074675496749e-01 5.927176160221914181e-01 5.879337269058292348e-01 6.010621538664652208e-01 5.794706796549100591e-01 6.012911213694661638e-01 5.939154595543634230e-01 6.006653208005438005e-01 6.060156353386594308e-01 5.926431285488473755e-01 5.888155785878919080e-01 6.003991414902535295e-01 6.070290481697097063e-01 6.004019745040314326e-01 6.094322862536747376e-01 6.077316479817886918e-01 6.128974320520642616e-01 6.059154298844340314e-01 6.107848520001505355e-01 6.126592840775739734e-01 5.998084394047192847e-01 6.020509847402000236e-01 6.114978903433880841e-01 6.096073550155505227e-01 6.149089851654024885e-01 6.023118213709891533e-01 6.128800788564259250e-01 6.049580187614522764e-01 6.116586920873807731e-01 6.085359798849102608e-01 6.106315049413978402e-01 6.108064491219510339e-01 6.180431691353791557e-01 6.134276698011433826e-01 6.195051573106069576e-01 6.191809676007437035e-01 6.210799264281314791e-01 6.132384301363694723e-01 6.235837478260859434e-01 6.173466485599522491e-01 6.173964433464271817e-01 6.214293487833600915e-01 6.073389344084746400e-01 6.095625425189206137e-01 6.041796197665144641e-01 6.027494393733537903e-01 6.074618412316014071e-01 6.176985552191617268e-01 6.132017375095517586e-01 6.039766466095174424e-01 6.101294413891298341e-01 6.130018936811273411e-01 6.133723470949017376e-01 5.925230244638108879e-01 6.062118885247860245e-01 6.072868889310132356e-01 6.070485263786773444e-01 6.083065811778353149e-01 6.066571861960077250e-01 6.063974712999672390e-01 6.015531752756972939e-01 6.077234766794940013e-01 6.110873930008715593e-01 6.048149641836861878e-01
-3.634905387111656005e-02 1.154209549806904239e-01 3.338069892513171877e-01 5.922091976546326464e-01 4.762434131335541165e-01 5.342553730609898022e-01 1.000000000000000000e+00 7.199677339516726837e-01 6.714514601563824625e-01 6.448087249060456827e-01 7.397284850477960916e-01 7.968605025576493972e-01 7.558877240591801439e-01 7.304080487082477147e-01 8.515688194109288789e-01 8.196276315527993850e-01 6.731578133206393977e-01 5.483026574978687728e-01 5.645884181233687960e-01 6.138992080059735290e-01 6.988094596184706297e-01 6.576273555340489407e-01 5.621853609029487941e-01 5.174839378091971032e-01 5.636639497487687667e-01 7.183843597179521145e-01 7.320472404954800894e-01 7.363533107706731196e-01 6.392797073076017522e-01 6.792664458788858495e-01 6.963707545942360300e-01 7.430097015202926647e-01 7.310877189493781847e-01 6.881479935058634201e-01 7.178074058342884811e-01 7.186237843502489842e-01 7.207268335811179982e-01 8.037931830764363239e-01 7.904500181432410066e-01 7.960813809198525881e-01 7.995202818541635725e-01 8.221311878163325426e-01 8.236404655415563436e-01 8.224171945853260279e-01 7.890335397221707181e-01 7.981008035304522075e-01 8.001767850722428799e-01 7.968651719045499737e-01 7.912600157160679659e-01 7.822505604556845293e-01 8.095801218774807406e-01 7.905827497080479827e-01 8.080804644802701553e-01 7.676014111221440839e-01 7.744586909480065673e-01 7.859939719525561586e-01 7.629973444441260355e-01 8.104402226012058508e-01 7.889977102842151702e-01 7.990230312355960374e-01 8.103431499414126549e-01 7.914709248748484915e-01 7.840644001931017515e-01 7.922945195868569268e-01 7.848513189841432869e-01 7.845190703015166855e-01 7.953656181546434611e-01 7.694009443145914950e-01 7.779506034693293159e-01 8.194718188316884033e-01 8.016043606014124911e-01 7.851790519770934784e-01 7.512188454143932104e-01 7.417762372244220970e-01 7.936194047352886916e-01 7.882218560783801342e-01 7.997165635991445587e-01 7.626324066478137320e-01 7.850313560961373893e-01 7.665913967472731683e-01 7.770218040236156476e-01 7.788789252497690940e-01 7.846771482474419468e-01 7.769781524935832628e-01 7.970877716831895610e-01 7.821891088267017844e-01 7.868354737710436808e-01 8.209848396390766467e-01 8.054609299857330429e-01 7.961832574851746003e-01 8.170106360084889996e-01 8.194302534485162770e-01 8.061085900485439604e-01 8.178326203801737915e-01 8.083617164508897224e-01 8.041278035503028887e-01 7.999857822966790488e-01 7.880608763697239949e-01 8.050498454091590261e-01 8.197919216729082637e-01 8.220574710472469127e-01 7.981890801859511386e-01 8.113057837202455325e-01 8.171146629427555874e-01 8.042869422070308971e-01 7.733763291319381006e-01 8.007407607257666093e-01 7.997312780795338139e-01 8.000432581709255864e-01 8.098235186420914555e-01 8.140344538026450527e-01 8.066652093139444757e-01 8.020253714689397073e-01 8.008340185891934526e-01 8.001195978850539348e-01 7.984183410239238388e-01
-8.980098131543196027e-02 1.017703239161322909e-01 2.728842538893101466e-01 5.736620564054215610e-01 4.554028863369011804e-01 4.872702795118465380e-01 7.199677339516726837e-01 1.000000000000000000e+00 6.275448288394852581e-01 6.071749633358872744e-01 6.874465421515726371e-01 7.674181495224073890e-01 7.324989987794700008e-01 7.084406096585930124e-01 7.975171511565739557e-01 8.025875418421036800e-01 6.061973603842916170e-01 4.481037249445761761e-01 4.913343176350962738e-01 5.200090895093871790e-01 6.389205666068247247e-01 5.981848447736681784e-01 4.744941158574330076e-01 4.265362386197105726e-01 4.914962942722825856e-01 6.377814134400585644e-01 6.586433106649544067e-01 6.500245574513734415e-01 5.383649010026694270e-01 6.001974865416552785e-01 6.224212592382958320e-01 6.672735070861105511e-01 6.534694513177039532e-01 6.115326069718847180e-01 6.521885294797955535e-01 6.490883186185937292e-01 6.473409255654801742e-01 7.466093743695065843e-01 7.381434828487312139e-01 7.331443793185763447e-01 7.487497978549976230e-01 7.723059570678987296e-01 7.680395574907786793e-01 7.722108273201584439e-01 7.335966611165137818e-01 7.398954611002992454e-01 7.783646838855882155e-01 7.644285639487717887e-01 7.626433939141672447e-01 7.489311011755590552e-01 7.690804463849776340e-01 7.584026627101272400e-01 7.716284379524958048e-01 7.302957201944486609e-01 7.411437347752433125e-01 7.448306933092051496e-01 7.342126123583729846e-01 7.839974840153047797e-01 7.642696072730766899e-01 7.658950224649903049e-01 7.756591498530914786e-01 7.563318478206082496e-01 7.560304726980900947e-01 7.650962295935427315e-01 7.475316759788125376e-01 7.507218082164943684e-01 7.556349057549447412e-01 7.246315906653505445e-01 7.260692118286491414e-01 7.668744642328351180e-01 7.613163456044208521e-01 7.427429523618466201e-01 6.965671097418597579e-01 6.939257932723050804e-01 7.468838783088794786e-01 7.433395349029230381e-01 7.506747570637622990e-01 7.081933563376602292e-01 7.292620169833282651e-01 7.159694124994614439e-01 7.285859393335341050e-01 7.321410678626951718e-01 7.428664441237762261e-01 7.280460970281056321e-01 7.513893109860240171e-01 7.335880739129743144e-01 7.397952995385874697e-01 7.807374185258292298e-01 7.628485392213718574e-01 7.518672877596594972e-01 7.696490333220760149e-01 7.802157292668032706e-01 7.644234387981722056e-01 7.759141659433241855e-01 7.830224709634925340e-01 7.734050472272400167e-01 7.771684085103819362e-01 7.638193953517037338e-01 7.811073838606419351e-01 7.881400802004040473e-01 7.892008475994530814e-01 7.754098042462732598e-01 7.833090409437793999e-01 7.887449519813839460e-01 7.713982543715626194e-01 7.522015150136042161e-01 7.762852537420452670e-01 7.668426971188218033e-01 7.668103312601693977e-01 7.799861262276879259e-01 7.855740951657967930e-01 7.794270981472657400e-01 7.765852247883576753e-01 7.739844160360113134e-01 7.689918918131180003e-01 7.697934936607797596e-01
1.875275146100890966e-01 1.918953999700904745e-01 3.989729215701091625e-01 5.201445727738071012e-01 3.716969227348615457e-01 5.378835030279492946e-01 6.714514601563824625e-01 6.275448288394852581e-01 1.000000000000000000e+00 7.332657689269844736e-01 7.848532722300167741e-01 8.059402206845378558e-01 7.409229682555835694e-01 7.508198160571593061e-01 7.900982200197047556e-01 7.953814191658489241e-01 8.058782517402746093e-01 7.212652876145339009e-01 7.616379852744418200e-01 5.298478972587727931e-01 6.263167087882525186e-01 7.655615020477543053e-01 7.803689108693997456e-01 7.229721639007675726e-01 7.604721358696269196e-01 8.442674556919874673e-01 8.266723654135528232e-01 8.031810964162047206e-01 7.856724395322175480e-01 8.209340446924576762e-01 8.480872199538509459e-01 8.536453422638948796e-01 7.888088051027254410e-01 8.148404260988868497e-01 8.054839855658276759e-01 8.033199861036818268e-01 8.312443359550611977e-01 8.342698325063904186e-01 8.447796183508622381e-01 8.024558464152337089e-01 8.482007688093686770e-01 8.141690449728867796e-01 8.012506422493442804e-01 8.499505801848091791e-01 8.553534210913716906e-01 8.455948373811233987e-01 8.423496908779216641e-01 8.586695266344352984e-01 8.482758911845983407e-01 8.265349874637739624e-01 8.372111632188832253e-01 7.994874809118133197e-01 8.347039727398122277e-01 8.641402035062235587e-01 8.543681792650046347e-01 8.612156472172202148e-01 8.378091321992783280e-01 8.385235773072490240e-01 8.442334325865268330e-01 8.516746696009046547e-01 8.466309350438611103e-01 8.526022331775408025e-01 8.333141616905025417e-01 8.427548901761978684e-01 8.656882863999123545e-01 8.556983290232603734e-01 8.649209200185062896e-01 8.723830796478259098e-01 8.776743890740723586e-01 8.342473531287143418e-01 8.509288803193583162e-01 8.669230241704031226e-01 8.640950577343023964e-01 8.656483585203701425e-01 8.683684076020112830e-01 8.625491556181745789e-01 8.491983951611804526e-01 8.629156497779956192e-01 8.689097708325966840e-01 8.666888553633245174e-01 8.661893423015655236e-01 8.699484296634512059e-01 8.710432160476487828e-01 8.556571603021750905e-01 8.598621333699500990e-01 8.684671988652602481e-01 8.630357403113304571e-01 8.492846588377254147e-01 8.608889698862707274e-01 8.683833114661673180e-01 8.479931969477249032e-01 8.494388354785515904e-01 8.574545343143500364e-01 8.545382542742165910e-01 8.436225437276785311e-01 8.563240706484014364e-01 8.341193080895631384e-01 8.469078056985211989e-01 8.464667484662078412e-01 8.465788183464854066e-01 8.365384323035321978e-01 8.473939927183419263e-01 8.421315466919534476e-01 8.455098899419837277e-01 8.558002780830252787e-01 8.467822820930023253e-01 8.524098644567487115e-01 8.566809213835895331e-01 8.599464438031524383e-01 8.503211835158797083e-01 8.436821981362974121e-01 8.479496813119689058e-01 8.484901586831741227e-01 8.526951208269809568e-01 8.577465150142061789e-01 8.532747454689679767e-01
9.495253811416898282e-02 1.704019744063711983e-01 3.493026356766038565e-01 4.757540528601462149e-01 3.530798066208583053e-01 5.148570740257675249e-01 6.448087249060456827e-01 6.071749633358872744e-01 7.332657689269844736e-01 1.000000000000000000e+00 7.154216404559465836e-01 7.502549337927170159e-01 6.890289869243643173e-01 7.214359524126709999e-01 7.616767241695641122e-01 7.587171248880826280e-01 7.106106599465755735e-01 6.003326194263211013e-01 6.582510560143930434e-01 4.808889795911842624e-01 5.512147694983742241e-01 6.712811892427739124e-01 6.618083365502298587e-01 6.149971537872979122e-01 6.573526003898867431e-01 7.724505861549957331e-01 7.610746337861835631e-01 7.542928797578531963e-01 7.061857215308983138e-01 7.462806741027490087e-01 7.625810599633338072e-01 7.676365325173429843e-01 7.352727422733409401e-01 7.281747083585159430e-01 7.497180728203662881e-01 7.117673982215048101e-01 7.575651009091546317e-01 7.839820750349978384e-01 7.824198396959617385e-01 7.546980920727991426e-01 7.991040045332445940e-01 7.836121813623050381e-01 7.567366371079448095e-01 7.949317507552388085e-01 7.872158211968598440e-01 7.877895826861779360e-01 7.924279385624837246e-01 8.042699390645366986e-01 7.865956831940397187e-01 7.540914214933394089e-01 7.836635881329911957e-01 7.368357887330179157e-01 7.743630759216859616e-01 8.031810028341118679e-01 7.941591276241176667e-01 7.970572260413830712e-01 7.607002141214446178e-01 7.945446251804878512e-01 7.869671679051292168e-01 7.957438861853159962e-01 7.916550210864770065e-01 7.936582856138278963e-01 7.709177813274497026e-01 7.816575731339656663e-01 7.976922848898376772e-01 7.864922358075081554e-01 8.074428751402358273e-01 7.989529474803888087e-01 8.025175080636370861e-01 7.711281063587309692e-01 7.841495639234992154e-01 7.984592995105440627e-01 7.876537301461884466e-01 7.887561611602834644e-01 8.092510221371863599e-01 8.041719100951533195e-01 8.004558766420120097e-01 7.999181446379455274e-01 8.060422129340690800e-01 8.035153429856721763e-01 8.049388508543168230e-01 8.045692364390809592e-01 7.988464388568758956e-01 7.992200367850184062e-01 7.938710186506373612e-01 7.994460778406689005e-01 8.008024512693155961e-01 8.017775406970492069e-01 8.043022080564438125e-01 8.049355450912776266e-01 7.991537831155770544e-01 8.003819545520443057e-01 8.037386068422314178e-01 8.025960322897557342e-01 7.965737115845125116e-01 8.037130945596512310e-01 7.730773285173052622e-01 7.724175171765570447e-01 7.894596857919131683e-01 7.945078117378797655e-01 7.864982560869189232e-01 7.840466455667768342e-01 7.881603187330261662e-01 7.946593670476886917e-01 7.935463811350507157e-01 7.738007076148691876e-01 7.945725396335039381e-01 8.056486776677872497e-01 8.029511398962397850e-01 7.978717938995328884e-01 7.954367802659221276e-01 7.964716666181604898e-01 7.949357129188293625e-01 7.923876165746562839e-01 7.987675239824516549e-01 7.934927951754647824e-01
3.679008427653957664e-02 1.525730625203506052e-01 3.853320826416455347e-01 5.707694385704873419e-01 4.412349655850881236e-01 5.602647477968535350e-01 7.397284850477960916e-01 6.874465421515726371e-01 7.848532722300167741e-01 7.154216404559465836e-01 1.000000000000000000e+00 8.698487715098663919e-01 7.882631484223679985e-01 8.050576228502469567e-01 8.602444035638072695e-01 8.511589478026395650e-01 7.751743711517210533e-01 6.414394295364079790e-01 6.999867098013896616e-01 5.708426726822104502e-01 6.738204507663806409e-01 7.482483955276423293e-01 6.952995785648927729e-01 6.376348886204613597e-01 6.937358588646719282e-01 8.298096927040080617e-01 8.405327528730311970e-01 8.243319406792158910e-01 7.634847695523659938e-01 8.122844186375509645e-01 8.484987257233099767e-01 8.263528230198914359e-01 8.061796814501811514e-01 7.839019897990123775e-01 8.253330024123513020e-01 7.990748265812900319e-01 8.449928733631221212e-01 8.609477481575532609e-01 8.698246136552224561e-01 8.500806781234708787e-01 8.816217521253685296e-01 8.713581384557955722e-01 8.505911486140443900e-01 8.859441596864423563e-01 8.797800237222586084e-01 8.762144256997598246e-01 8.902234093922627434e-01 8.938129675796376850e-01 8.748804656482175313e-01 8.499067324399122159e-01 8.709270001961268992e-01 8.420008718623703814e-01 8.743529009915798067e-01 8.806222171277729993e-01 8.770549441931607682e-01 8.802414324286613745e-01 8.581795144266397557e-01 8.852521115896549997e-01 8.778097575394870900e-01 8.856350109359841793e-01 8.878014366672047908e-01 8.788497615539244689e-01 8.680622719905705109e-01 8.738197086226645593e-01 8.851961654156588200e-01 8.826757238405613659e-01 8.893765445001146075e-01 8.818312588364422000e-01 8.800441199977228068e-01 8.753195689825350456e-01 8.859112317895218025e-01 8.922650697267522357e-01 8.623300411525475218e-01 8.642123869578923756e-01 8.952488929463899847e-01 8.975012436329734555e-01 8.934747957529973750e-01 8.861258587120075525e-01 8.886350202739571325e-01 8.892900455815753169e-01 8.911750976265596647e-01 8.973314868399088207e-01 8.825022334834610183e-01 8.829894601919678898e-01 8.827503549462087928e-01 8.818305298178313878e-01 8.926242177268991496e-01 8.932807602672081515e-01 8.949109359525827534e-01 8.907880147451524566e-01 8.962297536355600114e-01 8.971908035596370956e-01 8.982704021273132389e-01 8.991552702896706828e-01 8.939793011696182123e-01 8.952386988915193022e-01 8.757156770456617778e-01 8.751846707621012689e-01 8.896351537641183915e-01 8.928567298858264278e-01 8.915927439875689364e-01 8.858888328682814617e-01 8.917094111972747594e-01 8.917339813239519852e-01 8.917070703067233595e-01 8.752129279108887827e-01 8.895782375225843586e-01 8.945265179730396143e-01 8.941567744930722927e-01 8.899216784636256872e-01 8.926434234369592380e-01 8.914873145198247695e-01 8.915614647266776327e-01 8.904108643817451041e-01 8.917941996062599408e-01 8.923767792881122096e-01
1.347798963399623952e-04 1.317951105426751479e-01 3.986692965927237098e-01 6.518331027907382502e-01 4.774862914104857081e-01 5.965269556632225578e-01 7.968605025576493972e-01 7.674181495224073890e-01 8.059402206845378558e-01 7.502549337927170159e-01 8.698487715098663919e-01 1.000000000000000000e+00 8.469900021257703582e-01 8.470606344771838270e-01 9.188697544407723461e-01 9.113293336443816228e-01 8.018593505989844994e-01 6.517132497148231396e-01 7.038098875775080643e-01 6.267701847388921221e-01 7.448328238781137811e-01 7.769432407457951273e-01 6.998295466803479137e-01 6.487947641269720123e-01 7.052241043812391696e-01 8.437602133327809506e-01 8.642881173646282944e-01 8.508645195652821958e-01 7.682574726789306307e-01 8.263483217472177289e-01 8.584806843200680770e-01 8.634974635215755256e-01 8.411931604262766760e-01 8.116320284950429009e-01 8.531718856019748776e-01 8.425165729887784671e-01 8.698469382753665213e-01 9.066926853111062501e-01 9.184664108120232928e-01 9.014254012875629885e-01 9.233261154151239936e-01 9.257408446308272865e-01 9.200499825104816454e-01 9.397756831735896155e-01 9.216648222400199986e-01 9.213796118680653846e-01 9.374384021475073991e-01 9.364019447066216362e-01 9.286432561102599959e-01 9.060999660661289701e-01 9.256680295426163996e-01 9.065944330383488570e-01 9.313354325928292488e-01 9.168738329598996595e-01 9.189594864172160316e-01 9.234463070349849811e-01 9.102164819341582724e-01 9.370224851611659300e-01 9.255543208021852486e-01 9.340138696815383224e-01 9.417007007476365654e-01 9.291420987577749813e-01 9.224568196839534329e-01 9.312365928390381464e-01 9.262177648315536027e-01 9.291652358929692879e-01 9.334712840461460992e-01 9.168985880896787233e-01 9.208621150725921911e-01 9.303109698809414185e-01 9.314640372306953742e-01 9.276067477574991837e-01 8.955763947193503549e-01 8.940849515532077740e-01 9.316896678610036009e-01 9.348761718437602619e-01 9.349935433055489575e-01 9.126914578781910592e-01 9.240240445585532481e-01 9.193190132910867840e-01 9.267773348488955731e-01 9.298967020083576118e-01 9.273650032294411538e-01 9.205678380269043393e-01 9.282885096370452338e-01 9.225803907190548436e-01 9.316282615997188987e-01 9.416139751064862562e-01 9.389646751460705154e-01 9.319860786609395209e-01 9.418106562465486942e-01 9.457787167458314714e-01 9.424977325077925627e-01 9.469638059720323353e-01 9.419821492612354685e-01 9.420595777962535999e-01 9.310230500218900085e-01 9.274822739384025461e-01 9.403127758137793668e-01 9.444515628910767902e-01 9.460895194112215467e-01 9.357354008682257085e-01 9.444016677548486838e-01 9.469951688842512816e-01 9.426942059995865320e-01 9.222958056289900508e-01 9.394119845385731082e-01 9.383476460654229800e-01 9.380340931895984058e-01 9.410958522659901293e-01 9.426864329985745750e-01 9.409997052621728031e-01 9.400927240383398775e-01 9.404477952296045329e-01 9.373655032944812060e-01 9.396285984723301565e-01
-1.222163912008425880e-03 1.507274059857854898e-01 3.422663632895924235e-01 5.910478488602215474e-01 4.776648545524204148e-01 5.545769033452485619e-01 7.558877240591801439e-01 7.324989987794700008e-01 7.409229682555835694e-01 6.890289869243643173e-01 7.882631484223679985e-01 8.469900021257703582e-01 1.000000000000000000e+00 7.867703432269953501e-01 8.632924605648710781e-01 8.586638762319338536e-01 7.284862726972691771e-01 5.803796299914641965e-01 6.282577447297438278e-01 5.913914287103300138e-01 6.874406269110090451e-01 6.974790521685731992e-01 6.183412994827749420e-01 5.728551536922320553e-01 6.286857265698424513e-01 7.795582839541468356e-01 7.826720640705380205e-01 7.732367249661179498e-01 6.792391787733873532e-01 7.346096281222462832e-01 7.602827279894215362e-01 7.782250381443336362e-01 7.503219653468796713e-01 7.259086414639647211e-01 7.637255291820914671e-01 7.544699718162869440e-01 7.877874911395488233e-01 8.227289982190516548e-01 8.341835597904361244e-01 8.214753783624434424e-01 8.561555270559906283e-01 8.531940597212575028e-01 8.528848687578760579e-01 8.676449538639288139e-01 8.449557348029815840e-01 8.420216264919535565e-01 8.687133130461567321e-01 8.640231942470273374e-01 8.528095894606114724e-01 8.226978885775193540e-01 8.432340704651291041e-01 8.413589819182832885e-01 8.655018325887403607e-01 8.454739784122515811e-01 8.441270415867595522e-01 8.403540342505922967e-01 8.268566793794414060e-01 8.740175299821917321e-01 8.480743202889701182e-01 8.679613398052382633e-01 8.706491646426489650e-01 8.567754475173334772e-01 8.441355312761416041e-01 8.555532472973834679e-01 8.528772012030125804e-01 8.529133558461921005e-01 8.620331627862511947e-01 8.404564690740107258e-01 8.413745339864923123e-01 8.613332791818152367e-01 8.560915453211644932e-01 8.510312256948507903e-01 8.169504252804951072e-01 8.165571990912841027e-01 8.591958311863071573e-01 8.578161820427452344e-01 8.590360565341782495e-01 8.277117715703757872e-01 8.426260957031191934e-01 8.335543391747343156e-01 8.452697999659440908e-01 8.463485244670763130e-01 8.492488476102729722e-01 8.362598461227277458e-01 8.476889852523802338e-01 8.418195419271480295e-01 8.517389849298873106e-01 8.668243997044188243e-01 8.600125541082161984e-01 8.568907284839075711e-01 8.664416053976807808e-01 8.763863263511136870e-01 8.680563785564457957e-01 8.717907631770841492e-01 8.727962725180550274e-01 8.713585060361610513e-01 8.610131212699742020e-01 8.576235232248735629e-01 8.728725645058234006e-01 8.742904447362815912e-01 8.791178971179978152e-01 8.636309355600118032e-01 8.732782459230687966e-01 8.799139258394954588e-01 8.701401075776602489e-01 8.505889942183064711e-01 8.685716209869024373e-01 8.680661333754181586e-01 8.683530778406048922e-01 8.724739633003858463e-01 8.733244082077341597e-01 8.751472103328840069e-01 8.700633711207197418e-01 8.706597830236553204e-01 8.680121935223255036e-01 8.685156432114808922e-01
