1.000000000000000000e+00 1.138350400657428402e-01 7.325922982000242223e-02 7.697214899329414724e-03 -9.478964945635515171e-02 2.378360874425055824e-02 -1.977195601902853248e-02 -6.494227872403270097e-02 1.256021819311458343e-01 8.882501627644746878e-02 4.703363657963596095e-02 -2.300138059044600641e-02 7.736542145655510121e-03 1.038403541975144347e-02 -1.184846221912159991e-02 -4.374139704224200981e-02 1.321251251486001976e-01 1.732537141169263883e-01 1.779212970977098185e-01 -2.796423217293364516e-02 -2.809704141065611296e-02 1.384444049206712823e-01 1.673256795009638032e-01 1.817934746956366698e-01 1.896166597599674986e-01 1.432690954094864022e-01 1.309487293288479903e-01 1.440028890491612534e-01 1.320710500260135756e-01 1.630266814612316428e-01 1.099984009408746799e-01 9.418628910069626325e-02 8.637674001873300866e-02 1.045943177342755909e-01 1.123074413626858059e-01 1.009514466042291531e-01 1.085285406415812115e-01 5.029238037988244953e-02 9.138409228778179849e-02 5.813670594142619774e-02 5.892305176245427739e-02 3.750906529358629532e-02 2.068416236185223814e-02 4.466703444501186199e-02 9.409781259806797304e-02 6.164212730415106339e-02 1.182851784543817453e-03 2.290781511609020146e-02 2.586602864729136558e-02 1.767319532014293912e-02 2.972012069753846020e-02 -1.892134997673152255e-02 3.058863909915648591e-02 2.186769910297357497e-02 1.927088623432399173e-02 6.575199040627116576e-02 2.476183322819128577e-02 4.803595012950534655e-03 2.976542672092517133e-02 7.491649318031815691e-03 -2.853965751779651553e-05 6.685466385659238203e-03 -1.444318551426055416e-03 3.357503874953974426e-02 4.745467468528954957e-02 2.230901139073430961e-02 3.630380221798818613e-02 6.477035675363333744e-02 6.695733810462504987e-02 3.944096289667187172e-03 2.344340103811301534e-02 6.468797534712628083e-02 7.087177622372788088e-02 7.512090736843085592e-02 5.140681668935438015e-02 6.050333033687099044e-02 5.719232652307871395e-02 6.806218889864640298e-02 5.819619006589581839e-02 6.520316175301019146e-02 4.256333263884789359e-02 4.086499029159292029e-02 7.145755973952945539e-02 4.200216300053971619e-02 3.544800972539099981e-02 4.505339655533862481e-02 4.024351793479303413e-02 2.968593884096868557e-02 3.950474014332352318e-02 3.013172583708997876e-02 3.726945192530769363e-02 2.532454728462900026e-02 3.882158364557627972e-02 2.824980485501349739e-02 3.747552863878488190e-03 1.157946909845651400e-02 1.559147775193155290e-02 3.331032096949750748e-02 1.521725761661131028e-02 3.161743755021106939e-02 1.182085928347903145e-02 1.499911838422345045e-02 8.551636301006625487e-03 9.200457298842572643e-03 2.824066792182653926e-02 1.798340755701950677e-02 2.381124834804003096e-02 1.384323156774074776e-02 1.693413030258094851e-02 2.053637407946535404e-02 1.670365395597101649e-02 1.252456127444438218e-02 1.862667864062018952e-02 2.528058622672281139e-02 3.548814243368274973e-02 2.703994824545829720e-02
1.138350400657428402e-01 1.000000000000000000e+00 5.968924220118999868e-02 6.814939935650923819e-03 2.581800271756038226e-02 1.105833844698691643e-01 8.967964537154610172e-02 9.980367214986445024e-02 1.786214424516763266e-01 1.653246569095708496e-01 1.296358018122859557e-01 9.158165981896219943e-02 1.326564429558012570e-01 1.041693256610717322e-01 1.306038812227200419e-01 1.312433084969093222e-01 1.488009188938484439e-01 1.874397661953410010e-01 2.051913323413502854e-01 6.493283611564132363e-02 9.913064069479640000e-03 1.446951343074784901e-01 1.907454020909258585e-01 1.953242041491376202e-01 2.028018610500835206e-01 1.711132897116178775e-01 1.804125762832261837e-01 1.856331793942113395e-01 2.605813393393570099e-01 2.494987941853700208e-01 2.244555992918509935e-01 1.703811709932789020e-01 1.412270981001294279e-01 1.702405282813028164e-01 1.765771529856441646e-01 1.562536493528326742e-01 1.899044289855115752e-01 1.390139832181868096e-01 1.872332544180564107e-01 1.099119185495878309e-01 1.692686418598200182e-01 1.472323167537873956e-01 1.140881176492338361e-01 1.400490381145436392e-01 1.755005439263412348e-01 1.687602430078867233e-01 1.482055280939895414e-01 1.591626228161614476e-01 1.430365078185619754e-01 1.097564467185183495e-01 1.256450212341099770e-01 7.949525531480244878e-02 1.201144005588363622e-01 1.587070535120837789e-01 1.443865063627893797e-01 1.517852470960166233e-01 1.270369068012585922e-01 1.454096076850199259e-01 1.536410110500759929e-01 1.411739151846222451e-01 1.439598066209290816e-01 1.455442999281757188e-01 1.268858701142068501e-01 1.393908904250438785e-01 1.523592504999539687e-01 1.353519784661561809e-01 1.541930880028954953e-01 1.771027478020511803e-01 1.705463624962877400e-01 1.400804658337171937e-01 1.445012746048933427e-01 1.727949372219331758e-01 1.818335803772643533e-01 1.795748925456459033e-01 1.606831013439040667e-01 1.721348612364113073e-01 1.721747773557518180e-01 2.163642992056813708e-01 1.934640268419245412e-01 1.961291765465871251e-01 1.712980233625467641e-01 1.873186948665667151e-01 1.581742184194607492e-01 1.605734689697271844e-01 1.430867081344049940e-01 1.622873699638698874e-01 1.583353748468259992e-01 1.564573481501715657e-01 1.668545775100842288e-01 1.568087081018490203e-01 1.390397847690671151e-01 1.465244412487887171e-01 1.568969792095397664e-01 1.654137011258665912e-01 1.510770426802186817e-01 1.578782896249420475e-01 1.311720982102252686e-01 1.424404788362506336e-01 1.458794926795583258e-01 1.427625044131436982e-01 1.346513280366063436e-01 1.476914415438066730e-01 1.344961842949566888e-01 1.407117073980916344e-01 1.387199078046420231e-01 1.473374993582240444e-01 1.530268651856871442e-01 1.589026508339891619e-01 1.565186190816647283e-01 1.560764111288241163e-01 1.565988410362821881e-01 1.507082589999660938e-01 1.606907753841224085e-01 1.528979647800884634e-01 1.525859129566963790e-01 1.516581548835874427e-01
7.325922982000242223e-02 5.968924220118999868e-02 1.000000000000000000e+00 2.664192861361240894e-01 8.879773909339794269e-02 1.429565945894710477e-01 2.285793476971174909e-01 1.760477214326761630e-01 2.523666980560589357e-01 2.583582839157133049e-01 2.696026845706857578e-01 2.664806941062647927e-01 2.280311338729194282e-01 2.120334246764855601e-01 2.731696036019129470e-01 2.345103028312887361e-01 2.890456364931537347e-01 2.711978180455268950e-01 2.887741824549856506e-01 2.531989731791535747e-01 2.999543453445461805e-01 3.242362862974080828e-01 2.579701923400789521e-01 2.927647158997747634e-01 2.963288567695505082e-01 3.070447720095041966e-01 3.082433372433441288e-01 3.210263044460559545e-01 2.711762811356894232e-01 2.759665105781910488e-01 3.001346425925747186e-01 3.211309925901335571e-01 3.095416155769246669e-01 3.162432609436419684e-01 2.987034713404265185e-01 3.089353886838342444e-01 3.031450929053600696e-01 3.213732693830013143e-01 3.014207874558699207e-01 3.388725375555368124e-01 2.978273076584187495e-01 2.992407469298731804e-01 2.991176408771812345e-01 3.064019795939953994e-01 3.129345676633749074e-01 3.103377545254355496e-01 2.816206413996041880e-01 2.807176721523683693e-01 2.862327638099291804e-01 3.076911525115678669e-01 3.015914535712891364e-01 2.945972424343713536e-01 2.884772585814892598e-01 2.811636751552864522e-01 2.867779791677076973e-01 3.118251793384402282e-01 2.835326250331853815e-01 2.879820096945180929e-01 2.868709369445237023e-01 2.788825180072414534e-01 2.690301791527724973e-01 2.789223963545684470e-01 2.811781772175693250e-01 2.870659163800823865e-01 2.826499465763904206e-01 2.897066838386864185e-01 2.914417678900785291e-01 2.983303677642825669e-01 3.030247445807503492e-01 3.086119737512205696e-01 3.067100348226852735e-01 3.009214280030511612e-01 3.042005624520794926e-01 3.013884236898318747e-01 2.984550703997415622e-01 2.945214399454018639e-01 2.976558456062033398e-01 2.838279537814231701e-01 2.945322204531399257e-01 2.890606052725245290e-01 2.930742682666120369e-01 2.808998299511755725e-01 3.061134984803263182e-01 2.911899682148978430e-01 3.032920078572125533e-01 3.045381931899159289e-01 2.946918595411601727e-01 2.947648795451855985e-01 2.922758548861491557e-01 2.884754873349976712e-01 3.076062254703772481e-01 2.945792024657351571e-01 2.962121533479676327e-01 2.923117631987303122e-01 2.786346235855354236e-01 2.796155118115374316e-01 2.985090060822153668e-01 2.932092165503449865e-01 2.868658657986052352e-01 2.994571000902198077e-01 2.975303729713700274e-01 2.884701297736202430e-01 2.901011085548594326e-01 2.895126497177549774e-01 2.981876195267018081e-01 2.845688869453532610e-01 2.879786601125878254e-01 2.815906179982331503e-01 2.859258575090942167e-01 2.847135567681538526e-01 2.827826220130777446e-01 2.812346964675875305e-01 2.843368816336099836e-01 2.887621793846480434e-01 2.856630665663488222e-01 2.899776621264820720e-01
7.697214899329414724e-03 6.814939935650923819e-03 2.664192861361240894e-01 1.000000000000000000e+00 2.015333648890369200e-01 2.817800603020728101e-01 4.437423314677666486e-01 3.919291855416517922e-01 3.932252488254985856e-01 3.687476467897633503e-01 4.270119847036358274e-01 5.095498587795936896e-01 4.070687443574166897e-01 3.517486568537938063e-01 4.833097445678045112e-01 4.674187434942911334e-01 4.337870519703234118e-01 3.569274698999029272e-01 4.068794676511205965e-01 4.365622836570828280e-01 5.709772542099703641e-01 4.883153186102124899e-01 3.793313518883620339e-01 3.920357719291613918e-01 3.786918093129759133e-01 4.574116172640832478e-01 4.344990536067345754e-01 4.392981300454064097e-01 3.331602682700542939e-01 3.703621912092609492e-01 4.246460047215787070e-01 4.935285571784290837e-01 4.855859306976366141e-01 4.843280410977230943e-01 4.545563744737689538e-01 4.541374058945656378e-01 4.368183323082737712e-01 5.073185022392698862e-01 4.568363565869066889e-01 5.261920713969443497e-01 4.775586027986784554e-01 4.924284875750678525e-01 5.119615770643171082e-01 4.973161120975579386e-01 4.729478914192553063e-01 4.843684165741917735e-01 4.684817149164906547e-01 4.637035968226215221e-01 4.804438218144255757e-01 5.065271462834965988e-01 4.924312774581583452e-01 5.058461715040050155e-01 4.835081030864117335e-01 4.715057293242079228e-01 4.804233558623179912e-01 4.889183467006953943e-01 4.890894418267336952e-01 4.885060050231040396e-01 4.758897463403182204e-01 4.741582232651614937e-01 4.575065394753677905e-01 4.868476854286619693e-01 4.928797240827821891e-01 4.832951038653636733e-01 4.532791602922533469e-01 4.835953902089066281e-01 4.704815667210773822e-01 4.602839352625974212e-01 4.700760217151849774e-01 5.020783836577615844e-01 5.085658994601338634e-01 4.663452352001551948e-01 4.636843249586996563e-01 4.587914821151828915e-01 4.772472915950807248e-01 4.581108607828389689e-01 4.621263138481203625e-01 4.187616521097128897e-01 4.503485198614156637e-01 4.317395296542848038e-01 4.612512678665465771e-01 4.424486010817197390e-01 4.853785021149825685e-01 4.659767066191399243e-01 4.929223559716613967e-01 4.798526817242356191e-01 4.703253434558309909e-01 4.892518092928849760e-01 4.662706797126562330e-01 4.832266794894480300e-01 5.022738269597203375e-01 4.878875380871529610e-01 4.797477504860705455e-01 4.690925402272366762e-01 4.687200095616494422e-01 4.663777894904738153e-01 5.180899517993673431e-01 5.034114440149302094e-01 4.898483308217425058e-01 5.062627306512943459e-01 5.069168887725948869e-01 4.962545332792874242e-01 4.950269680944774930e-01 4.917035622495793956e-01 4.907684559043493100e-01 4.975994314595153512e-01 4.868385218749274879e-01 4.697765899216178043e-01 4.837368003947887796e-01 4.800756299960113327e-01 4.816468848089595634e-01 4.760185688784113189e-01 4.848466998051547683e-01 4.855134437007093684e-01 4.660947069041622703e-01 4.812610023984472685e-01
-9.478964945635515171e-02 2.581800271756038226e-02 8.879773909339794269e-02 2.015333648890369200e-01 1.000000000000000000e+00 2.421048625164284318e-01 3.812290080145225302e-01 4.137866622030648145e-01 3.416810869543592255e-01 3.496231704084745151e-01 3.358555130534826572e-01 4.180741298091447122e-01 4.071244031329011026e-01 3.263386326366741752e-01 4.225951295066695534e-01 4.459531590527450184e-01 2.915990226804772156e-01 2.074691700798080018e-01 2.337839836492788814e-01 2.441689727284054034e-01 3.004338187535010030e-01 2.699369072010311399e-01 2.754372715772777092e-01 2.070371634369881086e-01 2.309465055645127940e-01 3.294922773269873262e-01 3.298478288974078243e-01 3.076016645040519082e-01 2.986758575363777091e-01 3.118980236453934296e-01 3.561270908065173324e-01 3.383706846527387291e-01 3.114633691916797731e-01 3.367049755938573141e-01 3.303038537155637000e-01 3.557080099036759036e-01 3.483785837861099188e-01 3.758983083827338589e-01 3.714405395658286202e-01 3.484392124889107434e-01 3.948323096252752129e-01 3.922188800907809858e-01 3.947605939278098774e-01 4.059794496028831801e-01 3.693983815341981836e-01 3.776870557901135794e-01 4.349208796437684654e-01 4.228033372409388257e-01 4.293506299831286177e-01 4.141684574060954804e-01 3.987710487870107512e-01 4.295733955713652574e-01 4.140209269246689083e-01 4.276755043716673477e-01 4.181994330796605097e-01 3.861587228974929231e-01 4.319050660272280018e-01 4.170247528767598855e-01 4.157528477114914578e-01 4.378410484820144388e-01 4.367405568087386891e-01 4.362062093633496951e-01 4.353129691258990075e-01 4.270496338735665365e-01 4.023508331952412864e-01 4.232863052972063445e-01 4.152084236010959994e-01 3.823462460023918652e-01 3.871421947506069605e-01 4.094946268506253206e-01 4.031744225331925224e-01 3.895565611146356022e-01 3.736531661609338029e-01 3.787397213732047185e-01 4.097668486986089098e-01 3.976597656576756346e-01 3.988228103682173176e-01 3.875684437983083486e-01 3.938933751848169296e-01 3.929308036357154199e-01 4.067620233537149188e-01 4.114534608703653840e-01 3.949095928726578109e-01 4.014538230637527683e-01 4.072759813402077045e-01 3.970763010645096402e-01 4.037994867598154736e-01 4.127257908731274960e-01 4.113737809528625333e-01 4.176271853052386795e-01 3.965197463099822128e-01 4.174441199555302684e-01 4.093374062501000110e-01 4.169581783708550815e-01 4.327234772971295662e-01 4.310256741656264268e-01 4.197261551942643165e-01 4.144644262051321859e-01 4.272083102517882924e-01 4.100301206095902651e-01 4.220864008506651222e-01 4.258479931422700648e-01 4.256599260954678221e-01 4.279316875454051150e-01 4.185075257912584390e-01 4.244275498176262040e-01 4.296092766188251422e-01 4.283236079843532607e-01 4.266971122128682681e-01 4.230384084636280573e-01 4.223951010531727390e-01 4.314034750838085519e-01 4.247621192855703942e-01 4.270835482177784415e-01 4.147383748613128751e-01 4.180466731102375766e-01
2.378360874425055824e-02 1.105833844698691643e-01 1.429565945894710477e-01 2.817800603020728101e-01 2.421048625164284318e-01 1.000000000000000000e+00 4.579725293386310292e-01 3.916710041337762016e-01 4.376970644507012231e-01 4.233221525474743507e-01 4.345278941833390918e-01 4.630408971599628276e-01 4.509812686184965780e-01 3.816027061329222980e-01 5.090187365101538353e-01 4.972675000482501551e-01 4.408699801002591845e-01 3.824164410358567023e-01 4.237931869982599076e-01 3.818929593977608006e-01 4.261243915663671666e-01 4.545967284995673929e-01 4.143557201477626184e-01 4.093567705406338519e-01 4.280327268679597896e-01 4.954255613752918119e-01 4.817573683948972452e-01 4.760887464837602057e-01 4.503693133564942164e-01 4.424276488681774810e-01 4.912580489481063739e-01 4.735222837238611815e-01 4.486617729602895288e-01 4.713312783843051634e-01 4.571456137747794135e-01 4.747417537181196634e-01 4.756838338810256972e-01 4.974572798674056773e-01 4.867957875284756319e-01 5.014823553582481441e-01 5.185814052632484739e-01 5.173006397564157144e-01 5.114425894616880797e-01 5.175429409246313783e-01 5.052930062196793193e-01 5.160801674058390631e-01 5.182448804694281819e-01 5.148255989369081576e-01 5.135830268069211391e-01 4.871429124423193868e-01 5.046395052618277699e-01 4.792425907095878013e-01 4.984107582732668074e-01 5.179916905929201620e-01 5.205722506890040346e-01 5.235728988375464299e-01 5.057579966240061120e-01 5.241531671847443619e-01 5.221896424743701637e-01 5.154356880639545668e-01 5.152719451297770314e-01 5.212998559707370250e-01 5.171803686567068015e-01 5.067042597907335244e-01 4.930696579525965517e-01 5.104344322090181851e-01 5.201935610828540835e-01 5.127244900613922018e-01 5.079817572608912313e-01 5.269131689694431797e-01 5.250711081587825513e-01 5.202356130705054760e-01 5.082511820857894547e-01 5.119377749833066149e-01 5.203684630333587080e-01 5.140141294060730504e-01 5.133683309021949137e-01 5.049461861133683893e-01 5.211988193878887010e-01 5.117033414426153115e-01 5.177367364344769296e-01 5.176357991585807117e-01 5.168854103865105909e-01 5.036464929627398890e-01 5.030725322945952538e-01 5.107253415109999084e-01 5.142464741583011589e-01 5.252144668543452521e-01 5.119073264825533265e-01 5.243360656848119472e-01 5.227982771113444116e-01 5.227729481779282983e-01 5.233985177134764522e-01 5.211887991336855430e-01 5.209909193832681362e-01 5.221774504755885005e-01 5.215924708294842338e-01 5.143127753960156090e-01 5.182950295615496028e-01 5.235990888767859675e-01 5.246274432814393984e-01 5.231428401499430558e-01 5.194668250904818096e-01 5.235257827029076161e-01 5.158265243678551437e-01 5.191817685288285800e-01 5.241182144411901112e-01 5.223057552326099140e-01 5.263381755407101625e-01 5.235503928766096493e-01 5.258765761116660498e-01 5.225806776045002211e-01 5.232165835097545292e-01 5.221572566199228493e-01 5.169311447475402055e-01 5.173757518877070138e-01
-1.977195601902853248e-02 8.967964537154610172e-02 2.285793476971174909e-01 4.437423314677666486e-01 3.812290080145225302e-01 4.579725293386310292e-01 1.000000000000000000e+00 6.137010283083464968e-01 6.120451463329462660e-01 6.155867416296102457e-01 6.248457372158463530e-01 7.131154662731251648e-01 6.557241137387314067e-01 5.679531177995158497e-01 7.655725384598613958e-01 7.353991803166260999e-01 6.345621675971870879e-01 5.098933367423722496e-01 5.657343337928225635e-01 5.288041132592179450e-01 6.153781982998720590e-01 6.294088716221852842e-01 6.012500153044456619e-01 5.486240929928681842e-01 5.615287365080064985e-01 6.960655152501654674e-01 6.715643889824918222e-01 6.641879937161968561e-01 6.082836367167333558e-01 6.266452425929750492e-01 7.011435780599903911e-01 7.077138022398756778e-01 6.814163299540098029e-01 7.009282000828978010e-01 6.861092581356449394e-01 7.008325915985046395e-01 6.945025011740004750e-01 7.383031219573876758e-01 7.201515944696857963e-01 7.213152571910380617e-01 7.337333704509969579e-01 7.503690186543365837e-01 7.475587730293404842e-01 7.558781082764021164e-01 7.195505090937592829e-01 7.402290450454863668e-01 7.540944239928287773e-01 7.502912158987736779e-01 7.614597668824946153e-01 7.461632398539898015e-01 7.481036308887939468e-01 7.373265883003884413e-01 7.418402280816699390e-01 7.539774726212644662e-01 7.553050277318751338e-01 7.492820531561881214e-01 7.482549826971003348e-01 7.589993130160285206e-01 7.522287648027407014e-01 7.535471065494085963e-01 7.543815458760108061e-01 7.594474911645509030e-01 7.618695414692341350e-01 7.496927592455554512e-01 7.244791876223906080e-01 7.491537825384456672e-01 7.508466831476804382e-01 7.242572501295433396e-01 7.393837797370463871e-01 7.499885198734173031e-01 7.487378219579710059e-01 7.346187217175864648e-01 7.229548758389554575e-01 7.209569957360031367e-01 7.553386041533387552e-01 7.385763592924076137e-01 7.380844559137341721e-01 7.162296622704080740e-01 7.397134113058460025e-01 7.310866998202539824e-01 7.463005047399720038e-01 7.425280460095420310e-01 7.453089861853036124e-01 7.479942534403077881e-01 7.545353439136258666e-01 7.451395419903993345e-01 7.452268988865484722e-01 7.635101591292069445e-01 7.488723672972559253e-01 7.617268911700925127e-01 7.553263933524866358e-01 7.599194999442400178e-01 7.517190330607994575e-01 7.548540852278141644e-01 7.553916962157167792e-01 7.556300754256723984e-01 7.661865814749514447e-01 7.551697973839641698e-01 7.609821828514731212e-01 7.636764721658679811e-01 7.710141512442193479e-01 7.652938355420791927e-01 7.569164571285912357e-01 7.653664943706918189e-01 7.549179914760349996e-01 7.604256418635565451e-01 7.616669722103480700e-01 7.574921595341208569e-01 7.654491356216330811e-01 7.565473270644823556e-01 7.592190263240643500e-01 7.565409479686037164e-01 7.602116290760906336e-01 7.606565477039048950e-01 7.428859644969216802e-01 7.521056637081496854e-01
-6.494227872403270097e-02 9.980367214986445024e-02 1.760477214326761630e-01 3.919291855416517922e-01 4.137866622030648145e-01 3.916710041337762016e-01 6.137010283083464968e-01 1.000000000000000000e+00 5.729679071365675336e-01 5.619240579772112332e-01 5.648215242458877183e-01 6.619102565151556705e-01 6.136873487037216579e-01 5.286891952180370335e-01 7.003703084178825033e-01 7.116923434309448959e-01 5.734099071666941549e-01 3.921441209409287088e-01 4.607833842984778716e-01 4.374614109483717095e-01 5.215967071987497317e-01 5.201641226128862483e-01 5.054929805903721762e-01 4.311917025997267783e-01 4.467029637440316225e-01 5.966574742357831918e-01 5.848791511821618272e-01 5.766868679353231997e-01 5.565548264777209209e-01 5.636667320105643864e-01 6.296184990292434946e-01 6.234484971049675250e-01 5.917660794207381114e-01 6.078670914409939341e-01 6.058014953444604833e-01 6.275838265909232661e-01 6.233369205040486527e-01 6.643894720061263026e-01 6.562872567977092730e-01 6.239822662052311175e-01 6.595946998802608707e-01 6.750605755410036268e-01 6.569564719308479406e-01 6.803655408925486370e-01 6.406733611869750433e-01 6.718600553765139427e-01 7.080665685464749837e-01 6.974108582744520390e-01 7.023869346749131992e-01 6.792542961635689158e-01 6.675830456933636858e-01 6.758223644644021366e-01 6.678055807800928889e-01 7.009800523784256443e-01 6.951712240933072273e-01 6.734440374913434058e-01 6.947669579678401597e-01 7.014458804207869269e-01 6.954428851704285153e-01 7.086513403150376256e-01 6.994959678432095540e-01 7.099584757945442970e-01 7.103899501311272680e-01 6.998570650383678649e-01 6.776697898354114846e-01 7.012736487180061262e-01 6.972790928699067470e-01 6.554703659356211354e-01 6.668804653850493036e-01 6.838421869580261214e-01 6.842609838327706751e-01 6.696063258071728308e-01 6.488336878590685863e-01 6.446646541715896905e-01 6.887197160431897114e-01 6.737785425326134892e-01 6.753432028408995480e-01 6.617321274236176443e-01 6.782116281644381406e-01 6.694064463245382735e-01 6.863787156769572961e-01 6.880375873438963064e-01 6.779430286601587641e-01 6.851434172604822237e-01 6.949348838079985047e-01 6.808215229257085221e-01 6.869484569451551614e-01 7.019174663970424444e-01 6.918659274936139747e-01 6.997229138137573967e-01 6.802188258930456088e-01 6.982404545074567537e-01 6.894009378178260761e-01 6.989551026086332497e-01 7.134460071339229215e-01 7.086008738655473760e-01 7.051997664245532871e-01 7.046514187196517565e-01 7.121983508985133549e-01 6.968144901878217112e-01 7.069812992582641398e-01 7.143227019075270023e-01 7.072679695096372177e-01 7.125282547360821672e-01 7.042889177233613296e-01 7.121894124343812749e-01 7.088879229676887661e-01 7.076225656942487507e-01 7.094313696469761732e-01 7.070949248761840833e-01 7.068857649436323110e-01 7.113043247383936674e-01 7.118025858925701721e-01 7.130465535790928566e-01 6.962210012879757048e-01 7.041768601398114003e-01
1.256021819311458343e-01 1.786214424516763266e-01 2.523666980560589357e-01 3.932252488254985856e-01 3.416810869543592255e-01 4.376970644507012231e-01 6.120451463329462660e-01 5.729679071365675336e-01 1.000000000000000000e+00 7.269629765002785238e-01 7.103855716186495695e-01 7.564970089339613235e-01 6.872477223631900944e-01 6.055329559577212750e-01 7.699451638056844516e-01 7.501079957141906229e-01 7.803148388698692983e-01 6.345238678553605238e-01 7.273361865886146527e-01 4.900849819769501070e-01 5.845645996099541053e-01 7.539892845376273689e-01 7.344390234075367507e-01 6.872237977784341201e-01 7.268596853930842094e-01 8.029883984677989028e-01 8.075696071721272240e-01 7.999259439211834355e-01 7.770057142734073663e-01 8.102278684565705769e-01 8.354695120160555710e-01 8.006654226145457631e-01 7.467954815094843823e-01 8.020882427193981590e-01 8.061079020800355766e-01 8.173077979843542673e-01 8.379583853348878675e-01 7.971724261304956594e-01 8.368409700507534188e-01 7.589625342618488979e-01 8.356404520570442918e-01 8.199912896477438151e-01 7.724504064296937589e-01 8.343549521194690843e-01 8.449954149159415451e-01 8.321015413233832092e-01 8.398294416861153966e-01 8.518762500722404374e-01 8.414880394654321583e-01 8.041216249383958958e-01 8.105821894013159890e-01 7.763238438175483758e-01 8.171176872194052532e-01 8.469303379924923991e-01 8.390884245952060505e-01 8.413985742784844124e-01 8.362307217414177707e-01 8.326929620124695619e-01 8.429421952533694418e-01 8.404999566933551991e-01 8.334383688730004902e-01 8.340810743225743895e-01 8.195945489560703123e-01 8.383497128904348061e-01 8.510439067614461450e-01 8.453330273745813805e-01 8.508928439194084481e-01 8.520117256298677111e-01 8.500483223846433400e-01 8.213363798561449380e-01 8.349499884384649073e-01 8.535711661964807684e-01 8.404351381362601403e-01 8.415344119207259777e-01 8.542996487034525410e-01 8.563968154489708384e-01 8.509572399343127147e-01 8.460276928821941489e-01 8.453637981688322256e-01 8.532001890479176121e-01 8.510061838312477089e-01 8.525046538543034069e-01 8.554509982210354302e-01 8.473662107922708131e-01 8.356625703617678314e-01 8.479706645440436841e-01 8.512390383471387656e-01 8.451650290830140522e-01 8.495618709772312371e-01 8.424699862526835448e-01 8.330762481137578002e-01 8.465250136780867463e-01 8.497596893672902940e-01 8.497223928373808244e-01 8.443301792014855645e-01 8.471040364835854541e-01 8.274534736393670542e-01 8.403205355403257082e-01 8.438090743274776484e-01 8.408148879638667195e-01 8.338676356298018177e-01 8.430587267592561940e-01 8.386518999329366508e-01 8.422454586462088111e-01 8.484263216942113939e-01 8.381336578610534271e-01 8.492180568017072551e-01 8.484663038675815949e-01 8.444179157531989111e-01 8.484267121606717810e-01 8.419773597712223445e-01 8.479399630492426843e-01 8.453527429151393990e-01 8.495811157523565083e-01 8.523218713336004893e-01 8.498152583732936360e-01
8.882501627644746878e-02 1.653246569095708496e-01 2.583582839157133049e-01 3.687476467897633503e-01 3.496231704084745151e-01 4.233221525474743507e-01 6.155867416296102457e-01 5.619240579772112332e-01 7.269629765002785238e-01 1.000000000000000000e+00 6.657927018867878521e-01 7.184119886359394691e-01 6.789701485949137805e-01 5.905350265575145530e-01 7.619768302324331222e-01 7.386516484886012091e-01 7.100938009572198562e-01 5.741509997740431581e-01 6.644634168737745261e-01 4.743976344605652651e-01 5.545096081228017004e-01 6.880649126739283306e-01 6.724534440324393403e-01 6.238778917582196160e-01 6.633027962236502928e-01 7.467702497456970567e-01 7.479472947413852157e-01 7.514988523599169801e-01 7.416488696148012538e-01 7.518834218180011630e-01 7.958005349983462429e-01 7.575600944453156904e-01 7.174013139878403500e-01 7.564882474538225932e-01 7.481697778410110189e-01 7.661863942681191864e-01 7.804880679639759622e-01 7.782220289444924388e-01 7.881607606608909133e-01 7.449648902836942810e-01 7.961628576826946802e-01 7.889718738329449810e-01 7.442951924538071529e-01 7.935868421356602198e-01 7.935195255589052588e-01 7.985571595123192035e-01 8.098083541972463939e-01 8.147684328547262211e-01 8.070364156489359120e-01 7.673998905655785574e-01 7.785583312301125325e-01 7.338131463115177278e-01 7.777664366940968410e-01 8.087010054239625045e-01 8.011333084252756365e-01 8.054287885072034525e-01 7.807226287511519480e-01 7.968653595908653520e-01 8.119552090024640956e-01 7.978881721485513445e-01 7.971214844995867521e-01 7.942175168750058578e-01 7.802658487832266898e-01 7.905723936538162633e-01 7.931376085446865121e-01 7.941738466075846103e-01 8.125733123593437135e-01 8.010790331864160452e-01 8.013279092389984370e-01 7.837553115575891516e-01 7.938251002173744020e-01 8.064293922809441240e-01 7.913495277605671063e-01 7.957258680346336321e-01 8.121065767662319912e-01 8.083143682868296764e-01 8.103168858674267838e-01 8.089840496267460823e-01 8.109168282194764155e-01 8.135185533337357944e-01 8.146785689786272266e-01 8.182872151830351548e-01 8.110572105052735736e-01 8.038547849542471146e-01 8.025097966793609539e-01 8.072117758407009180e-01 8.109874134920718181e-01 8.121021388999906110e-01 8.138821185093770838e-01 8.029581391317702765e-01 8.020477289931111642e-01 8.098397648433188767e-01 8.121238818840290641e-01 8.139520249523047868e-01 8.121999470271694666e-01 8.134924707858780524e-01 7.945932845224967789e-01 7.990069709547660270e-01 8.074284570628441626e-01 8.077504882491544080e-01 7.993442142308316845e-01 8.019028702702640787e-01 7.987193755092748537e-01 8.077550090692858786e-01 8.037573064652636656e-01 7.906120278150537972e-01 8.127940350188497254e-01 8.132411298578845482e-01 8.078543339330666040e-01 8.088713623444770962e-01 8.053467783412288084e-01 8.090270965656048974e-01 8.066343494540318959e-01 8.098195464357457185e-01 8.071197885349908896e-01 8.054246434115065467e-01
4.703363657963596095e-02 1.296358018122859557e-01 2.696026845706857578e-01 4.270119847036358274e-01 3.358555130534826572e-01 4.345278941833390918e-01 6.248457372158463530e-01 5.648215242458877183e-01 7.103855716186495695e-01 6.657927018867878521e-01 1.000000000000000000e+00 7.704580008359396270e-01 6.666226158946750857e-01 6.001708368577867159e-01 7.688144139569533797e-01 7.335986834727215022e-01 7.316360240965600337e-01 6.196528809453825115e-01 6.902282098349947770e-01 5.429442609252054242e-01 6.262638951775075791e-01 7.318665370449937146e-01 6.939601473075138749e-01 6.604092828818782790e-01 6.899705479664293151e-01 7.690814029927520723e-01 7.611472132871163199e-01 7.620354495583461230e-01 7.232955999981754980e-01 7.432826407334971464e-01 7.917199246453708872e-01 7.701232953936228975e-01 7.313672741435535141e-01 7.737014973043351285e-01 7.595437104364818337e-01 7.852616251547863691e-01 7.938360971605259442e-01 7.836925082403085607e-01 7.966447918396197814e-01 7.712881043409176574e-01 8.021680026943992514e-01 8.013429594239345199e-01 7.787461516717252286e-01 8.141989064842773960e-01 8.116623409268958200e-01 8.065209874100209841e-01 8.072605400970676026e-01 8.123728203007608561e-01 8.110378639171060833e-01 7.907417056042783665e-01 7.952952136903561620e-01 7.820263178552572247e-01 7.984599960633596005e-01 8.068791178442605849e-01 8.075308360651898276e-01 8.146473559669257236e-01 7.956738482734341256e-01 8.054211812218782240e-01 8.069480364118768456e-01 8.086781093516233199e-01 8.040328348863298169e-01 7.979473867971496048e-01 7.937308212792711926e-01 8.018125009619210264e-01 8.040206366102060631e-01 8.138378742606034999e-01 8.164789077170913068e-01 8.145655944903713586e-01 8.176212299529399541e-01 8.088928251427645044e-01 8.170535875548980975e-01 8.179023822324030801e-01 8.093827017306062244e-01 8.138675638317010019e-01 8.235760294208580579e-01 8.178338114788437085e-01 8.149989641361724546e-01 7.996898500714770819e-01 8.090360999323287228e-01 8.110593381645577749e-01 8.176262532521347826e-01 8.179080663253016636e-01 8.182017774626694218e-01 8.108142274258547388e-01 8.112047800197931258e-01 8.181805386111945522e-01 8.211117015503647254e-01 8.129707341703715784e-01 8.173418319499705653e-01 8.031409143915924087e-01 8.168453707159739619e-01 8.195855252129585766e-01 8.223503838891927931e-01 8.184872416468502720e-01 8.132197472653063253e-01 8.134813302527870160e-01 8.025110192661684128e-01 8.024323687018891649e-01 8.090609578939941260e-01 8.141395215781132011e-01 8.156028524797886980e-01 8.056200751759570178e-01 8.152745948408619547e-01 8.182687963699694089e-01 8.196992424329505589e-01 7.991446108547916038e-01 8.132085991380197942e-01 8.127527757527021057e-01 8.105414468677256679e-01 8.118655896986607390e-01 8.069978241321151824e-01 8.148798488378243832e-01 8.076831081319314487e-01 8.139300741023530739e-01 8.136935005911872798e-01 8.136397952692807634e-01
-2.300138059044600641e-02 9.158165981896219943e-02 2.664806941062647927e-01 5.095498587795936896e-01 4.180741298091447122e-01 4.630408971599628276e-01 7.131154662731251648e-01 6.619102565151556705e-01 7.564970089339613235e-01 7.184119886359394691e-01 7.704580008359396270e-01 1.000000000000000000e+00 7.568667635897013968e-01 6.558997096917613678e-01 8.508779457578030669e-01 8.319582983686381050e-01 7.731766800636876713e-01 6.216398479046810754e-01 7.007170804167363043e-01 6.001989854600325858e-01 7.296599245486845575e-01 7.673459447905093267e-01 7.152554099374597296e-01 6.667907597582126700e-01 6.915085431330290078e-01 8.055935229889698013e-01 8.091328401949556826e-01 7.984366289785190807e-01 7.366526663003969411e-01 7.614621253131361733e-01 8.289053849474514735e-01 8.304454337444743262e-01 7.881544659205375059e-01 8.227244568717154705e-01 8.081947426311443250e-01 8.354426828630249213e-01 8.363848704651286603e-01 8.618506940927664894e-01 8.532137412949158950e-01 8.415319751543839377e-01 8.728201647318474254e-01 8.803404762031533659e-01 8.665449397246801633e-01 8.942927675026018930e-01 8.639515724558316512e-01 8.705140250346682373e-01 8.952561015638219599e-01 8.926402663252792635e-01 8.974768740985196169e-01 8.831860714893768893e-01 8.829756307798691806e-01 8.796931781914157922e-01 8.812757944324840498e-01 8.916199964154646329e-01 8.931496257676375672e-01 8.826581109350436494e-01 8.901793848879641091e-01 8.939443023369524344e-01 8.895048960889109235e-01 8.976401295918822187e-01 8.958771859356265965e-01 8.948378671462865475e-01 8.962282525874252226e-01 8.918459494251814723e-01 8.726450914554182425e-01 8.956912493769026984e-01 8.930840645622527552e-01 8.749607450373437789e-01 8.768997462015526434e-01 8.923249154418850804e-01 8.977488853667728863e-01 8.815866600441862877e-01 8.651589797369400037e-01 8.677598490924344210e-01 8.925315926014815160e-01 8.791529476388301179e-01 8.806313555810653115e-01 8.543580399844500350e-01 8.714344420416197945e-01 8.660517646548592241e-01 8.863422890663316123e-01 8.846009172262261355e-01 8.865700097808238977e-01 8.844346048675035821e-01 8.918447598296919132e-01 8.878135621380823794e-01 8.895400248199530902e-01 8.941334381107883811e-01 8.881973938313995065e-01 8.843852972056532868e-01 8.925503008712210029e-01 9.008715654796969341e-01 8.959350470832369018e-01 8.938932459812863884e-01 8.979623450186192679e-01 8.961488965094217551e-01 8.951418575957860169e-01 8.874663501715461811e-01 8.964869224105781464e-01 8.987142959348931592e-01 9.020719178140784722e-01 8.952468670571447351e-01 9.023347324298884864e-01 9.044727235747477279e-01 9.007286402445372486e-01 8.872907958749804980e-01 8.986586025348773932e-01 8.942714940861072881e-01 8.953927962953635022e-01 8.961519817570819946e-01 8.883684899883462771e-01 8.983161876846615934e-01 8.914727140198615007e-01 8.963083122946254866e-01 8.894912682720993446e-01 8.941123751256987440e-01
7.736542145655510121e-03 1.326564429558012570e-01 2.280311338729194282e-01 4.070687443574166897e-01 4.071244031329011026e-01 4.509812686184965780e-01 6.557241137387314067e-01 6.136873487037216579e-01 6.872477223631900944e-01 6.789701485949137805e-01 6.666226158946750857e-01 7.568667635897013968e-01 1.000000000000000000e+00 6.073573771201692395e-01 7.846292115022381886e-01 7.891685021549025292e-01 6.973791070957452432e-01 5.766693849777935199e-01 6.344429048663691173e-01 5.419316489796048852e-01 6.342736237170544245e-01 6.868220009532719494e-01 6.601521049110239403e-01 6.151804207065680874e-01 6.327410961677231160e-01 7.399165360041860540e-01 7.354436615158558288e-01 7.162815289802632046e-01 6.789278925834333345e-01 6.982684694781288171e-01 7.576939914233504769e-01 7.548163933044390594e-01 7.066540678313341095e-01 7.493137577216771872e-01 7.359745100661418959e-01 7.562233164575012934e-01 7.553961595791799377e-01 7.725738396570843713e-01 7.804122674589638597e-01 7.433530140839231803e-01 7.918083633264081378e-01 8.049213325884354564e-01 7.814671793267339295e-01 8.102377285940998153e-01 7.834331632718534166e-01 7.986024305415160285e-01 8.197460276284420644e-01 8.180958164457421411e-01 8.141542612959618008e-01 7.792794795389543783e-01 7.898810410804028015e-01 7.682585591629284005e-01 7.940566093419056948e-01 8.185098607742933297e-01 8.099096515509637273e-01 8.015830793061224924e-01 8.027187710473340232e-01 8.209956990880262762e-01 8.113710768415106633e-01 8.273997153432071094e-01 8.159774928665257665e-01 8.198826971848971468e-01 8.069528538731727263e-01 8.127167753799350303e-01 8.025885238217276285e-01 8.133678044657834949e-01 8.179122875337588860e-01 8.018345362320429270e-01 8.060625953713848046e-01 8.144481999580677201e-01 8.136832517845372648e-01 8.093966575795458196e-01 7.961656164455344076e-01 7.949516984258135910e-01 8.160619226450789299e-01 8.060922505006827832e-01 8.045903892656238732e-01 7.873618410484656271e-01 8.043078176419177217e-01 8.019783056312758118e-01 8.142616290612370022e-01 8.128121545772453160e-01 8.105540748284133512e-01 8.061789685648662607e-01 8.058989439492240114e-01 8.104545439567198972e-01 8.106615040075524359e-01 8.225841315816089239e-01 8.152500741944640472e-01 8.192741647124577309e-01 8.085061094695118467e-01 8.220475293039043452e-01 8.186760591904763684e-01 8.228696032295383933e-01 8.257926987751256220e-01 8.263234528857290595e-01 8.095632145614233277e-01 8.088601164572875035e-01 8.192970204847800364e-01 8.168623135937811419e-01 8.234175018616473052e-01 8.198055566951176765e-01 8.174042998255796055e-01 8.276132795720611002e-01 8.202350262637504441e-01 8.152013974554338516e-01 8.230112557032528420e-01 8.253716213950640368e-01 8.261971665064296033e-01 8.238197422979856022e-01 8.227327658174656833e-01 8.290911603948719621e-01 8.241466198173575952e-01 8.264885997336200996e-01 8.193897420980101876e-01 8.225130180007149683e-01
