1.000000000000000000e+00 1.105579397487170268e-01 2.011401214601457044e-01 1.289657821287727157e-01 1.661786212856477749e-02 2.762005736148227114e-02 6.217564904301216971e-02 2.718946711378501455e-02 2.770679377577195956e-01 1.395029729323223880e-03 9.892598266206038826e-02 -5.830271084985012668e-04 4.847162978222899904e-02 2.389578189554922988e-02 2.587579570905527288e-02 -1.754173919647320293e-02 1.895282087952923911e-01 2.143475295516442392e-01 1.413808218546044326e-01 9.661452157934517782e-02 1.406815027773666293e-01 8.365564460495319987e-02 2.446978899180877742e-01 1.804649031313236007e-01 1.387003212293702881e-01 1.398635342345972421e-01 1.311620692424895485e-01 1.197880153811809179e-01 1.415044638448000047e-01 1.894755557237791932e-01 1.552645877794771034e-01 1.252149433598915562e-01 8.779387133602262194e-02 1.134235553110060357e-01 1.392474688957952844e-01 5.565111047680777051e-02 1.611041106946490831e-01 4.814734471976294533e-02 6.908922418915122710e-02 7.105930832497177850e-03 4.330285207631374977e-02 2.483356632416443624e-02 -5.275412963464009251e-03 5.002544908278126756e-02 6.708815791599374856e-02 6.306347689697680559e-02 1.143744062960793360e-02 3.993484081756517451e-02 9.145479773357239120e-03 1.776184347390160137e-03 1.928581049656878307e-02 2.494895044664090147e-03 2.539380432046054945e-02 7.719043863628330393e-02 4.836596080397637110e-02 7.506919048066468259e-02 4.582432531843249474e-02 3.232634483655269508e-02 8.978025054953514550e-03 8.527269293892217328e-02 8.964316946491825838e-03 3.714307907255425673e-02 3.764450251421005457e-03 4.692423911380434742e-02 1.247563341594417757e-01 8.299487942918128136e-02 5.311554295272758602e-02 7.263902741774973248e-02 1.063627789398264717e-01 7.243585145788017376e-02 4.411639911215875509e-02 4.913256486783143528e-02 9.079680614701503283e-02 7.084917701469596596e-02 6.271520881362484257e-02 6.493970081501641844e-02 4.107108015758957620e-02 6.953191437024687505e-02 5.423747043662229678e-02 7.227017099077263917e-02 7.899122338148793776e-02 5.572036149525711607e-02 9.529952914357681104e-02 7.247175314727768991e-02 2.700450476833099814e-02 5.739045772863744094e-02 5.229130055837608038e-02 2.846866561820520641e-02 3.160731768327217084e-02 6.138109300409427121e-02 2.433153348782874162e-02 1.738811086545447374e-02 3.590851652504583463e-02 2.764063541236446570e-02 1.219675598076321379e-02 2.029114450035243017e-02 -6.509861003633713589e-03 5.698590036085139643e-02 1.196028791283714095e-02 2.264121218603795671e-02 4.104759110142686129e-03 1.923063749765931141e-02 1.814985144685694191e-02 1.596988951853477515e-02 3.649558056315575089e-02 5.027028865024462528e-02 2.600094239612599223e-02 3.514756146371528223e-02 3.447493301388551007e-02 2.824316135424541005e-02 1.548311510969268938e-02 4.673048137958334819e-02 2.453426177327378346e-02 4.346686637527897440e-02 7.160867160404577048e-02 5.879937421527662439e-02
1.105579397487170268e-01 1.000000000000000000e+00 1.318404462082654882e-01 5.192333815612958786e-02 4.256463762020774866e-02 9.688489658759030787e-02 1.305765264435599093e-01 8.346274680675186408e-02 1.814021556002979596e-01 1.654258527877220109e-01 1.502597577461175782e-01 9.952657733905147242e-02 1.166367551208419839e-01 1.200927703554528769e-01 1.483838564960998918e-01 9.713693015941274322e-02 1.769184732621292555e-01 1.610803004222406409e-01 1.560961434291119054e-01 6.370790652870714221e-02 1.203841609506752786e-01 1.125753596283971675e-01 2.029218515458032779e-01 1.420738047393679260e-01 1.396990925841861408e-01 2.008872000834359683e-01 1.829700619675707629e-01 1.916852180624251667e-01 1.852254301558378113e-01 2.062436704709453283e-01 2.007142849991454259e-01 1.848176074656417145e-01 1.945257953348105973e-01 1.681497313022471130e-01 1.995801285384765922e-01 1.497709467082786461e-01 1.967201903424822540e-01 1.753198270611183718e-01 1.746575679997176556e-01 1.352565455207210277e-01 1.538759286798142556e-01 1.522585902904314004e-01 1.294961836753766304e-01 1.605861295725573568e-01 1.546204639210106424e-01 1.734218516862024162e-01 1.431018613825236485e-01 1.562485030961839050e-01 1.431815470902693954e-01 1.188197725733971116e-01 1.465005278809654865e-01 7.316729533095886473e-02 1.116164436783872449e-01 1.690172722072964262e-01 1.658824190669700160e-01 1.748451918772493396e-01 1.268337887121366858e-01 1.470127098139339394e-01 1.480414257951307988e-01 1.553680348143053336e-01 1.478133061389620417e-01 1.442435242153222996e-01 1.373362076765968498e-01 1.368914315155365102e-01 1.567306615970238404e-01 1.398453622013842990e-01 1.616615572475995910e-01 1.731023164148707549e-01 1.768014927399088054e-01 1.454781628932494408e-01 1.471971050106729850e-01 1.503506513092921770e-01 1.638157362573214870e-01 1.531493687410273030e-01 1.708872117152077375e-01 1.695311356449050177e-01 1.675041937638961642e-01 1.766137125310741629e-01 1.623244406115964544e-01 1.733243697043374276e-01 1.759170417806029951e-01 1.653807316390920046e-01 1.752089094719180562e-01 1.812939222777801285e-01 1.549960449840357690e-01 1.635689269254069211e-01 1.652776388486753567e-01 1.589724738570917617e-01 1.635069183917713664e-01 1.690925655902490721e-01 1.606257319274942696e-01 1.553402463356910734e-01 1.523223356805312456e-01 1.573923931599776893e-01 1.469068464288995624e-01 1.507374075173614214e-01 1.340024300100019772e-01 1.416702854328587002e-01 1.436365502858407694e-01 1.494677612296888558e-01 1.382421517566613245e-01 1.467243985058850064e-01 1.317023889938897796e-01 1.406379556532171282e-01 1.344446335882345800e-01 1.459444890432724518e-01 1.497262417903945653e-01 1.606393440894945679e-01 1.607542476441347623e-01 1.468399887518717362e-01 1.510524730194917342e-01 1.504717603714299801e-01 1.459992583059438187e-01 1.515930122987139972e-01 1.552559812404606110e-01 1.477531751438447838e-01
2.011401214601457044e-01 1.318404462082654882e-01 1.000000000000000000e+00 3.085476722435789854e-01 1.311208082207240555e-01 2.283393065751321005e-01 3.200217454938106831e-01 2.866879450756341097e-01 3.578373451393238036e-01 2.525476096095713441e-01 3.857590123089344458e-01 3.239262810731636244e-01 3.041486954412129795e-01 3.034026007887609677e-01 3.440478854276358134e-01 2.804740051106299203e-01 3.570054023605818139e-01 4.439511888173455212e-01 4.058748102275153702e-01 3.037125616971702025e-01 3.849191391807826879e-01 3.580227995983881195e-01 4.634459416698055167e-01 4.108320187717901528e-01 3.946215223002312311e-01 4.107408123261117039e-01 3.873175117391089439e-01 4.036422028670884621e-01 4.045685978868498456e-01 4.416517906471585930e-01 4.249163144573269713e-01 4.236875382033404858e-01 4.145631743542058101e-01 4.050694595624217964e-01 4.192721104961095180e-01 3.740213227148814767e-01 4.251969003833769856e-01 3.773085040849264993e-01 3.942913326948856434e-01 3.516301146880446704e-01 3.560653749592642137e-01 3.577670535293966947e-01 3.427382765114815322e-01 3.730299322615369673e-01 3.878110641252638935e-01 3.757295837794489279e-01 3.256868026755932455e-01 3.426960413353795087e-01 3.243294784935999986e-01 3.106593352834076671e-01 3.502512107259720398e-01 2.945368965354158708e-01 3.257261840333229852e-01 3.561524331932436338e-01 3.736540176960903570e-01 3.951984583077071678e-01 3.276936553472084568e-01 3.474010869155784720e-01 3.377109987813157188e-01 3.473391106799363914e-01 3.328910415106995924e-01 3.484357018405623285e-01 3.370821168722428207e-01 3.297043037837649737e-01 3.668105764892191645e-01 3.429478390450091951e-01 3.523309230730468089e-01 3.937750943570646478e-01 4.019426783049221408e-01 3.864869227683607744e-01 3.831119590237610506e-01 3.691852886876360595e-01 3.972868305937698463e-01 3.845992091402732904e-01 3.652880175667953533e-01 3.767457100671911530e-01 3.559153857736148674e-01 3.781574463838270339e-01 3.678876079107371577e-01 3.754394986250281230e-01 3.840646772591803093e-01 3.648381302078856914e-01 3.928076020634836407e-01 3.824189865075708350e-01 3.595717304875944431e-01 3.750828492598248243e-01 3.774025363238229791e-01 3.558719079015055242e-01 3.547463450160982523e-01 3.823542079303239305e-01 3.592593272334707599e-01 3.406939927270027368e-01 3.640698374004558979e-01 3.525392423553476706e-01 3.268740656933371014e-01 3.312212431571576743e-01 3.246977691356757734e-01 3.338022295030876885e-01 3.210065620549125143e-01 3.468577122394449486e-01 3.309937101095121736e-01 3.345167617505943602e-01 3.229770599583655644e-01 3.344515114512297549e-01 3.394066603427842166e-01 3.426070690866591106e-01 3.345419986099385512e-01 3.391867904960993441e-01 3.519907308398658174e-01 3.310168883422003883e-01 3.401028398836919986e-01 3.359636259104912259e-01 3.384186702048170292e-01 3.396303349466824328e-01 3.495604901174435564e-01 3.345872642570825173e-01
1.289657821287727157e-01 5.192333815612958786e-02 3.085476722435789854e-01 1.000000000000000000e+00 3.417649916305793290e-01 3.831216176457036826e-01 5.756851701991042569e-01 6.003311185602321354e-01 4.705062675196358679e-01 3.344648209722848597e-01 5.165040339550285298e-01 6.599134892449037837e-01 5.584463091303827342e-01 5.124006896628975349e-01 5.852012168096112354e-01 6.125142876182289031e-01 4.648107360930652243e-01 3.999927509791050828e-01 3.895136684527916726e-01 4.556977829890391241e-01 4.349671407092756126e-01 4.230955205296375587e-01 4.291926398171365120e-01 4.553723965913737959e-01 4.208291995140189257e-01 5.109775604680670824e-01 5.373809987794905263e-01 5.101933559247621153e-01 4.948074155276199204e-01 5.013784980872619812e-01 5.166077148782132200e-01 5.205854230848885322e-01 4.918802083835625560e-01 5.236447935418649946e-01 5.034189815696716863e-01 5.723629916210374313e-01 5.248021702993330706e-01 5.294760415915281682e-01 5.434701148829118589e-01 5.549532445519343993e-01 5.356578357395023193e-01 5.234082240907641514e-01 5.792062975030799477e-01 5.699376364005859230e-01 5.698803825030545056e-01 5.288364096531882330e-01 5.319303918722770863e-01 5.242867134644381144e-01 5.410737173113839837e-01 5.619038415099980588e-01 5.627555083801768498e-01 6.165478397809728284e-01 5.818062242953792040e-01 5.221891534620342057e-01 5.293198507393770402e-01 5.421158536743193590e-01 5.877979276681492005e-01 5.364286480940034796e-01 5.319241765471702799e-01 5.569976596437159477e-01 5.543207078481239281e-01 5.565094192697003228e-01 5.578313756804675894e-01 5.772422126320856384e-01 5.476377868290353002e-01 5.901700844069486251e-01 5.241089775409358831e-01 5.116436958990655537e-01 5.386741601698662452e-01 5.714421504593103496e-01 5.410648350086629810e-01 5.266609239323603031e-01 5.434299142840057772e-01 5.392172851856950055e-01 5.492174373417633149e-01 5.451363582814522379e-01 5.289617506025614535e-01 5.286755760628474299e-01 5.412846673511666484e-01 5.260249883219256795e-01 5.281422951036520708e-01 5.342201658447885970e-01 5.480576776234966641e-01 5.172765312097146184e-01 5.473230952631203960e-01 5.441453044076127732e-01 5.537656126419682190e-01 5.398167913364144699e-01 5.311146027269667558e-01 5.490091058212218655e-01 5.395558030993389265e-01 5.349570165054040594e-01 5.548851365650638856e-01 5.339363021221934513e-01 5.276789836620447982e-01 5.282275889892015242e-01 5.642280201197747980e-01 5.748325007270891351e-01 5.427353813958801787e-01 5.564802585317464301e-01 5.617816234554430244e-01 5.524866990614306639e-01 5.636851606298746153e-01 5.491587215373052722e-01 5.812309049712478526e-01 5.650459184749319075e-01 5.401679561424551634e-01 5.175689514985942763e-01 5.243281523972791458e-01 5.357572602634995684e-01 5.283694703336535570e-01 5.429426608665509635e-01 5.407054825247223917e-01 5.522064538547341028e-01 5.480285919126173244e-01 5.619512269465067877e-01
1.661786212856477749e-02 4.256463762020774866e-02 1.311208082207240555e-01 3.417649916305793290e-01 1.000000000000000000e+00 2.975864334572498326e-01 4.214742736864847128e-01 4.051771408309118860e-01 3.811493472649554182e-01 3.497143719047534627e-01 4.140640468553613562e-01 4.777605051592928032e-01 4.689987211098897157e-01 3.807569300451396077e-01 4.650876169879167299e-01 4.907634426045663356e-01 3.783848750831638186e-01 2.721196823297777345e-01 2.951624700959108449e-01 3.152126296735501820e-01 2.862613443608741370e-01 3.268153487189036643e-01 2.851600707505164145e-01 3.092400580262837373e-01 3.137341047880223832e-01 4.139098666830400841e-01 4.209322831309235680e-01 4.015124532417225778e-01 3.472783229631031254e-01 3.800440184022403356e-01 3.894815698611855947e-01 4.065476069515853719e-01 3.860243917785261547e-01 3.886619163004984001e-01 3.906527969585554261e-01 4.359835803568837265e-01 4.039670516356594909e-01 4.346234383585353966e-01 4.336264203696769681e-01 4.501851772210740954e-01 4.616839943511387157e-01 4.615223705317573755e-01 4.741740314886957464e-01 4.691891815619079198e-01 4.514467302773250146e-01 4.350834748092697324e-01 4.621256017579070119e-01 4.594779210973565786e-01 4.567999582254463342e-01 4.430327432335671722e-01 4.550455905903827425e-01 4.799523560514876719e-01 4.786381142845359538e-01 4.524321274003751392e-01 4.517395196955414916e-01 4.468092961223071868e-01 4.621798321273801191e-01 4.605063422683884911e-01 4.534006747204783472e-01 4.640917583867915086e-01 4.667734150933126047e-01 4.595368867137171187e-01 4.593670872206741529e-01 4.695064982596890979e-01 4.423417991916316350e-01 4.688886675123486447e-01 4.527887920966498503e-01 4.299061066903870909e-01 4.401911987996667275e-01 4.562682971388016817e-01 4.382428217918359348e-01 4.431667902897718503e-01 4.402396705048796099e-01 4.382181266817911092e-01 4.575276515633588947e-01 4.496218994557193427e-01 4.441556572263402614e-01 4.241773993280106847e-01 4.483941041630801205e-01 4.385324924627491683e-01 4.406774146250221902e-01 4.464384281658006492e-01 4.427956728633432038e-01 4.366572434980416917e-01 4.523571646376330357e-01 4.488083063261455452e-01 4.512324652767553124e-01 4.488225044852213186e-01 4.530785862826665067e-01 4.505660924015408297e-01 4.556804354883242647e-01 4.624328187833702253e-01 4.642630540889305935e-01 4.520477639191075592e-01 4.605170352311783732e-01 4.618617087603530957e-01 4.697708304166969828e-01 4.623624917174843363e-01 4.640533575224555785e-01 4.677543264805202883e-01 4.778236462960591679e-01 4.589957634788071061e-01 4.824195117489379347e-01 4.734765039199298475e-01 4.804221588236981533e-01 4.585809938192941804e-01 4.628596337948058803e-01 4.554318277370713597e-01 4.528995259671093621e-01 4.640251176945395239e-01 4.527962404651302286e-01 4.661216572171525963e-01 4.580517693626787734e-01 4.621763404033040756e-01 4.548621315832443446e-01 4.691295492278524382e-01
2.762005736148227114e-02 9.688489658759030787e-02 2.283393065751321005e-01 3.831216176457036826e-01 2.975864334572498326e-01 1.000000000000000000e+00 5.185802025511027091e-01 4.703555610477710980e-01 4.808587416274732740e-01 4.204542890521349441e-01 5.183819036976398120e-01 5.575917468175748404e-01 5.001791806019896258e-01 5.025792017265074962e-01 5.869131149736437347e-01 5.543676729933888492e-01 4.875109907700532208e-01 3.698307848678019094e-01 4.273237318766560100e-01 3.547672293978409996e-01 3.861102632275246194e-01 4.418228643765537145e-01 4.150909755390488343e-01 4.147594656679284286e-01 4.407531423647976787e-01 5.500629225482077667e-01 5.595872035178779402e-01 5.581990623175144828e-01 5.325479835558033503e-01 5.178022340292443015e-01 5.460649356623495931e-01 5.422845096702476608e-01 5.176370508096080902e-01 5.224383738073932193e-01 5.225246476430633891e-01 5.426723728378503031e-01 5.355199344850781751e-01 5.667040814983362873e-01 5.684953872173534872e-01 5.609848859487180928e-01 5.823096468761332911e-01 5.846914137037141357e-01 5.842938396961564473e-01 5.937938677457129666e-01 5.745389936384885932e-01 5.802667048625498314e-01 5.807798033833669882e-01 5.787215076419698345e-01 5.795854562739949367e-01 5.565354160722516541e-01 5.823348640533686504e-01 5.538583040857054662e-01 5.767807285096375747e-01 5.742920651302034774e-01 5.775130515522289842e-01 5.773854463598513398e-01 5.679506029504876041e-01 5.778767161105244909e-01 5.800732394011985926e-01 5.734995151522676027e-01 5.837228660990877449e-01 5.771907183245352790e-01 5.840156955829366447e-01 5.793281423201280811e-01 5.611382037936729628e-01 5.713945810405951509e-01 5.735787148798691115e-01 5.565502540891250627e-01 5.649624412642034743e-01 5.626432905228720971e-01 5.635993943472603629e-01 5.718464425771117021e-01 5.578100869881775781e-01 5.653186937240961552e-01 5.905969919106958121e-01 5.829645038712318872e-01 5.795598742141420123e-01 5.739442680945758823e-01 5.793997802732785418e-01 5.740013358438827984e-01 5.713658200815953103e-01 5.763620521700660859e-01 5.751253641747243739e-01 5.707618833304974881e-01 5.767376689261369815e-01 5.717415311060503047e-01 5.780559886892537858e-01 5.813583787240472756e-01 5.765813689696602795e-01 5.844652769014482274e-01 5.840194239379644658e-01 5.867819119293279373e-01 5.864309549195589888e-01 5.838137087049066754e-01 5.765543544408311405e-01 5.790576596390075714e-01 5.820820594800427683e-01 5.735880688242129821e-01 5.770805435885085766e-01 5.851394319296144841e-01 5.863172372377758457e-01 5.847046508566412504e-01 5.819596761335807944e-01 5.864798490991214308e-01 5.823971571195013519e-01 5.780526551610777330e-01 5.813626577567159170e-01 5.781996052619529092e-01 5.811389909401629694e-01 5.785810538996661867e-01 5.816014864614186264e-01 5.782519455531198727e-01 5.805598424892205456e-01 5.800085566445777330e-01 5.727330771076575289e-01 5.748934412850776887e-01
6.217564904301216971e-02 1.305765264435599093e-01 3.200217454938106831e-01 5.756851701991042569e-01 4.214742736864847128e-01 5.185802025511027091e-01 1.000000000000000000e+00 7.138689154095837486e-01 6.296849970219067227e-01 5.450842672244231579e-01 6.654774312802321790e-01 7.591408672658713774e-01 6.938727370887894930e-01 6.731723530131646926e-01 8.330425576173831059e-01 7.616259466438668468e-01 6.085865411067254982e-01 5.366008370495607416e-01 5.498368668437602080e-01 5.349403723665241417e-01 5.363735797913148362e-01 5.738494644994910354e-01 6.060538621586910590e-01 6.129091336656903310e-01 5.789524744342728901e-01 7.228858346624771336e-01 7.335795088250980367e-01 7.441762398854347982e-01 7.094834726313657969e-01 6.857002649364690727e-01 7.229958070686708371e-01 7.299117420819077884e-01 7.061848340286066561e-01 7.118796786732768389e-01 7.027271469017141170e-01 7.266847234512679998e-01 7.125737002966920919e-01 7.471120689959936945e-01 7.513968826359581632e-01 7.713043641122102612e-01 7.565962408425279673e-01 7.607867955565377205e-01 7.722810728962860027e-01 7.787678085346849688e-01 7.765525183726942338e-01 7.659916523423355716e-01 7.503700850997350180e-01 7.399979171589134985e-01 7.489422390505308114e-01 7.287401033153209085e-01 7.567427332739760093e-01 7.427533892201221288e-01 7.642324572445285957e-01 7.366971413896337140e-01 7.610621925065096383e-01 7.692705963364485644e-01 7.613933510363475321e-01 7.513467866779055537e-01 7.469990036781186671e-01 7.465433685388690455e-01 7.586177056424562304e-01 7.552831469897265393e-01 7.644613209654651520e-01 7.529477519902371130e-01 7.230585387714500989e-01 7.523252385731031833e-01 7.395566907035243664e-01 7.328157429461632510e-01 7.512238926535623751e-01 7.606401131573230501e-01 7.390648015098971735e-01 7.386704456675184938e-01 7.566867987423464559e-01 7.451872579592938584e-01 7.696554633624582697e-01 7.614668203663004231e-01 7.613097415052009209e-01 7.547549799331580989e-01 7.587486776655627541e-01 7.435049898708243621e-01 7.484501005828766429e-01 7.505032918440855960e-01 7.570119882284966906e-01 7.413093704772103498e-01 7.564874524171946168e-01 7.580549324788722343e-01 7.619771082250920147e-01 7.554914225460815924e-01 7.537302138620169956e-01 7.721106242344195625e-01 7.672684529763832417e-01 7.601403462488756091e-01 7.667768902208060844e-01 7.595194730343413081e-01 7.433195600627440225e-01 7.469922580552127434e-01 7.625101753602402388e-01 7.569331503589010746e-01 7.510918342753871713e-01 7.634684202371059270e-01 7.645174858852755717e-01 7.588420494486830536e-01 7.578613048946866160e-01 7.564793263678999402e-01 7.687756967043394285e-01 7.610018836143431775e-01 7.516679036445972351e-01 7.450117786655024998e-01 7.547080564772177258e-01 7.474494584682855880e-01 7.547862516102527008e-01 7.480141417910626256e-01 7.535289695716245184e-01 7.535839018516358179e-01 7.428881392671120576e-01 7.502334703944197880e-01
2.718946711378501455e-02 8.346274680675186408e-02 2.866879450756341097e-01 6.003311185602321354e-01 4.051771408309118860e-01 4.703555610477710980e-01 7.138689154095837486e-01 1.000000000000000000e+00 5.750033639805210983e-01 4.707949040017694875e-01 6.230090090637011579e-01 7.441251993183140012e-01 6.821100383438331027e-01 6.333809856914706105e-01 7.472689243243314516e-01 7.805374471070741782e-01 5.489559010709876841e-01 4.723627672274531841e-01 4.809237717794458966e-01 5.306628124771678445e-01 4.941135260859412237e-01 5.034096724832921588e-01 5.482095805838743674e-01 5.557687433485630768e-01 5.096401916739001781e-01 6.471888647197717725e-01 6.566061054889993365e-01 6.470872578547773868e-01 6.447350871962033159e-01 6.303054869345477984e-01 6.675469538237400746e-01 6.812445284098294085e-01 6.441256725128478022e-01 6.870151743678901690e-01 6.657683828476977927e-01 7.151899292583058232e-01 6.605231682388108538e-01 7.002787780935724182e-01 7.085427689314113264e-01 7.152333579756464665e-01 6.833274156732254134e-01 6.769492691278380381e-01 7.389800508822602643e-01 7.253097229762853759e-01 7.132125732937943940e-01 6.919326358421452605e-01 6.939844321844802488e-01 6.813618255119140432e-01 7.135422700538756047e-01 7.413208650791033305e-01 7.295477950106669107e-01 7.339515626015075123e-01 7.272874196700556126e-01 6.783056969310513606e-01 7.069073818273913234e-01 7.030416878343777043e-01 7.567034588462923095e-01 6.959320229227243804e-01 7.063333347191977918e-01 6.916011660551254492e-01 7.217324364485686594e-01 7.156913396360996549e-01 7.371878392285253767e-01 7.342806069580164463e-01 6.679681908731956996e-01 7.289326440571842758e-01 6.760075291056976132e-01 6.576600625623681973e-01 6.938743993876140825e-01 7.142060247686554675e-01 6.774961009906440568e-01 6.723474177811037400e-01 6.959038669941657318e-01 6.835893087113601441e-01 7.060281879660440518e-01 6.963192040179198017e-01 6.892572872245817939e-01 6.898715342972733255e-01 6.943078054672459087e-01 6.876693790821740704e-01 6.901654370202692235e-01 6.880974096694516540e-01 7.034209504288505554e-01 6.819459443985644853e-01 7.189651731914881161e-01 7.100053014724919676e-01 7.062051525964615495e-01 7.083807803139271497e-01 6.988510209546314744e-01 7.165285281201390077e-01 6.999885558801378638e-01 6.952226735910295163e-01 7.079427621895476586e-01 6.981635170601628859e-01 6.862670247007518487e-01 6.889904742576186125e-01 7.439165424155040895e-01 7.340953038321675894e-01 7.059439305068552217e-01 7.191278293372413977e-01 7.220978629391933135e-01 7.215602355582952931e-01 7.129391687846590164e-01 7.047463105115857607e-01 7.281744317777439912e-01 7.254390513809424457e-01 7.030773521108802937e-01 6.829076885530511731e-01 6.965969919457364323e-01 6.924248532116458188e-01 6.992213103188561485e-01 6.908486786041150296e-01 7.045537204619685134e-01 7.095199656371889985e-01 6.845012845892446407e-01 7.040090307310160611e-01
2.770679377577195956e-01 1.814021556002979596e-01 3.578373451393238036e-01 4.705062675196358679e-01 3.811493472649554182e-01 4.808587416274732740e-01 6.296849970219067227e-01 5.750033639805210983e-01 1.000000000000000000e+00 6.591995242123468435e-01 7.618263239463022307e-01 7.390092874397705680e-01 6.989150414601523753e-01 6.637453510524513600e-01 7.804180545146672809e-01 7.347759710313890302e-01 7.781515668705986100e-01 5.762835221845723499e-01 6.317697000758704107e-01 4.764857504141460920e-01 5.362638364673880664e-01 6.050247104317282298e-01 6.531394516993549448e-01 6.182607728486559928e-01 6.264654253103304482e-01 7.782080029413547262e-01 7.830677828873345847e-01 7.712975466858894569e-01 7.476089419627697241e-01 8.049052391440092435e-01 8.227777280386003866e-01 8.062325155983085523e-01 7.331984023863492572e-01 7.787768591971172549e-01 7.805101938403889994e-01 7.529259835712406312e-01 8.104495353439068461e-01 7.878964740931766464e-01 8.189743761893897300e-01 7.245595294857691826e-01 8.153474752994221975e-01 7.974673001746277468e-01 7.628549725436400974e-01 8.172322258539630457e-01 8.082970870507335537e-01 8.159828227247565291e-01 8.217183785751553948e-01 8.378602510368970968e-01 8.145852680255121214e-01 7.508795249275772576e-01 7.977243256677323258e-01 7.252646447753602343e-01 7.979838673189708631e-01 8.479918340873945359e-01 8.133053187455782096e-01 8.001415714443531613e-01 8.018648582540905956e-01 8.201932251874399782e-01 8.117509121963938368e-01 8.489976290950347337e-01 8.142602757098058586e-01 8.264289416524710497e-01 8.030445922246934876e-01 8.232893240189002038e-01 8.509810278771163805e-01 8.298081743078007388e-01 8.427969123222490699e-01 8.244179064634465925e-01 8.375364030055454378e-01 7.959185688488600308e-01 7.858878796436046255e-01 8.145303489470198111e-01 8.112173340196452420e-01 8.046384487321324164e-01 8.342393653778199525e-01 8.363729953457087474e-01 8.242749011222458844e-01 8.274662444984511867e-01 8.278423345696430680e-01 8.405951775138804649e-01 8.392801231361730618e-01 8.406463227429973317e-01 8.451186146878241212e-01 8.354363924358924054e-01 8.164266956239830675e-01 8.336871104415750633e-01 8.270232725784950611e-01 8.256522815318133590e-01 8.306583545184214046e-01 8.280596828736123127e-01 8.162846406695121182e-01 8.245256776316671754e-01 8.273941857761952789e-01 8.308749550909380055e-01 8.271261272606572623e-01 8.307611596758950334e-01 7.962818864255544193e-01 8.262408192817825014e-01 8.210366773482783431e-01 8.239167718560577169e-01 8.158494004857707038e-01 8.226526528947429862e-01 8.182943976231968897e-01 8.245852417445491689e-01 8.230189727261422172e-01 8.289729531613388991e-01 8.322157356970077968e-01 8.372925886848875399e-01 8.298448498301101983e-01 8.305842210998534147e-01 8.231469943685898460e-01 8.405312719317183934e-01 8.275414979650311809e-01 8.365605054142383201e-01 8.456618314381113555e-01 8.379404295074110998e-01
1.395029729323223880e-03 1.654258527877220109e-01 2.525476096095713441e-01 3.344648209722848597e-01 3.497143719047534627e-01 4.204542890521349441e-01 5.450842672244231579e-01 4.707949040017694875e-01 6.591995242123468435e-01 1.000000000000000000e+00 6.731451998290115535e-01 6.698558408748714887e-01 6.149994737959871838e-01 5.900532474053287180e-01 7.033429566384691300e-01 6.799660525351585161e-01 6.454692302780409285e-01 4.359060210086903586e-01 5.285541666271182937e-01 3.612295857849832648e-01 4.344864729222613908e-01 5.260625618111802737e-01 4.886658185203919258e-01 4.683295563212666046e-01 5.120727304785867018e-01 6.755883417419075165e-01 6.734688160669035639e-01 6.622498224063249062e-01 6.188169070917596271e-01 6.532370370639682955e-01 6.881180925684455829e-01 6.883269522887610625e-01 6.494883624324615523e-01 6.589653878881550630e-01 6.613389221408340068e-01 6.445915101412789117e-01 6.679851134145492475e-01 7.155629363834445922e-01 7.312825123717887621e-01 6.626978736825923644e-01 7.522868241316719162e-01 7.437395777053845691e-01 6.944429887137285595e-01 7.382278260958263782e-01 7.150974406766283931e-01 7.338121150758770694e-01 7.665804727855927148e-01 7.740151583968822857e-01 7.547004793546856494e-01 6.766789002963167210e-01 7.300656744583299274e-01 6.427931651481412212e-01 7.200492323956606544e-01 7.621266121093146495e-01 7.439411231332277996e-01 7.224751726393426887e-01 7.003376511660426296e-01 7.527047579411002554e-01 7.554097308664021737e-01 7.560015481216002531e-01 7.598383234120784646e-01 7.476515520713151730e-01 7.394885860696031044e-01 7.368759147566787959e-01 7.381000902080018244e-01 7.227203491650596723e-01 7.696019141464981450e-01 7.438687605467837471e-01 7.304140301629570287e-01 7.002969606779821943e-01 7.197465052268090524e-01 7.433409090101718020e-01 7.082615425387620567e-01 7.155789458567750616e-01 7.574880780454761320e-01 7.538072289369025514e-01 7.575742317328271191e-01 7.401353746843711834e-01 7.451649156014812370e-01 7.534651340015546817e-01 7.479624723706577161e-01 7.620040065835775867e-01 7.455776943911019972e-01 7.538132231906831127e-01 7.458737614678783157e-01 7.497002880442705797e-01 7.450034591722759503e-01 7.628231411261904293e-01 7.650103909146644954e-01 7.479109359213705899e-01 7.569287951335655906e-01 7.679413884526579137e-01 7.575423046482928635e-01 7.641355674005513299e-01 7.750422182206381239e-01 7.733434838280561774e-01 7.343904621800364518e-01 7.336909983725850015e-01 7.628511761591256768e-01 7.584941291254422291e-01 7.534011870261394517e-01 7.572344918994955432e-01 7.557721854526595617e-01 7.636862243287203533e-01 7.426829990833728745e-01 7.394644100202568682e-01 7.664032221031675807e-01 7.732644484184511002e-01 7.684268732908889898e-01 7.673761622497411450e-01 7.676600474394168483e-01 7.676272758806568230e-01 7.613419906073519705e-01 7.594422318894704649e-01 7.611926412237902673e-01 7.536396896551985636e-01
9.892598266206038826e-02 1.502597577461175782e-01 3.857590123089344458e-01 5.165040339550285298e-01 4.140640468553613562e-01 5.183819036976398120e-01 6.654774312802321790e-01 6.230090090637011579e-01 7.618263239463022307e-01 6.731451998290115535e-01 1.000000000000000000e+00 8.151257314486857197e-01 7.306094435464923764e-01 7.064974107849804064e-01 8.280399278255120565e-01 7.967432220133181531e-01 7.545612460671212718e-01 6.026338093575158705e-01 6.835425368248437827e-01 4.966016628520041332e-01 5.960321170473106278e-01 6.729018821564964892e-01 6.594933426742833893e-01 6.485005861053060316e-01 6.854079468052496349e-01 8.101333153119302244e-01 8.193902469666917154e-01 8.091583058073485990e-01 7.772676453056232004e-01 8.269039274232282688e-01 8.460434982159754647e-01 8.334933854885188120e-01 7.852659840172353523e-01 8.068218996227198847e-01 8.058468218679092354e-01 7.956806746659826901e-01 8.327723282031531671e-01 8.428633973071477659e-01 8.611166301940545997e-01 7.920209186433845305e-01 8.651103520354168630e-01 8.575333933226475525e-01 8.268227666958588573e-01 8.670105733277529980e-01 8.610758724629178351e-01 8.575071201287552958e-01 8.605859255363998983e-01 8.746155522333384225e-01 8.560412118053825070e-01 8.053839456457485557e-01 8.538440706468529706e-01 7.854171540813990049e-01 8.439081097269969245e-01 8.707911216148559452e-01 8.640085892380240384e-01 8.553683063483122906e-01 8.366173347827917661e-01 8.643453703619339290e-01 8.625844056528280124e-01 8.643312671980571960e-01 8.650785634795266077e-01 8.654420339186611466e-01 8.586876533380463083e-01 8.568899501307792876e-01 8.579070413473552925e-01 8.544147733821756407e-01 8.723002989786925454e-01 8.670089319856423282e-01 8.656060368021772922e-01 8.396821261546194570e-01 8.512526089814282937e-01 8.687866046366379269e-01 8.539749216286500744e-01 8.560250175768361336e-01 8.752728688683534264e-01 8.766624940932240539e-01 8.680733512945117969e-01 8.660276635596656503e-01 8.708768154978385745e-01 8.734515940768289299e-01 8.732580843149321259e-01 8.763532687838018198e-01 8.732219314157541046e-01 8.700485480265202076e-01 8.625244542521065538e-01 8.690267773696123133e-01 8.683785216050043942e-01 8.713801204909358278e-01 8.698855436227450610e-01 8.727557650280781676e-01 8.676994082845685963e-01 8.718199913484192543e-01 8.767216651120207649e-01 8.739312285831222216e-01 8.667122295537711407e-01 8.718962331822394107e-01 8.490219653647764764e-01 8.499385967633990013e-01 8.608209181115779041e-01 8.703127505943950570e-01 8.623817403635017920e-01 8.633743041419535968e-01 8.616922664449385705e-01 8.709051766890608670e-01 8.629169843454307376e-01 8.575137986774830079e-01 8.670646075426808874e-01 8.734374149126329367e-01 8.735424132472968672e-01 8.661470933290650320e-01 8.667386282013477272e-01 8.694597603534277575e-01 8.656466119335116671e-01 8.665251905622807227e-01 8.712780175805852068e-01 8.639057113818621181e-01
-5.830271084985012668e-04 9.952657733905147242e-02 3.239262810731636244e-01 6.599134892449037837e-01 4.777605051592928032e-01 5.575917468175748404e-01 7.591408672658713774e-01 7.441251993183140012e-01 7.390092874397705680e-01 6.698558408748714887e-01 8.151257314486857197e-01 1.000000000000000000e+00 8.103654769660101342e-01 7.570472838651380876e-01 8.972605950245189366e-01 9.006365951454992080e-01 7.380866683232558678e-01 5.326245733471584032e-01 5.971367821029012202e-01 5.592326740340006763e-01 5.628592653460396944e-01 6.285631146714253381e-01 5.935555838342561064e-01 6.204730559840563320e-01 6.181959410274997513e-01 7.891206801608638965e-01 8.195770246448056406e-01 7.985015669814599093e-01 7.471408417202365371e-01 7.686444510388902307e-01 8.148129274209229278e-01 8.200282503216507202e-01 7.727501289958476072e-01 8.010646526924398714e-01 7.777792391403189898e-01 8.342149802436577000e-01 8.034735210511572134e-01 8.558547756374016435e-01 8.681760149154128525e-01 8.497099671474889204e-01 8.866499275443224803e-01 8.773737818542445277e-01 8.889142513900049059e-01 9.008699018771340050e-01 8.791834508659488456e-01 8.668313862357587274e-01 8.983988640584590346e-01 8.954444075840587436e-01 8.994356062401944740e-01 8.680452479253373266e-01 8.964016401899218556e-01 8.772466740270310481e-01 9.034881301823530775e-01 8.780473457526424275e-01 8.755204384585202337e-01 8.605390276470259447e-01 8.959936979453074768e-01 8.917822016347347613e-01 8.954537465673887420e-01 8.974357459892298161e-01 9.081122531591683256e-01 9.006161838046933266e-01 9.051772306412937397e-01 9.088757450722665387e-01 8.711186544620280747e-01 9.021170926962528425e-01 8.873009736086948651e-01 8.535187937978296890e-01 8.681800562357500084e-01 8.713265415588468121e-01 8.560588263703496903e-01 8.685137451237605610e-01 8.608798473296553899e-01 8.579406643997976589e-01 8.940248507626687990e-01 8.879897479642194780e-01 8.865290074007343701e-01 8.661280202866733502e-01 8.823417415004409792e-01 8.744675744035022014e-01 8.741374438773137356e-01 8.873716078260901474e-01 8.808403725864045741e-01 8.671080427075488206e-01 8.892685089683066701e-01 8.871054516729537376e-01 8.892726921867248890e-01 8.950195799938410746e-01 8.913865308687262123e-01 8.867256201351628730e-01 8.957950698110440646e-01 9.034869777170800864e-01 9.040107825338283831e-01 8.966616312342408079e-01 9.006970225068448022e-01 9.014412322071504446e-01 9.059497607545508036e-01 9.016857860348559406e-01 9.046842020584612287e-01 9.089687800064071288e-01 9.138694593074884187e-01 9.061270717543740139e-01 9.150730156798747572e-01 9.105402676089505709e-01 9.138658256183181949e-01 9.002643106054037947e-01 9.044436864093639006e-01 8.918993580076659544e-01 8.910813109425170797e-01 9.006456783662093457e-01 8.954011250691177315e-01 9.031294839886683246e-01 9.011873158504432046e-01 9.051056069143689209e-01 8.975072621637522063e-01 9.062359728732878317e-01
4.847162978222899904e-02 1.166367551208419839e-01 3.041486954412129795e-01 5.584463091303827342e-01 4.689987211098897157e-01 5.001791806019896258e-01 6.938727370887894930e-01 6.821100383438331027e-01 6.989150414601523753e-01 6.149994737959871838e-01 7.306094435464923764e-01 8.103654769660101342e-01 1.000000000000000000e+00 6.831438131028878535e-01 8.144222714819840947e-01 8.203620517249983202e-01 6.958610178679748293e-01 4.871012535804394306e-01 5.603135979110642761e-01 4.997015118116701626e-01 5.042097241255353302e-01 5.856210969142813250e-01 5.661785428302916756e-01 5.796439503105396129e-01 5.873427454707638162e-01 7.404927638602351037e-01 7.576916891609997151e-01 7.270474884052795517e-01 6.822189719270527197e-01 7.221844222483994047e-01 7.489952314084700191e-01 7.552916663843363132e-01 7.016276075636231901e-01 7.453183850138396238e-01 7.302894755814620664e-01 7.649146037793971287e-01 7.556987626404660929e-01 7.656383424245124525e-01 7.928929981578222153e-01 7.613427414997708809e-01 8.127471020370494736e-01 8.016813189344214052e-01 7.982285644283027004e-01 8.181761685974484610e-01 7.995021147275804818e-01 7.872021183068623751e-01 8.204216449105401487e-01 8.201121641179592858e-01 8.155359319598279866e-01 7.788061484273808288e-01 8.027518186872063533e-01 7.909816912210763107e-01 8.230513563243712083e-01 8.134650406132750700e-01 8.062289028033566840e-01 7.940493690730336951e-01 8.188485443952820964e-01 8.163899311674452930e-01 8.080936726645298052e-01 8.281295726347108754e-01 8.288408813465742986e-01 8.204743437093591218e-01 8.194307070695880935e-01 8.271499107460206224e-01 8.010455524857762466e-01 8.324017737847240195e-01 8.137951805817528195e-01 7.830426992628668481e-01 8.020431010902047131e-01 7.895029477931770900e-01 7.797213272715889376e-01 8.000439994874807281e-01 7.940602692643859983e-01 7.887780306931067020e-01 8.218406839672127706e-01 8.137644176370760762e-01 8.050836479822548464e-01 7.918211122239767752e-01 8.052830670257715706e-01 8.004695021247090203e-01 8.017788203625545451e-01 8.101216000240546444e-01 8.118431827448190363e-01 7.963685121600978523e-01 8.138900805475360878e-01 8.172968610282747015e-01 8.148696860476594139e-01 8.136323373597231789e-01 8.131240888251737298e-01 8.162543036797109686e-01 8.144950931031863517e-01 8.219149748858906035e-01 8.247035629735394169e-01 8.167929341042886593e-01 8.218011894575631970e-01 8.242154505330709924e-01 8.206077442771566588e-01 8.261196210293856312e-01 8.243525792580228551e-01 8.256291002295418346e-01 8.292429250602149082e-01 8.253529677542637000e-01 8.342425824710616444e-01 8.298930383588787318e-01 8.358858669230339045e-01 8.278325952138446686e-01 8.257659301757451775e-01 8.186098443833348393e-01 8.186840484313274713e-01 8.248784164394523666e-01 8.157274005886125945e-01 8.288906602049226358e-01 8.229572374744033025e-01 8.274579882387910201e-01 8.239460358740590129e-01 8.340472223756816295e-01
