1.000000000000000000e+00 1.716540750017132855e-01 1.066021754483837958e-01 2.872873267263929831e-02 3.952206263061820019e-02 2.757644834720130236e-02 2.810877977113224527e-02 5.519730995916296429e-02 1.295199538314108501e-01 8.172947867104228548e-02 5.341034471448773135e-02 4.626646104523516462e-02 3.591517391876540566e-02 1.902965544951329066e-02 2.155407063554676608e-02 4.865660907620861925e-02 1.026104312140056485e-01 1.457992880703339045e-01 1.009324735788514199e-01 6.444999471574260064e-02 9.657307952062449408e-02 1.409897896488639391e-01 1.383315733463865993e-01 1.470038315114225169e-01 1.402909984931483278e-01 7.247352530091850931e-02 1.046479271958971474e-01 7.499165721185646616e-02 1.052372931107613402e-01 1.245817245735728468e-01 8.088127810870814061e-02 7.023426430866577808e-02 6.949526279717337107e-02 8.005662548183928306e-02 8.867630403445345144e-02 5.432301354901491325e-02 5.080408432698005350e-02 3.042187892405310429e-02 3.397490274328431731e-02 4.302164224280979020e-03 2.799444500849023604e-02 2.587212329336308070e-02 1.840617498272993299e-02 2.720746445367434874e-02 2.163615777196546686e-02 2.210603665837295589e-02 1.126495969509028021e-02 2.694008029249516864e-02 2.585505120338121160e-02 4.355592797444315240e-02 4.205789716782348808e-02 4.901928497680702740e-02 3.018576680327592077e-02 4.744453654272988430e-02 3.686942796633366909e-02 1.727038856580689549e-02 7.747568311433894461e-02 2.679246045442590027e-02 3.195539435836885350e-02 4.121530677897397577e-02 4.856129733097052509e-02 3.881302053712214206e-02 2.903309824168099143e-02 4.518061462297272984e-02 6.684290014211238806e-02 6.529666110101872700e-02 2.525486586322347668e-02 4.270165701960058902e-02 6.087551170235054598e-02 4.625080459017202189e-02 5.573066423014558929e-02 6.003519252189211397e-02 6.772102103428505326e-02 6.605341198125247448e-02 2.693333140937930609e-02 3.612661739129329613e-02 4.673532704642482938e-02 4.496506841531119902e-02 3.645828888089908820e-02 4.413488725910580390e-02 3.247589569636119555e-02 3.479940681497720179e-02 4.696736982349005579e-02 4.756002963640027642e-02 3.219376650433126985e-02 3.663981317411029587e-02 2.712337016025922337e-02 1.453532835675419750e-02 2.389419988750415835e-02 3.660319387683258485e-02 2.267722580761934170e-02 9.041142384071819763e-03 1.461922675873549536e-02 1.150996703450234658e-02 9.861740555527439070e-03 1.871180475980588689e-02 5.965607096141222962e-03 3.946437728194353983e-02 2.875810933818104959e-02 1.321319520922003242e-02 1.561450563621079139e-02 1.905673867615774106e-02 1.648288662179541245e-02 1.020951203472900831e-02 3.258179258397785744e-02 4.354340342734260710e-02 2.954571546483820976e-02 1.690239102353767800e-02 2.131590695305123073e-02 1.264922492640126357e-02 1.070663337575381707e-02 2.323253606635714008e-02 2.145641368257572221e-02 2.397354416118688269e-02 4.284956466281385212e-02 4.050751087216050011e-02
1.716540750017132855e-01 1.000000000000000000e+00 1.563830029006830213e-01 2.232708737825548906e-01 1.281876068695488313e-01 1.095180858661954360e-01 2.229372309982688427e-01 2.362854669952235698e-01 2.452318076628282884e-01 2.212636844889397936e-01 2.388100254076501727e-01 2.308913909430400924e-01 1.727750467848492566e-01 1.793032648057109324e-01 2.149100468704787936e-01 2.288403640323666832e-01 2.270372581994826722e-01 2.772599243774711009e-01 2.499180859562200041e-01 2.337461055159917311e-01 2.490976070145555221e-01 2.690314270035315536e-01 2.586010601328332936e-01 2.241264193588371756e-01 2.239362373042889931e-01 2.560542896591002093e-01 2.558230329671929981e-01 2.447143418629642020e-01 2.564029168276281689e-01 2.503138147073822317e-01 2.216396066619032434e-01 2.398614890780622899e-01 2.481123906122001954e-01 2.343465525309188779e-01 2.362914562635467786e-01 2.248505185493173408e-01 2.020301299260951478e-01 2.340332698898575647e-01 2.045090429529993759e-01 2.142228408882398127e-01 1.970076949085977636e-01 2.139609097423915418e-01 1.882584354271701066e-01 2.126425808604840151e-01 1.885140233345340421e-01 1.933035722241713827e-01 1.786947902231010299e-01 1.828773107433932232e-01 2.017160089265574163e-01 2.291121095983460476e-01 2.356998781041731716e-01 2.297558518355454493e-01 1.962437886560275957e-01 2.168747255910525307e-01 2.251768699237680915e-01 2.181334231073301377e-01 2.445715555741009017e-01 2.164626218541057245e-01 2.193794090174967515e-01 2.035327320128238471e-01 2.115008136204377387e-01 2.096896797758767694e-01 2.073204271687762723e-01 1.962591905072520737e-01 2.122756644691404238e-01 2.191259523007525190e-01 1.853305602831178955e-01 1.987215411695765210e-01 2.175971458719074825e-01 2.121389856891089942e-01 2.177088414735062483e-01 2.072715659117780607e-01 2.052814157780568083e-01 2.014428555106035634e-01 1.962074925665978631e-01 2.038280733369356168e-01 2.163131040619783452e-01 2.137145510076632615e-01 2.020512251616223831e-01 1.968485712511529317e-01 1.805247139669476364e-01 1.901073576803941345e-01 2.054640572115514208e-01 2.051430832990105702e-01 2.057965916289497821e-01 1.979740038567568139e-01 1.819228113727605067e-01 1.964204119243143365e-01 1.906632384458419038e-01 2.134388986724571613e-01 1.993181410503089834e-01 1.840355338566911358e-01 1.911109792998977597e-01 1.832511844702652548e-01 1.770047994773430722e-01 1.835582488670948198e-01 1.953634592621536215e-01 2.104836228542961707e-01 1.959464954790792468e-01 1.973096122352690496e-01 1.879841220432395821e-01 1.981378897749111467e-01 1.847434610643636232e-01 1.865989212178648937e-01 2.021786938984135862e-01 2.076488397168520517e-01 1.986170381154982456e-01 1.806031109123952816e-01 1.972093585988035358e-01 1.850030455486683101e-01 1.910595477665871234e-01 1.838189962198833183e-01 1.882199348828208219e-01 1.871922361570609317e-01 1.962745359448108406e-01 1.990802910321239627e-01
1.066021754483837958e-01 1.563830029006830213e-01 1.000000000000000000e+00 4.206367836758616030e-01 2.386992761797281926e-01 2.511264926697173161e-01 4.089079761223397003e-01 4.150216112961628845e-01 3.887517667354619677e-01 2.937719853172590656e-01 4.169086686369536388e-01 4.203049719165244946e-01 3.543345755182439327e-01 3.382442117464815046e-01 3.827175119695437333e-01 4.199523308809128830e-01 4.113847880206047969e-01 4.472291859854177209e-01 4.169936186101013131e-01 4.176287095928771231e-01 4.435311319981954936e-01 4.662118796444617574e-01 4.175721866635341284e-01 4.095813955403353468e-01 4.071009906564943548e-01 4.457185566340751692e-01 4.349943604832183786e-01 4.151046508711415117e-01 4.356376030145679978e-01 4.301877069477391680e-01 4.159954307890808556e-01 4.097001524471717282e-01 4.024735054862350614e-01 4.132082431901631936e-01 4.058025923201659113e-01 4.357115486214712119e-01 4.006893424891752042e-01 4.051515307975038227e-01 4.020740978438407387e-01 3.994543084541006817e-01 3.720035761788795803e-01 3.962064913779991260e-01 4.134131165929286200e-01 4.053373039077941553e-01 4.054328712820709502e-01 3.845315490516686419e-01 3.528130420297802550e-01 3.489956543579107451e-01 3.672651653389658599e-01 4.085186677244395104e-01 4.121791792745436167e-01 4.276757647247533267e-01 3.938663005816994689e-01 3.785414027687152294e-01 4.020673357156484551e-01 4.008366527121171585e-01 4.103620052039709254e-01 3.829909673443065987e-01 3.901406378504242989e-01 3.812033492575190863e-01 3.940905399507713680e-01 3.846144181421082830e-01 3.916412953565436839e-01 3.727862009834436163e-01 3.902842084489924757e-01 3.938682900889826644e-01 3.623189357538987854e-01 3.749332941818422360e-01 3.929868480052599589e-01 4.032431705480958861e-01 4.056198916245730701e-01 3.968033342840127653e-01 3.897252500510202111e-01 3.811450050611029927e-01 3.791511032458964037e-01 3.832900947973216232e-01 3.914633763813380463e-01 3.982700805585886461e-01 3.811876054772349587e-01 3.746683376283153621e-01 3.779323411241954922e-01 3.813285172158233371e-01 3.906586678605492025e-01 3.796064682771833620e-01 3.785934661883716967e-01 3.827942598275562713e-01 3.727541626920699569e-01 3.694967267244184117e-01 3.714934887042855571e-01 3.896983467537610824e-01 3.790126696979386756e-01 3.627152942792227774e-01 3.804470360575270549e-01 3.676649908991313498e-01 3.479648697319486783e-01 3.530903018735309096e-01 3.851502576904825004e-01 3.915937077961406665e-01 3.783003160857827396e-01 3.833206889329668354e-01 3.848538423515642237e-01 3.805701924216596810e-01 3.696598626959493594e-01 3.682571444637771085e-01 3.853161042395364388e-01 3.815531119642104896e-01 3.721558454970675389e-01 3.505398788516919661e-01 3.709810617019599355e-01 3.615654372793506433e-01 3.652603477801252829e-01 3.607703010342966921e-01 3.597311025788348937e-01 3.663741624163597277e-01 3.738318170770456028e-01 3.708635896836252055e-01
2.872873267263929831e-02 2.232708737825548906e-01 4.206367836758616030e-01 1.000000000000000000e+00 3.670996034801167762e-01 3.415077981159927445e-01 6.657284801164913279e-01 6.712150003090054939e-01 5.327357702623438662e-01 4.841197847780758234e-01 6.345096175376722103e-01 6.913312082076303877e-01 5.705658121248025072e-01 5.312185983825270519e-01 6.492870348843864381e-01 6.637035334194175684e-01 5.764588351915774789e-01 6.133994236687466683e-01 5.552829700349561914e-01 6.567204547639916568e-01 6.493903601906497736e-01 6.023520656878028623e-01 5.736704345829666263e-01 5.317137882005262828e-01 4.804190092623181751e-01 6.955217395119609458e-01 6.270323288159533881e-01 6.213468419797716358e-01 6.134715538379211797e-01 5.767747067985141696e-01 5.849326253508361217e-01 6.098259091974577162e-01 6.136630357403657365e-01 5.970413205035925985e-01 5.778527706048086632e-01 6.422760813731626106e-01 5.914318226407350165e-01 6.284762511751065261e-01 6.051439532747679984e-01 6.583859778930815088e-01 6.003812259069659651e-01 6.351812820728121034e-01 6.626282327709069886e-01 6.355580469450688996e-01 6.236071951256598744e-01 5.966385665115125914e-01 5.596615616654511127e-01 5.485362660339435648e-01 5.721869058393856955e-01 6.209047638606719488e-01 6.338270352803092589e-01 6.465088629177085933e-01 6.145688128709105857e-01 5.882062079065718541e-01 6.220933402809807333e-01 6.337536778684531580e-01 6.110684111566615506e-01 6.101235719756177289e-01 5.996377982516090110e-01 5.915536390788869170e-01 5.997046393476270776e-01 5.955291419486062887e-01 5.960605450911641290e-01 5.813532841344181135e-01 5.915226004564465567e-01 5.976042317090665135e-01 5.620921627608410631e-01 5.582334902763671503e-01 5.881357889702550912e-01 6.136515806183509003e-01 5.950808747414760846e-01 5.748607432097391223e-01 5.669273488023927055e-01 5.453240085943844573e-01 5.952597406123752988e-01 5.903335058155748660e-01 5.957848284315934162e-01 5.996033517332242102e-01 5.873613109252828757e-01 5.545441665498666017e-01 5.573001823863119597e-01 5.714272760875879209e-01 5.911002816982984243e-01 5.796052956038111326e-01 5.911615650770947195e-01 5.818830456163975873e-01 5.765156540157014842e-01 5.900682108492437683e-01 5.805944745082598502e-01 6.024537170911354877e-01 6.003712088709390882e-01 5.774989528054476073e-01 6.003350307920347628e-01 5.790636534752331421e-01 5.548357953169005263e-01 5.597285505888164314e-01 6.026334566467408393e-01 5.936940210798240525e-01 5.865857113332100248e-01 6.037200643153721735e-01 6.047370045602105115e-01 5.953756153983754684e-01 5.903679977268688761e-01 5.921191644075947114e-01 5.977069049196100936e-01 5.802794614266999496e-01 5.751364912011032171e-01 5.575537519396988051e-01 5.838912678695722391e-01 5.646287670670706582e-01 5.779372343677089408e-01 5.685724618241385642e-01 5.680645598162229470e-01 5.754842058857665421e-01 5.744880453405655230e-01 5.795290623273794406e-01
3.952206263061820019e-02 1.281876068695488313e-01 2.386992761797281926e-01 3.670996034801167762e-01 1.000000000000000000e+00 3.195599918293469122e-01 4.672921781893018545e-01 4.582708970299324558e-01 4.217587491534008914e-01 3.882564706971923796e-01 4.412184035384698055e-01 4.795127072879230568e-01 4.588956694432097527e-01 4.219978106713884181e-01 4.968446010632839860e-01 4.879306209070203293e-01 4.191939758300108898e-01 3.965412964616788494e-01 3.988507308594241851e-01 4.195786079797484414e-01 4.106023245706087454e-01 4.118535553865511067e-01 3.834223811773891932e-01 3.762370627505196019e-01 3.698561589115689219e-01 4.760632328545600367e-01 4.539288807326991027e-01 4.377470343123239238e-01 3.974994967646761079e-01 4.008593829233996209e-01 4.432943593700501284e-01 4.466322926870177623e-01 4.261207965357381999e-01 4.202843196819048277e-01 4.267938633970818074e-01 4.544073566243372331e-01 4.461382911490651137e-01 4.546147844168835217e-01 4.484317288573131388e-01 4.576982842517697825e-01 4.678670986047616664e-01 4.799962246243025255e-01 4.785603252755721293e-01 4.817778847366879780e-01 4.659484765701734643e-01 4.718050408210208158e-01 4.581143017878525070e-01 4.582739181255726657e-01 4.545464945523185474e-01 4.528363970505537850e-01 4.587179981659274541e-01 4.682425756119157900e-01 4.693009472637792445e-01 4.582609937156764124e-01 4.579866815399962765e-01 4.652990053067659337e-01 4.504010739792635443e-01 4.724615998587491372e-01 4.549251553037910178e-01 4.749724748865463697e-01 4.689725476497189072e-01 4.633219705964744528e-01 4.520829847632000242e-01 4.644508723351107315e-01 4.577610523166940060e-01 4.615168492414061241e-01 4.583184573630461611e-01 4.473976245751690728e-01 4.532907250026732004e-01 4.633784927570251400e-01 4.565731289209694621e-01 4.533442652399077843e-01 4.420174258920957500e-01 4.387663782290383563e-01 4.721440820725878451e-01 4.596676981272416751e-01 4.597994297772987071e-01 4.532841514115669157e-01 4.624231191146082054e-01 4.461650780148113671e-01 4.497678804708402645e-01 4.546644671196837795e-01 4.591292874110156630e-01 4.552895687008233216e-01 4.612748427156037612e-01 4.543798183143995528e-01 4.599733983554569750e-01 4.643254720204698094e-01 4.596890394011438619e-01 4.644338682216424541e-01 4.668157485249589400e-01 4.664084614828028497e-01 4.690591578164260422e-01 4.628260884817357868e-01 4.571132130587497455e-01 4.591859736479241283e-01 4.640706462660375009e-01 4.582887278574702128e-01 4.637972588585856926e-01 4.660022422261382302e-01 4.756989388636237992e-01 4.629843459037091824e-01 4.673226941641958621e-01 4.740883026380172671e-01 4.669535524699510720e-01 4.538487945528877354e-01 4.591728522182641492e-01 4.581857591601699586e-01 4.642147917640420673e-01 4.587122854712289421e-01 4.599848741416920905e-01 4.652771067620746215e-01 4.592619014503432351e-01 4.628797406441041429e-01 4.619012867527748090e-01 4.626764656765866568e-01
2.757644834720130236e-02 1.095180858661954360e-01 2.511264926697173161e-01 3.415077981159927445e-01 3.195599918293469122e-01 1.000000000000000000e+00 4.556356404168382945e-01 4.249310148321714942e-01 5.265927026860828253e-01 4.856508759451821922e-01 5.289227036262428294e-01 5.448398822576768774e-01 5.069601897607772800e-01 5.192870816905794662e-01 5.668182570189537195e-01 5.389268892297550684e-01 5.359914622996522215e-01 4.824620513965685031e-01 5.214708020666335431e-01 4.527269348689361705e-01 4.785030829490425908e-01 5.042940591743373391e-01 4.743356417712241702e-01 4.923133807320005384e-01 5.038798831122268673e-01 5.531471325338884748e-01 5.633323122585676135e-01 5.560848449142495875e-01 5.178723212281031163e-01 5.508518579914896129e-01 5.808801956086940832e-01 5.679917968435781450e-01 5.383817257341353413e-01 5.550399399645661314e-01 5.551965529749547379e-01 5.582578991788672562e-01 5.840174102129827016e-01 5.740079400175561730e-01 5.857770769964505408e-01 5.505768794544093625e-01 5.878486451298795545e-01 5.874981744633447356e-01 5.559537242471732643e-01 5.935053015808159360e-01 5.840662425918796696e-01 5.922107267523136764e-01 5.928713584454905483e-01 5.978981131520623160e-01 5.926443886952166284e-01 5.802828474108975287e-01 5.809978318435957689e-01 5.686970003868079271e-01 5.878241210362201707e-01 5.837288582705849604e-01 5.772952811094361758e-01 5.755472707224034146e-01 5.645765622122653760e-01 5.857995534121375192e-01 5.848943521442439009e-01 5.954023126816907485e-01 5.922116308681530938e-01 5.890687897714654842e-01 5.857653770142698946e-01 5.867552495097115850e-01 5.880688777726452710e-01 5.849909206249936933e-01 5.960973624280053729e-01 5.940143803581020565e-01 5.868386485344363468e-01 5.871377014575864806e-01 5.918900507855419102e-01 5.902869892958285680e-01 5.872098616444589858e-01 5.868447910252863053e-01 5.960603033295757136e-01 5.944167240836113475e-01 5.932619374386777222e-01 5.863482912387224522e-01 5.923762920158479606e-01 5.957424130277135799e-01 6.020354328381627429e-01 5.976881784193436298e-01 5.866449473347322696e-01 5.917938176042344400e-01 5.897907501161643307e-01 5.937388529503895285e-01 5.952137004556128375e-01 5.917079616014997434e-01 5.940255412353477871e-01 5.912844686075435785e-01 5.933900011591720647e-01 5.962895974373865204e-01 5.951294173504437790e-01 5.981185501161527807e-01 5.950621687423819361e-01 5.950970724083680663e-01 5.854737941847625304e-01 5.841670845113585697e-01 5.916504423087949327e-01 5.899679269285253991e-01 5.920209854437453734e-01 5.905045341652506163e-01 5.926926084018540042e-01 5.966915273191663038e-01 5.922625569288898495e-01 5.838640719523077172e-01 5.924777551312417900e-01 5.947181580117114619e-01 5.923701062077940671e-01 5.971350100167758246e-01 5.935764561949874452e-01 5.956030036070151246e-01 5.943756218334258490e-01 5.937221753067869479e-01 5.917206006448099131e-01 5.915752610510199849e-01
2.810877977113224527e-02 2.229372309982688427e-01 4.089079761223397003e-01 6.657284801164913279e-01 4.672921781893018545e-01 4.556356404168382945e-01 1.000000000000000000e+00 7.759746814069731213e-01 6.696119791721918402e-01 6.100297928629841993e-01 7.665416067220316432e-01 8.072631235658109805e-01 6.988012845586705213e-01 6.784406747282677452e-01 8.158421880492777722e-01 8.007669052813813915e-01 7.142717820784887373e-01 7.253434945682087909e-01 7.080723546889127196e-01 7.358167841301804790e-01 7.518845971040332143e-01 7.224587581152595028e-01 7.029982389970396151e-01 6.683440822230780620e-01 6.354300913155654928e-01 8.356891590722289598e-01 7.730766334867443801e-01 7.583874661619234292e-01 7.257835557096765644e-01 7.150108376631564289e-01 7.411396296572262399e-01 7.648263862805556590e-01 7.497255563542241097e-01 7.438106321228850071e-01 7.297852950587733201e-01 7.870956605152793495e-01 7.389986817095184346e-01 7.865786947629728187e-01 7.661564321299902947e-01 8.043068940851568760e-01 7.576723418846665892e-01 7.969623274897513765e-01 8.064337317452652254e-01 7.959222367869512871e-01 7.818490495556424946e-01 7.693127182207750714e-01 7.276713746319227738e-01 7.160314820189771501e-01 7.333366759343769026e-01 7.671893110812622041e-01 7.828311601663440200e-01 7.906653232742413273e-01 7.716068397135744661e-01 7.438948846167711126e-01 7.719460876941306449e-01 7.854210659777831616e-01 7.516796120577368123e-01 7.636102135268905133e-01 7.563442794371931788e-01 7.567463181088173174e-01 7.560841037666452547e-01 7.533998290844159396e-01 7.533934702199681643e-01 7.412335705333017444e-01 7.437342071434533963e-01 7.504840082105512789e-01 7.296277981539401880e-01 7.277601547003992311e-01 7.510331155742101528e-01 7.605523868048021940e-01 7.521987620531833674e-01 7.369929022845440603e-01 7.282018918537509489e-01 7.120858837219550264e-01 7.613708694904165464e-01 7.490405699267536077e-01 7.570730504237928038e-01 7.521559113334619351e-01 7.508799133983773411e-01 7.193505250073300994e-01 7.254126008194193842e-01 7.304591263038608950e-01 7.520127543267309811e-01 7.420033761467083044e-01 7.551054367791514288e-01 7.460393525680981686e-01 7.394376702064155982e-01 7.548975711223929741e-01 7.474740047561808653e-01 7.610361720764682314e-01 7.627560684209639952e-01 7.468605071867355782e-01 7.636192000122969947e-01 7.488913184966545789e-01 7.209100849234556518e-01 7.246430269254309220e-01 7.639647065435041240e-01 7.477496148188865766e-01 7.471303340527062353e-01 7.650810707052729809e-01 7.687327335883785695e-01 7.519851046838885722e-01 7.484198531822030542e-01 7.561271846370668515e-01 7.586834706350217283e-01 7.357135714592466513e-01 7.346862941443053074e-01 7.245374904700716545e-01 7.448066224592486684e-01 7.310231198284796728e-01 7.448423346762159669e-01 7.351808883527156668e-01 7.316561564341589330e-01 7.383854670394076614e-01 7.367020052833207489e-01 7.397179981857489039e-01
5.519730995916296429e-02 2.362854669952235698e-01 4.150216112961628845e-01 6.712150003090054939e-01 4.582708970299324558e-01 4.249310148321714942e-01 7.759746814069731213e-01 1.000000000000000000e+00 6.589835006302990905e-01 6.090658851459034295e-01 7.480485833691636888e-01 8.022701606270672414e-01 6.923877552337872610e-01 6.593403943530838918e-01 7.788070947740535210e-01 8.051681648928725732e-01 6.891449609650555086e-01 7.241961154337451800e-01 6.914780363088796067e-01 7.357682953867038522e-01 7.513501021759935172e-01 7.237603172915658689e-01 6.824300036251984558e-01 6.541560960679662085e-01 6.255651634395322791e-01 8.104779483703101750e-01 7.550950945052278263e-01 7.372381043904602249e-01 7.188596622351286491e-01 7.086900048875843794e-01 7.247261510565646825e-01 7.397278217114322540e-01 7.241687281231387052e-01 7.178516711151294860e-01 7.062819825113669792e-01 7.711150488715674545e-01 7.228014572224281675e-01 7.631448399276411498e-01 7.380880417014934469e-01 7.750520329085989202e-01 7.324658108640588194e-01 7.723687641839783735e-01 7.807561930723715404e-01 7.743024122490917982e-01 7.579912507808537203e-01 7.384075299884763632e-01 7.047429725267214673e-01 6.936285693612374015e-01 7.176538943711888718e-01 7.585422854781761481e-01 7.697101910306238803e-01 7.752096638051354516e-01 7.498466168784303498e-01 7.304662530043261048e-01 7.568737116351860195e-01 7.684296266938960285e-01 7.493747961732266649e-01 7.477657899873048075e-01 7.426467530663917183e-01 7.378844376929232229e-01 7.435495722527960538e-01 7.374553092874620575e-01 7.389537047749870080e-01 7.204396593790405312e-01 7.263851451282110627e-01 7.379763306953549540e-01 7.066294162741804108e-01 7.067654509104154270e-01 7.274800523833887533e-01 7.503822728201209324e-01 7.400036531839250253e-01 7.215868573650183748e-01 7.102424476362049210e-01 6.936994122250396133e-01 7.391148526043743727e-01 7.294101870913347607e-01 7.362095500044718577e-01 7.354167561645383877e-01 7.296688062267765451e-01 6.992091465325335209e-01 7.000753901539183977e-01 7.113997068029778159e-01 7.326799625475941546e-01 7.182106145753263116e-01 7.321741151580757334e-01 7.217176705633662204e-01 7.182671221047595145e-01 7.292776685727639929e-01 7.210760416706932796e-01 7.430127672451903864e-01 7.350374999311143354e-01 7.209389331711715254e-01 7.406001055210653661e-01 7.222659735928329550e-01 6.995169249788947274e-01 7.030729028312132645e-01 7.468096979746489117e-01 7.376025347066429427e-01 7.300020966986204840e-01 7.428033535892826222e-01 7.476398401138500960e-01 7.362831509670502150e-01 7.284786834230045915e-01 7.342326629598137089e-01 7.386091599659023732e-01 7.225732612860167325e-01 7.186354401260801605e-01 7.023128768816461198e-01 7.275653446813145075e-01 7.111768416707278107e-01 7.223894595764420723e-01 7.142390568535296191e-01 7.112008358937743635e-01 7.165471904205630294e-01 7.191141860750238646e-01 7.219245882353420019e-01
1.295199538314108501e-01 2.452318076628282884e-01 3.887517667354619677e-01 5.327357702623438662e-01 4.217587491534008914e-01 5.265927026860828253e-01 6.696119791721918402e-01 6.589835006302990905e-01 1.000000000000000000e+00 7.509262071778293191e-01 7.924596597751211169e-01 8.031005440057918943e-01 7.456467671454825030e-01 7.696673010655620262e-01 8.203113169173537056e-01 8.152113898211298393e-01 8.167597319381880716e-01 7.596717172007201313e-01 7.946549552786140724e-01 6.730490113400839913e-01 7.231779334580763496e-01 8.095537082262536099e-01 7.476289170286191110e-01 7.564802173585003509e-01 7.874063490392719800e-01 8.334649186971713197e-01 8.444398384946855129e-01 8.272836845382876003e-01 7.928823206548601954e-01 8.484555611784910800e-01 8.729139154509915066e-01 8.455893845767180617e-01 8.001193563737000192e-01 8.304702325264580187e-01 8.466894554802999462e-01 8.327199445829553959e-01 8.579401431918406429e-01 8.390876039675811970e-01 8.574461911186485041e-01 7.952337932530523235e-01 8.679391846432255031e-01 8.595565173967788519e-01 8.131749321140746556e-01 8.679682580456015151e-01 8.558700785341472050e-01 8.634711155696674911e-01 8.611486838797620669e-01 8.704187293356839827e-01 8.670110254376117709e-01 8.522421420575280182e-01 8.582650971970784415e-01 8.522951323074682284e-01 8.638505340231148466e-01 8.772354477350422508e-01 8.605720986379253867e-01 8.489893246495432422e-01 8.702011602163831627e-01 8.616130155572777616e-01 8.658135912137037149e-01 8.807005076629208506e-01 8.801551053772795896e-01 8.761043698577762884e-01 8.675075193143668706e-01 8.731025265718216355e-01 8.827975005875695613e-01 8.820653280574023425e-01 8.719627466019761464e-01 8.747756356287856860e-01 8.718110486854293573e-01 8.616707867089811179e-01 8.768581407644866488e-01 8.823165010990584589e-01 8.641054478522148807e-01 8.725607880431112129e-01 8.742946919232631453e-01 8.765830105844071296e-01 8.761928903813104297e-01 8.680691606764665558e-01 8.708821479519264219e-01 8.780497687161910036e-01 8.710367696317138364e-01 8.763106609333466412e-01 8.719266257912431373e-01 8.751103319792443713e-01 8.620337338186281340e-01 8.704861009938598126e-01 8.686603141809208228e-01 8.639228578600459674e-01 8.709925864531955497e-01 8.718393191930664532e-01 8.641792540571812120e-01 8.660304405996327448e-01 8.666894516405841964e-01 8.693751574179698904e-01 8.652464115048300597e-01 8.702275789132609685e-01 8.546936523027059973e-01 8.693006921788615227e-01 8.712573282420686960e-01 8.623799438688201091e-01 8.622013220323889726e-01 8.656185713852801999e-01 8.662341991517280571e-01 8.672388810641104007e-01 8.737746307649499888e-01 8.703778498763786731e-01 8.739469027902475595e-01 8.675560341361716610e-01 8.670381070494598275e-01 8.703523813676242726e-01 8.654796113435755389e-01 8.733193839451460772e-01 8.693813020570295702e-01 8.719083024279056238e-01 8.794326097519634677e-01 8.774828238356628951e-01
8.172947867104228548e-02 2.212636844889397936e-01 2.937719853172590656e-01 4.841197847780758234e-01 3.882564706971923796e-01 4.856508759451821922e-01 6.100297928629841993e-01 6.090658851459034295e-01 7.509262071778293191e-01 1.000000000000000000e+00 7.476694581951460750e-01 7.566776557097389944e-01 7.130432854015533728e-01 7.350162236751763833e-01 7.923313793243050851e-01 7.703343449168770229e-01 7.278892936722356488e-01 6.906480317769398969e-01 7.311213884295918453e-01 6.218263848392893145e-01 6.511467028810401514e-01 7.243634640114469114e-01 7.073685078704063933e-01 6.889969124990966698e-01 7.173868991972985887e-01 7.690134850650126586e-01 7.834315747498991067e-01 7.796807809150456681e-01 7.433714273120963778e-01 7.797122617955097867e-01 8.206298354999838063e-01 8.022822627607858470e-01 7.678142087557974227e-01 7.868154411366965473e-01 7.957428093726648388e-01 7.785409352869733235e-01 8.078099284957606097e-01 7.972239543813173235e-01 8.129635238790761109e-01 7.687051938106183036e-01 8.323605115240830798e-01 8.173524831173751837e-01 7.656940308670283635e-01 8.153720212892791031e-01 8.060654139982660338e-01 8.193729621626970605e-01 8.272936238030582645e-01 8.348116104828220418e-01 8.327400509115507887e-01 8.079525774291727025e-01 8.092969012532496009e-01 7.921379749964739814e-01 8.098994416199576385e-01 8.312582054512783758e-01 8.131235983927215250e-01 8.135868383554413219e-01 8.095534161503357140e-01 8.241565211913381983e-01 8.208212187081503908e-01 8.288061307577536674e-01 8.298720619132958776e-01 8.275272107215287942e-01 8.131570215661718670e-01 8.227908581590882564e-01 8.133441795827062171e-01 8.255635270509810164e-01 8.294195604073433259e-01 8.299393823798889569e-01 8.293914225855578692e-01 8.137876135454239490e-01 8.255366697378880847e-01 8.299053765308078701e-01 8.212177348607891947e-01 8.236582418858843235e-01 8.330353705687807420e-01 8.337650042131529160e-01 8.329436186443365253e-01 8.267531107562192672e-01 8.327878988263759386e-01 8.305339500853469170e-01 8.252876253030806408e-01 8.348406131259382690e-01 8.236279997282420773e-01 8.335648278124421218e-01 8.273134939323635306e-01 8.300624464700787630e-01 8.299112943949567001e-01 8.328054125502414307e-01 8.328575270653593154e-01 8.312699759854325077e-01 8.304803767560343664e-01 8.308674039593980654e-01 8.259442808209125353e-01 8.312519437769503305e-01 8.330904356113347786e-01 8.342502877140112183e-01 8.192807906318142486e-01 8.209224193450368467e-01 8.314007742961320169e-01 8.259654101857432096e-01 8.238631580771602625e-01 8.288869457315821698e-01 8.270409948486612262e-01 8.295197266407471348e-01 8.291129853061214305e-01 8.224087298253663914e-01 8.335739442152386713e-01 8.325274866965953757e-01 8.323600979228205077e-01 8.313150114627470000e-01 8.307863511240473064e-01 8.320793406922132318e-01 8.322877835229233190e-01 8.307484863163452360e-01 8.284928043274034648e-01 8.322468528610004190e-01
5.341034471448773135e-02 2.388100254076501727e-01 4.169086686369536388e-01 6.345096175376722103e-01 4.412184035384698055e-01 5.289227036262428294e-01 7.665416067220316432e-01 7.480485833691636888e-01 7.924596597751211169e-01 7.476694581951460750e-01 1.000000000000000000e+00 8.845340075712274652e-01 7.812500402933598709e-01 7.938559113479523033e-01 8.662779453388684825e-01 8.661472904141912510e-01 8.118081737578491941e-01 7.916771255620772552e-01 8.132475073854433800e-01 7.502679352161616411e-01 7.827164996478708225e-01 8.234882743820980400e-01 7.774371758416135370e-01 7.638045906851229638e-01 7.681049143764151488e-01 8.890684284782293112e-01 8.702437520227754852e-01 8.636643902142245866e-01 8.373781091919798580e-01 8.533808067996795366e-01 8.887413552141733009e-01 8.777276443281811780e-01 8.487491078369023834e-01 8.604432587019416045e-01 8.619530778471474752e-01 8.817755557334363559e-01 8.731536226410454571e-01 8.833530251602500494e-01 8.841181174775353258e-01 8.768826897037744761e-01 8.836789520183330193e-01 8.961663005215866340e-01 8.742856058090419102e-01 8.990170320774264479e-01 8.937472391817488093e-01 8.872925000282675390e-01 8.695562930631705045e-01 8.656147540423810849e-01 8.757894039172603451e-01 8.842801740972929814e-01 8.914225068153467380e-01 8.915248499266988924e-01 8.883642126998271271e-01 8.852401972911052574e-01 8.903656825117398643e-01 8.959551803425148675e-01 8.844287757894023771e-01 8.841134384197617546e-01 8.842074497595124871e-01 8.861436855549595926e-01 8.866745916905239833e-01 8.867099657094481557e-01 8.863735483678397697e-01 8.763148263083401224e-01 8.768334974185382213e-01 8.880193485407267273e-01 8.751497772052899693e-01 8.749194991866672266e-01 8.852876725670635327e-01 8.863725553751804487e-01 8.855267316392188004e-01 8.816881654629150633e-01 8.692556749555666595e-01 8.655952314766498512e-01 8.919044473016147778e-01 8.881264732002641660e-01 8.909749303778697893e-01 8.896206494060924230e-01 8.861763328051347477e-01 8.729704758874394788e-01 8.718295362085389799e-01 8.803077296404425711e-01 8.844367374161982154e-01 8.829294607310163023e-01 8.844593692816987707e-01 8.856620155140156880e-01 8.806028671107499761e-01 8.852027648516171965e-01 8.848763716987679828e-01 8.927263790786725828e-01 8.912226033618663168e-01 8.824003342446536946e-01 8.912987728437005153e-01 8.834986205955230876e-01 8.692500195122321305e-01 8.720688153076955329e-01 8.876251459952988476e-01 8.803145815920196959e-01 8.824931179857266050e-01 8.906222443382868503e-01 8.899656370147485118e-01 8.856684219192675345e-01 8.820962868884021368e-01 8.846847326004841916e-01 8.896930430258842559e-01 8.793278508735317134e-01 8.798006508253504165e-01 8.712049877659920893e-01 8.852353721582159052e-01 8.765369949353651879e-01 8.834263184884328934e-01 8.768332715749646011e-01 8.765878665120460100e-01 8.798777162196449453e-01 8.792691956596768721e-01 8.812581326750810184e-01
4.626646104523516462e-02 2.308913909430400924e-01 4.203049719165244946e-01 6.913312082076303877e-01 4.795127072879230568e-01 5.448398822576768774e-01 8.072631235658109805e-01 8.022701606270672414e-01 8.031005440057918943e-01 7.566776557097389944e-01 8.845340075712274652e-01 1.000000000000000000e+00 8.110327483490749056e-01 8.107202603884778869e-01 9.125414978112813547e-01 9.114192696814978900e-01 8.283336939738074056e-01 8.136987982864033464e-01 8.165533676749444636e-01 8.030985017528766701e-01 8.155613491076258992e-01 8.341819496935535261e-01 7.957861413935382044e-01 7.702966378623257171e-01 7.649076476279794701e-01 9.242640082397949319e-01 8.897579277217562144e-01 8.812815094907031632e-01 8.516882566464480941e-01 8.530560448764857862e-01 8.944191766851136149e-01 9.015912916858878079e-01 8.760350465936116438e-01 8.819798558689212475e-01 8.736477607796776512e-01 9.125585533614543055e-01 8.956539879311710139e-01 9.148831044424846626e-01 9.081043171209018938e-01 9.175971649309742073e-01 9.121284495488573008e-01 9.305094022772830709e-01 9.188585238471677075e-01 9.318626101971591025e-01 9.203721591965906557e-01 9.126939263532766189e-01 8.924445841102641719e-01 8.866970652298800104e-01 9.005804550972618117e-01 9.171869115926649663e-01 9.246971954795629722e-01 9.248990686963262098e-01 9.160016141155756797e-01 9.052610842006503233e-01 9.157000652081956904e-01 9.272999754121464822e-01 9.069527930518974657e-01 9.175986865028542550e-01 9.102204179796193895e-01 9.126276781025255413e-01 9.155262016602875308e-01 9.122544671021463047e-01 9.105144607516292288e-01 9.045428761630821546e-01 9.024201403356798545e-01 9.102234484387853319e-01 8.964729126629468192e-01 8.909613799967646131e-01 9.044446890717898757e-01 9.128190944296421527e-01 9.061214234251719901e-01 8.983357461903557217e-01 8.867941766622227107e-01 8.783542304077499585e-01 9.155417746766354448e-01 9.099118275388277111e-01 9.106454247643570588e-01 9.098728677280905064e-01 9.095475460951523150e-01 8.885317273078194855e-01 8.896392175915976974e-01 8.988811436321014758e-01 9.068216990435717939e-01 9.027676479653916619e-01 9.078920886245973598e-01 9.051650504513922835e-01 9.055141260722866514e-01 9.116275004226778167e-01 9.064416543843996088e-01 9.160004468022158175e-01 9.173214885521774331e-01 9.058343670222733790e-01 9.182305545563173022e-01 9.064826409046601308e-01 8.921047898456111458e-01 8.945661833250619921e-01 9.138122202216093504e-01 9.038514801004752242e-01 9.074141715724070023e-01 9.175916519584389475e-01 9.183748743275657045e-01 9.119964401013298527e-01 9.106887037197143320e-01 9.132017856347809381e-01 9.155483550177184737e-01 8.956061054445524361e-01 9.015139074707280153e-01 8.937576240947001649e-01 9.075755233728135529e-01 8.961261773617702486e-01 9.046967655875027825e-01 9.000816280211840770e-01 8.977999781987598960e-01 9.019152281689575279e-01 9.022340121574591310e-01 9.053049759982225719e-01
3.591517391876540566e-02 1.727750467848492566e-01 3.543345755182439327e-01 5.705658121248025072e-01 4.588956694432097527e-01 5.069601897607772800e-01 6.988012845586705213e-01 6.923877552337872610e-01 7.456467671454825030e-01 7.130432854015533728e-01 7.812500402933598709e-01 8.110327483490749056e-01 1.000000000000000000e+00 7.531086780040442408e-01 8.296780364911590100e-01 8.275803032834061490e-01 7.581779161934242284e-01 7.283906916626092798e-01 7.613557633078835707e-01 6.923338501332833017e-01 7.185708960669484613e-01 7.592751801249849608e-01 7.059816915639448576e-01 7.122557643061498966e-01 7.301241655530787966e-01 8.169998763363407468e-01 7.967237170169791938e-01 7.789627171793516158e-01 7.384890209665320171e-01 7.788155356587664890e-01 8.247109434584843912e-01 8.172987172606641648e-01 7.711143690323641886e-01 7.933548191148942497e-01 7.955294076029892913e-01 8.202431563149629179e-01 8.226144645445258030e-01 8.145405341641220875e-01 8.295410088193783116e-01 8.062296392190855254e-01 8.427958282280728630e-01 8.441907421695291625e-01 8.240666748908720418e-01 8.511818754716395929e-01 8.421309133374746958e-01 8.353490912676457825e-01 8.394709732281594450e-01 8.351608681606117468e-01 8.354254079611932449e-01 8.278283620823844169e-01 8.312964874762649448e-01 8.319735011212583409e-01 8.391270903324126174e-01 8.400844809210846753e-01 8.309968789472749195e-01 8.409134605537600393e-01 8.295519691773122206e-01 8.396565187310461864e-01 8.346050204984850618e-01 8.487156129717138286e-01 8.476039985022513212e-01 8.401668955431640384e-01 8.356570894076447154e-01 8.412551659095161005e-01 8.336483452104860303e-01 8.424237168379042906e-01 8.396352081852915816e-01 8.373117920322237229e-01 8.344065589126776761e-01 8.430331472174852347e-01 8.449001431854259447e-01 8.402847935609030205e-01 8.275114983348440534e-01 8.280754112535643197e-01 8.490743696135174545e-01 8.419874309402664014e-01 8.362227244542673743e-01 8.305892550960310983e-01 8.392143042479672799e-01 8.354742899794581623e-01 8.366414431505652116e-01 8.404038813287834087e-01 8.392549768156091217e-01 8.341601678979436718e-01 8.364816533055041692e-01 8.402566202085071101e-01 8.434644450171742136e-01 8.411646888600951000e-01 8.419411799900451410e-01 8.453022313474578553e-01 8.419493342539604575e-01 8.440655499145157670e-01 8.489307410577832114e-01 8.436742773201771906e-01 8.389879167447427122e-01 8.403331470648931489e-01 8.406072453336094208e-01 8.353857269486718584e-01 8.427533279506105313e-01 8.442833684252920579e-01 8.482825913674902907e-01 8.435031005703005347e-01 8.461615889117227729e-01 8.496889954271625855e-01 8.477401345483663864e-01 8.356202063351924059e-01 8.422549628320334936e-01 8.392773377572860793e-01 8.433028134441469259e-01 8.403122865614652826e-01 8.419516130231783357e-01 8.437566166655059430e-01 8.413468069559749685e-01 8.429166723971283082e-01 8.418871925545765578e-01 8.437184850207979370e-01
