1.000000000000000000e+00 9.433860397484038207e-02 9.161360591113029694e-02 1.032008630136117266e-01 -2.018103462954627149e-03 -1.059780789806808766e-02 2.735706945615566654e-02 2.295904397940276565e-02 1.195356556620502941e-01 2.848767854810258654e-02 2.032090754993105472e-02 2.916434094459137774e-02 -5.198393943807635281e-03 -3.043045893628546633e-02 2.657317358306078570e-02 9.796057446068462057e-03 4.101698985192773345e-02 7.623348865827543619e-02 5.034616544870763183e-02 4.258569610414542767e-02 9.514509610025641273e-02 8.624701140617908879e-02 9.747136112491566751e-02 4.063449426190472030e-02 5.969378998864428160e-02 9.525529373956424795e-02 9.485645364227258958e-02 1.260317385349379038e-01 1.568403093129535075e-01 1.090292730745587163e-01 8.741974899834034640e-02 6.085309331930587040e-02 6.101693383490265632e-02 1.818785211724345541e-02 6.354025782633858366e-02 3.264504804844309965e-02 6.062259431904899049e-02 6.087248942819881159e-02 4.034967533792258726e-02 6.213443237914903494e-02 6.432496382903786503e-02 3.061143427524674887e-02 1.574487929375082557e-02 4.744552848850749904e-02 3.503744576412615858e-02 3.875076894499454583e-02 1.578163552032314440e-02 2.274652167095210509e-02 1.279236463755315141e-02 1.684984191053405522e-02 2.561372545483300844e-02 -3.437559835805947123e-02 -5.252106773324072622e-03 3.094823626132384500e-02 3.931536908935952257e-02 7.094989881233663975e-02 2.671160637391806897e-02 2.398576314358968203e-02 3.008999027713453803e-02 2.128292535348018724e-02 4.738412138010851885e-03 2.462724215748053960e-02 9.155702174328631329e-03 2.054174241831961331e-02 1.281222436274611666e-02 1.537344970784605865e-02 2.183502123909891734e-02 2.145101804611048227e-02 3.523108599314766359e-02 2.521491065711764512e-02 3.651854253856672700e-02 2.100480945770259386e-02 2.236273257717109192e-02 2.250884412583665020e-02 3.301487059106484462e-02 4.358320004316481450e-02 4.010387958085231963e-02 7.110700381783795210e-02 4.287690159765685655e-02 4.544406340233696912e-02 3.861634301135592057e-02 3.489142582384555796e-02 3.780532254206384751e-02 3.890588156217956312e-02 2.031616104037197237e-02 1.865274300703771704e-02 2.897432717461142018e-02 1.723081543672259214e-02 1.968177348519558473e-02 5.182154594424717708e-02 3.172259733443807961e-02 2.086624623454262639e-02 1.841586235155017945e-02 2.569726926263774316e-02 7.575099580743771717e-03 1.318003435168668344e-02 2.363098729058403600e-03 1.267506501249632614e-02 3.460946792038004961e-03 1.212773599235445095e-02 5.326726570596917315e-03 5.961555894994534539e-03 4.104671094326632283e-03 1.039589226993062852e-02 2.519634417306200209e-03 2.162916863808430137e-02 1.048946264958251252e-02 2.193253432429119465e-02 1.993498704714027903e-02 1.278731965945047871e-02 1.715803325951827454e-02 9.337535366012526816e-03 9.123798463681491444e-03 7.196828618855333030e-03 1.631958352781969976e-02 1.470536646490751102e-02
9.433860397484038207e-02 1.000000000000000000e+00 3.651546392314617556e-02 -6.617095100293447297e-04 6.065019532392445373e-02 9.330987490840392251e-02 1.004366296895894128e-01 9.656917774900652951e-02 1.706676202259058139e-01 1.725062641519455597e-01 1.223092222734417922e-01 1.114716990813594821e-01 1.070220469442745986e-01 1.224987918051961694e-01 1.354466678960883907e-01 1.458371069387249530e-01 1.162987662951810719e-01 1.242888397964842656e-01 8.535631014676797745e-02 1.280088593796376295e-01 6.520454900585946623e-02 7.528829689364867350e-02 1.127320826267018267e-01 8.072875958048018885e-02 9.185887084976711303e-02 1.755435453905764276e-01 1.421037929253226584e-01 1.815225869940848002e-01 1.626775384753036402e-01 1.659179008055308990e-01 1.651023783809826284e-01 1.483621312652090851e-01 1.479414107706312487e-01 1.218628751776222874e-01 1.432256952658341465e-01 1.129618757231935916e-01 1.311840662387804279e-01 1.486700058403359892e-01 1.463426389208634937e-01 1.487473951216688461e-01 1.456800212228599178e-01 1.404162159105130370e-01 1.274452759801248392e-01 1.411192512406167499e-01 1.276498391597800930e-01 1.531630466158597215e-01 1.335858585046653113e-01 1.370926175269798208e-01 1.443417727522576799e-01 1.141299239006285243e-01 1.259554880279686040e-01 8.361811713225082709e-02 1.139444973097508418e-01 1.490306627819256158e-01 1.503460491361006401e-01 1.573133750715270396e-01 1.218114806470447509e-01 1.409687790784306949e-01 1.396243602688735652e-01 1.285601217711608846e-01 1.287257314149585496e-01 1.363788866232411023e-01 1.297071464385575468e-01 1.330325256962398006e-01 1.223927140347879222e-01 1.303436131542510257e-01 1.382600902246721442e-01 1.335999169822815746e-01 1.447406002848670437e-01 1.324026991963130895e-01 1.203634454521288338e-01 1.255497801957364268e-01 1.304378741380649853e-01 1.226517216682300321e-01 1.528502801019409052e-01 1.481772309513848251e-01 1.553567056609267694e-01 1.519688529324211002e-01 1.487715867539309011e-01 1.488375711705401672e-01 1.408048634181058023e-01 1.519141645400259588e-01 1.382666043235394049e-01 1.368958424943443608e-01 1.385973861763957204e-01 1.299058074741517854e-01 1.357183389993881772e-01 1.400982482016439323e-01 1.434332458228625706e-01 1.504347826233340124e-01 1.434650316269747150e-01 1.389312629177001934e-01 1.369693010504925423e-01 1.407281229254090937e-01 1.364734451535648818e-01 1.426425736294728575e-01 1.252179689915207117e-01 1.162271029834428260e-01 1.335417455947303933e-01 1.328927019002041077e-01 1.337272572315530150e-01 1.264919720781970958e-01 1.291932797000945321e-01 1.328994462903970719e-01 1.248292718168478033e-01 1.238691094140028787e-01 1.395282451593475581e-01 1.462685675979395195e-01 1.469876012903609530e-01 1.398175112431737921e-01 1.427978969939902032e-01 1.334781287403664918e-01 1.360880841794168405e-01 1.305198782002565672e-01 1.283959393354121292e-01 1.300461546716238093e-01
9.161360591113029694e-02 3.651546392314617556e-02 1.000000000000000000e+00 2.831982144424705083e-01 1.376780840782037829e-01 1.553003949926616833e-01 2.592653796560233648e-01 2.190158147028579416e-01 2.829171157642187406e-01 2.216101517334779503e-01 2.541276773023938285e-01 2.859169409271845042e-01 2.287798007962661140e-01 2.166493309231509179e-01 2.851681415582511536e-01 2.756404617981473293e-01 2.630909737357230993e-01 2.738370096040550483e-01 2.886479376769042204e-01 2.554194099501806980e-01 2.801507065048886580e-01 2.824573488601013760e-01 2.940468945959412439e-01 2.661085822795490330e-01 2.839030127249683733e-01 2.813357020648057372e-01 2.888723592141926866e-01 3.039815990239720378e-01 2.815989401780961687e-01 3.058658050563694553e-01 3.020819408799856887e-01 2.878817059248726107e-01 2.934944825938072266e-01 2.941917609875859818e-01 2.917464210075309539e-01 3.089137981411919642e-01 3.091916333731924982e-01 2.877071388213084391e-01 2.937815183706399824e-01 3.035913558122840805e-01 2.952877269570176044e-01 2.889754307179348003e-01 2.885944229780071923e-01 2.912067479143833904e-01 2.916194662806089744e-01 2.899601027607963677e-01 2.761417311231564864e-01 2.760871764023149488e-01 2.767833009774383624e-01 2.895152807052174815e-01 2.858413466523252455e-01 2.755674703486367672e-01 2.744661831917147299e-01 2.734546756748765239e-01 2.794932827607268799e-01 2.926407932036846904e-01 2.787418822390429485e-01 2.822483105153159588e-01 2.765290042856747843e-01 2.772884151083320758e-01 2.759978219754954387e-01 2.780086152319101167e-01 2.678603822869928819e-01 2.795206932922033594e-01 2.754743354168314728e-01 2.728805335955559741e-01 2.817830672070762432e-01 2.896692285588944871e-01 2.865730945067732072e-01 2.835442514417995663e-01 2.935919785528425252e-01 2.916242930415617884e-01 2.856134335653797152e-01 2.855154182097343063e-01 2.854705167071275862e-01 2.903757693788877603e-01 2.879551660726988871e-01 2.893637610580424568e-01 2.926899576498621092e-01 2.939053785224380877e-01 2.984791226561708255e-01 2.894130309388358580e-01 2.923592109494590474e-01 3.024249840297712488e-01 2.891001660346261271e-01 2.926901554613774992e-01 3.004007658329450603e-01 2.867942534534751453e-01 2.879493786017218171e-01 2.910171978561817419e-01 2.923271896186612206e-01 2.882418497769387300e-01 2.877939707005919279e-01 2.916124438533754804e-01 2.783070210498631569e-01 2.762278861126511997e-01 2.870170334121284195e-01 2.855947506804003000e-01 2.787673743799161663e-01 2.854061603772957700e-01 2.855243045419001424e-01 2.814039071959871241e-01 2.789367778535252196e-01 2.827087309646729163e-01 2.858475753527927599e-01 2.824534489548604088e-01 2.774801709771184122e-01 2.782930617012098762e-01 2.811205575238013843e-01 2.811144815500586369e-01 2.809211807070142175e-01 2.775727209395451034e-01 2.750926942515490303e-01 2.803769904274573954e-01 2.847998818139035881e-01 2.786644085317926955e-01
1.032008630136117266e-01 -6.617095100293447297e-04 2.831982144424705083e-01 1.000000000000000000e+00 2.492194361083445164e-01 2.863190327318288486e-01 4.456209682471597988e-01 4.532986179460823939e-01 4.635354091080907679e-01 3.690253571852388226e-01 4.119330126034163597e-01 5.329540708423610162e-01 4.242607401508979859e-01 3.717704222710864759e-01 5.026916594069882338e-01 4.896253709224708817e-01 4.647376554468457543e-01 5.175565914487474384e-01 5.278976702991373671e-01 5.307537166351675717e-01 5.664147843673374982e-01 5.418525536371857632e-01 5.859141650625309117e-01 5.411094249062738948e-01 5.487134520747465327e-01 5.197334094649246339e-01 5.196550931983164867e-01 5.201593455981040615e-01 5.238798337756566115e-01 5.176576612497763019e-01 5.294491865520758456e-01 5.445226397051320388e-01 5.334723911791855455e-01 5.542058091106699669e-01 5.310717456815141624e-01 5.480999258973027199e-01 5.475806206523696762e-01 5.403312345440713926e-01 5.351296444052413559e-01 5.531059653198970860e-01 5.375288534543212204e-01 5.257849851496254612e-01 5.452513842614079564e-01 5.403954367134676806e-01 5.425818665477231129e-01 5.093984119954502177e-01 5.033061556509933476e-01 4.972417180656781288e-01 5.014944506348448794e-01 5.392171393376098409e-01 5.357398214180170148e-01 5.336730152725885912e-01 5.269171457751548049e-01 5.004707257343243842e-01 5.145600980187149398e-01 5.434757854844156633e-01 5.178936516168491933e-01 5.094064229232984076e-01 5.161714108505225385e-01 5.093687486568061473e-01 5.250699308405655241e-01 5.113472981905584636e-01 5.097797299249169356e-01 5.120122783424055912e-01 5.023550159392052850e-01 5.047002536576153942e-01 5.011555647469991825e-01 5.147154933688918854e-01 5.203375926229028003e-01 5.301996408489637602e-01 5.360253123652748419e-01 5.199472804892237843e-01 5.303721106071292990e-01 5.254376905581117363e-01 5.139114372212028048e-01 5.087455774115471341e-01 5.096833365376185476e-01 5.214627409388550294e-01 5.248057246804459508e-01 5.107007003839145742e-01 5.259066598201188603e-01 5.093846300818444250e-01 5.250113964456963878e-01 5.226498133439663185e-01 5.238467152728800702e-01 5.325057990432451316e-01 5.270016405583819452e-01 5.195039477082684654e-01 5.143397424335417467e-01 5.260825170303868870e-01 5.268724872532588588e-01 5.151674563094202908e-01 5.194180046380250104e-01 5.184159430841475125e-01 4.996467272982463292e-01 4.953601376084624808e-01 5.215019777807099466e-01 5.139748675338372541e-01 5.076045477704668185e-01 5.185027280095984015e-01 5.143096751357945084e-01 5.119356128754469770e-01 5.104444552976039606e-01 5.151350546957037535e-01 5.163166565120340668e-01 5.141402921554457661e-01 4.974860478407995834e-01 4.991603748355920023e-01 4.995848476471348443e-01 5.062307452769325700e-01 5.063531905160548741e-01 4.972369794497315532e-01 4.951130109630660914e-01 5.018071807121563532e-01 5.094463127450546969e-01 4.989110745730811480e-01
-2.018103462954627149e-03 6.065019532392445373e-02 1.376780840782037829e-01 2.492194361083445164e-01 1.000000000000000000e+00 2.139705052503400040e-01 3.934261311735295363e-01 3.967089599658608079e-01 3.726182053464953681e-01 3.325311619778589245e-01 3.485566971524695079e-01 4.031087903274276352e-01 3.950382313655692035e-01 3.023931262156485111e-01 4.303044340866625794e-01 4.115372730196033557e-01 3.481963609327660691e-01 3.759728639494027691e-01 3.917517699441538936e-01 4.211592028220073058e-01 4.013196305230883332e-01 3.902433747618859750e-01 3.788688433044271053e-01 4.118589644776166070e-01 4.061467458610737991e-01 3.928972585249408955e-01 3.799441973769890901e-01 3.820962628524836036e-01 3.672927996667336159e-01 3.947137557552366505e-01 4.016867918231991630e-01 3.996804275133223339e-01 3.757399026222076333e-01 4.211464032994358675e-01 3.757381279051009160e-01 4.170978936715311058e-01 4.120945063343090520e-01 4.109530535568836074e-01 4.175140053662174666e-01 3.991461430951602218e-01 4.079136381747577311e-01 4.175413942150905666e-01 4.359887050371754613e-01 4.173964692875686833e-01 4.231302506971538757e-01 4.116565398888296090e-01 4.143237262806357402e-01 4.114504035365119661e-01 4.078335264575775332e-01 4.123164004583209641e-01 4.134283594161440867e-01 4.232333499297510349e-01 4.081898800493615198e-01 4.076296613089933074e-01 4.088338678470708198e-01 4.018034120976365364e-01 4.037870027501173631e-01 4.062729693772427764e-01 4.122540861077307883e-01 4.171323770908809681e-01 4.268486570265593305e-01 4.163854946168522586e-01 4.146870732278706284e-01 4.184871837686827134e-01 4.044948688596258224e-01 4.117707412535214773e-01 4.116911653874515964e-01 4.149190720448392433e-01 4.144192991807044146e-01 4.331664053930822100e-01 4.264844754977118457e-01 4.186597692153604111e-01 4.315430040901701569e-01 4.297396182438845691e-01 4.087339343515613010e-01 4.078079818587647121e-01 4.080645846106593644e-01 4.077187617305439993e-01 4.241992591069047025e-01 4.134182077385459841e-01 4.166793363770821546e-01 4.153864106709219683e-01 4.104938756524224019e-01 4.095777674999477314e-01 4.163164143944337314e-01 4.242824113053685342e-01 4.163636500706385246e-01 4.156118373869939209e-01 4.205137124987815000e-01 4.082707697096190080e-01 4.103793955780916103e-01 4.186869409643154682e-01 4.127078467058804545e-01 4.195250058119545655e-01 4.148965855106355183e-01 4.116238883672067028e-01 4.175996605521798410e-01 4.101908015594125101e-01 4.212033087170249934e-01 4.182226173308108974e-01 4.227825583566209300e-01 4.146979410780141651e-01 4.138624290730417710e-01 4.222918284269933098e-01 4.209880314500798471e-01 4.136948363088208125e-01 4.112791864639587791e-01 4.077150496387116352e-01 4.082981701282537013e-01 4.170948183588363278e-01 4.123238365667449279e-01 4.157259445205839232e-01 4.119158304427031903e-01 4.178006456490312992e-01 4.099933792227046792e-01 4.112317721009972060e-01
-1.059780789806808766e-02 9.330987490840392251e-02 1.553003949926616833e-01 2.863190327318288486e-01 2.139705052503400040e-01 1.000000000000000000e+00 4.305581065804300889e-01 3.689249401969662556e-01 4.235678238417132646e-01 3.856454830127085676e-01 4.176162123968463757e-01 4.485371315475739640e-01 3.900016171414953936e-01 3.706984929010307406e-01 4.774351854721524679e-01 4.484612516104078406e-01 4.379947571800142381e-01 4.266056113044482956e-01 4.257730090279377433e-01 4.025885833210064990e-01 4.225928019935449864e-01 4.340394759048858964e-01 4.260599400672403503e-01 3.800030622453976492e-01 4.110534691308950217e-01 4.635380459203674586e-01 4.547918907451621862e-01 4.547348361628307800e-01 4.354742067249779414e-01 4.499453205088965735e-01 4.693390380963785025e-01 4.832968480810601042e-01 4.600895682591972791e-01 4.713575865361718242e-01 4.787972094907781417e-01 4.766262382141141507e-01 4.672015278043715747e-01 4.849006880146726761e-01 4.833636565554465525e-01 4.787722551106095015e-01 4.845892201819417822e-01 4.924085851377190126e-01 4.767341441445595573e-01 4.851486371268795006e-01 4.865294588372243156e-01 4.819774006349253348e-01 4.893101261878466945e-01 4.905139136919237641e-01 4.882447139838878014e-01 4.875963377535983967e-01 4.876788471119510304e-01 4.740676214533959820e-01 4.758111098903663461e-01 4.865709811245908512e-01 4.876838132734407361e-01 4.830252154910265605e-01 4.792334512830792037e-01 4.843536212850309552e-01 4.841837947647200102e-01 4.881020231162770950e-01 4.865229609602671479e-01 4.871116739199361501e-01 4.818776165039517778e-01 4.877908082866441175e-01 4.767657170309481662e-01 4.808455044666939404e-01 4.900151068456596870e-01 4.890339230948216320e-01 4.881166846010183136e-01 4.770618690613107615e-01 4.853188290131944527e-01 4.871651213896326382e-01 4.729938673509417324e-01 4.737998529379867096e-01 4.866839252239923419e-01 4.871874656192118347e-01 4.893924835447348576e-01 4.833353311196287860e-01 4.867679073892250408e-01 4.848098588615288307e-01 4.852801850317023935e-01 4.884231108438966684e-01 4.929789977195643824e-01 4.931793016392854723e-01 4.925873988394740555e-01 4.908763680255995854e-01 4.895573231197485331e-01 4.944315752660244923e-01 4.893883029185986944e-01 4.873569788459675700e-01 4.936282011016849269e-01 4.922523615660222562e-01 4.919949378380485960e-01 4.901485782742778241e-01 4.914697316161724672e-01 4.914616206379933683e-01 4.973058029650323508e-01 4.888142306309592455e-01 4.908447084005823635e-01 4.943572065511438463e-01 4.930106862358228370e-01 4.921217898751911735e-01 4.937989640004638026e-01 4.929663652742685143e-01 4.921810341141720779e-01 4.881920412195026593e-01 4.916682407160520296e-01 4.882765302658010897e-01 4.894783186285516785e-01 4.919805851763814908e-01 4.892813058464432485e-01 4.894769559026426742e-01 4.887282732775481975e-01 4.907236765403376610e-01 4.867015146796549452e-01 4.854677121625758929e-01
2.735706945615566654e-02 1.004366296895894128e-01 2.592653796560233648e-01 4.456209682471597988e-01 3.934261311735295363e-01 4.305581065804300889e-01 1.000000000000000000e+00 6.330537628869610245e-01 6.271815211629027109e-01 5.811308265416252894e-01 6.379065611897046795e-01 7.063909195805161412e-01 6.477520306321995491e-01 5.583864881151583415e-01 7.712243916052083925e-01 7.372440813921995462e-01 6.595545381191696421e-01 6.354537101539398103e-01 6.557912840812728517e-01 6.768312847404088783e-01 6.451726232262093852e-01 6.585754447780745036e-01 6.582032878744039639e-01 6.145932075391572491e-01 6.525290363277802541e-01 7.259231901624552119e-01 6.965344697033570842e-01 7.042110530837784044e-01 6.705974092514672691e-01 6.881247761751797531e-01 7.170819060612250162e-01 7.335974606816825228e-01 7.016455009432405188e-01 7.421338382444708781e-01 7.054019434407933220e-01 7.387200445008278438e-01 7.327809737948978164e-01 7.498155828458247241e-01 7.494017257421928813e-01 7.530381057491676300e-01 7.474980328032611032e-01 7.491008104270712176e-01 7.542941923016189820e-01 7.483556667074392488e-01 7.516818220326645372e-01 7.452892570690243801e-01 7.532885969893347022e-01 7.464990769732932074e-01 7.550136554822012291e-01 7.517104678912103211e-01 7.603352723934613255e-01 7.469746049266968724e-01 7.415376273899767501e-01 7.420129146436994505e-01 7.447031904379650680e-01 7.428491643828230018e-01 7.423582448576904191e-01 7.496813273296668578e-01 7.518099876412707161e-01 7.497524587765179716e-01 7.617591889296635443e-01 7.483623725328580889e-01 7.507914349077552396e-01 7.525814703081271650e-01 7.375589396626937022e-01 7.425945959165596300e-01 7.463371992785097220e-01 7.429427998991914306e-01 7.465613757925003702e-01 7.462332156102948755e-01 7.398033204174339073e-01 7.447719946397792778e-01 7.374830029536670883e-01 7.324870782871099051e-01 7.541337460905470635e-01 7.478501133065904583e-01 7.516090853103897240e-01 7.443764280256830457e-01 7.545834491564231694e-01 7.405991744499276219e-01 7.461447109079210049e-01 7.519061346303616000e-01 7.501888344235394523e-01 7.508170550085944139e-01 7.565723040822027734e-01 7.569449427934131780e-01 7.578764429668292113e-01 7.627437785929356284e-01 7.559124579784858300e-01 7.504278149523680996e-01 7.610637259158417045e-01 7.601390997126969973e-01 7.573924168197302409e-01 7.603958690060719228e-01 7.565911304627044309e-01 7.524039927930652460e-01 7.653652113361150144e-01 7.500016663343102019e-01 7.603630934402364483e-01 7.609087668874785493e-01 7.636690550202595018e-01 7.591148937430286514e-01 7.570841971176534013e-01 7.589822485835038268e-01 7.612459952434581512e-01 7.502183675042802813e-01 7.537124139903073061e-01 7.468076874737995530e-01 7.511595685900145369e-01 7.555678324232447673e-01 7.551443530608626942e-01 7.537127428444824195e-01 7.512476112200235923e-01 7.562805236194505287e-01 7.475832081130854290e-01 7.472035981871788524e-01
2.295904397940276565e-02 9.656917774900652951e-02 2.190158147028579416e-01 4.532986179460823939e-01 3.967089599658608079e-01 3.689249401969662556e-01 6.330537628869610245e-01 1.000000000000000000e+00 6.263994767986920120e-01 5.953044774814931772e-01 6.210344098323297146e-01 6.945047111448664490e-01 6.395889895675598291e-01 5.523569842729934010e-01 7.160122743961814251e-01 7.262656402076849149e-01 6.487153634933003898e-01 6.395888191361513986e-01 6.549383742145117315e-01 6.811723649858090202e-01 6.471976237910453955e-01 6.545230201435094930e-01 6.469005874857989280e-01 6.420740387012178196e-01 6.636984958980676197e-01 6.898799512020302727e-01 6.737930863362767697e-01 6.616455180015435866e-01 6.301312850130680321e-01 6.773862297722992309e-01 6.930291629556042388e-01 7.093875430271467941e-01 6.552303087276364346e-01 7.216051967199313966e-01 6.774572695112056619e-01 7.152725620360302905e-01 7.031053601676116038e-01 7.230741836637442077e-01 7.311488972064522640e-01 7.048086439216439958e-01 7.198435090168155970e-01 7.193154158138603815e-01 7.401947823895715928e-01 7.256553399460227149e-01 7.208846736545049261e-01 7.222878030228642166e-01 7.291247438205333831e-01 7.264012459793295351e-01 7.265767736228108120e-01 7.297017342619038782e-01 7.391769901166261869e-01 7.198219817828099831e-01 7.271995411002062371e-01 7.239434044041950234e-01 7.235740525781897414e-01 7.137249467908851619e-01 7.172024107667154258e-01 7.264930162224511045e-01 7.323885610683734670e-01 7.304799169539863968e-01 7.472884469898150028e-01 7.330346241368370652e-01 7.357661963442760911e-01 7.359356804907664085e-01 7.206689882125164592e-01 7.292721354293271174e-01 7.242800515047435050e-01 7.235232168850446177e-01 7.260000099617889280e-01 7.378083678581331961e-01 7.286136258050683878e-01 7.267727402520715030e-01 7.294041501597435806e-01 7.290095983761009091e-01 7.305452156092673288e-01 7.192136431859960100e-01 7.193588438619814562e-01 7.102595944962152297e-01 7.292044369304291340e-01 7.230150971695280537e-01 7.261090596915926731e-01 7.269916293002767205e-01 7.220731333283207931e-01 7.185820570443739452e-01 7.287881305208278038e-01 7.324893408832168218e-01 7.271835386601910312e-01 7.341268237335950575e-01 7.361095024806623144e-01 7.253071357112896855e-01 7.275879768064358322e-01 7.314310230355803855e-01 7.317594236945309527e-01 7.367445433689557843e-01 7.325450129692221424e-01 7.285369166675743635e-01 7.326608268927533585e-01 7.236462599167337029e-01 7.393117470691896731e-01 7.346771910808996831e-01 7.377490511898832093e-01 7.330774517743590124e-01 7.290970870371080714e-01 7.379103316264429280e-01 7.334908137320568233e-01 7.268585836944883027e-01 7.268445019042658606e-01 7.257295045058672622e-01 7.263023467210866224e-01 7.338812165561691137e-01 7.310545423978023205e-01 7.316319432538441747e-01 7.289657733870246181e-01 7.308558332148087366e-01 7.243805154875772034e-01 7.255046834434079051e-01
1.195356556620502941e-01 1.706676202259058139e-01 2.829171157642187406e-01 4.635354091080907679e-01 3.726182053464953681e-01 4.235678238417132646e-01 6.271815211629027109e-01 6.263994767986920120e-01 1.000000000000000000e+00 6.833925686946868971e-01 7.201692865460920245e-01 7.566835907725920629e-01 6.759952947844360960e-01 6.076482257976146828e-01 7.844469102688950146e-01 7.818344258040827999e-01 7.518422861234216326e-01 7.711357601612232049e-01 7.703183838946424666e-01 7.276113076248915679e-01 7.454926489464530626e-01 7.651604531210526305e-01 7.564170718280883721e-01 6.983396935653584103e-01 7.505086489745291800e-01 8.150502724842310087e-01 8.064223120996928396e-01 8.126430417927945626e-01 7.797077805638163994e-01 8.420973589311481211e-01 8.470039329557267349e-01 8.273243602080653236e-01 7.856728240160182342e-01 7.936948199996936015e-01 8.104546830758925235e-01 8.023103649680773941e-01 8.259399124491340061e-01 8.144137167931513321e-01 8.271224852832329555e-01 7.915911520285093816e-01 8.289670747152922958e-01 8.196773938541882520e-01 8.028474814517674307e-01 8.339406532188242682e-01 8.226562061056968966e-01 8.332436711176444133e-01 8.218184831565676918e-01 8.329469904283662851e-01 8.214305723862030950e-01 7.913883148938736234e-01 8.127961271505467211e-01 7.618877019242922266e-01 7.962077874498437735e-01 8.379782141632979853e-01 8.364142788351223157e-01 8.366744862431219065e-01 8.087179359375986643e-01 8.259217765413406909e-01 8.185717254321281944e-01 8.306916254748251127e-01 8.177274975098058896e-01 8.253663288831253331e-01 8.037414351670794099e-01 8.234054438251201535e-01 8.205527763209803371e-01 8.215119372204430226e-01 8.297330614200464360e-01 8.355876112579457837e-01 8.392818924620278898e-01 8.249264768898932898e-01 8.370173635199237294e-01 8.359391409940657436e-01 8.259709683791713886e-01 8.281028664918269611e-01 8.376568671789961229e-01 8.385724543488494165e-01 8.357294730234778868e-01 8.312453766334131355e-01 8.389609977658741835e-01 8.488460226505382122e-01 8.404455552700820231e-01 8.427174972989798230e-01 8.391592159248254523e-01 8.346193375817055893e-01 8.284717680644373416e-01 8.302271720543165090e-01 8.364955026182807618e-01 8.272309217018345429e-01 8.339258579527869530e-01 8.397384086357029265e-01 8.283930557818537377e-01 8.312335353148061490e-01 8.311791355313192797e-01 8.344582593343518040e-01 8.263726980436393310e-01 8.307028430876185476e-01 8.093385290280760147e-01 8.158364398294905007e-01 8.214205504906733069e-01 8.245852306984043922e-01 8.222265505267181140e-01 8.182821820335680618e-01 8.212790862811736314e-01 8.276800879025939528e-01 8.215472336704856549e-01 8.228430433276583411e-01 8.278473289403115443e-01 8.374385617809333437e-01 8.358822054427903492e-01 8.286152776950480581e-01 8.312008159563286647e-01 8.293643287965910549e-01 8.239442020492897534e-01 8.253165592840615572e-01 8.325924650471601129e-01 8.289892490899809507e-01
2.848767854810258654e-02 1.725062641519455597e-01 2.216101517334779503e-01 3.690253571852388226e-01 3.325311619778589245e-01 3.856454830127085676e-01 5.811308265416252894e-01 5.953044774814931772e-01 6.833925686946868971e-01 1.000000000000000000e+00 6.536444887370896906e-01 6.984004536113166406e-01 6.407727194369409185e-01 5.897533103506699126e-01 7.457029489690867319e-01 7.296386960786510611e-01 6.954650287327142077e-01 6.591030637738751752e-01 6.719852094921886509e-01 6.470809145804995444e-01 6.347137345017059840e-01 6.525014457499460629e-01 6.298771746948099715e-01 5.865615217020235805e-01 6.356489512452233592e-01 7.376534038088040646e-01 7.184057005709817423e-01 7.177255042060194379e-01 6.799204478166088750e-01 7.428860832415811188e-01 7.602911889382499844e-01 7.524368008972841526e-01 7.091437946975294171e-01 7.282276610389595284e-01 7.347163234134452825e-01 7.266419270191661894e-01 7.314645264400526647e-01 7.560217058281196723e-01 7.678813570423876911e-01 7.248685020579128668e-01 7.662922264589256960e-01 7.644900648597952042e-01 7.461406073087596402e-01 7.676274905712389129e-01 7.534669992247510217e-01 7.761032095969413458e-01 7.798101266176729052e-01 7.871359813095487601e-01 7.789639165041681856e-01 7.450985624107219207e-01 7.668488879843269324e-01 7.162269499028957043e-01 7.522838501278514833e-01 7.885315154443487407e-01 7.818066516306069191e-01 7.603024844840750029e-01 7.635861009792068721e-01 7.793105579783653480e-01 7.739427064940839207e-01 7.839004038483228243e-01 7.734112089777503973e-01 7.815816502984201941e-01 7.689605263974225169e-01 7.811404417870942973e-01 7.666157712536630919e-01 7.783392539947409094e-01 7.824914183831843673e-01 7.753593828683118527e-01 7.751157139784150552e-01 7.642071954552831503e-01 7.661224945904340222e-01 7.754057192826057099e-01 7.509744975985260806e-01 7.569507182749418694e-01 7.814296867555401427e-01 7.784671685098545346e-01 7.794260821890902635e-01 7.616710102486703438e-01 7.733551519005718022e-01 7.827747920281693528e-01 7.765895849325034073e-01 7.851675214373672329e-01 7.766667616313536193e-01 7.708321573658797332e-01 7.744876582757217465e-01 7.698625080165484302e-01 7.736075706659749640e-01 7.796386249007543068e-01 7.836528851341193480e-01 7.725675368233785312e-01 7.704864102499632272e-01 7.829927589131344678e-01 7.807583099557086070e-01 7.813928232020612707e-01 7.857597566804630507e-01 7.894795039925610602e-01 7.639922137170430672e-01 7.665025748253105897e-01 7.814420716251253562e-01 7.757810278074916965e-01 7.759175660145023468e-01 7.751328787329883063e-01 7.746200759658645740e-01 7.794021767916959886e-01 7.747538320648966748e-01 7.735504394795920113e-01 7.861647427912059616e-01 7.868177280124408757e-01 7.869796369337114239e-01 7.831853865039498652e-01 7.828428499496133952e-01 7.863604532921946166e-01 7.838527445086936885e-01 7.820877463000575069e-01 7.797196556550212154e-01 7.839295410898506899e-01
2.032090754993105472e-02 1.223092222734417922e-01 2.541276773023938285e-01 4.119330126034163597e-01 3.485566971524695079e-01 4.176162123968463757e-01 6.379065611897046795e-01 6.210344098323297146e-01 7.201692865460920245e-01 6.536444887370896906e-01 1.000000000000000000e+00 7.570563172782420747e-01 6.707419824112522688e-01 6.181645636158464852e-01 7.792557241140325441e-01 7.617417395120344992e-01 7.343938905326236055e-01 7.265863544390914752e-01 7.433053148290229561e-01 6.991515376097054979e-01 6.998901886146458029e-01 7.306987288408238745e-01 7.093207088535498084e-01 6.584246829193052264e-01 7.095031203555561827e-01 7.830015386927802190e-01 7.624944732401468528e-01 7.691888247301726933e-01 7.101451468251368526e-01 7.872827553395795874e-01 8.128728058081864383e-01 8.113735934499524127e-01 7.768832447450652046e-01 7.955098451922896219e-01 7.958117462319570512e-01 8.054953040994409230e-01 8.133626639748243736e-01 8.009694107562487231e-01 8.165005794589732524e-01 7.949913350069010010e-01 8.168074778528575663e-01 8.187918552644386505e-01 8.041024345502795212e-01 8.194334277271224654e-01 8.201000325928948786e-01 8.190812017862892924e-01 8.230143426262438444e-01 8.260762749293892870e-01 8.190396085279686433e-01 7.959471209254425084e-01 8.121080785687501136e-01 7.817140712931578417e-01 7.890552049883210461e-01 8.224148095691418137e-01 8.196826762880211614e-01 8.139280078163397825e-01 7.930705955587529221e-01 8.171768434692437966e-01 8.100145522216474214e-01 8.198934003085489586e-01 8.186582840976824871e-01 8.112130253707491301e-01 8.005579125501867122e-01 8.131149493935281303e-01 8.170674041954327782e-01 8.083417849403427002e-01 8.270467958940214137e-01 8.265556180477360293e-01 8.266380074406745049e-01 8.094799232423521840e-01 8.179419923264796832e-01 8.252017715675988851e-01 8.074535663632926852e-01 8.092893687970090788e-01 8.291718399177793186e-01 8.272270141386188769e-01 8.289122242419192377e-01 8.094174223928329859e-01 8.241319628815534371e-01 8.264418438115465060e-01 8.274311521135839786e-01 8.295742053501770075e-01 8.256636925693173756e-01 8.283238787375756251e-01 8.287055936593941130e-01 8.256647093775161261e-01 8.311941808221522399e-01 8.286157247507702772e-01 8.309309035297658408e-01 8.266764992731571171e-01 8.324440749964771014e-01 8.302837721463640630e-01 8.304923315699828112e-01 8.299127556717158516e-01 8.279309186453518432e-01 8.286167724917908872e-01 8.182184427595716736e-01 8.094907403798763390e-01 8.234333113215372979e-01 8.276562849010000722e-01 8.302600367835464290e-01 8.204133849238726128e-01 8.172889865614992866e-01 8.274099101173385540e-01 8.242282247914662907e-01 8.104386809566412886e-01 8.242669823511550309e-01 8.299658408712724533e-01 8.286216939061730180e-01 8.262935982012018510e-01 8.257616379700006837e-01 8.252375197563444065e-01 8.206144960508277020e-01 8.244998292618833657e-01 8.249517651996143286e-01 8.190525933449763762e-01
2.916434094459137774e-02 1.114716990813594821e-01 2.859169409271845042e-01 5.329540708423610162e-01 4.031087903274276352e-01 4.485371315475739640e-01 7.063909195805161412e-01 6.945047111448664490e-01 7.566835907725920629e-01 6.984004536113166406e-01 7.570563172782420747e-01 1.000000000000000000e+00 7.464616893583163604e-01 6.675041553195288913e-01 8.539332233108540837e-01 8.404253977401271447e-01 7.884712475083878180e-01 7.890654859835818380e-01 8.132094559539585488e-01 7.980194676769338802e-01 8.137675687424941184e-01 8.148038267181779704e-01 7.924277098739287428e-01 7.632489342065428284e-01 7.978110711768182650e-01 8.420032733637943245e-01 8.295040163639046948e-01 8.239474383638518695e-01 7.808447028356020336e-01 8.469797680645163585e-01 8.686224108707319980e-01 8.788428310292608625e-01 8.290956088759423581e-01 8.761859586636194797e-01 8.510607045183514741e-01 8.735354060646742802e-01 8.687616476468841276e-01 8.765627119980656801e-01 8.868331307987996626e-01 8.617460520419959469e-01 8.811369183393131799e-01 8.844281224265383434e-01 8.851602637017568220e-01 8.924328880011451748e-01 8.872756131981025529e-01 8.797141317751109302e-01 8.906973016112351704e-01 8.880129178626562370e-01 8.880665470985592558e-01 8.873631247513970033e-01 8.965876140503264979e-01 8.775461105448356669e-01 8.817857454404841588e-01 8.852651232507475765e-01 8.854937428462998916e-01 8.784106584388453598e-01 8.776091806916543892e-01 8.870856965359172897e-01 8.860254834493103138e-01 8.931020289492798137e-01 8.979530643902831066e-01 8.888632955733380969e-01 8.818391193250737503e-01 8.913273727578328032e-01 8.826710718496710850e-01 8.867376450335229254e-01 8.893585921378156511e-01 8.907962747067229570e-01 8.921948799699178645e-01 8.902952203391515384e-01 8.953650884022467116e-01 8.941490613563674028e-01 8.860004893621337141e-01 8.842758425352715834e-01 8.881722765211514936e-01 8.870581171867383263e-01 8.871795184241811905e-01 8.775658020121819280e-01 8.918227783130334707e-01 8.874138122775481197e-01 8.921642187792188095e-01 8.923609904010212368e-01 8.931522181952934458e-01 8.887498269583565813e-01 8.961477309582752682e-01 8.991657706893898538e-01 8.949289964021795996e-01 8.959152921823502203e-01 8.961285833712898663e-01 8.887769031662892116e-01 8.922889316367175194e-01 8.961699653676966637e-01 8.955214413906914528e-01 8.987385922184086828e-01 8.930074568076704633e-01 8.908210511786581742e-01 8.939481729651092001e-01 8.898963619326599739e-01 8.948994120990115819e-01 8.979007878398137521e-01 8.948873128739650573e-01 8.951571984055702869e-01 8.915220748904558734e-01 8.992992787414985090e-01 8.983769223202794363e-01 8.893093843800545795e-01 8.914837315271085805e-01 8.888134404785827947e-01 8.894894103094750371e-01 8.931873493257628249e-01 8.916882811146008558e-01 8.941689924099341935e-01 8.891206841909043979e-01 8.943738238324299150e-01 8.946048147606857626e-01 8.891169612780139841e-01
-5.198393943807635281e-03 1.070220469442745986e-01 2.287798007962661140e-01 4.242607401508979859e-01 3.950382313655692035e-01 3.900016171414953936e-01 6.477520306321995491e-01 6.395889895675598291e-01 6.759952947844360960e-01 6.407727194369409185e-01 6.707419824112522688e-01 7.464616893583163604e-01 1.000000000000000000e+00 6.042082301808785472e-01 7.788987399991535998e-01 7.846111603379800625e-01 7.171339327022829835e-01 6.991759929659697725e-01 7.209529253616888678e-01 7.267246041907803322e-01 7.091321373140091477e-01 7.154842861093070328e-01 6.997163783038016227e-01 6.866800737458774728e-01 7.176321202884823336e-01 7.548956303761062969e-01 7.417425629619942562e-01 7.304219564528883213e-01 6.908959808619918874e-01 7.578899794045155236e-01 7.726151543797065147e-01 7.799751499239684360e-01 7.239122177660994861e-01 7.829697504399181218e-01 7.468436083523869451e-01 7.783962528840784323e-01 7.755129834471273798e-01 7.818552845671425944e-01 7.935676535509013085e-01 7.585910938543740656e-01 7.903963803367922702e-01 7.931996392973319487e-01 8.010060310064930356e-01 7.980273393588090958e-01 7.983805552105360803e-01 7.915984067032629801e-01 8.073089470878992424e-01 8.044694824803151345e-01 8.044608750900865690e-01 7.899133328850977964e-01 8.017836364255810366e-01 7.906160364121881390e-01 7.878004667234714820e-01 8.034603349540058170e-01 8.018422790099171138e-01 7.864929196436140080e-01 7.894841253659670155e-01 8.022584753846204730e-01 7.987881626558969161e-01 8.108920093001297236e-01 8.169738329116094100e-01 8.042204370809715730e-01 7.995822320975231046e-01 8.027311142219372142e-01 8.008336757847426268e-01 8.032940672356203571e-01 8.066616936819845929e-01 8.060880963254530851e-01 8.073159136373042610e-01 8.090174956964178987e-01 8.031516590757868945e-01 8.072801359946725208e-01 8.036214060549760063e-01 8.027043918293786939e-01 8.068428513730523388e-01 8.003382645338936729e-01 7.992390510294579142e-01 7.902209730273942467e-01 8.054313501275388587e-01 8.042325214005027201e-01 8.040072530792599093e-01 8.081714275660595304e-01 8.029119999688080211e-01 7.952463598047202487e-01 8.073033357287946465e-01 8.115635460524605049e-01 8.051399783641907115e-01 8.078747294140187218e-01 8.110471874653946145e-01 8.021386323195619505e-01 7.997726873366421962e-01 8.095938592418259194e-01 8.107326935736329787e-01 8.110795956730566525e-01 8.134079940353639016e-01 8.104316354794802724e-01 8.072481219444388456e-01 8.017822097823221750e-01 8.163898375491983606e-01 8.100137906106638086e-01 8.133915887468761152e-01 8.093916148371687047e-01 8.076989823810213354e-01 8.151244649301927492e-01 8.139013152601498602e-01 8.035761139306287770e-01 8.090316849881376005e-01 8.062172697546542421e-01 8.072522312759130569e-01 8.114119471711460641e-01 8.104141431317485322e-01 8.125244323779122757e-01 8.092344632745205324e-01 8.130304892688432483e-01 8.074563135982015805e-01 8.086609627439843573e-01
