1.000000000000000000e+00 2.921363822158044021e-01 2.506006958707811538e-01 4.732156693638710915e-02 1.109266526536469288e-01 1.019503680155264963e-01 2.368719089984605286e-01 1.652879640897269853e-01 2.106708660986675030e-01 9.603505987524799115e-02 7.884761689052093014e-02 1.433194673285448882e-02 4.146862988377684675e-03 5.562192952062158802e-03 1.057996996481451318e-01 1.224367204647719559e-01 2.423935680915094149e-01 3.833027127225891451e-01 3.679432946914495406e-01 2.828820112161071765e-01 1.770459613827520817e-01 2.044077624309871832e-01 3.725620451066971595e-01 3.724848526576336472e-01 3.470740608766629820e-01 2.746804089834783968e-01 2.650828486684432828e-01 2.613779932734850431e-01 2.913340906601033509e-01 3.068978093493900938e-01 2.754279798578109784e-01 2.463569808507194425e-01 2.335567382891916288e-01 2.448176393350889046e-01 2.599326053509188328e-01 2.116186438811081816e-01 2.599669319754723262e-01 1.688405064417800860e-01 1.825033794267746090e-01 1.588168367831048478e-01 1.199027029720148158e-01 1.073918650426587545e-01 1.325325378545860466e-01 9.921195279741816531e-02 1.844064013362033128e-01 1.394984983119743616e-01 1.997855202172722777e-02 3.500827419104794724e-02 5.803486514435107074e-02 6.614978611139958609e-02 1.107773231608842335e-01 6.705028513243473098e-02 6.664677294302402688e-02 9.133836511170786987e-02 1.073295518622117278e-01 1.404430631017512809e-01 1.065873007136020761e-01 6.525986111935364042e-02 8.226047939311321999e-02 4.626924490303466198e-02 5.626260892777093514e-02 4.458927805673543882e-02 6.721765710662283566e-02 8.928053935439191069e-02 8.153252416843595474e-02 8.523865254995724450e-02 7.513142483798304627e-02 1.431269326350764204e-01 1.676588666538373351e-01 1.142526917643283124e-01 7.247510230655672403e-02 1.266077265462600410e-01 1.708980352887760068e-01 1.568743567174099018e-01 1.116781425033215869e-01 1.151872817813516942e-01 1.166092735411494441e-01 1.319874856953396070e-01 1.316041468423281569e-01 1.331719088710243692e-01 1.336617704001609730e-01 1.158480957696801372e-01 1.290537426719056413e-01 1.572365632604769137e-01 1.073026203309292714e-01 1.336075006562398859e-01 1.260945946829087894e-01 9.236817196761719362e-02 8.531482521238244188e-02 1.077370818712966999e-01 1.129123943934361163e-01 5.032593091304771171e-02 6.787082368554890610e-02 6.748204030591500868e-02 1.829781889055800623e-02 2.893592840309982747e-02 6.508130031990494446e-02 7.848001585740642383e-02 2.934469656709657800e-02 6.559090499876218949e-02 5.661937457959226316e-02 5.308115070304551819e-02 3.847119705015596830e-02 2.761861949548957348e-02 6.906210303240596649e-02 7.676123028737413811e-02 6.049325329290718839e-02 4.588264548683872179e-02 7.012283880660968860e-02 4.690331483002450202e-02 5.451046383446961352e-02 2.307083303845607752e-02 2.615938892710440583e-02 4.672768597590352263e-02 5.665401658573529509e-02 5.454080768341946356e-02
2.921363822158044021e-01 1.000000000000000000e+00 2.047833138081708027e-01 4.574181077044735949e-02 1.482965252131754619e-01 1.567194729173486123e-01 2.310213754816681508e-01 1.936559519538869345e-01 2.484635431589203858e-01 2.417036619339558157e-01 1.776412247316181414e-01 1.039110485722228305e-01 1.042527375247302851e-01 9.385013122677651753e-02 1.912737635951196058e-01 2.103692528567382425e-01 2.781908542873834378e-01 3.847847868503183610e-01 3.596880139820372579e-01 2.218309613057876661e-01 1.700976615612681542e-01 2.041975686018537850e-01 3.877325808215584813e-01 3.742931517068234237e-01 3.503090708241700102e-01 3.487830834470314612e-01 3.293641969956337401e-01 3.293834138967023928e-01 3.681104245637782379e-01 3.575777332620388993e-01 3.506909500620254416e-01 3.091080834440139147e-01 3.117534435346310251e-01 3.123259749309765243e-01 3.224518349146827112e-01 2.731306952315132319e-01 3.226884219128745013e-01 2.795024408882302858e-01 2.707534542740241967e-01 2.491922023782127127e-01 2.312736680784734378e-01 2.321328015532671263e-01 2.025660531843924417e-01 1.984742452763230691e-01 2.599355721628324734e-01 2.488755605037060170e-01 1.547491662467382068e-01 1.752150575789870879e-01 1.946633462912715495e-01 1.844628197991219631e-01 2.106548539719004798e-01 1.558141627252896677e-01 1.658876800979196542e-01 2.288019846987991712e-01 2.446458705038415671e-01 2.592671491658294358e-01 2.205110238943447376e-01 1.937294020307276932e-01 2.192913029462957297e-01 1.681439395390943725e-01 1.801186930683577880e-01 1.760797780158703252e-01 1.782204219008410861e-01 2.008031153685026493e-01 1.806889185641011586e-01 1.905330228983593277e-01 1.948112347098553410e-01 2.525852610184550207e-01 2.690655171290450287e-01 1.892763319069667438e-01 1.660951353739013037e-01 2.257832138744165218e-01 2.597821884030025452e-01 2.580737363601023349e-01 2.290748152273275051e-01 2.307800569865509355e-01 2.385098613658080124e-01 2.572891759182249771e-01 2.530103591942958752e-01 2.526837428871477886e-01 2.457709393413550214e-01 2.376535751978335609e-01 2.373801623444901365e-01 2.688841421988719116e-01 2.240191126340262406e-01 2.404484257567175431e-01 2.363713918777601841e-01 2.208369111375447225e-01 2.127360494587296758e-01 2.383645291302996239e-01 2.329367342156226650e-01 1.847192944371090217e-01 1.921845215279142927e-01 1.968789308120860171e-01 1.579812594608968335e-01 1.677282059058321784e-01 1.878919059822317661e-01 1.944224513462217974e-01 1.629923931546888027e-01 1.809591195493359395e-01 1.756129027383631913e-01 1.770060520946095117e-01 1.586117825407796778e-01 1.571209991346736168e-01 1.810727944018606095e-01 2.046087714574512384e-01 1.910799871029075225e-01 1.875129079787291042e-01 2.085084381484069993e-01 1.800480437372815878e-01 1.931719867028085513e-01 1.556532722273039904e-01 1.678914117607906153e-01 1.695793456895156037e-01 1.777440887660951541e-01 1.750647866149105392e-01
2.506006958707811538e-01 2.047833138081708027e-01 1.000000000000000000e+00 2.620430896646852026e-01 2.833076439354507703e-01 3.206753382532248620e-01 4.276889895120668528e-01 3.937046743087226353e-01 4.123559636928255112e-01 3.502151771652018963e-01 4.079607318804109317e-01 3.644084451063841490e-01 3.184647038651256534e-01 3.135265772639696524e-01 4.294479581191351647e-01 4.216052353336815495e-01 4.532953335332023381e-01 5.054229212420834338e-01 5.301296669169368592e-01 4.287680302154552314e-01 3.978101178956697792e-01 4.771022166407075105e-01 5.202911196973595276e-01 5.145541187774360647e-01 5.417986982221306702e-01 5.086378856594314657e-01 5.108135113559861828e-01 5.042995006766342048e-01 5.021953713558727772e-01 5.023518996646061385e-01 5.122302877009548006e-01 4.927228329208500623e-01 4.810638673330832060e-01 4.975606564769989859e-01 4.866006149486428733e-01 4.877814224583062463e-01 5.069565989256407113e-01 4.636004650124413984e-01 4.818737915107093595e-01 4.682315758021544649e-01 4.525912103043226997e-01 4.454526483738897036e-01 4.566933869118151579e-01 4.372849889282466873e-01 4.854670472046529461e-01 4.620770312955478354e-01 3.705708708480384139e-01 3.850600744669017139e-01 3.917033793580169676e-01 4.062005397456862066e-01 4.394627237266403585e-01 4.044730128086288512e-01 4.091393995655704385e-01 4.015396441723240728e-01 4.183103882352354752e-01 4.451885218405793876e-01 4.024728855610832379e-01 4.094999264473528910e-01 4.082809198007044116e-01 3.819280856203637886e-01 3.997019690435822947e-01 3.797149343881077721e-01 4.036455507203815518e-01 4.025398790428363904e-01 4.044810252515494975e-01 3.981669426836537684e-01 4.163513252792589436e-01 4.668120916556390276e-01 4.681740002627319819e-01 4.427124818359022829e-01 4.285647293083585385e-01 4.605585605109728253e-01 4.748206268006226471e-01 4.730854425059628499e-01 4.467704626024884274e-01 4.451033665034434539e-01 4.451959917189927118e-01 4.478482153882430428e-01 4.565447207635916493e-01 4.468990782562292652e-01 4.507158360751929993e-01 4.454519572287667928e-01 4.436312556142874008e-01 4.608630443752179118e-01 4.429344036711884702e-01 4.568832019094863361e-01 4.542337687821306758e-01 4.326271470007420072e-01 4.306276770168763202e-01 4.345093813274832351e-01 4.509492590171798598e-01 4.094055285713041892e-01 4.221055723232020052e-01 4.233950967123658593e-01 3.788150750191354166e-01 3.850270772649356243e-01 4.128266443562437216e-01 3.921727081350835920e-01 3.846030999879364032e-01 4.198081584793643128e-01 4.188258217810953976e-01 4.032113572555521275e-01 3.882154068819955173e-01 3.912614838111523885e-01 4.129581638813650257e-01 3.989416179486278136e-01 3.965615827407038552e-01 3.962702256587121163e-01 4.128758404423504835e-01 4.018980083298925865e-01 4.091429484767613034e-01 3.715172205784524340e-01 3.813217849563607653e-01 3.915418782567228750e-01 3.994063444397889517e-01 3.895101288336021428e-01
4.732156693638710915e-02 4.574181077044735949e-02 2.620430896646852026e-01 1.000000000000000000e+00 4.414672729490709546e-01 4.217138661242241238e-01 6.186854459328535727e-01 6.010379217934108675e-01 4.908168168077032267e-01 3.781545032037660348e-01 5.381071249116967659e-01 6.727422245615937157e-01 5.447426208291519245e-01 4.666698868754798890e-01 6.087163671151091249e-01 6.067994339530546899e-01 4.176596188848870628e-01 1.993488404272040770e-01 3.046872943384758559e-01 4.916520651932558827e-01 5.192859226963004726e-01 6.067792506466929137e-01 1.964123708674007929e-01 2.333526410939811835e-01 3.807213425991055611e-01 3.685372610627126178e-01 4.202914167020016523e-01 3.367879327338356710e-01 2.764172342708193231e-01 3.230410182334045310e-01 4.172575680688468402e-01 3.279857701406899140e-01 2.931193316955175709e-01 3.483195558311425466e-01 3.244066380342499056e-01 4.404078025697281129e-01 4.214496403990977691e-01 4.225890656084340113e-01 4.768191399085007220e-01 4.516321132115719283e-01 5.118434172078727418e-01 5.112031472528629772e-01 5.757855986309456942e-01 5.795906211838990352e-01 5.315230966875483798e-01 5.157345956764292083e-01 5.179703408806060061e-01 4.990442989557128950e-01 4.866471557470108400e-01 4.912058766087663564e-01 5.326850903458748565e-01 5.563136024442253413e-01 5.649862604535500488e-01 4.497849522608848849e-01 4.279715528701390492e-01 4.257947257669145724e-01 4.839761063037899547e-01 5.242005643538505399e-01 4.771686160714088687e-01 5.469314389373681751e-01 5.479769926293265314e-01 5.187861287951565092e-01 5.415653886482779678e-01 5.245832076421474977e-01 5.246989694330547183e-01 5.288201189136013669e-01 4.964831316790755400e-01 4.474700592241332986e-01 4.029460894354748857e-01 5.857589687638934395e-01 5.961601122347049975e-01 5.121853737099597570e-01 4.446678761932603141e-01 4.619539416186522196e-01 4.960066026704089692e-01 4.955105776109401394e-01 4.586124236027164791e-01 4.157925069806606699e-01 4.749477820741114242e-01 4.483773235329200357e-01 4.744205448175922712e-01 4.936638239661161331e-01 4.641834693682032054e-01 4.254866967741847139e-01 4.538762464366973837e-01 4.466442023417094287e-01 4.914952545061690992e-01 4.789460887091571140e-01 4.935123653818515588e-01 4.516352714212123476e-01 4.716183617369974490e-01 5.245115097077769351e-01 5.351304625502532053e-01 5.300861865197330491e-01 5.195178878749702189e-01 5.046724801589188569e-01 4.922085320402619923e-01 5.005820482538579919e-01 5.236620100835530645e-01 5.277439956674857546e-01 5.459965130853553505e-01 5.328775828700388351e-01 5.494320772650138629e-01 5.505919032609509767e-01 5.317125578746761949e-01 4.844163900867877182e-01 4.970390481296116381e-01 4.943661742730989239e-01 4.777522991684715059e-01 5.279304831856770353e-01 5.064284860843886182e-01 5.336740019432992810e-01 5.163019841839833202e-01 5.260271565489237355e-01 5.155661971667802046e-01 5.286167089738668112e-01
1.109266526536469288e-01 1.482965252131754619e-01 2.833076439354507703e-01 4.414672729490709546e-01 1.000000000000000000e+00 3.387099050242136644e-01 5.374868647471939820e-01 5.352400582927082651e-01 4.709943033935729551e-01 3.898156992337748483e-01 4.760983040280223344e-01 5.083602398517310661e-01 4.904048419257802660e-01 3.973273760254872333e-01 5.319741601617116178e-01 5.292467086900207729e-01 4.265966973952814989e-01 3.515693069352062716e-01 4.007832803935394428e-01 4.515428487692635939e-01 4.466312794202517700e-01 5.116896946270762525e-01 3.542025815979326642e-01 3.738847360367102968e-01 4.484897508822636714e-01 4.547928453053870501e-01 4.675130440508855623e-01 4.133045178966843203e-01 3.960739698180095747e-01 4.038053002164353478e-01 4.744995539179012178e-01 4.183079624038653632e-01 3.824443051709559560e-01 4.238332351994106295e-01 4.081543077783306162e-01 4.557439929826261338e-01 4.658128513935971271e-01 4.497515035115295379e-01 4.851217566233447243e-01 4.658560923729728187e-01 4.965995918776704987e-01 4.956411946534295954e-01 5.154678477938147152e-01 5.191718748446250142e-01 5.140008066713467327e-01 5.026915645974346925e-01 4.646122077286855001e-01 4.632021171696329431e-01 4.597827715688526107e-01 4.545644762255193760e-01 4.914791095325019565e-01 4.815666471632379375e-01 4.930746411976911769e-01 4.484918507038374580e-01 4.402538897670457141e-01 4.512277932689813253e-01 4.415362396110188992e-01 4.863963791166510120e-01 4.566142425856759557e-01 4.804618706098969239e-01 4.835936410934240648e-01 4.549033093767337332e-01 4.712570972244050638e-01 4.658710976490663680e-01 4.751800409421680360e-01 4.689664709534289155e-01 4.760999544045670939e-01 4.733069877418507598e-01 4.529042630603350439e-01 5.263840313838455964e-01 5.162870613228375261e-01 4.972386953125790265e-01 4.716363067357634553e-01 4.780127989470041028e-01 4.886381919864394852e-01 4.858188949903753939e-01 4.703933878338570351e-01 4.514891030670555305e-01 4.887770413182621065e-01 4.639466242115372618e-01 4.761916726822716384e-01 4.855366417301363313e-01 4.704083366500859120e-01 4.575624144504738533e-01 4.675643208321311195e-01 4.646749507200230722e-01 4.857329962224500863e-01 4.770084827696668417e-01 4.807518056408849882e-01 4.603657436154375282e-01 4.768437122320139943e-01 4.883889675692716925e-01 4.961706089115787699e-01 4.948570173670043815e-01 4.708901848887836472e-01 4.665052924830386805e-01 4.759366247589387200e-01 4.628965504556262212e-01 4.759800870896698788e-01 4.946403624055889514e-01 4.992645500309452200e-01 4.819262008622996474e-01 4.896161551212164231e-01 4.949276959829367883e-01 4.879384795305634070e-01 4.553901850779338289e-01 4.663022801762775060e-01 4.694430915215105915e-01 4.692502726033495608e-01 4.831850283942707991e-01 4.761628300303402672e-01 4.720982182155838425e-01 4.615114042072322453e-01 4.761836074804807195e-01 4.732938171976548425e-01 4.743587540434240912e-01
1.019503680155264963e-01 1.567194729173486123e-01 3.206753382532248620e-01 4.217138661242241238e-01 3.387099050242136644e-01 1.000000000000000000e+00 5.600556957858433549e-01 5.392392082271985077e-01 5.656666441367678155e-01 5.071922881039927500e-01 5.780667382610411575e-01 5.977799051201893032e-01 5.338781401758936340e-01 4.960807523759152016e-01 6.263472878555198520e-01 6.134201941930080837e-01 5.446555440246246826e-01 4.393986102457733134e-01 5.048698699145359736e-01 4.460409452402556152e-01 4.941662115218267148e-01 5.881001182538433403e-01 4.705466296053115172e-01 4.667173898818164912e-01 5.476405015996788084e-01 5.767557082102097166e-01 5.829405751354516108e-01 5.602535744734067347e-01 5.271218605337081309e-01 5.349437692669509747e-01 5.813553048697425174e-01 5.638411231500314313e-01 5.394117701720989588e-01 5.613423373822721274e-01 5.528697741895421958e-01 5.746595192097245786e-01 5.953879875884676709e-01 6.019408118791463869e-01 6.130192439525765646e-01 5.918119339146303837e-01 6.242537371786285316e-01 6.266664416797655957e-01 6.171717767628877027e-01 6.361509314839087770e-01 6.297755553544145402e-01 6.259429244724167285e-01 6.045465299747997401e-01 6.064806625806627993e-01 6.103950321298736714e-01 6.015759094455308542e-01 6.294662111964124396e-01 5.903582240195898168e-01 6.164483718961497605e-01 5.995500225425166585e-01 6.026161487267747141e-01 6.029514448573091157e-01 6.019860408419410724e-01 6.184275478092701173e-01 6.137075021478910486e-01 6.160297070069463699e-01 6.257071986438753619e-01 6.111353487855873956e-01 6.204034001230427364e-01 6.155501762739405969e-01 6.070233511547524774e-01 6.088219677338481128e-01 6.137854254472555615e-01 6.124725129020357484e-01 6.023429777798422480e-01 6.171188302487876642e-01 6.335346597260309576e-01 6.299850109402274079e-01 6.075232542896853438e-01 6.127201275779378120e-01 6.237892557780007063e-01 6.202393160189617616e-01 6.173199566200253674e-01 5.975183259117394785e-01 6.199306339257443232e-01 6.051071370438741992e-01 6.198509922663278937e-01 6.214768978168789815e-01 6.160536269519942820e-01 6.096376708883666229e-01 6.134616324220746320e-01 6.100821551842358081e-01 6.207785608684167622e-01 6.210868562774565227e-01 6.187198805944688074e-01 6.078276430548928966e-01 6.217144004729562301e-01 6.223283138559115857e-01 6.254944080263172834e-01 6.283471225780631331e-01 6.114206856654862410e-01 6.105549738775111202e-01 6.118848339041876860e-01 6.004911237389185530e-01 6.115411568690479749e-01 6.235451500838449235e-01 6.252065376622469861e-01 6.184121272365352695e-01 6.148474857778973846e-01 6.187624913636737833e-01 6.157509527302396091e-01 6.039916605834450003e-01 6.109838324753092964e-01 6.080187491487767382e-01 6.134633902617830925e-01 6.218021488365229610e-01 6.170079271134235599e-01 6.085389790911265306e-01 6.075379940202220164e-01 6.123244289512809191e-01 6.088829219223682587e-01 6.101153507269826415e-01
2.368719089984605286e-01 2.310213754816681508e-01 4.276889895120668528e-01 6.186854459328535727e-01 5.374868647471939820e-01 5.600556957858433549e-01 1.000000000000000000e+00 7.648119794604189003e-01 7.143715745957933683e-01 6.010626805310661513e-01 7.155725650821573858e-01 7.469325945417796264e-01 6.618053082118835473e-01 6.030190399071945206e-01 8.408612336737069093e-01 8.017127635175252953e-01 6.963849199372184051e-01 5.709367519557629889e-01 6.539163349187795404e-01 6.490193714013435811e-01 6.376984105335294917e-01 7.803953377763460653e-01 6.028514839600230824e-01 5.970964169589966231e-01 7.099687886595432706e-01 7.155002145745068542e-01 7.383848898779146186e-01 7.009678529587339835e-01 6.460550811349987654e-01 6.593630275069264357e-01 7.400984772896650465e-01 6.918656813544700190e-01 6.727976705502336507e-01 6.985034713228550629e-01 6.737796308396505340e-01 7.327559445643805347e-01 7.445522659830083878e-01 7.491142613734010913e-01 7.701755932725965481e-01 7.674322102413593250e-01 7.728404216582164254e-01 7.795380108033141964e-01 8.195606550014273850e-01 7.974035540426024360e-01 8.010217732692719306e-01 7.874894871870314894e-01 6.996545522623772717e-01 7.044305267803334658e-01 7.050275653587817493e-01 7.117235093576577132e-01 7.828426087834928770e-01 7.146940082146693296e-01 7.468804837906179994e-01 6.982491118579587930e-01 6.997883439331994415e-01 7.197343273087115634e-01 7.027929874767070428e-01 7.434112754486339458e-01 7.208639684156468164e-01 7.290024714352481006e-01 7.430808460353011125e-01 7.129527675828047917e-01 7.384933541749306718e-01 7.239129061650740882e-01 7.225994086905180858e-01 7.181410019792214827e-01 7.250994433207644807e-01 7.291842575182837516e-01 7.159327296333138912e-01 7.752971064832987480e-01 7.650076742541188635e-01 7.590759570612269913e-01 7.296712981834855283e-01 7.337569301095170360e-01 7.474484304253447009e-01 7.494322327010873863e-01 7.340558456947331445e-01 6.989734596932444255e-01 7.521513884351981316e-01 7.144042252997100384e-01 7.394105193777851248e-01 7.430461570009725403e-01 7.279552240442452860e-01 7.213327574156805921e-01 7.267547767802033931e-01 7.242822316452620646e-01 7.510835665140169759e-01 7.406162439768742001e-01 7.382967792775113614e-01 7.157177959403412393e-01 7.531901643823758485e-01 7.445803995370647854e-01 7.549145931883296523e-01 7.568579504288683868e-01 7.098048049222063227e-01 7.083580503084577762e-01 7.248681218596613185e-01 6.927509348492573160e-01 7.108275930598143555e-01 7.526636216335552687e-01 7.617783563719292550e-01 7.311101252256606564e-01 7.289195007642409463e-01 7.375160131709925793e-01 7.315454819756777027e-01 6.958228535984533059e-01 7.090967363841229609e-01 7.099784254526725347e-01 7.170620151757622907e-01 7.345735761548997100e-01 7.286304119897440978e-01 7.092166626655744821e-01 7.054873194843866990e-01 7.151879075527998175e-01 7.136490556947872044e-01 7.142189312623000719e-01
1.652879640897269853e-01 1.936559519538869345e-01 3.937046743087226353e-01 6.010379217934108675e-01 5.352400582927082651e-01 5.392392082271985077e-01 7.648119794604189003e-01 1.000000000000000000e+00 7.105421430752010270e-01 6.139450796905275842e-01 7.131609373816862885e-01 7.674523286549833623e-01 6.969046567890857524e-01 6.123611798504795534e-01 8.082803038405946827e-01 8.194463500261964795e-01 6.559033838250807324e-01 5.227735653693756923e-01 5.990337678684166667e-01 6.120905166178096657e-01 6.025711380175131637e-01 7.306673149679201451e-01 5.389891759147868999e-01 5.562599870978942596e-01 6.530337043655213281e-01 6.863960178085926067e-01 6.916141393925733238e-01 6.299694126986982168e-01 6.019899554866436908e-01 6.251010513810048019e-01 7.005773546437982224e-01 6.492089481138116902e-01 6.006312120927599363e-01 6.555258850849660091e-01 6.339890228203253209e-01 6.963082187005344981e-01 7.014194727050355738e-01 7.109928371448802631e-01 7.384608282402446156e-01 6.993153561093169435e-01 7.532089062981093264e-01 7.564466941168945802e-01 7.771323843000510490e-01 7.800573344142806009e-01 7.713189446571750985e-01 7.614536068746455832e-01 7.300342310064459328e-01 7.258149427333125958e-01 7.224363383750184164e-01 7.106651288133877253e-01 7.636255609534519095e-01 7.163149435143894017e-01 7.489600906906374034e-01 7.138416171037870184e-01 7.093967874222667502e-01 7.127271255779867865e-01 7.125721422580501008e-01 7.537640512959316030e-01 7.326817367433291484e-01 7.483657163293218062e-01 7.571396106157968209e-01 7.340727235939784601e-01 7.494540641463874886e-01 7.416187484140553954e-01 7.351755742572685381e-01 7.345668171154419168e-01 7.373031820953882542e-01 7.258393106233600456e-01 7.075357016649771458e-01 7.754022656986411244e-01 7.655095766157190562e-01 7.546227101016095284e-01 7.278634257449320133e-01 7.315446567919356990e-01 7.492515978655518438e-01 7.440886506900504793e-01 7.210827625465808799e-01 7.003469297250267678e-01 7.389308596460864020e-01 7.231349887303725188e-01 7.378415587728555103e-01 7.446022921531818550e-01 7.320577712255252889e-01 7.134721559063068597e-01 7.251743942690409561e-01 7.234565229143472553e-01 7.441219183994165487e-01 7.425627823693553564e-01 7.429821818763850949e-01 7.226157049521371167e-01 7.342470233140725444e-01 7.506450808448278389e-01 7.598687979843194995e-01 7.570190258156795915e-01 7.359829648319402562e-01 7.305559711525931865e-01 7.349148199035991924e-01 7.232786783336785374e-01 7.396954342309502994e-01 7.581527882706911026e-01 7.645473652605562220e-01 7.539092274268837102e-01 7.485480781132921591e-01 7.563533903877355247e-01 7.466051158356270534e-01 7.214605509353729795e-01 7.337945997172750090e-01 7.320117115688932197e-01 7.329792381409145907e-01 7.511316590833654327e-01 7.462795779934633389e-01 7.373238253340622661e-01 7.340021637952873768e-01 7.431550148832809510e-01 7.351679218387928705e-01 7.388132243336064109e-01
2.106708660986675030e-01 2.484635431589203858e-01 4.123559636928255112e-01 4.908168168077032267e-01 4.709943033935729551e-01 5.656666441367678155e-01 7.143715745957933683e-01 7.105421430752010270e-01 1.000000000000000000e+00 7.538472816395710430e-01 8.066673308741222348e-01 8.042177645580959044e-01 7.527073515472770815e-01 6.901908088280396258e-01 8.485444005304912940e-01 8.361654142854746397e-01 7.928960231571956507e-01 6.353258370404868405e-01 6.982866838015839850e-01 6.087325072218582322e-01 6.245544105431448667e-01 7.649102084351100395e-01 6.679210797050961768e-01 6.703150255847388772e-01 7.504883608165741071e-01 8.173517775208368752e-01 8.101858068831663262e-01 7.758504063130474693e-01 7.542514186934369258e-01 7.691829568113779381e-01 8.266897269329126496e-01 7.940533720259052020e-01 7.363002474974034151e-01 7.908981775574815964e-01 7.759292263378367860e-01 8.051183902281132676e-01 8.265581975029741013e-01 8.154998056068365475e-01 8.571021274126122691e-01 7.845944997695499801e-01 8.714416561287872121e-01 8.547143665938987667e-01 8.261706364069645314e-01 8.685750177745821254e-01 8.714137778843442650e-01 8.539308171061239516e-01 8.560781345560332101e-01 8.653672305430065714e-01 8.576979954118989502e-01 8.180838665569022394e-01 8.560544420126383613e-01 8.357238059604114033e-01 8.590484051850212355e-01 8.672764416582231517e-01 8.534466860625046225e-01 8.524498297446644335e-01 8.541095689958645432e-01 8.687917301909198198e-01 8.541403015654763786e-01 8.720217833808713292e-01 8.672742070923692426e-01 8.574316423042932511e-01 8.562463767886709931e-01 8.714537923273601994e-01 8.721366057956060347e-01 8.751294497269579420e-01 8.766452562593002318e-01 8.690575413502363844e-01 8.550290725751941157e-01 8.587891187114505831e-01 8.586845153404473185e-01 8.788756820112536561e-01 8.624458705652526813e-01 8.694936534591789501e-01 8.786487528334814279e-01 8.762485131826360796e-01 8.655173111715926959e-01 8.587347343078570727e-01 8.734542267064931975e-01 8.681058633342803033e-01 8.733374590262119597e-01 8.782681281815928331e-01 8.707979116234493278e-01 8.609844754055063776e-01 8.579479293958313102e-01 8.653664840967467686e-01 8.737442495243686880e-01 8.700786799971640395e-01 8.753036846989453723e-01 8.678862915451851512e-01 8.629080731470685217e-01 8.704478139549832738e-01 8.746769211481009165e-01 8.745644085689655567e-01 8.639489343157271684e-01 8.648336690539376592e-01 8.440196703598742412e-01 8.550209281137104433e-01 8.628233352829669522e-01 8.666486282513305994e-01 8.664538751538541916e-01 8.688086197576324610e-01 8.657443620478111335e-01 8.652871107313491184e-01 8.730178179314214137e-01 8.629664783952223361e-01 8.673108529696785807e-01 8.687656616402854581e-01 8.680370323293079560e-01 8.704532787565441021e-01 8.657284554862251236e-01 8.670141975682095214e-01 8.610530440633429317e-01 8.676895366100217943e-01 8.695640399348593119e-01 8.728041039655157762e-01
9.603505987524799115e-02 2.417036619339558157e-01 3.502151771652018963e-01 3.781545032037660348e-01 3.898156992337748483e-01 5.071922881039927500e-01 6.010626805310661513e-01 6.139450796905275842e-01 7.538472816395710430e-01 1.000000000000000000e+00 7.519800499673092720e-01 7.285868102214507758e-01 6.918122703675566587e-01 6.552663790338559835e-01 7.662955169987076820e-01 7.573325039075866627e-01 7.144529313665122228e-01 5.901681992164456991e-01 6.283151464925577079e-01 5.021984044960594584e-01 5.411722897397286403e-01 6.507966416847056346e-01 6.345385548521124131e-01 6.205531085798089430e-01 6.797646113979989302e-01 7.699349605700539501e-01 7.563454150052689728e-01 7.436065891602025024e-01 7.327245730739875285e-01 7.318143784359553150e-01 7.745130572864572516e-01 7.591244631737078530e-01 7.174073750292954132e-01 7.438790001319002254e-01 7.413924152110782373e-01 7.488991452903059898e-01 7.613069599657282804e-01 7.765451383207767622e-01 7.949137340644125693e-01 7.501120705892452278e-01 8.218163105273951219e-01 8.078775341681472266e-01 7.520703642446432413e-01 7.982520554646044264e-01 7.976742596497268245e-01 8.017629805944365140e-01 8.170434988638629603e-01 8.322712955980954286e-01 8.246708405580510659e-01 7.855465392634258803e-01 7.977472292607311610e-01 7.722385389489426766e-01 7.921002763364344279e-01 8.388400605948559408e-01 8.298299073532620085e-01 8.268599660839646148e-01 8.160268407214591457e-01 8.211753914934950549e-01 8.175049893006745005e-01 8.158055900977847497e-01 8.140635374072084929e-01 8.172623938807781485e-01 8.045068083582189722e-01 8.211911086023149231e-01 8.132621252780916077e-01 8.178181648433899831e-01 8.334182233998684852e-01 8.286566922546969582e-01 8.250479579875967806e-01 7.814743395667016479e-01 7.863000184789189495e-01 8.212954695152859808e-01 8.139981075654079135e-01 8.258218593249885275e-01 8.335705714590270210e-01 8.302546974408417935e-01 8.328149742260624322e-01 8.340985971296778212e-01 8.301670827437813704e-01 8.359644188577251001e-01 8.300006064299585429e-01 8.368702848168327879e-01 8.278712517044484187e-01 8.256456602713645454e-01 8.215443401872922768e-01 8.245484625365201437e-01 8.241114105017099956e-01 8.320800048768883794e-01 8.325760911960689015e-01 8.390423013509890060e-01 8.268684670890719124e-01 8.287316013381406110e-01 8.260540331402861369e-01 8.291180921674773385e-01 8.239348963756092381e-01 8.308391814783049334e-01 8.085294081367885299e-01 8.090336396306996303e-01 8.205561877009144300e-01 8.172737869836181890e-01 8.166027027250846171e-01 8.174243866392318925e-01 8.141737464926783741e-01 8.157533622425678921e-01 8.195562039001113019e-01 8.267488412145326260e-01 8.290740592268722731e-01 8.353453521281496430e-01 8.370442683468410916e-01 8.257438713629766669e-01 8.270897963449866941e-01 8.200846138350931236e-01 8.241307455483278810e-01 8.205004642955253669e-01 8.236124747586578421e-01 8.228934192344143916e-01
7.884761689052093014e-02 1.776412247316181414e-01 4.079607318804109317e-01 5.381071249116967659e-01 4.760983040280223344e-01 5.780667382610411575e-01 7.155725650821573858e-01 7.131609373816862885e-01 8.066673308741222348e-01 7.519800499673092720e-01 1.000000000000000000e+00 8.549792816129164752e-01 7.763942472597844535e-01 7.201550036722927928e-01 8.659063297863272002e-01 8.466093705344447384e-01 7.570890497552760223e-01 5.778491600956617846e-01 6.657961494128360469e-01 5.767218649477223735e-01 6.346796924398336870e-01 7.851252484454637193e-01 6.262794866496553814e-01 6.291282540590170669e-01 7.302725628355840604e-01 7.981059629268840716e-01 8.134596101845656957e-01 7.704664045392036753e-01 7.325358195629128044e-01 7.473981254144261843e-01 8.237443160562905042e-01 7.811597582459895994e-01 7.374090321250454938e-01 7.788834027310459485e-01 7.618030897061806028e-01 8.073337827900038954e-01 8.202983291973724445e-01 8.227845059524716564e-01 8.591351266839529766e-01 8.141439165381457732e-01 8.894354407719041733e-01 8.778702017833261984e-01 8.454576764158291402e-01 8.901721817541498050e-01 8.795117773929356231e-01 8.700218123147845928e-01 8.816937826194642946e-01 8.863162863585519746e-01 8.799827034092554401e-01 8.561290097552900491e-01 8.770684578076104465e-01 8.614098013218819405e-01 8.795954360703058805e-01 8.699548899490868736e-01 8.610347431091065484e-01 8.563668516503689654e-01 8.594027969313587922e-01 8.883518339685675391e-01 8.689948997733828451e-01 8.860327456387531164e-01 8.901694148535225226e-01 8.761270358066057806e-01 8.763168387424440375e-01 8.793931017398253225e-01 8.798519795635798557e-01 8.777930381123335568e-01 8.904313650053654605e-01 8.765762853395889787e-01 8.579011940465979258e-01 8.710360436022016595e-01 8.931859596226445763e-01 8.955395608390542828e-01 8.612003156886263167e-01 8.809081944557407562e-01 8.971781624443001535e-01 8.965091877037684176e-01 8.835027504261430131e-01 8.690266538682641650e-01 8.846497637077679332e-01 8.793594010277419049e-01 8.859794094674021681e-01 8.982774592522599910e-01 8.770734080528690413e-01 8.672023020831806095e-01 8.769688209793732314e-01 8.756871617945481967e-01 8.904268588972875653e-01 8.879399898315804007e-01 8.940962295552163930e-01 8.781657024330696837e-01 8.852063525331551608e-01 8.978200690276163520e-01 8.997275397631177007e-01 9.023287888076221286e-01 8.901371923521209650e-01 8.911477649846323290e-01 8.708290380981417167e-01 8.661172907365538576e-01 8.882377527892676428e-01 8.937414889184639444e-01 8.943018230918713396e-01 8.910111249060012062e-01 8.909711947197346271e-01 8.945918905537401100e-01 8.931212705518003503e-01 8.729980178275565939e-01 8.840660659758432516e-01 8.892966954176459993e-01 8.868706158121525407e-01 8.941641299550978639e-01 8.878139904739620336e-01 8.871449179315629152e-01 8.853245556602735711e-01 8.854295914843527404e-01 8.877714186032787946e-01 8.882193022358163548e-01
1.433194673285448882e-02 1.039110485722228305e-01 3.644084451063841490e-01 6.727422245615937157e-01 5.083602398517310661e-01 5.977799051201893032e-01 7.469325945417796264e-01 7.674523286549833623e-01 8.042177645580959044e-01 7.285868102214507758e-01 8.549792816129164752e-01 1.000000000000000000e+00 8.342056939803165205e-01 7.560569330844693070e-01 8.991578586999640077e-01 8.888016257093941386e-01 7.190757031560245371e-01 4.641320917705705762e-01 5.677083855705300497e-01 5.937504376758228064e-01 6.635146618241065664e-01 8.003131965587312324e-01 5.043228773734185211e-01 5.157020976685605662e-01 6.518268377267588676e-01 7.279269671774339923e-01 7.523708862166839095e-01 6.881336976843388520e-01 6.331499041020558494e-01 6.588673982577355481e-01 7.563309202832324551e-01 6.993793861978138127e-01 6.534405269922239912e-01 7.058158233702033213e-01 6.824358968745743992e-01 7.644733767347896558e-01 7.563832556343262903e-01 7.892376472103769247e-01 8.284245557981851915e-01 7.870461741587027049e-01 8.757329693034071605e-01 8.754300607060327977e-01 8.655043438438412284e-01 9.095843221251194155e-01 8.647673393633027450e-01 8.609675828353776650e-01 9.004004623732265733e-01 8.940778337813805043e-01 8.818633995683694549e-01 8.554657531584516361e-01 8.848053957919101986e-01 8.820951774615712893e-01 9.057828334598445608e-01 8.561079740403723104e-01 8.372958205797073061e-01 8.216313909069101751e-01 8.597257813986243224e-01 8.997660279429623431e-01 8.668784239914756329e-01 9.148789492330984263e-01 9.130667299608621335e-01 8.973480451591967499e-01 8.982724669184872779e-01 8.921744208855869607e-01 8.913001534673378190e-01 8.933090034889209496e-01 8.876932984517647007e-01 8.392515210870804543e-01 8.071574950243438629e-01 8.954678575838317389e-01 9.180099737241691482e-01 8.808977713966231748e-01 8.258270895788640820e-01 8.457864156891583551e-01 8.817756251340393980e-01 8.795946034956995119e-01 8.559677676178314432e-01 8.285091108040677499e-01 8.613443192866749865e-01 8.484873305995219717e-01 8.621828404177019900e-01 8.797851058756612774e-01 8.546602881932984230e-01 8.252522685399323876e-01 8.502895819303847302e-01 8.436798803642544531e-01 8.716463782195024157e-01 8.737483673259582861e-01 8.849468202212612544e-01 8.540969450365026860e-01 8.630048203223117387e-01 9.064306330698436165e-01 9.069003289253806388e-01 9.073951657548819938e-01 9.072419430109855965e-01 8.997203928452480737e-01 8.678238577528627484e-01 8.706507122419459010e-01 9.032890463734543074e-01 9.004047765476308474e-01 9.088295217597222031e-01 9.028485473692550167e-01 9.137695612225686936e-01 9.174418262664487678e-01 9.008951814250566459e-01 8.702105139449459736e-01 8.868815700232169918e-01 8.907269546936124049e-01 8.775383375606877756e-01 9.073427823154192051e-01 8.916179127115426706e-01 9.115116653022463655e-01 9.018576317202325887e-01 9.004117947875457384e-01 8.952796995502522170e-01 9.041706951624746136e-01
4.146862988377684675e-03 1.042527375247302851e-01 3.184647038651256534e-01 5.447426208291519245e-01 4.904048419257802660e-01 5.338781401758936340e-01 6.618053082118835473e-01 6.969046567890857524e-01 7.527073515472770815e-01 6.918122703675566587e-01 7.763942472597844535e-01 8.342056939803165205e-01 1.000000000000000000e+00 6.978379030011161444e-01 8.283744309975529241e-01 8.270031787446945337e-01 6.770057877061120832e-01 4.551034686177505284e-01 5.254653968487158489e-01 5.417948849875565687e-01 5.800252786504985769e-01 7.162918499253874138e-01 4.870491446802336921e-01 4.958564021202049310e-01 6.013002501305348968e-01 6.890985298432028561e-01 6.870210494216182351e-01 6.436213964420552935e-01 6.094834496337058205e-01 6.144376187943346723e-01 6.980937090658675404e-01 6.694342319952251152e-01 6.189028683649829832e-01 6.745151114613195942e-01 6.472008053324478372e-01 7.189543269720126695e-01 7.044436124500369489e-01 7.364907934102663534e-01 7.769352120114696447e-01 7.319162268330677845e-01 8.232726198665061279e-01 8.203350920675560598e-01 8.032748907436573216e-01 8.440101803690179816e-01 8.020832048898950406e-01 8.004548771113202399e-01 8.532523602964989795e-01 8.485778995114950929e-01 8.324895818909103795e-01 8.015718857295727195e-01 8.226565868979278662e-01 8.181741970081291004e-01 8.434224406943031660e-01 8.111696504027813281e-01 7.908463887202396014e-01 7.812531639048206911e-01 7.977859471278468950e-01 8.478902165502247845e-01 8.111208146695949583e-01 8.546846499479658910e-01 8.518609759858302155e-01 8.327942684197271461e-01 8.309329553631521481e-01 8.293534146410880270e-01 8.393571949593925385e-01 8.319679840728038123e-01 8.423240176017356973e-01 7.991858348547838942e-01 7.723265253046065482e-01 8.375523220663014801e-01 8.432525621571490548e-01 8.269004688589872698e-01 7.852200228636926349e-01 7.990348133205215087e-01 8.328488340874602436e-01 8.261332323420080836e-01 8.106139212644521974e-01 7.925080382830901327e-01 8.165357221866819115e-01 8.057648136153711116e-01 8.148959434854342598e-01 8.276573793571534443e-01 8.135950657107222650e-01 7.833328968460316899e-01 8.117558896397765178e-01 8.038402686015867493e-01 8.199708219955803568e-01 8.297859266931570943e-01 8.361888417764061776e-01 8.125204773251614165e-01 8.150244008865351608e-01 8.563594805582794844e-01 8.553899907557117599e-01 8.519242151963470899e-01 8.607320357613540418e-01 8.542350761181163321e-01 8.320393830181673778e-01 8.256361491469997871e-01 8.591427004912860488e-01 8.552181354136086933e-01 8.586515037341064804e-01 8.536590680906602779e-01 8.615912641319856125e-01 8.669640069603725685e-01 8.510142517315611999e-01 8.261774316719122657e-01 8.440916170480845526e-01 8.485643341332858025e-01 8.369904870471531755e-01 8.582308743401250162e-01 8.471441404599986402e-01 8.607010967150353631e-01 8.499244869798173729e-01 8.549881091711832859e-01 8.499556714009042224e-01 8.506685174167548658e-01
