1.000000000000000000e+00 7.783999926613906217e-02 1.134456605063444284e-01 5.141177444893949705e-02 4.647438334383421216e-02 -1.342219289453218736e-02 2.739562486236542249e-02 6.823760037043506699e-02 1.443369106198743035e-01 2.830868584317935283e-02 4.016212452515565551e-02 3.746134661040417813e-02 3.186068976608417286e-02 -2.118927628561192295e-02 6.183989641587499253e-03 2.857046893545280367e-02 8.976712063774128225e-02 6.791910028046059533e-02 7.541604995613591933e-02 5.889539127200874025e-02 9.365334394233057469e-02 9.232498426350484177e-02 3.541388113251093400e-02 4.276364769338156929e-02 6.276809498370138074e-02 5.929764217463191767e-02 6.582001121992843429e-02 4.169088913781740513e-02 6.841152170445433112e-02 6.278577628086233486e-02 3.837752958602676928e-02 4.057036011491518823e-02 3.634621697012362790e-02 3.354598615687975210e-02 4.989800073021768978e-02 3.998631722696507212e-02 1.616496948904619022e-02 5.378006720609709336e-03 1.407004249514684675e-02 -3.077655132512674332e-03 1.649616775346465780e-02 1.236932756185951665e-02 1.865059924908656422e-02 3.333156377201684090e-02 1.907669645447713710e-02 1.473608642229321322e-02 1.407591810912550701e-02 1.802337596903044389e-02 3.246122545698501560e-02 3.602024823247545332e-02 2.159247741604274767e-02 4.610822935410257423e-02 3.341005292429524709e-02 3.484870782581087068e-02 3.311511072472361761e-02 4.555249886201328396e-03 5.509561830595566256e-02 9.893358066394360162e-03 1.389195138656001451e-02 3.173695518770490442e-02 2.101860213843423364e-02 2.382321923234273151e-02 1.808706911967456615e-02 4.264067728316008749e-02 5.379165391492556764e-02 4.541171805010369572e-02 3.113333288539146468e-02 2.477082623118825530e-02 1.954420617600586066e-02 2.733266153378621777e-02 4.000095221295166953e-02 2.848516839114523247e-02 1.609716556363431986e-02 2.055512350578230993e-02 3.079022108559984969e-02 2.884585796617633591e-02 1.840149171739804621e-02 3.362534019285664394e-02 2.288612446753314489e-02 2.538191519872813259e-02 2.633191602788671065e-02 2.047383045919731054e-02 2.290472152764350122e-02 1.963797715489749851e-02 2.030787283409700092e-02 2.030646509740795247e-02 1.290272377475864402e-02 1.739664033112755040e-02 7.915579714760388741e-03 2.109428031221665528e-02 4.434783470326574863e-03 7.746300745391662690e-03 1.324568616202995153e-02 6.688206353024373982e-03 8.418849024991214777e-03 1.698990445185967479e-02 3.745401832579837303e-02 5.947414857749668687e-02 2.298614265847846033e-02 1.987014234573681801e-02 1.924037425571052673e-02 2.708478403710413984e-02 2.155438745593092620e-02 2.150939406324213141e-02 2.552612706855843586e-02 5.531178876247894172e-02 3.553794451146141675e-02 1.149205718474065503e-02 1.814833218431815415e-02 1.653724925972815604e-02 1.276270976419644800e-02 1.994073734003221771e-02 1.936515115617273852e-02 3.371031569934854893e-02 3.214625283321263099e-02 3.228323437952342750e-02
7.783999926613906217e-02 1.000000000000000000e+00 5.089484630066262033e-02 8.190461456637798676e-02 1.267835913551558780e-01 8.245786264784399355e-02 1.690343090259923131e-01 1.380441041464474383e-01 1.858738564838979535e-01 1.884839624137604752e-01 1.419734542223736462e-01 1.401178561652230703e-01 1.413851040963186589e-01 7.933537549770451613e-02 1.588071608905223253e-01 1.647486728170896308e-01 1.528612413733543285e-01 1.702347881690033371e-01 1.735088678927518557e-01 1.048451518389165726e-01 1.519639336321348122e-01 1.633541724428312636e-01 1.773392424442939708e-01 1.905892322260288874e-01 1.866319518529838684e-01 1.852995768871534554e-01 1.648033249407243883e-01 1.735141516071221079e-01 1.988837504565179048e-01 2.001015122303977378e-01 1.689348223271446570e-01 1.900187098108453987e-01 1.706632141463713948e-01 1.757384406874954175e-01 1.768493440579238518e-01 1.428241937648820625e-01 1.567768422808575035e-01 1.758933788392367525e-01 1.622063896649367509e-01 1.562510471655263189e-01 1.647123139276367165e-01 1.614959164135087166e-01 1.458777401244479854e-01 1.499486326049286888e-01 1.524942983921951101e-01 1.590993029675196180e-01 1.626877290191895697e-01 1.706233030232439107e-01 1.697791353563108119e-01 1.635136259444811557e-01 1.625248177394356952e-01 1.490345247922965910e-01 1.538321759896907892e-01 1.772648798910874957e-01 1.799351140571333330e-01 1.772582179277462922e-01 1.701870493396037687e-01 1.631559755502243469e-01 1.723444482042974790e-01 1.653822676045843820e-01 1.646472323945352978e-01 1.684479837108240341e-01 1.683933838809119621e-01 1.611448298514614186e-01 1.679131576002796944e-01 1.746838081537492871e-01 1.706688391571423435e-01 1.740952980167827235e-01 1.792038131625245945e-01 1.597139714934081856e-01 1.692994306829515572e-01 1.753037289168337953e-01 1.825301228114111496e-01 1.800809422801121218e-01 1.700648971781249519e-01 1.709930265119354031e-01 1.687348496007093634e-01 1.754197057007293448e-01 1.788018118822963243e-01 1.759165874761264847e-01 1.707355181073385575e-01 1.641742511647672209e-01 1.758511563599308436e-01 1.707913012768761674e-01 1.662507156666819252e-01 1.721098527799031497e-01 1.603658048597526309e-01 1.667496003393288684e-01 1.607105279587606739e-01 1.692290836096504714e-01 1.575413525377439283e-01 1.595682509149605743e-01 1.564498907887178214e-01 1.581358697009047909e-01 1.638898340572860768e-01 1.671982046612672523e-01 1.548493569664755598e-01 1.582165520164479644e-01 1.605180004890109369e-01 1.616379837936527120e-01 1.518736878530865531e-01 1.626969808386897476e-01 1.600545635488055118e-01 1.546095119203113599e-01 1.625883829364598021e-01 1.689086041575507124e-01 1.663939519249970633e-01 1.724706465919485510e-01 1.742253814616180063e-01 1.639470628639270455e-01 1.652650008425319283e-01 1.616209351501310953e-01 1.655001327659711696e-01 1.598706600280636603e-01 1.652241714547097451e-01 1.691494085539737569e-01
1.134456605063444284e-01 5.089484630066262033e-02 1.000000000000000000e+00 3.373406526909695224e-01 1.795019249039654929e-01 2.247980504194104501e-01 3.114491739399450898e-01 3.010102351860402536e-01 3.170240231068157111e-01 2.496606450086994722e-01 3.447926227831236146e-01 3.534623236667744917e-01 3.032185015080380297e-01 2.160360885455835100e-01 3.070127704407584757e-01 3.410579796965003130e-01 3.196408049536994533e-01 3.573046113327655871e-01 3.344918888883184893e-01 3.280440453956467439e-01 3.412190582456215981e-01 3.319588129469227544e-01 3.218589670769010924e-01 3.078302699296820988e-01 3.088180044606881336e-01 3.435629958345532975e-01 3.687170396746221046e-01 3.564093911010634552e-01 3.528642078039581631e-01 3.399061826168767175e-01 3.529957262132296103e-01 3.469810690353429261e-01 3.363067509512408515e-01 3.413409339593673208e-01 3.414211141653118453e-01 3.531355453057872240e-01 3.502175661492556435e-01 3.420132846148444261e-01 3.465887045605083872e-01 3.496732196574020568e-01 3.480629127563695802e-01 3.406224801148980408e-01 3.429129403440496771e-01 3.536820606083772023e-01 3.509720513522315843e-01 3.366291775572400335e-01 3.296100920718611493e-01 3.226756845138071816e-01 3.364563745700777098e-01 3.425851153322250764e-01 3.415625765288691218e-01 3.608031386241689620e-01 3.484370267774589136e-01 3.246743855770693465e-01 3.376401405995318461e-01 3.308580756250732446e-01 3.453333988520509990e-01 3.275657123260524717e-01 3.276053751945138814e-01 3.328123904654424758e-01 3.365228841326791120e-01 3.369758271645789671e-01 3.338032988809940260e-01 3.440342406852516244e-01 3.381347493556239314e-01 3.410843862865396425e-01 3.419521515112136645e-01 3.506628370090034696e-01 3.508991662982943183e-01 3.599139417137635633e-01 3.500839131845784324e-01 3.433715622292034531e-01 3.484412311980384924e-01 3.361668390950206531e-01 3.510362546940797857e-01 3.528809851342690762e-01 3.497691074096817010e-01 3.487855338464205257e-01 3.448157343142367326e-01 3.381422495937192463e-01 3.503805063238860651e-01 3.518405187301036352e-01 3.500371582804172044e-01 3.432199323004897495e-01 3.478327167307416756e-01 3.471743841075198289e-01 3.555883497972433527e-01 3.470770483825540986e-01 3.406474371057578443e-01 3.509240228303405762e-01 3.521121551996173604e-01 3.418202212371296289e-01 3.484216262318988178e-01 3.383067490654120824e-01 3.291920455939737478e-01 3.321564115251946503e-01 3.552288838427862805e-01 3.528901312492383480e-01 3.421068819221704804e-01 3.457956408575446061e-01 3.446629720086252791e-01 3.442382989497249079e-01 3.386452123289901417e-01 3.401891045692878590e-01 3.481734826997983090e-01 3.466282345433458478e-01 3.398849566942100942e-01 3.267833115638831276e-01 3.364562164561233915e-01 3.377091803386205182e-01 3.385311257807600005e-01 3.332123188684725790e-01 3.379306308673540316e-01 3.422427213256076239e-01 3.382624100935739953e-01 3.386788864464837512e-01
5.141177444893949705e-02 8.190461456637798676e-02 3.373406526909695224e-01 1.000000000000000000e+00 3.719976373589076180e-01 3.931300523594702390e-01 5.560249847598075501e-01 5.248610558832023099e-01 5.314277054618483653e-01 4.502384354322797044e-01 5.911974722578313690e-01 6.482951945843865582e-01 5.310239347852571123e-01 4.102515536063541801e-01 5.734364009653868388e-01 5.852945847979847960e-01 5.446266769821033193e-01 5.552844705728946506e-01 5.724551577566534544e-01 5.782159893062672751e-01 5.642939188674221951e-01 5.846210236422305639e-01 5.054610233257234020e-01 4.840951009932856208e-01 5.395714622858943654e-01 5.808111848873469540e-01 6.245017211553897107e-01 6.118478104071977119e-01 5.808597179082777284e-01 5.778539977667348504e-01 6.140222165600711657e-01 5.882175969499476853e-01 5.748203026146548877e-01 5.744387354473637908e-01 5.658086802654640479e-01 6.036794307778063917e-01 6.058730114036937620e-01 5.860831510684755274e-01 6.055776374585334354e-01 6.023452210508402072e-01 5.947342360030151154e-01 6.036421412286820942e-01 5.978884958774755010e-01 6.061312799677405216e-01 6.249086229347391441e-01 5.992064423137377638e-01 5.762395129829399609e-01 5.673464727860860757e-01 5.766833276960303678e-01 5.862377294126616123e-01 5.923058582943382389e-01 6.191674845737721311e-01 5.975082871827198661e-01 5.525262083128372748e-01 5.625072959078636359e-01 5.590009761746080885e-01 5.617466408557586499e-01 5.697273020143459599e-01 5.536018331950992577e-01 5.776401357789664459e-01 5.796682303210698439e-01 5.634742467301558921e-01 5.541618363169580341e-01 5.819420852612445794e-01 5.830401896575179155e-01 5.797634287352297910e-01 5.895751437284013630e-01 5.901184026084329570e-01 5.970727127475476959e-01 6.258456373010199414e-01 6.012328239907229754e-01 5.969320048909259047e-01 5.748313911232847406e-01 5.828637055831804581e-01 5.979831192993927402e-01 6.038158391028101146e-01 6.016556397663578304e-01 6.022374014040796641e-01 6.070525320087817311e-01 5.792447138990870492e-01 5.916095583466456365e-01 6.085361140944592906e-01 5.990727035418413893e-01 5.885825126723692735e-01 5.996429937169032165e-01 5.930306099954391064e-01 6.082303523323013827e-01 5.948389340283426474e-01 5.958787774624610956e-01 5.935593410710940931e-01 6.164233622840165072e-01 5.930987860349223872e-01 6.061441228498474221e-01 5.958169200400313947e-01 5.723274382608442012e-01 5.755207419643058042e-01 6.014621726391858880e-01 5.906392030358570411e-01 5.904586816207856304e-01 5.989263659364748582e-01 5.975926421720458848e-01 5.843645803748316325e-01 5.925886885957274419e-01 5.927024075816204052e-01 6.042664549672466245e-01 5.745492199236731379e-01 5.815682747449605339e-01 5.704917501345897479e-01 5.788548399707723613e-01 5.799993428457694833e-01 5.822037881095759593e-01 5.782820955398798590e-01 5.764395479974051550e-01 5.876462376204579785e-01 5.849385452055468892e-01 5.846862289994760875e-01
4.647438334383421216e-02 1.267835913551558780e-01 1.795019249039654929e-01 3.719976373589076180e-01 1.000000000000000000e+00 3.050773853690924020e-01 4.861237946634975882e-01 4.509699769597799168e-01 4.403940521320960366e-01 4.095734134527030390e-01 4.600411206372411188e-01 5.038891211998113295e-01 4.624903659200284012e-01 3.364221284826560132e-01 5.081845862775213885e-01 5.058050046845327108e-01 4.329056142513838523e-01 4.038119286436079869e-01 4.440763227902560506e-01 4.084055892116934539e-01 4.173305012912527645e-01 4.412801494667004110e-01 4.134964383413154976e-01 4.051795403481325275e-01 4.297849043658162893e-01 4.700506376523884144e-01 4.719157869198269961e-01 4.794769544615238299e-01 4.485831911204904987e-01 4.788882703587032386e-01 4.945587895136566159e-01 4.731942655818539567e-01 4.574391363318561221e-01 4.733633202973129284e-01 4.730603561046867744e-01 4.847520585899548484e-01 4.847218516416627598e-01 4.822703463520277012e-01 4.966571664802448827e-01 4.886380936958320542e-01 4.996005261996789293e-01 5.011055994160911187e-01 5.086133229582739945e-01 4.995815092293265369e-01 5.012921539211506738e-01 5.020235181710958061e-01 4.949444207299096288e-01 4.941259783418754936e-01 4.956254377921793242e-01 4.758927749052970779e-01 4.875787553210010339e-01 4.901247797029925080e-01 5.010932536592909159e-01 4.864603527980585485e-01 4.861095988889935215e-01 4.801780568647776581e-01 4.785451445480389254e-01 4.882222257988912406e-01 4.774428546621740099e-01 5.053735830977224008e-01 4.959954239962127143e-01 4.893411634560099754e-01 4.784059519312228170e-01 4.958770710130098736e-01 5.001930010976638474e-01 4.937018193555872680e-01 5.096047394678293596e-01 4.992190282501998699e-01 5.045880717098455426e-01 5.141459034189441724e-01 5.029073499868589314e-01 5.042440215076702259e-01 4.974595757586580680e-01 4.948197754255302394e-01 5.067172957406612666e-01 5.072849290772402098e-01 5.063024665014317360e-01 5.007229430815665072e-01 5.083168435921903150e-01 5.003574121549253517e-01 5.018580524409211874e-01 5.066810003602795209e-01 5.040045584659063049e-01 5.004971634889976428e-01 5.036053269729710014e-01 5.079615931929136741e-01 5.050495240105666861e-01 5.096631105051687705e-01 5.087025054335273522e-01 5.087289717738024963e-01 5.090518220006865491e-01 5.095376249364770294e-01 5.128957453049306503e-01 5.118399058231645204e-01 4.999849488261925989e-01 5.035616555039313935e-01 5.105876960222254235e-01 4.999211994547286819e-01 5.106039751861700671e-01 5.102674498582212559e-01 5.172256697160854122e-01 5.060505980358306344e-01 5.082382425704075057e-01 5.102137155834963744e-01 5.102596544801974998e-01 5.010315192291745490e-01 5.050242335231868163e-01 4.996089958052494229e-01 5.036853181896582266e-01 5.034328729448683815e-01 5.032869343524929429e-01 5.064747171057830677e-01 5.028756383871805236e-01 5.085411118995168955e-01 5.037846177949825144e-01 5.031308662730386017e-01
-1.342219289453218736e-02 8.245786264784399355e-02 2.247980504194104501e-01 3.931300523594702390e-01 3.050773853690924020e-01 1.000000000000000000e+00 5.130975225177517585e-01 4.773454959119853291e-01 5.227717928717308116e-01 4.616774683997935669e-01 5.416089451541132860e-01 5.546934217529402300e-01 4.970163366619366196e-01 3.982279415459805683e-01 5.476155106498131753e-01 5.687848504344260592e-01 5.154820399474075998e-01 4.772715216809034766e-01 5.274870310563802844e-01 4.379323934191109990e-01 5.058027675606923124e-01 5.296671831798057672e-01 4.836345092137423474e-01 4.747365689301619729e-01 5.060311188826538409e-01 5.662953067439471244e-01 5.680899337242900637e-01 5.721432718931734884e-01 5.500434503288057497e-01 5.538004113463976807e-01 5.764767891406911149e-01 5.603100174440664993e-01 5.474193166192069526e-01 5.657473634427510056e-01 5.447076024860323384e-01 5.655202200130440282e-01 5.820044041890626296e-01 5.760579298922500202e-01 5.823936568433724092e-01 5.839971104941068525e-01 5.807630976481343854e-01 5.842735445554061435e-01 5.812271883317194909e-01 5.880009811191125868e-01 5.901903238422518960e-01 5.853966364635170283e-01 5.777531256668627657e-01 5.748779877494095691e-01 5.813318761740164931e-01 5.745541925433036434e-01 5.855652100950089478e-01 5.732316556950599606e-01 5.760958823783737248e-01 5.647637472585778085e-01 5.684824776551978820e-01 5.701246576036202995e-01 5.648484521897633170e-01 5.740983925887410688e-01 5.728264246824636974e-01 5.747523213914024209e-01 5.765759387165567684e-01 5.719731174268287699e-01 5.667511069630889464e-01 5.738944393037342939e-01 5.679736908338621770e-01 5.689100478418401829e-01 5.765808866928600063e-01 5.768017978401993595e-01 5.794426426479349912e-01 5.825406286576616521e-01 5.842900043902351515e-01 5.788499122015465792e-01 5.667082025967865588e-01 5.716953536551512283e-01 5.833206606985530396e-01 5.826107986848212406e-01 5.838978289284820766e-01 5.807339601657290906e-01 5.783825122884050929e-01 5.688434963362283270e-01 5.820827807025279466e-01 5.830667560386353365e-01 5.859608993675075039e-01 5.801889606717336445e-01 5.854011071609868111e-01 5.792664837740530981e-01 5.841542188556301252e-01 5.850614432305044632e-01 5.874560725206866563e-01 5.877112861481648132e-01 5.914110991421528407e-01 5.845819767345473705e-01 5.837280551835319908e-01 5.860954220457810226e-01 5.714756666117507544e-01 5.762814764005622648e-01 5.833717994735608814e-01 5.719687475862539339e-01 5.806350719143198447e-01 5.852337656897753648e-01 5.845038873117838207e-01 5.780188839546516189e-01 5.753008428857447898e-01 5.813647433683744037e-01 5.863943333713658168e-01 5.673878227996413948e-01 5.774535765785676622e-01 5.731922504423899722e-01 5.801952511206397434e-01 5.788770045808050435e-01 5.818080544077309790e-01 5.747239539567852162e-01 5.762698565890460589e-01 5.758711101445290748e-01 5.741487770123433476e-01 5.706961796682493704e-01
2.739562486236542249e-02 1.690343090259923131e-01 3.114491739399450898e-01 5.560249847598075501e-01 4.861237946634975882e-01 5.130975225177517585e-01 1.000000000000000000e+00 6.943933926948429036e-01 7.174830884321059532e-01 6.587309914481453976e-01 7.318411789034932058e-01 7.771621099065872951e-01 7.057846457054401945e-01 5.590585355296581183e-01 8.060501024601166575e-01 8.037257930908595638e-01 7.060886420755685400e-01 6.666661083853420156e-01 7.135790394660597169e-01 6.533052063488870020e-01 6.834528184667031381e-01 7.026693192835552493e-01 6.582126505389195303e-01 6.352592939789082349e-01 6.807767740603688500e-01 7.575568461632875561e-01 7.606285240014042381e-01 7.775647529472516917e-01 7.286983368939153882e-01 7.435655238662727262e-01 7.816553804329687827e-01 7.694373427162585211e-01 7.478421471533666098e-01 7.663609177290258145e-01 7.651095148309273730e-01 7.778910065991015976e-01 7.830883588469997880e-01 7.953537439155689004e-01 8.063173732376550662e-01 7.929244167461445558e-01 7.969765738728974425e-01 8.036843062095792023e-01 8.151509189890759899e-01 8.032986097361203282e-01 8.050294861151440218e-01 7.985994586517839444e-01 7.918081473506473067e-01 7.868787150716117784e-01 7.905880550789807781e-01 7.838679738036217204e-01 7.972272772335954327e-01 7.867672892426249565e-01 7.903446749198632659e-01 7.725538015839451544e-01 7.803451319730017044e-01 7.764076576556965259e-01 7.757567006786350028e-01 7.841933809904328978e-01 7.787531808134960931e-01 7.902612527461041481e-01 7.947368094857866216e-01 7.852559027611887288e-01 7.798627423582890072e-01 7.945983107438103765e-01 7.813100031639258480e-01 7.869681517614389721e-01 8.015518655825367711e-01 7.951804864689513419e-01 8.028992829284788968e-01 8.130332112590522575e-01 7.968138016831296522e-01 7.943024974478306577e-01 7.799023603208726785e-01 7.808538982063603084e-01 8.022737570467940449e-01 7.980138893621724350e-01 8.073653185561858736e-01 7.947894592220889898e-01 8.045170381594732856e-01 7.861231709210765306e-01 7.986092433167920612e-01 7.976334721561467722e-01 8.078989261634932362e-01 8.007605092888433473e-01 8.083573947170998863e-01 8.048459618099278456e-01 8.078621282877352927e-01 8.142050351998910696e-01 8.100502583969347858e-01 8.102421170227328551e-01 8.172034164711176052e-01 8.065662753746196678e-01 8.083261284103688826e-01 8.074224798355591481e-01 7.907303762214948906e-01 7.943190667834056917e-01 8.151582839816573500e-01 7.977428430629326384e-01 8.045893675604702810e-01 8.131516542019108229e-01 8.146072511595157106e-01 8.049699450834287839e-01 7.967562493014449521e-01 8.020038320167133250e-01 8.073655051468950905e-01 7.935212683104734266e-01 7.978875893040233702e-01 7.896114315416145057e-01 7.978385621748745882e-01 7.971007321976117943e-01 8.055608985219208096e-01 7.926485946528387672e-01 7.965226195909214102e-01 8.012981782918233709e-01 7.914466713879519943e-01 7.929575982393302080e-01
6.823760037043506699e-02 1.380441041464474383e-01 3.010102351860402536e-01 5.248610558832023099e-01 4.509699769597799168e-01 4.773454959119853291e-01 6.943933926948429036e-01 1.000000000000000000e+00 7.063838306210664664e-01 6.247619029040316629e-01 7.134739300054969702e-01 7.581928083907559790e-01 6.997338677098740023e-01 5.510420571625941344e-01 7.613835399568736895e-01 7.774013185937236337e-01 7.100056965589879310e-01 6.198449742879310609e-01 6.807164660868688655e-01 5.938874898935403435e-01 6.688462211603038998e-01 6.968480075574791099e-01 6.051521146645628679e-01 5.859824588882101004e-01 6.482640804005249668e-01 7.228752310087178667e-01 7.293152153850864794e-01 7.299080632741052899e-01 7.011318172941081173e-01 7.147215306512045840e-01 7.474766134580370647e-01 7.336771108111679318e-01 7.097554860999015780e-01 7.313962005577347991e-01 7.248535279158438982e-01 7.549986020687022847e-01 7.488250972176073716e-01 7.635073016897745424e-01 7.721566812127763635e-01 7.547381072901802046e-01 7.685028541711681482e-01 7.724561579796583866e-01 7.828841023094155194e-01 7.843844974650804325e-01 7.704999622174268925e-01 7.702543625042801434e-01 7.767850567634588810e-01 7.714735656308244760e-01 7.803036450523114231e-01 7.668789110378140261e-01 7.792256122299680010e-01 7.604593735026542456e-01 7.755460959867621629e-01 7.668761630814210362e-01 7.692797986577271097e-01 7.598197592538442624e-01 7.748928558236863884e-01 7.712446931235479308e-01 7.689694998294327455e-01 7.779309666964636660e-01 7.786672895897415181e-01 7.779870272127504816e-01 7.737497493765854717e-01 7.851226726564610736e-01 7.738781983314815260e-01 7.765961057832365677e-01 7.799686621959893706e-01 7.678955683481397676e-01 7.670794516911937366e-01 7.811135082142959263e-01 7.811072795923754697e-01 7.719272933392371527e-01 7.459502144205617524e-01 7.572204441716193779e-01 7.770560638531022191e-01 7.749750698133949234e-01 7.730399602017883343e-01 7.724547399461344499e-01 7.687451758552760195e-01 7.631684688626066970e-01 7.694688834578481407e-01 7.767345128037136393e-01 7.809252528606760446e-01 7.692577871214651974e-01 7.831357807183421116e-01 7.773243265799436585e-01 7.799795097770708674e-01 7.866460594882874746e-01 7.815040015920299288e-01 7.879215763529011651e-01 7.776211192082405077e-01 7.821163567519480164e-01 7.837451817420377775e-01 7.820760551606134037e-01 7.719982373947834597e-01 7.783780981163552770e-01 7.936113459934297509e-01 7.891673088870653219e-01 7.847716786097820307e-01 7.901674491060518557e-01 7.889243288824377975e-01 7.881504103427037222e-01 7.750640308929113154e-01 7.841481742931761811e-01 7.854937853179150276e-01 7.842876140437620158e-01 7.867716117380598728e-01 7.709950581707832873e-01 7.791757705337534201e-01 7.813153121618178210e-01 7.844891679320549205e-01 7.793076200189005265e-01 7.816821397666073867e-01 7.882030326360787154e-01 7.776026282702994674e-01 7.789687608083047943e-01
1.443369106198743035e-01 1.858738564838979535e-01 3.170240231068157111e-01 5.314277054618483653e-01 4.403940521320960366e-01 5.227717928717308116e-01 7.174830884321059532e-01 7.063838306210664664e-01 1.000000000000000000e+00 7.175045066995388021e-01 7.949318423507504283e-01 8.172593885142991343e-01 7.457432850191726414e-01 5.915185877685974480e-01 8.144387201917716590e-01 8.232117448638696100e-01 8.149997617526457683e-01 6.953169505032854580e-01 7.679857696304392967e-01 6.053932947962519240e-01 7.200291723379971254e-01 7.688300520033019003e-01 7.024142444956417153e-01 6.865985345906938653e-01 7.564798838720225849e-01 8.367515512979862846e-01 8.212390721787348191e-01 8.218723976443796930e-01 8.203527001672854535e-01 8.383092381188795850e-01 8.483514666887955746e-01 8.390481188550187319e-01 8.153461300332396355e-01 8.309397084291606506e-01 8.332594706762853631e-01 8.223370475538117619e-01 8.390007626783835271e-01 8.540025753808012654e-01 8.617464969946900810e-01 8.289470494786512766e-01 8.609604550008187474e-01 8.537703457381956573e-01 8.463605274797753042e-01 8.643013292803634062e-01 8.547214453776531551e-01 8.489259730010987326e-01 8.611982814914426188e-01 8.688969893657026988e-01 8.734874779838679437e-01 8.633558210198264415e-01 8.660935077248257397e-01 8.528204975771414009e-01 8.606344770961709134e-01 8.656183765910149264e-01 8.666459458997975984e-01 8.470811983241237630e-01 8.699729211485027758e-01 8.551001600001666425e-01 8.566841588623874681e-01 8.711964599607597837e-01 8.648744247285106157e-01 8.641548509682416279e-01 8.575177208992054156e-01 8.758573853079204552e-01 8.748516806060211426e-01 8.743430638541039857e-01 8.724259761802205526e-01 8.630987315348319644e-01 8.581007941668369332e-01 8.506411252007144430e-01 8.663350274414068908e-01 8.685397122201511388e-01 8.381973461583429597e-01 8.572676296195588241e-01 8.700806475918743121e-01 8.683490952528565288e-01 8.582151055550749641e-01 8.681470767301573410e-01 8.626857564092904607e-01 8.662606726681081337e-01 8.655467575131225999e-01 8.667353359448007888e-01 8.685040857811835435e-01 8.625488484714618487e-01 8.668561229453513040e-01 8.653833357378728497e-01 8.612882645045585317e-01 8.671646489156594750e-01 8.635709507163262799e-01 8.636612161025966072e-01 8.501598965738703662e-01 8.595536628134802237e-01 8.621998615106021280e-01 8.613259971930969927e-01 8.576153795314171990e-01 8.656801876659798722e-01 8.667992893527450837e-01 8.774670452628811068e-01 8.642531492373070057e-01 8.682477705492046560e-01 8.598410734226314966e-01 8.673498942352977359e-01 8.647475233629866587e-01 8.643464773290616687e-01 8.739364041873564082e-01 8.744508919425431070e-01 8.755393493190692933e-01 8.635606519899857725e-01 8.676769975129908774e-01 8.663245900746465722e-01 8.637868600976699174e-01 8.660019077478836591e-01 8.666379991452761722e-01 8.727216266544263190e-01 8.713479665847966293e-01 8.726604555006979291e-01
2.830868584317935283e-02 1.884839624137604752e-01 2.496606450086994722e-01 4.502384354322797044e-01 4.095734134527030390e-01 4.616774683997935669e-01 6.587309914481453976e-01 6.247619029040316629e-01 7.175045066995388021e-01 1.000000000000000000e+00 7.188589627535744153e-01 7.330388046888277609e-01 7.016364964708807772e-01 5.668439646376129959e-01 7.752654096276717643e-01 7.449026264588808344e-01 7.058257017417887136e-01 6.129648408558602268e-01 6.765774764451675249e-01 5.199895177533494506e-01 6.253194453341561765e-01 6.541008810304995702e-01 6.339199325640110239e-01 6.254392124677987663e-01 6.697446136690087259e-01 7.523955465846825508e-01 7.374904227785232802e-01 7.427577138309529037e-01 7.343369479901294961e-01 7.565055649821266215e-01 7.790472147598798136e-01 7.483065874491420244e-01 7.323052634212753320e-01 7.485038689033429726e-01 7.508034190970331867e-01 7.278300397860988369e-01 7.635812198117929439e-01 7.722385361672615689e-01 7.857039775879915977e-01 7.496351701617973706e-01 7.824715693369589387e-01 7.819824167026568906e-01 7.699112866114449227e-01 7.818094511350128784e-01 7.786222180808354265e-01 7.881060714814912549e-01 7.947040724597392858e-01 8.012457418686831367e-01 7.835852875611888368e-01 7.628493594204900363e-01 7.811305532704755361e-01 7.457158643259760300e-01 7.754306963188218882e-01 7.903785682639677956e-01 7.801518662429471895e-01 7.781879758277825410e-01 7.646147074930529364e-01 7.892531717513335821e-01 7.854928203288141786e-01 7.948368776233386557e-01 7.881018002686356327e-01 7.870010576269926839e-01 7.754835851605582642e-01 7.815444679596939004e-01 7.838727969864118794e-01 7.844628537415267999e-01 7.988258176673519451e-01 7.947876981984469680e-01 7.889913722605169655e-01 7.745358642706152708e-01 7.861775365042025232e-01 7.945170164592322282e-01 7.756413851158450168e-01 7.900764296827600397e-01 8.009223060452164145e-01 7.996769155573258958e-01 7.981146583618613510e-01 7.990158748209363893e-01 7.941298171683041085e-01 8.011289303202369094e-01 7.984974899952518301e-01 7.996987846617921170e-01 7.927909700045618901e-01 7.967206337735107669e-01 7.908110102968328725e-01 7.954138127967576022e-01 7.942300202123092623e-01 7.973975156519366170e-01 7.981944539635213998e-01 7.858045304636546158e-01 7.877331301962630095e-01 7.961766211121023007e-01 7.941386930858492788e-01 7.972324386134371776e-01 7.988134374318771602e-01 7.982252974335199980e-01 7.784168285630499451e-01 7.725940246772732278e-01 7.899630904054789626e-01 7.928877195728495364e-01 7.901903599549497947e-01 7.860619255375577152e-01 7.924247493391358699e-01 7.934779883133512568e-01 7.923065055834760395e-01 7.773246678442241597e-01 7.928747470192371027e-01 8.014323676268991781e-01 7.989567554029095575e-01 7.958395888703041487e-01 7.911595665558069923e-01 7.981664882674034400e-01 7.919616975700791706e-01 7.926499405347879890e-01 7.941155454289308135e-01 7.923934044340205096e-01
4.016212452515565551e-02 1.419734542223736462e-01 3.447926227831236146e-01 5.911974722578313690e-01 4.600411206372411188e-01 5.416089451541132860e-01 7.318411789034932058e-01 7.134739300054969702e-01 7.949318423507504283e-01 7.188589627535744153e-01 1.000000000000000000e+00 8.554411792425978822e-01 7.643622315531770628e-01 6.181367510522078890e-01 8.508488312676177889e-01 8.448533583081433429e-01 7.967217285519971881e-01 7.181617139155168639e-01 7.844513311957178603e-01 6.391833323888039819e-01 7.259399965390760379e-01 7.679380546959198028e-01 7.231786257729031497e-01 7.083468010674881521e-01 7.605799302168920750e-01 8.571252804718629825e-01 8.521376643063672818e-01 8.516327073119391855e-01 8.337004167607229288e-01 8.571640259432417031e-01 8.913859951594185205e-01 8.494581942883777659e-01 8.372529714050434002e-01 8.477538617317702530e-01 8.519602300102819825e-01 8.413121889351741212e-01 8.800679425374136056e-01 8.771935228689546893e-01 8.882059875590875286e-01 8.660452925877429875e-01 8.834605751849134991e-01 8.820664641975579645e-01 8.682604034693303108e-01 8.889854910090159157e-01 8.870094583000746047e-01 8.862293505048068898e-01 8.837897029294912166e-01 8.840969150405540988e-01 8.818399613976173335e-01 8.698767905285548219e-01 8.843302937667559815e-01 8.619062191941905260e-01 8.767542709820540514e-01 8.752550203544890994e-01 8.747050868103919408e-01 8.669490156868183695e-01 8.645263109607796981e-01 8.778792418157334021e-01 8.714758446633237288e-01 8.820414388476773837e-01 8.820447334671506212e-01 8.760206501489501418e-01 8.681989092505620897e-01 8.794490308622875396e-01 8.790505556043807234e-01 8.770208747008008121e-01 8.907691467397691465e-01 8.874108411362452431e-01 8.845209965197176061e-01 8.821245075209190878e-01 8.860772646675205699e-01 8.916202785482274518e-01 8.648393855088638560e-01 8.806694777493150328e-01 8.986105934581117838e-01 8.963779263285194254e-01 8.941926863492412059e-01 8.940520033608805317e-01 8.920721005341541998e-01 8.919269982178094081e-01 8.947509814258016725e-01 8.973707796298726613e-01 8.897561244874887532e-01 8.927772958352571120e-01 8.919252853843974149e-01 8.901894736070037339e-01 8.929244932498613396e-01 8.937431103313951963e-01 8.928859929000166895e-01 8.866709215350841999e-01 8.928912982545744725e-01 8.913731198931245103e-01 8.944221159901590834e-01 8.919792185135593243e-01 8.828971925765193296e-01 8.873861356246026677e-01 8.864475336716343135e-01 8.790643141874491251e-01 8.871711222102841576e-01 8.923083088303627175e-01 8.870544829249070728e-01 8.858959475043317600e-01 8.874026594255509659e-01 8.908188647475401289e-01 8.931679792627763570e-01 8.773200669775731431e-01 8.875620456413277903e-01 8.867803565213574490e-01 8.904383576066792205e-01 8.873865622543805065e-01 8.871394412983192312e-01 8.857367736760417554e-01 8.846449675850507344e-01 8.879532641139223914e-01 8.851358454656598207e-01 8.847957258044879536e-01
3.746134661040417813e-02 1.401178561652230703e-01 3.534623236667744917e-01 6.482951945843865582e-01 5.038891211998113295e-01 5.546934217529402300e-01 7.771621099065872951e-01 7.581928083907559790e-01 8.172593885142991343e-01 7.330388046888277609e-01 8.554411792425978822e-01 1.000000000000000000e+00 8.138227613595353516e-01 6.398461697649997504e-01 8.967705529168108480e-01 8.930619160143928870e-01 8.142369115752360331e-01 7.188564138990405361e-01 7.868186602590641066e-01 6.877973460158273156e-01 7.547329538739853128e-01 7.861939412329466137e-01 7.044584199673127323e-01 6.857914311091384274e-01 7.533584112202509342e-01 8.538170674047284026e-01 8.652741056758994631e-01 8.651162512706976893e-01 8.348721101625137253e-01 8.565613296239384944e-01 9.027167399981401719e-01 8.583532934269588743e-01 8.439997375160562809e-01 8.578658296274863648e-01 8.578157006481269553e-01 8.659747069266428010e-01 8.900062976813574167e-01 9.027206843500338307e-01 9.193689781057950983e-01 8.926481087739620568e-01 9.148944685294284618e-01 9.137926910450403506e-01 9.132533520113501613e-01 9.263785061444165247e-01 9.152305997701034590e-01 9.137241738735227825e-01 9.215531624446194892e-01 9.156833142627414102e-01 9.152091073265488097e-01 9.005909040299064916e-01 9.221266729983907950e-01 9.017123190198923499e-01 9.166895318219521194e-01 9.054983393585600560e-01 9.018335818612506216e-01 8.922433561811963232e-01 9.005037552224293140e-01 9.131582473992106985e-01 9.085796052423350533e-01 9.232376238321975404e-01 9.229421220956368632e-01 9.157441972114915840e-01 9.075719353914326604e-01 9.193093705356922829e-01 9.141498721443076514e-01 9.158049232475943269e-01 9.249051854403017581e-01 9.128756449003876394e-01 9.070238016424128080e-01 9.228097826447888563e-01 9.195178083218995546e-01 9.182784543365790642e-01 8.853800674567146034e-01 9.000735487730505691e-01 9.251627103717314782e-01 9.273689260585892269e-01 9.255904810396060611e-01 9.201626662302662130e-01 9.154484114544836348e-01 9.168136960782053979e-01 9.203660804978184284e-01 9.282672784493037899e-01 9.167320541797419065e-01 9.149840757535775415e-01 9.170940297285512521e-01 9.166860713519000559e-01 9.259791736284938013e-01 9.263620786461318479e-01 9.273563335242117622e-01 9.161669169663391177e-01 9.224297142306141506e-01 9.286426462752133126e-01 9.308860690798885784e-01 9.293659891335267487e-01 9.217437550081866160e-01 9.235193676697229792e-01 9.227810809606891151e-01 9.164062769938169373e-01 9.285057142275845443e-01 9.295937542734742376e-01 9.287338514425546032e-01 9.264974501242841942e-01 9.254243262619054056e-01 9.310893399321287234e-01 9.291364806060598003e-01 9.135214556849945433e-01 9.227124427222768155e-01 9.186721487032655231e-01 9.206142609005391053e-01 9.248423563341341413e-01 9.249592836797946305e-01 9.253327711590406679e-01 9.224486600739990605e-01 9.281512983159635466e-01 9.226018952749660551e-01 9.229311362356832360e-01
3.186068976608417286e-02 1.413851040963186589e-01 3.032185015080380297e-01 5.310239347852571123e-01 4.624903659200284012e-01 4.970163366619366196e-01 7.057846457054401945e-01 6.997338677098740023e-01 7.457432850191726414e-01 7.016364964708807772e-01 7.643622315531770628e-01 8.138227613595353516e-01 1.000000000000000000e+00 5.894638029416342517e-01 8.354449567259472076e-01 8.258855844138748292e-01 7.445612738508492479e-01 6.569110429071292057e-01 7.108676730846840153e-01 5.983086327452257214e-01 6.863396868127316086e-01 7.029164368645607341e-01 6.471941877820306388e-01 6.406399211911535385e-01 6.895147412627071759e-01 7.790913900775461309e-01 7.846573287004202646e-01 7.837216531484300086e-01 7.501640874705423068e-01 7.856237036746537283e-01 8.240945840166449265e-01 7.830458286521467803e-01 7.675011394923489938e-01 7.864035059188533294e-01 7.879882180180920459e-01 7.939128790686654780e-01 8.148943737666225484e-01 8.237043995941413232e-01 8.454458938449525007e-01 8.106385629325251196e-01 8.463046954660633503e-01 8.434180069787738931e-01 8.467169369863747352e-01 8.552387609809877222e-01 8.388311952293991958e-01 8.407487043913266511e-01 8.571811890021583391e-01 8.532615413124421400e-01 8.469662771266835977e-01 8.173239619742720397e-01 8.439200883266143594e-01 8.157722957920208184e-01 8.470743712226399547e-01 8.388623338386573813e-01 8.327830668863677177e-01 8.192632033291814553e-01 8.226599919540957817e-01 8.501403658050532552e-01 8.399991713898626866e-01 8.580306831501139930e-01 8.526401470105242630e-01 8.494918137282929660e-01 8.335840090193870067e-01 8.483010884561523746e-01 8.418139166677471863e-01 8.417793296805170522e-01 8.611163160969982355e-01 8.495639081400996329e-01 8.372697259645142109e-01 8.449386531538722878e-01 8.524013337552086567e-01 8.489326149023448398e-01 8.219807348799598179e-01 8.385266913193880622e-01 8.544543756372545706e-01 8.558655459558806022e-01 8.516150717932787773e-01 8.461500674303608083e-01 8.454943822200400305e-01 8.506741713395225002e-01 8.523928925281675228e-01 8.603250540989179074e-01 8.460814569351432501e-01 8.448555168441524987e-01 8.446531446614701233e-01 8.484488483240044676e-01 8.535870532536943278e-01 8.581424386643694557e-01 8.596915119568319108e-01 8.460869247801503512e-01 8.486792456342009405e-01 8.629980202540388223e-01 8.612451199686184111e-01 8.622664385486992211e-01 8.609299319228419511e-01 8.614945896951816673e-01 8.517673409665024176e-01 8.441455267844848454e-01 8.605187951642372379e-01 8.604968950363746094e-01 8.628338170081151226e-01 8.585964367213752002e-01 8.570363723637246522e-01 8.641383206285575547e-01 8.580479234754120332e-01 8.443872478375418211e-01 8.559751862753420815e-01 8.564241255689399868e-01 8.559877348646283135e-01 8.619090890187617315e-01 8.612092595548342944e-01 8.621306694770278778e-01 8.591998527286577314e-01 8.605710239793505911e-01 8.592164847035778097e-01 8.550721349069132504e-01
