1.000000000000000000e+00 1.534274751342603049e-01 2.275523004465004884e-01 1.193653990626290656e-01 6.860169605473705190e-03 5.051480438454326871e-02 9.633507740766067418e-02 1.180411471204901447e-01 2.327936376715867839e-01 1.183366897131083173e-01 1.345894532997831683e-01 4.975950226881445393e-02 2.529570138248833644e-02 4.764502741523383988e-02 7.413088354116674494e-02 2.161070933522252213e-02 1.982969552435232541e-01 2.903693821808972508e-01 2.435277892269633870e-01 2.538711713971102957e-01 2.471341848808677466e-01 2.169036224599159568e-01 2.610608945711397344e-01 2.619897887279039050e-01 2.160864333891243383e-01 2.039042921054607382e-01 1.693582905485017942e-01 1.433612276865026958e-01 2.303010582883464885e-01 1.981428948074122065e-01 1.739633252587447498e-01 1.318153660827476592e-01 1.123888076068981640e-01 1.450025276818243114e-01 1.519224531874061312e-01 1.339496552252383288e-01 1.406208729919733169e-01 8.897565299133967931e-02 1.004041130127506509e-01 3.043769044520104605e-02 6.356775824919543016e-02 3.976575435095805466e-02 4.889072828345293609e-02 5.848465429985295894e-02 5.523596730617044703e-02 7.780047340128265487e-02 1.378885743387129985e-02 5.641554768986153934e-02 3.536069199081719183e-02 4.472252344018173842e-02 3.728992234688181806e-02 5.757472750736764705e-02 2.048574294947795929e-02 8.374049421244166014e-02 8.732845833722786832e-02 9.700296513942241461e-02 9.349483621660434340e-02 4.611669429380402946e-02 5.088557368105146861e-02 3.590696908235741641e-02 3.155504046898990889e-02 5.326972829385620556e-02 7.962090509877541022e-02 5.345504078820673133e-02 9.203414786217464783e-02 8.098337201196603719e-02 5.758018397042054953e-02 1.056959422252152919e-01 9.279376627327602656e-02 1.234738384568715847e-01 1.012143356382571857e-01 8.513563649359469354e-02 1.221527080258290737e-01 1.074605395374210876e-01 8.353093782414793000e-02 6.837569039140765914e-02 7.144010606594967949e-02 1.072811474958219047e-01 9.982071122991748036e-02 9.961981569038397266e-02 8.277901072795103288e-02 8.137928953794625053e-02 8.277573101992927174e-02 8.323514300810405664e-02 3.829437884138574971e-02 7.248113826972586715e-02 6.889881061076658098e-02 3.625601237084992434e-02 4.659664072028832371e-02 7.045329080489613760e-02 2.710266916444458579e-02 1.682160608183233888e-02 3.706443116164741258e-02 3.965226295662171996e-02 1.258044682127467187e-02 3.222385923896502885e-02 2.022820889943773362e-02 6.550665469199232205e-02 3.032846221386098842e-02 1.599985992769177925e-02 1.481456539490734470e-02 5.341430547800096740e-02 2.630456550624320558e-02 2.084476301989597255e-02 5.484173126821962480e-02 7.716388335272297838e-02 4.264131529735783188e-02 4.263851822066003910e-02 5.951303793387833357e-02 2.952281713424265153e-02 2.975227951946238930e-02 2.442766833038682861e-02 4.332077756285163117e-02 3.962283653292707902e-02 5.401495971600877438e-02 5.701008153553566854e-02
1.534274751342603049e-01 1.000000000000000000e+00 1.644944675859699723e-01 1.015189010855667706e-01 5.929202627891051042e-02 1.202796736220275442e-01 1.501561459213985317e-01 1.465771906802451341e-01 2.218767074641885551e-01 1.948207532685193311e-01 1.804549817836305359e-01 1.526061677901310587e-01 1.248587523252561865e-01 1.498428120990009105e-01 1.771739077984041399e-01 1.553003229950239150e-01 2.268730223193603512e-01 1.841303683422852999e-01 1.763288514653726935e-01 1.486482435742608188e-01 1.456304378430814950e-01 1.503401969212116163e-01 2.052210269836303169e-01 1.901598120985824314e-01 1.600913310802784817e-01 2.072665806765578989e-01 2.148967519131481096e-01 2.018122181087003697e-01 2.195095983363876402e-01 2.160760710024303977e-01 2.122751210568805114e-01 1.802771896897955028e-01 1.529496880551285409e-01 1.776643838523009333e-01 1.850777645918902647e-01 1.826659321893183696e-01 1.949904562073202230e-01 1.656050914231697591e-01 1.800723962973969083e-01 1.584221731656710874e-01 1.744846172189242761e-01 1.668785571404552415e-01 1.498088353466647260e-01 1.670538552320672276e-01 1.710494517223982991e-01 1.827272149778198518e-01 1.587440836827962443e-01 1.797133076453135136e-01 1.645744855750687907e-01 1.358064415557121707e-01 1.485436998224421434e-01 1.464942448791664575e-01 1.465285387147670093e-01 1.844229363106558717e-01 1.728746844675718153e-01 1.903004029769349292e-01 1.738031233548522625e-01 1.751907864176575347e-01 1.688218532084035106e-01 1.729512779931350885e-01 1.574645067829114065e-01 1.747597616585629399e-01 1.716304106343574110e-01 1.653009160472820871e-01 1.911566705597100291e-01 1.797773841287068630e-01 1.764760529920479104e-01 1.822365693958008515e-01 1.808191753628825837e-01 1.800329670374438973e-01 1.633540947018892187e-01 1.754384241743400796e-01 1.855206947362714187e-01 1.696586134161238157e-01 1.880606310280553417e-01 1.846663769063139893e-01 1.832312972146839802e-01 1.965104933204065152e-01 1.956907697850295003e-01 1.962983613114669124e-01 1.873261541343274883e-01 1.909688931481998420e-01 1.890250130496400893e-01 1.814374674475081051e-01 1.573412882400435642e-01 1.747702839196803026e-01 1.760338954162800618e-01 1.718349305152501172e-01 1.733007860032902414e-01 1.867836315051593921e-01 1.655186358292713711e-01 1.660231620780074080e-01 1.696939976270860073e-01 1.725706441978039629e-01 1.646588808751498489e-01 1.710330431782362270e-01 1.488255429563706267e-01 1.673310662660030812e-01 1.681657823631500515e-01 1.562422460779004374e-01 1.554808854538084761e-01 1.720511560723380351e-01 1.603715736496573729e-01 1.613478052743637925e-01 1.682531833470011784e-01 1.785373293628874924e-01 1.697819725841474003e-01 1.766642372247746728e-01 1.775506909864787985e-01 1.704688382041659733e-01 1.671598975239894369e-01 1.677513727109530561e-01 1.754798015675848866e-01 1.686235932111350422e-01 1.795134300145208306e-01 1.778721423140958713e-01
2.275523004465004884e-01 1.644944675859699723e-01 1.000000000000000000e+00 3.769455164071557896e-01 1.478439804677152691e-01 2.577281678260985309e-01 3.644195877120405269e-01 3.176241129884112002e-01 3.746948731808395494e-01 3.074247930446988852e-01 4.480080135925800233e-01 3.675731196048309113e-01 2.836931498703800791e-01 3.232546799920497094e-01 3.696338206075947541e-01 2.916913247971619771e-01 4.381561335353708619e-01 5.074393551088540733e-01 5.216245273272818173e-01 4.397604236219752050e-01 4.631218519734645600e-01 5.122644587537401595e-01 4.628105570678538450e-01 4.919445399852230283e-01 4.917871978287408630e-01 4.946598482690066079e-01 4.935159505068166808e-01 4.730760822423064060e-01 4.796310377468939179e-01 4.818073896177090809e-01 5.119660225196208669e-01 4.090688755191650983e-01 4.199128289881350340e-01 4.525183864961548896e-01 4.148348378346619625e-01 4.285515257840540326e-01 4.567401921349845684e-01 3.798123121580929129e-01 4.250770270391687200e-01 3.945839905809230830e-01 3.927819548543796113e-01 3.812626907168019663e-01 3.854565371594994572e-01 3.777279928936366771e-01 4.020510518307906511e-01 3.921520606563706490e-01 3.147630866864176147e-01 3.396927413757266367e-01 3.238688006974634326e-01 3.364066283981512751e-01 3.477808807092994114e-01 3.418576354884614310e-01 3.294226020203823158e-01 3.410281750624269970e-01 3.648068865778354986e-01 3.896076688877661565e-01 3.404125591964684006e-01 3.582173535655163721e-01 3.445416648343607169e-01 3.164515649887877369e-01 3.352996949823077721e-01 3.304867992329811321e-01 3.267310131349238089e-01 3.302958991345076312e-01 3.731400357407476109e-01 3.307686373802010138e-01 3.535767809345347623e-01 4.169507521842797382e-01 3.759511064410168690e-01 4.204788753785533850e-01 4.302206121328329691e-01 4.142987455617239134e-01 4.241138989928447400e-01 4.188992507328215820e-01 4.002993819309217938e-01 3.887458672479101041e-01 3.953357174456241796e-01 4.112680458476146717e-01 4.174794209350083940e-01 4.086869060210514548e-01 4.020726900082898791e-01 4.114313079313096089e-01 3.798712133958800363e-01 3.840712487636520622e-01 3.528548108870421807e-01 3.940304139372006742e-01 4.017869147869662094e-01 3.557907559994720192e-01 3.729723923287082132e-01 3.741023305831532864e-01 3.671218166040829955e-01 3.426674166643832731e-01 3.755843856363890731e-01 3.713791932031317300e-01 3.187791014987081950e-01 3.287820034479297382e-01 3.471917740568665200e-01 3.346898081743376885e-01 3.299066868800842878e-01 3.392027128780584766e-01 3.452614383535966835e-01 3.400091693580415408e-01 3.360621175221311652e-01 3.395710409041569622e-01 3.579708097022007984e-01 3.374654292002121636e-01 3.276475041241018182e-01 3.351296332708361136e-01 3.531790802566506793e-01 3.370347498320105939e-01 3.404687594646664262e-01 3.181625948079550015e-01 3.354506879747605752e-01 3.355228902917302691e-01 3.576425335994885546e-01 3.290264899531109566e-01
1.193653990626290656e-01 1.015189010855667706e-01 3.769455164071557896e-01 1.000000000000000000e+00 3.144789211937150109e-01 4.019597149872898290e-01 5.994122665438019748e-01 5.972593037621455325e-01 5.716902581513504389e-01 4.814393393448949676e-01 6.074898151445921046e-01 6.426995502019290374e-01 5.385541760775381936e-01 5.246308733555354875e-01 6.030076200125933372e-01 5.766722336822019956e-01 5.553485677163674250e-01 4.999736393312126936e-01 5.441985147587600213e-01 4.726771163914130769e-01 5.128444108656994294e-01 5.818385823300724624e-01 4.915840553024049542e-01 5.014189710351947271e-01 5.490091883240851844e-01 6.125872144395968499e-01 6.229188375669248989e-01 6.015526651095777222e-01 6.171554704872412866e-01 5.823820798253607212e-01 6.389843868454646580e-01 5.814814278766826661e-01 5.126338733637242351e-01 5.581323678153677914e-01 5.073098553695686297e-01 5.962949000692595591e-01 5.818799112589206901e-01 5.708153614750428595e-01 5.977952653013611783e-01 5.666222894571961710e-01 5.981798805850816469e-01 5.980701564059984765e-01 6.240808435789692021e-01 6.168361663376100701e-01 6.126730408660302496e-01 6.051581546463177252e-01 5.643606964664644732e-01 5.734320531749537153e-01 5.841330082030975479e-01 5.850222512128920860e-01 5.878451766766918940e-01 6.138499785231952277e-01 5.991379167801115235e-01 5.715248741736915772e-01 5.892845981731114069e-01 5.828284205101414983e-01 5.949684532776242651e-01 5.913228929116832733e-01 5.663495924172372575e-01 5.842138578530041704e-01 5.918661585266321579e-01 5.821604155933166602e-01 5.873751432929931182e-01 5.900604519446253082e-01 5.986847636736924994e-01 5.959271501254442827e-01 5.804249580922413720e-01 5.898322400942295207e-01 5.777774645063233905e-01 5.933244387766948291e-01 6.086515433137937858e-01 6.015914421500052622e-01 5.831836967407658667e-01 5.895191642920368791e-01 6.124172446485642851e-01 5.975621286644813290e-01 6.095545533936860272e-01 6.234990036235945610e-01 6.146708710574443346e-01 5.952533689089112290e-01 5.903740195865077034e-01 6.120859306633864572e-01 5.885983048861479494e-01 5.686454632018570488e-01 5.722921020495670419e-01 5.848004535499153889e-01 5.985823561460431597e-01 5.759115055833737840e-01 5.876250005766404660e-01 5.909680827187671071e-01 5.842148021329428564e-01 5.803983032499915318e-01 5.966884546728054017e-01 5.962512525595276003e-01 5.642858736100356820e-01 5.699999462326678090e-01 5.964878993423737841e-01 5.926004367941919426e-01 5.808489209473146619e-01 5.804704823736719366e-01 5.942351892955585191e-01 5.889252082805498389e-01 5.904201079129814955e-01 5.868629321668162868e-01 6.058180737273088923e-01 5.907769541119266554e-01 5.822684898715885238e-01 5.714346306399328279e-01 5.871764109908517160e-01 5.775848356789374805e-01 5.798174882335629388e-01 5.718206793433284751e-01 5.765517980684187194e-01 5.837523870947001203e-01 5.844382238403671437e-01 5.826173651038432100e-01
6.860169605473705190e-03 5.929202627891051042e-02 1.478439804677152691e-01 3.144789211937150109e-01 1.000000000000000000e+00 2.857617200006870584e-01 4.355861046058285835e-01 4.548390629205855129e-01 4.339268625235862542e-01 3.948088262911860213e-01 4.187021994215370801e-01 4.756044805267715669e-01 4.717872347759281548e-01 4.206717618896425037e-01 4.841433716619859551e-01 4.839132206815470738e-01 3.965268566867488631e-01 3.130790325485107717e-01 3.550262743480422367e-01 2.703533379600364661e-01 2.655307050131716640e-01 3.520846997000313117e-01 3.740861670225823499e-01 3.404116648855122773e-01 3.606972362522188891e-01 4.249380675226127058e-01 4.219307232328132762e-01 4.418048825135184599e-01 3.903142463120804484e-01 3.987426562915356021e-01 4.163156872562592814e-01 4.507057668355531899e-01 3.997181677938886901e-01 4.175213571800981960e-01 3.913095436453795650e-01 4.439001465409821989e-01 4.210363418023217452e-01 4.629335250506902422e-01 4.681436376259019427e-01 4.641901827828348037e-01 4.771419741284720906e-01 4.901346326636995543e-01 4.870408069961522091e-01 4.942518885189672861e-01 4.812196461687111015e-01 4.789343148084976853e-01 4.841962615249785773e-01 4.795333574370315710e-01 4.874613310557905921e-01 4.622732498029534787e-01 4.797311421410900278e-01 4.771621715516112805e-01 4.882159674039087682e-01 4.700895670932528358e-01 4.764625189836099173e-01 4.672218580751277273e-01 4.718938214368688100e-01 4.810965309137108514e-01 4.727363581793864733e-01 4.897382498490491787e-01 4.953565828397388793e-01 4.848224863718564315e-01 4.693259761455937928e-01 4.820750064360759257e-01 4.690696044216683402e-01 4.757187826945188935e-01 4.822649825082158670e-01 4.688639651775919348e-01 4.742615119628753040e-01 4.457231038049009331e-01 4.476287619269344598e-01 4.730481695040532064e-01 4.566090480446508559e-01 4.620730727233048341e-01 4.821068055991211132e-01 4.810679467261856357e-01 4.862408195238565045e-01 4.655327425459279134e-01 4.764227981698734293e-01 4.636024609520397188e-01 4.696066249524282199e-01 4.675958118699747312e-01 4.785278602822369276e-01 4.690665000635951265e-01 4.732924046823117625e-01 4.693610071397831818e-01 4.760633590037208207e-01 4.849566753585621282e-01 4.833993868674454908e-01 4.773702136772779436e-01 4.909041557225248820e-01 4.903711014910803190e-01 4.860114473562426318e-01 4.898580703172670803e-01 4.853030849127777935e-01 4.834605160324468853e-01 4.867315397839360736e-01 4.760834307912363283e-01 4.841050418725538207e-01 4.873674768895711606e-01 4.952057517586327395e-01 4.794839318747585732e-01 4.895211401708933763e-01 4.918097858404057443e-01 4.861203057376144998e-01 4.748141539777183118e-01 4.844971968194683454e-01 4.822580131463878872e-01 4.832584654105122612e-01 4.870756620341131216e-01 4.809327910325362221e-01 4.844941484673859211e-01 4.802475966499427651e-01 4.853070890716029706e-01 4.755680478305130410e-01 4.774334459816936271e-01
5.051480438454326871e-02 1.202796736220275442e-01 2.577281678260985309e-01 4.019597149872898290e-01 2.857617200006870584e-01 1.000000000000000000e+00 5.260067182182592838e-01 4.903072457564262021e-01 5.287127298705841527e-01 4.882176825132894527e-01 5.353797191980672610e-01 5.728058678756918765e-01 5.213037299044609441e-01 5.043302113116455709e-01 5.780458175089205897e-01 5.639445908034896870e-01 5.166474478271942949e-01 4.283614744098688254e-01 4.728105987652900244e-01 3.830643794038353644e-01 4.104364637561501161e-01 4.669359589424479373e-01 4.723124771722352344e-01 4.492139374184824230e-01 4.743704519941921438e-01 5.295685903467317601e-01 5.418575267943837037e-01 5.486149884898176010e-01 5.086779388837411320e-01 5.303739517461238950e-01 5.519415170973381857e-01 5.598146194676172360e-01 5.243165458426578551e-01 5.399814633268055220e-01 5.338105606604470754e-01 5.579706290517343348e-01 5.656135274657796419e-01 5.588257617631086083e-01 5.752347652521003774e-01 5.475486753657954342e-01 5.751671338140180723e-01 5.706953168447157498e-01 5.702817261720998232e-01 5.871550706117586449e-01 5.778663998426099013e-01 5.845378795203970412e-01 5.811609943664812761e-01 5.827575300494980404e-01 5.696733513202736354e-01 5.577655470983776675e-01 5.679566443209800308e-01 5.756850187959303700e-01 5.797874841638714916e-01 5.844989063009162766e-01 5.850174652771190642e-01 5.737906694744407954e-01 5.792427134915478781e-01 5.866355687734020607e-01 5.693062185141016807e-01 5.886475046091028673e-01 5.890968678237813450e-01 5.862287183781669242e-01 5.830644878862047964e-01 5.791743677074391305e-01 5.891289490395991146e-01 5.937349893025012371e-01 5.871878006128002925e-01 5.802902599211441359e-01 5.816954635106716953e-01 5.675459907647762980e-01 5.694575546765815455e-01 5.819785491504140262e-01 5.704405428994834271e-01 5.712767915056934376e-01 5.920122127371191256e-01 5.937083365488250442e-01 5.890290806026041714e-01 5.815959599778175448e-01 5.818282928965525791e-01 5.817641603743303191e-01 5.899437768483390965e-01 5.922023277668850838e-01 5.841688613666480290e-01 5.836393739684816451e-01 5.789516123870508402e-01 5.815280489696227351e-01 5.867324505284259306e-01 5.831266081800913215e-01 5.861193390770657041e-01 5.809398348564829284e-01 5.848389409987565513e-01 5.849116258049337214e-01 5.908615592675879880e-01 5.906816724020922393e-01 5.836330383438814717e-01 5.866113608936905921e-01 5.786240752998114134e-01 5.823645602756399864e-01 5.884591225167189465e-01 5.829864366637420581e-01 5.879814360963880882e-01 5.868450580408739459e-01 5.892164135971015293e-01 5.865037382429695301e-01 5.908460518191631650e-01 5.906716221004075784e-01 5.854279430105173709e-01 5.870218088227393549e-01 5.937807497965319481e-01 5.858864698528435389e-01 5.868816785115239520e-01 5.867030031722076933e-01 5.882490517750026404e-01 5.880829240697441618e-01 5.888310992536479604e-01 5.926971728431792430e-01
9.633507740766067418e-02 1.501561459213985317e-01 3.644195877120405269e-01 5.994122665438019748e-01 4.355861046058285835e-01 5.260067182182592838e-01 1.000000000000000000e+00 7.402132333147898313e-01 7.311545801422599800e-01 6.805764309374632282e-01 7.525165776774921378e-01 8.000053790403105491e-01 7.363909494542824064e-01 7.192920237474541567e-01 8.436660448239691190e-01 7.948158306068140444e-01 7.155287444888335235e-01 6.132342374282324649e-01 6.815298286023960816e-01 5.492133559132460485e-01 5.690055586681581623e-01 6.797157991449083170e-01 6.705010566823701446e-01 6.469071896812272904e-01 7.002725174631100336e-01 7.645181076600202630e-01 7.760393961284164366e-01 7.860161369902844974e-01 7.246525375047507822e-01 7.511963652187327867e-01 7.809193598039848583e-01 7.885067826769394106e-01 7.183553416100481037e-01 7.570324308759965870e-01 7.196800256086669512e-01 7.911977543039591110e-01 7.846092038745586805e-01 7.968724639003332832e-01 8.152911529220938647e-01 7.982921070404788155e-01 8.159154482802033481e-01 8.249692857152788328e-01 8.199013061206190667e-01 8.281444655301217761e-01 8.211446259956995952e-01 8.243133267716638013e-01 7.992641439185105279e-01 7.999863825161470654e-01 8.060757667196194465e-01 7.858059796890044524e-01 8.072775098032473062e-01 7.953495073732510523e-01 8.038387617210890346e-01 7.878663183667116154e-01 7.978483051185847330e-01 7.942236414176895298e-01 7.914416885213340080e-01 8.067822307553874639e-01 7.924890360563778824e-01 7.997461432010737337e-01 8.082741671003351724e-01 7.994394922457381814e-01 7.938663040299838158e-01 7.989781893905778531e-01 7.994826200146735173e-01 7.913716303004260100e-01 8.082434302751598798e-01 8.072626440671681891e-01 8.047681468842159402e-01 7.842631652729653569e-01 7.962394531196581582e-01 8.151551012873059499e-01 7.967082398190072912e-01 8.063417184745833577e-01 8.216226722072893507e-01 8.179826212301166688e-01 8.229727479761901332e-01 8.068831055095865290e-01 8.202798691189338021e-01 8.043026636956605024e-01 8.153121698759241420e-01 8.180720303655941716e-01 8.128123225224515025e-01 8.011928512962669391e-01 8.012789442970932319e-01 8.094931376590159822e-01 8.224173150495011075e-01 8.143970256920756157e-01 8.173929799634844784e-01 8.117258310860996362e-01 8.212688376777943500e-01 8.156550047481820886e-01 8.207086468438045124e-01 8.244665317720052400e-01 7.995422331305471753e-01 8.009754451438381162e-01 8.164246871419263973e-01 8.031657761836468179e-01 8.068462185021002542e-01 8.126217827491190038e-01 8.201274786939202199e-01 8.088986913517228761e-01 8.099246083144853170e-01 8.156261631620452812e-01 8.182542409411852624e-01 7.999035303201699199e-01 8.046605601800820295e-01 7.992635936323814194e-01 8.092943290975341819e-01 8.098722620629039692e-01 8.079147212039212711e-01 7.986308178696438498e-01 8.023177581536049541e-01 8.072352045206812043e-01 8.045723674472382569e-01 7.969794499411060329e-01
1.180411471204901447e-01 1.465771906802451341e-01 3.176241129884112002e-01 5.972593037621455325e-01 4.548390629205855129e-01 4.903072457564262021e-01 7.402132333147898313e-01 1.000000000000000000e+00 7.038599226970142508e-01 6.264942009072325124e-01 6.940845560614187226e-01 7.705089241291341873e-01 7.236144176308042519e-01 6.769740012592454503e-01 7.858252438650350502e-01 7.762779802674895091e-01 6.626841168772376056e-01 5.537540816967707613e-01 6.215425900467220766e-01 5.263656853889490117e-01 5.273738895632383850e-01 6.288957464660226426e-01 6.197733445808158992e-01 5.739731491816436604e-01 6.296081904658057393e-01 7.235554177907472795e-01 7.090584364345520196e-01 7.150389460824932986e-01 6.835109384725536197e-01 6.739702202074732140e-01 7.122175140937916371e-01 7.369388480806327024e-01 6.420798821997232286e-01 6.907580379567075379e-01 6.466237229335178860e-01 7.381542875235286294e-01 7.139019856388665319e-01 7.483598015637061840e-01 7.539265686350131723e-01 7.237710681187266015e-01 7.558252416650976802e-01 7.708639210433270161e-01 7.792909089783830456e-01 7.883816873542129899e-01 7.576395566285749616e-01 7.742013078132946591e-01 7.559557984419331689e-01 7.612051217270864312e-01 7.675950309275056949e-01 7.506174422279772163e-01 7.658362792242192629e-01 7.602374806140120844e-01 7.653800007134852201e-01 7.586207678453574799e-01 7.700366075131480637e-01 7.615013563676238384e-01 7.710204628640611180e-01 7.761218485920435839e-01 7.585988053225619643e-01 7.657688096945488576e-01 7.762343841420261681e-01 7.734408809466571944e-01 7.702884711693850361e-01 7.688270528582352714e-01 7.600837665113364672e-01 7.669635315773126738e-01 7.590114340483457012e-01 7.533998699819479672e-01 7.545547861455741412e-01 7.407491666226299065e-01 7.427337331841376011e-01 7.619432314417765584e-01 7.341357152869836256e-01 7.436187623434503680e-01 7.779886950254213396e-01 7.626980228504941506e-01 7.708057488548629710e-01 7.642157584783049185e-01 7.716793591034831756e-01 7.487072440934685602e-01 7.536828100254624463e-01 7.608895643808893938e-01 7.647453051977155525e-01 7.416524299888505034e-01 7.525755540802354648e-01 7.545697682060151790e-01 7.626234268587237519e-01 7.639073689878711493e-01 7.637054872526706228e-01 7.697099807674685490e-01 7.609973839696098086e-01 7.643170449484117945e-01 7.644004966442765614e-01 7.721290756220534623e-01 7.548623256380373459e-01 7.574154183277654884e-01 7.715885320047937146e-01 7.724116711925591572e-01 7.660639827629607268e-01 7.642820093019724315e-01 7.749442026275950024e-01 7.723993766349391832e-01 7.675283365273479763e-01 7.732322904332016300e-01 7.766058838570677469e-01 7.686244264229420420e-01 7.680592265456828160e-01 7.610941093098625432e-01 7.731130769326272079e-01 7.680604588457243809e-01 7.675123505049107342e-01 7.581869273960923916e-01 7.675917047034753748e-01 7.669334314141660336e-01 7.601721986080177684e-01 7.624680152032498048e-01
2.327936376715867839e-01 2.218767074641885551e-01 3.746948731808395494e-01 5.716902581513504389e-01 4.339268625235862542e-01 5.287127298705841527e-01 7.311545801422599800e-01 7.038599226970142508e-01 1.000000000000000000e+00 7.606416942848391871e-01 7.905566842444388120e-01 8.103121529139242218e-01 7.437357457577657982e-01 7.351053039081312246e-01 8.244127949427522140e-01 8.095004663412661561e-01 8.094181751397689917e-01 6.737573988510549006e-01 7.232231426073256753e-01 5.984169350913357555e-01 6.061975758446239704e-01 7.050960005742888947e-01 7.565804304408653147e-01 6.976995660721700965e-01 7.187854436662219904e-01 8.057729865812448544e-01 8.062363415329578675e-01 7.985706196777508925e-01 7.745777697185742827e-01 7.974878669341097792e-01 8.129471552069531537e-01 8.359762799845436021e-01 7.351697248535538076e-01 7.949262650453392531e-01 7.654955112024104391e-01 8.210051837769576366e-01 8.081335791029855553e-01 8.330411874363832236e-01 8.334030224143005317e-01 7.696406172838337056e-01 8.418234627990396346e-01 8.246882910354744745e-01 8.006730192157593962e-01 8.463030355643273994e-01 8.296058097943358467e-01 8.435267462500176672e-01 8.420597172498088812e-01 8.617089136239802771e-01 8.505665354971825298e-01 8.023722198517404536e-01 8.319606802641232868e-01 8.282317306907084342e-01 8.294084791997388129e-01 8.636608634885361013e-01 8.572326168642366850e-01 8.542705585171594951e-01 8.640357359725321373e-01 8.477941969323005145e-01 8.466298500391844506e-01 8.523364470186922670e-01 8.469602360350264592e-01 8.596195174366701997e-01 8.585444108919080275e-01 8.561385044446416792e-01 8.665920162574516361e-01 8.632140809724958563e-01 8.584462715748281125e-01 8.594961498453508320e-01 8.608719742106493156e-01 8.407968633745546150e-01 8.298493633613694964e-01 8.539107366682441302e-01 8.463171660753064929e-01 8.420329613424777371e-01 8.652514025769468820e-01 8.576811658051820553e-01 8.553105994149614588e-01 8.574589506214124190e-01 8.555261169854346814e-01 8.525015541169199684e-01 8.551081746315756238e-01 8.586643815405329283e-01 8.650879026900113455e-01 8.448748519142246227e-01 8.317562835535378118e-01 8.492520889183349242e-01 8.476233026925599212e-01 8.461938436581656342e-01 8.481275872306324182e-01 8.572235606745840508e-01 8.346251659723546990e-01 8.415664683686108205e-01 8.464078787953479566e-01 8.473580957463736629e-01 8.430939889688410238e-01 8.527014391523689563e-01 8.301746255048696455e-01 8.569683682058132357e-01 8.520294198945491670e-01 8.404304118807016666e-01 8.390897598584007300e-01 8.579899034829486792e-01 8.481894493501752619e-01 8.465901952116990925e-01 8.587348538234234052e-01 8.642524053277764740e-01 8.573914273106643114e-01 8.549484251726675588e-01 8.618716086691717848e-01 8.498491398744878467e-01 8.462771277501610623e-01 8.500567992538627937e-01 8.557175256886829784e-01 8.575027289574060907e-01 8.591579786837334476e-01 8.593857844502879040e-01
1.183366897131083173e-01 1.948207532685193311e-01 3.074247930446988852e-01 4.814393393448949676e-01 3.948088262911860213e-01 4.882176825132894527e-01 6.805764309374632282e-01 6.264942009072325124e-01 7.606416942848391871e-01 1.000000000000000000e+00 7.165625706429528119e-01 7.546765109927833226e-01 7.084518358491239676e-01 6.992148344944624228e-01 7.901722434961147012e-01 7.713478580133452667e-01 7.024429311076343385e-01 5.599000414660938452e-01 6.123865270717830933e-01 5.043782114328413391e-01 5.234334949553913763e-01 6.118340099188213088e-01 6.544630737331725845e-01 5.898388414517655720e-01 6.191295257620479386e-01 7.418168269985445651e-01 7.357085571424698545e-01 7.369802760072555747e-01 6.930178801919053555e-01 7.203592660246606050e-01 7.417762047793596825e-01 7.694482364249809470e-01 6.848188643250390228e-01 7.268317235326244852e-01 6.996299630984362805e-01 7.518884491429209671e-01 7.388718008100991774e-01 7.887531443737472170e-01 7.832433184955336358e-01 7.493661789225217751e-01 7.946710626004956923e-01 7.935308470260018510e-01 7.605629974265022408e-01 7.998844502260136213e-01 7.896954624549876733e-01 8.053704580487740516e-01 8.101436982399491393e-01 8.195245273764331095e-01 8.026599311659300406e-01 7.522973117668679821e-01 7.916425802569652115e-01 7.500610200286326190e-01 7.805855867905484580e-01 8.094587401904108637e-01 8.028283350062788148e-01 8.038445243757075254e-01 7.920897096654035963e-01 8.052480477653231050e-01 8.068745774234697965e-01 8.090190344803361855e-01 8.007162345743259468e-01 8.112869985704959097e-01 8.018956983556212448e-01 7.991506156155945284e-01 8.006210109985502088e-01 8.001258676915427026e-01 8.145488809243253137e-01 7.978162633937263548e-01 8.059868782269373755e-01 7.828548776331299974e-01 7.728529701290406395e-01 7.961812477516979625e-01 7.802289051330778547e-01 7.763644627504604490e-01 8.169316527215398915e-01 8.113057959531959629e-01 8.050387704263696209e-01 7.993782512102232118e-01 8.087306921643949709e-01 8.007361562233930030e-01 8.066691758413587765e-01 8.108693751538184058e-01 8.132821851662597190e-01 7.956777936607969393e-01 7.964096857795807116e-01 7.993184966614348408e-01 7.994051660633041401e-01 8.143940923543153687e-01 8.104898329087980580e-01 8.105468979230854298e-01 8.022016745366472579e-01 8.132009031171815172e-01 8.075160745607181667e-01 8.148984634071951838e-01 8.144688980143192092e-01 8.184733896512518259e-01 7.925583171247948533e-01 8.003423450747736423e-01 8.145757985743035112e-01 8.081007001547576563e-01 8.049314440761434764e-01 8.151079238619066691e-01 8.084606693145072187e-01 8.122250368221918260e-01 8.062489657868814330e-01 8.066368161194465980e-01 8.135286876731474548e-01 8.181069920166180731e-01 8.179447757887430281e-01 8.149084185392692081e-01 8.120939210342481562e-01 8.128028794573742832e-01 8.162816871860532064e-01 8.137408368356237043e-01 8.111127196757395019e-01 8.089363155504294411e-01
1.345894532997831683e-01 1.804549817836305359e-01 4.480080135925800233e-01 6.074898151445921046e-01 4.187021994215370801e-01 5.353797191980672610e-01 7.525165776774921378e-01 6.940845560614187226e-01 7.905566842444388120e-01 7.165625706429528119e-01 1.000000000000000000e+00 8.474995214623574080e-01 7.410946116731305100e-01 7.647649338064544944e-01 8.443064119937221390e-01 7.997242265815177609e-01 8.093798276992277829e-01 7.179765258448441712e-01 7.836187355860601000e-01 6.315581266520619019e-01 6.570383084862692069e-01 7.766752034310221431e-01 7.713361250396144619e-01 7.437450731389813052e-01 7.863946468193464545e-01 8.518839437887321120e-01 8.586084447054087576e-01 8.540516453051559820e-01 8.142190662004189505e-01 8.463216634453993859e-01 8.704534957746030699e-01 8.483300463613258069e-01 7.742198525097574446e-01 8.297935474235592634e-01 7.929147003732969212e-01 8.474908173875823625e-01 8.547946065602507471e-01 8.434805122635107288e-01 8.709042090191061458e-01 8.274091721690702839e-01 8.680576708753614534e-01 8.579076841170633072e-01 8.429734311517833589e-01 8.685312848929840346e-01 8.711968012972547415e-01 8.678351144016112073e-01 8.461181762724215849e-01 8.566721374307567638e-01 8.466725088954699663e-01 8.137683190554668711e-01 8.460085573039427542e-01 8.359294963571399784e-01 8.446295041773956846e-01 8.503440796000817370e-01 8.606465306001194193e-01 8.673600109087920007e-01 8.429167571801536862e-01 8.594407953719198634e-01 8.469111692043043149e-01 8.483468234121612772e-01 8.557566191404675227e-01 8.535423025713257950e-01 8.432515223047636344e-01 8.484865265370561405e-01 8.675465954751014896e-01 8.504783897984663499e-01 8.679297069018693245e-01 8.821309076183598830e-01 8.689494523225700373e-01 8.631012157081007219e-01 8.718112409322654743e-01 8.869233989842710830e-01 8.710393275117642720e-01 8.781125923664813149e-01 8.882209767045284865e-01 8.807914294235369423e-01 8.843240214720988757e-01 8.830321800722132908e-01 8.867147446608653061e-01 8.767817068885106480e-01 8.803548945480358379e-01 8.903046644231275009e-01 8.755924473565726007e-01 8.636764085543148228e-01 8.473871636519860751e-01 8.729260450004779903e-01 8.824571359388611036e-01 8.640765376205723491e-01 8.713823970065204261e-01 8.736845226201603865e-01 8.696192750176762187e-01 8.609219418495378529e-01 8.766145622894913059e-01 8.746311536458916125e-01 8.514055560577492576e-01 8.556331813499782335e-01 8.536291752646180120e-01 8.499685786489706851e-01 8.548573407032917792e-01 8.570896348293745026e-01 8.627940539272367371e-01 8.598876958677686977e-01 8.601179998543664329e-01 8.608936422513786546e-01 8.697531822603523644e-01 8.531568904844247792e-01 8.549171165662713401e-01 8.583707186807170153e-01 8.677311331753500001e-01 8.579965386343053613e-01 8.579203133474081477e-01 8.506273952152182405e-01 8.580601899217319417e-01 8.592576802956842785e-01 8.679682380925497487e-01 8.539650715574317319e-01
4.975950226881445393e-02 1.526061677901310587e-01 3.675731196048309113e-01 6.426995502019290374e-01 4.756044805267715669e-01 5.728058678756918765e-01 8.000053790403105491e-01 7.705089241291341873e-01 8.103121529139242218e-01 7.546765109927833226e-01 8.474995214623574080e-01 1.000000000000000000e+00 8.205757155060392494e-01 8.223771359712540585e-01 9.120769430998312277e-01 8.892277358255883390e-01 8.028238102861013914e-01 6.457133377618932135e-01 7.323497346032714628e-01 5.941402586161401711e-01 6.113310923253781892e-01 7.384032354795111441e-01 7.287394553614456871e-01 6.853842127177656174e-01 7.488382552280665738e-01 8.432481477445959994e-01 8.612623338968334874e-01 8.672184560497883110e-01 7.918085144883586501e-01 8.144420051777609970e-01 8.644202603951802732e-01 8.831046285717184530e-01 7.916853734158308953e-01 8.409456457968388365e-01 7.907380494658980963e-01 8.853965231754113985e-01 8.649007602306885145e-01 8.927710902768730694e-01 9.105339612159909501e-01 8.853810479325902039e-01 9.229983542883107850e-01 9.242510544933508765e-01 9.106689308240535352e-01 9.386818057021685258e-01 9.293881273555268940e-01 9.209251976241698001e-01 9.252146856476169967e-01 9.260488149863015384e-01 9.235362913362935577e-01 8.850368957058789565e-01 9.227860575472894844e-01 9.131773072666026225e-01 9.258899128646802534e-01 9.156674507513872241e-01 9.192605721212786518e-01 9.127669023972287965e-01 9.118712660371436352e-01 9.240280678730031783e-01 9.116093735775412377e-01 9.298142891992978720e-01 9.355480917027496623e-01 9.260670584727875854e-01 9.163104065020322153e-01 9.263827600535472495e-01 9.246235769708790464e-01 9.233941890500890759e-01 9.301969676099484108e-01 9.153681177347235964e-01 9.129496757693367215e-01 8.951212440603466547e-01 9.030712454175436887e-01 9.285686422926772154e-01 8.935916557584383524e-01 9.084105694009934062e-01 9.363625337451643160e-01 9.356553013523889462e-01 9.375423134059088781e-01 9.211996837464178078e-01 9.242480121315200803e-01 9.101689022177864574e-01 9.224294872709838389e-01 9.325521316606478761e-01 9.300598124085281970e-01 9.045966700516085979e-01 9.120758727433656565e-01 9.209768998315631672e-01 9.334303234993756027e-01 9.292688402159544614e-01 9.327548587629970189e-01 9.308039582521718813e-01 9.333815354388076413e-01 9.357410258507530276e-01 9.396966068365670832e-01 9.399194082852769805e-01 9.297005478295667924e-01 9.306519097460540513e-01 9.291564622420630526e-01 9.228738143115157166e-01 9.315209788154842352e-01 9.327702909151861510e-01 9.381595471094150707e-01 9.321338146622403231e-01 9.366927389990297170e-01 9.381000283552025643e-01 9.401913170487350424e-01 9.238000835553916712e-01 9.305054638894277863e-01 9.289871764776933549e-01 9.329982777512351166e-01 9.328039285501039668e-01 9.301909994117180114e-01 9.301638263689130381e-01 9.293182265682260468e-01 9.349907653539025754e-01 9.326476600991607802e-01 9.284349682338659537e-01
2.529570138248833644e-02 1.248587523252561865e-01 2.836931498703800791e-01 5.385541760775381936e-01 4.717872347759281548e-01 5.213037299044609441e-01 7.363909494542824064e-01 7.236144176308042519e-01 7.437357457577657982e-01 7.084518358491239676e-01 7.410946116731305100e-01 8.205757155060392494e-01 1.000000000000000000e+00 7.363790491331940746e-01 8.343347236966869307e-01 8.433653827086873278e-01 7.103128533554071700e-01 5.644455656240604524e-01 6.387353711555695535e-01 4.982936608960972791e-01 5.166391321073451337e-01 6.316895821016831336e-01 6.457719163162330966e-01 6.088078193073349631e-01 6.530416120341869801e-01 7.385437389647789841e-01 7.445177924316080942e-01 7.590192992390044635e-01 6.872134920831998173e-01 7.158777123032936673e-01 7.488454965618986936e-01 7.952051067550889307e-01 7.107899976752021232e-01 7.545917636208331336e-01 7.079188747190225950e-01 7.962856610502543342e-01 7.605909349891155635e-01 8.176297115254733683e-01 8.243179528628227226e-01 7.903559100891887068e-01 8.352423010790652746e-01 8.453170979313403555e-01 8.327804273289739490e-01 8.558483418805855614e-01 8.363290873937938574e-01 8.354138821084838851e-01 8.549310303474858541e-01 8.517510317346874693e-01 8.486426125847749136e-01 8.115829967531005273e-01 8.432710082531083007e-01 8.360889827462895108e-01 8.528314848143435656e-01 8.410195237112009226e-01 8.357673438009032285e-01 8.279368404660897296e-01 8.279664814038173448e-01 8.555822468710538864e-01 8.301003381045520824e-01 8.610421924007092276e-01 8.631278008196974216e-01 8.516390303876942847e-01 8.371256013057635226e-01 8.533433953307505426e-01 8.397471175972057722e-01 8.483469765232074522e-01 8.502157992580698931e-01 8.327406761584207340e-01 8.353625904945498615e-01 8.052415658352062300e-01 8.096688343064295523e-01 8.394105804778992930e-01 8.139307035210843200e-01 8.221764938331443950e-01 8.492413052577368893e-01 8.457905736159029297e-01 8.456771329561838524e-01 8.268612212855231958e-01 8.383472955142551308e-01 8.294851058281164091e-01 8.390105737426065691e-01 8.380511349522976605e-01 8.457136676300213152e-01 8.280108940227383085e-01 8.381496750713779420e-01 8.409390724692019647e-01 8.421815814176958348e-01 8.526608740740130310e-01 8.538354606547583492e-01 8.484068101525050754e-01 8.515081109539897053e-01 8.599861629339372593e-01 8.543550476355060708e-01 8.574248281356289247e-01 8.567598735696890788e-01 8.560259160860638206e-01 8.467736905456506591e-01 8.408431050628852876e-01 8.549849817908116156e-01 8.543808684115309360e-01 8.618831278729519596e-01 8.507123866986131544e-01 8.579605547386334186e-01 8.642481639977062091e-01 8.590563318964040684e-01 8.433286396673688179e-01 8.536203694788887519e-01 8.558028776998628517e-01 8.559471671712995944e-01 8.588733613600189054e-01 8.520017378823510068e-01 8.596138258428487333e-01 8.552260154380358914e-01 8.589989378512928875e-01 8.523568502813082537e-01 8.530355857268840936e-01
