1.000000000000000000e+00 7.511613686541175616e-02 1.382571763482934660e-02 5.722231426889715089e-02 4.240482607058747300e-02 7.614017490064029989e-03 -2.223641687177146595e-02 -3.542129089635047412e-02 1.135364039086462912e-01 6.364250076457131540e-03 6.892466879489227843e-03 1.581104002549645754e-02 2.860514107031643383e-02 1.556971508370135100e-02 -5.055783212252789455e-03 1.086720865599979935e-02 1.097174174980108247e-01 2.226143678499593187e-02 1.674485118085866295e-02 -7.041706958855743076e-03 4.596952405845554715e-03 1.581276939023351646e-02 1.218635655949226564e-02 -3.238011653524430766e-02 -1.227984237067466546e-02 2.965072652880707416e-03 2.487703100399774048e-02 6.319251690855168767e-03 2.697555334470261995e-02 1.927364925068969156e-02 2.458637346425955952e-02 -1.182860909906086055e-02 -3.039497437104828406e-02 6.932872250199170923e-03 -5.695118380567170974e-04 3.100603208890459137e-02 -2.619362012461116853e-03 -4.018012092413678765e-02 -5.567730894278224291e-03 -6.540495238374345599e-02 -6.488963687985101550e-03 -1.965008148194164958e-02 -2.293177773914468684e-02 -6.178310937656015123e-05 6.933938008130693768e-03 -1.364879058558362591e-02 -7.920731853372690412e-05 -4.798842490670612209e-04 -1.005055934530593893e-03 -1.750874259548562337e-02 -2.221372416696646909e-02 2.527160770216588248e-02 1.374142414815993432e-02 5.781125284958237368e-03 -1.428550878113015940e-02 -2.064862699455066383e-02 2.180058528733808121e-02 -3.939241754899756864e-03 -3.991411740122394192e-02 3.515634605838803550e-02 -1.597168804728718236e-02 2.946334722251008238e-03 -2.611329404884257105e-02 3.345854108701855345e-02 6.480758988297555256e-02 3.972971677883534863e-02 1.810240297789581995e-02 -3.852981232134899850e-04 3.075842621057824165e-03 1.421488968393655244e-03 -3.404003049720107869e-03 2.019129616477883648e-03 -1.585259557012396944e-02 -1.556827492572005617e-02 1.065651988801429896e-02 1.107072330005693349e-02 5.414382674409879206e-03 2.124826705928333295e-02 8.374336862112306476e-03 8.103809180525917144e-03 8.438318520786827065e-03 6.828462929775110622e-03 3.043842174174823598e-02 -2.630459963931989706e-03 -4.540914079339070965e-03 -3.441783088295722638e-04 1.356432632693348964e-03 -9.881408338795871077e-03 -1.732656901755918154e-03 1.136765364267980420e-04 -1.908029038887531711e-02 -5.373238265495813501e-03 -4.671498643912436232e-04 -6.846731628881405282e-03 1.452907626987249038e-03 5.459816373565119958e-03 -1.838344722250864760e-02 2.280665765989366156e-02 -8.568320788443147288e-04 8.591019668726204055e-05 -1.218139406391265459e-02 7.515358076763544934e-03 1.354609811467917882e-02 8.101768907083703800e-03 2.363983831042413414e-02 2.744102923316871570e-02 1.109102706770272173e-02 5.159349926104950246e-03 -4.873901134284102862e-03 1.021245650216445582e-02 -1.497285674641403615e-02 2.474674487687893512e-02 5.724705556490701681e-03 1.999260219120876925e-02 3.395744848664584287e-02 2.778358144064484864e-02
7.511613686541175616e-02 1.000000000000000000e+00 7.030163359828774106e-02 1.251545321104757524e-01 1.062961366165134092e-01 9.970410611438122739e-02 1.764030463801590787e-01 1.197047669182930568e-01 1.945972828244590114e-01 1.833871654075329150e-01 1.612651876055936628e-01 1.683472314432030992e-01 1.600550229015365589e-01 1.192741044518948051e-01 1.638765786826779647e-01 1.596289957652458902e-01 1.493493771251914459e-01 1.853578875303837359e-01 1.728447452069904744e-01 1.679456025598120295e-01 1.442308739916590421e-01 1.623932279754386476e-01 1.762784724555223614e-01 1.555296348888279834e-01 1.697014223184789561e-01 1.814283151129529037e-01 1.980214958789895396e-01 1.989312992406113700e-01 1.788346573689645336e-01 1.905607277265750632e-01 1.796614171422128148e-01 1.685676503896061940e-01 1.750621387497740822e-01 1.573246071650411526e-01 1.726103657376304168e-01 1.228090328884737931e-01 1.696739106663773533e-01 1.634282239965170191e-01 1.582929548949710552e-01 1.626820994051826896e-01 1.781271318003809778e-01 1.762475801405491982e-01 1.487900774409099125e-01 1.688671099445868407e-01 1.644190151195891458e-01 1.682822189056710216e-01 1.601883260930775099e-01 1.672506504879762712e-01 1.591254881809646693e-01 1.363460399958818792e-01 1.479388417131766165e-01 1.443752591458613566e-01 1.575016671995545514e-01 1.745985567574676878e-01 1.716403279579758190e-01 1.679191253588745714e-01 1.552969449456570450e-01 1.669378658283827976e-01 1.647841201026394309e-01 1.721702998795002770e-01 1.543654500364613491e-01 1.682710811289700181e-01 1.470753070428126863e-01 1.500512471645265300e-01 1.592497835005211582e-01 1.628329810200128402e-01 1.692500175092750692e-01 1.659416059165888246e-01 1.709804940367706805e-01 1.708533414405464523e-01 1.645784610667750114e-01 1.648854130642191385e-01 1.712737156824231943e-01 1.626074763767292874e-01 1.701125115945997246e-01 1.745520513659271078e-01 1.758644964377543973e-01 1.793976724529538214e-01 1.780791885050213297e-01 1.716801128624574901e-01 1.710094361579528599e-01 1.707187938251901738e-01 1.678333860324751348e-01 1.688568216407879963e-01 1.637071628841752780e-01 1.672552828923179746e-01 1.632149433006429562e-01 1.719144213211203365e-01 1.639703081615128677e-01 1.719607779415353310e-01 1.793716696669567512e-01 1.742294880938026758e-01 1.693965219751352447e-01 1.672876403885935614e-01 1.672670003617573453e-01 1.681971582141391641e-01 1.583548282002228969e-01 1.525639342565929535e-01 1.594720158603457338e-01 1.658354276918908576e-01 1.587785173554265294e-01 1.566763159432011943e-01 1.611529710643841151e-01 1.640787807791270481e-01 1.546301946644824399e-01 1.632229974508027648e-01 1.685426757442136658e-01 1.700426886299417628e-01 1.759542978836120819e-01 1.737901008145356918e-01 1.718137536911612251e-01 1.684446590030325153e-01 1.673592605523277488e-01 1.595966689206507194e-01 1.616911210282054034e-01 1.664593710138149718e-01
1.382571763482934660e-02 7.030163359828774106e-02 1.000000000000000000e+00 2.611599109215539949e-01 1.744514562190737361e-01 2.425019810931561826e-01 3.266508576247761364e-01 3.258890968683064160e-01 3.353449211104932992e-01 3.005768523920397950e-01 3.402092649730769636e-01 3.565710067739706335e-01 3.167665507341674846e-01 3.282493810610773721e-01 3.734140259611091750e-01 3.613330231964259065e-01 3.317415497161082527e-01 3.596449897962887832e-01 3.714615657842113006e-01 3.430036604512366472e-01 3.479665886217553350e-01 3.650838173610037596e-01 3.364947819431359788e-01 3.618613367159987382e-01 3.735989951945219434e-01 3.751002912586208216e-01 3.820603800706292574e-01 3.767755701702706905e-01 3.687092589054891678e-01 3.828946404436872619e-01 3.765126261689472065e-01 3.700731849721954902e-01 3.554500884205016309e-01 3.566872862350093931e-01 3.568696285859111472e-01 3.519214156813907368e-01 3.621780659041469730e-01 3.662197236894483288e-01 3.641776429029902062e-01 3.718755545727754908e-01 3.771003804339128629e-01 3.756377865924553361e-01 3.747774323231782279e-01 3.773741352977031949e-01 3.799401701182403279e-01 3.747155995713852827e-01 3.665402979677388484e-01 3.730207424682752126e-01 3.648207270746582354e-01 3.540648559132943962e-01 3.582507695775278833e-01 3.525604989271231005e-01 3.722924072733267975e-01 3.664508551732558739e-01 3.602874689491595284e-01 3.766913961553593482e-01 3.540690111636669024e-01 3.643546688221223073e-01 3.602835896965610463e-01 3.629704902362801966e-01 3.701973546455114561e-01 3.656381066902295029e-01 3.650514539584765461e-01 3.587207153462880216e-01 3.649222034665374759e-01 3.612338872125688272e-01 3.716910221431530825e-01 3.723297740519586618e-01 3.720268256924665895e-01 3.792665335266098281e-01 3.816351134728166450e-01 3.807345004011278844e-01 3.801734535403977211e-01 3.846331339576924968e-01 3.769661121154235239e-01 3.773892965291033019e-01 3.778740255187337249e-01 3.783170387738480356e-01 3.779280987762996813e-01 3.781618305945821379e-01 3.721383647755224233e-01 3.726801679611297380e-01 3.737085821451422429e-01 3.724747315831409833e-01 3.764307183242871502e-01 3.748201577284063224e-01 3.724478973181522545e-01 3.789050773338442646e-01 3.728437358490885867e-01 3.769725027623292979e-01 3.839922841161326206e-01 3.797627368809896597e-01 3.794662711908268760e-01 3.780981804267308233e-01 3.727596380026638179e-01 3.725504804019385552e-01 3.794747468172951499e-01 3.669327051814151863e-01 3.735886972535963912e-01 3.763692260277617385e-01 3.796545081069492844e-01 3.732619748800156678e-01 3.707170521790647544e-01 3.763335737129172576e-01 3.746091466442527107e-01 3.709959430673029357e-01 3.722750810069188621e-01 3.749518936746030207e-01 3.766244185529372124e-01 3.738117117040444248e-01 3.809127421497661703e-01 3.682689244577280197e-01 3.767159412004381647e-01 3.702620102438015093e-01 3.709758614605600524e-01 3.672136235389982239e-01
5.722231426889715089e-02 1.251545321104757524e-01 2.611599109215539949e-01 1.000000000000000000e+00 3.636569905610790854e-01 4.242583127790940378e-01 5.808435878582483003e-01 5.511362001853797876e-01 5.816599260548448447e-01 5.290383649624831319e-01 5.879779080974755212e-01 6.290257943166089882e-01 5.711930000844467337e-01 5.230912391071929068e-01 6.403634141694061199e-01 6.369163486674201957e-01 5.875902263871296549e-01 5.930954322575309190e-01 6.110186085477643525e-01 5.778026395001674143e-01 6.037383096522179748e-01 6.105665718230834926e-01 5.698381644548379255e-01 5.643169947546775589e-01 6.022876339763907350e-01 6.291459817427730306e-01 6.147396979848059884e-01 6.117662804809599342e-01 6.209252876314871328e-01 6.316657484577415937e-01 6.418063870851581365e-01 6.259722902564798241e-01 5.864445959630698590e-01 6.134983884357693151e-01 6.081259456210867942e-01 6.109351442555249756e-01 6.200037946119212329e-01 6.288242943562508680e-01 6.326826332899231353e-01 6.129610754143380857e-01 6.443811086344345407e-01 6.413653470510050081e-01 6.386876209695562245e-01 6.498444519088905080e-01 6.394450595149276939e-01 6.358314017275601415e-01 6.379505484116598790e-01 6.393203270190588317e-01 6.361128166976253162e-01 6.332240558792497920e-01 6.352897097928357217e-01 6.454853116935327373e-01 6.452779277743729835e-01 6.412149172430985367e-01 6.341543374626122942e-01 6.338335711205390632e-01 6.411456721535240266e-01 6.432296940626582860e-01 6.342551456393853426e-01 6.475301410734943808e-01 6.459836087677056637e-01 6.444801699080441315e-01 6.416666943035072013e-01 6.458497440096907516e-01 6.481345569965684117e-01 6.496147057563399496e-01 6.407468272955826327e-01 6.424052687034887965e-01 6.386673315721715927e-01 6.563961474032966592e-01 6.478228890309728483e-01 6.348011952441448003e-01 6.284102477716627666e-01 6.334217035288827180e-01 6.411423455962326212e-01 6.429314914078249066e-01 6.435297186283824855e-01 6.422170927069791313e-01 6.384563469094126642e-01 6.383317488167099540e-01 6.384044997956330736e-01 6.392101354404502445e-01 6.445381314958245067e-01 6.325608484649797303e-01 6.441889212950258070e-01 6.395015357525244415e-01 6.402956512408481959e-01 6.420206673944924836e-01 6.382108702211076734e-01 6.377475730164802181e-01 6.384553295541117723e-01 6.433769178900903274e-01 6.440530755782151173e-01 6.411222527219591072e-01 6.415444943305632641e-01 6.410416144413970674e-01 6.441691878296715856e-01 6.470358928601823711e-01 6.475619809842338981e-01 6.485997742946314482e-01 6.447571649519424630e-01 6.496492747255776523e-01 6.472590113906656617e-01 6.472656009015427259e-01 6.525535590118335394e-01 6.416827917067978726e-01 6.430597795482723145e-01 6.425827029502670928e-01 6.421947745328506763e-01 6.474065736903684698e-01 6.438912397105499563e-01 6.445854873304619481e-01 6.452346592994995245e-01 6.488624909886330228e-01 6.471929132517389993e-01 6.478228674254071784e-01
4.240482607058747300e-02 1.062961366165134092e-01 1.744514562190737361e-01 3.636569905610790854e-01 1.000000000000000000e+00 3.256977066592925962e-01 4.786250273954407719e-01 4.645524202721575957e-01 4.584454705192888557e-01 4.381025098020681630e-01 4.597237268680740563e-01 5.028700381296569155e-01 5.052986429235707400e-01 4.200495017543542375e-01 5.094206391837127201e-01 5.076736513958102215e-01 4.607622555521759256e-01 4.749844535913879118e-01 4.846662862223601320e-01 4.461563848787151176e-01 4.686215173064174899e-01 4.739402285866132214e-01 4.581352914358462480e-01 4.437554542958947468e-01 4.776666773694179247e-01 5.010358834755450630e-01 4.763910593605551469e-01 4.745593790413820123e-01 4.661115636794734285e-01 4.984044153431579915e-01 4.963716812143921242e-01 4.973517565935907103e-01 4.610841628667485814e-01 4.685571811568631784e-01 4.848736109358517954e-01 4.586397868626230223e-01 4.862585745230981749e-01 4.841294809404125821e-01 4.941845085815224636e-01 4.760861943458424284e-01 5.043243736544165134e-01 4.979721206659109001e-01 5.010899038436966713e-01 5.077220956458250445e-01 5.023347044773457393e-01 4.947951323275417979e-01 4.966469113525676105e-01 5.026969676475991911e-01 4.986654851501716723e-01 4.808626334596991514e-01 4.923241374828962180e-01 4.970071874800836564e-01 5.038541080847765974e-01 5.011202531233980295e-01 4.929270337290566628e-01 4.977736456245678842e-01 4.898989839166001947e-01 5.020647548161367713e-01 4.870142538313140257e-01 5.137923156190540297e-01 5.053878820787345294e-01 5.032873988030418522e-01 4.907123755064610737e-01 5.000328464867511702e-01 5.052515565596900071e-01 5.070373235285385860e-01 5.063294815158976281e-01 5.065532972572552861e-01 5.068522727887969648e-01 5.116758828946186277e-01 5.100641729025259252e-01 5.023549942209016850e-01 5.049480775549423095e-01 5.035378499632297000e-01 5.080749106530518810e-01 5.053770363536296273e-01 5.004729718452517462e-01 4.951883477522642796e-01 5.012890921299051339e-01 5.051830903697699382e-01 5.038953703131036077e-01 5.050343702983409733e-01 5.010752126948964102e-01 4.996293201105216353e-01 4.978018946363484409e-01 5.011356323498323828e-01 5.024404372288265863e-01 5.025723964294313006e-01 5.003592658894309153e-01 5.015875132698554006e-01 5.006187343965752268e-01 5.054465767972827761e-01 5.030355962640631340e-01 5.070059928624733869e-01 5.038229304776764561e-01 5.045564362748663489e-01 4.945755834606359591e-01 4.926796955131219624e-01 5.042827390760394879e-01 5.017873785914760409e-01 5.077690602520554819e-01 4.997137356843351919e-01 5.115816205315517617e-01 5.086765079398798406e-01 5.070973433834506938e-01 4.941662183986285650e-01 5.029458304042770944e-01 5.069967542104543146e-01 5.031955957837289661e-01 5.075367761203906092e-01 4.992476066515329491e-01 5.102798808291134636e-01 5.051131684026991531e-01 5.040279950682695631e-01 5.065702338906197255e-01 5.072773147453750742e-01
7.614017490064029989e-03 9.970410611438122739e-02 2.425019810931561826e-01 4.242583127790940378e-01 3.256977066592925962e-01 1.000000000000000000e+00 5.607856687137786622e-01 5.189403457938336350e-01 5.697477129118345696e-01 5.558149275751566032e-01 5.674473433533558930e-01 6.002299837754030420e-01 5.468890917495624615e-01 5.056871857359445110e-01 6.204379688906628276e-01 6.006539204113897634e-01 5.716940490572347544e-01 5.763697841016882650e-01 6.050759656598472258e-01 5.454169373973253299e-01 5.491035878506776990e-01 5.880155513040974391e-01 5.830823449294441074e-01 5.483499867143234452e-01 5.918596749644214894e-01 6.176875757032675995e-01 6.069106024471359051e-01 6.015587905300361360e-01 6.001549278852835734e-01 6.292934014781819130e-01 6.368776699762522808e-01 6.290181344578326117e-01 5.977497721704249090e-01 6.163775623720408881e-01 6.151885097796538915e-01 6.000285468566509683e-01 6.262857767447685964e-01 6.269316236038929846e-01 6.326987791113601878e-01 6.110157210378078796e-01 6.294389296761654373e-01 6.322810132502134639e-01 6.224905367694817393e-01 6.307565538494489532e-01 6.303589962016320492e-01 6.265129175585471000e-01 6.341858427616633431e-01 6.366921814464404639e-01 6.346775275503218072e-01 6.169274439255384435e-01 6.264535568584568281e-01 6.015966563191256222e-01 6.265268607006282409e-01 6.282077792749017897e-01 6.255884818613801635e-01 6.329549015735121964e-01 6.160248806653998432e-01 6.278712077957715465e-01 6.259814534516484619e-01 6.334640527834641821e-01 6.319602828447996590e-01 6.320011711839575996e-01 6.242475541310027465e-01 6.281708046784675314e-01 6.238225665434473655e-01 6.259982984917513704e-01 6.365019730782845997e-01 6.384856092440874820e-01 6.386234503399731421e-01 6.355078754994124557e-01 6.337881115235149965e-01 6.351686676846516333e-01 6.295663786722860422e-01 6.288781415708046829e-01 6.370287941515154762e-01 6.380295086817737715e-01 6.364975905171773585e-01 6.272652590271691198e-01 6.378803638622068117e-01 6.380382943573569277e-01 6.391898643699565064e-01 6.393734572933607030e-01 6.333378020649688134e-01 6.375253346490772355e-01 6.342214348451765682e-01 6.343634125246614408e-01 6.370769208798593430e-01 6.378234676554084270e-01 6.417381784003459710e-01 6.357815267851280039e-01 6.326808500035377980e-01 6.382182041769403069e-01 6.403685106100494018e-01 6.390190840971162745e-01 6.372256967150599083e-01 6.384950125720125769e-01 6.295460544852028439e-01 6.244452445905726012e-01 6.349191368387582246e-01 6.375409899056453389e-01 6.370578243372178040e-01 6.324741370471920199e-01 6.358006941052052330e-01 6.370297082051533666e-01 6.324691102487918215e-01 6.219082871838073068e-01 6.380473910359119039e-01 6.367164808970166012e-01 6.352650023400058243e-01 6.367012574623966970e-01 6.361302177132139857e-01 6.340498868750084061e-01 6.357389338049723726e-01 6.350593252384701959e-01 6.325416466086438705e-01 6.325587236815156666e-01
-2.223641687177146595e-02 1.764030463801590787e-01 3.266508576247761364e-01 5.808435878582483003e-01 4.786250273954407719e-01 5.607856687137786622e-01 1.000000000000000000e+00 7.213086338115843876e-01 7.397683246793322898e-01 7.124420590751866511e-01 7.708990569423487260e-01 8.103697524879259761e-01 7.456640302995740655e-01 6.846854382239135894e-01 8.467313097162441071e-01 8.179023098355522325e-01 7.171924419054281907e-01 7.948117019106355485e-01 8.089611488618740909e-01 7.589668584875753909e-01 7.385444472849799213e-01 7.819248591598528808e-01 7.968530791712418182e-01 7.628711828372284343e-01 8.000470347922358227e-01 8.375903149791381619e-01 8.100506884385673123e-01 8.058135545669060651e-01 8.114509270952282582e-01 8.350443686403937749e-01 8.395376829223277770e-01 8.367202887449208815e-01 7.902870884952475361e-01 8.087867527350827146e-01 8.117743250970107516e-01 7.820618248481872037e-01 8.307681337592431881e-01 8.380424039147825743e-01 8.359648032971036535e-01 8.357719165581191101e-01 8.432335662628006601e-01 8.433543244572412334e-01 8.339598043921161441e-01 8.433953692490373522e-01 8.380999414296560479e-01 8.450740581231799275e-01 8.405542263128833458e-01 8.430237174934449573e-01 8.376374016021912450e-01 8.187156013483229966e-01 8.290749743685389417e-01 8.008984357839671331e-01 8.300212859104449947e-01 8.357061365894689065e-01 8.398755650971402309e-01 8.526044504360892340e-01 8.154757548602684647e-01 8.335033094420835065e-01 8.404634213498660689e-01 8.342007506359548907e-01 8.410837856074493413e-01 8.393481452890377836e-01 8.345030170591056784e-01 8.195022836528035315e-01 8.108154081868220731e-01 8.221021634242527965e-01 8.366801319559468153e-01 8.478888202199540425e-01 8.473088501283334573e-01 8.461365982398220131e-01 8.439958598646064569e-01 8.427023309804509976e-01 8.461017977037423865e-01 8.433828133418383999e-01 8.475762109596083338e-01 8.430683117662622905e-01 8.443072675143410422e-01 8.396333620315657997e-01 8.483992415972009260e-01 8.443419099966485986e-01 8.454020735722330704e-01 8.455317615391488850e-01 8.361841314346737386e-01 8.444596940954793851e-01 8.462253236802981249e-01 8.458669873984897558e-01 8.441413305650287136e-01 8.524738941543229531e-01 8.468578748739540307e-01 8.502583876648740491e-01 8.520786431978387698e-01 8.506663032121490886e-01 8.464657951135197145e-01 8.483224006918295146e-01 8.442074968790362899e-01 8.441564925538085351e-01 8.460683622853848451e-01 8.262505742198360537e-01 8.436095600897438596e-01 8.449008315334940455e-01 8.484603762525900761e-01 8.403664613618876400e-01 8.405229478771216733e-01 8.429787596105809966e-01 8.350486598917967740e-01 8.253807817933219715e-01 8.425608112861926458e-01 8.464390941176810346e-01 8.511946328947672669e-01 8.438341119779176891e-01 8.525068668686079931e-01 8.368196652932483603e-01 8.451824013088847787e-01 8.366466399999180625e-01 8.274007580953823826e-01 8.333706847431466835e-01
-3.542129089635047412e-02 1.197047669182930568e-01 3.258890968683064160e-01 5.511362001853797876e-01 4.645524202721575957e-01 5.189403457938336350e-01 7.213086338115843876e-01 1.000000000000000000e+00 7.049236958899116612e-01 6.569919079282949825e-01 7.470580220629524648e-01 7.844108495755829358e-01 7.116896783451497344e-01 6.550837301769129040e-01 8.043210960170950052e-01 8.045633527815438946e-01 7.218888522496693660e-01 7.282364134164184266e-01 7.689528802451249812e-01 7.037554338150778799e-01 7.164038737031519499e-01 7.394389888979063796e-01 6.933506166151534034e-01 7.038250965375933976e-01 7.288394200994613437e-01 7.731151260175026518e-01 7.529922931243557827e-01 7.342351518402223665e-01 7.435167645276400394e-01 7.766006988532125899e-01 7.902571702911129758e-01 7.862870264753488714e-01 7.357935183889994235e-01 7.710999262297980605e-01 7.584147173212655302e-01 7.590061506305580963e-01 7.714411654867509016e-01 8.010688629109605774e-01 7.979767920343947551e-01 7.788186601788582575e-01 7.927166892502672813e-01 7.984143850684918275e-01 7.980940557551172709e-01 8.080362658831131695e-01 7.915439650477155142e-01 7.990444265571454707e-01 8.042715968070345278e-01 8.066185938837217018e-01 8.053771277794788963e-01 7.918053966120415232e-01 7.958379137458747588e-01 7.694550683177291406e-01 7.920030190338260834e-01 8.003724942888232885e-01 8.020297151288396931e-01 7.987602683045643692e-01 7.903848702338774901e-01 8.105087695882198240e-01 8.078381850381667340e-01 8.025817415177906033e-01 8.064549959286422265e-01 8.089779109180514904e-01 8.068060354972476089e-01 7.997720705143056552e-01 7.892407970429501374e-01 7.923190171936626003e-01 8.045737724294993454e-01 8.098776856749246855e-01 8.023508827251470965e-01 8.094224997912219388e-01 8.085515602492897580e-01 8.022744950913506257e-01 7.992043237129080602e-01 7.975278887236127989e-01 8.001462623918127459e-01 7.981802901090485625e-01 7.901835780677723964e-01 7.860677862878692190e-01 7.991048308339282480e-01 7.965755950373250016e-01 7.977507346529411070e-01 8.037913214452897526e-01 7.959359832023711334e-01 7.964801856179186679e-01 8.068700058029070199e-01 8.066033850081234524e-01 8.038419366512501441e-01 8.102387005497940775e-01 8.079474981749469320e-01 7.992216441844295360e-01 7.942996341616289646e-01 8.063050993880599426e-01 8.055118113594725848e-01 8.086269779885089104e-01 8.081256691201683662e-01 8.078083796095401059e-01 8.037238121794223478e-01 7.961573312146985604e-01 8.084085730613094212e-01 8.070790797384737036e-01 8.083054308294195245e-01 8.105698331243258448e-01 8.014800151869886369e-01 8.110804952597069351e-01 8.042016908237996642e-01 7.926385738088994604e-01 8.066304018222850702e-01 8.078008544461567908e-01 8.079105882674962880e-01 8.100691282015317629e-01 8.137655610174546750e-01 8.048601191781074027e-01 8.107107069480398165e-01 8.076323510706401310e-01 8.042173292486500813e-01 8.009394484809213566e-01
1.135364039086462912e-01 1.945972828244590114e-01 3.353449211104932992e-01 5.816599260548448447e-01 4.584454705192888557e-01 5.697477129118345696e-01 7.397683246793322898e-01 7.049236958899116612e-01 1.000000000000000000e+00 7.362071550145038445e-01 7.963095116714705712e-01 8.342070421964462579e-01 7.691004499619672474e-01 6.974428322953467596e-01 8.399627339768855894e-01 8.395975330930646185e-01 8.163943600005286738e-01 7.973703085542884761e-01 8.286102356762581334e-01 7.579103321751115008e-01 7.508842447280269505e-01 8.083114768803986161e-01 8.002416540051727756e-01 7.472208837164779904e-01 8.008661513456107883e-01 8.512897543900056485e-01 8.426131912340384389e-01 8.275095621877425200e-01 8.364651784674279611e-01 8.642666443817087485e-01 8.742287620869806375e-01 8.568132260839856906e-01 8.027527116735275747e-01 8.330348030246851332e-01 8.394132307374063684e-01 8.265548661636326067e-01 8.530065307637446637e-01 8.363152345452204983e-01 8.564901772709084815e-01 8.058780221546053557e-01 8.573337327071238745e-01 8.549027644244008295e-01 8.373270735810139920e-01 8.689240285984031198e-01 8.594124703680600108e-01 8.565333480995428461e-01 8.671305322905105140e-01 8.724511303302449061e-01 8.660227913442634096e-01 8.313181348641872637e-01 8.424451263775910581e-01 8.431651877950857576e-01 8.637462064147306551e-01 8.692554621701491513e-01 8.588172228830706079e-01 8.559532676481621527e-01 8.621021602520876348e-01 8.584306818554885421e-01 8.441554165228243312e-01 8.802657025018812975e-01 8.614742555922680900e-01 8.690148086890956414e-01 8.502997278656678759e-01 8.721227542195016946e-01 8.800659605551819364e-01 8.769749857124680137e-01 8.772178556511500691e-01 8.699131739317012002e-01 8.740331596682028303e-01 8.703781921694948576e-01 8.656854997117565675e-01 8.697959358215476833e-01 8.578635455659466835e-01 8.562202991226689486e-01 8.757293596412192294e-01 8.741367861767289638e-01 8.710894508569072547e-01 8.696497557590849858e-01 8.701008407903717545e-01 8.750723523070126353e-01 8.757194471328164642e-01 8.770854694663819950e-01 8.776482633479798512e-01 8.702626278017492334e-01 8.654218155672174229e-01 8.675732261949228308e-01 8.715932462651451162e-01 8.669068467389757782e-01 8.711370479690241364e-01 8.687285145697991595e-01 8.553461706898564110e-01 8.699111999625328551e-01 8.713966867528202265e-01 8.695312818408909017e-01 8.722793513869037119e-01 8.742827469459565348e-01 8.515721301199329352e-01 8.637508099777512216e-01 8.664349013629262242e-01 8.641725352494066259e-01 8.635127272447907787e-01 8.684865182014936957e-01 8.710693894064492904e-01 8.737044734252725764e-01 8.749261747401139155e-01 8.665388633010019381e-01 8.748733346208799055e-01 8.730854658692800419e-01 8.703502080603141566e-01 8.733317556708702911e-01 8.616712478341903569e-01 8.785239806454324674e-01 8.709238183139856870e-01 8.765283243229482490e-01 8.786275854965287513e-01 8.782699132568415612e-01
6.364250076457131540e-03 1.833871654075329150e-01 3.005768523920397950e-01 5.290383649624831319e-01 4.381025098020681630e-01 5.558149275751566032e-01 7.124420590751866511e-01 6.569919079282949825e-01 7.362071550145038445e-01 1.000000000000000000e+00 7.529741537752880909e-01 7.898865540923224460e-01 7.136687438339314182e-01 6.814498637305336226e-01 8.044368184356882612e-01 7.900957562851581573e-01 7.229791421503598547e-01 7.526498022189141990e-01 7.741691687664197241e-01 7.129826247627775171e-01 6.923911969791988197e-01 7.557080148186470225e-01 7.472864672746486470e-01 7.048898643726232427e-01 7.524140576201278074e-01 8.007293641034272103e-01 7.903605773235161669e-01 7.855926987275395623e-01 7.828315609991974844e-01 8.147012926013019740e-01 8.172477351555912373e-01 8.139616634711144272e-01 7.678906022202818260e-01 7.740956967429806213e-01 7.942057199673757673e-01 7.530899110178349565e-01 8.129947767992569130e-01 8.084045721484144353e-01 8.137388813866375248e-01 7.908382955780487444e-01 8.204957876343226264e-01 8.226079545019829853e-01 8.011273246797920855e-01 8.207116139240063779e-01 8.069614806703595544e-01 8.216568032633483343e-01 8.199248204834377329e-01 8.281935577711018182e-01 8.184350522350376522e-01 7.795985332014527813e-01 8.014533555794567388e-01 7.706658493138689447e-01 8.070979303906749003e-01 8.247745348027151202e-01 8.211956252761344333e-01 8.170847575459382339e-01 7.947768873832619096e-01 8.215395209541835886e-01 8.185219456573002983e-01 8.221033428732864579e-01 8.175397651018151413e-01 8.198341156296226062e-01 8.045977700802429133e-01 8.032277883310723343e-01 8.023460468866779882e-01 8.110174073337427236e-01 8.225192955713725995e-01 8.253211387797154686e-01 8.246146235721509843e-01 8.229123712858922302e-01 8.177254841437909816e-01 8.226506116244521882e-01 8.113470646408924569e-01 8.122463280998245549e-01 8.230977715870053668e-01 8.232191648444916465e-01 8.237269216307483433e-01 8.175366100920327117e-01 8.229290105970676894e-01 8.233054064558631424e-01 8.253676153305670171e-01 8.268949590191708721e-01 8.121340840791642091e-01 8.232149894156348680e-01 8.120834271347389111e-01 8.169411073555812308e-01 8.232566713856099838e-01 8.256856468081924527e-01 8.244644169985779758e-01 8.221221380124206224e-01 8.192819566897157069e-01 8.274184371720059161e-01 8.257007374346726492e-01 8.268692860587870674e-01 8.260870548683026948e-01 8.283066014793010190e-01 8.069379379814172193e-01 8.000050194131037573e-01 8.185153564896056055e-01 8.182268696427025256e-01 8.214491461371346004e-01 8.183567848807598022e-01 8.175855840096886151e-01 8.236737325460720127e-01 8.108436569118893100e-01 8.063093194798793828e-01 8.237680662349163851e-01 8.270803989047686988e-01 8.282630889802172769e-01 8.266848885829373161e-01 8.252521025882679773e-01 8.248330608575651368e-01 8.229786477508519438e-01 8.176774465564432548e-01 8.171562896731534575e-01 8.193484219163061910e-01
6.892466879489227843e-03 1.612651876055936628e-01 3.402092649730769636e-01 5.879779080974755212e-01 4.597237268680740563e-01 5.674473433533558930e-01 7.708990569423487260e-01 7.470580220629524648e-01 7.963095116714705712e-01 7.529741537752880909e-01 1.000000000000000000e+00 8.663014465039358125e-01 7.803883866584526707e-01 7.279228043057039965e-01 8.776834790489542737e-01 8.606110228403770490e-01 8.033042577505832282e-01 8.107794151973815033e-01 8.548148311878488448e-01 7.729719566680710585e-01 7.606012083390013556e-01 8.221887389559392467e-01 8.075849139849137215e-01 7.730271157495777201e-01 8.205168301131989805e-01 8.668388486927198766e-01 8.535868798860776208e-01 8.349951098169351438e-01 8.516669284997127054e-01 8.766710754664556182e-01 8.876114837170419047e-01 8.814863254346592125e-01 8.294807696386812257e-01 8.490750935033893887e-01 8.580583555232795812e-01 8.369026484636700181e-01 8.761772971448419378e-01 8.761026440590110598e-01 8.829875543296065166e-01 8.522410249793088699e-01 8.852305427554405526e-01 8.832938881289479349e-01 8.747645462960496054e-01 8.924386422770578253e-01 8.813630781614938403e-01 8.868312043478785434e-01 8.979985720131820059e-01 9.006142703028351404e-01 8.966846965101324951e-01 8.588444711001608223e-01 8.713702570118766477e-01 8.509794939030504990e-01 8.837644547105026893e-01 8.934268740676596376e-01 8.873841936133768371e-01 8.884739180265750491e-01 8.766274897242640751e-01 8.908560322957630451e-01 8.835140531362795091e-01 8.965138105572584282e-01 8.946456800777840002e-01 8.957533528094939745e-01 8.848503940354429664e-01 8.867696537176106286e-01 8.831071276956076188e-01 8.896085213934070701e-01 9.003596495756005513e-01 8.997478788144841477e-01 8.992075838747450867e-01 8.953529486201760035e-01 8.950878461747061587e-01 8.976277972855921661e-01 8.836820576815473949e-01 8.849091260523441749e-01 8.999145931965605305e-01 8.982833125117229978e-01 8.915479928452771929e-01 8.893546995820947876e-01 8.969018344966378509e-01 8.991137371274862122e-01 8.988246135547293125e-01 9.013425365018037372e-01 8.914112360537678192e-01 8.968944649956120951e-01 8.920162426670507072e-01 8.947331543405163679e-01 8.982973881000558825e-01 8.989381786419660125e-01 8.993542345349984091e-01 8.961423990000811912e-01 8.879128799014219808e-01 9.002576250743907771e-01 8.990339619534062354e-01 9.005387755255283011e-01 9.029787960002338965e-01 9.037663677539913287e-01 8.908609213110201264e-01 8.863215713109514615e-01 8.994874786220644625e-01 8.944325184807156992e-01 8.977006146219889127e-01 8.991420186479373022e-01 8.969412460913042118e-01 9.026943844724460986e-01 8.956528877952160128e-01 8.895522138129798861e-01 9.029527639146216478e-01 9.027007464912416568e-01 9.027200976014190248e-01 9.025461100381051427e-01 9.001673670230363467e-01 9.022351126965147960e-01 9.020582925837407062e-01 9.001338375610205000e-01 8.976117543894197581e-01 8.985032832634168853e-01
1.581104002549645754e-02 1.683472314432030992e-01 3.565710067739706335e-01 6.290257943166089882e-01 5.028700381296569155e-01 6.002299837754030420e-01 8.103697524879259761e-01 7.844108495755829358e-01 8.342070421964462579e-01 7.898865540923224460e-01 8.663014465039358125e-01 1.000000000000000000e+00 8.244113006632141083e-01 7.589754550761336205e-01 9.226646826194411233e-01 9.084252713492787512e-01 8.463125494703759299e-01 8.514654544607201947e-01 8.910970585559044865e-01 8.200377675782019038e-01 8.190965443831761394e-01 8.639011416602173643e-01 8.402805754007641736e-01 8.034194192598105300e-01 8.584366529336222573e-01 9.062983175457932639e-01 8.895130897416447802e-01 8.741387872505833601e-01 8.869247270331600541e-01 9.179033850974043229e-01 9.265975158142975010e-01 9.206196289953528789e-01 8.619869220794194042e-01 8.887990777960258493e-01 8.944120008906363273e-01 8.818596880741497168e-01 9.116700914758775198e-01 9.183546571630695210e-01 9.286313979029279242e-01 8.930673288303210278e-01 9.240016805656016130e-01 9.272114908709279124e-01 9.226301913640808650e-01 9.377772311604691824e-01 9.240087254590342303e-01 9.318627820991676192e-01 9.373526643276435255e-01 9.416314949105957233e-01 9.362984713155716454e-01 9.056427031002454164e-01 9.180542421191136837e-01 9.085760305444012808e-01 9.313604952301350881e-01 9.375209383610555447e-01 9.325063428663542542e-01 9.300523717729896056e-01 9.269864011082270538e-01 9.386133414943342856e-01 9.271719278073302650e-01 9.431131085802437752e-01 9.406687586507929133e-01 9.419762912520213138e-01 9.340698011185243343e-01 9.365182288158060420e-01 9.316610451039248897e-01 9.391856222292702672e-01 9.421279572168729244e-01 9.422669175833331412e-01 9.395490810074772492e-01 9.439769318140505128e-01 9.390488267230762132e-01 9.365749706043812184e-01 9.249720927943125837e-01 9.266188387688905070e-01 9.393008613590572153e-01 9.389424228079105150e-01 9.331653834219415522e-01 9.289857793350850823e-01 9.337232436563180915e-01 9.378634873424707141e-01 9.387168515584138895e-01 9.430842901422531455e-01 9.327564061479598490e-01 9.351749229710987210e-01 9.322146462349886198e-01 9.348813484721958389e-01 9.399193219502199881e-01 9.383990245581150802e-01 9.407700145187709584e-01 9.364451262512822893e-01 9.265570040681628816e-01 9.408723160748410086e-01 9.412874850766742574e-01 9.419706771423904668e-01 9.432644725278207520e-01 9.445693141111721758e-01 9.271789215573924547e-01 9.247518599271629114e-01 9.391281132915491048e-01 9.357778329272482543e-01 9.392365552570480780e-01 9.414336346724848648e-01 9.391895932901995758e-01 9.443685023305942172e-01 9.408789428890335094e-01 9.303334033900751976e-01 9.414301346489024613e-01 9.431438080805740753e-01 9.426609214737703413e-01 9.438759679109188783e-01 9.397033568254413716e-01 9.447725611571796689e-01 9.429206033592698599e-01 9.427550464231132521e-01 9.422655359526109775e-01 9.432442593495009575e-01
2.860514107031643383e-02 1.600550229015365589e-01 3.167665507341674846e-01 5.711930000844467337e-01 5.052986429235707400e-01 5.468890917495624615e-01 7.456640302995740655e-01 7.116896783451497344e-01 7.691004499619672474e-01 7.136687438339314182e-01 7.803883866584526707e-01 8.244113006632141083e-01 1.000000000000000000e+00 6.840890756422614016e-01 8.403069312685104153e-01 8.389871895568580262e-01 7.784071341460354621e-01 7.760044504036759383e-01 8.115264802641459774e-01 7.382541290411651635e-01 7.564329804394824830e-01 7.932457692329715204e-01 7.725985916865063530e-01 7.470117481410799565e-01 7.870222912258771908e-01 8.398741518985445298e-01 8.224366392280608729e-01 8.025835185057843546e-01 8.184714834892534707e-01 8.408581288055111402e-01 8.498205994873889724e-01 8.465629730310014756e-01 7.944538153386492274e-01 8.157333055289429646e-01 8.239609656751725186e-01 7.976430618894079227e-01 8.373627360377207118e-01 8.328244329159293358e-01 8.439646741424773335e-01 8.108597416625955567e-01 8.507695025431531999e-01 8.445874490817635305e-01 8.398904951358426851e-01 8.571692225875744420e-01 8.464440270159947488e-01 8.477086558984987530e-01 8.555253244868175067e-01 8.588348771245536417e-01 8.541739895798948767e-01 8.241899773207530533e-01 8.342809182625904318e-01 8.280169952006757317e-01 8.532860601509536513e-01 8.496418484755411393e-01 8.428392816251907282e-01 8.460774355191325036e-01 8.372719743131943337e-01 8.518423068075824389e-01 8.372223705360297696e-01 8.636048785196683841e-01 8.568960206202945740e-01 8.553254230659276258e-01 8.415812543286430580e-01 8.538861272460457341e-01 8.521369371447843344e-01 8.553108884683923163e-01 8.611685445697184749e-01 8.634239877037970246e-01 8.609080598621031699e-01 8.621344945882073452e-01 8.603388097409225832e-01 8.572116988392524117e-01 8.484285178631747470e-01 8.508125099830123883e-01 8.623183092940102101e-01 8.586505954751303404e-01 8.544335642433962263e-01 8.510408168464993484e-01 8.558666381039503612e-01 8.595899598436714806e-01 8.602557533623153008e-01 8.632632757374021359e-01 8.527530424654347074e-01 8.565074146837369229e-01 8.525168531678796180e-01 8.556709246605601615e-01 8.582799961545201084e-01 8.575476333692207964e-01 8.613481546146530832e-01 8.564166592812134660e-01 8.466204184441655789e-01 8.600182872958715974e-01 8.593500307251452641e-01 8.609307750093797562e-01 8.610466403302038385e-01 8.623217167023257135e-01 8.469490662699772354e-01 8.453074176848518473e-01 8.582931562554713123e-01 8.549095953341042664e-01 8.599834834598585331e-01 8.591495246045570688e-01 8.615666007839967167e-01 8.635121259164671992e-01 8.615626855058864386e-01 8.476442065026772443e-01 8.600561867775926572e-01 8.625010575304127292e-01 8.603241048299199445e-01 8.613534298250541399e-01 8.545631815712108059e-01 8.640720993083490509e-01 8.607215803112665542e-01 8.613046340692431802e-01 8.589665258068771569e-01 8.618094557481031925e-01
