1.000000000000000000e+00 2.296962232949730787e-01 1.070182403469044641e-01 4.641871990675623671e-02 7.441277453202890628e-03 1.387755417313767115e-02 4.993902086099920312e-02 3.937531999990175058e-02 1.605070596324010557e-01 1.289425126796062970e-01 9.830076944524297755e-02 8.418630616182842460e-04 2.837579250476346404e-02 1.791547615080624906e-02 3.066260573324975508e-03 2.018340534130967298e-02 1.157874238041999848e-01 2.469610170900783663e-01 2.005560320988593326e-01 -2.065393178257639295e-02 1.304090194713026785e-01 1.830629776104174822e-01 1.409895115976341762e-01 1.321488258553208395e-01 1.591110607629088736e-01 1.640436101866246943e-01 1.600256514110743600e-01 1.558646042003808962e-01 2.504456263523066051e-01 2.115438195718969960e-01 1.627394200657635015e-01 1.169190397289099348e-01 8.853259510856779924e-02 9.774692946249835535e-02 1.340285529140679277e-01 3.086948612245883627e-02 1.086904755576239001e-01 7.071934121197882839e-02 7.220656540995457062e-02 2.658635085615375371e-02 3.582379086253118655e-02 1.887049701452929440e-02 2.321477069192905834e-02 3.511343393535738128e-02 5.718593553254047723e-02 7.556209367702906854e-02 1.322501605567314581e-02 3.140332030276627578e-02 4.861695146391104699e-02 4.330015795184679467e-02 4.759235147132574034e-02 -4.419708193061085838e-02 4.812036471331974756e-03 6.376634275872658519e-02 8.253533166620313777e-02 7.938120225055647627e-02 8.486365982193788682e-02 1.891715614692502864e-02 5.220680155361846070e-02 4.572667745002105544e-02 1.980836986911611516e-02 6.034424771781925212e-02 6.609012306913542023e-02 4.289882740238380732e-02 7.858925700489248489e-02 4.339452761187873042e-02 3.922987503215208394e-02 8.662527729594771131e-02 7.815983860027296559e-02 2.951701749516238635e-02 8.754103107261751449e-02 7.522488669120527827e-02 7.028359584185039921e-02 7.116997273731699714e-02 6.354213269335781678e-02 4.794575439199618566e-02 6.047265234598840633e-02 9.713564347608902305e-02 7.957693216725593433e-02 1.014722736299411288e-01 7.690835858119525470e-02 7.295499384794500164e-02 5.318390939379127186e-02 6.540205860384955272e-02 3.595744001953430496e-02 4.414738853909028204e-02 4.012855400331395012e-02 1.880484576058749982e-02 2.495840982549171055e-02 5.155087280408996581e-02 7.305634018154001826e-03 1.127859050753192600e-02 3.539562861354655227e-02 2.503733393512864308e-02 6.372869865734674677e-03 1.578398794560283494e-02 1.721802562611782564e-02 3.691164414579006098e-02 1.495603090301895512e-02 1.255507961878645114e-02 9.750423675352748801e-03 2.781251206472119819e-02 4.087671379896636904e-03 1.848990905144777541e-02 1.101514900366083044e-02 4.871485232073374805e-02 2.552693848984222136e-02 1.456535401670315186e-02 4.449712364466969911e-02 1.796972032938919106e-02 1.606844716840537604e-02 1.773760708473090184e-02 2.720962917203026063e-02 1.748494513164953329e-02 4.568858465123309259e-02 2.549368016273010837e-02
2.296962232949730787e-01 1.000000000000000000e+00 6.691465079882527589e-02 1.043453053481451370e-01 8.451124898974446409e-02 1.172116328447386641e-01 1.453259480368772338e-01 1.491548237011793288e-01 2.200901326345781617e-01 2.426544119377460063e-01 1.603370395471306609e-01 1.465407108644309897e-01 1.191598847035055808e-01 1.325919063697666156e-01 1.466731501442272989e-01 1.407784878740648560e-01 1.748092338262532686e-01 2.002524135713301678e-01 2.043449906373179525e-01 6.439809679186844771e-02 1.373124665337009942e-01 1.990941090630817534e-01 1.778819916776544774e-01 1.553934090188097417e-01 1.936255130184544038e-01 2.244588816816036059e-01 2.141504007227834905e-01 2.313873677594814326e-01 2.771630425528019415e-01 2.561645196425882953e-01 2.340825745689212312e-01 1.888667898831744019e-01 1.805136530099151482e-01 1.712909938616679617e-01 1.938647687590708546e-01 1.246969347585801108e-01 1.806998551020599364e-01 1.801601997171711211e-01 1.740572607559631169e-01 1.514318780136297005e-01 1.392502776566887923e-01 1.481476531946483988e-01 1.295324817608317913e-01 1.548503044362687930e-01 1.550534154198011938e-01 1.814097519667430825e-01 1.428909363143731071e-01 1.457647999411714190e-01 1.609019174704385546e-01 1.428275535443686572e-01 1.641446439080851694e-01 6.130154989462385795e-02 1.133107577350737361e-01 1.682047781520719376e-01 1.814118122934208488e-01 1.894758424720095757e-01 1.715567571241390643e-01 1.394690526239349693e-01 1.710593145450166053e-01 1.586711371324908415e-01 1.436158179468166318e-01 1.672177968476160903e-01 1.629921428017501728e-01 1.544931951484636579e-01 1.645388809987683720e-01 1.536620668266027445e-01 1.506291663099033895e-01 1.739308864339208227e-01 1.734340593639626393e-01 1.466192100842905466e-01 1.675058989980261759e-01 1.708388606312593594e-01 1.591897554317805996e-01 1.606163157260744878e-01 1.691845742160005828e-01 1.555669083776113071e-01 1.709906129541975128e-01 1.918873583684125583e-01 1.836866584272860148e-01 1.950085634465468232e-01 1.758765477228222407e-01 1.757661931512102815e-01 1.572508575192755886e-01 1.671157517671725823e-01 1.464631156426730307e-01 1.502790313564848768e-01 1.486578942493505251e-01 1.453290644177099022e-01 1.504887272392725350e-01 1.622216200369234196e-01 1.364403721806420333e-01 1.386016665434673112e-01 1.530358283366740069e-01 1.471713294215485635e-01 1.356591724017540135e-01 1.420342166412880691e-01 1.283652327576160213e-01 1.412502790358743099e-01 1.407488887448690162e-01 1.390981596045236524e-01 1.317284306478126998e-01 1.450731982296386557e-01 1.158661525230870737e-01 1.427953794630921480e-01 1.270353609593587452e-01 1.506403566048619691e-01 1.484881558801441626e-01 1.417589702819257447e-01 1.565583543138463485e-01 1.403382226223865714e-01 1.380068691284318250e-01 1.406049957646164361e-01 1.459846589188260046e-01 1.373845144742222857e-01 1.491523993605088916e-01 1.423833019213891771e-01
1.070182403469044641e-01 6.691465079882527589e-02 1.000000000000000000e+00 2.865342853338361251e-01 1.509588550305953902e-01 1.822156097634571315e-01 2.563572500851767355e-01 2.235114591315857657e-01 2.408402163680722352e-01 2.296529358285013533e-01 2.734056183239397808e-01 2.860067368151061329e-01 2.169737162845677692e-01 2.088189893172241463e-01 2.453087725785900175e-01 2.822444742234638260e-01 2.619059218140077916e-01 2.946814544773616595e-01 3.064730442506428676e-01 2.225691546878614535e-01 3.128614502456731339e-01 3.176321293129075740e-01 3.030361163038921557e-01 2.890480813496258405e-01 3.184024209542857253e-01 3.122554747953031895e-01 2.945916969212860059e-01 3.051452590543435872e-01 2.973315086564717880e-01 3.077644287526623001e-01 3.008861449929299270e-01 3.051633816964785528e-01 2.858417426583832466e-01 3.067838851992126248e-01 3.092112404531700554e-01 2.848463118938098226e-01 3.083863222378662727e-01 2.734597091184792217e-01 3.056279547337343305e-01 2.964620363507859402e-01 2.750773683046289775e-01 2.640533519438962307e-01 2.839014090468688911e-01 2.761574945624342137e-01 3.035589829860978472e-01 2.896775075386027742e-01 2.522300969366497725e-01 2.612803449081272933e-01 2.687213859186778353e-01 2.939440916315163022e-01 2.780379060820446502e-01 2.655760697621134536e-01 2.741585534897405529e-01 2.680552495959747095e-01 2.800797209092169560e-01 2.905908335941175813e-01 2.882689292831773775e-01 2.576896641858969494e-01 2.681856174992320874e-01 2.586189984668506581e-01 2.669878057929468973e-01 2.717412448673806602e-01 2.783060826878878125e-01 2.757076404265926262e-01 2.925540968658574825e-01 2.693431666896259902e-01 2.660777880961587294e-01 2.872576076303616777e-01 2.848558684301812360e-01 2.882576599171856602e-01 3.001144651945183428e-01 2.937559699364741261e-01 2.941390155982092081e-01 2.931513438120847970e-01 2.798345256637480571e-01 2.745876972151002904e-01 2.792863373851041664e-01 2.824248512713564696e-01 2.800316055126648163e-01 2.790383811737110475e-01 2.837257715618885512e-01 2.866036895732792522e-01 2.836210165958806262e-01 2.766953504400586628e-01 2.761534896562921615e-01 2.751784563394487071e-01 2.903813570647840736e-01 2.634178195810986112e-01 2.698055170858420504e-01 2.813114123170892822e-01 2.749198863750317301e-01 2.610827617029574110e-01 2.794395964528814669e-01 2.657710190852564103e-01 2.540030645976429913e-01 2.545110707985912546e-01 2.727893440818453530e-01 2.702151171980212707e-01 2.581029626118873099e-01 2.599053867152019692e-01 2.617611293975709574e-01 2.662601038389912911e-01 2.664866034394544059e-01 2.624443891037451793e-01 2.710197157455364603e-01 2.710544286330898167e-01 2.594629154601630350e-01 2.552743782914416171e-01 2.697008361803621135e-01 2.598368709199490034e-01 2.582013554355276908e-01 2.562949344132040563e-01 2.608073183516752547e-01 2.594943941182010771e-01 2.778073003155143716e-01 2.619154510677797476e-01
4.641871990675623671e-02 1.043453053481451370e-01 2.865342853338361251e-01 1.000000000000000000e+00 2.177470888766511736e-01 2.783745335327059145e-01 5.005959350893858240e-01 4.954240770024175844e-01 3.895252603385663814e-01 3.686219719112353577e-01 4.466151904683623441e-01 5.138810765853804030e-01 4.383702550515714003e-01 4.092286571285480568e-01 4.774283900584200824e-01 4.992595271552912606e-01 4.074877734192974277e-01 4.443678627262424019e-01 4.600478697901418390e-01 5.246016657002610106e-01 5.854324277289224554e-01 5.304943697668879077e-01 5.658694415080292028e-01 5.349733482835350440e-01 5.350998182877483300e-01 4.975497780719710939e-01 4.727885214547958292e-01 4.724519133200597576e-01 4.469054698112753243e-01 4.885170600105673278e-01 4.942747816769706426e-01 4.912229989878544867e-01 4.599017924418017378e-01 5.332952595253702688e-01 4.934106507509223305e-01 5.433086602005309240e-01 5.357646836886718056e-01 4.607387121421713805e-01 5.051516028900872035e-01 4.975360296789669290e-01 4.768514879053517008e-01 4.594372434649896531e-01 5.053464375570072553e-01 4.971527362393670657e-01 5.297301014969650890e-01 4.899119682277660592e-01 4.600435091311359526e-01 4.447665607147494593e-01 4.777473284728862568e-01 5.068516510290358434e-01 4.909701743798229878e-01 5.043351093106829275e-01 5.008116459115616870e-01 4.546831814465526200e-01 4.608484713623388629e-01 4.889742914411857599e-01 4.827346835536607261e-01 4.511643078408903440e-01 4.625657367087355754e-01 4.565661055017882219e-01 4.758136900845366668e-01 4.685039679125951873e-01 4.654548716929721719e-01 4.790064237178154327e-01 5.048680129747719070e-01 4.897385833057640858e-01 4.538361535733581587e-01 4.755985060248807406e-01 4.757788900678743271e-01 5.421738242556370935e-01 5.211788565502925019e-01 5.049602102198554876e-01 5.200662092937100578e-01 5.172392555169978978e-01 4.844986872516922616e-01 4.706823376648016644e-01 4.805787765845008774e-01 4.748555435047350781e-01 4.843291246286899887e-01 4.831431960026196237e-01 4.853323995940084790e-01 4.960805586840416059e-01 5.031878625510071146e-01 4.646283065817965463e-01 4.836970228973988539e-01 4.977192973243568797e-01 5.036025780668565988e-01 4.603079605334290392e-01 4.784004778823402471e-01 4.859650293505159979e-01 4.817940279486041533e-01 4.599272252110551129e-01 4.976304499468018894e-01 4.718993558850035908e-01 4.513310993301862251e-01 4.506529396689544220e-01 4.834455321391502580e-01 4.729475669140228988e-01 4.627324000452746056e-01 4.678286346626972514e-01 4.695225714701356523e-01 4.683575967649083460e-01 4.851193506799305610e-01 4.670561185301055906e-01 4.898777444108146084e-01 4.613869410100291391e-01 4.538050536818531433e-01 4.459547256567664708e-01 4.563323098661692945e-01 4.533337472975463855e-01 4.550380667770045351e-01 4.551477970502220138e-01 4.552919774950999199e-01 4.599696400068917224e-01 4.872880838875213727e-01 4.783078365047388480e-01
7.441277453202890628e-03 8.451124898974446409e-02 1.509588550305953902e-01 2.177470888766511736e-01 1.000000000000000000e+00 2.602938741139673162e-01 3.594118981725456519e-01 3.648040396910759431e-01 3.295748131868986852e-01 3.300549142597858920e-01 3.625210601985321968e-01 4.144220522813635843e-01 4.094889585892814154e-01 3.662931525591387460e-01 4.340386791965064606e-01 4.138265685623822021e-01 3.585376244691435565e-01 2.672926912706213853e-01 3.093921202206286192e-01 2.487876460315474048e-01 2.926285827401046702e-01 3.398601648801372055e-01 3.278483006403338229e-01 3.093420575573797571e-01 3.526739556715370871e-01 4.007588449715256962e-01 3.922526199935821301e-01 3.922669506476939016e-01 3.451626498508880703e-01 3.615067294278461185e-01 4.011993067214659758e-01 4.086963107626170877e-01 3.934441742485652593e-01 4.049166054673556947e-01 3.809899584825526264e-01 4.065744232257322288e-01 4.109501911945932506e-01 4.181659153427578213e-01 4.188651003770724190e-01 4.217649334512321158e-01 4.371722219586635094e-01 4.415540829176107240e-01 4.384948047886712552e-01 4.400530165734974908e-01 4.290741623801208604e-01 4.226653527281582501e-01 4.340258021681734912e-01 4.348641136152662234e-01 4.299158926081283472e-01 4.363509206815531227e-01 4.347817898840616868e-01 4.320750501602403926e-01 4.300775783081827730e-01 4.244606925563012556e-01 4.121435127261909304e-01 4.188959010201551147e-01 4.112215469818511493e-01 4.357243673027330066e-01 4.232728390660633333e-01 4.318282112201165535e-01 4.360037900630165386e-01 4.241949495721206720e-01 4.199007100258487779e-01 4.330083178183518622e-01 4.375361821863659739e-01 4.247513527334848549e-01 4.335965856399731089e-01 4.249742555716167214e-01 4.264442824417463140e-01 4.127600120457052824e-01 4.199233510702452543e-01 4.293846225504857617e-01 4.172495338125108422e-01 4.231641641841412671e-01 4.378577367452989311e-01 4.438258726515801333e-01 4.378941382139863170e-01 4.212905042243834108e-01 4.241920806551690570e-01 4.202937141485663108e-01 4.258021851284901071e-01 4.321722463897426092e-01 4.346314294102796572e-01 4.325584632390415130e-01 4.381051970191244815e-01 4.343181784301787252e-01 4.355664705464849518e-01 4.406376629370136744e-01 4.406003213165546328e-01 4.366493331675914136e-01 4.440603636777961105e-01 4.423554246112718635e-01 4.363882936216478270e-01 4.353286081730169954e-01 4.377522796982651343e-01 4.355618803085415935e-01 4.373667382297424244e-01 4.322039940843001582e-01 4.375076335746511114e-01 4.403274672641612764e-01 4.412908264920377133e-01 4.342156180182603076e-01 4.397088434063823881e-01 4.412181624648637834e-01 4.422999865953005649e-01 4.314966572000192846e-01 4.352668560234610462e-01 4.393777730118774705e-01 4.346013566296009212e-01 4.366000153856278709e-01 4.349550489490395244e-01 4.405144670262256534e-01 4.331811390154238772e-01 4.370084050644226781e-01 4.390439179818531601e-01 4.338610527673505968e-01
1.387755417313767115e-02 1.172116328447386641e-01 1.822156097634571315e-01 2.783745335327059145e-01 2.602938741139673162e-01 1.000000000000000000e+00 4.678766815843268811e-01 4.008309475488384677e-01 4.569315841675644085e-01 4.486147635334803985e-01 4.555721140830451543e-01 5.002442808976945710e-01 4.527859651704579935e-01 4.658104633030649144e-01 5.190722841301913526e-01 5.125406570578389109e-01 4.593313517556748549e-01 3.698824968744686692e-01 4.200734690940891580e-01 3.300522564593932895e-01 3.954757810414966657e-01 4.442143450297069140e-01 4.372574744884119569e-01 3.995158835240671946e-01 4.704750976268036178e-01 5.272314984558579276e-01 5.078196006952447883e-01 5.159247147383415610e-01 4.896748389394939283e-01 4.996212938516916835e-01 5.284318586476679513e-01 5.200267377459821816e-01 5.157110429327184109e-01 5.072576260193576436e-01 5.229454357724196978e-01 5.028721515260999864e-01 5.266441440073490465e-01 5.328655823834639316e-01 5.360677312291296515e-01 5.258237295523832122e-01 5.385377599297671569e-01 5.480270264943379876e-01 5.368586329849083238e-01 5.483984400934350800e-01 5.424445762340174282e-01 5.479598597285179062e-01 5.347881315240436972e-01 5.428520738966070569e-01 5.401145272407620324e-01 5.397162676417961436e-01 5.479261125212854244e-01 5.131946057174345821e-01 5.252147074734512255e-01 5.428060114018503635e-01 5.421964185965820748e-01 5.412834603074750950e-01 5.343927061522534272e-01 5.423657650490634197e-01 5.442265155811805144e-01 5.454120672863836949e-01 5.445805357799731183e-01 5.452410744658876540e-01 5.340189215401112133e-01 5.435802355107856032e-01 5.429499910295111365e-01 5.337697762484451269e-01 5.404268022687064299e-01 5.324659886455667124e-01 5.340500009444131280e-01 5.270258715599166477e-01 5.301367747997383084e-01 5.371518571792446295e-01 5.229292459210697075e-01 5.295751077277535135e-01 5.516408697722454679e-01 5.474012753683259458e-01 5.512120059638472291e-01 5.427797969596501737e-01 5.401151949963015619e-01 5.363005738291123370e-01 5.448074455415056194e-01 5.453993537014900639e-01 5.449409069960828855e-01 5.436147524490557714e-01 5.402782803625285624e-01 5.377397643697050533e-01 5.442872641967112513e-01 5.427071692128759839e-01 5.496953299150166838e-01 5.502438913783169738e-01 5.463743130785955193e-01 5.450198068355116554e-01 5.500522584603096954e-01 5.476798421257366156e-01 5.418609088416589392e-01 5.409397190465794480e-01 5.418016174700390764e-01 5.371363039477968782e-01 5.422795321061655294e-01 5.434296537060713250e-01 5.436249197019230595e-01 5.437729289003737643e-01 5.364399474579656379e-01 5.451098475646881658e-01 5.423710056038109073e-01 5.415000080649821079e-01 5.419143019743132283e-01 5.420583157726770462e-01 5.449878447964771055e-01 5.413730651464652155e-01 5.423548485586892065e-01 5.428666003095541370e-01 5.430160944875469520e-01 5.409721870423134238e-01 5.431000856369454510e-01 5.409988565547606543e-01
4.993902086099920312e-02 1.453259480368772338e-01 2.563572500851767355e-01 5.005959350893858240e-01 3.594118981725456519e-01 4.678766815843268811e-01 1.000000000000000000e+00 6.636724829601162723e-01 6.222534450333511158e-01 5.902686158203236388e-01 6.472131076141908190e-01 7.154871893214840295e-01 6.345250406044266045e-01 6.402091764072067592e-01 7.476083658855809944e-01 7.278665197859646163e-01 6.140403033738219829e-01 6.065277557110787532e-01 6.535642294516275097e-01 5.667805677702161260e-01 6.661317926188918825e-01 6.978129439690698987e-01 7.090795407230802150e-01 6.648933122097528958e-01 7.157472749417952418e-01 7.327892594969768192e-01 7.128692206405141674e-01 7.268277376093871256e-01 6.697997917636104859e-01 7.031252843023850785e-01 7.321844127017274051e-01 7.364042760258721065e-01 7.197295892391363248e-01 7.413239319934278315e-01 7.248579829819529197e-01 7.341913613076804790e-01 7.501903809677586965e-01 7.288775432657100817e-01 7.453915835081441621e-01 7.468762405703388563e-01 7.447116870987045001e-01 7.380150822483815265e-01 7.484498841382141165e-01 7.551558466371731670e-01 7.668001071211090203e-01 7.540057973793287127e-01 7.315592659304671619e-01 7.229366037615253537e-01 7.447270545391736496e-01 7.496225755544223546e-01 7.552443400981020405e-01 7.120922316570225119e-01 7.336672225575460171e-01 7.271791347254399351e-01 7.338806272826733368e-01 7.517258696729761658e-01 7.324699571950201715e-01 7.272614290651725488e-01 7.398926866461722485e-01 7.312720108073635927e-01 7.366885261044203714e-01 7.355321263427416767e-01 7.286385870552641864e-01 7.370637885351045693e-01 7.488596791784553064e-01 7.417181326104070882e-01 7.239211866614165825e-01 7.466041751340664057e-01 7.393822932462338349e-01 7.590133661092796080e-01 7.657280223596932833e-01 7.618617367561142384e-01 7.570465601712904613e-01 7.612200136179363419e-01 7.549736840382806902e-01 7.392907070825722737e-01 7.518940551377030213e-01 7.401376882926432588e-01 7.505544235055940927e-01 7.411098100066831895e-01 7.480091384312086422e-01 7.494749170418051332e-01 7.564462001031969640e-01 7.418332950621280286e-01 7.493739633715615911e-01 7.489622287534238865e-01 7.570845333774741670e-01 7.407952029734004018e-01 7.466946523857527218e-01 7.535920605544300654e-01 7.529532503709063240e-01 7.366214817635492462e-01 7.554345524340460027e-01 7.456463899990697364e-01 7.270393105121224497e-01 7.285313585508556011e-01 7.429274309990090419e-01 7.315397523779941791e-01 7.337799076730290304e-01 7.386286156939779746e-01 7.407409863478325862e-01 7.388709205676761149e-01 7.409476196652153845e-01 7.421410786652201663e-01 7.443621483111365622e-01 7.298699935829093821e-01 7.293827084095013680e-01 7.255057664880308899e-01 7.327700886231444111e-01 7.297171537985325251e-01 7.328633522426476476e-01 7.284970603735336780e-01 7.313101569101699839e-01 7.302123001896787535e-01 7.486891954035915786e-01 7.343945503073333603e-01
3.937531999990175058e-02 1.491548237011793288e-01 2.235114591315857657e-01 4.954240770024175844e-01 3.648040396910759431e-01 4.008309475488384677e-01 6.636724829601162723e-01 1.000000000000000000e+00 5.957043261181960148e-01 5.774113240021612192e-01 6.256528670944953019e-01 6.906618634901950937e-01 6.167856426665817571e-01 6.300494618097343125e-01 7.170846446604278723e-01 7.256999857511431395e-01 6.065238960462019380e-01 5.559283171681672631e-01 6.103484430396534099e-01 5.771777221378263656e-01 6.423350054215796190e-01 6.579292268793077714e-01 6.873591338060708322e-01 6.370225268093124837e-01 6.842549858882905900e-01 6.979208257659652581e-01 6.855686123078199579e-01 6.867973575196558711e-01 6.402492428243564682e-01 6.753718178947382134e-01 7.092795744509207134e-01 7.125051322581500424e-01 6.878049860060510001e-01 7.250452077955866770e-01 6.979419190518876270e-01 7.268370267736650181e-01 7.420516747882657249e-01 6.960890460197688423e-01 7.258462475371396661e-01 7.029942254483982911e-01 7.185916504407013905e-01 7.040193442337530083e-01 7.338558352799509077e-01 7.319750602934900208e-01 7.472639395170977972e-01 7.282982402386950493e-01 7.151281849311464933e-01 7.021390633258538516e-01 7.216902318944746764e-01 7.233780396254257949e-01 7.275809222442707336e-01 7.129480154845806439e-01 7.167903711709647796e-01 7.033165720637020168e-01 7.008035089873001500e-01 7.231283293277305235e-01 7.048060455732592100e-01 7.036310124901123952e-01 7.104775598714991869e-01 7.118495199507730575e-01 7.140746228697011366e-01 7.100887270884879143e-01 7.029966020301570140e-01 7.174317101912274230e-01 7.300579193977150272e-01 7.278454839271155663e-01 7.055026130212354030e-01 7.153355213280221392e-01 7.133572128520815347e-01 7.436858739572081989e-01 7.342671012467316682e-01 7.336320315796834857e-01 7.321342519017400852e-01 7.334324243237041463e-01 7.297275766328789048e-01 7.134584953931912832e-01 7.244288497779104441e-01 7.146536931599581921e-01 7.240891196500215399e-01 7.221939837524200545e-01 7.252732951272884421e-01 7.281636031692335642e-01 7.339150534770015888e-01 7.143442429668992455e-01 7.235494197911577219e-01 7.335020024431471164e-01 7.383755455477511997e-01 7.130309322128460803e-01 7.242859184751083701e-01 7.238253769133472515e-01 7.217743948018663369e-01 7.154031180170253856e-01 7.331156318331298882e-01 7.222637708299542991e-01 7.077591316379776565e-01 7.067988580848056923e-01 7.141679430709573229e-01 7.127931723069631520e-01 7.127444044715243177e-01 7.185186350316998816e-01 7.224342353508751424e-01 7.173629589662187112e-01 7.253075842402176843e-01 7.210471739649667589e-01 7.287804114174644132e-01 7.041991287280544576e-01 7.077801453752204930e-01 7.011947537314084933e-01 7.084367749117833624e-01 7.107653928824414491e-01 7.077315290942263193e-01 7.119246681909523478e-01 7.086032969751282495e-01 7.129887922919087018e-01 7.270009621205356654e-01 7.251932809042118677e-01
1.605070596324010557e-01 2.200901326345781617e-01 2.408402163680722352e-01 3.895252603385663814e-01 3.295748131868986852e-01 4.569315841675644085e-01 6.222534450333511158e-01 5.957043261181960148e-01 1.000000000000000000e+00 6.995835985075945507e-01 6.991191773716413094e-01 7.355841358051655732e-01 6.861338455551332371e-01 7.134741677924710812e-01 7.744294879342069615e-01 7.435148259828230355e-01 7.115264812841356479e-01 6.105965358613375527e-01 6.741544296585206819e-01 4.784660402820277159e-01 5.930015720448099659e-01 6.777370488345167976e-01 6.805071472003507704e-01 6.382864381725462666e-01 7.109346563635579042e-01 7.926515820897298559e-01 7.791413626788206148e-01 7.795845792169231459e-01 7.637843219175252107e-01 7.808696333316678118e-01 8.150319662705806101e-01 8.024595008464278090e-01 7.466986481922417429e-01 7.654181844402716539e-01 7.745542976762537224e-01 7.259142106216733836e-01 7.782616636959819312e-01 7.983711300503247843e-01 7.819772970517623323e-01 7.474170599570237883e-01 8.091929811549329887e-01 7.998084985438934646e-01 7.788095753793096154e-01 8.018093206756400360e-01 7.910434325328694616e-01 8.071943602860246481e-01 8.117639135548331275e-01 8.170807382767508731e-01 8.187859567526553084e-01 7.869236168371966933e-01 8.108974422382945191e-01 7.240600769384211155e-01 7.643277272443049775e-01 8.265132748900884119e-01 8.254612390114706155e-01 8.213308799626430901e-01 7.997904238701126767e-01 8.102503338383437725e-01 8.211224556049017131e-01 8.206033063451168008e-01 8.099544039664436923e-01 8.195143021006866535e-01 8.085415436847511739e-01 8.084141356020885238e-01 8.110384391822020866e-01 8.121753048412094778e-01 8.205269695045808165e-01 8.237097884307681417e-01 8.231086918820454956e-01 7.938392297745512360e-01 8.073624016493585742e-01 8.167074838090098154e-01 8.055453652206795434e-01 8.092354978925666575e-01 8.289073413149208314e-01 8.173904414119556039e-01 8.233528098272067108e-01 8.310482754150173568e-01 8.278061709780641930e-01 8.346590754440128546e-01 8.326930279678225189e-01 8.311032752567040216e-01 8.199861512615030934e-01 8.232193268989764778e-01 8.140166053211045361e-01 8.131147241578904339e-01 8.141072426714451860e-01 8.123328821496856866e-01 8.144981116211675864e-01 8.194231633554390770e-01 7.971606122506782466e-01 8.118731191685583104e-01 8.156481030996030057e-01 8.165179206591163252e-01 8.123358048033811896e-01 8.157768725147259703e-01 7.954743576738573241e-01 8.073041853643735388e-01 8.121681357932883927e-01 8.116620119116447762e-01 8.078190214697631433e-01 8.145287574603327085e-01 8.001291218312327480e-01 8.144947813385052804e-01 8.064409774356470217e-01 8.126526245924594605e-01 8.158317702553222750e-01 8.147764713835147221e-01 8.236828477766908740e-01 8.143744677273558885e-01 8.133533439065407933e-01 8.161253944633306556e-01 8.169274840275214666e-01 8.114806681105467545e-01 8.189690793260672175e-01 8.119173284621242770e-01
1.289425126796062970e-01 2.426544119377460063e-01 2.296529358285013533e-01 3.686219719112353577e-01 3.300549142597858920e-01 4.486147635334803985e-01 5.902686158203236388e-01 5.774113240021612192e-01 6.995835985075945507e-01 1.000000000000000000e+00 6.626049667189184422e-01 6.928771809553210259e-01 6.328051213170841072e-01 6.753217095482676458e-01 7.310811901782664490e-01 7.215174148278853394e-01 6.664472531369115549e-01 5.709861374356094421e-01 6.252039718952585590e-01 4.378468775666088941e-01 5.455606578831682096e-01 6.343246250628091776e-01 6.400107372974284115e-01 5.776046918448886069e-01 6.681026891074737240e-01 7.598414202968625242e-01 7.525940469919619735e-01 7.620913033139209425e-01 7.393821982780661717e-01 7.386586791697353771e-01 7.798735921915833647e-01 7.756158012294785964e-01 7.243482429006374845e-01 7.311372268378228956e-01 7.391842828856950431e-01 6.878627159414911763e-01 7.375071620701981745e-01 7.727046424752682663e-01 7.607284650726567898e-01 7.164208418237739684e-01 7.617939298452317542e-01 7.650886436516504130e-01 7.448205754725780725e-01 7.684810093211295046e-01 7.577983532673423506e-01 7.769423913185329322e-01 7.689826538734136907e-01 7.781984891224169587e-01 7.812643665282175132e-01 7.502391978139352213e-01 7.738135309803696460e-01 6.761358528994945161e-01 7.205131276633195414e-01 7.896653157067969886e-01 7.862298238680677231e-01 7.889941564167604060e-01 7.695491483031762225e-01 7.687884952210997103e-01 7.859321009545633396e-01 7.843027336739594180e-01 7.683577510307593172e-01 7.831799144334508078e-01 7.689891930591905567e-01 7.749832194729283641e-01 7.686558919807612300e-01 7.733974372479893722e-01 7.788716221664496731e-01 7.788332957150115865e-01 7.852441671911793986e-01 7.396644407469382676e-01 7.572285865362903268e-01 7.724380554318320824e-01 7.527552522593298212e-01 7.526209408301043347e-01 7.876704853988621968e-01 7.711462049568477140e-01 7.812434859306114365e-01 7.936681719311075023e-01 7.881198731459680973e-01 7.899136369641416300e-01 7.864417186709100616e-01 7.895513988918436699e-01 7.811920106890749560e-01 7.833220142131369634e-01 7.714685913654556471e-01 7.699367353554567028e-01 7.719924251004935956e-01 7.755101988830476190e-01 7.790092830533891233e-01 7.826019867872161528e-01 7.595878616813179773e-01 7.707996131759365932e-01 7.753596955803849777e-01 7.768515489302105781e-01 7.690162747483577643e-01 7.740739428999739991e-01 7.551558748987594605e-01 7.690004785602176929e-01 7.698427764500637149e-01 7.729788295443883461e-01 7.692808570391339584e-01 7.767738185069344992e-01 7.552795837103333243e-01 7.720470276283035727e-01 7.623472235642934081e-01 7.746527541688605911e-01 7.783783357126627944e-01 7.730299123238284498e-01 7.822399705330570496e-01 7.734721400079691556e-01 7.722971992027113375e-01 7.732302345090292794e-01 7.805448553505726084e-01 7.715183851502696033e-01 7.707226717393463877e-01 7.735477051519822345e-01
9.830076944524297755e-02 1.603370395471306609e-01 2.734056183239397808e-01 4.466151904683623441e-01 3.625210601985321968e-01 4.555721140830451543e-01 6.472131076141908190e-01 6.256528670944953019e-01 6.991191773716413094e-01 6.626049667189184422e-01 1.000000000000000000e+00 7.772349448798333560e-01 6.708461148497139037e-01 7.075996397472734678e-01 7.690646339856812563e-01 7.638051130731160487e-01 7.057485583145645114e-01 6.319509987884790458e-01 6.955924749377639937e-01 5.342894158434055019e-01 6.469372797889978433e-01 7.148741787881363052e-01 7.045562688063621293e-01 6.638234175125133918e-01 7.364084724684196726e-01 7.997299895192464536e-01 7.799470199409482829e-01 7.866842703749430399e-01 7.413140043186646766e-01 7.632801654739396202e-01 8.120861166747886939e-01 8.117123382579516377e-01 7.669064256784769995e-01 7.945592841235763482e-01 7.766081544456047148e-01 7.659509309615958328e-01 7.980237916151012856e-01 8.016075904069183133e-01 8.076167553474671301e-01 7.800811513738904468e-01 8.052563007059523326e-01 7.986138720600768348e-01 8.090724862538831719e-01 8.161995575952822879e-01 8.133897838978316752e-01 8.162478747195603956e-01 8.034974301744913783e-01 8.056660827337936981e-01 8.147890314327814743e-01 8.158587890057370506e-01 8.198337203526357975e-01 7.659380533134941826e-01 7.935083883630565937e-01 8.107077139347478312e-01 8.155214395985489473e-01 8.247205076311557859e-01 8.043205854509726249e-01 8.046922199089440175e-01 8.154326991373733735e-01 8.093439660783061651e-01 8.088514608880048584e-01 8.130204809550611866e-01 8.060367692129676298e-01 8.156836993969110994e-01 8.204827211231656703e-01 8.097606420933489701e-01 8.091714757550065862e-01 8.203631967644672285e-01 8.215210842596614160e-01 8.039210323689294224e-01 8.187424750766182369e-01 8.218325613786696682e-01 8.122249377072430221e-01 8.140417019970860313e-01 8.252119202641144957e-01 8.131811810863648349e-01 8.194762898376555249e-01 8.190557543334655577e-01 8.206252810253561458e-01 8.197272309279326485e-01 8.244245659978793883e-01 8.234976057157900042e-01 8.247336494656907213e-01 8.218951905898209676e-01 8.221663423677642024e-01 8.200334200569795451e-01 8.200850653310618465e-01 8.133178100889455475e-01 8.159371508617865310e-01 8.223382120344784330e-01 8.144371115238139280e-01 8.075999806904595735e-01 8.207280633406652814e-01 8.168195517222573976e-01 8.036809614874478314e-01 8.054958142301866797e-01 8.096944340608810409e-01 8.101673110545031253e-01 8.084899609715391344e-01 8.111346668973747898e-01 8.108071445156778134e-01 8.146954095365086523e-01 8.097828835341162046e-01 8.140775101393822322e-01 8.146496929381975560e-01 8.077968915321136478e-01 8.110510467900807763e-01 8.040399548358824200e-01 8.133796053629714917e-01 8.076046146906153966e-01 8.078131835138204764e-01 8.072830705770726034e-01 8.095388887210398510e-01 8.084864969339813356e-01 8.181825226336690848e-01 8.095688817854006514e-01
8.418630616182842460e-04 1.465407108644309897e-01 2.860067368151061329e-01 5.138810765853804030e-01 4.144220522813635843e-01 5.002442808976945710e-01 7.154871893214840295e-01 6.906618634901950937e-01 7.355841358051655732e-01 6.928771809553210259e-01 7.772349448798333560e-01 1.000000000000000000e+00 7.552029762929365342e-01 7.670047201205091314e-01 8.646580567702550901e-01 8.555913200410578678e-01 7.494733433222010577e-01 6.107570523215086755e-01 6.888652141150465313e-01 6.030429660101254141e-01 6.737329930901677644e-01 7.221197377318887556e-01 7.351318595804396949e-01 6.852586413561388978e-01 7.576164276410433107e-01 8.359787372205751410e-01 8.165078163966051905e-01 8.247920496768553766e-01 7.491281689220777862e-01 7.846156389467597858e-01 8.474403994962328435e-01 8.624487740707755812e-01 8.209930065217345696e-01 8.457630100333776157e-01 8.299522915349906160e-01 8.484167130112579835e-01 8.552500643950841086e-01 8.686807988953785253e-01 8.749924122619596734e-01 8.655680996746738520e-01 8.962401570152929153e-01 8.874837129815205117e-01 8.913976268480218179e-01 9.000697595651385718e-01 8.890075038151221687e-01 8.852158805454364288e-01 8.952041590381381031e-01 8.968944169171154668e-01 8.987051164047920038e-01 8.972291980534859990e-01 9.034419985368644657e-01 8.740173894275167221e-01 8.884776249448105290e-01 8.916539202879470993e-01 8.884515189934506507e-01 8.931461439454633222e-01 8.805163288600080795e-01 8.944085281572597967e-01 8.976461262977405431e-01 8.938531759858100445e-01 9.065444922566388009e-01 8.995929503621945544e-01 8.926082061012068358e-01 9.020950509741041401e-01 8.901523928838179778e-01 8.943988563802245384e-01 8.949278639648929889e-01 8.857781085605118676e-01 8.915780223596579956e-01 8.922915786055253262e-01 8.787185727806743341e-01 8.905730853536245606e-01 8.789593727570450543e-01 8.835819908416754354e-01 9.030179688034124519e-01 8.980916905270550643e-01 8.975608270610269113e-01 8.862788049606122875e-01 8.887119312424071049e-01 8.827258660816235114e-01 8.927272983039747922e-01 8.976621321666643505e-01 9.026054794780447033e-01 8.931119571592355255e-01 9.010394081076781303e-01 8.997207683540315859e-01 9.040288725628710109e-01 9.012010091060097539e-01 9.030568494681003866e-01 9.029655410059634901e-01 9.033876989649702871e-01 9.033382440417440096e-01 9.072348309353952533e-01 9.040534433774233269e-01 8.999464207106755431e-01 9.000903951645050638e-01 8.991196728314565512e-01 8.959822464322924063e-01 9.020723425268968310e-01 9.023168681029890559e-01 9.031588389217837243e-01 9.041285557835356812e-01 9.043780262737974862e-01 9.054866052195190695e-01 9.081513774000640193e-01 8.949715350284397353e-01 9.001698357070206935e-01 8.980936708509557054e-01 9.002116970780971172e-01 9.004210833471180120e-01 9.018802050436695028e-01 8.998443673915281771e-01 9.002138640990193785e-01 9.012428033188177867e-01 9.024855345909973403e-01 9.004995952487619970e-01
2.837579250476346404e-02 1.191598847035055808e-01 2.169737162845677692e-01 4.383702550515714003e-01 4.094889585892814154e-01 4.527859651704579935e-01 6.345250406044266045e-01 6.167856426665817571e-01 6.861338455551332371e-01 6.328051213170841072e-01 6.708461148497139037e-01 7.552029762929365342e-01 1.000000000000000000e+00 7.021358165364632864e-01 7.918559737772906670e-01 7.775630146888954375e-01 6.733980329527741171e-01 5.371954135843911571e-01 6.210567139584857177e-01 5.053731001103121123e-01 5.953268635457863445e-01 6.485135964523699448e-01 6.725714095090288280e-01 6.396560244756430702e-01 6.844966221950463670e-01 7.406017417445394102e-01 7.312028457069563725e-01 7.253735779999871403e-01 6.773372420994699938e-01 7.142721400721661063e-01 7.620535441900772033e-01 7.745034052720523032e-01 7.148135518590832405e-01 7.511305788960750407e-01 7.333690671561458041e-01 7.500301952688517293e-01 7.787740914522440772e-01 7.733794396865881771e-01 7.739792322155243376e-01 7.461491451158855925e-01 8.053309651202040786e-01 7.986407362323366677e-01 7.965235325315114245e-01 8.040254507046670218e-01 7.931810595314091605e-01 7.922172967537315369e-01 8.134836703163080829e-01 8.116762770660256310e-01 8.106511461280182518e-01 7.821156674707866463e-01 8.019068436346881157e-01 7.726366281994361263e-01 7.852753570366969305e-01 8.065729968097792302e-01 7.971169876205353999e-01 7.957960990881028929e-01 7.758983166397419584e-01 8.064579261208911776e-01 8.023327269526631111e-01 8.116070950026953446e-01 8.106311657091316292e-01 8.031899644712477970e-01 7.866746648810043485e-01 8.049000324949420193e-01 7.979175455871626577e-01 8.107627683908062988e-01 8.087340681071241155e-01 8.015910450541390286e-01 8.083381306559050961e-01 7.982766956742860520e-01 7.949471829842315040e-01 8.049219600572365962e-01 7.983465727519406530e-01 8.044739032351431174e-01 8.108284496439560618e-01 8.106839944043863211e-01 8.070397234556070387e-01 8.018532771108649593e-01 8.043338319159968330e-01 8.075484545364199906e-01 8.101553529220780758e-01 8.127939491363360691e-01 8.137542730321126738e-01 8.041614838012871580e-01 8.116259046107962005e-01 8.110740587426991111e-01 8.155637759519891450e-01 8.092459965254680254e-01 8.128464762587779280e-01 8.133789199651546564e-01 8.052595739115899764e-01 8.129627639417638107e-01 8.147663246702949724e-01 8.146891910707961815e-01 8.150215437054897372e-01 8.156661554030466554e-01 7.982418329975599081e-01 8.022762329689456795e-01 8.128486230023310721e-01 8.131870143218032920e-01 8.148544841294003138e-01 8.109352978881531060e-01 8.121660488904822728e-01 8.159287554594408798e-01 8.176010210320100446e-01 8.041852723669615788e-01 8.099324268049397091e-01 8.121506359521369900e-01 8.115869985448654900e-01 8.122260719832611331e-01 8.121082645582514692e-01 8.171812111925726985e-01 8.124379799342534847e-01 8.126471514123000395e-01 8.147199736876877818e-01 8.203691128241713537e-01
