1.000000000000000000e+00 7.978189085014172899e-02 2.802558432005772607e-02 8.185538748613344073e-02 7.961508705190030455e-02 4.945627535731801118e-03 4.784526782411831908e-02 3.650436965588020610e-02 1.208854924743351378e-01 3.017328266824996150e-02 -2.931885327513413051e-04 2.425735340809946974e-02 1.965621634021563063e-02 9.055525869629939273e-03 1.054140442926496460e-02 2.990118284332273640e-02 7.276310437840063927e-02 1.508558434139764537e-02 4.732022498889466855e-03 9.126096437460118338e-02 4.353336196042353196e-02 2.720757973256811985e-02 4.390883190055123314e-02 1.965349415347183298e-02 1.710194797458264651e-02 5.427550391838104754e-02 2.845206362019450652e-02 4.057855159961928221e-02 4.450797700444371341e-02 5.917309941893275638e-02 3.545855526557034620e-02 1.271119920643317552e-02 3.044404524387810812e-02 7.808214301341822976e-03 2.740960818959172277e-02 1.725473067488425202e-02 1.815910775404653427e-02 6.218209365620047842e-03 9.843591072335781955e-03 -1.365949534911532412e-02 1.338226716264642041e-02 7.453465618672590201e-04 9.081361456202913587e-03 1.317868969488903384e-02 4.988622953369300887e-03 5.786468843691171086e-03 1.281432812415249367e-02 1.381211878763143400e-02 2.772586485687980259e-02 8.600973651411974313e-03 2.908698786113811385e-02 1.810886757273091202e-02 1.628422215050227828e-02 2.080692288741119861e-02 -3.205724921990708680e-03 -2.608808175880896873e-03 4.296907492516464921e-02 3.669552730375075060e-03 -5.117011267208537717e-03 3.044648625177872464e-02 1.790509391190581515e-02 1.410953600060549200e-02 2.027215017935544289e-03 2.591862316231021909e-02 4.021754250197855096e-02 2.991026413099464112e-02 1.116695003932765065e-02 -1.449722752665881086e-03 1.102846443649328941e-02 2.113579992904166677e-02 8.006376187536804606e-03 6.920328263117577101e-03 2.621606244091361122e-03 5.829413850980951807e-03 1.579580102761666063e-02 1.242261148238318035e-02 1.503703656373024666e-02 1.778325872923597686e-02 7.393156730482758170e-03 2.608291989045886591e-02 1.663290975285248302e-02 1.581630050428096609e-02 1.764261975059987914e-02 1.401322610799630303e-02 -4.610182164428545427e-03 3.399912369098504524e-03 8.226925523718828237e-03 5.577964576278049078e-03 1.796552443500904275e-03 1.055593852545893413e-02 -1.156485923535530451e-03 3.785974884107371624e-03 4.230216349693608456e-03 2.386952050287678012e-03 4.553628446027413457e-03 6.581570018844873707e-03 -3.613460246036510372e-03 2.938139294188632858e-02 7.590371769772948779e-03 1.285472974622085991e-02 5.662656995875789889e-04 5.867526639019795924e-03 1.268140555776744484e-02 6.715839214689322233e-03 9.755434484304216849e-03 2.158428224361255351e-02 1.490527863459321228e-02 3.998146552037442833e-03 4.914305793245659151e-03 1.210052798318864663e-02 -6.739598228584393023e-03 1.777697722872148556e-02 8.666663455887218398e-03 2.219625965489247649e-02 2.069831876670181342e-02 1.840696225415280537e-02
7.978189085014172899e-02 1.000000000000000000e+00 1.082855852878430031e-01 1.365183565229059204e-01 8.101890829321678478e-02 9.509700139892535153e-02 1.280836387622841799e-01 1.498484328713193814e-01 1.637868441327616220e-01 1.752856185952179624e-01 1.745208382086225196e-01 1.695963285864260095e-01 1.459293167869265273e-01 1.309180681904638655e-01 1.454595708757286388e-01 1.585712445350880850e-01 1.490745232878185889e-01 1.523377361165555721e-01 1.506779792897601222e-01 1.787963662379017660e-01 1.635983631785120351e-01 1.505953247420037944e-01 1.559650018695786233e-01 1.329859253740075520e-01 1.347774118167353319e-01 1.738612139538892876e-01 1.547557083061253946e-01 1.671115059942144820e-01 1.970021809783907840e-01 1.837727334928909717e-01 1.617464423074375657e-01 1.576975485558772538e-01 1.695717826004805584e-01 1.434973131512528033e-01 1.743917439822809112e-01 1.586466339866430264e-01 1.588169421801776671e-01 1.463364882085078089e-01 1.539216949247719790e-01 1.568610465232320728e-01 1.526568763289242181e-01 1.468493387876653733e-01 1.486243323535059446e-01 1.544565972814555821e-01 1.556051894911497924e-01 1.608529994282056896e-01 1.490681620289975862e-01 1.629841128989182597e-01 1.612817441419688580e-01 1.324255610571492547e-01 1.397888926248904706e-01 1.033771607074666365e-01 1.357767979316735762e-01 1.781033051685439184e-01 1.691827940255677398e-01 1.690443051301478705e-01 1.850275420479762511e-01 1.570534871087041207e-01 1.645456644000737045e-01 1.645424915806339705e-01 1.480417271625459052e-01 1.718319696329768664e-01 1.732352580914915396e-01 1.570332019672104340e-01 1.635092957193210184e-01 1.704601335610617108e-01 1.556008409383980995e-01 1.487362352750502548e-01 1.592434735548673153e-01 1.641044313055702031e-01 1.512314358976676321e-01 1.507032929303638302e-01 1.474126500262915307e-01 1.417603881742812433e-01 1.594000853732465695e-01 1.589361475514138311e-01 1.600722307941968292e-01 1.752104192049142861e-01 1.593932108326428509e-01 1.607399941351941863e-01 1.527131382772406731e-01 1.528034399510879993e-01 1.695567058870234012e-01 1.671949385303211355e-01 1.391597314417329645e-01 1.486186257278666878e-01 1.570118981966498739e-01 1.499259735486383471e-01 1.517554600911658058e-01 1.662161905901902714e-01 1.520066719557083834e-01 1.495873728741621278e-01 1.522587672244934132e-01 1.554352018450787798e-01 1.516942902300834062e-01 1.597991203432351792e-01 1.508062528034378735e-01 1.487394284950184498e-01 1.552741989776782183e-01 1.390981779824571885e-01 1.461670676810090108e-01 1.632385427344205941e-01 1.489343022124234028e-01 1.477790353369335397e-01 1.461328483292695379e-01 1.737513188185362267e-01 1.594361581505426007e-01 1.587104638077462548e-01 1.611551887452593590e-01 1.602029598986931258e-01 1.570081205497178833e-01 1.609093724591959540e-01 1.670089214479801021e-01 1.591215701322234444e-01 1.541022692188102339e-01 1.658637440137831487e-01
2.802558432005772607e-02 1.082855852878430031e-01 1.000000000000000000e+00 3.791375797138463732e-01 2.418311370031921703e-01 3.027250835885709201e-01 4.062964399243582658e-01 3.833481539801535942e-01 3.807427773307946461e-01 3.141637036767304658e-01 3.997327920148760483e-01 4.235306242199707860e-01 3.942403887374084648e-01 3.537016586464817869e-01 4.130872472606433865e-01 4.206975589925868175e-01 3.922889771815584736e-01 4.232021133313666472e-01 4.161115743852104032e-01 4.060206335903898678e-01 4.190744759353258186e-01 4.307833519151917923e-01 4.373933963033424521e-01 4.300616663271004669e-01 4.275695165737058989e-01 4.362646755513714947e-01 4.204875515246883633e-01 4.335614106932073608e-01 4.176919906756330070e-01 4.248442420955738097e-01 4.076400849290535700e-01 4.343125460249029901e-01 4.300367922836274559e-01 4.269738727730002514e-01 4.152232306343133783e-01 4.236792988359296963e-01 4.180745691971915479e-01 4.266847746086505633e-01 4.174646805004961769e-01 4.387213715617785947e-01 4.117853792898533705e-01 4.205342357080857907e-01 4.336531904408439386e-01 4.145856666109673516e-01 4.276315600141432638e-01 4.108138187618950443e-01 3.874907914958203303e-01 3.932187788401110828e-01 4.121985229611332957e-01 4.296230811502609881e-01 4.166886898887625090e-01 4.092561275132358123e-01 4.046716745640308033e-01 3.983876796972778966e-01 4.143797259922247234e-01 4.227159597431974780e-01 4.141400042454856933e-01 4.081111454373809178e-01 4.045255491231272704e-01 3.967462404146625543e-01 4.152811782683061836e-01 4.068502087075025475e-01 4.132748795343595960e-01 4.091892631836587246e-01 3.981563084870723412e-01 4.039030119219427228e-01 3.971724269508223326e-01 4.100854791136106514e-01 4.232020436655795637e-01 4.294338875759949881e-01 4.143372958007681683e-01 4.081529673926597157e-01 4.226584502586780423e-01 4.107180843181365004e-01 4.123605642845461494e-01 4.108237815994703612e-01 4.159254836671355537e-01 4.156082344428856379e-01 4.130917573792448061e-01 4.010795379699350072e-01 4.050483652153718528e-01 3.922388610495731176e-01 4.181236053817932175e-01 4.192716818871538020e-01 4.230336291243564362e-01 4.182938129328375165e-01 4.090281226614173038e-01 4.179889825277040005e-01 4.082254688513250462e-01 4.134480392890671485e-01 4.296120407471850644e-01 4.093683415307559081e-01 4.054347346335344104e-01 4.072056894548182204e-01 3.925096991376425537e-01 3.955905215358631599e-01 4.216142660413558785e-01 4.046690933195455919e-01 4.063544397777074102e-01 4.069187794013550130e-01 4.124724613623322322e-01 4.086769101188761910e-01 4.057090742016211671e-01 4.017632905024380863e-01 4.095947342533245439e-01 4.067336654353851944e-01 4.034384124717124709e-01 3.918662899686480849e-01 4.065120397442537614e-01 3.974633253223959217e-01 4.051285380161588900e-01 3.934351129723430707e-01 4.017103570416877267e-01 4.027277070513114454e-01 3.942664867943108664e-01 3.936831856263002249e-01
8.185538748613344073e-02 1.365183565229059204e-01 3.791375797138463732e-01 1.000000000000000000e+00 3.635551573274944936e-01 4.274680553095862034e-01 6.149735259457839165e-01 5.920228799649306373e-01 5.675485557822864680e-01 5.081257926736419961e-01 6.088247761910006162e-01 6.471595728695981320e-01 5.808771899337477063e-01 5.523891109183992620e-01 6.429354381829883724e-01 6.352659295226233960e-01 6.142004184319874716e-01 6.263289845364892194e-01 6.220052644202486158e-01 6.010421387413892313e-01 6.432761712391066311e-01 6.434506480474014856e-01 6.457556906721796386e-01 6.183953250525642265e-01 6.270974726979383629e-01 6.625569984662001977e-01 6.420381558966539171e-01 6.566945995445074846e-01 6.281560055837452916e-01 6.301649183509077101e-01 6.322766322738656575e-01 6.521916882266407534e-01 6.379254197996191422e-01 6.370712723137196276e-01 6.304739018999245825e-01 6.370552522672321416e-01 6.305396107496404889e-01 6.476968987989187854e-01 6.403156206910337600e-01 6.438684206370480778e-01 6.331192220752087652e-01 6.407058506746758919e-01 6.492998731765177167e-01 6.376149474103184334e-01 6.388812320622062613e-01 6.328588232455786278e-01 6.074812497453262461e-01 6.160278822259737108e-01 6.362811872738296515e-01 6.351291217123077315e-01 6.406744680857817675e-01 6.144615477036259321e-01 6.275313765577025249e-01 6.225639654204320195e-01 6.341849026984105464e-01 6.448631885009936671e-01 6.428849285137325786e-01 6.240817275806471720e-01 6.281125835322910467e-01 6.204363286593527205e-01 6.400373948105325672e-01 6.273009504017068583e-01 6.331235005721973508e-01 6.398961735187767008e-01 6.238606191776679966e-01 6.282167328841727905e-01 6.157007116178611072e-01 6.289429922987439525e-01 6.410622408143360484e-01 6.502119583882116638e-01 6.371968707917659014e-01 6.240152209547977780e-01 6.367103311742186023e-01 6.277713653686300965e-01 6.370301471296724305e-01 6.326598508005611965e-01 6.365803262209909219e-01 6.384799581172998506e-01 6.237980403214411496e-01 6.227671065292322838e-01 6.244554912774642474e-01 6.111886688837889769e-01 6.423560835296820981e-01 6.394886231482417305e-01 6.352291805231705668e-01 6.369633588467001895e-01 6.305168894452969353e-01 6.366591545014779197e-01 6.252922250634393997e-01 6.362640518593933869e-01 6.409043527272517693e-01 6.268798629442305925e-01 6.240054759847886157e-01 6.254450212454676361e-01 6.126489429191581682e-01 6.128823910531946417e-01 6.350971464033535741e-01 6.332477098788819037e-01 6.322285991257022841e-01 6.268806114198651747e-01 6.314514221189051479e-01 6.325605413185927395e-01 6.207243709018381850e-01 6.213234847018255236e-01 6.315398977719189899e-01 6.331054288741834180e-01 6.245459429277666619e-01 6.159551081925869198e-01 6.290959531427027240e-01 6.212063754281155203e-01 6.232294550649691844e-01 6.163104343650565031e-01 6.227195597601643540e-01 6.290579428684478502e-01 6.148827224495108101e-01 6.170592583409727494e-01
7.961508705190030455e-02 8.101890829321678478e-02 2.418311370031921703e-01 3.635551573274944936e-01 1.000000000000000000e+00 2.788608045842493333e-01 4.780360439021493213e-01 4.713320305633210694e-01 4.658381067971743561e-01 3.871587412829756714e-01 4.520602475353224792e-01 4.770097870370664239e-01 5.093294947748528978e-01 4.231322261803421303e-01 5.020910055640143144e-01 5.051501557174937762e-01 4.775075847095454074e-01 4.701998460118720358e-01 4.828097669665625258e-01 4.486336268353948165e-01 4.879364033338976503e-01 4.963270080938302353e-01 4.780784278552302480e-01 4.669780295803040437e-01 5.024502769572224414e-01 4.905398066564320425e-01 4.883127631649141764e-01 4.591703486975307613e-01 4.353202083058176908e-01 4.820028846796860500e-01 4.902247729563384837e-01 4.856642302333870620e-01 4.353959610152213222e-01 4.518962888002294176e-01 4.509547651047816075e-01 4.736327255434941708e-01 4.808216796536338711e-01 4.800112476802061989e-01 4.859660640030584733e-01 4.535731328082024394e-01 4.851222263486417718e-01 4.889460992818999707e-01 5.099256087873441645e-01 5.062854873548973123e-01 4.999286895719220469e-01 4.933778372094343445e-01 4.874915162169397576e-01 4.875931352071770086e-01 4.998211485720379654e-01 4.944723152854125781e-01 5.078138114910932810e-01 5.004920620031277911e-01 5.034158420006427104e-01 4.857861478710261971e-01 4.853139540393372475e-01 4.850328916182857220e-01 4.920147263638388613e-01 4.949424059901581519e-01 4.804003622218763203e-01 5.020156087318199400e-01 5.137901223282314023e-01 4.965853006203636566e-01 4.904265877982861843e-01 5.028030393302407308e-01 4.978475968312758848e-01 4.961621557563855034e-01 4.911815831506474161e-01 5.008679052035572843e-01 4.969729696531319796e-01 5.105958549996069129e-01 5.049419957156436878e-01 5.019483319404239863e-01 4.978166020631786814e-01 5.046078903253538028e-01 5.041038066445049370e-01 4.979767173486348009e-01 4.922490267824726207e-01 4.869350425748044664e-01 4.883632540842157699e-01 4.965827628237221569e-01 4.946951502841864801e-01 4.906666240288643510e-01 4.889625355811422769e-01 4.947414902940164838e-01 4.917212646116104757e-01 4.906013992878597851e-01 4.909478868406602636e-01 4.907668961488135251e-01 4.920872948593610352e-01 4.909460222918153871e-01 4.913717663104044675e-01 4.957177558242665261e-01 4.953613093737463946e-01 4.937290800243375188e-01 4.899118681300373424e-01 4.913441038716216958e-01 4.864304624979857161e-01 4.923213451053978784e-01 4.954898306569852640e-01 4.953996628944952185e-01 5.005576891170118170e-01 4.923333059968252878e-01 5.017687188219186467e-01 4.999169283268040664e-01 5.009356104311840641e-01 4.932034192622261060e-01 4.931672455715695458e-01 4.931639469932344033e-01 4.950145671244098322e-01 4.926844124154484139e-01 4.891978039637783771e-01 4.957236374429425663e-01 4.940246187170679870e-01 4.973444989554590689e-01 4.949330265425260778e-01 4.924741224709739407e-01
4.945627535731801118e-03 9.509700139892535153e-02 3.027250835885709201e-01 4.274680553095862034e-01 2.788608045842493333e-01 1.000000000000000000e+00 5.387827949014529771e-01 5.223837106991426893e-01 5.138874270638683628e-01 4.986203994132613060e-01 5.679101528524574949e-01 5.846129295560401617e-01 5.380645806316535218e-01 5.334121363604946708e-01 5.861194145753707563e-01 5.792183853320737041e-01 5.547519722861459224e-01 5.803108141376419615e-01 5.865110787347075361e-01 5.023866252259846510e-01 5.695288001554388302e-01 5.814515816244600899e-01 5.879102067502239848e-01 5.772821424157924541e-01 5.840781815262967580e-01 5.906118021948887353e-01 5.832030332663890038e-01 5.875241597609912603e-01 5.574764877248253869e-01 5.737189456808845511e-01 5.943036182249273880e-01 5.978456988504058378e-01 5.616882463519966562e-01 5.814745479798180128e-01 5.737594336800752037e-01 5.806733055462246496e-01 5.912447147568185013e-01 6.009977971138920072e-01 5.975736868519535561e-01 5.917729228842965039e-01 5.976597189572853130e-01 5.995442872688794278e-01 6.005495466205067467e-01 6.068531625966850918e-01 6.090341284030403868e-01 6.001649489021897432e-01 5.862443497373304169e-01 5.922563592225477125e-01 5.894897299762273946e-01 5.929179992179219871e-01 5.952583721560191776e-01 5.763425690721678540e-01 5.918589522299938510e-01 5.946398565197467123e-01 6.062008692055060877e-01 6.137283653401071071e-01 5.946710715302454542e-01 5.990379823940722437e-01 6.029203438063693854e-01 5.881484383042239195e-01 6.038146972740440210e-01 5.973240827285991594e-01 6.047455238036999470e-01 5.906944574555386129e-01 5.814625898352979716e-01 5.958848474688592800e-01 5.922641523546278153e-01 6.043974143804243804e-01 6.066393114609792692e-01 6.080437756700369789e-01 6.028832512341565364e-01 5.986853538558292165e-01 6.052736036839688749e-01 6.017854787493671642e-01 6.038123854335902818e-01 6.026560945718131279e-01 6.033025217937536544e-01 5.987439811302954773e-01 5.982332600402969769e-01 5.935343349092669918e-01 5.971618456154215160e-01 5.937722409272229163e-01 6.052095795573444459e-01 6.022431896799083084e-01 6.052243206693443955e-01 6.037262717063969220e-01 5.999625606665065503e-01 6.067893162558510856e-01 5.971285150222608307e-01 6.085713125102039101e-01 6.057803031247507297e-01 6.019017503262247271e-01 5.994387572018977650e-01 6.017703162380301229e-01 5.951889409921607976e-01 5.930966679901760186e-01 6.037092244186959000e-01 5.961000630768389374e-01 6.037982982534503273e-01 5.978069736934974454e-01 6.017553594332455402e-01 6.067657205189872505e-01 5.912630098400609713e-01 5.975425842323796033e-01 6.035263420239774801e-01 6.004233444557890431e-01 5.968750052704603348e-01 5.951957779868365384e-01 6.055240776150123683e-01 5.949973600559910203e-01 6.013700340354577456e-01 5.916366214122555922e-01 5.973643052010139121e-01 5.966006614208552161e-01 5.890907515529840710e-01 5.932738155652047540e-01
4.784526782411831908e-02 1.280836387622841799e-01 4.062964399243582658e-01 6.149735259457839165e-01 4.780360439021493213e-01 5.387827949014529771e-01 1.000000000000000000e+00 7.316825827908156610e-01 7.136426657462766610e-01 6.603556362013940362e-01 7.505674837043128100e-01 8.060609646576811782e-01 7.491768173334525383e-01 7.026969571580836682e-01 8.323145742134372416e-01 8.108185990439767954e-01 7.446781625786011993e-01 7.758725875397255445e-01 7.848789932712209039e-01 7.334042579330418699e-01 7.805323442068737849e-01 7.933233395865243454e-01 7.937262080834620592e-01 7.786916410795449162e-01 7.945994165860555958e-01 8.228623068371161420e-01 8.123822593776073298e-01 8.154093253046567069e-01 7.620057880362882674e-01 7.910279677427298761e-01 8.024124741848553954e-01 8.136648322079377271e-01 7.827122270957866945e-01 7.821546947706313757e-01 7.790456799676724886e-01 7.734997341675619031e-01 7.933579012815399345e-01 8.169910776854969470e-01 8.006949610750467849e-01 8.018073859948773308e-01 8.048411521383586065e-01 8.196705672974763379e-01 8.186592541525420375e-01 8.163237429620084917e-01 8.163264473516750330e-01 8.094344390570246128e-01 7.853503385689947214e-01 7.937875216656814503e-01 8.105402327078365943e-01 8.012818437436171060e-01 8.102764254120510268e-01 7.753629476597123649e-01 8.026489087007649958e-01 7.969748907244933456e-01 8.091772229417755202e-01 8.080644298597686737e-01 8.010405887170816142e-01 8.061097527620423309e-01 8.072449044498853921e-01 7.966064614876585681e-01 8.197431769508910504e-01 8.055086367575151618e-01 8.065829778554849394e-01 8.063927972460794846e-01 7.865922752829768161e-01 7.969060352763264188e-01 7.945469046092388243e-01 8.098597486248668709e-01 8.181417036799657483e-01 8.271511567510645424e-01 8.139439358699550597e-01 8.054507231737713102e-01 8.151777410735261409e-01 8.066160487807949586e-01 8.166490723655677186e-01 8.117488152217638975e-01 8.174958081954057931e-01 8.076561559620510922e-01 8.082333313436380617e-01 7.990659685304185578e-01 8.018854784656290757e-01 7.963805169569554421e-01 8.044215946896419167e-01 8.148051249632227711e-01 8.172234252234994445e-01 8.100165440495726843e-01 8.044897740164318467e-01 8.190860853351784598e-01 8.008412335330057363e-01 8.045863567913622560e-01 8.266390766071703977e-01 8.105314771797660356e-01 8.063423349413704200e-01 8.074260888334049424e-01 7.951595502892154776e-01 7.940938248285384082e-01 8.142841721270261957e-01 8.039504451336859647e-01 8.103737434976128196e-01 8.114609303541796548e-01 8.099613509203686945e-01 8.069339596934614889e-01 8.046599576340843774e-01 8.046469670545486341e-01 8.051790661306718055e-01 7.977339131160579022e-01 8.031451351041887232e-01 7.933890393965296051e-01 8.067216034028114047e-01 7.987278899777141561e-01 8.047899229351271888e-01 7.944036692956492063e-01 8.006156289707867524e-01 8.029538134795816129e-01 7.862581728088249289e-01 7.919673540807078416e-01
3.650436965588020610e-02 1.498484328713193814e-01 3.833481539801535942e-01 5.920228799649306373e-01 4.713320305633210694e-01 5.223837106991426893e-01 7.316825827908156610e-01 1.000000000000000000e+00 6.861915364467251477e-01 6.145186645431509609e-01 7.231864934634820719e-01 7.712447857250528394e-01 7.269504678777215512e-01 6.788529520863004763e-01 7.900502602494481330e-01 8.014426013791073888e-01 7.147992198751793591e-01 7.404429288636110718e-01 7.536993430815207562e-01 6.903228705468602566e-01 7.424218944391718367e-01 7.607597193062162200e-01 7.555056873040741916e-01 7.302144511013446415e-01 7.500596327604909241e-01 7.709795086791298990e-01 7.612957912462157140e-01 7.603955708852774276e-01 7.255589077122694963e-01 7.563414566985081633e-01 7.662954321068360386e-01 7.785705097243199591e-01 7.443117840980016942e-01 7.535923611288771751e-01 7.531718359840468002e-01 7.470151544371118613e-01 7.536036865261344087e-01 7.868638845902551360e-01 7.708383273261061319e-01 7.575593513810342516e-01 7.690435177576626646e-01 7.841810413353270670e-01 7.843519442859351321e-01 7.826561965948720667e-01 7.799026077145865266e-01 7.776572404191242072e-01 7.551701985864076594e-01 7.584457321644217931e-01 7.833521828401045495e-01 7.748022750655771951e-01 7.841432953327296396e-01 7.334595577045489589e-01 7.641923423767040813e-01 7.657772900748416323e-01 7.795633419766073713e-01 7.786367998233300058e-01 7.777944463527527441e-01 7.770299516684815444e-01 7.795685947842569963e-01 7.650629682141537602e-01 7.862901357133312841e-01 7.788812233845180399e-01 7.787703494296521756e-01 7.859613581830912077e-01 7.589981160848267017e-01 7.684145412161028643e-01 7.670523252541340264e-01 7.753798001340090895e-01 7.837744972913521790e-01 7.905291884785297096e-01 7.828739619751200474e-01 7.743371302384061128e-01 7.770823671792608245e-01 7.697881750189891070e-01 7.786355713349194518e-01 7.746810593819234425e-01 7.750709781305267221e-01 7.716779805827711503e-01 7.713596447191380934e-01 7.678338499761432345e-01 7.676598524541858870e-01 7.651926973097269435e-01 7.808736544063270557e-01 7.818116698496995198e-01 7.856592069076061557e-01 7.770266435575307051e-01 7.686403121946027150e-01 7.900530464981735390e-01 7.737687964635882043e-01 7.798026006951904732e-01 7.824945958154072567e-01 7.753934657079740722e-01 7.721643103156012877e-01 7.754788701604866663e-01 7.657387205628951587e-01 7.658303976175373506e-01 7.890532878742216871e-01 7.829162139199924431e-01 7.858303395752159748e-01 7.844120116138252330e-01 7.829605464687502403e-01 7.861719428033534518e-01 7.714643053464331768e-01 7.768350898552875972e-01 7.769693514882409779e-01 7.783975065067925136e-01 7.787143496687020106e-01 7.664302629462748095e-01 7.795766505632257815e-01 7.717286500137773286e-01 7.794578966861663849e-01 7.658649958544602177e-01 7.789263119142024738e-01 7.810991467791597032e-01 7.614780155683819052e-01 7.651320510576358203e-01
1.208854924743351378e-01 1.637868441327616220e-01 3.807427773307946461e-01 5.675485557822864680e-01 4.658381067971743561e-01 5.138874270638683628e-01 7.136426657462766610e-01 6.861915364467251477e-01 1.000000000000000000e+00 7.324995217902802169e-01 7.917885559189851152e-01 8.296118509430607801e-01 7.614633353819620920e-01 7.621410457755083412e-01 8.396941004718331270e-01 8.361554498508968480e-01 8.318715288840204947e-01 7.660165186650119695e-01 7.964975423300928448e-01 6.928835387260325884e-01 7.961024893863998253e-01 8.186787585101399367e-01 7.928152946311798344e-01 7.605218027418145788e-01 8.041107348421725476e-01 8.336222921182974144e-01 8.328702163377338374e-01 8.136654639272105083e-01 7.856784952056358184e-01 8.300122990194913619e-01 8.698019682833401101e-01 8.366755847230502585e-01 7.806228957731643492e-01 7.939527734703012429e-01 7.984213404538000880e-01 7.971131563247411123e-01 8.423041645107962605e-01 8.284085159953122890e-01 8.455216161619393267e-01 7.835619488918730280e-01 8.480765188007302058e-01 8.411469220801207625e-01 8.191021567716475493e-01 8.680592745133878241e-01 8.478048565809236381e-01 8.554157693510316962e-01 8.677301091875612160e-01 8.715218154283255192e-01 8.630317811767493907e-01 8.283197820692670410e-01 8.531743182277677917e-01 8.156069070566462909e-01 8.605201866913196884e-01 8.659316012037138188e-01 8.446766567095728151e-01 8.440765276834906183e-01 8.672775948644211308e-01 8.627571395742079652e-01 8.503145966221736796e-01 8.796477900756253243e-01 8.670477998363380623e-01 8.633341123665526640e-01 8.542838836424431204e-01 8.679940890342351389e-01 8.795733656088051688e-01 8.782093909234129914e-01 8.734821796107350433e-01 8.659935398628673120e-01 8.655661664357316987e-01 8.628808276690541623e-01 8.660993331648340066e-01 8.718570052888242605e-01 8.450807512295740453e-01 8.588368195055315901e-01 8.723189814907110762e-01 8.710371929505071886e-01 8.687744118896166823e-01 8.652282663506952742e-01 8.655625847094960967e-01 8.759175958633068637e-01 8.748019694219590914e-01 8.746661507087774012e-01 8.643008977909841795e-01 8.659422852569040874e-01 8.552530674126460619e-01 8.597811338556954341e-01 8.647721832549961629e-01 8.621560426190553184e-01 8.673327914623829571e-01 8.619337945322842476e-01 8.505914647371027870e-01 8.673079438795914253e-01 8.672932805452736593e-01 8.669231133902610686e-01 8.720234419884340671e-01 8.735191962884465422e-01 8.434701666788637642e-01 8.674634269645219442e-01 8.703102703856504530e-01 8.664386906668091193e-01 8.588507167012429111e-01 8.679010713663393162e-01 8.744842358837194851e-01 8.731317492481263098e-01 8.711015782790981765e-01 8.660220392424974323e-01 8.756594479456180080e-01 8.711523066577468999e-01 8.655545703250441258e-01 8.760599093243977009e-01 8.596578974005827378e-01 8.788140709366319969e-01 8.682401212581016825e-01 8.772226601685347847e-01 8.771718242171444579e-01 8.771633671327224713e-01
3.017328266824996150e-02 1.752856185952179624e-01 3.141637036767304658e-01 5.081257926736419961e-01 3.871587412829756714e-01 4.986203994132613060e-01 6.603556362013940362e-01 6.145186645431509609e-01 7.324995217902802169e-01 1.000000000000000000e+00 7.408653382013944411e-01 7.751139626777644454e-01 7.022447760194525657e-01 7.122984740212966459e-01 7.847250654907541589e-01 7.623132917681576526e-01 7.446609925338483205e-01 7.249855033556757977e-01 7.498402438091952282e-01 6.332050925937839914e-01 7.305557093676255942e-01 7.502572410149179749e-01 7.485343374564007446e-01 7.192466911608077496e-01 7.424021446277513370e-01 7.782565433567982804e-01 7.805563266427546498e-01 7.673572198311965353e-01 7.474413812110494160e-01 7.717475175713724989e-01 8.096186044384017233e-01 7.898628524462451006e-01 7.408097271559342945e-01 7.486501402253525894e-01 7.516876891240438230e-01 7.490881721996510700e-01 7.910329196241467908e-01 7.775446234685934321e-01 7.960164091744058590e-01 7.621163654425759937e-01 8.042210070347713957e-01 7.974840118819407353e-01 7.688961421157622933e-01 8.089677164150046451e-01 7.995216289914731655e-01 8.077669645429965684e-01 8.106131125649521652e-01 8.210836117892698072e-01 7.934289699392129691e-01 7.485048902623314682e-01 7.770750688046722532e-01 7.286489124606327916e-01 7.882053333290002239e-01 8.152492140557365818e-01 8.042605658399212265e-01 8.010187502126795422e-01 7.976930817634256821e-01 8.112436276686572079e-01 8.062556545500413341e-01 8.167630273555400722e-01 7.992793794422613507e-01 8.089739026221373086e-01 8.042194551472499064e-01 7.956959562464999136e-01 8.046563889217924759e-01 8.086248332308509923e-01 8.183540377409872502e-01 8.120349936607986763e-01 8.138208408259349769e-01 8.037676480822819602e-01 8.081181903204260886e-01 8.140487706099792664e-01 7.982249844260852489e-01 8.019133628928112323e-01 8.170210349785147486e-01 8.158023843658578356e-01 8.120059504859649113e-01 8.146580925356048386e-01 8.128661397308409864e-01 8.163847307636463713e-01 8.162621886504652924e-01 8.178274333123338735e-01 8.138239355545470177e-01 8.100045586782761431e-01 7.975433701103573636e-01 8.072469590150278540e-01 8.150487581010499305e-01 8.092009995064317618e-01 8.137306707573280784e-01 8.113978819004873388e-01 8.060729141490807770e-01 8.152724597620535363e-01 8.150896314011887300e-01 8.164547521457513612e-01 8.163105269181523127e-01 8.200000209044688848e-01 7.917789343442310779e-01 7.926613242639011236e-01 8.120035911635575809e-01 8.025020236692829156e-01 8.028416189840900108e-01 8.126466925601731894e-01 8.062989246754440620e-01 8.126791715173866670e-01 8.076971550175671144e-01 8.056825185762026553e-01 8.143728982877661560e-01 8.188124616770278141e-01 8.172271061836329231e-01 8.192500570121812320e-01 8.144243293342015022e-01 8.200327016200948949e-01 8.150473925436015898e-01 8.143421964629929954e-01 8.143377394493285237e-01 8.162687696072654653e-01
-2.931885327513413051e-04 1.745208382086225196e-01 3.997327920148760483e-01 6.088247761910006162e-01 4.520602475353224792e-01 5.679101528524574949e-01 7.505674837043128100e-01 7.231864934634820719e-01 7.917885559189851152e-01 7.408653382013944411e-01 1.000000000000000000e+00 8.635826917110009937e-01 7.763602612116362600e-01 7.757066277119235576e-01 8.652332898648565918e-01 8.541335019480942314e-01 8.196260971268620743e-01 8.158485907920601798e-01 8.318921219512491749e-01 7.225826400614002720e-01 8.216656081263334910e-01 8.398477384870552953e-01 8.312428861164464777e-01 8.082327656933444571e-01 8.309654897580992516e-01 8.618488352010372777e-01 8.551631579121762305e-01 8.485701170736159593e-01 8.096504669796986686e-01 8.434630544083037140e-01 8.835958745796874680e-01 8.650352218932525483e-01 8.140560122785349684e-01 8.284285135086149054e-01 8.333023918722849421e-01 8.291492589152321679e-01 8.634268723160809511e-01 8.647582353944818223e-01 8.738254954082078640e-01 8.475375302976152492e-01 8.762305667273042609e-01 8.749962877150735396e-01 8.549208288230621955e-01 8.859724679514161538e-01 8.796642448892680877e-01 8.804414562137421463e-01 8.770188408710889449e-01 8.803491832999600364e-01 8.769173102574754353e-01 8.527070660395651425e-01 8.671598004894293110e-01 8.289707120098549487e-01 8.693376855788598201e-01 8.787896419538443471e-01 8.823494390804960119e-01 8.852501142372944942e-01 8.784162957591944432e-01 8.848056603785400265e-01 8.818769157000632131e-01 8.817494555332778816e-01 8.834016417438033120e-01 8.811117026219620341e-01 8.805611458239547273e-01 8.766177981867716573e-01 8.789471188849514727e-01 8.862455019182690075e-01 8.862825758129210252e-01 8.879339131701818877e-01 8.902970398943483854e-01 8.902023728343709807e-01 8.890261532469145855e-01 8.868481290233741765e-01 8.777934137543124127e-01 8.817193305549559934e-01 8.925180179394917035e-01 8.882954720526865522e-01 8.886311587001295420e-01 8.841334831246744352e-01 8.845671159746162360e-01 8.840604166707531908e-01 8.869453355621920165e-01 8.858194856457249911e-01 8.867467656915936081e-01 8.876164282357114077e-01 8.811694439996312633e-01 8.829985104972535304e-01 8.875391821553046956e-01 8.878113310811550640e-01 8.866215735236626649e-01 8.879906337580418807e-01 8.853450012469243902e-01 8.886162981544847295e-01 8.883184225371423270e-01 8.883223411126307534e-01 8.853227560971161925e-01 8.869961616582403563e-01 8.778514528211875945e-01 8.804199446252310990e-01 8.908625855953540285e-01 8.821519304145587492e-01 8.829317084374908031e-01 8.903683023254359563e-01 8.856521672019292968e-01 8.870110141312964602e-01 8.874732896465344911e-01 8.854179046843257961e-01 8.886329702214341708e-01 8.859054855969903386e-01 8.904537660871998384e-01 8.901251252244593015e-01 8.890009321762467609e-01 8.865411023446126970e-01 8.867589649882881009e-01 8.878745508198531144e-01 8.821387631977891663e-01 8.866807431643560777e-01
2.425735340809946974e-02 1.695963285864260095e-01 4.235306242199707860e-01 6.471595728695981320e-01 4.770097870370664239e-01 5.846129295560401617e-01 8.060609646576811782e-01 7.712447857250528394e-01 8.296118509430607801e-01 7.751139626777644454e-01 8.635826917110009937e-01 1.000000000000000000e+00 8.280514930796927242e-01 8.227156388114291730e-01 9.205577622523913872e-01 9.093008234625555852e-01 8.696905139332034018e-01 8.488011365520256035e-01 8.716793972167650173e-01 7.676721343645762641e-01 8.658193299798196962e-01 8.830615998600942484e-01 8.688721048915583056e-01 8.374700152257795738e-01 8.732060894482607250e-01 9.043444770326235504e-01 9.036299225375850064e-01 8.908642858680195786e-01 8.570163019066642240e-01 8.867662501952776610e-01 9.285546540941574944e-01 9.137868458227403901e-01 8.631982730886766930e-01 8.774941286538364693e-01 8.800439207658830032e-01 8.747714714757778287e-01 9.059540466310825879e-01 9.147630087849868419e-01 9.217119091128381791e-01 8.865597506782295634e-01 9.163741594517866851e-01 9.219359935891495716e-01 9.056548210304731228e-01 9.360834826597058678e-01 9.240863744313243533e-01 9.316649785879331791e-01 9.264096553965898151e-01 9.298610522737634776e-01 9.267014599891540971e-01 9.018366168505764779e-01 9.192559743427065611e-01 8.756732337733479365e-01 9.214743975376135099e-01 9.298297307390792632e-01 9.300521498682575716e-01 9.304581955215647238e-01 9.313726269373131528e-01 9.320576408482849073e-01 9.309740916935262955e-01 9.336036815429787916e-01 9.342762451966547532e-01 9.336940488855770548e-01 9.331088892135004365e-01 9.304784210776049225e-01 9.287143176867882488e-01 9.349900466759444306e-01 9.344230500139968365e-01 9.342197719375699982e-01 9.366213716509049769e-01 9.365870746017522785e-01 9.360143316425324489e-01 9.353444578415556210e-01 9.213568820541230275e-01 9.254629531554587896e-01 9.381245582701213115e-01 9.366086504651812694e-01 9.347402437910474760e-01 9.342744330355101656e-01 9.329309565972501161e-01 9.307570542069173447e-01 9.323390032614015110e-01 9.323653780675039693e-01 9.344331840648448795e-01 9.367815008601567683e-01 9.303834253396547904e-01 9.316569922682435001e-01 9.334842883184788498e-01 9.367024480122333463e-01 9.344212793133610528e-01 9.339819048605823015e-01 9.314651382991320228e-01 9.354522438709820253e-01 9.358031410454263899e-01 9.371822447293176594e-01 9.334905536464227493e-01 9.346204256491926765e-01 9.244299782383715858e-01 9.274429660757620431e-01 9.374766631556239460e-01 9.308478958378066936e-01 9.321462162609437385e-01 9.391952447403094650e-01 9.333005266234682962e-01 9.367221666508505074e-01 9.367003201728575368e-01 9.329236126940378959e-01 9.380508288467427347e-01 9.343212790788716360e-01 9.377208544334700857e-01 9.368127459692821013e-01 9.344043851599861394e-01 9.359305767051144809e-01 9.368113185826222322e-01 9.373055244628857308e-01 9.306300730365205665e-01 9.350160503163080783e-01
1.965621634021563063e-02 1.459293167869265273e-01 3.942403887374084648e-01 5.808771899337477063e-01 5.093294947748528978e-01 5.380645806316535218e-01 7.491768173334525383e-01 7.269504678777215512e-01 7.614633353819620920e-01 7.022447760194525657e-01 7.763602612116362600e-01 8.280514930796927242e-01 1.000000000000000000e+00 7.503509042861983280e-01 8.499818583553515605e-01 8.479248634395309958e-01 7.891964910530613331e-01 7.964746243954676785e-01 8.048317030686320539e-01 7.161107351789791631e-01 8.038095668150653239e-01 8.171544972983785238e-01 7.998069993706778957e-01 7.808376510258492331e-01 8.141377770240910694e-01 8.335165315204726699e-01 8.264566775834850665e-01 8.101892599497896308e-01 7.727431371370088176e-01 8.198261246506676203e-01 8.456565610937114563e-01 8.312985798336780530e-01 7.819964859036395710e-01 7.902153251471434325e-01 8.058131940357822209e-01 7.896202988230244246e-01 8.289042637499168809e-01 8.311139494801424998e-01 8.348091373718122821e-01 7.951249662712743804e-01 8.384255033909165933e-01 8.424157402353726898e-01 8.329944953854483414e-01 8.570880304274774986e-01 8.425439688356910484e-01 8.501227204371379909e-01 8.447904459949431288e-01 8.488245943049619324e-01 8.489357157030478218e-01 8.273342920516979504e-01 8.451750802781257121e-01 8.231530013625788511e-01 8.502938413004500484e-01 8.482549439153276305e-01 8.440358265499955381e-01 8.415408864461316751e-01 8.491139463084845795e-01 8.515800570666847147e-01 8.426851998405632260e-01 8.577811446875460710e-01 8.646256755481471767e-01 8.532120889415918397e-01 8.473938004650566347e-01 8.556650977194839580e-01 8.494966343943972653e-01 8.577214020840771003e-01 8.513498960492846823e-01 8.583720630733882029e-01 8.583474692549820650e-01 8.628179057356091253e-01 8.605684210812301060e-01 8.564978557470065423e-01 8.483709930000891131e-01 8.525356246492834522e-01 8.616402791137270922e-01 8.558176999014458497e-01 8.555267867980753671e-01 8.501563465870799474e-01 8.527534325811249039e-01 8.528963745373567829e-01 8.537893479596835311e-01 8.525020944869733386e-01 8.481661541095977253e-01 8.564301039134856186e-01 8.508665961608807837e-01 8.498075235831320517e-01 8.479725408848272084e-01 8.554844049067131806e-01 8.524775931005922347e-01 8.498840412616480711e-01 8.471129537208892391e-01 8.549911820064802770e-01 8.525111449004854069e-01 8.549141692882064048e-01 8.535585524866818874e-01 8.536064701609873406e-01 8.436075211947651198e-01 8.547943815634929665e-01 8.596993798962130340e-01 8.561113883309010575e-01 8.536757321011106958e-01 8.575726475430656137e-01 8.592001175029688742e-01 8.586223565984281159e-01 8.601116152900896150e-01 8.537962693136111891e-01 8.582107778311394153e-01 8.528865426207524747e-01 8.556325377307931745e-01 8.569308242850294244e-01 8.510312407634023080e-01 8.563466922520996949e-01 8.566773042986145503e-01 8.604683758069089361e-01 8.531126469162035875e-01 8.558201898130645136e-01
