1.000000000000000000e+00 1.829640129921704939e-01 9.522625183783842151e-02 1.028338477279666791e-01 4.721399302008017634e-02 3.197320594857702702e-02 6.747286811442959609e-02 5.686714650375536417e-02 2.180704866248929508e-01 1.969296499626078598e-02 4.767770209963973632e-02 8.202182726860518525e-02 6.871796186089248505e-03 -1.338893324311073857e-02 2.251527679738718479e-02 8.577133128599701006e-02 1.114367925312263197e-01 1.221273524712147363e-03 7.760428086745982390e-02 1.913448220463685040e-02 3.046974503913543394e-02 1.133511872212560612e-01 2.880819553385155149e-02 -5.984999940458659261e-03 4.034153730212547070e-03 2.625267130700956273e-03 5.974078142950894205e-02 2.344785132093836141e-02 1.098222339262458075e-01 1.195360707644836235e-01 8.269111342212978610e-02 3.318810850974722448e-02 4.060870969938176755e-02 6.497560952189243566e-02 1.029273678255269997e-01 6.177662809732280269e-02 6.504074945006797781e-02 -5.503632669583424786e-03 2.229683384522283471e-02 -3.175279707357064884e-02 9.223874720007665864e-04 -1.443868180561364879e-02 1.791920647999518598e-02 1.694861278779449115e-02 1.352315233181078033e-02 3.261543557676883833e-03 4.348525973790918348e-03 1.250505171023349321e-02 4.140050559112972567e-02 7.180500224632362094e-02 5.691011662475230909e-02 1.327125490647901307e-01 4.730443675797025432e-02 8.636123429900341431e-02 4.332589385297994089e-02 2.887199773259863794e-02 1.377989201275887643e-01 2.431293822360755530e-02 3.767205426893449616e-02 8.821146920018951842e-02 6.777663870048704353e-02 7.365033346476704268e-02 8.068881540091368820e-02 1.289580779976240155e-01 1.273590903907034777e-01 1.241586762104504027e-01 3.108382185227925865e-02 2.612679697943593934e-02 1.699855008863471531e-02 2.160536353118987576e-02 1.564430107663517325e-02 2.438262028914012572e-02 1.318733247391049371e-02 -2.240295528671805772e-03 1.673234816343963094e-02 2.535487666779066146e-02 2.075059442730546252e-02 4.918706227702868139e-02 1.100134051888083941e-02 5.235940578005211787e-02 3.513571590185566446e-02 2.367510571978638859e-02 6.673196177943173379e-02 4.598230887566560204e-02 3.232002914736542554e-02 2.588073765544073729e-02 6.889171975443178844e-03 1.016099146583063564e-02 1.353712796202670779e-02 9.574326198281126951e-03 -8.352760943543478464e-03 -2.241925155907629336e-03 1.119633303609492495e-02 6.272838479668367724e-03 1.074895872419691367e-02 1.992811963035096348e-02 3.476363301374892772e-02 1.077074975574498633e-01 5.475716607688354415e-02 2.005224510410916205e-02 2.169992004260871618e-02 4.844944700956282935e-02 3.907517576296942741e-02 2.472924961384188880e-02 5.852384152746246959e-02 7.928315112630968109e-02 5.628355009941299336e-02 2.069185937947904536e-02 1.994078481213922699e-02 3.308149066899288004e-02 2.218759039673553340e-02 5.218605504623124308e-02 5.304841111251488300e-02 7.486296881336838849e-02 8.545850841915010598e-02 6.969030378079184296e-02
1.829640129921704939e-01 1.000000000000000000e+00 5.287757959515589773e-02 1.117780400976239319e-01 9.458425363571304478e-02 7.174489665101654867e-02 1.555801225244376196e-01 1.203314310615763577e-01 2.046082588223957222e-01 1.712170948421580519e-01 1.153408790193638095e-01 1.606540360043693105e-01 1.069192098772321770e-01 1.161893055349176862e-01 1.502926815715962539e-01 1.595782985350060468e-01 1.459863012591697262e-01 8.625242938278118721e-02 1.459889522334480993e-01 7.677970643268317019e-02 1.027445696544374842e-01 1.493073819797846868e-01 9.972496390606845618e-02 7.783355773286550205e-02 9.771590163882740154e-02 1.165996061478349610e-01 1.627511871163782597e-01 1.511867603249072989e-01 1.951424039449700110e-01 1.872074299815543741e-01 1.690043396002108289e-01 1.357608916615452022e-01 1.513431349020153416e-01 1.257918610486578881e-01 1.773577460877659995e-01 1.098462678731520620e-01 1.542256613326240255e-01 1.287162062926431039e-01 1.302719692114907013e-01 1.072224642784970067e-01 1.361620107701148330e-01 1.329579837122209507e-01 1.191995006683120306e-01 1.255802024935298578e-01 1.249452986017443173e-01 1.380095211312170889e-01 1.337918966120712483e-01 1.393100132538983571e-01 1.306378552806850002e-01 1.276051233298826915e-01 1.355247337532804186e-01 1.467352726827584886e-01 1.442848914145900829e-01 1.684680501662026431e-01 1.491050636724949308e-01 1.427854349967017100e-01 1.663698071421722824e-01 1.467060800226145934e-01 1.508127151449819847e-01 1.613469799182996045e-01 1.478232257255866211e-01 1.589585437181759708e-01 1.560356189094082024e-01 1.622511808856660631e-01 1.611975061428286005e-01 1.633952771331278475e-01 1.455496308366492630e-01 1.377671243648135868e-01 1.355795174443376883e-01 1.254489131820619996e-01 1.346629387081240969e-01 1.356410738366669588e-01 1.166166107298649418e-01 1.197377185783597975e-01 1.407832179024875729e-01 1.466706118702494066e-01 1.447268846290153399e-01 1.601278675005750052e-01 1.398626669501940034e-01 1.600068603407598655e-01 1.473130642314347816e-01 1.443082419255279081e-01 1.480326835235646621e-01 1.547632271717741537e-01 1.391034538556216449e-01 1.337654569528941295e-01 1.305447451287760630e-01 1.398385800988404537e-01 1.377068997961754526e-01 1.271842478319653302e-01 1.328764603700239855e-01 1.352104934448784268e-01 1.337535289726618504e-01 1.368574141059969718e-01 1.355262213267396099e-01 1.430936907701031713e-01 1.365600979346820454e-01 1.565980559381896786e-01 1.498390484216261254e-01 1.395754290182269763e-01 1.336793900883818387e-01 1.486412064551126400e-01 1.386958702450661884e-01 1.372752641151031849e-01 1.439138554482832510e-01 1.530263274815716057e-01 1.498491287410744777e-01 1.427266756334411857e-01 1.426125002693770238e-01 1.447823049405210227e-01 1.404510808559809865e-01 1.462071511594332518e-01 1.488805081354127036e-01 1.533486725903622228e-01 1.555175277030215186e-01 1.480962944267215919e-01
9.522625183783842151e-02 5.287757959515589773e-02 1.000000000000000000e+00 2.625239234764374374e-01 1.126828130742612011e-01 1.776833965026317075e-01 2.407295896428627846e-01 2.277685655502131312e-01 2.519179847722469723e-01 2.373299936023228474e-01 2.501096146031170919e-01 2.794459198516217047e-01 2.373280956813438036e-01 2.517003151780844994e-01 2.643825495996141028e-01 2.938545296244491345e-01 2.590729948834924468e-01 2.522845035950783132e-01 2.801229286438695065e-01 2.364397516843294300e-01 2.717501686971504626e-01 2.954195749744205068e-01 2.589750621874529202e-01 2.359715635760952224e-01 2.678330932626608596e-01 2.696467826626013364e-01 2.822160613000513352e-01 2.762496966950629407e-01 2.887509585873407891e-01 2.922282442226095123e-01 2.908344268493184281e-01 2.906206660187702351e-01 2.828272592225835047e-01 2.942314165511077939e-01 2.841469728239649495e-01 2.860880267393533516e-01 2.950656144385737645e-01 2.866697461954973991e-01 2.987971718455222359e-01 2.678471348668823304e-01 2.944340855789776001e-01 2.843962260426147193e-01 2.767402281259679353e-01 2.959449764335658761e-01 2.863100729054235405e-01 2.892667571550423533e-01 2.959582804551701973e-01 2.953444513260116699e-01 2.920324598204696587e-01 2.979127841141543942e-01 3.015034779951933919e-01 2.945626450708795363e-01 2.902553484081569213e-01 2.985986269897448753e-01 2.907810887337522465e-01 2.966200570057483388e-01 3.062329798182337193e-01 2.937288097255198460e-01 2.982530518827479216e-01 3.024504739485857630e-01 2.977439559182644691e-01 2.987294642130164934e-01 2.992697348170605398e-01 3.089502056986666578e-01 3.071876312472455739e-01 3.052430120572144912e-01 2.956202191304810323e-01 2.960461511558921122e-01 3.001677639391858166e-01 2.979071493485534461e-01 3.013788539301276992e-01 3.049328001635930874e-01 2.979188728656989027e-01 2.999409709516395739e-01 2.973694958173505598e-01 2.999834752909878444e-01 2.992480181962563490e-01 2.985181598955620186e-01 2.959124661686315938e-01 2.897081619077903070e-01 3.002231805612935456e-01 3.024163406815581490e-01 3.074432341776722755e-01 2.941024516265776656e-01 3.013726533912670646e-01 3.033617172802353101e-01 2.958328606691500440e-01 3.019152360490295339e-01 2.994163056236415765e-01 2.975555325630191983e-01 2.960761946651542242e-01 2.951709820348823454e-01 2.951022941761961560e-01 2.963527693221058579e-01 2.977546656733991437e-01 2.990778718149583182e-01 3.005274366457205137e-01 3.025220382918482054e-01 3.019292569975702833e-01 3.023575050958470234e-01 2.931003124267040350e-01 3.010333902760590208e-01 2.966442871046774954e-01 2.978270261707639532e-01 3.025440135882131454e-01 3.024817751311658642e-01 3.046138067458836751e-01 2.990555209283415894e-01 2.962590305172881355e-01 2.996799675784900807e-01 2.998644464428307788e-01 3.014158236102341681e-01 2.998791149366193398e-01 3.062659754174116844e-01 3.076231546709711218e-01 3.011892201540989911e-01
1.028338477279666791e-01 1.117780400976239319e-01 2.625239234764374374e-01 1.000000000000000000e+00 2.170132171139789734e-01 2.715705075936996615e-01 4.296358660312982192e-01 4.091089063342162047e-01 4.383490665674479869e-01 3.848972533122677619e-01 4.553891289301869039e-01 5.045634483205254650e-01 4.169498319586458779e-01 4.298815152329432676e-01 4.877664747855590677e-01 4.871018267604599883e-01 4.630522011836328278e-01 4.682053663504064378e-01 4.929708527008232477e-01 4.348012348038917119e-01 4.620811624769655679e-01 5.136590237893764455e-01 4.978083306514711204e-01 4.546815945482391985e-01 4.824429143675459941e-01 4.998222126167184975e-01 4.794734179838615606e-01 5.165151065466032643e-01 5.068980583330967571e-01 4.960673605045827772e-01 5.129285669108263335e-01 5.376702944991716970e-01 5.140437531566232066e-01 5.336594649614903041e-01 5.146086668431343325e-01 5.313335569984568574e-01 5.113239613048694565e-01 5.255487653670051218e-01 5.317847999464129227e-01 5.137567306686241508e-01 5.011887457900907616e-01 5.095193541152565064e-01 5.108069565816234503e-01 5.214386303887805774e-01 5.197347056222085815e-01 5.135287983181969773e-01 5.029358559649437233e-01 4.914691413093150163e-01 4.955576344610415074e-01 5.138805656721481263e-01 5.221008504865043420e-01 5.077170069934707763e-01 4.906699797794629725e-01 4.960593256072677870e-01 4.957292466341484127e-01 5.165962875048487613e-01 5.152128658655583671e-01 5.005467744114909801e-01 4.991145883182715459e-01 5.029379596719150136e-01 5.030066951712939272e-01 4.979121359322709606e-01 4.985197359657496108e-01 5.198919413822487012e-01 5.245095141019694429e-01 5.060164815438902286e-01 5.070366973186393178e-01 5.193510184723547640e-01 5.278874223502253438e-01 5.143296275567973419e-01 5.148299722737692541e-01 5.185663239204889585e-01 5.179926998796650084e-01 5.157760614209578875e-01 5.060139915304171510e-01 5.020707291483459400e-01 5.106615117783256386e-01 5.132444674774720994e-01 5.114528438594833082e-01 4.955084949163222618e-01 4.991752440730839457e-01 5.047400440266495147e-01 5.354445712319890749e-01 5.143662270004050185e-01 5.238805945670603759e-01 5.274480863520387697e-01 5.118761114028498316e-01 5.189026840630007742e-01 5.182357647617877872e-01 5.167802983217187895e-01 5.182835386156404711e-01 5.072770516845727107e-01 5.117362908102869312e-01 5.095967977877291499e-01 4.998520078079015660e-01 5.027763919314052199e-01 5.187882654694218054e-01 5.097854894179364438e-01 5.097143672534907299e-01 5.124419586208039945e-01 5.136115470106404901e-01 5.102662947525984372e-01 5.045662290175624287e-01 5.119753734341611073e-01 5.186950299094877925e-01 5.139822395350690520e-01 5.057377392931816651e-01 5.050740160851093785e-01 5.048752075458352584e-01 5.090532189302638955e-01 5.051412935057147946e-01 5.040963580537493050e-01 5.044883752722633119e-01 5.156476098171438593e-01 5.166380482501442550e-01 5.032310905875958529e-01
4.721399302008017634e-02 9.458425363571304478e-02 1.126828130742612011e-01 2.170132171139789734e-01 1.000000000000000000e+00 2.273974438137419951e-01 3.580529091114296736e-01 3.477961813785745981e-01 3.875804261626941138e-01 3.512189183108171409e-01 3.658223609549808297e-01 4.023294879947209579e-01 3.694368973913068621e-01 3.521999306510701366e-01 4.284504577417677096e-01 4.186321347113373115e-01 3.776288314138149249e-01 2.667336627753820744e-01 3.174992776773960523e-01 2.298822935763772113e-01 2.845013222875161785e-01 3.566744692480098844e-01 2.719815902375564698e-01 2.279445309164538358e-01 2.955702273505353417e-01 3.858066230600395996e-01 4.024414361399129003e-01 3.976864740120065189e-01 3.960932598403590355e-01 4.193113602989481659e-01 4.372381716203312951e-01 3.671868763269578451e-01 3.725384207591656560e-01 3.721853002791180032e-01 3.922072751042963157e-01 3.464852046632383997e-01 4.116899393883714509e-01 4.004283543371696674e-01 4.096490342639784732e-01 3.659075039878463831e-01 4.096816155129154313e-01 4.017110771238335820e-01 3.972601309733021502e-01 4.266239924376285519e-01 4.058248525078048674e-01 4.112702106475652486e-01 4.358896775651902589e-01 4.318542091565569230e-01 4.346757588482351720e-01 4.203925142654826863e-01 4.217937087630139747e-01 4.373996968418529807e-01 4.351435321364937048e-01 4.482797336911230057e-01 4.333608676931595682e-01 4.190068986258894124e-01 4.396397596231391702e-01 4.394689078278414263e-01 4.334139280983972942e-01 4.500223590646934557e-01 4.497517140162103355e-01 4.469280442796015329e-01 4.427922126282051729e-01 4.449419375480448413e-01 4.313053536433535951e-01 4.475883984843757046e-01 4.296992724205134229e-01 4.157838459329589731e-01 4.051878162042280018e-01 3.959207477072429482e-01 4.076348517586338427e-01 4.218435883574852552e-01 3.792591750301800291e-01 3.907389239243465595e-01 4.341089458479442387e-01 4.351634226918147941e-01 4.286562814459148885e-01 4.347409794024911234e-01 4.188999588300231780e-01 4.425064975900745434e-01 4.358237508252209014e-01 4.375776463550846151e-01 4.227850217398408939e-01 4.340660441758717458e-01 4.260667620123324562e-01 4.125170519459687712e-01 4.200569440356322626e-01 4.268388161907532563e-01 4.271479430017059986e-01 4.158147653144981803e-01 4.165500445933014162e-01 4.290098794730822784e-01 4.252747758027063396e-01 4.275120205266643714e-01 4.373210494206152821e-01 4.383454349451896270e-01 4.303581022157389468e-01 4.446940102606625200e-01 4.448774489914372743e-01 4.301235127571196859e-01 4.325291695004128134e-01 4.388878106016701475e-01 4.371797824736843863e-01 4.393893376778871263e-01 4.373676903508529890e-01 4.384328471250983905e-01 4.435578182468872255e-01 4.356336301643405906e-01 4.343272236465645642e-01 4.370871357032504734e-01 4.338678001408355911e-01 4.453366296265275914e-01 4.447542576529769920e-01 4.426944745787857460e-01 4.380953499331228795e-01 4.443610692366421477e-01
3.197320594857702702e-02 7.174489665101654867e-02 1.776833965026317075e-01 2.715705075936996615e-01 2.273974438137419951e-01 1.000000000000000000e+00 4.071617316831868116e-01 3.494697316480205873e-01 4.044906991053441869e-01 3.687043126318058639e-01 4.214427745668954395e-01 4.567596367409044733e-01 3.944379338916669253e-01 4.143354898769436301e-01 4.503786396238691481e-01 4.671036822216869111e-01 4.156374739552902708e-01 3.867783595928955820e-01 4.203067729552683596e-01 3.604510830822748590e-01 4.219840262959778654e-01 4.531614961167662603e-01 4.112935266723244943e-01 3.794254121853769535e-01 4.282377286885760137e-01 4.712708168888450899e-01 4.468336610988659086e-01 4.712287366850422821e-01 4.549284569169847470e-01 4.613864050904044056e-01 4.779828313992852684e-01 4.586272569317149661e-01 4.478676993967321551e-01 4.597886446449788167e-01 4.542153808449966301e-01 4.439623889316525185e-01 4.717129876511284570e-01 4.774834730018107654e-01 4.844799920335781107e-01 4.583331840622589248e-01 4.757477828015495569e-01 4.795572462919683310e-01 4.705196882254318314e-01 4.840267726391986325e-01 4.813365549475541738e-01 4.845530107041973733e-01 4.841219111490833171e-01 4.860804789136266568e-01 4.785788547822037997e-01 4.730309759433201089e-01 4.813013528288242471e-01 4.731078488443268282e-01 4.774289897521108439e-01 4.818019061870582043e-01 4.795423088077888085e-01 4.836527383568637872e-01 4.757181442891714185e-01 4.860775551226722002e-01 4.825639237439186546e-01 4.795862478540335316e-01 4.819290839102609580e-01 4.787852274463571534e-01 4.823586884424272414e-01 4.805676479258696454e-01 4.779064652769954846e-01 4.762334475267268052e-01 4.837864501811914852e-01 4.870634028023199114e-01 4.840720259033523543e-01 4.850762957991447410e-01 4.916085211128713994e-01 4.922103965593457309e-01 4.771482390097540049e-01 4.884368287746118642e-01 4.892354360289447590e-01 4.877104741367471741e-01 4.891032878232285941e-01 4.867894488885218252e-01 4.867166856465706681e-01 4.789365955056963942e-01 4.869801211105198036e-01 4.881020949775745632e-01 4.867955137620880168e-01 4.833509899262387610e-01 4.880881024860380113e-01 4.886364165098407430e-01 4.827100031571324723e-01 4.878370284371731369e-01 4.945178189799419588e-01 4.894803124461117316e-01 4.862058659211320188e-01 4.867718009243193200e-01 4.852375925470209239e-01 4.923230380032355136e-01 4.882917368701116811e-01 4.884082771979756932e-01 4.871006795562789482e-01 4.814948379847323046e-01 4.882563122118873111e-01 4.869959746592343319e-01 4.873022831795865706e-01 4.885180391221585761e-01 4.843458360238878657e-01 4.913409215838785427e-01 4.921493351972971997e-01 4.856507785025435675e-01 4.885950886919109282e-01 4.895446697596071983e-01 4.895604189670457185e-01 4.892481296296066762e-01 4.872466708773097177e-01 4.873751508832289692e-01 4.861243351507621990e-01 4.868099360279695142e-01 4.851805151454748888e-01 4.878253859269019443e-01
6.747286811442959609e-02 1.555801225244376196e-01 2.407295896428627846e-01 4.296358660312982192e-01 3.580529091114296736e-01 4.071617316831868116e-01 1.000000000000000000e+00 6.140005834300240606e-01 6.447760351997350314e-01 6.424731992479730813e-01 6.633459359402107403e-01 7.183862764177302296e-01 6.438616392099614227e-01 6.508177947154398790e-01 7.740183763068914091e-01 7.506616123586506983e-01 6.663440534530228332e-01 5.985225700979762697e-01 6.454602921342820210e-01 5.267900514853425253e-01 6.019602266121811818e-01 6.651238032258971478e-01 6.164767577858855097e-01 5.500584924434011036e-01 6.168932633412400612e-01 7.145305608146937937e-01 7.007543166063157081e-01 7.355552942224711233e-01 7.034148131743678256e-01 7.299893934390032646e-01 7.563755782474038680e-01 7.238624721645304794e-01 7.203180349370575941e-01 7.220755886573690940e-01 7.227908350208956945e-01 6.946123436875563106e-01 7.296784097100731392e-01 7.638487938471675287e-01 7.571493033238796411e-01 7.109539568508691509e-01 7.554855648783818101e-01 7.563801592862542389e-01 7.332746397228673274e-01 7.550449967716365007e-01 7.467726278030738518e-01 7.505222332261662910e-01 7.621567877079092890e-01 7.641616722911296344e-01 7.549106883599029372e-01 7.410017382688657284e-01 7.634859011438059895e-01 7.310169665530134031e-01 7.320468708255903900e-01 7.588672470062174380e-01 7.606160963244741335e-01 7.571265682697919663e-01 7.540368480198130774e-01 7.639938444583528332e-01 7.635708867176097536e-01 7.566032062340231068e-01 7.627057228468788752e-01 7.550217077131874399e-01 7.569493318220752442e-01 7.572549861242903191e-01 7.487049133964918113e-01 7.480532983603700448e-01 7.675748999287386187e-01 7.632203877344904130e-01 7.634369476633904306e-01 7.418716594761812777e-01 7.521419180177004726e-01 7.598607949414866169e-01 7.285589317744235460e-01 7.345798370455859372e-01 7.619656452625991339e-01 7.611967749771684222e-01 7.637319188316779028e-01 7.614858991989996717e-01 7.665767152149884911e-01 7.609355090268663524e-01 7.594287608549772361e-01 7.677494619943916465e-01 7.663704661425345677e-01 7.685677661346234091e-01 7.711345730579015623e-01 7.631322980205018647e-01 7.599788732960393034e-01 7.768261684110775445e-01 7.742807175859667268e-01 7.599494775018965642e-01 7.651362399464223252e-01 7.701397685038016139e-01 7.641297819000655300e-01 7.708806588804028026e-01 7.691094231762903854e-01 7.684611181473929298e-01 7.695843256016157152e-01 7.570657988795606030e-01 7.670429656175296040e-01 7.697501151434069655e-01 7.659147474326831739e-01 7.692689486053750914e-01 7.604661908991482422e-01 7.710521894997290904e-01 7.656167905738550106e-01 7.642968049713008138e-01 7.673281714121688024e-01 7.692148844667425767e-01 7.693544534919868338e-01 7.682582561452284686e-01 7.672801989844413306e-01 7.649973784784103170e-01 7.646003075084768508e-01 7.680295186697183585e-01 7.604103497364781417e-01 7.594702557024960443e-01
5.686714650375536417e-02 1.203314310615763577e-01 2.277685655502131312e-01 4.091089063342162047e-01 3.477961813785745981e-01 3.494697316480205873e-01 6.140005834300240606e-01 1.000000000000000000e+00 6.003264671102236383e-01 5.544088679715213352e-01 6.213376441269522488e-01 6.628188070688684208e-01 5.975291641541272680e-01 6.067471120502671011e-01 7.115956156801346300e-01 7.225377608137927288e-01 6.205628741222000144e-01 5.656824112727616427e-01 6.059311055863890738e-01 5.121588229413983617e-01 5.708512270411238987e-01 6.471898742492666612e-01 5.829045399803997052e-01 5.326587860984020040e-01 5.876322171069169320e-01 6.661874792190088934e-01 6.663646745397232563e-01 6.794694621800829726e-01 6.606466274322541077e-01 6.919259903788653743e-01 7.070849410691978365e-01 6.854425879514803865e-01 6.707404519014147359e-01 6.815486654376639031e-01 6.766177855001007657e-01 6.594236076735229268e-01 6.955375787783479868e-01 7.112930234105206972e-01 7.143638048109824945e-01 6.671169312080827973e-01 6.986304760623054388e-01 6.979180686519743659e-01 6.912831258564464676e-01 7.185153586546036975e-01 7.008605992700872589e-01 7.020133888686789225e-01 7.122932515523219266e-01 7.154755127364333944e-01 7.029301612349286854e-01 6.937001258648852753e-01 7.159825520636572405e-01 7.000155799899523412e-01 6.951169244117794133e-01 7.131067442673053591e-01 7.126175771786785740e-01 7.096175298921892916e-01 7.127853715799292722e-01 7.208689915640486001e-01 7.139278056485361956e-01 7.155234977742085389e-01 7.210339477759476479e-01 7.189533115230412053e-01 7.195437771259937110e-01 7.182655325684861314e-01 7.118324334449379620e-01 7.088246916925331487e-01 7.231402630720091818e-01 7.193454875800228132e-01 7.197824201922746745e-01 7.021880008506503623e-01 7.091692485711118543e-01 7.199257763989936887e-01 6.956152245601938677e-01 6.990959501872544557e-01 7.191638564701235969e-01 7.158144637157588530e-01 7.144397702630083113e-01 7.156941203167164200e-01 7.200635751860111622e-01 7.206547828314897597e-01 7.158071067232349982e-01 7.218078023850347247e-01 7.209722798934429244e-01 7.229588916306741719e-01 7.223847464824639797e-01 7.213770666126680942e-01 7.164956807537520289e-01 7.277673234198217544e-01 7.252304551885367934e-01 7.152552866418755428e-01 7.169924259756553786e-01 7.226136536748100081e-01 7.208525705181285659e-01 7.217379043316212162e-01 7.204141701118812469e-01 7.226971020230362752e-01 7.214302408812708345e-01 7.138306014449427028e-01 7.236642383325844197e-01 7.244225275570695954e-01 7.232266680855791163e-01 7.247737939991114597e-01 7.160673667383710139e-01 7.258113650366597724e-01 7.209862856397889486e-01 7.202832995223824586e-01 7.203144503159456535e-01 7.212484715181116668e-01 7.206424066096330794e-01 7.245186615722255530e-01 7.242643229371786839e-01 7.216174498823494377e-01 7.238171977428585757e-01 7.248551585646346718e-01 7.207894251975395239e-01 7.174391580218890674e-01
2.180704866248929508e-01 2.046082588223957222e-01 2.519179847722469723e-01 4.383490665674479869e-01 3.875804261626941138e-01 4.044906991053441869e-01 6.447760351997350314e-01 6.003264671102236383e-01 1.000000000000000000e+00 6.762173231121380024e-01 7.147407057916987938e-01 7.659891567545791258e-01 6.503371333420299161e-01 6.600366369031813729e-01 7.786382361534623930e-01 7.662849679187268004e-01 7.657736979172214964e-01 5.786792882112415937e-01 6.702861773559474212e-01 5.172576614817679941e-01 6.178185716621894530e-01 7.270360667994043569e-01 5.941759564599052856e-01 5.246575977765017829e-01 6.171564518176125835e-01 7.398873878283521721e-01 7.656876529937213238e-01 7.606207365994204217e-01 7.633951729814933973e-01 7.901064661377620313e-01 8.082454579589738453e-01 7.303528219074393313e-01 7.234331911305931229e-01 7.344521929908274238e-01 7.652810282053833513e-01 7.014353686759573492e-01 7.825774288271313273e-01 7.596551765093251252e-01 7.783181092437290172e-01 7.016316765886729812e-01 7.850247853947767140e-01 7.659908410496708564e-01 7.507783676062431688e-01 7.938312589475922110e-01 7.681039992758526003e-01 7.749249761446554974e-01 8.012757156200159825e-01 8.098769327529904416e-01 8.022847680967780670e-01 7.734769899446335417e-01 7.928169037453711709e-01 8.177832085892194902e-01 7.968329907764603037e-01 8.377219172614124298e-01 8.037378725087813702e-01 7.928807477286106131e-01 8.319380184688541791e-01 8.036352616190786113e-01 8.070902016133728596e-01 8.364879651139862649e-01 8.188649798004473679e-01 8.249409469250751359e-01 8.184810917553984044e-01 8.359575469454377794e-01 8.328257578139776074e-01 8.359491850973940208e-01 8.090323119009784625e-01 7.956451781164921577e-01 7.846524063244841862e-01 7.718349267153559179e-01 7.855223347119747457e-01 8.006661264992138705e-01 7.434043146945215064e-01 7.526150093072576652e-01 8.081084421206637947e-01 8.098276166627439432e-01 8.070532790482636276e-01 8.140905219308401941e-01 7.942556115516062887e-01 8.152334838699880626e-01 8.097932046405695861e-01 8.123489678470349196e-01 8.085399460556875750e-01 8.131674972550422265e-01 7.946044931570785952e-01 7.853168537050336795e-01 7.888623707393953577e-01 7.968420365313902964e-01 8.000659910668647123e-01 7.870179812393641727e-01 7.789265019539427515e-01 7.967413381614401047e-01 7.975910388775656612e-01 8.014406024934056516e-01 8.083959793484942757e-01 8.129401033100183138e-01 7.942175727961972020e-01 8.204312810380554044e-01 8.160210476816776026e-01 7.972613904874525925e-01 8.022034222783229751e-01 8.126253824941289672e-01 8.091431716864103674e-01 8.106429416404651311e-01 8.183582637586593878e-01 8.207762536911260565e-01 8.221775986432472427e-01 8.104301834120977155e-01 8.086611013527872371e-01 8.137076124937435706e-01 8.034811260991705506e-01 8.265384932295690712e-01 8.219379641908085565e-01 8.290561669534481926e-01 8.314626293815337021e-01 8.282076024947371273e-01
1.969296499626078598e-02 1.712170948421580519e-01 2.373299936023228474e-01 3.848972533122677619e-01 3.512189183108171409e-01 3.687043126318058639e-01 6.424731992479730813e-01 5.544088679715213352e-01 6.762173231121380024e-01 1.000000000000000000e+00 6.610898354584108239e-01 7.095565998364079530e-01 6.355641235980094006e-01 6.383572259081189415e-01 7.435898640823942474e-01 7.204062513929000433e-01 6.724372000694120999e-01 5.700482271322013794e-01 6.326132710438369111e-01 5.048910339196747143e-01 6.004437019021162669e-01 6.780098116183498336e-01 5.854397124558470278e-01 5.187886824755336690e-01 6.233603854094069696e-01 7.232667990269537883e-01 7.230812776400922237e-01 7.448082266230964255e-01 7.165689866638820238e-01 7.411444875466707272e-01 7.607585733607943324e-01 7.082724523291724639e-01 7.069605783721597536e-01 6.915216601183684642e-01 7.224247424534728790e-01 6.566667534582247834e-01 7.388725572445172807e-01 7.431830632982604490e-01 7.474571213897298616e-01 6.949501525393636525e-01 7.668116184636596389e-01 7.587420537568326795e-01 7.081023168935066670e-01 7.564427957871184827e-01 7.435224345153461645e-01 7.537113697229457232e-01 7.767223276028265566e-01 7.791296162796668145e-01 7.534823631668851052e-01 7.175951107452132050e-01 7.475243779278490930e-01 7.287365913114437488e-01 7.502880078580805856e-01 7.779496989242620231e-01 7.650538536120784494e-01 7.676645512335363852e-01 7.476958294869221477e-01 7.725029897578545857e-01 7.678076861079377036e-01 7.709075276293896328e-01 7.595764078301009414e-01 7.610605932407127350e-01 7.577334159073162434e-01 7.545551006270001526e-01 7.546205272613336623e-01 7.578502734778205241e-01 7.767389734951989366e-01 7.655764748537403630e-01 7.608778779448588381e-01 7.422149352665560196e-01 7.618993704135845757e-01 7.704065155041014412e-01 7.180693392281508602e-01 7.369240937991944351e-01 7.780735178839415234e-01 7.802978250414728256e-01 7.784177092242317020e-01 7.762946656480465002e-01 7.712604024036964212e-01 7.785383335252635817e-01 7.752982522412344979e-01 7.794186960136452180e-01 7.658585490471695456e-01 7.752054558768317616e-01 7.638756117169760440e-01 7.570709683136117585e-01 7.626174193999960549e-01 7.737893457490891969e-01 7.737806164494041017e-01 7.670390221697357402e-01 7.684769943388348734e-01 7.781774211731192770e-01 7.708555209535279396e-01 7.761515687866806790e-01 7.796076268852574209e-01 7.821051884266259080e-01 7.592473359635971697e-01 7.562392192675451152e-01 7.742199975450816396e-01 7.722115554372320778e-01 7.650618369563202403e-01 7.735763045281093264e-01 7.661755624392205810e-01 7.754556253508486652e-01 7.717270526044417434e-01 7.670457100887394519e-01 7.776558735836462954e-01 7.829778258885959907e-01 7.781675734394679633e-01 7.790827260502751761e-01 7.753277803702387505e-01 7.777919539833646478e-01 7.743024089248413677e-01 7.754323166391922095e-01 7.748797195304244489e-01 7.734227008197444020e-01
4.767770209963973632e-02 1.153408790193638095e-01 2.501096146031170919e-01 4.553891289301869039e-01 3.658223609549808297e-01 4.214427745668954395e-01 6.633459359402107403e-01 6.213376441269522488e-01 7.147407057916987938e-01 6.610898354584108239e-01 1.000000000000000000e+00 7.881084804458331483e-01 6.920296119228195320e-01 6.977061431906638189e-01 8.033792894908191595e-01 7.793000914334434759e-01 7.395641492847855325e-01 6.538183767384608824e-01 7.107754383193632952e-01 6.003400120999400347e-01 6.809166276616219760e-01 7.450603863672385918e-01 6.800457389130737385e-01 6.167780663944498754e-01 6.886687457013689340e-01 7.740756327060031028e-01 7.720271553488055050e-01 7.952862779936307192e-01 7.658525341307443890e-01 7.910631918647637040e-01 8.350341234483403818e-01 7.902201055780631034e-01 7.752444061589554014e-01 7.839472956683775084e-01 7.877667384666053874e-01 7.621482339155700725e-01 8.119461188380889816e-01 8.148016933204786927e-01 8.244061871290937482e-01 7.670971498572384251e-01 8.160064655651343424e-01 8.133017999390147468e-01 7.810243880869871536e-01 8.294930922203639367e-01 8.163628980921729950e-01 8.174016911898971394e-01 8.357811605647746944e-01 8.379492118571723047e-01 8.187136478596545031e-01 8.011280976703170076e-01 8.229519125028809112e-01 8.084419216117679774e-01 8.076983268219242174e-01 8.343297017364071921e-01 8.238920867938883674e-01 8.202252767596579508e-01 8.192406594429962885e-01 8.298321076080323877e-01 8.264029212054840867e-01 8.347325141073836940e-01 8.276321494672886914e-01 8.272609124889379606e-01 8.210289214359529630e-01 8.297611530232561483e-01 8.300690404439022840e-01 8.268689620745536262e-01 8.395473979687014809e-01 8.350772642006437652e-01 8.322250246175904032e-01 8.195919101371297311e-01 8.267104766067328026e-01 8.360726545318615255e-01 8.027133666879916474e-01 8.096105422893421499e-01 8.377110978537211095e-01 8.372885480958839333e-01 8.345943651861134072e-01 8.352802876921636699e-01 8.352175424833405692e-01 8.362501787526803732e-01 8.365006957966759638e-01 8.426796410834753726e-01 8.384861914602984578e-01 8.411781230779441509e-01 8.369431487608886000e-01 8.349796758628431625e-01 8.379448670914994013e-01 8.408811667790058175e-01 8.416735076889791944e-01 8.316566003579746180e-01 8.330410373149641501e-01 8.379705366672732803e-01 8.377641562352067250e-01 8.410281208313269419e-01 8.426510575081392895e-01 8.421243369983028026e-01 8.279836540064344774e-01 8.246706823117138097e-01 8.363084231582157413e-01 8.373914708623493297e-01 8.357641970995188796e-01 8.384959352505824137e-01 8.337827811114952858e-01 8.417238028139355510e-01 8.415350524105853491e-01 8.352932736127853808e-01 8.401426494592715288e-01 8.411972583890395816e-01 8.397378659577895421e-01 8.421528369557426119e-01 8.369218709564730796e-01 8.421112535534418519e-01 8.390284134539254257e-01 8.428536448874854869e-01 8.430453971362318333e-01 8.391646096865889026e-01
8.202182726860518525e-02 1.606540360043693105e-01 2.794459198516217047e-01 5.045634483205254650e-01 4.023294879947209579e-01 4.567596367409044733e-01 7.183862764177302296e-01 6.628188070688684208e-01 7.659891567545791258e-01 7.095565998364079530e-01 7.881084804458331483e-01 1.000000000000000000e+00 7.317883061998331495e-01 7.397161735198930499e-01 8.611754983890770321e-01 8.444891381798514951e-01 7.788204652748216272e-01 6.947340400137230754e-01 7.534289907521571905e-01 6.245039215092658136e-01 7.138266481270921782e-01 7.920164698128440151e-01 7.199869289066709310e-01 6.372760499524383615e-01 7.208278563340900780e-01 8.359282866036437110e-01 8.304920452530748509e-01 8.546151899498051208e-01 8.204999419295009311e-01 8.443096534033256439e-01 8.855854428345262264e-01 8.396614937601170059e-01 8.342098975416180062e-01 8.304692992276937469e-01 8.396255833303982730e-01 7.999970945933614352e-01 8.605590084981781240e-01 8.756188844974001073e-01 8.745051573569728731e-01 8.241067649940205797e-01 8.767817654874211497e-01 8.711269326114372546e-01 8.499779588239331218e-01 8.887349697010640259e-01 8.706567402605546180e-01 8.760258450914142347e-01 8.902961631577344104e-01 8.913744660384267382e-01 8.823212632356046692e-01 8.620066434910120812e-01 8.844777462293542669e-01 8.724395195289239568e-01 8.680020836591123556e-01 8.949508851930703113e-01 8.869021539368843188e-01 8.833587305747255813e-01 8.889392672532115958e-01 8.904849383198386592e-01 8.879467322063483437e-01 8.974730903312826413e-01 8.940554374069195065e-01 8.929262929466363907e-01 8.909088130218146828e-01 8.940946720695471805e-01 8.876277952346250943e-01 8.904290633167286639e-01 8.908483626052190463e-01 8.895561505384782519e-01 8.855314825301836557e-01 8.716465236452168863e-01 8.776323220744909337e-01 8.885309054251868677e-01 8.471970840072529096e-01 8.571966113576232615e-01 8.936354517021916077e-01 8.900391702376547753e-01 8.947451740531465747e-01 8.899488800241833752e-01 8.865235825024939675e-01 8.861359713400922544e-01 8.891545522238805122e-01 8.947149208890886607e-01 8.937798261018138346e-01 8.956266596548361214e-01 8.908904110378903507e-01 8.810079050152452851e-01 8.813969996307535748e-01 8.970847087487143767e-01 8.928404118064346973e-01 8.873287578404319698e-01 8.857521281506756106e-01 8.918890887995379879e-01 8.916089238433505537e-01 8.952252962658917568e-01 8.948235938430766367e-01 8.971504033411900059e-01 8.895022790777300514e-01 8.881324473560227029e-01 8.975708782759294069e-01 8.910886162038362812e-01 8.941979244792496173e-01 8.981059556436782332e-01 8.916962884391541611e-01 8.993100329510620439e-01 8.971547235725603198e-01 8.951268198759320116e-01 8.986500262237161474e-01 8.946594789109325596e-01 8.971718557261343374e-01 8.983307655761414434e-01 8.947719948411066992e-01 9.001767965183766762e-01 8.989557310259643774e-01 9.002777414975462467e-01 8.979055785518611499e-01 8.965814582757606344e-01
6.871796186089248505e-03 1.069192098772321770e-01 2.373280956813438036e-01 4.169498319586458779e-01 3.694368973913068621e-01 3.944379338916669253e-01 6.438616392099614227e-01 5.975291641541272680e-01 6.503371333420299161e-01 6.355641235980094006e-01 6.920296119228195320e-01 7.317883061998331495e-01 1.000000000000000000e+00 6.603510062490720589e-01 7.921469259865495660e-01 7.627735854547316174e-01 6.849160707716772656e-01 5.728714885401973156e-01 6.257082803363021029e-01 5.123892917993057017e-01 6.089213779778760438e-01 6.728914481174809170e-01 6.049740490955795025e-01 5.208983911740153738e-01 6.088560431444074439e-01 7.463441084749498078e-01 7.330929622783124433e-01 7.631115842123058490e-01 7.133239876732085927e-01 7.380631252275282606e-01 7.759030300207786501e-01 7.223367103216568053e-01 7.247752698769499569e-01 7.062527163734964031e-01 7.275535459729703947e-01 6.893445012049578269e-01 7.504074522307576656e-01 7.707137326384742027e-01 7.746626095453201799e-01 7.295943650169467443e-01 7.913230411797350650e-01 7.870213634356205690e-01 7.551436323089190106e-01 7.924281114688125349e-01 7.735736635780232628e-01 7.838056918165396958e-01 8.051719753617351261e-01 8.052841515791517857e-01 7.894554117977462537e-01 7.516550584138461666e-01 7.774473758535290768e-01 7.656540332475781918e-01 7.768569097010744606e-01 7.964144655602719558e-01 7.883734625971241528e-01 7.831670663806131749e-01 7.727820273721238697e-01 8.021670964988009134e-01 7.870734630427538292e-01 8.021008147491132112e-01 7.945132085959328849e-01 7.926651798172765773e-01 7.870928517590153328e-01 7.905868874249349920e-01 7.796667037046678406e-01 7.853789576790866089e-01 8.014010754046144713e-01 7.874772608331239709e-01 7.830644329044875729e-01 7.662185803404095719e-01 7.817944431411593120e-01 7.942704499044201949e-01 7.441890944573449351e-01 7.579143704320360220e-01 8.050879468850657972e-01 8.013760760404641248e-01 8.048107992973740910e-01 7.969840497203309893e-01 7.979661384287268788e-01 7.975368897510878297e-01 7.999016942065674263e-01 8.083628666435811461e-01 7.920269505980195301e-01 7.956763959757987559e-01 7.901804293365346510e-01 7.809247499524781810e-01 7.923666310507234689e-01 8.018583704848522009e-01 8.019692326574611174e-01 7.972974776731392987e-01 7.980421592672105602e-01 8.095010568111619120e-01 8.041649165910336183e-01 8.070818844988922880e-01 8.115904592551299590e-01 8.100462099585320486e-01 7.951664618619670444e-01 7.875174420720034707e-01 8.063706448351831702e-01 8.039044809179982654e-01 8.050997954699119497e-01 8.039622318693395719e-01 8.054218746250160210e-01 8.112038139536290604e-01 8.023862814554256762e-01 7.987527868588548685e-01 8.071851829846642401e-01 8.080505986845671895e-01 8.065812168465997800e-01 8.098557647745742161e-01 8.039045832856608342e-01 8.120455189195008305e-01 8.072756111850675209e-01 8.060471377155744577e-01 8.009775623885182494e-01 8.055306210403484490e-01
