1.000000000000000000e+00 1.325670499991559448e-01 9.218835860047330799e-02 1.229820266026848546e-01 2.313396403885235875e-02 2.717943217264188333e-02 9.578979791381914133e-02 9.502559435018545497e-02 1.463615680381348816e-01 5.610124493955093855e-02 5.752757265831794781e-02 4.595978718944841029e-02 3.238001121980627062e-02 1.732293861935410226e-02 3.012335100220017714e-02 4.453215894644837330e-02 8.983327536190326146e-02 1.233320087590725478e-01 7.826803912556212772e-02 1.801765361854206771e-01 1.193867947357190595e-01 5.462098839328075744e-02 5.617803499214653329e-02 8.472609500333388999e-02 3.069681009085419021e-02 6.369082798178908600e-02 4.011911365641274846e-02 2.356430639532243812e-02 4.821131594655233416e-02 6.316597924765900152e-02 6.171663452442259501e-02 1.868106153629023672e-02 1.000909888654192420e-02 2.650892582234563866e-02 4.936597103914504986e-02 6.727820025941945448e-03 4.603503541680477491e-03 -1.770318651539501062e-02 1.443444510855652375e-02 -3.833187528439837427e-02 7.140837794861956342e-03 -9.319114923605225156e-03 -3.010893938811660953e-03 2.037457213579983370e-02 1.634936038635157254e-02 2.395010068925508204e-02 1.350514168756886992e-02 1.915737556255638074e-02 1.726813356526109636e-02 -6.897982455717738270e-03 4.350853835100165247e-03 1.522286126742553036e-02 3.270804345403196395e-02 5.481994837603632043e-02 3.923975159358112502e-02 7.159059906246659048e-03 7.162950140589956216e-02 1.270755408259820023e-02 1.795962774616073621e-02 5.316218293139039763e-02 2.104656070609321403e-02 4.507295527320643452e-02 3.191929253443300668e-02 4.043104806769438897e-02 6.141026066338798467e-02 6.640619628733449020e-02 2.693626725529057325e-02 2.776448219429042061e-02 3.350913652230265438e-02 5.597801228248713151e-02 2.189372307096899145e-02 1.898048769755963233e-02 3.460697703266520792e-02 7.647219228689152923e-03 1.802253772446837238e-02 2.216130584732863354e-02 9.416156815609139433e-03 1.944860194985274099e-02 2.035817069462425924e-02 2.815718151752437393e-02 1.066683683878419213e-02 1.911761062404871217e-02 3.554194550002038461e-02 1.415115172395205352e-02 8.049947595896325345e-03 1.346636306444857871e-02 -3.461535347497488643e-03 -3.267900447129917525e-04 6.924975614430104766e-03 1.455402145989044202e-02 -8.906813900387848884e-03 2.924712370013773412e-03 7.157193078168049352e-03 6.280890628983921281e-03 1.029257506206868004e-02 1.399234532004979374e-02 1.959259898418902121e-02 6.676622311245532237e-02 2.237620312125488536e-02 9.720919006417043720e-03 -3.010245310479717391e-03 2.709351487977874548e-02 1.920465503129637624e-02 1.049419871480604567e-02 1.542678999072809656e-02 5.837648828945821156e-02 3.400976277485584509e-02 1.512837405825467538e-02 1.700546551828190089e-02 3.036132700552964317e-02 1.080417216314650576e-02 2.603518261240942225e-02 2.780344798156535874e-02 3.453077865693309628e-02 3.205930835683647173e-02 3.855279194464233256e-02
1.325670499991559448e-01 1.000000000000000000e+00 7.745017993993380534e-02 1.438697433084483446e-01 1.362620757029279484e-01 9.647371328620397979e-02 1.819017259744296344e-01 1.626833113570566591e-01 1.775446219097412404e-01 1.909934945501461645e-01 1.528743899507913895e-01 1.628576091563077310e-01 1.667367039423755526e-01 1.178273047102904175e-01 1.716018589175021258e-01 1.864105510560542800e-01 1.686775521404223765e-01 1.351165853997650101e-01 1.394160412194873910e-01 1.792114712841761104e-01 1.415938473882571991e-01 1.349606848288593675e-01 1.658823896181252366e-01 1.322462965113662958e-01 1.289208002100631356e-01 1.770129719183179129e-01 1.608822171523314470e-01 1.707975891314730543e-01 1.731746492340891508e-01 1.676151141814448686e-01 1.755596647497001672e-01 1.699003934050958009e-01 1.664400863699284083e-01 1.594009250503166109e-01 1.643373489270095744e-01 1.511176220555291161e-01 1.572991713673111969e-01 1.646437897404788298e-01 1.626474360833558008e-01 1.623650348766821072e-01 1.718484586333788866e-01 1.684333763417691643e-01 1.522395692058794991e-01 1.647700259540900991e-01 1.634434529095766531e-01 1.713859157218596552e-01 1.687194277354055472e-01 1.735751107015984507e-01 1.766335116978987319e-01 1.566631551819528678e-01 1.686034856565013229e-01 1.350833193118901043e-01 1.554416322093408465e-01 1.727975577897185033e-01 1.655524181674970785e-01 1.700853609120201726e-01 1.675791073854158708e-01 1.594581488627711818e-01 1.704726298990483779e-01 1.706799896619552170e-01 1.612022308026489492e-01 1.665445930172094746e-01 1.587408559096767091e-01 1.643734407293716282e-01 1.684083475124634188e-01 1.689280865947014598e-01 1.709219409513667576e-01 1.636514440074998689e-01 1.655585481280810456e-01 1.687906804055373522e-01 1.612410791343876493e-01 1.672274107341081562e-01 1.582588604854492931e-01 1.600461343796160674e-01 1.672892399203546043e-01 1.666918772500153856e-01 1.704683762940496228e-01 1.686608707634909277e-01 1.710978786500151894e-01 1.734361553797670041e-01 1.712589493004051666e-01 1.689196291232701874e-01 1.794791681997412736e-01 1.669063221260928542e-01 1.649141957446677298e-01 1.639445180696215698e-01 1.669340930880512941e-01 1.693044777487279773e-01 1.672493754799815602e-01 1.734346498294415395e-01 1.706966971655709264e-01 1.687629800477864761e-01 1.655932710315893563e-01 1.665920377704761257e-01 1.670374749274746995e-01 1.713444588057584095e-01 1.602452637422115966e-01 1.644357073611781017e-01 1.642845994838108559e-01 1.679837768113937591e-01 1.573764555321361946e-01 1.628102488982824947e-01 1.608057350306312250e-01 1.641906044087404482e-01 1.634120107370899133e-01 1.648163124182891182e-01 1.724670555065868915e-01 1.671729955734042872e-01 1.668022415340745523e-01 1.725621062394586125e-01 1.680607712534757103e-01 1.677077814128196398e-01 1.643100785031828825e-01 1.652645594060928314e-01 1.670971924385981633e-01 1.662736391428083493e-01
9.218835860047330799e-02 7.745017993993380534e-02 1.000000000000000000e+00 3.748817324041364696e-01 2.388189759333307904e-01 2.482908664196878668e-01 3.721316875078707898e-01 3.453233982371474720e-01 3.464193962870880106e-01 3.320487888532250853e-01 3.856445725881905151e-01 4.025040562517861464e-01 3.502932060198049036e-01 2.588631105724767956e-01 3.843477475490583162e-01 3.862824081517242103e-01 3.737686715996452191e-01 4.145814631293315844e-01 4.074542594824219210e-01 3.833295058845104797e-01 3.792936197609692028e-01 3.870524904806537103e-01 4.400376367621924301e-01 4.053553280366378186e-01 4.093865158145157390e-01 4.097494392900042914e-01 4.039648067645754126e-01 4.060055386467462668e-01 3.918892021478396215e-01 4.242089149804201265e-01 4.219565805334905551e-01 4.139586993970787998e-01 4.106507598127894232e-01 4.212681957180354764e-01 4.083207840488640161e-01 4.159540490610404984e-01 4.049327857900228422e-01 3.888871217988121853e-01 4.120868611036093143e-01 3.988836110024776560e-01 3.860564860776321550e-01 3.966580480549481424e-01 4.028084058145322000e-01 4.039726473911905980e-01 4.114520315353488167e-01 3.989785676280546145e-01 3.779111423066475739e-01 3.798522233356663169e-01 3.783218489097822101e-01 3.913369762014463626e-01 3.922224416558747762e-01 4.185133207208325823e-01 3.992533415593300106e-01 3.769743498868385889e-01 3.820129924924183795e-01 4.094881387403135342e-01 3.942256349751796507e-01 3.700888870843000444e-01 3.671287275507199577e-01 3.749217860540777214e-01 3.893452319170833120e-01 3.721408202639807650e-01 3.835845779515261178e-01 3.870281561195173525e-01 3.856196943784104270e-01 3.915006140567259263e-01 3.917125180005188723e-01 3.981511776368883426e-01 4.077935458128079116e-01 4.142450077280132037e-01 3.949845182762208862e-01 3.947017777461958588e-01 4.119289980068785439e-01 4.052208791063144910e-01 3.970841807066730067e-01 3.999451118598786326e-01 3.898271839316266307e-01 3.884220221581864974e-01 4.037003217382903464e-01 3.970346532967952147e-01 3.997260369471717367e-01 3.987447877454498024e-01 4.086373712119764079e-01 3.959563140251123881e-01 3.994546693710136487e-01 4.047853555857273689e-01 3.986979527042012195e-01 3.932358109618997455e-01 3.946748676355450458e-01 4.019300855029796504e-01 4.016535516483840662e-01 3.882936606070173657e-01 3.954404915213395877e-01 3.929932097051584416e-01 3.759190778507552899e-01 3.774556245151206024e-01 3.988171874092630298e-01 3.909443016600561149e-01 3.903317832310227442e-01 3.926612066538054946e-01 3.926336872577494419e-01 3.888542680617846914e-01 3.909624798268475643e-01 3.889366865531596051e-01 3.989988718465857787e-01 3.975327345134551105e-01 3.838331241440808839e-01 3.807657460677628114e-01 3.854516959289442934e-01 3.824537555009926426e-01 3.789761385485533318e-01 3.793972686862887023e-01 3.781417889146181377e-01 3.871643414866630106e-01 3.852099845937288491e-01 3.862513287270610274e-01
1.229820266026848546e-01 1.438697433084483446e-01 3.748817324041364696e-01 1.000000000000000000e+00 3.325316298158857986e-01 4.154473509129604225e-01 5.907905630851650880e-01 5.766870185825370143e-01 5.990538418607285198e-01 5.208696079134128576e-01 6.067328801585604170e-01 6.471150449944498284e-01 5.576429979241834811e-01 4.139604294513841154e-01 6.240894854098699707e-01 6.291499036837545633e-01 6.031380934074936917e-01 6.177281794274818161e-01 6.134273633953599703e-01 5.786952412226249454e-01 6.248375952581860515e-01 6.183019029663647803e-01 6.261341082651237233e-01 5.850287322069143148e-01 5.975409547756485029e-01 6.565703410137319063e-01 6.376411965098279788e-01 6.488241425811496210e-01 6.391396155142125002e-01 6.586643941764227517e-01 6.580521192158196309e-01 6.326145202764716924e-01 6.340284992930905750e-01 6.259689545803389654e-01 6.437369293312170671e-01 6.368059896312064927e-01 6.379259016912164348e-01 6.201511913758778194e-01 6.481607072599178121e-01 6.122185826594995772e-01 6.262527872950748309e-01 6.274048149491128212e-01 6.402558385110207473e-01 6.436823688018710188e-01 6.461463653427500509e-01 6.340366687575844651e-01 6.169615853345404854e-01 6.193129690206151672e-01 6.219600831010558828e-01 6.246599512782903263e-01 6.300773407122726155e-01 6.474670404871557539e-01 6.386353527806472030e-01 6.277230850286953379e-01 6.249789034612951433e-01 6.378429749989174002e-01 6.481284582251177762e-01 6.176135913459790405e-01 6.123565107095809701e-01 6.263310029971971282e-01 6.336551177060928408e-01 6.234910779838119810e-01 6.301486337276276384e-01 6.363507277259583539e-01 6.374325277505171750e-01 6.443686257999517997e-01 6.274910939291358236e-01 6.364575712485245340e-01 6.353356314108097314e-01 6.499635520436469749e-01 6.386836263400427205e-01 6.316531407732203229e-01 6.321053200982033049e-01 6.286692732923051530e-01 6.400969819194055610e-01 6.427255316084272696e-01 6.347364057425096684e-01 6.398821307903810318e-01 6.394005092037594595e-01 6.365756170950923609e-01 6.332451958091604993e-01 6.389993576930821373e-01 6.488211561600633059e-01 6.309524349389498132e-01 6.287277078986670542e-01 6.325174567029787642e-01 6.328771532549636314e-01 6.269979863780225093e-01 6.313163806723567362e-01 6.372988387255449361e-01 6.329967128200055804e-01 6.271731183436096702e-01 6.340722762989665640e-01 6.294419474321700791e-01 6.170545339805010299e-01 6.175828067997728432e-01 6.386936386996692194e-01 6.463146475785268574e-01 6.330013677639285685e-01 6.316494422644808315e-01 6.264173643289536741e-01 6.345200150678211859e-01 6.348656449847465133e-01 6.300676969924156046e-01 6.407054983648001745e-01 6.458681958068073214e-01 6.312289401930963884e-01 6.203694260818728434e-01 6.251963223393801616e-01 6.267821032751881294e-01 6.208709189261319983e-01 6.237330527620621456e-01 6.243396203195783478e-01 6.351861285320468120e-01 6.338050166387478868e-01 6.332587989113348526e-01
2.313396403885235875e-02 1.362620757029279484e-01 2.388189759333307904e-01 3.325316298158857986e-01 1.000000000000000000e+00 3.355799883306508913e-01 4.769577239736249585e-01 4.804083491307201137e-01 4.384694559543917958e-01 4.351924711695141501e-01 4.643831777378467640e-01 4.995303343585298372e-01 4.761680529730208389e-01 3.576776842523268773e-01 5.123739728551086614e-01 5.026761200957934328e-01 4.505316743038018656e-01 4.257928034231752701e-01 4.585021012090891301e-01 4.360747792980786408e-01 4.409244665449386646e-01 4.519769030862769710e-01 4.679227145753277473e-01 4.305040683541880298e-01 4.549437389672695842e-01 5.082932958798296319e-01 4.811325026229846258e-01 4.943355302157242392e-01 4.615800032820747689e-01 4.862423238701339967e-01 4.968124007687008681e-01 4.976835992871861403e-01 4.800872577408459296e-01 4.806134995593683290e-01 4.723530258471973498e-01 4.720208957905209224e-01 4.886992188443230467e-01 4.904961362853312301e-01 4.988473017393152409e-01 5.070668396435177305e-01 5.060467706772667773e-01 5.012018286177174486e-01 5.040201003935664836e-01 5.084526501476280824e-01 5.122415892748564126e-01 5.030923221977756654e-01 5.034847008899524523e-01 5.034062925304491065e-01 4.952510400142627334e-01 4.835388472175811692e-01 4.991347876011906215e-01 4.814778988573886753e-01 4.912572175679424946e-01 4.919430924434134433e-01 4.914980825338902126e-01 5.134468490214632030e-01 4.788840084482958170e-01 5.050023958616247644e-01 4.974295683699076487e-01 5.008447057505269751e-01 4.991848902744773775e-01 4.914173383443911081e-01 4.821653144984138217e-01 4.906186460420669526e-01 4.930590373891409750e-01 4.918413212525798994e-01 5.011082524414358641e-01 5.001987122465573199e-01 5.016319110578300045e-01 5.035818912479015363e-01 5.026946082443892738e-01 4.999030607698497497e-01 4.945373048401592309e-01 4.988127593059507592e-01 5.067960467581380524e-01 5.065382742491864043e-01 5.091606761630294020e-01 5.007309019648935600e-01 5.064468509566901755e-01 5.028442463260246464e-01 5.044318515173117357e-01 5.008073132914141468e-01 5.071230158726431902e-01 5.022337733963218032e-01 4.983408010962500079e-01 4.980358643721867207e-01 5.012286998720899556e-01 5.109897531272146187e-01 5.029997724517205615e-01 5.147436020389041245e-01 5.115804804167374265e-01 5.101898090167471533e-01 5.069143468702526079e-01 5.086118374794389441e-01 5.030368661228745708e-01 5.010217486775496720e-01 4.974340158848506999e-01 4.806292536344224375e-01 5.001891934816290464e-01 5.040056622962501010e-01 5.093688149130778386e-01 4.935252850486563370e-01 5.013413622430618055e-01 5.073797006086121497e-01 5.001962826435696341e-01 4.890092602245438291e-01 4.992481352975773334e-01 4.997582825867069589e-01 5.022044096844675565e-01 5.034444970536076092e-01 5.024228171216084116e-01 5.002893765585926245e-01 4.950125118357364129e-01 4.956793033077256938e-01 5.003215023334875999e-01 4.964817167553741695e-01
2.717943217264188333e-02 9.647371328620397979e-02 2.482908664196878668e-01 4.154473509129604225e-01 3.355799883306508913e-01 1.000000000000000000e+00 5.265741254008181604e-01 5.113129393072617379e-01 5.360880211140782725e-01 5.206110302530645439e-01 5.581695094942311641e-01 5.860475786192778092e-01 5.450567004719120145e-01 4.303027575035984209e-01 6.000491175740556571e-01 5.916272172522588635e-01 5.608049604468285931e-01 5.306232346718080528e-01 5.582458447855469519e-01 4.838063122424557938e-01 5.235292112076119775e-01 5.611354008883472355e-01 5.530207943819918093e-01 5.131618595603615329e-01 5.376151350092475134e-01 5.991786809432934069e-01 5.788730550063665437e-01 6.035068049893622666e-01 5.639506175036661517e-01 5.844432104245421700e-01 6.097281815632453750e-01 5.946517022943152986e-01 5.780106633003246897e-01 5.749066486299689860e-01 5.832599557992486083e-01 5.772340006575825688e-01 6.016937075087517295e-01 5.903304373837681140e-01 6.013243563667254321e-01 5.906910287910805968e-01 6.063813592043270084e-01 6.082231703701347358e-01 6.039132463420837649e-01 6.063692664140690747e-01 6.119382597855752559e-01 6.073684515218881197e-01 6.084277415557303170e-01 6.057115440540874474e-01 6.037137250425823609e-01 5.963504007498617865e-01 6.051414410103602703e-01 5.958830116450413161e-01 6.119437570028483098e-01 6.031134813779406301e-01 5.993973473299263333e-01 6.114997984969460232e-01 6.000551968371383715e-01 6.069538673188992206e-01 6.033287587968135801e-01 6.065610550276221424e-01 6.123804924614549838e-01 5.990522179319831553e-01 5.957370328965905237e-01 6.092290214459602504e-01 6.078134805086954362e-01 6.062853039577690284e-01 6.112165753580777183e-01 6.107982898954723572e-01 6.084267230764569545e-01 6.093251561943446859e-01 6.129337800309063722e-01 6.099626562619675507e-01 5.975891075734632851e-01 6.078274891869811514e-01 6.157981354638892846e-01 6.104258132476197973e-01 6.117925278814003720e-01 6.077275436633557959e-01 6.108101687402954783e-01 6.083702318360688643e-01 6.135223500816491260e-01 6.155523715402785312e-01 6.131904167660475746e-01 6.085511726137717847e-01 6.077681666704092267e-01 6.067825139089740860e-01 6.140515507796505679e-01 6.116102133002289110e-01 6.103830349386274445e-01 6.117846265634487857e-01 6.120270097882289928e-01 6.129280877705665098e-01 6.134660744426527756e-01 6.146065077905927820e-01 6.090080265103743340e-01 6.098176991115419332e-01 6.128454413734617523e-01 6.064002734659902361e-01 6.149892980839218870e-01 6.137331832946546495e-01 6.157588602606132167e-01 6.112860262533925670e-01 6.089665768362796383e-01 6.112335305375076189e-01 6.142117128306406881e-01 6.050298126302221524e-01 6.116480663314393107e-01 6.106397306215215481e-01 6.117998827400662476e-01 6.094541947301327367e-01 6.087447438559107082e-01 6.087503552330080225e-01 6.074288173416502179e-01 6.119935489515081484e-01 6.118904344514178861e-01 6.092295196938194435e-01
9.578979791381914133e-02 1.819017259744296344e-01 3.721316875078707898e-01 5.907905630851650880e-01 4.769577239736249585e-01 5.265741254008181604e-01 1.000000000000000000e+00 7.378638398426760059e-01 6.975360659545719599e-01 6.541103671794019636e-01 7.248916530097533339e-01 7.693593914776721832e-01 7.166732319873286849e-01 5.417903478273633500e-01 8.163261459635332562e-01 7.879581930069056162e-01 7.180099464544759114e-01 7.158798173825651201e-01 7.195337748496636321e-01 7.214472082451317547e-01 7.594000257575226343e-01 7.258376826902219747e-01 7.434229759780263125e-01 7.025261576299954847e-01 6.983842570981049214e-01 7.965772639218982043e-01 7.514363728840890433e-01 7.947996102627187254e-01 7.497540942357909799e-01 7.740921311651355330e-01 7.643572932552804566e-01 7.789024027889552837e-01 7.775735135549011190e-01 7.628639766742538741e-01 7.663285757486032468e-01 7.539629678064800888e-01 7.636867492502787957e-01 7.846122462108691131e-01 7.774931943424959746e-01 7.826449621407737256e-01 7.771661927563827676e-01 7.837705243671618804e-01 7.968016021555602846e-01 7.895421570592082716e-01 7.844661394451185599e-01 7.734247650938501639e-01 7.640862440824397472e-01 7.604088469935836869e-01 7.668163724254348779e-01 7.645480304040414010e-01 7.789116769477667512e-01 7.532263215126494549e-01 7.658638510672378663e-01 7.510666685471159010e-01 7.558152148803377601e-01 7.940647463737758871e-01 7.634533166405055304e-01 7.610685116188566912e-01 7.622612973112272705e-01 7.591973128004704252e-01 7.687983699695516426e-01 7.564114834907847973e-01 7.606845061623522808e-01 7.625890921286406776e-01 7.621048707595605709e-01 7.652242513112789135e-01 7.668888408312884986e-01 7.730362402254057352e-01 7.740399514953372195e-01 7.903406738045473112e-01 7.760960795154698832e-01 7.633126709288103884e-01 7.688230164593132798e-01 7.628380592922884285e-01 7.780138790648125635e-01 7.794264987791057475e-01 7.869715224323766689e-01 7.761412989475312552e-01 7.796440596799161238e-01 7.640489993083467990e-01 7.714667948742347514e-01 7.611555775610285846e-01 7.874271164088394448e-01 7.713517867248976811e-01 7.756925689186104922e-01 7.728245152441722832e-01 7.721514328470787669e-01 7.831972549715160437e-01 7.718870280561895836e-01 7.876880781578298185e-01 7.879506900578082673e-01 7.782923141767670305e-01 7.768167122741959085e-01 7.779290466404399362e-01 7.583237292826465747e-01 7.588097595478100477e-01 7.771325920008643751e-01 7.565315138880246426e-01 7.657729971322024820e-01 7.761463205991844250e-01 7.800748261100489689e-01 7.681259744380838361e-01 7.653206470314346532e-01 7.742177087140235114e-01 7.719141561570039833e-01 7.643892410337485011e-01 7.650739484001205515e-01 7.621326483288509701e-01 7.682362270449375474e-01 7.654082690206291950e-01 7.690463941373063550e-01 7.609213698517179880e-01 7.602228733334682742e-01 7.659848532454667236e-01 7.664347797181112476e-01 7.603696578537407769e-01
9.502559435018545497e-02 1.626833113570566591e-01 3.453233982371474720e-01 5.766870185825370143e-01 4.804083491307201137e-01 5.113129393072617379e-01 7.378638398426760059e-01 1.000000000000000000e+00 7.265924502755444214e-01 6.661369094128368751e-01 7.351680445356543192e-01 7.766867960347817457e-01 7.229233954308063037e-01 5.357170440286461721e-01 7.970876577857001211e-01 8.116359568922237866e-01 7.227995066051680073e-01 7.084700774701742088e-01 7.272496921358969635e-01 6.789080536524282339e-01 7.445402693163936103e-01 7.341928128923044250e-01 7.205041619374366046e-01 6.794757137861217045e-01 6.935788083416629668e-01 7.871971814578280213e-01 7.569810322035974703e-01 7.682262823057380841e-01 7.209248120172080387e-01 7.707525641157182417e-01 7.751155198702246452e-01 7.753648398295379662e-01 7.583348219814852742e-01 7.603085052093060403e-01 7.728595228715270382e-01 7.562412639057939368e-01 7.679444819517574627e-01 7.841967595430154869e-01 7.893146075540312667e-01 7.706749694746485302e-01 7.847091320209572674e-01 7.885585603713438640e-01 7.947940504504137360e-01 8.010725499873034838e-01 7.920142081004037937e-01 7.879658618119058655e-01 7.849156338404471578e-01 7.877871316209675845e-01 7.912449218397579198e-01 7.779184229104921799e-01 7.948426379609526693e-01 7.666409264224983700e-01 7.853766759311492374e-01 7.841150946442564384e-01 7.915701405200664675e-01 7.965994213365776844e-01 7.978522156437745094e-01 7.918358450848982377e-01 7.934635681310021615e-01 7.889255117151432461e-01 7.966981451326919927e-01 7.914136771667366066e-01 7.896805665434890598e-01 7.942513153857180264e-01 7.872561727435160028e-01 7.949095356438471427e-01 7.894560373136468856e-01 7.907866865477868323e-01 7.877644911999309718e-01 7.957667865725853718e-01 7.946275712043058270e-01 7.868233043820953565e-01 7.788496105805130520e-01 7.747051190788656339e-01 7.952912287164907168e-01 7.924938663752119083e-01 7.916153496538953505e-01 7.801437890850315693e-01 7.825413586636932317e-01 7.854047013718354897e-01 7.896859511882878824e-01 7.835836682631215355e-01 8.016445530044137291e-01 7.893287859320305966e-01 7.887498253586776586e-01 7.879435784273935983e-01 7.877646147263976939e-01 7.961544731386729357e-01 7.913900225583228032e-01 7.968611614041833935e-01 7.915583225128847156e-01 7.935378961589952818e-01 7.926160923244273127e-01 7.917296480193714014e-01 7.861584229294753534e-01 7.861695046500529749e-01 7.998358547959648623e-01 7.921503977031815191e-01 7.950416030289328972e-01 7.960947282316463980e-01 7.960673058629644805e-01 7.965168921503952282e-01 7.897188990944303821e-01 7.966288647329491379e-01 7.920693655650963283e-01 7.953214208626488979e-01 7.947141640778808691e-01 7.860098840040534718e-01 7.917173475572768515e-01 7.941395740355843280e-01 7.958617868630547543e-01 7.893432438873602131e-01 7.913373806442535185e-01 7.957553209966961028e-01 7.902719515306112497e-01 7.899971735520865401e-01
1.463615680381348816e-01 1.775446219097412404e-01 3.464193962870880106e-01 5.990538418607285198e-01 4.384694559543917958e-01 5.360880211140782725e-01 6.975360659545719599e-01 7.265924502755444214e-01 1.000000000000000000e+00 7.543872602896708468e-01 8.057702320552007080e-01 8.361516454549007271e-01 7.721656733559596475e-01 5.942868837003943971e-01 8.311149602393159697e-01 8.320489276731287687e-01 8.093824849947598432e-01 7.591651513558717035e-01 7.827330877239431217e-01 7.246905313536365911e-01 7.609665012343429513e-01 7.847154321186924353e-01 7.780662528397007671e-01 7.311999898549598198e-01 7.466736739832291470e-01 8.516844046226496046e-01 8.288627596901972927e-01 8.237091304098637101e-01 7.895621120600185838e-01 8.445961709886390389e-01 8.636246898651003256e-01 8.341252166547817870e-01 8.037013564170789603e-01 8.147899995111512750e-01 8.336535069344753746e-01 7.839686582729892272e-01 8.263652610493669171e-01 8.282012351498544422e-01 8.441401248946521774e-01 7.928518551508427770e-01 8.558118978178494984e-01 8.406463177266114695e-01 8.327501520369205990e-01 8.597775222768431203e-01 8.448877843140979449e-01 8.552512434724270918e-01 8.695117439844586293e-01 8.743624386432458095e-01 8.697459303807429931e-01 8.344138989888562064e-01 8.567010533796793892e-01 8.153773904518288873e-01 8.583497502352149811e-01 8.797394287962840842e-01 8.668418424531286748e-01 8.536355612591153275e-01 8.769457792962166431e-01 8.614378460580982555e-01 8.671369480917278105e-01 8.835159138499536491e-01 8.716199468347021195e-01 8.772047683929335982e-01 8.654466747329292442e-01 8.771340929335020853e-01 8.820041717917511681e-01 8.833740333904721576e-01 8.736761996405609798e-01 8.691815217717157038e-01 8.672158754982860485e-01 8.702169717426150308e-01 8.658673061725887798e-01 8.698078090927520156e-01 8.521489171323086698e-01 8.486478635658176728e-01 8.729758026413684258e-01 8.700781113800922784e-01 8.634738033346774921e-01 8.586630203649272541e-01 8.643337071175005715e-01 8.731768670380024577e-01 8.671847946900461679e-01 8.729461969567968715e-01 8.715016337362266885e-01 8.685360234487999875e-01 8.578558383360188611e-01 8.597686573988939651e-01 8.557228298667665101e-01 8.610069841805271240e-01 8.658124645681245513e-01 8.646337798897439919e-01 8.499174233459514394e-01 8.648749806905443593e-01 8.641373299449212064e-01 8.649388804918444196e-01 8.713018967306882523e-01 8.721415118737817496e-01 8.643866908227910706e-01 8.827223932518971639e-01 8.725973398929397495e-01 8.690234892321079263e-01 8.558075362060609814e-01 8.744666910808736038e-01 8.679849849007207352e-01 8.699875304776287788e-01 8.645271114320570716e-01 8.773008467105825048e-01 8.815760032339405861e-01 8.698058249325912872e-01 8.711728548073830458e-01 8.784151725940690936e-01 8.672376441932302393e-01 8.762671829345985985e-01 8.742756671488105535e-01 8.785981266548630320e-01 8.773720399562742189e-01 8.771239123973200158e-01
5.610124493955093855e-02 1.909934945501461645e-01 3.320487888532250853e-01 5.208696079134128576e-01 4.351924711695141501e-01 5.206110302530645439e-01 6.541103671794019636e-01 6.661369094128368751e-01 7.543872602896708468e-01 1.000000000000000000e+00 7.540586122010338732e-01 7.905534085894433405e-01 7.206196408786977869e-01 5.645201509072965695e-01 7.876751928605616460e-01 7.895245403670587692e-01 7.465267240673170157e-01 6.995250735359483940e-01 7.383594899853749283e-01 6.455115228593959475e-01 7.028091625111448915e-01 7.438189500094840589e-01 7.244459931745859116e-01 6.778422951824452092e-01 7.126086620435512220e-01 7.960753394151172113e-01 7.785517929581617924e-01 7.760289458464284529e-01 7.372505619821473344e-01 7.830127999574462150e-01 8.135874704763066401e-01 7.924261863364846503e-01 7.703056276529518520e-01 7.728334344946177215e-01 7.878048993973169045e-01 7.556491591164022914e-01 7.902338760091149883e-01 7.964947055144400156e-01 8.066078167523306197e-01 7.736153483905929829e-01 8.135184975398137563e-01 8.049114343426053697e-01 7.971857157896473645e-01 8.132377490700297695e-01 8.041895521416793091e-01 8.128588447650155757e-01 8.208651616252884420e-01 8.272036725241772581e-01 8.245104123881746849e-01 7.919202190159350119e-01 8.138104156491963170e-01 7.678794338814634024e-01 8.054984728392948767e-01 8.245352429254599880e-01 8.232440811968693151e-01 8.116363564295427935e-01 8.204448465995425321e-01 8.186654296568078859e-01 8.248767904193008427e-01 8.250945226573956903e-01 8.222010868265715589e-01 8.243451428463218766e-01 8.191742753450903525e-01 8.224015996532716422e-01 8.186978520413560334e-01 8.258666079528982351e-01 8.239013320376639138e-01 8.202286984624519439e-01 8.143650312350356746e-01 8.170397061982511699e-01 8.159809708145077112e-01 8.222364211491564046e-01 8.024164458600092642e-01 8.038580377489501494e-01 8.241176965271793664e-01 8.203784278896967264e-01 8.162965311118796086e-01 8.103697095020686580e-01 8.156901339628134240e-01 8.208668882646922293e-01 8.216737800901998678e-01 8.239489001348929698e-01 8.203701278000190555e-01 8.202010159656408783e-01 8.132553901355741299e-01 8.130710559945584226e-01 8.150701229067635056e-01 8.172809487994223687e-01 8.219501216630062945e-01 8.169588851426713427e-01 8.109450103999225057e-01 8.194173428086261035e-01 8.196496375946388246e-01 8.206145898793283378e-01 8.239328210862526536e-01 8.252166168570389537e-01 8.111415444378357043e-01 8.138508081608537559e-01 8.203234936823426970e-01 8.185071928501325145e-01 8.147846846226868278e-01 8.199507508404477729e-01 8.160642050323451135e-01 8.202834234174738448e-01 8.162094269442372596e-01 8.183145716204895947e-01 8.261640837799691939e-01 8.243382470045728105e-01 8.254655759602297360e-01 8.267171572685053649e-01 8.246285805119334400e-01 8.247108195478833892e-01 8.233876005502220874e-01 8.230809858897674136e-01 8.230320917037904360e-01 8.219092332000507151e-01
5.752757265831794781e-02 1.528743899507913895e-01 3.856445725881905151e-01 6.067328801585604170e-01 4.643831777378467640e-01 5.581695094942311641e-01 7.248916530097533339e-01 7.351680445356543192e-01 8.057702320552007080e-01 7.540586122010338732e-01 1.000000000000000000e+00 8.724724363089179091e-01 7.847714328170806164e-01 5.987409407524040272e-01 8.598957634997528299e-01 8.613611365018388755e-01 8.119433338529404853e-01 7.817127537583278274e-01 8.183334973048616012e-01 7.084901721691506671e-01 7.734759069752513705e-01 8.122008536220708397e-01 8.133280880115004718e-01 7.575240096148021518e-01 7.905272219716548143e-01 8.807245951439436338e-01 8.604979905684088104e-01 8.576776073627743191e-01 8.151645967227201250e-01 8.698498308943133361e-01 9.044272205446767243e-01 8.699133599900497060e-01 8.470674073146132743e-01 8.520840506600141362e-01 8.648916022592323394e-01 8.360122596629712133e-01 8.757017494524907963e-01 8.684924370539129912e-01 8.829547631489836901e-01 8.515417247921739374e-01 8.835510946635606322e-01 8.756987370929556480e-01 8.763130351621214453e-01 8.853714372918715103e-01 8.842957627618502903e-01 8.829884246384814839e-01 8.891720670713266772e-01 8.887233648339042391e-01 8.860509933702134244e-01 8.656991237351555624e-01 8.819642057916153854e-01 8.549799924931235084e-01 8.828994110786972938e-01 8.865583031771363531e-01 8.883362668708093546e-01 8.888159365723031780e-01 8.885992671842444235e-01 8.829869510207715155e-01 8.827399942168518976e-01 8.874826322317298510e-01 8.922247923282582427e-01 8.867874858829333240e-01 8.854460234538160668e-01 8.890726303247905582e-01 8.873295297943931681e-01 8.937336117174862204e-01 8.917834323324473900e-01 8.937544505873786793e-01 8.899679243424923891e-01 8.910569770238414566e-01 8.894114627644875704e-01 8.900865693563309033e-01 8.773133227148302016e-01 8.784501329357536914e-01 8.970828999020348249e-01 8.975225601946500431e-01 8.903646242562914814e-01 8.837662444738421108e-01 8.903762832488479884e-01 8.954896878424971618e-01 8.935140955840933374e-01 8.969635221727072505e-01 8.947978068085942205e-01 8.938665390690079260e-01 8.876791630089805318e-01 8.881366985871841369e-01 8.911378564067095054e-01 8.902359740599371518e-01 8.931590016834486390e-01 8.916053280002906867e-01 8.893001603604362426e-01 8.911814710269959638e-01 8.930123486447730796e-01 8.924097263893445708e-01 8.891305659369148628e-01 8.904864130137452038e-01 8.901918933399598499e-01 8.835688482564366675e-01 8.916881429714974550e-01 8.902743051321040380e-01 8.882869454764438233e-01 8.903877779056329489e-01 8.901978351510951848e-01 8.925887980354201279e-01 8.914612395790977306e-01 8.891088901211117168e-01 8.933281720447154850e-01 8.907681306115774467e-01 8.937119915520983504e-01 8.934565956471214321e-01 8.911229897411521161e-01 8.909582896027573584e-01 8.906617648922400265e-01 8.913557554276784201e-01 8.912615315079277512e-01 8.918279632350275543e-01
4.595978718944841029e-02 1.628576091563077310e-01 4.025040562517861464e-01 6.471150449944498284e-01 4.995303343585298372e-01 5.860475786192778092e-01 7.693593914776721832e-01 7.766867960347817457e-01 8.361516454549007271e-01 7.905534085894433405e-01 8.724724363089179091e-01 1.000000000000000000e+00 8.302209231261705735e-01 6.454367879112108408e-01 9.051655580046032989e-01 8.985117863075655631e-01 8.452665513018400301e-01 8.149674744054067332e-01 8.542288503688679757e-01 7.454911143662772410e-01 8.197282368223550719e-01 8.638605586929599678e-01 8.514965488682048056e-01 7.941270143169003592e-01 8.356501825927440397e-01 9.203819868260715298e-01 9.005188722512627031e-01 9.061061644986926344e-01 8.665869480609684761e-01 9.105487716766446082e-01 9.344972037272556431e-01 9.090205384268411626e-01 8.863364297307974038e-01 8.891115777947592447e-01 9.068891395901512720e-01 8.786860713687790758e-01 9.102233625859541544e-01 9.078698680324510661e-01 9.237742641623339912e-01 8.913824757568968860e-01 9.268138949429801654e-01 9.238928514990946139e-01 9.210625915584533807e-01 9.317984199417639335e-01 9.264364654858991965e-01 9.265052862624578722e-01 9.301469513931588384e-01 9.298109853811922232e-01 9.274430768546509940e-01 9.070101446920662003e-01 9.261036959721038464e-01 9.025314702948469270e-01 9.248147083757466413e-01 9.263209550062235786e-01 9.240971129114137206e-01 9.289551036434704478e-01 9.273442981828271536e-01 9.233285510610821367e-01 9.216680141753342825e-01 9.310601564842408973e-01 9.348088177554437772e-01 9.248712622191549437e-01 9.226058390542748455e-01 9.296725611058922478e-01 9.305045557777907872e-01 9.344601105659826601e-01 9.332796768413418320e-01 9.358907474423298067e-01 9.286310840997651361e-01 9.327666328532516760e-01 9.343402824876584356e-01 9.350325852184808717e-01 9.192203219366948952e-01 9.223425377382253876e-01 9.385105051910979101e-01 9.403885223464180099e-01 9.347060513066332010e-01 9.303564547457872091e-01 9.334042420251388306e-01 9.363465350421191769e-01 9.361519691399809995e-01 9.371236525877187917e-01 9.380417310674188380e-01 9.328394885718422902e-01 9.272958411082048436e-01 9.276430702572657783e-01 9.328302302997568685e-01 9.312166315184372545e-01 9.361691448811224614e-01 9.346082554149935939e-01 9.302009021078821993e-01 9.338270570242234170e-01 9.358499090577550028e-01 9.358270575168523564e-01 9.303418689422278121e-01 9.305861948714306831e-01 9.312030116438289040e-01 9.258435433283647154e-01 9.345245570634813648e-01 9.321331332069150433e-01 9.306721123951100516e-01 9.312347494887652788e-01 9.333695932798745654e-01 9.349128081110209543e-01 9.362438238152207548e-01 9.305367507363342394e-01 9.338488641221345254e-01 9.316550814394843893e-01 9.331436896985536578e-01 9.335354441261404235e-01 9.317215090476552719e-01 9.331667944887533928e-01 9.304020504789002333e-01 9.346979731235369737e-01 9.330521142674501611e-01 9.335520683364854078e-01
3.238001121980627062e-02 1.667367039423755526e-01 3.502932060198049036e-01 5.576429979241834811e-01 4.761680529730208389e-01 5.450567004719120145e-01 7.166732319873286849e-01 7.229233954308063037e-01 7.721656733559596475e-01 7.206196408786977869e-01 7.847714328170806164e-01 8.302209231261705735e-01 1.000000000000000000e+00 6.012967274068532486e-01 8.516002266848778923e-01 8.400819887689752186e-01 7.727275365288902576e-01 7.285680146843390714e-01 7.699740480029941825e-01 6.849353503001888166e-01 7.507899545912584127e-01 7.819391351230686737e-01 7.642668540379045083e-01 7.210429186927972411e-01 7.506570931041418593e-01 8.448684623411685246e-01 8.245689399952109699e-01 8.366674715621932323e-01 7.826319177434098995e-01 8.259392941017302814e-01 8.450793612818516820e-01 8.316707310873614478e-01 8.026923645251637929e-01 8.073881959375409645e-01 8.170078386174063345e-01 7.911653871983583830e-01 8.317410401043788815e-01 8.339225162607419861e-01 8.411601631751153274e-01 8.302704937845132305e-01 8.623212140264902015e-01 8.587276151433776983e-01 8.501844544182902697e-01 8.636130308278590073e-01 8.570277057031963075e-01 8.553690662346742357e-01 8.650716895377763560e-01 8.673220704525340663e-01 8.617686202882625102e-01 8.338220236693928422e-01 8.557682178536591966e-01 8.288017502192794872e-01 8.560427805041000981e-01 8.584302500066492980e-01 8.494311686704112407e-01 8.596767564596077271e-01 8.476066081868229851e-01 8.638925963079718828e-01 8.532691841258928100e-01 8.694342366860452476e-01 8.662415624726351737e-01 8.575826784828766147e-01 8.468942829701333608e-01 8.553073393823503734e-01 8.613308373096483228e-01 8.607204404323923752e-01 8.689797944369287430e-01 8.656152553999925114e-01 8.568090095155117547e-01 8.608069820483187362e-01 8.668378749062263244e-01 8.663497784566379645e-01 8.489906766707938646e-01 8.554376482222272315e-01 8.716099489597947114e-01 8.690825005317358576e-01 8.695681012454808956e-01 8.595764454877683480e-01 8.651682318770189672e-01 8.624409237460018973e-01 8.651350529537356060e-01 8.665378473218635635e-01 8.666664268598294196e-01 8.608779129141137521e-01 8.576633753381299741e-01 8.563748505134570754e-01 8.638016018196819079e-01 8.673721177874385013e-01 8.685819228908183698e-01 8.701911948830045596e-01 8.650538770828237745e-01 8.721818217160427489e-01 8.714640819550671935e-01 8.709263663422749380e-01 8.700787289163521843e-01 8.695870714497683229e-01 8.630985997724300862e-01 8.544926216876942426e-01 8.695975098751564936e-01 8.682862412189038537e-01 8.708770724596991419e-01 8.641821720908688942e-01 8.692883460813332075e-01 8.734915403863099392e-01 8.670932448097288248e-01 8.611395947603101009e-01 8.702013821934241333e-01 8.684116301152516870e-01 8.695823000365014988e-01 8.707110844296257479e-01 8.691444447944012275e-01 8.722945382617085519e-01 8.676948455109664282e-01 8.690289225980142307e-01 8.680112170902798407e-01 8.690951277430435384e-01
