1.000000000000000000e+00 1.827665321244970331e-01 1.657909941016160738e-01 1.148480858318502440e-01 8.010449775574979281e-02 1.671465994684972686e-02 1.137411009198996820e-01 1.117104692419758211e-01 1.816385744824181026e-01 9.125105271471184443e-02 2.155483588781912860e-02 5.024031562434751186e-02 4.224867163915029672e-02 8.462216731303472475e-03 3.751225721715971406e-02 5.551888469184227543e-02 8.775802660197050409e-02 1.004391480861042962e-01 6.300874572674436402e-02 9.331175200681504633e-02 9.836491491914525764e-02 7.124464332312015202e-02 1.159149161727836552e-01 1.223435071953209302e-01 6.961653442087915866e-02 1.132679769172799250e-01 7.008546775693913489e-02 4.428331097989979259e-02 8.195363548179084023e-02 3.926077063001502665e-02 3.631453889754948650e-02 7.253282056788828980e-02 1.923708229178854728e-02 8.488467643480408775e-02 2.435352130181947516e-02 2.822264482857376675e-02 3.307146612442126571e-02 5.044956600317778567e-02 4.031966908781617343e-02 -7.536962942018911142e-03 3.840388071223460598e-02 1.159121041847619923e-02 1.046596050486267061e-02 3.746577024297335218e-02 2.414509475594287663e-02 1.558493660885045852e-02 2.311787553521562830e-02 2.900585127820654724e-02 5.179810714032973690e-02 8.034591597849553846e-02 5.663150855625755098e-02 7.207236054602683684e-02 6.064976569377871635e-02 4.059302756727376643e-02 5.266311153723580302e-02 4.634324204213792486e-02 5.849172867205219145e-02 1.850217626693037229e-02 3.648846062480954472e-02 5.229904626470579382e-02 1.588691048002175560e-02 3.135496599653422173e-02 4.777437988344316461e-02 4.734681453851918853e-02 4.753926931900599728e-02 5.624383249210641866e-02 1.639210496357475233e-02 2.629860214489160297e-02 4.095506843877030206e-02 4.234335321270218250e-02 2.860372435180827400e-02 2.184372591743430347e-02 4.960588507895608706e-02 4.144551068039555031e-02 3.795950438418597972e-02 2.084874617127354529e-02 1.394102818751012662e-02 3.562497109105017962e-02 1.840435865187672188e-02 2.805718406350176525e-02 2.681370742372192126e-02 2.269212583384682194e-02 3.396226679549355781e-02 6.165006712628724045e-03 2.299404036795578421e-02 3.100970640209067125e-02 2.742126129517676210e-03 1.483615050449701989e-02 1.460588131145263042e-02 2.120022223992266627e-02 -8.635775100434983295e-03 4.842070416467886620e-03 4.934034827384865818e-03 5.047563380008416797e-03 2.082202290131295042e-02 1.759283046355357427e-02 1.358876113397437455e-02 5.664680619338257478e-02 1.910000928872449336e-02 3.545028300892884981e-02 -5.339709187640210653e-04 1.533912889136368300e-02 2.503382940474170593e-02 2.257384123274560478e-02 3.094709206386673378e-02 1.968468152058230544e-02 2.225481506523905098e-02 2.335948986607399441e-02 1.710867957461920802e-02 1.064811045413223585e-02 -4.068811715366481632e-03 2.532465680324286900e-02 6.147635762713189733e-03 2.326668651461137605e-02 2.813231591771486045e-02 2.819186563433051865e-02
1.827665321244970331e-01 1.000000000000000000e+00 1.305666516633123275e-01 1.841089396526008892e-01 1.488785567062057003e-01 1.087494326317446774e-01 2.301682457349367716e-01 2.087004649841946446e-01 2.202319303103183745e-01 2.562293144936629852e-01 1.289606862276199417e-01 1.687135530555402829e-01 1.773214292431261052e-01 1.551213997507847886e-01 1.792887652798667020e-01 1.896717369764704120e-01 1.824046732720213115e-01 1.751997322186681083e-01 1.498092713394669762e-01 1.661270170162011672e-01 1.706803707383036106e-01 1.759476174884954114e-01 2.211266530809895825e-01 1.911329646557588524e-01 1.464240382669651508e-01 2.157147665763412547e-01 1.702232434729871180e-01 1.769540565416305999e-01 1.803888810361623241e-01 1.959733050883546157e-01 1.473494319793208496e-01 2.049094392468980563e-01 1.754480102093902982e-01 1.848249636831225950e-01 1.757318382727950934e-01 1.757383133138329390e-01 1.696826465195780120e-01 1.781262560181714194e-01 1.816168736774836923e-01 1.659806638497804687e-01 1.692325268488188705e-01 1.528447626862000086e-01 1.566813718734779426e-01 1.568231146789723918e-01 1.562310818051524663e-01 1.605044569987340020e-01 1.574295930588637538e-01 1.872768930427884670e-01 1.786192381092053805e-01 1.435499641565435858e-01 1.603042199172544924e-01 1.541983124683513062e-01 1.801045311305998764e-01 2.144124782938846563e-01 2.141807235458173253e-01 2.193408832502976857e-01 2.052626427696619127e-01 1.746736873477636731e-01 1.833726414246119041e-01 1.937969470785473047e-01 1.613371188521445232e-01 1.840293058958197836e-01 1.733923150984819916e-01 1.838394062247427907e-01 1.619260843517238424e-01 1.993472727131513356e-01 1.556830455966990434e-01 1.529707549276231038e-01 1.805284912185461110e-01 1.715412039512695386e-01 1.536464708691472614e-01 1.531402034244922772e-01 1.763106007884037429e-01 1.607372418849685181e-01 1.738387572605889220e-01 1.508151157179260238e-01 1.519009487778991974e-01 1.591248287620765367e-01 1.641650204126474943e-01 1.689510634722689864e-01 1.647300657835071291e-01 1.531680275170524130e-01 1.923453887647904870e-01 1.566716378820680600e-01 1.537103443976658435e-01 1.621085194702188703e-01 1.528836076080001549e-01 1.607313389852393914e-01 1.640626575157732858e-01 1.886229938936588302e-01 1.566606243117257824e-01 1.518281689043900762e-01 1.566784876462250231e-01 1.536586450795528191e-01 1.565385683954445273e-01 1.670533466904730591e-01 1.515963669996994445e-01 1.674636503553124101e-01 1.483285370475453391e-01 1.564043311897857502e-01 1.454775559595339052e-01 1.513918889447933569e-01 1.587186268349624063e-01 1.450463906623487564e-01 1.684785392838936691e-01 1.768211755692595810e-01 1.632921581775404196e-01 1.751795428116016129e-01 1.692869605179387060e-01 1.524945882832195732e-01 1.639650756393999098e-01 1.650962903295354056e-01 1.534506347112415958e-01 1.662401987675055370e-01 1.543857222894936265e-01 1.704736029625202876e-01
1.657909941016160738e-01 1.305666516633123275e-01 1.000000000000000000e+00 3.936170383684307605e-01 2.817765092369184932e-01 2.371671683013623910e-01 4.032641999075186612e-01 3.877153889343941673e-01 3.848457488625818823e-01 3.088111648985107927e-01 3.708145304406086917e-01 4.198038481023422808e-01 3.756318271496986716e-01 3.611856485239373082e-01 4.085119345741982100e-01 3.980930285091525689e-01 3.606087981039844403e-01 3.760441672818309877e-01 3.715850936747274735e-01 3.625044002555696809e-01 3.723443247685853108e-01 3.839229796433574204e-01 3.968159841032743995e-01 3.823822284395713145e-01 3.642135603879466665e-01 4.323216979086642042e-01 4.186519705968337890e-01 4.039763930841405726e-01 3.771174918433156664e-01 3.729058935726839996e-01 4.105762013397850074e-01 4.033551571219286536e-01 3.625153488900252352e-01 4.054884830475348756e-01 3.679889914947256369e-01 4.091390204379560802e-01 3.900785656099086673e-01 4.115917405417195973e-01 4.061773220836986664e-01 4.061307123098806260e-01 3.993105538217882056e-01 4.114057103120512537e-01 4.197394721632980996e-01 4.125712482114916035e-01 4.119809802642370733e-01 3.983109023561556827e-01 3.922669935749445447e-01 3.789201239316133951e-01 3.972068768712794240e-01 4.010490416264685942e-01 4.092817014543444487e-01 4.022995931563439487e-01 4.025088689894556482e-01 3.717465134930775239e-01 4.032733489941162097e-01 4.068476882097462610e-01 4.083304553075451371e-01 3.952587527705472281e-01 4.017986223466963880e-01 3.944593147472064687e-01 4.009412687667813779e-01 3.939522813107572685e-01 4.057453049377893195e-01 4.000034804495271601e-01 3.846366512830613482e-01 3.946414419831351106e-01 3.740307559715353447e-01 3.844131250660468013e-01 3.921434690872032114e-01 4.071036798025635117e-01 3.974257465871923745e-01 3.871616979532859215e-01 3.978032579078376596e-01 3.919913124463443865e-01 4.019493408150794367e-01 3.879036063540865498e-01 3.858844369702648658e-01 3.902644954359912322e-01 3.897429215413952264e-01 3.855283699086421989e-01 3.960609594764555874e-01 3.971173125277255855e-01 4.017307102431699195e-01 3.737679516260224433e-01 3.914653831970977271e-01 3.928579451676804113e-01 3.916354704313776969e-01 3.932308884416323425e-01 3.897860939299762073e-01 3.919389383962985640e-01 3.917308909214622936e-01 3.900431895667461069e-01 3.888173795352712903e-01 3.871725703246712280e-01 3.811069998919428548e-01 3.766673984901449668e-01 3.947301899154412874e-01 3.961352638045816943e-01 3.887980708088333293e-01 3.950509410151586964e-01 3.948300163547082131e-01 3.882805358092479842e-01 3.873354682368539970e-01 3.945189641354677756e-01 3.971294982350627167e-01 3.857642946548389129e-01 3.839818368845025476e-01 3.837545722382521562e-01 3.838745619458108216e-01 3.814813715102934877e-01 3.846819699144672366e-01 3.846136829859638784e-01 3.781528194556964539e-01 3.861704889654605788e-01 3.800059050246307746e-01 3.819225757791600007e-01
1.148480858318502440e-01 1.841089396526008892e-01 3.936170383684307605e-01 1.000000000000000000e+00 4.200140830888107191e-01 4.187436863581533442e-01 6.331583484019629449e-01 6.153196900040632800e-01 5.701000103016147236e-01 4.621998396308581447e-01 5.649690829405427106e-01 6.575680459663150179e-01 5.886243517184480689e-01 5.447550788538099154e-01 6.364563765114650273e-01 6.413232836510162072e-01 5.518136471104172491e-01 5.607195474564472537e-01 5.690778675688936694e-01 5.349886967896769763e-01 5.927345432300151762e-01 5.908447226368985783e-01 5.668523934008370402e-01 5.558434863280518057e-01 5.423952701962746481e-01 6.308848712287676852e-01 6.333294301510408175e-01 6.319734737386614176e-01 5.795208875520860836e-01 6.000180406462283234e-01 6.217723255723091036e-01 6.225840230051764568e-01 5.954597729312288701e-01 6.082286990126717363e-01 5.797468413023711964e-01 6.181062560739135625e-01 6.077208455704197210e-01 6.314890688145742281e-01 6.298550023076903148e-01 6.265210559227946119e-01 6.202507437672160062e-01 6.377040143257446392e-01 6.421962524846984710e-01 6.434549514856933161e-01 6.329382090385711201e-01 6.244708845333641900e-01 6.114733484965764188e-01 5.966495763800067076e-01 5.997442346773698141e-01 6.006332577885618029e-01 6.262558113682614724e-01 6.258449355657235147e-01 6.197440764951821501e-01 5.822254362037005970e-01 6.117784910559899147e-01 6.171002576525179695e-01 6.147603163609508536e-01 6.143708241007517223e-01 6.183668163270495954e-01 6.132278832645875477e-01 6.245453342508950900e-01 6.095730656316813434e-01 6.271815214460079169e-01 6.224871257787036871e-01 6.098379946803204055e-01 6.163835142657928534e-01 5.899727688270376413e-01 5.952349554117774000e-01 6.065026190283077101e-01 6.379876204467327394e-01 6.227787459257118075e-01 6.022391282083422448e-01 6.095150881590374325e-01 6.004211788437300301e-01 6.207080851096095087e-01 6.133999017040782098e-01 6.194554743295748178e-01 6.113316042692559238e-01 6.137087286271697417e-01 6.107556557988382817e-01 6.126254027620507969e-01 6.211515887630858490e-01 6.226983194351425333e-01 6.027650191908676680e-01 6.143400587688762071e-01 6.104254513712682462e-01 6.158379316951267946e-01 6.212070787811818651e-01 6.147052257164447031e-01 6.107046877944307672e-01 6.261953870206690143e-01 6.175098014100296462e-01 6.144797865221108824e-01 6.205473917514604532e-01 6.039839699083962010e-01 5.934664962991693660e-01 6.194877398688535264e-01 6.140203185820242160e-01 6.139973890221842590e-01 6.203909203540166617e-01 6.237321660108803290e-01 6.182698669127952851e-01 6.111422914501667414e-01 6.179147078934295045e-01 6.275742708081720744e-01 6.094557199723933394e-01 6.009233547278808318e-01 5.998594620100520247e-01 6.022252483050490879e-01 6.052462808492613533e-01 6.094961493345023573e-01 6.074372378686657692e-01 6.007301269905896968e-01 6.122018047808163166e-01 6.037772759007673518e-01 6.052362191274746062e-01
8.010449775574979281e-02 1.488785567062057003e-01 2.817765092369184932e-01 4.200140830888107191e-01 1.000000000000000000e+00 3.236562951055544923e-01 5.140103468767943662e-01 5.330527737989065873e-01 4.470373417500722590e-01 4.003901105770154012e-01 4.440264211841793429e-01 5.177879361917693268e-01 4.878404663818301512e-01 4.523686981142691632e-01 5.216372865360829891e-01 5.370374105741338999e-01 4.330336887250926803e-01 4.481862948745283792e-01 4.725625290634394848e-01 4.310044390001474546e-01 4.814460171367458963e-01 4.795781496274797995e-01 4.727219290712956767e-01 4.547768591183474207e-01 4.522033927746323401e-01 5.047077560220292192e-01 4.923980533130989934e-01 4.888831759750123518e-01 4.668948551479931153e-01 4.690156880662997851e-01 5.078092538243424992e-01 4.976563664077142679e-01 4.450950504146049536e-01 4.830302024868203814e-01 4.524229543601115955e-01 4.708595167739720311e-01 4.822446383680223381e-01 4.814951031739299614e-01 5.003997298273236138e-01 4.808300117333095813e-01 4.947670823273812024e-01 5.037044838745354802e-01 5.049567664331601202e-01 5.167677415694938992e-01 5.138691635493786158e-01 4.988384436891624696e-01 4.918982483755166557e-01 4.825708094714068475e-01 4.800547567887752942e-01 4.550226165205702999e-01 4.792035342321921410e-01 4.875128651647930855e-01 5.008785359824166061e-01 4.746942927863663231e-01 4.901316444825792873e-01 4.953305388859206571e-01 4.842116511933837186e-01 4.982955475326459882e-01 4.866015807688057193e-01 5.149420160347305542e-01 5.002519535776026594e-01 4.920043314468751650e-01 4.929145492052231514e-01 4.923087888072210649e-01 4.945828317845507582e-01 4.995820191322624670e-01 4.822182701818479300e-01 4.883633617789542303e-01 4.898515972823288545e-01 5.143796934274902366e-01 5.062358138652606199e-01 4.918583316444444242e-01 4.997862266961938249e-01 4.968986777545089106e-01 5.032468805774396037e-01 4.971718784220641729e-01 5.003209261094956339e-01 4.949221219246888182e-01 5.000758757242036445e-01 4.927838468364309499e-01 4.992130062898332832e-01 5.051547116722464592e-01 5.002172360708827537e-01 4.808256453150820953e-01 4.796242870630521571e-01 4.898865449683435513e-01 4.979586713514900231e-01 4.943870931097011368e-01 4.969226660567038212e-01 4.895146123255788018e-01 4.998119982757234236e-01 4.992940441930345807e-01 4.969615302189011596e-01 5.020502182905323130e-01 4.946182116255395389e-01 4.839549964296088191e-01 4.802144781651511152e-01 4.767163785229125983e-01 4.885303337985710259e-01 4.911943217083856728e-01 5.007527886301373909e-01 4.892183287913242085e-01 4.929553595532198962e-01 4.985526217842116137e-01 4.965523575765242725e-01 4.867439148050209941e-01 4.859552349166632035e-01 4.869737450814089486e-01 4.898564889968610725e-01 4.901187520110011908e-01 4.886899299703216237e-01 5.003384196908113868e-01 4.850576894169740805e-01 4.875606375545364912e-01 4.917702785281002353e-01 4.929870828946708583e-01
1.671465994684972686e-02 1.087494326317446774e-01 2.371671683013623910e-01 4.187436863581533442e-01 3.236562951055544923e-01 1.000000000000000000e+00 5.309117239729654880e-01 4.621793548255396233e-01 5.427042008685027952e-01 4.848709940638239457e-01 5.526833168767255611e-01 5.871640208373704040e-01 5.321151233540355463e-01 5.549961769793945177e-01 6.044294415317651437e-01 5.740796736493033459e-01 5.394284822539894275e-01 4.893462269153699418e-01 5.260452392552154022e-01 3.960944294627524176e-01 4.575332286021651096e-01 5.091550360448001689e-01 4.823506223034751961e-01 4.631080332120890986e-01 4.811035849890988314e-01 5.549453940112449857e-01 5.813333572172730834e-01 5.568929944008397248e-01 5.096885102558440517e-01 5.462091287845544096e-01 5.895747570447498198e-01 5.873156750797784431e-01 5.432453756687710689e-01 5.512855930521739500e-01 5.571060915380960932e-01 5.509479542539399421e-01 5.781737707598924025e-01 5.786811337097224062e-01 5.950316720657955472e-01 5.613577140923285969e-01 6.027010961107470699e-01 5.937256199816322022e-01 5.571387215475468446e-01 6.065089733088805390e-01 5.957616468934928688e-01 6.029743834488557885e-01 6.043815052260574916e-01 6.100686703968500879e-01 5.923903364412064221e-01 5.518318366340511094e-01 5.794003981168189821e-01 5.763645565444004415e-01 5.930521444911682760e-01 6.036618007312138934e-01 6.051137210377730558e-01 6.017799880949364910e-01 5.866737374867356802e-01 6.052881233408355932e-01 6.019307636385889948e-01 6.115909176692694293e-01 6.015899185279962591e-01 6.066088415394802480e-01 6.031545398791755552e-01 6.034689019166542545e-01 6.067881283366358680e-01 6.031952531623046010e-01 6.112652766104725854e-01 6.046228629037514457e-01 6.051007591893230453e-01 5.942114494782995138e-01 5.996982968748421072e-01 6.046302748494806201e-01 5.922009913069028464e-01 5.915342878140357197e-01 6.117619504643474482e-01 6.130868415521193437e-01 6.111172842397479821e-01 5.952920193239582547e-01 6.072999307144048009e-01 6.103337819814156351e-01 6.107142902599284051e-01 6.153609984680282752e-01 6.071894818385222825e-01 6.064648636052849540e-01 5.940936820617470637e-01 6.009005329822983965e-01 6.106503353271545143e-01 6.090225799385051708e-01 6.121318963889923470e-01 6.061144777988984877e-01 6.079353675714517236e-01 6.133219659407119773e-01 6.122319120851525964e-01 6.158979017592153271e-01 6.091256629170310744e-01 6.110372738333128551e-01 5.936767828229024824e-01 5.924116336097042801e-01 6.025862913645192442e-01 6.035476048127498272e-01 6.085772778868141497e-01 6.094478842087244219e-01 6.064318250616230754e-01 6.098231936086412341e-01 6.114461884903651390e-01 6.012432913640077814e-01 6.096057921114207412e-01 6.141728706337885590e-01 6.087982672151266428e-01 6.089492444658026749e-01 6.085099043981084810e-01 6.136243706231221395e-01 6.100025232707965150e-01 6.110180787216816789e-01 6.106763841440511209e-01 6.102755495960615617e-01
1.137411009198996820e-01 2.301682457349367716e-01 4.032641999075186612e-01 6.331583484019629449e-01 5.140103468767943662e-01 5.309117239729654880e-01 1.000000000000000000e+00 7.243699556375403636e-01 7.097401125742482941e-01 6.309300826064747625e-01 7.152272389339290326e-01 7.960739116933627235e-01 7.428138734874916160e-01 7.196831000747324625e-01 8.377170993011773259e-01 7.935601948085115875e-01 6.847698968896125393e-01 6.777457507626855060e-01 7.106267541611129834e-01 6.368868411667076845e-01 6.686362989471283935e-01 7.049364777772296753e-01 7.212367038907402383e-01 6.825287253573448787e-01 6.801038823511905695e-01 7.741179851421936542e-01 7.825408853209994131e-01 7.746675957175107596e-01 7.345920783800879983e-01 7.580028252602227790e-01 7.877274369374754892e-01 8.041452249875568059e-01 7.177264757317852739e-01 7.711763073989675865e-01 7.374943794620483217e-01 7.574679779178341565e-01 7.735679477837806850e-01 7.937524199467008712e-01 8.044127120050094115e-01 7.856743324293322672e-01 7.920658084188714199e-01 8.046199412556219732e-01 7.880635551386140358e-01 8.049414653383003548e-01 7.978796329453115010e-01 8.106957268466959965e-01 7.875420999318923920e-01 7.801932044962793800e-01 7.775254972340857051e-01 7.492683047929089568e-01 7.826389632220194237e-01 7.621518694401757665e-01 7.861270214246823818e-01 7.677701408227503022e-01 7.957592027917471666e-01 8.027735842201495498e-01 7.766473767041691678e-01 7.961247150866225253e-01 7.958880470567543108e-01 7.934504368578936262e-01 7.915291937414279388e-01 7.853489930843086109e-01 7.876293606565450967e-01 7.829988712755177049e-01 7.768408882808250926e-01 7.821794621279239967e-01 7.699526347028906592e-01 7.743531739036392247e-01 7.867173079224303311e-01 8.027659430613351965e-01 7.865694533116355247e-01 7.785906248366882831e-01 7.815537383996621346e-01 7.779870569047706574e-01 7.959792034685522211e-01 7.885240428955165859e-01 7.930605621732718102e-01 7.852227481848084167e-01 7.954285465000634492e-01 7.870309390208907185e-01 7.945668973225935572e-01 7.953543350738703221e-01 7.916429868964492966e-01 7.734895344703639486e-01 7.793039109651735963e-01 7.855461068824949322e-01 7.870629038651921761e-01 7.922350362492418530e-01 7.952180789664837768e-01 7.858862285840088058e-01 7.946765064786045496e-01 7.945722159101135107e-01 7.885084272231899227e-01 7.990779017814199081e-01 7.821295467012372438e-01 7.778413817942918529e-01 7.773424444137545519e-01 7.692954724720317827e-01 7.790473365508667758e-01 7.823542018689141342e-01 7.921118299627457615e-01 7.812855740245385761e-01 7.858595179538516717e-01 7.884756316087806471e-01 7.867921542777124300e-01 7.718965093056382454e-01 7.786988867854665042e-01 7.831124898716221860e-01 7.857279678281375856e-01 7.824272443074209438e-01 7.867443981201078795e-01 7.854127883404716792e-01 7.769727708509177599e-01 7.784593815392150118e-01 7.765692190784145854e-01 7.767276962575422328e-01
1.117104692419758211e-01 2.087004649841946446e-01 3.877153889343941673e-01 6.153196900040632800e-01 5.330527737989065873e-01 4.621793548255396233e-01 7.243699556375403636e-01 1.000000000000000000e+00 6.561346349263977862e-01 5.652143330299345125e-01 6.635888433761560901e-01 7.484128187522794962e-01 7.057777408628571614e-01 6.533879646885065728e-01 7.613439405772373103e-01 7.870680427142158209e-01 6.329698527852789525e-01 6.910456959372656138e-01 6.930867270123074464e-01 6.335931067803860506e-01 7.101736259579544130e-01 7.160343214397074663e-01 6.826960962500054908e-01 6.936848880986833388e-01 6.805764057517614818e-01 7.388349275354072487e-01 7.062947112562458774e-01 6.921061520233554587e-01 6.547148774998156062e-01 6.983983849661955512e-01 7.178829250386757899e-01 7.489857194326107193e-01 6.595545633509872774e-01 7.338708256990145173e-01 6.695925198092494979e-01 7.134612487445785023e-01 7.086001534473792551e-01 7.378169925121949024e-01 7.440159846461021909e-01 7.100990290490463153e-01 7.243152400447708805e-01 7.393012780058759725e-01 7.612335177345881387e-01 7.500032569438513930e-01 7.372349402502584859e-01 7.341737131753939272e-01 7.305337811900082245e-01 7.098799899499310673e-01 7.209165863065722935e-01 7.137163860613998656e-01 7.380203927365782679e-01 7.185167567347304773e-01 7.393556470546318593e-01 6.947240399560398183e-01 7.331275101481211642e-01 7.313598641684688761e-01 7.324183991357456902e-01 7.371004157744273089e-01 7.404460571899524890e-01 7.369927158369333764e-01 7.499630743323013604e-01 7.314855090514271740e-01 7.443509152552224561e-01 7.382537889469206194e-01 7.256938236675478660e-01 7.335834452738149158e-01 7.074834118198463084e-01 7.221659849579276091e-01 7.270937028195169072e-01 7.642445705956650848e-01 7.494227514749454144e-01 7.283959209235668641e-01 7.436371180085568078e-01 7.327339386712158342e-01 7.372793952657707983e-01 7.218417370460553650e-01 7.172470665587049599e-01 7.101215041714106224e-01 7.317252798758274723e-01 7.209754830156758221e-01 7.259134713107984194e-01 7.339013139278147690e-01 7.409758364233941519e-01 7.057285901338437029e-01 7.259932595605221861e-01 7.317896178061195078e-01 7.227117524188282349e-01 7.385038982130214258e-01 7.314095298987683957e-01 7.311888953612771802e-01 7.254484787035117010e-01 7.292547934277652244e-01 7.297971506455205315e-01 7.294382871354083697e-01 7.294758139348600512e-01 7.144110476860031644e-01 7.419181660806838385e-01 7.366425497444180071e-01 7.443823740515899123e-01 7.346871572736268785e-01 7.438266123776691163e-01 7.435576602156807047e-01 7.319893348490861262e-01 7.389322426720302817e-01 7.441204087473646256e-01 7.368796710339585720e-01 7.247763122913549738e-01 7.206711966593105645e-01 7.297077225881222207e-01 7.295055435855756221e-01 7.372737053056829248e-01 7.330560507968113537e-01 7.257875221180658531e-01 7.344468956246685831e-01 7.240177099865359178e-01 7.300381128049618917e-01
1.816385744824181026e-01 2.202319303103183745e-01 3.848457488625818823e-01 5.701000103016147236e-01 4.470373417500722590e-01 5.427042008685027952e-01 7.097401125742482941e-01 6.561346349263977862e-01 1.000000000000000000e+00 7.372719377454157730e-01 7.960371700290124197e-01 8.277243962973490632e-01 7.631719128980716249e-01 7.777204994796939053e-01 8.378369434399215443e-01 8.112676771321349900e-01 7.887023493704740096e-01 7.294240316292925908e-01 7.598288887947540760e-01 5.835985188441028537e-01 6.900940447924084342e-01 7.406105418085178194e-01 7.186012351437459644e-01 7.073777771698352979e-01 6.982599334211185838e-01 8.098762831866811451e-01 8.113573479611220218e-01 7.642691477011508416e-01 7.368575906684619037e-01 7.723645772519333041e-01 8.186231627385996967e-01 8.406288379460787885e-01 7.465217888978515903e-01 7.928030786996383972e-01 7.752713250589313709e-01 7.710778286199410081e-01 8.035673318405435195e-01 8.174675345742414834e-01 8.371047964557036813e-01 7.560128437965487613e-01 8.484986102647992245e-01 8.143660264023935280e-01 7.738711296912137438e-01 8.460853825110248305e-01 8.310919136070195057e-01 8.350670533889814617e-01 8.604183011874133591e-01 8.723313451093966941e-01 8.648749774974864302e-01 8.084265053711285898e-01 8.281611023063621957e-01 8.381291641551723570e-01 8.670185944118465882e-01 8.633431421837026720e-01 8.665823204717243433e-01 8.561211713428444892e-01 8.545279168395646385e-01 8.520152237771418946e-01 8.526850720064363953e-01 8.771796947203222006e-01 8.587441905531032482e-01 8.670865160549054984e-01 8.616802874905017395e-01 8.666895322486761755e-01 8.679007719689986189e-01 8.722106168896263112e-01 8.606811247263300713e-01 8.609858733623201310e-01 8.655843404312647538e-01 8.516207145143808166e-01 8.515290760440314966e-01 8.561590925101639771e-01 8.543106965138048681e-01 8.489106231729482976e-01 8.662488018478405882e-01 8.591040009479972150e-01 8.489918179653337393e-01 8.417099976952445717e-01 8.531973923390403503e-01 8.550041533510462921e-01 8.564540055025178233e-01 8.615422910196509632e-01 8.631567414787782999e-01 8.480237360700648708e-01 8.427973037509957077e-01 8.575074806291292928e-01 8.488146212377822852e-01 8.567003267341626316e-01 8.577171267298469015e-01 8.605573811389598538e-01 8.399543688848780665e-01 8.562915881314372424e-01 8.573614033414936886e-01 8.547747487006782663e-01 8.663696227613104650e-01 8.673327373847163901e-01 8.429380620569814075e-01 8.615307919860977215e-01 8.583550982110310645e-01 8.564906409642963903e-01 8.471073914146903805e-01 8.617268833137782247e-01 8.677264442036066727e-01 8.613040108462197697e-01 8.683610464771910342e-01 8.572970848733512117e-01 8.674042588710997315e-01 8.691498014619255530e-01 8.642228958318008969e-01 8.599561801348950540e-01 8.519672311529511433e-01 8.704645140831391847e-01 8.617261340213725473e-01 8.669203548705955997e-01 8.651483287352015328e-01 8.725636052665199927e-01
9.125105271471184443e-02 2.562293144936629852e-01 3.088111648985107927e-01 4.621998396308581447e-01 4.003901105770154012e-01 4.848709940638239457e-01 6.309300826064747625e-01 5.652143330299345125e-01 7.372719377454157730e-01 1.000000000000000000e+00 7.084769903547945002e-01 7.298314131631409296e-01 6.860494551844193989e-01 7.087894046290277306e-01 7.541667812703152229e-01 7.214715902997921315e-01 6.777902822290523543e-01 6.321668509259910085e-01 6.551412752786155425e-01 4.775282488711398154e-01 5.806817864827813480e-01 6.394034115783885364e-01 6.493221979389767196e-01 6.197317540095382826e-01 6.024909593643367200e-01 7.084220058112324914e-01 7.253750935483849194e-01 6.837603055987905298e-01 6.745166796662938058e-01 6.937462918963602787e-01 7.414788254501329945e-01 7.677728451114621544e-01 6.800581696708641877e-01 7.111614995574907505e-01 7.002916599582602597e-01 6.862984744256561687e-01 7.186093199914420637e-01 7.459152757902016706e-01 7.525692528045214713e-01 6.953387140545544964e-01 7.724926528513508250e-01 7.282152775215815499e-01 6.583448000637250885e-01 7.460468752056702568e-01 7.427270486619040879e-01 7.566857823805186456e-01 7.746967320610833596e-01 8.042042190036211569e-01 7.877388364414567024e-01 7.105315259044818754e-01 7.436267268935266017e-01 7.025949926483386898e-01 7.647899581339799857e-01 8.078964241159114490e-01 7.943874553678992312e-01 7.931468887490139563e-01 7.611021631398351417e-01 7.690238567648358670e-01 7.851070387605759704e-01 7.894879812516921724e-01 7.620271078245429708e-01 7.918269300037290570e-01 7.664442613011465122e-01 7.737389748798378930e-01 7.678075736754104152e-01 7.870033499082461637e-01 7.847229592739010107e-01 7.777087789226558856e-01 7.892243119700121934e-01 7.526658449600485135e-01 7.572343161826873281e-01 7.733132543535294889e-01 7.661781911074643237e-01 7.582929489472196583e-01 7.831119343784331832e-01 7.796442266709446844e-01 7.703690818138390073e-01 7.680914383326835626e-01 7.735111628610157330e-01 7.756214991375007806e-01 7.744565285614662953e-01 7.783116011041742999e-01 7.881954265095857393e-01 7.734584011803312675e-01 7.629961255376458418e-01 7.777106621880557347e-01 7.708408254124471393e-01 7.811884127958745871e-01 7.787890632183135375e-01 7.897785794062386344e-01 7.660554359201232622e-01 7.752912534587794724e-01 7.735562045834118994e-01 7.731377321649132162e-01 7.829128392186460728e-01 7.940662843999221066e-01 7.467811117556332201e-01 7.676652992732915237e-01 7.639847801714507725e-01 7.748354197260259868e-01 7.499949044911717877e-01 7.674477607899523601e-01 7.745705178749243691e-01 7.671857101577137517e-01 7.646181446021087513e-01 7.654751132801371760e-01 7.884093112405319292e-01 7.906704561334630954e-01 7.847478720450727918e-01 7.777383690012930062e-01 7.792449551919939932e-01 7.831421987270016372e-01 7.797842446276184170e-01 7.796581922275409582e-01 7.727740827887973341e-01 7.814045525548203308e-01
2.155483588781912860e-02 1.289606862276199417e-01 3.708145304406086917e-01 5.649690829405427106e-01 4.440264211841793429e-01 5.526833168767255611e-01 7.152272389339290326e-01 6.635888433761560901e-01 7.960371700290124197e-01 7.084769903547945002e-01 1.000000000000000000e+00 8.697629845407888194e-01 7.957093762636571199e-01 8.171005495295949883e-01 8.715076304124174111e-01 8.409762659075270541e-01 7.873449420043046043e-01 7.452072808018831429e-01 7.960744340908512129e-01 6.000711501921507374e-01 7.045021858503133227e-01 7.661699690329183410e-01 7.161847814470793105e-01 7.242175992593982148e-01 7.283708853017066831e-01 8.047257539288085182e-01 8.413350049844524614e-01 7.979072931295815296e-01 7.653416997356214946e-01 7.998260744501729524e-01 8.730582472562402607e-01 8.671679032143851940e-01 7.846766909226343678e-01 8.162649694528139044e-01 8.070716995966663587e-01 8.157609637523087764e-01 8.389129550090658194e-01 8.504089106000045639e-01 8.746445205231859754e-01 8.118081059824682200e-01 8.870877146941598124e-01 8.698960976231574493e-01 8.240466511204626032e-01 8.858105053925879879e-01 8.773995285653177767e-01 8.832663508048643752e-01 9.021481630922127959e-01 8.977982807363203976e-01 8.898965529037222710e-01 8.349155675416105593e-01 8.638873124352826061e-01 8.482484696008540936e-01 8.825641161709468774e-01 8.721333073236663402e-01 8.793505304758738594e-01 8.749999902589951084e-01 8.625715798748033736e-01 8.898170920437037390e-01 8.827380315799071564e-01 8.939539225069630390e-01 8.977314999710809262e-01 8.939257823888548948e-01 8.920229884752456373e-01 8.901797848930920187e-01 8.988933530618650192e-01 8.871368743379107746e-01 9.042710501639052989e-01 9.027909371433308072e-01 8.984214794006241123e-01 8.866644819950829648e-01 8.952909078222712758e-01 9.015607056556903531e-01 8.886901978152874637e-01 8.878717398124240656e-01 9.013240758701205335e-01 9.052936982795805054e-01 8.992659406033587377e-01 8.876234495282918635e-01 8.999559380543726839e-01 8.914075944604457069e-01 8.977407488339859132e-01 9.055115074309990630e-01 8.974326224973633304e-01 8.928710114270139719e-01 8.839020998825063424e-01 8.972699164712926168e-01 8.982259245591198704e-01 9.025677312507206507e-01 9.028914758003552254e-01 8.958947118754500005e-01 8.943273079403177839e-01 9.061690413233517427e-01 9.041674604842816487e-01 9.055796770443305110e-01 9.071412781016764404e-01 9.065917045606036728e-01 8.884286362653753821e-01 8.890165789026210907e-01 9.038804013613283006e-01 8.979043165691712458e-01 9.002147033482942318e-01 9.061679952429189111e-01 9.036858536766474437e-01 9.060035283036393938e-01 9.017636119383889426e-01 8.917806841875204338e-01 9.062923696906232118e-01 9.040911541493255044e-01 9.043215263054112940e-01 9.062007950346873120e-01 9.014793028256287144e-01 9.059128336469164378e-01 9.053495222596823488e-01 9.041810566998368381e-01 9.051478139191218020e-01 9.028901590436048119e-01
5.024031562434751186e-02 1.687135530555402829e-01 4.198038481023422808e-01 6.575680459663150179e-01 5.177879361917693268e-01 5.871640208373704040e-01 7.960739116933627235e-01 7.484128187522794962e-01 8.277243962973490632e-01 7.298314131631409296e-01 8.697629845407888194e-01 1.000000000000000000e+00 8.348486316275355312e-01 8.422352120901125394e-01 9.228479203378266993e-01 9.008027308943942213e-01 8.059655385970911912e-01 7.748869723491398354e-01 8.181914543199124701e-01 6.713421022385156478e-01 7.688739115801541679e-01 8.052909364494349465e-01 7.524100328037343077e-01 7.568950865131592876e-01 7.539710130824313072e-01 8.581956657144184097e-01 8.873128235145794074e-01 8.502797482591831768e-01 8.199725683132522702e-01 8.464464088765932814e-01 9.108412691735442435e-01 9.053264594480976424e-01 8.180685258235965707e-01 8.572997808035054401e-01 8.401528651058574049e-01 8.505850352359480837e-01 8.708957510809450797e-01 8.975484721286651757e-01 9.120375688188053775e-01 8.568510925358784336e-01 9.166457194008684750e-01 9.112765496967657475e-01 8.760797794568752073e-01 9.282185835206874236e-01 9.122220810049409545e-01 9.244579343706657015e-01 9.322775572405370692e-01 9.264038173357627137e-01 9.235733812782430663e-01 8.743822766906669264e-01 9.040525356980038119e-01 8.890048099636052026e-01 9.272161773192673095e-01 9.064983522282579198e-01 9.227052071457558791e-01 9.094663258543103090e-01 9.087193164608090568e-01 9.309636098069822285e-01 9.245371774681150345e-01 9.348519450985303125e-01 9.364734063119071195e-01 9.326004066259301339e-01 9.317079450259335704e-01 9.317062735689835007e-01 9.255585886056254541e-01 9.293120627375063281e-01 9.267843823648497237e-01 9.268300131453764967e-01 9.270176465422649281e-01 9.330092526497310024e-01 9.284923173493550008e-01 9.256848047693876369e-01 9.186598717220173516e-01 9.140303228845615413e-01 9.338113644791208312e-01 9.356662823695494069e-01 9.314686087985085683e-01 9.247149651146666649e-01 9.300796114996755515e-01 9.211781023385832157e-01 9.276223313931427628e-01 9.384984204819633025e-01 9.292035255034977181e-01 9.179207573655319141e-01 9.124266769076846417e-01 9.221643448861850390e-01 9.256008751130555545e-01 9.336968786357875416e-01 9.323532498105061572e-01 9.267535535618147691e-01 9.241152811680082291e-01 9.368195750561465474e-01 9.322238755618275086e-01 9.365738056618863050e-01 9.350944292401949243e-01 9.327707244696561428e-01 9.197160832818239706e-01 9.206052751393785094e-01 9.329639864593395338e-01 9.258446499447151590e-01 9.314449199064220863e-01 9.370808551361099470e-01 9.339638597139402476e-01 9.371950430186526404e-01 9.347492171718837506e-01 9.258243093725658790e-01 9.345583024459003241e-01 9.326919915999751787e-01 9.333554351289795603e-01 9.348721717677026533e-01 9.319921427692433591e-01 9.379584418898181397e-01 9.327711164725467352e-01 9.349195704594543965e-01 9.327726953800259402e-01 9.345796217244491944e-01
4.224867163915029672e-02 1.773214292431261052e-01 3.756318271496986716e-01 5.886243517184480689e-01 4.878404663818301512e-01 5.321151233540355463e-01 7.428138734874916160e-01 7.057777408628571614e-01 7.631719128980716249e-01 6.860494551844193989e-01 7.957093762636571199e-01 8.348486316275355312e-01 1.000000000000000000e+00 7.749283764229373261e-01 8.520664038995672263e-01 8.447140884802546434e-01 7.592201405949593473e-01 7.173329653900706315e-01 7.591944894396147614e-01 6.180613948334511276e-01 6.994408005621262081e-01 7.490719659552320664e-01 7.201356837456830418e-01 7.108555282249356955e-01 7.083766573804983757e-01 7.945287613908696978e-01 8.047744240745726696e-01 7.754887661725885506e-01 7.377887100363594852e-01 7.604352251457071610e-01 8.315527710521415372e-01 8.376494754580914304e-01 7.506519584027743219e-01 7.893879617113029878e-01 7.650828167733753071e-01 7.818540264314839394e-01 7.987553592417716564e-01 8.160144296939239039e-01 8.368739716609769896e-01 7.964935176602742084e-01 8.498581614011101459e-01 8.419948466640435614e-01 8.085821272318417519e-01 8.617609959449636925e-01 8.470621995116334180e-01 8.453047525185783950e-01 8.634662419451015758e-01 8.522334598996884614e-01 8.426892199671908168e-01 7.942625058969108309e-01 8.273994699933220343e-01 8.132252267941250112e-01 8.486340113136202623e-01 8.273044193198039187e-01 8.405843249193113431e-01 8.418373130144595207e-01 8.231985851877480220e-01 8.559562402294552674e-01 8.419528794297573837e-01 8.647462778660059968e-01 8.619383464694065911e-01 8.510835277004171751e-01 8.445430505340100202e-01 8.476603435788419016e-01 8.546038565242287666e-01 8.462602256089429842e-01 8.565157677883579179e-01 8.545146634023612631e-01 8.590186691746356518e-01 8.591785701092169436e-01 8.572131548910499887e-01 8.567840017486249016e-01 8.540726145710151318e-01 8.465882974040890296e-01 8.617998429276170214e-01 8.560566066312736977e-01 8.533940191446209855e-01 8.407749138865393546e-01 8.569899446111671759e-01 8.467226853028169131e-01 8.536357751309849862e-01 8.652355811739054214e-01 8.605056162447904944e-01 8.418335994260307542e-01 8.411360923648922849e-01 8.533144068926834525e-01 8.566608403321904763e-01 8.582214244315992113e-01 8.600414650784350412e-01 8.542123709814705146e-01 8.570949343948934818e-01 8.658802420160381930e-01 8.633303048620104558e-01 8.636183508490584693e-01 8.643826621982499958e-01 8.582403647836308602e-01 8.427767234363479076e-01 8.390609979110751349e-01 8.546628480321908361e-01 8.549841841709799883e-01 8.596942667484891443e-01 8.557498651836891179e-01 8.613359028217899560e-01 8.645396792794913798e-01 8.601016990525317540e-01 8.441297469212903914e-01 8.579844061623989049e-01 8.569082369659888343e-01 8.587937924625770325e-01 8.612353073609676501e-01 8.562319268339475542e-01 8.662282565083511132e-01 8.546824438124714929e-01 8.582478121112629976e-01 8.631925536235270924e-01 8.601730799063165289e-01
