1.000000000000000000e+00 5.546080896102182495e-02 4.396376602956227932e-03 2.492960437720521949e-02 1.233522066863365803e-02 -3.095663282637958411e-02 -3.883184315739148657e-02 -1.154768628329642683e-03 9.308527974945056405e-02 2.232782743525720329e-02 3.909070588883739247e-03 9.004183766703062822e-03 1.203324470068046353e-02 1.238101707409316153e-03 -1.249490085573333985e-02 -7.330629677286704549e-04 6.471039439487707989e-02 -1.348156950620290825e-02 -5.400925963439809699e-03 4.497636621604583947e-03 9.109273808521914330e-04 1.066508989031687490e-02 -2.351827481599772993e-03 -2.155889004948030943e-02 -1.581421249029614853e-02 -1.341972962301773943e-03 -6.764946912392424613e-03 -2.926761119484179094e-02 -6.384328841180404723e-03 9.272439159489690927e-03 1.442042796761186692e-02 -2.960995590427586630e-02 -6.304727670385416871e-02 -1.554342179098807016e-02 -1.577634689306026475e-02 -2.416991853476244470e-02 7.285294198398720514e-03 -4.906065128908416312e-02 -2.234756938253595546e-02 -8.219600335907269184e-02 -2.218325957572059651e-02 -3.096959969515783104e-02 -3.535459942850716769e-02 1.875450636061553981e-03 -1.556854375918755549e-02 -2.911074063028904965e-02 -8.320811897631492362e-04 4.069571655590239340e-03 8.990401451802042254e-03 -1.264420203109243657e-03 -2.271939188856895650e-02 1.942371330941626908e-02 2.064471065872852673e-02 2.610825735923595625e-02 -2.262136020256087700e-03 -7.115258222525395852e-03 4.761797611204509478e-02 6.092266987012919140e-03 -2.072713410592053052e-02 2.608563165529779321e-02 1.891955654857898142e-02 2.256873809022392693e-02 1.178847528890651641e-02 2.904876093967564965e-02 4.362444738563789337e-02 3.755380005176117697e-02 1.271887355985974050e-02 -3.891433460368394254e-04 -3.315763412507620727e-03 2.199905210611785220e-03 -7.253144201871334316e-03 6.996847056351566257e-03 -9.353366424571482249e-03 -1.527262471350241020e-02 7.638962406361942585e-04 6.330530968911690908e-04 -9.441155253481315485e-03 7.381602313139629806e-03 -6.265908915485765042e-03 4.344725802578264934e-03 6.251317753091909304e-03 6.363522486923321904e-03 2.501032116288208918e-03 -5.542054392432846886e-03 -1.698555248182810964e-02 -1.074501586777904666e-02 -7.582769995726261480e-03 -1.852066262046548478e-02 -1.150420505997996716e-02 -8.992846114483348668e-03 -3.368232447691749815e-02 -9.530732966130583614e-03 -1.693553123676579120e-02 -1.091227945947359848e-02 -1.707187395774301770e-03 2.491642952322328276e-03 -1.413281001095970102e-02 2.830666455610632293e-02 4.901723932616910973e-03 -1.154472864098713032e-02 -1.726653634850232669e-02 7.258193077587554894e-03 8.757828478730352723e-03 -6.934335061393500765e-04 3.831703320093774508e-03 2.646422878749349686e-02 1.125186417465017831e-02 4.609852087616647665e-03 -1.816949541112558401e-03 4.819235809745161386e-03 -1.275605661728182634e-02 1.510608401924344590e-02 4.733938695649871943e-03 1.799300827852628668e-02 2.347217360159939425e-02 2.645936107597272879e-02
5.546080896102182495e-02 1.000000000000000000e+00 6.335668028960783627e-02 1.390013031142412481e-01 1.163226884551559065e-01 1.046954601904755283e-01 1.693075805471734585e-01 1.358095351350983304e-01 1.675784201267379037e-01 1.834606262748606775e-01 1.583693671493207056e-01 1.681717090268418924e-01 1.376224472762034301e-01 1.333169758423229656e-01 1.790177261663279396e-01 1.709372710280702978e-01 1.600050502685548548e-01 1.331245375517564888e-01 1.478785506083684087e-01 1.528079128386755081e-01 1.335533467056694290e-01 1.594546994916561655e-01 1.528372469648164311e-01 1.387824147533940344e-01 1.637473062728730389e-01 1.662428332098879746e-01 1.613198613196812625e-01 1.745742625145018934e-01 1.745991240804725120e-01 1.863867088002514882e-01 1.710741310213378386e-01 1.724282825105629691e-01 1.690393437876026861e-01 1.751002701463515165e-01 1.718784323987875007e-01 1.753071318690308522e-01 1.729211009563848267e-01 1.616970064263592854e-01 1.655107448810517745e-01 1.637995524711881312e-01 1.727332150175301118e-01 1.771497221103431052e-01 1.576739878907292558e-01 1.728316029643873486e-01 1.735007451066661044e-01 1.742685866762177238e-01 1.730220572410655355e-01 1.755916321107723055e-01 1.613435503625810508e-01 1.508418025180884026e-01 1.576002308380900496e-01 1.497226111408979099e-01 1.623309824926116585e-01 1.673129784171702161e-01 1.663218831190772795e-01 1.764880188822427476e-01 1.572512880250468148e-01 1.705255356704183656e-01 1.695517184214247464e-01 1.703098436386836223e-01 1.630222931715074597e-01 1.656498968479774292e-01 1.560529132085712312e-01 1.629408948642028787e-01 1.724099282109371745e-01 1.708261158963528814e-01 1.756990623073609314e-01 1.705132620752856376e-01 1.769143109309827266e-01 1.791513616899451378e-01 1.685925227751933486e-01 1.752374103132099958e-01 1.735798626044470216e-01 1.720193081419421066e-01 1.728347764753353499e-01 1.686407099985595404e-01 1.784994821368902085e-01 1.794086897962188232e-01 1.739880666015077570e-01 1.712262439436693651e-01 1.724009531842325693e-01 1.756162443224041636e-01 1.782749144736824054e-01 1.741572876124455327e-01 1.719529267069069556e-01 1.738766650797792801e-01 1.748112924598441698e-01 1.737573180046879939e-01 1.750036715475553895e-01 1.782574682072795014e-01 1.763494176878709629e-01 1.745542149056527881e-01 1.723608103030378202e-01 1.737343577401865014e-01 1.734357125761368801e-01 1.761587474971757494e-01 1.673256569015413586e-01 1.624488959985143366e-01 1.660254941183922084e-01 1.683913786118837463e-01 1.717670421510487655e-01 1.649442549732423879e-01 1.726102256881687780e-01 1.724204706323972658e-01 1.722541498565311746e-01 1.698255927826224365e-01 1.710093756971338419e-01 1.749072786746275199e-01 1.753883840397542915e-01 1.776945557476772297e-01 1.742003484476120634e-01 1.757509128835506029e-01 1.729748547697789740e-01 1.685478672036406222e-01 1.742039152365335852e-01 1.722871327007819697e-01
4.396376602956227932e-03 6.335668028960783627e-02 1.000000000000000000e+00 2.945087872865618794e-01 1.764483395231213891e-01 2.161917462589065531e-01 3.217122381780001539e-01 2.914476630751914876e-01 3.500793821307700004e-01 3.109649202377837707e-01 3.566448058416154532e-01 3.615005863815415332e-01 3.107012426189704191e-01 2.609930249961158188e-01 3.653741333747307363e-01 3.542383895710638497e-01 3.145339186338779736e-01 3.364378437341853934e-01 3.518144229674013967e-01 2.994402342126966654e-01 3.277882745845431267e-01 3.636583175689303005e-01 3.581154993184924029e-01 3.334177390606705149e-01 3.656012243831092690e-01 3.685153109802331017e-01 3.695934314989553493e-01 3.669711589753317793e-01 3.654085321658545604e-01 3.750318909227550734e-01 3.728261071766268420e-01 3.780555151721883833e-01 3.536144600615384048e-01 3.721148680773726514e-01 3.671747875943376371e-01 3.696255218332554771e-01 3.725854264169000674e-01 3.642814075742077384e-01 3.682633038677800008e-01 3.703083463395595021e-01 3.771362487471639491e-01 3.784446832203965938e-01 3.687204432406514520e-01 3.756519888703458432e-01 3.758168285601113934e-01 3.712190404864877946e-01 3.752136787599290590e-01 3.757694617189973885e-01 3.760944357457958187e-01 3.622848535864698905e-01 3.688574673500119028e-01 3.511271104683378885e-01 3.701180282761966645e-01 3.692015762316498972e-01 3.720476123086767783e-01 3.721136194279681120e-01 3.640449787539549731e-01 3.787998433876391680e-01 3.795532356778405503e-01 3.708707855481818139e-01 3.689136679292064347e-01 3.688747533336199091e-01 3.644469007345779166e-01 3.644475867139362890e-01 3.592303386647688335e-01 3.680187490520846483e-01 3.741704507916117084e-01 3.806722189333577866e-01 3.849099718157262817e-01 3.800503612085305294e-01 3.859691354984168266e-01 3.816672030009783945e-01 3.795203836873181080e-01 3.863595131721731524e-01 3.799662449051131596e-01 3.768698964272728658e-01 3.802956872594276949e-01 3.798072787064448730e-01 3.837032175357861785e-01 3.779696288027873385e-01 3.793934033879989842e-01 3.810246816641641998e-01 3.832983606294804169e-01 3.808674098673168751e-01 3.815838368215283549e-01 3.835133408822877232e-01 3.862438274969435814e-01 3.794669076070351643e-01 3.815016964674474154e-01 3.762968015401638167e-01 3.852623575784778764e-01 3.789389274732912760e-01 3.857203598129200772e-01 3.796366394227232988e-01 3.765806318284800613e-01 3.771383632238530792e-01 3.812021674947078664e-01 3.710028875593716080e-01 3.768657010015269981e-01 3.810119864753884200e-01 3.794135384242147135e-01 3.733288263492454129e-01 3.797585812597345511e-01 3.784955435334596552e-01 3.784849909179489047e-01 3.700657338818799658e-01 3.780535514197473912e-01 3.749314089859566712e-01 3.758690201074394999e-01 3.777696309870834379e-01 3.761316069303073384e-01 3.748205734566319447e-01 3.771982374486406719e-01 3.765147748716194953e-01 3.714585798416333295e-01 3.729898496966814192e-01
2.492960437720521949e-02 1.390013031142412481e-01 2.945087872865618794e-01 1.000000000000000000e+00 3.433540873530489534e-01 3.554631496516643674e-01 5.856568938705206673e-01 5.639540961775554306e-01 5.786721340931550994e-01 5.514342529999601838e-01 5.974254665345364312e-01 6.434067148045689022e-01 5.599833921848841323e-01 5.067382572887390024e-01 6.387384418477075609e-01 6.255442034931407713e-01 5.706988723268142660e-01 5.356584775248196539e-01 5.911189329620637478e-01 5.087333051902612757e-01 5.579088553864489652e-01 6.134038142745501521e-01 5.861003281936731923e-01 5.358551659337289497e-01 6.119013056665424388e-01 6.366789199161329016e-01 6.165157932027912624e-01 6.213443791894430746e-01 6.162584557033331523e-01 6.364912326259394293e-01 6.377272900013636336e-01 6.424542992473003533e-01 6.121590720985436995e-01 6.331864285146144855e-01 6.322381404345722711e-01 6.286694972999840036e-01 6.374796267217873735e-01 6.475667118704221403e-01 6.480349873452216913e-01 6.240869813578693304e-01 6.352891724246884086e-01 6.339209729279055017e-01 6.457872689379519082e-01 6.458305530483663404e-01 6.457791957016304485e-01 6.340710893012448945e-01 6.375462489411914957e-01 6.434970941748370254e-01 6.460539191501043499e-01 6.488440008751121812e-01 6.516284971593130360e-01 6.256848610696967850e-01 6.400413743854321824e-01 6.307636374038859683e-01 6.417180427910927909e-01 6.400606583118507720e-01 6.339111680164462026e-01 6.400694433751623613e-01 6.414041957459644117e-01 6.379502198318078854e-01 6.477909045497636242e-01 6.340312849714476728e-01 6.366403409256912171e-01 6.458220524204406621e-01 6.311545904731744594e-01 6.373139280913747706e-01 6.452399240991276708e-01 6.411272496185804748e-01 6.467907605736143983e-01 6.455765023111362799e-01 6.454439450245276211e-01 6.452241153638951232e-01 6.297576751139013496e-01 6.424866006740892477e-01 6.435518253897483110e-01 6.359101154615175444e-01 6.401199793962653040e-01 6.450474504831965605e-01 6.507041872014269757e-01 6.445914350824201167e-01 6.464826192680996897e-01 6.439342685026673285e-01 6.546876859269208371e-01 6.448088931891167164e-01 6.546977741358211977e-01 6.488996030108838964e-01 6.476886882994421502e-01 6.512744346914149940e-01 6.498125194511721325e-01 6.475923270257175623e-01 6.482132558023708802e-01 6.447783105585354058e-01 6.496657644638178519e-01 6.441296215612367648e-01 6.434456285097328587e-01 6.439615212125853194e-01 6.604439306575229374e-01 6.598250716117629588e-01 6.557699941846421021e-01 6.598263072316341571e-01 6.519012661503128525e-01 6.583483849752056472e-01 6.509977740707071359e-01 6.479539904029891773e-01 6.519284364223244532e-01 6.495338927224083569e-01 6.526766548441679250e-01 6.445949073206089786e-01 6.462924794958603281e-01 6.484047369098019375e-01 6.489993090682771859e-01 6.431703625301599114e-01 6.465513295737309596e-01 6.540321466820274710e-01 6.443310308540213249e-01 6.482251370491873832e-01
1.233522066863365803e-02 1.163226884551559065e-01 1.764483395231213891e-01 3.433540873530489534e-01 1.000000000000000000e+00 3.025098241457473414e-01 4.180602339257004640e-01 4.107463145708751262e-01 4.257906105131902263e-01 4.093560928489655693e-01 4.250067980557437619e-01 4.634788148260138296e-01 4.218139253917165821e-01 3.834285064966121426e-01 4.680492457937221462e-01 4.644996141617531160e-01 4.239307020155972938e-01 3.923981249222879830e-01 4.330527112729111172e-01 3.508518770791345109e-01 3.938962430786712710e-01 4.421032675748540752e-01 4.219434601998965917e-01 3.933767679452257471e-01 4.474885003872638434e-01 4.688699247070899356e-01 4.557256298958801133e-01 4.445888636099374347e-01 4.258639396619586792e-01 4.559048195830768813e-01 4.709329771716623259e-01 4.560434326497758706e-01 4.199175712675429772e-01 4.490742611070093204e-01 4.473054119952157293e-01 4.411493916432975282e-01 4.561328738747227329e-01 4.565860413010281449e-01 4.684565999427680039e-01 4.385984963441356688e-01 4.722036293019783448e-01 4.752924417503737176e-01 4.674188585362517578e-01 4.854247644989393429e-01 4.681217227722405116e-01 4.610676175799470200e-01 4.850617779153260090e-01 4.743224661428808164e-01 4.728400484877930410e-01 4.583261403281077007e-01 4.750591621536443543e-01 4.615267914969691243e-01 4.773253688168186404e-01 4.744878980321046158e-01 4.704781012512314065e-01 4.640215452024354370e-01 4.605954018785894388e-01 4.843336005976701664e-01 4.742666409519576409e-01 4.860796039693413562e-01 4.811838925885771889e-01 4.710251115679444656e-01 4.643325768725865554e-01 4.730952588349968679e-01 4.723229431596728256e-01 4.724901373458852416e-01 4.800922833532255685e-01 4.800695260617936500e-01 4.809489697735229718e-01 4.755627447680077502e-01 4.801950907399763491e-01 4.798641066441048930e-01 4.705767324392634565e-01 4.806651675669889046e-01 4.847478408444559905e-01 4.799807215629297019e-01 4.728532981979412519e-01 4.709040036587715528e-01 4.780526988031287283e-01 4.822081380022615882e-01 4.787533834876788186e-01 4.799147799847884310e-01 4.787744470460500446e-01 4.746590606467070983e-01 4.760092116932203576e-01 4.761324950697468084e-01 4.774618037407348248e-01 4.816679356650229171e-01 4.802203213792993752e-01 4.785975237190712717e-01 4.747894543313677107e-01 4.852550255036898741e-01 4.799935082280277765e-01 4.817027312335795952e-01 4.843668393499305225e-01 4.828913045458231856e-01 4.829444387850260756e-01 4.763965177583484034e-01 4.858112056854617666e-01 4.838953222290031664e-01 4.869576918077160310e-01 4.796377054881204582e-01 4.871581116483201246e-01 4.896695939170058742e-01 4.852500319540864471e-01 4.708678875190122071e-01 4.840370642993092609e-01 4.819432471541942320e-01 4.819797879657823358e-01 4.854646068618538313e-01 4.778486782930644328e-01 4.849661929211825928e-01 4.774584410503995846e-01 4.856963633756276599e-01 4.840104544510234752e-01 4.851072517310147103e-01
-3.095663282637958411e-02 1.046954601904755283e-01 2.161917462589065531e-01 3.554631496516643674e-01 3.025098241457473414e-01 1.000000000000000000e+00 4.532050911195094622e-01 4.085700132377051430e-01 4.576218497879940283e-01 4.106658857953953135e-01 4.615085442857326248e-01 4.999047017353567823e-01 4.570830469539831076e-01 3.842520494140184151e-01 5.007038884669354761e-01 4.911374166490656834e-01 4.538583531406947813e-01 4.158731734920567691e-01 4.672965097915326993e-01 3.694708140027146981e-01 4.240502687008258498e-01 4.854388291734417771e-01 4.474110871048623816e-01 4.110551257785385326e-01 4.712315483619579082e-01 4.879053764056853759e-01 4.795346631409398985e-01 4.929992056462156880e-01 4.781336692393574617e-01 4.988071417864696211e-01 5.015433164196735349e-01 4.853434477326526997e-01 4.607662679430788999e-01 4.843830498592619493e-01 4.807970421823788421e-01 4.866482514911864010e-01 5.004385324408004987e-01 4.971123290649950843e-01 5.076942368060867183e-01 4.871179022454816820e-01 5.015236857156493144e-01 5.075087453329737430e-01 5.009867052710793578e-01 5.123224740718487213e-01 5.078882253352747789e-01 5.098692902910300084e-01 5.148477639139952267e-01 5.127435880346004060e-01 5.159561837558642727e-01 4.917565199804956322e-01 5.031646970483505399e-01 4.886269197499200634e-01 5.067768831906290794e-01 5.105348465815697789e-01 5.131900418195404212e-01 5.030906236646939256e-01 5.028917579095828483e-01 5.163517356947140424e-01 5.093042154572936520e-01 5.175450335331865936e-01 5.112710040324055516e-01 5.092512774925979091e-01 5.082014785270853041e-01 5.081300586782546702e-01 5.052136003609543069e-01 5.071987327748846974e-01 5.168507971855867966e-01 5.111674280167036732e-01 5.114415163079225612e-01 5.081104527013261540e-01 5.114342132146535436e-01 5.144072185303519840e-01 4.976297159883774079e-01 5.097484988691638463e-01 5.159395230504059127e-01 5.134245216200344908e-01 5.161009249534155297e-01 5.158776721628833828e-01 5.114342211272649985e-01 5.178624985087709742e-01 5.132666109913800456e-01 5.164565422125126926e-01 5.120187911636002731e-01 5.123906866770080448e-01 5.097513882271106356e-01 5.079894085241912771e-01 5.096008228385857652e-01 5.169628467219372636e-01 5.185027001824435988e-01 5.117881617773678560e-01 5.137875090898567088e-01 5.160465486870954299e-01 5.146424065679751081e-01 5.170700442012008402e-01 5.174352888289401875e-01 5.156450165011267073e-01 5.128413767601327500e-01 5.037955963072751064e-01 5.133103639931672069e-01 5.122944441467195409e-01 5.159901306347064454e-01 5.121501930700546046e-01 5.187169004294991392e-01 5.186986660804618898e-01 5.146614955283367321e-01 5.085757516486774099e-01 5.160882881137746070e-01 5.128312491089731529e-01 5.151289862718700929e-01 5.165046032258494568e-01 5.131684118747189549e-01 5.166011330836627335e-01 5.136019736020526194e-01 5.154677970695384914e-01 5.149316159986251362e-01 5.134256619471317951e-01
-3.883184315739148657e-02 1.693075805471734585e-01 3.217122381780001539e-01 5.856568938705206673e-01 4.180602339257004640e-01 4.532050911195094622e-01 1.000000000000000000e+00 6.942670886741176828e-01 7.147042259754070592e-01 6.818129332964228961e-01 7.550138324257277267e-01 7.972439010733242126e-01 7.118416860095920784e-01 6.326132573149141347e-01 8.390612337960819955e-01 8.018297797137873273e-01 7.130986489134681916e-01 7.213836984333965585e-01 7.570734378787153940e-01 6.763125650085380913e-01 7.166089705607214810e-01 7.809081469489801419e-01 7.738576494865846422e-01 7.251987062051113986e-01 7.879607361950073940e-01 8.120745485986181622e-01 7.954961373461824081e-01 8.113750712435613410e-01 7.905325729984368222e-01 8.192300972794779312e-01 8.148084531652687312e-01 8.211649193959669191e-01 7.847863403938796223e-01 8.120081692223509728e-01 8.071861144156580181e-01 7.943808211612705117e-01 8.195496496683239984e-01 8.292858895098810246e-01 8.302357130163693366e-01 8.147306149155332244e-01 8.115515022736891071e-01 8.230889728097395830e-01 8.164897195025393462e-01 8.232044379623159047e-01 8.220269354503738635e-01 8.304710099490674180e-01 8.117258032186021044e-01 8.185051260388700456e-01 8.121873357310563923e-01 8.003350106947008102e-01 8.204215909118909300e-01 7.767854762751652542e-01 7.957427059523253243e-01 8.055904960316194741e-01 8.167431835745795343e-01 8.237584879129157267e-01 7.880236913067097948e-01 8.187195494433101572e-01 8.270782489909064283e-01 8.080975563573150611e-01 8.094376814955090982e-01 8.053424583755770527e-01 8.014222225630354135e-01 8.002004458160739686e-01 7.986544994962913036e-01 8.014483884361702781e-01 8.188468910358230879e-01 8.251573660576985159e-01 8.299139523995326950e-01 8.270353858132851732e-01 8.241436516181150918e-01 8.221132357598101015e-01 8.182620168219378876e-01 8.263696221669544206e-01 8.223310373930498018e-01 8.160337136313293716e-01 8.266394629037451258e-01 8.278053351867140641e-01 8.343791490564592683e-01 8.259579513493582326e-01 8.259888830505460744e-01 8.204210239448906927e-01 8.283783255622053643e-01 8.267730400781128086e-01 8.260110925861556819e-01 8.274296772955955781e-01 8.268697607253653326e-01 8.322998450808578585e-01 8.299483269435437016e-01 8.292394046012667719e-01 8.317545775950762055e-01 8.283283686713672767e-01 8.287482761126058195e-01 8.301660832627821840e-01 8.195643756188885076e-01 8.192008510498564045e-01 8.193965814195575126e-01 7.987770389849767616e-01 8.159223139850614315e-01 8.231223622892982483e-01 8.269451655240068755e-01 8.138149423506096936e-01 8.176209596966864668e-01 8.223968478429135587e-01 8.212219835542943214e-01 8.071489165937815180e-01 8.166146008889713093e-01 8.215214017762164644e-01 8.235454994546879126e-01 8.220770951062569276e-01 8.263262653629285248e-01 8.154688137671176618e-01 8.170026182391065817e-01 8.152809597324480739e-01 8.131318250431783801e-01 8.123096309550716931e-01
-1.154768628329642683e-03 1.358095351350983304e-01 2.914476630751914876e-01 5.639540961775554306e-01 4.107463145708751262e-01 4.085700132377051430e-01 6.942670886741176828e-01 1.000000000000000000e+00 6.855564905575016743e-01 6.351435809131410481e-01 7.154185055787583014e-01 7.493305537975327724e-01 6.817492268215905593e-01 6.107029518410920232e-01 7.718594138517128611e-01 7.622144072019148009e-01 6.818445709946231448e-01 6.394729487025729853e-01 6.909771029519087282e-01 5.956596789812598214e-01 6.474529248950784410e-01 7.196103914310791883e-01 6.884489048702572278e-01 6.346851924869151285e-01 7.023514677513651439e-01 7.546409728836619424e-01 7.329903491602319798e-01 7.283243763074979116e-01 7.039627079503761875e-01 7.506803487304223310e-01 7.571756475474376025e-01 7.607964406793058521e-01 7.146412456055564189e-01 7.499608145123348724e-01 7.454677433723786439e-01 7.448391603194661759e-01 7.544858466346962000e-01 7.808918487709617384e-01 7.828200968318101971e-01 7.414188235579671771e-01 7.602601280289362773e-01 7.655061823340875149e-01 7.678072810788771907e-01 7.828181480711711160e-01 7.699072198110481491e-01 7.658793956657552471e-01 7.761434518473878663e-01 7.805778935860164802e-01 7.822440201667163473e-01 7.811267452768358988e-01 7.897950367453429044e-01 7.502478543724711013e-01 7.681783818673135755e-01 7.711508505328689145e-01 7.762643591696547496e-01 7.718858298768525028e-01 7.658633113919729452e-01 7.807230268223469549e-01 7.852383362734637329e-01 7.746363963640904293e-01 7.813778183812054579e-01 7.750479152429792240e-01 7.747534396094675202e-01 7.772604985019648804e-01 7.649266716021925205e-01 7.686699295434987755e-01 7.792789422925359144e-01 7.734632415070961109e-01 7.796128758399947234e-01 7.753808361508564007e-01 7.728913089969767780e-01 7.742277035690530163e-01 7.602384104038404367e-01 7.691172240330990117e-01 7.782231285873210114e-01 7.692240570311881243e-01 7.657738199754142716e-01 7.691484703429579683e-01 7.755649109425075682e-01 7.794796123616313244e-01 7.758595198649541613e-01 7.751352797215322887e-01 7.827001788870850962e-01 7.772649161602522838e-01 7.819908449630871283e-01 7.787808438862848792e-01 7.755850108105106777e-01 7.873096080352078863e-01 7.822820909722808524e-01 7.824452947957130089e-01 7.740981520096830160e-01 7.813490785074992395e-01 7.802273895387021874e-01 7.806580705390545605e-01 7.809911933350919266e-01 7.798526812212036585e-01 7.875262949334161933e-01 7.858686370905464402e-01 7.878563190189479259e-01 7.905152836388338322e-01 7.856361488477495714e-01 7.918817848347216026e-01 7.827566972622946873e-01 7.870504307768573238e-01 7.837429171153145191e-01 7.823317494117233428e-01 7.860105671506274483e-01 7.810533695926691333e-01 7.842477446474385161e-01 7.870901917930995806e-01 7.895079290090746271e-01 7.814948460043722456e-01 7.811917316210184037e-01 7.852267162417392310e-01 7.769947044192625496e-01 7.804523068704489752e-01
9.308527974945056405e-02 1.675784201267379037e-01 3.500793821307700004e-01 5.786721340931550994e-01 4.257906105131902263e-01 4.576218497879940283e-01 7.147042259754070592e-01 6.855564905575016743e-01 1.000000000000000000e+00 7.453967664725125175e-01 7.960868462768685427e-01 8.391232870585512149e-01 7.548917243655349774e-01 6.542995663783741644e-01 8.457188644244367781e-01 8.274784865178352877e-01 8.100761378259883072e-01 7.189351022212689957e-01 7.813549355268183394e-01 6.519709752911776457e-01 7.191205052490202698e-01 8.216758914923513180e-01 7.743465085434303452e-01 7.068266143089305675e-01 7.940970889329703741e-01 8.488985494224408068e-01 8.313621292112061134e-01 8.073356309357131444e-01 7.886778267392858810e-01 8.537626293774952524e-01 8.622882924352124334e-01 8.290989478578645322e-01 7.588115697768875734e-01 8.209294293589727287e-01 8.116624985856614183e-01 7.996215313285918169e-01 8.506370804535062780e-01 8.280525645710367089e-01 8.502762196555730956e-01 7.840043254976430953e-01 8.501803228768004539e-01 8.476966291896073091e-01 8.225965263733898691e-01 8.717159527333792068e-01 8.519641014155943104e-01 8.526308455494011618e-01 8.764783166078452536e-01 8.817098097009643531e-01 8.733958729110040675e-01 8.425736887666919195e-01 8.505770757014874395e-01 8.428808114094737958e-01 8.623940477323226439e-01 8.797070117052663285e-01 8.689793975334380027e-01 8.623273034218026378e-01 8.677728154042180231e-01 8.724280893385836233e-01 8.602694733166856844e-01 8.842707753459240205e-01 8.786751924319406992e-01 8.732984006843752534e-01 8.624011319277520293e-01 8.742431378756430060e-01 8.884323698353793208e-01 8.835960053366940237e-01 8.828381185417399912e-01 8.725030791805169494e-01 8.710395199899426677e-01 8.663090705065861208e-01 8.678239256026204496e-01 8.794653824889937521e-01 8.505606535624488096e-01 8.609469529174180735e-01 8.796798435432188201e-01 8.744422933532223219e-01 8.643099818100965503e-01 8.681023880281175664e-01 8.689057608159332924e-01 8.767605879453024276e-01 8.730360474652089087e-01 8.816298112020498623e-01 8.743176155966857488e-01 8.665209572650701686e-01 8.585288973133202717e-01 8.646041310344098063e-01 8.694300582139560252e-01 8.681841232687977916e-01 8.720883540783284094e-01 8.705675674658406304e-01 8.567854767757581147e-01 8.745235697950195508e-01 8.707260463292275654e-01 8.731955919989724535e-01 8.786778109159897321e-01 8.807507423199899543e-01 8.596658558274788975e-01 8.699574151915985265e-01 8.742975228185649872e-01 8.681260646742836595e-01 8.654099098874935558e-01 8.719357510613309215e-01 8.795038675011389584e-01 8.775841770649548401e-01 8.776351736884825394e-01 8.753450652547771771e-01 8.807075058062794337e-01 8.824258294850361173e-01 8.774326319580963984e-01 8.798921066229659083e-01 8.711284524682926245e-01 8.854391283458323825e-01 8.765770616969359441e-01 8.817822400493270374e-01 8.884649759685179227e-01 8.878671293887595573e-01
2.232782743525720329e-02 1.834606262748606775e-01 3.109649202377837707e-01 5.514342529999601838e-01 4.093560928489655693e-01 4.106658857953953135e-01 6.818129332964228961e-01 6.351435809131410481e-01 7.453967664725125175e-01 1.000000000000000000e+00 7.370041323157707769e-01 7.804482318261213303e-01 7.072424576693411291e-01 6.211472878672144038e-01 7.871301464048178209e-01 7.696586427101402839e-01 7.353034177194490706e-01 6.784779772110246521e-01 7.332472407494665667e-01 6.101020629539797291e-01 6.549227072414718354e-01 7.593900248978144862e-01 7.407455120763838385e-01 6.766971651002072763e-01 7.461319390298128962e-01 7.897708182788335529e-01 7.815570661719947188e-01 7.703444364636130581e-01 7.411203764397255034e-01 7.975933732004932830e-01 8.033044221161907972e-01 7.929979919516096931e-01 7.417920012333315549e-01 7.843096414841576047e-01 7.787807574431798718e-01 7.644858023920342305e-01 7.948668329402402977e-01 7.889685947996297744e-01 8.012036480712941833e-01 7.616976455717842098e-01 7.996260868731777105e-01 7.980956719037256564e-01 7.732989789784961987e-01 8.110308039221988397e-01 8.007293363619625293e-01 8.018471712486381353e-01 8.207180885314666607e-01 8.243439089029163114e-01 8.103606257553456205e-01 7.773697202837148712e-01 7.934988232738807712e-01 7.686487165863974402e-01 7.928538690222383112e-01 8.191669783604168531e-01 8.093848164087330543e-01 8.081348868090475479e-01 7.938715970031448022e-01 8.126656656460289341e-01 8.106707776195066772e-01 8.188279238185652842e-01 8.102593448402430898e-01 8.123455482155992335e-01 7.981752613067787383e-01 8.037613667542761187e-01 8.088371053162206614e-01 8.158183922602306737e-01 8.235480574884515015e-01 8.159682589386564322e-01 8.198378888356750993e-01 8.068469843943613107e-01 8.087351401311715371e-01 8.201437681107501820e-01 8.008696364346927776e-01 8.101256477740197415e-01 8.182277122109661294e-01 8.206001936137847785e-01 8.118969169319234513e-01 8.139004365778422789e-01 8.183251722522583149e-01 8.175884601971079579e-01 8.181059384952715785e-01 8.214375245849934171e-01 8.201517920534199257e-01 8.180321612173379053e-01 8.101748982349183947e-01 8.156382968565849545e-01 8.179131452172182515e-01 8.174133569058024129e-01 8.201532686220535107e-01 8.202031127527025234e-01 8.141935337450144639e-01 8.196383788727689135e-01 8.173412570182871928e-01 8.212941766880144101e-01 8.223724569351795743e-01 8.228482479546614936e-01 8.038817838805610849e-01 7.995059559187279730e-01 8.128249706377994599e-01 8.126014842471119826e-01 8.116042775029649325e-01 8.095374820143418360e-01 8.160625842191663315e-01 8.184019896325319676e-01 8.146648169331850431e-01 8.108416356119600987e-01 8.194637345181510213e-01 8.243053902659284171e-01 8.197485909919810521e-01 8.216428222588112451e-01 8.201863167236392860e-01 8.233849212479539270e-01 8.203759005139144023e-01 8.162839932216288119e-01 8.201506105793642254e-01 8.185322738999422088e-01
3.909070588883739247e-03 1.583693671493207056e-01 3.566448058416154532e-01 5.974254665345364312e-01 4.250067980557437619e-01 4.615085442857326248e-01 7.550138324257277267e-01 7.154185055787583014e-01 7.960868462768685427e-01 7.370041323157707769e-01 1.000000000000000000e+00 8.588662646517413179e-01 7.661064289654796466e-01 6.692253238137660931e-01 8.624375222057393264e-01 8.465344889177871535e-01 7.833018853472444309e-01 7.338575629204854289e-01 7.993731951812510506e-01 6.630625321337133560e-01 7.241438364700678587e-01 8.230187906935761966e-01 7.879797057213173694e-01 7.292236183377677206e-01 8.161246807959171568e-01 8.585742307310849641e-01 8.481665935218533070e-01 8.430043494060112108e-01 8.142898038152593942e-01 8.646266254752296154e-01 8.857293323947704744e-01 8.534334076807348346e-01 8.128188690020623497e-01 8.522041012171646113e-01 8.535962234289167228e-01 8.424186868280794105e-01 8.736196092828651949e-01 8.666780537800018447e-01 8.782827095470179257e-01 8.396789975274308038e-01 8.749850756140288288e-01 8.780876354103686054e-01 8.629425861058894753e-01 8.868014520021741953e-01 8.801132606225299249e-01 8.803297105381044929e-01 8.861553004045803483e-01 8.900432093954009360e-01 8.845078597695150702e-01 8.617894607515491634e-01 8.744288120891621219e-01 8.465801528909010498e-01 8.741122057295031000e-01 8.862941777530943810e-01 8.820762781135458308e-01 8.769380805005029256e-01 8.706219509879781215e-01 8.875343135978536191e-01 8.855071946678495509e-01 8.870357023646474603e-01 8.872772068697891701e-01 8.840313548031493163e-01 8.781152889999275235e-01 8.798539416732776841e-01 8.740220902291587768e-01 8.812543260199952044e-01 8.892795728520584975e-01 8.846518301727743783e-01 8.886205115818609501e-01 8.779257825388632197e-01 8.828082303387850827e-01 8.903721047045566328e-01 8.662758606261200534e-01 8.779544427308787480e-01 8.917903913645930380e-01 8.903064977309301797e-01 8.873621183593030093e-01 8.855366846799479497e-01 8.904686439865769909e-01 8.932491309237066135e-01 8.927957032671478554e-01 8.930996848086796280e-01 8.868565003668162916e-01 8.920303602297100509e-01 8.841103795971833046e-01 8.861499489749739000e-01 8.916702348948923884e-01 8.910061848791009931e-01 8.931650403052073806e-01 8.893774061687957921e-01 8.898108042530497030e-01 8.923735240594268259e-01 8.913212428137584631e-01 8.946522244877613828e-01 8.932549764345418808e-01 8.939069769718048786e-01 8.852258761977821466e-01 8.773749643126990128e-01 8.891786344037281298e-01 8.867369480414120098e-01 8.912113708283456726e-01 8.893853675097848077e-01 8.912185343649710045e-01 8.930540700709871382e-01 8.897305316404382491e-01 8.834350754828512731e-01 8.923807207019003318e-01 8.925875189829680645e-01 8.926623559285505882e-01 8.903329328080868965e-01 8.892875777379748437e-01 8.914251847705705334e-01 8.920744911966066448e-01 8.917016572003373387e-01 8.884986010563392655e-01 8.894117508166811126e-01
9.004183766703062822e-03 1.681717090268418924e-01 3.615005863815415332e-01 6.434067148045689022e-01 4.634788148260138296e-01 4.999047017353567823e-01 7.972439010733242126e-01 7.493305537975327724e-01 8.391232870585512149e-01 7.804482318261213303e-01 8.588662646517413179e-01 1.000000000000000000e+00 8.038250567700948590e-01 7.109571027715604341e-01 9.088100812529895656e-01 8.950608234979287037e-01 8.282215388606428697e-01 7.698862079874716491e-01 8.419613743464517963e-01 6.950163739508989913e-01 7.735503951730379191e-01 8.672512843885369360e-01 8.288021329296668682e-01 7.645894137591258133e-01 8.519316118173655417e-01 9.046710516033777960e-01 8.954201245877735360e-01 8.833555696005158664e-01 8.563850964782261377e-01 9.086637195199920303e-01 9.247697227345936799e-01 8.994447561705511962e-01 8.466623265021431255e-01 8.901814378668467809e-01 8.844885109411045887e-01 8.762718327801983786e-01 9.125418525352875232e-01 9.131196854319381107e-01 9.220235829134841854e-01 8.818680694563775235e-01 9.158085197130707567e-01 9.213989670749923588e-01 9.074532839980919974e-01 9.350253578426841461e-01 9.226621339178820991e-01 9.221066882313316837e-01 9.341480978498473142e-01 9.382612809778823060e-01 9.340118857903598748e-01 9.106821697459782650e-01 9.250710789419500646e-01 8.906434277147821099e-01 9.192190364158924210e-01 9.319866422641494008e-01 9.299084673580331195e-01 9.231964505406204946e-01 9.170444702334801246e-01 9.346477605337166761e-01 9.344378331263430981e-01 9.366898798391417591e-01 9.360478739340009069e-01 9.309338565233008511e-01 9.258679460360365043e-01 9.296035180170779677e-01 9.235832706357868238e-01 9.303777897727488755e-01 9.376299496308354575e-01 9.323817128217003480e-01 9.355287758517808472e-01 9.245130483308984237e-01 9.303814051281085185e-01 9.367433247134210328e-01 9.121052439583685612e-01 9.268127985293470594e-01 9.379353903111542490e-01 9.352060211844213100e-01 9.315139341179586863e-01 9.319531540785988000e-01 9.350686908937652086e-01 9.360926348829020638e-01 9.370440582399885976e-01 9.389658044378063062e-01 9.358346617052992755e-01 9.340387948434945020e-01 9.300158948408866477e-01 9.311314482489257971e-01 9.357591164510550286e-01 9.380286177973875539e-01 9.383544801144931835e-01 9.360667559905987423e-01 9.324476012144979897e-01 9.396963022283888467e-01 9.382907963285647135e-01 9.402659789586963468e-01 9.399901845447616866e-01 9.404657941213085959e-01 9.314337601930986477e-01 9.247938972625587839e-01 9.365302668796789964e-01 9.364038584787900410e-01 9.361870861713612602e-01 9.353158301597469526e-01 9.386887654268126768e-01 9.411821746955235657e-01 9.377434654195937469e-01 9.319540885196774260e-01 9.402790445631812322e-01 9.401685159361106159e-01 9.396831616033809453e-01 9.399787205737539786e-01 9.389886433519005760e-01 9.401155486676819883e-01 9.390089672659712727e-01 9.392622101676878499e-01 9.353208369700467539e-01 9.391638962238082478e-01
1.203324470068046353e-02 1.376224472762034301e-01 3.107012426189704191e-01 5.599833921848841323e-01 4.218139253917165821e-01 4.570830469539831076e-01 7.118416860095920784e-01 6.817492268215905593e-01 7.548917243655349774e-01 7.072424576693411291e-01 7.661064289654796466e-01 8.038250567700948590e-01 1.000000000000000000e+00 6.395589946826945038e-01 8.207313534959417289e-01 8.091935556039314692e-01 7.421003623209716515e-01 7.031249975989877221e-01 7.594655685448433724e-01 6.372875164181087682e-01 6.850441068890794627e-01 7.830939408096533327e-01 7.421987255680808637e-01 6.962772205105155487e-01 7.780571936604844252e-01 8.151796806360698255e-01 7.988018862012470356e-01 7.895768563238714233e-01 7.552948745136334185e-01 8.175104707189165820e-01 8.270612694231987971e-01 8.099951914415800536e-01 7.633794386850456526e-01 8.061011773914098510e-01 7.971369677638705520e-01 7.929279620537054152e-01 8.243105052723290749e-01 8.146456234164782817e-01 8.309687927902409399e-01 7.846181804872724985e-01 8.265613457178609957e-01 8.292089642629848489e-01 8.139228681314381042e-01 8.434305670176797110e-01 8.301524954478398666e-01 8.331116040243214949e-01 8.465922008424399126e-01 8.476614685582269937e-01 8.365659538203193968e-01 8.128497625071314792e-01 8.295409061586098698e-01 8.043650787523839440e-01 8.330673678926781012e-01 8.387489630082846093e-01 8.325912573804472583e-01 8.209363598651665539e-01 8.166563505476001072e-01 8.398576805637543163e-01 8.313125326533462589e-01 8.461993184434678517e-01 8.463699486969764596e-01 8.337760571676101629e-01 8.242863866134515494e-01 8.360632336341868864e-01 8.301685998799892552e-01 8.323716387177916287e-01 8.454673879924802238e-01 8.443629709533565508e-01 8.460139329153447685e-01 8.374587089061378276e-01 8.403938973038576066e-01 8.472590092475845713e-01 8.276008159453662749e-01 8.374163895790753820e-01 8.483375701428195192e-01 8.432416207788671070e-01 8.381925883199727867e-01 8.358718479324399597e-01 8.410424407898338117e-01 8.453002149662854903e-01 8.459988192128167217e-01 8.470321963800960807e-01 8.417871214286845039e-01 8.436123488620386190e-01 8.385929289948423904e-01 8.422824718214018125e-01 8.434033269831909818e-01 8.454950859458563173e-01 8.478469534954852227e-01 8.443420354935993188e-01 8.408496833015132177e-01 8.486421161165138560e-01 8.459145812443056300e-01 8.468228615659437741e-01 8.498288446542230368e-01 8.493332715786440223e-01 8.388094741446652236e-01 8.301164656785050555e-01 8.468675226891496655e-01 8.437890116154761477e-01 8.481752784340933493e-01 8.404437082309134111e-01 8.478418519327499681e-01 8.511098049959846534e-01 8.451316412434948244e-01 8.363512576460048198e-01 8.470912369247022289e-01 8.491779228912632593e-01 8.476687507086394513e-01 8.491314506427077857e-01 8.443286586440696961e-01 8.500445502942456377e-01 8.458253340583620217e-01 8.473328718774859603e-01 8.464359580195985888e-01 8.475086908570024224e-01
