1.000000000000000000e+00 2.072489985377660715e-01 1.031589818326989066e-01 7.771565738955615865e-02 5.960387350949903490e-02 4.557476938115961884e-02 5.670337973324730829e-02 -3.973652435803289550e-03 1.693900754352288263e-01 8.618219870472021427e-02 6.337412032588253530e-02 4.349897238555719414e-02 1.470994365189372960e-02 1.044841284103833253e-03 2.765055084133177798e-02 -6.926238552684931167e-03 7.187542236942855156e-02 9.380455918891246470e-02 8.986559701857849136e-02 2.878099894347679877e-02 4.650631394498558335e-02 9.587094952076818943e-02 2.459480346589234742e-02 1.055110640945891576e-01 1.208938789633696997e-01 8.429385653698263925e-02 7.305462803017430395e-02 5.765567476236817951e-02 1.129361245563076793e-01 8.677739587414182165e-02 3.882525745993011673e-02 4.959442802844776788e-02 4.233026482441404337e-02 7.603557356044805815e-02 3.804426919278948438e-02 2.664569691967336607e-03 1.992578626765202643e-02 3.452456388309128876e-02 1.510439838915172278e-02 -9.943279908411749649e-03 2.985771149702406979e-02 -5.453688210444734494e-03 -2.815939262628214604e-02 1.377135254648001808e-02 -1.733020048922092335e-03 1.199473196240573867e-03 9.404665182212754854e-03 2.252789665180682244e-02 3.105152715467867849e-02 7.127460885026387638e-02 9.116837302461242715e-03 4.033187936224718467e-02 4.567287106585744827e-02 3.884374208348782831e-02 3.058183403113498219e-02 1.769444781822503837e-02 5.089317818395776294e-02 1.420571724844799663e-03 1.495310171991897155e-02 4.128117909241459799e-02 1.163166217986236553e-02 2.659678699532554494e-02 1.087227633471153296e-02 4.726525800792880788e-02 5.858913639431236053e-02 6.368209157440189727e-02 3.373507977970557209e-02 2.896021577440109629e-02 3.691924690709700446e-02 2.414009135896423575e-02 2.268219786087336681e-02 3.471835513863095329e-02 4.656069459644998632e-02 4.834915748418288500e-02 4.410761370046821506e-02 2.321509530895475223e-02 2.346880796267529143e-02 6.674293447715952399e-02 3.867661183396740865e-02 2.348960348093181646e-02 2.435061354053718111e-02 1.385853479981310338e-02 3.995973631500887580e-02 2.073842905739790854e-02 2.750043219516791829e-02 3.330242308119087807e-02 -7.422310239979986943e-03 1.968032347276534380e-02 5.255884701531635464e-03 1.462863834456792043e-02 3.161596980630292271e-03 8.024737688220930434e-03 1.089118087317210784e-02 -3.024454633066843510e-03 1.159589310332046451e-02 1.309086355275141875e-02 8.221610454137114055e-03 7.145722951640001708e-02 1.790145586253625437e-02 2.226848819541043731e-02 -1.321183361760732561e-02 6.579746620792150356e-03 2.040757459923904851e-02 5.123644913366400856e-03 2.901728322245229058e-02 2.782536635116723486e-02 3.235297199205969254e-02 1.739956055299869686e-02 1.526289009255103399e-02 1.021904884142226487e-02 1.360205939916929192e-03 2.255611470654059203e-02 7.656580720681988549e-03 3.104815831466824910e-02 3.396045151521050187e-02 3.271253735132122198e-02
2.072489985377660715e-01 1.000000000000000000e+00 1.047085850870475010e-01 1.368434423630837116e-01 8.937708910272973428e-02 6.601499254305540076e-02 1.426077150307691610e-01 1.001644792654464294e-01 2.184961880491737563e-01 2.080663158955843584e-01 1.628979588287158831e-01 1.629181095282634661e-01 1.122795771894462141e-01 7.437200407080857278e-02 1.427304391053781096e-01 1.127402954774395782e-01 1.618104180222721955e-01 1.998817498208921295e-01 1.951388795200150739e-01 1.190414650977510425e-01 1.123658871992930242e-01 1.717737882144588502e-01 1.510921265928144575e-01 2.226533301881181148e-01 2.042750726525095206e-01 1.858669053411454164e-01 1.949043926843955776e-01 1.790328247691670427e-01 2.401005511525830527e-01 2.373992929483917103e-01 1.860053301441641216e-01 1.901051608989327846e-01 1.773207888043263070e-01 2.027816847533356059e-01 1.758751334702262359e-01 1.216406536868806232e-01 1.559599013123761924e-01 1.751363861172009206e-01 1.653910065379864958e-01 1.420946780506263385e-01 1.545463178944868066e-01 1.423360724568840663e-01 1.068621233623928829e-01 1.453433789439285695e-01 1.343063955984671598e-01 1.615971626910408521e-01 1.402235489152266479e-01 1.532196487472564650e-01 1.439192065957736744e-01 1.539975843648225817e-01 1.403241333596307316e-01 1.039890276743012654e-01 1.314018137113540652e-01 1.652243495404650542e-01 1.659572595349060598e-01 1.588855321857056691e-01 1.559352431437788511e-01 1.488927111521382851e-01 1.552318653147183869e-01 1.555858574561401475e-01 1.288059330245337197e-01 1.561495466939004095e-01 1.460867384447513129e-01 1.512238940174827906e-01 1.660121031348352483e-01 1.633946829175960402e-01 1.556249963849895279e-01 1.592900214174744478e-01 1.714363151315234091e-01 1.463367376694397204e-01 1.430277186492104891e-01 1.621407255950074733e-01 1.781617012414615508e-01 1.745601777719904824e-01 1.617111576746661505e-01 1.499302970835383331e-01 1.553965671222421741e-01 1.955603779570035949e-01 1.722027051995791980e-01 1.614686828079880399e-01 1.601839231464456947e-01 1.558336117945378629e-01 1.611598877168876898e-01 1.615375699587923986e-01 1.533685513767260034e-01 1.683309542743492426e-01 1.327067786486154921e-01 1.533172561160141278e-01 1.471754464972802601e-01 1.514446107264596775e-01 1.426107438726996191e-01 1.421730749094977653e-01 1.486134222020306650e-01 1.378165807346958815e-01 1.404852783089254598e-01 1.472605023177789019e-01 1.160306093699869368e-01 1.459463757931491745e-01 1.350430200277306092e-01 1.413811780841958132e-01 1.208160798923411938e-01 1.296727960355562870e-01 1.260465063558313670e-01 1.321760108345316209e-01 1.298065155752676503e-01 1.354519940493402463e-01 1.493006392349279510e-01 1.485653704583590196e-01 1.483669009348050349e-01 1.394413116885845627e-01 1.406868633662183288e-01 1.453677600250108948e-01 1.425781362298678412e-01 1.450505778480405683e-01 1.394400491476854853e-01 1.478233896681570292e-01
1.031589818326989066e-01 1.047085850870475010e-01 1.000000000000000000e+00 3.608933900605149070e-01 2.037610121410780850e-01 2.264618679010939606e-01 3.297063927318596432e-01 2.717590050478552732e-01 3.092423826867483072e-01 2.555006485304379127e-01 2.818864012055825596e-01 3.409672611636132000e-01 2.656887282386526383e-01 2.385840544150440168e-01 3.219739154148544835e-01 2.942068002487823741e-01 2.873428762791753743e-01 3.494833178661143069e-01 3.226789408145864235e-01 2.804540935338825092e-01 3.512612269170191648e-01 3.568757717168394850e-01 3.584638168926011503e-01 3.440638668514021115e-01 3.371277172467558314e-01 3.774435996753414679e-01 3.461468739452410737e-01 3.777436161531821379e-01 3.158920457544592275e-01 3.530599508794431407e-01 3.433905682561391171e-01 3.389523063766573530e-01 3.738220217101095311e-01 3.727184155431810808e-01 3.706162142916611946e-01 3.586197860532860382e-01 3.754391045502222801e-01 3.433543293795093265e-01 3.548807666345679124e-01 3.601512751072123986e-01 3.185783855803103748e-01 3.287081601642785067e-01 3.317734438312699985e-01 3.439341956970272118e-01 3.423470464162264304e-01 3.392021394231858888e-01 2.851505857873559702e-01 2.896698409222466797e-01 2.896830454852991066e-01 3.258963201337969906e-01 3.162692944935596162e-01 3.093989875993690131e-01 3.007382127560176976e-01 2.941569694926937650e-01 3.009852716989648291e-01 3.155805090760788190e-01 3.132372330887359113e-01 2.950092254582143969e-01 2.953835219508875176e-01 2.972435623554797179e-01 2.979175280955217997e-01 3.042814087041743609e-01 3.051558865499357509e-01 3.109334856148640580e-01 3.035983781882398147e-01 2.944439969712691618e-01 2.940167443471646824e-01 2.996497255831647166e-01 3.203265133417820265e-01 3.048744453140120325e-01 3.201748512773684441e-01 3.111592913163442886e-01 3.208571244652100307e-01 3.227499884737132230e-01 3.270526447888711941e-01 3.277350177336291193e-01 3.321908188185235811e-01 3.157371124421216035e-01 3.321798847043227476e-01 3.326796177803352239e-01 3.385158889206571486e-01 3.232927869000932763e-01 3.159491534270104651e-01 3.300778521881981842e-01 3.247790709721437019e-01 3.313427908614420825e-01 3.336234833208319706e-01 3.109561343536570988e-01 3.172773910191337143e-01 3.124880673949365639e-01 3.268090018452653456e-01 3.056597015899269465e-01 3.140928931527631196e-01 3.162500395605876147e-01 2.793633664705782449e-01 2.843644510651462398e-01 3.075673411952461467e-01 2.982326449067025931e-01 2.879149083951236809e-01 2.990319669122974977e-01 3.077209940476755556e-01 3.012699494305416947e-01 2.913402754726434618e-01 2.991817831397013405e-01 3.105611460110055400e-01 2.982735241712449192e-01 2.883597342142690256e-01 2.917267639737463614e-01 3.009794203373815646e-01 2.897461096701302030e-01 2.926375304735046035e-01 2.885480965893240102e-01 2.920905785578666314e-01 2.985445716424688367e-01 2.976336789300089714e-01 2.886841287858876726e-01
7.771565738955615865e-02 1.368434423630837116e-01 3.608933900605149070e-01 1.000000000000000000e+00 2.943477436719236229e-01 3.067129158438523517e-01 5.113633348172398341e-01 4.149546699005790540e-01 5.073784559639031855e-01 4.373681110980489062e-01 5.006031126895037486e-01 5.576801726202247345e-01 4.433177384824254497e-01 4.080966821293917635e-01 5.411449990062834337e-01 5.121073271936961158e-01 4.814082278179555030e-01 5.307514690164447657e-01 5.135748377782997087e-01 4.764599612449791355e-01 5.515882931845667025e-01 5.458911487785451655e-01 5.462385463804156904e-01 5.192625661761379741e-01 5.176958833635079138e-01 5.603784364106816351e-01 5.385664127723265304e-01 5.472526989326808033e-01 4.666148076811816314e-01 5.394106221546759450e-01 5.613350537690753317e-01 5.597844051477723903e-01 5.601326021868425764e-01 5.635498669595254695e-01 5.559562944258510386e-01 5.615355499478712487e-01 5.743344813638507906e-01 5.592649833562030048e-01 5.704168873274584328e-01 5.674755410281669965e-01 5.454760993304856864e-01 5.428579971241614954e-01 5.495108444871439346e-01 5.679746512898988797e-01 5.631340451756454701e-01 5.462822697328736377e-01 5.193597688579576488e-01 5.142501724660420992e-01 5.274358033532046131e-01 5.581036414184019634e-01 5.457671884555513886e-01 5.437559570624646010e-01 5.370322158302579529e-01 5.183782417150387678e-01 5.256258217183742421e-01 5.377055928685149366e-01 5.475134493906511635e-01 5.206542988488134238e-01 5.238032111526005341e-01 5.323627275964228911e-01 5.369408589038109358e-01 5.344916505243606508e-01 5.322066892827898021e-01 5.455382026440068755e-01 5.434599861737697823e-01 5.340794456252997424e-01 5.277567654280761467e-01 5.302531863666767320e-01 5.557115444173029717e-01 5.481751798744972648e-01 5.511666025654065049e-01 5.402656760338729880e-01 5.505826052550399918e-01 5.429459565328950132e-01 5.495085902657812493e-01 5.484629815833327315e-01 5.459288990766965055e-01 5.185676648059073246e-01 5.439293582328841303e-01 5.501415907707434272e-01 5.638516936556617898e-01 5.551102320857050909e-01 5.496582608003930392e-01 5.499366488091614880e-01 5.603843240056157748e-01 5.589076728139071859e-01 5.568241174839767549e-01 5.462976820011167245e-01 5.492713004313835023e-01 5.393306875734128480e-01 5.554878110101977295e-01 5.336547390324685169e-01 5.448628439325639006e-01 5.431433758003445522e-01 5.147538942266106643e-01 5.172930351379771974e-01 5.435524446351310823e-01 5.392226998165622343e-01 5.300593179597746785e-01 5.390748892152603666e-01 5.400934660878028426e-01 5.330862766950522635e-01 5.337557996775762481e-01 5.365541136465825645e-01 5.480771298948686754e-01 5.313851335903272410e-01 5.270088364966022398e-01 5.231953194994241052e-01 5.302527546899366007e-01 5.238464139502795325e-01 5.213332328524544756e-01 5.248458189415312614e-01 5.216911348215830246e-01 5.341791603716665726e-01 5.363964456937279079e-01 5.273344378226457740e-01
5.960387350949903490e-02 8.937708910272973428e-02 2.037610121410780850e-01 2.943477436719236229e-01 1.000000000000000000e+00 2.615672663727743319e-01 3.788290247811156863e-01 3.606359895522078252e-01 4.106628332181824770e-01 3.122308412950824952e-01 3.891687141726632992e-01 4.267985000409212915e-01 3.792129568510227977e-01 3.026812118699021004e-01 4.201456190175424932e-01 4.092825464729672458e-01 3.948606289009731207e-01 3.889545541205192136e-01 3.995376770158511892e-01 3.905889518345693201e-01 4.233004216154780952e-01 4.266107830201606999e-01 3.797898909656404198e-01 3.882306881777333185e-01 3.934254911581657188e-01 4.270477939767400311e-01 4.210062244986841340e-01 4.001725214755608162e-01 3.593372021662106786e-01 3.870474336992368314e-01 4.094206739942279905e-01 4.139426358091291003e-01 3.519976583961538230e-01 3.792589752318348273e-01 3.605764520223433967e-01 4.034435823735094129e-01 3.953583381050034817e-01 4.179163448717373441e-01 3.955850252445143322e-01 4.036293247115626537e-01 4.196543416116045311e-01 4.098230513468110181e-01 4.212258027296938989e-01 4.322395491051105321e-01 4.017649065924918661e-01 4.187740573673033317e-01 4.098689687113175051e-01 4.021206980241811557e-01 4.159618689642470279e-01 4.180048892600116139e-01 4.209149560872041396e-01 4.022954642644377965e-01 4.246920386718548435e-01 4.111285595328966758e-01 4.076647998136329609e-01 4.153707989740658690e-01 4.252742035694361267e-01 4.026502662925935949e-01 4.082187878477578913e-01 4.307644847843335456e-01 4.239138078120522346e-01 4.207389971358505010e-01 4.198669348873115270e-01 4.298438180203141834e-01 4.252860335487556598e-01 4.318305705000072825e-01 4.160773088242264994e-01 4.166873617833660726e-01 4.281767170229038300e-01 4.395613003652605877e-01 4.335063507211458500e-01 4.218060767911265829e-01 4.308855230185426599e-01 4.248536861495191830e-01 4.285118748981958658e-01 4.215257961199153081e-01 4.192354510270022150e-01 4.104928380644877195e-01 4.197064572053171849e-01 4.114229238400758382e-01 4.186474468084434020e-01 4.176387312057733836e-01 4.280090504256415795e-01 4.013170439909412024e-01 4.144628982649236071e-01 4.133215235157642331e-01 4.080074568329025153e-01 4.182166989511304500e-01 4.115534104458910547e-01 4.219586350690173182e-01 4.133546305524259390e-01 4.171135610500027457e-01 4.153639177801574656e-01 4.179395773757574872e-01 4.096301438436880105e-01 4.085829238513581374e-01 4.200567599668430518e-01 4.334271163496442592e-01 4.238448367454838439e-01 4.223255514759677309e-01 4.181911711752638316e-01 4.216629725567270226e-01 4.182172274134472456e-01 4.239591964702486004e-01 4.288093428996661571e-01 4.214010532072377524e-01 4.177005365888399879e-01 4.114833486764327142e-01 4.191652491121657942e-01 4.163540549805477831e-01 4.109669628016927034e-01 4.216075079577587537e-01 4.135842122371355956e-01 4.257887066340554361e-01 4.181216060307160198e-01 4.238420143710919796e-01
4.557476938115961884e-02 6.601499254305540076e-02 2.264618679010939606e-01 3.067129158438523517e-01 2.615672663727743319e-01 1.000000000000000000e+00 4.722229316115040820e-01 3.921674804191436770e-01 4.383855774916868286e-01 3.934494911448670473e-01 4.291530864023007652e-01 4.814207254441083550e-01 4.009265206927866698e-01 3.717689862629703357e-01 4.824765502438940201e-01 4.639001975923512378e-01 4.264460095385905203e-01 4.274255999270920037e-01 4.421494013984186289e-01 4.015349468873867234e-01 4.578228001670562874e-01 4.692365272798211806e-01 4.522753319062745581e-01 4.249910767741048034e-01 4.245952140147219445e-01 4.826612594056816641e-01 4.747586891796656827e-01 4.856712354486386052e-01 4.214594732468326388e-01 4.423737677561957460e-01 4.794752374924274307e-01 4.891595710160793198e-01 4.543220718993872254e-01 4.615056473862842457e-01 4.609908415559642592e-01 4.710148685835736648e-01 4.866190469607846181e-01 4.962327311416159792e-01 4.903425963503462159e-01 4.955591761077328683e-01 4.994218218563221678e-01 5.017580453305009458e-01 4.984566066929391748e-01 5.104943755499931068e-01 4.917550171403379800e-01 5.047020692408419329e-01 4.878894153811714762e-01 4.869338668663567016e-01 4.853050620431964557e-01 4.815177979342681880e-01 5.000757597758965778e-01 4.761866132098667714e-01 4.877880028405345292e-01 4.856109402785886986e-01 4.823034748413204120e-01 4.897770020053774931e-01 4.799477309580966189e-01 4.871810495772331828e-01 4.866952636804181553e-01 4.925254747960980950e-01 4.904957839452868118e-01 4.863051330534241545e-01 4.856887170777901552e-01 4.917896973860818588e-01 4.882557309369928156e-01 4.799757022986926858e-01 4.933311877803077117e-01 4.901988386200599179e-01 5.006561532715030349e-01 5.021818820297448971e-01 5.063727079139147547e-01 4.995318511328875610e-01 4.950985518934679641e-01 4.937045713968916116e-01 5.046505333579236474e-01 5.068363526025150279e-01 5.065509124747649139e-01 4.861946802745990004e-01 5.048297895274349578e-01 5.022365507079181723e-01 5.027102942254573215e-01 5.008038189428326570e-01 5.001003118133040548e-01 4.959259919565372488e-01 4.993956511427352085e-01 4.963429932854421245e-01 5.010754014419083191e-01 5.031144905139819379e-01 4.998295045970048145e-01 4.992261227297952186e-01 5.048848705031742101e-01 5.034088353719918807e-01 4.993512729883319845e-01 5.036382759289641520e-01 4.896584648790497374e-01 4.920400359493776743e-01 4.991535279552627435e-01 4.952156371053957895e-01 4.950969791997145708e-01 5.006828610959378478e-01 5.024240359507199383e-01 4.999929714784795975e-01 4.966028826135194252e-01 5.020376144148838149e-01 5.034163226455984352e-01 4.919624722461906630e-01 4.927675404806302617e-01 4.954009378839347444e-01 4.983366359359622244e-01 4.955451429033653765e-01 4.967489006150174746e-01 4.924225830820956884e-01 4.923127412549779258e-01 4.970664815345428589e-01 4.967416923139668095e-01 4.919845686137210294e-01
5.670337973324730829e-02 1.426077150307691610e-01 3.297063927318596432e-01 5.113633348172398341e-01 3.788290247811156863e-01 4.722229316115040820e-01 1.000000000000000000e+00 5.917024629112538348e-01 6.456614065586040452e-01 5.754276973348877444e-01 6.661571987174806919e-01 7.396028723213791123e-01 6.149745537405092444e-01 5.551321373999417164e-01 7.576575895081867351e-01 7.042249034264043139e-01 6.484946690136944580e-01 7.067962807393673996e-01 6.926971309768794605e-01 6.402959026650475449e-01 7.319139811289713249e-01 7.466655213284045800e-01 7.198608267894145429e-01 6.900860115362988934e-01 6.721781549706096204e-01 7.677981848821903155e-01 7.390725149333789989e-01 7.678164798078662701e-01 6.655831514082417577e-01 6.988282645265447846e-01 7.375709871743698631e-01 7.367597457357152324e-01 6.989729789685047434e-01 6.914055544865506109e-01 6.955846195992322345e-01 7.287200172206121929e-01 7.560992341820367280e-01 7.319424995472609830e-01 7.461131559125724344e-01 7.717314135735896530e-01 7.491663073123893124e-01 7.464634123061594240e-01 7.476628002100575987e-01 7.708221106124151234e-01 7.656605692447775446e-01 7.601271965304678968e-01 7.155379704816018371e-01 7.144543031441121794e-01 7.057187368886910228e-01 6.752029962286159037e-01 7.208237306676513745e-01 7.054869687705208614e-01 7.319901362704270831e-01 7.247503502882999271e-01 7.252627873694270644e-01 7.437951538082553382e-01 7.398588799708963881e-01 7.252290125691519540e-01 7.133282599034412863e-01 7.359451990310554859e-01 7.259564776694807930e-01 7.317282759771219780e-01 7.332247292859119803e-01 7.250740894490993460e-01 7.270887823317264687e-01 7.321702610969791358e-01 7.231220489636206450e-01 7.278478401772088269e-01 7.445577313198650238e-01 7.515293729606742357e-01 7.533566707104186744e-01 7.406031694632595475e-01 7.509640460426245667e-01 7.400245955591746583e-01 7.548944306520327663e-01 7.563112204521246218e-01 7.602758269305940342e-01 7.311474273213085517e-01 7.532236944720110960e-01 7.342531408774125579e-01 7.521131279761693600e-01 7.410426865159366328e-01 7.520448987142845931e-01 7.303517580462383085e-01 7.268882843752764167e-01 7.368657628386103831e-01 7.558875243802669619e-01 7.423272431183937092e-01 7.475910642735366096e-01 7.486838015960862736e-01 7.583615725670428409e-01 7.399214814327766954e-01 7.459738826928421496e-01 7.525133695217419705e-01 7.123582429266746008e-01 7.179792713013325445e-01 7.318046634567075825e-01 7.209428107040879441e-01 7.244807201811189756e-01 7.233781977411859465e-01 7.420376061244323695e-01 7.426729150111506250e-01 7.299625105257010471e-01 7.374723320435804252e-01 7.437997416532398098e-01 7.421114749292496704e-01 7.203030482486924013e-01 7.250496738348245485e-01 7.374415298401442165e-01 7.275576546250580590e-01 7.309110655100574672e-01 7.276217542388877524e-01 7.267677348249242941e-01 7.308997688732533637e-01 7.304491716328798123e-01 7.333442508626598633e-01
-3.973652435803289550e-03 1.001644792654464294e-01 2.717590050478552732e-01 4.149546699005790540e-01 3.606359895522078252e-01 3.921674804191436770e-01 5.917024629112538348e-01 1.000000000000000000e+00 6.162962996022655071e-01 5.636609893515061032e-01 6.268485220798493129e-01 6.780479550357184637e-01 5.904129004446370121e-01 5.270229095480295500e-01 7.046483346868721576e-01 7.007867517613668440e-01 6.269960060230631571e-01 5.912931288407754504e-01 6.209205439581865216e-01 5.255772123120605599e-01 6.052014332662655205e-01 6.339044641399286251e-01 6.310597594980762448e-01 5.506441327226841986e-01 5.506573883560051952e-01 6.584427251467104281e-01 6.578636840521144835e-01 6.594702233287808024e-01 5.504299768588416519e-01 6.202209974719707919e-01 6.731226914537579153e-01 7.067918537398917289e-01 6.404460454905941402e-01 6.551793946177334460e-01 6.605184503297947263e-01 6.683477512165139078e-01 6.821401045777276684e-01 7.055700963652410396e-01 7.058984128377870926e-01 6.951703397294942688e-01 7.117615508449328665e-01 7.092498643105575873e-01 7.071187643420935309e-01 7.237950644253190458e-01 6.977219938751274553e-01 7.121552017623296038e-01 7.094163647299763786e-01 7.093858519961553366e-01 7.162232697819664873e-01 6.801290948254949953e-01 7.197431743968987217e-01 6.523957834547582380e-01 6.835582337680113918e-01 6.995765474217965352e-01 6.939857402239745232e-01 7.060909158504029559e-01 6.853255297408614721e-01 7.056838045762215961e-01 7.062798150506685024e-01 7.078726685228430293e-01 7.171852802919571612e-01 7.023492502081960520e-01 7.007512914539628657e-01 7.075637446266516140e-01 7.016288476457285261e-01 6.936072426027051208e-01 7.136735339139277379e-01 7.029456307494281742e-01 7.133156657315679050e-01 7.031266922242563888e-01 7.115634367496262991e-01 7.088929228229895463e-01 6.964007365050346454e-01 6.855103586377655489e-01 7.168321418833263348e-01 7.206167444328175353e-01 7.164107671036598068e-01 6.783720342033348061e-01 7.063719166108239911e-01 7.063157764401414296e-01 7.128651675058250703e-01 7.177056333964075829e-01 7.181740714429009076e-01 7.163578456337953426e-01 7.204548234064420686e-01 7.201281594449129297e-01 7.189492785904434413e-01 7.249055001471798043e-01 7.228295374077500224e-01 7.161419249936382680e-01 7.217955481961378927e-01 7.221743968721999751e-01 7.215050678022597586e-01 7.270566604145572986e-01 7.164633093868851832e-01 7.160551881833170373e-01 7.142230606730554099e-01 6.995811644257963202e-01 7.178076947047461465e-01 7.224119566328474074e-01 7.263081710808493296e-01 7.193060671994541133e-01 7.095230241646652836e-01 7.239085722626564801e-01 7.169691196504353048e-01 7.034029954962212061e-01 7.138572559266075368e-01 7.166973089936746755e-01 7.166506186056735839e-01 7.179682455390653528e-01 7.194497672531204868e-01 7.160390368323976684e-01 7.158280836629331567e-01 7.198086111973620582e-01 7.139090292466367949e-01 7.072803178385600464e-01
1.693900754352288263e-01 2.184961880491737563e-01 3.092423826867483072e-01 5.073784559639031855e-01 4.106628332181824770e-01 4.383855774916868286e-01 6.456614065586040452e-01 6.162962996022655071e-01 1.000000000000000000e+00 7.063863198442446034e-01 7.364884792469007513e-01 7.736897711217946005e-01 6.935869081864115548e-01 5.861769726101060396e-01 7.963369261905051122e-01 7.698433125526626952e-01 7.688002952571634241e-01 7.165829285087096379e-01 7.558000000474913715e-01 6.020250191920100136e-01 7.015450812365824351e-01 7.882359253158642831e-01 7.122891714573127420e-01 7.069267857540773026e-01 7.116139028060332050e-01 7.985135500599365166e-01 7.848153336450685025e-01 7.693178209529724088e-01 7.214054250686424696e-01 7.390621675404672741e-01 7.640144029083996147e-01 8.234624691103328287e-01 7.280115453704126827e-01 7.505998173162949927e-01 7.482781790382251330e-01 7.201341863463873727e-01 7.547224036731842167e-01 8.063242857537391561e-01 7.819662590143322545e-01 7.632082755740038360e-01 8.304306395627415460e-01 7.987506445048931925e-01 7.543500616532822223e-01 8.114127815201828131e-01 7.865080203035057504e-01 7.889353407537719187e-01 8.284210433845101695e-01 8.362127203564604372e-01 8.337275765410481210e-01 7.930511530664752229e-01 8.124073567645041516e-01 7.655097413574413201e-01 8.209610746488261723e-01 8.360069767928930418e-01 8.217324421562369752e-01 8.144802378488905648e-01 8.252071139556426127e-01 8.203585593648810015e-01 8.178449658600379646e-01 8.458474948241435643e-01 8.263682351134190585e-01 8.266112402325812569e-01 8.102845559584183066e-01 8.320266778370327687e-01 8.423521984803208351e-01 8.445360412793729843e-01 8.386619138947957186e-01 8.326506389413149689e-01 8.416720354120398317e-01 8.217902442809501551e-01 8.315784799040495390e-01 8.388302777010362421e-01 8.343014711250119619e-01 8.266428932386288286e-01 8.441736283102492244e-01 8.313526422544725847e-01 8.274169810713964957e-01 8.305882224289660165e-01 8.300851381454391609e-01 8.100470478278343212e-01 8.243361387494791970e-01 8.223299908782578660e-01 8.387868161028034786e-01 8.187066508695859390e-01 8.227820049544248837e-01 8.267151515805462036e-01 8.035171091389881060e-01 8.334413910961976368e-01 8.196120252313028320e-01 8.271705122046395520e-01 8.166206857714674028e-01 8.282053057633422810e-01 8.258716416795228721e-01 8.208772789113246704e-01 8.316200146980914365e-01 8.321802136492923996e-01 8.089560968140359076e-01 8.418726358974282231e-01 8.330218474957912234e-01 8.323121620373684637e-01 8.131754849362602400e-01 8.267075803846103410e-01 8.281642625832892346e-01 8.282898991215038587e-01 8.315448701524983388e-01 8.290089253383068346e-01 8.414620668306955764e-01 8.343478240270452151e-01 8.330312516683386903e-01 8.311802692226697431e-01 8.238953629950992452e-01 8.397292545221644033e-01 8.269732806180366547e-01 8.393763526119308871e-01 8.369487686699409457e-01 8.431983680685016802e-01
8.618219870472021427e-02 2.080663158955843584e-01 2.555006485304379127e-01 4.373681110980489062e-01 3.122308412950824952e-01 3.934494911448670473e-01 5.754276973348877444e-01 5.636609893515061032e-01 7.063863198442446034e-01 1.000000000000000000e+00 6.671744345387127240e-01 7.101141977306366648e-01 6.299340777383432011e-01 5.659497394599954934e-01 7.258192771244980079e-01 7.004230569492755354e-01 6.896018791151791172e-01 6.559858048901561212e-01 6.875422812104141634e-01 5.494442331508637700e-01 6.052076375367994032e-01 7.009054200148312486e-01 6.630126929557863535e-01 6.508549059721628893e-01 6.516011411715951773e-01 7.227142106456778681e-01 7.264700920311867316e-01 7.100788313619245118e-01 6.735029598101237580e-01 7.076158398678370487e-01 7.283114175925901046e-01 7.730123592473221450e-01 7.049845128187420817e-01 7.125284149645029208e-01 7.254057883254554362e-01 6.631400576924649792e-01 7.217940185754038174e-01 7.535718452017055036e-01 7.463627729014248313e-01 7.088000192007690714e-01 7.686512775619908089e-01 7.443764808923296616e-01 7.045324264556183103e-01 7.477512485803915476e-01 7.334342334960292087e-01 7.501417703890909117e-01 7.792167952378015183e-01 7.852138850101008094e-01 7.650609621451821551e-01 7.159982495618077980e-01 7.510116693983747149e-01 6.768724537249733997e-01 7.315850469727023242e-01 7.761386075470715351e-01 7.654408993302791453e-01 7.582076759794914578e-01 7.363129380103710098e-01 7.744127975255822305e-01 7.663628480920278152e-01 7.776623335906586165e-01 7.576214628303070686e-01 7.629579332843979822e-01 7.470390058288766122e-01 7.529455465146606130e-01 7.637337378825767020e-01 7.684313998132156209e-01 7.828546640087624686e-01 7.849017772440977092e-01 7.880142775813171463e-01 7.600694893008236308e-01 7.714738798559545030e-01 7.838322657024875406e-01 7.770459177462932798e-01 7.715582955623753181e-01 7.820292241949441392e-01 7.778340999904514996e-01 7.746618505837576940e-01 7.758758547809696537e-01 7.794122856073046890e-01 7.759227750187445150e-01 7.796080256568146405e-01 7.820003408737273842e-01 7.757326657485861254e-01 7.833472289058097671e-01 7.730942347414724303e-01 7.807583922753903449e-01 7.633209118620716271e-01 7.785843600483621785e-01 7.751394796510550078e-01 7.725001012877845685e-01 7.636508245585361676e-01 7.742204257249994948e-01 7.749292744791184129e-01 7.714329577079557243e-01 7.789653674090717406e-01 7.811811120639983175e-01 7.338896119061071310e-01 7.530995126354765867e-01 7.668502214666778061e-01 7.669260598474716417e-01 7.567001206693083626e-01 7.632292825457264174e-01 7.577487365594434143e-01 7.678303416524040470e-01 7.564287524647697047e-01 7.538748800443777487e-01 7.775370268581636157e-01 7.827618803975988637e-01 7.785726978003686405e-01 7.748053379325706702e-01 7.757469461446053760e-01 7.791523480501826304e-01 7.738450586404157505e-01 7.694574536959221112e-01 7.739099375245690471e-01 7.775950782435576691e-01
6.337412032588253530e-02 1.628979588287158831e-01 2.818864012055825596e-01 5.006031126895037486e-01 3.891687141726632992e-01 4.291530864023007652e-01 6.661571987174806919e-01 6.268485220798493129e-01 7.364884792469007513e-01 6.671744345387127240e-01 1.000000000000000000e+00 8.025596929903778820e-01 6.852330450483962165e-01 6.076578848685182388e-01 8.042845968333892648e-01 7.875680949386479890e-01 7.457088090365490141e-01 7.386052443508246412e-01 7.649873528113642074e-01 6.213619038031008568e-01 7.121889600948192456e-01 7.843779539078679086e-01 7.486841682906617557e-01 7.018955039843403076e-01 7.138760598116232758e-01 8.060762649029247218e-01 7.975719888273418157e-01 7.926968498490236659e-01 7.129506482822878244e-01 7.610601056511880902e-01 7.993174046286102286e-01 8.313632932423127286e-01 7.555449238997608008e-01 7.600925089990457906e-01 7.675315500246132627e-01 7.593434060873384128e-01 7.949782520588953849e-01 8.280901439803519670e-01 8.114722502365129264e-01 8.035081634928715744e-01 8.346766606273067213e-01 8.292881182703099041e-01 8.077837245716327219e-01 8.379712080313336253e-01 8.167862502830324223e-01 8.264035505122451220e-01 8.369679558893340365e-01 8.362677625330579012e-01 8.359894457863658035e-01 7.967942956044602454e-01 8.321601739740006609e-01 7.809170868302791613e-01 8.185202451635964493e-01 8.324288244828234040e-01 8.329251029596762557e-01 8.327536155429400289e-01 8.229187370907522503e-01 8.336151110236573736e-01 8.301542617111626887e-01 8.419061365920039730e-01 8.410926543806871436e-01 8.380899704078179635e-01 8.273284830745072371e-01 8.344620024254219004e-01 8.349447186920022634e-01 8.310137673036157580e-01 8.415270566807806496e-01 8.429048948748643078e-01 8.488680799539185529e-01 8.324746144311855334e-01 8.419821550321973103e-01 8.486741381559846920e-01 8.364747335667905848e-01 8.345436122112250832e-01 8.520705748569851190e-01 8.452953446411349825e-01 8.436459848617187118e-01 8.278678722203497431e-01 8.413274916326177744e-01 8.275041446892472674e-01 8.406236887277139802e-01 8.396984667589724172e-01 8.400778601739465890e-01 8.354688697326961844e-01 8.380950898829946372e-01 8.376243284963696967e-01 8.328159392024535590e-01 8.467141001282364465e-01 8.383029271920445780e-01 8.418794151618744781e-01 8.384053235542620053e-01 8.437533937380721216e-01 8.439085305327638231e-01 8.425600925213244663e-01 8.392422723203178947e-01 8.408741894483268142e-01 8.265894648707102776e-01 8.273152071355960313e-01 8.403023704978737074e-01 8.399700963289766786e-01 8.371006017619196937e-01 8.393522911448851875e-01 8.343648396828985403e-01 8.441179777945091445e-01 8.392043738696148836e-01 8.311386160774397736e-01 8.414952156767033786e-01 8.428498266420552110e-01 8.452829416756768577e-01 8.392070363650588893e-01 8.400567546703794353e-01 8.423871019880024846e-01 8.389599330608088490e-01 8.428480946979577393e-01 8.405069447400141947e-01 8.389960370525221256e-01
4.349897238555719414e-02 1.629181095282634661e-01 3.409672611636132000e-01 5.576801726202247345e-01 4.267985000409212915e-01 4.814207254441083550e-01 7.396028723213791123e-01 6.780479550357184637e-01 7.736897711217946005e-01 7.101141977306366648e-01 8.025596929903778820e-01 1.000000000000000000e+00 7.411874224650031318e-01 6.639931145608060081e-01 8.660281921992790677e-01 8.462138455718404284e-01 7.971647431121944294e-01 7.878924084319470778e-01 8.105060032920864410e-01 6.729518143638072436e-01 7.875852060845924818e-01 8.444554747580007570e-01 8.120301211635684302e-01 7.573109243139038993e-01 7.561660587722541793e-01 8.698743136097500939e-01 8.604775194561619100e-01 8.727741626098085570e-01 7.706615249769206422e-01 8.043820719210706960e-01 8.661921772104599349e-01 8.876657427885601415e-01 8.289536473243491743e-01 8.249030948738754754e-01 8.313691901089664826e-01 8.347675287068944128e-01 8.661805603221971461e-01 8.870811159462714812e-01 8.784978148137638776e-01 8.788442853645567210e-01 8.954943298334121504e-01 8.888480905223214990e-01 8.675770083354008566e-01 9.025037029790726750e-01 8.813630815898194637e-01 8.935963521589908032e-01 8.881483937581815535e-01 8.860977249303575443e-01 8.854685263355959179e-01 8.474932054812002180e-01 8.871477659186830511e-01 8.358468108105338024e-01 8.731716000880839212e-01 8.805958066512272753e-01 8.770261680599478193e-01 8.851848560412642897e-01 8.742651987103068345e-01 8.823351770269063366e-01 8.792843439994338928e-01 8.925959650597530270e-01 8.878852389363404152e-01 8.864580213249234619e-01 8.755183489868463287e-01 8.866063632290792640e-01 8.888072373095607936e-01 8.826655222513417609e-01 8.916897736315696488e-01 8.917978439386929912e-01 9.034267715266688370e-01 8.864221215455104774e-01 9.011003885833954730e-01 9.008729017654556470e-01 8.934118888822412119e-01 8.871425758997960598e-01 9.079271688407585250e-01 9.081408530278844982e-01 9.066917037813402303e-01 8.838771101748459369e-01 9.043795244045353954e-01 8.882280628370762265e-01 9.049735311376212454e-01 9.031694417315969670e-01 9.002986069507055156e-01 8.952636769504814795e-01 8.938931627122658208e-01 8.949433751074851173e-01 8.995903266764619932e-01 9.009849553334936534e-01 8.975649831586319793e-01 8.957939207239580259e-01 9.036756473878307938e-01 8.992999786638649073e-01 8.998433690130627216e-01 9.041647234125658184e-01 8.868970848312988098e-01 8.898331586550678463e-01 8.787360184444146238e-01 8.732692885992973109e-01 8.867701542653265712e-01 8.897969351063423904e-01 8.934451612023255329e-01 8.907995829300084933e-01 8.861245736459187894e-01 8.961081733947099393e-01 8.942067867364373868e-01 8.799386060295342205e-01 8.897835162095157902e-01 8.926981963117686103e-01 8.950772136083532393e-01 8.886743291382209753e-01 8.912708154714982234e-01 8.915075051388232641e-01 8.885108402596388899e-01 8.922730435360145540e-01 8.937649411115415887e-01 8.897133544414588258e-01
1.470994365189372960e-02 1.122795771894462141e-01 2.656887282386526383e-01 4.433177384824254497e-01 3.792129568510227977e-01 4.009265206927866698e-01 6.149745537405092444e-01 5.904129004446370121e-01 6.935869081864115548e-01 6.299340777383432011e-01 6.852330450483962165e-01 7.411874224650031318e-01 1.000000000000000000e+00 5.634482603924898525e-01 7.716048866216155266e-01 7.780016267376550498e-01 7.119653279536940493e-01 6.475864020773821617e-01 6.784130566887528468e-01 5.791332046152949387e-01 6.493280117784268057e-01 7.065866819138225674e-01 6.560756902746350816e-01 6.049939422746980489e-01 6.077987934618584998e-01 7.375866735682538033e-01 7.282827837679902716e-01 7.091183510647479649e-01 6.325139761153806273e-01 6.619462437730181392e-01 7.097296252813257711e-01 7.677918897303801504e-01 6.588589873356263116e-01 6.559267119610364682e-01 6.797354254969545373e-01 6.720812371010242980e-01 7.029710427924570348e-01 7.605299794344801967e-01 7.407344784432684515e-01 7.274518191558188018e-01 7.958235017980502812e-01 7.793294167374149595e-01 7.482073917754069603e-01 7.840369334067280871e-01 7.534255067397510608e-01 7.659939989486652667e-01 8.145161437774320889e-01 8.150448113596735489e-01 8.072734690799435731e-01 7.286729410531930240e-01 7.819157033125467837e-01 7.201773466293246440e-01 7.930333126442347114e-01 8.130017754927927331e-01 7.961310332568173331e-01 7.917186527137887175e-01 7.902667199734498826e-01 8.011556541587929736e-01 7.963976752429027250e-01 8.218433365571279348e-01 8.090153068460309571e-01 8.080138144515552900e-01 7.947211470526656107e-01 7.942202311872743614e-01 7.907237081431677250e-01 8.114470351505463919e-01 8.150665854154306444e-01 8.049320185935031624e-01 7.987836874670181109e-01 7.955489385252157986e-01 7.994320664417945421e-01 8.022055731362037756e-01 7.839236614666176273e-01 7.776075729096549871e-01 8.086034716466518057e-01 7.999072063243851671e-01 7.947125030925178413e-01 7.772633351610087615e-01 7.887882882263478335e-01 7.694648816478578679e-01 7.846576594892780143e-01 7.926422656549898527e-01 8.024560354958268915e-01 7.832067846068860861e-01 7.824326319062709922e-01 7.792185802324688160e-01 7.822778322607695234e-01 8.050575585605745932e-01 7.969161731096615631e-01 8.086620630941848686e-01 7.886276374467079409e-01 8.090926141893785006e-01 8.023983032809478555e-01 8.027686816618614385e-01 8.176205586338731734e-01 8.167350129900514677e-01 7.858644659470535032e-01 7.977083837410855471e-01 8.170596343554105134e-01 8.043088489669238950e-01 8.017739502041403288e-01 8.107225502984788390e-01 8.075375634188549645e-01 8.138517708017456442e-01 8.022462840583267640e-01 8.095651760622997184e-01 8.181740754701963825e-01 8.176935504234427166e-01 8.154106008086594581e-01 8.178521917502959981e-01 8.087866825533033266e-01 8.231166747041895881e-01 8.162988576260220563e-01 8.140000087892534930e-01 8.088203586586335536e-01 8.198464025000250510e-01
