1.000000000000000000e+00 2.477028631673474091e-01 1.723151282810029272e-01 8.215205730635639914e-02 -3.820833818587108383e-02 2.205916765008925605e-03 3.382178973741028355e-02 3.305209702921903941e-02 2.038271255497784429e-01 1.140871300250361625e-01 6.564795699037921650e-02 -6.324196109582209220e-04 -1.322032180856027748e-03 2.487665111449068392e-02 1.521080064599785071e-02 2.329049047002544268e-02 1.409416116794028340e-01 2.027046338800490843e-01 1.839472419763502342e-01 -1.688857764367696773e-02 1.319578726359401377e-01 1.586127328549628013e-01 1.973548493625585376e-01 1.979044106397819247e-01 1.658887840634219180e-01 6.227682919536114969e-02 1.107255781136331080e-01 1.193581980965870426e-01 1.824775368366150785e-01 2.036111656658139424e-01 1.340381867980349750e-01 1.218929182034619862e-01 1.305995751240308367e-01 9.540240312432946013e-02 1.299519967893925376e-01 1.677760549885447955e-02 7.549324829847409157e-02 5.973789148443996166e-02 6.285502380807049538e-02 -1.117320432225421545e-02 2.954873455291479045e-02 2.416203779226288803e-02 -1.175560430672632772e-02 2.152667884428322367e-02 3.379718147598673172e-02 6.090827698988970917e-02 1.186244985349403126e-02 3.152383690296470947e-02 4.745745481162395168e-02 4.010009989813400483e-02 1.730089614603851425e-02 -1.914001635397494239e-02 2.804522177752499790e-02 8.051324334461490428e-02 9.347025205562568828e-02 5.421444987849208946e-02 9.284960455949524405e-02 1.112214312614655080e-02 5.325010826003368641e-02 3.961292658780025955e-02 4.314521305323604922e-02 3.979313588833015281e-02 4.883882728907462667e-02 3.883442269090232185e-02 8.427327839334076975e-02 5.975380026179357568e-02 3.662552213807086787e-02 4.418886434326356472e-02 6.349958632134730663e-02 2.803285379019355636e-02 6.242304537983885127e-02 5.440512952000396002e-02 5.158975559862834931e-02 6.919215224779388940e-02 2.519272250428676585e-02 5.234952210056408733e-02 4.756732121182980638e-02 8.628216710088260077e-02 5.808275082583574250e-02 8.441631802720211963e-02 5.963710485395835176e-02 5.822756187286611679e-02 5.806753494713755986e-02 6.479362432364076108e-02 1.576865900182902389e-02 3.324901206273115500e-02 7.337533657393564314e-03 8.682375324645221285e-03 1.404961350692051671e-02 1.585143432935513103e-02 1.608933919052147428e-03 1.573701378694012179e-02 3.790217317681233121e-03 1.374060975053856444e-02 3.266435023803930006e-03 1.859920215232106766e-02 -2.019406439417281707e-02 3.183945535171224528e-02 3.618775615943062469e-03 -1.535686084952367532e-02 -1.829335940834533186e-02 8.315955628564392684e-04 1.373033090805092504e-02 -4.366798873785122242e-03 4.622821049716294498e-03 3.066748630833161099e-02 3.424328214976263274e-02 1.798617711503718714e-02 1.628480435784428887e-02 2.518503887264215285e-02 1.134360492128683347e-02 1.233549692061117371e-02 1.051967627262541394e-02 1.155345030265352187e-02 4.617790406712032197e-02 3.001230973307986508e-02
2.477028631673474091e-01 1.000000000000000000e+00 1.293576913693998132e-01 6.994884241582594031e-02 1.747600876711265586e-02 9.079259762218545859e-02 1.769239021342659812e-01 1.396601923626414332e-01 2.292831994347100943e-01 2.357602855371580264e-01 1.752039849032928365e-01 1.172575546358701343e-01 1.148714272560563271e-01 1.652941860283057562e-01 1.711670230588787367e-01 1.548316640327486171e-01 1.962460522145831610e-01 2.205724347618431003e-01 2.208206132503970354e-01 2.223142222907495760e-02 1.520961436069144523e-01 1.847684437137605273e-01 2.242665541583364897e-01 2.117969204998107202e-01 1.974778388241796578e-01 1.573703040804945164e-01 1.962129760695573988e-01 2.008438512855229841e-01 2.475400644240764725e-01 2.599995274528077438e-01 2.191103926292173321e-01 2.133027448189185882e-01 2.020298327175598652e-01 1.972794890345711261e-01 2.057416857697222101e-01 1.271955514011315069e-01 1.790936284406437484e-01 1.862856360079944151e-01 1.882335202009879360e-01 1.403069350115867253e-01 1.536732872365577651e-01 1.634985959929978194e-01 1.307769690596158607e-01 1.483217218687963301e-01 1.496764276411858829e-01 1.701946746710246428e-01 1.585450934119787825e-01 1.676832968734550400e-01 1.875489382838735897e-01 1.555279940229770674e-01 1.623666476679845871e-01 8.440005592084269537e-02 1.412797077868807039e-01 1.898325469237546748e-01 2.045204836917128566e-01 1.748273517865186755e-01 2.010899235674493690e-01 1.542783720877246578e-01 1.865153338968704722e-01 1.628987604355704721e-01 1.765867135739684068e-01 1.686830617301978974e-01 1.823488750207779563e-01 1.757958063044975372e-01 1.743458674488909399e-01 1.671594033315615124e-01 1.676502378923377945e-01 1.743446689829816210e-01 1.838361234524971133e-01 1.430803311224202734e-01 1.704034319142359311e-01 1.758634151382524047e-01 1.659366139997915934e-01 1.803167780294689382e-01 1.576837491118105450e-01 1.746646533626773357e-01 1.755652500999819732e-01 1.962805645548124089e-01 1.852994286338105479e-01 2.013906546546427312e-01 1.880838272808814660e-01 1.836725277746310558e-01 1.783712133580309112e-01 1.931678885683813796e-01 1.571956083559337136e-01 1.647660326120176100e-01 1.480388789245290770e-01 1.547551751729256131e-01 1.603144306831560673e-01 1.519763006917653758e-01 1.439693931326411214e-01 1.558804803045811538e-01 1.449874962869825978e-01 1.537324768636318395e-01 1.516558359208781404e-01 1.593324505528795620e-01 1.296986209230965303e-01 1.575500869502966805e-01 1.496337155111333306e-01 1.403139001547891729e-01 1.314135244399189384e-01 1.476631012132166021e-01 1.440641288076079940e-01 1.426549914537783015e-01 1.347711057060478890e-01 1.645115342995635832e-01 1.658101864698540151e-01 1.591158452412910485e-01 1.597701560303076140e-01 1.650160560892201533e-01 1.585577640015319589e-01 1.523282086987487738e-01 1.531280919239771110e-01 1.561359406235172664e-01 1.635806099090708066e-01 1.569545068780927310e-01
1.723151282810029272e-01 1.293576913693998132e-01 1.000000000000000000e+00 3.813869318190639679e-01 1.491023971773920431e-01 2.304113024130369503e-01 2.729337640065817028e-01 3.013233737935600565e-01 3.702030306896791911e-01 2.921066511720028513e-01 3.763460849322612933e-01 3.628751351979335182e-01 3.143294329784401819e-01 3.155087421318737984e-01 3.271640255800981056e-01 3.448135742001627868e-01 3.763897224779269024e-01 4.095635179451559971e-01 4.181240304166800037e-01 2.517932795910643451e-01 3.964824990078730793e-01 4.230207137920494187e-01 4.061846851508653655e-01 4.387783087787515690e-01 4.420799972506221920e-01 3.833270499002480181e-01 4.253516691827165519e-01 4.012290924396799685e-01 4.499435668284633705e-01 4.618149632614098610e-01 4.450534133988298668e-01 4.101336102335519374e-01 3.961533985154844228e-01 4.051411565934702197e-01 4.082925215818090647e-01 3.590898164816339611e-01 3.897668221098646857e-01 3.642661087970845979e-01 3.786574637708024493e-01 3.420261241956394360e-01 3.567755322634343917e-01 3.610024701147397930e-01 3.254171076235636284e-01 3.598542576663697479e-01 3.883367655016206066e-01 3.683853886452429505e-01 3.427858131236385941e-01 3.491726558943257230e-01 3.554220485093411708e-01 3.715402615268222353e-01 3.446642071560466758e-01 3.252009537246938198e-01 3.519680274457860913e-01 3.576301610404236664e-01 3.678870989017542503e-01 3.676944357251515916e-01 3.625048983435175676e-01 3.491783851324020693e-01 3.603539829313862630e-01 3.547280788819560660e-01 3.608330920891718585e-01 3.497154144456963154e-01 3.595752618755920782e-01 3.435987054543003238e-01 3.736275650801678117e-01 3.598881219678052301e-01 3.627485355626611785e-01 3.804960579002870658e-01 3.885367638597861939e-01 3.684571097229436543e-01 3.955268855739726974e-01 3.856807308043123661e-01 3.984655117616613396e-01 3.949661643140878198e-01 3.643830482421083206e-01 3.786468377910124361e-01 3.685168152086239490e-01 3.995299978064646984e-01 3.845186457003707536e-01 3.953829866000805882e-01 3.724404190107039603e-01 3.827993304623097393e-01 3.788939479586415637e-01 3.741936605799188187e-01 3.636460790960715506e-01 3.708887219914898670e-01 3.517674499255529774e-01 3.524365201573426698e-01 3.505843806698941134e-01 3.593570444994358404e-01 3.485977065074573056e-01 3.559577011811322911e-01 3.536602658343289129e-01 3.523103564270052002e-01 3.448428826702978900e-01 3.487330648779876086e-01 3.449673390658576366e-01 3.539617278728876548e-01 3.444706888780965093e-01 3.398452972578330233e-01 3.330184934292286791e-01 3.476998068959730182e-01 3.458767647386441491e-01 3.452081380567720847e-01 3.497491826205563759e-01 3.479404224258681455e-01 3.578851650143207164e-01 3.475909188548730877e-01 3.520189359510742522e-01 3.546688394175779857e-01 3.494787628757088926e-01 3.424361482520582034e-01 3.441477885885235732e-01 3.389134709638059739e-01 3.604541782291239005e-01 3.481364267192568751e-01
8.215205730635639914e-02 6.994884241582594031e-02 3.813869318190639679e-01 1.000000000000000000e+00 3.463790427461317933e-01 3.996199100744848298e-01 4.547506217731157596e-01 5.364074660284948726e-01 5.125529933138468497e-01 3.979190552579416340e-01 5.254112793140369719e-01 6.166752778007505986e-01 4.852116750982936044e-01 4.811498673947550153e-01 5.410936100301880769e-01 5.645846470982446297e-01 5.263616122397787311e-01 5.369761737815287317e-01 5.639420761668864079e-01 5.112808599650995323e-01 6.224792822949219984e-01 6.108398879632126466e-01 4.573548423753077685e-01 5.287346932585527126e-01 5.807305205250326008e-01 6.008673303527849452e-01 6.093649425047091839e-01 5.813336362131805712e-01 5.640434473709328156e-01 5.538306359852360750e-01 5.732289774978850394e-01 5.534195559869687919e-01 5.315649312910426527e-01 5.543280096232754417e-01 5.191164453660436218e-01 5.683947115488655610e-01 5.482158655057814967e-01 5.463664146381169706e-01 5.559071634166022902e-01 5.836487189611051507e-01 5.794207986534010146e-01 5.579221506797057417e-01 5.534744588306270696e-01 5.724930429244711183e-01 5.972272710594270784e-01 5.551463177471608335e-01 5.304354981717813722e-01 5.406277723542818325e-01 5.476972040006798936e-01 5.789896868418571430e-01 5.624280555591516517e-01 5.639784118139986591e-01 5.679205156697139101e-01 5.564294100113367225e-01 5.587301838464018289e-01 5.625569390415060544e-01 5.743788341417307430e-01 5.424446722748251792e-01 5.584914069212540966e-01 5.457405500812714250e-01 5.593726477175141598e-01 5.467571481045957471e-01 5.605986371467434060e-01 5.304854852663019038e-01 5.680307106151316621e-01 5.586449914023380314e-01 5.435113906975221898e-01 5.567391629863519542e-01 5.416248935479408555e-01 5.817085528536918293e-01 5.928303100553657945e-01 5.646292712780558443e-01 5.523185928104925591e-01 5.691936979371597927e-01 5.706495544700259659e-01 5.745924761183475171e-01 5.585214041287357434e-01 5.607960257737023557e-01 5.605528299775557333e-01 5.408496627078370755e-01 5.327442030983116084e-01 5.446704099184732639e-01 5.527811119604217893e-01 5.229572725328980320e-01 5.324994965794972446e-01 5.419793817944740244e-01 5.421386178387362920e-01 5.479764051593101204e-01 5.344736978661972504e-01 5.594642356895791480e-01 5.560751022951720968e-01 5.545381802636450974e-01 5.587175314004201310e-01 5.481737368529103760e-01 5.337867370115060295e-01 5.338547322817622787e-01 5.596284647077850449e-01 5.511889346023398639e-01 5.477837527183120336e-01 5.453750949334037479e-01 5.447188506460699520e-01 5.532633642307925870e-01 5.443606296698897395e-01 5.483495509344361585e-01 5.560803745448095192e-01 5.561534811930448630e-01 5.484975769017996772e-01 5.358438301139581972e-01 5.488395151534167793e-01 5.466759305566524230e-01 5.522778797405539786e-01 5.391868213046187019e-01 5.406359948935920423e-01 5.321733225026874514e-01 5.490569801430673635e-01 5.357656301848299218e-01
-3.820833818587108383e-02 1.747600876711265586e-02 1.491023971773920431e-01 3.463790427461317933e-01 1.000000000000000000e+00 2.822446262740930800e-01 4.389095285303847849e-01 4.754161919977785700e-01 3.921775698149169154e-01 3.618419237547314538e-01 4.056286367436668927e-01 4.782597307230554984e-01 4.863029049428936323e-01 4.196708530018776195e-01 4.875199252264968419e-01 5.004768744941520131e-01 3.953691870161698541e-01 3.625624689586689486e-01 3.636918898583874626e-01 3.894492661475015827e-01 3.954441935304280897e-01 3.978225524059729179e-01 3.180033443687999561e-01 3.359056219937238685e-01 3.799297572653572708e-01 4.631513163588563686e-01 4.354433239230685038e-01 4.357438875230964515e-01 3.945084188161756544e-01 3.886748398575929908e-01 4.324881510372801108e-01 4.235396830086656794e-01 3.926384622618843134e-01 4.313431365745193369e-01 4.262175787054651721e-01 4.616157202915539548e-01 4.628071137985791950e-01 4.459636302234484817e-01 4.620522993051393579e-01 4.476205527614696700e-01 4.718128961447172753e-01 4.737407254030777115e-01 4.831437020661018544e-01 4.852934541409519853e-01 4.766140778246002463e-01 4.691653791949645935e-01 4.684082997035535767e-01 4.681390447968499235e-01 4.511189450778019805e-01 4.519487429849696203e-01 4.591174635441510055e-01 4.766342933481080291e-01 4.626916952207617006e-01 4.540036208257036687e-01 4.429228553456002193e-01 4.565828490355117175e-01 4.325190663392124990e-01 4.760869365097183947e-01 4.482858353058074008e-01 4.705304273217450484e-01 4.730796215598067622e-01 4.635771939929796415e-01 4.564769267176518319e-01 4.542214035420753526e-01 4.605406773726920533e-01 4.614765185806096182e-01 4.695996038159695463e-01 4.698968566009722458e-01 4.563235316182753798e-01 4.803049522067522892e-01 4.682452742462562267e-01 4.686251665274298039e-01 4.566450947685590789e-01 4.559862437691113435e-01 4.823309393194202266e-01 4.715099319634802888e-01 4.697845657660670859e-01 4.522028592001772762e-01 4.646402126584328052e-01 4.526597062755488565e-01 4.619912541088985192e-01 4.634847545628575927e-01 4.649811424433370477e-01 4.570300440057887270e-01 4.705810808278332869e-01 4.653495242328966608e-01 4.764205796053089248e-01 4.741753420007958630e-01 4.731009106946930665e-01 4.821022357782872025e-01 4.765965410268299118e-01 4.791091706049241949e-01 4.829494096806245529e-01 4.768549738594776710e-01 4.746155733341925753e-01 4.720808915623352364e-01 4.745169699452321810e-01 4.640434512372454412e-01 4.785807566585343342e-01 4.773468600743865364e-01 4.849114548747021081e-01 4.757040129672422402e-01 4.759604698576310189e-01 4.841762894175970500e-01 4.829651036955757704e-01 4.634508453170066988e-01 4.698188142336052753e-01 4.733165767632261933e-01 4.756676559487736378e-01 4.731329042943288044e-01 4.751114597520221250e-01 4.787246472676968678e-01 4.721870538009789176e-01 4.738773186446486041e-01 4.687374930415679208e-01 4.713960261993074274e-01
2.205916765008925605e-03 9.079259762218545859e-02 2.304113024130369503e-01 3.996199100744848298e-01 2.822446262740930800e-01 1.000000000000000000e+00 4.969628455659010347e-01 5.052082014590610903e-01 5.250221519632776168e-01 4.634006014429403186e-01 5.284600295546529880e-01 5.773717737865274868e-01 5.244247410433987566e-01 5.464991937573564496e-01 5.866858221881714464e-01 5.925577914857459438e-01 5.329900325147071127e-01 4.941864473966546822e-01 5.304502398017572062e-01 4.447274722126169921e-01 4.834422134785740233e-01 5.157357572488394659e-01 4.645582187218009751e-01 4.733641216735711144e-01 5.209202404429118527e-01 5.844893753257343061e-01 5.772915895325896329e-01 5.860594328189919766e-01 5.503612026789875822e-01 5.398227202005223546e-01 5.767218699001630533e-01 5.794874805664647077e-01 5.519656931030599845e-01 5.807938533888836741e-01 5.707627772842589486e-01 5.818015350109484451e-01 5.851268922847462362e-01 5.938902392063403202e-01 6.019361195726757874e-01 5.908952960916228347e-01 6.054046557350294400e-01 6.059886001194692007e-01 5.977673599453013908e-01 6.037679835028940678e-01 6.038529010857701662e-01 5.964091842515539810e-01 6.027305581692685710e-01 6.020822140142229051e-01 6.002968897499372236e-01 6.009036051868397177e-01 6.052639044116682188e-01 5.735533866261349756e-01 5.866283957903173363e-01 5.995771754848002733e-01 5.966736689302517549e-01 5.967545669900348182e-01 5.916074711780131556e-01 5.977902948865717603e-01 6.036761837861930324e-01 5.993348542354381969e-01 6.090238524744715498e-01 6.019591216585309379e-01 6.054997282380563117e-01 5.932425113496313518e-01 5.945147378100744673e-01 5.984344710175459880e-01 6.047490511468269769e-01 6.088395151327551380e-01 5.983345079084881890e-01 6.105396398673484937e-01 6.004911712014846525e-01 6.032946417435298692e-01 5.951247391661385056e-01 5.984334382876833613e-01 6.101789788681035720e-01 6.094892744334490242e-01 6.034066579862054081e-01 5.975268116832438414e-01 6.027715438779890356e-01 5.936423863352461305e-01 5.951682415940684479e-01 6.007452311305383486e-01 6.022183723121138366e-01 5.944355639564600224e-01 6.038496104612716131e-01 6.043584051085316711e-01 6.023017729188731018e-01 6.089432428977434864e-01 6.011115434664876522e-01 6.060494905589396408e-01 6.068730393812704627e-01 6.083639511820283508e-01 6.059144972127642470e-01 6.061476077557854669e-01 6.031711594968256485e-01 6.016901857569247891e-01 6.078708301984229179e-01 6.025731546513378722e-01 6.084110620107346934e-01 6.082595034054751881e-01 6.087065003719560607e-01 6.089878492750572248e-01 6.035915979508750251e-01 6.066530050383166506e-01 6.065966984230717340e-01 6.012874095375992933e-01 6.063495787624618716e-01 6.030075906455554247e-01 6.054159022811905766e-01 6.041107753177666906e-01 6.067297259512938190e-01 6.029037036163439334e-01 6.042027635373614647e-01 6.012929197034948547e-01 6.013182000021730644e-01 5.991305087320137890e-01
3.382178973741028355e-02 1.769239021342659812e-01 2.729337640065817028e-01 4.547506217731157596e-01 4.389095285303847849e-01 4.969628455659010347e-01 1.000000000000000000e+00 7.063361723523505775e-01 6.523771469254390221e-01 6.307659946637969028e-01 6.892802512495286305e-01 7.363509479515881750e-01 7.079863854399456313e-01 6.862857511490196849e-01 8.240338910535293104e-01 7.778288347977735384e-01 6.743587909417878556e-01 6.109628720149691272e-01 6.382242469869020551e-01 5.644411330522743908e-01 6.197084082861389343e-01 6.456652600516763485e-01 5.399251249502743377e-01 5.526255126841305154e-01 6.118992857480989311e-01 7.313063227387494036e-01 6.943507540282046753e-01 7.198500708883857069e-01 6.534584715527458343e-01 6.501362927530303093e-01 7.039618479191234179e-01 7.213077436512604912e-01 6.862290292202184450e-01 7.200236658113011723e-01 7.047488311456298060e-01 7.293935863283451670e-01 7.230100161113164337e-01 7.714502658449547967e-01 7.633110696620987179e-01 7.555747184417446194e-01 7.722493782347641389e-01 7.761089787792807559e-01 7.695583776836996126e-01 7.738564824744997850e-01 7.523443348918308349e-01 7.611739280954711306e-01 7.728465491076047522e-01 7.652558226979068179e-01 7.607233394564694162e-01 7.520155571199894640e-01 7.790293802401461187e-01 7.069573487600567807e-01 7.391100065531438501e-01 7.512564806873343048e-01 7.407408913078272761e-01 7.563024325847906848e-01 7.311678697836664353e-01 7.656918272222897892e-01 7.623162173259443453e-01 7.595856372795957157e-01 7.699948232418289962e-01 7.592360571171803407e-01 7.660045379399499366e-01 7.562144048179740841e-01 7.436108698416878937e-01 7.488716121066806286e-01 7.698052916677086133e-01 7.660249940294809878e-01 7.477963718208882060e-01 7.627506147647147294e-01 7.622095737173864016e-01 7.640661020866619246e-01 7.375509807259067463e-01 7.445139540281807689e-01 7.769158031357078498e-01 7.640649419408684917e-01 7.714914649521484868e-01 7.432422168835507437e-01 7.605923227503634809e-01 7.462593496286283878e-01 7.585485208952195135e-01 7.599563114566676436e-01 7.615377488413883622e-01 7.571751493207420358e-01 7.648629867906195923e-01 7.651958822514597358e-01 7.665864587893403970e-01 7.796159368029466075e-01 7.728329856370249606e-01 7.724260758978944708e-01 7.756800597750663773e-01 7.810013312547244846e-01 7.720020802225725509e-01 7.724628704852031236e-01 7.725087160191217439e-01 7.712086445195176498e-01 7.652622689915662413e-01 7.527723205309272414e-01 7.704615969587698121e-01 7.766107192217809319e-01 7.747290698750226579e-01 7.706673071479153148e-01 7.575233018244552641e-01 7.737499610748516110e-01 7.599484505170591708e-01 7.537554337577803132e-01 7.662446328780996296e-01 7.739276457891507421e-01 7.732189126810731228e-01 7.723449164237204956e-01 7.733840388191637327e-01 7.685511437108494270e-01 7.681961102143703979e-01 7.697649217675905930e-01 7.608846143138041640e-01 7.598047598681111348e-01
3.305209702921903941e-02 1.396601923626414332e-01 3.013233737935600565e-01 5.364074660284948726e-01 4.754161919977785700e-01 5.052082014590610903e-01 7.063361723523505775e-01 1.000000000000000000e+00 6.910898891410978129e-01 6.170908717705323454e-01 7.195309451331335371e-01 7.798243168354583865e-01 7.301576782865165649e-01 7.160140322643381294e-01 8.033184042490383314e-01 8.180238874270098215e-01 7.132142058119568251e-01 6.377212081951953992e-01 6.716590351598842323e-01 5.932247574933219303e-01 6.729970766935000626e-01 6.980222292669761019e-01 5.806421557434379155e-01 5.792492223866251289e-01 6.646257045376835482e-01 7.656503872412881995e-01 7.403558697719102577e-01 7.504137300579546421e-01 6.964797736083241375e-01 6.940218449935252609e-01 7.501223658795839189e-01 7.563606678234338077e-01 7.201308333738870582e-01 7.595156664573394778e-01 7.372738518298506127e-01 7.826435030615090938e-01 7.732577556582341805e-01 7.938176748240362013e-01 7.934972264478014070e-01 7.896010978763650101e-01 8.017173668426964550e-01 8.064359394191025210e-01 7.998344233464014241e-01 8.127688940505584103e-01 7.989226221901809533e-01 7.881685466306367349e-01 7.995922864994732260e-01 7.959837428322712460e-01 7.946316206580978925e-01 8.002084955951418443e-01 8.086693924893755270e-01 7.777156562744474977e-01 7.860667502509188775e-01 7.844281914318562698e-01 7.760617582836325523e-01 7.937242512112671067e-01 7.794739126124812234e-01 7.982072814391087956e-01 7.930194658298794774e-01 7.949226228879840983e-01 8.021281298229221424e-01 7.938055514733591833e-01 8.004869841846923295e-01 7.908948307560307311e-01 7.913646649226262486e-01 7.886277617867447631e-01 7.996336790346129098e-01 7.933996381122844221e-01 7.774476391385978236e-01 7.977634731008166336e-01 7.998514658430022628e-01 7.972526983368770637e-01 7.609278710033634541e-01 7.766066387091968837e-01 8.093592060307202019e-01 8.010024176138498264e-01 7.973818744293751370e-01 7.776552349445335910e-01 7.907539278587775167e-01 7.785368211412320161e-01 7.873883786138863305e-01 7.916822606567991416e-01 7.973670496995546308e-01 7.819081979257587189e-01 7.939084697156298942e-01 7.910898275530263701e-01 7.986240364689498605e-01 8.078338187861532349e-01 8.001971935977247874e-01 8.071236390993967724e-01 8.040472591515833711e-01 8.084926984918000548e-01 8.054969006647617613e-01 8.036913680575208385e-01 8.006340572095917985e-01 7.996804926048303175e-01 8.028994425814514058e-01 7.960909361607046986e-01 8.037219764700774816e-01 8.075208570680743048e-01 8.059963435366854778e-01 8.061235906589975242e-01 7.967633977952900404e-01 8.085490913666322221e-01 8.052864566323412188e-01 7.929949379521766817e-01 8.002527383082250756e-01 8.020029723576529435e-01 8.039551582855336553e-01 8.034847180474778972e-01 8.050567183882932909e-01 8.014342689401937614e-01 7.996548208876150809e-01 8.032188191764038088e-01 7.998666692660003630e-01 7.934507329301864198e-01
2.038271255497784429e-01 2.292831994347100943e-01 3.702030306896791911e-01 5.125529933138468497e-01 3.921775698149169154e-01 5.250221519632776168e-01 6.523771469254390221e-01 6.910898891410978129e-01 1.000000000000000000e+00 7.309570341165475549e-01 7.841248661089853522e-01 7.858401314654954728e-01 7.098192252917007172e-01 7.600553916436247892e-01 8.050400663899568432e-01 8.095354469519200347e-01 8.156435417778163943e-01 7.623723846452576947e-01 7.967672562560147442e-01 5.483790175009399803e-01 6.984248400456803951e-01 7.742549026176211990e-01 7.362954781935050486e-01 7.156851818230336448e-01 7.866308775615505899e-01 8.095742239704672993e-01 8.322269504153247954e-01 8.441958574760579648e-01 8.420018756849618757e-01 8.436241970861356743e-01 8.551607455233374289e-01 8.519857012948197639e-01 8.239685778235024127e-01 8.228356503547097356e-01 8.453796522815715253e-01 7.944592687286232691e-01 8.423751563005249521e-01 8.473058078882839128e-01 8.580404629711858577e-01 7.942009878112757937e-01 8.444288611479164874e-01 8.416513710677933080e-01 8.084094895859336161e-01 8.385215684010437487e-01 8.409909559580237559e-01 8.519512435028930852e-01 8.390226182325769555e-01 8.506065134270365258e-01 8.534347588836944665e-01 8.312987076085820437e-01 8.334022672737020354e-01 7.794429369943169927e-01 8.375435972231252135e-01 8.696444002960638242e-01 8.662987527323180448e-01 8.545215275652591203e-01 8.626411482231256533e-01 8.380149096089437588e-01 8.556189886667103783e-01 8.535808985080094446e-01 8.560334550887427341e-01 8.522811594797478074e-01 8.525396823334843166e-01 8.459470618018528620e-01 8.656761818941687281e-01 8.567393184118808902e-01 8.529062630949318935e-01 8.565610651021567934e-01 8.555867129086508482e-01 8.377114736368379555e-01 8.502979035809998809e-01 8.566735336576040138e-01 8.304437965597923910e-01 8.520793567622865217e-01 8.446624696799962528e-01 8.621246667170683331e-01 8.563203887529080571e-01 8.670094861282137133e-01 8.586799018332870181e-01 8.676993541832310752e-01 8.609214239967293292e-01 8.623936528034945592e-01 8.593499760001278576e-01 8.621300060292699241e-01 8.354523179773072350e-01 8.427763094542652933e-01 8.361179377254301937e-01 8.400991556841748142e-01 8.439912244098173311e-01 8.432246067704193271e-01 8.335311513942326167e-01 8.448578817475665970e-01 8.393084456601543897e-01 8.438594990989337630e-01 8.355416344288851827e-01 8.453655946454039505e-01 8.153921940000150581e-01 8.423839626182672013e-01 8.367552877393903410e-01 8.248776893077409689e-01 8.257599242897833980e-01 8.346199652791549406e-01 8.397207701262033863e-01 8.351632494581009425e-01 8.359971479819910956e-01 8.496949639795732256e-01 8.528203188902787613e-01 8.471599651660168817e-01 8.470146655005000857e-01 8.496930990539690587e-01 8.445420738729008114e-01 8.432919321050508232e-01 8.422278395953292085e-01 8.418285631338736641e-01 8.588925392044945983e-01 8.471072710071204659e-01
1.140871300250361625e-01 2.357602855371580264e-01 2.921066511720028513e-01 3.979190552579416340e-01 3.618419237547314538e-01 4.634006014429403186e-01 6.307659946637969028e-01 6.170908717705323454e-01 7.309570341165475549e-01 1.000000000000000000e+00 7.173725667864359057e-01 7.044922421432363580e-01 6.580134098774590434e-01 7.135630086990053522e-01 7.542395009846378784e-01 7.450654536017755625e-01 7.144159434084045301e-01 6.479812209555350089e-01 6.813675864826654882e-01 4.736087046412390533e-01 5.886951149011818707e-01 6.495747195342351787e-01 6.408834131312968196e-01 6.010517205731783497e-01 6.550241567867439718e-01 7.160043098692158159e-01 7.343726741645012490e-01 7.456530506222460719e-01 7.468615442753441247e-01 7.425207933726882814e-01 7.611631427648952730e-01 7.621587732630520362e-01 7.180327113733457889e-01 7.364498910944570209e-01 7.483089080777575175e-01 7.045292338229602880e-01 7.445465777211802694e-01 7.780516447108195566e-01 7.768716932701370537e-01 7.107834897919318440e-01 7.672092174400050313e-01 7.733562981771029410e-01 7.369421719598696630e-01 7.685301605415110204e-01 7.526477978263809154e-01 7.764766932581517178e-01 7.789550406086386269e-01 7.883073620441956031e-01 7.876657223012630826e-01 7.434013956750061825e-01 7.630567237912618817e-01 6.824214960960542919e-01 7.523368588651961897e-01 7.948023326933134625e-01 7.940075139886763056e-01 7.755715173754839098e-01 7.778278228017597717e-01 7.752569721443526296e-01 7.880163681878635806e-01 7.825424356901862222e-01 7.842803359128485141e-01 7.858100337539629665e-01 7.828861469148933327e-01 7.773904411174046292e-01 7.729569305425230130e-01 7.744672031056498707e-01 7.846741420768906794e-01 7.803333562346705943e-01 7.795052711715280136e-01 7.564038830638272204e-01 7.642858164119196163e-01 7.804802867884674811e-01 7.523141769320663697e-01 7.655314758417481880e-01 7.727894944785143050e-01 7.825114612790626811e-01 7.799190011175345383e-01 7.886323554689644855e-01 7.860751388650180083e-01 7.949299232188746789e-01 7.891133644856229701e-01 7.916429786743750530e-01 7.813774322603038724e-01 7.903417496782467744e-01 7.671485911968382032e-01 7.741206712111106114e-01 7.689872975194275151e-01 7.742436823000229396e-01 7.787710457440824019e-01 7.712069535698271583e-01 7.586270978484898064e-01 7.770397868958004439e-01 7.694508052416682009e-01 7.772306436517786299e-01 7.780835459881104699e-01 7.841948262601035058e-01 7.490013537963441381e-01 7.686893066445890099e-01 7.715465568766420867e-01 7.659943817411977163e-01 7.592615563083704444e-01 7.713514046583406225e-01 7.704210889187201872e-01 7.712417126041093418e-01 7.593350902552162829e-01 7.740475091520142570e-01 7.839640984033067195e-01 7.847632527375644207e-01 7.825176558457366260e-01 7.835444655583940765e-01 7.802557959862446157e-01 7.795524404966501786e-01 7.802486630488443264e-01 7.791715116964919030e-01 7.779339310101002214e-01 7.778831630405409481e-01
6.564795699037921650e-02 1.752039849032928365e-01 3.763460849322612933e-01 5.254112793140369719e-01 4.056286367436668927e-01 5.284600295546529880e-01 6.892802512495286305e-01 7.195309451331335371e-01 7.841248661089853522e-01 7.173725667864359057e-01 1.000000000000000000e+00 8.511691707753734626e-01 7.563728699676626199e-01 8.043676360734696162e-01 8.519842940019332067e-01 8.490288544321371589e-01 7.951455420413693354e-01 7.279610655130085428e-01 7.692790543881476983e-01 5.817007851305828758e-01 6.982053246132838842e-01 7.751502094556519395e-01 7.202699076382131915e-01 7.045354937567366305e-01 7.743077187040888765e-01 8.299391899772818881e-01 8.449969162029072889e-01 8.482703624463117098e-01 8.418845124440786920e-01 8.293122708847217028e-01 8.684289709773178600e-01 8.625951146335056885e-01 8.132759820277970508e-01 8.433409939481748552e-01 8.419455182086109657e-01 8.289381191000007032e-01 8.614397327471097210e-01 8.675204568474386146e-01 8.825941918936244246e-01 8.299764712675509193e-01 8.774770641041389485e-01 8.800896859789739679e-01 8.471617932146259244e-01 8.788419560509912465e-01 8.773476569605507258e-01 8.819830048389034616e-01 8.808047983781251977e-01 8.857876203842273144e-01 8.817965093429011025e-01 8.576655718446788423e-01 8.644727446342842514e-01 8.239026507758941964e-01 8.645620211394696719e-01 8.808500410239750167e-01 8.684904668561090890e-01 8.731960519842745239e-01 8.618378307761810353e-01 8.766637569752341319e-01 8.776496628457248761e-01 8.836447941340626056e-01 8.869110708779829322e-01 8.805405264761714257e-01 8.760417074310421492e-01 8.730481353002902400e-01 8.772985974859649483e-01 8.775360442551015661e-01 8.892578392098952067e-01 8.919488319079603711e-01 8.870995664943555070e-01 8.765136216943764103e-01 8.836897739976830035e-01 8.932674316330453390e-01 8.702918854705572471e-01 8.795042692559118525e-01 8.882417403646651888e-01 8.928317629810420542e-01 8.878065750607655460e-01 8.916117825742790881e-01 8.942371325786709901e-01 8.937903294586914127e-01 8.937815034933217495e-01 8.978157525854235654e-01 8.873790473066418549e-01 8.871489370902508886e-01 8.807165403857851738e-01 8.843350692495955956e-01 8.822445076789070528e-01 8.844935793412491698e-01 8.868972306519380400e-01 8.820921587853620682e-01 8.777292892388773859e-01 8.872842498147618384e-01 8.874847080932543042e-01 8.890277280438595442e-01 8.859094858378809834e-01 8.882479808486500872e-01 8.716265485547121106e-01 8.779229673614182827e-01 8.828065216071355747e-01 8.791182285612246794e-01 8.774630004167678354e-01 8.807667726926645679e-01 8.815969283516283950e-01 8.845711715289599208e-01 8.816016145652455505e-01 8.787727835888249350e-01 8.886220215723876770e-01 8.874397248074638034e-01 8.868231044793061235e-01 8.880768077768882440e-01 8.860438596580239023e-01 8.866306856797672165e-01 8.857198738125502402e-01 8.863440291650636071e-01 8.880367320336221004e-01 8.843807714510251161e-01
-6.324196109582209220e-04 1.172575546358701343e-01 3.628751351979335182e-01 6.166752778007505986e-01 4.782597307230554984e-01 5.773717737865274868e-01 7.363509479515881750e-01 7.798243168354583865e-01 7.858401314654954728e-01 7.044922421432363580e-01 8.511691707753734626e-01 1.000000000000000000e+00 8.169668870999173826e-01 8.268275744611219835e-01 8.958685630849201331e-01 9.044144073830723274e-01 8.054008861560274513e-01 7.032766016930058761e-01 7.510126697187498035e-01 6.675183774707760254e-01 7.321748923980193613e-01 7.813667816291646195e-01 6.656709921748703573e-01 6.640491041246483483e-01 7.638602698215692932e-01 8.728595690097968873e-01 8.683133524556605476e-01 8.616607320598277386e-01 8.216888947135372323e-01 7.992002086750467083e-01 8.662641694562682737e-01 8.608186279636927951e-01 8.112394367642044024e-01 8.537800678098842466e-01 8.376038102745720915e-01 8.801253850803129053e-01 8.812973250495294009e-01 8.988147308057985452e-01 9.052256738288465554e-01 8.864983486938942114e-01 9.181910674779490966e-01 9.174611360133521076e-01 9.066660414057443607e-01 9.262464018087073203e-01 9.224786076608393337e-01 9.104421254756077664e-01 9.228322386275246147e-01 9.207679046671400913e-01 9.164434950414563907e-01 9.048205201134867925e-01 9.132484131554450268e-01 8.971409098785176894e-01 9.162799608369988080e-01 9.128219872091479781e-01 8.976743384257257485e-01 9.011261537945921551e-01 9.048595679987996299e-01 9.259798132986958308e-01 9.186918175686366039e-01 9.274835278155255658e-01 9.295337405431208788e-01 9.258705384133143479e-01 9.212073985936611864e-01 9.146534533681789370e-01 9.156190244789672583e-01 9.248787791293129334e-01 9.241156766017286639e-01 9.184708847891338568e-01 9.046278279583949145e-01 9.215305782686467051e-01 9.152779636971217769e-01 9.200191580533072511e-01 8.886798476094180943e-01 8.961871666528125058e-01 9.303643338835826393e-01 9.250240315930483570e-01 9.187294591854344716e-01 9.076184983275070728e-01 9.169012099024704820e-01 9.052043281156405552e-01 9.110033075416591464e-01 9.192603972048318806e-01 9.171062079145847479e-01 9.027447079847390476e-01 9.109403530587694142e-01 9.102570605176512064e-01 9.232584221869488683e-01 9.243798721336242696e-01 9.213480456973144328e-01 9.270348688473917242e-01 9.232986077334244257e-01 9.293508157838775707e-01 9.318702322114996717e-01 9.278615462203599895e-01 9.270879287644770983e-01 9.262925783801122526e-01 9.230538501696041731e-01 9.181749562374382778e-01 9.263728390579738514e-01 9.241496200223802138e-01 9.265294088326211375e-01 9.274010372199359420e-01 9.270795414001946622e-01 9.308931107890447976e-01 9.292741011397419593e-01 9.233359365718062373e-01 9.266989102616749463e-01 9.252300259854412401e-01 9.274758890979096781e-01 9.260074798932627083e-01 9.287819641038796981e-01 9.298121784092384656e-01 9.296677700144346801e-01 9.252390438267248385e-01 9.253268245888238708e-01 9.258817991018185589e-01
-1.322032180856027748e-03 1.148714272560563271e-01 3.143294329784401819e-01 4.852116750982936044e-01 4.863029049428936323e-01 5.244247410433987566e-01 7.079863854399456313e-01 7.301576782865165649e-01 7.098192252917007172e-01 6.580134098774590434e-01 7.563728699676626199e-01 8.169668870999173826e-01 1.000000000000000000e+00 7.653537603930897770e-01 8.363852016723138938e-01 8.439799147225582887e-01 7.287240594438566532e-01 6.271442901531523173e-01 6.712142628077525375e-01 5.807611665281063873e-01 6.222856503813917195e-01 6.843313164757378608e-01 6.037281215823714353e-01 5.981732820457821287e-01 6.779502950084953516e-01 7.859372408045017799e-01 7.740048771488974300e-01 7.763400423562570873e-01 7.333977718165864967e-01 7.240083090835975899e-01 7.892028776323924966e-01 7.766753409653386342e-01 7.278106505609326371e-01 7.787036579137919245e-01 7.713751861514499542e-01 7.983379666749693682e-01 8.085804299025102226e-01 8.131560660340692026e-01 8.300595341312940745e-01 7.863305285534674116e-01 8.347846813393339227e-01 8.394566093681985475e-01 8.313876894857672450e-01 8.474191206925816289e-01 8.356604332419637071e-01 8.290320579210981311e-01 8.491154877010657076e-01 8.485872923526046607e-01 8.347131867702930474e-01 8.140929374251567596e-01 8.236089506683657024e-01 8.190583209857622560e-01 8.338200739411248952e-01 8.309903988795140917e-01 8.101764610794399690e-01 8.200901361396064626e-01 8.067041435546534744e-01 8.496728590497464317e-01 8.270700591628490361e-01 8.485902989054269208e-01 8.486129166476068519e-01 8.435294850209461570e-01 8.356573309765076285e-01 8.337757006107618940e-01 8.289867955263061639e-01 8.394313236857777749e-01 8.491210580962378351e-01 8.413080056956319108e-01 8.294969649938728207e-01 8.378738254058734070e-01 8.261053345799623804e-01 8.407550573983912923e-01 8.172976338892834480e-01 8.217039406257079515e-01 8.524350781515940279e-01 8.418947426224305808e-01 8.421079655582228707e-01 8.283631579169975501e-01 8.380614720238340754e-01 8.321852930006843341e-01 8.407399013442473645e-01 8.430094460443471327e-01 8.391979834051386256e-01 8.341805516137803522e-01 8.447582291017905476e-01 8.417909544971609037e-01 8.492728898726736864e-01 8.511197716255042289e-01 8.517879791509916920e-01 8.505694312370130072e-01 8.446326467783880076e-01 8.532308362132603463e-01 8.557384242390243534e-01 8.542126915158753109e-01 8.564392878956549326e-01 8.549239310050726903e-01 8.476134309593480465e-01 8.439653103308489834e-01 8.547123178106704744e-01 8.507058174260541117e-01 8.542018249066406499e-01 8.542334779193584415e-01 8.530099037934100181e-01 8.590001526037521762e-01 8.544424631974318896e-01 8.415885673398748601e-01 8.510642307945539553e-01 8.528309152281026151e-01 8.517631179973197408e-01 8.523806461379809241e-01 8.506973154499076761e-01 8.573848304283605559e-01 8.534310183553345253e-01 8.546578609112088776e-01 8.472338401477548242e-01 8.510612227846716671e-01
