1.000000000000000000e+00 8.107315769715256470e-02 8.065187585694277850e-02 6.712838223735441423e-02 3.428744246182442029e-02 2.046037914393120452e-02 3.396870771562594815e-02 1.178065366108670131e-02 1.189368273247852076e-01 1.743934820654654411e-02 1.823868475500259323e-02 2.003969126123660710e-02 3.608334874155250810e-02 -2.616595270719167341e-03 1.886874174436244458e-02 2.773929736650735268e-03 1.044312552842399378e-01 8.633830811343888578e-02 6.229519099773156432e-02 8.502560330803127231e-02 8.186274980287729097e-02 5.400250278176815799e-02 1.010650428370185178e-01 7.547434265244089280e-02 6.047317297022058308e-02 6.351554129196235188e-02 5.948822435230890354e-02 5.340181507700360319e-02 9.058957523377379750e-02 8.156445574344746430e-02 4.714080743501857657e-02 4.013832129020411532e-02 4.665158070957033110e-02 5.193962163591712977e-02 6.193534474018923958e-02 3.361211388934361166e-02 2.864014442804855426e-02 9.727740131169147070e-03 3.475553815180625061e-02 8.068202993822921540e-03 2.409371683587105059e-02 1.750986099633648069e-02 -3.992781177414091165e-03 1.758897677152985312e-02 1.105575813927757792e-02 1.797932936183472413e-02 2.915839044019972928e-04 1.854303463353239659e-02 1.586180220118621823e-02 3.068454285815857066e-02 1.021622500686097251e-02 2.876204020563262811e-02 3.276772561569840821e-03 2.374602745493503350e-02 1.999431379848514920e-02 3.629812968102974491e-02 2.721362239119274468e-02 1.612096212023438405e-02 -8.085054031649293801e-03 9.671648261233706245e-03 -2.789562393808309084e-03 -4.949761072097675924e-04 -4.893012181851192494e-03 1.628078338749125789e-02 5.802600881954672607e-02 2.593559293337771923e-02 3.000009807181523713e-02 1.840418645412128865e-02 2.759654040056300564e-02 2.331759826609583128e-02 2.015238268465584584e-02 2.354335993634354071e-02 2.930208390605493901e-02 3.456972368818964775e-02 2.507125386337283324e-02 2.161991079522404893e-02 1.810635716398870804e-02 3.785147896387425909e-02 2.468141530714510964e-02 2.399495910565888415e-02 1.823737554803211980e-02 1.691296262267829448e-02 3.177425754363549099e-02 2.615037722781276067e-02 2.215992570163440381e-02 2.278481328603023520e-02 1.055717863407269752e-02 6.210601922420799954e-03 1.175275369947248114e-02 1.888682256831977768e-02 7.720875002152583974e-03 1.151725341277663565e-02 8.483650510962371938e-03 9.544965398088975719e-03 1.920850484768430897e-03 7.675211933762749773e-03 7.307397488566264900e-03 2.210085238590896520e-02 -5.738385690466769190e-03 4.784095611350716939e-03 -3.975531316674708188e-03 -1.725483620034096426e-03 6.895747101512129246e-03 7.544638910734403903e-03 1.775042008269265767e-02 7.830200848126116914e-03 1.218362052662098731e-02 1.205395440767722398e-02 1.214093804801578969e-02 1.085007637256225031e-02 -1.971697912802997370e-03 6.525374252135588034e-03 3.247879622467592618e-03 8.269314293314837527e-03 3.554045555017627811e-02 1.367129297981522010e-02
8.107315769715256470e-02 1.000000000000000000e+00 8.254798651226753770e-02 1.004730357089494291e-01 8.513341051522448077e-02 9.881860994791258346e-02 1.889097272331939359e-01 1.426184484118991902e-01 1.696579008711804337e-01 2.315754106007348878e-01 1.459684955067964141e-01 1.397657776044836375e-01 1.590744627189388527e-01 1.116206718252984037e-01 1.666076516210427683e-01 1.471975721292435868e-01 1.522441969702751918e-01 1.706769081965478219e-01 1.441109840042662515e-01 1.387302062501636901e-01 1.083341688224010030e-01 1.191980298955629958e-01 1.703639886558368788e-01 1.635453869589567899e-01 1.328505007397203508e-01 1.514819556560778602e-01 1.482586896197765347e-01 1.719862011075198593e-01 1.819632348848708447e-01 1.705075495600077706e-01 1.636093604022648973e-01 1.646161869499987440e-01 1.478820755357657946e-01 1.666654960757179837e-01 1.712148417837413839e-01 1.374798359103263368e-01 1.678101911934682666e-01 1.409126340290187684e-01 1.556246476161023684e-01 1.430024060821213916e-01 1.521904460544572790e-01 1.429911797924805772e-01 1.296666576278162897e-01 1.380183826932340208e-01 1.385987161371072529e-01 1.560352268931974318e-01 1.476183206544209037e-01 1.658282576497130678e-01 1.430228537579167625e-01 1.020535837171301224e-01 1.234392130506694885e-01 1.037100565175033129e-01 1.322737723451899716e-01 1.721488587633841771e-01 1.628112111720194377e-01 1.738359000033386781e-01 1.357955664886051628e-01 1.561469010599937091e-01 1.483616864636166932e-01 1.526608033730685043e-01 1.451732201534716438e-01 1.563817832617821479e-01 1.444227232747429535e-01 1.388169081484156575e-01 1.478883173796952943e-01 1.540012214691106052e-01 1.586091540424459934e-01 1.574028005797579732e-01 1.593990849914144470e-01 1.547118963677758807e-01 1.402960487967463699e-01 1.543077325910501563e-01 1.615281828671570052e-01 1.562597662061236403e-01 1.523522610635043573e-01 1.574735255388513555e-01 1.530597340841825249e-01 1.669607068561979046e-01 1.588107461855282065e-01 1.663053610398391446e-01 1.563583524585542839e-01 1.613417874937756458e-01 1.685761894862118082e-01 1.590655385418799361e-01 1.417009507559042203e-01 1.539770983673252047e-01 1.544094514905666737e-01 1.546415471875372816e-01 1.585012575592573414e-01 1.639129078694044062e-01 1.509457186413208085e-01 1.517784406839683409e-01 1.520826611189542432e-01 1.536488085465336495e-01 1.558874575086861003e-01 1.599795635981211550e-01 1.223721919163071187e-01 1.340647850236163785e-01 1.445997930187821190e-01 1.371442547276458535e-01 1.400529832278743503e-01 1.449950486696355567e-01 1.413146527451941969e-01 1.459093569356888220e-01 1.404576043200394531e-01 1.587598804217599802e-01 1.482818273366647011e-01 1.642343844612162984e-01 1.595563323337313155e-01 1.489673307860107931e-01 1.550504812934672405e-01 1.582122961830332297e-01 1.557997134991239707e-01 1.494374041397285302e-01 1.519578584767397045e-01 1.565415175471098208e-01
8.065187585694277850e-02 8.254798651226753770e-02 1.000000000000000000e+00 3.614467134885722133e-01 1.854600205109010191e-01 2.617801805406772542e-01 2.983972294051511209e-01 2.902105467865039867e-01 3.342263362876032873e-01 2.813862114154775940e-01 3.648713982044917148e-01 3.761766297989715957e-01 3.074748908045634721e-01 2.988786990670301846e-01 3.581550393681602884e-01 3.425552726224067590e-01 3.667747959509427558e-01 3.378733296306660749e-01 3.590959872613223025e-01 3.135378586952954350e-01 3.563703827324382623e-01 3.672390858161220795e-01 3.264050650857120428e-01 3.328145142785813859e-01 3.422663443808729999e-01 3.608307994337506819e-01 3.637650261054047873e-01 3.757500141620437883e-01 3.573180621121185285e-01 3.884347084032743758e-01 3.728570658024106255e-01 3.720787391992930182e-01 3.793228284216597634e-01 3.795274579645231405e-01 3.851698426792320995e-01 3.549877600260103461e-01 3.886343034170476329e-01 3.708013273511782115e-01 3.751217176159856725e-01 3.633081355958087677e-01 3.578337818579653273e-01 3.732221047083367216e-01 3.526128471344220916e-01 3.644425492634431052e-01 3.725485069744222666e-01 3.690291562751366050e-01 3.581186532101434672e-01 3.689564807245434563e-01 3.621231582075419286e-01 3.606383582447222902e-01 3.594759145769276243e-01 3.698567347126493488e-01 3.479298532883932094e-01 3.646935581588549580e-01 3.610778108491691785e-01 3.621206939853613971e-01 3.605761819249039823e-01 3.606955298533437992e-01 3.602791374650800571e-01 3.587500758489783892e-01 3.567705892154619529e-01 3.567681905354129213e-01 3.534038843155122289e-01 3.566363502727521451e-01 3.748600324810407169e-01 3.705110783202920643e-01 3.667401008145479424e-01 3.675017508699632285e-01 3.696222949722549611e-01 3.744354741587372915e-01 3.769300365111075135e-01 3.777508281457527262e-01 3.649072607083456155e-01 3.679122313771411301e-01 3.636536429041067886e-01 3.657880607859116950e-01 3.678212504699542862e-01 3.688826584793084007e-01 3.635554494655885982e-01 3.682714689158784749e-01 3.668374658789543830e-01 3.602305858611747347e-01 3.743729137276687879e-01 3.743981689839976923e-01 3.747709026863208503e-01 3.716350824338445213e-01 3.677712009027729323e-01 3.698268120680081594e-01 3.699827881583710454e-01 3.653867653214562528e-01 3.709375171283289530e-01 3.662104431029630791e-01 3.657270216427365717e-01 3.672671880548583068e-01 3.628423429689923707e-01 3.627802496267014121e-01 3.567878188477669466e-01 3.601337415483726323e-01 3.562290064880592189e-01 3.661871035327168289e-01 3.619271847612824389e-01 3.630603397903768292e-01 3.643247406103283237e-01 3.602717385065023481e-01 3.681699259871850649e-01 3.619564317862446479e-01 3.623798833829858235e-01 3.644048591672278126e-01 3.650758984412640906e-01 3.624652914287283534e-01 3.637887001384532137e-01 3.620529147891910493e-01 3.616529822037777286e-01 3.620284106881865305e-01 3.739107548879478382e-01 3.676214748921328712e-01
6.712838223735441423e-02 1.004730357089494291e-01 3.614467134885722133e-01 1.000000000000000000e+00 3.163555098728080273e-01 3.751783587000448450e-01 5.241135834862759024e-01 5.414602807668158491e-01 4.834601245049184315e-01 4.560014614729345772e-01 5.381523939404376788e-01 6.296708402584948461e-01 5.250982095621425927e-01 4.721999732228375213e-01 5.648057509782634655e-01 5.857307250546864852e-01 4.992287105705459083e-01 4.403824175652917838e-01 5.018781337769084860e-01 4.345418533861205024e-01 5.103310542329096977e-01 5.521014016698735372e-01 4.071315881952448645e-01 4.241608762017503587e-01 4.627020902570188610e-01 5.270177228342193265e-01 5.222613442572291431e-01 5.350739397876131953e-01 4.961018105018454860e-01 5.456137354520333993e-01 5.383018991113236451e-01 5.324952387263381937e-01 5.428970662761144483e-01 5.392424027520597019e-01 5.491676728377949956e-01 5.677395695796662034e-01 5.478524005575838851e-01 5.727710917891041253e-01 5.605796536263647489e-01 5.723562027898825288e-01 5.540555070791330916e-01 5.677721780084028502e-01 5.688859424232948214e-01 5.762185488706546010e-01 5.751195923369598617e-01 5.541901989733324374e-01 5.590650208497721652e-01 5.578735733305062450e-01 5.729055586012979928e-01 5.784030492499628862e-01 5.749045744802017133e-01 5.879354284165896338e-01 5.812605716073249162e-01 5.664677972533468386e-01 5.659898257493036766e-01 5.367613630120124935e-01 6.004658917867937706e-01 5.691285862394819262e-01 5.764230529060732078e-01 5.765623367053896997e-01 5.787332950799637388e-01 5.779466073955995542e-01 5.775872568786124539e-01 5.728524867876155779e-01 5.768572858149121352e-01 5.984423754939830475e-01 5.531058957843533186e-01 5.479924625417235129e-01 5.433713954460985818e-01 5.705375194863622212e-01 5.763500370765300973e-01 5.612481410656662284e-01 5.389558233191662495e-01 5.306329672288159216e-01 5.528792380533510409e-01 5.571079646481481573e-01 5.554462597942170232e-01 5.454907282374888977e-01 5.448946404120376119e-01 5.515139732553481222e-01 5.522593531400245004e-01 5.520521577284944748e-01 5.724845907164660685e-01 5.589287632932036232e-01 5.717855277989024598e-01 5.601905215968669971e-01 5.638913828138115703e-01 5.695513330992395540e-01 5.659942359142768886e-01 5.636264069704082225e-01 5.667652144491148736e-01 5.646941998215464498e-01 5.661413577046877643e-01 5.648497642265711827e-01 5.624682408298806724e-01 5.629203157348882103e-01 5.829516049421444857e-01 5.869559543162969906e-01 5.728941940654939113e-01 5.723586869631458462e-01 5.727937488373145980e-01 5.832493894553566482e-01 5.758436182303136031e-01 5.683499174480867167e-01 5.869819906798636744e-01 5.852624661413574625e-01 5.767282205881876234e-01 5.624499388634046637e-01 5.666210132745812533e-01 5.728307052972322344e-01 5.754388233757112836e-01 5.685388714241880193e-01 5.720312792301066596e-01 5.736444701510375888e-01 5.754834087026773348e-01 5.852129331011634017e-01
3.428744246182442029e-02 8.513341051522448077e-02 1.854600205109010191e-01 3.163555098728080273e-01 1.000000000000000000e+00 2.920893551761334361e-01 4.670202751296576582e-01 4.571057764990721362e-01 4.309547827874019577e-01 4.008372623141223667e-01 4.392653087834751946e-01 4.752503677770013035e-01 4.939509988928261208e-01 4.111973361575387842e-01 4.936136370819678154e-01 4.997452939154293228e-01 4.347388350005630397e-01 4.041173978371351283e-01 4.225447776723622040e-01 3.569537300643610411e-01 3.769263324317859154e-01 4.190352778312118609e-01 4.185150421198393644e-01 3.978862140463591546e-01 4.153247834813912909e-01 4.586648618277217593e-01 4.483487621338294038e-01 4.617646972146814965e-01 4.615561819802945775e-01 4.665983771089375343e-01 4.786102418566425820e-01 4.862092904796908588e-01 4.700883718954709245e-01 4.782505835544926254e-01 4.705122183434182204e-01 4.729669833307186821e-01 4.724637642167672791e-01 4.861696374764480355e-01 4.838927756509851519e-01 4.747460558310455103e-01 4.788733847753527395e-01 4.930818488442603731e-01 4.793497580253666679e-01 4.907421402082914885e-01 4.832702428956023311e-01 4.850833688030411484e-01 4.874152083880420872e-01 4.920839860300615931e-01 4.792278312085834213e-01 4.600993605224393823e-01 4.781105759110607645e-01 4.706366632526388649e-01 4.780552866343018015e-01 4.899586853321889479e-01 4.866895978034345704e-01 4.832711835212631368e-01 4.689762884046373426e-01 4.875705617743494313e-01 4.758638870816569444e-01 4.910204240124784736e-01 4.835154536254156477e-01 4.842328394939947045e-01 4.778529496898885620e-01 4.777448549258080379e-01 4.794311306334531064e-01 4.820513921421197279e-01 4.883121317074351486e-01 4.903764252524307476e-01 4.918991172931845290e-01 4.813233600478005192e-01 4.812884633132573642e-01 4.811840494747359198e-01 4.797023951387137664e-01 4.753312433871125786e-01 4.848625045324026495e-01 4.867430047856102227e-01 4.857200101201515907e-01 4.825869495935974363e-01 4.861107763612336763e-01 4.911538171349218995e-01 4.902147131645092637e-01 4.906219331140817541e-01 4.946403788332547347e-01 4.921184243516687484e-01 4.869903989068419259e-01 4.901681075243196628e-01 4.911154138367682664e-01 4.930087644004605418e-01 4.927483406333308946e-01 4.862084448419284888e-01 4.896078070683853589e-01 4.909966464990137558e-01 4.910739772410375736e-01 4.902532932409323640e-01 4.900476500744354036e-01 4.901742157873678618e-01 4.793311117508030073e-01 4.771315364575507423e-01 4.834883741790773071e-01 4.848138073281509919e-01 4.860157214709037166e-01 4.876342598276303675e-01 4.891142300604868209e-01 4.905892730439793126e-01 4.916223683501990127e-01 4.839921895103797000e-01 4.901768217139295114e-01 4.904429917809162154e-01 4.926375778933017591e-01 4.902096050070612887e-01 4.893271548290697992e-01 4.922681907582560634e-01 4.903588910781806476e-01 4.869853156478261558e-01 4.890772142835793646e-01 4.881211098094687117e-01
2.046037914393120452e-02 9.881860994791258346e-02 2.617801805406772542e-01 3.751783587000448450e-01 2.920893551761334361e-01 1.000000000000000000e+00 5.037556910034834967e-01 4.688936668819153053e-01 5.387510579851069181e-01 4.774198912947120177e-01 5.290809329138099759e-01 5.604003249756375205e-01 4.960897373840923441e-01 4.969330753200668638e-01 5.705045335219768310e-01 5.643186063580701850e-01 5.460162835856429142e-01 4.931695685702676690e-01 5.352589407263802501e-01 4.349170598794802611e-01 4.781388900955414467e-01 5.406497794995487327e-01 4.846343335411557596e-01 4.733508250532888484e-01 5.173416265119189505e-01 5.760750669787321199e-01 5.642046034661550857e-01 5.739710430381365081e-01 5.567758929402454315e-01 5.765528207624197599e-01 5.836045704602241813e-01 5.642251893031493548e-01 5.495874701984679866e-01 5.690548012137147671e-01 5.613391810884954536e-01 5.695744599761076721e-01 5.773921039997391702e-01 5.854901340806634158e-01 5.849385231395949347e-01 5.746137565881943576e-01 5.940928153315541138e-01 5.936577861616165741e-01 5.899415227400753858e-01 5.944650155474832109e-01 5.954318485131812055e-01 5.900905477052676984e-01 5.889429314267659032e-01 5.951532598574897914e-01 5.814519588283858509e-01 5.514906797597783905e-01 5.812738246411540688e-01 5.565887398751849791e-01 5.708389168984533413e-01 5.835296982973242619e-01 5.758146962923287315e-01 5.842805976558999026e-01 5.602464700192341107e-01 5.913722600861398560e-01 5.800464609846121000e-01 5.960873096781532654e-01 5.794520450520380672e-01 5.818221266087463261e-01 5.770003456020639243e-01 5.827630991661429949e-01 5.809230586929480245e-01 5.840441332421772991e-01 5.965253920990436498e-01 5.928592890497851320e-01 5.879511336294184209e-01 5.871829475230611051e-01 5.969115052529309073e-01 6.000416992777205527e-01 5.798265421381230134e-01 5.866004303888366911e-01 6.031716963465988401e-01 6.004816513577593273e-01 6.025923139236800674e-01 5.911945009318634314e-01 5.907033991311207988e-01 5.916740964586496565e-01 5.955323579372560072e-01 5.946574428406016244e-01 5.919991545677445455e-01 5.922039569259578418e-01 5.893858719494002862e-01 5.911755199501873559e-01 5.997090657348120857e-01 5.970272873437092453e-01 6.065965196615499266e-01 5.980849663507301628e-01 5.985133144587808651e-01 6.008304415086238581e-01 6.003123391259732600e-01 6.023887429907408553e-01 5.935461264614100285e-01 5.962956656698698010e-01 5.787575106937760117e-01 5.712677260249784394e-01 5.849117033752869732e-01 5.908367253640031125e-01 5.955214712748233552e-01 5.890667819681665307e-01 5.898047957900234284e-01 5.981112601222091651e-01 5.946734698134402697e-01 5.787717289941276544e-01 5.878823272812948586e-01 5.977726747001902430e-01 5.935931132213806416e-01 5.931676903245753918e-01 5.941895846452952545e-01 5.907604209607891788e-01 5.927329052957418520e-01 5.918107087614288275e-01 5.946871995766723762e-01 5.875962857159394703e-01
3.396870771562594815e-02 1.889097272331939359e-01 2.983972294051511209e-01 5.241135834862759024e-01 4.670202751296576582e-01 5.037556910034834967e-01 1.000000000000000000e+00 7.071614699112773739e-01 7.070979960297886224e-01 6.925786350742020314e-01 7.321938559655626344e-01 7.715839014469253465e-01 7.051670064375024083e-01 6.550406254295253472e-01 8.245736518656177072e-01 7.849777029872118117e-01 7.090930508132901045e-01 7.045151769452445700e-01 7.201965349396735050e-01 6.293042535774506785e-01 6.304473718301858431e-01 7.226301869306124281e-01 6.829892598219835520e-01 6.784409615671277427e-01 7.041950632021681811e-01 7.803234416055557787e-01 7.769280555582872561e-01 7.844645632143580904e-01 7.573568192210610173e-01 7.809237208910352335e-01 7.906370277424278337e-01 7.948784911756090477e-01 7.617665815182316225e-01 7.808857298269445968e-01 7.660972557492198298e-01 7.710267809579511855e-01 7.796762442867540832e-01 7.891940038147471359e-01 7.917576792685451226e-01 7.853548690172561519e-01 8.015759369831348957e-01 8.013616381441432956e-01 7.900087349257726155e-01 8.017849657407435382e-01 8.052152772323273311e-01 7.972234587882317536e-01 7.943673224512581843e-01 8.002767794815492941e-01 7.928710149161580789e-01 7.645018166528597670e-01 7.896806623905548994e-01 7.744643592202351545e-01 7.916734273850110082e-01 7.891127930462916718e-01 7.919477551228987222e-01 7.942443164960811819e-01 7.633915601766085857e-01 7.929567483086833457e-01 7.828375145867887408e-01 7.900733398797931128e-01 7.933725220638501163e-01 7.764157379301603878e-01 7.766628698027939759e-01 7.774695792027960239e-01 7.846308116766068652e-01 7.851857510299670162e-01 7.954668726738428619e-01 7.969498356118421833e-01 8.030226861291130946e-01 7.919331824532461761e-01 7.913954883503970805e-01 7.998566141975146371e-01 7.921689218883011252e-01 7.918374542991619691e-01 8.028620317446065746e-01 8.056388032052775872e-01 8.049498162262426204e-01 7.967954298053840922e-01 8.076121006030905214e-01 8.059811587054922510e-01 8.060316107286208398e-01 8.012036296989364370e-01 8.062037891373020626e-01 7.980896260153931276e-01 7.974307773481534856e-01 8.044996167964894029e-01 8.038779040740471338e-01 8.040888290094930779e-01 8.056300795090726163e-01 8.054251196801890389e-01 8.091476148989196204e-01 8.030265938388608804e-01 8.061389826732394681e-01 8.045226982011967065e-01 7.957887561687616573e-01 7.976960215899123741e-01 7.815915909442170406e-01 7.794106337975786891e-01 7.943318816994451304e-01 7.968505939258702098e-01 7.967886262732014613e-01 7.966335322393759411e-01 7.990273387250467207e-01 7.964533786023829665e-01 7.981190946343202919e-01 7.806252276106470100e-01 7.946352543710956118e-01 7.995381349835941620e-01 8.042026864223231764e-01 7.967977327918157604e-01 7.944550245465502591e-01 7.940035478549426484e-01 7.932108157533200865e-01 7.925955502655067653e-01 7.944471594080643184e-01 7.909498833486597880e-01
1.178065366108670131e-02 1.426184484118991902e-01 2.902105467865039867e-01 5.414602807668158491e-01 4.571057764990721362e-01 4.688936668819153053e-01 7.071614699112773739e-01 1.000000000000000000e+00 6.627195043754345871e-01 6.328866360678533365e-01 6.781364014844463162e-01 7.584855011107575207e-01 6.899108156688621429e-01 6.406929672721318747e-01 7.637962996626592727e-01 7.919467633052411637e-01 6.654225890528159271e-01 5.926273792613223623e-01 6.207161092535560254e-01 5.670523486826591908e-01 5.808406694535783732e-01 6.440304064421319419e-01 5.815422407622139467e-01 5.722976813470866952e-01 6.033159954819818926e-01 7.077376194604001469e-01 7.099488252117741593e-01 7.050043711407412150e-01 6.883247461825274804e-01 7.061764382047496236e-01 7.345853623063116622e-01 7.263970290816267328e-01 7.042308890009671973e-01 7.141765984598648087e-01 7.168686397555105172e-01 7.288985526200082443e-01 7.144968451776283480e-01 7.631078139088426360e-01 7.409175772061749043e-01 7.391533054766951105e-01 7.453244270445859021e-01 7.537652937628661620e-01 7.473909615105828186e-01 7.589410837006144162e-01 7.484949474213545839e-01 7.443440772013263373e-01 7.620874553006758978e-01 7.571756590785432284e-01 7.702153518380763231e-01 7.586675337579742440e-01 7.689480320710220251e-01 7.551406974383402249e-01 7.661500918298185248e-01 7.587470791247102886e-01 7.737747173476205997e-01 7.408558835859017089e-01 7.785834183338575798e-01 7.617412570096738778e-01 7.734462459218504060e-01 7.621388835985413168e-01 7.771840348048431046e-01 7.675963868880234520e-01 7.730325571529893525e-01 7.643719516746222409e-01 7.513184300830089146e-01 7.760734479079192116e-01 7.472836666789781646e-01 7.432824017471700850e-01 7.460866885744725785e-01 7.566563379465635064e-01 7.436655942027293742e-01 7.420844957190811941e-01 7.258363170540774734e-01 7.237785071666367198e-01 7.518864494270934840e-01 7.549859350629936072e-01 7.480525035904617148e-01 7.500471379913368208e-01 7.472033708925420736e-01 7.558443995321935116e-01 7.541487391714357669e-01 7.559683896496244282e-01 7.631169620374655960e-01 7.552140099806115003e-01 7.634801413719221053e-01 7.513488081259445117e-01 7.530005351255322221e-01 7.647673597357713682e-01 7.584465455706089765e-01 7.560994819978164028e-01 7.549469813399606322e-01 7.588696736811154642e-01 7.587483944654085377e-01 7.586736940580692812e-01 7.612552311505971225e-01 7.612176733712673338e-01 7.705056594178159024e-01 7.779348830225152334e-01 7.746942742140910942e-01 7.673025571645967213e-01 7.623461979954709866e-01 7.782457035031994375e-01 7.685886069767997597e-01 7.630366113794915250e-01 7.714555791576489518e-01 7.737171826435274014e-01 7.754080598476184027e-01 7.602423287397761520e-01 7.681031094272565696e-01 7.676612727099902944e-01 7.683969049424631548e-01 7.617678112052446160e-01 7.664735839149504626e-01 7.688915582637412260e-01 7.588469693637206470e-01 7.716033940986904982e-01
1.189368273247852076e-01 1.696579008711804337e-01 3.342263362876032873e-01 4.834601245049184315e-01 4.309547827874019577e-01 5.387510579851069181e-01 7.070979960297886224e-01 6.627195043754345871e-01 1.000000000000000000e+00 7.173220078815474299e-01 7.702390339416896881e-01 7.934165275892850477e-01 7.467054055667372570e-01 6.837764233685910131e-01 8.277618571126448277e-01 8.122139090833891961e-01 7.991043551464150907e-01 7.407832619496179660e-01 7.551911644887786546e-01 6.345052851795477400e-01 6.783578238795663351e-01 7.565556787934302196e-01 7.381924596711654241e-01 7.209297734479950259e-01 7.594903765519125383e-01 8.226213832898657818e-01 8.235094499783541799e-01 8.047155390800870833e-01 8.197880718738735917e-01 8.166292727391184503e-01 8.552726360760950497e-01 8.353143425310934900e-01 7.737969481722802856e-01 8.297857799083955266e-01 7.965070512273934034e-01 8.190123442577277313e-01 8.136704695812214672e-01 8.330325043476173308e-01 8.441036253941606171e-01 7.972762259712861121e-01 8.510342201160007169e-01 8.480030421574320521e-01 8.316494871511311837e-01 8.555868051351379622e-01 8.451327926278264790e-01 8.450304667497685607e-01 8.566271577269521931e-01 8.663469515568668067e-01 8.522178291986323151e-01 8.133564601079569245e-01 8.433031770134485905e-01 8.195090512539370264e-01 8.359373709580310008e-01 8.561372945806789980e-01 8.486704329636753918e-01 8.582870175022878634e-01 8.239646575393809735e-01 8.527956698797273249e-01 8.354327850515587128e-01 8.565756565815252355e-01 8.454552931737767674e-01 8.409888161002628815e-01 8.335387843314311374e-01 8.484730513007425756e-01 8.588356472797102903e-01 8.479067769499453178e-01 8.670303092291355984e-01 8.624907477633541042e-01 8.621873887771638323e-01 8.475915885367588665e-01 8.551659237289959137e-01 8.612309932441958304e-01 8.498644728631696843e-01 8.612619473239602197e-01 8.672597735060773028e-01 8.604061672192755417e-01 8.600986662521906689e-01 8.644063042698341137e-01 8.638059133239262000e-01 8.656236490902516900e-01 8.639160991936882805e-01 8.675234949601797751e-01 8.688922985593883208e-01 8.536837151303835469e-01 8.556299257812062242e-01 8.627939150992720574e-01 8.588408281396376909e-01 8.588150306759825270e-01 8.618228618331366109e-01 8.641061422396182357e-01 8.542769096485050007e-01 8.643162886876993856e-01 8.608088131422499956e-01 8.626502827424326059e-01 8.608217725638598328e-01 8.645279820707506557e-01 8.392085157840796228e-01 8.407704599429652870e-01 8.485040814478901350e-01 8.566661349040655127e-01 8.545938560804313688e-01 8.494080351415355112e-01 8.558201068552039326e-01 8.605549816228799109e-01 8.597420370714241589e-01 8.422546646941477810e-01 8.587125460697115908e-01 8.670387849235011712e-01 8.646459168886166946e-01 8.614904845758418750e-01 8.527897964653866625e-01 8.616154960638564564e-01 8.574834487511345804e-01 8.588984130282919516e-01 8.685639625618272186e-01 8.564084905537717729e-01
1.743934820654654411e-02 2.315754106007348878e-01 2.813862114154775940e-01 4.560014614729345772e-01 4.008372623141223667e-01 4.774198912947120177e-01 6.925786350742020314e-01 6.328866360678533365e-01 7.173220078815474299e-01 1.000000000000000000e+00 7.196730011860488219e-01 7.437983959422952429e-01 6.987452644574215777e-01 6.449720439938394501e-01 7.878133238458181475e-01 7.626091170842582700e-01 6.952888683428355421e-01 6.829490710378415264e-01 6.757210841789974554e-01 5.835280829987009588e-01 5.999701745669729913e-01 6.671191364539816870e-01 6.775884657148956158e-01 6.558584144430331664e-01 6.717758768702946082e-01 7.493487778380810704e-01 7.435210714389712816e-01 7.509748845905031001e-01 7.523780675566518195e-01 7.522119622200280631e-01 7.871411183133887324e-01 7.760813857370258972e-01 7.215858878460946757e-01 7.655431330661236489e-01 7.427784198752406253e-01 7.486370983792490774e-01 7.578853037955312066e-01 7.795659112759042442e-01 7.845523896155214283e-01 7.538082103678658275e-01 7.899368364187016045e-01 7.838946014265925077e-01 7.660709746964406985e-01 7.840877869559511604e-01 7.734605635684259628e-01 7.840786973333471188e-01 7.986532567585861164e-01 8.067166227863672434e-01 7.910254913199128435e-01 7.382750706295989618e-01 7.756153557375395913e-01 7.317542169440830468e-01 7.686353788931243880e-01 8.022277949960315846e-01 7.913256291467597459e-01 7.966330749826369129e-01 7.642839735436639526e-01 7.939453572404927550e-01 7.893255475733605975e-01 7.949279365858774593e-01 7.903871050257982311e-01 7.935394653757854577e-01 7.857114000172272794e-01 7.824555883713230076e-01 7.755501905293054055e-01 7.879683846255897128e-01 7.994138764226480509e-01 7.958617303609568649e-01 7.981927744943220215e-01 7.830839920673589027e-01 7.788760990518359684e-01 7.896882355063361558e-01 7.842787645419326825e-01 7.866244553343442192e-01 7.962128029329014200e-01 7.970780994518070761e-01 7.917563870045897234e-01 7.985682697198217550e-01 7.987603544385651899e-01 8.025942423737312259e-01 7.974142894162272732e-01 8.036551840412903269e-01 8.024294476415225752e-01 7.941399856532824764e-01 7.887243139759827493e-01 7.968281925395763743e-01 7.970048850169539900e-01 8.022927489573544735e-01 8.004295622754282746e-01 8.007281551131236741e-01 7.949300450317151601e-01 7.996802693457194522e-01 7.952035335314697750e-01 7.994048826470894209e-01 8.015091346948463036e-01 8.041841131165308187e-01 7.726793607401716280e-01 7.730062244234979785e-01 7.923018215795168961e-01 7.908284140929082717e-01 7.908311829686099914e-01 7.939154478187837594e-01 7.887254196332726952e-01 7.949710331950060604e-01 7.881788646161780321e-01 7.884378021785520829e-01 7.958645032104576522e-01 8.037452439218342182e-01 8.045397453663195586e-01 7.973098830491851530e-01 7.990054130985678738e-01 8.005772834531084126e-01 8.006783091349560788e-01 7.960517386271994678e-01 7.900147224414748592e-01 7.949631527285649923e-01
1.823868475500259323e-02 1.459684955067964141e-01 3.648713982044917148e-01 5.381523939404376788e-01 4.392653087834751946e-01 5.290809329138099759e-01 7.321938559655626344e-01 6.781364014844463162e-01 7.702390339416896881e-01 7.196730011860488219e-01 1.000000000000000000e+00 8.444198178518983466e-01 7.546182983866781546e-01 7.002510591945892982e-01 8.445124189810193638e-01 8.295038460632152555e-01 7.888293600641388403e-01 7.441786830913672546e-01 7.718379235081759271e-01 6.345836428814245478e-01 6.922935787399755458e-01 7.763856469861843967e-01 7.202555907169512217e-01 7.026004240038855597e-01 7.563141066563888737e-01 8.444927982120513654e-01 8.388136000517270041e-01 8.339891764861034895e-01 8.328500149823877541e-01 8.399097808262072640e-01 8.597551637883774633e-01 8.509279408992505012e-01 8.175275166189078790e-01 8.393813317672419450e-01 8.323183267078284597e-01 8.346972411919713064e-01 8.483219648337615437e-01 8.682327296205430978e-01 8.689144099514162223e-01 8.425756209745748349e-01 8.790230463022687957e-01 8.804111397718726861e-01 8.573218417046308826e-01 8.808996717014827560e-01 8.730779498363258062e-01 8.750128592493382484e-01 8.808846357460887733e-01 8.837253588366592583e-01 8.765140593283330395e-01 8.357060550794849219e-01 8.687275607305258163e-01 8.328686547831730680e-01 8.595306509629122571e-01 8.755995201360561309e-01 8.697077740445555705e-01 8.709137744389506830e-01 8.445916063284190090e-01 8.780594068590849011e-01 8.679409009651112283e-01 8.808533889758261015e-01 8.678795399001820732e-01 8.688953895538293892e-01 8.661286046541153416e-01 8.652328977345621341e-01 8.661244961741867421e-01 8.664802043961302713e-01 8.837293791298936885e-01 8.819800289534120985e-01 8.781050987639397176e-01 8.653469346265848516e-01 8.796588774425212476e-01 8.836354429258990173e-01 8.594619010075502663e-01 8.718933967647782834e-01 8.864527271690841870e-01 8.856435136654345897e-01 8.845840249808101241e-01 8.809754121147703732e-01 8.814927510831488400e-01 8.844503454347597549e-01 8.833002497196018599e-01 8.852795772946751018e-01 8.835295576529459405e-01 8.821743893183094931e-01 8.799919976792013321e-01 8.829075640907912970e-01 8.840776321114969249e-01 8.875377043954314482e-01 8.877983924599757160e-01 8.831489691042724299e-01 8.855965033079277182e-01 8.872718906615412182e-01 8.879665849234351649e-01 8.877040869285315328e-01 8.854767575207027619e-01 8.868948391558288957e-01 8.679532872429235324e-01 8.618495861313862916e-01 8.770103661150518981e-01 8.839241328208710113e-01 8.801549790869910295e-01 8.771771316278587083e-01 8.797636717990443556e-01 8.863281183438865840e-01 8.798035782873742106e-01 8.677500166557671202e-01 8.806472483604484980e-01 8.864187264546909972e-01 8.859454540976221537e-01 8.845972542390023730e-01 8.833237917087358726e-01 8.842136833384669492e-01 8.819653895226876594e-01 8.804152700552305699e-01 8.827388546712222617e-01 8.772667305658654602e-01
2.003969126123660710e-02 1.397657776044836375e-01 3.761766297989715957e-01 6.296708402584948461e-01 4.752503677770013035e-01 5.604003249756375205e-01 7.715839014469253465e-01 7.584855011107575207e-01 7.934165275892850477e-01 7.437983959422952429e-01 8.444198178518983466e-01 1.000000000000000000e+00 7.991182766350293232e-01 7.436170907420008858e-01 8.895149855351631718e-01 8.867623342292992872e-01 8.098530784375176372e-01 7.298558043056000422e-01 7.807792490384147799e-01 6.601643776732478708e-01 7.371910893036758283e-01 8.100488688418213679e-01 7.042899043487385047e-01 6.970073101576428343e-01 7.639595195952206819e-01 8.519032449247178063e-01 8.542602509656332943e-01 8.415713173511288892e-01 8.343493262499389607e-01 8.569345397397104547e-01 8.911804270968878283e-01 8.662675899272924696e-01 8.329516299756142272e-01 8.596021198690451115e-01 8.517553882315560543e-01 8.728654834455629175e-01 8.672155189612178461e-01 9.056958187981719588e-01 8.944007720696638408e-01 8.746927806311965981e-01 9.010913784916373404e-01 9.067213501206735637e-01 8.963422337267210604e-01 9.147208376039827060e-01 9.032246759265634140e-01 9.005245910819643651e-01 9.171676334515926898e-01 9.148923710167902179e-01 9.148547194368095159e-01 8.847247412708660885e-01 9.091004516269850511e-01 8.911971455269330766e-01 9.092266533887647384e-01 9.129979320082275418e-01 9.107085660217686396e-01 8.932553097835065348e-01 9.100904481401439483e-01 9.195191828533844092e-01 9.171497538370506630e-01 9.226153498332663183e-01 9.171554483439990912e-01 9.175223524847916368e-01 9.166818502122388024e-01 9.113868237044951970e-01 9.089576675537277550e-01 9.222130813113127434e-01 9.121789317350301740e-01 9.065139901472835104e-01 9.012073616779961993e-01 9.051829020715072005e-01 9.143091765318814845e-01 9.096404748233243298e-01 8.838619615382748984e-01 8.893248654911469764e-01 9.141535750143372496e-01 9.138117598021052723e-01 9.104888219587896625e-01 9.062510502986026451e-01 9.036816910310345730e-01 9.096984741895254301e-01 9.105616429952314572e-01 9.151760503909981415e-01 9.169589871803502934e-01 9.104206549882402078e-01 9.123170510614717621e-01 9.108705923710319619e-01 9.143956391668018879e-01 9.190722805520378236e-01 9.174752782981600019e-01 9.129009974175587017e-01 9.135475839627680283e-01 9.194174951293456743e-01 9.195803057343641118e-01 9.190701918301993345e-01 9.203444438750232326e-01 9.213790162256543237e-01 9.147985515664431855e-01 9.118372789224907793e-01 9.174269472441468620e-01 9.202888587062056924e-01 9.193880208890513606e-01 9.226687449887719383e-01 9.226894433236372262e-01 9.235411435159943672e-01 9.250442567826494544e-01 9.172051026090585202e-01 9.238477137358878100e-01 9.196824182977461071e-01 9.218222889671892073e-01 9.241807084927431415e-01 9.222468563874181013e-01 9.219706309121710186e-01 9.223333679261361828e-01 9.211436468740588079e-01 9.182019808768555613e-01 9.244614861120312721e-01
3.608334874155250810e-02 1.590744627189388527e-01 3.074748908045634721e-01 5.250982095621425927e-01 4.939509988928261208e-01 4.960897373840923441e-01 7.051670064375024083e-01 6.899108156688621429e-01 7.467054055667372570e-01 6.987452644574215777e-01 7.546182983866781546e-01 7.991182766350293232e-01 1.000000000000000000e+00 6.793653124941698707e-01 8.247702349360174212e-01 8.293608016231855951e-01 7.429614101579213870e-01 6.980534078068242332e-01 7.218456785159418354e-01 5.979306719492123445e-01 6.381706163054831071e-01 7.149034953897466238e-01 6.807793426472869003e-01 6.677345377630746759e-01 7.019520798208840340e-01 7.845592757208862400e-01 7.866424318893293632e-01 7.727993612267813894e-01 7.783290055776213023e-01 7.845389717347646119e-01 8.269927538361508956e-01 8.067064952601843419e-01 7.608291737367443019e-01 8.032540084744411724e-01 7.868644582271487886e-01 8.048579887767886021e-01 8.030543056094070486e-01 8.229130019047246059e-01 8.292460042583927882e-01 7.878558933728876390e-01 8.283681763568507828e-01 8.329910609274968625e-01 8.272077245673075119e-01 8.430708752932306593e-01 8.285462514341647156e-01 8.342917349339652455e-01 8.487858378700141593e-01 8.480247184969480490e-01 8.362180598798861775e-01 7.971337549370404174e-01 8.264589050230664036e-01 8.043250369826621116e-01 8.279283562072772273e-01 8.488697426414673064e-01 8.368460360092228045e-01 8.314252714648262543e-01 8.208976145016368964e-01 8.450041686764562243e-01 8.349462218811076752e-01 8.495334015534300454e-01 8.434798977193472824e-01 8.438589500492154061e-01 8.372393665962796216e-01 8.376789162409359335e-01 8.293013776673668902e-01 8.439077162078361116e-01 8.476151458883056655e-01 8.408477153334626975e-01 8.396817328585454154e-01 8.301057989034050788e-01 8.313894330890047035e-01 8.358460104969425153e-01 8.246960337376249006e-01 8.285501886964177221e-01 8.416856131566384791e-01 8.431158683190971281e-01 8.382240362846348214e-01 8.405598066367724330e-01 8.399877188930198191e-01 8.461291447467739202e-01 8.448155133982033771e-01 8.495897808616998947e-01 8.485659120978242820e-01 8.425547172882070779e-01 8.396080282873137346e-01 8.439417251294021316e-01 8.452109455051277642e-01 8.483683454066440754e-01 8.481470533912282006e-01 8.438699837974790174e-01 8.362642898101354527e-01 8.488678913371325852e-01 8.475737603182129654e-01 8.461498129948629154e-01 8.525254605558226784e-01 8.534956896170297069e-01 8.329270183423160834e-01 8.349748222966592026e-01 8.474032513059609473e-01 8.431413175343105415e-01 8.466774823132987571e-01 8.484042470697414906e-01 8.473284030715653170e-01 8.500467445389668919e-01 8.481352841110340046e-01 8.448574625032463370e-01 8.497171998163497442e-01 8.511042071028472877e-01 8.512409627614544450e-01 8.508725680133667479e-01 8.484257148485773170e-01 8.537669073972932177e-01 8.531851310873571625e-01 8.508330705342652678e-01 8.439572958867923580e-01 8.505595029158803388e-01
