1.000000000000000000e+00 1.421342276946987726e-01 1.690104081090028632e-01 1.217266213592174129e-01 8.443997627074832646e-02 7.294404415620941995e-02 4.393215012720200902e-02 3.975100203561805767e-02 1.394924144997019833e-01 5.679127687862899065e-02 6.836047912552359329e-02 3.401804384609659337e-02 3.243491001869497348e-02 2.650803842977737107e-02 1.780961595057313843e-02 4.360606022889484956e-02 1.021846869303769945e-01 1.934902334406186364e-01 1.702304177110739725e-01 2.072997094295736531e-02 1.424436167586117241e-01 1.687510584749231102e-01 1.633974580874416049e-01 1.552200725209680887e-01 1.755290045442292890e-01 1.041641892403013386e-01 1.093212066890817263e-01 1.059530617691696180e-01 1.416604327455794066e-01 1.051790086819170550e-01 9.889803879288958099e-02 7.601458682017653290e-02 5.807223507565793114e-02 5.398825850048889763e-02 6.609466434357787190e-02 4.428096057429486976e-02 5.907345805041232245e-02 4.335011886722939939e-02 4.182503150337716497e-02 3.468098923577046799e-02 4.692134651981352822e-02 3.245411235805392702e-02 2.757090150346057714e-02 3.237077606083929582e-02 6.637192591540579112e-02 3.171789072840504320e-02 1.830900014096224770e-02 2.801204894398245937e-02 3.407968229109888114e-02 4.142008369559499470e-02 3.446990378841258140e-02 3.953373576928018857e-02 4.890947401667741778e-02 5.062342962184045170e-02 5.975907008423744088e-02 5.691299249609908101e-02 6.022472448870731798e-02 2.620690282796819814e-02 3.230444482653328092e-02 2.582804890605489706e-02 2.910299770727074395e-02 3.543426262137799876e-02 3.368715669214710634e-02 2.803459259990037991e-02 4.753569544893630067e-02 5.116427765861280424e-02 3.163073097729889038e-02 6.586967234060725485e-02 5.939216748500025095e-02 2.266415471770779830e-02 5.269059460853216248e-02 6.320054555092062543e-02 5.835281602264227874e-02 7.349663413466683837e-02 4.746529932825909598e-02 4.772117475234644024e-02 4.035861934433909726e-02 5.974366767486938984e-02 4.528442347078606017e-02 5.307461892732841940e-02 4.044624972010350122e-02 3.902789204198437584e-02 4.951434890505365671e-02 3.116320301865911982e-02 2.304295530114066834e-02 2.976858747824219498e-02 2.872003175710292899e-02 1.043026168670459046e-02 2.537894171348566846e-02 4.496712463543065669e-02 2.879913192089919582e-02 1.729332481730424045e-02 2.219106563742948013e-02 1.599231944212278766e-02 3.732129704910174331e-03 1.638980517640345816e-02 1.214607256503539255e-02 3.209642850755218407e-02 1.451593813497216619e-02 8.985805330087073481e-03 1.140146478700498726e-02 1.542519503228797183e-02 1.303151810139326766e-02 9.288096602797602658e-03 2.118799038042319671e-02 3.436523105296243608e-02 2.193733170624647191e-02 1.918612568847496633e-02 2.696241643762354104e-02 1.697426187806788667e-02 1.128714869760762997e-02 1.725386423718066123e-02 1.770427342225823486e-02 1.849313428919848248e-02 2.881680797904366542e-02 2.122262915653212734e-02
1.421342276946987726e-01 1.000000000000000000e+00 1.425847451536808308e-01 1.685457407941005903e-01 7.544918101354843032e-02 1.347478878336895725e-01 1.651541626654822181e-01 1.436751716329030260e-01 2.079200071271716244e-01 2.000881777240818282e-01 1.842262567799454465e-01 1.852220775434518241e-01 1.653595570112911806e-01 1.644841151102240384e-01 1.609338525454932778e-01 1.857772973228684898e-01 1.840735384729108859e-01 2.534221814261949368e-01 2.380570826456323841e-01 1.322251275015090266e-01 2.123798871007050448e-01 2.394133736807569912e-01 2.410040541642262668e-01 2.261869216998636523e-01 2.443471856835554845e-01 2.047500766503481673e-01 2.023220544021922251e-01 1.954751603847230401e-01 2.027060274993384426e-01 2.207016135552500313e-01 2.123182962731561818e-01 2.117981643765770028e-01 1.918444669034845562e-01 1.865865310604128691e-01 2.016255789579785296e-01 1.661084188649603055e-01 1.889336020899797797e-01 1.845083461737015706e-01 1.831542397865573713e-01 1.785803952979767573e-01 1.806049776026315279e-01 1.709580005351797050e-01 1.603715022764156117e-01 1.756287861830125308e-01 1.815828839872724865e-01 1.863465468268299674e-01 1.644365399092624080e-01 1.849633353643067579e-01 1.783049517940334672e-01 1.563940083895967448e-01 1.657899392256551308e-01 1.384728275289413002e-01 1.732494934336795134e-01 1.962302841896593764e-01 1.930637961605479180e-01 2.025812377305101775e-01 1.844195175401097397e-01 1.760657721894039185e-01 1.848508972664061334e-01 1.779551321392659480e-01 1.645364417921583722e-01 1.855006314703079029e-01 1.804572053275744770e-01 1.648260309559039238e-01 1.733835167693629775e-01 1.775001239348666104e-01 1.764838766913868207e-01 1.997666006456689236e-01 2.012664997510767440e-01 1.737231347084570998e-01 1.916905090307692294e-01 1.958962291646030307e-01 1.978950275040767259e-01 2.012175293011682353e-01 1.841122689541901669e-01 1.869438101566598676e-01 1.789400218049863600e-01 1.844226338467646054e-01 1.812429805594744647e-01 1.887437005023382408e-01 1.860323617481032532e-01 1.839864934700438104e-01 1.852115390872584033e-01 1.861293967569402352e-01 1.711326774350261093e-01 1.798771921974653132e-01 1.732843709938019228e-01 1.711636329350923469e-01 1.790980545235694721e-01 1.913439624202011025e-01 1.745873851227534024e-01 1.690479498461542052e-01 1.698819955361273448e-01 1.692733156466046662e-01 1.606652158584934431e-01 1.728090214678818792e-01 1.513504215897812644e-01 1.540984566067281625e-01 1.616631903329679432e-01 1.579936338323318645e-01 1.593102268651361009e-01 1.587561226571919670e-01 1.569285014756759689e-01 1.573699215845378307e-01 1.605824046643797298e-01 1.758788472543415249e-01 1.714412712142587558e-01 1.757875815817370735e-01 1.810163531257048264e-01 1.653604568401006170e-01 1.729926069129371080e-01 1.691451694737758915e-01 1.718314066249112537e-01 1.621135403568986222e-01 1.664863941755894416e-01 1.636524281145155524e-01
1.690104081090028632e-01 1.425847451536808308e-01 1.000000000000000000e+00 3.847762174968844540e-01 2.387237802615040927e-01 3.071516342049680492e-01 3.680801689383777497e-01 3.692657356097337473e-01 3.776847530218160887e-01 3.559504662021675259e-01 4.050002298634860498e-01 3.977213779192477761e-01 3.534012414134539704e-01 3.347519299882171784e-01 3.877686482703113224e-01 3.839613168951194200e-01 3.856672261933331014e-01 4.139336811868403743e-01 4.031846766831078122e-01 3.346949804681036977e-01 4.344482045686257066e-01 4.299731048077085616e-01 4.390154640782112372e-01 4.158825343557300269e-01 4.209054643917377603e-01 4.382905419830681049e-01 4.402894284857425955e-01 4.270694594014646794e-01 4.156323613972576214e-01 4.204478414873831227e-01 4.239119124986552856e-01 4.336668744004483766e-01 4.072696021675957234e-01 4.131325366692609746e-01 4.129539160541517706e-01 4.120656731034731957e-01 4.069185671649250824e-01 4.002046290187774580e-01 4.129938426066003809e-01 4.292985969276003066e-01 4.130077096090654099e-01 4.005060442183210889e-01 4.036903319519608013e-01 4.040925344719021872e-01 4.255910234635583156e-01 3.985670873412455739e-01 3.866703717425382658e-01 3.921015587156942428e-01 3.880613145055954449e-01 3.901310277831466222e-01 3.865322868219036034e-01 4.050268025622467127e-01 4.061248028247658182e-01 4.007049997310795919e-01 3.957594024805854982e-01 4.121331441597592127e-01 3.967720116589789070e-01 3.843359082393917325e-01 3.796300402650938377e-01 3.888007017709753654e-01 3.875146100000251836e-01 3.802630575755673870e-01 3.846010340207956513e-01 3.875475968780314195e-01 3.970873206171141034e-01 4.007492709882376491e-01 3.977217737587266377e-01 4.094797556870258814e-01 4.225243261219349122e-01 4.012581122034920567e-01 4.107451888608537605e-01 4.035364308313055814e-01 4.168793343440571619e-01 4.133054348321181237e-01 4.084387843150850128e-01 4.080695949314627202e-01 4.000730499070517254e-01 4.015986794228073031e-01 4.051078316069403051e-01 4.004510682074859940e-01 4.052483242630867677e-01 3.960985307870988348e-01 4.180792534758587253e-01 4.020959355100380828e-01 4.036714798975672425e-01 4.052772447343244711e-01 4.044849316656998761e-01 3.939495699367168147e-01 4.010283376693375978e-01 4.080653955115450815e-01 4.140449351279123502e-01 3.962805218835596111e-01 4.022209338967665526e-01 3.966797357942827285e-01 3.767624346324051077e-01 3.848405685494016848e-01 3.966514442997209899e-01 3.906167564658080682e-01 3.880616379287621376e-01 3.879618981560966628e-01 3.938149807833437599e-01 3.870436762595736990e-01 3.896500041240745782e-01 3.886085315703349252e-01 3.964234427511257874e-01 3.971160526645569622e-01 3.886385350409103379e-01 3.863403107138505543e-01 3.923428284972413915e-01 3.897044693057700737e-01 3.830217526325658262e-01 3.872842832306248040e-01 3.864603516514861781e-01 3.914965118235577690e-01 3.938754421962931129e-01 3.882771684724951600e-01
1.217266213592174129e-01 1.685457407941005903e-01 3.847762174968844540e-01 1.000000000000000000e+00 3.528713215579683538e-01 4.594443265893604633e-01 5.854502836841825042e-01 5.720982164473659148e-01 5.724513766720472630e-01 5.082742123934308465e-01 5.908166793473641487e-01 6.415919176388954481e-01 5.542045768382063420e-01 5.412839242910537640e-01 6.158933776832983265e-01 6.389782126181078326e-01 5.412351822725367523e-01 5.351485954783011811e-01 5.565571372822865071e-01 5.194838326892827762e-01 6.174388456921048318e-01 5.999163501728472792e-01 5.630086544666448312e-01 5.388420292069300288e-01 5.676501269248060977e-01 5.983331713171806676e-01 6.178869034738012633e-01 6.114776972402192756e-01 6.027442222885340817e-01 5.985961314616558004e-01 6.202945591868208597e-01 5.993734921677248417e-01 5.780004273754727473e-01 5.844872516144532515e-01 5.991545772263198177e-01 5.851431712547399133e-01 5.948114384265301702e-01 6.304207437932295433e-01 6.176598119207685755e-01 6.146062457350708330e-01 6.151829445385292860e-01 6.283894573041317599e-01 6.163470337774699104e-01 6.333159813749857925e-01 6.195939282814389992e-01 6.267285566439741995e-01 6.038097854803078368e-01 6.122974385711986711e-01 6.133660660298380085e-01 6.025304747392460358e-01 6.190233561090108250e-01 6.068243531881708508e-01 6.266916970201231729e-01 6.122130047561641364e-01 6.228689335658763593e-01 6.212759921290987863e-01 6.099222148461888038e-01 6.120661354926465458e-01 6.154376235272509543e-01 6.030925404601160666e-01 6.187529637250314130e-01 6.085702792266909356e-01 6.223126058256035487e-01 6.063319926851605812e-01 6.090835742815142728e-01 6.201719111797330264e-01 6.084905414582774119e-01 6.097890439639424009e-01 6.144977462134360024e-01 6.190247260200917312e-01 6.307728402032063419e-01 6.166030573991128083e-01 6.063103899782076311e-01 6.146033150510229470e-01 6.153313694537240197e-01 6.251810845527752125e-01 6.173681523310872166e-01 6.218247706018775744e-01 6.067006184981603711e-01 6.134533968013174965e-01 6.154092986993109360e-01 6.142856669409807457e-01 6.165557792616671584e-01 6.128607369592578014e-01 6.161307493099520416e-01 6.140621653816086267e-01 6.134864778900380733e-01 6.139156672451070440e-01 6.165845005432116777e-01 6.161118574380090029e-01 6.174021451690385742e-01 6.186627692688562163e-01 6.164947371155347078e-01 6.184041699257519786e-01 6.007106561449970794e-01 6.061993454421287231e-01 6.032479915380244417e-01 6.096661722978282683e-01 6.141898214577251602e-01 6.117626793662370721e-01 6.162797693141055522e-01 6.105775881988683151e-01 6.054103681430960116e-01 6.139070851801990969e-01 6.136040914606057939e-01 6.103753408002712266e-01 6.079297499802693849e-01 6.077337269564592193e-01 6.136038948656530323e-01 6.070238047058018616e-01 6.079345477641715512e-01 6.048894233398529607e-01 6.067093646860973744e-01 6.096527394064515937e-01 6.082775070067233392e-01 6.071333328823500519e-01
8.443997627074832646e-02 7.544918101354843032e-02 2.387237802615040927e-01 3.528713215579683538e-01 1.000000000000000000e+00 3.278487632442884658e-01 4.784431755031754996e-01 4.841753528804766393e-01 4.446614372764954859e-01 4.119711876961038577e-01 4.619786197958007934e-01 4.778059901176097135e-01 4.960561996950107466e-01 4.105322994545371751e-01 5.072088064945441399e-01 4.991359887547590635e-01 4.308147452734503724e-01 3.798847915519447116e-01 4.080412910846062946e-01 4.481439620892702091e-01 4.387436548823539506e-01 4.322442983768290392e-01 4.262643652925133808e-01 4.041898180803796259e-01 4.308001329042022154e-01 4.793322863288837499e-01 4.699906175819212883e-01 4.647580150188324044e-01 4.342987660538981665e-01 4.530438742965010590e-01 4.785807245512704866e-01 4.452832475382394462e-01 4.407780842692614609e-01 4.382335221516429624e-01 4.534683240049064978e-01 4.561157636463734621e-01 4.885751690191958430e-01 4.707179380942173585e-01 4.927020021070899203e-01 4.944132812636169994e-01 5.040542286272001737e-01 5.075835307665531593e-01 5.137077088163113370e-01 5.067317440388008354e-01 4.997581694060733160e-01 4.980392573753602004e-01 4.932057489434857889e-01 4.914524206187190769e-01 4.835654666999245066e-01 4.565203225818081911e-01 4.657774398074907563e-01 4.990142905049937960e-01 5.029451845790644526e-01 4.928430273621725033e-01 4.823903228005785304e-01 4.920999813311871529e-01 4.641915967486605066e-01 4.953825297931219729e-01 4.667624377016793558e-01 5.027011637343202777e-01 4.899766359303727725e-01 4.768206630328216122e-01 4.732120894881274298e-01 4.829201152678017639e-01 4.901579012188603812e-01 4.899224399536198371e-01 4.909341958347236412e-01 4.859524098961148786e-01 4.841821360936803265e-01 5.069166151240508400e-01 4.978742474351517400e-01 4.853411947011687100e-01 4.774412071701998328e-01 4.870587126608749151e-01 5.005958369021415999e-01 4.962938595930364571e-01 4.884754994049487764e-01 4.815200326173892931e-01 4.928881099108213815e-01 4.904816570162098266e-01 4.955353436907316000e-01 4.959456379025266592e-01 4.958171588792704698e-01 4.838057432857211237e-01 4.864831078283383681e-01 4.863205293267136020e-01 4.981980121834100883e-01 4.968682481785596239e-01 4.968001350143491646e-01 5.037582333265501200e-01 5.003141614431585449e-01 5.076716803097606201e-01 5.039672727416454334e-01 5.039836047513783779e-01 4.945842378707331344e-01 4.953724440577511601e-01 4.959850442222136224e-01 4.920651070682041106e-01 4.942162425611656973e-01 4.939155283859966161e-01 5.063274294929791530e-01 4.949685523021071232e-01 5.005820277088646186e-01 5.063958351792069434e-01 5.002840560046256657e-01 4.860212897162966006e-01 4.935480265952606471e-01 4.968774143104824348e-01 4.996793214143580020e-01 4.996208202456031144e-01 4.981824856430322468e-01 4.990139891184197651e-01 4.930277461504571912e-01 4.948174033799090932e-01 4.957870352381976709e-01 4.994418443972485910e-01
7.294404415620941995e-02 1.347478878336895725e-01 3.071516342049680492e-01 4.594443265893604633e-01 3.278487632442884658e-01 1.000000000000000000e+00 5.572604394230377123e-01 5.041528267133941199e-01 5.705797126092306826e-01 5.218794957573665849e-01 5.547423845561174627e-01 5.927905915867160980e-01 5.405249097477088371e-01 5.191369728534775962e-01 5.987922349635059760e-01 5.925338136740864181e-01 5.450049939291730094e-01 5.072126834545577223e-01 5.401683740413977253e-01 4.767910030910872399e-01 5.498873281637023380e-01 5.668288353770366550e-01 5.353544485666927866e-01 5.161049116555082028e-01 5.492834799007356716e-01 5.847937505413870474e-01 5.952789907229331101e-01 5.927736733480583053e-01 5.745517656354909297e-01 5.812079484054203382e-01 5.942610301929417416e-01 5.788466238253576757e-01 5.622205113514170405e-01 5.706373648618746630e-01 5.813066788438413512e-01 5.778031912138976711e-01 5.885399163624531749e-01 5.923780793335615691e-01 6.041166629553701428e-01 6.025187063271620902e-01 6.136752191431861236e-01 6.101702159177859741e-01 6.129546378187161748e-01 6.182660584245459612e-01 6.139043690950154453e-01 6.118328118188954834e-01 6.009433644380708373e-01 6.069935863073353532e-01 6.029764563254604859e-01 5.858493821241050892e-01 5.949915933844494020e-01 6.015511139889666570e-01 6.132799057754632077e-01 6.020217400440871502e-01 5.997108574290507255e-01 5.974409746927449305e-01 5.924544897436897495e-01 6.026053671223544628e-01 5.889729595147759067e-01 6.089600084531765489e-01 6.127230503693130714e-01 5.982702117560104726e-01 6.010458319493896528e-01 6.039549913731099284e-01 6.048180835112468845e-01 6.053404893233366169e-01 6.091249173829980101e-01 6.074352498371108355e-01 6.029179295272961703e-01 6.004336540896405561e-01 6.141924555665517760e-01 6.089622256628253183e-01 6.000798956075690249e-01 6.085962190480096456e-01 6.110131115610416552e-01 6.153676981841881277e-01 6.117541401474730911e-01 6.115570815122363113e-01 6.085248358592740825e-01 6.050906402070849177e-01 6.108154834382838461e-01 6.044543691636823368e-01 6.102387519692233919e-01 6.097525433007218165e-01 6.078817360638013589e-01 6.069244375762352650e-01 6.092175289836343488e-01 6.106556434567247393e-01 6.105859447348849223e-01 6.123144372295645788e-01 6.147209667447897097e-01 6.143259505629223849e-01 6.130112654849703135e-01 6.143187083834816820e-01 6.030879999682463577e-01 6.063931702534414159e-01 6.055404707871384629e-01 6.014792447965242594e-01 6.082184136512264194e-01 6.065118848515195227e-01 6.174649605574306088e-01 6.049833179419656926e-01 6.090247524195698814e-01 6.130912186080310633e-01 6.121281422456640309e-01 6.019762286467053025e-01 6.056251040208858738e-01 6.050715131983431805e-01 6.084340482709760245e-01 6.064876523894011662e-01 6.059438730498942771e-01 6.066607364335188102e-01 6.057401019882637794e-01 6.083754975716493263e-01 6.078629686581712432e-01 6.069272169519804860e-01
4.393215012720200902e-02 1.651541626654822181e-01 3.680801689383777497e-01 5.854502836841825042e-01 4.784431755031754996e-01 5.572604394230377123e-01 1.000000000000000000e+00 7.422478851298747182e-01 7.378196652784994036e-01 6.871262545680426603e-01 7.591584284128124471e-01 7.888402465519535056e-01 7.423897940641008830e-01 7.145011794173146136e-01 8.489289806841942010e-01 8.136208590328068979e-01 7.130629053042759624e-01 6.442351550005466221e-01 6.927424792248831897e-01 6.853333328853637996e-01 7.373752366805336189e-01 7.240692811931986883e-01 7.000921710904006723e-01 6.813066342771971762e-01 7.051651738982088746e-01 7.725713417419705076e-01 7.808671738191028666e-01 7.886640927939296830e-01 7.482388343732272462e-01 7.656304035678515030e-01 7.916770989667833991e-01 7.786441376116162161e-01 7.622993635050147043e-01 7.634031906150711144e-01 7.855794566591463024e-01 7.457423509890881430e-01 7.847058308557078865e-01 8.227120353024760524e-01 8.157621652180467864e-01 8.106663629572992136e-01 8.222653619610168496e-01 8.360272075747567921e-01 8.068326450166439789e-01 8.323589291925377331e-01 8.105087571028387616e-01 8.296705141744937784e-01 8.169875388042731057e-01 8.217336322727487596e-01 8.141079359063700949e-01 7.809387914056223901e-01 8.028940888973686851e-01 7.699484247200005793e-01 8.120700944558395529e-01 8.157418386852404169e-01 8.146201252939465620e-01 8.236618910250349535e-01 7.824058636888289175e-01 8.155919861637120905e-01 8.021077066046882198e-01 8.171388823386115385e-01 8.156501097032289316e-01 7.981824883152823791e-01 8.066974995387040659e-01 8.035884067799418107e-01 8.075957901834404096e-01 8.055282394290057546e-01 8.220496136175318158e-01 8.116667207920902349e-01 8.162490940513225102e-01 8.266181418312489315e-01 8.255816254339777283e-01 8.139049141306193835e-01 8.053246043622172001e-01 8.097845144125985772e-01 8.230035853196759899e-01 8.267860406386116079e-01 8.276783801091863735e-01 8.135190816361336230e-01 8.226227128998545579e-01 8.157202859617345148e-01 8.232596119977450000e-01 8.171933576605844296e-01 8.244125891530688088e-01 8.244541588343478056e-01 8.206431047864777284e-01 8.173676943799822459e-01 8.170241616976988697e-01 8.357572862217471643e-01 8.282075903046750565e-01 8.309417587839031949e-01 8.285915724015714412e-01 8.355448855706394395e-01 8.237593109094345500e-01 8.356319143828381257e-01 8.218513459164339396e-01 8.225116512001884317e-01 8.087665650684635610e-01 8.040518534374787585e-01 8.179033742782091387e-01 8.238879350890223607e-01 8.284193301346629568e-01 8.179126835361399950e-01 8.178519993658278642e-01 8.279423925131479400e-01 8.151820038571228055e-01 8.055282584798888479e-01 8.201016924023817323e-01 8.262636913925995863e-01 8.299204280921143040e-01 8.227256383871233147e-01 8.237244785129386182e-01 8.209999984240261561e-01 8.165930552320609381e-01 8.175142127067165365e-01 8.160289808915498488e-01 8.145138299749610233e-01
3.975100203561805767e-02 1.436751716329030260e-01 3.692657356097337473e-01 5.720982164473659148e-01 4.841753528804766393e-01 5.041528267133941199e-01 7.422478851298747182e-01 1.000000000000000000e+00 7.224292981544673253e-01 6.679754842879320753e-01 7.507788792895813135e-01 7.804490675154921453e-01 7.348124672796961798e-01 6.964766134702786715e-01 8.142748324184624353e-01 8.155547302208822069e-01 7.017473017127069390e-01 6.201213917881931437e-01 6.709245401781999130e-01 6.506262945771922324e-01 7.116357335573532117e-01 7.067664665659094680e-01 6.762331236380252353e-01 6.634476503033787109e-01 6.813123479269367344e-01 7.414052412649443369e-01 7.445322814113346510e-01 7.329707235075115790e-01 7.012863049232175294e-01 7.409990990480674888e-01 7.678726770939895419e-01 7.589178058032927110e-01 7.203318234885808247e-01 7.502728406309534526e-01 7.557468568261189734e-01 7.297719737108233629e-01 7.599417886264607791e-01 8.028861373937733470e-01 7.906254523246749599e-01 7.684265051300278593e-01 7.953924213821730316e-01 8.086463400870407270e-01 7.906416410312593346e-01 8.130470985974240783e-01 7.801443886668602001e-01 8.040501414798149060e-01 8.049650889153916467e-01 8.087526824753119570e-01 8.022887982239698124e-01 7.867544964292931819e-01 7.994616248862222996e-01 7.771612958307896335e-01 7.998339754110467270e-01 7.995607640206325861e-01 8.013859106959123624e-01 8.016760713321368081e-01 7.822530148296605867e-01 8.130042308579140675e-01 8.007417203112080495e-01 8.039167390314191364e-01 8.095804515779791988e-01 7.989099197942932662e-01 8.019299713539808083e-01 8.008636097718374591e-01 7.960955824627914401e-01 8.009629069588861672e-01 8.048277992528297675e-01 7.961379185469475983e-01 7.995209648953696124e-01 8.059376123129246006e-01 8.108785998448010401e-01 7.995302868276872310e-01 7.912456641806684399e-01 7.900657681980035596e-01 8.026296870990043963e-01 8.021914484783378985e-01 7.982624144778037723e-01 7.870621280709757528e-01 7.959290538393232195e-01 8.022167994626615561e-01 8.042170473896681493e-01 7.998437407202647620e-01 8.039856862198139220e-01 8.045114872170145981e-01 8.099878818102556055e-01 8.085167669753786646e-01 7.972623855507889878e-01 8.150625729315204016e-01 8.094454761376955743e-01 8.050891026307773757e-01 7.980476205909202703e-01 8.136226204551509911e-01 8.077103215940422132e-01 8.118476871158343267e-01 8.075153279462014000e-01 8.072840459210611774e-01 7.990211945670848692e-01 8.040274392643804724e-01 8.107288638106954215e-01 8.132261128286294438e-01 8.101121562989553881e-01 8.149164481652472203e-01 8.084246036240304578e-01 8.181320490639835130e-01 8.088054462795150057e-01 7.969425173398859696e-01 8.103736391167378761e-01 8.054678111251365458e-01 8.091877648187649763e-01 8.121425944418165788e-01 8.105687467245605848e-01 8.073911799684326818e-01 8.082932552692104755e-01 8.083078961675694840e-01 8.067834793855143127e-01 8.050493723736110718e-01
1.394924144997019833e-01 2.079200071271716244e-01 3.776847530218160887e-01 5.724513766720472630e-01 4.446614372764954859e-01 5.705797126092306826e-01 7.378196652784994036e-01 7.224292981544673253e-01 1.000000000000000000e+00 7.608122303625427518e-01 8.257391611534031783e-01 8.395009432786650905e-01 7.732040077255835087e-01 7.376708424880961124e-01 8.508603295017710400e-01 8.393899661755885866e-01 8.090728610932836906e-01 7.326006295748749286e-01 7.719604287582203517e-01 6.593367079667853403e-01 7.730984326472195578e-01 8.151236467588132140e-01 7.817635534913831563e-01 7.632289911203408161e-01 8.025886254691799726e-01 8.531820153514182437e-01 8.555324917158474429e-01 8.294989763442881525e-01 8.236572581283216898e-01 8.597694960473851733e-01 8.806545866308262971e-01 8.440547213069504728e-01 7.867512881938389935e-01 8.235377971609441072e-01 8.379897529300718295e-01 8.124637925505171498e-01 8.575738356052871048e-01 8.609401123875154438e-01 8.604667754329694551e-01 8.334343688862639876e-01 8.763231729891207689e-01 8.673550648052246181e-01 8.364584307744867830e-01 8.703013061075405288e-01 8.704650129290055771e-01 8.654804111264398081e-01 8.834187514650051476e-01 8.877461138457972689e-01 8.852595480775884429e-01 8.566284395393416462e-01 8.670373871738682459e-01 8.371225983177853491e-01 8.727884071079485828e-01 8.880853534969426200e-01 8.810383512845755272e-01 8.774724903096130513e-01 8.693375483674126158e-01 8.727956429255304682e-01 8.662146892417261768e-01 8.838023243408118512e-01 8.814622655160526676e-01 8.746799832243891126e-01 8.712572675233247743e-01 8.820442391908681623e-01 8.893077811719579673e-01 8.850386113218050577e-01 8.855359163019281832e-01 8.871006193081198976e-01 8.806807176830729889e-01 8.655893276037289752e-01 8.855534703306150446e-01 8.918261959497201241e-01 8.780453970803342445e-01 8.857949903477712050e-01 8.912426238108285270e-01 8.886843310590036848e-01 8.824437494246725189e-01 8.850970555449836352e-01 8.866474493615130736e-01 8.940293178526195206e-01 8.903868927189088067e-01 8.902420452547856744e-01 8.873571525020109707e-01 8.785575307617349283e-01 8.748917981450075043e-01 8.811528420079836055e-01 8.808314508339777360e-01 8.791595504496347857e-01 8.838637724852113076e-01 8.861205318563672995e-01 8.707937009738802026e-01 8.817647546214020249e-01 8.825858279486911151e-01 8.812340420448502298e-01 8.798220192269389228e-01 8.839915756079274045e-01 8.641075171581960035e-01 8.757087553686060399e-01 8.799225169215550979e-01 8.775099759320078574e-01 8.733543986847301932e-01 8.794914857679956288e-01 8.790591245559894462e-01 8.777464422341912931e-01 8.818203941392784850e-01 8.775395219339876540e-01 8.881140464970895820e-01 8.834431117463018568e-01 8.836617907373871539e-01 8.840610588823271110e-01 8.750117125839665944e-01 8.836237639931117105e-01 8.809146875315264635e-01 8.838001783932226685e-01 8.876812387753607592e-01 8.816111659444118009e-01
5.679127687862899065e-02 2.000881777240818282e-01 3.559504662021675259e-01 5.082742123934308465e-01 4.119711876961038577e-01 5.218794957573665849e-01 6.871262545680426603e-01 6.679754842879320753e-01 7.608122303625427518e-01 1.000000000000000000e+00 7.683683222546940916e-01 7.843970355916659587e-01 7.187788972609622240e-01 7.031814629730562816e-01 8.005051850255501256e-01 7.862271895598139659e-01 7.207478797301721807e-01 6.443553448953258656e-01 6.895479221104221512e-01 6.173684712519622586e-01 6.940761102066490551e-01 7.240961120989856115e-01 6.947240952414535098e-01 6.722045226159801823e-01 7.198999725031338670e-01 7.871776358240408777e-01 7.808200797716323693e-01 7.596987869674577398e-01 7.402561395839649672e-01 7.795384669739674477e-01 8.077027643607285201e-01 7.720575912262099827e-01 7.249960318981446550e-01 7.485879517910943859e-01 7.689778932687861834e-01 7.422838401058011737e-01 7.900796022349084735e-01 7.991438907357770738e-01 7.977187405532190079e-01 7.848136707406127011e-01 8.168848095561132006e-01 8.094444183736491105e-01 7.869982538324876709e-01 8.189129016998061283e-01 8.043613583715393256e-01 8.117503035160743563e-01 8.241417559740323862e-01 8.300381851180331783e-01 8.242907735495890176e-01 7.770930593240807926e-01 7.947523350428273847e-01 7.628106560926307678e-01 8.084187067827609541e-01 8.287142441557173722e-01 8.195710082052392043e-01 8.208720350911908881e-01 7.986238875314810581e-01 8.218174563306693825e-01 8.122498481837097106e-01 8.284691384497370192e-01 8.152766905395377739e-01 8.198202341936796644e-01 8.114999579651402950e-01 8.129018417175885025e-01 8.163379132904022839e-01 8.144571415530397207e-01 8.278459946556498972e-01 8.187012313223945847e-01 8.140047489400398240e-01 8.098285256190007608e-01 8.214011795647153669e-01 8.228723093199101779e-01 8.084400900705038806e-01 8.151846109150765463e-01 8.291428575890026353e-01 8.279314444648201432e-01 8.220210477850309339e-01 8.190949614146929569e-01 8.233317560659078049e-01 8.274238747365438851e-01 8.250681684246912173e-01 8.290745090632271053e-01 8.219350711469607385e-01 8.170571244921152054e-01 8.116686668612507205e-01 8.139306237849174286e-01 8.213026477981305584e-01 8.255762877647834230e-01 8.243553936050898034e-01 8.282289979810109060e-01 8.162457043577747706e-01 8.260593665513309425e-01 8.251852258977928622e-01 8.264633394101116304e-01 8.267370590481385451e-01 8.293333797808788432e-01 8.023857300146994831e-01 8.044380138866524810e-01 8.185354681304064517e-01 8.155449944711971044e-01 8.170351514851580399e-01 8.175274703482211525e-01 8.199660218252298183e-01 8.230084643951338652e-01 8.180496249683885113e-01 8.153136507582494641e-01 8.257695456087308372e-01 8.295555002040958525e-01 8.294218966250592739e-01 8.262849541973031897e-01 8.254895766769041465e-01 8.278723838735521090e-01 8.254017198544570943e-01 8.212851686052603517e-01 8.227240765191031757e-01 8.223353476614732038e-01
6.836047912552359329e-02 1.842262567799454465e-01 4.050002298634860498e-01 5.908166793473641487e-01 4.619786197958007934e-01 5.547423845561174627e-01 7.591584284128124471e-01 7.507788792895813135e-01 8.257391611534031783e-01 7.683683222546940916e-01 1.000000000000000000e+00 8.728151476946067744e-01 7.904853817771664293e-01 7.643739575385378737e-01 8.751250070689313709e-01 8.664474461798559179e-01 8.115758169804276889e-01 7.327636787352030945e-01 7.763990212076725683e-01 6.865411586314965620e-01 7.913950651247788626e-01 8.157583004004129723e-01 7.822864857967463115e-01 7.687345835869003885e-01 8.011467806379195533e-01 8.634045397904848151e-01 8.610036081403703578e-01 8.383022117193147382e-01 8.168946102213017202e-01 8.624600246002265269e-01 8.949412286115422388e-01 8.714396039736018729e-01 8.138995785132339122e-01 8.553614707059499223e-01 8.496008128172337637e-01 8.494857587280181255e-01 8.712951415185576920e-01 8.823972922646364792e-01 8.857176310098260341e-01 8.732764275696839329e-01 8.976293756391634515e-01 8.918757031677465585e-01 8.732279553808482975e-01 8.978125638311231782e-01 8.974081906651867335e-01 8.900492213866533220e-01 9.045261547891610965e-01 9.058892391784768572e-01 9.020085982458768692e-01 8.731887957235225928e-01 8.820044735177157147e-01 8.612279704808477598e-01 8.945964770837409041e-01 9.033190866227720495e-01 8.944132630371682824e-01 8.986514086395182010e-01 8.826296058210062467e-01 9.012930280587682086e-01 8.872710288865143236e-01 9.060140108066748743e-01 8.984005898577815952e-01 8.953114841952330982e-01 8.904842610832242045e-01 8.971158069490339226e-01 9.006692345398356059e-01 9.006039042835902730e-01 9.087205330101627565e-01 9.047536240801172802e-01 9.077739093554634264e-01 8.913691545922812765e-01 9.076507147582409951e-01 9.081234822786007355e-01 8.994024556272743887e-01 9.011272456714746193e-01 9.106792869760548248e-01 9.078257245628854610e-01 9.007606308301993048e-01 8.968622349483535983e-01 9.017588516356848105e-01 9.074696725474826753e-01 9.063634801046128731e-01 9.090551619808308059e-01 9.128126673456231632e-01 9.030647971124440287e-01 9.035597298486637285e-01 9.085625935323474733e-01 9.054002031384842386e-01 9.078872494569338869e-01 9.101426477777578850e-01 9.085483237916851529e-01 9.015457748731210419e-01 9.068360421093187851e-01 9.078454905076881465e-01 9.068816112505598825e-01 9.041668028738144569e-01 9.078625960339267165e-01 8.935062603350844013e-01 8.917214609255011970e-01 9.029838521590620726e-01 9.025745521597005050e-01 9.025781998398696437e-01 9.014265587881270525e-01 9.025554161288635857e-01 9.056271775269348900e-01 9.075437827551026126e-01 9.014403226459247742e-01 9.073261989413710094e-01 9.058870532213022519e-01 9.079403586853236341e-01 9.078055956864065079e-01 9.042949551141755693e-01 9.077158057583780693e-01 9.061293683370575947e-01 9.081939933891346461e-01 9.066032554267207111e-01 9.039908337074767930e-01
3.401804384609659337e-02 1.852220775434518241e-01 3.977213779192477761e-01 6.415919176388954481e-01 4.778059901176097135e-01 5.927905915867160980e-01 7.888402465519535056e-01 7.804490675154921453e-01 8.395009432786650905e-01 7.843970355916659587e-01 8.728151476946067744e-01 1.000000000000000000e+00 8.230252406837630375e-01 7.969325146335893839e-01 9.096660837790609966e-01 9.098993350580886208e-01 8.096434195910520160e-01 7.146324518467273013e-01 7.734313384642446110e-01 7.227230984907895284e-01 8.047503715399652036e-01 8.274665551629393212e-01 7.769806412403819085e-01 7.549808880891553109e-01 7.988195827588597808e-01 8.707455686528668970e-01 8.770079853241911083e-01 8.543321903782175042e-01 8.224038715771166963e-01 8.722603941536735128e-01 9.030412691208854481e-01 8.809976027114380104e-01 8.337434020694740600e-01 8.648208791528048112e-01 8.721990654572733259e-01 8.641401114258736582e-01 8.918617973721267855e-01 9.148108913323985680e-01 9.133813774207013569e-01 8.943612773068527755e-01 9.209876028145165261e-01 9.218140408443892264e-01 9.015219348219485340e-01 9.332166818171214739e-01 9.140935792032087726e-01 9.225383150372497010e-01 9.352871509243682047e-01 9.365295058684131035e-01 9.366258173367245643e-01 9.045031207889255853e-01 9.175190151928389604e-01 8.905787706289490790e-01 9.295443113901445953e-01 9.316727769230404022e-01 9.258052378551412387e-01 9.227339548202608821e-01 9.157346737433311734e-01 9.339792495869979616e-01 9.262681264034805517e-01 9.340893500273402816e-01 9.355367937584733173e-01 9.301998321517626067e-01 9.284717303148516399e-01 9.295516987890587446e-01 9.271144251740273123e-01 9.322273247562187226e-01 9.350210909698952744e-01 9.216564281077084253e-01 9.235493093433968514e-01 9.260760820244027247e-01 9.355863353909589231e-01 9.296779321106630745e-01 9.113266255646906844e-01 9.184593403691618807e-01 9.340806450717035192e-01 9.346509815005172861e-01 9.283662068128760714e-01 9.204739847293950117e-01 9.209358447763653643e-01 9.325661137819025726e-01 9.332458405171746296e-01 9.355620082474576105e-01 9.324954270863498040e-01 9.289760069158375932e-01 9.306311439101339067e-01 9.301121223853406894e-01 9.314956757662516962e-01 9.347801244018494327e-01 9.372331540779864634e-01 9.314416155932508934e-01 9.279743708774765842e-01 9.376673892345379624e-01 9.363393028374439320e-01 9.361850070345257846e-01 9.367164104230240040e-01 9.378245166331187210e-01 9.206205267186360341e-01 9.226258334343182543e-01 9.357915468641829770e-01 9.336775430594738134e-01 9.324846117051018846e-01 9.345493015625361277e-01 9.332735461198531368e-01 9.384117044723575551e-01 9.351392402185215724e-01 9.279590192959918937e-01 9.382471423318802239e-01 9.345789568760241028e-01 9.339717630185718766e-01 9.377804602108839038e-01 9.352441212145315985e-01 9.368499675559484041e-01 9.358929381091706245e-01 9.356201760050048000e-01 9.339978073881897158e-01 9.344752836809341323e-01
3.243491001869497348e-02 1.653595570112911806e-01 3.534012414134539704e-01 5.542045768382063420e-01 4.960561996950107466e-01 5.405249097477088371e-01 7.423897940641008830e-01 7.348124672796961798e-01 7.732040077255835087e-01 7.187788972609622240e-01 7.904853817771664293e-01 8.230252406837630375e-01 1.000000000000000000e+00 7.349394153356317849e-01 8.479046755171357752e-01 8.365764222293603503e-01 7.463051364544084354e-01 6.516223141142981623e-01 7.059332550941151974e-01 6.851617529705037457e-01 7.278536274590365895e-01 7.403010395785191156e-01 7.184958440136161029e-01 6.920803867669051979e-01 7.272468359553357908e-01 8.049614852417896760e-01 8.048879856472891392e-01 7.853174733252785700e-01 7.499200679263758884e-01 7.998316159208695986e-01 8.187122756310584171e-01 7.992169467041070341e-01 7.570916954522840525e-01 7.779376037608978223e-01 8.001865482203525115e-01 7.729054258959711099e-01 8.150816946343213409e-01 8.255131320833953845e-01 8.326154054279699679e-01 8.123738386613237328e-01 8.513953956975693904e-01 8.501448452513210574e-01 8.304060861925234294e-01 8.565839812688784694e-01 8.389388739060994471e-01 8.422621144494191192e-01 8.620388892949821802e-01 8.622893184435433955e-01 8.541195684674649513e-01 8.113166262734813339e-01 8.282379425063955969e-01 8.192787173583675475e-01 8.504640474980593723e-01 8.551538563273766158e-01 8.428531187086305554e-01 8.453686370251979332e-01 8.217561414493561589e-01 8.581598151611617986e-01 8.359897367165701754e-01 8.646202339803925607e-01 8.548171714660990350e-01 8.427708554340004321e-01 8.389361913947768201e-01 8.448146015161105415e-01 8.498436364624055717e-01 8.487699507250707764e-01 8.599122956615787849e-01 8.494543278266284414e-01 8.485407666109322511e-01 8.584437847062381666e-01 8.565695209727235415e-01 8.515572801044484219e-01 8.421563036821182457e-01 8.452479417954648078e-01 8.610867047622745574e-01 8.571778042479940574e-01 8.541831489228498553e-01 8.426517832469061497e-01 8.518609610453609093e-01 8.564430139452788859e-01 8.592334934077812125e-01 8.555087397696186091e-01 8.568028474734863398e-01 8.551757182867950613e-01 8.504002926872396007e-01 8.527442914099048199e-01 8.533260553248062097e-01 8.617682615141193381e-01 8.630268035418349193e-01 8.616633873474577321e-01 8.525740583840857312e-01 8.652404415019463446e-01 8.619144216939580438e-01 8.642107113814783137e-01 8.638743619956033015e-01 8.633594592312376914e-01 8.450774225329324985e-01 8.472829490225464166e-01 8.578517829685418095e-01 8.574662585132608594e-01 8.599045677227098450e-01 8.565733646857490724e-01 8.623864097834147424e-01 8.652282457997064746e-01 8.600480179292120386e-01 8.475827423830610829e-01 8.629479465535441207e-01 8.639905389822781778e-01 8.616201790391587734e-01 8.638267415065807864e-01 8.609084902241945780e-01 8.650318833042149880e-01 8.598333849868956547e-01 8.593045396595458962e-01 8.590014756195857304e-01 8.618748369199106252e-01
