1.000000000000000000e+00 1.046238839999429071e-01 4.018008975844123559e-02 7.089219706371915897e-02 6.741671287813813529e-02 2.457060924898334109e-02 6.612341165299795431e-03 2.939452104698218535e-02 1.181138095545599537e-01 3.456683300194035580e-02 2.539099733884598881e-03 2.722972197284296778e-02 2.393809144575790790e-02 9.421437971028666716e-03 -4.185346391000267807e-05 1.940627426845987699e-02 1.312718404436318820e-01 4.062000185845712763e-02 2.251217843244364414e-02 1.287426756959727907e-02 5.190861969492362171e-02 5.364244372139647526e-02 7.979060950835577259e-02 1.998345639439031568e-02 1.756914330880610109e-02 6.033597986175618516e-02 6.300246637452862342e-02 3.175165735395684558e-02 6.159374532777716488e-02 4.255649179647544994e-02 3.014361772928462677e-02 5.758017709308327348e-02 3.781873593716607307e-02 5.264402096193869507e-02 5.171832915895767380e-02 3.029758285139303592e-02 2.298167888077141258e-02 -6.771581754801465729e-03 2.344890266905338971e-02 -4.742210979600020720e-02 1.050912877053795415e-02 -9.009650199917368374e-03 -2.809694849096404032e-02 6.376641896542012238e-03 8.835103296221355137e-03 -1.381408741101748314e-02 1.512434165388107550e-02 2.231797837311741764e-02 2.820721287396395910e-02 5.824996969639892330e-02 3.605871456419412757e-02 2.896159912411529549e-02 1.341690466352190268e-02 3.926716948881187746e-02 3.360913263854279492e-02 2.278981204929154264e-02 5.533923795849278460e-02 2.880253656579374899e-04 -9.525403892759824395e-03 3.499310371480394283e-02 1.493977558060429443e-02 2.060817625358466257e-02 1.277563982401866589e-02 3.847038215965425945e-02 7.058709581770605812e-02 5.036200342025076715e-02 2.513385770546788453e-02 1.233227053925358384e-02 1.995551484898390807e-02 9.677797586469361057e-03 1.127714548939222697e-02 1.885742307723500821e-02 8.880508652557265667e-03 -3.625083367532970502e-03 3.251441312869526173e-02 2.658247782749003155e-02 9.776952408291203142e-03 3.311687338536073444e-02 2.061331114223744192e-03 2.195730466374155865e-02 2.727461223757970954e-02 1.039970884612284943e-02 3.009087329989547366e-02 3.034025274173615672e-02 2.704596867862894133e-02 1.972917818173440530e-02 7.067470631381360564e-03 1.105769740713764999e-03 8.899704789718661593e-03 1.735829310540145873e-02 -1.043494674493099759e-02 -2.342917977009249895e-03 -9.720069449441954591e-04 -8.592580936677461992e-03 4.357650059803476646e-03 1.176659057204014480e-02 -7.523134406019564221e-03 4.612151336931062662e-02 1.489637160455231125e-02 1.487160923075094184e-02 -1.533515529053899699e-02 2.014880451193706845e-02 9.290819788720858230e-03 5.421161189644523905e-03 1.793089484261164990e-02 3.404832267716940281e-02 2.517497031835807739e-02 1.674774336910112016e-02 1.248325129681789568e-02 5.942433734472796387e-03 -1.530358425974177872e-02 1.941811385366091700e-02 9.107554222208380512e-03 2.837951980532998908e-02 4.644073612322299760e-02 3.094921951350241077e-02
1.046238839999429071e-01 1.000000000000000000e+00 3.272046016716333161e-02 7.110901605508386514e-02 7.298633714516128412e-02 1.057392472912296044e-01 1.574350976156160542e-01 1.125594657508491303e-01 1.762633306769379737e-01 1.634414638396939068e-01 1.221472610511052381e-01 1.387603892980077136e-01 1.472520672730733837e-01 1.362781215716462602e-01 1.448596471718988643e-01 1.388772192514063641e-01 1.955793212504775003e-01 1.613096204844235992e-01 1.846092893782964595e-01 1.234524321683628106e-01 1.414806225646169924e-01 1.895203631229657182e-01 1.843071231595899973e-01 1.647452482560900766e-01 1.898166004991392875e-01 1.949038108443924278e-01 1.852666141150652590e-01 1.801698087290211914e-01 1.996216152118867326e-01 1.858426985600672987e-01 1.769569587823971446e-01 1.789983269357935114e-01 1.811993512120828320e-01 1.767057357208406954e-01 1.829216943280519425e-01 1.568364832710030243e-01 1.685138146437195061e-01 1.471847994837478524e-01 1.720209776863490803e-01 1.287762694080612225e-01 1.655055162542645730e-01 1.580590733037838536e-01 1.418603063036303347e-01 1.538117596874196968e-01 1.589066772651245019e-01 1.610104541611738771e-01 1.508951016601989825e-01 1.573033776488794722e-01 1.484887815600201832e-01 1.503664978999569579e-01 1.620240596244402753e-01 1.324971776308469518e-01 1.450012642348260661e-01 1.691272181899528271e-01 1.609525424030816276e-01 1.684092188677445978e-01 1.553678394862411938e-01 1.477651667684688475e-01 1.433363151366817689e-01 1.584487996154435308e-01 1.554380091963604993e-01 1.513226251886705953e-01 1.447462927662285237e-01 1.589631955692581422e-01 1.696346481634691816e-01 1.545532635566450597e-01 1.545143405110939172e-01 1.609489080601112787e-01 1.590511659161569780e-01 1.548620369402934904e-01 1.600165253773537799e-01 1.662379683521119089e-01 1.558530234717059593e-01 1.619203327820505911e-01 1.714289215140196998e-01 1.682669027389881444e-01 1.614293220135412099e-01 1.752509058882061876e-01 1.631752948260230263e-01 1.675595654328483897e-01 1.623107311351121296e-01 1.587291576560653228e-01 1.578888059884570316e-01 1.652654841739345515e-01 1.531045023058326682e-01 1.633261973590220961e-01 1.516054984260478966e-01 1.502467514367329116e-01 1.547665610791270352e-01 1.602827489563488361e-01 1.502244084437676375e-01 1.504418340918300123e-01 1.505183335448659343e-01 1.506993515451203747e-01 1.462824794971508413e-01 1.526163710964602294e-01 1.265935663647534959e-01 1.545815435147802896e-01 1.507936160335762998e-01 1.484840920222948168e-01 1.392132286297811938e-01 1.440999744673997218e-01 1.386254146626933470e-01 1.423716078134412977e-01 1.457080065183038453e-01 1.528916764717490051e-01 1.518561611431519798e-01 1.601903019876326772e-01 1.572896193033535006e-01 1.484207312361748021e-01 1.371793476187371796e-01 1.488648008212088980e-01 1.435526416559208263e-01 1.540049523197002945e-01 1.586262322987597173e-01 1.528449579647808698e-01
4.018008975844123559e-02 3.272046016716333161e-02 1.000000000000000000e+00 3.485660808804120769e-01 2.008279861302056102e-01 2.429208419089285698e-01 3.348862693719555361e-01 3.577455009970115229e-01 3.355840392042392928e-01 3.019019111311712078e-01 3.871514392959214401e-01 3.928605448662092492e-01 3.250148114847378200e-01 3.093645559435476144e-01 3.632796442098212286e-01 3.790074372849209783e-01 3.729386094905353111e-01 3.335717083594982868e-01 3.392086458638804425e-01 2.937954677518036517e-01 3.837114741888251190e-01 3.643263609912268941e-01 3.457650160579336940e-01 3.346827600757531496e-01 3.235548171716515764e-01 3.856609489579672090e-01 3.909788483687197114e-01 3.768808563474408402e-01 3.579022658282367542e-01 3.573694347720260400e-01 3.791774072097628401e-01 3.851089933925865294e-01 3.645516522940855375e-01 3.668734946552013598e-01 3.620629713919709114e-01 3.822005503209011668e-01 3.760763184585697028e-01 3.778192806930412706e-01 3.738574692334414862e-01 3.907091911391646910e-01 3.884967408916509268e-01 3.874758451244954549e-01 3.919150540516292969e-01 3.986267150066413190e-01 3.820310817612875831e-01 3.759562409596745591e-01 3.801441292267423999e-01 3.805566510863326868e-01 3.801250827368937713e-01 3.817178090500656373e-01 3.855819996651454473e-01 4.034144475664804275e-01 3.781064215801732131e-01 3.772196402822933226e-01 3.833103733825229398e-01 3.884568521181123169e-01 3.786436481270188392e-01 3.895699921012280575e-01 3.796554714146326281e-01 3.780583858156712496e-01 3.864723417531280569e-01 3.762203817727608479e-01 3.795743359183348931e-01 3.802524873504896652e-01 3.870492188502783204e-01 3.820681671166591964e-01 3.853882508771077076e-01 3.852121636919620395e-01 3.835400484751355643e-01 3.901849886068026185e-01 3.941173504338331690e-01 3.890373263706969897e-01 3.867809816414465307e-01 3.817094767822391543e-01 3.913920220903666647e-01 3.915964105300685505e-01 3.838731147344137673e-01 3.813051971863307132e-01 3.779892733702632790e-01 3.756981081384813681e-01 3.793461055918474489e-01 3.813815057838765288e-01 3.907821607486238191e-01 3.739563462536945604e-01 3.895953299406241799e-01 3.834890616718034662e-01 3.853545410565373253e-01 3.893157505106269456e-01 3.818393518643275475e-01 3.940615458958448003e-01 3.898422849495128961e-01 3.925066766598493961e-01 3.887329547861799184e-01 3.842977950089768169e-01 3.827236883127799749e-01 3.835232216164022323e-01 4.002576582007967843e-01 3.865828079075535606e-01 3.885641684333746015e-01 3.908749189688121017e-01 3.938781843681237738e-01 3.923938368873001181e-01 3.931461785886008475e-01 3.921398599362010406e-01 3.982387875375693054e-01 3.852035657166310578e-01 3.855288417215916863e-01 3.849484978648753386e-01 3.894169158080500459e-01 3.856862805945410755e-01 3.923339317127095827e-01 3.811891632453973666e-01 3.833861856889606567e-01 3.867775161285412766e-01 3.874893785161697690e-01 3.835509215726909393e-01
7.089219706371915897e-02 7.110901605508386514e-02 3.485660808804120769e-01 1.000000000000000000e+00 3.466934166298593079e-01 3.834014200825233698e-01 5.619298015450063799e-01 5.544016121306445388e-01 5.391029489699137311e-01 4.747860510223404495e-01 5.530625290654375137e-01 6.296965672329178920e-01 5.018851627511285995e-01 4.553566133543704431e-01 5.855546508962888863e-01 5.865878074589421232e-01 5.598186661644097839e-01 4.784975264093822567e-01 4.910137379956575621e-01 4.784712143686392638e-01 5.715327427890990464e-01 5.465302322607283880e-01 5.303219675654617937e-01 4.794946456966691084e-01 4.492187680953405038e-01 5.712511209944965973e-01 5.844595630761207916e-01 5.563074159669386676e-01 5.235737198409088355e-01 5.355930162543444117e-01 5.742464131697240237e-01 5.907796820237217750e-01 5.276744334608466369e-01 5.594451512112366132e-01 5.463437163822110199e-01 5.709487922219677047e-01 5.626888797570935852e-01 5.763925978328618971e-01 5.758460943300884871e-01 5.757168404664887440e-01 5.865200420921257152e-01 5.951617221155022230e-01 5.934957033929041392e-01 6.009355149436318433e-01 5.941280110802497072e-01 5.741693741405758944e-01 5.836730797452536201e-01 5.801430436505454757e-01 5.866121138569642124e-01 5.832516899837375535e-01 5.879820073543055026e-01 6.019372253789204708e-01 5.921262320977763727e-01 5.823329086137272181e-01 5.865590718772716317e-01 5.821634296573148237e-01 5.947963020396785927e-01 5.946875668954320071e-01 5.963457381487393683e-01 5.819961238877595644e-01 5.870914422372486285e-01 5.838675815561761295e-01 5.844353149754416554e-01 5.794073143587837871e-01 5.891895275751070082e-01 5.910292143778121954e-01 5.816473642025059565e-01 5.757710525776905675e-01 5.821466331585070098e-01 5.900219188231202727e-01 5.900443415225300470e-01 5.762789534380767797e-01 5.773165566392812753e-01 5.570878273938389968e-01 5.930342437601081595e-01 5.872287501212345440e-01 5.756711797170589451e-01 5.708846982244302204e-01 5.699093389084890493e-01 5.607998983587147990e-01 5.709930954438948714e-01 5.685908465217373031e-01 5.989497930846763296e-01 5.660009326400067264e-01 5.934885135436541725e-01 5.839781930676596344e-01 5.785243971138613883e-01 5.932935469319017274e-01 5.799470138268323360e-01 5.919013359056545243e-01 5.838538900322662872e-01 5.920222643741305246e-01 5.904552637756391720e-01 5.799841645971453019e-01 5.750415653481311118e-01 5.804522346349699768e-01 6.129052736260414136e-01 6.016357094170033948e-01 5.961740142661910991e-01 5.982985295469880338e-01 5.922572969717385671e-01 6.002914138393899979e-01 5.901227149832369845e-01 5.925594636444384555e-01 6.043502555778205165e-01 6.021095545458714504e-01 5.915290977106560932e-01 5.821713149896678985e-01 5.916281108286056689e-01 5.900121986803468221e-01 5.961142052670898028e-01 5.812043686150690780e-01 5.897973787221115760e-01 5.901681825380327151e-01 5.889818811715830105e-01 5.915868041824491330e-01
6.741671287813813529e-02 7.298633714516128412e-02 2.008279861302056102e-01 3.466934166298593079e-01 1.000000000000000000e+00 2.959740183018987891e-01 4.402804208634107375e-01 4.327954219984854745e-01 4.599205947130110550e-01 3.972561155069643246e-01 4.503272400040418955e-01 4.749286448723718523e-01 4.543641692316291447e-01 3.634222418375036012e-01 4.799874753753315959e-01 4.822959992429889375e-01 4.358539464309925116e-01 3.781595211367783649e-01 4.008278478602337880e-01 3.226701841294474793e-01 4.176038895206671264e-01 4.345473912449404619e-01 4.347082129257816563e-01 3.784475962021287554e-01 3.910690665381152398e-01 4.787942800747133631e-01 4.635597031492600939e-01 4.356275200435946182e-01 4.597755798698161533e-01 4.624627642706378161e-01 4.850226982341883653e-01 4.587626232970395956e-01 4.365365844200496670e-01 4.444975144920036980e-01 4.548545550334070486e-01 4.420601595681995510e-01 4.727223358593542479e-01 4.572182964018212115e-01 4.743490835140219963e-01 4.234875824319199178e-01 4.814976899921836750e-01 4.647005921154135355e-01 4.562186409866881287e-01 4.829712332407082864e-01 4.769474944392601556e-01 4.685369536131667734e-01 4.904969928344003471e-01 4.827207618330279781e-01 4.832829599103743434e-01 4.623430584108336183e-01 4.787276433211488103e-01 4.574546695271359265e-01 4.692975036208217321e-01 4.895835460281637852e-01 4.834780688962154738e-01 4.770176043082809403e-01 4.829631106676327557e-01 4.851267701929479204e-01 4.755729355350671872e-01 4.989300523057592640e-01 4.885129200095807978e-01 4.895183553100584950e-01 4.838659516397379456e-01 4.872204064321498107e-01 4.884757002254335179e-01 4.936770245907139976e-01 4.884621121203338578e-01 4.795912955163734726e-01 4.822147000774789638e-01 4.817429220687369229e-01 4.823761225396728802e-01 4.805343468293292175e-01 4.715384144649256704e-01 4.672931577251835944e-01 4.917471621662647396e-01 4.893076039212673201e-01 4.757319239252073562e-01 4.845543029446388039e-01 4.780765430598279409e-01 4.866100740476760889e-01 4.878060887244922705e-01 4.886146290808080495e-01 4.871064294259037086e-01 4.819905728230390873e-01 4.800239292582880180e-01 4.816240625592604352e-01 4.808093471809469222e-01 4.813878317053794098e-01 4.827164656091408879e-01 4.862480663945164538e-01 4.670404660646636508e-01 4.816875289559240381e-01 4.853549887534560625e-01 4.809289469957868657e-01 4.877538533018448974e-01 4.894962533875992783e-01 4.736379179315867161e-01 4.889272634791881900e-01 4.901462259310505054e-01 4.855167608466998130e-01 4.779602314316386824e-01 4.935766049461571825e-01 4.887719396314356701e-01 4.885620874144390724e-01 4.868893204087438309e-01 4.917805160971468470e-01 4.916585408761559028e-01 4.885521766856557591e-01 4.899422849706690508e-01 4.896060611107440619e-01 4.836801000858061972e-01 4.931931552816347097e-01 4.899167693420239389e-01 4.929233631722907405e-01 4.969563551694032855e-01 4.976715559856153548e-01
2.457060924898334109e-02 1.057392472912296044e-01 2.429208419089285698e-01 3.834014200825233698e-01 2.959740183018987891e-01 1.000000000000000000e+00 5.168448031883982052e-01 4.783140406841398518e-01 5.041334408432218694e-01 4.571022897201488244e-01 5.213213078424474567e-01 5.640856454679700205e-01 5.026412647443532222e-01 4.368339985530351188e-01 5.656289112341335024e-01 5.587505703529411782e-01 5.079086355191975155e-01 4.715495763659038331e-01 4.908641374092440612e-01 4.002138356398376451e-01 4.986479901529780046e-01 5.290424069513466332e-01 5.382536084698640311e-01 4.884008279760473914e-01 4.856646245830510966e-01 5.697233844062447039e-01 5.541317467625346271e-01 5.493254597456506128e-01 5.307043737449256282e-01 5.547261008849202479e-01 5.748964214437120024e-01 5.649169866076587665e-01 5.380678706567031400e-01 5.512465922236167160e-01 5.512548480544666729e-01 5.501921174775517009e-01 5.687076074342910514e-01 5.638361700535101662e-01 5.712461849428365213e-01 5.528389240377900027e-01 5.758251061734825926e-01 5.743256289038217721e-01 5.670517395767287194e-01 5.816869999876758124e-01 5.765713930238369755e-01 5.670597730023335670e-01 5.738469421080190092e-01 5.718521240737687306e-01 5.748100838101641852e-01 5.524077591794736009e-01 5.667170750291985470e-01 5.411953453655585777e-01 5.686519715638165273e-01 5.793202318342719481e-01 5.759476588457915769e-01 5.748673940095361257e-01 5.633804010703706844e-01 5.764805453988941508e-01 5.728256519906153033e-01 5.743227353355376819e-01 5.736366905284738804e-01 5.733335437658650946e-01 5.706710517589259624e-01 5.708889555655187742e-01 5.609285674719421966e-01 5.666646736061677903e-01 5.773299933895146285e-01 5.775332560429663475e-01 5.757143413079426342e-01 5.762786630860077253e-01 5.765036278032543704e-01 5.770052969363421713e-01 5.750352355543074667e-01 5.667188104423247497e-01 5.824472920614526261e-01 5.830651070447174789e-01 5.772776382743025625e-01 5.694011658623999717e-01 5.725243189593157700e-01 5.720035622825787591e-01 5.755343497939907627e-01 5.797931542870212729e-01 5.817850877201489190e-01 5.709959294625844839e-01 5.711648138672398289e-01 5.777529855785609181e-01 5.773251042466736038e-01 5.806101296137634593e-01 5.782560466609574235e-01 5.808494479760443197e-01 5.758407196404634609e-01 5.806754604504660300e-01 5.821201455726567886e-01 5.803681831403324498e-01 5.769319872895273260e-01 5.790321357122117929e-01 5.774919109103693327e-01 5.698720741945051405e-01 5.790542807721322793e-01 5.786369460644484874e-01 5.778942712462482589e-01 5.775762447746384254e-01 5.768649009571416020e-01 5.803516086646466343e-01 5.787492604697311860e-01 5.777178753252328880e-01 5.796335482385651661e-01 5.781704942840535377e-01 5.817838816448531736e-01 5.811824944881841537e-01 5.814098083879998269e-01 5.792458218692050353e-01 5.784679061424636837e-01 5.790409141210973720e-01 5.741054150434342640e-01 5.754114689522890069e-01
6.612341165299795431e-03 1.574350976156160542e-01 3.348862693719555361e-01 5.619298015450063799e-01 4.402804208634107375e-01 5.168448031883982052e-01 1.000000000000000000e+00 7.083206549085258041e-01 7.044093165500501241e-01 6.443078466049908526e-01 7.352575569301252889e-01 7.774907522785491354e-01 7.003819791737749823e-01 6.162390899849908843e-01 8.349092680321461568e-01 7.908961367495891404e-01 7.061174354695025634e-01 6.620875177012822688e-01 6.954279274200293459e-01 5.580067058285966830e-01 6.874650289253190216e-01 7.370100250247080265e-01 7.256253505038197105e-01 6.807620333939676804e-01 6.790665737356913478e-01 7.841062889098338040e-01 7.729344100948506435e-01 7.830576735110608144e-01 7.613305515575021776e-01 7.701567470759650424e-01 7.998153662278185694e-01 7.884825767071166336e-01 7.672662985914489031e-01 7.729401307148319189e-01 7.694948404763105598e-01 7.715015653433697773e-01 7.988482598413468860e-01 7.947534500821353820e-01 8.136145030719397209e-01 7.902613025310906147e-01 7.999562996036936324e-01 8.137704662940172806e-01 8.017772667107219142e-01 8.165578228570669062e-01 8.070933806319560144e-01 8.075180110405795197e-01 7.932687257293680183e-01 7.984690093625658180e-01 7.855662362275405153e-01 7.617703503905335349e-01 7.879672976093191616e-01 7.334847390186015614e-01 7.824703645153038289e-01 7.851653080564173770e-01 7.774731593088918258e-01 7.955541238543041294e-01 7.474243359852985602e-01 7.960026414721286248e-01 7.867578405836334055e-01 7.809468465834078499e-01 7.909287388308750000e-01 7.777840333980809984e-01 7.710704750726106171e-01 7.769591422693584715e-01 7.604037506018439529e-01 7.612885652254736124e-01 7.964106457436586073e-01 7.989013605730173051e-01 7.991466537597744502e-01 7.935466230983093672e-01 8.003896023959842232e-01 8.007598931583078672e-01 7.909792177070619212e-01 7.846003986968345112e-01 8.072127976041820752e-01 8.036495495373846554e-01 8.083077815358143958e-01 7.980564668048634180e-01 8.042318122219344056e-01 7.906523006027692535e-01 7.999029553641038293e-01 8.005738124216524865e-01 8.022669158990182181e-01 7.938707858322078259e-01 8.062253461334565330e-01 8.049259360085377901e-01 8.059846226198459362e-01 8.181478450836185967e-01 8.119791349498509669e-01 8.056246243326362633e-01 8.175470472145951462e-01 8.149894211591969251e-01 8.088916400749285307e-01 8.111536394514113901e-01 7.953216762134939222e-01 7.985504073848859186e-01 7.992780213455166205e-01 7.752420431456109595e-01 7.964938015491227485e-01 8.071906918300286726e-01 8.101973681960523699e-01 7.903568212077213273e-01 7.930237535640964897e-01 8.060792099627712703e-01 7.966355859407839857e-01 7.782387070908074467e-01 7.942153381013491442e-01 8.012154318399599129e-01 8.026211872637217803e-01 8.032793717693756941e-01 8.070223072496293115e-01 7.921814082387335088e-01 7.920145125840611922e-01 7.961736813914034316e-01 7.848921319523857187e-01 7.845912852016876382e-01
2.939452104698218535e-02 1.125594657508491303e-01 3.577455009970115229e-01 5.544016121306445388e-01 4.327954219984854745e-01 4.783140406841398518e-01 7.083206549085258041e-01 1.000000000000000000e+00 6.945811014522378368e-01 6.444945355856567248e-01 7.124691150905624326e-01 7.652552434545543125e-01 7.025082505226268870e-01 6.036738391473727150e-01 7.918522163596667385e-01 7.902852425652859836e-01 6.970674306651480912e-01 6.526867895940144937e-01 6.718805551303682622e-01 5.575163371064814077e-01 6.879184262188663412e-01 7.197942515595109336e-01 7.179669739642606796e-01 6.683666019439320483e-01 6.570512033251302286e-01 7.561333556883557128e-01 7.516283619002365191e-01 7.448620848726514865e-01 7.310934472586725352e-01 7.485747102912008177e-01 7.830315375850405157e-01 7.769018671253641317e-01 7.416501740417305033e-01 7.552678630509321867e-01 7.587978461180082679e-01 7.565383502411378025e-01 7.752754112070103787e-01 7.798358935945037818e-01 7.870158580325860020e-01 7.725550228467821245e-01 7.862715046263940577e-01 7.925371676833556922e-01 7.958223135896349554e-01 8.019298909611651816e-01 7.977168708204928071e-01 7.855003434153573494e-01 7.836741671390539121e-01 7.911997223684953395e-01 7.881950176128232899e-01 7.639106244380595712e-01 7.853557963107578033e-01 7.479917618494129616e-01 7.783048276260784437e-01 7.856522466916165959e-01 7.861061868085623683e-01 7.892970098522325006e-01 7.673094893126187754e-01 7.936176762647749738e-01 7.911273643078787776e-01 7.791683034692897802e-01 7.907442288509570760e-01 7.808641850841165910e-01 7.781828809786146550e-01 7.783556591891539478e-01 7.641937625944776880e-01 7.718987861474753132e-01 7.887176459531235473e-01 7.869132276010556426e-01 7.904630872431968047e-01 7.875952227808573625e-01 7.899369006250378522e-01 7.868857757929891283e-01 7.815453823251622412e-01 7.731809111984149219e-01 7.929439037523079437e-01 7.890477434572737980e-01 7.844007904235203998e-01 7.774662557038096722e-01 7.836236576825615918e-01 7.799299030818802603e-01 7.870625822103334279e-01 7.894230502261285753e-01 7.970738105748872426e-01 7.798331197235962575e-01 7.908566361686956148e-01 7.929529330926814445e-01 7.932107498462716011e-01 8.003159903379950535e-01 7.957621540905223112e-01 7.951797374402346241e-01 7.906007496526242795e-01 7.980401649574514478e-01 7.966819324785097134e-01 7.950012468122173992e-01 7.898126426306150139e-01 7.920552123497298647e-01 7.969037413424389094e-01 7.819174074780615991e-01 7.955002118285169344e-01 7.986067623676035288e-01 8.000508158329783237e-01 7.914694147859856477e-01 7.899483078506072120e-01 7.973518731327329245e-01 7.953146143489550068e-01 7.846691459597421314e-01 7.921000427845784619e-01 7.914337171794205705e-01 7.957732084893194280e-01 7.939532881491783156e-01 7.975926521166739613e-01 7.892682735783017600e-01 7.910583959162946766e-01 7.916060819003791771e-01 7.826356650242342061e-01 7.850330180661679869e-01
1.181138095545599537e-01 1.762633306769379737e-01 3.355840392042392928e-01 5.391029489699137311e-01 4.599205947130110550e-01 5.041334408432218694e-01 7.044093165500501241e-01 6.945811014522378368e-01 1.000000000000000000e+00 7.318869527690819998e-01 7.742731454520652701e-01 8.170015815413421700e-01 7.641610113785592961e-01 6.557300030923370882e-01 8.281528180887333113e-01 8.378087213624249019e-01 7.975822709075084394e-01 7.050085041090194959e-01 7.243483726606996242e-01 5.445474536857178860e-01 7.109379763720192758e-01 7.934312564856719208e-01 8.065632209196356150e-01 7.110445260437157078e-01 7.145922023254046573e-01 8.378463359369909824e-01 8.206462957560497484e-01 7.989305845398574357e-01 8.191217247210921260e-01 8.423325187544352666e-01 8.595811113878840670e-01 8.426363992932419666e-01 8.084450462166633544e-01 8.292635728533600536e-01 8.391876633797502594e-01 8.119417720388680815e-01 8.480387748913023049e-01 8.221793000981275634e-01 8.527671021278073749e-01 7.719101012940530193e-01 8.478822125240080831e-01 8.255601342751158755e-01 8.148653176596785119e-01 8.556958926989918224e-01 8.489995227557511903e-01 8.363184428209375909e-01 8.662084537008717389e-01 8.727921711228713297e-01 8.712995396766616274e-01 8.427373450079084227e-01 8.664581864177178794e-01 7.983612114780668234e-01 8.452779295420809191e-01 8.791451925550182178e-01 8.667637394695654196e-01 8.613007885032295530e-01 8.638297161660205559e-01 8.592457761476545164e-01 8.540670089103589158e-01 8.773684704183826177e-01 8.698005541111054617e-01 8.688705059562074062e-01 8.606626782867197178e-01 8.729310132597408733e-01 8.710147593961629076e-01 8.694495635828459745e-01 8.725396706117526380e-01 8.578888250691679707e-01 8.605316489908013677e-01 8.509486945457404028e-01 8.524810371365885153e-01 8.600344143826779142e-01 8.468539234536209825e-01 8.382198291403061274e-01 8.707143128194819726e-01 8.703543226333568805e-01 8.553521504350608540e-01 8.648927805227070165e-01 8.540434835369477007e-01 8.693253424327617163e-01 8.686657488544073935e-01 8.691326105404231228e-01 8.722870772422816055e-01 8.691369401795873140e-01 8.588419219235936541e-01 8.664731476452037784e-01 8.594847832712660951e-01 8.561221534811304101e-01 8.666727990110629776e-01 8.647019920052793074e-01 8.348173637273009762e-01 8.562282184716265565e-01 8.614736589278269019e-01 8.571832221791721995e-01 8.684133319571415432e-01 8.722156882720834004e-01 8.413408127790940050e-01 8.684302341847476292e-01 8.700190284849702582e-01 8.649254630696938673e-01 8.506307259380566643e-01 8.696766780138707187e-01 8.612862001600937178e-01 8.646773477645737227e-01 8.643450877264788890e-01 8.686848667049745787e-01 8.757139119209648159e-01 8.708127453614591396e-01 8.689281298149329480e-01 8.682041267362928805e-01 8.557492346932756844e-01 8.741959947200733660e-01 8.689695911962468378e-01 8.749823443868844919e-01 8.768769129488920289e-01 8.729042859177255087e-01
3.456683300194035580e-02 1.634414638396939068e-01 3.019019111311712078e-01 4.747860510223404495e-01 3.972561155069643246e-01 4.571022897201488244e-01 6.443078466049908526e-01 6.444945355856567248e-01 7.318869527690819998e-01 1.000000000000000000e+00 7.058835871366164749e-01 7.462728660835603600e-01 6.945896628494375724e-01 6.110035801457408544e-01 7.586731267779931454e-01 7.624577930731019082e-01 7.027258249763405074e-01 6.452132256618398065e-01 6.716290794414477849e-01 5.105357986462728537e-01 6.432763308145316161e-01 7.169797381113265367e-01 7.304652304579366540e-01 6.622354547304555306e-01 6.688895025966767882e-01 7.620440719469935287e-01 7.431292339743157394e-01 7.387456956277566045e-01 7.417510163707056181e-01 7.610902203710200320e-01 7.839940625464145718e-01 7.750379275400243184e-01 7.420943440911078604e-01 7.575134959859844974e-01 7.611328441032675363e-01 7.440272267273696505e-01 7.692439690743304581e-01 7.592526741289529202e-01 7.846141675421551831e-01 7.270107540902158716e-01 7.797035779893934926e-01 7.679963800081361924e-01 7.601588943617071381e-01 7.866485563519438617e-01 7.752021462335102475e-01 7.709701123121136535e-01 7.867225220263071028e-01 7.931365918475118404e-01 7.887927869254192093e-01 7.609203537275303075e-01 7.862707250951171956e-01 7.104140371123603970e-01 7.645099167357293224e-01 7.884055606274462669e-01 7.795441346716189823e-01 7.881398318593528796e-01 7.631228089459254349e-01 7.790638406563000773e-01 7.757323270708451624e-01 7.862017001028145380e-01 7.859033009709616158e-01 7.800260079404384150e-01 7.717874391123004107e-01 7.830677105383483383e-01 7.632452891824036412e-01 7.748602903680467113e-01 7.926671493267890556e-01 7.859359869229288753e-01 7.924261156900394010e-01 7.776647795983128164e-01 7.787292968592748332e-01 7.841036320131221649e-01 7.758732779745812769e-01 7.713357511566271141e-01 7.891010859095509700e-01 7.894539403220325324e-01 7.801825594921576457e-01 7.839143418421029574e-01 7.829333463090459855e-01 7.880312297388335496e-01 7.882776818087623427e-01 7.912029181972091152e-01 7.925664583363580817e-01 7.864617471825510187e-01 7.845618649409600298e-01 7.922506539982757667e-01 7.879208301888807053e-01 7.861984114090485587e-01 7.914987210349048175e-01 7.891231649843505336e-01 7.724115381751479603e-01 7.863511201804602724e-01 7.877120485299972108e-01 7.864566617106656388e-01 7.894168539800593409e-01 7.917921789730177906e-01 7.671193009463930235e-01 7.776786426858796064e-01 7.869594113987279371e-01 7.884822140700342707e-01 7.803786500609195542e-01 7.830671027159091802e-01 7.822778812968271822e-01 7.873302021610387724e-01 7.815922660667085076e-01 7.762883074208356549e-01 7.898326344058850257e-01 7.890330228220563402e-01 7.901927650751426890e-01 7.872478957192893256e-01 7.811050979068896449e-01 7.890042641817703872e-01 7.847367236793200140e-01 7.874238651464267047e-01 7.817897702314161590e-01 7.835967038439388688e-01
2.539099733884598881e-03 1.221472610511052381e-01 3.871514392959214401e-01 5.530625290654375137e-01 4.503272400040418955e-01 5.213213078424474567e-01 7.352575569301252889e-01 7.124691150905624326e-01 7.742731454520652701e-01 7.058835871366164749e-01 1.000000000000000000e+00 8.527845615062520368e-01 7.660032225400611461e-01 6.661877033393928116e-01 8.569833662808988839e-01 8.517631525262550074e-01 7.763506222734102291e-01 7.226561612089746900e-01 7.538118368084361087e-01 5.845684462391637082e-01 7.385750839123335076e-01 8.041849978352000328e-01 7.829708803158212937e-01 7.344786694914604563e-01 7.432886104421636553e-01 8.499822713029944188e-01 8.390649921721913262e-01 8.287088684413643769e-01 8.224971225910007178e-01 8.472175181856799187e-01 8.728494298786191319e-01 8.458525442343540757e-01 8.231393254064606202e-01 8.253084372242931455e-01 8.324482141947127101e-01 8.372348619514115020e-01 8.699420517041118739e-01 8.618691959640447653e-01 8.693986194431482240e-01 8.408693267655490411e-01 8.761871115656376663e-01 8.753784747753857731e-01 8.634439640014748285e-01 8.848182110518718613e-01 8.725039146951899527e-01 8.761352641923904061e-01 8.848261835419145571e-01 8.900259468466339419e-01 8.797811711653723554e-01 8.448618324292787030e-01 8.759702547834853359e-01 8.306595097154048091e-01 8.624074147984810423e-01 8.767361577246360893e-01 8.717781760234324384e-01 8.815039639116638570e-01 8.523317125003029293e-01 8.846781416811635435e-01 8.750982813336513066e-01 8.804860057108880866e-01 8.841116100806991618e-01 8.735347671742395015e-01 8.720220938878643357e-01 8.775044399212614810e-01 8.661467086060304910e-01 8.643682549340017118e-01 8.903823276899495154e-01 8.863935890669375484e-01 8.813459340717479940e-01 8.788860829450096945e-01 8.815130875677502642e-01 8.878751082938904915e-01 8.721451508483196724e-01 8.737758210379734658e-01 8.921330905553433999e-01 8.873472890053029083e-01 8.852504521783921554e-01 8.819270347170603541e-01 8.845002640517577452e-01 8.829978848246915479e-01 8.851869914361228942e-01 8.913543999229133208e-01 8.878860125806747883e-01 8.805409145374327728e-01 8.808638304988040124e-01 8.841598848484062412e-01 8.878800136912203822e-01 8.922489075014677917e-01 8.915185422668614468e-01 8.922208768022336089e-01 8.839667713571507379e-01 8.921158959300516944e-01 8.919695375750736899e-01 8.918674369499504095e-01 8.909336925870580126e-01 8.924931783887783965e-01 8.794072479010850429e-01 8.669498684386524046e-01 8.870502067015627601e-01 8.881386914923304898e-01 8.897922041179799901e-01 8.860945611915048703e-01 8.873836091670698201e-01 8.929718006275424447e-01 8.891848990261759234e-01 8.738628899625318081e-01 8.875775791768524270e-01 8.933374444880355369e-01 8.926162105933614921e-01 8.912922296507312936e-01 8.922990241257979793e-01 8.885918953125063746e-01 8.875467091517951213e-01 8.887519087757671521e-01 8.832002980411243209e-01 8.812076222866352948e-01
2.722972197284296778e-02 1.387603892980077136e-01 3.928605448662092492e-01 6.296965672329178920e-01 4.749286448723718523e-01 5.640856454679700205e-01 7.774907522785491354e-01 7.652552434545543125e-01 8.170015815413421700e-01 7.462728660835603600e-01 8.527845615062520368e-01 1.000000000000000000e+00 8.105252597310537155e-01 6.996935071306549236e-01 8.992883673698875979e-01 9.002901155331241023e-01 8.205912576562690575e-01 7.492711713847167720e-01 7.727767056002489143e-01 6.340816326966500771e-01 7.949270526254932356e-01 8.380749083128474775e-01 8.288203980740935783e-01 7.561795894284452091e-01 7.531367306214230561e-01 8.815071327090461262e-01 8.709723432890726924e-01 8.574120097424353659e-01 8.442609021168275829e-01 8.689445296340129188e-01 9.082645357243185336e-01 8.928362095351268790e-01 8.454810874267411069e-01 8.674703970975216061e-01 8.677483421877457692e-01 8.741518892857724765e-01 8.953219004078479815e-01 8.999445520702384904e-01 9.079598134333453086e-01 8.710070957280769965e-01 9.133199459300526124e-01 9.119044793724874198e-01 9.074209520992718714e-01 9.319845981382804956e-01 9.157651657881440421e-01 9.044299311211968506e-01 9.259384322944728130e-01 9.261501855084435242e-01 9.261675678298568748e-01 8.989138053179350774e-01 9.250339871808656023e-01 8.848693217209345763e-01 9.132244926141193098e-01 9.231055890085020366e-01 9.235735284458612693e-01 9.189838199329604107e-01 9.143340746353130211e-01 9.287566274873929606e-01 9.282002519304103361e-01 9.250657616002548878e-01 9.317694225064852009e-01 9.263641634033905614e-01 9.243280694328279701e-01 9.231474965226380558e-01 9.104798349996511275e-01 9.191506599339818173e-01 9.280004194548591157e-01 9.203259210159400183e-01 9.195797203684250576e-01 9.230374969424754994e-01 9.218452001961683351e-01 9.202086612127441390e-01 9.102778604839749654e-01 9.026028827790594233e-01 9.277710540809800399e-01 9.257386141562442550e-01 9.171343164527923086e-01 9.122629455098861806e-01 9.132516204127688608e-01 9.143560310023400861e-01 9.188275559334169174e-01 9.255443174960451547e-01 9.293288121414883252e-01 9.140158769840089903e-01 9.217437539319195405e-01 9.232245516500242610e-01 9.227102507218227778e-01 9.280719185402356297e-01 9.260395735046531573e-01 9.277093576472349445e-01 9.128164879981052193e-01 9.302241527114414321e-01 9.290448563605223642e-01 9.266000111864994837e-01 9.282351829035051516e-01 9.305838137239083041e-01 9.283182037085132565e-01 9.245510112009494019e-01 9.333980831016351898e-01 9.337400489022692485e-01 9.300901302872616183e-01 9.348663754009581828e-01 9.311536877312951432e-01 9.349599976179828742e-01 9.344878397704347028e-01 9.265021425514680109e-01 9.338419544168122810e-01 9.295389856183696731e-01 9.322452335629327624e-01 9.321188680391560011e-01 9.329407667114238967e-01 9.298128368771403363e-01 9.322409205034813962e-01 9.321967299459785750e-01 9.247167812757469685e-01 9.297036133102061228e-01
2.393809144575790790e-02 1.472520672730733837e-01 3.250148114847378200e-01 5.018851627511285995e-01 4.543641692316291447e-01 5.026412647443532222e-01 7.003819791737749823e-01 7.025082505226268870e-01 7.641610113785592961e-01 6.945896628494375724e-01 7.660032225400611461e-01 8.105252597310537155e-01 1.000000000000000000e+00 6.536941034832646213e-01 8.284828351252069290e-01 8.304348274960121623e-01 7.512288723453121042e-01 6.825179175805667908e-01 7.020587982730602805e-01 5.507011644225558999e-01 6.857644081542270120e-01 7.662960824609107435e-01 7.811548481207799544e-01 6.949441211420352982e-01 7.070050793495031849e-01 8.148375062365293964e-01 8.048068615738916964e-01 7.852022234367489473e-01 7.950648196105977172e-01 8.289716273168576954e-01 8.487897911511295135e-01 8.140695719789129425e-01 7.875053556595387194e-01 7.948421150119500123e-01 8.139676154878724423e-01 7.944580217252213972e-01 8.386720193420408309e-01 8.090433331511289738e-01 8.364847028661838158e-01 7.751997876948185651e-01 8.411628090042412298e-01 8.221279096502653871e-01 8.142128850418581809e-01 8.476622182691291307e-01 8.435177663342142695e-01 8.348523904793558881e-01 8.552974842451608328e-01 8.570885089985638139e-01 8.537074599879556080e-01 8.092411604290460359e-01 8.403233251011935634e-01 7.838076872874157885e-01 8.354831739385031320e-01 8.581047456945853913e-01 8.471197522099632726e-01 8.480778093285826769e-01 8.332124875214276249e-01 8.497140933653795081e-01 8.413502618818893275e-01 8.637264703744081951e-01 8.534118213973859168e-01 8.534673886226878947e-01 8.463686176618621104e-01 8.506857891549088890e-01 8.373792498889108815e-01 8.463852590655809305e-01 8.590884947230126301e-01 8.488649089990329966e-01 8.524897886359759092e-01 8.459677754135904726e-01 8.431948110596911850e-01 8.518099235147439385e-01 8.348917871570991078e-01 8.350630367411954191e-01 8.572387015557175749e-01 8.541271663781099255e-01 8.470940771188441021e-01 8.493454891740613855e-01 8.498120185104367508e-01 8.568810180819055322e-01 8.579478763917446349e-01 8.625698681461783091e-01 8.613885937471686960e-01 8.521948469858812159e-01 8.421482088245426656e-01 8.509545301573615550e-01 8.551707290471656231e-01 8.510309168108390887e-01 8.577041069036510645e-01 8.564277670319367930e-01 8.345924412769629708e-01 8.519067912188045266e-01 8.562642477898796400e-01 8.560158441813846553e-01 8.614446829503853431e-01 8.644130920828735354e-01 8.341072986801617573e-01 8.457024938534631886e-01 8.594484017785311014e-01 8.540086177348216179e-01 8.505343540750087694e-01 8.568063611059579809e-01 8.560647220824929571e-01 8.596940672976277620e-01 8.549922474629864100e-01 8.517639801294620838e-01 8.616683764725500128e-01 8.621254058601549586e-01 8.606640316631696264e-01 8.613536534879142614e-01 8.540340145811108341e-01 8.648960364300316561e-01 8.614290989366089057e-01 8.628213191360316614e-01 8.572579528552920491e-01 8.602364542812752646e-01
