1.000000000000000000e+00 2.317968688220549689e-01 1.132810054343426770e-01 2.614185252604089502e-02 1.148764839215142032e-02 4.016340534454810457e-02 4.738204777373729304e-02 7.181152592562638215e-02 1.475176556449515064e-01 1.130753989012665273e-01 5.531666248207377928e-02 8.066196441911142531e-03 1.790310337085992271e-02 1.027674725858354664e-03 1.189813847655945070e-03 5.072200326066288872e-02 1.571501290040531462e-01 3.055623788926102313e-01 2.542133594119004858e-01 2.073661903140566198e-01 2.857502794240826538e-01 2.559712483744531197e-01 1.931958989224693835e-01 1.996145510871639994e-01 2.024911430331654827e-01 1.849314833864653118e-01 1.861922961351740735e-01 1.321197042854960479e-01 1.855982974724117718e-01 1.714499461601231844e-01 1.574305213759927546e-01 1.095413824715688739e-01 1.291104805679974821e-01 7.856463904948413068e-02 1.176306290521937081e-01 8.534094648578700870e-02 7.376027334679198522e-02 3.673437034672468599e-02 4.758140475929037438e-02 5.510963307276451478e-02 5.346086229513111882e-02 4.588857600374286055e-02 4.731391461703639972e-02 4.905612035764034262e-02 8.862028200815298684e-02 7.014307110617379326e-02 3.400410175073184660e-03 2.719493107971726956e-02 1.472528333028180238e-02 2.760875686056300099e-02 4.404639645907217765e-02 4.245009979031941216e-02 2.146636063515643816e-02 6.501017231584826916e-02 6.902878416885312174e-02 7.346460843027208254e-02 8.560319118155583495e-02 1.636608782107440430e-02 1.011936576526768078e-02 5.514986159447151509e-02 3.921621387499427819e-02 4.354464105882892289e-02 3.351930897592010627e-02 6.476135215361408792e-02 8.766326371489752134e-02 8.644723248446259389e-02 4.803776526338197905e-02 8.568487698456657420e-02 7.637298723555766000e-02 9.773484477961638661e-02 1.022744584527106732e-01 9.183988976667262216e-02 9.017140530383487007e-02 9.267764751521899436e-02 7.398544365891275565e-02 7.195702211209455135e-02 5.072193499633218666e-02 8.738902693698896718e-02 5.502952500619389536e-02 8.154253548198772683e-02 6.632100522456428615e-02 6.422988508269435182e-02 8.602583502679135574e-02 7.101285477535729251e-02 2.575566354160899879e-02 5.043894059723236928e-02 3.123880401798347778e-02 2.524277295549269551e-02 3.856558347879857768e-02 5.165022579238041228e-02 3.299246195004360005e-02 1.525559090326153618e-02 2.848213232246386492e-02 1.839993833611472049e-02 8.963224920412380531e-03 1.581881709707151987e-02 2.190955328671473704e-02 4.531738506243792458e-02 1.409363140978025196e-02 2.359862225619411419e-02 2.121515262399419066e-02 2.728834846751772292e-02 1.812612784644933306e-02 1.331493497233933454e-02 2.007852684851524003e-02 4.865103090926509860e-02 2.442471086089262680e-02 3.204580323969542094e-02 4.741568350354329053e-02 2.245037301967247462e-02 1.069638781306549678e-02 2.982055312405318404e-02 1.725258477784567812e-02 3.210961674007829780e-02 5.075226479237610749e-02 3.574305497774493690e-02
2.317968688220549689e-01 1.000000000000000000e+00 1.310626066581080940e-01 1.468933607548523201e-01 1.085085949217066970e-01 1.551392818889512915e-01 1.876125874404669658e-01 1.746183673033158135e-01 2.398162305843239139e-01 2.099227167076934686e-01 1.930202772512550624e-01 1.661606882690441489e-01 1.441818054190185938e-01 1.288307522264095784e-01 1.735940562622805272e-01 1.848564237177342529e-01 2.282963985409734164e-01 2.806110635050332869e-01 2.449909834278411747e-01 2.534536658978995272e-01 2.670343463383233473e-01 2.418743826246875228e-01 2.445094341910229452e-01 2.444261600243383126e-01 2.345222346388501355e-01 2.643551589721168105e-01 2.469090001590234784e-01 2.218363523082392541e-01 2.238823563167276209e-01 2.513507671797242105e-01 2.417573590608887990e-01 2.214036514251085108e-01 2.172255169518626516e-01 2.021194562633527314e-01 2.110686976130261294e-01 2.005506431379827370e-01 2.017020230299563233e-01 1.947058245886599537e-01 1.954458132241293222e-01 1.945512931427396675e-01 2.043087605234004123e-01 1.954788694196873122e-01 2.031979015832490465e-01 1.973378560717472807e-01 2.045911892801781373e-01 2.056421948604930383e-01 1.708971233667041512e-01 1.830482232837256640e-01 1.749279053208044610e-01 1.779131043797610168e-01 1.978400414018645914e-01 1.665792794453784531e-01 1.747175905508901450e-01 1.999253148499642585e-01 2.099870507760933924e-01 2.096136196366978621e-01 2.004713428675019560e-01 1.813736446820828352e-01 1.779355777449300458e-01 1.955984843553012498e-01 1.878727952200733020e-01 1.907703241557437701e-01 1.835066902502951736e-01 1.977223387832809931e-01 2.029016703972728319e-01 2.053568681793928041e-01 1.850129886382967936e-01 2.015101445999347984e-01 2.030090884398800255e-01 2.171317817494119728e-01 2.019566644784338283e-01 2.018063684971718175e-01 2.062722350501993429e-01 1.980816202042353091e-01 2.067945738148149748e-01 2.009083689935461381e-01 1.838332103104684812e-01 1.989624249295038616e-01 1.894544040554116959e-01 2.007156805980384873e-01 1.987235956123458158e-01 1.979063616770000700e-01 2.080157184299862572e-01 1.995772551840066522e-01 1.780241324853445994e-01 1.907094385911704826e-01 1.779650328567125017e-01 1.774695025465410636e-01 1.864415419152671838e-01 1.930890454236150744e-01 1.801322597989817587e-01 1.746492925805856744e-01 1.817685858476306426e-01 1.777321321060179593e-01 1.694828875223912956e-01 1.748898042625424698e-01 1.675483470943568143e-01 1.757549319792575115e-01 1.683465932364279494e-01 1.775035821093913502e-01 1.798050357504207553e-01 1.793082789470218097e-01 1.710003223197120448e-01 1.718863955058740345e-01 1.701883030459168666e-01 1.810705168411045896e-01 1.738826711709400563e-01 1.858308619344260781e-01 1.927298951560872942e-01 1.790771231051621892e-01 1.718405617477379022e-01 1.826285499473697393e-01 1.789911310429973812e-01 1.815475212344540845e-01 1.854301838049273454e-01 1.832572953525617721e-01
1.132810054343426770e-01 1.310626066581080940e-01 1.000000000000000000e+00 3.454097195530488329e-01 2.176722911165490382e-01 2.279224961049902964e-01 3.518819711223548086e-01 3.337321584226203286e-01 3.598546439115186124e-01 3.356333746216315084e-01 3.965341337649526676e-01 3.775450825085595041e-01 3.196320799609738139e-01 2.372103803504307939e-01 3.651434741036966858e-01 3.848616093675026884e-01 3.621329863158256890e-01 4.225605730879808397e-01 4.104972713782103488e-01 3.825089890156120886e-01 4.230917696998610644e-01 4.201244941776867137e-01 3.934980802009344081e-01 4.088402195391767635e-01 4.104917106141821037e-01 4.158866814036135673e-01 4.278571156827322142e-01 4.227588997361284018e-01 4.030529570833904507e-01 4.159715208070742243e-01 4.155856945531220537e-01 3.972830096128265320e-01 3.862489219243875338e-01 3.887976276912485929e-01 3.731210845439747459e-01 3.884562304026437096e-01 3.856619200900694988e-01 3.859841085932843585e-01 3.928556888052343044e-01 4.051326961317519570e-01 3.876364974017970089e-01 3.873677028750311391e-01 3.971112990321796210e-01 3.877532847549975958e-01 4.036667233658298160e-01 3.988638263740039158e-01 3.626882733819749571e-01 3.664841116933518217e-01 3.640949376531960602e-01 3.765035047174898897e-01 3.824412688855526876e-01 3.923314506227615905e-01 3.710542209214370835e-01 3.688527470534024300e-01 3.819788563633076395e-01 3.968614265933402274e-01 3.841885135073934143e-01 3.759235198285651447e-01 3.561453819140081856e-01 3.752491682480210700e-01 3.757782288396436243e-01 3.775363219028582962e-01 3.748718443473194606e-01 3.810189873533546545e-01 3.865543102870149794e-01 3.810152293308054494e-01 3.778099678823969021e-01 3.958244362397851379e-01 3.909512028760378510e-01 4.005519417079510536e-01 4.086765913945260564e-01 3.979578914733096218e-01 3.963199028444631122e-01 4.058395799103187707e-01 3.965284211267727787e-01 3.940935669420964071e-01 3.882493222060012794e-01 4.014202767707192865e-01 3.890906657646714395e-01 3.878371532571240343e-01 3.897818652449587806e-01 3.952932666973591469e-01 3.903979322501147653e-01 3.807917575197520832e-01 3.706905850341439823e-01 3.846859060932943941e-01 3.780948073030755974e-01 3.767232552686856084e-01 3.812699158373217823e-01 3.863938973561095724e-01 3.833733508520664190e-01 3.757735102973867036e-01 3.820589291902029561e-01 3.771146318370700024e-01 3.650455878676691635e-01 3.631763848736195288e-01 3.797465773149152901e-01 3.718873812801891110e-01 3.667404029918104880e-01 3.762481478952300895e-01 3.824176064827467525e-01 3.750921198131006995e-01 3.682190961237278848e-01 3.743252790057852719e-01 3.721178472481178057e-01 3.740461036130790506e-01 3.633302793491313687e-01 3.687203653562707295e-01 3.785189974872880114e-01 3.720238790160351749e-01 3.711363302204378489e-01 3.694415358134052751e-01 3.728190659585263189e-01 3.755905794347641491e-01 3.804168595345313597e-01 3.718684604395804394e-01
2.614185252604089502e-02 1.468933607548523201e-01 3.454097195530488329e-01 1.000000000000000000e+00 3.741019913775450179e-01 3.716177144637800023e-01 6.008304052844380960e-01 5.446979911423130982e-01 5.252853833148986018e-01 4.944769098010945996e-01 5.803863942473843629e-01 6.412913022112840533e-01 5.032441923435329034e-01 4.171264635075968008e-01 5.975713261232143969e-01 5.936057982295891433e-01 5.284574585960123416e-01 4.942705500180955003e-01 4.684774916473619655e-01 5.451889628119692688e-01 5.190573516818715039e-01 4.921926812984342425e-01 4.858762284248093200e-01 5.443519179792094542e-01 5.186892293256714082e-01 5.264216609265273128e-01 5.722991746067764840e-01 5.955123942731583853e-01 5.075405316591108384e-01 5.555907984675220179e-01 5.837768637362159563e-01 5.816657522504627975e-01 5.386335101046552110e-01 5.789370738147927575e-01 5.412220474270221793e-01 6.003410191661341377e-01 5.808155368838888721e-01 5.876020113513741316e-01 5.997322256500642323e-01 6.256501967826584298e-01 5.973054577549048449e-01 5.998988733189977163e-01 6.218085901310477226e-01 6.176870851443718724e-01 6.097563903487355219e-01 6.196280827916630374e-01 5.853815315988590839e-01 5.786424978274145037e-01 5.861887152317178939e-01 5.948294077151283776e-01 5.858126482319139239e-01 6.301425710832662119e-01 5.975640004684008577e-01 5.689243068664464609e-01 5.836798942439094251e-01 5.930059059794450249e-01 5.903293660041769586e-01 5.835071762437158416e-01 5.742536928258614726e-01 5.890912683606387423e-01 5.912977758795850969e-01 5.918281028331014992e-01 5.957296146530995928e-01 5.951643652265727891e-01 5.845689814088645964e-01 5.889920280978997447e-01 5.794441042287019616e-01 5.789767433052299683e-01 5.747309664539778096e-01 6.092996220512478800e-01 5.865379201653003749e-01 5.834830975437428346e-01 5.836933418377627802e-01 5.894049061478866536e-01 5.883281497302542684e-01 5.922054700989298759e-01 5.918173833014286345e-01 5.733027629235396549e-01 5.967095685864971522e-01 5.850289654699234454e-01 5.843755658351372784e-01 5.949201308941280963e-01 5.876119020073927723e-01 5.706055102550281477e-01 5.777575663331914191e-01 5.856429292801209607e-01 5.920358899117534879e-01 5.950922092272962205e-01 5.958051097189076550e-01 5.940023365564047753e-01 5.994182594315262680e-01 5.975308527086619081e-01 6.048400801791360415e-01 6.026785790300073220e-01 5.871680657147557714e-01 5.788768257183625199e-01 6.053020039945502528e-01 5.916092826941141691e-01 5.870721697905790792e-01 5.901680686269873410e-01 6.142054000159187233e-01 5.959720221578418409e-01 5.953622417714051762e-01 6.026992450543492419e-01 6.025485226731414068e-01 5.945629930481128866e-01 5.836711858490575278e-01 5.782611594418265444e-01 5.847277762236074983e-01 5.911627279107845023e-01 5.863051361983877552e-01 5.890463389714019060e-01 5.938101365854828728e-01 5.997937098415326851e-01 5.873885794096620483e-01 5.942904649276543605e-01
1.148764839215142032e-02 1.085085949217066970e-01 2.176722911165490382e-01 3.741019913775450179e-01 1.000000000000000000e+00 3.016117524599992161e-01 4.891497869079445282e-01 4.375631902992444533e-01 4.527905011864370999e-01 4.201141054261449126e-01 4.690582558266588875e-01 4.856862318546860124e-01 4.630146104253640704e-01 3.425598341273120018e-01 4.972443209057257341e-01 4.784543981068033469e-01 4.517580326138035951e-01 3.763949796492791489e-01 3.927612296110161716e-01 3.964769475163114065e-01 3.881539456821101464e-01 3.975750909963742807e-01 4.028204889937690436e-01 4.345533081813687803e-01 4.236050871861451461e-01 4.373428935271716500e-01 4.506579323983888608e-01 4.727750207152415229e-01 4.176798398604210649e-01 4.514681610074811613e-01 4.891362396536182988e-01 4.869281395817431912e-01 4.291786843842356758e-01 4.848522975298342752e-01 4.402364208105716270e-01 4.944267854289376429e-01 4.911843478539954511e-01 4.876776030249184157e-01 5.039489750178809402e-01 4.955078750135312737e-01 4.928463621420073881e-01 4.928010647926269749e-01 5.007916190620564922e-01 5.017889313158603315e-01 4.926687602273436828e-01 4.989556357430057765e-01 4.950520822296444745e-01 4.873822406937613483e-01 4.952105474772294791e-01 4.918409872432256691e-01 4.927002906759013201e-01 5.004320384158085222e-01 4.902916969920241841e-01 4.756105154579526317e-01 4.747986460502665595e-01 4.887312294227886267e-01 4.816981468379196163e-01 4.864475405996454560e-01 4.778184926979190950e-01 4.882734454318227724e-01 4.927361672379097501e-01 4.831432550980838680e-01 4.849180288167572739e-01 4.945185260253655013e-01 4.909502838303947958e-01 4.862659532498784243e-01 4.919733188806871271e-01 4.836329637353714017e-01 4.830132950152870586e-01 4.930232487750099701e-01 4.811129498316665254e-01 4.889143204862009262e-01 4.841058095596252331e-01 4.814599042258536632e-01 4.884745088313365291e-01 4.902872047791002608e-01 4.895481120974323197e-01 4.780383141279206383e-01 4.918223310192612607e-01 4.921471035551807094e-01 4.894069618510049624e-01 5.007017422433018838e-01 4.889067076858018557e-01 4.790348076362835328e-01 4.842686052557285681e-01 4.921151929089633836e-01 4.980687294127579823e-01 4.916082994389389671e-01 4.970227268768741546e-01 4.970424312821835056e-01 4.965541414750085369e-01 4.981616836721359243e-01 4.990920211339747170e-01 5.022820031077134262e-01 4.925311467350177441e-01 4.889125081844197251e-01 4.880097435047116572e-01 4.845746803403738756e-01 4.893380091582653080e-01 4.917041005741438764e-01 5.043076963089719866e-01 4.916637362484811979e-01 4.932071622167285008e-01 5.008737836861364423e-01 5.003649275574434396e-01 4.878010466208826390e-01 4.901981061414440455e-01 4.894154771021041461e-01 4.862386726937147907e-01 4.921483227278146688e-01 4.834633871121284954e-01 4.922819217017809224e-01 4.910885067343481736e-01 4.973894264727378722e-01 4.930361794632676098e-01 4.940339609797737008e-01
4.016340534454810457e-02 1.551392818889512915e-01 2.279224961049902964e-01 3.716177144637800023e-01 3.016117524599992161e-01 1.000000000000000000e+00 4.962945131079093963e-01 4.493008518572898513e-01 5.083471678068511856e-01 4.635193022608497526e-01 5.150662916226977917e-01 5.263617922945197369e-01 4.652506804500547988e-01 4.024591437730548060e-01 5.459557640371217602e-01 5.249247626209708750e-01 4.879837732802504990e-01 4.125624489153925101e-01 4.606749438575197253e-01 4.161329419319208522e-01 4.340222002675279134e-01 4.576912840368733693e-01 4.651306112691981354e-01 4.744998555961844056e-01 4.773727115208253324e-01 5.040779157010559786e-01 5.259915715973024763e-01 5.432414916414515238e-01 4.935801249578893879e-01 5.178698906128891277e-01 5.465561351869034912e-01 5.302543102913633843e-01 4.980348354864279625e-01 5.151036856132545916e-01 5.033373937847476220e-01 5.388695135781839118e-01 5.446622729592528467e-01 5.395759368519663646e-01 5.457239109994878046e-01 5.500524925144810728e-01 5.546205503510978074e-01 5.568341428206010635e-01 5.570922876377063515e-01 5.628390124777996606e-01 5.645914283807890177e-01 5.588559832369622837e-01 5.576803137497522433e-01 5.587923834415581270e-01 5.474482448024180492e-01 5.374082998971749792e-01 5.548666944759131914e-01 5.443164231563693001e-01 5.447748214726064742e-01 5.526454606015765991e-01 5.485508473965092779e-01 5.543484046464378645e-01 5.426038815753676525e-01 5.552800992222370891e-01 5.483856414993765194e-01 5.584757912202857888e-01 5.552150176855102925e-01 5.546340482074866296e-01 5.545447161458593177e-01 5.561480028414945709e-01 5.544192506598809578e-01 5.555629889236476382e-01 5.549578348824055762e-01 5.525049207742422919e-01 5.537588376751290120e-01 5.501624220769737450e-01 5.496886282758108866e-01 5.580844046508933731e-01 5.410306503500926789e-01 5.531698593357179394e-01 5.623053825474118028e-01 5.657673811277386111e-01 5.587854632392065257e-01 5.576927837870254701e-01 5.570684283192546271e-01 5.607111655848828757e-01 5.591000288383825012e-01 5.653896721721358709e-01 5.577707969503439278e-01 5.513772786128352532e-01 5.415201606332892270e-01 5.493525039354415496e-01 5.620411866571849435e-01 5.576399792999339189e-01 5.631202954434204599e-01 5.628741555676879393e-01 5.605544064943216442e-01 5.583928723955753348e-01 5.629511627250332051e-01 5.615647082969668080e-01 5.544174212702475124e-01 5.553805307168137029e-01 5.462924109440997489e-01 5.447625614897179114e-01 5.493418865824770680e-01 5.538453830483436313e-01 5.623840620222229081e-01 5.549283861422706909e-01 5.535717383162086502e-01 5.576811874252262102e-01 5.588342820067695449e-01 5.512632707480346062e-01 5.521238792507484616e-01 5.560921161026657344e-01 5.601569015385884365e-01 5.586547242038699679e-01 5.541871653701041511e-01 5.568953695117209168e-01 5.577023483093550560e-01 5.577264049369211607e-01 5.578157807391008749e-01 5.580683123009874125e-01
4.738204777373729304e-02 1.876125874404669658e-01 3.518819711223548086e-01 6.008304052844380960e-01 4.891497869079445282e-01 4.962945131079093963e-01 1.000000000000000000e+00 6.874472837916353329e-01 6.986701436065899662e-01 6.533957878330236557e-01 7.423021242670921893e-01 7.813245071011076792e-01 6.966197560525945187e-01 5.664206698784771676e-01 8.170913066890734822e-01 7.736457271969937599e-01 6.975444338077586570e-01 5.906929040869709491e-01 6.209214520841721541e-01 6.177879292869805639e-01 6.087797042450224794e-01 6.315189879639730997e-01 6.322078791809974119e-01 6.790535654625355910e-01 6.721159570369954483e-01 6.925453930836882321e-01 7.223315478912410992e-01 7.631160515251710352e-01 6.735483973147838865e-01 7.145146170166177813e-01 7.824909071541872319e-01 7.618950156740426083e-01 7.052174908713272350e-01 7.473237812627474552e-01 7.169650168569826620e-01 7.667214698371903614e-01 7.816186370598126043e-01 7.811246655835826225e-01 7.925457563745800238e-01 8.024872044911073310e-01 7.915838273463189356e-01 7.966679905109299575e-01 8.107468018346186689e-01 8.108504588778424615e-01 7.991615899715793780e-01 8.140630777002537677e-01 7.883036744428169040e-01 7.898001193691628341e-01 7.890403064840881830e-01 7.812703488451840927e-01 7.858915574576939012e-01 7.795863078514430056e-01 7.746732182308573300e-01 7.779887173322715954e-01 7.798972519675542170e-01 7.841339369879943844e-01 7.772615714509781837e-01 7.847913567892648157e-01 7.766004533955673805e-01 7.913592753691254256e-01 7.894126684795000903e-01 7.920055357604507407e-01 7.912094885460264626e-01 7.916665987862417930e-01 7.820440546078858413e-01 7.842359586273371930e-01 7.903405843551085663e-01 7.827748276366653934e-01 7.825939105623930248e-01 7.878407130687605786e-01 7.809558640966069998e-01 7.889175056460530078e-01 7.752298474570932241e-01 7.789627711424556011e-01 7.949248271111518660e-01 7.986708364920201975e-01 7.986141174869821890e-01 7.750619422561091376e-01 8.030678958365322639e-01 7.980282579921177399e-01 7.947130977786592831e-01 8.090952495974512715e-01 7.866588676017343129e-01 7.839817578783782048e-01 7.833202042171715229e-01 7.868679148005909285e-01 8.016341584990519520e-01 7.986933999189930189e-01 8.035651090426298992e-01 7.970613630788482284e-01 8.053995707450460895e-01 8.034438101449865588e-01 8.057966222504567844e-01 8.096348744909632744e-01 7.937821062919826476e-01 7.910790385806745206e-01 7.960062545116598498e-01 7.831840126488276432e-01 7.886298166887740768e-01 7.952132771969112612e-01 8.116599609701983242e-01 7.964584279969056935e-01 7.914797514640263820e-01 8.047130459178426509e-01 7.984443895028910942e-01 7.928074500032165073e-01 7.891447178565265119e-01 7.907094935176590678e-01 7.934350577930315840e-01 7.968989736796489032e-01 7.928428999591332627e-01 7.930188529963081434e-01 7.985107972660807629e-01 8.021468340754513981e-01 7.919202172245405347e-01 7.950419876782643946e-01
7.181152592562638215e-02 1.746183673033158135e-01 3.337321584226203286e-01 5.446979911423130982e-01 4.375631902992444533e-01 4.493008518572898513e-01 6.874472837916353329e-01 1.000000000000000000e+00 6.950570575811393370e-01 6.467997855306372168e-01 7.073639092815485752e-01 7.513635167982899432e-01 6.563888256848345870e-01 5.804996953057551812e-01 7.560181475537408602e-01 7.685242709370406766e-01 6.770709318597293302e-01 6.142890476305004066e-01 6.086338518600359349e-01 6.309592827133468917e-01 6.088284001610209106e-01 6.189819995616917536e-01 6.125606100445317725e-01 6.724110503297568986e-01 6.313051450873159443e-01 6.656228087978124375e-01 6.998736526081782428e-01 7.204032010680022635e-01 6.252150032498881016e-01 6.844994344057447888e-01 7.069051235787200405e-01 7.405432378891930734e-01 6.924444710099310063e-01 7.286440796970242717e-01 6.902947785940974912e-01 7.158313620219646234e-01 7.299892350389658446e-01 7.694561513463377134e-01 7.615760901509780467e-01 7.633421844458012639e-01 7.663191707838792333e-01 7.643930952025669301e-01 7.663318273870288744e-01 7.759826517499845977e-01 7.516833472299481178e-01 7.694966455283707152e-01 7.636737864207836513e-01 7.664103463776826830e-01 7.678209240719359174e-01 7.650665424951688109e-01 7.729668699232939977e-01 7.460158549696412900e-01 7.570247200505356711e-01 7.671332427561220468e-01 7.690856392437461775e-01 7.526526488248205249e-01 7.725464216500388392e-01 7.676163738917439749e-01 7.706851818709733459e-01 7.702200444802804746e-01 7.755137980584775326e-01 7.777534406132206035e-01 7.745779536914862984e-01 7.750965844523083348e-01 7.650101301628196016e-01 7.677560868008646011e-01 7.681463642465784503e-01 7.641818233910846470e-01 7.592538017632598502e-01 7.765103815617673266e-01 7.586995136737662015e-01 7.597475677651223114e-01 7.604486713105187423e-01 7.472654480051857950e-01 7.623891573127932197e-01 7.630262822928354227e-01 7.636552692595462988e-01 7.415589748117563662e-01 7.612176092760435386e-01 7.458672248902533664e-01 7.513724257698327635e-01 7.618052422451109251e-01 7.584219372343834475e-01 7.489115181567376212e-01 7.634373079739029677e-01 7.662357052053793138e-01 7.594389813333304318e-01 7.757342564451541467e-01 7.692070301229753104e-01 7.641706583400492692e-01 7.672138197316442643e-01 7.698095916023002250e-01 7.674942558255586356e-01 7.716699017150865370e-01 7.712345805914917474e-01 7.668274521632951757e-01 7.757455380772998454e-01 7.758370582855059761e-01 7.747492775445535829e-01 7.741944209601125948e-01 7.767626200322805818e-01 7.814037984380431956e-01 7.687079771513997128e-01 7.771879912018292424e-01 7.694835876650303330e-01 7.761114282510140905e-01 7.700444205250527308e-01 7.666925723691224714e-01 7.680804052662232317e-01 7.755280196161751238e-01 7.767017185881635033e-01 7.738592295404302934e-01 7.766283526414307081e-01 7.774609559273225612e-01 7.702374133645490950e-01 7.711621536042799763e-01
1.475176556449515064e-01 2.398162305843239139e-01 3.598546439115186124e-01 5.252853833148986018e-01 4.527905011864370999e-01 5.083471678068511856e-01 6.986701436065899662e-01 6.950570575811393370e-01 1.000000000000000000e+00 7.643420736967961870e-01 8.074079018204441960e-01 8.156301908115145549e-01 7.535606425263935426e-01 6.388057854800368585e-01 8.335941828063887504e-01 8.269470760756100214e-01 8.055463241794531548e-01 7.271795662879556588e-01 7.594025006448095194e-01 6.987272449427062160e-01 7.089328067952265222e-01 7.508863235954367221e-01 7.659579544375116900e-01 7.816019030094740749e-01 7.615016534688558991e-01 8.114684008731550824e-01 8.250488643679564360e-01 8.436323317781105890e-01 7.540965797131006232e-01 8.247343565056097781e-01 8.407816991460688172e-01 8.504449097408948166e-01 8.052667195807012845e-01 8.155569384341112560e-01 8.045365069377061751e-01 8.226862713315813425e-01 8.500219384514020593e-01 8.629903607284589162e-01 8.613693342493496941e-01 8.492365566591671966e-01 8.759659921292466400e-01 8.655060235344138597e-01 8.571729895748081418e-01 8.731882984797284530e-01 8.682604772501161250e-01 8.659920644466567730e-01 8.653596450790133066e-01 8.770645048359435592e-01 8.655537266491282189e-01 8.449998952447493883e-01 8.723145815143031889e-01 8.334010653386807466e-01 8.501896971937994429e-01 8.793456575070917047e-01 8.684155933685021589e-01 8.746264800785606974e-01 8.684693097273319395e-01 8.667227814384229623e-01 8.606678514795059742e-01 8.827412899896180942e-01 8.766652907683204488e-01 8.753689787932812383e-01 8.667374870178449209e-01 8.803673389676720529e-01 8.827102679492255799e-01 8.814752193304156158e-01 8.793749894022838687e-01 8.847243372876413270e-01 8.780545261460810380e-01 8.778493016531109250e-01 8.773754685701729006e-01 8.841966182645712991e-01 8.731175585860260213e-01 8.706720471127270544e-01 8.839968759913827689e-01 8.792104095202805114e-01 8.685800679807846869e-01 8.614713930095383443e-01 8.686680720572845793e-01 8.726599882275146713e-01 8.741430205223329475e-01 8.804791386575545609e-01 8.806494521627047378e-01 8.703742086674162159e-01 8.570172086906728826e-01 8.702939336541611892e-01 8.713156647505742036e-01 8.697944362194873769e-01 8.752319031423937412e-01 8.756287802198529091e-01 8.713574997849621306e-01 8.704771734632139601e-01 8.727715018477945064e-01 8.715362490330392786e-01 8.700781413829850042e-01 8.718882593347135890e-01 8.530665723164579939e-01 8.607426595822037507e-01 8.656497315264130021e-01 8.706931114073459543e-01 8.685176379107422129e-01 8.709589047111641058e-01 8.653217223290990967e-01 8.718202550342815105e-01 8.676302525251513575e-01 8.702215071400933866e-01 8.712228180310629400e-01 8.772255572077952701e-01 8.758004883299630450e-01 8.743934458570747914e-01 8.674848152088929787e-01 8.781830342755415630e-01 8.716674555120857981e-01 8.764323108827060116e-01 8.810024941206796578e-01 8.749080432933934448e-01
1.130753989012665273e-01 2.099227167076934686e-01 3.356333746216315084e-01 4.944769098010945996e-01 4.201141054261449126e-01 4.635193022608497526e-01 6.533957878330236557e-01 6.467997855306372168e-01 7.643420736967961870e-01 1.000000000000000000e+00 7.361824741888863821e-01 7.570640722912123088e-01 6.808884209866467030e-01 5.847904595463750965e-01 7.734152023679955468e-01 7.624624061838402023e-01 7.155205220389692089e-01 6.634227876373705035e-01 6.899086049747379379e-01 6.309712596234610116e-01 6.458362113748179478e-01 6.781012725243447115e-01 6.856693420845135778e-01 7.203143090730488307e-01 6.929442518324623324e-01 7.347614909596610344e-01 7.582660724484555637e-01 7.778283990024398298e-01 6.914890236229224163e-01 7.618261119908514845e-01 7.746600067434377124e-01 7.746771588092341565e-01 7.303645886147560606e-01 7.521133022388392098e-01 7.435114518328443944e-01 7.549261674237397468e-01 7.818419377419203453e-01 7.959163854269500904e-01 7.957012548440517419e-01 7.874577202649718499e-01 8.063420549769209078e-01 8.047827741919704181e-01 7.878274075867481852e-01 8.037612014650835635e-01 8.031959564929448403e-01 8.052246147971627854e-01 8.017615145548984135e-01 8.080212075167888530e-01 8.004659034910839299e-01 7.776745136648152146e-01 8.017191315481770886e-01 7.653867474576715457e-01 7.846077944232796586e-01 8.072685901166769540e-01 7.976062668526806565e-01 8.011712954515791685e-01 7.925948775653479661e-01 8.025217336380312538e-01 7.930794127085235568e-01 8.109089358149601523e-01 8.048368112513899497e-01 8.040164184354288146e-01 7.942321214576384403e-01 8.027812677295566024e-01 8.050912977786544023e-01 8.080266405187178647e-01 8.126524524222570323e-01 8.196993849739364624e-01 8.078841869517334739e-01 8.044386005397972106e-01 8.119863905127963077e-01 8.157946129966148208e-01 8.068961548904499681e-01 8.049493326598701204e-01 8.139436170561551442e-01 8.113456321740084576e-01 8.046102401526534775e-01 7.988986682334561218e-01 8.044979480310572306e-01 8.063555321731625813e-01 8.112503193274729352e-01 8.146652222535645249e-01 8.095394643995760253e-01 8.012771652976490300e-01 7.945017537173905131e-01 8.042411625872337710e-01 8.075662341439641123e-01 8.063158628221609447e-01 8.084989650329951205e-01 8.093429206304131318e-01 8.066064497521622245e-01 8.079746585483220667e-01 8.089033603998657673e-01 8.076271431299252290e-01 8.057470943795724816e-01 8.075059355320907128e-01 7.911457244298840674e-01 7.918356775737215303e-01 8.001853790391907362e-01 8.062326517023318262e-01 8.050486248160382274e-01 8.036853258726680549e-01 8.010822830524138016e-01 8.060299318944156299e-01 8.017334777785003475e-01 8.011392100564216356e-01 8.059706477564215765e-01 8.102756127128363239e-01 8.091730897964378721e-01 8.082572026786766228e-01 8.045822121978264407e-01 8.095483788176193185e-01 8.055184028791101403e-01 8.075834155803791603e-01 8.117947630385624613e-01 8.054543579302227974e-01
5.531666248207377928e-02 1.930202772512550624e-01 3.965341337649526676e-01 5.803863942473843629e-01 4.690582558266588875e-01 5.150662916226977917e-01 7.423021242670921893e-01 7.073639092815485752e-01 8.074079018204441960e-01 7.361824741888863821e-01 1.000000000000000000e+00 8.552251344915855480e-01 7.492049329186474260e-01 6.380183279072860758e-01 8.568036892704896657e-01 8.338096390224196686e-01 7.902704001694713654e-01 7.043204980011114058e-01 7.509087143051225155e-01 6.790966715898194561e-01 7.050138956739413487e-01 7.486375529650926008e-01 7.551084139213424251e-01 7.882349252809363049e-01 7.794831973130773584e-01 8.122243563178551673e-01 8.348033471732742017e-01 8.585013095621022439e-01 7.698862920427818057e-01 8.306805658656999380e-01 8.586933832877567951e-01 8.481193169660530273e-01 8.052107244537157760e-01 8.368375952469712109e-01 8.111511889985696389e-01 8.422218890602136687e-01 8.692479915790148892e-01 8.755675186746624261e-01 8.846538554725955628e-01 8.782344716484005165e-01 8.870742173213050918e-01 8.809665112818452215e-01 8.820530823973954382e-01 8.884950290873089296e-01 8.846905788104501012e-01 8.900373032321879929e-01 8.820512678074658997e-01 8.817078787302337073e-01 8.764203880476051367e-01 8.689979360682092979e-01 8.822210282038067675e-01 8.659875782140419309e-01 8.675312115670199553e-01 8.790388589973250344e-01 8.792136434424216995e-01 8.840536257739249892e-01 8.752861753110446896e-01 8.826393713765875448e-01 8.734532600325912721e-01 8.844034162951439626e-01 8.890572134923969694e-01 8.856795756070284797e-01 8.818273635832172275e-01 8.861651173576330365e-01 8.838287757305191006e-01 8.816991711218610250e-01 8.840515192415459023e-01 8.870298439858353978e-01 8.790905261809425220e-01 8.793761035540852422e-01 8.878657408547478980e-01 8.919716970750242169e-01 8.765817978805228172e-01 8.877609139257783832e-01 8.933797419086130231e-01 8.903429235808741904e-01 8.852687414446698266e-01 8.761837010389753599e-01 8.833809830675211083e-01 8.793031035244645022e-01 8.862944556296310505e-01 8.939260227510402723e-01 8.835142806840803331e-01 8.729237511592452536e-01 8.686009704730657255e-01 8.832644130509564873e-01 8.876300486586053973e-01 8.832811663928763490e-01 8.913688977805336311e-01 8.890352349238163088e-01 8.884987425014314599e-01 8.865448031601731449e-01 8.914280780372236812e-01 8.913665385477645975e-01 8.839889332401268396e-01 8.823544097354444338e-01 8.745255188370828492e-01 8.717296251665391793e-01 8.797474408275365310e-01 8.845802349683422605e-01 8.911587666095979188e-01 8.849126119968161452e-01 8.798537075428021215e-01 8.895434486027345988e-01 8.866739002276656789e-01 8.815752364120873485e-01 8.811443956430191626e-01 8.849115103842501995e-01 8.857532095829780960e-01 8.882924119590331902e-01 8.825377607346052145e-01 8.869348450847581722e-01 8.869198120185110001e-01 8.882705494051978956e-01 8.882967842066628039e-01 8.861510146129735199e-01
8.066196441911142531e-03 1.661606882690441489e-01 3.775450825085595041e-01 6.412913022112840533e-01 4.856862318546860124e-01 5.263617922945197369e-01 7.813245071011076792e-01 7.513635167982899432e-01 8.156301908115145549e-01 7.570640722912123088e-01 8.552251344915855480e-01 1.000000000000000000e+00 7.976380519999839436e-01 6.860534159609287252e-01 9.063504102989474731e-01 8.838201941563663677e-01 8.045114217992906935e-01 6.537964104688230860e-01 6.906528971470976552e-01 6.953349603997783790e-01 6.575177767415938401e-01 6.923638798426524632e-01 7.054209619322843183e-01 7.611281697227642029e-01 7.327949349311708716e-01 7.707019561099859306e-01 8.084949336789923890e-01 8.505903167496114969e-01 7.437836730868697677e-01 8.015588931654529237e-01 8.415432090671345344e-01 8.647591774678212717e-01 7.968135415788896170e-01 8.560737221361702787e-01 8.070491495774715363e-01 8.638284415507485603e-01 8.741516427413529300e-01 9.048847884006206987e-01 9.059923826115159340e-01 9.023392563543425338e-01 9.135693647251376115e-01 9.125945500785819231e-01 9.130522407532328799e-01 9.305665024399978336e-01 9.066988116356401450e-01 9.179060898538036195e-01 9.303957462359684349e-01 9.262154222286326233e-01 9.271260963994494286e-01 9.106320232986039320e-01 9.156815403322404734e-01 9.107448134391981087e-01 9.223159823306431582e-01 9.151697089390424811e-01 9.066129278169110517e-01 9.020063886445423007e-01 9.144972055514922760e-01 9.258337505174055737e-01 9.210746376712114492e-01 9.289626296934997418e-01 9.303943223907473747e-01 9.285159648169528657e-01 9.253496296354182249e-01 9.275700756371687561e-01 9.133467382707850524e-01 9.219002021388823520e-01 9.264517660490121376e-01 9.124489577706776933e-01 9.088513450158959284e-01 9.134043233269661943e-01 9.019012153056629177e-01 9.108020558392637689e-01 9.049101424671297522e-01 9.015164547059971722e-01 9.164652251745103451e-01 9.198981848624140367e-01 9.244650973953396633e-01 8.990694661314609926e-01 9.199331047864488520e-01 9.046832418066790282e-01 9.116913523265627317e-01 9.213074445534947809e-01 9.153472094024087680e-01 8.993148504901701257e-01 9.139112096160876275e-01 9.183480916819701800e-01 9.248002946207215524e-01 9.301436036698761400e-01 9.297954226308569048e-01 9.203793632689523108e-01 9.271097869486653043e-01 9.340840944562356363e-01 9.341300346231365959e-01 9.352787964465872905e-01 9.356704214977270562e-01 9.316886179282631852e-01 9.252007605575220950e-01 9.225031027091307179e-01 9.329504686698169014e-01 9.299859884511434416e-01 9.364140991762656130e-01 9.329616287883555348e-01 9.358560419065597991e-01 9.383349760083122826e-01 9.371081494597921502e-01 9.275466947969399634e-01 9.326752732244484312e-01 9.277751469535571172e-01 9.256120292053620080e-01 9.353865251761945832e-01 9.321744802442267774e-01 9.342793884166387119e-01 9.360502712282187110e-01 9.359174241078168643e-01 9.294640731019283564e-01 9.345912524600283877e-01
1.790310337085992271e-02 1.441818054190185938e-01 3.196320799609738139e-01 5.032441923435329034e-01 4.630146104253640704e-01 4.652506804500547988e-01 6.966197560525945187e-01 6.563888256848345870e-01 7.535606425263935426e-01 6.808884209866467030e-01 7.492049329186474260e-01 7.976380519999839436e-01 1.000000000000000000e+00 6.173593296899771987e-01 8.117464941450824867e-01 7.981537436505423688e-01 7.244233448271484299e-01 5.805250047623893295e-01 6.318597169795933111e-01 5.955506279650901735e-01 5.756367343063398812e-01 6.231714165212390855e-01 6.550582085581307945e-01 6.760526434241054261e-01 6.586119405579945463e-01 7.072582579936846914e-01 7.280723338966810232e-01 7.646353221528262578e-01 6.634698267257127524e-01 7.217180890728319698e-01 7.628627986651149717e-01 7.785659469267204313e-01 7.222267499907975008e-01 7.556125347580086027e-01 7.274586105095585120e-01 7.700860418206417757e-01 7.926878971204046609e-01 8.134786820281639796e-01 8.094756098420764490e-01 8.046809397066190250e-01 8.269644199705424858e-01 8.201447506998167380e-01 8.161458623714026306e-01 8.376669156260775351e-01 8.113117816854739095e-01 8.194698042698438378e-01 8.370926320192030312e-01 8.377963335599609707e-01 8.347513078573504108e-01 8.077762900130169843e-01 8.256955887304162633e-01 8.007383955906950401e-01 8.167554139527607449e-01 8.233496477116940548e-01 8.083419273982273001e-01 8.158500554995170573e-01 8.131665559483743921e-01 8.297237873246007256e-01 8.281221500074940067e-01 8.400236500722841892e-01 8.348872442338959310e-01 8.300115234650780049e-01 8.243581134329447391e-01 8.337362683152698128e-01 8.237304201436645990e-01 8.287553340160181969e-01 8.384012557281916855e-01 8.239049953901712575e-01 8.217219965366377998e-01 8.143855703996690787e-01 8.089611977749192606e-01 8.233445798173116836e-01 8.128464349492998675e-01 8.069885122134131672e-01 8.285637160338957807e-01 8.292626979410241406e-01 8.291214018655373996e-01 8.053674181052268288e-01 8.273100998336974099e-01 8.184953701681721983e-01 8.232055832513895943e-01 8.351124493561751239e-01 8.251398893639282361e-01 8.170033988017372240e-01 8.195965865397998318e-01 8.235833977761192193e-01 8.353370355110665280e-01 8.350823261092312766e-01 8.358330003767494576e-01 8.301656728109644279e-01 8.347501526621365908e-01 8.397429486531464704e-01 8.403045663498254214e-01 8.402338438654315400e-01 8.416121977556827449e-01 8.397414621435747017e-01 8.238447035402531871e-01 8.227936307545283823e-01 8.363844153351652766e-01 8.347415963787595539e-01 8.379505441210406413e-01 8.358310869882857874e-01 8.373775647605220529e-01 8.420068228503071461e-01 8.387631405929978357e-01 8.288298792444027674e-01 8.394932380115804893e-01 8.369034056845221503e-01 8.304520806118906862e-01 8.387567166826439546e-01 8.342944899816299165e-01 8.414265668593063907e-01 8.397232469467438287e-01 8.415410844374189292e-01 8.355355663012775658e-01 8.386034290614181597e-01
