1.000000000000000000e+00 1.612264190053238622e-01 5.504166827541667750e-02 -5.357122212688803821e-03 1.033316107061620776e-02 -1.048141926046710151e-02 -2.198468886174388334e-02 -3.621794945894080825e-02 8.284602722532459496e-02 6.880620160229368454e-02 -1.764405197679361909e-02 -1.269115492086315272e-02 1.170301471530603606e-02 1.740814963557063555e-02 -1.739413725091819643e-02 -2.272907895287831943e-03 3.037373754359869171e-02 -1.685161111583235310e-02 -8.752518078162199733e-03 -1.940836675930665903e-02 -3.831268101667784087e-02 -2.385938664893318129e-02 -1.059411724093442704e-02 -5.557209543735092822e-02 -7.351549004875902737e-02 3.583025613081153998e-02 3.447851309021322114e-02 1.958431956241707059e-02 3.838859095363511553e-02 4.862292321363583664e-02 4.737633147698566000e-02 -9.672808600990970285e-03 2.164263003394696974e-02 -2.383084414203478357e-02 3.461008748852990174e-02 -1.201614030068957721e-02 2.043699324057424854e-02 -1.705099076026063074e-02 -1.157924672542769422e-04 -3.010435591616853965e-02 1.748498845821748124e-02 -4.266775658826150314e-03 -3.376923113967041090e-02 5.006417986254800036e-03 5.670334686073526080e-03 2.205242812982772735e-03 6.770057620160108494e-03 1.272831760052862450e-02 -1.093526984161608852e-02 -4.698124019995075090e-02 -1.640420719289975918e-02 -3.164452766346800144e-02 -1.038497899352534490e-02 1.880540123000765118e-02 2.349702120226712307e-02 -7.566712833664890336e-03 6.361992940090896963e-03 1.180785833431256468e-02 8.960209841618408874e-03 1.733092913318964173e-02 2.604021673502983185e-03 1.276770328277243571e-02 -2.608889055501764295e-03 -6.281930604931958498e-03 2.687651889259010454e-02 1.059238521112486862e-02 1.481725558897503681e-02 -3.333079036015706553e-03 -1.008989205674904908e-03 5.541141009439211861e-03 -9.284611968898907192e-03 2.773427399911072757e-03 -1.666731989872177397e-02 -2.426214983759035840e-02 1.233180181128468167e-02 1.040908994955020393e-02 2.801334750080234845e-03 1.952755867901521600e-02 9.708913119244507936e-03 2.660487131774274400e-02 2.203593129044108950e-02 2.701208253639629173e-02 -1.263355004910981377e-02 2.186352646844371209e-02 -1.920334409649088539e-02 -5.071030803252680325e-03 6.454489689431299262e-03 -6.541249105390425402e-03 7.414720357694038096e-03 9.084917449079684543e-03 -1.394359771347606497e-02 -4.079508681684625333e-03 -4.055413366141648150e-03 -3.817566490164221813e-03 5.990163402031825970e-03 5.635131161185432010e-03 -2.219486841725028595e-02 -7.931706553958892819e-03 -5.901101003951182006e-03 -6.562430832373018774e-03 -1.654845461570167431e-02 -5.923541028204262759e-03 -6.936702809809122206e-04 -6.036654405087774761e-03 -2.095441789388707583e-03 6.996448447075819671e-03 -1.156818040740408005e-03 8.018999789592322694e-03 7.548185827690638040e-03 1.000005487060031013e-02 2.666060074261679749e-03 1.086751597024399746e-02 8.379986314728105415e-03 -3.904062113802173549e-04 1.130531499623106152e-02 1.282378072434904766e-02
1.612264190053238622e-01 1.000000000000000000e+00 7.782929160019098902e-02 1.804325823650317073e-02 7.681236655648393530e-02 1.228035899705271772e-01 1.290066765524903181e-01 1.206902642731558645e-01 2.096706438547033535e-01 2.127937095928658651e-01 1.381279571625690650e-01 1.270807551164838678e-01 1.783080760283967392e-01 1.476102133243712422e-01 1.543682606898522658e-01 1.637295407195067387e-01 1.895586697255743636e-01 9.682857409633226220e-02 1.286428132135950531e-01 1.107805448317499414e-01 9.561369469677449828e-02 1.260049799069135612e-01 1.660347336941110641e-01 8.283857670166726306e-02 7.284982811321039087e-02 1.834563444152996214e-01 1.707833639134062054e-01 1.878079925260875416e-01 2.022406304966345991e-01 1.987019583976167569e-01 1.990144030507624562e-01 1.604327890140697099e-01 1.789116389047613331e-01 1.286750842799081473e-01 1.943986851854127840e-01 1.469321714742075347e-01 1.769288543450540652e-01 1.781503845966976307e-01 1.775722921047589720e-01 1.470510278458350972e-01 1.713855778071269043e-01 1.723951842775326981e-01 1.302483704906036155e-01 1.635926204446322418e-01 1.635177974973665849e-01 1.711208894140638925e-01 1.683031593231459899e-01 1.733327150018718898e-01 1.557052706658393348e-01 1.065224594371010358e-01 1.563255104405001095e-01 9.673736396844326291e-02 1.284646962047569507e-01 1.789780551721943391e-01 1.901636488090645283e-01 1.648760708658510432e-01 1.751475869211853442e-01 1.750997279676138052e-01 1.819733896512961135e-01 1.713922552063238403e-01 1.637614577774697266e-01 1.814055745765895400e-01 1.744161957778640470e-01 1.578267969375022894e-01 1.847274301222133208e-01 1.697039067859355821e-01 1.680148847270919454e-01 1.535548234592134798e-01 1.642511668365458644e-01 1.698800326491007595e-01 1.572812221411992450e-01 1.567036522747999039e-01 1.380235036453699438e-01 1.353124353738222596e-01 1.723565638123645272e-01 1.721630457939430370e-01 1.694643659158714677e-01 1.812338681112484751e-01 1.685211624773048922e-01 1.808645850838000724e-01 1.785000927398895376e-01 1.856478001863227367e-01 1.584749460487936967e-01 1.776917642329051972e-01 1.366481966442734952e-01 1.520729198632821966e-01 1.655601218650659401e-01 1.610808450557272842e-01 1.720276818019852161e-01 1.692654372141817187e-01 1.492386837071020822e-01 1.596467601839417216e-01 1.536410013578184408e-01 1.619807376217212713e-01 1.663996344163563013e-01 1.634807498222041466e-01 1.249968625329235944e-01 1.417464033251613631e-01 1.484224786586257616e-01 1.474410304424693119e-01 1.386097120396193871e-01 1.587132472708442654e-01 1.476766750155106556e-01 1.515561764698832303e-01 1.490282581750755342e-01 1.623063536198166845e-01 1.549480175151392858e-01 1.680534046970324769e-01 1.695503616804296954e-01 1.667030218550748233e-01 1.631724476019676684e-01 1.643161021968243540e-01 1.665379797977279419e-01 1.597738400409627058e-01 1.699489099578421758e-01 1.659736662826299392e-01
5.504166827541667750e-02 7.782929160019098902e-02 1.000000000000000000e+00 3.362538283176275122e-01 1.856948394626687093e-01 2.635031130821500756e-01 3.574739847019306471e-01 3.214291674243552333e-01 3.508564833013237405e-01 2.797154608358448646e-01 4.123745152779244583e-01 3.898868013509335650e-01 3.286958514700182299e-01 3.688082942126644781e-01 3.838052204673726986e-01 3.661020106744688474e-01 3.886185476247288606e-01 4.319842969106061914e-01 4.538557144479979377e-01 4.449539630162157589e-01 4.844842710733380242e-01 4.660321793922099221e-01 3.981477665326325632e-01 4.163230207163973184e-01 4.528574030756034041e-01 4.419270503182545773e-01 4.738420564782555022e-01 4.508544560699965786e-01 4.421718973047868984e-01 4.321136162408075743e-01 4.669811025803058402e-01 4.159999837685832702e-01 4.379624629635125443e-01 4.236120529191056416e-01 3.900044698201470816e-01 3.999354334727539539e-01 4.367746353425099315e-01 3.852853232568040354e-01 3.905500811307690556e-01 4.242415363590770760e-01 4.194620100576892385e-01 3.872537816578797698e-01 3.952750750752066500e-01 4.044907353410753803e-01 4.171510573051106507e-01 4.004739699758108062e-01 3.681242168259930558e-01 3.712566869330360397e-01 3.768793402373877832e-01 3.910191421598223638e-01 4.013003626753387509e-01 4.288763425802224472e-01 3.617520879393532063e-01 3.864227290621130018e-01 4.090134308024606646e-01 4.155862558446059007e-01 3.982270909631383526e-01 3.836816858221464011e-01 4.002756046082871499e-01 3.707216988658865731e-01 3.868826521164929755e-01 3.759772293791299735e-01 3.763051877430700909e-01 3.668349750674553822e-01 3.951368681970465202e-01 3.801019159622849308e-01 3.771158822100897368e-01 4.054148835785401639e-01 3.938324419189587755e-01 4.240476611311149169e-01 4.227358863517001741e-01 4.137367495366359726e-01 3.966759725979240314e-01 4.279363865257719279e-01 4.128560072722232688e-01 4.078195518708965794e-01 4.092806600498398173e-01 4.217347829165563611e-01 4.200537597017889868e-01 4.120142534374037768e-01 4.111023840148973485e-01 4.234213276488261735e-01 3.955291117714194726e-01 3.919231408923625204e-01 4.013628998337259168e-01 4.020792489608981390e-01 4.120702909232472066e-01 3.868976336540826955e-01 3.833172008454825974e-01 3.978508594269074550e-01 4.036363949411123087e-01 3.851898646827371930e-01 4.071843229089264771e-01 3.748689771415292804e-01 3.700541563415044033e-01 3.624196950608790657e-01 3.988850936723669638e-01 3.961414191433773047e-01 3.832174579633322309e-01 3.979027529802149910e-01 3.872560551813969965e-01 3.797816287695876536e-01 3.793760169382982550e-01 3.702162917260396480e-01 4.021243692629316024e-01 3.834295117412507836e-01 3.710898265744213553e-01 3.746317212995540213e-01 3.838610628870205432e-01 3.682457838110915760e-01 3.747033266605286350e-01 3.702326843843840032e-01 3.644334922640438679e-01 3.742213062266899204e-01 3.807302026584717392e-01 3.745686211174228397e-01
-5.357122212688803821e-03 1.804325823650317073e-02 3.362538283176275122e-01 1.000000000000000000e+00 3.020169606547780106e-01 4.182724613277125081e-01 5.400677013047537889e-01 5.257269340124400836e-01 4.918378535125950690e-01 4.552317270359269030e-01 5.537454130030280419e-01 6.265022831311448659e-01 5.127612372521221928e-01 5.544240365594751418e-01 5.776334976799138987e-01 5.765819868896765454e-01 5.173378629641564030e-01 4.224395735207090441e-01 5.131632662372842546e-01 4.149779278870036614e-01 4.419152328114244743e-01 5.425877511677815734e-01 3.804681800395112723e-01 4.546551591444529250e-01 5.140555242918538603e-01 5.272637892899013634e-01 5.335544183794377338e-01 5.130139685402077543e-01 4.840258155410837593e-01 4.999958087804356466e-01 5.208990763107754773e-01 4.916071232365602506e-01 4.677501525181456121e-01 4.848665752438387488e-01 4.770674517992348762e-01 5.268292578016275929e-01 5.136813301440958934e-01 5.440849656498694120e-01 5.474115414224411946e-01 5.605337804308505589e-01 5.752710172001090916e-01 5.733268171161525206e-01 5.955511901956328513e-01 5.969114646552060588e-01 5.728426050128511138e-01 5.746740888767377653e-01 5.738150211704777792e-01 5.730813040187713314e-01 5.597239005024857716e-01 5.651518224662891443e-01 5.702370323072926128e-01 5.872930294265024109e-01 5.918198764379352106e-01 5.550536733778625997e-01 5.403742863199000324e-01 5.571994858560334052e-01 5.502185670634806014e-01 5.809274822617732648e-01 5.570685264711671136e-01 5.913947779159310913e-01 5.758162674152472738e-01 5.693314203977383192e-01 5.586085249205436920e-01 5.740502754433844945e-01 5.698461265369838546e-01 5.747361720193804313e-01 5.757786186525774008e-01 5.728822565435452985e-01 5.415217301140461403e-01 5.536479311056241581e-01 5.853147185646380146e-01 5.885564052156521120e-01 5.279511326061786525e-01 5.802684005876627138e-01 5.827135970763439587e-01 5.794795003322255056e-01 5.712960989201482098e-01 5.589561779695310095e-01 5.794546782394895956e-01 5.508324773582725653e-01 5.546784234590138585e-01 5.731425859524594824e-01 5.624652031564698618e-01 5.336281807559511980e-01 5.597530865713593595e-01 5.535912218811044339e-01 5.702372158350146325e-01 5.736583104059892468e-01 5.688545848378002701e-01 5.669363216156763086e-01 5.758127634461800426e-01 5.893444148352985357e-01 5.904874067004379778e-01 5.832083207902257760e-01 5.844691264765560224e-01 5.801763943457833861e-01 5.954454949667126185e-01 5.787489325644945559e-01 5.866181400592922479e-01 5.874133290928097439e-01 5.952734569676170207e-01 5.825198480817292968e-01 5.942552044995680349e-01 5.941736301145369437e-01 5.871363060399268363e-01 5.731631994544355013e-01 5.768992320611165958e-01 5.727183580849526390e-01 5.672136665002912581e-01 5.852252505233273006e-01 5.811344322664602213e-01 5.859473139926241192e-01 5.792865751260862783e-01 5.805300140069246106e-01 5.768662353079448968e-01 5.840931262158440829e-01
1.033316107061620776e-02 7.681236655648393530e-02 1.856948394626687093e-01 3.020169606547780106e-01 1.000000000000000000e+00 3.274818525675836645e-01 4.498059019409833548e-01 4.585655947537173871e-01 4.374295335248735150e-01 4.039256607887782846e-01 4.471331282792037620e-01 4.789483399210823777e-01 4.567842015596235705e-01 4.518543274101260998e-01 4.974166565873013313e-01 4.873241932014291677e-01 4.680096096344665280e-01 3.960810055887192260e-01 4.498129655808049132e-01 3.822767015451810635e-01 3.866168288458860514e-01 4.630189987956719322e-01 3.863496154902090196e-01 4.306101917112922783e-01 4.509045437849469873e-01 4.582240098707646148e-01 4.486242562888871910e-01 4.478774085049573861e-01 4.358997187933764117e-01 4.445502618083944091e-01 4.563691730477915653e-01 4.494690636575175979e-01 4.212893648852013007e-01 4.432184524884354437e-01 4.461185378762530518e-01 4.672392169664319472e-01 4.689103139433679623e-01 4.665201420256624987e-01 4.819440176896775951e-01 4.548659603976982213e-01 4.898751621467901662e-01 4.873459895069406356e-01 4.824233308055139169e-01 4.911688825699450089e-01 4.887996449495016216e-01 4.899539070565752663e-01 4.947859968139367570e-01 4.898763078798765713e-01 4.769008177276591876e-01 4.655387349027367283e-01 4.820051218879272126e-01 4.819299471185114481e-01 4.899210121800799400e-01 4.935732498630959753e-01 4.790632447396722671e-01 4.821693368936050828e-01 4.787890764075911076e-01 4.880352125391191898e-01 4.794143121721124445e-01 5.006762809861449171e-01 4.947125356175798294e-01 4.929792126150143172e-01 4.889534776150738504e-01 4.880049399489622686e-01 4.990113789409303391e-01 5.011833381460050196e-01 4.936906636165222517e-01 4.966359312011194294e-01 4.821716057272992240e-01 4.916129080075231639e-01 5.033960769326500939e-01 5.033729708399956593e-01 4.814559777085650749e-01 4.986607185533284414e-01 4.945693988631079674e-01 4.949675294009748816e-01 4.904306011154009881e-01 4.821453327995355864e-01 4.874081028957507056e-01 4.823533644212795179e-01 4.869474188596885633e-01 4.884966370124199653e-01 4.808328604740003120e-01 4.862259540144844849e-01 4.852172005747006356e-01 4.892558178353718090e-01 4.928728695218935751e-01 4.886523432340701412e-01 4.884843939377517263e-01 4.883490354041297166e-01 4.904869152486580619e-01 4.973582012007793929e-01 4.973453108932909261e-01 4.918159196336349681e-01 4.955083818305348609e-01 4.948005865992837760e-01 4.793963000411021191e-01 4.856168878035828640e-01 4.964507379759044992e-01 4.916445638536356966e-01 4.941656958871021854e-01 4.894738868808974908e-01 4.987550309596441300e-01 4.969276798471640166e-01 4.994930926775310587e-01 4.932723654589591389e-01 4.906948600459950516e-01 4.965452305058161708e-01 4.915182569610868080e-01 4.939635770624780098e-01 4.913587430027412384e-01 4.974080929562210707e-01 4.943294057451099177e-01 4.918732274232290869e-01 4.967611273683562034e-01 4.993850901144648025e-01
-1.048141926046710151e-02 1.228035899705271772e-01 2.635031130821500756e-01 4.182724613277125081e-01 3.274818525675836645e-01 1.000000000000000000e+00 5.365436748510863385e-01 5.181818604251975380e-01 5.467653634022813236e-01 5.106234157782234551e-01 5.705780050351569876e-01 5.945413604586892165e-01 5.463199601475950962e-01 5.657387893041188054e-01 6.055865178223476253e-01 5.959270381669867778e-01 5.766874197759768172e-01 4.734355493064711373e-01 5.464628202954595615e-01 4.526658552141709646e-01 4.628226232128302420e-01 5.661123177964997311e-01 4.852671525271655129e-01 5.231285466472355150e-01 5.354311299596042906e-01 5.815927960468330049e-01 5.694746213659602763e-01 5.633536307696392909e-01 5.531227006332561924e-01 5.699360838398148665e-01 5.887857539275535013e-01 5.718910727143889927e-01 5.363374908535724073e-01 5.676778916603044678e-01 5.598046350596194154e-01 6.018345973781795699e-01 5.892355794009399572e-01 5.924540538729869965e-01 6.091352836012364769e-01 5.741675270319126501e-01 6.176179600550755211e-01 6.096274264721152081e-01 6.069697448930174710e-01 6.220847831801183947e-01 6.150981805441949613e-01 6.137811253480903728e-01 6.221548205381662866e-01 6.247305318021814102e-01 6.100981010065451571e-01 6.025051865478658897e-01 6.084953369202812379e-01 6.049486378015846988e-01 6.144606216471903970e-01 6.173737234794179907e-01 6.056766438681860931e-01 6.087488800918084975e-01 6.030876912170493043e-01 6.182335625117699740e-01 6.037759367733092075e-01 6.229771291765889840e-01 6.209737936528154645e-01 6.175862983133485473e-01 6.094347466137911562e-01 6.182447230388807835e-01 6.252325570359084095e-01 6.237839062217209740e-01 6.244736718199198622e-01 6.223058021610810009e-01 6.130448904774480345e-01 6.129549119733824769e-01 6.252915216132181042e-01 6.289720833972349823e-01 6.040832529076231028e-01 6.163459865008650285e-01 6.247203499124508452e-01 6.248635168283045438e-01 6.219561595639324647e-01 6.181677197768716825e-01 6.240050821167949513e-01 6.207141650508010144e-01 6.185395403458038288e-01 6.261275815634521624e-01 6.256196419230948269e-01 6.113029777252566577e-01 6.214863940048825919e-01 6.225111610745148738e-01 6.283183808821093397e-01 6.234145891056720457e-01 6.248999225535051272e-01 6.215713166740705065e-01 6.204817074511134178e-01 6.269737486832545059e-01 6.318479855903723630e-01 6.276341895965916740e-01 6.264772141497380042e-01 6.241913400933419842e-01 6.243278153005816788e-01 6.251533417082859589e-01 6.284388503695902406e-01 6.264363012883858994e-01 6.295231255093639566e-01 6.233139884303899869e-01 6.313624866633025245e-01 6.273672895121644721e-01 6.328663137057681798e-01 6.250055109236125617e-01 6.236627794328885033e-01 6.241180921296529682e-01 6.225004445075152937e-01 6.238111818229546968e-01 6.224806686753756590e-01 6.270089553195576926e-01 6.250429312047246500e-01 6.270379450898814211e-01 6.266606342554332798e-01 6.290452058288340531e-01
-2.198468886174388334e-02 1.290066765524903181e-01 3.574739847019306471e-01 5.400677013047537889e-01 4.498059019409833548e-01 5.365436748510863385e-01 1.000000000000000000e+00 7.358554708357782914e-01 7.268292303551896483e-01 6.734455453792985713e-01 7.548801581872290889e-01 8.039120954607328340e-01 7.208245036312920240e-01 7.467354792547731268e-01 8.564063780440347440e-01 8.104875226953996981e-01 7.500844141755625971e-01 6.354978179305063035e-01 7.411763413654839372e-01 6.302666524161127937e-01 6.325564506305665358e-01 7.494919858492131715e-01 6.839253256923562008e-01 6.991982318065187441e-01 7.240087368014997971e-01 7.957009909174100892e-01 7.820257163906847442e-01 7.957493470870919960e-01 7.682988069961527167e-01 7.575161304058493084e-01 7.681870783798329105e-01 7.771482814293373398e-01 7.593972487062001786e-01 7.541186500552342631e-01 7.622318110309036499e-01 7.726625059562470810e-01 7.793205289210306530e-01 8.260446106851685455e-01 8.195953203924912778e-01 8.217920014613764312e-01 8.295148671336333157e-01 8.377706951379864098e-01 8.398290753335850845e-01 8.402113478870769647e-01 8.257172269360159023e-01 8.325601052694749926e-01 8.157979543136494316e-01 8.129761845096487027e-01 8.091688245088131115e-01 8.045637586079402714e-01 8.305807651628100974e-01 8.103794532383743476e-01 8.105846003348213813e-01 8.069987558604246880e-01 8.108554752899983509e-01 8.141241348673222689e-01 8.071077241996695850e-01 8.251784977801793763e-01 8.218102022339847101e-01 8.215648021640259424e-01 8.245764472652485910e-01 8.212400972873166172e-01 8.189560693959153648e-01 8.192756730426424827e-01 8.093509805522972611e-01 8.181859178088772833e-01 8.151619198029737001e-01 8.198763594807984001e-01 8.106185952345105195e-01 8.065059556955911368e-01 8.243592683633078622e-01 8.248870556436743717e-01 7.821127363643167740e-01 8.205647784602316808e-01 8.320431723820570502e-01 8.251504305362665770e-01 8.343830561408105417e-01 8.193641551556295477e-01 8.290550667773751714e-01 8.020463048810528850e-01 8.086310358819440713e-01 8.108316318511490373e-01 8.116782446951050778e-01 8.032276126846152886e-01 8.172892459579499391e-01 8.060273075521924291e-01 8.159834402252625907e-01 8.307114980532995796e-01 8.208612261713208458e-01 8.212091135227206351e-01 8.322698183286978413e-01 8.322594182553028075e-01 8.286371793736523328e-01 8.239054736385176270e-01 8.193087825922574785e-01 8.162432106776612573e-01 8.225496376671556087e-01 8.145256025639876496e-01 8.259263848966029720e-01 8.292289130936074670e-01 8.321911293010209043e-01 8.273680058494659040e-01 8.239926893186800827e-01 8.269394764197559589e-01 8.217812044569493546e-01 8.186615494789230008e-01 8.141324032453965964e-01 8.175825836819005099e-01 8.224782552747275099e-01 8.227767844833563382e-01 8.262087578360067797e-01 8.198781469084088780e-01 8.200914958838994018e-01 8.220661222103278210e-01 8.141025654292424196e-01 8.189136715268927613e-01
-3.621794945894080825e-02 1.206902642731558645e-01 3.214291674243552333e-01 5.257269340124400836e-01 4.585655947537173871e-01 5.181818604251975380e-01 7.358554708357782914e-01 1.000000000000000000e+00 7.373640577088808046e-01 6.677076773161098044e-01 7.475816117656483017e-01 8.023493496476273856e-01 7.288519162289414099e-01 7.423371752891083641e-01 8.183945546791183689e-01 8.098919273111512274e-01 7.500242211715628660e-01 6.413729779742304293e-01 7.305888846077686072e-01 6.311353235907695147e-01 6.269144011076389633e-01 7.408116361167885744e-01 6.440667360808094433e-01 6.947443230909507994e-01 7.056205851797250350e-01 7.628431502261291408e-01 7.430232340668424529e-01 7.383863569066597687e-01 7.409013213766776351e-01 7.368032066786415202e-01 7.516351384963309012e-01 7.546431947696113918e-01 7.181501263119367540e-01 7.471190871632954478e-01 7.378675131632280726e-01 7.768443495652522790e-01 7.574008537036481803e-01 8.006955233896537738e-01 8.046927783129347311e-01 7.734505767555950317e-01 8.041488714032225538e-01 8.147527477874644264e-01 8.089540002688617726e-01 8.189508760622626893e-01 8.102894347990780011e-01 8.107078891538779253e-01 8.183458003163667227e-01 8.139290945231167917e-01 8.074190591690384444e-01 7.940025166699324899e-01 8.134985022681696654e-01 8.029818234478197647e-01 8.132894995609697419e-01 8.096470210065092044e-01 8.022125440986136446e-01 8.038064765335574124e-01 8.064594728235856547e-01 8.208782756925573354e-01 8.099576342231114001e-01 8.217994878907404210e-01 8.226557510157356257e-01 8.205731854752595922e-01 8.155681210648623169e-01 8.141344288744212232e-01 8.158372016159952667e-01 8.246765837209469874e-01 8.173485495731780404e-01 8.162818699649961873e-01 8.031499623004064725e-01 8.102789785499564523e-01 8.266061942851973265e-01 8.238348441813719836e-01 7.909378372373715438e-01 8.152122777153976152e-01 8.185250670299112352e-01 8.146272006154418044e-01 8.142814367409638709e-01 8.070570643336439920e-01 8.139616643606065738e-01 7.983349128604327882e-01 8.032798856853757830e-01 8.088729111207965117e-01 8.104303640974959144e-01 8.005731362659667116e-01 8.094934785243573794e-01 8.088567994699821240e-01 8.129400804408699610e-01 8.221133815782222243e-01 8.150340097556511010e-01 8.169899405892238065e-01 8.146067335148112765e-01 8.238456456019060958e-01 8.213528235270942668e-01 8.186817363974180362e-01 8.220188275250499554e-01 8.203868214711301787e-01 8.153946594406887849e-01 8.169903578183693726e-01 8.250969656825026810e-01 8.221760837894589447e-01 8.255841938046745154e-01 8.260729175641118305e-01 8.254035714511415156e-01 8.254365960169408600e-01 8.259339998440554664e-01 8.233054265240954406e-01 8.207679709844568627e-01 8.191768802596723908e-01 8.220877782077785634e-01 8.243561998511351741e-01 8.253043139142511864e-01 8.249880683494795752e-01 8.257594964794463532e-01 8.221798135132092344e-01 8.202630421363298341e-01 8.261458651550045440e-01
8.284602722532459496e-02 2.096706438547033535e-01 3.508564833013237405e-01 4.918378535125950690e-01 4.374295335248735150e-01 5.467653634022813236e-01 7.268292303551896483e-01 7.373640577088808046e-01 1.000000000000000000e+00 7.664900160740457657e-01 8.069511172493676332e-01 8.325118027342862659e-01 7.732904395963284827e-01 7.938454872606178769e-01 8.529217917289690920e-01 8.478041929566306756e-01 8.292173690162423227e-01 6.642514333986584418e-01 7.587868201221926734e-01 6.430301371052283832e-01 6.273892589452698676e-01 7.588005777852008249e-01 7.046763859261939711e-01 7.218261973850816915e-01 6.954358756324169333e-01 8.332501696214476006e-01 7.975578321844546403e-01 7.973026839981525171e-01 8.133966469509656960e-01 8.232999508399746480e-01 8.422474315877777062e-01 8.239023881518691139e-01 7.842940975220340505e-01 7.995121452393072481e-01 8.204995642760205543e-01 8.428977671328687915e-01 8.469456445837519887e-01 8.499532549369307466e-01 8.678059615281595862e-01 7.993861941748467981e-01 8.733768711588910660e-01 8.655648169915174384e-01 8.371906644122574237e-01 8.690609645327873611e-01 8.687142401661405167e-01 8.649572107395107068e-01 8.855653699250758404e-01 8.921190704679022865e-01 8.730142187237537321e-01 8.225118357865199847e-01 8.613687859749759035e-01 8.111482298710299688e-01 8.580163707183382504e-01 8.904584332310993000e-01 8.743107734193713565e-01 8.644821878225125156e-01 8.668564641595563058e-01 8.796319857350700655e-01 8.764914529775444940e-01 8.863700134734743274e-01 8.819994022963614233e-01 8.887867627173950957e-01 8.792002449702266409e-01 8.791285103175987548e-01 8.875279254419181640e-01 8.884720625207989109e-01 8.900631655081208127e-01 8.751728022856536393e-01 8.734603294719585076e-01 8.718061960680314471e-01 8.713836465366935347e-01 8.783477590359909382e-01 8.495470045380336677e-01 8.502139642791444185e-01 8.833180761604987330e-01 8.825901742827746421e-01 8.766037716452427242e-01 8.768668064665191553e-01 8.752163859567342330e-01 8.796992696550737234e-01 8.830810130417549031e-01 8.841175989918764744e-01 8.721744710205544537e-01 8.771778133710804726e-01 8.636926230859027775e-01 8.741919937149605913e-01 8.826987536574840698e-01 8.793131325475237459e-01 8.855929288314083880e-01 8.840069361857689767e-01 8.686799174832465775e-01 8.807945589242262008e-01 8.790804887302645643e-01 8.827450000885317394e-01 8.877645484890259731e-01 8.883770058563695837e-01 8.536846400118291989e-01 8.645857983170521788e-01 8.781202363441208414e-01 8.721816930446825156e-01 8.700436269538265321e-01 8.831478356058810597e-01 8.775572244498259789e-01 8.808045699222450953e-01 8.770448156465987521e-01 8.837699785791348628e-01 8.836173835845713143e-01 8.889263309472604790e-01 8.874638191086207106e-01 8.865538742920973103e-01 8.857977589114125472e-01 8.897551207481283475e-01 8.905040931498507950e-01 8.829043672237900653e-01 8.894025922934774009e-01 8.890616340141824780e-01
6.880620160229368454e-02 2.127937095928658651e-01 2.797154608358448646e-01 4.552317270359269030e-01 4.039256607887782846e-01 5.106234157782234551e-01 6.734455453792985713e-01 6.677076773161098044e-01 7.664900160740457657e-01 1.000000000000000000e+00 7.263195933593664666e-01 7.670552982910311401e-01 7.167274444254361221e-01 7.321945123696520508e-01 7.953324951601783432e-01 7.879750750810224913e-01 7.522787216530002485e-01 5.543172401677354255e-01 6.670348137638810737e-01 5.128742005678227356e-01 4.948389943513447076e-01 6.532184006589720759e-01 6.506825030032628021e-01 6.191981577344140009e-01 5.854013609808390584e-01 7.631067757872013191e-01 7.209328520195052992e-01 7.398510675300642436e-01 7.448724571484930390e-01 7.521444738248554973e-01 7.583512976453076204e-01 7.558876088425772188e-01 7.391736415521517056e-01 7.221716838245101355e-01 7.674565829489782276e-01 7.586294897438378149e-01 7.635782307205354336e-01 8.047487043198788825e-01 8.150315710304615324e-01 7.442380621872011215e-01 8.063663706539884179e-01 8.121711663113474478e-01 7.699814020472965925e-01 8.059980074088386459e-01 7.958230408820046176e-01 8.061312051775924026e-01 8.239454325944465252e-01 8.245766147196355034e-01 8.071140626762923764e-01 7.512571983247735563e-01 8.035989078230975080e-01 7.141169650969645399e-01 7.893866158218427742e-01 8.185637045138688395e-01 8.076955662118766588e-01 7.992438624915447765e-01 7.943955665479913719e-01 8.233041078504040877e-01 8.133461382879095813e-01 8.219796599845364815e-01 8.148443907182660872e-01 8.232302611762786215e-01 8.177493472972352517e-01 8.147488119514944005e-01 8.091180587455065742e-01 8.103222628552888551e-01 8.217715134337365557e-01 8.002129667983314265e-01 8.021389315463786085e-01 7.816965223870001589e-01 7.919558173653543642e-01 8.037925370569477534e-01 7.671819893921326683e-01 7.647506779619763773e-01 8.148157473826100894e-01 8.155572129918478019e-01 8.110108004113847358e-01 8.081019675948275527e-01 8.053059734541694326e-01 8.136275987366665685e-01 8.123653379297116617e-01 8.141485550960051443e-01 7.972564843378201482e-01 8.204298571364292414e-01 7.881826833117696607e-01 7.966918862183424155e-01 8.091380949457663840e-01 8.160277457350214592e-01 8.236678266271761917e-01 8.121311764959802115e-01 8.020252711833725234e-01 8.170281627870027430e-01 8.061427416092096232e-01 8.199160790502502127e-01 8.243950498154788420e-01 8.239038935512952300e-01 7.771956970227965611e-01 7.750471059822420239e-01 8.058460180712575527e-01 8.050295512015804844e-01 7.994209265065488346e-01 8.137546398048733920e-01 8.100642419506864922e-01 8.150774017688755535e-01 7.957417142277894984e-01 8.035352141462568376e-01 8.119140957986910045e-01 8.229255810664157789e-01 8.205534157935778783e-01 8.240950164756658536e-01 8.200779825923348865e-01 8.232636779684349149e-01 8.218145337309665788e-01 8.142898635596235168e-01 8.196040324746862726e-01 8.157172712690189398e-01
-1.764405197679361909e-02 1.381279571625690650e-01 4.123745152779244583e-01 5.537454130030280419e-01 4.471331282792037620e-01 5.705780050351569876e-01 7.548801581872290889e-01 7.475816117656483017e-01 8.069511172493676332e-01 7.263195933593664666e-01 1.000000000000000000e+00 8.671088957439200273e-01 7.816906754732749762e-01 8.166895384195631546e-01 8.716108799883564018e-01 8.615438921792909488e-01 8.396580519266246823e-01 7.218531595659394284e-01 8.146798569413334912e-01 6.963266920550973405e-01 7.031886725818308204e-01 8.230600128357221656e-01 7.485488698072877423e-01 7.773648759095612704e-01 7.856788537146317530e-01 8.605432232242209434e-01 8.417567874952776030e-01 8.430984868634063822e-01 8.283759379460787775e-01 8.434281206403311248e-01 8.740313522812417357e-01 8.579927161071053687e-01 8.167077403455891282e-01 8.382900231960607185e-01 8.333956548507230888e-01 8.697652715029067227e-01 8.775111250095549709e-01 8.671528086580400085e-01 8.872841672060322038e-01 8.476782928499663194e-01 8.950842808281241902e-01 8.840735456027705164e-01 8.728387620714994632e-01 8.921267375102275299e-01 8.970740320790149269e-01 8.917265751974526866e-01 8.945364400507045399e-01 8.941335439035966726e-01 8.869822307770005576e-01 8.668638788231957104e-01 8.882987492488605419e-01 8.683743506500307685e-01 8.767789852621308277e-01 8.925330968348873517e-01 8.865891290892530252e-01 8.876224249453947834e-01 8.816683198468449056e-01 8.910953161761964170e-01 8.888682167148931335e-01 8.940167075990976819e-01 8.977542773643533147e-01 8.938580705057588283e-01 8.883053999741586937e-01 8.895776600339171392e-01 8.984391692702168308e-01 8.973337568513352069e-01 8.975557680855165144e-01 9.026178117430788683e-01 8.977145200000663516e-01 8.947695871365702880e-01 9.038012660726147951e-01 9.065433338733306368e-01 8.777133366909797285e-01 8.962324292487715560e-01 9.039722647038467285e-01 9.041394927470324250e-01 9.035639389830701917e-01 8.973558199858568951e-01 9.012751397382799956e-01 8.985886265027275277e-01 9.027141148392584524e-01 9.018690047140782706e-01 8.965263324505927667e-01 8.928446168179909881e-01 8.938333155124625895e-01 8.962291190762288196e-01 9.055049231993931302e-01 8.978115720885040396e-01 8.980615192292342730e-01 9.005795166661486606e-01 9.009234541094877091e-01 9.006064665410548065e-01 9.040278750168014854e-01 8.983036574112843731e-01 8.972659344455145014e-01 8.955952853458417628e-01 8.843175531633601372e-01 8.888552645175117339e-01 8.965773943267043578e-01 8.989679769622440642e-01 8.951856451027342398e-01 8.955982743962743742e-01 8.956207312720906311e-01 8.962831348013003963e-01 9.035573121591030654e-01 8.940876664360811743e-01 8.943124228759617989e-01 8.974718564496020345e-01 9.006001795203905091e-01 8.938234196944240262e-01 8.959995775391998984e-01 8.973981206079145734e-01 8.943938695364146430e-01 8.955112952659510794e-01 9.006863595931644539e-01 8.979070735953147420e-01
-1.269115492086315272e-02 1.270807551164838678e-01 3.898868013509335650e-01 6.265022831311448659e-01 4.789483399210823777e-01 5.945413604586892165e-01 8.039120954607328340e-01 8.023493496476273856e-01 8.325118027342862659e-01 7.670552982910311401e-01 8.671088957439200273e-01 1.000000000000000000e+00 8.199394475610296551e-01 8.530497866754830349e-01 9.164839270157596474e-01 9.087694604600013992e-01 8.539678693489659578e-01 7.021418976968379910e-01 8.206170705085379380e-01 6.825441210832133843e-01 6.838516485903051167e-01 8.292038289198013779e-01 7.175532015217395143e-01 7.671977226434112396e-01 7.856649379140976386e-01 8.706319469976193659e-01 8.544480405182326432e-01 8.454460811779691554e-01 8.287531259415330531e-01 8.453612377087180718e-01 8.734259026949723337e-01 8.594623997102901480e-01 8.146735487392292585e-01 8.357394099075940996e-01 8.369337166572425879e-01 8.749568679214934086e-01 8.737254282258264393e-01 9.047544783717909045e-01 9.155287630728216053e-01 8.784868536707481912e-01 9.250617627931820852e-01 9.257661336454913181e-01 9.140237325383753220e-01 9.350080093640371626e-01 9.241887738184411116e-01 9.250720617320206118e-01 9.360405996193217337e-01 9.336697848906214681e-01 9.256935029303627882e-01 9.046407459017317132e-01 9.274646730203753853e-01 8.987584392006227052e-01 9.283616488092061303e-01 9.248372028684106461e-01 9.129357213183759701e-01 9.160053917439135995e-01 9.156025230722113495e-01 9.336284631293780834e-01 9.246945787448477283e-01 9.396959571754531781e-01 9.380438767612357953e-01 9.325608323933298749e-01 9.254565660254459036e-01 9.332335569805306763e-01 9.290770371895545887e-01 9.356605407181483036e-01 9.357977504610105468e-01 9.275159274203294002e-01 9.132450297273819739e-01 9.102568449371968295e-01 9.330439457233653533e-01 9.393593026887103736e-01 8.893321235608885322e-01 9.210230777202190744e-01 9.381564383252565253e-01 9.344911056533588001e-01 9.315759594615962147e-01 9.218889760855336624e-01 9.291062540860693941e-01 9.199906942170252844e-01 9.237991192042975808e-01 9.280287877176003342e-01 9.203364213133682359e-01 9.111843458583575028e-01 9.179005805383666505e-01 9.177405257853471499e-01 9.303329590125359871e-01 9.326668765243358861e-01 9.299810094735081467e-01 9.295100291749371912e-01 9.288106832821358960e-01 9.402639227192230997e-01 9.392220749120180345e-01 9.387032228386770205e-01 9.408423716184047825e-01 9.392348399494381272e-01 9.252387324159435655e-01 9.237820530891250881e-01 9.379638936037941743e-01 9.368376225412624603e-01 9.352985348413589417e-01 9.378613462256787381e-01 9.415671032925914119e-01 9.417455664330757203e-01 9.360885052617401447e-01 9.294835505941542175e-01 9.345900415193726385e-01 9.347640615108624429e-01 9.341891137903304276e-01 9.408304270447079842e-01 9.384648657210628020e-01 9.406126905446233755e-01 9.380811361029635087e-01 9.354715599548445448e-01 9.371527553743480565e-01 9.409095430843719132e-01
1.170301471530603606e-02 1.783080760283967392e-01 3.286958514700182299e-01 5.127612372521221928e-01 4.567842015596235705e-01 5.463199601475950962e-01 7.208245036312920240e-01 7.288519162289414099e-01 7.732904395963284827e-01 7.167274444254361221e-01 7.816906754732749762e-01 8.199394475610296551e-01 1.000000000000000000e+00 7.742590349925363435e-01 8.375281109778517363e-01 8.360863729405383360e-01 7.959764992913708204e-01 6.552114798022711240e-01 7.487361164306791661e-01 6.265738688411766066e-01 6.118760537944343270e-01 7.416888078432835041e-01 6.787147756415908839e-01 7.073258304594762791e-01 6.917147311236122587e-01 8.064871521028585954e-01 7.731997918153458160e-01 7.769027740537663984e-01 7.640212654020026584e-01 7.871003618495787668e-01 7.976799512645469381e-01 7.934388428180206843e-01 7.564798710007578642e-01 7.632739091408650145e-01 7.875844433352990892e-01 8.016632287488825170e-01 8.031295894696043325e-01 8.263929946442654106e-01 8.423441227468444481e-01 7.871590020496342932e-01 8.477521625004771355e-01 8.484268182772454203e-01 8.207105643960131980e-01 8.500840616940972261e-01 8.405039169525662102e-01 8.460277746623409145e-01 8.600627898591481912e-01 8.570123471509762947e-01 8.405246872242697620e-01 8.015408977482367803e-01 8.385147548979813292e-01 7.964683579749209930e-01 8.384984791017141559e-01 8.491812755175911498e-01 8.336877193466007974e-01 8.320533440946382697e-01 8.311127699875152652e-01 8.561064238506637114e-01 8.419527716225563285e-01 8.654426154691468032e-01 8.527841761646439700e-01 8.554166970357811595e-01 8.456959458463058077e-01 8.518173838888402072e-01 8.534946100943552327e-01 8.549588288903239297e-01 8.599224825439572006e-01 8.500745807427945167e-01 8.427069119755170590e-01 8.411464841999249931e-01 8.515991888959187905e-01 8.568002278382472747e-01 8.222984978953521429e-01 8.345759382600607124e-01 8.585910549777567846e-01 8.560119436818405259e-01 8.521871252886086268e-01 8.428334362941450886e-01 8.467543904392528242e-01 8.461822107918867131e-01 8.479569764678737132e-01 8.527765542165969270e-01 8.428692547901747156e-01 8.451598241857042337e-01 8.393794051110474719e-01 8.430287409831205281e-01 8.520306628583346198e-01 8.550462934505408397e-01 8.575858992506012468e-01 8.538610693092824055e-01 8.483955941463001693e-01 8.606784734634786993e-01 8.556780238197407851e-01 8.577057488600511315e-01 8.618728185290598365e-01 8.604076532745300598e-01 8.359572814502093108e-01 8.403460774068745032e-01 8.548959151364587949e-01 8.539240809459144321e-01 8.515153508791338810e-01 8.554100164238372939e-01 8.576681754545476544e-01 8.604616941073670588e-01 8.546930477870122722e-01 8.541370825541706457e-01 8.551149003725936337e-01 8.585970823233962657e-01 8.566963413202721700e-01 8.618811235297328954e-01 8.585521274155456517e-01 8.634657056953759513e-01 8.607022632347248736e-01 8.570068200608287334e-01 8.587771071409797674e-01 8.611473564129132896e-01
