1.000000000000000000e+00 1.164501117286224491e-01 1.604991099083268036e-01 6.614264710716881435e-02 4.595735152722920519e-02 3.607554865557328211e-02 1.714840419012126022e-03 4.312071966566683595e-02 8.342014951309109638e-02 1.555542530871053056e-02 3.314703781234529939e-02 2.254687376659434209e-02 2.809209897630151123e-02 2.547765529518080177e-02 -1.212942141782461696e-03 2.179372534141110762e-02 7.194682014983767859e-02 1.326888491337559484e-01 1.179062512716757688e-01 1.349364787468000371e-01 1.602430581639372742e-01 1.701279262592767516e-01 1.170445223901749460e-01 1.235599984231537801e-01 1.674978954451024626e-01 1.022623342864224238e-01 5.343813816794071303e-02 5.432462593827139946e-02 7.591984358509840103e-02 8.915987083826119874e-02 8.506466879197160935e-02 6.622782581865251095e-02 3.868298139890363752e-02 7.891736663586629286e-02 5.253946307619791756e-02 6.773395819663111106e-02 6.288710590109762577e-02 1.959105427389911877e-02 5.557179709418878094e-02 -8.138873593190933467e-03 2.940219027736651683e-02 -2.872758859786811187e-03 2.381942445005924905e-02 9.646427798187553332e-03 3.320164242577415548e-02 1.225138567518753614e-02 2.564388988145566151e-03 1.809152887157872494e-02 5.056982323497198444e-03 1.292247928342192369e-02 3.052676074507303799e-02 1.664528168704824257e-02 6.426085777268910476e-03 2.599179855406677161e-02 4.524772194370123291e-02 3.756981190714520080e-02 3.228350314964918699e-02 1.371130310352695197e-02 7.733306091773326472e-03 1.790946834235458696e-02 8.394282786159475498e-03 1.831480506406775455e-02 1.525216552488411169e-02 4.588003805774968497e-02 5.403514618535764508e-02 5.265117939423132054e-02 2.661438321823010947e-02 4.084696470608512736e-02 3.702092435001936438e-02 6.078178622985351554e-02 6.772478878478407904e-02 6.942228593132948600e-02 4.877502293048927018e-02 5.304193161601591239e-02 4.352892147575596754e-02 2.696604114105958724e-02 1.820017816908188132e-02 3.356573793016098123e-02 3.728017256119677686e-02 4.261609813096709637e-02 3.715399250194231784e-02 3.302923647138089613e-02 4.825654233313887709e-02 2.127614464121324600e-02 1.059584568503554348e-02 2.818042937196924350e-02 3.823839969461897970e-02 1.418813208230724522e-02 3.124543594445080077e-02 3.298751904902923887e-02 5.783375578781523030e-03 7.267201899400627801e-03 1.738979599845734414e-02 3.969010363006896490e-03 1.050372458066684347e-02 1.256121389443427307e-02 -8.608853229880499697e-03 1.468793569299937582e-02 6.049484564198728256e-04 5.192736095942759693e-03 5.618355411314899031e-03 -3.465849987287123487e-04 -9.337578017220233076e-03 -1.087452884416280048e-03 2.144804279776245381e-02 7.061724940402916255e-03 1.432258848272784102e-02 2.277364771691042095e-02 2.979638298910505106e-02 8.175707641480612492e-03 3.346835147992159587e-03 1.738925373401420393e-02 1.178673439344428940e-02 2.111060689426131134e-02 3.115198464338530399e-02 2.486635666966303254e-02
1.164501117286224491e-01 1.000000000000000000e+00 6.021692378263365786e-02 4.423991973047475962e-02 3.429818764772326473e-02 5.964372026228443452e-02 7.655156182423247802e-02 9.284125742985942231e-02 1.183015766349305165e-01 1.129674351098041984e-01 9.305441468844953545e-02 1.327432617438605578e-01 9.576677041409392688e-02 1.127580485742293581e-01 1.231793625058188180e-01 1.218784714017960152e-01 1.182115148598094634e-01 1.504521960554641158e-01 1.475273775191685011e-01 1.140420363772578077e-01 1.318804520876827868e-01 1.605640244526689020e-01 1.516204541739047118e-01 1.418574568253299917e-01 1.613788649174344447e-01 1.388203071456999838e-01 1.480522756804724949e-01 1.381898454803134335e-01 1.464631075490520906e-01 1.547562874042578973e-01 1.605768685761755354e-01 1.505787738333185244e-01 1.306654118548818133e-01 1.229735777353748727e-01 1.406251783856960202e-01 1.194930455692402166e-01 1.384384358382536595e-01 1.206497396550673812e-01 1.311478887149932493e-01 1.223892702700926927e-01 1.359226245604377714e-01 1.242751144149936010e-01 1.251670555048934041e-01 1.217353431072463327e-01 1.284261590135217790e-01 1.255167645794485753e-01 1.341383701825753783e-01 1.436276346427440009e-01 1.330420941919817357e-01 1.024383439648340610e-01 1.261123812001126165e-01 9.861176297570538318e-02 1.219183549060114252e-01 1.450884457122875171e-01 1.419952468829396575e-01 1.487873508272236911e-01 1.341690658869850727e-01 1.371686621423353625e-01 1.334990852771530123e-01 1.342185339571730918e-01 1.262860214787602797e-01 1.336315284327973529e-01 1.380638405927732681e-01 1.316806290427124659e-01 1.276967407527650478e-01 1.333776383256041476e-01 1.411831793627431053e-01 1.519723940934420980e-01 1.530062780868214345e-01 1.418515288732923596e-01 1.502362066025820786e-01 1.546452635564371236e-01 1.471486821644136800e-01 1.512998897505592744e-01 1.443527283975195030e-01 1.410519359745806556e-01 1.398602767283177450e-01 1.388326026435542926e-01 1.375098402068244130e-01 1.436007851147721726e-01 1.443322908007189653e-01 1.464950522304288572e-01 1.474518652675010089e-01 1.359456573233103205e-01 1.342389978464985922e-01 1.402240032622947274e-01 1.413236795326340001e-01 1.407057353001190114e-01 1.392242161883174567e-01 1.449108033863766021e-01 1.389948375237524958e-01 1.367878930671627691e-01 1.366282597660671838e-01 1.361694147351918405e-01 1.333051473646417462e-01 1.394625907138972998e-01 1.262630096296554483e-01 1.272450066867163165e-01 1.331592471761514629e-01 1.364835274258923981e-01 1.299110876665377778e-01 1.286451225309985236e-01 1.206305086828662193e-01 1.290352251334361544e-01 1.309350372121308448e-01 1.301308876409006943e-01 1.345558904165908842e-01 1.426774734268307088e-01 1.424471417094414771e-01 1.331125648400127426e-01 1.353950165486048351e-01 1.369997432765091283e-01 1.370738993813598594e-01 1.295889351511166077e-01 1.350580751744192010e-01 1.367046778472028323e-01
1.604991099083268036e-01 6.021692378263365786e-02 1.000000000000000000e+00 2.917655411834754742e-01 1.535003086514505899e-01 1.803143510670396910e-01 2.316628511636728005e-01 2.424247809898261996e-01 2.963781650923639766e-01 2.031109239371089725e-01 2.666285142416284226e-01 2.900385230956346594e-01 2.410757519901684798e-01 2.632225604897231452e-01 2.682657769949484128e-01 2.838823739642702404e-01 2.697754517436277144e-01 3.467228958159976893e-01 3.372413700813347015e-01 3.051595011451840311e-01 3.277273405390255800e-01 3.641435007987411931e-01 3.250874595604126283e-01 3.379957728019611363e-01 3.536188361819918580e-01 3.469440062442593620e-01 3.039629318259217672e-01 3.244830001273852904e-01 3.270329729641473504e-01 3.586042254121910022e-01 3.584343981697662440e-01 3.440049034304401010e-01 3.466505077971237525e-01 3.512249139143040488e-01 3.439758585467411756e-01 3.286167735165088089e-01 3.427169572899570471e-01 3.149244939543062172e-01 3.361806518367388974e-01 3.054846097886591005e-01 3.107914243668134513e-01 2.864231784581588447e-01 3.084139409644482410e-01 2.947166894695587014e-01 3.208089360752544583e-01 2.938193595587595963e-01 2.865146046208692510e-01 2.935962992976812735e-01 2.892646721539272048e-01 3.181059426915490707e-01 3.155610560616433080e-01 3.038739728492479975e-01 2.892731177042844326e-01 2.975985902923581339e-01 3.078231325232337334e-01 3.078305580371604178e-01 3.021243394106228330e-01 2.870166235815756473e-01 2.881088508781210478e-01 2.859957513824661901e-01 2.861674593946797462e-01 2.822560750222036230e-01 2.901326836299514267e-01 2.942354133581175368e-01 3.030609511663900357e-01 3.030930082438043627e-01 2.999005586121032962e-01 3.186761209048356025e-01 3.129454363125345751e-01 3.261479321402718790e-01 3.319903196056231409e-01 3.307506875188747086e-01 3.197197831174853344e-01 3.261673141270840515e-01 3.142463668091196594e-01 3.065231288989687664e-01 3.007450313268205111e-01 3.046771789685774334e-01 3.144175585820558894e-01 3.176978696016598547e-01 3.157646230806990806e-01 3.147236785520796665e-01 3.072218411372917291e-01 3.119520731097866206e-01 3.134128148140895020e-01 3.156920843833526114e-01 3.148837646237682697e-01 3.093623990264096069e-01 3.133410930625262214e-01 3.072360574425823110e-01 2.977188387114948487e-01 2.940463407655151129e-01 3.025109762923769430e-01 2.954634486028639428e-01 2.890148034795910204e-01 2.870444641391020069e-01 3.024893360705575018e-01 3.011191495272197982e-01 2.900968305192421770e-01 3.017012434690825584e-01 2.942721502412820045e-01 2.910087829066396736e-01 2.873400759275121508e-01 2.893545111230683142e-01 2.996256675121872770e-01 2.844902192236333782e-01 2.924295175356940168e-01 2.913837977903845911e-01 3.013011147674131140e-01 2.857211408533562036e-01 2.897535410847278392e-01 2.864568702714134774e-01 2.892233767658992649e-01 2.918614287856405309e-01 2.964287169679247214e-01 2.954981555905104584e-01
6.614264710716881435e-02 4.423991973047475962e-02 2.917655411834754742e-01 1.000000000000000000e+00 2.287982373213291454e-01 2.918259245533355029e-01 4.276316706313793015e-01 4.167261497510784674e-01 4.195487682385228290e-01 3.686045367575954135e-01 4.176818385059361538e-01 4.956482411247967734e-01 4.035207186272393165e-01 4.125781916926723469e-01 4.763469729280069842e-01 4.612307576040070023e-01 4.061089490448506201e-01 3.316253285271730800e-01 3.686656136327702837e-01 3.127830705312336090e-01 3.681695287985922160e-01 3.900254607245280392e-01 4.024393654298897838e-01 3.479673973947965404e-01 3.247328627027215586e-01 4.548739661181590566e-01 4.425123980725777506e-01 4.412759882730633576e-01 4.401448013141138760e-01 4.508799397546225940e-01 4.613204628507968086e-01 4.868506009553364433e-01 4.745462675168086175e-01 4.650887092868650763e-01 4.491654293006641652e-01 4.587193002372626505e-01 4.328218222903622570e-01 5.023684971161165302e-01 4.978633765543490908e-01 4.869364646565286225e-01 4.743413713855021419e-01 4.745011181703137071e-01 4.898239113375483789e-01 4.975650757712410943e-01 4.905157109356383383e-01 4.798229598142327301e-01 4.631943511493326615e-01 4.684683172156668407e-01 4.647583597202615824e-01 4.908170583618770011e-01 4.968198793269581470e-01 4.727718102298151814e-01 4.876788252956021918e-01 4.574188110480120750e-01 4.542761922906665140e-01 4.606727861050033401e-01 4.747800632535718046e-01 4.714723992634214378e-01 4.593878372286434031e-01 4.721054096885707319e-01 4.660904172434249815e-01 4.620476312882704217e-01 4.684368112423489272e-01 4.711158127676130514e-01 4.600711518093590358e-01 4.768052576776474205e-01 4.668713000883733533e-01 4.442003379069108804e-01 4.698133465913937323e-01 4.486719251637623640e-01 4.597226274468224627e-01 4.441878185673183710e-01 4.315105872474593873e-01 4.277012477943794577e-01 4.594851197658624820e-01 4.584740052843117031e-01 4.544202102443829494e-01 4.452061786857247072e-01 4.618001280907303441e-01 4.554778166278349305e-01 4.570009063463184029e-01 4.646284752743135571e-01 4.705606663974815085e-01 4.660766608152061563e-01 4.853726200250397804e-01 4.663246817183582249e-01 4.637626118060567126e-01 4.898179032372521058e-01 4.831613691557749002e-01 4.666007920526278885e-01 4.743722123689569914e-01 4.718617742766207934e-01 4.753176671486877281e-01 4.810629902634916411e-01 4.664074306794067648e-01 4.631031729328100588e-01 4.909148763904081503e-01 4.836658773345831608e-01 4.704239578464651239e-01 4.816976399180322166e-01 4.705457899989597959e-01 4.809238643893242737e-01 4.768564061457155057e-01 4.829091188600779794e-01 4.717111134727572375e-01 4.665704170749452873e-01 4.712137815675254138e-01 4.585802640651605033e-01 4.608815332590007752e-01 4.711158476654025984e-01 4.728925292962962157e-01 4.724266216222203218e-01 4.702801441372262414e-01 4.797633808070226880e-01 4.597943281918245306e-01 4.736456141780764351e-01
4.595735152722920519e-02 3.429818764772326473e-02 1.535003086514505899e-01 2.287982373213291454e-01 1.000000000000000000e+00 2.249863014545708251e-01 3.486498871647616959e-01 3.111402603086933505e-01 3.351578225008515211e-01 3.364933877291853559e-01 3.339406783830488057e-01 3.825465788245807630e-01 3.588579321503636010e-01 3.312829061972603628e-01 3.899178028666422380e-01 3.921806376331469779e-01 3.780644960539435440e-01 2.879277366249335945e-01 3.426572365196740022e-01 2.768947374356401925e-01 3.260909512536567245e-01 3.576656695462913094e-01 3.491727701117994243e-01 3.008602674977085001e-01 3.132241353522784988e-01 3.820411608991703956e-01 3.781421903146360286e-01 3.699112027413521409e-01 3.636833401838335256e-01 3.701318271234223523e-01 3.889489006229319146e-01 3.975583411705850279e-01 3.557284023275487650e-01 3.817617686469803595e-01 3.608255511217466904e-01 4.022275798898856114e-01 3.874154122923519905e-01 3.943950506678947643e-01 4.097452793476202282e-01 3.804330861647566842e-01 4.046971528349855296e-01 4.001299987233058464e-01 4.175153317975115463e-01 4.228270727032032994e-01 4.096124755779970150e-01 4.009425944534749653e-01 4.107319798400096977e-01 4.090593627773729257e-01 4.051090471712902596e-01 4.047870660569106716e-01 4.118526899000831132e-01 4.157185123185633269e-01 4.141918008295453202e-01 4.064379181819205433e-01 3.971160564291109640e-01 4.021515676859709898e-01 4.041076814540446316e-01 4.140388039646700769e-01 3.969070749500029915e-01 4.178947872949982378e-01 4.213721643734035238e-01 4.088503886890514361e-01 3.988112842793866131e-01 4.173888695936510129e-01 4.183412742576190779e-01 4.211669495055785362e-01 4.083677715912195083e-01 3.969228770489988123e-01 4.069557330504189885e-01 4.004879536251924055e-01 4.058163861598073074e-01 4.062607734917145219e-01 3.929608153873933030e-01 3.935217652825978019e-01 4.072199813999498041e-01 4.051214892631170295e-01 4.017735896768361292e-01 3.989984858558946468e-01 4.027635002990687663e-01 4.064299081924256929e-01 4.078857598707703036e-01 4.076987097317421038e-01 4.224846817576093927e-01 4.003720052010353303e-01 4.022450421536366560e-01 4.074501663729847567e-01 4.144952537032329798e-01 4.072155870648342946e-01 4.147120681500850448e-01 4.128558904297254806e-01 4.080476898117864071e-01 4.103908264406351813e-01 4.170230398767261204e-01 4.128884569516759750e-01 4.139388938679484653e-01 4.123098920904376685e-01 4.096731516027778963e-01 4.200683940852024123e-01 4.199619409913801227e-01 4.107986085437495549e-01 4.192887015633210424e-01 4.148332438870546701e-01 4.093141325742544745e-01 4.194689472139824793e-01 4.235711749232097256e-01 4.121895168478978966e-01 4.137479924281629029e-01 4.125245987381300217e-01 4.125101447815116007e-01 4.123487264273985042e-01 4.105559889414622798e-01 4.176289956823445726e-01 4.130423793601422089e-01 4.234597578217085823e-01 4.207689634853458704e-01 4.207384712109815128e-01
3.607554865557328211e-02 5.964372026228443452e-02 1.803143510670396910e-01 2.918259245533355029e-01 2.249863014545708251e-01 1.000000000000000000e+00 4.048292340785285548e-01 3.590750876677605286e-01 4.234614589167703946e-01 3.913243217280995001e-01 4.335992535353421773e-01 4.687283305163869040e-01 4.222801291479503227e-01 4.354809502221517747e-01 4.830243992310297441e-01 4.711228351814707449e-01 4.364059841604740475e-01 3.979758744971472750e-01 4.431537324637500053e-01 3.700484418506224116e-01 3.846349103961075877e-01 4.289471897490347851e-01 4.442758387203820103e-01 4.289639726888570537e-01 3.990456871171647601e-01 4.856032581485542621e-01 4.827932606629870560e-01 4.837635109360581831e-01 4.737752685082070037e-01 4.714020279686687576e-01 4.903516935152578138e-01 4.893240881592047509e-01 4.467803889109951965e-01 4.775498600928396731e-01 4.618344308752176941e-01 4.730243312397647282e-01 4.816573987890248043e-01 4.807239983895923441e-01 4.907551441072175447e-01 4.764524573956226416e-01 5.035451085258878523e-01 4.965575642704536108e-01 4.967486342067041205e-01 5.047536827365491918e-01 5.055447765108840308e-01 5.064103799953092455e-01 4.998133336214490852e-01 5.096421842879107489e-01 5.077792613023861534e-01 4.806205176553253744e-01 4.880478719729886006e-01 4.891580457306627938e-01 4.938964218114987315e-01 5.133317903187823994e-01 5.055006771140301280e-01 5.119609244943885695e-01 5.182277564720636498e-01 5.105102442019350262e-01 5.103667948799559539e-01 5.090195376332457000e-01 5.083788783385952970e-01 5.128289930597249580e-01 5.103432006529181608e-01 5.099202325962480797e-01 5.041648598885118959e-01 5.110083589198013421e-01 5.101147459392443295e-01 5.058933456220277014e-01 5.025533815097380508e-01 4.996441440069244733e-01 5.021120023397336318e-01 5.039995379347237403e-01 5.022140297343745674e-01 4.977372411752326586e-01 5.115460482362257366e-01 5.073434695426367602e-01 5.042918835315056691e-01 5.051020499846973211e-01 5.119138973956682825e-01 5.063524496488225335e-01 5.085495794498235966e-01 5.073192518819179542e-01 5.113475379446968949e-01 5.002168689891569597e-01 4.967324209984195771e-01 5.057300475771466797e-01 5.048286579321688006e-01 5.047289294480044042e-01 5.072340262341160644e-01 5.140357134502624437e-01 5.047655125313739166e-01 5.086395303689049685e-01 5.088917849137928329e-01 5.112512480703348405e-01 5.084156970852663493e-01 5.110146900375029944e-01 5.003120070996919244e-01 5.065867298805322161e-01 5.058660420323870532e-01 4.975607520701633146e-01 5.068786286505736483e-01 5.095039760649280325e-01 5.097118247706083904e-01 5.094996582612921765e-01 5.111233909668375652e-01 5.162276527979603458e-01 5.090552761325116693e-01 5.123619712683484817e-01 5.148574600935249546e-01 5.064449389495473408e-01 5.100925051496848495e-01 5.076978535034343265e-01 5.121888723398549947e-01 5.101508869543767144e-01 5.071094750003073415e-01 5.116417775347025243e-01
1.714840419012126022e-03 7.655156182423247802e-02 2.316628511636728005e-01 4.276316706313793015e-01 3.486498871647616959e-01 4.048292340785285548e-01 1.000000000000000000e+00 5.525612695875133928e-01 5.869771229103317722e-01 5.981847308552781239e-01 6.087840320558876028e-01 6.733335951073767811e-01 6.070917217489592010e-01 5.965785183480610820e-01 7.346524244492381728e-01 6.989285959615896271e-01 6.059451556226106428e-01 4.780641846532537320e-01 5.458725370769692553e-01 4.681920245985399798e-01 4.779525092374505291e-01 5.418218722900791651e-01 5.738471168092801333e-01 5.124403398552579425e-01 4.690400594396848533e-01 6.538439218669859221e-01 6.576895737332253411e-01 6.751345503563972450e-01 6.357616726735710877e-01 6.320697335329440447e-01 6.674943766273652157e-01 6.928290542318569223e-01 6.506543421375631242e-01 6.520736820529304811e-01 6.377724534129771694e-01 6.694811554472664961e-01 6.610184882855845157e-01 7.210056878990069862e-01 7.114742515959746605e-01 7.243380934601253429e-01 7.228552804550568700e-01 7.312167313746293917e-01 7.186165876656472884e-01 7.275746957108557567e-01 7.170218003346141566e-01 7.411546797332378977e-01 7.216115612558685610e-01 7.232155564808606663e-01 7.136383870809954733e-01 6.960909007318640818e-01 7.129086141240609242e-01 6.803542220564375853e-01 7.125746635606893253e-01 7.142138686406116488e-01 7.043857764981158454e-01 7.087805866036831492e-01 7.072015150358655911e-01 7.245462316049051665e-01 7.209989508716417861e-01 7.202587708297184532e-01 7.158925994446122543e-01 7.210638453062711006e-01 7.107904111455715102e-01 6.998420837426443386e-01 6.943091175001436799e-01 7.045154089062880542e-01 7.218290847325240511e-01 6.870646325003912924e-01 7.088681336317745885e-01 6.843534687078742795e-01 6.857250086030483027e-01 6.810809484535136349e-01 6.735886701600479753e-01 6.683249596703060291e-01 7.141033950750385051e-01 7.143418866858916028e-01 7.222590572709139956e-01 7.008091809091445690e-01 7.088762201567746501e-01 7.023572242936462207e-01 7.103640619668438738e-01 7.158119554095040415e-01 7.223522785521571121e-01 7.083072774067893373e-01 7.205843162973050164e-01 7.103532240685764831e-01 7.129910770084120220e-01 7.367498616888199514e-01 7.303550073465923109e-01 7.237576732069910257e-01 7.391107854747323014e-01 7.327033782115270899e-01 7.271232791168643628e-01 7.423949297865642949e-01 7.286259529166000393e-01 7.256688451939377060e-01 7.274061204032606920e-01 7.207297067687052916e-01 7.221596946071731082e-01 7.268051862952162878e-01 7.295720521259512203e-01 7.313734222439490784e-01 7.221097452152228646e-01 7.342857288956976536e-01 7.195307816389354683e-01 7.185983694263897714e-01 7.234943204139684392e-01 7.217660822984449664e-01 7.193673462487158998e-01 7.252597117155997752e-01 7.356220589482854733e-01 7.243491160999866452e-01 7.295003886891484601e-01 7.248349812726698760e-01 7.141993513847285646e-01 7.196448142150101424e-01
4.312071966566683595e-02 9.284125742985942231e-02 2.424247809898261996e-01 4.167261497510784674e-01 3.111402603086933505e-01 3.590750876677605286e-01 5.525612695875133928e-01 1.000000000000000000e+00 5.606017182255744746e-01 5.102545224643691979e-01 5.722595237707693849e-01 6.117265011538314257e-01 5.578054450024422239e-01 5.545978900375470033e-01 6.561545180055823323e-01 6.485142608224062633e-01 5.575405585689520160e-01 4.348222295308148411e-01 5.102877824185606537e-01 3.998030904441342015e-01 4.407880663135297361e-01 5.239923071132543964e-01 5.361140446250344249e-01 4.680923480926923452e-01 4.514636313653904720e-01 6.163075881928229416e-01 6.156134228365705008e-01 6.226730406733608225e-01 5.910188828931381977e-01 6.102893251228483917e-01 6.261105253037293483e-01 6.410543790204499270e-01 5.893714862842476254e-01 6.044069619569819585e-01 5.925175018079472666e-01 6.106833321623217348e-01 6.123937414676020596e-01 6.474394622541170818e-01 6.435629764539078090e-01 6.366428935700647607e-01 6.533444719025368608e-01 6.583452918646385266e-01 6.465126622134536039e-01 6.619514848448320166e-01 6.530411572492562655e-01 6.634335825467763126e-01 6.477008024888344373e-01 6.526834396903702373e-01 6.527152254742806248e-01 6.402845497087916726e-01 6.521927542942843603e-01 6.330329989844919458e-01 6.508685576961047436e-01 6.511100126212183703e-01 6.487192729710750116e-01 6.527265028001529856e-01 6.623507715508392124e-01 6.600385573641109893e-01 6.614802730933073693e-01 6.519373427253613018e-01 6.507336942691134274e-01 6.578711846710699751e-01 6.642081453466421870e-01 6.464808015417714548e-01 6.333843003263864846e-01 6.545451833953442877e-01 6.504627606733577316e-01 6.195797508308291679e-01 6.398127431501406948e-01 6.186273278349041504e-01 6.282784646582602051e-01 6.269534771514826410e-01 6.046868346461727883e-01 6.087001978240651479e-01 6.480966426819300130e-01 6.474992957409102523e-01 6.460560830779962238e-01 6.332562849233985824e-01 6.461672616588055584e-01 6.424351015196266834e-01 6.421371963971962415e-01 6.505342339009547725e-01 6.545727843083375408e-01 6.374541731424989699e-01 6.473456933783998668e-01 6.420656971587428430e-01 6.485539547679514127e-01 6.623880510062379878e-01 6.579813007424346605e-01 6.515707367341467826e-01 6.555742663884284172e-01 6.597592230467497210e-01 6.577243351978105945e-01 6.653178492307372238e-01 6.577758900291087452e-01 6.551275662349478335e-01 6.633897191301597607e-01 6.640111766319305442e-01 6.614393424692627255e-01 6.595166649695588523e-01 6.564826189159117531e-01 6.695465780233161857e-01 6.620773425226705866e-01 6.643263632263550766e-01 6.546303838142095710e-01 6.590835177332184935e-01 6.588922429276745651e-01 6.530826616142020313e-01 6.548358786670089859e-01 6.573682360053471063e-01 6.632310215058109248e-01 6.560636712887427668e-01 6.618623153093756706e-01 6.588615932504863215e-01 6.446819923023234811e-01 6.591244195333706424e-01
8.342014951309109638e-02 1.183015766349305165e-01 2.963781650923639766e-01 4.195487682385228290e-01 3.351578225008515211e-01 4.234614589167703946e-01 5.869771229103317722e-01 5.606017182255744746e-01 1.000000000000000000e+00 6.588561469587387309e-01 6.833259142612670978e-01 7.224477406894559417e-01 6.532994679283282702e-01 6.709874760097048751e-01 7.579271386148797029e-01 7.296238257816115569e-01 7.113831352281443365e-01 6.184098529200476868e-01 6.884163238604793511e-01 5.650889481461185415e-01 6.082243420507272846e-01 6.864629040612291178e-01 6.791263071022821673e-01 6.451147652691617829e-01 6.270240735084774419e-01 7.661834180058091359e-01 7.499063953405764593e-01 7.705681431837908546e-01 7.578324929508266639e-01 7.577979823831421102e-01 7.796546497645646667e-01 7.798003027736715165e-01 7.159629052101331714e-01 7.497592471779239709e-01 7.402480090747401986e-01 7.369570999590628890e-01 7.660972841508000286e-01 7.705687472964033446e-01 7.747711602147978605e-01 7.249714709457079076e-01 7.940249162083823364e-01 7.846854489844586888e-01 7.740132959246994737e-01 7.919255196345714731e-01 7.777547125370797287e-01 7.785203878690165613e-01 7.960160773259112865e-01 8.040449100093139956e-01 7.943536896824399118e-01 7.678106465239460388e-01 7.884018200532606491e-01 7.405164151526447691e-01 7.749957635886706164e-01 8.031090771810103224e-01 7.982313955094980651e-01 7.893792073310313961e-01 7.959633638454868265e-01 7.949841104985604368e-01 7.935190582371484114e-01 8.013000868282028621e-01 7.946252587819713220e-01 7.961896931918341913e-01 7.854020868854991733e-01 7.976682237523997632e-01 7.918497543342257750e-01 8.036389306427014212e-01 8.045883266887365881e-01 7.925947602548936155e-01 7.960813898766295749e-01 7.886156033327140769e-01 7.950886015195549605e-01 7.908701169926615204e-01 7.795306344061018189e-01 7.811330739050101890e-01 8.018667504854743999e-01 8.003474251940699835e-01 7.971016410353624071e-01 7.979502688814451572e-01 7.954281513298497863e-01 8.050308759376499923e-01 8.004236834943047052e-01 8.014130453681602706e-01 8.048307555144671444e-01 7.940965943018192252e-01 7.891744970486807009e-01 7.966425799310380418e-01 7.965052919599930892e-01 7.986805899902770234e-01 8.002164529948573302e-01 8.010012620957316365e-01 7.885889354125991124e-01 7.991115221876433639e-01 7.935866244209479614e-01 7.990107653551362654e-01 8.029359740109484056e-01 8.020584316280902071e-01 7.827799497711868115e-01 7.981344167730218819e-01 7.935850610410237760e-01 7.976393076198791121e-01 7.910444105886343946e-01 7.930413747045564898e-01 7.927291803668383707e-01 7.979713355237970651e-01 7.941056291332601047e-01 7.941918751188175030e-01 8.065231667097393364e-01 8.051725994750176252e-01 8.034589521066962670e-01 8.002239839787301801e-01 7.991086946534239344e-01 8.036174786059392394e-01 8.000177550810975147e-01 8.035011392443728306e-01 7.991337891129134396e-01 8.041024191280993216e-01
1.555542530871053056e-02 1.129674351098041984e-01 2.031109239371089725e-01 3.686045367575954135e-01 3.364933877291853559e-01 3.913243217280995001e-01 5.981847308552781239e-01 5.102545224643691979e-01 6.588561469587387309e-01 1.000000000000000000e+00 6.274533752394447772e-01 6.866903948740695762e-01 6.143101454912485160e-01 6.320217681471929083e-01 7.325889401561481717e-01 7.001903622399953120e-01 6.622313343229032645e-01 5.663370681145841745e-01 6.295660415339050520e-01 5.239513092213010648e-01 5.490967993033838424e-01 6.293526914257254745e-01 6.313156462145824710e-01 5.941714630397253449e-01 5.748859152393576144e-01 7.080775867212727448e-01 7.111510741207847097e-01 7.189096358111843887e-01 7.014666593091690716e-01 6.947951214454749502e-01 7.306067779814330310e-01 7.358698867794349896e-01 6.747429621728371352e-01 6.936472474559961521e-01 6.915631381292040025e-01 6.840245063559865502e-01 7.132245467958475693e-01 7.385060072324610703e-01 7.340382196886933164e-01 6.994061367272593754e-01 7.497328486115883983e-01 7.467547583938523026e-01 7.248988175619297536e-01 7.476054287290495592e-01 7.330204995892307673e-01 7.469680129226646814e-01 7.682104582221100930e-01 7.680271521506736310e-01 7.558832768505696631e-01 7.224390299626636258e-01 7.462719947182419045e-01 7.053584054990978958e-01 7.396264840225476034e-01 7.618279841265859220e-01 7.518235146959065807e-01 7.513626680609324371e-01 7.345339966463969583e-01 7.562978717687065533e-01 7.510279635968512002e-01 7.624800179422300817e-01 7.590076861551106058e-01 7.528865674387911211e-01 7.366165871944753141e-01 7.454638788827225859e-01 7.462984726602227559e-01 7.487909717859464465e-01 7.631212381223018149e-01 7.520483719558546110e-01 7.589194730234078978e-01 7.403072435208016833e-01 7.509917816436112448e-01 7.465395541928752099e-01 7.359015758450214717e-01 7.412408343176735137e-01 7.646118546030601371e-01 7.629965775750133794e-01 7.655256939676386985e-01 7.613139834970652498e-01 7.596481041848411886e-01 7.587538972124600045e-01 7.635270118811890994e-01 7.649258223026413894e-01 7.601214061618559725e-01 7.548788543677192875e-01 7.556385707421868769e-01 7.604772102262724598e-01 7.555716246915542555e-01 7.684066783338017181e-01 7.644867602028300180e-01 7.649976686317758734e-01 7.626649436529105985e-01 7.669560966085194886e-01 7.593676605497996501e-01 7.665098706073332213e-01 7.686412582102176705e-01 7.676842598460004163e-01 7.504771371597946938e-01 7.590229014431706389e-01 7.639146878473316304e-01 7.666474548733998029e-01 7.605313146817314074e-01 7.610744730422370763e-01 7.592254816770416248e-01 7.644696122394369908e-01 7.584755482855630726e-01 7.537304886522416814e-01 7.692744704224164787e-01 7.696792915461323492e-01 7.656272766052635292e-01 7.668952055945362778e-01 7.664807847110890471e-01 7.674264800105602413e-01 7.646215082033989141e-01 7.633261813655382033e-01 7.597170808270838904e-01 7.631989781861840960e-01
3.314703781234529939e-02 9.305441468844953545e-02 2.666285142416284226e-01 4.176818385059361538e-01 3.339406783830488057e-01 4.335992535353421773e-01 6.087840320558876028e-01 5.722595237707693849e-01 6.833259142612670978e-01 6.274533752394447772e-01 1.000000000000000000e+00 7.730951452962218085e-01 6.687995085199296419e-01 6.838976684963994357e-01 7.815863859766173372e-01 7.592055397131771688e-01 7.226784788142978089e-01 6.578461543169167314e-01 7.176530814592825269e-01 6.086952534004643756e-01 6.477710783424973640e-01 7.309380861753906888e-01 7.088228249300159156e-01 6.800363872293300194e-01 6.701358963441708116e-01 7.872247795065449028e-01 7.841367174072547686e-01 7.914707142921749705e-01 7.770328257357653756e-01 7.812315989698014329e-01 8.125118764304205543e-01 8.005206414059027331e-01 7.503891349817437550e-01 7.680598958154026823e-01 7.651996211863609787e-01 7.586476746217865053e-01 7.934270404270917787e-01 8.021536312925292567e-01 8.020782198258328277e-01 7.682842634095889967e-01 8.136749942996522877e-01 8.103042088206261484e-01 7.979143630854113045e-01 8.150874936246875757e-01 8.082370841063739597e-01 8.157851758358286576e-01 8.255822693878773766e-01 8.267593914532889166e-01 8.225246651859348113e-01 7.970227551104968056e-01 8.113910576938543340e-01 7.774175482487619693e-01 8.025634094726601386e-01 8.284265545732466540e-01 8.211403936200831755e-01 8.215635256575837264e-01 8.128096942633221689e-01 8.218925787132185246e-01 8.207158359028070560e-01 8.226783735978479006e-01 8.255607811909453364e-01 8.200087341313070377e-01 8.101817376425054507e-01 8.170170084362059493e-01 8.182047852197978921e-01 8.222889965727944173e-01 8.286578248775766653e-01 8.251099021677011924e-01 8.216163725700805776e-01 8.167192237511109454e-01 8.298079213907969542e-01 8.234703787726724844e-01 8.134553192552905765e-01 8.198013320078489929e-01 8.311117211640489666e-01 8.305626992093952943e-01 8.293513844852914429e-01 8.230673700720625430e-01 8.257649131636428663e-01 8.311859664896776856e-01 8.311611884493855795e-01 8.340684290738847873e-01 8.233647673152872937e-01 8.202332019371951777e-01 8.174087200715184354e-01 8.221350405322807031e-01 8.234268856860559316e-01 8.291816959099446160e-01 8.294789707859833161e-01 8.251071048204872138e-01 8.278017711728131722e-01 8.290314453158570407e-01 8.284236026052005375e-01 8.278473428765589226e-01 8.301592798439354493e-01 8.293118832627501824e-01 8.178315642998158497e-01 8.249195661870361018e-01 8.279273091457068912e-01 8.262501016890848593e-01 8.256153067649789623e-01 8.251600108862032767e-01 8.219963068471421996e-01 8.264094825572780856e-01 8.281310807099115934e-01 8.205245395980464984e-01 8.301260222109899667e-01 8.297653923102700224e-01 8.308735658178310057e-01 8.274597570868835739e-01 8.260361204494519605e-01 8.282557028429953228e-01 8.287583175331312280e-01 8.267848804340169888e-01 8.279713363065940301e-01 8.302252860998762252e-01
2.254687376659434209e-02 1.327432617438605578e-01 2.900385230956346594e-01 4.956482411247967734e-01 3.825465788245807630e-01 4.687283305163869040e-01 6.733335951073767811e-01 6.117265011538314257e-01 7.224477406894559417e-01 6.866903948740695762e-01 7.730951452962218085e-01 1.000000000000000000e+00 7.275916216960484073e-01 7.375464439195530408e-01 8.457529360011448727e-01 8.352553271004551361e-01 7.606532959265294158e-01 6.488631155090437419e-01 7.128322890022670277e-01 6.092361140430901933e-01 6.585426356458602415e-01 7.359180662913602511e-01 7.388557423011656855e-01 6.833205617900061091e-01 6.607714736984123816e-01 8.256921518990418818e-01 8.272321947908353179e-01 8.304758062710150268e-01 8.098172819695576008e-01 8.181469773680487556e-01 8.471070118941765870e-01 8.665721569774977873e-01 7.899046790603428958e-01 8.206979138615184688e-01 8.041470141762663282e-01 8.285312694194294503e-01 8.414396977467265559e-01 8.738652758366076689e-01 8.718906705238643751e-01 8.411381300988989285e-01 8.716357611753061674e-01 8.772207589014131557e-01 8.718309694728016979e-01 8.924643952966003768e-01 8.775676727180810044e-01 8.791392486270035445e-01 8.905633997422258696e-01 8.911988513233782827e-01 8.919577699922195402e-01 8.664127910572819724e-01 8.831424677990444838e-01 8.516633809656811716e-01 8.751784889817911806e-01 8.846485040809074496e-01 8.786541362048674308e-01 8.794505979024617170e-01 8.779452498037998431e-01 8.874724287476534190e-01 8.822798349826642683e-01 8.907292645265619813e-01 8.925883449127565150e-01 8.867293745211993761e-01 8.735619396101670375e-01 8.857509666610536847e-01 8.781220020028516204e-01 8.863519103796364540e-01 8.864843913761338845e-01 8.663408173710712701e-01 8.815258900764155747e-01 8.604713502164739181e-01 8.726231862078935864e-01 8.686877786279243452e-01 8.510109991193764989e-01 8.525220540907604283e-01 8.838768316984889628e-01 8.820256426384047721e-01 8.797999171937590512e-01 8.712126231447244740e-01 8.795731608602149754e-01 8.807667659682512085e-01 8.811607599917191669e-01 8.896539937544107879e-01 8.856462379043895661e-01 8.792764819838118084e-01 8.797447490175309692e-01 8.807794974062177484e-01 8.853708083925435623e-01 8.920396613640704242e-01 8.930147728045411126e-01 8.827439772516841865e-01 8.880543377919950521e-01 8.924225480369540886e-01 8.941728258037416888e-01 8.957576904787072358e-01 8.928658040412918995e-01 8.931493789014641749e-01 8.844867877543103329e-01 8.883966564576795122e-01 8.906236718421867149e-01 8.916926568068488379e-01 8.919440895697294813e-01 8.887522300748355031e-01 8.894312378429246602e-01 8.976128556128000202e-01 8.891041917919748627e-01 8.809200766107394553e-01 8.926696397257638527e-01 8.903360810475146048e-01 8.878819568498556025e-01 8.929483995622186088e-01 8.915752980840111475e-01 8.941073248522214412e-01 8.928246726156576774e-01 8.924109453786129853e-01 8.872095737614018596e-01 8.916147675395051930e-01
2.809209897630151123e-02 9.576677041409392688e-02 2.410757519901684798e-01 4.035207186272393165e-01 3.588579321503636010e-01 4.222801291479503227e-01 6.070917217489592010e-01 5.578054450024422239e-01 6.532994679283282702e-01 6.143101454912485160e-01 6.687995085199296419e-01 7.275916216960484073e-01 1.000000000000000000e+00 6.623264558237393906e-01 7.645038891789391888e-01 7.461118732672525899e-01 6.743403270126653304e-01 5.658155167505271033e-01 6.386727741795329427e-01 5.198721650731699118e-01 5.620612300930853955e-01 6.545903399584462878e-01 6.499559329201410884e-01 5.988827244988437215e-01 5.843307945675311199e-01 7.349302457572203240e-01 7.404748419373740065e-01 7.428695426246803013e-01 7.139777957022935828e-01 7.212219312147395422e-01 7.543933078037879936e-01 7.558803957652784344e-01 6.994013861525720799e-01 7.193975373592045308e-01 7.151726119026965423e-01 7.316412784385475376e-01 7.438124230574737483e-01 7.608263563234328730e-01 7.666848689748716472e-01 7.352861799584523572e-01 7.841290269091227838e-01 7.890808624357772416e-01 7.814385598516876419e-01 8.038533240772584021e-01 7.837239619004970903e-01 7.847755952828368020e-01 7.959689870628805508e-01 7.985377016068936351e-01 7.951081491711309290e-01 7.623044003359874532e-01 7.758102830819503248e-01 7.713612224792233407e-01 7.902994687952105135e-01 7.958960105461677648e-01 7.862147177202983839e-01 7.850496035278098361e-01 7.850428001837798098e-01 7.994234256552371631e-01 7.877753373997824493e-01 8.007065062886440376e-01 8.065270662149603975e-01 7.949053017576178659e-01 7.765647963384669783e-01 7.928024708461817172e-01 7.916178237513294969e-01 7.942618954762105110e-01 7.980818979439562311e-01 7.736913401877401064e-01 7.802148959329979760e-01 7.698762122704569943e-01 7.776112702084964079e-01 7.780563897894234859e-01 7.596722279796704891e-01 7.659669999020811693e-01 7.928665155268187492e-01 7.935024010804888617e-01 7.886676902599284444e-01 7.857916532527728926e-01 7.847932268366322184e-01 7.846207261627958784e-01 7.876368015974496428e-01 7.950437493230365638e-01 7.933097689868237046e-01 7.745730425040928679e-01 7.754539289312409878e-01 7.837854991691416418e-01 7.904886438287300754e-01 7.892801021672323225e-01 7.935630240546381886e-01 7.935202096598513721e-01 7.883890765225325392e-01 8.018675102637670138e-01 7.978769392611309019e-01 7.999415004291732245e-01 8.037137341861110285e-01 8.028655018026927825e-01 7.854243282226575085e-01 7.956519848050057631e-01 8.024840016439683810e-01 7.918884859484419669e-01 7.996583154048803044e-01 7.981051331012724015e-01 8.029167331826559950e-01 8.060782811232427569e-01 8.037854127324993714e-01 7.971479608290000796e-01 8.007396850191740301e-01 8.014463574742041185e-01 8.001874594018422160e-01 8.007097865188533836e-01 7.974889465721112236e-01 8.048480594328749627e-01 8.009920774920924469e-01 8.029162742672312225e-01 8.003173259242614135e-01 8.040943224079841745e-01
