1.000000000000000000e+00 1.355258701308212632e-01 6.021548557808108215e-02 4.650751353399582011e-02 3.653740442695865148e-02 7.170896578503305197e-02 8.058797069287151893e-02 4.143007091459364327e-02 7.475185639262556248e-02 1.504519381862105647e-02 4.658491586132787986e-03 3.333012223240884586e-02 -1.647265047959291587e-02 5.566670021824584799e-03 2.368505278511517584e-02 6.259848325605182895e-02 5.466577320850093957e-02 1.050078580452452753e-01 4.388025529317085560e-02 1.107057233965299675e-01 8.709112401563902373e-02 7.882551154217581901e-02 -8.833622878912579177e-03 2.847197077253980566e-02 2.605686667320134681e-02 2.062922312544596820e-02 2.240121037480898719e-02 -1.228274391105037971e-02 2.142587207294577301e-02 4.015361361938520751e-02 3.333263988310548182e-02 2.369460293702057088e-02 1.329836161289291337e-02 2.582743840433367188e-02 2.208342121329425964e-02 2.419347582871909583e-02 1.791617047960083683e-02 5.905084156384747714e-03 1.280591361867346178e-02 -2.330953399037270432e-02 -5.980164785716330159e-03 -2.694957766391295473e-03 5.563584428182999364e-02 4.807537770526518900e-02 2.366937260630359863e-02 -7.430438947948297913e-04 1.519793706716242483e-02 1.242165233958841819e-02 7.421932106541222901e-03 4.311939169876888994e-02 5.020855938695148457e-02 3.469769715147640737e-02 4.117178537153431267e-02 2.066718331904795689e-02 2.320842058899308738e-02 1.850126639116364893e-02 5.112551762006687511e-02 1.979745918576640909e-02 3.297827593101371191e-02 4.179298579525179969e-02 2.987657586514888206e-02 4.531648051332425042e-02 4.268548558332189297e-02 4.563896193793294531e-02 3.428483937663349967e-02 4.361899679185017586e-02 1.540090325692201195e-02 1.985902895000943302e-02 3.378618812071140787e-02 3.758352648378236738e-02 1.535984589197028627e-02 2.361257936854120609e-02 2.637646475475040678e-02 1.376619529652684144e-02 1.396297561489817998e-02 7.864894239997016062e-03 -1.158010415411600200e-03 1.432804976034544875e-02 5.062565126495163076e-03 2.293145823870229930e-02 9.434051383244101974e-03 2.479908977687181500e-03 3.025588380481803591e-02 1.264484391565198415e-02 1.937322116593644811e-02 7.537907937302071835e-03 2.139490557988204871e-04 1.321696180974506370e-02 8.706202153314289774e-03 2.561298910199366272e-02 -7.176036787624175302e-03 6.926054697646740789e-03 9.091245779091790399e-04 8.123361193579254139e-03 2.604975814695972836e-03 1.398151943024058402e-02 2.578401077141627418e-02 4.438202431320418390e-02 1.577406586357664800e-02 2.085845864408526762e-02 2.018068954415652358e-02 2.517885893868518354e-02 1.591880014663260914e-02 1.853073359261184910e-02 1.466350698134095791e-02 4.269234160206276246e-02 2.497643128329999490e-02 1.225334265767520289e-02 2.218289985235375600e-02 1.322823056269713075e-02 1.680499213405848083e-02 2.146710444873114673e-02 2.392529433683335607e-02 2.716365501110485151e-02 2.578799969978555831e-02 2.121116932333326488e-02
1.355258701308212632e-01 1.000000000000000000e+00 3.971800552446765054e-02 1.207234719445288429e-01 1.090125164812370401e-01 1.322673325712853398e-01 1.657976811109606041e-01 1.533943770475494073e-01 1.914049290995340213e-01 1.787337998083391721e-01 1.571295779550090921e-01 1.786339382601118686e-01 1.529549388154647915e-01 1.424260130810021951e-01 1.773579119488706002e-01 1.886539943926472951e-01 1.802214081507457211e-01 1.387902581826553905e-01 1.360273239669478607e-01 1.431803343134558648e-01 1.318126283880970417e-01 1.512166517915846109e-01 1.158766095782624989e-01 1.063626354671205337e-01 1.257253673832488539e-01 1.646229634697994326e-01 1.690902203518703517e-01 1.616744526969396967e-01 1.588638273575045112e-01 1.892540155555963444e-01 1.812272752633971307e-01 1.605919944145974276e-01 1.737578959369555920e-01 1.446188290936978871e-01 1.574020670296121249e-01 1.288467194468063126e-01 1.535648081717175539e-01 1.719187159112197938e-01 1.591881988876896470e-01 1.343849552237414147e-01 1.683150549206450797e-01 1.574741660306734903e-01 1.512181640209422917e-01 1.813158090901757225e-01 1.646519507761775303e-01 1.640331640143787295e-01 1.721504726989676881e-01 1.773917683735062589e-01 1.744433236545168964e-01 1.838906074110090716e-01 1.863868880337265499e-01 1.527598931931350990e-01 1.706961243250170734e-01 1.843882076903045619e-01 1.753005713571158808e-01 1.699645330998685033e-01 1.981755941148199973e-01 1.708127429137128173e-01 1.878083876930419782e-01 1.934024504386608057e-01 1.863436208464779864e-01 1.906931732694417403e-01 1.866580011475273970e-01 1.912183002038684021e-01 1.865539726991063130e-01 1.903164379920771199e-01 1.725854944649154177e-01 1.611779795691682948e-01 1.736087144414775185e-01 1.664292813743413202e-01 1.550095022565229352e-01 1.695573824221031645e-01 1.598799185255267707e-01 1.589043223835145402e-01 1.708954400816022345e-01 1.658189228141185578e-01 1.624428572469667487e-01 1.759388259934967502e-01 1.736157829456032309e-01 1.836909334369742353e-01 1.697467699859100121e-01 1.745606682616707150e-01 1.738419880745836754e-01 1.688739877601085349e-01 1.594064859522443256e-01 1.592210526887540001e-01 1.579300569671960031e-01 1.687421810615090390e-01 1.660493258116751691e-01 1.702422400545612335e-01 1.534349493638718642e-01 1.662947271195910071e-01 1.664283718317253191e-01 1.664479349432773647e-01 1.724039309851687629e-01 1.751189749544850016e-01 1.662911579769169035e-01 1.784852426004353565e-01 1.737220153310565229e-01 1.695204628246975154e-01 1.656509450513643233e-01 1.769064756552784501e-01 1.778397210077480306e-01 1.698916480512689953e-01 1.610476092365927536e-01 1.813075021689004307e-01 1.829455650203483663e-01 1.730325699740950518e-01 1.730241115465711021e-01 1.748086488626717783e-01 1.731837412314536917e-01 1.792711622377709257e-01 1.817133285647416496e-01 1.755607636310096420e-01 1.754679096591313658e-01 1.817386488940136713e-01
6.021548557808108215e-02 3.971800552446765054e-02 1.000000000000000000e+00 3.034621762658256672e-01 1.969382911812851689e-01 2.191514167567261417e-01 3.332159158328346638e-01 3.104234018925631222e-01 3.431583260868865115e-01 2.842433084280460154e-01 3.420136058867174200e-01 3.599562527654324162e-01 3.212827778427271852e-01 2.948014513914459789e-01 3.640416778406037612e-01 3.652318917086884165e-01 3.422089003618907777e-01 3.573199056535237284e-01 3.499575702817945833e-01 3.106172900929611846e-01 3.147313040160675257e-01 3.519512243633881043e-01 3.363958999568684716e-01 3.239866050724098945e-01 3.503559524785538892e-01 3.686534424228164464e-01 3.557802984233471855e-01 3.578776340434461911e-01 3.526469064298246581e-01 3.673363275653047655e-01 3.701134829317893615e-01 3.639068011790866364e-01 3.454012260887147079e-01 3.612644769716725768e-01 3.659413866956483519e-01 3.489073047517299297e-01 3.615960403815856039e-01 3.464610990759444675e-01 3.692878658354122878e-01 3.615313091228944953e-01 3.609176713492513455e-01 3.580105788339756900e-01 3.667912086577715947e-01 3.687697292150893258e-01 3.679032859785228982e-01 3.656937740677146942e-01 3.631802704825515260e-01 3.598773667537203402e-01 3.590282725551097731e-01 3.455214280938789795e-01 3.673819296005391699e-01 3.713313437104025505e-01 3.696382791465815942e-01 3.583066672874529734e-01 3.585951531835478989e-01 3.579661970352833733e-01 3.530501261812393765e-01 3.624489647360523703e-01 3.558748091429977944e-01 3.639188697379565074e-01 3.681468467674172684e-01 3.521790588485725348e-01 3.549043401634916495e-01 3.618912138091695541e-01 3.602279209051455489e-01 3.608690748486033661e-01 3.635944791929549558e-01 3.716356169374088747e-01 3.726467701189531412e-01 3.756212434699401914e-01 3.671098892898824184e-01 3.696514614216641070e-01 3.670616087975173136e-01 3.711880681708467078e-01 3.696280978011935447e-01 3.636372219842907705e-01 3.707963397790861593e-01 3.679467031827407530e-01 3.649395251688319908e-01 3.696608870578730333e-01 3.682434759569589988e-01 3.666016098506552634e-01 3.668473973857376835e-01 3.673735594596317933e-01 3.665772991536955794e-01 3.690126325778995686e-01 3.689702947900198038e-01 3.659764316464533818e-01 3.638260168033620179e-01 3.648704387802141902e-01 3.696223729134521796e-01 3.669784964922704895e-01 3.641521824978978805e-01 3.670186542665425100e-01 3.606102602582402228e-01 3.615805109941480633e-01 3.653620736202995434e-01 3.608061583845156295e-01 3.660693421298154004e-01 3.692263603178147502e-01 3.685849662097430146e-01 3.662486042534972563e-01 3.626153037760062592e-01 3.656724529410053104e-01 3.686286908332854773e-01 3.616553105912168053e-01 3.616525775272771415e-01 3.633502249108250814e-01 3.635744319283003012e-01 3.620376676367985103e-01 3.627975348403023048e-01 3.620636917991751358e-01 3.627333785047583969e-01 3.652460934456157604e-01 3.623167641278137174e-01 3.630367554977730893e-01
4.650751353399582011e-02 1.207234719445288429e-01 3.034621762658256672e-01 1.000000000000000000e+00 3.500964770772749257e-01 3.916860644949514136e-01 5.561902296665366396e-01 5.606369143252020182e-01 5.688565389163979802e-01 5.432181515958418583e-01 6.065740156667355221e-01 6.455301404530358056e-01 5.837104071244557657e-01 5.265109497838554864e-01 6.458834982543405490e-01 6.376909749947340389e-01 5.819173785229471152e-01 5.400396593651858312e-01 5.887046148149543967e-01 4.827968175546654139e-01 5.052007456218009507e-01 5.898101846864256537e-01 6.039256493317839425e-01 5.154242965811624000e-01 5.857205530224495194e-01 6.478167406806862871e-01 6.345230581694275562e-01 6.449607758497590826e-01 6.104027241803043902e-01 6.466042023491131996e-01 6.505597411395453999e-01 6.366352281631955101e-01 6.252228830838829632e-01 6.141665856518316868e-01 6.398417904023266933e-01 6.048150124196434163e-01 6.435844934796366434e-01 6.430981652317450115e-01 6.587149404126086960e-01 6.357734933693300894e-01 6.533873559016384336e-01 6.566045068559137610e-01 6.512064192631455972e-01 6.538265136419151302e-01 6.523142281970062406e-01 6.512754545103009995e-01 6.575799329877082267e-01 6.546995317610764253e-01 6.512617433626626262e-01 6.410255904817727668e-01 6.472947812782741117e-01 6.489503998587949907e-01 6.544343161383801011e-01 6.451444389414648928e-01 6.443268182706678449e-01 6.484654519843612297e-01 6.338998632133303612e-01 6.556190096566585357e-01 6.333618970043632945e-01 6.514374409859576831e-01 6.594583754820784183e-01 6.336820173907501408e-01 6.347547293807961344e-01 6.528682448832605623e-01 6.457771103904368371e-01 6.432187928303009228e-01 6.581439147276604285e-01 6.508930388261174871e-01 6.550526309853507145e-01 6.497171619286734590e-01 6.503710571048906264e-01 6.602425191574522456e-01 6.308443636193289406e-01 6.497667072220940643e-01 6.599463481589443736e-01 6.587560152782889755e-01 6.575590923677908650e-01 6.548558829119077718e-01 6.551239558305869126e-01 6.617120690424290741e-01 6.605958447894669794e-01 6.573675581945001012e-01 6.619258231218069222e-01 6.542618471933231428e-01 6.630488753540008107e-01 6.575455566711879696e-01 6.603420460674681580e-01 6.640687137301498622e-01 6.617590495052861899e-01 6.618603609291519030e-01 6.580896145595226399e-01 6.643776715975486802e-01 6.625232214648724138e-01 6.643916106746996508e-01 6.615243345951711262e-01 6.597675688070339106e-01 6.679870775026992558e-01 6.649880150281883839e-01 6.685516586075376244e-01 6.692825571311135091e-01 6.665040529606227615e-01 6.668600403889292094e-01 6.646935352694184340e-01 6.652412079765325226e-01 6.701107400053435414e-01 6.599334412134195693e-01 6.634485401008225480e-01 6.583934655487679866e-01 6.586943869848641553e-01 6.597744647997960676e-01 6.568609939019806054e-01 6.620002499433527143e-01 6.598926125030533107e-01 6.646420160567232394e-01 6.600305605525822461e-01 6.625224683239731016e-01
3.653740442695865148e-02 1.090125164812370401e-01 1.969382911812851689e-01 3.500964770772749257e-01 1.000000000000000000e+00 3.020878048314631359e-01 4.355901257864578380e-01 4.505222608860043887e-01 4.379625955892649247e-01 4.005853228903753505e-01 4.447644654186351243e-01 4.705510374854411926e-01 4.275522603806983235e-01 3.930122384171295669e-01 4.867398667360769982e-01 4.709758445379613190e-01 4.300274433892421477e-01 4.021543906758004439e-01 4.440221629900321099e-01 3.717215002898612841e-01 3.864821614486660950e-01 4.381830886131534708e-01 4.547696044481289723e-01 4.072709218327270619e-01 4.555841584744637074e-01 4.633888398327605240e-01 4.747971118303518367e-01 4.753910027709705721e-01 4.565993094415354836e-01 4.691376855023361991e-01 4.868783203963212292e-01 4.568592685306414602e-01 4.434270979296904280e-01 4.280164008648221219e-01 4.513062215228424434e-01 4.193037733827238434e-01 4.711365549873209879e-01 4.627773772594525048e-01 4.816216806099839487e-01 4.617337062925561120e-01 4.889971447533938420e-01 4.931659570198743681e-01 4.754741064124947125e-01 4.832958615365928745e-01 4.861627451339493589e-01 4.837214907932286256e-01 4.799258824687599456e-01 4.796422227454433806e-01 4.818966650362430659e-01 4.399246955297571038e-01 4.649639551202844889e-01 4.579739775048720651e-01 4.748429184248524892e-01 4.788750069576647173e-01 4.710849476061857444e-01 4.738258369006000392e-01 4.563804952773962698e-01 4.872252216185196660e-01 4.654904504898170758e-01 4.806790564834644841e-01 4.854765262157003658e-01 4.678733290377963816e-01 4.678368002205686715e-01 4.730496930842687520e-01 4.718231257695972292e-01 4.695890687769192495e-01 4.819970670472148444e-01 4.830869791727270268e-01 4.867189061994113275e-01 4.891606889006939185e-01 4.831125173045878185e-01 4.880592612633091743e-01 4.785665145449358171e-01 4.878230040619948027e-01 4.887075710152364860e-01 4.910351965181967704e-01 4.937158214818311852e-01 4.880413035912840591e-01 4.911112666618032696e-01 4.861405552298302402e-01 4.872872452185483261e-01 4.893238401531191939e-01 4.747824324036822308e-01 4.825902358409943083e-01 4.819177358192755500e-01 4.811225612206004865e-01 4.818902651412690918e-01 4.881499231145729478e-01 4.867624697443717063e-01 4.829323415935483643e-01 4.865813568750046447e-01 4.933914938384465487e-01 4.882479515521098157e-01 4.905403513105092705e-01 4.880835168536324931e-01 4.859848130153750501e-01 4.873004509154057473e-01 4.732414724622014401e-01 4.876168652058645026e-01 4.885792038872790455e-01 4.913035310675077927e-01 4.838985474761055006e-01 4.849314009694291050e-01 4.895349424107566794e-01 4.832879818538338701e-01 4.744358010951500448e-01 4.850609841866175831e-01 4.870689116893424098e-01 4.877811671276451322e-01 4.862933188769880677e-01 4.885630044623910928e-01 4.869877677090204138e-01 4.835123175537012208e-01 4.849767602494163277e-01 4.821667780380065049e-01 4.818512275320268046e-01
7.170896578503305197e-02 1.322673325712853398e-01 2.191514167567261417e-01 3.916860644949514136e-01 3.020878048314631359e-01 1.000000000000000000e+00 5.539175210788300774e-01 4.642048744634930668e-01 5.122162866072809129e-01 4.943281925053846781e-01 5.232354800453904442e-01 5.837550773468539456e-01 4.990867023423163906e-01 4.853327559978894423e-01 5.737688080344236496e-01 5.713546411526321256e-01 5.354114479127027870e-01 5.071377277363260383e-01 5.476201442259642782e-01 4.533511408033160106e-01 4.857889218880682702e-01 5.454670128847630695e-01 5.444890796095745999e-01 5.030443494201466414e-01 5.444299532947808329e-01 5.835539832942693295e-01 5.640311048291984930e-01 5.863147999903930430e-01 5.619343611239927538e-01 5.900408530370556681e-01 5.935957958853779193e-01 5.789574121371494630e-01 5.600094017659602574e-01 5.556067648272869919e-01 5.610088446072631907e-01 5.342969338120137079e-01 5.826201409178450863e-01 5.682808829783340121e-01 5.787810793182810443e-01 5.667448156273695581e-01 5.802154611671409556e-01 5.872887525067869152e-01 5.803045190773253870e-01 5.939920397606416325e-01 5.894137519048244789e-01 5.798870138310266986e-01 5.861879531834495172e-01 5.870031494031265895e-01 5.861066532077854330e-01 5.535701858178011525e-01 5.806503022922717694e-01 5.550741964647128990e-01 5.915693633430670895e-01 5.871866278350958979e-01 5.871815546688823328e-01 5.929150623208923054e-01 5.754506443999852783e-01 5.883265784686256827e-01 5.813040520841107339e-01 5.907173243789864969e-01 5.913379116022697835e-01 5.864104177806579443e-01 5.891764040652036627e-01 5.899342437414648588e-01 5.796621812371786087e-01 5.865106086094983295e-01 5.842668479966122153e-01 5.923573175786418510e-01 6.021571541743846456e-01 5.964294572784901716e-01 5.832683279976801360e-01 5.909846445928931269e-01 5.932180786287480911e-01 5.913182956040584637e-01 5.940579516842410257e-01 5.906710156760996977e-01 5.972710154545172179e-01 5.924015021576772844e-01 5.902119427935746954e-01 5.959556407608386230e-01 5.934336068794934249e-01 5.892551401743171269e-01 5.810254952673761242e-01 5.943717568141361207e-01 5.885337008742880238e-01 5.862049157635952357e-01 5.853127553932570004e-01 5.904396599521128941e-01 5.898694407576351439e-01 5.927356132639234332e-01 5.898740317244215436e-01 5.930061128323138586e-01 5.870255749579562643e-01 5.920624123150571849e-01 5.879358003292750601e-01 5.891752352500242429e-01 5.876442760172566615e-01 5.696712748175019048e-01 5.859699034783799609e-01 5.891079065108772994e-01 5.930414499455243238e-01 5.864403762509133866e-01 5.861144287660364771e-01 5.896546351362518257e-01 5.816876827427286401e-01 5.807059925568768266e-01 5.834545072600260118e-01 5.892207908030672181e-01 5.949385402967872771e-01 5.890882473512401019e-01 5.915467681667391231e-01 5.892614034896803688e-01 5.875019815810288426e-01 5.860317158105868840e-01 5.830909291700263619e-01 5.863259169818363370e-01
8.058797069287151893e-02 1.657976811109606041e-01 3.332159158328346638e-01 5.561902296665366396e-01 4.355901257864578380e-01 5.539175210788300774e-01 1.000000000000000000e+00 7.066786847728478982e-01 7.263245055095001179e-01 6.860407076747426780e-01 7.351568623109343559e-01 7.934262851867592836e-01 6.929697278267581417e-01 6.602275353197372132e-01 8.185000026589989153e-01 8.066078952875093133e-01 7.319015882923440852e-01 7.067350685734651305e-01 7.405219814496872832e-01 6.097056893302343905e-01 6.811069313845122819e-01 7.517234078806047659e-01 7.232667650742606869e-01 6.689563468767171228e-01 7.314026671434914473e-01 8.005044511748725666e-01 7.812122465017828921e-01 7.890124779146698852e-01 7.610548776597848564e-01 7.866126438495700812e-01 8.151912921289599101e-01 8.022345113313470444e-01 7.680827265945514570e-01 7.793653814773066069e-01 7.812296549691051251e-01 7.608957235307959310e-01 8.023083081143940198e-01 7.951481759626595203e-01 8.082536685884877947e-01 7.929029759364578656e-01 8.021979863309285363e-01 8.093806064879048856e-01 8.147437039006990567e-01 8.228550379842302087e-01 8.215081157281015622e-01 8.075343809323285438e-01 8.129580453594325018e-01 8.119713633973992817e-01 8.141303897322816896e-01 7.846618467637408445e-01 8.141775921979160779e-01 7.881850760736051065e-01 8.157395447064582639e-01 8.092153669379767988e-01 8.078083138269799290e-01 8.093060315021129991e-01 7.974383557971679304e-01 8.157136122255028710e-01 8.036447004091691326e-01 8.169709070111885740e-01 8.234482132854576975e-01 8.104382812007442372e-01 8.084155865109494687e-01 8.182291602152197418e-01 8.038286943048729150e-01 8.108371912669339876e-01 8.140566840095397882e-01 8.177071197499592436e-01 8.288135055562143583e-01 8.174273851902263965e-01 8.101552203399770002e-01 8.170487903521927997e-01 8.086824916504596894e-01 8.084944702640215475e-01 8.234212628909622911e-01 8.184726720191750626e-01 8.224813645595698830e-01 8.167447972859540606e-01 8.158350432414911424e-01 8.170182202261552229e-01 8.168163606855134429e-01 8.125278834312116283e-01 8.158169387151865681e-01 8.236851851260877933e-01 8.241574412629285584e-01 8.180891763459235966e-01 8.156837364066964469e-01 8.246759184173496626e-01 8.199018510971365359e-01 8.212213395498918489e-01 8.225256735480918069e-01 8.231650742790949105e-01 8.180520329823396386e-01 8.209695740728563118e-01 8.138446670563661556e-01 8.166138179924034013e-01 8.238641204590142486e-01 8.100756843818390784e-01 8.208423804846259886e-01 8.279599451721243453e-01 8.261613729069404721e-01 8.201736015183271888e-01 8.160138933218876733e-01 8.201731832902939834e-01 8.160826878944411611e-01 8.110439581218462646e-01 8.176393812629800806e-01 8.156151103527430335e-01 8.222183717778790424e-01 8.197176752485106910e-01 8.178598103258729601e-01 8.170575512318785094e-01 8.161245127163887503e-01 8.218839200096250686e-01 8.119750072595307566e-01 8.159369376529410633e-01
4.143007091459364327e-02 1.533943770475494073e-01 3.104234018925631222e-01 5.606369143252020182e-01 4.505222608860043887e-01 4.642048744634930668e-01 7.066786847728478982e-01 1.000000000000000000e+00 7.174867899771185664e-01 6.780615772171731948e-01 7.283004206438249417e-01 7.805146282798258728e-01 6.862639159982302228e-01 6.452146163754278740e-01 7.912877533065132418e-01 8.039160151088410311e-01 7.225765947956206414e-01 6.829267812442113561e-01 7.345496886348079624e-01 5.561270248614388345e-01 6.638659395152062270e-01 7.514669807392728718e-01 7.064503157559370861e-01 6.419786688088328086e-01 7.225418967727443853e-01 7.769589238976187806e-01 7.577150880459819771e-01 7.579701605626647520e-01 7.296583934019750250e-01 7.608692143408778419e-01 7.853918600874172373e-01 7.829770949185559381e-01 7.559661607353402868e-01 7.409931110377321328e-01 7.508371790850318916e-01 7.431788499161410266e-01 7.653544505768603567e-01 7.933301465362303517e-01 7.933611600590056989e-01 7.715520812478269264e-01 7.929258353729529141e-01 8.001381584005365921e-01 7.891707047693379273e-01 8.109502907489469781e-01 7.940435192286539046e-01 7.926131544975960619e-01 8.065453730461175086e-01 8.030782122936703793e-01 8.039008213958555027e-01 7.768678021507550158e-01 8.042889489567911498e-01 7.699334965241511064e-01 7.951167463189184881e-01 8.039515975028740380e-01 7.997644391019010923e-01 7.978713362023889255e-01 7.972000917524103558e-01 8.100624752201531775e-01 8.019502176888139156e-01 8.082075052499645418e-01 8.106818196873409876e-01 8.040488054533002638e-01 8.019009275124167058e-01 8.102497999324608235e-01 8.010780034080964285e-01 8.006343778660514054e-01 8.086532446374331551e-01 8.020792132021167253e-01 8.001728599658828323e-01 7.970107377925109704e-01 8.029375734772001838e-01 8.084103271078518782e-01 7.838182672795439565e-01 7.915968761208744819e-01 8.035111159981068729e-01 7.975014369705829553e-01 7.936149665900800176e-01 7.921236174382579875e-01 8.000469600272964721e-01 7.976487856927562126e-01 7.968548884605443083e-01 7.987988310074460863e-01 8.067975813312285860e-01 7.953760897119007689e-01 8.003307247399156221e-01 7.984160384886853645e-01 7.980521612274391607e-01 8.098959374139296230e-01 8.053044498490866676e-01 8.058236886615441907e-01 7.942567344407954755e-01 8.071563163466507485e-01 8.051022341337983335e-01 8.059711579295231187e-01 8.059016104244793866e-01 8.076790981377419687e-01 8.057629335201169640e-01 8.056375921227701964e-01 8.119082066992723279e-01 8.099570785152473418e-01 8.110674220114609811e-01 8.129390526661653960e-01 8.058776789657661199e-01 8.134984415334847174e-01 8.053955638026220054e-01 8.058209003484693156e-01 8.112581191675191095e-01 8.066051342722255768e-01 8.085190160494986067e-01 8.100141059409866617e-01 8.083350334100298795e-01 8.108107386885720080e-01 8.105094488114807927e-01 8.149560128595088049e-01 8.090354138696574937e-01 8.071988692397289444e-01
7.475185639262556248e-02 1.914049290995340213e-01 3.431583260868865115e-01 5.688565389163979802e-01 4.379625955892649247e-01 5.122162866072809129e-01 7.263245055095001179e-01 7.174867899771185664e-01 1.000000000000000000e+00 7.426419032490032546e-01 7.932517781052080830e-01 8.417731089121955890e-01 7.483234438380100828e-01 6.967192135919449969e-01 8.449543115312126984e-01 8.445038685104798715e-01 8.111782115637961033e-01 7.218293378345531641e-01 7.756402945628594336e-01 6.058310461216036558e-01 6.890138205689760875e-01 7.920610829899277228e-01 7.424688033649557983e-01 6.776037848416266440e-01 7.741373304692138468e-01 8.377402284245818453e-01 8.246068927332740328e-01 8.250300824892556895e-01 8.021090605154932440e-01 8.430932713077495810e-01 8.645299217243250789e-01 8.402314193135874687e-01 8.288587611781977893e-01 7.894909203978267564e-01 8.219713646274499075e-01 7.826999025183108971e-01 8.394035824687063885e-01 8.538579591722219586e-01 8.534005511496822738e-01 8.361256903160060316e-01 8.578261587822720857e-01 8.558715762240862723e-01 8.264119531407144725e-01 8.723938888747042597e-01 8.580092892443406116e-01 8.618786073969683104e-01 8.702588383457073862e-01 8.780701141523814535e-01 8.691768166345269497e-01 8.364474877031002897e-01 8.639419235943222031e-01 8.234832689482762813e-01 8.652501854668546155e-01 8.796567989457652059e-01 8.721978786846010800e-01 8.643742993215578485e-01 8.779085757163784809e-01 8.713513240043542218e-01 8.764438213650760368e-01 8.840913466200895909e-01 8.740392435696882067e-01 8.791814376808938514e-01 8.767304479295160435e-01 8.768938263170756864e-01 8.695066860272798737e-01 8.767860385592273209e-01 8.741891069265729231e-01 8.631368406899948553e-01 8.625841665591044150e-01 8.612073584623447520e-01 8.596317854006469972e-01 8.752191939802114184e-01 8.446431556372264726e-01 8.591776240550677013e-01 8.714749721866443810e-01 8.709798455095746350e-01 8.622036436546403060e-01 8.656973308636771725e-01 8.670417050503219647e-01 8.729437702626966500e-01 8.663778545939095910e-01 8.739519787620945168e-01 8.644956043323623884e-01 8.616402630933104323e-01 8.521108132321857376e-01 8.573150562934942487e-01 8.664415348498183400e-01 8.664138584458238590e-01 8.694709048988256139e-01 8.662771571204738175e-01 8.547246902947821523e-01 8.713270391099755541e-01 8.695826763504556078e-01 8.722155505402828801e-01 8.738336855168208350e-01 8.758762994095257159e-01 8.573238851588632636e-01 8.578624941804910975e-01 8.674783008079609559e-01 8.616905088232488241e-01 8.658722738375168593e-01 8.700260776931729723e-01 8.701396833311096923e-01 8.726359079497459925e-01 8.646319810253291216e-01 8.693162771189199001e-01 8.743873483797935942e-01 8.734797322426667288e-01 8.721201252463498532e-01 8.747513523836349947e-01 8.738344369227608599e-01 8.795246585432135999e-01 8.767462134757684211e-01 8.719819248224839336e-01 8.741484826840680844e-01 8.759012514436910202e-01
1.504519381862105647e-02 1.787337998083391721e-01 2.842433084280460154e-01 5.432181515958418583e-01 4.005853228903753505e-01 4.943281925053846781e-01 6.860407076747426780e-01 6.780615772171731948e-01 7.426419032490032546e-01 1.000000000000000000e+00 7.499230485955871162e-01 7.989890911029036147e-01 7.196216077381375475e-01 6.469247175364392088e-01 8.004899754015001312e-01 7.928325930988203707e-01 7.421119739859920461e-01 6.572626491937533233e-01 7.312844302670250540e-01 5.265489364578134213e-01 6.285061389452698544e-01 7.257350770654528160e-01 7.139430396073311869e-01 6.376949313372318739e-01 7.243151935275635722e-01 7.978384893498337016e-01 7.761639341148796056e-01 7.885689484472505617e-01 7.537108757002465298e-01 7.896506782452644702e-01 8.149200989188025712e-01 7.989665074331268046e-01 7.862072334395597828e-01 7.508549322877148269e-01 7.734854979039573752e-01 7.351211183610503186e-01 7.827392835521752579e-01 8.079785118846615211e-01 8.075133624205350635e-01 7.954634826258975000e-01 8.215101111616900376e-01 8.170579933855233179e-01 7.701875704586648164e-01 8.194958377592338472e-01 8.059460125141582054e-01 8.178363334186720124e-01 8.289270204437602096e-01 8.316545905600741806e-01 8.304013658417745969e-01 7.873461468443564426e-01 8.120426768987689670e-01 7.684880511438169082e-01 8.128071108886669727e-01 8.319478979112974182e-01 8.259414389847634652e-01 8.231093012703679657e-01 8.189292600314629356e-01 8.262352584550036738e-01 8.252930178413043771e-01 8.301033078605479787e-01 8.256271339237173379e-01 8.205411472573229670e-01 8.208494180797204498e-01 8.200693297048271546e-01 8.208489287212317187e-01 8.238216584543354148e-01 8.288999151005957966e-01 8.173681198249892477e-01 8.158361409762284744e-01 8.041999617887891638e-01 8.137097939864258445e-01 8.262549578318296728e-01 8.004657290420490456e-01 8.112710539954552935e-01 8.291184029455324067e-01 8.251050680506117896e-01 8.217481208524590741e-01 8.193749908093227452e-01 8.235613518939919331e-01 8.253675975971583867e-01 8.232710975397421471e-01 8.292381445756499270e-01 8.187880885315879098e-01 8.157944562352594797e-01 8.110589701866668388e-01 8.139374230108882280e-01 8.204808128239521325e-01 8.258142593057550274e-01 8.244656681477103843e-01 8.231300966661014851e-01 8.187739412204032563e-01 8.294472811084602215e-01 8.268190878995166360e-01 8.277149914801056330e-01 8.315421042911649296e-01 8.325858017538591005e-01 8.124203661657031228e-01 8.076083103696218846e-01 8.235487048612459837e-01 8.177646759161285583e-01 8.205752449562180306e-01 8.236117510692115840e-01 8.238353466672890812e-01 8.283608052441312486e-01 8.186724918064353096e-01 8.175461838156706795e-01 8.286170004960279334e-01 8.326001238748654831e-01 8.287065027851419075e-01 8.321557836903262784e-01 8.313575756341340384e-01 8.321910802193291934e-01 8.277827341573875675e-01 8.232927763383507402e-01 8.260478688813713832e-01 8.271473328557384930e-01
4.658491586132787986e-03 1.571295779550090921e-01 3.420136058867174200e-01 6.065740156667355221e-01 4.447644654186351243e-01 5.232354800453904442e-01 7.351568623109343559e-01 7.283004206438249417e-01 7.932517781052080830e-01 7.499230485955871162e-01 1.000000000000000000e+00 8.704434333256488854e-01 7.763594300450680219e-01 7.143920387809943318e-01 8.650724172298869252e-01 8.549577394705595301e-01 7.996262396450847243e-01 7.062294997261343577e-01 7.975909377203562745e-01 5.976290124652212654e-01 6.750446287513367505e-01 7.920499105776024340e-01 7.703901685186109738e-01 6.888162182969528313e-01 7.827424860417413477e-01 8.589932990963209392e-01 8.414261967182991020e-01 8.514287827200249792e-01 8.099971865953808914e-01 8.541339774947716013e-01 8.736542646726780381e-01 8.662181346008499538e-01 8.477461786787626741e-01 8.208502063206335464e-01 8.499567708038878733e-01 8.104044451477139255e-01 8.549841832732392177e-01 8.708622669252977788e-01 8.814808748132577643e-01 8.661376186505761465e-01 8.846587023807112038e-01 8.824586849465937410e-01 8.484703518014820034e-01 8.826536988623867597e-01 8.756588935659936901e-01 8.842264479206644046e-01 8.911765906586354147e-01 8.951436015893086129e-01 8.935997028093776162e-01 8.493589420689774405e-01 8.736852718531764594e-01 8.421261602598424378e-01 8.831429696866798240e-01 8.899622589871372114e-01 8.851647718732320591e-01 8.823340253574893932e-01 8.742127770541348042e-01 8.890508472809733886e-01 8.832097274106657236e-01 8.888023023053067684e-01 8.878726468169617636e-01 8.797753012339160072e-01 8.790589058261791822e-01 8.866013340362159934e-01 8.828067164947183132e-01 8.835779057581383267e-01 8.960704840799924575e-01 8.837573956776195727e-01 8.843625650199442578e-01 8.741678076631442806e-01 8.777404909816112211e-01 8.925026829813750284e-01 8.626963629581784199e-01 8.762997293731401571e-01 8.937334929909959147e-01 8.916232445282037400e-01 8.882203395368761800e-01 8.825788558732602374e-01 8.905848760350039139e-01 8.928337829706572970e-01 8.920908645050680263e-01 8.954218232707203962e-01 8.830698227008958456e-01 8.874454842362672347e-01 8.823190858937709491e-01 8.855552991641542082e-01 8.919014920450196726e-01 8.920445465612074631e-01 8.939326155555221698e-01 8.875416872846866312e-01 8.861367851957175912e-01 8.948216279804100948e-01 8.951711026324419285e-01 8.947587276304803661e-01 8.975822782918485565e-01 8.972808333990871521e-01 8.826211041889423514e-01 8.740603748572414178e-01 8.915792388189860418e-01 8.873495081584317212e-01 8.920355330814322414e-01 8.903719556634582810e-01 8.914460396319610069e-01 8.952399225032876551e-01 8.892484476377832125e-01 8.829301302744965163e-01 8.940771404263505584e-01 8.960067128058291086e-01 8.929884668198124764e-01 8.945369905866762394e-01 8.949349235777457334e-01 8.969599787030341220e-01 8.944625041778664354e-01 8.923116823786478857e-01 8.922689453822890693e-01 8.932037964665647811e-01
3.333012223240884586e-02 1.786339382601118686e-01 3.599562527654324162e-01 6.455301404530358056e-01 4.705510374854411926e-01 5.837550773468539456e-01 7.934262851867592836e-01 7.805146282798258728e-01 8.417731089121955890e-01 7.989890911029036147e-01 8.704434333256488854e-01 1.000000000000000000e+00 8.161175212802873613e-01 7.524073054544780925e-01 9.208564867890745020e-01 9.126649934449422297e-01 8.565905163475607820e-01 7.741446453269235084e-01 8.490817996274279134e-01 6.497215207933044745e-01 7.448676289272357920e-01 8.488074899695146058e-01 8.255893137019152395e-01 7.440292143934473801e-01 8.374794839130514923e-01 9.178365256109966008e-01 8.973233048716624527e-01 9.039166538168741383e-01 8.672022189254384728e-01 9.154604438514105658e-01 9.317267473987014270e-01 9.202736260643271660e-01 8.966615275599715273e-01 8.792656408433578985e-01 9.027771657353312884e-01 8.650521984578050105e-01 9.157135477911357846e-01 9.264084241284733512e-01 9.339854319561309293e-01 9.186036463618756365e-01 9.352517030635888462e-01 9.371638938047706091e-01 9.101230941920840367e-01 9.432459633004881550e-01 9.354443114394240810e-01 9.399490253253349747e-01 9.446956231095060552e-01 9.463289312202471937e-01 9.452165907083305285e-01 9.072081083546390534e-01 9.340966818312251840e-01 9.020961195726833193e-01 9.379950783751976884e-01 9.439084655917935329e-01 9.411715220494161205e-01 9.405412026298618500e-01 9.305262465476872302e-01 9.420978403413023949e-01 9.389481323005645086e-01 9.452005776561859252e-01 9.471552554419596648e-01 9.392298173545342577e-01 9.394425894957812995e-01 9.448770233987436873e-01 9.363357519103612248e-01 9.411695670128747970e-01 9.472652072436666959e-01 9.402192683680981045e-01 9.450284916218368858e-01 9.307914094680100892e-01 9.329049443252787066e-01 9.469859085110893249e-01 9.224776107027394811e-01 9.335584077992276075e-01 9.488790771469287622e-01 9.439871273576831978e-01 9.418927828101135713e-01 9.374810353978977329e-01 9.438785777896846474e-01 9.490705071387526282e-01 9.460721550595637686e-01 9.469490123626143063e-01 9.395784869056238442e-01 9.427425168142358203e-01 9.395566891497134643e-01 9.410263886758508667e-01 9.442741558231768639e-01 9.464162282731730658e-01 9.482322391898024838e-01 9.445012610724624613e-01 9.414883668309860232e-01 9.496152794874678227e-01 9.478243929449317040e-01 9.495040422850413719e-01 9.490609450108656864e-01 9.502183825266324879e-01 9.376830293822429052e-01 9.282772098052576304e-01 9.444202957937437581e-01 9.426315350112743907e-01 9.469719924756520024e-01 9.449111082530500250e-01 9.453432222831881226e-01 9.489157341483158703e-01 9.437486684104205992e-01 9.372380010660508187e-01 9.469739534967827055e-01 9.480957665033878934e-01 9.481443487504473966e-01 9.483070976403750185e-01 9.468383145985215243e-01 9.497270974134439658e-01 9.464633090796849002e-01 9.457277505644586801e-01 9.454692397950900107e-01 9.471550149880860747e-01
-1.647265047959291587e-02 1.529549388154647915e-01 3.212827778427271852e-01 5.837104071244557657e-01 4.275522603806983235e-01 4.990867023423163906e-01 6.929697278267581417e-01 6.862639159982302228e-01 7.483234438380100828e-01 7.196216077381375475e-01 7.763594300450680219e-01 8.161175212802873613e-01 1.000000000000000000e+00 6.778156322879193008e-01 8.252858011452188780e-01 8.139455810643904110e-01 7.565494963584903365e-01 6.526862893877539706e-01 7.494065047804052693e-01 5.649689384673503012e-01 6.282939766968268502e-01 7.406744170787435966e-01 7.450095752500393020e-01 6.420198657068987291e-01 7.426225071576697534e-01 8.226563108083859710e-01 8.075873416486198941e-01 8.102031386728555384e-01 7.669311538160812347e-01 8.084897149852577902e-01 8.258085488416356812e-01 8.106732309425873639e-01 7.928609678017558560e-01 7.622323033584582630e-01 8.001960243591840216e-01 7.610944725603547845e-01 8.105528172106151175e-01 8.171534420525701226e-01 8.325083509039901131e-01 8.156227440692328523e-01 8.405548695688929151e-01 8.394892106906363116e-01 8.076134381899187087e-01 8.333528002116774580e-01 8.310351365462599338e-01 8.385285921764488171e-01 8.455575741638934328e-01 8.499454191907632739e-01 8.478803637911281887e-01 7.962316490603073005e-01 8.214045582673100698e-01 8.043224806677884420e-01 8.335048126982463890e-01 8.433811589730756397e-01 8.409915615646842424e-01 8.388564605595648649e-01 8.225979780351212467e-01 8.446104252069286389e-01 8.282691733495883835e-01 8.438678857003111267e-01 8.456553323567443936e-01 8.282401714691441930e-01 8.291783307672507819e-01 8.372351398532501543e-01 8.392633928857854420e-01 8.363747034518300705e-01 8.504703369170932836e-01 8.325539457656792042e-01 8.326377498962153068e-01 8.247925722832513129e-01 8.298524026949526400e-01 8.460506307255061254e-01 8.116687384397202054e-01 8.290242361445692154e-01 8.501087728190258597e-01 8.489330578709909370e-01 8.423851066207326266e-01 8.392202681960067023e-01 8.453387721199573379e-01 8.476696422563329003e-01 8.440142485362389646e-01 8.495125960341891602e-01 8.363930378679050870e-01 8.380694220643313264e-01 8.372313660357806331e-01 8.348426073474068954e-01 8.443217804383741365e-01 8.488642570136278875e-01 8.488001678534062844e-01 8.460854447340370177e-01 8.403042968085345787e-01 8.521005592373892545e-01 8.512698663721910419e-01 8.519576089867088031e-01 8.533702926314732373e-01 8.532864522043902555e-01 8.434882754246814107e-01 8.368463873229362582e-01 8.530094993392104419e-01 8.467429436202420501e-01 8.499346346473334313e-01 8.505871376913761717e-01 8.508148464424687418e-01 8.532099467694117534e-01 8.496142380910489678e-01 8.422071414970383474e-01 8.523085917770167885e-01 8.522434296370753337e-01 8.495064468217644604e-01 8.512822669732711400e-01 8.508284677716247968e-01 8.537149865482258626e-01 8.500208554138091177e-01 8.503303941959560186e-01 8.510535229434277316e-01 8.502933621665575981e-01
