1.000000000000000000e+00 8.778916360579713807e-02 9.721725242807448264e-02 1.833838021838176124e-01 6.836464443977276206e-02 5.693238619401493755e-02 1.161893608007968232e-01 1.114863946264448569e-01 1.692530394325063581e-01 4.670736804241288481e-02 6.725707159122788770e-02 9.141895622491806594e-02 1.045881641493587831e-02 3.235216003533704539e-03 4.994212185362745943e-02 5.309178486880783421e-02 1.664936543278384695e-01 1.655334927964610681e-01 1.229010884406112059e-01 1.141895592124144293e-01 1.836270122955658834e-01 9.802874513750531316e-02 1.436328289766883592e-01 1.265227261262770186e-01 9.596129868328481805e-02 1.301456733946457500e-01 8.398546770129325378e-02 9.796873658717658584e-02 8.982556842694323918e-02 7.801872742509138869e-02 7.691591441160798570e-02 1.159749413767573317e-01 4.968528464414787710e-02 7.812851318165493775e-02 5.123975501874339367e-02 8.635191823916214815e-02 3.868220863722028613e-02 5.159350409742728683e-02 3.860959535545536309e-02 2.662743728509418123e-02 3.910860787190006266e-02 2.800501267453281082e-02 1.591719304026463500e-02 4.056980434287305037e-02 4.793786733295022501e-02 4.240690554789950523e-02 2.315045242589846078e-02 2.010210116726534810e-02 4.485315971785494571e-02 5.604446510448153618e-02 4.422019454464855975e-02 7.849970871430381192e-02 4.697766121615599283e-02 5.758248643592959320e-02 5.285639240492784330e-02 4.874199372256721868e-02 1.018786867531442930e-01 2.905099337262062251e-02 2.819458887885701801e-02 5.951093350483986633e-02 3.981639264736365480e-02 4.507836582713187212e-02 5.418290275842126136e-02 5.698155826589840905e-02 8.620846057062890588e-02 7.753808674817930235e-02 3.795722375941661120e-02 4.657587478774814077e-02 6.580725443934330732e-02 5.897923528942854154e-02 4.750538295375986153e-02 3.482598709581754409e-02 6.211471681307450393e-02 3.391193893027343725e-02 4.725880109235882504e-02 2.996991110221860349e-02 2.855294905793465468e-02 4.295221544971725147e-02 3.564003647057203267e-02 3.666964043728725836e-02 3.574569545961727574e-02 3.018069950245462832e-02 5.420892899508523294e-02 2.364998465407153541e-02 2.837375952846163743e-02 3.804983537544073119e-02 2.571954849522196593e-02 2.131034420352197895e-02 2.249441424038096590e-02 3.308139675365586591e-02 2.236361820617067259e-02 1.446328268407112878e-02 2.070384739423894449e-02 1.572794789616753855e-02 8.325772803581855952e-03 1.273833388631258334e-02 2.177273047898625399e-02 5.313063155553394284e-02 1.805623194535878676e-02 1.936734929504651051e-02 8.422851006261763973e-03 2.110153497175146220e-02 2.768052813034250700e-02 9.931977531334871753e-03 3.137604582248108842e-02 5.026275730708019973e-02 2.718019451323500438e-02 1.897673903047135749e-02 2.361777377327889046e-02 1.802688101944537047e-02 1.198025745576792277e-02 2.780415032645116441e-02 1.939414117699163678e-02 2.159395318293793123e-02 5.227678349576488775e-02 3.783606279802177036e-02
8.778916360579713807e-02 1.000000000000000000e+00 2.777804929789340176e-03 5.933551434991206353e-02 8.489727628272909776e-02 7.311845223623113232e-02 1.076764043343862026e-01 1.081743164220722031e-01 1.650393205245110628e-01 1.750079459630427270e-01 1.509896172374661505e-01 1.479369694875716790e-01 1.392539670941017327e-01 1.337227965454217127e-01 1.493842763265164908e-01 1.576538663646934180e-01 1.765173593521212891e-01 1.061934508838856678e-01 1.068310419603958200e-01 7.553945859941983698e-02 8.036605686159430106e-02 1.042458650086861699e-01 1.284762881611584695e-01 1.230766086272857551e-01 1.037455256703394696e-01 1.362643022276459059e-01 1.277797875957262519e-01 1.264139723569853158e-01 1.335652090895336486e-01 1.442913500465453913e-01 1.474160182213813952e-01 1.443277866193610481e-01 1.306460056098335265e-01 1.482433853989650607e-01 1.416029976119390354e-01 1.366211865129350611e-01 1.330070461475373056e-01 1.396896309785830570e-01 1.370990353596777123e-01 1.158914137316153226e-01 1.497275255414327599e-01 1.401464954446078326e-01 1.297765248947750361e-01 1.464322689564932500e-01 1.463478034410879425e-01 1.451137882652725197e-01 1.577469020083980267e-01 1.686480428455977287e-01 1.534487715990354162e-01 1.265521695406375824e-01 1.447042769308514720e-01 1.230024935150205861e-01 1.491294170051294665e-01 1.663563125604312354e-01 1.553226178641392008e-01 1.434055486965565285e-01 1.492035505104786219e-01 1.571118605859701534e-01 1.564144167193573243e-01 1.684626580656810313e-01 1.544283500240669349e-01 1.619733640539110231e-01 1.498611746183125815e-01 1.584600079519375981e-01 1.664322217798933357e-01 1.572771779730316455e-01 1.668288621176025610e-01 1.577322807250362002e-01 1.616973379084771234e-01 1.493971323130759699e-01 1.462753518964766408e-01 1.492819430129325164e-01 1.569756414990128579e-01 1.471610371474653678e-01 1.541912937258160532e-01 1.586936919947714575e-01 1.565797320856201491e-01 1.591967315836042562e-01 1.533949907298359783e-01 1.610678046824448595e-01 1.543983509515147456e-01 1.612957160496988618e-01 1.525543913806097496e-01 1.644991266019881493e-01 1.517642617100871949e-01 1.587360080290378395e-01 1.502201525879176824e-01 1.566192427636748374e-01 1.543442389898430633e-01 1.499582721526655504e-01 1.499245448542035619e-01 1.546998473714126798e-01 1.548627306545666271e-01 1.544976583218534982e-01 1.629260316172196632e-01 1.632263447403157486e-01 1.393519925024675477e-01 1.477115460759800547e-01 1.500782503639937482e-01 1.550364058588894201e-01 1.480097729034296761e-01 1.488174576998988474e-01 1.533800545897355538e-01 1.547315781765684350e-01 1.516641330803890630e-01 1.534169811619250645e-01 1.583525097982153573e-01 1.633430085885481664e-01 1.568890000220907188e-01 1.613000988149701498e-01 1.589704701595982816e-01 1.623336296584152738e-01 1.621047964412964393e-01 1.594661377330636454e-01 1.627246364016682878e-01 1.592998135244903524e-01
9.721725242807448264e-02 2.777804929789340176e-03 1.000000000000000000e+00 4.075819857177024885e-01 2.897695161678399689e-01 2.820627042205093860e-01 4.292643187465441379e-01 3.894681389013553985e-01 3.897196871735989498e-01 2.740067409933807374e-01 3.892435764221747752e-01 4.136832198867669286e-01 3.164053375024220016e-01 3.087363123113665009e-01 4.166492287985644749e-01 3.865769007895055176e-01 4.024509433626556887e-01 4.078104996515967140e-01 4.445962767933722692e-01 3.308273391844114841e-01 4.230894635573518858e-01 4.393606857497579510e-01 4.104907014960316736e-01 3.710068239778610555e-01 4.416664518673207307e-01 4.507960237060891773e-01 4.358560317443918586e-01 4.459755310422200969e-01 4.382895099788559068e-01 3.979768609353468434e-01 4.180881704029273949e-01 4.279885380353763424e-01 4.041934000518591641e-01 3.931876808706685766e-01 3.859542882597906677e-01 4.476663327506872903e-01 4.071256958221566857e-01 4.224020404243387095e-01 4.118857131900336421e-01 4.235028457209915054e-01 3.976621457818040883e-01 4.044744585483973642e-01 4.124811380663487292e-01 4.083471364872691134e-01 4.126242775494092241e-01 4.087992188970234753e-01 3.692372019182899590e-01 3.599705747175048209e-01 3.744562632095465027e-01 4.083426264271066142e-01 4.134745199719072062e-01 4.141908530919440889e-01 3.865171449471042076e-01 3.810963305795718736e-01 3.948151404902235373e-01 4.169671191065072446e-01 4.026939663443405149e-01 3.780387727976894929e-01 3.835646851608055519e-01 3.711249653616398581e-01 3.812675427331242983e-01 3.825751871207942467e-01 3.960711452448661407e-01 3.860078741076582998e-01 3.931905748881229790e-01 3.894114544225613650e-01 3.799873394039311458e-01 3.982491296094011757e-01 3.921147261432926245e-01 3.927926289128791937e-01 4.136247200324146833e-01 4.027337440544302982e-01 3.896136797067496493e-01 4.015487889495921725e-01 3.982489836444416675e-01 3.794386628380406745e-01 3.874435737292705739e-01 3.930033673180537424e-01 3.910621563956774294e-01 3.758959833038479359e-01 3.870768469348543905e-01 3.705132934934555200e-01 4.020336733305303611e-01 3.736047850207406817e-01 3.954857094117808503e-01 3.887062465550770174e-01 3.937746108903101283e-01 3.820194715682568298e-01 3.781832008177639648e-01 4.006469004597674188e-01 3.988158272784363412e-01 3.817359280578996872e-01 3.822936223955203938e-01 3.728073539570705974e-01 3.624729180651289351e-01 3.592215161536637114e-01 3.887828876030156033e-01 3.772797622222301417e-01 3.718997658780659465e-01 3.788992561834442219e-01 3.800851634941855850e-01 3.802174120641065858e-01 3.730059355430783707e-01 3.696354746215224640e-01 3.902550148438308497e-01 3.767254815874515050e-01 3.644022534146823533e-01 3.637105743368486688e-01 3.815317603951456360e-01 3.652247938342007005e-01 3.676909702333388541e-01 3.619338447265518788e-01 3.622763190600353789e-01 3.627118061303729601e-01 3.814046522942999840e-01 3.707443940210171096e-01
1.833838021838176124e-01 5.933551434991206353e-02 4.075819857177024885e-01 1.000000000000000000e+00 4.130801091655617596e-01 4.108628289296756275e-01 6.518311874565971831e-01 6.309535439432625292e-01 5.455914095053698842e-01 4.333600793501139470e-01 5.775957339442869820e-01 6.498461159492801009e-01 4.968394970608756567e-01 4.921206586635551439e-01 6.273692988091931211e-01 6.082416313939522645e-01 5.772337913509050233e-01 5.984570631135019969e-01 5.993579730671018124e-01 5.768317239239222349e-01 5.946545642957280497e-01 5.861545119204152332e-01 6.404989080857238504e-01 5.387838093428705122e-01 5.997908789018562281e-01 6.941207902217665371e-01 6.473473932655068319e-01 6.803027496421031328e-01 6.392086999097743583e-01 6.134609155713877104e-01 6.271975448581615931e-01 6.575169362614654567e-01 6.286197846111265530e-01 6.073270454016104214e-01 5.934300256337150525e-01 6.480616670964675086e-01 6.105470448476215672e-01 6.432498322281487990e-01 6.186103054020684056e-01 6.538427980948081641e-01 6.028780939374142056e-01 6.088717091886465260e-01 6.263551506348514764e-01 6.090518974692964438e-01 6.149025773585233834e-01 6.100034145678956410e-01 5.551705270766228439e-01 5.373232034921773259e-01 5.675602593177344612e-01 6.304061143960048019e-01 6.207653058669554413e-01 6.389795066148513669e-01 5.902801485742142917e-01 5.745054587801324830e-01 5.988584115592731072e-01 6.350457027111267028e-01 6.211408661870962966e-01 5.823286527719140349e-01 5.780140529459684151e-01 5.656649988667067364e-01 5.831677385562352711e-01 5.763678660957177735e-01 6.017622692283339791e-01 5.791217008424411894e-01 5.797101191801422582e-01 5.950149709751131333e-01 5.526343070022097237e-01 5.790964129605830069e-01 5.927229084405752912e-01 5.987330231362817390e-01 5.929907906516614924e-01 5.757533739526319305e-01 5.740758290980293443e-01 5.719362932391058862e-01 5.945047429171256281e-01 5.638097397528059052e-01 5.684738540808275120e-01 5.804418164295894744e-01 5.849407403258019000e-01 5.660255835370467947e-01 5.830395268282528853e-01 5.604610478819744834e-01 5.988260406099749078e-01 5.648163001938251160e-01 5.891153822142143337e-01 5.815248633652828625e-01 5.818323732348852362e-01 5.781647188797457426e-01 5.689043375577825801e-01 5.995969008994197491e-01 5.953047710288233985e-01 5.641073584081992554e-01 5.701622999370643541e-01 5.597148072683176823e-01 5.371391176652043908e-01 5.346328770174640921e-01 5.834353537727179351e-01 5.716795453917155045e-01 5.558211251511123718e-01 5.636395668097808898e-01 5.725376788692255747e-01 5.726937877025103374e-01 5.625500245423038503e-01 5.534178155604814187e-01 5.814611837078709211e-01 5.714067530224545832e-01 5.478894370440917649e-01 5.374052495518677475e-01 5.704629169787086562e-01 5.437324470428038792e-01 5.507594104053693540e-01 5.436692423258240314e-01 5.437441728547827147e-01 5.437367523497618205e-01 5.615059003750467737e-01 5.594645197147788407e-01
6.836464443977276206e-02 8.489727628272909776e-02 2.897695161678399689e-01 4.130801091655617596e-01 1.000000000000000000e+00 3.643842013323256301e-01 5.061178771404165611e-01 5.026659328969526053e-01 4.646142255640682839e-01 3.996323185692336466e-01 4.649817968668017998e-01 5.057454434112135244e-01 4.376877179126940631e-01 4.344160413763047957e-01 5.277102868396197355e-01 5.099012612622368934e-01 4.842704908050713963e-01 4.626163351458410511e-01 4.654149755061329219e-01 4.289446067547939001e-01 4.322219493997441764e-01 4.577340336511302454e-01 4.987733306075454176e-01 4.317060677125836299e-01 4.745955660668202403e-01 5.351177930751194189e-01 5.153460571684592706e-01 5.263289393553126638e-01 5.311926971235921835e-01 5.064724347921328862e-01 5.272375199900904974e-01 5.230038488140655861e-01 4.960408247586147734e-01 5.010764592041739851e-01 4.987910832679565143e-01 5.275022983261903331e-01 5.064819364351706987e-01 5.243922347303359155e-01 5.210270857604871741e-01 5.086965042774411749e-01 5.073456970245090458e-01 5.115113099808157315e-01 5.222745309775042033e-01 5.213304273524017596e-01 5.134857552510023737e-01 5.185458835780152320e-01 4.883646392694298011e-01 4.860884895990318366e-01 4.985156750465702391e-01 5.228983488538775370e-01 5.218848693744225775e-01 5.188632622849976839e-01 5.148636217651518798e-01 5.026537138881566058e-01 5.115124272993243348e-01 5.234688344892114431e-01 5.213973133466870413e-01 5.057596787670255445e-01 5.026507668646179594e-01 5.059127312512151642e-01 5.132679812260972918e-01 5.079972876298922690e-01 5.205187189787526814e-01 5.146531887541060390e-01 5.099352445670076728e-01 5.170518394791833172e-01 4.991838712478633977e-01 5.061646158858036371e-01 5.127400141166684744e-01 5.127760536894907517e-01 5.056779484788869183e-01 5.016950727583805447e-01 5.048541984898541335e-01 4.973745347080175683e-01 5.118798663663604032e-01 4.920785859154943598e-01 5.005905357856539339e-01 5.110968610259580824e-01 5.067650129525702596e-01 5.001356582581555354e-01 5.073836533963657081e-01 5.000089890725549768e-01 5.115714623357742186e-01 4.982846413507511230e-01 5.139216072862520246e-01 5.108969855737518495e-01 5.078488468228915531e-01 5.053460206211354278e-01 4.994095507662991706e-01 5.138739646298055019e-01 5.094640473223501775e-01 5.022091585266664771e-01 5.025963080840630814e-01 4.961060134376397701e-01 4.887307137949680191e-01 4.876583170249387811e-01 5.139161926878931252e-01 5.073265009071907805e-01 5.018530690350919699e-01 4.980768377700713345e-01 5.066369094626413938e-01 5.045725953793664953e-01 4.994741216601060185e-01 4.974288019713956066e-01 5.085995467930317648e-01 5.035905182002400338e-01 4.945969599109102943e-01 4.909485980704317853e-01 5.059181954059595032e-01 4.950068700529049459e-01 4.948702070092989569e-01 4.944878843081844666e-01 4.912757231252548595e-01 4.928712408043774418e-01 4.989978083158566058e-01 4.979919054685906787e-01
5.693238619401493755e-02 7.311845223623113232e-02 2.820627042205093860e-01 4.108628289296756275e-01 3.643842013323256301e-01 1.000000000000000000e+00 5.307608469537692386e-01 5.164764601776243858e-01 5.236672125671081313e-01 4.713820025024407223e-01 5.423231979926207424e-01 5.799972905713450810e-01 4.872437690291007151e-01 5.131278839406231418e-01 5.944052786048416026e-01 5.639134192910186805e-01 5.199582393520957302e-01 4.814118985358573077e-01 4.925581342904412629e-01 4.235393055778638449e-01 4.364897985640492917e-01 4.920813401739667081e-01 5.341256676644887680e-01 4.490493337969864718e-01 5.006872581931740562e-01 5.761370267326795247e-01 5.716964504743630160e-01 5.898574580323573402e-01 5.829693336582709717e-01 5.713793546267591505e-01 5.920144179950727059e-01 5.835573323343590246e-01 5.676766062790066236e-01 5.611250879956950488e-01 5.594870712008344071e-01 5.872474141732890729e-01 5.800055378570637687e-01 5.954602389556586939e-01 5.977469526311488535e-01 5.899724913853882091e-01 5.856469925353572359e-01 5.921081191523439591e-01 5.955443931044949180e-01 5.924268980177310739e-01 5.949517475000576372e-01 5.857889421402524555e-01 5.745830726954426204e-01 5.689206869480606388e-01 5.785351252704674652e-01 5.867713441126244378e-01 5.981377742503118933e-01 5.731858419458931708e-01 5.840635947948724649e-01 5.793852610899068445e-01 5.816006546226507590e-01 5.980357734109510437e-01 5.855432123054670202e-01 5.817317817377591904e-01 5.817473721857033819e-01 5.763144030852574984e-01 5.870482860149845994e-01 5.825704665029710627e-01 5.865745995381779210e-01 5.875292901329212114e-01 5.801552522130887235e-01 5.874741070872594451e-01 5.745550689801171007e-01 5.759040658180745176e-01 5.846009409542738400e-01 5.713525524723078730e-01 5.698218891501392047e-01 5.746787525546348530e-01 5.639650811526270013e-01 5.680423082485825947e-01 5.847550627384978661e-01 5.771812769101802854e-01 5.798533805700833987e-01 5.888747091851689319e-01 5.846745219661118043e-01 5.720766152585401443e-01 5.847557610097190439e-01 5.790688834903161553e-01 5.901106556976113415e-01 5.801691406465554479e-01 5.908251203927071815e-01 5.853791925016078590e-01 5.844982606644318901e-01 5.852367782880851799e-01 5.833999761117935057e-01 5.901795925995056979e-01 5.907038387074518004e-01 5.823292696349129383e-01 5.841491735658113083e-01 5.798692317117292161e-01 5.722595735289032204e-01 5.706887251708362419e-01 5.828547958458751843e-01 5.717313822075381635e-01 5.745659245917864588e-01 5.803916221380450713e-01 5.816607548281579332e-01 5.805408609783775375e-01 5.797354516187306350e-01 5.773780116668432161e-01 5.838389996035394658e-01 5.788377081607473107e-01 5.749496539248702964e-01 5.716948731621814828e-01 5.813914981468053522e-01 5.760774080788868545e-01 5.757801804786778499e-01 5.738628197111541596e-01 5.722548954757825657e-01 5.712164723793542453e-01 5.787085874179004330e-01 5.750078681907768718e-01
1.161893608007968232e-01 1.076764043343862026e-01 4.292643187465441379e-01 6.518311874565971831e-01 5.061178771404165611e-01 5.307608469537692386e-01 1.000000000000000000e+00 7.716574374686490101e-01 6.971199308606179645e-01 5.760408626487129036e-01 7.048842109470333517e-01 7.767737253475019976e-01 6.355574661140780401e-01 6.519643208578145277e-01 8.209330827305338918e-01 7.630966854902622165e-01 7.164785667250102019e-01 7.199951058887530397e-01 7.446236573496193278e-01 6.362752591092546428e-01 6.845837537732489819e-01 7.159224900585527962e-01 7.759642755565840933e-01 6.790049746843082046e-01 7.481087121347691493e-01 8.274675883657420794e-01 7.987136235686589369e-01 8.245764701161425458e-01 8.190766924598147369e-01 7.685491690761859784e-01 7.980842030466670511e-01 8.134033991538933694e-01 7.733298847753967697e-01 7.723695174355755810e-01 7.537463263674757386e-01 7.988938632261730621e-01 7.749066300717176725e-01 8.073990721981912921e-01 7.913817243111362920e-01 8.012936005906131642e-01 7.715454426643812980e-01 7.872235056519135687e-01 7.925243815654510193e-01 7.845094523749118753e-01 7.852471494027356558e-01 7.901190830043935964e-01 7.359502221794057553e-01 7.188581986699862370e-01 7.428569561720596015e-01 7.893412302581341855e-01 7.954758345057996172e-01 7.642663573710272162e-01 7.591372893712688974e-01 7.486495146590982364e-01 7.688409488843541695e-01 7.977439471947456173e-01 7.774246627791217001e-01 7.577567840596211024e-01 7.605292305516271334e-01 7.432084820961395444e-01 7.632352341101029669e-01 7.567137622941215724e-01 7.760730436785329145e-01 7.562009580931443598e-01 7.474217977753574438e-01 7.595693288253684283e-01 7.391466005944445916e-01 7.664750266481773489e-01 7.795424417232000858e-01 7.639041203814114223e-01 7.678777083656009861e-01 7.614853562133877540e-01 7.643487747417252454e-01 7.598346389951518010e-01 7.723884325151070263e-01 7.433649616354214285e-01 7.549928683728794887e-01 7.686359760634091653e-01 7.721890464908146567e-01 7.455895009614293967e-01 7.645245479850185655e-01 7.468477439967217135e-01 7.722001432327895154e-01 7.506545509038226038e-01 7.729575200532392554e-01 7.672560048153863610e-01 7.633970310118847191e-01 7.622199722553456569e-01 7.508560863460516099e-01 7.770362436730549049e-01 7.762599883748022567e-01 7.547229677548091820e-01 7.535052109182129865e-01 7.443162290015920002e-01 7.276077606347177706e-01 7.244448277932793445e-01 7.639323460481963757e-01 7.412025973553373337e-01 7.429618115015033109e-01 7.494423366716872481e-01 7.570798579432029829e-01 7.517475722465646326e-01 7.404499422450584456e-01 7.407350978515295781e-01 7.558184660254417819e-01 7.440923457442172317e-01 7.320490897960679755e-01 7.268586821922939922e-01 7.548068967702051824e-01 7.345782079130449560e-01 7.393775269299778241e-01 7.293415085071577320e-01 7.280655287437309831e-01 7.265941312973812627e-01 7.391870689875574829e-01 7.315907832132150235e-01
1.114863946264448569e-01 1.081743164220722031e-01 3.894681389013553985e-01 6.309535439432625292e-01 5.026659328969526053e-01 5.164764601776243858e-01 7.716574374686490101e-01 1.000000000000000000e+00 7.051627092372736438e-01 5.996024217301253456e-01 7.216690695258372035e-01 7.878105305040007389e-01 6.595871025221452522e-01 6.601774519556484755e-01 8.087236016819334683e-01 7.961947861192497644e-01 7.085762433588371767e-01 6.984140056010296194e-01 7.092694486468772430e-01 6.358322078537180788e-01 6.445163711857518907e-01 6.907186501593752803e-01 7.646445598086203388e-01 6.623717004147683385e-01 7.118964038468800215e-01 8.213110690640681444e-01 7.914677078722777148e-01 8.022079849279711850e-01 8.035620757561628968e-01 7.722458026486214155e-01 8.014126333108974043e-01 8.010105546619319394e-01 7.718293127394152409e-01 7.762393826691911247e-01 7.616767064689828892e-01 7.754156779693628376e-01 7.638110108578918256e-01 8.124097144645441304e-01 7.899733740295431517e-01 7.889055908521573901e-01 7.798067390848411051e-01 7.872529349264172360e-01 7.965043261284299181e-01 7.914798746068206770e-01 7.878353041388918010e-01 7.940419275946004607e-01 7.578025880026340033e-01 7.451418315841875639e-01 7.687914828451718474e-01 7.931177389840429193e-01 8.019356533969602685e-01 7.707871566915381889e-01 7.726125770143997817e-01 7.780666993305500601e-01 7.957018506255331136e-01 8.048584691872041619e-01 8.019299818869576324e-01 7.858845447754229108e-01 7.846412311308545995e-01 7.692967878127130454e-01 7.866866322294071567e-01 7.813499578789302458e-01 7.919574280542082123e-01 7.785243981270890679e-01 7.620525659067288737e-01 7.818014385414731038e-01 7.568202669145444039e-01 7.765920121562911449e-01 7.888921177545630270e-01 7.779039087902933636e-01 7.734339734705876213e-01 7.692264874807113184e-01 7.732906951597813272e-01 7.632755673227464843e-01 7.881039287207263211e-01 7.599576663607994220e-01 7.678973096953602973e-01 7.774844139380842067e-01 7.831340715703104527e-01 7.646835303792839378e-01 7.745458362908197447e-01 7.660132504910309725e-01 7.826354941334121573e-01 7.665852925715237465e-01 7.803051546157717677e-01 7.796607952939578201e-01 7.692963101114376201e-01 7.772479830716566562e-01 7.680845368665839556e-01 7.882778329233379733e-01 7.781298754384741168e-01 7.670085936845799646e-01 7.644367962123753690e-01 7.618194561174249646e-01 7.490713950803411514e-01 7.476124351951299873e-01 7.768943744999110557e-01 7.635985729152723334e-01 7.650519595586091626e-01 7.631486621256652336e-01 7.720450023267675377e-01 7.743645454677152706e-01 7.613890431401382219e-01 7.606166945883443553e-01 7.715930500549418314e-01 7.729913286527788641e-01 7.577018234587626910e-01 7.490107117197921660e-01 7.748259848618400669e-01 7.585345936195488914e-01 7.653281457621106121e-01 7.539099322378851609e-01 7.591301738076701167e-01 7.519194122965729976e-01 7.601014333354376706e-01 7.577399291013255933e-01
1.692530394325063581e-01 1.650393205245110628e-01 3.897196871735989498e-01 5.455914095053698842e-01 4.646142255640682839e-01 5.236672125671081313e-01 6.971199308606179645e-01 7.051627092372736438e-01 1.000000000000000000e+00 7.265288869682456907e-01 8.008667061632298578e-01 8.317133590721710323e-01 7.314183305442472083e-01 7.518109789406351995e-01 8.402029917299045358e-01 8.306341358875367620e-01 7.932896501901561814e-01 7.049970790509816343e-01 7.214208508796449149e-01 6.067845277528294279e-01 6.371262239225155000e-01 7.226370941671310666e-01 7.746904211520148076e-01 6.887926860568921450e-01 7.237911023010549227e-01 8.224479334555344634e-01 8.216223518027211403e-01 8.146453240239616145e-01 8.405598061590442427e-01 8.311344435215951565e-01 8.659483107739127661e-01 8.216544215808788687e-01 7.807698248026403443e-01 8.085170852194467628e-01 8.138746712830255969e-01 8.091620316973388016e-01 8.254819203183187959e-01 8.357318078050852694e-01 8.445695782105030469e-01 7.851131234938255599e-01 8.510016784001345203e-01 8.485685802266286215e-01 8.301011477245952008e-01 8.571091415989362527e-01 8.520268113913804786e-01 8.510921831852003017e-01 8.522183061020411898e-01 8.599403148892633686e-01 8.609950265936338054e-01 8.319017083210822339e-01 8.566328091556031366e-01 8.203623054129960401e-01 8.559128793133733426e-01 8.700126627565558657e-01 8.544703615009442421e-01 8.496969775621695531e-01 8.662576503723905530e-01 8.516662304089495095e-01 8.569956521964319229e-01 8.707418693731896475e-01 8.662795359613044699e-01 8.660267061925802645e-01 8.637870983642120803e-01 8.685742310516311182e-01 8.715486607917306561e-01 8.717508664094633097e-01 8.644034592739217038e-01 8.633023141350497642e-01 8.659360060830620931e-01 8.526075764545392177e-01 8.489138045817012923e-01 8.568298876799085306e-01 8.520140463409433540e-01 8.484540564260364404e-01 8.672323411446628549e-01 8.590121634463081524e-01 8.618846817960581497e-01 8.673739274904030960e-01 8.609283694109942653e-01 8.625946884495963030e-01 8.594790270803832621e-01 8.650215805864450713e-01 8.640161882893204748e-01 8.524294148680983119e-01 8.551449763391993919e-01 8.604582427598952421e-01 8.552016422949807462e-01 8.561103251543522585e-01 8.576906563346415879e-01 8.588056384440537760e-01 8.508741226624719767e-01 8.578189482342900574e-01 8.593852538892581272e-01 8.575295597519383417e-01 8.571602499763821825e-01 8.580887736986397840e-01 8.474804547306111768e-01 8.560233974266372448e-01 8.566237013708547510e-01 8.561657123942930658e-01 8.531620902187716515e-01 8.553675754957913435e-01 8.582656175950490463e-01 8.562066050706788056e-01 8.595948720078369076e-01 8.649791494837716366e-01 8.617343106892511040e-01 8.597650026575809346e-01 8.615418621979477054e-01 8.617813625443264680e-01 8.559838861800043164e-01 8.639499764368335777e-01 8.600369729927637152e-01 8.579543050339829557e-01 8.688975037863089224e-01 8.639631570124393090e-01
4.670736804241288481e-02 1.750079459630427270e-01 2.740067409933807374e-01 4.333600793501139470e-01 3.996323185692336466e-01 4.713820025024407223e-01 5.760408626487129036e-01 5.996024217301253456e-01 7.265288869682456907e-01 1.000000000000000000e+00 7.071074532774096477e-01 7.352670232901100666e-01 6.806696754004000205e-01 6.998902850364483452e-01 7.631926657871788144e-01 7.537921550936228510e-01 6.822758015073984161e-01 5.714284930706178267e-01 5.889057768590995057e-01 4.969267270231012557e-01 4.929775849183132275e-01 6.077246945838765679e-01 6.539535141883268121e-01 5.710481204371516961e-01 5.969772759959077746e-01 7.053269497720203729e-01 7.287237300696026709e-01 7.073432401626119637e-01 7.341682345357500861e-01 7.469104692418883085e-01 7.717938071044990744e-01 7.139696990235784302e-01 7.077502703730181866e-01 7.225706992813750729e-01 7.355367478370080647e-01 7.116709914450568553e-01 7.489496389661967068e-01 7.530547017161868251e-01 7.719724816901570863e-01 7.129064270510749868e-01 7.840051083173690261e-01 7.755533564935477298e-01 7.612904696711630947e-01 7.826178191311818910e-01 7.779206777444546139e-01 7.764596676185440138e-01 8.018231678031465526e-01 8.099726286353601257e-01 7.979607027396946606e-01 7.465145070439082042e-01 7.804136553666127796e-01 7.280426659699104075e-01 7.818782483817472428e-01 8.015315959581273964e-01 7.798182453919160206e-01 7.737529212968075054e-01 7.696584382185146511e-01 7.883651336550667743e-01 7.927016199200501712e-01 8.049533596866197405e-01 7.952898671824065735e-01 7.984877310259925753e-01 7.817911130215906557e-01 7.987073358534787504e-01 7.850948792098702000e-01 7.925358995681421881e-01 8.042959974748435936e-01 7.879291500623325506e-01 7.846723974385535483e-01 7.718390149064024985e-01 7.696185009531442134e-01 7.844327212642014935e-01 7.675738672525751483e-01 7.738179775997345855e-01 7.964519521027582094e-01 7.995258726803325944e-01 7.999983008324925704e-01 7.996884430153149426e-01 7.934872286768818173e-01 8.008535076698797273e-01 7.932824111324414673e-01 8.058481623384365911e-01 7.924750127021318313e-01 7.945615199898653502e-01 7.887817393493951057e-01 7.931193265715132945e-01 7.934118542220923720e-01 8.000499846180179064e-01 8.010282659670350247e-01 7.933721096987231824e-01 7.901637071665940093e-01 8.020965584214849731e-01 8.006329097157194319e-01 8.025025599721828939e-01 8.087827219776435594e-01 8.100983473967438009e-01 7.804989787614132757e-01 7.837789460193054225e-01 7.979469569565291742e-01 7.995509981213478889e-01 7.930415766293097413e-01 7.941330907432332387e-01 7.977379060912608288e-01 8.036744242777870140e-01 7.938161568996404682e-01 7.936092242471067815e-01 8.064409893259139039e-01 8.077397736098249625e-01 8.016702545468328278e-01 8.071870340326882109e-01 8.039972145265834591e-01 8.088343618406180768e-01 8.071823365131538530e-01 8.041063969137093315e-01 8.017942662876188509e-01 8.045970166193813222e-01
6.725707159122788770e-02 1.509896172374661505e-01 3.892435764221747752e-01 5.775957339442869820e-01 4.649817968668017998e-01 5.423231979926207424e-01 7.048842109470333517e-01 7.216690695258372035e-01 8.008667061632298578e-01 7.071074532774096477e-01 1.000000000000000000e+00 8.639441232142632821e-01 7.485178968998352778e-01 7.626891294425990342e-01 8.605800105592013027e-01 8.555604719172965611e-01 7.781108819570707880e-01 7.009707136424909724e-01 7.200301958586436957e-01 6.268272988424763437e-01 6.466044588408699223e-01 7.329424587195418894e-01 7.706055373506927042e-01 6.712098781383075696e-01 7.334141166044305660e-01 8.408742973148672917e-01 8.461645666386012898e-01 8.469338305142364298e-01 8.485139972537066866e-01 8.531635293734015635e-01 8.728522977058286170e-01 8.304933268379511846e-01 8.223345006506844745e-01 8.182048737062068700e-01 8.327668282714221215e-01 8.321774711094319654e-01 8.612277821793057342e-01 8.681802430171294827e-01 8.719767249399495990e-01 8.442252483770997795e-01 8.780563017665897751e-01 8.758833594208839113e-01 8.671929869656530565e-01 8.834577590360306321e-01 8.792857885448196464e-01 8.734506502152648011e-01 8.758635650220661928e-01 8.717289721164251937e-01 8.755940520471636734e-01 8.625390589465722346e-01 8.835280320352500993e-01 8.490513588815743473e-01 8.736347493225748995e-01 8.772385079925526519e-01 8.744585379804469261e-01 8.831566310253776697e-01 8.724316597969741238e-01 8.732708224364849059e-01 8.787530864272385944e-01 8.768305069876440871e-01 8.811602448546198563e-01 8.782209484765334251e-01 8.766040974353730419e-01 8.787806257581922686e-01 8.716176950683380831e-01 8.778511169455783802e-01 8.767917543701455596e-01 8.747315320287351037e-01 8.738569095155048760e-01 8.695974159554165084e-01 8.692670971881384379e-01 8.729700683733101485e-01 8.540406208620955342e-01 8.661042975898722851e-01 8.878667162300888371e-01 8.812066894043270038e-01 8.816320903365626460e-01 8.824143849251169236e-01 8.805506270811532810e-01 8.808419825069337961e-01 8.804127886980389617e-01 8.818574392499255454e-01 8.860247254855800891e-01 8.766658878580705361e-01 8.793967206115470558e-01 8.763865795321473806e-01 8.804513298106175778e-01 8.818099486042993984e-01 8.813423218253099156e-01 8.859838895449028140e-01 8.843380479061989652e-01 8.826506771202530244e-01 8.837802699128474160e-01 8.798337825921803690e-01 8.751808469368084209e-01 8.751868603243208034e-01 8.785612690094424249e-01 8.729624705368140836e-01 8.766465856867776685e-01 8.811820272298634960e-01 8.793413154678236809e-01 8.805992812994939412e-01 8.803068583756228360e-01 8.778342505658369710e-01 8.844483330077020922e-01 8.792292506534193919e-01 8.781437134680236678e-01 8.754601321814099446e-01 8.823970745106446412e-01 8.765089565845228803e-01 8.770334897924484396e-01 8.769231178516184722e-01 8.765331166076318903e-01 8.755284051709198989e-01 8.803073414476244585e-01 8.806994781560708585e-01
9.141895622491806594e-02 1.479369694875716790e-01 4.136832198867669286e-01 6.498461159492801009e-01 5.057454434112135244e-01 5.799972905713450810e-01 7.767737253475019976e-01 7.878105305040007389e-01 8.317133590721710323e-01 7.352670232901100666e-01 8.639441232142632821e-01 1.000000000000000000e+00 7.971928842097844026e-01 8.123562872333687235e-01 9.230364894356367644e-01 9.101585399804387189e-01 8.136336860830711837e-01 7.303671142943166661e-01 7.558626857941447286e-01 6.575316904769933357e-01 6.749221293666206600e-01 7.717576083624023697e-01 8.189913850026206976e-01 6.929574891909925372e-01 7.711410436096464149e-01 9.035974547613677688e-01 9.058627117763000669e-01 9.083085040014227118e-01 9.035331722285027123e-01 9.001369567412412787e-01 9.285515701993027893e-01 8.862553072003513943e-01 8.804587380385737738e-01 8.672472497568761707e-01 8.817360609067396160e-01 8.857677165060360291e-01 9.085021287414088986e-01 9.248675653052069734e-01 9.268799278711035150e-01 9.033503425719829893e-01 9.302472949399188673e-01 9.333125288875960823e-01 9.257653587042430354e-01 9.375989024336018884e-01 9.298087571302460219e-01 9.319216516823145557e-01 9.228013236784559092e-01 9.179758846150858353e-01 9.254685945484352194e-01 9.131332644254317454e-01 9.376672757787212209e-01 9.031990545288606231e-01 9.230693308220471183e-01 9.303452361510057278e-01 9.303660451999768988e-01 9.366034300158746495e-01 9.268758041929587854e-01 9.328716831188259562e-01 9.294200544037714007e-01 9.303385252515500303e-01 9.348753556198370340e-01 9.324799285557401340e-01 9.306007489828099777e-01 9.305414445287373271e-01 9.218857941174959381e-01 9.320154711747172804e-01 9.239376620191436240e-01 9.193969604850737998e-01 9.238253654241507240e-01 9.135652153178551726e-01 9.138741433895722910e-01 9.193949384592194907e-01 8.944530235278908004e-01 9.066809897572174481e-01 9.399447451421297783e-01 9.303096972911213403e-01 9.297224902666595403e-01 9.322156056576584859e-01 9.287481917641102758e-01 9.273815847274008428e-01 9.314090800281080718e-01 9.300390640338237480e-01 9.345754329924967907e-01 9.246619456912503754e-01 9.294625757037932035e-01 9.252100995895650160e-01 9.295116906542971735e-01 9.319163705219066784e-01 9.305013350926927274e-01 9.355770814322532658e-01 9.355644894590349203e-01 9.306569239915590819e-01 9.316863370428580815e-01 9.290596918856208752e-01 9.212771196135212115e-01 9.211906661319807510e-01 9.265131121749401455e-01 9.211183776644482624e-01 9.244599425056273523e-01 9.278335247607104597e-01 9.292456551802154019e-01 9.298485346617049174e-01 9.284779125754351048e-01 9.270299636781718089e-01 9.333722092078118315e-01 9.280604683755750983e-01 9.240928680195948930e-01 9.218388616390196244e-01 9.321137806882934251e-01 9.248566122373007570e-01 9.249001838632177064e-01 9.250254923119571870e-01 9.251198939039109170e-01 9.231978817392368919e-01 9.291020704984671585e-01 9.282330938286718069e-01
1.045881641493587831e-02 1.392539670941017327e-01 3.164053375024220016e-01 4.968394970608756567e-01 4.376877179126940631e-01 4.872437690291007151e-01 6.355574661140780401e-01 6.595871025221452522e-01 7.314183305442472083e-01 6.806696754004000205e-01 7.485178968998352778e-01 7.971928842097844026e-01 1.000000000000000000e+00 7.396530426052405627e-01 8.199532934525586292e-01 8.078654413379942056e-01 7.081286385538816397e-01 6.307208713768697184e-01 6.463093293031073605e-01 5.748529399793602668e-01 5.600293866304436596e-01 6.643754060592013122e-01 7.060307262701849274e-01 6.132307659079757611e-01 6.617511704895742142e-01 7.724506427179582690e-01 7.844057490111526754e-01 7.734180058945145930e-01 7.911767904055710954e-01 7.972129929505054058e-01 8.246241994648393359e-01 7.644066266663174236e-01 7.602281107963407836e-01 7.641351684182111637e-01 7.831080715516495205e-01 7.641311499816402231e-01 8.071688110850682163e-01 8.083542322005247138e-01 8.236349895870778148e-01 7.781461192583852826e-01 8.249788700042020029e-01 8.306065017410807494e-01 8.231668493385866370e-01 8.332231214702665589e-01 8.254675801207107533e-01 8.283463133801786116e-01 8.376944832529489293e-01 8.372808225470524945e-01 8.342363762545229600e-01 8.047991517274707407e-01 8.282886919541839754e-01 7.945943323851641926e-01 8.273967860532667196e-01 8.368475668244179655e-01 8.299499485619213912e-01 8.285332780444690792e-01 8.161495273925546412e-01 8.338222528313345983e-01 8.348939134003892093e-01 8.381239402460463062e-01 8.405004780236070561e-01 8.366719482595983415e-01 8.290713628781770650e-01 8.349814933361853209e-01 8.229967732944698522e-01 8.315520378289573689e-01 8.361363231226616177e-01 8.298578903594028278e-01 8.287086776046520553e-01 8.242766323175273468e-01 8.167072134828732288e-01 8.262560383799414376e-01 8.084605740597737844e-01 8.183954105793672662e-01 8.404679726317487720e-01 8.391338386259509230e-01 8.383396619790576265e-01 8.395245269242681552e-01 8.352845807010707002e-01 8.387469430260261483e-01 8.377784797301024433e-01 8.419215324248429111e-01 8.343546520346413198e-01 8.347821776709574149e-01 8.312983452185672695e-01 8.324135712862913428e-01 8.359464458752705607e-01 8.390025248760193399e-01 8.395919727531405696e-01 8.385261353047070987e-01 8.341572211328279751e-01 8.403846122694120790e-01 8.393653956381552650e-01 8.405405397978543691e-01 8.415069467620068799e-01 8.409838038663437487e-01 8.316998825701281683e-01 8.291085327866187793e-01 8.387099974722466156e-01 8.379400124013058893e-01 8.410025455982435005e-01 8.393562147664940243e-01 8.379459794900235847e-01 8.423909342445375925e-01 8.405360971658653035e-01 8.349542578471216281e-01 8.407992040858237592e-01 8.403646500407436770e-01 8.420406009569448846e-01 8.415137613849612563e-01 8.401742619811515267e-01 8.415055448754641398e-01 8.419651570742204827e-01 8.396216238502252072e-01 8.363801524779675978e-01 8.398631316698069726e-01
