1.000000000000000000e+00 3.872918891167417832e-02 9.521054359538323741e-02 5.590723747440510399e-02 5.913527749586464100e-02 4.483545512351763684e-02 4.479764933531408394e-02 4.416908287058109867e-02 1.082650989548294973e-01 4.600886217058767352e-02 4.657361386071137699e-02 3.715592260761031024e-02 3.177723465622930843e-02 6.037853414057299528e-02 2.960022191045574499e-02 5.270303065138239734e-02 1.128587221406695401e-01 1.830867278642848706e-01 1.237509529499962596e-01 6.163679968640401602e-02 5.857331130363851307e-02 1.157636978172215669e-01 1.647723262925983867e-01 1.373485142436323969e-01 1.028681625004708167e-01 9.318346605053634546e-02 9.560033790195278380e-02 1.000941049309975184e-01 9.740955035081556856e-02 9.431753788214890244e-02 7.780713996225384343e-02 1.088426374695817822e-01 8.909120577680054720e-02 1.214840726593181264e-01 7.758596401712541946e-02 7.032726971389115234e-02 8.830938209617214540e-02 8.018473781023507940e-02 4.750920449855400990e-02 6.454376457536178946e-02 3.488028150679083755e-02 3.816727687277300662e-02 5.357840730305248739e-02 3.446550341247136412e-02 5.905673546960074627e-02 3.120542628346831618e-02 2.035532396975330699e-02 3.223513733923184105e-02 3.672203485849573346e-02 6.388373054209958712e-02 4.694468968655104296e-02 5.216418442234881797e-02 3.822591634847471997e-02 3.801730026321012423e-02 4.464105375415544641e-02 6.415866389995490693e-02 6.240301897877525289e-02 2.676184011277249822e-02 3.712345857523532966e-02 2.373330421387148670e-02 2.892702372128469479e-02 2.577665240973623859e-02 3.484457778694775160e-02 2.711185805724740730e-02 4.341031423450177062e-02 3.541701194229426863e-02 2.827714348530858957e-02 5.049368095404414142e-02 5.003120539228172320e-02 3.689574049783242438e-02 4.428279665938181231e-02 3.779584829748557084e-02 5.864934353300119835e-02 5.669613081640263036e-02 3.135653900340294037e-02 3.252544977497063422e-02 2.296793014650196085e-02 3.691518306233878416e-02 3.271978561068501767e-02 3.782609626815160164e-02 3.662155109961257038e-02 2.989205866362728420e-02 5.040633586541537481e-02 3.506565736743956496e-02 3.623712011560784735e-02 4.428341691436613742e-02 2.659843970387452267e-02 1.626104906267124978e-02 1.982218058623816045e-02 3.952674808061681921e-02 2.327163820555177079e-02 1.249287857862384048e-02 1.745099545686194450e-02 1.720450128467718859e-02 1.268836709404945993e-02 1.506737404887159397e-02 2.299001256350361941e-02 3.313902984455558559e-02 1.727060636747765332e-02 1.488212436054249868e-02 1.806159260630571181e-02 2.407615521892349231e-02 1.126105725304414433e-02 1.177513510089519926e-02 2.861698853234802623e-02 4.066167228270269746e-02 2.143951009713129796e-02 1.747733833251213786e-02 2.533441272454617019e-02 1.658747150952632685e-02 1.783250913603036392e-02 1.214756896316919639e-02 1.739706429461976289e-02 1.815174236457952131e-02 2.882859863276744997e-02 2.222805871168829009e-02
3.872918891167417832e-02 1.000000000000000000e+00 7.259237526129883045e-02 4.584290501189861727e-02 9.191569714835476357e-02 8.214441153366491832e-02 9.560663795596842374e-02 1.037580216597423083e-01 1.685918186529518636e-01 1.684973153459465300e-01 1.436930293625843791e-01 1.134372636515696836e-01 1.392656389111396609e-01 8.481826174874985969e-02 1.342558079033595309e-01 1.425034029936675661e-01 1.562921477922746549e-01 1.412065130458571016e-01 1.559884103014144430e-01 5.169974759624966395e-05 3.023468740300777613e-02 1.196967910739494129e-01 1.604182535157924472e-01 1.337395812312552057e-01 1.599963161478613616e-01 1.393428449670683356e-01 1.453819987226284693e-01 1.413454659586497741e-01 1.198781861390172399e-01 1.756542152454572403e-01 1.688163986964561214e-01 1.512658428446506109e-01 1.265873316977824126e-01 1.353056920792822249e-01 1.456908145420837686e-01 1.301011972615485346e-01 1.421559172395739923e-01 1.355519392901819165e-01 1.412103972625488590e-01 1.411161502632298503e-01 1.599862251522184142e-01 1.464717349022401638e-01 1.310306888146261506e-01 1.482543913906267108e-01 1.507609044376735929e-01 1.580672024869113346e-01 1.516839392296559230e-01 1.640976784804638600e-01 1.436454608572845515e-01 1.169113006072959315e-01 1.349202586248079705e-01 1.125673685852780631e-01 1.343245013602806515e-01 1.603496364250992789e-01 1.455741966718136216e-01 1.580213975013043393e-01 1.284308235244608354e-01 1.500610619904301224e-01 1.453772693842670660e-01 1.518129259293412858e-01 1.414158620694561663e-01 1.473387626611271928e-01 1.377423582958987869e-01 1.336324532869331283e-01 1.448036788291366395e-01 1.394502504580273083e-01 1.575354018958189939e-01 1.651718778669967747e-01 1.678429026316068939e-01 1.121856433076244830e-01 1.412723643719281663e-01 1.586186297462188755e-01 1.640337545494071902e-01 1.595024066095085957e-01 1.558390375512235526e-01 1.547119793717109670e-01 1.605664627060819638e-01 1.454271061377563623e-01 1.679348245285806618e-01 1.659702160944956928e-01 1.602271653868360402e-01 1.635180955082295440e-01 1.550529088119501631e-01 1.560397781090901437e-01 1.352929345035130126e-01 1.532560000693858893e-01 1.528340406913857308e-01 1.495349237972639633e-01 1.521418278634495691e-01 1.618012607516991497e-01 1.551905226752019751e-01 1.531274121329342097e-01 1.582289828062057035e-01 1.585324602108024172e-01 1.551683692067828968e-01 1.577720128936384858e-01 1.240788799071356890e-01 1.215021627510213670e-01 1.411016340556791038e-01 1.396953049324531904e-01 1.461247840925085917e-01 1.397366832521852176e-01 1.434597256414245625e-01 1.458713442767561042e-01 1.374569254126833118e-01 1.368231980335624376e-01 1.467660262615438083e-01 1.584670110354216288e-01 1.555570212871375813e-01 1.501503979774925779e-01 1.567268470590649221e-01 1.564975699911456131e-01 1.532702076553601189e-01 1.495737988589221912e-01 1.508263220068669364e-01 1.504832624217186388e-01
9.521054359538323741e-02 7.259237526129883045e-02 1.000000000000000000e+00 2.811735535954050236e-01 1.794439320894093970e-01 2.810434652556196289e-01 3.658416594197934635e-01 3.398888589268471705e-01 3.664896917088663053e-01 2.857599093487022679e-01 3.687382129983426404e-01 3.685921913720019982e-01 3.179954150325015050e-01 2.869261401514712206e-01 3.625190198777885064e-01 3.715790839811332069e-01 3.785392343695759831e-01 3.831270542118988542e-01 3.911041557259249957e-01 2.720227763287623168e-01 3.461869441895197297e-01 4.057138658612571835e-01 4.190223536832730633e-01 3.696254987829284966e-01 3.756035862805031655e-01 4.094680310267922452e-01 3.994425204834887722e-01 4.086417120415425375e-01 3.981575218456934184e-01 3.941863382062510412e-01 4.011321015012349611e-01 3.991564588024597016e-01 4.069043957591702565e-01 4.003111719626151754e-01 3.856521956435254861e-01 3.706278465047385118e-01 3.933481737265157596e-01 3.978141322442408367e-01 3.833867460096215263e-01 3.865571241819286130e-01 3.759217427033583747e-01 3.840362207326789568e-01 3.854189627941187468e-01 3.777970714110768791e-01 3.921413628170071775e-01 3.747353550892080776e-01 3.657752301944596218e-01 3.687936756038942554e-01 3.704850613766659251e-01 3.720237197132224560e-01 3.752437706032395459e-01 3.642923216591487101e-01 3.715086513519264555e-01 3.687376221896488948e-01 3.730101013949372324e-01 3.916887736927912034e-01 3.737422956606508140e-01 3.713387742019125803e-01 3.760589937258323467e-01 3.638820167386008220e-01 3.727328527190299501e-01 3.669327618711017425e-01 3.690876443740716550e-01 3.619341746230124168e-01 3.686828432249359411e-01 3.677656914910938935e-01 3.659379161530277869e-01 3.828615876566002774e-01 3.786878602486797862e-01 3.703562573937199121e-01 3.918868111091935447e-01 3.857437328245967856e-01 3.855376139868839647e-01 3.857006736532217483e-01 3.862993302091189962e-01 3.855488557687334339e-01 3.779248219679703924e-01 3.848542811162672383e-01 3.832655253148940511e-01 3.815181129871105803e-01 3.879488925873523786e-01 3.816076370398268636e-01 3.829338328005160719e-01 3.834386425057389469e-01 3.758507097645539252e-01 3.794024623000953333e-01 3.762545483446069206e-01 3.724396842077584147e-01 3.707095007954848698e-01 3.806813357744352477e-01 3.802915190078779983e-01 3.716901151297459238e-01 3.696348400280830560e-01 3.715364210430997516e-01 3.636217755962397047e-01 3.630225627389521148e-01 3.760951525059477718e-01 3.588823680533937410e-01 3.680874532635328156e-01 3.734408750206233418e-01 3.686137810112373736e-01 3.659476129276886258e-01 3.620990922469188855e-01 3.696513036157867416e-01 3.726473749394023649e-01 3.679125630398138447e-01 3.633192017536017171e-01 3.635782368221022187e-01 3.689686163343429692e-01 3.678473291263099076e-01 3.688284476971433468e-01 3.630337474993319269e-01 3.629517122719768674e-01 3.670561878097980957e-01 3.734093878262193522e-01 3.623372993942883813e-01
5.590723747440510399e-02 4.584290501189861727e-02 2.811735535954050236e-01 1.000000000000000000e+00 3.290850778516029029e-01 3.836362132677577641e-01 5.729544817227607556e-01 5.610582317120947904e-01 5.528397283828312414e-01 4.775615749839598467e-01 5.449366210307744485e-01 6.364900781263620466e-01 5.669119480826234625e-01 4.546207530941063779e-01 6.010405238058190713e-01 6.131831967458225563e-01 5.385277824814995729e-01 4.632964060419147434e-01 4.873063130919284558e-01 5.594005361381580999e-01 5.768000581208538868e-01 5.658255438921842018e-01 5.259946219187752181e-01 4.778105434646526817e-01 4.768238334432478576e-01 6.069292036866287265e-01 5.972578409449177395e-01 5.764503573803512193e-01 5.677190044619813136e-01 5.559682048138883115e-01 5.912566186256016376e-01 6.065189817638525493e-01 6.014348637271198506e-01 6.047994811816627125e-01 5.992196932379802998e-01 6.233343693016747400e-01 6.174439554797557239e-01 6.226118899239023730e-01 6.215669326088267832e-01 6.172601155757667657e-01 5.985405856332136620e-01 6.167693693059486115e-01 6.268659069999102940e-01 6.224406142565462874e-01 6.135581453915572858e-01 6.061501067725416636e-01 6.084445530876522179e-01 6.074732894919870896e-01 6.231391344385104336e-01 6.405490835739626743e-01 6.352121094220661845e-01 6.330346201645353776e-01 6.245649188940809449e-01 6.076808525611508971e-01 6.212522276263644505e-01 6.208955122956848482e-01 6.384167521237882337e-01 6.140695123864229332e-01 6.219658060771509067e-01 6.144705667935345117e-01 6.249426107627823468e-01 6.196138727202882279e-01 6.363577564551254895e-01 6.273299490743624585e-01 6.128849880380575765e-01 6.265555408605542054e-01 6.049764002229526261e-01 5.931266028964726766e-01 5.976415974044998469e-01 6.475818113365165996e-01 6.111925023920365962e-01 5.943676937984579967e-01 5.885609850658248821e-01 5.845707583378111361e-01 6.061267155157620268e-01 6.062261018468582119e-01 5.994475590584223967e-01 6.061691957109750506e-01 5.957380799535001437e-01 5.911431924856992426e-01 5.985365147218708604e-01 6.070854712783447793e-01 6.166559361049323007e-01 6.095788925975884620e-01 6.290209934267411152e-01 6.125156107537139683e-01 6.110346821348410229e-01 6.122489916131840237e-01 6.122785435312950719e-01 6.042444893389086191e-01 6.104170717553015768e-01 6.087788274296340729e-01 6.062325406051981558e-01 6.076885427398631689e-01 6.041466830421290402e-01 6.060859470752900657e-01 6.347967983309692475e-01 6.229566831494210977e-01 6.160508903809671644e-01 6.208132607099674516e-01 6.175669012222519960e-01 6.179673849789456552e-01 6.109966484512965312e-01 6.132113149168955113e-01 6.215514804140975791e-01 6.180186003233540948e-01 6.152680294253441984e-01 6.031904652853421478e-01 6.071061340341757928e-01 6.152440197292078361e-01 6.090951863327546123e-01 6.048609691734629923e-01 6.070262404528874445e-01 6.121978308777260569e-01 6.090895074582177715e-01 6.076591860742979190e-01
5.913527749586464100e-02 9.191569714835476357e-02 1.794439320894093970e-01 3.290850778516029029e-01 1.000000000000000000e+00 3.248266110263182682e-01 4.517026191499966536e-01 4.776605389801144019e-01 4.490203128972454216e-01 3.954211928926623654e-01 4.555910620712962933e-01 5.026663985646926402e-01 4.756857341835296626e-01 3.721663667392147712e-01 5.069160739071705279e-01 5.072102993216099920e-01 4.673603233669280654e-01 3.879005863761619821e-01 4.223605696320503200e-01 3.905509205015041951e-01 4.282039091441823819e-01 4.622012596647544491e-01 4.444071945348420094e-01 4.063753003104575989e-01 4.222730800666436579e-01 4.766012381859862090e-01 4.888946559552317939e-01 4.662363205629934670e-01 4.630389814861952114e-01 4.760835590361497394e-01 4.915251590429959294e-01 4.955535563221917239e-01 4.556850189438403365e-01 4.709615985313346243e-01 4.720676453335361233e-01 5.063796082153508848e-01 4.887572243127585314e-01 4.918299812562145212e-01 5.007115479398951408e-01 4.864751200210757909e-01 4.980080722762386669e-01 5.091676109958204188e-01 5.121679878926123086e-01 5.071508363891135129e-01 5.024810826296948196e-01 5.022410620568314998e-01 5.038247359514946844e-01 4.987228722949036963e-01 5.014303894861944499e-01 4.983093168611872903e-01 5.106898919674792703e-01 5.066281295002413865e-01 5.037972728127945166e-01 4.976502773958651482e-01 5.064648697722439197e-01 5.049787344330289862e-01 4.974479756120498419e-01 5.001721185600849218e-01 5.021738104947385262e-01 5.043731960606278042e-01 5.084858014479535226e-01 4.952384935875236982e-01 5.024492810330081216e-01 4.979364367275960213e-01 5.016906538338101740e-01 5.062307417299185541e-01 5.023103331249357817e-01 4.960940943348447485e-01 4.994800961203841316e-01 5.094278007091226357e-01 5.035238167030834378e-01 4.972338820256353431e-01 4.923110239923050302e-01 4.928043813113941463e-01 5.017391157299797566e-01 5.018051184220556626e-01 4.993389486496279117e-01 5.002547889053124974e-01 4.985658857654838294e-01 4.935536849293099548e-01 4.973343262957730104e-01 4.988462392105231791e-01 4.998183643525261344e-01 4.958100769947836328e-01 4.992029360299715113e-01 4.989209036820846932e-01 5.017957495748297525e-01 4.998044502612508100e-01 4.989461733278164890e-01 4.981269540127545303e-01 4.956619271577273333e-01 5.026867527311937867e-01 4.991834141186004548e-01 4.980631483041375596e-01 4.982578946586795898e-01 4.995105023167304426e-01 4.923053666473697909e-01 4.926906505163789474e-01 4.995737682930672108e-01 4.993996641248173995e-01 5.029548903128582271e-01 4.971473360528955721e-01 5.040464018840535854e-01 5.014327385568768669e-01 5.053325419342431513e-01 4.864980051679222983e-01 4.985654894447846819e-01 5.016369934032649525e-01 4.987054782442013612e-01 5.018486174206548966e-01 4.950041057662905586e-01 5.017156059203029539e-01 4.946585932266817087e-01 5.013560863629524800e-01 5.023414340575085291e-01 5.020046236269917195e-01
4.483545512351763684e-02 8.214441153366491832e-02 2.810434652556196289e-01 3.836362132677577641e-01 3.248266110263182682e-01 1.000000000000000000e+00 5.304087696092137927e-01 5.135319116663702443e-01 5.031846358610163605e-01 4.546680549754069101e-01 5.279494952424952370e-01 5.529914845590103711e-01 4.925630280367676028e-01 4.336331145743100857e-01 5.539778587979466984e-01 5.670758117975580603e-01 5.364056708906401738e-01 4.653998995044160147e-01 4.927831291413493076e-01 4.236850531502605044e-01 4.908098218628426102e-01 5.365708622046536647e-01 5.137537986941461687e-01 4.675376832288534179e-01 4.830889247013357979e-01 5.652048066849486574e-01 5.644792773463890301e-01 5.421746109848751827e-01 5.340558773465337028e-01 5.424752115750002268e-01 5.620086300951886438e-01 5.662660252258530091e-01 5.419587722697704057e-01 5.534032047095677198e-01 5.405775483140771165e-01 5.652421609262645585e-01 5.677895992621589949e-01 5.696607536982917219e-01 5.719497347597062298e-01 5.622959920906371867e-01 5.625234411746482532e-01 5.712680933903924174e-01 5.780619679430871738e-01 5.783105858954218359e-01 5.753058200834590963e-01 5.643993306242856001e-01 5.641238638516559156e-01 5.601908629499010583e-01 5.706704011666841048e-01 5.757515091069845825e-01 5.790051249184450244e-01 5.725767759321993555e-01 5.740384978713045649e-01 5.640812987616373730e-01 5.713292809241735659e-01 5.704274412951645390e-01 5.735288161951609398e-01 5.659509323718749929e-01 5.746776653651853861e-01 5.652150110192561971e-01 5.728327994250157484e-01 5.628521390265464053e-01 5.718946775975589647e-01 5.686349078164711912e-01 5.649422941091898354e-01 5.720353574069385605e-01 5.614608276335132375e-01 5.635144038587589499e-01 5.630127339231617567e-01 5.691166051617044808e-01 5.702898118367302205e-01 5.662962362270762551e-01 5.576691484119835618e-01 5.627079284523104352e-01 5.702524534930728528e-01 5.718695615686858469e-01 5.651766421638509952e-01 5.636412693910926031e-01 5.624850826324949704e-01 5.629897610620258064e-01 5.670898230928917982e-01 5.660068127164143981e-01 5.709320508479039935e-01 5.664176325594153516e-01 5.718598722223114939e-01 5.692644875307463215e-01 5.670881373661492697e-01 5.660130167291789194e-01 5.679630571515922322e-01 5.665314841889728115e-01 5.681707209998347885e-01 5.662919698613999575e-01 5.634286965941533998e-01 5.673344670519273603e-01 5.623489543250433931e-01 5.622362552835366012e-01 5.754995334158242715e-01 5.694343516510593783e-01 5.679591887892215807e-01 5.701551190072903230e-01 5.670393995894360550e-01 5.693595988126343155e-01 5.656108444678340508e-01 5.668183383150020571e-01 5.731880739883254972e-01 5.665374476404301252e-01 5.651429744485421125e-01 5.619801823974606148e-01 5.642876451896062795e-01 5.648548797667165555e-01 5.643591546119423041e-01 5.607257213790256545e-01 5.617695199429789676e-01 5.664368610566317130e-01 5.698841431877073038e-01 5.650382915062894806e-01
4.479764933531408394e-02 9.560663795596842374e-02 3.658416594197934635e-01 5.729544817227607556e-01 4.517026191499966536e-01 5.304087696092137927e-01 1.000000000000000000e+00 7.606745697600412193e-01 7.006388449790622586e-01 6.338016916664871436e-01 7.442669476215868496e-01 8.001224459343722062e-01 7.261525596843408925e-01 6.355325343337953070e-01 8.377570055776415447e-01 8.144954770223149509e-01 7.377944226220004564e-01 6.465401127176956253e-01 6.866500920103116856e-01 6.589002412308101464e-01 7.098554348006176351e-01 7.580115311248830645e-01 7.170055886632308306e-01 6.512959158062123777e-01 6.765393444762320962e-01 8.007340624615191249e-01 8.016591686583854903e-01 7.821824189489698931e-01 7.652144998083669769e-01 7.734789827142259933e-01 8.032554176285628955e-01 8.059685619911687304e-01 7.906694952879039784e-01 7.853763003473210880e-01 7.859662369577185004e-01 8.040105824018122238e-01 8.054338641083820249e-01 8.320326499194368175e-01 8.221234577579193958e-01 8.138538070934624447e-01 8.090074219143300605e-01 8.302318166800466415e-01 8.245808921907807898e-01 8.281565938682192707e-01 8.154632523609349759e-01 8.194693187427211090e-01 8.138119898522006013e-01 8.091934667259292890e-01 8.195936757476457446e-01 8.214948612287694685e-01 8.285399387932448345e-01 8.013966577516247192e-01 8.154961969705792901e-01 8.040544728592868839e-01 8.157588253265130041e-01 8.223143696826035187e-01 8.097825399679491332e-01 8.151560586329543723e-01 8.250040077384419579e-01 8.099351774194317732e-01 8.201950380370512939e-01 8.097107444855454750e-01 8.229874279784410440e-01 8.106125792839968813e-01 8.055552118783487758e-01 8.122829309388095442e-01 8.081570305525258568e-01 8.026136634823061167e-01 8.067534526862938371e-01 8.328686605298901702e-01 8.188287667900465694e-01 8.056212608539625730e-01 7.925204434369234052e-01 7.935055624202821400e-01 8.217527009830203344e-01 8.209714915430597060e-01 8.213739145349172599e-01 8.173026009431665351e-01 8.126968564390666394e-01 8.110959757855746854e-01 8.114434268093588809e-01 8.122320525710204908e-01 8.235881389499369876e-01 8.184142941121206327e-01 8.241987245455812960e-01 8.144739894678272307e-01 8.166285019317787164e-01 8.237541631756721827e-01 8.190002476289642841e-01 8.176581248327259299e-01 8.242246513222059034e-01 8.206934438636857010e-01 8.135758289628365336e-01 8.173192108104945230e-01 8.140437304569501098e-01 8.106110061627987973e-01 8.276808580731332965e-01 8.100861033202175765e-01 8.178600324444768033e-01 8.247790064465430060e-01 8.180259335308019963e-01 8.173889205812693293e-01 8.101197357023049994e-01 8.166046862440449194e-01 8.177250930097914594e-01 8.079410878595570944e-01 8.155985588613572368e-01 8.088651834260983664e-01 8.134913735275400848e-01 8.175670532800817236e-01 8.147158056192244091e-01 8.083377866196751471e-01 8.088983890903289620e-01 8.134057029668680938e-01 8.132662012010156705e-01 8.076612492262909004e-01
4.416908287058109867e-02 1.037580216597423083e-01 3.398888589268471705e-01 5.610582317120947904e-01 4.776605389801144019e-01 5.135319116663702443e-01 7.606745697600412193e-01 1.000000000000000000e+00 7.239699893807712838e-01 6.400587635268807363e-01 7.430254514559195833e-01 8.113719964369715543e-01 7.360706128603612397e-01 6.172618474906906849e-01 8.220907460985732440e-01 8.291868851906132321e-01 7.469860920979609631e-01 6.565027996567220914e-01 6.935934411903932340e-01 6.495701201471036912e-01 7.013964677911456169e-01 7.528572713264317651e-01 7.135201115773270875e-01 6.604829296484479029e-01 6.758901648303660137e-01 8.035749237722068505e-01 7.926171658918939045e-01 7.656108824821900027e-01 7.578428911380307165e-01 7.815032914267159292e-01 8.080945406770871919e-01 8.053627053217273790e-01 7.661745700622557553e-01 7.799972535384384065e-01 7.769432900405841558e-01 8.059447647569378814e-01 8.004683175507122384e-01 8.219543163576893408e-01 8.221247037481932418e-01 8.003256619424092833e-01 8.126166538629427949e-01 8.244202488841113619e-01 8.260837547432402506e-01 8.298498702806796912e-01 8.120065171883910082e-01 8.185634159624003425e-01 8.230013504800094415e-01 8.202929884670614458e-01 8.299078123560419407e-01 8.289657028438551789e-01 8.379620981190525342e-01 8.160736057470897586e-01 8.254103858116034198e-01 8.159399710707072595e-01 8.261777441632413010e-01 8.235136357458482381e-01 8.257307174272050521e-01 8.228640750121631875e-01 8.365991036998954300e-01 8.210232537557035082e-01 8.335971814354706799e-01 8.244114080275307677e-01 8.320176952413442795e-01 8.278867296495840966e-01 8.182463407123269361e-01 8.272389375145067225e-01 8.187537814124535851e-01 8.136494216395488976e-01 8.164662282087625789e-01 8.363099793086191669e-01 8.257236741400926228e-01 8.143623880400556736e-01 8.031743416032637306e-01 8.025834697469375056e-01 8.278454406924647957e-01 8.285140417403774604e-01 8.221875024727702819e-01 8.219933583864510451e-01 8.172145001215991300e-01 8.184781690691422806e-01 8.175587979084427692e-01 8.215460629874380416e-01 8.225975923202121232e-01 8.193742874138403298e-01 8.299271093344749994e-01 8.184869812710429127e-01 8.214197248315576738e-01 8.266546874880650320e-01 8.216106990011066147e-01 8.271306356720191655e-01 8.224867995826148359e-01 8.247117604121991796e-01 8.177988529033052290e-01 8.233944687228852422e-01 8.233003299024177490e-01 8.209780120416318994e-01 8.335649852987387920e-01 8.268835996822033740e-01 8.326853530199819220e-01 8.334981237389494924e-01 8.284847979789329298e-01 8.308310473033333476e-01 8.220519150640580586e-01 8.280365044396100771e-01 8.305368127549708213e-01 8.259498123215659460e-01 8.273840333016633242e-01 8.215142152077351545e-01 8.244358287970050547e-01 8.274470004039926607e-01 8.257692171175492479e-01 8.209034743337551010e-01 8.221051181218105297e-01 8.257015284687235779e-01 8.213717045724062693e-01 8.225791852633009826e-01
1.082650989548294973e-01 1.685918186529518636e-01 3.664896917088663053e-01 5.528397283828312414e-01 4.490203128972454216e-01 5.031846358610163605e-01 7.006388449790622586e-01 7.239699893807712838e-01 1.000000000000000000e+00 7.449310321741049457e-01 7.851738230064922996e-01 8.085605452458149989e-01 7.639008933519239042e-01 6.401627457115771636e-01 8.228905802754280518e-01 8.365468179387777203e-01 8.394024775010670014e-01 7.225466658828997302e-01 7.809842552321876186e-01 5.316615730302149956e-01 6.482830902674509010e-01 7.989408102245618704e-01 7.899540726099616439e-01 7.182345055408695389e-01 7.662669096497497501e-01 8.437068468824376888e-01 8.460977090757544339e-01 8.027415411529638112e-01 8.076717263216260934e-01 8.676149200973382047e-01 8.751195711097996544e-01 8.598784931564295020e-01 7.973890330701731699e-01 8.128529735125170630e-01 8.289670776714361811e-01 8.309675879546899457e-01 8.482260069279458081e-01 8.439139138561115860e-01 8.559891052221295649e-01 8.168234299110636032e-01 8.623076117550587671e-01 8.471908920280406541e-01 8.378499816867094330e-01 8.611565440626033352e-01 8.593621136452224141e-01 8.549541198081785920e-01 8.665231337473335849e-01 8.789234569972069755e-01 8.623458790317394262e-01 8.280868404161793039e-01 8.506131621085759598e-01 8.227966603380635346e-01 8.476731733742990382e-01 8.785129328526529724e-01 8.712223494546920133e-01 8.673178503924379168e-01 8.545192615654713109e-01 8.659937615131176880e-01 8.607205724326982832e-01 8.696825960994466476e-01 8.600195168986477512e-01 8.697220355160458771e-01 8.576834139211287900e-01 8.599381365703521185e-01 8.729026396876109484e-01 8.679371129615112146e-01 8.760678106572772350e-01 8.786833163897594945e-01 8.820882839834429667e-01 8.362468017891474537e-01 8.690213991559589957e-01 8.783405969590536433e-01 8.679738442521688357e-01 8.676340693125679238e-01 8.754815424096995535e-01 8.737597221776869372e-01 8.705041900868113469e-01 8.678744141156811143e-01 8.701125406969038023e-01 8.796317105476211262e-01 8.759104200947703811e-01 8.789510157093852749e-01 8.709103418815399289e-01 8.691457185431992194e-01 8.569328487900003122e-01 8.675832425700766848e-01 8.674798502762748331e-01 8.646351653563431050e-01 8.663740834650499600e-01 8.765460188789790941e-01 8.627806312877012163e-01 8.677396503771356295e-01 8.682357411329928443e-01 8.694540369711037942e-01 8.702122649484663741e-01 8.723759491221532159e-01 8.436844446276342557e-01 8.532941309394760365e-01 8.637017851388208989e-01 8.575510981038146907e-01 8.664498702377366746e-01 8.675514236280070790e-01 8.631612561272825612e-01 8.669123829549731930e-01 8.655752833329753981e-01 8.666315976741979510e-01 8.697695914901145686e-01 8.747072207345495398e-01 8.755583379309660463e-01 8.686060547506068152e-01 8.708664927164233571e-01 8.724992386682436374e-01 8.731123058780382307e-01 8.704402490449880681e-01 8.723351538030578167e-01 8.748614457254382248e-01
4.600886217058767352e-02 1.684973153459465300e-01 2.857599093487022679e-01 4.775615749839598467e-01 3.954211928926623654e-01 4.546680549754069101e-01 6.338016916664871436e-01 6.400587635268807363e-01 7.449310321741049457e-01 1.000000000000000000e+00 6.962153400826447402e-01 7.329522899477838305e-01 6.946724084109165975e-01 5.818715251812798250e-01 7.527450737994311192e-01 7.460932988802955190e-01 7.551405129641355352e-01 6.499826613360442096e-01 7.214250995067512662e-01 4.496704291349905014e-01 5.871275111866202101e-01 7.398685800719716488e-01 7.220744400430331167e-01 6.683190116006615389e-01 7.310851495068255712e-01 7.720358218876929302e-01 7.710278301546760193e-01 7.501014661131323313e-01 7.500292311803500311e-01 7.979937665336469532e-01 8.086056748156130736e-01 7.887211916727556726e-01 7.456096048155396172e-01 7.531330410181494850e-01 7.768217253350734319e-01 7.751020651315702059e-01 7.891964092230838723e-01 7.679780471977217804e-01 7.916263013092940115e-01 7.630285943838061025e-01 7.954712340143371696e-01 7.831983824645682990e-01 7.722509903946596088e-01 7.905388796938757068e-01 7.941421445473401119e-01 7.959798765917515118e-01 7.963294663005913154e-01 8.094786059362504282e-01 7.813991527252680536e-01 7.512607582435876230e-01 7.736901085987387683e-01 7.506095316482555013e-01 7.745970302370701610e-01 8.075657722987271692e-01 7.977177561564755548e-01 7.996252709259735747e-01 7.718204516665435611e-01 8.007297239750587048e-01 7.797254640055770736e-01 8.022180240118085282e-01 7.864226566427219289e-01 7.932877052917217675e-01 7.847754306251427669e-01 7.855667673732307232e-01 8.040975346741758845e-01 7.912364784369423365e-01 8.084942685743703450e-01 8.158060295041240639e-01 8.150844744061157554e-01 7.571998941219694190e-01 7.971689987668174604e-01 8.140034243758343946e-01 8.039142859796329921e-01 8.071806117884638976e-01 8.043784513995279051e-01 8.052437678763180173e-01 8.056070475240659778e-01 8.076799707736247447e-01 8.077006250951263011e-01 8.086521601820240157e-01 8.057144617657526764e-01 8.081152786911811603e-01 8.074175960286648079e-01 8.034399646290080188e-01 7.887957975962071044e-01 8.039188877593705929e-01 8.057345012299870213e-01 8.006893224853327551e-01 8.019614199531878151e-01 8.104555137989958302e-01 7.987479241403927510e-01 8.012801703524010666e-01 8.061450477635416778e-01 8.023322204865066531e-01 8.006379904889251442e-01 8.053727096677288921e-01 7.706774749866914798e-01 7.695762951955247289e-01 7.901033846381668724e-01 7.863004397742376916e-01 7.988054092295999720e-01 7.940778512649694365e-01 7.946287310909265766e-01 7.951343754498767513e-01 7.943088503863803274e-01 7.881425926875892385e-01 7.970496341407073970e-01 8.102348607663054647e-01 8.089600967967012224e-01 7.993605192236271639e-01 8.040390933933510009e-01 8.035557735565240778e-01 8.015083530359494723e-01 7.977687036635690010e-01 8.041631793639113512e-01 8.024279769473487978e-01
4.657361386071137699e-02 1.436930293625843791e-01 3.687382129983426404e-01 5.449366210307744485e-01 4.555910620712962933e-01 5.279494952424952370e-01 7.442669476215868496e-01 7.430254514559195833e-01 7.851738230064922996e-01 6.962153400826447402e-01 1.000000000000000000e+00 8.510139924987624171e-01 7.790237841330853730e-01 6.567490701822502608e-01 8.554527433101584144e-01 8.577707815817511294e-01 8.184956178107750668e-01 6.773448983781120702e-01 7.511108626190802218e-01 5.874251303549961056e-01 6.760266859867788414e-01 7.899676088594392853e-01 7.676089967656327673e-01 6.919186637071728097e-01 7.373866821537607974e-01 8.414561499536148403e-01 8.378184255613879694e-01 8.129559475798128210e-01 7.928623709326596547e-01 8.450466101530089702e-01 8.704681098411830575e-01 8.547911085692647681e-01 8.208117098046479043e-01 8.245333798994350927e-01 8.366170155209164960e-01 8.557183661186393842e-01 8.588090785148637663e-01 8.700093014593296425e-01 8.775203573265376589e-01 8.540528796600117545e-01 8.779257839655323359e-01 8.776753263572316666e-01 8.703354426741126693e-01 8.823765065988793399e-01 8.767923514539128771e-01 8.787740543226406631e-01 8.837085150157131253e-01 8.821236810532658845e-01 8.748114194945161293e-01 8.575102411086942267e-01 8.780049465978124745e-01 8.555427026892349351e-01 8.684975107618505552e-01 8.720893521607651078e-01 8.718445875771355658e-01 8.714166110615120253e-01 8.575981808985551069e-01 8.781722090681243209e-01 8.786514601665078583e-01 8.789502613942082876e-01 8.817684515179740057e-01 8.745560288982296981e-01 8.747161209142493288e-01 8.711037334317801584e-01 8.745161671353604005e-01 8.776324299765445591e-01 8.820830613883541282e-01 8.723565723457282761e-01 8.782695933720633397e-01 8.581741496621083654e-01 8.774258962692823571e-01 8.797758980383125760e-01 8.616350323962229663e-01 8.643053232332869040e-01 8.855800178882580198e-01 8.843372868486437666e-01 8.828538102602476734e-01 8.732635936560945167e-01 8.807820627604250330e-01 8.821926944310745089e-01 8.848370979729791586e-01 8.858591939234050638e-01 8.825850761558140523e-01 8.832305875830619435e-01 8.763274192392718209e-01 8.799537683715424885e-01 8.853231871541011877e-01 8.847329676104316309e-01 8.839814086873439836e-01 8.815513643477989048e-01 8.887978241929139767e-01 8.866266649828795643e-01 8.819543086074672633e-01 8.864237583374448004e-01 8.848214151866458099e-01 8.838670676773144885e-01 8.734879387618453839e-01 8.635890265395876897e-01 8.810041715150601638e-01 8.824339225323334368e-01 8.833361087022526537e-01 8.789424683677972139e-01 8.792877593625341159e-01 8.836009595238414338e-01 8.813066760472157979e-01 8.667925667199614104e-01 8.804335063302615172e-01 8.801476681708795269e-01 8.823878196106710314e-01 8.830980085877158103e-01 8.806384553203890908e-01 8.810648749022433890e-01 8.804218938071316503e-01 8.828290992905858392e-01 8.838021804928147818e-01 8.800475078019469599e-01
3.715592260761031024e-02 1.134372636515696836e-01 3.685921913720019982e-01 6.364900781263620466e-01 5.026663985646926402e-01 5.529914845590103711e-01 8.001224459343722062e-01 8.113719964369715543e-01 8.085605452458149989e-01 7.329522899477838305e-01 8.510139924987624171e-01 1.000000000000000000e+00 8.256235910616743778e-01 6.849115533849867710e-01 9.090554349803078305e-01 9.118655849710861627e-01 8.304577621002967591e-01 6.828273978852561488e-01 7.569539215773274377e-01 6.730877171238678347e-01 7.407235004083063679e-01 8.228011402837487331e-01 7.837941775326541238e-01 7.057867808415485555e-01 7.438244705719235794e-01 8.821837254678709384e-01 8.831560955806949664e-01 8.440549123310091550e-01 8.275362876554263059e-01 8.746183336654664853e-01 9.048113203183083542e-01 8.979217460806455664e-01 8.593797446922417649e-01 8.625660784287917382e-01 8.739411035303942255e-01 9.031137964041345834e-01 9.003636981338491996e-01 9.162452504009276355e-01 9.268395944308357448e-01 9.019041230185100844e-01 9.176976911128201797e-01 9.250205312710078065e-01 9.223489484614836309e-01 9.343868549575155003e-01 9.182371003890354988e-01 9.236923986454376179e-01 9.337257559228711035e-01 9.286903221595025348e-01 9.336597837535081101e-01 9.208877506415622527e-01 9.366997048936251957e-01 9.177487042508656323e-01 9.286832195096823561e-01 9.208633169146913655e-01 9.244909964415738424e-01 9.198733763776756334e-01 9.237212920434995089e-01 9.313382803954896039e-01 9.349635206466202497e-01 9.324228717521056975e-01 9.391941184245297114e-01 9.322515313660757474e-01 9.352583905429272537e-01 9.327593649502365913e-01 9.206219790273566517e-01 9.343654494631811191e-01 9.275745357529748825e-01 9.091802611128528833e-01 9.175140279230054041e-01 9.235141931333588072e-01 9.231946616210208179e-01 9.182148180079077182e-01 8.972087149265652872e-01 8.986197579043678774e-01 9.318916273202412226e-01 9.298809010489523796e-01 9.259933696846647244e-01 9.204216492188429521e-01 9.227113910286310894e-01 9.213496148375455164e-01 9.264120934918798067e-01 9.285832220199429221e-01 9.303038883356067323e-01 9.274160621424319961e-01 9.313851669128421218e-01 9.250388396282013259e-01 9.295440115758877297e-01 9.332339263346449698e-01 9.334351106103833118e-01 9.237212899618167938e-01 9.350224194671679090e-01 9.342152251254044470e-01 9.305643125665737925e-01 9.331354613051525693e-01 9.323024148708247694e-01 9.318972597656414170e-01 9.336314660060914816e-01 9.247971009523943131e-01 9.356068577816354370e-01 9.369562857684287094e-01 9.359273729142635334e-01 9.333510883604244635e-01 9.330106661203482199e-01 9.345675438534699619e-01 9.353879164492828746e-01 9.234786998126228719e-01 9.334767257972635957e-01 9.284588432600742181e-01 9.283569133066194023e-01 9.354273020659149562e-01 9.286075516682055220e-01 9.320101397335787130e-01 9.304519709241220182e-01 9.342588689122722778e-01 9.306923053261860757e-01 9.314648753915725221e-01
3.177723465622930843e-02 1.392656389111396609e-01 3.179954150325015050e-01 5.669119480826234625e-01 4.756857341835296626e-01 4.925630280367676028e-01 7.261525596843408925e-01 7.360706128603612397e-01 7.639008933519239042e-01 6.946724084109165975e-01 7.790237841330853730e-01 8.256235910616743778e-01 1.000000000000000000e+00 6.315645841892431056e-01 8.426232164932573321e-01 8.480909606465529826e-01 7.809093083474353270e-01 6.290158297927535003e-01 7.067626134760880419e-01 5.841708710665883819e-01 6.662731368321532788e-01 7.567356599364243319e-01 7.145796539044647622e-01 6.606842906795813430e-01 7.026298765055866147e-01 8.084288871701441614e-01 8.055268143702810635e-01 7.604146500352969573e-01 7.415318334329311645e-01 8.153253055342538635e-01 8.372625903129801150e-01 8.299076708091867038e-01 7.696285884515035036e-01 7.913780083606302140e-01 8.044355657939689097e-01 8.279039503719339832e-01 8.309563702513732553e-01 8.347070550147965839e-01 8.565516444058742795e-01 8.168860780881274097e-01 8.593940401968201970e-01 8.564794943254507853e-01 8.469675881609480816e-01 8.667169248058347319e-01 8.456913228785999381e-01 8.569222893855681367e-01 8.727360334199787406e-01 8.714955421265360158e-01 8.673189766494389108e-01 8.425699157215754687e-01 8.658008370899132888e-01 8.437859355629012681e-01 8.610190830948154517e-01 8.635709784071332606e-01 8.621670314848225436e-01 8.500689384009599836e-01 8.470156611219996634e-01 8.686262044980660457e-01 8.649695226453445462e-01 8.765465287068666678e-01 8.745721388431937360e-01 8.708527935788771268e-01 8.668943036441711936e-01 8.691261905989677850e-01 8.623297289006166544e-01 8.720650158975671307e-01 8.729433678400094765e-01 8.554022868326814910e-01 8.629854817062500016e-01 8.498658609086851001e-01 8.611015323568042001e-01 8.624227153490251485e-01 8.450156695956920760e-01 8.461599709997966734e-01 8.704366646928057838e-01 8.669762320767888664e-01 8.643921336617569340e-01 8.517008013121886156e-01 8.617767108274005938e-01 8.654877316844092894e-01 8.667474875139296042e-01 8.703839144605519662e-01 8.650389767450035183e-01 8.633266756654656149e-01 8.653039666894655202e-01 8.645640777115565223e-01 8.683504066873151128e-01 8.724220131579740745e-01 8.723246708663118243e-01 8.645244108768790348e-01 8.667354152346998797e-01 8.740826480101614449e-01 8.713918005886952534e-01 8.725709734673765539e-01 8.750798320874029201e-01 8.753516372338204787e-01 8.612366192317965075e-01 8.608996658820571302e-01 8.717591653630789583e-01 8.709105605603989497e-01 8.717483191413278876e-01 8.704622195532224493e-01 8.756835670101175140e-01 8.760971782308497602e-01 8.721169319714457968e-01 8.562718274634618654e-01 8.748081433481031954e-01 8.728835255323633691e-01 8.712119576788490694e-01 8.756158366084829670e-01 8.695922523722008357e-01 8.760243129285124608e-01 8.728728146334905347e-01 8.742782443469586662e-01 8.714837034536453420e-01 8.748131017848613800e-01
