1.000000000000000000e+00 1.751916420432971799e-01 2.075224857168384285e-01 6.946439854336883268e-02 -7.005507840176027068e-03 6.490953449969165401e-02 1.376067686252220312e-01 6.700292538115652785e-02 2.141947387864788499e-01 9.045840024338989982e-02 1.029488193404089619e-01 4.737347818967736074e-02 9.798161168208766036e-03 1.574506409251735795e-02 6.807180435597644241e-02 7.730942558079487159e-02 2.376044927156212017e-01 3.063949405808201742e-01 2.864029981400665337e-01 2.472654495044358802e-01 2.510527020921251018e-01 2.650084547496570631e-01 2.441737195002921801e-01 2.358544786987555320e-01 2.270607906390030573e-01 2.430446850964546324e-01 2.488176451811246748e-01 2.423165265993406370e-01 2.505524415808145777e-01 2.297908450428630123e-01 1.897270017320240310e-01 1.327771446537333866e-01 1.639790960235825990e-01 1.629117304521518206e-01 1.803104335886403509e-01 1.455907535926435903e-01 1.311687167569360601e-01 1.173047814913890652e-01 1.172753869946884936e-01 7.445072928692439418e-02 9.540846014783088691e-02 7.998734811574190195e-02 8.326126151426149757e-02 1.010461767745563372e-01 1.480196641303083982e-01 8.118330531750661549e-02 1.159157363369274843e-02 5.910081470312773116e-02 2.141615923597811610e-02 8.275690063910115524e-02 7.548221320401880818e-02 8.297470160320359611e-02 3.338593511946665732e-02 1.038517205607185911e-01 7.861636464561783111e-02 9.052995880292477593e-02 8.840509814574143421e-02 6.596247662607811202e-02 3.926610149469558081e-02 7.980191075303287584e-02 3.445527547508127342e-02 7.140461874469637704e-02 3.092650259459435100e-02 7.439471094079125324e-02 1.119662878442828774e-01 9.256400694444641419e-02 5.479893399329679310e-02 9.345022191260471400e-02 7.027405183749366180e-02 1.031260266185494157e-01 1.162225953751194613e-01 1.057021519745961063e-01 9.706841882167148439e-02 9.364358611301959456e-02 9.733473663294810174e-02 9.394906904794424196e-02 1.012910839199194640e-01 1.028551654926809222e-01 8.990823855301804945e-02 9.188514608009362705e-02 8.375396120417688550e-02 7.311964557663405695e-02 8.614723482360464590e-02 8.282472534062261527e-02 6.332319148688783650e-02 4.800028354041840917e-02 6.916704993069859586e-02 5.762952770068812541e-02 5.061517391739189797e-02 8.073204285285058568e-02 5.203649658103888520e-02 4.594260445172027030e-02 6.070041330262843787e-02 5.375211922169274847e-02 9.098395481698235560e-03 2.201032707906411603e-02 6.029558906859893569e-03 3.915938960230860161e-02 9.715858674691810193e-03 2.753556883389568152e-02 2.740035746914026848e-02 3.430568465432676240e-02 1.715867856083418130e-02 3.219934787632226098e-02 4.725393501878805136e-02 5.055279969552714525e-02 2.578154544175875751e-02 4.027973319536080204e-02 5.219637056111720713e-02 1.716459878291649865e-02 2.099376871394927763e-02 3.413234141488590695e-02 3.739982098472671018e-02 4.529634015097342564e-02 7.606533582213211020e-02 5.545057494463765529e-02
1.751916420432971799e-01 1.000000000000000000e+00 8.308830727496159529e-02 1.659279784219488615e-02 5.961544245271267056e-02 6.861294644543368404e-02 1.306854792776536434e-01 9.959265472596530444e-02 1.680593612187392394e-01 1.916800523075256057e-01 1.412959037872412449e-01 1.082140628178557828e-01 1.089650594845198162e-01 1.161470870655152976e-01 1.350937561298591882e-01 1.112055270153810560e-01 1.504363019755675102e-01 1.397242464026147990e-01 1.092744155733544470e-01 1.153789134558004803e-01 6.632083057492893508e-02 8.903723447560621396e-02 1.338249853466160488e-01 9.072060327300444926e-02 7.752449953157040941e-02 2.095806433255294754e-01 1.806922964189627834e-01 1.853213536390534710e-01 2.006791059598008464e-01 2.092328536429005348e-01 1.765866860968547392e-01 1.284184544158129271e-01 1.764812567242375063e-01 1.255072628380965449e-01 1.814487385558698485e-01 1.032635984047604177e-01 1.331516537879965933e-01 1.523404925868759030e-01 1.498552358234140625e-01 1.079297810337866981e-01 1.425660531630378869e-01 1.309722295062109021e-01 1.236700637045496376e-01 1.304052962520268477e-01 1.378519453605150935e-01 1.582022489416867739e-01 1.323031233209656654e-01 1.504599266735428542e-01 1.160941713875850018e-01 9.858387203177107483e-02 1.191279461023757591e-01 7.357440713527092779e-02 1.014097675847714652e-01 1.663614026931176104e-01 1.430389482522710087e-01 1.440995983734605912e-01 1.143885029894396166e-01 1.384766940691161408e-01 1.242656288892334815e-01 1.359785730255952951e-01 1.177982834426933995e-01 1.369406094216191749e-01 1.195400467070329709e-01 1.260396536099059883e-01 1.281215876300273171e-01 1.342066754902376813e-01 1.412914273897236117e-01 1.436233389237667468e-01 1.455455612617896077e-01 1.288301714489138716e-01 1.178908562790560305e-01 1.330677202227820155e-01 1.231479438863520154e-01 1.203864008634941973e-01 1.765978369771227519e-01 1.566477503055278553e-01 1.671228181765876120e-01 1.737273735363364102e-01 1.651283030276235464e-01 1.684295300537107243e-01 1.488585435099509524e-01 1.552981897986165927e-01 1.507178152883942857e-01 1.611272850199225726e-01 1.372530191314140779e-01 1.256724510902011427e-01 1.389289875670921270e-01 1.491733790312756158e-01 1.453352514326916312e-01 1.542922008986068738e-01 1.468024685995746870e-01 1.417916403265518932e-01 1.384129189788609604e-01 1.457881628763364190e-01 1.334388629121118497e-01 1.379875508529635753e-01 9.987919843929309038e-02 1.115507896183298153e-01 1.169531722861532619e-01 1.247502860687110249e-01 1.274511870243307532e-01 1.249457278533161464e-01 1.043961012987429937e-01 1.262585162870031030e-01 1.166088212196909196e-01 1.269444415311654084e-01 1.308802865457973919e-01 1.508987596320351954e-01 1.530762198332741575e-01 1.298760426360894837e-01 1.386371400299241941e-01 1.322383215267578238e-01 1.417020737910566763e-01 1.301305599035783578e-01 1.317414461830788697e-01 1.366375690746948202e-01
2.075224857168384285e-01 8.308830727496159529e-02 1.000000000000000000e+00 2.558663220887366641e-01 1.324601725259015872e-01 1.514202100539171203e-01 2.743167735788454298e-01 2.083599484318160722e-01 3.139372637011291212e-01 2.768826744776002879e-01 3.072070389212291364e-01 2.706099348354094603e-01 2.044483077955285832e-01 2.060522263024799350e-01 2.797836727991324102e-01 2.682433255309087938e-01 3.379606467451619078e-01 3.840263347869190547e-01 4.084083626275727408e-01 2.911178725046958404e-01 3.639017877000433887e-01 4.091472685122122810e-01 3.745557548131934755e-01 3.959973704808010253e-01 3.971583612953461517e-01 3.750641232948586645e-01 3.819761875682388119e-01 3.901218726150351146e-01 3.601058652255129666e-01 3.738778979299023919e-01 3.622666261825532308e-01 3.410510813128748708e-01 3.607769210378976577e-01 3.753642158166307086e-01 3.602923102557157309e-01 3.477800372432497400e-01 3.432599268660728176e-01 3.197563603570288127e-01 3.299850577706843202e-01 3.259850181088777554e-01 3.169753561917730833e-01 2.989231375500202570e-01 3.062916314564579356e-01 3.134924712618399334e-01 3.591306626253485401e-01 3.081157663381245970e-01 2.477821078047372227e-01 2.721898268998615422e-01 2.508730517779779179e-01 2.918604173360376808e-01 2.823196974359998279e-01 2.838669348483099930e-01 2.579410920255220674e-01 2.904872107673750481e-01 2.797679709859727248e-01 3.146948206735457054e-01 2.699499359457296910e-01 2.808206300311036352e-01 2.539106494168708594e-01 2.833353084187852367e-01 2.605432828973574533e-01 2.653096503823796914e-01 2.418441929223741627e-01 2.675999130818951244e-01 3.061813114209546716e-01 2.814126950814191952e-01 2.735335360984522124e-01 3.064877494584392070e-01 3.008658492519137861e-01 3.043428140707254426e-01 3.350980017750907480e-01 3.233072931610087575e-01 3.222549873938417853e-01 3.260662491234703753e-01 3.081350440227150767e-01 3.097019864079554319e-01 3.059822658178221744e-01 2.999328839252425882e-01 2.995153459423710585e-01 3.101793367046041250e-01 3.156793784186567309e-01 2.936248420423068772e-01 2.987040445639625452e-01 3.070720279641922512e-01 2.982376891875651581e-01 2.929521638746002132e-01 3.077032746503949312e-01 2.837921850364185650e-01 2.857190139121577599e-01 3.006130865042261902e-01 2.923587092483462824e-01 2.794919389574445079e-01 2.978548019392488477e-01 2.838611009885498304e-01 2.499604611277716770e-01 2.557428596621570405e-01 2.527622446798766243e-01 2.615676809392246116e-01 2.473158128594565019e-01 2.706930140066601820e-01 2.680685159731284184e-01 2.570857499540470936e-01 2.534472369988521323e-01 2.689293548465378492e-01 2.781618273522126206e-01 2.644243679270277259e-01 2.552204944658074126e-01 2.655837703800776328e-01 2.719513897010165104e-01 2.533248237203623576e-01 2.592214250256246189e-01 2.626011038107511353e-01 2.587232054535192338e-01 2.639800832488186644e-01 2.849841595659676208e-01 2.672753411631779152e-01
6.946439854336883268e-02 1.659279784219488615e-02 2.558663220887366641e-01 1.000000000000000000e+00 2.301706668313978077e-01 2.682989985885939621e-01 4.063043378196523614e-01 4.201649631286587527e-01 4.259823310649291650e-01 3.469352625997672024e-01 4.370727414030913804e-01 5.186730950307084642e-01 3.964405718117652300e-01 3.980524696144739361e-01 4.672295962846916284e-01 4.669159889084464332e-01 4.133755601480311737e-01 3.378987941677820128e-01 3.724525054911067556e-01 3.293382892359695835e-01 4.448580879685727352e-01 4.307505572625023316e-01 4.171925931537343590e-01 4.234205488675999995e-01 4.267699355508447479e-01 4.464343944051415991e-01 4.445702356786873644e-01 4.424978046542363264e-01 3.902074669363314041e-01 3.774489197550978670e-01 4.522437304968496830e-01 4.754181213773833736e-01 4.213732212950399569e-01 4.636310415033842447e-01 4.172800417741604484e-01 4.828609130873730559e-01 4.554129615082328497e-01 4.654825939653718936e-01 4.703387187274007952e-01 5.017749107521582985e-01 4.865633988785759700e-01 4.731369660048475034e-01 4.898908066293786168e-01 5.116608640863534729e-01 4.994879531642006376e-01 4.686050662890278162e-01 4.455613355816553378e-01 4.644537480564368548e-01 4.640394222393530721e-01 4.999177655249337771e-01 4.925988099043299151e-01 5.073533428639069864e-01 4.876032786869831104e-01 4.577906296151169618e-01 4.767478657133795150e-01 4.743713057993779181e-01 4.839591307405574083e-01 4.681018974437340940e-01 4.693972358311546134e-01 4.707321777562027965e-01 4.695379688339287871e-01 4.612604896541319666e-01 4.688459651467256073e-01 4.679222057466679852e-01 4.700430160115902645e-01 4.757310724331732521e-01 4.549264897836096666e-01 4.428449211092311821e-01 4.613136057726288097e-01 4.586930261774438411e-01 4.772693993618690178e-01 4.675913398135769228e-01 4.622496134702850368e-01 4.669286602325551372e-01 4.526538469339138060e-01 4.601622597643291179e-01 4.536277844959712979e-01 4.350312846983204196e-01 4.569366199461037947e-01 4.333224381208974907e-01 4.480030894888222814e-01 4.520891177763196045e-01 4.593670996839321896e-01 4.453379502225531805e-01 4.704860677371707767e-01 4.708764240926517353e-01 4.598439299756809651e-01 4.574075164116726544e-01 4.579178504253710313e-01 4.560083096098166422e-01 4.606155495187370108e-01 4.689666491375116819e-01 4.778253652129554885e-01 4.679850779649784021e-01 4.511294358511381830e-01 4.528018618329125999e-01 4.813464016666518797e-01 4.743980248407245193e-01 4.669527392776961494e-01 4.735956703460683648e-01 4.669463424775404103e-01 4.659561999776528074e-01 4.781760764430207367e-01 4.756296247482540429e-01 4.759268659297443138e-01 4.692536252953594667e-01 4.565121159680488594e-01 4.474854825461329622e-01 4.528212705344895617e-01 4.556897354128439104e-01 4.513450697619785235e-01 4.610948367864413644e-01 4.514445289230787917e-01 4.614603629852428446e-01 4.618337504578514663e-01 4.622342743754633276e-01
-7.005507840176027068e-03 5.961544245271267056e-02 1.324601725259015872e-01 2.301706668313978077e-01 1.000000000000000000e+00 2.258736008114106686e-01 3.450113419072819987e-01 3.650617554103594564e-01 3.726844165937379660e-01 3.603147281860382134e-01 3.631312824335867218e-01 4.111986026818958417e-01 3.639317679700093122e-01 3.636816456798968589e-01 4.283829768877404631e-01 4.084018477979799999e-01 3.726012592412536462e-01 3.137425539015405440e-01 3.229440820069219842e-01 2.702620271775043603e-01 3.118158064772528770e-01 3.512079302804663739e-01 3.521987297511703363e-01 3.432444561004843187e-01 3.618555687121078890e-01 4.107200093834557086e-01 3.906582998979959975e-01 3.942370847543762991e-01 3.541328569753143252e-01 3.807019668915036514e-01 4.181305376872936908e-01 4.164973387921173664e-01 4.003791416805048686e-01 3.987412350408893191e-01 3.940102729110643298e-01 4.255103924700777140e-01 4.292351840207205838e-01 4.263171372751696220e-01 4.384078942986437966e-01 4.278774511268792491e-01 4.479991064597320660e-01 4.388755656570013097e-01 4.421920018591899981e-01 4.452404045726012782e-01 4.447210410534978564e-01 4.311459527286147786e-01 4.410115136065471675e-01 4.438200356508637534e-01 4.281545509682482820e-01 4.194580175053584936e-01 4.272522384689206310e-01 4.185819658993245596e-01 4.256630620534930243e-01 4.313521268242767603e-01 4.214671795711050772e-01 4.482723005809615135e-01 4.184064177131412432e-01 4.446241469901468513e-01 4.190428900705510662e-01 4.453537111418070515e-01 4.327847889985951269e-01 4.306234323023795385e-01 4.253581798990084817e-01 4.415560101480746069e-01 4.280644850534683354e-01 4.357979893399926974e-01 4.418151397787805079e-01 4.378116137972030142e-01 4.399706796568488287e-01 4.262518911302906610e-01 4.322301856777932549e-01 4.367327103767197904e-01 4.302691499934899189e-01 4.379517047380520056e-01 4.405042155417736027e-01 4.367334400936073169e-01 4.369408782870221053e-01 4.266219120385043029e-01 4.392953601668700969e-01 4.358505086768612036e-01 4.399714522473611167e-01 4.416922183930892531e-01 4.402987104918487105e-01 4.342239304325838378e-01 4.347826145164364608e-01 4.326323550136468854e-01 4.427009002121609638e-01 4.382220029763254088e-01 4.417177918604432985e-01 4.461434353623080495e-01 4.407181158196497028e-01 4.443538352299160055e-01 4.444142278780550126e-01 4.447931841863634883e-01 4.407824517145212395e-01 4.415640227295347109e-01 4.325480555123351611e-01 4.248459899821655505e-01 4.371387181063279281e-01 4.381731367946570255e-01 4.433312766777851577e-01 4.307291699741444546e-01 4.346911328702533495e-01 4.451654627935032749e-01 4.401332973713919516e-01 4.308510558446771443e-01 4.352915938105120786e-01 4.444504632479531758e-01 4.396403554446808304e-01 4.395243993548252348e-01 4.365983219742418098e-01 4.455572749442952563e-01 4.331443462233298680e-01 4.412112098530921456e-01 4.377002043256265629e-01 4.398873898191780762e-01
6.490953449969165401e-02 6.861294644543368404e-02 1.514202100539171203e-01 2.682989985885939621e-01 2.258736008114106686e-01 1.000000000000000000e+00 4.359624546564817016e-01 3.854056986956281294e-01 4.210891956022823623e-01 3.951376448556477849e-01 3.999705945656362727e-01 4.564390375942174449e-01 3.867432575252880422e-01 4.153380582068384452e-01 4.917544364341150942e-01 4.517376048331960270e-01 4.254174318463885274e-01 3.672408680097289935e-01 3.929777196749879020e-01 3.113823550038297139e-01 3.731998606164781407e-01 4.099918726554065973e-01 3.936885909592474087e-01 4.088845420880805603e-01 4.188826534113650468e-01 4.627415051272982249e-01 4.554368987292378157e-01 4.582499857262217757e-01 4.290619447195226366e-01 4.271943949877878288e-01 4.818196160829838481e-01 4.625408223771250160e-01 4.431777628496968990e-01 4.640546334150459362e-01 4.380082109245119759e-01 4.538158435671084678e-01 4.698609507026197951e-01 4.872531093731207741e-01 4.892569315190056223e-01 4.757791337472630500e-01 4.820274380275846871e-01 4.907518865862872115e-01 4.978587097885536772e-01 4.858842122946171460e-01 4.887044541313212420e-01 4.995281503914507093e-01 4.839512431656669000e-01 4.854596133827603355e-01 4.720474631552668554e-01 4.618405894221936925e-01 4.863856588203372966e-01 4.559873156794103655e-01 4.667376613245096117e-01 4.793629489934136401e-01 4.714772420652927898e-01 4.919538346242101068e-01 4.583403620877123941e-01 4.893271483711815195e-01 4.754134517999054066e-01 4.839090959253882218e-01 4.824838337904375773e-01 4.727094948595395585e-01 4.682898419935653256e-01 4.800274807143315448e-01 4.807814514549326734e-01 4.765333495343562209e-01 4.890047663500574071e-01 4.914390628114246873e-01 4.879836382733738764e-01 4.737847650475039418e-01 4.919661190416671492e-01 4.970194696915310462e-01 4.867945806812351561e-01 4.937834983750049034e-01 4.921166761576395432e-01 4.902591711769216931e-01 4.894757767998100251e-01 4.828503411796172262e-01 4.983884657497624215e-01 4.850686499804672258e-01 4.863866338844196058e-01 4.968456337733066497e-01 4.869573115445675060e-01 4.829214383992078141e-01 4.829377111389007160e-01 4.823848638024325064e-01 4.913678277058119992e-01 4.915658419971229987e-01 4.917494303266858879e-01 4.917436841018077986e-01 4.921508277144841514e-01 4.947491298905047907e-01 4.941876522704786168e-01 4.971299706071012903e-01 4.831846055682290642e-01 4.868926573564726357e-01 4.765285481354298303e-01 4.750929214516620425e-01 4.822497557516395306e-01 4.901264467157673832e-01 4.922258026785715224e-01 4.788663070820602941e-01 4.840402835791474123e-01 4.916690704498678510e-01 4.903371536065736502e-01 4.762925713265140359e-01 4.825094791806893157e-01 4.848654424337874858e-01 4.858797386688097908e-01 4.822399940768901105e-01 4.839518580766455913e-01 4.840930701683680004e-01 4.824260852522448406e-01 4.833708631554022861e-01 4.925811819487087018e-01 4.845778351376138771e-01
1.376067686252220312e-01 1.306854792776536434e-01 2.743167735788454298e-01 4.063043378196523614e-01 3.450113419072819987e-01 4.359624546564817016e-01 1.000000000000000000e+00 5.995804907669513018e-01 5.959590795549875031e-01 5.491545532227496418e-01 5.976479692173213287e-01 6.513387716598355581e-01 5.705153986872352201e-01 5.752220403112435765e-01 7.498948120500407155e-01 6.969485915367482631e-01 6.258706693938571597e-01 5.416062279926553424e-01 5.616794736569103996e-01 4.836423931375588570e-01 5.496606041150529087e-01 5.812539151553814953e-01 6.089507672294410812e-01 5.961929804418267809e-01 5.859331568008250279e-01 6.724874300141793215e-01 6.708715016050620372e-01 6.826006359966065862e-01 6.086005603232047534e-01 6.144648419457082733e-01 6.861340455748520251e-01 6.851274351319720513e-01 6.653326104638144223e-01 6.800818798452764602e-01 6.531846065490093389e-01 6.628052556844936660e-01 6.761356357544366924e-01 7.208878625028539711e-01 7.047954357335322051e-01 7.005387777880904832e-01 7.038975970739410615e-01 7.110154121394924864e-01 7.113933581070851497e-01 7.224959770443943885e-01 7.003356748964404410e-01 7.142395140867396908e-01 6.816763742892744116e-01 6.945595447174196524e-01 6.784103196099158239e-01 6.928775428949385251e-01 7.083429207849220033e-01 6.885641688535373284e-01 6.841184255855941032e-01 6.962313726815467785e-01 6.843617813231477331e-01 7.054063646986623581e-01 6.781334983473820133e-01 7.019870705553790113e-01 6.892579636548432642e-01 7.029688026723011074e-01 6.960679109764293937e-01 6.882907675611802389e-01 6.767110329627317178e-01 6.865418272026317936e-01 6.826955374684688937e-01 6.952507061382504627e-01 6.919299992674130539e-01 6.916372765625639074e-01 6.983294634453331984e-01 6.804319747972543686e-01 6.940142918884278922e-01 6.989362046675302587e-01 6.898957093200323021e-01 6.887972404271359705e-01 7.017687084331464265e-01 7.008818152897883236e-01 7.086885203888544371e-01 6.814873013060938067e-01 7.044176103714117065e-01 6.886184815063666198e-01 6.967171806713801097e-01 7.002238638958019346e-01 7.020242915844601139e-01 6.971462510908603694e-01 7.000532996060755409e-01 6.940673174342990581e-01 6.980105372796122642e-01 7.065817129070993685e-01 7.027674916791808446e-01 6.984030868997541663e-01 7.059299798342177912e-01 7.030436983413294039e-01 7.048113986072663817e-01 7.109904188203681752e-01 6.838746713247729758e-01 6.888353454501883188e-01 6.757997671672633100e-01 6.844863697784220324e-01 6.877047225178957168e-01 7.019663566115164066e-01 6.986121702208919482e-01 6.889010768633642146e-01 6.918315768545423294e-01 6.992937430498060714e-01 6.972168139023884326e-01 6.836680237086505407e-01 6.871489670690362761e-01 6.910398257035397229e-01 6.886182588393934267e-01 6.888459538385701686e-01 6.897658655753777790e-01 6.947705978994132003e-01 6.887951823041672528e-01 6.908683088459258714e-01 6.910681574184288634e-01 6.931612844719520217e-01
6.700292538115652785e-02 9.959265472596530444e-02 2.083599484318160722e-01 4.201649631286587527e-01 3.650617554103594564e-01 3.854056986956281294e-01 5.995804907669513018e-01 1.000000000000000000e+00 5.852438853424490883e-01 5.287807466661292866e-01 5.763703536118869319e-01 6.257595780225720938e-01 5.671214094043385279e-01 5.717184348019115347e-01 6.841085988259202333e-01 7.010160336375512724e-01 5.760089361940095021e-01 4.490379182268410263e-01 4.830344408580539706e-01 4.351623918500090449e-01 4.926476260812345798e-01 5.230427784398959945e-01 5.561688991590411080e-01 5.178603563260986142e-01 5.286966595261304303e-01 6.270491398457207488e-01 6.082808098814073139e-01 6.227703671053992363e-01 5.569989842115768974e-01 5.514203377672748374e-01 6.350269850438996500e-01 6.404711778632745656e-01 6.153108767714238203e-01 6.245978150609723389e-01 6.022044110707028830e-01 6.410841679272920590e-01 6.376978694948945980e-01 6.881152902591300968e-01 6.728889049540573986e-01 6.752516698546884300e-01 6.726902932447791361e-01 6.779791443548150998e-01 6.912250374685570131e-01 6.837532154860055389e-01 6.684785865166161800e-01 6.846602920159274852e-01 6.686516905267645416e-01 6.819190672088135674e-01 6.706303203199008856e-01 6.707793383184895708e-01 6.916615084948909420e-01 6.617501126433543712e-01 6.671848766075785253e-01 6.751577350012261114e-01 6.714673525716274849e-01 6.795025457578548478e-01 6.777292677527763098e-01 6.952713144802845635e-01 6.845138726951827124e-01 6.877711819347387401e-01 6.818955412379471559e-01 6.854029119342164300e-01 6.824906681815232634e-01 6.823000005913495425e-01 6.603766217331004107e-01 6.793423038244749135e-01 6.675814098840414657e-01 6.518792490642686399e-01 6.698599130002335089e-01 6.460800155156221081e-01 6.580426158744869802e-01 6.647924615702857087e-01 6.403518900259865809e-01 6.526883721529248561e-01 6.733429271204325328e-01 6.663600781983091137e-01 6.688491169055450491e-01 6.491619191423665391e-01 6.712770315904711405e-01 6.452793901395971199e-01 6.601910412302423037e-01 6.692945434851492736e-01 6.746996889494978333e-01 6.612996036789551280e-01 6.731284356191360452e-01 6.656706798311979867e-01 6.705854564615042479e-01 6.806542255193112068e-01 6.756897969888447930e-01 6.744944721849676084e-01 6.757033228305783235e-01 6.813712022145891334e-01 6.749698907847233587e-01 6.841606720671534747e-01 6.703382326189437634e-01 6.717961499640585643e-01 6.701315236555327459e-01 6.777851842017053041e-01 6.797680682356666004e-01 6.829314103878016962e-01 6.805020877443248573e-01 6.825206398845403699e-01 6.761690484272552260e-01 6.836645987007800018e-01 6.781473795261359072e-01 6.788138338782642167e-01 6.750777023853327119e-01 6.740499870436454932e-01 6.749852804614426827e-01 6.773828251428409830e-01 6.791577683167366875e-01 6.806454980837649549e-01 6.807355880632652845e-01 6.806252582596408196e-01 6.723538822861535591e-01 6.790856403963064780e-01
2.141947387864788499e-01 1.680593612187392394e-01 3.139372637011291212e-01 4.259823310649291650e-01 3.726844165937379660e-01 4.210891956022823623e-01 5.959590795549875031e-01 5.852438853424490883e-01 1.000000000000000000e+00 6.808192161562917066e-01 6.967020979326865593e-01 7.167402534316740237e-01 6.446576775501867695e-01 6.559073610571187762e-01 7.602808243557814816e-01 7.471309730045665454e-01 7.808626679708441376e-01 6.979799231052863373e-01 7.065271487353124158e-01 6.354049393962408754e-01 6.733250424310793791e-01 7.212559527325371755e-01 7.254659874075589654e-01 7.160094592792677348e-01 7.176597633064720760e-01 8.025183548344384521e-01 7.932845898751248459e-01 8.086375846181772520e-01 7.523283327175032120e-01 7.645524056072074970e-01 8.237463379657702367e-01 8.142316390903598933e-01 7.879911483686098395e-01 7.957457115395114577e-01 7.866056770587058766e-01 7.951314932208245478e-01 8.164119993556897548e-01 8.172640043637328100e-01 8.212262828623614341e-01 7.770756701962308055e-01 8.194281940776095841e-01 8.085727518776664180e-01 8.069505173471744897e-01 8.175701979850135137e-01 8.300647347090389649e-01 8.165279421648207192e-01 7.977775639471987867e-01 8.257932047377603002e-01 8.017077194336981183e-01 7.977415418670764646e-01 8.087857022341333746e-01 7.797151230058885218e-01 7.665832574832278645e-01 8.323031030211630599e-01 8.123086755144212079e-01 8.149347819390256875e-01 8.047995734092485698e-01 8.120674495476264410e-01 7.974689648581969603e-01 8.257877582471664368e-01 8.051150086846883269e-01 8.147322523123229354e-01 7.906500739384337839e-01 8.149009744007275069e-01 8.282389642382382844e-01 8.229706544275731117e-01 8.186181056292337610e-01 8.300794311304013906e-01 8.248440172308616480e-01 8.274907135827959115e-01 8.281041808386404579e-01 8.338515148308022207e-01 8.227082178421442071e-01 8.222138103025928846e-01 8.350505661208380559e-01 8.293918624604745826e-01 8.306241142819660306e-01 8.170217657324869709e-01 8.236194829691575459e-01 8.237453970967730799e-01 8.276739744546965927e-01 8.265851152208759656e-01 8.287312622267437590e-01 8.231087906549666711e-01 8.172400874098088019e-01 8.142078409694653018e-01 8.268629290908611207e-01 8.192499073978727342e-01 8.207759565301120386e-01 8.257662474760534277e-01 8.176510923174069578e-01 8.176205550821528112e-01 8.244363043197650009e-01 8.215836491944182862e-01 8.022890720639052065e-01 8.088105850744726766e-01 7.840049601951136760e-01 8.047588965216775359e-01 7.971943211910661464e-01 8.071311864599823860e-01 8.053075982898209029e-01 8.059454157009002806e-01 7.961158194917739017e-01 8.093751933920355635e-01 8.130936244696480575e-01 8.056404984969757210e-01 8.079501626750171805e-01 8.174873032469569534e-01 8.181719724087080925e-01 8.030739738635555014e-01 8.030233991637475421e-01 8.129780686399018519e-01 8.090691570496094664e-01 8.141856127603640525e-01 8.261445729703669194e-01 8.164406842802912623e-01
9.045840024338989982e-02 1.916800523075256057e-01 2.768826744776002879e-01 3.469352625997672024e-01 3.603147281860382134e-01 3.951376448556477849e-01 5.491545532227496418e-01 5.287807466661292866e-01 6.808192161562917066e-01 1.000000000000000000e+00 6.419024661299030932e-01 6.739943442109272986e-01 5.966469691042529666e-01 6.126321004108097323e-01 7.115812836351218529e-01 6.902055474709621885e-01 6.830259827594886701e-01 5.812348629686963086e-01 6.069886743238696036e-01 5.176309363912364736e-01 5.411438278553440950e-01 6.000724284482326087e-01 6.485955788678661182e-01 6.041085578129237188e-01 6.120717315383690238e-01 7.225674533159808233e-01 6.951617935319097663e-01 7.220173942568441916e-01 6.914142390127088200e-01 7.069044138010542877e-01 7.573442818895254058e-01 7.418556536230800358e-01 7.249001726569407333e-01 7.173215769442569112e-01 7.187327381175722119e-01 7.243631736556968015e-01 7.383419575943638291e-01 7.637141112138386978e-01 7.693849370448027081e-01 7.197137310180140579e-01 7.575030939706184352e-01 7.561969100056401549e-01 7.594116994889021921e-01 7.514715794318140851e-01 7.532669696874798593e-01 7.730079113307575245e-01 7.597119337821558460e-01 7.782583981308995869e-01 7.521278153809942690e-01 7.150854543285785070e-01 7.456199067321473972e-01 6.867170177502521788e-01 7.013634329554108149e-01 7.668390979746351199e-01 7.480457404343080485e-01 7.681700386641527878e-01 7.291659976010882449e-01 7.614027421632004744e-01 7.469734075845304577e-01 7.668043260080464885e-01 7.511433003314296197e-01 7.576576605645559681e-01 7.339281613402344195e-01 7.532263354472142902e-01 7.531940675238528726e-01 7.479573278834912298e-01 7.695241077994483536e-01 7.730191781544260010e-01 7.722165675295669107e-01 7.516903262862161261e-01 7.520530438458548073e-01 7.717916437935271601e-01 7.535904829755577516e-01 7.559472626280542285e-01 7.844817110488372380e-01 7.719177819274676278e-01 7.750728335261979352e-01 7.699895192414777378e-01 7.782062025174217856e-01 7.742917646455564906e-01 7.745184756962977257e-01 7.809038736777258460e-01 7.749127385235791143e-01 7.717218788839967925e-01 7.650090441672193764e-01 7.605563656012820362e-01 7.734042035526573766e-01 7.747970707602851448e-01 7.774285728443416366e-01 7.777407013577565253e-01 7.754135983155934220e-01 7.743388789959111396e-01 7.729049224181036015e-01 7.768627065004385379e-01 7.665618488467464964e-01 7.691998157526563906e-01 7.376275398986462672e-01 7.441622892234228681e-01 7.556702700095696557e-01 7.646897064785470599e-01 7.685677335776124330e-01 7.582598930851145447e-01 7.456380029398789189e-01 7.636057102424756993e-01 7.607742880663628249e-01 7.537507309430382385e-01 7.648419662766146043e-01 7.728506837857430645e-01 7.737184941456936027e-01 7.642765157998763215e-01 7.692464655064651380e-01 7.666875949138719504e-01 7.675163055103452203e-01 7.647769706174680771e-01 7.689554364194643998e-01 7.614029253750801418e-01
1.029488193404089619e-01 1.412959037872412449e-01 3.072070389212291364e-01 4.370727414030913804e-01 3.631312824335867218e-01 3.999705945656362727e-01 5.976479692173213287e-01 5.763703536118869319e-01 6.967020979326865593e-01 6.419024661299030932e-01 1.000000000000000000e+00 7.403198601624035868e-01 6.384038316669220503e-01 6.538595152601081040e-01 7.524387482640090274e-01 7.313933787988697866e-01 7.088343680973692162e-01 6.240022061777422691e-01 6.520703506777190128e-01 5.500757644289898662e-01 6.203229091580834131e-01 6.795288233125241772e-01 6.753314224878591565e-01 6.650018375540498461e-01 6.783665187690852694e-01 7.513315916631410074e-01 7.458666896734243990e-01 7.605881029793850612e-01 6.982304920957176364e-01 7.208661647163510100e-01 7.836502039884389870e-01 7.853042641700851423e-01 7.555312819859528739e-01 7.720456359311471672e-01 7.576831193255912922e-01 7.648562055962343509e-01 7.923586355322336239e-01 7.921269176638514597e-01 8.006631923921784244e-01 7.704234346726500648e-01 8.004350166791239785e-01 7.931119419720726871e-01 7.942522526880437805e-01 8.039306087708312232e-01 8.008781661696241505e-01 7.991546886626869073e-01 7.870075623057924963e-01 8.026745180647013589e-01 7.854130343843147566e-01 7.809647999119173623e-01 7.886240213419495326e-01 7.581667801639863091e-01 7.660375892340927084e-01 7.975375985644758137e-01 7.859972864011902649e-01 7.971624950330340464e-01 7.790976354994227915e-01 7.975139649353190086e-01 7.842849234879260001e-01 8.041331589907250166e-01 7.933276909828902435e-01 7.897777243981165540e-01 7.741139726317942671e-01 7.905734127532035860e-01 7.972247028762392551e-01 7.904024228568786725e-01 8.003637354140167304e-01 8.032614603832591849e-01 8.067493156828153822e-01 7.906795276557304630e-01 8.043172832500626868e-01 8.111366069952041791e-01 7.983841890903417005e-01 8.000277031125639926e-01 8.083497804417637544e-01 8.091067370404539938e-01 8.083954586156575361e-01 7.883596107107686546e-01 8.041540536962148433e-01 7.998384745143931607e-01 8.057018770472514912e-01 8.088280948768756806e-01 8.075911723057594971e-01 8.081154150320064566e-01 8.087348771482401055e-01 8.051916487346976181e-01 8.104654906588781849e-01 8.077263618639028975e-01 8.087313315424564664e-01 8.059557837422598459e-01 8.090579734965626102e-01 8.078956405464091661e-01 8.096459519923061565e-01 8.084680684652931770e-01 7.960738600494233763e-01 7.993384142368664680e-01 7.855177275173730322e-01 7.906452845065118362e-01 7.938120124479129958e-01 8.013645691933948267e-01 8.007361417962509664e-01 7.969930470706233505e-01 7.908067541400404243e-01 8.029847292115693813e-01 8.023695719841313911e-01 7.921116848995609638e-01 7.967972260815207042e-01 7.999176621394097353e-01 7.989910374748050437e-01 7.942514811021236243e-01 7.968901556237091288e-01 8.015990002901033362e-01 7.962716832799028310e-01 8.002294300836685359e-01 8.059819624878232780e-01 7.984953723792853619e-01
4.737347818967736074e-02 1.082140628178557828e-01 2.706099348354094603e-01 5.186730950307084642e-01 4.111986026818958417e-01 4.564390375942174449e-01 6.513387716598355581e-01 6.257595780225720938e-01 7.167402534316740237e-01 6.739943442109272986e-01 7.403198601624035868e-01 1.000000000000000000e+00 7.119387943668700203e-01 7.133736590414109235e-01 8.227809170627325974e-01 8.084327772610220286e-01 7.250177212406572202e-01 5.747230410988134475e-01 6.202676276770402453e-01 5.291294848702104980e-01 6.171512946488130202e-01 6.691070325803079033e-01 6.839763108496104138e-01 6.552936638930780822e-01 6.755671246503499594e-01 7.835756430871875233e-01 7.683164665889852252e-01 7.716376822593111751e-01 6.893013660139974963e-01 7.193906454604055423e-01 8.088400467239725833e-01 8.243739819381198375e-01 7.764256525673299825e-01 7.903494592883563152e-01 7.671360154539694776e-01 8.169444428141288128e-01 8.175232554421606457e-01 8.404051402344221433e-01 8.475428810826978188e-01 8.419454963002107606e-01 8.648109241934607283e-01 8.597464877596685540e-01 8.601179989282105032e-01 8.741520193420279083e-01 8.527441841821032931e-01 8.585432419708814988e-01 8.624314251727711600e-01 8.685576418177849423e-01 8.678069521836865308e-01 8.563351516216839432e-01 8.636348669835319791e-01 8.430430921603483396e-01 8.490187489586313863e-01 8.531736105838158002e-01 8.512837721880740505e-01 8.599688425972725758e-01 8.517163359914856624e-01 8.657177873160433190e-01 8.544186681577924380e-01 8.715502447056195923e-01 8.669476065251261465e-01 8.578557537450663961e-01 8.511645510037255669e-01 8.620634792496049137e-01 8.598712264110566217e-01 8.667280064186241306e-01 8.667123020565193903e-01 8.465683798423453421e-01 8.603203913429799954e-01 8.342584144878497643e-01 8.450959861056825950e-01 8.607968489925702515e-01 8.380797122781366015e-01 8.486832791251153196e-01 8.625421603491320033e-01 8.614406423563770732e-01 8.580474061737534131e-01 8.355547202461592882e-01 8.563725248200179108e-01 8.492729303742782010e-01 8.562721994877832143e-01 8.678132976292811662e-01 8.625566028936083596e-01 8.590465824977957521e-01 8.681710247084750698e-01 8.636170832307180634e-01 8.690635615477529941e-01 8.654304800960116451e-01 8.698821311524678190e-01 8.617592433218173031e-01 8.695750723068497168e-01 8.757842758251925819e-01 8.761791934765013057e-01 8.748147414174249903e-01 8.691458690026114819e-01 8.704853442722753076e-01 8.700243223466784803e-01 8.653106557642477048e-01 8.708606122952856632e-01 8.740912013610563358e-01 8.710907807554798543e-01 8.661707782831398195e-01 8.710288635069397545e-01 8.797491130819138361e-01 8.767240014761867872e-01 8.631274282372801698e-01 8.697344647504869908e-01 8.672928648780184879e-01 8.621193632462728074e-01 8.698070610467292241e-01 8.645764621582789911e-01 8.750823098192552774e-01 8.635969499302381669e-01 8.705070169730503293e-01 8.675254251368538227e-01 8.719297692440357572e-01
9.798161168208766036e-03 1.089650594845198162e-01 2.044483077955285832e-01 3.964405718117652300e-01 3.639317679700093122e-01 3.867432575252880422e-01 5.705153986872352201e-01 5.671214094043385279e-01 6.446576775501867695e-01 5.966469691042529666e-01 6.384038316669220503e-01 7.119387943668700203e-01 1.000000000000000000e+00 6.451363412475755732e-01 7.379121045200707218e-01 7.336154878802194634e-01 6.316406321341718755e-01 5.084533962168642507e-01 5.222197586125172375e-01 4.827424143714185711e-01 5.092953640411617133e-01 5.498385929190645616e-01 6.068556085477884166e-01 5.708311077899329566e-01 5.754450826668908725e-01 6.846407545945178974e-01 6.608815454285087432e-01 6.790612645648721468e-01 6.252944600238135031e-01 6.409906955804359763e-01 7.175945667282909168e-01 7.269379776179487607e-01 6.866833680214611269e-01 6.966032443089532622e-01 6.809190740763542138e-01 7.088011529585691584e-01 7.218755540317921549e-01 7.491789416982935768e-01 7.557203019523015541e-01 7.346990408343716528e-01 7.674184249381389433e-01 7.703766934507200181e-01 7.680979992363461406e-01 7.686850285770164826e-01 7.475903885850383457e-01 7.709663947604361578e-01 7.866182950535102192e-01 7.880252199633831500e-01 7.855209088872793233e-01 7.541054892081203720e-01 7.728718638498471849e-01 7.388000244948260686e-01 7.630221546853387382e-01 7.739109862546696972e-01 7.685906584013245668e-01 7.673981691694073959e-01 7.649341494799546393e-01 7.834075968231414278e-01 7.754612529043499736e-01 7.870043681856574436e-01 7.912007260222592153e-01 7.779298682583024593e-01 7.750057559958251074e-01 7.826473252176490147e-01 7.634189624334717372e-01 7.800640435172249143e-01 7.888792266106017248e-01 7.692552623166359904e-01 7.839691491980795846e-01 7.566031792331496808e-01 7.535717403500703515e-01 7.699217384727637947e-01 7.562529020073127661e-01 7.626405774520567116e-01 7.830677529227763056e-01 7.773009892629553219e-01 7.775066677667007431e-01 7.651842542078518550e-01 7.796610512998286557e-01 7.685299180022113763e-01 7.742773220438000648e-01 7.859076541253012804e-01 7.827753203505362078e-01 7.741389775792550942e-01 7.798450159137566562e-01 7.791459061634966599e-01 7.812538044606949228e-01 7.888302247164117320e-01 7.888791881491657998e-01 7.819993946881117486e-01 7.859832110523790050e-01 7.920491690968691767e-01 7.874723849755970173e-01 7.926820462789770927e-01 7.949958666259544504e-01 7.949412665117883137e-01 7.835142831315157208e-01 7.805856172767410284e-01 7.950473953470558186e-01 7.924668230636077171e-01 7.941032502340964472e-01 7.880922148223539203e-01 7.867054730284482877e-01 7.928334621532380222e-01 7.903977203590136780e-01 7.843475906007884024e-01 7.915291314244629062e-01 7.940311558393305935e-01 7.903873337078297645e-01 7.937643346420997226e-01 7.917455187426821750e-01 7.965881139081093520e-01 7.903231793564178265e-01 7.941382751449381772e-01 7.850176833667515952e-01 7.910756455535939979e-01
