1.000000000000000000e+00 6.086248080681806727e-02 7.459667447230283743e-02 1.010275349808687590e-03 7.313416154873944933e-03 -1.226744499843716515e-02 5.876166942724918470e-03 -1.276041649296725047e-02 9.939114483663924471e-02 5.662262839753770538e-02 3.455921167668190436e-02 5.533890433467022552e-04 -4.262718876838629024e-03 -1.501484753594553752e-02 -2.682415989779786836e-03 5.356259454228177140e-03 5.772582408976067309e-02 4.990903803970893338e-02 4.672047169077514495e-02 -4.995850787148740924e-02 2.276754964541658280e-02 6.581043909989947593e-02 4.628261385583139209e-02 2.411706081245803407e-02 5.336488585427912046e-02 3.995764196584736250e-02 3.279569230283573000e-02 3.164861268571547009e-02 4.068460974566748267e-02 5.604499508385964168e-02 4.437186855502917721e-02 2.329115084144379663e-02 2.125485921573177714e-02 3.061947121185810625e-02 4.728253920086579465e-02 3.472859610978032505e-03 3.111269132735747928e-02 1.620703061493125943e-03 1.675043972506804618e-02 -3.735646806669314784e-02 4.098677250247573754e-03 -9.684988293616334648e-03 -4.693513407607096538e-02 -1.402739331081745856e-03 3.282933527898548257e-03 8.211615401038719828e-03 6.603262615431164731e-03 7.104486903887801547e-03 6.415910214060628960e-03 1.209929774829757859e-02 -3.142857228284671317e-03 5.151224607608142873e-03 -4.856469553455788554e-03 1.806167035468059581e-02 -4.200293732766642411e-03 1.031987882895019255e-02 1.789671720735769300e-02 1.768758632977552800e-03 -1.900525160819985585e-02 2.147712513089228628e-02 1.194081365569430028e-03 -2.293706044781088083e-03 -9.758693323400157923e-03 2.698265712002054229e-02 4.264151693995817116e-02 2.245339218177705778e-02 2.026902224824334367e-02 1.538486929765490313e-02 1.179122176634770508e-02 -9.288002053149880394e-03 7.849663564338745653e-03 2.728443503442935791e-02 1.173380365128706693e-02 1.379081988079278696e-02 1.334575645800754710e-02 1.471103648966579774e-02 1.305401708974627574e-02 2.247908879339020199e-02 2.134781419331287233e-02 1.970386886176082528e-02 2.216763924229572802e-02 1.429123788794506127e-02 1.590277172325839025e-02 1.880420978824701161e-02 3.951889245892132273e-03 8.814730035023126548e-03 1.218358403620009058e-02 -2.385825104438393102e-03 1.411202632740786054e-03 7.916693429591352762e-03 -7.098595392240060822e-03 -7.709884121942014827e-03 -5.214795959627115986e-03 -2.477299855662804581e-03 1.739984714025388920e-03 7.330116229450512645e-03 -2.293930497986815253e-02 1.507676272566350721e-02 -9.027424209799765164e-05 -8.506249017707245841e-03 -1.979452508715439166e-02 -7.987939889648779448e-03 -1.570710563303003699e-04 -8.341141048469025501e-03 4.785414159341506990e-03 2.105527968665401196e-03 8.042438300979511123e-03 8.173095691863543899e-03 -1.478908414601929960e-03 -5.804047065019215385e-03 -1.715322508374300670e-02 1.149265796869735137e-02 -7.360130905007831147e-03 1.148288627166378639e-02 2.433180171003912831e-02 1.748843595921623084e-02
6.086248080681806727e-02 1.000000000000000000e+00 2.348787642066312714e-02 4.331722499351389755e-02 5.296490938342911237e-02 8.086286340694520680e-02 1.087521215717349721e-01 6.038795518793963618e-02 1.393809812898176848e-01 1.626235296598073365e-01 1.095725054950811433e-01 1.144275609808009520e-01 1.035863578209902103e-01 8.800726868788476265e-02 1.288632659994016771e-01 1.332384960245118488e-01 1.232999816636910217e-01 1.357070999105113029e-01 1.373064773870092681e-01 5.862252537953397541e-02 1.068493315724908382e-01 1.355999511595049056e-01 1.386650128284056260e-01 1.083457494426953160e-01 1.263045204446131553e-01 1.467151549459232984e-01 1.299698731602231261e-01 1.524897806963661784e-01 1.487429404307718250e-01 1.564160569232175557e-01 1.611996998737143250e-01 1.407860768660376682e-01 1.596892651246483441e-01 1.524598312044667392e-01 1.496115151701448709e-01 1.516001367492163798e-01 1.487157615203677508e-01 1.532428505903270788e-01 1.594223183245071784e-01 1.251136863014532530e-01 1.432304259060338536e-01 1.394043191331253428e-01 1.294017390844201809e-01 1.405106027786646450e-01 1.383678792135824009e-01 1.495089638448430791e-01 1.409944091254368148e-01 1.471797562673156645e-01 1.355912705564838450e-01 1.300341356713159147e-01 1.340437519949084777e-01 1.041789974764711496e-01 1.112327987098015447e-01 1.464461885057430635e-01 1.350212462717995665e-01 1.503334921130722313e-01 1.264773315024630695e-01 1.353937924322671515e-01 1.258323427592382970e-01 1.359056707615365067e-01 1.289798444538302336e-01 1.283935150045533991e-01 1.228914534228360000e-01 1.467131635322610483e-01 1.436789624846811220e-01 1.375425551094963950e-01 1.433537827111904250e-01 1.438948363160400534e-01 1.449747143534263205e-01 1.246178776150151379e-01 1.351538962315743386e-01 1.380088930694704785e-01 1.275648833049083386e-01 1.293784394500039625e-01 1.424431662046944935e-01 1.506637967928524668e-01 1.450017935068221575e-01 1.496605917794412433e-01 1.461890834030454833e-01 1.498349084102515716e-01 1.520477194110388675e-01 1.515449565265800103e-01 1.466233269103769110e-01 1.525512743363311996e-01 1.466470271452572083e-01 1.452427611580872080e-01 1.495155035028576940e-01 1.449992845238655681e-01 1.515569527675031114e-01 1.471443891967042783e-01 1.429270487168052273e-01 1.394072870437848000e-01 1.424061544402946411e-01 1.441500088512192579e-01 1.412606776823577825e-01 1.457736943855194867e-01 1.248266965814070206e-01 1.301981082343132701e-01 1.305209066983837596e-01 1.310076726307348449e-01 1.336415439654202175e-01 1.300698942799508873e-01 1.323901540198064719e-01 1.320287748981368303e-01 1.261706467907947882e-01 1.232215022384035852e-01 1.369863863443097907e-01 1.470425907334534932e-01 1.419056020788865002e-01 1.357866251492853560e-01 1.316930667653469500e-01 1.367826496577704831e-01 1.292867603963431811e-01 1.396768666021500072e-01 1.390672767862515258e-01 1.329035117131812105e-01
7.459667447230283743e-02 2.348787642066312714e-02 1.000000000000000000e+00 2.446436761092594947e-01 1.345429070432409835e-01 1.084278264081257742e-01 2.038809475112776104e-01 2.070288931488280526e-01 2.216475156118284384e-01 1.688373158858128831e-01 2.098952119727519883e-01 2.320009121965171117e-01 2.093983030846439941e-01 1.828253054832795210e-01 2.250621053386257231e-01 2.173859119845582555e-01 2.209601303910286862e-01 2.406026698808931552e-01 2.433573658217123015e-01 2.235886865766543441e-01 2.567162927622657076e-01 2.655190253311683346e-01 2.328690039068998241e-01 2.594269937835611550e-01 2.484108672127381678e-01 2.479510913849194143e-01 2.446723794025994769e-01 2.428697292467498769e-01 2.376445294562481714e-01 2.466008179157185287e-01 2.352320935588362028e-01 2.846658771569022250e-01 2.548884854917822795e-01 2.819668952102945547e-01 2.617777230595959570e-01 2.675750950409400142e-01 2.535033064295328931e-01 2.561249812501067979e-01 2.570422403946177603e-01 2.623852146229812554e-01 2.495621930780127229e-01 2.491741575168100187e-01 2.524083245495782890e-01 2.539561534813571941e-01 2.612853162771744953e-01 2.389668771908479150e-01 2.414598999070582952e-01 2.397546029905512910e-01 2.418261449415851638e-01 2.565816659963951474e-01 2.531211448824773891e-01 2.422311666558597254e-01 2.291143017339601906e-01 2.355433945495236658e-01 2.380102161349468282e-01 2.446398775518046353e-01 2.362117028939782759e-01 2.402734946145883010e-01 2.340877784346111767e-01 2.359324369978595404e-01 2.374368626046613473e-01 2.346721386306004631e-01 2.319911474386688321e-01 2.410237449651679298e-01 2.336230352555713763e-01 2.395195283251562723e-01 2.461888050427876173e-01 2.527710905884678061e-01 2.597137865908190624e-01 2.593387234133658348e-01 2.619640218389531205e-01 2.559357199805739058e-01 2.716721674530700459e-01 2.615675158025372316e-01 2.531044760215329648e-01 2.522157987967070247e-01 2.487926259533169426e-01 2.472325143899309907e-01 2.444901420132403191e-01 2.453515916140494579e-01 2.508310559226571979e-01 2.446556188869571102e-01 2.594913165245788522e-01 2.529864752578086518e-01 2.687125050207145316e-01 2.683202131974196658e-01 2.536543373587335504e-01 2.582086322555907643e-01 2.541462660274016461e-01 2.501272763875884153e-01 2.599296252459175616e-01 2.495510836674216804e-01 2.468957986468122701e-01 2.432527880150190669e-01 2.422959360699247222e-01 2.452140135404489718e-01 2.525692969011972822e-01 2.429153955757908656e-01 2.406148891141426105e-01 2.522265621537162494e-01 2.466571464088253285e-01 2.456813674665666025e-01 2.469718164532009597e-01 2.483514984588525987e-01 2.529404082111412766e-01 2.397261570579254930e-01 2.446199746367370698e-01 2.458756788436977647e-01 2.430965830534738970e-01 2.423692956164558709e-01 2.443610947750827767e-01 2.375759747056695737e-01 2.395557786210975593e-01 2.433954303317508172e-01 2.441315694738850905e-01 2.408094134876114789e-01
1.010275349808687590e-03 4.331722499351389755e-02 2.446436761092594947e-01 1.000000000000000000e+00 2.669003979252108083e-01 2.409658306804229044e-01 4.459577474978160816e-01 4.095559164615893422e-01 4.049481233115929113e-01 3.403382312962183742e-01 4.195439213117342359e-01 5.042150663328045512e-01 4.035321985087151342e-01 3.488833143186233499e-01 4.787508736174607149e-01 4.597524948544652323e-01 4.169641659545791912e-01 4.022317708506555345e-01 4.220311741240465042e-01 4.633046833580017898e-01 4.607497540775786216e-01 4.382357186774353264e-01 4.007138891979856732e-01 4.213076612341322691e-01 4.104666198031476920e-01 4.552640981287267019e-01 4.483497565958792230e-01 4.483804811404596968e-01 4.246129743668267675e-01 4.355455276705469392e-01 4.403301763773140864e-01 4.788981170275958266e-01 4.508410428753549248e-01 4.635406390218861361e-01 4.345997160518413893e-01 4.828266238465842020e-01 4.558047523837173709e-01 4.588182096017681677e-01 4.695232995869224046e-01 4.929969981623095743e-01 4.741957580503974867e-01 4.852117504640285350e-01 4.929507201693987817e-01 4.917747942746063528e-01 4.978013226216055909e-01 4.634586763198236814e-01 4.816913165321984325e-01 4.739898464944727330e-01 4.772962986730893142e-01 4.866825215382081238e-01 4.896542608312334788e-01 5.047355936241700869e-01 4.893265392352129095e-01 4.665005366889132810e-01 4.640309743712029422e-01 4.649807013800693056e-01 4.832716378827549564e-01 4.746795157695959388e-01 4.687493759804890470e-01 4.801713009453351666e-01 4.864897179088202850e-01 4.695343131316149221e-01 4.729142090240809893e-01 4.706047117590786977e-01 4.759573623404059761e-01 4.840274752650277623e-01 4.775158238689282686e-01 4.710979055026988105e-01 4.772272909150036546e-01 5.052605997155087403e-01 4.918258109825663360e-01 4.788683868845898806e-01 4.711812290835965533e-01 4.838253740819042359e-01 4.762427408102787307e-01 4.726613487892603604e-01 4.750732729762304207e-01 4.606806769497150955e-01 4.659886238836729588e-01 4.614569101724352862e-01 4.681891495547871318e-01 4.724460016617532676e-01 4.921485237630202625e-01 4.647122087673425939e-01 4.902507173316255629e-01 4.852934592900584043e-01 4.824937810733531118e-01 4.962842930099717331e-01 4.864786544222392539e-01 4.853674244633340296e-01 4.973258668556760909e-01 4.952941062773756342e-01 4.919262443644495386e-01 4.858972627824711399e-01 4.883005518861431304e-01 4.846102121881717961e-01 5.133987217217135246e-01 4.957177378107628374e-01 5.015283154455568715e-01 5.047879685148780604e-01 5.029679030150200347e-01 5.070715174968570826e-01 4.954640640148387787e-01 5.034973652925727183e-01 5.052305649203948645e-01 5.063068309644908060e-01 4.905915187148165435e-01 4.798428213386878305e-01 4.872639465047676754e-01 4.963885665098473066e-01 5.012953767567873697e-01 4.881196836740643863e-01 4.989415680461666280e-01 4.912015470118822891e-01 4.833986452341179629e-01 4.933114280334582880e-01
7.313416154873944933e-03 5.296490938342911237e-02 1.345429070432409835e-01 2.669003979252108083e-01 1.000000000000000000e+00 2.473883801212330424e-01 3.945444689628461732e-01 3.791455107474673847e-01 4.012679294081853976e-01 3.533321325325732842e-01 3.697114965400722930e-01 4.317126765706069680e-01 4.172894169146373344e-01 3.172828117020785599e-01 4.504003128764145769e-01 4.345813586098038472e-01 3.994972111816001425e-01 3.986745637451737378e-01 4.041293784193658589e-01 4.054354678738371631e-01 4.013674632079550220e-01 4.131625023974983546e-01 3.917834173205360093e-01 3.875631945135036283e-01 3.900775015186174755e-01 4.440290825196769875e-01 4.347128043291045296e-01 4.308347817017667558e-01 4.222630134910940192e-01 4.421452205737889107e-01 4.406376654312030294e-01 4.405900863711735838e-01 3.987722484342219875e-01 4.082569134270073730e-01 4.233064576954609914e-01 4.146342378290754360e-01 4.432315998092927201e-01 4.336609661750341904e-01 4.281792617695601155e-01 4.383038431807096957e-01 4.534556328505482403e-01 4.465129282766258090e-01 4.371873787815289125e-01 4.590145317521516222e-01 4.620181152796768442e-01 4.481645199112702094e-01 4.646830715525652744e-01 4.566044463292353583e-01 4.612279982695831615e-01 4.417841554949010763e-01 4.507640296063380458e-01 4.493466981851440556e-01 4.497529683175932047e-01 4.553417267604636387e-01 4.607864281192635691e-01 4.574180004380645204e-01 4.534090153278241275e-01 4.582526571229152412e-01 4.584767630341984868e-01 4.634876273592286045e-01 4.566238599062153458e-01 4.571106478979786725e-01 4.533462380422000337e-01 4.446835274862193099e-01 4.505748855896052341e-01 4.566008208656943679e-01 4.577014328210248229e-01 4.551714459812358227e-01 4.558034667611025048e-01 4.688824712792126759e-01 4.543745425782648728e-01 4.585904393337351115e-01 4.478115271445159973e-01 4.562424421087488136e-01 4.611597163948590317e-01 4.529173432542992206e-01 4.547152018496908310e-01 4.517761112140613045e-01 4.536858577167990902e-01 4.534041327957205048e-01 4.551548509171721157e-01 4.528390476764498351e-01 4.599962420669240770e-01 4.482070600605607136e-01 4.494335399500920536e-01 4.479648506555423126e-01 4.549589391067390132e-01 4.587554735908722092e-01 4.549748167551964650e-01 4.630026654843481526e-01 4.534719246580756757e-01 4.621196532075065311e-01 4.610982827695863651e-01 4.617306752837398998e-01 4.604448464304036759e-01 4.596311748571992317e-01 4.549934396525505687e-01 4.571069666227335904e-01 4.618101594913690544e-01 4.611195964867094710e-01 4.558497417283738917e-01 4.596327810307104800e-01 4.579739036264749430e-01 4.652647305056175075e-01 4.616136463925092359e-01 4.607955249994278302e-01 4.618962535527276758e-01 4.587263954540878319e-01 4.613821532239938961e-01 4.638468657233305037e-01 4.663266873819482128e-01 4.619524584857965244e-01 4.628576593712798726e-01 4.584471221330553292e-01 4.542868359120572630e-01 4.600022628620230591e-01
-1.226744499843716515e-02 8.086286340694520680e-02 1.084278264081257742e-01 2.409658306804229044e-01 2.473883801212330424e-01 1.000000000000000000e+00 4.189675877532108017e-01 3.284038828199714044e-01 4.231360922982837502e-01 3.904123030123902716e-01 4.005412714716669598e-01 4.488776434071522492e-01 4.095547442958060724e-01 3.516058710778309782e-01 4.724077745921417826e-01 4.530645557546510993e-01 4.380647884216722909e-01 4.150264532598820222e-01 4.189046500187269539e-01 3.559255613238228588e-01 4.137937795118434292e-01 4.132881935788020322e-01 4.164376610928337552e-01 4.193528097749204542e-01 4.009901824031245621e-01 4.454717717422388423e-01 4.469659920140574560e-01 4.447144694134194109e-01 4.445172589544191810e-01 4.668390149256511079e-01 4.749867327373413772e-01 4.656230543296727142e-01 4.393709237732053019e-01 4.542665861231701685e-01 4.497544682909549452e-01 4.613943017694968618e-01 4.734336876115031179e-01 4.618377903400989193e-01 4.748843334465770449e-01 4.493156999505885096e-01 4.796137115890637403e-01 4.776905700320512871e-01 4.737813351367285986e-01 4.824529993079175183e-01 4.788030969665571512e-01 4.826714742856326734e-01 4.923805920391405300e-01 4.947015966917747698e-01 4.816462276319243285e-01 4.528818885350254786e-01 4.765974812069093680e-01 4.630563037506978397e-01 4.795374781217048299e-01 4.895521810626499160e-01 4.765579618268717121e-01 4.827943679041752922e-01 4.746528440331533871e-01 4.898011321130387175e-01 4.832675784333013702e-01 4.873125244521170352e-01 4.837666337070601896e-01 4.858671338450276656e-01 4.753356719095568339e-01 4.753892474812523306e-01 4.816694974239073557e-01 4.823553110251774245e-01 4.917086131234304491e-01 4.911683150134786291e-01 4.905056946421162967e-01 4.799993361552730153e-01 4.815039136972176226e-01 4.850234476579045606e-01 4.808053227571151278e-01 4.812848795922878287e-01 4.900049938432853858e-01 4.900521176053881378e-01 4.879859443106205896e-01 4.846316738942011426e-01 4.844246634608987967e-01 4.873527146489761708e-01 4.880395953975718015e-01 4.915577190394174734e-01 4.935752069501300743e-01 4.910793424210652125e-01 4.838622789510115263e-01 4.868586892502653196e-01 4.903801595861316254e-01 4.876366030381025229e-01 4.942697661045219459e-01 4.895845088185233895e-01 4.848323177331468892e-01 4.949194053544848093e-01 4.916704562479205509e-01 4.926271276117959452e-01 4.948562086761593704e-01 4.958860710002873096e-01 4.821832231739308083e-01 4.814147651450383925e-01 4.890882778974393053e-01 4.864901402803533115e-01 4.915653645192774035e-01 4.908086295848566594e-01 4.902751821204334171e-01 4.904107249591936335e-01 4.923881283671787124e-01 4.893038093865419436e-01 4.900234179251757305e-01 4.947617042194246695e-01 4.931400835645288194e-01 4.968911971700484820e-01 4.919228528464777983e-01 4.919581452086712048e-01 4.949908241449928470e-01 4.906299182789689017e-01 4.879551480418399811e-01 4.900584978468087716e-01
5.876166942724918470e-03 1.087521215717349721e-01 2.038809475112776104e-01 4.459577474978160816e-01 3.945444689628461732e-01 4.189675877532108017e-01 1.000000000000000000e+00 5.583773096141616543e-01 6.656939214303883023e-01 5.998397451591845897e-01 6.419336224590508344e-01 7.257120214244808798e-01 6.489902361741595183e-01 5.337007031110128086e-01 7.782744709909144021e-01 7.111376351755157588e-01 6.674655197569606679e-01 6.747483997957527402e-01 6.704494149801154546e-01 6.456100428154651905e-01 6.779705580889201499e-01 6.834879815905006151e-01 6.777853876607161654e-01 6.691023891440158744e-01 6.599705805533337966e-01 7.403635635241725410e-01 7.321051466967665178e-01 7.485785087800296278e-01 7.311092970737168573e-01 7.457208938084236571e-01 7.595012517386754425e-01 7.533915725740524261e-01 6.999730298528091810e-01 7.108435871340994527e-01 7.103648747363517924e-01 7.206305910790613556e-01 7.474478910482055261e-01 7.397854002206640800e-01 7.448445566850264710e-01 7.416053844516790061e-01 7.630645062039203008e-01 7.581092665788186080e-01 7.564458924177528409e-01 7.677730201004812072e-01 7.675451580368098936e-01 7.673003818688349797e-01 7.683204738735989192e-01 7.678091566118129263e-01 7.664712488164211468e-01 7.390456275947129283e-01 7.588241514774806129e-01 7.327000180179563671e-01 7.589709921570396700e-01 7.656955313884816761e-01 7.577170927371816855e-01 7.632700085744301699e-01 7.564143340638582735e-01 7.574644705561482949e-01 7.591007355395660294e-01 7.631035502449571295e-01 7.653203749530563815e-01 7.586882850293026337e-01 7.592469091416482740e-01 7.528583673022395395e-01 7.550674992055483870e-01 7.613500615200715638e-01 7.735747413509752590e-01 7.663336755965479696e-01 7.726165555623246695e-01 7.827813518485953193e-01 7.691588778790610093e-01 7.721738986438621000e-01 7.584556378628976026e-01 7.686448323760517454e-01 7.754539732389579276e-01 7.721675744390049667e-01 7.788546786085731588e-01 7.655401862814693592e-01 7.730582736895963425e-01 7.690866298771438236e-01 7.686853970891348586e-01 7.710116361909643556e-01 7.771392661152416448e-01 7.638018756187807679e-01 7.693268061442782857e-01 7.669520037084420760e-01 7.717645253924915183e-01 7.807682607638183336e-01 7.786340929659095744e-01 7.761998932879488056e-01 7.795540893092443024e-01 7.816781998499324757e-01 7.785506206494444692e-01 7.836563085927703565e-01 7.763470048892801012e-01 7.754929862482228264e-01 7.759014685340315243e-01 7.695951901808300022e-01 7.770590282564054929e-01 7.796888573092873864e-01 7.794310381177285141e-01 7.784438589430393574e-01 7.726068812525764828e-01 7.796568395267238216e-01 7.763418948904748929e-01 7.740054476841361497e-01 7.761026263693844296e-01 7.747174730612925719e-01 7.774327058514429734e-01 7.748356623371934759e-01 7.784823169439185619e-01 7.738576935002728918e-01 7.747186313094133192e-01 7.731619978959582973e-01 7.639388152641473084e-01 7.718544578927407640e-01
-1.276041649296725047e-02 6.038795518793963618e-02 2.070288931488280526e-01 4.095559164615893422e-01 3.791455107474673847e-01 3.284038828199714044e-01 5.583773096141616543e-01 1.000000000000000000e+00 5.569543604477916743e-01 4.868068622126157097e-01 5.616206045025743387e-01 6.476482376655164908e-01 5.681895380458419353e-01 4.582174515445509577e-01 6.496046572979146116e-01 6.392744579851257214e-01 5.448461019507303549e-01 5.563317221705631477e-01 5.680433864634916175e-01 5.753685935148947772e-01 5.986204067632625581e-01 5.784590825684149396e-01 5.507768477551275854e-01 5.725554248230283472e-01 5.476154306957402573e-01 6.153592147614340702e-01 6.050513914398534254e-01 5.957210087055225811e-01 5.850027388175318421e-01 6.033027323627709881e-01 6.162992180644226714e-01 6.335265329703105852e-01 5.676490230232636991e-01 6.060586215229653018e-01 5.858654353120550384e-01 6.146744487456576866e-01 6.230255698854305635e-01 6.376582656073521704e-01 6.313508408830490470e-01 6.391210014522056282e-01 6.442839048012838354e-01 6.624881274692855371e-01 6.739454768532980866e-01 6.738754243922217002e-01 6.602664073594305405e-01 6.427832552951247003e-01 6.652151121560533342e-01 6.543378914816339043e-01 6.584596813751628641e-01 6.575534349679845736e-01 6.659164610071197643e-01 6.342954221060126407e-01 6.495276395922569002e-01 6.462195424547695355e-01 6.523896248446834356e-01 6.500442343298309389e-01 6.510823972672299398e-01 6.584970119937141320e-01 6.610609053327738405e-01 6.567351356676184304e-01 6.636068372205624621e-01 6.572999984405144547e-01 6.557481782074828791e-01 6.397252082960127595e-01 6.382359003852610124e-01 6.466558022988969645e-01 6.524352105680584213e-01 6.487847065640426347e-01 6.487523532797395687e-01 6.752459986406864623e-01 6.596540053722634855e-01 6.521873020570971846e-01 6.388836648951121688e-01 6.510393443194510965e-01 6.494062306981307486e-01 6.481148921714562361e-01 6.422070798661465574e-01 6.361801017968569116e-01 6.398719092211444526e-01 6.450806114647534839e-01 6.437698752642606603e-01 6.472285992781003916e-01 6.598448712832237772e-01 6.342463420625786830e-01 6.601524468598597428e-01 6.524032229004609329e-01 6.502206338465413848e-01 6.700424017052721837e-01 6.595045903746160620e-01 6.581156536462712259e-01 6.494402006504195191e-01 6.690760823514126931e-01 6.631635391022331349e-01 6.645645290040674835e-01 6.649816718413605887e-01 6.612521605136811864e-01 6.840544571666641316e-01 6.688056499012239309e-01 6.767855239717143201e-01 6.818521417879266355e-01 6.750592329761243571e-01 6.810500929269340809e-01 6.595912235910977861e-01 6.801255193659966336e-01 6.693807291281091976e-01 6.737273537529653300e-01 6.693132919539129810e-01 6.586256067102226330e-01 6.660200474739222942e-01 6.758335853923091996e-01 6.802780525269489509e-01 6.652609372911214569e-01 6.752125171422724836e-01 6.664317035365940889e-01 6.500124786129064525e-01 6.600384315390988021e-01
9.939114483663924471e-02 1.393809812898176848e-01 2.216475156118284384e-01 4.049481233115929113e-01 4.012679294081853976e-01 4.231360922982837502e-01 6.656939214303883023e-01 5.569543604477916743e-01 1.000000000000000000e+00 6.918509600159115092e-01 7.290110405053510378e-01 7.531362193092512314e-01 7.259435284834583335e-01 5.845573721045765891e-01 7.972137651144682868e-01 7.685307826080621796e-01 7.715589517965555366e-01 7.444774457608773766e-01 7.561623336276807050e-01 6.172448030222632553e-01 7.214049853877196883e-01 7.627680746752337759e-01 7.561509827576199383e-01 7.150910930154211753e-01 7.319718539851901573e-01 8.150536960118937024e-01 8.119526749415100220e-01 8.114258702167996828e-01 8.135896677893144080e-01 8.413018762281575524e-01 8.476292039461397199e-01 8.175606380140748586e-01 7.687853204724591771e-01 7.858024102378476927e-01 7.920589368360765326e-01 7.915539468860568473e-01 8.339995550372779620e-01 8.092367003594668207e-01 8.254946029587278966e-01 7.798559871557131373e-01 8.305046991248825616e-01 8.200090275854093891e-01 7.973698226644264642e-01 8.332274012940060759e-01 8.315258873210229495e-01 8.356248619990203075e-01 8.472108978468304574e-01 8.549635939388591233e-01 8.454686106732816064e-01 8.108565432927777872e-01 8.285716701643337512e-01 7.984830832022927760e-01 8.168219804032669229e-01 8.484334964902991993e-01 8.377670558240020160e-01 8.441528253941026350e-01 8.338820784283611509e-01 8.386065696780913292e-01 8.274219410010849041e-01 8.425346089085747892e-01 8.396852927599512961e-01 8.349939284609261270e-01 8.301925396097369347e-01 8.433754369828344588e-01 8.494678565091391409e-01 8.456630958611864868e-01 8.507889992989822181e-01 8.466222166309415043e-01 8.455947121125821919e-01 8.324842292231339203e-01 8.361014480622924738e-01 8.485789167509076858e-01 8.234659202269271061e-01 8.387572001260185095e-01 8.506810632407774131e-01 8.495601754978520104e-01 8.489186043835372786e-01 8.532734060365695372e-01 8.497848054153114283e-01 8.560854891717112336e-01 8.524059485403906455e-01 8.554768395435676798e-01 8.500999383068076343e-01 8.421256384785357207e-01 8.304249888890399278e-01 8.384024144434267800e-01 8.449581491789248666e-01 8.377833861693164685e-01 8.461534398773195020e-01 8.482196494719677071e-01 8.318843125812357409e-01 8.422036389064068151e-01 8.439613607173276355e-01 8.475532804773936446e-01 8.480495728474650718e-01 8.519998691083430220e-01 8.159342517041303644e-01 8.384270577646232292e-01 8.367170078835372005e-01 8.294788542547080201e-01 8.295609863575462706e-01 8.355629966494194649e-01 8.430787794680268954e-01 8.399461007769680743e-01 8.431472137440160219e-01 8.343417224091036477e-01 8.474229067989944575e-01 8.523735073185646494e-01 8.463969351614805126e-01 8.414688772505163339e-01 8.340754787502047130e-01 8.488437119131687636e-01 8.379555493745940442e-01 8.480859736989483366e-01 8.515091152495842808e-01 8.477472377493884270e-01
5.662262839753770538e-02 1.626235296598073365e-01 1.688373158858128831e-01 3.403382312962183742e-01 3.533321325325732842e-01 3.904123030123902716e-01 5.998397451591845897e-01 4.868068622126157097e-01 6.918509600159115092e-01 1.000000000000000000e+00 6.371662899304839645e-01 6.788469912480910029e-01 6.563821211807727707e-01 5.224184145357743114e-01 7.259697848122432795e-01 6.940887873255980889e-01 6.767991833969920767e-01 6.567816967951597418e-01 6.666701694231074171e-01 5.471269379479065664e-01 6.301415663181110238e-01 6.585593617297856861e-01 6.814396810955274386e-01 6.318760277552155635e-01 6.355527139970403860e-01 7.228626108086536606e-01 7.230690074963879166e-01 7.286623070518973844e-01 7.190316981955580111e-01 7.517476734916799241e-01 7.687621019495561869e-01 7.399394753847978734e-01 7.080539053706690344e-01 7.075068345299991845e-01 7.289555659914030983e-01 7.103668809882683899e-01 7.464334744532176158e-01 7.305700890409698722e-01 7.453376056057242627e-01 7.036884706370821752e-01 7.532420394120848961e-01 7.373447938779106314e-01 7.141793392936164331e-01 7.468653008481793698e-01 7.428089250043626857e-01 7.587948468425443904e-01 7.687602704661234965e-01 7.797266367647274210e-01 7.667450949948442229e-01 7.229900392421120259e-01 7.405736941448688437e-01 6.904646933190295988e-01 7.323697671025207745e-01 7.748080544304113415e-01 7.566663604429433310e-01 7.675534975987695629e-01 7.516889571548110993e-01 7.586797793873000240e-01 7.571291141202379782e-01 7.616865844817312103e-01 7.557777831172146632e-01 7.618730577796714032e-01 7.551376023333840060e-01 7.593098480432214359e-01 7.622589323995140331e-01 7.587433928343997325e-01 7.742128966671966150e-01 7.662919342072893603e-01 7.686225027866271375e-01 7.510945154555828118e-01 7.489150136857308793e-01 7.617692861697182849e-01 7.454942872873220328e-01 7.502358783997969960e-01 7.702887602264594236e-01 7.699291090164687157e-01 7.688294247776198409e-01 7.696369560320196479e-01 7.687285403498304026e-01 7.755997832353076493e-01 7.747450075219346477e-01 7.794462902978933627e-01 7.664523635683987424e-01 7.708352811359502343e-01 7.560312597012045499e-01 7.638730926287417011e-01 7.699420501030594943e-01 7.590532223421715408e-01 7.698026989006050425e-01 7.691381670035277729e-01 7.522268278285352272e-01 7.634500039131745242e-01 7.636326740920463818e-01 7.688426192186481600e-01 7.732381398343369794e-01 7.760781901738285082e-01 7.368237792980040224e-01 7.546594647945749079e-01 7.577595043390528140e-01 7.518148221730758252e-01 7.503145702055933342e-01 7.571828867058734147e-01 7.592844150545828841e-01 7.570161153309734603e-01 7.562919332118444027e-01 7.527530164114619726e-01 7.698416161775658573e-01 7.755787779133830329e-01 7.698135789428941500e-01 7.649096190166828624e-01 7.600047271029343188e-01 7.692468545232985511e-01 7.608921839080515781e-01 7.674795049013916071e-01 7.692877341350773390e-01 7.634675240738598712e-01
3.455921167668190436e-02 1.095725054950811433e-01 2.098952119727519883e-01 4.195439213117342359e-01 3.697114965400722930e-01 4.005412714716669598e-01 6.419336224590508344e-01 5.616206045025743387e-01 7.290110405053510378e-01 6.371662899304839645e-01 1.000000000000000000e+00 7.777486912128275254e-01 6.997260334784475289e-01 5.904334957305552578e-01 7.841390188799712835e-01 7.444348421412342320e-01 7.209366610548991749e-01 7.146513277431526534e-01 7.243576699405519514e-01 6.416060322605900978e-01 7.174279499686525563e-01 7.290611182012134428e-01 7.144452467181452437e-01 7.036322353447662659e-01 6.983109851223358033e-01 7.699516513697109987e-01 7.744180320603247791e-01 7.732428094285214160e-01 7.531595787370987116e-01 7.846890621552619072e-01 8.122097049077194875e-01 7.994937995164523858e-01 7.610317003974335082e-01 7.784415169197924644e-01 7.738580053244862311e-01 7.766259904954662119e-01 8.057126161397688557e-01 7.845828254660573986e-01 8.011859957746091387e-01 7.736777081657673083e-01 8.070175796785096223e-01 7.996103664004018396e-01 7.906481105981543189e-01 8.116810924135166028e-01 8.089607559948733817e-01 8.023494587510733300e-01 8.185348898668428630e-01 8.199627314470211426e-01 8.116022667817422986e-01 7.925643165546492064e-01 8.047710697831776949e-01 7.804741906560066500e-01 8.017641937501353011e-01 8.142087831985639346e-01 8.083766005023607093e-01 8.093721493648284859e-01 8.090065598084971166e-01 8.123495050867739486e-01 8.041982619345000582e-01 8.122359924278176324e-01 8.170517993845409777e-01 8.113149692594945339e-01 8.062217831678206714e-01 8.103987738650902939e-01 8.112751042883163954e-01 8.171699802585316030e-01 8.222795152516845230e-01 8.180208915006229597e-01 8.221283336932130315e-01 8.201143201058955778e-01 8.150678506270488954e-01 8.195038806490497763e-01 8.064783394911836378e-01 8.138376922326493457e-01 8.201507313881714056e-01 8.169155593698322892e-01 8.149794362687908800e-01 8.137896507347861519e-01 8.168218684174913813e-01 8.165815828234983531e-01 8.192042408029848177e-01 8.208880575502115473e-01 8.217075687536884443e-01 8.147028343361566449e-01 8.150814640120472854e-01 8.190014352757218896e-01 8.189425550216268279e-01 8.176550765829886380e-01 8.208105052768314147e-01 8.178869691756827098e-01 8.142423510646796814e-01 8.204238522159305047e-01 8.206108103887451710e-01 8.204717171639624995e-01 8.235471712900934715e-01 8.239889615495034070e-01 8.044049474354832974e-01 8.178414175937247510e-01 8.186388170384025775e-01 8.158832934886462995e-01 8.162649310203194952e-01 8.178790314149685381e-01 8.224519518443408339e-01 8.217738267287605369e-01 8.237799679437298739e-01 8.129533206046811733e-01 8.228226537993259537e-01 8.219557836178352783e-01 8.213649168093812847e-01 8.213773191714315303e-01 8.137487764697398651e-01 8.221772418286257267e-01 8.171714026758952754e-01 8.234936775046299839e-01 8.256221552272824393e-01 8.228807088666169056e-01
5.533890433467022552e-04 1.144275609808009520e-01 2.320009121965171117e-01 5.042150663328045512e-01 4.317126765706069680e-01 4.488776434071522492e-01 7.257120214244808798e-01 6.476482376655164908e-01 7.531362193092512314e-01 6.788469912480910029e-01 7.777486912128275254e-01 1.000000000000000000e+00 7.613772066839621377e-01 6.272815922115266840e-01 8.558712287717401557e-01 8.259742582019274915e-01 7.667814631796404656e-01 7.571483412644910427e-01 7.685165610264741431e-01 7.285642435707978537e-01 7.683665342655341401e-01 7.681631090223322023e-01 7.626032357464976874e-01 7.520722151857333060e-01 7.343464791250845503e-01 8.406731769045775460e-01 8.285956055999111891e-01 8.342242202497330839e-01 8.107215261137121765e-01 8.335799011603587383e-01 8.584427126544975639e-01 8.645164062926434800e-01 8.130515013113849276e-01 8.309287602693299357e-01 8.232661749009718699e-01 8.442936131171980829e-01 8.581897713339164957e-01 8.498340555967199839e-01 8.639651683748725830e-01 8.518021437377248928e-01 8.794900686557588498e-01 8.754019156576932081e-01 8.764692279191832469e-01 8.873132706040658402e-01 8.818272209420726648e-01 8.704629335111964128e-01 8.949709919915292966e-01 8.901783839655347252e-01 8.886745600354882813e-01 8.643285639536618659e-01 8.850104242342777816e-01 8.612105411651941322e-01 8.842125259168819307e-01 8.847318441497075137e-01 8.794519506916755880e-01 8.810923505651273580e-01 8.842605209024317903e-01 8.863723175225202144e-01 8.850963006385575982e-01 8.905016822340301452e-01 8.957702815059328527e-01 8.903713340438219603e-01 8.860982724532685539e-01 8.804712219558261665e-01 8.782755137471803808e-01 8.907328834545423790e-01 8.897516759449768387e-01 8.850566620126095740e-01 8.893657376451623575e-01 8.961495930262357579e-01 8.827509729987446097e-01 8.851894586180646396e-01 8.644388021134324918e-01 8.772977824865293428e-01 8.922954010440543593e-01 8.845431011756114126e-01 8.847655179127127401e-01 8.775825326697423989e-01 8.765353911336395409e-01 8.819417239687548093e-01 8.841645537687498058e-01 8.870496284636175677e-01 8.937133548818072537e-01 8.816117701655536987e-01 8.868514502602306004e-01 8.872114935352505283e-01 8.896743973222842605e-01 8.939680645172028983e-01 8.931805123054598061e-01 8.927076722668729758e-01 8.898383598339282274e-01 8.985758041972827792e-01 8.984412489671074198e-01 8.943737940650562379e-01 8.982726988420466352e-01 8.976243672211876579e-01 8.903720175474193477e-01 8.913102704084459038e-01 8.980246844791093253e-01 8.986935255944217271e-01 8.994418071274173920e-01 8.999752150528502748e-01 8.949195454128576754e-01 9.034284392241922479e-01 9.001969926694196600e-01 8.955308225807521172e-01 8.970936672638797349e-01 8.942814185990211051e-01 8.984034680935821804e-01 9.016905752530562923e-01 8.999516696553182538e-01 8.985644114250801451e-01 9.016410435068170637e-01 8.967767513117165246e-01 8.911499595759047043e-01 8.970879999983195630e-01
-4.262718876838629024e-03 1.035863578209902103e-01 2.093983030846439941e-01 4.035321985087151342e-01 4.172894169146373344e-01 4.095547442958060724e-01 6.489902361741595183e-01 5.681895380458419353e-01 7.259435284834583335e-01 6.563821211807727707e-01 6.997260334784475289e-01 7.613772066839621377e-01 1.000000000000000000e+00 5.753187388867213592e-01 8.055819296324528977e-01 7.711595695941296791e-01 7.281056495563652531e-01 7.073741755921383323e-01 7.232604027719622408e-01 6.397593256279618945e-01 7.052720170620379037e-01 7.114908304305735953e-01 7.218930594982966298e-01 6.984632263851169309e-01 6.976882936957113923e-01 7.956724775963218699e-01 7.838010724005084473e-01 7.891973885807632705e-01 7.771110453119569605e-01 7.989785039747743234e-01 8.215899927629685129e-01 7.981658583294536369e-01 7.456903059312219861e-01 7.590257649780025595e-01 7.608388876767930853e-01 7.727319590733914279e-01 8.034894117615334341e-01 7.943122017289143688e-01 8.041364423734647104e-01 7.777364100425249172e-01 8.250286639868661398e-01 8.170925748283257573e-01 8.029725880302183150e-01 8.295304318204126393e-01 8.223939380772341545e-01 8.239125663620688877e-01 8.412392423448972201e-01 8.406268117644603022e-01 8.354958541984986997e-01 7.984640678803356373e-01 8.187911753277162807e-01 7.811955811514319503e-01 8.183592080356412168e-01 8.324130993279293955e-01 8.267591354873243814e-01 8.318757777473761994e-01 8.201313998447228304e-01 8.308067999110499979e-01 8.284329414534811198e-01 8.368444795494620614e-01 8.324076692810381539e-01 8.336610886249908869e-01 8.247931404309961634e-01 8.276975111435240784e-01 8.263183747105492527e-01 8.288812273267340824e-01 8.403946008125287026e-01 8.327414614342146804e-01 8.327830060517432686e-01 8.296178666290395798e-01 8.254882297185315299e-01 8.295989257366467307e-01 8.099617002749465167e-01 8.225171373698372257e-01 8.414730921211838188e-01 8.381256483448926708e-01 8.372379367124900273e-01 8.353531065096956310e-01 8.344044306602838024e-01 8.416560209894968780e-01 8.357840681794160842e-01 8.427867047622428220e-01 8.363572137988283250e-01 8.331641681289850832e-01 8.252422574840055924e-01 8.259391837516469881e-01 8.369790472970634054e-01 8.343330457745382622e-01 8.393501837279723210e-01 8.434466869541262790e-01 8.282730293297017043e-01 8.418798663531174009e-01 8.404183678976866467e-01 8.422733787667188166e-01 8.453869107004576833e-01 8.457106647356728013e-01 8.268840525337977088e-01 8.328360922604827188e-01 8.389484738457824164e-01 8.356938424821530598e-01 8.359813712198523872e-01 8.392793747781389646e-01 8.402428880394615662e-01 8.431499841217335867e-01 8.341569774846140373e-01 8.336414836582737298e-01 8.420399815596132376e-01 8.453969650180613860e-01 8.449034730146185446e-01 8.446489793175873118e-01 8.419886449216039681e-01 8.449054562625450959e-01 8.423108443220074237e-01 8.426665351446673835e-01 8.358957957893479174e-01 8.393581949262067798e-01
