1.000000000000000000e+00 9.011487126960221472e-02 6.847684069390794215e-02 7.656729937933653973e-02 -1.119942724715452219e-02 1.325894030483855228e-02 2.285069139420606646e-02 9.575095515729286147e-03 1.020362370393872592e-01 9.703928601843703899e-03 4.031683438314247192e-02 2.156228580203516446e-02 2.332904538346568940e-02 3.636723434663802212e-02 6.429283242323075714e-03 4.644156128586728917e-03 6.690584773570955324e-02 6.477029577323066556e-02 5.283695059407807898e-02 3.967213878553026846e-02 7.438575499171062866e-02 5.356150774971916301e-02 7.302221708435231717e-02 6.485309963976114422e-02 5.676510157664883122e-02 1.617285929649360521e-02 1.987107664912023119e-02 4.381132043447962497e-03 -2.115365759511658728e-02 3.530199339217445637e-02 2.202971430578795284e-02 2.899961071656163153e-02 -2.791116161857906588e-03 2.444368402393006304e-02 2.624471676372300277e-02 2.225107810125468225e-02 1.567608977125044961e-02 4.903990034673885723e-03 1.144629598631717203e-03 -8.673654238927616666e-03 2.910734565218264878e-03 -3.651684618714647317e-03 5.647261201285273813e-03 6.004195247131382564e-03 1.897946122092803584e-02 -3.803724272715648322e-03 7.536203607368240770e-03 1.814564666816213812e-02 1.288227009181618261e-02 1.834536309016517736e-02 2.073097897851296223e-02 5.827877043910152655e-02 2.045602750474256187e-02 1.080766366361973242e-02 7.180870394087583534e-03 6.386318727971566911e-03 3.854529412029001484e-02 1.436208473643554515e-02 1.074441706869642618e-02 2.563717097049830751e-02 1.731334312015544302e-02 2.145445931728130751e-02 1.459977987444178657e-02 1.685038003456618833e-02 3.078503203901075680e-02 3.355286029143760701e-02 1.566338848596316585e-02 1.894749184028224689e-02 1.776445271738083184e-02 1.511316234668494407e-02 1.958416568713771538e-02 1.746804471856857124e-02 2.362760896670972055e-02 2.674938974188246013e-02 7.893885849848068445e-03 4.996339095542907602e-03 4.609426146553735962e-03 -7.059235056562558966e-03 3.295736730331550075e-03 2.463723677570524642e-02 1.643466683907143094e-02 1.007510330571675591e-02 1.876890643965181335e-02 9.783319477586972096e-03 1.025351912929804189e-02 1.274814860027589057e-02 5.055066828990679474e-03 1.714262869270158276e-03 -9.525721145145495897e-04 7.540761185678584479e-03 -3.999914941508595292e-03 -3.770820029644086045e-04 2.670349471691906267e-03 3.817071413941692235e-05 6.446104344809357525e-03 7.765120518810300632e-03 9.382579660435081889e-03 3.425280510287413704e-02 1.288405093809488582e-02 1.135396498137062476e-02 1.355483286704336912e-03 9.885324165301653462e-03 1.770977548688667039e-02 6.903895191425942976e-03 1.825823095214440181e-02 1.982410193565344037e-02 1.058055188494843799e-02 7.754733192141458759e-03 6.625175613384589289e-03 8.502722758507465922e-03 3.467228697197529026e-03 1.399246903649406515e-02 1.057119569052479384e-02 1.179755760415530062e-02 2.322755104655504707e-02 2.042131678177391482e-02
9.011487126960221472e-02 1.000000000000000000e+00 6.803255242581981999e-02 9.284234285825579414e-02 6.832369932979295846e-02 7.731989289231838702e-02 1.808503489797953501e-01 1.343593188382475045e-01 1.368227374180093769e-01 1.752376503303246513e-01 1.555639817729722041e-01 1.314991388689781271e-01 1.278640964851165684e-01 1.367715066739903784e-01 1.633837740095585855e-01 1.583262457494837849e-01 1.268049611346707406e-01 1.618391010965792021e-01 1.304955516118284087e-01 1.518893165528107381e-01 1.381104498735396535e-01 1.264279674325412550e-01 1.790527121273252642e-01 1.510653257680386330e-01 1.424786371955770181e-01 1.608963173972883243e-01 1.382354557888911262e-01 1.502986271549483221e-01 1.258266195413392796e-01 1.648174198448766059e-01 1.608719885657648452e-01 1.572042222529812516e-01 1.370305216213285049e-01 1.407076965523092194e-01 1.612702955092813473e-01 1.277181248368027267e-01 1.561233810096382124e-01 1.538128224628947383e-01 1.614094639663396502e-01 1.480978887897883012e-01 1.567064249077098903e-01 1.477421995739980343e-01 1.462251066577553993e-01 1.594756475991559730e-01 1.531222133579558942e-01 1.699478002062223825e-01 1.566113065936490800e-01 1.630013170452189186e-01 1.561016066307644168e-01 1.266655918406837111e-01 1.508967722204871686e-01 1.335970190386132073e-01 1.453548616013047579e-01 1.639500998894139472e-01 1.627797031219414547e-01 1.651243939864187604e-01 1.419907387512706898e-01 1.620301711315344506e-01 1.583605609876989617e-01 1.632636802622173255e-01 1.512968502518891589e-01 1.641845100290972581e-01 1.508867963673293511e-01 1.532895196367857760e-01 1.490213572975776779e-01 1.491093604026402231e-01 1.593203783163184284e-01 1.564028120085560192e-01 1.640265337501309040e-01 1.598226097807089741e-01 1.433632576950182869e-01 1.528195348475100968e-01 1.620722279658309839e-01 1.515281148529849242e-01 1.585077752694564468e-01 1.566757747133144252e-01 1.558979458428710885e-01 1.466769454007398610e-01 1.609238127052258216e-01 1.601042265636117845e-01 1.613900914703289002e-01 1.606432724817564717e-01 1.512560981547236838e-01 1.603088241217299204e-01 1.514822418169828599e-01 1.548471738029522926e-01 1.517099353991242516e-01 1.590480433440962238e-01 1.538908997279188895e-01 1.595982428567554456e-01 1.541075224857447190e-01 1.585629261542407797e-01 1.518359871993544830e-01 1.553002171978992429e-01 1.564637717176647069e-01 1.608621038493324440e-01 1.362518058613683969e-01 1.345140864877686082e-01 1.492743249737426003e-01 1.485217012291071559e-01 1.486283859652251238e-01 1.463863268634633674e-01 1.531769406573911807e-01 1.529204383211276441e-01 1.498528749955351791e-01 1.455456942785236796e-01 1.511960502410334417e-01 1.638579187627045852e-01 1.614847073383113008e-01 1.557295936717139062e-01 1.537431917922103819e-01 1.576800266609749424e-01 1.581182148264392573e-01 1.523591040030643218e-01 1.554720489057443145e-01 1.512844624276184768e-01
6.847684069390794215e-02 6.803255242581981999e-02 1.000000000000000000e+00 3.219423997186845465e-01 2.299614165782844499e-01 1.807751578560890804e-01 3.295312024591778854e-01 3.257648684238070302e-01 3.501375081024123981e-01 3.525410567711196319e-01 3.507142037510534438e-01 3.836819743976873087e-01 3.234828356228647284e-01 3.160952394030252521e-01 3.811420668465221318e-01 3.678453512418303206e-01 3.485304545857532688e-01 3.158320157178702292e-01 3.552341839023380743e-01 2.653965925376511326e-01 3.368362323439868522e-01 3.452107589619970995e-01 3.461077633972312606e-01 3.224685513411074678e-01 3.409300612693010324e-01 3.613014165697394642e-01 3.603992032053211503e-01 3.525876766062527312e-01 3.085971513650991871e-01 3.696032578225089682e-01 3.806848726348921463e-01 3.675414328426425681e-01 3.453682209354483335e-01 3.613992580737101501e-01 3.678624696200533672e-01 3.513456299899904711e-01 3.872157995916321038e-01 3.624270880910131498e-01 3.775623318599182765e-01 3.533678589543365889e-01 3.791015952127110289e-01 3.781485912124637472e-01 3.679774268040073570e-01 3.844858121455668187e-01 3.857031110960313369e-01 3.813511392385271481e-01 3.821264597165999199e-01 3.837657561542334728e-01 3.731056098061996118e-01 3.588774415026752540e-01 3.665378716818307181e-01 3.739178617020585405e-01 3.784726777453473745e-01 3.810227496536773284e-01 3.679665115401168918e-01 3.710438972266864588e-01 3.649966426888243687e-01 3.866348050048494800e-01 3.713439470009744503e-01 3.871927039689721517e-01 3.750429694830613725e-01 3.740641731087946398e-01 3.710318374708398981e-01 3.767777914218696789e-01 3.869568399366230538e-01 3.816746141936889214e-01 3.850993670020717019e-01 3.847690842994880289e-01 3.844716216386941388e-01 3.814030489432586601e-01 3.842759420669246140e-01 3.879717417782089783e-01 3.811055507711793022e-01 3.803611165631471391e-01 3.836893546576505831e-01 3.831111825770621704e-01 3.799511259361420534e-01 3.721210795850752318e-01 3.831191072980302814e-01 3.818157118179024700e-01 3.805559444668080715e-01 3.883383501068169985e-01 3.847689725694882767e-01 3.856811129990356801e-01 3.833017780800707652e-01 3.835044261447266845e-01 3.857933933162419060e-01 3.828942276887999374e-01 3.846207291565503783e-01 3.823760474548569821e-01 3.850655842889540992e-01 3.879756594705049966e-01 3.877040666280595627e-01 3.872641574087760108e-01 3.847771928231805139e-01 3.854224171125551490e-01 3.712141984378135584e-01 3.747231273515488903e-01 3.764121641022682430e-01 3.818116092926917005e-01 3.828078091934344895e-01 3.797342888291231344e-01 3.862785437804829858e-01 3.880685528009278906e-01 3.861792066956364344e-01 3.786943824712847850e-01 3.813726286723351788e-01 3.829300571950640109e-01 3.829090594672389103e-01 3.839964198033927745e-01 3.819657679857784705e-01 3.876722563297742563e-01 3.833101710855627564e-01 3.839050111393581544e-01 3.879498662615427640e-01 3.839093454509545644e-01
7.656729937933653973e-02 9.284234285825579414e-02 3.219423997186845465e-01 1.000000000000000000e+00 3.796173228523107568e-01 3.249343722684699953e-01 5.816186184743347143e-01 5.566760008302437113e-01 5.700059241972440516e-01 5.579332338331275398e-01 5.933987855249005516e-01 6.489427372081548739e-01 5.813961347923162215e-01 5.937539720353103290e-01 6.345959010451821536e-01 6.306981681723808908e-01 5.935612051808140111e-01 5.988768824702198623e-01 6.193608120561339137e-01 4.695905076453589788e-01 6.149643696932486359e-01 6.176713738833266021e-01 6.025456214343462014e-01 5.758075677114901092e-01 5.970043346513201898e-01 6.237419376432229434e-01 6.101433425042035452e-01 6.045729348210594489e-01 5.381892365025771063e-01 6.147592123716174584e-01 6.497573912100911286e-01 6.305335718739113471e-01 5.701616798946240738e-01 6.056272775950631848e-01 6.107942731903838185e-01 6.072143375046145097e-01 6.279595565633769860e-01 6.238454906955097634e-01 6.332148139015227883e-01 6.184305845608277785e-01 6.330319831737841740e-01 6.432188262803547607e-01 6.405271620493336870e-01 6.477912956478961704e-01 6.518550551750398325e-01 6.347450372582381650e-01 6.458065504651828714e-01 6.493588806391134005e-01 6.406139286792719156e-01 6.224375681554126238e-01 6.421842361735308202e-01 6.561292331100471165e-01 6.517334226748615622e-01 6.474106049184590317e-01 6.370149742411462812e-01 6.409909894408729603e-01 6.497106076312179068e-01 6.524204974999899820e-01 6.400520131157703130e-01 6.545819175700626769e-01 6.566955356955413992e-01 6.484097843350729029e-01 6.464040559599358859e-01 6.454314934863935038e-01 6.575219940900419724e-01 6.608826808992092072e-01 6.443346634798944317e-01 6.526132989720836441e-01 6.512141046189255933e-01 6.474565827935810924e-01 6.544829299188726912e-01 6.542700584359462113e-01 6.493947094641469020e-01 6.510061524141811384e-01 6.448773942451334618e-01 6.485485145704453780e-01 6.439620444342754046e-01 6.274439772856259534e-01 6.455973568023627429e-01 6.437863900850328003e-01 6.413359211476546973e-01 6.509033767017988747e-01 6.495964106379017444e-01 6.417465859251353377e-01 6.451730920562903648e-01 6.488316550907466951e-01 6.479072787129525057e-01 6.477154293434821408e-01 6.462466875478779516e-01 6.516143898285564617e-01 6.436482596530148648e-01 6.471483582490492603e-01 6.493675894939211490e-01 6.502697151156380251e-01 6.487323450194746322e-01 6.477859103707206412e-01 6.501160315421052882e-01 6.487635044666847373e-01 6.529073284532880272e-01 6.482203573327187662e-01 6.551946215219809355e-01 6.521492226458653896e-01 6.538555025852677005e-01 6.523494738442932039e-01 6.585447325522160167e-01 6.545089636874137362e-01 6.462758806983434079e-01 6.497571116056392038e-01 6.500868669746817652e-01 6.497914575739285326e-01 6.505261317336744620e-01 6.527035358082816652e-01 6.539362299012737578e-01 6.501211338257832928e-01 6.574765702244773635e-01 6.543418448724461767e-01
-1.119942724715452219e-02 6.832369932979295846e-02 2.299614165782844499e-01 3.796173228523107568e-01 1.000000000000000000e+00 2.765996104874275385e-01 4.546411459437965097e-01 4.545986160898767836e-01 4.626076841686613816e-01 4.285757833381814152e-01 4.805123508935776888e-01 5.068424715562258598e-01 4.691810557408410687e-01 4.589703830646650329e-01 5.114593567659008189e-01 5.102823613267916114e-01 4.497610114971839490e-01 4.578088018351582633e-01 4.418357532448649594e-01 4.159556183328576018e-01 4.494188441442451554e-01 4.410124553881721310e-01 4.548060889642331350e-01 4.176929274263819214e-01 4.206242515674177285e-01 4.946977590898847255e-01 4.875181956894025781e-01 4.744255251323596934e-01 4.041927937033696350e-01 4.668052305156640824e-01 5.053786366034400679e-01 4.896882215651393588e-01 4.435486514975839900e-01 4.521476338813315010e-01 4.662248184542150398e-01 4.511369691349226829e-01 5.004597660816001437e-01 4.724348668497730386e-01 5.014113032095900424e-01 5.032430831826684159e-01 5.109223967331433247e-01 5.151671856599113752e-01 5.197996541016670635e-01 5.223140293534263012e-01 5.156656758401358953e-01 5.160483956980254083e-01 5.140923268807504609e-01 5.155814852225042433e-01 5.044743439255240380e-01 4.676078765591734077e-01 4.968622269256522395e-01 4.985767036642355654e-01 5.239202722285056790e-01 5.168229585284853655e-01 5.055749110862264306e-01 5.107727043903899089e-01 4.960491074726818272e-01 5.246922294401421549e-01 5.029923408868259838e-01 5.275291153271357558e-01 5.188309654503828749e-01 5.141461735558804369e-01 5.067832183698147697e-01 5.037904399956681933e-01 5.124051667915556774e-01 5.140343536794897972e-01 5.145039120798919896e-01 5.123345539074579680e-01 5.115722890461728012e-01 5.170144146651082240e-01 5.013245419163021577e-01 5.070097536917891334e-01 5.004068276751773015e-01 4.958387045372554813e-01 5.165137895681680691e-01 5.137068936173421196e-01 5.101591976838274478e-01 4.912080223838325987e-01 5.106694116212130430e-01 5.055573284200822748e-01 5.108691262981531755e-01 5.162801355105914869e-01 5.048143932303253978e-01 5.016520426376129826e-01 5.028786593712715192e-01 5.050857235399465184e-01 5.180138567958776363e-01 5.108831283616441787e-01 5.162464127755306276e-01 5.190278365025021712e-01 5.192850787992583372e-01 5.208614625504387474e-01 5.194856823553197778e-01 5.219724466859346768e-01 5.183520337238010089e-01 5.199611168300760644e-01 5.182933945351272387e-01 4.988084747459982649e-01 5.167886935888470479e-01 5.147330789136405071e-01 5.286263316478252428e-01 5.154848894083002842e-01 5.203030862372557408e-01 5.226945630928815367e-01 5.190894720202541279e-01 5.129728758387737120e-01 5.103106408237442215e-01 5.221711730697824461e-01 5.182431376079574825e-01 5.208341593553985627e-01 5.176494668848568015e-01 5.216337438044174046e-01 5.217820877738944541e-01 5.147616841645796804e-01 5.146984622153299993e-01 5.162263731011674794e-01
1.325894030483855228e-02 7.731989289231838702e-02 1.807751578560890804e-01 3.249343722684699953e-01 2.765996104874275385e-01 1.000000000000000000e+00 4.413129783460931210e-01 4.098793729820279230e-01 4.245285118244150335e-01 4.184493664693575976e-01 4.387797840948576833e-01 4.659780758870233908e-01 4.241419833931180938e-01 4.261058768187753198e-01 4.739224601700028350e-01 4.626759887700510609e-01 4.337942579639871288e-01 4.267747014202247224e-01 4.260903317935402224e-01 3.722279690883000258e-01 4.193953036188382000e-01 4.266437853969369809e-01 4.430020421712708156e-01 4.132457405210731016e-01 4.097294263126642355e-01 4.658417996492718038e-01 4.613297277154261300e-01 4.417784289069084935e-01 3.939527085980426002e-01 4.462036901052057192e-01 4.821163577005247447e-01 4.658834180360055810e-01 4.190497691442165440e-01 4.369725744864699224e-01 4.497027240528731484e-01 4.151684441040051632e-01 4.762427084848377401e-01 4.474870069101058445e-01 4.680456129501943119e-01 4.634102050505939929e-01 4.927105341927567328e-01 4.888284235753175277e-01 4.712222608368344945e-01 4.895300331589465537e-01 4.899044917831705814e-01 4.825917031861338691e-01 4.901357579184333346e-01 4.923247311369597368e-01 4.811607132627995775e-01 4.439125444278194665e-01 4.675047436138308754e-01 4.642446942646301089e-01 4.916516013915726568e-01 4.879184441915198067e-01 4.831372984871589726e-01 4.855575508675397667e-01 4.617572591271342786e-01 4.837473212042973092e-01 4.753850259947767221e-01 4.935067188611519939e-01 4.822297503089375548e-01 4.794335232048533291e-01 4.756683856619866035e-01 4.704338065168106042e-01 4.888171271593144129e-01 4.911510205457760292e-01 4.948991414020166291e-01 4.893191248423808815e-01 4.885630173814323740e-01 4.918968542905212682e-01 4.802888549351224667e-01 4.913027335081317504e-01 4.834393809516890350e-01 4.829232426120109722e-01 4.916339464694589600e-01 4.892397249136858361e-01 4.857745326998703095e-01 4.696241352339017294e-01 4.849596853502640137e-01 4.794090726445806583e-01 4.904579252858712879e-01 4.903834732137052344e-01 4.778368067750201065e-01 4.820953830739965196e-01 4.815203423178728848e-01 4.864616521319271580e-01 4.900803626871824137e-01 4.888760025986656488e-01 4.920510850918841661e-01 4.897139281068329519e-01 4.889474558623514433e-01 4.961651230343118724e-01 4.937491222030911953e-01 4.948333249904667275e-01 4.935973366514075922e-01 4.942297230979720291e-01 4.805124842463189827e-01 4.761448183610866858e-01 4.844038326235572400e-01 4.855799208050191051e-01 4.924997525766574014e-01 4.875499066281648863e-01 4.938433016847091350e-01 4.939365422609467982e-01 4.906477139750651251e-01 4.788857720978829668e-01 4.850932149074151933e-01 4.971082090839467060e-01 4.923338071204360622e-01 4.893179511809936932e-01 4.890691592267591981e-01 4.930894346655965155e-01 4.896286491510797867e-01 4.879959866771010346e-01 4.909220028650891909e-01 4.921385186135506240e-01
2.285069139420606646e-02 1.808503489797953501e-01 3.295312024591778854e-01 5.816186184743347143e-01 4.546411459437965097e-01 4.413129783460931210e-01 1.000000000000000000e+00 6.941780876363813357e-01 7.285443249729401938e-01 6.796884180957286636e-01 7.419681661419894603e-01 7.930705179935250149e-01 7.265768047047883593e-01 7.617362192653708286e-01 8.388439157003608759e-01 8.035320198383584245e-01 6.909301585773356402e-01 7.306389061587128531e-01 7.268823918164092346e-01 6.514763105389962394e-01 7.327392314434709730e-01 7.264343601610560031e-01 7.772995400300302116e-01 7.064780582941463383e-01 6.962106734176701783e-01 7.960574767234920301e-01 7.854421343698348990e-01 7.943538508256924313e-01 6.949486631873773579e-01 8.022510729478783409e-01 8.198478663601139749e-01 8.065864522572880890e-01 7.525473094853921685e-01 7.833903434435016688e-01 7.894330749271909475e-01 7.535517569357594869e-01 8.075602118234973537e-01 8.088781129654252222e-01 8.204439103440113179e-01 8.126402937134301618e-01 8.181259363321049527e-01 8.343456942266974652e-01 8.222694008830149226e-01 8.309209017744695336e-01 8.175126186855624644e-01 8.276492300222429987e-01 8.145377993489890667e-01 8.119298329828525951e-01 8.113625569125666459e-01 7.923648349595016072e-01 8.206015442600550491e-01 7.858454757092929732e-01 8.067493111883687895e-01 8.110341851756328602e-01 8.064803755415339559e-01 8.222195992244452079e-01 7.936073975621407151e-01 8.196861674923943131e-01 8.171612518726205643e-01 8.114107956313658665e-01 8.206843087844462037e-01 8.089433048374619073e-01 8.135672250174975639e-01 8.090054161785056319e-01 8.014731127010308320e-01 8.058490528889381554e-01 8.146938140834399933e-01 8.162267833753782398e-01 8.252679892439315212e-01 8.269827761612491557e-01 8.040027414365860103e-01 8.109565414916009018e-01 8.145225946738267053e-01 7.970351651217820743e-01 8.181488987787836065e-01 8.193092547537632608e-01 8.220466696500202675e-01 7.951176574579714718e-01 8.280186593524299088e-01 8.240225501971673028e-01 8.205026657284524294e-01 8.205176811461450948e-01 8.212110854467383758e-01 8.177863958418957191e-01 8.240899244445328842e-01 8.227886714689941483e-01 8.221296571774177053e-01 8.317613651779418582e-01 8.257143641265309864e-01 8.298308525797527535e-01 8.293773664583730110e-01 8.273454152939910822e-01 8.191671439173027203e-01 8.311312613635719604e-01 8.158364662519046462e-01 8.167644778620437584e-01 8.219187010913863167e-01 8.044522597384154983e-01 8.178857960794131410e-01 8.196440996583317373e-01 8.303980467597920079e-01 8.231920276640878331e-01 8.177209469606268044e-01 8.252058492155158742e-01 8.184625714829700804e-01 8.120073521233431846e-01 8.147219014803043224e-01 8.171917725600855720e-01 8.240365022257289951e-01 8.183645079291315128e-01 8.238916892616162668e-01 8.157014502486202856e-01 8.195738862045895967e-01 8.153028692451472770e-01 8.129039040019603313e-01 8.127677576520007108e-01
9.575095515729286147e-03 1.343593188382475045e-01 3.257648684238070302e-01 5.566760008302437113e-01 4.545986160898767836e-01 4.098793729820279230e-01 6.941780876363813357e-01 1.000000000000000000e+00 6.980651983265078186e-01 6.623112870032904498e-01 7.321028646133910245e-01 7.719334010938802004e-01 7.136514635223293324e-01 7.072824487695169582e-01 7.941276763943853068e-01 7.875341210316040286e-01 7.048281928356703308e-01 7.063851747031648642e-01 7.163317857914365261e-01 5.995142656664839143e-01 7.313572653468586315e-01 7.195695065390803613e-01 7.255351531948049937e-01 6.812329934662918474e-01 6.987024940593152822e-01 7.819014662405217031e-01 7.624178017807046182e-01 7.489794869686611234e-01 6.785930902015304689e-01 7.564634281712933062e-01 8.066977035788004402e-01 7.840136710595108083e-01 7.078345246336165131e-01 7.429946670856398816e-01 7.509602796565383320e-01 7.245185707470870318e-01 7.833438381788189186e-01 7.878001018746045858e-01 7.873693344729707499e-01 7.665250428458563192e-01 7.923553845052495603e-01 7.990129938974046553e-01 7.847879979317713417e-01 8.063853543671301027e-01 7.904472893399965283e-01 7.978365173025355750e-01 8.050356682936493646e-01 8.046436085194281773e-01 8.046965943019912526e-01 7.746456289751393331e-01 8.032360936286065956e-01 7.627648384520255842e-01 7.859740690843963762e-01 8.032455826939036703e-01 8.043356420464373713e-01 7.996118982746072135e-01 7.892861805385276153e-01 8.092593865988133572e-01 8.078000341372488791e-01 8.036974006690301708e-01 8.091499462960788369e-01 8.031281466169474248e-01 8.083655260436456436e-01 8.005579172140063759e-01 7.928689784677360741e-01 7.956037384341088092e-01 8.028298061637912930e-01 8.010978335826158814e-01 8.020280410708860996e-01 7.999130687849592691e-01 7.994561281837821998e-01 8.015252649698747511e-01 7.904810668367223681e-01 7.934786706552205970e-01 8.069409072577302666e-01 8.050112801115514305e-01 7.966633594228970106e-01 7.813650946909083128e-01 8.018091310943583627e-01 7.979400957988239673e-01 7.974399800782666636e-01 8.077454032676675277e-01 7.989639201621424602e-01 7.923875986961611551e-01 7.985173395135374275e-01 8.008056521894951763e-01 7.996152228580470922e-01 8.087460903671654933e-01 8.048280626374727520e-01 8.048091975749148697e-01 7.984180561584001135e-01 8.064506777013794592e-01 8.014215793418070222e-01 8.068019844086050663e-01 8.058235707598464526e-01 8.050099900290601518e-01 8.002338619577185064e-01 7.974092426018178914e-01 8.073672893258754257e-01 8.075084448139518978e-01 8.044962433862744566e-01 8.063980614580308348e-01 8.013536005580788046e-01 8.095834540356598996e-01 8.007872832153902776e-01 7.989145217075341865e-01 8.062131543451498406e-01 8.047332422812942809e-01 8.091673244260901843e-01 8.100654636372011108e-01 8.092411756593352878e-01 8.058085915177966019e-01 8.079211473140029964e-01 8.061970943419449753e-01 8.008503233513850628e-01 7.999543617847565402e-01
1.020362370393872592e-01 1.368227374180093769e-01 3.501375081024123981e-01 5.700059241972440516e-01 4.626076841686613816e-01 4.245285118244150335e-01 7.285443249729401938e-01 6.980651983265078186e-01 1.000000000000000000e+00 7.337429798147433457e-01 8.002038782735079181e-01 8.350002440273386339e-01 7.570780631316424980e-01 7.594593710609950366e-01 8.389839087676095319e-01 8.254730944692394434e-01 7.703518884904455577e-01 7.642099070208060452e-01 7.706250728858885513e-01 6.412474055291400576e-01 7.601103601972089008e-01 7.677411966252472020e-01 7.917829927210552343e-01 7.239033372956060752e-01 7.360785032696152141e-01 8.344766702487518284e-01 8.295277023510657655e-01 8.062718786932668857e-01 7.044860647780538665e-01 8.303541122789052098e-01 8.623124962152792783e-01 8.421600067606299644e-01 7.588822642849889499e-01 7.944416197459183149e-01 8.170356085390483303e-01 7.660710984194845086e-01 8.517051641274059337e-01 8.187447817520933091e-01 8.418329788549491211e-01 8.070853496434772234e-01 8.552265038603575897e-01 8.485903928075450020e-01 8.219311641512124789e-01 8.598841924124878133e-01 8.572768069126953661e-01 8.450562276323245747e-01 8.662586124798578036e-01 8.743469361341437152e-01 8.673370643402266156e-01 8.194182145315717092e-01 8.523797153241549074e-01 8.351497943544965441e-01 8.557898138935520205e-01 8.682309363901103971e-01 8.545379823112708717e-01 8.571826857985599402e-01 8.553103556191309353e-01 8.661984671682242398e-01 8.594105694104555715e-01 8.733327380342560398e-01 8.654896711506051554e-01 8.651159053561269241e-01 8.574622006306095168e-01 8.591505836452132394e-01 8.650206528435758768e-01 8.713798197320149486e-01 8.701762120658256272e-01 8.640983099973457149e-01 8.673270060371501833e-01 8.611457288539053900e-01 8.538857322577438902e-01 8.629953572208652890e-01 8.514776236162391321e-01 8.506245303656522205e-01 8.666579332415673687e-01 8.645138804929323184e-01 8.595716336638387078e-01 8.304728083229671043e-01 8.574248269869247929e-01 8.696516245971899206e-01 8.681407480353839912e-01 8.717420757371329154e-01 8.595460763938922444e-01 8.555899156900458324e-01 8.557181201084819167e-01 8.589155212585752874e-01 8.638144457862406700e-01 8.605697628005026800e-01 8.622523974762373866e-01 8.620379713626235008e-01 8.554882025986739746e-01 8.649221201226038325e-01 8.666290140924851615e-01 8.660682581858788476e-01 8.700228174949709015e-01 8.716766205974232351e-01 8.499082451513104708e-01 8.584538282566751555e-01 8.652700896067322400e-01 8.644201957955119919e-01 8.607905651489448084e-01 8.647009638520006813e-01 8.702233226823359313e-01 8.690823421675416549e-01 8.684714475370195474e-01 8.642976820562418006e-01 8.676026373841830841e-01 8.700338069084126991e-01 8.700600398850021344e-01 8.703811190856111102e-01 8.663965296412752259e-01 8.739968464920598867e-01 8.710325665463333200e-01 8.681634807556545264e-01 8.706676237598158785e-01 8.726572930706358866e-01
9.703928601843703899e-03 1.752376503303246513e-01 3.525410567711196319e-01 5.579332338331275398e-01 4.285757833381814152e-01 4.184493664693575976e-01 6.796884180957286636e-01 6.623112870032904498e-01 7.337429798147433457e-01 1.000000000000000000e+00 7.465355435225266012e-01 7.852195890191344674e-01 7.055255527823819373e-01 7.185093974643215198e-01 7.943017555615916603e-01 7.786131092324789504e-01 7.255039657264612529e-01 7.123211791396776293e-01 7.217559605194420191e-01 5.754783919669888004e-01 7.050535242157172089e-01 7.130978013664409643e-01 7.362584273430629045e-01 6.712040526025006004e-01 6.917583392833107636e-01 7.891935100805551606e-01 7.791469269282591537e-01 7.608792347916123466e-01 6.801864631401164374e-01 7.724792074733368707e-01 8.190426425976178315e-01 7.948886898598999107e-01 7.221118064293634564e-01 7.410166517348285575e-01 7.730378063295056945e-01 7.205264441060248437e-01 7.993021939186060187e-01 7.830979495632206522e-01 8.015834969472003246e-01 7.621531365041656070e-01 8.108945165659692256e-01 8.085241525678497077e-01 7.744660596680924547e-01 8.151338164355005356e-01 8.002763493985614041e-01 8.083254271880515596e-01 8.212461424597845561e-01 8.294186827521652372e-01 8.208587295921183635e-01 7.703492327448272503e-01 8.014004140749907412e-01 7.606902263290833410e-01 8.006548856831700034e-01 8.263789579386160433e-01 8.215516871615644590e-01 8.150580238951466994e-01 8.032386427352147251e-01 8.200085237682077643e-01 8.201153640251915844e-01 8.211748704161232482e-01 8.180303649896863982e-01 8.178921809742466520e-01 8.147954116963063154e-01 8.178874265446374192e-01 8.066244867029362942e-01 8.136111168290612872e-01 8.242806391048358439e-01 8.177284936536858284e-01 8.198163883700633203e-01 8.121727597682737443e-01 8.085518284133473843e-01 8.194458546205785066e-01 8.025043450531784694e-01 8.081376935506072723e-01 8.208057668266659501e-01 8.230000458359920668e-01 8.160271606200679706e-01 7.982406526381502498e-01 8.142284986196743901e-01 8.196103408537572799e-01 8.225462756445997003e-01 8.292742764832948810e-01 8.128761731773211929e-01 8.150275185431714586e-01 8.098457622300019310e-01 8.123182086391085299e-01 8.195767793759186626e-01 8.211167277813110621e-01 8.201837476635126523e-01 8.197554018815639276e-01 8.124898797383940385e-01 8.233205326046715289e-01 8.218652779159713040e-01 8.236457831468771973e-01 8.268124388730501151e-01 8.285512997891799625e-01 8.053167305462989312e-01 8.090890695626490325e-01 8.190743891400054100e-01 8.196142662573592252e-01 8.133588370879540896e-01 8.197365210583276163e-01 8.169328692826519633e-01 8.236846915403446268e-01 8.200599658024284588e-01 8.179333161581754386e-01 8.253915595790338733e-01 8.275267686917348042e-01 8.267908621433028848e-01 8.253988693475576843e-01 8.244968744045342302e-01 8.265304758246672101e-01 8.268647900045628107e-01 8.251241014596720769e-01 8.204863027013594712e-01 8.237480258458376170e-01
4.031683438314247192e-02 1.555639817729722041e-01 3.507142037510534438e-01 5.933987855249005516e-01 4.805123508935776888e-01 4.387797840948576833e-01 7.419681661419894603e-01 7.321028646133910245e-01 8.002038782735079181e-01 7.465355435225266012e-01 1.000000000000000000e+00 8.629364601394725609e-01 7.722370581425680447e-01 7.823685523291054045e-01 8.622016496393060114e-01 8.615041058861027112e-01 7.837836126524372338e-01 7.811174143651063995e-01 7.904003139983001303e-01 6.590389946607205784e-01 7.892943387567085134e-01 7.835757582232953933e-01 8.078418631234127734e-01 7.491770539527740080e-01 7.596049402167438513e-01 8.623317633416630601e-01 8.459965685375849809e-01 8.345643264330034894e-01 7.482602699852068939e-01 8.416766464545832882e-01 8.889609096524485610e-01 8.649619752577725196e-01 7.810981313690933403e-01 8.132545760483157471e-01 8.257045565847573876e-01 7.939107678201747786e-01 8.696979354927280026e-01 8.545953564134846081e-01 8.687777912677482339e-01 8.398274715369751231e-01 8.792773214609026500e-01 8.751090435302961712e-01 8.525401490974926499e-01 8.837672613004863287e-01 8.777714753103007528e-01 8.759309218878120751e-01 8.911118702770243205e-01 8.951624728113473095e-01 8.921190704428652030e-01 8.435345619375194115e-01 8.793797962118667932e-01 8.463853799276452872e-01 8.764771996211518923e-01 8.940712788745487360e-01 8.871027670698573564e-01 8.852694170861178380e-01 8.831118929857380007e-01 8.903479578549726714e-01 8.886381748528419111e-01 8.944789275688470598e-01 8.930060176376154457e-01 8.925757707839981903e-01 8.917164193869561162e-01 8.888040941461998745e-01 8.832076774945876174e-01 8.888600370296909636e-01 8.939651839637060560e-01 8.888127907040270781e-01 8.906875499560485965e-01 8.857743468127530218e-01 8.772716901593798910e-01 8.863924171167316679e-01 8.791355115113007601e-01 8.763572941802703076e-01 8.948990678991868286e-01 8.920782526193834494e-01 8.861937815856361089e-01 8.671572384004450074e-01 8.857179837160342739e-01 8.871524655339242393e-01 8.868191656870328954e-01 8.973431016376874902e-01 8.858532740201822131e-01 8.805304848895426639e-01 8.812149279514023270e-01 8.842571232058387132e-01 8.879034719350281657e-01 8.908770022006711198e-01 8.894125906607611709e-01 8.918999784876234793e-01 8.842348567308263574e-01 8.906110720265842939e-01 8.894454960619476713e-01 8.917120560363247517e-01 8.949704827864999324e-01 8.962621739287138789e-01 8.821921585093319695e-01 8.822353863117837758e-01 8.942868044189948851e-01 8.910727514432351670e-01 8.876472277031659530e-01 8.938020876911062507e-01 8.905208389655302481e-01 8.943972524205276997e-01 8.908320702425230886e-01 8.930930815553709268e-01 8.942987574472386347e-01 8.949910242416666550e-01 8.973535259777446482e-01 8.967568949372710652e-01 8.964476355815962361e-01 8.965277566006629728e-01 8.989420288258583858e-01 8.946574219072950251e-01 8.915468032582480884e-01 8.939224462138042338e-01
2.156228580203516446e-02 1.314991388689781271e-01 3.836819743976873087e-01 6.489427372081548739e-01 5.068424715562258598e-01 4.659780758870233908e-01 7.930705179935250149e-01 7.719334010938802004e-01 8.350002440273386339e-01 7.852195890191344674e-01 8.629364601394725609e-01 1.000000000000000000e+00 8.170372922613492461e-01 8.365701201914930163e-01 9.191453404421167095e-01 9.124021548054473962e-01 8.339352660284391483e-01 8.209719893420147629e-01 8.431258303495411388e-01 6.719134271985548468e-01 8.375211583016025640e-01 8.503484220783205094e-01 8.462161598668215268e-01 7.857322578057541751e-01 8.131297815488029990e-01 9.073472124401155137e-01 9.029424789680164931e-01 8.844282827838999550e-01 7.967120894054383617e-01 8.935755266741791658e-01 9.350440297259833278e-01 9.147706280264137346e-01 8.460535623467848598e-01 8.697520987672912041e-01 8.872541751338479665e-01 8.547556126558859546e-01 9.208941792354187195e-01 9.068055584566986349e-01 9.255463493659777940e-01 8.976226103931738143e-01 9.344857504919663604e-01 9.319188999085246117e-01 9.093102976941640492e-01 9.421137574726954345e-01 9.342026612969208665e-01 9.307420652801083882e-01 9.430368416462193704e-01 9.472608876965378233e-01 9.418142359073924386e-01 9.029028440801731836e-01 9.324832851833436687e-01 9.112430563792779381e-01 9.325085127252281669e-01 9.410376692104276408e-01 9.304072167858788989e-01 9.345865900344350052e-01 9.266623927789451320e-01 9.423361418457429917e-01 9.348353409272516235e-01 9.446378956040547559e-01 9.415467570492049854e-01 9.354695065411664512e-01 9.378831275215674390e-01 9.380119772617764307e-01 9.399852475979461053e-01 9.449197983728158112e-01 9.469835378703784778e-01 9.449719750749807634e-01 9.445492466988897329e-01 9.379321552594236389e-01 9.385707390687991758e-01 9.458422931974506120e-01 9.285515509879150864e-01 9.333272853164726879e-01 9.457703202298758383e-01 9.467890479807516968e-01 9.438984271822273842e-01 9.234387921384837883e-01 9.420152575541574924e-01 9.415536595137626863e-01 9.420296019755146633e-01 9.498728894491029751e-01 9.412298664214724386e-01 9.377617453465615371e-01 9.385296153317013168e-01 9.409178644495601596e-01 9.453056030356332684e-01 9.462305157716933701e-01 9.464979676654353691e-01 9.459205467047926419e-01 9.433652678774674394e-01 9.486758438281877037e-01 9.484419361206380961e-01 9.492463521706909768e-01 9.503021406130581772e-01 9.495095528237073035e-01 9.363229760882362251e-01 9.362812944871997667e-01 9.464691373574155575e-01 9.469835009145185500e-01 9.461384622991539928e-01 9.471910522415649680e-01 9.479804547244701229e-01 9.508545801245409379e-01 9.494164187782677677e-01 9.430572013095954720e-01 9.462216627496840005e-01 9.481107735743476983e-01 9.485672790997122794e-01 9.490870816503702567e-01 9.478526886307503396e-01 9.507442198348471374e-01 9.492833166994730787e-01 9.485103524176066170e-01 9.485089186393821370e-01 9.495842712337465574e-01
2.332904538346568940e-02 1.278640964851165684e-01 3.234828356228647284e-01 5.813961347923162215e-01 4.691810557408410687e-01 4.241419833931180938e-01 7.265768047047883593e-01 7.136514635223293324e-01 7.570780631316424980e-01 7.055255527823819373e-01 7.722370581425680447e-01 8.170372922613492461e-01 1.000000000000000000e+00 7.567183179053886821e-01 8.381312538480876206e-01 8.337402239681899196e-01 7.510149818961225909e-01 7.587283367337022133e-01 7.604072917700226419e-01 6.172644574347134760e-01 7.664530785163777837e-01 7.663921476633005492e-01 7.775563275647825456e-01 7.209814999879003983e-01 7.368865069291355985e-01 8.172638589318289570e-01 8.121901135338498445e-01 7.938721893014645259e-01 7.046647323441113109e-01 8.113821963680624139e-01 8.470360948418054203e-01 8.318589389751691598e-01 7.712451679477720923e-01 7.923918280162062233e-01 8.123001782911515312e-01 7.777417084894652222e-01 8.357811195616432487e-01 8.221564167019131952e-01 8.422220170626901758e-01 8.133129873739517457e-01 8.493459139967154403e-01 8.461078944768501975e-01 8.337799877455035480e-01 8.545928879974974413e-01 8.462980205424823765e-01 8.435228115230211099e-01 8.521363487825235339e-01 8.540770030517298439e-01 8.508372467907949765e-01 8.155573710796880649e-01 8.457494966698276828e-01 8.273891423598678241e-01 8.438753533389843353e-01 8.478596250439747184e-01 8.396577367617563681e-01 8.431663925583777752e-01 8.324401064705970743e-01 8.533895554641534043e-01 8.415383891897456614e-01 8.546107918721057572e-01 8.546014860142771008e-01 8.450619374012844354e-01 8.462506333744331810e-01 8.488596078054793104e-01 8.507332557433358033e-01 8.501095194065799721e-01 8.579998024792170330e-01 8.561100416391439483e-01 8.562241618253485509e-01 8.518698787629274127e-01 8.495943258100225881e-01 8.564314367652043902e-01 8.430802515761529614e-01 8.444113058670343896e-01 8.569125708648845929e-01 8.558077964793745496e-01 8.503834286109713814e-01 8.252180646188994606e-01 8.506215046182156181e-01 8.537543441449394477e-01 8.552241629697777681e-01 8.570558334261371147e-01 8.529410282753228101e-01 8.508855284436021016e-01 8.535011541038179939e-01 8.552703155668605062e-01 8.587314127640748307e-01 8.563252875895245309e-01 8.593226926218102690e-01 8.573206363177969802e-01 8.514034856624098646e-01 8.598906833733516164e-01 8.576749291471759129e-01 8.591447813717726367e-01 8.580474692028867700e-01 8.587015546206718808e-01 8.515266495248967615e-01 8.482120141397576640e-01 8.576575505854203696e-01 8.552187051862889522e-01 8.598005708856581997e-01 8.593906943191417236e-01 8.581403253941068954e-01 8.632403637035240829e-01 8.604731392012848756e-01 8.503285150431129091e-01 8.561938994485293053e-01 8.581754511864090329e-01 8.587055704943094003e-01 8.572858707098149900e-01 8.576709809614396773e-01 8.589876215959836303e-01 8.574601701579440682e-01 8.590835668342985398e-01 8.578979131757233922e-01 8.569049975155729193e-01
