1.000000000000000000e+00 1.601935147411950866e-01 9.198541579040556138e-02 8.833542623207365704e-04 4.263443751976773999e-02 8.165042373127096020e-03 2.942544002391703217e-02 6.798686187081069698e-02 1.272382855514659905e-01 9.881400973684514866e-02 3.130761043492599066e-02 1.391013642658902282e-02 2.981310640625543795e-02 1.750229197075831369e-02 1.100030121878002067e-02 3.326989026133857219e-02 1.483222616647918712e-01 1.585902837796672460e-01 1.341897904490466642e-01 -5.743685540038275493e-03 1.555801381140304585e-01 1.368359692287755558e-01 1.003810248305777725e-01 1.266012023119351682e-01 1.292743077919038253e-01 9.233277436188730425e-02 7.150301232756732517e-02 7.344562724798103792e-02 1.327163684914588748e-01 1.251883443102959903e-01 7.136686802791740447e-02 6.672867153107342464e-02 7.069298733074684538e-02 7.496483240301762829e-02 8.607612510880838230e-02 5.420337813933495674e-02 4.786234249257606543e-02 4.155113525041956996e-02 4.695784525867763987e-02 -5.874303390389759572e-03 1.831913760246557318e-02 3.270442656247011387e-02 1.207961251449243475e-02 2.851177829745665804e-02 2.351439880018324838e-02 3.398670537246122059e-02 1.049515518243862404e-02 3.922905410320651903e-02 1.749967510482561620e-02 2.322695079147645003e-02 1.857708731680841191e-02 2.180739707490053289e-02 2.391003474054040432e-04 4.471228667720955618e-02 4.987288765673090346e-02 4.814509903823910308e-02 4.699280251553657889e-02 1.768035174826190076e-02 1.223443747414937680e-02 3.002507247088795350e-02 1.566855714382943757e-02 2.305894232695138851e-02 1.710795710067199507e-02 3.173122770385446156e-02 5.754953288742289258e-02 3.606341692263184684e-02 3.750998235306018946e-02 3.582785818346797407e-02 4.645471338604744566e-02 1.676671956578371439e-02 4.640845041691889911e-02 4.345749208161855254e-02 4.100539028910971107e-02 6.135752373723130787e-02 3.935257806243099010e-02 4.230606832327610256e-02 3.308621287189528193e-02 5.422753574628881579e-02 4.086310679480287256e-02 5.883470433390028398e-02 4.032759637899796523e-02 2.695995471075672903e-02 4.760329765801121077e-02 5.151303207056526917e-02 3.719934357815166820e-02 3.073216364443552909e-02 1.607602800054422354e-02 1.874466539628820427e-02 2.052494482413355983e-02 4.738901959204144809e-02 4.513451893995448772e-03 1.397309598816011758e-02 6.893742520743870346e-03 1.123193079269765512e-02 1.045640775431153427e-02 2.066415223812397700e-02 1.762171113770640354e-03 3.292701861410567837e-02 1.624862158132893766e-02 1.358596796323682972e-02 7.391114027968110310e-03 1.322067031249821341e-02 5.865989494493386615e-03 8.507927844470382708e-03 1.543020336189680417e-02 4.295419573127039203e-02 2.110182759667553198e-02 3.904550490480944436e-02 4.100670788569422964e-02 2.195078609372742157e-02 1.608846181221085941e-02 2.551663234738147171e-02 2.279616272500695900e-02 2.482915105722096824e-02 3.962858733131107564e-02 2.458033657815986150e-02
1.601935147411950866e-01 1.000000000000000000e+00 7.978271419081776894e-02 1.305365732266528835e-03 9.509680010984947196e-02 9.655849826607450226e-02 1.179799665148406618e-01 1.224721309595877550e-01 1.660677072252757791e-01 2.171994930471077556e-01 1.151190748140642345e-01 1.141519397663991464e-01 1.231765903111073646e-01 1.119484799754396215e-01 1.325686573494282150e-01 1.517798287426101178e-01 2.008467262865653857e-01 1.764001162417072333e-01 1.990982337124936052e-01 8.055398348119827134e-02 1.369049959274880324e-01 1.592479258186711155e-01 1.751344540797877825e-01 2.063968965787906784e-01 1.860205916598646758e-01 1.803733016528779876e-01 1.239529735139057870e-01 1.529116907727831598e-01 2.234837288411405942e-01 1.752875439862625895e-01 1.518389264002014682e-01 1.861213453855594113e-01 1.576428953687938894e-01 1.803148236834760110e-01 1.555408731108430254e-01 1.453580056920899810e-01 1.281118849028277940e-01 1.638997790710288727e-01 1.496258416996984197e-01 1.281859143051457817e-01 1.480589492302661903e-01 1.493469761440513466e-01 1.247719753852767205e-01 1.313953437491772736e-01 1.345400212784418070e-01 1.465064051269857337e-01 1.497366663400422349e-01 1.639198238886789005e-01 1.550597212993776175e-01 1.451854720939921572e-01 1.403635480943565550e-01 8.610214215152305062e-02 1.240368838253547851e-01 1.673677652868768295e-01 1.584981643717850719e-01 1.633906120884723312e-01 1.455971430161372981e-01 1.443162880725142316e-01 1.463625848960312115e-01 1.451520073892366147e-01 1.354271142394683769e-01 1.411871684755321155e-01 1.341230086956834155e-01 1.444234573831063850e-01 1.585925888787869387e-01 1.454317272011637907e-01 1.666966353867619655e-01 1.621669467452912794e-01 1.729158070245400136e-01 1.369827281543193886e-01 1.470326352441581053e-01 1.632917892200492216e-01 1.603891814636002611e-01 1.699847243466043600e-01 1.626850348198628504e-01 1.537137531872898588e-01 1.547276306426172698e-01 1.808180515253730025e-01 1.646471276213438140e-01 1.649330990656878160e-01 1.511141558616763136e-01 1.554057053261996835e-01 1.704356544199270296e-01 1.579924862636372107e-01 1.623633189125988363e-01 1.584663261321727912e-01 1.384413212543512961e-01 1.622869893980253553e-01 1.471920176978652184e-01 1.741040580526858061e-01 1.412258295630078875e-01 1.499281078228054120e-01 1.418725411029005956e-01 1.416103294932543333e-01 1.538109906422118756e-01 1.615082872105325640e-01 1.322788699262970324e-01 1.533922469777483644e-01 1.496622909632822351e-01 1.550958521819522373e-01 1.416883218241654641e-01 1.453402872502022325e-01 1.385938055144812775e-01 1.371335150479276732e-01 1.358113769202607402e-01 1.642304268826228486e-01 1.545958728746721911e-01 1.751545221892694681e-01 1.709484999650856263e-01 1.548556793472392334e-01 1.601659464614209050e-01 1.547241242627069580e-01 1.601081578653016368e-01 1.522138721186835630e-01 1.547313073297891806e-01 1.523680274539461199e-01
9.198541579040556138e-02 7.978271419081776894e-02 1.000000000000000000e+00 3.176722746846377676e-01 2.361925217931725718e-01 2.416211352238012144e-01 3.512521369776455127e-01 3.692439473681219941e-01 3.590428674500538153e-01 3.200439216125453012e-01 3.719084556534792418e-01 3.989959311108576268e-01 3.422319981816005496e-01 3.278840851510072540e-01 3.934171744817208660e-01 3.975098691292421327e-01 3.694894389705834503e-01 3.952489653413398529e-01 3.775984872801854686e-01 3.449971464394102627e-01 3.882607171981965477e-01 3.844158451883548100e-01 3.949077524485783974e-01 3.798984738960944352e-01 3.743715821555915757e-01 4.102498246948600436e-01 3.934125214262419457e-01 3.909281278385861036e-01 3.828109779129585943e-01 3.811318524976561317e-01 4.049198940088172827e-01 4.122337006110568525e-01 4.138282041365488051e-01 4.151060969734697292e-01 3.912710644855575404e-01 3.995433644369958404e-01 4.098605725493532081e-01 4.047667206110756588e-01 4.132358707992399571e-01 4.076583514816523035e-01 4.040164045207428334e-01 4.064089696428823673e-01 4.033766702700359308e-01 4.026938767311592504e-01 4.021359415174222129e-01 3.972718255956900202e-01 3.798202045951593053e-01 3.863727997573326856e-01 3.814071266635487012e-01 3.940107598256253896e-01 3.987757172131179972e-01 3.823404319740374979e-01 3.751135498115276135e-01 3.833740122909148895e-01 3.885749120462439476e-01 4.010630518236891762e-01 3.795025980045249048e-01 3.889279287041659816e-01 3.868615622517400099e-01 3.837453130931235412e-01 3.868616813723562697e-01 3.918955666251827674e-01 3.903890011916676395e-01 3.823393510316172028e-01 3.855198639436793751e-01 3.841460945364258972e-01 3.843919503158834683e-01 3.923084399769943276e-01 3.917208527326598300e-01 3.897233989217572803e-01 4.004089784507299798e-01 3.918334124989997780e-01 3.930139819892493613e-01 3.923353100495419743e-01 4.005383151202267511e-01 3.964418584495353337e-01 3.949345119994714937e-01 3.853224931203670378e-01 3.920891581154948846e-01 3.851305368652132577e-01 3.952771465252020722e-01 3.961200418886838270e-01 3.982112204259188326e-01 3.943053793488801029e-01 3.987327391157965972e-01 3.971083438110697972e-01 3.958998601171304088e-01 3.940720282109969608e-01 3.967765746443531194e-01 3.963083063514656335e-01 4.018661223585950348e-01 3.936234646688002714e-01 3.931261616285526839e-01 3.935529645063524096e-01 3.818813078052835097e-01 3.839593431095962295e-01 3.905502742186283127e-01 3.805405430883218587e-01 3.838269718306676070e-01 3.874556123446178391e-01 3.945246139937281793e-01 3.853369424078192385e-01 3.810589354354444458e-01 3.921002917406506416e-01 3.906932645070845811e-01 3.813133375109413192e-01 3.804994516761887602e-01 3.859845334415467621e-01 3.875075512895500007e-01 3.863377941975748020e-01 3.850043221789479775e-01 3.837716568852350685e-01 3.830874579859303575e-01 3.858142349935529403e-01 3.851110057000444176e-01 3.783985978166420905e-01
8.833542623207365704e-04 1.305365732266528835e-03 3.176722746846377676e-01 1.000000000000000000e+00 3.713608603617762349e-01 3.641822394458743006e-01 5.852261081531506814e-01 5.774383556410750407e-01 5.024071928006212939e-01 4.082174379749490822e-01 5.780232106631900679e-01 6.574725227174116338e-01 5.254306429754989072e-01 5.138722424097085240e-01 6.090389037192395216e-01 6.119834034217770391e-01 4.906005637426782973e-01 5.067492598271970961e-01 4.949037213545425251e-01 6.172291074413462919e-01 5.152632566537564962e-01 5.452716237873150851e-01 5.680670840852897197e-01 4.866973726400794509e-01 5.093095379324773520e-01 5.832766633650809940e-01 6.031962643243778954e-01 5.847619442804276035e-01 5.140391464060732885e-01 5.403566139932486356e-01 6.034432227171506735e-01 5.732420263948677652e-01 5.814829264175820356e-01 5.805409200834474870e-01 5.509379277800507957e-01 6.229362343001512148e-01 6.355079393304562396e-01 6.067731632144242049e-01 6.200671472537090390e-01 6.490750628206346518e-01 6.069127814973909185e-01 5.982972095251108957e-01 6.647737498840449177e-01 6.254618833565488423e-01 6.383084176754550976e-01 6.153033006921427850e-01 5.828738127639009337e-01 5.722971623493190441e-01 5.840747518202361599e-01 5.927274532432637022e-01 6.215865416320145442e-01 6.282122184068655857e-01 6.053717106208991172e-01 5.640724361636572093e-01 5.754797214202125311e-01 5.952968662437604364e-01 5.956903031110500901e-01 5.937534146097291909e-01 6.008709850145115272e-01 5.855676435892492870e-01 6.101549620905918347e-01 6.143309651273288763e-01 6.130004467850076466e-01 5.923631074628125104e-01 5.702329250190255605e-01 5.858395267317497712e-01 5.615325501626353688e-01 5.715915188133847691e-01 5.638063399108014240e-01 6.047137942852300885e-01 5.932529631787447633e-01 5.656936413400259767e-01 5.737887518504520834e-01 5.555301280098422501e-01 5.885922579745928029e-01 5.894626350503539003e-01 5.907880899718149781e-01 5.614371616808976340e-01 5.816269500714457141e-01 5.718879731601924643e-01 5.901094672551215892e-01 5.896276845190313587e-01 5.806817617686836908e-01 5.711436875128074186e-01 5.786015395127561689e-01 5.890973297244261886e-01 6.065079334386510590e-01 5.879530389252812794e-01 6.018399875975840585e-01 5.794721416067213360e-01 6.164322799130418362e-01 5.963046129944977736e-01 5.964740786671886008e-01 6.003529695895760687e-01 5.760347702996226893e-01 5.682079652829593597e-01 6.206240108108809217e-01 5.812922751506234276e-01 5.905063950058947464e-01 5.934420260377430978e-01 6.127843226588601810e-01 5.948628778930714622e-01 5.872726844954312408e-01 6.046362256648736277e-01 6.047121792704795995e-01 5.702151866924044521e-01 5.761898598123054160e-01 5.549461580277809114e-01 5.684745792701920708e-01 5.818766109531551267e-01 5.827206411620388105e-01 5.794981161027867866e-01 5.792016200365873724e-01 5.813872284266990986e-01 5.743060968035994529e-01 5.707613778144703387e-01
4.263443751976773999e-02 9.509680010984947196e-02 2.361925217931725718e-01 3.713608603617762349e-01 1.000000000000000000e+00 3.052061267908391939e-01 4.780268549894379215e-01 4.768231525281910188e-01 4.488505011508282516e-01 4.089543275413210499e-01 4.731436488774961591e-01 5.021090437714703647e-01 4.677596638956180164e-01 4.306091599211451237e-01 5.176826980290133440e-01 5.162541392378433569e-01 4.348116215412706764e-01 4.361159676201424862e-01 4.461828789668969564e-01 4.203957541731855874e-01 4.172721643556658311e-01 4.655022376213436841e-01 4.684746655731925058e-01 4.338506319073177631e-01 4.479645442771267860e-01 5.015650942212585006e-01 5.000197677511231120e-01 4.921469769400086958e-01 4.713135719709585780e-01 4.673247852532204094e-01 5.052340025501683707e-01 4.936783898564373607e-01 4.699432522294677561e-01 4.873034416278677616e-01 4.647478194504416904e-01 5.028415530226310048e-01 5.046270135127134404e-01 5.156668082466228098e-01 5.109243957492914934e-01 5.071256140799058620e-01 5.126265046673696979e-01 5.148843050620885986e-01 5.256687225431612154e-01 5.242336130433560282e-01 5.214447544279199320e-01 5.168370223529701324e-01 5.010418401653816689e-01 5.044645340762036190e-01 4.991611538252342939e-01 4.887576529410709858e-01 5.036159592207567481e-01 5.031101331353359241e-01 5.026960449205712944e-01 5.022294849778882186e-01 5.039188783801649141e-01 5.044672255942309613e-01 4.976256827975111263e-01 5.158945845737789027e-01 5.046383891810828359e-01 5.090166658414541079e-01 5.098616686069216142e-01 5.133257832671475063e-01 5.109567184139172102e-01 4.996646864327813353e-01 4.989188589454546796e-01 5.016493329108442367e-01 5.017068691531214597e-01 5.021378159845087952e-01 4.958715182768391738e-01 4.986952294476033054e-01 5.019742591236677764e-01 5.004749676635202871e-01 4.906512691049563224e-01 4.936961566066175311e-01 5.099681162236789911e-01 5.097348835953088297e-01 5.085056359767643475e-01 4.975653326559925094e-01 5.000245600805233170e-01 4.971856302355754931e-01 5.037759034977126182e-01 5.096804047526403147e-01 5.022000782015854092e-01 4.932267383689246665e-01 5.001266658492772299e-01 5.045783717360287080e-01 5.067856629780060906e-01 5.087065582813462550e-01 5.111220439522888848e-01 5.065649922314138243e-01 5.121300592701607535e-01 5.134193898115680943e-01 5.096944751479720592e-01 5.093262098957682671e-01 5.040818552837178501e-01 5.030578329899256795e-01 5.146492498373366198e-01 4.962272202602358573e-01 5.050958539602321551e-01 5.081314348841574624e-01 5.181744520757790573e-01 5.052871199282119585e-01 5.036860214029162952e-01 5.180647375724838355e-01 5.113137767948989776e-01 5.020858227481604930e-01 5.018222235246632135e-01 5.014885415777308175e-01 5.044139049216118664e-01 5.121410683497172878e-01 5.070830460396121842e-01 5.072813434932398335e-01 5.060293309298963260e-01 5.061120619805951071e-01 5.037274213124499633e-01 4.985142973672495037e-01
8.165042373127096020e-03 9.655849826607450226e-02 2.416211352238012144e-01 3.641822394458743006e-01 3.052061267908391939e-01 1.000000000000000000e+00 5.005886616865501404e-01 4.618532176690250957e-01 5.126367984935455979e-01 4.622445488484071552e-01 5.395148379032130848e-01 5.501218216840024766e-01 4.952729750175072776e-01 5.070812618903505209e-01 5.704621753042317112e-01 5.462176790104803503e-01 4.851281393015501875e-01 4.726250899074468936e-01 5.114956192886347397e-01 4.820083661221833959e-01 4.716398723656199943e-01 5.114439469219698164e-01 5.211905159299794477e-01 4.875618561436337317e-01 5.012882616420106796e-01 5.498131689032639269e-01 5.440964084164040537e-01 5.594012694418303289e-01 5.405304002739409475e-01 5.475512221427704107e-01 5.734952228282637066e-01 5.592393845099059568e-01 5.361316491142241736e-01 5.479818043664176352e-01 5.470683134613363308e-01 5.436799152968543325e-01 5.623451950043935055e-01 5.663137933640415289e-01 5.696301025016402564e-01 5.568482443348622413e-01 5.741748467990233085e-01 5.796728739213180548e-01 5.549755240394255162e-01 5.776807340767852184e-01 5.683966880622181028e-01 5.742593469902710357e-01 5.766811380980882973e-01 5.774719151818511476e-01 5.731901171000549633e-01 5.664873995952793839e-01 5.680386611663359453e-01 5.561727042064561477e-01 5.679184533276824265e-01 5.776643145537928570e-01 5.694074069991179599e-01 5.732997909295073358e-01 5.627604723591764779e-01 5.717886855833961279e-01 5.679516421094327194e-01 5.749043053317388630e-01 5.797039276697724119e-01 5.719161418053693158e-01 5.674599053429485451e-01 5.648109589353820237e-01 5.709222809966481016e-01 5.744667452767199256e-01 5.758348849828579530e-01 5.764102515627933521e-01 5.727656737300340639e-01 5.765865697190635242e-01 5.729566546426110296e-01 5.770225943275038016e-01 5.642793822208223009e-01 5.679193217143811978e-01 5.819443103950460161e-01 5.815963246686475241e-01 5.827311267023972396e-01 5.779357955692313586e-01 5.784574783469134118e-01 5.788119602124036644e-01 5.829859238468104721e-01 5.830491625280914691e-01 5.744455895987843341e-01 5.756641217112564712e-01 5.736360613810654874e-01 5.719677689479568672e-01 5.811802348559929055e-01 5.810994455898225164e-01 5.831234288379375519e-01 5.755214142895606066e-01 5.816544609517787512e-01 5.839923578799869341e-01 5.825902708666397256e-01 5.867365310036394277e-01 5.803123792887545651e-01 5.801125407643934473e-01 5.757386308087797389e-01 5.684265524476919129e-01 5.793139657506612972e-01 5.778925165248116613e-01 5.806378745813544073e-01 5.773525352426772672e-01 5.770979649702280279e-01 5.814997952685777571e-01 5.811913320945948369e-01 5.731138099749266690e-01 5.779403939532115064e-01 5.809250229979543434e-01 5.774141737878339953e-01 5.778276072952216458e-01 5.751300188571201177e-01 5.797883312492403407e-01 5.778016091108001406e-01 5.801151651091195349e-01 5.768449498429163436e-01 5.780129645662592797e-01
2.942544002391703217e-02 1.179799665148406618e-01 3.512521369776455127e-01 5.852261081531506814e-01 4.780268549894379215e-01 5.005886616865501404e-01 1.000000000000000000e+00 7.236484631386229660e-01 7.208006355968575862e-01 6.396811949849751100e-01 7.566968772420840095e-01 8.096861947144260441e-01 7.291075506852734422e-01 7.017170816376335774e-01 8.346205804442653475e-01 8.165648682119102109e-01 7.094756140389945065e-01 7.193748656652958484e-01 7.485901558715004622e-01 7.264952894407618045e-01 7.114544083435516697e-01 7.603638545632587231e-01 7.755396310824747008e-01 7.335325000133108286e-01 7.511245633808533162e-01 8.211604328768991046e-01 8.157528957072696096e-01 8.267928052016897400e-01 7.777712013260527080e-01 7.943225965467199945e-01 8.294720164430963161e-01 8.008561157657905216e-01 7.655743717543833649e-01 7.979060165912178482e-01 7.663662460265467935e-01 8.087869441549896399e-01 8.218904598388734328e-01 8.301642136068999589e-01 8.326533161040592379e-01 8.351602953691206199e-01 8.332759064931547499e-01 8.390537861290130461e-01 8.330902484836010258e-01 8.446813895944580430e-01 8.360907307027534152e-01 8.376391974246609751e-01 8.116582713096295310e-01 8.140814270471602443e-01 8.087673777453223689e-01 8.023968204591345188e-01 8.215421812462075923e-01 8.121087570865073157e-01 8.073189419651797261e-01 8.098168782292397561e-01 8.132192495206939098e-01 8.253623969901575652e-01 8.055991936289890187e-01 8.264015511816731330e-01 8.213245093504467631e-01 8.163172890037737606e-01 8.262542441968363516e-01 8.245932566896514437e-01 8.213137593546023796e-01 8.059843878860638577e-01 8.011953309975006210e-01 8.079249701295097008e-01 8.094278222539712520e-01 8.165411236602539979e-01 8.150029245255321353e-01 8.239367875614007630e-01 8.206535209091666561e-01 8.168807607924017944e-01 8.136458387713731977e-01 8.128241639750412029e-01 8.339567588259300113e-01 8.320423350913807026e-01 8.333031040828763336e-01 8.144498310773995442e-01 8.294498483318395454e-01 8.241708888497067953e-01 8.247572278235959509e-01 8.238754528597687088e-01 8.192669719473361090e-01 8.133211913837852247e-01 8.116573996425061610e-01 8.196880498810088511e-01 8.221030295125747456e-01 8.281423473935582980e-01 8.337793728713878139e-01 8.243536649334627375e-01 8.354908257816121564e-01 8.343881408114983689e-01 8.249848816946235841e-01 8.346747222193998672e-01 8.130271631539683908e-01 8.141456207879667062e-01 8.327529709755691067e-01 8.073370145253865315e-01 8.206371795726404850e-01 8.237048138969633726e-01 8.342023629051298350e-01 8.226994048154351313e-01 8.112043012520133711e-01 8.321084463018258992e-01 8.241740927519092264e-01 8.092867208896917797e-01 8.124887266112421624e-01 8.108961847569907677e-01 8.164100804429571534e-01 8.212818810048120310e-01 8.224284829093121418e-01 8.153996505908586157e-01 8.147583459934799599e-01 8.161402778884189191e-01 8.147859202777664178e-01 8.037290349186495542e-01
6.798686187081069698e-02 1.224721309595877550e-01 3.692439473681219941e-01 5.774383556410750407e-01 4.768231525281910188e-01 4.618532176690250957e-01 7.236484631386229660e-01 1.000000000000000000e+00 6.913858383982270928e-01 6.189719991344110328e-01 7.272922831658014120e-01 7.754493356645980606e-01 6.802659755860238633e-01 6.578772047955905311e-01 7.748716432460048820e-01 7.910823777461654105e-01 6.739192221988178355e-01 7.226120787784845456e-01 7.204575637720780357e-01 7.068514715317872898e-01 7.080647426080816098e-01 7.495739302584701891e-01 7.601231483810545475e-01 7.186022600329324828e-01 7.278755595811736701e-01 7.828261330804721085e-01 7.749483843989778409e-01 7.806274579542503700e-01 7.473960367317076248e-01 7.519805489502557894e-01 7.898440180599206606e-01 7.741797347233730919e-01 7.479599068950467666e-01 7.779289460883938023e-01 7.454137572927527211e-01 7.917527627149273384e-01 7.924809287722219819e-01 7.936335603004356365e-01 8.024320856644324707e-01 7.951805024434978053e-01 7.822781356497522376e-01 7.875195706122554151e-01 8.118552965508818442e-01 8.051460236194091236e-01 8.007118016489357393e-01 7.992159324925975916e-01 7.687537873676999478e-01 7.686490819275281217e-01 7.660960664579088419e-01 7.725698563450921208e-01 7.956142443161807742e-01 7.807318574584728443e-01 7.694069196897483920e-01 7.653306232913099638e-01 7.703661798402127170e-01 7.841010611162250177e-01 7.729967082320584604e-01 7.791041062108671200e-01 7.813373895516394496e-01 7.699668394641556723e-01 7.889178296837364712e-01 7.880128227156225629e-01 7.827212063928382646e-01 7.717730498853386800e-01 7.641257842685948987e-01 7.698378443923572512e-01 7.606230734153824891e-01 7.703387019579126527e-01 7.688859148975706326e-01 7.847632956070214050e-01 7.862199707741051036e-01 7.724977787630354920e-01 7.713285661203358456e-01 7.696859227724038854e-01 7.865374661009948420e-01 7.889756032237691397e-01 7.852891332570658411e-01 7.726498309449388868e-01 7.805930921532968636e-01 7.756970715120877768e-01 7.844477204513764512e-01 7.767078892885230790e-01 7.774607814273059025e-01 7.716751083659660893e-01 7.760373077195503733e-01 7.828729418750899338e-01 7.828292937909959726e-01 7.843794283851729388e-01 7.871488840128593178e-01 7.814145572089669090e-01 7.895385351416874808e-01 7.836680489757346102e-01 7.784719682033401922e-01 7.852160664604073137e-01 7.672238438664658045e-01 7.654264985418618439e-01 7.931800365272035913e-01 7.744530965153499924e-01 7.820932460994175495e-01 7.834298455710589915e-01 7.909962726058561433e-01 7.847910498778040145e-01 7.670350347415976211e-01 7.869753674961676992e-01 7.838222069720415242e-01 7.710826774651396986e-01 7.686817207768608107e-01 7.639291581018283761e-01 7.722354876933307244e-01 7.776972132099481128e-01 7.768831771196786917e-01 7.714602683669590233e-01 7.720811799421671839e-01 7.729770266813476010e-01 7.683458268385832124e-01 7.608706250050762954e-01
1.272382855514659905e-01 1.660677072252757791e-01 3.590428674500538153e-01 5.024071928006212939e-01 4.488505011508282516e-01 5.126367984935455979e-01 7.208006355968575862e-01 6.913858383982270928e-01 1.000000000000000000e+00 7.329024200305613856e-01 7.903618550566808842e-01 8.015504123486817400e-01 7.525071446060027647e-01 7.332177982325058796e-01 8.260591694910720539e-01 8.255039662333785166e-01 8.058959830270076008e-01 7.506129838646287133e-01 8.011696370324565830e-01 6.739804449532597053e-01 7.422375748735193790e-01 7.959803913267325948e-01 7.953673822448960040e-01 7.666535248013206516e-01 7.867314044722858446e-01 8.213914888980488049e-01 8.082215952924246549e-01 8.163464487105263068e-01 8.300424428536165022e-01 8.263962736532979303e-01 8.551709497232796720e-01 8.518322819675395730e-01 7.914493014207966137e-01 8.396466280001846361e-01 8.122395533607782436e-01 8.314412036692538921e-01 8.368484585277174981e-01 8.420482205572173973e-01 8.438017979934961943e-01 7.870922224236661657e-01 8.401160619585187339e-01 8.436054341785234056e-01 8.133342712796355345e-01 8.482539288060622074e-01 8.357630059436086389e-01 8.434190446412903608e-01 8.628541555540883978e-01 8.742961952534835657e-01 8.627188117150154101e-01 8.456407284024666238e-01 8.520358329286548127e-01 8.326640292260415466e-01 8.433585382746794368e-01 8.724094971261848741e-01 8.647867667853410545e-01 8.603543995160704005e-01 8.626337457784821749e-01 8.552078894467702863e-01 8.550644837518387442e-01 8.689192969772169262e-01 8.604206982934813341e-01 8.625880553911092763e-01 8.525317813831873037e-01 8.605649025371677752e-01 8.744164262644886776e-01 8.704689584722651308e-01 8.683353971957913364e-01 8.671131424220386297e-01 8.697013449446588940e-01 8.564196554205438794e-01 8.653070045270283561e-01 8.689229711233393827e-01 8.568522955235462479e-01 8.640308750283449690e-01 8.650437373739190416e-01 8.645315135438871312e-01 8.633261230097842853e-01 8.677499357994989948e-01 8.589166026818435551e-01 8.669629596850925157e-01 8.631890171827975022e-01 8.677187835983742881e-01 8.704507766827325188e-01 8.588904966365557003e-01 8.641353593128854316e-01 8.656759476540248910e-01 8.584511518547025544e-01 8.585675482442334250e-01 8.586512381642634750e-01 8.688622348519557947e-01 8.435020735198744957e-01 8.598130138425459368e-01 8.572386857663376603e-01 8.575614645303308858e-01 8.647249691397712601e-01 8.689324545758339013e-01 8.508276155928343742e-01 8.677223197241993313e-01 8.661536367938708070e-01 8.639717229879534388e-01 8.545503259527883477e-01 8.626927951115435089e-01 8.599677380429475715e-01 8.610865350045225908e-01 8.638781427463068097e-01 8.727105638286266620e-01 8.698697281168571438e-01 8.714561246510483805e-01 8.727046699562143184e-01 8.701928689531608363e-01 8.644043945625031755e-01 8.708196691327212413e-01 8.692167341256000768e-01 8.679943453369312056e-01 8.736281346890696353e-01 8.700366058204301867e-01
9.881400973684514866e-02 2.171994930471077556e-01 3.200439216125453012e-01 4.082174379749490822e-01 4.089543275413210499e-01 4.622445488484071552e-01 6.396811949849751100e-01 6.189719991344110328e-01 7.329024200305613856e-01 1.000000000000000000e+00 7.129519584186486680e-01 7.264156157099800337e-01 6.964662683726605685e-01 6.906065623874602100e-01 7.623150336227852986e-01 7.482252932471342710e-01 7.278193363622216250e-01 6.457915347272221718e-01 7.148887404500036125e-01 5.996316226025398821e-01 6.277975575434687761e-01 6.961087525298463863e-01 7.133605180349893438e-01 6.876216098306587865e-01 6.989944581748358532e-01 7.498468475674171518e-01 7.250523585567489881e-01 7.488303752257901014e-01 7.507958755591129796e-01 7.458615293846206917e-01 7.790382383209968342e-01 7.888678249950314969e-01 7.308873834410409831e-01 7.670261499215574874e-01 7.441874945595697843e-01 7.461176795567845410e-01 7.513096221823009069e-01 7.814987720920020253e-01 7.786212182733811549e-01 7.301790185029690683e-01 7.757284513486478739e-01 7.821144223875651225e-01 7.389534923725580295e-01 7.736909676079100073e-01 7.659259150411569239e-01 7.714961301799126980e-01 7.982803774745135250e-01 8.063930676494887040e-01 7.908204376030684157e-01 7.730457334424440941e-01 7.744115199870568178e-01 7.337847348058603725e-01 7.681383411367669334e-01 8.011780522494643675e-01 7.909246575793927869e-01 7.909469671170878957e-01 7.738375936331212124e-01 7.943471838059553702e-01 7.863950217203258264e-01 7.944952534590629112e-01 7.843313613125140193e-01 7.840384761324021845e-01 7.764682561882531031e-01 7.792365073186335866e-01 7.867463572334595368e-01 7.882745322496058638e-01 8.085755000173762141e-01 7.972179738548311745e-01 8.030132900696270726e-01 7.822029991504404478e-01 7.842714260058119002e-01 7.991719375404346959e-01 7.820994221106101207e-01 7.872183409479587279e-01 7.983375177864071581e-01 7.954762418328177320e-01 7.966927716991919484e-01 8.006977610526305744e-01 7.947932938960970972e-01 7.920730501360560005e-01 7.942493883777607122e-01 8.014425579928439181e-01 8.020487156818452146e-01 7.937570286714658030e-01 8.000673117980187099e-01 7.969068353851873621e-01 7.902496636211968628e-01 8.033274998535949729e-01 7.968408002545631641e-01 8.016402855559040530e-01 7.876334347057333263e-01 7.975900400356682463e-01 7.957904418539346603e-01 7.946595260984460340e-01 8.039937908880206985e-01 8.075466347360136243e-01 7.789323434124419965e-01 7.903618844310604796e-01 7.979772631987440690e-01 8.006884547071806413e-01 7.905365679832706549e-01 7.946533757006246645e-01 7.945713728068768411e-01 7.942488840353019164e-01 7.900242530182663980e-01 7.990153486413339445e-01 8.016154421236855177e-01 8.128906689233436067e-01 8.069429731925341631e-01 8.024206161209109789e-01 8.044016516383265536e-01 8.016409692453109193e-01 8.047852148231763314e-01 8.031567768197512835e-01 8.008954755891051214e-01 8.006939807273937282e-01
3.130761043492599066e-02 1.151190748140642345e-01 3.719084556534792418e-01 5.780232106631900679e-01 4.731436488774961591e-01 5.395148379032130848e-01 7.566968772420840095e-01 7.272922831658014120e-01 7.903618550566808842e-01 7.129519584186486680e-01 1.000000000000000000e+00 8.654698163207964479e-01 7.680408949862562729e-01 7.732972194002428745e-01 8.714687785146805199e-01 8.596977587288106015e-01 7.742457692596441676e-01 7.413063732464459932e-01 7.945565203916282737e-01 7.452540078980023353e-01 7.390202549860933612e-01 7.989298911397861858e-01 8.150303719635574318e-01 7.632496392476058045e-01 7.830291072273573016e-01 8.479831382499480874e-01 8.455598042820724469e-01 8.488809747616554713e-01 8.179382644747680287e-01 8.318326209035312724e-01 8.839296737115961422e-01 8.694477263862556704e-01 8.214027330407727145e-01 8.573894859026538473e-01 8.270351387500689544e-01 8.584137637799957865e-01 8.715369183855741220e-01 8.768075388513507651e-01 8.801825172638324535e-01 8.602632661510785095e-01 8.811855702118914779e-01 8.815910773119668420e-01 8.704518224273392057e-01 8.902672605820391993e-01 8.851801080878045624e-01 8.814620108145193589e-01 8.881711911585470354e-01 8.887581638125553463e-01 8.846453820267993207e-01 8.736916301584102262e-01 8.833993708825937929e-01 8.647008781489065044e-01 8.793545693857748313e-01 8.826921071251017104e-01 8.814594538058916351e-01 8.849399693593255067e-01 8.760374502182003420e-01 8.858660843083324687e-01 8.856787712712167471e-01 8.881949304294601832e-01 8.899664874125186032e-01 8.911503337178623418e-01 8.859644374338072614e-01 8.772272875175968210e-01 8.813397370704824096e-01 8.849796297334059370e-01 8.867295893945538188e-01 8.879585893445639533e-01 8.861920462131607223e-01 8.902598362461862092e-01 8.882733361116887938e-01 8.878174358125653365e-01 8.765877130885312285e-01 8.756146988644722962e-01 8.928249008771722561e-01 8.916092392178573967e-01 8.916785427015772036e-01 8.802971968935363600e-01 8.872301186480441304e-01 8.828469141069658077e-01 8.908051093480898741e-01 8.928907992103815028e-01 8.886537884439705826e-01 8.807807186298687308e-01 8.856027994360928801e-01 8.904795853266299632e-01 8.922222478201219387e-01 8.926752666200301611e-01 8.943439647547869464e-01 8.901899857777693104e-01 8.916156095229619272e-01 8.944139347948948382e-01 8.940578198868001092e-01 8.937339555178057671e-01 8.911349032553838034e-01 8.901303949262409088e-01 8.894155243121937282e-01 8.800659228831786418e-01 8.915025882103768673e-01 8.924616454972027491e-01 8.933994141779177944e-01 8.917211073451425385e-01 8.880684290285266735e-01 8.954532760580609096e-01 8.936769583340901102e-01 8.854459756020083283e-01 8.889926016841718237e-01 8.851758266925942031e-01 8.892155565697813513e-01 8.910216989469251780e-01 8.901481946829471470e-01 8.911208881308935181e-01 8.902805787449361574e-01 8.900855142251931085e-01 8.870547884166402053e-01 8.866864527156406162e-01
1.391013642658902282e-02 1.141519397663991464e-01 3.989959311108576268e-01 6.574725227174116338e-01 5.021090437714703647e-01 5.501218216840024766e-01 8.096861947144260441e-01 7.754493356645980606e-01 8.015504123486817400e-01 7.264156157099800337e-01 8.654698163207964479e-01 1.000000000000000000e+00 8.099802573234236025e-01 8.085325206498754635e-01 9.142949641113631287e-01 9.028559267751939954e-01 7.895267971610162583e-01 7.645881021964336943e-01 8.081020127344411552e-01 7.957944486158475828e-01 7.518507710553616885e-01 8.210698948632829675e-01 8.408820217621010285e-01 7.806242418326120314e-01 8.011440206111937190e-01 8.753226020150797204e-01 8.774875844786302892e-01 8.786408714281862542e-01 8.318604708773863488e-01 8.446162438577031750e-01 9.205017524626680769e-01 9.001038493234049254e-01 8.512773659217103273e-01 8.891877063330388964e-01 8.521219946750316909e-01 9.048409111120787607e-01 9.169560846657647257e-01 9.179786673878841397e-01 9.233596256471835462e-01 9.138582688455610947e-01 9.210749897512828799e-01 9.212250760700465557e-01 9.319036276288644727e-01 9.358498689254233227e-01 9.338530635191337748e-01 9.253366621985774643e-01 9.267121821802198900e-01 9.222844169675223913e-01 9.241399563414294249e-01 9.127200598492190009e-01 9.301310575101502387e-01 9.151805267249462084e-01 9.237599710865824765e-01 9.148779955453304469e-01 9.146706317128674435e-01 9.168296180970182396e-01 9.161250491762565895e-01 9.272370312479827348e-01 9.309516470564885848e-01 9.254313221062703265e-01 9.367019472803165270e-01 9.363943350492053286e-01 9.313056411168305626e-01 9.197655154433377334e-01 9.084011396562771123e-01 9.204804992292903165e-01 9.169440713850622870e-01 9.191194273628902067e-01 9.128967013205978587e-01 9.278936787331608649e-01 9.219222647736067255e-01 9.173508986390219722e-01 9.100343486101895030e-01 9.034221165569109591e-01 9.270044389483796943e-01 9.252024581313855744e-01 9.264279454253995238e-01 9.093028054629777035e-01 9.156311849050580154e-01 9.114049416113475521e-01 9.254925739482819935e-01 9.282740812675324138e-01 9.201536834495985806e-01 9.081375784723143552e-01 9.188715671463846268e-01 9.259351663263257759e-01 9.347315747117831419e-01 9.287732993837954920e-01 9.337529233269161733e-01 9.209576934099023005e-01 9.354147537657628853e-01 9.338455416056843372e-01 9.325794155529456564e-01 9.336924042968846038e-01 9.264705673744023651e-01 9.236663212543034795e-01 9.372287281133447889e-01 9.173985762021973356e-01 9.294833237940181014e-01 9.328541649276196335e-01 9.384502647235266615e-01 9.314350877056475353e-01 9.284268774034275529e-01 9.368592364279871854e-01 9.350653685147506389e-01 9.156306423582838416e-01 9.251693053753462515e-01 9.148088177646587216e-01 9.189745508784297190e-01 9.283139084956534282e-01 9.272185059994588752e-01 9.265626377400573155e-01 9.259892718966729053e-01 9.259139524851692782e-01 9.198709573532877215e-01 9.210168213889255995e-01
2.981310640625543795e-02 1.231765903111073646e-01 3.422319981816005496e-01 5.254306429754989072e-01 4.677596638956180164e-01 4.952729750175072776e-01 7.291075506852734422e-01 6.802659755860238633e-01 7.525071446060027647e-01 6.964662683726605685e-01 7.680408949862562729e-01 8.099802573234236025e-01 1.000000000000000000e+00 7.356772992669683431e-01 8.303340217975094806e-01 8.214123205861439958e-01 7.485859575951584466e-01 6.976631810582337723e-01 7.570940803391382756e-01 6.733600286006565794e-01 6.869751139040933818e-01 7.556134626037183111e-01 7.665188747311812989e-01 7.280833520763735356e-01 7.456369186447122654e-01 8.038391058642758713e-01 8.000560639743565794e-01 8.069286615470080415e-01 7.837066801361741719e-01 7.882485635031307725e-01 8.369707891756186235e-01 8.292444471448816579e-01 7.703626216089030088e-01 8.101335319195347440e-01 7.863833050059735319e-01 8.114944323756180244e-01 8.228455738732280977e-01 8.308896825379461504e-01 8.354385697673736288e-01 8.050397821027872602e-01 8.429332670345702772e-01 8.469959836337287440e-01 8.263271238609025682e-01 8.475791379141623949e-01 8.369174676680922742e-01 8.382866898345202600e-01 8.547615946237544504e-01 8.550157641140474496e-01 8.453159304777330130e-01 8.247853662831432509e-01 8.338470123958793279e-01 8.228921267888269497e-01 8.375611217861962388e-01 8.516162828325845036e-01 8.400873351668878275e-01 8.423995120573958273e-01 8.309673968697852686e-01 8.535029989168615439e-01 8.412036541134517709e-01 8.585919872357744564e-01 8.546412189330980791e-01 8.497604282552395638e-01 8.377996723940124291e-01 8.379036327259588024e-01 8.446742764833317096e-01 8.493297472174505813e-01 8.555835128880244778e-01 8.515764261521598932e-01 8.476820028587568334e-01 8.453394365782023190e-01 8.484255397300290991e-01 8.522434136969327945e-01 8.387128621489791103e-01 8.409955645278274217e-01 8.535411167585935655e-01 8.501239521870196381e-01 8.492688000112733615e-01 8.456505359118159371e-01 8.469656023937078837e-01 8.413512257130582039e-01 8.470588066897123403e-01 8.571528214903525456e-01 8.522000552341202351e-01 8.369220424458790886e-01 8.432542937327417443e-01 8.503657379603442035e-01 8.550472341231835083e-01 8.521528772568147669e-01 8.541238303529667952e-01 8.497492203297718483e-01 8.507759869189067681e-01 8.574239354749887410e-01 8.587095686839130160e-01 8.581141174733449839e-01 8.577929034706227585e-01 8.575591087488585451e-01 8.440831030411035663e-01 8.390787417725248387e-01 8.522417498278419545e-01 8.520585464726958547e-01 8.573066322506835979e-01 8.508076490196959663e-01 8.558451828526548733e-01 8.600294807298151101e-01 8.576168135989450381e-01 8.464879887226153254e-01 8.523004308074499935e-01 8.540447940994760900e-01 8.529660490698517394e-01 8.582201429306596241e-01 8.526562428855717357e-01 8.590332610234822086e-01 8.553871888327052586e-01 8.560399391573312311e-01 8.559303347282591901e-01 8.541583575894888813e-01
