1.000000000000000000e+00 1.202304724708213313e-01 1.277345579405585463e-01 -1.912029354865792466e-02 -8.636265033325332685e-03 2.438168653192049340e-02 1.969956364800062865e-02 -1.873300456645910633e-02 1.470701366467884741e-01 4.859279299367304239e-02 2.605351124311086966e-02 1.258897158068727866e-02 7.572845997406246928e-03 -1.191467391764120844e-02 -1.672168854681720107e-02 1.669747187390271601e-02 1.424685152875726502e-01 1.309311482766927492e-01 1.125655696342072326e-01 5.477862793766388044e-02 8.494007822185480061e-02 1.192753649148821371e-01 1.277805913508644475e-01 1.379601121551894682e-01 1.170741335244521314e-01 5.257899714490112120e-02 7.166685789015389552e-02 3.703783431026341083e-02 8.804756808952211855e-02 1.126519834684559795e-01 7.343706301708732842e-02 8.309591641263425199e-02 4.885751653924933630e-02 7.036583397614766533e-02 7.588205104559787861e-02 6.878304777895376254e-02 6.098696336162377774e-02 2.297545446317282233e-02 2.809548600171380903e-02 -1.914442559704190167e-02 1.290565826168857053e-02 -6.300084864855045284e-03 -4.024840749592371175e-02 2.002623940993091423e-03 5.084935044589797282e-02 4.621128683727547190e-03 1.534350510716630221e-02 3.158329514379284303e-02 5.545671072839383070e-02 4.337100432120374882e-02 2.592333733239398155e-02 4.149637125127077220e-02 2.191075902999267688e-02 5.855982151761428972e-02 5.225399812499957608e-02 3.736773955309696110e-02 8.329394486886249060e-02 7.569459985716413611e-03 3.010945237264798721e-02 3.306731922954104369e-02 1.096329526865285134e-02 4.055693727518980274e-02 4.169986615318563294e-02 5.608489557234924705e-02 7.665276857205421956e-02 6.687087810171669922e-02 3.119415323877357954e-02 3.099248806089438188e-02 3.810998627717475384e-02 1.596510334570889686e-02 2.591361946111872538e-02 4.622584574527653645e-02 4.799772502622610265e-02 4.492662328751510781e-02 2.655331494838308187e-02 2.538884828508969002e-02 1.743069165454741443e-02 4.279569847790781062e-02 2.308264324845198112e-02 4.150533870824628380e-02 3.338714179591788928e-02 2.603088450053738651e-02 4.200491107728794582e-02 3.328877019567173801e-02 1.135569196731444318e-02 2.622633996460803363e-02 1.993894670126619001e-02 7.644635140123805239e-03 8.989530917837022447e-03 1.264724549748165623e-02 -2.639502778385095696e-03 -1.102860516267105883e-03 1.401654025653275779e-02 4.198951616796547351e-04 4.726692258820783601e-03 1.615238814006427631e-02 -5.612969075236653484e-03 3.365902602056490556e-02 -5.659368764827910764e-03 5.602929706508663621e-03 -2.217616899351993950e-02 1.170189496060433480e-02 1.558864964718740913e-02 -5.526993436232308099e-03 2.127755448965992432e-02 2.605107180085563037e-02 1.665039585280321185e-02 1.900328321109559515e-02 1.076691978437164902e-02 7.743530112166397035e-03 -1.035846475712630388e-02 1.458876853304304048e-02 1.437273500839265396e-02 1.931263893013556929e-02 4.669501541393680094e-02 2.912307954560009599e-02
1.202304724708213313e-01 1.000000000000000000e+00 8.554707939609300371e-02 8.154772595983394989e-02 1.796184783352925904e-02 8.510415449542894917e-02 1.537060045581326306e-01 1.141483666233114175e-01 2.028610654009807002e-01 1.745948528185898019e-01 1.651584037774499192e-01 1.730812352132456433e-01 1.515080708115029151e-01 1.280573322355731680e-01 1.526479760052669443e-01 1.757370489279042325e-01 1.912158243519578305e-01 2.263247446524420114e-01 2.149338849615227143e-01 1.540396045034332084e-01 1.585170962507269909e-01 1.986880399726766999e-01 2.268491682424609301e-01 2.341879324658037442e-01 2.045679362595372031e-01 1.972752612097779523e-01 1.936851867045779052e-01 1.807912934267824623e-01 1.992581226729735755e-01 2.185517692320878280e-01 1.932924808679856721e-01 2.096880402144655486e-01 1.808800010609168951e-01 1.976536715849619152e-01 1.987005924230131615e-01 1.849204606656418282e-01 1.868902395781756598e-01 1.720476720820436067e-01 1.801507034000420504e-01 1.626284994400027384e-01 1.766149134414090882e-01 1.697836823561894026e-01 1.298507416611617837e-01 1.602757248166054305e-01 1.914579951339279440e-01 1.664522988181249274e-01 1.722092561744879291e-01 1.845236571067671860e-01 1.891885562030407031e-01 1.598964918342640207e-01 1.637440437951163397e-01 1.496762624857853607e-01 1.600182659901592808e-01 1.996977491654034209e-01 2.016058432787589672e-01 1.941059109910550640e-01 1.926708139934561470e-01 1.761798652646767438e-01 1.832980332105109134e-01 1.787086484823725563e-01 1.694242678661287138e-01 1.780046050279608938e-01 1.744384278919775544e-01 1.764761251432542255e-01 1.928063817120914403e-01 1.887384138817816692e-01 1.775869767758951334e-01 1.871045798293778650e-01 1.922669973476230920e-01 1.719970351826607957e-01 1.759010450244244406e-01 1.852555291260913894e-01 1.983127512061873821e-01 1.935350573157795795e-01 1.829657410889695690e-01 1.801593051559039760e-01 1.764501776526012644e-01 1.866835051597222628e-01 1.784503270868618430e-01 1.858248958937989970e-01 1.837740335152069915e-01 1.813548789145501827e-01 1.891432020425793670e-01 1.856562002135739575e-01 1.686757757742546604e-01 1.845276459597320340e-01 1.751885891056569611e-01 1.752169610092965679e-01 1.750453777886073203e-01 1.775463075356962794e-01 1.704106063765501722e-01 1.676286905070646371e-01 1.769705399564087123e-01 1.677172049986836444e-01 1.695470847343734377e-01 1.778083637196608557e-01 1.534650052394913033e-01 1.655493258961332204e-01 1.592565739665661451e-01 1.615531458906898088e-01 1.500219916695512412e-01 1.674581452416099570e-01 1.698741673621750603e-01 1.590399211837062454e-01 1.634308838443597756e-01 1.752485665497170719e-01 1.720499349129953615e-01 1.812068641175840489e-01 1.779265095683408848e-01 1.702285500962087139e-01 1.687809805145207565e-01 1.727160280899244782e-01 1.700451677503823089e-01 1.653614354174871848e-01 1.780821755872367129e-01 1.758265680822665433e-01
1.277345579405585463e-01 8.554707939609300371e-02 1.000000000000000000e+00 3.734043225854710157e-01 2.117086646369326364e-01 2.684110579710662359e-01 3.655672478097003464e-01 3.814923020077247151e-01 3.949127342157391363e-01 3.478132310644140301e-01 4.000128219818234743e-01 4.275139087874206822e-01 3.651911877808199924e-01 3.565567805126076406e-01 4.033677060248517798e-01 4.041126476458896111e-01 4.113720814352488930e-01 3.925365912833520543e-01 3.903981100310388030e-01 3.635556657875152475e-01 3.686242204026112246e-01 4.049945992847537313e-01 3.994220565697614300e-01 3.879435364048887669e-01 3.774951167097408966e-01 4.205397424869818379e-01 4.194546931074440987e-01 4.006011596339225656e-01 3.863702110307090098e-01 4.082125971499494521e-01 4.101741257294168053e-01 4.387748137748274657e-01 4.192497553721545867e-01 4.362420039799769778e-01 4.144455803519248027e-01 4.247611821362244910e-01 3.989524415117382539e-01 4.020042015738643504e-01 4.084205716226929073e-01 4.240361581774102495e-01 4.045136163169061327e-01 4.011716390415094868e-01 3.876563362145347136e-01 4.066647492470810143e-01 4.320880000955112932e-01 3.886049648503827059e-01 4.079423906446422166e-01 4.131574710734687850e-01 4.326329220107681395e-01 4.360903503648183022e-01 4.205733521897083715e-01 4.301545407034323976e-01 4.218522294140973350e-01 4.137637950662291786e-01 4.135244917828136413e-01 4.253865294005638731e-01 4.352255402661185379e-01 4.075763324461899595e-01 4.186288579032585444e-01 4.055340733774165929e-01 4.178181167035023291e-01 4.107182652355071406e-01 4.146716247291887258e-01 4.246430963007469805e-01 4.091074956487690817e-01 4.233044060566402700e-01 4.148744270311265914e-01 4.165788383802410677e-01 4.241774272955439185e-01 4.164844569030000665e-01 4.183734644472983932e-01 4.203360469736435734e-01 4.248131960346643310e-01 4.171599835279131141e-01 4.191355737956161120e-01 4.171816633454620837e-01 4.106640533377707292e-01 4.146341925698465158e-01 4.101383086767311781e-01 4.112185733480792083e-01 4.071807054138208426e-01 4.057653899328017011e-01 4.285279647150954108e-01 4.157319343778113074e-01 4.266417012173555068e-01 4.244897328019718308e-01 4.163823150145137264e-01 4.226243835462694109e-01 4.118507361902419284e-01 4.241764917142897273e-01 4.159238643464918117e-01 4.114076302068396807e-01 4.178599226507486164e-01 4.051266073482584495e-01 4.074318002701261543e-01 4.143428385144236059e-01 4.307965849674280090e-01 4.365381729246574638e-01 4.179156580055137793e-01 4.236095747229622899e-01 4.077383233396627005e-01 4.243385369115801886e-01 4.199295541895113892e-01 4.092581923303226787e-01 4.302586957186726457e-01 4.264546558665716081e-01 4.258826523553030929e-01 4.130055288817454651e-01 4.153301274229061479e-01 4.097241903941327146e-01 4.120110114502376630e-01 4.116800345169844277e-01 4.188256637455787246e-01 4.206565084492369655e-01 4.169547628647965465e-01 4.198424007471152630e-01
-1.912029354865792466e-02 8.154772595983394989e-02 3.734043225854710157e-01 1.000000000000000000e+00 3.704872614530806962e-01 3.799937839566510656e-01 5.563498799723574084e-01 5.789704623251262783e-01 4.845364709501315814e-01 4.853258420820960040e-01 5.747539683179740955e-01 6.273467854407253075e-01 5.641468036064450908e-01 5.073297080357891398e-01 5.964565954940577175e-01 6.007274026708251391e-01 5.164816236733739130e-01 4.719394347625212038e-01 4.685268142541138547e-01 5.330498861420858159e-01 5.074178291744013691e-01 5.064582914133500813e-01 4.880240588270789437e-01 4.479220014997478683e-01 4.642627912095385057e-01 5.577668998945477519e-01 5.531218477571442360e-01 5.511102225226131024e-01 4.791828741844633699e-01 4.920076929136286692e-01 5.458967323329534382e-01 5.560595133624266495e-01 5.457907266901226295e-01 5.653538182192617834e-01 5.374422861833404452e-01 5.683199180276751195e-01 5.419086757861604209e-01 5.528446181579170782e-01 5.720017270457289360e-01 5.985752070141847625e-01 5.936092226779589032e-01 5.857893380419016971e-01 5.983444414158054503e-01 5.911623355965763826e-01 5.886886653577955153e-01 5.679734961044742292e-01 5.861047937057182189e-01 5.825102207111204633e-01 5.808777397190358904e-01 5.890863886233392854e-01 5.857907757125697668e-01 6.191472475889228111e-01 5.972328418149086549e-01 5.611676687772614303e-01 5.527732663798931023e-01 5.793177265787420316e-01 5.677594406824152395e-01 5.883193604199370430e-01 5.735128916955136713e-01 5.773262834553276601e-01 5.966144996618231167e-01 5.718806654602521800e-01 5.666076558679974395e-01 5.852360945918141377e-01 5.645405280029616168e-01 5.764593056677460581e-01 5.919968757629319178e-01 5.826503567509655479e-01 5.845847389270634187e-01 6.094053570802679953e-01 5.957338890914268825e-01 5.777191645241237516e-01 5.768281792701411836e-01 5.689328065430787618e-01 5.891773407192554268e-01 5.916702776978908229e-01 5.940793165644991936e-01 5.684109041024850706e-01 5.776258895164346763e-01 5.713453767514273807e-01 5.743576831392162019e-01 5.808643322728098690e-01 5.945718514678609568e-01 5.761484214927341529e-01 6.037389141307590856e-01 5.930635868317091219e-01 5.957358878289487070e-01 6.033590752657244094e-01 5.917557006116044294e-01 6.037182281709186915e-01 6.082773556245982816e-01 6.013421319403137177e-01 5.981145063977593157e-01 5.910946077518502983e-01 5.957378491067634174e-01 5.941872261259788512e-01 6.290587890634197210e-01 6.088853698026960304e-01 6.139975048119575840e-01 6.162932107612044685e-01 6.128071148733279516e-01 6.062752705914536966e-01 6.102829412963656219e-01 6.030177000014692590e-01 6.152075170256657843e-01 6.013134541564907343e-01 6.059688175849590186e-01 5.849407260969428091e-01 5.924895065671708094e-01 5.981912302886477351e-01 6.054980323428271749e-01 5.963184747969138000e-01 6.015585564800289831e-01 6.035207436719423058e-01 5.835703837339377698e-01 5.971924669731117907e-01
-8.636265033325332685e-03 1.796184783352925904e-02 2.117086646369326364e-01 3.704872614530806962e-01 1.000000000000000000e+00 3.169879817683230461e-01 4.799002008383318474e-01 4.684457366142132373e-01 4.449188792546046600e-01 4.154427788711717029e-01 4.738381499559823906e-01 4.985648983764051079e-01 4.779107775051422147e-01 4.547915535731380521e-01 5.161618417258455604e-01 5.152657039342060097e-01 4.442768587424057447e-01 4.314054412894259283e-01 4.482149056029338663e-01 4.564840568585382119e-01 4.146675908736706662e-01 4.565107266857952872e-01 4.412544544580685457e-01 4.264045014563060954e-01 4.418811275067131561e-01 4.982483296448161347e-01 4.835022623716070944e-01 4.798020607942147242e-01 4.412293944068462204e-01 4.368192005504509812e-01 4.877785233631337647e-01 4.821632307047537536e-01 4.595696485895212624e-01 4.735709334945353288e-01 4.573176408009180238e-01 4.767282307253826179e-01 4.747369147039700588e-01 4.743608830324297920e-01 4.916578235058489121e-01 4.945813187572624670e-01 5.152663145804615707e-01 5.105260170889013294e-01 5.163674109756165587e-01 5.140097294290875141e-01 5.090235802687134159e-01 5.037010400528957321e-01 5.149947470978667452e-01 5.116778874914165165e-01 4.992200253730728066e-01 4.806669192023837467e-01 4.987046897479090468e-01 5.053818061259721661e-01 5.107145182904798686e-01 5.019130023172733157e-01 4.918821833935665411e-01 5.101343673719261895e-01 4.789420698518894737e-01 5.159240905414190781e-01 4.985216603919458978e-01 5.144344253606782935e-01 5.159524818355182285e-01 5.023233464239026391e-01 4.893416860470739538e-01 5.046986291403101621e-01 5.004019627804644488e-01 5.012647021900779043e-01 5.142911052681715667e-01 5.147581026258488679e-01 5.160330681880643811e-01 5.273461005795638812e-01 5.131245423504873227e-01 5.104584448367862626e-01 5.082931734629042575e-01 5.043854431450365272e-01 5.160786194942699190e-01 5.116898404766527797e-01 5.184534581076098991e-01 4.999030496047382477e-01 5.065317338144050829e-01 5.016597732124550291e-01 5.071293659270265097e-01 5.116745544902183696e-01 5.139798722658484031e-01 5.039570346000276091e-01 5.130523067105984270e-01 5.125066463411208639e-01 5.116565811780237061e-01 5.170873515976264212e-01 5.141540656378346119e-01 5.199195774738569753e-01 5.184908058494571703e-01 5.237984129807390365e-01 5.165696027125457057e-01 5.156330327449979434e-01 5.158829049757360785e-01 5.149765568606063937e-01 5.257218232536177149e-01 5.064094443430269266e-01 5.222043695515191652e-01 5.219098043909652374e-01 5.246061344050974018e-01 5.163059030073069433e-01 5.197364464156114527e-01 5.196271569112663746e-01 5.194487517214224637e-01 5.111795494240185533e-01 5.165003728069694766e-01 5.155319816133437927e-01 5.179819046814836403e-01 5.162092775103988007e-01 5.230431159012924880e-01 5.171674249661252221e-01 5.150055400299266006e-01 5.171444733133117033e-01 5.116858957056042989e-01 5.132438669160781508e-01
2.438168653192049340e-02 8.510415449542894917e-02 2.684110579710662359e-01 3.799937839566510656e-01 3.169879817683230461e-01 1.000000000000000000e+00 5.325880450186426529e-01 4.607241113924482878e-01 5.163497801127169273e-01 4.960665460857392461e-01 5.361864649140151151e-01 5.541764480200019882e-01 5.206763249879147182e-01 4.861387290566405173e-01 5.749005908219727567e-01 5.514356187988399549e-01 5.264067148401847529e-01 4.813631378091006718e-01 5.166060759058193064e-01 4.410506589271775968e-01 4.833279416980965082e-01 5.348547158633288889e-01 5.319638243642609288e-01 4.943837691703664161e-01 5.230313884295845206e-01 5.757759298277161930e-01 5.622519443013994644e-01 5.599761852091167391e-01 5.232757979464233156e-01 5.383454020693733133e-01 5.658416230420066917e-01 5.525104949800749843e-01 5.484754087270453660e-01 5.651531476370837970e-01 5.435166883736386456e-01 5.529309116438466676e-01 5.548819942016637308e-01 5.580855088464723446e-01 5.792220119427731184e-01 5.597315577226349426e-01 5.794431244492979083e-01 5.778395312725927990e-01 5.528137109709785335e-01 5.840973342294906168e-01 5.838009188822476103e-01 5.735233303632663038e-01 5.839166413477698825e-01 5.770460645297463831e-01 5.692099430818764461e-01 5.552164840553452940e-01 5.666968363039487366e-01 5.740786381934701588e-01 5.751866609667491970e-01 5.735692012240104498e-01 5.665023601285408272e-01 5.833269319622652604e-01 5.599598002236320093e-01 5.808161746115668711e-01 5.686235569724105154e-01 5.792001409671451162e-01 5.770487320325672354e-01 5.762891040875693927e-01 5.713318044886795954e-01 5.783390400974242063e-01 5.756908057855900651e-01 5.756132022205003862e-01 5.888983904101117162e-01 5.875443343319822764e-01 5.835788444526299745e-01 5.805037349756033693e-01 5.883619106704487400e-01 5.857943844093870256e-01 5.839716786602281440e-01 5.843301562475249344e-01 5.911858634046645022e-01 5.861616631867017091e-01 5.905284867921652969e-01 5.779979116323341604e-01 5.874177673280206458e-01 5.832193288196813041e-01 5.864420896302358077e-01 5.846178309184687505e-01 5.887856985072681404e-01 5.843238732382715073e-01 5.907371372504386375e-01 5.890742327738547335e-01 5.908285809996685067e-01 5.894274388216103056e-01 5.888100356786052370e-01 5.861768946935697056e-01 5.916920268902723379e-01 5.910836982469382939e-01 5.876545849608343364e-01 5.904022437437103088e-01 5.879270879309235198e-01 5.864502029313163334e-01 5.840059602475429212e-01 5.721790172427421162e-01 5.845021486196783078e-01 5.886087413683196434e-01 5.886831616487718799e-01 5.854207817592516072e-01 5.861927744807322593e-01 5.899897363829230690e-01 5.890693617923415948e-01 5.801139114355373660e-01 5.838825987459678180e-01 5.834415359955525959e-01 5.867759942245234228e-01 5.866797537507408844e-01 5.843103441248738150e-01 5.857761436564876689e-01 5.854389748178223662e-01 5.884614682152070619e-01 5.831103754984817700e-01 5.850806385149370792e-01
1.969956364800062865e-02 1.537060045581326306e-01 3.655672478097003464e-01 5.563498799723574084e-01 4.799002008383318474e-01 5.325880450186426529e-01 1.000000000000000000e+00 7.177408973105171563e-01 7.262357276668438555e-01 7.049173929351060242e-01 7.775246702782000474e-01 8.070821004638302210e-01 7.536137841905493628e-01 7.111078884727430882e-01 8.383326852271248963e-01 8.144917706566866533e-01 7.384297314370509291e-01 7.229849825306730038e-01 7.478857420750746332e-01 6.943938909478891697e-01 7.036552614867341848e-01 7.570950541922106813e-01 7.513418706869202657e-01 7.091532432740498271e-01 7.309821451884380705e-01 8.186916227599416729e-01 8.062940946960153177e-01 8.187625312371299424e-01 7.627677352998641913e-01 7.700597166800204896e-01 8.149340732991861014e-01 7.976663666412771025e-01 7.774396989254253043e-01 7.985787929834150534e-01 7.878039139432997384e-01 7.906106733751161464e-01 8.032883894851370332e-01 8.072445679314498301e-01 8.298403888857653898e-01 8.169691878654293804e-01 8.338455072672633639e-01 8.420705587446803975e-01 8.264645878868075446e-01 8.398704376974064356e-01 8.338999718784251280e-01 8.346496185961090886e-01 8.334065640518093510e-01 8.325412369034953519e-01 8.137168323125789637e-01 7.924731250613387123e-01 8.202892346772904242e-01 7.957976317207701156e-01 8.232503495769835089e-01 8.214803410919672144e-01 8.172357899972487738e-01 8.380339982649851471e-01 7.917418936961114762e-01 8.314272528957484809e-01 8.223225357197778695e-01 8.290514177873747892e-01 8.343671977691551334e-01 8.194057090528562570e-01 8.080014263176854561e-01 8.187515486844278989e-01 8.155385583358535362e-01 8.148256488468047509e-01 8.372143262380205009e-01 8.408582136722679845e-01 8.391996699229025136e-01 8.446956283070020666e-01 8.359088005588354298e-01 8.357276865271078270e-01 8.276176175535908675e-01 8.280021210284016497e-01 8.408377790278021013e-01 8.398382353682680712e-01 8.464011494752785580e-01 8.280686039849892710e-01 8.392645861485751313e-01 8.328674109266090975e-01 8.369655775239119855e-01 8.371639524393639231e-01 8.376225934927413741e-01 8.341435860142619729e-01 8.327749725408944981e-01 8.371910230082236781e-01 8.443917114356680464e-01 8.435943857170054017e-01 8.436337413825000242e-01 8.420268359401703595e-01 8.456327334823758868e-01 8.475016194760630617e-01 8.424202709080070850e-01 8.473467851230731540e-01 8.386069413797757610e-01 8.391350668425008319e-01 8.379980777436045747e-01 8.132625940162960809e-01 8.386549648278704971e-01 8.390364218356024528e-01 8.484845191434507994e-01 8.334056298122692885e-01 8.359308746312924532e-01 8.418473041115518418e-01 8.348735682541146286e-01 8.241424886601788069e-01 8.347921711255592570e-01 8.386732064269760700e-01 8.424091818130956533e-01 8.370016451536890223e-01 8.416209751150774965e-01 8.362277352429046129e-01 8.352511379664777635e-01 8.378653786746584897e-01 8.320901670226835689e-01 8.283829011452444879e-01
-1.873300456645910633e-02 1.141483666233114175e-01 3.814923020077247151e-01 5.789704623251262783e-01 4.684457366142132373e-01 4.607241113924482878e-01 7.177408973105171563e-01 1.000000000000000000e+00 6.716313527242644410e-01 6.646982569603600011e-01 7.396722517202228842e-01 7.768233629726405409e-01 7.315395188466388143e-01 6.797804127368995974e-01 8.006621652442125203e-01 7.955116932532900753e-01 6.941269958949898289e-01 6.404359305351712273e-01 6.686375145999072789e-01 6.356683616024437766e-01 6.830587294956331768e-01 7.034341611543489803e-01 6.692809159117796280e-01 6.264092643867618104e-01 6.608603701499237149e-01 7.616274265217239936e-01 7.471722937581518620e-01 7.541399002836417509e-01 7.038485939615908293e-01 7.053542821336221680e-01 7.604146618929241708e-01 7.418290860639846773e-01 7.378349534469964555e-01 7.586215564322553728e-01 7.337690091205022469e-01 7.610948303966890149e-01 7.527389188169747447e-01 7.768997835435755839e-01 7.842475507287162140e-01 7.712381611328829045e-01 7.931972014936639059e-01 7.960455930381897804e-01 7.980562988640449440e-01 7.983391121696660209e-01 7.849874607700437767e-01 7.787923576655857438e-01 7.940349206557313355e-01 7.867697449623595185e-01 7.768398660663058397e-01 7.772334835179530721e-01 7.946382617274895255e-01 7.642654076368019522e-01 7.831992321218896880e-01 7.681737378748775269e-01 7.632723029012610239e-01 7.839177034500076635e-01 7.506855689417454292e-01 7.945289904923419355e-01 7.806096949297436360e-01 7.861334320023765088e-01 8.026184525096917710e-01 7.777575810706158776e-01 7.674317281857486739e-01 7.855855244784978320e-01 7.693337341111013972e-01 7.740825940090527713e-01 7.945794008567319544e-01 7.862338369468647725e-01 7.845741577098409580e-01 7.988662573928483335e-01 7.967620230295018313e-01 7.863549802350898732e-01 7.690166814554675323e-01 7.697503166606357583e-01 7.942400600969263813e-01 7.929198824162214665e-01 7.906983451432287868e-01 7.812527628352551323e-01 7.841460211184880791e-01 7.817030279053903685e-01 7.869982488902884654e-01 7.926080816983815946e-01 7.929943861573961472e-01 7.870586508486431265e-01 7.971963341105389178e-01 7.939296932883266322e-01 7.981090983660796834e-01 8.002037761069995536e-01 7.983231338877778693e-01 8.010541830104337402e-01 7.957216261987540840e-01 8.036239360595047732e-01 7.998838905011129707e-01 7.988819682634672459e-01 7.967774369102613718e-01 7.954337374632232116e-01 8.054729745967534882e-01 7.852618693268024197e-01 8.065149208557207405e-01 8.061668554737362324e-01 8.105232918108290496e-01 7.988249914014043940e-01 7.974899660249352706e-01 8.055321824934931207e-01 8.010023841089135566e-01 7.884673661483808660e-01 7.983960410918073958e-01 7.919721284911559467e-01 7.982848575070979891e-01 8.002260093547413078e-01 8.026807415877131868e-01 7.963644550358160989e-01 7.959414779614656377e-01 8.022176182674882750e-01 7.889737012586485188e-01 7.899364748351433985e-01
1.470701366467884741e-01 2.028610654009807002e-01 3.949127342157391363e-01 4.845364709501315814e-01 4.449188792546046600e-01 5.163497801127169273e-01 7.262357276668438555e-01 6.716313527242644410e-01 1.000000000000000000e+00 7.728821318646104110e-01 8.180430308596078337e-01 8.197678213647544565e-01 7.562959661659399702e-01 7.369785504055743619e-01 8.252562214140772845e-01 8.327245265862680546e-01 8.568120101614364881e-01 7.694896663421080252e-01 8.307708094400756416e-01 6.842288095506029455e-01 7.363858978050925597e-01 8.322763738986821425e-01 8.091501401067197063e-01 7.732208148828871863e-01 8.061624069010929761e-01 8.634099656283947821e-01 8.530343461870918409e-01 8.442197643890834158e-01 8.457089338086949404e-01 8.646978983338303726e-01 8.829260382053788492e-01 8.527073540621729064e-01 8.128758021916703269e-01 8.453405004970642178e-01 8.452836192042363361e-01 8.488467161636051861e-01 8.635726522462503496e-01 8.421642097341908162e-01 8.582658249645106485e-01 7.948913575508820273e-01 8.625895995750449963e-01 8.488756334846255802e-01 7.918651617840629653e-01 8.561601675549437296e-01 8.736035465839160352e-01 8.477861110922397803e-01 8.710054087801448741e-01 8.827880650877750757e-01 8.729407040461184542e-01 8.284778751739529934e-01 8.540065888792146565e-01 8.280935587096507344e-01 8.595217805582632264e-01 8.884229384104048721e-01 8.776892630791995886e-01 8.707786366711524062e-01 8.689592228572815547e-01 8.657969102204839951e-01 8.683090659863221816e-01 8.799061633696959595e-01 8.674021580140285348e-01 8.772034527868270981e-01 8.651034090160257817e-01 8.778699608960753853e-01 8.952132947136769436e-01 8.852222310594004551e-01 8.786030753178588615e-01 8.787821414869967374e-01 8.768682653207994226e-01 8.658114588040217718e-01 8.714678602622674131e-01 8.832801284362817862e-01 8.656706305584981331e-01 8.689516592018184937e-01 8.818805116269469169e-01 8.768192222983186568e-01 8.701334745421562822e-01 8.848655701545783403e-01 8.744679941142956547e-01 8.843377082226265840e-01 8.832497228732539840e-01 8.824380210002208402e-01 8.800782746381528021e-01 8.801199589221352371e-01 8.601165158427742652e-01 8.713356571552334229e-01 8.733277580577517574e-01 8.644975351190066215e-01 8.713916671045065510e-01 8.643040134912141070e-01 8.540493369051808115e-01 8.651907197164063756e-01 8.720305282904310396e-01 8.651418830551952377e-01 8.698686399853972073e-01 8.757905942088241025e-01 8.416221463903222899e-01 8.570301463450419321e-01 8.571838679278365181e-01 8.596935577380646620e-01 8.442031185626476253e-01 8.676746311472552931e-01 8.655819436173317616e-01 8.636098445500363097e-01 8.687502636290925784e-01 8.666429747231333414e-01 8.700034843680125585e-01 8.786444480084180109e-01 8.740894344197995824e-01 8.692166558710162638e-01 8.593335058262299153e-01 8.734122671336185251e-01 8.700132088557555043e-01 8.717583316931833970e-01 8.900629291411388255e-01 8.754232559114634160e-01
4.859279299367304239e-02 1.745948528185898019e-01 3.478132310644140301e-01 4.853258420820960040e-01 4.154427788711717029e-01 4.960665460857392461e-01 7.049173929351060242e-01 6.646982569603600011e-01 7.728821318646104110e-01 1.000000000000000000e+00 7.848802613440841736e-01 7.934558931554247518e-01 7.354201376534066359e-01 7.129697316073813074e-01 8.063156552819883416e-01 7.995576283113892124e-01 7.699685812048736588e-01 7.013351361102554415e-01 7.589176270969160143e-01 6.403778898694092447e-01 6.934744029537600607e-01 7.698114394650239500e-01 7.483240877311160277e-01 7.024482846223254473e-01 7.441180219766072579e-01 8.116609902733129545e-01 8.056334822226843828e-01 8.038359887747863475e-01 7.772643110209643824e-01 7.945501110820792912e-01 8.291227518251271800e-01 8.065471861957820288e-01 7.796008458780973038e-01 8.034288686748877195e-01 7.917542242058412949e-01 7.989586637137948699e-01 8.093023059704412825e-01 8.153968462514266102e-01 8.278620860193687259e-01 7.889366532909856122e-01 8.342939099505300993e-01 8.259032232719466515e-01 7.827291429124967337e-01 8.268943400347369410e-01 8.323511449546286967e-01 8.190763281372178684e-01 8.391308141659262754e-01 8.444507596850906461e-01 8.324782444963849670e-01 8.050577077361030787e-01 8.296386931101471518e-01 7.920194109039688790e-01 8.189087261141573260e-01 8.400952919472013392e-01 8.292491900497580559e-01 8.334353674755364816e-01 8.146400796073219874e-01 8.371202080215848218e-01 8.355162954583196244e-01 8.368861902062386671e-01 8.335070519932356037e-01 8.344813741696001097e-01 8.245745245546465263e-01 8.312817193437969099e-01 8.338201479492756141e-01 8.344837605232029443e-01 8.426137072696439079e-01 8.398030753566514406e-01 8.381363397466076171e-01 8.309617960671713544e-01 8.413716026069462117e-01 8.418215216230015008e-01 8.260269600882914620e-01 8.308038118522739213e-01 8.430047615213994705e-01 8.426301162562346292e-01 8.383688875678738661e-01 8.418208605992273386e-01 8.406241473367243033e-01 8.405529034155788670e-01 8.439909195629364813e-01 8.434533785318897303e-01 8.430723263864497996e-01 8.395932956143881132e-01 8.342186199597729779e-01 8.386536941475601914e-01 8.417320278367802500e-01 8.389043127119956145e-01 8.416954815278113733e-01 8.350871788435292320e-01 8.325880844420318061e-01 8.408786707778703740e-01 8.409576594552017337e-01 8.396472755917370190e-01 8.420007059703769059e-01 8.431038207698616782e-01 8.210199612925072055e-01 8.200343730882312387e-01 8.322123741501961103e-01 8.376153315608856342e-01 8.256048064753829241e-01 8.367809304633443412e-01 8.349903681083268303e-01 8.387228504738526436e-01 8.353356572844716776e-01 8.302544672505098866e-01 8.401116713216056908e-01 8.436462682235184030e-01 8.428867772819698123e-01 8.412125778288350730e-01 8.376887176357100673e-01 8.410843158561206456e-01 8.384472917289083060e-01 8.380767620328049006e-01 8.424379684209076791e-01 8.387916296108446357e-01
2.605351124311086966e-02 1.651584037774499192e-01 4.000128219818234743e-01 5.747539683179740955e-01 4.738381499559823906e-01 5.361864649140151151e-01 7.775246702782000474e-01 7.396722517202228842e-01 8.180430308596078337e-01 7.848802613440841736e-01 1.000000000000000000e+00 8.829408043166131481e-01 7.938451448920597064e-01 7.777593743243157443e-01 8.809537904794707552e-01 8.726460641698939869e-01 8.366880716669752305e-01 7.648047417333834197e-01 8.204072540317243201e-01 7.183705081972903139e-01 7.516062029292759350e-01 8.370207772604713048e-01 8.109666446540880758e-01 7.687017814707480801e-01 8.076939567444301193e-01 8.871646778990919247e-01 8.796745125686836753e-01 8.726374209668613657e-01 8.373944003297369987e-01 8.540303791593688576e-01 8.902054457562424972e-01 8.804817593072493676e-01 8.471266525323456476e-01 8.730793357913992914e-01 8.611579634408839112e-01 8.743175796559283786e-01 8.753614560071264483e-01 8.742616085887580102e-01 8.943553159164890909e-01 8.665086574835484390e-01 9.103433744669618966e-01 9.006897773136240959e-01 8.663582729804099047e-01 9.025167568471421653e-01 9.088524956061608817e-01 8.891905534657513765e-01 9.129346224626511130e-01 9.162424939846480765e-01 9.064409183401602732e-01 8.672901406026131133e-01 8.981103809304510355e-01 8.736127363777131949e-01 9.017546211892485397e-01 9.097465210204720432e-01 9.026682813313647857e-01 9.063508185374848924e-01 8.909192318537383359e-01 9.090108011995117199e-01 9.063393470526406315e-01 9.135151233915320690e-01 9.122550181197323083e-01 9.082256154858668884e-01 8.985557122517865425e-01 9.091125818698478911e-01 9.030210925227341034e-01 9.078615513381883551e-01 9.164328010074938025e-01 9.167065363973397885e-01 9.119728841002049391e-01 9.121815516975908533e-01 9.138590911559177909e-01 9.145387361163616058e-01 9.025553382136929370e-01 9.040235935266984768e-01 9.199668486191142636e-01 9.181733991689741137e-01 9.134290063207454180e-01 9.105215400306322371e-01 9.087854065935102588e-01 9.089536215098985572e-01 9.123557276452003428e-01 9.158595837782875781e-01 9.172298487267077638e-01 9.125913102066880445e-01 9.048237585876798272e-01 9.109483870436337893e-01 9.177718699520875933e-01 9.131963566465001181e-01 9.136152733931296455e-01 9.127529963581669792e-01 9.099937351002066466e-01 9.156565012794164460e-01 9.196278995373803333e-01 9.142028178927655846e-01 9.160610325775619955e-01 9.190688141416171186e-01 9.024004995645361626e-01 8.947834122695899062e-01 9.097754144197909287e-01 9.123050951116329355e-01 9.060515915706625067e-01 9.122057853686638129e-01 9.134413521429076699e-01 9.150057162742932793e-01 9.134185314097333919e-01 9.106515423092995665e-01 9.145413033605441777e-01 9.170917103169075046e-01 9.186635006584444874e-01 9.143677020438933933e-01 9.137023725097870308e-01 9.176830856206437126e-01 9.153728140586278039e-01 9.145615376420886955e-01 9.157838452085774739e-01 9.154299880458568461e-01
1.258897158068727866e-02 1.730812352132456433e-01 4.275139087874206822e-01 6.273467854407253075e-01 4.985648983764051079e-01 5.541764480200019882e-01 8.070821004638302210e-01 7.768233629726405409e-01 8.197678213647544565e-01 7.934558931554247518e-01 8.829408043166131481e-01 1.000000000000000000e+00 8.283041266436874661e-01 8.052719088384051593e-01 9.161661736897083186e-01 9.118358775216766077e-01 8.444220069434561493e-01 7.620482879838634815e-01 8.090272855082560888e-01 7.373321388658550246e-01 7.717522717742905103e-01 8.378234514214889517e-01 8.083922146494536554e-01 7.523708499640110459e-01 7.916071176718120217e-01 8.954474561667344901e-01 8.902548676980586162e-01 8.814383714042798301e-01 8.372202120356223576e-01 8.471890420582981474e-01 8.969858495747221605e-01 8.937109475424631633e-01 8.600133421190129246e-01 8.904877001624924571e-01 8.733284493539180682e-01 8.973416682375621178e-01 8.848081782549220842e-01 8.986626223814313530e-01 9.161582848950857727e-01 8.914209652226756653e-01 9.292177594847955691e-01 9.215711598746043620e-01 9.021678582886790698e-01 9.298585799442975475e-01 9.257851375029574337e-01 9.106569742206308549e-01 9.351478050404834486e-01 9.351563282881970585e-01 9.260960289625465025e-01 8.974301667644806191e-01 9.238723846975748222e-01 9.116972159954489507e-01 9.297800504422693013e-01 9.273366023799234359e-01 9.225906462989503787e-01 9.282696428825728541e-01 9.162214001913023820e-01 9.361720907611628117e-01 9.297196559564812057e-01 9.357443849365175703e-01 9.386905897766709694e-01 9.330153122956994505e-01 9.254851699385717723e-01 9.333556067764984254e-01 9.201201989801578440e-01 9.328803226384624336e-01 9.382053901646070226e-01 9.329894115572293645e-01 9.296705057921934579e-01 9.364338004044214792e-01 9.354785305066962708e-01 9.305377750443680762e-01 9.160372914781792497e-01 9.152482365704622813e-01 9.371688743602696325e-01 9.367294718018246424e-01 9.329304071197047632e-01 9.260877956042020687e-01 9.261469304216115583e-01 9.261561861015071839e-01 9.295556339560656633e-01 9.338967747440426459e-01 9.371312663115408670e-01 9.314644909495072289e-01 9.252945512787839055e-01 9.309269830314015337e-01 9.398044269972319897e-01 9.330982043404451032e-01 9.345115768867350292e-01 9.343917477600611754e-01 9.299539132826289967e-01 9.381378697254850740e-01 9.406423268256630665e-01 9.366577412501786437e-01 9.385655022840857509e-01 9.412279193591708282e-01 9.264192910557573768e-01 9.188894478319338255e-01 9.338709023008260335e-01 9.336291374100800233e-01 9.341358358836541198e-01 9.387688575518805534e-01 9.421750529751408143e-01 9.398609241144061377e-01 9.415022473567676853e-01 9.352106850956443118e-01 9.365881828830624478e-01 9.380957251900690075e-01 9.389151597324573162e-01 9.374785137901272547e-01 9.363755415672070370e-01 9.415792460344666326e-01 9.399365277628459747e-01 9.403092936871757512e-01 9.366199647859971833e-01 9.406645010661993656e-01
7.572845997406246928e-03 1.515080708115029151e-01 3.651911877808199924e-01 5.641468036064450908e-01 4.779107775051422147e-01 5.206763249879147182e-01 7.536137841905493628e-01 7.315395188466388143e-01 7.562959661659399702e-01 7.354201376534066359e-01 7.938451448920597064e-01 8.283041266436874661e-01 1.000000000000000000e+00 7.330443408596862831e-01 8.463453332362219639e-01 8.385024813782356867e-01 7.648056316724651804e-01 6.888052303818916755e-01 7.433901188763558654e-01 6.689433728779772270e-01 7.059341425002798598e-01 7.638507210005032189e-01 7.366024594044934259e-01 6.901986256056182878e-01 7.328357646726029184e-01 8.251447175303892045e-01 8.176938280982573026e-01 8.141063802581784969e-01 7.661383656294346034e-01 7.809816171931339701e-01 8.318125958751314553e-01 7.978350800730710235e-01 7.823237364191486520e-01 8.042400943022668391e-01 7.974405421410114547e-01 8.069462442730716001e-01 8.164989984861450445e-01 8.201198606425822435e-01 8.375437604202368158e-01 8.105672960979908304e-01 8.505785919345683066e-01 8.502245712708763614e-01 8.334970571040233311e-01 8.573087052709531530e-01 8.481375617750245288e-01 8.455726727775944029e-01 8.603862023447311769e-01 8.558633201109582256e-01 8.382411943384243669e-01 8.135365254566058191e-01 8.408124686259795810e-01 8.314690887339311054e-01 8.527406497248649631e-01 8.439205435514448572e-01 8.355063804728037891e-01 8.478497607131189051e-01 8.161962387467216473e-01 8.542820199319468566e-01 8.420682625779768449e-01 8.569182554096100857e-01 8.598608696398065687e-01 8.483935947939491573e-01 8.365607913737864720e-01 8.470935155190959520e-01 8.445429797988522891e-01 8.462804824841162477e-01 8.631838251878266588e-01 8.594827758613445834e-01 8.532234436877736972e-01 8.589886069628774878e-01 8.611471500257096290e-01 8.564950778026990674e-01 8.409270026497224215e-01 8.431244902142529529e-01 8.625121578268135636e-01 8.622955663404617832e-01 8.599513898428168268e-01 8.486998821248493696e-01 8.580401769596857076e-01 8.572582014772133219e-01 8.577287224541008115e-01 8.628766010048858348e-01 8.564954740349427498e-01 8.544450183094544071e-01 8.537339066769266127e-01 8.573908194950303763e-01 8.638039286225557278e-01 8.614174514713798247e-01 8.622862147590441007e-01 8.599064595360379482e-01 8.563046131539482353e-01 8.658331874414565421e-01 8.653478265039499240e-01 8.653720775120610220e-01 8.656116318652737895e-01 8.648000136257761872e-01 8.569057422961461334e-01 8.451291426131238849e-01 8.657827856923805410e-01 8.638425012189114849e-01 8.644717127380334709e-01 8.620838724754873450e-01 8.667587843102373402e-01 8.670323740281984382e-01 8.644132494145736478e-01 8.550356691986137347e-01 8.630543138870361286e-01 8.613399910252658165e-01 8.632391618356962670e-01 8.662815535269700051e-01 8.646466739557232550e-01 8.647294922817807539e-01 8.621853320512011809e-01 8.645765849951204673e-01 8.607722249288614069e-01 8.617961045454661795e-01
