1.000000000000000000e+00 9.551926941637541024e-02 1.795126035294059355e-02 7.053523618848245302e-02 1.621573149007513384e-02 2.107086086726522173e-02 5.233894070953538230e-02 4.988131734838439912e-02 8.454224327359247115e-02 2.061674072445830036e-02 2.847741025865142047e-03 3.195927165514882845e-02 2.913358360703856287e-02 -7.204019339537185568e-03 2.246459543388549390e-02 2.261821437439519994e-02 4.916490447557275018e-02 2.559682496782629546e-02 1.615081550220604650e-02 6.094192596805247247e-02 6.204727315176161023e-02 2.917372285702312523e-02 1.065716386953940303e-02 -1.181463550534114088e-02 -7.929691392697956615e-03 3.383847618992780193e-02 4.125247429187386267e-02 8.632236209732229576e-03 1.783663729708278439e-02 3.736798174280291096e-02 3.406731826229913995e-02 -1.188884544514491083e-03 -6.926297285701664246e-03 -2.916568994481027067e-03 1.252296389807112552e-03 2.294990124292033834e-02 1.705163328429646491e-02 3.098291527248497445e-03 8.097493131931114349e-03 -3.761546939939343359e-02 4.100363589941213166e-03 1.029603333673669453e-03 -5.735909777129979265e-03 1.332868411996637921e-02 2.873082651098025214e-03 2.547104725483625553e-03 -1.115732304211661859e-03 6.514950545451468102e-03 1.243476407264410867e-02 1.380214093476679138e-03 9.213809772167996098e-03 1.403674216833532100e-02 1.083231942719079313e-02 3.511803648237933617e-02 2.890098498129486937e-02 9.562256806528123682e-03 4.166365039515626534e-02 1.215750003075823614e-02 1.298486282851055509e-02 3.169804615792091995e-02 1.590349068814796152e-02 1.883032329548966002e-02 2.292017921120964932e-02 2.456476623632394829e-02 5.108352207655033478e-02 4.520591432985492791e-02 1.907368766912969499e-02 8.254022244053870611e-03 1.181584659512173278e-02 3.604687952217602853e-02 1.173895219154009149e-02 8.872231890508350607e-03 5.152168047104416010e-04 9.840723011915420912e-04 1.395936187454378460e-02 1.107517307649800303e-02 1.072120240235783020e-02 1.772102270065955068e-02 8.589108789962933421e-03 2.006529968864088562e-02 5.379683879983068739e-03 1.279335407808120453e-02 2.056235204534784949e-02 4.131844286400785000e-03 -5.259864114301421138e-04 2.219017531044219227e-03 7.250112567402766661e-03 -1.502227302845140968e-03 3.324637858172414719e-03 3.151459480321544375e-03 -7.255460709244474816e-03 -1.994728502607358810e-03 2.002198517215924775e-03 -4.550762623397118620e-04 3.241251678299473128e-03 7.118666289691485266e-03 6.235217304880362639e-03 4.067493634955640647e-02 8.420455039239781864e-03 5.582460572629742261e-03 -1.934105069567180124e-03 1.477652617205779673e-02 1.013513764407965832e-02 6.501047670497600399e-03 1.510764652922355622e-02 2.930368614936256291e-02 1.774148834752277068e-02 1.039566354696952986e-02 9.648120168434047572e-03 8.624050174506769570e-03 1.620130839502374959e-03 1.860832799724597419e-02 1.076180053501408357e-02 1.926172842337272803e-02 2.142654728795958044e-02 2.558911770252398840e-02
9.551926941637541024e-02 1.000000000000000000e+00 6.601618981216382520e-02 1.016760821618662020e-01 8.947788018484961747e-02 1.003972091977870795e-01 2.009669655004176214e-01 1.484340871348469038e-01 1.886799723038164456e-01 1.741476879924515886e-01 1.501179164797389054e-01 1.637018131861458226e-01 1.577994431920281826e-01 1.316414174845244589e-01 1.742568115006798424e-01 1.688094278829192774e-01 1.735101112308722882e-01 1.497642648570203516e-01 1.622474155061485179e-01 1.502048857770852119e-01 1.395561712910704522e-01 1.554684908509078034e-01 1.654537465916676720e-01 1.491795954968492544e-01 1.660999275142885645e-01 1.763865440199091916e-01 1.795027852592163964e-01 1.675556216426426492e-01 1.693286724425007994e-01 1.997758958869611245e-01 1.817697533356801287e-01 1.751542349410057930e-01 1.677940501333071432e-01 1.608579367394480930e-01 1.705382494511233082e-01 1.560280682632156635e-01 1.627558792227500328e-01 1.629393534277445432e-01 1.741555982528275870e-01 1.440292349273137873e-01 1.671623248853109089e-01 1.648507722190394320e-01 1.546598238637686418e-01 1.643583633427089796e-01 1.610622828548617103e-01 1.729830075717973259e-01 1.645897105396633142e-01 1.679351778275376128e-01 1.701478138792704431e-01 1.633184271733004733e-01 1.711133571110601548e-01 1.512136809189634501e-01 1.481527220890238583e-01 1.742790135497707948e-01 1.763259848738575886e-01 1.670157225411749158e-01 1.718295889413891109e-01 1.589240603965628718e-01 1.650120208773714903e-01 1.685292300414152900e-01 1.683435515063141652e-01 1.634949974409298512e-01 1.675528213468613081e-01 1.740061219827037098e-01 1.781255588464265016e-01 1.693416887963369033e-01 1.680846216419202566e-01 1.695933852266055253e-01 1.754355853435603518e-01 1.685591208925671380e-01 1.647577676198777041e-01 1.649308513060036008e-01 1.665970267369590863e-01 1.673716202960829624e-01 1.696462036105898241e-01 1.718317585571971229e-01 1.707299458007933424e-01 1.761143827062116585e-01 1.768588320132774283e-01 1.749391218257121405e-01 1.735063752764920697e-01 1.712810489264994240e-01 1.764306723198036109e-01 1.679093677922894878e-01 1.652831721563386702e-01 1.664554983881622041e-01 1.668571740097098688e-01 1.646898329425456331e-01 1.697188027204966920e-01 1.621808206728772572e-01 1.611378965176488154e-01 1.618299653991212284e-01 1.661202307764161057e-01 1.647063601914544317e-01 1.632755175689658556e-01 1.650701911543412947e-01 1.567395000626418400e-01 1.724814056310361443e-01 1.618448478996321049e-01 1.658065928991840909e-01 1.589213839611126611e-01 1.597032992303031584e-01 1.590301399274178240e-01 1.610678794656390800e-01 1.591476958398198305e-01 1.623755070054944960e-01 1.669938640215961612e-01 1.673324673156632025e-01 1.648762360935438209e-01 1.632653504755755547e-01 1.613504526954067653e-01 1.671600394989416760e-01 1.617266431481569344e-01 1.688454091859533379e-01 1.674484767353877634e-01 1.605855958282822737e-01
1.795126035294059355e-02 6.601618981216382520e-02 1.000000000000000000e+00 3.328693844404775337e-01 1.654640299693117822e-01 1.776431033564740136e-01 3.373258714384413381e-01 3.193137874064693738e-01 3.055730669032977187e-01 3.107653131844638761e-01 3.390467529223940568e-01 3.555315216083336782e-01 3.110129453425103385e-01 3.228733247596317635e-01 3.540401038239709974e-01 3.508465955365446809e-01 3.302379824401911468e-01 3.475453105708561363e-01 3.439344220960720566e-01 3.243241377736039155e-01 3.509840768448347359e-01 3.671625282728286921e-01 3.418654704747430828e-01 3.409065649579668400e-01 3.464834984723585420e-01 3.630150953693624949e-01 3.505745367309288096e-01 3.638075798430283059e-01 3.472202919108008379e-01 3.667921429464865435e-01 3.693634908938997485e-01 3.591050553898363362e-01 3.544884611891078174e-01 3.680008182903919400e-01 3.564185470247840382e-01 3.871253502328730334e-01 3.836084439963096671e-01 3.661556192923528519e-01 3.675327689057271141e-01 3.685523752539165421e-01 3.731156334686072107e-01 3.684833653594218883e-01 3.768417589810869051e-01 3.642342610653937496e-01 3.742506668827610961e-01 3.659224352649491641e-01 3.618410076832674349e-01 3.573008490087273836e-01 3.569532411592801768e-01 3.586926474037384072e-01 3.633612628442837167e-01 3.717281510622946761e-01 3.614176375095405902e-01 3.625831586190312872e-01 3.606425454430919886e-01 3.580762226398562786e-01 3.639443495025370123e-01 3.681697926099442575e-01 3.584198850096876332e-01 3.597445794408611897e-01 3.685591081285255477e-01 3.617032202262322471e-01 3.625590460146502769e-01 3.610098790811747116e-01 3.686297162229733027e-01 3.619148191731497710e-01 3.622667767939541372e-01 3.693114901811693773e-01 3.643661428612909869e-01 3.636127958467598176e-01 3.722652592400844673e-01 3.692149865836777400e-01 3.712168409639449163e-01 3.761525275567116355e-01 3.669767989204433256e-01 3.673025341879523897e-01 3.725286975947889601e-01 3.707503919857097485e-01 3.682057766944099031e-01 3.679441107444067494e-01 3.711076464886296500e-01 3.707025946952069440e-01 3.713558317951198284e-01 3.646548278494922690e-01 3.669977602203000067e-01 3.715547851215529329e-01 3.796579385279340579e-01 3.679140550148751188e-01 3.686961288709658113e-01 3.701477431335349899e-01 3.729749082087631118e-01 3.678465400392337825e-01 3.694805154020561755e-01 3.651649505412755681e-01 3.605780195914237152e-01 3.643132183593926210e-01 3.710583341729866147e-01 3.682107189806088643e-01 3.672204403923140514e-01 3.689666826957659351e-01 3.703128823209888565e-01 3.681364175000070849e-01 3.615790678500924171e-01 3.672349064358452764e-01 3.716379683050387572e-01 3.652098632073603746e-01 3.641967588701472414e-01 3.628218189651973291e-01 3.715532854771784188e-01 3.642353801393963808e-01 3.650274422903855842e-01 3.640788856597731993e-01 3.658211066125181543e-01 3.662103442711950874e-01 3.675751097712394166e-01 3.643100736047762411e-01
7.053523618848245302e-02 1.016760821618662020e-01 3.328693844404775337e-01 1.000000000000000000e+00 3.116671530748131302e-01 3.541092090367745637e-01 5.843774765819714778e-01 5.569959967995884442e-01 5.356181649260387534e-01 5.177164949531569693e-01 5.617014668815529799e-01 6.212704141218271525e-01 5.243091965859950632e-01 5.399884295296499825e-01 6.163400197706425665e-01 6.021476655956033985e-01 5.695432075739561562e-01 6.061554598300501473e-01 5.867499751593487911e-01 5.769530297279205078e-01 5.981454965482713160e-01 6.064935711229925142e-01 5.670249831288449727e-01 5.553110772953100405e-01 5.557289545959667176e-01 6.197845451534359507e-01 6.097862803106549601e-01 6.061369657543267397e-01 5.884741588607126372e-01 6.197285594160336641e-01 6.262886550123391016e-01 6.040364734457225326e-01 5.925283289346392479e-01 6.051526701313988399e-01 6.065574236610016268e-01 6.067071191689036302e-01 6.199616469492011950e-01 6.231577046643923534e-01 6.193209377674757654e-01 6.147751310334402808e-01 6.277834688469596802e-01 6.223376648759255669e-01 6.159883450823655515e-01 6.237032632947163702e-01 6.209786637205501059e-01 6.161560393919037759e-01 6.047226244873127321e-01 6.068140889141456773e-01 6.158172434690107888e-01 6.122281314312515432e-01 6.243602346325047847e-01 6.182330769229625878e-01 6.173214685910769495e-01 6.148701091537692731e-01 6.081209698852432233e-01 6.176718019240361457e-01 6.192159624025412867e-01 6.111490902187537433e-01 6.170760384533425791e-01 6.090143518925528188e-01 6.170255160141215889e-01 6.181851198665834213e-01 6.132001190882274688e-01 6.133529288072845365e-01 6.188253248265576101e-01 6.108624870654334460e-01 6.135024829436023230e-01 6.198692268856752507e-01 6.131396946382274837e-01 6.332687525513038818e-01 6.307112791166200605e-01 6.190426107019493251e-01 6.145318596220231688e-01 6.185444251118986658e-01 6.196123692651933634e-01 6.223240778126760686e-01 6.191649646624379777e-01 6.254222078521810557e-01 6.133470982025976959e-01 6.119860554937669450e-01 6.181638962163833462e-01 6.212971235818119942e-01 6.233834022481029580e-01 6.159421997098120105e-01 6.185562427739089708e-01 6.171690199393117249e-01 6.210519192261343413e-01 6.211539331465657510e-01 6.156512544076437887e-01 6.225012106598650785e-01 6.207036945050301568e-01 6.173094968156541684e-01 6.193570263749054172e-01 6.157692566495206465e-01 6.094274268889414703e-01 6.126092442541503091e-01 6.258001520997922285e-01 6.244669495435797302e-01 6.190246028395987032e-01 6.240414497940801608e-01 6.188118047287339829e-01 6.215228462348021399e-01 6.156125121887314755e-01 6.202956807224958569e-01 6.239269125002568916e-01 6.186952911879636252e-01 6.188291214640491145e-01 6.120077745978647066e-01 6.214862789211014205e-01 6.131008693705093382e-01 6.178896802029417712e-01 6.135516598282376721e-01 6.177274682693612018e-01 6.185216659039728393e-01 6.149848455270728875e-01 6.161397887739790136e-01
1.621573149007513384e-02 8.947788018484961747e-02 1.654640299693117822e-01 3.116671530748131302e-01 1.000000000000000000e+00 2.977443398666749230e-01 4.421344240648455992e-01 4.114995119889587327e-01 4.388825658625917225e-01 4.026897830018411617e-01 4.217443004414915264e-01 4.607254216797342372e-01 4.258835687588587438e-01 4.135666993582619022e-01 4.742600835740037879e-01 4.581587535213806905e-01 4.252104627778111046e-01 4.400396283462453817e-01 4.306515149625413375e-01 4.440235994237981543e-01 4.263991197172085634e-01 4.335459110529206739e-01 4.345715421700707126e-01 4.036822910693588784e-01 4.098543321870873335e-01 4.596342063853082749e-01 4.543935479401389754e-01 4.511671343102772735e-01 4.136630421974871741e-01 4.733324007500503972e-01 4.697524565057473733e-01 4.623121532848527004e-01 4.241795859392907819e-01 4.467307541276230864e-01 4.643223206948846049e-01 4.469863166007018718e-01 4.498725873900456529e-01 4.493105813118303815e-01 4.672177374812946371e-01 4.449781889432049553e-01 4.704636797845820340e-01 4.698780529576316867e-01 4.696779925544785628e-01 4.722071818296694201e-01 4.698411639117168748e-01 4.607354037265456448e-01 4.646640105730096004e-01 4.692820235382962335e-01 4.640919556343701124e-01 4.561480124644375356e-01 4.713447945541500150e-01 4.702500135862964781e-01 4.656743290991434137e-01 4.693098188547211169e-01 4.635587343989114872e-01 4.677205151650217774e-01 4.650641275206536807e-01 4.712726085835716727e-01 4.662470435561442139e-01 4.768337202625690940e-01 4.749312399166439880e-01 4.671196280442831972e-01 4.654644779105386876e-01 4.714130027779307452e-01 4.723006320597702978e-01 4.697226170990201344e-01 4.717022225432839222e-01 4.737057853519741624e-01 4.752279183473093194e-01 4.814442992845738289e-01 4.728918127578505270e-01 4.698892165670660592e-01 4.713235427433077884e-01 4.664282163997094943e-01 4.733378109709075465e-01 4.742073639860748813e-01 4.724336048745951810e-01 4.643992759816571447e-01 4.658422284062662677e-01 4.721058636421358590e-01 4.712436987912662079e-01 4.714130179416157751e-01 4.715712740040846618e-01 4.718877933701441929e-01 4.682829018334558335e-01 4.710341698907357655e-01 4.674393304856154785e-01 4.749322199303156466e-01 4.714750735660991343e-01 4.738814427514423389e-01 4.693916729958340084e-01 4.742484153172069061e-01 4.736131315131721919e-01 4.717132026500445163e-01 4.703803530232253949e-01 4.700742009610899830e-01 4.785326970804802960e-01 4.759973045734143815e-01 4.719332867380143792e-01 4.757968138170539651e-01 4.751014390244801544e-01 4.737520991096212941e-01 4.725498623996476910e-01 4.753322937383391844e-01 4.774758895150699733e-01 4.723938970866178866e-01 4.726551943976756709e-01 4.726066499032500201e-01 4.756459558608236993e-01 4.722157602737091509e-01 4.712402855322098683e-01 4.741136774402963106e-01 4.718847026253379928e-01 4.758019470769333514e-01 4.756386015315460236e-01 4.747180841691672204e-01
2.107086086726522173e-02 1.003972091977870795e-01 1.776431033564740136e-01 3.541092090367745637e-01 2.977443398666749230e-01 1.000000000000000000e+00 5.161934675250204885e-01 4.527603350942395743e-01 4.911240822305626419e-01 4.965011435458355216e-01 5.286484863206691864e-01 5.602649991849556477e-01 4.937958171560143938e-01 5.072719719712497355e-01 5.657248833243360142e-01 5.522685140378632562e-01 5.213145266136471889e-01 5.200160016764584503e-01 5.353547608754406495e-01 4.793493885559916845e-01 5.064228501694598705e-01 5.423568103926068584e-01 5.518591146632273459e-01 5.167139184110114414e-01 5.169399742281718391e-01 5.793398287669557778e-01 5.612370582554950804e-01 5.749707370016742258e-01 5.342017856722754976e-01 5.804748819126525072e-01 5.903569643267894129e-01 5.721932709885008128e-01 5.602543721707671232e-01 5.539318919408594555e-01 5.664579336509590890e-01 5.446460574106888330e-01 5.797875086029340430e-01 5.734430388216149588e-01 5.881131415992074674e-01 5.739919443970231683e-01 5.831157388746144310e-01 5.898877167442270197e-01 5.746695833373002271e-01 5.860824727847139259e-01 5.856549206427759113e-01 5.868923112360975303e-01 5.830251993375222819e-01 5.877401100466954631e-01 5.755271389492581102e-01 5.588330963628689307e-01 5.791884754273110003e-01 5.532425169056400804e-01 5.697786633070718310e-01 5.721767163990791882e-01 5.648460342822519964e-01 5.790323387642092312e-01 5.566487529621045871e-01 5.752656188574434282e-01 5.750220404872106172e-01 5.798513208842318578e-01 5.793495901821381633e-01 5.767308731480833561e-01 5.720158051714968606e-01 5.789737488746375949e-01 5.744644024913088121e-01 5.701977721168889346e-01 5.852296559661406272e-01 5.896323197698924989e-01 5.879800388881528672e-01 5.788254139874755566e-01 5.851609793546658222e-01 5.880960451790581134e-01 5.830520634382770906e-01 5.876596463232004464e-01 5.901374046326135492e-01 5.923764390594394857e-01 5.947254314238646922e-01 5.873007017151776754e-01 5.898143579669560266e-01 5.879032513207219646e-01 5.953010077492246754e-01 5.904162227103295635e-01 5.831106202170148745e-01 5.928686493237995681e-01 5.809589799566420298e-01 5.854942282245980678e-01 5.915705573951487439e-01 5.893940668472646971e-01 5.945355894107580141e-01 5.832675302140535312e-01 5.951706257359433705e-01 5.920539953013329582e-01 5.921025702647558786e-01 5.938226389963970897e-01 5.877334703980123809e-01 5.867465979000724419e-01 5.710553998664847919e-01 5.680867253177644960e-01 5.829898126821613236e-01 5.860185228538460356e-01 5.859915198966177963e-01 5.787493627493103254e-01 5.864535057918091043e-01 5.865222933018755525e-01 5.831162189929190998e-01 5.706397571546110159e-01 5.817336147167773142e-01 5.857110390100808139e-01 5.851496643717877255e-01 5.856640990041922512e-01 5.829083477589526163e-01 5.832960550069365979e-01 5.832230056191789469e-01 5.833412237240808151e-01 5.840084696613837556e-01 5.801697433003597526e-01
5.233894070953538230e-02 2.009669655004176214e-01 3.373258714384413381e-01 5.843774765819714778e-01 4.421344240648455992e-01 5.161934675250204885e-01 1.000000000000000000e+00 6.964971033828005753e-01 7.147252835454817044e-01 6.911685645948293377e-01 7.390383380878166042e-01 8.018636898819551106e-01 7.113536485905088691e-01 6.999712706987378796e-01 8.339193795631932860e-01 7.891338694964223910e-01 7.325677098514774555e-01 7.699951928837645010e-01 7.631042017726595850e-01 7.378270089638561124e-01 7.384943478568275488e-01 7.675915544563863824e-01 7.710892697632156789e-01 7.229809937514447560e-01 7.228502871589189693e-01 8.035347507699128755e-01 7.970826543546915000e-01 7.973571403771407828e-01 7.537343908274128923e-01 8.236078803815942706e-01 8.242500592077987021e-01 8.032729001205769492e-01 7.808330932944724800e-01 7.819209288696710169e-01 7.963032445887283650e-01 7.792718392244724068e-01 8.077597263082164636e-01 8.104918326291262742e-01 8.147533685506438417e-01 8.037403851790096976e-01 8.165089375739313926e-01 8.179149937511587254e-01 8.139668667850061823e-01 8.193916955845819139e-01 8.130061645818885685e-01 8.177493213620657952e-01 8.066854061817848587e-01 8.077321463431895721e-01 8.078923732084879461e-01 7.909708850213595932e-01 8.151800466154526248e-01 7.913925765831500980e-01 7.963148157695848495e-01 8.098573600519923810e-01 8.022106423274520948e-01 8.179137940283263131e-01 8.002123379097593192e-01 8.066227817006613732e-01 8.118386418159071471e-01 8.090291381825347461e-01 8.166353248607644000e-01 8.098174719108542918e-01 8.039444347524570267e-01 8.035796881130723435e-01 8.024632690784910816e-01 7.996698004762667900e-01 8.094452779261157582e-01 8.185607479675914844e-01 8.189245586248713460e-01 8.230275357259888569e-01 8.183565029124095780e-01 8.125704213149513855e-01 8.121739111130980016e-01 8.156769822938252368e-01 8.193211571382779113e-01 8.226277282406699864e-01 8.219874081791369580e-01 8.195994376636543954e-01 8.144010364558632586e-01 8.153480982420623357e-01 8.206161206762474514e-01 8.184897669945512266e-01 8.228541214235773893e-01 8.201140744343520250e-01 8.120852480520089900e-01 8.163010130605702352e-01 8.225270961646544698e-01 8.245407449314481330e-01 8.152575920608535753e-01 8.211710067695999760e-01 8.238660714838618171e-01 8.194219163757756608e-01 8.210985342851369051e-01 8.207627896200572204e-01 8.085314279044669705e-01 8.111126816792514349e-01 8.121449980705555127e-01 8.054773074790864129e-01 8.113872498503007513e-01 8.177065378209795732e-01 8.188011160706303304e-01 8.140710726889265336e-01 8.081272232059436567e-01 8.143982164653065237e-01 8.146184087588375089e-01 8.059602483286827379e-01 8.118646898752956975e-01 8.114225303279910539e-01 8.174678181724609471e-01 8.116673607508609889e-01 8.160114941107760034e-01 8.112607352167858776e-01 8.115480883353439756e-01 8.138842897270686105e-01 8.078088793205242535e-01 8.052604971058712202e-01
4.988131734838439912e-02 1.484340871348469038e-01 3.193137874064693738e-01 5.569959967995884442e-01 4.114995119889587327e-01 4.527603350942395743e-01 6.964971033828005753e-01 1.000000000000000000e+00 6.865818652442521319e-01 6.554379306281514772e-01 7.005572129783034230e-01 7.687379385124938347e-01 6.789697302878094920e-01 6.658354364976881712e-01 7.824203075964782927e-01 7.702150401724474627e-01 7.217250052358338275e-01 7.303063235387495800e-01 7.287767115919308036e-01 7.034550210224532751e-01 7.202448238291000449e-01 7.291568662947160995e-01 7.118340212172244996e-01 6.763502774052424504e-01 6.786055285333780773e-01 7.601864023170472606e-01 7.544684628340460053e-01 7.472333834272222308e-01 7.124973769324760564e-01 7.725182000015500261e-01 7.843663678838870279e-01 7.599974165705176699e-01 7.264414904291968123e-01 7.529784167022506303e-01 7.583806884414902028e-01 7.515851844999802411e-01 7.682592954623785886e-01 7.810238694271991466e-01 7.764284884605819892e-01 7.620188521334313458e-01 7.791625744691080824e-01 7.787556707942560053e-01 7.834643088775931075e-01 7.880160452846862729e-01 7.783095184484417617e-01 7.807143287112432439e-01 7.743522487499571172e-01 7.779800625765059818e-01 7.816403972788620313e-01 7.658203519431948658e-01 7.859549322899419543e-01 7.644907344732109200e-01 7.764096950069520053e-01 7.873614716367363098e-01 7.816342358360015563e-01 7.863254449042399452e-01 7.886128521814259607e-01 7.816067519806670916e-01 7.890190112795756328e-01 7.827472351563579123e-01 7.907914586755000474e-01 7.905203976358897711e-01 7.880163088877187860e-01 7.748042014484014528e-01 7.811862345691062970e-01 7.806210059485797492e-01 7.834559375338939757e-01 7.861148640950664790e-01 7.840513884241403497e-01 7.910784686600785820e-01 7.880605746542517220e-01 7.810607327459385685e-01 7.773260708570784994e-01 7.778464515650703737e-01 7.828154012487243962e-01 7.845226781065669508e-01 7.824602723935027981e-01 7.813521816315037727e-01 7.796532377334062236e-01 7.826246018527994730e-01 7.827683370238237570e-01 7.831566597955064157e-01 7.893232188147102368e-01 7.852329620021121226e-01 7.818075812485871801e-01 7.839066898778617176e-01 7.855952245863587757e-01 7.911797292731483910e-01 7.811195774897502497e-01 7.927385510691856707e-01 7.851469105476497345e-01 7.844759192874141140e-01 7.866845515682063805e-01 7.821417190370392181e-01 7.800211649807874403e-01 7.813941394917280903e-01 7.925125698857132805e-01 7.879002880298707767e-01 7.890054320224607620e-01 7.904545807186338369e-01 7.893281551121438255e-01 7.935759777278085236e-01 7.805572734214817343e-01 7.870283314602756208e-01 7.868074185724351910e-01 7.894676839190151174e-01 7.876931069058283885e-01 7.817720801886713922e-01 7.907517973307397474e-01 7.877575660565565574e-01 7.924385298797204102e-01 7.848558036898483081e-01 7.888038188714947552e-01 7.882687071351004438e-01 7.814745472408263227e-01 7.849242817835991870e-01
8.454224327359247115e-02 1.886799723038164456e-01 3.055730669032977187e-01 5.356181649260387534e-01 4.388825658625917225e-01 4.911240822305626419e-01 7.147252835454817044e-01 6.865818652442521319e-01 1.000000000000000000e+00 7.217152692226290744e-01 7.721708494764525366e-01 8.188261793155371393e-01 7.265226299941578425e-01 7.396775840717572104e-01 8.325536883376523090e-01 8.195489481306781343e-01 7.998689512060415119e-01 7.643785080801394072e-01 7.762280835350224839e-01 7.355830774427236651e-01 7.430123996990205537e-01 7.746035667281675474e-01 7.714778766919722086e-01 6.940124896851520564e-01 7.049218967686585735e-01 8.286027620801698079e-01 8.118264544390598747e-01 7.953773066612105369e-01 7.502870746642117394e-01 8.405548121401968942e-01 8.502208383619093146e-01 8.203160006135048476e-01 7.598280525090440607e-01 7.907841406535670581e-01 8.158081796886768045e-01 7.906390613167686432e-01 8.141594923396219263e-01 8.282935868805081370e-01 8.373700336134820565e-01 7.919702278651323812e-01 8.492451698228601353e-01 8.364764677007910931e-01 8.294498065296217471e-01 8.527891743835348537e-01 8.299195520520709080e-01 8.313631984700518007e-01 8.533083524660074470e-01 8.606026101347101775e-01 8.528902105212792240e-01 8.223915648865629535e-01 8.510188293747051880e-01 8.195139984600218197e-01 8.456694895796363909e-01 8.697466746205367860e-01 8.531013846303640014e-01 8.462064324433828943e-01 8.594310224988125357e-01 8.531618661842536033e-01 8.588440673698741756e-01 8.708291412380991803e-01 8.625986572302321020e-01 8.636623919977534092e-01 8.588398130125977081e-01 8.608079071951101335e-01 8.712567076107874398e-01 8.706659472602451544e-01 8.626238370382077747e-01 8.564400455420859704e-01 8.579168644347633377e-01 8.605033446830073762e-01 8.501174449669738342e-01 8.567051927754921747e-01 8.386759226991309379e-01 8.374105958125355187e-01 8.625451731651089249e-01 8.606335786510840302e-01 8.522612440606791573e-01 8.460557445072603988e-01 8.512317086599804350e-01 8.627369521957636289e-01 8.569716787214327613e-01 8.627939009436222939e-01 8.615183820461471687e-01 8.559241781191389009e-01 8.405715130622127829e-01 8.469637654133780336e-01 8.484697799287512776e-01 8.520585527428364836e-01 8.572690302384463612e-01 8.477581275268156746e-01 8.447019626163647654e-01 8.548145888476091914e-01 8.526522695866991519e-01 8.540110547942675323e-01 8.599941455503082866e-01 8.614395581696919768e-01 8.389822107856471645e-01 8.586361208987235427e-01 8.586015747229579498e-01 8.551990772305858579e-01 8.512990374170621433e-01 8.593377482317278160e-01 8.572952135146238994e-01 8.583330619387528060e-01 8.587066917782046893e-01 8.622329565272194296e-01 8.616975719279333923e-01 8.642982918758408406e-01 8.580608158349904979e-01 8.606556550256555527e-01 8.552750830608819577e-01 8.675286972416905718e-01 8.607591639431065866e-01 8.661532468709977062e-01 8.683989011755243181e-01 8.668360188461391447e-01
2.061674072445830036e-02 1.741476879924515886e-01 3.107653131844638761e-01 5.177164949531569693e-01 4.026897830018411617e-01 4.965011435458355216e-01 6.911685645948293377e-01 6.554379306281514772e-01 7.217152692226290744e-01 1.000000000000000000e+00 7.365842285083150642e-01 7.805693758983629493e-01 6.959504050793677843e-01 6.998959718988396750e-01 8.039542465281049877e-01 7.755182516044115681e-01 7.336988173041093519e-01 7.375567042491713021e-01 7.508521773192541326e-01 6.733693091947443587e-01 6.942634901321281804e-01 7.245542681234892202e-01 7.461826000293972916e-01 6.808032508316190778e-01 6.830265359816195536e-01 7.854860733062274392e-01 7.678470943451257691e-01 7.632127444398907334e-01 7.156300065496400409e-01 8.021960712393993997e-01 8.112844379758753499e-01 7.952606868844980248e-01 7.431750796508309609e-01 7.707707932930594197e-01 7.845232441029079684e-01 7.484539628653713583e-01 7.869378939507485349e-01 7.951361719259013583e-01 8.062380945624726403e-01 7.807539074971867610e-01 8.105397960766175247e-01 8.094394232222088537e-01 8.018405486399154958e-01 8.118836593189483475e-01 8.017721341735652985e-01 8.078597374810674303e-01 8.174426212476634257e-01 8.223897221473821517e-01 8.064054806105370732e-01 7.824347299576518422e-01 8.087462815571094810e-01 7.756890130850289111e-01 7.952641712705517119e-01 8.165363129175302603e-01 8.047252157658588700e-01 8.116709616505073388e-01 7.975822767436410166e-01 8.153135009311134329e-01 8.164061695345586900e-01 8.169308680174471871e-01 8.172375773343391048e-01 8.138995473011271242e-01 8.084671448202936928e-01 8.072594440613245492e-01 8.035615284411550263e-01 8.083088566105993689e-01 8.186114484835027572e-01 8.189943341310578218e-01 8.197303249213757637e-01 8.091696376130197432e-01 8.116886846397832755e-01 8.173825308757826091e-01 8.066681402359812125e-01 8.054486698402586464e-01 8.229997780940649932e-01 8.204110523291249235e-01 8.183988246264229938e-01 8.081108141014428092e-01 8.178465955317812952e-01 8.231393195617620062e-01 8.228904595974142477e-01 8.243327743555353138e-01 8.213024146924150504e-01 8.194725620671652333e-01 8.120286613696682254e-01 8.154335330632730416e-01 8.181010373316777162e-01 8.218488546130561234e-01 8.229234543923658052e-01 8.162632469674698799e-01 8.166910648788061611e-01 8.225704707708191288e-01 8.203881373482462269e-01 8.227213448425200193e-01 8.218746043513518451e-01 8.225964297499779310e-01 8.049220562412024993e-01 8.065877217841381785e-01 8.190877294207649095e-01 8.210976778741531090e-01 8.165887150603083899e-01 8.169563512952141560e-01 8.171589328444612832e-01 8.199350139516456970e-01 8.164341093080681455e-01 8.099315218744376210e-01 8.188546323045036157e-01 8.235309480627920342e-01 8.218500498734706561e-01 8.216179823456168929e-01 8.208489886126653090e-01 8.218938476518694580e-01 8.206925445754990056e-01 8.196480424408353338e-01 8.180557133537287307e-01 8.155857309509798592e-01
2.847741025865142047e-03 1.501179164797389054e-01 3.390467529223940568e-01 5.617014668815529799e-01 4.217443004414915264e-01 5.286484863206691864e-01 7.390383380878166042e-01 7.005572129783034230e-01 7.721708494764525366e-01 7.365842285083150642e-01 1.000000000000000000e+00 8.551210011740001393e-01 7.478781483515364314e-01 7.636492963791736699e-01 8.578392430322464568e-01 8.440874617285443193e-01 7.952561689877444273e-01 8.009449870983986752e-01 8.177833281183589653e-01 7.415991927315955801e-01 7.720607202117626411e-01 8.094633358442974158e-01 8.128934606978385213e-01 7.585719981748891838e-01 7.667408785925140524e-01 8.599640575946472243e-01 8.361240090663923930e-01 8.383530057133504743e-01 7.921065917093965680e-01 8.648658619649355339e-01 8.779298166239827284e-01 8.619977779546778018e-01 8.201735187538226057e-01 8.402707646608601477e-01 8.491404242024565008e-01 8.359237061782058831e-01 8.553566279577197173e-01 8.673288258158577957e-01 8.724421103502643104e-01 8.543721071712235826e-01 8.793074927280452036e-01 8.779953673216722709e-01 8.765526519201206623e-01 8.837382208753234991e-01 8.763199153528661300e-01 8.734504119640279507e-01 8.829991960562002529e-01 8.838323238939960191e-01 8.740827784682236867e-01 8.580723330552018080e-01 8.781565974620515469e-01 8.556435007593639064e-01 8.684800581009030074e-01 8.801092213066810110e-01 8.717017860782477756e-01 8.766114847620943840e-01 8.690363475401604587e-01 8.810383261315730685e-01 8.802038685911481863e-01 8.821338012868153999e-01 8.845344251561697568e-01 8.830233845731997322e-01 8.762537236447173195e-01 8.782501759541765374e-01 8.742361090090695619e-01 8.753899968922709274e-01 8.865926042583591737e-01 8.892128158311755071e-01 8.872998593725714978e-01 8.775590937191438679e-01 8.860274449055457469e-01 8.905846655865276018e-01 8.796726020952694292e-01 8.807815375025311866e-01 8.891900606127192130e-01 8.866007888632566614e-01 8.888541240878441441e-01 8.784620230980111355e-01 8.835554668561614866e-01 8.850410948149642909e-01 8.875020367989003844e-01 8.888083773362943640e-01 8.870059594031992622e-01 8.857920681414849229e-01 8.780627496642934293e-01 8.845740333539312550e-01 8.877291281041015392e-01 8.880487455243878392e-01 8.909810444723822442e-01 8.848619610208707797e-01 8.892555427689268210e-01 8.904458414557836488e-01 8.901859967484818670e-01 8.905975553687703883e-01 8.880785174005454419e-01 8.893869905383388064e-01 8.783058893551513036e-01 8.730645610350891150e-01 8.891212552064267083e-01 8.873941667385784049e-01 8.911492279499442226e-01 8.873969988519622154e-01 8.867905199377970060e-01 8.893613393618904350e-01 8.876661302630149963e-01 8.817301470332269409e-01 8.860437508634304571e-01 8.879217050843102310e-01 8.899318196217681498e-01 8.888443618893441256e-01 8.875077830481824526e-01 8.884062450198038086e-01 8.889320991329238142e-01 8.883724060993547500e-01 8.871241748936991023e-01 8.834571370299789672e-01
3.195927165514882845e-02 1.637018131861458226e-01 3.555315216083336782e-01 6.212704141218271525e-01 4.607254216797342372e-01 5.602649991849556477e-01 8.018636898819551106e-01 7.687379385124938347e-01 8.188261793155371393e-01 7.805693758983629493e-01 8.551210011740001393e-01 1.000000000000000000e+00 7.930458621682916487e-01 8.172061784063806567e-01 9.165517248591436017e-01 8.980377707965263578e-01 8.469518003148608365e-01 8.525525194103725779e-01 8.705172811114345599e-01 8.043255676915019858e-01 8.386443428701383374e-01 8.745640371582513728e-01 8.568772865432667807e-01 8.049598619177186221e-01 8.096618754515166883e-01 9.129291475066629857e-01 9.000757219704667023e-01 8.931361933085667504e-01 8.520949147818920322e-01 9.199352436205885386e-01 9.410848020139517267e-01 9.125876223302807899e-01 8.694984214267776901e-01 8.932363435768840842e-01 9.046364811459807198e-01 8.876238644716772930e-01 9.116438294001730780e-01 9.243419153234561092e-01 9.304002616715917329e-01 9.052306749955966181e-01 9.342016204397490808e-01 9.310614319571817177e-01 9.235276485070751384e-01 9.384318466126446712e-01 9.290571719204807621e-01 9.275977233444167025e-01 9.324447784206981726e-01 9.363209818643754012e-01 9.303725335589789758e-01 9.127976933954348171e-01 9.357942971311944413e-01 9.139456417852223069e-01 9.220199146910141863e-01 9.360157353485955012e-01 9.289191854348203270e-01 9.339393638768318517e-01 9.284810783383932176e-01 9.335415363223191765e-01 9.371628566451393194e-01 9.344239349622521784e-01 9.393289582576551666e-01 9.365742117929480859e-01 9.322554201875387081e-01 9.301716530556422002e-01 9.319308454044482604e-01 9.309544473678770249e-01 9.389901599329654180e-01 9.402648818009585741e-01 9.370696210602349474e-01 9.377340836787813050e-01 9.434667670785328308e-01 9.411236700087407536e-01 9.294246238184403763e-01 9.335453178527501894e-01 9.424618860922010510e-01 9.416899771586010326e-01 9.399872842863312705e-01 9.372981549418312186e-01 9.337117154583434164e-01 9.370534102379792785e-01 9.399318818773677586e-01 9.420606111223349677e-01 9.420519688467514641e-01 9.392014259987920832e-01 9.310050849887794300e-01 9.369753331910037897e-01 9.406423818451096208e-01 9.422693101181510711e-01 9.399204453387679514e-01 9.386271904698831881e-01 9.393645569647472993e-01 9.416547855324193250e-01 9.426302814905050953e-01 9.417137541099537268e-01 9.379004892648935554e-01 9.403963843979511461e-01 9.320681665016278261e-01 9.304565130575277454e-01 9.405103281926167069e-01 9.406653751322351376e-01 9.403238275620495745e-01 9.403931701438121848e-01 9.378179927285428263e-01 9.418310781486278760e-01 9.428147115577518722e-01 9.343143010090376732e-01 9.392539902557304199e-01 9.391962334435822735e-01 9.413041737661496100e-01 9.400020630676625411e-01 9.397173434427370520e-01 9.405274018677508563e-01 9.401669215604302465e-01 9.402808090376252315e-01 9.389520293171906840e-01 9.375665696667717652e-01
2.913358360703856287e-02 1.577994431920281826e-01 3.110129453425103385e-01 5.243091965859950632e-01 4.258835687588587438e-01 4.937958171560143938e-01 7.113536485905088691e-01 6.789697302878094920e-01 7.265226299941578425e-01 6.959504050793677843e-01 7.478781483515364314e-01 7.930458621682916487e-01 1.000000000000000000e+00 7.231349404364435518e-01 8.192602174219684175e-01 8.077202057195967955e-01 7.482272935267759717e-01 7.442729422920439930e-01 7.493247398457640873e-01 6.994846094049829155e-01 7.166765335508357149e-01 7.532346745223216233e-01 7.548797050769543437e-01 6.896306357989693270e-01 6.963990598486905492e-01 8.000507141775574649e-01 7.856559133151603813e-01 7.708332252104966864e-01 7.275781056521506418e-01 8.108106978973479428e-01 8.182956773049750998e-01 8.037340024996617593e-01 7.481739157450592037e-01 7.766902820280354725e-01 7.963607070155825918e-01 7.704143409790127350e-01 7.993731148252545271e-01 8.128630504356003650e-01 8.157373875357047943e-01 7.974302497991039296e-01 8.253567288381755684e-01 8.241919208737970015e-01 8.211659707211527159e-01 8.281758039793920556e-01 8.190062982112683576e-01 8.157480218192538768e-01 8.340340380652332408e-01 8.354833911319506923e-01 8.282392560456564023e-01 8.021689524724097131e-01 8.292076932635586983e-01 8.037933169173635539e-01 8.206893228976460675e-01 8.295295375209243982e-01 8.213812549986657663e-01 8.291116830424080097e-01 8.214484295257723501e-01 8.296461233466264629e-01 8.302364287703952739e-01 8.359132932566240015e-01 8.356941971565858829e-01 8.330165849803270461e-01 8.257636887697266115e-01 8.275481564228759357e-01 8.303433922471171735e-01 8.284150269692139856e-01 8.359501890956079206e-01 8.339532516727423683e-01 8.349230362501999236e-01 8.277054943020539790e-01 8.286001364920076995e-01 8.339149579702364035e-01 8.229352737424269204e-01 8.192852949524350725e-01 8.365837840736266573e-01 8.332967450460595504e-01 8.329367902254785072e-01 8.214675014685174359e-01 8.284153625690339195e-01 8.379833622862460363e-01 8.336445490001620495e-01 8.381971489122578278e-01 8.336452538027862014e-01 8.349623499964344830e-01 8.276840094739247311e-01 8.285845456013348764e-01 8.282128135074043884e-01 8.366223205807228336e-01 8.353076279922782010e-01 8.330992560912742206e-01 8.310762949737050542e-01 8.376500703433026329e-01 8.339699799111760514e-01 8.357650705269382696e-01 8.392222626618331960e-01 8.393537129193409108e-01 8.331160557200755212e-01 8.286418388819452030e-01 8.387380144707596852e-01 8.391692454401685763e-01 8.393623026057729364e-01 8.393123353905966866e-01 8.361233939008679839e-01 8.401834509732007961e-01 8.372132446484725765e-01 8.323410752063346019e-01 8.380747923958213885e-01 8.393406037852992885e-01 8.376148491899022552e-01 8.390004696281341268e-01 8.386544726929617832e-01 8.394889114646690853e-01 8.395336793265558706e-01 8.394938418464686913e-01 8.384744304107708546e-01 8.370255666598274136e-01
