1.000000000000000000e+00 1.704391277522947779e-01 6.632787444010089517e-02 4.865943241155842175e-02 4.111856485044484977e-02 -4.362109382649820115e-03 5.488034915183018225e-02 4.318550144328651280e-02 1.109500951232387095e-01 6.963864647414798326e-02 3.419649601216689927e-02 2.959521199750347886e-02 1.056000252922317285e-02 4.795820706818726409e-02 3.187530799057732012e-02 2.218102060643199064e-02 8.263561141341027594e-02 6.339156776105114854e-02 5.143597619832852158e-02 6.830556036031328049e-02 8.623410236737205636e-02 5.386009523347854572e-02 2.655127165858958346e-02 2.341351908072544785e-02 2.987108955454253686e-02 5.432378653429491278e-02 5.076542840331136480e-02 3.948704352840876064e-02 3.438829136635331712e-02 6.726862977205153027e-02 2.810437222149207714e-02 3.441892831883536924e-02 2.240595126805241394e-02 4.419135236689161576e-03 3.998184158239725949e-02 1.092037807422363907e-02 1.091489884434004853e-02 1.809428507325619440e-02 1.690978823217656468e-02 -4.316160347251508239e-03 1.737937228146218746e-02 5.992791116208951233e-04 1.073420281208183925e-02 2.206637171776736073e-02 2.077554263741939605e-02 9.258293625113009004e-03 1.928000831558918104e-02 2.992369513342778287e-02 2.207196176842264254e-02 2.973994571354339478e-02 1.998192125841753014e-02 1.620148083496402575e-02 2.708570711274749590e-02 5.275630736747239508e-02 3.032474494041481963e-02 1.704073377655932267e-02 5.632344620912985156e-02 1.931698205835500129e-02 3.964477872505575012e-02 3.832535975812667584e-02 3.048042496398050555e-02 4.354371343750185891e-02 2.448952285101690246e-02 4.865455199534191033e-02 2.529631525417585722e-02 5.019920922407311581e-02 1.388087696168113956e-02 1.111493874035907568e-02 8.929044290532496195e-03 2.323731381158516962e-02 1.819198770330776246e-02 1.053781482812815931e-02 9.161945719375843081e-03 1.515966524524764783e-02 2.054678260363355588e-02 1.480670047374294841e-02 1.402113197959437702e-02 1.740968635921899543e-02 2.571047603990117818e-03 1.903474826564008696e-02 1.187527692898000982e-02 5.226891474839906980e-03 2.316465662152188826e-02 1.493193548837743086e-02 6.701475697687813045e-03 6.487749604267457372e-03 1.098661129274704131e-03 6.193261359699627324e-04 5.220610848034412318e-03 1.773670577240528401e-02 -4.696417232151737001e-04 -1.706582045388917558e-04 5.386811402527913809e-03 2.298867377764508488e-03 5.063194681053538246e-03 1.240592252119988685e-02 -7.502368575314440763e-03 4.213123609054787028e-02 1.446251519585528209e-02 5.614290027258628593e-03 -4.089409768888841931e-03 9.054185641611058738e-03 1.128915507577056380e-02 5.725782619288168930e-03 7.949821631589694751e-03 2.693413672613534371e-02 1.726783664407951363e-02 1.888017586811555765e-02 1.894253374315039290e-02 1.317884595290622247e-02 6.115854812490552697e-03 2.385783304064718197e-02 1.639260546145805339e-02 2.409868749738106747e-02 2.210730321757169853e-02 2.943686518034468666e-02
1.704391277522947779e-01 1.000000000000000000e+00 1.275797218785275911e-01 1.197277540478185326e-01 6.643300475990387977e-02 7.037402042167563432e-02 1.644099204340527531e-01 1.231476199400910326e-01 1.889569449588105188e-01 2.256654662669595746e-01 1.554910906084870093e-01 1.690990783571535983e-01 1.333048171386503333e-01 1.346109789776799570e-01 1.705889148535754407e-01 1.406298413754973053e-01 1.802365531353799233e-01 1.856191953757572177e-01 1.731473818245672647e-01 1.846322588475712845e-01 1.879856635403349685e-01 1.687928008953271941e-01 1.745902650768329789e-01 1.822923346862532212e-01 1.715829371864580066e-01 1.664971741379741577e-01 1.702334692107095038e-01 1.627318580099744727e-01 1.764433176093063160e-01 1.825774175805996435e-01 1.674525096516304712e-01 1.787323347323429568e-01 1.548872311245247102e-01 1.588940393615312641e-01 1.569379597772654622e-01 1.438432630013466718e-01 1.427462243717823598e-01 1.627001030140998727e-01 1.484629465774252033e-01 1.344783866626087510e-01 1.595904504828872528e-01 1.495133477518943432e-01 1.453652429512377886e-01 1.583692498482823230e-01 1.607738531290698880e-01 1.554485571594180215e-01 1.569607977173189672e-01 1.790077230984916390e-01 1.677219684281345269e-01 1.406076765958189645e-01 1.475783194756351280e-01 1.451529601171889783e-01 1.609629093538163525e-01 1.944550422995501016e-01 1.786113614504000746e-01 1.642835691076112159e-01 1.764424299237505045e-01 1.676945243540833574e-01 1.736043093687437977e-01 1.755959342656455147e-01 1.500652856861040552e-01 1.796099091002409942e-01 1.591602953970794321e-01 1.655433634549698108e-01 1.646367716856725338e-01 1.817924722546755412e-01 1.635045056472206049e-01 1.644715352375946127e-01 1.667204499110591376e-01 1.676231601700097218e-01 1.633315989210877561e-01 1.575783434904956537e-01 1.697159872502542188e-01 1.625550726235593657e-01 1.658618259491605740e-01 1.610913050791171197e-01 1.660958949561504305e-01 1.675603804570101885e-01 1.641160491916091313e-01 1.666808883444957368e-01 1.578654770091649506e-01 1.571226642836913157e-01 1.779131095789133477e-01 1.620093709576526930e-01 1.501141421154624511e-01 1.641620213287962593e-01 1.522543319345729118e-01 1.611934706665732742e-01 1.575104835657786806e-01 1.787164500954436519e-01 1.570786610848765863e-01 1.558556955468304028e-01 1.568054955906098002e-01 1.540933511488792318e-01 1.563887306321301018e-01 1.690227168681651959e-01 1.389205129922620463e-01 1.644966182261784482e-01 1.555033082522050136e-01 1.541203253384204330e-01 1.479297780764667614e-01 1.630122964257282314e-01 1.551803506553579293e-01 1.541197512062642550e-01 1.588986313622437474e-01 1.794306897500889120e-01 1.678157033349684246e-01 1.716071390739472013e-01 1.757263854623425103e-01 1.648380627656528818e-01 1.674760211015785538e-01 1.719765211574498243e-01 1.720248941075023241e-01 1.602534889837894383e-01 1.644356770644164467e-01 1.761921110371519050e-01
6.632787444010089517e-02 1.275797218785275911e-01 1.000000000000000000e+00 3.413098822278965994e-01 2.446342039615945207e-01 2.553592712314150526e-01 3.846968651953440732e-01 3.486581989871225251e-01 3.697043418962773775e-01 3.753193619119626345e-01 3.838123223618087887e-01 4.003155538104284927e-01 3.428667680498836412e-01 3.210219915895014542e-01 4.120733130884707274e-01 3.906296538764126303e-01 4.055633538433708329e-01 4.047222052675934489e-01 4.182412224738711881e-01 3.853726504239937678e-01 4.337600544649565792e-01 4.094327138626626672e-01 4.021527041998584906e-01 3.823924631884763614e-01 4.104684562225912048e-01 4.154788076977112277e-01 4.215705125717005841e-01 4.148942149335505536e-01 3.886491835100381875e-01 4.249701817187376274e-01 4.149989069876892644e-01 4.156564067012698538e-01 3.877782176216814092e-01 3.830235184150203587e-01 3.920098028432608128e-01 4.009759804198587685e-01 4.053826477301633591e-01 4.052892204922716179e-01 4.044446173186867499e-01 4.048093088507342951e-01 4.082912519519321659e-01 4.071496331168257266e-01 4.133233070476881044e-01 4.100528225426837703e-01 4.203354504186673779e-01 4.099121736559713236e-01 4.042151210612778267e-01 4.093170218434907803e-01 4.038216119484541178e-01 3.912092620435594359e-01 3.906002092216673272e-01 3.973243522846227060e-01 4.005386791886082487e-01 4.090762804546623221e-01 4.051545596486954559e-01 4.147253711861465519e-01 4.008176851934789342e-01 4.048303883077620235e-01 4.002401833599649739e-01 4.016649222626274551e-01 4.023623456693175560e-01 4.062016546558874786e-01 3.964340188860745462e-01 3.970341394698627679e-01 3.981062785428867157e-01 3.995534514098705858e-01 3.995652499626285992e-01 4.075934184387725034e-01 4.051496693979050878e-01 4.058554692619411042e-01 4.068245742013255062e-01 4.031055356541627388e-01 4.010606602833227119e-01 4.108842539041889785e-01 4.090593473757982990e-01 4.048543832715785773e-01 4.003474668909295375e-01 3.971670510160055234e-01 4.074663296141938229e-01 4.039604860974379541e-01 4.075227224371296697e-01 4.029692513500983675e-01 4.142093819258998444e-01 4.023994085597895620e-01 4.022594903450693593e-01 3.997385029188433858e-01 4.013433489722203484e-01 4.085338168528134806e-01 4.044392602009789228e-01 4.153669209703474974e-01 4.100746754091062485e-01 4.068788252904099734e-01 4.078617207319575333e-01 4.065806396401002165e-01 3.983145747261227498e-01 4.015214268336722014e-01 4.090875917987248367e-01 4.081192597351930296e-01 4.011368464708688908e-01 4.059081115461689593e-01 4.089400154767416362e-01 4.055130965829368273e-01 3.976611890207527034e-01 4.086971547808844751e-01 4.064131547054201099e-01 4.082734524293990530e-01 4.056597836327821560e-01 4.007654147028430480e-01 4.077961344319482317e-01 4.055826511753867769e-01 4.066145929420788008e-01 4.058409001251460646e-01 4.072591694762252024e-01 4.023063138497537383e-01 4.007005974464652454e-01 4.008125268973783406e-01
4.865943241155842175e-02 1.197277540478185326e-01 3.413098822278965994e-01 1.000000000000000000e+00 3.605192246714299942e-01 3.688218682109211111e-01 6.161913307980957377e-01 5.525122944244721390e-01 6.005522989685310176e-01 5.445814878852567320e-01 6.188465814948779231e-01 6.391741746971449922e-01 5.790841421314963933e-01 4.731205142940433928e-01 6.439826261728881507e-01 6.412279189755593078e-01 6.035382981768647737e-01 6.312101939476962853e-01 6.414565614173064478e-01 5.940989243105623263e-01 6.479345879501431371e-01 6.447109499001260069e-01 6.061888004241992034e-01 6.187577529529846299e-01 6.326881629355378678e-01 6.471719972947724830e-01 6.336336782607656648e-01 6.346564602447890557e-01 6.378101253117525182e-01 6.373645062139787765e-01 6.577820893178297768e-01 6.537323898797319233e-01 5.948649711802328488e-01 6.299212975138309689e-01 6.103654019336997028e-01 6.431839951186534288e-01 6.453868820150170382e-01 6.447141921712262747e-01 6.532602874656969760e-01 6.403397449028147559e-01 6.422526581400928025e-01 6.512206648058865843e-01 6.484186669883201803e-01 6.567820461619611194e-01 6.556048994329555235e-01 6.532598745007865970e-01 6.415800887276629227e-01 6.499333518288717970e-01 6.490669641009488844e-01 6.324849685247814213e-01 6.468370589430670892e-01 6.267317415682130965e-01 6.420865029826529069e-01 6.474909026937120116e-01 6.479757503971722565e-01 6.600653564033296394e-01 6.480621366174663667e-01 6.478907449774414795e-01 6.523133029906118541e-01 6.460291386602770025e-01 6.530133993720846908e-01 6.482371972285042583e-01 6.471671612304056298e-01 6.438829622645270145e-01 6.446262032530527541e-01 6.450666185352432747e-01 6.442272122474697049e-01 6.519640335709484535e-01 6.493809249676825157e-01 6.476556791887438935e-01 6.545531124764171205e-01 6.494884391221706910e-01 6.455169906110038713e-01 6.492158988690149846e-01 6.557348180330039300e-01 6.514080599503121460e-01 6.511384934500249466e-01 6.518857418117736113e-01 6.529162633277689753e-01 6.513187840952636698e-01 6.539048497529331705e-01 6.518692231098214274e-01 6.619975364922934258e-01 6.457523509053686439e-01 6.510776136056487529e-01 6.494447864502602696e-01 6.505402197643889162e-01 6.582533130988234005e-01 6.534065881593854597e-01 6.610119717127502792e-01 6.561785196321449076e-01 6.504108939681166879e-01 6.546821098725001953e-01 6.537562898217255114e-01 6.438475094240383445e-01 6.474736902792225246e-01 6.564096661937512955e-01 6.568720092433938396e-01 6.545862056887884473e-01 6.562987604176043765e-01 6.546107866073171966e-01 6.548727400970629775e-01 6.449365220668171750e-01 6.542053843595482254e-01 6.516342794233032087e-01 6.542545863069629819e-01 6.526339752044408860e-01 6.488938426117886182e-01 6.553059998289464394e-01 6.518347121686379753e-01 6.519861194425532469e-01 6.508901046900978926e-01 6.542924254801748551e-01 6.544354600277582090e-01 6.461164976148985328e-01 6.475706739739914841e-01
4.111856485044484977e-02 6.643300475990387977e-02 2.446342039615945207e-01 3.605192246714299942e-01 1.000000000000000000e+00 3.051409771556321537e-01 4.500669652911675755e-01 4.616213650445286643e-01 4.476286069175455240e-01 4.289190846831745785e-01 4.697263028052540701e-01 4.835226818445051422e-01 4.645574557204263932e-01 3.704964373106950370e-01 5.004684882821585079e-01 4.975512300792024334e-01 4.600201711941090399e-01 4.954233137181129898e-01 4.828508623934752997e-01 4.682796660079932560e-01 4.896223370554341758e-01 4.822324292099320897e-01 4.650687742499523547e-01 4.853313784922590468e-01 4.887248498195482238e-01 5.037887832846902336e-01 4.753446376017728126e-01 4.741061446713753513e-01 4.845816323452884489e-01 4.832113451332162302e-01 5.038585809732966103e-01 4.941540605643068296e-01 4.389371736299721438e-01 4.725750763975671842e-01 4.607032869654793528e-01 4.693407482206500281e-01 4.900729184759001766e-01 4.739949110277018041e-01 4.886342246044634852e-01 4.666715247994996929e-01 5.119541177113199337e-01 5.052503566232776633e-01 5.077017010180209233e-01 5.119633356609829544e-01 5.010936112907291573e-01 4.959495557702270352e-01 5.059572015352538088e-01 5.012898150817373111e-01 4.966197605435467843e-01 4.672944343974291814e-01 4.884371206436801671e-01 4.934523056993923018e-01 5.080094205963660015e-01 4.924833208445940635e-01 4.967598914921466657e-01 4.962071015244230443e-01 4.922546272479799145e-01 5.063441711479474971e-01 4.939225300498788496e-01 5.107726139086108397e-01 5.100404069319218747e-01 5.019317280547962445e-01 5.025959215158337656e-01 4.979410792946812325e-01 4.969244591755583862e-01 4.970954591259122424e-01 5.002924201251527370e-01 5.037238825092347216e-01 5.053319406129034297e-01 5.075180083028294487e-01 5.059579165572928305e-01 5.051379071847218460e-01 5.058839448915595227e-01 5.068322284646871179e-01 5.098581490471360000e-01 5.066404998859561637e-01 5.023877690607324586e-01 5.031415740652251944e-01 5.094355121993854318e-01 5.027164968293222902e-01 5.006406824058633465e-01 5.017434592256920789e-01 4.994007446916204906e-01 4.980485801718755323e-01 4.932477446610816774e-01 5.000304436227789306e-01 4.982966265030607800e-01 5.024147453851143252e-01 5.030771325712294351e-01 5.035548098165802955e-01 4.982446193298183945e-01 5.070299948904563037e-01 5.053144418570004737e-01 5.072028132504476927e-01 5.043578923091770472e-01 5.028278981203040399e-01 5.064150616751790235e-01 5.080281092312536328e-01 5.117381285499906785e-01 5.036601130058901976e-01 5.139642824551143852e-01 5.040576251305763922e-01 5.094332884206929091e-01 5.135398989032640138e-01 5.074867454558052993e-01 5.035588992725665847e-01 5.027093519767166230e-01 5.026411822492090620e-01 5.058892842808155876e-01 5.090288706589921608e-01 5.050650229124993285e-01 5.085657467958254463e-01 5.019675351506077687e-01 5.063749398320255279e-01 4.996644655392580847e-01 5.018707787314706792e-01
-4.362109382649820115e-03 7.037402042167563432e-02 2.553592712314150526e-01 3.688218682109211111e-01 3.051409771556321537e-01 1.000000000000000000e+00 4.955202022422436348e-01 4.630895860535707564e-01 5.043723647722569980e-01 4.695111975915495783e-01 5.321853409221278808e-01 5.448242035615996626e-01 4.873304020879191678e-01 4.015825540527925286e-01 5.505166193857101709e-01 5.438972956232740463e-01 5.158562891140915374e-01 5.233241309654553808e-01 5.367294233359909406e-01 5.018655229238100368e-01 5.238830976384842852e-01 5.337770591058020875e-01 4.954469195515501245e-01 5.124314597618988554e-01 5.411598484744913895e-01 5.349867259696848842e-01 5.347919262426444886e-01 5.320016987988069879e-01 5.398104543421820001e-01 5.373915524069289296e-01 5.666424649973246241e-01 5.472640400024759710e-01 5.004991809429126803e-01 5.241839469371912807e-01 5.215486691798827401e-01 5.366054660583801095e-01 5.546645613883035564e-01 5.407250920514716785e-01 5.499468669416552880e-01 5.324364999729488401e-01 5.739537591967766028e-01 5.606369978915477503e-01 5.458971968765158334e-01 5.711095386070823565e-01 5.652282981150795749e-01 5.677903879209549309e-01 5.743002714434186640e-01 5.730115614365580701e-01 5.697123307896775346e-01 5.267745096646885283e-01 5.560412364105703498e-01 5.488156263209525987e-01 5.673125134199858977e-01 5.674528529051222625e-01 5.626780567186586701e-01 5.659612647170184641e-01 5.593560101736273493e-01 5.711154111926810550e-01 5.670102620386039405e-01 5.743350496543102590e-01 5.713555736338943314e-01 5.682451792888135733e-01 5.677612602883922444e-01 5.672994293041050407e-01 5.726273095188717521e-01 5.668934000873735446e-01 5.799421064037352247e-01 5.777681968243512101e-01 5.772685754144041281e-01 5.767456790435931957e-01 5.781625433300527916e-01 5.813776323560634340e-01 5.688761409134899250e-01 5.748510617345995444e-01 5.769148349999607683e-01 5.793899110689546550e-01 5.765453866460892307e-01 5.758598461276539515e-01 5.750452129250673838e-01 5.750677220712416826e-01 5.766598001170275545e-01 5.810051860928318046e-01 5.711621678808678215e-01 5.748602025891388356e-01 5.654418018381673905e-01 5.691329869368306760e-01 5.777823595624823616e-01 5.752057072206007149e-01 5.808970273806658424e-01 5.731750042362375730e-01 5.737779765041682856e-01 5.811041837836929957e-01 5.787811699081505390e-01 5.810713898267607647e-01 5.798771119390062623e-01 5.805504995686596725e-01 5.692156643539447725e-01 5.691641187178162475e-01 5.797368594778627982e-01 5.761209822344733888e-01 5.786111771597588493e-01 5.768400532952274729e-01 5.771515257916001174e-01 5.789851703741014655e-01 5.781255920551943150e-01 5.699844004276607423e-01 5.770087924990744410e-01 5.763229291623689354e-01 5.772792714102308320e-01 5.789411227042592367e-01 5.787424429394983916e-01 5.781890603216124358e-01 5.766918671103117289e-01 5.768125981566192273e-01 5.787291422706345445e-01 5.755744422742563593e-01
5.488034915183018225e-02 1.644099204340527531e-01 3.846968651953440732e-01 6.161913307980957377e-01 4.500669652911675755e-01 4.955202022422436348e-01 1.000000000000000000e+00 6.985899105547391796e-01 7.389760910510971836e-01 6.817811476200219545e-01 7.628746296547929129e-01 7.998473369699443669e-01 7.203194219222749384e-01 5.912125092146087724e-01 8.449683271128813900e-01 8.022408529205778960e-01 7.406887604191907393e-01 7.890877089039203263e-01 7.992611178257510440e-01 7.515557559501468976e-01 8.138864246662894653e-01 8.021386279714249889e-01 7.799737681933051059e-01 7.857279224247818439e-01 8.035511702483124630e-01 8.245057150851522465e-01 8.188209766903161713e-01 8.356883024380266090e-01 8.078062303811492928e-01 8.245852441174242875e-01 8.399016160078894844e-01 8.231689831301286508e-01 7.720161888295399288e-01 7.920416649033109602e-01 7.857070440060714978e-01 8.117903914874197158e-01 8.289992707382342063e-01 8.166093316332942997e-01 8.261894558642625119e-01 8.193992646217288511e-01 8.298457607977782757e-01 8.403501651702736108e-01 8.295527720721115328e-01 8.320686285453686715e-01 8.378495591789877350e-01 8.343951023939227829e-01 8.128637259987762098e-01 8.119582588542488821e-01 8.142511989759255719e-01 7.861418465469861561e-01 8.067935081742052539e-01 7.900869017600112842e-01 8.107960492022268095e-01 8.076071683371194299e-01 8.097800278644716743e-01 8.292236204286800305e-01 8.051083336313926697e-01 8.145186179551672234e-01 8.089266934945519294e-01 8.131390535563388644e-01 8.191285587994096007e-01 8.130173540383064390e-01 8.088889090225611644e-01 8.034242699317212244e-01 8.024213143871559151e-01 8.052407676258647173e-01 8.131981754220400926e-01 8.255384004037780166e-01 8.240340360219244875e-01 8.202134850513140840e-01 8.244757072688787547e-01 8.185006236344666286e-01 8.198529952627492401e-01 8.247659538142294577e-01 8.320592744799333307e-01 8.247555796575665177e-01 8.315241185479053110e-01 8.200843524406581375e-01 8.296799075013423508e-01 8.240895709300186667e-01 8.256911548534421330e-01 8.226662211846457184e-01 8.336358670246040159e-01 8.205791223552094671e-01 8.217101741322782038e-01 8.232368499303162057e-01 8.250514567859756898e-01 8.308252235776215633e-01 8.297449467998658790e-01 8.276492835930827630e-01 8.405798109568317633e-01 8.283474228386775717e-01 8.306097753283754326e-01 8.325523764150640771e-01 8.126811575183755521e-01 8.148810314519622233e-01 8.214851034590889833e-01 8.124810347911696207e-01 8.160440159293913531e-01 8.240860681678410238e-01 8.319900273818773284e-01 8.165078608707929675e-01 8.131544602503146812e-01 8.252452055121223262e-01 8.218321279822867753e-01 8.130643831842047087e-01 8.187834845503790815e-01 8.156637182239785400e-01 8.209331159675590239e-01 8.179346935926536943e-01 8.173618812325138538e-01 8.174413931342258133e-01 8.153649076890293612e-01 8.158184746254394382e-01 8.111572254132614068e-01 8.094805594045310082e-01
4.318550144328651280e-02 1.231476199400910326e-01 3.486581989871225251e-01 5.525122944244721390e-01 4.616213650445286643e-01 4.630895860535707564e-01 6.985899105547391796e-01 1.000000000000000000e+00 7.033935758280928097e-01 6.325453185057416938e-01 7.176388569112452931e-01 7.544630862975745256e-01 6.863599027396606322e-01 5.576890151075492019e-01 7.747862951723396563e-01 7.782355317120064342e-01 7.046300202764144149e-01 7.403878895493434253e-01 7.503299308397719525e-01 7.148387161691610592e-01 7.604840506486129081e-01 7.719839367972044508e-01 7.036738614564872485e-01 7.228691453979405601e-01 7.525847922974222559e-01 7.608050167584083923e-01 7.497403700049286579e-01 7.400414851234220492e-01 7.494247260486806006e-01 7.568876456249646889e-01 7.830760854707825569e-01 7.726008976970543118e-01 7.168393316417084327e-01 7.453525885632692471e-01 7.397911344972069037e-01 7.436875479357565322e-01 7.651351378076421961e-01 7.654459465995665512e-01 7.807602144143657164e-01 7.418069836938111505e-01 7.824027719616694077e-01 7.811924680910867780e-01 7.712535930615371793e-01 7.886229194976632773e-01 7.810412127702076601e-01 7.862896837794516314e-01 7.788794873993787338e-01 7.804644734535470807e-01 7.820200474521090683e-01 7.513525487431261807e-01 7.781531779949805161e-01 7.401718699078816410e-01 7.695408377715382553e-01 7.710079446388875546e-01 7.758983257384377552e-01 7.850590188596002772e-01 7.709417274236027851e-01 7.859413316429029184e-01 7.827699540596058103e-01 7.780467223034681634e-01 7.839067169784662559e-01 7.811061357596921217e-01 7.810382257409110851e-01 7.766952337450258037e-01 7.703242341925042869e-01 7.716312014305657385e-01 7.802292029503439252e-01 7.829435941308096059e-01 7.824647532189417110e-01 7.824921235211450554e-01 7.893394178972804598e-01 7.856691145075306304e-01 7.710088735538096483e-01 7.816336032907468256e-01 7.862062546661064966e-01 7.797067865316835711e-01 7.788355452300412818e-01 7.794146077730491617e-01 7.844778195727807324e-01 7.827943450463735742e-01 7.801951021487516513e-01 7.836056604079469912e-01 7.842197049217379812e-01 7.778987785209984240e-01 7.800823078039736957e-01 7.811885625500610830e-01 7.795366796450088342e-01 7.913867407877793747e-01 7.865900405214427682e-01 7.912690121136721766e-01 7.854057892509795913e-01 7.852515131138927407e-01 7.833868791488042271e-01 7.896347386925260947e-01 7.827455906510349948e-01 7.834987406701174883e-01 7.866557447795730074e-01 7.875698476004343584e-01 7.897292939237756659e-01 7.885623851898242442e-01 7.880658269067990496e-01 7.924980019420027055e-01 7.768775832232432954e-01 7.915606158686445681e-01 7.814428884151198851e-01 7.831883814374849262e-01 7.860453050317937063e-01 7.833113263865733034e-01 7.873009043650015526e-01 7.870176490385383250e-01 7.905068908284095253e-01 7.834726354687249206e-01 7.855703749885880605e-01 7.875429475458118889e-01 7.764038006323386032e-01 7.782644884021749920e-01
1.109500951232387095e-01 1.889569449588105188e-01 3.697043418962773775e-01 6.005522989685310176e-01 4.476286069175455240e-01 5.043723647722569980e-01 7.389760910510971836e-01 7.033935758280928097e-01 1.000000000000000000e+00 7.535466678572612098e-01 8.121500933828826874e-01 8.451747272575325098e-01 7.695568097200145008e-01 6.332246494218086719e-01 8.500128460097671201e-01 8.365124113845452403e-01 8.284481495976483423e-01 8.227758287452666686e-01 8.412260545665438682e-01 7.833754903059710895e-01 8.472299003053294086e-01 8.465297380559212437e-01 7.861303329060748135e-01 8.073708893344320181e-01 8.385231051836637972e-01 8.471450794587537247e-01 8.382743702315732515e-01 8.322475450923725315e-01 8.443172116429760177e-01 8.561253438744781397e-01 8.719946852120056269e-01 8.652886531826446959e-01 7.920409577554449188e-01 8.235058254186170545e-01 8.229633860754369534e-01 8.254951064250189985e-01 8.465209319728976833e-01 8.380487440445083536e-01 8.540492462656970041e-01 8.075388758664083788e-01 8.671472263228819921e-01 8.492614840888996763e-01 8.385974872547675707e-01 8.702277990968521060e-01 8.687473076441325492e-01 8.602386893725434414e-01 8.782734303434024392e-01 8.845513285188649766e-01 8.803851720169155737e-01 8.326569652143197553e-01 8.592609687455105005e-01 8.409738768731863656e-01 8.724725160550348413e-01 8.884552856858897174e-01 8.723611662286616664e-01 8.657858211318166797e-01 8.852474873250789633e-01 8.701160889582570945e-01 8.775530929339883102e-01 8.890242015851529400e-01 8.783662596323942306e-01 8.867536707719636535e-01 8.765744020490743305e-01 8.831943211184986042e-01 8.809257322244373745e-01 8.888837923125583185e-01 8.805898098210831471e-01 8.812203107886893427e-01 8.760051077159239918e-01 8.795676509407395205e-01 8.808378926243491946e-01 8.778568970740924238e-01 8.688969378910844643e-01 8.775965816627272487e-01 8.830090656314858455e-01 8.766470344029081430e-01 8.738451580438562072e-01 8.777769944776608879e-01 8.722346124642129661e-01 8.789016403370693009e-01 8.758188649761804445e-01 8.766964230412900294e-01 8.795101104287883498e-01 8.740144344540103916e-01 8.638165332831782006e-01 8.722711690674718188e-01 8.713590459429881863e-01 8.718759958427542145e-01 8.741199394423168068e-01 8.733265002976476898e-01 8.685878997438130078e-01 8.741373186630857495e-01 8.740970225498546631e-01 8.734497544915347245e-01 8.776051862629969946e-01 8.804902112850203633e-01 8.543540841925784113e-01 8.840586816356085231e-01 8.780786895802885628e-01 8.711471177426929335e-01 8.677137397126083451e-01 8.760825164793477615e-01 8.752783326353349436e-01 8.769280368899429190e-01 8.794288828848342288e-01 8.829518313204484103e-01 8.844465702140948959e-01 8.818564611727477409e-01 8.819085643962052412e-01 8.803975760454585409e-01 8.728972453960232025e-01 8.852614534424556592e-01 8.813325617904534948e-01 8.837565864803603732e-01 8.820596938167971635e-01 8.838602780449180685e-01
6.963864647414798326e-02 2.256654662669595746e-01 3.753193619119626345e-01 5.445814878852567320e-01 4.289190846831745785e-01 4.695111975915495783e-01 6.817811476200219545e-01 6.325453185057416938e-01 7.535466678572612098e-01 1.000000000000000000e+00 7.384984852182739923e-01 7.703342317174146636e-01 6.972189932245794752e-01 5.792663088019993634e-01 7.747654283244670426e-01 7.609096689855910922e-01 7.458115869712720336e-01 7.544629929632510335e-01 7.539410439584590673e-01 7.346190495947959587e-01 7.736950260680039992e-01 7.636281152858973575e-01 7.199650875386760518e-01 7.416835089393629676e-01 7.650592892003723611e-01 7.664836343371559391e-01 7.623702704966375254e-01 7.529336650713653878e-01 7.621522635355458819e-01 7.693562328200588274e-01 7.962282992671756432e-01 7.817019633356407926e-01 7.109235946258647409e-01 7.499665054445705525e-01 7.373000076158342520e-01 7.420477318034359726e-01 7.695593257702186829e-01 7.625825223385134244e-01 7.700193659922903722e-01 7.335751325195094541e-01 7.955825413298294180e-01 7.764791794399795721e-01 7.510758195266272752e-01 7.906455509684751082e-01 7.909855486437527006e-01 7.848561904826248936e-01 8.029069654204270545e-01 8.189091728144440863e-01 7.998761643682853473e-01 7.367479026554555332e-01 7.676939885345845926e-01 7.524307070302360678e-01 7.900208877990907430e-01 8.159186403373897001e-01 8.013664500106703059e-01 7.919684988085368138e-01 7.911505593181594742e-01 7.996785700105669692e-01 7.986138977255816673e-01 8.082685027705309722e-01 7.871883720573292775e-01 8.096229476667911040e-01 7.953268943414766312e-01 7.925048110359834697e-01 7.985184884451912435e-01 8.098733409290272967e-01 8.068258172032283237e-01 8.074811099759492405e-01 8.051342633132028137e-01 8.068235446251703635e-01 8.068763596750618827e-01 8.048692454001065144e-01 7.998139576172168530e-01 8.018492669183342469e-01 8.078196053917149344e-01 8.054271663159805472e-01 8.029682524084086337e-01 8.011372057228921539e-01 8.046036292196235840e-01 8.075568033077789032e-01 8.029610400590143637e-01 8.049076503866495758e-01 8.044698200733271243e-01 8.016928270363008480e-01 7.861713909614056472e-01 7.993381683043573327e-01 7.982882331221740069e-01 8.012870884002654126e-01 8.007726100116038248e-01 8.061427154989161403e-01 7.972708697358034113e-01 8.033323145488010519e-01 8.013767076136594225e-01 8.029901781153304663e-01 8.076749205513181762e-01 8.119386197151613471e-01 7.747194066172882199e-01 7.988833120112596164e-01 8.025499308673662568e-01 7.965263613089391681e-01 7.936801637805525056e-01 8.047839251313457787e-01 8.009919193755083988e-01 8.037921926812294782e-01 8.006764027352460955e-01 8.082470456256933833e-01 8.096403059229805299e-01 8.115015339881498369e-01 8.133533088586555326e-01 8.090310884594897889e-01 8.076588784698569556e-01 8.126903569767371938e-01 8.111746664715300259e-01 8.040206089687915725e-01 8.059830530376715929e-01 8.097159872272244874e-01
3.419649601216689927e-02 1.554910906084870093e-01 3.838123223618087887e-01 6.188465814948779231e-01 4.697263028052540701e-01 5.321853409221278808e-01 7.628746296547929129e-01 7.176388569112452931e-01 8.121500933828826874e-01 7.384984852182739923e-01 1.000000000000000000e+00 8.780725349274581815e-01 7.866783154195425842e-01 6.391559943067867122e-01 8.761533244902240947e-01 8.629222745391442739e-01 8.185726406918200082e-01 8.382653304363000268e-01 8.534040207926522070e-01 7.976096603514931660e-01 8.571157195430954001e-01 8.638631080765777348e-01 8.110265819201021298e-01 8.202745499639513271e-01 8.599109912512579168e-01 8.734810111522498532e-01 8.581336877672376406e-01 8.607045305407342584e-01 8.601633523006080306e-01 8.720610028326714058e-01 9.025529257623940982e-01 8.863393630536846590e-01 8.264844348486355408e-01 8.451238487906179708e-01 8.566072969638153234e-01 8.581058469240834263e-01 8.813379743099364338e-01 8.723381381548399593e-01 8.850667682480098941e-01 8.550148687819997262e-01 8.949278538782721171e-01 8.938842466616789828e-01 8.766970980369842570e-01 9.019843921373726925e-01 8.966453910485148171e-01 8.938490303963039230e-01 9.028307450404835510e-01 9.026623490993735954e-01 9.033920801285429958e-01 8.610589156784930198e-01 8.840976505887573333e-01 8.662744566769787768e-01 8.915041284545395239e-01 8.945564304694496593e-01 8.871388699841433745e-01 8.936870507157437249e-01 8.908036083816197603e-01 8.938762825187854810e-01 8.893383720058561925e-01 9.036264145383837709e-01 9.011976786326774125e-01 8.972642891965931788e-01 8.935986472770890421e-01 8.950398509158152827e-01 8.940611673336895660e-01 8.968003825285278952e-01 9.011815338036451850e-01 9.056632689362817956e-01 9.034933650800971439e-01 9.003463790520932486e-01 9.051257261344141103e-01 9.053677947451970187e-01 8.899153423905675764e-01 9.013411159053715815e-01 9.076462673730663067e-01 9.015809733210393695e-01 9.023829049849625417e-01 8.993047415430239777e-01 9.011308364915328051e-01 9.040283151764454406e-01 9.044786822180429509e-01 9.043428015957393207e-01 9.004650097713318146e-01 9.044980428665254646e-01 8.960955928383299574e-01 8.984651425839370598e-01 9.006858414674141500e-01 9.043178774064318803e-01 9.058178961082724578e-01 8.989952634098082873e-01 9.046664541074574961e-01 9.058375532999857205e-01 9.066271532750858064e-01 9.061581689336656309e-01 9.051404014007592425e-01 9.041679649991682943e-01 8.940694107486747422e-01 9.015120562309535401e-01 9.039768948313258168e-01 9.033952085135587007e-01 9.029140197688302338e-01 9.009236352116871682e-01 9.019531749385746311e-01 9.071528176710689229e-01 9.046938110054867366e-01 8.985100171707465222e-01 9.063059569785911762e-01 9.015623149704369288e-01 9.031967268572866914e-01 9.048905863521734538e-01 8.993558738412054110e-01 9.064881632187891114e-01 9.020237860115619677e-01 9.048631281289116757e-01 9.021486172047689100e-01 9.023339071441341952e-01
2.959521199750347886e-02 1.690990783571535983e-01 4.003155538104284927e-01 6.391741746971449922e-01 4.835226818445051422e-01 5.448242035615996626e-01 7.998473369699443669e-01 7.544630862975745256e-01 8.451747272575325098e-01 7.703342317174146636e-01 8.780725349274581815e-01 1.000000000000000000e+00 8.185743477346539843e-01 6.738398834014798222e-01 9.129324980829354175e-01 9.022408451571860555e-01 8.519183571809602062e-01 8.736648323340663325e-01 8.862383454508292457e-01 8.280343910465244317e-01 9.000680349369204469e-01 8.933067140646879789e-01 8.300966106130295286e-01 8.467356515631859759e-01 8.883087399313039922e-01 9.061986407353379569e-01 8.907969506425580386e-01 8.897350636693273085e-01 8.971939809075212269e-01 9.052201546896387896e-01 9.362008028130096582e-01 9.189508634782167507e-01 8.516256562335968727e-01 8.790818214442067680e-01 8.793708042679635462e-01 8.899461837748117166e-01 9.163798382484225069e-01 9.056723806184755476e-01 9.210422658825041520e-01 8.839196846875474467e-01 9.345147439673208156e-01 9.252443356209504310e-01 9.110548985500821484e-01 9.375911897232154235e-01 9.322200122363845098e-01 9.318878538332053818e-01 9.398841588481954279e-01 9.396308857654702695e-01 9.407977935188395202e-01 8.910443107937524587e-01 9.238738481231446587e-01 8.951466750842459463e-01 9.294154483805521227e-01 9.328273194525870116e-01 9.276546701118787430e-01 9.311785898474940204e-01 9.267790440611811675e-01 9.371880583548801713e-01 9.343761955289773269e-01 9.405522867971770618e-01 9.376187938214173290e-01 9.380162963021047018e-01 9.343346937587722056e-01 9.335342687401387840e-01 9.340849666752006897e-01 9.352108838303808680e-01 9.412331771783579715e-01 9.421128342892783891e-01 9.384985096670942495e-01 9.388119799262094611e-01 9.443798299788039863e-01 9.422115329648235171e-01 9.271457363344330904e-01 9.370506097651797317e-01 9.445140223346185637e-01 9.398211874789258458e-01 9.398931165034389856e-01 9.392600592536525239e-01 9.388035502164483459e-01 9.432024355724409892e-01 9.415772137775878514e-01 9.435427107329547036e-01 9.386044752314413042e-01 9.398519414511834480e-01 9.307566598136459701e-01 9.355706477789875741e-01 9.396686635014918076e-01 9.418134956286206005e-01 9.429511979412301681e-01 9.382914854919519598e-01 9.390284746900756652e-01 9.429246949343456086e-01 9.425065495992493991e-01 9.445818771507918932e-01 9.435169119362943890e-01 9.436393295793753522e-01 9.266034821771652608e-01 9.384618831872205691e-01 9.427114982712077040e-01 9.401912067931516015e-01 9.396772241783464263e-01 9.407597283177455694e-01 9.407406960586831568e-01 9.450577559838712061e-01 9.424154238433883890e-01 9.359461941776860971e-01 9.447352283692856956e-01 9.415405058756639578e-01 9.425037176224623225e-01 9.443104536014725880e-01 9.404590024202547083e-01 9.445843337786421490e-01 9.421810031490689408e-01 9.432502962927570289e-01 9.410478560199789788e-01 9.411002778738716268e-01
1.056000252922317285e-02 1.333048171386503333e-01 3.428667680498836412e-01 5.790841421314963933e-01 4.645574557204263932e-01 4.873304020879191678e-01 7.203194219222749384e-01 6.863599027396606322e-01 7.695568097200145008e-01 6.972189932245794752e-01 7.866783154195425842e-01 8.185743477346539843e-01 1.000000000000000000e+00 5.834557659168314592e-01 8.231323383066009303e-01 8.208519254822771449e-01 7.701896647955926989e-01 7.853413975764180766e-01 7.980927901281799075e-01 7.492400409838270159e-01 7.949171145620812506e-01 8.089480392808650056e-01 7.440934523622149133e-01 7.704471441186355740e-01 7.987342082349144778e-01 8.136728483461489470e-01 7.914240949285706872e-01 7.929021023842216520e-01 8.074334106884061280e-01 7.990439136120452979e-01 8.428394700492206626e-01 8.203562103535050332e-01 7.399704892028292624e-01 7.831687346910708447e-01 7.748998705239674711e-01 7.913835654463552416e-01 8.165249729313994731e-01 8.002330591308184360e-01 8.186466053145686761e-01 7.862525685131338538e-01 8.452576627839771817e-01 8.307209683154335167e-01 8.277323442431828715e-01 8.489199361118592302e-01 8.415794049089035944e-01 8.362803723084986096e-01 8.511522208857397187e-01 8.482121892595038126e-01 8.482236510627779724e-01 7.886766073751700912e-01 8.247223843266623389e-01 8.149640014414429867e-01 8.463048020629767576e-01 8.428278133856289545e-01 8.393154507432697420e-01 8.362305673179912802e-01 8.399684424340646549e-01 8.515101461489074097e-01 8.416409105032831572e-01 8.586233622036364421e-01 8.536690356153360248e-01 8.524616996677362168e-01 8.475460031783152992e-01 8.438594145971750615e-01 8.500650715328634810e-01 8.504538171115101353e-01 8.512805675585252141e-01 8.542007281623168469e-01 8.508217457735265388e-01 8.522836601954207891e-01 8.535426403001493689e-01 8.540500289271175660e-01 8.410204419806935894e-01 8.464000505777304895e-01 8.553158746431634984e-01 8.532640295718330048e-01 8.484316127634743410e-01 8.507534822716871226e-01 8.503246761715027580e-01 8.535263436355358113e-01 8.482686555375897886e-01 8.545239173296665935e-01 8.458801956093396912e-01 8.455376288396579953e-01 8.363230102594755300e-01 8.430225933170597541e-01 8.480572934256506157e-01 8.496191803233088535e-01 8.499827608624477282e-01 8.473951684891571912e-01 8.460361083919805125e-01 8.549852673072171338e-01 8.547082003844823639e-01 8.541414424882126655e-01 8.569052580953906428e-01 8.545282674033923831e-01 8.415650964140803936e-01 8.493432813733649001e-01 8.577236387656088645e-01 8.474380844516905542e-01 8.535849484857156444e-01 8.532643457170957513e-01 8.540444561817351898e-01 8.572334239001425660e-01 8.530242812357847759e-01 8.523731295045596790e-01 8.550629280859468606e-01 8.532509110864541224e-01 8.541899888671413699e-01 8.569449612682411566e-01 8.507248079351911185e-01 8.583546131305832549e-01 8.550395895312937755e-01 8.565209244110409958e-01 8.534899410339588099e-01 8.535922666505282308e-01
