1.000000000000000000e+00 1.716162557643089448e-01 1.569546388190001251e-01 8.915367279309735493e-02 7.484049895313674150e-02 4.687181800732403286e-02 1.090142325411184304e-01 6.750004177621825308e-02 1.506962152250555520e-01 7.502448073366078940e-02 1.024305911128454150e-01 4.827472511126722210e-02 5.042502059605665637e-02 2.880228711836411992e-02 5.436948287444819117e-02 3.452437917746986606e-02 1.200367741317141523e-01 2.090547729671694832e-01 1.514233011636457182e-01 2.035173288893382115e-01 1.957501436759633284e-01 1.613239282232931671e-01 1.405895296646583748e-01 1.486457338375383186e-01 1.686476758570861767e-01 1.808607966521124377e-01 1.814675989331713812e-01 1.799472747166203646e-01 2.153009743964178768e-01 1.963587851950475138e-01 1.633139254961556985e-01 1.045798811156983948e-01 1.513571742464189518e-01 1.141752671527013763e-01 1.539781106486997342e-01 8.598055207611735029e-02 1.144732279487455789e-01 9.951183807256670788e-02 7.148450470890939379e-02 8.286897845706597820e-02 7.419602041128783854e-02 7.899453795276237256e-02 2.276686148593118700e-02 8.383412606820007940e-02 9.280003667857165961e-02 7.854893242040793255e-02 3.423269517253228755e-02 5.039025211659507036e-02 3.687180448634162083e-02 4.864348770039889774e-02 6.514616845244639021e-02 5.930626042121319580e-02 5.538504492833230125e-02 1.034966361226904302e-01 1.106163732625834867e-01 9.633464603938587945e-02 1.072500792414611687e-01 5.565382738746239843e-02 5.493973557847759565e-02 6.752463262366177610e-02 4.114129825777852745e-02 6.996893994297016806e-02 4.906127084223738805e-02 6.630183195078563629e-02 7.431021873600925087e-02 7.533650149607586111e-02 3.447319431856551986e-02 7.208072312004627780e-02 6.904072304443135966e-02 7.844752774038550591e-02 6.819793577310460930e-02 6.406585331610387124e-02 7.915336704412670454e-02 7.371591470891827869e-02 7.398983727217325890e-02 7.960119314261034085e-02 7.517619146189652435e-02 8.797518799268719270e-02 5.946108852703903269e-02 8.576595180085617998e-02 7.742030416078293786e-02 7.531180316067839775e-02 5.130023939941612959e-02 7.225520349990584290e-02 4.081184837435782725e-02 5.361061163315403860e-02 5.705227642270812444e-02 4.084865206554853106e-02 3.894544034415255845e-02 6.320466708460144301e-02 5.063972784845813258e-02 3.352312963973209936e-02 3.886605611043899428e-02 3.524169223228400954e-02 1.089707938309615945e-02 2.186155944897272621e-02 1.246038189458692665e-02 5.240931687574724995e-02 1.530557631667560717e-02 3.513532386721116701e-02 1.116999423153739249e-02 2.241010052433777336e-02 1.830945656775660388e-02 3.258697594843523726e-02 3.228816283733384335e-02 4.762509923069715295e-02 2.921309598802554822e-02 4.082362131003199751e-02 4.300827935827442744e-02 2.855332293198956789e-02 2.409867076644186049e-02 3.299675998010056371e-02 2.016576276313623156e-02 3.106681345671825564e-02 4.335884458060820790e-02 4.362894421079262230e-02
1.716162557643089448e-01 1.000000000000000000e+00 7.037609083897174156e-02 -7.658139375676322087e-03 1.227676958028577764e-01 6.113282474607068667e-02 1.079169146081039032e-01 1.316232782544334290e-01 1.938529546831236072e-01 1.963459122306535631e-01 1.421320697013129519e-01 1.187251232981813565e-01 1.580678769129836292e-01 8.863851936630458284e-02 1.409283184572994174e-01 1.552894886688676868e-01 1.762993458173607308e-01 1.587348107219746784e-01 1.411422239277960455e-01 1.412479497544105456e-01 7.962031521196019646e-02 9.772494379213136906e-02 1.818475374507280418e-01 1.405920461523118281e-01 1.051179071218082128e-01 1.664903344122897200e-01 1.425595275244451177e-01 1.650139142453125318e-01 1.648920066338986634e-01 1.300833577099377303e-01 1.267650113216934327e-01 1.918077362907356365e-01 1.715657619721795424e-01 1.352102610813186723e-01 1.366080334513851136e-01 1.203926371443797549e-01 1.286091943408922966e-01 1.722452176567119131e-01 1.573540995954858523e-01 1.628351444444896268e-01 1.786858176328143533e-01 1.765000729430235282e-01 1.179777219961529316e-01 1.470787060938413826e-01 1.483874578081286200e-01 1.546232687944051332e-01 1.590304872452747709e-01 1.807592761655825719e-01 1.479359767209543486e-01 1.082946470890747415e-01 1.421508469499165594e-01 9.251055909197811178e-02 1.197104160229842673e-01 1.839099154984602802e-01 1.657747720376324674e-01 1.552015360100104935e-01 1.286973937779494759e-01 1.643478438321760438e-01 1.519111069257025326e-01 1.598757440986783018e-01 1.358248505339459677e-01 1.469078815491755841e-01 1.333680343018728842e-01 1.438789593552851909e-01 1.483552587708355242e-01 1.522416923777382414e-01 1.703982921036546194e-01 1.724226737308316992e-01 1.871457666445431600e-01 1.625968860324782383e-01 1.433941101813857033e-01 1.499398124413718891e-01 1.685122135526662401e-01 1.531266327433959129e-01 1.661392846958223979e-01 1.595772050607726367e-01 1.697836433941984358e-01 1.756667241406933144e-01 1.533045782870098850e-01 1.475933485718751159e-01 1.449061911022105353e-01 1.453228821296562168e-01 1.808961120051303106e-01 1.567028736638923780e-01 1.493520864010250138e-01 1.541857209995141920e-01 1.463186177880265448e-01 1.727023836932971290e-01 1.631261091822037990e-01 1.676916301654195751e-01 1.694546394319896565e-01 1.661960340384040780e-01 1.522196129253364782e-01 1.562345270129293917e-01 1.572022513590670134e-01 1.675091307004370200e-01 1.338187498894995719e-01 1.319360066898149497e-01 1.444003869148236252e-01 1.630784955587020191e-01 1.511744654540859434e-01 1.456034168429365394e-01 1.457089785646659696e-01 1.489094200782861976e-01 1.410471586003151923e-01 1.472485170347292149e-01 1.545680813190221381e-01 1.794641179662114228e-01 1.707959544230242543e-01 1.667182852253961678e-01 1.625880155994242349e-01 1.624406509727622516e-01 1.585760095527494196e-01 1.558244287393316663e-01 1.582788585179061291e-01 1.572656582434771022e-01
1.569546388190001251e-01 7.037609083897174156e-02 1.000000000000000000e+00 4.579770919615914759e-01 2.149601588485838821e-01 2.859977074122874718e-01 4.029146524448011801e-01 3.220531333915739314e-01 3.759020667352530598e-01 3.045239942435152281e-01 4.117050012237919998e-01 4.261639520348794452e-01 3.224387501933752009e-01 2.607156110550282180e-01 3.936193825629244469e-01 3.510812688525812852e-01 3.741846460835102084e-01 4.072600539942488052e-01 3.958858275300376484e-01 3.830430365340453669e-01 4.296977789223527799e-01 4.320107200779206846e-01 3.899918942392765486e-01 4.346100234127941442e-01 4.440322500624299673e-01 4.643771944480607483e-01 4.571419326269844374e-01 4.347181155098797656e-01 4.218654476087829175e-01 4.541825105437263810e-01 4.705858079275462846e-01 4.112117793845825875e-01 4.134323794164421750e-01 4.267403837426562707e-01 4.253507101848792993e-01 4.482011116026360931e-01 4.558057779614775318e-01 3.777137738943546208e-01 4.211381613818589997e-01 4.181597184407127021e-01 3.964769250231273690e-01 3.841542283945926783e-01 4.015336369110389381e-01 4.131100808059336993e-01 4.394829737442729756e-01 4.016248989643059208e-01 3.739886727430233870e-01 3.593138590413179623e-01 3.683023059967152624e-01 3.846638106395441903e-01 3.862599176635421183e-01 4.138924620223842221e-01 3.953318518808018323e-01 3.754536656390270455e-01 3.824564128606174895e-01 3.938410544874119124e-01 3.876205668778972546e-01 3.704506690949608827e-01 3.512536589755118066e-01 3.801972489326900795e-01 3.850896841667602044e-01 3.827825514560294073e-01 3.673933160102889617e-01 3.963627312287407722e-01 3.984237660156905170e-01 3.927038877082493773e-01 3.657643860807078262e-01 3.922414626483899935e-01 3.911782667073635533e-01 4.082913844887740007e-01 4.111275361285088303e-01 4.035815070556698636e-01 4.112652923741991207e-01 4.131640633752838854e-01 4.103583775169974412e-01 4.115413393758521887e-01 3.974517322376886486e-01 3.898484946905006465e-01 4.037217229278469155e-01 4.144404970984126302e-01 4.224777413384158131e-01 4.238276782114628882e-01 3.731366290638522543e-01 3.910782011420151916e-01 3.766766443847377466e-01 3.969129536606470499e-01 4.191156831147397344e-01 3.687306268724673819e-01 3.931707617864450555e-01 3.853818896595943566e-01 3.905231288121774336e-01 3.774280219346355936e-01 3.979963216605501564e-01 3.863233170060295651e-01 3.561363798494641131e-01 3.586371048651769144e-01 3.647155019675782373e-01 3.629338102458851689e-01 3.609558806478521675e-01 3.642121574679763607e-01 3.738996649023925700e-01 3.610287842993519236e-01 3.707241766658353477e-01 3.840367948502763085e-01 3.860553236362640472e-01 3.632191621680619931e-01 3.629963595594793424e-01 3.668763150125117778e-01 3.668245233243520587e-01 3.601014055354848087e-01 3.512117325720192640e-01 3.664996705177150371e-01 3.554844478960524912e-01 3.694148875701996348e-01 3.800478085792514671e-01 3.737391693772489365e-01
8.915367279309735493e-02 -7.658139375676322087e-03 4.579770919615914759e-01 1.000000000000000000e+00 3.235483377272142524e-01 4.163683142111288538e-01 5.838063914424419520e-01 5.136604532539322809e-01 5.017512996373295620e-01 4.299335787123055308e-01 5.720482244231311908e-01 6.558361247328338139e-01 5.067670559687851295e-01 3.944502524035913282e-01 5.807528718363516029e-01 5.405732247607404339e-01 4.830916456691959904e-01 4.324642132184144949e-01 4.700592271298250635e-01 4.416883491052264743e-01 5.181905435805571614e-01 5.331780476125738133e-01 4.806153273531263426e-01 5.026059684403775263e-01 5.263616892892694077e-01 6.168705906639808667e-01 6.032634649677653949e-01 5.720793494789140343e-01 5.539369103431057706e-01 5.748067972951061977e-01 6.426371795298552181e-01 5.507008555505935599e-01 5.250167862463983592e-01 5.587003441425980599e-01 5.235414298961904578e-01 5.957232544221829906e-01 5.883339434240446586e-01 5.541927829639566871e-01 5.931795415592532317e-01 5.951183592533547673e-01 5.653274478830091487e-01 5.503213641862471084e-01 5.896758558663909300e-01 6.090547543385042006e-01 6.104248382630077518e-01 5.988435259707232117e-01 5.485585217357669130e-01 5.237940711527506732e-01 5.521742461786605105e-01 5.878264793102804253e-01 5.636599407140472362e-01 6.045262102192188181e-01 5.898117001464996401e-01 5.230468222768936970e-01 5.351100407711852913e-01 5.657846107564489246e-01 5.754819838305181845e-01 5.413208426819063890e-01 5.283720224400300092e-01 5.558190750242600897e-01 5.670556356093713335e-01 5.703863583068746745e-01 5.618125925810115717e-01 5.868678341728791326e-01 5.522140670403626883e-01 5.698612171501717949e-01 5.345042749424425699e-01 5.385510799538931748e-01 5.472658939391874533e-01 5.580679897521945154e-01 5.629110463161447475e-01 5.560404176685795896e-01 5.411657713451206719e-01 5.488268394402257000e-01 5.853478427180669463e-01 5.824970428060040062e-01 5.665182687847349907e-01 5.538438297108887465e-01 5.935688904822429279e-01 5.749382094658275211e-01 5.793710723672238494e-01 6.063954665053660209e-01 5.418733701318678708e-01 5.295823023035097776e-01 5.444979556015417943e-01 5.548329850104469774e-01 5.807298562739863224e-01 5.448230535782272455e-01 5.631788974823936922e-01 5.575855470320697505e-01 5.549288195801068690e-01 5.570861958032641281e-01 5.808612057668601780e-01 5.714562814078870678e-01 5.356772339823933082e-01 5.323143211740913872e-01 5.653870977670992781e-01 5.591823693757003166e-01 5.489622013408224088e-01 5.459151318030407429e-01 5.592905258543167113e-01 5.574994091390516049e-01 5.558807966520581401e-01 5.753685722300434513e-01 5.720669766108399390e-01 5.488204701747922964e-01 5.444865946550374591e-01 5.279749848827580694e-01 5.347444782231145499e-01 5.386529560059564181e-01 5.314601238774681047e-01 5.440413124138498979e-01 5.409080831959718338e-01 5.563781664257271276e-01 5.474812772867821975e-01 5.545360786123751939e-01
7.484049895313674150e-02 1.227676958028577764e-01 2.149601588485838821e-01 3.235483377272142524e-01 1.000000000000000000e+00 3.207074695440922385e-01 4.666558189880633534e-01 4.980640570765834663e-01 4.651766553667149862e-01 4.118277234614896587e-01 4.604701799195731193e-01 4.984804521915813802e-01 4.904441992468508982e-01 3.776504668183972013e-01 5.129106593577078543e-01 5.207487562112108614e-01 4.179781692192289233e-01 3.468039749181272002e-01 3.851296765100084007e-01 3.412665951650391549e-01 3.504573315867944849e-01 4.012349218592072275e-01 3.631671565996829054e-01 3.623314300541566890e-01 3.777600514989590264e-01 4.695019698231133742e-01 4.762400266049304220e-01 4.759804427008397787e-01 4.393651101826908101e-01 4.406379509901207081e-01 4.633231142011476344e-01 4.665069425646075074e-01 4.368931660123763772e-01 4.243732082719778864e-01 4.161067822016035200e-01 4.350679814921997179e-01 4.581924070301686136e-01 4.720942146852873944e-01 4.859219044845072832e-01 4.741168096586657055e-01 5.116741105433461057e-01 5.170260977422210802e-01 4.943445576357306526e-01 5.134367987071741801e-01 4.990144894456658986e-01 4.971640954569700455e-01 5.056465988276952483e-01 5.033946339827686245e-01 5.068749555892845260e-01 4.801146006632317498e-01 4.924253778809484228e-01 5.140205897731385809e-01 5.116996494423191599e-01 4.934425253035815695e-01 4.814033860361233153e-01 4.795281765975286659e-01 4.866809479681417638e-01 5.073330685224008985e-01 4.864871995029755314e-01 5.126028535522216822e-01 5.129866668350604453e-01 4.941639051781795966e-01 4.950540689478347689e-01 5.030072960628887424e-01 5.014592999607041524e-01 5.125098214108186889e-01 5.028262776676388768e-01 4.943701826592452053e-01 4.912224386753521466e-01 4.913905190180835603e-01 4.899292800091814559e-01 4.976815635662675819e-01 4.810146288917024893e-01 4.887038233938479359e-01 5.165086278651433993e-01 5.147482589827915289e-01 5.157835074585349622e-01 5.059953329704973690e-01 5.092118080710671402e-01 4.971991589408493728e-01 5.018309222764146815e-01 5.068540529147649298e-01 4.878230165595910939e-01 4.834250566474835309e-01 4.938152729328728618e-01 4.928067960811755022e-01 4.962819625161960513e-01 5.012976753052996726e-01 5.025043801598452209e-01 4.973671416220191155e-01 5.078525519220338236e-01 5.173249374141996038e-01 5.132336176033491792e-01 5.112947196886989953e-01 5.037466397319625422e-01 5.035105691495892488e-01 4.969642658488471199e-01 5.052548797517050216e-01 5.039154553019090654e-01 4.990363530985843510e-01 5.058005025966646473e-01 5.021744484530914487e-01 5.152307797528993261e-01 5.142657791263943734e-01 5.132750050781864637e-01 4.965395402016420934e-01 5.061348963787269950e-01 5.009037746287224868e-01 5.022707900039193873e-01 5.050380734575076191e-01 4.993020276072654418e-01 5.100782111936317254e-01 4.962205298459739788e-01 5.067918151953925143e-01 5.045285869500878428e-01 5.083844451220851379e-01
4.687181800732403286e-02 6.113282474607068667e-02 2.859977074122874718e-01 4.163683142111288538e-01 3.207074695440922385e-01 1.000000000000000000e+00 5.498126875459650176e-01 4.947071999105495665e-01 5.355458971685619352e-01 4.855085206070758885e-01 5.654761171461571978e-01 5.875551913865512121e-01 5.157160644462835952e-01 4.292039539724601394e-01 5.873202836061595100e-01 5.629030545998942037e-01 5.163261468957801581e-01 4.570896762473904973e-01 5.146469613719762970e-01 4.327852532181244438e-01 4.909764875551903551e-01 5.451551661944942229e-01 4.873229293791501160e-01 5.065414311473492859e-01 5.292873332434334666e-01 5.610928715502778719e-01 5.737015326776421231e-01 5.486211721001033048e-01 5.119966405763872741e-01 5.227309722595017139e-01 5.735794478870172020e-01 5.698930794926452270e-01 5.172644124082369510e-01 5.426293433143511979e-01 5.051855529741674511e-01 5.608538657606567668e-01 5.734515568282902986e-01 5.593418957431670613e-01 5.834425015653732505e-01 5.724020916842293971e-01 5.931600235068323901e-01 5.858308884454016541e-01 5.834454407392707376e-01 5.964672623085132130e-01 5.994527142639877182e-01 5.947082959551978076e-01 5.932619340410171249e-01 5.884976874024754334e-01 5.896914223672531374e-01 5.747576043616074992e-01 5.833356625392417394e-01 5.939868979808937688e-01 5.900767964625808215e-01 5.809980792840568897e-01 5.734500262237264279e-01 5.836976117786596419e-01 5.803111935139751987e-01 5.910009006846215218e-01 5.799981000510039397e-01 5.913979179981099232e-01 5.985420123908807843e-01 5.902388377792540108e-01 5.876444749149064561e-01 5.953949913179555908e-01 5.989290139694233295e-01 5.959057233049623870e-01 5.952563862980988496e-01 5.967623980323665256e-01 5.934557363704111577e-01 5.971192176232913429e-01 6.066014514313911032e-01 6.081245888910893349e-01 5.846995810812741778e-01 6.006563248893861395e-01 6.044809272300977199e-01 6.073715737374021373e-01 5.970864038920644656e-01 5.874500573487339006e-01 6.061393383393841594e-01 5.897047378677588991e-01 6.031956736520881490e-01 6.085318292864245748e-01 5.865862246639763633e-01 5.760150707962433669e-01 5.813156324860349056e-01 5.946904757473302494e-01 6.080121764071403367e-01 5.862083515906479914e-01 5.991368526753853008e-01 5.918122135081395063e-01 5.950295382133040656e-01 5.989932860342993548e-01 6.063000860948353221e-01 6.032822529864835248e-01 5.914668783768119997e-01 5.912530393381409954e-01 5.854515027041735653e-01 5.859006267722390859e-01 5.933736969615611700e-01 5.879919286184979166e-01 5.932769369311914343e-01 5.934487070710250389e-01 5.936799619195793909e-01 5.988650024953603435e-01 6.011643090460546679e-01 5.835009109948011696e-01 5.901054032456638510e-01 5.886273189698572050e-01 5.895925366810659263e-01 5.878662045258707947e-01 5.862898904543961676e-01 5.944919312156280444e-01 5.858639012880048069e-01 5.953488034637016701e-01 5.983447547961147084e-01 5.956815784249622769e-01
1.090142325411184304e-01 1.079169146081039032e-01 4.029146524448011801e-01 5.838063914424419520e-01 4.666558189880633534e-01 5.498126875459650176e-01 1.000000000000000000e+00 7.169390290743109517e-01 7.134588738874059199e-01 6.675753936070849548e-01 7.517070061873186715e-01 7.907496646408774810e-01 7.255046204940304166e-01 5.591673566358503766e-01 8.395621390528167360e-01 7.826490662459690828e-01 7.234024402846901403e-01 6.074196220256731227e-01 6.867978704026777015e-01 5.534507398820563973e-01 6.284085926518524490e-01 7.095552744783898413e-01 6.270460764963085021e-01 6.815231079115720014e-01 6.979578019363013031e-01 7.857564359995535819e-01 7.768156075994310239e-01 7.868179944608231224e-01 7.126710058567496953e-01 7.431614171124921731e-01 7.926942529116799419e-01 7.637492520887304570e-01 7.529079017931746831e-01 7.605330550972366765e-01 7.379143171463299344e-01 7.825095429256675450e-01 7.848033671811580625e-01 7.888673239586921904e-01 8.188367969095967647e-01 7.985877696319784169e-01 8.185781284124155066e-01 8.206749434656527287e-01 8.107099916768069070e-01 8.348887770260152719e-01 8.217247351671325140e-01 8.197939453740783478e-01 7.974822398709990878e-01 7.848990332524129476e-01 7.943336825341060781e-01 7.858234150928243844e-01 7.993967144563158822e-01 7.985261896781026270e-01 8.064099157555039143e-01 7.764743545360477395e-01 7.650630878131368107e-01 7.786190550555813772e-01 7.842779023618603462e-01 8.084901328538470766e-01 7.844146134309095686e-01 8.088376124353642282e-01 8.029137180555292463e-01 8.072879299497238703e-01 7.904670217272613542e-01 8.116553227500288292e-01 7.941144403487054859e-01 7.963054855607460958e-01 7.915607186196256251e-01 7.934241465006842686e-01 7.857358925523506565e-01 7.806941300025033170e-01 7.998133052326341641e-01 8.028518583500529049e-01 7.858386816233049466e-01 7.941824668244288343e-01 8.206312777934391400e-01 8.233387873304421900e-01 8.200604469735659485e-01 8.012536213217928971e-01 8.185762583586625452e-01 8.020618365566928309e-01 8.112878531357857748e-01 8.203400001807105157e-01 7.854715143600279337e-01 7.949570913230343816e-01 7.901411119442711684e-01 8.006746649703233576e-01 8.113314173096612958e-01 8.027747829375261324e-01 8.085263452923828753e-01 7.950973141166737257e-01 8.141845765720348016e-01 8.160988004164274612e-01 8.152413034080260301e-01 8.169258843467759323e-01 7.927067024977499932e-01 7.908112701072312900e-01 7.962320584484178232e-01 7.901750879995984578e-01 7.957911263617720721e-01 7.968978326352245123e-01 8.063398386667226525e-01 7.971093901451969943e-01 7.953462169939440329e-01 8.178839782136781977e-01 8.023475966103971180e-01 7.899905832593021593e-01 7.944513259609141675e-01 7.905526180876629727e-01 7.940940591223379919e-01 7.971460237226567491e-01 7.937308180686676318e-01 7.992610551437511202e-01 7.926794005037768320e-01 7.986035493771480587e-01 7.960901330094612982e-01 7.920707757815544925e-01
6.750004177621825308e-02 1.316232782544334290e-01 3.220531333915739314e-01 5.136604532539322809e-01 4.980640570765834663e-01 4.947071999105495665e-01 7.169390290743109517e-01 1.000000000000000000e+00 7.044505452244970156e-01 6.476148166295211395e-01 6.932742210509048597e-01 7.586771468141620955e-01 7.207080684960754935e-01 5.484580413052000392e-01 7.847061929110867862e-01 8.057853139313432278e-01 6.718811206188440854e-01 5.325461692188376839e-01 6.024636974530153122e-01 5.037988174024751187e-01 5.438456379721583467e-01 6.232463668530063838e-01 5.606738585250048423e-01 5.771421442628725806e-01 5.879725983134782563e-01 7.024887402900469313e-01 6.954423660228620241e-01 7.016948644541149971e-01 6.320219444931536312e-01 6.324815421919147695e-01 6.870440490921830845e-01 7.194867653416588960e-01 6.717606551997202802e-01 6.802292130014292448e-01 6.349595186767467148e-01 6.889812403571391464e-01 6.833778030799838588e-01 7.423705734072595375e-01 7.529112839648329780e-01 7.373890336066926121e-01 7.781062389806383539e-01 7.792396340378335839e-01 7.544006449254987423e-01 7.788276708549960459e-01 7.593267214568548695e-01 7.668417816970589662e-01 7.757023494238854955e-01 7.732974006631665453e-01 7.741902042011911123e-01 7.553115122552476191e-01 7.628386915730517304e-01 7.666043766125776315e-01 7.746311822675345793e-01 7.568614265768791594e-01 7.445550193596498501e-01 7.472089636487677655e-01 7.572290449687226754e-01 7.798772663979210984e-01 7.668497407223298090e-01 7.793672085219510715e-01 7.796594347553550408e-01 7.733086615222390936e-01 7.698544599770998920e-01 7.696760383554150931e-01 7.621363848167559407e-01 7.721317459578341813e-01 7.722955806434101955e-01 7.576017145361958471e-01 7.539305010754904224e-01 7.471488107351302865e-01 7.565567586458092908e-01 7.615663347039515196e-01 7.388469450486508938e-01 7.478181358048656691e-01 7.799187764976898141e-01 7.750548867761296590e-01 7.779941332806876719e-01 7.608247862241690473e-01 7.750582023420383715e-01 7.490516737903727407e-01 7.551242530569324263e-01 7.641969880379407831e-01 7.593725359737522052e-01 7.432241713984135689e-01 7.662505431071119366e-01 7.628400447449094068e-01 7.597043372471098399e-01 7.765446930711822349e-01 7.743495992027230601e-01 7.640052458485779852e-01 7.751148168431220009e-01 7.862125306211396047e-01 7.793882241845002667e-01 7.842660151423360704e-01 7.757001967792359620e-01 7.738903591492614087e-01 7.803992558141571445e-01 7.747408790737964068e-01 7.793628415119364661e-01 7.749853053842824524e-01 7.787815083099915991e-01 7.776556692289586792e-01 7.827279965780024051e-01 7.871495711579604704e-01 7.802779831192645510e-01 7.684957283536529848e-01 7.777214282961708580e-01 7.711201450210320996e-01 7.737622433334959693e-01 7.768782894991460575e-01 7.755504131875337048e-01 7.788784302858843267e-01 7.718453208593963888e-01 7.777437077520525932e-01 7.718483427958177101e-01 7.753124469509642402e-01
1.506962152250555520e-01 1.938529546831236072e-01 3.759020667352530598e-01 5.017512996373295620e-01 4.651766553667149862e-01 5.355458971685619352e-01 7.134588738874059199e-01 7.044505452244970156e-01 1.000000000000000000e+00 7.548989696525575388e-01 8.072215732895282603e-01 8.279300892942008661e-01 7.738004907196196491e-01 6.062349135771173403e-01 8.361889947386936806e-01 8.395111647681998690e-01 7.929844197284211527e-01 6.667578741012003540e-01 7.085353615594593979e-01 6.476640778143090138e-01 6.398447127115226563e-01 7.169546482752034988e-01 6.994267404981544534e-01 6.972519998467149316e-01 6.844663256962428832e-01 7.980392765625096141e-01 7.778770255059739291e-01 7.858382047858429864e-01 7.306367648616821642e-01 7.615669847816253224e-01 7.904679512987582424e-01 8.535565320110353182e-01 7.911397471245623647e-01 7.972072180230188598e-01 7.725288110225942972e-01 7.887151051539078583e-01 8.102653746535894985e-01 8.499618896475643615e-01 8.474812218420142429e-01 8.135128412576621004e-01 8.651959826783532925e-01 8.525143501961855996e-01 8.113752576713545439e-01 8.593005561611911647e-01 8.509443603803118483e-01 8.517851354067031977e-01 8.784911921615318198e-01 8.843075897829055787e-01 8.768218414767030566e-01 8.414133647543513561e-01 8.642748177670461773e-01 8.368603991832930244e-01 8.609350111654898718e-01 8.792293862728307596e-01 8.637672611350872831e-01 8.622985214111988927e-01 8.663274102546603128e-01 8.731378431003011809e-01 8.697590506765038310e-01 8.822099955694149287e-01 8.744085465850105487e-01 8.751573641394680969e-01 8.634127140243514908e-01 8.727711649818932216e-01 8.739684673597076792e-01 8.814265526529909689e-01 8.776720003575285700e-01 8.733565301418140248e-01 8.760141688047852204e-01 8.668280772655050370e-01 8.558583547823881421e-01 8.684538850069584148e-01 8.574795423110936898e-01 8.514562779340282272e-01 8.806915640465383666e-01 8.732636013162581312e-01 8.723844781356424605e-01 8.595664317872548921e-01 8.621305813348559832e-01 8.634038450093632910e-01 8.705108398789657143e-01 8.694183260859881246e-01 8.720823406742532757e-01 8.619496309476125662e-01 8.663987448617015419e-01 8.692707412435384251e-01 8.668468556798909486e-01 8.754542178982300804e-01 8.741978383090993621e-01 8.732238075339100458e-01 8.692488476809874243e-01 8.730335287465966765e-01 8.734096168826105400e-01 8.731066688662731945e-01 8.705109104693046218e-01 8.755583351015143734e-01 8.522756996034730470e-01 8.673487646659684414e-01 8.680368378572130839e-01 8.713192065160840771e-01 8.620556558257700397e-01 8.699395714941693392e-01 8.715751974903851451e-01 8.742215073024836025e-01 8.705489326909827685e-01 8.688464612279216404e-01 8.774847882403227217e-01 8.770296318456706208e-01 8.762499772497549522e-01 8.755955096995966525e-01 8.709013310573142652e-01 8.785147660965851868e-01 8.703497609757091524e-01 8.744112626146487433e-01 8.775399380891685253e-01 8.785578723691096492e-01
7.502448073366078940e-02 1.963459122306535631e-01 3.045239942435152281e-01 4.299335787123055308e-01 4.118277234614896587e-01 4.855085206070758885e-01 6.675753936070849548e-01 6.476148166295211395e-01 7.548989696525575388e-01 1.000000000000000000e+00 7.187237647094557591e-01 7.447100143347601398e-01 7.239743802262902372e-01 5.499340521435702733e-01 7.778464211786895177e-01 7.778971719115412853e-01 7.390736104752032576e-01 5.657803423282056210e-01 6.336931015172323489e-01 5.253169847331342623e-01 5.388938650019626797e-01 6.240969120856545427e-01 6.115094155119084052e-01 6.231840413917302257e-01 6.110608185953819715e-01 7.217414998968031403e-01 7.066604942842037440e-01 7.219517188702606614e-01 6.513492862418315266e-01 6.793006376229716592e-01 7.219297323213677009e-01 7.618530908179752537e-01 7.077209466134882776e-01 7.186436095145635194e-01 6.888840813890081405e-01 7.276201597212693661e-01 7.336422501916901595e-01 7.812738585712951656e-01 7.870695584099215436e-01 7.563146269522309506e-01 8.061971122328671635e-01 8.046134157232851525e-01 7.588559483981472953e-01 7.902819748420408796e-01 7.864951332232924530e-01 7.922094673601246528e-01 8.113049328010998318e-01 8.227398807677116510e-01 8.020721594292231638e-01 7.596133942742979706e-01 7.904063309261599723e-01 7.496194160443058196e-01 7.889003896952107020e-01 8.088412861862392944e-01 7.831713787264634741e-01 7.852204104742209756e-01 7.738425003468701879e-01 8.157712514519983582e-01 8.061096446950114514e-01 8.163633967149164228e-01 8.022320615779230391e-01 8.066807040663938055e-01 7.889885596044191596e-01 7.991254510144285561e-01 7.994791060263218840e-01 8.009782737919275419e-01 8.184414633450811660e-01 8.039294441929880630e-01 7.998632577289459533e-01 7.816288655005649844e-01 7.865223466674736708e-01 7.971446775123368633e-01 7.852010411157388514e-01 7.868236507425603321e-01 8.124537076231616028e-01 8.068979442699152349e-01 8.119797013378342587e-01 8.019297074300743011e-01 8.020985925857377907e-01 7.887425184465669536e-01 7.944729335891881350e-01 8.004028248781190902e-01 8.071042543584672213e-01 7.894323250934267566e-01 7.904203178900521820e-01 7.969932613229976370e-01 7.989619271284040813e-01 8.162250794660803610e-01 8.104906816911577883e-01 8.052980676950247663e-01 8.096092589790220284e-01 8.182328760878661011e-01 8.094389682555767074e-01 8.150195742764126949e-01 8.153480856842060254e-01 8.187547812897724153e-01 7.895991177296878272e-01 7.910041196119538265e-01 8.053928877925140561e-01 8.078726242003602120e-01 8.071287372383344483e-01 8.069025912392507882e-01 8.045680635705326766e-01 8.117725966061830611e-01 8.001276383216879839e-01 8.010670325980498996e-01 8.126446969216096772e-01 8.217309042231800698e-01 8.172797115934701262e-01 8.188451954336831706e-01 8.182674591665048958e-01 8.193419556070064003e-01 8.168531365937445887e-01 8.118256005312091128e-01 8.099658090834616075e-01 8.110644721072163277e-01
1.024305911128454150e-01 1.421320697013129519e-01 4.117050012237919998e-01 5.720482244231311908e-01 4.604701799195731193e-01 5.654761171461571978e-01 7.517070061873186715e-01 6.932742210509048597e-01 8.072215732895282603e-01 7.187237647094557591e-01 1.000000000000000000e+00 8.615261020923269397e-01 7.834576624314923965e-01 6.145639076834736869e-01 8.544637672840775799e-01 8.364070573621942284e-01 7.831165635870329655e-01 6.665957552365618932e-01 7.322192283246341526e-01 6.363553690643162231e-01 6.793004395558843722e-01 7.489595449379881087e-01 6.931447043529013197e-01 7.326785580563682787e-01 7.291412578209698347e-01 8.193412050708539507e-01 8.185411664719154379e-01 8.089585530734266783e-01 7.535763994998965210e-01 7.920722880167179181e-01 8.364406724196619125e-01 8.468379993771233405e-01 7.949981149014374582e-01 8.141793201604259345e-01 7.879508478791321657e-01 8.287162553714910729e-01 8.421874868754288812e-01 8.460884503915238053e-01 8.691967351740297332e-01 8.384530053442753594e-01 8.740511287689107789e-01 8.593757015257623699e-01 8.447729927317824128e-01 8.757123943569448121e-01 8.790571603973938997e-01 8.704367180634183798e-01 8.810827364834261655e-01 8.780427798201697609e-01 8.746742117583019560e-01 8.490328026718058085e-01 8.655132313388226306e-01 8.582935559465925124e-01 8.755097534247872071e-01 8.697829019355391988e-01 8.555746713574459150e-01 8.623798159663722540e-01 8.609098333508496959e-01 8.744635754782309478e-01 8.646746096803498149e-01 8.824805540713904772e-01 8.813706121716914366e-01 8.776750253485848807e-01 8.689138300698473483e-01 8.795582041313376731e-01 8.835380286470794209e-01 8.832941908098390638e-01 8.812860629960845849e-01 8.789731853731193034e-01 8.763050234678131378e-01 8.746179950100880784e-01 8.789366293673381847e-01 8.841559223032975368e-01 8.701892159793092052e-01 8.718696127205618485e-01 8.962584022848717469e-01 8.922760911099016923e-01 8.845394510099547913e-01 8.730108892302783641e-01 8.854330913960973826e-01 8.833216080379648893e-01 8.916967232250410103e-01 8.970205652916212191e-01 8.726202304152335110e-01 8.716634492560033642e-01 8.713009669313377392e-01 8.817274441151445874e-01 8.906585879433046582e-01 8.779791613556872099e-01 8.875704844207127353e-01 8.785523816779221562e-01 8.810014492470337188e-01 8.840551352352638004e-01 8.933464132195930718e-01 8.877773808616171713e-01 8.772654962283336078e-01 8.798984480558954546e-01 8.642628109523515789e-01 8.693586066840977011e-01 8.756804558166890740e-01 8.749478882354918552e-01 8.778606232252815778e-01 8.769094064123861276e-01 8.812556998015402820e-01 8.873123879669531089e-01 8.843322240019340086e-01 8.716441093297215836e-01 8.802493973857166143e-01 8.797988294483256588e-01 8.794479850182045366e-01 8.791811773446727152e-01 8.735180916188789446e-01 8.838252950818783482e-01 8.760425482576202905e-01 8.830606359069055333e-01 8.848524604495969781e-01 8.864330771388063690e-01
4.827472511126722210e-02 1.187251232981813565e-01 4.261639520348794452e-01 6.558361247328338139e-01 4.984804521915813802e-01 5.875551913865512121e-01 7.907496646408774810e-01 7.586771468141620955e-01 8.279300892942008661e-01 7.447100143347601398e-01 8.615261020923269397e-01 1.000000000000000000e+00 8.240517784223162501e-01 6.480410629590197535e-01 9.009618718671704718e-01 8.855354810264981502e-01 7.963946246348324598e-01 6.598683313402650130e-01 7.300319463705482459e-01 6.419540540121525529e-01 6.818988576259829015e-01 7.531486696970027817e-01 7.077746935356042934e-01 7.317082266784872280e-01 7.242046986035979295e-01 8.379235295662678107e-01 8.291332122883117162e-01 8.167743138532611580e-01 7.554828463528409088e-01 7.913717274154423720e-01 8.554419332138083476e-01 8.744454569559715340e-01 8.025501824126931583e-01 8.370542484819019080e-01 7.903536826665484849e-01 8.548983474939281235e-01 8.608735519536762082e-01 8.746217653097895228e-01 9.062108158715771467e-01 8.758094187518371543e-01 9.092383230129074123e-01 8.929723076775500923e-01 8.913887640769738718e-01 9.208717476950982750e-01 9.112994305486751268e-01 9.122882578097383233e-01 9.218296250424624638e-01 9.120949295402960288e-01 9.195906014316821420e-01 9.010405658520154182e-01 9.028081055980858860e-01 9.061586905057409380e-01 9.217931257739815365e-01 8.957702143365458003e-01 8.867777386192244871e-01 9.005597409615696547e-01 9.028424156347266694e-01 9.129017717829124301e-01 9.018703457150153424e-01 9.216360996020627194e-01 9.248496414846066882e-01 9.194399438820121118e-01 9.127302690689530484e-01 9.229397558144933900e-01 9.114447238194577361e-01 9.233556923862672461e-01 9.174776650862551675e-01 9.065171195621110067e-01 9.071184894421976397e-01 9.064808209396838512e-01 9.058933679238289072e-01 9.119253447396676870e-01 8.925042673683873939e-01 8.960573815475937343e-01 9.288747208678254097e-01 9.221260713014788335e-01 9.141676437009262912e-01 8.967943314836639424e-01 9.222816203991948125e-01 9.067151574712709605e-01 9.179400152182352057e-01 9.304547220702156229e-01 9.078181084726343331e-01 8.900551914783855212e-01 9.090617846001655122e-01 9.136298079376511394e-01 9.232455252102176324e-01 9.152163286324628277e-01 9.230123678589585712e-01 9.140295433300525962e-01 9.132928123016874622e-01 9.250389931972587965e-01 9.328061974178264437e-01 9.304215186811151117e-01 9.195587862389483780e-01 9.188301754975335411e-01 9.157422723785237917e-01 9.144682829119645806e-01 9.198046666705531615e-01 9.146102909322358920e-01 9.216484423531439152e-01 9.231471686024312895e-01 9.272899874432067868e-01 9.323155693885304407e-01 9.278556602017425936e-01 9.128442402793807142e-01 9.219214749906198270e-01 9.137617009250135203e-01 9.150929583461834271e-01 9.188582054288844114e-01 9.146660186870450016e-01 9.233450721242993930e-01 9.194372071545604541e-01 9.253679225078959014e-01 9.212205789307924553e-01 9.251696462261911336e-01
5.042502059605665637e-02 1.580678769129836292e-01 3.224387501933752009e-01 5.067670559687851295e-01 4.904441992468508982e-01 5.157160644462835952e-01 7.255046204940304166e-01 7.207080684960754935e-01 7.738004907196196491e-01 7.239743802262902372e-01 7.834576624314923965e-01 8.240517784223162501e-01 1.000000000000000000e+00 6.052401418257227217e-01 8.368891476032587207e-01 8.497725013600478938e-01 7.311044562511427314e-01 5.802031786427473969e-01 6.635421658917997068e-01 5.608818923502457698e-01 5.902561288603431766e-01 6.728309615386915965e-01 6.333300250708548962e-01 6.396244024821391427e-01 6.474778980339863654e-01 7.580809178297425177e-01 7.543889473939737744e-01 7.611894621924519821e-01 6.942817385254060891e-01 7.197809697734204315e-01 7.677445209654729652e-01 8.039272601303010246e-01 7.434210510682794926e-01 7.510145120007596375e-01 7.256221184309125105e-01 7.641798010716108758e-01 7.817243186541414923e-01 8.192641506073745639e-01 8.368871731969164118e-01 7.985465231611638126e-01 8.571406147440366885e-01 8.490926172987387499e-01 8.203313927503161906e-01 8.513718178056698394e-01 8.419335847627141822e-01 8.492229380189030286e-01 8.728106338367093153e-01 8.702092753958949878e-01 8.677482163814458360e-01 8.287103356611538185e-01 8.481637237465621260e-01 8.405661725768349690e-01 8.624073705452980354e-01 8.546674710433254107e-01 8.350694404815695027e-01 8.387093513146898216e-01 8.401556625382006205e-01 8.695710511468781601e-01 8.606139182655538900e-01 8.732184872540479370e-01 8.733466644639513721e-01 8.629975842074766312e-01 8.584173205978005150e-01 8.589799023292601365e-01 8.597090021390504377e-01 8.691622114413898315e-01 8.718699038753036090e-01 8.527988665030182824e-01 8.498575006211566141e-01 8.430216156705975239e-01 8.443362385256989455e-01 8.588987121518170120e-01 8.296389918999435009e-01 8.397081968488022685e-01 8.727968500124242412e-01 8.657992414581087148e-01 8.641315085151064501e-01 8.525447063519763224e-01 8.609366936099286383e-01 8.513815210422641666e-01 8.577252162020201354e-01 8.628470756010100384e-01 8.531667711420386491e-01 8.442427597427614172e-01 8.538586722199195123e-01 8.521009590663721767e-01 8.577840227760600289e-01 8.673161023377800039e-01 8.685136128700571279e-01 8.565421710807492595e-01 8.627185534539782985e-01 8.757481756221082714e-01 8.726466831773082022e-01 8.740462036162865989e-01 8.758801005951503127e-01 8.755182978009867778e-01 8.568799734179679550e-01 8.642542501600554150e-01 8.737404938999334680e-01 8.660241334168453653e-01 8.678159077632296992e-01 8.710219638261376129e-01 8.758107854620389432e-01 8.752436597948117791e-01 8.714423391014595177e-01 8.643030995697089658e-01 8.750953524075858470e-01 8.713191924276431077e-01 8.710705722742999590e-01 8.744648631772149461e-01 8.723659158544441183e-01 8.779564609146554011e-01 8.728190999824605445e-01 8.735927662026622409e-01 8.721477001416859665e-01 8.752530678021980259e-01
