1.000000000000000000e+00 1.402001376833180712e-01 2.091704004341172207e-01 -2.857643696635234556e-02 2.613158772017237785e-02 1.731256874461869696e-02 4.313392534138780349e-02 2.574616553078595479e-02 1.254160621305413226e-01 1.487215446993910284e-01 9.177296538828129402e-02 2.648254617931928233e-04 6.579728020831574278e-03 -3.831797445378894423e-03 2.775605304715998093e-03 -1.690796454654172956e-02 1.167064625928322108e-01 2.913698243750162953e-01 2.611094793918447010e-01 1.327971798306179230e-01 2.107358009498328244e-01 2.668161255011921029e-01 2.691853116699615134e-01 2.616594201605785819e-01 2.668751279999059811e-01 2.381091728925170681e-01 1.807518311553907853e-01 1.922266374589031157e-01 2.656849422190191157e-01 2.544902010588729335e-01 1.969503270789106364e-01 1.495707109907365995e-01 1.767438153912935794e-01 1.493865629432169495e-01 1.675442651196244748e-01 1.486051703814438574e-01 1.754973257410417375e-01 1.329392613419014824e-01 9.323897130129180089e-02 1.282052835455560758e-01 8.005944272766943315e-02 8.115973407493545788e-02 9.202020031692566271e-02 6.117368155133398600e-02 1.203417946486829981e-01 7.337541006663214627e-02 2.130609062194130723e-02 4.696413986560924597e-02 4.977245034576169291e-02 4.881821289940133091e-02 5.548927043631563666e-02 1.773552810389577086e-02 1.463905719363187662e-02 8.133019832470950172e-02 9.826624640144630829e-02 1.414635383108635569e-01 6.743231719396640400e-02 6.654913788069748148e-02 6.354810609904265606e-02 5.134299710797692040e-02 3.389202658812513758e-02 4.857756835998076200e-02 5.034112693095035146e-02 4.388209995555519827e-02 8.849593115279399957e-02 7.289258148914250224e-02 5.737312550385346988e-02 1.253231775132912229e-01 9.758600709410530927e-02 6.587120446700689413e-02 9.290705718221543841e-02 1.074314978522362962e-01 1.125763534853084918e-01 1.230889934603433267e-01 8.696258870118094009e-02 6.659632427691518364e-02 8.701493071459870388e-02 1.132863778137698646e-01 7.875290230558447402e-02 1.197117177434008917e-01 1.023089415844921635e-01 8.334966287954609365e-02 9.009282161985608661e-02 9.533652084386454173e-02 5.599111513447641714e-02 7.162651107808686024e-02 8.198277193770887872e-02 4.146618945904029241e-02 4.945211894612298875e-02 9.284305446897733738e-02 6.068446494831228333e-02 3.907851399257359498e-02 5.199469416225021429e-02 3.793080045738539408e-02 1.392286341872758446e-02 1.806632161182882348e-02 3.015868569819831618e-02 4.639380558635429475e-02 2.597057031058289112e-02 4.261055411491367073e-02 4.199049084252638731e-02 1.951526011679742545e-02 1.729229836493273095e-02 1.291408319068707705e-02 4.760582054758648318e-02 4.430677062494411955e-02 2.894012227863720227e-02 3.571820037460329139e-02 5.910111075458821667e-02 2.753102396404622995e-02 3.994778918990923855e-02 2.565282822720107297e-02 2.213785115967814576e-02 3.269224916131448916e-02 4.705543866769466149e-02 3.964945405974938664e-02
1.402001376833180712e-01 1.000000000000000000e+00 1.373283804879691095e-01 7.081481679674234142e-02 6.225733821751891495e-02 1.076282065113545600e-01 1.547374144924822115e-01 1.277461615689612362e-01 1.740011661383709662e-01 2.085091992633611446e-01 1.495445522884378819e-01 1.432129758461444524e-01 1.566585770187969573e-01 1.343931086969652189e-01 1.401129987817840983e-01 1.353307585131491853e-01 1.786482096757039117e-01 1.941353510063709153e-01 1.802072771243790894e-01 1.108733611737748176e-01 1.355318561350391249e-01 1.666042976146226151e-01 2.019068548805639796e-01 1.899049331641312899e-01 1.795909396926290424e-01 2.296417740271864405e-01 1.992565908970810595e-01 2.097061576733660615e-01 2.225931957277169637e-01 2.219314519353937643e-01 2.072671456438951454e-01 2.066700182566571231e-01 2.038150632435728471e-01 1.974779591778794696e-01 2.057418758423411875e-01 1.893582531672146352e-01 2.023893194345037505e-01 2.055175324355409672e-01 1.882679435384679301e-01 1.955193044401687952e-01 1.775529325227470645e-01 1.790179518473990761e-01 1.841970281409008592e-01 1.769447895457464670e-01 1.845288493762918258e-01 1.871050462249163326e-01 1.620540940920685291e-01 1.716916094543736726e-01 1.696840751222063737e-01 1.586379011005125406e-01 1.746373999890479256e-01 1.314004064901444224e-01 1.548470338616247388e-01 1.798980273567052091e-01 1.836748372010626740e-01 2.012208365757731376e-01 1.603833326181824115e-01 1.762819011934547431e-01 1.848903168660025742e-01 1.715102423352648231e-01 1.613466239150616044e-01 1.720530291480222296e-01 1.674117106237764108e-01 1.631076832363256290e-01 1.705868603261717353e-01 1.648873627548318177e-01 1.689917590361868782e-01 1.851750432672857050e-01 1.867109940684722191e-01 1.571692363921286806e-01 1.578773118653609142e-01 1.751613593645277578e-01 1.797790160362746081e-01 1.750353949512625518e-01 1.827581625201669113e-01 1.742696779719035693e-01 1.882589409007591752e-01 1.932533045505616665e-01 1.794407242896021715e-01 1.961618941199796129e-01 1.891792387450652313e-01 1.793837041604085525e-01 1.813306587839678130e-01 1.881239221734450073e-01 1.719620493020306007e-01 1.762628546170766641e-01 1.786865046371682586e-01 1.701911746599158448e-01 1.717850813318294867e-01 1.852561872895334971e-01 1.748729940307682806e-01 1.673150645172482298e-01 1.694538091624286091e-01 1.687733783548790167e-01 1.584140971726104019e-01 1.614496653920192981e-01 1.486692044489973663e-01 1.548638216472961737e-01 1.584106506900533340e-01 1.674780177693811212e-01 1.662749464014377510e-01 1.549713188008248754e-01 1.525139717169624876e-01 1.594353588173721414e-01 1.594623418386119373e-01 1.548899631388945541e-01 1.603208120316745033e-01 1.682647189410644284e-01 1.741033881004705186e-01 1.668568486154002051e-01 1.698932888822474729e-01 1.586766951712277884e-01 1.636867105610576578e-01 1.593154739459197722e-01 1.609070241621042563e-01 1.575451257951868134e-01
2.091704004341172207e-01 1.373283804879691095e-01 1.000000000000000000e+00 2.981899879636600859e-01 1.567719380510253224e-01 2.279643269548905782e-01 2.913219866731970864e-01 2.908364135905541770e-01 3.645245708429301068e-01 3.905745290818836146e-01 3.965898400051018902e-01 3.609307236495266635e-01 2.896765565856839753e-01 3.052829944865660949e-01 3.162225378391942399e-01 3.061985670477740951e-01 3.724971224882866472e-01 4.546225716769561886e-01 4.757312213135149737e-01 3.510263801556858798e-01 4.259841821666680572e-01 4.973676249348000789e-01 4.480731467253807332e-01 4.479626715754317368e-01 4.886881728769237876e-01 4.812926673304918634e-01 4.780796448257821907e-01 4.719617346090522192e-01 4.993507670656679998e-01 5.078326249084557098e-01 4.778719420063727852e-01 4.174754845043360252e-01 4.604354935358895839e-01 4.059605233561059956e-01 4.582186259369369630e-01 4.173213270033843125e-01 4.544876723924516915e-01 4.238223548877287916e-01 3.994518976555161971e-01 4.355053292177846758e-01 3.952087611194535222e-01 3.839718963545938335e-01 4.017992095085060056e-01 3.802817694698858997e-01 4.233964046857006669e-01 3.876805857351693363e-01 3.534435286503666562e-01 3.597891934269515368e-01 3.552580802044594810e-01 3.707762970514540402e-01 3.779247018468055996e-01 3.491271233164801036e-01 3.505273000825491758e-01 3.894011386034189615e-01 3.952511969558882288e-01 4.103440407793257361e-01 3.803480493438481935e-01 3.875847893108693154e-01 3.806152212406834767e-01 3.726016763153462974e-01 3.655200153950302067e-01 3.733112226815062940e-01 3.798355485370131790e-01 3.692385070149260540e-01 3.995404509625193334e-01 3.866102417519415302e-01 3.703798107462312195e-01 4.232379265979964722e-01 4.004095761787568319e-01 3.939504076382892572e-01 4.221025143273336999e-01 4.292837044503426402e-01 4.057506814389634786e-01 4.290571388974613876e-01 4.097122390410062320e-01 3.971995708762163790e-01 4.057587617201863228e-01 4.302101396955114176e-01 4.034490348037443330e-01 4.374860288757282945e-01 4.260248662308024348e-01 4.100754585146933473e-01 3.862369155930860387e-01 4.160856737569300634e-01 3.782714539627837214e-01 3.817331452289191573e-01 4.044466742418268979e-01 3.678517341810169095e-01 3.713550690160038470e-01 3.904022281262921612e-01 3.872337857634692293e-01 3.681649376281119768e-01 3.750451484285226567e-01 3.672828497698805705e-01 3.466863746027860071e-01 3.485079779577005543e-01 3.505143796559733183e-01 3.653877054770385269e-01 3.549299439944687551e-01 3.693496339030844511e-01 3.714730444240552654e-01 3.518056930686062622e-01 3.555344650397308515e-01 3.500333301621932902e-01 3.757042357770352115e-01 3.673392082632243594e-01 3.542573795338291309e-01 3.589762072427883921e-01 3.724294238949049096e-01 3.587898181357641048e-01 3.665531115854587796e-01 3.573166735336413824e-01 3.537861897014872303e-01 3.579049843888695848e-01 3.707642020017147266e-01 3.662299355259136524e-01
-2.857643696635234556e-02 7.081481679674234142e-02 2.981899879636600859e-01 1.000000000000000000e+00 3.509653326317043742e-01 4.002235555947867285e-01 5.544532909867088133e-01 5.189381785076948583e-01 5.592872064881733163e-01 5.087091605599955990e-01 5.784281601356822122e-01 6.602343914349869669e-01 5.610309420262147295e-01 5.195162943962692292e-01 6.058784317211720616e-01 6.118052169936151197e-01 5.419831463544509953e-01 3.877563626962808319e-01 4.653017765558690177e-01 4.380631417273871953e-01 4.451389533957708089e-01 4.821606724185245052e-01 4.369985399837839068e-01 4.171821956249979757e-01 4.801484386374575419e-01 5.319916380817646395e-01 5.992096150019924350e-01 5.952506467913342147e-01 5.353942084213909602e-01 5.400467169265652512e-01 5.826378603563948655e-01 5.673697297646094206e-01 5.783696656999149921e-01 5.466696880738136644e-01 5.686180766693187394e-01 5.650614239483326973e-01 5.703038866680715246e-01 5.862355837441814987e-01 6.110575915495337629e-01 6.103428886997397385e-01 6.044801734860020259e-01 6.056642771582614326e-01 5.993189294332258443e-01 6.177211644755086217e-01 6.105514695483933441e-01 6.137377652328888100e-01 6.064670732922112784e-01 5.941401972606618065e-01 5.870113521563583570e-01 6.132777336441221916e-01 6.109636358798445910e-01 6.465100656311268956e-01 6.291065201175353172e-01 5.852065693602916951e-01 5.724694503627814068e-01 5.461871286888735355e-01 6.165424291018466452e-01 6.062222235262015868e-01 6.039907528333987585e-01 6.208482715579953792e-01 6.188555204253063380e-01 6.139595784048935689e-01 6.253861583988824524e-01 6.296695464797582575e-01 6.159323824749103338e-01 6.316320093959192361e-01 5.970683656331565725e-01 5.913649313803318597e-01 6.004237327077648345e-01 6.255196726553091668e-01 6.205893056812870068e-01 6.121430403074517024e-01 5.792961700303711492e-01 5.909424592909333640e-01 6.138249244110245417e-01 6.212699992724022291e-01 6.135964479967300766e-01 6.145315323763891335e-01 6.199984155666061758e-01 6.016753933078573535e-01 6.041247681053473206e-01 6.133947726157921165e-01 6.018614776196794525e-01 5.937725556983267650e-01 6.066111102279527767e-01 6.011748087692714293e-01 6.094816542058349995e-01 6.100369383283673619e-01 6.070400402933631145e-01 5.893186853024122707e-01 6.151551965432241476e-01 6.141896033102385299e-01 6.151262023736814299e-01 6.168315290995135536e-01 6.081358419236566615e-01 6.097283841332247212e-01 6.107106780109324840e-01 6.298537700657622640e-01 6.100848092851970383e-01 6.124856273921052141e-01 6.135153029894599985e-01 6.259994807777465864e-01 6.230464450795956122e-01 6.203336826566662188e-01 6.221942669346592902e-01 6.247669440388153861e-01 6.148064725147301957e-01 5.951365585886096987e-01 5.959473764212944724e-01 6.163209787655471450e-01 6.097203676549057816e-01 6.195288613891799523e-01 6.136641062673117153e-01 6.192577798781326859e-01 6.141624330405773824e-01 6.207469925468990235e-01
2.613158772017237785e-02 6.225733821751891495e-02 1.567719380510253224e-01 3.509653326317043742e-01 1.000000000000000000e+00 3.001823120212929186e-01 4.799947834580669537e-01 4.589243697156447643e-01 4.451031580124350517e-01 4.080258898306246551e-01 4.450877387161761289e-01 4.722689028860374005e-01 4.815132758504264143e-01 4.211131889586129384e-01 4.970365612464578420e-01 4.941716441334662591e-01 4.498139702871200574e-01 3.199452388666988445e-01 3.731689600218451308e-01 2.854537037330687754e-01 3.014848422471488321e-01 3.564411368775740052e-01 3.816092930971726194e-01 3.627138088797306481e-01 3.840595470124668620e-01 4.319408052418957644e-01 4.388847138479880505e-01 4.540826929351888253e-01 3.853064843673372764e-01 3.963213955523698928e-01 4.395177936408839470e-01 4.695872770727343437e-01 4.411827727708120817e-01 4.526782580190376604e-01 4.398891637606563432e-01 4.564704417312352991e-01 4.541507744164382521e-01 4.770950712182164821e-01 4.910321302271073995e-01 4.799285433394464562e-01 4.842188083660407538e-01 4.914352884935572208e-01 4.857967403523270611e-01 5.027576616808057119e-01 4.873865413244762301e-01 4.921412574352256319e-01 4.895134446612186552e-01 4.842850897273508481e-01 4.902721884437096223e-01 4.816462031997070792e-01 4.860221847469975986e-01 5.057070246590253948e-01 4.947714711039672975e-01 4.827382674131310281e-01 4.860738847361423254e-01 4.772088976442389607e-01 4.964104359694247459e-01 4.962953598877098416e-01 4.896601668644229854e-01 5.017621368247154878e-01 5.009288144043628765e-01 4.981141721483560159e-01 4.973266362436488675e-01 5.058661089509849385e-01 4.946358906859767979e-01 5.040625365457095386e-01 4.908883554795863691e-01 4.800132060302394477e-01 4.896027977038865941e-01 4.624500768778228021e-01 4.665782029062082170e-01 4.792625565810679777e-01 4.813966323849643847e-01 4.780027631307885438e-01 4.873254877469456736e-01 4.872715938737042229e-01 4.867996146443318017e-01 4.714619071650915094e-01 4.856697341822978076e-01 4.671761868491431380e-01 4.796793918019592873e-01 4.830192629183863717e-01 4.935685688230571633e-01 4.784094710819415952e-01 4.860021207754114392e-01 4.893266321154627341e-01 4.880143487153995596e-01 4.943530853771057054e-01 4.927603165560898169e-01 4.916146287931683623e-01 4.927597342007146164e-01 4.962524995048339660e-01 4.950068021686136466e-01 4.952337819076096936e-01 4.937458455713441552e-01 4.924078869890153309e-01 4.890725515889823294e-01 5.052760838804921661e-01 4.967140022770902830e-01 4.963595854066344404e-01 4.965862965068141288e-01 5.014603978632781178e-01 4.996335391959325634e-01 5.014399874973299864e-01 4.979739859269350366e-01 4.964501576702365915e-01 4.960277754067317635e-01 4.894683628569917455e-01 4.919532906361523961e-01 4.953911587795247762e-01 4.944932394730723879e-01 5.021646645852420043e-01 4.929714118320590033e-01 4.992571503019528900e-01 4.952044414031439024e-01 4.977263252364829138e-01
1.731256874461869696e-02 1.076282065113545600e-01 2.279643269548905782e-01 4.002235555947867285e-01 3.001823120212929186e-01 1.000000000000000000e+00 5.181923465669038276e-01 4.881004473607483130e-01 5.455617771353633572e-01 5.022177610404374715e-01 5.421003457088550137e-01 5.816968681424060650e-01 5.137680501765937713e-01 5.174928173374788720e-01 5.816433425011662273e-01 5.632474594632864706e-01 5.465696045711876394e-01 4.463044321980887408e-01 4.945323417609895911e-01 3.844407975356686213e-01 4.410649845735532537e-01 4.810778970904704965e-01 4.652629770614156168e-01 4.792670675193699270e-01 4.932101151142382345e-01 5.486330617161845336e-01 5.750268171026344799e-01 5.733311889558535546e-01 5.073094808780110876e-01 5.070530878330572477e-01 5.560791164688577704e-01 5.823138446390371259e-01 5.579786067993042220e-01 5.720758111117195677e-01 5.603366607709115987e-01 5.651054044890346795e-01 5.671987104181451800e-01 5.866487028243722035e-01 6.030513045085054147e-01 5.896271302453155450e-01 5.977623575626700436e-01 5.980231805951553570e-01 5.954173476380366647e-01 6.038186156712989083e-01 5.954419749152123353e-01 5.971989964442900867e-01 5.885557596968858940e-01 5.934045457787971989e-01 5.898153363066017674e-01 5.857204648834122285e-01 5.919855984427346840e-01 5.783661654574780986e-01 5.910807213019031447e-01 5.915571769289706960e-01 5.864775017761250098e-01 5.780389014610070042e-01 5.867477353597246870e-01 5.975516948277538321e-01 5.899350418251956274e-01 6.025063698355733743e-01 5.991954749538029867e-01 5.956410588053026034e-01 5.927270904724595280e-01 5.972767965797169953e-01 5.961643318243786682e-01 5.937986692428380842e-01 6.008467658097270681e-01 6.013027328023743401e-01 5.949388642050288389e-01 5.915280202271719912e-01 5.993612620650603517e-01 5.976280628209212908e-01 5.957805400438479504e-01 5.968338821733963906e-01 6.008015958382308952e-01 6.055503901687558921e-01 5.988690211057784429e-01 5.928389509918725597e-01 6.017999267295682797e-01 5.841648692656026265e-01 5.953040466082943905e-01 5.983010033994079491e-01 5.931672389250349786e-01 5.868208629977416102e-01 6.009047266967234568e-01 6.037274965424903606e-01 6.017266724041545611e-01 6.034243139684259960e-01 6.024721665847627694e-01 5.904449631956337763e-01 6.056952944533525729e-01 6.059216351490209762e-01 6.059863975847851192e-01 6.043285069553523403e-01 5.965321629368341982e-01 6.006844649782914214e-01 5.982781151184787261e-01 5.924649857152077814e-01 5.954059001654575800e-01 6.036089786110365729e-01 6.057935809601182608e-01 5.998981130807510276e-01 6.003025903252882101e-01 6.041201732095736743e-01 6.018743267049602164e-01 5.948307777864649815e-01 5.990300565408459565e-01 5.971977497422282788e-01 5.973951147972981213e-01 6.000157616821771844e-01 6.000274345006725296e-01 6.023775387912455592e-01 5.967393612185978302e-01 6.010578270720130512e-01 6.000088405790063861e-01 5.972180018315192962e-01
4.313392534138780349e-02 1.547374144924822115e-01 2.913219866731970864e-01 5.544532909867088133e-01 4.799947834580669537e-01 5.181923465669038276e-01 1.000000000000000000e+00 7.241851917134682903e-01 7.333549542149113698e-01 6.684470267106551455e-01 7.233439539148086572e-01 7.868458030605823827e-01 7.349399421691538148e-01 6.817676441949506172e-01 8.312869414001627932e-01 7.958601797425006730e-01 7.325946306833430732e-01 5.177229578783327790e-01 5.731065234318954982e-01 4.849003388761570776e-01 4.911755584572087274e-01 5.475364155540958233e-01 6.046536001339064548e-01 5.736490346527900464e-01 5.814074386280687623e-01 7.086534152794307095e-01 7.293563327980414623e-01 7.367192256069086120e-01 6.420602198073930289e-01 6.386936956653491704e-01 7.146429576623043456e-01 7.751362188939404652e-01 7.288756325232235156e-01 7.541963573471309745e-01 7.311610909604144837e-01 7.350269177711327151e-01 7.289425421281958695e-01 7.894399264469967870e-01 7.990782552110740067e-01 7.814392914930787803e-01 7.910311057720077477e-01 7.996763434684724947e-01 7.864563019489120288e-01 8.071807438267666335e-01 7.879545732676916936e-01 8.009133667339255469e-01 7.986539814932938075e-01 7.959848220810591402e-01 7.973227860984005710e-01 7.952388551276959872e-01 8.039854976062983383e-01 7.993059739951755560e-01 8.027510283088962195e-01 7.902457862304497205e-01 7.858470150843004376e-01 7.667407061988091854e-01 8.040853478150320477e-01 7.970727557006485053e-01 8.081482756753181063e-01 8.079274403359081314e-01 8.113899937338775459e-01 8.127225424854076508e-01 8.144973982368680643e-01 8.148057046523560221e-01 7.914083882184921315e-01 8.104184802053400194e-01 8.013855769804756335e-01 7.788156127184000521e-01 8.012569850020315743e-01 7.728483259371606851e-01 7.567578538215992134e-01 7.676092213884800897e-01 7.835789493571633235e-01 7.631650973167607432e-01 7.968146017854027541e-01 7.972532253040500727e-01 7.958847310992083202e-01 7.779716143475413626e-01 7.922287096841358345e-01 7.701849566231794286e-01 7.847636114368423677e-01 7.870768879890954750e-01 8.043358618737508348e-01 7.845998969784719890e-01 8.033741583954090437e-01 8.053044647999019201e-01 7.943999866819804190e-01 8.116697541046781206e-01 8.061868937258271917e-01 7.941889352269835278e-01 8.091304738847110434e-01 8.062229905053810430e-01 8.042058241831692156e-01 8.063838567460456241e-01 8.029637712339869893e-01 8.041963744379750922e-01 7.886177670007122886e-01 8.042381020754063581e-01 8.031957591756043735e-01 8.055181960427026944e-01 8.026889638090181078e-01 8.109907609991395816e-01 8.061081267703822384e-01 8.085382716779117018e-01 8.061640538690604263e-01 8.027811297046626438e-01 8.068047130123877642e-01 8.001619675580717850e-01 8.008535453713867547e-01 8.071736326439834519e-01 8.063036122756312984e-01 8.107303967085632834e-01 8.077383227807566346e-01 8.071164464360700563e-01 8.014818408722423904e-01 8.068066585368827148e-01
2.574616553078595479e-02 1.277461615689612362e-01 2.908364135905541770e-01 5.189381785076948583e-01 4.589243697156447643e-01 4.881004473607483130e-01 7.241851917134682903e-01 1.000000000000000000e+00 7.152982933878886396e-01 6.279715412241806405e-01 7.078849061285623634e-01 7.584220218358512788e-01 7.151644766206969317e-01 6.813375931202720892e-01 7.969364442524097258e-01 7.815117845950227959e-01 6.995732379993764294e-01 5.069428064597085726e-01 5.719270388862733867e-01 4.513414833809293314e-01 4.884859241675917341e-01 5.398898482453607928e-01 5.696501627082561914e-01 5.657339854826199943e-01 5.668091812845970079e-01 6.836712540020294382e-01 7.017001477199552584e-01 7.143415632903058476e-01 6.101183340730232940e-01 6.193013091199823794e-01 6.866521564593749405e-01 7.535644090484715507e-01 7.024992476517722961e-01 7.337105225864027913e-01 7.063264799061472754e-01 7.233907800849994629e-01 7.127548404240025004e-01 7.748740598759641385e-01 7.784962459531545864e-01 7.605311995061871944e-01 7.761802755780204954e-01 7.874061351283094812e-01 7.705795086272723138e-01 7.937179742852622510e-01 7.634099445814502838e-01 7.807364852449931725e-01 7.917457030955742381e-01 7.921336287771629792e-01 7.876449830555516396e-01 7.722917464691866352e-01 7.853721666970628901e-01 7.769356097415287543e-01 7.871703096109169406e-01 7.796345074987163226e-01 7.743046477722576038e-01 7.551890298464567497e-01 7.853439404961706227e-01 7.910396603119023151e-01 7.879467165835194464e-01 7.923084072237289721e-01 7.966480943553000404e-01 7.954468860117395179e-01 7.914689336888286464e-01 7.991888959364317202e-01 7.764223802539100827e-01 7.920049475360424474e-01 7.908079031350253585e-01 7.683586910355381105e-01 7.816242453390165323e-01 7.532223930493033848e-01 7.448641792209812484e-01 7.609963658273131148e-01 7.691206829631980213e-01 7.511772953572358746e-01 7.822040175855968780e-01 7.813376344960785147e-01 7.797256708242588097e-01 7.590324428230819098e-01 7.754306152046832601e-01 7.548226367397283809e-01 7.687364837575606513e-01 7.743382785011517777e-01 7.870217966499168938e-01 7.764886639365621290e-01 7.905452319874237688e-01 7.901435721364040710e-01 7.821672438528525229e-01 7.982320523289914149e-01 7.959128603337519703e-01 7.814029902401270489e-01 7.911795310381339874e-01 7.960083532948402096e-01 7.903781118308763620e-01 7.945953642787053628e-01 7.942036147070039576e-01 7.937288802800930299e-01 7.870696240261544352e-01 7.898689122849932298e-01 7.968712736490231041e-01 7.956827428934987179e-01 7.957547420704398355e-01 7.991740674323997151e-01 7.969631837189470325e-01 7.991914533136985632e-01 7.962858387970060958e-01 7.906119087290872649e-01 7.967107673370734666e-01 7.891577059031599228e-01 7.911703354003385424e-01 7.979884493726906447e-01 7.944535074801748475e-01 7.984997043282791029e-01 7.969355919592968629e-01 7.980630434420593611e-01 7.898225933706034541e-01 7.944815609889753771e-01
1.254160621305413226e-01 1.740011661383709662e-01 3.645245708429301068e-01 5.592872064881733163e-01 4.451031580124350517e-01 5.455617771353633572e-01 7.333549542149113698e-01 7.152982933878886396e-01 1.000000000000000000e+00 7.527507022518109547e-01 8.011270299090788027e-01 8.248705299071372732e-01 7.712522662089832393e-01 7.529842357837970290e-01 8.487705228189842410e-01 8.198969219211295067e-01 8.199462017139077519e-01 6.552511661803631648e-01 7.189193569532170702e-01 5.365483063802339858e-01 6.078910218382362896e-01 6.882870317011320349e-01 6.929470019195347330e-01 6.900659589791462434e-01 7.186229049465521213e-01 8.167945144358980114e-01 8.346919076609948807e-01 8.477632327746654761e-01 7.651090435142088308e-01 7.769852697534694874e-01 8.338303525690000662e-01 8.588368959572649786e-01 8.055573795544319626e-01 8.280493063457915470e-01 8.181121254491012795e-01 8.328280965388171753e-01 8.449700668765662837e-01 8.687529967030906963e-01 8.759894077646332988e-01 8.589826293005122793e-01 8.808115516943045842e-01 8.781506334043861495e-01 8.587659007744449235e-01 8.845572584365182234e-01 8.733606963217744878e-01 8.772739435836425237e-01 8.781485335291157046e-01 8.848076715328360153e-01 8.798875052362111759e-01 8.466026278902654134e-01 8.684745470657982969e-01 8.314346632347945354e-01 8.610160416288328289e-01 8.793360297030208272e-01 8.725047322852448328e-01 8.688401111152019851e-01 8.680089276652173114e-01 8.811803307088789117e-01 8.799116919098609602e-01 8.863355323475833325e-01 8.836434631928206107e-01 8.815438243202554647e-01 8.709274761603014170e-01 8.814636103352353480e-01 8.832304147417447959e-01 8.821461028461258236e-01 8.875060824230577294e-01 8.818613570145602543e-01 8.813525789006918520e-01 8.544545096702549358e-01 8.540863779104458375e-01 8.779274985901852624e-01 8.710627785682039104e-01 8.653422645976328598e-01 8.872069073223352031e-01 8.868013722221775863e-01 8.884643980614056469e-01 8.798997044965991554e-01 8.795634716812489318e-01 8.789849768018024312e-01 8.842517162133334274e-01 8.865384487053378226e-01 8.858519147741635846e-01 8.751546784845165572e-01 8.739340748851385232e-01 8.815399886075555580e-01 8.861848602138464592e-01 8.829166950178958251e-01 8.838975887034509205e-01 8.857258006127637362e-01 8.811219771701875869e-01 8.847559531161085511e-01 8.864270188128301475e-01 8.843051287058030230e-01 8.797322205510529347e-01 8.819842565861583106e-01 8.639833821070054265e-01 8.761572945076224750e-01 8.797313915513437221e-01 8.805165990781131935e-01 8.801305768756707559e-01 8.779258613863933913e-01 8.793842005509506787e-01 8.817807918050309945e-01 8.831464075034208827e-01 8.750030803335170360e-01 8.832118857743618268e-01 8.823024036587073793e-01 8.852004034573083269e-01 8.837544820758972408e-01 8.832236974983835864e-01 8.847722978030331253e-01 8.783998277165887547e-01 8.843577662371467918e-01 8.857384765188160980e-01 8.822590213155044880e-01
1.487215446993910284e-01 2.085091992633611446e-01 3.905745290818836146e-01 5.087091605599955990e-01 4.080258898306246551e-01 5.022177610404374715e-01 6.684470267106551455e-01 6.279715412241806405e-01 7.527507022518109547e-01 1.000000000000000000e+00 7.340043708943269074e-01 7.521889140472725055e-01 6.927532676465858463e-01 6.584122063413321291e-01 7.557648285490936590e-01 7.222906142405768337e-01 7.432311103176472145e-01 6.094458143736496414e-01 6.861622384411162345e-01 4.837522490524921448e-01 5.667580218979194617e-01 6.737377488990365926e-01 6.670711188933889924e-01 6.526848198481114416e-01 7.017558651658485358e-01 7.992539700908087852e-01 8.109351165463229982e-01 8.190747346624553948e-01 7.742707607722402186e-01 7.912850665665273064e-01 8.225187821533803678e-01 7.861602028454607316e-01 7.962560504292502950e-01 7.724267995595127667e-01 7.911658169256825524e-01 7.775567303976507194e-01 8.127759996085596184e-01 8.173941271230735772e-01 8.196875529315064135e-01 8.196448522022976579e-01 8.111705539501730122e-01 8.122921969940082310e-01 8.013639458836741003e-01 8.075500067591047104e-01 8.220024077139197471e-01 8.194499700759347860e-01 7.858894780623277843e-01 7.941036828976820727e-01 7.843304519386339324e-01 7.782139446981061193e-01 7.989559411047645332e-01 7.497921919682054570e-01 7.788451398631764944e-01 7.955224689470377086e-01 7.952055470350256616e-01 7.963996329372172722e-01 7.812336418324239418e-01 8.001909043100011720e-01 8.071481133404870834e-01 7.999177681906234350e-01 7.934662037427695491e-01 7.974411242734373850e-01 7.934998481739723442e-01 7.913935112494951962e-01 8.021407723979728788e-01 7.955707120416172229e-01 7.947177004748154916e-01 8.030984775221812200e-01 7.985679482654585160e-01 7.646775272051206107e-01 7.829283251440318780e-01 8.082385732811213641e-01 7.875246683237872025e-01 7.963722240558922527e-01 8.174617824514002207e-01 8.134888792102925592e-01 8.188877826953753214e-01 8.217192090987706088e-01 8.164319713980922044e-01 8.168355810997643962e-01 8.191036600135885859e-01 8.195970760087507578e-01 8.002242569782682668e-01 7.981284476261198968e-01 7.917757840821469939e-01 7.997856963634575322e-01 8.144397319802166857e-01 7.970209095122624543e-01 7.994832868430848949e-01 8.044729016518805675e-01 8.074269033019928488e-01 7.999747202029517945e-01 8.041682516843691175e-01 8.012101787913028517e-01 7.872975534505750606e-01 7.894473509947184109e-01 7.728083057967205516e-01 7.859877010202606096e-01 7.833592787179616268e-01 7.965804884194831459e-01 7.930801597617421761e-01 7.868833151759565547e-01 7.853114189419501123e-01 7.912023199633074766e-01 7.921611247102854358e-01 7.846893990113427142e-01 7.900051070371361117e-01 7.935159913489235883e-01 7.997374024265304637e-01 7.934151970358415129e-01 7.997140714725124999e-01 7.941075917911872839e-01 7.875690392007081986e-01 7.864417785364291591e-01 7.932812496958997484e-01 7.886239777159127495e-01
9.177296538828129402e-02 1.495445522884378819e-01 3.965898400051018902e-01 5.784281601356822122e-01 4.450877387161761289e-01 5.421003457088550137e-01 7.233439539148086572e-01 7.078849061285623634e-01 8.011270299090788027e-01 7.340043708943269074e-01 1.000000000000000000e+00 8.572299090372473840e-01 7.650944111483386489e-01 7.484238043944000385e-01 8.433774437720052974e-01 8.173674522796994246e-01 7.932907770927993818e-01 6.664099529512126363e-01 7.362170636672724644e-01 5.573142444635770243e-01 6.518992844335945724e-01 7.138363521694450764e-01 6.984138848563954394e-01 7.062607014998697474e-01 7.333391234676360781e-01 8.254553747032047362e-01 8.429640789372947474e-01 8.432105551714998981e-01 7.761987993912424777e-01 7.829083580737283832e-01 8.313065385823159570e-01 8.529808173604273014e-01 8.126620092189604794e-01 8.264415781638908554e-01 8.207117091086040261e-01 8.253405740433321647e-01 8.437482689951915082e-01 8.681121824688013966e-01 8.706819857672168927e-01 8.610374741067200466e-01 8.779517595511392436e-01 8.741632367355994804e-01 8.514258407709167642e-01 8.764775739136094757e-01 8.698147057237678448e-01 8.781908349927265434e-01 8.771355647568248592e-01 8.800179713176915497e-01 8.701212530417964386e-01 8.485498894595695507e-01 8.641514486494489278e-01 8.291562526328596361e-01 8.648027222512741918e-01 8.757265933774294187e-01 8.714100470870078663e-01 8.596209464124555666e-01 8.645370379116705806e-01 8.812686937661067255e-01 8.765300047549210438e-01 8.813437373191064239e-01 8.807066040425406417e-01 8.778418097153433131e-01 8.744586779768067641e-01 8.742248773578487064e-01 8.785345421610488703e-01 8.797078524536918742e-01 8.825936839468849771e-01 8.843718105246869410e-01 8.798921986324071964e-01 8.608006582825712405e-01 8.752160078844734015e-01 8.878950838336804319e-01 8.739347510377034611e-01 8.769081772504215833e-01 8.936967500931901620e-01 8.915131978508644695e-01 8.888713770394577329e-01 8.843836888347620384e-01 8.872612791161041956e-01 8.797379893321428668e-01 8.832648467915468204e-01 8.897289773488561426e-01 8.814281553621807763e-01 8.765622889018138686e-01 8.777737253298546483e-01 8.827731499142712490e-01 8.875021315403648359e-01 8.840166995065739108e-01 8.832293665583390574e-01 8.813444215810737337e-01 8.865967112726504951e-01 8.835811329592259122e-01 8.851248598517678090e-01 8.846541959784820497e-01 8.798421362871559070e-01 8.808014988439866189e-01 8.667559506400813740e-01 8.718615563228659937e-01 8.787662567144375325e-01 8.804145515527702637e-01 8.795229612772388350e-01 8.772487321667787885e-01 8.787320968228211626e-01 8.801448511780860517e-01 8.826877772285079971e-01 8.785733759793687980e-01 8.802016982318429106e-01 8.815668258864799434e-01 8.837482504870168842e-01 8.836958806602863703e-01 8.840270900089223227e-01 8.830415096010937326e-01 8.792943018718423209e-01 8.805256464112811710e-01 8.829954617377248072e-01 8.821579254641170875e-01
2.648254617931928233e-04 1.432129758461444524e-01 3.609307236495266635e-01 6.602343914349869669e-01 4.722689028860374005e-01 5.816968681424060650e-01 7.868458030605823827e-01 7.584220218358512788e-01 8.248705299071372732e-01 7.521889140472725055e-01 8.572299090372473840e-01 1.000000000000000000e+00 8.259085100730073625e-01 8.009927775921817927e-01 9.136072255185612168e-01 8.896050968522564162e-01 8.275514792578992918e-01 6.187831996752574115e-01 7.132064310163831466e-01 5.508418531686630759e-01 6.238797069889817637e-01 6.901627622044514965e-01 6.712100584675068093e-01 6.765438514248603985e-01 7.173006443081858530e-01 8.060333681159668195e-01 8.568269300747917150e-01 8.544342560046007673e-01 7.547622019596894605e-01 7.692558353507170654e-01 8.436103035068259759e-01 8.721317523539678929e-01 8.216819433366184811e-01 8.510287347299665406e-01 8.426373917767147059e-01 8.537889715263232704e-01 8.622199023760800385e-01 8.916010992751145503e-01 9.155914385213447249e-01 8.901616388866450125e-01 9.170407958210756716e-01 9.202281345089987630e-01 8.922764230281692299e-01 9.293809043893923594e-01 9.088762515337238668e-01 9.245368518711101213e-01 9.331040428263975839e-01 9.296570021917686111e-01 9.173375223289179647e-01 8.992046766815482428e-01 9.113699562990039693e-01 9.067599481931385430e-01 9.288428248096493034e-01 9.145383762963241736e-01 9.014885871197786393e-01 8.796290426226625048e-01 9.182404082832950065e-01 9.282955773163255042e-01 9.238859104310039871e-01 9.395893976228492095e-01 9.386446939114582166e-01 9.333422044487976743e-01 9.269957432638076256e-01 9.348214770828207065e-01 9.247515002523265526e-01 9.339399023476236961e-01 9.309840030771341368e-01 9.118599214268274800e-01 9.170332470798495672e-01 9.035674658421734007e-01 9.130800114351765862e-01 9.204767610002055900e-01 9.039429080086385238e-01 9.077965349101498882e-01 9.296815897159435016e-01 9.368774018246220914e-01 9.282957683666932525e-01 9.165756957090402945e-01 9.293605254954525607e-01 9.082664231637087582e-01 9.199871212909012108e-01 9.291083802359763055e-01 9.227322844662283474e-01 9.112509572526894530e-01 9.238019476137514507e-01 9.279559061164776024e-01 9.302769321805963720e-01 9.348216966124466287e-01 9.353477006778411207e-01 9.183295942006387547e-01 9.311951285647284138e-01 9.372053865435534536e-01 9.367805810036707870e-01 9.384586099113192414e-01 9.389928100162765467e-01 9.394050896098354864e-01 9.192635628479840504e-01 9.286149398353531481e-01 9.344762874769833028e-01 9.302024736404824745e-01 9.317023513079517594e-01 9.401524106778251788e-01 9.399743618510119081e-01 9.414176352957632776e-01 9.381814118875599906e-01 9.344124663053522406e-01 9.367588081634968811e-01 9.310009677880602963e-01 9.289480938034501145e-01 9.405623569704683051e-01 9.357439701327012749e-01 9.424648123023157131e-01 9.388885280917742548e-01 9.388713260705571217e-01 9.379697587279506310e-01 9.403595226795258277e-01
6.579728020831574278e-03 1.566585770187969573e-01 2.896765565856839753e-01 5.610309420262147295e-01 4.815132758504264143e-01 5.137680501765937713e-01 7.349399421691538148e-01 7.151644766206969317e-01 7.712522662089832393e-01 6.927532676465858463e-01 7.650944111483386489e-01 8.259085100730073625e-01 1.000000000000000000e+00 7.311668554154697741e-01 8.448861286498751122e-01 8.301499533265819242e-01 7.654263124640524607e-01 5.419842468078074349e-01 6.194271492280220004e-01 4.878644892635362051e-01 5.301993572849137415e-01 5.927391068273432095e-01 6.066495946693299945e-01 5.981602024850504185e-01 6.250670752258656870e-01 7.363451559781689637e-01 7.630545119310381263e-01 7.767170197100935480e-01 6.694891420123433301e-01 6.788988508368243302e-01 7.582978172101204617e-01 8.007084105742954261e-01 7.419978335554330284e-01 7.778326014072771688e-01 7.554172830059926458e-01 7.734197303942407231e-01 7.768166658817233783e-01 8.168671678638175226e-01 8.368040086163317515e-01 8.112773395735766169e-01 8.383526301795920510e-01 8.426885090722209259e-01 8.184204390278276842e-01 8.540130741717858465e-01 8.252534430933670118e-01 8.464085464218646937e-01 8.585294781367526218e-01 8.557058469672788048e-01 8.478871508646984578e-01 8.233731757961787467e-01 8.396500946752348815e-01 8.277964848348715599e-01 8.514501906809901488e-01 8.393866216059994168e-01 8.252153621535148753e-01 8.073767673003926504e-01 8.349150620146922330e-01 8.492851408865043084e-01 8.499354932044428379e-01 8.629998288741063117e-01 8.625170949030399603e-01 8.575072423618252948e-01 8.477879892992979949e-01 8.570767801129388630e-01 8.436324983182705850e-01 8.523622298684760956e-01 8.561460800894589163e-01 8.290263327181265351e-01 8.422016256813816826e-01 8.207605715283848857e-01 8.146341025386285573e-01 8.291968674241710913e-01 8.258440213582095568e-01 8.140302043167424451e-01 8.497042374626109229e-01 8.521649571159128911e-01 8.471875313713849165e-01 8.305962221920991650e-01 8.456693988370856951e-01 8.215828675442322648e-01 8.343895403024962354e-01 8.454204655994432827e-01 8.463727416500738121e-01 8.317737406961667190e-01 8.477584185978276343e-01 8.509960622549310738e-01 8.469302298029872667e-01 8.610594691435220494e-01 8.572176529385094890e-01 8.418010659541388385e-01 8.545794182028368935e-01 8.606002119139803952e-01 8.573728316907458513e-01 8.613267092058551899e-01 8.629686405606284971e-01 8.625082435984019469e-01 8.423215780381977380e-01 8.509105150083888791e-01 8.598269759123977618e-01 8.578401260400712047e-01 8.545278544313479330e-01 8.608201896728229219e-01 8.606375550459726131e-01 8.663023683521088314e-01 8.576193604653161717e-01 8.495244751108861347e-01 8.611796633637118781e-01 8.575248179862569042e-01 8.536769106088618608e-01 8.635515591353635223e-01 8.589969633774298119e-01 8.663361114918715078e-01 8.598246112050930146e-01 8.606350174069828940e-01 8.575989111628466999e-01 8.606722745464467916e-01
