1.000000000000000000e+00 1.034642440791299911e-01 1.295787164406454472e-01 7.524598579843923274e-02 -2.749354849511243676e-02 1.508452363484904038e-02 1.210387234841065786e-02 -3.929690289252681795e-02 7.811424943564904133e-02 2.718630631874174169e-02 6.419156281717300350e-02 -1.530300511926474365e-03 -1.061137083597324914e-02 -2.470460546962204365e-02 -2.535414078387987838e-02 -3.724097312492588661e-03 1.003321730824115188e-01 2.409636024242113317e-01 1.941185661398160123e-01 1.336621778364282809e-01 1.822609276954512136e-01 1.814845971077265752e-01 1.194538934176914563e-01 2.080399881980602717e-01 1.852912180791932151e-01 1.280511885400120731e-01 1.314926296502521574e-01 1.430284195433696726e-01 1.915251661846524289e-01 1.266114071581918576e-01 1.393574556848769519e-01 6.920839936727707364e-02 9.788288516185636445e-02 7.674244221042875180e-02 8.465503944004570958e-02 2.946252703471626683e-02 9.624878684078104485e-02 2.850152097980009763e-02 6.276639900879590894e-02 1.021540374578525957e-02 4.584964352689054057e-02 1.613092767464505140e-02 6.432343172758354585e-03 3.865476544188919256e-02 4.832950135485019477e-02 5.406249883628489600e-02 1.484758657162775150e-02 1.479758639940154281e-02 -9.946116134249777599e-03 -2.022210826702626040e-03 8.098237097277246471e-03 3.179654780134556075e-02 -6.182949267671661829e-03 3.668673116679385671e-02 4.670973160047393880e-02 4.491149938520012236e-02 2.196940770198954965e-02 1.493576693859524282e-02 1.697175416021080158e-02 3.010959470730106835e-02 1.260052455617308425e-03 1.912098156538514365e-02 4.135892561921913901e-03 1.227366342834815618e-02 5.654075631868418078e-02 2.519085297432780562e-02 3.642632295258097647e-02 8.541920190773523436e-02 7.008283825639054221e-02 7.055557128197699479e-02 7.491538247629565828e-02 7.791689146418034895e-02 8.806706485250326288e-02 8.581912802460678336e-02 6.009065476248202919e-02 6.047889980934145759e-02 7.362390555504447209e-02 9.498797370101817739e-02 6.957543443539464245e-02 5.524362085369378256e-02 6.567319757083034393e-02 5.096522743077858131e-02 4.536174129076204348e-02 6.840960541430715636e-02 1.701557364390033147e-02 4.142197122685490479e-02 3.741133360442538969e-02 1.184433949772891771e-02 2.748822658285308973e-02 4.937336982424397891e-02 2.148947038645708865e-02 1.950872336149777481e-02 2.061720373809093967e-02 2.610772601838036444e-02 1.494232474257815163e-03 1.062555627082117926e-02 -2.497281647646216671e-02 -7.249119158007472606e-03 1.894357996158935664e-03 -1.547017662088372766e-03 -3.153733983917669272e-03 -3.035718228218115163e-03 2.195104146976784715e-03 1.214866215148171190e-03 1.281186363694644323e-02 1.332680610811688877e-02 6.142542881304199724e-03 2.549450014760431399e-02 2.746654582431253683e-02 9.859139953591590511e-03 6.681030165512804112e-03 1.306156411561642389e-02 8.684693104119310669e-03 9.702307500815469249e-03 3.804377675276786330e-02 1.835094407043121392e-02
1.034642440791299911e-01 1.000000000000000000e+00 8.050333241895067660e-02 7.345415401708668690e-02 7.363295138066763834e-02 7.832716138041932730e-02 1.263508484110966168e-01 6.806539264014919988e-02 1.573948794997373501e-01 1.287111996692811011e-01 1.189579479919980476e-01 1.109323277352620429e-01 9.957213461166677937e-02 1.009494162202108358e-01 1.164429055422245979e-01 1.146518550378204659e-01 1.288790854187221724e-01 1.844791330508565863e-01 1.612402385879793676e-01 1.363545959530864105e-01 1.468794278957605559e-01 1.579631272182136503e-01 1.817928394207248000e-01 1.829414102406902998e-01 1.764326853841730880e-01 1.600715926223280350e-01 1.578393975538841254e-01 1.558891529989984426e-01 1.719695579118559747e-01 1.568574116884920988e-01 1.676256287125209299e-01 1.521985593267372039e-01 1.493181649421704837e-01 1.515811802772528138e-01 1.432919226764212683e-01 1.338141805676298923e-01 1.578377884423832755e-01 1.458463184241160226e-01 1.498514852699010802e-01 1.314770927121980959e-01 1.526367304011940762e-01 1.357557463787208152e-01 1.322477843804507058e-01 1.375492213275137654e-01 1.402903107136740102e-01 1.513960948654561323e-01 1.331798658103222066e-01 1.409503035317482833e-01 1.240840424923175256e-01 1.123219012128439664e-01 1.300974084340484338e-01 1.111633237076845721e-01 1.129186546057309171e-01 1.440981483378437900e-01 1.447296855001437565e-01 1.487156215038056006e-01 1.301022259453180341e-01 1.354754310598595690e-01 1.356450102754137854e-01 1.379850834423940742e-01 1.297256706554595074e-01 1.374166337890622425e-01 1.360242086361303504e-01 1.335561634335197811e-01 1.383003568635520486e-01 1.311480361028366515e-01 1.371792782011820588e-01 1.591501777021957775e-01 1.567208944688989469e-01 1.505251156580209582e-01 1.533763860410462809e-01 1.469263068661470217e-01 1.662234086403685251e-01 1.598854251093702328e-01 1.473423622195474403e-01 1.460389692915317894e-01 1.501057305386083729e-01 1.553632982223444592e-01 1.499113798217829585e-01 1.454932700706242366e-01 1.493842877272774650e-01 1.512112269438173062e-01 1.488061320984643277e-01 1.438330965165534880e-01 1.295484969152238819e-01 1.428933058503872588e-01 1.444759493670924599e-01 1.374757182554706691e-01 1.423818823018358493e-01 1.415806451434636903e-01 1.376453918402209542e-01 1.380317799960290859e-01 1.365972505982693819e-01 1.410446597763623522e-01 1.316400075313313711e-01 1.352835848411407527e-01 1.088655681881360721e-01 1.157639637807465899e-01 1.305566624211957905e-01 1.303720006996504921e-01 1.286897045630490677e-01 1.299554749346330529e-01 1.249492393604414303e-01 1.302176966470962871e-01 1.294286798962429319e-01 1.352289307637267457e-01 1.287882820612465673e-01 1.383708369906318791e-01 1.394023529416359430e-01 1.337891967976302665e-01 1.340905300427496227e-01 1.362502153722180420e-01 1.351889850085931377e-01 1.312490411591616113e-01 1.387143369684796790e-01 1.327962280370988957e-01
1.295787164406454472e-01 8.050333241895067660e-02 1.000000000000000000e+00 2.373009942722826837e-01 8.592206233687957329e-02 1.407904524467069318e-01 2.149275971503855909e-01 1.319190554093132850e-01 2.673099931669935536e-01 1.845410215837214873e-01 2.963464327945768417e-01 2.556598460644660120e-01 1.917493983653819345e-01 2.117604528432304178e-01 2.271960899628089614e-01 2.246215098255492093e-01 2.848600609607152001e-01 3.251809753775735112e-01 3.308904724869657921e-01 2.692131272454807989e-01 3.178346043927861020e-01 3.428607360716602326e-01 2.923670050186056302e-01 3.210081089511861441e-01 3.400504999693444441e-01 3.281752068714371418e-01 3.117939361945116228e-01 3.121563752535422287e-01 3.303230583095658757e-01 3.287630309897545677e-01 3.406734951833848557e-01 2.809779177772368519e-01 2.882284418641875012e-01 2.875275162210643720e-01 2.828996173950542037e-01 2.874895277809284000e-01 3.053098150502028263e-01 2.659364190829324182e-01 2.860777268516691563e-01 2.656391326746884718e-01 2.679777673957534079e-01 2.588988397310061362e-01 2.687949027634939925e-01 2.788975055721089058e-01 2.848732311810021622e-01 2.908020511414634579e-01 2.585830929320964144e-01 2.636614722762733454e-01 2.485100212008396758e-01 2.517315343416995921e-01 2.684785961839187274e-01 2.759381360610685952e-01 2.484642482044657763e-01 2.739872876100971077e-01 2.709616491185312115e-01 2.881640354179933472e-01 2.660445524237807224e-01 2.526848142873089342e-01 2.613571052084289748e-01 2.734465462020501669e-01 2.595559741859261305e-01 2.630037648123410010e-01 2.622424261494613607e-01 2.631776459045435113e-01 2.946486820292985032e-01 2.646576760904828518e-01 2.707781053807570837e-01 3.021528184821448137e-01 2.884146528432204315e-01 2.896975105135299322e-01 3.055290233490831620e-01 3.029811125100953517e-01 2.946787611379756422e-01 3.063967137508817884e-01 2.885750184340071245e-01 2.882221158450044007e-01 2.862927487928954573e-01 2.945682725626308507e-01 2.861764491995981707e-01 2.863099819349705921e-01 2.875148079555432390e-01 2.974210808438636500e-01 2.855233706344846856e-01 2.804654591631670635e-01 2.599094123925169142e-01 2.743297740418949582e-01 2.835479627865883923e-01 2.621022696792884576e-01 2.700934588363329558e-01 2.838217879030710544e-01 2.693979257491036505e-01 2.653463305721781018e-01 2.719014146168243218e-01 2.732618638835804248e-01 2.585424194564555633e-01 2.602710383334027600e-01 2.381427379664969590e-01 2.452845086156013044e-01 2.523440486862568721e-01 2.548695645193082560e-01 2.597647558545576607e-01 2.519256433260162464e-01 2.609396030738512784e-01 2.546098247665063430e-01 2.708216325733872609e-01 2.599062507189610627e-01 2.544537049997213085e-01 2.680298744963032775e-01 2.761059985851344600e-01 2.582719535034224134e-01 2.612977363402222419e-01 2.629110118668320228e-01 2.600323106989400057e-01 2.586775677414990260e-01 2.831998069778072225e-01 2.630286688681007790e-01
7.524598579843923274e-02 7.345415401708668690e-02 2.373009942722826837e-01 1.000000000000000000e+00 2.098833487082313598e-01 2.330367157782861076e-01 4.202240375655080795e-01 3.446344921080254364e-01 4.499504951954902410e-01 3.423686502869077719e-01 4.337303177513573416e-01 5.029471493800528048e-01 4.020090412903082333e-01 3.873159061128701453e-01 4.434341965796451124e-01 4.721091264518011421e-01 4.809882647550105528e-01 4.434159435900074664e-01 4.485169386247048751e-01 4.720116449291719696e-01 4.519600729683527773e-01 4.640763571794204734e-01 4.760872549246510377e-01 4.735982082034266294e-01 4.848571218751429601e-01 5.067772051887001750e-01 5.001043677606062943e-01 5.009923263537447991e-01 4.619810900107216289e-01 5.149501316563965814e-01 5.297061087328847062e-01 4.987252944393354981e-01 4.854717858834379784e-01 4.792879315649149485e-01 4.820916174754928951e-01 5.036359604175951743e-01 5.153504523925227510e-01 4.884158029363814824e-01 5.090484603179186163e-01 4.977262973960274728e-01 4.995498960472994354e-01 4.920264170109815427e-01 4.828896350730456644e-01 5.098518522360154792e-01 5.185287719090980740e-01 5.014155354641216533e-01 4.937139487675396565e-01 4.900085858013842888e-01 4.880721758633380092e-01 4.949608889542265744e-01 4.983705378038159606e-01 5.302518740713529910e-01 5.004553381200753659e-01 4.959598396745816262e-01 4.898630911160146151e-01 5.031234409737547209e-01 5.106721404112319895e-01 4.929299294674965304e-01 4.950992236962454829e-01 5.046858359563500818e-01 5.033521269602462267e-01 4.962778803567674535e-01 4.906766858873713444e-01 5.001982689056214682e-01 5.193426154034689324e-01 5.140213788217206092e-01 4.920138858788179470e-01 5.076356980605818414e-01 5.027328846829721698e-01 5.092438085637894796e-01 5.132742649546278013e-01 5.151078396873516319e-01 5.079442189690677179e-01 5.165357332316798944e-01 5.116198757421659415e-01 5.127225192883566596e-01 5.029092060647755158e-01 4.926060573090997874e-01 5.118315842316719655e-01 5.085406716881034628e-01 5.113490577100266998e-01 5.083477478580255005e-01 5.131655063625518709e-01 5.001966426884618677e-01 4.908205641522330187e-01 4.982711926440305805e-01 5.080052892263865472e-01 4.906130101138506672e-01 4.986599576970914827e-01 5.031040515735770713e-01 5.075117217059119668e-01 5.031744418681965980e-01 5.067415710354681302e-01 5.026141606607790191e-01 4.899062364904709366e-01 4.895351317728851570e-01 4.921574075473734156e-01 4.984994511041795917e-01 4.926096365792898002e-01 4.915991499758380900e-01 4.975943662108490151e-01 4.935802924465509944e-01 5.033564452378279652e-01 4.939974799637301683e-01 5.119803637098389038e-01 5.005273141898887168e-01 4.916072835230204663e-01 4.948186550763092884e-01 4.960581602991535610e-01 4.956654372659080043e-01 4.895178168195682966e-01 4.981536975843324777e-01 4.924663960152081965e-01 4.952541131435917454e-01 5.146002976282267882e-01 5.035979565216858189e-01
-2.749354849511243676e-02 7.363295138066763834e-02 8.592206233687957329e-02 2.098833487082313598e-01 1.000000000000000000e+00 2.106094241723990845e-01 3.555051502381410544e-01 3.457390732033621128e-01 3.601231500825358700e-01 3.054087760130358431e-01 3.185277125624478844e-01 3.944226298035413691e-01 3.408047057330156893e-01 3.114764110558170818e-01 4.067344661874352507e-01 4.052199707351981650e-01 3.395670316795882382e-01 2.525194124148937291e-01 2.682454754468523439e-01 3.252484000646147511e-01 2.627204821114553779e-01 2.647413359679037792e-01 3.304284317770973534e-01 2.872321448960278856e-01 2.747067537524199299e-01 3.464991888857474889e-01 3.497632197547125288e-01 3.472823898555298383e-01 2.974909808464251681e-01 3.506213094469733393e-01 3.329694621882848815e-01 3.895488448646018953e-01 3.538861220056538914e-01 3.760001827632808991e-01 3.687060661438069653e-01 3.813540000235373650e-01 3.760704491087205614e-01 4.070258045835733474e-01 3.878895657945524711e-01 3.938151784395697019e-01 3.941697746778904388e-01 4.058489255130994788e-01 3.982497202866826513e-01 3.960940090970160310e-01 3.923359173589171522e-01 3.950680528104281164e-01 4.091519646544049538e-01 4.055427446626155286e-01 4.119136403811875513e-01 4.058119652693647494e-01 4.071485048433834408e-01 4.054578723750826841e-01 4.151096992167956357e-01 3.996461280674160621e-01 3.950106807190585934e-01 3.944244237727448366e-01 4.038989371184451005e-01 4.033248735264148843e-01 4.011390377691925746e-01 4.057925328071533277e-01 4.126218819119391590e-01 4.059447017988943029e-01 4.022252578969902070e-01 4.122317521022321185e-01 3.934234703880047368e-01 4.085994926668843341e-01 4.038957023466662744e-01 3.901390533190947640e-01 3.946041942542543590e-01 3.972460631452175983e-01 3.846329614030783439e-01 3.854411887219107991e-01 3.898220939551764741e-01 3.834635265662427184e-01 3.920073716651740758e-01 3.912418498286894808e-01 3.895421887750137868e-01 3.743799019198441602e-01 3.858291372054573620e-01 3.933910983244406356e-01 3.960963519639285058e-01 3.874240788837602922e-01 4.039904755761472011e-01 3.911765434662057284e-01 4.121051131472383000e-01 4.031319941711504762e-01 4.032394452950579522e-01 4.101642561583938029e-01 4.056532280882823582e-01 3.952495428701940927e-01 4.038941126303703388e-01 4.069550994253249288e-01 4.086110365931900357e-01 4.026441218272953648e-01 4.105734786851822915e-01 4.094400897639606240e-01 4.150251910259080690e-01 4.113673842227347777e-01 4.115126064942313810e-01 4.107828836056147681e-01 4.132067095121181310e-01 4.116556742513869938e-01 4.150169285894440563e-01 4.176678190688647430e-01 4.148451950026596502e-01 4.101252946415404610e-01 4.113842030102505820e-01 4.060348849116647840e-01 4.010654176943213023e-01 4.112383762214498195e-01 4.059040746760791407e-01 4.113019422583490958e-01 4.101497073799659221e-01 4.107514494938587224e-01 4.025875803001430775e-01 4.136655236768213562e-01
1.508452363484904038e-02 7.832716138041932730e-02 1.407904524467069318e-01 2.330367157782861076e-01 2.106094241723990845e-01 1.000000000000000000e+00 4.129097960706353265e-01 3.545698075111735625e-01 4.012411551466860127e-01 3.510607620185627331e-01 3.887586577353397965e-01 4.318134461871879770e-01 3.755604116625262390e-01 3.625458824007966041e-01 4.476241313555028856e-01 4.394010857166935069e-01 4.007938758979799898e-01 3.184792972252330490e-01 3.633422147243253741e-01 3.554757944582125351e-01 3.220509166969505177e-01 3.713579375329310595e-01 4.091798540142402296e-01 3.702813528454648728e-01 3.768893724417672342e-01 4.504029890785069545e-01 4.339832614238221531e-01 4.342715207582832360e-01 4.145252733546400115e-01 4.271404167873699143e-01 4.361513797699056449e-01 4.512805809188460970e-01 4.304935385966316419e-01 4.366864752765904356e-01 4.375436401602823544e-01 4.567202584955033506e-01 4.472521107128866746e-01 4.592709451379121122e-01 4.578247343831088889e-01 4.576675936471679140e-01 4.737790410997767543e-01 4.677220754716667761e-01 4.666630473664581946e-01 4.746444022092231596e-01 4.635099981821015902e-01 4.656135761377636628e-01 4.674280409181922891e-01 4.763000101709385925e-01 4.667119497369818792e-01 4.518173184521907526e-01 4.654371763900509995e-01 4.528799386952559458e-01 4.519017802290115071e-01 4.715004032353258823e-01 4.650648101636458698e-01 4.661394822796933735e-01 4.601474967429491358e-01 4.717190234027274776e-01 4.680249910663450974e-01 4.691786065051409826e-01 4.652882694154526488e-01 4.713452793205055724e-01 4.704163301292765276e-01 4.688387161509072198e-01 4.575700651641785299e-01 4.630900345584980649e-01 4.696313628041192678e-01 4.608112383112326627e-01 4.660662414790397445e-01 4.583868593961926696e-01 4.534944786376078341e-01 4.624783232327727145e-01 4.583507828587858879e-01 4.587313098139748080e-01 4.700319404318641370e-01 4.699595317581156673e-01 4.676901465463687568e-01 4.654488495290493577e-01 4.668227083631683039e-01 4.648022963781080485e-01 4.614007851476477629e-01 4.704371544406909522e-01 4.677502094997902371e-01 4.563351571111820548e-01 4.673240826727257380e-01 4.690741753027664052e-01 4.723575315274058384e-01 4.744319545153365958e-01 4.710129583096471229e-01 4.715672667273179131e-01 4.669825928390969327e-01 4.759919768953334018e-01 4.741795337498416196e-01 4.753026420311056710e-01 4.741595564745954561e-01 4.734314694311980154e-01 4.651065447116141671e-01 4.609227861098134649e-01 4.720703572404130188e-01 4.708525849343068725e-01 4.722362336143476891e-01 4.696692103149900932e-01 4.702458234981047869e-01 4.742331599604807102e-01 4.694738344116446971e-01 4.636835595944887589e-01 4.715668652349294665e-01 4.737113805163927216e-01 4.738885452953366939e-01 4.742670658567532116e-01 4.751723488430203424e-01 4.731374808456654257e-01 4.734041379316133447e-01 4.723432974004726503e-01 4.672465149799862050e-01 4.701833987536850334e-01
1.210387234841065786e-02 1.263508484110966168e-01 2.149275971503855909e-01 4.202240375655080795e-01 3.555051502381410544e-01 4.129097960706353265e-01 1.000000000000000000e+00 5.727764438112543655e-01 6.561401332588170376e-01 5.766840116020588436e-01 6.299027118974412920e-01 7.158960697525342809e-01 6.150894054554043588e-01 6.149417154295747645e-01 7.449332307577151147e-01 7.122080211864226795e-01 6.476679326811832782e-01 5.162754764421295661e-01 5.818216727717601122e-01 5.616885630167564036e-01 5.232338452327731648e-01 5.823620006940756211e-01 6.610094854070263093e-01 5.883321288996420373e-01 5.941500599105543623e-01 7.067861998219282516e-01 6.960063026068171732e-01 7.079118037847703659e-01 6.481412650080327076e-01 7.019468699485906793e-01 7.151726885276292744e-01 7.304167229629762170e-01 6.963868706265341491e-01 7.086813190579618338e-01 6.983767264322369162e-01 7.358121011727138949e-01 7.258129417746862488e-01 7.511569495953293041e-01 7.533834452778919166e-01 7.497040084036921126e-01 7.581352778022016903e-01 7.634067313387394860e-01 7.542442244007989682e-01 7.604522696738462706e-01 7.585458528398949518e-01 7.571694687282300995e-01 7.624537156106354630e-01 7.634520161589237741e-01 7.613058591563252042e-01 7.351545951378033461e-01 7.597913308420775058e-01 7.265687818022830147e-01 7.313944568447794392e-01 7.617528252931325961e-01 7.499598865682354232e-01 7.526486503690981156e-01 7.464084529998311623e-01 7.650354126470941818e-01 7.628839800308439001e-01 7.631159952897864640e-01 7.586158482836847794e-01 7.616341437546260140e-01 7.586773482747938280e-01 7.591808086081329732e-01 7.480478753756404364e-01 7.557235267987667537e-01 7.619773650854934077e-01 7.471451152402742713e-01 7.519081678410762803e-01 7.333447696169711483e-01 7.392114252572836719e-01 7.437988558178497689e-01 7.419738867801983773e-01 7.437327971666742865e-01 7.624927459837782528e-01 7.624741837299749969e-01 7.575188983745466675e-01 7.413532330492411671e-01 7.573710088665857043e-01 7.556895618966068540e-01 7.554129383014642762e-01 7.639833080399249798e-01 7.633511653759663673e-01 7.491603093601547636e-01 7.588679258314818821e-01 7.607418450406198129e-01 7.640945093717845804e-01 7.691870484354291770e-01 7.669697501142739293e-01 7.610833851845388853e-01 7.664585225771776145e-01 7.687369533431508417e-01 7.688832439867947510e-01 7.700591897785173945e-01 7.669244698161911122e-01 7.680772292745203789e-01 7.588853065027232336e-01 7.544338058874993092e-01 7.651459733766058369e-01 7.661433781470997628e-01 7.667786931746877199e-01 7.653916795962754094e-01 7.607714630927910893e-01 7.671333483957855082e-01 7.636963885812361186e-01 7.565052005896519827e-01 7.669116459507934191e-01 7.659279731528517710e-01 7.653132631528227758e-01 7.678779016599721619e-01 7.669923107060120371e-01 7.645402267135804619e-01 7.665794287853171518e-01 7.658374688928244467e-01 7.592349566315468312e-01 7.615222288586488419e-01
-3.929690289252681795e-02 6.806539264014919988e-02 1.319190554093132850e-01 3.446344921080254364e-01 3.457390732033621128e-01 3.545698075111735625e-01 5.727764438112543655e-01 1.000000000000000000e+00 5.712403964763528297e-01 5.237972429409257780e-01 5.417643565520353643e-01 6.488956565342407501e-01 5.710193230034662504e-01 5.622728989922136655e-01 6.767050068987454647e-01 6.894312432928918488e-01 5.735956766324062928e-01 3.997632038209972816e-01 4.626248428089371756e-01 5.194259034256869523e-01 4.513256033811906542e-01 4.646157737332753390e-01 5.613414416205315671e-01 4.713318411152481180e-01 4.681761825474941019e-01 6.113554333545201391e-01 6.065362724207686851e-01 6.049345034364415064e-01 5.309856887052331054e-01 5.978887383822881763e-01 5.902194107695739600e-01 6.598206556982032511e-01 6.193323155350494158e-01 6.266871649656023946e-01 6.172165929107766846e-01 6.424980907811721487e-01 6.302491958770011227e-01 6.928847176100929595e-01 6.676161974256233922e-01 6.893077384538850438e-01 6.830886629587404890e-01 6.862685007851029306e-01 6.937903414042687622e-01 6.923132511835156100e-01 6.735037485985400085e-01 6.722052264463533877e-01 6.985436242372347060e-01 6.981686733494031349e-01 7.057419348099064349e-01 6.910813544277625287e-01 7.054447004432329305e-01 6.694064765051663812e-01 6.845815779049480021e-01 6.894430019150281641e-01 6.843661635006721422e-01 6.782063482693281298e-01 6.818684830938499530e-01 6.923452380683292606e-01 7.009362801819439825e-01 6.950921691060100160e-01 7.014019688089651039e-01 6.971653564582993567e-01 6.944665649218210168e-01 6.957709366447426547e-01 6.662792673319977155e-01 6.900482909971000778e-01 6.918476696844376717e-01 6.602330469685303571e-01 6.688383603185587001e-01 6.692013986674084647e-01 6.561235915591502321e-01 6.573749186431122604e-01 6.537850184818582155e-01 6.453134606004530260e-01 6.801550158400447854e-01 6.771342168796362637e-01 6.757778185324104792e-01 6.505092722830795315e-01 6.699628216834264682e-01 6.758645484800486214e-01 6.707026375120032080e-01 6.741181373839200131e-01 6.820826272897950737e-01 6.740322046808739920e-01 6.970481960908448960e-01 6.846790104618702966e-01 6.854610001748605574e-01 7.049168286841475117e-01 6.930619830882797094e-01 6.820720075609337796e-01 6.967662588074358121e-01 7.010862093024674557e-01 6.958713323876952739e-01 6.956121614105020834e-01 7.033464875404944472e-01 7.026639435040219483e-01 7.089821720767819357e-01 7.065507972707134599e-01 7.051074333878136757e-01 7.103425306831128161e-01 7.073253700283946843e-01 7.065930173221754984e-01 7.031204701666868839e-01 7.088929208771421742e-01 6.980036254587000943e-01 6.937015951819595072e-01 7.067660186337049177e-01 6.973275808715939661e-01 6.916920366661531983e-01 7.041145483775782532e-01 7.039182569749181662e-01 7.010374876784896125e-01 7.033748366715956157e-01 7.033907407790632726e-01 6.841385890917902612e-01 6.990981104369747845e-01
7.811424943564904133e-02 1.573948794997373501e-01 2.673099931669935536e-01 4.499504951954902410e-01 3.601231500825358700e-01 4.012411551466860127e-01 6.561401332588170376e-01 5.712403964763528297e-01 1.000000000000000000e+00 6.296539149062719831e-01 6.968141819820969918e-01 7.519364050838011071e-01 6.515058483279443369e-01 6.414962912987293153e-01 7.633001222223466664e-01 7.656894697441108955e-01 7.629033694324768300e-01 6.604045581095853157e-01 6.907612254480054448e-01 6.780010870062117556e-01 6.495328653532685959e-01 6.971640235708418398e-01 7.631598972709962014e-01 7.167078236144482917e-01 7.167605986162552956e-01 7.944564941778892164e-01 7.878091269289787535e-01 7.916612446928961155e-01 7.534697215349136501e-01 7.930572703303746529e-01 8.031238753296386923e-01 8.213230184591364669e-01 7.794979065489405778e-01 7.951594721958203937e-01 7.813449626044274288e-01 8.070843619987568829e-01 8.164562229564419349e-01 8.142967939857257420e-01 8.243328717166082953e-01 8.025836023649662865e-01 8.226583958848128209e-01 8.147684297864256076e-01 8.120057668407730800e-01 8.244404828805540486e-01 8.204031422071907942e-01 8.252817131259811978e-01 8.262430168017563803e-01 8.301901134563836049e-01 8.206349330780653428e-01 7.981810268428110033e-01 8.200845475221802960e-01 8.038446018390889014e-01 7.939585777011661794e-01 8.344490231963147542e-01 8.285230351151636752e-01 8.303791081479839908e-01 8.232880823819506144e-01 8.185030884361419456e-01 8.283374688845903666e-01 8.323662618701296312e-01 8.200862404298912001e-01 8.271312393594940637e-01 8.218274168527399670e-01 8.251616595165092161e-01 8.335542484836770960e-01 8.254274413156291734e-01 8.320535075273501890e-01 8.352867868306493859e-01 8.353619438819290810e-01 8.280114286672722868e-01 8.251631898696341061e-01 8.332343644610169520e-01 8.341482210047006518e-01 8.341187952865252164e-01 8.349294600565109192e-01 8.355165293390194314e-01 8.295325451368520397e-01 8.197199459696057344e-01 8.285388294507141094e-01 8.311136130508639530e-01 8.325643586151773023e-01 8.328737831356990418e-01 8.362883135992181804e-01 8.258534824544436770e-01 8.220857026654797561e-01 8.319397409927011822e-01 8.337747718745531778e-01 8.247490131345052156e-01 8.303799323003562272e-01 8.314525287992606817e-01 8.236735126996199696e-01 8.278841635682424593e-01 8.317498946638727242e-01 8.311454923054493182e-01 8.247718654519083925e-01 8.277813629375709858e-01 8.062105281221199071e-01 8.152411140676349977e-01 8.240822937619399768e-01 8.215195812159159505e-01 8.221168965058198719e-01 8.200748494271234978e-01 8.191412598371994314e-01 8.229886526686364112e-01 8.301283970709016913e-01 8.245635422526219616e-01 8.241728144055795457e-01 8.308583600226970844e-01 8.320851415397013673e-01 8.273753042971955241e-01 8.260733612692506833e-01 8.310518448888755128e-01 8.261113735244309808e-01 8.244844779833587767e-01 8.372678456041154904e-01 8.293825837726366279e-01
2.718630631874174169e-02 1.287111996692811011e-01 1.845410215837214873e-01 3.423686502869077719e-01 3.054087760130358431e-01 3.510607620185627331e-01 5.766840116020588436e-01 5.237972429409257780e-01 6.296539149062719831e-01 1.000000000000000000e+00 5.760002657736394971e-01 6.517554153425827446e-01 5.766762928343852623e-01 5.652396523359231040e-01 6.947330981762886992e-01 6.782475666510577872e-01 6.145745543020734170e-01 5.228716588391475462e-01 5.574350662124845091e-01 5.485719181796789856e-01 5.070176365176810585e-01 5.557934977487671846e-01 6.372503652663429330e-01 5.763865558907248499e-01 5.766341376159470622e-01 6.857011407211442977e-01 6.742001204974064077e-01 6.850365016069697166e-01 6.416626680647233849e-01 6.812640928828469500e-01 6.877632445973339559e-01 7.119664913220709046e-01 6.807163316948887655e-01 6.871366742775321113e-01 6.806547172047429095e-01 6.961096493537589636e-01 7.009591764703100303e-01 7.169023054317131827e-01 7.272200986265026090e-01 7.029565650350024786e-01 7.185014411926362587e-01 7.288531535362695601e-01 7.185564077519374093e-01 7.247588200226675603e-01 7.154656381171907720e-01 7.241451775968397175e-01 7.302116126429818443e-01 7.342721815891359860e-01 7.239574344663541883e-01 6.962003252109114637e-01 7.233596666768122851e-01 6.812755025230551320e-01 6.927546378592857046e-01 7.311692656912868182e-01 7.213203634226601491e-01 7.306159930911364508e-01 7.047413675304532443e-01 7.296109182565823081e-01 7.313448623725983255e-01 7.284295203722590539e-01 7.202045539851288369e-01 7.276729655713859435e-01 7.193766391058987741e-01 7.228518152709075828e-01 7.095947359505581087e-01 7.127947711004847253e-01 7.323000929172667206e-01 7.199720578388153491e-01 7.305178180905659291e-01 7.102607412051370472e-01 7.116718655797126258e-01 7.186492999859619424e-01 7.170367017903856999e-01 7.177610743942494098e-01 7.339318909103040856e-01 7.303595049988222954e-01 7.317311099863359480e-01 7.217754222767093220e-01 7.277729072263164900e-01 7.309176272337616354e-01 7.301394692189472346e-01 7.326886042231934848e-01 7.319605625384659753e-01 7.270235099614830165e-01 7.255421036385794054e-01 7.317537959104691847e-01 7.346778920698610049e-01 7.326541645563783289e-01 7.383138355474234693e-01 7.342594275847952323e-01 7.295306958138838560e-01 7.368266593099698225e-01 7.321020226420290600e-01 7.382184403775168269e-01 7.346748555588167306e-01 7.348804658437796400e-01 7.162725681966444213e-01 7.135470157470128472e-01 7.289147285289883094e-01 7.307849399938189938e-01 7.314513588478036565e-01 7.285243750238217242e-01 7.244684216030233825e-01 7.304253199264306717e-01 7.302510786852367541e-01 7.228234816469433222e-01 7.317824310880075567e-01 7.369557100463192123e-01 7.329445163488388371e-01 7.333755887208142088e-01 7.334292577595296070e-01 7.324885371115983368e-01 7.325207447391496318e-01 7.339470694468580581e-01 7.282440076943140772e-01 7.282572761425570862e-01
6.419156281717300350e-02 1.189579479919980476e-01 2.963464327945768417e-01 4.337303177513573416e-01 3.185277125624478844e-01 3.887586577353397965e-01 6.299027118974412920e-01 5.417643565520353643e-01 6.968141819820969918e-01 5.760002657736394971e-01 1.000000000000000000e+00 7.541545252156288681e-01 6.183555204294597374e-01 6.244255732624279798e-01 7.294275221377897189e-01 7.218499161133928865e-01 7.058166716694697085e-01 6.303604024202592582e-01 6.723614026853340642e-01 6.222705639035215341e-01 6.399353156903240247e-01 6.827926925182657980e-01 7.099832915115790177e-01 6.736243127606578174e-01 6.895089810860083324e-01 7.714323083590466368e-01 7.633749269525257342e-01 7.578414195728038205e-01 7.318123630117517875e-01 7.754017805783691708e-01 7.849285728605054357e-01 7.760394402762782473e-01 7.562268201761267461e-01 7.558837081134905933e-01 7.546556261320456205e-01 7.737967112918325840e-01 7.878276437032574187e-01 7.814756992556914916e-01 7.936186493458012858e-01 7.683594785314368236e-01 7.820438014545874061e-01 7.810776225773479187e-01 7.811170036562115060e-01 7.976301364784429415e-01 7.882354239782802807e-01 7.934419900853855179e-01 7.917407055452383435e-01 7.920735429796552651e-01 7.833670879848563251e-01 7.685279981640587010e-01 7.895464653617547679e-01 7.724000779607217426e-01 7.646159508966033913e-01 7.948025463444213790e-01 7.977433500738617678e-01 7.966819665826677666e-01 7.883780475598739512e-01 7.832573676065771595e-01 7.909365551681030171e-01 7.951322457107832253e-01 7.905365692439767500e-01 7.930986217123952020e-01 7.882450697084250058e-01 7.926060353501620526e-01 7.935662376457743861e-01 7.935781504006536036e-01 7.950789158994325811e-01 7.993081178230567740e-01 7.954935894611713243e-01 7.880591842786420775e-01 7.941615462162413541e-01 7.982923704149064159e-01 7.906041743609334427e-01 7.970470578213758595e-01 8.033262238088491047e-01 8.014689122777872710e-01 7.982537194444424555e-01 7.922139436122767053e-01 7.962646691749422079e-01 8.029887430628687151e-01 7.984188147561724902e-01 8.062313578715378792e-01 7.978787459182423714e-01 7.905228705037913306e-01 7.877612098546422637e-01 7.919590413788791805e-01 7.989614874311330439e-01 7.913818979700181222e-01 7.956219097431562748e-01 7.958860359580981481e-01 7.894146327587702183e-01 7.952872693791996905e-01 7.972485679628231736e-01 7.962792759551126087e-01 7.919047644263782493e-01 7.915920840065219233e-01 7.759123667943453873e-01 7.810103957626455262e-01 7.906021744739190060e-01 7.888365943153178295e-01 7.891087326320362916e-01 7.908437909098355867e-01 7.891260023590780381e-01 7.877609220462560291e-01 7.957454019601126749e-01 7.895240996880231732e-01 7.885197871333810005e-01 7.961356244912827229e-01 7.974637621981911506e-01 7.917129751658166237e-01 7.940143213670572964e-01 7.935932795022550001e-01 7.927812231250999098e-01 7.923732522107288512e-01 7.979797309863840837e-01 7.947016273152710530e-01
-1.530300511926474365e-03 1.109323277352620429e-01 2.556598460644660120e-01 5.029471493800528048e-01 3.944226298035413691e-01 4.318134461871879770e-01 7.158960697525342809e-01 6.488956565342407501e-01 7.519364050838011071e-01 6.517554153425827446e-01 7.541545252156288681e-01 1.000000000000000000e+00 7.230982411707291835e-01 7.134836106708669634e-01 8.508957692977129339e-01 8.332011140616676359e-01 7.626780796264488460e-01 6.022992576975024770e-01 6.621142529371427665e-01 6.813935035736088386e-01 6.252159645690302803e-01 6.772704101708415525e-01 7.590286669898612670e-01 6.749841268322517296e-01 6.945547386091607267e-01 8.244105132918634338e-01 8.205959521614516472e-01 8.158179486382053369e-01 7.464444435394617106e-01 8.279591320012383848e-01 8.336845771455948517e-01 8.558271007836065758e-01 8.102055904234217731e-01 8.184023564763824865e-01 8.120643281660293589e-01 8.650905932623634831e-01 8.463478920264992933e-01 8.769470005971453652e-01 8.740611480176406767e-01 8.732443784445335089e-01 8.827023407612136774e-01 8.872610098287201374e-01 8.801045260523209235e-01 8.964844904428940220e-01 8.868749628488276082e-01 8.842129615513359964e-01 8.959384602179348844e-01 8.970688159532658190e-01 8.952740140897808008e-01 8.754429863356750774e-01 8.930704655464408726e-01 8.839478609059263636e-01 8.807001811493215815e-01 8.917409857028190112e-01 8.824089588510203308e-01 8.857072150028882929e-01 8.911696355611844478e-01 8.892605939099890167e-01 8.966535490426922328e-01 8.984622534684757467e-01 8.983910027923529551e-01 8.972722342193641953e-01 8.908961792511898015e-01 9.017762006586916845e-01 8.880972649304684774e-01 8.993507915386445006e-01 8.959814671556460830e-01 8.729101257085566390e-01 8.785120297759119179e-01 8.698044688440275118e-01 8.704667370301921725e-01 8.773658655597298406e-01 8.634518285743788546e-01 8.672584637902944760e-01 8.941185593247995556e-01 8.911854998581070220e-01 8.863052052306186201e-01 8.690672292066639049e-01 8.897168627334753888e-01 8.949333192768800238e-01 8.883511472338668780e-01 8.945209011474192229e-01 8.952583924383645808e-01 8.800253627415992597e-01 8.889634091193886478e-01 8.873265332473140310e-01 8.948621236585330152e-01 8.995151024597228817e-01 8.977456348475755243e-01 8.900034562905613233e-01 8.969319840268861199e-01 9.009915583312662068e-01 9.018157668962080153e-01 9.012239009596479944e-01 9.015284223608817094e-01 9.013968471804636451e-01 8.999888985665728258e-01 8.968709131195595763e-01 9.027147643704158675e-01 9.001852241346526284e-01 9.036774028392444702e-01 9.036123274007834549e-01 9.003240026480966440e-01 9.034389432391183306e-01 9.051181221644182262e-01 8.984876663043011025e-01 9.025598296380390462e-01 8.993349658533865698e-01 8.968840461256303298e-01 9.015541349879488964e-01 9.000122862736383844e-01 9.034424816330487440e-01 9.021511766383304431e-01 9.039235905146298933e-01 8.978659688193056931e-01 9.028055071954045330e-01
-1.061137083597324914e-02 9.957213461166677937e-02 1.917493983653819345e-01 4.020090412903082333e-01 3.408047057330156893e-01 3.755604116625262390e-01 6.150894054554043588e-01 5.710193230034662504e-01 6.515058483279443369e-01 5.766762928343852623e-01 6.183555204294597374e-01 7.230982411707291835e-01 1.000000000000000000e+00 6.251074538464796992e-01 7.526230812371663692e-01 7.457935986204770051e-01 6.460407529578048313e-01 5.076939522504021474e-01 5.597902223013914158e-01 5.891931078594750959e-01 5.220467112582830582e-01 5.668583098355871597e-01 6.416618979685484447e-01 5.741548822033447630e-01 5.737718462778621520e-01 6.953635362352148519e-01 6.944893033314655240e-01 6.848013321283036303e-01 6.225768346710383039e-01 7.027960182369041853e-01 7.029673364941626534e-01 7.375061621165377446e-01 6.960081996477501809e-01 7.183435417817535251e-01 7.086604882245510773e-01 7.427950462242826069e-01 7.261509288824473662e-01 7.625797871594303112e-01 7.553517163207421614e-01 7.580236345857013225e-01 7.593041808618558042e-01 7.693549426932216884e-01 7.754759535824867767e-01 7.678246520488340998e-01 7.589019710018225506e-01 7.572260446165760550e-01 7.764992415045813834e-01 7.776975008088202745e-01 7.820716983121357435e-01 7.592116092341679723e-01 7.800731505795234222e-01 7.493894641475701279e-01 7.567513874134859098e-01 7.682887915531663170e-01 7.558398941124612191e-01 7.579008173619740107e-01 7.631499704111214255e-01 7.762281820609363558e-01 7.754994227651244021e-01 7.764293367791065270e-01 7.848219416194324172e-01 7.748654928966195454e-01 7.770793900941475041e-01 7.795791899386783630e-01 7.537022299468359998e-01 7.682928027408026939e-01 7.776810085551032481e-01 7.528570895864691304e-01 7.576833052192719631e-01 7.508518918618853899e-01 7.510496699872323267e-01 7.515896186162741577e-01 7.495435348793590968e-01 7.474776339375128753e-01 7.652160342096381296e-01 7.608757947958956214e-01 7.529080217808936659e-01 7.352541621948425199e-01 7.552192254318811360e-01 7.687210967886952684e-01 7.625352414868934448e-01 7.673428557088868285e-01 7.729377733564281039e-01 7.564541087727099100e-01 7.746449724117834279e-01 7.716955129131890523e-01 7.757380532298696618e-01 7.831365290389428191e-01 7.782581737417719747e-01 7.652465586892801541e-01 7.745875576007796859e-01 7.803541791135195638e-01 7.827801489354873077e-01 7.780203846480437946e-01 7.823268421525590988e-01 7.825181430843175523e-01 7.818060392019015037e-01 7.797617415586188816e-01 7.838475753559018822e-01 7.855238079789172989e-01 7.879504173189124661e-01 7.856162371363893948e-01 7.836548393245449384e-01 7.845179358259822822e-01 7.830405968144527051e-01 7.732109183436928213e-01 7.827569155166633763e-01 7.770168802884599435e-01 7.742027106598470265e-01 7.830282463350451971e-01 7.799279285687757968e-01 7.835930829122930152e-01 7.806031439206241318e-01 7.830034976535598101e-01 7.727678493490889311e-01 7.812334939696718994e-01
