1.000000000000000000e+00 1.281337203309607375e-01 1.606198188687754658e-01 9.005312415544869387e-02 4.470028114759801163e-02 -3.823179935624854402e-03 1.675359682398060504e-02 5.525654445844730561e-02 2.253950203227608196e-01 1.141719162917298747e-01 3.627841756054697026e-02 4.431628747731571755e-02 9.109633275560892474e-03 5.640510565290659389e-03 3.161033904688841795e-02 2.905333621330644794e-02 1.055854317701004630e-01 1.183344919079485080e-01 9.438035866336856594e-02 7.252216777236741851e-02 7.997738386185804238e-02 7.219848582483590071e-02 1.256070492818811557e-01 1.319692200512044278e-01 1.115608532131048686e-01 1.430687795947295504e-01 1.509988400534185982e-01 9.786995477657811637e-02 1.786060789125413217e-01 1.844377095065274086e-01 1.030481225577136450e-01 1.745114047119763687e-02 4.332822325721677470e-02 -8.870986971424013254e-03 7.634860862205919418e-02 -1.412146988016674438e-02 5.598610745066125854e-02 -2.849562260055555577e-03 7.208468224169439298e-04 -3.230886361231755100e-02 2.874008594587418308e-02 6.053748209997938598e-03 -4.009682493576250534e-02 1.499467631821359628e-02 2.539060755887433130e-02 1.027495088696589801e-02 6.960701003615019436e-03 2.595644730660567889e-02 2.582511975890527597e-02 -6.111399991682384646e-03 -2.229584208947349064e-04 -5.370146910953820657e-02 1.446828903076577931e-02 5.837245220422973557e-02 5.242190433611407935e-02 5.039176177403914547e-02 5.331545756772355926e-02 2.218728305965266684e-02 3.100114474629435402e-02 4.428918020384453591e-02 3.043167812205528969e-02 3.891422665220230226e-02 2.457015562680600965e-02 2.870247651794796337e-02 4.925204332864808326e-02 4.840073850909722142e-02 2.255908994170724435e-02 2.385427790605779835e-02 3.072502868201145571e-02 3.226275147213790440e-02 1.774831185637567449e-02 3.277583952601895168e-02 5.126549510309997421e-02 4.888564917160495571e-02 3.698705522254568112e-02 3.532466914064977953e-02 2.893377948419115220e-02 7.122487322522232100e-02 4.612399981261888771e-02 6.514027234644785558e-02 3.368346323773958872e-02 4.206814966652267646e-02 3.219298795678619124e-02 2.640974713409272381e-02 2.148743141441823636e-04 2.418236178407098813e-03 -2.023766882271288339e-03 1.106186096108486075e-02 3.418018608761282367e-03 3.301865710951126104e-02 7.905363575983555442e-04 7.336019741066310794e-03 1.324818422174023867e-02 2.903283513834704812e-03 5.069690716410613952e-03 1.779133584699029921e-02 4.499256363528504263e-03 4.884274296886262356e-02 2.633478962458555075e-02 8.876122742168032070e-03 -8.166206596355817665e-03 2.113788119595334802e-02 1.505155296388413153e-02 3.284032157834427916e-03 3.808517705997971434e-03 3.443178950535091126e-02 2.685334204270403355e-02 2.255211498754502650e-02 2.675480709252466005e-02 2.637561147828699701e-02 1.920075132189960274e-02 2.783546731034548111e-02 1.408095461771840563e-02 1.661224604345550721e-02 2.665683219618788374e-02 2.959001679213514244e-02
1.281337203309607375e-01 1.000000000000000000e+00 5.880981144163732743e-02 4.607706705915573520e-02 7.769146658300864206e-02 4.211573690628288291e-02 1.201357661311193981e-01 1.068042233918816003e-01 1.797000244482915843e-01 2.055119476454777550e-01 1.576205505242161409e-01 1.264001007145010569e-01 1.512501273638164889e-01 1.100609997810113733e-01 1.460503229584659279e-01 1.390564275768425007e-01 1.610025529441465320e-01 1.471803239802285945e-01 1.503709919662507555e-01 1.084393512895595324e-01 5.682474007012845718e-02 8.826768638983679971e-02 1.634763726142137163e-01 1.562490238015838695e-01 1.458205388723338991e-01 1.787698944937335943e-01 1.486239536711215503e-01 1.347435042412106487e-01 1.682017969202689589e-01 1.815844535861875220e-01 1.706076280815700952e-01 1.339727860549490834e-01 1.040165709963316032e-01 1.377728822845259993e-01 1.514668897771069833e-01 1.021937676297848957e-01 1.388316887912250108e-01 1.316589828860353084e-01 1.323760338366246625e-01 1.010314304023529480e-01 1.636230799400214819e-01 1.386658337929371487e-01 1.052211503264216808e-01 1.328760753625889690e-01 1.346077589717755707e-01 1.344884136884817727e-01 1.600962173604990046e-01 1.731491444687468517e-01 1.548981101832524743e-01 1.149447051920492041e-01 1.256818276987470839e-01 8.697653844244211674e-02 1.394492904766312658e-01 1.775492835615265219e-01 1.707955490370397789e-01 1.780303788327433634e-01 1.429977442967234613e-01 1.523665555265817373e-01 1.550017621394008671e-01 1.593997675538269543e-01 1.465918516929034798e-01 1.599886749043043233e-01 1.349953616866803041e-01 1.485101406534663215e-01 1.516229423730514059e-01 1.532224477201880319e-01 1.625156975439455143e-01 1.649267195267879738e-01 1.604670648832868807e-01 1.522759656646259230e-01 1.349258242211191228e-01 1.555741511284136069e-01 1.678106883233389524e-01 1.636508238083038136e-01 1.641349442919479151e-01 1.585843962035257126e-01 1.514604553208695192e-01 1.703507380834843044e-01 1.688239847776418501e-01 1.780058718310575383e-01 1.610221870852222847e-01 1.687932636504280992e-01 1.591891528810926160e-01 1.567709673974749252e-01 1.427539860714770181e-01 1.558517268502551678e-01 1.428462518575066842e-01 1.570396481135865330e-01 1.502019772676332909e-01 1.647277234937253865e-01 1.405167167961914321e-01 1.546487527940624551e-01 1.514496616752906699e-01 1.501845101142478545e-01 1.604291616104432383e-01 1.667083098935645824e-01 1.362494492131490487e-01 1.383665167506225313e-01 1.515803966721629426e-01 1.476703556724732191e-01 1.412177144882828250e-01 1.451766635891068580e-01 1.531330806941038070e-01 1.462140777413286630e-01 1.398390149981157127e-01 1.524721649212359420e-01 1.591368704457436500e-01 1.685388870723180665e-01 1.683689940243124072e-01 1.639486965438732569e-01 1.583699117245803700e-01 1.593207597083509397e-01 1.585585359733953370e-01 1.526285203183056494e-01 1.566218940250378444e-01 1.553826798218944649e-01
1.606198188687754658e-01 5.880981144163732743e-02 1.000000000000000000e+00 4.063605703926612689e-01 2.426196521071331547e-01 2.506621502495730569e-01 3.885925434711166582e-01 3.899876364188231137e-01 4.322240958138159894e-01 3.748331981867955021e-01 4.108764462377317850e-01 4.361769822990256840e-01 3.748552442199362678e-01 2.788809369452007747e-01 4.212568108277179313e-01 4.108869728415910916e-01 3.993256161807199889e-01 4.198862240071913887e-01 4.113838292807188712e-01 4.072234695655032044e-01 4.722215540911762210e-01 4.362830530932731987e-01 4.398000844311062973e-01 3.964657127512650203e-01 4.032273089417840461e-01 4.600229951042681398e-01 4.478300016140282502e-01 4.474854545356409252e-01 4.381485730666762612e-01 4.381301060169761619e-01 4.432433622905244675e-01 4.270521803610725642e-01 4.262343899812800485e-01 4.015023945040529507e-01 4.193647698318623829e-01 4.070607647676146024e-01 4.254047663366917198e-01 4.204690641122020289e-01 4.231691778402237314e-01 4.058551320124386685e-01 4.073996066447190811e-01 4.154778221902235003e-01 4.150526459808913105e-01 4.180789351183021862e-01 4.219536351804075713e-01 4.045720432174275683e-01 3.865391878785626179e-01 3.944570760349618843e-01 3.977024975832844644e-01 4.074757064544617391e-01 4.191271320921775012e-01 3.936635705867065349e-01 3.981793722581971617e-01 3.938866835190750759e-01 4.001380844894110167e-01 4.145866580380407340e-01 3.994010275458683701e-01 3.977295356818352223e-01 3.972426412942881568e-01 3.950887528532619486e-01 4.064715753764382988e-01 3.870595882108054386e-01 4.052244440005884352e-01 4.065441683207454138e-01 4.097831456733651567e-01 4.053408999679407043e-01 3.900772962526513621e-01 3.988071674919493881e-01 4.126735788490789592e-01 4.284613404046896390e-01 4.237042020204843107e-01 4.129372836867754026e-01 4.070769891175949340e-01 4.086614256648146704e-01 4.164803833823926271e-01 4.128846875850936127e-01 4.161868327834029602e-01 4.167716836343772213e-01 4.130799227121165207e-01 4.061092737299879518e-01 4.038595171715470000e-01 4.051616109566740231e-01 4.129573699062327741e-01 4.065858219553966646e-01 4.078944997398726291e-01 3.980710579248145642e-01 4.019612970740614188e-01 4.070252627675907675e-01 4.042752028143341003e-01 4.107788896685298785e-01 4.060985133418179016e-01 3.999239500367250955e-01 4.066727842162036755e-01 4.026816011082114399e-01 3.862643323918126259e-01 3.909239331996061106e-01 4.066885628662230134e-01 4.092804664630210199e-01 4.071394522233044433e-01 4.108630612720963193e-01 4.079858616713232244e-01 4.061163451970853377e-01 3.980267026784047313e-01 4.008902845939623094e-01 4.059867220249892550e-01 4.012589201298358832e-01 3.964393822542000012e-01 3.926811563610390632e-01 3.976978266639225601e-01 3.952144604592484622e-01 3.993368918564534353e-01 3.980764754987436982e-01 3.912777798649306193e-01 4.008447543341240871e-01 3.982974126204879561e-01 4.008293465067570560e-01
9.005312415544869387e-02 4.607706705915573520e-02 4.063605703926612689e-01 1.000000000000000000e+00 3.793341000418010145e-01 3.865764600276539453e-01 6.096079632042461505e-01 5.834865535379553103e-01 5.919398806907727462e-01 5.217028728554089501e-01 6.018850320560851230e-01 6.684981551463554661e-01 5.621447712908073102e-01 4.525638277727574987e-01 6.402484409833795187e-01 6.330306780225554153e-01 6.081882445838832085e-01 5.554232111704251462e-01 5.757746893147946965e-01 5.891095506527767034e-01 6.647826358122461698e-01 6.405904892024530950e-01 5.840633014028676628e-01 4.974108191167740389e-01 5.244778435062786848e-01 6.398093801590869489e-01 6.208362644065530400e-01 6.352261591926695594e-01 5.866869598537320929e-01 5.727700115131083569e-01 6.229243276873726032e-01 6.335116534366466157e-01 6.265128707137376241e-01 6.006367983755164230e-01 5.993464460913443537e-01 6.425692493775224667e-01 6.210400015712090882e-01 6.356022498066331572e-01 6.425007701396324711e-01 6.230436232373052219e-01 6.250286784526398742e-01 6.363901768717633578e-01 6.417969597021527806e-01 6.417397223449375909e-01 6.438982659419334453e-01 6.285285723935846169e-01 5.949511579013075924e-01 6.025863173691141661e-01 6.219932322726781093e-01 6.392061077346598008e-01 6.509469924291837462e-01 6.262483089894861354e-01 6.234094567740297022e-01 6.033661765193674142e-01 6.049855721809104248e-01 6.134947422335825795e-01 6.310435017860295259e-01 6.196148660891045434e-01 6.129789017554364561e-01 6.131313091564712936e-01 6.304860332052975025e-01 6.061006995638439365e-01 6.351566830441982558e-01 6.315686552638577478e-01 6.233874604745341941e-01 6.294019206453049797e-01 6.048969792142772084e-01 5.969753824111105889e-01 6.182394225034417712e-01 6.443314429470644589e-01 6.396515964780227215e-01 6.181181323849817000e-01 5.928542124683414682e-01 5.863932713686461629e-01 6.279732683070822219e-01 6.218218208604325836e-01 6.266500392344067638e-01 6.066138588169633916e-01 6.096786351597159870e-01 5.875019681649593650e-01 6.103894863882636246e-01 6.086087936498953965e-01 6.274910021439654706e-01 6.063414589532154508e-01 6.250388028766182824e-01 6.053729871434953003e-01 6.204434150772345502e-01 6.228563375195909080e-01 6.189558360586853158e-01 6.256492295048724506e-01 6.303589902229295161e-01 6.158230164591739220e-01 6.217839910307825235e-01 6.192902345573705336e-01 6.015535809625188746e-01 6.024314777885652061e-01 6.361690201899443675e-01 6.416809550468632883e-01 6.332745484346868903e-01 6.323319086273977430e-01 6.305151311939570791e-01 6.307551574680899664e-01 6.182462843079086223e-01 6.254910448298356407e-01 6.347731325529742952e-01 6.317401701024306648e-01 6.178461845385664342e-01 6.024228888676116389e-01 6.123077739802114117e-01 6.114120948703130054e-01 6.204430645949873258e-01 6.184144414995892403e-01 6.117662940893382473e-01 6.234110556445676687e-01 6.161362446696775352e-01 6.250933384114928382e-01
4.470028114759801163e-02 7.769146658300864206e-02 2.426196521071331547e-01 3.793341000418010145e-01 1.000000000000000000e+00 3.440433556095628953e-01 4.779934344113747624e-01 4.643974790596327451e-01 4.896351319612512465e-01 4.422147396279568765e-01 4.883089616382422782e-01 5.174879498996034499e-01 5.067721520865744456e-01 4.125970161741164821e-01 5.193893405540971342e-01 5.132511484004947944e-01 4.846069061289217661e-01 4.453939157348676403e-01 4.751905985828629997e-01 4.105560961958194532e-01 4.605486154225654771e-01 4.655406258492591487e-01 4.806772861254254292e-01 4.301856666918292271e-01 4.331002809891906224e-01 4.929387753222739255e-01 4.604147732508958590e-01 4.700910503099283710e-01 4.303347117161737123e-01 4.553897651075375919e-01 4.962221559491233336e-01 5.230281593391616912e-01 4.629089225330267343e-01 5.082094796901281963e-01 4.844372386467079572e-01 5.076147893319314930e-01 4.999683024592667113e-01 5.095671142322272251e-01 5.257323234604192042e-01 4.907113452500603823e-01 5.274917150409610400e-01 5.158375446267928766e-01 5.197893823516022138e-01 5.258982204834318219e-01 5.230616016364123544e-01 5.134863267710445545e-01 5.192162540779767799e-01 5.219472854561234554e-01 5.194861008360985855e-01 5.057028199231013987e-01 5.172768492300303667e-01 4.862152240991535201e-01 5.174997548014480531e-01 5.132601147377523487e-01 4.962803941275403807e-01 5.046242158807938694e-01 5.013149586748210096e-01 5.178206205853720379e-01 5.066144841109222474e-01 5.302247110802449370e-01 5.150776631742877143e-01 5.146797908199116645e-01 4.997344003274801216e-01 5.270149184852767066e-01 5.218031383943249057e-01 5.198941170354532959e-01 5.206707486517526684e-01 5.196560615705343444e-01 5.259642926933629781e-01 5.287407430078836512e-01 5.213664766534089612e-01 5.175905031322222127e-01 5.142589217149242664e-01 5.076327739139148143e-01 5.184644790702128692e-01 5.151984521010979368e-01 5.153725522080429000e-01 4.980419758491481663e-01 5.137227481007773378e-01 5.050218853722456824e-01 5.121114360739099647e-01 5.141194154563490937e-01 5.282908317262244857e-01 5.081469500555673147e-01 5.198495254529496012e-01 5.220137411517650206e-01 5.176754794780880076e-01 5.220753039672948459e-01 5.241639994282935033e-01 5.116689224487848131e-01 5.190680071475417545e-01 5.221757173488101866e-01 5.248245188930561467e-01 5.213500194081360783e-01 5.183102229668664629e-01 5.185335941318790498e-01 5.149090417968390510e-01 5.146435040597093780e-01 5.256332595630042182e-01 5.231566023542507660e-01 5.262892651218894491e-01 5.181470286832365879e-01 5.214435184418123592e-01 5.270405412010654711e-01 5.229373096058609338e-01 5.150213215997714311e-01 5.198242666615736640e-01 5.170906348282596765e-01 5.147060752271903628e-01 5.225265748379503972e-01 5.208816625950302148e-01 5.277350959211088988e-01 5.173866332405733237e-01 5.231437934751390628e-01 5.228614905096716781e-01 5.237864032938905900e-01
-3.823179935624854402e-03 4.211573690628288291e-02 2.506621502495730569e-01 3.865764600276539453e-01 3.440433556095628953e-01 1.000000000000000000e+00 5.256358784585828392e-01 4.959790802027335688e-01 5.015755090966383944e-01 5.030209306641982847e-01 5.546472067706178510e-01 5.892531137096406191e-01 5.380404953924869949e-01 4.542633433276986876e-01 5.855526590105089024e-01 5.758100172334537081e-01 5.258980197192311135e-01 4.840837792251043159e-01 5.124882329943246662e-01 4.437622791417614732e-01 5.109046025291280602e-01 5.207249211079724160e-01 5.005902337902915500e-01 4.538464339531221858e-01 4.713240642808801395e-01 5.360841962932854088e-01 5.351104732894496063e-01 5.524513836612756634e-01 4.843995838697128797e-01 4.922806981284905126e-01 5.623569649185951036e-01 5.859353570195426908e-01 5.310522654591568470e-01 5.670620767696690212e-01 5.376779533199613770e-01 5.713214682081378948e-01 5.752087861618822018e-01 5.902341551725973634e-01 5.945558010999051346e-01 5.756988144349622916e-01 6.002892735550211523e-01 6.030557130703426694e-01 5.969129361066659589e-01 6.074974050380274049e-01 5.996877747576959683e-01 5.983867809693116380e-01 6.014348067058093994e-01 6.012265811704374796e-01 5.989744841252047092e-01 5.779251296948190175e-01 5.939668228954868567e-01 5.729005470699921609e-01 5.896426168164364823e-01 5.893138578186785104e-01 5.690518270607217710e-01 5.791599648069891693e-01 5.702878250068778021e-01 6.034831940325408040e-01 5.849114003930501182e-01 5.955251269706716144e-01 5.938803101591986211e-01 5.866460395001003025e-01 5.795724334589550386e-01 5.974783202202984533e-01 5.880043422139817899e-01 5.898531716831579841e-01 6.054291119044549196e-01 5.972763065474938626e-01 6.023917756195643625e-01 6.012305010792426962e-01 6.018206133978686312e-01 5.970177661270142933e-01 5.826656423037842591e-01 5.779178137009947092e-01 6.031623013200111405e-01 6.041847719997328614e-01 6.001564499268851050e-01 5.798701781618317286e-01 5.936077269043991134e-01 5.789642889726400732e-01 5.961187913974029806e-01 6.001119886905508238e-01 6.046555619195939091e-01 5.945427415866405552e-01 6.100765836531693020e-01 6.011758415659231858e-01 6.121030706873582528e-01 6.085168545786858729e-01 6.100779013682746665e-01 5.986434381277070393e-01 6.120109966313651562e-01 6.116667753988168643e-01 6.116631615140344369e-01 6.128434346729428883e-01 6.068729861700739026e-01 6.057392362403127839e-01 6.106722137029992892e-01 5.967660728110893986e-01 6.092473146823524921e-01 6.105114369895427995e-01 6.137195157895376507e-01 6.056470988655259236e-01 6.053036451352287184e-01 6.128799905773819612e-01 6.092964690776724312e-01 6.022522514619953471e-01 6.063885410171364621e-01 6.023806771340950439e-01 6.033940679085394443e-01 6.053951141507151190e-01 6.050947184464345874e-01 6.080114415962148966e-01 6.053659960363320103e-01 6.093670614931687712e-01 6.027323124940862087e-01 6.060512428128258522e-01
1.675359682398060504e-02 1.201357661311193981e-01 3.885925434711166582e-01 6.096079632042461505e-01 4.779934344113747624e-01 5.256358784585828392e-01 1.000000000000000000e+00 7.290546190885640598e-01 7.120367802836378157e-01 6.973581345030863687e-01 7.550092958279338573e-01 8.028064077226605422e-01 7.181877961939887589e-01 5.970906592918322486e-01 8.523217909989000418e-01 8.064337487469583898e-01 7.493731232928839692e-01 7.095255734119526592e-01 7.399585978952837317e-01 7.220759730178947233e-01 7.414142026312396938e-01 7.347395550834068256e-01 7.387804702432180237e-01 6.683545598219684525e-01 6.702639022832300730e-01 7.807779323626785617e-01 7.455475012188539363e-01 7.810015730857399197e-01 6.923715850418433737e-01 7.063507111242499636e-01 7.782206289441928604e-01 8.245007838084857932e-01 7.614987588131718610e-01 7.935052291153776860e-01 7.703816084718021484e-01 7.796599924819410665e-01 7.785808316606157575e-01 8.233607598226009294e-01 8.226086511670812618e-01 7.975601097550517604e-01 8.090154447375313973e-01 8.172777476751594827e-01 8.153877746046375163e-01 8.170934050566895923e-01 8.155739400047100629e-01 8.150453264487605987e-01 7.958062936975387469e-01 7.984207872199706735e-01 8.035438216048703675e-01 8.013839118086908409e-01 8.208263562113491396e-01 7.704687112227796009e-01 7.992678203704151052e-01 7.941520698314243898e-01 7.905864376573954466e-01 7.980590415673385341e-01 7.932990009229724526e-01 8.062315640422766938e-01 8.049159998769196411e-01 7.922946433622478635e-01 8.082051046442663145e-01 7.914230916935438565e-01 8.043448326459184949e-01 8.069649372270892851e-01 7.921912498451811890e-01 7.960374039548907543e-01 7.980680237333573901e-01 7.964432229279665432e-01 8.152524754653892591e-01 8.368234060859773837e-01 8.150902823439650779e-01 7.987296566354705751e-01 7.948389065734469128e-01 7.824428385276531728e-01 8.172833871079379087e-01 8.019110958915314225e-01 8.147602640997678725e-01 7.784071970813982722e-01 8.033063479088798919e-01 7.739775488919398150e-01 7.967547243292963932e-01 7.966357069911587097e-01 8.157105613095704255e-01 7.980095795024534366e-01 8.195548848250269192e-01 8.103415068801775867e-01 8.062678557060979356e-01 8.238841002492234278e-01 8.142480209992113416e-01 8.167411093809555656e-01 8.236870237836680930e-01 8.141528261537763766e-01 8.116712001926019715e-01 8.135298904844803225e-01 7.999935563152670293e-01 8.025973915075305110e-01 8.189056937386348656e-01 8.037340882034340606e-01 8.200806196550434191e-01 8.258321903581740120e-01 8.207137416822876119e-01 8.141878710854851819e-01 8.063075955669753991e-01 8.140255445451527461e-01 8.139727212580121218e-01 8.082195590780457684e-01 8.089872588240085705e-01 8.014568467759282111e-01 8.079792294500653949e-01 8.060688061402171423e-01 8.163589798861901059e-01 8.061066927624388478e-01 8.074161735540072993e-01 8.071240165233052322e-01 8.000189850265345681e-01 8.051274732993916050e-01
5.525654445844730561e-02 1.068042233918816003e-01 3.899876364188231137e-01 5.834865535379553103e-01 4.643974790596327451e-01 4.959790802027335688e-01 7.290546190885640598e-01 1.000000000000000000e+00 7.160570338228551268e-01 6.638497580479453264e-01 7.393058681634323559e-01 7.811955563073872399e-01 7.026894991326171347e-01 5.828160745697964495e-01 7.909406264961963418e-01 7.966376556686198818e-01 7.301304025911051765e-01 6.839168955099330649e-01 7.136910311599901080e-01 6.628410129816579843e-01 7.175169610503205897e-01 7.300081941024940679e-01 7.090596560766073697e-01 6.356646563461110233e-01 6.510500942200261321e-01 7.525469689651181904e-01 7.256743312467162088e-01 7.473983686311781449e-01 6.865874944948092695e-01 6.991048327612051638e-01 7.593114166635409612e-01 7.992739163463701280e-01 7.403065325522800721e-01 7.674807112365060746e-01 7.469133599225137310e-01 7.701918691160176689e-01 7.559834732133795532e-01 8.105082898024417171e-01 7.999522258221725135e-01 7.642947290645865088e-01 7.822405264244425283e-01 7.950957305328926195e-01 7.915644656162527104e-01 8.005903860237549852e-01 7.869889018291654770e-01 7.898781421514954326e-01 7.758747953894152838e-01 7.779443400006760267e-01 7.946561452061813302e-01 8.024814739021679522e-01 8.123716858781608874e-01 7.627550415446966436e-01 7.850184791403399531e-01 7.703099300155034079e-01 7.716953979396677932e-01 7.775570970305168972e-01 7.855313713881668658e-01 7.866428825775922951e-01 7.890641623485574740e-01 7.759147400691623897e-01 7.967700594729298924e-01 7.766691234298109814e-01 7.971791484178950560e-01 7.954857655511705650e-01 7.838784355493076950e-01 7.844909796223427101e-01 7.798913505450097983e-01 7.760107209983378995e-01 7.914615938097886438e-01 8.012998001672810844e-01 7.916335411037180858e-01 7.814592931871052750e-01 7.652461541347581608e-01 7.589309393206606913e-01 7.883906956771390417e-01 7.812048437842540327e-01 7.892720055999520312e-01 7.686579266313672276e-01 7.834273405027575299e-01 7.603706856514671486e-01 7.774436973048359789e-01 7.763138429277915975e-01 7.959156508013423004e-01 7.772326709628490926e-01 8.015021522380266772e-01 7.871117487995937800e-01 7.833776803272920475e-01 8.001138044183268017e-01 7.902560446132133043e-01 7.874579243747625856e-01 7.945961733375904723e-01 7.906638163732929714e-01 7.920948055684894351e-01 7.897354690795480581e-01 7.815964638657759700e-01 7.808055605961923273e-01 8.019557954771528996e-01 7.971697648839449757e-01 8.016498145853057089e-01 8.061976294780127672e-01 7.975430144482712480e-01 7.993147462414211812e-01 7.862556243961973390e-01 7.948232657498176534e-01 7.952789571025792315e-01 7.928828039947417583e-01 7.929428372065919772e-01 7.780832324486021134e-01 7.848309380401915503e-01 7.872448858131489979e-01 7.959972923600119321e-01 7.871545257874187351e-01 7.871344161325878330e-01 7.899114393759887331e-01 7.834879372027613309e-01 7.881702869335620587e-01
2.253950203227608196e-01 1.797000244482915843e-01 4.322240958138159894e-01 5.919398806907727462e-01 4.896351319612512465e-01 5.015755090966383944e-01 7.120367802836378157e-01 7.160570338228551268e-01 1.000000000000000000e+00 7.626684446386404748e-01 7.939596091370992870e-01 8.302604055606909172e-01 7.527017204835074748e-01 6.049371504307987646e-01 8.256886016168444309e-01 8.214721779729260431e-01 8.231348332852347349e-01 7.827192355040604177e-01 7.979203622030071053e-01 6.613020706236188984e-01 7.475142414052197148e-01 7.736640631787840006e-01 7.845249096043641623e-01 7.213480940699752431e-01 7.415652907492316093e-01 8.380523966912234446e-01 8.296555741341448131e-01 8.176341279883253543e-01 8.096002769747796535e-01 8.317853736827216515e-01 8.576581450996075828e-01 8.257039561765018298e-01 7.677658816741513848e-01 7.732588701206796200e-01 8.108371686353731400e-01 7.645009443749964939e-01 8.215423985263197171e-01 8.139013304520540393e-01 8.268395034821033329e-01 7.613417027929169079e-01 8.455580903480058863e-01 8.334644483948273619e-01 7.965189873781013397e-01 8.470143022070830696e-01 8.359759383339427918e-01 8.353545961203845405e-01 8.426905223963523373e-01 8.546775691874775038e-01 8.559884009865305066e-01 8.022472806035330084e-01 8.248982040813540584e-01 7.546438160455090083e-01 8.391086173995770947e-01 8.658547949524235676e-01 8.498987573662787343e-01 8.506109446702094790e-01 8.532891103330456639e-01 8.472375813498700392e-01 8.502779008077816503e-01 8.604386321438424190e-01 8.530324377581378625e-01 8.532262837468884698e-01 8.421990335072007117e-01 8.563698485486846979e-01 8.612347297626287146e-01 8.616432646133462825e-01 8.514926591224527552e-01 8.475401269794687886e-01 8.550966582319278197e-01 8.543246656362112335e-01 8.467602275516989963e-01 8.553902146814932328e-01 8.393872820331589324e-01 8.401612236553027691e-01 8.557657338687381099e-01 8.541962670237679411e-01 8.486793838627201270e-01 8.586247129416901824e-01 8.570484661940307447e-01 8.556809032797072501e-01 8.524277352028205579e-01 8.591228027006390100e-01 8.538555684997605200e-01 8.445862684869395176e-01 8.320630917509349578e-01 8.309605414395049294e-01 8.319991054104530770e-01 8.444902525900014334e-01 8.412096841080310972e-01 8.472987408181782421e-01 8.340172712598818983e-01 8.437623754847607405e-01 8.480162802823121293e-01 8.425513968215491145e-01 8.439295709723542149e-01 8.509138330960888119e-01 8.358630396840335264e-01 8.568363564409848809e-01 8.568541475527102769e-01 8.436906759967295333e-01 8.372458509786382397e-01 8.507644365456241697e-01 8.483836362942249743e-01 8.435423031902261615e-01 8.411207480123784608e-01 8.545143553338439002e-01 8.577211499459282962e-01 8.506354263509168234e-01 8.519070020253988185e-01 8.547964820281804821e-01 8.489984932527742112e-01 8.562752070633082857e-01 8.476886915419140633e-01 8.511289542246616158e-01 8.545304872900880699e-01 8.586436514613647875e-01
1.141719162917298747e-01 2.055119476454777550e-01 3.748331981867955021e-01 5.217028728554089501e-01 4.422147396279568765e-01 5.030209306641982847e-01 6.973581345030863687e-01 6.638497580479453264e-01 7.626684446386404748e-01 1.000000000000000000e+00 7.619183358741734580e-01 7.771786335227222065e-01 7.234968746448283694e-01 5.738566682893058157e-01 8.000216506308677200e-01 7.832144433198192646e-01 7.430245327834940072e-01 7.315963708764531281e-01 7.479785572238796254e-01 6.180803580455082047e-01 6.746828770458500601e-01 7.011841843978573463e-01 7.476613990074562066e-01 6.904956073524352034e-01 6.924159252908725914e-01 7.900742934816626928e-01 7.695039742586711196e-01 7.685126060436470175e-01 7.549701948349468728e-01 7.734803183993281817e-01 8.126688835069291184e-01 7.985388131709194592e-01 7.248661111878914598e-01 7.567032181898708521e-01 7.770718520221098213e-01 7.302407582714000034e-01 7.830742491755031676e-01 7.922079509117915253e-01 7.929909435033846155e-01 7.476255762034450525e-01 8.047618183942136794e-01 8.008904695407047525e-01 7.656335046115889664e-01 8.053648620351812060e-01 7.993587946875653216e-01 7.985835397748102249e-01 8.068274750131779749e-01 8.193855237960092630e-01 8.129649793567240712e-01 7.639793511555640348e-01 7.894382005633466814e-01 7.124813979850039836e-01 7.900794553584585822e-01 8.245145261542458082e-01 8.170879786989017068e-01 8.214436551007038290e-01 8.012862092997976582e-01 8.105691457500182606e-01 8.175272343853379198e-01 8.087483154721878398e-01 8.094342265711977902e-01 8.110825832557057025e-01 7.977386840894896691e-01 8.066750884552265077e-01 8.017309587748848720e-01 8.062155381298699020e-01 8.140416731580401022e-01 8.158671280542300064e-01 8.219907368209151688e-01 8.137177492035995163e-01 8.047183759144778126e-01 8.123617645740194293e-01 8.074640234684261619e-01 8.046622924550064226e-01 8.209670136076867575e-01 8.130441106332279011e-01 8.118867093703320270e-01 8.168624463495736121e-01 8.190037730747217193e-01 8.119728450172101208e-01 8.150217330825478834e-01 8.206102167745276121e-01 8.187746271274660703e-01 8.087457613399996470e-01 8.037377506389420390e-01 8.074248243712222051e-01 8.022349557310596291e-01 8.161930268357246998e-01 8.084707732208705755e-01 8.190664399432163734e-01 8.045854265094682933e-01 8.123162222341602234e-01 8.115719060608408419e-01 8.095841536521602988e-01 8.112581099686925201e-01 8.161974012523155464e-01 7.967829597472723124e-01 7.958216877963231184e-01 8.126047285068406234e-01 8.078216108406042206e-01 8.039038022673915540e-01 8.065326314220351289e-01 8.058263445869218167e-01 8.070950501626316109e-01 7.994909911930020430e-01 8.081285496021488601e-01 8.168286464358304189e-01 8.181789714078254727e-01 8.214202047446932387e-01 8.165587168987781252e-01 8.151809857288246919e-01 8.139557263768437689e-01 8.130044253016979194e-01 8.079372136073517119e-01 8.077466527053862588e-01 8.096901799524742760e-01
3.627841756054697026e-02 1.576205505242161409e-01 4.108764462377317850e-01 6.018850320560851230e-01 4.883089616382422782e-01 5.546472067706178510e-01 7.550092958279338573e-01 7.393058681634323559e-01 7.939596091370992870e-01 7.619183358741734580e-01 1.000000000000000000e+00 8.757827478319791803e-01 8.015004418181574941e-01 6.498230942668412613e-01 8.679178605380430955e-01 8.631953389213061767e-01 8.143033713469485235e-01 7.850603673390941228e-01 8.185334488800396491e-01 6.631153497839279432e-01 7.704333208136939781e-01 7.947976537255695417e-01 8.063112678302051251e-01 7.303838573504829457e-01 7.538524542938197515e-01 8.495504821426551612e-01 8.316777507922608059e-01 8.427431148050228416e-01 7.989904251423698422e-01 8.103480918282348622e-01 8.778402812621365348e-01 8.846673305760442974e-01 8.056577084061313787e-01 8.408439058312400238e-01 8.408744867752384611e-01 8.311923864632150272e-01 8.621660813427910464e-01 8.812829653388016826e-01 8.836602883468097636e-01 8.444093357883855067e-01 8.970427142707347867e-01 8.971555433130146140e-01 8.675818379128503732e-01 8.979885218660996760e-01 8.922588603713775823e-01 8.920873388805707904e-01 8.962781453265371567e-01 9.002452085272953930e-01 9.011621841856165549e-01 8.659732149373498000e-01 8.870306756316475028e-01 8.323016390107371709e-01 8.889260468937859594e-01 8.937795646514695713e-01 8.858228221456768692e-01 8.962988283457767880e-01 8.791038413234427695e-01 8.961206164841051258e-01 8.955786191045821409e-01 8.937197702992016879e-01 8.966974448915158158e-01 8.900290393634834318e-01 8.852831712397623010e-01 8.964438817507534019e-01 8.898054521101368408e-01 8.921751577992305116e-01 9.012607473894194143e-01 9.016472212480096671e-01 9.043003636189191896e-01 8.954739965735095675e-01 9.010116727797089498e-01 9.013926034420851607e-01 8.818642521894851649e-01 8.830764653027194377e-01 9.066779343617982212e-01 9.028455248746211081e-01 8.988972885120563028e-01 8.943498646944600949e-01 8.967953021383516798e-01 8.883015988436294696e-01 9.001707208706299923e-01 9.051118833906312000e-01 9.053698532630343188e-01 8.937506009648491512e-01 8.966394985123785633e-01 8.961836941519660815e-01 8.973478328886166366e-01 9.039400181164120029e-01 9.014400025572743003e-01 9.026443483234211085e-01 8.988968964740393641e-01 9.044175879324756195e-01 9.045924350347829268e-01 9.034334120051512595e-01 9.008415186186866652e-01 9.024722409822838465e-01 8.941474225903066619e-01 8.892952681270378523e-01 9.042077672219073214e-01 9.020904284977768750e-01 8.993760600929129323e-01 8.990043840155382826e-01 8.977248383384304198e-01 9.014576952967453538e-01 8.993793261373188574e-01 8.957837338641736480e-01 9.035545387932818473e-01 9.020041581431176292e-01 9.038308611823981931e-01 9.025009925262296173e-01 9.040317952268260848e-01 9.021902260141571039e-01 9.005517244143305122e-01 9.005123338111488129e-01 8.992805104288038587e-01 9.001381674274749889e-01
4.431628747731571755e-02 1.264001007145010569e-01 4.361769822990256840e-01 6.684981551463554661e-01 5.174879498996034499e-01 5.892531137096406191e-01 8.028064077226605422e-01 7.811955563073872399e-01 8.302604055606909172e-01 7.771786335227222065e-01 8.757827478319791803e-01 1.000000000000000000e+00 8.296725637833077815e-01 6.753878704960984969e-01 9.134030287769335787e-01 9.111011064073307741e-01 8.571853667795358289e-01 7.998542573925424559e-01 8.379333604642258404e-01 7.097345415746799668e-01 8.248485529585899423e-01 8.473512433558552104e-01 8.232651446794844174e-01 7.322684634419177607e-01 7.657662781766401139e-01 8.833684371590576623e-01 8.714197131751492131e-01 8.803049675578720201e-01 8.251633692052662283e-01 8.251934698390599454e-01 9.058021682946116870e-01 9.194451109459973459e-01 8.520125949533071674e-01 8.738505502574416273e-01 8.756518689379467757e-01 8.786524809129671043e-01 8.950886199910578211e-01 9.229594023037759332e-01 9.296776054600635053e-01 8.866828740319278035e-01 9.292220923870817550e-01 9.343578325130578177e-01 9.159417173392258027e-01 9.412652402254837458e-01 9.328548342776319391e-01 9.311024873764169874e-01 9.285189616371196664e-01 9.307292112593539279e-01 9.379567857219393012e-01 9.151089310762043905e-01 9.342695986475458847e-01 8.838143648752535553e-01 9.298634342904626982e-01 9.272490977290148706e-01 9.201711788666814273e-01 9.258357260519298748e-01 9.275166814736717225e-01 9.345478593160337910e-01 9.322260242493375371e-01 9.324820209704245411e-01 9.424181097696046061e-01 9.305928376820481462e-01 9.346370075437462344e-01 9.390931701283405930e-01 9.320492094910822756e-01 9.367330662371271544e-01 9.330864210062690400e-01 9.272678040995161464e-01 9.358861429496139195e-01 9.375740439347196586e-01 9.403418638782229388e-01 9.343573317056458327e-01 9.051439053215262209e-01 9.038442296035926748e-01 9.403323716588753989e-01 9.348058550500869535e-01 9.352380946455772781e-01 9.246195892724039522e-01 9.288954256380269614e-01 9.113207104867591113e-01 9.298294158099513762e-01 9.349332916232336865e-01 9.404410245198205898e-01 9.280695029610842584e-01 9.366668681384103801e-01 9.276484404159328623e-01 9.328360737813417014e-01 9.405967590648539600e-01 9.372591988138299079e-01 9.344317528365989611e-01 9.378572118063899232e-01 9.381348081908070791e-01 9.404174382243779551e-01 9.389068770430923916e-01 9.339983643611013964e-01 9.355803383224521319e-01 9.368428779128573636e-01 9.362670948869127319e-01 9.435230665404167327e-01 9.414924993193406477e-01 9.398986710261955091e-01 9.416799972968563637e-01 9.371758708525261827e-01 9.407899395541620136e-01 9.408027442948323493e-01 9.381202323695840839e-01 9.409599368771131012e-01 9.340077787906304607e-01 9.357383459103434387e-01 9.373102371258138499e-01 9.388921616141828741e-01 9.389819347810898220e-01 9.367277341576323302e-01 9.402984973820843750e-01 9.357303107103118744e-01 9.401248194005497050e-01
9.109633275560892474e-03 1.512501273638164889e-01 3.748552442199362678e-01 5.621447712908073102e-01 5.067721520865744456e-01 5.380404953924869949e-01 7.181877961939887589e-01 7.026894991326171347e-01 7.527017204835074748e-01 7.234968746448283694e-01 8.015004418181574941e-01 8.296725637833077815e-01 1.000000000000000000e+00 6.372648690545834604e-01 8.338977070669469915e-01 8.347521383570805087e-01 7.778363892651175560e-01 7.092208467757523671e-01 7.543200689808454706e-01 6.049229855604885131e-01 7.017003643742656394e-01 7.355665938235981249e-01 7.319785629264923266e-01 6.490515561135455913e-01 6.827831772352467299e-01 7.898659844568901578e-01 7.597564962424542268e-01 7.744364744683858159e-01 7.196279857874410268e-01 7.355432542770159454e-01 8.230782183827252130e-01 8.358171296704223208e-01 7.506572151552091121e-01 8.019054617944116892e-01 7.831509384570602972e-01 8.059931812649717697e-01 8.133979394299771792e-01 8.312548851633750902e-01 8.457201599606127829e-01 8.002697705638947001e-01 8.594644953875092419e-01 8.569215467222844884e-01 8.394904440971041604e-01 8.602601812519893310e-01 8.576726727114206694e-01 8.506272587308476574e-01 8.674940129732220395e-01 8.689943589237435484e-01 8.635227993504821509e-01 8.234545419438529246e-01 8.421785951701191708e-01 8.157219832872167897e-01 8.584323057640652621e-01 8.585205275375503708e-01 8.342435806725803094e-01 8.415276756034729688e-01 8.332045088595234628e-01 8.627038700098715873e-01 8.426944316935081059e-01 8.715357019641364333e-01 8.569762964056664156e-01 8.574559010311382234e-01 8.391531664072073848e-01 8.667136572936899874e-01 8.596931795465809767e-01 8.627646370092895145e-01 8.704125302516313445e-01 8.616916469869031481e-01 8.606207240069845277e-01 8.542231141567109276e-01 8.602279930643033090e-01 8.619094030460979772e-01 8.281856058964819356e-01 8.342200882342288848e-01 8.647630322732342556e-01 8.630613993139713003e-01 8.571800052859139818e-01 8.438765211183216763e-01 8.554932676888494791e-01 8.453827454992743906e-01 8.556381178577862068e-01 8.637773704531003238e-01 8.674429905520807393e-01 8.525591590416112808e-01 8.609408546747108204e-01 8.597320056659649712e-01 8.633125039368312326e-01 8.674861485172397080e-01 8.686183765965773684e-01 8.569513465960433285e-01 8.609964122582908219e-01 8.704624207516906687e-01 8.706308634940095326e-01 8.697828742804276647e-01 8.728443950440850641e-01 8.725916223988502418e-01 8.600847141795848749e-01 8.568603288994134370e-01 8.697449996415774764e-01 8.670865603847277558e-01 8.718404351814091902e-01 8.661639711561984756e-01 8.733749861653954394e-01 8.741691696899606123e-01 8.704650654244923125e-01 8.651137358699408919e-01 8.722171512339702559e-01 8.684199603501771003e-01 8.679297576799669400e-01 8.719318588558808703e-01 8.697337233649239385e-01 8.767149010775927565e-01 8.725917990578119232e-01 8.733203713971614546e-01 8.706593967510685150e-01 8.738246758574296225e-01
