1.000000000000000000e+00 1.114124510016375885e-01 2.810243652795250680e-01 2.630093742730255091e-01 4.537844290708374639e-02 4.545958106976807217e-02 2.656324962273223789e-01 2.260286227228657241e-01 2.485270887526581929e-01 9.048662459784545531e-02 9.401372892919925006e-02 9.923769675093209452e-02 1.039709104946214130e-01 -1.251879604002368619e-02 1.200291703692829420e-01 1.086508490437218255e-01 1.832390295301697392e-01 2.046151464723766356e-01 2.044995080232597240e-01 2.548895775250762386e-01 2.268208790980386635e-01 1.670736328599389531e-01 1.682323128699955150e-01 1.882201698944909463e-01 1.903663741585780722e-01 1.651972188343573400e-01 1.407210987759514309e-01 1.078684023353259358e-01 2.182408280699076886e-01 1.832209874290962048e-01 1.569187087452709184e-01 1.436982914589862714e-01 1.290315648886825595e-01 1.559766216328691002e-01 9.296818736224046753e-02 9.235454925854971742e-02 1.027461165198803456e-01 1.181770477511753237e-01 7.513740901765102176e-02 7.433091526893156886e-02 5.662741612168360056e-02 5.228509391121430316e-02 5.275317852077179848e-02 5.243653029290737400e-02 9.866043380482565628e-02 5.238812203786556015e-02 3.083664713868812871e-02 6.336972215943374731e-02 7.251160799853978434e-02 1.325887559612349553e-01 1.037276922749686969e-01 1.339149698723837434e-01 9.921525639639962313e-02 6.335612510080999848e-02 9.671238197025629202e-02 7.909691933954791920e-02 1.161460964338010132e-01 3.515378312331277066e-02 7.087665635080228621e-02 3.948286673330292373e-02 3.267914066546419999e-02 6.989254347044965288e-02 6.983569987054671913e-02 7.492733704436077558e-02 8.021244539742873603e-02 1.122040524168005232e-01 6.407870052677114292e-02 6.627672048326395393e-02 9.647265538517005301e-02 9.696365974691202594e-02 9.199388676846878554e-02 7.675150188918969385e-02 1.038729211827372628e-01 7.347114928006293066e-02 9.784972607808947731e-02 7.094600872057428564e-02 7.790122226849297005e-02 1.109292719307559960e-01 8.500621711625992727e-02 8.493529780791891914e-02 4.864363436698478094e-02 5.635841877204343653e-02 7.043155054912215995e-02 5.847020160469756922e-02 6.439298460262775359e-02 7.385016472971991930e-02 4.177602190299827684e-02 4.798761563084239651e-02 3.515055951344055879e-02 7.424730538721502349e-02 5.368793299485962595e-02 3.145123754928939863e-02 4.192316063450628183e-02 1.947572857913762792e-02 8.645452803076575377e-03 1.868363884317975759e-02 4.682054540113237545e-02 7.288665578812468515e-02 1.872098465203682685e-02 4.024454364051733429e-02 1.843673840459386301e-02 3.061651038123778049e-02 2.662606595395687267e-02 5.875730695494916882e-03 5.329787062630775979e-02 5.727582919455502519e-02 4.873740246236664408e-02 2.531426641425467763e-02 4.769668642701652139e-02 3.183304707720267107e-02 2.827097946139954868e-02 3.016657138664632920e-02 1.413805495570686320e-02 2.771311381953117312e-02 6.006304311841453858e-02 6.000869612209640963e-02
1.114124510016375885e-01 1.000000000000000000e+00 7.114665007965159660e-02 6.604674263930983280e-02 1.316594730553724002e-01 1.005025115977864342e-01 1.287876982942454118e-01 1.164021289353505406e-01 1.596611757250795682e-01 2.005929009361405169e-01 1.248560748083427929e-01 1.229602882944917791e-01 1.520135285962500027e-01 1.374830858208728745e-01 1.492112608684688368e-01 1.540966187523477027e-01 1.302203620489201796e-01 1.219930120494637782e-01 1.348447095492667502e-01 7.997346095881763262e-02 1.177468897877334830e-01 1.548486356722388879e-01 1.610391294022246733e-01 1.217888087788205342e-01 1.305120841590934333e-01 1.564284472131893533e-01 1.575482054673053578e-01 1.397339694178263425e-01 1.786201201905478764e-01 1.756964195122629191e-01 1.443517021764235131e-01 1.712854796789444189e-01 1.456895088320949161e-01 1.459030400703606456e-01 1.446818543413867508e-01 1.240210652133193758e-01 1.194261740829282714e-01 1.668072888979992563e-01 1.340902173535541142e-01 1.312459077212509428e-01 1.537228192018547379e-01 1.359664703610029279e-01 1.282675527204571453e-01 1.409779297569303536e-01 1.385051372529697566e-01 1.496507198986051779e-01 1.567053434427243541e-01 1.615716074041777806e-01 1.678589103178028397e-01 1.693248895886864391e-01 1.682603873350728141e-01 1.291522050846155290e-01 1.366615667397418354e-01 1.545829965660210359e-01 1.614981351503189111e-01 1.597562272217618595e-01 1.523575578831234956e-01 1.451549367693524550e-01 1.746352341525336249e-01 1.578866277657713091e-01 1.467058406525831860e-01 1.559546192731211811e-01 1.455638715414305784e-01 1.584142089215575533e-01 1.515072498868536566e-01 1.532774181413228964e-01 1.544552383521002048e-01 1.528137932919960695e-01 1.639398285634426078e-01 1.479296222556120144e-01 1.541902917522576244e-01 1.599459188030974421e-01 1.523987112721083559e-01 1.484648423156484098e-01 1.654985488240896807e-01 1.644217864407235552e-01 1.595562895897877087e-01 1.766783293546882183e-01 1.682852314091502488e-01 1.793391858987963272e-01 1.573273796984624995e-01 1.543054755686260326e-01 1.520688527165718618e-01 1.649608086126904682e-01 1.546299572185919069e-01 1.565681648482824262e-01 1.362535134947240878e-01 1.633441897984966584e-01 1.495216931476421041e-01 1.586477000470663257e-01 1.487743069329933721e-01 1.555497952225558256e-01 1.475970940378141527e-01 1.495672558140172803e-01 1.556213766791456066e-01 1.584115023440458847e-01 1.522260394748387868e-01 1.584426800960654358e-01 1.532360679023644368e-01 1.612401623832269149e-01 1.466895823342762861e-01 1.498231362418151191e-01 1.478654037734211391e-01 1.502080503114216203e-01 1.451808420714097436e-01 1.517243121647869064e-01 1.607297876356145738e-01 1.568446655738779116e-01 1.593356504284192121e-01 1.615663485930759757e-01 1.610464711034051977e-01 1.538798048175679112e-01 1.525842006102524351e-01 1.535675297146496809e-01 1.532893095135998418e-01 1.470072156775172889e-01
2.810243652795250680e-01 7.114665007965159660e-02 1.000000000000000000e+00 4.783202321322164718e-01 1.358755470212495986e-01 2.236297133573235951e-01 4.846586493240470639e-01 4.274489409723359890e-01 4.432534866319026157e-01 3.323181505387888812e-01 3.994915881666812885e-01 3.771570568507219279e-01 3.298088291813590089e-01 2.749109156682439381e-01 4.124817425663128145e-01 3.996154293235994470e-01 4.387559746095985869e-01 4.631143229208055101e-01 4.716294298850504663e-01 4.373309637146342022e-01 4.916292295257886358e-01 4.539789721338043926e-01 4.390320898070234623e-01 4.636009240619752281e-01 4.689159093036246451e-01 4.561191890387410464e-01 4.278362838758638098e-01 4.320970238322212609e-01 4.161872393268984949e-01 4.501011648440821356e-01 4.654758565470094034e-01 4.337859981673773402e-01 4.220371574437714601e-01 4.401673052079147497e-01 3.971915283393802065e-01 4.224537557900476248e-01 4.362927680093706129e-01 4.246898440341527747e-01 3.968731393228343562e-01 4.233756554415131212e-01 3.879475344892294730e-01 3.921913401322491555e-01 3.798098537942636854e-01 3.746480507894470735e-01 4.260881277856204963e-01 3.796691156698912550e-01 3.417906398894469122e-01 3.613486981916835816e-01 3.664070447988296286e-01 4.091047445242203540e-01 3.851686838771350430e-01 3.977275058673070962e-01 3.893870713539029360e-01 3.503929847302770795e-01 3.843003123910795904e-01 3.964702126354281986e-01 3.923604345116901149e-01 3.463369868877543278e-01 3.771998044452243293e-01 3.299216620435336811e-01 3.323391345615553383e-01 3.620553889664742675e-01 3.544433553743216447e-01 3.645046792698294347e-01 3.677717775804088540e-01 3.878357556153421148e-01 3.652718758655661979e-01 3.829190891882730541e-01 3.969753814081646293e-01 4.066169805817492766e-01 4.010026737809636033e-01 3.878593910667770817e-01 4.093186884775937839e-01 3.986870249311909586e-01 4.033581309541202642e-01 3.817725531828248253e-01 3.950277497854260411e-01 4.002377538035316040e-01 3.868730690954065299e-01 3.743776172966007398e-01 3.599654468489993930e-01 3.766385615876262638e-01 3.801810879494847972e-01 3.622820473835487443e-01 3.670353784632514049e-01 3.746702959342977923e-01 3.782297907628512923e-01 3.651685798896509016e-01 3.597503702376758095e-01 3.753769313346189684e-01 3.922928892282273039e-01 3.589837541087121386e-01 3.667631040605517367e-01 3.399429683100491650e-01 3.225974774009739976e-01 3.306499789469833916e-01 3.489634679577385823e-01 3.317472285582162561e-01 3.243860295991568554e-01 3.455268471935019070e-01 3.519525527138284704e-01 3.435987249095750484e-01 3.312352818568530810e-01 3.255302181813845008e-01 3.544486300014695335e-01 3.457582370771867253e-01 3.405632997189523836e-01 3.323395391010735556e-01 3.541309974816806982e-01 3.395801965339230177e-01 3.572708473548630304e-01 3.331839261506007732e-01 3.334939454703116368e-01 3.267620226926756799e-01 3.607618714558507023e-01 3.517652037206437377e-01
2.630093742730255091e-01 6.604674263930983280e-02 4.783202321322164718e-01 1.000000000000000000e+00 2.674190660820955356e-01 3.816636986210754645e-01 6.622845654309872376e-01 6.438373760871548557e-01 6.046551205555261710e-01 4.943421861474079360e-01 5.812667808508706901e-01 6.209960805376369963e-01 5.068802970702591670e-01 4.961860106242726998e-01 6.334931718346368257e-01 6.143876883863680360e-01 6.250841522482383228e-01 6.255653401316016993e-01 6.132395542008746148e-01 6.730077167095159796e-01 6.515672738367525030e-01 6.095973007704871272e-01 6.046797151903140488e-01 6.305155082149032086e-01 5.914353331594960350e-01 6.507739412401127854e-01 6.485589288724576962e-01 6.377193572719469516e-01 6.120761532124920912e-01 6.217175162101093999e-01 6.695478669500116720e-01 6.315449477308195947e-01 6.112002539660079670e-01 6.345785838700764847e-01 5.782776391290124218e-01 6.312156770519495863e-01 6.471699105003988484e-01 6.235236630698544058e-01 6.153071228018499594e-01 6.225595606407366978e-01 5.996481768069623630e-01 6.088052179809676501e-01 6.071846004544524389e-01 5.994624607900652657e-01 6.416640773644365359e-01 5.939387455259590443e-01 5.525492054330699565e-01 5.751675366920522281e-01 5.724412319932011828e-01 6.152870012194955329e-01 5.947554136347418252e-01 6.375814645159287863e-01 6.221732878663681632e-01 5.690197004106216649e-01 5.902349354992283414e-01 6.007807128335507230e-01 6.010532397064998200e-01 5.611413721569807889e-01 5.659559766584745244e-01 5.461190067910778323e-01 5.596960391869728602e-01 5.748248520936878325e-01 5.741707339237889229e-01 5.768605129440665946e-01 5.782316436775558621e-01 6.075070393063373153e-01 5.790972352789887090e-01 5.865824231457072990e-01 5.989043398807828433e-01 6.240366134649119045e-01 6.006822294870296508e-01 5.823782778756269041e-01 6.130469808333265380e-01 5.867104439384137615e-01 6.097121587111671293e-01 5.918861742352500288e-01 6.052289013340438339e-01 6.108271715864773688e-01 5.921908250666743090e-01 5.619812310342847672e-01 5.689314768071008777e-01 5.944323184488075063e-01 5.911299565797566435e-01 5.647674164705749345e-01 5.893643341012007042e-01 5.889500026748429873e-01 5.979137974285545498e-01 5.776813235086313281e-01 5.755847728163286936e-01 5.869722812669720957e-01 6.016581067528811166e-01 5.735365999125555669e-01 5.875236153782830151e-01 5.603224487912047413e-01 5.384963765417144499e-01 5.456667178149643416e-01 5.760165780297603622e-01 5.674924085554545750e-01 5.483184377151645306e-01 5.682146651597163034e-01 5.769688505029753056e-01 5.682344587275222070e-01 5.616165512239548185e-01 5.483446246093598431e-01 5.852710557854315931e-01 5.707261170788997529e-01 5.588871319255521719e-01 5.433920452032033888e-01 5.650861265914043363e-01 5.558621510476774441e-01 5.618966636516486979e-01 5.522890756624061481e-01 5.520541808211992807e-01 5.506529337390827505e-01 5.786092406706679903e-01 5.772521138398207796e-01
4.537844290708374639e-02 1.316594730553724002e-01 1.358755470212495986e-01 2.674190660820955356e-01 1.000000000000000000e+00 3.123871538814569915e-01 3.669599002832034107e-01 4.040269628245757305e-01 4.379891647676809052e-01 4.349988888885678029e-01 4.387435126025885923e-01 4.804463350691748347e-01 4.781621245151241317e-01 4.520809298182700831e-01 4.727655496723577322e-01 4.726114239223830338e-01 4.225263674501146260e-01 4.072920597621959016e-01 4.040896772042814056e-01 3.764942608067481378e-01 3.899470273632126283e-01 4.213240707747791247e-01 4.422021514527332831e-01 3.853346515706820297e-01 3.899061231323858179e-01 4.567450231910872849e-01 4.500741018963008155e-01 4.590833459318445220e-01 3.862959733959987485e-01 4.516729362063194864e-01 4.454449530719187811e-01 4.618556548662514638e-01 4.260736200067425372e-01 4.246404754289069272e-01 4.468472879332443526e-01 4.491046473145776652e-01 4.483033742110979492e-01 4.468158965968728191e-01 4.704044132702251413e-01 4.540194708071442764e-01 4.863080113439960384e-01 4.808750645190458251e-01 4.780726725584372172e-01 4.895740467747051183e-01 4.633059460600286172e-01 4.952363034206113124e-01 4.959957484711457476e-01 4.949544138355518319e-01 4.833035070546466416e-01 4.378602598131623447e-01 4.656947761703587596e-01 4.676988770671205442e-01 4.813757907646425971e-01 4.969982101119336249e-01 4.831055384425091970e-01 4.859383660937050542e-01 4.781172654243177056e-01 4.980806541681671029e-01 4.798802660309716694e-01 5.059522598706798213e-01 4.993742504585401143e-01 4.929518637791592273e-01 4.904621618693297824e-01 4.912485158856215173e-01 4.967020737844147771e-01 4.904232019471381210e-01 4.916558127376853826e-01 4.887315421809370619e-01 4.833833450022174127e-01 4.830025661275601512e-01 4.799741958038217793e-01 4.858688435932981831e-01 4.661366552874890434e-01 4.770627523235627665e-01 4.862284258878996623e-01 4.879527114229503248e-01 4.860208841448087624e-01 4.743627475863616549e-01 4.899596505368320476e-01 4.847692900501889834e-01 4.879528992737415805e-01 4.873061460108699672e-01 4.866123000181268865e-01 4.895299161942133770e-01 4.759661722348537682e-01 4.771475406674481334e-01 4.800476126331904014e-01 4.856447769206357346e-01 4.887656810735683255e-01 4.914633176559559669e-01 4.782891661973480701e-01 4.930927431178435127e-01 4.896068471568319480e-01 4.946729587227741143e-01 4.967315065165038290e-01 4.989070856998557013e-01 4.768266063912894870e-01 4.854119167011679004e-01 4.980583420309429021e-01 4.847248926973329874e-01 4.917655111704132276e-01 4.935554663123087882e-01 4.957821629334966396e-01 4.989510362039224489e-01 4.933389286978996924e-01 4.951157658168633957e-01 4.935613912650792523e-01 5.004641888154509610e-01 4.963179377064594333e-01 4.966921674741580639e-01 4.931429945602596732e-01 5.017151892079219078e-01 4.960619983751529127e-01 4.986166536448324305e-01 4.945522456840937831e-01 4.995650452589848189e-01
4.545958106976807217e-02 1.005025115977864342e-01 2.236297133573235951e-01 3.816636986210754645e-01 3.123871538814569915e-01 1.000000000000000000e+00 4.936729073224703224e-01 4.982124961303377453e-01 5.394801183405593115e-01 5.203314779425325387e-01 5.651175532766872234e-01 5.868003411513776912e-01 5.328232151935174965e-01 5.564193109985502428e-01 6.122565362530275612e-01 5.875041724470657645e-01 5.613473471434242690e-01 5.113625077158860943e-01 5.208452959922499348e-01 4.761962420189857492e-01 4.927454545547053644e-01 5.399116766963297787e-01 5.744033776138945946e-01 5.319811360151227575e-01 4.986191860272154996e-01 5.892918107336028166e-01 5.975239455656654597e-01 6.074589514263698531e-01 5.445200075846904353e-01 5.918594893052333550e-01 6.016915141886417517e-01 6.074899718667494675e-01 5.555299558534401161e-01 5.749822578240795234e-01 5.720135286609175918e-01 5.824443713256522992e-01 5.972845779806154054e-01 5.919089540694577600e-01 6.064355339453082472e-01 5.939261242768029136e-01 6.227946809429131259e-01 6.190949925461873837e-01 6.069890404438722520e-01 6.190676120961250417e-01 6.125283924713901262e-01 6.076318190031771982e-01 6.218147267604543504e-01 6.238937692715136318e-01 6.174944267357519445e-01 5.971780299383470103e-01 6.075656070096346895e-01 5.993023032542876827e-01 6.124118775055106267e-01 6.184627060468956827e-01 6.094217676777268222e-01 6.154658195216781147e-01 6.107851814739616580e-01 6.203780230568963772e-01 6.196073787824402102e-01 6.175077808153486281e-01 6.246138803600813638e-01 6.190768910616295528e-01 6.101167483001909142e-01 6.163997966673867568e-01 6.170228164090203471e-01 6.164068862923534065e-01 6.256873421722457529e-01 6.173266238181814858e-01 6.235497903109746831e-01 6.157954364657513002e-01 6.033196547319530367e-01 6.121724626371759514e-01 6.146084601573397199e-01 6.073266132365480185e-01 6.223306792686696953e-01 6.237145086845894415e-01 6.249989546526208972e-01 6.232122028629552002e-01 6.241454128551301439e-01 6.151459509495580402e-01 6.230265540246550104e-01 6.245125612563440232e-01 6.195691885655537634e-01 6.182921200367461623e-01 6.194765407626414699e-01 6.186623907429563696e-01 6.221676504626638682e-01 6.230007410474142082e-01 6.242339973572695877e-01 6.179848676516807027e-01 6.255160281710461234e-01 6.288283891012712568e-01 6.262591105411505765e-01 6.229053826232159308e-01 6.235093442560775134e-01 6.225799204663515773e-01 6.132178550026363695e-01 6.053320595230573531e-01 6.225063193302147191e-01 6.207529407765542961e-01 6.230900293932701839e-01 6.194546162069419770e-01 6.213330267377786820e-01 6.246334640676795003e-01 6.215565807921761277e-01 6.170492312249140632e-01 6.228466043988754031e-01 6.223041698288045431e-01 6.237383022619585882e-01 6.246564553567519607e-01 6.233821185137412568e-01 6.228901193944321735e-01 6.230810324919748844e-01 6.188783180526022942e-01 6.224022133195570294e-01 6.222456052042628638e-01
2.656324962273223789e-01 1.287876982942454118e-01 4.846586493240470639e-01 6.622845654309872376e-01 3.669599002832034107e-01 4.936729073224703224e-01 1.000000000000000000e+00 7.657041354809092093e-01 7.335007996459677049e-01 6.475389391937852457e-01 7.311929721609161659e-01 7.658202114234805569e-01 6.687068170528492894e-01 6.456724112349140343e-01 8.339869922266820446e-01 7.758611027773730795e-01 7.647835325011450580e-01 7.722638833771542366e-01 7.811021232207250309e-01 7.690822273377215801e-01 7.754682773388081873e-01 7.700095356372800293e-01 7.812899741404794041e-01 7.881525191800309305e-01 7.635397474553661246e-01 8.100012291169365053e-01 7.981688707057692511e-01 8.023044962993195472e-01 7.651556642805112940e-01 8.090421774665166321e-01 8.142991004989729165e-01 8.050707613437781962e-01 7.723508550157551777e-01 7.904486056743189604e-01 7.514245418559853951e-01 7.843214061850080077e-01 7.952932603730162864e-01 7.943357897690073166e-01 7.869035870993955628e-01 7.924012904339686747e-01 7.665980917342301026e-01 7.792219024667113025e-01 7.710996285928982674e-01 7.694656150338933243e-01 8.082856293746741860e-01 7.714094717622672626e-01 7.319183365532563323e-01 7.532845486679636826e-01 7.590399042759601311e-01 7.759116713012541577e-01 7.609848878431596519e-01 7.793572399369569359e-01 7.758414938044110309e-01 7.536070082454942032e-01 7.787026141022116432e-01 7.766482621055141866e-01 7.799937171198527697e-01 7.426652688469079777e-01 7.544690222968092330e-01 7.235394435587266804e-01 7.427171371888652285e-01 7.557932972178150743e-01 7.615714860703876044e-01 7.545697456881945708e-01 7.443996684715880052e-01 7.743071949298765411e-01 7.574229711092023143e-01 7.699288575146838731e-01 7.822677454106735651e-01 7.922502874255723526e-01 7.799152045703779956e-01 7.699808275920320133e-01 7.839922063010285047e-01 7.733231473573193293e-01 7.878100212418389647e-01 7.726101042793471763e-01 7.880013002110334286e-01 7.939963115497460366e-01 7.885287530389549771e-01 7.587655536221595831e-01 7.524247899016479613e-01 7.682837939834200602e-01 7.713069581420994858e-01 7.559854827578152969e-01 7.654218217939512403e-01 7.664758861041228721e-01 7.718808015794176303e-01 7.579963559533070550e-01 7.588600265051581584e-01 7.690491883334192869e-01 7.821611141092413844e-01 7.561387965037495995e-01 7.660803918993034367e-01 7.457028029769662281e-01 7.209453937470126084e-01 7.310052857733033704e-01 7.541034761153485588e-01 7.312649044313411784e-01 7.310982324085446571e-01 7.409764762375427027e-01 7.571059279161969080e-01 7.449714555862191334e-01 7.343947882941308514e-01 7.280678323025014942e-01 7.540974846783843333e-01 7.463427809379016287e-01 7.406888541547556049e-01 7.291033624751713793e-01 7.506587580020412931e-01 7.337896868080471258e-01 7.472603038340203119e-01 7.306063686831966164e-01 7.311220155086365358e-01 7.291355194284758756e-01 7.502011980333554986e-01 7.514539392489801850e-01
2.260286227228657241e-01 1.164021289353505406e-01 4.274489409723359890e-01 6.438373760871548557e-01 4.040269628245757305e-01 4.982124961303377453e-01 7.657041354809092093e-01 1.000000000000000000e+00 7.444570779771201297e-01 6.629945339780686231e-01 7.316287164657730990e-01 7.769805191225127583e-01 6.751404241833816045e-01 6.646388097435508291e-01 8.066353673749447895e-01 8.066397686171865589e-01 7.606086514461690706e-01 7.492714203262115236e-01 7.482506235193100430e-01 7.479221353964341512e-01 7.592581445512830429e-01 7.432441024050588929e-01 7.765057181456792579e-01 7.615822267797692779e-01 7.271116427929503745e-01 8.075459366488298985e-01 7.922737555929814102e-01 7.814028457621018386e-01 7.143729983236926095e-01 7.891926898182073380e-01 8.047216245894172060e-01 8.018994974885910176e-01 7.351956972849521543e-01 7.832168857957633179e-01 7.382046860611733985e-01 7.822086227375398826e-01 7.890308158369433444e-01 7.895310051000841156e-01 7.881860608068411711e-01 7.823500816627918519e-01 7.771285821208742117e-01 7.821652175995659206e-01 7.747208665027236485e-01 7.806945125387136919e-01 8.072477794230060733e-01 7.795336431047361625e-01 7.545949051676520414e-01 7.718202199695002319e-01 7.732116654714528137e-01 7.831997062853867098e-01 7.781071457777137823e-01 7.903706783591188945e-01 7.885581208663278163e-01 7.724083235556565841e-01 7.827878156173424529e-01 7.891445021891385636e-01 7.930184104118250810e-01 7.618488700919521239e-01 7.658626328834733377e-01 7.502748981161608821e-01 7.626559946336641804e-01 7.725457808423756845e-01 7.773546643824157387e-01 7.742118260759773829e-01 7.649008554817856576e-01 7.917941786984411534e-01 7.741712438351113779e-01 7.802762368107725166e-01 7.905164052715721867e-01 8.017611450030058817e-01 7.851576093579298865e-01 7.773887221308865003e-01 7.917716674455511638e-01 7.750872839457770835e-01 7.977641493727513078e-01 7.822045275691590360e-01 7.870659081108108968e-01 7.830195101983953299e-01 7.850802253879383130e-01 7.668773075528139138e-01 7.663859575432284688e-01 7.789882007715973611e-01 7.861513904241659301e-01 7.681600539065263078e-01 7.847901938539544320e-01 7.808758766363572690e-01 7.797579806663046398e-01 7.784061477909864912e-01 7.720781821198584582e-01 7.879628997813875602e-01 7.882813065438971645e-01 7.707769374667540196e-01 7.783809965998157443e-01 7.608929290265558087e-01 7.451033150359991364e-01 7.538110002426809952e-01 7.791398276775380882e-01 7.690067788510150937e-01 7.555475604038394133e-01 7.675473040710032446e-01 7.754576299985904697e-01 7.741613215522960001e-01 7.611256579545133683e-01 7.561635323952731191e-01 7.781992911317007211e-01 7.748700524934718503e-01 7.678587584760220297e-01 7.509013348164380597e-01 7.700242836455060136e-01 7.600498995707141159e-01 7.642858479365842728e-01 7.568645244967500130e-01 7.561540556376249445e-01 7.581983648631110961e-01 7.729120278673402566e-01 7.762193627804930829e-01
2.485270887526581929e-01 1.596611757250795682e-01 4.432534866319026157e-01 6.046551205555261710e-01 4.379891647676809052e-01 5.394801183405593115e-01 7.335007996459677049e-01 7.444570779771201297e-01 1.000000000000000000e+00 7.660980741082414891e-01 7.849178651312385124e-01 8.289194718780669158e-01 7.517939512251908818e-01 7.412650077650597691e-01 8.467896908274935575e-01 8.385665241112698620e-01 8.254319890353104539e-01 7.755578442532631289e-01 7.922843290588366116e-01 6.944567892658960462e-01 7.760645712382141514e-01 7.979635857462894499e-01 8.231720443077427118e-01 7.912396584525062115e-01 7.660852651091492049e-01 8.528576563047067793e-01 8.297862009515075687e-01 8.202272479031478269e-01 7.497357414721050883e-01 8.507541869274037882e-01 8.454441922586326541e-01 8.700655764894790201e-01 7.913553721092564386e-01 8.338784106502589166e-01 8.120838732091903989e-01 8.288327901935248487e-01 8.313193821040770759e-01 8.515053478685344901e-01 8.459471156416217275e-01 8.229885358114915617e-01 8.400835988134867094e-01 8.429152433433645397e-01 8.207648322109283301e-01 8.441268864347583056e-01 8.532402570675156062e-01 8.376092294080867973e-01 8.440045469334334083e-01 8.603810612522069246e-01 8.595221580494796232e-01 8.547279609122836463e-01 8.614190923721577464e-01 8.451834368732518143e-01 8.544517500179273917e-01 8.506935083657828356e-01 8.463309802323855102e-01 8.559769590922889915e-01 8.652656163650204180e-01 8.362459542905299470e-01 8.519519645317300549e-01 8.395587308701129015e-01 8.436630006730128084e-01 8.509919396510224887e-01 8.490920899417345735e-01 8.652234663948220605e-01 8.568942354026685138e-01 8.688350191680114243e-01 8.592610493518726411e-01 8.554638309958940701e-01 8.673872575658664319e-01 8.629723073441025738e-01 8.577073150586110861e-01 8.611455638026002113e-01 8.583814175057065121e-01 8.482125844842332008e-01 8.699158487619942370e-01 8.562267445381710473e-01 8.539846692291710450e-01 8.527051052953508181e-01 8.552225405657623014e-01 8.578950790587207553e-01 8.475704077484318422e-01 8.511897079876843408e-01 8.643255996253171869e-01 8.507844310006082988e-01 8.529693441219833305e-01 8.550707737913935125e-01 8.464166569368941628e-01 8.541634090759138154e-01 8.498585469960926453e-01 8.605377334216700591e-01 8.514100039226519812e-01 8.466438740390281881e-01 8.471628871873860822e-01 8.407647500569659371e-01 8.378735149965715889e-01 8.416940718780380193e-01 8.427264472708326792e-01 8.491233958233568302e-01 8.395615590158936881e-01 8.489609184404726117e-01 8.399021275097265926e-01 8.486597450486995653e-01 8.405760408274863815e-01 8.350741773124910061e-01 8.563345776316367841e-01 8.544426506165392343e-01 8.519988088448821051e-01 8.413714092516270115e-01 8.503202529697045930e-01 8.482398947876189643e-01 8.429170415417351903e-01 8.452088573851072040e-01 8.394010090862557005e-01 8.474899278042843376e-01 8.604037374317488052e-01 8.550850637478983884e-01
9.048662459784545531e-02 2.005929009361405169e-01 3.323181505387888812e-01 4.943421861474079360e-01 4.349988888885678029e-01 5.203314779425325387e-01 6.475389391937852457e-01 6.629945339780686231e-01 7.660980741082414891e-01 1.000000000000000000e+00 7.480123847410512505e-01 7.858032932172048790e-01 7.184683805346159247e-01 7.445312247238562442e-01 8.056894216110327411e-01 8.036343798834482133e-01 7.360994441268791100e-01 7.116057709572910506e-01 7.285246548740598183e-01 5.922061796737925210e-01 6.918062826974173962e-01 7.457326083516601090e-01 7.869661874041505856e-01 7.331514627349650093e-01 7.125567501548308869e-01 7.979222331824381564e-01 7.807804220199028311e-01 7.872687204090628166e-01 6.715718608068015349e-01 8.055811908347119132e-01 7.992254082916903091e-01 8.268258202354011877e-01 7.627844860694414919e-01 7.797340268767873894e-01 7.859627018652671770e-01 7.784188146492430072e-01 7.935431260648894147e-01 8.106207363290712786e-01 8.191709020086372917e-01 7.989605728543150986e-01 8.280463150050061394e-01 8.214282798031289357e-01 7.990450528564795318e-01 8.212029498206735445e-01 8.179358335398724256e-01 8.246816920265964690e-01 8.311071120624479169e-01 8.406123962873481847e-01 8.343374589896092042e-01 7.993478237265929653e-01 8.178391793342674188e-01 7.830428293551422447e-01 8.135180899202512084e-01 8.345781881112834810e-01 8.233817568293384515e-01 8.315670710793227061e-01 8.175477183806503234e-01 8.239188569148907515e-01 8.312544790394221783e-01 8.232857468886498609e-01 8.286359973188378580e-01 8.278735098813126969e-01 8.216151981111796676e-01 8.296048866169338787e-01 8.198466304427505236e-01 8.219407938316215523e-01 8.379906370394587523e-01 8.356099161999936964e-01 8.431387819724842636e-01 8.283919498918147495e-01 8.264393134393281937e-01 8.368206570504548303e-01 8.293164611935842645e-01 8.301912797106237862e-01 8.379894218278911566e-01 8.350685284075012316e-01 8.335200310999640871e-01 8.141517634055761565e-01 8.320856509669786183e-01 8.352413957638112896e-01 8.358858103137813966e-01 8.377665802566992559e-01 8.362118448273168081e-01 8.373744307325147185e-01 8.352072298989882126e-01 8.342870262091212075e-01 8.297006662869069737e-01 8.428070295281614444e-01 8.383902458127943103e-01 8.343755992955331768e-01 8.350633263037758880e-01 8.381727728767934815e-01 8.369209439654438087e-01 8.366786751687936841e-01 8.363485010362264882e-01 8.387341247145628786e-01 8.314227424975582093e-01 8.226100946258646518e-01 8.344869312011807816e-01 8.384962530902181355e-01 8.332645092657513519e-01 8.333040883495784756e-01 8.297884156101877906e-01 8.338753123947351131e-01 8.318765283433077196e-01 8.292775951604053342e-01 8.403409338007574725e-01 8.352224732279126540e-01 8.363091371719379996e-01 8.358486737517321075e-01 8.344997613600070308e-01 8.344374852846024870e-01 8.342794950464865744e-01 8.348504917822934246e-01 8.279890902220172766e-01 8.321249643613520819e-01
9.401372892919925006e-02 1.248560748083427929e-01 3.994915881666812885e-01 5.812667808508706901e-01 4.387435126025885923e-01 5.651175532766872234e-01 7.311929721609161659e-01 7.316287164657730990e-01 7.849178651312385124e-01 7.480123847410512505e-01 1.000000000000000000e+00 8.457390154206264610e-01 7.561589711043050777e-01 7.603168310833960941e-01 8.641329327478128874e-01 8.460715366815104721e-01 8.069776761876140680e-01 7.912352005928341425e-01 8.010347690609435078e-01 7.049748601896433930e-01 7.770712409414251010e-01 8.048061715556110718e-01 8.239005228595021046e-01 7.850104121070496932e-01 7.773916655143540133e-01 8.569979865808843300e-01 8.382364433608927579e-01 8.509176082282122744e-01 7.511615647887299740e-01 8.470556755078195721e-01 8.627145625932769457e-01 8.666735873248994082e-01 8.116322973876202163e-01 8.257270309032773703e-01 8.273178361023992844e-01 8.485910084880122772e-01 8.538013966640184416e-01 8.549440043531227884e-01 8.702660799923300772e-01 8.582478303374628803e-01 8.672336937847827665e-01 8.688618007803583509e-01 8.545580652419452194e-01 8.728862430268251593e-01 8.800718504720621560e-01 8.692322335811283329e-01 8.647522214214058422e-01 8.719043924184385341e-01 8.696921156665242680e-01 8.491552139817665212e-01 8.572245614498705812e-01 8.500802649039692627e-01 8.667000297253418806e-01 8.662108667961490038e-01 8.673600946478103868e-01 8.738266671106490469e-01 8.663340207494943934e-01 8.603527464878638620e-01 8.627771079850105052e-01 8.547394304023526734e-01 8.666971325391519265e-01 8.662945087889776241e-01 8.630939720732091480e-01 8.656597487505852673e-01 8.621561422870182012e-01 8.691934078354770499e-01 8.728551534687493119e-01 8.765066872285406374e-01 8.767842944857471288e-01 8.809134359336293629e-01 8.744207288373381237e-01 8.724761783781883606e-01 8.640784273617394540e-01 8.718356512837204253e-01 8.824349956973220888e-01 8.774119635785275761e-01 8.782400468679230077e-01 8.661338341622293324e-01 8.743324168993541479e-01 8.651607339262100682e-01 8.699527182655052426e-01 8.757493499651558544e-01 8.754682727606296622e-01 8.657245469712294694e-01 8.719866258540928117e-01 8.641428818072268703e-01 8.776387874997338967e-01 8.726190902418083928e-01 8.724413583242884851e-01 8.736498642882272181e-01 8.776727272147540893e-01 8.729886799591173308e-01 8.772636786687230126e-01 8.676742795556027232e-01 8.621567745680971395e-01 8.661110309018713593e-01 8.697459726486825859e-01 8.568267113131905477e-01 8.667251080893177972e-01 8.692989986570333061e-01 8.730103432812074127e-01 8.696821849784804881e-01 8.659027526893929849e-01 8.652517021516954454e-01 8.734552370906522034e-01 8.663757848778209647e-01 8.683201875748497445e-01 8.625154897376300367e-01 8.705539284804817424e-01 8.662529797019259403e-01 8.701824777600069005e-01 8.655805823369452368e-01 8.663792760753155076e-01 8.642209059036120022e-01 8.710822527528786496e-01 8.700941998856903670e-01
9.923769675093209452e-02 1.229602882944917791e-01 3.771570568507219279e-01 6.209960805376369963e-01 4.804463350691748347e-01 5.868003411513776912e-01 7.658202114234805569e-01 7.769805191225127583e-01 8.289194718780669158e-01 7.858032932172048790e-01 8.457390154206264610e-01 1.000000000000000000e+00 8.050279588744770898e-01 8.207680000961520284e-01 9.140651756192073041e-01 9.025554097845941426e-01 8.403793119062926698e-01 8.074546758513410083e-01 8.048723778383589655e-01 7.389272473000203512e-01 7.915910063293691845e-01 8.271254244773645903e-01 8.536230638091711898e-01 8.080375051764598915e-01 7.794312945811426863e-01 8.830939765507477279e-01 8.837032930791753893e-01 8.875479934965961881e-01 7.769010497538857418e-01 8.763783372537233829e-01 8.954184245438275846e-01 9.097832650400539123e-01 8.484132489571013513e-01 8.625593336674108880e-01 8.630408879282999157e-01 8.817222832696188783e-01 8.966253194600015686e-01 8.933260249351884230e-01 9.158783499193037247e-01 8.918952313932936304e-01 9.157730265066619246e-01 9.157291003595200429e-01 9.002433676282003416e-01 9.314918536184833009e-01 9.158252849893956382e-01 9.186600282810984952e-01 9.205731953860428751e-01 9.295674033960712457e-01 9.229624826134776860e-01 8.963209978268764644e-01 9.119004546969462499e-01 9.116419472397823132e-01 9.246732012908212006e-01 9.288649667380016739e-01 9.166649734318761400e-01 9.176384717465172480e-01 9.264302332578950860e-01 9.199533450871678619e-01 9.146869657035560097e-01 9.249871893762082742e-01 9.290101004789962369e-01 9.312694750509576957e-01 9.266412356069211320e-01 9.282021373105384665e-01 9.256947205057808326e-01 9.347820063044559591e-01 9.322998102144032240e-01 9.261428897831838203e-01 9.270638060274324355e-01 9.298590321247803825e-01 9.202444508497603648e-01 9.209857905250176113e-01 9.109024413738463499e-01 9.085665562558675745e-01 9.305059465156403364e-01 9.274746418882156007e-01 9.272867244930936836e-01 9.127030216576437205e-01 9.207861004599524613e-01 9.126185876072212544e-01 9.236692492916713793e-01 9.316839138403208986e-01 9.287977176720429995e-01 9.208025934771290055e-01 9.210285916544461715e-01 9.186436594526569133e-01 9.300953112984645665e-01 9.204958196256219916e-01 9.298655215757777315e-01 9.219262569098953808e-01 9.226064113416870827e-01 9.240684819202314992e-01 9.304820063227737803e-01 9.274858802202254893e-01 9.215478555802768534e-01 9.256452061416908794e-01 9.060425394413936795e-01 9.125071867751031185e-01 9.251036754977948195e-01 9.189584414804247148e-01 9.203772714765692253e-01 9.224071299586529271e-01 9.277011270330504100e-01 9.219013029928011527e-01 9.317837438949574391e-01 9.277696806498206827e-01 9.258198984216913230e-01 9.245027186925194318e-01 9.275931727756744349e-01 9.252257544485331664e-01 9.167654434474447056e-01 9.274170675278805565e-01 9.236059331608411638e-01 9.273429842558580383e-01 9.320199759879623791e-01 9.349053692635600488e-01
1.039709104946214130e-01 1.520135285962500027e-01 3.298088291813590089e-01 5.068802970702591670e-01 4.781621245151241317e-01 5.328232151935174965e-01 6.687068170528492894e-01 6.751404241833816045e-01 7.517939512251908818e-01 7.184683805346159247e-01 7.561589711043050777e-01 8.050279588744770898e-01 1.000000000000000000e+00 7.517684599780815047e-01 8.226119107289767696e-01 8.125781603398146702e-01 7.536331716740582998e-01 7.439639498654750938e-01 7.417998425064287193e-01 6.214528024243329840e-01 7.117041372454145920e-01 7.648634850054258916e-01 7.880615411621655353e-01 7.328519439918540490e-01 7.241098005456479969e-01 8.014664460141655011e-01 7.941520665681878199e-01 7.964156539662960999e-01 6.959971490278334949e-01 8.029122405561809339e-01 7.998036046286458589e-01 8.231971978871159834e-01 7.652426958747614583e-01 7.724791240704926842e-01 7.892794366639278580e-01 7.904685316919406457e-01 7.971105968766273309e-01 7.974607971616275437e-01 8.261203297980932447e-01 8.089814362160567818e-01 8.323609723090259482e-01 8.261017753619954718e-01 8.109349523250540814e-01 8.359997411104470588e-01 8.280102164493218231e-01 8.354209538595629425e-01 8.445873946375613839e-01 8.480844954220801979e-01 8.391913807994479946e-01 8.008452838929112083e-01 8.211255239771335646e-01 8.094754870801794677e-01 8.271156526914790197e-01 8.429647070446782964e-01 8.321092028561178910e-01 8.371071701780702368e-01 8.315776501472277316e-01 8.349149457159079635e-01 8.346380815620312310e-01 8.525507208496501121e-01 8.436168689058096692e-01 8.443118500046720154e-01 8.288108561027753840e-01 8.388287333577122418e-01 8.428756752725936607e-01 8.436442879295575903e-01 8.491877717091148581e-01 8.488645671337208265e-01 8.446964572317353648e-01 8.393514278426714714e-01 8.407127776283024323e-01 8.441483179116666680e-01 8.272629344522703931e-01 8.354276450023760958e-01 8.481673480010045729e-01 8.455544511537264052e-01 8.434449968552016896e-01 8.288188057395985409e-01 8.432696146088553002e-01 8.420762929074105951e-01 8.445721246053705666e-01 8.435172701748795410e-01 8.467938523215460256e-01 8.417391885984715216e-01 8.331261846491992973e-01 8.347176930512488768e-01 8.387347948711992851e-01 8.408883234799148232e-01 8.436382031100484458e-01 8.429932743167355413e-01 8.398096979350663238e-01 8.445796884267187110e-01 8.468836324010862171e-01 8.444065888286544919e-01 8.433760546389859059e-01 8.463565938063580818e-01 8.256597426015525043e-01 8.319025517454525787e-01 8.462516285818068029e-01 8.395210270870474556e-01 8.386506648140154008e-01 8.373041516999469858e-01 8.435288003366531173e-01 8.411197488409771772e-01 8.455995266879016148e-01 8.430808630412940374e-01 8.465375368200810380e-01 8.463050253954721436e-01 8.458868070637584058e-01 8.457857913848093601e-01 8.404265053461059676e-01 8.503120860810474690e-01 8.422781378112360606e-01 8.452781936467759216e-01 8.489119040997112897e-01 8.504145112399008610e-01
