1.000000000000000000e+00 1.977327544134930004e-01 2.716831920496624031e-01 1.264704335737647234e-01 -3.340470838259397123e-03 3.319825087068146302e-02 6.743336655548619329e-02 -3.909925833340225504e-02 2.260447730379700204e-01 5.955507077433695728e-02 1.223611824112198487e-01 6.410771438032808467e-02 -1.840785132895592091e-02 4.186712235403294152e-02 2.176392480138819845e-03 -1.604727357493984305e-03 2.017033019471115018e-01 2.989192365027251164e-01 2.598644198171661812e-01 6.331781300825430059e-02 1.795453335123386729e-01 1.939879953633446841e-01 2.683532695824463743e-01 2.629194746781169378e-01 2.559862908590671560e-01 1.865460663316181322e-01 1.990171042041984917e-01 2.122071995469400063e-01 2.382603760864711318e-01 1.884339654728752200e-01 1.810097664808446860e-01 1.816491177319594086e-01 2.144579441653446661e-01 1.804906824747980476e-01 2.029351132130807478e-01 1.703655888505254679e-01 2.108639922611891815e-01 8.331641516706607409e-02 1.111611783375212048e-01 8.106239822368450920e-02 7.796847795114854318e-02 6.912019798481332244e-02 3.592330788624666787e-02 8.533856563831589137e-02 1.139953401939279853e-01 1.054209885485535292e-01 2.841354756864755693e-02 4.753235722675636793e-02 4.497735914474122743e-02 9.181328624680425154e-02 4.489853696076827327e-02 1.163679805975770670e-01 3.115589824263321345e-02 9.967569955510424684e-02 9.655359215326898836e-02 1.105086478767893371e-01 9.034970762601568506e-02 3.813407738986487883e-02 3.702097957285672980e-02 5.933466905246012613e-02 3.396057918253469338e-02 6.661706758763957792e-02 5.515020050947627012e-02 6.651007952683618552e-02 8.564252494507776370e-02 1.018482399850256653e-01 4.551615660099299354e-02 9.736680021242052896e-02 9.827622353882360662e-02 5.320078251877508740e-02 6.959207594492579363e-02 9.273933793198285702e-02 8.853315194144484312e-02 1.116147433932825755e-01 8.013492967523215549e-02 8.117964123081324035e-02 8.229773166040359189e-02 1.124699642387601978e-01 8.011711224671171083e-02 8.020787599822444547e-02 9.180797203868883150e-02 7.057764273451806736e-02 7.536704322481078966e-02 8.301966317182396526e-02 5.224709177605267596e-02 6.741879078713508555e-02 7.965059860468688691e-02 3.621938795255758015e-02 4.804319868805381755e-02 7.212369889279196533e-02 6.880405806543490876e-02 4.201399389998652922e-02 4.748313194908439228e-02 5.123131705982904294e-02 4.405146269507400313e-03 2.213488546533146084e-02 -5.366703200488640024e-03 3.178964955879459015e-02 1.338701124689652827e-02 6.805345363729841356e-03 8.859168232935430223e-03 3.260612953445285456e-02 1.673416081532591235e-02 2.299345053759484225e-02 4.561317468620186555e-02 5.017400848260091667e-02 2.953351300081371797e-02 4.905828999167341498e-02 5.963658562426857324e-02 3.401086977313817761e-02 2.910655505544691712e-02 2.449106862860493672e-02 3.364693698703884878e-02 3.303890463958100709e-02 4.888279379600368041e-02 4.977351464656652735e-02
1.977327544134930004e-01 1.000000000000000000e+00 1.413544239784239875e-01 7.297534689682974585e-02 6.775441340584364980e-02 7.329697026753748124e-02 1.332648003780610158e-01 1.354305265160312133e-01 2.225195261801354851e-01 2.284445718670722603e-01 1.759900138902017186e-01 1.351690402189303086e-01 1.137134098883899741e-01 1.304231471923603114e-01 1.470989161236247178e-01 1.420091966722374088e-01 2.071504171332036737e-01 1.999796362726698473e-01 1.885572620092972329e-01 8.286918553096916940e-02 1.222904091308618796e-01 1.553913666176165997e-01 2.060055046633041398e-01 1.778742533766289879e-01 1.769646716608971326e-01 1.998298951763136655e-01 2.003159571423746288e-01 2.227007678907537147e-01 2.464147263112010655e-01 2.396135268273352492e-01 2.238917364238054430e-01 1.981531707346172455e-01 2.206295149510717479e-01 1.703447254846968684e-01 2.262517378992146555e-01 1.545605719631246988e-01 2.244844846645585312e-01 1.515822156606012605e-01 1.720221484938464218e-01 1.354350179615895489e-01 1.523509813768145760e-01 1.446352992898086720e-01 1.274372596953172732e-01 1.466513859410574494e-01 1.495318682850588499e-01 1.811678008648054672e-01 1.533555674457000306e-01 1.577899286135968637e-01 1.562555820537331053e-01 1.381183579321524635e-01 1.272952649534084824e-01 1.216740470991790751e-01 1.240074905484711276e-01 1.848348273332508507e-01 1.918387699277376290e-01 1.768629498501498865e-01 1.583998886822388097e-01 1.508664025995090363e-01 1.572795355986106036e-01 1.615530099087605365e-01 1.403425423845581499e-01 1.698119067707959118e-01 1.587966005335995079e-01 1.561086497484885649e-01 1.496461268951204127e-01 1.647754467714915294e-01 1.581789532429409284e-01 1.733751773461830181e-01 1.772988876497476329e-01 1.419062477760404672e-01 1.410982253053212898e-01 1.577603129841914087e-01 1.600208240256900671e-01 1.648235664678172618e-01 1.637873678510592124e-01 1.704733959887830552e-01 1.756918957049832253e-01 1.943134928680762818e-01 1.766679974393998709e-01 1.859244552245938320e-01 1.865795905175770819e-01 1.734788144083071471e-01 1.592457390076462698e-01 1.767795969113406251e-01 1.508488268799250409e-01 1.535647792228265474e-01 1.638044220849916022e-01 1.503744328702786570e-01 1.592611519190971492e-01 1.578012887088869054e-01 1.510530363180254965e-01 1.506185073762161264e-01 1.481989564020929073e-01 1.569568434162956772e-01 1.416246014948638887e-01 1.534674237979649913e-01 1.091487709401353645e-01 1.263293609491158154e-01 1.393485384274731897e-01 1.297402740756092576e-01 1.287509678272243663e-01 1.412364143990376686e-01 1.337516507217053341e-01 1.373352546889471670e-01 1.355645605799181419e-01 1.461409872275743205e-01 1.484266092779658874e-01 1.636896541749481016e-01 1.606075847349619223e-01 1.552732280787769703e-01 1.518665311588680567e-01 1.502627461622693672e-01 1.495464244381299879e-01 1.442859526522402569e-01 1.476713381185005003e-01 1.465945286841195405e-01
2.716831920496624031e-01 1.413544239784239875e-01 1.000000000000000000e+00 3.665634526450020081e-01 1.420373140639057952e-01 2.206874013218251829e-01 2.792941776343390581e-01 1.671426592893839047e-01 4.062485969911057149e-01 2.487732266600156117e-01 4.026725435733369829e-01 3.807082304732275491e-01 2.497435386368988541e-01 3.011168304580286170e-01 2.934631005674071536e-01 2.688429514040510671e-01 4.229106053189357617e-01 5.234892619955657800e-01 5.135075415169573221e-01 3.047659774818174960e-01 4.941285475722320131e-01 4.862076180237391299e-01 4.914597148034511864e-01 5.004004761523069833e-01 5.090948878980320336e-01 4.761053396683684324e-01 5.033829768284523443e-01 4.945963837616762504e-01 4.827524297240899931e-01 4.455648226929671551e-01 4.669690955825907541e-01 4.497941209580527677e-01 4.730852255718513977e-01 4.499179128338927081e-01 4.527134250837772655e-01 4.347634145158181807e-01 4.738971696059014471e-01 3.878427577241026492e-01 4.037091713442991225e-01 3.892750671012157326e-01 3.855057578925559225e-01 3.775054073042213854e-01 3.287913146172613543e-01 3.853166919952160097e-01 4.157528411405576607e-01 3.992576603565196613e-01 3.209596262138864065e-01 3.354632697140890185e-01 3.254781491219830847e-01 3.660038369302860972e-01 3.401314776464204326e-01 3.874534954782102858e-01 3.174274389855394340e-01 3.735146615915941326e-01 3.543528905233060411e-01 3.918768490484348943e-01 3.519866933841618306e-01 3.416229824580437335e-01 3.249478598988381206e-01 3.421147048773784949e-01 3.266176108150388169e-01 3.384078744184850773e-01 3.340196852325539312e-01 3.433789342370199837e-01 3.714773530395142909e-01 3.782116684518048166e-01 3.442513944971939965e-01 4.012949787105617450e-01 3.950379127444774707e-01 3.644449489004201181e-01 3.963403046775274552e-01 3.947391720999576248e-01 3.894562624266908468e-01 4.145135710186792499e-01 3.884675848101557527e-01 3.914509007388492501e-01 3.853173435522562196e-01 4.050690014924191451e-01 3.875733278443165286e-01 3.788161354544862247e-01 3.866862660008321129e-01 3.711939983983912339e-01 3.667696170016699342e-01 3.755975450451594089e-01 3.491395853196630483e-01 3.706595454728163208e-01 3.809135918508260166e-01 3.437291509122691324e-01 3.516488168202316356e-01 3.682227929078829010e-01 3.805139775571834138e-01 3.455970091707297742e-01 3.575172928645848902e-01 3.569642704482799966e-01 3.089416139637106706e-01 3.176450300602176036e-01 3.015904011501224780e-01 3.184509020373405552e-01 3.166957702224514892e-01 3.152265585768839196e-01 3.146170470994092971e-01 3.272946870409505493e-01 3.150046551381435189e-01 3.278763782979113306e-01 3.477397792955645994e-01 3.333280077483919412e-01 3.225076356433635438e-01 3.412476854813523697e-01 3.522347731614096089e-01 3.286659783876673124e-01 3.306512112270148518e-01 3.182723329181391114e-01 3.239274635994677243e-01 3.263390812195216539e-01 3.423112689075294424e-01 3.434353710626273926e-01
1.264704335737647234e-01 7.297534689682974585e-02 3.665634526450020081e-01 1.000000000000000000e+00 3.010866592599142910e-01 3.678991322221610849e-01 5.651715469817244486e-01 4.982541241602372883e-01 4.830885700984549613e-01 3.292215444122442713e-01 5.383122650964904388e-01 6.293792969674345539e-01 4.511449153264909251e-01 4.730799926828967439e-01 5.377745650195180360e-01 5.306288904466045508e-01 5.011118469390642982e-01 4.428243125826503701e-01 5.020246610913066121e-01 5.805348453484140414e-01 5.795048060894303354e-01 5.585720361823804936e-01 4.549775914202801586e-01 4.871800197392252008e-01 4.877630451321555705e-01 5.612589054098007235e-01 5.820716125708009780e-01 5.394221571527900716e-01 4.766890057169107520e-01 4.780935815758872720e-01 5.407092913731809114e-01 5.484077361197706724e-01 5.154764146929552426e-01 5.391959422164580573e-01 4.610876707401350694e-01 5.810489756680122797e-01 5.284039041887834687e-01 5.465308250104582433e-01 5.595386193483619097e-01 5.959400001195591656e-01 5.578428095390697283e-01 5.459706507473135462e-01 5.736225211006014124e-01 5.860254241499758265e-01 5.879930629528803410e-01 5.551124938098823680e-01 5.041526659807966659e-01 5.078544398039078756e-01 5.165362939502614603e-01 5.821695079975998111e-01 5.602385987722694471e-01 5.865310020693643711e-01 5.608835515833880958e-01 5.038070006289662173e-01 4.845313048509746201e-01 5.213494933800779663e-01 5.387928811245956684e-01 5.183888671436459594e-01 4.944544745040450051e-01 5.163307339673812724e-01 5.367758582716731786e-01 5.234482601680801039e-01 5.306208316398074443e-01 5.430005105422028855e-01 5.309477501971691105e-01 5.378213004150903531e-01 5.103429840495442571e-01 5.137114198665656550e-01 5.316607009545308848e-01 5.683311306802294460e-01 5.562781425661935675e-01 5.403902792509941433e-01 5.176444337627043035e-01 5.256752386658137821e-01 5.503748527049701078e-01 5.524671692763343245e-01 5.333921830011757459e-01 5.183727421522821288e-01 5.256489071207147701e-01 5.127121480042025059e-01 5.181408780992263763e-01 5.243765665678560284e-01 5.275471430004377016e-01 5.121765097617562157e-01 5.401958850018797609e-01 5.324797967618282168e-01 5.310967770014231037e-01 5.391045044458738777e-01 5.244810331993015051e-01 5.355457436904491608e-01 5.589427412181976473e-01 5.371231331061930847e-01 5.416135987666017559e-01 5.343172199901181640e-01 5.049133561989734842e-01 5.037065089843117960e-01 5.598510091291295510e-01 5.570956602964013404e-01 5.310977584105678329e-01 5.395415681164006383e-01 5.360586377342702047e-01 5.397551619286710123e-01 5.345120496767595819e-01 5.445319903116876414e-01 5.520800672741410509e-01 5.464237126477686779e-01 5.256654658622247345e-01 5.098098725548947385e-01 5.206882093781995957e-01 5.256539775052487817e-01 5.213523451238951667e-01 5.082730623193308928e-01 5.277270082641303262e-01 5.356723763643110869e-01 5.210884222881901895e-01 5.273154157016503030e-01
-3.340470838259397123e-03 6.775441340584364980e-02 1.420373140639057952e-01 3.010866592599142910e-01 1.000000000000000000e+00 3.115280337459984672e-01 4.243508384458109517e-01 4.582155406521022378e-01 4.027667084599076408e-01 3.453424891046965040e-01 3.955391698159782532e-01 4.662205645282102018e-01 4.520088921562991358e-01 4.192629065483719497e-01 4.753369915512650201e-01 4.844931917539926358e-01 4.052683886224183185e-01 2.691638128644541217e-01 3.306722766266820823e-01 3.806400847164914114e-01 3.530255124032172787e-01 3.835453788307531253e-01 3.033111028012506760e-01 3.185704530311614380e-01 3.337596339565683246e-01 4.060923240205125406e-01 3.829070691579355423e-01 3.697355483772223894e-01 3.278562169105338486e-01 3.697263717114583903e-01 4.074296311856810404e-01 4.211318278940856530e-01 3.700880377772116092e-01 4.070335850259904631e-01 3.802826753270507898e-01 4.172894248409591000e-01 3.985908465915551369e-01 4.503401484996328863e-01 4.505432110675068880e-01 4.399080172567726987e-01 4.605248918478537790e-01 4.673209677283504671e-01 4.798353469537092741e-01 4.713184575895025819e-01 4.525265724157131464e-01 4.479013655882662093e-01 4.765514153257494612e-01 4.681310984861000724e-01 4.730072348593183929e-01 4.663429110432222302e-01 4.779655074036400775e-01 4.556783117069375666e-01 4.737479814723669080e-01 4.471194166930684832e-01 4.447619987465453728e-01 4.461655903707249515e-01 4.612065931511973305e-01 4.688973832229715866e-01 4.595201890167766035e-01 4.696587830829688226e-01 4.797775505177691024e-01 4.654291777863925894e-01 4.670349450830921234e-01 4.720359385595047641e-01 4.653497297133454835e-01 4.627065862723532264e-01 4.721754184321703129e-01 4.493515641644366676e-01 4.571189649598038085e-01 4.660557100555302035e-01 4.609829972190244707e-01 4.601368458999868793e-01 4.484669764624071298e-01 4.451141310950620378e-01 4.636601373117636982e-01 4.620833634637811493e-01 4.559977116057519764e-01 4.382627349214087698e-01 4.537343811660906612e-01 4.567070252974905764e-01 4.531292131154929237e-01 4.611921703021841235e-01 4.611920895968893430e-01 4.543044970759098633e-01 4.709418217715616306e-01 4.638818866634658589e-01 4.608027120678520050e-01 4.740461171676461638e-01 4.714657685470028392e-01 4.661554485195182895e-01 4.664974551566656302e-01 4.763497739648053786e-01 4.702226897828201135e-01 4.721501043653890117e-01 4.793414954218995216e-01 4.769590921994560917e-01 4.789831158709378367e-01 4.813858581503482337e-01 4.827207463375851604e-01 4.821462409399157600e-01 4.810157270373492944e-01 4.787355595775576456e-01 4.804774410176886890e-01 4.819017148873997458e-01 4.752919326138013711e-01 4.755917410406932944e-01 4.778035682018024199e-01 4.703471794605976752e-01 4.665214009934390282e-01 4.759611808060438265e-01 4.752604460188759594e-01 4.796906052155943678e-01 4.753565690097969476e-01 4.791503627244463326e-01 4.722857527058706983e-01 4.711958798917057489e-01
3.319825087068146302e-02 7.329697026753748124e-02 2.206874013218251829e-01 3.678991322221610849e-01 3.115280337459984672e-01 1.000000000000000000e+00 5.195049787645807937e-01 4.738008959068422121e-01 5.156780979075733518e-01 4.289628725857712599e-01 5.228184905400136140e-01 5.585360124896048273e-01 5.073749721761158238e-01 5.314934436807492446e-01 5.844499186414370273e-01 5.592737957009520366e-01 5.132896484750014698e-01 4.287601904020765242e-01 4.804819049736763770e-01 4.578122584297862896e-01 4.947883046894368531e-01 5.211015007667011423e-01 4.387092785713300747e-01 4.703983215036207644e-01 4.914062822844986744e-01 5.399833337321917615e-01 5.298623513230723558e-01 5.187795920852500409e-01 4.843914290299182190e-01 5.186650642317620630e-01 5.562788005370786770e-01 5.624188189786355485e-01 5.233877121702491531e-01 5.461441136823400599e-01 5.231535629583697888e-01 5.484413691769315369e-01 5.425302840572268082e-01 5.785499080340030797e-01 5.830199430469176214e-01 5.647397332163027750e-01 5.807870208067005269e-01 5.799789035161764250e-01 5.804197581812624573e-01 5.943005380196244580e-01 5.824865705722074294e-01 5.827563409495903901e-01 5.871378904610169425e-01 5.898743550864280483e-01 5.872151050352948376e-01 5.787436406478927431e-01 5.896681348988991322e-01 5.615604395334781174e-01 5.831140319912092584e-01 5.805252825910393044e-01 5.768359198321811876e-01 5.732943830322019263e-01 5.882107918719179374e-01 5.837388504262288613e-01 5.857757667701208870e-01 5.879566539487552923e-01 5.906574215252673454e-01 5.924212560741389799e-01 5.945225890222899379e-01 5.895090865332273111e-01 5.823222597717457871e-01 5.880043146184599223e-01 5.902186763614246656e-01 5.881203952381728328e-01 5.911811698465753162e-01 5.985734474113764136e-01 5.924176417854534193e-01 5.884440714980044840e-01 5.840069631857048860e-01 5.814476066792801934e-01 5.915096393863661373e-01 5.932022174530999781e-01 5.895958446490283666e-01 5.758125818477199953e-01 5.805720370493038240e-01 5.840176599054501816e-01 5.841277284730470587e-01 5.903762529069247478e-01 5.895823921332136175e-01 5.895812534670478167e-01 5.899881620663914861e-01 5.888349580359147906e-01 5.868678487562172252e-01 5.954771295621950067e-01 5.878679530000108233e-01 5.878223243029929712e-01 5.926041056918439631e-01 5.958573126732206182e-01 5.924038360610652809e-01 5.919756469231169937e-01 5.896052065284170807e-01 5.901897533980369204e-01 5.908760194042821379e-01 5.878239295123598440e-01 5.935460498547826536e-01 5.963386045877802077e-01 5.936625808681192940e-01 5.965019662216710650e-01 5.924510271420150298e-01 5.942037008250228292e-01 5.907084427590116871e-01 5.924255530035928974e-01 5.943138447086716569e-01 5.916941666078425754e-01 5.937734415809302613e-01 5.981043590019644585e-01 5.975417663731589224e-01 5.919765561225366346e-01 5.932579597798364190e-01 5.921411254582575889e-01 5.898937012454682494e-01 5.891283125300765811e-01
6.743336655548619329e-02 1.332648003780610158e-01 2.792941776343390581e-01 5.651715469817244486e-01 4.243508384458109517e-01 5.195049787645807937e-01 1.000000000000000000e+00 7.390860229624536260e-01 6.517129579952023466e-01 5.797230530412739169e-01 6.538895416508373470e-01 7.810170312216537791e-01 6.965303917081047125e-01 7.038624418568408814e-01 8.324548472325529191e-01 8.057565462495059894e-01 6.741795117201686560e-01 5.020362019848044755e-01 5.890685862607282219e-01 6.823220248074027827e-01 6.198615097123379991e-01 6.668660523119379624e-01 5.549541452874081626e-01 5.839172237932521714e-01 5.888525646312829931e-01 7.066816456282009051e-01 6.719979543902727670e-01 6.682328204449042852e-01 5.870967214937706791e-01 6.279789854847928066e-01 6.924526516878050098e-01 7.391442523468914061e-01 6.695171238641478562e-01 7.155088010024511780e-01 6.316195440755588697e-01 7.370917191260817347e-01 6.835084914615774387e-01 7.708461415798029126e-01 7.709326529432133368e-01 7.911492320156980895e-01 7.777879181590410251e-01 7.758049571176562909e-01 8.041533435327599122e-01 8.010580824735192840e-01 7.777921374368355067e-01 7.687031233458652135e-01 7.624110873321244819e-01 7.673435622518444132e-01 7.766325660771274952e-01 7.940230857244884310e-01 8.024761758449208138e-01 7.672161070775949110e-01 7.844078511381240570e-01 7.415590167908852059e-01 7.439457334980870140e-01 7.499728819778394007e-01 7.769065430300240438e-01 7.686723635912268149e-01 7.620086311280266367e-01 7.599955834990413939e-01 7.897426232395221568e-01 7.712579724982965290e-01 7.815507724773522735e-01 7.863102004724339400e-01 7.472583970393089636e-01 7.596247190868667953e-01 7.633989244296602861e-01 7.465502383037136980e-01 7.634797022254860011e-01 7.893522238933318169e-01 7.646112842460385250e-01 7.583289262223249505e-01 7.507856870070089839e-01 7.375403739904817790e-01 7.700978369521201961e-01 7.702592600000528478e-01 7.608020170662624926e-01 7.292988479752710029e-01 7.493269834044955502e-01 7.418994887304795061e-01 7.451344567301700916e-01 7.538807353001034661e-01 7.707700884726151891e-01 7.533193462381645444e-01 7.841508537958609137e-01 7.715868032724790826e-01 7.625025935016008782e-01 7.867274996677812160e-01 7.716183111568024611e-01 7.753422532739352446e-01 7.874066936263895977e-01 7.840445414551612258e-01 7.805928918600053557e-01 7.784202429722083538e-01 7.692669395460423054e-01 7.690715036027074847e-01 8.035054396924456999e-01 7.919326362207439463e-01 7.869813558653353525e-01 7.965709197257354601e-01 7.940309882516880524e-01 7.873515065202587593e-01 7.858373171867505391e-01 7.912450733089193555e-01 7.864923283484018812e-01 7.868295170828530916e-01 7.810845478315245893e-01 7.686857024790753057e-01 7.746077103015754917e-01 7.812559396697051906e-01 7.783495259760314644e-01 7.672408218253254919e-01 7.792076840828701112e-01 7.851311245726618759e-01 7.648456444952222988e-01 7.645620762925912084e-01
-3.909925833340225504e-02 1.354305265160312133e-01 1.671426592893839047e-01 4.982541241602372883e-01 4.582155406521022378e-01 4.738008959068422121e-01 7.390860229624536260e-01 1.000000000000000000e+00 5.992150543299966658e-01 5.829070395261228832e-01 6.005329193829412882e-01 7.257605604554107082e-01 6.996644365079938144e-01 6.660671555544083189e-01 8.026397208116213822e-01 8.035076607047090258e-01 5.886000045953014848e-01 3.698679775279887783e-01 4.666178845926934882e-01 6.150131070897461028e-01 5.130031210867771474e-01 5.696034339496056642e-01 4.385610464099546357e-01 4.534865855707057025e-01 4.681854953465605651e-01 6.107426420875347040e-01 5.698437579486297366e-01 5.689096743870061257e-01 4.937569186555376133e-01 5.716310624035567667e-01 6.215602357912033415e-01 6.538226176712891302e-01 5.790558760464112886e-01 6.210688430330448817e-01 5.728244380010644177e-01 6.273133504734834665e-01 5.919618070832999290e-01 7.079459884461777319e-01 7.015487147873358253e-01 7.000749423161017893e-01 7.159964678794007442e-01 7.212252976513510161e-01 7.533137549583241999e-01 7.418513451600456943e-01 6.955901356129812196e-01 7.022774206638250361e-01 7.452392360929392945e-01 7.413813874372381374e-01 7.562406781428846481e-01 7.420148695316325371e-01 7.571463920064916975e-01 7.041494302770252567e-01 7.552338152965992757e-01 7.058865026807822352e-01 7.104192275151161029e-01 6.891902963438084617e-01 7.404209944260627951e-01 7.339452704721786125e-01 7.420884421257847308e-01 7.372298009070794578e-01 7.627272109461252780e-01 7.455726561299996780e-01 7.565927413454652806e-01 7.586812895764913911e-01 7.101476751932406239e-01 7.194603500214508118e-01 7.348500540464486530e-01 6.937285470439915613e-01 7.100025739205300113e-01 7.408225142785530570e-01 7.114004991960315438e-01 7.076640711608536138e-01 6.927777868813996820e-01 6.741410334023454354e-01 7.176134730200580680e-01 7.185161851670389677e-01 7.103996469477721343e-01 6.795126804293480927e-01 7.002375015609733078e-01 7.058428101717048042e-01 7.031292027389204335e-01 7.148703433232498350e-01 7.233454237319603131e-01 7.062031205432642844e-01 7.441406198202089595e-01 7.229798324191099024e-01 7.085226350218278846e-01 7.496560043236494275e-01 7.341167162258236401e-01 7.243802524492598538e-01 7.262529674154795112e-01 7.450302087784792526e-01 7.362229088350029649e-01 7.363342824629144356e-01 7.536798029495852536e-01 7.504407227825069526e-01 7.783447603014563843e-01 7.670158171278899095e-01 7.704000379084180450e-01 7.690117049412120709e-01 7.636970371543152503e-01 7.669284224750396728e-01 7.613060227388604995e-01 7.626676315241394111e-01 7.472986149489176944e-01 7.620004218423330755e-01 7.601921285829986719e-01 7.362924636680787671e-01 7.348737102515350283e-01 7.584185648322026019e-01 7.529649041197483683e-01 7.502438848526046256e-01 7.590511712269766287e-01 7.632630139008931280e-01 7.358996374624824366e-01 7.357671369749879675e-01
2.260447730379700204e-01 2.225195261801354851e-01 4.062485969911057149e-01 4.830885700984549613e-01 4.027667084599076408e-01 5.156780979075733518e-01 6.517129579952023466e-01 5.992150543299966658e-01 1.000000000000000000e+00 6.733774837168502447e-01 7.675720179448675129e-01 7.888468480458628029e-01 6.882487268135176750e-01 7.297939962249333501e-01 7.813129313161187861e-01 7.655705414047988544e-01 8.001076575212767716e-01 7.153614835709383168e-01 7.703425506469044892e-01 5.992315129141823071e-01 7.279961383000718156e-01 8.105999165494925940e-01 7.400069754018365753e-01 7.516760650218068385e-01 7.783230062078589917e-01 8.380262179759191410e-01 8.155895148199264755e-01 8.255386099340595862e-01 8.009444094834823336e-01 8.209163366092662173e-01 8.572455888815593283e-01 8.514457808235955660e-01 8.221844124379819041e-01 8.259240757734241933e-01 8.316862331763289484e-01 8.054909770919924661e-01 8.558664227859761331e-01 8.267589918369645519e-01 8.434646294790622001e-01 7.771606462275603144e-01 8.408535130722256667e-01 8.341561609764507335e-01 7.911391225605072242e-01 8.417018271508545091e-01 8.408689287350716857e-01 8.490987676415444607e-01 8.353016027887250061e-01 8.460844272822589662e-01 8.388396674649953866e-01 8.125154985607846436e-01 8.171659933565064149e-01 8.193155947874577461e-01 8.086390424877341054e-01 8.639375322599306406e-01 8.499817052067359935e-01 8.519537346110113152e-01 8.415275594413086369e-01 8.320734428826022100e-01 8.306919909059007345e-01 8.510124917077304119e-01 8.280813246113195580e-01 8.455876468148545433e-01 8.305920437919669386e-01 8.397568919039927193e-01 8.566972635992455842e-01 8.628507564657384998e-01 8.439555647085449364e-01 8.603330320911171114e-01 8.582638750813013084e-01 8.293692774735046402e-01 8.480843101466738476e-01 8.601954409611817232e-01 8.454400417591212413e-01 8.578854837654026344e-01 8.576751162248142935e-01 8.598661141146139997e-01 8.609779721473401759e-01 8.627943375518920543e-01 8.563398093615021134e-01 8.584939598903341684e-01 8.601135297127413537e-01 8.584228159674869296e-01 8.527167883755659705e-01 8.590235874648350922e-01 8.372124792887515321e-01 8.455600371760954026e-01 8.569166264476407724e-01 8.372170308403249495e-01 8.440353020969529885e-01 8.504731887903119736e-01 8.446420190010247575e-01 8.432509031934698474e-01 8.440842634128775668e-01 8.468721181161006362e-01 8.269220722177065275e-01 8.365546826747599640e-01 7.918049313182882187e-01 8.200015161296535515e-01 8.243184553484168564e-01 8.164977332603657878e-01 8.162546238588406222e-01 8.330068529098431096e-01 8.225937358295952739e-01 8.306103125655974750e-01 8.368570231903676993e-01 8.375612015628338680e-01 8.349848063565393774e-01 8.487198190579884338e-01 8.491026077923635729e-01 8.408011592768451781e-01 8.366801481019088271e-01 8.371290216665187023e-01 8.376266060193141572e-01 8.368580776990116599e-01 8.461328830067758044e-01 8.456778266987596826e-01
5.955507077433695728e-02 2.284445718670722603e-01 2.487732266600156117e-01 3.292215444122442713e-01 3.453424891046965040e-01 4.289628725857712599e-01 5.797230530412739169e-01 5.829070395261228832e-01 6.733774837168502447e-01 1.000000000000000000e+00 6.351900974284471202e-01 6.710235494307438264e-01 6.233665790082653091e-01 6.512940148229459103e-01 7.197537126760945592e-01 7.100985156901442608e-01 6.426733448758072953e-01 4.894077693144497920e-01 5.598904603007600622e-01 4.515614880632374817e-01 5.228553231562315107e-01 6.187608544958403956e-01 5.526220541912298945e-01 5.391057533082751485e-01 5.750120261952220702e-01 6.735128361518757378e-01 6.450738780495801628e-01 6.620203287060864028e-01 6.378715773834486846e-01 6.931631777121312066e-01 7.049082027653581495e-01 6.933859627827951844e-01 6.639220426195955316e-01 6.593594884531507327e-01 6.835687667732781581e-01 6.328838743227074293e-01 6.768137565204643824e-01 7.198819306725785516e-01 7.200955034136727884e-01 6.512105689139799924e-01 7.270838708518683191e-01 7.317910509514757855e-01 6.947122732502117870e-01 7.190706919593846669e-01 6.966672295015075012e-01 7.264647141989185597e-01 7.558384082291219608e-01 7.599060965105878251e-01 7.507620015220193288e-01 6.814601146567151879e-01 7.139784048229335101e-01 6.513825315386543302e-01 7.031822019094310372e-01 7.500571351324714087e-01 7.472203280531288794e-01 7.320318903369031904e-01 7.179904368894065581e-01 7.451568221348943144e-01 7.517116862192003701e-01 7.527357891808367230e-01 7.349308211620969589e-01 7.464734746392303055e-01 7.315888532476044759e-01 7.381619789766347139e-01 7.283344090455580178e-01 7.322557287472876153e-01 7.557108487126403817e-01 7.395821898638688108e-01 7.400381057972817977e-01 7.136988814666347380e-01 7.266988824115115930e-01 7.360176025493443408e-01 7.270345514114827656e-01 7.253129778338919253e-01 7.418558638739770617e-01 7.451467928993931178e-01 7.501776739112056003e-01 7.450890663686235982e-01 7.469572362899666862e-01 7.574400145400546069e-01 7.512090101563618783e-01 7.553997388769233545e-01 7.452684916615485156e-01 7.510632777518327918e-01 7.406579958687261600e-01 7.414881123357484061e-01 7.441942558319341039e-01 7.499369562033179060e-01 7.540229158791671438e-01 7.421780207826570441e-01 7.346861358809254616e-01 7.507981964609985459e-01 7.440882448959880158e-01 7.516346468121517521e-01 7.546018195834062192e-01 7.601359846961255329e-01 7.110566660000500194e-01 7.184764173792030917e-01 7.430973872315204121e-01 7.391691458238491830e-01 7.357356746237577738e-01 7.403265137667446316e-01 7.392702404245498071e-01 7.402044104375047340e-01 7.293990918738898488e-01 7.369324682687234951e-01 7.515759853403972679e-01 7.577488894076938042e-01 7.506556237107032681e-01 7.553487145448167794e-01 7.529622392154144972e-01 7.564545922576341175e-01 7.492130118947015749e-01 7.467072466233474204e-01 7.494934299736398797e-01 7.415208710632810174e-01
1.223611824112198487e-01 1.759900138902017186e-01 4.026725435733369829e-01 5.383122650964904388e-01 3.955391698159782532e-01 5.228184905400136140e-01 6.538895416508373470e-01 6.005329193829412882e-01 7.675720179448675129e-01 6.351900974284471202e-01 1.000000000000000000e+00 8.188368654670296065e-01 6.937279743552841049e-01 7.298062262383516741e-01 7.886426501668714062e-01 7.720334635626011632e-01 7.735220912272636751e-01 7.004711802206732285e-01 7.587295803833413732e-01 6.179527381053240287e-01 7.461993653286538297e-01 8.127806492639004787e-01 7.288644762891781648e-01 7.407947861373554987e-01 7.703182778528405716e-01 8.311082035866558249e-01 8.326998818275914704e-01 8.227225617988978001e-01 7.891589020253378939e-01 8.071343851112702250e-01 8.489794400134540453e-01 8.406040254375183318e-01 8.163003302088169821e-01 8.248175285937414669e-01 8.126083325031575599e-01 8.135153452832684096e-01 8.385250468898465259e-01 8.469342550660329261e-01 8.492567251771593329e-01 8.097527893552123324e-01 8.494635097514701139e-01 8.463224762282827163e-01 8.074891798869548998e-01 8.506360383195250563e-01 8.553375796440783052e-01 8.523756119677815546e-01 8.351358248228176739e-01 8.429218811537328993e-01 8.357998640327127804e-01 8.235565427217290679e-01 8.346158673624998192e-01 8.199160497412107951e-01 8.128026660706640927e-01 8.466991137346706608e-01 8.336058300592711356e-01 8.485989083135099253e-01 8.307379044464169304e-01 8.379896183998455372e-01 8.310806805160008137e-01 8.396043469811568238e-01 8.316812752949039877e-01 8.396153447952744431e-01 8.303538035667100692e-01 8.359647106505228020e-01 8.505581919349243236e-01 8.499076976937137706e-01 8.472505698605700131e-01 8.586087936208869342e-01 8.583425796144495967e-01 8.428697909158398005e-01 8.610282692556329165e-01 8.654047480723751073e-01 8.480596042785750743e-01 8.596360467409321915e-01 8.662990640911529816e-01 8.649543389165023077e-01 8.624855562946162069e-01 8.605950573285564564e-01 8.595768416450745297e-01 8.584269870736882524e-01 8.604378007513737714e-01 8.623596837520792757e-01 8.539940577542426414e-01 8.554956656448451380e-01 8.472086535724314693e-01 8.538452686683569715e-01 8.604488209065430659e-01 8.491748210406406816e-01 8.528139921707499349e-01 8.560063640158220855e-01 8.590117476455889634e-01 8.512235350730851247e-01 8.521782351282908285e-01 8.545014159582644542e-01 8.338046128250462541e-01 8.383971689978191311e-01 8.158189679239274961e-01 8.283304373917129704e-01 8.376245291559393236e-01 8.335257627932252111e-01 8.322183889923676636e-01 8.413119199202260257e-01 8.311074058605264492e-01 8.412639037165954292e-01 8.468819706320886986e-01 8.381490576691424943e-01 8.402675139343189770e-01 8.476133924361284322e-01 8.506944095302854114e-01 8.420442234176609420e-01 8.416719262509118060e-01 8.374469463745293218e-01 8.405943013570161826e-01 8.407788680035964690e-01 8.480485717350799701e-01 8.462244876651142667e-01
6.410771438032808467e-02 1.351690402189303086e-01 3.807082304732275491e-01 6.293792969674345539e-01 4.662205645282102018e-01 5.585360124896048273e-01 7.810170312216537791e-01 7.257605604554107082e-01 7.888468480458628029e-01 6.710235494307438264e-01 8.188368654670296065e-01 1.000000000000000000e+00 7.812944211607054656e-01 7.945832516615115582e-01 8.920222781491643493e-01 8.785806323709105525e-01 8.023190217527097490e-01 6.366083340249549805e-01 7.256602562557051828e-01 7.254960790753793853e-01 7.494577545666839535e-01 8.074892761317382650e-01 6.800314037713213189e-01 7.100610257978497986e-01 7.310994834700771383e-01 8.500539266137411287e-01 8.311971285778390062e-01 8.160610739521146906e-01 7.522154995780095943e-01 7.956059353480510188e-01 8.563523544383441211e-01 8.659807609383075588e-01 8.132280723670697320e-01 8.436393777455950538e-01 7.996289222132568764e-01 8.540856470155379077e-01 8.407018256244378485e-01 9.029240250094772158e-01 9.009080652613988827e-01 8.801804003351486605e-01 9.102507813956574045e-01 9.093156150598010745e-01 9.004808970054462014e-01 9.260081231979244709e-01 9.129678333888325836e-01 9.076669357128533955e-01 9.083917486658565910e-01 9.099756510650685026e-01 9.116254428561767487e-01 9.030228332101750688e-01 9.185698391327774548e-01 8.906144866638946445e-01 9.103115217174549967e-01 8.959641930921592445e-01 8.795222193110010522e-01 8.895106967187970115e-01 9.073767919242858859e-01 9.051266365181390716e-01 8.994404358421284051e-01 9.103167767155392331e-01 9.194256669843282603e-01 9.122842033452470689e-01 9.112007837758948625e-01 9.189983661180542995e-01 9.056894790390953576e-01 9.120710515570089605e-01 9.117320620766445893e-01 8.971992112450660750e-01 9.059460425346801404e-01 9.207255125369298021e-01 9.150606116631136988e-01 9.117517775378575218e-01 8.929908669516650743e-01 8.905273048135832203e-01 9.205337592438755934e-01 9.192165805922996036e-01 9.103148040452662126e-01 8.909641933088883192e-01 9.047924875414905532e-01 9.036783920774222878e-01 9.029324011328647703e-01 9.140293927122915552e-01 9.120241530150196008e-01 9.045787819675867869e-01 9.152713611022654794e-01 9.113687236528298374e-01 9.124478384182963531e-01 9.209643191805144680e-01 9.156548054873716591e-01 9.143889358508628940e-01 9.213416876381705922e-01 9.233902420690547341e-01 9.232333577382103584e-01 9.204231100359471229e-01 9.126508782890172533e-01 9.129680101739433562e-01 9.132442164180383237e-01 9.194453133077901130e-01 9.194290535046429902e-01 9.206605779455799832e-01 9.181474609860510450e-01 9.223683347671040034e-01 9.195851305840012646e-01 9.247837482514803531e-01 9.232904179453319538e-01 9.190356034979211275e-01 9.200749799063090428e-01 9.139034586714417374e-01 9.150823768450780937e-01 9.182618824877448738e-01 9.161953060397839410e-01 9.140927721880236501e-01 9.194466306662539834e-01 9.231068692867854253e-01 9.149216512538317359e-01 9.173127285417007615e-01
-1.840785132895592091e-02 1.137134098883899741e-01 2.497435386368988541e-01 4.511449153264909251e-01 4.520088921562991358e-01 5.073749721761158238e-01 6.965303917081047125e-01 6.996644365079938144e-01 6.882487268135176750e-01 6.233665790082653091e-01 6.937279743552841049e-01 7.812944211607054656e-01 1.000000000000000000e+00 7.232836681568747261e-01 8.277984368244338809e-01 8.233913319515069329e-01 6.895307084527707575e-01 5.011319164283014604e-01 5.846239082023712008e-01 6.035976795305113551e-01 6.023470010283580311e-01 6.838745039549899429e-01 5.526279783649706845e-01 5.783600384946734341e-01 5.998775976356222062e-01 7.229239334449676369e-01 6.823116131253178507e-01 6.885351204136628267e-01 6.278038500241683861e-01 6.887807926134303926e-01 7.330468454675758139e-01 7.486599125240676056e-01 6.917845060684525427e-01 7.259152027381776673e-01 6.977617732547043428e-01 7.256135847791882476e-01 7.192549578644107378e-01 7.984629384949553099e-01 7.950371721233405742e-01 7.620283553756350692e-01 8.143095278178589247e-01 8.083362810826595357e-01 8.072772046456261341e-01 8.194125215977789978e-01 7.996293292727244539e-01 8.011340526409050922e-01 8.344703100774533144e-01 8.340029946814742079e-01 8.317661521057876373e-01 7.939159226899571431e-01 8.209020037191719910e-01 7.789799823167796733e-01 8.246759185478822474e-01 8.129638354269288492e-01 7.985013130172480267e-01 7.938186065364801758e-01 8.104739288626580107e-01 8.294639420050535783e-01 8.199532840086146690e-01 8.341415075314239091e-01 8.361168506564558012e-01 8.258897886412970291e-01 8.203790977010022578e-01 8.291833422076224647e-01 8.154383991148959065e-01 8.168906778485977016e-01 8.336596051315640077e-01 8.027867574855663824e-01 8.088614377330762828e-01 8.173159092799457959e-01 8.142924669646772751e-01 8.126351366965095524e-01 7.979327155785231884e-01 7.925216143403083224e-01 8.206345953105549373e-01 8.185580347961226577e-01 8.179590414069944915e-01 7.931810683383377913e-01 8.104824206223240068e-01 8.138129288156592533e-01 8.114236796147464847e-01 8.222609676814819357e-01 8.210760842672515381e-01 8.156774248941722760e-01 8.276419964474487356e-01 8.212278396405936487e-01 8.198675424624156660e-01 8.354800201040291086e-01 8.324884495119138084e-01 8.225504352429040544e-01 8.212803680577224208e-01 8.370160529254978554e-01 8.324491811836854938e-01 8.323491664830475756e-01 8.420433188641838207e-01 8.407306325346859399e-01 8.273556507555679396e-01 8.330462291148700293e-01 8.387743342965922055e-01 8.383564040233151271e-01 8.366519845330226968e-01 8.360562889589698843e-01 8.408880719926984382e-01 8.414938351861968036e-01 8.347931601930008716e-01 8.319876598637429010e-01 8.400082636846666340e-01 8.345216323428610306e-01 8.292542614624403008e-01 8.392491202838793241e-01 8.368078404951960758e-01 8.420370722989448664e-01 8.394018321386227388e-01 8.395970202568776575e-01 8.338552725608487926e-01 8.349135572151582529e-01
