1.000000000000000000e+00 1.678120999618580300e-01 1.147759847908205871e-01 -5.007337145615087942e-02 3.699086016332365362e-02 3.951428333849581892e-02 4.075097160093825097e-03 1.801654632131421616e-02 1.727497474599891669e-01 6.137048573675071145e-02 5.796971552216798051e-02 -1.612757844565330251e-02 3.022813583559425671e-02 -8.463697565286133068e-03 -6.529147973139895825e-03 6.843714524368859839e-03 1.069658329508542810e-01 2.244752791656526858e-01 1.701288923515265616e-01 1.968106049694289539e-01 1.703046099855552442e-01 1.537297104680271087e-01 2.047936402816907531e-01 1.658363952149110310e-01 1.538166900791565483e-01 1.183979321009252933e-01 1.181921041058552335e-01 1.187645900497484308e-01 1.569810075497578838e-01 1.629425104322112794e-01 1.391513112133810071e-01 1.382979282337126192e-01 1.167643936738307908e-01 1.710039966802603395e-01 1.131821134205664575e-01 6.186472978526504768e-02 1.344513583702526272e-01 5.377044288616854295e-02 8.820969461952210544e-02 3.134225745092154847e-02 4.303358916303660214e-02 1.712566282028218922e-02 2.099773396341990742e-02 2.202084534585743020e-02 5.621336034032062279e-02 4.701657869216310792e-02 7.761078974142627922e-03 3.897921177501342815e-02 3.352762072327344217e-02 8.130788908513417179e-02 6.401316728533751332e-02 3.027776819173889217e-02 -1.852597967266294762e-02 5.909634262324238441e-02 6.407699137498762409e-02 9.369826426507138484e-02 8.222636995585010100e-02 2.715259348897432201e-02 4.931236838746105161e-02 2.035587004928123347e-02 2.845290028700940901e-02 4.800645826423106249e-02 4.754017550087614313e-02 6.137937589927727755e-02 6.628029863218062867e-02 6.933555403994659527e-02 4.041105812871665509e-02 7.568641205299282693e-02 8.432778578817978765e-02 7.782083693450167483e-02 5.499954258544144381e-02 5.721549655566664228e-02 8.189130273915513902e-02 6.894077457273688203e-02 4.366844358548149785e-02 5.778131982409642070e-02 4.589561598053736036e-02 6.811677077445005279e-02 4.134471008739230152e-02 6.998002519709865810e-02 8.923862065253840292e-02 5.800585812369321581e-02 7.106317881282311899e-02 6.392061571199386671e-02 5.433399774014369132e-02 6.928999679735940720e-02 5.697517191506928924e-02 2.971060631817063272e-02 3.984148583617318218e-02 6.755504195510728116e-02 2.358236615364830632e-02 1.195252549611650582e-02 2.358676514773963909e-02 1.262555416849715784e-02 2.908272531576623805e-03 1.752335705505931804e-02 -2.618710121392248905e-03 6.723986857392316718e-02 1.149493460422109162e-02 9.171908714104039240e-03 -2.246661374089778309e-03 3.251187956307471233e-02 -3.994906326937911964e-03 -2.652597755424034118e-03 2.897564711054724865e-02 4.208409272328252765e-02 3.330102252558721915e-02 2.570765108864225129e-02 3.515736896078370394e-02 1.030354231080267587e-02 1.756334219248427420e-02 1.884782456898375161e-02 2.093376773728553714e-02 2.784033837884134985e-02 3.843550074539744260e-02 2.809029165470715989e-02
1.678120999618580300e-01 1.000000000000000000e+00 1.254498383517769211e-01 4.934886253309152954e-02 9.793674511441928521e-02 8.852468882328871913e-02 1.420933136131733165e-01 1.131955508913348452e-01 2.339660672276701603e-01 2.050528562957142920e-01 1.953792259102875573e-01 1.145989708231276993e-01 1.299765208023756224e-01 1.176403356031297393e-01 1.506680713431670093e-01 1.504689892665141693e-01 2.138715074510627312e-01 2.454501548049653759e-01 2.010763778934465396e-01 1.897068271621433211e-01 1.500812372222379842e-01 1.653503919430445168e-01 2.290029334077599010e-01 1.598525472202658726e-01 1.578676169013670805e-01 2.059229192145529408e-01 1.941810903584628711e-01 2.243683056419203681e-01 2.350114332844390752e-01 2.225581566933717281e-01 2.216589220119999926e-01 2.286648908445514106e-01 2.283403166997081402e-01 2.163611774974110724e-01 2.215389590993697699e-01 1.471855007825652040e-01 1.984788672592433800e-01 2.035826093798143999e-01 1.990542245726429627e-01 1.638013710176284277e-01 1.756404688286736793e-01 1.581612976424468520e-01 1.336594256583725493e-01 1.545474186156700624e-01 1.679076380300869586e-01 1.810836858996189014e-01 1.643303300683672530e-01 1.823445897213478439e-01 1.716079273858256704e-01 1.828072062839485312e-01 1.938917090107387664e-01 1.345520418611476643e-01 1.334156216269572204e-01 2.001605430461033674e-01 2.062861862581675532e-01 2.063466909847441466e-01 1.897864844919676386e-01 1.719715591269632415e-01 1.884707347634826946e-01 1.626755004903631674e-01 1.591563614174575092e-01 1.852193891953017868e-01 1.790889250949914691e-01 1.792413055300954017e-01 1.875489499493521450e-01 1.900338760571800290e-01 1.791585924141949893e-01 1.910117550912991402e-01 1.985599833639177525e-01 1.858669276955806637e-01 1.649856064478738282e-01 1.727745354356193808e-01 1.783675751526561104e-01 1.614973558940416276e-01 1.818328488109733354e-01 1.874950434113178688e-01 1.802442386643042516e-01 1.996037134718597617e-01 1.829894548101866913e-01 1.919368154274162519e-01 2.005107355574903827e-01 1.872537818552390820e-01 1.919973040655801044e-01 1.935749839495800595e-01 1.749028748458095472e-01 1.869684748341200464e-01 1.794616461155387199e-01 1.776290063125804952e-01 1.784065992456576322e-01 1.968195056211158867e-01 1.734729640431759146e-01 1.603611005995518590e-01 1.627403598785128469e-01 1.618749587721277639e-01 1.570475039495298764e-01 1.697769787768057259e-01 1.346000276418511943e-01 1.717067272166697689e-01 1.542995381772374053e-01 1.606838321715287066e-01 1.465870550608920353e-01 1.683917017533360649e-01 1.448084904741400447e-01 1.474364764178912046e-01 1.594349255212216265e-01 1.736002482831147387e-01 1.703782914868142151e-01 1.790923895832599311e-01 1.862386461697471129e-01 1.611059570467019142e-01 1.776460627296889139e-01 1.660198003247493059e-01 1.706219768856416241e-01 1.676391960809428816e-01 1.723632209765114387e-01 1.679266010393818953e-01
1.147759847908205871e-01 1.254498383517769211e-01 1.000000000000000000e+00 2.873181441594430674e-01 1.870943235978325681e-01 2.369806924667926251e-01 3.098874752941333521e-01 3.015114311251685386e-01 3.641212475096670675e-01 2.778054850029917922e-01 3.797929996175791190e-01 3.443919202896096321e-01 3.118299852257355176e-01 2.915854801615271885e-01 3.386728090649879785e-01 3.324445234310476893e-01 3.375098364233420356e-01 3.435272805062000168e-01 3.603058164440511857e-01 3.166683943690091207e-01 3.447928472395361266e-01 3.973666480937433354e-01 3.696061480505413166e-01 3.419789797802190723e-01 3.594912202104365018e-01 3.979351211263008059e-01 4.139131304746581086e-01 3.964115015367181138e-01 3.743279781868862899e-01 4.098975137705399008e-01 4.284917904424987989e-01 3.741578747906157409e-01 3.628517818695327635e-01 3.735015709574091014e-01 3.541681852185035728e-01 3.477187112470576102e-01 4.003853128882027823e-01 3.644179332831183338e-01 3.793423296565416880e-01 3.731341909733972839e-01 3.685992978880685556e-01 3.647545130348255893e-01 3.710490741875612231e-01 3.711642224106166399e-01 3.859403458063721537e-01 3.796811336653016511e-01 3.364207303944705130e-01 3.395572941479124141e-01 3.345894642362024496e-01 3.538384365685074417e-01 3.583215915157974552e-01 3.374313050538823022e-01 3.284946726804179318e-01 3.329304782063994272e-01 3.504445607455932699e-01 3.692715858510718929e-01 3.352560483961835036e-01 3.450668175253438497e-01 3.465131472977748261e-01 3.429385763897245809e-01 3.430878176118382084e-01 3.402135580744826138e-01 3.429719916183019413e-01 3.356762075824605285e-01 3.583368512798225103e-01 3.469332946780291915e-01 3.449782370067590587e-01 3.628981971288085528e-01 3.595279919028551707e-01 3.653673213977721712e-01 3.768977429957514613e-01 3.708804790732365131e-01 3.583165188544272795e-01 3.693370934778011927e-01 3.701604407669885632e-01 3.743878588880911185e-01 3.640458529281099254e-01 3.671814692490117937e-01 3.646754424722619126e-01 3.635571897866777258e-01 3.820325884290036722e-01 3.745646862721819792e-01 3.588867663605140312e-01 3.548969225205380607e-01 3.537971229665348716e-01 3.541401743854079021e-01 3.688955901008686977e-01 3.536850005345649750e-01 3.538546703665900184e-01 3.621948237074929522e-01 3.628348711321436881e-01 3.495739593042763715e-01 3.590213964793439461e-01 3.563825697258105607e-01 3.326785348960983324e-01 3.365534547910075669e-01 3.336212107997963416e-01 3.317348432709829598e-01 3.363430294601402193e-01 3.423687298311978155e-01 3.432707417822069007e-01 3.391196801833427643e-01 3.281331684103988011e-01 3.403470086275185436e-01 3.425419157880143506e-01 3.424970236115397193e-01 3.381560790614694945e-01 3.382163635361787879e-01 3.437462437077608013e-01 3.380174359621472835e-01 3.467787999944847432e-01 3.409788100017119294e-01 3.359612468086119463e-01 3.343309881685254115e-01 3.458227845232355047e-01 3.368281475750942167e-01
-5.007337145615087942e-02 4.934886253309152954e-02 2.873181441594430674e-01 1.000000000000000000e+00 3.537281507884103005e-01 4.050817520628090529e-01 5.525625669659016692e-01 5.714757291033483178e-01 4.575005845337580257e-01 3.810876098185673744e-01 5.326822900658293447e-01 6.621490700466634571e-01 5.042697463532740398e-01 4.810316947444728819e-01 5.606064339444999378e-01 5.764848894112630795e-01 4.282211086474300155e-01 2.950359646102468369e-01 4.152849491416402694e-01 3.824622338307434033e-01 4.960601923217021758e-01 5.674705879177670553e-01 4.185990223416481415e-01 4.328337217654267266e-01 4.854420857550192925e-01 5.441291916237332993e-01 5.604600047951662223e-01 4.892736693452943153e-01 4.130959081720790849e-01 5.134916853592255137e-01 5.562320412386597690e-01 4.816048623236311998e-01 4.047078248179316051e-01 4.740656517409052584e-01 4.101675532318510009e-01 6.105246637785026742e-01 5.182470708256299297e-01 5.059286007986152356e-01 5.477062340817405728e-01 5.730457078503787827e-01 5.568868791266893270e-01 5.618803714773914493e-01 6.184933241954906347e-01 5.969371511996974800e-01 6.139322506988447170e-01 5.403694291362711732e-01 5.362780533560269625e-01 5.140091757015797791e-01 5.464987038260574748e-01 5.685389961649992552e-01 5.601312386356348538e-01 6.137810345856208327e-01 5.895846703403712086e-01 4.728112234307196293e-01 4.941612899274471782e-01 5.154123147537920113e-01 5.487934056403219740e-01 5.336835974945201011e-01 5.216943944572869363e-01 5.541290173532189556e-01 5.648879295053620408e-01 5.284912355644099113e-01 5.597073772980381001e-01 5.687458616824626612e-01 5.526653838208424041e-01 5.505273149122008602e-01 5.148259122625948869e-01 5.087786464246675244e-01 5.014785727565423956e-01 5.401757400450846180e-01 5.884983533320864435e-01 5.537749740607836868e-01 5.179067189998820542e-01 5.542794258568811694e-01 5.515538897379779204e-01 5.474642130220821468e-01 5.261888336408584443e-01 5.013108922320131944e-01 5.351085939051544171e-01 5.079688414038386890e-01 5.154208659163078687e-01 5.445316962922036597e-01 5.437885785611310530e-01 4.950427001289943174e-01 5.400776010395181848e-01 5.176215488237997375e-01 5.485398668887013773e-01 5.384690541968727429e-01 5.398143171799173468e-01 5.226217825553403085e-01 5.501474478200510942e-01 5.470217447719418757e-01 5.667833009368475894e-01 5.580324335405127956e-01 5.275202090456609927e-01 5.239481337771465519e-01 6.013547532454832645e-01 5.656905033021230045e-01 5.561451409765453269e-01 5.535242393940801309e-01 5.720320725564516096e-01 5.586430560361880238e-01 5.595709502057191198e-01 5.678356976542239254e-01 5.682469823197042746e-01 5.613283448946737586e-01 5.353884936989493637e-01 5.049132028448942711e-01 5.115697083193514461e-01 5.330999333486362568e-01 5.268741952260174166e-01 5.431035074379914063e-01 5.304477277858161699e-01 5.586675329341441731e-01 5.341866494711948743e-01 5.466720082477340981e-01
3.699086016332365362e-02 9.793674511441928521e-02 1.870943235978325681e-01 3.537281507884103005e-01 1.000000000000000000e+00 2.787353148476078291e-01 4.519583586962901967e-01 4.615848702870466447e-01 4.222456815399190933e-01 3.820172869339899524e-01 4.058166203741986333e-01 4.446352667761528377e-01 4.332906281444961483e-01 3.972706702778959209e-01 4.620997926787983046e-01 4.781327196660136170e-01 4.122020420977074995e-01 3.254964450518286201e-01 4.021164505166770486e-01 3.299469634878176016e-01 3.951368378161103645e-01 4.406442997605878875e-01 3.665831977525595975e-01 3.956409400849285607e-01 4.264860115586644462e-01 4.433344634538026741e-01 4.551657093825703937e-01 4.408639194953540286e-01 3.876994115786537298e-01 4.411560851064967870e-01 4.682817934721990594e-01 4.308965109228602985e-01 3.950208758764746086e-01 4.225281291818169804e-01 3.918429095253110894e-01 4.542418253496491309e-01 4.295889489729430855e-01 4.472095673741730004e-01 4.596651396495399222e-01 4.500898862438720283e-01 4.524816383371130235e-01 4.630027901302065652e-01 4.725026767264889904e-01 4.764901185638083514e-01 4.769812018041701962e-01 4.534831822035910176e-01 4.552597586848630140e-01 4.419789783128773020e-01 4.482165895201410399e-01 4.454794967216738621e-01 4.629422390892968253e-01 4.670670409737521789e-01 4.603782940045142991e-01 4.264585360627538568e-01 4.278779391596939652e-01 4.329905602880127491e-01 4.402870980901406051e-01 4.544032712654528794e-01 4.429058118505123098e-01 4.670383896196904083e-01 4.647941291654199003e-01 4.500556232363554510e-01 4.482900339715463756e-01 4.681338692250040512e-01 4.723456903471245361e-01 4.549557585281223671e-01 4.463350442998045287e-01 4.535537957111621110e-01 4.384078293594200759e-01 4.551083916765197301e-01 4.837336002403912483e-01 4.648813856868401762e-01 4.511193822606577863e-01 4.634724869386665502e-01 4.633241130744609748e-01 4.632530271008636902e-01 4.526608993863491248e-01 4.442381164846881392e-01 4.597830488856644027e-01 4.504178575126907003e-01 4.475595002998629113e-01 4.643273446850524344e-01 4.529356376072095625e-01 4.416562418417648295e-01 4.510752016442038936e-01 4.498051841319269384e-01 4.561854308601003272e-01 4.572499487621440317e-01 4.579296101598712143e-01 4.426857331679305285e-01 4.589032360147837220e-01 4.555027094015122180e-01 4.669997860082946706e-01 4.602936071162430642e-01 4.471370415058960046e-01 4.467291391883830287e-01 4.577443390771240850e-01 4.519420379428122914e-01 4.568313171044618426e-01 4.601686810411916295e-01 4.627781208421036796e-01 4.565623590767451390e-01 4.549346503302898470e-01 4.611150507876982108e-01 4.652720166017562109e-01 4.507881471587745770e-01 4.485020695874110119e-01 4.405096144762342680e-01 4.395842596559447202e-01 4.547039058661899169e-01 4.466170301955670885e-01 4.608215516364365105e-01 4.450647072324552811e-01 4.624170080196078891e-01 4.572422943343759649e-01 4.531332737972246782e-01
3.951428333849581892e-02 8.852468882328871913e-02 2.369806924667926251e-01 4.050817520628090529e-01 2.787353148476078291e-01 1.000000000000000000e+00 5.271076991491685515e-01 5.064897410439056502e-01 5.269344987557360582e-01 4.594767220264734386e-01 5.448207755104658156e-01 5.810243691504063390e-01 5.154873809957001285e-01 5.180673976004729342e-01 5.778641730428044632e-01 5.677871493115353996e-01 4.829379952154713718e-01 3.892500652470876621e-01 4.872475205067962056e-01 4.219187302355127955e-01 4.578596975432144278e-01 5.457915387506907523e-01 4.966294402714668821e-01 4.923368967078196601e-01 5.315023889660530632e-01 5.618430689020417201e-01 5.844620726442411041e-01 5.616009136573846261e-01 5.134093701159901935e-01 5.708723122366280434e-01 5.870821033042429304e-01 5.610852456331745231e-01 5.161273375300829969e-01 5.507683683603026292e-01 5.341861426255088974e-01 5.599068158758261360e-01 5.810571236337004342e-01 5.700548940221396021e-01 5.917038207116471771e-01 5.857049892529810897e-01 5.974737344661102956e-01 5.890617783595674117e-01 6.007563746513767677e-01 6.052361931522377558e-01 6.088614898032558287e-01 5.874437957126997789e-01 5.851274063149910498e-01 5.818536834708080141e-01 5.849665627270976831e-01 5.744051314533711317e-01 5.815822620217654393e-01 5.628676626185125098e-01 5.839020227997958612e-01 5.604221225930243744e-01 5.675640027341496419e-01 5.766778203582862972e-01 5.624051819004183272e-01 5.880863540216815233e-01 5.741022387052745479e-01 5.927564164301684091e-01 5.953664041417233710e-01 5.802227083696717136e-01 5.778432310432793928e-01 5.842349026710166315e-01 5.807474934762523189e-01 5.794016728554104434e-01 5.811679143604431275e-01 5.811710890751712322e-01 5.795104820067592533e-01 5.837441831422796046e-01 6.039641092186545102e-01 5.995685629144236195e-01 5.815759204030814811e-01 5.970417762667058481e-01 5.955078785237819528e-01 5.979268162321921265e-01 5.911328428363585852e-01 5.758982809705406325e-01 5.974460401514756214e-01 5.828104243784653082e-01 5.917934750909115138e-01 6.000493937511692799e-01 5.882305986408420395e-01 5.737509125840785096e-01 5.877388795508957653e-01 5.864120488654728236e-01 5.993680499782184645e-01 5.907182493259085510e-01 5.876621470515562828e-01 5.856129020013107755e-01 5.938232197534202284e-01 5.958033961072926044e-01 5.996295262425568318e-01 5.966654131671992323e-01 5.820711577667857517e-01 5.833324603568937894e-01 5.877882059957193484e-01 5.726903778678240631e-01 5.893262009445339178e-01 5.888810898286319651e-01 5.979003872477919312e-01 5.860357525668404843e-01 5.851503153150642289e-01 5.971315789887569059e-01 5.906992699446025341e-01 5.840137098196973575e-01 5.854203138104281390e-01 5.806982210497927399e-01 5.810761446507169969e-01 5.879068696220930423e-01 5.855937279597953626e-01 5.915655681329941018e-01 5.847111486237395184e-01 5.872433014604963031e-01 5.844802226665957168e-01 5.849923777097064681e-01
4.075097160093825097e-03 1.420933136131733165e-01 3.098874752941333521e-01 5.525625669659016692e-01 4.519583586962901967e-01 5.271076991491685515e-01 1.000000000000000000e+00 7.307302340492116688e-01 6.859066988974527046e-01 6.456200195530207298e-01 7.191432916686657517e-01 7.756072993376553759e-01 7.073078957935088340e-01 6.904752454502285364e-01 8.274984362655002368e-01 7.971651081605976019e-01 6.789030935514323017e-01 5.117053501583251895e-01 6.224685239993447139e-01 4.865608143569796207e-01 5.390643587177168516e-01 6.545333928604429863e-01 6.144873506020661624e-01 5.867566553732261880e-01 6.379642320958327506e-01 7.414629263786628455e-01 7.488446462138635962e-01 7.453950799748444433e-01 6.519787671831466236e-01 7.105062028232670412e-01 7.533332967530850244e-01 7.238497270446010434e-01 6.863691021770605971e-01 6.802830069073790842e-01 6.907505952859167575e-01 7.293017745867906854e-01 7.135750378742365951e-01 7.687167793590016229e-01 7.756365685718202840e-01 7.864918591410984261e-01 7.937095737481131286e-01 8.021467853906312229e-01 7.844347593862648349e-01 8.089960785204117766e-01 7.934422091574098168e-01 7.898849281916617837e-01 7.812386647486213587e-01 7.777766323625203704e-01 7.749281261141143240e-01 7.455666199745282219e-01 7.740137304126689655e-01 7.508348537287389268e-01 7.743536031891147253e-01 7.589156051139968051e-01 7.621851628221377739e-01 7.721285649549510799e-01 7.515592593796411869e-01 7.904933545944649032e-01 7.795750382468804585e-01 7.938132062546873202e-01 7.881548782797624941e-01 7.757600444910299764e-01 7.726075573730909474e-01 7.686769835253800531e-01 7.781040653182047517e-01 7.653078908546343539e-01 7.818938671305329935e-01 7.683991084343776423e-01 7.649580658479803175e-01 7.530144565622698405e-01 7.804040201148823019e-01 7.847783649420054797e-01 7.536671237369295673e-01 7.576398047990229312e-01 7.967449667023039916e-01 7.940561893932270854e-01 7.915499468037884290e-01 7.626673570537473301e-01 7.924692613362813720e-01 7.700237346163645302e-01 7.689067287964593822e-01 7.885584727482677359e-01 7.803120693379870243e-01 7.653050153872407169e-01 7.689791177514810894e-01 7.676067116510124633e-01 7.819585129024535508e-01 7.915574320308352840e-01 7.858629050691269269e-01 7.804985905947706692e-01 7.988068706301865163e-01 8.005278880242532313e-01 7.989682605501540191e-01 8.021258805606725772e-01 7.810847706473740271e-01 7.837372724880471431e-01 7.791721574655092741e-01 7.603192552169627527e-01 7.857744902885787086e-01 7.887058049142304794e-01 7.978583975945937601e-01 7.820630280334809337e-01 7.872101951850581925e-01 7.969332549136070032e-01 7.875002832420059384e-01 7.771577660171331559e-01 7.788942822369983032e-01 7.791839144115437765e-01 7.793135067476770761e-01 7.894568180146365188e-01 7.863543007395590312e-01 7.892163438160209044e-01 7.802828804726588130e-01 7.829018314692178793e-01 7.813482275585468262e-01 7.830099047498848552e-01
1.801654632131421616e-02 1.131955508913348452e-01 3.015114311251685386e-01 5.714757291033483178e-01 4.615848702870466447e-01 5.064897410439056502e-01 7.307302340492116688e-01 1.000000000000000000e+00 6.876391439838372976e-01 6.274638531133214236e-01 7.182777287821626722e-01 7.927922555740168908e-01 7.170724779233794699e-01 6.932329159916871264e-01 8.046854638811619109e-01 8.106034588958888065e-01 6.794295166842964084e-01 5.232181830080162577e-01 6.390329299028867371e-01 5.286101020436675402e-01 5.913943825106476870e-01 6.888582051469644973e-01 6.254743058930919419e-01 6.162009377757527995e-01 6.642051858777414663e-01 7.404600354196346768e-01 7.513451869315080911e-01 7.284754017268364468e-01 6.317121644367509337e-01 7.110559368632304311e-01 7.549719077180847560e-01 7.296782256418264945e-01 6.718386348648162087e-01 6.946806955177582399e-01 6.867555254566000134e-01 7.561733517419886308e-01 7.283484730986599098e-01 7.603342460940102354e-01 7.806491530069284979e-01 7.821042921156168282e-01 7.919178550852614684e-01 7.935692706411897612e-01 8.041909551537886891e-01 8.139100473987584961e-01 8.064406577817475608e-01 7.834970846088029628e-01 7.901579157420204336e-01 7.838979581458740409e-01 7.879966134347213824e-01 7.723512738262183763e-01 7.887226387944333839e-01 7.921696839920876476e-01 7.992269864316750017e-01 7.585745021961498580e-01 7.650374918054766438e-01 7.758183770122364376e-01 7.737932337889368295e-01 7.944633603402451172e-01 7.823884488339708509e-01 8.004970930657919759e-01 8.078991547228729919e-01 7.861908124087718663e-01 7.912882664688545287e-01 7.926592028858479022e-01 7.942714020154464372e-01 7.880670013436485988e-01 7.859738866617144160e-01 7.776925787785694544e-01 7.703712796726164269e-01 7.767905998647437471e-01 8.028060315360108223e-01 7.973271145041322949e-01 7.663744363387992031e-01 7.762745706918969812e-01 7.979355368077659660e-01 7.934884146655935000e-01 7.832378316314724254e-01 7.516363101210298270e-01 7.842562106318043957e-01 7.771471214738726596e-01 7.752327118859643207e-01 7.923566373135296770e-01 7.906435155737731035e-01 7.667109998979506624e-01 7.823466826068239399e-01 7.760705437075964275e-01 7.923969385555685863e-01 7.947216175656961479e-01 7.938127538207312428e-01 7.873985152261315790e-01 7.989198164412660841e-01 8.007537707455447684e-01 8.065422881155983603e-01 8.034909548437479954e-01 7.905707081220930688e-01 7.893825792538533559e-01 8.038852458037087922e-01 7.823769159985555222e-01 8.009853971621054836e-01 7.991074940123925607e-01 8.095544489100171548e-01 7.995301859375493203e-01 7.981588805858021995e-01 8.088886180096582779e-01 8.051985415642728405e-01 7.957011620611578184e-01 7.890174081409421225e-01 7.814622086553717484e-01 7.836922972587123670e-01 7.941971082609262655e-01 7.918308485921858875e-01 7.982073793897569436e-01 7.921870095895744424e-01 7.973887919797431056e-01 7.923266329265785668e-01 7.949624137188558981e-01
1.727497474599891669e-01 2.339660672276701603e-01 3.641212475096670675e-01 4.575005845337580257e-01 4.222456815399190933e-01 5.269344987557360582e-01 6.859066988974527046e-01 6.876391439838372976e-01 1.000000000000000000e+00 7.314541970491330591e-01 7.965103084950209134e-01 7.745183855024625474e-01 7.261242889619370366e-01 7.240020950497548791e-01 8.070401427425346608e-01 8.092760896615046606e-01 7.936983047135038882e-01 6.872454784154150564e-01 7.629034783816451837e-01 6.306730742692958636e-01 6.562978199106854760e-01 7.548088623340671877e-01 7.596683107760323628e-01 7.158453250464420492e-01 7.491545724625046088e-01 8.147761188249296183e-01 8.290076893961928484e-01 8.371417705023406208e-01 7.835039718452271318e-01 8.331593247738884322e-01 8.544110088442000706e-01 8.462026869682235386e-01 8.091332954216875484e-01 8.163280864910305024e-01 8.167726589534208825e-01 7.789379212357314675e-01 8.366607948192574806e-01 8.462261175824428161e-01 8.616259403409534112e-01 8.126497110312822514e-01 8.547786497406931749e-01 8.296431146850058447e-01 8.161530403865265848e-01 8.436883507839454399e-01 8.432034917774142713e-01 8.452638346222256516e-01 8.461259095111485218e-01 8.628555087145929337e-01 8.545751912686956331e-01 8.457954872357009712e-01 8.626357757061808851e-01 8.040315623472862328e-01 8.147241442769185271e-01 8.586721864676198912e-01 8.596736202140158323e-01 8.645072471437879047e-01 8.434082397253180874e-01 8.494648598375319493e-01 8.589317963178653148e-01 8.535099990911579892e-01 8.548932596330433009e-01 8.563648507816556954e-01 8.492745787097238930e-01 8.529490761304692192e-01 8.695104653549374785e-01 8.570375393556238786e-01 8.593545021451532984e-01 8.677305311650244102e-01 8.670843163589084801e-01 8.584704244842207288e-01 8.563691992975368539e-01 8.636467060569132936e-01 8.499953240994758685e-01 8.456835099086887908e-01 8.655100000594488918e-01 8.674967079825014471e-01 8.601233309621992840e-01 8.578398421661260764e-01 8.601331824507270074e-01 8.692436537285576081e-01 8.769619292639162511e-01 8.728935006391940199e-01 8.698154549037903083e-01 8.673832985442481158e-01 8.616043949227422116e-01 8.643783715160322512e-01 8.658517921390267436e-01 8.570304228905379906e-01 8.618904830926604754e-01 8.671893121925197123e-01 8.519177388650269744e-01 8.501112528529544132e-01 8.558265897508045006e-01 8.489514696231439395e-01 8.460609484540626557e-01 8.530486365771990931e-01 8.292674009902404331e-01 8.531503990546186467e-01 8.479086032768107239e-01 8.487012933785298419e-01 8.392267799887649371e-01 8.555904024239098238e-01 8.396886897637554359e-01 8.426351825266802376e-01 8.554837140097250048e-01 8.545273260576030649e-01 8.587021439556525859e-01 8.570208303575402864e-01 8.608209886216741102e-01 8.491878294301362651e-01 8.534718090003194924e-01 8.540402483813084311e-01 8.501541975589806954e-01 8.562966024481541982e-01 8.618861445675255473e-01 8.562992312679572615e-01
6.137048573675071145e-02 2.050528562957142920e-01 2.778054850029917922e-01 3.810876098185673744e-01 3.820172869339899524e-01 4.594767220264734386e-01 6.456200195530207298e-01 6.274638531133214236e-01 7.314541970491330591e-01 1.000000000000000000e+00 7.219048935630636432e-01 7.206889805782178415e-01 6.770156643770330884e-01 7.012358701321798060e-01 7.763403707222004124e-01 7.609831570065184181e-01 7.247514939989723182e-01 5.527410485949482144e-01 6.434151374071271912e-01 4.923621005876805956e-01 5.028627326647023832e-01 6.028612543949682934e-01 6.508385258932279926e-01 5.921773284884634947e-01 6.301356786971017421e-01 7.167744299089013893e-01 7.272028990662353642e-01 7.637504529646121920e-01 6.879715037391413990e-01 7.259404323589486729e-01 7.425812417570589741e-01 7.646734881326929800e-01 7.498005081715862774e-01 7.144164451774919211e-01 7.547925852477171960e-01 6.891253848010728822e-01 7.390267881408464357e-01 7.920597195320352446e-01 7.937464241062029968e-01 7.500177623068070565e-01 7.976307035849485860e-01 7.889192626902652439e-01 7.415447671587314105e-01 7.823979966284654308e-01 7.610247917231416359e-01 7.929605986561730768e-01 8.102555992406877960e-01 8.233428495051361429e-01 8.063141888107200339e-01 7.633555561221769814e-01 7.853885141910933454e-01 7.141554068449288417e-01 7.698805641191869276e-01 8.204029347782875181e-01 8.071066893337854875e-01 8.039167153982890168e-01 7.760116766749055595e-01 8.098917170765468354e-01 8.105311309906267914e-01 8.090984003884000852e-01 7.988687280508165456e-01 8.059634362392045226e-01 7.871598789774825189e-01 7.864691344581523635e-01 7.952037547463735034e-01 7.975136255647120587e-01 8.185014875177388793e-01 8.019498569212847316e-01 8.108161554368384927e-01 7.772787829016194472e-01 7.722224170224173401e-01 7.968938030988289567e-01 7.792068170060290067e-01 7.659761336517199037e-01 8.071812654722698710e-01 8.091553434576554960e-01 8.108683508025282816e-01 7.982825385350965641e-01 8.084357520902045735e-01 8.132648077302097045e-01 8.052147266814130289e-01 8.104814663306481037e-01 8.064331962783253260e-01 8.166546850532834245e-01 8.020337078479145010e-01 8.038788939151444435e-01 8.001877117851194932e-01 8.112539972542612832e-01 8.157381605336322394e-01 8.133689913524747572e-01 8.051649290269576875e-01 8.110738906858659947e-01 8.045466224020565438e-01 8.074850959264120442e-01 8.150368786633943596e-01 8.188939564396703341e-01 7.730867608027583993e-01 7.844636913402002198e-01 8.046290349653124618e-01 8.037193328525473746e-01 7.965991121680164877e-01 8.040116693297834072e-01 8.013554588664342226e-01 8.011472025676098507e-01 7.999133930309909601e-01 7.991553137625464487e-01 8.150389707152240204e-01 8.205284201890949980e-01 8.187448000053094699e-01 8.150450113107352568e-01 8.154037231437359923e-01 8.146994643118410373e-01 8.131668414502006836e-01 8.086420867823516101e-01 8.094849679413611554e-01 8.111864093287888267e-01
5.796971552216798051e-02 1.953792259102875573e-01 3.797929996175791190e-01 5.326822900658293447e-01 4.058166203741986333e-01 5.448207755104658156e-01 7.191432916686657517e-01 7.182777287821626722e-01 7.965103084950209134e-01 7.219048935630636432e-01 1.000000000000000000e+00 8.387892652240476199e-01 7.474243541656578893e-01 7.510886284473716756e-01 8.474778325962565306e-01 8.406586431101243928e-01 7.735499359085097337e-01 6.413075501817816493e-01 7.482841960687800498e-01 5.994890573276093759e-01 6.401109873925003857e-01 7.612970233689765331e-01 7.371641580879144673e-01 7.062900877771977060e-01 7.511344864101305863e-01 8.340622855234486321e-01 8.515273764266952927e-01 8.508252272977080422e-01 7.773776465586427209e-01 8.404175759694241243e-01 8.614966717966801024e-01 8.431262319856434040e-01 8.076085477401123702e-01 8.132125981579313434e-01 8.160403639868359926e-01 8.030772654979897451e-01 8.470235499606904028e-01 8.663715123382725869e-01 8.823017046462725554e-01 8.538560114484925467e-01 8.817122323523489680e-01 8.740616215803300726e-01 8.652191359595085007e-01 8.862300405415863835e-01 8.750827294582831373e-01 8.789616489987757131e-01 8.708521600145455732e-01 8.765310650723288077e-01 8.721599078903740088e-01 8.605442547596544589e-01 8.749773172822781220e-01 8.244881838945335994e-01 8.498739057325287449e-01 8.615728573686984859e-01 8.658024890179200073e-01 8.724329042270768664e-01 8.461168286568455654e-01 8.784538228250864389e-01 8.727156535195644826e-01 8.760710476397450819e-01 8.789192694840298747e-01 8.663555764233613621e-01 8.642296744915417550e-01 8.637638995191760927e-01 8.749021925299589331e-01 8.610933230112940429e-01 8.771989734248819559e-01 8.781816908401263166e-01 8.740283595709248399e-01 8.650554410246318326e-01 8.785383995101679888e-01 8.859377686163752985e-01 8.615273015762323627e-01 8.678724627632914412e-01 8.912085996976338853e-01 8.918162058964705929e-01 8.840402339159387779e-01 8.726710898325743537e-01 8.845872687388152134e-01 8.809921083978772272e-01 8.869264913163621422e-01 8.914547282034388509e-01 8.823741494140632247e-01 8.765777527296936267e-01 8.820936765767705134e-01 8.770270923358923776e-01 8.848152780500651016e-01 8.858287970544546086e-01 8.864423861751196121e-01 8.803085680299715943e-01 8.857570896779239922e-01 8.845905941359328839e-01 8.858914437363594185e-01 8.850094228850960976e-01 8.731677675673463757e-01 8.769419866854915036e-01 8.703347153107940937e-01 8.614272178149013914e-01 8.778195365048032661e-01 8.810644198500959812e-01 8.812657864409285668e-01 8.772921974488178121e-01 8.687367521370104040e-01 8.812266258444059197e-01 8.794911897774067011e-01 8.716420564690918749e-01 8.775330466274479102e-01 8.764772259529065579e-01 8.785728045348657478e-01 8.758279498909344873e-01 8.798770038903547253e-01 8.780006209861579425e-01 8.718934003931102517e-01 8.770582071652711642e-01 8.790889860959339996e-01 8.733686607486428333e-01
-1.612757844565330251e-02 1.145989708231276993e-01 3.443919202896096321e-01 6.621490700466634571e-01 4.446352667761528377e-01 5.810243691504063390e-01 7.756072993376553759e-01 7.927922555740168908e-01 7.745183855024625474e-01 7.206889805782178415e-01 8.387892652240476199e-01 1.000000000000000000e+00 7.983902044054882463e-01 7.954859481114461284e-01 8.984753090233287276e-01 8.969219331163840181e-01 7.565357477870341407e-01 5.544448495688660827e-01 7.036478690108308731e-01 5.645078775699227114e-01 6.434558205528827513e-01 7.626199386849823458e-01 6.927520692878280650e-01 6.795367265420242386e-01 7.377239178045490453e-01 8.317151245767643308e-01 8.499513741446709236e-01 8.289735926554735457e-01 7.287220329750970782e-01 8.159747532562865446e-01 8.504526097205773461e-01 8.266297085441149939e-01 7.714672154396645665e-01 7.902126319669471322e-01 7.919039991815010060e-01 8.392467262941462058e-01 8.365124590574831709e-01 8.709456720833383958e-01 8.914170406599639662e-01 8.825277763215289006e-01 9.049041786203347870e-01 9.043133680360503357e-01 9.062903791874784565e-01 9.275403872571643671e-01 9.094523365326325770e-01 8.936328694532783556e-01 9.100502067004834217e-01 8.993663186263801679e-01 9.090975627257997793e-01 8.877610580651209560e-01 8.995159926522693361e-01 8.795651616904609504e-01 9.148191778248266903e-01 8.731200892054186147e-01 8.750903535428555813e-01 8.786272467121973850e-01 8.832761796428957313e-01 9.065820922441500951e-01 8.988796148457698365e-01 9.175745109378995457e-01 9.214257649333756905e-01 9.015339605958788693e-01 9.067188063414699517e-01 9.056175642644146428e-01 9.006028177028920778e-01 8.979337984628211755e-01 8.993729974809928640e-01 8.816695934023965897e-01 8.802997312283706854e-01 8.805381862057608533e-01 9.092700891290200760e-01 9.094001522482908495e-01 8.713726774411697518e-01 8.856231913335605999e-01 9.124842423048139528e-01 9.095745705817875892e-01 9.003952758425524117e-01 8.708072142406096949e-01 9.007810008251241340e-01 8.875043838778381433e-01 8.865905962001336960e-01 9.102478615554262520e-01 9.006331419929342053e-01 8.812785594447056781e-01 8.984021072578317613e-01 8.896933440963444850e-01 9.051944722625595574e-01 9.093789507666589778e-01 9.087288298481079885e-01 8.949049457307107769e-01 9.108000588286145893e-01 9.177871074324625011e-01 9.210023352349032688e-01 9.203469450025704157e-01 9.106108004457486027e-01 9.101535455968263744e-01 9.199933895000486084e-01 9.010056696374719731e-01 9.190493272287901805e-01 9.159023898584763845e-01 9.220284429454979058e-01 9.161726541457767548e-01 9.206334896796561917e-01 9.266328316584524494e-01 9.152566249026323764e-01 9.093083177512001347e-01 9.116736722951936933e-01 8.980262534638656646e-01 8.994569782726870022e-01 9.125733041860233374e-01 9.072290228712324156e-01 9.157067747735708751e-01 9.090925549544178752e-01 9.159275047711568085e-01 9.055076123343873684e-01 9.127784579757236560e-01
3.022813583559425671e-02 1.299765208023756224e-01 3.118299852257355176e-01 5.042697463532740398e-01 4.332906281444961483e-01 5.154873809957001285e-01 7.073078957935088340e-01 7.170724779233794699e-01 7.261242889619370366e-01 6.770156643770330884e-01 7.474243541656578893e-01 7.983902044054882463e-01 1.000000000000000000e+00 7.264722204531228744e-01 8.271923508711276352e-01 8.264612523861886162e-01 7.237397986582884135e-01 5.528718463993064214e-01 6.728687375392543579e-01 5.407903672469434042e-01 5.840513052746725275e-01 6.946284854675819354e-01 6.580060962768401467e-01 6.524646923895353057e-01 6.934868553024494675e-01 7.667708074501440318e-01 7.720058460689199764e-01 7.674004313038204073e-01 6.832072968280206160e-01 7.605836699209611584e-01 7.781089648021293215e-01 7.771636283487730612e-01 7.218912576845322171e-01 7.428829672946738460e-01 7.470486181654160118e-01 7.540625377253125095e-01 7.729062869347436138e-01 8.000572479342307197e-01 8.186117228464728779e-01 7.975227584551680682e-01 8.327232946987190854e-01 8.230562251153054065e-01 8.204242513390180846e-01 8.416898937974465200e-01 8.249331533917041437e-01 8.139657748070066035e-01 8.379635647043726099e-01 8.360627594717635613e-01 8.334702320766250727e-01 7.974911545458389650e-01 8.227142680399146535e-01 7.853713503200103752e-01 8.287981081240907155e-01 8.127232872277966313e-01 8.026017428410178178e-01 8.097055572096397702e-01 7.962888795211503501e-01 8.332462628423464857e-01 8.243594851301546678e-01 8.501328183818190887e-01 8.448562029462073353e-01 8.290132202424385088e-01 8.218509081424345553e-01 8.304323094014149920e-01 8.343627579358574575e-01 8.235947957860738633e-01 8.365286242515919124e-01 8.259219814492171352e-01 8.231409556394917448e-01 8.158392603871502669e-01 8.304483924166006226e-01 8.384296262355014351e-01 8.144634430342464482e-01 8.176349078536894188e-01 8.400851835588702965e-01 8.376221418930833718e-01 8.307094062984043958e-01 8.067282951669463298e-01 8.314903580719238407e-01 8.274228123650522182e-01 8.256407178247003875e-01 8.373685329061633098e-01 8.312720502790634791e-01 8.212765740853681384e-01 8.253903794043253583e-01 8.275098532274011154e-01 8.330221234107361150e-01 8.349551867541885608e-01 8.372930572919264902e-01 8.283010569497011311e-01 8.362070512599727445e-01 8.432159584006347908e-01 8.459135164680975372e-01 8.406156454872840689e-01 8.401272622363639142e-01 8.401252497095064165e-01 8.305000029103825065e-01 8.231554491123131978e-01 8.445472706606468316e-01 8.392010730851935385e-01 8.437934931729804688e-01 8.381717084169266752e-01 8.453402294187060129e-01 8.489134027998852527e-01 8.382728695352148485e-01 8.295239622562665671e-01 8.400291123833452112e-01 8.321486742757048249e-01 8.300880867685328512e-01 8.423937704842815455e-01 8.351074839853365184e-01 8.453531930870233913e-01 8.360768041832215003e-01 8.447913967191087448e-01 8.362428542532082121e-01 8.390929200761120255e-01
