1.000000000000000000e+00 2.072554393806215756e-01 2.204651532643551737e-01 -6.685326076249167469e-04 -1.140566609087185698e-02 1.353323006376527110e-02 1.101911805044057668e-01 8.649056390728364352e-02 2.595902898952953120e-01 3.554524272599019624e-02 1.060734603007185556e-01 -2.919613280703212826e-02 1.705851056327801693e-02 -1.649246678254621609e-02 2.556118542244471825e-02 1.600707699822162891e-02 2.422045800748158229e-01 2.994456962413090673e-01 2.734873408529106542e-01 1.583976344282465309e-01 2.682280218470352029e-01 2.291362928353626871e-01 3.106334073872021873e-01 1.991385878785030261e-01 1.991547660578883439e-01 2.410265417845792180e-01 2.055608906115828083e-01 2.422492283278203651e-01 2.599480637663170168e-01 1.874367192005478022e-01 1.560056697626357181e-01 1.626573753941841227e-01 1.676953004138097003e-01 1.398429616881232129e-01 1.646889986176128251e-01 9.996620506977732523e-02 1.153814718434157810e-01 1.006095254868729777e-01 1.071010500572531360e-01 1.186109661235796170e-01 8.437288802929886200e-02 1.009872523275170686e-01 5.401270893661526407e-02 7.493985616958437346e-02 1.075871683559387476e-01 7.469224095185941770e-02 1.089696071126496080e-02 5.085453599710099831e-02 6.277421133675747944e-02 6.262724852891288219e-02 7.301845220995717423e-02 5.286193442819738658e-02 5.208016012750450036e-02 6.945605509210067696e-02 8.715709101428911754e-02 1.328920182502599523e-01 1.307154270826023090e-01 5.338093199373359493e-02 7.149351914479006032e-02 6.757556810628835564e-02 3.602893809999119235e-02 5.366841216382103874e-02 5.296438314288821891e-02 6.548418828906664435e-02 1.092347706116428147e-01 5.784392476285041967e-02 7.356149668245601236e-02 1.004142528871857509e-01 8.002630853073114392e-02 5.007404058789546170e-02 8.804330101156870869e-02 1.001642715262375249e-01 6.900084484057264489e-02 8.147171295805280544e-02 8.785406864145674233e-02 8.796870781814744578e-02 1.091984675790922121e-01 1.251534130182185567e-01 9.241589773027783505e-02 9.040513633156703477e-02 7.353981177483091825e-02 6.657038461775990901e-02 8.297685390660512750e-02 8.320479752903994775e-02 4.593993381380695462e-02 4.776366286047227516e-02 5.467269319057568855e-02 6.793618779428900467e-02 4.890664087628588536e-02 8.420281029413546892e-02 7.749766114611283951e-02 3.943930407860138376e-02 3.761834165928584772e-02 4.545773810507843654e-02 1.063289033701911995e-02 3.018604160469766373e-02 5.061731025045457244e-02 6.803257591113161251e-02 1.676203216605545027e-02 4.798523507189125792e-02 2.480339096910950947e-02 4.458365862508897881e-02 1.063491643237958820e-02 3.113681779764184906e-02 2.958883379951897374e-02 7.525276943132093443e-02 3.246402100741032498e-02 3.421336046875238235e-02 5.640957140644076162e-02 3.609423250663356536e-02 4.623763721514636410e-02 3.995601976611571488e-02 3.685456094943193039e-02 4.536762001424703844e-02 7.624021331639393995e-02 3.254520950373384486e-02
2.072554393806215756e-01 1.000000000000000000e+00 1.682527483271312740e-01 3.698818878908078506e-02 4.844600869987685660e-02 4.598171495135098402e-02 2.020834149606519636e-01 1.858837708805560485e-01 2.520089108092385954e-01 1.336969270777166041e-01 1.902132072020849551e-01 7.192820313556098910e-02 1.171599428052800401e-01 9.537341333399911025e-02 1.507233397218351867e-01 1.474932317012576932e-01 2.124791256812409990e-01 3.523381357536394809e-01 3.032847181021503524e-01 1.944095693192093299e-01 2.663275458195022427e-01 2.678565407085309324e-01 3.375399795925720370e-01 2.799173514387817141e-01 2.685776192471991397e-01 3.044107152389886051e-01 2.641916373593650169e-01 3.149434274239849563e-01 3.097295978364444369e-01 2.601549734292095128e-01 2.436841701107080593e-01 2.467856254226744872e-01 2.530794835891167494e-01 2.110295849254897327e-01 2.414022136649663364e-01 1.584841006301530575e-01 2.142725285325876861e-01 2.004591192128420962e-01 2.037286686960046445e-01 2.173067996309026861e-01 1.831178693459447615e-01 2.074241328252154348e-01 1.599175968179994411e-01 1.826663021625805072e-01 1.996170347332554829e-01 1.950638652318840149e-01 1.304840183396031861e-01 1.552052121732027945e-01 1.549198623757586102e-01 1.392750942727274677e-01 1.664258622790184272e-01 1.323057225676338988e-01 1.510886545993778418e-01 1.654515857900762110e-01 1.806874061253962993e-01 2.258586590864305466e-01 1.748968035209784722e-01 1.667218252826978553e-01 1.545593940738065608e-01 1.666365566912613727e-01 1.371683610807579445e-01 1.465207538887058070e-01 1.466309158066158025e-01 1.520140067772438874e-01 1.742159664145324083e-01 1.442870169339890984e-01 1.697055083076155491e-01 2.122881715896490218e-01 1.941970325974810840e-01 1.616911245722298385e-01 1.966824205043675722e-01 2.011061277752715093e-01 1.937862153875399007e-01 1.989849913700724726e-01 1.973729221917825127e-01 1.955533988927675160e-01 2.182437690579111522e-01 2.236705532820375819e-01 2.016670420683546738e-01 1.924140802168073650e-01 1.788377981451015897e-01 1.824628722295726646e-01 1.789471612644360499e-01 1.993293869771421700e-01 1.642804387696531754e-01 1.620962223685080139e-01 1.713052982944855418e-01 1.838367132689597006e-01 1.650874574219842461e-01 1.879211514162847929e-01 1.951209813608165700e-01 1.620179601270457792e-01 1.578125004252582120e-01 1.644228100871774345e-01 1.292501219251124822e-01 1.421581552764519529e-01 1.480852673785868767e-01 1.405467413645775376e-01 1.220745694439885204e-01 1.535983269855158151e-01 1.394901028370519880e-01 1.494502705634249418e-01 1.284007132303278398e-01 1.469120405163941434e-01 1.357103217788439564e-01 1.557143003659472169e-01 1.348957934232538625e-01 1.509803633926256605e-01 1.629931485058633001e-01 1.443438324905229331e-01 1.575386854222268207e-01 1.396496747078609935e-01 1.427847065570855556e-01 1.467697811691647536e-01 1.635870529091679182e-01 1.309608290024108501e-01
2.204651532643551737e-01 1.682527483271312740e-01 1.000000000000000000e+00 2.997459508182341303e-01 2.035240256324308827e-01 2.593364730976916999e-01 3.412833064135205596e-01 3.213379587233684553e-01 4.144000011855014098e-01 2.427110372279981665e-01 4.445362945383992126e-01 3.399399564966117393e-01 3.197464516353538677e-01 3.247721223394667289e-01 3.452235273624298939e-01 3.445717600128582192e-01 4.249240802188857802e-01 4.005843735263592276e-01 4.291028691666281536e-01 3.466987106555092235e-01 4.778356412062199632e-01 4.551019846295880633e-01 4.169442242004404164e-01 4.447099839113243802e-01 4.572469830791701106e-01 4.628719416995904501e-01 4.560452677580432157e-01 4.467029244245189212e-01 4.193351691031372286e-01 4.418052517190224626e-01 4.402800923312934489e-01 4.291443227224555623e-01 4.294242439101468856e-01 4.447927677302740967e-01 4.450471829734044538e-01 4.298511710091645344e-01 4.310610261894206041e-01 4.057951320602436462e-01 4.116880651851007045e-01 4.145251492405856442e-01 4.052098424171557411e-01 4.103565230375033068e-01 3.941445741168894679e-01 3.986114451227345534e-01 4.271639636106702720e-01 3.860428447022822840e-01 3.527290727107907919e-01 3.695360069984450213e-01 3.877200359824641285e-01 4.049533392540650145e-01 3.963070247663453838e-01 3.882220615332189206e-01 3.756406601876121631e-01 3.786356596242300143e-01 3.896267845534258090e-01 4.125958080104514258e-01 3.982420309045471285e-01 3.732625892330992956e-01 3.783493037729053765e-01 3.785598001449546057e-01 3.765600817817544854e-01 3.654843966724309334e-01 3.668748108024198484e-01 3.823792290503513214e-01 4.046945517029666428e-01 3.728389759591380082e-01 3.823805616790793560e-01 3.907275358366507079e-01 3.809788438167835967e-01 3.730425723163416363e-01 4.192082409037882207e-01 4.124996055008934293e-01 4.026972721913519848e-01 4.194778259636834372e-01 4.000518176058446285e-01 4.055391542654538939e-01 4.054143503171907525e-01 3.965742242475662205e-01 4.039709742336611287e-01 4.060577093874908616e-01 4.000079531193244664e-01 3.921893879998799015e-01 3.942962478861485875e-01 4.100999119481559263e-01 3.975178363792808423e-01 3.917541186229246963e-01 4.008977553479075584e-01 3.904463663799128126e-01 3.833622900374962783e-01 3.842293198530066789e-01 4.006059992687910909e-01 3.754184104918964482e-01 3.866559693721509094e-01 3.831820438586499011e-01 3.532006535732612473e-01 3.609426306424456388e-01 3.918705807950961795e-01 3.885755413675504033e-01 3.592221993678837988e-01 3.846148532526006414e-01 3.694431379678739247e-01 3.792140367956123859e-01 3.629582118360724086e-01 3.743640416711212504e-01 3.810783966488178187e-01 3.781819003845328653e-01 3.636184308899920170e-01 3.606095766873411712e-01 3.730726804487628501e-01 3.648387485609314029e-01 3.722431508809539435e-01 3.609648069168469031e-01 3.600959069502844279e-01 3.736859126159080002e-01 3.880515126512829038e-01 3.574937425153464354e-01
-6.685326076249167469e-04 3.698818878908078506e-02 2.997459508182341303e-01 1.000000000000000000e+00 3.166699786889569102e-01 3.742864147427443222e-01 4.997239676204120462e-01 5.147090049396423339e-01 4.902582740697577490e-01 3.983286119540273562e-01 5.394739024255204018e-01 6.556602842032714928e-01 5.240112161860647211e-01 5.476706930980718147e-01 5.771475922041836570e-01 5.928613842697103564e-01 4.952624092672732736e-01 2.861700718280222877e-01 3.248033620760956697e-01 4.364006267929171901e-01 4.012095435071568739e-01 4.185758276110758680e-01 3.198752809036892186e-01 3.456917707975951659e-01 3.628429684398834509e-01 4.691820900739843703e-01 5.062795803342590162e-01 4.429029546588001409e-01 3.967889446256654962e-01 4.659529653606495625e-01 4.861118687909851133e-01 5.207126703133144741e-01 4.694005640511539901e-01 5.152576738608278806e-01 4.769636792841739914e-01 5.261648717365861039e-01 5.186026170550720460e-01 5.536761673198167255e-01 5.438790926318847196e-01 5.512862388666665003e-01 5.844354170647565461e-01 5.795732963332553833e-01 5.978372365280720802e-01 5.794259026745125496e-01 5.691035209303123565e-01 5.460693785770778241e-01 5.870457788536003196e-01 5.723327178936207238e-01 5.767779177087765108e-01 5.977873931897254023e-01 6.040906235785493683e-01 6.071031572747168648e-01 6.008644801690381509e-01 5.579737657307671794e-01 5.382826769657828025e-01 5.486543201421070215e-01 5.546297464309603020e-01 5.927381678259239228e-01 5.831221005472370100e-01 5.794020571799867181e-01 5.947793603795170636e-01 5.764147002586197388e-01 5.785159852073810116e-01 5.861583494434282615e-01 5.875718655786356104e-01 5.816103975280209060e-01 5.717137400513830903e-01 5.274371059164981723e-01 5.497171261023408029e-01 5.891148484340748004e-01 5.483224604819838532e-01 5.472134736906216768e-01 5.324157119859719289e-01 5.337527206499106391e-01 5.748830660842059181e-01 5.690759417714411628e-01 5.503598522180287445e-01 5.244592594884380787e-01 5.568976974113054590e-01 5.467250085207544519e-01 5.542787042953619681e-01 5.579261309980723116e-01 5.708335974432894311e-01 5.563437575622626197e-01 5.894082551379955515e-01 5.695631412265163007e-01 5.686517379980809972e-01 5.745920855016143358e-01 5.720690877930635354e-01 5.589819966765763315e-01 5.790689798020108858e-01 5.877461542932232996e-01 5.826333421111092870e-01 5.810787983111002086e-01 5.881093971170114898e-01 5.814078922041825415e-01 5.975974906726072566e-01 5.943713933867933452e-01 5.897732350800551915e-01 5.988586108974878197e-01 5.942297168603395408e-01 5.852730893540221135e-01 6.022494062579279994e-01 5.983416452559046084e-01 6.041676292411306548e-01 5.659964432337757367e-01 5.842459662272474485e-01 5.749480285447532424e-01 5.691583533983330945e-01 5.864805116645298577e-01 5.858639681438917446e-01 5.875266776801304491e-01 5.792534433919521719e-01 5.851301738732204161e-01 5.851471584602210285e-01 5.867430049677755388e-01
-1.140566609087185698e-02 4.844600869987685660e-02 2.035240256324308827e-01 3.166699786889569102e-01 1.000000000000000000e+00 3.180171665687440141e-01 4.101605548198209439e-01 4.254691582454028231e-01 3.899512988871236541e-01 3.526250466902483560e-01 4.126266921269873267e-01 4.510794145501950680e-01 4.410040863747646811e-01 4.191193911559928376e-01 4.635232480185189075e-01 4.762476904571953940e-01 3.857496493305299090e-01 2.757672077947263545e-01 3.162625676937020347e-01 2.912628400923268357e-01 3.185488069798870781e-01 3.583596181916348655e-01 3.262485680163962898e-01 3.298222637129807344e-01 3.394284913519350355e-01 3.897541907328161415e-01 4.223195891270986602e-01 3.879026854039098193e-01 3.741219124462176193e-01 4.158866013724617505e-01 4.292420004707273029e-01 4.185251509316125218e-01 3.968266272397147354e-01 4.187735099327221655e-01 4.230059001003171892e-01 4.162631931362470450e-01 4.320973466561601195e-01 4.433285245078291692e-01 4.514693039494928062e-01 4.396824795696295252e-01 4.580194507958392225e-01 4.501065523517872036e-01 4.554732060146761130e-01 4.632507274788656426e-01 4.538634098883877477e-01 4.510158637255445302e-01 4.550951599121668134e-01 4.559097284544856299e-01 4.597914671666790687e-01 4.431914369434676315e-01 4.597664869285496003e-01 4.478985917165002051e-01 4.587403595967139425e-01 4.628318848479872627e-01 4.575646227801642429e-01 4.531914425202273056e-01 4.446382178974883082e-01 4.549604104097863533e-01 4.585216130921971334e-01 4.606469446916464650e-01 4.654589354903387322e-01 4.678338716949693721e-01 4.661447806145218031e-01 4.597873457685659471e-01 4.541975843936139623e-01 4.670049172941944660e-01 4.541363730152176981e-01 4.450438493483350744e-01 4.467657324796949769e-01 4.473785094569805443e-01 4.461271858724917827e-01 4.505811861625736991e-01 4.504768362009952676e-01 4.438899086494412227e-01 4.580428544505019128e-01 4.542780581682938634e-01 4.458398894515540611e-01 4.405034797994820117e-01 4.530257171769914160e-01 4.544278279099741025e-01 4.603409644184551230e-01 4.625956090089592965e-01 4.566881582851784471e-01 4.486687592435157912e-01 4.566729161833192330e-01 4.610343449318732856e-01 4.633718825095505811e-01 4.571211628490535750e-01 4.594459063611658900e-01 4.538970491704761856e-01 4.531136681554704393e-01 4.633491152708324456e-01 4.623469993529087940e-01 4.676212264100453875e-01 4.674261583030483447e-01 4.620506216628136320e-01 4.613544176765299043e-01 4.600030993225869835e-01 4.684253230546923108e-01 4.628633915945163935e-01 4.615429972517888224e-01 4.637221349685518579e-01 4.671126062353853081e-01 4.677097116070585980e-01 4.691721839759078749e-01 4.550852611084245658e-01 4.619752182083826653e-01 4.603276338565858716e-01 4.589558923405792079e-01 4.608638772908033587e-01 4.648941735658754237e-01 4.604266672887919465e-01 4.638238888495017087e-01 4.654146178021517088e-01 4.614689111963790613e-01 4.613829277614367452e-01
1.353323006376527110e-02 4.598171495135098402e-02 2.593364730976916999e-01 3.742864147427443222e-01 3.180171665687440141e-01 1.000000000000000000e+00 5.198368371545353250e-01 5.170385689804484208e-01 5.395309110105470651e-01 4.732840449927834259e-01 5.664165066991525554e-01 5.879769684430037335e-01 5.426740844189649193e-01 5.684716160068287172e-01 6.000042111152725788e-01 5.904274382975296387e-01 5.314301614630584369e-01 3.958536852615078261e-01 4.532883759950093183e-01 4.291838858312101435e-01 4.851394887437108228e-01 5.146090875754870675e-01 4.342766406187454908e-01 4.484624893913239929e-01 4.760090786635796101e-01 5.408105702682268756e-01 5.678613805247108015e-01 5.406252833119027379e-01 5.228923495234739649e-01 5.735857549740595029e-01 5.857248917655938358e-01 5.735818817066105080e-01 5.435973087912889801e-01 5.801835764063287826e-01 5.509306094348468408e-01 5.690496014749216735e-01 5.832884054993326961e-01 6.055764541430653791e-01 6.072493797654561209e-01 5.916244038349691703e-01 6.132657002791302991e-01 6.081537926791236170e-01 6.134937000879316926e-01 6.240692973852465242e-01 6.094385398654734720e-01 6.164617063599205915e-01 6.118017609387662592e-01 6.120950118979424648e-01 6.145235223802679725e-01 6.049647595797499333e-01 6.171827600212099751e-01 5.866917271683760315e-01 6.140984306535337556e-01 6.113233618911000367e-01 6.034789621568366069e-01 6.072436649063387426e-01 6.070010621453990618e-01 6.099956485584329124e-01 6.155454368168760126e-01 6.198245981538530458e-01 6.140238535654245489e-01 6.183254872476375841e-01 6.177416145329301944e-01 6.170984994171097027e-01 6.075934258377820862e-01 6.112133304462736838e-01 6.137548434454301871e-01 5.985856980353676526e-01 5.969975381816299276e-01 6.075068664987242073e-01 6.098895079364967664e-01 6.116380936115016764e-01 5.929859966241196600e-01 5.997520979968277155e-01 6.166203109709036401e-01 6.185226008154226518e-01 6.089853716969075847e-01 5.995037668334811665e-01 6.142035853350471530e-01 6.042196728710319542e-01 6.069948767694044456e-01 6.167482736997748072e-01 6.150864226272165780e-01 5.998860758651305414e-01 6.128205659032111008e-01 6.136376953604838480e-01 6.173417768295709207e-01 6.157925412581150004e-01 6.164901708695159632e-01 6.092171165977113834e-01 6.104435214191351600e-01 6.192024834425593482e-01 6.209738623063434382e-01 6.224226120065498025e-01 6.165337088359741369e-01 6.149009523141183431e-01 6.134613424946053772e-01 6.132148720327965652e-01 6.157731384684962395e-01 6.178764589252614403e-01 6.182246560166302363e-01 6.181287790229309520e-01 6.183610634369227643e-01 6.222621032869045665e-01 6.194381044229896327e-01 6.092062931797928016e-01 6.166222609821115919e-01 6.123435440929709817e-01 6.154968790469045326e-01 6.177456779519244767e-01 6.161985966485044042e-01 6.155723874691636510e-01 6.165714998758463627e-01 6.170937491589729706e-01 6.142508512172479840e-01 6.130555994430141320e-01
1.101911805044057668e-01 2.020834149606519636e-01 3.412833064135205596e-01 4.997239676204120462e-01 4.101605548198209439e-01 5.198368371545353250e-01 1.000000000000000000e+00 7.502995933378343585e-01 6.851351304218451510e-01 5.705635222891056735e-01 7.162857276601934942e-01 7.064585174566095915e-01 6.778513804881116656e-01 6.864458956069572348e-01 8.249515355706688036e-01 7.622577416552512863e-01 6.806394420271530965e-01 5.375777720540708682e-01 5.785125098109928921e-01 5.493914488666435947e-01 6.046700183030696563e-01 6.304072191069538533e-01 5.982587343620764386e-01 5.906498293355171292e-01 6.042695979838654807e-01 7.426775749107730196e-01 7.168986947348227057e-01 7.247086168414702545e-01 6.675876387444640292e-01 7.044278244614859963e-01 7.330517752977006030e-01 7.425395371744551998e-01 7.074659317485783028e-01 7.241032065677657226e-01 7.045490607085584944e-01 7.230380973224826979e-01 7.283382252960968195e-01 7.815467551056093365e-01 7.601491123697421415e-01 7.700055089580706280e-01 7.641869085622939872e-01 7.881462989452444612e-01 7.745498122320410017e-01 7.737753851114124171e-01 7.649259422283408716e-01 7.586453600735122427e-01 7.449926863702981406e-01 7.469325235150543474e-01 7.538811722673396387e-01 7.600383121071423442e-01 7.759100860073492312e-01 7.380673903184633566e-01 7.484289353654771659e-01 7.439225266856864804e-01 7.369549855870410893e-01 7.655719326898875465e-01 7.512286889016998037e-01 7.687908668417736680e-01 7.659542828643255419e-01 7.526863730837898281e-01 7.523333944729442280e-01 7.527044636374001785e-01 7.517486510871047578e-01 7.514389247185899734e-01 7.403362887444436824e-01 7.313348987531905765e-01 7.532840448227695607e-01 7.357697554280447916e-01 7.425477830327252837e-01 7.414209911590465829e-01 7.429201897880305383e-01 7.445027032916085030e-01 7.320098098476904847e-01 7.384973616350067882e-01 7.726496109139380231e-01 7.575872008094876042e-01 7.673575615057179888e-01 7.448953572971012127e-01 7.631195336888275671e-01 7.440243202569275516e-01 7.410110735560559991e-01 7.491679134917826888e-01 7.579271784654521005e-01 7.551087803269994625e-01 7.614266280890957805e-01 7.482742493226913760e-01 7.512847701696541147e-01 7.756560588963739011e-01 7.560899866494151800e-01 7.623634959962537483e-01 7.780322902098154580e-01 7.671551166837912161e-01 7.533759165171092231e-01 7.625686121262270634e-01 7.417291163619317285e-01 7.461482114739780291e-01 7.692751904926883322e-01 7.471503146635468662e-01 7.487499842152367524e-01 7.646274360063010089e-01 7.550474293942186499e-01 7.582044669016030358e-01 7.431787961645756058e-01 7.608180907092398915e-01 7.517507663609781510e-01 7.461910613640715395e-01 7.456339244097796026e-01 7.474735942211491180e-01 7.540425671728058221e-01 7.544533204123291537e-01 7.686264234178544763e-01 7.454480272578551947e-01 7.517096470484441184e-01 7.487202282632656747e-01 7.489162039951373639e-01 7.310172301361034242e-01
8.649056390728364352e-02 1.858837708805560485e-01 3.213379587233684553e-01 5.147090049396423339e-01 4.254691582454028231e-01 5.170385689804484208e-01 7.502995933378343585e-01 1.000000000000000000e+00 6.672160607483484940e-01 5.750081064167286149e-01 6.894603493365063507e-01 7.174561704589367261e-01 6.774175591434232757e-01 6.744677302421888676e-01 7.795002392845319372e-01 7.802743935929057351e-01 6.687809500367850601e-01 5.481357377864117808e-01 5.552842200725509603e-01 5.502772108999404166e-01 5.901416929172638159e-01 6.046206161381140198e-01 5.810843458915562199e-01 5.600824075531853907e-01 5.612885564444715092e-01 7.085354436276255496e-01 6.924910055011066490e-01 6.917764343285819351e-01 6.360908412419471469e-01 6.726751006729031479e-01 6.977366239252161817e-01 7.389525083835326580e-01 6.804982697981608597e-01 7.079728148166946067e-01 6.750709836020263310e-01 6.711670618369126595e-01 6.902646666077097981e-01 7.555502815038290798e-01 7.326314716949490213e-01 7.571754367336722691e-01 7.540688124804069137e-01 7.664261531940567140e-01 7.591548337327331808e-01 7.584594265299696714e-01 7.415596916725225585e-01 7.374290264512726178e-01 7.417594545215503432e-01 7.430927721788992413e-01 7.470439554278284211e-01 7.576499663038726018e-01 7.735601569309765724e-01 7.307073556291640015e-01 7.435548866196531881e-01 7.387305202223417577e-01 7.349301130140090121e-01 7.610627784402280716e-01 7.486458390555451592e-01 7.592745170153388790e-01 7.636965465012820475e-01 7.442900666628390338e-01 7.483488322828537598e-01 7.458196264697801725e-01 7.542506698722492020e-01 7.423464211390813361e-01 7.389651757053091741e-01 7.329231637202042737e-01 7.462361638386559859e-01 7.338618454118149836e-01 7.410445902017970266e-01 7.450744601475745021e-01 7.269522642964286741e-01 7.318623785002851267e-01 7.225321224489701377e-01 7.161849585217606728e-01 7.606380990309782320e-01 7.445297009978323333e-01 7.538499000139873285e-01 7.320609378458988736e-01 7.466658064676384710e-01 7.268369847005924367e-01 7.238976056837352901e-01 7.350882475412648942e-01 7.501943338211201073e-01 7.371016894732651537e-01 7.535543600364749128e-01 7.415757921388175244e-01 7.312500584808858672e-01 7.625561052434942644e-01 7.410794410272124599e-01 7.573317665803321885e-01 7.639522369213221920e-01 7.575904298471196618e-01 7.437538158220954321e-01 7.514744231787855444e-01 7.384598476170196601e-01 7.428790266312504942e-01 7.621901168005291716e-01 7.454919456423596547e-01 7.444321888814774413e-01 7.597673743283620551e-01 7.492020526791922652e-01 7.526426419070224583e-01 7.421119883011868534e-01 7.546503467374832130e-01 7.456605623579367625e-01 7.425287044670885184e-01 7.430825805835555853e-01 7.438449035125661579e-01 7.515309427242394813e-01 7.493303345694463102e-01 7.620208785762485615e-01 7.414887890754540134e-01 7.450674154845797759e-01 7.415360721522886722e-01 7.437578199449789151e-01 7.307346303346087257e-01
2.595902898952953120e-01 2.520089108092385954e-01 4.144000011855014098e-01 4.902582740697577490e-01 3.899512988871236541e-01 5.395309110105470651e-01 6.851351304218451510e-01 6.672160607483484940e-01 1.000000000000000000e+00 6.783064180917134367e-01 7.909885524538431412e-01 7.451872210223193793e-01 6.887119390669126373e-01 7.206306803596256305e-01 7.896143113309219697e-01 7.814286251748974177e-01 8.161073311850122192e-01 6.742010401051423685e-01 7.222172328951395048e-01 6.406209632571111534e-01 7.370840713354921414e-01 7.685029077387089957e-01 7.320127720039188990e-01 6.831517841750166520e-01 7.147929736361745556e-01 8.175231869734562729e-01 8.219224460105467589e-01 8.099612326015652730e-01 7.937093194312881961e-01 8.274435424721063859e-01 8.247978132814370866e-01 8.402029320070618645e-01 7.884461544996096416e-01 8.140162449759263952e-01 8.159558588828484949e-01 7.556921002671066478e-01 8.047039127607307218e-01 8.345984114761795247e-01 8.476358726491243223e-01 8.142490407735962776e-01 8.393411722832954114e-01 8.386314117482102093e-01 8.265084282552397354e-01 8.349400272651485988e-01 8.348305926778504249e-01 8.298041678824082945e-01 8.116544835811709824e-01 8.377441232603020094e-01 8.414516122181004976e-01 8.153232720821808055e-01 8.423715552933306316e-01 7.945864261587155530e-01 8.254805077533048374e-01 8.431818677543546636e-01 8.394733536314025191e-01 8.514652596912821725e-01 8.502333330837085201e-01 8.298004524094364509e-01 8.396735839989808436e-01 8.445073175407310506e-01 8.305388029586824317e-01 8.332229516057293450e-01 8.291304182962758729e-01 8.406573014914189290e-01 8.603574434149666716e-01 8.354783325118549930e-01 8.444170700555992948e-01 8.400029454381662264e-01 8.299321443682527999e-01 8.215735561907533402e-01 8.461717721781629731e-01 8.473612341438806483e-01 8.152137610881245999e-01 8.279071045878387825e-01 8.490668549529946096e-01 8.491329173027485355e-01 8.509364407110594497e-01 8.442584214500858941e-01 8.462489506521655436e-01 8.508292603840725832e-01 8.360484989539699319e-01 8.402004078527194331e-01 8.458927296149328923e-01 8.449925235015774971e-01 8.337456948552639524e-01 8.312415679687907843e-01 8.308637909074092498e-01 8.451213749834984856e-01 8.382580144388936949e-01 8.406696376757302192e-01 8.392778170337028554e-01 8.315650766995061893e-01 8.319512604642790299e-01 8.370323393867610262e-01 8.178194101942665162e-01 8.274641819119553654e-01 8.296298289550368965e-01 8.377863104474139178e-01 8.176372681407618748e-01 8.375802788181021530e-01 8.253819924701314426e-01 8.373874324814961634e-01 8.211254753414620744e-01 8.318493607684611657e-01 8.271660472372804884e-01 8.367248863753260490e-01 8.300479464307548572e-01 8.288448676777431245e-01 8.350137520965497107e-01 8.318968921988113552e-01 8.339555244093214137e-01 8.321633950988673867e-01 8.300162800213515268e-01 8.387831253824880040e-01 8.495215192857865638e-01 8.267302850660045443e-01
3.554524272599019624e-02 1.336969270777166041e-01 2.427110372279981665e-01 3.983286119540273562e-01 3.526250466902483560e-01 4.732840449927834259e-01 5.705635222891056735e-01 5.750081064167286149e-01 6.783064180917134367e-01 1.000000000000000000e+00 6.704680464090069236e-01 6.962065176507181707e-01 6.500106192420852524e-01 6.731116182652870927e-01 7.346445749466674613e-01 7.322325808248568713e-01 6.496320456228138474e-01 5.503539258001872714e-01 5.698177201881281517e-01 4.837162232109945004e-01 5.199640802913962911e-01 5.774399288282131559e-01 6.150363502345883582e-01 5.443345310750795640e-01 5.526658631387021403e-01 6.408821374439523932e-01 6.590320724686159481e-01 6.599381066495682013e-01 6.640473713783653364e-01 7.059043345877735742e-01 7.135526006489311124e-01 7.474952509067894768e-01 6.521119413657708863e-01 6.918307725126160435e-01 6.946894201372616484e-01 6.123668266163438956e-01 7.004638531010907165e-01 7.433500431946789000e-01 7.562910743087057908e-01 6.973281936583010099e-01 7.598249934648548809e-01 7.464119294103205293e-01 7.451101223705840493e-01 7.616540772838891193e-01 7.290152070011085561e-01 7.607221836368055490e-01 7.805354812175988588e-01 7.922016168478525078e-01 7.746611110926998611e-01 7.029460939043723489e-01 7.620832808605932929e-01 6.755518708701206965e-01 7.394393103151675195e-01 7.882874383816020902e-01 7.703075344887519993e-01 7.615788263986961182e-01 7.463194555801236918e-01 7.729380855461424060e-01 7.782650659191674425e-01 7.796978886834310396e-01 7.673698144465048721e-01 7.827922433418952330e-01 7.766379366456290789e-01 7.661367169055874893e-01 7.548615418669778476e-01 7.675873426390537047e-01 7.868711734380157141e-01 7.876330805509604849e-01 7.882574058036309061e-01 7.573270575605933752e-01 7.611785857139888867e-01 7.676254425722975894e-01 7.560295810079467049e-01 7.473170824961143932e-01 7.735376177278255883e-01 7.764903726222529556e-01 7.727553840558041287e-01 7.801849190022777103e-01 7.695727887412879831e-01 7.811332383463757134e-01 7.772679731745977261e-01 7.809419299802012882e-01 7.831089722878387116e-01 7.718975088649840943e-01 7.624943796710474953e-01 7.753819353654944901e-01 7.671243710980075736e-01 7.820689538947798169e-01 7.845903818239867711e-01 7.868548979363064744e-01 7.644361610573152666e-01 7.824549094250993209e-01 7.779523261522469646e-01 7.819934083000577019e-01 7.887540127355725517e-01 7.937594699352791272e-01 7.533867640605702576e-01 7.595166569230795695e-01 7.755202394687231715e-01 7.754826213118242162e-01 7.754939396153988085e-01 7.817694837204537395e-01 7.748605647783441963e-01 7.780700834366728325e-01 7.648305296154197519e-01 7.775458638423572433e-01 7.889770387487160530e-01 7.946008158180413172e-01 7.900271087294297168e-01 7.881009303760206919e-01 7.855853349455497181e-01 7.894217307952560159e-01 7.906383507009757672e-01 7.839037734481602016e-01 7.770005099596718479e-01 7.840402914940762802e-01
1.060734603007185556e-01 1.902132072020849551e-01 4.445362945383992126e-01 5.394739024255204018e-01 4.126266921269873267e-01 5.664165066991525554e-01 7.162857276601934942e-01 6.894603493365063507e-01 7.909885524538431412e-01 6.704680464090069236e-01 1.000000000000000000e+00 8.211249337963750783e-01 7.490628970400068365e-01 7.649494119169136797e-01 8.366893556522145836e-01 8.291530597596806773e-01 7.897734575957841008e-01 6.721253089067382724e-01 7.209036060591152983e-01 6.581402124402971898e-01 7.503658353131049674e-01 7.799736310542334516e-01 7.265673701135944018e-01 7.454600180755447392e-01 7.587667672226594551e-01 8.300984703640280626e-01 8.385165949622954695e-01 8.230830493660296066e-01 7.900252062817924026e-01 8.515829962964860389e-01 8.585233508740636177e-01 8.657164664763695727e-01 8.070147491809609441e-01 8.530728846935824450e-01 8.450548614486861343e-01 8.175571876724679887e-01 8.647768340897685757e-01 8.633011998282362764e-01 8.802632381224434477e-01 8.524146408480874904e-01 8.859714092402540819e-01 8.802346856317084800e-01 8.747933410111214947e-01 8.797504881070103977e-01 8.862984307895079850e-01 8.689835194015514963e-01 8.669404094197940003e-01 8.781125917020006222e-01 8.755169610953504877e-01 8.553730830653534234e-01 8.779887494963959371e-01 8.436232219561753398e-01 8.636683694575554293e-01 8.795790500637707954e-01 8.691631430906372469e-01 8.832659143156077475e-01 8.665946391262022708e-01 8.745338527542503293e-01 8.722226074316820066e-01 8.803275048935584879e-01 8.779002243735711808e-01 8.703534875647610525e-01 8.668917902996611247e-01 8.749981376814907064e-01 8.757040839033928270e-01 8.702992166585750144e-01 8.789292731154529914e-01 8.750372374559370892e-01 8.775811123668777469e-01 8.738992203398385783e-01 8.901534493030719419e-01 8.895189052542060715e-01 8.811556091111556466e-01 8.908084241112853574e-01 8.922397493879606900e-01 8.898524886989136462e-01 8.861168036003151949e-01 8.711195560139068927e-01 8.860729046757728211e-01 8.860624734339838104e-01 8.844433515360536902e-01 8.872059049159218835e-01 8.877501024430021204e-01 8.877847858717717866e-01 8.831648977510483389e-01 8.843953020462503867e-01 8.919755051118573030e-01 8.837234417782420248e-01 8.826749134412482656e-01 8.800370194652431532e-01 8.876321564474469739e-01 8.823174883328646079e-01 8.872879775887322351e-01 8.836316787546878437e-01 8.690124045044068657e-01 8.742870428741026378e-01 8.771892218584609324e-01 8.733361699349496687e-01 8.672150166302071694e-01 8.815896318094783579e-01 8.749083341440304640e-01 8.795987289569726642e-01 8.722939684059021204e-01 8.799402232790968226e-01 8.824749920603142117e-01 8.723034238213410729e-01 8.726171647725695646e-01 8.744718504699419137e-01 8.785722022207206328e-01 8.747776569576892758e-01 8.794475011064182279e-01 8.726002467722322464e-01 8.728578190071066834e-01 8.779051582041830226e-01 8.790373070317311077e-01 8.686910672179215531e-01
-2.919613280703212826e-02 7.192820313556098910e-02 3.399399564966117393e-01 6.556602842032714928e-01 4.510794145501950680e-01 5.879769684430037335e-01 7.064585174566095915e-01 7.174561704589367261e-01 7.451872210223193793e-01 6.962065176507181707e-01 8.211249337963750783e-01 1.000000000000000000e+00 8.002351251454405956e-01 8.387698647640340344e-01 8.832723239686015582e-01 8.958882728188202194e-01 7.530726123761810609e-01 5.160913282281867076e-01 5.834198727554619213e-01 6.165673804857071394e-01 6.259945533648532123e-01 6.757023884094763844e-01 5.735636986095252743e-01 5.925826361646190366e-01 6.258957959924145165e-01 7.312320327838417455e-01 7.742195940664529097e-01 7.253311146711463042e-01 6.897094973840839360e-01 7.783362558269720788e-01 8.078682540613051355e-01 8.271635709530266167e-01 7.544583354185837587e-01 8.186250861844600601e-01 7.823497350604572409e-01 7.933027630946083431e-01 8.238839439364434858e-01 8.736905722310260858e-01 8.737081382018705433e-01 8.445376448301314953e-01 9.014398662578797516e-01 8.862293595964896298e-01 9.100067751230677127e-01 9.054444784703415960e-01 8.728213740106565144e-01 8.847597533821410787e-01 9.215545265393644270e-01 9.132009024938324560e-01 9.112635440967772338e-01 8.923291912773081425e-01 9.155183440466242439e-01 8.829049156368754536e-01 9.114540141934358575e-01 9.018826196912275162e-01 8.794594719371509051e-01 8.720084259597414844e-01 8.796400156696843053e-01 9.187979836885741269e-01 9.142540296859754667e-01 9.130640342287927869e-01 9.254055745005866918e-01 9.159741551894692302e-01 9.128574529465295351e-01 9.146336736587494798e-01 9.026019086433724192e-01 9.143965346580243958e-01 9.096895607069508394e-01 8.717789680425118704e-01 8.861078225953253895e-01 9.068955695002104411e-01 8.845682804008441202e-01 8.835795031613340456e-01 8.648041948388985878e-01 8.679586968089539889e-01 9.015616651294882100e-01 8.990341285697673879e-01 8.828616192716394195e-01 8.624422311859006873e-01 8.892210677668836993e-01 8.901757997728664273e-01 8.944119559588213919e-01 8.996807393517823881e-01 9.038277021560063851e-01 8.896720368632170528e-01 9.151122648763880818e-01 9.089332405951260352e-01 9.031698437459523277e-01 9.100235164767727092e-01 9.133222904013738042e-01 8.969767549900481418e-01 9.011249570556755240e-01 9.229158435393463034e-01 9.194401024165699265e-01 9.187072896609923545e-01 9.285916181771699529e-01 9.244358154809371175e-01 9.198571377135615901e-01 9.168836890648592863e-01 9.247708057933528014e-01 9.245289236855873671e-01 9.269154502306369281e-01 9.210345637559242959e-01 9.321219764115216133e-01 9.302315774396552328e-01 9.315875115779785887e-01 9.068717875647289706e-01 9.256952258379138598e-01 9.188988963167402657e-01 9.127730684878739842e-01 9.249334784368844486e-01 9.215556019292782119e-01 9.248887056281549501e-01 9.225116992191323417e-01 9.238014251715163105e-01 9.163051166373443746e-01 9.240955159223356308e-01
1.705851056327801693e-02 1.171599428052800401e-01 3.197464516353538677e-01 5.240112161860647211e-01 4.410040863747646811e-01 5.426740844189649193e-01 6.778513804881116656e-01 6.774175591434232757e-01 6.887119390669126373e-01 6.500106192420852524e-01 7.490628970400068365e-01 8.002351251454405956e-01 1.000000000000000000e+00 7.525719289245369481e-01 8.182668845624131437e-01 8.237001047760471595e-01 6.932888590091350611e-01 5.262482931489086413e-01 5.834788292142629729e-01 5.370038764749585081e-01 5.891065908694972375e-01 6.432577543247732788e-01 6.047425964862277459e-01 5.992971575964753939e-01 6.112243320384048717e-01 7.094363823712570571e-01 7.298770503865550374e-01 7.106581866725584229e-01 6.778711790298103113e-01 7.434375797133319086e-01 7.699463296806025037e-01 7.766749606242905335e-01 7.128577360773794558e-01 7.614100774568655083e-01 7.439568334568953389e-01 7.364394827914727548e-01 7.839825319942165249e-01 8.033823406120347288e-01 8.144884395261694499e-01 7.887161348640274738e-01 8.285241410598217504e-01 8.223386881308477614e-01 8.285472858501319315e-01 8.306823827267741933e-01 8.116413331486675986e-01 8.168217774417345645e-01 8.388239202865880317e-01 8.337540700098736712e-01 8.281469496705049504e-01 8.072256278566013465e-01 8.368134268991708202e-01 7.950868187723753033e-01 8.224966559081825501e-01 8.300061901452204793e-01 8.111603000609025615e-01 8.158250613523766459e-01 8.089844238536195720e-01 8.347690570310751790e-01 8.367453100945819733e-01 8.383076702719503004e-01 8.402998272092716547e-01 8.367835304351181058e-01 8.333248966021528092e-01 8.318184568840549797e-01 8.213496793975642030e-01 8.344937702329476847e-01 8.353731404815004646e-01 8.163805024195167626e-01 8.259867723927895033e-01 8.175653235665200080e-01 8.134610673702311612e-01 8.197559955923977570e-01 8.125506195521927655e-01 8.085460347268524917e-01 8.343440355450061352e-01 8.288923005932847810e-01 8.220190086932750440e-01 8.071147264887658102e-01 8.267227417812631485e-01 8.191032686739055935e-01 8.250949430922346339e-01 8.332196176774064877e-01 8.372677716620228194e-01 8.211651863205894353e-01 8.317667958987943200e-01 8.319850426790248443e-01 8.345391421973108459e-01 8.330677570373015151e-01 8.371671979000500086e-01 8.314894483510002487e-01 8.328672744830006858e-01 8.430585468190652243e-01 8.411058211624251602e-01 8.413238377084287789e-01 8.419443181863499603e-01 8.403733028315252263e-01 8.307081207334799933e-01 8.277680792889504646e-01 8.350711216580029017e-01 8.420961002851843347e-01 8.391178778492389689e-01 8.381090098251138265e-01 8.420156525153115190e-01 8.441258908809115002e-01 8.398423978258208189e-01 8.265011148705410093e-01 8.393317029580436017e-01 8.382523953399326766e-01 8.353744238525022681e-01 8.406433654265300648e-01 8.399468281528781333e-01 8.391074927052314392e-01 8.394345980186769252e-01 8.379851564419533716e-01 8.356016312346324915e-01 8.376291258665162776e-01
