1.000000000000000000e+00 2.269022880767195272e-01 2.872742612255643202e-01 1.712048408539998678e-01 3.208070434802218207e-02 2.052252923068437554e-02 1.339131513657846329e-01 8.437774044077840652e-02 3.037325689010574314e-01 2.806686544835144265e-02 7.423986711470280386e-02 6.662660491182090250e-02 6.851609442948237809e-03 3.948489453914348635e-02 2.355512310516684124e-02 4.649623967331829866e-02 2.855337351537121648e-01 3.516323837881977221e-01 2.802671376643049439e-01 2.706687808704547060e-01 2.134365591379184246e-01 2.637003371587840483e-01 3.510813242067756246e-01 3.216423951088968614e-01 3.159357132534761914e-01 2.480328965515149475e-01 2.188829393975717241e-01 2.088620381422970351e-01 2.914628947398785197e-01 2.948845733889523535e-01 2.987649596259931983e-01 2.081184787714419338e-01 2.289435232062778935e-01 2.595359662380878341e-01 2.677136577197383183e-01 1.944539558757812092e-01 2.418219037114719139e-01 1.354406752751421417e-01 1.576889047224598883e-01 1.227716858750443202e-01 9.288576325015146518e-02 7.429088250846759001e-02 5.079789029784964605e-02 9.623262624271267107e-02 1.506933915760913789e-01 1.393290477978130215e-01 2.794772793386094203e-02 4.695838233722577498e-02 3.499930599506064638e-02 1.583831151821337713e-01 9.133252103251005005e-02 1.148649192041085731e-01 5.250083649319087914e-02 1.060504005348346657e-01 1.150218382786701299e-01 1.399303871711293223e-01 1.476260911824910094e-01 5.054048794057554306e-02 6.785510569426041194e-02 9.296212059612518619e-02 7.073252118757908380e-02 7.208495007306332802e-02 6.459735286285069045e-02 1.234889901310857740e-01 1.407615035906150946e-01 1.300817230249895207e-01 6.519609699600721620e-02 1.452409479929741287e-01 1.466907776008018194e-01 1.425382597409800556e-01 1.169516107236518859e-01 1.180788321658227807e-01 1.453888224077979630e-01 1.650128468599261211e-01 1.167504696379309120e-01 1.273230173277956623e-01 7.696409411263606393e-02 1.349448639043278053e-01 1.331395964893038741e-01 1.554444739192743785e-01 1.578462925260116778e-01 1.297611374443656262e-01 1.495061103609457154e-01 1.332934602728911289e-01 1.209777331007355072e-01 1.245985924995946098e-01 1.130973477213230022e-01 7.815168257908154670e-02 9.516098792700644626e-02 1.182157909753306785e-01 7.132047190368603906e-02 5.022776274421500431e-02 6.638352516739468023e-02 6.653892879018888373e-02 1.720653983863113315e-02 2.965323413050184251e-02 8.345860146048333927e-02 1.343127638159783421e-01 5.442464428776046248e-02 6.121376516237104354e-02 5.532097362413519043e-02 7.710206038270490947e-02 4.595361343056104941e-02 4.692581533575276853e-02 9.012821370326638826e-02 1.208736787798752044e-01 5.378691688743009180e-02 6.352545494849848318e-02 7.401013412907200828e-02 4.257454741398626619e-02 4.627608235718951024e-02 5.048334793908965806e-02 5.023946383875514676e-02 7.042819263821417652e-02 8.240663113684290608e-02 7.349218380969722852e-02
2.269022880767195272e-01 1.000000000000000000e+00 1.554188207238965114e-01 4.530264888790452166e-02 2.585197473919351868e-02 6.073267075363174283e-02 1.059403609066685154e-01 1.095177214217066125e-01 2.303321018167801548e-01 1.754640680322899771e-01 1.242053465019578168e-01 1.147273652621367962e-01 7.620090969895709776e-02 1.420205320017893513e-01 1.156379193972327385e-01 1.233949945903260459e-01 2.251205763869702781e-01 1.837153216145235024e-01 2.275984050466928199e-01 7.647298855389315919e-02 1.613096069002002142e-01 2.069140455905957854e-01 2.282618475682988979e-01 1.799935086407304652e-01 2.057308614670127211e-01 2.318449783125435260e-01 2.022971095711770528e-01 2.152359745903897059e-01 2.422896175599244251e-01 2.185646098218639310e-01 2.350997210930644843e-01 1.806312924728900871e-01 2.319987379709432807e-01 1.928139756185406894e-01 2.175785141375606857e-01 1.695843122876364295e-01 1.886202418970551742e-01 2.078243138748466223e-01 2.024963617476951971e-01 1.632765039014694441e-01 1.681041154652885283e-01 1.662956290484182698e-01 1.371995840260791522e-01 1.660765309466761541e-01 1.805909574998668388e-01 1.993484540154137341e-01 1.479839723020472120e-01 1.575247073221912875e-01 1.377723936300437879e-01 1.571137663600857270e-01 1.826880345397431105e-01 1.283957321935736973e-01 1.307541124840824742e-01 1.813487276510329094e-01 1.763113007310421199e-01 1.853581109789656234e-01 1.656350331399884523e-01 1.656463535925525588e-01 1.790795764222896380e-01 1.666795334066700218e-01 1.623301641344693513e-01 1.668086446825923219e-01 1.645470202750196620e-01 1.745973924518886555e-01 1.887169632817610188e-01 1.654096005464633923e-01 1.674042282912720780e-01 1.935965885848461299e-01 1.803836063873069384e-01 1.524046548764832754e-01 1.927681691088080906e-01 1.923460399085731853e-01 1.835924235210613376e-01 2.012279147098588183e-01 1.839871741611570910e-01 1.849543494808080779e-01 1.752174761709427153e-01 2.034101536328663806e-01 1.942975742580993204e-01 2.066395950255662251e-01 2.023491313646491041e-01 1.956642986464928735e-01 1.981137298432984750e-01 2.007743653815982077e-01 1.755088504387251613e-01 1.853963566688227038e-01 1.724095235626928457e-01 1.906249307649123259e-01 1.870712050661888504e-01 1.802750861965268792e-01 1.733096591783958029e-01 1.642846019829820314e-01 1.649990597347238130e-01 1.785917177033429504e-01 1.521452084248446079e-01 1.541390271620153019e-01 1.616045768994382181e-01 1.753569428473079894e-01 1.595481432081204687e-01 1.695977554713761215e-01 1.549510034304054373e-01 1.740649988632237688e-01 1.414429048590209459e-01 1.534467951473484637e-01 1.585616836470597757e-01 1.689640204590266148e-01 1.626092649352160746e-01 1.726261389438756844e-01 1.721734632514706764e-01 1.615936108640148583e-01 1.702317783142188734e-01 1.563534493589609220e-01 1.653375135978385757e-01 1.671668599507305231e-01 1.713307693575867874e-01 1.579596142317962471e-01
2.872742612255643202e-01 1.554188207238965114e-01 1.000000000000000000e+00 3.304199777439135732e-01 1.921719118074395882e-01 2.651060150503153912e-01 3.325041195162052876e-01 2.852654848050620862e-01 3.934670788808737329e-01 2.710085101416573883e-01 3.947022748797837655e-01 3.603401794800780711e-01 2.801882673047091377e-01 3.078233726999813902e-01 3.356158525966879136e-01 3.220423364425527013e-01 4.360158022161539360e-01 4.790768019589259352e-01 4.995588428353422428e-01 3.166378972037022788e-01 4.474077497242715529e-01 5.245170970288858259e-01 4.868352965076427896e-01 4.535807526048395988e-01 5.220891576242341348e-01 4.865475665091451574e-01 4.799031374141593531e-01 4.856969602150225107e-01 5.092412048525066792e-01 5.034071934819237537e-01 5.188515622235706504e-01 4.479643882862631155e-01 4.848363900323858777e-01 4.391108809533856849e-01 4.688390567279189236e-01 4.183206954219849116e-01 4.646961074196961361e-01 4.289506101864202781e-01 4.310588498314009143e-01 4.259126063668127737e-01 3.924859277078484587e-01 4.041607409598877987e-01 3.736138148211716192e-01 4.061788077483645676e-01 4.533824701152925907e-01 4.338484665868739820e-01 3.419751532754919388e-01 3.481038774511760470e-01 3.363509876669772414e-01 3.938484479774300717e-01 3.946527806057384957e-01 3.675097593109992733e-01 3.379369793459658933e-01 3.717898089022040331e-01 4.101152579991048652e-01 4.283133617026603224e-01 3.801104556545605861e-01 3.636495459632627103e-01 3.705437247997063754e-01 3.638694938488893915e-01 3.618995549320270788e-01 3.622741330436541340e-01 3.672443465664083639e-01 3.741548343446999270e-01 3.891749551162755338e-01 3.675285953728064103e-01 3.587489669471732312e-01 4.285209070313032442e-01 4.097018905993836113e-01 3.887283157047572435e-01 4.336789400747795842e-01 4.302819037543388347e-01 4.102431243124854410e-01 4.367392007693505218e-01 4.099611018420953878e-01 4.197309965393186681e-01 4.020188574754005595e-01 4.265132364387931307e-01 4.240885233227806861e-01 4.229990127433646552e-01 4.233774151217756798e-01 4.196977865557617871e-01 4.191554985941560174e-01 4.206588777873223051e-01 3.947103908742830569e-01 3.877624282264478528e-01 4.023533678533102731e-01 3.813818949448909978e-01 3.832296502571703178e-01 4.081727926110629290e-01 3.994340126577730077e-01 3.679655561955819665e-01 3.872026843076605274e-01 3.758623857592364170e-01 3.312306276560564311e-01 3.368613189068662139e-01 3.679106717900710311e-01 3.768268907236789200e-01 3.464686059357475201e-01 3.723884942822370814e-01 3.629433912356543335e-01 3.638534518636251103e-01 3.439368530546514924e-01 3.589002549130195230e-01 3.697784320971108096e-01 3.779037436023864327e-01 3.437729678980653847e-01 3.591242714149987525e-01 3.717989983459658587e-01 3.490783190374981970e-01 3.615775202471093186e-01 3.435889388021798885e-01 3.492189069706265192e-01 3.531385433056103418e-01 3.710924989435983590e-01 3.413835805901139775e-01
1.712048408539998678e-01 4.530264888790452166e-02 3.304199777439135732e-01 1.000000000000000000e+00 3.847487186913438606e-01 3.915115901404433441e-01 6.282685872285265205e-01 5.795123359315502709e-01 4.541510234186473260e-01 3.178240074131854498e-01 5.041497843599502815e-01 6.797680060052365691e-01 4.963387017674076307e-01 4.251529210161879568e-01 5.781703590840648888e-01 5.902916766620871503e-01 4.742786648063484489e-01 3.930133572516670837e-01 4.008236795084896276e-01 4.386021072466880777e-01 3.595567739907113980e-01 4.368792433271609932e-01 4.286377041839167790e-01 5.094821573698706807e-01 4.637929831086042842e-01 5.396867051876401700e-01 5.262442572502157301e-01 5.084281837455458808e-01 4.708731181070788807e-01 5.002265410823379943e-01 5.297031080166522132e-01 5.265329349802270187e-01 4.456944476688903256e-01 5.130832324221683560e-01 4.594199303243324817e-01 5.502436417269231939e-01 5.426394238938401227e-01 4.660824972351149675e-01 5.169875758871251836e-01 5.522263927894388580e-01 5.270563412732021114e-01 5.055876471027730412e-01 5.460801144710047961e-01 5.541530487968970853e-01 5.717953229447205743e-01 5.151733379978422622e-01 4.972262296568334405e-01 4.904008604088515022e-01 5.113407069032228636e-01 5.362714617800770078e-01 5.136429734796738034e-01 5.967839919270595539e-01 5.582193820777739957e-01 4.879733064092339756e-01 4.927013669476993929e-01 5.213515953088099231e-01 5.399334920298756169e-01 4.809113254412610283e-01 4.820776359515319687e-01 5.026203748985332842e-01 5.205733266240057944e-01 4.922345685626439149e-01 5.077502881205401275e-01 5.525354048402638663e-01 4.939619546062202771e-01 5.336992692865331067e-01 4.830107203330581411e-01 4.864676445860839360e-01 5.143954141171640515e-01 5.156457743029276841e-01 5.021722870930755978e-01 4.975693113472136053e-01 5.175282084243394420e-01 5.285077431675143655e-01 5.356403477210535113e-01 5.295107708385976553e-01 4.994769232631337541e-01 4.891558117630107616e-01 5.105255650622697594e-01 5.038620375280126185e-01 5.142106774370959199e-01 5.271037474121363919e-01 5.117782783119817491e-01 4.834036967617824088e-01 5.259260745538768544e-01 5.155295325613561408e-01 5.365182952070566280e-01 4.767688700655280942e-01 5.060865851512497127e-01 5.177740904859288174e-01 5.150463432575669298e-01 5.005914863881399945e-01 5.287342266752482756e-01 4.943521706578492547e-01 4.800312807697945661e-01 4.859339066256008199e-01 5.252692309784727787e-01 5.292591838504280277e-01 5.054396369345536266e-01 5.093395367347123281e-01 5.247330499879369059e-01 4.951989325051990853e-01 5.251035726895223466e-01 5.154161526218719036e-01 5.389744245906161746e-01 5.264658927764990226e-01 4.957037961332623199e-01 4.834128843974953571e-01 4.864820569636636449e-01 4.884870122679385029e-01 4.703994254197980118e-01 4.994726582272069892e-01 4.786756684600406153e-01 4.984596523502999865e-01 4.956095540205638361e-01 5.107113432497274452e-01
3.208070434802218207e-02 2.585197473919351868e-02 1.921719118074395882e-01 3.847487186913438606e-01 1.000000000000000000e+00 3.098684759618667295e-01 4.790703708439094100e-01 5.018258706528728741e-01 3.821011610462391461e-01 3.546804480440815532e-01 4.272855425590731948e-01 5.052409457056986630e-01 4.901513389241767271e-01 4.055101521925170704e-01 5.209586038003469755e-01 5.156269843479733828e-01 3.662515666024098726e-01 2.666070069588752922e-01 3.072509805789686577e-01 2.734930402001542471e-01 2.964563188511847858e-01 3.512719539579043371e-01 3.182669289586192996e-01 3.316942526236761335e-01 3.226594003735477334e-01 4.238975815253493984e-01 4.184514404714516078e-01 4.494098861060830674e-01 3.954405536119872111e-01 4.127705078681235817e-01 4.096479618292886427e-01 4.295627226479444838e-01 3.845236887520831481e-01 3.911866172741303993e-01 3.934321986292933504e-01 4.115802650678453412e-01 4.198996864916697547e-01 4.513725808522063287e-01 4.564317009205804410e-01 4.634531289427005207e-01 4.688433779714126781e-01 4.809109525066347923e-01 4.899187654018343774e-01 4.974411251153752489e-01 4.719127711117297452e-01 4.775867936678941383e-01 4.731468009170962108e-01 4.649557782286480312e-01 4.736426570683744952e-01 4.523937391969902744e-01 4.667397345265791309e-01 4.653290811945257621e-01 4.856121921223877647e-01 4.515580279987613244e-01 4.576573698223218578e-01 4.665538539561554510e-01 4.602825088248370111e-01 4.679915887367713800e-01 4.613384500543029620e-01 4.736146915839125615e-01 4.776550987191613418e-01 4.655619461341307663e-01 4.681673289274802530e-01 4.763574465133512681e-01 4.538854930859572145e-01 4.690726355117853519e-01 4.615962880740853702e-01 4.349269427712703084e-01 4.554859182253794825e-01 4.431065385245273047e-01 4.437929093096044664e-01 4.519901461566627199e-01 4.475227400383831045e-01 4.439477209219943044e-01 4.720938886683738178e-01 4.707581945358970121e-01 4.801861123002522658e-01 4.554259133374191637e-01 4.681230775152050438e-01 4.534695722783056437e-01 4.606351414375979281e-01 4.608264690366308258e-01 4.554859174255471710e-01 4.495920676594386545e-01 4.541669923117460650e-01 4.524790313283891252e-01 4.610355475888574528e-01 4.622029377719500953e-01 4.648509618021421930e-01 4.632755032472301027e-01 4.735759705449219537e-01 4.761795944861325069e-01 4.744254820696398589e-01 4.713857986723921645e-01 4.689048312539466634e-01 4.663885287021451997e-01 4.668090428263966252e-01 4.633929179500468898e-01 4.780243569013283289e-01 4.727830817153914067e-01 4.863157777587923114e-01 4.634834707777836238e-01 4.806308583608183138e-01 4.781271617008191477e-01 4.746694640452707170e-01 4.672273674687065226e-01 4.662663664628787230e-01 4.594494500194808984e-01 4.586962294126187833e-01 4.700790954358649021e-01 4.638723232802015040e-01 4.755474009202880770e-01 4.643285548829468312e-01 4.734592971055163746e-01 4.680049402153267923e-01 4.737846123929916886e-01
2.052252923068437554e-02 6.073267075363174283e-02 2.651060150503153912e-01 3.915115901404433441e-01 3.098684759618667295e-01 1.000000000000000000e+00 5.047535563636311728e-01 4.764635010644566737e-01 4.747035445674470111e-01 4.250975423699313027e-01 5.493808821578739510e-01 5.714032528296271174e-01 5.254124264392211474e-01 4.863915345126487710e-01 5.889616193897766472e-01 5.729472839772342674e-01 4.890337716960415082e-01 3.757025911424449749e-01 4.382822581769691417e-01 3.740599415593323096e-01 3.837044937923342891e-01 4.433759636836962503e-01 4.236208711497523871e-01 4.541574388621048564e-01 4.426125830288799023e-01 5.270546256191288581e-01 5.242320306739927105e-01 5.216614926434595123e-01 4.891782937226074046e-01 5.217007528948310879e-01 5.294727017865983321e-01 5.592265543778820458e-01 4.816244545368257302e-01 5.154715011729266161e-01 5.056541101788898374e-01 5.403926539134324969e-01 5.557250092268146702e-01 5.412295594750595740e-01 5.679318288553504290e-01 5.517939232002182504e-01 5.862217337304156395e-01 5.702086290175522043e-01 5.765616212587508782e-01 5.975468454600142421e-01 5.843456601893225466e-01 5.759414746664360818e-01 5.885696358233492020e-01 5.876224794734213885e-01 5.923528358986626108e-01 5.502770575225190974e-01 5.641831134411877668e-01 5.615677532361134094e-01 5.828990375587563832e-01 5.712466959452773274e-01 5.670342503469093520e-01 5.688111431601300394e-01 5.639039172022537461e-01 5.760506936744850259e-01 5.715555359985976525e-01 5.842380797984413343e-01 5.836209915971952711e-01 5.787215011465947079e-01 5.762086813102227367e-01 5.809710004570766140e-01 5.633630883504525677e-01 5.772754141536546868e-01 5.840530786517549311e-01 5.723759423498548937e-01 5.856676430443202852e-01 5.736279199399931805e-01 5.617453047630229790e-01 5.779443536841911699e-01 5.772320223598367273e-01 5.736068770803346428e-01 5.844480733602172018e-01 5.864924532251563072e-01 5.882068047164398239e-01 5.754481763111529702e-01 5.814560456090221985e-01 5.759111964451301136e-01 5.763433311245567126e-01 5.838132541905001194e-01 5.767156718915577018e-01 5.735730515096792992e-01 5.793879215791528647e-01 5.782425719626045346e-01 5.902277992732841705e-01 5.746860523493901862e-01 5.846096043259382258e-01 5.817820121959466073e-01 5.881728983489097340e-01 5.876859646968322082e-01 5.904612006214079445e-01 5.851387998640564803e-01 5.863677380964734676e-01 5.856048333182838350e-01 5.800239878626703982e-01 5.717274252166894000e-01 5.866428243569700163e-01 5.851741736347517708e-01 5.918264161173496518e-01 5.773767782463995468e-01 5.919429598229982714e-01 5.912336899873232854e-01 5.889337777549700226e-01 5.805791047530610705e-01 5.828437472045833179e-01 5.818652846475719231e-01 5.803668249632413234e-01 5.844984517423436055e-01 5.792239246461872160e-01 5.866961416818502473e-01 5.812571411246659769e-01 5.811250100152853815e-01 5.809461397558292051e-01 5.845084198825372113e-01
1.339131513657846329e-01 1.059403609066685154e-01 3.325041195162052876e-01 6.282685872285265205e-01 4.790703708439094100e-01 5.047535563636311728e-01 1.000000000000000000e+00 7.199326656232089006e-01 6.151207380055153662e-01 5.205645421752851387e-01 6.675537245249724139e-01 7.764031541500506783e-01 6.650888286775497038e-01 6.090188999067466247e-01 8.221223412877398662e-01 7.668207524388225282e-01 6.214830075118666919e-01 4.621078846574537824e-01 5.087396777366830491e-01 4.886261433821255107e-01 4.313241127842823985e-01 5.355814610280191790e-01 5.265532755449817692e-01 5.801949202189655708e-01 5.469363814306286153e-01 6.749592096416872078e-01 6.749078791854636883e-01 6.973899530735470087e-01 6.258109342758625404e-01 6.523230978235368127e-01 6.860921510544683022e-01 6.948707470760034921e-01 6.185649322773775216e-01 6.506309015227447201e-01 6.172468309430134692e-01 6.988345191710347848e-01 6.948664188677791120e-01 6.956057224800500371e-01 7.073250397549371016e-01 7.289354515627474163e-01 7.307239754160660405e-01 7.299557827994351822e-01 7.408222480863404513e-01 7.550926631441293724e-01 7.452747351454843683e-01 7.247684736033170871e-01 7.152286898626382117e-01 7.063770596201446317e-01 7.200598060213883045e-01 7.155937179233989864e-01 7.218188696664610271e-01 7.246827942337427109e-01 7.284725019022669779e-01 6.919135194089092167e-01 6.978046896525361698e-01 7.126869480683742930e-01 7.231443088576360312e-01 6.982314253361602274e-01 7.088273169171596111e-01 7.093589285237970055e-01 7.302454301970160433e-01 7.038223975773715280e-01 7.197829605274204123e-01 7.371416247957891521e-01 6.877021839492613031e-01 7.190299011955938457e-01 7.017000359093616968e-01 6.783879187563872648e-01 7.093162970439321757e-01 6.903700017619821550e-01 6.700012736352083387e-01 6.903976176998625203e-01 7.037883562446762831e-01 7.000245996959435502e-01 7.311149075314457013e-01 7.320582056853266462e-01 7.222638831625487477e-01 6.964579544174903658e-01 7.167435436585862796e-01 7.054266865646393603e-01 7.140903670507724454e-01 7.243099551838748651e-01 7.091458110961399441e-01 6.928616133957020695e-01 7.173095860854072914e-01 7.107557041045349244e-01 7.289363560963187938e-01 6.994920247612254061e-01 7.137621034971608491e-01 7.216967809604043493e-01 7.287775588727880560e-01 7.204266611814647003e-01 7.330358664393293866e-01 7.132132490027762728e-01 7.010334793443270263e-01 7.038591616514086047e-01 7.286815502592741689e-01 7.245374956049536186e-01 7.188968903150322332e-01 7.218646041764477106e-01 7.329233130667676122e-01 7.052857660199582934e-01 7.221534720136418839e-01 7.227450796666574639e-01 7.295731353068332092e-01 7.247432303326081238e-01 7.104310833986157148e-01 7.013082330487784288e-01 7.028338754954179812e-01 7.040139720640804510e-01 6.983018765964364993e-01 7.099787111630679881e-01 6.977117307986294703e-01 7.068705840776072780e-01 7.037933726029527159e-01 7.163749347489881680e-01
8.437774044077840652e-02 1.095177214217066125e-01 2.852654848050620862e-01 5.795123359315502709e-01 5.018258706528728741e-01 4.764635010644566737e-01 7.199326656232089006e-01 1.000000000000000000e+00 5.972710009837151057e-01 5.190114023490141060e-01 6.388199890191113006e-01 7.769843263705911163e-01 6.885589925148164481e-01 5.993222156516131438e-01 7.645079770546475695e-01 8.048491702694596794e-01 5.873312971513175995e-01 4.124309000199041231e-01 4.864191369843609003e-01 4.335084150088892030e-01 4.334897510835625245e-01 5.204762084536078692e-01 4.748097811754905528e-01 5.085066289522619520e-01 4.986946617380602076e-01 6.583046925301234698e-01 6.402138832058473783e-01 6.661793525285354400e-01 5.857221296211573280e-01 5.969320007738222467e-01 6.220320474978747738e-01 6.516597112499677991e-01 5.910552193210401040e-01 6.030268766756142762e-01 5.852726672758764570e-01 6.382517667420594121e-01 6.334329797746061086e-01 6.896379027855912280e-01 6.924440277464387616e-01 7.096865577349930065e-01 7.172098309178734921e-01 7.166383414053206780e-01 7.311143272441377183e-01 7.410380284340862822e-01 7.114976176781849793e-01 7.163649469972768191e-01 7.158351008729710863e-01 7.037563477424503278e-01 7.204143028995158016e-01 6.976137860471213203e-01 7.240030247779010164e-01 7.140811582228779875e-01 7.335623524049271760e-01 6.889406457431193065e-01 6.886213717002825918e-01 7.049331502210386402e-01 7.114377512409988391e-01 7.066407328054306047e-01 7.174441260630962658e-01 7.117625482489005062e-01 7.345024121357149882e-01 7.113849542986492303e-01 7.265315540674922579e-01 7.303448585172875873e-01 6.875856432787124106e-01 7.128311018274675614e-01 6.981184717628867720e-01 6.628877332967574310e-01 6.859157084313819430e-01 6.740818181399870213e-01 6.773385759427129615e-01 6.883728792392184159e-01 6.803569896749305235e-01 6.792555362492571636e-01 7.226182010858253069e-01 7.149272827930680529e-01 7.143984459141481391e-01 6.883862274048545560e-01 7.072712703535958267e-01 6.882456444999155432e-01 6.970712784897120651e-01 7.046495511897646891e-01 6.939019924131495376e-01 6.827412393156905290e-01 7.067448194173637788e-01 6.965579498174458983e-01 6.997672232077291055e-01 7.100956535077931342e-01 7.123336117180201210e-01 7.102395387576261321e-01 7.213258573883135627e-01 7.225772504186723788e-01 7.248246436214411670e-01 7.162782932275566505e-01 7.088900837040373881e-01 7.097552924210740466e-01 7.317168644224782970e-01 7.189385274707260631e-01 7.230406838279657133e-01 7.265567264824882576e-01 7.318066634440713036e-01 7.166994846758231175e-01 7.256318221685085224e-01 7.272199235154022112e-01 7.226219178706492219e-01 7.187355190757023227e-01 7.163866369794678057e-01 7.016182328362421394e-01 7.028011045408519841e-01 7.140849418198856879e-01 7.085832965348493051e-01 7.145318490828573843e-01 7.078140803355918997e-01 7.141190214949486581e-01 7.064670270202791924e-01 7.168691039442917079e-01
3.037325689010574314e-01 2.303321018167801548e-01 3.934670788808737329e-01 4.541510234186473260e-01 3.821011610462391461e-01 4.747035445674470111e-01 6.151207380055153662e-01 5.972710009837151057e-01 1.000000000000000000e+00 6.860489985504528709e-01 7.422227501646593284e-01 7.467882929740757847e-01 6.745771817722836516e-01 6.861514141701068326e-01 7.534667583980030336e-01 7.516710082691799855e-01 8.215461668625880787e-01 6.547332410303479122e-01 6.944852758422840333e-01 6.044004975243373323e-01 6.130741683389709928e-01 6.890616074018802717e-01 7.226389628999108083e-01 7.190655807689948498e-01 6.939778709783810395e-01 8.194627128627076651e-01 7.862268323943395476e-01 7.718241225564390628e-01 7.551050853924622386e-01 8.034449089912105713e-01 8.111537419974129692e-01 8.288256535234195255e-01 7.657284936179966639e-01 8.123426732118818050e-01 8.040466918578529354e-01 8.040647775726140756e-01 8.326827467876547484e-01 8.075733670489811944e-01 8.419240824863160055e-01 7.739966505826754162e-01 8.367344296810583781e-01 7.969849584302975964e-01 7.707074058007167272e-01 8.240501433099800543e-01 8.310499718600715680e-01 8.234829934986533928e-01 8.216163172776842494e-01 8.380814413631094695e-01 8.199240244562533420e-01 8.149868793157157842e-01 8.251984417438579245e-01 7.913926802829678309e-01 8.088157443134598168e-01 8.564880275742461357e-01 8.361291580822075575e-01 8.409276958840108396e-01 8.441469517364853514e-01 8.246473975445594018e-01 8.329142265760267616e-01 8.488821973018586542e-01 8.342998522773482639e-01 8.355938744529297635e-01 8.212838905154427049e-01 8.547801178265048705e-01 8.585777250001450644e-01 8.562350771409629191e-01 8.399142879198352452e-01 8.437135573699876545e-01 8.558335888240951039e-01 8.417036649198591514e-01 8.238237357147379925e-01 8.392478373780433154e-01 8.530568056950262879e-01 8.496828667517752898e-01 8.517840835416433665e-01 8.507614329238473161e-01 8.257995899182077881e-01 8.447353837561661916e-01 8.487882824586376884e-01 8.628797318710270670e-01 8.628699632321107371e-01 8.564718983577720435e-01 8.645867166854569463e-01 8.490969080573018690e-01 8.499700645341908833e-01 8.603557549722419262e-01 8.509456498543036540e-01 8.429403617778925550e-01 8.523614325773997136e-01 8.523024093958286862e-01 8.286528308423611877e-01 8.299923848532485549e-01 8.361124452851823596e-01 8.382086458738903234e-01 8.217777593129486080e-01 8.272537805280653078e-01 8.334082695939828422e-01 8.545416753576410285e-01 8.348404761160134191e-01 8.368381748434478018e-01 8.304862344980007416e-01 8.446842669386429581e-01 8.284296084724904752e-01 8.313698180875470634e-01 8.482730451336103483e-01 8.527987536339169949e-01 8.392109753680869755e-01 8.433715184594715586e-01 8.445780886529585807e-01 8.310773615532888181e-01 8.296893193663199551e-01 8.349787109583781675e-01 8.342864225197066386e-01 8.434260349226350151e-01 8.461134580554888762e-01 8.417852998212126403e-01
2.806686544835144265e-02 1.754640680322899771e-01 2.710085101416573883e-01 3.178240074131854498e-01 3.546804480440815532e-01 4.250975423699313027e-01 5.205645421752851387e-01 5.190114023490141060e-01 6.860489985504528709e-01 1.000000000000000000e+00 6.877792775259362612e-01 6.712177564595072088e-01 6.432373897793954853e-01 6.456167008200054402e-01 7.114869695870496002e-01 6.819650447844476382e-01 6.638888709492070106e-01 4.695738727323187645e-01 5.687019274010702841e-01 3.803122009190730846e-01 5.232139357531614410e-01 5.702692481756523879e-01 5.397739348086565414e-01 5.143064020137679826e-01 5.222881926595965840e-01 6.935146994855568847e-01 6.825056973940787364e-01 6.811758840538225668e-01 6.130062495295183211e-01 6.312091261257166686e-01 6.542666689811292846e-01 6.955874887694882824e-01 6.531998994181851259e-01 6.368348830710257591e-01 6.511423598582423145e-01 6.449897080510132996e-01 6.782646733781455550e-01 7.270311550424389813e-01 7.318419810946619197e-01 6.958946919694621869e-01 7.772544143829395180e-01 7.585272301378999105e-01 7.188989009650357254e-01 7.547720400606048319e-01 7.409336649346657255e-01 7.437786805806773094e-01 7.815934154287856872e-01 7.892781121647569620e-01 7.663887190775684477e-01 6.807295925085081745e-01 7.497463541228865935e-01 6.721536613335865606e-01 7.466891762771886709e-01 7.791575322194569386e-01 7.549287296693939497e-01 7.471234672116952025e-01 7.175748639872713275e-01 7.850161501333099423e-01 7.775539800827119263e-01 7.840970348864059192e-01 7.717000025241083083e-01 7.726294181484726353e-01 7.531480263813851161e-01 7.493111036686289639e-01 7.659181492217250753e-01 7.504061609260445076e-01 7.885422263712251745e-01 7.615512554024024272e-01 7.560475615244908187e-01 7.268678964345883786e-01 7.609731668946088101e-01 7.714745668217317665e-01 7.515333184359329621e-01 7.409720309291579765e-01 7.768961389676019014e-01 7.719784671335573334e-01 7.805984978663169649e-01 7.640989502174466708e-01 7.677555747585897983e-01 7.674386366295355977e-01 7.665527998573078428e-01 7.741718215733445208e-01 7.649822575023055293e-01 7.674592016217639534e-01 7.533273500023562885e-01 7.671669256281677951e-01 7.625516324890885267e-01 7.857997442020003831e-01 7.799815566293055724e-01 7.668565703944870693e-01 7.777071890665239184e-01 7.890635976664550633e-01 7.813024195322589849e-01 7.893191762068130224e-01 7.907575662140331474e-01 7.890927111801249172e-01 7.532228200319658340e-01 7.485722916017609752e-01 7.790674953844246575e-01 7.817815123871796334e-01 7.752386592696702827e-01 7.765363990391157545e-01 7.741780236193419595e-01 7.812875447787974714e-01 7.659714562189341436e-01 7.569577359555971219e-01 7.860004118340060408e-01 7.902050670152319656e-01 7.831032155932395877e-01 7.899393046464939783e-01 7.880911977319653428e-01 7.892338311563470432e-01 7.853728360420654253e-01 7.832412140997804251e-01 7.846656711338102497e-01 7.739458330952471155e-01
7.423986711470280386e-02 1.242053465019578168e-01 3.947022748797837655e-01 5.041497843599502815e-01 4.272855425590731948e-01 5.493808821578739510e-01 6.675537245249724139e-01 6.388199890191113006e-01 7.422227501646593284e-01 6.877792775259362612e-01 1.000000000000000000e+00 8.125266146030447612e-01 7.406988429959857623e-01 7.087380233127082985e-01 8.281435858458801036e-01 8.025798819048054478e-01 7.517557130008235555e-01 5.898964575222787055e-01 6.805653600221529542e-01 5.150882952189882458e-01 6.094911820627519905e-01 6.984471900077475759e-01 6.616963105559046099e-01 6.530693437658283695e-01 6.783381212756793843e-01 8.051211299864537985e-01 8.010886347782930628e-01 8.060911962524772711e-01 7.517227907858535785e-01 7.777374893193393923e-01 8.034147494218276675e-01 8.256380339607451990e-01 7.614446559133641879e-01 7.576234234522163380e-01 7.677367565378955261e-01 7.817318251221447856e-01 8.094319848501544401e-01 8.272328436427965892e-01 8.477085099165427851e-01 8.241983116460268599e-01 8.719368785421807155e-01 8.635907687210407913e-01 8.441030469580710349e-01 8.779241486973875519e-01 8.680786286362751625e-01 8.607999901314707936e-01 8.661873186790919332e-01 8.724831819504965669e-01 8.630099013509187067e-01 8.124412653470757251e-01 8.541343884028436140e-01 8.084877631079359084e-01 8.449305587991189359e-01 8.579795170734969556e-01 8.618409883224129597e-01 8.643029652358178438e-01 8.357762839438056535e-01 8.652815764567975965e-01 8.630762559050174643e-01 8.642519576138467663e-01 8.664356990030025463e-01 8.641683895106188062e-01 8.602721008793692281e-01 8.525384258508850177e-01 8.488953924035661514e-01 8.472816632279889237e-01 8.692628681477801988e-01 8.575910047881091236e-01 8.633427381254793476e-01 8.346944724138870564e-01 8.544086248320568178e-01 8.711646080445248908e-01 8.498218333946295777e-01 8.548263061808528684e-01 8.782861794982007586e-01 8.756540698417552004e-01 8.795297800046020242e-01 8.663663513816988182e-01 8.704557343894874233e-01 8.638708433392864317e-01 8.659223973439061917e-01 8.739712178353624683e-01 8.651084547068622621e-01 8.619657096842514576e-01 8.548304084670773628e-01 8.577867307449679179e-01 8.674276395357566338e-01 8.660162076407396103e-01 8.689879317987374563e-01 8.757125815415341963e-01 8.802496160279035253e-01 8.759157063759130946e-01 8.808791743552822906e-01 8.755643246150680570e-01 8.649280867349149471e-01 8.679156454532443998e-01 8.575491954877813017e-01 8.455686920156019193e-01 8.650630113103863206e-01 8.707014739966763006e-01 8.712778668979043184e-01 8.641337367043068207e-01 8.654621796892640884e-01 8.736415630457589065e-01 8.662663394305101239e-01 8.588478283315321704e-01 8.643546398518455742e-01 8.686165819382019038e-01 8.715640532451192080e-01 8.673473379394651683e-01 8.682284180198301948e-01 8.671185701363467446e-01 8.667246488758764134e-01 8.646589017858683501e-01 8.673466135538767663e-01 8.576148368732707805e-01
6.662660491182090250e-02 1.147273652621367962e-01 3.603401794800780711e-01 6.797680060052365691e-01 5.052409457056986630e-01 5.714032528296271174e-01 7.764031541500506783e-01 7.769843263705911163e-01 7.467882929740757847e-01 6.712177564595072088e-01 8.125266146030447612e-01 1.000000000000000000e+00 7.954243334064957649e-01 7.459500457852930033e-01 8.948087084927655033e-01 8.955047946437292294e-01 7.453707826289054372e-01 5.359180877220651729e-01 6.091008857772007845e-01 5.641481269682873112e-01 5.501055672880866831e-01 6.373074912842492390e-01 6.129066082033989282e-01 6.649983139169649560e-01 6.291367508542605735e-01 8.001224955707902931e-01 7.894380523616288947e-01 7.893040209984983901e-01 7.022097009790380095e-01 7.393402626065647132e-01 7.777122299483467671e-01 8.171857510417855908e-01 7.241095174801616130e-01 7.681062085276547657e-01 7.292408117370074994e-01 8.106919895210880078e-01 8.077090988531226978e-01 8.136882364064850215e-01 8.518365311969673392e-01 8.518310134635582731e-01 8.917918506648586652e-01 8.675167422157343822e-01 8.848512799565332321e-01 9.026799451904008453e-01 8.816128402689227261e-01 8.617080227266384895e-01 8.898619854757738867e-01 8.823125012343883133e-01 8.899529866859424709e-01 8.398516706954841649e-01 8.729889164402611090e-01 8.775105524796419365e-01 9.015049059746068627e-01 8.659902083242891901e-01 8.484482509527001559e-01 8.621414594848094692e-01 8.719077843608266098e-01 8.741925561763160824e-01 8.687285969969026356e-01 8.861653594267704381e-01 8.953087985343060051e-01 8.781742366668936484e-01 8.783069429320867760e-01 9.003373358279463945e-01 8.617441847958628998e-01 8.846030705206198164e-01 8.794494528799856603e-01 8.411399317457211033e-01 8.673905123335730050e-01 8.540264117110299980e-01 8.516849700726765171e-01 8.612507294004219105e-01 8.652569775482623626e-01 8.596096246189551815e-01 8.939801362383178462e-01 8.861675384366564101e-01 8.781338476441736818e-01 8.496921365449140451e-01 8.729500698175298723e-01 8.624860009064926336e-01 8.689870992944970229e-01 8.845261153119757802e-01 8.685198407776726359e-01 8.514644354393579029e-01 8.783390435552783648e-01 8.802153665861561782e-01 8.879698988004933735e-01 8.706430842984304030e-01 8.837705923495547955e-01 8.804879799515228367e-01 8.897581098403596345e-01 8.929773610644108350e-01 9.019197214018419562e-01 8.866847171773379888e-01 8.856679818378424551e-01 8.879308889809246486e-01 8.895274532874317686e-01 8.818271856956639843e-01 8.928422028475858641e-01 8.930049200978623647e-01 9.033351896042742801e-01 8.828987379696474624e-01 9.030866248031532706e-01 9.007675408447030074e-01 9.015837123375497475e-01 8.873699176392088050e-01 8.913847387613372808e-01 8.783902630672264511e-01 8.760126182751007962e-01 8.869165150490991856e-01 8.730319041666020352e-01 8.930053973470190032e-01 8.786848153353694624e-01 8.877089591263671586e-01 8.822561301618460083e-01 8.924273443947775553e-01
6.851609442948237809e-03 7.620090969895709776e-02 2.801882673047091377e-01 4.963387017674076307e-01 4.901513389241767271e-01 5.254124264392211474e-01 6.650888286775497038e-01 6.885589925148164481e-01 6.745771817722836516e-01 6.432373897793954853e-01 7.406988429959857623e-01 7.954243334064957649e-01 1.000000000000000000e+00 6.714546119980353556e-01 8.227743141469839872e-01 8.223932996756041502e-01 6.485601421399848077e-01 4.275317897633957309e-01 5.226932728140721851e-01 4.303650882404347899e-01 4.726964488140313891e-01 5.569086989177298719e-01 5.226338322150759774e-01 5.264023708937989321e-01 5.123226173817784224e-01 7.104825579653811785e-01 7.094572528931766264e-01 7.291234603850292872e-01 6.315115397867965275e-01 6.534292760889912621e-01 6.697698669396547899e-01 7.253144500230510605e-01 6.558109218279467578e-01 6.541563015859862551e-01 6.573868083174176924e-01 6.826433592302205700e-01 7.068038817325510426e-01 7.555341471391170405e-01 7.661840899218371748e-01 7.572032542455925386e-01 8.203543708947407254e-01 8.084187844743904172e-01 7.976330410512610936e-01 8.235569188249529660e-01 7.817379960670582939e-01 7.892031652843042311e-01 8.312453445572089983e-01 8.267745422660772725e-01 8.256893113721806010e-01 7.412443013417477911e-01 7.964680561006625137e-01 7.607090475465129176e-01 8.213979963115568550e-01 8.058226602884067669e-01 7.875022198272931817e-01 7.912153405341466605e-01 7.753238832212649978e-01 8.209972486374930156e-01 8.103943665781687677e-01 8.298539145930475813e-01 8.254066336155021499e-01 8.158955263856885187e-01 8.054448742213895507e-01 8.056973309330300870e-01 8.010403590228748483e-01 8.063921489836417544e-01 8.224382763501063565e-01 7.679057576030805521e-01 7.857061106366215464e-01 7.634556044508725714e-01 7.720597524734180706e-01 7.915291449487515951e-01 7.773439666921000413e-01 7.643784074975662479e-01 8.187214200070168646e-01 8.155209478993724614e-01 8.264856003252120109e-01 7.928904914818015737e-01 8.053130762629638895e-01 7.916789492739753076e-01 7.956889175632824163e-01 8.071087256240028207e-01 7.918728034543438543e-01 7.887838957330931544e-01 7.892208546646171108e-01 7.963928584652141263e-01 8.012770830259269284e-01 8.143441639108828234e-01 8.136185196952674392e-01 8.068113090840731694e-01 8.196003167923849864e-01 8.346708932162736350e-01 8.297781877906345027e-01 8.292412847766008621e-01 8.342385573219125439e-01 8.337729386344164828e-01 8.090330189690804197e-01 7.993396513963139105e-01 8.313686936677929795e-01 8.245598388064124817e-01 8.307338830793957740e-01 8.204784602107375591e-01 8.357078366884896914e-01 8.364434440719372699e-01 8.226597657016366805e-01 8.102536954533505753e-01 8.296111191483114267e-01 8.244721768847546040e-01 8.192607594350993505e-01 8.336734739241276060e-01 8.227728604924320344e-01 8.380510008062317384e-01 8.268485016706562662e-01 8.283584455298395044e-01 8.237693993754199306e-01 8.300751410670589303e-01
