1.000000000000000000e+00 2.449769266436963022e-02 2.065622818043416284e-02 8.497015531200795280e-02 3.837402505874705494e-02 1.133805203356991025e-02 5.531029074351331842e-02 7.218617399318509598e-02 1.017175526846945260e-01 3.900151171476119727e-02 5.003096808185888283e-02 4.020879569782092461e-02 4.046174477646664880e-02 1.100179926348675459e-02 4.715308931602429920e-02 5.178809248126625686e-02 7.241132426036160641e-02 1.319315733602020035e-01 8.722607363970813488e-02 1.817593114181600411e-01 7.800591236583888366e-02 6.837200849962297988e-02 1.574631218454032033e-01 1.336318705471128410e-01 1.179232490217980711e-01 1.339197118722479374e-01 1.117497157074554548e-01 9.801029803479904823e-02 1.151311980030631649e-01 1.491060929909836519e-01 9.039442790034232789e-02 7.060315573273109879e-02 7.845070113253421740e-02 5.678516857664020479e-02 6.208041418939633932e-02 5.293931704356606011e-02 5.622288458118145094e-02 8.380740613307549602e-02 7.232998839435406113e-02 7.144620576834857795e-02 4.768994135507012566e-02 4.273129394915999024e-02 4.561383396585214772e-02 6.684625529031214264e-02 6.212837308760602029e-02 5.486533758967526708e-02 6.981348353154697393e-03 2.808368044065870373e-02 3.355171462718276737e-02 8.672702401316614851e-02 6.873620183473114209e-02 7.786399764827345304e-02 3.531106605124301190e-02 4.739807367365364565e-02 5.887145368061801054e-02 8.716504188458121249e-02 7.629082854697606664e-02 2.763277322915932283e-02 6.311117057756598925e-02 1.996312222322527488e-02 2.115024010680708472e-02 4.832484772841557502e-02 5.278241497144170458e-02 5.422549996183514964e-02 4.645447949941874932e-02 5.419390197989842201e-02 2.486234306189685078e-02 3.027027834730267042e-02 4.971738072085466614e-02 4.719194382840270763e-02 2.572531160498722769e-02 3.524731396170207448e-02 4.515847946631208754e-02 4.919623408051890939e-02 5.903695611041178543e-02 4.817913031488887249e-02 4.036807794903463781e-02 4.703374097383376112e-02 4.614080709063962671e-02 4.252578613475746505e-02 4.122882290476716227e-02 4.068439472723699851e-02 4.125832282004667645e-02 3.166630483222639125e-02 3.291734138506374058e-02 3.037031108358468137e-02 3.262387297682844273e-02 2.740285008875582157e-02 2.157794533906516946e-02 4.351697354613057178e-02 3.437724132189285547e-02 2.421439765073352124e-02 2.535438653465903538e-02 2.396503845075415376e-02 2.122616788538580698e-03 1.266651233703243971e-02 2.339976182665167229e-02 4.794051089997818094e-02 7.372715595947417454e-03 2.879253660228921555e-02 2.048601325887995997e-02 1.753700400600752621e-02 2.651655903645054602e-02 1.798981500353913701e-02 3.095349048992673477e-02 1.716312909489044886e-02 2.731756092691912940e-02 2.664122848459840598e-02 2.529086572968103006e-02 1.246434707188713575e-02 1.069808726742656375e-02 9.253171725774323592e-03 1.521926313825073054e-02 2.663959167144201029e-02 3.660103680835998657e-02 2.893762606828187076e-02
2.449769266436963022e-02 1.000000000000000000e+00 8.837814118200289226e-02 1.251339218850838486e-01 6.186056076769079481e-02 1.214616692436151779e-01 1.413308021510082391e-01 1.321993354975583013e-01 1.710166468109009519e-01 1.565416293601905040e-01 1.595822219054679469e-01 1.500793429663568046e-01 1.370399319659275084e-01 1.531823956598425684e-01 1.656670749163813849e-01 1.621800054725688334e-01 1.572200206898073382e-01 1.704333320124436779e-01 1.773752469764169337e-01 1.287927197482280628e-01 1.420151982650376954e-01 1.670978507173995486e-01 1.647578478287155257e-01 1.642607965291887906e-01 1.612747915586081882e-01 1.686495601435589187e-01 1.655707417781810409e-01 1.666796461417897890e-01 1.805995733290995664e-01 1.746865577668648695e-01 1.823662432797193977e-01 1.655572989901699377e-01 1.544281976114500743e-01 1.612716508641790780e-01 1.594115206220479142e-01 1.593933825485422395e-01 1.689238850716002216e-01 1.591788290388165827e-01 1.583038332157596095e-01 1.475559593146608672e-01 1.696354885938182455e-01 1.635947971056690153e-01 1.583474410136301302e-01 1.650963520728889466e-01 1.633738270122767344e-01 1.673023194020968607e-01 1.661907407368762302e-01 1.699111182490649075e-01 1.687445426400530080e-01 1.443741279437167069e-01 1.602056287919242650e-01 1.526939678858857119e-01 1.699847693986014652e-01 1.771779238928598843e-01 1.725802998397010513e-01 1.658326857354717743e-01 1.598650084078439282e-01 1.670889873020051097e-01 1.653206929708060935e-01 1.707945000482717635e-01 1.657337823716148184e-01 1.680412329321611387e-01 1.654982184751156715e-01 1.582609673172422349e-01 1.660540906150275720e-01 1.639039091170955975e-01 1.720163064667001029e-01 1.746745974311596783e-01 1.756364779738278092e-01 1.674862527961133163e-01 1.693173045565962431e-01 1.732391307206044562e-01 1.780249841660592192e-01 1.753611291989365939e-01 1.698255804898676224e-01 1.722591573657673569e-01 1.704807299399462572e-01 1.761302008046490009e-01 1.781408579943330461e-01 1.737681293466075416e-01 1.734039423783038658e-01 1.770552605827785952e-01 1.744820153536715268e-01 1.720898833939554229e-01 1.649634264079331558e-01 1.737206511280202648e-01 1.735062657760214899e-01 1.715351241262883797e-01 1.710407379978953757e-01 1.727452664793702741e-01 1.666479410159173724e-01 1.708098078975218426e-01 1.689219513605119960e-01 1.689063476198221503e-01 1.731601553353454004e-01 1.721257688403688146e-01 1.632365791958727552e-01 1.574551924727238539e-01 1.704095998283024493e-01 1.664825429427146952e-01 1.691773753353912613e-01 1.725621632185759535e-01 1.666780525811119018e-01 1.662722626099888690e-01 1.696758835452752689e-01 1.698076794643525456e-01 1.689770184399331521e-01 1.753125373990613578e-01 1.758159990046210264e-01 1.731862627530201260e-01 1.745093002302172958e-01 1.713728012033439718e-01 1.751935557515987008e-01 1.710333179375692902e-01 1.697261189755139010e-01 1.699783781370663716e-01
2.065622818043416284e-02 8.837814118200289226e-02 1.000000000000000000e+00 3.241072183004186091e-01 1.897436547963568254e-01 2.411646382394909138e-01 3.184180595007872205e-01 2.958421042479725815e-01 3.548555940728437275e-01 3.291743077631096859e-01 3.564229125944614052e-01 3.578064627155920219e-01 3.327069319283172955e-01 3.352091797886609381e-01 3.645563923134453876e-01 3.467822695537319255e-01 3.715113251608786471e-01 3.520651946283989697e-01 3.679474194654029362e-01 3.194087586959414859e-01 3.188505022591353599e-01 3.585550350499923655e-01 3.474965854768410356e-01 3.576374671637160274e-01 3.782846822464411840e-01 3.745515383424297684e-01 3.743043421471096144e-01 3.818758875451193635e-01 3.838711900316465475e-01 3.703360127416165937e-01 3.947915094218140686e-01 3.892407019651923927e-01 3.828982506167709632e-01 3.826730908269344589e-01 3.877360814373869702e-01 3.592049662620068196e-01 3.995594044258113930e-01 3.729901347028682923e-01 3.693690506878428703e-01 3.682107098057266770e-01 3.889723717813262649e-01 3.753021571520444577e-01 3.662440689275324179e-01 3.821165544794673519e-01 3.820647336592906673e-01 3.847727402804859143e-01 3.872574907257586019e-01 3.868098709360850429e-01 3.814079054411377290e-01 3.510386126862816702e-01 3.643263188743399716e-01 3.612021546466705479e-01 3.859430082117579763e-01 3.820431309956129340e-01 3.800449011551784717e-01 3.828211822106659667e-01 3.494758182213855147e-01 3.801301400869985803e-01 3.721010383508708275e-01 3.843690932413195149e-01 3.846978600223057709e-01 3.764482591347864671e-01 3.652289679275583789e-01 3.546203563959858251e-01 3.839577863069061348e-01 3.732199172763333572e-01 3.893600218918908951e-01 3.932308770431373057e-01 3.983006828344675676e-01 3.918852484811330417e-01 3.848716316980086427e-01 3.879205109142900842e-01 3.967682217912518183e-01 3.927496220647540004e-01 3.925555762820714389e-01 3.893718751581211612e-01 3.912171819872498069e-01 3.878529180792912867e-01 3.967643732767489051e-01 3.919228042959638225e-01 3.932319579366341800e-01 3.877971497787843780e-01 3.887327012229471745e-01 3.908580818931481349e-01 3.805840651467461422e-01 3.968864952320170780e-01 3.939112961120417866e-01 3.847725784369691593e-01 3.906439629468877461e-01 3.914731608958672560e-01 3.972494260598226634e-01 3.908586084536645466e-01 3.926736454887805317e-01 3.903330959637296704e-01 3.904320788809900744e-01 3.898409679855053267e-01 3.752848218171579986e-01 3.604633048321219113e-01 3.867365877067623359e-01 3.793071496032544010e-01 3.848138270935912431e-01 3.812837481588751687e-01 3.871374152321731543e-01 3.841339652505979529e-01 3.866467822585151204e-01 3.772709482823635718e-01 3.832489218482524884e-01 3.878933451647128550e-01 3.884896017072120844e-01 3.917640160080873013e-01 3.868272885220201407e-01 3.903294317444050976e-01 3.881118112801349440e-01 3.771010937871226432e-01 3.851144579732347917e-01 3.809719604609559940e-01
8.497015531200795280e-02 1.251339218850838486e-01 3.241072183004186091e-01 1.000000000000000000e+00 3.977846830075246198e-01 4.240320072338445989e-01 6.236950623451201769e-01 6.099245728229563124e-01 6.074316172251573720e-01 5.431085977128716769e-01 6.147871622721188256e-01 6.640364713137129060e-01 5.851121471092853854e-01 5.817177648357781949e-01 6.646499948531677804e-01 6.515406615492540521e-01 6.140263855145312588e-01 6.315565677610899264e-01 6.499912228053563723e-01 5.804147565518648078e-01 6.695582571616282008e-01 6.752875869240601014e-01 6.647089462225790335e-01 6.379548211323484708e-01 6.680624753662334214e-01 6.817019840035076772e-01 6.664243922283976662e-01 6.534140693471038874e-01 6.215692752074157834e-01 6.446962546036784092e-01 6.582045330136752082e-01 6.675280279853494925e-01 6.413042501745068735e-01 6.562096687266388839e-01 6.404255679249825084e-01 6.735709368383993034e-01 6.484344076737215135e-01 6.663901879738357570e-01 6.826120094155818663e-01 6.712599231194222860e-01 6.659742091859445212e-01 6.689927545215847982e-01 6.762015688628110199e-01 6.794364705718276554e-01 6.724773993906690839e-01 6.632936904763967467e-01 6.323757570224137758e-01 6.466863704326049067e-01 6.440562518240803280e-01 6.553898254292613856e-01 6.591357846919624341e-01 6.618055372586544305e-01 6.539860785037232560e-01 6.458462041538797216e-01 6.552581822288257030e-01 6.782254002470884391e-01 6.584127750697288395e-01 6.590265980337940421e-01 6.478724473763600722e-01 6.500498985993294898e-01 6.474430626733131966e-01 6.484485658905214667e-01 6.556679917323102735e-01 6.464748667709685481e-01 6.542605608512415127e-01 6.596908339645723984e-01 6.543978540767843022e-01 6.557952402502930100e-01 6.733725924235949289e-01 6.683828314713907703e-01 6.637000903003810182e-01 6.564796762283720000e-01 6.672548474226774884e-01 6.648504073969320194e-01 6.751274886194620350e-01 6.635668654890110041e-01 6.616791390444182186e-01 6.470562061846222290e-01 6.597217656225753402e-01 6.545986483140461276e-01 6.535168222622362855e-01 6.546122374641180075e-01 6.705878664276965218e-01 6.560217532867351764e-01 6.639457351323118095e-01 6.650581527138690330e-01 6.658776773237925495e-01 6.662052107921248023e-01 6.644047517803610692e-01 6.744182185701772525e-01 6.725093769789396436e-01 6.601543309712629704e-01 6.604038188740237736e-01 6.599283930467276793e-01 6.382242122010607366e-01 6.455634376844346933e-01 6.701560317370478526e-01 6.536993073309355085e-01 6.560446599581625238e-01 6.598185151614575084e-01 6.747050526374220869e-01 6.657965965247077955e-01 6.555400433809578375e-01 6.606227007373743909e-01 6.631975179676941057e-01 6.629281932417121492e-01 6.544094515723564154e-01 6.497835120470841774e-01 6.613403282643295356e-01 6.572405068851927545e-01 6.569076437342189489e-01 6.452721740637187287e-01 6.554894431363188501e-01 6.602151862678202754e-01 6.559524456602116027e-01 6.536320846469264589e-01
3.837402505874705494e-02 6.186056076769079481e-02 1.897436547963568254e-01 3.977846830075246198e-01 1.000000000000000000e+00 3.704808048558265732e-01 4.991778601926049608e-01 4.773952529748687335e-01 4.722873650271424695e-01 4.303435858765489730e-01 4.700072280171139760e-01 5.221369274770487623e-01 4.801052995342088847e-01 4.713393083283172191e-01 5.315185927754817463e-01 5.177946802409176819e-01 4.699849422244585240e-01 4.894099557730919314e-01 5.103296447809150260e-01 4.544484396411219707e-01 5.163679304423720584e-01 5.107186084808170712e-01 5.008922900872402328e-01 4.920543835493698670e-01 5.128419154678831582e-01 5.310118583707679196e-01 5.154627340303364891e-01 5.175323566313073664e-01 4.686253475961720261e-01 4.913790811061153341e-01 5.116304619984082258e-01 5.188973271855310543e-01 4.974946304270843056e-01 5.152430528816646094e-01 5.021015299237258089e-01 5.201363195491798264e-01 5.107967100424857243e-01 5.299937000869032744e-01 5.382457844270375213e-01 5.341321367289427746e-01 5.323806964440973566e-01 5.417938367153272150e-01 5.494216638305156053e-01 5.440141721719876644e-01 5.436134572174232682e-01 5.363749215985622598e-01 5.167282941400808127e-01 5.181516743629988042e-01 5.177863597877639945e-01 5.215831656199337862e-01 5.251514575049310851e-01 5.352364513016438785e-01 5.304007986769113669e-01 5.187560448794769075e-01 5.221753906938891854e-01 5.383138441905058746e-01 5.182745668742990697e-01 5.341197204091546746e-01 5.184662529424045596e-01 5.212210213246086798e-01 5.270002385775244269e-01 5.161960044614168908e-01 5.214468038192909827e-01 5.133797750865014553e-01 5.229681178062117741e-01 5.307072180414035278e-01 5.270713600652596753e-01 5.223279511924300289e-01 5.315616040968007550e-01 5.323610096575632777e-01 5.267548124976666468e-01 5.254172803831484995e-01 5.336736873279833704e-01 5.291088777448627045e-01 5.374982764589766315e-01 5.295774425716259781e-01 5.304766071689608342e-01 5.130974669181453951e-01 5.262137469465714146e-01 5.177777124690688959e-01 5.216671538156587573e-01 5.174965461134106715e-01 5.280113414760079227e-01 5.245197941363545224e-01 5.336416148023918060e-01 5.296188209999039831e-01 5.296756505647783886e-01 5.334356858053458383e-01 5.309396733577439464e-01 5.330209454487936371e-01 5.362839128942803457e-01 5.338642419451090637e-01 5.293804517933970999e-01 5.322557006805131996e-01 5.167246836897602114e-01 5.199166671834111186e-01 5.338958588953097717e-01 5.236236317920301975e-01 5.282178325170080457e-01 5.303252001515823544e-01 5.367798067156035469e-01 5.250936007777268211e-01 5.270638707444621485e-01 5.349643980691345391e-01 5.299169474562991367e-01 5.213624666831457866e-01 5.257135771768766119e-01 5.213449580129235761e-01 5.286328482901343495e-01 5.237903454915501245e-01 5.221035827154471010e-01 5.198139413814188980e-01 5.209471002436322218e-01 5.260067740234201095e-01 5.235996067064796478e-01 5.228422576386053677e-01
1.133805203356991025e-02 1.214616692436151779e-01 2.411646382394909138e-01 4.240320072338445989e-01 3.704808048558265732e-01 1.000000000000000000e+00 5.639036958834621194e-01 5.276565575838065847e-01 5.669256164445048984e-01 5.513783885317089517e-01 5.859241357554719754e-01 6.190839882067487032e-01 5.791582892758417866e-01 5.846549834093548448e-01 6.305796331480435502e-01 6.140056837538805379e-01 5.762000115772929476e-01 5.593393727542961269e-01 5.908058205469173263e-01 4.851608395218017233e-01 6.032979473533222059e-01 6.210307175442602023e-01 5.626825151598383590e-01 5.516343449327044679e-01 6.012428529588201842e-01 6.022130100153263443e-01 6.043589928663564148e-01 6.014972595051514270e-01 5.783062774921289284e-01 5.703712412104080531e-01 6.121172139422292879e-01 6.134274779316759574e-01 5.850299219178519694e-01 5.993910958983693638e-01 6.031262514165237620e-01 6.072488331077592338e-01 6.166283604686749742e-01 6.298204072410341636e-01 6.231209857919899342e-01 6.004961684495416785e-01 6.297533156186624348e-01 6.352864255074419653e-01 6.238459998129313178e-01 6.389978367153303918e-01 6.338154167318356125e-01 6.267140042419423462e-01 6.366768691636407462e-01 6.382665312462387774e-01 6.380494659944371261e-01 6.174831880793667516e-01 6.347640173735789038e-01 6.163738780703817977e-01 6.285876450463472320e-01 6.329441203261430005e-01 6.335055921702533732e-01 6.288666512981094803e-01 6.300069007297252055e-01 6.361196998598726005e-01 6.325582956530820811e-01 6.381338155423368352e-01 6.403268192773448053e-01 6.333538647957724921e-01 6.354138221559876287e-01 6.252553522336704583e-01 6.362722621947135559e-01 6.409736319536767368e-01 6.372330768734850714e-01 6.373568318546867228e-01 6.297597079203430814e-01 6.373736903570705881e-01 6.432536122424216130e-01 6.380675190256138718e-01 6.288531175859940481e-01 6.357367204535848693e-01 6.380094739323812769e-01 6.387893562641837608e-01 6.361148713347493100e-01 6.308642074522800014e-01 6.304675063810978308e-01 6.301891045085789012e-01 6.321388779799491653e-01 6.313998757562526709e-01 6.334784498217310711e-01 6.318445860278213422e-01 6.286734701235195955e-01 6.305498369693117722e-01 6.366086799726631273e-01 6.392901342288205280e-01 6.366981551608554835e-01 6.383899645822832536e-01 6.366409994529770300e-01 6.401960786452863816e-01 6.358733338384864320e-01 6.392385023333608807e-01 6.378751239561525344e-01 6.372127470992369203e-01 6.285051800171488345e-01 6.325800817098349293e-01 6.376852188146340250e-01 6.344894782407319855e-01 6.363087958538916622e-01 6.392495793832428941e-01 6.384815406423229867e-01 6.386805283536614031e-01 6.386844324217588742e-01 6.360594706084954364e-01 6.386428076295780354e-01 6.381616973114336844e-01 6.391273665856114228e-01 6.371424000894163608e-01 6.374227950527412423e-01 6.372110099949935824e-01 6.349697215116290039e-01 6.371458533651254141e-01 6.364322935420038130e-01 6.380049802897638234e-01
5.531029074351331842e-02 1.413308021510082391e-01 3.184180595007872205e-01 6.236950623451201769e-01 4.991778601926049608e-01 5.639036958834621194e-01 1.000000000000000000e+00 7.513590580203401981e-01 7.424715230205992667e-01 6.939652675492026246e-01 7.584002206830180448e-01 8.052644211521327033e-01 7.402901591812359738e-01 7.412435281629555783e-01 8.477662850124069172e-01 8.140654736653796242e-01 7.451084642053249496e-01 7.809803370521316568e-01 8.032181855267440662e-01 7.152449342088923467e-01 7.980402368145496084e-01 8.128614159580486165e-01 7.961384517858165477e-01 7.864884429101705043e-01 8.166571969584404123e-01 8.211459711532350658e-01 8.105213760062310868e-01 8.089389209646777879e-01 7.716988723615896273e-01 7.869295015201720478e-01 8.171185871734709671e-01 8.173760519950217240e-01 7.821700996164115960e-01 8.125227233935741200e-01 7.982774466944578817e-01 8.118464744842385228e-01 8.036233946009209150e-01 8.321801530619433729e-01 8.392240706148086371e-01 8.088472172665811533e-01 8.251125082645892617e-01 8.389502585545791646e-01 8.288433113856604750e-01 8.424389676662594750e-01 8.315161987515831132e-01 8.476661243278630353e-01 8.011952095956325071e-01 8.108811573685186236e-01 8.064672892484866518e-01 7.984166376954097144e-01 8.180664922785082505e-01 7.983030844258026670e-01 8.113099400307386411e-01 8.128519187659325462e-01 8.199286072071403364e-01 8.362505267925502972e-01 8.016055737909170142e-01 8.245725721337571201e-01 8.141608176102302918e-01 8.112246495828916437e-01 8.125217260789803220e-01 8.097476110728154541e-01 8.155121490984192922e-01 7.949436200995098067e-01 8.141643431047226320e-01 8.158034543282139950e-01 8.196916831953129368e-01 8.254312750536837440e-01 8.387874567761224309e-01 8.361413595348151651e-01 8.267344934348856977e-01 8.241572309108101679e-01 8.366149384731160765e-01 8.302748500963653688e-01 8.343840918678875340e-01 8.268227149669998832e-01 8.320355927069938984e-01 8.141980951949728817e-01 8.272306085682779031e-01 8.227748722383214641e-01 8.187890056798182714e-01 8.174115133661895571e-01 8.295505706545049929e-01 8.212404557268686567e-01 8.265559510028752666e-01 8.313395309372710873e-01 8.269603346833286350e-01 8.396445931748059976e-01 8.295701477657621004e-01 8.356507879985697329e-01 8.359204423584234434e-01 8.296683079784288317e-01 8.250244824636724372e-01 8.334764646892702800e-01 8.090532859238881436e-01 8.136099052217868888e-01 8.238058992925809676e-01 8.079007294422891894e-01 8.201064089915397481e-01 8.235985618369207062e-01 8.336879785865221049e-01 8.246580278157643606e-01 8.193898465329824132e-01 8.267024855906495162e-01 8.220252168083468369e-01 8.146488452895496168e-01 8.207132415610540743e-01 8.165246433211766908e-01 8.288437805201949171e-01 8.226665194623004052e-01 8.238458788872814464e-01 8.117959726115755448e-01 8.193543222885395494e-01 8.189508413485020455e-01 8.148665120431158870e-01 8.149300306010193173e-01
7.218617399318509598e-02 1.321993354975583013e-01 2.958421042479725815e-01 6.099245728229563124e-01 4.773952529748687335e-01 5.276565575838065847e-01 7.513590580203401981e-01 1.000000000000000000e+00 7.194363041348159626e-01 6.640026115885019342e-01 7.236332288452721473e-01 7.851736580708446045e-01 7.088372135267643204e-01 7.017042486406036561e-01 8.030014338531233919e-01 8.004202675918392629e-01 7.233303253167708835e-01 7.516844898633687766e-01 7.742994728743672894e-01 6.808285513312206660e-01 7.735597586449135532e-01 7.895601231042189694e-01 7.670459095799692095e-01 7.536144330281516757e-01 7.835463439535511609e-01 7.906937298554511662e-01 7.757621040495815690e-01 7.777866879787997956e-01 7.345618329221923481e-01 7.569863702296057983e-01 7.768752107181935429e-01 8.013902570375431855e-01 7.631295560898644359e-01 7.919877594270665622e-01 7.712140533895034400e-01 7.992045851256860400e-01 7.724601116370969356e-01 8.100406626390952436e-01 8.182429174834098262e-01 7.881200709715855401e-01 7.943223525849432143e-01 8.100062090103818946e-01 8.083677186850820595e-01 8.157534149672318602e-01 7.999438185977515436e-01 8.114629424777095590e-01 7.784658017719681133e-01 7.871363889939596570e-01 7.860005206471994965e-01 7.843594641170527071e-01 7.984761904289363610e-01 7.745225608708794507e-01 7.850556048577959078e-01 7.877744838814469963e-01 7.973648374584149101e-01 8.101179234536050044e-01 7.909889676515221568e-01 8.001497539773293477e-01 7.930766489223677329e-01 7.854941483807431624e-01 7.892505778345447753e-01 7.934753017396416475e-01 7.989994979253093321e-01 7.818840164892708611e-01 7.866212740551200566e-01 7.930165593503173405e-01 7.931875258460134859e-01 7.972772742463312134e-01 8.097134600620232714e-01 8.054896972846573577e-01 8.015750925937709104e-01 7.969095059177064844e-01 8.061434142772400113e-01 7.988235428489306456e-01 8.070184692823342276e-01 7.975637448640917615e-01 8.018071665589716623e-01 7.849530577813377263e-01 7.986310272925204456e-01 7.916584177374128561e-01 7.879786547584992640e-01 7.859503776010570153e-01 8.068731744394553873e-01 7.950751299801931404e-01 8.032808659605626955e-01 8.060005189738435050e-01 8.002292643018364959e-01 8.110194851772630775e-01 8.037230188058828162e-01 8.092085428280541004e-01 8.073821626989400313e-01 8.010560851081788281e-01 7.969539104410241492e-01 8.048503234070244483e-01 7.831221237087570008e-01 7.885061670992912219e-01 8.033786014026164102e-01 7.888469513698067592e-01 7.949955371624672917e-01 8.010619845645310377e-01 8.113660123654756751e-01 8.032697161021929988e-01 7.928472523539671357e-01 8.021127078613404793e-01 7.968164284657203167e-01 7.954807629459493823e-01 7.968862524918324253e-01 7.902822957436896889e-01 8.008396994515004641e-01 7.956663340440049970e-01 7.978038418824442424e-01 7.857451966718167480e-01 7.970044451860271995e-01 7.984627652004849807e-01 7.892502113631952865e-01 7.898763790271330354e-01
1.017175526846945260e-01 1.710166468109009519e-01 3.548555940728437275e-01 6.074316172251573720e-01 4.722873650271424695e-01 5.669256164445048984e-01 7.424715230205992667e-01 7.194363041348159626e-01 1.000000000000000000e+00 7.737138751390435498e-01 8.185898274406210318e-01 8.536998309286268904e-01 7.809904356866214092e-01 8.082960257896482092e-01 8.672093263131946950e-01 8.517556578304587012e-01 8.230940553440510010e-01 7.868689771391007559e-01 8.418252191776701698e-01 6.848853434697185216e-01 7.929021090536584326e-01 8.514779367045424152e-01 7.950065519812030690e-01 7.784436078433780715e-01 8.418722154244089317e-01 8.503093842919091649e-01 8.566208053687652813e-01 8.520001704692536926e-01 8.405645329251462128e-01 8.427933439933937843e-01 8.846156205141491036e-01 8.605031642822471571e-01 8.045470276464830039e-01 8.321307957766088670e-01 8.483613365369796488e-01 8.289384395032461939e-01 8.613890955403529226e-01 8.629557271717595013e-01 8.534092072481540558e-01 8.014806314751662386e-01 8.799909660999948313e-01 8.738875147832686485e-01 8.317834316253867044e-01 8.813299922380840590e-01 8.717903482031761353e-01 8.740176105655204086e-01 8.881116540203128906e-01 9.000388035977989754e-01 8.945545183048215776e-01 8.470384000392991997e-01 8.741875931686611256e-01 8.448007183903026851e-01 8.819528452429264975e-01 9.000956755010304233e-01 8.931372355413752517e-01 8.801946142560522768e-01 8.824200396615063946e-01 8.833908291411264324e-01 8.887143977333853417e-01 8.975344368142560425e-01 8.883969946512109139e-01 8.922264540946014399e-01 8.819403002031771521e-01 8.823210177257637676e-01 8.966820108473081419e-01 8.953369736976065640e-01 8.946037758702156673e-01 8.923830848107315861e-01 8.840462336468014604e-01 8.872675703681897064e-01 8.908354187059525087e-01 8.965004584173527080e-01 8.789846129640838113e-01 8.901515896018150631e-01 8.959157825767576355e-01 8.976136625553893245e-01 8.950967605025162976e-01 8.969419514004980387e-01 8.917809213166413285e-01 8.984179091008872575e-01 8.963513074520131907e-01 8.997833985883995078e-01 8.826155681437404255e-01 8.930119450709738116e-01 8.751046312592255516e-01 8.811487069317540666e-01 8.874568146374892663e-01 8.886677066474328868e-01 8.880837727654405933e-01 8.879060360349995129e-01 8.801304655956191381e-01 8.921555970161999527e-01 8.923051605918503881e-01 8.918008346011676579e-01 8.933766570881332969e-01 8.981307670425141554e-01 8.694121817632368687e-01 8.865093135544707126e-01 8.894844049964431010e-01 8.877058001458263403e-01 8.813588489882230315e-01 8.902145395221711111e-01 8.923613191326276173e-01 8.902931826868387688e-01 8.889491780466094450e-01 8.908271910665678250e-01 8.997057109123440810e-01 8.994811588161780724e-01 8.979540303282409486e-01 8.937192308623227444e-01 8.914277074131260470e-01 8.967066955988290955e-01 8.950175235884826330e-01 8.955834823416111146e-01 8.988429540452864686e-01 9.002097872925384214e-01
3.900151171476119727e-02 1.565416293601905040e-01 3.291743077631096859e-01 5.431085977128716769e-01 4.303435858765489730e-01 5.513783885317089517e-01 6.939652675492026246e-01 6.640026115885019342e-01 7.737138751390435498e-01 1.000000000000000000e+00 7.705170474574465356e-01 8.054792239964025935e-01 7.337975609295691592e-01 7.486996364417364269e-01 8.144156043896738639e-01 7.977142608711851324e-01 7.670631955825765180e-01 7.377312470559310720e-01 7.922083927456228247e-01 6.275854403586014207e-01 7.498622808495455372e-01 8.003402947547759716e-01 7.407760727598018402e-01 7.259436375005732245e-01 7.941214769473691204e-01 7.855957540642419801e-01 8.029903179631096011e-01 8.019747478337658775e-01 7.858843989422981124e-01 7.819417242262665102e-01 8.220852337594156678e-01 8.066011629978012687e-01 7.676739662036514700e-01 7.860165789399219394e-01 8.077463773872229913e-01 7.827098155030780546e-01 8.155555086995128766e-01 8.073458100906720780e-01 8.033582517041503168e-01 7.600338450327920325e-01 8.288087573860585255e-01 8.199275935699776863e-01 7.946330986545914188e-01 8.251493151473111576e-01 8.191319880598951775e-01 8.249828687179829867e-01 8.359876239434674838e-01 8.423701734557128562e-01 8.366592679494148088e-01 7.867919335737552089e-01 8.141654897511549915e-01 7.922623645752046029e-01 8.239940404678903763e-01 8.395660612123738709e-01 8.306527239140529817e-01 8.217349193969568644e-01 8.096408153479389691e-01 8.269114688267735769e-01 8.221470138429662899e-01 8.384610990474973269e-01 8.323346147553661867e-01 8.243610064354783828e-01 8.170788171672972444e-01 8.098515325707393853e-01 8.356657650634831125e-01 8.297666695811148907e-01 8.422464357716072936e-01 8.398735299765406337e-01 8.296607879535987662e-01 8.325602654274621983e-01 8.393673039792352020e-01 8.434915085435896742e-01 8.295282437830803213e-01 8.397159453651160677e-01 8.362534109899717460e-01 8.385902936242979333e-01 8.396573296805889264e-01 8.405076968967342133e-01 8.398710216217670776e-01 8.406526324723984089e-01 8.415411279195060823e-01 8.419038269135141750e-01 8.322256345052809756e-01 8.395086625583069173e-01 8.276567854991400131e-01 8.303142516488394298e-01 8.384052121796243817e-01 8.371701906365661694e-01 8.381301138216018520e-01 8.341936454931712097e-01 8.333744612458714451e-01 8.392427640281355794e-01 8.404690234446365871e-01 8.398520570118811479e-01 8.409852788727857353e-01 8.420204584606035825e-01 8.179228807676539592e-01 8.242537432914203155e-01 8.353293513560986483e-01 8.326298393547304499e-01 8.293291130158314539e-01 8.318496438474872745e-01 8.378074999399216516e-01 8.365462445943895320e-01 8.364249987080644155e-01 8.313907300321197180e-01 8.404288073646566382e-01 8.433106525220700478e-01 8.408843040490104892e-01 8.389551754763486802e-01 8.371289354434687802e-01 8.411019595784844372e-01 8.372171890863334687e-01 8.330796119819653400e-01 8.404767121211008662e-01 8.402960889615875839e-01
5.003096808185888283e-02 1.595822219054679469e-01 3.564229125944614052e-01 6.147871622721188256e-01 4.700072280171139760e-01 5.859241357554719754e-01 7.584002206830180448e-01 7.236332288452721473e-01 8.185898274406210318e-01 7.705170474574465356e-01 1.000000000000000000e+00 8.706514542199796924e-01 7.858964083752295604e-01 7.989970320082855348e-01 8.769004209243448367e-01 8.539044538238855786e-01 8.172761031672703957e-01 7.861063536084657022e-01 8.430280318943581541e-01 6.721616773690420876e-01 7.985535529602003635e-01 8.560443179364634059e-01 8.013844867944569517e-01 7.806830384502599918e-01 8.500423890477218913e-01 8.498683657437779981e-01 8.594114071416333323e-01 8.616572666106779854e-01 8.345290553237527664e-01 8.349547693745377197e-01 8.787734934550436305e-01 8.710550842912033742e-01 8.287117257612449661e-01 8.535763873047683692e-01 8.609719457591752390e-01 8.524179017205064657e-01 8.768480546729202629e-01 8.707321310680736781e-01 8.720187520753847066e-01 8.340571298315850868e-01 8.900452636706163156e-01 8.881282657069551334e-01 8.570703794860528024e-01 8.874310464086531125e-01 8.834253585816422838e-01 8.872551668985344531e-01 8.900673408722206137e-01 8.958518822858252406e-01 8.931191695205329406e-01 8.509303119004301141e-01 8.736553592346321118e-01 8.563463985043288096e-01 8.821732203371360770e-01 8.921498389259625572e-01 8.843704842485985429e-01 8.861892316998173369e-01 8.730319395967373053e-01 8.899609409205810895e-01 8.774903522086515695e-01 8.972948699725681321e-01 8.874010558893146161e-01 8.821586355651520606e-01 8.788329693298598810e-01 8.735697000431521531e-01 8.934550153570354203e-01 8.927869479089944882e-01 8.992587798198805604e-01 8.963418188595113634e-01 8.911396981753449964e-01 8.880954218399829125e-01 8.939910825836429042e-01 9.007692177420154600e-01 8.863672861542999382e-01 8.959641508320164149e-01 8.986975377810032528e-01 8.979031776759195393e-01 8.996425207741070018e-01 8.942278707907617141e-01 8.947562221327010068e-01 8.985556782802212039e-01 8.984068551951208681e-01 9.015835631661196503e-01 8.939531702410107306e-01 8.989157540946952629e-01 8.844064369127496716e-01 8.916951688889611649e-01 8.991517194588560802e-01 8.973759010131461267e-01 8.972161311834252473e-01 8.959402288076649956e-01 8.956230644167031407e-01 8.997405761723574757e-01 9.005294177904519248e-01 9.001597140226940130e-01 8.961369956398699266e-01 8.994410090509515898e-01 8.801940369704769340e-01 8.795073271232375367e-01 8.917088631538687693e-01 8.904421864882556825e-01 8.941970500057790927e-01 8.919933550377212583e-01 8.979994741661518898e-01 8.969890496608793340e-01 8.959232538795002254e-01 8.895198633620785555e-01 8.980844370682675715e-01 8.988730723152885682e-01 8.994228166372431055e-01 8.957892686754378442e-01 8.939802771251742497e-01 8.987330533012283240e-01 8.940606733604600231e-01 8.937414486193634433e-01 8.991826073180123613e-01 8.990595608688928264e-01
4.020879569782092461e-02 1.500793429663568046e-01 3.578064627155920219e-01 6.640364713137129060e-01 5.221369274770487623e-01 6.190839882067487032e-01 8.052644211521327033e-01 7.851736580708446045e-01 8.536998309286268904e-01 8.054792239964025935e-01 8.706514542199796924e-01 1.000000000000000000e+00 8.332130445117906792e-01 8.512296265976726506e-01 9.304757348123920968e-01 9.119752941965285631e-01 8.532158656502385474e-01 8.363248703645708160e-01 8.899046699910004854e-01 7.288978263554068970e-01 8.704399936352172906e-01 9.128374802783678632e-01 8.485854854032217620e-01 8.300375438643345927e-01 8.937578636046313862e-01 8.976019639082934987e-01 8.998538478413439234e-01 8.988857808806307581e-01 8.645290060749272198e-01 8.708392423242027336e-01 9.173116528275314652e-01 9.179473388115860777e-01 8.727503366140882957e-01 9.009376517475733426e-01 8.994240052265143337e-01 9.027160146274988417e-01 9.121008818295013310e-01 9.255323862580363548e-01 9.274376043624792398e-01 8.880935311859539105e-01 9.372995187242854076e-01 9.407254888309891649e-01 9.183394516470173574e-01 9.426331237613446712e-01 9.340442419657246642e-01 9.351232811113525667e-01 9.376239039431845113e-01 9.418165031497752748e-01 9.413098626133626912e-01 9.121336738896106411e-01 9.334176734029290268e-01 9.131839454235454179e-01 9.347940562342552662e-01 9.386939879240403517e-01 9.349612920602203836e-01 9.359578928764198391e-01 9.318876092628393115e-01 9.429551567577281190e-01 9.322870389512162292e-01 9.434858299765668255e-01 9.412723502406793452e-01 9.343808110245430676e-01 9.332660757273495422e-01 9.289230241864129267e-01 9.420668116331737396e-01 9.451256682770369233e-01 9.444514435234646621e-01 9.433869964301488942e-01 9.368835685451890605e-01 9.412272616544671289e-01 9.461732942581995154e-01 9.471969868513810953e-01 9.346942334345116343e-01 9.416104457797920269e-01 9.458515850767207356e-01 9.439514260459633821e-01 9.433786153239784866e-01 9.345021971019072948e-01 9.385659861172718221e-01 9.395180419378726944e-01 9.389745902088081353e-01 9.427659894683511066e-01 9.409384574527597245e-01 9.398492612169049298e-01 9.351666716336345386e-01 9.379198028086002115e-01 9.432594161659110243e-01 9.457725057865998819e-01 9.461545941373800117e-01 9.452594761412933533e-01 9.420303429766937464e-01 9.471041462255515020e-01 9.467435112718676216e-01 9.483666062729937396e-01 9.410533295199172699e-01 9.440100730399788587e-01 9.332351470935239535e-01 9.335376555419414579e-01 9.417774854029969944e-01 9.418739019415931502e-01 9.460448376188114183e-01 9.443390440449416223e-01 9.446438713440830082e-01 9.474577828586318029e-01 9.458466058532575271e-01 9.401280845530655128e-01 9.453435970796658649e-01 9.443994874085903657e-01 9.468359859347542651e-01 9.434812583669415220e-01 9.427382849181564772e-01 9.437867087921031350e-01 9.422315138400011447e-01 9.436486381563005121e-01 9.455250412067088828e-01 9.461896106638453263e-01
4.046174477646664880e-02 1.370399319659275084e-01 3.327069319283172955e-01 5.851121471092853854e-01 4.801052995342088847e-01 5.791582892758417866e-01 7.402901591812359738e-01 7.088372135267643204e-01 7.809904356866214092e-01 7.337975609295691592e-01 7.858964083752295604e-01 8.332130445117906792e-01 1.000000000000000000e+00 7.731399545144872487e-01 8.486847384297798724e-01 8.397287320873658700e-01 7.855068726199273543e-01 7.570143213592654963e-01 8.068489397294270615e-01 6.517307091116572026e-01 7.894396249551483002e-01 8.351443017397396362e-01 7.692745390001408667e-01 7.508061572643156545e-01 8.151698028557369247e-01 8.150172104165265274e-01 8.208360363194558973e-01 8.155752470007997523e-01 7.762640967781443413e-01 7.819029665136710827e-01 8.351611674322475531e-01 8.369747672295241303e-01 7.902302446009737968e-01 8.257061491190583746e-01 8.157862755954302658e-01 8.243354535103365466e-01 8.336651714331543284e-01 8.393093243526981162e-01 8.455377546485129958e-01 8.057109091386143174e-01 8.575093802705562318e-01 8.589870476890335560e-01 8.334408317261358112e-01 8.594957185261161703e-01 8.502109612364695534e-01 8.548073072649260418e-01 8.599824738164962845e-01 8.610321125494601047e-01 8.565209452410509350e-01 8.255586144242665902e-01 8.457558170096738381e-01 8.279964705352615972e-01 8.501661179848258865e-01 8.582616767656005008e-01 8.517337412400212138e-01 8.530609851735341254e-01 8.464880047263400042e-01 8.642508059236290174e-01 8.466894371295693444e-01 8.644831972011850496e-01 8.578394812587599727e-01 8.505874951215106616e-01 8.492926811918495300e-01 8.477120959842654457e-01 8.654459544886731193e-01 8.637040310194257220e-01 8.642434539717313013e-01 8.634237840575265110e-01 8.578233982965604021e-01 8.553395362400482149e-01 8.660346869640339618e-01 8.649494597928697459e-01 8.545036696206080862e-01 8.613229169750018510e-01 8.645839622091797683e-01 8.626369215118180334e-01 8.632394359082965485e-01 8.528248302321712604e-01 8.533061975611893057e-01 8.560022293292786078e-01 8.582977248234882062e-01 8.600681747384730791e-01 8.606218731994020876e-01 8.587770216098697951e-01 8.554258955180759072e-01 8.597137589646225431e-01 8.628416820852280456e-01 8.650726008332130235e-01 8.669748770411124239e-01 8.612834038415678739e-01 8.597371808366036650e-01 8.666399370214791231e-01 8.643574399125264485e-01 8.654275186088520311e-01 8.617473459815249148e-01 8.642756529550694733e-01 8.494180583587551681e-01 8.507790663935208553e-01 8.613137563836594790e-01 8.592442703650658986e-01 8.646734826576234489e-01 8.605556176700110971e-01 8.630316707124940923e-01 8.658980063417541784e-01 8.626894687417288043e-01 8.575695180618641000e-01 8.650738107951412292e-01 8.641703022068523143e-01 8.651206861212032972e-01 8.623801038762172189e-01 8.613780763308563904e-01 8.641366352075177115e-01 8.599955437128835589e-01 8.622503364780935708e-01 8.657902074609800103e-01 8.654866131907803517e-01
