1.000000000000000000e+00 2.069744176854935169e-01 1.334723018877245759e-01 9.360432765879565797e-02 1.236660558557823308e-01 3.885721332083409002e-02 1.027193438915878360e-01 6.830003532028251778e-02 2.320150262619326553e-01 1.052884123969781011e-01 7.338333053734463762e-02 7.104081207473325610e-02 8.778723736098831276e-02 3.046460156112452619e-02 3.114856845763672860e-02 6.130008133005273446e-02 1.687634081908924444e-01 1.221433058201460142e-01 7.973024682863813495e-02 -2.473746548525924526e-03 1.968119392256366396e-01 1.339057423595342022e-01 1.041670227452666658e-01 5.824898372345035935e-02 7.183649252279739050e-02 1.303745912749587621e-01 1.232603539283828875e-01 1.149538497973651430e-01 2.157896827491320724e-01 1.361563489227725354e-01 1.262444741297018558e-01 4.585163794306146290e-02 6.872522615544796043e-02 3.422487535935752473e-02 9.160309323050189190e-02 2.851888859733878179e-02 8.733673127520023838e-02 3.448101988794897814e-04 4.340969229726356071e-02 -6.552830656666082387e-02 3.557932091183252377e-02 8.529838338286186913e-03 -3.931929957690783253e-03 3.859722888769659410e-02 1.427134311355996929e-02 2.888664004929140244e-02 1.515260273649132391e-02 4.955775775195608857e-02 5.734544611945264353e-02 2.148630339473383069e-02 1.201310511224120033e-02 5.513873319672396578e-02 5.747553269635796019e-02 8.036956622202967582e-02 4.462383462276538204e-02 3.312148485844214341e-02 9.120640682066920302e-02 2.501142950783379060e-02 3.203599177452549907e-02 8.886975961624656029e-02 4.340292471027869942e-02 6.793335203085182350e-02 5.319572440389462586e-02 8.974451797226545846e-02 9.024990144574636386e-02 9.650801377068307652e-02 2.754348380542192415e-02 4.139635438515133076e-02 4.120026508624185374e-02 2.735062938272530761e-02 5.273436677427996433e-02 3.144545624725876565e-02 3.131463447922144122e-02 2.509456314523981699e-02 4.807388196092308996e-02 6.374590199254548395e-02 4.276598794223258199e-02 9.646124654698309819e-02 4.941741859390961361e-02 7.466622123536227618e-02 4.876020225923009821e-02 4.737241866760562303e-02 4.007191988075047007e-02 6.297399754982781206e-02 -1.014620767617852894e-03 8.336995290580399842e-03 2.235927376056116161e-02 1.155479033674611765e-02 2.249180271684489071e-02 3.563515186212641572e-02 6.355430163452606938e-03 1.119584509988131790e-02 2.294569411608105881e-03 8.033022691908925025e-03 3.467851251456766093e-03 2.198974348893313613e-02 3.939241063205476887e-03 6.481430686963902954e-02 1.274425249613114416e-02 1.304429191460323252e-03 -1.544234628155330587e-02 3.518279898653922655e-02 3.368337414600797858e-02 1.050402943942803716e-02 2.552345342262342040e-02 5.779061770419170047e-02 4.477507369350525873e-02 3.160634597594290385e-02 2.447455772046612174e-02 2.559201288877440209e-02 2.764126122121001936e-02 4.810510877708678440e-02 3.183198358240001136e-02 4.739104093689251035e-02 4.958340747900894657e-02 5.630811903498637166e-02
2.069744176854935169e-01 1.000000000000000000e+00 1.282665391241937236e-01 1.459246638091892534e-01 1.125375397111034320e-01 1.633883542065222294e-01 2.226527616070265447e-01 1.585864863288785620e-01 2.132600150166753528e-01 2.451086794486486142e-01 1.655765423054233743e-01 1.797557149403218313e-01 1.751115718253098696e-01 8.861896605227922996e-02 1.759321756360824607e-01 1.874418790791750333e-01 2.023164384373652980e-01 1.973271263314333446e-01 1.891061616879231022e-01 9.772274196229888132e-02 2.117330121049850744e-01 2.035685805326489517e-01 1.941241843995775707e-01 1.874561931307290041e-01 1.877633570754286552e-01 2.209722798340495453e-01 2.119983068574078922e-01 2.222675764096166129e-01 2.819628737141091079e-01 2.252494814699077252e-01 2.238222630622333786e-01 1.800751240987476798e-01 1.829508449115382074e-01 1.688502481375514230e-01 1.919298262529894883e-01 1.445685685829286860e-01 1.794056278744187161e-01 1.578135569978837971e-01 1.769941013886642545e-01 1.230290663026961523e-01 1.681884476842152587e-01 1.524431908190557738e-01 1.395767169793399320e-01 1.616512340774726164e-01 1.408471973973100810e-01 1.645343542963129402e-01 1.367306322946933717e-01 1.652432968906507871e-01 1.565557277748690634e-01 1.237729617681684741e-01 1.447104480635608703e-01 1.270131485847920960e-01 1.469123819869193603e-01 1.844220936394959098e-01 1.672005548127160346e-01 1.690251824495059008e-01 1.413846904569660556e-01 1.412575593352862757e-01 1.456185659427857437e-01 1.652187314512031657e-01 1.431097989494556355e-01 1.570044821964315940e-01 1.516954357120283703e-01 1.559089891475029521e-01 1.578364641768577048e-01 1.567529514048956463e-01 1.474588907060242204e-01 1.620628258725242410e-01 1.682037227610211905e-01 1.535185036040820072e-01 1.693511467259217473e-01 1.597525064227585112e-01 1.662067020814338991e-01 1.555350208262384348e-01 1.684467960091598493e-01 1.727118756046144565e-01 1.731360652497572483e-01 2.071201488225688503e-01 1.816002863460156047e-01 1.820606542700120012e-01 1.645658549186121700e-01 1.672736542915203295e-01 1.602560348290608394e-01 1.690938116024441329e-01 1.390720316828543413e-01 1.456592180968956651e-01 1.446903854219319663e-01 1.496518095822392258e-01 1.505274406274295096e-01 1.652207532848231630e-01 1.465435545630005554e-01 1.409706900727141499e-01 1.366044813918920742e-01 1.451600063292992349e-01 1.314081312577251859e-01 1.428588238643820896e-01 1.111218031190605304e-01 1.316655525723723075e-01 1.307259700584796625e-01 1.283580812604488142e-01 1.215588713410704208e-01 1.377506017113330483e-01 1.436701915484357994e-01 1.280382657857961903e-01 1.362142330203013896e-01 1.422026094100464211e-01 1.462178775710304968e-01 1.527545376653460796e-01 1.491721084427550525e-01 1.354955184140024804e-01 1.417592768268851056e-01 1.501725994673750453e-01 1.350354825748116827e-01 1.418990070655263003e-01 1.511251517434294978e-01 1.479942172408558188e-01
1.334723018877245759e-01 1.282665391241937236e-01 1.000000000000000000e+00 4.061568359111000226e-01 2.299897530226728826e-01 2.679891068290424783e-01 3.467865271630570789e-01 3.196964415015833838e-01 3.634517744654186533e-01 2.723753236158040769e-01 3.731333873949310709e-01 3.994228666053536991e-01 3.641392368103781307e-01 2.757933699404170880e-01 3.593887606231991882e-01 3.816774280667469266e-01 3.554314679421135548e-01 3.481137243584590535e-01 3.514725928885108486e-01 2.883216120871347488e-01 4.047996209068419615e-01 3.829895630761711578e-01 3.627012689519890087e-01 3.369206030687639242e-01 3.506904434780382940e-01 4.250954079084811599e-01 4.089330055312617729e-01 4.148731178399778785e-01 3.982702520073754804e-01 3.804176624050205624e-01 3.993353354415750123e-01 3.718938074990428833e-01 3.828975207757447374e-01 3.768516620497167069e-01 3.649847719385593825e-01 3.950500757554503695e-01 3.997031983663155708e-01 3.873729810499056958e-01 3.838301167004571357e-01 3.707147851719772014e-01 3.884636868427485679e-01 3.858053987437392029e-01 3.842629958783099209e-01 3.841864029834708427e-01 3.864971689485049433e-01 3.710474424684063188e-01 3.535032295188947904e-01 3.581890605065856659e-01 3.704304798667888421e-01 3.733137867829883771e-01 3.808051583423972541e-01 3.940862325740919769e-01 3.616100613198625635e-01 3.687971758300394032e-01 3.748911594680045534e-01 3.901245009182541801e-01 3.689102604497907500e-01 3.601469170927248387e-01 3.561240486789203352e-01 3.532120073569264274e-01 3.723071917260496466e-01 3.656276557782486281e-01 3.735808304039944794e-01 3.757951259554455081e-01 3.751621230937163265e-01 3.742931618452574050e-01 3.535391601888610569e-01 3.750916078521926433e-01 3.716271199931439617e-01 3.711734204520162339e-01 3.901959917933234268e-01 3.717175879473667011e-01 3.720577733159335376e-01 3.707907014574471916e-01 3.822459286653686061e-01 3.760018451026713171e-01 3.820824001567870720e-01 3.835350888066946795e-01 3.806051421622895226e-01 3.585142472266507618e-01 3.738488321253832791e-01 3.665041062608398459e-01 3.819255292921892586e-01 3.690743616092875268e-01 3.756699688728935560e-01 3.658373335318641506e-01 3.758183068429316043e-01 3.717915328728290669e-01 3.664703004837942535e-01 3.742649090652477861e-01 3.821469593904737172e-01 3.684703389021951603e-01 3.670323715104968909e-01 3.632567240117924867e-01 3.480248647806936657e-01 3.509163904965853509e-01 3.760889844419254557e-01 3.695523914801481236e-01 3.659002409339284778e-01 3.648462757993594652e-01 3.686331392084052916e-01 3.699509259697152941e-01 3.609434231314064268e-01 3.633911280200138316e-01 3.783670360923192533e-01 3.700163271913116114e-01 3.635662753997672136e-01 3.528066050199835102e-01 3.656231681589812155e-01 3.523924050626502380e-01 3.644008777889068407e-01 3.565186229024238651e-01 3.624588435529579322e-01 3.646367481112841591e-01 3.594013925840542356e-01 3.620370605333079750e-01
9.360432765879565797e-02 1.459246638091892534e-01 4.061568359111000226e-01 1.000000000000000000e+00 3.509296567803754652e-01 4.149421990373454716e-01 5.710359195568065482e-01 5.395046171500539334e-01 5.442586086837415404e-01 4.305353029490020522e-01 5.891206393379695427e-01 6.635309075001022405e-01 5.664499396403599452e-01 4.626193498152558203e-01 6.098122684883154898e-01 6.214864923441791866e-01 5.634772366770921526e-01 4.413573581187104633e-01 4.602039959386051149e-01 4.597243535905090051e-01 5.176337029266826484e-01 4.961147097433757924e-01 4.808794120577041808e-01 4.478741403535554388e-01 4.405372817371110972e-01 6.387442960664052594e-01 6.347503678705199714e-01 6.384780848829025857e-01 5.695749422451076294e-01 5.539226559091098290e-01 5.932145766473518878e-01 5.840719562008535037e-01 6.055759746004660826e-01 5.844702537797029640e-01 5.671672419767488371e-01 6.270098535141116480e-01 6.209689530130924062e-01 6.337635624634559983e-01 6.130662990464295081e-01 6.320461033708629772e-01 6.290382761929448341e-01 6.329436311218260558e-01 6.357034918726459649e-01 6.329574000153616042e-01 6.345021051634455178e-01 6.118429613348538298e-01 5.937848917791413994e-01 5.908484223970762450e-01 5.935789635547483734e-01 6.057116757101385085e-01 6.202704664562406212e-01 6.444336008807585170e-01 6.195677381941275819e-01 5.947358406517866403e-01 6.057837601673180528e-01 6.291656908460745434e-01 5.941247666065152533e-01 6.019386020165764517e-01 5.882284266938759831e-01 5.854029540444557478e-01 6.051324171237395522e-01 6.020493587374747824e-01 6.043434599836196019e-01 5.953972423131480562e-01 6.008234642935981196e-01 6.091306979672975741e-01 5.832318088770485076e-01 5.936679837232032853e-01 5.908403573349356730e-01 6.156405375170722616e-01 6.004386110094103168e-01 5.805535872422075139e-01 5.814364658538582198e-01 5.712677687428723283e-01 6.145397830362311353e-01 6.089831344188790796e-01 6.159005076810879498e-01 5.962181047835939385e-01 5.970394703381286527e-01 5.688757090744784861e-01 5.977306290601739347e-01 5.918480697413627256e-01 6.147895175194680872e-01 5.927913379271734229e-01 6.126824787973701447e-01 5.925914472535906974e-01 6.117758307180864996e-01 6.172982687531236579e-01 6.045094828874850723e-01 6.144471015635636357e-01 6.276081870523986250e-01 6.151421474481409968e-01 6.120304651477520563e-01 6.079766714090427682e-01 5.865582970673832719e-01 5.899083631589789878e-01 6.213244364428215372e-01 6.022982614614645902e-01 6.016087054129787282e-01 6.087871181041748514e-01 6.194813460898240809e-01 6.177530009967310276e-01 6.083772675617351577e-01 6.065363971095804052e-01 6.270505566299146016e-01 6.110370007506445988e-01 5.938203985995086365e-01 5.937303358584675728e-01 6.055979988695371352e-01 5.948137457693485342e-01 6.091027818047147768e-01 5.958895606781376975e-01 6.056808350512262740e-01 6.020461127388455624e-01 5.984574756283013164e-01 6.049119138859458955e-01
1.236660558557823308e-01 1.125375397111034320e-01 2.299897530226728826e-01 3.509296567803754652e-01 1.000000000000000000e+00 3.211182197026402618e-01 4.854871585639729537e-01 5.128109573902035478e-01 4.755857223670497680e-01 4.053620555158897187e-01 4.555416814874599374e-01 4.882192097361244265e-01 4.947159118782794573e-01 3.753345257972208748e-01 5.109085897918119734e-01 5.192290488529860415e-01 4.395458141349240511e-01 3.381762450704570155e-01 3.428196769172806579e-01 3.325594909126740051e-01 3.415157349856334790e-01 3.790521906090781323e-01 3.573829828071743986e-01 3.368440731670437338e-01 3.209685077006218523e-01 4.970818324206486838e-01 4.804732149848043310e-01 4.814012096118072681e-01 4.723104276005783975e-01 4.456757827635994818e-01 4.704863194503092205e-01 4.480471842786161174e-01 4.438011064145959694e-01 4.212792335144725508e-01 4.362450269342240117e-01 4.524114119998744465e-01 4.562524330160142028e-01 4.685254682479030319e-01 4.713055216636449218e-01 4.537839134998126189e-01 4.987412973331643573e-01 4.898954297525618951e-01 4.890973736357189239e-01 5.042026613539669633e-01 4.907048161083491511e-01 4.859232207842700269e-01 4.934290272234828634e-01 4.927319834599651061e-01 4.921213000290482475e-01 4.479228300649900074e-01 4.834072657342494694e-01 4.517975981344984904e-01 4.981833033924594756e-01 4.938752142325750216e-01 4.888259673476493816e-01 5.055099149955871729e-01 4.678535931133748771e-01 4.960137108873695633e-01 4.834687142529993098e-01 4.995710986013227606e-01 4.852381869660128411e-01 4.954469476189221067e-01 4.805034831036926191e-01 4.863689218040770368e-01 4.849751320018280687e-01 4.887718967654798297e-01 4.872638852908865448e-01 4.796290978268162863e-01 4.739451797076498218e-01 4.955577571358008027e-01 4.697328203997196416e-01 4.719325232518639668e-01 4.675008141823503438e-01 4.629383177824050732e-01 5.066315316781919709e-01 4.958577602708775789e-01 4.882003954131206025e-01 4.978986866699423031e-01 4.890236778164981923e-01 4.798698625078414715e-01 4.829762523001745467e-01 4.838833558395833623e-01 4.838126928315911734e-01 4.800664601972519652e-01 4.733460678071274019e-01 4.647853521651786335e-01 4.837466072708615505e-01 4.933410701338912796e-01 4.833891493596172984e-01 4.980059759101932437e-01 4.876638862285418430e-01 4.979583827156572884e-01 4.922183724880335176e-01 4.871470512055112168e-01 4.840707667544155712e-01 4.905629422734532619e-01 4.837460044392858372e-01 4.767832359232139217e-01 4.949110765258919464e-01 4.886059305291243771e-01 4.909327836040560111e-01 4.958477811209235364e-01 4.927208365486560049e-01 4.966482857119685623e-01 4.858202115148122502e-01 4.895886770959692602e-01 4.924900171668266102e-01 4.950856970142691882e-01 5.020624851663071375e-01 4.961013437196467035e-01 5.033527166625815230e-01 4.977886089731585750e-01 4.948608632169502197e-01 4.893516182129515890e-01 4.848112410905043856e-01 4.900593665595041060e-01
3.885721332083409002e-02 1.633883542065222294e-01 2.679891068290424783e-01 4.149421990373454716e-01 3.211182197026402618e-01 1.000000000000000000e+00 5.347834209959990703e-01 4.963570168121619886e-01 5.246997720747174077e-01 4.578599307773558169e-01 5.685076471985599511e-01 5.909989117935929848e-01 5.375614934982316795e-01 4.465154644080532309e-01 5.935140347867214894e-01 5.872583470372934045e-01 5.153304637980128389e-01 4.409651467013462334e-01 4.500599301062827018e-01 3.978339407842712006e-01 4.530940348381724547e-01 4.838979122623389140e-01 4.682852284450285119e-01 4.541850190244424712e-01 4.456854334366874837e-01 5.767244222341332271e-01 5.890520862281187764e-01 6.011679156070088847e-01 5.651755684114343481e-01 5.670171486189635734e-01 5.940231872184282835e-01 5.656059622382868524e-01 5.576936586757761383e-01 5.545815209890706532e-01 5.642775476062624751e-01 5.689400434661443517e-01 5.859131678336338966e-01 5.885691870464151432e-01 5.987267419028916571e-01 5.851417205378819375e-01 6.012969237659184785e-01 6.025964255620985810e-01 6.046163648597332463e-01 6.100701941037874887e-01 6.068282407588473371e-01 6.036896826765191237e-01 5.938827755801260322e-01 5.890939707006720427e-01 5.832338436655043479e-01 5.632044605704331630e-01 5.885329417592999324e-01 5.676772542611483452e-01 5.892901079392476316e-01 5.884152991366604635e-01 5.848969114250683887e-01 6.062971795768905547e-01 5.593853046968499942e-01 5.909634735933316785e-01 5.785394296803733072e-01 5.804894358741971017e-01 5.907058514663979798e-01 5.875179394870768679e-01 5.769043228573348392e-01 5.755193875959632166e-01 5.729764654173483684e-01 5.745277840564954053e-01 5.862688053917618491e-01 5.893312210269212592e-01 5.911160232026088091e-01 5.960766157920295294e-01 5.881835789150278160e-01 5.831845953953791462e-01 5.840941163917257040e-01 5.756405098690228206e-01 6.042039121111051347e-01 6.036290986654340163e-01 6.105361298636596823e-01 6.003228954447652477e-01 6.033817993884692532e-01 5.855310094415844269e-01 5.972116033264596169e-01 5.968970166311475811e-01 5.961772389406010397e-01 5.959713422972934271e-01 5.967661614348993560e-01 5.876050139476090006e-01 5.977257003624307785e-01 6.034315662455635998e-01 6.003261255933060037e-01 6.014484424375379223e-01 6.101003904102831887e-01 6.065976973615158085e-01 6.015055267010602780e-01 6.032652835727556617e-01 5.883384897390222523e-01 5.915199521944944916e-01 5.923960635781502226e-01 5.736325808565188034e-01 5.922911682988492021e-01 5.944802886696556321e-01 6.029179071199562978e-01 5.932598304230742858e-01 5.972732036684875734e-01 5.960860936882289574e-01 5.995509311589951595e-01 5.887984453524526263e-01 5.880443041110832159e-01 5.939397323682698016e-01 6.016763490867189645e-01 5.906840321333216570e-01 5.978135953894232468e-01 5.907343506684402668e-01 5.938222308642129299e-01 5.881258899527473938e-01 5.856289018735537644e-01 5.879194189861201014e-01
1.027193438915878360e-01 2.226527616070265447e-01 3.467865271630570789e-01 5.710359195568065482e-01 4.854871585639729537e-01 5.347834209959990703e-01 1.000000000000000000e+00 7.554357442824640723e-01 6.313290902238488655e-01 5.766909425808580680e-01 6.708397233801010051e-01 7.430280292963384881e-01 6.657120907758423689e-01 5.493813613436592247e-01 8.214733705786256834e-01 7.863925318552043020e-01 6.275997914483683049e-01 5.360477405411764318e-01 5.291771268579585907e-01 5.713012511325483711e-01 5.224521443003793397e-01 5.476833316739736501e-01 5.712782764699522176e-01 5.498033749169242146e-01 5.146848927125078355e-01 7.539916157691849419e-01 7.226823118270735424e-01 7.624575619954094829e-01 7.052467724900302048e-01 6.544000518695449742e-01 6.927833715857976138e-01 7.188404080473402846e-01 7.298478647428817689e-01 6.838282851081171065e-01 6.781060344123777117e-01 7.061051335968263620e-01 6.958596600225315232e-01 7.683126039728611634e-01 7.290048887165427871e-01 7.627363026640519017e-01 7.422332548990479006e-01 7.652086231300683217e-01 7.838853624806040310e-01 7.581379373127163923e-01 7.375143108905295453e-01 7.323784009936249451e-01 7.116042421162029896e-01 7.043429848256590464e-01 7.128007362566435301e-01 7.015685215924526430e-01 7.499560959129268900e-01 6.709433900837754594e-01 7.099869757541440451e-01 7.087281298671250784e-01 7.147725889002995991e-01 7.588639032418942332e-01 6.755116865799550840e-01 7.198913134847353401e-01 7.090993936715774826e-01 6.881119508439680343e-01 7.106372882584284234e-01 7.132562071916748181e-01 7.046575345346663966e-01 6.993136758484665982e-01 6.739750234562720266e-01 6.747166216384742343e-01 6.876846777599310290e-01 6.956079983309439996e-01 7.049301102299373456e-01 7.371642332940110398e-01 6.766034720288326421e-01 6.759393373001113536e-01 6.948580743708631102e-01 6.666448653666462443e-01 7.328204098586634796e-01 7.186919181356939967e-01 7.322662703269905426e-01 7.191304535152063249e-01 7.248011047839110210e-01 6.743497324014610106e-01 6.911520090163202346e-01 6.881999077052270986e-01 7.137048963978620542e-01 6.999835046258054971e-01 7.181030964460004551e-01 6.906071050247746257e-01 7.050031337977349377e-01 7.332946601294834110e-01 7.105413635029174113e-01 7.247191486366251212e-01 7.428619628084794924e-01 7.274056170151887990e-01 7.163567824674027529e-01 7.146381113852066091e-01 6.868926599423521573e-01 6.974553351725669703e-01 7.215174617756077158e-01 6.750771753747351056e-01 7.144096631113309170e-01 7.218039569719374438e-01 7.347388136884640542e-01 7.167821199373320962e-01 7.029621025889477570e-01 7.110658061224298665e-01 7.050201010396751622e-01 7.009733395649999643e-01 6.987505654324701609e-01 7.042291950987614735e-01 7.255618337457103717e-01 7.034581559677317575e-01 7.243779720276581902e-01 6.996633411568823346e-01 7.110884943326799545e-01 6.962120839548825435e-01 6.853002581333832444e-01 6.860073240360032854e-01
6.830003532028251778e-02 1.585864863288785620e-01 3.196964415015833838e-01 5.395046171500539334e-01 5.128109573902035478e-01 4.963570168121619886e-01 7.554357442824640723e-01 1.000000000000000000e+00 6.626081247955746267e-01 6.051701167746188492e-01 7.011101500669797426e-01 7.523351485814807615e-01 7.152616573962878865e-01 5.696948364866110115e-01 8.070027341143761745e-01 8.319023219437160499e-01 6.602830420142792311e-01 5.141716100749408325e-01 5.117912718494331825e-01 5.469348094370438673e-01 4.820926906850841465e-01 5.285297952912418884e-01 5.370732237837102518e-01 5.246241926939823053e-01 4.788036303349597622e-01 7.344886376904713465e-01 7.215982687528790240e-01 7.314503852822190622e-01 6.933841518790829772e-01 6.712751840606597797e-01 7.012587376761582059e-01 7.122500710351761244e-01 7.052622005934893190e-01 6.762846528676556002e-01 6.939089376824219002e-01 7.183469682723077065e-01 7.064060288719895553e-01 7.651474487257698964e-01 7.370128876025846543e-01 7.517491751507004993e-01 7.623927320692456266e-01 7.704281751103323472e-01 7.844293965250348499e-01 7.753984864229935825e-01 7.568667472685480790e-01 7.483437024994102904e-01 7.526943127067708961e-01 7.459435852569581415e-01 7.627372344701353057e-01 7.381245861241580997e-01 7.763263339602708424e-01 7.066275269396837810e-01 7.491272250647128539e-01 7.553875583940835581e-01 7.656745102253041946e-01 7.754555962521108015e-01 7.395293007759231596e-01 7.675803636031289789e-01 7.621959003750776729e-01 7.341087879499571534e-01 7.668812560345119600e-01 7.603083525531785236e-01 7.636253662066706527e-01 7.484354462226600058e-01 7.216243048078613276e-01 7.350621607892129372e-01 7.371653177076251673e-01 7.252365204372852592e-01 7.267680777861615926e-01 7.600939660424533839e-01 6.999952649303010643e-01 7.072300000402773623e-01 7.167560526391744125e-01 6.989517286992349421e-01 7.607821855632678210e-01 7.484114666166415963e-01 7.478357592574821355e-01 7.394760136418880858e-01 7.406235863144916554e-01 7.219647309298544702e-01 7.293704374373043420e-01 7.298648049743104993e-01 7.420884181972992044e-01 7.296956945297895514e-01 7.443908850386566911e-01 7.183016820610681474e-01 7.434929219416890334e-01 7.625844260540833863e-01 7.419846895281886345e-01 7.564421093069801927e-01 7.537217389807635559e-01 7.587971281931720213e-01 7.531328372834379392e-01 7.449034452597184108e-01 7.381483631929675049e-01 7.449619659175132913e-01 7.697662195979431132e-01 7.360988787338641481e-01 7.631946747390717656e-01 7.597389922564252718e-01 7.655661983355075417e-01 7.699373376646699851e-01 7.473065510600517269e-01 7.568017452528158495e-01 7.522823550818709126e-01 7.551569694577553449e-01 7.517059403091627123e-01 7.508934808294452923e-01 7.665869014884761912e-01 7.533225695492110630e-01 7.681086485081147774e-01 7.472718779731128969e-01 7.616559466329809736e-01 7.487856210316280459e-01 7.334593391695766185e-01 7.409528360522867896e-01
2.320150262619326553e-01 2.132600150166753528e-01 3.634517744654186533e-01 5.442586086837415404e-01 4.755857223670497680e-01 5.246997720747174077e-01 6.313290902238488655e-01 6.626081247955746267e-01 1.000000000000000000e+00 7.171157535038503728e-01 7.918957719274655194e-01 8.145842299497987327e-01 7.681128158534166195e-01 6.360536721414551398e-01 7.988940793343140001e-01 8.122512272107264009e-01 8.225667391609595702e-01 6.331361430961260917e-01 6.407850531574885711e-01 4.840203400596890804e-01 6.344606092010705023e-01 7.130376343355645519e-01 6.491309993045801807e-01 6.265658649386245393e-01 6.140547120906152401e-01 7.912019142242934233e-01 8.198993517516969254e-01 7.950431725325135535e-01 7.931472522585465423e-01 8.196090296415342591e-01 8.534861388359850087e-01 7.957067792956189489e-01 7.586484006092758525e-01 7.781160762142163012e-01 8.062788450519677852e-01 7.778638654326095470e-01 8.199060683241022884e-01 7.850674496342320285e-01 8.347709885690215437e-01 7.211229422969704927e-01 8.472129688017784321e-01 8.128212788095253716e-01 7.752530168531691634e-01 8.456827215217812554e-01 8.268845326369842486e-01 8.315842086548136391e-01 8.545844438462251169e-01 8.734449046437056108e-01 8.602753951898817197e-01 7.969243319380595603e-01 8.195352536963492751e-01 7.933022383814861689e-01 8.445638940585967758e-01 8.698130896841490545e-01 8.411180155446899009e-01 8.359853240904835392e-01 8.349774843860461315e-01 8.474966158870478328e-01 8.479934299956946031e-01 8.790567049637463271e-01 8.531419281449293956e-01 8.580005124055135601e-01 8.399575649195574201e-01 8.653297360796788906e-01 8.718460006459392009e-01 8.670807031931354603e-01 8.627527370684887620e-01 8.551180444010484383e-01 8.519737141286334303e-01 8.284343785365744228e-01 8.484582516357505044e-01 8.508012133320894677e-01 8.355013749777255860e-01 8.337381194302239118e-01 8.647929879180510371e-01 8.670800438435969371e-01 8.548870237879048206e-01 8.666911887900348166e-01 8.557261211121660605e-01 8.693115175160246455e-01 8.657703779656684695e-01 8.679388581161648908e-01 8.593617185391703162e-01 8.641231470773225176e-01 8.369530164585398113e-01 8.405745632472541029e-01 8.533563086978392942e-01 8.491273302931554579e-01 8.545840326623045380e-01 8.575868067957386209e-01 8.327670653620800056e-01 8.522100956070265410e-01 8.465321302160975225e-01 8.480899708326481434e-01 8.519198341787292961e-01 8.603972129570727212e-01 8.218980027771981556e-01 8.501364082072878636e-01 8.458646581305555578e-01 8.400055011889724366e-01 8.274480786261486642e-01 8.510795206614154562e-01 8.596916712211579714e-01 8.511303849440812197e-01 8.515328048137822403e-01 8.529961264254579678e-01 8.638836142745598412e-01 8.648049288651841193e-01 8.576847673565338726e-01 8.599905269683532083e-01 8.560159455703124642e-01 8.704730721310969255e-01 8.536307909178337816e-01 8.635518460159029575e-01 8.673983306362388346e-01 8.667781801815376275e-01
1.052884123969781011e-01 2.451086794486486142e-01 2.723753236158040769e-01 4.305353029490020522e-01 4.053620555158897187e-01 4.578599307773558169e-01 5.766909425808580680e-01 6.051701167746188492e-01 7.171157535038503728e-01 1.000000000000000000e+00 6.972024762346553661e-01 7.041732576887611561e-01 6.665909910840465136e-01 5.728450808527457694e-01 7.248863176529165564e-01 7.184569368318204363e-01 7.020619470427250652e-01 5.177358080940706042e-01 5.285835015394663161e-01 4.326700261706091788e-01 4.767756870648990342e-01 5.747912457584688495e-01 5.250969460396578414e-01 5.270112268448163828e-01 5.094580799833294815e-01 6.624218241692959586e-01 7.069804189050518106e-01 6.763643686921938514e-01 6.920500710367369912e-01 7.091408453128109635e-01 7.477888914124015685e-01 6.988532041095132374e-01 6.445202289956700747e-01 6.705010697893171168e-01 6.950174199007213005e-01 6.697765039403672516e-01 6.998983548941053456e-01 6.907379089530959471e-01 7.318335542793313886e-01 6.508787618232212413e-01 7.510493832692668459e-01 7.223462417827962723e-01 6.774519765757692769e-01 7.443483108037709517e-01 7.265104399608979246e-01 7.384569566335257296e-01 7.689754470939461628e-01 7.889958152215907905e-01 7.678030486861560089e-01 6.935600002435193812e-01 7.293605136530705302e-01 6.647424981467207061e-01 7.433397112247264182e-01 7.868214097817269881e-01 7.642286604525386773e-01 7.460363537936371969e-01 7.346149139953747076e-01 7.662228407880644632e-01 7.687359497858399227e-01 7.818989857901164076e-01 7.570725511471908531e-01 7.686561469771752142e-01 7.521542568309437238e-01 7.568704550837482836e-01 7.528773030178004255e-01 7.605494023352443733e-01 7.790633071954530253e-01 7.534796468575877260e-01 7.534885198339809076e-01 7.415065535143029463e-01 7.397118649377101285e-01 7.552565762866362276e-01 7.427983033832598059e-01 7.391131080072340653e-01 7.704105502106682879e-01 7.710596005603026493e-01 7.623134285024470991e-01 7.776407927119954877e-01 7.654210453550295279e-01 7.798778069677729796e-01 7.662336127717882528e-01 7.797121546223089172e-01 7.620112971114053613e-01 7.606746838980952274e-01 7.400258854498207306e-01 7.478241420437251596e-01 7.625115467480491072e-01 7.587709316205430987e-01 7.602678131950654228e-01 7.694667835542000622e-01 7.402285340803556046e-01 7.610491185588221796e-01 7.584433967585938463e-01 7.600135364052319487e-01 7.727932916618094339e-01 7.804446618659240942e-01 7.227795495644255830e-01 7.400729068765393714e-01 7.568854217938256745e-01 7.498178180468219045e-01 7.366499317576292727e-01 7.552870849561590383e-01 7.659779760448661712e-01 7.619061505215879437e-01 7.489251845513599237e-01 7.511959217519240672e-01 7.707120254969048734e-01 7.822318483098401609e-01 7.715441132595665108e-01 7.737361517800319666e-01 7.682948910000769738e-01 7.787261679744910126e-01 7.647834315949315620e-01 7.640510812328146217e-01 7.692513291898276373e-01 7.675332527762798174e-01
7.338333053734463762e-02 1.655765423054233743e-01 3.731333873949310709e-01 5.891206393379695427e-01 4.555416814874599374e-01 5.685076471985599511e-01 6.708397233801010051e-01 7.011101500669797426e-01 7.918957719274655194e-01 6.972024762346553661e-01 1.000000000000000000e+00 8.579200775545605673e-01 7.881609794426608362e-01 6.680638035939311381e-01 8.426500218963954847e-01 8.472308746130851054e-01 7.920632278022582407e-01 6.247667918290735756e-01 6.407905442254298034e-01 5.516939308801733777e-01 6.141828727425969747e-01 6.851947236407210928e-01 6.450126883778266595e-01 6.290584131959977565e-01 6.172995217255059508e-01 8.089650798131517995e-01 8.360518489930639507e-01 8.248632553519891220e-01 7.784661659352754004e-01 8.199530422346332781e-01 8.599808355198605980e-01 8.208771504492842208e-01 7.879856884760924052e-01 7.997398324185376328e-01 8.128624676377433911e-01 8.277365735513485534e-01 8.478181158847588605e-01 8.405031781855352158e-01 8.630883137018751095e-01 8.209063173296196059e-01 8.850321122442854627e-01 8.698674994404099747e-01 8.442701402816977785e-01 8.862999264568494073e-01 8.785193497015154618e-01 8.675153783027395038e-01 8.898518344231505228e-01 8.923057168620064372e-01 8.834797859234545525e-01 8.433474947821943957e-01 8.673183069342463858e-01 8.398868846160332247e-01 8.830899902247367761e-01 8.869296649545899136e-01 8.783132378034967935e-01 8.804122785985177835e-01 8.588841041510664187e-01 8.870869131774767880e-01 8.801128310934612786e-01 8.835000315935667148e-01 8.870716266439674369e-01 8.818484408712707889e-01 8.749705769733409078e-01 8.751940077161544096e-01 8.756933951459718868e-01 8.808054934463037666e-01 8.873808317153990544e-01 8.776718150721464218e-01 8.717179890336168580e-01 8.702457911648662225e-01 8.681887038318393257e-01 8.734523015815858216e-01 8.572238562569960418e-01 8.606152714505318491e-01 8.946712270792913646e-01 8.930530498679345452e-01 8.885574873473550683e-01 8.812275917046052953e-01 8.813146303178740482e-01 8.838550528863740041e-01 8.900699999824893682e-01 8.918038952045608259e-01 8.890798371104940978e-01 8.838184487190795524e-01 8.774665048578079718e-01 8.725024488729458128e-01 8.907697151702188565e-01 8.903862069442404215e-01 8.877166976566410739e-01 8.920875872657360039e-01 8.843674193283010965e-01 8.947379412787875852e-01 8.934074864617276290e-01 8.897641259130492086e-01 8.905455182521769819e-01 8.936569931028567337e-01 8.790690034684435217e-01 8.760655227205281781e-01 8.883753539800200993e-01 8.862476225743786129e-01 8.853999810302781714e-01 8.899706818580090939e-01 8.943523328511322479e-01 8.921167388308509638e-01 8.929909422688641074e-01 8.854596737933012607e-01 8.901324627679513268e-01 8.944686522289291286e-01 8.960729902490042198e-01 8.924902442099846844e-01 8.925626239274162543e-01 8.939428218101329593e-01 8.915514530455092013e-01 8.887398930542540487e-01 8.898349175973949698e-01 8.925361681308214834e-01
7.104081207473325610e-02 1.797557149403218313e-01 3.994228666053536991e-01 6.635309075001022405e-01 4.882192097361244265e-01 5.909989117935929848e-01 7.430280292963384881e-01 7.523351485814807615e-01 8.145842299497987327e-01 7.041732576887611561e-01 8.579200775545605673e-01 1.000000000000000000e+00 8.247889415719400485e-01 6.819677059637697658e-01 8.895240485825411936e-01 8.942677107187919638e-01 8.216716022893875149e-01 6.383808844500316049e-01 6.609259138631520258e-01 6.075684973570488756e-01 6.572391371914293456e-01 7.155008952452178717e-01 6.726249617800933445e-01 6.491503160204782352e-01 6.390764072733443601e-01 8.630867661185412931e-01 8.813097536128613463e-01 8.785915970138115094e-01 8.154979836581366381e-01 8.359112841322811072e-01 8.872775286603863387e-01 8.561360721786773764e-01 8.424068827843576024e-01 8.409408028057828721e-01 8.392715273666833120e-01 8.759132505710467420e-01 8.835651926405064804e-01 8.988525637385236244e-01 9.025071522901084720e-01 8.771563320529579544e-01 9.232211141702386659e-01 9.153451254748475874e-01 9.003240454957484040e-01 9.310122248180229265e-01 9.189708139442654966e-01 9.116285109920878593e-01 9.164328313739993348e-01 9.162318662110523482e-01 9.105787902785971166e-01 8.859302478236018574e-01 9.158087830042883626e-01 8.843604705348989681e-01 9.125538694075723267e-01 9.103995166498628500e-01 9.067075125215822151e-01 9.225974021292818739e-01 8.840697504346727298e-01 9.143530020110101075e-01 9.089215713310483391e-01 9.098322502962867819e-01 9.149078008512911975e-01 9.133840632670494619e-01 9.045738673171959121e-01 9.082498757171683090e-01 9.060886364446517627e-01 9.078092475361568825e-01 9.098261048569881160e-01 9.037350143049547313e-01 8.980644964128695618e-01 9.122571158410965886e-01 8.985189370972543887e-01 8.969034850274378856e-01 8.855401828179001456e-01 8.808722427163961921e-01 9.261902588633569300e-01 9.228080606508314299e-01 9.213312820449510721e-01 9.034753490400535547e-01 9.076828310631287478e-01 8.950201348256651146e-01 9.115815524808241754e-01 9.103762890206636982e-01 9.197613697038058422e-01 9.052451127599415726e-01 9.124714070671007260e-01 8.996380265575105728e-01 9.196737914067004693e-01 9.245253898555001459e-01 9.160357216052497087e-01 9.208917430967061835e-01 9.248014920407250372e-01 9.261570474948301879e-01 9.221386859980755801e-01 9.197301015908901922e-01 9.118817204609233062e-01 9.158226081119952289e-01 9.089037313043476507e-01 8.987578659235681000e-01 9.135018843692094270e-01 9.177399953585714254e-01 9.197311688623536208e-01 9.194591256157026438e-01 9.202058189850060854e-01 9.208340200667410880e-01 9.257191400570092821e-01 9.090496288377380996e-01 9.120544885611200359e-01 9.183245296304251015e-01 9.220502138184004659e-01 9.183009413002820587e-01 9.206803356044627185e-01 9.182213939081295129e-01 9.157480968158744350e-01 9.157643793264814702e-01 9.157668285791968898e-01 9.166226918019562131e-01
8.778723736098831276e-02 1.751115718253098696e-01 3.641392368103781307e-01 5.664499396403599452e-01 4.947159118782794573e-01 5.375614934982316795e-01 6.657120907758423689e-01 7.152616573962878865e-01 7.681128158534166195e-01 6.665909910840465136e-01 7.881609794426608362e-01 8.247889415719400485e-01 1.000000000000000000e+00 6.427764671647160366e-01 8.260160585758185015e-01 8.463164426651081929e-01 7.690514372469852145e-01 5.936202022052260441e-01 6.132152129734534940e-01 5.116075556273510516e-01 5.833194543032730328e-01 6.697280733240533745e-01 6.192389256252316398e-01 5.986461527171650365e-01 5.874642347806067200e-01 7.920556114100869571e-01 8.077633789049581958e-01 7.963200969797480377e-01 7.655665889792936385e-01 7.878709722854467801e-01 8.175036968739942678e-01 7.869283855536830519e-01 7.637370553326321421e-01 7.721381097402528759e-01 7.808130728458767544e-01 7.980826769139919286e-01 8.136516909933586561e-01 8.095519936030881603e-01 8.342622705039046682e-01 7.808397079999997992e-01 8.512668492425777833e-01 8.378792080186525659e-01 8.197892782802798095e-01 8.562488374665409019e-01 8.469790351866443023e-01 8.397731346339958325e-01 8.572428594194481111e-01 8.549492114169761070e-01 8.530255675147978556e-01 8.054844029728526200e-01 8.378940753141844722e-01 7.966439537888869715e-01 8.469223663821482395e-01 8.498796538677612089e-01 8.427326571249021958e-01 8.500420790785097047e-01 8.210619563834424817e-01 8.537221041740554739e-01 8.462958578586208258e-01 8.583281698099922696e-01 8.592527140298920063e-01 8.545015555668720175e-01 8.449067322388629231e-01 8.522298371664444039e-01 8.478869001156206231e-01 8.490366761186248779e-01 8.561479506555697006e-01 8.433586842877738299e-01 8.400673099490677531e-01 8.353527653788280771e-01 8.362150965969908922e-01 8.417818445321473275e-01 8.255265389670387588e-01 8.263711743247162955e-01 8.643443207320845589e-01 8.590327560164658927e-01 8.538857668854644700e-01 8.530142207172723978e-01 8.497470687992317862e-01 8.499787649495068598e-01 8.550120823698909023e-01 8.557203926242668013e-01 8.545750078893475932e-01 8.492127074405997345e-01 8.434339194321117672e-01 8.402962671955654939e-01 8.584154677406494738e-01 8.594563656581752920e-01 8.557959219915629578e-01 8.592117017948888158e-01 8.480939800972376874e-01 8.611052166861765667e-01 8.588189037892876021e-01 8.563455138672025901e-01 8.562723099908597924e-01 8.585754666948269831e-01 8.436499168510270819e-01 8.390274403260473690e-01 8.562468475421025627e-01 8.545966053070592761e-01 8.531473852482083231e-01 8.571794462216265620e-01 8.595111308669781680e-01 8.631497028998188492e-01 8.578158946815729324e-01 8.488945234569817977e-01 8.578063164713832789e-01 8.606422677970556601e-01 8.632422452659428425e-01 8.595696578659004494e-01 8.580476633537550413e-01 8.625523811203177349e-01 8.579213900090488787e-01 8.587309706623003080e-01 8.576755470797908787e-01 8.584402689580115098e-01
