1.000000000000000000e+00 2.430607815489073398e-01 2.362624129118754968e-01 -9.319554585591596774e-03 6.762015514633122615e-02 8.452995140932723084e-02 7.915515496461106304e-02 1.154649156600892797e-02 2.467253474252598666e-01 1.235001722537763247e-01 1.340127991244975669e-01 -3.515688517709066735e-02 -6.823590403663325893e-03 5.800040010044954682e-03 3.997490371561668830e-03 1.682196079998381569e-02 2.746039426732815869e-01 4.226335798512119712e-01 3.571984803504245631e-01 3.707566393370981261e-01 3.739738340237959147e-01 3.130137710600034984e-01 3.780848233759043775e-01 3.573259039081418953e-01 3.309756813261835462e-01 2.380606176944070063e-01 2.573984849815230125e-01 2.430973403812842215e-01 3.359244354616227612e-01 2.855486853523073743e-01 2.412806576786137580e-01 2.476392576241265853e-01 2.457100411620559144e-01 2.163066044681254962e-01 2.322145963335232877e-01 1.443591970511575173e-01 2.109899055125784850e-01 1.165015933201786758e-01 1.632303972441850048e-01 1.114218240219029821e-01 1.112622449007548975e-01 6.613290581293586323e-02 1.900808304174701063e-02 9.633735355452970051e-02 1.062944476089865004e-01 1.020765952499432250e-01 8.684561109500806356e-03 6.561591156507010081e-02 6.012896538075657160e-02 5.837903416190535349e-02 1.004089539728159480e-01 1.671865085983711974e-02 2.592581885670661515e-02 9.419117390853776195e-02 1.242540361297824192e-01 1.540013365243691756e-01 1.025950749683926244e-01 3.737837456207276920e-02 7.726646635337472424e-02 8.239779646828908344e-02 1.552533579747645762e-02 5.073891246517251569e-02 7.731324928497389226e-02 6.757993234071676958e-02 1.381276906362242929e-01 9.657518159448628958e-02 7.988664873610432093e-02 1.760296591804709487e-01 1.657502388782207958e-01 1.848663821129879758e-01 1.317559062464097319e-01 1.347412785237740718e-01 1.599652681679926414e-01 1.539370732291612531e-01 8.961343357466491910e-02 9.651154056486957455e-02 9.200684610376197448e-02 1.464505245229640318e-01 1.056837103197375144e-01 1.060531638470396248e-01 9.725551085888216318e-02 9.521208906562729501e-02 1.328072768473142484e-01 1.291901424260063769e-01 7.258808364643999644e-02 1.053844916496056855e-01 9.280803694405732884e-02 7.743404478759415011e-02 7.283383758049252754e-02 9.616260207833053630e-02 7.514386370483860933e-02 4.912800208082761938e-02 6.789050637477961336e-02 5.628615197442715656e-02 1.485014500316311770e-02 2.967533277905556183e-02 -9.186209272370330151e-03 4.387689260814294639e-02 8.359967662736323551e-03 5.639694660631394685e-02 1.042334091282475297e-02 5.013842607294074355e-02 -1.128837782044387825e-02 1.866124218613127508e-02 4.468140249534711256e-02 4.856708960273106029e-02 4.201959474981070697e-02 6.146539578194307185e-02 6.942115555569521035e-02 2.502634928663228370e-02 4.533216601787001115e-02 3.119269203364007439e-02 4.218007475825762825e-02 4.602083473188424423e-02 8.738242347326018178e-02 4.634321586545921828e-02
2.430607815489073398e-01 1.000000000000000000e+00 6.850955320776401514e-02 -6.318158455764287529e-02 7.626939084511120959e-02 5.407335617483999268e-02 1.183899076020318575e-01 9.477040711920643734e-02 2.241637197655279856e-01 2.106619714496562323e-01 1.470123281738557330e-01 6.653413027966266491e-02 1.061278635016769251e-01 7.115413879051540880e-02 1.296258867196234954e-01 1.104942165230475837e-01 2.172392083988054501e-01 1.770133029133020841e-01 1.669595622741885388e-01 1.460388079476576673e-01 1.627128518815563751e-01 1.439052486285854193e-01 2.274205207522013161e-01 1.470544497746643919e-01 1.466864573438553532e-01 1.743305575406358110e-01 1.803839473309151176e-01 2.146031782852313718e-01 2.493666713060200824e-01 2.245878358380755946e-01 2.251096053526465968e-01 2.015307042584204567e-01 2.127159334454172823e-01 1.771405041059225249e-01 2.229497292689370525e-01 1.535210093843375201e-01 1.927764024726233705e-01 1.844639293397727087e-01 1.797105863722205099e-01 1.405104647079926938e-01 1.522600185241478332e-01 1.427559718955562496e-01 9.199866012145144212e-02 1.456851136079155840e-01 1.317925097784729549e-01 1.617706916911749171e-01 1.288923427032517277e-01 1.604218815760927452e-01 1.493911939321577731e-01 1.157151140539831452e-01 1.514151859814400203e-01 6.013319334853491072e-02 8.409136126979113723e-02 1.691381385828079620e-01 1.503449046102691700e-01 1.746200020847808176e-01 1.310629706556842855e-01 1.466948567428812689e-01 1.549421153070736634e-01 1.550033199246607651e-01 1.281871316187481180e-01 1.493527194778631328e-01 1.453233630781528563e-01 1.367350593678815507e-01 1.595268792627571042e-01 1.453941973998392756e-01 1.614806937734962200e-01 1.755746910586669096e-01 1.956701099077272632e-01 1.636030644689004665e-01 1.436960655734696168e-01 1.583305801802737389e-01 1.535830754714875568e-01 1.476925484473253225e-01 1.535406899919034840e-01 1.684332403153648017e-01 1.673554719329692908e-01 1.947902297583082309e-01 1.653612911092801618e-01 1.717644260466543726e-01 1.671669948171636277e-01 1.734376686393701295e-01 1.758215985698434458e-01 1.792294826844658129e-01 1.444354595831391919e-01 1.512077133764329617e-01 1.596499884500623412e-01 1.672911306672985321e-01 1.549473910249268838e-01 1.645435601637790513e-01 1.529984028391055406e-01 1.469052347621795096e-01 1.404722008075134643e-01 1.525300404407262667e-01 1.406782123125369099e-01 1.511859343758051033e-01 9.245213701868169875e-02 1.195782500862797998e-01 1.296936681789530310e-01 1.485009581646254129e-01 1.169609101561451259e-01 1.404652185491059024e-01 9.812787055713878548e-02 1.286770594415597990e-01 1.201340558695503241e-01 1.382284554417376188e-01 1.447597827620549782e-01 1.624969828907768532e-01 1.581301430963606425e-01 1.421141222933475223e-01 1.499207075091229246e-01 1.415779429330556727e-01 1.515283353857601045e-01 1.389508410393873183e-01 1.546824752115914248e-01 1.376139158011836228e-01
2.362624129118754968e-01 6.850955320776401514e-02 1.000000000000000000e+00 2.461819848997219284e-01 1.471059146037218823e-01 2.055064397093373518e-01 2.523094296615244203e-01 1.666345374338708829e-01 2.942557913729230146e-01 2.502105385601248178e-01 3.068860650418470115e-01 2.468491559121651358e-01 2.000130530840224241e-01 2.279704503568712182e-01 2.521577843509884009e-01 2.550783009699141846e-01 3.281741667008105656e-01 4.364845688488362407e-01 4.375916421749893592e-01 3.832284735589382985e-01 4.172051389415342704e-01 4.341422775020548630e-01 4.218673503136594061e-01 4.387477779885298190e-01 4.551419362738038377e-01 3.714388487034830932e-01 3.964256515073142362e-01 3.780599890301856170e-01 3.773921583735776464e-01 4.052852774179465101e-01 3.755113313008995868e-01 4.036480264486278502e-01 3.933472644795202311e-01 3.850506891867557235e-01 3.549123358269750672e-01 3.568532704476347628e-01 3.939039743351080425e-01 3.096247231754881701e-01 3.498894276515844837e-01 3.449990979976506611e-01 3.186707327563036984e-01 3.007480586073710271e-01 3.027759990066373752e-01 3.295570738055311200e-01 3.499043149235082084e-01 3.173528407074490132e-01 2.555619880388548260e-01 2.896976745023018829e-01 2.901756812297062726e-01 2.983423854106116435e-01 3.185940117241152225e-01 2.795778678194106304e-01 2.805492544285679291e-01 2.927263521439378291e-01 3.127427421060928747e-01 3.448394856670585762e-01 3.100345915473977643e-01 2.665910727617376019e-01 2.864331632089654467e-01 2.901406051921138207e-01 2.628730295338996270e-01 2.728338911520997168e-01 2.884753477154907153e-01 2.862165012230757921e-01 3.297230557142762919e-01 2.976536910250641710e-01 2.919353335962888707e-01 3.605167270419280534e-01 3.525291806624953894e-01 3.564660263993905676e-01 3.464049109531672221e-01 3.440722831593517883e-01 3.632440677294336284e-01 3.657322461239076450e-01 3.060715580924039392e-01 3.086811489025999555e-01 3.042456377533189205e-01 3.153810834343183656e-01 3.266314787594327140e-01 3.128651683733490452e-01 3.069502312283551304e-01 3.040781142203925480e-01 3.404606540811327409e-01 3.339352692793322586e-01 3.115420640258833584e-01 3.294781127448949687e-01 3.164701014474161078e-01 2.961181543266853122e-01 3.031162877146594825e-01 3.118808209237577400e-01 3.129198896727983792e-01 2.897064096370948749e-01 3.080795242058937955e-01 2.924153512912358588e-01 2.607303931693313870e-01 2.692563668152240242e-01 2.673055539918687828e-01 2.828467500871438278e-01 2.606357297944795759e-01 2.930900751777004709e-01 2.761676476286733517e-01 2.827890084658786773e-01 2.567366669741640850e-01 2.683260244135871608e-01 2.937572743339423309e-01 2.778004625460095411e-01 2.754980697791419852e-01 2.820480103641690994e-01 2.880655239352411523e-01 2.647423293566193436e-01 2.776293544502680399e-01 2.674441549310985766e-01 2.690700076715469291e-01 2.823318871759283311e-01 3.043175405232578790e-01 2.791235598649906557e-01
-9.319554585591596774e-03 -6.318158455764287529e-02 2.461819848997219284e-01 1.000000000000000000e+00 2.423968914791268248e-01 2.400345437727695597e-01 3.882111740463706773e-01 3.434369208162361131e-01 3.385063891871528674e-01 2.821773291190086685e-01 3.933091793822335314e-01 5.202107591394360409e-01 3.953543477061319811e-01 3.436439069710564009e-01 4.229408124194456442e-01 4.415107295468186366e-01 3.404856565101690991e-01 3.275813944580240888e-01 3.444607408051186814e-01 3.669665350476451482e-01 3.218007699401413957e-01 3.841749167172575086e-01 3.347908481043433415e-01 3.806700008206141406e-01 3.921364874872348416e-01 3.830921528695444556e-01 3.829485333813527070e-01 3.625659507133249249e-01 2.796757562491234972e-01 3.457227006976407724e-01 3.635000378245534791e-01 4.336099449469098532e-01 3.644065931392048707e-01 4.268900496225150887e-01 3.176345607708258023e-01 4.823313710548609023e-01 4.277399395000106574e-01 3.891393728130593810e-01 4.126074619013432865e-01 4.604814879841808706e-01 4.477055415608005573e-01 4.304461523058828454e-01 4.971551108329369528e-01 4.617044120243802841e-01 4.962490376659345337e-01 4.160318235168174450e-01 4.425560289094753741e-01 4.339270522618942638e-01 4.431526540978519280e-01 4.715952219341680851e-01 4.488290140703607434e-01 5.262089406646336398e-01 4.891535165928833639e-01 4.154908050829670407e-01 4.073512990618507468e-01 4.341893154673676647e-01 4.566034899724982221e-01 4.105001470898876903e-01 4.028312079657149769e-01 4.295772441548697529e-01 4.431531815997436508e-01 4.134876023124829381e-01 4.107422276932348737e-01 4.439991443285715711e-01 4.535089555397903149e-01 4.457661936193757501e-01 4.340804522164202761e-01 4.323371152966630215e-01 4.338631870530508250e-01 4.459776921531207750e-01 4.539717672622872735e-01 4.380933193928062130e-01 4.587927496718310905e-01 4.546466873114413110e-01 4.298818270698497312e-01 4.257056262658046597e-01 4.242046154492666865e-01 3.764036010587087921e-01 4.380878587556799042e-01 4.140836281782426243e-01 4.282287068953003484e-01 4.125466491065785668e-01 4.601009439257582878e-01 4.205209126635855443e-01 4.612748645517484314e-01 4.566441995980394242e-01 4.517598349514279077e-01 4.188854110807461728e-01 4.401879339110303380e-01 4.459350147248228313e-01 4.506134426202023646e-01 4.455652302725173208e-01 4.630654197857894117e-01 4.393136080096999851e-01 4.416936131904093399e-01 4.323726430218607919e-01 4.906315157739292721e-01 4.822534189841592989e-01 4.463913695562668482e-01 4.537559644807716563e-01 4.697871189188196350e-01 4.463446939997779417e-01 4.721267648969518227e-01 4.526707795916938282e-01 4.932394781238265691e-01 4.526503695361708268e-01 4.435326581338089880e-01 4.259638662057104175e-01 4.199613618475518950e-01 4.364262172641071302e-01 4.306933303442781469e-01 4.394697791491434247e-01 4.229854153419589924e-01 4.558135739538100029e-01 4.508790315418731987e-01 4.535117966190590488e-01
6.762015514633122615e-02 7.626939084511120959e-02 1.471059146037218823e-01 2.423968914791268248e-01 1.000000000000000000e+00 2.140531790307457771e-01 3.517754865438259548e-01 3.630313222716413657e-01 3.686167788906856702e-01 3.488692153556174902e-01 3.875301069554268896e-01 3.894324943486395241e-01 3.655784468668810683e-01 3.484257952949923465e-01 4.251975439594021244e-01 4.281703565599685457e-01 3.803681270180903073e-01 3.230653090634154068e-01 3.677927623548837843e-01 3.180820426546304702e-01 3.351533102814668874e-01 3.838070188217834189e-01 3.502233322580112773e-01 3.632160435683751687e-01 3.793853840134916444e-01 4.110131272564780391e-01 3.976173402675774460e-01 3.878911561650164597e-01 3.741740455479903860e-01 3.887819570407896053e-01 4.041239234759887999e-01 4.282130643898997557e-01 3.774900639160871374e-01 4.331186929191437329e-01 3.896371042504318538e-01 4.345906816681399665e-01 4.193266528314663066e-01 4.175580636705547022e-01 4.316113330986787733e-01 4.165148917088165592e-01 4.290257250758639507e-01 4.237367869930542263e-01 4.208806067701817977e-01 4.339305549537729734e-01 4.427231916321265337e-01 4.266269203537754739e-01 4.314861792492253323e-01 4.325064318123069684e-01 4.363943573969274459e-01 4.298832588063032922e-01 4.373540698972666063e-01 4.253423759477411581e-01 4.318114705335055481e-01 4.280578455956092210e-01 4.239194208542149123e-01 4.342793065730929380e-01 4.315350641446032420e-01 4.241654359032865917e-01 4.267933458818350956e-01 4.399172804361746736e-01 4.290844539936754520e-01 4.283993928753110914e-01 4.295552462876917610e-01 4.347368902008971192e-01 4.467974151296492669e-01 4.406704533215086705e-01 4.387026265233356370e-01 4.429195621308864572e-01 4.352380753229202481e-01 4.379573617976539324e-01 4.392349505443048918e-01 4.411887041181277169e-01 4.471459753546958571e-01 4.424683007389638156e-01 4.391558964011619270e-01 4.292375407200544890e-01 4.294566700799886116e-01 4.251236118891306148e-01 4.358713186115648064e-01 4.303579310194325380e-01 4.296513479527103718e-01 4.290075375683842784e-01 4.411451937315121197e-01 4.297402951314705510e-01 4.426362982448789896e-01 4.515790629693658409e-01 4.423849082361595020e-01 4.337621109283938958e-01 4.378867511041459881e-01 4.304907353213905385e-01 4.358461312492551420e-01 4.342000876645245588e-01 4.432144328158097446e-01 4.346096582339436520e-01 4.286484325919458493e-01 4.305574057502407070e-01 4.250527362979907298e-01 4.334182582839282705e-01 4.279686959311899130e-01 4.331265094974829366e-01 4.319873970206947189e-01 4.317603998676508570e-01 4.281892510654922712e-01 4.349087853225609424e-01 4.423557820360292103e-01 4.284482153408527005e-01 4.341365062480119219e-01 4.303234513159343577e-01 4.314097885453231918e-01 4.293361123785349176e-01 4.307841016247476174e-01 4.353639563624026598e-01 4.287205634405584220e-01 4.363167805885682649e-01 4.394808867349716541e-01 4.353712368652634668e-01
8.452995140932723084e-02 5.407335617483999268e-02 2.055064397093373518e-01 2.400345437727695597e-01 2.140531790307457771e-01 1.000000000000000000e+00 3.949760444772246193e-01 2.708429027072807305e-01 3.565167448628925873e-01 3.479569205150717104e-01 3.542764910972521220e-01 3.713891290382779209e-01 3.320341620304019803e-01 3.114612734436047470e-01 3.859231080409256665e-01 3.639291192120932550e-01 3.634969641057069767e-01 3.248225907604413987e-01 3.584279006891420427e-01 3.194611155186335982e-01 3.319936472884129075e-01 3.861515533361150054e-01 3.725032264786550251e-01 3.621776434289369351e-01 3.749142821055699848e-01 4.169520804723119700e-01 4.259498004998033549e-01 4.195580912022452424e-01 3.822534883842593767e-01 3.969829661288327705e-01 4.056045614087060991e-01 4.178982712197897298e-01 3.918283524870920798e-01 4.017421698064986280e-01 3.596714054261260229e-01 4.325808015605848156e-01 4.207489565763117279e-01 3.921718738994202647e-01 4.128012232379684732e-01 4.232651113057707137e-01 4.233847200914447328e-01 4.106206033722984983e-01 4.179819107823255497e-01 4.259164866370455105e-01 4.442042845023539410e-01 4.187820795441856703e-01 3.983903993993135328e-01 4.124927912028519272e-01 4.107284931831614583e-01 4.007528895530813040e-01 4.158592614839608514e-01 4.111024365629202815e-01 4.113604395857550777e-01 4.066038257471571438e-01 4.031825040948576744e-01 4.294897925244571812e-01 4.118169317514243644e-01 3.985285561199757853e-01 3.920448547504940540e-01 4.058338678800031407e-01 3.987934506433073456e-01 3.957986888229499955e-01 4.010313611821600954e-01 4.019994393523563248e-01 4.190732314064772868e-01 4.083899039095324479e-01 4.107951808137207950e-01 4.198640671957289405e-01 4.251869943261365470e-01 4.162157810593353213e-01 4.184563125883519197e-01 4.182906696928395118e-01 4.253225072060538015e-01 4.228429531345824777e-01 4.177234258036097714e-01 4.203295132928338562e-01 4.247565526490298948e-01 4.048930387947941578e-01 4.222212305679113875e-01 4.104598243269876878e-01 4.163551289293118685e-01 4.120697636156513965e-01 4.318764763241685345e-01 4.130007283288296138e-01 4.144696751588290984e-01 4.174202396046641783e-01 4.226962968725053726e-01 4.093157052136802698e-01 4.153464105367724590e-01 4.242074833986816951e-01 4.212408913302082558e-01 4.175338117498290647e-01 4.259316434034883803e-01 4.180542416459200883e-01 4.043950334407419023e-01 4.061322278976005062e-01 4.120242151207529901e-01 4.146842904099891647e-01 4.014461977469402365e-01 4.120599908043784398e-01 4.133916796107005576e-01 4.111886988235903262e-01 4.042859889802869477e-01 4.090163354178978916e-01 4.260639550746587179e-01 4.084483838707524961e-01 4.050387049580756460e-01 4.089941887882822535e-01 4.090956315891703388e-01 4.045481954816349535e-01 4.086864644769814814e-01 4.064611789240908379e-01 4.026861375406757815e-01 4.140559001889065893e-01 4.176554991568697806e-01 4.091928238993285949e-01
7.915515496461106304e-02 1.183899076020318575e-01 2.523094296615244203e-01 3.882111740463706773e-01 3.517754865438259548e-01 3.949760444772246193e-01 1.000000000000000000e+00 5.612879109593038596e-01 6.204910282305123870e-01 5.656634752391128673e-01 6.364181425547404958e-01 6.599646246033202823e-01 6.053893201278690572e-01 5.467101460570824578e-01 7.340313421005310035e-01 6.781933206967077910e-01 6.143077499541013120e-01 4.938859362960416610e-01 5.676411072675733305e-01 4.854631357213377574e-01 5.177847804846674729e-01 6.018004516711470409e-01 5.369167445682856421e-01 5.417788431273785621e-01 5.797221527725657797e-01 6.853640201748868455e-01 6.737497483692579392e-01 6.811066859534888884e-01 6.090567743273826995e-01 6.709375157807631052e-01 7.113126601104388103e-01 6.837006237887445215e-01 6.476776332267302205e-01 6.793674964560201257e-01 6.377905151853953125e-01 7.166462373259048224e-01 7.094374925027704393e-01 7.068798190039574658e-01 7.257830622895956596e-01 7.005256933298613653e-01 7.267144277231312177e-01 7.232256812133576185e-01 7.123962221232253977e-01 7.420206885755876725e-01 7.377300182863498756e-01 7.281860213858359909e-01 7.254741003803293342e-01 7.310341059196603375e-01 7.298209150704360049e-01 7.092920235354219782e-01 7.184563657401508152e-01 6.975825128326389457e-01 7.144679958623860738e-01 7.174409193395769879e-01 7.050202533766426471e-01 7.158679550560325122e-01 7.087241438116596015e-01 7.168275797487725365e-01 7.083832656113442372e-01 7.276201256095358172e-01 7.237101178954993275e-01 7.190031695407255175e-01 7.077943126376265992e-01 7.203669208437072369e-01 7.260563836605300470e-01 7.162174994475688505e-01 7.313993130331831738e-01 7.211441683086298182e-01 7.217303286824607866e-01 7.126269705500177798e-01 7.263100462446669958e-01 7.303001697938866776e-01 7.190301974509231142e-01 7.234200628953472156e-01 7.367497564844197599e-01 7.441683863579768854e-01 7.362562803554169033e-01 7.111674922733164372e-01 7.456693638573623772e-01 7.314472724139314819e-01 7.352273508368384336e-01 7.387492414731403612e-01 7.314920344378951222e-01 7.328927990752616140e-01 7.353722287556799797e-01 7.325434189850175137e-01 7.425790502056521802e-01 7.350466096561146800e-01 7.429939190507360847e-01 7.315872452948032345e-01 7.367412341287090660e-01 7.433308962150265709e-01 7.440813586972915283e-01 7.419530517239233403e-01 7.341917701526041728e-01 7.336187674199409203e-01 7.209428754519550120e-01 7.238273179865807316e-01 7.290832718336621721e-01 7.343470223096260074e-01 7.368509699262926205e-01 7.304701124233559106e-01 7.206221238177212829e-01 7.345637935294121457e-01 7.371831616648442109e-01 7.203886273871966672e-01 7.267692608834009915e-01 7.328906925014239127e-01 7.267252350180910536e-01 7.322532570741805413e-01 7.301024521018169011e-01 7.343075665143096176e-01 7.271568183703641663e-01 7.381634678781531234e-01 7.357679743589533583e-01 7.247910902881071760e-01
1.154649156600892797e-02 9.477040711920643734e-02 1.666345374338708829e-01 3.434369208162361131e-01 3.630313222716413657e-01 2.708429027072807305e-01 5.612879109593038596e-01 1.000000000000000000e+00 5.849300834691412154e-01 5.723686246806299893e-01 6.006989064290989555e-01 6.477995283822398642e-01 6.131314817651867255e-01 5.529250400700427281e-01 7.030161363594793489e-01 7.132611379812017205e-01 5.722594611568428968e-01 3.751613554015414964e-01 4.660778880982343608e-01 3.756643434994597630e-01 4.226568197832844542e-01 5.196907084132931232e-01 4.550524662230385209e-01 4.303776727218537324e-01 4.759189789767270251e-01 6.440997669141603765e-01 6.101035483835095530e-01 6.150323940644440990e-01 5.473236720154126544e-01 5.755387589895093470e-01 6.356459793501434419e-01 6.146709347520287192e-01 5.767916026717139211e-01 6.082482273249031346e-01 5.786172449746860291e-01 6.566074561516428432e-01 6.267982370726853381e-01 6.886327858868992458e-01 6.731992248205960205e-01 6.686482140702096899e-01 6.975670530292038540e-01 7.114269094017906525e-01 6.950027837605190495e-01 7.078499505549697979e-01 6.904161844341067944e-01 6.958182063666856765e-01 7.207646538885168486e-01 7.137796590709446498e-01 7.095016057783782859e-01 6.865751354751593594e-01 6.992589514933296169e-01 6.838484294064681723e-01 7.033830188683379836e-01 7.004074800173268889e-01 6.811031508159104408e-01 6.821240503732990401e-01 6.926056727209599639e-01 7.251582528575016839e-01 7.032960609998950563e-01 7.135433704178609782e-01 7.189497104664341887e-01 7.162473513479806764e-01 7.028809664556623371e-01 7.111749827035012128e-01 6.994269830627883877e-01 7.009985378250042087e-01 7.175051660388399588e-01 6.755483857377988510e-01 6.732893468187955976e-01 6.606322915958000586e-01 6.875267321401669074e-01 6.946292635420698858e-01 6.639401000476073955e-01 6.712869401464004460e-01 7.189355799662355828e-01 7.087645347770370474e-01 7.097697335300490185e-01 6.891923112565288001e-01 7.010541662999028034e-01 6.966682784443546383e-01 7.028007809568176389e-01 7.128302811960203211e-01 6.983823476841145572e-01 6.854407148597430055e-01 7.067267191171429097e-01 6.999339623833558122e-01 7.062941303344478783e-01 7.168253609079519029e-01 7.152450129103672394e-01 7.055364691125844967e-01 7.113433890996212483e-01 7.217033636489866844e-01 7.213888519540452293e-01 7.224036351334466310e-01 7.236003654171107025e-01 7.216145509437716932e-01 7.186480072837815314e-01 7.137734206492751809e-01 7.268673371206412215e-01 7.167143460479337147e-01 7.240147010155525420e-01 7.234087640787011386e-01 7.242031359816015756e-01 7.300136303100258628e-01 7.202159986985983142e-01 7.137474205263802940e-01 7.222657219541217533e-01 7.174081743233691189e-01 7.138989666956051527e-01 7.242330303019229865e-01 7.209756560880137277e-01 7.267598673501253215e-01 7.207872950023821446e-01 7.249909240275687061e-01 7.171103966211150871e-01 7.202693260560879551e-01
2.467253474252598666e-01 2.241637197655279856e-01 2.942557913729230146e-01 3.385063891871528674e-01 3.686167788906856702e-01 3.565167448628925873e-01 6.204910282305123870e-01 5.849300834691412154e-01 1.000000000000000000e+00 6.875204834552172128e-01 7.146599045558877927e-01 6.836819263104315647e-01 6.826206688879243867e-01 6.075423011209659663e-01 7.658800992848894262e-01 7.496982817089541395e-01 7.877366111034499463e-01 6.442284169686742779e-01 6.791741835913006620e-01 6.444697721897747478e-01 6.496165006105404371e-01 7.017532216993153105e-01 7.181078093160240261e-01 6.632619062421492018e-01 6.715735270045812833e-01 7.976472069287381395e-01 7.946604699632848767e-01 7.923516625405623293e-01 7.634655854141523257e-01 7.804262631285776575e-01 8.181671921568047789e-01 8.178799335125883641e-01 7.648609791864995344e-01 7.930773685823419017e-01 7.801432321934453906e-01 7.921829273502135615e-01 8.033558735948994611e-01 8.114820733190871715e-01 8.212635443250895229e-01 7.684765088421142698e-01 8.271430841130827938e-01 8.041418749656943366e-01 7.589674192772909445e-01 8.182375790962259643e-01 7.946332481021974870e-01 8.100046585443085867e-01 8.112663003991792410e-01 8.322266468543280116e-01 8.252538774050481862e-01 7.852247448564264598e-01 8.252756783712662525e-01 7.462187259131235484e-01 7.864606784659434746e-01 8.317909503111102776e-01 8.182084681390681125e-01 8.306306014226925161e-01 8.182488335414230818e-01 8.148285396507400913e-01 8.224106577214315150e-01 8.370199243007538925e-01 8.076712400998714569e-01 8.188769400429559697e-01 8.111078080572887705e-01 8.226138538239990972e-01 8.383353732131073599e-01 8.317986037723201775e-01 8.359644926707083812e-01 8.399678662300489318e-01 8.440514935545567754e-01 8.389442113363670961e-01 8.088784737088281496e-01 8.293111454759823920e-01 8.268400503416584169e-01 8.162484699341137073e-01 8.308883875379140527e-01 8.326601434463769547e-01 8.256298068557815784e-01 8.337238212307560570e-01 8.185680355090705351e-01 8.271411236662167266e-01 8.278937906828475191e-01 8.302222569394047680e-01 8.432602934862810651e-01 8.331264542596040767e-01 8.177159735422986353e-01 8.314947168713179293e-01 8.294344176891967901e-01 8.272519825725538345e-01 8.272863954042839474e-01 8.284091475813668559e-01 8.182160663851431037e-01 8.198060176297466972e-01 8.224743858272947072e-01 8.213855566648895490e-01 8.109056956312700182e-01 8.197501588190315713e-01 7.793516543599292579e-01 8.102504861072087339e-01 8.075485721813918660e-01 8.207459354751343028e-01 7.995231084494263119e-01 8.229684199195173022e-01 7.900460035417604665e-01 8.114143617935218877e-01 8.137827929582136521e-01 8.167458743294890855e-01 8.247333384367004916e-01 8.276230169858734831e-01 8.235985121453420765e-01 8.144501468667538768e-01 8.203324631703130532e-01 8.207452582696577181e-01 8.219610349225143775e-01 8.242369069317916352e-01 8.353001521368604854e-01 8.220572108803876343e-01
1.235001722537763247e-01 2.106619714496562323e-01 2.502105385601248178e-01 2.821773291190086685e-01 3.488692153556174902e-01 3.479569205150717104e-01 5.656634752391128673e-01 5.723686246806299893e-01 6.875204834552172128e-01 1.000000000000000000e+00 6.502940692319105764e-01 6.340558883709942473e-01 6.300037376726905780e-01 5.543996856219147729e-01 7.385204517643320088e-01 7.068760757538304906e-01 6.720335794351312009e-01 5.092908851332078601e-01 5.552635989661626192e-01 5.080384525810450747e-01 5.273203071397727371e-01 5.777229844744611320e-01 6.120486589106870490e-01 5.334564812748124885e-01 5.511284480981017975e-01 7.147204896894771009e-01 6.835366874257898795e-01 7.158525939184975373e-01 6.660902675272634132e-01 6.969999316518775689e-01 7.449370347342595400e-01 7.353251008764123409e-01 6.926670241786330173e-01 7.093922757756646602e-01 7.151993940694845175e-01 7.229149086930649615e-01 7.177057197082457041e-01 7.748966510834721655e-01 7.606582242451375153e-01 7.191235782738185645e-01 7.636671851202725403e-01 7.519975517963474188e-01 7.039372059244846103e-01 7.553733335752480516e-01 7.352825382864734971e-01 7.602396899544200393e-01 7.720350693454247626e-01 7.866036081828610138e-01 7.772429855881620719e-01 7.319364743615988100e-01 7.677918378338238758e-01 6.827155277595401417e-01 7.276398753113157980e-01 7.797233050230278906e-01 7.563236511323293554e-01 7.689741840715050847e-01 7.515023149003190461e-01 7.700380774697815900e-01 7.759427836852322846e-01 7.791547543345365145e-01 7.669807843459126584e-01 7.783962557237413815e-01 7.643279219351654108e-01 7.639072187895611377e-01 7.578057335576035003e-01 7.670003910982438056e-01 7.836768570941977652e-01 7.622233313898757467e-01 7.786463701357516642e-01 7.538967322365487389e-01 7.364200968658290991e-01 7.588465894205534967e-01 7.450484756825151988e-01 7.368644585650535594e-01 7.784652525442781190e-01 7.754896004756339778e-01 7.742603406629559037e-01 7.735844986012028190e-01 7.693930754876011635e-01 7.768622912665058555e-01 7.765679754468179929e-01 7.792629841873921492e-01 7.802424369282635608e-01 7.792516711720652856e-01 7.662849449159173654e-01 7.661388872747401102e-01 7.737484326825273540e-01 7.878402368519781263e-01 7.777726524427714949e-01 7.807326247808368258e-01 7.729578394927939522e-01 7.755203117464896101e-01 7.732400420730792812e-01 7.754604165993267406e-01 7.754430477646823139e-01 7.812623731601342492e-01 7.355688306475967053e-01 7.507263516208908527e-01 7.704928473509914388e-01 7.727496897249517271e-01 7.589609064894222712e-01 7.774972882902304594e-01 7.463613174009667839e-01 7.705968053472350698e-01 7.580346010813172608e-01 7.679190389596901589e-01 7.767839621249356119e-01 7.874590342076136507e-01 7.802368461653425014e-01 7.760180080888003928e-01 7.821278440380822206e-01 7.785865710842391207e-01 7.828855785685449042e-01 7.753485003838327394e-01 7.718303499404493007e-01 7.736593801423398142e-01
1.340127991244975669e-01 1.470123281738557330e-01 3.068860650418470115e-01 3.933091793822335314e-01 3.875301069554268896e-01 3.542764910972521220e-01 6.364181425547404958e-01 6.006989064290989555e-01 7.146599045558877927e-01 6.502940692319105764e-01 1.000000000000000000e+00 7.464913025465571561e-01 6.868484504600056439e-01 6.169586785536638196e-01 7.823734724998415713e-01 7.569502097291709308e-01 7.114666697983693666e-01 5.975091792025147841e-01 6.677729442793460812e-01 5.764635418938189870e-01 6.276391335581467112e-01 7.071616187712886914e-01 6.480995252211833035e-01 6.317987403277195435e-01 6.817868141766028067e-01 7.830214232991454804e-01 7.758318798666348215e-01 7.736458432657885576e-01 7.157897713721189659e-01 7.668775496040836082e-01 7.960278836749055120e-01 7.944261726569691318e-01 7.481381808997061844e-01 7.752823423772512434e-01 7.389500298321359795e-01 7.955298310539439255e-01 7.942881752856075783e-01 7.979593988343800515e-01 8.113869035694598608e-01 7.932646857938328022e-01 8.209789764871364692e-01 8.076890207292612978e-01 7.910699910232882326e-01 8.251034052022750975e-01 8.225172325075528201e-01 8.118830750278492880e-01 8.107652860485472512e-01 8.226093322485902304e-01 8.191496725647647859e-01 7.981152121893249074e-01 8.203375880342487214e-01 7.764406397557340744e-01 7.991881196332702997e-01 8.086717942574332962e-01 8.009000241604187220e-01 8.158576371856479659e-01 8.046874753897392818e-01 8.087577404801170600e-01 8.126768882340549283e-01 8.220990170094055749e-01 8.130957794158509833e-01 8.151868821612187066e-01 8.049061888426930489e-01 8.123943408305197567e-01 8.249972162452092750e-01 8.136463254039867365e-01 8.229108201883414964e-01 8.288913067143586222e-01 8.214170303445720300e-01 8.195684765191381116e-01 8.260627249234538949e-01 8.318971609111071031e-01 8.153641742321118269e-01 8.195628243462069751e-01 8.266208720832984858e-01 8.294301746660776020e-01 8.225339762103539565e-01 8.138200800294060899e-01 8.273440918394747712e-01 8.263785914531929233e-01 8.250181508552957288e-01 8.303964007154733817e-01 8.287154284106021951e-01 8.251834878130612783e-01 8.228242256177509262e-01 8.258115188193111411e-01 8.307223518570688858e-01 8.239401178517979929e-01 8.274626635412988263e-01 8.255036229667955805e-01 8.264857695973097940e-01 8.260962505997646588e-01 8.333064403239527351e-01 8.246461132849798314e-01 8.168886792551444120e-01 8.188327247971509681e-01 8.054607901031324291e-01 8.074860847237211869e-01 8.131911776391657076e-01 8.243482243380586549e-01 8.170046276763123227e-01 8.213467449447353630e-01 8.031290285941644624e-01 8.188322022666798539e-01 8.209737418023106414e-01 8.127157898323456031e-01 8.180641325803006403e-01 8.221541461054867606e-01 8.184342371799137039e-01 8.198277321674672935e-01 8.233215695770371712e-01 8.203056302232077934e-01 8.179292325659677232e-01 8.232702130868331247e-01 8.272797050819606923e-01 8.165828191806084879e-01
-3.515688517709066735e-02 6.653413027966266491e-02 2.468491559121651358e-01 5.202107591394360409e-01 3.894324943486395241e-01 3.713891290382779209e-01 6.599646246033202823e-01 6.477995283822398642e-01 6.836819263104315647e-01 6.340558883709942473e-01 7.464913025465571561e-01 1.000000000000000000e+00 7.330808784409603707e-01 6.643262880708054041e-01 8.284642632661929351e-01 8.171674410118136000e-01 6.700851842968307270e-01 4.827726636350169742e-01 5.654461169216797867e-01 4.986987603867081287e-01 5.241920039237281115e-01 6.262603404925655148e-01 5.691778221203418475e-01 5.607900275647491606e-01 5.992276204590775146e-01 7.485450894670494515e-01 7.311161917939047461e-01 7.179076693864343550e-01 6.044273483466389152e-01 6.953229175822190911e-01 7.392879535478211750e-01 7.487043841948767264e-01 6.845504515907421261e-01 7.415652458742048037e-01 6.721364272531271666e-01 8.089541675889982963e-01 7.700003565618643853e-01 7.937244340486523386e-01 7.947827074775979384e-01 8.051383298691668911e-01 8.405166671118394772e-01 8.385129971312226260e-01 8.464331335829957670e-01 8.491804821633275324e-01 8.491474441106287019e-01 8.217147084447644634e-01 8.631597038246346942e-01 8.505334969786253474e-01 8.490827021477193037e-01 8.276917670630922208e-01 8.370218723372654379e-01 8.476031937485726253e-01 8.579990874191805172e-01 8.251325429412816881e-01 8.022295291405359130e-01 8.165947339624023416e-01 8.248249721977641835e-01 8.456175855958656395e-01 8.291178731720589834e-01 8.505214042887303538e-01 8.561065023118713535e-01 8.433869498511165075e-01 8.231693844165988150e-01 8.411602160975162334e-01 8.386759308225155696e-01 8.360725334387597574e-01 8.521746271080989921e-01 8.132234564168634439e-01 8.132477908185719029e-01 8.060131821154438159e-01 8.288487170259709602e-01 8.317156606403288688e-01 8.156435143355641459e-01 8.208042875575712882e-01 8.495139920476370010e-01 8.411373543069989855e-01 8.334597886393324551e-01 7.935175279424148131e-01 8.411152922082274497e-01 8.293310209169496572e-01 8.374734743324878661e-01 8.381787109738182417e-01 8.382003043487028515e-01 8.216873209065373995e-01 8.479550971388573055e-01 8.407523527225250204e-01 8.533695306500229671e-01 8.391475322339524423e-01 8.509297844114205311e-01 8.419417029696305566e-01 8.514340374296965885e-01 8.618940368684195885e-01 8.665697943145334037e-01 8.567515370841437550e-01 8.669106777068464886e-01 8.613599308556959544e-01 8.684576182217219609e-01 8.565171340876098771e-01 8.653899638428164121e-01 8.580128088987337698e-01 8.737539935058188378e-01 8.579197046922846237e-01 8.744142580868023984e-01 8.708018488569574389e-01 8.731935838038706876e-01 8.473694468401201663e-01 8.565640743936846491e-01 8.496968191761690159e-01 8.406853008814757500e-01 8.641751426814117121e-01 8.545992153293304749e-01 8.651927705969800764e-01 8.516356221577735530e-01 8.642146927238344434e-01 8.562353401491350491e-01 8.599298802238836137e-01
-6.823590403663325893e-03 1.061278635016769251e-01 2.000130530840224241e-01 3.953543477061319811e-01 3.655784468668810683e-01 3.320341620304019803e-01 6.053893201278690572e-01 6.131314817651867255e-01 6.826206688879243867e-01 6.300037376726905780e-01 6.868484504600056439e-01 7.330808784409603707e-01 1.000000000000000000e+00 6.308847787161913079e-01 7.949194925963837255e-01 7.853271476941868778e-01 6.476971235379622716e-01 4.659368207869640233e-01 5.374997281898433732e-01 4.844076254562272865e-01 5.005031800213863846e-01 5.834149784934824501e-01 5.445005138037929404e-01 5.294617278470727939e-01 5.507307831552631372e-01 7.142893755434450709e-01 7.019069388107525009e-01 7.009477250024437334e-01 6.211968664851472699e-01 6.734456067808749502e-01 7.309949173878989015e-01 7.235222284345952382e-01 6.617154662837869683e-01 7.255827713457074779e-01 6.760263291055359502e-01 7.560680574741714954e-01 7.311676920175765870e-01 7.787665042600321330e-01 7.700315970178792657e-01 7.500406362177083341e-01 8.044689076604386591e-01 8.057003017944968093e-01 7.916532189346973114e-01 8.042510747166442542e-01 7.866117684984745839e-01 7.961604505063456516e-01 8.342654095542123560e-01 8.216693199487853372e-01 8.217911957968402348e-01 7.914545358416668064e-01 8.023167565768717369e-01 7.754155466556257315e-01 8.105590252111911642e-01 8.091828540880325882e-01 7.834808009701844655e-01 7.789053229880831264e-01 7.932641141158871534e-01 8.191308350961019613e-01 8.059791254885459999e-01 8.259870275307077403e-01 8.259742748871750084e-01 8.204849961230183952e-01 7.988845580789973866e-01 8.127030812684380434e-01 7.984066530194303679e-01 8.141080148831545404e-01 8.233112977361269902e-01 7.851628506973893362e-01 7.855214951720973504e-01 7.766899816114647415e-01 7.870658709455438107e-01 7.972175197485720233e-01 7.843279142688769356e-01 7.823527770035247908e-01 8.195886748616312278e-01 8.133762049708048725e-01 8.142109021093228982e-01 7.862298271653209714e-01 8.044619788802133131e-01 8.070640676726216212e-01 8.101781731695739674e-01 8.143585714958208044e-01 8.007530611339808146e-01 8.005961363106209872e-01 8.199252674179567935e-01 8.169129858323687099e-01 8.170500478153482904e-01 8.174974235711284232e-01 8.213234845362225034e-01 8.073848450528101628e-01 8.138379937420489041e-01 8.294381341680481246e-01 8.238939727105654143e-01 8.266800253781094732e-01 8.343844619545193186e-01 8.330024105127312728e-01 8.172703197598342184e-01 8.203984713813238239e-01 8.326792795137534231e-01 8.233533091564418926e-01 8.289694047891548179e-01 8.240333888212345581e-01 8.307470460054696693e-01 8.350507692865416498e-01 8.258817902838468950e-01 8.172444274955317223e-01 8.321415583037640173e-01 8.262351644557811570e-01 8.186986297537197643e-01 8.329242116840288590e-01 8.247862613738956572e-01 8.345378801778606803e-01 8.266529141652293466e-01 8.297538587251552800e-01 8.188322417617904803e-01 8.281486191529026097e-01
