1.000000000000000000e+00 1.146852292086186914e-01 1.072202677099452633e-01 8.511096551296290502e-02 1.698282161272146942e-02 5.279275515969723137e-02 7.687021819237213616e-02 5.533225090849782507e-02 1.103887498891981539e-01 4.865261946657951225e-02 5.321286558659794191e-02 2.072824190137123948e-02 1.730910965846538599e-02 1.353618609719849444e-02 3.791892217545316662e-02 2.739328441293399641e-02 8.587802548541211001e-02 7.693597179122296792e-02 7.836871357404427696e-02 4.537624855883168329e-02 4.942129933279871407e-02 7.844801484294118554e-02 7.405881153640850312e-02 9.585604168795751334e-02 8.664307965197641515e-02 5.368003449803750854e-02 7.672657430573623372e-02 5.317519401859884670e-02 7.751081034689728810e-02 6.372318936779179654e-02 3.917986251824984167e-02 2.637001067716561800e-02 -1.564530296604079362e-03 5.044687161841151374e-02 3.454668660103508981e-02 7.289441378811686856e-02 4.539227490213490479e-02 -1.840561786847419792e-02 2.462923149673384646e-02 -7.481034907938636722e-03 2.475838357442628965e-02 1.463189866770465801e-02 -8.433917300435794383e-05 1.106066803685245258e-02 3.402252636554744386e-02 8.717975912723789980e-03 1.145824850690729813e-03 1.438559781401494049e-02 9.373673109270317522e-03 1.972591618241534631e-02 -9.519635732804038186e-03 6.471399646962426588e-02 4.027418196729847660e-02 1.981794658889377350e-02 -3.612267585571432224e-03 2.288907440005606350e-02 2.562978567186314019e-02 4.180840937219224875e-03 -1.462672119672950126e-02 2.144508485192319833e-02 7.865051842226926729e-03 -5.643887692968550373e-04 -1.229294464207297474e-02 2.478021030122082302e-02 6.525051002911406994e-02 6.178891601947630874e-02 2.346527320988125997e-02 2.485385633335609329e-02 1.458995413096529289e-02 1.338506535012397997e-02 2.984048388618706221e-02 3.107374716763562292e-02 3.122965911467423528e-02 3.759067711414065122e-02 2.243382994755803786e-02 1.688574935778425212e-02 1.849812781191974981e-02 2.601254470071419703e-02 2.424996578005806855e-02 1.309887656997393672e-02 1.601184076783274818e-02 1.892957839671697423e-02 4.227447997047483613e-02 -3.341560929722410967e-03 1.845627296314926447e-02 2.147223877333408193e-02 1.957238347422150457e-02 -2.711357077594964281e-05 1.212450547116999434e-02 1.798012825869128514e-02 7.681422969517710288e-03 6.499727709596563215e-03 1.364088445517343609e-02 7.130893369946262987e-03 7.623121008503238108e-03 1.381599740488474032e-02 2.364034562398040912e-02 5.529131819613423288e-02 1.121790432141471852e-02 6.992029246099573311e-03 9.243647425672843129e-03 9.603761476645836237e-03 2.600333900874709711e-02 1.147500744166490144e-02 4.993070766856239767e-02 4.784083546816110533e-02 3.556182521863881368e-02 1.413354270889907727e-02 9.972209800668966131e-03 9.093123043298461869e-03 2.089580139520250991e-03 1.962004329925222043e-02 1.233732591882455432e-02 3.161805602653129654e-02 4.548656809483780927e-02 4.117824261836989380e-02
1.146852292086186914e-01 1.000000000000000000e+00 8.288299234177574915e-02 8.228839530326881313e-02 2.887569232421175261e-02 8.613223147750850850e-02 1.505541331625160351e-01 1.287225878895781883e-01 1.347474261886235924e-01 2.006468103101860245e-01 1.419292656452777190e-01 1.459860626500933400e-01 1.209755951251235834e-01 1.178801540363400568e-01 1.597690207609978874e-01 1.391049744047746506e-01 1.113973833575341160e-01 1.339263511027324605e-01 1.204497794760385487e-01 1.342948139475519109e-01 1.230083025523756729e-01 1.069382982728474540e-01 1.750798290315804806e-01 1.214563063676626087e-01 1.071134448347782625e-01 1.605794448825461906e-01 1.675052625153366781e-01 1.593190151088060003e-01 1.878569929223609936e-01 1.562215070925897231e-01 1.483569360010551508e-01 1.697464562620188966e-01 1.634928896505106755e-01 1.510927050067348842e-01 1.586747933635518915e-01 1.101947562741997649e-01 1.442682503370806002e-01 1.729546592155425111e-01 1.497264297269081945e-01 1.552578827600253064e-01 1.596662964935621210e-01 1.463868950274355984e-01 1.173998882247792863e-01 1.367771003137512320e-01 1.416260496745854747e-01 1.493694493004781576e-01 1.335955815520454004e-01 1.518534389744666535e-01 1.378837741666703309e-01 9.942327983648606426e-02 1.238020521637048649e-01 7.668063494795313018e-02 1.145603794575148771e-01 1.579554598358646478e-01 1.544005048423029158e-01 1.702764935368785426e-01 1.227168450701780905e-01 1.309880553915327150e-01 1.532508167027410717e-01 1.414276278009682086e-01 1.155592685885600129e-01 1.399533533692249310e-01 1.317711536500676961e-01 1.239657536693298395e-01 1.185820996909314751e-01 1.340937308253816462e-01 1.422407025029324978e-01 1.381996080303602714e-01 1.477218845928500168e-01 1.413117464694953196e-01 1.325706667989139109e-01 1.390290268695737186e-01 1.407425882707148135e-01 1.312365136563925228e-01 1.474370970078126564e-01 1.474666926472266160e-01 1.475864175217931895e-01 1.553667769909730378e-01 1.520361950350263003e-01 1.466807790982972148e-01 1.485234307135270826e-01 1.429540371118977471e-01 1.566894107952842563e-01 1.484902468241835749e-01 1.451342672115346344e-01 1.454873145506364873e-01 1.390010612448056571e-01 1.455803067774068260e-01 1.463427418195073493e-01 1.536104933686687768e-01 1.495383664327772644e-01 1.378238075812890928e-01 1.344998162273410847e-01 1.474278288045992036e-01 1.381962315905456151e-01 1.463578638656596320e-01 1.120554779123682093e-01 1.086795927741614071e-01 1.250274147334932140e-01 1.306829584899595054e-01 1.213902907530575587e-01 1.244606491033242862e-01 1.272187087494487390e-01 1.294211115101361886e-01 1.221213876798446646e-01 1.275317791202877638e-01 1.380067183083812377e-01 1.473964167114434065e-01 1.488392621675861116e-01 1.356063012742379226e-01 1.465155060718341395e-01 1.411561523440105770e-01 1.372988718420884713e-01 1.226073761366640036e-01 1.340787179220799819e-01 1.302026062471365320e-01
1.072202677099452633e-01 8.288299234177574915e-02 1.000000000000000000e+00 3.466494793682622366e-01 2.266168885326559357e-01 2.733444612954863961e-01 3.780508861533758980e-01 3.376846867955374254e-01 3.664634284198490244e-01 2.812503507596589292e-01 3.847919206889465760e-01 3.910586777510272061e-01 3.420902229398656291e-01 2.746616400876459863e-01 3.896674185107398269e-01 3.837917874098181747e-01 3.721828980318493407e-01 3.827780806417730997e-01 4.109471590004862285e-01 3.107948441543413320e-01 3.995844075804667606e-01 4.199466136501320834e-01 4.257143230630229258e-01 3.948640400834629305e-01 4.227939931177623900e-01 4.093508111794603721e-01 4.030666645283053073e-01 4.049331387534207405e-01 3.995109726666897232e-01 3.824924218457532166e-01 3.989936154355641085e-01 4.063314511244635052e-01 3.841607574276222903e-01 4.052987628046363922e-01 3.762233723331088187e-01 4.287741563367511444e-01 4.014789209266447223e-01 3.976442881364083970e-01 4.238070572756190701e-01 4.244860580941489658e-01 3.939070410953833257e-01 4.079343880741926887e-01 3.963507481915529707e-01 4.128113641180078397e-01 4.271884790577215596e-01 4.008165487223485091e-01 3.797100604357037668e-01 3.756771229096891318e-01 3.860883417748379176e-01 4.073601055483624944e-01 4.099197018626853373e-01 3.973535247646503565e-01 3.938405076021972429e-01 3.675078851335242258e-01 3.742023894048120414e-01 4.257080331652109972e-01 3.883773653777846113e-01 3.775192985714976301e-01 3.718707038445890345e-01 3.731221463247623715e-01 3.833349813146114116e-01 3.729539789341589362e-01 3.815850713885365897e-01 3.931187560611968945e-01 3.865851873138053674e-01 3.777619803052979508e-01 3.866851013628725409e-01 4.011245433746944977e-01 3.901405291974786027e-01 3.876486424479190784e-01 4.118970090681218776e-01 4.084448505647728100e-01 3.968483789275373819e-01 4.097338865979517353e-01 3.992162459496734761e-01 3.986054058025629843e-01 4.016771552944882195e-01 3.952298084158548108e-01 3.946350653153701260e-01 3.930456415631210509e-01 4.004396168880302587e-01 3.965348014152272893e-01 4.235165545248293362e-01 3.906659679786682604e-01 4.105263678229518209e-01 4.047975870410520094e-01 4.151678448434255042e-01 4.017247612021699887e-01 4.035316427943294038e-01 4.059827336067864945e-01 4.178341085294355883e-01 3.975389586552843246e-01 4.019356324624719368e-01 3.985705475462636427e-01 3.799853678235195487e-01 3.812259964357310738e-01 3.989451549630403382e-01 3.830976602077538762e-01 3.839233958902597554e-01 3.945653746088326197e-01 3.992934641301593701e-01 3.850633904669382157e-01 3.876487703395831153e-01 3.901567816226232388e-01 4.041780121551494243e-01 3.751949216531644815e-01 3.856121277214644705e-01 3.811595419469749890e-01 3.852298193562416762e-01 3.830652005398530457e-01 3.802423068175567189e-01 3.816924080929809393e-01 3.801517441758257010e-01 3.902971550512839838e-01 3.917011695817317340e-01 3.775766759395463024e-01
8.511096551296290502e-02 8.228839530326881313e-02 3.466494793682622366e-01 1.000000000000000000e+00 3.502627756792076608e-01 3.904064529974145548e-01 5.703922004512764765e-01 5.511809102290857743e-01 5.749877631119203469e-01 4.791872707851950186e-01 5.814931571860001425e-01 6.174357316285996600e-01 5.257743578444901145e-01 4.780900692612233827e-01 6.047458835249091003e-01 6.106122056534576403e-01 5.739326056030364942e-01 5.709708345276733876e-01 6.116237576652532315e-01 5.037050486513094949e-01 6.185367146090309243e-01 6.365837225467814164e-01 5.658280778918357568e-01 5.720717321568209446e-01 6.054809809510245389e-01 6.282173528751332503e-01 6.130000673040589820e-01 6.255574811488303633e-01 5.925752582462314733e-01 6.118022318328367737e-01 6.156276847492020421e-01 5.991555091290197144e-01 5.597536412894412727e-01 5.927761319376906313e-01 5.784004202909063252e-01 5.896415196459154906e-01 6.004549157824869976e-01 6.035921345737630395e-01 6.276004285737809552e-01 5.975357140378398935e-01 6.100738708601514126e-01 6.253937427296023532e-01 6.108088461257414892e-01 6.344410914143258085e-01 6.253196473926645460e-01 6.256906879225320184e-01 6.098996732335514315e-01 6.038186530610392122e-01 6.122604734842295171e-01 6.219515291333385099e-01 6.266443638307139796e-01 6.009708758562584130e-01 6.143810130114215617e-01 6.029361505440530289e-01 6.105831328481393649e-01 6.311314141911544828e-01 6.114954162448608121e-01 6.054483868003868174e-01 5.928522071357084089e-01 6.049281426824285601e-01 6.190471401112276340e-01 6.006162849333359643e-01 6.079075587124140867e-01 6.204664805960516949e-01 6.130437373750641239e-01 6.124472215735121683e-01 6.129077788802020921e-01 6.252697655639233298e-01 6.135145216839287263e-01 6.164016803251111121e-01 6.381789724516975237e-01 6.314468991664980990e-01 6.194297231321386210e-01 6.333866149911989707e-01 6.280088983772480482e-01 6.319741964042325799e-01 6.300429505132703056e-01 6.148787981372945133e-01 6.239247029368217845e-01 6.247436783462202436e-01 6.263395093322831064e-01 6.223158400903340270e-01 6.357132562793512687e-01 6.124656520198288323e-01 6.328832922357070512e-01 6.258582389488512865e-01 6.299059873899247597e-01 6.235227630445218105e-01 6.265738812221605114e-01 6.284053811674636947e-01 6.335107350032948004e-01 6.237058725454566188e-01 6.271559660912128242e-01 6.267209147719811080e-01 6.095725564839935551e-01 6.078994575149839763e-01 6.284655955515363601e-01 6.216740028432714560e-01 6.164478400142260339e-01 6.193804907181609254e-01 6.257317514508060619e-01 6.188726636079527887e-01 6.194013466395813516e-01 6.205714768273150606e-01 6.364060623710982023e-01 6.151792893402860951e-01 6.215283170278458336e-01 6.113442953235280752e-01 6.151482789113765781e-01 6.103225839973310807e-01 6.075316703011929276e-01 6.101784022318461620e-01 6.091069150082486505e-01 6.232201700359442098e-01 6.186864563361671454e-01 6.135981959259716456e-01
1.698282161272146942e-02 2.887569232421175261e-02 2.266168885326559357e-01 3.502627756792076608e-01 1.000000000000000000e+00 2.995794008234345940e-01 4.517889681849180383e-01 4.495756279721783710e-01 4.582799878588194042e-01 3.895988580295891013e-01 4.826544228191653740e-01 4.984539835178334322e-01 4.728183077669212975e-01 3.933788738037152233e-01 5.055487101370944591e-01 4.976926773097945511e-01 4.470820539083029121e-01 4.668334288891048400e-01 4.853237868261505161e-01 4.354723926970021641e-01 4.747771428887392342e-01 4.713892052367290031e-01 4.359161787246210729e-01 4.667154424716107863e-01 4.917002321357449302e-01 5.029696494265573081e-01 4.683107331880412283e-01 4.854699637915224075e-01 4.546463381833710793e-01 4.899610181929386354e-01 5.043376289844034854e-01 4.832062442134543723e-01 4.072229232110614050e-01 4.518507127690410408e-01 4.356165922070153740e-01 4.570635920388783080e-01 4.792543585707959575e-01 4.571573220440586782e-01 4.866921560718776019e-01 4.569822071754234272e-01 4.912832327513293462e-01 4.949157001940169276e-01 5.086013982471834227e-01 5.091387423920991084e-01 5.044107015698364727e-01 5.058331663618759189e-01 4.981265579442636926e-01 4.980379085985001675e-01 4.954203979162485338e-01 4.752199210047004518e-01 4.837426652524438597e-01 5.035787976535325283e-01 5.192701441656083494e-01 4.910695957633721132e-01 4.856776387428643482e-01 5.000152798677446331e-01 4.861036731395644850e-01 5.012974652498846106e-01 4.828936578456505813e-01 5.063109693875013084e-01 5.101583682534588382e-01 4.946744436394610589e-01 4.874477470689405623e-01 5.013316370630918062e-01 5.026823283224254313e-01 5.088232269410599695e-01 5.042462476297230323e-01 5.229743465039424777e-01 5.094188080581455447e-01 5.169210858526940289e-01 5.146664994264233961e-01 5.173509105870874869e-01 5.187877713751900544e-01 5.185342566902791939e-01 5.124771989712979536e-01 5.000386723554266499e-01 5.080758139166773324e-01 5.004096541792366626e-01 5.141545262874346323e-01 5.066161469950742902e-01 5.092853762036568810e-01 5.109739367909009733e-01 5.036498859576485909e-01 4.940711974047384270e-01 4.974128314576122811e-01 5.073751571156138729e-01 5.061487022768357269e-01 4.999670997138344064e-01 5.090748794028187030e-01 5.094073605443316666e-01 5.085959100144856748e-01 5.074547749007854991e-01 5.156773659222917416e-01 5.126262545622704003e-01 5.043359889081066028e-01 5.018198193892651204e-01 5.085729510838109535e-01 5.064810687284327928e-01 5.056834287664850880e-01 5.025372462023586229e-01 5.205854517613359711e-01 5.020387450221257541e-01 5.202507641649548598e-01 5.100002425108102200e-01 5.216332019106973972e-01 5.031789904910455302e-01 5.051770757675715373e-01 5.054199738560902766e-01 5.038628188532097152e-01 5.046549561290415431e-01 4.990211427661418453e-01 5.096168532754438152e-01 5.046978629165668195e-01 5.130719027606879257e-01 5.104452909914495295e-01 5.114355815322136900e-01
5.279275515969723137e-02 8.613223147750850850e-02 2.733444612954863961e-01 3.904064529974145548e-01 2.995794008234345940e-01 1.000000000000000000e+00 5.183706039495333817e-01 4.581820641291390883e-01 4.939685984414439734e-01 4.313750479207513755e-01 5.132329759880164266e-01 5.314240498643876265e-01 4.806873553521464060e-01 4.285927539864002322e-01 5.505690972192831545e-01 5.421961242413844140e-01 4.864148769835742181e-01 5.279264615217437173e-01 5.462173695734261480e-01 4.893764760861422647e-01 5.344635534365945739e-01 5.315955257829182434e-01 5.039414085345563787e-01 5.314999045401608280e-01 5.416602902913137951e-01 5.569080800443664270e-01 5.396039971414743341e-01 5.421366481408244065e-01 5.162751074215696789e-01 5.418748136324588183e-01 5.600360611659522814e-01 5.496670471124499580e-01 4.924929477857731830e-01 5.228488321882013290e-01 5.087048735524566379e-01 5.100135000851815370e-01 5.355706061719539557e-01 5.353127538225351811e-01 5.506334281095730532e-01 5.328367969366976098e-01 5.555932707225094136e-01 5.580351983409682637e-01 5.541893270989232123e-01 5.615856704792561160e-01 5.621354011188443023e-01 5.600930371515421280e-01 5.488456764452934733e-01 5.430345185485905279e-01 5.415853719927162802e-01 5.188864599740004024e-01 5.391704725869930215e-01 5.255207562111168240e-01 5.475583347007849655e-01 5.348643952193086193e-01 5.411056487131702397e-01 5.640272274600841573e-01 5.252633403526898448e-01 5.466514288140520428e-01 5.447025476800877453e-01 5.457240385615885758e-01 5.483429158874241205e-01 5.430783718657770098e-01 5.373465747035606199e-01 5.402760655695829639e-01 5.369816941408110944e-01 5.404135306490295276e-01 5.509901291742863583e-01 5.713834578308609746e-01 5.628405130389909639e-01 5.670972643100971045e-01 5.706354147356332840e-01 5.686369158457640349e-01 5.722304577941950132e-01 5.777290462380634262e-01 5.632862457157175040e-01 5.574787258630025111e-01 5.650339458934252601e-01 5.528708591642096382e-01 5.665907686541176158e-01 5.594694638305597323e-01 5.639485764040550464e-01 5.641925681152645256e-01 5.575227414402014192e-01 5.501855032161518944e-01 5.553420072774430949e-01 5.635090326900837887e-01 5.640069845625192979e-01 5.548692852158668698e-01 5.630849412312834978e-01 5.619609775174744248e-01 5.658988527266376467e-01 5.571183457687438612e-01 5.645912265048295131e-01 5.643434483580940242e-01 5.481120518721105395e-01 5.479028164027286429e-01 5.451661001197225520e-01 5.341128410071763755e-01 5.446755628560663309e-01 5.483826311328440228e-01 5.631716257521288682e-01 5.432526371898778184e-01 5.549381800061431447e-01 5.537242660939385441e-01 5.579132732565721398e-01 5.343083301377232752e-01 5.459270240488283132e-01 5.496657405734034496e-01 5.527377611887392961e-01 5.484252760520175185e-01 5.481716326113554860e-01 5.491325214979123626e-01 5.466461932963350145e-01 5.497533338830377092e-01 5.493463753770413405e-01 5.427465742310060293e-01
7.687021819237213616e-02 1.505541331625160351e-01 3.780508861533758980e-01 5.703922004512764765e-01 4.517889681849180383e-01 5.183706039495333817e-01 1.000000000000000000e+00 7.005130284346311464e-01 7.015950424377160877e-01 6.219781826090997612e-01 7.265064991022878171e-01 7.555174749385343835e-01 6.863493525042206889e-01 5.931910092075187713e-01 8.108544717278804992e-01 7.755621684236440050e-01 6.943608930792893874e-01 7.719397499068393342e-01 7.801695899151396274e-01 7.008263212136200959e-01 7.548943607156569646e-01 7.791276560162816445e-01 7.654603615575112929e-01 7.740309994355171197e-01 7.778770336836361432e-01 8.011222661347047191e-01 7.801436316778186386e-01 8.117941101894685652e-01 7.505141075907817427e-01 7.828895292863855548e-01 7.884739827988771488e-01 7.925894727767555104e-01 7.294875046758297898e-01 7.830500605580794637e-01 7.502803960640348491e-01 7.367803244124150330e-01 7.685410136152172056e-01 7.829866179839182205e-01 7.989908256520046326e-01 7.797971809310546565e-01 7.780883661532898010e-01 7.903150928271813758e-01 7.919926207428424902e-01 7.989530802716391378e-01 7.995571091522366558e-01 8.025446189694419585e-01 7.583443449634210687e-01 7.621572501513315112e-01 7.652133749167685517e-01 7.670336701141134972e-01 7.779604542086672181e-01 7.474897087117431393e-01 7.677425920351205191e-01 7.549634579221572439e-01 7.664028310846622283e-01 8.129722559244546565e-01 7.508973210859215541e-01 7.662689144194035906e-01 7.526974347172782354e-01 7.569421238168455579e-01 7.708144311023428230e-01 7.542125770552010611e-01 7.575073919041432902e-01 7.628584026914631000e-01 7.465407715861338556e-01 7.537116819623749242e-01 7.705707074125607292e-01 8.024780748461638469e-01 7.932765354133747282e-01 7.963783719488628510e-01 7.980633209670601191e-01 7.976479831870079140e-01 8.099415573953824277e-01 8.129966679757957282e-01 7.908297799878796219e-01 7.861013521340373122e-01 7.993071520595064205e-01 7.737167549946549761e-01 7.951069423832078931e-01 7.824959757699558871e-01 7.895589637491452484e-01 7.842467690506952360e-01 8.015697031994568622e-01 7.779078709561539906e-01 7.976286902559877046e-01 8.034549411876905634e-01 7.928278849110647064e-01 7.884299391008743330e-01 7.919347481410817791e-01 7.997756187362815572e-01 8.097045861737607320e-01 7.843065788486325296e-01 7.914842490558678945e-01 7.955405798734072054e-01 7.633638323870816089e-01 7.617730720055629901e-01 7.781636929561445148e-01 7.522803441873904262e-01 7.663059489736903096e-01 7.725530264190129115e-01 7.911879559041967713e-01 7.621836194068627446e-01 7.721767773716865513e-01 7.745175261679163592e-01 7.874136626861646393e-01 7.486467303721984212e-01 7.672970502361753375e-01 7.664398754792438595e-01 7.779461677576802181e-01 7.661742016808834599e-01 7.627822901939942390e-01 7.623727744192836386e-01 7.600245302900177080e-01 7.682689809304399375e-01 7.631017766691926552e-01 7.538541279774518822e-01
5.533225090849782507e-02 1.287225878895781883e-01 3.376846867955374254e-01 5.511809102290857743e-01 4.495756279721783710e-01 4.581820641291390883e-01 7.005130284346311464e-01 1.000000000000000000e+00 6.734908138260488064e-01 5.973288043794530155e-01 7.182891157851233332e-01 7.505256407366575067e-01 6.629906215291511140e-01 5.658257120332885748e-01 7.555291867575520959e-01 7.651246994317165706e-01 6.746948807223653866e-01 7.294558829929104204e-01 7.395816062875077979e-01 6.718511886070176464e-01 7.219263704225227229e-01 7.419638848800911290e-01 6.880501711237221318e-01 7.220534819274464500e-01 7.312318690334934645e-01 7.610771245426716236e-01 7.362527154864695333e-01 7.498301180182506132e-01 7.234632461694978645e-01 7.347180992988728843e-01 7.515563963005442716e-01 7.615015851157149740e-01 6.875572686314658233e-01 7.516373995546288267e-01 7.076455775010610516e-01 7.007726914158047826e-01 7.215991756069018992e-01 7.683508746742714335e-01 7.733085879074402813e-01 7.429748120360016861e-01 7.515967833120016373e-01 7.667242808365619666e-01 7.643371543569015270e-01 7.753125076601595778e-01 7.603048069426185940e-01 7.722301433187741537e-01 7.461686138087145759e-01 7.445865675325125110e-01 7.529970968395478526e-01 7.643329013905367786e-01 7.730666061886090068e-01 7.275647090452113108e-01 7.506230160127431716e-01 7.372763605394062614e-01 7.494971098851492819e-01 7.822260639673337401e-01 7.429905105084848582e-01 7.569060563174926370e-01 7.433921669103810137e-01 7.366392585672407733e-01 7.623918788692201076e-01 7.451044368836162723e-01 7.535473559387373399e-01 7.492996058738882192e-01 7.256240121968262624e-01 7.304092581160187558e-01 7.547960309278354263e-01 7.762301892594033470e-01 7.685601608687125941e-01 7.713246106085287490e-01 7.739645142632259889e-01 7.732592048494960624e-01 7.768057742461578208e-01 7.799184572697052120e-01 7.666447208511932843e-01 7.624155220262914812e-01 7.635662224367605333e-01 7.571536014581444762e-01 7.676659119482427407e-01 7.612996194028713859e-01 7.631893606053665735e-01 7.617553475700239440e-01 7.710308040193176726e-01 7.550134047085387268e-01 7.847985756127854318e-01 7.806383553937734643e-01 7.647822178457910347e-01 7.728095324395491961e-01 7.714251066589751238e-01 7.754371130351030983e-01 7.735643977563627649e-01 7.632715864666789196e-01 7.681596285245867461e-01 7.716583603729094687e-01 7.520403695725917936e-01 7.484317225849775879e-01 7.751122481026758715e-01 7.489198633070121014e-01 7.567567651211903890e-01 7.618934280079713295e-01 7.722528007361333380e-01 7.588600535138376735e-01 7.568003484350933618e-01 7.620574545324584337e-01 7.685346103777065396e-01 7.408777702412512323e-01 7.564757897014360299e-01 7.494312913361028672e-01 7.620056716536379726e-01 7.534116489693255536e-01 7.542549665595859043e-01 7.447837229135477743e-01 7.500821097372651902e-01 7.555418034017806761e-01 7.444765044115598807e-01 7.371665919294715374e-01
1.103887498891981539e-01 1.347474261886235924e-01 3.664634284198490244e-01 5.749877631119203469e-01 4.582799878588194042e-01 4.939685984414439734e-01 7.015950424377160877e-01 6.734908138260488064e-01 1.000000000000000000e+00 7.247438959475349662e-01 8.102136712135981078e-01 8.354606287754197114e-01 7.564103863570481590e-01 6.628073520852512113e-01 8.409798182063864536e-01 8.325412022178623195e-01 8.273960570384680802e-01 7.638893803877424560e-01 7.974982962372237916e-01 6.891279341712774897e-01 7.838000263829495440e-01 8.043145032496081814e-01 6.985985142298383188e-01 7.205176776085547852e-01 7.551335730155354087e-01 8.335647962780577958e-01 8.195543074676240325e-01 8.056265267611639747e-01 7.977568102522127891e-01 8.371558848299940347e-01 8.570380341931768120e-01 8.241419032891234009e-01 7.308782168687379954e-01 7.567143129213360631e-01 7.550448814149266497e-01 7.420655396095595657e-01 8.035023577373106018e-01 8.120918053087035071e-01 8.325274482535971465e-01 7.758494480037085861e-01 8.574253988439316521e-01 8.454369866892154084e-01 8.193330577061035402e-01 8.634399949866876645e-01 8.499267531569812961e-01 8.509560748346495229e-01 8.685186801594531047e-01 8.781767518523564409e-01 8.675284039343070797e-01 7.988613218151804363e-01 8.419901738174555561e-01 7.980615479731997253e-01 8.603153315435843052e-01 8.730709828430174291e-01 8.561292541772261844e-01 8.501549001313877252e-01 8.522846133280896908e-01 8.637432986027691051e-01 8.593771243181677066e-01 8.781963269488786139e-01 8.703355590335866143e-01 8.694706864994800055e-01 8.598600157158112767e-01 8.685387205741941230e-01 8.820143033791009168e-01 8.763166157803967682e-01 8.812891630858301628e-01 8.742503869714338682e-01 8.657137155394544203e-01 8.706889495881126040e-01 8.735444865798153158e-01 8.807243078187262375e-01 8.512030878408640699e-01 8.612752064373382366e-01 8.763520485835023521e-01 8.744617951961625169e-01 8.668561823340468209e-01 8.687860492802346180e-01 8.710161884430235313e-01 8.717550031837885127e-01 8.705318628153743132e-01 8.782185460717313319e-01 8.690586245984773806e-01 8.617252016383457613e-01 8.489143308364958118e-01 8.549097792602540213e-01 8.614792953331915637e-01 8.660982531083746272e-01 8.699164191463161222e-01 8.717443793779890981e-01 8.592165553328293681e-01 8.738444593683261097e-01 8.729220289042614045e-01 8.714960145422127047e-01 8.782231882883682061e-01 8.794473688790173105e-01 8.585876574185095089e-01 8.628130531499337286e-01 8.748666270666795031e-01 8.704039249046182647e-01 8.674916725523860173e-01 8.750519895647616009e-01 8.794408945393881183e-01 8.773737398110963426e-01 8.731184601283638047e-01 8.713949894699548615e-01 8.801800573102807057e-01 8.798848213984186151e-01 8.768120865101197703e-01 8.770186952946014136e-01 8.735360587900460327e-01 8.811122649872162871e-01 8.791506952116099338e-01 8.781239910549643035e-01 8.851904564978060330e-01 8.824304475565839523e-01
4.865261946657951225e-02 2.006468103101860245e-01 2.812503507596589292e-01 4.791872707851950186e-01 3.895988580295891013e-01 4.313750479207513755e-01 6.219781826090997612e-01 5.973288043794530155e-01 7.247438959475349662e-01 1.000000000000000000e+00 7.223906166028890574e-01 7.683077355862534263e-01 6.860616727749941912e-01 6.053126699269337774e-01 7.652693254737966688e-01 7.523932911136479440e-01 6.977650025051946869e-01 6.567026979188073099e-01 6.836017641078723228e-01 6.074962331128616055e-01 6.857949301445933621e-01 6.767647214046100812e-01 6.176188837412808219e-01 6.158792939365732577e-01 6.334579610040378395e-01 7.463383105320137156e-01 7.321441986698600246e-01 7.162756621021985071e-01 7.195899626029338414e-01 7.424392838820074170e-01 7.784621352842308051e-01 7.561276971336862163e-01 6.786980262111267370e-01 6.723975163341046057e-01 6.763511919215684509e-01 6.302998931430582319e-01 7.209330242254226029e-01 7.543895793658478288e-01 7.476818628429413582e-01 7.153492994521909454e-01 7.879872715261461158e-01 7.688403216185502043e-01 7.294630189684302435e-01 7.759586027955044374e-01 7.600196889481001250e-01 7.686048638612389405e-01 7.929287738719962286e-01 8.038152910240545790e-01 7.841181179666550927e-01 6.838332270134026558e-01 7.529015029734146269e-01 6.672172103100243445e-01 7.572320774285937750e-01 7.949143876406888909e-01 7.767783283396237914e-01 7.765165248314077617e-01 7.433141794933499913e-01 7.885990034540225624e-01 8.020296206253597626e-01 7.981771246848294865e-01 7.756016301881915043e-01 7.885206930912310730e-01 7.730593290395458839e-01 7.664910734046040952e-01 7.690243187703905692e-01 7.677181491064224428e-01 7.976413766203769296e-01 7.844817733729586573e-01 7.815857390280237516e-01 7.868089275928501491e-01 7.778270996754488298e-01 7.871954664470611762e-01 7.637098116713703089e-01 7.624040589810981983e-01 7.905573620300487825e-01 7.904927365456869692e-01 7.877375394592843749e-01 7.900691810821968142e-01 7.887918784187948340e-01 7.889474922102299725e-01 7.882834390130415425e-01 7.965864306382245408e-01 7.806269999563917317e-01 7.832934908179121081e-01 7.632308805218317449e-01 7.719824363702293413e-01 7.743099942063271790e-01 7.899588415317113643e-01 7.888439154242841145e-01 7.909618389957930873e-01 7.792168778053798484e-01 7.937683913010918912e-01 7.876905931388338278e-01 7.930627797716326421e-01 7.981320017943611678e-01 8.043704461976098896e-01 7.566783718947245330e-01 7.461069182459240112e-01 7.839623403170931093e-01 7.864470876880423900e-01 7.760175446273488431e-01 7.838718419826370409e-01 7.860871288229478449e-01 7.922405334679731848e-01 7.629734075556550144e-01 7.686467796262738128e-01 7.862337820952118861e-01 8.024976169952886540e-01 7.994650454795536598e-01 7.971234169789969126e-01 8.016067336628325268e-01 7.993551942596456295e-01 7.956471078574361977e-01 7.776614638393749557e-01 7.857588764805716330e-01 7.848778509323852681e-01
5.321286558659794191e-02 1.419292656452777190e-01 3.847919206889465760e-01 5.814931571860001425e-01 4.826544228191653740e-01 5.132329759880164266e-01 7.265064991022878171e-01 7.182891157851233332e-01 8.102136712135981078e-01 7.223906166028890574e-01 1.000000000000000000e+00 8.723737383332244022e-01 7.865793941007791501e-01 6.771085547356555656e-01 8.726889407130098419e-01 8.697055100344370793e-01 7.962993143246800409e-01 7.871476827258082620e-01 8.136994703604124579e-01 7.117127667919397327e-01 8.139493843679695972e-01 8.138672641567473720e-01 7.473432287095090887e-01 7.480810163538637036e-01 7.770148015168045763e-01 8.622100258680502893e-01 8.450603778788948750e-01 8.422101021005511390e-01 8.232775599152919455e-01 8.652819519844062723e-01 8.852218330706368432e-01 8.593515375281457480e-01 7.838387916848961190e-01 7.936163405814120608e-01 8.012719183030307946e-01 7.726018760136944552e-01 8.390250525344161714e-01 8.511687389929241121e-01 8.690527913690395678e-01 8.249414794709220011e-01 8.861641948087363163e-01 8.828468207820390212e-01 8.624271618840773090e-01 8.936225704866623820e-01 8.764805128308705839e-01 8.848907794071949606e-01 8.884356525172091290e-01 8.949676236188649492e-01 8.881872874646377092e-01 8.344088901708540673e-01 8.752541584685521459e-01 8.204575199334718238e-01 8.799027469349772757e-01 8.852034740834526794e-01 8.738225051389602038e-01 8.829054965600539040e-01 8.635970903810529231e-01 8.873192900296777985e-01 8.815822964602282319e-01 8.920582149335087863e-01 8.951857736920898478e-01 8.864126699501978512e-01 8.791998564444035713e-01 8.856489401011343743e-01 8.820263801415469951e-01 8.826468939231637556e-01 8.977309572624582179e-01 8.970702495232097951e-01 8.914596889781174482e-01 8.955146555607612635e-01 8.971996427469179913e-01 8.998756003136125781e-01 8.770780404235246630e-01 8.860136856677570671e-01 8.999710290281712766e-01 8.983629700912341143e-01 8.956559587031968084e-01 8.904897752657061627e-01 8.964759005525232416e-01 8.983037635791026876e-01 8.993279456620862922e-01 9.040440193992990148e-01 8.915872963017843489e-01 8.909796787846389066e-01 8.833973332006050949e-01 8.847346429580440486e-01 8.910469130456416531e-01 8.946685374208284136e-01 8.988544208101915123e-01 8.947944728909830170e-01 8.919540842361428634e-01 8.986305337432297646e-01 8.993462931561740925e-01 9.004997620935684122e-01 8.971892460777679545e-01 8.976022705352604270e-01 8.848558353254455389e-01 8.766266623921369350e-01 8.944221784813950471e-01 8.945247685542636606e-01 8.948051080639146670e-01 8.934970697330240075e-01 8.965805049864784548e-01 8.988728070511637913e-01 8.916864393573753489e-01 8.787559554486858993e-01 8.946850982008569542e-01 8.975992628857999422e-01 8.977628932970529441e-01 8.956903365775629178e-01 8.928822531018074660e-01 8.972732351492189729e-01 8.953546552779368950e-01 8.956620621594851839e-01 8.948057070206197894e-01 8.920466418825893085e-01
2.072824190137123948e-02 1.459860626500933400e-01 3.910586777510272061e-01 6.174357316285996600e-01 4.984539835178334322e-01 5.314240498643876265e-01 7.555174749385343835e-01 7.505256407366575067e-01 8.354606287754197114e-01 7.683077355862534263e-01 8.723737383332244022e-01 1.000000000000000000e+00 8.280849600968686053e-01 7.086605395432549193e-01 9.128669628609807907e-01 9.093814299230268405e-01 8.379409224648838306e-01 8.074703126644023898e-01 8.508423001243091699e-01 7.277610082008466597e-01 8.523831173346736456e-01 8.553506295540641569e-01 7.731187814197010288e-01 7.704632331137474255e-01 8.104376022616203157e-01 8.980702779530541635e-01 8.775741073051349650e-01 8.806163929123929091e-01 8.655767195907191347e-01 8.957077571616637313e-01 9.255092551383278243e-01 8.998573600370494141e-01 8.193418941539236666e-01 8.265101859407137930e-01 8.271165270264622116e-01 8.152245357808101112e-01 8.825001024649192782e-01 8.998156025634945765e-01 9.129746882051841261e-01 8.729534040566467867e-01 9.339516417045548025e-01 9.294646023897051856e-01 9.062205275082048095e-01 9.392079151218020172e-01 9.235245569600085691e-01 9.285642065343909790e-01 9.414016251197475649e-01 9.446085462384546938e-01 9.329792864805130925e-01 8.729083399290198386e-01 9.242059295815389097e-01 8.586820014996131567e-01 9.256457405388682780e-01 9.337791752460365968e-01 9.220632438860607571e-01 9.289855770400028412e-01 9.089423278355013291e-01 9.387365680235176812e-01 9.355967452167842646e-01 9.413130281073152084e-01 9.412079235290244927e-01 9.376857658417289132e-01 9.305636780231295591e-01 9.325567648356742900e-01 9.271048354920413681e-01 9.254746273263818601e-01 9.463226077098965128e-01 9.420287383190948383e-01 9.331089174298269340e-01 9.383049711095839962e-01 9.443597296132572039e-01 9.465315327919238131e-01 9.176022351328587678e-01 9.295141839385646643e-01 9.462775063639661255e-01 9.447870947623432381e-01 9.431785647937076522e-01 9.404549581775548672e-01 9.422249432336545771e-01 9.440114075822790829e-01 9.458409072616422719e-01 9.488062937819775611e-01 9.376239991502172133e-01 9.364648366183765393e-01 9.250421259642057636e-01 9.268286060905583934e-01 9.386223285304160502e-01 9.426063938385067509e-01 9.463363427122243321e-01 9.429716194598944945e-01 9.389457094172387608e-01 9.484384688238290950e-01 9.478206152664303552e-01 9.483480378603010852e-01 9.481150204031792983e-01 9.479361727137798344e-01 9.282780190814290400e-01 9.154792714986690338e-01 9.432607249544613381e-01 9.420900782690930786e-01 9.423826504645740343e-01 9.418936705808651499e-01 9.443807240965894634e-01 9.498048209143055143e-01 9.358452249481090668e-01 9.242834877201618893e-01 9.394154880877839675e-01 9.467086344619843885e-01 9.466588992796149959e-01 9.467813263358066944e-01 9.444366437674890369e-01 9.466859132823763900e-01 9.456764867363021132e-01 9.415252063711434527e-01 9.425755115676031082e-01 9.389980441822143309e-01
1.730910965846538599e-02 1.209755951251235834e-01 3.420902229398656291e-01 5.257743578444901145e-01 4.728183077669212975e-01 4.806873553521464060e-01 6.863493525042206889e-01 6.629906215291511140e-01 7.564103863570481590e-01 6.860616727749941912e-01 7.865793941007791501e-01 8.280849600968686053e-01 1.000000000000000000e+00 6.371426003627498336e-01 8.293974930389267364e-01 8.230044571440172652e-01 7.537421989737186356e-01 7.148249097742920277e-01 7.551216504035588306e-01 6.554038086598930057e-01 7.565186602452299569e-01 7.579071578719056568e-01 6.759013232706289065e-01 6.902383174267548993e-01 7.249567773520707581e-01 8.145234392863892614e-01 7.878334807219411484e-01 7.897032266386340149e-01 7.675428904358372328e-01 8.092684523667527108e-01 8.397666676233906946e-01 8.027323993115671463e-01 7.278701798260684974e-01 7.388526101154823111e-01 7.417705949181303549e-01 7.231134770264893152e-01 7.980685023727150940e-01 7.946920545790098211e-01 8.226220893120559374e-01 7.628875690523001518e-01 8.400002765717359265e-01 8.395596421956182942e-01 8.156598489526202256e-01 8.497516875053008345e-01 8.332198558102243968e-01 8.378972666586674833e-01 8.533079534119875076e-01 8.523003842298345623e-01 8.379935693884416059e-01 7.743802261584666891e-01 8.227125682062504941e-01 7.731705861718484174e-01 8.357012994817715201e-01 8.400713190058136659e-01 8.181504716558571921e-01 8.253881824983290150e-01 8.049862035823693862e-01 8.463441579069079790e-01 8.372316570154921811e-01 8.546104868520100206e-01 8.526316133496784078e-01 8.400266345554898706e-01 8.286318143327097152e-01 8.416322741147230779e-01 8.427739605183903748e-01 8.369242201387243618e-01 8.586324776816010029e-01 8.505707201173104970e-01 8.430439238292626314e-01 8.511218903413179104e-01 8.515031374937791497e-01 8.548239280963693121e-01 8.289816109245904396e-01 8.347695563968643429e-01 8.585962365359374182e-01 8.543315385576688570e-01 8.547225063003968115e-01 8.485350301064246148e-01 8.547326581505705345e-01 8.498643659031482889e-01 8.530529081147034676e-01 8.599325600932727909e-01 8.428172330401678680e-01 8.456691855242089995e-01 8.322312367786854903e-01 8.376073984360364877e-01 8.469579927762930227e-01 8.486861393574076651e-01 8.570054894086351904e-01 8.474133821851617121e-01 8.448796310673473142e-01 8.592757145459931634e-01 8.580530950507611054e-01 8.571990903102549852e-01 8.584222263518914708e-01 8.593352253623978143e-01 8.371771354462942405e-01 8.323409563678236811e-01 8.566889017990818589e-01 8.537492545465842353e-01 8.558032740608462197e-01 8.519524105604120434e-01 8.573465812345884007e-01 8.611042375840047836e-01 8.504139399094828855e-01 8.352603461371960192e-01 8.510727279862954076e-01 8.605178145378874488e-01 8.552754211406263796e-01 8.586785245324968230e-01 8.515432671098130957e-01 8.603306033798133745e-01 8.554629099042296847e-01 8.583193605592788211e-01 8.556350193906473445e-01 8.535827320925806205e-01
