1.000000000000000000e+00 1.253931446065720545e-01 2.016422228150159535e-01 -8.293725625790817225e-04 -1.074883152159636542e-02 2.459664236649978381e-02 3.818264562389506178e-02 2.388580543193018907e-02 1.611617642627677371e-01 3.761648468713002513e-02 4.606739344824407889e-02 -2.459497016189707633e-02 -1.635703547414998557e-02 2.673494558486156844e-02 1.289128172144169207e-04 9.494486388107922434e-03 1.424231101977952441e-01 1.560356567760394220e-01 1.596206807449371823e-01 5.110984741071963183e-02 1.107841354718821641e-01 1.731656352239824836e-01 1.873918834290008995e-01 1.421402585029899190e-01 1.421903886992046118e-01 1.564077177647746897e-01 1.505938474904481295e-01 1.310796933771865014e-01 1.968628853526036282e-01 2.396105947368455391e-01 1.976589801780369582e-01 1.282840362109189392e-01 1.381857457587199189e-01 1.187066924163736742e-01 1.866837752123313987e-01 9.629690901330598130e-02 1.494636250636752206e-01 4.900318600661212470e-02 8.762036081546788202e-02 1.415962248452977065e-02 5.485809498850114513e-02 3.381064663435816298e-02 2.994381522414159627e-02 5.241979642121045307e-02 8.678492264422318914e-02 8.300448474147655020e-02 1.936821115607503807e-02 4.244254741365968697e-02 3.180592999249586689e-02 5.204544954551245523e-02 3.240367060074843264e-02 3.352617200846865625e-02 6.320014578351688950e-02 5.589315828940020353e-02 5.524317696074747958e-02 6.028924902265963420e-02 5.890936339654879311e-02 1.857842245052983635e-02 1.915687350749883250e-02 6.917545145491356406e-02 2.536684884623558595e-02 5.617039075645371971e-02 1.951787426358096364e-02 5.391133230573746243e-02 7.977382173101213447e-02 6.026916430305713501e-02 5.699069295198266882e-02 4.614224000647052654e-02 8.293931909170863814e-02 3.734082973670058841e-02 4.064031218758754754e-02 8.022852266359484230e-02 5.438531761661946629e-02 5.053785830446851784e-02 6.097201212793366271e-02 6.603998112001219223e-02 6.337313792682605640e-02 1.014968962930597740e-01 7.392963110586628361e-02 1.046382031126483481e-01 9.759265292711041817e-02 9.474604039540163170e-02 4.942959107225903398e-02 7.820823688872384494e-02 4.005438896907183993e-02 5.550526327545593497e-02 5.639716312331664178e-02 1.944171193838924172e-02 3.002226517494226837e-02 3.725741329018692621e-02 1.835329508091748663e-02 1.893969748614460907e-02 3.590573602610053205e-02 3.091227417757915624e-02 9.601438623098311129e-03 2.376738787060482874e-02 1.185809087753720951e-02 4.471321576722941948e-02 1.203170509828468786e-02 1.448354379381173312e-02 3.799377779371900833e-03 1.097235750418783934e-02 3.312299881902284332e-02 1.799338199841661948e-02 3.664521166921357737e-02 3.040241223499003456e-02 2.363181745881599849e-02 2.890585646616354934e-02 3.156012736132573354e-02 1.846915528733111475e-02 1.244745159511568590e-02 2.739034574891443044e-02 2.439787873314914687e-02 2.967069809427856295e-02 5.549118047171307244e-02 3.606445287744999839e-02
1.253931446065720545e-01 1.000000000000000000e+00 9.288883016939328274e-02 9.599827663736329453e-02 7.189903728337880551e-02 9.706719944959810165e-02 1.676639621532356184e-01 1.116250813997296115e-01 1.721132655193724492e-01 1.701890944467057132e-01 1.596153790870248335e-01 1.310928815456564311e-01 9.677589137814118780e-02 7.890105343616790612e-02 1.514601651265897742e-01 1.452657696772153284e-01 1.649029713936068231e-01 2.016054591658506812e-01 1.942708573207397316e-01 1.325403618843253029e-01 1.441582679815416601e-01 1.901077177399729812e-01 2.144806621940370528e-01 1.883744989112834667e-01 1.845269833195389286e-01 2.117176238211885275e-01 2.016856878573155543e-01 1.921466014099059150e-01 2.146131762610954397e-01 2.136950515544363827e-01 2.015241768068407602e-01 2.105804146190440318e-01 1.810132527625228638e-01 1.852321901581394925e-01 1.939771117870623396e-01 1.880757267208737482e-01 1.965686060346668318e-01 1.559998279721520886e-01 1.789741529030747513e-01 1.710029456524555236e-01 1.787869671971428764e-01 1.703761216279653379e-01 1.854483590980915697e-01 1.702640779452375408e-01 1.981497626955191771e-01 1.819267603498805619e-01 1.583481187940989354e-01 1.688306069592895586e-01 1.571392213539646310e-01 1.404924895774836702e-01 1.463547150643721984e-01 1.397980298922116837e-01 1.507190353016424900e-01 1.630773419172385219e-01 1.680753472397777670e-01 1.886633157911769831e-01 1.489122764819333922e-01 1.508539514476910648e-01 1.508311355364856110e-01 1.628124702760174736e-01 1.536912655266429728e-01 1.577029267985295968e-01 1.549381143125184435e-01 1.502734540493547155e-01 1.527403641773253939e-01 1.567955637414764625e-01 1.684859569002752355e-01 1.692741715129186530e-01 1.824768233540935147e-01 1.652204573363895701e-01 1.601022552154942602e-01 1.729287800877326864e-01 1.731422630888576897e-01 1.702587758304589249e-01 1.741428680021170072e-01 1.754995191219932416e-01 1.763997403636899108e-01 1.882908370923928876e-01 1.825279739542693125e-01 1.764047913908585452e-01 1.834986610168332088e-01 1.801241326976937285e-01 1.720324165277787309e-01 1.693612756091213423e-01 1.584707108082609173e-01 1.714823445534791324e-01 1.786194583683466397e-01 1.567392059688799411e-01 1.610589788685114487e-01 1.751482301097493921e-01 1.674556853522856104e-01 1.595552097310921902e-01 1.706565119759276550e-01 1.670623638324159610e-01 1.522090637750752318e-01 1.586290803232520419e-01 1.363001823787757250e-01 1.290469969193615007e-01 1.455344827279345665e-01 1.469091740339809882e-01 1.574112042627927588e-01 1.449890884258604740e-01 1.495302708310792539e-01 1.531219448424731289e-01 1.530645309797026010e-01 1.424520469211101592e-01 1.448070074405849450e-01 1.617011184310226113e-01 1.666458286552988666e-01 1.536928777817619662e-01 1.573200172875489355e-01 1.520099549579307374e-01 1.536988314923020127e-01 1.403698897948912339e-01 1.553194460294445023e-01 1.474233346712215120e-01
2.016422228150159535e-01 9.288883016939328274e-02 1.000000000000000000e+00 2.872495761703039996e-01 1.091148163416181122e-01 2.501258358145266314e-01 3.367600799021539526e-01 2.939898961658020116e-01 3.296622054826973680e-01 3.329513763259344117e-01 3.977377341532079558e-01 3.457556028751640476e-01 2.940668452612698602e-01 2.619305331723615349e-01 3.597346938406731365e-01 3.499120108435676557e-01 3.789968200036753498e-01 4.246558239081471009e-01 4.185599954496511677e-01 2.849758960070114533e-01 3.667245735728806855e-01 4.318808522438339348e-01 4.489087272599996403e-01 4.266977587424651830e-01 4.458191461917705434e-01 4.473074117765359903e-01 4.606361152266140180e-01 4.436340725410065633e-01 4.350243396832797482e-01 4.733258030426190643e-01 4.741905700866876350e-01 4.369319100423864621e-01 4.191123905775124281e-01 4.459651438975537618e-01 4.414175446304170469e-01 4.478116471114755859e-01 4.681150367446119120e-01 3.930804272227426122e-01 4.235001626420270004e-01 4.045360163146440868e-01 4.029283560439559930e-01 4.038489823853123051e-01 3.934263127108037494e-01 4.137899346684973945e-01 4.410312769442588099e-01 4.299638530875170006e-01 3.682786226320379774e-01 3.784302392330508580e-01 3.780197184328966120e-01 3.824366975985407646e-01 3.791643081840860852e-01 3.544450863299156151e-01 3.840057946090644769e-01 3.804608816815037708e-01 3.966540638385359085e-01 4.151720575514441514e-01 3.801348904083537983e-01 3.684733975639917780e-01 3.679597364344919241e-01 3.754476536119262797e-01 3.703108607984264000e-01 3.856648505826106854e-01 3.690774867049047003e-01 3.848480911061252785e-01 3.879718490672099396e-01 3.788584009493223825e-01 3.960763798234235855e-01 4.054912656622645106e-01 4.212370570222537802e-01 3.835559881299905327e-01 3.975887650364507975e-01 4.212799159688648820e-01 4.081345485656258099e-01 4.119785428569154861e-01 4.082114714896444285e-01 4.118742360735631602e-01 4.126035054733327989e-01 4.229656573950776322e-01 4.199618343736431503e-01 4.258653355859750023e-01 4.319251589824329995e-01 4.288207005127185334e-01 4.016959287277160340e-01 4.070936505273207717e-01 3.977686389804804823e-01 4.148911359179565106e-01 4.219361551846175784e-01 3.832169009150019900e-01 3.926250417652642488e-01 3.972932835193411227e-01 3.958752824838227546e-01 3.864311155752194193e-01 3.997810899858796341e-01 3.987419451149576410e-01 3.684743625291903024e-01 3.771243131288616324e-01 3.706823648570934382e-01 3.681032061580276626e-01 3.675662427712979019e-01 3.753961482514433512e-01 3.747814031232140075e-01 3.730877490140810382e-01 3.732117532705108709e-01 3.795393545529170409e-01 3.852100156334520298e-01 3.720422233956153790e-01 3.728963249058280249e-01 3.789631629274003988e-01 3.862298779454670927e-01 3.706384371063872196e-01 3.763758987352940344e-01 3.679682279235033104e-01 3.771107631857527065e-01 3.728279803706281426e-01 3.876890558186051328e-01 3.695107419857930342e-01
-8.293725625790817225e-04 9.599827663736329453e-02 2.872495761703039996e-01 1.000000000000000000e+00 2.972435964291227362e-01 3.956444498268381071e-01 5.320810111957282595e-01 5.335623047328641455e-01 4.572447231759598774e-01 4.103172449443704961e-01 5.180652804861003435e-01 6.483956163834470043e-01 5.180958586329447169e-01 4.128067321678067780e-01 5.762106508908518832e-01 5.843394502584667860e-01 4.941919700913498525e-01 4.207148007989083838e-01 3.905948308303148209e-01 5.583694087376561699e-01 5.847198627859627740e-01 4.806088567735256611e-01 3.903353438418177834e-01 4.228614194018399663e-01 4.339156420081616283e-01 4.777301232450616997e-01 4.913014930218886356e-01 4.608783561346340152e-01 3.382346718469160796e-01 3.480961855115535242e-01 4.213438747247467697e-01 4.849687121358016162e-01 4.073158590029764548e-01 4.750881615051772422e-01 3.910480056244770020e-01 5.419813073663301006e-01 5.037544518615656441e-01 4.960216324313969083e-01 4.937657743931579968e-01 5.595515714929090167e-01 5.584307728705717455e-01 5.641551464827587736e-01 5.818643580346543054e-01 5.863776773618306626e-01 5.423355521363188991e-01 5.006402349708967137e-01 5.661615069909932130e-01 5.498327105799183379e-01 5.668957456131932249e-01 5.467699027356913710e-01 5.694725763389704154e-01 6.137222325503647324e-01 5.797204838521853310e-01 5.256651798298009881e-01 5.180748628501535835e-01 5.245985804769931482e-01 5.704691730203286237e-01 5.688420124967423774e-01 5.585148237976987895e-01 5.672711174672220302e-01 5.853973811141890415e-01 5.551744159893002850e-01 5.549389927014785062e-01 5.585835440689137510e-01 5.617054053527954505e-01 5.618325020396662817e-01 5.443134859981537677e-01 5.419355218967063514e-01 5.119865312823180803e-01 6.142772923854562528e-01 5.777548530185512288e-01 5.379496953580893415e-01 5.442984545412897779e-01 5.443776238080426655e-01 5.418944842927934102e-01 5.394661184146317678e-01 5.286398864708822254e-01 4.790217863542005627e-01 5.198553709812850920e-01 4.827898440516027456e-01 5.066029851594537892e-01 5.104960997666959654e-01 5.616039652965078011e-01 4.965340788304273278e-01 5.419693624313247637e-01 5.410043607965271395e-01 5.556579593504100689e-01 5.484679269329731932e-01 5.390454904821196935e-01 5.347697901800669840e-01 5.660007234754302896e-01 5.713099990315313459e-01 5.574412464646154586e-01 5.569347626582989985e-01 5.610965750587202372e-01 5.554225245573376490e-01 5.830162372926466219e-01 5.697771217149911749e-01 5.786494258890173548e-01 5.773908228022193168e-01 5.823196750039353331e-01 5.706562395920568020e-01 5.746217225550638297e-01 5.779998227994386228e-01 5.851488784696118328e-01 5.683896792222634664e-01 5.701927479054187398e-01 5.402080965325325446e-01 5.451206728285352687e-01 5.677348728427078495e-01 5.655489643777155129e-01 5.696891131401391473e-01 5.665995089948522301e-01 5.658840923389838462e-01 5.568877882850215011e-01 5.705703950686085157e-01
-1.074883152159636542e-02 7.189903728337880551e-02 1.091148163416181122e-01 2.972435964291227362e-01 1.000000000000000000e+00 2.822376746263493552e-01 4.401178404374532227e-01 4.501817991147694098e-01 4.183587527892160818e-01 3.787258134528201370e-01 4.103234528165405903e-01 4.609120423828290680e-01 4.816484622346153266e-01 3.662614878353244730e-01 4.837292599007144700e-01 4.818431744934010275e-01 3.836345844242742276e-01 2.916957564194863628e-01 3.026336428215544716e-01 3.714455312996102765e-01 3.453352305294938307e-01 3.222460695367069250e-01 2.741681044493678443e-01 2.839876611412160967e-01 3.154294305595512493e-01 3.791058288824677991e-01 3.625321506652593451e-01 3.490182339988148197e-01 2.768649544696160647e-01 2.742371614204828223e-01 2.753715433126305845e-01 3.800712084780271671e-01 3.385133617301558373e-01 3.581686837231504716e-01 3.341565958184203322e-01 3.664022576212193072e-01 3.346575098233571244e-01 4.252733771508112048e-01 4.047723583452915164e-01 4.076392995567236777e-01 4.532652656967831595e-01 4.463055034330046800e-01 4.504073892618425390e-01 4.530030944798889014e-01 4.110427332849642124e-01 3.933684379401142794e-01 4.802939382913726241e-01 4.722621873484458277e-01 4.659067850449098991e-01 4.369382220690045115e-01 4.632339211447247251e-01 4.838772574469088483e-01 4.717791030247632245e-01 4.566463298634778067e-01 4.449783847987726637e-01 4.225767148178838362e-01 4.550244896403670691e-01 4.735239237564804471e-01 4.595181350991597302e-01 4.815449862965054395e-01 4.813810825335008148e-01 4.592250261225828134e-01 4.634821302561524803e-01 4.562258620975896406e-01 4.600223368755038122e-01 4.658751031695577138e-01 4.575449499009829335e-01 4.450950204719138492e-01 4.275644531140951887e-01 4.732162312353280775e-01 4.513501811483345838e-01 4.294107172750357138e-01 4.343865733006520014e-01 4.355225209412835197e-01 4.517147721186990927e-01 4.390383695240815398e-01 4.338012866531612000e-01 4.029291430136184293e-01 4.268916773278384480e-01 4.104444501725360572e-01 4.131164396276818529e-01 4.110997525183358592e-01 4.510165643869065710e-01 4.303190696781880042e-01 4.483929360509299467e-01 4.384554045373887932e-01 4.353204134983545970e-01 4.605474225772891450e-01 4.528619385669470643e-01 4.444065656662929409e-01 4.562782925981921922e-01 4.697179814637800765e-01 4.582483526720834699e-01 4.562753302985905757e-01 4.761832954991249700e-01 4.709052982478847960e-01 4.733373351539029161e-01 4.672550037734606310e-01 4.805805034538088161e-01 4.778266336854471996e-01 4.791807392395046050e-01 4.697700115189465953e-01 4.809847031370474424e-01 4.813444970682876356e-01 4.727844920437035969e-01 4.713968684920465391e-01 4.718105137656862236e-01 4.657446040189517911e-01 4.627878496266676356e-01 4.784555063442264555e-01 4.688472798500499805e-01 4.846248348583703791e-01 4.737690283398925395e-01 4.719138595731848240e-01 4.613413045082864206e-01 4.759929201624181760e-01
2.459664236649978381e-02 9.706719944959810165e-02 2.501258358145266314e-01 3.956444498268381071e-01 2.822376746263493552e-01 1.000000000000000000e+00 5.401226928654896398e-01 4.931435987930148923e-01 4.997277870294921653e-01 4.800597351530098145e-01 5.417502307256979455e-01 5.768614412901621469e-01 5.259145892801765365e-01 4.525293393995515334e-01 5.815256114039756286e-01 5.681177799328865907e-01 5.107753248952833225e-01 4.967642867574076915e-01 4.915364040138219814e-01 4.484751170263706066e-01 4.965032231078267966e-01 5.191730526062886542e-01 4.937849111365476551e-01 4.893020961215828746e-01 5.154851426479434284e-01 5.422159737990022155e-01 5.642495881691071968e-01 5.453843789224630534e-01 4.967443273007513538e-01 4.947686647966597073e-01 5.143641726561647420e-01 5.508285250091219387e-01 5.106749694784366023e-01 5.417989809044184701e-01 5.292635230579901817e-01 5.405230008256357577e-01 5.373855888547630633e-01 5.649606165208921338e-01 5.683318084505694090e-01 5.605149162155041997e-01 5.923768727456936167e-01 5.923743499574939397e-01 5.878522450199805682e-01 6.012759956309070564e-01 5.801068872818540001e-01 5.783607833761948980e-01 5.901496881539096684e-01 5.909477556325919423e-01 5.789370770587096704e-01 5.585717801197364052e-01 5.820683864881013303e-01 5.751709506817779261e-01 5.876347592570064782e-01 5.864963547372279429e-01 5.822734916467902089e-01 5.804783869929042162e-01 5.763480869732967582e-01 5.901244236804825682e-01 5.774365789028610418e-01 5.895627890698794671e-01 5.940049006551122446e-01 5.816825461919890028e-01 5.887787491293331454e-01 5.762476596820854668e-01 5.779082321913602271e-01 5.877895946576264796e-01 5.923160289845725845e-01 5.982844742971198393e-01 5.874040588814808395e-01 6.056944513553301768e-01 5.971482417768122497e-01 5.903677017360353663e-01 5.907716954453341440e-01 5.960830235716269021e-01 5.924341976722742320e-01 5.935820704328913511e-01 5.934175528548846223e-01 5.775311362199264664e-01 5.925997483881809691e-01 5.755117826171468609e-01 5.799491911943016609e-01 5.826755568398432894e-01 5.905164258635857699e-01 5.798930766386609648e-01 5.867654752143376395e-01 5.898671358744210780e-01 5.888001488490552937e-01 5.903660442765924499e-01 5.848000511738620233e-01 5.845267775677154276e-01 5.934322745815601152e-01 5.994489523732552394e-01 5.959153480364294264e-01 5.981332153501311977e-01 5.937638679198544711e-01 5.918500819948818714e-01 5.870052891725932032e-01 5.787012847982353492e-01 5.953509137690696784e-01 5.943855228588125206e-01 6.003546744157182147e-01 5.925757813722259959e-01 5.948725690544474087e-01 5.989566167437877509e-01 5.959687057862484982e-01 5.914459499284727695e-01 5.914284664276644454e-01 5.905033038115924393e-01 5.923612820012438274e-01 5.937523089887998262e-01 5.934720837553342232e-01 5.925395334954787208e-01 5.940483341125829542e-01 5.896559438419760601e-01 5.883834420312077373e-01 5.895912246507116761e-01
3.818264562389506178e-02 1.676639621532356184e-01 3.367600799021539526e-01 5.320810111957282595e-01 4.401178404374532227e-01 5.401226928654896398e-01 1.000000000000000000e+00 7.114448856351794914e-01 7.008909094705657594e-01 6.482815723714422385e-01 7.392913486958214708e-01 7.964832127264237505e-01 7.322332281765143724e-01 6.124838444216027522e-01 8.334128065519024187e-01 8.063202915427862827e-01 7.186959723647396991e-01 6.548344870048620203e-01 6.631805241148790442e-01 6.082931853338748862e-01 6.762589932541547277e-01 6.958647598540469437e-01 6.507139402135241335e-01 6.503818497395981169e-01 6.921457035122271506e-01 7.414419257477167235e-01 7.500170462569719643e-01 7.508347274832438689e-01 6.602012010948082876e-01 6.508138050521768969e-01 6.714461135421577742e-01 7.538945892526186521e-01 6.997626306628270676e-01 7.353740807685829051e-01 7.007861683176707102e-01 7.348224447488361788e-01 7.094339001455908233e-01 7.871482499671507149e-01 7.723044649183914423e-01 7.782980116668826165e-01 8.149355654339344168e-01 8.213560169836515712e-01 8.016631841032977324e-01 8.215770491716417601e-01 7.920814406274194752e-01 7.916274476074529609e-01 8.262168967366583239e-01 8.237687661189697641e-01 8.115809617110349983e-01 7.745709920999637177e-01 8.051030155633083218e-01 7.949575516688454080e-01 8.083401943873804729e-01 8.174950776855022250e-01 8.097166354866212057e-01 8.053208703839839222e-01 8.011257974389106584e-01 8.205800914890563069e-01 8.109351795167256682e-01 8.152034642362541161e-01 8.239720378301520487e-01 8.105443352913013211e-01 8.178683675359267324e-01 8.013442168906256269e-01 8.073210212673820330e-01 8.143102756067756021e-01 8.204753143131686688e-01 8.200394564244068984e-01 8.063512850562052359e-01 8.347369187786166655e-01 8.221411725191533071e-01 8.111936636410342905e-01 8.147142111715692803e-01 8.159529479212210834e-01 8.213879706717578388e-01 8.171864411015711260e-01 8.210530206920294560e-01 7.924376527130161385e-01 8.127784013312168154e-01 7.853012191306778522e-01 7.944666876581317760e-01 7.971993621328657964e-01 8.228510870348022532e-01 7.989199790410460578e-01 8.146690958441882291e-01 8.126087532155943371e-01 8.067809372966165959e-01 8.255758535373689533e-01 8.162643314490364288e-01 8.183034667606987611e-01 8.279840826471114301e-01 8.345003963456157914e-01 8.235669432189247630e-01 8.304710567189832471e-01 8.263018674592123025e-01 8.270316363152017125e-01 8.168590704652368695e-01 8.022256648221716135e-01 8.261393897671893694e-01 8.264426504155101272e-01 8.321431283891843611e-01 8.226860081103971600e-01 8.245478489313617931e-01 8.304191724747742587e-01 8.228691512501505878e-01 8.208394872071842485e-01 8.230314970144275710e-01 8.246822960454729401e-01 8.258624881322416122e-01 8.305737250753075784e-01 8.282635406550663548e-01 8.267236722946604832e-01 8.267315541715356542e-01 8.164433640499970668e-01 8.161893792860096530e-01 8.178307602182914859e-01
2.388580543193018907e-02 1.116250813997296115e-01 2.939898961658020116e-01 5.335623047328641455e-01 4.501817991147694098e-01 4.931435987930148923e-01 7.114448856351794914e-01 1.000000000000000000e+00 7.019075553246485466e-01 6.166161111142618445e-01 7.085914386760704398e-01 7.812547539949524777e-01 7.140590255178663748e-01 5.812701114983200856e-01 7.965996950253148023e-01 8.059567995996645973e-01 7.068472990383535270e-01 5.931225370741725067e-01 5.978385066387507107e-01 5.983965891313921537e-01 6.493960551330734132e-01 6.473443485846326340e-01 5.699355324854420424e-01 5.710364007810613263e-01 6.271260730343062306e-01 6.911526950293457316e-01 6.854790789859602773e-01 6.710435514358045195e-01 5.762965842007589101e-01 5.838283008630210658e-01 5.990755162442699122e-01 7.094366376687811782e-01 6.591447199268115620e-01 6.900169631562995676e-01 6.484945597728936084e-01 7.075293928955100897e-01 6.625522191987619491e-01 7.605048348420710980e-01 7.450392510614163299e-01 7.400369616482452839e-01 7.826619094191034076e-01 7.810199092613669958e-01 7.826165002972883533e-01 7.911580444384764821e-01 7.452658026157777948e-01 7.363187640492858677e-01 8.042675980325183493e-01 7.984151201762030858e-01 7.951815981272933875e-01 7.681992449027231773e-01 7.986176593639008336e-01 7.882137316229060886e-01 7.912752718747195768e-01 7.877491366950628571e-01 7.762001759863977890e-01 7.577272490069535404e-01 7.882380170090261817e-01 8.003496652300071679e-01 7.971189341853015531e-01 7.997942750391946465e-01 8.095484686576341904e-01 7.947836002781194509e-01 7.972242269690381633e-01 7.916028096437275341e-01 7.864940135583518011e-01 7.918344442504996472e-01 7.913808769730633630e-01 7.786870363408244788e-01 7.630153178532722569e-01 8.125643500622942161e-01 7.883051783431973547e-01 7.698591911914689501e-01 7.671820188308902111e-01 7.670226933933395053e-01 7.825167362865972365e-01 7.736255255000580311e-01 7.687532909471570530e-01 7.340665227023484007e-01 7.619943176453024547e-01 7.403589385689571811e-01 7.466796927335642708e-01 7.508202639905794396e-01 7.917380517237955218e-01 7.626310765778001599e-01 7.844091478793766559e-01 7.740003360081997297e-01 7.756342648156968611e-01 7.950640515056559554e-01 7.862043662206698036e-01 7.792292593463348016e-01 7.879931881849349118e-01 8.031347500243458670e-01 7.911063642199939183e-01 7.907100439344102449e-01 8.007956816832377811e-01 8.001694298206933897e-01 7.979588772659406137e-01 7.876532076322193543e-01 8.053784571126115788e-01 8.062581316117480856e-01 8.079296808075419056e-01 8.021182995968584306e-01 8.020475607939785423e-01 8.059781359029671854e-01 8.032683335616950249e-01 8.009966272856582359e-01 8.011313126517161098e-01 7.942754283517051705e-01 7.918844735468165696e-01 8.056988459551347459e-01 8.043175781455478290e-01 8.049984721140354127e-01 8.027609659245414919e-01 8.004623152335239578e-01 7.955007055266017924e-01 7.988671220335165080e-01
1.611617642627677371e-01 1.721132655193724492e-01 3.296622054826973680e-01 4.572447231759598774e-01 4.183587527892160818e-01 4.997277870294921653e-01 7.008909094705657594e-01 7.019075553246485466e-01 1.000000000000000000e+00 7.078432152289823032e-01 7.699485282841967981e-01 7.749050926564802211e-01 7.388272440882952541e-01 6.130300964559299848e-01 8.123341260209046011e-01 8.038323531507195474e-01 7.939100713808128207e-01 6.594994057020757694e-01 7.021342947970449222e-01 5.468558368583804619e-01 6.333502107955596427e-01 7.264903252509734566e-01 6.840634838815536911e-01 6.425100591788883708e-01 7.241565316320330847e-01 7.668848785627182529e-01 7.675864748288657724e-01 7.678783639325582611e-01 7.146602560722764563e-01 7.480833285848909053e-01 7.238544260474423231e-01 7.959644985754383839e-01 7.612620718250135976e-01 7.729028922849547900e-01 7.884087675756967784e-01 7.261932745026825620e-01 7.358058056564940053e-01 8.218116080093184062e-01 8.123235816927382169e-01 7.453975113982431733e-01 8.388572888770757796e-01 8.228623747037443481e-01 7.880390359786157983e-01 8.275366115065074801e-01 8.065275097089751322e-01 8.107031067636900623e-01 8.597142002565508756e-01 8.656413243694003334e-01 8.466592393461160881e-01 8.095221125818842234e-01 8.264553361689025435e-01 7.908254140809527488e-01 8.401577849337915627e-01 8.611142353967057295e-01 8.460850661508618753e-01 8.274628904445986421e-01 8.297365541955803447e-01 8.449092374570550401e-01 8.328527187714793723e-01 8.647790211510231195e-01 8.429827593499024108e-01 8.455135271262990138e-01 8.374624484058448282e-01 8.453172306383900381e-01 8.624705589548219420e-01 8.579175588964330634e-01 8.634221712482735844e-01 8.451252395859221167e-01 8.481597765371698960e-01 8.353214820125218765e-01 8.419903781982061020e-01 8.500708115878340410e-01 8.305209408344458311e-01 8.330129657648583930e-01 8.504546481815482561e-01 8.481894657876740684e-01 8.423548911519190829e-01 8.348302563916053520e-01 8.391865243229938987e-01 8.528312583641926015e-01 8.494722185801929504e-01 8.472337063637123133e-01 8.504174858680488835e-01 8.564263250778365588e-01 8.455715724778635201e-01 8.423198323499743179e-01 8.316393161237423115e-01 8.448645954281518433e-01 8.478204866295878661e-01 8.417300789784870618e-01 8.299104146907221313e-01 8.486443888446214556e-01 8.479446509192178905e-01 8.446183967345136656e-01 8.565921541313448184e-01 8.584771846919271310e-01 8.231054123966501379e-01 8.402267376506350471e-01 8.483813728019740097e-01 8.447289370878248160e-01 8.340964766870575531e-01 8.406698455045076290e-01 8.529672380252791841e-01 8.490053749063075639e-01 8.473969525632065736e-01 8.443605116854069337e-01 8.539765207699409055e-01 8.602952094505801339e-01 8.530585911883994399e-01 8.559045978189181447e-01 8.474737995148226011e-01 8.598611244114090502e-01 8.510264198319914541e-01 8.524060695497270856e-01 8.651800074900753978e-01 8.578945528524146713e-01
3.761648468713002513e-02 1.701890944467057132e-01 3.329513763259344117e-01 4.103172449443704961e-01 3.787258134528201370e-01 4.800597351530098145e-01 6.482815723714422385e-01 6.166161111142618445e-01 7.078432152289823032e-01 1.000000000000000000e+00 7.193081322922282306e-01 7.293013774413880101e-01 6.861850511819291842e-01 5.624104821827229372e-01 7.534724368209282375e-01 7.356798986566644993e-01 6.951663984723666090e-01 6.189320362097879835e-01 6.468541715509954493e-01 4.996941071213394370e-01 5.733896295370639606e-01 6.530093618617930362e-01 6.320653056116394275e-01 6.091124631749313956e-01 6.650739569719714694e-01 7.160946082742120078e-01 7.074403243412321629e-01 7.097316474514915319e-01 6.490923288552231663e-01 6.778313748032168684e-01 6.618148958645259095e-01 7.460351774393624291e-01 7.034957079730965734e-01 7.238366508525587717e-01 7.134681472118160617e-01 6.873674653154868697e-01 6.786475256853872207e-01 7.676708142449200079e-01 7.533002184575442461e-01 7.131892323159907399e-01 7.820032184523190155e-01 7.715368131784798855e-01 7.397020335553637915e-01 7.667641725937963670e-01 7.585559217369410856e-01 7.522893496115642398e-01 7.910622162390640311e-01 7.951698901438419842e-01 7.843351352656965370e-01 7.426248157666844874e-01 7.642327415102996291e-01 7.211884944844949574e-01 7.675842511313478722e-01 7.936426762261938883e-01 7.905359220041288104e-01 7.817698296138863023e-01 7.614660308424139323e-01 7.836820557389592157e-01 7.780907115249690031e-01 7.818725782214580589e-01 7.743882599252919219e-01 7.751350176849411966e-01 7.795001034599523537e-01 7.736603016904534114e-01 7.730088097123433144e-01 7.811315769099090867e-01 7.974721995132233454e-01 7.876166998763123317e-01 7.894385450426425477e-01 7.667855566798672529e-01 7.794163608695322543e-01 7.834514850014872023e-01 7.761059913159269463e-01 7.782916732650998481e-01 7.916269061384650918e-01 7.908750246051649002e-01 7.852878871365283064e-01 7.702520003996506937e-01 7.843280639583786185e-01 7.856825957336832644e-01 7.802484142167965819e-01 7.836220643523608143e-01 7.889763138033067946e-01 7.885491267251332204e-01 7.874631584486361247e-01 7.870940127631030903e-01 7.786435493431458355e-01 7.939195845679838381e-01 7.912104792470303627e-01 7.913780308576980893e-01 7.823782593854216039e-01 7.921601407066592992e-01 7.921159640622268405e-01 7.908709126285020652e-01 7.961711440538014051e-01 7.965267439082081014e-01 7.672124901708581302e-01 7.635400994575038958e-01 7.860845863191991967e-01 7.840384906625376127e-01 7.793920751742740016e-01 7.848425542362107432e-01 7.857869887828957678e-01 7.904871496374930029e-01 7.833523290831344577e-01 7.802703651889284497e-01 7.892004778133741016e-01 7.976922828213596217e-01 7.955486546984117391e-01 7.934995340497164040e-01 7.930631195420015933e-01 7.913356224453998999e-01 7.902142293373299875e-01 7.827395475477739728e-01 7.874319661545248206e-01 7.870106835036608794e-01
4.606739344824407889e-02 1.596153790870248335e-01 3.977377341532079558e-01 5.180652804861003435e-01 4.103234528165405903e-01 5.417502307256979455e-01 7.392913486958214708e-01 7.085914386760704398e-01 7.699485282841967981e-01 7.193081322922282306e-01 1.000000000000000000e+00 8.468416486710458324e-01 7.465935158646321845e-01 6.378120281602092101e-01 8.520699287341378936e-01 8.351243366243354949e-01 7.817551161348783584e-01 7.247689709124365276e-01 7.498839837883237713e-01 5.896493964948840150e-01 6.825072274534194072e-01 7.719052922277546136e-01 7.559513029027008502e-01 7.281704356280669366e-01 7.898240502299297416e-01 8.229352982913366032e-01 8.315003401580239872e-01 8.270350316658380274e-01 7.537085613023118968e-01 7.855849061234355668e-01 7.920267455782737942e-01 8.474999211622346040e-01 8.055732972433300443e-01 8.360057709956926209e-01 8.149845996145870242e-01 8.124091539524277428e-01 8.203635128497328566e-01 8.651595252250174894e-01 8.642679377293431831e-01 8.382137755175805838e-01 8.880572281552369107e-01 8.823792988817016347e-01 8.522417199325795778e-01 8.901110767287696568e-01 8.810576230512698892e-01 8.735476185312847086e-01 8.869445147602590396e-01 8.897492232000911994e-01 8.761314615602431299e-01 8.442531848987326892e-01 8.677727123161808054e-01 8.343483321231949246e-01 8.747072435687209824e-01 8.839916872792215052e-01 8.839467676525937234e-01 8.858332469944911747e-01 8.582934030633631028e-01 8.838073454506781834e-01 8.769002342317360199e-01 8.755314980772185285e-01 8.748142234216478297e-01 8.751747011383181896e-01 8.778642093017182679e-01 8.676698236731866798e-01 8.757614472547038398e-01 8.757374240810350541e-01 8.942533684395023164e-01 8.938349588697234172e-01 8.949215585506032911e-01 8.767914108622847369e-01 8.876790151239491999e-01 8.933366656150885099e-01 8.876255019863769080e-01 8.939071221624503849e-01 8.971194897969222426e-01 8.980048253903629707e-01 8.942895979597494938e-01 8.791751997109107375e-01 8.954411527971598561e-01 8.908670599175319005e-01 8.954371542791843552e-01 8.974377097375806356e-01 8.969871989356879016e-01 8.891626925347000387e-01 8.910082451643484003e-01 8.963993622474870637e-01 8.967059814307490884e-01 8.925002046792274157e-01 8.960654734694337709e-01 8.925828897794676475e-01 8.943752417066480609e-01 8.961303063340463337e-01 9.008897405685478699e-01 9.004668231496875119e-01 8.911025013817737150e-01 8.944734987264868487e-01 8.715407631661599153e-01 8.594869922674278628e-01 8.831638096407101735e-01 8.860390470819803355e-01 8.871579935275294426e-01 8.830242317998161505e-01 8.866208862466539165e-01 8.921947585931995217e-01 8.865692099617112909e-01 8.767804825202436536e-01 8.864104148857018250e-01 8.933772341622949753e-01 8.944678508802964556e-01 8.895270020088594798e-01 8.908577793151621904e-01 8.859385043804671733e-01 8.888291896655001745e-01 8.804930035337078520e-01 8.857851505307228202e-01 8.804052701159789107e-01
-2.459497016189707633e-02 1.310928815456564311e-01 3.457556028751640476e-01 6.483956163834470043e-01 4.609120423828290680e-01 5.768614412901621469e-01 7.964832127264237505e-01 7.812547539949524777e-01 7.749050926564802211e-01 7.293013774413880101e-01 8.468416486710458324e-01 1.000000000000000000e+00 8.079645510494662952e-01 6.688144595013660876e-01 9.078523509157380156e-01 8.959149795727966437e-01 7.918899005629501664e-01 6.792472986548699909e-01 6.886737380899708993e-01 6.803936349106395332e-01 7.477214889962544575e-01 7.484147119098089052e-01 6.751296437652967164e-01 6.691680105114136135e-01 7.305056430529970335e-01 7.863488953865691578e-01 7.972781797469049581e-01 7.816042736118012924e-01 6.663882251846586779e-01 6.824081307496790982e-01 7.149994349093821144e-01 8.182867227593234594e-01 7.542642432618296144e-01 8.014216804948002260e-01 7.452341121238141852e-01 8.126164160620152899e-01 7.855795062918170535e-01 8.595415809570612353e-01 8.497959309614411261e-01 8.605821553948799219e-01 9.020718850413468326e-01 9.048285007767477017e-01 8.925910929227650614e-01 9.146225438573964972e-01 8.718261506014842732e-01 8.576642909757297151e-01 9.263080985164188208e-01 9.180864893615857669e-01 9.194242256693938575e-01 8.769861759411581303e-01 9.065107653523110098e-01 9.020161589530598656e-01 9.138963445336591995e-01 9.041591213932519411e-01 8.932652383709872579e-01 8.818040251753059833e-01 9.012510888079909854e-01 9.216184290452711370e-01 9.108394187214801097e-01 9.154112155410895069e-01 9.251256395692386558e-01 9.052049140593836363e-01 9.132307190915893713e-01 9.035053980407962149e-01 9.086683514901352510e-01 9.146013014911436034e-01 9.141702412668342159e-01 9.041502811038698573e-01 8.841439234642263223e-01 9.310319709559188306e-01 9.172820951390597832e-01 8.958476176678935587e-01 8.909332810808492376e-01 8.967406022818185107e-01 9.067262945038171429e-01 9.027860721657690046e-01 8.930236876222626963e-01 8.547066574685598939e-01 8.885497310949985739e-01 8.633168510057773748e-01 8.742210946436501651e-01 8.805214989885498111e-01 9.152341796108913741e-01 8.801342849865592122e-01 9.061070169562877030e-01 8.994510855391154580e-01 9.056833576974316902e-01 9.160046176290255193e-01 9.123029641187156979e-01 9.023150779547539635e-01 9.161639898785410852e-01 9.285729101210978831e-01 9.174973572976385938e-01 9.202294381260943679e-01 9.289877312090083494e-01 9.257694840683134974e-01 9.167324460907751993e-01 9.083761619095316320e-01 9.298458515232627120e-01 9.261715412500918232e-01 9.299050631367157260e-01 9.229684962484634436e-01 9.290069811174420655e-01 9.326651112040594827e-01 9.285488246548322389e-01 9.187744508831233725e-01 9.272955244031665378e-01 9.170680235077912634e-01 9.155587058086002150e-01 9.292287846510276506e-01 9.254916724563081454e-01 9.298301670355059168e-01 9.260627271259057602e-01 9.215046377352557050e-01 9.164534406536543054e-01 9.246133207071806082e-01
-1.635703547414998557e-02 9.677589137814118780e-02 2.940668452612698602e-01 5.180958586329447169e-01 4.816484622346153266e-01 5.259145892801765365e-01 7.322332281765143724e-01 7.140590255178663748e-01 7.388272440882952541e-01 6.861850511819291842e-01 7.465935158646321845e-01 8.079645510494662952e-01 1.000000000000000000e+00 6.150600085878502599e-01 8.285715259251738019e-01 8.259089446581296956e-01 7.193583081822507719e-01 5.837326880506180649e-01 6.107373024084059576e-01 5.851868109657387684e-01 6.198518839519852053e-01 6.441848944356607376e-01 5.786167633807944854e-01 5.700390025030794838e-01 6.407875415343152747e-01 7.025029302323813063e-01 7.050756135217722820e-01 6.913048914241307630e-01 5.954035536722619426e-01 6.126235254784256901e-01 6.141977083587955022e-01 7.179244232438724005e-01 6.690879693523021920e-01 6.974532084189621894e-01 6.733844818009367961e-01 6.912093890260753160e-01 6.643213204894434787e-01 7.743185813745736557e-01 7.575198227234815063e-01 7.376908657695988580e-01 8.111037057234343761e-01 8.037665800506808012e-01 7.873284093658194926e-01 8.097851496075944011e-01 7.639140698853855715e-01 7.576647447590632023e-01 8.443884293664597473e-01 8.368879279516667768e-01 8.274848945353362462e-01 7.733572434963709163e-01 8.089150965339216848e-01 8.027425651828991038e-01 8.208924875686580691e-01 8.261678406973513855e-01 8.098626225209577534e-01 7.869472573397686688e-01 8.059218615471716030e-01 8.367468751851164788e-01 8.146845438241444581e-01 8.397458658668979226e-01 8.355365754078526441e-01 8.185211854913452267e-01 8.209092084992684057e-01 8.156264769974412854e-01 8.224659502015649881e-01 8.287488491853248762e-01 8.303690954298703630e-01 8.179483036252791495e-01 7.984913699719675684e-01 8.343576192163367766e-01 8.218927728053462278e-01 8.041647176212163295e-01 7.975261026943347709e-01 8.038101635328039896e-01 8.238738608492899296e-01 8.149018427323175828e-01 8.067488234473577657e-01 7.725393862633560538e-01 8.004038454236725997e-01 7.892057730520622982e-01 7.879151404159416838e-01 7.919085300324645305e-01 8.211824292068655717e-01 8.043098474357652794e-01 8.175063470373327146e-01 8.067562817267160957e-01 8.025325373474297974e-01 8.293390816859297354e-01 8.245709768553178831e-01 8.159801352351894188e-01 8.173883705049082016e-01 8.405554944856284960e-01 8.269868448440786945e-01 8.263449244521825499e-01 8.487109856402595964e-01 8.449892026454791649e-01 8.313966937690739911e-01 8.283883182265092682e-01 8.487017706289273766e-01 8.408822335771241052e-01 8.413404383005725906e-01 8.398620691266641680e-01 8.453962561905700168e-01 8.472349444252730288e-01 8.382904139180407110e-01 8.398377301631854142e-01 8.454752293734523194e-01 8.408347859283515913e-01 8.357796439483966555e-01 8.481399580426562945e-01 8.399745225611578991e-01 8.528770614528221605e-01 8.421219471424772340e-01 8.429911216790044737e-01 8.336369991553990166e-01 8.430340109400472626e-01
