1.000000000000000000e+00 1.532963519839607158e-01 1.815816856844114646e-01 -2.728570841324134966e-02 -6.045004353161972932e-02 2.000632483377689022e-02 3.405920035110516358e-02 2.264405664596245982e-02 1.520515473484692071e-01 6.589311903543487725e-02 9.349432217047040639e-02 -2.109300792200964267e-02 1.711803952438277140e-02 6.181239027074683472e-03 1.258777144324641981e-02 2.152172776482701513e-02 1.171290647761275561e-01 2.461750039997943618e-01 1.930807939543002782e-01 1.055833880017991583e-01 1.865782954611157896e-01 1.550886075814118248e-01 2.345242764565028670e-01 2.516556459679493152e-01 2.027093192786401377e-01 1.345085090219919899e-01 1.141235200399595140e-01 1.831758637206116203e-01 2.527712710651930927e-01 2.062048952425649118e-01 1.647222236920552196e-01 1.246886570010332096e-01 1.676875113870704426e-01 1.198192079994341575e-01 1.877668356479324507e-01 6.208302317837450374e-02 1.451425840543890955e-01 7.483838401164399912e-02 9.134792274537860413e-02 6.638371690941897996e-02 4.585976719492346199e-02 4.080949169180028702e-02 4.677086187423368929e-02 5.101277941670143146e-02 7.163022401959584506e-02 6.106281190972420725e-02 1.537429806093441008e-02 2.832242188969524843e-02 1.293945540003429637e-02 3.570691022275854914e-02 4.286580815146731616e-02 1.750308153199759201e-03 1.221532784233784509e-02 7.512511731515263136e-02 9.788386894685754958e-02 8.704892641474551440e-02 5.803733097567052857e-02 2.917280516950913893e-02 4.828768414796612285e-02 2.115084559570715866e-02 2.041200737554263456e-02 3.885034704540699102e-02 2.867907030093436171e-02 2.759803692142277776e-02 4.840578007956703593e-02 2.952795635889008882e-02 3.279927785038894150e-02 7.231323462885703990e-02 9.196017847312625004e-02 6.173532534470745764e-02 6.019398516165062885e-02 6.721751292922389931e-02 9.797386500092540584e-02 9.101183929696400610e-02 4.543380112658606390e-02 6.661400092826397223e-02 7.536614177560406469e-02 1.059118656188755975e-01 7.127953982492873930e-02 9.614502358823978634e-02 8.961805163998395884e-02 7.375579824112676874e-02 7.235014544782189527e-02 9.185267366953292489e-02 6.134737660856531827e-02 5.603989629620557966e-02 4.395625586942941698e-02 2.962842382973962518e-02 4.393284567130856938e-02 6.139038086075885442e-02 3.562754508676507087e-02 2.205866231728430618e-02 2.694039177099536581e-02 2.112839643477932780e-02 7.069336931239327687e-03 1.170566700173202024e-02 -2.712561523900386233e-03 3.086799577199108788e-02 1.392989819307773221e-02 1.484301265168325341e-02 -1.966298982838476841e-03 7.492943800637513058e-03 4.173236601112858391e-05 4.988548130721635540e-03 5.937582760317341481e-03 2.459618946394254851e-02 1.310571311358145127e-02 2.707545610315993320e-02 4.560749278526220890e-02 1.347317991122520819e-02 8.320749407307996906e-03 1.297508077513826082e-02 7.002738338891791037e-03 1.266198149313779893e-02 3.502424572802882025e-02 1.883410192451652476e-02
1.532963519839607158e-01 1.000000000000000000e+00 1.259421623766779630e-01 6.373767018014614427e-02 5.573664733156232648e-02 9.143706283381845823e-02 1.387426145557240920e-01 1.503520046303411239e-01 2.019961457197759491e-01 1.707387368112106840e-01 1.699941429763012213e-01 1.209809842723398310e-01 1.353229589497562668e-01 9.922518366226003306e-02 1.541189930403905062e-01 1.527193705215220132e-01 1.848439281477480267e-01 2.403245516698508943e-01 2.197161102649025088e-01 1.241117741616879211e-01 2.116434760665129866e-01 2.053124274065789012e-01 2.378911719243201051e-01 2.435636636534707633e-01 2.301054019524426120e-01 2.191720800129262625e-01 1.961815300356451186e-01 2.313844457372574437e-01 2.575862910117034388e-01 2.360387467645755910e-01 2.235382155261364800e-01 2.188546235582670418e-01 2.201929899210055830e-01 1.963700284027921072e-01 2.155911598738096402e-01 1.826634992754674891e-01 2.099463903323937342e-01 1.990352804618451543e-01 1.932716528992798888e-01 1.898915985109358717e-01 1.805514074004817837e-01 1.828460110648967296e-01 1.767403157659815927e-01 1.769594119897505979e-01 1.847924042846347814e-01 1.857416863324034551e-01 1.613092836144419673e-01 1.662144401852143627e-01 1.600510850485788450e-01 1.675410417590064982e-01 1.744333560777827086e-01 1.280393954925487243e-01 1.450815539471030646e-01 1.891416660903737501e-01 2.023844048175659216e-01 1.983675462411030044e-01 1.687533280230806565e-01 1.680450302684364794e-01 1.803823848200366564e-01 1.584791766618030839e-01 1.563972093354216164e-01 1.631747676937178593e-01 1.655409131102835996e-01 1.564498112940340413e-01 1.720140952891180963e-01 1.550334320415303335e-01 1.683305742884711464e-01 1.854099009133757248e-01 1.970631930781485130e-01 1.761007740013465217e-01 1.829869101128877573e-01 1.838494000036245135e-01 1.969705163979570683e-01 1.935770311215660733e-01 1.760151713665470963e-01 1.786279273277932844e-01 1.872899399368560536e-01 2.017650754381983269e-01 1.870963297756222943e-01 1.965975250503118055e-01 1.922235144253013339e-01 1.858084257343626811e-01 1.931352640815426902e-01 1.904267097604315229e-01 1.867289740105763374e-01 1.759026256741914040e-01 1.733250131294039598e-01 1.748314398398366221e-01 1.730508349163894510e-01 1.896204653383329330e-01 1.740132716992270068e-01 1.670973924179345038e-01 1.672981963450040077e-01 1.658413019628026674e-01 1.562232764065020207e-01 1.604916891019892433e-01 1.531286705805968706e-01 1.607485431120182218e-01 1.624818570037111221e-01 1.694065399857015708e-01 1.551768759696682820e-01 1.603050336934251363e-01 1.428630654440911640e-01 1.541884697916222347e-01 1.501731700728254904e-01 1.630455747923163778e-01 1.581144650179267530e-01 1.669938730800183679e-01 1.804688743325351952e-01 1.619298188737422206e-01 1.647124947130700623e-01 1.585768039348315339e-01 1.560861905390136251e-01 1.586579553715594670e-01 1.673381168631265792e-01 1.572916095506766421e-01
1.815816856844114646e-01 1.259421623766779630e-01 1.000000000000000000e+00 2.623059296012589248e-01 1.703470376669004305e-01 2.618597188425477729e-01 2.888147172076445668e-01 2.889989284811200765e-01 3.999753329620783782e-01 3.480665449143537926e-01 4.048769779925753820e-01 3.578842930936655398e-01 3.296940460864177802e-01 2.712885520872746481e-01 3.482089947849464906e-01 3.519869908733820330e-01 3.984039957409084010e-01 4.685968136592149058e-01 4.502620644015519202e-01 3.516828617559601966e-01 4.513521768163133996e-01 4.384625236846523832e-01 4.743628490749626225e-01 4.785961736517650444e-01 4.579744179564649298e-01 4.520130942010108788e-01 4.304375390809828672e-01 4.675132153863648665e-01 4.718719937313024526e-01 4.667016162021741521e-01 4.680741507948990576e-01 4.533382143081600701e-01 4.494241471278242472e-01 4.446629302189866184e-01 4.666899314899033979e-01 3.814090885218082150e-01 4.612877735998296425e-01 4.018646098238670694e-01 4.254611589023048479e-01 3.929352105922872540e-01 3.997056171487288201e-01 3.934715158134454716e-01 3.993821189912270531e-01 4.044141588959591083e-01 4.283873795046916899e-01 4.025749884576232396e-01 3.777823051050698266e-01 3.857830261614337841e-01 3.761118394194695735e-01 3.714166702014733978e-01 3.920686000540525296e-01 3.519956947022231386e-01 3.751727944387998614e-01 4.125351140753286683e-01 4.276480871534091288e-01 4.319032577986500199e-01 3.890756923673195367e-01 3.911363659866344822e-01 3.987165389095830292e-01 3.864819767258518279e-01 3.868729275421670666e-01 3.915514808083175313e-01 3.862681725818875589e-01 3.847623947370984454e-01 4.005321273880216304e-01 3.884651446342737846e-01 3.901788396073470055e-01 4.167006333012263641e-01 4.326659036782104506e-01 4.180379071251577594e-01 4.166394321688978164e-01 4.164488542176737473e-01 4.365105443381417372e-01 4.224714107181323230e-01 4.054124109157520306e-01 4.135327856587751594e-01 4.165637539145088386e-01 4.364002750916843310e-01 4.206692446819332298e-01 4.262451178434244481e-01 4.265763078490062976e-01 4.151528659702655721e-01 4.099768699812573747e-01 4.237996066599001299e-01 4.083761115070214665e-01 4.109621949055714540e-01 4.023944959322552917e-01 3.938626341656586427e-01 3.990034476626147519e-01 4.095403610236353908e-01 3.948074719292045121e-01 3.874887277237989980e-01 3.915367779032339901e-01 3.859077583346622875e-01 3.748487981339262975e-01 3.786989136113234067e-01 3.572306000023633965e-01 3.788615201130151044e-01 3.779867652893648677e-01 3.757107731290000308e-01 3.665947947790401673e-01 3.747051527654012282e-01 3.686508804053073018e-01 3.742932501862357708e-01 3.700090366235045392e-01 3.771758338131966370e-01 3.769365149757005207e-01 3.857555219511823452e-01 3.989006778887607130e-01 3.819804121861787305e-01 3.776081338419347011e-01 3.788711469485516181e-01 3.757067810691871457e-01 3.768610226333828916e-01 3.891176736982516204e-01 3.838886949564864204e-01
-2.728570841324134966e-02 6.373767018014614427e-02 2.623059296012589248e-01 1.000000000000000000e+00 3.118611495732480088e-01 4.156264940781691508e-01 5.955739439502947263e-01 5.281142459969833114e-01 4.775886784821307685e-01 4.447737114764070410e-01 5.298418087813776545e-01 6.441189922092099840e-01 5.426285487551283371e-01 4.507669923798501288e-01 6.051613533757109753e-01 5.974869064493243398e-01 5.293579417630589479e-01 3.823811174027835769e-01 3.910320167733941088e-01 5.541143349445879496e-01 4.558766420873506253e-01 4.664947782214418637e-01 3.477703104657005051e-01 4.030897313783746161e-01 4.383461549136740687e-01 5.582380960856840879e-01 5.574340480676523990e-01 4.901831963967904771e-01 3.546349281919111140e-01 4.205054682266857746e-01 4.828231353691225802e-01 5.244630553596615341e-01 4.482045545379896301e-01 5.299332148801273457e-01 4.533916153726095244e-01 5.818387823550724702e-01 5.171971876614688268e-01 5.478741917605634004e-01 5.475908647526975814e-01 5.647695279675015723e-01 5.893470915154405132e-01 6.063419262541401844e-01 5.994731562067889818e-01 5.953202806286344018e-01 5.969241782600384072e-01 5.500729957700302153e-01 5.793861723403946895e-01 5.687767244186491267e-01 5.822290383330566144e-01 5.775756450550600940e-01 5.926566651806153274e-01 6.243649724758146835e-01 6.079877745322912475e-01 5.441400116885329874e-01 5.390266645772145981e-01 5.480519493764398620e-01 5.459804517091755294e-01 5.833193204839357549e-01 5.646746580325354703e-01 5.887615033980321266e-01 5.880345862749440933e-01 5.688980082265524540e-01 5.785645934842201799e-01 5.696564903450427320e-01 5.813386723207543128e-01 5.856940887501406179e-01 5.786690147217530278e-01 5.505068180575959369e-01 5.490802196494176668e-01 6.175491856431227777e-01 5.760328543427173376e-01 5.678161516516156970e-01 5.472129156839570241e-01 5.425413333286673856e-01 5.988940167712931695e-01 5.758868215510394295e-01 5.564672643366102012e-01 5.140796823633375645e-01 5.531337273119092401e-01 5.259131231122540218e-01 5.531429479083236345e-01 5.513474425884300478e-01 5.614183766199719594e-01 5.361931187548393263e-01 5.758647649423187520e-01 5.756421625497912808e-01 5.815174253617482192e-01 5.881970986037010629e-01 5.810351157850860426e-01 5.666124109020022059e-01 5.995570786260449037e-01 5.990436966787060502e-01 5.996322379177948525e-01 5.956310951169282442e-01 5.871960033760231790e-01 5.790868635251813501e-01 6.276510410957709674e-01 5.927325840795084622e-01 6.042717720257544389e-01 6.091480935987437784e-01 6.135694808382807786e-01 6.028982110599367950e-01 6.079665026551723805e-01 6.085264160873448125e-01 6.118079212387704802e-01 5.813701746310868668e-01 5.845694577209439302e-01 5.745309393961453015e-01 5.763133417576702389e-01 5.886192664900531391e-01 5.930805492256149281e-01 5.896991877309337715e-01 5.940861682216214135e-01 5.920507590880558224e-01 5.871252425501178873e-01 5.919234306386047528e-01
-6.045004353161972932e-02 5.573664733156232648e-02 1.703470376669004305e-01 3.118611495732480088e-01 1.000000000000000000e+00 3.283293873959856612e-01 4.618401985912377050e-01 4.293428509240048707e-01 3.863971251602276169e-01 3.771832819605515641e-01 3.977156408460136294e-01 4.621657151421928456e-01 4.518625301377831582e-01 3.591815716337514730e-01 4.860627273931631964e-01 4.799896906604094182e-01 3.931343298715938017e-01 2.714846363217339742e-01 3.119331288670034175e-01 3.046757999472453071e-01 2.990080765649750782e-01 3.414881605284572075e-01 2.981266509890020955e-01 2.924980229294109613e-01 3.316031372443130620e-01 4.119106442710290805e-01 4.135349313599602783e-01 3.772589699478632319e-01 3.031603128892917387e-01 3.491965956040072316e-01 3.921450702234983710e-01 4.113233594165766616e-01 3.514595230417837390e-01 3.976050117600917200e-01 3.523389776236710014e-01 4.406150041962826891e-01 4.049192651481685612e-01 4.351744694457934104e-01 4.362005028348639457e-01 4.330722777810324664e-01 4.619307441194967501e-01 4.631064681296770957e-01 4.552007391318174112e-01 4.687984677337559969e-01 4.533811987924286635e-01 4.446014725504056075e-01 4.744596921849637550e-01 4.675762206685975531e-01 4.763905537518555167e-01 4.425296632320542267e-01 4.611815726655988379e-01 4.627869818603576602e-01 4.746094770722099065e-01 4.414235162186254668e-01 4.258571211958303016e-01 4.442416204707148597e-01 4.440259243090006747e-01 4.660976621960441491e-01 4.604769237002785398e-01 4.791707686730318771e-01 4.726375363563720122e-01 4.713576210685154200e-01 4.684926459397512621e-01 4.726371613908779690e-01 4.615347432133706240e-01 4.669409646314828244e-01 4.723735721431497891e-01 4.538099096129346588e-01 4.422643542186976418e-01 4.591966799840049851e-01 4.499151937047455307e-01 4.448457715846537153e-01 4.353113710481693044e-01 4.324933661800565710e-01 4.700509993228918493e-01 4.593303915711749452e-01 4.543023108073407368e-01 4.318271208299229724e-01 4.487547349103788163e-01 4.393334126679391827e-01 4.453567448828010256e-01 4.519698852387571408e-01 4.566841418792225160e-01 4.362487598861697347e-01 4.547177163061758565e-01 4.524066761340500564e-01 4.627788108187451122e-01 4.716435487917255420e-01 4.631655784970912793e-01 4.630843273607431754e-01 4.734113086325327235e-01 4.786659826224104464e-01 4.780220156524983000e-01 4.750630592668792507e-01 4.803105213379450511e-01 4.790692099332305998e-01 4.806698079493233466e-01 4.663785848140064028e-01 4.801170014443117418e-01 4.813662691059383270e-01 4.832702081307683195e-01 4.818276683326853660e-01 4.841500374886538172e-01 4.837569880998089378e-01 4.800108324511246916e-01 4.733125623504906843e-01 4.788222784999854320e-01 4.722364422818964291e-01 4.655221671948127082e-01 4.811750910851916863e-01 4.820184421329379298e-01 4.816534666849644486e-01 4.835036593144960704e-01 4.813614703334108680e-01 4.715134430347793226e-01 4.775923289882557654e-01
2.000632483377689022e-02 9.143706283381845823e-02 2.618597188425477729e-01 4.156264940781691508e-01 3.283293873959856612e-01 1.000000000000000000e+00 5.242353882662289521e-01 4.653543413433943177e-01 5.299583202972580898e-01 4.898353400432076121e-01 5.429089998869903733e-01 5.922217519468513380e-01 5.399101409489260872e-01 4.383191335583924153e-01 5.931870801650068747e-01 5.905915555114802373e-01 5.422242399194953100e-01 4.428144046777177656e-01 4.951284371198098055e-01 4.290666639271573657e-01 4.724152611369702437e-01 5.200575733699011050e-01 4.540379174030649834e-01 4.709712055260487640e-01 5.032747418666108086e-01 5.746146748189180364e-01 5.664250206808975063e-01 5.447202567492056557e-01 4.607670269068036006e-01 5.143137317558178490e-01 5.551743400504929316e-01 5.629349176294031754e-01 5.132223003621598778e-01 5.689771225698673218e-01 5.192037388451894442e-01 5.820633219106722267e-01 5.699199967820210988e-01 5.824943863433942326e-01 5.901242458814307534e-01 5.823510276900553118e-01 6.000141297693015741e-01 6.031027900922214524e-01 5.909429557702519098e-01 6.038022149845110320e-01 6.002346019086416407e-01 5.903098850071754056e-01 6.021199126424723325e-01 5.970935181804282177e-01 5.989200071104234802e-01 5.866164575056531660e-01 5.977145477110733518e-01 5.830671085253871233e-01 5.931397170922183548e-01 5.848178052757131429e-01 5.757257179240194978e-01 5.887425144872003857e-01 5.773995008506199733e-01 6.057360100627019461e-01 5.963234957148886295e-01 6.046075063689433371e-01 6.044963214786940320e-01 5.942497889631818131e-01 5.955768468620163958e-01 5.934588844570890531e-01 5.962282272123653470e-01 5.947364290328918113e-01 6.023918987363450217e-01 5.939742832330278111e-01 5.915182719014319135e-01 6.015019249228422682e-01 6.026232904234412047e-01 5.984327271889249289e-01 5.904890983672050897e-01 5.903898074955897801e-01 6.063917329845345261e-01 5.980630333686309807e-01 5.942595256005772653e-01 5.745498375988100648e-01 5.957627329037912256e-01 5.811072235525531759e-01 5.894049382138722981e-01 5.945008077040360162e-01 5.951595559622849807e-01 5.824919927686382781e-01 5.990222034288787967e-01 6.009037999733153335e-01 6.036056249843051447e-01 6.068083987001609003e-01 6.063359668767142052e-01 6.006642687389727175e-01 6.039916570448339295e-01 6.085447717573946314e-01 6.082562969431322131e-01 6.079129935662809237e-01 6.045580521781244165e-01 6.016438162275882240e-01 6.006756625593888677e-01 5.945184793899975784e-01 6.033588289471532029e-01 6.050347091182706194e-01 6.075064120255805333e-01 6.024902929842986810e-01 6.031083465337481186e-01 6.072510480008248557e-01 6.059129671317223798e-01 5.954645352288049365e-01 6.018739145317755224e-01 6.026507105229327310e-01 5.996906055620351284e-01 6.054094137233229089e-01 6.045789214404004852e-01 6.052670225939213999e-01 6.027015951790851700e-01 6.028377149303575377e-01 6.030262466872720051e-01 6.007797273207938771e-01
3.405920035110516358e-02 1.387426145557240920e-01 2.888147172076445668e-01 5.955739439502947263e-01 4.618401985912377050e-01 5.242353882662289521e-01 1.000000000000000000e+00 7.033619415163694377e-01 6.690404111926511188e-01 6.338107339198744139e-01 6.820214708235393664e-01 7.609781297648373632e-01 7.039541250896105273e-01 6.007830231406366961e-01 8.234823971331034498e-01 7.926308117645910478e-01 6.842952549247697247e-01 5.046756113621793105e-01 5.650724911830216080e-01 5.708617269891979040e-01 5.682149124728529399e-01 6.160382912346531459e-01 5.113677238501467270e-01 5.501844998318795588e-01 6.008848842780754040e-01 7.353989448887932046e-01 7.273047825297817015e-01 6.822220799819950221e-01 5.528837080616362254e-01 6.221459183832301898e-01 6.776527624137330674e-01 7.126420535355710850e-01 6.369573706835466309e-01 7.070761710985030701e-01 6.437191569551541370e-01 7.440251917289798511e-01 6.999440636675390293e-01 7.538668586882772971e-01 7.486335590294037612e-01 7.657810024741041888e-01 7.752492603600773524e-01 7.935429134229826653e-01 7.780687326394117864e-01 7.791681622811069685e-01 7.682577193378760105e-01 7.516794151224445164e-01 7.697436998544667786e-01 7.637431758087951383e-01 7.734322766651554604e-01 7.561238253364754858e-01 7.789722916505160688e-01 7.539016322312621643e-01 7.706108380344819375e-01 7.425453203358003407e-01 7.276936668155833399e-01 7.420413522069867485e-01 7.352647738187483295e-01 7.768302426010781359e-01 7.692549323994157806e-01 7.759373433024585598e-01 7.743017867047927716e-01 7.651745623679384600e-01 7.713736132208541818e-01 7.633166286143870938e-01 7.578104589815040093e-01 7.614332596177151302e-01 7.689683791585116834e-01 7.419906570124600309e-01 7.376904744017672710e-01 7.677408753860124335e-01 7.604151328407403598e-01 7.487247206673546263e-01 7.314044150765731667e-01 7.330195884099928172e-01 7.828240133785691057e-01 7.646810564725138315e-01 7.542220656593102701e-01 7.185316824709644390e-01 7.521330728171292668e-01 7.282052619645286162e-01 7.461217068261037921e-01 7.493061803678874311e-01 7.532552314186411468e-01 7.333470613567615315e-01 7.658084742432851311e-01 7.588620806715666856e-01 7.690573768216119044e-01 7.866266040041923757e-01 7.722754878404380907e-01 7.613418692604850824e-01 7.873826193268952389e-01 7.902548832854743299e-01 7.834700120283418778e-01 7.848864547435986383e-01 7.763895994201379658e-01 7.713009621157639328e-01 8.015597335100087539e-01 7.674586546142706522e-01 7.865291151241886602e-01 7.956911626901826962e-01 7.973387773704478931e-01 7.883195619472235238e-01 7.797937178693905569e-01 7.909688516070266795e-01 7.840926286409009016e-01 7.668902602011445913e-01 7.743824411388980922e-01 7.692817680478135633e-01 7.702804137649517102e-01 7.811962349571006659e-01 7.859202866991283898e-01 7.779799556054443066e-01 7.813965933124166208e-01 7.785403778613199099e-01 7.710799422373900702e-01 7.713886471130770861e-01
2.264405664596245982e-02 1.503520046303411239e-01 2.889989284811200765e-01 5.281142459969833114e-01 4.293428509240048707e-01 4.653543413433943177e-01 7.033619415163694377e-01 1.000000000000000000e+00 6.438153923099207976e-01 6.219005247491368182e-01 6.752398997309233541e-01 7.315239558809307763e-01 6.897157703600514944e-01 5.701575329612695864e-01 7.722421186906248680e-01 7.823933008755605822e-01 6.724832411569187096e-01 5.178989076041681239e-01 5.785672402662251912e-01 4.964911508135032014e-01 5.651010206138383785e-01 6.139156973748900459e-01 5.223374351253637915e-01 5.474917775624212890e-01 5.980417552254465585e-01 7.234796175174155186e-01 7.053541739034475677e-01 6.661512765712974682e-01 5.583358889333475128e-01 6.207380963439356192e-01 6.663363380977586070e-01 7.025256540038443687e-01 6.393935047790697546e-01 6.904433432639319745e-01 6.435325279257422260e-01 7.315186632735097838e-01 6.905258859528186077e-01 7.392427291029323166e-01 7.312229379040843247e-01 7.368789673875794088e-01 7.590712680532112344e-01 7.710951083230296321e-01 7.700889538616897401e-01 7.638365573711096701e-01 7.476348569709129199e-01 7.354718576194597679e-01 7.560885384424006483e-01 7.529816483974728358e-01 7.600281660960478414e-01 7.418271514670847777e-01 7.695475587667919282e-01 7.341291045638861368e-01 7.532279732509272741e-01 7.356569247837468906e-01 7.299119725610588860e-01 7.302662001506454725e-01 7.372515089462208238e-01 7.667363378531225626e-01 7.607848595240974676e-01 7.608755258177533065e-01 7.667795682119704637e-01 7.565593239716675855e-01 7.636424745023046023e-01 7.551214918919818553e-01 7.497666812165914019e-01 7.504232352134474482e-01 7.555847729134456126e-01 7.364562366781385316e-01 7.268055880344730380e-01 7.395327650637287809e-01 7.443857239531216363e-01 7.372225657960659317e-01 7.195828595749794721e-01 7.185895366912427029e-01 7.663199319939189014e-01 7.488588166809057034e-01 7.384402016804553215e-01 7.127650288865802208e-01 7.369355685576439718e-01 7.213806849481121386e-01 7.293539284766815678e-01 7.361793257854566397e-01 7.444660500772528611e-01 7.290732970930074996e-01 7.550250812339234230e-01 7.393897418009993672e-01 7.513371306445917330e-01 7.681329973405496281e-01 7.559909721719276776e-01 7.509692492942008357e-01 7.654169703307318606e-01 7.710157792213178096e-01 7.616832405867228761e-01 7.672532170169994448e-01 7.607150122932145875e-01 7.572431823709715459e-01 7.824583104597139238e-01 7.638673080589516440e-01 7.778814862003905484e-01 7.804174688825071815e-01 7.822395991450250552e-01 7.774182939970395445e-01 7.612838461610152985e-01 7.747232407140400845e-01 7.663120870571068499e-01 7.655187845152838788e-01 7.608239568391202967e-01 7.563515373248782536e-01 7.600781130573533995e-01 7.665287730488827833e-01 7.725077457874469644e-01 7.633969425809088438e-01 7.703306983848067224e-01 7.688931117174637730e-01 7.574616916101499786e-01 7.588744363842352403e-01
1.520515473484692071e-01 2.019961457197759491e-01 3.999753329620783782e-01 4.775886784821307685e-01 3.863971251602276169e-01 5.299583202972580898e-01 6.690404111926511188e-01 6.438153923099207976e-01 1.000000000000000000e+00 7.560936899989801896e-01 7.995548738219238061e-01 7.875347404838215493e-01 7.301580821566520108e-01 6.070822483007732862e-01 8.085594624314480505e-01 8.070047835046744167e-01 8.088572720909295022e-01 7.265938754589538195e-01 7.972005264670453117e-01 5.540791489141045911e-01 7.271033134213487070e-01 8.010921887582426182e-01 7.666182447443650183e-01 7.635928108068505971e-01 8.026093480123098756e-01 8.498995128853001901e-01 8.450224639865613341e-01 8.517346147223253672e-01 8.086074424237688074e-01 8.492755364431571197e-01 8.718363827490535067e-01 8.595699058041329499e-01 8.211207420781080346e-01 8.459298817862301867e-01 8.425278542951766259e-01 8.132108177631794943e-01 8.606628486182920090e-01 8.495528721696452568e-01 8.607840587614733474e-01 8.301914599961270902e-01 8.540507261500354108e-01 8.439373352821505359e-01 8.372206019591337256e-01 8.599633908255698289e-01 8.604703515000420300e-01 8.615918064525671660e-01 8.490436384903700118e-01 8.621833559427630744e-01 8.489146310230202275e-01 8.245646970877842374e-01 8.464141077728649654e-01 7.892270824095548587e-01 8.217918070288615651e-01 8.713906012188626926e-01 8.669324794370343312e-01 8.709914803616128909e-01 8.462358881286687895e-01 8.564839086861423256e-01 8.590967722790525674e-01 8.568537640127582566e-01 8.511647696619710768e-01 8.583277365498286349e-01 8.536022673148018214e-01 8.540993693152187927e-01 8.561583428834694809e-01 8.530804265807896414e-01 8.602602543491920661e-01 8.669520741028950983e-01 8.696560259121726144e-01 8.403802794992609737e-01 8.648734021443446052e-01 8.665617502836507891e-01 8.673007452637017112e-01 8.648015230896197725e-01 8.625883798802237434e-01 8.718275846146158470e-01 8.721805543781023795e-01 8.790195352631838821e-01 8.734342431096737691e-01 8.728511352357413156e-01 8.682367728046173072e-01 8.743654985008515457e-01 8.694883354514941765e-01 8.691840727313254744e-01 8.615037089756156785e-01 8.630608663642110878e-01 8.587159435340790958e-01 8.551986864662184384e-01 8.595990453504699369e-01 8.665459579388478106e-01 8.538359186579358440e-01 8.534440790832451551e-01 8.560499230893114930e-01 8.542256658283281512e-01 8.477098820637046783e-01 8.541931829987824409e-01 8.162885177173319073e-01 8.390480226778663786e-01 8.413359954282260134e-01 8.383695946517887299e-01 8.344544675502642006e-01 8.401946032428699862e-01 8.348949746871978661e-01 8.435150504123408721e-01 8.363434860591830722e-01 8.475700747465838569e-01 8.499705403299329110e-01 8.582290470246358716e-01 8.620700914223646816e-01 8.538153144980844544e-01 8.455717323088658421e-01 8.509710716116591911e-01 8.445510764275525606e-01 8.486224966573386874e-01 8.550037346705013919e-01 8.513453073541232818e-01
6.589311903543487725e-02 1.707387368112106840e-01 3.480665449143537926e-01 4.447737114764070410e-01 3.771832819605515641e-01 4.898353400432076121e-01 6.338107339198744139e-01 6.219005247491368182e-01 7.560936899989801896e-01 1.000000000000000000e+00 7.276570593023808931e-01 7.454585575972424438e-01 6.931302594402981576e-01 6.039063564869555645e-01 7.753999619084883665e-01 7.668805651910487464e-01 7.287245786172398265e-01 6.346731907073680512e-01 7.125674979123746144e-01 4.685991087891958617e-01 6.371541328288193862e-01 7.281863134068476962e-01 6.688920727669770416e-01 6.736242065900108766e-01 7.173590344694433796e-01 7.706634043736771966e-01 7.750039276231296403e-01 7.647476325665755192e-01 7.045342382546453397e-01 7.578422971616172177e-01 7.889208969263069582e-01 7.838604415220836730e-01 7.349493509504063660e-01 7.723580989379735806e-01 7.491885647815225147e-01 7.695701874785296770e-01 7.901510066267973809e-01 7.967250785901918153e-01 8.024616967993335459e-01 7.795452480765961978e-01 8.035847765962017553e-01 7.988455209511362565e-01 7.900116540229723539e-01 8.108798840188840007e-01 8.016202216586356677e-01 8.126052130296644860e-01 8.058698093202014689e-01 8.171599241090061749e-01 8.060116585097258923e-01 7.703882356186868563e-01 7.980248649885928192e-01 7.508151425985030158e-01 7.819543817334210223e-01 8.119992000100770824e-01 8.022146698575933765e-01 8.052324340642794676e-01 7.864705102036175788e-01 8.119921109830942063e-01 8.082433334511038847e-01 8.116200027644159265e-01 8.076608139937263564e-01 8.074437136608272336e-01 8.016027661278570804e-01 8.068401051648802502e-01 8.068044971259067388e-01 8.034506920991961731e-01 8.152299860083421779e-01 8.129992253140865266e-01 8.100247161433269394e-01 7.765886462201732066e-01 8.131502250197960580e-01 8.137585715670766495e-01 8.064849299400430604e-01 8.079615269344053718e-01 8.136398317643517286e-01 8.130838380623488515e-01 8.121283668014397383e-01 8.083399473804397939e-01 8.157991152791567169e-01 8.116009303122024843e-01 8.086949142282056080e-01 8.172472967423342061e-01 8.182442339594280245e-01 8.044486502705036068e-01 8.041545113663282063e-01 8.056808734153079188e-01 8.109345012404680642e-01 8.147497433404260470e-01 8.134412275431848194e-01 8.176745007185818315e-01 8.078169060205916407e-01 8.111169675668894463e-01 8.108976947657052792e-01 8.125584936394636415e-01 8.090209137131607608e-01 8.129428032947330074e-01 7.835130508233754121e-01 7.920165130834447842e-01 8.043348721306092797e-01 8.007934933541939193e-01 7.999060510995260609e-01 8.049823185011939497e-01 7.971424381122141911e-01 8.056549078067403169e-01 7.987371394586276763e-01 8.068200674356800217e-01 8.100297182525917350e-01 8.143692171756147236e-01 8.164482048316792362e-01 8.129634334472142232e-01 8.113110211053624621e-01 8.115713530597338243e-01 8.079631405665945731e-01 8.088116850566688942e-01 8.103214037424055771e-01 8.089394306919046596e-01
9.349432217047040639e-02 1.699941429763012213e-01 4.048769779925753820e-01 5.298418087813776545e-01 3.977156408460136294e-01 5.429089998869903733e-01 6.820214708235393664e-01 6.752398997309233541e-01 7.995548738219238061e-01 7.276570593023808931e-01 1.000000000000000000e+00 8.330590747126147555e-01 7.623458657371888769e-01 6.405137307373013345e-01 8.325851200303150401e-01 8.294816372041931007e-01 8.067561619317552557e-01 7.232441630289405676e-01 7.837626694390206206e-01 5.971355476037504273e-01 7.418643382011467224e-01 8.015876592717884330e-01 7.396762759930255449e-01 7.592647912947242395e-01 7.984447147987936422e-01 8.577490412857483593e-01 8.552379038048011362e-01 8.483985846381119078e-01 7.749983644501213798e-01 8.276234783747759005e-01 8.724456472432849941e-01 8.574688801891133805e-01 8.197991143414740112e-01 8.557063025862746697e-01 8.329385797899482302e-01 8.425404472704234315e-01 8.709499448792868970e-01 8.629557582685681849e-01 8.756209847049087891e-01 8.505389412773197710e-01 8.807670048412409303e-01 8.706481113573455444e-01 8.617343494472627929e-01 8.857127492816829761e-01 8.845072149835182529e-01 8.758792401257859961e-01 8.754545567382635562e-01 8.795230309076284003e-01 8.754351992999421794e-01 8.537706279742589555e-01 8.718998302488065733e-01 8.361163745156456883e-01 8.630672467265674275e-01 8.785331862356555721e-01 8.757999166775972677e-01 8.824747610789398511e-01 8.632889703459434294e-01 8.816601266305832407e-01 8.792398809100090418e-01 8.832452711529158451e-01 8.829737167472163639e-01 8.810702320290324518e-01 8.782888799167741789e-01 8.761083377905235503e-01 8.818127223933858172e-01 8.790561461763145568e-01 8.825824216067700290e-01 8.881135877857686545e-01 8.874692303116274994e-01 8.732193120191444891e-01 8.887847843256523328e-01 8.906803426122504863e-01 8.828297592256129089e-01 8.829479007746918739e-01 8.898535383289308820e-01 8.903492515938058460e-01 8.879324780824918717e-01 8.815486605145600452e-01 8.886532827843943716e-01 8.853618064756224593e-01 8.884393822357210535e-01 8.926706353516213888e-01 8.848702829839973916e-01 8.838181742628389292e-01 8.863535808106989267e-01 8.859751974470766456e-01 8.872329502078695196e-01 8.820558465181428387e-01 8.862654431805153665e-01 8.852562938411674409e-01 8.844752096676951059e-01 8.835943988618983891e-01 8.867656024901144907e-01 8.831343051136104627e-01 8.767912943558543448e-01 8.800920277712750428e-01 8.618612516106685106e-01 8.741435735904070636e-01 8.767555006296836595e-01 8.746545108231282839e-01 8.709642494138802871e-01 8.767806869455200269e-01 8.742801146440186688e-01 8.779614714133835429e-01 8.752621685809625074e-01 8.759027367842656675e-01 8.787176352913963484e-01 8.826536819189221283e-01 8.868002059680910598e-01 8.820091937882501565e-01 8.776010183219413729e-01 8.806198888017650050e-01 8.772536684341826208e-01 8.780805981758563750e-01 8.832305744437852768e-01 8.804578803842444401e-01
-2.109300792200964267e-02 1.209809842723398310e-01 3.578842930936655398e-01 6.441189922092099840e-01 4.621657151421928456e-01 5.922217519468513380e-01 7.609781297648373632e-01 7.315239558809307763e-01 7.875347404838215493e-01 7.454585575972424438e-01 8.330590747126147555e-01 1.000000000000000000e+00 8.099090180201273803e-01 6.832288820288977549e-01 9.016041745522123119e-01 8.916528142240937038e-01 8.167001699311415841e-01 6.298804691486179497e-01 7.099709728852757751e-01 6.311242853584829726e-01 6.839746321044569699e-01 7.646364366429188042e-01 6.477034230354188349e-01 6.614930728555834527e-01 7.349939081253743511e-01 8.488469734507601006e-01 8.626729475922310098e-01 8.119984339283744523e-01 6.816706517400672460e-01 7.617668071234187099e-01 8.313134819272686160e-01 8.438956344007350063e-01 7.755073650467343427e-01 8.488380211991953805e-01 7.804088658880848905e-01 8.818084139428046253e-01 8.481722680302463679e-01 8.783674634461378083e-01 8.851556974948102674e-01 8.780598219294238893e-01 9.181149643712817054e-01 9.156674365040772257e-01 9.006756367311498090e-01 9.216333811397482423e-01 9.107630093652662184e-01 8.963473411769605770e-01 9.241737849778233205e-01 9.217633118110650781e-01 9.259363271133288498e-01 8.927276989650126948e-01 9.111511015197949481e-01 9.108277354988085772e-01 9.225659570872883908e-01 8.946432748026845738e-01 8.761193836094919307e-01 8.873102484573877069e-01 8.928365181118278482e-01 9.214390879072985596e-01 9.078394384989629806e-01 9.311008351035110486e-01 9.282811300542858080e-01 9.176259388805270145e-01 9.197307644784534775e-01 9.190675975482903715e-01 9.188229681356173684e-01 9.263642713836972575e-01 9.241812438641716643e-01 9.015868978593447602e-01 8.922686798850755219e-01 9.116607301085083437e-01 9.127065019062060580e-01 9.095589754025928952e-01 8.836301154406107639e-01 8.866497021069904561e-01 9.268593971202202519e-01 9.155470024419755104e-01 9.059711748443110002e-01 8.741499494791709068e-01 9.030840887974571629e-01 8.844125977508843217e-01 8.966132454823132480e-01 9.071922909482765807e-01 9.043016530165857159e-01 8.871222866684013164e-01 9.093618448591576087e-01 9.109326538985448307e-01 9.213850674062958879e-01 9.228161781136778874e-01 9.204210875908637179e-01 9.079086977166977990e-01 9.256569706996886637e-01 9.312855703698894594e-01 9.304747701649648262e-01 9.303684986176461447e-01 9.297291797376933120e-01 9.284887009436793015e-01 9.265879894876746237e-01 9.193138645406143672e-01 9.303211764176646525e-01 9.263749518418008533e-01 9.310225488765642154e-01 9.292374491046423435e-01 9.352930713114528949e-01 9.356596491311720554e-01 9.343360278103955974e-01 9.223930183274516859e-01 9.297907843605403011e-01 9.226494757802947699e-01 9.174405435731211034e-01 9.293485894959057081e-01 9.285699897352801546e-01 9.320189413533722655e-01 9.304945730958893435e-01 9.301634889417683683e-01 9.255133022573992507e-01 9.305852274637109733e-01
1.711803952438277140e-02 1.353229589497562668e-01 3.296940460864177802e-01 5.426285487551283371e-01 4.518625301377831582e-01 5.399101409489260872e-01 7.039541250896105273e-01 6.897157703600514944e-01 7.301580821566520108e-01 6.931302594402981576e-01 7.623458657371888769e-01 8.099090180201273803e-01 1.000000000000000000e+00 6.202214102913292670e-01 8.346207622818377914e-01 8.243047037807904598e-01 7.543286824563474324e-01 6.133082943042289514e-01 6.784775091900432376e-01 5.402661581438163996e-01 6.324627821802863981e-01 6.903025902049896301e-01 6.347303349870571099e-01 6.390017637300564601e-01 6.818603365843061148e-01 7.888319046190724881e-01 7.879657065453926634e-01 7.559218770265566656e-01 6.579797936343196874e-01 7.209188027933238763e-01 7.737462184380585750e-01 7.879412009301164366e-01 7.225831060192623445e-01 7.840981582313231169e-01 7.295918506670630022e-01 8.045868578728303522e-01 7.877568490458362049e-01 8.135746858348704702e-01 8.234846181090511585e-01 8.030337827189860667e-01 8.420011456013748452e-01 8.364682804399310445e-01 8.298636274317652273e-01 8.435649314899704709e-01 8.318850840132478996e-01 8.286905519211240634e-01 8.513518349076140135e-01 8.490558705871047440e-01 8.485740688233522899e-01 8.157911625955316381e-01 8.374177724190076111e-01 8.203921075300565358e-01 8.442118119620461991e-01 8.312691429043714830e-01 8.181661152329294806e-01 8.294073666277624879e-01 8.203874149578262998e-01 8.466915638347048967e-01 8.401216934940678449e-01 8.535141373398190678e-01 8.520860359452597788e-01 8.448638184003327556e-01 8.439062890309900755e-01 8.454118249745775637e-01 8.440147785481444398e-01 8.460313389665058414e-01 8.516809860811215271e-01 8.413045453779336436e-01 8.325095978190801826e-01 8.284625204712514623e-01 8.347450671646815534e-01 8.347354425458985983e-01 8.230622148036725871e-01 8.205720928583745133e-01 8.518135754781861468e-01 8.460003780599157919e-01 8.392735269962050548e-01 8.190062976021224017e-01 8.373942326828285321e-01 8.291726677817515823e-01 8.320528551262044159e-01 8.400937256029957778e-01 8.422823828662620027e-01 8.268664038383500836e-01 8.409664683386744999e-01 8.382643791976697178e-01 8.470582339551415707e-01 8.514403066396819542e-01 8.516167591221550648e-01 8.455674922276681382e-01 8.512536028438447699e-01 8.559650227951052237e-01 8.537757092247441060e-01 8.537738782576589358e-01 8.563825868257410878e-01 8.550995831817742587e-01 8.492202704544979941e-01 8.458206548978135508e-01 8.580555534047157318e-01 8.565836519842010555e-01 8.544521702576128863e-01 8.559980838779107648e-01 8.545503659273150365e-01 8.586995199782881949e-01 8.544329467377302922e-01 8.496722356122927700e-01 8.549394099642192435e-01 8.528995485526832399e-01 8.507756429658606123e-01 8.562203753955586194e-01 8.546883488048939714e-01 8.572724973187776376e-01 8.563054285042972502e-01 8.558333201289749503e-01 8.511366722578216359e-01 8.534105878041278181e-01
