1.000000000000000000e+00 1.457628546726316976e-01 2.776399645326275197e-03 -3.507626785449922263e-02 -4.764498811734813738e-03 -1.281820839116184704e-02 1.583499486830733036e-02 4.683018428013168560e-02 1.056784363602938925e-01 4.613423984575051179e-02 1.778519850101195621e-02 -4.617825081088914110e-03 4.708550808155110429e-02 3.577519228966082997e-03 -3.665828258875745375e-03 -1.064101763124287309e-02 5.692435543848623630e-02 6.681557186101645673e-02 7.613213213443634220e-02 -3.284809336730258600e-02 4.579243816673925216e-02 7.655198406559120261e-02 9.051926617815600484e-02 5.146124358276733812e-02 8.504553485933442902e-02 7.897226091701098349e-02 5.580255528017491473e-02 4.784139067546016449e-02 1.309501901858616535e-01 1.009458127555030449e-01 6.513869484955582545e-02 3.774305823594829162e-02 5.835698889568950026e-03 2.593581322916225021e-02 4.834899380401272428e-02 2.013789209972279004e-02 2.911681552373756796e-02 -1.031462395142447412e-02 1.800339417218535520e-02 -2.855197565386280792e-02 1.194051678825609752e-02 7.754660914079418085e-04 -7.558964823421387112e-03 1.103941155382126213e-03 1.274560224874315625e-02 1.407356643522931355e-02 7.004400502577406810e-03 1.182439770957864622e-02 7.828063128920243960e-03 -5.645057278954802166e-03 9.639898088610249823e-04 -2.150017530738702540e-02 5.642226499628766713e-04 3.286914697944230690e-02 3.911913112110350366e-02 4.284265393008099276e-02 2.181614481214911444e-02 -2.820930932781382655e-03 -1.346704912453445396e-02 1.251844182585951960e-02 8.942778351439173087e-03 2.093167786771068378e-03 6.293029305507329835e-03 1.714712295477783047e-02 2.375721406122060023e-02 2.374261090037562208e-02 1.137008998111709544e-02 1.415901923793706774e-02 2.810093409552113369e-02 -4.481303794474325586e-03 1.831556144143630174e-02 2.615940478042183895e-02 2.333143365915836195e-02 2.903412999694432797e-02 2.211938929785312383e-02 1.890141737312452455e-02 2.324125354620330472e-02 5.223601101311620143e-02 3.310071340489874336e-02 4.024629188722004397e-02 2.999506443175533818e-02 2.386718337670546905e-02 2.411249713479605636e-02 2.265783783152156700e-02 -4.573326829796895213e-03 1.255517104411690843e-02 9.768729353646378108e-03 -2.218890073198570741e-03 4.563078414988113243e-03 2.198847752207179485e-02 -1.347220333346942165e-03 3.238293987282270855e-03 2.552328135048533963e-03 4.076161469306727181e-03 4.088421179140961574e-04 6.184101363946017428e-03 -1.282166645357561349e-02 1.286500349361301837e-02 -4.373749264761384384e-03 9.113635353183653686e-04 -2.207510072750301644e-03 -2.415312665870995683e-03 -2.361513046683400615e-03 -3.765626917185659669e-03 1.605020728644129813e-03 1.044917985543347867e-02 8.200582474630431842e-03 1.806590277886421791e-02 1.650403673955541661e-02 1.501682189719890466e-03 -8.140876651776847786e-03 8.421125299518817525e-03 -2.222777925730620198e-03 9.783281191749843009e-03 9.108789606195221572e-03 7.264048043025579139e-03
1.457628546726316976e-01 1.000000000000000000e+00 -2.217248196170632044e-03 -5.888879988248057681e-03 2.179361556452029045e-02 1.155523063904272119e-01 9.066947737549904685e-02 5.348130131062815013e-02 1.604104871635926577e-01 1.949714843529259667e-01 1.123108769990669720e-01 8.465630762580765578e-02 1.220435956502588237e-01 1.325415548785439102e-01 1.257756498093509367e-01 1.032713397726922611e-01 1.513453540780676787e-01 8.540286846540372234e-02 1.321274735664439148e-01 -2.260155550368478025e-02 3.886199192817658271e-02 9.418926492729047528e-02 1.513250090973044804e-01 1.030179124539300911e-01 1.439418487063671148e-01 1.709099324733581726e-01 1.574931821908546470e-01 1.608547962004706899e-01 1.821595746709427921e-01 1.748644323034075077e-01 1.905699947974016095e-01 1.241042245620944673e-01 1.052593250486120874e-01 1.134999979296072853e-01 1.293315291333953232e-01 1.124246159581280269e-01 1.361889570151490758e-01 1.106027834277616417e-01 1.426792713640994692e-01 8.968612850607897424e-02 1.424202758392125734e-01 1.252940563559402920e-01 9.493666509101289508e-02 1.094838640301876859e-01 1.342812563409188920e-01 1.386824608901502109e-01 1.490467878139233315e-01 1.535974902388023422e-01 1.447357801593064097e-01 1.033889328579914307e-01 1.180517992298938806e-01 6.856433866341080097e-02 1.104893739274819819e-01 1.639956481488273332e-01 1.604120660344005578e-01 1.647659074793951794e-01 1.346819577507070431e-01 1.275149769285333079e-01 1.341296724244284144e-01 1.447022346836083218e-01 1.359140429467688427e-01 1.339027698300265523e-01 1.363810439965243426e-01 1.427804551001524980e-01 1.389757005179659832e-01 1.346411603678470403e-01 1.526665103245384292e-01 1.467858461440327555e-01 1.456757438448735564e-01 1.034786309378096375e-01 1.276743175158720212e-01 1.482048901565713173e-01 1.369230486010936387e-01 1.448238803775386274e-01 1.555607124523052665e-01 1.539735154467868350e-01 1.605623081660322859e-01 1.680357936385134532e-01 1.584949702322297482e-01 1.645584441396323594e-01 1.570571606850149071e-01 1.582394675810587237e-01 1.574471077143830278e-01 1.467416560274795723e-01 1.299085697755147373e-01 1.378216703318649039e-01 1.413639779807578101e-01 1.339699162839936009e-01 1.439247775113824124e-01 1.602239818609047795e-01 1.371327685061793367e-01 1.403914783218381535e-01 1.402786731733574876e-01 1.380253708309326921e-01 1.457150209418909825e-01 1.512083622858513554e-01 1.200943710723299390e-01 1.328656621307080232e-01 1.342950429901768883e-01 1.281901547361132543e-01 1.274056841540650575e-01 1.311940320835273122e-01 1.304932535559712725e-01 1.283120008847183913e-01 1.225924693065886389e-01 1.393371838215144709e-01 1.479923672045516669e-01 1.634678983035925681e-01 1.558574273392660248e-01 1.418504592943230225e-01 1.323845337359888796e-01 1.450493483542805440e-01 1.322163003906622891e-01 1.437892840003492378e-01 1.398623513169426902e-01 1.369080027763728280e-01
2.776399645326275197e-03 -2.217248196170632044e-03 1.000000000000000000e+00 3.665729280320300099e-01 2.378991620316116551e-01 2.426576386636051241e-01 3.776654657975001550e-01 3.535690314607884965e-01 3.384124382731558134e-01 2.860224848475008685e-01 3.920936872345525126e-01 4.152100576737453030e-01 3.842344293240544384e-01 3.388822339178694798e-01 4.081311901483349325e-01 4.046248995281541694e-01 3.486890502762676203e-01 4.019264712837186670e-01 3.770443833000358125e-01 3.423058161293840995e-01 3.850454030684332118e-01 3.790489349032724609e-01 3.601567412015409531e-01 3.780147473454213980e-01 3.696433927295173505e-01 3.823804621504902634e-01 3.821923330841886512e-01 3.697840274568938712e-01 3.006123219532527702e-01 3.637848549791500297e-01 3.817476781946640418e-01 3.951095887218447067e-01 3.908100264065618723e-01 3.931532287611558818e-01 3.986348164519488146e-01 4.115599147212792297e-01 3.976496474352245736e-01 3.992489460779873878e-01 4.062854670596464657e-01 4.093743855664575548e-01 3.965903029856533979e-01 3.989307678478810626e-01 4.136788388334681210e-01 4.173021607991128090e-01 4.010718357964341840e-01 4.048239571817772720e-01 3.952545641592977721e-01 3.926556368465783931e-01 4.001030173495885855e-01 4.154690754351759163e-01 4.138525883720530762e-01 4.361940937565466636e-01 4.202847158048768628e-01 3.832287930010447874e-01 3.817840886308831450e-01 3.913307491810082972e-01 3.970345528058958906e-01 3.938908240845967468e-01 3.952162558324712749e-01 3.961466436712133832e-01 4.046202682743689216e-01 3.903855037532960592e-01 3.937925580107030643e-01 4.015958337739889417e-01 3.959659171967722657e-01 4.024594691544401970e-01 3.970189591475174473e-01 4.022206445977630773e-01 3.982821882715933959e-01 4.222207662199471967e-01 4.081725827904633674e-01 3.988571162464738529e-01 4.008946806115842310e-01 4.043349207515924970e-01 3.964265428021617743e-01 3.995644589150593173e-01 3.954894233888368027e-01 3.796645592202655961e-01 3.920620894850170846e-01 3.908337013228913026e-01 3.928859628668046611e-01 3.982553000716765323e-01 3.985423305550890860e-01 3.971519004996502678e-01 4.112809659175305499e-01 4.027572428931601722e-01 4.055763112189992858e-01 4.015608700757777316e-01 4.033302064297370482e-01 3.934874767780301430e-01 4.034922428523132210e-01 4.007090246501159303e-01 4.050316199958455265e-01 4.035492754319253139e-01 3.961821946836593389e-01 3.948216861468211158e-01 4.152392087877764260e-01 4.091174319875098830e-01 4.062893687437130752e-01 4.080195822253990245e-01 4.096812448856801403e-01 4.077887472219890452e-01 4.083789014350880375e-01 4.087858491596434996e-01 4.197816256562934556e-01 4.025901211571643046e-01 3.978699298995250211e-01 3.881376658752007103e-01 3.931950558763551706e-01 3.976780438186974798e-01 4.029298553315928677e-01 3.973528750791125441e-01 4.035118717806880917e-01 4.031819668353408548e-01 3.973082183617504537e-01 4.072960849179547704e-01
-3.507626785449922263e-02 -5.888879988248057681e-03 3.665729280320300099e-01 1.000000000000000000e+00 3.530958117111520633e-01 3.718451054302642222e-01 5.919340040376044332e-01 5.848003814225103403e-01 4.906597328940205394e-01 4.168784295880855195e-01 6.095646877905499528e-01 6.565533268747756335e-01 5.685508506926260086e-01 5.291372917133113640e-01 6.143336030653955282e-01 6.213239894394317897e-01 5.300985237574805664e-01 5.682840782466296314e-01 5.288365291366550203e-01 5.695254956772027866e-01 5.898782225932992507e-01 5.546664483052119454e-01 5.048643157906586021e-01 5.481878856734107019e-01 5.283367797722313686e-01 5.693810168429633833e-01 5.825230116993472818e-01 5.568934384067698584e-01 4.803845784496276750e-01 5.412335264425083281e-01 5.583741674030355817e-01 5.971413036368234950e-01 5.837543603595568564e-01 5.940822683632849266e-01 5.771720480030445577e-01 6.331827197266378660e-01 5.954253204918651399e-01 6.137373769188000372e-01 6.081953335726313359e-01 6.322616389063874243e-01 6.064944623325820849e-01 6.152124417715235660e-01 6.477365097188420018e-01 6.420619024879320458e-01 6.150139616515011287e-01 6.070239431647453943e-01 6.016993806428122538e-01 5.939375209686423851e-01 6.070017344297180539e-01 6.306230958690614008e-01 6.310005840189548687e-01 6.622187443027396370e-01 6.402441840631570846e-01 5.786648172341415375e-01 5.825137355582881149e-01 5.825012011785357657e-01 6.191837324756860328e-01 6.118105829047794098e-01 6.159602762289171363e-01 6.094548801340492483e-01 6.303784556699807418e-01 6.155277373145696673e-01 6.109244821631307776e-01 6.226878037407552746e-01 6.040544843228743410e-01 6.189153808772487331e-01 5.987474963733279143e-01 6.037848521837156923e-01 6.069582408272662377e-01 6.482971149249967535e-01 6.137932317192740239e-01 5.999810559413367717e-01 6.072960179189272889e-01 6.025526868434694094e-01 6.063290887978550758e-01 6.066505991702422218e-01 5.952106990918890617e-01 5.844223375987342983e-01 5.987303823068135245e-01 5.927869745405439650e-01 5.916488668301616016e-01 5.973123988785333793e-01 6.006605940538657373e-01 6.021403797702281624e-01 6.198083536128456972e-01 6.110883812141169047e-01 6.095587748944913953e-01 6.112364161694782139e-01 6.102190438698016361e-01 5.989511191655066957e-01 6.175985308089676495e-01 6.111686069815660538e-01 6.220317865513824707e-01 6.146386753234808209e-01 6.095962807352424129e-01 6.021252831780606884e-01 6.356443123673662932e-01 6.297302193353496724e-01 6.257890227526508031e-01 6.243646504366998640e-01 6.329414682460460240e-01 6.289096466062441548e-01 6.272589694682770833e-01 6.267571535899739699e-01 6.374232667139558828e-01 6.194043616554832932e-01 6.084346194755824166e-01 5.905099561189700585e-01 5.993652897623814590e-01 6.109362082189022658e-01 6.173316227260745581e-01 6.130252520413290718e-01 6.240349879198383576e-01 6.188496704459321984e-01 6.075072816439467394e-01 6.210454785613063189e-01
-4.764498811734813738e-03 2.179361556452029045e-02 2.378991620316116551e-01 3.530958117111520633e-01 1.000000000000000000e+00 2.969971378696472097e-01 4.587613877523272765e-01 4.454352563195643211e-01 4.392498522817309126e-01 3.942545261584975980e-01 4.552790429372965408e-01 4.784302192465471060e-01 4.560647263431393816e-01 4.336369734866449277e-01 4.931122037320749829e-01 4.914597814188072511e-01 4.461045797840156313e-01 4.313257041681231030e-01 4.312770478298371679e-01 3.445704303479221187e-01 4.023373374011818271e-01 4.518578803827268398e-01 4.355143575084756136e-01 4.213590063792161944e-01 4.246193173231156970e-01 4.707390239594395065e-01 4.636545381208035943e-01 4.595980656443391932e-01 3.827058614010861448e-01 4.408827820105729600e-01 4.813592246484968418e-01 4.893461078697317612e-01 4.491248016492501716e-01 4.786635924949002030e-01 4.592593536962825129e-01 4.785896677807344179e-01 4.734892055043578574e-01 4.767107847724963432e-01 4.931103204593946243e-01 4.728052265388747455e-01 4.930646756942779207e-01 4.973127852516175951e-01 4.921116915189669982e-01 5.049155441467618743e-01 4.942376549012890141e-01 4.908905392701674031e-01 4.987168203321866722e-01 5.002084664212566034e-01 4.908982006593127778e-01 4.803635026228878502e-01 4.930239717965710367e-01 4.876429323073621647e-01 5.012133473241436876e-01 4.971229479362592740e-01 4.819975959367827634e-01 4.884130337947889533e-01 4.853939947584233749e-01 4.970269280465186568e-01 4.814072735004186754e-01 4.994099379040141673e-01 4.958297069574051918e-01 4.927980228288908471e-01 4.824500492562998621e-01 4.942672703360527220e-01 4.905808055065904449e-01 4.940649128839091908e-01 5.036312629080302861e-01 4.964333434807638445e-01 4.958678440431081302e-01 4.905510016736074341e-01 4.949699378260664084e-01 4.942149173147036278e-01 4.865916899366650172e-01 4.868413156741805414e-01 5.004267898829457550e-01 4.974336520332927614e-01 4.904333567444359443e-01 4.741717410657724230e-01 4.924611006969183968e-01 4.909588835048725453e-01 4.918671682706754478e-01 4.964071429276398217e-01 4.992884968657427258e-01 4.970066464145676544e-01 5.053674995589932939e-01 4.975624365919178449e-01 4.979879970816804557e-01 5.047179806405482916e-01 5.007102037888756518e-01 4.975913785189959859e-01 4.994940091389918346e-01 5.028306186249739129e-01 5.033498039148009973e-01 5.032110189289854540e-01 5.042216140122706136e-01 5.012991943205644674e-01 5.103989303904621355e-01 5.051807556722809345e-01 5.081520947489648332e-01 5.107339185675033866e-01 5.091036911601629633e-01 5.078404416442051650e-01 5.049012542579410789e-01 5.084510195587420567e-01 5.092385405874492177e-01 5.058834994967903453e-01 5.028503300586940616e-01 4.963032859754743509e-01 5.005871492921620813e-01 5.061985005867400966e-01 5.063399865906935693e-01 5.071385861050874411e-01 5.080952711047005410e-01 5.077724326617969464e-01 5.003271568628848698e-01 5.050471362652095841e-01
-1.281820839116184704e-02 1.155523063904272119e-01 2.426576386636051241e-01 3.718451054302642222e-01 2.969971378696472097e-01 1.000000000000000000e+00 5.144100304834946513e-01 4.549573735965614096e-01 4.957117844808762164e-01 4.571001371894334864e-01 5.155038271561276364e-01 5.360596304753864061e-01 5.055962372446179964e-01 4.776700052012702868e-01 5.538219420506995672e-01 5.589429318922548573e-01 4.993771130729896535e-01 4.894873883449224472e-01 5.140032414483829415e-01 3.473648733066195260e-01 4.336390306676044526e-01 4.959493323571095846e-01 5.184535781982816394e-01 5.030499196016929853e-01 5.226011127629798247e-01 5.363223727689435671e-01 5.430719408669707482e-01 5.482823284543216769e-01 4.656893842811352102e-01 5.398643043647531892e-01 5.588407620070757753e-01 5.499485093931306690e-01 5.189217589169919931e-01 5.493349007404141338e-01 5.350031878069614333e-01 5.543100649715118067e-01 5.567306601552400869e-01 5.534712494932468863e-01 5.710156330208139286e-01 5.440603083005537410e-01 5.638106442006430852e-01 5.685166344470086175e-01 5.571681022959358298e-01 5.666403219119654500e-01 5.624229316511524246e-01 5.696306310093323111e-01 5.688820600906420166e-01 5.769932024836349482e-01 5.659171310078929817e-01 5.483792614347423600e-01 5.615568659167131660e-01 5.421774846508872203e-01 5.527664309834648959e-01 5.630139610265438854e-01 5.604901093829520731e-01 5.663936522668889806e-01 5.510219519096168916e-01 5.646475378195459083e-01 5.590587531097733764e-01 5.671035198867533378e-01 5.696157484620381073e-01 5.537822544419827020e-01 5.468052910655055721e-01 5.669627173704423484e-01 5.644128215915860114e-01 5.578291610431406200e-01 5.805305584119737627e-01 5.768344508972023110e-01 5.735131947787222018e-01 5.524802985566995561e-01 5.714657015191408895e-01 5.751754215262271375e-01 5.702053322915460187e-01 5.738499765806789332e-01 5.743089731313805180e-01 5.744387444066590964e-01 5.743858480818292422e-01 5.646815426045029840e-01 5.741847459114400865e-01 5.726999411021013175e-01 5.724777366000949330e-01 5.747292401119363792e-01 5.779593402463067964e-01 5.733118732877985346e-01 5.789617116582754797e-01 5.753473160369688699e-01 5.767971735706248770e-01 5.774632215219831499e-01 5.785282628802554949e-01 5.782720129960156052e-01 5.787102997702944229e-01 5.784934337628860890e-01 5.758807856960883598e-01 5.786776852496740009e-01 5.787157081431025807e-01 5.778787706524791679e-01 5.738019876042788070e-01 5.669017956418411774e-01 5.770829041378882085e-01 5.776988709403240163e-01 5.791137378470412322e-01 5.743010365700299547e-01 5.707284570129369516e-01 5.768213979230321087e-01 5.744834880996089188e-01 5.697728544454094823e-01 5.758152035895715004e-01 5.746470076679190964e-01 5.734582150213600737e-01 5.728478850384126631e-01 5.728688526338350240e-01 5.738284659542934873e-01 5.723016660039806913e-01 5.774771557710434156e-01 5.743377300134957508e-01 5.715391537320181348e-01
1.583499486830733036e-02 9.066947737549904685e-02 3.776654657975001550e-01 5.919340040376044332e-01 4.587613877523272765e-01 5.144100304834946513e-01 1.000000000000000000e+00 7.116299461418764682e-01 7.155019665572985854e-01 6.346596144208169754e-01 7.720215999039404808e-01 8.241453003662373433e-01 7.462561384775017181e-01 7.071329438219271513e-01 8.399654823504546508e-01 8.176752876872360742e-01 7.413255610863244138e-01 7.563835582275388880e-01 7.468140424576794612e-01 6.059228436038788246e-01 7.415273087074455427e-01 7.702879844651415731e-01 7.385176427844750702e-01 7.437757650443727053e-01 7.499409290144485318e-01 7.967904516919940283e-01 8.003007079259387702e-01 7.918752287576500404e-01 6.706809691244725036e-01 7.691195459692455882e-01 8.041141854546489665e-01 8.173193219439635060e-01 7.820775284193758337e-01 8.083791193981096912e-01 7.835363936528401130e-01 8.217551720836225870e-01 8.156757614299615655e-01 8.281071663107372194e-01 8.293553262079860211e-01 8.242056814726121949e-01 8.313171990492519425e-01 8.396543495431056936e-01 8.394077987457606582e-01 8.504467846475419757e-01 8.379527331581378968e-01 8.351302020676906190e-01 8.279659433569531712e-01 8.256769329625898157e-01 8.225990251375565609e-01 8.182209530828526978e-01 8.347902166785302613e-01 8.216186790678311480e-01 8.284860904928561531e-01 8.095060325649362509e-01 8.067442068028450874e-01 8.189317135498316302e-01 8.093881403715325051e-01 8.263615391409117050e-01 8.156378088010574068e-01 8.235652422344020840e-01 8.281172576460688051e-01 8.172755995398641726e-01 8.118658330544376023e-01 8.215113780783713793e-01 8.199592171704748189e-01 8.185491107602634875e-01 8.308644998859875397e-01 8.316585556435774906e-01 8.356599643596839266e-01 8.355979523992029812e-01 8.417633851246205667e-01 8.326444255152823937e-01 8.292097371317951326e-01 8.286183306438159590e-01 8.336348794174850418e-01 8.368163816323214155e-01 8.325309586026139463e-01 8.106378195448120660e-01 8.305033089889271025e-01 8.233325279102005068e-01 8.296104954494829542e-01 8.316329736107401782e-01 8.317625525486544991e-01 8.308906468042230875e-01 8.433833855257721890e-01 8.367229332188141910e-01 8.386615826182519662e-01 8.436029659148011062e-01 8.376486976244128524e-01 8.330218983972005331e-01 8.453800933601478551e-01 8.429145786564723464e-01 8.432845367209123033e-01 8.453561215262132000e-01 8.337885749464205576e-01 8.323424631971768628e-01 8.502293745014112281e-01 8.312582414436868739e-01 8.432959254591727571e-01 8.473273933353859810e-01 8.499757852762803711e-01 8.393780586133792188e-01 8.370318000349352694e-01 8.449685996722432479e-01 8.450114895844380580e-01 8.314220721781651058e-01 8.321523532027395031e-01 8.249513744707441809e-01 8.285177572962411086e-01 8.375123871056114888e-01 8.424953966866296495e-01 8.328706243523400499e-01 8.392219667819199591e-01 8.349388481889795655e-01 8.312378289751575222e-01 8.298369464081325475e-01
4.683018428013168560e-02 5.348130131062815013e-02 3.535690314607884965e-01 5.848003814225103403e-01 4.454352563195643211e-01 4.549573735965614096e-01 7.116299461418764682e-01 1.000000000000000000e+00 6.658961833391753293e-01 5.778604568972820488e-01 7.276223094876586028e-01 7.676111247686066008e-01 7.160272925148437606e-01 6.582714916160496976e-01 7.620624346567774765e-01 7.726577345637924976e-01 6.891230110089141547e-01 7.163909288429929356e-01 6.978118067469900598e-01 5.842357710837364770e-01 7.147732519295383335e-01 7.342665684905685941e-01 6.859316445460202916e-01 6.956903782420659210e-01 6.973919523157521283e-01 7.382739987891127065e-01 7.409194378014831717e-01 7.083240700199796569e-01 6.121257125522195919e-01 6.998084932600030506e-01 7.350434330338008193e-01 7.693088101274992985e-01 7.143252637387761395e-01 7.603916413517241013e-01 7.232841101466742639e-01 7.633516981970500659e-01 7.519901980558318932e-01 7.640492961197178357e-01 7.666818401442294650e-01 7.593388066042537909e-01 7.637875822117881075e-01 7.776300774167815844e-01 7.791796440843183902e-01 7.944921222365702862e-01 7.733102477634105076e-01 7.667180638402654180e-01 7.642620313961678846e-01 7.648945397194666374e-01 7.691510707149075143e-01 7.721330407527019490e-01 7.787184284219474950e-01 7.746168907038262219e-01 7.792055541714990596e-01 7.555417769720693677e-01 7.566186855833112457e-01 7.581002948040179712e-01 7.705851279627096151e-01 7.777839496855172285e-01 7.662971329805542409e-01 7.716557532480378123e-01 7.761565340719654982e-01 7.712534120375261759e-01 7.640115088311619784e-01 7.754619563987039665e-01 7.669121006615422509e-01 7.683026272945572277e-01 7.640194484137792230e-01 7.690973523523085831e-01 7.763445133323855218e-01 7.830448137203970260e-01 7.835726109531481187e-01 7.724942621720148894e-01 7.713021210967592189e-01 7.652221403709403846e-01 7.684526753808662569e-01 7.679839819786160593e-01 7.591900266905133865e-01 7.462059377271070826e-01 7.616959359938280105e-01 7.595727798887483839e-01 7.628610624470396617e-01 7.649672470335937557e-01 7.703796654254712051e-01 7.673170849932106075e-01 7.812961833320452021e-01 7.774006530701227380e-01 7.749038761082024385e-01 7.798235354537543795e-01 7.746160403732977873e-01 7.704576732529713201e-01 7.742786041231197736e-01 7.754304384446725207e-01 7.795208932864677864e-01 7.803656368932618825e-01 7.714836777306038895e-01 7.678856790048708136e-01 7.896059954432246286e-01 7.862221697110810537e-01 7.834805699192576300e-01 7.855192044731051926e-01 7.876652342961170117e-01 7.877733859816566930e-01 7.769203702476987772e-01 7.878082931252295973e-01 7.881900605336054078e-01 7.786309171820343655e-01 7.737292287904876664e-01 7.613178162290273887e-01 7.660042453406107343e-01 7.775728977754258198e-01 7.833843773363303731e-01 7.753114828455311969e-01 7.833236712425802883e-01 7.808094360029544934e-01 7.726313739026215988e-01 7.764307854814297416e-01
1.056784363602938925e-01 1.604104871635926577e-01 3.384124382731558134e-01 4.906597328940205394e-01 4.392498522817309126e-01 4.957117844808762164e-01 7.155019665572985854e-01 6.658961833391753293e-01 1.000000000000000000e+00 7.238551341186034715e-01 7.703227028718607761e-01 7.943694011644814035e-01 7.597276303531746988e-01 7.331933588118869638e-01 8.317365633244093726e-01 8.031677649686684850e-01 7.934807975780133749e-01 7.720919716715241021e-01 7.966888221175241203e-01 5.128781528503522091e-01 7.019118864082080078e-01 7.916958683849789624e-01 7.971808178869078665e-01 7.728323464531281495e-01 7.991192219442371236e-01 8.437578393436329094e-01 8.315999209577795703e-01 8.281157486899196618e-01 7.646524518053354758e-01 8.413046687947018931e-01 8.664942400944785073e-01 8.520088111298036448e-01 7.893841145769787682e-01 8.375575975372584470e-01 8.191211778582886405e-01 8.231146772724765581e-01 8.411949737030426366e-01 8.247372879462927520e-01 8.502078166527455849e-01 7.859233817951181145e-01 8.572748106633745202e-01 8.482679886097945765e-01 8.130751152542703419e-01 8.413933517897681513e-01 8.436107997186115259e-01 8.527560977552679500e-01 8.624268014368493551e-01 8.692740673546291985e-01 8.578149455103402099e-01 8.101052130401622531e-01 8.437577200373941322e-01 7.932104294705861758e-01 8.320182733020377031e-01 8.709085309727842006e-01 8.602245516885920207e-01 8.676417578361997895e-01 8.429839924085733571e-01 8.508047940722998081e-01 8.369215500368183402e-01 8.617496425863790943e-01 8.500541867543850438e-01 8.441351717448053460e-01 8.365871978496265404e-01 8.427905859895291618e-01 8.673878626213027410e-01 8.548420767229264472e-01 8.661322226013002945e-01 8.690107593163156618e-01 8.700338799206164264e-01 8.290260336563168853e-01 8.648509306077750702e-01 8.724868170756757690e-01 8.629454763888999569e-01 8.651337195266098901e-01 8.707212800183755652e-01 8.664031599173310783e-01 8.675132772683497029e-01 8.633228244932823481e-01 8.694824124916558095e-01 8.747857526042299714e-01 8.746921576443460467e-01 8.729330724599519975e-01 8.730175035229245095e-01 8.674459415756812231e-01 8.559985009728354743e-01 8.655651772182088033e-01 8.646376481688923255e-01 8.610352920684872791e-01 8.644440740790454436e-01 8.709039716418506272e-01 8.595763159439202550e-01 8.620618959600426789e-01 8.619976313401296331e-01 8.653016174750577383e-01 8.642318135737183660e-01 8.657095763269323507e-01 8.395862599147917438e-01 8.501920772836877305e-01 8.534293882048586966e-01 8.579176411347934073e-01 8.528128823422227445e-01 8.539677139631066671e-01 8.557579241883498389e-01 8.566111676605498992e-01 8.534937599964029786e-01 8.585598429837877354e-01 8.638383370389204341e-01 8.695954079160566064e-01 8.683350226997543775e-01 8.613708830654762671e-01 8.563824528989917306e-01 8.641551554292915549e-01 8.557996062017440009e-01 8.608289159369786336e-01 8.662756633937056527e-01 8.589637918294475982e-01
4.613423984575051179e-02 1.949714843529259667e-01 2.860224848475008685e-01 4.168784295880855195e-01 3.942545261584975980e-01 4.571001371894334864e-01 6.346596144208169754e-01 5.778604568972820488e-01 7.238551341186034715e-01 1.000000000000000000e+00 6.798646984305155572e-01 7.082430896028172329e-01 6.736099444583669715e-01 6.595330196286803837e-01 7.462074865296935977e-01 7.287946474246848050e-01 7.120978550733910728e-01 6.580447265338983387e-01 6.916376222066703550e-01 4.468353487854017092e-01 5.812283438423178072e-01 6.745650815347475904e-01 7.140811434774868571e-01 6.602339873275716586e-01 6.888925506078985572e-01 7.584312122311422932e-01 7.480652145522505014e-01 7.554566834420843868e-01 6.708804639995579189e-01 7.456251661599218039e-01 7.786807923525879138e-01 7.564765189514832677e-01 7.125559756420961621e-01 7.448232375889858314e-01 7.378381121257231445e-01 7.293087389034602630e-01 7.579830723272688031e-01 7.497405104002962117e-01 7.730997941384545324e-01 7.090144193842601306e-01 7.736013420826022280e-01 7.652763793942261028e-01 7.321055825227885672e-01 7.549882057023118431e-01 7.648770126697015392e-01 7.737822994182261827e-01 7.830380983330682554e-01 7.941617248401752205e-01 7.782661631197378416e-01 7.227813876565120088e-01 7.598429471247726275e-01 6.997393363732947735e-01 7.445141952679883435e-01 7.945415840976238764e-01 7.801808270005063939e-01 7.852759256831450818e-01 7.590410615347741308e-01 7.713258321574770759e-01 7.638396344800271187e-01 7.803851169505341412e-01 7.708402760076722426e-01 7.678533187528487902e-01 7.607998068273339465e-01 7.642450288491309252e-01 7.763386782382465379e-01 7.694962177277963056e-01 7.869900421983273553e-01 7.848725687377534621e-01 7.840617198553949674e-01 7.417351312889779447e-01 7.722990850870103952e-01 7.837498966051121840e-01 7.714180596867240558e-01 7.684049569655021505e-01 7.890214531023508338e-01 7.857082248715135941e-01 7.873871280214910229e-01 7.793232466011815740e-01 7.843087503073240541e-01 7.868675094190290542e-01 7.926458984033355470e-01 7.903595404399043067e-01 7.916924798767227545e-01 7.904496557986276928e-01 7.773759332308346481e-01 7.824622613373098945e-01 7.852828825879534236e-01 7.822085516709649244e-01 7.862997701420143537e-01 7.882738152544084276e-01 7.804283515055201459e-01 7.823254547686001592e-01 7.798686479861999254e-01 7.823211798367457614e-01 7.856886671870343397e-01 7.889572002905899106e-01 7.599539195790254720e-01 7.656888816814300114e-01 7.738748724932121847e-01 7.755358534918845859e-01 7.711233241404763517e-01 7.709629293548891926e-01 7.733782194193041803e-01 7.754157407605878349e-01 7.687685552741339023e-01 7.778264920036279673e-01 7.849110299553547776e-01 7.945806389214484788e-01 7.900058555003772742e-01 7.833317258841663300e-01 7.763773387890509081e-01 7.850622036616698995e-01 7.766088899305134685e-01 7.816852118889048295e-01 7.803360576695351769e-01 7.753401438381070099e-01
1.778519850101195621e-02 1.123108769990669720e-01 3.920936872345525126e-01 6.095646877905499528e-01 4.552790429372965408e-01 5.155038271561276364e-01 7.720215999039404808e-01 7.276223094876586028e-01 7.703227028718607761e-01 6.798646984305155572e-01 1.000000000000000000e+00 8.678570850655227265e-01 7.890595594679473690e-01 7.467189336491015794e-01 8.624921053834492257e-01 8.529846222720961491e-01 7.866390267791164570e-01 7.899657106301286591e-01 7.868784827163828322e-01 6.160183551301823268e-01 7.570238692219405374e-01 8.024296170403775186e-01 7.711178350941001458e-01 7.734332201761283665e-01 7.894989407909818180e-01 8.456429131577540836e-01 8.414330686172684093e-01 8.278795642615223160e-01 7.326800831596540498e-01 8.184646333178550170e-01 8.532142710924179863e-01 8.624418187255619150e-01 8.220340492410520561e-01 8.468138068850206146e-01 8.335489341366180138e-01 8.688818163520505289e-01 8.723450526233107460e-01 8.556105911451854507e-01 8.715865466099000924e-01 8.547987291368396301e-01 8.754953591470275853e-01 8.743928654375899834e-01 8.739358205339945451e-01 8.866679337329242960e-01 8.712150701382126439e-01 8.705629938957289982e-01 8.763258904825800277e-01 8.751292594977874151e-01 8.800165226203938706e-01 8.626743988448888345e-01 8.823746758426586068e-01 8.645129802432741650e-01 8.794069205431374048e-01 8.685012824963350697e-01 8.706272522539791892e-01 8.675763720864186901e-01 8.770307809957423872e-01 8.774079345437370003e-01 8.739679542831259029e-01 8.803539867848277911e-01 8.872360453572563088e-01 8.767786054490793735e-01 8.687424546746420617e-01 8.782495786329976850e-01 8.760807796685545767e-01 8.807317320988126141e-01 8.758395866593644552e-01 8.789253139528213632e-01 8.813124391339963726e-01 8.775968943339995665e-01 8.837416226807069952e-01 8.797387354203090037e-01 8.746302391667710729e-01 8.748153451542212133e-01 8.827023895179879620e-01 8.817016827196099138e-01 8.762767631055957684e-01 8.682622776775411610e-01 8.760524763538621862e-01 8.772762934672885260e-01 8.769421193511010015e-01 8.796687478234761493e-01 8.801055295271755785e-01 8.801154340620671590e-01 8.821642683001984508e-01 8.806496763888361778e-01 8.834466422568704180e-01 8.790208260078364866e-01 8.828266482682882721e-01 8.792506913070149421e-01 8.852993151963407525e-01 8.845092332959010317e-01 8.874742071055958803e-01 8.858958365868264684e-01 8.821021544611516996e-01 8.811758185877078819e-01 8.815517180077445669e-01 8.827294818462567694e-01 8.861168171678113215e-01 8.855302994025080476e-01 8.889401903887642620e-01 8.873850183140423731e-01 8.852538994491480073e-01 8.884566664851325513e-01 8.901709423311290337e-01 8.838136711480065744e-01 8.809021601670772306e-01 8.760542709854314269e-01 8.792957488603135863e-01 8.828167344017402440e-01 8.815205120524769455e-01 8.842735379562219888e-01 8.868328862125882672e-01 8.858319255087213628e-01 8.806765440050566829e-01 8.858348809424720915e-01
-4.617825081088914110e-03 8.465630762580765578e-02 4.152100576737453030e-01 6.565533268747756335e-01 4.784302192465471060e-01 5.360596304753864061e-01 8.241453003662373433e-01 7.676111247686066008e-01 7.943694011644814035e-01 7.082430896028172329e-01 8.678570850655227265e-01 1.000000000000000000e+00 8.290930901738341463e-01 7.892471584199421963e-01 9.161520117475987490e-01 9.069697005085380903e-01 8.285413809167871957e-01 8.293489866258784149e-01 8.215102100394987561e-01 6.801514877439542861e-01 7.919584762598533834e-01 8.316817196029578918e-01 8.086772722305906047e-01 8.112036209947740550e-01 8.180777957745839490e-01 8.741076555827779204e-01 8.780162205748609505e-01 8.594449879982097862e-01 7.420281106046467956e-01 8.446023518702310273e-01 8.853032683745459819e-01 9.083007558360315370e-01 8.603762255345797083e-01 8.960456149415860772e-01 8.734592344133401687e-01 9.136449091194954741e-01 9.067137865421877052e-01 9.111633086408442717e-01 9.194351410580053896e-01 9.010143674986712536e-01 9.215579942165174065e-01 9.255640987502063988e-01 9.262566096662652182e-01 9.391957857400050624e-01 9.253349873455086749e-01 9.247311125011372646e-01 9.292359427466819755e-01 9.257161903372580491e-01 9.301941833195993548e-01 9.167785061661647417e-01 9.369732100373342476e-01 9.245285597334038652e-01 9.310018317427329881e-01 9.142851692930173968e-01 9.145806898475310476e-01 9.129805737975388302e-01 9.291121745520160013e-01 9.317559972461078033e-01 9.286468781218015778e-01 9.327305836556442076e-01 9.398925622684731751e-01 9.329101630435532311e-01 9.259071085772794252e-01 9.306082509664547198e-01 9.249417397344503744e-01 9.331298533796227312e-01 9.273682277809720542e-01 9.288952626545849967e-01 9.313165353031640503e-01 9.353494161637470050e-01 9.323391103261415847e-01 9.276114021108549101e-01 9.228775681939110909e-01 9.183459705963058495e-01 9.295959293527115141e-01 9.282501576175604674e-01 9.194592162321825191e-01 9.046782994202525741e-01 9.203079648429961512e-01 9.188749629790065043e-01 9.230345480417780912e-01 9.254333716093896545e-01 9.297689429911057957e-01 9.278021338439255139e-01 9.370063038993809990e-01 9.333108547375086328e-01 9.342596819496159499e-01 9.331042814751813186e-01 9.339807937313946429e-01 9.261132431110830066e-01 9.345444375111636726e-01 9.353388529740883639e-01 9.383730505490155416e-01 9.364680407740627599e-01 9.346418039309162262e-01 9.321122905459778840e-01 9.382372742069802207e-01 9.358557192693940374e-01 9.382871422706491327e-01 9.397757724692683556e-01 9.408832802191460232e-01 9.412998627329438595e-01 9.377082931331135462e-01 9.417258897429761078e-01 9.449743927003740884e-01 9.358272637916938974e-01 9.332725721026231547e-01 9.250743652374440185e-01 9.286958176319581870e-01 9.362827015730029734e-01 9.385164949851578786e-01 9.366462040414006429e-01 9.409475401031063280e-01 9.372698005502878571e-01 9.334800365601235717e-01 9.382675331232670501e-01
4.708550808155110429e-02 1.220435956502588237e-01 3.842344293240544384e-01 5.685508506926260086e-01 4.560647263431393816e-01 5.055962372446179964e-01 7.462561384775017181e-01 7.160272925148437606e-01 7.597276303531746988e-01 6.736099444583669715e-01 7.890595594679473690e-01 8.290930901738341463e-01 1.000000000000000000e+00 7.370021795385186536e-01 8.424184531383693830e-01 8.405416712454422123e-01 7.747303142090357087e-01 7.613978199007920278e-01 7.667194893084504637e-01 5.860774834996291816e-01 7.249800785442251927e-01 7.827886701649898749e-01 7.694714673264901883e-01 7.524134928423978907e-01 7.726814298139843551e-01 8.368333047850794459e-01 8.338377771093035129e-01 8.218204779763411683e-01 7.418664318110521627e-01 8.182303198262688149e-01 8.455468599881871272e-01 8.443401756576219830e-01 7.856145553855918839e-01 8.246106891023762264e-01 8.065821529779690913e-01 8.309692387725624574e-01 8.334501346038345471e-01 8.310553655053939393e-01 8.531456559724883704e-01 8.066202964502734440e-01 8.550709292809252071e-01 8.557074586476136613e-01 8.447880301536950798e-01 8.657478381830697733e-01 8.555607121412034388e-01 8.570460324763606863e-01 8.607386310595479539e-01 8.604591507750224411e-01 8.564296475413226695e-01 8.294689712202583110e-01 8.555009597589754433e-01 8.344755347373119525e-01 8.532321829790947554e-01 8.567363523578245266e-01 8.552271083621809655e-01 8.541611071778957287e-01 8.556773457816356787e-01 8.630624382789293669e-01 8.498455719212868464e-01 8.654669606599696419e-01 8.673714502088365474e-01 8.587411055181674024e-01 8.478361469288399066e-01 8.588446852496465223e-01 8.611722941437427448e-01 8.617269468815709210e-01 8.619067793085526397e-01 8.606318343380513491e-01 8.666162375284574004e-01 8.493882881399136275e-01 8.615786852036106946e-01 8.652891101228412651e-01 8.552653275662729371e-01 8.528591390238653425e-01 8.683307807059326144e-01 8.658716772957544272e-01 8.628879329713931012e-01 8.570631818538340108e-01 8.633417224704941217e-01 8.644160203310844448e-01 8.611209454570422084e-01 8.646054696662587302e-01 8.619483812295029024e-01 8.652037706311934695e-01 8.619655494679790975e-01 8.647447117119315685e-01 8.607595127419342962e-01 8.634002999161919378e-01 8.652574746833526786e-01 8.662870984845870703e-01 8.612165121020173286e-01 8.660122056749641750e-01 8.667286292434598360e-01 8.674925004474294266e-01 8.645812589380477142e-01 8.634664911645274499e-01 8.603400610851016372e-01 8.644009543607005241e-01 8.641717704144076251e-01 8.656761805353182515e-01 8.661102964511933067e-01 8.681831364886430924e-01 8.640771747692408411e-01 8.682309398102977527e-01 8.684107600320034592e-01 8.677642560353409085e-01 8.639347863004342987e-01 8.611904942021312293e-01 8.648146257634504730e-01 8.657554211694622470e-01 8.642513236319795400e-01 8.671055317094921167e-01 8.675566306969971775e-01 8.681170120925542077e-01 8.636640721999065962e-01 8.655705877053616604e-01
