1.000000000000000000e+00 2.582100461246766843e-01 2.258959941660891868e-01 8.268888353425443705e-02 6.288142746544898853e-02 1.066592331812549199e-01 7.757022368496782616e-02 1.312459861630980648e-02 2.157246115210416926e-01 1.250465935335940693e-01 1.233610520290372714e-01 -6.339656863439335592e-03 2.804783325310172826e-02 -2.596033481427658784e-03 -1.744981533005333929e-02 -6.328265115840101419e-04 1.628152855931237486e-01 2.899702588877970388e-01 2.219259937622851120e-01 1.148433838892978370e-01 2.174796131350580641e-01 2.123357469642893625e-01 2.336529219439911209e-01 2.700476952069981174e-01 2.596809324385833673e-01 1.508527667949149664e-01 1.208725915689790320e-01 1.582971646468820381e-01 1.837805252798339894e-01 2.171112012268775204e-01 1.919017886129149308e-01 1.923154634132601959e-01 1.557474411007663539e-01 2.136060333787036525e-01 1.996738250665784087e-01 1.342955227709733412e-01 1.720860796730300235e-01 9.489441138571465262e-02 1.093572028557751458e-01 5.294621111130590196e-02 5.588130374552124219e-02 3.078736145198646829e-02 5.269928067433789221e-02 5.298087961458435718e-02 1.037481583755113096e-01 4.839640975873632511e-02 2.919626899209719004e-02 4.062721420792667071e-02 6.544321201131922394e-02 7.098465459858492588e-02 6.672872873466934029e-02 3.969350680043313290e-02 5.840201369388069857e-02 8.682410286592497084e-02 8.451403388327602406e-02 8.127557495508978824e-02 7.461579687542738148e-02 2.932145491524283665e-02 5.471963941034984485e-02 5.468405873405472045e-02 4.943934356314983597e-02 5.323424815315405678e-02 3.086212224142355701e-02 5.571951911253329032e-02 7.514926015540022985e-02 5.038717245819291507e-02 6.132299677757877682e-02 9.150284157233942728e-02 1.118689813586952464e-01 6.328384794349213582e-02 8.306862207767173878e-02 8.365639156441161128e-02 1.046896121020702980e-01 1.176509405365220723e-01 5.795413423239998557e-02 5.757034741280971785e-02 5.452573152844322063e-02 7.977237691005924225e-02 6.689458588169501507e-02 8.546537279167970569e-02 8.501734532287688606e-02 9.294993942018411892e-02 7.313521959713158160e-02 8.307868909472779229e-02 6.957845930148455482e-02 8.778008968096620568e-02 7.153196632426141177e-02 1.824754019385881054e-02 5.328223263812013194e-02 4.568284602932939226e-02 4.495709487056703119e-02 1.490945017680227712e-02 3.818332432820250449e-02 3.035988599305369101e-02 8.148643193856806161e-03 2.705911343709362787e-02 9.731723631770366340e-03 4.316512837262570512e-02 2.083292271946941138e-02 2.637489182336918633e-02 -1.411283785253852332e-03 1.351897044860777414e-02 1.465947971128394797e-02 8.831641745117854020e-03 2.735412534382828179e-02 1.714161461686972143e-02 2.871742644195024799e-02 3.571764498798332688e-02 4.213035811446418782e-02 1.617441608738695580e-02 9.542589016347040667e-03 2.168647082091649386e-02 9.881581658345057681e-03 2.413189993271887962e-02 4.093322779567707542e-02 2.411188439602451536e-02
2.582100461246766843e-01 1.000000000000000000e+00 2.227087280144817161e-01 8.163577798297365351e-02 4.697390478436856004e-02 1.190037328761448937e-01 1.618957622878101354e-01 1.039840666387132906e-01 2.390835209688215168e-01 2.390281196553094845e-01 2.191432293700378287e-01 1.068011984535456038e-01 1.133147776090983883e-01 1.223008565583029450e-01 1.269377345733059825e-01 1.262521222719831804e-01 2.113755727618139291e-01 2.882570217367836363e-01 2.718349687562813255e-01 1.552972220825367122e-01 2.189107943133264123e-01 2.345886041714497772e-01 2.703926900002738831e-01 2.694784313530391717e-01 2.720479693556783207e-01 2.432178237841124135e-01 2.078108502831208237e-01 2.558644265855969935e-01 2.645095346391725388e-01 2.911022119388139706e-01 2.741994811080943339e-01 2.707770397064352963e-01 2.660889145153995106e-01 2.711729460208252007e-01 2.719745573272238093e-01 1.929969838171600449e-01 2.282997528098525963e-01 2.324491533323691794e-01 2.187448830108324194e-01 1.771809802918572208e-01 1.806800110618360655e-01 1.711788271849997989e-01 1.627343672135005415e-01 1.705459293379990304e-01 2.017353649030290408e-01 1.911866960953503836e-01 1.649418058797329223e-01 1.719748367849041892e-01 1.904409494805039960e-01 1.870268922606506123e-01 1.993326650126369115e-01 1.151926009375445481e-01 1.655591123227351524e-01 1.971348393836280244e-01 1.955636508109560578e-01 1.995352488129254198e-01 1.683941044638259110e-01 1.511747873044918811e-01 1.809435454324095083e-01 1.752481633589369758e-01 1.680244939958967232e-01 1.763855540263112032e-01 1.577218535497909579e-01 1.762042967276014338e-01 1.741204124920661123e-01 1.594310416664639074e-01 1.797692390474385504e-01 1.956583672045357769e-01 2.124704799429973923e-01 1.711507566190906549e-01 1.833375913959491843e-01 1.920395231555558635e-01 2.004086781774827297e-01 2.114285419309661074e-01 1.847797485430068276e-01 1.810879714106293226e-01 1.899147549152252201e-01 2.032744089732003434e-01 1.992284293199140244e-01 2.100344672566655801e-01 2.020046771035119426e-01 2.101595990616518805e-01 1.959778359674922699e-01 2.104426752651061550e-01 1.912354820338733052e-01 1.973986634010976571e-01 1.830560011037877799e-01 1.647077046963287827e-01 1.825081011437663103e-01 1.718630564210271161e-01 1.829568437011615811e-01 1.582155708201081756e-01 1.652216032392294087e-01 1.676565221336021316e-01 1.483969711128370894e-01 1.658245690692324859e-01 1.402270225938803405e-01 1.432352472647968056e-01 1.476987650173014477e-01 1.615646159053556186e-01 1.391357715427811725e-01 1.425937264125125004e-01 1.418381752590577582e-01 1.431343361961724125e-01 1.482985583797908069e-01 1.318767289653862140e-01 1.571588803245140553e-01 1.719996962853204969e-01 1.700760635694605616e-01 1.508354828949539372e-01 1.514116666744875217e-01 1.544151316503812876e-01 1.447320597986307134e-01 1.531900221465627432e-01 1.639285552348859754e-01 1.495096715556811506e-01
2.258959941660891868e-01 2.227087280144817161e-01 1.000000000000000000e+00 3.163265837659163804e-01 1.636765869479739899e-01 2.423416194840830040e-01 3.294554539553746775e-01 2.579071664127292607e-01 3.971494216951128031e-01 3.659561376198868787e-01 3.840403938708894516e-01 3.337534979643346778e-01 2.764836449728571566e-01 3.005547142630804469e-01 3.168720204214814928e-01 3.214520375176340150e-01 3.644297126124594888e-01 4.747510383208256024e-01 4.545278455590728850e-01 3.440502153085199799e-01 4.288411141419743444e-01 4.390317860268922456e-01 4.316278340869558749e-01 4.309255683940069748e-01 4.561137148642551153e-01 4.412365610246965497e-01 4.049565175983968479e-01 4.211707630697044680e-01 4.242265248382951492e-01 4.393024015490631928e-01 4.458161468339907896e-01 4.504005636382619193e-01 4.281119232781975259e-01 4.467851481188914731e-01 4.268913884903705047e-01 4.042930015091281692e-01 4.248200266927019131e-01 4.126159658188527368e-01 4.095148432187155074e-01 3.871470142860088393e-01 3.883652068282905101e-01 3.680530804554603685e-01 3.774948485353623040e-01 3.761273575678749093e-01 4.066714703316273161e-01 3.705814016318450532e-01 3.602507315953825118e-01 3.604054230715657559e-01 3.787760405216932802e-01 4.003879171380652635e-01 3.924631878163923338e-01 3.501788783154845541e-01 3.732013915465726694e-01 3.805718511937494775e-01 3.804357036132789971e-01 3.974653204486358615e-01 3.767072216280659691e-01 3.472771976759713719e-01 3.717073377277024804e-01 3.609838890401217970e-01 3.683547067198342795e-01 3.487333102721968392e-01 3.491627811869080777e-01 3.648788739331423336e-01 3.829910414481779157e-01 3.683705512088131240e-01 3.729056626041454270e-01 4.012251053685129132e-01 4.074343837656609901e-01 3.865503201046726067e-01 4.038437594866594038e-01 4.020429892109056991e-01 3.983509468536988174e-01 4.106553442530692100e-01 3.825025704873926680e-01 3.798445271893260977e-01 3.830372080918627575e-01 3.869273195489671413e-01 3.793537077262058577e-01 3.821099175031215101e-01 3.920482546501523058e-01 3.998599981459346475e-01 3.902197049261689199e-01 3.843373383293628431e-01 3.850471027597004436e-01 3.895078111111923147e-01 3.857976085890440499e-01 3.617820730509341831e-01 3.719367976258540764e-01 3.770271468500960288e-01 3.805858466855288613e-01 3.578121180707550808e-01 3.734579950782475621e-01 3.650773474754147041e-01 3.458223532677081602e-01 3.566163233836822655e-01 3.570496555854150711e-01 3.627675597655127815e-01 3.507233920301289776e-01 3.649015280600534927e-01 3.480702804112848492e-01 3.500122599516485855e-01 3.517031479059843369e-01 3.495409215504184930e-01 3.646047128619188671e-01 3.480598452683528743e-01 3.556953097537732811e-01 3.627035706843108609e-01 3.660541229917206874e-01 3.484523243411127291e-01 3.495005923601725573e-01 3.511859365093240037e-01 3.392460161665107887e-01 3.525156980198996259e-01 3.688652282286291606e-01 3.598468178047210531e-01
8.268888353425443705e-02 8.163577798297365351e-02 3.163265837659163804e-01 1.000000000000000000e+00 3.970220105166822333e-01 4.137164672792872366e-01 5.824781631831801310e-01 5.600347765359015018e-01 4.856876086072561827e-01 4.242100769174706465e-01 5.611398661236031149e-01 6.311474773669444316e-01 5.239213552883218439e-01 5.212335359817343861e-01 5.696535154279637192e-01 5.691407784732727126e-01 4.875319228540579974e-01 5.226243260673342217e-01 4.919739362117805936e-01 5.995002166041234481e-01 5.554763758648298966e-01 5.468510258553127557e-01 5.101150419453769347e-01 5.201338953080598682e-01 4.926379218754241007e-01 5.799385684215788705e-01 5.697492141093078999e-01 5.329876689035623061e-01 5.078301534103715209e-01 5.251343039700859805e-01 5.504701365547329805e-01 5.460050153123763295e-01 4.953962557209536932e-01 5.632675710498786792e-01 5.143757213272460715e-01 6.033826195846475615e-01 5.744163707661449347e-01 5.512597090300708214e-01 5.586861494832860986e-01 5.817116902994926564e-01 5.662476957703977964e-01 5.689809006412075432e-01 6.260933687780880774e-01 5.871433190515501499e-01 5.951468346070984961e-01 5.598106990221068946e-01 5.671473312190007388e-01 5.520344622667631151e-01 5.560153072228192217e-01 5.784123622960803957e-01 5.792312053948118766e-01 6.076426279341360370e-01 6.046489490447802817e-01 5.519851148093740667e-01 5.543848618831199726e-01 5.635202343601758423e-01 5.990694406316635634e-01 5.746773432264877801e-01 5.814147114237933067e-01 5.717778955483395764e-01 5.964228055649419824e-01 5.636348872772632967e-01 5.796374070342299456e-01 5.714932069906878409e-01 5.850137361140388403e-01 5.939807758934415594e-01 5.629398739497646353e-01 5.753547669619698546e-01 5.721862837668147961e-01 6.236116246536177465e-01 5.951817540543041796e-01 5.702660300416121375e-01 5.940631168672465545e-01 5.777559289995104486e-01 5.758717519818890018e-01 5.680166300303627347e-01 5.668912604893496798e-01 5.556569475839533423e-01 5.554608360479156293e-01 5.445309695910578451e-01 5.655196254044868587e-01 5.629837223124040113e-01 5.683623479316314286e-01 5.411204767541847316e-01 5.691775394031538537e-01 5.802081380907668784e-01 5.880096532306768875e-01 5.668626355612274015e-01 5.651345035822169516e-01 5.726340741304873916e-01 5.642753065486176833e-01 5.698465912082066875e-01 5.848976135336082516e-01 5.761034854865128008e-01 5.710091518040405489e-01 5.584790916587840659e-01 5.836136066555152047e-01 5.897849908278787190e-01 5.901202736436952367e-01 5.805733342249381757e-01 5.931631751017498733e-01 5.864684096631037624e-01 5.939449685094358999e-01 5.823858528460860162e-01 5.946477455555420066e-01 5.915019436855111223e-01 5.634475737395844286e-01 5.550903011053245351e-01 5.612637890910150418e-01 5.660821943816749524e-01 5.745684567669494536e-01 5.707132672863809431e-01 5.714288808330263425e-01 5.680031100419770107e-01 5.728433051230519268e-01 5.820535823734698244e-01
6.288142746544898853e-02 4.697390478436856004e-02 1.636765869479739899e-01 3.970220105166822333e-01 1.000000000000000000e+00 3.327170162471795867e-01 4.649870076336665714e-01 4.787501900003613420e-01 3.955390395509565393e-01 3.556947677060164348e-01 4.233556141911581916e-01 4.608147554117758005e-01 4.649631744562757740e-01 4.106318482253313862e-01 4.605075846699665520e-01 4.595726885417881213e-01 4.004127926707828355e-01 3.401793096108283732e-01 3.397192869534048087e-01 4.248202822875197238e-01 3.564336186190477651e-01 3.835029539312828084e-01 3.966067019758072743e-01 3.762600143212432302e-01 3.464658816882026371e-01 4.257470202954314331e-01 4.426654198232406467e-01 4.055889778900381160e-01 3.816813533347319098e-01 4.123087326465150748e-01 4.264717067150802787e-01 4.142618121088171845e-01 3.579089943138490937e-01 4.184628855086530153e-01 4.065853397565465377e-01 4.400230544302712876e-01 4.430414505950627801e-01 4.077836499057054809e-01 4.422316575789261295e-01 4.068562494815426422e-01 4.476150932205592015e-01 4.423700269148504449e-01 4.673955645204869724e-01 4.637725418539055400e-01 4.566473072222004270e-01 4.545811243993727602e-01 4.554447278686036271e-01 4.543133712976477612e-01 4.382408006238421305e-01 4.234189056142662611e-01 4.346821266519714788e-01 4.661758990665103020e-01 4.699318475752091717e-01 4.524362898892477225e-01 4.481103432515441409e-01 4.315069206727630280e-01 4.669305318616987499e-01 4.610105597473553307e-01 4.556782029735809147e-01 4.679455233211107790e-01 4.714259985421506149e-01 4.653262578643639902e-01 4.671231934367791050e-01 4.571286487800799714e-01 4.643710968587701493e-01 4.735304265553336722e-01 4.530397207773080859e-01 4.522818060288491537e-01 4.550663522740679423e-01 4.787150663011440210e-01 4.481474519965474301e-01 4.436077309304383709e-01 4.667906504531397771e-01 4.435376202139102997e-01 4.556702014776857768e-01 4.495755923204070026e-01 4.440682850432443041e-01 4.413158327246185508e-01 4.444261488768270207e-01 4.439482380140949980e-01 4.520163650352059248e-01 4.466011108266573770e-01 4.462275891109347414e-01 4.414099260424347859e-01 4.487670855293775518e-01 4.587251068712487889e-01 4.617993287357946008e-01 4.490976813436933224e-01 4.547963272795667589e-01 4.454627876988205837e-01 4.324369310632541485e-01 4.520476635114463182e-01 4.590827584481854129e-01 4.583354769115981497e-01 4.571942655587915016e-01 4.539849525587329460e-01 4.367127803249644113e-01 4.644217253484509977e-01 4.657255153228995748e-01 4.479492468763093815e-01 4.599946865765059401e-01 4.618772094556485297e-01 4.675702611204500259e-01 4.638289409506639038e-01 4.650359234949174025e-01 4.639385890144087088e-01 4.499285705546276493e-01 4.538558838843964049e-01 4.526224547772295104e-01 4.561651094792805727e-01 4.565441742061782104e-01 4.628392300012651450e-01 4.603790972086376221e-01 4.577991776137327884e-01 4.579149921522165934e-01 4.637583267241470741e-01
1.066592331812549199e-01 1.190037328761448937e-01 2.423416194840830040e-01 4.137164672792872366e-01 3.327170162471795867e-01 1.000000000000000000e+00 5.425398470179537691e-01 4.928094905481682497e-01 5.130383345456687172e-01 4.544160693288174513e-01 5.361324472956769949e-01 5.461328686187729708e-01 4.984287681860494756e-01 4.825508801658728308e-01 5.452093687153015678e-01 5.505346080724741187e-01 5.175749718387199216e-01 5.135416555098695213e-01 5.162897568913132895e-01 5.077958668533156805e-01 4.865873021344793159e-01 5.299428922310569501e-01 5.477238708432997649e-01 5.257312204119268806e-01 5.063430311305306963e-01 5.634976466516543603e-01 5.643183445100259377e-01 5.296962358478660704e-01 5.235603366919128199e-01 5.553857142281901638e-01 5.656869569210261073e-01 5.662337567575793651e-01 4.978236619282704889e-01 5.767490052667474387e-01 5.447956019561560614e-01 5.435799064262983871e-01 5.730888894915597831e-01 5.434745640664041533e-01 5.725422753658923058e-01 5.265691518996110654e-01 5.595247765623614367e-01 5.516610182517436289e-01 5.654935622059192868e-01 5.745862724887240702e-01 5.818968196030387396e-01 5.598944125081142253e-01 5.649989429549335807e-01 5.670928427100824232e-01 5.530803791759081323e-01 5.473252059641129375e-01 5.499703539541060948e-01 5.382115241787611692e-01 5.725848841201603978e-01 5.660971463369994794e-01 5.654629476245588426e-01 5.655180401886176211e-01 5.673461310071152841e-01 5.699522375819101594e-01 5.707464286156302968e-01 5.712413527282819148e-01 5.759358162568545270e-01 5.647090776483851826e-01 5.687983372498776058e-01 5.615431019501549992e-01 5.752846200134862364e-01 5.777710040471697450e-01 5.756131254213949777e-01 5.812651445972611963e-01 5.866185447554375099e-01 5.919176377743230466e-01 5.810572230910415747e-01 5.772797051976870097e-01 5.971636954571497569e-01 5.789823499977195809e-01 5.749003693878222965e-01 5.677243878441438074e-01 5.658973311473134427e-01 5.654758763529740273e-01 5.661477770922798136e-01 5.640597853318548571e-01 5.744790175708990310e-01 5.714523104893369787e-01 5.746451983724805146e-01 5.652674177478075324e-01 5.750764847462203067e-01 5.899540764166498752e-01 5.784314415844510338e-01 5.657702636541370733e-01 5.751799976605103115e-01 5.709600355200571409e-01 5.584927488778527183e-01 5.665093107030230168e-01 5.729317942680883791e-01 5.721981812806716805e-01 5.675238633810906208e-01 5.659774474927106169e-01 5.513496475193710999e-01 5.665633299353174390e-01 5.712199973557678945e-01 5.657482319966680162e-01 5.672801214487706023e-01 5.703297426782381052e-01 5.708272456704999165e-01 5.678932425057350297e-01 5.721490164219087404e-01 5.646036532436435884e-01 5.631611929695783392e-01 5.684631132620813210e-01 5.690020227371787032e-01 5.650705878852656516e-01 5.671486396147672471e-01 5.664994360745418955e-01 5.637064782811651575e-01 5.622042966729617897e-01 5.684408029652839867e-01 5.701018833204969383e-01
7.757022368496782616e-02 1.618957622878101354e-01 3.294554539553746775e-01 5.824781631831801310e-01 4.649870076336665714e-01 5.425398470179537691e-01 1.000000000000000000e+00 7.029083881583604310e-01 7.029757872490031145e-01 6.750564297507519740e-01 7.440864559606917839e-01 7.887998715090983604e-01 7.183586049554024910e-01 7.121888531607560857e-01 8.306516571850265374e-01 7.916829829955891462e-01 6.845715455272375349e-01 6.571685043806880788e-01 6.795968285242793838e-01 6.750206930879609768e-01 6.171785599907552156e-01 6.868848977381764032e-01 7.173081281130597731e-01 6.770232845649195585e-01 6.671633594579465809e-01 7.826665364753467857e-01 7.762288979991165405e-01 7.557084773970388358e-01 7.212678494913989935e-01 7.685453874270425922e-01 7.821744906306071776e-01 7.793518279125367654e-01 7.115807975628646309e-01 7.753041003451927038e-01 7.345712231473562337e-01 7.430658661678849475e-01 7.760286216026129891e-01 7.797728179238549995e-01 8.011422941127471775e-01 7.617033861999453759e-01 7.908332207684350967e-01 7.980511436829834659e-01 8.050075552892022035e-01 8.096399565926412079e-01 8.045047674303014151e-01 8.076173304756938398e-01 8.030037153065522348e-01 8.001079197134832732e-01 7.927253152624375021e-01 7.813756951502930370e-01 7.896607580292336337e-01 7.557939762337603229e-01 7.964819855350406819e-01 7.903164205881514359e-01 7.918228544117791312e-01 8.008335393606691444e-01 7.924336604882882273e-01 7.964888055837217040e-01 8.029207273260604572e-01 7.968853752615867592e-01 8.110020642050274065e-01 7.955036388987121176e-01 8.007083207322791552e-01 7.967895030197661432e-01 7.891851092307613502e-01 8.047272401968231792e-01 8.060702794275117489e-01 8.080845131180144358e-01 8.139758100595981816e-01 8.186282893234574365e-01 8.004765266395426071e-01 8.019018087506348813e-01 8.160723419585824701e-01 8.019959106214599176e-01 8.104132850581972081e-01 8.040227810354625415e-01 8.054235326200966938e-01 8.013085996276357870e-01 8.118151364159419403e-01 8.067255047585428773e-01 8.096867644353278326e-01 8.085624187240166849e-01 8.051394563498197599e-01 7.965536437922803303e-01 8.136121536451638159e-01 8.186450962392256558e-01 8.108887292326593110e-01 8.102169152009568442e-01 8.135500947652589687e-01 8.069670370855598351e-01 7.991442939554624925e-01 8.084815887204531704e-01 8.126424300174113213e-01 8.173826396439742847e-01 8.050660661776631866e-01 8.033859814272734656e-01 7.917662799404361351e-01 7.913937445801505488e-01 8.104588698520358570e-01 8.066952281563707361e-01 8.123558190465224316e-01 8.063112217105425916e-01 8.106712340868682531e-01 8.099925560429184213e-01 8.081653055981459222e-01 7.991022451192247855e-01 8.006296127010554819e-01 8.025541645670810631e-01 8.047567196712249737e-01 8.042229245451679720e-01 8.076254076949452854e-01 8.037804698700389272e-01 8.028577585327252297e-01 8.009950545208396333e-01 7.996163630292706381e-01 8.057413397953745449e-01
1.312459861630980648e-02 1.039840666387132906e-01 2.579071664127292607e-01 5.600347765359015018e-01 4.787501900003613420e-01 4.928094905481682497e-01 7.029083881583604310e-01 1.000000000000000000e+00 6.508008074073582394e-01 6.138053833745976684e-01 7.011221510410982072e-01 7.659692638547292987e-01 7.045157179063989972e-01 6.877726791251523863e-01 7.723837601118749285e-01 7.836619819457443237e-01 6.585677159180567397e-01 5.933271613008815892e-01 6.188109360106269774e-01 6.651523601239194283e-01 5.851290199847463125e-01 6.503058601553356466e-01 6.492133551412313519e-01 5.960638566516764936e-01 5.874724638203399074e-01 7.299822074630645252e-01 7.427047498407258752e-01 7.060700171731346675e-01 6.573810381257876312e-01 6.830635403854997678e-01 7.157512452945999915e-01 7.131838300656948570e-01 6.591297821130512880e-01 7.102555331868383171e-01 6.813616575579600765e-01 7.262717980948232288e-01 7.299004833645217349e-01 7.428427607272420907e-01 7.599100450036126997e-01 7.422391606949568787e-01 7.675987014354326288e-01 7.784027969276748893e-01 7.869733130893510342e-01 7.900799542883841786e-01 7.685564438581021784e-01 7.711444437843540944e-01 7.753652159180826064e-01 7.690870269382032998e-01 7.517516852127619220e-01 7.482790452841665552e-01 7.657917224513971499e-01 7.565051598440255542e-01 7.809622638613183954e-01 7.598851902197674146e-01 7.628377886089726667e-01 7.622737308814985235e-01 7.686894395674357394e-01 7.821963583724458324e-01 7.829289392035087003e-01 7.729563593127815047e-01 7.883385503947143436e-01 7.741737615489462376e-01 7.850898539208274185e-01 7.693675010865220765e-01 7.702331931557915290e-01 7.816031569641371801e-01 7.706766687446666708e-01 7.622746174885253190e-01 7.621763583489047367e-01 7.928031210059998113e-01 7.618485165139949888e-01 7.623022736886067019e-01 7.677952485871297750e-01 7.452466125940870878e-01 7.777900805938875450e-01 7.721440789966235174e-01 7.708313945474085660e-01 7.597927928071533943e-01 7.661916320212879272e-01 7.535659533479279748e-01 7.666314005294008194e-01 7.581682905423394736e-01 7.698634324168740495e-01 7.541277729799752416e-01 7.682591712425366204e-01 7.721066598749136700e-01 7.792225992230306097e-01 7.812322140744555332e-01 7.796919450203864121e-01 7.762733586292908106e-01 7.664444380884173347e-01 7.825383880683153270e-01 7.837257107156222480e-01 7.847350691846701753e-01 7.812176770296294093e-01 7.739625778879307694e-01 7.772427630668581333e-01 7.789529361936226026e-01 7.946840401806426479e-01 7.832874604315146483e-01 7.933580370284645245e-01 7.916669844271116974e-01 7.890642128788609710e-01 7.920141051527632703e-01 7.865872404584135502e-01 7.866655038791664500e-01 7.745954548553912744e-01 7.737203218720916098e-01 7.769058289344115131e-01 7.806959651927155575e-01 7.873772628335031776e-01 7.815820039662573215e-01 7.841528338378394025e-01 7.824655301395614382e-01 7.747959223940087403e-01 7.837938123389285305e-01
2.157246115210416926e-01 2.390835209688215168e-01 3.971494216951128031e-01 4.856876086072561827e-01 3.955390395509565393e-01 5.130383345456687172e-01 7.029757872490031145e-01 6.508008074073582394e-01 1.000000000000000000e+00 7.662628562697070267e-01 8.042388005370019188e-01 7.714191021150011984e-01 7.269301864931224655e-01 7.162701969134770419e-01 7.938416720621480627e-01 7.905090434034908187e-01 7.888985400586048247e-01 7.581858120832956072e-01 7.939312116738121983e-01 6.393497119734327105e-01 6.699828420274706042e-01 7.868586467751242930e-01 8.089768416533820172e-01 7.387967207004885184e-01 7.685241554531389019e-01 8.394866251598455120e-01 8.385655506486542343e-01 8.176818751065416668e-01 7.730517392514028030e-01 8.554015988489174216e-01 8.731532557707555320e-01 8.655939208436562726e-01 8.007800755440785956e-01 8.504611609942174244e-01 8.399961956329863311e-01 7.955697140851232252e-01 8.518418209558802356e-01 8.324967493882872160e-01 8.605803161255540790e-01 7.820065400497788755e-01 8.480282259536382483e-01 8.293632112115668642e-01 8.216949288595105649e-01 8.499575232732038410e-01 8.590674017798993756e-01 8.419588051273407814e-01 8.538775593464236202e-01 8.627594015348981626e-01 8.532701470151190515e-01 8.266433738940019982e-01 8.408301103185925607e-01 7.744602261083610717e-01 8.352567268901024411e-01 8.709503696264410122e-01 8.613827850222047777e-01 8.566063900521136976e-01 8.439563000104979285e-01 8.450364890878231394e-01 8.518767976417671584e-01 8.586972378188956201e-01 8.531899158248750226e-01 8.504669048559937439e-01 8.388954793635476914e-01 8.505138621801792143e-01 8.584172352489289892e-01 8.542456048687854242e-01 8.636309070073634464e-01 8.665734830984622716e-01 8.741257026235735861e-01 8.427133516533029667e-01 8.527490397194615879e-01 8.662196093829344079e-01 8.602480609513545318e-01 8.622763678092586481e-01 8.620001769306748773e-01 8.592722387979513377e-01 8.559110827697337109e-01 8.517657795684394628e-01 8.590649603065804163e-01 8.695817251517817814e-01 8.689354935458363238e-01 8.730000353086816434e-01 8.665071019358652205e-01 8.686147338499266013e-01 8.592813050391745477e-01 8.653412043991924874e-01 8.595296782274425285e-01 8.465483521984488169e-01 8.610869398388982798e-01 8.553814947997396834e-01 8.448143758763118072e-01 8.469024346265437986e-01 8.532515361609597226e-01 8.519833201454620752e-01 8.464096875823450272e-01 8.550128712949091048e-01 8.172477796175676712e-01 8.356395113952388431e-01 8.455184137775670905e-01 8.436775168287929949e-01 8.330688445731545544e-01 8.421080433537909693e-01 8.389297921650565870e-01 8.420170865157914353e-01 8.426967006220600354e-01 8.312818204809855338e-01 8.497084446256194523e-01 8.597620123265419245e-01 8.586281036208321948e-01 8.496149962176954284e-01 8.437171937838932045e-01 8.515979143458746181e-01 8.412601787402013143e-01 8.468128822307710024e-01 8.560261696377552409e-01 8.485826267557547986e-01
1.250465935335940693e-01 2.390281196553094845e-01 3.659561376198868787e-01 4.242100769174706465e-01 3.556947677060164348e-01 4.544160693288174513e-01 6.750564297507519740e-01 6.138053833745976684e-01 7.662628562697070267e-01 1.000000000000000000e+00 7.508022656895650959e-01 7.383168202341094943e-01 6.828022399488585803e-01 6.836788720454570756e-01 7.733275162340357278e-01 7.599425257735885619e-01 7.366106127474213450e-01 6.733971536385586765e-01 7.179046473715408050e-01 5.728476509249034176e-01 5.738405754420031757e-01 6.969022715201007578e-01 7.379653104091240534e-01 6.528830320354612748e-01 6.838948485100510011e-01 7.933948268783622693e-01 7.912840437489807588e-01 7.815724448901308907e-01 7.329846958488523967e-01 7.987074383562248192e-01 8.173001078874763126e-01 8.065556184582515220e-01 7.741756631896068441e-01 7.827259840173020899e-01 7.885397350201505118e-01 7.105610013124424862e-01 7.827483332675878591e-01 7.939863446400325930e-01 8.092767773834559364e-01 7.410514639369231160e-01 8.091917563547073033e-01 7.965810593000712814e-01 7.650199589388986254e-01 8.021160835587263227e-01 8.029235334036620708e-01 8.063214349199381292e-01 8.165614520777211283e-01 8.241224953299556288e-01 8.165306424130034380e-01 7.820099068025925249e-01 7.979978159517334690e-01 7.111859690434756409e-01 7.865216832686588999e-01 8.243617032217728235e-01 8.145294998199218428e-01 8.114346840409231154e-01 7.874941465702934851e-01 7.997818955023162646e-01 8.062830064585293499e-01 8.138416819138631908e-01 8.035527698914336492e-01 8.090164249132425489e-01 7.938550045684414913e-01 8.074909572757720255e-01 8.050361657474420785e-01 8.056536314690549982e-01 8.238861658115844699e-01 8.165331089202241266e-01 8.252744882287627037e-01 7.898302559013389290e-01 7.963564388333950195e-01 8.151847687594828695e-01 8.059140153559704034e-01 8.074247157989800083e-01 8.230501402013600254e-01 8.227165267030875917e-01 8.197888913079455220e-01 8.194708948797622128e-01 8.228840569013603501e-01 8.325524981531542412e-01 8.242915260481441520e-01 8.313366440153434622e-01 8.220226610572712866e-01 8.340492101048158080e-01 8.200986954240102600e-01 8.200305830238128202e-01 8.103576190132885104e-01 8.141803577911989054e-01 8.201285181400309598e-01 8.105783225285360105e-01 8.132889908608648133e-01 8.140579966963819025e-01 8.133735448955881076e-01 8.155760942647090062e-01 8.120896561936903346e-01 8.203456913034991027e-01 7.820859515129862105e-01 7.901582199933793182e-01 8.074389148717101561e-01 8.096596300007111724e-01 7.955912754725759095e-01 8.001410538108230108e-01 7.978186951325928478e-01 8.042955802296702927e-01 7.992727575231702852e-01 7.854822227316969885e-01 8.146701024182810835e-01 8.223853310964165386e-01 8.197003471227020110e-01 8.143092996323019195e-01 8.059891276944072258e-01 8.141627192801039747e-01 8.060690992153187739e-01 8.119503253151977296e-01 8.148286331016363349e-01 8.082442146321762166e-01
1.233610520290372714e-01 2.191432293700378287e-01 3.840403938708894516e-01 5.611398661236031149e-01 4.233556141911581916e-01 5.361324472956769949e-01 7.440864559606917839e-01 7.011221510410982072e-01 8.042388005370019188e-01 7.508022656895650959e-01 1.000000000000000000e+00 8.394884608152274330e-01 7.488034925875387549e-01 7.566072680045270449e-01 8.435654250370789864e-01 8.312246082969891869e-01 7.823613183164861429e-01 7.494394501071623971e-01 7.864191338790201824e-01 6.721230507360534956e-01 6.797689394161587906e-01 7.895050329856239113e-01 8.036969061785481649e-01 7.353642488804619237e-01 7.548149853233034889e-01 8.598622723214074393e-01 8.575933762080368838e-01 8.422009005894817157e-01 7.932615053259116644e-01 8.522476411693783449e-01 8.863606837703278396e-01 8.650882113082544178e-01 8.204140004646623963e-01 8.513526317227637641e-01 8.425842817738047330e-01 8.202992399618344033e-01 8.656004037354986247e-01 8.584228205697796987e-01 8.802854634107580845e-01 8.311398660529992766e-01 8.755872753248444829e-01 8.707044494162942128e-01 8.592080888846352904e-01 8.823231904007603488e-01 8.887122911797453728e-01 8.735917422755320461e-01 8.840505066657849964e-01 8.855925058159777041e-01 8.779208211428797259e-01 8.591991990948926183e-01 8.690682505500528787e-01 8.136714911547051621e-01 8.734368437566342180e-01 8.835385392149986972e-01 8.808730235417763232e-01 8.845394494666548590e-01 8.699026211687075349e-01 8.749887792435603329e-01 8.783052990396358339e-01 8.800594428105816824e-01 8.818906548695246705e-01 8.731086268669985273e-01 8.698795691472172020e-01 8.727634450278720646e-01 8.814291980052693098e-01 8.847391657014490596e-01 8.891364582402443428e-01 8.905852571018598729e-01 8.926112433765096554e-01 8.784845090459512118e-01 8.813524229891183115e-01 8.882475521604995539e-01 8.841798459925194198e-01 8.827987252405323781e-01 8.944655546295139370e-01 8.900450652317084543e-01 8.877412415984879956e-01 8.825092100835025821e-01 8.876803399301641528e-01 8.894070648655050260e-01 8.942442592220543052e-01 8.973116112331676053e-01 8.922739306149448657e-01 8.904095565590079975e-01 8.875138999233401771e-01 8.901971146131608670e-01 8.901622012160901320e-01 8.833705784236943748e-01 8.913840646955266678e-01 8.869411812367611336e-01 8.843843784327498625e-01 8.857458736515282371e-01 8.893225618769903251e-01 8.892408381846184096e-01 8.826701364000233418e-01 8.871360313068441528e-01 8.686513306977787785e-01 8.732866018594448443e-01 8.834405839039813912e-01 8.828522633304124456e-01 8.791843964671851586e-01 8.804678697277843469e-01 8.794468218827293793e-01 8.831834299130620902e-01 8.822134815331595936e-01 8.720138880786468816e-01 8.830810253388624576e-01 8.877080622928930076e-01 8.878290093242179326e-01 8.825807934204168426e-01 8.816597635803654631e-01 8.839610944197656694e-01 8.788455666060546179e-01 8.832946971969886096e-01 8.856002523640558177e-01 8.842880847602146988e-01
-6.339656863439335592e-03 1.068011984535456038e-01 3.337534979643346778e-01 6.311474773669444316e-01 4.608147554117758005e-01 5.461328686187729708e-01 7.887998715090983604e-01 7.659692638547292987e-01 7.714191021150011984e-01 7.383168202341094943e-01 8.394884608152274330e-01 1.000000000000000000e+00 7.992246884574407684e-01 8.170822751301201059e-01 9.029129199871002154e-01 8.970416183076431738e-01 7.682422743947409094e-01 6.837714848202968154e-01 7.226269686115648350e-01 7.126436176316283122e-01 6.562222754451857432e-01 7.502290496756639504e-01 7.545103199975071728e-01 6.773944660331187029e-01 6.909633598417785905e-01 8.544291694435881546e-01 8.677653431791327865e-01 8.172738525070066817e-01 7.457195662488355081e-01 8.075466312862057405e-01 8.525901373760933488e-01 8.364417778326934672e-01 7.897435460640008786e-01 8.214461368378617179e-01 8.050643975240312500e-01 8.302939213978348665e-01 8.555304251644524349e-01 8.565226183312770747e-01 8.821637476094065233e-01 8.586698969662270864e-01 8.999563745296231820e-01 9.035031571173143261e-01 9.040563345428063169e-01 9.155778827007028386e-01 8.985268099684310394e-01 8.927163564507885063e-01 9.215362090357157587e-01 9.129254923233737218e-01 9.002218659977753168e-01 8.855940479447164115e-01 8.941814025325954818e-01 8.699151986468751652e-01 9.107991723832028486e-01 8.988726047133743791e-01 8.914820432983237009e-01 8.934887901435676349e-01 9.059444168288494081e-01 9.147202157601701522e-01 9.104303743401911397e-01 9.137233613279702737e-01 9.251963814151185073e-01 9.081409919890309768e-01 9.170940584988751532e-01 9.083426729330802418e-01 9.105039098671025011e-01 9.228554451449719753e-01 9.141947244018133745e-01 9.063308734954353962e-01 9.021144985601758925e-01 9.211019677895383451e-01 9.037851341801842464e-01 9.020193364902638899e-01 9.007994261220892973e-01 8.872317685637430840e-01 9.203742028798113095e-01 9.153060493477914727e-01 9.089557307020751376e-01 8.929398998380527752e-01 9.010313678493019340e-01 8.998181122842519031e-01 9.080235166746170039e-01 9.056192532639145698e-01 9.081129249602182263e-01 8.971988814220096531e-01 9.090112462275977689e-01 9.102891051960165791e-01 9.172148429410831305e-01 9.187215698102999539e-01 9.161526479508363963e-01 9.150708075878467573e-01 9.086734108328029524e-01 9.246651932783991334e-01 9.239319122455326161e-01 9.228449133228783241e-01 9.289549338420137747e-01 9.224556847307762153e-01 9.179307629181069350e-01 9.182031102216338114e-01 9.331032081011648716e-01 9.243332335980304348e-01 9.313781822679432221e-01 9.298949691506538384e-01 9.310588824672850761e-01 9.317603017364445295e-01 9.281893504480680512e-01 9.274086140396179401e-01 9.223417271233045334e-01 9.169063961893164638e-01 9.183445989028288237e-01 9.262485710845651532e-01 9.261063028217575432e-01 9.276886289718320189e-01 9.266075354210678849e-01 9.249936515929674252e-01 9.210826856593008483e-01 9.294080513279028288e-01
2.804783325310172826e-02 1.133147776090983883e-01 2.764836449728571566e-01 5.239213552883218439e-01 4.649631744562757740e-01 4.984287681860494756e-01 7.183586049554024910e-01 7.045157179063989972e-01 7.269301864931224655e-01 6.828022399488585803e-01 7.488034925875387549e-01 7.992246884574407684e-01 1.000000000000000000e+00 7.325919354523480198e-01 8.207933510863779647e-01 8.235180740530222421e-01 7.065210225272662292e-01 6.071373005702911385e-01 6.601789894197614972e-01 6.405199163910321181e-01 5.714645376965347134e-01 6.898770032130082663e-01 6.901505698803687139e-01 6.307635513110378955e-01 6.402440975268459677e-01 7.654099069482663831e-01 7.861606950957049644e-01 7.352136187080832164e-01 6.828805693567965296e-01 7.524342462958494293e-01 7.802896145936932815e-01 7.590465277640709996e-01 6.925682427345866143e-01 7.522918090545105407e-01 7.332120179156838002e-01 7.393022574993406426e-01 7.804079026483821124e-01 7.513768537998487540e-01 8.020835886307425833e-01 7.380714235583661909e-01 8.145442498509264384e-01 8.121756933262517242e-01 8.021422657465594463e-01 8.271587018234235478e-01 8.094680142188976912e-01 8.152477404066759137e-01 8.348019391574604819e-01 8.366403532333904769e-01 8.109384997970847664e-01 7.702989615370720022e-01 7.852030679797528112e-01 7.768432851849714771e-01 8.218101233682816309e-01 8.254723322608160663e-01 8.153803493586014861e-01 8.005790499009496353e-01 8.136022773856111945e-01 8.321357964836203491e-01 8.147140843778990504e-01 8.399513474297206628e-01 8.375033601112834569e-01 8.274171472203548650e-01 8.226595962717319077e-01 8.158696823128461784e-01 8.281411289387579089e-01 8.403286292921744449e-01 8.385846318368114227e-01 8.256160098657401303e-01 8.272555253408867548e-01 8.341884947342124157e-01 8.170451612643478967e-01 8.236488274124377229e-01 8.250134622607409041e-01 8.132553760576041180e-01 8.356536909893653720e-01 8.319402493264357323e-01 8.236494590917882164e-01 8.156769717803830089e-01 8.277750817707127950e-01 8.273122937061171411e-01 8.307505167367049692e-01 8.276695403660988548e-01 8.218951389763868853e-01 8.229605472969658830e-01 8.254146215905131534e-01 8.354009539028229847e-01 8.333662326989519364e-01 8.292377419735146304e-01 8.351138732228393646e-01 8.244945822485589826e-01 8.145631986521429946e-01 8.389460004125079973e-01 8.371784969050767300e-01 8.369682359223499235e-01 8.445774809835437935e-01 8.422184295515525720e-01 8.102874231769929825e-01 8.256725085188014734e-01 8.440824209343822382e-01 8.264500199584635665e-01 8.360175656069832595e-01 8.387540830922025625e-01 8.445075215034246741e-01 8.432360034603528787e-01 8.382137369559968798e-01 8.336627934865671330e-01 8.377494102167641898e-01 8.388469897027985844e-01 8.366317839317857219e-01 8.418303627663533684e-01 8.374047139091332914e-01 8.461469962162530001e-01 8.414854883532827401e-01 8.397907123207449809e-01 8.372736899887666118e-01 8.450770524003005102e-01
