1.000000000000000000e+00 1.368983095676121198e-01 1.670071486719412746e-01 5.573960796219784575e-02 -1.345807238484335137e-02 2.864199542552343589e-02 1.449861138721627273e-02 2.123237449047330958e-02 1.017822716696567265e-01 4.590435290701189858e-02 1.118308975972693020e-01 3.626249329453321707e-02 -1.915025970996573831e-02 6.592352393514666620e-02 2.354778869965482371e-02 -9.148094188480471525e-03 1.426036828796879152e-01 2.409147538494471885e-01 1.713313701117919197e-01 1.423235735063612395e-01 1.878628487157276428e-01 1.890201442205044491e-01 1.089559087973697021e-01 1.886800699403500259e-01 1.865088737839614152e-01 1.047680016408057413e-01 1.138178190786709731e-01 1.045238772394141563e-01 1.300806196508972057e-01 1.186228709045477753e-01 1.295176174240243172e-01 8.753398443872506540e-02 9.335731975193656274e-02 8.332312079460450771e-02 1.007807520891737252e-01 7.664569617107944155e-02 8.985501413623328548e-02 2.738636456537144742e-02 7.872483161429826015e-02 -1.049700924216736067e-02 4.398697961957880737e-02 2.007267345443322984e-02 4.293102973363729924e-02 3.922175510261426135e-02 6.041812000130092342e-02 3.774293278038307747e-02 1.667047139353007579e-02 2.756980956815602637e-02 -1.008601903525439825e-04 1.828006823552962359e-02 3.145738501405804383e-02 3.094308430455023490e-02 3.673704814247157405e-03 5.192834553247506479e-02 6.060030510048082519e-02 4.905939113134505369e-02 4.468669169990005519e-02 2.340494169522418233e-02 3.302761455383360079e-02 4.033319820471899936e-02 1.837989062138251084e-02 3.878911427245906179e-02 3.137767872521644852e-02 4.520341130400282875e-02 7.186707573649463165e-02 4.076327065172930669e-02 4.004300691279249341e-02 8.200645447438044411e-02 5.192851512208199877e-02 6.078829601676549038e-02 7.092283198490688390e-02 6.626782881162564254e-02 7.657937556559614445e-02 7.415001172401429475e-02 5.240812608665837424e-02 4.062840079668370713e-02 4.884477507064802909e-02 5.843787228947376622e-02 4.105835391574541582e-02 6.689720122023962157e-02 5.562113757862208879e-02 4.889482779425526060e-02 4.480677523122782169e-02 6.108558298232911327e-02 3.213263875884622006e-02 4.489706041641206014e-02 4.125424706266531821e-02 1.702666735731451705e-02 3.794368150383482796e-02 3.895951622397925140e-02 9.900134042909959978e-03 1.343855156584570706e-02 2.108378531525292865e-02 2.409586366031442675e-02 3.529232002309915048e-03 1.299736067072736027e-02 -1.713224655415510934e-04 1.746930996246234824e-02 1.054530070979857286e-02 1.272918974999653376e-02 1.626767833038439762e-02 1.783598693556729883e-02 6.620549961816503057e-03 5.913510428844646720e-03 3.042177787134389341e-02 1.502057651661077575e-02 1.384809942123395136e-02 2.647446395441045708e-02 2.737256977108337708e-02 1.438797265526091732e-02 1.384901026011888490e-02 1.757932819291008891e-02 2.014246710098130735e-02 2.380398275586197154e-02 3.442787017395792376e-02 1.493717499483319423e-02
1.368983095676121198e-01 1.000000000000000000e+00 1.170367592779533589e-01 5.702913969158938945e-02 5.845185176619015210e-02 7.396412814809952274e-02 1.600713410136236914e-01 9.675820149197421338e-02 1.330898757997104609e-01 1.569463356136955590e-01 1.618033602746521415e-01 1.319303222169262158e-01 9.180230359848642885e-02 1.254309306969104976e-01 1.384937285021484166e-01 1.245899644893163072e-01 1.527090524051880893e-01 2.311264009522798479e-01 2.195931960456546927e-01 1.570338468185734915e-01 1.759059771450786902e-01 2.065456128265230340e-01 2.178701206368317544e-01 2.246517966409873612e-01 2.270127273500297527e-01 1.934041107676398585e-01 1.831176941250921841e-01 2.096314868945379495e-01 2.141645701288546755e-01 2.028415348444494448e-01 1.953548757170883166e-01 1.868636276081893643e-01 1.661480980966801579e-01 1.644533547250021654e-01 1.616950410473485256e-01 1.466180655606846572e-01 1.875974187939496163e-01 1.483427881082723387e-01 1.757112158723020956e-01 1.443149852791428267e-01 1.650256705332089069e-01 1.477954805222279344e-01 1.487496220986789797e-01 1.480138930713233714e-01 1.692964786879089245e-01 1.665410560919174943e-01 1.398108332478007754e-01 1.507656297094117359e-01 1.247771992293934817e-01 1.064824491996024663e-01 1.486705629535166329e-01 1.039747370249341912e-01 9.287926925769954267e-02 1.644943065250730752e-01 1.664863434929194919e-01 1.797478843737139453e-01 1.418725213543899077e-01 1.376103825157168614e-01 1.565555371339766022e-01 1.466465875735306068e-01 1.309313516764153418e-01 1.524197929753051683e-01 1.444077481438282851e-01 1.391380351794234971e-01 1.431522875204837009e-01 1.367062388346386159e-01 1.480106648097254396e-01 1.745090874868780451e-01 1.646340184013397878e-01 1.552322490340488637e-01 1.620511500065619781e-01 1.655985410501883137e-01 1.739515704909183336e-01 1.789568513197641042e-01 1.613274924875552907e-01 1.524973195816988758e-01 1.641694202010374748e-01 1.671487820705629679e-01 1.659560628964020790e-01 1.641692822317839806e-01 1.633981658201641152e-01 1.548944630362927288e-01 1.604247971490625757e-01 1.598951602697110397e-01 1.375760113641499860e-01 1.542436465307057969e-01 1.564439609298830525e-01 1.486717808442091227e-01 1.509271425980746872e-01 1.642082630350109318e-01 1.491629655017486789e-01 1.402623371942617048e-01 1.404068289519026236e-01 1.472771164215446182e-01 1.350878101209940785e-01 1.402231002100722546e-01 1.167640300697731504e-01 1.181124771795049322e-01 1.306631008464375354e-01 1.346604539736721839e-01 1.353085809055974975e-01 1.333175720003103304e-01 1.210790292182026828e-01 1.278570462794312301e-01 1.314917366004154653e-01 1.338966832219603831e-01 1.354588803087152238e-01 1.491083819957357837e-01 1.519914119709617761e-01 1.383877668018132778e-01 1.428401038313093507e-01 1.362481467628681442e-01 1.408974858517955675e-01 1.334361578974194718e-01 1.322005301433858693e-01 1.286515695748746968e-01
1.670071486719412746e-01 1.170367592779533589e-01 1.000000000000000000e+00 2.441714885463687756e-01 1.004268907384968240e-01 1.504390336622291047e-01 2.386390162476015597e-01 2.295823470380726206e-01 2.996992466922597242e-01 2.104607616468383013e-01 3.044383611881161800e-01 2.956601297381133420e-01 2.066359518720081168e-01 2.512487297239932582e-01 2.754583251373106667e-01 2.417209362428669461e-01 2.964253356587585597e-01 3.565977407485947381e-01 3.335463959790727628e-01 2.694328966491821853e-01 3.346737025264276966e-01 3.442374305718597927e-01 3.036679563962568773e-01 3.427981647694018918e-01 3.489773394035821097e-01 3.406417944463164260e-01 3.280180090761214418e-01 3.443997733468890377e-01 3.524885585976120783e-01 3.447332699641115217e-01 3.499028001484670303e-01 3.182922583159301655e-01 3.173832298884425862e-01 3.081283953782476548e-01 3.219100061136837554e-01 2.914715714947109793e-01 3.269556007519906493e-01 2.885824615762762613e-01 3.140877842279883869e-01 2.544679490088395113e-01 3.018171653492873752e-01 2.850659909700573591e-01 2.917957998938643938e-01 2.979527203373385502e-01 3.104817600962334612e-01 2.997340746060705996e-01 2.858568795232481197e-01 2.926898318479205785e-01 2.715143508584502152e-01 2.807867320330315053e-01 3.010700644769513934e-01 2.783635017970925163e-01 2.649206601839343977e-01 3.002479188522824138e-01 3.065279347178381242e-01 3.030705646377588880e-01 2.902076626359151312e-01 2.829113323927526791e-01 2.954413030117725159e-01 2.913837573724937235e-01 2.837240033861299637e-01 2.941742502699629669e-01 2.901508843489393197e-01 2.908201167515511720e-01 3.060725747219151249e-01 2.874576979545455657e-01 2.963696187697283380e-01 3.205919104952971166e-01 3.039089236830320173e-01 3.049218504436078114e-01 3.136277519901917166e-01 3.121162362272308921e-01 3.127980402239400881e-01 3.145253415192147406e-01 3.105995917001649897e-01 3.038511071837585731e-01 3.071918955293818088e-01 3.187169274687072229e-01 3.019973956189498376e-01 3.169684042122472012e-01 3.121681040505933646e-01 3.087974885329075048e-01 2.949307470658803498e-01 3.136521108215893361e-01 2.876819439976714965e-01 2.977165541592260989e-01 2.977533383437320769e-01 2.849825555754275652e-01 2.955807418686164367e-01 2.973515663875176407e-01 2.819192390032845275e-01 2.837942406976111664e-01 2.854706984278090887e-01 2.895460509994480236e-01 2.787065639856397548e-01 2.823068203333282677e-01 2.738055349931707849e-01 2.835742547981766060e-01 2.804901152810512777e-01 2.850057964458196369e-01 2.824023000325949218e-01 2.836251319384746061e-01 2.749419198594501013e-01 2.771160923054455383e-01 2.885247483545734237e-01 2.742196133370640720e-01 2.840908576515238093e-01 2.855360823115050128e-01 2.921674498660451480e-01 2.809160321701961172e-01 2.828301218281917273e-01 2.830864065792655371e-01 2.844559903510758825e-01 2.843794148885712691e-01 2.858794015259277788e-01 2.788206842022814547e-01
5.573960796219784575e-02 5.702913969158938945e-02 2.441714885463687756e-01 1.000000000000000000e+00 2.397147026307347162e-01 2.669918410944079890e-01 4.334167128483063514e-01 4.288102048604875982e-01 4.789093626483787447e-01 3.706789827817677518e-01 4.492146630704337285e-01 5.217984575676758441e-01 4.181582158308286834e-01 4.355848026886799951e-01 5.166801705207780815e-01 4.987478672008695546e-01 4.778122035042345339e-01 3.915157479340375946e-01 4.332226358292267654e-01 4.125304263534886884e-01 4.511674020865900636e-01 4.850976357175795228e-01 4.493565580264745063e-01 4.176982935304512923e-01 4.541033601461200719e-01 4.917063588302041377e-01 5.056610517322016607e-01 4.950355230504556725e-01 4.970178328043091120e-01 5.229177415417992636e-01 5.311548196143554001e-01 5.057031169543129145e-01 4.880148584606766593e-01 4.903988329477368957e-01 4.827963615768039451e-01 5.152092556879962482e-01 5.120804020505161924e-01 5.136648799271736898e-01 5.265500409440704299e-01 5.013602642234569196e-01 5.182314221792803099e-01 5.176398511110228418e-01 5.234852553664627317e-01 5.326645939978390532e-01 5.272853974579988501e-01 5.232830463994114778e-01 5.234404733108096730e-01 5.254794464127355846e-01 5.242234163304722028e-01 5.202644441926794761e-01 5.296935963076930820e-01 5.217714466714802324e-01 5.131097580749235387e-01 5.173704847104850790e-01 5.160777261394146054e-01 5.148882702187561611e-01 5.283745857120053513e-01 5.174528857338388521e-01 5.256433219360852060e-01 5.338578461014088505e-01 5.252478242107384565e-01 5.301567985467725563e-01 5.216919151558152556e-01 5.388844504296272930e-01 5.422105692012619826e-01 5.317759788640742391e-01 5.251498335879947188e-01 5.164474952594388935e-01 5.200000058392660884e-01 5.161484043976349856e-01 5.260307881010494180e-01 5.280712482889184933e-01 5.153577637836662673e-01 5.154266457224826459e-01 5.271044098027206637e-01 5.272615218766585343e-01 5.210142861169100303e-01 5.273530764454260611e-01 5.241449711743072504e-01 5.387521778898997082e-01 5.336812412528362248e-01 5.363778778570448269e-01 5.271049156413645242e-01 5.175544953587738473e-01 5.150084435413149198e-01 5.216169412128019989e-01 5.305328629120387163e-01 5.206233303221227127e-01 5.296016255404712991e-01 5.176102377370521701e-01 5.147586313330130281e-01 5.258652187638378495e-01 5.285122248142690715e-01 5.301965628793384733e-01 5.212182181532805103e-01 5.225995999833907835e-01 5.273633942561796184e-01 5.299296311158969708e-01 5.237145094917202703e-01 5.250118881015023442e-01 5.238032444459198578e-01 5.276117175342577292e-01 5.257876804624341815e-01 5.284386861023945281e-01 5.343955709241730023e-01 5.269351191720906824e-01 5.254489422247541341e-01 5.225804079378765232e-01 5.247865916990140933e-01 5.248482311959525859e-01 5.225112929717266042e-01 5.274054499014382280e-01 5.258113430631988772e-01 5.341926664733115393e-01 5.343154732725535760e-01 5.305166097870475106e-01
-1.345807238484335137e-02 5.845185176619015210e-02 1.004268907384968240e-01 2.397147026307347162e-01 1.000000000000000000e+00 2.264043550049692488e-01 3.527770476839102720e-01 3.567606944620794751e-01 3.499884242885537011e-01 3.096216913118597924e-01 3.257484602707751975e-01 3.897938049613189349e-01 3.528291939962109880e-01 3.408786908886802802e-01 4.059911808053997540e-01 4.016188404743277207e-01 3.361309449142499406e-01 2.885304725316861774e-01 3.063361693245890138e-01 3.434005094399130154e-01 3.276595993089500558e-01 3.492898050917070396e-01 3.402583071570283724e-01 3.075820249208507384e-01 3.218305604052127400e-01 3.564672323447030666e-01 3.576987603691010875e-01 3.604084614487177984e-01 3.426989304050214735e-01 3.621294831389499369e-01 3.605047809518067137e-01 3.966714187661221080e-01 3.734053188383129052e-01 3.774347865406358915e-01 3.804753441680243098e-01 4.101875382561663841e-01 4.047795436405178804e-01 4.006681079483994101e-01 4.177496724773858139e-01 4.066176528973488025e-01 3.961549066325681934e-01 4.117824263189873157e-01 4.262273745806920977e-01 4.135556018691883828e-01 4.109887726067040226e-01 4.139467849804212007e-01 4.105150977367130749e-01 4.081051665113162863e-01 4.105914902334955041e-01 4.082038675387865134e-01 4.079527028825165602e-01 4.205799907139058935e-01 4.116021145637683287e-01 4.129678451159300989e-01 4.084210816108334030e-01 4.000092656407581715e-01 4.254786451380174195e-01 4.130073976914133138e-01 4.122621884180449614e-01 4.224552276032515485e-01 4.248165940741929214e-01 4.149360082838954855e-01 4.187060131823628351e-01 4.200274469732624971e-01 4.058308176003052048e-01 4.262363077362159025e-01 4.103976348015217490e-01 4.005827346170393044e-01 4.066586754252981550e-01 4.120740879403335111e-01 4.028075270483532089e-01 4.043350674314624138e-01 4.004758538621307484e-01 3.975330490107764070e-01 4.017020052513650130e-01 4.012427278015263665e-01 3.986162979027257913e-01 3.914917213674628527e-01 3.992898724098256635e-01 4.053310089250750647e-01 4.027112047819668694e-01 3.990281130725491510e-01 4.138257731234102343e-01 4.004314947417204062e-01 4.080650112085998371e-01 4.096475330382221558e-01 4.193138693648454374e-01 4.067605083863893300e-01 4.133864121689982407e-01 4.069176336185663101e-01 4.105521143910453308e-01 4.115629936858719029e-01 4.164797992675304816e-01 4.116010700923815602e-01 4.118097966871339111e-01 4.143225040891154176e-01 4.184313033633637047e-01 4.190699172828620811e-01 4.187118862121556595e-01 4.077122534638697449e-01 4.213383149987839360e-01 4.203365111678056820e-01 4.231327464186707688e-01 4.201793140897333023e-01 4.256876669488054432e-01 4.276680421878102933e-01 4.135215728814343183e-01 4.092039268070136182e-01 4.125068016758703937e-01 4.105321667151324294e-01 4.119349088948272009e-01 4.171867347844411822e-01 4.148495530555916799e-01 4.196743507299819376e-01 4.119122914223546927e-01 4.175754972275371180e-01
2.864199542552343589e-02 7.396412814809952274e-02 1.504390336622291047e-01 2.669918410944079890e-01 2.264043550049692488e-01 1.000000000000000000e+00 4.355912322349945187e-01 3.584192089689974270e-01 4.140654346569885846e-01 3.634515954536164384e-01 3.919655759531888717e-01 4.549402450536913500e-01 3.711165711722665961e-01 4.144383882910619987e-01 4.702709362115124470e-01 4.454643639050234194e-01 4.291382234803340912e-01 3.667081155728606490e-01 4.014653294529501038e-01 3.632885325612755789e-01 4.032260569812090578e-01 4.292680829481952398e-01 4.254881326425762889e-01 3.961953411190926588e-01 4.108972386271247945e-01 4.461488329069542846e-01 4.453338519265168105e-01 4.505421511529418832e-01 4.265348387005871156e-01 4.382662976442519565e-01 4.510536497861764582e-01 4.801158826596212958e-01 4.471106438383695147e-01 4.593651720586293119e-01 4.381808253103607886e-01 4.714858926268652994e-01 4.693208699472660728e-01 4.835501238044970784e-01 4.776941131063709434e-01 4.710340884687995722e-01 4.799461811225385066e-01 4.839317737850784562e-01 4.832916465576155840e-01 4.884349661739258996e-01 4.778439764166306225e-01 4.800204967254999011e-01 4.865791389614970153e-01 4.883494426656071474e-01 4.817273327191465837e-01 4.754743789481092886e-01 4.838571933816628312e-01 4.646550710597949219e-01 4.660864073489938697e-01 4.884575947536170526e-01 4.827760241627034876e-01 4.861283680018915199e-01 4.753287585293864970e-01 4.860363797927571561e-01 4.838710005135458680e-01 4.867333461956275809e-01 4.842399764484807689e-01 4.864837909293152074e-01 4.814340286608481678e-01 4.892614296176695521e-01 4.882134869222503060e-01 4.820677580125452555e-01 4.906636026404991857e-01 4.835158815251091591e-01 4.829074009584395921e-01 4.822209159904046749e-01 4.897902890603496595e-01 4.857880633148819460e-01 4.804533362087405890e-01 4.796929695621142686e-01 4.853308979901523879e-01 4.816084701162634540e-01 4.788176818536589718e-01 4.771028854849552192e-01 4.762021435143151127e-01 4.840039880902834435e-01 4.811344968858741189e-01 4.861632265172005085e-01 4.914740782892225712e-01 4.827372134128948278e-01 4.839835743597361573e-01 4.851177247697219808e-01 4.910378276130923370e-01 4.875582363866421964e-01 4.939595363036257125e-01 4.919555323286546322e-01 4.871602636413152609e-01 4.900810664293299701e-01 4.907070387961799951e-01 4.941008505176882615e-01 4.861815962302788452e-01 4.890190595110892602e-01 4.844105292097080073e-01 4.802031962990800373e-01 4.865463743271777330e-01 4.889336955200372370e-01 4.914756898018612929e-01 4.861457824447560916e-01 4.853821956256670345e-01 4.896874670107383976e-01 4.893068480855056190e-01 4.825269490019157281e-01 4.885553850722393343e-01 4.921387555848682482e-01 4.881511768918572192e-01 4.890875918890277840e-01 4.875456753058386994e-01 4.899073036346388021e-01 4.883532806363479750e-01 4.873266146212876238e-01 4.900583454415097240e-01 4.865684127034197171e-01
1.449861138721627273e-02 1.600713410136236914e-01 2.386390162476015597e-01 4.334167128483063514e-01 3.527770476839102720e-01 4.355912322349945187e-01 1.000000000000000000e+00 5.880870389574022195e-01 6.528772516004703874e-01 5.995795796963726554e-01 6.273555012337759251e-01 7.199375114754109628e-01 6.243373257435408386e-01 6.332565579050435378e-01 7.539617965273865963e-01 7.241085685788962722e-01 6.522947223156224661e-01 5.772277226442061870e-01 6.395861917171049571e-01 5.915839788402151855e-01 6.179745164815390046e-01 6.606146417973484120e-01 6.753711412232383804e-01 6.463204726607256756e-01 6.665794469449350945e-01 7.298767096859112291e-01 7.189119599710007691e-01 7.365281365690280468e-01 7.001969148021325307e-01 7.283545911514881510e-01 7.285841137366996234e-01 7.522022825064044182e-01 7.298082495011075643e-01 7.378881731384109299e-01 7.233080622451573127e-01 7.357839249363218315e-01 7.512473146114542200e-01 7.679337690294498753e-01 7.619600373130390736e-01 7.648345770104191255e-01 7.538669116544101101e-01 7.759232835555150976e-01 7.656986768895062134e-01 7.706247073014145244e-01 7.596262172614853814e-01 7.743526759782873858e-01 7.671649621364392546e-01 7.657735278742766605e-01 7.616536825488998685e-01 7.477967571533569169e-01 7.684832697234164067e-01 7.287137895625809270e-01 7.343027882458866840e-01 7.646204867879844436e-01 7.574303624674818547e-01 7.658775572784424224e-01 7.464512760361913246e-01 7.666941965461535613e-01 7.660118312432582233e-01 7.646616280585583070e-01 7.620251959269250808e-01 7.596664946465678803e-01 7.578708393170510149e-01 7.570052461896763507e-01 7.453561601297247208e-01 7.596748640325773350e-01 7.671261154797741622e-01 7.628194871543724220e-01 7.706603769401151327e-01 7.557348607041330935e-01 7.627269190583847447e-01 7.677213936020285123e-01 7.601351739188478840e-01 7.649373594101956941e-01 7.711160848940364909e-01 7.680558830070819409e-01 7.715736235603732895e-01 7.602471599368022526e-01 7.698654889447318350e-01 7.641969306578529908e-01 7.680744204969102151e-01 7.690920662885126768e-01 7.713688577006989622e-01 7.690003759640858805e-01 7.652934444024732663e-01 7.713288162742832910e-01 7.742725108009774759e-01 7.761865699517981332e-01 7.743403351111607380e-01 7.718024445382248855e-01 7.803074009300754454e-01 7.774230398520417529e-01 7.735484879846645789e-01 7.781450025727378872e-01 7.693928415100481644e-01 7.701414814140725706e-01 7.649242493988640534e-01 7.537354324808065442e-01 7.661667287162636786e-01 7.699558731408342460e-01 7.707362882245173408e-01 7.665479623341201476e-01 7.639621951698510882e-01 7.686907680849491831e-01 7.675407760328496476e-01 7.594035784341414130e-01 7.686900429816216906e-01 7.701123716773029537e-01 7.724157105220226249e-01 7.669085432603299779e-01 7.706953087924821588e-01 7.683843526620460773e-01 7.667076029990792518e-01 7.645578796317836767e-01 7.629381178065560709e-01 7.635383906155764899e-01
2.123237449047330958e-02 9.675820149197421338e-02 2.295823470380726206e-01 4.288102048604875982e-01 3.567606944620794751e-01 3.584192089689974270e-01 5.880870389574022195e-01 1.000000000000000000e+00 6.198487025961504360e-01 5.467180894393757207e-01 5.820826495567783532e-01 6.791207821978734183e-01 5.825831685475550969e-01 5.791179752343663667e-01 6.951751935539620675e-01 6.941243798918748098e-01 5.989287097431061913e-01 4.945506247347551954e-01 5.519858618623025848e-01 5.403864312186398289e-01 5.676767473281308929e-01 5.932861198829496585e-01 6.035869695990473405e-01 5.506144774100245609e-01 5.838017646688623552e-01 6.401871766649268602e-01 6.331001973536924954e-01 6.390715922828462681e-01 6.111438304661822585e-01 6.533245972806959179e-01 6.498390609571796928e-01 6.809092094949260598e-01 6.449216406229176801e-01 6.663197465105188400e-01 6.540912224211301584e-01 6.784507585869338220e-01 6.879154356850544216e-01 6.997573529459801822e-01 6.986063249480696236e-01 6.923500495632376461e-01 7.026881821735189160e-01 7.007374215081226820e-01 7.081797895787644848e-01 7.122032296050150313e-01 6.951089866647787163e-01 7.057840709683200764e-01 7.109819986756237276e-01 7.127822865774140482e-01 7.126308365179205850e-01 6.995334410625388966e-01 7.060065917983264772e-01 7.016332370506614957e-01 6.980661085466191018e-01 7.127760609737600062e-01 6.992480947249019030e-01 6.992037122215654099e-01 7.111892922791717142e-01 7.126824053961013927e-01 7.139351371226272391e-01 7.201443274564326424e-01 7.173066295869164888e-01 7.164454039815371100e-01 7.092620049506548341e-01 7.124613441020944959e-01 7.026991850187422894e-01 7.162969853300534817e-01 7.130235181078425910e-01 6.978383141075868989e-01 7.046927831813754040e-01 6.999117525345683877e-01 7.036917546076889574e-01 7.041350478156356285e-01 6.967508098741063138e-01 6.926574311624834612e-01 7.050670483006140632e-01 7.054638600336176069e-01 6.970810183950332251e-01 6.898412622236600455e-01 7.026659006863740231e-01 7.085208210450840705e-01 7.074814011401372449e-01 7.045598843274739620e-01 7.115769933576227002e-01 7.025693764071855307e-01 7.051643930662437887e-01 7.088455085745263284e-01 7.160733181599663322e-01 7.140842409555558934e-01 7.173587493997499731e-01 7.046947612434358854e-01 7.107469095103166046e-01 7.157788340746952249e-01 7.145860399134640328e-01 7.165350915295393142e-01 7.167565005744163109e-01 7.158776098952271960e-01 7.128874233976828512e-01 7.126823609213746025e-01 7.141845191317330865e-01 7.122065772050683030e-01 7.195873853461585146e-01 7.177108124315675353e-01 7.151265653600687999e-01 7.174886158169219152e-01 7.181321629565055042e-01 7.161970979511902424e-01 7.159445475688021032e-01 7.148585071672785007e-01 7.129505643437868967e-01 7.158250739111425842e-01 7.152253174642391187e-01 7.169569575437187980e-01 7.169212682267067649e-01 7.164218639323620685e-01 7.126398567527004735e-01 7.177202642196622850e-01
1.017822716696567265e-01 1.330898757997104609e-01 2.996992466922597242e-01 4.789093626483787447e-01 3.499884242885537011e-01 4.140654346569885846e-01 6.528772516004703874e-01 6.198487025961504360e-01 1.000000000000000000e+00 6.789805912070432381e-01 7.187682256970204797e-01 7.776320184417980785e-01 6.660907791836957470e-01 6.931142067416096175e-01 8.065727662049385627e-01 7.702191142180264682e-01 7.669650985258272824e-01 6.688907760002179570e-01 7.138587266691148736e-01 6.539568768338379634e-01 7.031748723754936981e-01 7.374407925091259752e-01 7.166657378239145171e-01 7.147425302824391702e-01 7.341573861835223314e-01 8.022501348550162836e-01 7.956867513407925863e-01 7.968086598519497077e-01 7.912636501060472671e-01 8.054517061562682656e-01 8.188852672005675348e-01 8.294203551336251090e-01 7.841888672286775330e-01 8.108598752380777874e-01 7.971697571094250589e-01 7.987326570196259246e-01 8.134601054596404257e-01 8.259480660442690692e-01 8.344977508876488814e-01 7.794924870482101698e-01 8.324404529382680717e-01 8.209312337952325844e-01 8.132288871038343414e-01 8.384587032329050560e-01 8.307831878398850289e-01 8.346910403977483295e-01 8.400400367259166501e-01 8.480540240872541657e-01 8.315105720988034133e-01 8.211173044127909604e-01 8.411139371434004364e-01 8.058568304463963328e-01 8.047528893610738088e-01 8.489819383163121902e-01 8.435146264948044648e-01 8.391317974649019629e-01 8.383800382445059096e-01 8.353937041316394918e-01 8.449975771842630490e-01 8.459573905885534595e-01 8.330710145441964087e-01 8.466288878624451675e-01 8.368495483500522081e-01 8.453493064710998484e-01 8.493775352453114547e-01 8.440868457885453147e-01 8.485843150644859501e-01 8.440249168862425933e-01 8.457866129558883062e-01 8.341401286009534344e-01 8.372886879241246971e-01 8.436411587273142665e-01 8.400575692278930973e-01 8.336547448019311357e-01 8.469417541189310228e-01 8.422514114706104449e-01 8.424355446248815715e-01 8.437775931543796126e-01 8.350073023565465213e-01 8.485334303232883180e-01 8.457403646416734588e-01 8.461779061040537453e-01 8.437118037322228759e-01 8.406805235465016901e-01 8.382374943160475489e-01 8.444197322567719155e-01 8.411258871830306072e-01 8.408236875109283970e-01 8.452692431035505605e-01 8.436694352553878451e-01 8.237489303349813108e-01 8.403139580951135557e-01 8.410613798213399939e-01 8.421500699014718982e-01 8.403692391216189828e-01 8.436413863017849790e-01 8.273359555050174841e-01 8.388529363437879915e-01 8.395207712489213270e-01 8.390640994280722520e-01 8.349870976845429338e-01 8.438177477918303859e-01 8.324473359178253817e-01 8.394363283255689145e-01 8.431771349532420912e-01 8.389139074009452912e-01 8.437841671709125357e-01 8.459082838025154816e-01 8.462953209806993726e-01 8.442331300622882839e-01 8.421185510138023966e-01 8.462166040004722722e-01 8.452363134091989139e-01 8.480039397510505950e-01 8.489600264929141327e-01 8.430546995905593421e-01
4.590435290701189858e-02 1.569463356136955590e-01 2.104607616468383013e-01 3.706789827817677518e-01 3.096216913118597924e-01 3.634515954536164384e-01 5.995795796963726554e-01 5.467180894393757207e-01 6.789805912070432381e-01 1.000000000000000000e+00 6.153059715516966399e-01 6.890946045860462110e-01 6.029103152850546765e-01 6.147942083153579151e-01 7.345788871237290962e-01 6.978445540770997768e-01 6.394950253124809247e-01 5.518335850790264674e-01 6.159432111802158882e-01 5.550384531412251299e-01 5.788055188045706512e-01 6.396412890498811565e-01 6.461561716625119356e-01 6.093192389518333751e-01 6.313731930347286081e-01 7.046209184651264223e-01 6.888382772885364158e-01 7.072178494310948915e-01 6.900117468488099481e-01 7.000544526840827286e-01 7.085539905058894083e-01 7.349446301190765141e-01 6.912920720011269671e-01 7.136824752504219438e-01 6.973060040183718389e-01 6.956779786311090286e-01 7.179937281155065465e-01 7.467485439551065918e-01 7.405123900028872663e-01 7.176741384986982109e-01 7.465986495966769887e-01 7.429230484993397665e-01 7.255924524497840977e-01 7.427711295994057217e-01 7.328876779655362217e-01 7.463331919744529142e-01 7.561557384496853107e-01 7.599018274711076826e-01 7.514776760083623497e-01 7.229325086273817869e-01 7.461518091137497866e-01 6.976880636116962187e-01 7.102317457393642064e-01 7.577709514983023142e-01 7.501710990648345900e-01 7.519430816033432219e-01 7.427368026056863082e-01 7.558851017100475245e-01 7.591261213220612536e-01 7.570909161441413682e-01 7.483797769628706131e-01 7.547946717886344636e-01 7.478313316654471299e-01 7.470312337688829185e-01 7.334921031180265949e-01 7.495132827784057872e-01 7.569923195276119232e-01 7.469703777000378242e-01 7.539605110368188257e-01 7.400632227220954595e-01 7.434460744492604745e-01 7.497829665289182932e-01 7.439073322813494205e-01 7.435057620965812575e-01 7.550923548470863667e-01 7.481579761390352301e-01 7.520579353239865705e-01 7.464211581267319318e-01 7.502009883008743385e-01 7.528819682588954176e-01 7.530705037202686247e-01 7.544986376542524020e-01 7.542027943098799092e-01 7.489386646122474511e-01 7.439468654038451367e-01 7.502088089257138437e-01 7.539057878028186943e-01 7.590544501865720273e-01 7.577858520074913784e-01 7.567037088993190386e-01 7.493492977615493489e-01 7.560678960528544046e-01 7.539467404358217717e-01 7.588738217090464921e-01 7.590712427692062336e-01 7.588845597314518576e-01 7.425786755649548265e-01 7.415037263494768105e-01 7.510281038183014291e-01 7.539848206233836780e-01 7.501265218752790620e-01 7.550733696263070005e-01 7.472733593283780174e-01 7.538222513418340043e-01 7.505933681065287688e-01 7.536057738853056964e-01 7.569376005567012289e-01 7.617095446591201080e-01 7.600159268555648495e-01 7.578043849181756997e-01 7.607111053732839023e-01 7.584297095633359964e-01 7.608665676765974384e-01 7.559467191787871965e-01 7.483561441130005543e-01 7.537528987245292189e-01
1.118308975972693020e-01 1.618033602746521415e-01 3.044383611881161800e-01 4.492146630704337285e-01 3.257484602707751975e-01 3.919655759531888717e-01 6.273555012337759251e-01 5.820826495567783532e-01 7.187682256970204797e-01 6.153059715516966399e-01 1.000000000000000000e+00 7.644520602115588703e-01 6.223239270824206804e-01 6.667883587552739799e-01 7.752416901849028541e-01 7.071763184232602306e-01 7.093112450276729541e-01 7.003371897568575477e-01 7.301297706347911198e-01 6.412427487821290573e-01 7.065380400422894835e-01 7.500654342529804453e-01 7.428079510856624434e-01 7.405367007968466364e-01 7.602126483219142639e-01 7.963402451299030904e-01 7.874647659724777204e-01 7.930023011311784220e-01 7.772497368015128805e-01 8.001783941230949937e-01 8.126278470116726771e-01 8.069927632963819208e-01 7.789744610212645526e-01 7.864202547636850449e-01 7.845117314008270837e-01 7.631121930000723808e-01 8.092262635212337241e-01 7.881549792475880389e-01 8.048053388770517458e-01 7.601429750407756591e-01 8.035609744584450986e-01 7.896932784094393698e-01 7.814029651897949069e-01 8.034990101364631876e-01 8.038449675048497944e-01 8.037971914916554050e-01 7.945208232465142961e-01 8.033810064949062912e-01 7.804878582980715462e-01 7.701237927194213295e-01 7.959116072972320932e-01 7.593598425343007774e-01 7.554166532544898116e-01 8.072898925451261753e-01 8.048496195922991703e-01 8.098660604653490358e-01 7.794970484811156730e-01 7.968553479751728785e-01 7.998475975890373402e-01 7.974148702404570965e-01 7.859115111225279948e-01 7.969735360575618266e-01 7.918587653108151159e-01 7.914794528655024752e-01 7.973880681573807250e-01 7.917040764875902248e-01 8.078976407824653982e-01 8.205012049426444465e-01 8.127659972918866993e-01 8.044370571551164861e-01 8.139487444890052270e-01 8.151445666886451002e-01 8.166752853052797745e-01 8.158191380422467054e-01 8.186194556529478028e-01 8.136269458509212127e-01 8.127790307496952638e-01 8.114049349642076248e-01 8.106247074667788377e-01 8.191985533005310405e-01 8.165919171321398551e-01 8.179182423467498131e-01 8.090839810252893338e-01 8.139215053264561295e-01 7.998371789715074121e-01 8.094846910090466308e-01 8.113898852428378383e-01 8.040790287045527229e-01 8.095834232408336550e-01 8.113721092740417973e-01 7.993589880426414940e-01 8.024131032844350475e-01 8.041388856000122320e-01 8.057878015690743689e-01 7.957670329664049413e-01 8.001728800289207300e-01 7.826904388620279374e-01 7.808012902224664709e-01 7.908174925084463514e-01 7.970421570592463034e-01 7.999946338454636541e-01 7.947721579031037376e-01 7.882354217676557084e-01 7.945962675970297262e-01 7.988224049541911009e-01 7.874416003477393566e-01 7.971716426497615915e-01 8.041495858937718344e-01 8.059484263606313537e-01 7.973827031206367488e-01 7.990491732551949777e-01 7.995945783603102264e-01 7.996738029826268024e-01 7.975304356463658317e-01 7.987603825243045907e-01 7.923807296238221110e-01
3.626249329453321707e-02 1.319303222169262158e-01 2.956601297381133420e-01 5.217984575676758441e-01 3.897938049613189349e-01 4.549402450536913500e-01 7.199375114754109628e-01 6.791207821978734183e-01 7.776320184417980785e-01 6.890946045860462110e-01 7.644520602115588703e-01 1.000000000000000000e+00 7.196621342287523593e-01 7.307012992733215029e-01 8.745954449899825400e-01 8.462527350641109170e-01 7.734810997198451332e-01 6.681148751540458841e-01 7.271916478566030628e-01 6.865357195771867316e-01 7.210589234795697910e-01 7.695067269981651359e-01 7.698269837356424006e-01 7.309584492014054025e-01 7.625751339798017003e-01 8.413937533777339217e-01 8.327923742793504891e-01 8.355377871617145624e-01 8.129640512058388113e-01 8.539358238868615114e-01 8.596659831690310893e-01 8.777377969696543714e-01 8.306290608030534317e-01 8.528091828960235876e-01 8.370088205306501772e-01 8.563352205834683373e-01 8.749771183439319922e-01 8.896617858029967074e-01 8.904376075167624860e-01 8.677730355396696682e-01 8.941575535008251530e-01 8.923238918561531285e-01 8.848381583475607437e-01 9.033072058796199899e-01 8.928317646362523563e-01 8.988141179602686659e-01 9.069944786712268447e-01 9.083673434039449823e-01 9.033541636316338996e-01 8.843818269670973287e-01 9.008552685436687080e-01 8.729880249442231177e-01 8.767284075246450925e-01 9.044583156476450059e-01 8.948334614599567916e-01 8.929127708660800078e-01 8.978759505611780822e-01 9.020908339087096994e-01 9.062371034520777524e-01 9.099296236528862103e-01 9.043827897044441899e-01 9.081619409682671895e-01 9.003893841434417178e-01 9.053799269556417340e-01 8.949697542782431015e-01 9.072630192389251613e-01 9.082830524107607939e-01 8.951581274858839699e-01 9.007810966035894040e-01 8.911687476549913223e-01 8.970859311932162239e-01 9.012181559512157936e-01 8.917371367941621108e-01 8.917607005100139927e-01 9.054748834959400750e-01 9.050568899517017485e-01 9.013558126373267809e-01 8.934852766573319061e-01 9.010993104793367792e-01 9.071602802458114123e-01 9.070162088306922277e-01 9.100891004937892159e-01 9.040882950469347756e-01 8.968721442584784986e-01 8.993625628313708376e-01 9.032901842971354789e-01 9.095563291863796307e-01 9.081186480939912320e-01 9.114946271075181627e-01 9.039812675353794402e-01 9.015288497152570413e-01 9.100194047320012691e-01 9.103391536197873446e-01 9.128413590486080809e-01 9.099680642967229449e-01 9.108737824692489937e-01 9.020483387632388661e-01 9.032130252462892139e-01 9.074919853400946756e-01 9.073177668484554426e-01 9.086973774810327420e-01 9.113842285293071166e-01 9.063302817830242164e-01 9.106549981238521996e-01 9.097897072283963604e-01 9.064020342650963569e-01 9.098887630014859118e-01 9.093989326963902720e-01 9.093340209337914537e-01 9.113633967606801223e-01 9.104021812868502428e-01 9.105583409710407139e-01 9.117840601254413313e-01 9.110869247048186681e-01 9.087045023035675850e-01 9.107865200748002099e-01
-1.915025970996573831e-02 9.180230359848642885e-02 2.066359518720081168e-01 4.181582158308286834e-01 3.528291939962109880e-01 3.711165711722665961e-01 6.243373257435408386e-01 5.825831685475550969e-01 6.660907791836957470e-01 6.029103152850546765e-01 6.223239270824206804e-01 7.196621342287523593e-01 1.000000000000000000e+00 6.225352212893667803e-01 7.630070952237976156e-01 7.510109680851921876e-01 6.396097286231681167e-01 5.314118172611709268e-01 6.046299195708932928e-01 5.668157170270684553e-01 5.830776143793973132e-01 6.247435240823101532e-01 6.477235134142440565e-01 5.985860966961161767e-01 6.231834117913050974e-01 7.045427542018146694e-01 7.084293750195546080e-01 7.060030302611423059e-01 6.796061041697045724e-01 7.119821700289320487e-01 7.109696764619880538e-01 7.499055918344865734e-01 6.980031225648756221e-01 7.361760097196502484e-01 7.103441018576360788e-01 7.369165687211411964e-01 7.408714168107467524e-01 7.700936250736629685e-01 7.571014899905592621e-01 7.522709847625109747e-01 7.683377379028284437e-01 7.711020338523502105e-01 7.664681404979211132e-01 7.746866831778308482e-01 7.664825672238028131e-01 7.662165528713900109e-01 7.926325541106067352e-01 7.905272193119634583e-01 7.904228857761166349e-01 7.764449376219519916e-01 7.796373667202206592e-01 7.579885329319064891e-01 7.682953846466364922e-01 7.799334312577390627e-01 7.640233036089069119e-01 7.686135598897486654e-01 7.717294263463827519e-01 7.836212043524045656e-01 7.815690215104373895e-01 7.889741444935177705e-01 7.887851824353369068e-01 7.831425207432811675e-01 7.753135603319839531e-01 7.826497000432981466e-01 7.677718423898097777e-01 7.843035172590998583e-01 7.883859344902871547e-01 7.656327619360012715e-01 7.831097620297460260e-01 7.669571796886214265e-01 7.660342820379238971e-01 7.744783097391890747e-01 7.677141826076342435e-01 7.652455496949723823e-01 7.808077456773544478e-01 7.805219842519159901e-01 7.801803453987330439e-01 7.702575531301784073e-01 7.769696311218795559e-01 7.744118802375962174e-01 7.753498280979564949e-01 7.791120649528344710e-01 7.859121211600617052e-01 7.725448178611961092e-01 7.850256536693436260e-01 7.841745135680666667e-01 7.879187872402747539e-01 7.912405379993354693e-01 7.888771663967147907e-01 7.830861056946674115e-01 7.865390742122195800e-01 7.939614186090715453e-01 7.922225840352703496e-01 7.915504083333559926e-01 7.976106825735427286e-01 7.968237775342925655e-01 7.877434121160057368e-01 7.889144707123997291e-01 7.922597722395969821e-01 7.922323273419608070e-01 7.931782667646860574e-01 7.921459778557587983e-01 7.898833777895040154e-01 7.959587339771551084e-01 7.935505623623712035e-01 7.914896972889143845e-01 7.963915964215170229e-01 7.918228653574271858e-01 7.896584924747335199e-01 7.939234102152125105e-01 7.918999005496493160e-01 7.963080953688186359e-01 7.946567360176002293e-01 7.967164892988481961e-01 7.917441778263627494e-01 7.950618239245700325e-01
