1.000000000000000000e+00 1.897409934533757225e-01 2.715905620895392447e-01 2.829940286538776273e-01 1.188873122282433775e-01 1.267568584010097220e-02 2.127461475287209802e-01 1.582716403082949086e-01 2.561942779378608703e-01 1.308350756362259004e-01 1.140879539781492480e-01 1.139446577966007346e-01 7.550161821860326694e-02 -6.050144702264814017e-02 8.661248531382803595e-02 1.421573293192571197e-01 1.780343903103316083e-01 1.609930745951199393e-01 1.072076185691298172e-01 2.142183954935462931e-01 1.995420294202487899e-01 1.750091006879241073e-01 1.827636009182678767e-01 1.016713474172947773e-01 1.157233003167124491e-01 2.177793103943006514e-01 1.403174878297815953e-01 1.746351254252906937e-01 1.916662964272575209e-01 1.401821855539137351e-01 9.946425381858990666e-02 1.182284286695356457e-01 1.151079262382467411e-01 9.680090396897857163e-02 1.308404187149402875e-01 1.303114077424992745e-01 7.397212901327111789e-02 8.303850256940858987e-02 7.984228823825645360e-02 8.167181605485275553e-02 7.053142276603999172e-02 6.264257316061480618e-02 1.073516116568216383e-01 6.382386768079510719e-02 1.036405161079739790e-01 6.969069793809075375e-02 1.597517817106477306e-02 5.866611064692085764e-02 6.575077247293815985e-02 8.702932445097713576e-02 7.537111534536702906e-02 9.627355814506700915e-02 7.285447053078150659e-02 7.600563278728700300e-02 1.167705022202561588e-01 8.516810356871928889e-02 1.079845637235210265e-01 3.661273398707782373e-02 3.751568966882485451e-02 4.391737831184850532e-02 6.261284052323883020e-02 5.581311684416313812e-02 7.210398931149968049e-02 6.476770279986926449e-02 7.686466930812892173e-02 9.742227409856084319e-02 5.127752321509063127e-02 4.786439045679775905e-02 7.622243774150437579e-02 1.012064964901434327e-01 6.885689506797812443e-02 6.103714855641469844e-02 5.087282520850947704e-02 5.270833733040394820e-02 7.153082184446818426e-02 6.532141056938939316e-02 9.236028477056547337e-02 9.398003983495609170e-02 8.388668199539051074e-02 6.260939325972407488e-02 5.364777240386642970e-02 3.435510728729446184e-02 8.389282218704369187e-02 6.665794301785500642e-02 5.769669708000126768e-02 4.434306486588632246e-02 3.437095446697981810e-02 5.115323059382526766e-02 4.149046072397770402e-02 5.849916881190501960e-02 5.579316148513085993e-02 3.113814852697168248e-02 4.397085784201506392e-02 3.439387379225325447e-02 1.189802887139420999e-02 3.302412607292239122e-02 5.901832945143669490e-02 7.920254288807668241e-02 2.993123390535326611e-02 3.351561323668824505e-02 4.005976191662870278e-02 5.335960677478160386e-02 5.366646702197682556e-02 2.554175175882411261e-02 4.805298515807687743e-02 7.774677607726729334e-02 5.286906288517757152e-02 3.588604237322257778e-02 6.341694305596393133e-02 4.233971182345433459e-02 3.205042406026042262e-02 2.931322166122977274e-02 4.519772156087404485e-02 4.265440209352502898e-02 4.781951398650753637e-02 6.160107683816030966e-02
1.897409934533757225e-01 1.000000000000000000e+00 1.283436612840651303e-01 3.015813913393911583e-01 1.091797312791183555e-01 7.428555431970321199e-02 1.873435674110607296e-01 2.246300555436799296e-01 1.713997673370669383e-01 1.856067134323390322e-01 1.894450408773927785e-01 1.912652127031174709e-01 1.934771582293180192e-01 9.322232383104250841e-02 1.765361806439340320e-01 1.970759166918743255e-01 2.052653194052889429e-01 1.984089957828575612e-01 1.890171831795312563e-01 1.718632378061591970e-01 2.004851812210506623e-01 2.363094175841437272e-01 2.296859891012557331e-01 1.920860082062270657e-01 2.041787330259850763e-01 2.135260906400365810e-01 2.111197280728362435e-01 2.076617164470423438e-01 1.941064269182007640e-01 2.106316020158085778e-01 1.997693132657794579e-01 2.003160571942598500e-01 1.639299574280000116e-01 1.765419776997016743e-01 2.059022540746472951e-01 1.938174467488867903e-01 1.914423972180842315e-01 1.979766122144905327e-01 1.797252472484940911e-01 1.919800141709632757e-01 1.700171092676767970e-01 1.715836007945703012e-01 1.644834034988432447e-01 1.714793545128980856e-01 2.020107396348667927e-01 1.770092384937951568e-01 1.650409175500592573e-01 1.732304129079080823e-01 1.650506736238160910e-01 1.495734743287353841e-01 1.513045452135291791e-01 1.314327877226186547e-01 1.759532694474684189e-01 1.805824663536155783e-01 2.026944214515315479e-01 1.942526881730804178e-01 1.805996236535996891e-01 1.533304103162474452e-01 1.569533865953395835e-01 1.554979521534830267e-01 1.492170728546979297e-01 1.636570681224214507e-01 1.640136368861714877e-01 1.574809407197903521e-01 1.787542065545945635e-01 1.834001426189529327e-01 1.764645271956717665e-01 1.736090633261174188e-01 1.843508139475478480e-01 1.775547312958987156e-01 1.853475107972636926e-01 1.866499923613078038e-01 1.763191687542153829e-01 1.837500287920345032e-01 1.801743776164079214e-01 1.695149929746065931e-01 1.900627247083011839e-01 1.855098204370361770e-01 1.938270063387520226e-01 1.717993903118713583e-01 1.758372703940645487e-01 1.689751390806117637e-01 1.910889922126044194e-01 1.724416027852297140e-01 1.648781792751102537e-01 1.631187523019869967e-01 1.657209900651195889e-01 1.863696729167877986e-01 1.652507580055651293e-01 1.892703809111729030e-01 1.841207199391625693e-01 1.609254111659455255e-01 1.726472136930934931e-01 1.682346795725205291e-01 1.539347294631391305e-01 1.715402020454855070e-01 1.610053589198254531e-01 1.496558150579129498e-01 1.507636784482860037e-01 1.630079299414221305e-01 1.519720579417775941e-01 1.588425148379488672e-01 1.546337906869173773e-01 1.514414629194342776e-01 1.533119901069652791e-01 1.768291081992081071e-01 1.731318034875823364e-01 1.782677110088222161e-01 1.947124061689153862e-01 1.622312499212775760e-01 1.819927740150515116e-01 1.602301568248487573e-01 1.715643301402551280e-01 1.530487321301491621e-01 1.604546527226314856e-01 1.771026849556406046e-01
2.715905620895392447e-01 1.283436612840651303e-01 1.000000000000000000e+00 3.948632457292264863e-01 2.746222034043442339e-01 2.273900935510851096e-01 4.375199394551526622e-01 3.527125291041922073e-01 4.273842938503674138e-01 3.619833740640892583e-01 4.024597837712526882e-01 4.191548794403924805e-01 3.869499589366142134e-01 2.418096638042118163e-01 4.130487803083621734e-01 4.267584999224457998e-01 3.988655337592392214e-01 3.884749910582641075e-01 4.201698212675462063e-01 3.811323414478210436e-01 4.303281896488795888e-01 4.177655796947221667e-01 4.626054982498688517e-01 3.878364922167285012e-01 4.163674843526127267e-01 4.831993084282329431e-01 4.574761727886365592e-01 4.833679855864189689e-01 4.854246998692846038e-01 4.271333376002802718e-01 4.420344473125268348e-01 4.194150061791270812e-01 4.355838051279483647e-01 4.274510261221531326e-01 4.351178612289133274e-01 4.431386296980370232e-01 4.120971815125657467e-01 4.303998852548422960e-01 4.284201941455584861e-01 4.406870097270427777e-01 4.176025049623712793e-01 4.210842703643649654e-01 4.360477102917203474e-01 4.049941147175035172e-01 4.330614906280932375e-01 4.175632481548202657e-01 3.638877695031915716e-01 3.911863644389986794e-01 3.936654881443755194e-01 4.181532635922610708e-01 4.133402176856567634e-01 3.789355198872357833e-01 3.842301005547112402e-01 3.901540399132538695e-01 4.112623392474276662e-01 4.230860417838265830e-01 3.975271016314820827e-01 3.731809328955557614e-01 3.864442542288167859e-01 3.728423379320202069e-01 3.985201846418067184e-01 3.828688047420012452e-01 3.896134494438130980e-01 3.943016260842465148e-01 3.909811191848040490e-01 3.978745377198669719e-01 3.854513046463711179e-01 3.926631875792608306e-01 4.056794726436893650e-01 4.106738774840288930e-01 4.119946138319088291e-01 4.042472025331812491e-01 3.985171416831732594e-01 4.019229115354337467e-01 4.156707876538066615e-01 4.131123302907202532e-01 4.309959867199132377e-01 4.358255783606694855e-01 4.282734527798069957e-01 4.050070307611796649e-01 4.008121445595853038e-01 3.937429469908205193e-01 4.110241626654944080e-01 4.111585163812003230e-01 4.053365767506839634e-01 3.966917477267195569e-01 3.950897979785868985e-01 4.024102306436569410e-01 3.994528994361624674e-01 4.047726752510812376e-01 4.164841759724891568e-01 3.926472785906255925e-01 3.968769370803758023e-01 3.959001454184080671e-01 3.679042090887189032e-01 3.804393677518088102e-01 3.980746287006163842e-01 3.859713292155266817e-01 3.727264684988180754e-01 3.857091375205623507e-01 3.897551137683540889e-01 3.820371739179912463e-01 3.911903789929856434e-01 3.811688219311877290e-01 3.872130156879327045e-01 3.785682177174545804e-01 3.810700078035750837e-01 3.817901083070198709e-01 3.959191900298837385e-01 3.765205148954670067e-01 3.771008270089284409e-01 3.711250103845807335e-01 3.792051186317029199e-01 3.847846906082629803e-01 3.781979150766816566e-01 3.791375109774949848e-01
2.829940286538776273e-01 3.015813913393911583e-01 3.948632457292264863e-01 1.000000000000000000e+00 3.907458699341128661e-01 3.283066982240520071e-01 6.033743782185969629e-01 6.033062162209397172e-01 5.835778583001136610e-01 5.122245102697476904e-01 6.119290457388774085e-01 6.400543203404122083e-01 5.651198813919665609e-01 3.723215340922602090e-01 6.016828589036757879e-01 6.449218153430879008e-01 6.052069265074437876e-01 5.879211986265191481e-01 6.105098176029493118e-01 5.508507617695331815e-01 6.182584070308653201e-01 6.277600794034303711e-01 6.676459992074764704e-01 5.786138221498893230e-01 5.951202790898912909e-01 6.763768313080812389e-01 6.503838320161883235e-01 6.468320112733609850e-01 6.345617411830717369e-01 6.279956240320188066e-01 6.430282787169347980e-01 6.335344198360401968e-01 6.246755835294532933e-01 6.291342558206749480e-01 6.493306653656318872e-01 6.594110283532113037e-01 6.308928712815875528e-01 6.275964444157393629e-01 6.346354343719062818e-01 6.314324346787753006e-01 5.951695306066527857e-01 6.055403846754200403e-01 6.328867600280473349e-01 6.162622399966160014e-01 6.474904680973047055e-01 6.246102593678828363e-01 5.706179195430405304e-01 5.891677124468416293e-01 6.042782804978712452e-01 6.129751991763512375e-01 6.074903199642708307e-01 5.937119833387405343e-01 6.217050851421729307e-01 5.885653247247520925e-01 6.204036664439303017e-01 6.153151600137937161e-01 6.246913236499979094e-01 5.778586897516253540e-01 5.696360733661174347e-01 5.737625664233343414e-01 5.956979525670462738e-01 5.889281195075085629e-01 6.031334394751242112e-01 6.036429641275261604e-01 6.035759545187795450e-01 6.167327194524316880e-01 5.903163034658849284e-01 6.087168756559605542e-01 6.181381028824607382e-01 6.122599103820961508e-01 6.219126509285832771e-01 6.206785588953103172e-01 6.091758829091880045e-01 6.167157319530998105e-01 6.205986574391335608e-01 6.129574406020743549e-01 6.337796931898795894e-01 6.207465076740580345e-01 6.405324230191028478e-01 6.180238754201141660e-01 6.150038401064452653e-01 6.005785624120619781e-01 6.305583218591219730e-01 6.158279326795577102e-01 6.152185952980384620e-01 6.042892766941139193e-01 6.104100236756104803e-01 6.174950744646614531e-01 6.090158143425148385e-01 6.105996636313505421e-01 6.283160299042105379e-01 5.921596148069220300e-01 6.129796269533811515e-01 6.055193606127240447e-01 5.715096697014394600e-01 5.846922764600364086e-01 6.156143282315641452e-01 5.982065262732495503e-01 5.843232807863512068e-01 5.990241368453242954e-01 5.982476077070782994e-01 5.969529113161790024e-01 5.956124327579800370e-01 5.834588398141647980e-01 5.993222369444504150e-01 6.042744715220291774e-01 5.998488291050613208e-01 5.913956282459593705e-01 6.118969523877336725e-01 5.849130607105142987e-01 5.966879580279631501e-01 5.777461326071874348e-01 5.877478289705749814e-01 5.912210611699850737e-01 5.893669480866176036e-01 6.027466537007564185e-01
1.188873122282433775e-01 1.091797312791183555e-01 2.746222034043442339e-01 3.907458699341128661e-01 1.000000000000000000e+00 3.245978554334970068e-01 4.626633571900738429e-01 4.490276817270514864e-01 4.577327927052656786e-01 4.150630274022442667e-01 4.921018647561256065e-01 5.061783797974277466e-01 4.964042681404761681e-01 3.654076316559780602e-01 4.998381546563485101e-01 5.115066075859758810e-01 4.645945223664322277e-01 4.355918091679175097e-01 4.747062911607141111e-01 4.357954463926210220e-01 4.531258581574040822e-01 4.584011897649539757e-01 4.871606454712241185e-01 4.276092209468060901e-01 4.635189021027894540e-01 5.214379145821184114e-01 5.233130402951990945e-01 5.167946103001507252e-01 5.007626900712397466e-01 4.777523715018037187e-01 5.081113590376419298e-01 4.769705709168513552e-01 4.776125330660089818e-01 4.674027344504848025e-01 4.838929926557005157e-01 4.782713556847866809e-01 4.917260245778321548e-01 4.914942412758319112e-01 5.042708867437617481e-01 4.984910483361107425e-01 5.102714068506361000e-01 5.167048395539282080e-01 5.235595419513274784e-01 5.195598754369115113e-01 5.183774401462017956e-01 5.133211917075937158e-01 4.945586277821704679e-01 4.980550779513240878e-01 4.910682643123174262e-01 4.810144083373898427e-01 5.011354382086082859e-01 4.841531490633714241e-01 5.044887749503613739e-01 4.996861566998634929e-01 4.961859776450571191e-01 5.082902284443248098e-01 4.890859635209367506e-01 5.012935662412117965e-01 4.881072073330601224e-01 5.054927933381266891e-01 5.064456632040207351e-01 4.998217627856992307e-01 4.931351790858096162e-01 5.017899528490492589e-01 5.014452901127368634e-01 5.119079102512470447e-01 4.982012609121428404e-01 5.091559657329035593e-01 4.978459471414271587e-01 5.143009684539682214e-01 5.125024142783096703e-01 5.078749027112248182e-01 5.010489845575747392e-01 5.068600049116925854e-01 5.194849303160592457e-01 5.155819621629637028e-01 5.231977811480198470e-01 5.153225938267981254e-01 5.166440272935367561e-01 5.030846104571959909e-01 5.038510751642998331e-01 5.022881810554513660e-01 4.970633112781079332e-01 5.042225080259761238e-01 4.962341315506309525e-01 4.969414990661767950e-01 5.032815581614480394e-01 5.007518627654516941e-01 5.077926611342672425e-01 5.054599481078480006e-01 5.119008005771593650e-01 5.105666116791841569e-01 5.090306708227845256e-01 5.094407490262308214e-01 4.969529859079162559e-01 4.993046838930637610e-01 4.978457553095333443e-01 4.926286947456264831e-01 4.999002626017363671e-01 4.993149948734963983e-01 5.145543138226716939e-01 4.943615005214488378e-01 5.084948856670113981e-01 5.072015819310592422e-01 5.053611548805704290e-01 4.882005207642496902e-01 4.962973626897003165e-01 4.998937136284334337e-01 5.040873032466852699e-01 5.029390535807283236e-01 4.958695990486683414e-01 5.025147333099825309e-01 4.981088952291437000e-01 5.030397338968972676e-01 4.993360380585025737e-01 5.016354071274606863e-01
1.267568584010097220e-02 7.428555431970321199e-02 2.273900935510851096e-01 3.283066982240520071e-01 3.245978554334970068e-01 1.000000000000000000e+00 4.927846423170368917e-01 4.325278778062155993e-01 4.841105473819989902e-01 4.682586503563815894e-01 5.367643557548392730e-01 5.486223851399342211e-01 5.192163150171439367e-01 4.581064910300324255e-01 5.743811561524699849e-01 5.552827885357093374e-01 5.030561730337035353e-01 4.419889400618791098e-01 4.929726954064007627e-01 4.075169126779703554e-01 4.295837175633279714e-01 4.683363912495922543e-01 5.128559804288487234e-01 4.506464116836512712e-01 4.877309983501866841e-01 5.354836815267656203e-01 5.548137143821816331e-01 5.397434565218448554e-01 5.062160937768597213e-01 5.322383182119803102e-01 5.863090131967166885e-01 5.426937692344460107e-01 5.117834064839655861e-01 5.316518279941401248e-01 5.198738736751121747e-01 5.385885974907852480e-01 5.697543391303891980e-01 5.567510820343681832e-01 5.824126355083195650e-01 5.483776710162793222e-01 5.924519113825064132e-01 5.933954602288408209e-01 5.723398576113348790e-01 6.002022637022278451e-01 5.853026418170833578e-01 5.893243790182969288e-01 6.028706013216869053e-01 5.982932588327765089e-01 5.777085344552184143e-01 5.391601774059511243e-01 5.736281607834258223e-01 5.554436401930773481e-01 5.758282105483958357e-01 5.892429042302431696e-01 5.682549155096577875e-01 5.839946707033379925e-01 5.625785155695088857e-01 6.007160422937912747e-01 5.905382616278331831e-01 6.014545608155854595e-01 5.951928061536937431e-01 5.904872477808331688e-01 5.729264634628470354e-01 5.883455434404828432e-01 5.910414821252425455e-01 5.835204753554523727e-01 6.000380380477535747e-01 5.942703556776103291e-01 5.810364393738138844e-01 5.782147506294342820e-01 5.824722443013545803e-01 5.894566706541416456e-01 5.835800348292229378e-01 5.825704326407376010e-01 6.035060184328197019e-01 6.010000066838168120e-01 5.942521832011015137e-01 5.789253555483131475e-01 5.850839771016819180e-01 5.961945773759991241e-01 5.982354927661019950e-01 6.007075990809960242e-01 5.884013831080083801e-01 5.900963116361820360e-01 5.776526841039680837e-01 5.913309727630190471e-01 5.994568879980166631e-01 5.866018981920473330e-01 6.004228943196938673e-01 5.943949117537741245e-01 5.931096049198731901e-01 6.060003867283744183e-01 5.985623303283952312e-01 6.038641042402990156e-01 6.050832452028441777e-01 6.042744813133043014e-01 5.684360238128629561e-01 5.712082194069195706e-01 5.951245067587525028e-01 5.906323329156440982e-01 6.004657673146993613e-01 5.838786172258719764e-01 6.001794168326420875e-01 6.052621838958699430e-01 5.966355932922783323e-01 5.760295274050966086e-01 5.902200356983475782e-01 5.968687151075793285e-01 5.877413048281754371e-01 6.004660493190858706e-01 5.897805289250258598e-01 6.034313604581700297e-01 5.943325194410523649e-01 5.955934409611038927e-01 6.005163205793813130e-01 5.944871377505269727e-01
2.127461475287209802e-01 1.873435674110607296e-01 4.375199394551526622e-01 6.033743782185969629e-01 4.626633571900738429e-01 4.927846423170368917e-01 1.000000000000000000e+00 7.268542387648535552e-01 7.395909755492309223e-01 6.935397644565166608e-01 7.713153744731018335e-01 7.968966956360800102e-01 7.140497927122080313e-01 5.455977759416218431e-01 8.173506451440943898e-01 8.176793014609571308e-01 7.226874078526069889e-01 6.654281949933769091e-01 7.082364723945920870e-01 6.679712077354522659e-01 6.733171111858308189e-01 6.823375126733928209e-01 7.831856252171640609e-01 6.636484583074180321e-01 6.928990525826096425e-01 8.336770345205315458e-01 8.053815250712571538e-01 8.304183859367868514e-01 8.025814351199405117e-01 7.525137987456271826e-01 8.063085324252117214e-01 7.957352323134525562e-01 7.804110658313030413e-01 7.715926206566936507e-01 7.624012859851827528e-01 7.717287088326882927e-01 7.688909034824086275e-01 8.218101715331148638e-01 8.151128558491721465e-01 8.282642837013268755e-01 8.184238219601632780e-01 8.291260852027451111e-01 8.231481895991451525e-01 8.206267895997608752e-01 8.192590292523252993e-01 8.248800781436440577e-01 7.796741787617867958e-01 8.034243397058939973e-01 8.029628713982019939e-01 7.786088977880170070e-01 8.166537007552158167e-01 7.499455207791189126e-01 7.895916222112481231e-01 7.977697383263339104e-01 8.016167922214637587e-01 8.220692290078751574e-01 7.877753885191220995e-01 7.939223564490991425e-01 8.007954224685034372e-01 7.875831683544488593e-01 8.023704638129987021e-01 7.999373783213682421e-01 8.004790974182792729e-01 7.971918305018647066e-01 7.739733394154985069e-01 7.963505628907719958e-01 7.869015792907623208e-01 7.982058927596321629e-01 8.096508233401147336e-01 8.061510847327483242e-01 7.857999445569399111e-01 7.923009650387287106e-01 7.884743821436125399e-01 7.791426425241798626e-01 8.163691716732063286e-01 8.141694695250456526e-01 8.293132819635803399e-01 8.150410018612024299e-01 8.183534299845195426e-01 7.997553520749128841e-01 8.006879745364754442e-01 7.944405039298857440e-01 8.070453212956588684e-01 8.093991865112236672e-01 7.998923200905669884e-01 7.961004470572149438e-01 7.905175682252368885e-01 8.138862106618123260e-01 8.010044580129848102e-01 8.078289882681665146e-01 8.207507530266499041e-01 8.060886093348920145e-01 8.016883148175419915e-01 8.043784400640187071e-01 7.795250537626037257e-01 7.909069691112792233e-01 7.946753332914615608e-01 7.722948503817023136e-01 7.836073743650100454e-01 7.945114924817082702e-01 7.985790414025394357e-01 7.843730139646072352e-01 7.943444682765883336e-01 7.918061749762602686e-01 7.873329148492427265e-01 7.819301408401451159e-01 7.863901013360480308e-01 7.931439004151406014e-01 8.068073633654467836e-01 7.908959571817805179e-01 7.973355423420834809e-01 7.831910020610894918e-01 7.944194523659753315e-01 7.881202117094873172e-01 7.845087876471057431e-01 7.864354890030983425e-01
1.582716403082949086e-01 2.246300555436799296e-01 3.527125291041922073e-01 6.033062162209397172e-01 4.490276817270514864e-01 4.325278778062155993e-01 7.268542387648535552e-01 1.000000000000000000e+00 7.019055959287283653e-01 6.532160326988690757e-01 7.417052371221481977e-01 7.786025992985601274e-01 7.088663512362327612e-01 5.458678022300189614e-01 7.716052581058190363e-01 7.960315749194734058e-01 7.117713786450219349e-01 6.409098593042986680e-01 6.902154454473397038e-01 6.518422842319907540e-01 6.553524982879346261e-01 6.722797982269762551e-01 7.378126570951177854e-01 6.377285807238627369e-01 6.676249054999180421e-01 7.782780714942344469e-01 7.629950096543494098e-01 7.585923936403574652e-01 7.333577309636664099e-01 7.105907448541284310e-01 7.748464966633514805e-01 7.760612399209825263e-01 7.394515191232271523e-01 7.486330411235635474e-01 7.329527241745019683e-01 7.471887136356784032e-01 7.510262976679866753e-01 7.977599352619315631e-01 7.861187719996043377e-01 7.780344422032290375e-01 7.746770723913299905e-01 7.864170392057852066e-01 7.838872499136094740e-01 7.904480224773311470e-01 7.888938127623585927e-01 7.884472472434895796e-01 7.685514490477541871e-01 7.838047918468484809e-01 7.903194400073588755e-01 7.734419912168993827e-01 7.959310433351317604e-01 7.320867893126360437e-01 7.794984009147079007e-01 7.733833440802898584e-01 7.852149943250261721e-01 7.926834991198901115e-01 7.803646984795787889e-01 7.796103924206119196e-01 7.787607839525293452e-01 7.716342382075700446e-01 7.845577719605436595e-01 7.821025920740638515e-01 7.923491318772327707e-01 7.843452992552492065e-01 7.640009539272589745e-01 7.819722127962239755e-01 7.722680713565575061e-01 7.809196114374686859e-01 7.875952549852691664e-01 7.803318285359529538e-01 7.742475181917838345e-01 7.802869950138392463e-01 7.696161564421042378e-01 7.641587395596642907e-01 7.913911425913384701e-01 7.848776850938540273e-01 7.954329765286576315e-01 7.792895402897132007e-01 7.932404416185429019e-01 7.816882700983038834e-01 7.839504712623454052e-01 7.779514795469059107e-01 7.891808289702487711e-01 7.852446481186291516e-01 7.910492589457217560e-01 7.799845135937013563e-01 7.780115816272049623e-01 8.014969323595716455e-01 7.854596561008760913e-01 7.891046888942364612e-01 7.935209425581827292e-01 7.844406226910003443e-01 7.834621204431370112e-01 7.853550622596835451e-01 7.710098303084367277e-01 7.783783725124734376e-01 7.921308011377197200e-01 7.792228880714773265e-01 7.813567083619954445e-01 7.883588498498235175e-01 7.842164184538696903e-01 7.861445833149216522e-01 7.780709854082126231e-01 7.804399295331614361e-01 7.762058401669448271e-01 7.799376704709403141e-01 7.854552600795868811e-01 7.825865953968991207e-01 7.957563396522503441e-01 7.823928453261710381e-01 7.900633039293710747e-01 7.734498308707130620e-01 7.830561992554696538e-01 7.810644927705935325e-01 7.711457583343367395e-01 7.784587057752234696e-01
2.561942779378608703e-01 1.713997673370669383e-01 4.273842938503674138e-01 5.835778583001136610e-01 4.577327927052656786e-01 4.841105473819989902e-01 7.395909755492309223e-01 7.019055959287283653e-01 1.000000000000000000e+00 7.290684536632928703e-01 7.970134024050027355e-01 8.186239558033403529e-01 7.406186765111276715e-01 5.835386392638443054e-01 8.235949454793769497e-01 8.312953012476670400e-01 8.091308540409127836e-01 7.096482188552950543e-01 7.417180219164331012e-01 7.237271675558368811e-01 7.239514610351864832e-01 7.327908228863261320e-01 8.004373711401364666e-01 7.002036658332240204e-01 7.259092036559273708e-01 8.458567490568004166e-01 8.230506845744783861e-01 8.141859716071643271e-01 8.183302355331855127e-01 7.716501737333234523e-01 8.358646137681666755e-01 8.308843329017135959e-01 7.739016829972211742e-01 8.059118363105176597e-01 7.731066283595513511e-01 8.079546936290074033e-01 8.015118990997931459e-01 8.189097281169243070e-01 8.236885735945860265e-01 7.941837928932803381e-01 8.383947166947576246e-01 8.268529835732514321e-01 8.319265088716260026e-01 8.334869276979366415e-01 8.339287255436240720e-01 8.234859921146371331e-01 8.244120432632765505e-01 8.446222267825743701e-01 8.375773001081213698e-01 8.096579987797453137e-01 8.388470194227449772e-01 8.067788243189801811e-01 8.303501901389270801e-01 8.544399324632260262e-01 8.547941297812546857e-01 8.453650010294977424e-01 8.521633942375679283e-01 8.313362351579963727e-01 8.303167845860879304e-01 8.442604272066710491e-01 8.455599273824758733e-01 8.448425177868049696e-01 8.445427625827814921e-01 8.433276085586146609e-01 8.489903756760855957e-01 8.601842520729532371e-01 8.340385421726193016e-01 8.322429018905749265e-01 8.407854972411347161e-01 8.523431265196590445e-01 8.317317995970714417e-01 8.319633726358324211e-01 8.279669829530670322e-01 8.171216907337774948e-01 8.423326101846796421e-01 8.475827675396240268e-01 8.409500481578798814e-01 8.482664870551462899e-01 8.403536533955583421e-01 8.374685276780993171e-01 8.351396944978142223e-01 8.316218148105141150e-01 8.420435814045200695e-01 8.368519458245694542e-01 8.306051527311139049e-01 8.370188323432170563e-01 8.271758858427472605e-01 8.330520487208117331e-01 8.319249352293350830e-01 8.350245211746244456e-01 8.255380422824096787e-01 8.286510655329911712e-01 8.337619058285190565e-01 8.286513682461106312e-01 8.260280896610781021e-01 8.318237908049025409e-01 8.232704201408235223e-01 8.367427150802280167e-01 8.298864602349483865e-01 8.264490397843368141e-01 8.302827767018969851e-01 8.366059243164959414e-01 8.377938637016451029e-01 8.297304276621568775e-01 8.366701013159875133e-01 8.435765111689902396e-01 8.384320181432168839e-01 8.316909272407039255e-01 8.400090577961205618e-01 8.427955624068749207e-01 8.295909033800723531e-01 8.358015441387688371e-01 8.392927090326842698e-01 8.369700573988094749e-01 8.403566366197284809e-01 8.449470873099835799e-01
1.308350756362259004e-01 1.856067134323390322e-01 3.619833740640892583e-01 5.122245102697476904e-01 4.150630274022442667e-01 4.682586503563815894e-01 6.935397644565166608e-01 6.532160326988690757e-01 7.290684536632928703e-01 1.000000000000000000e+00 7.609829850415628094e-01 7.743930448759075436e-01 7.139418985328332967e-01 5.766745652721929627e-01 7.785287371293910796e-01 7.836451606154659633e-01 7.244101588516527190e-01 6.154624614747798983e-01 6.659093436646335018e-01 6.260392197313983109e-01 6.154485678233939661e-01 6.263165592569025497e-01 7.137259355137700600e-01 6.109973452857777598e-01 6.310860023861291079e-01 7.433554160725439619e-01 7.642284612238605668e-01 7.450032720443171552e-01 7.344667653061668355e-01 7.058635732957631026e-01 7.897327649769132485e-01 7.784928637733089518e-01 7.254897294269082586e-01 7.335075475587875538e-01 7.120949931354437767e-01 7.271620082779085559e-01 7.558144475402316376e-01 7.855727089955151232e-01 7.771211584698221042e-01 7.560409255309600285e-01 8.025106662457391904e-01 7.812226444403839176e-01 7.640118048458017785e-01 7.830572882777951937e-01 7.870870700065252246e-01 7.831816960436149833e-01 7.919181097971543792e-01 8.162560259001964136e-01 7.928107830853717841e-01 7.338738878970650914e-01 7.857497681049644411e-01 6.963493701937375491e-01 7.654484626801574265e-01 8.168287149076605136e-01 8.021080650891392327e-01 8.046091802943834415e-01 7.870823141626721586e-01 7.952594321434580671e-01 8.118190199113491934e-01 8.023756975409350733e-01 7.916875024673498684e-01 8.130317095565116059e-01 7.943231785465815209e-01 7.913080245406423074e-01 7.808632402251801663e-01 8.018279653076362257e-01 8.004977420996129966e-01 7.923048138994439604e-01 8.077344418993547270e-01 7.971303848816253534e-01 7.766889980873737942e-01 7.812284098417758837e-01 7.784740931671952913e-01 7.613392020781700742e-01 7.990559745225921384e-01 8.077098889004430404e-01 7.985374554869982822e-01 7.990833159633369265e-01 7.992324371617334222e-01 8.039034223398756618e-01 7.996871124396877084e-01 7.989652237070468122e-01 7.994021348747315514e-01 8.050996298521053696e-01 7.881639567754334941e-01 7.942143328721049667e-01 7.916774769162764347e-01 8.034586128648613101e-01 7.970825368626469620e-01 8.061922025668734060e-01 7.935054318723576694e-01 7.947014287693260348e-01 7.905369228037718576e-01 7.961268247072121884e-01 7.969083903397780055e-01 8.048485207900933913e-01 7.772519080385407175e-01 7.758659025427665501e-01 7.845361528777270443e-01 7.883144056988423687e-01 7.864319195732368817e-01 7.929196937869567030e-01 7.864656571898159809e-01 7.919383241770225901e-01 7.841530391875080053e-01 8.009290655905454415e-01 7.996482045809770733e-01 8.066739283427108997e-01 8.126502057529352285e-01 8.025948220327039362e-01 8.047262629035286663e-01 8.001761816719920040e-01 8.102088723520897151e-01 7.940931320191878529e-01 7.921492486415120382e-01 7.996971934686363248e-01
1.140879539781492480e-01 1.894450408773927785e-01 4.024597837712526882e-01 6.119290457388774085e-01 4.921018647561256065e-01 5.367643557548392730e-01 7.713153744731018335e-01 7.417052371221481977e-01 7.970134024050027355e-01 7.609829850415628094e-01 1.000000000000000000e+00 8.796976603484811807e-01 7.921219875125431464e-01 6.539687929673947409e-01 8.781294089837325956e-01 8.717861761451273228e-01 8.127461432577599565e-01 7.172682242640331385e-01 7.848567833516981729e-01 7.135982967191558668e-01 7.340170456958649003e-01 7.433057315521318653e-01 8.274774892719140018e-01 7.107172505156464926e-01 7.569617188426351895e-01 8.611003393729339539e-01 8.662606828187218166e-01 8.546946873720310256e-01 8.303247191225268109e-01 8.185450062902933643e-01 9.042874547261517959e-01 8.690530296213693218e-01 8.269871460340081359e-01 8.415166693009530352e-01 8.283387336578886817e-01 8.554390203821282679e-01 8.671176829962476962e-01 8.815498791605694828e-01 8.924330046474308054e-01 8.678353844626770508e-01 8.991217853801843907e-01 8.938884490975896879e-01 8.836687549884115755e-01 9.025779554143107397e-01 8.979395025969236777e-01 8.971192700919051743e-01 8.930393147738756587e-01 9.035273807394730294e-01 8.935953017537671128e-01 8.515650389841331602e-01 8.898435987817141513e-01 8.380360146737698690e-01 8.877933707176820510e-01 8.960727424904052496e-01 8.919200515058874901e-01 9.005489690982519946e-01 8.879710150616475506e-01 8.952817968210027288e-01 8.942317760051212705e-01 8.962838507740553684e-01 8.972163643629750274e-01 8.990983276493486054e-01 8.922889538121570041e-01 8.979251321652276241e-01 8.927946052436800395e-01 9.017660054519918145e-01 9.002638806020578643e-01 8.976594941850123410e-01 9.008984278749992969e-01 8.957627474342750862e-01 8.882006971070799395e-01 8.947632306016529702e-01 8.817999956924504890e-01 8.779780261515452988e-01 9.086654505047538910e-01 9.095468379074622689e-01 9.072980365656037050e-01 8.994959489403112629e-01 9.047120630247981188e-01 9.038990294863392672e-01 9.035097039641973860e-01 9.042308106966021608e-01 9.068408262965732547e-01 9.020530809135811623e-01 8.908126131605014209e-01 8.964268840693391249e-01 9.022902035749216232e-01 9.015896568653772869e-01 9.038626599256427419e-01 9.069008041738421122e-01 9.051568652032996321e-01 9.041977237982843363e-01 9.040530779960092023e-01 9.060077336340481846e-01 8.974587316077282662e-01 9.029239039856774562e-01 8.856403314176284347e-01 8.793955613241047908e-01 8.923252401509869092e-01 8.943176199424870410e-01 8.980747701507116876e-01 8.937860115290888752e-01 8.978501669096173865e-01 8.992751590180478871e-01 8.964179836508726629e-01 8.925878463090605175e-01 8.989046123257932175e-01 9.020815446217865796e-01 9.063255712629519900e-01 8.990289228819916545e-01 9.005663791630152959e-01 8.992752995044452913e-01 9.012622553576631335e-01 8.978245189297939799e-01 8.979752413714569004e-01 9.006804890979338563e-01
1.139446577966007346e-01 1.912652127031174709e-01 4.191548794403924805e-01 6.400543203404122083e-01 5.061783797974277466e-01 5.486223851399342211e-01 7.968966956360800102e-01 7.786025992985601274e-01 8.186239558033403529e-01 7.743930448759075436e-01 8.796976603484811807e-01 1.000000000000000000e+00 8.275430493700207668e-01 6.705728685681965340e-01 9.107442470543603008e-01 9.077747962136679671e-01 8.319483904736192370e-01 7.355732707177471408e-01 8.077722314794437697e-01 7.300839247886152794e-01 7.606587196895545633e-01 7.771047046039100126e-01 8.524026457755943254e-01 7.355174177362564514e-01 7.807101130514850773e-01 8.947876132680088190e-01 9.020150692994695074e-01 8.873530939231778492e-01 8.679664138209528534e-01 8.513832848810550802e-01 9.246325355832095694e-01 8.946902921697286182e-01 8.529386441262407637e-01 8.713231970242432123e-01 8.594100369175498022e-01 8.878085420238603920e-01 8.939164545999986888e-01 9.138161320901686535e-01 9.190397452894149000e-01 8.986891788021066363e-01 9.197761771244635787e-01 9.234187536672452401e-01 9.177006822766323735e-01 9.317049042866026864e-01 9.254516441505408197e-01 9.273940008680772173e-01 9.199253487468084245e-01 9.264079593237806165e-01 9.222811932877531538e-01 8.821035623075835774e-01 9.207768530858677636e-01 8.636659857451792766e-01 9.180455657205710551e-01 9.292241759514374699e-01 9.252470784721579244e-01 9.306115009791577908e-01 9.204835550911515396e-01 9.235683624842987438e-01 9.224852733830163354e-01 9.243225447405288842e-01 9.258082271903699256e-01 9.306718342142445977e-01 9.262019223294793990e-01 9.282828671093746875e-01 9.195442585198202456e-01 9.330784021741409529e-01 9.236205638795309536e-01 9.247514699456476084e-01 9.265619060730544421e-01 9.244770280046891164e-01 9.183467536979663670e-01 9.231089268838601480e-01 9.086996971391511080e-01 9.049620544254143306e-01 9.351482253967160485e-01 9.364433933408373711e-01 9.327598369999835493e-01 9.280016377181099507e-01 9.316411927447503238e-01 9.323547765374020635e-01 9.335003618457680119e-01 9.285866906859322478e-01 9.319359185214631802e-01 9.299202462061461061e-01 9.185946379896445801e-01 9.223064513493209882e-01 9.274028072861689731e-01 9.298424458143533800e-01 9.304453206126646059e-01 9.304167990989345993e-01 9.298740409570547261e-01 9.279785176706591976e-01 9.304448701077260298e-01 9.319094620796145589e-01 9.207329687863085033e-01 9.273268365406854841e-01 9.146530083180320903e-01 9.064456638382795139e-01 9.202066112469607928e-01 9.213411694441563382e-01 9.260609369528473023e-01 9.193490696808537255e-01 9.240848562500019181e-01 9.252771131673512839e-01 9.233890953817247560e-01 9.213830712272096379e-01 9.266281968697386295e-01 9.266131169166985648e-01 9.336417273741109968e-01 9.255821230861120963e-01 9.288967786803209448e-01 9.247193352816319711e-01 9.288087779680616052e-01 9.249830623377758299e-01 9.223506250508196613e-01 9.297039842307495139e-01
7.550161821860326694e-02 1.934771582293180192e-01 3.869499589366142134e-01 5.651198813919665609e-01 4.964042681404761681e-01 5.192163150171439367e-01 7.140497927122080313e-01 7.088663512362327612e-01 7.406186765111276715e-01 7.139418985328332967e-01 7.921219875125431464e-01 8.275430493700207668e-01 1.000000000000000000e+00 6.241525088755957018e-01 8.362023721556801625e-01 8.344818548396979452e-01 7.660931465005171859e-01 6.605616007704449011e-01 7.421871368749373143e-01 6.532627574107982005e-01 6.833350768442231216e-01 7.053947161132499977e-01 7.693562285296701164e-01 6.684560625863051886e-01 7.117400819184399596e-01 8.059734911759117715e-01 8.198798275126738533e-01 7.963374256613390267e-01 7.771108041905373520e-01 7.482816103350750092e-01 8.396868786085243119e-01 8.111359970789729923e-01 7.633040948218678956e-01 7.834827577719869485e-01 7.628982987988455200e-01 8.099274238871284615e-01 8.145272093148531178e-01 8.195056883720835961e-01 8.385092306552091035e-01 8.129170989170633188e-01 8.513251535331571862e-01 8.471282191061918487e-01 8.445090042692379173e-01 8.608736313563435383e-01 8.505379213064234722e-01 8.429483954694099168e-01 8.523650776446418664e-01 8.528919737360127762e-01 8.390864609482139302e-01 8.007287211856518594e-01 8.393503385627902880e-01 7.893296968712834039e-01 8.412846535585007945e-01 8.461940630478271830e-01 8.323394453690307060e-01 8.482197373343131064e-01 8.341936106725396094e-01 8.534869722246883894e-01 8.419599944081848086e-01 8.572510156280050975e-01 8.543208702315505665e-01 8.529837672470189647e-01 8.409696725391103689e-01 8.547887208293563077e-01 8.509909481477941906e-01 8.545340928910154510e-01 8.569637055899119726e-01 8.527567963351577740e-01 8.475026103068140637e-01 8.439046066777724509e-01 8.462431517493105293e-01 8.494639231102208976e-01 8.378145928505844608e-01 8.356765840482155427e-01 8.623884807429590404e-01 8.592331444443017663e-01 8.553367627660234396e-01 8.501802917421052985e-01 8.529937324791988518e-01 8.530469899332463468e-01 8.521514313418301345e-01 8.576399551882356587e-01 8.548333985265282875e-01 8.446455001623202063e-01 8.405219621622991300e-01 8.471713386107628807e-01 8.548679716426820230e-01 8.541908973652603265e-01 8.583408071441862575e-01 8.540855257086052976e-01 8.542456134443623395e-01 8.574443088990904016e-01 8.598500200918846037e-01 8.617640322454525048e-01 8.551953599709352094e-01 8.592699497024111066e-01 8.401179087647310251e-01 8.331285105845720462e-01 8.532874736854690889e-01 8.536702433206135865e-01 8.607836552111511885e-01 8.483225566179650734e-01 8.543940736947296388e-01 8.601609410556337876e-01 8.548311894946317713e-01 8.453116916013556636e-01 8.551515842766059805e-01 8.592896370737631573e-01 8.581771802500969271e-01 8.584064120662121544e-01 8.560155595200903411e-01 8.602938149322492123e-01 8.574490332295611195e-01 8.565331743691507738e-01 8.562438308284385791e-01 8.560268217920858902e-01
