1.000000000000000000e+00 1.154901668570020301e-01 1.451101312228379216e-02 3.153459617393059022e-02 3.243668930019785734e-02 -2.304899496930394587e-02 -4.757368009181714083e-03 1.213509389232933500e-02 6.371329450206712763e-02 3.289868808048302534e-02 3.183244389228575156e-03 1.211537663868947519e-02 1.172198421193094628e-02 2.345059761993698640e-03 -8.018621232362254519e-03 -1.239754029312110754e-02 5.453875768657952955e-02 3.994576981624899971e-03 1.074365497807567779e-02 5.093322616367567529e-02 -2.281946511237552700e-03 1.718829033497996928e-02 -3.641693973679611951e-02 -1.270145964056241215e-02 -2.687203235408913357e-02 5.460348913366403628e-03 4.507255757685303330e-03 -2.035684511529700300e-02 7.692983037342482865e-03 -2.108584772597281876e-03 9.704158635529732194e-03 -1.844493178664792542e-04 -3.654414405823305789e-02 -2.156858385606210543e-02 -2.989877253654216888e-02 -1.350975313675589762e-02 -2.419295271530198799e-02 -2.924164025958038080e-02 -1.142531263286441189e-02 -6.140529501418322961e-02 4.676126563587227518e-05 -1.635484957606349321e-02 -1.326617315898686970e-02 -5.112519733583232619e-03 -4.341600939474279768e-03 -1.383766234017557231e-02 3.503861973260168246e-03 1.619701878943794957e-02 1.056305316277116697e-03 -1.899646277052161741e-02 -5.793291935638501464e-03 -2.030609255117914430e-04 3.451598827282062899e-03 2.455691232434051990e-02 -8.706695623371599538e-03 -1.902929506055652323e-02 7.935854230467290216e-03 9.910228754283731975e-05 -1.996206926777206389e-02 2.303119188383798144e-02 9.594375431036347062e-04 3.722758589582888644e-03 -9.847577831475946841e-03 1.022472035000147189e-02 3.428448024889200335e-02 1.523181201185022995e-02 1.364906598490995930e-02 1.161626968657412549e-03 9.700831228505058662e-03 9.747971619505848770e-03 -8.587537071105139910e-04 1.863495935593379414e-03 3.564901097894273077e-03 5.382647074832415417e-05 9.274618629496919316e-04 -8.761624632752681280e-05 -8.309881514267222422e-03 2.752182832917713685e-03 2.432700784921691325e-03 -2.849265938179645972e-04 -6.709593217598293358e-03 3.505647936385664076e-03 2.935223484359105166e-03 -1.516729035354013981e-02 -1.589320443238859820e-02 -2.809225209578261693e-03 -9.582268902638604174e-03 -1.282005745701093012e-02 -4.561242001315690686e-03 -8.793088829567224929e-03 -2.356527000026806609e-02 -7.185739745966429268e-03 -2.535555685224730790e-03 -4.955425308720660428e-03 3.442867677596253909e-03 8.204479566406661789e-03 -1.284157553423790135e-02 2.372953187808011719e-02 3.224034853030537020e-03 -6.269233800794192599e-04 -5.687635364996773170e-03 1.748256159202182152e-03 3.568527977756484875e-03 1.460693047936524212e-03 8.079650015395746163e-03 1.549105544368140942e-02 1.397392401501906280e-02 4.883399117565708977e-03 2.073933044112660599e-03 1.856407317572567441e-03 -8.791919192195284463e-03 1.671389564260536073e-02 6.007105205611948037e-03 1.263603635452667170e-02 2.020738430126328700e-02 2.199602017502941265e-02
1.154901668570020301e-01 1.000000000000000000e+00 5.168013451835173216e-02 1.098287008194149816e-01 1.095319666256721197e-01 1.284976047409157052e-01 1.747424590892414920e-01 1.399722257056885688e-01 1.603099437308556363e-01 1.872128934868234063e-01 1.699715953534464696e-01 1.686482666474337644e-01 1.391608779811252528e-01 1.020182569300048386e-01 1.589857831655959453e-01 1.487031266606955726e-01 1.924273524163203630e-01 1.180374255285707302e-01 1.396028144607291965e-01 1.362709506401947601e-01 1.161287208327822229e-01 1.494428702876197113e-01 1.622344405883535401e-01 1.307661719031915915e-01 1.270677682628880145e-01 1.422009311789725061e-01 1.569594821462857448e-01 1.439190958450748403e-01 1.579696840017795201e-01 1.479086927270685803e-01 1.779222438331158618e-01 1.712757586259247289e-01 1.384411770953700438e-01 1.541012531422658316e-01 1.432679483534052833e-01 1.655947450644494334e-01 1.596518702589294070e-01 1.466491746144808483e-01 1.525032017865701195e-01 1.343393744931673517e-01 1.614768072025117018e-01 1.522044975090421359e-01 1.482577759083831825e-01 1.596623685486341371e-01 1.620019991370393320e-01 1.549730336403519482e-01 1.704836168673918295e-01 1.771613186226514980e-01 1.621682234279479551e-01 1.314251317176290956e-01 1.523414362724322957e-01 1.396515198762268151e-01 1.461027670240472309e-01 1.871238175322858521e-01 1.572726035700972302e-01 1.733797256880007243e-01 1.703502541880288490e-01 1.693653464006413811e-01 1.641624302007088920e-01 1.776667902247468234e-01 1.621646865490695699e-01 1.686799319017944498e-01 1.655929426296134932e-01 1.665680069267498065e-01 1.764565296529330141e-01 1.726076504270264433e-01 1.742364275168385712e-01 1.576059078259565982e-01 1.726376217348341013e-01 1.639111856256326716e-01 1.561750848995558660e-01 1.631959117202408660e-01 1.634446337957603523e-01 1.553156887213048842e-01 1.664877413204611245e-01 1.691107849451794765e-01 1.642204224362251996e-01 1.711020356996104386e-01 1.653547156937889007e-01 1.706999345717247762e-01 1.679666580019768818e-01 1.713307158142768627e-01 1.824704762414011416e-01 1.618128359541899375e-01 1.548675367556137661e-01 1.663057692502033225e-01 1.687411920656204933e-01 1.598051311856526213e-01 1.656904628585166017e-01 1.688440263186535006e-01 1.600358855602664887e-01 1.612893345822267732e-01 1.648764752469482064e-01 1.626192438721207056e-01 1.646978451088564610e-01 1.711228901683644887e-01 1.366650083588053788e-01 1.515009544054306823e-01 1.559131789119690692e-01 1.569648549968372386e-01 1.562614341137892326e-01 1.609473872509058767e-01 1.609552185465047691e-01 1.611414562279627205e-01 1.621506220636333151e-01 1.670141080387099464e-01 1.672628511828087583e-01 1.733024412360482103e-01 1.683780471166867743e-01 1.688874472549836414e-01 1.655605295781452102e-01 1.731358754182775184e-01 1.680372275413668515e-01 1.677056241480327781e-01 1.744937742126875801e-01 1.710165754423302875e-01
1.451101312228379216e-02 5.168013451835173216e-02 1.000000000000000000e+00 3.435447270983668089e-01 2.274436744691760715e-01 2.685412253678816086e-01 3.733044425642809139e-01 3.462869157694045685e-01 3.770055380166918435e-01 3.183259477555022698e-01 3.912845326121102696e-01 4.199030956307925333e-01 3.556619039398059012e-01 2.875236932827818226e-01 4.078995903444623816e-01 4.087379979584209733e-01 3.810677905579102354e-01 4.154031247736855170e-01 4.083781770745955053e-01 3.769930066826719384e-01 4.214731164365107530e-01 4.144800677101649899e-01 4.206655544967747851e-01 4.143602641669457132e-01 4.250021244756565508e-01 4.300363314459068054e-01 4.139669490248013561e-01 4.159200577474960192e-01 3.935636415906356711e-01 4.157571087162547641e-01 4.275172075466207589e-01 4.254518687796676746e-01 4.336195120887118559e-01 4.315784895981130687e-01 4.277707713281577173e-01 4.248300105838329621e-01 4.266700227869054673e-01 4.347397567169326571e-01 4.297345524913231962e-01 4.317583852188424665e-01 4.201811878709170722e-01 4.277474595495857068e-01 4.336860329077288911e-01 4.192687811603933445e-01 4.217322164462370404e-01 4.214070129973420120e-01 4.069697682860514143e-01 4.089735013985968393e-01 4.175459798087444163e-01 4.282772244351411572e-01 4.348309329543744162e-01 4.159308352074904680e-01 4.184947301215880544e-01 3.998143936592405967e-01 4.180580610752725468e-01 4.300257812240828037e-01 4.144986684596719262e-01 4.035834742540762576e-01 4.053895075802941839e-01 4.061288307577215484e-01 4.184028676261239421e-01 4.067884179485946050e-01 4.115763558554605406e-01 4.219271388562263470e-01 4.135645046576780781e-01 4.153880662992551764e-01 4.070949381926637356e-01 4.212975927710776447e-01 4.152999659546484645e-01 4.263596714810448662e-01 4.233116062367369703e-01 4.173213687160121643e-01 4.187656016080047450e-01 4.261173918242056602e-01 4.241012594176001849e-01 4.228409014645833075e-01 4.228325100533426029e-01 4.136552418578376411e-01 4.176491461458133325e-01 4.183736512781443539e-01 4.276469976018990593e-01 4.235826655515786410e-01 4.235875078128529814e-01 4.259002288719460072e-01 4.260845678454940888e-01 4.222186692017897425e-01 4.231255517951438838e-01 4.197346975577281869e-01 4.182203328964764211e-01 4.240264199902710196e-01 4.273334850839173860e-01 4.192189528645921537e-01 4.207350909419442786e-01 4.193360801829690288e-01 4.094339693131890945e-01 4.073972218268097079e-01 4.224602383215556034e-01 4.246838641821511495e-01 4.186944951450706776e-01 4.230914761913120992e-01 4.217388395010465141e-01 4.165656800437770868e-01 4.159033750122855810e-01 4.163183523445553869e-01 4.207042734155830299e-01 4.157119890713931731e-01 4.135546923142308651e-01 4.133575430108422655e-01 4.180312473479011470e-01 4.094059736465347488e-01 4.102054306667811678e-01 4.064722194928143684e-01 4.091275570529938066e-01 4.170085668588541239e-01 4.140294367559055333e-01 4.139547235690059224e-01
3.153459617393059022e-02 1.098287008194149816e-01 3.435447270983668089e-01 1.000000000000000000e+00 3.700129159380816657e-01 4.370742116068161431e-01 5.829086286713929255e-01 5.608530617764303505e-01 5.800993227364349414e-01 5.409357998836894499e-01 6.081792992986163604e-01 6.585826169093174087e-01 5.846103229446296679e-01 4.389041144565973274e-01 6.380083092949212498e-01 6.332142718778677182e-01 5.903182948552523346e-01 6.261882712928651396e-01 6.314852117311262614e-01 5.444389438294872097e-01 6.234230267145012272e-01 6.545314469389263978e-01 6.438132673561081099e-01 6.316012096181103930e-01 6.460563457732356740e-01 6.482298003134000508e-01 6.546284003595529422e-01 6.626796844288233013e-01 6.375660694114482219e-01 6.457148018801569522e-01 6.592722944829185749e-01 6.572465402592019279e-01 6.436469455478982526e-01 6.532784295278650788e-01 6.417659171123394346e-01 6.398751635496588985e-01 6.611542856344306829e-01 6.549363679120090431e-01 6.629997158309693939e-01 6.471142246034253809e-01 6.451626236727857622e-01 6.643320164035687592e-01 6.668271480168411758e-01 6.586042549127422152e-01 6.520986520150231502e-01 6.583550118319623223e-01 6.346541582866034314e-01 6.413364296131017772e-01 6.397513515163842923e-01 6.338391450796444504e-01 6.514721657775146557e-01 6.336007896536709483e-01 6.385221599216928112e-01 6.376806465600904916e-01 6.445457724992327275e-01 6.564841229654641008e-01 6.372348720150133872e-01 6.385747027092526507e-01 6.304010981705628902e-01 6.383875816700597117e-01 6.481610890279868586e-01 6.355697990444624246e-01 6.408665744904575856e-01 6.436727469158289860e-01 6.477559251608496771e-01 6.459725670093436900e-01 6.382962224907460236e-01 6.494719786386053961e-01 6.499197834447895117e-01 6.626825884288183310e-01 6.599673362124389708e-01 6.504974621642530819e-01 6.565886220613051938e-01 6.595645069046569553e-01 6.570279052232793626e-01 6.581267275199204070e-01 6.605543138655302071e-01 6.543017024349986333e-01 6.550071628294461545e-01 6.493373905133789092e-01 6.537659150984804768e-01 6.516944026784818877e-01 6.554852639261867786e-01 6.611377308779425865e-01 6.566189267987853073e-01 6.565819644767559859e-01 6.542793435239712130e-01 6.505661061646542676e-01 6.523355525706477920e-01 6.534958905762298098e-01 6.586574752019699330e-01 6.520654538433396930e-01 6.529644414221542625e-01 6.543694772211973154e-01 6.381872077621076889e-01 6.408751213002327196e-01 6.419933255399891125e-01 6.465732904118408619e-01 6.455752945065693638e-01 6.484116240258332997e-01 6.547123187379864095e-01 6.457975702374955107e-01 6.441358012312262682e-01 6.489653944815212405e-01 6.517859260395623133e-01 6.383998874413409075e-01 6.416607422860183263e-01 6.452938782627642977e-01 6.482213195000902095e-01 6.424272619918282023e-01 6.421892730117909620e-01 6.393037234745545527e-01 6.396155237465945831e-01 6.464264292339563234e-01 6.462029483825942888e-01 6.434843317924155981e-01
3.243668930019785734e-02 1.095319666256721197e-01 2.274436744691760715e-01 3.700129159380816657e-01 1.000000000000000000e+00 2.901253221863908105e-01 4.566672621877249094e-01 4.377725603995044068e-01 4.637892528993793340e-01 4.322168339075306842e-01 4.687581470589765043e-01 5.042231672979681223e-01 4.643453555999248472e-01 3.360275999763071009e-01 5.035741479910390561e-01 5.014929319578880218e-01 4.704043559959191212e-01 4.711260547800472653e-01 4.806539364647325896e-01 4.046782919030651460e-01 4.939188255897925539e-01 5.175121928626139622e-01 4.707026080140910285e-01 4.789151933271941775e-01 4.989730057880435443e-01 4.923732417047987919e-01 4.919686904584048004e-01 4.872995235153401716e-01 4.758262064676654357e-01 5.008632797639359646e-01 5.133495236724741062e-01 5.064940665290490474e-01 4.720583585921384606e-01 4.911113311867003617e-01 4.775177480813346809e-01 4.913984033088175662e-01 4.980389669443030520e-01 5.056725857059068963e-01 5.128159478013873951e-01 4.817908971779040761e-01 5.099533054365166240e-01 5.167287064161404375e-01 5.174292981978219075e-01 5.201885868813024283e-01 5.152217499874854889e-01 5.184416265118868550e-01 5.161477737808404243e-01 5.149068719027086738e-01 5.135299855891450882e-01 4.963506846793760419e-01 5.122708645095834790e-01 5.090536836299325296e-01 5.181927693862466988e-01 5.118742195288578101e-01 5.094989608490820832e-01 5.102152871210363649e-01 5.134311883341677873e-01 5.107388552956880767e-01 5.060207968634001796e-01 5.186723230397225493e-01 5.248941525474835057e-01 5.135916546161348739e-01 5.125948739373034080e-01 5.199197524131456971e-01 5.213934397689408140e-01 5.226921420569735632e-01 5.160927393632300797e-01 5.197860022471376684e-01 5.127291814545258397e-01 5.206406163869050641e-01 5.253954151767654679e-01 5.226650960360138543e-01 5.189032983858193893e-01 5.219502417690515816e-01 5.184199022439803795e-01 5.171529758354814765e-01 5.179441931745264460e-01 5.183600427795111987e-01 5.219846408757656819e-01 5.202539114562159117e-01 5.185463654384541154e-01 5.143909678635142368e-01 5.095998196642037570e-01 5.139091563544484487e-01 5.106491666231048887e-01 5.158365771557744672e-01 5.135922304222964030e-01 5.148676617426731772e-01 5.182219209561980122e-01 5.122554121811521144e-01 5.149682025940452990e-01 5.191580619473682434e-01 5.201324889719862732e-01 5.200697429555456441e-01 5.154855257049036910e-01 5.165130979086800522e-01 5.146939296109207529e-01 5.187277256797436786e-01 5.226408442918837327e-01 5.185649835357847293e-01 5.248414888891722585e-01 5.172737690769132479e-01 5.191170324127236668e-01 5.204509398808797593e-01 5.207677100758487665e-01 5.138560255092783358e-01 5.182688451435146781e-01 5.157886019283146606e-01 5.153781416547541516e-01 5.157003150839599703e-01 5.134763325310051085e-01 5.170993411221097569e-01 5.153430648813349668e-01 5.196489555679890682e-01 5.194055515917238575e-01 5.180318823485139390e-01
-2.304899496930394587e-02 1.284976047409157052e-01 2.685412253678816086e-01 4.370742116068161431e-01 2.901253221863908105e-01 1.000000000000000000e+00 5.326514769696556462e-01 4.777080276256256419e-01 5.224287588076649280e-01 4.800580562394566875e-01 5.387684152799750992e-01 5.618046123916193846e-01 5.305637113995476106e-01 3.830847826879190121e-01 5.760764742389979931e-01 5.677749704227943450e-01 5.174289239029713494e-01 5.309520445673618916e-01 5.551045627080130052e-01 4.580610884254999737e-01 5.443667938791030281e-01 5.747086502522216200e-01 5.601802132034781057e-01 5.279898145935875142e-01 5.672513572570863083e-01 5.640704053128068329e-01 5.656750794859878306e-01 5.593945632414989433e-01 5.567062898816264038e-01 5.601565029417745478e-01 5.909577897736423280e-01 5.710347920616805073e-01 5.305543513680619494e-01 5.542556888821245087e-01 5.413028617051699465e-01 5.675089773369972335e-01 5.754449942922762462e-01 5.767810591615377680e-01 5.842368312424603971e-01 5.588347550416192799e-01 5.851623742917699822e-01 5.889451324092159767e-01 5.902677538574065963e-01 5.927190285104577683e-01 5.886816420849061426e-01 5.984403766776461575e-01 5.868256424095807944e-01 5.901503341482128295e-01 5.839623127805557701e-01 5.539432665457078020e-01 5.811630608346699534e-01 5.597547627130570191e-01 5.847043863427361376e-01 5.867078659151808706e-01 5.813762217080029604e-01 5.913594539190961674e-01 5.806092041123875891e-01 5.861477924715530197e-01 5.824413318849027688e-01 5.881567324355099213e-01 5.874234470317484247e-01 5.883686370291389967e-01 5.904332819397102305e-01 5.839533023488292507e-01 5.869527777240852728e-01 5.907566810093817233e-01 5.864156649214692374e-01 5.895096343246226667e-01 5.872790713676251384e-01 5.931451028686672844e-01 5.942096894375622496e-01 5.924276434426802851e-01 5.865499994990531762e-01 5.946981422232425762e-01 5.947880451731674123e-01 5.906798942532505148e-01 5.955219457067503219e-01 5.926172721905079710e-01 5.966018957748085993e-01 5.919742644596462933e-01 5.939259336523464716e-01 5.938391600067434162e-01 5.898477764626557374e-01 5.884106442747245591e-01 5.893033786873136393e-01 5.918401890406158605e-01 5.937104985187137141e-01 5.932595376463886128e-01 5.915473818221189672e-01 5.938420388188704324e-01 5.959139902650405496e-01 5.948710177073660565e-01 5.934193794008411071e-01 5.953035189645651259e-01 5.907612304133673664e-01 5.886381966957597855e-01 5.796342129748434102e-01 5.765219373817699333e-01 5.882074790809497244e-01 5.900828185520985425e-01 5.928506895780156771e-01 5.910453296262931921e-01 5.927192005747083936e-01 5.930111677313422147e-01 5.895937757354512421e-01 5.848878192889480632e-01 5.858994307815664770e-01 5.897958629048348778e-01 5.929231585283761818e-01 5.907484297491084613e-01 5.900785421785175178e-01 5.890320340221393280e-01 5.907554262192467043e-01 5.897019230182589666e-01 5.891075177414819564e-01 5.890790030605062011e-01
-4.757368009181714083e-03 1.747424590892414920e-01 3.733044425642809139e-01 5.829086286713929255e-01 4.566672621877249094e-01 5.326514769696556462e-01 1.000000000000000000e+00 6.968865077129168251e-01 7.387294516996621985e-01 7.015978898429258148e-01 7.779253027084770400e-01 8.207150614870954985e-01 7.458077618975094136e-01 5.807688787254304819e-01 8.447494619078848022e-01 8.161774367255845153e-01 7.541696257714120000e-01 7.659449642636884104e-01 8.020862768869817527e-01 6.263594223892947621e-01 7.719528072716311806e-01 8.115283599964361327e-01 7.859280009799592959e-01 7.471478815250174321e-01 7.860045591061525228e-01 8.028560514263753944e-01 8.102972190462607305e-01 7.834444661196902082e-01 7.692553573887466190e-01 8.051104238748322262e-01 8.448848919626369414e-01 8.351894798993819702e-01 7.851854942061663456e-01 8.162097861404553623e-01 7.946968747337005423e-01 8.185752223267571681e-01 8.320895378354002947e-01 8.477082013058629961e-01 8.520501490535264955e-01 8.130588772799274278e-01 8.409087114625392045e-01 8.522451454573076735e-01 8.400080790676646147e-01 8.490133705320981328e-01 8.410320657428194124e-01 8.478609033808368611e-01 8.475328501976434614e-01 8.490254793413611889e-01 8.457549528934836802e-01 8.226968366524751719e-01 8.469471831129792294e-01 8.079552084675161172e-01 8.351488696617901386e-01 8.313064794382218903e-01 8.434014433064068728e-01 8.486919096804299567e-01 8.352086817850148392e-01 8.429264587652580687e-01 8.422244150129862827e-01 8.393085254518989347e-01 8.489585201873456333e-01 8.421906380409833748e-01 8.447431899692857682e-01 8.434322402132051755e-01 8.389985848714699435e-01 8.401233752654907461e-01 8.468278678509382207e-01 8.502517231145138021e-01 8.506776374542406316e-01 8.437216818824292419e-01 8.529751042987778753e-01 8.535245634216480637e-01 8.417408592898460995e-01 8.465253106063805877e-01 8.517770671494344636e-01 8.537445459325024855e-01 8.496099101144386490e-01 8.467266819227615704e-01 8.471915892777375223e-01 8.526170332652014405e-01 8.507569424380667655e-01 8.532717504914782980e-01 8.520525999348782520e-01 8.494283593878815264e-01 8.554357375214850512e-01 8.548565785790460669e-01 8.528129899058461971e-01 8.577010483662362850e-01 8.568708254416754766e-01 8.531357752277861639e-01 8.566269337539668127e-01 8.549959891540734880e-01 8.533785646833835781e-01 8.563820884380068943e-01 8.507070955707848325e-01 8.504507871174513678e-01 8.433884101737444405e-01 8.398125461711520856e-01 8.500650027157476973e-01 8.533898549060816574e-01 8.521330014904007211e-01 8.518889331874689441e-01 8.479539914197793404e-01 8.528535757377520010e-01 8.509480615356476152e-01 8.408596439481930140e-01 8.480760233637125722e-01 8.516889991850906672e-01 8.547659112410208593e-01 8.490937797567819079e-01 8.531180741429565950e-01 8.460909684392095009e-01 8.476168571599238533e-01 8.501668911248514426e-01 8.471853896345759027e-01 8.449071991204744059e-01
1.213509389232933500e-02 1.399722257056885688e-01 3.462869157694045685e-01 5.608530617764303505e-01 4.377725603995044068e-01 4.777080276256256419e-01 6.968865077129168251e-01 1.000000000000000000e+00 6.927740671758513269e-01 6.400372124887498959e-01 7.209930055126800852e-01 7.522352306217588991e-01 6.935287453356200338e-01 5.292578169114212638e-01 7.633757723542705653e-01 7.733918199059828247e-01 6.941188747657855984e-01 6.956082169524406833e-01 7.277522353282089851e-01 6.047268707516054720e-01 7.084904201169596183e-01 7.483099084933885203e-01 7.127832043081493429e-01 6.894059417392575106e-01 7.203725102000316793e-01 7.508298082338208390e-01 7.495055848853586777e-01 7.245751250969987289e-01 6.993354556048786419e-01 7.502964663621038977e-01 7.740253220652280053e-01 7.627899478208671757e-01 7.155484578183882727e-01 7.292406731846396983e-01 7.284690688904061906e-01 7.288171050420706454e-01 7.595062426693968138e-01 7.716181445509137093e-01 7.699591842157725852e-01 7.457203174825995928e-01 7.661150892765064002e-01 7.764202555652871540e-01 7.682929841746032329e-01 7.779922841520870991e-01 7.654755316108735608e-01 7.798957653487433861e-01 7.769127359808679634e-01 7.720232190155515983e-01 7.780706616131242148e-01 7.563454078525704283e-01 7.828589874900637735e-01 7.390087176897865984e-01 7.630006567336375944e-01 7.666449577246075009e-01 7.826653355707648974e-01 7.785855258053617778e-01 7.797772546309480468e-01 7.719726221672954525e-01 7.755502773482864098e-01 7.734287564612413179e-01 7.832171507229388485e-01 7.788995668955789320e-01 7.818619256936870654e-01 7.783139168713731904e-01 7.699432773907864958e-01 7.739483597600184117e-01 7.698659512377011849e-01 7.774384342132116821e-01 7.724089968534668671e-01 7.755751174126207514e-01 7.807244247011064786e-01 7.748692278329410987e-01 7.688198764534143193e-01 7.739066997265979797e-01 7.819802195347620444e-01 7.746148092497000537e-01 7.745015469177093381e-01 7.688458815367967825e-01 7.763188282765769443e-01 7.807515421392734467e-01 7.763132623637135632e-01 7.782446427700691061e-01 7.690229391526153258e-01 7.742450746468668710e-01 7.743702072330884700e-01 7.737510712196521423e-01 7.740869390494413693e-01 7.794221673154803076e-01 7.773457461799941903e-01 7.779409509068473394e-01 7.749837207877040557e-01 7.809110739454697692e-01 7.770393357511380383e-01 7.808105290606979221e-01 7.756477357038554787e-01 7.741048670467636228e-01 7.789334045145954732e-01 7.773333262321979742e-01 7.846626329990999960e-01 7.806866261782525740e-01 7.822003359159956926e-01 7.821932728089019404e-01 7.755611143544917097e-01 7.811836032594201562e-01 7.772657065285687450e-01 7.791696390079699830e-01 7.791887381997830708e-01 7.763736747412816053e-01 7.797156160628505583e-01 7.797458867485261846e-01 7.796681999745199709e-01 7.738799664229732977e-01 7.785446778611155860e-01 7.806534966540902287e-01 7.717433612797859332e-01 7.755371614007826597e-01
6.371329450206712763e-02 1.603099437308556363e-01 3.770055380166918435e-01 5.800993227364349414e-01 4.637892528993793340e-01 5.224287588076649280e-01 7.387294516996621985e-01 6.927740671758513269e-01 1.000000000000000000e+00 7.296936012579142705e-01 8.074275635614849289e-01 8.418987672078332984e-01 7.673539735355260349e-01 5.744525629584319448e-01 8.383942060342548519e-01 8.306788879960484984e-01 8.182068605061351141e-01 7.646530067272502285e-01 8.171372334688900008e-01 6.586956581450731374e-01 7.719588272254358507e-01 8.287983838886051613e-01 7.836319758367967792e-01 7.689812237004604034e-01 7.905683385127746376e-01 8.311894100800465424e-01 8.343404585309576182e-01 7.821266192915309334e-01 7.723650226771351379e-01 8.336719590599702689e-01 8.670798419313506811e-01 8.491193504310660112e-01 7.683565849837313833e-01 8.080286625223701558e-01 7.924083133850973182e-01 8.081611937956734160e-01 8.358824417812695806e-01 8.286023380972861174e-01 8.420438665240397302e-01 7.832066535878282609e-01 8.618799649809208985e-01 8.519898659458191581e-01 8.378013742564842659e-01 8.650611439799644753e-01 8.536763320170100977e-01 8.535100706275539073e-01 8.723899251144089373e-01 8.798620606242684161e-01 8.710298003112273424e-01 8.103484670062726103e-01 8.553230965159905885e-01 8.130661217577250799e-01 8.554864591931948814e-01 8.785121990108550882e-01 8.610510329227313298e-01 8.542382256766629656e-01 8.666613440632044973e-01 8.671323170339307884e-01 8.626927223064119188e-01 8.803317477909411437e-01 8.716159515243276923e-01 8.745466049602496073e-01 8.642148856938328683e-01 8.768389560319340692e-01 8.787547223350047343e-01 8.763392263211109423e-01 8.759056463830985351e-01 8.755762488942454569e-01 8.729778370874636817e-01 8.699074745043519075e-01 8.712979368136064551e-01 8.739968527952586275e-01 8.692786042345234110e-01 8.684688888424906272e-01 8.745878530397873662e-01 8.700662563142236294e-01 8.619202311350746548e-01 8.643705117215674250e-01 8.718719528754733661e-01 8.766926549459519435e-01 8.695809616674281539e-01 8.760089750709045830e-01 8.663916733213475885e-01 8.632557233553748155e-01 8.534442754645539253e-01 8.681803125523550602e-01 8.657925487467208470e-01 8.648081065116720589e-01 8.693507439012901905e-01 8.659853621422977099e-01 8.568691355904228812e-01 8.711870575239299974e-01 8.707172654183111815e-01 8.701621489645642304e-01 8.745629486360914084e-01 8.774940290733123094e-01 8.550487496585872371e-01 8.648984753004469450e-01 8.741117348055366110e-01 8.689354729380671660e-01 8.721879514355844742e-01 8.736752864023696885e-01 8.738473695310837730e-01 8.733279797308822756e-01 8.730094457127085539e-01 8.748254608160018764e-01 8.796275302121546735e-01 8.767716835264016684e-01 8.747065077930238353e-01 8.754298792911267002e-01 8.689402061135450550e-01 8.806988208845641930e-01 8.773501018222703562e-01 8.801542608189006911e-01 8.779145244812114335e-01 8.810043581341959751e-01
3.289868808048302534e-02 1.872128934868234063e-01 3.183259477555022698e-01 5.409357998836894499e-01 4.322168339075306842e-01 4.800580562394566875e-01 7.015978898429258148e-01 6.400372124887498959e-01 7.296936012579142705e-01 1.000000000000000000e+00 7.402393678676333355e-01 7.770848662912084315e-01 6.925711701562510259e-01 5.544542876910357743e-01 7.839910326120269612e-01 7.624294016407064944e-01 7.360827396601451467e-01 6.934302485194505650e-01 7.477380351294086180e-01 5.796016775889453188e-01 6.923887830649836372e-01 7.571747988941349705e-01 7.434569160224351325e-01 6.856109595571757698e-01 7.138284947581086115e-01 7.578774703787968248e-01 7.734497357132541495e-01 7.321676649273012316e-01 7.362644852806434770e-01 7.577892319167786050e-01 8.067936809293752010e-01 7.935616899003921088e-01 7.294255221490806296e-01 7.616741262285122716e-01 7.392788059503767606e-01 7.642819399925544488e-01 7.842797271254557945e-01 7.802858993306641677e-01 7.905374477152663504e-01 7.491156359867472414e-01 8.044343445116548530e-01 7.953031678544707495e-01 7.769813021894581562e-01 8.038936555263805905e-01 7.979097591192383376e-01 7.931607133809560617e-01 8.104121230893543970e-01 8.170526055027329537e-01 8.085955308796100027e-01 7.520721485782427829e-01 7.904964651182935231e-01 7.471746382350866744e-01 7.856860313576095045e-01 8.113621842621826508e-01 7.927179069858111271e-01 8.030410446966835813e-01 7.947260112980202296e-01 8.034121319157669916e-01 8.006641126658252672e-01 8.135054285778742234e-01 8.003190144377827497e-01 8.065694347292247102e-01 8.012767500716393432e-01 8.082946023797824564e-01 8.074857273157036719e-01 8.076569328080630550e-01 8.140643887095021514e-01 8.084224294803360467e-01 8.133439550385122008e-01 7.989524979888936729e-01 8.015086750475856059e-01 8.109932767256349262e-01 8.010423187420456781e-01 7.985530696820575258e-01 8.114875283825945251e-01 8.134590639951225777e-01 8.073931799960424316e-01 8.107586375150372948e-01 8.079402092895189291e-01 8.124621778643529302e-01 8.099553769074011589e-01 8.161185281321958751e-01 8.138310246104498713e-01 8.052744502648161440e-01 7.995134454261827450e-01 8.110526650592957409e-01 8.113489355624448063e-01 8.104307131048276158e-01 8.123078275567210405e-01 8.121162059675608447e-01 8.058666394518261278e-01 8.130179887343613743e-01 8.140175745650580774e-01 8.120239021726611828e-01 8.145087298475162108e-01 8.171526314225914245e-01 7.865096246831887461e-01 7.883817071936159993e-01 8.051614542963695387e-01 8.039624986967602860e-01 8.059793024378282267e-01 8.099570987891807627e-01 8.080202435542219730e-01 8.086050823607250360e-01 8.061710539234964168e-01 8.037240485429736347e-01 8.126731127932793619e-01 8.170094209142254593e-01 8.133623540053799283e-01 8.140611924448665215e-01 8.122375397906133054e-01 8.161459038990437342e-01 8.122687480032636520e-01 8.130844417472429253e-01 8.126558201594181741e-01 8.120773345518901287e-01
3.183244389228575156e-03 1.699715953534464696e-01 3.912845326121102696e-01 6.081792992986163604e-01 4.687581470589765043e-01 5.387684152799750992e-01 7.779253027084770400e-01 7.209930055126800852e-01 8.074275635614849289e-01 7.402393678676333355e-01 1.000000000000000000e+00 8.783180831017112222e-01 7.950004082168984354e-01 6.090277726255524104e-01 8.808168544572059222e-01 8.566692077058835064e-01 8.153087718750308133e-01 7.940922415086225650e-01 8.462611455561546148e-01 6.562074051507538197e-01 8.009785655724507292e-01 8.494694130325799453e-01 8.176029943035186820e-01 7.768832874902562580e-01 8.191280600295504088e-01 8.522034361205882425e-01 8.662255901107797085e-01 8.192976519211134789e-01 8.104827355364986330e-01 8.621869027905839644e-01 9.056169207090123408e-01 8.805477165708422982e-01 8.157421484052547189e-01 8.505218495762246755e-01 8.369563185905503078e-01 8.549847701164813296e-01 8.803103620650363226e-01 8.778469568304101411e-01 8.885630382443835407e-01 8.395735243530949576e-01 8.944709058518354183e-01 8.925588582761381229e-01 8.811290869031450645e-01 8.991903118994251098e-01 8.881030703433441253e-01 8.947479850471768970e-01 9.066332944626146473e-01 9.076385802261917046e-01 9.042529376565634491e-01 8.660428473963037721e-01 8.960971490709951359e-01 8.637633483500902765e-01 8.900288767307581450e-01 8.987548704678179901e-01 8.968391467067305944e-01 8.972420160095582187e-01 8.958052316528285486e-01 8.966030567305709464e-01 8.965422433749924425e-01 9.047601338588160402e-01 9.047490492642553672e-01 9.038030406018059404e-01 9.001881695775015846e-01 9.060389337622588579e-01 9.047849385089414831e-01 9.072885634588661041e-01 9.081438170744939864e-01 9.070508677187461011e-01 9.051010808588717538e-01 8.972628825819591869e-01 9.043770259642478493e-01 9.080475531831624370e-01 8.937538849440345157e-01 9.001870506770737190e-01 9.096860400660233825e-01 9.072475179278162161e-01 9.034083614131400708e-01 9.028603248933247949e-01 9.041091069263944568e-01 9.114097623126913295e-01 9.060210183915321513e-01 9.100371992151529144e-01 9.038532234159037948e-01 9.037300085420524320e-01 9.022439658359368009e-01 9.067405756120782145e-01 9.077450044562358489e-01 9.099278894669431406e-01 9.098371360363045612e-01 9.072690020702631752e-01 9.042714203173864984e-01 9.104325720510770825e-01 9.089219022706590545e-01 9.093485074477906105e-01 9.118056366649571753e-01 9.113326060322567423e-01 8.985262471247738025e-01 8.993536396274024458e-01 9.093346361828456015e-01 9.092886494171956713e-01 9.089566595430423890e-01 9.107780704204795352e-01 9.089803880875565456e-01 9.100379733727593790e-01 9.101483101056984104e-01 9.044219320573030352e-01 9.103736749203853451e-01 9.119186326856194569e-01 9.116983681520856031e-01 9.100666238441244005e-01 9.098704042772184364e-01 9.106435908024443915e-01 9.101165571924653142e-01 9.116514660458846508e-01 9.108310977208027293e-01 9.102472546872731884e-01
1.211537663868947519e-02 1.686482666474337644e-01 4.199030956307925333e-01 6.585826169093174087e-01 5.042231672979681223e-01 5.618046123916193846e-01 8.207150614870954985e-01 7.522352306217588991e-01 8.418987672078332984e-01 7.770848662912084315e-01 8.783180831017112222e-01 1.000000000000000000e+00 8.321720475324421162e-01 6.373977839592425143e-01 9.141461784994188156e-01 9.039653577224544545e-01 8.455755675611320576e-01 8.317593570685543058e-01 8.865826296589208733e-01 6.956701154143343224e-01 8.473285254038657177e-01 8.954256627264887136e-01 8.692203672032329242e-01 8.293079414238168079e-01 8.658381548120370752e-01 8.975968680411855471e-01 9.058894754444068997e-01 8.719119048232685243e-01 8.531249418988724464e-01 9.022778150507992923e-01 9.377628799976676088e-01 9.223795990446439497e-01 8.627167184135572375e-01 8.928800485563120892e-01 8.780520863889876848e-01 8.922928909434524325e-01 9.181083714990465605e-01 9.218557715927202523e-01 9.295641925506954450e-01 8.863366160586828579e-01 9.310889502708122878e-01 9.328115718065753681e-01 9.252975783106104357e-01 9.401137025363781596e-01 9.293274145469162528e-01 9.346278879892916391e-01 9.379232308614675606e-01 9.416020092213103210e-01 9.386151477105859620e-01 8.973580576729855984e-01 9.327282090020692085e-01 8.938879152334954226e-01 9.250999457375526092e-01 9.353024376694486497e-01 9.344101635330048783e-01 9.363323694069399794e-01 9.333112964737775297e-01 9.351112862811137294e-01 9.320669890552852888e-01 9.399268808871206193e-01 9.430127477406538006e-01 9.407733454826465724e-01 9.385010092998384845e-01 9.417594429093009145e-01 9.358147555971311204e-01 9.408744937406207098e-01 9.393790356065068181e-01 9.429629507362887741e-01 9.411979049300502886e-01 9.346196336884429190e-01 9.442001147001215511e-01 9.432578247840335273e-01 9.353603679154809392e-01 9.390580821876755024e-01 9.454472273711005403e-01 9.442345973631186551e-01 9.399367367460090827e-01 9.372369222603709193e-01 9.427799431199550551e-01 9.448683317000294846e-01 9.428985627420662929e-01 9.463213512581556408e-01 9.403786891172303264e-01 9.429062756575791182e-01 9.379613001422414387e-01 9.431959557892175550e-01 9.418891578271129106e-01 9.443029508877986977e-01 9.447256127325308617e-01 9.429434920943076115e-01 9.417950871203326635e-01 9.460200029281903289e-01 9.442853371440839139e-01 9.467775068388873949e-01 9.422091959591263333e-01 9.444644620734038432e-01 9.310862792928922271e-01 9.304895523446459205e-01 9.438000382300243407e-01 9.412931704624692975e-01 9.442547501084764816e-01 9.436087032590666501e-01 9.412383845794368709e-01 9.448268763688707494e-01 9.422504763262580241e-01 9.385618356143742291e-01 9.438853144995530409e-01 9.440700145350882089e-01 9.461739127745460998e-01 9.436086582918447041e-01 9.426035232711490464e-01 9.427631043049574666e-01 9.436404770481879867e-01 9.443519967768786438e-01 9.426256371129084766e-01 9.418575415245535876e-01
1.172198421193094628e-02 1.391608779811252528e-01 3.556619039398059012e-01 5.846103229446296679e-01 4.643453555999248472e-01 5.305637113995476106e-01 7.458077618975094136e-01 6.935287453356200338e-01 7.673539735355260349e-01 6.925711701562510259e-01 7.950004082168984354e-01 8.321720475324421162e-01 1.000000000000000000e+00 5.611822973776148249e-01 8.356852797847573733e-01 8.403387795692086604e-01 7.712151462282986758e-01 7.672495931512565148e-01 8.085750372475878356e-01 6.428675877385202631e-01 7.698480900711668351e-01 8.225578881445083645e-01 7.791253061601821628e-01 7.634873460317113114e-01 7.943974066440725457e-01 8.224420837883282820e-01 8.246165073264706269e-01 7.913486793051508483e-01 7.781872425534233084e-01 8.194208795187134520e-01 8.598448065771358007e-01 8.352813625001044295e-01 7.621162749276330084e-01 7.981958645510708328e-01 7.831080829462651050e-01 8.074959813022607458e-01 8.307330140005896313e-01 8.358687227821786081e-01 8.426723809411263977e-01 7.980186378083911070e-01 8.518868782919400973e-01 8.527123612634534000e-01 8.479573944380393025e-01 8.642959397920053632e-01 8.548280358937363488e-01 8.589973785322635447e-01 8.629147379737339696e-01 8.647541550536647081e-01 8.581298021079599714e-01 8.097559854154979808e-01 8.485643825996806999e-01 8.143209394295979342e-01 8.527008884274797085e-01 8.634378294518472163e-01 8.584069660026363291e-01 8.533741013111966200e-01 8.527876697010448037e-01 8.628849367320362562e-01 8.537427199909416453e-01 8.708302408307967424e-01 8.682118258464504024e-01 8.658484338255085788e-01 8.623537799889927635e-01 8.600470739734322745e-01 8.641810539589608320e-01 8.677972005096020736e-01 8.647413047390765106e-01 8.675911934797490010e-01 8.656743279899312693e-01 8.598586744911513868e-01 8.677461528604784036e-01 8.673521227593399274e-01 8.620246315672904780e-01 8.641949877496881705e-01 8.690031391910648662e-01 8.642188660673789657e-01 8.608926856553396068e-01 8.600482137478493438e-01 8.656362261144245895e-01 8.671025167323438421e-01 8.644301951821042884e-01 8.685874546927908613e-01 8.563004866750061339e-01 8.560068344872029389e-01 8.545863183306516841e-01 8.621157131134714602e-01 8.623847985953156936e-01 8.634234341184301442e-01 8.658659777518957767e-01 8.636628023377926899e-01 8.570189134920245255e-01 8.672911774198254209e-01 8.679004763989051074e-01 8.691899201793507057e-01 8.664547093749248585e-01 8.679951317348689743e-01 8.516871367442149232e-01 8.534852640358672193e-01 8.669606578886507320e-01 8.623109922083844747e-01 8.701634140319783883e-01 8.672610784972167863e-01 8.680396199951183611e-01 8.697875301849450347e-01 8.657859621447699938e-01 8.614363610888475797e-01 8.667971617618713820e-01 8.676619693116796039e-01 8.683183015138555838e-01 8.676039464495637343e-01 8.653893176526264996e-01 8.697017200274023141e-01 8.684760291400502874e-01 8.683181008598552797e-01 8.678017438887069002e-01 8.703708238322391821e-01
