1.000000000000000000e+00 9.744628591817600105e-02 1.096855722026424257e-01 1.686628895616893442e-01 5.926885829996093868e-02 2.094710778928967482e-02 4.402789672212144984e-02 1.246369891200737323e-01 1.055168923941196268e-01 3.292540391923541587e-02 6.634951112441278553e-02 5.938460541464875980e-02 4.341404195270922445e-02 -2.649365422840628537e-02 1.201755689237165615e-02 7.455780094649938627e-02 8.353773483158685731e-02 8.090800343520103410e-02 7.592025506826156900e-02 9.157689636326538096e-02 1.262001652598901680e-01 9.253769519068830163e-02 1.037410392839326900e-01 9.847074593735412329e-02 5.353500278345933727e-02 7.337434351021934753e-02 6.961721201032192163e-02 6.876708313118051752e-02 1.162161072594537908e-01 1.091375259114972934e-01 5.521176639316229678e-02 7.306690425599951522e-02 1.068553291778256698e-01 9.179854220963250266e-02 7.508443955596219577e-02 5.686354156746599442e-02 5.200573668146435402e-02 6.323304187574151081e-02 4.952340921930380863e-02 3.090986928061292827e-02 2.768549363557847032e-02 2.038256530555411505e-02 1.941466114034944013e-02 2.909094545466260964e-02 4.833402538388426040e-02 2.572429417675186833e-02 1.445196227701282810e-02 1.564078355783536656e-02 3.181557119012556195e-02 7.121814873498447107e-02 4.775235166378696827e-02 5.791963729299397928e-02 4.561503415885781454e-02 5.515397352144434107e-02 5.371786329160732620e-02 4.794178406267137621e-02 8.488743474139770484e-02 3.466828808095801656e-02 4.802579117723641822e-02 1.890919766069011632e-02 2.195992440374344712e-02 3.648401886228733876e-02 5.083196966490018120e-02 5.021537057062883114e-02 3.559239588182239178e-02 6.051248685428510521e-02 1.457984289760098397e-02 2.338291014590828526e-02 3.465904447312772446e-02 3.747467676449491719e-02 3.552990355741200701e-02 3.876980741363880018e-02 3.676256064745682395e-02 3.817166365682584522e-02 3.145520660112341438e-02 2.095245542250729828e-02 1.859767743975765039e-02 5.034850262717065900e-02 3.771599138235080806e-02 3.142029382878076121e-02 2.439896839619295349e-02 2.320457291154718465e-02 4.690718510295786847e-02 3.578115900714946146e-02 3.214682369394278316e-02 3.680982653738873456e-02 1.476065681340197125e-02 2.524588745791480141e-02 2.154313368251133121e-02 2.591989899055568286e-02 2.050755939647661702e-02 1.082215036018720038e-02 2.239712372283404057e-02 1.272176753071179237e-02 7.022334374911542651e-03 7.939386670755985143e-03 2.315029458475193619e-02 6.110340365920122890e-02 2.211632773301155236e-02 1.944673590058929383e-02 7.567261350216059751e-03 3.422117860656026522e-02 2.844362269023226197e-02 1.328314045351411225e-02 3.097133725931488016e-02 5.278339068359146763e-02 2.152927785854296186e-02 1.164667061602078953e-02 2.362927815467459267e-02 1.202371005401743284e-02 1.455183647854264850e-02 1.461581975217765735e-02 1.216133771495137017e-02 2.941553231404452767e-02 2.858961574513423781e-02 3.169961777957745752e-02
9.744628591817600105e-02 1.000000000000000000e+00 1.196770016475847270e-01 1.427481890482819316e-01 1.234923982306445206e-01 9.384610669825484142e-02 1.436552714601269654e-01 1.598126253268878083e-01 1.755804708470006248e-01 1.851131154416378322e-01 1.766821939834574973e-01 1.799811739298214364e-01 1.705370311462108546e-01 1.220108293900070001e-01 1.792300941855626273e-01 1.814828428037864871e-01 1.720108076685551712e-01 2.012688059127099582e-01 1.986714659353929768e-01 1.342936865594812901e-01 1.964308355003031026e-01 1.763974045159895920e-01 2.120128718278123936e-01 1.933855128249574451e-01 1.951940497045874245e-01 1.990644786305376113e-01 1.831365744356806824e-01 2.107771191668257604e-01 1.884450650628283486e-01 2.063376996497243432e-01 1.908239251361613931e-01 1.846614298687995204e-01 2.022725209746951414e-01 1.743095411153376129e-01 2.026029268033179565e-01 1.554727842145198768e-01 1.926135654088180771e-01 1.728812443314538261e-01 1.739086567937799255e-01 1.738732570443837500e-01 1.789021052536312051e-01 1.777134175820733741e-01 1.569211132582761237e-01 1.758521724391297614e-01 1.764532563435772805e-01 1.727050982755813924e-01 1.809822408839838748e-01 1.731878216210042676e-01 1.790879585828961396e-01 1.758865692434339878e-01 1.729758680550316507e-01 1.613980768739872729e-01 1.669744218155115589e-01 1.833149590775373650e-01 1.782769969009712074e-01 1.892495289187379193e-01 1.795778174736826216e-01 1.751232220769148862e-01 1.709793923219534439e-01 1.720259323820443054e-01 1.677023695092001720e-01 1.743668648914621089e-01 1.747479869735577840e-01 1.749816563145591142e-01 1.725100625101090024e-01 1.799676434493835409e-01 1.756287352212047292e-01 1.799235337957473813e-01 1.864729525497631768e-01 1.803720538080663127e-01 1.868963385759594420e-01 1.863638494622495145e-01 1.795893738246299998e-01 1.857247972399720115e-01 1.844796794738932377e-01 1.758274350900696226e-01 1.825156858882693856e-01 1.872991926355895287e-01 1.789494314881100445e-01 1.843399000886344341e-01 1.868342884139878590e-01 1.784203904774258054e-01 1.840888448142115885e-01 1.848474163731873010e-01 1.726527224021424112e-01 1.743585797253699998e-01 1.781199946954244440e-01 1.762369424561720799e-01 1.778007881047177496e-01 1.811722078327451246e-01 1.806382272804026579e-01 1.747260034843058085e-01 1.749034449809019343e-01 1.745812875645264828e-01 1.758092404847199919e-01 1.766940903436874932e-01 1.654197372919342657e-01 1.776840292331093862e-01 1.751880154582192428e-01 1.721008693340070339e-01 1.715239397094767693e-01 1.741058985859347819e-01 1.742496239470494868e-01 1.722123401992166625e-01 1.700573116410209751e-01 1.750840707332242396e-01 1.764574933823625791e-01 1.763840671769294766e-01 1.780106293187793121e-01 1.739607197526422122e-01 1.691253688038867331e-01 1.736901698743948397e-01 1.721199142968234674e-01 1.757622244064437345e-01 1.753294437839538478e-01 1.759900363433310189e-01
1.096855722026424257e-01 1.196770016475847270e-01 1.000000000000000000e+00 3.710021719281512698e-01 2.582163842641964635e-01 2.426405520680831041e-01 3.801182276945431759e-01 3.665437422357906705e-01 4.013079676283646813e-01 3.475034446880930772e-01 4.056940773251576093e-01 4.196422437554361839e-01 3.543256623723680110e-01 2.800108718824754761e-01 4.025890383519438731e-01 3.953647081154103571e-01 3.888000370749293277e-01 3.894929992431619969e-01 4.211327596298449771e-01 3.451881539240926888e-01 3.826137703092783449e-01 4.278426597539202736e-01 3.952051853126204994e-01 4.053868634096347012e-01 4.068638136928298121e-01 4.164492322920668177e-01 4.177584489027365566e-01 4.171490134829384244e-01 3.915202097841075646e-01 4.129860832562927686e-01 4.133571909322696358e-01 4.105560037197565904e-01 4.086247826198687871e-01 4.141746791055732624e-01 4.079836387690040089e-01 4.074724418957194061e-01 4.096636916407446205e-01 4.222324242757423129e-01 4.134320678800318949e-01 4.185625154517591540e-01 4.097492572692708057e-01 4.130895814883472905e-01 4.162761314203864416e-01 4.177267211707351158e-01 4.189880630949083251e-01 4.120280452855372699e-01 3.988719825541203190e-01 3.970196530503483090e-01 3.968327468695939664e-01 4.099948230080011080e-01 4.096186084919702930e-01 3.994510746833273562e-01 3.971609440571390870e-01 3.960935195486864346e-01 4.020828700263071043e-01 4.060985120750187916e-01 3.921178784798184380e-01 4.018681947282720102e-01 3.966924310661292252e-01 3.961756649850109446e-01 4.039128383040124781e-01 3.992447854210146585e-01 3.999876290035384585e-01 3.987435665030003018e-01 4.006778604002565469e-01 3.993788121332513819e-01 3.980989259255924839e-01 4.045695275085861575e-01 4.073820300239521242e-01 4.107999838192382125e-01 4.116199528473321601e-01 4.184104374692864114e-01 4.150019302590667314e-01 4.172189592471230446e-01 4.114047248832802262e-01 4.103479008520969362e-01 4.075741183955752800e-01 4.059915919477970481e-01 4.173374684285000580e-01 4.084255348518212592e-01 4.119062243193655215e-01 4.071228905953742094e-01 4.037279006632167877e-01 4.101971898165487906e-01 4.134184086193026242e-01 4.120700593955822777e-01 4.077059164116179635e-01 4.132949365659221441e-01 4.081979214386973753e-01 4.074658077861193495e-01 4.144580128319062529e-01 4.078079138876397058e-01 4.117472659088205478e-01 4.074613889789319154e-01 3.967630829004358817e-01 3.938773337852322087e-01 4.099548336662678372e-01 4.011998072396370518e-01 4.006728059616486148e-01 4.118236661131426390e-01 4.064772346526775992e-01 4.047308543146160287e-01 4.041524196478348818e-01 4.039033481057366370e-01 4.086629492403093811e-01 3.959379687822829896e-01 3.962319503307999979e-01 3.956392873430203960e-01 4.021635341776615413e-01 3.967530976960034206e-01 4.021292767829979797e-01 3.985694340654212797e-01 3.967150192102826822e-01 3.980946785932789056e-01 4.066316323050525594e-01 4.012392393023458959e-01
1.686628895616893442e-01 1.427481890482819316e-01 3.710021719281512698e-01 1.000000000000000000e+00 3.544775299125929036e-01 3.637912640891397542e-01 5.804338613983724970e-01 5.965179948577560287e-01 5.537824599819528570e-01 4.668117454884086470e-01 5.964129974947074420e-01 6.436822395240388017e-01 5.325180126658000113e-01 3.998621806831688663e-01 5.838901871523020093e-01 6.315601602764320255e-01 5.983571527030587811e-01 5.415249220531297425e-01 5.623760780887449018e-01 4.563005940356752999e-01 5.859856353908804438e-01 6.040737008544098119e-01 5.720566509818432177e-01 5.553927596478014372e-01 5.457414308517987145e-01 6.583106476993493272e-01 6.299057806116497016e-01 6.234282714667344072e-01 5.977077276216080648e-01 6.123633835542259263e-01 6.019126370514558122e-01 6.281871806062978569e-01 6.376972659097613905e-01 6.271799472998645930e-01 6.053167460636738051e-01 6.158116750697293362e-01 6.046469891063687152e-01 6.310047397136944181e-01 6.316020880126975712e-01 6.418191598362459338e-01 6.012459695144573013e-01 6.116128706358415767e-01 6.222235244645475394e-01 6.181660731172207157e-01 6.360081826661456716e-01 6.178844219280595906e-01 5.808061017149345195e-01 5.779286202431977992e-01 5.890455952369648696e-01 6.289639102202143617e-01 6.221767156091484452e-01 6.324268095753788899e-01 6.101172801148687652e-01 5.951650823275537183e-01 6.088636100422925024e-01 6.162203331436386655e-01 6.176120538329146203e-01 5.968976543139588031e-01 5.979630892463694281e-01 5.789822297547407848e-01 5.956669664335111358e-01 5.907516294895044373e-01 6.091045001800224901e-01 6.020768324872197708e-01 5.970071085611945438e-01 6.171366165930214365e-01 5.793059917516748536e-01 5.813671168006344647e-01 5.899966061561694453e-01 5.864808122718452310e-01 5.948517721280990322e-01 5.967151542812597631e-01 5.953794290585233684e-01 5.906525288439617993e-01 6.148159586856808412e-01 5.955425076700110454e-01 5.989428128764421322e-01 5.982207238559491547e-01 6.202825735110207850e-01 5.912860014285076238e-01 5.954009068174321850e-01 5.852505294098071520e-01 6.074527366749212787e-01 6.088442541458547463e-01 6.134459650562584798e-01 6.044244373604219511e-01 5.934790345410793089e-01 6.151207547387681496e-01 6.029549400018474614e-01 6.010063693040731403e-01 6.190073003362195347e-01 5.945295882894326978e-01 6.038014770962503164e-01 5.997817410428574192e-01 5.779702789759391113e-01 5.704527992355369337e-01 6.116462680828029796e-01 6.124682655724276170e-01 5.905085552669611104e-01 6.026116951889133322e-01 5.976036414898761029e-01 6.044369164840887043e-01 6.010209225183357207e-01 5.877604418583580737e-01 6.062401102382045659e-01 6.015450112656540727e-01 5.795078131376443231e-01 5.748731061205079040e-01 5.941699754198545014e-01 5.813210942733908482e-01 5.936025230880014325e-01 5.803547184209214560e-01 5.792106309252920138e-01 5.893411956691421150e-01 5.924775437618260421e-01 5.950369708667396784e-01
5.926885829996093868e-02 1.234923982306445206e-01 2.582163842641964635e-01 3.544775299125929036e-01 1.000000000000000000e+00 2.785510564613793427e-01 4.434063281280788971e-01 4.331890472345042431e-01 4.557807377602068333e-01 4.246219158439935581e-01 4.468425990917759827e-01 4.776322513389048563e-01 4.654593977058590348e-01 3.253177710235149456e-01 4.806916820841793392e-01 4.877115758996594108e-01 4.583389272425626437e-01 4.577329141543753921e-01 4.670529364037847575e-01 3.607163206250207366e-01 4.622698629036550710e-01 4.616637946345322763e-01 4.590264191053091136e-01 4.444501742712523296e-01 4.460231514345147086e-01 4.908281922174023149e-01 4.938494172300643137e-01 4.898763636969769575e-01 4.757110822914950021e-01 4.846879246349167780e-01 4.910914306341340185e-01 4.959515683526232177e-01 4.798551912849630674e-01 4.827398357263889550e-01 4.769767152821412504e-01 4.742311780634310137e-01 4.905796468608409344e-01 4.969774115443633122e-01 5.003426327859770151e-01 4.915300294823017335e-01 4.955619483770642986e-01 4.994486438515109428e-01 4.993635223528761768e-01 5.028544102845320385e-01 4.958707680048317079e-01 4.980519606742419003e-01 4.909169724171782989e-01 4.930398854373912454e-01 4.967937885834782241e-01 4.977758958342426432e-01 4.994311686513815962e-01 4.918720830199982963e-01 4.889489825395260114e-01 4.988973137482106135e-01 4.980224603826811647e-01 5.021497488323797276e-01 4.937434712858095320e-01 4.953602233685480694e-01 4.995358709243652440e-01 4.907777992481399121e-01 5.012373611820452046e-01 4.949609921680422353e-01 4.983608008733346195e-01 4.955767718173057501e-01 4.907648943865036140e-01 4.929670742582550336e-01 4.914065741490781236e-01 4.947478384723928424e-01 4.937907192920927835e-01 4.877518728192211661e-01 4.909148905830262866e-01 4.959297586188328721e-01 4.897703949424946912e-01 4.928954577360986078e-01 5.015703670855578000e-01 4.941210385099942815e-01 4.976062562341072582e-01 4.933674961364835077e-01 4.991502138077619777e-01 4.934679326806333255e-01 4.950791827330223716e-01 4.926692620741791040e-01 4.975301226896473028e-01 4.977951132892217134e-01 4.994595977554507349e-01 4.964941613632707362e-01 4.940225924424916926e-01 5.006416838643613643e-01 4.989557445941713021e-01 4.983871637463845872e-01 4.979053664771211363e-01 4.971384577519639136e-01 4.987451480498057421e-01 4.967668538568172920e-01 4.919667899948879652e-01 4.916218229468176659e-01 5.021374161196584529e-01 4.999182045298464216e-01 4.955149114271270028e-01 4.988534707796233869e-01 4.949927703531694090e-01 4.993422630923409211e-01 4.969801383895679492e-01 4.939531015572765638e-01 5.010386044910852821e-01 4.958699776098690615e-01 4.935396457334174647e-01 4.918150775400517705e-01 5.005362145595846357e-01 4.927462953605449836e-01 4.992357338685161627e-01 4.914195738807769498e-01 4.892543125880905452e-01 4.965395572840755611e-01 4.909069194702800898e-01 4.965027187182923796e-01
2.094710778928967482e-02 9.384610669825484142e-02 2.426405520680831041e-01 3.637912640891397542e-01 2.785510564613793427e-01 1.000000000000000000e+00 5.361074639734974001e-01 4.356816345460908235e-01 4.935806320415265791e-01 4.703107170091229694e-01 5.230873663100290560e-01 5.433096589375645546e-01 4.765135188971709734e-01 3.796570899072297944e-01 5.641513425487595379e-01 5.493939944455404900e-01 5.371025441230732334e-01 4.998829071726338391e-01 5.257265971377573788e-01 3.621530273027128155e-01 4.779981188212013565e-01 5.171846194523481710e-01 4.942370560487691078e-01 4.843972123339344016e-01 5.041885742079218469e-01 5.291012743902155924e-01 5.448091502373304529e-01 5.353209290474867377e-01 4.925584667146123419e-01 5.113777647718618091e-01 5.572144722586446219e-01 5.517459685382792856e-01 5.058576881454291962e-01 5.413204275730035819e-01 5.304634536089760655e-01 5.593405555196225842e-01 5.551761864954823933e-01 5.533550298230333064e-01 5.677120743695845961e-01 5.590153545960070414e-01 5.669713541168854842e-01 5.665366781348109004e-01 5.713217218283054288e-01 5.729246910888197153e-01 5.706815210781011061e-01 5.662971586929567147e-01 5.634140887434344602e-01 5.678823101034053966e-01 5.610751532989233237e-01 5.463930268432496407e-01 5.519938620778050975e-01 5.544630796838717623e-01 5.597817731050933610e-01 5.597398036460884407e-01 5.627069876011696614e-01 5.649719951401497298e-01 5.472773597030373693e-01 5.670214402407443011e-01 5.563721634404094063e-01 5.730873125990018080e-01 5.710068112931885320e-01 5.703979205706622979e-01 5.589711296176692601e-01 5.639228990631961480e-01 5.726240941326582456e-01 5.638302897563909344e-01 5.680945960321320820e-01 5.694630152029711567e-01 5.686981696209453263e-01 5.530310030822074285e-01 5.656132089949796882e-01 5.625081340093105453e-01 5.691603897141223056e-01 5.619622360925765614e-01 5.713325508815069176e-01 5.688120380553849387e-01 5.703939707081823185e-01 5.673568303992364559e-01 5.718744441651221200e-01 5.708101438219944646e-01 5.706028286700870478e-01 5.671606084144497073e-01 5.731050470196016322e-01 5.668934592886021306e-01 5.733573257988598959e-01 5.716581206613730037e-01 5.756679632899206478e-01 5.709405542026042557e-01 5.751807778899571399e-01 5.734096231050884729e-01 5.758228890539432987e-01 5.753228462946128330e-01 5.758695703084596440e-01 5.752658669424779436e-01 5.711648728785521101e-01 5.703424749762067147e-01 5.707124424718302835e-01 5.599038396687936459e-01 5.679200327324014363e-01 5.692413470434873890e-01 5.764274105622485544e-01 5.674999614438407392e-01 5.712852928820175702e-01 5.724271350792562441e-01 5.730288179600718790e-01 5.669213570738427244e-01 5.659129316894166983e-01 5.702026327716118725e-01 5.713537342612965420e-01 5.720154642398334044e-01 5.748906982803217991e-01 5.693812540016112145e-01 5.712499003814320853e-01 5.698341402083829665e-01 5.726222680413840527e-01 5.671960295635390947e-01
4.402789672212144984e-02 1.436552714601269654e-01 3.801182276945431759e-01 5.804338613983724970e-01 4.434063281280788971e-01 5.361074639734974001e-01 1.000000000000000000e+00 7.096536026719422185e-01 7.404381567399049846e-01 6.776015255106608848e-01 7.522655100506493442e-01 8.025716131826390320e-01 7.286997138372574012e-01 5.856326318082446525e-01 8.414544256426366164e-01 8.145888361739956895e-01 7.588175720157753767e-01 7.393009535549254219e-01 7.464781441309282783e-01 5.832742645335227127e-01 7.512903199643987673e-01 7.598834765651689693e-01 7.432516786854447277e-01 6.952171426435217461e-01 7.205803150394622936e-01 8.210936744756422989e-01 8.018118377474864333e-01 8.133100791705648591e-01 7.486508038573224111e-01 7.760438894486444417e-01 8.122685498246028368e-01 8.127350384688192264e-01 7.856161423999244997e-01 7.828876933813718741e-01 7.836288378754938666e-01 7.975217407053983854e-01 8.028520308480295853e-01 8.273356329742844739e-01 8.265138834584337957e-01 8.287924916381496088e-01 8.204851868565664619e-01 8.260822274160514178e-01 8.247351333331301992e-01 8.324013080667878040e-01 8.266456989375174924e-01 8.351924803719575907e-01 8.100697478324160317e-01 8.070036593139404690e-01 8.130453427615265127e-01 8.029748200122839297e-01 8.181768939302423993e-01 7.917280162912796460e-01 8.057845171444536492e-01 8.074458367230143985e-01 8.147160385264624605e-01 8.255507373819009898e-01 8.017088467309432254e-01 8.183790993634532107e-01 8.142508496801718065e-01 8.103146879004718972e-01 8.169827713232320487e-01 8.134882505260306873e-01 8.166249316180654860e-01 8.127283074863801415e-01 8.083837779899685216e-01 8.128832286727599721e-01 8.087921594604048359e-01 8.111314792594374046e-01 8.129190577644496152e-01 8.026771051859521444e-01 8.179925694225060884e-01 8.109818108343375131e-01 8.044963794914097299e-01 8.017721470165686259e-01 8.308768595109103927e-01 8.189920559086063534e-01 8.207580027094588671e-01 8.090316760114005801e-01 8.280885566130462561e-01 8.183817503133614668e-01 8.177735562139401004e-01 8.147010144216938476e-01 8.205457063630544612e-01 8.250216606012377163e-01 8.221802763157816107e-01 8.107208015713057714e-01 8.177938436725069593e-01 8.325593648500101418e-01 8.277789294693995714e-01 8.242679504411034586e-01 8.358443078237831614e-01 8.240184673047734609e-01 8.249639036786114987e-01 8.282597073602901983e-01 8.114617242994019986e-01 8.082591739834570355e-01 8.233235177132572913e-01 8.092393961002363190e-01 8.128943144664444453e-01 8.228825260125181007e-01 8.184277821826919652e-01 8.198389246718263967e-01 8.150645774894934581e-01 8.161168964204131848e-01 8.146549100558887480e-01 8.090481962995198506e-01 8.081892105845515095e-01 8.089366884568996996e-01 8.208082564062314512e-01 8.134081202470655469e-01 8.226754301529638491e-01 8.104536915858274737e-01 8.100281278302581267e-01 8.110070796693795714e-01 8.144140046653076670e-01 8.107281286913147200e-01
1.246369891200737323e-01 1.598126253268878083e-01 3.665437422357906705e-01 5.965179948577560287e-01 4.331890472345042431e-01 4.356816345460908235e-01 7.096536026719422185e-01 1.000000000000000000e+00 6.948524789905718979e-01 6.105187445464033136e-01 7.122735038115727280e-01 7.501346083876934134e-01 6.838833523653915503e-01 5.161982978146346657e-01 7.508548128258026866e-01 7.783101597002245464e-01 7.154055230435675261e-01 6.797526709273310486e-01 6.981208939714056427e-01 5.589716874389917267e-01 7.073733800279902173e-01 7.209798726978420280e-01 7.025669716985588620e-01 6.474622902992812623e-01 6.531701832416785258e-01 7.729283439710717962e-01 7.559395423700788763e-01 7.592788147777012053e-01 7.381735230681323312e-01 7.504809408661683445e-01 7.476994029938137665e-01 7.622819413824507562e-01 7.531222480632823180e-01 7.419355511498908484e-01 7.436331909962425879e-01 7.447698756218957827e-01 7.445892277332435416e-01 7.761508451610259485e-01 7.722262990877620803e-01 7.616019715364901188e-01 7.564943565081047039e-01 7.564944861199074388e-01 7.556438018534743506e-01 7.672871928712921008e-01 7.696289362510809751e-01 7.684957595794049690e-01 7.413135497934276730e-01 7.387779597676223942e-01 7.527129264441572154e-01 7.584200841521894221e-01 7.669324569543511938e-01 7.449934008018771481e-01 7.496111789273361969e-01 7.589005220963369602e-01 7.682771839291040461e-01 7.699187984666162610e-01 7.689113948670646126e-01 7.624733819491789077e-01 7.675592655434068101e-01 7.425887011398112358e-01 7.516974387564685500e-01 7.558970613063626942e-01 7.736586863585759311e-01 7.607452857463348206e-01 7.479160927678326631e-01 7.657198303373784487e-01 7.386578397533796192e-01 7.405913079112735886e-01 7.484592559266191047e-01 7.444515150766041200e-01 7.544288655368187602e-01 7.497242943797203241e-01 7.385677503738837801e-01 7.367306227309393662e-01 7.674197317413267161e-01 7.548153146419153137e-01 7.537351257248438019e-01 7.560061802629829408e-01 7.674093396361596486e-01 7.503854609396208852e-01 7.518361178770184283e-01 7.465700986977414910e-01 7.626051173842085529e-01 7.599160483936837629e-01 7.614832601996661676e-01 7.512722666064691746e-01 7.463934578628114158e-01 7.682810539952558138e-01 7.601160820743357860e-01 7.599902552533420730e-01 7.643417134040806360e-01 7.533405478851684656e-01 7.578764972677533018e-01 7.569686950356039334e-01 7.431144459863027185e-01 7.386180883110360362e-01 7.641788364440862402e-01 7.636503660060937060e-01 7.516379461019451202e-01 7.576509339298456158e-01 7.488493554069682867e-01 7.640620068851456947e-01 7.541256393484402354e-01 7.510720116220303000e-01 7.553960857536311524e-01 7.631830249260320720e-01 7.457852621465710374e-01 7.398806669189231799e-01 7.574894518232424545e-01 7.460289517251347258e-01 7.593598484898803624e-01 7.442226296505503047e-01 7.443529587088549837e-01 7.507346991066115027e-01 7.541937426606055705e-01 7.527571853313610450e-01
1.055168923941196268e-01 1.755804708470006248e-01 4.013079676283646813e-01 5.537824599819528570e-01 4.557807377602068333e-01 4.935806320415265791e-01 7.404381567399049846e-01 6.948524789905718979e-01 1.000000000000000000e+00 7.530331212379528516e-01 8.082516375987581769e-01 8.479733280833454678e-01 7.723972161493932731e-01 6.107427174125681368e-01 8.506373196460171870e-01 8.496509042630223663e-01 8.230503610541306525e-01 8.028631093332756485e-01 8.128388457360480324e-01 6.475377726142790280e-01 7.845938832383531070e-01 8.280647568071207720e-01 8.167029816786033347e-01 7.645456607358591672e-01 7.907147870246974408e-01 8.466432497713044514e-01 8.565920870784577978e-01 8.530567649498425054e-01 8.183681118793132425e-01 8.497478260868722710e-01 8.756194808627042470e-01 8.619483231786607691e-01 8.191023913737311979e-01 8.369499805762240507e-01 8.447991549291816726e-01 8.333469166435291120e-01 8.648472847476721403e-01 8.625807278152656243e-01 8.724516660831226345e-01 8.333585172664408347e-01 8.735820985700607499e-01 8.692334164068181712e-01 8.549581439550555384e-01 8.764994264050680606e-01 8.756401083784267625e-01 8.701985127485366567e-01 8.801989669156748963e-01 8.813465270945671781e-01 8.809198259491104466e-01 8.512826881526797118e-01 8.722314494172364041e-01 8.430385486933890116e-01 8.730002814824782131e-01 8.860347846497266255e-01 8.841227536832521050e-01 8.833445725469943888e-01 8.745707020631245943e-01 8.823859406045548859e-01 8.796463994419783106e-01 8.808237599096029324e-01 8.825954516327458865e-01 8.812583136048875998e-01 8.803941324138532254e-01 8.830925370926304696e-01 8.795493807914738227e-01 8.842160403796696100e-01 8.777288975267864002e-01 8.807732639894065851e-01 8.815973207004468293e-01 8.761685195990285280e-01 8.838963944446154297e-01 8.839665197640831362e-01 8.699427959389920417e-01 8.704755707362619166e-01 8.869352631474514137e-01 8.834458594642624618e-01 8.831397514639042212e-01 8.809763250734935491e-01 8.796244980591898521e-01 8.860093632370880101e-01 8.832875978771369541e-01 8.844905417401408565e-01 8.857953367304625125e-01 8.808274132287932101e-01 8.767537745215178147e-01 8.744245967939296982e-01 8.792414600145249670e-01 8.810382264550188358e-01 8.840398511335986198e-01 8.848176308109394483e-01 8.758693400554210529e-01 8.820115205550475013e-01 8.832477265598150939e-01 8.807499629101771532e-01 8.814552828637689519e-01 8.792597560834973791e-01 8.761410239372169340e-01 8.810478882968143521e-01 8.846239348919910928e-01 8.795607194385443028e-01 8.757433308993745058e-01 8.860207604475116572e-01 8.845965120359426948e-01 8.825775582551806941e-01 8.818529003325580318e-01 8.843459518471604719e-01 8.833378934759849033e-01 8.822429081136139439e-01 8.852016687206093470e-01 8.816881231197823965e-01 8.813903999678326384e-01 8.834540044787800861e-01 8.806622032069859607e-01 8.858924027297591097e-01 8.826244476894959945e-01 8.865421807064940429e-01
3.292540391923541587e-02 1.851131154416378322e-01 3.475034446880930772e-01 4.668117454884086470e-01 4.246219158439935581e-01 4.703107170091229694e-01 6.776015255106608848e-01 6.105187445464033136e-01 7.530331212379528516e-01 1.000000000000000000e+00 7.345248680297201682e-01 7.691717674471121313e-01 7.149575590471924924e-01 5.829167211568390128e-01 7.883859679528036901e-01 7.669790452766589439e-01 7.422801935913860838e-01 7.254545630555931934e-01 7.423518485031145309e-01 5.682274226754489010e-01 6.883193470430122307e-01 7.257935535754005407e-01 7.541816965324954491e-01 6.918819648644504161e-01 7.250908010947524351e-01 7.525968803685839648e-01 7.756626361347064291e-01 7.777951006007832735e-01 7.266176092799226938e-01 7.589694410247177503e-01 8.098050195735689849e-01 7.936599570525337821e-01 7.374171886203775284e-01 7.620853881734417357e-01 7.745839569452815931e-01 7.622821664319180401e-01 8.012854282058101685e-01 7.790116471892744032e-01 7.992919022880561331e-01 7.665496764334133184e-01 8.147904283917235535e-01 8.052072596857626774e-01 7.904018782405587418e-01 8.082896116457219948e-01 8.024593818435585835e-01 7.955591071504807266e-01 8.234764852934834956e-01 8.271075888326380188e-01 8.160812445785498026e-01 7.689106337047038053e-01 7.923519287830569358e-01 7.706428212753140272e-01 8.040832860403269722e-01 8.176479144497801332e-01 8.072224579823635837e-01 8.137427140598114672e-01 7.929863388998645846e-01 8.106949416595075064e-01 8.028045146970816948e-01 8.238737075972544233e-01 8.177303510769136086e-01 8.139834729045563044e-01 8.050612101511462892e-01 8.106734343891111028e-01 8.152723697845470907e-01 8.103390484538215421e-01 8.230859390612450532e-01 8.185806475409995731e-01 8.202561797387779574e-01 8.068136984325409156e-01 8.165920324602998770e-01 8.140747064561995039e-01 8.069667727317173522e-01 8.040294890764829727e-01 8.168483513135034180e-01 8.180572937173926640e-01 8.168097709382116101e-01 8.099798226484721253e-01 8.069149799460375583e-01 8.201758478968230737e-01 8.177476697729512134e-01 8.243042968894175315e-01 8.188811662723156637e-01 8.166094849981935244e-01 8.083347037612170771e-01 8.118943476647835222e-01 8.218718095213545238e-01 8.121927129169764781e-01 8.199173904976045923e-01 8.190360648942848210e-01 8.108430142034334098e-01 8.212105320247370388e-01 8.193834383134933619e-01 8.198768526478957819e-01 8.240407905452447057e-01 8.253273105386343955e-01 8.066721046774972814e-01 8.045586002531387448e-01 8.220906084771752997e-01 8.139003738311998415e-01 8.185745814838673029e-01 8.176111112102046885e-01 8.190680847288248634e-01 8.228943055206864310e-01 8.160821422525780244e-01 8.122816623446360573e-01 8.232495847267490285e-01 8.240304120526246168e-01 8.219534510515840164e-01 8.241524652422073105e-01 8.184542925614559650e-01 8.253039726710088564e-01 8.241608772567193819e-01 8.226461171181921328e-01 8.210460903612996075e-01 8.225086706304111095e-01
6.634951112441278553e-02 1.766821939834574973e-01 4.056940773251576093e-01 5.964129974947074420e-01 4.468425990917759827e-01 5.230873663100290560e-01 7.522655100506493442e-01 7.122735038115727280e-01 8.082516375987581769e-01 7.345248680297201682e-01 1.000000000000000000e+00 8.581076075741771447e-01 7.656047987760398188e-01 6.182241549247864398e-01 8.595689820938396952e-01 8.472446102426522963e-01 8.217498916400012288e-01 7.999415483645918590e-01 8.119440598276984611e-01 6.304604830765103696e-01 7.809201443641818896e-01 8.207141683267566989e-01 8.057862491814973271e-01 7.628145058803476042e-01 7.894496627045864967e-01 8.411479599845990140e-01 8.555539850198036200e-01 8.579327716254927516e-01 8.091156420394278737e-01 8.551844891212624367e-01 8.844026999248382204e-01 8.707616841170199296e-01 8.383423071128754955e-01 8.508203189977534553e-01 8.591030929782019765e-01 8.461384267293367012e-01 8.757571668951042998e-01 8.740290111704612785e-01 8.856141474318182105e-01 8.563722406153497779e-01 8.836207851195349017e-01 8.791298810086360938e-01 8.742323385783995482e-01 8.913116293944324253e-01 8.843012153967713118e-01 8.814918030581678776e-01 8.832099246194375919e-01 8.844678771224037117e-01 8.823863185004054976e-01 8.587603630595435078e-01 8.779201991727978438e-01 8.539483845236311987e-01 8.767514605269519645e-01 8.831841360532236562e-01 8.839541459521409461e-01 8.862587955906081616e-01 8.701993303019817105e-01 8.839594058327511217e-01 8.808931680568709011e-01 8.852331332897933613e-01 8.876739136109143002e-01 8.861610814306848383e-01 8.828479010520949855e-01 8.851199976311259210e-01 8.829421055738881918e-01 8.864577778690651000e-01 8.849159754950886025e-01 8.868191901678882383e-01 8.886856682978115929e-01 8.782212404760060265e-01 8.866525587100999584e-01 8.860323542930313989e-01 8.772933547865845449e-01 8.742863735856010177e-01 8.923108521907078261e-01 8.914805317445961830e-01 8.896994529427937337e-01 8.839082473518780070e-01 8.878872146370433427e-01 8.898232053726793378e-01 8.903424169457005988e-01 8.896641703724726957e-01 8.927026382211119548e-01 8.930559832652995578e-01 8.885397344642274042e-01 8.849785091692640160e-01 8.892964969845649215e-01 8.916091000641502839e-01 8.935375359951562846e-01 8.914203265338723758e-01 8.892408518913020865e-01 8.906170541368041427e-01 8.916866161390161194e-01 8.912661937345011109e-01 8.885293343800639843e-01 8.868408370449992750e-01 8.850778846999627358e-01 8.836729503734503943e-01 8.885545887653216734e-01 8.878573529007923737e-01 8.864624632606258325e-01 8.909988749367953043e-01 8.896574753400386948e-01 8.904526735078879263e-01 8.898817610418521262e-01 8.867414901350052503e-01 8.865460863639559319e-01 8.883346203391271345e-01 8.913262239644069718e-01 8.891331832108466671e-01 8.903609131619493189e-01 8.887200862643880317e-01 8.871237139710719255e-01 8.895291952990400652e-01 8.887930921374743720e-01 8.902352496273686633e-01
5.938460541464875980e-02 1.799811739298214364e-01 4.196422437554361839e-01 6.436822395240388017e-01 4.776322513389048563e-01 5.433096589375645546e-01 8.025716131826390320e-01 7.501346083876934134e-01 8.479733280833454678e-01 7.691717674471121313e-01 8.581076075741771447e-01 1.000000000000000000e+00 8.175742194491955050e-01 6.633522453092182136e-01 9.065635236379931960e-01 9.021133722657618259e-01 8.668443488425261467e-01 8.254184889755891152e-01 8.458811815116168420e-01 6.506576188628385715e-01 8.125120301642538845e-01 8.621956775201813361e-01 8.463958289899461418e-01 7.942019009989038647e-01 8.194997676696755828e-01 9.001857420828152101e-01 9.089346949120519215e-01 9.051009077183093110e-01 8.532456569109260203e-01 8.908328242636813776e-01 9.218078815847761120e-01 9.150957356699120915e-01 8.818816087567089568e-01 8.894394244346631728e-01 8.967963362123612114e-01 8.891005221043443152e-01 9.132587379919153703e-01 9.191855848984202826e-01 9.287728405031475676e-01 9.072134070482251733e-01 9.266796825583927255e-01 9.270858835228017458e-01 9.205462136678564944e-01 9.351782035024667206e-01 9.319191559391333257e-01 9.271021825964362861e-01 9.259173841116566939e-01 9.262679577284678167e-01 9.267901379977818710e-01 9.038034616750058037e-01 9.229785082059194234e-01 9.086223970643860781e-01 9.249369719601973072e-01 9.286222237668416701e-01 9.288298655366281631e-01 9.315170821598107720e-01 9.198431551523345018e-01 9.293342382268408031e-01 9.259511535482175537e-01 9.277395201807294711e-01 9.310068671125306672e-01 9.299372270361068171e-01 9.283990532638458637e-01 9.272273160344989273e-01 9.268911162339835696e-01 9.331356512421919991e-01 9.265342966236538302e-01 9.261499653659198694e-01 9.286059305449599899e-01 9.155966555911553284e-01 9.282674144721074772e-01 9.261635056034293045e-01 9.180802709286610686e-01 9.135271297548254177e-01 9.385884765446553812e-01 9.342976531918708583e-01 9.340787783258127641e-01 9.236107966209465836e-01 9.324819226871159383e-01 9.303801702162161069e-01 9.318740389320738782e-01 9.307567831740307662e-01 9.342725015132162802e-01 9.336801479146431548e-01 9.308211836755464486e-01 9.276663429500180413e-01 9.327342216461851354e-01 9.352570351711391172e-01 9.368460662834389163e-01 9.344605185742620446e-01 9.346075685460931703e-01 9.346658952324990999e-01 9.357103910104013211e-01 9.359141184691011084e-01 9.290932430992611124e-01 9.270633908669280165e-01 9.310032268104363462e-01 9.264214420034855291e-01 9.321036786060993284e-01 9.309706315988582892e-01 9.302461364993890314e-01 9.350709763846274392e-01 9.335806931265822062e-01 9.331514778622578277e-01 9.345785202313041662e-01 9.302861044716406180e-01 9.291142486274354129e-01 9.273987342001803746e-01 9.344022166591176015e-01 9.306011923187591517e-01 9.336429606796595726e-01 9.309531748761066261e-01 9.295601200400046560e-01 9.317319036415663280e-01 9.318234859396387071e-01 9.340252961515372876e-01
4.341404195270922445e-02 1.705370311462108546e-01 3.543256623723680110e-01 5.325180126658000113e-01 4.654593977058590348e-01 4.765135188971709734e-01 7.286997138372574012e-01 6.838833523653915503e-01 7.723972161493932731e-01 7.149575590471924924e-01 7.656047987760398188e-01 8.175742194491955050e-01 1.000000000000000000e+00 6.149119600793236939e-01 8.295195227894629486e-01 8.273254509636861487e-01 7.909332270866222814e-01 7.660915477481001767e-01 7.781086279220293944e-01 6.183093707385962645e-01 7.336749120702227289e-01 7.854959420257905389e-01 7.871363231535303262e-01 7.347559563044155917e-01 7.611036761730270994e-01 8.074558823018724851e-01 8.203076354632352629e-01 8.199066968641426367e-01 7.824683907928224880e-01 8.030334031409233075e-01 8.440188514027937572e-01 8.424436927784526574e-01 7.932449261720710965e-01 8.149211540917142838e-01 8.231317046165879114e-01 8.195765040127800383e-01 8.409366465724569251e-01 8.397819645928125132e-01 8.519854930827317485e-01 8.241887801687538539e-01 8.521787645498556385e-01 8.567968379674445467e-01 8.495005800006358854e-01 8.578504552067746092e-01 8.448396058932662323e-01 8.457366305047570032e-01 8.564601430894861478e-01 8.554771720627889486e-01 8.545906188884396792e-01 8.320324632381925767e-01 8.459362481877493734e-01 8.321465352187126241e-01 8.461535911991422410e-01 8.539864188186706562e-01 8.515784711556151354e-01 8.537391080193214021e-01 8.410229256097727646e-01 8.553511280676605599e-01 8.484082704263811170e-01 8.553645300802465989e-01 8.597636046447110214e-01 8.512017082730791717e-01 8.522983486328025160e-01 8.523358614877980521e-01 8.508956829147944489e-01 8.502592388482460573e-01 8.552010336144320046e-01 8.541794673808502658e-01 8.586567088224843491e-01 8.456300024751046696e-01 8.541184506132782905e-01 8.539545694161662093e-01 8.445224973728092666e-01 8.447540455877053933e-01 8.577511897159418863e-01 8.566717591953002531e-01 8.551986656403544051e-01 8.461440676048780363e-01 8.514184631112499124e-01 8.547388888173463872e-01 8.547923515556827834e-01 8.566018603806174747e-01 8.582460348561887775e-01 8.554455319696986360e-01 8.540322493802190440e-01 8.546897699271075455e-01 8.577629515255515980e-01 8.575128548715584831e-01 8.597757217677969299e-01 8.595372450425038391e-01 8.547976444869486157e-01 8.604197871406387144e-01 8.592359318983820993e-01 8.584893487573883597e-01 8.553807184687427512e-01 8.552982840245575424e-01 8.567063144172408773e-01 8.505778006740561947e-01 8.589983009463237895e-01 8.556555575221342913e-01 8.598043834711754929e-01 8.581008392816978914e-01 8.584470254958149749e-01 8.588791658176913035e-01 8.590947301653401036e-01 8.502066165299874134e-01 8.561367876129561960e-01 8.564161038818963734e-01 8.603800651767706809e-01 8.547477648212817858e-01 8.564576412813178496e-01 8.571160391898836606e-01 8.538963324278164846e-01 8.575893744745676228e-01 8.569426327973383994e-01 8.570614054090874845e-01
