1.000000000000000000e+00 2.573963908991500071e-01 1.458085279466770634e-01 -6.600129458895633017e-03 -2.370105014358414152e-03 -2.219021656798052852e-03 -1.603549685012119891e-02 -4.357074591531535403e-03 1.295188012454267512e-01 1.198970278616834778e-01 7.233724745237453402e-02 -9.195748973793143460e-03 3.696410269244335134e-02 -2.951431489982487069e-02 -1.739439314682269741e-02 1.641286906210959184e-02 1.096531191020262419e-01 2.609513453601133848e-01 1.975398585870361823e-01 2.358552182873209502e-01 2.552421564616368377e-01 1.813777735927566692e-01 2.340173490366250220e-01 2.197445011739505849e-01 1.831624471023970691e-01 1.461117790983648967e-01 1.346201049667694882e-01 1.474882969473797212e-01 1.700556912661804199e-01 1.603786749322664296e-01 1.292206388440115816e-01 1.117804063842745971e-01 1.399169600746660302e-01 1.480805149391766773e-01 1.355623847530684489e-01 1.546062834796837482e-01 1.101749801020514286e-01 8.415327210822667880e-02 8.950482506480456069e-02 6.609765128181988025e-02 4.096425905105746668e-02 3.453235923930134121e-02 6.380341026046316977e-02 3.017994661683114435e-02 9.170451730799836221e-02 5.168195971008549688e-02 1.332955428095491772e-02 2.521667977078269687e-02 1.272613523067562050e-02 4.972212571243267432e-02 6.850178876124347893e-02 4.626954875731934674e-02 3.160295794585815665e-02 5.829344747910312347e-02 6.084519370389995796e-02 9.263588919897092211e-02 5.980402719229108155e-02 4.521433555895604944e-02 6.957524778632707962e-02 3.826140864744621839e-02 4.327848799994567230e-02 5.653844164208778056e-02 4.313569371170558608e-02 3.915496010337832233e-02 6.473002130318143699e-02 6.182970040700168368e-02 3.779330791351710739e-02 7.854027335575598789e-02 8.442296592750565820e-02 1.226598784864036812e-01 7.767959446303697446e-02 7.495060399967025389e-02 1.045394916072995561e-01 8.768024064289808850e-02 5.842583187659852739e-02 4.810288371863980644e-02 3.727198204819767019e-02 8.576844698821840807e-02 4.140834674150635497e-02 6.425227932190830105e-02 6.769770436654208579e-02 5.549272062138235068e-02 7.666311849334438155e-02 6.361567410509681719e-02 3.754374860155311466e-02 6.571532607041029317e-02 6.603222044488446518e-02 3.568742175995358312e-02 3.493649636606870057e-02 6.386142254336410473e-02 4.087638038550591574e-02 1.776786109176994519e-02 3.052299538010405308e-02 2.725444100567632824e-02 5.598171188120050663e-03 1.399538020686892648e-02 3.013981712891391357e-02 3.104118014476623874e-02 2.273912828709485565e-02 2.884669938526497959e-02 3.241319232901002101e-02 2.994326299982908238e-02 1.912145732542373799e-02 1.278458691852812738e-02 3.491700077744958053e-02 4.558911858192606775e-02 1.283697877837364394e-02 2.778178018573032593e-02 4.383459216596381769e-02 2.319574933092053565e-02 3.802489432330953545e-02 2.132914413316861976e-02 3.049227190092225134e-02 2.278726095262531212e-02 4.394604352969985056e-02 2.634824251508685947e-02
2.573963908991500071e-01 1.000000000000000000e+00 1.842322533355569836e-01 1.039213943547864782e-01 1.061005327521537395e-01 8.866139357363909956e-02 1.230692631264914821e-01 1.098066620186501224e-01 2.370954403667004662e-01 2.363334996674636423e-01 1.896343896028193365e-01 1.598757765519933649e-01 1.703972061490679479e-01 6.189242426192925750e-02 1.234698250831051114e-01 1.617124164300349776e-01 2.135138154038922487e-01 3.198383300970926713e-01 2.767325416665463722e-01 2.587399499395729996e-01 3.181373198345292530e-01 2.797879334142525098e-01 3.101117562815683959e-01 2.770737081076609654e-01 2.797357727881612521e-01 2.515244898575360599e-01 2.590722794065932755e-01 2.631836113976827596e-01 2.679412878229907036e-01 2.786805589249155557e-01 2.597295914395625349e-01 2.234346164016706993e-01 2.334378086628259297e-01 2.357166341733592796e-01 2.334039826760183345e-01 2.534376270395897190e-01 2.329825707667929902e-01 1.953930586281130422e-01 2.094589586820669314e-01 1.855734475633445957e-01 1.775600155950834425e-01 1.715770900777045527e-01 1.899423809183471978e-01 1.704802102700100908e-01 2.196163017439367038e-01 1.888719595905583859e-01 1.594859431133784922e-01 1.655256810307491888e-01 1.544334424163200936e-01 1.628714992252935090e-01 1.902141156775137842e-01 1.759237170546943951e-01 1.744561181693518315e-01 1.946189166156498673e-01 1.938492192373411915e-01 2.167889345095608822e-01 1.922454360511544613e-01 1.782855089479813415e-01 1.916487245854472943e-01 1.789275646661743491e-01 1.822614265079113838e-01 1.888076987356173131e-01 1.736547295831556426e-01 1.764356555536750193e-01 1.963452353880242029e-01 1.972066913887009221e-01 1.710395250695465330e-01 2.013619761897732785e-01 2.127912961522727964e-01 2.312522931275372562e-01 2.086096584314628133e-01 2.085219148863242389e-01 2.169208362278223778e-01 2.176547420008405065e-01 1.961632638330302325e-01 1.870496710417539066e-01 1.792818690281820782e-01 2.143479129703152741e-01 1.838247416010063140e-01 2.032484271732236947e-01 2.022405801403895920e-01 1.958413143377846777e-01 2.061310599420322909e-01 1.978647527454228394e-01 1.641577528273930886e-01 1.896695378519520359e-01 1.954890252111482485e-01 1.682888807927510055e-01 1.738553443802302867e-01 1.966365657388928767e-01 1.768957685318677808e-01 1.626344712109872581e-01 1.704735027925686763e-01 1.695282416952535176e-01 1.481847853655669511e-01 1.549766785668308666e-01 1.587690348460886192e-01 1.623485114432334231e-01 1.625710147505435021e-01 1.676376497043748082e-01 1.720429453288868371e-01 1.647727944430656677e-01 1.587971986852984296e-01 1.585261858537895807e-01 1.678086994759905581e-01 1.841537118057740841e-01 1.560575450654604068e-01 1.666882202072236252e-01 1.789082001718243775e-01 1.674232429927634269e-01 1.760413112935404756e-01 1.647640094955125090e-01 1.690614497341010047e-01 1.642822702555381542e-01 1.805402497152661934e-01 1.655670242073663811e-01
1.458085279466770634e-01 1.842322533355569836e-01 1.000000000000000000e+00 3.709774030523660948e-01 2.002074516200100518e-01 2.187886016391628885e-01 3.000209377417245027e-01 2.991860354659747756e-01 3.866111930181356793e-01 3.276242365093342546e-01 4.223211055194013852e-01 4.147783282604909361e-01 3.356804460900247866e-01 2.474827174958664222e-01 3.538440122614343042e-01 3.795219574781674710e-01 3.859017727193978509e-01 4.154429981977756925e-01 4.295139516678672664e-01 3.904878098661583308e-01 4.279516655517383583e-01 4.497923596721923878e-01 4.105659883519060527e-01 4.312076092569022134e-01 4.483050000973947680e-01 4.349573888348648998e-01 4.637132437858656475e-01 4.607357642438491552e-01 4.454338622716125240e-01 4.610645031778604075e-01 4.596534639016929824e-01 4.322674545737631435e-01 4.233006994774078935e-01 4.322817958802815941e-01 4.423784222060345162e-01 4.364385078205840762e-01 4.238239202771275638e-01 4.061364259963833878e-01 4.171200555589625325e-01 4.021900126149762222e-01 4.041647126199152118e-01 3.998334479837648558e-01 4.125146220253408935e-01 4.043440780154154424e-01 4.294607995652283683e-01 4.072449164477123795e-01 3.781077413727554348e-01 3.808775301278626291e-01 3.779418756104005461e-01 3.943185636295454266e-01 4.147967402148279858e-01 4.076460080112978002e-01 3.949167800246736748e-01 3.882050014665004434e-01 3.866255045301844051e-01 4.102754039789707763e-01 3.984116664873761926e-01 3.965681684409486096e-01 4.006543948059144156e-01 3.963758592849618845e-01 4.053409035121087189e-01 3.926536604145982046e-01 3.894359311696222736e-01 3.996360190217738695e-01 4.055621458425693326e-01 4.100198643154374101e-01 3.859794599500266932e-01 4.193917963113460434e-01 4.250830807156314450e-01 4.330604195016496405e-01 4.338695125329811164e-01 4.346932627076134370e-01 4.243484992991580773e-01 4.413170526757275725e-01 4.133563830115626891e-01 4.145549685132409734e-01 4.020295796217930318e-01 4.166081752625048762e-01 4.057628041734412938e-01 4.270798299869206782e-01 4.218283581549328032e-01 4.253265370318291549e-01 4.068079156380322581e-01 4.143620012976159117e-01 3.924760404921567858e-01 4.069678972173226827e-01 4.128229829179801968e-01 3.920075890538325947e-01 3.958345842552833949e-01 4.032249204464797843e-01 3.998846570112017940e-01 3.918525406381958565e-01 4.006056466700071983e-01 3.938246146296575101e-01 3.745529667777345861e-01 3.763067717195773820e-01 3.897154644522756173e-01 3.840080511162224930e-01 3.837723001557891145e-01 3.914998188215225161e-01 3.986986884901824735e-01 3.858545236536293221e-01 3.892131704308388063e-01 3.869933358763360531e-01 3.982709726946718209e-01 3.913699901136498682e-01 3.777592610577952814e-01 3.793251827434667711e-01 3.879454150140277391e-01 3.840424560201925464e-01 3.878212843378933683e-01 3.857209043675064453e-01 3.824155211870063353e-01 3.841459331439584513e-01 3.942241070464224673e-01 3.880188877644412115e-01
-6.600129458895633017e-03 1.039213943547864782e-01 3.709774030523660948e-01 1.000000000000000000e+00 3.527224827716539113e-01 3.608535389012829664e-01 5.583783135586231072e-01 5.136199179821643312e-01 5.148641469671003668e-01 4.842582064343075032e-01 6.006242268659950367e-01 6.651599116223766428e-01 5.330999050183906629e-01 4.154375729963741271e-01 6.030162728090048274e-01 5.822697162197768561e-01 5.078644327282730853e-01 3.920112240308704088e-01 4.661839604283866678e-01 4.084212065297974092e-01 4.479514474346396602e-01 5.296232504650371098e-01 4.313244156479353331e-01 4.473109837193340876e-01 4.972231556826121057e-01 5.604606551785116242e-01 6.097406932788421718e-01 5.889973831727283171e-01 5.517024200015945290e-01 5.770617597700162804e-01 5.804340141126956842e-01 5.676226638348629283e-01 5.176943983832907881e-01 5.137785990425166593e-01 5.232661750151196278e-01 5.464956125678207544e-01 5.481356729729154331e-01 5.646602370983178076e-01 5.690714576292253968e-01 5.798942733177719910e-01 6.021015955873987302e-01 5.951504764259125668e-01 5.991234089129729989e-01 6.120497619249463117e-01 6.038056483967552124e-01 5.919894724878399517e-01 5.851668310856218413e-01 5.726652577822164414e-01 5.849604511194373968e-01 5.732138157713332349e-01 5.914894668644482545e-01 5.944730697882585346e-01 6.012382550414278048e-01 5.593448998359723534e-01 5.497333652994766950e-01 5.751926939831434327e-01 5.779620133983359720e-01 5.860527725364139684e-01 5.625349660618724768e-01 6.017216395280914343e-01 5.940143246882614303e-01 5.731890730098565534e-01 5.687569210241358864e-01 5.992506427397474855e-01 5.808690395595239586e-01 6.009603813469348577e-01 5.770065487120557002e-01 5.682391596605382844e-01 5.827913226621205256e-01 5.712667530212029998e-01 5.940830331406579123e-01 5.942751958317670224e-01 5.611239012674449356e-01 5.906999615964142469e-01 6.037550160509682629e-01 6.046984937523375292e-01 6.024259216754579427e-01 5.904539811955014095e-01 6.034826261464122377e-01 6.001691406456235445e-01 5.779115909407077645e-01 6.036492092718939162e-01 5.812083989649687865e-01 5.805094430515300719e-01 5.728144138638838756e-01 5.703305423738622704e-01 5.837050128749738942e-01 5.860889497905585888e-01 5.841245795956205855e-01 5.829560166681269084e-01 5.992576579501975864e-01 6.015437649469148607e-01 5.973180310304115892e-01 6.003764524224557420e-01 5.818156596836066008e-01 5.778363003152201527e-01 5.901346014140377294e-01 5.757607781993632212e-01 5.815323773151951370e-01 5.943385240058883801e-01 5.988099764198020480e-01 5.743401410427116938e-01 5.958004126484224283e-01 5.999391804901521574e-01 5.944433220101577042e-01 5.734908261177370514e-01 5.840230983309964152e-01 5.722857781224659490e-01 5.691717211183391356e-01 5.847336312326645302e-01 5.744377876415114326e-01 5.888059777306996478e-01 5.748613361792539456e-01 5.849792449214196166e-01 5.815860629030249473e-01 5.897045342344453545e-01
-2.370105014358414152e-03 1.061005327521537395e-01 2.002074516200100518e-01 3.527224827716539113e-01 1.000000000000000000e+00 3.197266116824124538e-01 4.988249737343243284e-01 4.911046412574186504e-01 4.435249347306581824e-01 4.403082992684685948e-01 4.709607829809235868e-01 5.113955812631322262e-01 5.051967822878641323e-01 3.713542203095726024e-01 5.223691409853248313e-01 5.316972505826413897e-01 4.443932447614851178e-01 3.273186148579715904e-01 3.641310801700556876e-01 3.149478521184459479e-01 3.327374682659339777e-01 3.720610587863392715e-01 3.567504763610007679e-01 3.572112614126269348e-01 3.714667458593683413e-01 4.708635250702281061e-01 4.669993362043783902e-01 4.684707765702466609e-01 4.235621663251950553e-01 4.267866250198641964e-01 4.631858000563177646e-01 4.772011915167713725e-01 4.437617121950236387e-01 4.495208094189852011e-01 4.440747237700413130e-01 4.717868147021597180e-01 4.666465969951333892e-01 5.012752136149229987e-01 5.002965594430816010e-01 5.028132331574074465e-01 5.155630712638558100e-01 5.209552704260903555e-01 5.258964432618445928e-01 5.259041383244875689e-01 5.035781620760186872e-01 5.139863929867319881e-01 5.186155588911434133e-01 5.120485764519150385e-01 5.211641275725854561e-01 5.001831243454135656e-01 5.232056718744589885e-01 5.112384650752799242e-01 5.171611904589665798e-01 5.090816169541046987e-01 5.066816087000299840e-01 4.999940329724284482e-01 5.192478041656738430e-01 5.222524470300941024e-01 5.098120703978790136e-01 5.276065393041257101e-01 5.315528901392843064e-01 5.148703329289535668e-01 5.164003032028998685e-01 5.264204440416498931e-01 5.094568366288254602e-01 5.255892919390159346e-01 5.095828778209272603e-01 4.984073776556579016e-01 5.037100255672649629e-01 4.805167915751463181e-01 4.903680589520840183e-01 4.966620470072891091e-01 4.832269346061167092e-01 4.871960407010865191e-01 5.185125764239428836e-01 5.156388394352879878e-01 5.181261841706044091e-01 5.004416133576605752e-01 5.131044309193306674e-01 5.028182825087197383e-01 4.999335213261463795e-01 5.071176772505892050e-01 5.035133028626280760e-01 5.011327952852167034e-01 5.056179704696343036e-01 5.010627277807092605e-01 5.067883920127990161e-01 5.177822688078167479e-01 5.154407729035009877e-01 5.117675476701086801e-01 5.207656800279671927e-01 5.240355198178283658e-01 5.169675395983128752e-01 5.206837927378697994e-01 5.181335179629432686e-01 5.162864851372678254e-01 5.268636461889062428e-01 5.157642384440492833e-01 5.239619587690893532e-01 5.260284164627458958e-01 5.299548654468634323e-01 5.166965127707408012e-01 5.212856459168233592e-01 5.277815309832226687e-01 5.209320253013152158e-01 5.178938007479889638e-01 5.197817707580140167e-01 5.160221782142642155e-01 5.170735828345486285e-01 5.201532619791041645e-01 5.158432944891339078e-01 5.224654385987441696e-01 5.168586904699021822e-01 5.196042395453637219e-01 5.111712684054169342e-01 5.212146949576004218e-01
-2.219021656798052852e-03 8.866139357363909956e-02 2.187886016391628885e-01 3.608535389012829664e-01 3.197266116824124538e-01 1.000000000000000000e+00 4.789931436907987061e-01 4.618663399329189789e-01 4.879953626414569312e-01 4.562187449428238839e-01 5.001236180618027216e-01 5.441146049491062398e-01 5.026767489532322220e-01 3.791839290333408607e-01 5.409195767645984532e-01 5.393662307995062966e-01 4.936094791127595416e-01 3.692807818120991681e-01 4.133299903535790354e-01 3.471523306364132644e-01 3.550787050290972746e-01 4.150892925812743051e-01 3.951117587100221873e-01 4.009880512596152302e-01 4.125019382264283885e-01 4.826294675902997322e-01 5.113958865424585998e-01 5.019083869674114684e-01 4.692072825169542605e-01 4.790552228212800467e-01 5.129450579860131976e-01 5.246895221299772150e-01 4.928353278055291331e-01 5.028545102252458543e-01 4.961022488253825080e-01 5.024052310023835455e-01 5.132164598191577554e-01 5.360000810578179342e-01 5.366545932239021877e-01 5.328290346904164254e-01 5.521616459864446824e-01 5.502126363584153301e-01 5.380201274722068439e-01 5.560196043857503767e-01 5.351967292634800533e-01 5.545746428238356174e-01 5.571975420401629187e-01 5.549583068262190499e-01 5.652870172858021069e-01 5.407675780135400290e-01 5.464024350355827231e-01 5.319754017276685509e-01 5.499390179688858904e-01 5.451147525786238512e-01 5.435149318919605399e-01 5.317224225467982457e-01 5.499439016953698856e-01 5.557039149141160816e-01 5.483124667269478891e-01 5.577495593027238519e-01 5.569334178360797472e-01 5.550464175334582917e-01 5.504677843596036402e-01 5.548080012119129822e-01 5.462419664352804460e-01 5.547417244278021187e-01 5.566287907594099638e-01 5.464315744118842799e-01 5.510276614834432873e-01 5.276358769465295806e-01 5.314210296440214920e-01 5.426400426928158494e-01 5.310440874819103430e-01 5.279999874962052475e-01 5.560707698032980595e-01 5.583999959812571134e-01 5.548111620075318884e-01 5.414843638662715231e-01 5.579692969961329574e-01 5.497598245254468052e-01 5.461501992774038250e-01 5.541809141563603935e-01 5.455704444653249885e-01 5.485275231380640770e-01 5.569167369499304909e-01 5.516055169184832518e-01 5.492376700212199259e-01 5.597287405573571073e-01 5.621201544199968536e-01 5.489825906774625786e-01 5.559341330312188578e-01 5.634031522638038858e-01 5.590552140475216758e-01 5.632933747834586447e-01 5.609132234457672173e-01 5.609812769880425654e-01 5.602776149341747169e-01 5.573002193963094708e-01 5.620152596733035688e-01 5.626764888565664036e-01 5.640078527996034152e-01 5.587431690815145569e-01 5.607902817671203133e-01 5.626100256427123414e-01 5.606185147032448635e-01 5.524758538192025004e-01 5.612908305192771952e-01 5.565152645837038170e-01 5.547325552171139540e-01 5.621724676336289361e-01 5.595316291210944426e-01 5.602972125472334142e-01 5.599449089703856242e-01 5.630110258258196332e-01 5.561434042514353804e-01 5.599550877512917690e-01
-1.603549685012119891e-02 1.230692631264914821e-01 3.000209377417245027e-01 5.583783135586231072e-01 4.988249737343243284e-01 4.789931436907987061e-01 1.000000000000000000e+00 7.118049289432776261e-01 7.056396511534447358e-01 6.844552246838845333e-01 7.367668744828653749e-01 7.868912161489187707e-01 7.369548991629077950e-01 6.064301827198911310e-01 8.365826918910476140e-01 8.023139593842624206e-01 6.704444692409190498e-01 4.754847961567463810e-01 5.568160403681672310e-01 4.447394797546433409e-01 4.681834419150217030e-01 5.580946940423577862e-01 5.242180187644318590e-01 5.231955903297224042e-01 5.628763342431929440e-01 6.841587485357281118e-01 7.258843466680059420e-01 7.328622038951265738e-01 6.565442416379693169e-01 6.662102713530270170e-01 7.300327144248791589e-01 7.446343466886171658e-01 7.000819859326905537e-01 6.942874695131551199e-01 6.981154529222777239e-01 7.100533844683905027e-01 7.343279629166100664e-01 7.801887771603566168e-01 7.737836297808072805e-01 7.729856768323752902e-01 7.992822196557369807e-01 8.060955808479063345e-01 7.741049260995944703e-01 8.185152948613271251e-01 7.745891711221138953e-01 8.004442181103889054e-01 8.118627333446645222e-01 8.096419266041401386e-01 8.137009468337613738e-01 7.732382937149040458e-01 7.941728753148450393e-01 7.621433512372991492e-01 8.034892868849899950e-01 7.932923630191274222e-01 7.809905312925293774e-01 7.631926105366196866e-01 8.005635373571050595e-01 8.025974721716450100e-01 7.911542268358661145e-01 8.134967082029987973e-01 8.024660481854293259e-01 8.050741242898534766e-01 8.014184441270636450e-01 8.081388751606415344e-01 7.830820094840564849e-01 8.028265712958995159e-01 8.028952610749472418e-01 7.747791122365808025e-01 7.830648034919541756e-01 7.325556524408626258e-01 7.608602687103674933e-01 7.740010242308849042e-01 7.472978531291516457e-01 7.546916372042676846e-01 8.017868696758659874e-01 8.082454796687679188e-01 8.128287811056407186e-01 7.792851645409905048e-01 8.024132103243895031e-01 7.895219998124024530e-01 7.885534638578164390e-01 8.036255549292707911e-01 7.854182649019632034e-01 7.906492771256046215e-01 7.996263958326708110e-01 7.857382170446798320e-01 7.965339481473360239e-01 8.138425551778911693e-01 8.103669192934018772e-01 7.921132236137946592e-01 8.099684999120023710e-01 8.208119110634566340e-01 8.111646723421868099e-01 8.166074693426368380e-01 8.166801359865237808e-01 8.161851887740010358e-01 8.071097370255526648e-01 8.070517822132239338e-01 8.101821792702632585e-01 8.121952362772685285e-01 8.094217465650253018e-01 8.103663678937960135e-01 8.145269020612405653e-01 8.192339401320060110e-01 8.044390646519464783e-01 8.074397421931430729e-01 8.201328822179475564e-01 8.104509281624290296e-01 8.024180691051648884e-01 8.150835474361894928e-01 8.073248065592905087e-01 8.158524732477844266e-01 8.130611065440500607e-01 8.155513689028799362e-01 8.015072664330258334e-01 8.138007330195801137e-01
-4.357074591531535403e-03 1.098066620186501224e-01 2.991860354659747756e-01 5.136199179821643312e-01 4.911046412574186504e-01 4.618663399329189789e-01 7.118049289432776261e-01 1.000000000000000000e+00 7.045335688488120196e-01 6.572672174230759223e-01 7.205495047038463774e-01 7.751340568120701491e-01 7.240228082908344298e-01 5.725322516196242884e-01 7.930844835660170178e-01 8.009544459483637358e-01 6.631988604093237427e-01 4.953749644964905996e-01 5.680140703139979763e-01 4.583675080079317454e-01 5.005790649040217088e-01 5.665441723154467368e-01 5.468169425561973940e-01 5.444513783472436641e-01 5.758029869893811492e-01 6.923616206453595545e-01 7.170982599407580427e-01 7.253613570344040751e-01 6.695919190322608960e-01 6.830249179634222401e-01 7.245758921804806851e-01 7.415087298133586913e-01 7.095194906220604336e-01 7.106236455343382108e-01 7.148840067390513919e-01 7.126522405793777049e-01 7.408331619645173172e-01 7.834140420806590122e-01 7.825338296360895285e-01 7.717487474571749217e-01 7.936762866005779848e-01 8.023169857766222490e-01 7.810903473953704212e-01 8.069752525675732979e-01 7.673873187727385803e-01 7.980874289322109627e-01 8.070391090533748368e-01 8.013522421357008874e-01 8.037415760874103698e-01 7.717678696637665370e-01 7.911738764872264795e-01 7.507489936437348188e-01 7.923619223619449148e-01 7.910175195684251426e-01 7.845308028121773525e-01 7.701952340975248834e-01 7.923070633142977881e-01 8.065892086079601286e-01 7.938749987250451889e-01 8.053213132431644716e-01 8.009381320138300175e-01 8.033445513539015925e-01 8.026273521993353421e-01 8.005461988017389396e-01 7.775826901927392898e-01 7.968898708504806860e-01 7.967696668875181576e-01 7.734258584792381708e-01 7.811236041149279830e-01 7.393369459273905209e-01 7.599800585703985201e-01 7.713786221182775682e-01 7.485140302222218489e-01 7.550771617864137086e-01 7.951733705806467434e-01 7.996219080089117526e-01 7.988069496291824167e-01 7.804489247684635034e-01 7.985340308101507301e-01 7.874329098824111028e-01 7.893229442836213750e-01 7.941654872996625203e-01 7.840673279630648862e-01 7.886834622568865694e-01 7.960371843128950520e-01 7.875258230226035439e-01 7.929476351087172414e-01 8.057646604921925304e-01 8.046394632833924199e-01 7.906650489143732807e-01 8.022086523489850851e-01 8.097511461483472006e-01 8.015093674076990693e-01 8.094723240413996823e-01 8.076577829964773914e-01 8.065804763283148660e-01 8.040875176354569387e-01 7.998322658665936169e-01 8.058619678215822590e-01 8.061787809580039932e-01 8.085539286431427941e-01 8.041897513033716693e-01 8.053148426495924106e-01 8.116106878117586021e-01 7.985648064547213876e-01 8.018772164260510316e-01 8.096059552452805619e-01 8.030059492805562416e-01 8.005302766626297695e-01 8.092520214146049495e-01 8.056630610490689293e-01 8.088443829764022652e-01 8.074282723807207907e-01 8.070916060092908628e-01 7.915927562358180403e-01 8.060399770706274669e-01
1.295188012454267512e-01 2.370954403667004662e-01 3.866111930181356793e-01 5.148641469671003668e-01 4.435249347306581824e-01 4.879953626414569312e-01 7.056396511534447358e-01 7.045335688488120196e-01 1.000000000000000000e+00 7.551312049846879981e-01 8.007208215882690716e-01 8.185734076000180659e-01 7.691791606463410647e-01 5.802302032739258264e-01 8.123062099922918611e-01 8.305861867937520682e-01 7.742984910605938964e-01 6.627598366032237953e-01 7.043228893334311236e-01 6.008948729949268319e-01 6.469398378258404136e-01 6.944265350855889363e-01 6.953782815017078844e-01 6.927948704701423210e-01 7.074915347475668748e-01 8.085766712808944989e-01 8.320748604615060273e-01 8.328609654556812236e-01 7.861391706157837556e-01 7.932789635519768012e-01 8.270503272120283134e-01 8.427184737513447876e-01 8.085276095568906252e-01 8.165000083086513261e-01 8.213998848016407228e-01 8.293502251004140069e-01 8.416190390782007924e-01 8.524134891758710086e-01 8.645097752039562211e-01 8.329259491258677039e-01 8.668162611462354450e-01 8.607953616258557927e-01 8.441845853160636626e-01 8.636564730145871449e-01 8.594397091850916048e-01 8.645605634607822498e-01 8.661261066250995899e-01 8.697836936468487101e-01 8.607555439456773261e-01 8.303979681743522967e-01 8.613024030727826075e-01 8.235501987654835210e-01 8.602790419803488797e-01 8.726774290162897518e-01 8.623467334591359279e-01 8.624191970770026527e-01 8.650714414230913363e-01 8.649598337231216849e-01 8.675210938832262908e-01 8.695860694640691335e-01 8.628081583585927028e-01 8.722039062681729016e-01 8.651781884960085822e-01 8.659152554471981622e-01 8.663709686837989254e-01 8.735421500929319016e-01 8.691940230135510870e-01 8.655515454423071686e-01 8.720724012157397009e-01 8.488287986492494275e-01 8.491897425891468121e-01 8.567645396000048708e-01 8.518421691593809353e-01 8.476253620932788779e-01 8.764791428427323172e-01 8.727834372931740914e-01 8.700127944272247893e-01 8.687877783061271897e-01 8.690421756903689010e-01 8.671165668847584662e-01 8.701078312123703418e-01 8.695483389795478635e-01 8.694509766538766060e-01 8.709148333228206029e-01 8.606223454788737293e-01 8.671178453393044716e-01 8.723209938641202088e-01 8.700307280559501644e-01 8.721620271886254550e-01 8.732160032193105881e-01 8.704758260920599788e-01 8.693788841403317091e-01 8.687618666467938899e-01 8.722395562793587853e-01 8.644816795270264809e-01 8.680995233251835863e-01 8.591897410563490434e-01 8.588793613179139808e-01 8.658607505051051367e-01 8.659505861730956155e-01 8.681997970342606452e-01 8.683005540895344376e-01 8.657446774719281812e-01 8.666606537503626084e-01 8.638402736826082950e-01 8.704736602046203586e-01 8.684724013513095420e-01 8.703455307407573782e-01 8.732175442929562825e-01 8.690189321749558493e-01 8.708832354729700853e-01 8.704742977077788435e-01 8.698429533639256972e-01 8.684798912514613001e-01 8.695836466676487575e-01 8.706745776927744540e-01
1.198970278616834778e-01 2.363334996674636423e-01 3.276242365093342546e-01 4.842582064343075032e-01 4.403082992684685948e-01 4.562187449428238839e-01 6.844552246838845333e-01 6.572672174230759223e-01 7.551312049846879981e-01 1.000000000000000000e+00 7.436364493454856728e-01 7.542947760394658197e-01 7.123159751248130389e-01 5.479087938722039253e-01 7.795763978646893522e-01 7.784913419873785712e-01 7.097339122223150776e-01 6.000281411670373988e-01 6.427183759995737100e-01 5.249208666351313779e-01 5.856634191104514997e-01 6.284196810044982984e-01 6.228317045999148815e-01 6.229480641846586453e-01 6.410000569812882576e-01 7.258981647656420622e-01 7.613986155957528368e-01 7.663744844323743255e-01 7.187603703272731348e-01 7.344981833735362287e-01 7.717891539229554398e-01 7.688387651074827245e-01 7.538505747003154678e-01 7.518176776912582904e-01 7.612817313638692296e-01 7.602638573091690111e-01 7.764196613719702711e-01 7.864509272311166477e-01 7.975647110762034142e-01 7.641062594278810183e-01 8.030700651159901060e-01 8.024959568048503078e-01 7.726470051843336018e-01 8.026540917870773617e-01 7.944989742415949907e-01 7.985813436026620860e-01 8.074200688914496826e-01 8.119906783418596730e-01 8.042926104005075905e-01 7.678718749471652449e-01 8.004799960607974496e-01 7.607206501299302870e-01 7.948439760009745614e-01 8.062286653052613827e-01 7.921601206960321440e-01 7.866308481952293263e-01 8.004741855646967386e-01 8.074847176470951737e-01 8.051071018363740173e-01 8.097885148011074730e-01 7.995070442485658901e-01 8.117372106968313572e-01 8.010930912490737965e-01 8.052902883715908899e-01 7.973653553887880552e-01 8.061565907542193044e-01 8.056604193137207881e-01 8.011605027253815292e-01 8.059712518360750977e-01 7.768559144953540718e-01 7.876979387080876860e-01 7.944265684628430968e-01 7.837724894546425070e-01 7.838043066941540182e-01 8.088789498044463011e-01 8.118195262942705659e-01 8.080400426110589951e-01 8.056243243091069095e-01 8.065255179826199550e-01 8.069904584416839333e-01 8.071884605841690430e-01 8.121622169456457208e-01 8.010841910874021421e-01 8.091929083399936884e-01 8.011904686019684085e-01 8.035070547128749796e-01 8.096751071129281163e-01 8.064377558123696499e-01 8.101479102966711032e-01 8.028281076651755388e-01 8.053479854875829069e-01 8.094397406153173158e-01 8.086254909963137560e-01 8.113129988984993934e-01 8.059463153033564753e-01 8.081898440983614762e-01 7.983715375326041475e-01 7.992010631959213240e-01 8.049866573366386557e-01 8.056896126436634553e-01 8.034461222760754806e-01 8.081902229975289620e-01 8.067027700303388560e-01 8.066424314269280416e-01 8.005882151666540159e-01 8.065615813482104324e-01 8.086771251866605725e-01 8.081254828682978841e-01 8.071017492154947126e-01 8.102890203429954363e-01 8.112121579349893530e-01 8.103325806396356468e-01 8.124555572377210044e-01 8.091431379620088737e-01 8.057218111459458765e-01 8.075965680231916854e-01
7.233724745237453402e-02 1.896343896028193365e-01 4.223211055194013852e-01 6.006242268659950367e-01 4.709607829809235868e-01 5.001236180618027216e-01 7.367668744828653749e-01 7.205495047038463774e-01 8.007208215882690716e-01 7.436364493454856728e-01 1.000000000000000000e+00 8.749074725136763986e-01 7.850497658513072574e-01 6.121231135357784181e-01 8.451891240278394113e-01 8.526289341121434662e-01 7.905608903409371280e-01 6.692385831124846307e-01 7.425535758174940382e-01 6.220890609829061724e-01 6.610947130020762286e-01 7.445428917471936803e-01 7.059933164047992316e-01 7.166412258599431651e-01 7.415453874615447472e-01 8.229271450506036034e-01 8.637075824719369077e-01 8.543537205487213848e-01 8.006805774976512025e-01 8.223840326449994853e-01 8.652010786219684890e-01 8.701929200798311781e-01 8.176284546800230979e-01 8.275041436383155924e-01 8.319645060062126340e-01 8.513762589162146011e-01 8.582923165069481497e-01 8.675574607065816846e-01 8.790188263189171458e-01 8.648222580411998317e-01 8.964501972808742725e-01 8.907333005529407544e-01 8.752138362189477716e-01 8.938097018722970244e-01 8.923802110728474846e-01 8.884315169826473291e-01 8.916838067272503388e-01 8.886680712241729063e-01 8.890732380267943880e-01 8.668797032862618490e-01 8.908072452949284958e-01 8.612991578024039585e-01 8.834558567234845894e-01 8.804848245334387924e-01 8.713185018198342791e-01 8.797951808727364487e-01 8.849450673263816736e-01 8.911890728410623019e-01 8.854458670141347465e-01 8.924481189675608217e-01 8.963237966963036873e-01 8.881331064188511260e-01 8.826846302244576448e-01 8.940362683324125648e-01 8.867548225178567556e-01 8.958056805464017502e-01 8.931633845016370143e-01 8.929679031043240567e-01 8.976363560241827910e-01 8.739578216315782022e-01 8.904528208260531486e-01 8.940888634882856456e-01 8.775745517833805076e-01 8.868320288227927728e-01 9.032025111323862543e-01 9.000689528868385247e-01 8.959725984295887624e-01 8.848739711575789313e-01 8.986172905463817306e-01 8.960452790608066653e-01 8.942201972947451116e-01 9.009759804367621916e-01 8.935602303557063086e-01 8.939031980275647937e-01 8.881354133818004648e-01 8.893613095479111497e-01 8.978905444058085106e-01 8.949422006022335063e-01 8.961147952870479605e-01 8.944995328376129651e-01 8.965598260897467142e-01 8.981195267144093108e-01 9.008617100624470853e-01 8.993726624832770744e-01 8.923346012462544108e-01 8.915165664410886759e-01 8.910223871288194264e-01 8.864571257364969314e-01 8.949682298381462786e-01 8.963279666744852214e-01 8.971061521168509634e-01 8.921827305274580011e-01 8.943163569525943712e-01 8.965407001092854378e-01 8.964628351718727517e-01 8.903217790049628988e-01 8.931795317988140415e-01 8.900265875750790201e-01 8.902612671656144894e-01 8.935935985337009058e-01 8.916764009515786293e-01 8.940244325693044170e-01 8.907889012541319040e-01 8.946411561146803137e-01 8.957422927426739179e-01 8.954441168683571206e-01
-9.195748973793143460e-03 1.598757765519933649e-01 4.147783282604909361e-01 6.651599116223766428e-01 5.113955812631322262e-01 5.441146049491062398e-01 7.868912161489187707e-01 7.751340568120701491e-01 8.185734076000180659e-01 7.542947760394658197e-01 8.749074725136763986e-01 1.000000000000000000e+00 8.232158722417030061e-01 6.437378554424861843e-01 8.966037706288662035e-01 8.965079262842501340e-01 7.959764592072379186e-01 6.392914065246343425e-01 7.218273139993607312e-01 6.124165786473533268e-01 6.434543617909209701e-01 7.310661179107470486e-01 6.860799862700095453e-01 6.972611326151910704e-01 7.281815380581598829e-01 8.299532987655265925e-01 8.718049575388345795e-01 8.619737337350773521e-01 7.954047057950979216e-01 8.177759654751156626e-01 8.647410514920094160e-01 8.801543476541099364e-01 8.183372418410238547e-01 8.301011017990774787e-01 8.299603280706165931e-01 8.527909012116772214e-01 8.644696977268450100e-01 8.910097323734881281e-01 8.999559237595163852e-01 8.892625001822263009e-01 9.285918293081883990e-01 9.232723928286753479e-01 9.037510402342755489e-01 9.326937344275557651e-01 9.109799543968793989e-01 9.165945810470379485e-01 9.287204593457092372e-01 9.213571981609737227e-01 9.252716474917594969e-01 8.925368432450472289e-01 9.173355093896361501e-01 8.954164744546798671e-01 9.216391115026935088e-01 9.069547148901911937e-01 8.964016743180137636e-01 8.997935249957643711e-01 9.128328715555731332e-01 9.204667861097458603e-01 9.096978805165806259e-01 9.297265512592601810e-01 9.259175012755271883e-01 9.181218544277582883e-01 9.138742004917802531e-01 9.264657157328528569e-01 9.125389318917771497e-01 9.272000728077302023e-01 9.229005421186666780e-01 9.128964409185171824e-01 9.178918585734183733e-01 8.909928034038991917e-01 9.086425312414769806e-01 9.149246463798074158e-01 8.939117801805782637e-01 9.044409348022464101e-01 9.302940351711279643e-01 9.313717545259140307e-01 9.296504026780348928e-01 9.075623789809200703e-01 9.281992558093569157e-01 9.189410980561895093e-01 9.132145523285372102e-01 9.241167679750357244e-01 9.152586012753228806e-01 9.144486838223411240e-01 9.155997764007998141e-01 9.135436659873079623e-01 9.213282729805930549e-01 9.295645105668614017e-01 9.278252237894428767e-01 9.198955914795262645e-01 9.298362817898810917e-01 9.362551042882366614e-01 9.323260960116870333e-01 9.346002538012564420e-01 9.286992311205691797e-01 9.274067056534228692e-01 9.232248641609109852e-01 9.169947985593387418e-01 9.282340458905378178e-01 9.312233513311575228e-01 9.308686837666771963e-01 9.234362047245737726e-01 9.320527810884738917e-01 9.347494985433315584e-01 9.281107925011737869e-01 9.183155675518351879e-01 9.298567770643443309e-01 9.221658355764413839e-01 9.191297494628068998e-01 9.298130553458588965e-01 9.228507007649995320e-01 9.301971381168478992e-01 9.237315960665983816e-01 9.283861638906197866e-01 9.240423414601331986e-01 9.295578422754230408e-01
3.696410269244335134e-02 1.703972061490679479e-01 3.356804460900247866e-01 5.330999050183906629e-01 5.051967822878641323e-01 5.026767489532322220e-01 7.369548991629077950e-01 7.240228082908344298e-01 7.691791606463410647e-01 7.123159751248130389e-01 7.850497658513072574e-01 8.232158722417030061e-01 1.000000000000000000e+00 6.001800340945930845e-01 8.315828873571474711e-01 8.450762809891746441e-01 7.400225133678857148e-01 6.016487873663844965e-01 6.609637864106800986e-01 5.685856707381052866e-01 6.030692181409705865e-01 6.679011493185837978e-01 6.519418209442798817e-01 6.380335332670487025e-01 6.710940485447486337e-01 7.627425031458214821e-01 7.967485531668112575e-01 7.934114199288658797e-01 7.393074205546329436e-01 7.540550510093212422e-01 8.003050726794380676e-01 8.115340717601238207e-01 7.653174685872994321e-01 7.763860513496616544e-01 7.774108766583727181e-01 7.962441991424853427e-01 8.110767558959706136e-01 8.330663206093275042e-01 8.392118640217723913e-01 8.209773164716126503e-01 8.563952617059032990e-01 8.541970378623838789e-01 8.389592203574027796e-01 8.610278980170675833e-01 8.405258018446916113e-01 8.543663179543095065e-01 8.615788703899677214e-01 8.589152065409776382e-01 8.611950540881992966e-01 8.288291911207698037e-01 8.513703003221475551e-01 8.296121970672224455e-01 8.582310013222537171e-01 8.542425175635371959e-01 8.490990010218094630e-01 8.414517352641736059e-01 8.598820402706576216e-01 8.585770592701559289e-01 8.529465771911890482e-01 8.656948858402396807e-01 8.633501192503180155e-01 8.643505459111801015e-01 8.605359629445525904e-01 8.613865329078655986e-01 8.539448062625485392e-01 8.676221507584268577e-01 8.600013999934960074e-01 8.478145190363709505e-01 8.535285205406530906e-01 8.271918625745292575e-01 8.380621215748346176e-01 8.465828403138225822e-01 8.264616148220212954e-01 8.327022580158344178e-01 8.620183268554489908e-01 8.635997311625682737e-01 8.624773560224829883e-01 8.491602436139236154e-01 8.609876424480912283e-01 8.520256797921998970e-01 8.528268131813946384e-01 8.580150945694184905e-01 8.530368840550536236e-01 8.527299043677892820e-01 8.531349781528264620e-01 8.496980329272387777e-01 8.582703631650461240e-01 8.629764669221087203e-01 8.642130073288759595e-01 8.598652722306328045e-01 8.620443555534464952e-01 8.684837193731091975e-01 8.628571063832599641e-01 8.679950466096565398e-01 8.637843374993064982e-01 8.640771983979939064e-01 8.594143468175836631e-01 8.595819865573135488e-01 8.671230376839889065e-01 8.651296685483035320e-01 8.673025222858442573e-01 8.642809660327130938e-01 8.656054558246620845e-01 8.677262459699731645e-01 8.645325820628328994e-01 8.642127376329196142e-01 8.670280522690603231e-01 8.634313889346483251e-01 8.623082222616150760e-01 8.677675702612633879e-01 8.647033444758275289e-01 8.668743126923740272e-01 8.644888264407529777e-01 8.665416727445024447e-01 8.603820264551697017e-01 8.687277186118688155e-01
