1.000000000000000000e+00 1.996708638003433234e-02 5.102085977237172387e-03 3.374849527658138615e-02 3.837000293170514387e-02 -2.627194721263438962e-02 3.636094586941857054e-02 1.317682234815109425e-02 9.361653163869718131e-02 4.238491472655802998e-03 5.307825438153695313e-02 2.860231584389760773e-02 9.307054507084472003e-03 -3.412041425045348516e-03 2.022490198305728834e-02 1.622330723397592128e-02 8.654583676660604352e-02 6.814518124649346364e-02 4.586182800860275077e-02 7.894941070535439753e-02 7.055474901179414893e-02 3.908142262086772289e-02 9.704120954672665333e-02 5.813443442426207558e-02 5.511263684356888098e-02 6.400470969544203026e-02 5.281779126771813521e-02 6.597826592855687844e-02 7.214515833707087211e-02 7.470401524738259913e-02 4.994270870949120422e-02 3.385652398934044932e-02 2.678773635642844528e-02 3.763504640577703536e-02 3.731624395292196944e-02 5.666633510830178938e-02 5.783144130395455329e-02 5.103690630285773362e-03 2.312573388510945696e-02 5.252754754323568122e-03 1.589922307308070867e-02 1.073263236149215802e-02 1.578660495805828123e-02 1.507945043234386849e-02 3.682478173149512229e-02 1.146657962503773789e-02 7.119944194310087564e-03 1.021211851769904082e-02 2.786682080649039578e-02 2.734419880851696877e-02 1.104656460006695623e-02 9.500448994167552674e-02 3.048311796106976945e-02 2.452000859655344145e-02 1.503189318743069006e-02 2.175198391475098234e-02 5.914191831772509095e-02 1.445049940554926290e-02 -6.414433415157462428e-04 3.036389196319783795e-02 2.732494191612905646e-02 1.513038564402462149e-02 1.704376294163032976e-02 2.460301980065684319e-02 3.912922534660538687e-02 4.139030924012048612e-02 1.875909902695593531e-02 1.443779913974974072e-02 1.796005004164050525e-02 2.919571777773461926e-02 2.054271903881850145e-02 1.459601514116597339e-02 3.055837904241010330e-02 3.716203594907982466e-02 2.447665181437541984e-02 1.802447958210374665e-02 2.058653712344585621e-02 2.919363857951635596e-02 2.207753617283507788e-02 2.648368740567413199e-02 2.770489739992214318e-02 1.648427180028026739e-02 2.991729314335477702e-02 1.539201876420892220e-02 9.876232950545234951e-03 1.953515230120841592e-02 2.178150714108202310e-02 8.034072275466298818e-03 9.646986590208050591e-03 1.057957735840187388e-02 8.909579772623686320e-03 1.087682475974218951e-02 8.330453838960109533e-03 8.384950233986212739e-03 5.355938544666926336e-03 6.510773293786646133e-03 1.150348019064121111e-02 4.238458571453788959e-02 9.228081066658434806e-03 8.918344840075255811e-03 9.100394209019407182e-03 1.429816439288154016e-02 2.027348216963061403e-02 1.080583457347127421e-02 3.214828464697554872e-02 2.621537137255757280e-02 1.219920686268741693e-02 8.323518124482261540e-03 1.947940430784724734e-03 7.504253293580206811e-03 -5.755564423503218077e-03 1.374757045019198848e-02 2.149293390963096569e-03 1.583831187837353091e-02 3.137413375865558129e-02 2.570549796167267281e-02
1.996708638003433234e-02 1.000000000000000000e+00 5.798375408215612065e-02 7.149659780692142752e-02 9.124217138531161286e-02 8.634443368232989913e-02 1.340157406820186581e-01 1.074585058319418029e-01 1.443872747635327469e-01 1.704948114960724015e-01 1.348114815941852673e-01 1.452478757101749174e-01 1.437941131507614323e-01 1.317686792926312800e-01 1.541290490008142278e-01 1.573362112279063363e-01 1.324594858665358033e-01 1.231390661217780097e-01 1.525599792169112512e-01 1.314100235477136669e-01 1.272340016282419162e-01 1.465768087356218163e-01 1.397788932088958325e-01 1.422991851834760624e-01 1.464227438044850005e-01 1.532626402576610924e-01 1.451484955498346108e-01 1.467128431691795687e-01 1.494466675796951305e-01 1.516044028038242286e-01 1.621562907330651726e-01 1.574253943262838573e-01 1.632131955559611436e-01 1.408625719926521191e-01 1.560343233379439254e-01 1.212949335222365532e-01 1.473819622657143447e-01 1.514613692667909628e-01 1.519887055400076792e-01 1.607080248202253092e-01 1.612848999847538434e-01 1.561602653576085187e-01 1.526060082114886751e-01 1.564941913787370464e-01 1.622016688310525812e-01 1.491184663523544007e-01 1.591419325083834324e-01 1.654346196229567190e-01 1.551240341954425450e-01 1.347302111752722298e-01 1.528154698529694822e-01 1.153716295496066829e-01 1.439214225796853208e-01 1.609874022878630684e-01 1.604892032492250820e-01 1.612168591771103165e-01 1.381327952028657824e-01 1.560844558845743135e-01 1.539221679967981704e-01 1.587122098136499182e-01 1.453622377934407350e-01 1.565690542489128201e-01 1.520506217475832700e-01 1.477077385148202471e-01 1.471624146794618393e-01 1.475092499533545154e-01 1.603158096352222672e-01 1.633643860999700881e-01 1.597436434071441425e-01 1.456746930901915982e-01 1.465235833422175726e-01 1.573062753705395111e-01 1.481843826530183095e-01 1.468137736759717871e-01 1.607419340582225409e-01 1.546056227960888041e-01 1.584177976260043030e-01 1.622411992519465773e-01 1.618053495527546348e-01 1.611388181897844829e-01 1.633453897819940048e-01 1.619337963391772051e-01 1.610704824376613387e-01 1.675908374267544854e-01 1.506522408044499162e-01 1.529049126001692793e-01 1.522264878319706527e-01 1.599836362773111587e-01 1.576584258185141640e-01 1.670957230757983691e-01 1.647034980624687284e-01 1.628504837765825108e-01 1.592697612254373174e-01 1.583112305609289117e-01 1.584274334470478773e-01 1.619671553883272885e-01 1.451466468218305939e-01 1.408696529317289003e-01 1.550066476261247883e-01 1.574867931922260544e-01 1.553826155584723534e-01 1.532173424013681395e-01 1.511612586903209321e-01 1.555084393209640869e-01 1.466555624550196224e-01 1.520462139578687699e-01 1.558905919929599870e-01 1.641207343518040762e-01 1.613312167108783557e-01 1.606870445200434538e-01 1.594922127872213935e-01 1.587388344111305416e-01 1.563613131540714796e-01 1.520164205188786477e-01 1.524050801612740480e-01 1.553176981333602713e-01
5.102085977237172387e-03 5.798375408215612065e-02 1.000000000000000000e+00 3.115581001892297475e-01 1.679906980279367301e-01 2.222125341331129544e-01 3.108505831595228530e-01 3.040262673112137937e-01 3.461690193786817193e-01 2.971575151420501326e-01 3.577189644960464543e-01 3.687640203083065726e-01 3.177531291894618581e-01 3.240218173866077356e-01 3.682954141248395707e-01 3.600960997836014088e-01 3.441579558484884060e-01 2.880897776329159332e-01 3.254130022361466645e-01 2.983544030866298602e-01 3.144002679466355588e-01 3.382525453306989838e-01 3.156767954188010594e-01 3.147264594823382389e-01 3.120425845563251643e-01 3.529993992736515374e-01 3.410180455403603594e-01 3.184187638630043282e-01 3.079923229140925089e-01 3.360622891332031847e-01 3.705285496550493329e-01 3.695794717997814005e-01 3.377867264159279959e-01 3.650606486604245360e-01 3.320961698214395796e-01 3.802369535180355475e-01 3.565098490541921405e-01 3.612380756600330201e-01 3.738138129807019872e-01 3.310477174406706857e-01 3.713933770309910121e-01 3.623912460990881823e-01 3.808921492124392461e-01 3.756234199277923014e-01 3.684378890341387658e-01 3.745188467375425434e-01 3.794526641546195900e-01 3.802493617058663733e-01 3.770106569899407400e-01 3.672470565158792999e-01 3.752750042790384821e-01 3.667513164047397911e-01 3.831714876580878393e-01 3.670351093126761333e-01 3.511146853870733553e-01 3.588187909485504590e-01 3.599127517749050043e-01 3.745529634436748911e-01 3.583967131381812776e-01 3.801511557676279796e-01 3.837304752784252981e-01 3.693697946929725417e-01 3.624228262729136674e-01 3.810622442483084793e-01 3.869421363248030654e-01 3.737494275358275164e-01 3.885636954600937831e-01 3.776744162060399201e-01 3.796034789253341368e-01 3.769983007611499293e-01 3.773067529767718531e-01 3.810747693352819487e-01 3.846137653383277510e-01 3.763380554452814830e-01 3.784994905377535579e-01 3.792542333143198996e-01 3.760164056451046899e-01 3.719321724860840672e-01 3.759153416725661834e-01 3.722169638576780515e-01 3.769482376876436280e-01 3.877364177803068745e-01 3.829431059772426260e-01 3.705034349731526344e-01 3.811933694023209585e-01 3.866598640391511466e-01 3.848463389284330627e-01 3.819337427914960559e-01 3.842958000734100765e-01 3.756413717541764452e-01 3.743633138790369297e-01 3.809781324612949160e-01 3.821529679176116634e-01 3.818746279461650572e-01 3.826120264599828791e-01 3.823068299062180042e-01 3.712336847614945423e-01 3.738943862482254077e-01 3.813714193460189805e-01 3.811331786436696345e-01 3.847786173206442228e-01 3.781759355332474093e-01 3.798488601824377975e-01 3.837044477353818150e-01 3.879713286674558725e-01 3.698122020240617869e-01 3.805975924891723539e-01 3.810459551219013141e-01 3.756469166107391788e-01 3.802648382249956271e-01 3.719943098321837893e-01 3.836561439199687173e-01 3.787540243444998955e-01 3.847998794073910211e-01 3.856620704118544629e-01 3.796135117403804382e-01
3.374849527658138615e-02 7.149659780692142752e-02 3.115581001892297475e-01 1.000000000000000000e+00 3.251244486935812583e-01 3.512080747439258466e-01 5.409476654894228576e-01 5.265001969359640599e-01 5.531138107466534448e-01 4.918007195161806511e-01 5.597250363191863531e-01 6.216435549949712591e-01 5.729543685149299792e-01 5.438901792956852832e-01 6.211068766411931286e-01 6.164798443572457876e-01 5.734101997330874889e-01 5.031910732584736756e-01 5.432273861508728485e-01 5.486178065585705088e-01 5.543003494504251671e-01 5.671586989217869412e-01 5.273208306823347069e-01 4.852973002699267902e-01 5.159021594054831183e-01 5.909300302803003335e-01 5.741897212852800081e-01 5.511113630914847850e-01 5.215662750276562898e-01 5.628010993043095489e-01 6.057820451001952877e-01 6.089252300764452785e-01 5.524565547124451470e-01 5.972645341752446102e-01 5.347910135908515716e-01 6.154159036547385275e-01 5.973093058780875042e-01 6.003727305745050202e-01 6.232907122018935819e-01 5.887963720041335947e-01 6.181005469827589582e-01 6.158659891950445386e-01 6.216371145371546447e-01 6.293724283997346181e-01 6.136951311491672945e-01 6.178817560546225884e-01 6.282761005888806149e-01 6.242446192032774510e-01 6.231649402267089854e-01 6.112156394909956658e-01 6.220097112001716777e-01 6.126433556022075066e-01 6.359886331090942591e-01 6.155106931202162235e-01 5.991227344301863766e-01 6.093412428843640871e-01 6.153486422400055167e-01 6.188574114778262469e-01 6.075025190657321605e-01 6.319989576261015873e-01 6.339566925913321382e-01 6.194010703026708864e-01 6.139970117472226541e-01 6.312511650591523527e-01 6.305828218412830033e-01 6.286730716983417455e-01 6.327696307602957981e-01 6.154135660724342483e-01 6.173885727273332735e-01 6.390201689098545801e-01 6.260711431887122647e-01 6.209807972366439000e-01 6.166698647811379441e-01 6.151540355767941559e-01 6.227807383171735101e-01 6.259735692542807151e-01 6.224129869639324353e-01 6.073028873358791158e-01 6.177158749786979541e-01 6.167580323053091229e-01 6.142661880252359152e-01 6.318649681205505964e-01 6.309836688389577342e-01 6.067820492752987738e-01 6.270383623686459629e-01 6.250844069300905970e-01 6.276459139420073052e-01 6.310698160557913772e-01 6.341154678283507096e-01 6.251500482266582059e-01 6.279807305020459474e-01 6.312812943768747465e-01 6.272960338227782096e-01 6.296405856706462911e-01 6.270898603813922501e-01 6.298262533117628958e-01 6.279560227063999411e-01 6.322694388590747172e-01 6.306895050002642167e-01 6.316493572484921382e-01 6.337954269711246758e-01 6.314143860753318460e-01 6.309786449930507857e-01 6.314239835172660298e-01 6.396953142883552434e-01 6.275668540690410024e-01 6.315843787715268443e-01 6.276517440866421493e-01 6.199055591780486818e-01 6.262800926077504160e-01 6.215319832049172044e-01 6.330227532939940449e-01 6.272666045078971742e-01 6.354130876954570128e-01 6.355303823105949990e-01 6.357250151269110416e-01
3.837000293170514387e-02 9.124217138531161286e-02 1.679906980279367301e-01 3.251244486935812583e-01 1.000000000000000000e+00 2.949188891717977046e-01 4.333184646604758550e-01 4.226452156149153039e-01 4.303074529664784875e-01 3.853563258438127970e-01 4.231954866574833551e-01 4.697556657943408598e-01 4.491262893407885759e-01 4.190812457074450936e-01 4.721114341162714334e-01 4.684518211054546355e-01 4.178814182347836415e-01 3.790194405953134504e-01 4.361602140981883924e-01 3.986759612859341328e-01 4.158270207639701566e-01 4.313228776407865839e-01 4.017597759997345030e-01 3.728781609966964616e-01 3.916260462473939441e-01 4.461190421408020024e-01 4.246151310119756217e-01 4.095680411047384339e-01 3.813580442320328445e-01 4.227231821562817959e-01 4.508626021819697738e-01 4.665781478093917189e-01 4.037815724163061892e-01 4.341726966334960580e-01 4.172532782943723650e-01 4.414724601667465720e-01 4.404545887999052334e-01 4.545994337040193956e-01 4.735555641502310897e-01 4.412372953852646273e-01 4.760368999148805735e-01 4.673361727358127382e-01 4.720261229620656418e-01 4.777823482961631174e-01 4.640317636899630171e-01 4.685916938938765042e-01 4.863709199228547497e-01 4.832449561297534890e-01 4.701317448922647246e-01 4.500690727143342729e-01 4.751505529722430121e-01 4.653075519139849847e-01 4.803558174922604174e-01 4.644975652590611626e-01 4.636720252617783089e-01 4.757641886734170211e-01 4.513586744341190893e-01 4.781914125245631531e-01 4.677300733284885936e-01 4.843298520491768344e-01 4.809436938277076301e-01 4.726262323127125575e-01 4.642977226239209942e-01 4.755225058673868688e-01 4.817080398240249917e-01 4.754052735209748914e-01 4.862476489570362603e-01 4.804031447150499123e-01 4.763928050490345845e-01 4.744874649923173648e-01 4.855755632617996809e-01 4.778818909072146126e-01 4.649634333192196878e-01 4.670889608180708308e-01 4.771061039019444672e-01 4.721106083935084352e-01 4.697798054100983389e-01 4.563118520936122469e-01 4.658914158170681663e-01 4.692044568719005992e-01 4.650327452718412413e-01 4.779049177796517722e-01 4.819367832365072934e-01 4.677073678526841860e-01 4.723569720545122141e-01 4.725272274521329918e-01 4.771685464654956688e-01 4.815371401521952310e-01 4.842401015132563047e-01 4.808168508424148779e-01 4.746726493424960336e-01 4.818215242839662404e-01 4.862385995190915411e-01 4.853831188179530409e-01 4.862646831879985920e-01 4.856284218573539979e-01 4.767318110631184602e-01 4.718888056768005823e-01 4.878326881978614082e-01 4.873518494750279095e-01 4.851915985909202589e-01 4.838271128896239892e-01 4.911325320113131832e-01 4.880516882872829587e-01 4.875470105592125680e-01 4.779536438569207402e-01 4.826585536021933964e-01 4.855923434534654692e-01 4.838559554067089485e-01 4.828754575234022739e-01 4.816891962286580786e-01 4.871731578410647412e-01 4.825424440793233960e-01 4.855171722284065128e-01 4.835125712992112690e-01 4.850146349912974331e-01
-2.627194721263438962e-02 8.634443368232989913e-02 2.222125341331129544e-01 3.512080747439258466e-01 2.949188891717977046e-01 1.000000000000000000e+00 4.864404760059867772e-01 4.801503443574822172e-01 4.856983515313723632e-01 4.667225748737980906e-01 5.105336823433441751e-01 5.423153060204255471e-01 5.129596957178532701e-01 4.889740877077095038e-01 5.529603808049682323e-01 5.433955800265886094e-01 4.843620773875448871e-01 4.486931741374553528e-01 5.034558153357062693e-01 4.451608434852893370e-01 4.821424446362502225e-01 5.047510591002584146e-01 4.693434449380266549e-01 4.350083508939512900e-01 4.716001014738953612e-01 5.206577397267579954e-01 5.081480914458400555e-01 4.927148653993483896e-01 4.795378647387436022e-01 5.199269615593926641e-01 5.422957563607282427e-01 5.401217861800916564e-01 5.087429087255123106e-01 5.160300751221833515e-01 5.301473087613864932e-01 5.085378650762257813e-01 5.280234364175953043e-01 5.442395774789502427e-01 5.545034733928576598e-01 5.242544962733226566e-01 5.568329326996640516e-01 5.588002320040993398e-01 5.567556706052494420e-01 5.602971157574963001e-01 5.481930218870046945e-01 5.598310271752646727e-01 5.701804650244955974e-01 5.670426698578786562e-01 5.571766334450750646e-01 5.276858707434508577e-01 5.553333792826639081e-01 5.157291062684211669e-01 5.582360309564794454e-01 5.589297893684350704e-01 5.504304258212204815e-01 5.537709216725743566e-01 5.323675021338283297e-01 5.568059538156066024e-01 5.584300508073578584e-01 5.674695027320466600e-01 5.630177074412044957e-01 5.610945422987774212e-01 5.559378564229262576e-01 5.578044373818028534e-01 5.543861586914107242e-01 5.556470248300487969e-01 5.643129222738623163e-01 5.627731999449885336e-01 5.606231424182993583e-01 5.529361120059509416e-01 5.605363090335054865e-01 5.620687774223491751e-01 5.455422933747556824e-01 5.428917167367264263e-01 5.643244179961394158e-01 5.626974422692446742e-01 5.581168490710278762e-01 5.538517899571816505e-01 5.570262035022693903e-01 5.610857346382418509e-01 5.591379124530538869e-01 5.654459930598300099e-01 5.591472267195377599e-01 5.630390800053843847e-01 5.565900991092208594e-01 5.608738479607697780e-01 5.636973807760713440e-01 5.671170993232543811e-01 5.669566760962367891e-01 5.642280509366923713e-01 5.639162417133694039e-01 5.688787858965371758e-01 5.661682107708696510e-01 5.688638680592233987e-01 5.720578802878387714e-01 5.702647310510555734e-01 5.557767739033091514e-01 5.496310422364969472e-01 5.675906096854194116e-01 5.675318408012380855e-01 5.685914603663507760e-01 5.641686586916958568e-01 5.655647244393072759e-01 5.716921203093132675e-01 5.640401203956993958e-01 5.596065768657100259e-01 5.660307876189776266e-01 5.706851721394724519e-01 5.691597040114763084e-01 5.668328499899651929e-01 5.669735066693576409e-01 5.706695127165013481e-01 5.679948804263077466e-01 5.656995273306495431e-01 5.632242630861172827e-01 5.676895846334696349e-01
3.636094586941857054e-02 1.340157406820186581e-01 3.108505831595228530e-01 5.409476654894228576e-01 4.333184646604758550e-01 4.864404760059867772e-01 1.000000000000000000e+00 7.192345896993089793e-01 7.252191993027258254e-01 6.617934941500024371e-01 7.535336355609129066e-01 8.072574359125378463e-01 7.364153052043649339e-01 7.084412240734134780e-01 8.331884832734478552e-01 8.120995620166124862e-01 7.446888298211511437e-01 7.156444039439557869e-01 7.763019497658778523e-01 7.047914395909239405e-01 7.548812607766507421e-01 7.813714777949130053e-01 7.403956564464015955e-01 7.012214590899533695e-01 7.375251058736199683e-01 8.101062110916572578e-01 7.918020823724755131e-01 8.014705442759204601e-01 7.721280884755328255e-01 8.020859380075401335e-01 8.300289219143588415e-01 8.217958988825166955e-01 7.821018707760735156e-01 7.938986763793955959e-01 7.790633649183054121e-01 7.857273439770641188e-01 8.110747065868746386e-01 8.266675432354918529e-01 8.349863069380816238e-01 8.188442308905299338e-01 8.373526922837531972e-01 8.401250122664689624e-01 8.285946440582823147e-01 8.397001695360125639e-01 8.278926530660354333e-01 8.363883539100480657e-01 8.318692016227083874e-01 8.318811465229245528e-01 8.323358055028383662e-01 8.005690845589774618e-01 8.293927503564841874e-01 7.809870461549528464e-01 8.245111210984175099e-01 8.311009072245129081e-01 8.298901793328569143e-01 8.331609999238487330e-01 8.120014465796275838e-01 8.326515043972382291e-01 8.349330527762466314e-01 8.325660335061785267e-01 8.304041845216494355e-01 8.335583751256083751e-01 8.248267781049469782e-01 8.303858043534100286e-01 8.217058986657894692e-01 8.243033185748785963e-01 8.325935076254307177e-01 8.360425020892625625e-01 8.305354010627818973e-01 8.271822731886946389e-01 8.331507131421321821e-01 8.341315851238806367e-01 8.173507383187095243e-01 8.194968782422527021e-01 8.420918780147947924e-01 8.377723613188259311e-01 8.431254454282788302e-01 8.355522209698904579e-01 8.379446067271284493e-01 8.377658935174703281e-01 8.360056160449576002e-01 8.382880368358180956e-01 8.320967712919471460e-01 8.315057969886072708e-01 8.265614673779004828e-01 8.297228621601808740e-01 8.349244597733890272e-01 8.393457016323233599e-01 8.396785183793739060e-01 8.393669154381062647e-01 8.414031993506619900e-01 8.393460812249975422e-01 8.365132611393512052e-01 8.405468050782001210e-01 8.335195122369168930e-01 8.344925640833951164e-01 8.222926054160210052e-01 8.182442870802878465e-01 8.306795812636357246e-01 8.355846341497179530e-01 8.334865688831722963e-01 8.319239457216321965e-01 8.301752718959095612e-01 8.366121256287271102e-01 8.299995194215950001e-01 8.212869895743978299e-01 8.352685198176329484e-01 8.352152523291149766e-01 8.355505986242044436e-01 8.356166637070611136e-01 8.359593812250489808e-01 8.328360655074182883e-01 8.320815807801268393e-01 8.328284177482302431e-01 8.301887504038653054e-01 8.266989534436631759e-01
1.317682234815109425e-02 1.074585058319418029e-01 3.040262673112137937e-01 5.265001969359640599e-01 4.226452156149153039e-01 4.801503443574822172e-01 7.192345896993089793e-01 1.000000000000000000e+00 7.006341223561052267e-01 6.591750797362984082e-01 7.325862099605887634e-01 7.889429749780267898e-01 7.280314682023500961e-01 6.951088354272755288e-01 8.021467901716512472e-01 8.019905967665482693e-01 7.054082361619606889e-01 6.906087081408726069e-01 7.574216427940060337e-01 6.885150570606798359e-01 7.362181610299125545e-01 7.514693770789619975e-01 7.084369404656143399e-01 6.761298024357884628e-01 7.046713946653728744e-01 7.687429997362248413e-01 7.595712900294607772e-01 7.449011764511388467e-01 7.293335561527006794e-01 7.579667104165586089e-01 7.901464759645049352e-01 8.041613512805467767e-01 7.475361152744713911e-01 7.728904796762030571e-01 7.468127193584332968e-01 7.654436217123861130e-01 7.788658473039618002e-01 8.051702565978061665e-01 8.150449688890410993e-01 7.956150381070518085e-01 8.085439713754796198e-01 8.133426863216084435e-01 8.117123338077232297e-01 8.164535595287356617e-01 7.984188405938024147e-01 8.097050906632941025e-01 8.097071639344159966e-01 8.127418535710908554e-01 8.119768112681423622e-01 7.878998338172161775e-01 8.145323832367655781e-01 7.640622073796015101e-01 8.042791701311157171e-01 8.084177807971693053e-01 8.083395501306537279e-01 8.153908949690835684e-01 7.926212708383709726e-01 8.104296350437203422e-01 8.176254889550584881e-01 8.071215056225886642e-01 8.130208700387057119e-01 8.135492636221307583e-01 8.055354387828124185e-01 8.122549758055501723e-01 8.017034435374504886e-01 8.051357023721887884e-01 8.096315201883801382e-01 8.129057914739443724e-01 8.117144158545218646e-01 8.039112507795443952e-01 8.158227288091126628e-01 8.128699353108543857e-01 7.957328181448264370e-01 7.954295181191307629e-01 8.115051029704983820e-01 8.103454887190216782e-01 8.082672223542167744e-01 8.043700049921194140e-01 8.066441562320951775e-01 8.090565883768726652e-01 8.090932669452627346e-01 8.119569210679142834e-01 8.126126517518637016e-01 8.029167681638958998e-01 8.093000023855287939e-01 8.084538870319605275e-01 8.123872618556977621e-01 8.212656075477242634e-01 8.169240132119985898e-01 8.186735544804308873e-01 8.119624161617269298e-01 8.187005987259154960e-01 8.160935090216472343e-01 8.184726705444305139e-01 8.138646435317049566e-01 8.155678971676572075e-01 8.078329519918625579e-01 7.959889766699026481e-01 8.146327277800933242e-01 8.172532026019898588e-01 8.178260778694137478e-01 8.169038380680622158e-01 8.158203121163879468e-01 8.192267148767713447e-01 8.140361779529642350e-01 8.060094456795446893e-01 8.135285452184798372e-01 8.152540880084480079e-01 8.169354845515881536e-01 8.151222989182298484e-01 8.213221913453244705e-01 8.135583456556845228e-01 8.173743392859964541e-01 8.138144194445582347e-01 8.078548748582593531e-01 8.109221621847596539e-01
9.361653163869718131e-02 1.443872747635327469e-01 3.461690193786817193e-01 5.531138107466534448e-01 4.303074529664784875e-01 4.856983515313723632e-01 7.252191993027258254e-01 7.006341223561052267e-01 1.000000000000000000e+00 7.186060072648037256e-01 7.825895023681924689e-01 8.349312383043784314e-01 7.577084455829182774e-01 7.471766649223938739e-01 8.479554094296176681e-01 8.300284785889686656e-01 7.980151071010712638e-01 7.336921743356276115e-01 8.013870137358537482e-01 7.316321950541828656e-01 7.792618806548743393e-01 8.049719881830446067e-01 7.835033771914386991e-01 7.434353340510915231e-01 7.642518306215813073e-01 8.325736979576868757e-01 8.171376281095228400e-01 8.039132740062736593e-01 7.877123132931228566e-01 8.290077275797450573e-01 8.600530269765485070e-01 8.505994167563539765e-01 8.032354747527423733e-01 8.260018707114868963e-01 8.089118520731602979e-01 8.194089375061505143e-01 8.460494690521906946e-01 8.382880801375949265e-01 8.527545781929990465e-01 8.188125150076817071e-01 8.610995055242481877e-01 8.542686202067953927e-01 8.565804069517533037e-01 8.608528651070427307e-01 8.547054794066119010e-01 8.535750763637134364e-01 8.671034628519965759e-01 8.714409940181893077e-01 8.687389059414120096e-01 8.318815408643419618e-01 8.542931466689274167e-01 8.301587855004587402e-01 8.613769027057611716e-01 8.684808064548582562e-01 8.615705026668010191e-01 8.603970070070657838e-01 8.589231659957515808e-01 8.632773408508244151e-01 8.574827543290667320e-01 8.748218760851683706e-01 8.716752381205106204e-01 8.670339383366606478e-01 8.622352786674549741e-01 8.668929715082273058e-01 8.672990830703998233e-01 8.693891331506624631e-01 8.712203332160616265e-01 8.690056691851831827e-01 8.655787028240946590e-01 8.629837751336434382e-01 8.648430188007952824e-01 8.661625756009421195e-01 8.575065249608925244e-01 8.571459178872480322e-01 8.714188398544180369e-01 8.694013108419407221e-01 8.658097886351500128e-01 8.599893395052865541e-01 8.642092855662081297e-01 8.651856540854196975e-01 8.646055020320427831e-01 8.722003290936909403e-01 8.677520667120506292e-01 8.611700638733189583e-01 8.583475440083979668e-01 8.644020708008183229e-01 8.692256287816118032e-01 8.684310568914921369e-01 8.685949752784599687e-01 8.667138146667552334e-01 8.614536262506150566e-01 8.700059636144514830e-01 8.691526691264582771e-01 8.680691262749986592e-01 8.689516112877054832e-01 8.702645133896714791e-01 8.565251868496318588e-01 8.601070154857843875e-01 8.672727705245028007e-01 8.683311299428820851e-01 8.667357474733011768e-01 8.687910719552726091e-01 8.698424301051393970e-01 8.714656605459542016e-01 8.704705724477980189e-01 8.639384177320849068e-01 8.705842729096844312e-01 8.713001505048348916e-01 8.682884447920200532e-01 8.692062215774023493e-01 8.623730929945810919e-01 8.728516659132485866e-01 8.668781051100725721e-01 8.704801781545947748e-01 8.733458004258458640e-01 8.708217920258704003e-01
4.238491472655802998e-03 1.704948114960724015e-01 2.971575151420501326e-01 4.918007195161806511e-01 3.853563258438127970e-01 4.667225748737980906e-01 6.617934941500024371e-01 6.591750797362984082e-01 7.186060072648037256e-01 1.000000000000000000e+00 7.194500666400355238e-01 7.622476043394714740e-01 6.962576703609371087e-01 6.790785279532709495e-01 7.796518969887676898e-01 7.706424433919283334e-01 7.011597454485909431e-01 6.319289750337915290e-01 7.210707495320228810e-01 6.358711863538787368e-01 6.847144696580860224e-01 7.287883020895924435e-01 6.926165675225520735e-01 6.660079284124074128e-01 6.825732794111571966e-01 7.416497483342416874e-01 7.325229200785631223e-01 7.221346357878950517e-01 7.052685258937482216e-01 7.417727446888963128e-01 7.769975130696494814e-01 7.801226652957853336e-01 7.390025453336328543e-01 7.470892169538518868e-01 7.372658208112332634e-01 7.317382179619026372e-01 7.631960050174344534e-01 7.736146754227963829e-01 7.825902285059272989e-01 7.629803240051173940e-01 7.959985178284540996e-01 7.890218080437187975e-01 7.863611383172023350e-01 7.944790741733238626e-01 7.861514997353253875e-01 7.915528809132456045e-01 8.052681115712836402e-01 8.104621136058097752e-01 7.972783429261222077e-01 7.511793406815157059e-01 7.839859141653594543e-01 7.132445059315485336e-01 7.829468614610674004e-01 8.014249301886898769e-01 7.941894427366033016e-01 7.929720984094154046e-01 7.692922991249467879e-01 7.998007269356600668e-01 7.984344463158599137e-01 8.031014970370838890e-01 7.945812277917295718e-01 8.037344750019322914e-01 7.951632857332100457e-01 7.958631215638800604e-01 7.849575888385851297e-01 7.888778495578437910e-01 8.038869233908421119e-01 8.006082720180442980e-01 7.994024517464785040e-01 7.844994157056949247e-01 7.902029230407853211e-01 8.006865520332427932e-01 7.854504412626207577e-01 7.756763006262070714e-01 8.023780577424177718e-01 8.038117527970618514e-01 7.990274461913261517e-01 7.893896707449765682e-01 7.968759063801947873e-01 7.957478038950708266e-01 7.946726695317495315e-01 8.050749971860645671e-01 7.959481182820062894e-01 7.981219241160486533e-01 7.927005858733209287e-01 7.968076774171258814e-01 7.983954310955659883e-01 8.069663014529780964e-01 8.029518110316489210e-01 8.049842754694757074e-01 8.008527404607869160e-01 8.079605903864035543e-01 8.071135625065550823e-01 8.071753572309586788e-01 8.095403648980922240e-01 8.111272506083133660e-01 7.920861201565643217e-01 7.790424636463764152e-01 8.046509128260801447e-01 8.046569789129356387e-01 8.049253600113408513e-01 8.057141714314570713e-01 7.980355698065659809e-01 8.078339099511249177e-01 7.929082357026832062e-01 7.967018613672304239e-01 8.059571426062583921e-01 8.101845662925770686e-01 8.095732649359669297e-01 8.100836740916007583e-01 8.078018473753144635e-01 8.081106509464081045e-01 8.093971472837401260e-01 8.038452315067353693e-01 7.968539525470001994e-01 8.005798858084077763e-01
5.307825438153695313e-02 1.348114815941852673e-01 3.577189644960464543e-01 5.597250363191863531e-01 4.231954866574833551e-01 5.105336823433441751e-01 7.535336355609129066e-01 7.325862099605887634e-01 7.825895023681924689e-01 7.194500666400355238e-01 1.000000000000000000e+00 8.584987101949771438e-01 7.657193168005439476e-01 7.615235597615915841e-01 8.613125279288945668e-01 8.456479582331304368e-01 7.910893738927204932e-01 7.772942814977457093e-01 8.242755927708637076e-01 7.608193054833979341e-01 8.024528079234060085e-01 8.341591668038975671e-01 8.075960307505611890e-01 7.747735228349731385e-01 7.949642414399749057e-01 8.422597810003725760e-01 8.283082598125600660e-01 8.259360356427075667e-01 8.071405674248343098e-01 8.502249416890208522e-01 8.741471158480433878e-01 8.767826102802248611e-01 8.158473755453258258e-01 8.476998986795378777e-01 8.277921744115446234e-01 8.427930898543377625e-01 8.686804816612924141e-01 8.607595344543702565e-01 8.734450588987819897e-01 8.517725001522407080e-01 8.772769837430891560e-01 8.770448888009353405e-01 8.780656212452151443e-01 8.806500472020442061e-01 8.755450218725034928e-01 8.803217535030447571e-01 8.780844569482354478e-01 8.820513485428682632e-01 8.850758386733122984e-01 8.568029420645663086e-01 8.754765710391062550e-01 8.468001052540078399e-01 8.773163112415314213e-01 8.824396692639097095e-01 8.828952204465242426e-01 8.852000819835654788e-01 8.752106452712777873e-01 8.793311018975379367e-01 8.798943706431070488e-01 8.834126595709563823e-01 8.863033604865084847e-01 8.865457386053202660e-01 8.810712064260753928e-01 8.859793020531248064e-01 8.778605265326243634e-01 8.837752786369779123e-01 8.835871877646224171e-01 8.881859049799883943e-01 8.869892055487904603e-01 8.864990355368440600e-01 8.888935126127862629e-01 8.898994583983735884e-01 8.798766758338190108e-01 8.818422107156972389e-01 8.876305761050925502e-01 8.866566671003036637e-01 8.847698055723166588e-01 8.784758583974106028e-01 8.831813304983516799e-01 8.828219776084716974e-01 8.820613931451914969e-01 8.878515623668427059e-01 8.834713940163880785e-01 8.740241005865293511e-01 8.831800022374022285e-01 8.851582420394844553e-01 8.874291553671571631e-01 8.871798279161557943e-01 8.843774954282097589e-01 8.875198910860123691e-01 8.830147092166470424e-01 8.879193559000422287e-01 8.856231638642697579e-01 8.865629526827872864e-01 8.847441201012450351e-01 8.841317679398550400e-01 8.798400876103233959e-01 8.767394539279214083e-01 8.868752767960929040e-01 8.867733257464788243e-01 8.879031892392216241e-01 8.880170213128509848e-01 8.846393427362277961e-01 8.881617054697265035e-01 8.881820642222594264e-01 8.821901995781371575e-01 8.868821381360083578e-01 8.844601076326777944e-01 8.865527262476068371e-01 8.851907537478889143e-01 8.839419259628491510e-01 8.852309242101333853e-01 8.846182043606339862e-01 8.854890464471687483e-01 8.852213222507979706e-01 8.834137062587199551e-01
2.860231584389760773e-02 1.452478757101749174e-01 3.687640203083065726e-01 6.216435549949712591e-01 4.697556657943408598e-01 5.423153060204255471e-01 8.072574359125378463e-01 7.889429749780267898e-01 8.349312383043784314e-01 7.622476043394714740e-01 8.584987101949771438e-01 1.000000000000000000e+00 8.287865022495568557e-01 8.054728698131425890e-01 9.205889406792752139e-01 9.101361897657876954e-01 8.314543976043864415e-01 7.804154158550627995e-01 8.576963330329081536e-01 7.927442356199790874e-01 8.312795090663268605e-01 8.714736429143797869e-01 8.213151986453814946e-01 7.805798549574674006e-01 8.128562608896701125e-01 8.794130768539120124e-01 8.650870120388645113e-01 8.562263725940622017e-01 8.314009544621321357e-01 8.827468496065393744e-01 9.163908245730567614e-01 9.235438786147375234e-01 8.645413282770832986e-01 8.935692242086682446e-01 8.676566498805050598e-01 8.867973315572225124e-01 9.083651968373480656e-01 9.222193990292317789e-01 9.327495570621402443e-01 8.987109830566816226e-01 9.332786668285443232e-01 9.314140526534414599e-01 9.305092634080082137e-01 9.379501900417976934e-01 9.247796956702397653e-01 9.352329403035496425e-01 9.415541043005424271e-01 9.428272325877828930e-01 9.377789774086315866e-01 9.098891440567991040e-01 9.353639090805048184e-01 8.911194601159680984e-01 9.363053236963545523e-01 9.344430218616113226e-01 9.271657056547164544e-01 9.330076242305455070e-01 9.177438339989768545e-01 9.391461480671192685e-01 9.341594015368592796e-01 9.407623732242427206e-01 9.437418346065542529e-01 9.400051026603778448e-01 9.329030217231430999e-01 9.411319236128262711e-01 9.317374005161354056e-01 9.375760535614098279e-01 9.439828392453604167e-01 9.402370666394287424e-01 9.400436881821034873e-01 9.403092423005671163e-01 9.423703509292188363e-01 9.413020437735404311e-01 9.281195599238750704e-01 9.253406039545370998e-01 9.417182499884844127e-01 9.425538170196895438e-01 9.391087802760439418e-01 9.282844171558999324e-01 9.362262370646835530e-01 9.375151516111399630e-01 9.337789902679265452e-01 9.430630048992519887e-01 9.379713983268200828e-01 9.324300596620566095e-01 9.377402370885474792e-01 9.388307009753662502e-01 9.434626778209375120e-01 9.477650138473499020e-01 9.457342684014925505e-01 9.423615502332904903e-01 9.397207615302126671e-01 9.478829777892704422e-01 9.434689239429659979e-01 9.471492247410376875e-01 9.470597383543285508e-01 9.459932113760068928e-01 9.356587497082962113e-01 9.308256266761427700e-01 9.462452296339042279e-01 9.472373604419670468e-01 9.471621468172278790e-01 9.464185505211148985e-01 9.442626600878509802e-01 9.488787829641721627e-01 9.454784324422224051e-01 9.354845846293555756e-01 9.465864468013248656e-01 9.454492531757860974e-01 9.434543961642343213e-01 9.457286287654920187e-01 9.426258386701549252e-01 9.452074029522034015e-01 9.451091306378736068e-01 9.460232309224707592e-01 9.431121672231490560e-01 9.432586323704381659e-01
9.307054507084472003e-03 1.437941131507614323e-01 3.177531291894618581e-01 5.729543685149299792e-01 4.491262893407885759e-01 5.129596957178532701e-01 7.364153052043649339e-01 7.280314682023500961e-01 7.577084455829182774e-01 6.962576703609371087e-01 7.657193168005439476e-01 8.287865022495568557e-01 1.000000000000000000e+00 7.367033693918912940e-01 8.448703658966901786e-01 8.359571673998926755e-01 7.549618511611010385e-01 6.913781117319689473e-01 7.678147623481270667e-01 7.059727531802817424e-01 7.418867546515676148e-01 7.660897269046129665e-01 7.350369726553280803e-01 6.904122420672013094e-01 7.098892258970763702e-01 7.895594786649082764e-01 7.785210900355843400e-01 7.681706917366065701e-01 7.450675080292311625e-01 7.896199896133611063e-01 8.295016250081030940e-01 8.360509202806595264e-01 7.865875300719850083e-01 8.140424247588167184e-01 7.826831990779824499e-01 8.067720268952791596e-01 8.191192669644300484e-01 8.282561143735904796e-01 8.470202728441096340e-01 8.057016472815689001e-01 8.469648207196237566e-01 8.432947928981731067e-01 8.450450490116943048e-01 8.518015328881258785e-01 8.352010353676428966e-01 8.502125725349140017e-01 8.585256198415400775e-01 8.589984209023221462e-01 8.514327780360055886e-01 8.191681011573546112e-01 8.485715197045932134e-01 7.980159588437542029e-01 8.516436626595040860e-01 8.496440715186918125e-01 8.382125553996363498e-01 8.411564902471739824e-01 8.262291951549027846e-01 8.540226415084061218e-01 8.491947665943136991e-01 8.596667047256799643e-01 8.561055639098217318e-01 8.553099633737053509e-01 8.463337088445528344e-01 8.551742888320231772e-01 8.458913658288449433e-01 8.488052993139112434e-01 8.624927987081379976e-01 8.518129704018403414e-01 8.537279943185940301e-01 8.506402173930019961e-01 8.499071498893479015e-01 8.503047255341342758e-01 8.393326285947251275e-01 8.293511176913966887e-01 8.531991435454996386e-01 8.538295002276933277e-01 8.502744231124346186e-01 8.431290710249719211e-01 8.446463346268120453e-01 8.493887868750497061e-01 8.464201648136491229e-01 8.583017418809314458e-01 8.564870447803587528e-01 8.481182321461797624e-01 8.535315247381271009e-01 8.573076686679157454e-01 8.587210091936279266e-01 8.600002228284396866e-01 8.648536928317843708e-01 8.555347951522459526e-01 8.511066487154880233e-01 8.621054756983943523e-01 8.583828364090813068e-01 8.605925833481155030e-01 8.626634863610906923e-01 8.636202862138204761e-01 8.488516829906272987e-01 8.439321875751623070e-01 8.606071015281130387e-01 8.619866943821952177e-01 8.623533369343296950e-01 8.594767755021411881e-01 8.595956020228577854e-01 8.628502224176483049e-01 8.602786692179535954e-01 8.495136704982918507e-01 8.619057190983501204e-01 8.634204849504318879e-01 8.592211347972217306e-01 8.627336887062455606e-01 8.579920212301918037e-01 8.644054263813432115e-01 8.610147090833142336e-01 8.626756225764367070e-01 8.593885664572757932e-01 8.585990052866225852e-01
