1.000000000000000000e+00 1.001989560087025583e-01 1.187572950329792015e-01 5.199524971649065186e-02 7.546162390270223785e-02 -2.917915370326571584e-02 1.678782949128344859e-02 4.487337308535555708e-02 1.383600283886156912e-01 1.673620192995270775e-02 5.502065937937727913e-02 2.484353481259618870e-02 4.198486881313856500e-02 2.374213858730635229e-03 6.852058942100916657e-03 1.979567942294955391e-02 1.236709057124252276e-01 9.336485290487646360e-02 1.147331537835319798e-01 4.938199355027713539e-02 9.927498030446384181e-02 1.122679220480928414e-01 1.056804224819738458e-01 1.137017579686600832e-01 9.734366532584463882e-02 7.329911739791307446e-02 5.959496602168400797e-02 3.194897828272180718e-02 9.234185972089005434e-02 7.723115613058006979e-02 6.662107935969324712e-02 7.694775796563341208e-02 2.712972583650110486e-02 8.206624428959148621e-02 5.784733163352651780e-02 5.482599329495327356e-02 4.370814432376252112e-02 1.202461851224980068e-02 3.239944447088326934e-02 8.475666660438764197e-03 1.623839831704664352e-02 7.972083703184829409e-03 1.100859272657855360e-02 2.105913156911349074e-02 4.910330747284234049e-02 9.384052245768964248e-05 8.756843475515916839e-03 2.869166301926983492e-02 4.130609726068808912e-02 5.254641566125634738e-02 1.825796608266014656e-02 5.895654695348851587e-02 3.465569454187161780e-02 2.934883667408623442e-02 3.444281094583049457e-02 3.324226535913211295e-02 7.486863815521767329e-02 9.801873169986157971e-03 2.028187478667151100e-02 4.253757909059495412e-02 3.573564399277941173e-02 2.465297260867038015e-02 2.909076384487476255e-02 4.816937696316761497e-02 7.602922141961128422e-02 6.891533157811910448e-02 3.250051625738113736e-02 3.774229074799485828e-02 4.595946390093477024e-02 3.207352065105448929e-02 3.242916293655519200e-02 3.653714038187853841e-02 4.322200625394134743e-02 5.332039939340606216e-02 2.980218278742186380e-02 3.057303033117049137e-02 1.268381125242674760e-02 4.377472115955784865e-02 3.334869841494082082e-02 3.961604757700420282e-02 4.305597561042376342e-02 3.327669602871479587e-02 4.465658352653400359e-02 2.197913168931848668e-02 2.471443704986809459e-02 3.729596802543293926e-02 2.425145208497171689e-02 1.244400354561380102e-02 1.305301031212003325e-02 3.097493213202053355e-02 8.958435559438935117e-03 9.598438022226546060e-03 2.677032079607086917e-02 7.959009364208943782e-03 9.634504402450944430e-03 1.641626139427322315e-02 2.438802734654490004e-02 6.145591483564764174e-02 1.872742758898562204e-02 1.558181850722251821e-02 3.663503937499484105e-03 1.510319488674068816e-02 2.269744228150421400e-02 8.089403877704990503e-03 3.973128982121248987e-02 4.862791555722101311e-02 3.280945794052524123e-02 1.822556855000794993e-02 1.757457293640656351e-02 1.074898668614234290e-02 1.471289719796556837e-02 2.623838155271447301e-02 1.563508355486326745e-02 2.834630980778132456e-02 4.448803879671839323e-02 4.274501579039145793e-02
1.001989560087025583e-01 1.000000000000000000e+00 6.613117395021396450e-02 3.800920745879462354e-02 7.613723206647872443e-02 8.144597320326094070e-02 8.634012520903039389e-02 8.207852905416179734e-02 1.861596495581894772e-01 1.972621556032480572e-01 1.426046427005163986e-01 1.066837932405161199e-01 1.167398950521318785e-01 9.074309857831441839e-02 1.184429492385286053e-01 1.160314405505943752e-01 1.495531516603568756e-01 7.965596627616114422e-02 1.191616906622506855e-01 2.193078363692320051e-02 1.054479813629629996e-02 1.163282454428382906e-01 1.592842087443452626e-01 9.554511600586000630e-02 1.289030162711482796e-01 1.487716771232006630e-01 1.356725277374236927e-01 1.330808780480566555e-01 1.233555212128716050e-01 1.521276027414322496e-01 1.462141068033367408e-01 1.479231564944697153e-01 1.484997276823674661e-01 1.535790773141483823e-01 1.686184551679580368e-01 1.462390078084330192e-01 1.513551732960797258e-01 1.366946668765199602e-01 1.569027796206306502e-01 1.264208517739626447e-01 1.604451725765592973e-01 1.417849514373574482e-01 1.357518161487824837e-01 1.435682081975186153e-01 1.647509196965095957e-01 1.430848500564835812e-01 1.479575011035670074e-01 1.643503681746105449e-01 1.502056783784406491e-01 1.217414127202851859e-01 1.287278200902350900e-01 9.655222689307231543e-02 1.333386071827394603e-01 1.704226627340417743e-01 1.531714331307488797e-01 1.677653746004610091e-01 1.458377488882607875e-01 1.521332085050581262e-01 1.499459282354335676e-01 1.546539370956150627e-01 1.357786900726302703e-01 1.508813037473375751e-01 1.415919987571916117e-01 1.459078916835583883e-01 1.559229284136062488e-01 1.496778807675641920e-01 1.539670901091301503e-01 1.513281820633870511e-01 1.642494317888789912e-01 1.160496084691204355e-01 1.350774733450837706e-01 1.612952626611409146e-01 1.372142399545858704e-01 1.431213426761691332e-01 1.556459925392291721e-01 1.541126290712200309e-01 1.501092805327908508e-01 1.489318252540067222e-01 1.601398969563859465e-01 1.640759489106415614e-01 1.707767837606362082e-01 1.628063416182932710e-01 1.704803353313988079e-01 1.665449617761817491e-01 1.437158196745174921e-01 1.604376327182661099e-01 1.605112497303399499e-01 1.514311156870663810e-01 1.561177046233489518e-01 1.709607049162111814e-01 1.569997236851607691e-01 1.523612864863780336e-01 1.528381190094614539e-01 1.558343975305058471e-01 1.523422986251286304e-01 1.580356823138334976e-01 1.338551000366698662e-01 1.398158763685820039e-01 1.460294676529376723e-01 1.414360649407171155e-01 1.434425739323464399e-01 1.431266735469309548e-01 1.456329073999235724e-01 1.485356991587344910e-01 1.424735656992826838e-01 1.526158843301810564e-01 1.557612746520488645e-01 1.636035483804956225e-01 1.575026446210293640e-01 1.532035213361549186e-01 1.560136367160882276e-01 1.570651039194245202e-01 1.566410623806310798e-01 1.469769989205393090e-01 1.617761899856305363e-01 1.525879214302543752e-01
1.187572950329792015e-01 6.613117395021396450e-02 1.000000000000000000e+00 3.659397065877276201e-01 2.123031456283192564e-01 2.006146488050986332e-01 3.532348224572055551e-01 3.761676669125612049e-01 3.479405334055176158e-01 2.330061413081196686e-01 3.753243284090046483e-01 3.598919690735238874e-01 3.182732400804446637e-01 2.779301625880998272e-01 3.721212342831511921e-01 3.686029776798798729e-01 3.537933330460282244e-01 3.745676643289797547e-01 3.887427349657653353e-01 3.053237369133789958e-01 3.971760764702588209e-01 4.053312876468565529e-01 4.152994728475561392e-01 3.909576868344292744e-01 3.756532736705175402e-01 4.033546821974459129e-01 3.955252200241790028e-01 3.715115203604863470e-01 3.841840445524993264e-01 3.747042294184765310e-01 3.854963253253736455e-01 4.149734516318650535e-01 3.780047267853867687e-01 4.110506914360301245e-01 3.628845121151521025e-01 3.835397877479221895e-01 3.842814027717581515e-01 3.833823913256353411e-01 3.865931815525363580e-01 3.869981541530084779e-01 3.527739750377283379e-01 3.786603143430016805e-01 3.750637916086735912e-01 3.856691294909157519e-01 3.888095176871997904e-01 3.677938655609838126e-01 3.542325725926992463e-01 3.523055181050773754e-01 3.742383943392238455e-01 3.978816977008501898e-01 3.911763866584100358e-01 3.822954343392752641e-01 3.679804940732418483e-01 3.521266989618109244e-01 3.665241437887178377e-01 3.832677413799809307e-01 3.875997367780389391e-01 3.550770273491677398e-01 3.657338230324657102e-01 3.587325386434382923e-01 3.790201953076895447e-01 3.687837396625097131e-01 3.814046368700709788e-01 3.793569091226483003e-01 3.673134110404193686e-01 3.728934490097617904e-01 3.573153218532891251e-01 3.798630681026660127e-01 3.815579803267893921e-01 3.842018649177452727e-01 3.839056519449728921e-01 3.750471033329247916e-01 3.923178831091174712e-01 3.888716849441148926e-01 3.734980077795496123e-01 3.697391810488396269e-01 3.659668994709056600e-01 3.812941486987935225e-01 3.722501440177554688e-01 3.651459772236392842e-01 3.689900997985248732e-01 3.646992731297070134e-01 3.813917216310835356e-01 3.635363084200759487e-01 3.855768491339863213e-01 3.808778419350249411e-01 3.750677551729924564e-01 3.679869878585199650e-01 3.632230903153112478e-01 3.650251596741845295e-01 3.739644644911385152e-01 3.609940585378286770e-01 3.701779980634418710e-01 3.626826871933805374e-01 3.500176842988078074e-01 3.499942950123838825e-01 3.833295896218530396e-01 3.825621752726200975e-01 3.674134231535278738e-01 3.703289223740551805e-01 3.692002972036280140e-01 3.726918495978930324e-01 3.645490551609462671e-01 3.638362082105351947e-01 3.718397598462275799e-01 3.740704364990006803e-01 3.645047197211602752e-01 3.484856972883420556e-01 3.584297302389842788e-01 3.572400156023914364e-01 3.607938090474515636e-01 3.532847993818966081e-01 3.587676116986101005e-01 3.649865353971423754e-01 3.601815991740190959e-01 3.592113473295402426e-01
5.199524971649065186e-02 3.800920745879462354e-02 3.659397065877276201e-01 1.000000000000000000e+00 3.713732632528085609e-01 3.522492118596693977e-01 5.776212929488311332e-01 5.895036993687700067e-01 5.292760813294863365e-01 4.125217288100692659e-01 5.762638935368078474e-01 6.422767999401592931e-01 5.384461478455399019e-01 4.325235246189120808e-01 6.050437434037346796e-01 6.201793939406506917e-01 5.397820132720659858e-01 4.481462097328338667e-01 4.704898266946486163e-01 5.144209874281376882e-01 4.976286934094464320e-01 5.244243110363877580e-01 5.200623462954127030e-01 4.394023570892882646e-01 4.215533929473017638e-01 5.733105196727230624e-01 5.851248551810267484e-01 5.588581646032144690e-01 5.263958529973089551e-01 5.159823243000840609e-01 5.702532248684911709e-01 5.914598715133453366e-01 5.341374667535796483e-01 5.625469597141531386e-01 5.117159891837688157e-01 5.771336158517806902e-01 5.495000679869328497e-01 6.051468614101938037e-01 5.853792693341927089e-01 5.974310665382730479e-01 5.668293360688966276e-01 5.970585047534023859e-01 5.985157864957242335e-01 6.144874193702833942e-01 5.711865081267488709e-01 5.912079127666076683e-01 5.694034737838254978e-01 5.690538726131647573e-01 5.887128457151814542e-01 6.118581952398330914e-01 6.193103057392479460e-01 6.006585361989948968e-01 5.884584699760946336e-01 5.710207646622934563e-01 6.006139499087949085e-01 6.069576610850803133e-01 6.152452416167969451e-01 5.793299111872364238e-01 6.014312469449263343e-01 5.742313153373282963e-01 5.997996458769625505e-01 5.949033033555706229e-01 6.140356185413693435e-01 5.968979274216553721e-01 5.806918396340736699e-01 6.015631102865756086e-01 5.662032531534822999e-01 5.574479676983763454e-01 5.682687982406738891e-01 6.137189037506710632e-01 5.618422159538124516e-01 5.517572232659579967e-01 5.635696283021217612e-01 5.359591122202799207e-01 5.759363977368027188e-01 5.735460110399277500e-01 5.727718914954309515e-01 5.721052080779092108e-01 5.620649525637635424e-01 5.445814559614992056e-01 5.374152191338479323e-01 5.617397634070360191e-01 5.848783925278141504e-01 5.526220940277271065e-01 5.835003740084155899e-01 5.751690338700157223e-01 5.707368781550725689e-01 5.803440100513156397e-01 5.685314886617464092e-01 5.797725228504763129e-01 5.832395344851468710e-01 5.718079968193436891e-01 5.715304875792970307e-01 5.745655134052202184e-01 5.647598312201774773e-01 5.658378017259289017e-01 5.903979253991734621e-01 6.073577294708970564e-01 5.844222901857187846e-01 5.861287791838810657e-01 5.813013855636988136e-01 5.941678992497048117e-01 5.841218050209536772e-01 5.855158827215712902e-01 5.932993050864714402e-01 5.983049275997894823e-01 5.820814075747587912e-01 5.679033232673811327e-01 5.764036820676268214e-01 5.733559695256382760e-01 5.857781745590621147e-01 5.707819348283432737e-01 5.806760371631801698e-01 5.876775455841667384e-01 5.707852478421953091e-01 5.856396492151512145e-01
7.546162390270223785e-02 7.613723206647872443e-02 2.123031456283192564e-01 3.713732632528085609e-01 1.000000000000000000e+00 3.147860362429493741e-01 4.523561200577044805e-01 4.823550784129598812e-01 4.704399669427484221e-01 3.889310195616376142e-01 4.475216387571134824e-01 4.871206112670352639e-01 4.928671512889140072e-01 3.697789581518292623e-01 4.975732180096130719e-01 5.174863526001991509e-01 4.519355358961434366e-01 4.190735596091926252e-01 4.433314958732204047e-01 4.019727310184179059e-01 3.973923583627081424e-01 4.489477319941017619e-01 4.629920767343024268e-01 4.349488766617007895e-01 4.167397292641962236e-01 5.072409778960078608e-01 4.775404426558718107e-01 4.569797803567566818e-01 4.602076783922876557e-01 4.500717837168195512e-01 4.779534459843773897e-01 5.112215607446642940e-01 4.543792468402272355e-01 4.927402950010991711e-01 4.712557427730424964e-01 4.930688513617423885e-01 4.690075134658920897e-01 4.837683586669563329e-01 4.973820214576475940e-01 4.972847130532982995e-01 5.000525494655526648e-01 5.003629092875518936e-01 5.121123983916096023e-01 5.122661102755714513e-01 5.027621579840237942e-01 4.915581567255305484e-01 5.058702743375671496e-01 5.019753120569400151e-01 5.088623030229434407e-01 4.942606365142112601e-01 5.045438562661530568e-01 5.120381027195600732e-01 5.191592266192011085e-01 4.995199600778109095e-01 5.033205660363417877e-01 5.134777840806130644e-01 5.041698945250936426e-01 4.953135616280977538e-01 4.997948209986629586e-01 5.183579124209779510e-01 5.134276810013598258e-01 5.063509124698186703e-01 5.068904710325374818e-01 5.042310479668252743e-01 4.987195855561908364e-01 5.150500200946763751e-01 4.945965084030288228e-01 5.042324576980777850e-01 5.083780375578353938e-01 5.172329254806292687e-01 4.963530951913445732e-01 4.970542562404387521e-01 5.051322274473912799e-01 4.967169511177360608e-01 5.075554301300990723e-01 5.007280726313316777e-01 4.960344289637286797e-01 4.985699472374841013e-01 4.967941897376357829e-01 4.982208203515911538e-01 4.915457297078335008e-01 4.936339441537511141e-01 5.049895217242216239e-01 4.936985464679018998e-01 5.018654686868961878e-01 5.068457195502149570e-01 5.000619670687448393e-01 4.977034208413445016e-01 5.015800693793018850e-01 5.079653798045206115e-01 5.015113915675425416e-01 5.028826116783315925e-01 5.042255410142432170e-01 4.998535817159390771e-01 4.997871354864709126e-01 4.983626262116187533e-01 5.080565042779793261e-01 5.020599659341282717e-01 5.126755230694985954e-01 5.035899050287235834e-01 5.113476190252161935e-01 5.026454842360543740e-01 5.135357637094396521e-01 5.067322957694326835e-01 5.145185145057711296e-01 5.035376012866976669e-01 5.036040354179441847e-01 5.014503443460516241e-01 5.060736051101301092e-01 5.019740345548595606e-01 5.013977417309624096e-01 5.059779481039432536e-01 5.004508523297732658e-01 5.030804249530551608e-01 4.969228316203743723e-01 5.058130627535062374e-01
-2.917915370326571584e-02 8.144597320326094070e-02 2.006146488050986332e-01 3.522492118596693977e-01 3.147860362429493741e-01 1.000000000000000000e+00 5.055298096739005986e-01 4.749808351604722367e-01 5.109658425860881259e-01 4.722362176489017793e-01 5.301639498104252501e-01 5.711808689974864350e-01 5.156535810439619727e-01 4.508939501868863275e-01 5.815392537430837949e-01 5.697708498036525571e-01 5.189678482652365643e-01 4.296692954441764800e-01 4.708120651198963724e-01 3.779949192375323674e-01 3.988462340945094220e-01 4.961592578626339289e-01 5.024177494088458706e-01 4.429822895348981548e-01 4.606384234903216912e-01 5.456042907362957939e-01 5.398364630230496619e-01 5.264132984537581716e-01 5.078608030546943874e-01 5.219479821329171543e-01 5.535126743885565581e-01 5.623187286875096502e-01 5.244968424277399732e-01 5.520452967758321394e-01 5.348376483948366067e-01 5.149777524279398611e-01 5.527065656763757717e-01 5.778020680072780690e-01 5.843590571925003641e-01 5.562703926619181338e-01 5.872643748328011393e-01 5.936011593868186775e-01 5.654064554698985390e-01 5.981789589729482604e-01 5.806151943149951977e-01 5.839819563653969592e-01 5.961739977028039927e-01 5.962162936241016675e-01 5.925305458124997537e-01 5.692373239197089374e-01 5.870605704422469096e-01 5.468727318603466836e-01 5.865589608886674355e-01 5.885417286058023389e-01 5.798902644434126286e-01 5.825845769851147882e-01 5.734880310502284972e-01 6.032973686503870780e-01 5.981178951989339909e-01 5.998901318656472137e-01 5.917196726397763173e-01 5.959598836042532266e-01 5.854562442863582294e-01 5.855643642462257104e-01 5.871343684339949132e-01 5.795447558231524576e-01 6.016590875968478302e-01 5.988280546356102851e-01 5.955532372937727414e-01 5.807229411982860467e-01 5.899945768099520427e-01 5.951779763717059968e-01 5.840375052150075241e-01 5.792554551543742658e-01 6.003477417598689359e-01 5.976183869754452260e-01 5.945863098898331867e-01 5.798475634602494599e-01 5.913141979379056279e-01 5.897633739052869917e-01 5.896340978862516513e-01 5.971274203102456823e-01 5.894440959240869748e-01 5.902680126317867426e-01 5.947659283032549205e-01 5.954684769740321570e-01 5.951384836430997360e-01 6.032055239035952754e-01 6.000870643643172464e-01 5.859563761064483511e-01 5.940713045455245922e-01 6.074377363962083498e-01 6.006040455439330961e-01 6.030217704565663528e-01 6.037645662064607954e-01 6.026076045787287505e-01 5.854599803879668718e-01 5.868426888796905994e-01 5.978296381678189775e-01 6.002350819081235800e-01 5.969328256053005877e-01 6.001819268146032504e-01 6.011518672396357621e-01 6.032622472877272601e-01 5.914102414772809402e-01 5.889005056473058941e-01 5.990768674663533577e-01 5.998993212436239952e-01 5.994455450557891751e-01 6.019732143422322768e-01 6.006992845597145525e-01 6.021943065210206836e-01 6.002149157026235304e-01 5.985615123688374783e-01 5.948071169044049089e-01 5.956549763538587783e-01
1.678782949128344859e-02 8.634012520903039389e-02 3.532348224572055551e-01 5.776212929488311332e-01 4.523561200577044805e-01 5.055298096739005986e-01 1.000000000000000000e+00 7.165390510180114081e-01 6.821574105778607233e-01 6.059470348436203357e-01 7.184176239138656550e-01 7.716022810206166760e-01 6.900391995629248099e-01 5.932893272744554913e-01 8.426661363139693606e-01 7.910802870379320950e-01 6.850192789084528222e-01 6.182820194666801550e-01 6.415042665213276374e-01 6.003148728321117122e-01 5.883269087809021025e-01 6.795003837068875896e-01 7.125118708726893013e-01 6.313733270153044641e-01 6.224708594602702538e-01 7.556301102593238062e-01 7.597125034163545454e-01 7.628344890566383096e-01 7.425586140931212942e-01 7.292769066636418662e-01 7.940147838884595854e-01 7.864794017627700917e-01 7.505408021372832472e-01 7.755504134213608847e-01 7.554492707653875927e-01 7.259007232008375388e-01 7.683682939520498634e-01 8.088005973110715674e-01 8.046075443219300460e-01 7.853801289951914955e-01 7.796304331274190869e-01 8.037551002108508369e-01 7.908180167761261758e-01 8.166095323279405349e-01 7.831056005634564610e-01 8.226516761305601166e-01 7.784944691329106492e-01 7.811664532794304616e-01 7.870015514321213601e-01 7.798524493348976128e-01 7.994120330847931388e-01 7.446165010867372702e-01 7.754235828423231558e-01 7.671956014233364263e-01 7.876244571592350141e-01 7.961806453225387381e-01 7.698476265215883352e-01 7.769917888478058421e-01 7.920688733626897182e-01 7.755194215611763697e-01 7.900082184261991713e-01 7.869662626707444320e-01 7.887675026717370086e-01 7.811952583616941226e-01 7.670552225520609335e-01 7.775183464048420756e-01 7.798831385683679951e-01 7.822787939806422619e-01 7.942395919579403607e-01 8.032753388233392355e-01 7.718855017793426754e-01 7.767710835622433363e-01 7.846377371018634639e-01 7.667959698556519044e-01 7.943072306606879796e-01 7.998211044829021121e-01 8.006683143696649019e-01 7.993890066968727393e-01 7.984225770397332944e-01 7.853174433770615526e-01 7.854068371790896563e-01 7.935469083354568243e-01 7.942618173157892647e-01 7.924310843883621835e-01 7.987383811671788791e-01 8.015469403268358217e-01 7.946163733964646259e-01 8.007331167004206884e-01 8.003480747313872490e-01 7.876412836460882083e-01 7.999586264647569056e-01 7.946873576131476824e-01 7.904809728126309665e-01 8.016006721761342879e-01 7.839669315429321772e-01 7.842795305094101277e-01 7.875704785465120761e-01 7.864825361626941458e-01 7.904225801902844406e-01 7.934705618878473699e-01 7.953459709450731996e-01 7.947670237901321988e-01 7.886208093575540756e-01 7.941078123790410448e-01 7.929433105019362271e-01 7.841110055695007519e-01 7.885167604548611875e-01 7.840503947318635536e-01 7.927113253253457170e-01 7.853764103836119448e-01 7.924445817657721491e-01 7.808517148446516565e-01 7.847397849772975720e-01 7.900923493467254533e-01 7.757207214784801463e-01 7.892016684443826646e-01
4.487337308535555708e-02 8.207852905416179734e-02 3.761676669125612049e-01 5.895036993687700067e-01 4.823550784129598812e-01 4.749808351604722367e-01 7.165390510180114081e-01 1.000000000000000000e+00 6.651994034033650305e-01 5.856047032077963399e-01 6.932043861491132830e-01 7.511477378021416129e-01 6.690507220652279763e-01 5.727133425054650173e-01 7.630847931683621965e-01 7.988129796392384740e-01 6.675479733827921480e-01 5.867070363493533947e-01 6.283474979227484658e-01 5.669995293658002256e-01 5.819469032948144660e-01 6.575355983887390954e-01 6.517192478344105977e-01 5.982302431618219396e-01 5.873043462964018246e-01 7.201176777177283883e-01 7.165636706102281872e-01 6.807961781408757851e-01 6.918743127195203790e-01 6.849606680228055300e-01 7.346005430239732625e-01 7.526223818128597864e-01 6.798402644723862132e-01 7.328701186749038143e-01 7.004925804901589448e-01 6.990083459589082615e-01 7.104798926931712444e-01 7.721188929667506251e-01 7.577760369314501254e-01 7.319375156164166230e-01 7.334728711402096479e-01 7.500385825481560298e-01 7.435174251932902267e-01 7.777262936999602694e-01 7.313184219439827771e-01 7.565476814930357508e-01 7.436253856374175353e-01 7.518850305986537474e-01 7.565108258786477080e-01 7.639801461772184332e-01 7.819292434306619466e-01 7.126620192938967202e-01 7.349406987489036647e-01 7.514359832891261970e-01 7.826292514122306088e-01 7.648888736878539651e-01 7.580222892445015459e-01 7.447985838766574274e-01 7.753713784118191343e-01 7.424962435674549166e-01 7.649457458881063765e-01 7.674899427350768688e-01 7.809986998276414738e-01 7.574246323388784674e-01 7.384318713969174608e-01 7.552323156148550432e-01 7.425284105437842674e-01 7.394789348719604805e-01 7.505045532969668587e-01 7.634633562306444299e-01 7.354623500566427330e-01 7.355360233523302593e-01 7.363922106113711674e-01 7.229714633711761262e-01 7.496913909421494271e-01 7.501446341323622091e-01 7.386260907468933379e-01 7.515492100495959615e-01 7.423208878440251679e-01 7.422538987844301550e-01 7.348071937349432980e-01 7.456565912488474224e-01 7.476016926449449151e-01 7.403884824801995057e-01 7.607043267536649500e-01 7.534536988895509380e-01 7.428117891711111254e-01 7.622356325524196619e-01 7.548869881818169869e-01 7.619477190985509685e-01 7.367231262232224465e-01 7.466500134052596049e-01 7.453198870255010045e-01 7.511789975922880114e-01 7.452752931063170161e-01 7.460725694470143887e-01 7.588884138399413226e-01 7.718273147647117804e-01 7.636048229241025886e-01 7.617467156001650475e-01 7.527239662980433899e-01 7.767623772763140311e-01 7.506880244697532456e-01 7.622525817280461080e-01 7.557147815057494444e-01 7.669474106101917821e-01 7.578034958167987334e-01 7.516082507329885365e-01 7.644998949829152624e-01 7.503868496729407811e-01 7.671529079008244656e-01 7.437625270808707612e-01 7.581361500408934084e-01 7.651660524656708207e-01 7.402315078127278403e-01 7.547180596418292531e-01
1.383600283886156912e-01 1.861596495581894772e-01 3.479405334055176158e-01 5.292760813294863365e-01 4.704399669427484221e-01 5.109658425860881259e-01 6.821574105778607233e-01 6.651994034033650305e-01 1.000000000000000000e+00 7.051029233496658444e-01 7.855543156097997137e-01 8.142580866356700087e-01 7.551411669851338937e-01 6.153465795847169462e-01 8.138450655528454147e-01 8.201071055666646625e-01 8.028931602101837539e-01 6.092277840044194592e-01 7.055886078633819558e-01 5.425843413511423075e-01 5.720198672410056195e-01 7.334750340993195783e-01 7.413133727676359808e-01 6.449884802817782425e-01 6.798575717849082434e-01 8.056926432171543917e-01 7.891196502384908440e-01 7.416209819408918769e-01 7.390911249560478957e-01 7.792290125085029606e-01 8.153231638877508347e-01 8.348001321494286087e-01 7.718936511949562318e-01 8.037730027577377756e-01 7.926575812145094657e-01 7.808283729928322536e-01 8.046489174148886425e-01 8.298009075077676933e-01 8.394776231506770880e-01 7.972828029923446636e-01 8.528902513978238176e-01 8.383277612662564104e-01 8.083418048450627946e-01 8.528662956375997473e-01 8.452791244511678181e-01 8.189165505868354344e-01 8.623406277747724946e-01 8.683254258717435503e-01 8.685501823904283603e-01 8.407564746517166565e-01 8.449172565649371025e-01 8.020042560072179194e-01 8.536172900861244139e-01 8.571862086460851904e-01 8.390505030498806027e-01 8.522633526978322660e-01 8.599488707795893694e-01 8.556389916795978934e-01 8.541369150708741920e-01 8.746160367495159349e-01 8.605018386123132190e-01 8.625999171250589015e-01 8.483425006752095543e-01 8.690552350972349238e-01 8.666846901402299741e-01 8.637974461977890872e-01 8.672897828282649657e-01 8.524671210446137515e-01 8.618535530718881565e-01 8.399445874790978372e-01 8.437491589599398489e-01 8.567401980606711431e-01 8.347383996534731843e-01 8.389539961751312225e-01 8.646582899557715418e-01 8.583194072878551628e-01 8.444776192384597646e-01 8.377874014877010334e-01 8.541716692882075357e-01 8.615932283025700134e-01 8.565640986078645325e-01 8.623088217304109016e-01 8.647599085313458778e-01 8.538781975410633107e-01 8.593738695441027753e-01 8.589722652362119515e-01 8.567210897548381832e-01 8.615250590964739219e-01 8.600594934900749333e-01 8.620809999822437453e-01 8.472907141221946992e-01 8.603611925727765453e-01 8.611750236377906376e-01 8.580771398320397036e-01 8.637727647653776764e-01 8.669184857552635348e-01 8.577813169608606847e-01 8.623444660178476440e-01 8.638301387620404004e-01 8.619191901801841471e-01 8.530969878013140439e-01 8.608660207069784853e-01 8.654120404394752830e-01 8.624377234867556252e-01 8.629754909459377288e-01 8.660536631702202559e-01 8.713915324696610565e-01 8.631280538486806320e-01 8.630919250537386622e-01 8.670645447618440249e-01 8.632528631974123456e-01 8.716735630868885920e-01 8.660718761011273470e-01 8.664031075028810758e-01 8.686374148298250386e-01 8.674032014589787565e-01
1.673620192995270775e-02 1.972621556032480572e-01 2.330061413081196686e-01 4.125217288100692659e-01 3.889310195616376142e-01 4.722362176489017793e-01 6.059470348436203357e-01 5.856047032077963399e-01 7.051029233496658444e-01 1.000000000000000000e+00 7.042226717579034290e-01 7.121416809742346921e-01 6.650042213343396735e-01 5.733933923963669965e-01 7.243613708874656609e-01 7.283440100123372840e-01 6.638720780772247032e-01 4.940065862880376746e-01 5.846826915740981345e-01 4.546924402569235690e-01 4.303371025817361861e-01 6.080508050382812391e-01 6.317925511384860915e-01 5.291611990108011643e-01 5.775826643051868992e-01 7.008248719127286863e-01 6.850214793468811791e-01 6.595346928570697820e-01 6.471334193296047754e-01 6.913340721395715427e-01 7.332476417113344969e-01 7.209319148143862321e-01 6.732105147713497439e-01 6.939865213012588185e-01 7.161321509241550531e-01 6.669208659614086487e-01 7.133671001423974589e-01 7.510164372392235110e-01 7.493447614365543741e-01 7.005666924254287942e-01 7.766145068681569175e-01 7.510652144033970190e-01 7.211978651467226831e-01 7.633636257944644843e-01 7.513833569513215238e-01 7.489834685835259354e-01 7.820977274649832944e-01 7.949856134391656282e-01 7.778076897250391086e-01 7.254004215890810237e-01 7.521699388163811673e-01 6.599324131780462954e-01 7.505373355190392282e-01 7.887200139000700716e-01 7.728527984588777766e-01 7.696992952229980700e-01 7.476742893062979789e-01 7.784340340863844521e-01 7.841489601876021620e-01 7.809341368971589592e-01 7.629735208002663693e-01 7.810850919144473048e-01 7.628863109739724147e-01 7.675296329540297613e-01 7.578819191751374751e-01 7.589584919754142067e-01 7.860469003977066382e-01 7.649566683431128222e-01 7.749325209297914796e-01 7.430869536465479763e-01 7.456245106205694473e-01 7.723885495899844855e-01 7.407097214713186384e-01 7.419493938100943931e-01 7.782884924386690439e-01 7.783081121145899450e-01 7.675165033086224220e-01 7.534409281191273289e-01 7.771002495195494797e-01 7.853518012466513820e-01 7.811031084876464137e-01 7.864903067660705682e-01 7.744267098214671075e-01 7.776328295501906407e-01 7.628722717679941034e-01 7.690930654804892797e-01 7.738901476590238637e-01 7.852609235514943498e-01 7.826763916651543473e-01 7.867407984448802072e-01 7.632203246875463032e-01 7.836022973111467227e-01 7.798173966408974422e-01 7.843718331986005987e-01 7.903100066535397872e-01 7.934269574109791279e-01 7.567325054883744517e-01 7.531023425915877034e-01 7.785990578966389686e-01 7.764610227334518555e-01 7.734674629005097168e-01 7.790353833152313667e-01 7.712794226927749408e-01 7.817580893326320224e-01 7.603401925338109102e-01 7.744302971098525612e-01 7.838032471696109171e-01 7.946836042081938389e-01 7.922889429515102000e-01 7.902361550739770424e-01 7.891900546355714585e-01 7.897442402879126799e-01 7.902172088644867642e-01 7.811160612642616963e-01 7.798683940446776708e-01 7.774997249554630452e-01
5.502065937937727913e-02 1.426046427005163986e-01 3.753243284090046483e-01 5.762638935368078474e-01 4.475216387571134824e-01 5.301639498104252501e-01 7.184176239138656550e-01 6.932043861491132830e-01 7.855543156097997137e-01 7.042226717579034290e-01 1.000000000000000000e+00 8.521850201483700538e-01 7.572613541730424114e-01 6.387550636922681990e-01 8.443420640318937131e-01 8.419551771694431253e-01 7.908477289772453123e-01 6.334969664442531290e-01 7.115652075871317095e-01 5.701629717026910349e-01 6.017423728184461140e-01 7.463691300225674397e-01 7.683816087433735786e-01 6.545406868242468201e-01 6.881462579999260143e-01 8.163726926455552313e-01 8.252319975960885623e-01 7.909214205102136352e-01 7.587200740655760667e-01 8.076953060819275221e-01 8.455859665056545404e-01 8.462510327251294706e-01 8.051735450067109001e-01 8.246751703637006381e-01 8.102582267079165845e-01 8.070009896228224067e-01 8.376279666247334887e-01 8.655798858361728465e-01 8.730895455704014152e-01 8.391355207045836373e-01 8.733530477372142276e-01 8.718113884284268700e-01 8.457516528800234079e-01 8.824003220550764581e-01 8.714172059427797157e-01 8.621704005848321861e-01 8.750578784955294065e-01 8.815133412805977731e-01 8.832995841605867371e-01 8.592872991127219473e-01 8.736139588448713633e-01 8.102122279602984589e-01 8.597813631310559090e-01 8.720930173899238413e-01 8.589827229033362155e-01 8.773117744584171263e-01 8.703518753672051522e-01 8.750508987960640139e-01 8.807627836913773933e-01 8.757988563758190015e-01 8.791147058286035154e-01 8.802646345226710078e-01 8.736738099769282284e-01 8.789946306939828702e-01 8.756956275245340038e-01 8.696165805393402115e-01 8.822606987933625522e-01 8.708874109990271117e-01 8.770386522869185741e-01 8.663417382430866898e-01 8.615592882357281379e-01 8.727046125623053596e-01 8.557382863573494980e-01 8.540260296046418009e-01 8.840076801141550922e-01 8.842170714051301728e-01 8.730410122516053528e-01 8.593867151575488306e-01 8.734380386985098887e-01 8.734978851992390991e-01 8.683935274929436288e-01 8.809606801986763491e-01 8.837624259525895809e-01 8.732127127315985060e-01 8.808387776386454870e-01 8.793869843592810875e-01 8.813915586314418071e-01 8.847465733848325353e-01 8.813748706670484490e-01 8.785470873849092754e-01 8.768903022837860606e-01 8.846820450721863960e-01 8.833220085135444766e-01 8.839804075488583157e-01 8.811793421288907080e-01 8.838966169476393242e-01 8.761654583503252214e-01 8.749985461953755372e-01 8.817870418101176888e-01 8.833236601273601885e-01 8.801525190464050130e-01 8.844660357391996852e-01 8.798140334278087282e-01 8.845134441258261093e-01 8.796159930243812042e-01 8.805792773557223896e-01 8.853127849290954865e-01 8.798351755829481036e-01 8.815861899041784744e-01 8.824989923325344821e-01 8.838019704080767314e-01 8.821353383262203751e-01 8.848142918842921700e-01 8.837224777334800052e-01 8.812452566162760625e-01 8.821046496795068581e-01
2.484353481259618870e-02 1.066837932405161199e-01 3.598919690735238874e-01 6.422767999401592931e-01 4.871206112670352639e-01 5.711808689974864350e-01 7.716022810206166760e-01 7.511477378021416129e-01 8.142580866356700087e-01 7.121416809742346921e-01 8.521850201483700538e-01 1.000000000000000000e+00 8.012005304852528598e-01 6.742175202841858006e-01 8.954578311854463069e-01 9.026690419949799926e-01 8.221392645266568655e-01 6.496153317804366223e-01 7.224198705864126602e-01 6.322815152489434931e-01 6.465957319965314198e-01 7.738744420335365026e-01 7.801329604193470990e-01 6.672259526990689249e-01 6.895093979985006394e-01 8.464748992621736745e-01 8.534686388089133269e-01 8.199765778356742363e-01 7.855101007219975617e-01 8.214296732311791027e-01 8.725269890941503848e-01 8.837569683349725258e-01 8.286838345278674245e-01 8.498292802673335089e-01 8.277061182028355724e-01 8.502704755299442807e-01 8.552194942828730273e-01 9.086520116696424898e-01 9.104331526491977744e-01 8.851617658433729163e-01 9.091842932920463083e-01 9.125929440419854322e-01 8.973927062498467944e-01 9.291286080569363115e-01 8.993076953290389808e-01 9.008718516223559458e-01 9.169913502682019990e-01 9.172573006373053728e-01 9.265943061683175053e-01 9.088615021854692388e-01 9.241027965563244351e-01 8.710995110063745051e-01 9.105906871722473372e-01 9.085590309092049788e-01 9.041859906511869882e-01 9.181749533086168702e-01 9.196241118907302337e-01 9.156590300622854395e-01 9.228781888570705139e-01 9.197533658825221003e-01 9.289565333833466054e-01 9.256254556077098128e-01 9.224182969615637440e-01 9.265089163672532990e-01 9.159494350157234566e-01 9.232436008588031928e-01 9.202801684196330045e-01 9.043436804161757436e-01 9.101575208785813720e-01 9.171668564897650366e-01 8.952644923605981297e-01 9.028838544366025731e-01 8.883384117559505189e-01 8.796278181680571295e-01 9.185602789533242607e-01 9.185335484437854303e-01 9.106474573853722276e-01 8.933071452746196295e-01 9.054576751695859738e-01 9.015578213259504148e-01 8.940473087876389391e-01 9.128934236616577103e-01 9.196414550143097166e-01 9.004299977361711615e-01 9.149377511072910307e-01 9.140226526254542350e-01 9.159914099434781631e-01 9.215518592022130528e-01 9.183916069774316071e-01 9.158538516395416940e-01 9.125663576845024494e-01 9.237614193813660224e-01 9.194500671736657305e-01 9.221722844235248351e-01 9.201285553164064712e-01 9.219032967364386710e-01 9.155851579287228592e-01 9.213405923568371847e-01 9.246346808898469050e-01 9.239922021698069310e-01 9.224221752360477478e-01 9.271528071334215193e-01 9.240565994868317201e-01 9.280138584683021996e-01 9.270721112695802235e-01 9.224640005065303239e-01 9.260337767301417555e-01 9.177646300794102263e-01 9.200888462434718695e-01 9.207965308893441003e-01 9.233929212064758696e-01 9.221535263007830663e-01 9.236870682991491499e-01 9.262405561036792800e-01 9.187742801373122159e-01 9.254421894250857150e-01
4.198486881313856500e-02 1.167398950521318785e-01 3.182732400804446637e-01 5.384461478455399019e-01 4.928671512889140072e-01 5.156535810439619727e-01 6.900391995629248099e-01 6.690507220652279763e-01 7.551411669851338937e-01 6.650042213343396735e-01 7.572613541730424114e-01 8.012005304852528598e-01 1.000000000000000000e+00 6.275396218453708208e-01 8.158031474389858539e-01 8.191924600428901471e-01 7.362899981886621426e-01 6.214778150651696365e-01 6.726474171089014131e-01 5.568016045508589196e-01 5.723611967628758901e-01 7.034070514575249122e-01 7.245422291442996654e-01 6.357775583471125813e-01 6.534307565793165962e-01 7.936658291702634038e-01 7.764562128243555073e-01 7.491682654816163023e-01 7.201307048230680685e-01 7.511430505785917644e-01 7.928148508842142173e-01 8.102819648664679741e-01 7.609678362624627823e-01 7.771383810857287466e-01 7.724603420060059955e-01 7.652951769660610859e-01 7.808480431853548343e-01 8.159391302952019309e-01 8.261090702720127465e-01 8.062234055713092262e-01 8.388570415301871419e-01 8.319722085506519038e-01 8.256252469040693542e-01 8.436929595193288778e-01 8.284479594499708499e-01 8.231069548410936410e-01 8.461359672185136960e-01 8.425740349621438918e-01 8.459115536258657864e-01 8.148395337993052934e-01 8.312245728397064104e-01 7.873207152461201286e-01 8.366446819233135379e-01 8.310101760674575289e-01 8.222510752276310786e-01 8.390985448809715752e-01 8.187550339748357331e-01 8.393240606025929029e-01 8.345945832262838815e-01 8.500978968539008029e-01 8.463218006664309234e-01 8.397570827590354892e-01 8.244787453191776416e-01 8.362461908536111821e-01 8.270044583115917503e-01 8.326035654319983159e-01 8.418673767276581010e-01 8.389926778560399256e-01 8.435604131121740012e-01 8.334753323154758808e-01 8.256311629797797869e-01 8.356419688421146130e-01 8.209279899930952418e-01 8.187836208265650839e-01 8.489950381770827725e-01 8.440658832629509556e-01 8.366794256787787321e-01 8.184304331932670262e-01 8.384517281380929887e-01 8.386082472664607712e-01 8.323555968063802712e-01 8.393663387047648472e-01 8.409244891630177632e-01 8.400367684470126939e-01 8.405599116528296166e-01 8.408373324883020583e-01 8.419375168089087147e-01 8.448622865521715486e-01 8.463941500163951748e-01 8.407446774506408538e-01 8.411048311198278116e-01 8.478844920367516469e-01 8.456983048193159602e-01 8.467980432652404410e-01 8.470091786319996485e-01 8.470691673781720610e-01 8.381091066226682429e-01 8.277987830001939384e-01 8.470627948510084382e-01 8.442237797082909889e-01 8.492914792222029385e-01 8.401257282912846236e-01 8.482262622254671536e-01 8.490275145222148101e-01 8.418965602610287702e-01 8.334168298834998545e-01 8.454983346681892442e-01 8.436926107648079487e-01 8.461948157884049415e-01 8.476319261977955932e-01 8.436366263817023370e-01 8.482634417994573406e-01 8.439858768466120820e-01 8.432829785541152701e-01 8.357025181163767469e-01 8.429043768254843583e-01
