1.000000000000000000e+00 1.855982721560079374e-01 1.699009521884285445e-01 -1.515655671305916712e-02 -5.026677024676324407e-02 -2.480085782144137926e-02 2.463342068287941236e-02 6.530407647910728419e-02 1.787978587655943696e-01 9.002924375238166577e-02 7.750584795601608845e-02 1.565151812709961177e-02 7.054284371799705682e-03 3.366088035142853190e-03 -3.610608776814122969e-03 2.975943382722869013e-02 1.949840772403123035e-01 2.833060822278184454e-01 1.474816248347055325e-01 -2.710955896352997604e-03 1.736865138168874056e-01 6.282714509854370188e-02 2.405833003284632288e-01 2.532683795467650101e-01 2.040029074668276987e-01 1.648223228870359380e-01 1.573497053369403986e-01 1.694298325603043887e-01 2.883324119512770678e-01 2.308954069068625825e-01 1.597722304892272571e-01 1.648006000378044456e-01 1.872735787932860996e-01 1.584931348720362010e-01 1.738706416385893128e-01 1.040623453886474342e-01 1.344528584063328369e-01 1.151324613514464745e-01 1.261691221122378803e-01 1.606793553979047467e-02 4.993019317553015757e-02 4.185733725904385027e-02 1.393573155583584418e-02 4.285745057560243210e-02 6.996857498105077400e-02 1.006041189614879094e-01 3.611209595452843923e-02 4.748857885706330578e-02 3.322954654987837070e-02 3.413669126277372318e-02 5.311764686724618906e-02 3.642870439909113439e-02 1.706075412889279663e-02 1.191757589346580798e-01 1.158243875238566395e-01 8.247297161450202474e-02 1.169196310085868357e-01 7.239004539989551956e-02 8.904188282591667114e-02 5.908522821271905423e-02 3.823016462328329007e-02 9.947980915152206116e-02 6.549821783689038779e-02 8.751190850422152501e-02 7.615242104872642359e-02 8.037985344919378050e-02 5.291827569488505301e-02 9.210940037295746452e-02 9.979523207702363508e-02 1.038331518997090072e-02 3.319590660908731256e-02 6.798456557844186066e-02 1.234057814729233316e-01 1.070794990820770481e-01 5.897037472623085919e-02 7.652017933335206190e-02 8.223615415588647615e-02 1.360663040041583394e-01 7.804318397611657854e-02 9.270647076974299072e-02 8.707528740369428755e-02 7.278766760480316622e-02 7.471263414874876330e-02 1.055125967603275650e-01 3.558851296878716430e-02 6.727951158250239372e-02 4.931006703379556266e-02 3.988675725252020104e-02 5.346580500199573510e-02 5.663900368560893100e-02 3.364462886376865663e-02 2.008560893905916855e-02 2.967816233718241145e-02 2.833739494928096819e-02 1.312382316738596247e-02 3.211203556001877846e-02 -5.598173679677345346e-03 3.640962379540439720e-02 9.722254458115241540e-03 1.041722094332903602e-02 -1.865083982635400844e-02 2.070936770233170951e-02 3.950743262854941422e-03 1.547779875448122497e-02 1.562095944047660681e-02 7.198568300807309250e-02 2.797959376202979048e-02 4.433137679392679803e-02 4.028048520679426703e-02 3.152882242384726780e-02 2.337360687593173503e-02 3.171032377371490324e-02 3.756433790531428507e-02 2.929521397686205009e-02 5.351852545362929814e-02 3.538313562975832494e-02
1.855982721560079374e-01 1.000000000000000000e+00 8.705894974313936607e-02 3.391256536813806038e-02 2.719357256766414405e-02 3.514126155602308177e-02 7.285229774445113604e-02 6.268095936621119468e-02 2.177980932514110846e-01 2.340780951182514225e-01 1.389549772383654735e-01 1.109348867481336209e-01 9.921794350779349070e-02 1.035836427179402525e-01 1.258746593860810004e-01 1.339628043705063110e-01 1.965933546588285730e-01 1.803192887677029232e-01 1.273703642879409070e-01 -4.237753452676164267e-02 1.076911244924753097e-01 8.338320327111349572e-02 1.996508668063418090e-01 2.073134079449289180e-01 1.784790845970642692e-01 1.915507429586176258e-01 1.773578285610066252e-01 2.063203554614044810e-01 2.713460651180101824e-01 2.368877794899643396e-01 2.043707884206436287e-01 2.051998773655104857e-01 2.211673636838903390e-01 2.264827241283279280e-01 2.290186785619882925e-01 1.809431156847575162e-01 1.868470589433613716e-01 2.044603475555490102e-01 2.017641197703092804e-01 1.206650690546106630e-01 1.635898089341552009e-01 1.521054264060492933e-01 1.202302327130800180e-01 1.443595191102873543e-01 1.625942995773405619e-01 1.750521681924576411e-01 1.546420490181976415e-01 1.655155353036055210e-01 1.460547148709591680e-01 1.361480832397980456e-01 1.698581696518011996e-01 1.139197571672109222e-01 1.271403754866886338e-01 1.843521739165761564e-01 1.848134610080706397e-01 1.831862746582991475e-01 1.694921926259490841e-01 1.704782939802369224e-01 1.776883997083999467e-01 1.584960038318798947e-01 1.475392517159438421e-01 1.709166720534747441e-01 1.566608943935719200e-01 1.718216946090916353e-01 1.725519320391996902e-01 1.652384357033513662e-01 1.735525438204398585e-01 1.768808319730980072e-01 1.835182481564300305e-01 1.062420156907931124e-01 1.290610188883961618e-01 1.644248170964027755e-01 1.864623571502263821e-01 1.754105367170806506e-01 1.677969327369624175e-01 1.731023176157913679e-01 1.828739227908501019e-01 2.137520618161323216e-01 1.862790967483740068e-01 2.018935881447765091e-01 1.887022365864925999e-01 1.784220762872203991e-01 1.762682785963270160e-01 2.062211259289765952e-01 1.614301988905608998e-01 1.756082205127054985e-01 1.645215608526056916e-01 1.663494706404211598e-01 1.724583142784510137e-01 1.738459172018453069e-01 1.534383070530880300e-01 1.530003777894000661e-01 1.574372715565922898e-01 1.548383578900796587e-01 1.511876203409031616e-01 1.615308465968313956e-01 1.227632747918142447e-01 1.376068193940970519e-01 1.441102748394218758e-01 1.428391236298857947e-01 1.255823096674388573e-01 1.377343170645801695e-01 1.402499917557112896e-01 1.408404555326948082e-01 1.388649877358792417e-01 1.605223245865278758e-01 1.522920225802885108e-01 1.668115639082599910e-01 1.609604605728381099e-01 1.541185000754011214e-01 1.499818180423262981e-01 1.531323285908874066e-01 1.544838418778591016e-01 1.490139693442208424e-01 1.649516619223902469e-01 1.522405095158997079e-01
1.699009521884285445e-01 8.705894974313936607e-02 1.000000000000000000e+00 3.921498824223584312e-01 1.548357006850772377e-01 2.032165960547067940e-01 3.982463742563095987e-01 4.025246207850328717e-01 3.786763322987655167e-01 3.116885530954638939e-01 4.268144767958671482e-01 4.210039213859357310e-01 3.546879704802912703e-01 3.526389768570873939e-01 3.886088238208662005e-01 3.913102086468467911e-01 4.074646157348171815e-01 4.629311553152058445e-01 4.706454617718601741e-01 3.661014669763744678e-01 4.554794341622168674e-01 4.467002505286214453e-01 4.593408522097329194e-01 4.464214555963583186e-01 4.520139900988405235e-01 4.544360364551212061e-01 4.733266457827426388e-01 4.534745061131359445e-01 4.129206865600421050e-01 4.630324771158315644e-01 4.492248942231246711e-01 4.491992111988898362e-01 4.363361673895679860e-01 4.281099256074791803e-01 4.367223038889822551e-01 4.570067095767023080e-01 4.403038258249369896e-01 4.258357070464222072e-01 4.479221469554996449e-01 4.259150101865100679e-01 4.138295037520134945e-01 4.092656120481626414e-01 4.169302058244952480e-01 4.199525049891835726e-01 4.432165020210043216e-01 4.382204418825325076e-01 3.840524970295298157e-01 3.794517497062880329e-01 3.861696885813327706e-01 4.294403880210642122e-01 4.141168350055527414e-01 4.377583641600742426e-01 3.964474393825482834e-01 3.858082621503873821e-01 3.997013518529154985e-01 3.922677128784111122e-01 4.206559512612253471e-01 4.023582999533766857e-01 4.004563497494816326e-01 3.892923116460559885e-01 4.065415496988822319e-01 4.070504897052920623e-01 3.978188163722652382e-01 4.156788958661982170e-01 3.984145602811764997e-01 4.114800201061860618e-01 3.891024014618437166e-01 4.184362068544451585e-01 4.177388625407343348e-01 4.137459143313539922e-01 4.217724452620573716e-01 4.191439170712815132e-01 4.322676684901124444e-01 4.271444687496370185e-01 4.115561067500164705e-01 4.232055246799062975e-01 4.137952426994929711e-01 4.026743184672607612e-01 4.039491858239828148e-01 3.923365923644722142e-01 4.062875083859810998e-01 4.129117052857422809e-01 4.160072743702972198e-01 4.108998965579950258e-01 4.074311604023626021e-01 4.069121585240443317e-01 4.120384980474038894e-01 3.995732333100942557e-01 4.023506467166720335e-01 3.930474429377339707e-01 4.095663854403805981e-01 3.915930020251175980e-01 4.006697691685416340e-01 3.996595364733899203e-01 3.703825581317922722e-01 3.760672672896787083e-01 4.029696822272538226e-01 4.037407451715388507e-01 3.851422260145279108e-01 3.987873193198170907e-01 3.943629572839182917e-01 4.047700336254226872e-01 3.821290377319962461e-01 3.971685550645482898e-01 3.996129663372913754e-01 4.053053269351399313e-01 3.822311929296082766e-01 3.724869387237065843e-01 3.874917065993764287e-01 3.867455605037011801e-01 3.907813057076386931e-01 3.821096713356265662e-01 3.891255244898165211e-01 3.945408255543401133e-01 3.936772959858881316e-01 3.880215548691564598e-01
-1.515655671305916712e-02 3.391256536813806038e-02 3.921498824223584312e-01 1.000000000000000000e+00 3.091208041062086798e-01 3.925903215329699658e-01 6.375142050302418095e-01 6.305989563584455393e-01 4.597307366538394002e-01 3.789205812568627318e-01 5.944628708118984139e-01 6.865219223898267886e-01 5.348285199656082067e-01 5.269370891275639845e-01 6.150312086004193768e-01 5.950548130986194062e-01 5.177578329594244577e-01 4.839454327935125422e-01 5.867032716323841157e-01 6.268385989985426621e-01 6.299029143198006109e-01 6.718255517679500022e-01 4.998692828356422480e-01 4.520987242826721708e-01 5.396745754161448305e-01 5.790067987726077448e-01 5.810795294832413749e-01 5.602068271598056315e-01 3.885683681329684669e-01 5.055892327576753109e-01 5.477630018106407483e-01 5.460552893046716205e-01 5.046149261057920610e-01 5.116303028153058596e-01 4.629380073148479102e-01 5.944264711106891363e-01 5.404980030935649937e-01 5.504077020040564205e-01 5.756776155386790217e-01 6.567470120445194626e-01 5.774039171538630777e-01 5.897189366958356382e-01 6.237186691908734870e-01 6.013370376645154058e-01 6.130135346009611963e-01 5.641535046670539399e-01 5.458079224590085543e-01 5.207813387067002919e-01 5.413375757530471954e-01 6.460757378290212793e-01 5.976825336261054611e-01 6.832514653483128253e-01 5.994515510569593530e-01 4.967772026709969535e-01 5.183464714081822411e-01 5.230802337359448106e-01 5.811918546346864778e-01 5.595261797999565578e-01 5.353743079760212575e-01 5.545729837767218173e-01 5.941699857535174267e-01 5.490813678021519983e-01 5.737393191077834187e-01 5.760004541444913029e-01 5.537294280509500455e-01 5.889094282489270027e-01 5.288053842270172833e-01 5.459862983794047109e-01 5.421114465376165592e-01 6.357513592165942029e-01 6.177224673673586963e-01 5.801040665352772407e-01 5.298527832878300314e-01 5.480128130951478216e-01 5.697374146078567625e-01 5.590802804575879525e-01 5.535298233925305400e-01 4.813939116137266327e-01 5.428540272731656735e-01 5.013989272756256277e-01 5.258527819470161235e-01 5.514036229678812573e-01 5.642037187917365859e-01 5.143668075489719049e-01 5.704634289228330823e-01 5.388171201500123741e-01 5.575571828708546507e-01 5.666353649803149706e-01 5.510997800997038398e-01 5.472580074104106407e-01 5.871958648907676936e-01 5.654771520425693199e-01 5.698636169866841961e-01 5.754030076462323118e-01 5.311670175154176166e-01 5.275079798575424972e-01 6.112372800416329133e-01 5.907258502257508592e-01 5.613189892662416858e-01 5.783712119839199417e-01 6.041969498863056787e-01 5.988972516490540521e-01 5.739312721574855169e-01 5.886296260111243406e-01 5.899081612956720289e-01 5.663478117113386334e-01 5.466220741700661412e-01 5.147648979879873021e-01 5.452020310451348717e-01 5.500339271967850108e-01 5.636907705924509848e-01 5.468366123285925973e-01 5.563448111408886287e-01 5.672967794212249171e-01 5.490126670261344932e-01 5.591017092903362018e-01
-5.026677024676324407e-02 2.719357256766414405e-02 1.548357006850772377e-01 3.091208041062086798e-01 1.000000000000000000e+00 2.869333620852622668e-01 4.171286347460462784e-01 4.043830388653389396e-01 3.968803141749877028e-01 3.616147667380796848e-01 3.998496939033683861e-01 4.444173144967297762e-01 4.795762082838169182e-01 4.271804402127446498e-01 4.882572911959023876e-01 4.708520394908423112e-01 3.643005356071022383e-01 2.408994860022912188e-01 3.538917810152212295e-01 3.086397964319773646e-01 2.899390765215784649e-01 4.055427422669518611e-01 3.057443608569699323e-01 2.643861061099913590e-01 3.269800065021685742e-01 3.953022027083432643e-01 3.856380162820927660e-01 3.700704434851407876e-01 3.047344407655007692e-01 3.188164553471236617e-01 3.873849053810052290e-01 3.685776238819726824e-01 3.081152314746945509e-01 3.528888793660121537e-01 3.261256828654525708e-01 3.813058943186993788e-01 3.801433634032156950e-01 4.007137892939421908e-01 3.991180541918064040e-01 4.010258564484028843e-01 4.599486104335835379e-01 4.501649788368832228e-01 4.462911044820078166e-01 4.635423914067295925e-01 4.298250251435014047e-01 4.260407974790597074e-01 4.741783860070014067e-01 4.689867910045668609e-01 4.715173386496249730e-01 4.231700871355077442e-01 4.274552413674572726e-01 4.311335109466126192e-01 4.803767517590871727e-01 4.427648245583001296e-01 4.384311142587662968e-01 4.479794408719696697e-01 4.311622761849589480e-01 4.608210362466524934e-01 4.386498830600562004e-01 4.741513722139656384e-01 4.616508123343468495e-01 4.470424023757826326e-01 4.544657513144912397e-01 4.469917840195591352e-01 4.601341872416636614e-01 4.563990310586115706e-01 4.704210597360649615e-01 4.440981983498030750e-01 4.431619218948890104e-01 4.732270571176266372e-01 4.726618760854952028e-01 4.615312650316054088e-01 4.146922190674520170e-01 4.372067512538710399e-01 4.649472136373838382e-01 4.499259104816430432e-01 4.510788723691977475e-01 4.288522995494188361e-01 4.596468979423661283e-01 4.542496036431720174e-01 4.541126329729011646e-01 4.599668490860568948e-01 4.509813631718222471e-01 4.223197494243958738e-01 4.597670146474241437e-01 4.559775155168999672e-01 4.536585754411770477e-01 4.674546820326181407e-01 4.599121148167975570e-01 4.646647710791503849e-01 4.588755903097641586e-01 4.774610685192024473e-01 4.717682046276965857e-01 4.735062199040274700e-01 4.822976203328237510e-01 4.779364173933658977e-01 4.893120006704956282e-01 4.795851675400435443e-01 4.902165030959927949e-01 4.822149176179028052e-01 4.891714695142654334e-01 4.837815601548857147e-01 4.868332198840920610e-01 4.849980735847889135e-01 4.812724848670233979e-01 4.686926416192552236e-01 4.833052418200747824e-01 4.729952125116909656e-01 4.784837411800521578e-01 4.789431300285494353e-01 4.810665894752040317e-01 4.843714007079081840e-01 4.796283010607632069e-01 4.822184456876661973e-01 4.689462865393759228e-01 4.810264859188593811e-01
-2.480085782144137926e-02 3.514126155602308177e-02 2.032165960547067940e-01 3.925903215329699658e-01 2.869333620852622668e-01 1.000000000000000000e+00 5.249829318243252052e-01 4.790973925079144435e-01 5.120958549602678822e-01 4.766776849014041639e-01 5.377587008366270238e-01 5.897487818811559812e-01 5.419613636780235000e-01 5.578759395710051194e-01 6.140707941502870915e-01 6.001457379781353074e-01 5.152594347355974325e-01 3.904913340577174652e-01 4.925193747294889790e-01 3.929302137648020832e-01 4.291551116776790575e-01 5.234683388464117515e-01 4.640303566204033725e-01 4.108868667459555368e-01 4.681281182973243693e-01 5.400763286537566543e-01 5.467494773109518036e-01 5.452290773839134630e-01 4.503090478709966260e-01 4.644644934458064256e-01 5.385986293019293658e-01 5.408871591660361355e-01 4.930747289016357837e-01 5.282465121729682522e-01 5.006222449553010545e-01 5.466369249360667482e-01 5.493132179052295783e-01 5.607248892155377584e-01 5.624744530673577714e-01 5.809383915800466758e-01 6.006437334121871308e-01 6.015152019494592883e-01 5.844592472588765464e-01 6.064725374092164722e-01 5.943146832621168940e-01 5.907307203558823661e-01 6.047877157483737554e-01 6.017808794990305854e-01 5.981209066787309681e-01 5.841961783617670712e-01 5.925930465278296255e-01 5.748897112840604118e-01 6.031050972183098491e-01 5.760566767405962407e-01 5.707049270162912746e-01 5.864855031814845132e-01 5.802948158401322054e-01 5.985963798928551904e-01 5.865042495956815927e-01 6.021005307004814178e-01 6.071024427577619287e-01 5.881445472015162101e-01 5.903349113251689095e-01 5.957028584800754256e-01 5.940389803342386310e-01 5.953808319597541088e-01 6.005061720599650377e-01 5.858640571488548110e-01 5.806247291049821957e-01 5.921753957480435648e-01 5.989418157002582843e-01 5.943573407679527687e-01 5.620343493261926726e-01 5.736369426688111561e-01 6.033840620415311662e-01 5.985357145094996056e-01 6.002020554181747292e-01 5.666818434763153389e-01 5.949601039726317708e-01 5.794484050673056608e-01 5.916059952774573860e-01 5.966432025226301450e-01 5.976938866175260934e-01 5.805374446035945768e-01 6.032064960154637223e-01 5.932936500382121059e-01 6.040554255574498432e-01 6.061743517562910855e-01 6.036075884013513138e-01 6.021401846174482264e-01 6.120524724020055540e-01 6.128564037931594211e-01 6.084317181651175410e-01 6.129494990925519193e-01 6.086730279519412257e-01 6.063193497255177089e-01 6.081589932648923114e-01 6.023652918299479131e-01 6.102122230877357056e-01 6.081326644885223232e-01 6.137759451893413098e-01 6.089912174254318300e-01 6.099057444540726403e-01 6.122991503727689411e-01 6.075795469110616409e-01 5.998792141225808283e-01 6.034309304359356529e-01 6.016920420418983007e-01 6.043111524199227258e-01 6.091212137165863405e-01 6.091121747821118815e-01 6.084190290553684877e-01 6.064191075618928783e-01 6.077408528975909441e-01 5.998119966833430627e-01 6.053973789314359699e-01
2.463342068287941236e-02 7.285229774445113604e-02 3.982463742563095987e-01 6.375142050302418095e-01 4.171286347460462784e-01 5.249829318243252052e-01 1.000000000000000000e+00 7.505244881225535680e-01 6.469063375248634840e-01 5.765234948054346331e-01 7.413541570665180824e-01 7.929383661793589777e-01 7.032885786350739910e-01 6.946603014865293524e-01 8.342592938437092265e-01 7.926278393108626696e-01 6.916791099069204973e-01 6.091202331608600584e-01 7.030606054423970130e-01 6.423563674495297304e-01 6.673786964379393449e-01 7.432543876645577585e-01 6.735174173048275037e-01 6.216125235917036029e-01 6.745949766636273326e-01 7.427965927387769618e-01 7.540316785893197427e-01 7.574145101617071330e-01 6.068087246917962529e-01 6.668435200343405533e-01 7.468752469153661089e-01 7.455520692186062837e-01 6.772098368811175773e-01 7.100956970305805083e-01 6.645506742967586256e-01 7.542596269550483346e-01 7.475452685013196374e-01 7.664185598768560315e-01 7.787893731330594038e-01 8.083383084556401421e-01 7.812354535431224045e-01 8.125000071650114730e-01 8.078599292700895385e-01 8.024024040602660834e-01 7.931962086823234337e-01 7.997336308000358995e-01 7.651679352435765136e-01 7.515725449220932441e-01 7.597614584480392175e-01 7.952681813631279351e-01 7.879862617586420592e-01 7.912614331070428886e-01 7.808860311253403852e-01 7.325084139974087361e-01 7.437937042249982422e-01 7.520125091308437204e-01 7.665146453852111907e-01 7.776518264130779512e-01 7.622902664712275511e-01 7.643572744648555739e-01 7.920108963336432994e-01 7.649181926673748189e-01 7.712930570954614762e-01 7.757813632095681422e-01 7.537767337896953412e-01 7.719530649723748139e-01 7.525227673946800477e-01 7.522246862297905512e-01 7.584070809725346196e-01 7.941126912999805221e-01 7.836830196355601963e-01 7.700978297610771017e-01 7.481089580865977196e-01 7.549359964832534908e-01 7.779300770527058928e-01 7.786491705228599791e-01 7.792430982253556460e-01 7.244297368725949315e-01 7.677437141956086064e-01 7.362355337011089462e-01 7.636844433012797140e-01 7.736448340247590316e-01 7.814727974239606967e-01 7.497770526552005599e-01 7.847628847550106590e-01 7.622508942341478244e-01 7.792013250551224068e-01 7.932875859901706850e-01 7.828276591190292955e-01 7.732578552263342786e-01 8.030649684196518034e-01 7.877117491768186319e-01 7.813780838396280348e-01 7.959996281872732116e-01 7.579525469934620396e-01 7.559269617137683861e-01 8.050319214978742810e-01 7.778130945139006824e-01 7.749740838095072748e-01 7.901951887414444542e-01 8.037266016253865608e-01 7.954922897531931936e-01 7.723350179276171623e-01 7.920721055937337551e-01 7.826594356682327058e-01 7.772081139865368860e-01 7.631611534599810343e-01 7.506670052857637998e-01 7.694082513727649175e-01 7.718831775035558396e-01 7.827480213560316091e-01 7.638086617834767278e-01 7.745287224033111650e-01 7.769652214126882006e-01 7.606898919175251184e-01 7.646099432756364722e-01
6.530407647910728419e-02 6.268095936621119468e-02 4.025246207850328717e-01 6.305989563584455393e-01 4.043830388653389396e-01 4.790973925079144435e-01 7.505244881225535680e-01 1.000000000000000000e+00 6.302493348415501018e-01 5.454185949255494492e-01 7.085394999991029286e-01 7.763718550732346957e-01 6.783411545514087537e-01 6.580833194142911013e-01 7.709597394901611667e-01 7.717593280725504323e-01 6.754583335655028886e-01 6.155808602917295369e-01 6.891737354409356309e-01 6.360474692674578101e-01 6.995321876331980215e-01 7.360521839919011988e-01 6.504269658770561735e-01 5.968066806778339339e-01 6.627506441013676364e-01 7.201692172277132098e-01 7.300884534951519456e-01 7.275212195723723685e-01 6.038290994682644630e-01 6.691927067034072474e-01 6.967396332467248321e-01 7.168265501051397370e-01 6.723570176936121134e-01 6.866847338488967223e-01 6.493634025987349290e-01 7.314568559023605365e-01 7.066758706435929405e-01 7.386003702940437954e-01 7.464584131485964003e-01 7.639388245152224366e-01 7.360212894684107221e-01 7.547618028356982700e-01 7.713144271795040474e-01 7.658095273061358288e-01 7.499902954708215219e-01 7.519899756812996605e-01 7.257987073871865480e-01 7.111303276108043026e-01 7.262684315138477897e-01 7.772998207142191029e-01 7.556121409016279822e-01 7.786870770745618620e-01 7.481125839668487654e-01 7.067083761312065171e-01 7.230881431190649966e-01 7.172690247654668338e-01 7.583411407710290986e-01 7.451548904923067651e-01 7.364935025178735994e-01 7.312104039575937353e-01 7.584888118360253451e-01 7.460554784227660940e-01 7.521303302348029129e-01 7.496732661720371116e-01 7.271330059444341964e-01 7.525054098970426208e-01 7.148746606405375070e-01 7.228883413971051164e-01 7.244932714365680537e-01 7.712042588876059090e-01 7.576497878236694294e-01 7.407045685523122591e-01 7.112979593064012729e-01 7.218526385375318988e-01 7.404540727566064628e-01 7.403200753127029410e-01 7.410491409288019193e-01 6.937000546202604090e-01 7.272046319852498719e-01 7.008712246359193321e-01 7.201800263349042996e-01 7.262282021109709440e-01 7.408864974325249930e-01 7.151576385068674213e-01 7.410874580615433027e-01 7.216160647367269032e-01 7.313143378191779842e-01 7.454597253607602170e-01 7.368773742557186424e-01 7.304294081458249099e-01 7.505479253480873414e-01 7.383689655564582566e-01 7.366840837520649554e-01 7.468488199496646773e-01 7.144201352920086512e-01 7.146464754569854527e-01 7.744715185362052168e-01 7.595937682088202969e-01 7.387935629637915058e-01 7.497753470568546685e-01 7.606775743481372087e-01 7.681251923057353936e-01 7.337895866156068925e-01 7.559470379590657041e-01 7.483710450262460734e-01 7.553222745552590212e-01 7.306784947372243488e-01 7.078021234792720717e-01 7.339948923282283433e-01 7.341754700636127229e-01 7.462551916320888656e-01 7.278342314059907947e-01 7.426862289673230588e-01 7.454416463047257579e-01 7.272746113801266121e-01 7.321167073304919448e-01
1.787978587655943696e-01 2.177980932514110846e-01 3.786763322987655167e-01 4.597307366538394002e-01 3.968803141749877028e-01 5.120958549602678822e-01 6.469063375248634840e-01 6.302493348415501018e-01 1.000000000000000000e+00 7.356250738807831313e-01 7.759717026440459131e-01 7.868446983051852195e-01 7.439380646274765807e-01 7.563520234045076895e-01 8.039702130243354672e-01 8.069298609248345411e-01 8.250330967044323671e-01 7.010826506415643866e-01 7.528064433379442200e-01 4.770978415995932309e-01 6.656136097618954306e-01 7.296463549622393963e-01 7.756710739599519400e-01 7.350548079073593311e-01 7.706017184163165279e-01 8.118708476722164002e-01 8.165324420768544922e-01 8.138780300682485480e-01 7.895502898390702740e-01 7.911149084349707872e-01 8.142227560814607745e-01 8.422358334107015176e-01 7.608174548327413245e-01 8.251581363488680321e-01 7.995403858953777920e-01 8.176622320094039109e-01 8.224164888763497716e-01 8.328924208378715166e-01 8.412764899416586006e-01 7.586381421483993082e-01 8.516216761660065915e-01 8.352950049314461500e-01 7.977900213378394945e-01 8.451688844288756108e-01 8.371897947784192606e-01 8.514125371969716305e-01 8.608179568376290725e-01 8.682427860552632826e-01 8.599350718864261500e-01 8.100700717313944477e-01 8.414108578064066757e-01 8.033163315350387856e-01 8.402139030533678499e-01 8.755844861579628047e-01 8.695099183513547159e-01 8.674681083875798171e-01 8.648862255977783908e-01 8.606391002139583968e-01 8.598011298291162730e-01 8.669823116244134154e-01 8.608182416304644979e-01 8.679182039743909005e-01 8.568600957242756833e-01 8.726423816715183079e-01 8.738043302911255861e-01 8.712611206096079197e-01 8.726579275510538691e-01 8.753066889122158578e-01 8.743290085651036492e-01 8.200680487140814545e-01 8.511998356556882417e-01 8.686076008128054138e-01 8.658029606914927623e-01 8.711818017738525155e-01 8.657427616354859135e-01 8.675762442586643086e-01 8.695097593833025496e-01 8.753225374420475768e-01 8.745294127182684507e-01 8.762285614618370300e-01 8.725413770469823138e-01 8.673755208835273178e-01 8.699698083178505348e-01 8.669085337089605936e-01 8.595005617686808375e-01 8.719822688301139824e-01 8.601130192936924379e-01 8.590227319342963463e-01 8.650361529866383847e-01 8.683895291899385027e-01 8.467299076323625551e-01 8.573551550062841198e-01 8.627197028309482318e-01 8.582757933228027936e-01 8.593436238829031959e-01 8.665113400291200030e-01 8.297449218900122547e-01 8.549926011648747437e-01 8.582043107311163599e-01 8.503323029480792661e-01 8.336056282871022738e-01 8.505418617952464899e-01 8.519164909166355715e-01 8.550237100113586841e-01 8.578691504668376488e-01 8.659232022304665932e-01 8.638516770025153058e-01 8.679675352013519474e-01 8.647941214115528741e-01 8.622338797255636456e-01 8.545191781013581345e-01 8.659164239915354555e-01 8.610043490738608085e-01 8.635576329952120433e-01 8.732303973666868391e-01 8.656510674234154656e-01
9.002924375238166577e-02 2.340780951182514225e-01 3.116885530954638939e-01 3.789205812568627318e-01 3.616147667380796848e-01 4.766776849014041639e-01 5.765234948054346331e-01 5.454185949255494492e-01 7.356250738807831313e-01 1.000000000000000000e+00 7.063125799979040886e-01 7.121777817501191432e-01 6.736303117063567880e-01 6.961368132265670639e-01 7.420217679915300790e-01 7.410191146560246578e-01 7.392310239088438761e-01 5.699841602181502376e-01 6.396811563581872306e-01 3.750965790402506217e-01 5.338340474151702653e-01 6.264564176609854762e-01 6.564930718813112298e-01 6.279479007050143835e-01 6.526119219362415125e-01 7.335696192844789465e-01 7.286529705292217329e-01 7.339728256674336038e-01 7.160496567281153801e-01 7.074631308903089888e-01 7.394028798729426200e-01 7.546363682770123038e-01 6.849230065465004014e-01 7.507944617780050178e-01 7.179109719563627756e-01 7.343476050803976474e-01 7.427704225629638835e-01 7.760461637298187165e-01 7.701169200209374566e-01 6.937076688184997675e-01 7.871906114408939725e-01 7.709988567076874189e-01 7.289746399006669098e-01 7.792703299962407959e-01 7.669372914581282785e-01 7.783158207049634125e-01 8.020979946157140716e-01 8.068605536491632035e-01 8.001494273192001350e-01 7.340593558096546456e-01 7.758377053269434054e-01 7.066985566861540002e-01 7.706350515562382375e-01 7.953550483189468778e-01 7.886178673144395024e-01 7.983267875952159143e-01 7.768977920006230331e-01 7.990164442741319872e-01 7.946865040616163389e-01 7.979628314048040627e-01 7.885573672166404924e-01 7.939717346458131653e-01 7.854723112419227382e-01 7.985086798493061799e-01 7.951040066990782140e-01 7.872917592591197611e-01 8.099752949471380470e-01 7.947573220035999420e-01 7.921715769507515770e-01 7.364049265702348190e-01 7.667453746991781394e-01 7.912268135911418865e-01 7.804714007095006068e-01 7.841923796169196770e-01 8.000019263246416212e-01 8.018115921965957016e-01 8.008621567204945446e-01 8.087158956221739414e-01 8.053989096944715875e-01 8.147244172715071286e-01 8.088500652990746609e-01 8.028314366413435987e-01 7.972639653409278049e-01 8.017509369493743820e-01 7.900150782959334261e-01 8.044726003436524220e-01 7.975704339729439152e-01 7.992452484179891625e-01 8.031035219285675986e-01 8.013947542745158970e-01 7.834779239772384773e-01 7.981690107232994880e-01 7.999368179413594016e-01 7.942458968110372997e-01 8.058081429603908274e-01 8.087898410169425123e-01 7.674483736206274553e-01 7.787095387945996983e-01 7.960897831086928278e-01 7.898936969176032497e-01 7.734185166403754197e-01 7.851198706615315492e-01 7.938471587066222579e-01 7.915802246655663232e-01 7.904376141610234274e-01 7.940992344552963988e-01 8.010841900469861665e-01 8.100463232837944449e-01 8.036416455604625808e-01 8.045366061421398429e-01 7.981651014691579782e-01 8.044779527419183562e-01 8.022742372982892833e-01 7.979804600423069383e-01 8.047761390445642427e-01 8.000822854455963418e-01
7.750584795601608845e-02 1.389549772383654735e-01 4.268144767958671482e-01 5.944628708118984139e-01 3.998496939033683861e-01 5.377587008366270238e-01 7.413541570665180824e-01 7.085394999991029286e-01 7.759717026440459131e-01 7.063125799979040886e-01 1.000000000000000000e+00 8.593539811311050602e-01 7.688725930381044016e-01 7.830687717013559146e-01 8.444030709803957979e-01 8.425919855376908796e-01 8.087294253286483325e-01 7.184992433752215302e-01 7.944066449148919906e-01 6.084782797421597333e-01 7.433832942245993669e-01 8.043671438809381069e-01 7.821110344459396568e-01 7.365633313188296727e-01 7.834996941202987397e-01 8.381229774534586507e-01 8.482780144893499186e-01 8.385418398791414374e-01 7.454078381251959540e-01 7.997237575766524831e-01 8.429277317299667116e-01 8.574935421841759497e-01 7.932840573045939481e-01 8.341621829179235448e-01 8.008091994571161498e-01 8.575978088902777019e-01 8.531057493562912430e-01 8.522834381959553118e-01 8.711569099655672721e-01 8.409722751214936398e-01 8.687624541394685096e-01 8.660687868684585622e-01 8.537551156036051747e-01 8.790365132533202175e-01 8.821667740478145170e-01 8.733049860953890908e-01 8.634336310133072789e-01 8.620861205195758936e-01 8.648815234344131575e-01 8.632129474375105360e-01 8.682423571045485566e-01 8.644401452670092967e-01 8.696074774743055569e-01 8.500681849928416467e-01 8.580780969947350290e-01 8.646594423143652008e-01 8.679130118081371803e-01 8.741334490014746050e-01 8.620504878876936727e-01 8.664465827322246350e-01 8.812700586531716507e-01 8.676401974854274224e-01 8.676759305878691819e-01 8.780833434912858060e-01 8.712256617254451330e-01 8.788529649383327591e-01 8.685395362288308441e-01 8.763469903753663415e-01 8.765921530609440682e-01 8.718378440475818003e-01 8.824513433859428879e-01 8.823061930211728576e-01 8.668589300513735996e-01 8.717035330536306859e-01 8.818186528895664011e-01 8.823602558383800698e-01 8.772209581578376270e-01 8.517307425359349482e-01 8.708826015531709874e-01 8.594209680507750582e-01 8.727942728958886232e-01 8.740031128969268925e-01 8.826278763634727298e-01 8.659745899632644850e-01 8.789658404794694624e-01 8.750661440087640353e-01 8.786758106882418540e-01 8.766666140869648904e-01 8.763928116365844456e-01 8.722246986554780257e-01 8.780871089418109676e-01 8.744638603345564754e-01 8.784047616756587296e-01 8.767532224105452077e-01 8.624514209086352468e-01 8.646107531567893689e-01 8.683193921784029268e-01 8.705499386377586468e-01 8.695605025622655804e-01 8.739505887155459840e-01 8.705059002995330086e-01 8.775896299669400102e-01 8.695528901926892207e-01 8.780758645478532465e-01 8.792616857493534832e-01 8.721102764079692315e-01 8.669948234597255610e-01 8.612208394120324240e-01 8.699148564336044442e-01 8.714058686745338456e-01 8.722687433573731441e-01 8.683571214903014202e-01 8.702057020229059248e-01 8.737565294913915981e-01 8.729072786857817734e-01 8.721339248842374658e-01
1.565151812709961177e-02 1.109348867481336209e-01 4.210039213859357310e-01 6.865219223898267886e-01 4.444173144967297762e-01 5.897487818811559812e-01 7.929383661793589777e-01 7.763718550732346957e-01 7.868446983051852195e-01 7.121777817501191432e-01 8.593539811311050602e-01 1.000000000000000000e+00 8.186522093629223784e-01 8.336488816831615356e-01 9.131895075491018865e-01 9.010640077590669206e-01 8.193804232808936661e-01 6.782024652678303456e-01 7.972116151221864122e-01 6.592571471602777233e-01 7.531276631128409615e-01 8.474315759905463041e-01 7.615485939838180229e-01 6.940767371801973562e-01 7.718613089388460802e-01 8.631690418277812027e-01 8.632870577747735474e-01 8.529167824144203713e-01 7.261892153560161045e-01 7.861270586331143839e-01 8.510967029863030220e-01 8.650559613119421787e-01 7.889875872307920979e-01 8.384060038479560495e-01 7.939090706908477069e-01 8.757997132393634532e-01 8.587817976992152547e-01 8.850606329026586838e-01 8.937459658538409180e-01 8.963519734517679804e-01 9.148068052440870845e-01 9.166180658609912602e-01 9.061486625953416585e-01 9.337191391770339743e-01 9.193513533974992935e-01 9.019218118663016037e-01 9.148909832892208049e-01 9.057881372608539428e-01 9.134385562193594321e-01 9.270486985571285699e-01 9.224722030463586853e-01 9.226976529516938141e-01 9.283526134000320562e-01 8.830557712510982427e-01 8.890085605647721767e-01 8.997026031712921368e-01 9.118985828259805748e-01 9.163830606761257380e-01 9.033221626709015961e-01 9.190157100472584606e-01 9.337006416393864860e-01 9.105570891116089305e-01 9.202370140344539040e-01 9.230329804591422826e-01 9.099083387866838679e-01 9.256805537520563787e-01 9.069583822456054323e-01 9.026431389999935995e-01 9.013250201769503756e-01 9.258506559390229373e-01 9.290368185621825647e-01 9.182839156314243079e-01 8.774663793798117561e-01 8.915010493978318129e-01 9.244255342722350610e-01 9.165150504824517430e-01 9.131223953900237111e-01 8.706208144793032844e-01 9.049832755267308571e-01 8.885310318382896311e-01 9.014422637339796207e-01 9.097336735205091562e-01 9.184738855388440149e-01 8.904531565385279679e-01 9.233890966244833187e-01 9.069625695684879751e-01 9.149822894783126159e-01 9.219950880470081378e-01 9.160532584467308004e-01 9.128486764785553875e-01 9.258476611437936876e-01 9.245750534918484309e-01 9.246649101492988576e-01 9.268352682668752340e-01 9.113423124766412142e-01 9.100929406776530062e-01 9.331229890796071125e-01 9.267043657430182879e-01 9.233820771663082683e-01 9.275382898092378037e-01 9.303523069895478503e-01 9.344425976052971317e-01 9.256619807814340239e-01 9.345749946041054246e-01 9.313383791032590064e-01 9.186050525983014969e-01 9.190176677777108782e-01 9.031764964989795752e-01 9.167036982598624206e-01 9.193228427148566473e-01 9.240100310317741483e-01 9.177643085153598390e-01 9.215413144357182951e-01 9.262556328518772863e-01 9.149559247080416569e-01 9.214252240198453903e-01
7.054284371799705682e-03 9.921794350779349070e-02 3.546879704802912703e-01 5.348285199656082067e-01 4.795762082838169182e-01 5.419613636780235000e-01 7.032885786350739910e-01 6.783411545514087537e-01 7.439380646274765807e-01 6.736303117063567880e-01 7.688725930381044016e-01 8.186522093629223784e-01 1.000000000000000000e+00 7.711544172481349380e-01 8.406811758815478930e-01 8.426498218156471820e-01 7.486679617868297054e-01 6.065961128158577909e-01 7.244828530118117005e-01 5.495058348295546180e-01 6.393309673298980256e-01 7.538104526762694491e-01 6.925004315341087846e-01 6.365935042929000698e-01 7.130477027488105746e-01 7.779905401073198279e-01 7.732564207746132068e-01 7.620729574216573710e-01 6.755215298825987258e-01 7.082240994505525356e-01 7.724197771758211095e-01 7.767768936272620994e-01 6.934039288892647201e-01 7.563710026893297744e-01 7.224524465870193479e-01 7.824860856771211903e-01 7.842253397021816674e-01 7.881923753511662634e-01 8.006837323323533484e-01 7.754543111311201775e-01 8.409465066463959193e-01 8.354736839891924172e-01 8.253952335402520157e-01 8.520620639295911625e-01 8.313012867258628980e-01 8.243349014401216701e-01 8.553040856499980471e-01 8.504334432402378408e-01 8.505073307999063692e-01 8.078569838023609284e-01 8.189224775398207257e-01 8.154743072447768748e-01 8.519627509903633378e-01 8.287379511057898496e-01 8.241932588414940808e-01 8.375602113220984579e-01 8.206493055722490215e-01 8.429746700583662378e-01 8.238187373916633360e-01 8.583502357764816182e-01 8.584056110966816755e-01 8.339555088177460496e-01 8.358418019793733000e-01 8.432465634909227514e-01 8.470270597269312640e-01 8.484763930311036706e-01 8.527283093546579318e-01 8.451824751401721958e-01 8.440191885922677661e-01 8.472110746695873384e-01 8.570102284351125421e-01 8.528957170904726270e-01 8.199415688245785816e-01 8.379938368262329629e-01 8.538943260134197466e-01 8.489902116688987643e-01 8.445073669179404829e-01 8.183625293235903264e-01 8.443547729706576410e-01 8.385709506737730745e-01 8.445369647279272751e-01 8.482934879440106046e-01 8.462179496615984675e-01 8.246100995816424417e-01 8.481152463023952093e-01 8.467558955580933855e-01 8.485136438622616906e-01 8.505969840984605179e-01 8.487668532981533787e-01 8.517502517532439255e-01 8.472418220259197996e-01 8.582567778363521249e-01 8.580652069798925252e-01 8.569962240747629467e-01 8.575873503851507706e-01 8.561045875044113185e-01 8.499474115263244700e-01 8.517260161780486616e-01 8.629555832555763084e-01 8.544642601125250758e-01 8.585925206015225797e-01 8.581061230815572038e-01 8.612148190899311384e-01 8.622292897329044692e-01 8.605523626031241768e-01 8.479555007293153590e-01 8.574813772394682676e-01 8.522079314017382279e-01 8.571363385858919992e-01 8.580983254059336707e-01 8.557289125094537097e-01 8.608929929548017057e-01 8.551228490669833260e-01 8.594118429913067958e-01 8.576207221077283283e-01 8.590815326227775328e-01
