1.000000000000000000e+00 1.491567416317242101e-01 5.132902933286481728e-02 -1.035210356224452143e-02 -1.658578664670149264e-02 -1.117394965702907597e-02 2.052386395649465067e-02 -8.328112521824485026e-03 1.302242117697883506e-01 7.338330400800843756e-02 5.989235580518504493e-02 2.606586496372372691e-02 2.853211375303849658e-03 3.389049271386890272e-03 -8.522599793945396032e-04 1.575807642047333951e-02 8.082735492356750429e-02 1.607392836742583819e-01 1.382526819475612123e-01 8.205411332754224130e-02 6.305409729957459075e-02 1.167007521896652883e-01 1.669533090318115198e-01 1.382151186366711026e-01 1.846056119239009585e-01 1.139559242456063687e-01 1.093297720768919568e-01 1.373683574373647798e-01 1.717950392442047225e-01 1.634795261701793012e-01 1.330960858746209619e-01 9.403200483723045400e-02 1.289711577280372723e-01 7.975888383231444223e-02 1.315612403449019641e-01 9.343844681745019920e-02 1.337804327527558068e-01 3.572485829489865233e-02 6.571698108350695899e-02 6.500176781538634374e-02 4.464386377715334059e-02 3.421362443906260375e-02 3.189830135872666339e-02 3.821197445574435470e-02 7.513473514300951506e-02 4.032746193806893698e-02 1.672653140948187483e-02 2.656459145558270202e-02 3.344823715924737789e-02 5.267267378094754593e-02 3.292222014980422662e-02 5.290753315784230831e-02 3.541883549162105904e-02 4.333259683876497514e-02 5.333235416238505527e-02 5.731128527431009201e-02 5.652065939014373069e-02 1.820741691649050212e-02 2.609498236447017200e-02 2.869522863193214174e-02 1.368715677138148019e-02 3.688660286010714273e-02 1.544686057005625369e-02 3.110461501424801462e-02 5.575074564662004656e-02 5.166676454497670656e-02 2.330859075165515881e-02 3.992239511498637400e-02 5.940804458696564289e-02 3.244550227704448564e-02 3.190950154289438206e-02 5.453738595811007811e-02 4.776361764178910924e-02 7.514553790816723422e-02 3.873296291909542055e-02 4.589828605283859109e-02 5.009870423540793011e-02 7.371378628492172846e-02 5.566803836593951782e-02 6.851196378274047871e-02 6.744750666457303978e-02 5.770128389841176070e-02 5.231915279659620638e-02 6.770527129893895435e-02 4.595179757557983635e-02 4.508384507998653562e-02 5.927877786146310002e-02 1.723026522152047019e-02 3.166458918265609157e-02 3.306210019531213851e-02 4.666277626333806966e-02 1.940791033083486342e-02 3.005737078173669266e-02 1.993769068068854122e-02 2.047426796612120212e-03 1.704261212127454808e-02 2.729984844965076957e-02 2.994808470591924995e-02 6.506564354473168971e-03 1.955672774268714040e-02 8.747967718957822686e-03 7.713165587624839538e-03 1.727113366141774103e-02 8.881308186951798744e-03 2.230553843903541542e-02 2.652920435457188295e-02 2.104287560750671415e-02 2.116580005636896009e-02 3.071575316815013112e-02 9.520629948665136968e-03 -4.604590989041115051e-03 1.298399675270211009e-02 7.686794815786518464e-03 1.449879970819069157e-02 2.250263393066863002e-02 2.376182127662313306e-02
1.491567416317242101e-01 1.000000000000000000e+00 7.535471180118487322e-02 1.358526004387400170e-02 8.785253089559488804e-02 8.596152692995830125e-02 1.055448984534787249e-01 1.008083989555329796e-01 1.917029037839066141e-01 2.148069088304615515e-01 1.499195911569181361e-01 1.204349284095183742e-01 1.118595367824853359e-01 1.285034619363709385e-01 1.376850085970162119e-01 1.364596581241643014e-01 1.613861137866998419e-01 1.810130848819090088e-01 1.846414949597289246e-01 1.226259741160408701e-01 5.418734307250584054e-02 1.560568852042396315e-01 2.142610170109391643e-01 1.885921089409800244e-01 2.136931299505542003e-01 1.967456759268098321e-01 1.914927385875642707e-01 2.141847348287650443e-01 2.316124346927647681e-01 2.240154800323311268e-01 2.159607146887280171e-01 1.844773340278149654e-01 2.055286305131671654e-01 1.704926516304844097e-01 1.910597161166037450e-01 1.645792558036599795e-01 1.941495639599728207e-01 1.415969145290240094e-01 1.744272003543056448e-01 1.510391460057907420e-01 1.736524448292684486e-01 1.573511212695464789e-01 1.444920032975925694e-01 1.589191787158475699e-01 1.720574514547135447e-01 1.611289200283516077e-01 1.533248473362285313e-01 1.689100481042773161e-01 1.532655579199974083e-01 1.252221333482758103e-01 1.240215346566968524e-01 1.241212706902172502e-01 1.323363636865388382e-01 1.720458380574522994e-01 1.732061382513111203e-01 1.789361958701524424e-01 1.324331396966823282e-01 1.456608068836838243e-01 1.403605926071185006e-01 1.579560594032176357e-01 1.357307653480374632e-01 1.552740903117299232e-01 1.278956725959330409e-01 1.412131276162225946e-01 1.545034388054927765e-01 1.491207256189348573e-01 1.655293808566771219e-01 1.661249272168597579e-01 1.791827865384037766e-01 1.437144315876061618e-01 1.395980464547887934e-01 1.730439643828617924e-01 1.657277668727356046e-01 1.846903897388417759e-01 1.721071294590459655e-01 1.711046042938496048e-01 1.798414978975091394e-01 1.919469952881718566e-01 1.800978552975805724e-01 1.946059018118917183e-01 1.902987457718509634e-01 1.835840611985201098e-01 1.630335415216245809e-01 1.835620120308463776e-01 1.620833704130163200e-01 1.656165667676301467e-01 1.751031857932148772e-01 1.530505943010367353e-01 1.644826470711133470e-01 1.643110071373930781e-01 1.677461790796904995e-01 1.578204708703082049e-01 1.700754077319855395e-01 1.636376280145703799e-01 1.521949310647330578e-01 1.647014042772682318e-01 1.334849196300427754e-01 1.276104179010736084e-01 1.378857959389603594e-01 1.407007882739487736e-01 1.450862841010854554e-01 1.301230880482973085e-01 1.474744561133522203e-01 1.480815075372544087e-01 1.449731113092948553e-01 1.377789866707452848e-01 1.509375924292002680e-01 1.629225124981341088e-01 1.659055855819580871e-01 1.509584356702033392e-01 1.401074945111127068e-01 1.548604192918191791e-01 1.484745317506102891e-01 1.451116022019392493e-01 1.472733681509516557e-01 1.474570064120223900e-01
5.132902933286481728e-02 7.535471180118487322e-02 1.000000000000000000e+00 3.189168971541211373e-01 2.021601387512665660e-01 2.506637509187075175e-01 3.237201478862005155e-01 3.046794640713578195e-01 3.105015901353277430e-01 3.325784105138802071e-01 3.700652878320534467e-01 3.882706620119686924e-01 3.422528207379736953e-01 3.510836934261507558e-01 3.750305115162535508e-01 3.745224243232471162e-01 3.637122855340911842e-01 3.048830246393685606e-01 3.433382147168748122e-01 2.405264735528885034e-01 3.030450835940097787e-01 3.338311093503612548e-01 3.387378524665686230e-01 3.132539179343805102e-01 3.088410252601622719e-01 3.731819206852938220e-01 3.536951982564048858e-01 3.460395995239807787e-01 3.134181652280084718e-01 3.629853462965005884e-01 3.594095822859133538e-01 3.748866536527081239e-01 3.773859873781522656e-01 3.880498789191709763e-01 3.697740287735500897e-01 3.738004596594993734e-01 3.659658922214731880e-01 3.917054032748085168e-01 3.951366591384274374e-01 3.796516823185565048e-01 3.747734631643838132e-01 3.883032945383944057e-01 3.910588328322446849e-01 3.849777310696502197e-01 3.859317605572595289e-01 3.852449969981538436e-01 3.835737341942821454e-01 3.833831959380365473e-01 3.832696484750610644e-01 3.853859044860673544e-01 3.799099841279764966e-01 3.699118343674379639e-01 3.672467148844123508e-01 3.729988097431676808e-01 3.642926114735989818e-01 3.799462664434818393e-01 3.731936354833718106e-01 3.739558005987129730e-01 3.747587625255021093e-01 3.742838076315203599e-01 3.779336209691039339e-01 3.725988054826237517e-01 3.774347450832239992e-01 3.794060426123873064e-01 3.720273987835374108e-01 3.768832314078400803e-01 3.855596263151398473e-01 3.890673853380240965e-01 3.894536595492338327e-01 3.729779084938003586e-01 3.851897423964294465e-01 3.866505260375493469e-01 3.841735669047142143e-01 3.773837260716386144e-01 3.851689144773006723e-01 3.801561201653675948e-01 3.853970480106947982e-01 3.711477896394240195e-01 3.877089733972811092e-01 3.769619194794147088e-01 3.849818624961469649e-01 3.818543556428347086e-01 3.934986785002578813e-01 3.820537536253100219e-01 3.983339865184921114e-01 3.968781705387759429e-01 3.850912509826553420e-01 3.940622007950738137e-01 3.899684592965931285e-01 3.945868052236665702e-01 3.884005755177809549e-01 3.844079868346621520e-01 3.877198017221271664e-01 3.839348641804269380e-01 3.827763477846044538e-01 3.804064190981464866e-01 3.893701184136211246e-01 3.785548854071286717e-01 3.758364789619978996e-01 3.853851236242514799e-01 3.859449119552753049e-01 3.790627516761421179e-01 3.816766008752802697e-01 3.829607106094868874e-01 3.909996753598605768e-01 3.758579115824433048e-01 3.836734072874818935e-01 3.847927645783553730e-01 3.843264018796286319e-01 3.806321182329933106e-01 3.825630656422955300e-01 3.787820627338712720e-01 3.798892444542462665e-01 3.821731796937796188e-01 3.877714609486326292e-01 3.800135573319199933e-01
-1.035210356224452143e-02 1.358526004387400170e-02 3.189168971541211373e-01 1.000000000000000000e+00 3.306862243810438362e-01 4.046807391386011421e-01 5.701702317231186479e-01 5.500064385830281122e-01 5.064935723078056728e-01 4.636906191648390574e-01 5.775686817947804919e-01 6.440077606160706791e-01 5.430507733480728350e-01 5.469758683515033582e-01 6.215890558698616841e-01 6.183257566702586860e-01 5.401883690217180733e-01 4.364390904626604395e-01 4.728560897368994653e-01 4.108470724321807710e-01 4.832994129399903471e-01 5.081397480288141200e-01 4.786789210360749558e-01 3.863814727515682557e-01 4.053049519570408044e-01 5.795990230678289556e-01 5.624423233762643193e-01 5.547800390021112582e-01 4.822049673602282205e-01 5.284745204304424071e-01 5.461714926049325847e-01 5.680404523734342570e-01 5.493348156613578892e-01 5.343826909808659931e-01 5.426526467569328105e-01 5.459669558453172922e-01 5.354398545035528034e-01 6.186575020014709603e-01 5.968201537971539183e-01 5.850795794700813790e-01 6.005224672085258675e-01 6.168363908034562026e-01 6.203070732480453486e-01 6.115194137075561365e-01 5.917682590962293210e-01 6.041763156004633650e-01 6.035916519657615886e-01 5.945267562475677892e-01 6.087853613791974761e-01 6.093657175028289741e-01 6.243896792608417678e-01 5.756295116239379395e-01 6.052280104615611611e-01 5.811797947439072409e-01 5.740830330773397661e-01 5.871370741841347440e-01 5.965553718666377625e-01 6.114624233821991384e-01 6.137934492083582105e-01 5.890483041313111512e-01 6.177420146498799891e-01 5.920703339007133970e-01 6.179761028645294196e-01 6.109008197916592220e-01 5.986813825082659690e-01 5.992821505400071080e-01 5.989567319718489546e-01 5.902842778602302998e-01 5.862658557675438642e-01 5.908051114540323612e-01 6.029806260984398314e-01 5.879625519796297661e-01 5.633771113100344285e-01 5.558440510427800074e-01 6.052429959885702315e-01 5.997038271386890829e-01 5.977715517793830147e-01 5.818440862183691387e-01 5.912745831769073979e-01 5.824840697074127327e-01 5.756632435337214471e-01 5.900867450228319822e-01 6.021325263506174252e-01 5.909906418646611037e-01 6.041148369899744797e-01 5.893867500903685608e-01 5.886808894239523582e-01 6.200939022027320835e-01 6.013753886625327061e-01 6.062041802976080307e-01 6.099925390189855356e-01 6.109965401293833143e-01 6.001757936974498886e-01 6.066840736495213715e-01 6.034630148869043476e-01 5.967043924032076063e-01 6.187674542055462412e-01 6.112101906789558781e-01 6.171762780572276341e-01 6.247112974607889058e-01 6.163827342136002363e-01 6.257399738519301424e-01 6.097013447908279371e-01 6.139344533603603438e-01 6.049979401112709487e-01 6.070597127211168065e-01 6.093017161022565853e-01 6.003005020128403535e-01 6.010937193491064923e-01 6.103560701849467529e-01 6.145421033462402649e-01 6.010164233034752668e-01 6.069784375437299317e-01 6.137649730507486190e-01 6.118363609774986056e-01 6.058974822430097662e-01
-1.658578664670149264e-02 8.785253089559488804e-02 2.021601387512665660e-01 3.306862243810438362e-01 1.000000000000000000e+00 3.332307555832390022e-01 4.051593848103611228e-01 4.380258055128551375e-01 4.505615013771858135e-01 3.912819902064100241e-01 4.145703116352969508e-01 4.734455413955475089e-01 4.690836639813131259e-01 4.206111007002364399e-01 4.908137929057740378e-01 4.803135275815614280e-01 4.268646189162751958e-01 3.646323982395203167e-01 3.967662852125246054e-01 3.795349484109509786e-01 3.646047761684039212e-01 4.085144470801548855e-01 3.824831623946278736e-01 3.534542897642630743e-01 3.626316566499976357e-01 4.461201869213350379e-01 4.385453921486027751e-01 4.192966858063985058e-01 3.573571186060177651e-01 4.080278813571793783e-01 4.271820980445423244e-01 4.436697451360867572e-01 4.026185055313539207e-01 4.214289220472013375e-01 4.215094269278346628e-01 4.433371484087249015e-01 4.277924030821450563e-01 4.475410795254904373e-01 4.596154461283640247e-01 4.314674054399765257e-01 4.815024076359780136e-01 4.694087353951509334e-01 4.807021113581660954e-01 4.769474046988340099e-01 4.696975187439679233e-01 4.599086821254121937e-01 4.911729788666424623e-01 4.892545412205834277e-01 4.728778145121910748e-01 4.395907269986358834e-01 4.614368911141097929e-01 4.693719125455181329e-01 4.801972458574857439e-01 4.861241831767210697e-01 4.741170564885907046e-01 4.687253073951435645e-01 4.716906464883894312e-01 4.820167676719290806e-01 4.806277741243776269e-01 4.942289539154172684e-01 4.838828502991515124e-01 4.847469460480677839e-01 4.758775388139873663e-01 4.723093677268729307e-01 4.856771864387512960e-01 4.846163808390631100e-01 4.829185790170856252e-01 4.804797784531455451e-01 4.768261937007574613e-01 4.912952180472490160e-01 4.794484980829098464e-01 4.780752436669066796e-01 4.745073670254938980e-01 4.659547204516583663e-01 4.850879354737556159e-01 4.791858601583375288e-01 4.704873817183275464e-01 4.537120494942907256e-01 4.669918368271298026e-01 4.703301097425136024e-01 4.713824191027886634e-01 4.710026185087474726e-01 4.755860307491922567e-01 4.653081050693455012e-01 4.644388605719504404e-01 4.738741794279872077e-01 4.811276361056729400e-01 4.746357389158853413e-01 4.795342074651205433e-01 4.764623826427940578e-01 4.716741252436513210e-01 4.861284408890902409e-01 4.846105998425780381e-01 4.836197228738334797e-01 4.908667599323331410e-01 4.907227872929401657e-01 4.682129928209496361e-01 4.678185182046280532e-01 4.847357247487324439e-01 4.787541429933339643e-01 4.867654650244966907e-01 4.797529717995971388e-01 4.871373673823681250e-01 4.892055764935821505e-01 4.854886076733942457e-01 4.827051493557211193e-01 4.847486714411022857e-01 4.892542658261737065e-01 4.831752309629158137e-01 4.915590056866648849e-01 4.881738750078616906e-01 4.914973847660831230e-01 4.886954310801235324e-01 4.842316877629249117e-01 4.856389491413138360e-01 4.906895634043701437e-01
-1.117394965702907597e-02 8.596152692995830125e-02 2.506637509187075175e-01 4.046807391386011421e-01 3.332307555832390022e-01 1.000000000000000000e+00 5.403528772008487913e-01 4.856382148182439296e-01 4.970718329642942468e-01 4.614052606077196361e-01 5.188760444009753448e-01 5.780536884178310020e-01 5.323994502810470708e-01 5.368025308936874573e-01 5.831796396133700489e-01 5.706503963120487244e-01 5.303843956101511603e-01 4.514679847258087353e-01 4.766408222545134299e-01 4.354574695839725229e-01 4.454324374347693460e-01 4.813750065276663492e-01 4.804592674010389475e-01 4.036077750663730201e-01 4.278093885493484128e-01 5.571755178195390013e-01 5.460740005586581791e-01 5.335192504929631152e-01 4.797471378211127790e-01 5.192068940075311723e-01 5.479823417793040496e-01 5.597581517502787651e-01 5.188126672262977079e-01 5.307509762609181614e-01 5.236349073775999896e-01 5.512351476810031237e-01 5.389208289565957655e-01 5.644181614061268837e-01 5.738387841055648808e-01 5.432355583066209581e-01 5.836883954048553980e-01 5.833506578608944615e-01 5.804370336400587194e-01 5.918477748310758679e-01 5.799583861794241901e-01 5.821963179283838885e-01 5.825544919973649760e-01 5.863265901520298140e-01 5.882397166826988100e-01 5.663490895216271026e-01 5.775703993919387713e-01 5.597788586301883917e-01 5.777147722161648513e-01 5.804911283171707570e-01 5.738856097560757208e-01 5.789262073219402227e-01 5.788988927656057992e-01 5.827341819404270318e-01 5.855575281478760941e-01 5.821417495039915568e-01 5.923436769822670867e-01 5.801302804363269727e-01 5.831330934282678014e-01 5.853867241030653590e-01 5.822557732195033919e-01 5.858056466031846821e-01 5.870486676792667780e-01 5.792186892072577198e-01 5.807426125608837753e-01 5.799542549300871208e-01 5.754407178461248273e-01 5.787605664542295747e-01 5.603845922330085161e-01 5.553685643009808048e-01 5.878857661945086077e-01 5.854995374220907101e-01 5.823984829109689620e-01 5.705380840275526833e-01 5.802268834746853177e-01 5.742147945963937961e-01 5.780220261416835204e-01 5.817422483523997379e-01 5.884643662971252853e-01 5.770649751022443041e-01 5.796901842655041159e-01 5.803266085252639650e-01 5.831605163585782403e-01 5.907050306970583753e-01 5.875898104687157231e-01 5.909054338128786332e-01 5.816385872565453807e-01 5.923423065319826097e-01 5.875399215116203777e-01 5.900258007278600392e-01 5.883844056095657304e-01 5.891615589108192275e-01 5.842485369856277311e-01 5.857368624596962503e-01 5.938814559930553072e-01 5.903085791293078977e-01 5.915392280630511479e-01 5.917350742997748991e-01 5.897305718483656367e-01 5.936779713809462455e-01 5.925223315459511308e-01 5.863433739974542869e-01 5.913543215211568560e-01 5.897579290811462149e-01 5.908068946371478614e-01 5.903348896217522901e-01 5.899283151101083478e-01 5.887635139864446643e-01 5.902611750206923080e-01 5.924626344028307567e-01 5.903837082385541279e-01 5.898925446821906560e-01
2.052386395649465067e-02 1.055448984534787249e-01 3.237201478862005155e-01 5.701702317231186479e-01 4.051593848103611228e-01 5.403528772008487913e-01 1.000000000000000000e+00 7.175770371115764990e-01 7.020660286898973146e-01 6.527941664739446148e-01 7.438367992230286996e-01 7.917305997180781318e-01 7.137907250397947934e-01 7.118511192501202345e-01 8.315757021833128926e-01 7.955371241885696998e-01 7.271976754690896438e-01 6.780200741406312570e-01 7.022283342854804822e-01 6.240713698265339948e-01 6.789977039282124593e-01 7.183656489243392951e-01 7.200895839998675552e-01 6.232951634807805119e-01 6.634158072446254550e-01 7.971623249368794406e-01 7.749458737576752076e-01 7.784209412926859084e-01 7.286691673665459668e-01 7.401769633887052002e-01 7.756971565571381122e-01 8.012116037365570875e-01 7.536865390848984658e-01 7.701524446687184611e-01 7.477957659448788430e-01 7.720986043504051155e-01 7.671749006601981113e-01 8.236401001729539706e-01 8.156743821215011181e-01 8.012815952675248488e-01 8.073579344976034022e-01 8.208331550176202196e-01 8.210114225075156869e-01 8.157014488726012091e-01 8.165827528557251247e-01 8.259443660897054507e-01 7.991867558026969354e-01 7.992255104955582334e-01 8.065210837599964266e-01 7.962418285020361752e-01 8.075812674063387320e-01 7.694802774567371939e-01 7.953570452765522658e-01 7.873420584613519679e-01 7.865854185041348812e-01 8.150633151498734019e-01 7.800342819252986670e-01 7.978889078819959568e-01 8.019429202858360251e-01 7.852701227142034890e-01 8.028042756093645149e-01 7.805936343175771119e-01 7.963183873862478279e-01 7.932232827369387618e-01 7.955845790079556501e-01 7.958251658047326149e-01 8.082369317130488895e-01 8.065540498699869110e-01 8.121928832874383275e-01 8.050882688177202207e-01 8.129164012204465051e-01 8.060038489922748406e-01 7.915012377805625832e-01 7.912467188842893240e-01 8.100847124988962422e-01 8.105134993750408023e-01 8.147128888658501378e-01 8.101990781947994158e-01 8.218881151025845266e-01 7.984498360045487741e-01 8.027990620589996462e-01 8.052117169476408209e-01 8.164612133605720912e-01 8.075281426510876326e-01 8.218696061837649225e-01 8.145041054561967808e-01 8.123097593871915212e-01 8.280672413380040231e-01 8.187352532605135513e-01 8.211013320097555468e-01 8.209152477443321105e-01 8.190935254325826254e-01 8.116446206737140123e-01 8.213398475367670315e-01 8.034710310182714421e-01 8.046633487592780298e-01 8.167668735051809570e-01 8.002954627830106693e-01 8.118642251358471063e-01 8.203782999134546783e-01 8.220897970095837337e-01 8.125088939573373858e-01 8.049111196614160413e-01 8.136014591748208513e-01 8.096507168238256114e-01 8.045751409502742701e-01 8.079412695304780678e-01 8.074433112792256395e-01 8.123609870902861463e-01 8.053163647141214909e-01 8.083881718242792447e-01 8.003787751070354783e-01 8.032295363280363976e-01 8.097527596957094786e-01 8.055638604813687431e-01 8.031251484445441902e-01
-8.328112521824485026e-03 1.008083989555329796e-01 3.046794640713578195e-01 5.500064385830281122e-01 4.380258055128551375e-01 4.856382148182439296e-01 7.175770371115764990e-01 1.000000000000000000e+00 6.759330815947006688e-01 5.980719367631391892e-01 6.952259250099189769e-01 7.590972075779123251e-01 7.070675515929863986e-01 6.846242804891483624e-01 7.853233696113844919e-01 7.966159485186348199e-01 6.868739341943399523e-01 5.992427312583729071e-01 6.441211661694322688e-01 5.717025674100569832e-01 6.190121899422567076e-01 6.535132978469004872e-01 6.612959033379494089e-01 5.393624939040212452e-01 5.786261384192445956e-01 7.391676090632270935e-01 7.194126729574172874e-01 7.074371357027720020e-01 6.408748452780298477e-01 6.701779374549180490e-01 7.136559987072050859e-01 7.531885400687892140e-01 6.886915242538397264e-01 7.064548333872918695e-01 6.867952637650502901e-01 7.198382797406469580e-01 7.016580427446664769e-01 7.853100335703948609e-01 7.652909792909198261e-01 7.344150639351675336e-01 7.606396530344995410e-01 7.844541987039281850e-01 7.852217471827093176e-01 7.809501572138025649e-01 7.561473938409311035e-01 7.688933003326285931e-01 7.703264724058016544e-01 7.662939269205478743e-01 7.833267656909653764e-01 7.742557027316554485e-01 7.975896061721643449e-01 7.206762522128324910e-01 7.572901357887369400e-01 7.607059657027973598e-01 7.644909078263492086e-01 7.660020839912018431e-01 7.700329115699841021e-01 7.782546009423203515e-01 7.922467988679526840e-01 7.598197641643449352e-01 7.801823190768236715e-01 7.687540084672787044e-01 7.901331675186933357e-01 7.836325437672477801e-01 7.666719699860549131e-01 7.677102906715254083e-01 7.656471577115530058e-01 7.612496787227245321e-01 7.646212080520282672e-01 7.631709802250900010e-01 7.657206707146978486e-01 7.596879055501802869e-01 7.296052929214360550e-01 7.296559841222896026e-01 7.674718153652497765e-01 7.680806799691920483e-01 7.609492805495410295e-01 7.495557091322893051e-01 7.602531855507471681e-01 7.534038755880652083e-01 7.532450492722913005e-01 7.572714815880720041e-01 7.703818537444303560e-01 7.563295050397413899e-01 7.738582863530260036e-01 7.640548242750309083e-01 7.622030588998716105e-01 7.876513956905362157e-01 7.731911732871528109e-01 7.734812093082967799e-01 7.647157416345651271e-01 7.759339780062524117e-01 7.669384375040182444e-01 7.776264328078715815e-01 7.707148264735652621e-01 7.699388347347995154e-01 7.871455188006447612e-01 7.849616318037900831e-01 7.864251360478854425e-01 7.906225804235736954e-01 7.837754815588520163e-01 7.954527423446847711e-01 7.690402831599174593e-01 7.834300053049585433e-01 7.731013338232539667e-01 7.811999308257371322e-01 7.812055378307952713e-01 7.700565605885487663e-01 7.763089272533262308e-01 7.784452588844500420e-01 7.826468215011045393e-01 7.701115229808683793e-01 7.801951558459431224e-01 7.859615446045571385e-01 7.743166372466153691e-01 7.722981535438777634e-01
1.302242117697883506e-01 1.917029037839066141e-01 3.105015901353277430e-01 5.064935723078056728e-01 4.505615013771858135e-01 4.970718329642942468e-01 7.020660286898973146e-01 6.759330815947006688e-01 1.000000000000000000e+00 7.628740770159891937e-01 7.947485698044458591e-01 8.197747952392210324e-01 7.692585270437027889e-01 7.598697919096181197e-01 8.295318751050145822e-01 8.259110349871365830e-01 8.015936383751732786e-01 7.226737306113637516e-01 7.670472573795646953e-01 6.490003098243667390e-01 6.207256343151987821e-01 7.318652713843432078e-01 8.014817697786732476e-01 6.745233472792873108e-01 7.235277491340484923e-01 8.535650684060785975e-01 8.487444204345349075e-01 8.334396538871212679e-01 7.695864156991772953e-01 8.475473350418351037e-01 8.617337817251938814e-01 8.535553705855180029e-01 8.111130910118945492e-01 7.861778471649379929e-01 8.246433780430160176e-01 8.072932221274008446e-01 8.461880782330934991e-01 8.247175269280608845e-01 8.580082612038779644e-01 8.042761000022907725e-01 8.671733402325159101e-01 8.492993792975774836e-01 8.364772019945135861e-01 8.630410342951196911e-01 8.656679460172916896e-01 8.527188859791621223e-01 8.681689257191620435e-01 8.770288529872857231e-01 8.656522527489768359e-01 8.140364312148377079e-01 8.390142895534324907e-01 8.081656037907796186e-01 8.512496123542384607e-01 8.796775943304752099e-01 8.759158736048141547e-01 8.683780397559903719e-01 8.578611868624772541e-01 8.660991023643550557e-01 8.633946273827599605e-01 8.759116518687412034e-01 8.603326132146288385e-01 8.717797213010280988e-01 8.565163098476911152e-01 8.609528407379719583e-01 8.733038714415013448e-01 8.751879645258869855e-01 8.717119143477737309e-01 8.677484364756657964e-01 8.797351240480577594e-01 8.616034008783005627e-01 8.438768384920010135e-01 8.714862963133065410e-01 8.431659648989457967e-01 8.571886521793240510e-01 8.767427602506292494e-01 8.778315903893862959e-01 8.713459110438362965e-01 8.602361426804104871e-01 8.690960678476470358e-01 8.864865560526686838e-01 8.836677601035850538e-01 8.807818581952601145e-01 8.715990384359502130e-01 8.778144109593953859e-01 8.567407154292540072e-01 8.590882386787693781e-01 8.748439803218871491e-01 8.607549462608234947e-01 8.710760681290383722e-01 8.624446025544221239e-01 8.647459699798134558e-01 8.666391419639490890e-01 8.726501377977066154e-01 8.683003221147160833e-01 8.664923901404336659e-01 8.745271644750898243e-01 8.448118619415685426e-01 8.509507268190830143e-01 8.611533568673672701e-01 8.584608480070399228e-01 8.547597448318626778e-01 8.583447206173523414e-01 8.637043898223640825e-01 8.652972613260547785e-01 8.598147604186258119e-01 8.627554972712179193e-01 8.704477592731977298e-01 8.730455145493718483e-01 8.743448217705419578e-01 8.687393366550234530e-01 8.596570622896887448e-01 8.721616018038350626e-01 8.667393041021720368e-01 8.669228848514266561e-01 8.693032570637397871e-01 8.728555518704508298e-01
7.338330400800843756e-02 2.148069088304615515e-01 3.325784105138802071e-01 4.636906191648390574e-01 3.912819902064100241e-01 4.614052606077196361e-01 6.527941664739446148e-01 5.980719367631391892e-01 7.628740770159891937e-01 1.000000000000000000e+00 7.435354895496547600e-01 7.596953182585440834e-01 7.027222356110448542e-01 7.063667928756904857e-01 7.731900348313915927e-01 7.602215531727301023e-01 7.450203530767491866e-01 6.578315500310610853e-01 7.018793668431871913e-01 5.710831939261886703e-01 5.592848874371610934e-01 6.741149762646527765e-01 7.335499470359497787e-01 6.230026130985415467e-01 6.732408615179673594e-01 7.880805789414759843e-01 7.913268985522916577e-01 7.852603838939570258e-01 7.281657445897234959e-01 7.905762562221618772e-01 8.067722065533362574e-01 7.890963968552252572e-01 7.662622940283733142e-01 7.411599744586163663e-01 7.680347869195880417e-01 7.495258101220840796e-01 7.845467049005623306e-01 7.799368925683693998e-01 8.070781612602598853e-01 7.616229236825799997e-01 8.141279486300617707e-01 8.030486039142692434e-01 7.825415543672062935e-01 8.104471052565269673e-01 8.090668119833016592e-01 8.078475016611256221e-01 8.065146905299371838e-01 8.208061458268928190e-01 7.987009146724878272e-01 7.505990339578559878e-01 7.734619378722872307e-01 7.453012600185486836e-01 7.838893926319117078e-01 8.138961016566489404e-01 8.109667098327150159e-01 8.144857640293784451e-01 7.761999814787318153e-01 8.036651886399371891e-01 7.971459735773607225e-01 8.113450930064685096e-01 7.966381459076996574e-01 7.987042840467840632e-01 7.879488343989921040e-01 7.925581813541531240e-01 7.982961634400844719e-01 8.000678892320424174e-01 8.207344425057718773e-01 8.133846573621795750e-01 8.183428063535368446e-01 7.974290859501654838e-01 7.891372294672983623e-01 8.180966181989265396e-01 7.866420669648233055e-01 8.030292380914000328e-01 8.193333935402669077e-01 8.209805973213266661e-01 8.212953965188175554e-01 8.116230913052094875e-01 8.189749843749514202e-01 8.273507677060364385e-01 8.262377790944489542e-01 8.257797887303501838e-01 8.128400019529695708e-01 8.210776143935453186e-01 8.043856241262709039e-01 8.076787656633287460e-01 8.178250400059762226e-01 8.104502836835777435e-01 8.164241257906920124e-01 8.149168908242885312e-01 8.134297521360910332e-01 8.153974939197546901e-01 8.182896860758602786e-01 8.163376339778125601e-01 8.133336622624686152e-01 8.193486517302414063e-01 7.882834438410082356e-01 7.832857981878493803e-01 8.008386756786363136e-01 7.987938729223296175e-01 8.024150091201711632e-01 7.975012447620833944e-01 8.057999151760186773e-01 8.095691702640583909e-01 8.053575456054159476e-01 7.995360527597997757e-01 8.109747034572434288e-01 8.212608951590500972e-01 8.208375063693614804e-01 8.100561209509541394e-01 8.054570205082681733e-01 8.137232171697146299e-01 8.088537789287516544e-01 8.068461882434670995e-01 8.089915463786723215e-01 8.103436094725227079e-01
5.989235580518504493e-02 1.499195911569181361e-01 3.700652878320534467e-01 5.775686817947804919e-01 4.145703116352969508e-01 5.188760444009753448e-01 7.438367992230286996e-01 6.952259250099189769e-01 7.947485698044458591e-01 7.435354895496547600e-01 1.000000000000000000e+00 8.595573812632660848e-01 7.789022096199089695e-01 7.762615926976860203e-01 8.606417019210360619e-01 8.445063020642404883e-01 8.162706133670195596e-01 7.202349301570709628e-01 7.664770159797474891e-01 6.313529689742427564e-01 6.618626094037132201e-01 7.458713351173135164e-01 7.914191242926578163e-01 6.695331125152060858e-01 7.155341171821600899e-01 8.663929707753472709e-01 8.590053340927749082e-01 8.489158350812978648e-01 7.768218305489991149e-01 8.400242000981215096e-01 8.654893355819497369e-01 8.598819074425763098e-01 8.393013330039454933e-01 8.145043705242942522e-01 8.388014082720492981e-01 8.364236166578267184e-01 8.534056121273179141e-01 8.704668138352028572e-01 8.816665225742346124e-01 8.570189481722108038e-01 8.863914445577038004e-01 8.798360737716974800e-01 8.633844399032404304e-01 8.873054101309645336e-01 8.876162135432794642e-01 8.816518093134759759e-01 8.842244329529486135e-01 8.859769929428710222e-01 8.803828822043497926e-01 8.484681847112173214e-01 8.630161845605549553e-01 8.339319892419132518e-01 8.721810294637895034e-01 8.794395052901315957e-01 8.687354684633918911e-01 8.905786862105322665e-01 8.628683194821890057e-01 8.789169400589004200e-01 8.754391433218772223e-01 8.785175130608201544e-01 8.789205997675589854e-01 8.682081481803202161e-01 8.708474716049731112e-01 8.722214477661457410e-01 8.830965900940808133e-01 8.823438128550805670e-01 8.895490006740113254e-01 8.877264099825012966e-01 8.900666253941735828e-01 8.751214477529449809e-01 8.717881730078022029e-01 8.867596332451116448e-01 8.592212073534442052e-01 8.696695084452222835e-01 8.944446062872201120e-01 8.962222820785586963e-01 8.952175533652025896e-01 8.834175651164537513e-01 8.866854199609515153e-01 8.929418691501342931e-01 8.905550994067682469e-01 8.919304098058317143e-01 8.928505627786206267e-01 8.948325412551834113e-01 8.868654360456360575e-01 8.833173294918579277e-01 8.931521120825831606e-01 8.930720210063222142e-01 8.947542276235710412e-01 8.922881839840742790e-01 8.984183411139915476e-01 8.932086673479763261e-01 8.954039655817973564e-01 8.928098355916284090e-01 8.869012688593218563e-01 8.898822522596352425e-01 8.805097790580728168e-01 8.691237808826085542e-01 8.845550300809967847e-01 8.853906343915640687e-01 8.888770456151632304e-01 8.824446262716441058e-01 8.841179150493874150e-01 8.900855917409954410e-01 8.860651510510134665e-01 8.822222545545916894e-01 8.882463639671585032e-01 8.900238929687499523e-01 8.914591597948797741e-01 8.869664917247429559e-01 8.840241125054324467e-01 8.865361126553529258e-01 8.835042304105786837e-01 8.855949083229778251e-01 8.890919609612040198e-01 8.878799248049715764e-01
2.606586496372372691e-02 1.204349284095183742e-01 3.882706620119686924e-01 6.440077606160706791e-01 4.734455413955475089e-01 5.780536884178310020e-01 7.917305997180781318e-01 7.590972075779123251e-01 8.197747952392210324e-01 7.596953182585440834e-01 8.595573812632660848e-01 1.000000000000000000e+00 8.295117892432929407e-01 8.274973437024630840e-01 9.178980584243410235e-01 9.065029475767194533e-01 8.423796887676281431e-01 7.145805517204425472e-01 7.703703864819027025e-01 6.584615029662975738e-01 6.928164068851458968e-01 7.745493834198879934e-01 7.907784693520703012e-01 6.574829638058699022e-01 7.073512094913655401e-01 8.883812333580413112e-01 8.771237422409938755e-01 8.587909893882437196e-01 7.736757464540794382e-01 8.360262986802908802e-01 8.778249859859016402e-01 8.912654843040602737e-01 8.422794068162549053e-01 8.387504734260099459e-01 8.436060885038308976e-01 8.676896948356339623e-01 8.650395155045287332e-01 9.140941555058438306e-01 9.131043022122726782e-01 8.857823263314078543e-01 9.241628417008053153e-01 9.261478382297325673e-01 9.197252715372972176e-01 9.345500105177648731e-01 9.213398170753261951e-01 9.216571147805240338e-01 9.336577349510059021e-01 9.335271465074927999e-01 9.320935457038994620e-01 9.026549594849370139e-01 9.230208714186872720e-01 8.861969746830054007e-01 9.210084827969070576e-01 9.263263852915635255e-01 9.159590184394869050e-01 9.241503490410609700e-01 9.222621326133224606e-01 9.352416250566515377e-01 9.359094139984363014e-01 9.291685641566186371e-01 9.375797888457387819e-01 9.255007787066316105e-01 9.337192071453692677e-01 9.282078902642335594e-01 9.303053601179405163e-01 9.321119246824822735e-01 9.336490475363830033e-01 9.236490229080523973e-01 9.240021999535911190e-01 9.208079642605352388e-01 9.189397814922287688e-01 9.246999425610753498e-01 8.904640843034700159e-01 8.953463442162474806e-01 9.369133176477375535e-01 9.334292844808735889e-01 9.295987051564599257e-01 9.101015721938466863e-01 9.218011534366077342e-01 9.212295142871479436e-01 9.219934580510552591e-01 9.263603167105507463e-01 9.329544656388575330e-01 9.247889643650045732e-01 9.239008609485290791e-01 9.205965908552994348e-01 9.289921882020752975e-01 9.398408610386679296e-01 9.350974389686337318e-01 9.335626401934806751e-01 9.334029209840909447e-01 9.399011195543360841e-01 9.348022592416544985e-01 9.367629163696832295e-01 9.366469543309964285e-01 9.361088578746696864e-01 9.299507050081766701e-01 9.260242789068594549e-01 9.362581892674374240e-01 9.370948422108329456e-01 9.348632255737835406e-01 9.381220898137536679e-01 9.352646551435485067e-01 9.394373689027497587e-01 9.369188343738159563e-01 9.323046603270003230e-01 9.374728347904668357e-01 9.360744234627693672e-01 9.354055437040509347e-01 9.388479672450440461e-01 9.379970248327202942e-01 9.356125874041021362e-01 9.352748345329520152e-01 9.371257325487126755e-01 9.400930956137393268e-01 9.380281755303477853e-01
2.853211375303849658e-03 1.118595367824853359e-01 3.422528207379736953e-01 5.430507733480728350e-01 4.690836639813131259e-01 5.323994502810470708e-01 7.137907250397947934e-01 7.070675515929863986e-01 7.692585270437027889e-01 7.027222356110448542e-01 7.789022096199089695e-01 8.295117892432929407e-01 1.000000000000000000e+00 7.723896612636124148e-01 8.486566055762716498e-01 8.446152064799528070e-01 7.695921749152589975e-01 6.568695442448178046e-01 7.041945287684406862e-01 6.304825398860124386e-01 6.324266107352781718e-01 7.003660474035543482e-01 7.279821856585730888e-01 6.074166643256629916e-01 6.490035359014718619e-01 8.124404988218383306e-01 8.009959174475475008e-01 7.777408679481629949e-01 7.013238237096672822e-01 7.758429408064134725e-01 8.082201827224348989e-01 8.177606077849235433e-01 7.604256797286952363e-01 7.604314787575043866e-01 7.767927718586324914e-01 7.871191699419131105e-01 7.918653907639904288e-01 8.215324445677032461e-01 8.361484450613543284e-01 7.926302796893524016e-01 8.532031197246687793e-01 8.476111317609467122e-01 8.412176846491257187e-01 8.592173752562440869e-01 8.416521899527140693e-01 8.413915377277622065e-01 8.697441988720490125e-01 8.650337835045434076e-01 8.579112710872119907e-01 8.114077746390664370e-01 8.403668816578483414e-01 8.077731615701031487e-01 8.507016669890186122e-01 8.617933346973865039e-01 8.551383437130043452e-01 8.498511015840490845e-01 8.488607981591218543e-01 8.615588656957137159e-01 8.609968497517478392e-01 8.666053712235891604e-01 8.663903795103615746e-01 8.605838249688753105e-01 8.588445672070937897e-01 8.582697222144745064e-01 8.606743861954893049e-01 8.638733764896311396e-01 8.670707393855126011e-01 8.549855683912360726e-01 8.558901021213165539e-01 8.577157647759759973e-01 8.464299140261247745e-01 8.553707824985075092e-01 8.244704599119815347e-01 8.299795964043040764e-01 8.657102957504851926e-01 8.626585933630450675e-01 8.526246254826258530e-01 8.342534463635237207e-01 8.510098406186391573e-01 8.578133759376086465e-01 8.564130222426648009e-01 8.585027433001645170e-01 8.576926227768641997e-01 8.528694621309388380e-01 8.471502596420003028e-01 8.473221151154605169e-01 8.566723995827953964e-01 8.627986175121576951e-01 8.623939566855642891e-01 8.581383587840158977e-01 8.515315254804263212e-01 8.656860674117228260e-01 8.643180841760238486e-01 8.661975208014904837e-01 8.699708830283341410e-01 8.708384283025550898e-01 8.509791680249348955e-01 8.552864852303534438e-01 8.693859566196797672e-01 8.635516558960419919e-01 8.646338322954633115e-01 8.655949714552647611e-01 8.698870371057795259e-01 8.696870037914895546e-01 8.646991656987409458e-01 8.648190133596137530e-01 8.706348946248241294e-01 8.686372481734261353e-01 8.690978234607830144e-01 8.710716385452376143e-01 8.690176948444080507e-01 8.723592398441634144e-01 8.706962150944941303e-01 8.706952530371755428e-01 8.690198297752995682e-01 8.717826909499024612e-01
