1.000000000000000000e+00 1.129454118102066612e-01 1.897173197358173469e-01 1.825535280381429259e-01 -1.477197640136493004e-02 8.733307738952739152e-02 8.754790223655940784e-02 9.067647401423745146e-02 1.321905732526886812e-01 6.412872885941625634e-02 6.014751775820754293e-02 6.482098829565252629e-02 2.538689794617349921e-02 4.620432965089368502e-03 5.943977731528749670e-02 8.849384787396423480e-02 1.126188278037157375e-01 1.792727056916106620e-01 1.423362027381833150e-01 8.951665656958802952e-02 2.028224652254043692e-01 1.689486839489028336e-01 1.188188464147697521e-01 1.731665526659294796e-01 1.578542947144254138e-01 1.340001735318248066e-01 1.203297781160191093e-01 8.417165844332975821e-02 1.574800887696687079e-01 1.767515559531672997e-01 9.728246917555913309e-02 9.352317460329566401e-02 3.025943310456847418e-02 1.228149706965905030e-01 1.123925493033444689e-01 1.304476933957892659e-01 8.287507988851597340e-02 6.503221454323718231e-02 5.842509562379816224e-02 2.468311666184010850e-02 3.273978565800240992e-02 2.001975769901299940e-02 5.126778601371069499e-02 6.090430324112421773e-02 7.099874502046835123e-02 3.639341453985849018e-02 1.998196059592625626e-02 1.275131736508260116e-02 5.155122913781724076e-02 9.931103166557843365e-02 5.308030958470612293e-02 1.253594794873125751e-01 5.878127795063133043e-02 3.856021424590969082e-02 6.080836227786948212e-02 2.757543771791203316e-02 9.367210667001821256e-02 3.059327504054134422e-02 3.678582989963746774e-02 4.681031750146907172e-02 5.178612732669922447e-02 5.271751083545912764e-02 7.498637897670723529e-02 8.192989589331561850e-02 8.476343673825900704e-02 8.574821996665989154e-02 3.604385038946063963e-02 5.115002313601418188e-02 6.855670989137212235e-02 6.626028213552205559e-02 7.443083095702782148e-02 6.320334604938945833e-02 6.054711195805209667e-02 7.777068069457250543e-02 5.371724001598185416e-02 4.391575170562408981e-02 4.613875196783155663e-02 7.249592936215208672e-02 5.779251945069580759e-02 6.250350169882649964e-02 6.042984656676340244e-02 3.327049408347856896e-02 5.589199685547505125e-02 4.434041971180065211e-02 4.042960386026150932e-02 4.838182328729381809e-02 3.634235424526783415e-02 2.545668797549100609e-02 2.082162615992361188e-02 2.530656218722597897e-02 1.078813136863351375e-02 7.576808191088693460e-03 2.526164103441000744e-02 1.979124073499430661e-02 7.361751355550224390e-03 1.209506556702704891e-02 2.296490737102751742e-02 8.212136170388185941e-02 2.983310237975309032e-02 1.146096489219101955e-02 2.149160546414988909e-02 4.403799989844988522e-02 3.601956616080547596e-02 1.932665145789139866e-02 6.291741793811131411e-02 5.074573165387331192e-02 3.623534856798044795e-02 2.378454214869440628e-02 3.178522301263008581e-02 8.900647092308200392e-03 8.939004228799627208e-03 1.953814712493273653e-02 2.335940166446547409e-02 4.786061712176178234e-02 5.739631310101350053e-02 5.710887556735269599e-02
1.129454118102066612e-01 1.000000000000000000e+00 9.831908182233306537e-02 8.513424830929366971e-02 7.648881034440122018e-02 7.600900833744848872e-02 1.340847938469569844e-01 1.111198669391626620e-01 1.942594813779333351e-01 1.917851403250386555e-01 1.536974879788031989e-01 1.380200997039490174e-01 1.234836918936104005e-01 1.007528955420898126e-01 1.521307334129253508e-01 1.435262396313540800e-01 2.065155251848862783e-01 1.950608943395742978e-01 1.904010915949047866e-01 7.675818906908611627e-02 1.087004987133520645e-01 1.518787402981356116e-01 1.820699389143704550e-01 1.723911802921255232e-01 1.613593649810000641e-01 1.829940035500368378e-01 1.513523815730287714e-01 1.328907192368672385e-01 1.720104074542729844e-01 1.763751017198199600e-01 1.624854127525644509e-01 1.819302911024706093e-01 1.275264446408838626e-01 1.560379397793468514e-01 1.688406938928725953e-01 1.425372326246102384e-01 1.545464978227661657e-01 1.537771208480682716e-01 1.625339029111096956e-01 1.226665777155006021e-01 1.563647471610543904e-01 1.398696737719339056e-01 1.360802110700149170e-01 1.553598489918152914e-01 1.457483770399611578e-01 1.617092584151212931e-01 1.606620276926481183e-01 1.765833498907722621e-01 1.656255849407714809e-01 1.337193279009853963e-01 1.534217801210359111e-01 1.398697487211289781e-01 1.578586039625125836e-01 1.909057599250701120e-01 1.879410729205906738e-01 1.594762917679348746e-01 1.715953587135979619e-01 1.535920781852246342e-01 1.622238520029407050e-01 1.736684804329345633e-01 1.533618272643017810e-01 1.770679392103686467e-01 1.579855560058906483e-01 1.778512053553103489e-01 1.814572206493611228e-01 1.794332149416733302e-01 1.800371079026754084e-01 1.829473029500457426e-01 1.817664782201817153e-01 1.468460390003734906e-01 1.556753270055592497e-01 1.780789616262088704e-01 1.759420111450402391e-01 1.681042887965648325e-01 1.693812895713658340e-01 1.644277204355138466e-01 1.550960758707221332e-01 1.793228236158615485e-01 1.684464904404410768e-01 1.772061339723277340e-01 1.644873645095377146e-01 1.644689333604862358e-01 1.685308723841182355e-01 1.667491920051912269e-01 1.506417653468044571e-01 1.631665604389843927e-01 1.525569926383370245e-01 1.590885992433889451e-01 1.594722044705004227e-01 1.599950631883925167e-01 1.479425938345158842e-01 1.549895583211807204e-01 1.561998740189457224e-01 1.566104576311792562e-01 1.593440852845960654e-01 1.685576660315349640e-01 1.342905419994570304e-01 1.627378579528917790e-01 1.545968586681545076e-01 1.463574354842040737e-01 1.486620865090513555e-01 1.534175276897317142e-01 1.575845878539769429e-01 1.545137422199187871e-01 1.556604637479501729e-01 1.628725306821767194e-01 1.649961597112002687e-01 1.745263969771334578e-01 1.711729619583736428e-01 1.644900046295412754e-01 1.543084795374247142e-01 1.653614118150034396e-01 1.625742635531666203e-01 1.660626753124596899e-01 1.696533691741552996e-01 1.691558006869807729e-01
1.897173197358173469e-01 9.831908182233306537e-02 1.000000000000000000e+00 4.162859411152802780e-01 1.497993625311291599e-01 2.933139246632560648e-01 3.655004890322128830e-01 3.710014142964558892e-01 3.762794303633251181e-01 3.183904269920802554e-01 3.997236658532102860e-01 4.188323230972644251e-01 3.460838659818175622e-01 3.137367922482139915e-01 4.144334054436653036e-01 4.206463267219104352e-01 4.174298635655544487e-01 4.602992333775833278e-01 4.314704006025361083e-01 3.576708215819042191e-01 4.902850642374521617e-01 4.696447198514132615e-01 4.634001381021155552e-01 4.597493785107379383e-01 4.479506605862724755e-01 4.528032780794031820e-01 4.728045882374187214e-01 4.644652950261445312e-01 4.921388535756422988e-01 4.980519068396035975e-01 4.627562693294873242e-01 4.406662216955596900e-01 4.308785677824403249e-01 4.699800608093278598e-01 4.587498047808887258e-01 4.506276480338941015e-01 4.507604033870908911e-01 4.401635016262873124e-01 4.258950009438993156e-01 4.358883255358914077e-01 4.022010322052702591e-01 4.076505457422489043e-01 4.340494432829792859e-01 4.369202343582828107e-01 4.451775062012577333e-01 4.071149312676051180e-01 3.788421634401858973e-01 3.597281249403302961e-01 3.963043104262449212e-01 4.497667378175550512e-01 4.255193830923397202e-01 4.571421294559424586e-01 4.159605859906231329e-01 3.712956872532838792e-01 4.116286491899703859e-01 4.144172341030303852e-01 4.300348868152775728e-01 3.928595595392764261e-01 4.109547814120306231e-01 3.912886031231116446e-01 4.129397834632431152e-01 4.017462132825428411e-01 4.288967095099239235e-01 4.087007838948851779e-01 4.046582780771546539e-01 4.163024721668687200e-01 3.820443583137008159e-01 4.038918442403870435e-01 4.165070288148344235e-01 4.255444288827950339e-01 4.338486427550787283e-01 4.161892837360676722e-01 4.176330215864067497e-01 4.290045625200120671e-01 4.083056908421774378e-01 4.082474375742189410e-01 4.141546516411070411e-01 4.302773368266955556e-01 4.182175752441584238e-01 4.172787474546524322e-01 4.230600504924528216e-01 3.972986679426893653e-01 4.145081671346622088e-01 4.118718674615899356e-01 4.072299348821463716e-01 4.126676924522447720e-01 4.121881843764175213e-01 3.990895920830933030e-01 3.937965418951031582e-01 4.032134927909415967e-01 4.008894374544599848e-01 3.816341965143092430e-01 3.993886006690244295e-01 3.960297154252320762e-01 3.696759233717278326e-01 3.655433900777820266e-01 3.885403030627452292e-01 4.008574880133684570e-01 3.901867351226256941e-01 3.868242982088666571e-01 3.942272144702051451e-01 3.951276225407709952e-01 3.876578547504076488e-01 3.809251215347559949e-01 4.095581781674619282e-01 4.016927715429213230e-01 3.823578233366218826e-01 3.721160661042448581e-01 3.851837506791546684e-01 3.690622635598633794e-01 3.811313126011972585e-01 3.729110901374954601e-01 3.794947162236712024e-01 3.903972211513794810e-01 3.974248876913055173e-01 4.002877018389375818e-01
1.825535280381429259e-01 8.513424830929366971e-02 4.162859411152802780e-01 1.000000000000000000e+00 3.071436446779522988e-01 4.454132093928542258e-01 6.384625313729809237e-01 6.100126039880976458e-01 4.866376334650995283e-01 4.033724935799180566e-01 5.642892684372227130e-01 6.434646542605622077e-01 5.245258673978527852e-01 4.572155225395754807e-01 6.425455192212744526e-01 6.351649832318683186e-01 5.336450207716659788e-01 5.198497054916541016e-01 4.540139257821247942e-01 5.642440788236100513e-01 5.917206800383730814e-01 5.881137237603152323e-01 5.738666672793384382e-01 5.301176370549313122e-01 4.729488077573182903e-01 5.710429596300111710e-01 6.188151060462671049e-01 6.060586460223889027e-01 5.993955195472784325e-01 6.184931172535474975e-01 6.048692906772030753e-01 5.891851390564056823e-01 5.895122120237461516e-01 6.481250996170794254e-01 5.874739239286800307e-01 6.641616078252474686e-01 6.003450240601195809e-01 6.164799437000112459e-01 6.057161502941877940e-01 6.229460341320273153e-01 5.587959627623025893e-01 5.858532502924405083e-01 6.553172430671140303e-01 6.198530976463534348e-01 6.220644972924802563e-01 5.519382859260507646e-01 5.341006249656172766e-01 4.945991891200487434e-01 5.470991096062269854e-01 6.631264995523203920e-01 6.223628141267101288e-01 6.634766159971844379e-01 5.964587949136024303e-01 4.906152974525482824e-01 5.220878847992074245e-01 5.594301890974984204e-01 5.902809551019569945e-01 5.479087416551623457e-01 5.634445632463612741e-01 5.390660949552857906e-01 6.051130210913355789e-01 5.547032563085437795e-01 6.027624957466981570e-01 5.786652163990813058e-01 5.540111711888244805e-01 5.723702279223381595e-01 5.257020957847565734e-01 5.209889986740460222e-01 5.490905811047213092e-01 6.022444046531932882e-01 5.712919727168864759e-01 5.389894196435935925e-01 5.421705717215162812e-01 5.487325055248628569e-01 5.642268818459278412e-01 5.572229843315505970e-01 5.747854420950022636e-01 5.613249453351584206e-01 5.731294558573696296e-01 5.535965621766849587e-01 5.707451232732783097e-01 5.512066069684768976e-01 5.805601134748814562e-01 5.489706508659712991e-01 5.853554764402271182e-01 5.719637857485259103e-01 5.812381594711211186e-01 5.663374099325103606e-01 5.520082832871011647e-01 5.622917009237315966e-01 5.755872611085184332e-01 5.408927543571160346e-01 5.654182978691612016e-01 5.625947808304053721e-01 5.258271264967553371e-01 5.089508257982924277e-01 5.898392436239363601e-01 5.850104179959856321e-01 5.681330255313881139e-01 5.697592230001301550e-01 5.838427619459656270e-01 5.736214345832021388e-01 5.612562222118155919e-01 5.543365864079248251e-01 5.981937543895714526e-01 5.677728681218076057e-01 5.479156062733537835e-01 5.069421195176284645e-01 5.318569527749995585e-01 5.226393831539525303e-01 5.418598298269444724e-01 5.268777051080308915e-01 5.428802639963398180e-01 5.625087625142676240e-01 5.571178493987840596e-01 5.628973231778657826e-01
-1.477197640136493004e-02 7.648881034440122018e-02 1.497993625311291599e-01 3.071436446779522988e-01 1.000000000000000000e+00 2.794216096629859036e-01 4.360872193326996715e-01 4.169508185083052321e-01 4.234825633702452574e-01 3.679764828344456729e-01 4.443056943483762455e-01 4.840370727546339791e-01 4.779181450519423557e-01 3.926057259779344166e-01 4.843805519006964544e-01 4.741409819585430951e-01 3.934881086441122666e-01 2.916192338626422131e-01 3.049266404729381597e-01 3.016565508220709346e-01 2.806236881977596243e-01 3.605859999973554664e-01 3.493666145808367873e-01 3.068516223739800042e-01 3.106352693645585417e-01 4.201714990431594243e-01 4.004389803555346572e-01 4.081888061219336450e-01 3.720187997010153680e-01 3.793966681633945681e-01 4.270081134279863355e-01 4.197346867440402973e-01 4.213408402438368339e-01 4.215263972346102173e-01 4.018776227175059890e-01 4.048853323328658882e-01 4.265927444266711110e-01 4.556760677520168556e-01 4.602942568243930666e-01 4.424765032678497634e-01 4.732587895779031828e-01 4.764399864322048650e-01 4.646062659079348012e-01 4.722605398819939571e-01 4.524628054039493974e-01 4.752039022230768461e-01 4.885826181558890480e-01 4.828247165356969184e-01 4.728003429958440029e-01 4.449391141391574878e-01 4.670916029673459202e-01 4.555168284553798297e-01 4.803611517057142510e-01 4.691273820800052063e-01 4.525740796385424591e-01 4.658369549686657285e-01 4.432657158014322585e-01 4.799847576955275641e-01 4.622682912428824897e-01 4.794125166527930526e-01 4.819076153995374145e-01 4.711826396706133568e-01 4.601686972889578175e-01 4.628321798835681178e-01 4.683158676836874923e-01 4.679387828837262564e-01 4.772913549427321156e-01 4.492315675144398224e-01 4.507807397152154838e-01 4.558173860088572948e-01 4.487948722535005097e-01 4.526220692558554082e-01 4.487027387178633697e-01 4.341124657737351900e-01 4.767833295785274261e-01 4.744332933129637997e-01 4.689328336077376869e-01 4.548399440070688415e-01 4.626067710308359171e-01 4.574266717822547124e-01 4.577640186473311279e-01 4.810566415316099298e-01 4.720587289497392147e-01 4.640133557311181267e-01 4.813254110678383824e-01 4.748781848106120584e-01 4.733814445644263236e-01 4.851761525322053625e-01 4.800032721349937748e-01 4.741107884511850945e-01 4.774850357176285698e-01 4.899610717479593314e-01 4.818915427182936528e-01 4.826568829181066556e-01 4.912427673245868265e-01 4.865407063268325505e-01 4.812513578389329694e-01 4.748332434134973079e-01 4.853969740873378402e-01 4.889025815153213994e-01 4.891790964603580649e-01 4.822621538111245276e-01 4.921785319692994487e-01 4.915724782200213139e-01 4.851566565498464656e-01 4.690374222649066893e-01 4.870917217750982409e-01 4.819050957172792415e-01 4.792788764266662227e-01 4.876540917190321789e-01 4.866448785141290201e-01 4.891862391723200143e-01 4.835331558166337529e-01 4.847889961128490910e-01 4.778706485764769862e-01 4.827614250942253160e-01
8.733307738952739152e-02 7.600900833744848872e-02 2.933139246632560648e-01 4.454132093928542258e-01 2.794216096629859036e-01 1.000000000000000000e+00 5.445034177372833906e-01 4.855310653772711427e-01 5.025929980282504150e-01 4.332345799121872787e-01 5.511914904048026420e-01 5.851573772534711670e-01 5.061973673377214711e-01 4.819671785894413807e-01 5.956754341383186935e-01 5.830873682467432317e-01 5.268682044446431068e-01 5.100773868299699476e-01 4.870708725330594180e-01 4.631817640700295891e-01 5.193504049792246891e-01 5.542131540072887663e-01 5.242521887129839575e-01 5.084543959050020767e-01 4.907126486323533654e-01 5.628276780692775816e-01 5.639869506566207447e-01 5.709336976029090183e-01 5.580987937862413872e-01 5.669964381312238011e-01 5.801817077652403620e-01 5.827169360432545853e-01 5.577877301023514978e-01 5.849578695364224812e-01 5.509484496137547760e-01 5.826850440121549290e-01 5.741249006110634712e-01 5.945694567780711592e-01 5.946480344222957459e-01 5.934702932952556909e-01 5.771576334053035717e-01 5.925700416152955841e-01 6.077154590236746312e-01 5.995391721483834813e-01 6.003716604299123016e-01 5.709773778318197879e-01 5.715031176640367194e-01 5.521786830165578142e-01 5.803307560408748067e-01 5.960217244021051020e-01 5.995213681497633118e-01 6.003654450483413285e-01 5.871379815606695418e-01 5.527712560439245193e-01 5.691976364029351920e-01 5.816871891835205810e-01 5.847369096978656255e-01 5.733347033820735961e-01 5.912351519467118344e-01 5.700409059624775843e-01 5.946687603289743107e-01 5.790985605838440131e-01 5.960777690211687130e-01 5.830669409905984146e-01 5.711794373232145228e-01 5.794913783015036568e-01 5.687213086328802847e-01 5.712531439426937752e-01 5.731237959022916773e-01 5.915891216848304657e-01 5.887843910455384799e-01 5.772521705882116549e-01 5.729597484192193724e-01 5.789897990450537657e-01 5.855553111638870378e-01 5.826074085577660489e-01 5.915508137873999317e-01 5.803076502208331933e-01 5.934999848345400286e-01 5.777713586289294767e-01 5.887165021341579374e-01 5.761491092176330708e-01 5.877912359984364121e-01 5.738914271202490980e-01 5.859215716020391707e-01 5.825674352068522799e-01 5.888280043592430957e-01 5.838288617892392063e-01 5.849761667458645009e-01 5.809123572370370470e-01 5.901838296552900376e-01 5.790720610731869833e-01 5.878842854258642392e-01 5.874114833857674300e-01 5.716277260953195327e-01 5.647080151286192340e-01 5.866367633472765464e-01 5.771317854426563088e-01 5.842984072184959077e-01 5.855809025149816271e-01 5.928178639922279114e-01 5.826096110005960504e-01 5.760818130649018043e-01 5.810505138188020169e-01 5.900380539832781324e-01 5.839888825497000502e-01 5.780497108443617416e-01 5.605790560422191371e-01 5.713723124838682166e-01 5.684878962933450630e-01 5.772496422314602471e-01 5.684659318788808369e-01 5.748428452270594180e-01 5.784262199073434418e-01 5.801467446244362725e-01 5.807031366766806091e-01
8.754790223655940784e-02 1.340847938469569844e-01 3.655004890322128830e-01 6.384625313729809237e-01 4.360872193326996715e-01 5.445034177372833906e-01 1.000000000000000000e+00 7.244706868125049271e-01 6.789177218826978333e-01 6.042026787544864108e-01 7.430887411550969324e-01 7.965015593142490413e-01 6.947031292088463594e-01 6.384517862725631598e-01 8.314307134370537700e-01 7.964505549976083065e-01 6.885063924222192266e-01 6.395889683959962158e-01 6.245102915112421549e-01 6.177989806331534162e-01 6.545331108961515154e-01 7.223604488066781570e-01 7.018350906193520089e-01 6.528842210113655620e-01 6.442814531584618587e-01 7.454807364505672274e-01 7.453107103921258192e-01 7.491898168723342133e-01 7.245305652642041183e-01 7.382746428126263361e-01 7.655264099060796745e-01 7.521863004809490327e-01 7.473581638187590803e-01 7.918615380055185060e-01 7.354419509652806441e-01 7.846642839216195764e-01 7.618617405354698446e-01 7.881330253963821919e-01 7.817848569755765364e-01 7.718473778514833850e-01 7.643444199130229322e-01 7.751748354657683748e-01 7.986186273969710925e-01 7.920725523935028267e-01 7.927808780859086912e-01 7.665002884115647008e-01 7.542523000313603454e-01 7.291160817991847454e-01 7.632615311664093793e-01 8.042456660726468032e-01 7.950024025100600467e-01 7.964377817432982676e-01 7.723651403675593219e-01 7.238601479115759352e-01 7.343109192345624869e-01 7.621530073801277005e-01 7.625290145807965825e-01 7.542100066933200564e-01 7.601292758488469303e-01 7.532913473089857259e-01 7.894530123628772378e-01 7.561900257381227730e-01 7.781627488869987674e-01 7.628376167412106446e-01 7.424879424771189118e-01 7.571953329592485682e-01 7.434324938888929868e-01 7.332471352652583096e-01 7.584102479047928336e-01 7.792882535071292693e-01 7.576516353710461837e-01 7.500985983157447690e-01 7.492500829048770461e-01 7.478213628854858408e-01 7.678842386787554375e-01 7.621550736884951105e-01 7.754984189925787641e-01 7.553924966533923646e-01 7.692028035209871328e-01 7.537933575559089272e-01 7.632319252358322759e-01 7.586907339211167445e-01 7.801904266121234555e-01 7.592261170270399040e-01 7.876362973025281544e-01 7.782184888991775518e-01 7.785815390812438341e-01 7.748534147403901562e-01 7.669977860983657747e-01 7.698775123428039935e-01 7.758853618764700588e-01 7.603385596133968027e-01 7.702188109408111272e-01 7.678958734647132189e-01 7.491608484125922285e-01 7.394405704684015035e-01 7.831586765117225513e-01 7.740992286685645096e-01 7.701454352216807742e-01 7.766285470611345998e-01 7.731539277109177322e-01 7.714702958967780688e-01 7.634344136999294816e-01 7.658403897832236629e-01 7.834509157613119834e-01 7.665107103386891163e-01 7.650466420663771805e-01 7.375087664409282207e-01 7.508012283140735876e-01 7.426246422706743733e-01 7.593661278413491589e-01 7.495143060107555266e-01 7.527456261428646656e-01 7.620665035026832346e-01 7.570291843540966070e-01 7.590884620733333588e-01
9.067647401423745146e-02 1.111198669391626620e-01 3.710014142964558892e-01 6.100126039880976458e-01 4.169508185083052321e-01 4.855310653772711427e-01 7.244706868125049271e-01 1.000000000000000000e+00 6.761364783900241093e-01 5.958970276827159074e-01 7.162354496335556764e-01 7.716679983123636566e-01 6.768212624215308448e-01 6.210705638111204685e-01 7.775238546171496790e-01 7.815248286751054207e-01 6.700173335021428755e-01 6.180852657796340743e-01 6.230654963706696581e-01 5.839609910139730298e-01 6.371496834333952863e-01 7.148777339446772405e-01 6.823701267207422649e-01 6.247075700366734319e-01 6.424872007454771605e-01 7.398974180681912038e-01 7.286380317764886705e-01 7.386843588010019168e-01 7.265604142339067151e-01 7.288314998342286799e-01 7.505671664980066993e-01 7.350730993947195424e-01 7.353145979640177687e-01 7.646898171632957597e-01 7.265896486298322188e-01 7.686448024681451496e-01 7.416923198467069156e-01 7.779385333946512437e-01 7.625106483953789649e-01 7.590504985602781751e-01 7.484519913025579063e-01 7.628410302030904644e-01 7.780861775363709931e-01 7.799821179886757827e-01 7.743420047191199584e-01 7.592646898206917294e-01 7.434881212983185383e-01 7.223368990187454264e-01 7.547314314227228094e-01 7.950339683126006474e-01 7.832085801286612359e-01 7.865131767059340140e-01 7.669177393166805023e-01 7.200962378393870322e-01 7.369087370121266689e-01 7.504207991789907384e-01 7.590104647052133835e-01 7.506387498623543486e-01 7.508634700204921408e-01 7.467791664238505600e-01 7.778021601150900688e-01 7.495988036414448219e-01 7.731748200907768709e-01 7.538657708252958223e-01 7.394422943956884264e-01 7.523577536286707446e-01 7.345761166552686738e-01 7.245486470956294944e-01 7.471388823702355131e-01 7.603896077533695008e-01 7.474482976562289993e-01 7.423221383895709513e-01 7.279306445521315228e-01 7.369599927477713530e-01 7.579698794865927791e-01 7.518603972704117622e-01 7.634323870565234982e-01 7.504491497509083731e-01 7.547527573040758719e-01 7.448316481603923789e-01 7.530744293672081424e-01 7.469035318716146232e-01 7.626635849555986058e-01 7.492872021337481092e-01 7.760109751530779310e-01 7.598903547439340711e-01 7.599592337787641760e-01 7.625245042807350382e-01 7.508961204229395170e-01 7.561990441208797931e-01 7.609979957204577872e-01 7.472449219729232484e-01 7.572345603403075609e-01 7.564629854110184182e-01 7.391518494817331808e-01 7.299697634101480759e-01 7.759436464606743744e-01 7.719017812961235236e-01 7.609048421512115690e-01 7.653651737533275767e-01 7.603817822854468389e-01 7.650279048368329171e-01 7.567274571534594596e-01 7.579779446908960772e-01 7.737507127364499082e-01 7.570302787674346723e-01 7.549466561795790120e-01 7.286738148439561025e-01 7.444756396101820384e-01 7.330105190165611129e-01 7.493037132494795305e-01 7.399072327567882690e-01 7.454907433125401717e-01 7.539950187206057031e-01 7.473951016773129341e-01 7.528465851737241588e-01
1.321905732526886812e-01 1.942594813779333351e-01 3.762794303633251181e-01 4.866376334650995283e-01 4.234825633702452574e-01 5.025929980282504150e-01 6.789177218826978333e-01 6.761364783900241093e-01 1.000000000000000000e+00 7.589481329723204439e-01 8.090188381808678386e-01 8.194746406573437669e-01 7.578860575532043731e-01 6.965788747331951303e-01 8.193856490987607710e-01 8.201777620150142445e-01 8.026675105717349101e-01 7.163134090576908086e-01 7.481172588971051196e-01 5.308028717114480211e-01 6.542356172978087692e-01 7.770392158013087469e-01 7.654125665691137170e-01 7.025707849368652003e-01 7.398712053514984177e-01 8.378447156535804297e-01 7.997908167551495140e-01 7.849656878789024184e-01 7.894895007717138702e-01 8.060480308902975288e-01 8.370594746404591557e-01 8.402084170177885891e-01 7.793989150409037503e-01 8.066560223398496765e-01 8.131842842135810212e-01 7.909205960463394636e-01 8.191664476919801041e-01 8.449807236280302281e-01 8.499791628573447611e-01 7.931136904125269949e-01 8.549545108652691905e-01 8.399405087609863596e-01 8.188792686720208769e-01 8.562318229108353274e-01 8.451369879684825781e-01 8.596818079178090155e-01 8.669972775264710441e-01 8.757981882558577569e-01 8.763037451132431599e-01 8.215229601947002802e-01 8.487889675874773499e-01 8.361044460023088210e-01 8.600012770231453274e-01 8.816277159248094852e-01 8.725497312359203894e-01 8.547084692837776387e-01 8.691247876185052013e-01 8.659705466919860317e-01 8.603623378146206813e-01 8.818245735296553756e-01 8.698693997699639135e-01 8.787913636705952936e-01 8.615966019695140421e-01 8.786956210230325581e-01 8.823449489821899583e-01 8.858862787650763071e-01 8.762535945392355696e-01 8.679060474909922052e-01 8.755720158428856870e-01 8.352264569755896151e-01 8.565405019366956196e-01 8.739763014365218297e-01 8.516296693952993824e-01 8.535218763368254136e-01 8.746511615044513244e-01 8.692091027037889273e-01 8.620541738363819428e-01 8.705234687460486898e-01 8.594908831156582441e-01 8.737514371295594939e-01 8.684993285507793814e-01 8.694304832926295079e-01 8.752481686589530518e-01 8.704814306491412967e-01 8.580805345518930372e-01 8.646975473747968710e-01 8.563592479150223813e-01 8.672054398469662972e-01 8.669660273410255691e-01 8.640573758803173909e-01 8.486156229395377393e-01 8.629782436221982156e-01 8.651995934168086322e-01 8.630903848756822372e-01 8.680647863168137190e-01 8.733579101415066548e-01 8.478623762336027214e-01 8.756870949248216629e-01 8.654269557523177614e-01 8.570659451518286565e-01 8.557345704604623071e-01 8.717519144501477690e-01 8.690397542552229515e-01 8.702225988762564146e-01 8.735912308212898658e-01 8.767303055644503074e-01 8.767777214005388897e-01 8.753671159951839087e-01 8.754405407977975395e-01 8.691707888943731586e-01 8.684359143694339034e-01 8.777088534799317721e-01 8.735166916267701476e-01 8.789690589073887450e-01 8.801195344672060328e-01 8.822949365653803833e-01
6.412872885941625634e-02 1.917851403250386555e-01 3.183904269920802554e-01 4.033724935799180566e-01 3.679764828344456729e-01 4.332345799121872787e-01 6.042026787544864108e-01 5.958970276827159074e-01 7.589481329723204439e-01 1.000000000000000000e+00 7.266771210215159371e-01 7.384250959094245115e-01 6.870953377069682899e-01 6.406504721946508774e-01 7.399252476191044980e-01 7.427455653308919770e-01 7.167578308877817772e-01 6.694613853187113550e-01 6.957564206271753537e-01 4.641637807907121327e-01 5.895901150626482456e-01 7.058952999585401678e-01 7.081395438428980116e-01 6.512737659093814635e-01 6.903816368058295350e-01 7.679972496560857342e-01 7.252869043704600616e-01 7.220556358996371715e-01 7.126461991299710697e-01 7.310781541946725914e-01 7.576643104512695848e-01 7.633626907166090048e-01 7.139586122769689958e-01 7.362892774802134443e-01 7.466016012031383431e-01 7.125540616984632480e-01 7.531878375286314986e-01 7.705171982342340353e-01 7.761234025116728885e-01 7.260567374066526636e-01 7.813450169416862323e-01 7.672183029077676020e-01 7.453040970675530730e-01 7.747169666704363244e-01 7.687417107440288611e-01 7.914305864122394008e-01 7.938888651668339902e-01 8.034033963319627825e-01 7.991401437868368429e-01 7.412156697517540138e-01 7.707676418750905034e-01 7.434000116802729208e-01 7.735618701624303872e-01 8.075701828335329902e-01 8.000165130180958428e-01 7.838075988759229951e-01 7.807472521052521985e-01 7.905992508651160655e-01 7.836911582546274291e-01 8.049500186396252310e-01 7.856737346458882998e-01 7.981249021194412041e-01 7.799572611580312120e-01 7.934337923367763556e-01 7.934192858572711726e-01 7.970212877373457072e-01 7.997563088575406764e-01 7.971780928815234146e-01 8.015620977090145427e-01 7.528617995469801816e-01 7.835702634792965915e-01 8.009961188693405232e-01 7.818904808184254929e-01 7.838566370301301989e-01 7.977238168805858010e-01 7.903288072264132991e-01 7.877488630487424759e-01 7.911923490105404744e-01 7.861995982404725858e-01 7.967054201275299841e-01 7.923068452938315520e-01 7.918224383256013965e-01 7.956814517478352222e-01 7.961780989738850289e-01 7.846004734859742813e-01 7.921132312105569895e-01 7.828099115339886005e-01 7.916852225808044263e-01 7.906942624193527003e-01 7.907543630172846338e-01 7.787067219102001836e-01 7.884021055293328750e-01 7.877532418719064289e-01 7.888123673395076585e-01 7.914467169927600354e-01 7.975234629317646817e-01 7.718040412553249796e-01 7.871794639635411039e-01 7.857016212108145492e-01 7.811110739987192630e-01 7.760215163120012249e-01 7.892966387286309837e-01 7.870553517914998798e-01 7.917640293582653976e-01 7.885119792237608172e-01 7.926148472645915266e-01 7.955776185832145186e-01 8.006799438955128911e-01 8.011035006577308382e-01 7.897605713576311137e-01 7.917081306654331074e-01 8.004160234692679898e-01 7.948484028513392863e-01 7.953696097503736295e-01 7.965492434451270087e-01 7.969759719196936043e-01
6.014751775820754293e-02 1.536974879788031989e-01 3.997236658532102860e-01 5.642892684372227130e-01 4.443056943483762455e-01 5.511914904048026420e-01 7.430887411550969324e-01 7.162354496335556764e-01 8.090188381808678386e-01 7.266771210215159371e-01 1.000000000000000000e+00 8.774114306736732205e-01 7.858912833668012521e-01 7.352705042392813084e-01 8.726830465865862418e-01 8.600992020951403472e-01 8.176492978248056653e-01 7.297693312023907364e-01 7.588204187623496244e-01 5.935796528639308844e-01 6.852527974142141876e-01 8.024744570179657144e-01 7.974126156643718266e-01 7.352493652453696571e-01 7.541796594342746740e-01 8.666519142208987114e-01 8.433938184483903422e-01 8.431430141356058838e-01 8.213864593848124729e-01 8.356324371605196033e-01 8.776906918440973149e-01 8.710773462653468302e-01 8.359431059452619994e-01 8.505055747124887766e-01 8.363461717706338616e-01 8.328021513096595108e-01 8.638349900809164650e-01 8.896296869399589191e-01 8.904429998365473997e-01 8.656037389593992382e-01 8.943694428800241791e-01 8.947201434949311194e-01 8.802204589616671182e-01 9.013233673516908295e-01 8.911036422330683715e-01 8.973104412763928117e-01 8.999985369123461032e-01 8.924489622394120580e-01 8.987620910491852522e-01 8.680136251572013739e-01 8.970938812587786471e-01 8.775951083217774507e-01 8.980083495766932877e-01 8.898505802275843424e-01 8.945231598045646493e-01 8.990363232309430686e-01 8.940139237441813158e-01 8.977970465542418621e-01 8.997488765841186176e-01 9.026673475170424732e-01 9.067449089160628528e-01 9.028533734893777751e-01 8.996883229795932246e-01 8.984886852833809945e-01 8.920061286132356937e-01 9.024396374329736181e-01 8.989442054155458717e-01 8.924946562013864604e-01 8.982848569631468605e-01 8.776165132185490547e-01 8.898487124157519190e-01 8.985153294265403323e-01 8.861219577555398130e-01 8.829243403184660055e-01 9.070918660184089655e-01 9.053232369500925358e-01 9.035785584403025483e-01 9.008514612591761450e-01 8.966629036140616460e-01 9.020346427642041975e-01 9.009404910099885200e-01 9.040977944611686690e-01 9.057680840017859891e-01 8.991186101252285345e-01 8.988981586676279001e-01 8.987237586605033579e-01 9.001112616864712646e-01 9.060099929865937929e-01 9.038736873066265387e-01 9.051760566965143529e-01 9.024612369964430947e-01 9.029569430384328799e-01 9.054202085113782772e-01 9.047085217186775497e-01 9.010133538361545513e-01 8.989863032218247119e-01 8.968533433626445506e-01 8.955822648419243803e-01 9.032997024900537575e-01 9.019524456736492946e-01 9.021421305769308230e-01 9.034743671207909887e-01 9.018029047214544125e-01 9.046251652635833862e-01 9.049685151928535953e-01 9.069219743326616401e-01 9.040967953747068853e-01 8.973729057676316234e-01 9.028865066557686392e-01 8.979726594868152612e-01 9.045456625218122326e-01 9.029781078420646701e-01 9.034932383949266788e-01 9.037660874222832597e-01 9.027339478360261182e-01 9.068025818605522925e-01
6.482098829565252629e-02 1.380200997039490174e-01 4.188323230972644251e-01 6.434646542605622077e-01 4.840370727546339791e-01 5.851573772534711670e-01 7.965015593142490413e-01 7.716679983123636566e-01 8.194746406573437669e-01 7.384250959094245115e-01 8.774114306736732205e-01 1.000000000000000000e+00 8.219234982181037319e-01 7.614974115857555681e-01 9.210941126637391951e-01 9.066995389657129811e-01 8.286867261533205076e-01 7.379374317859421772e-01 7.460674090542472880e-01 6.650630547092634126e-01 7.269455074991995058e-01 8.301208244492050969e-01 8.024186935940555987e-01 7.369331122235536213e-01 7.486984047850726576e-01 8.860984011458460374e-01 8.697256098072209118e-01 8.715340809093959917e-01 8.493903637164809117e-01 8.583880390037440522e-01 9.007875891294204740e-01 8.957911099153538226e-01 8.637259428926890026e-01 8.907886404492771915e-01 8.586685786791815600e-01 8.793436997874556349e-01 8.882758215502883914e-01 9.279805146086440581e-01 9.263468503750699190e-01 9.000280266783227123e-01 9.214605838400846682e-01 9.275978204349513145e-01 9.282658299590972328e-01 9.404909318607602708e-01 9.286198153936985333e-01 9.243849912907460276e-01 9.276326521274385062e-01 9.120215991835555203e-01 9.276100288230277879e-01 9.176374586145801260e-01 9.384873618402289619e-01 9.224833577449250699e-01 9.327997252605624290e-01 9.056506298569982905e-01 9.096234934528304450e-01 9.188589277922505349e-01 9.232183546563593746e-01 9.285754085686652726e-01 9.289098950396600385e-01 9.244802475536840758e-01 9.454045801980520691e-01 9.307405586565531408e-01 9.367526289742568180e-01 9.321234972569173438e-01 9.205401649441242728e-01 9.296910033490813907e-01 9.219942831458487476e-01 9.085733630140463424e-01 9.179081759431527709e-01 9.225530003174762239e-01 9.193864886989212559e-01 9.187903710011134928e-01 9.004065199717719015e-01 9.029182690757339147e-01 9.357003532976890803e-01 9.310321341455909394e-01 9.340853861773771305e-01 9.241696626236604040e-01 9.268625918897296367e-01 9.265663542031085109e-01 9.272404028774776652e-01 9.317909537919386587e-01 9.345780351932624352e-01 9.225453626062598556e-01 9.337080985935072297e-01 9.291893429372256596e-01 9.318502515031324984e-01 9.367188375391999333e-01 9.319951535697075240e-01 9.298687486436313376e-01 9.332543710674774395e-01 9.312040414348207173e-01 9.344452442228396993e-01 9.359142020185858835e-01 9.276109311998717022e-01 9.218129672954284981e-01 9.339041726200462135e-01 9.328867382858555546e-01 9.378510617621058643e-01 9.371478268621696861e-01 9.387734384651962305e-01 9.371163736829919433e-01 9.344472482882423270e-01 9.359980676272182665e-01 9.432938186964809901e-01 9.358271302726161034e-01 9.336432310768599807e-01 9.195069100671625639e-01 9.268980861146027816e-01 9.246635822396699345e-01 9.338949641097039622e-01 9.281755530984707736e-01 9.318032572911455480e-01 9.364333133399341813e-01 9.306137332860361377e-01 9.355575671326986642e-01
2.538689794617349921e-02 1.234836918936104005e-01 3.460838659818175622e-01 5.245258673978527852e-01 4.779181450519423557e-01 5.061973673377214711e-01 6.947031292088463594e-01 6.768212624215308448e-01 7.578860575532043731e-01 6.870953377069682899e-01 7.858912833668012521e-01 8.219234982181037319e-01 1.000000000000000000e+00 6.928887334597439995e-01 8.264047676729974201e-01 8.218612952221100443e-01 7.487969470567668040e-01 6.491837612458576379e-01 6.639662204145503344e-01 5.596762720524398604e-01 6.102228435385950167e-01 7.227847041939592376e-01 7.062917870300462475e-01 6.463298117909719309e-01 6.614189669772694291e-01 7.948236601222411490e-01 7.650386828979541809e-01 7.701505281031169048e-01 7.454149809263237447e-01 7.543773015803111326e-01 8.059933275497664917e-01 7.960838517583262997e-01 7.756053034848042760e-01 7.851415200671204575e-01 7.749536699783954319e-01 7.528897898376782916e-01 7.953257575705836580e-01 8.287164629371200908e-01 8.344116711383597895e-01 8.006302053138032448e-01 8.388192533526178662e-01 8.389010926444115945e-01 8.282649064183901233e-01 8.459863027873942842e-01 8.293724715946193538e-01 8.492965910828531584e-01 8.518751413513470094e-01 8.476903522324800155e-01 8.493769378107526302e-01 8.121820626998684789e-01 8.373750217144866337e-01 8.136711844999874321e-01 8.441216028880241806e-01 8.396279580526829767e-01 8.321464053194352894e-01 8.370137153181422818e-01 8.257798478793895169e-01 8.521465890997834691e-01 8.387201080950849041e-01 8.500182583417889015e-01 8.548200365176827908e-01 8.482695969376079503e-01 8.422237414758450003e-01 8.403522382982490102e-01 8.350758369774775591e-01 8.405224982859407223e-01 8.479669969438193844e-01 8.336980726173092160e-01 8.366064413739235928e-01 8.283146411765209827e-01 8.303177412111258926e-01 8.384631668405890803e-01 8.221392781753199541e-01 8.188224888952623237e-01 8.502870017452897056e-01 8.498567899472398990e-01 8.453486024933906107e-01 8.369612213112974652e-01 8.402124127383260310e-01 8.431464231038938717e-01 8.430746628997329850e-01 8.541226141142215234e-01 8.472422155943679645e-01 8.437519075949054814e-01 8.553559969026949261e-01 8.446974780316607312e-01 8.450571707586740366e-01 8.556940428569766999e-01 8.536609886120998247e-01 8.478675234470358646e-01 8.475334125262955487e-01 8.564846350546939657e-01 8.534747819494502563e-01 8.569481815826038851e-01 8.576114020037299834e-01 8.548992576811895727e-01 8.568623954406920928e-01 8.519294056224832046e-01 8.603039119235443843e-01 8.576405083808228413e-01 8.586870334191735177e-01 8.598829386635532535e-01 8.578874282991378886e-01 8.606398696340027410e-01 8.567127724889773699e-01 8.527167443815020231e-01 8.588574611645286572e-01 8.511932676966504907e-01 8.543445273897091186e-01 8.539808516168274632e-01 8.573588918920820312e-01 8.565330097124178588e-01 8.569668578576373763e-01 8.585434834079898048e-01 8.474916452866632088e-01 8.549088532929297601e-01
