1.000000000000000000e+00 1.405103727333451846e-01 2.604669040275245928e-01 1.329349960714730217e-01 -6.477028471115996167e-02 5.058886657397517611e-02 7.789529070441104236e-03 2.710323041787002923e-02 2.438928337048212047e-01 1.101653922616201431e-01 1.353672646062231144e-01 4.522519121999627606e-02 -2.742249385692387825e-02 -1.578406108901950254e-03 -2.340610916546870864e-03 4.470727802436585963e-02 2.175193564276139691e-01 2.781130277860023869e-01 2.457525750239073770e-01 1.946166467099338104e-01 1.732452784549351199e-01 2.728601888448322632e-01 2.841936908429419928e-01 2.244825644284698662e-01 2.224225176946296734e-01 3.052118058882094531e-01 2.770509859878624304e-01 2.698567916309326797e-01 2.932156455421504604e-01 2.550023530061230614e-01 2.545601181421602299e-01 1.411806756959739229e-01 1.865406462289754264e-01 1.681830946774125757e-01 1.722077300975183856e-01 1.704977861056709010e-01 1.827888318005740920e-01 1.245044015955425465e-01 1.291762474548852069e-01 1.668914524561416479e-01 9.702778506887640986e-02 9.143205397416190316e-02 5.315092545268772228e-02 1.215650220708895668e-01 1.649861923632240379e-01 1.304084550529925057e-01 1.489779674980263278e-02 3.483311792812733565e-02 3.033084921159634809e-02 5.285226086542831742e-02 6.500702009503515899e-02 1.151971919202759596e-03 5.147204600533850788e-02 7.859574692930554329e-02 8.923092560125447936e-02 1.452870602666361255e-01 6.042497486141445995e-02 3.719673405897115648e-02 6.261538657468687652e-02 4.052106960755168935e-02 1.162640332817298401e-02 5.038081254479566395e-02 3.918806852934067497e-02 4.654424978204331487e-02 1.026449215640814622e-01 7.917347934338955784e-02 6.494098988175223131e-02 1.125479704743205106e-01 8.530528040371859744e-02 1.007812540542322860e-01 1.045118496325324747e-01 1.278362645203806602e-01 1.043120462746425919e-01 9.407706145992021651e-02 1.157881635644515267e-01 1.036276645365444560e-01 9.990942577307651562e-02 1.246837168936610063e-01 1.011778041404761547e-01 1.085000098629087945e-01 9.559505552583626165e-02 1.282449074443034742e-01 1.180256266573577600e-01 7.306632986902687754e-02 4.486136654374222460e-02 7.678583773523998957e-02 8.555690517778177795e-02 7.677973342839791715e-02 7.672756387900914188e-02 1.043982510070262104e-01 9.562842997309792259e-02 4.803745911401362950e-02 8.659353168949730783e-02 6.996945821638939078e-02 7.715988117561850893e-03 2.185477005856794469e-02 2.436316806478942137e-02 2.721255844740961063e-02 1.605981894577896904e-02 3.926955679423112938e-02 3.488193140605325843e-02 5.111329719531047117e-02 2.533915204819442088e-02 3.656922300405883453e-02 6.479939135187648414e-02 4.127711771798205781e-02 2.314833206206944397e-02 3.779039464443988833e-02 5.617246267417948941e-02 1.704973056852217630e-02 3.028520050782235531e-02 2.836906421839178669e-02 4.084239665221474358e-02 4.939883543675690353e-02 7.364986274191438753e-02 5.366890985975580897e-02
1.405103727333451846e-01 1.000000000000000000e+00 8.849581480253808363e-02 6.168110874287961731e-02 6.388866023054880217e-02 1.042888751193802310e-01 1.284815420549403064e-01 1.085694246757920728e-01 2.043134057748638710e-01 2.149901045563535340e-01 1.593194464688912904e-01 1.374373464256085364e-01 1.523392015269522115e-01 1.188279049997056358e-01 1.557417549093191578e-01 1.363607849498438551e-01 1.656713969197361191e-01 1.568593977158480590e-01 1.392445648790970048e-01 1.146132804760073703e-01 1.022578215721961920e-01 1.163579572593099326e-01 2.220066551629344132e-01 1.598977827303919574e-01 1.257247405437190713e-01 1.820642626882457982e-01 1.691148872585343799e-01 2.004622447505349514e-01 2.165337650432332950e-01 1.739908349607416638e-01 1.716752557268727275e-01 1.878434389644232372e-01 2.117771338083542232e-01 1.723907788302985189e-01 1.896643678217812545e-01 1.603721427405416788e-01 1.795320506368037750e-01 1.909234839555608854e-01 1.771853930012666500e-01 1.799675338541418812e-01 1.729469002532932342e-01 1.747549369783246154e-01 1.440421924825425748e-01 1.636219472067727831e-01 1.743495173522689179e-01 1.817964222929181750e-01 1.624677796137220798e-01 1.699202419393863739e-01 1.594978622323129369e-01 1.449613021309940353e-01 1.655830488550998902e-01 1.158809006220587190e-01 1.393258159016323716e-01 1.799544271802888951e-01 1.683847346128355127e-01 1.937267021633859998e-01 1.553501010247055614e-01 1.596593134863355801e-01 1.652096751024216270e-01 1.642090558828585845e-01 1.426152526635543205e-01 1.673357165064037477e-01 1.589394534975596407e-01 1.564122094529081242e-01 1.596632537773209348e-01 1.677145644070189845e-01 1.730856216734604214e-01 1.786017139826210909e-01 1.901145189855814599e-01 1.585311216490388475e-01 1.542977304949866291e-01 1.657118421713011658e-01 1.767104122997292248e-01 1.601775944594800161e-01 1.748292306361052817e-01 1.746222934907650515e-01 1.797510785496171659e-01 1.937388315940791195e-01 1.731297349405568342e-01 1.635100432767439826e-01 1.703451290770584825e-01 1.697833844950580873e-01 1.979030964710246365e-01 1.738450632038342769e-01 1.700176839229610160e-01 1.734064638828559657e-01 1.733692350313577046e-01 1.838692037568582516e-01 1.714765888035431896e-01 1.904576408730215276e-01 1.798794812811054245e-01 1.654790830614460972e-01 1.698031966192020126e-01 1.700451413021284164e-01 1.614481892247920103e-01 1.670142068236730448e-01 1.473904216387957600e-01 1.495599903270400099e-01 1.555390456234830021e-01 1.647905339131623959e-01 1.537447943039716713e-01 1.632133399719249978e-01 1.529681512227628049e-01 1.550100383785957270e-01 1.599307136181897793e-01 1.616365136070423980e-01 1.616742094648453976e-01 1.734184341919635941e-01 1.698258766209456150e-01 1.603626464802075102e-01 1.660388449327535876e-01 1.645549497181275911e-01 1.663683313177820033e-01 1.671312768222838752e-01 1.660445570879689470e-01 1.697302103040481958e-01
2.604669040275245928e-01 8.849581480253808363e-02 1.000000000000000000e+00 3.812154517349904403e-01 1.173722869164310068e-01 2.082342554715789773e-01 2.550761578952013831e-01 2.479654558455200719e-01 3.604704705535762832e-01 2.720104185471650116e-01 3.475678222776971138e-01 3.216698423785600003e-01 2.047104925138261700e-01 2.470604329792706055e-01 2.797551618433749554e-01 3.150334671055199931e-01 3.578474406329555935e-01 3.783873134477145905e-01 3.891166092450558667e-01 3.010543932444073034e-01 3.523952420633724159e-01 4.189438470858411478e-01 3.849501254284630192e-01 3.702590342124492118e-01 3.869372921506781804e-01 4.510699525655266773e-01 4.705098073255162272e-01 4.502005476582678911e-01 4.411704111356509195e-01 4.320559245831344652e-01 4.530343902110109955e-01 3.411153148540127522e-01 3.790563397654080902e-01 3.699118453620774405e-01 3.699962738322482569e-01 3.694526021983697839e-01 4.042100830843445292e-01 3.362721618838537818e-01 3.563065682105356347e-01 3.916283947025366308e-01 3.400470053924393721e-01 3.418601915187889362e-01 3.295487897853148773e-01 3.663944663396445645e-01 3.924397748325612612e-01 3.592013949881884827e-01 2.835977630967801977e-01 2.946716683611546039e-01 2.961793048022023922e-01 3.049151977221860044e-01 3.210651147165198838e-01 2.803021737488257670e-01 3.197141545140843588e-01 3.246875773752704863e-01 3.387713907072990582e-01 3.548212281127652301e-01 3.238003965452901367e-01 3.064266925030795230e-01 3.300408196750252432e-01 3.065013107725295116e-01 2.860201776538262020e-01 3.135431773528114530e-01 3.061865986174123200e-01 3.096960600076799075e-01 3.415659877409600309e-01 3.316542106629654652e-01 3.132207477208215907e-01 3.394479686128752949e-01 3.190642789397378776e-01 3.307000557078607628e-01 3.434130773796814640e-01 3.635922349611635518e-01 3.345308029306835462e-01 3.392930472457652002e-01 3.556566604265766207e-01 3.546262050959642087e-01 3.442539517674202965e-01 3.534416181056168615e-01 3.475364026845823573e-01 3.610011924315888465e-01 3.512376832443528385e-01 3.761227585679243757e-01 3.318911309983398339e-01 3.199095271595969736e-01 3.011780715985527546e-01 3.239850930443664567e-01 3.325271433506540864e-01 3.195204009770074571e-01 3.249943678443617534e-01 3.249323496688734658e-01 3.427111000709180955e-01 3.083051179199179370e-01 3.408027795515179426e-01 3.272544135888356132e-01 2.807654601199976452e-01 2.845684320439978987e-01 2.941728932304783495e-01 2.911951479076573812e-01 2.875180229589202607e-01 2.993344380701633001e-01 3.091549703079065070e-01 3.028263419398539158e-01 3.054210796003633543e-01 3.044709903302399989e-01 3.195266528560344876e-01 3.010795871752217079e-01 2.858164597439659671e-01 2.914502208998432375e-01 3.074582773043927908e-01 2.846345623241853251e-01 2.929175091135377551e-01 2.929141478223527550e-01 3.021348608661984514e-01 3.031572086710622171e-01 3.204272538725562169e-01 3.109863931620102662e-01
1.329349960714730217e-01 6.168110874287961731e-02 3.812154517349904403e-01 1.000000000000000000e+00 2.421466612382736916e-01 3.200753174935656586e-01 4.627968395665207346e-01 4.552118151713908656e-01 4.634210341882087913e-01 3.960250152940036905e-01 5.161372760474493004e-01 5.636757306262699663e-01 4.068563129048165528e-01 4.434241216518575723e-01 4.937423217197594028e-01 5.371718669239123889e-01 4.657972338311323623e-01 4.045698732768954753e-01 4.816920625226029373e-01 4.204403640574532752e-01 4.912378526106140342e-01 5.313381427960728320e-01 3.970753262247612159e-01 4.322635514712723226e-01 4.872427874430512174e-01 5.623230700603754073e-01 6.116374967426710940e-01 5.709167147405421749e-01 5.473485337747711066e-01 5.536908999602592196e-01 6.022655386702245872e-01 4.545544396360410855e-01 4.549214769972438899e-01 5.045072287235375930e-01 4.610177300605364237e-01 5.231608965043532677e-01 5.382398147943208144e-01 4.851161856359275659e-01 5.283927501099169310e-01 5.364681752919544522e-01 5.326530268977576199e-01 5.401842571296526785e-01 5.439508339802827663e-01 5.626886596436652122e-01 5.623886916164693162e-01 5.447357156552277146e-01 4.878825166364928467e-01 4.901997701918698880e-01 4.871838814404396145e-01 5.034120954966937456e-01 5.011026016185495813e-01 5.192905420176566755e-01 5.411731205871650463e-01 4.887815600227574109e-01 4.884477524187537112e-01 4.945180400790741282e-01 4.986183547287590390e-01 5.041096852948965257e-01 5.099835473089782134e-01 5.107792828549541087e-01 5.013403581432307465e-01 4.998235063986426474e-01 4.899075012682380104e-01 5.130729537573148757e-01 5.209950290663818429e-01 5.210888714123954601e-01 5.013112893365262446e-01 5.083029831290446499e-01 4.751307227879343897e-01 5.275458470753324747e-01 5.333187463899248248e-01 5.397107776078204910e-01 4.965918133683833724e-01 5.116717202388980645e-01 5.401017201811160184e-01 5.427893251627716742e-01 5.316937464131160640e-01 5.279393747843882378e-01 5.453642092924884111e-01 5.479805755208128071e-01 5.291428610455950476e-01 5.667651244060257776e-01 4.939370990060082400e-01 4.894782134406041041e-01 4.913899015814960358e-01 5.016984634703846035e-01 5.242915711946727342e-01 5.033665916033069898e-01 5.163345513382441299e-01 4.892301520271551407e-01 5.196557638886786235e-01 5.127316179781279404e-01 5.448873645811437294e-01 5.300197645142966651e-01 4.895943454563160824e-01 4.865121875726018952e-01 5.049130045950251944e-01 5.040972107553349790e-01 4.995265405154448723e-01 5.076720423877784105e-01 5.214377911137787480e-01 5.035914447282747730e-01 5.196002965752873903e-01 5.205589982485165912e-01 5.229762782843593305e-01 4.961891943956263651e-01 4.910911503532771616e-01 4.851330221277994625e-01 4.943616394645969914e-01 4.902564135447349258e-01 4.932188846609376620e-01 4.991260587736455756e-01 4.978711428040234477e-01 5.047609407151623095e-01 5.162322529780067892e-01 5.112308637839818592e-01
-6.477028471115996167e-02 6.388866023054880217e-02 1.173722869164310068e-01 2.421466612382736916e-01 1.000000000000000000e+00 2.822966353924233895e-01 4.119412853934952268e-01 3.581951238889422573e-01 3.496098025106577079e-01 3.432884408328961134e-01 3.537455030301062120e-01 4.404996834741468636e-01 4.255091576719781110e-01 3.917864261916875201e-01 4.580426358889695404e-01 4.484706955993665867e-01 3.489403437205162439e-01 2.643644286263781007e-01 3.109686454091081242e-01 2.917692216543897321e-01 3.198909446867553852e-01 3.101844584271876148e-01 2.930722735939181867e-01 3.272742359514521082e-01 3.211547007234741291e-01 3.454332207005099686e-01 3.564802589879589867e-01 3.545067920819691687e-01 3.396297797989271672e-01 3.582799205726169278e-01 3.731203848413991442e-01 3.967029433547994977e-01 3.561761604831309436e-01 3.846173922193487082e-01 3.591121006015757788e-01 3.844306489998484677e-01 3.956521109508410738e-01 4.137128535837401033e-01 4.244275669475605084e-01 3.894562291698853151e-01 4.399445861854447415e-01 4.411381121639827430e-01 4.529375560041995485e-01 4.333070524619601627e-01 4.160863125403054252e-01 4.387207131241035452e-01 4.682081061458568394e-01 4.601121372315732372e-01 4.573210023168572946e-01 4.420062059564418000e-01 4.406280273988485985e-01 4.615265029153031162e-01 4.543722173378665907e-01 4.499833889333824111e-01 4.446793329283326712e-01 4.254007082552596075e-01 4.486022082239385922e-01 4.611862907632661157e-01 4.510694101970412206e-01 4.677412916192735248e-01 4.689654448255506924e-01 4.564635995985903416e-01 4.536276027196297633e-01 4.584501514257670052e-01 4.435852425524520748e-01 4.585612701309760286e-01 4.569093323230110082e-01 4.421739209813800309e-01 4.421204734952502435e-01 4.443446407408750409e-01 4.376514111037083654e-01 4.397424645925523401e-01 4.377489955170421609e-01 4.420531518287576511e-01 4.455749584166819321e-01 4.453900843990575842e-01 4.477807007635866698e-01 4.334715081862886565e-01 4.506103771251274148e-01 4.349245560914186681e-01 4.408880518061075726e-01 4.392728820005193935e-01 4.341521448588042675e-01 4.352922953313848042e-01 4.486971277560522497e-01 4.466666643822220228e-01 4.455517121950203774e-01 4.491572389874312621e-01 4.498972838399195040e-01 4.373972723160166054e-01 4.392395890405102477e-01 4.578005263695192895e-01 4.514145835364292703e-01 4.543130486470596252e-01 4.685215677483856034e-01 4.643526996290175957e-01 4.519900125380557077e-01 4.589094050732573926e-01 4.655815227190306382e-01 4.570105958419298786e-01 4.610274955016936960e-01 4.581025449579910758e-01 4.638357296391953932e-01 4.650585288308833332e-01 4.571400643958099530e-01 4.545582599621736941e-01 4.671214599724821670e-01 4.618305072081377305e-01 4.556652984714309462e-01 4.642548827382727561e-01 4.591319277446462843e-01 4.649723579602242918e-01 4.557320530934387826e-01 4.592813323715163043e-01 4.533105730323397364e-01 4.589998739980903353e-01
5.058886657397517611e-02 1.042888751193802310e-01 2.082342554715789773e-01 3.200753174935656586e-01 2.822966353924233895e-01 1.000000000000000000e+00 4.986009427220052248e-01 4.449569268965244961e-01 4.969015498385340734e-01 4.843158203794422634e-01 5.120900181783576421e-01 5.567716942133514868e-01 5.029150727785746122e-01 4.905562422669164091e-01 5.712228317318912563e-01 5.500969499280211616e-01 5.113974042292006583e-01 4.364604419998765472e-01 4.706202117564714515e-01 4.276094021280828494e-01 4.810713347029844100e-01 4.694194785430900185e-01 4.472047298618068711e-01 4.767673906239585646e-01 4.611667542241180695e-01 5.368751746688436022e-01 5.258062881411358358e-01 5.346805194937994665e-01 5.110150663734691623e-01 5.287563694623861332e-01 5.347102939346377592e-01 5.557104684097877723e-01 5.263846087844045174e-01 5.461300443959083983e-01 5.256571699544452247e-01 5.348302209896871329e-01 5.533792036399730607e-01 5.814164528020416833e-01 5.776519593776333616e-01 5.686095449527394097e-01 5.819545466432691772e-01 5.879689184942069602e-01 5.788650404446743503e-01 5.900354951973585393e-01 5.752944867134217599e-01 5.863072251437636551e-01 5.853390552646381417e-01 5.872942571691067704e-01 5.851169712310422266e-01 5.776761781021929609e-01 5.870964568026040276e-01 5.679813423668010897e-01 5.855739561515309610e-01 5.829882370471122233e-01 5.770848168614176599e-01 5.780671053483302790e-01 5.735057743913096751e-01 5.855862357236260030e-01 5.868866469018462206e-01 5.892487888516070305e-01 5.844430827447981702e-01 5.854906555280748881e-01 5.802342402631319729e-01 5.845942074844073799e-01 5.762200361377204372e-01 5.819423572128725741e-01 5.853804456040357929e-01 5.839033133813836818e-01 5.762667312511098316e-01 5.812331320008853330e-01 5.761933501562200854e-01 5.813525335515150605e-01 5.730612400527368422e-01 5.793614315429992390e-01 5.908858742959460786e-01 5.842127043414869769e-01 5.865344551103036652e-01 5.750187945716920268e-01 5.866860308932310142e-01 5.801616104463468426e-01 5.846542555916761641e-01 5.821567500734899925e-01 5.779932190359651223e-01 5.764315624758884482e-01 5.830493487698331645e-01 5.811253840470497201e-01 5.860064995954288314e-01 5.879636478799578070e-01 5.862299185494316278e-01 5.853260074886057485e-01 5.897164760775378545e-01 5.923939329273982812e-01 5.904460305795146136e-01 5.911012792232860358e-01 5.859975898679362638e-01 5.863657919399228868e-01 5.866915911490924174e-01 5.810525386744718190e-01 5.875456559025244996e-01 5.913154992378119035e-01 5.897862476884888627e-01 5.878590451062570832e-01 5.935039340602952240e-01 5.916119222514569786e-01 5.907303026586431249e-01 5.815372680491655011e-01 5.875210607900410720e-01 5.877524810208095696e-01 5.899767526905436155e-01 5.875317803604267475e-01 5.876115202191674047e-01 5.864652225460899038e-01 5.886495438768883925e-01 5.874452383910532260e-01 5.883138731229543561e-01 5.865326281671379149e-01
7.789529070441104236e-03 1.284815420549403064e-01 2.550761578952013831e-01 4.627968395665207346e-01 4.119412853934952268e-01 4.986009427220052248e-01 1.000000000000000000e+00 6.492663144872843350e-01 6.441767546017436175e-01 6.441440469558135096e-01 6.499727372764404487e-01 7.378357683890709451e-01 6.717790568793845507e-01 6.550753585301845039e-01 7.925555313009436942e-01 7.794317479660874959e-01 6.475944696784982080e-01 4.738381229584405774e-01 5.755503634056573503e-01 4.894647070007404066e-01 5.691748621266725650e-01 5.805168507995074334e-01 4.840820745047890727e-01 5.517334856618180128e-01 5.721478663031293044e-01 6.625970820044515541e-01 6.736802920767366309e-01 6.823828675251981668e-01 6.488000349774681874e-01 6.479479043925427950e-01 6.851647483607439248e-01 6.715722772279567598e-01 6.518843635503515088e-01 6.751277496731659111e-01 6.438020489647890976e-01 6.788917476835381049e-01 6.951026153078007086e-01 7.417407362392163250e-01 7.441080591233076857e-01 7.089405136934266993e-01 7.610674905602949902e-01 7.770023746066536674e-01 7.678338612365067650e-01 7.681201577369005662e-01 7.410327141641139814e-01 7.677912178503949470e-01 7.709175749422215729e-01 7.643421589343588618e-01 7.605517896481324147e-01 7.478326289612227118e-01 7.569096038383621439e-01 7.715890022335204490e-01 7.622721897409245884e-01 7.510786859365393697e-01 7.428192012475363093e-01 7.270620045602678161e-01 7.484360661223465883e-01 7.759959304518242451e-01 7.623914861243733521e-01 7.804950688438221373e-01 7.727195635243143679e-01 7.640482572563885855e-01 7.548846070254326968e-01 7.712510240800424244e-01 7.504014465342728757e-01 7.659720232272161367e-01 7.622132005919756148e-01 7.418107382249616855e-01 7.299405385761225107e-01 7.387399738339968103e-01 7.472289205969561143e-01 7.504535932774731855e-01 7.271899365607998877e-01 7.412040621246595018e-01 7.652757297979162487e-01 7.648177842441511443e-01 7.705213251768144866e-01 7.492503369117905487e-01 7.710646525350144387e-01 7.580247435661742195e-01 7.548768331589742475e-01 7.584119073682991097e-01 7.299732542536994107e-01 7.507903645127037562e-01 7.521885662175745724e-01 7.483042963400731162e-01 7.556741314725009540e-01 7.704023868112293005e-01 7.675793877975826129e-01 7.420769665144762994e-01 7.627429319973444422e-01 7.765122086450069183e-01 7.714702060200882006e-01 7.787497952577698834e-01 7.724638999817092788e-01 7.666391289374731022e-01 7.647474381949582733e-01 7.654692789091467331e-01 7.710399551636981652e-01 7.733517801508282830e-01 7.725846454489356807e-01 7.693632668923490181e-01 7.753330595156586735e-01 7.815678620817290145e-01 7.700426376490664415e-01 7.539453053301351515e-01 7.709133856774187388e-01 7.648216032758383687e-01 7.631747295515560747e-01 7.735821808214160544e-01 7.667931574217747848e-01 7.730015699212355873e-01 7.638303102346433171e-01 7.656327455698932472e-01 7.667480531055786974e-01 7.664389052558342463e-01
2.710323041787002923e-02 1.085694246757920728e-01 2.479654558455200719e-01 4.552118151713908656e-01 3.581951238889422573e-01 4.449569268965244961e-01 6.492663144872843350e-01 1.000000000000000000e+00 6.186428506359010759e-01 5.843299147822129669e-01 6.184030870374980227e-01 6.992745187178924793e-01 6.256086393908133481e-01 6.063997080873546608e-01 7.296490027977660109e-01 7.490861782553787096e-01 6.213041354554178497e-01 4.786713442733463442e-01 5.587276307673064712e-01 4.851466173395750925e-01 5.915490131865414059e-01 5.682980587393834382e-01 4.625092463241008978e-01 5.281322020550569540e-01 5.428108979059267369e-01 6.310168007950470725e-01 6.480607007553891297e-01 6.445420713533519530e-01 6.289576498243801828e-01 6.239434973523450001e-01 6.507621243639077901e-01 6.370577996962091261e-01 6.170327253962433200e-01 6.504106018026978298e-01 6.092524264516060439e-01 6.566560998182270348e-01 6.539133466066858746e-01 6.938435412790106005e-01 7.055665557698015400e-01 6.628244628035815378e-01 7.122640211483127759e-01 7.261235537214544289e-01 7.249229480600529740e-01 7.283162894848393965e-01 6.985599389539948190e-01 7.172520556972408201e-01 7.156518110550020850e-01 7.137228264454779092e-01 7.126581071929983802e-01 7.102238260702871120e-01 7.193078239224633963e-01 7.409953525677727137e-01 7.182288788111966804e-01 7.015257000965051670e-01 6.950469595790075283e-01 6.791114952873328336e-01 7.091191025739119747e-01 7.267978879608540943e-01 7.170493380441329556e-01 7.295838614401993771e-01 7.320117058231333518e-01 7.177850748442659023e-01 7.109341801234827507e-01 7.330701928548342128e-01 7.136805966160619796e-01 7.240150171815143976e-01 7.119916168771929232e-01 6.984489641177544783e-01 6.792363768994188478e-01 6.991968249721675077e-01 7.111738631374155961e-01 7.060322579508065965e-01 6.788673709809145418e-01 6.955536185815268668e-01 7.188012646259946958e-01 7.188071555219337494e-01 7.158251929370513800e-01 7.121441422275549549e-01 7.168716197692203140e-01 7.090019636101987377e-01 7.080430432302281529e-01 7.124549139431266553e-01 6.847665249023942025e-01 7.018514324358466894e-01 7.077075197792163097e-01 7.024743680993479344e-01 7.104524923958249749e-01 7.201026549939271160e-01 7.200392904911699921e-01 6.917214701027261103e-01 7.112054419027293850e-01 7.262332947999972088e-01 7.220451099248449411e-01 7.247527416062540251e-01 7.167462920588060227e-01 7.128110984695319452e-01 7.171007394671857771e-01 7.251491981598091607e-01 7.245824404331575597e-01 7.222233297970359622e-01 7.208749062148389619e-01 7.260765332990335441e-01 7.296653757451806444e-01 7.347613006190535367e-01 7.282407263816748078e-01 7.130218845507643177e-01 7.193106968805358381e-01 7.106439679378361296e-01 7.113685609031633605e-01 7.184442550204599431e-01 7.161512628156559979e-01 7.230090402750141143e-01 7.158552013544775550e-01 7.232321098650117408e-01 7.250514692229679259e-01 7.188147683416657996e-01
2.438928337048212047e-01 2.043134057748638710e-01 3.604704705535762832e-01 4.634210341882087913e-01 3.496098025106577079e-01 4.969015498385340734e-01 6.441767546017436175e-01 6.186428506359010759e-01 1.000000000000000000e+00 7.238608513526079147e-01 7.527971876959398401e-01 7.597541988211859998e-01 6.855366634012436400e-01 6.808134538216883413e-01 7.804110103068911952e-01 7.614853126097600455e-01 8.074448055232794630e-01 7.123649395662180472e-01 7.397460150433160520e-01 6.353088143827145817e-01 7.094627495746796964e-01 7.417646396551027532e-01 7.410894005398062090e-01 7.480334340705384610e-01 7.127728222631039001e-01 8.377612014027869813e-01 8.173797768711397183e-01 8.311906780327350530e-01 8.231634165062621245e-01 8.201700438244666769e-01 8.314113528172073497e-01 8.274978033120118370e-01 8.022042267671292137e-01 8.225754777994850331e-01 7.902433718767886139e-01 8.096046690968339288e-01 8.328887133470309623e-01 8.393653510637649751e-01 8.509109352883686972e-01 8.283374909506077133e-01 8.385878295788192771e-01 8.385326178446769196e-01 8.118163451804724096e-01 8.494470862510774545e-01 8.512084098897704232e-01 8.510145451527778571e-01 8.175551839458815584e-01 8.343389037502049188e-01 8.281655527142742779e-01 8.084206397221919138e-01 8.364585605068302065e-01 7.745653675490509205e-01 8.117402793299430819e-01 8.493494015380729234e-01 8.404223745030910964e-01 8.542988306214233107e-01 8.237386418988670300e-01 8.281339622968271197e-01 8.367519588912745165e-01 8.315407670919799932e-01 8.176865865662892308e-01 8.348599352602901202e-01 8.233784549086052840e-01 8.291189660693696339e-01 8.467332940004670405e-01 8.461965204357952963e-01 8.440374592366470807e-01 8.555250729562345890e-01 8.406808326501900019e-01 8.328865808705681051e-01 8.399876426003093366e-01 8.558257565910627473e-01 8.393400239329650292e-01 8.397055585040037462e-01 8.609785625540112841e-01 8.569410661223543224e-01 8.513738534340337116e-01 8.544120142614658464e-01 8.479425010037470178e-01 8.448933794315286461e-01 8.470509228942251223e-01 8.565032842004115521e-01 8.529348215742276196e-01 8.321901885594908954e-01 8.310691921287026718e-01 8.430573971801376132e-01 8.471157097525388036e-01 8.499327745077016605e-01 8.474143033220780108e-01 8.492194635533595326e-01 8.528432370119095607e-01 8.396159348664283817e-01 8.498040044755452715e-01 8.430213153315188057e-01 8.196474112805857137e-01 8.265398574072870819e-01 8.158058888095884864e-01 8.234796560115680286e-01 8.219216612526512034e-01 8.312958285119220747e-01 8.251421008023404058e-01 8.380550458636235600e-01 8.272743332500136493e-01 8.323576800639180817e-01 8.421260733465206760e-01 8.258715473894087111e-01 8.262229691212189531e-01 8.334646326284413931e-01 8.411899159012116156e-01 8.240742984853842712e-01 8.294712586187175107e-01 8.309986277926536546e-01 8.343057893120798818e-01 8.376918600826145367e-01 8.473235038883790704e-01 8.397624908183116688e-01
1.101653922616201431e-01 2.149901045563535340e-01 2.720104185471650116e-01 3.960250152940036905e-01 3.432884408328961134e-01 4.843158203794422634e-01 6.441440469558135096e-01 5.843299147822129669e-01 7.238608513526079147e-01 1.000000000000000000e+00 6.892914840464547943e-01 7.251903868636349060e-01 6.795249259718374457e-01 6.458778689501708525e-01 7.669786644832968792e-01 7.365913848581913115e-01 6.909073213072843833e-01 5.682172587593260493e-01 6.072220701385659947e-01 5.235496386455493756e-01 5.753664696726061845e-01 5.863826272949114182e-01 6.390534992260639147e-01 6.402336203354083155e-01 5.911169108586739052e-01 7.151284352388223020e-01 7.063796475644228412e-01 7.282840751958363779e-01 7.250651088027763036e-01 7.092853421398831459e-01 7.283218156851158920e-01 7.659126619150563586e-01 7.416021659909817210e-01 7.368699062223789120e-01 7.324311853736238387e-01 7.323632455341945180e-01 7.532412651249079660e-01 7.987365472553248358e-01 7.889371834707349374e-01 7.537277468429023353e-01 7.935817614447796542e-01 7.960412776830732007e-01 7.604864041106603745e-01 7.783961657631010000e-01 7.770634874947973669e-01 7.943048011353378568e-01 7.966641975316268720e-01 8.020894346665414787e-01 7.934253474679359153e-01 7.701049272018954950e-01 7.957172838210037069e-01 7.269633732072294796e-01 7.642825395158530100e-01 7.952178913769347712e-01 7.822909968643718681e-01 7.913587665735878351e-01 7.644150090845032164e-01 7.992528795026833111e-01 7.949546554915496444e-01 7.968255183530817964e-01 7.822133803684125919e-01 7.909128013542140456e-01 7.797600846579729739e-01 7.813917085399646467e-01 7.767825167319720725e-01 7.853581854464102285e-01 8.057086707807622483e-01 7.918642758272697035e-01 8.010222182326638407e-01 7.664868987975425041e-01 7.617030253261746209e-01 7.783407103177570896e-01 7.811048085779933592e-01 7.719371722913632716e-01 8.039652980067251153e-01 7.980447100797409821e-01 8.031631849655002098e-01 8.053135753994766777e-01 7.944100197553377596e-01 7.836480560398255690e-01 7.898562390859904525e-01 7.889615188586420746e-01 8.012492228435570407e-01 7.927214081074239749e-01 7.960909755809777444e-01 7.935335891700120436e-01 7.941967222412271710e-01 8.122596577504797022e-01 8.020970124956944280e-01 8.017915276347655773e-01 8.034116013409753343e-01 8.014208303722177851e-01 7.966744364098001796e-01 8.014647418421926295e-01 7.959329174487628222e-01 7.997583777143230099e-01 7.761601054353008955e-01 7.759847953995003822e-01 7.882167303348761589e-01 7.983593103604490482e-01 7.852136419645946441e-01 7.969153092636278579e-01 7.863796660725930199e-01 7.937042562988544381e-01 7.902374251170777297e-01 7.822540359653814557e-01 7.953050420244587304e-01 8.032085379528368652e-01 8.012366457621037386e-01 7.970025742177736516e-01 7.977213830542868589e-01 7.981515314216148793e-01 7.964964035318921054e-01 7.972253523032898359e-01 7.949768713147800092e-01 7.962312995143063787e-01
1.353672646062231144e-01 1.593194464688912904e-01 3.475678222776971138e-01 5.161372760474493004e-01 3.537455030301062120e-01 5.120900181783576421e-01 6.499727372764404487e-01 6.184030870374980227e-01 7.527971876959398401e-01 6.892914840464547943e-01 1.000000000000000000e+00 8.014049833534232503e-01 6.823625748789127199e-01 6.880424099183801712e-01 7.934665332432527807e-01 7.745008843357500394e-01 7.577397493236460724e-01 6.737382133804467044e-01 7.161869286317691374e-01 6.167781074081458703e-01 6.997237336971493527e-01 7.135543243685004144e-01 6.972678323889878182e-01 7.301314230328815880e-01 6.945376117385732018e-01 7.972613328106478159e-01 8.028020489204733545e-01 7.984085582781692558e-01 7.775066945439923494e-01 8.219820227206358076e-01 8.234977134845217206e-01 8.129114424484857881e-01 7.849153896869562885e-01 8.164594787021189903e-01 7.930733295112261105e-01 8.013706145964168970e-01 8.338609330265013275e-01 8.178238925480281196e-01 8.437573177986360529e-01 8.174542682021223028e-01 8.363259733545908015e-01 8.330178811609623146e-01 8.362212601080875052e-01 8.459053438037957839e-01 8.471121313260285834e-01 8.428572258998692224e-01 8.241118658798574081e-01 8.308140658345035678e-01 8.287113637248132436e-01 8.179722683354924140e-01 8.329309994024267638e-01 7.871662210855875363e-01 8.186673370794723681e-01 8.317084906312275372e-01 8.228290182208575221e-01 8.317404781553233706e-01 8.171838328135263563e-01 8.284761501074262569e-01 8.339948885198112949e-01 8.320397225495931304e-01 8.275951112925457043e-01 8.291438100462970029e-01 8.184786373202500576e-01 8.298873419340541124e-01 8.338228827981448710e-01 8.357032195202612757e-01 8.383494419386848806e-01 8.462755930237284563e-01 8.343238860734456530e-01 8.332861553157927537e-01 8.376573740408467250e-01 8.462202938419532972e-01 8.348140238161716464e-01 8.324538058405083207e-01 8.513540119683326024e-01 8.553507680016132486e-01 8.486682141046464345e-01 8.438803117205584403e-01 8.464029973028408538e-01 8.509417623406527742e-01 8.488135392703692883e-01 8.586388604932323476e-01 8.376863532445785188e-01 8.337372720792830538e-01 8.362955414989642344e-01 8.451675430447979087e-01 8.523266082891554074e-01 8.427460859656122905e-01 8.470476585622190857e-01 8.341239527104652440e-01 8.491390329075131360e-01 8.402155679544688338e-01 8.539876461718144407e-01 8.483464584908115835e-01 8.278066675142341513e-01 8.302652371173143697e-01 8.312926548885426481e-01 8.242813888805796685e-01 8.302263271297176672e-01 8.390905022044703454e-01 8.421959139200173583e-01 8.347436127112359827e-01 8.339699134688969284e-01 8.399092826605435436e-01 8.427949132570454749e-01 8.252892439149523973e-01 8.285639609991282128e-01 8.299624257520841208e-01 8.367830861558651634e-01 8.291053507761357855e-01 8.318437882348569401e-01 8.321562681880445567e-01 8.347125505307019244e-01 8.380336530936515205e-01 8.431183536181509064e-01 8.373406300505986666e-01
4.522519121999627606e-02 1.374373464256085364e-01 3.216698423785600003e-01 5.636757306262699663e-01 4.404996834741468636e-01 5.567716942133514868e-01 7.378357683890709451e-01 6.992745187178924793e-01 7.597541988211859998e-01 7.251903868636349060e-01 8.014049833534232503e-01 1.000000000000000000e+00 7.695874745769886172e-01 7.590643304152442372e-01 8.774581202343832986e-01 8.573356859755271175e-01 7.673114362074836547e-01 6.303162855374737639e-01 7.064608045972705641e-01 6.272531583818559131e-01 7.279600015089969789e-01 7.103332069718344410e-01 6.484188037447193853e-01 7.098932246367046783e-01 6.951603101949582753e-01 8.026928414955919466e-01 8.236892776302163766e-01 8.155066464748286226e-01 7.924107031402299883e-01 8.210563235875067978e-01 8.374513027890538863e-01 8.289003645542182275e-01 7.924032139417981346e-01 8.282851798563644063e-01 7.894419813489682580e-01 8.278458005328301894e-01 8.501775951900165662e-01 8.568300343614158043e-01 8.863056548698809989e-01 8.431930069090252111e-01 8.964720046878299486e-01 8.976564998127117834e-01 8.978877345444251645e-01 9.001486072107689473e-01 8.836989662762492204e-01 8.939947719113245928e-01 8.983277448421237432e-01 8.983805328956822045e-01 8.957669518958950583e-01 8.751403703594993200e-01 8.900241545190817893e-01 8.745167823814621322e-01 8.931220707341145371e-01 8.849872716206225176e-01 8.727884883006731265e-01 8.623026482541000792e-01 8.776780389791599690e-01 9.021043058903568390e-01 8.964320146001336642e-01 9.064934987356990659e-01 9.053701716252285925e-01 8.970049458261517561e-01 8.874875916516010710e-01 9.022779166966088393e-01 8.878934623775480706e-01 8.999171963640104632e-01 8.998141519246938280e-01 8.883471628294373756e-01 8.738705634903388697e-01 8.872661996983061128e-01 8.881517657600195292e-01 8.919935371437091032e-01 8.746996191740239457e-01 8.796162822888557997e-01 9.073969002803929929e-01 9.089954966934101765e-01 9.049037289540676765e-01 8.950719082323430609e-01 9.085985867337691424e-01 9.026166154250242490e-01 8.993745986240129220e-01 9.088996530044872735e-01 8.772308451705999044e-01 8.836240793130125670e-01 8.932789075019940128e-01 8.919562755120038489e-01 9.045144635343029815e-01 9.006009199222451134e-01 9.055002354490907512e-01 8.782859712550951103e-01 9.004564713342274596e-01 9.094610297881000616e-01 9.108728013966844728e-01 9.104994473490890528e-01 9.027431276472400734e-01 9.011395884784765276e-01 8.975160948645205528e-01 8.961415287364440374e-01 9.045570574600029223e-01 9.055028231208982481e-01 9.087617377157953813e-01 9.025896603385570316e-01 9.077676173343881549e-01 9.122904752960754315e-01 9.061986626369317177e-01 8.917669507699718112e-01 9.007784781916905459e-01 8.981806391168937198e-01 8.978519083887949170e-01 9.033098429766061033e-01 9.012716602526185117e-01 9.056402459486021517e-01 9.008321738502838016e-01 9.040992035271095961e-01 9.048245734031544751e-01 9.035005579587611635e-01
-2.742249385692387825e-02 1.523392015269522115e-01 2.047104925138261700e-01 4.068563129048165528e-01 4.255091576719781110e-01 5.029150727785746122e-01 6.717790568793845507e-01 6.256086393908133481e-01 6.855366634012436400e-01 6.795249259718374457e-01 6.823625748789127199e-01 7.695874745769886172e-01 1.000000000000000000e+00 6.952903518553743556e-01 8.196122418366778017e-01 7.851182405898068373e-01 6.756135807810392802e-01 5.242064365686623928e-01 5.882046251958767957e-01 5.200144637203223397e-01 5.921371028049287055e-01 5.707926258836290012e-01 5.818049251353887286e-01 6.125128106572718112e-01 5.723207158772269931e-01 6.698933167243222853e-01 6.720849466694531760e-01 6.851662401553518800e-01 6.699736640717186553e-01 6.878636646985044623e-01 7.067423810994751809e-01 7.542810010399189080e-01 6.980364687324913664e-01 7.287983441496802550e-01 6.988317231908099947e-01 7.348586914182974050e-01 7.413691557069080895e-01 7.868931236327948442e-01 7.995760647550423927e-01 7.454672995383790912e-01 8.067688725682394812e-01 8.083911595430317565e-01 8.092385358561190456e-01 7.951287683095492609e-01 7.810930123270909409e-01 8.054699305910415497e-01 8.415528427126550692e-01 8.389176676557463797e-01 8.320943767467113839e-01 8.037391169351540965e-01 8.157308406024424974e-01 8.024478918935559202e-01 8.093837642447984093e-01 8.229840813574578195e-01 8.019762487056838474e-01 7.953987072660420043e-01 8.108011049549970206e-01 8.348695629260917128e-01 8.189180631693651069e-01 8.416106153555881209e-01 8.396087665566729363e-01 8.299351812475138646e-01 8.203653481024975047e-01 8.348128596732399265e-01 8.096619410438335995e-01 8.281625872254732013e-01 8.348304622050183310e-01 8.116986425251501158e-01 8.141764395743347205e-01 7.949919459956883427e-01 7.963364909908301481e-01 7.995570350475537102e-01 7.962310560521278502e-01 8.001734768095950523e-01 8.199781266951011727e-01 8.206932534020057179e-01 8.206172191185371334e-01 8.119037608061452360e-01 8.196725998836845717e-01 8.064876229776849481e-01 8.113548180378803432e-01 8.092240500341449927e-01 8.141765332634993690e-01 8.115850222367404498e-01 8.268420128545105330e-01 8.168668563639228664e-01 8.241413201800791288e-01 8.335496870576571959e-01 8.308372030992332569e-01 8.197079592819467297e-01 8.225050650902184790e-01 8.404207484653419824e-01 8.253060263602247648e-01 8.328624684785399523e-01 8.476302808525920662e-01 8.460080478034062157e-01 8.299499802892933431e-01 8.293142959245196622e-01 8.434805446916048277e-01 8.384944338852843293e-01 8.382762184835962360e-01 8.384219659656848567e-01 8.363539963571205993e-01 8.412723384302924767e-01 8.349907386040537061e-01 8.341911188456577753e-01 8.435840452392532329e-01 8.427605849683723616e-01 8.373847470182604891e-01 8.450966960060447564e-01 8.423849459715085919e-01 8.465585239884649837e-01 8.406749921479330645e-01 8.416296709174935220e-01 8.309696596354457787e-01 8.369000814620282114e-01
