1.000000000000000000e+00 4.507820470630728438e-01 2.558968663448841219e-01 4.428857951312158842e-02 1.026979162998351708e-01 1.192746001660094091e-01 3.242799607555958002e-03 4.439675639789959099e-04 3.792159899253683131e-01 2.400992740742934894e-01 1.446805666465692530e-01 -3.196594779444986156e-02 1.033768407952247448e-01 -1.658664193506760240e-02 -3.520718446748167911e-03 6.404981110514115783e-02 2.931739363649441543e-01 4.162627659029681237e-01 3.971274657367074301e-01 2.650392651245654929e-01 4.330436225120922744e-01 4.255099907698884909e-01 3.551153577907195658e-01 4.182182352018685711e-01 4.317450298138231224e-01 3.146289494818360621e-01 2.372398212213906454e-01 2.659315309401183436e-01 3.032172329162425295e-01 3.294512908050468147e-01 2.640418696488031070e-01 2.503015344823139032e-01 2.205952404975625170e-01 2.591662061432902231e-01 2.592990728109462184e-01 2.195343614520726128e-01 2.623882775959177072e-01 1.727681125662621775e-01 1.740638812870831387e-01 1.070108058815228969e-01 1.574553740721630068e-01 7.616092623448462995e-02 1.280672943944081710e-01 1.360640808333900831e-01 2.193199984263867752e-01 1.654249329417076253e-01 1.658313925220097906e-02 8.726441442937568627e-02 6.694594287784966236e-02 1.257541606590159844e-01 8.230579828712225599e-02 9.539025251990967957e-02 1.168581311880606960e-01 1.299389805536966813e-01 1.395647134218723218e-01 1.643400714473164936e-01 1.731042158065536352e-01 8.292548972491502191e-02 9.944261797296952143e-02 1.020011773653267395e-01 1.875635511941368266e-02 1.050140620133469677e-01 9.501084530916230342e-02 1.033842091561844312e-01 1.548599955925791249e-01 1.330620471942433602e-01 9.732140664937986851e-02 1.584969003293547618e-01 1.575406233666975797e-01 1.625269843313072726e-01 1.859388490977311181e-01 1.561861146721538474e-01 1.824602942807209971e-01 1.779716043245271606e-01 1.279626440558722655e-01 1.304670708103523036e-01 1.029066432070214476e-01 1.448805199724224058e-01 1.467483761466266134e-01 1.825461300575488000e-01 1.437478607669264163e-01 1.216767512526717859e-01 1.505581634632027210e-01 1.425741028118770459e-01 1.015827605230759656e-01 1.234300481046245457e-01 1.300770563480503073e-01 6.449937617138461199e-02 8.261234821042522103e-02 1.233014044640067114e-01 7.561666982777835722e-02 7.072339613679433368e-02 9.878029483768520358e-02 7.923334246530065739e-02 2.017515699732314732e-02 5.820113231556908046e-02 5.379187075544021590e-02 9.410756350667678904e-02 4.956590856772741249e-02 3.734169747349370960e-02 5.827894524273745380e-02 6.744258168139903586e-02 5.390598044881645540e-02 5.058354415825495193e-02 6.548295690423180937e-02 1.108860683617708814e-01 5.527616575591324383e-02 5.738078130545411215e-02 8.635291085847872361e-02 5.259764412229340352e-02 6.363243993769233942e-02 6.562871435171235834e-02 6.261872137874086031e-02 6.711417766994824674e-02 8.836298273762227540e-02 8.378886168318337713e-02
4.507820470630728438e-01 1.000000000000000000e+00 2.207302210628474815e-01 2.890492765465876163e-02 1.225805523329867863e-01 1.518873317258067068e-01 8.917857255702385522e-02 8.089393268682648630e-02 3.372285162276956183e-01 2.808695976423127294e-01 2.066095254892077460e-01 4.745511309548170603e-02 1.468695086366253455e-01 8.642951805820425770e-02 1.191485055657837827e-01 1.605618373961630874e-01 2.844366438603110891e-01 3.643726770972505746e-01 3.624642503150589112e-01 2.076509239929192063e-01 3.325921648414468246e-01 3.590965377013066173e-01 3.421862949614641325e-01 3.602557517497982920e-01 3.840633844530060848e-01 3.258289969647579221e-01 2.593388701360972437e-01 3.075594727691671748e-01 3.243428674910655563e-01 3.419788987874373132e-01 2.994098555519068006e-01 2.793938455427060763e-01 2.786627647207536862e-01 2.826967690815724854e-01 2.902392480391690066e-01 2.531498829354572599e-01 2.962505218156167852e-01 2.594468978664952186e-01 2.420844127218801933e-01 2.013210247225048488e-01 2.254298144163790207e-01 1.854180039276991376e-01 1.874367356746039770e-01 2.081337922108037197e-01 2.580223973129417980e-01 2.419275234643922246e-01 1.281471180899134976e-01 1.809629289705549371e-01 1.647236110398363762e-01 1.986081289901536207e-01 1.704283771900900468e-01 1.454437223814283586e-01 1.744347167677848254e-01 2.064740156140324745e-01 2.175855535570270227e-01 2.448894247761204679e-01 2.187902451807391402e-01 1.720559786460586216e-01 1.877590045523443441e-01 1.809539473859659575e-01 1.263539919753575158e-01 1.865468988184981747e-01 1.770531897380730468e-01 1.750314570936877534e-01 2.027382766846556050e-01 1.868405452038233161e-01 1.845986565421888492e-01 2.255286693256321473e-01 2.252350392761442721e-01 2.074462762714172626e-01 2.339069483400835203e-01 2.217078219085956980e-01 2.317684918497435187e-01 2.367313533668646830e-01 2.097440646939160991e-01 2.098284061764950914e-01 1.962834901677799615e-01 2.243523594456295067e-01 2.210068602034761520e-01 2.422415922936722033e-01 2.255401870853896706e-01 2.084322742002399920e-01 2.277440531112394362e-01 2.223740449633185290e-01 1.897427888224063330e-01 2.037696106762585946e-01 2.078488134834949874e-01 1.734568368693652773e-01 1.793392666877894337e-01 2.145175326523850179e-01 1.764950746532276682e-01 1.718077296329172388e-01 1.871081875603299027e-01 1.791319258711187579e-01 1.358403473172672682e-01 1.626007219631505074e-01 1.549857980063229779e-01 1.718500207507772104e-01 1.487383508205705196e-01 1.439039004418236067e-01 1.562499216683709002e-01 1.632295995608362971e-01 1.436559469369820541e-01 1.532860637764754397e-01 1.543355607170396604e-01 1.901069424589245660e-01 1.569722474723417027e-01 1.653413645315850722e-01 1.874753945442100000e-01 1.567446523483202736e-01 1.717724216509430024e-01 1.610844367989257564e-01 1.645285660653619808e-01 1.596764250915446159e-01 1.728983546850151320e-01 1.666187884262545493e-01
2.558968663448841219e-01 2.207302210628474815e-01 1.000000000000000000e+00 3.027288097230710351e-01 2.864183261832439764e-01 2.770788899137056616e-01 2.912018454049616900e-01 2.655441733535851556e-01 4.120617665662299478e-01 3.709424533454120376e-01 4.025126277615496129e-01 3.766580176412665515e-01 3.417226782430719534e-01 3.200066859749941539e-01 3.410232286658749778e-01 3.621695297035547600e-01 3.749121626140474173e-01 4.398082890690314661e-01 4.695121556767899440e-01 4.032583459040117724e-01 4.798625893237269402e-01 4.933541306460249021e-01 4.339119794964279020e-01 4.470685775338944512e-01 4.748603295168846161e-01 4.560885145504546268e-01 4.597206166770283486e-01 4.583186153927181206e-01 4.826854195725981400e-01 4.511936194585952076e-01 4.500486665726283753e-01 4.459642729816555295e-01 4.289384831548054278e-01 4.433558494892453905e-01 4.287927300388738039e-01 4.159893153806224486e-01 4.489490483617769034e-01 4.070112959921127205e-01 4.261908337665503144e-01 4.207723566386432634e-01 4.217511012111743729e-01 3.935829643996200944e-01 4.153569815834044499e-01 4.242197607733521614e-01 4.572111633841323686e-01 4.130305910226330091e-01 3.619907411148758358e-01 3.716601088458181268e-01 3.742208209546584174e-01 4.063953881524834943e-01 3.988408195134251488e-01 4.051375717781528496e-01 4.170482202884664424e-01 3.674082130163546789e-01 3.783382388096865889e-01 3.931625632017698990e-01 4.035994856457545410e-01 3.801045457929514426e-01 3.813921694757193559e-01 3.933853643572722270e-01 3.677777993029758830e-01 3.784745896550473776e-01 3.877896175130629564e-01 3.892662462363394305e-01 4.073776468640150639e-01 3.970902713697232467e-01 3.899700477850541747e-01 4.162774155940791587e-01 4.133787028472001857e-01 4.327660503826011307e-01 4.462072638669137281e-01 4.308968591269768944e-01 4.292598641171700979e-01 4.345157946542878014e-01 4.091255617056986371e-01 4.180810083169027580e-01 4.050119869981056442e-01 4.240776303008903514e-01 4.279983145837689684e-01 4.241258073701685283e-01 4.124133691862713613e-01 4.201708752539516922e-01 3.996476655167228165e-01 4.011722345371213083e-01 4.050871211946925343e-01 4.058297362997005941e-01 4.149305648654657563e-01 3.855663431133680707e-01 3.931881170171729334e-01 3.967386606972823082e-01 3.989388494601976975e-01 3.929998687080688002e-01 4.118490303741579317e-01 3.991279349271907306e-01 3.678165336928265750e-01 3.727814898196575299e-01 3.852788963610332962e-01 3.833811433633093069e-01 3.760372321835192544e-01 3.836688556407527595e-01 3.887972434039215219e-01 3.771449000650090588e-01 3.899967172398621784e-01 3.858163746439484121e-01 3.902088983534832689e-01 3.876729041791638353e-01 3.783559692094729532e-01 3.666136847808519339e-01 3.761455657410028297e-01 3.731700959930318029e-01 3.724621421681861277e-01 3.781174979010129000e-01 3.706659155364626090e-01 3.727369025985168283e-01 3.835612368260192806e-01 3.825671131545564374e-01
4.428857951312158842e-02 2.890492765465876163e-02 3.027288097230710351e-01 1.000000000000000000e+00 3.472144767588702940e-01 3.771264348493494900e-01 5.073152189794114530e-01 4.721970861753240767e-01 4.013976262703495279e-01 3.600731613873502934e-01 4.818269485361820759e-01 6.539318892507953729e-01 4.662513011506225213e-01 4.630741002054022948e-01 5.244410522241287342e-01 5.203542900172248853e-01 3.147000278565847409e-01 2.956377771274133481e-01 3.761596808333948494e-01 4.859197500172693918e-01 4.023533505873939098e-01 4.412556883781284522e-01 3.498676397850280506e-01 3.172544547956968053e-01 3.905086954700502377e-01 4.394438962089823320e-01 4.770960465413583429e-01 4.135840671969703286e-01 4.615643433623661251e-01 4.000309469590724309e-01 4.359712446408715580e-01 3.963745699868871375e-01 3.587098040702967339e-01 4.111906162781884810e-01 3.876393038581410488e-01 4.805997334387389630e-01 4.439740710328357043e-01 3.964059261664835132e-01 4.574460105371013774e-01 4.721538064632671561e-01 4.947871853537762488e-01 4.427776622385173888e-01 5.198971379821942795e-01 5.048745774160626754e-01 4.973693306176857898e-01 4.474737475184365487e-01 4.918029221999956624e-01 4.373654125090121192e-01 4.743813483788323349e-01 4.954023320982599010e-01 4.922617381181506602e-01 5.403889500997416384e-01 5.500290039998116942e-01 3.718041396626169393e-01 4.028167586338192163e-01 3.942107722621330246e-01 4.721167242783192441e-01 4.424296478416352985e-01 4.362097045064942669e-01 4.785269694345226643e-01 5.132563562223918519e-01 4.585725830696282257e-01 5.019912385504814445e-01 4.981759544908633819e-01 4.725416967137398561e-01 5.043405127282536426e-01 4.556057640232148986e-01 4.435913097694263452e-01 4.613637047655229639e-01 5.311522446388095009e-01 4.901967893133211684e-01 4.817194282587041188e-01 4.768532008216969098e-01 4.819932035184505414e-01 4.898926764280054358e-01 4.953249938676173025e-01 4.852544340010523927e-01 4.940641016613760428e-01 5.134501927952370703e-01 4.659956402143095033e-01 4.632047770718015212e-01 4.782271904883693137e-01 4.534198708146471857e-01 4.245027973537971455e-01 4.820966242360538723e-01 4.693084929159205276e-01 4.792921639469945316e-01 4.625700508804407862e-01 4.738798942929986491e-01 4.583619112039025167e-01 4.792486098699642039e-01 4.915366792412468877e-01 5.015237300931475461e-01 4.837945186961307709e-01 4.779806367597502770e-01 4.705797823014862824e-01 5.209973610121920728e-01 4.932489884399915425e-01 5.003354516752122061e-01 4.929000600302864132e-01 5.065981038748245124e-01 4.900866470652587847e-01 5.208535248763470626e-01 4.972281002581155351e-01 5.139583505694860222e-01 4.769085523415354522e-01 4.843638905029443165e-01 4.427297148918407088e-01 4.531811240815730724e-01 4.688177828616819087e-01 4.514044689296382029e-01 4.805213921972953384e-01 4.622909754635687318e-01 4.782014089227968889e-01 4.650093256195445557e-01 4.899534947649238359e-01
1.026979162998351708e-01 1.225805523329867863e-01 2.864183261832439764e-01 3.472144767588702940e-01 1.000000000000000000e+00 3.105787477927664519e-01 4.747906113116559523e-01 4.903658060780414218e-01 4.510214033448172732e-01 4.136055679986885281e-01 4.652030268442430838e-01 4.814838101970930762e-01 5.098455040421998596e-01 4.036777032497752549e-01 4.944663336603034587e-01 5.065394840159285206e-01 3.990957446077678661e-01 3.742804957634474072e-01 4.013583882340814868e-01 3.978967333996916156e-01 3.931026813408120546e-01 4.237817228840772832e-01 4.030277586602645790e-01 3.741746948037126264e-01 4.035858915249727064e-01 4.553473777297107894e-01 4.659749542457125027e-01 4.540592671852273221e-01 4.069548175953949243e-01 4.568002382959873708e-01 4.589922021872798741e-01 4.630156607340922270e-01 4.512315764310305677e-01 4.584902730781310054e-01 4.604540779969971687e-01 4.828550051707461988e-01 4.758394206759860579e-01 4.736934432547981744e-01 4.777148596339146347e-01 4.689627270796850045e-01 4.997888208799665111e-01 4.726709278327002606e-01 4.960830132687414351e-01 4.976095157001248492e-01 4.978423486677736043e-01 4.718343203520196094e-01 4.864687410084836405e-01 4.740453386174689476e-01 4.835361953758994802e-01 4.994494086939607613e-01 5.007125524907922731e-01 5.117920535713846864e-01 5.126811244413962410e-01 4.474185788578816103e-01 4.605922732831402300e-01 4.636229205595668312e-01 4.943420044417831671e-01 4.867979860268237813e-01 4.800389378346108238e-01 4.966144681894147372e-01 4.959872138534918151e-01 4.858310719063769767e-01 4.947653215485301459e-01 4.998352688042368430e-01 4.967343438847304782e-01 5.046939743282961022e-01 4.816768175744780001e-01 4.782718767439887442e-01 4.844701115553848303e-01 4.998803559321932655e-01 4.879309492298395390e-01 4.848394283627368573e-01 4.857592964238013344e-01 4.846920248204936721e-01 4.922371680357328638e-01 4.958277239412162696e-01 4.872222673045042418e-01 4.746335112412034540e-01 4.898705847492919041e-01 4.925232464669376808e-01 4.908023311775113195e-01 4.925086842062391668e-01 4.820357366178794067e-01 4.809861812526590175e-01 4.894571092706634929e-01 4.907750074010979735e-01 4.967270815501795833e-01 4.865283601729098462e-01 4.899048289137479806e-01 4.843848702573109732e-01 4.870888945423370586e-01 4.895821163574390344e-01 4.984374832424554591e-01 4.893808107663966678e-01 4.869950423044143717e-01 4.842606362187978908e-01 4.952785018584046628e-01 4.967127191098088534e-01 4.954699294376884722e-01 4.957737393119391323e-01 4.974334306895248359e-01 4.921159676806522443e-01 5.070949021733996975e-01 4.955883509913094342e-01 5.013394817040631724e-01 4.896434140739250873e-01 4.879327745685453355e-01 4.734041422001741828e-01 4.794121436826508931e-01 4.927827712866885701e-01 4.858341056338266184e-01 4.947757209767599251e-01 4.858890333049305510e-01 4.900597515762346590e-01 4.900405643476702933e-01 4.984771846596502409e-01
1.192746001660094091e-01 1.518873317258067068e-01 2.770788899137056616e-01 3.771264348493494900e-01 3.105787477927664519e-01 1.000000000000000000e+00 4.773203422043645894e-01 4.439766554714476010e-01 5.086485502060342778e-01 4.823868022813363465e-01 5.475210516336297406e-01 5.444918929497644111e-01 5.235874373561190120e-01 4.860743578550011379e-01 5.468399973327482400e-01 5.477317286942232633e-01 5.022534847668315150e-01 4.723596728904853603e-01 5.148582046471117390e-01 4.229289541667775598e-01 4.868000218758430364e-01 5.395909338577049574e-01 4.594984593714755428e-01 4.723759939693428778e-01 5.236186221698297949e-01 5.712923048454908725e-01 5.689600659889023637e-01 5.692751727382920901e-01 5.560322565511357507e-01 5.586270120978200637e-01 5.877093598584539613e-01 5.420601001291297516e-01 5.345212964204585360e-01 5.556648660544931673e-01 5.498691775908308710e-01 5.829821563331742951e-01 5.855153814010782831e-01 5.705367716011892076e-01 5.905578538679092659e-01 5.663427108477094851e-01 5.958639432337516917e-01 5.786375721148291351e-01 5.976198116901713098e-01 6.047773186146457869e-01 6.056190150189714183e-01 5.913011203625333501e-01 5.698941177811152059e-01 5.679820774055844845e-01 5.771663647006101128e-01 5.834173022525747099e-01 5.834220708806167055e-01 5.830063710410615663e-01 6.006092093562025447e-01 5.462612797286466870e-01 5.680722874339336759e-01 5.594610956629190168e-01 5.793435102415147586e-01 5.765080622585818659e-01 5.693316797507792515e-01 5.850754476509237856e-01 5.840146048079760677e-01 5.775490244270816698e-01 5.855304752022316706e-01 5.773289137890712519e-01 5.810562909144866284e-01 5.896223151733110956e-01 5.750362989847506157e-01 5.845329776980875414e-01 5.793816708196033449e-01 5.914581273665960870e-01 5.952854112169423395e-01 5.906586562358553394e-01 5.843667763144001492e-01 5.887152508175288457e-01 5.974061831646048093e-01 6.030523707583581583e-01 5.967082761332793694e-01 5.981415670449837796e-01 6.032500703613863369e-01 5.873498594734167799e-01 5.913193947199431033e-01 5.959635178629899555e-01 5.767838836265575253e-01 5.770921287014623147e-01 5.852814077391269576e-01 5.877434459325949767e-01 5.945375371560471800e-01 5.780934328445467285e-01 5.858921830916069551e-01 5.820284551461437639e-01 5.888568620309220236e-01 5.911771845040590945e-01 5.962736080967880881e-01 5.894598927170776603e-01 5.718864746977657676e-01 5.791101854166191831e-01 5.837415582348789433e-01 5.815793501376440577e-01 5.837520525162132046e-01 5.828649616086214458e-01 5.910335455492327084e-01 5.831979821464452485e-01 5.840846858616535187e-01 5.880765125817769556e-01 5.873448115101883582e-01 5.801888966296110395e-01 5.794864478529528906e-01 5.659515371666660188e-01 5.803963985152627014e-01 5.810774517163032060e-01 5.786474255111783149e-01 5.819364230596096865e-01 5.732057920240047899e-01 5.765166009727005214e-01 5.761637169982103401e-01 5.823151294956693258e-01
3.242799607555958002e-03 8.917857255702385522e-02 2.912018454049616900e-01 5.073152189794114530e-01 4.747906113116559523e-01 4.773203422043645894e-01 1.000000000000000000e+00 6.951914812184837311e-01 6.096452032156546297e-01 5.921398982251089294e-01 6.853932220700722500e-01 7.555234978780545063e-01 6.993650760756541240e-01 6.645186518308322521e-01 8.255259053707433292e-01 7.725008939048482182e-01 5.945142193825386778e-01 4.617202080501773831e-01 5.207728021195318080e-01 4.724660866505128176e-01 4.324568467187255849e-01 5.157010200539295930e-01 5.109073919931357288e-01 4.533861562000308654e-01 4.938732086573829894e-01 6.400122063966784403e-01 6.633067742801732614e-01 6.651551982930934415e-01 5.923975816263498118e-01 6.285185275597511279e-01 6.562278643771605191e-01 6.765459320375748486e-01 6.595629216445276777e-01 6.595461367517317930e-01 6.557502597261629651e-01 6.992791923474965810e-01 6.737204349166040496e-01 7.113471503690393938e-01 7.213225417443250853e-01 7.295086556900358676e-01 7.529966748397470822e-01 7.424866136050446430e-01 7.421249420162862043e-01 7.556736779945235627e-01 7.171845281593685062e-01 7.294740024758742392e-01 7.737803624281693882e-01 7.490075110595193486e-01 7.674206747147098717e-01 7.494678266853013193e-01 7.734285821983249987e-01 7.390121117528007932e-01 7.590482821172285233e-01 7.156926695020607854e-01 7.260586822877094226e-01 7.177671930633519048e-01 7.475294859388887936e-01 7.499172239946179097e-01 7.564430634637211437e-01 7.582760525712480826e-01 7.779643063334287234e-01 7.565827092228746276e-01 7.636448981413379578e-01 7.661812702738373115e-01 7.391646026644546064e-01 7.568845434626623181e-01 7.590143233641030163e-01 7.271424292144833545e-01 7.334139725256318965e-01 7.282025240225658003e-01 7.128111630888660510e-01 7.290344600997743507e-01 7.134881874781379141e-01 7.166918778590586347e-01 7.538754986188525020e-01 7.534899549347386927e-01 7.625783898900574398e-01 7.321375272754283570e-01 7.534426002202891937e-01 7.336723738484324242e-01 7.450312634805502654e-01 7.483448225830917622e-01 7.432511041503465643e-01 7.334937579559583920e-01 7.533816237671374649e-01 7.475666534508388361e-01 7.503606077035237520e-01 7.648860562239215843e-01 7.623994555843038867e-01 7.516388367711466234e-01 7.672258754873533260e-01 7.702152721563301219e-01 7.632704671400554197e-01 7.665657402750888361e-01 7.715029046902516230e-01 7.694054044017161198e-01 7.743545402647152853e-01 7.669206324705697408e-01 7.756685963672039774e-01 7.779296836068341214e-01 7.750653044768557320e-01 7.710203220021496495e-01 7.783858689181755164e-01 7.750941161693392090e-01 7.704735109873074306e-01 7.610175125156188880e-01 7.713727496484822366e-01 7.571013584974876087e-01 7.583869755173298088e-01 7.672392162318041331e-01 7.656969019135785315e-01 7.692719718346516800e-01 7.662194420415435747e-01 7.686133780723304332e-01 7.569252413494529375e-01 7.682362382684134738e-01
4.439675639789959099e-04 8.089393268682648630e-02 2.655441733535851556e-01 4.721970861753240767e-01 4.903658060780414218e-01 4.439766554714476010e-01 6.951914812184837311e-01 1.000000000000000000e+00 5.822529417621519210e-01 5.848887530212062424e-01 6.603140163659760864e-01 7.247347381619673179e-01 6.808608895223392521e-01 6.483987928865289074e-01 7.720709148645099607e-01 7.902276978571176613e-01 5.741127076851796351e-01 4.405243943841540832e-01 4.900797120276662588e-01 4.478369619306289962e-01 4.311514272040455342e-01 4.929640383147924632e-01 4.690727859897690921e-01 4.183863850934542161e-01 4.700942176940260953e-01 6.195230183963826853e-01 6.328255930250699102e-01 6.193347813810058389e-01 5.689003369024970835e-01 5.906564265788061263e-01 6.128241014670732234e-01 6.364266799545884590e-01 6.174865537680686023e-01 6.274275302243648156e-01 6.163416328867956651e-01 6.543079317582719545e-01 6.307985331334704515e-01 6.899167368041747572e-01 6.782767030833285471e-01 6.810473676335107029e-01 7.096433861194428871e-01 7.114262397403519067e-01 7.063256022633112030e-01 7.216644480714318188e-01 6.734317734935884037e-01 6.975001022494532466e-01 7.502475864389190896e-01 7.240346313232617348e-01 7.447845478661311303e-01 7.314203607478163560e-01 7.512351053996593198e-01 7.056953156986506270e-01 7.256556175624496730e-01 7.001814452179302428e-01 7.146637981518546567e-01 6.937530623002340358e-01 7.274915424602023117e-01 7.360286514828585647e-01 7.435598176511654112e-01 7.325158435485998876e-01 7.525139248433845296e-01 7.396605700232877778e-01 7.432435740788704281e-01 7.424159200261032376e-01 7.157728047147712269e-01 7.325026663821577744e-01 7.253529583219887611e-01 6.990803255037989494e-01 6.977685560513570140e-01 7.019998203776093293e-01 6.876673860607953603e-01 6.996435288564888388e-01 6.758173124196564796e-01 6.849512330188972653e-01 7.245786131417539799e-01 7.167761743365370641e-01 7.305927176297581926e-01 7.092052741287521167e-01 7.198195808846471477e-01 6.978849060756212586e-01 7.068568283183448431e-01 7.161065478404442519e-01 7.107380134279390749e-01 7.006966834750569806e-01 7.280921048802804219e-01 7.178019119315967034e-01 7.115037842724826200e-01 7.428942968093110721e-01 7.295535032098555694e-01 7.199988902179125239e-01 7.300020535222715434e-01 7.393117531564662448e-01 7.277702731195277996e-01 7.354476288523199567e-01 7.471054683015662112e-01 7.404263313991129580e-01 7.523779676703579167e-01 7.542008941842993641e-01 7.563026248939465068e-01 7.510427947798861137e-01 7.451609241237782122e-01 7.559843268478370071e-01 7.472971959041763146e-01 7.502213093886563877e-01 7.437087560310237100e-01 7.438825471998313787e-01 7.489761242521255635e-01 7.320167809563231653e-01 7.357608549967871170e-01 7.468724820613971138e-01 7.461524949617276414e-01 7.452347417689132447e-01 7.474502514865459801e-01 7.464311278836902597e-01 7.319097759771751033e-01 7.431783887191577564e-01
3.792159899253683131e-01 3.372285162276956183e-01 4.120617665662299478e-01 4.013976262703495279e-01 4.510214033448172732e-01 5.086485502060342778e-01 6.096452032156546297e-01 5.822529417621519210e-01 1.000000000000000000e+00 7.611260269728025163e-01 7.765395959065474196e-01 6.796640351988396667e-01 7.320388879696029250e-01 6.657344066113586312e-01 7.339576165557983867e-01 7.611398242631217670e-01 8.126596081635731883e-01 7.464314800961152629e-01 7.818234668247878716e-01 5.834842792728999195e-01 7.090516726042916940e-01 7.923366507437005213e-01 7.678906606968871618e-01 7.418915195172774979e-01 7.869534209163523419e-01 8.454962152180903745e-01 8.100363969813494380e-01 8.194746248052550142e-01 7.862636407682260797e-01 8.561354181713292100e-01 8.524276155303459612e-01 8.370538781891088131e-01 8.028344768833466372e-01 8.293665334504523035e-01 8.405383714354119906e-01 8.368501362252984688e-01 8.546947626222090033e-01 8.331422012024785051e-01 8.448313406153082905e-01 7.717942949340019787e-01 8.426053817834434634e-01 7.967132791024982286e-01 8.135547943800900406e-01 8.402731057623326061e-01 8.593152432604930224e-01 8.478788262902576811e-01 7.926319831935925153e-01 8.327913895622667262e-01 8.190845780155661116e-01 8.153906368101536684e-01 8.048702619071559372e-01 7.691139607969814662e-01 8.204546724658562384e-01 8.356610701163982302e-01 8.413392414920453088e-01 8.497553107180170207e-01 8.584944946929474741e-01 8.164772073530686125e-01 8.217121931032641546e-01 8.416192997968747758e-01 7.932136578716217912e-01 8.393144455785338520e-01 8.288672475827195685e-01 8.353795081759710639e-01 8.559302091300777793e-01 8.499148704779241337e-01 8.372568492505054749e-01 8.492169083737669544e-01 8.511782152852955807e-01 8.261639283787907129e-01 8.463516353499559441e-01 8.520267678102688702e-01 8.393581760391057855e-01 8.458927880812100453e-01 8.456778233680630752e-01 8.462716617517727080e-01 8.277720344062826641e-01 8.392710873799015259e-01 8.417913671391613617e-01 8.631092707863519120e-01 8.561930304931653080e-01 8.434691318575259222e-01 8.534487017028817846e-01 8.467692221218052762e-01 8.236836679546635231e-01 8.394202401476017483e-01 8.451944357828714560e-01 8.161630691073195054e-01 8.311522065175659391e-01 8.437865550860087493e-01 8.154863118901541919e-01 8.204483253016443545e-01 8.340175519323697051e-01 8.261900771520465092e-01 8.018565419612179168e-01 8.234671841332189546e-01 7.946729329839381517e-01 8.219293550707138518e-01 8.114726483667076273e-01 7.985155145096688445e-01 8.153577834026901616e-01 8.199990356629146548e-01 8.099001092316456818e-01 8.143821983463155334e-01 8.160649564929178812e-01 8.385218412031695268e-01 8.196288935263434938e-01 8.222592598823100785e-01 8.340200739488887738e-01 8.158720944772502870e-01 8.180614176515167424e-01 8.265799747538281617e-01 8.220186713696011616e-01 8.246201912907276110e-01 8.340199150065371603e-01 8.331092939105350093e-01
2.400992740742934894e-01 2.808695976423127294e-01 3.709424533454120376e-01 3.600731613873502934e-01 4.136055679986885281e-01 4.823868022813363465e-01 5.921398982251089294e-01 5.848887530212062424e-01 7.611260269728025163e-01 1.000000000000000000e+00 7.375307609696291067e-01 6.683666023689994740e-01 6.988337573628163879e-01 6.444708960274130316e-01 7.298679895797058892e-01 7.405821081326270372e-01 7.276605023742682699e-01 6.650507022102030152e-01 7.129451627143664760e-01 5.347794853371352630e-01 6.314390488284732372e-01 7.100243395849535899e-01 6.988785954031218051e-01 6.709759763636988783e-01 7.100683818635866729e-01 7.689388620283649223e-01 7.526267705563941535e-01 7.654105620121399722e-01 7.309498345855913737e-01 7.983216365026828409e-01 7.897080352079802745e-01 7.880895689437025231e-01 7.669091794364515380e-01 7.869015627920306066e-01 7.965663343546877107e-01 7.771226285154368973e-01 7.998986792599735995e-01 7.974366575644866728e-01 7.968640849462119702e-01 7.419286523971837521e-01 7.938759100689301018e-01 7.746684088459508954e-01 7.774929875765954623e-01 8.015132908314552829e-01 8.050277852044596116e-01 8.030408977290059980e-01 7.821225620367355802e-01 8.096859656812027684e-01 7.923517914015693053e-01 7.783765610101688326e-01 7.782921155069486563e-01 7.211095631971340403e-01 7.750771071137465551e-01 8.117840415553601030e-01 8.166982150727034595e-01 8.145100665445755839e-01 8.059353577853169970e-01 7.980469732836202867e-01 8.047636164309222018e-01 8.091191096481362699e-01 7.777925731837940226e-01 8.120931818518313250e-01 7.985796428981901673e-01 7.937818254740091062e-01 8.066943502138403943e-01 8.059003204424040057e-01 8.078347629311336542e-01 8.105828661119203193e-01 8.148474082618305525e-01 7.872742494963359539e-01 8.060867873346442281e-01 8.176999075832669384e-01 8.005581743799642380e-01 8.098175283823471071e-01 8.078524068049298679e-01 8.076244279654943847e-01 7.996376866865873012e-01 8.077587295570876069e-01 8.084894303376823910e-01 8.245459566902266779e-01 8.198239342812717600e-01 8.118002802708657040e-01 8.146985537626277862e-01 8.169147802406419023e-01 7.982183854962998648e-01 8.110801089994567059e-01 8.118677170223026485e-01 7.995131989712692677e-01 8.059206592788704659e-01 8.121353448681909448e-01 7.913519743709207521e-01 7.970986968193659594e-01 8.036189899386269042e-01 8.015949024409970702e-01 7.894805667331898924e-01 8.041294807089607311e-01 7.725326502954722452e-01 7.908682080633916422e-01 7.913309325292262608e-01 7.840993434395709949e-01 7.932807200431803984e-01 7.974219604063609301e-01 7.830425898088239078e-01 7.928155485456729323e-01 7.875417921646147290e-01 8.028678380884788357e-01 7.987546571899796222e-01 8.008069311137945290e-01 8.097306599031135477e-01 7.945476568491840474e-01 8.017859152155168978e-01 8.018384139674501476e-01 8.034103687552144324e-01 7.969791390289907573e-01 8.017299777502848723e-01 8.026326271038284332e-01
1.446805666465692530e-01 2.066095254892077460e-01 4.025126277615496129e-01 4.818269485361820759e-01 4.652030268442430838e-01 5.475210516336297406e-01 6.853932220700722500e-01 6.603140163659760864e-01 7.765395959065474196e-01 7.375307609696291067e-01 1.000000000000000000e+00 8.053576578757618565e-01 7.812681912384447092e-01 7.435680574114887920e-01 8.162327681906010879e-01 8.330520066317000927e-01 7.659655808944760835e-01 7.045311619007150750e-01 7.505140365973205219e-01 6.110135644471653693e-01 6.822195208088908114e-01 7.582019508716952849e-01 7.148023698292914618e-01 6.951935539126147257e-01 7.460456989749837398e-01 8.227069798172552684e-01 8.366049028214154193e-01 8.186425248071002025e-01 7.850885926935706749e-01 8.306012760555112617e-01 8.587999652261855132e-01 8.451669956195343447e-01 8.182353009366954977e-01 8.448775860757253842e-01 8.390491302762226322e-01 8.540993324645865803e-01 8.607282801174228615e-01 8.570389456054081645e-01 8.752124636178691963e-01 8.389350492563023565e-01 8.798110411059852920e-01 8.633984769203769671e-01 8.680706629191776713e-01 8.927583790338462499e-01 8.856867568271820090e-01 8.766695795445337280e-01 8.755120554228860152e-01 8.781579544527862158e-01 8.797487296301408355e-01 8.726289065513983534e-01 8.727735028218190916e-01 8.461986525383928814e-01 8.809563078279631920e-01 8.569667208675767478e-01 8.682532257361178507e-01 8.627667895739580262e-01 8.782561020101546934e-01 8.775110141440167766e-01 8.706650455782273257e-01 8.886698592320143586e-01 8.790115845622338275e-01 8.815434535094730517e-01 8.821549537663241347e-01 8.830298288626607928e-01 8.836683666460358744e-01 8.878047025679407511e-01 8.874377735050028582e-01 8.885672231419171618e-01 8.849801021157246428e-01 8.808923426100216947e-01 8.911950433458867282e-01 8.957448528252734965e-01 8.781173414833414181e-01 8.878049748948225739e-01 8.926759470562790622e-01 8.951400596905894069e-01 8.860794074561815226e-01 8.841773594759755328e-01 8.907704635803844750e-01 8.923025183764741186e-01 8.934148192236713859e-01 8.967255905548353612e-01 8.841164058125956515e-01 8.850183793376367181e-01 8.886493935274073497e-01 8.916706734100041665e-01 8.958903598229737142e-01 8.849078469488712573e-01 8.916341393976011664e-01 8.866386365174205864e-01 8.862861330592036735e-01 8.899689184850455570e-01 8.977673138943865760e-01 8.910423344842158810e-01 8.811730617748746441e-01 8.869962410817426868e-01 8.778441042868779798e-01 8.819326639580258309e-01 8.846027482668151753e-01 8.844754226002086162e-01 8.907192966275981894e-01 8.866857728346859702e-01 8.859624231984301046e-01 8.896479910558116044e-01 8.897295455962961341e-01 8.839138280228044930e-01 8.879275629801467451e-01 8.780390336262855477e-01 8.859027713157541228e-01 8.849455135986930010e-01 8.847542648516354413e-01 8.880299145714920517e-01 8.835386829554358057e-01 8.844434850403506410e-01 8.871933937612220822e-01 8.885705773245640149e-01
-3.196594779444986156e-02 4.745511309548170603e-02 3.766580176412665515e-01 6.539318892507953729e-01 4.814838101970930762e-01 5.444918929497644111e-01 7.555234978780545063e-01 7.247347381619673179e-01 6.796640351988396667e-01 6.683666023689994740e-01 8.053576578757618565e-01 1.000000000000000000e+00 7.822663630056145845e-01 7.828585973222790262e-01 8.729313783056581455e-01 8.639876827745140986e-01 6.512368809023741933e-01 5.332657884957376915e-01 6.197581867529305955e-01 5.784291483301462478e-01 5.479508052381500960e-01 6.374782315246103614e-01 6.020663824343046588e-01 5.434226770986283483e-01 6.069360997250923262e-01 7.302795728809217124e-01 7.823755291242681098e-01 7.347750588717023579e-01 7.068320383237384208e-01 7.136045844531150317e-01 7.594483030049946626e-01 7.527318601663040010e-01 7.245020454419444089e-01 7.458315376410303843e-01 7.307669668620265790e-01 7.915633512043991349e-01 7.724819301002961991e-01 7.782374081309355596e-01 8.121447464891115020e-01 8.118300119014499883e-01 8.469877991197342082e-01 8.326371389025596370e-01 8.523641328813402751e-01 8.647589039254482968e-01 8.279875412942023782e-01 8.174964838135773126e-01 8.884831355799984731e-01 8.503222853958313232e-01 8.676205059162086508e-01 8.432117202578145454e-01 8.660019054045638986e-01 8.586301382015976147e-01 8.826042777755465085e-01 7.958739935568244217e-01 8.077266769431538096e-01 7.922156098090709087e-01 8.381107023065176298e-01 8.423683995944744041e-01 8.385765383205076029e-01 8.699997638118169840e-01 8.947577583771033627e-01 8.516377160871531071e-01 8.698971668593509232e-01 8.734687500444866526e-01 8.488157179542185071e-01 8.717887115996696412e-01 8.618963305313299683e-01 8.315752252013917101e-01 8.370643037170377720e-01 8.527306497204940605e-01 8.418689151209018950e-01 8.552486473918787802e-01 8.271202699895896515e-01 8.409663327640506392e-01 8.642058673325856422e-01 8.646142821090213593e-01 8.662267109760466433e-01 8.518710931834337918e-01 8.689092337658866905e-01 8.404203983807607692e-01 8.481719388682837923e-01 8.630163624780425868e-01 8.374027111824949854e-01 8.297261973996647999e-01 8.589259060072268470e-01 8.547285605581028678e-01 8.618010679055462253e-01 8.678886264907700321e-01 8.713040311107573821e-01 8.448302503101347005e-01 8.678133629882118782e-01 8.789630222954433192e-01 8.804058281663197372e-01 8.765895206644830351e-01 8.877150942939169287e-01 8.746399332682763816e-01 8.813988719613287115e-01 8.688990989253826402e-01 8.866623358066811900e-01 8.859149659782945552e-01 8.864178540740311751e-01 8.763932139539966082e-01 8.986193436162147608e-01 8.876257700912073556e-01 8.913905856413452122e-01 8.596502400929170173e-01 8.826105548186949923e-01 8.608906801297087075e-01 8.549022081449454413e-01 8.717585463987603811e-01 8.603736087978535174e-01 8.795633178855069012e-01 8.685993009910535356e-01 8.734190586882143448e-01 8.672418481451107386e-01 8.805489762055557224e-01
1.033768407952247448e-01 1.468695086366253455e-01 3.417226782430719534e-01 4.662513011506225213e-01 5.098455040421998596e-01 5.235874373561190120e-01 6.993650760756541240e-01 6.808608895223392521e-01 7.320388879696029250e-01 6.988337573628163879e-01 7.812681912384447092e-01 7.822663630056145845e-01 1.000000000000000000e+00 7.109702018784450628e-01 8.139141776755067781e-01 8.308151607472998856e-01 7.109677899878693585e-01 6.233354528777881320e-01 6.721350682309751301e-01 5.641317471523776828e-01 5.989827034378631954e-01 6.783021039856269585e-01 6.573628095852728226e-01 6.240914297145788714e-01 6.646502447710047612e-01 7.621973114615554490e-01 7.777478538087774229e-01 7.599727853317066462e-01 7.119649399750297425e-01 7.653375154094834709e-01 7.908829735492491908e-01 7.857337451019982266e-01 7.537842959381838570e-01 7.757427551925459852e-01 7.744759783034564915e-01 8.064204958679220825e-01 7.976393015436655798e-01 7.972802447621375466e-01 8.066841420330862489e-01 7.884359061599612861e-01 8.329226662626129096e-01 8.179775290379542874e-01 8.317028110874731262e-01 8.456801162859628462e-01 8.295873487114997502e-01 8.176777970791200278e-01 8.430192226040649217e-01 8.413966323130068758e-01 8.400564018050532544e-01 8.224686291222517154e-01 8.318505798745571278e-01 8.143234178487169794e-01 8.433954435383889114e-01 8.167084789121379362e-01 8.242536109089395602e-01 8.186681395011912166e-01 8.406463720277178586e-01 8.397917756145651946e-01 8.304364875552294745e-01 8.527117754162759633e-01 8.478537762442804882e-01 8.431098647854080586e-01 8.449550149911245756e-01 8.448615518886324338e-01 8.432208021112200802e-01 8.546818160500488926e-01 8.456924713840028307e-01 8.354082500265165301e-01 8.377855895294515909e-01 8.307474378774056811e-01 8.312638060700334730e-01 8.415412133188598931e-01 8.274264198393047609e-01 8.321918507349751470e-01 8.466225272017362524e-01 8.465463902565071308e-01 8.446099731488149187e-01 8.332703334424098607e-01 8.448323711908106715e-01 8.424051409582830052e-01 8.446530994010669202e-01 8.481678076172979308e-01 8.390232869911418145e-01 8.358902830684861174e-01 8.375155774320335311e-01 8.435806510913486100e-01 8.490513616973069944e-01 8.419478127926290911e-01 8.461155981268778659e-01 8.413233877059773658e-01 8.386900700582193835e-01 8.485201210802203464e-01 8.515438067806700984e-01 8.482837259518809514e-01 8.455344557420091389e-01 8.492640154324108126e-01 8.428519995077883298e-01 8.434336785157171557e-01 8.501124127719661416e-01 8.437002297325623124e-01 8.525015132867187484e-01 8.486138961404420256e-01 8.535990210508707099e-01 8.537616810397454792e-01 8.528470844355864333e-01 8.451923251010440286e-01 8.499299941387866708e-01 8.415608718618841078e-01 8.436936788170237289e-01 8.477027174574195412e-01 8.442395198983837501e-01 8.531698009250204828e-01 8.471502267219590543e-01 8.484940716204923961e-01 8.469373986304185031e-01 8.536230819779189183e-01
