1.000000000000000000e+00 1.359702916675322067e-02 6.576434024992679206e-02 6.878756680265847578e-02 3.783410004244117109e-02 -1.784355720871913867e-02 1.403327770106774794e-03 3.388447991653198519e-03 6.505754884006260952e-02 2.010681154120029512e-02 1.449345348255062955e-02 1.750989226321652756e-02 1.310556794175174455e-02 -7.707618331196099473e-03 -3.434329546260227010e-03 4.800586304905668338e-03 5.859130174134933450e-02 4.120387465332167598e-02 4.497850685672141052e-02 -4.614857638807595133e-04 2.669517135332494240e-02 4.594117907616183938e-02 5.394574062581795199e-02 5.423595064823486661e-02 4.344876760983393954e-02 3.751617892132318860e-02 2.514190378360919853e-02 2.655942907826957036e-02 3.850724449139584366e-02 4.667302844056094024e-02 2.217215514178919392e-02 3.199291358416125886e-02 1.873430395471931131e-02 2.165018915530319762e-02 2.129405048412316356e-02 2.364987610152887235e-02 1.820874547297394661e-02 5.454500112855625166e-03 6.154434960654426960e-03 -4.528805955406644862e-04 1.838436614384264187e-02 -7.526756134375125508e-03 2.319327895051209731e-02 2.300608133921250645e-02 1.336316355891288034e-02 1.613862748309879969e-02 7.047413013509473689e-03 6.725095594756416370e-03 1.162690940177698098e-02 1.019984239224217687e-02 6.210970242350599343e-03 1.520419655072698974e-02 1.749477005044052305e-02 3.156682507432172907e-02 3.070620467037191506e-02 2.062711544301698563e-02 4.379533977870848221e-02 1.036885986976440049e-02 1.214152535488663767e-02 1.583936419814366281e-02 1.480211855123338312e-02 2.000847923590050315e-02 2.824789628913781936e-02 1.823413532640884294e-02 2.669276751930139621e-02 3.020257480514602563e-02 1.345113944054150516e-02 1.265849895737484500e-02 1.518816968333308766e-02 3.109695707071175475e-03 8.220221536676687243e-03 2.134087563673686683e-02 1.862713733862087981e-02 2.141041426047809657e-02 1.037051474660909828e-02 1.107040807792846436e-02 1.199865265522176948e-02 1.711183266240820164e-02 9.240068043057918928e-03 1.271245912364283616e-02 1.869467726245349626e-02 1.022780474089264938e-02 1.204977997059910808e-02 1.114834132602759119e-02 5.242519851466288707e-04 5.693688059754341800e-03 5.746987809620367552e-03 -1.712596358267268540e-03 1.302822928785322010e-03 1.610611733789107589e-02 -7.853891290715226195e-03 3.661520038094736272e-03 5.806522613701186816e-03 6.701021205632251392e-03 2.293609758754588945e-03 1.549262882260042619e-04 1.227665100892170232e-03 1.590062691796441038e-02 2.637425501812463210e-03 -2.233894268592902417e-03 7.105759658477778067e-03 6.279610764444339133e-03 6.539757770272153561e-03 5.151592114305061053e-03 1.115202769879864407e-02 2.020992616001383163e-02 5.774428750473182582e-03 5.598885492847363241e-03 1.262141976561540271e-02 5.667024583822711202e-03 7.317738350495938543e-03 8.222614584942939189e-03 7.151401734362357321e-03 1.008671521917730608e-02 9.994504670610892746e-03 1.683628238549549766e-02
1.359702916675322067e-02 1.000000000000000000e+00 1.027697636513998647e-01 3.515070663209147322e-02 1.007463683142060112e-01 8.250927812787391125e-02 1.118357129811846512e-01 8.684086821006704870e-02 1.387074258167181884e-01 1.578725472130145246e-01 1.275991257559231096e-01 1.270104844700793156e-01 1.327469433383288433e-01 1.144986050932147309e-01 1.408331487912593549e-01 1.388042406633414050e-01 1.302359433494555963e-01 1.135957821446926252e-01 1.228011944255007065e-01 2.935500994718943241e-03 5.240836383718353725e-02 1.072933361437401478e-01 1.155599746278465068e-01 1.016253179431421128e-01 1.204117690441086214e-01 1.302362183134132823e-01 1.258089097140971391e-01 1.201736270373301024e-01 1.398002882547545456e-01 1.383451948350692962e-01 1.423426266897816761e-01 1.345073423628704024e-01 1.245178970595316459e-01 1.161329774717681368e-01 1.242880115890414722e-01 1.021532838817263561e-01 1.237351892023107885e-01 1.343263396352007422e-01 1.319200768149142722e-01 1.258741794431205152e-01 1.394664517504707602e-01 1.385278867767618383e-01 1.237911776818266391e-01 1.384017896049911933e-01 1.372197362058274195e-01 1.435761720152906595e-01 1.495350072734467350e-01 1.445926414317355857e-01 1.438315601270405142e-01 1.222284740141037357e-01 1.350080901425626256e-01 9.650236160842945443e-02 1.267444358089610257e-01 1.545999989285291865e-01 1.557870514147041974e-01 1.494726458358114352e-01 1.360678370874299770e-01 1.483922738269067843e-01 1.506271015585047279e-01 1.442027403238755889e-01 1.362395570010647428e-01 1.486336869373451608e-01 1.346387859399281739e-01 1.399542645048068856e-01 1.398822724348333102e-01 1.361952878989452775e-01 1.465529981510327318e-01 1.425927173054061525e-01 1.426075165693397040e-01 1.135738677020218246e-01 1.303415972699148162e-01 1.446600211707296246e-01 1.280362967031492827e-01 1.422174022735477328e-01 1.423586185665101089e-01 1.449858261996206377e-01 1.435103367559317777e-01 1.441761191978782330e-01 1.421236416577363604e-01 1.474305371644868135e-01 1.436851577952648895e-01 1.477414910957743355e-01 1.417069235434147978e-01 1.417192575275212363e-01 1.327634792492404514e-01 1.405547297839268017e-01 1.423654796119448451e-01 1.378513306094804047e-01 1.408344096466224160e-01 1.469305982182474435e-01 1.389406854282323467e-01 1.423611968535283823e-01 1.348800707140318522e-01 1.404282188448616187e-01 1.430286089635080526e-01 1.475705977642121913e-01 1.282186477140473957e-01 1.330525527662580199e-01 1.375867154034219053e-01 1.347016680156864488e-01 1.346656127125802349e-01 1.334211906031316786e-01 1.329329435694291128e-01 1.384698106657355765e-01 1.302870948534942119e-01 1.419968080678356281e-01 1.427092382947807991e-01 1.488653371481167276e-01 1.481619395854435750e-01 1.445031442631209695e-01 1.468488613438948820e-01 1.453886261457920936e-01 1.455836983048445499e-01 1.387596753466120714e-01 1.423283330341977015e-01 1.389874277454856699e-01
6.576434024992679206e-02 1.027697636513998647e-01 1.000000000000000000e+00 3.447281749413674823e-01 1.759451083213535161e-01 2.280512363043897262e-01 3.574808681537416377e-01 3.225294236225410560e-01 3.729645121920895923e-01 3.408624300236511862e-01 4.045083264654862343e-01 3.936360013553351078e-01 3.601107712335639421e-01 3.434704183091770169e-01 3.890519232091781410e-01 3.909496950364501067e-01 3.962699490745857922e-01 3.991465049796568132e-01 4.136849648556132353e-01 2.025807451312442997e-01 3.602429969228395090e-01 4.141276445705686093e-01 4.137585029596088093e-01 3.887928058625022554e-01 3.971467713714308401e-01 4.139780065337881343e-01 4.160902550928768373e-01 4.205758116068314401e-01 4.245307672737628768e-01 4.175006140839570556e-01 4.202446141051605633e-01 4.349911444394914395e-01 4.150648228466260470e-01 4.324347071236743223e-01 4.279864231492221949e-01 4.362228052033214065e-01 4.221276040839569976e-01 4.218500839196679397e-01 4.275618924103002927e-01 4.096742956602767993e-01 4.127349924564470141e-01 3.981192406686911434e-01 4.026367062365998617e-01 4.144682355587649969e-01 4.226783688627849811e-01 4.065733427912633924e-01 3.980334418785243522e-01 4.003575122856494750e-01 4.094313283775306012e-01 4.269658601587124069e-01 4.145736874300742780e-01 3.730089589540963035e-01 3.865979930935831699e-01 4.078220767284316817e-01 4.158371077701106810e-01 4.185534851431200742e-01 4.103006851236841723e-01 4.034903202798260091e-01 4.057492984228537880e-01 3.909806882066363398e-01 4.002770154643910394e-01 4.012071309515020667e-01 4.082745387967058881e-01 4.073028783090347771e-01 4.106710961539731253e-01 3.983958742839088241e-01 4.085722894108863579e-01 4.070713135828837315e-01 4.088143905584383231e-01 3.800186067394040190e-01 4.066280437863757369e-01 4.172111108731144102e-01 4.112467618865736085e-01 4.134182640719655244e-01 4.106639425077453498e-01 4.124870522801469819e-01 4.097343191840391863e-01 4.130513110521534248e-01 4.086322590466126559e-01 4.096388327514677852e-01 4.250326492449852389e-01 4.130826638147891416e-01 4.174863062554904913e-01 4.149265179519384117e-01 4.127032550705717617e-01 4.187548094411981392e-01 4.163204347564676278e-01 4.050594176090810405e-01 4.043942715750739603e-01 4.111669452079902420e-01 4.045263787697734870e-01 4.034113902150486264e-01 4.075527967280813124e-01 4.057177146173486793e-01 3.969605781632079555e-01 3.959601391050018848e-01 4.011002678908351382e-01 3.949724217365170320e-01 3.949755181818763727e-01 4.030133576202575285e-01 3.997721686162502563e-01 4.004373420313587228e-01 3.963938765013398924e-01 4.025583345799611523e-01 4.065561627246460641e-01 3.997457227491415521e-01 4.027354296585535787e-01 3.976267478162291980e-01 4.065934436074628011e-01 3.970876591285045776e-01 3.959931920970285457e-01 3.957815655046464931e-01 3.964244498308147624e-01 4.016873136327851479e-01 4.045777851152856930e-01 3.970848893455544704e-01
6.878756680265847578e-02 3.515070663209147322e-02 3.447281749413674823e-01 1.000000000000000000e+00 3.717076207752033623e-01 3.859509395742347637e-01 5.820801419472685367e-01 5.790326936965619620e-01 5.795271838740875259e-01 5.041363607279321091e-01 5.994477447252004598e-01 6.672588634594962542e-01 5.865991607906690941e-01 5.635335650683799269e-01 6.372999093343749699e-01 6.428513268859741281e-01 5.978050238028022045e-01 5.899990095969636084e-01 5.897246878411589455e-01 5.365362426662546591e-01 6.642580660194260522e-01 6.408395300358987745e-01 5.920383970499509818e-01 5.643849077157310212e-01 5.418019701413322453e-01 5.984646464375616981e-01 6.151404117184882114e-01 5.919180781908713884e-01 5.677002074981214452e-01 5.764038005451336266e-01 6.132210662930724920e-01 6.504564486934142353e-01 6.032155356560759962e-01 6.402243760018995200e-01 6.219539339908354281e-01 6.594869254230696365e-01 6.378652952869474646e-01 6.366210468207297302e-01 6.524193422752814220e-01 6.105599994266442954e-01 6.414411435118585469e-01 6.265626036078644212e-01 6.675032494556213392e-01 6.568265827183588090e-01 6.468357874039939448e-01 6.415092152522243740e-01 6.294053144512193887e-01 6.394402292402542320e-01 6.390672756566305734e-01 6.627927579500371147e-01 6.580254785008196050e-01 6.734634548963474021e-01 6.497178439496272828e-01 6.273133681245175453e-01 6.332291801446614521e-01 6.312312431818026814e-01 6.575437426595800439e-01 6.384947352742256221e-01 6.248575745125483083e-01 6.385216440623654455e-01 6.567133578404593663e-01 6.406124121041905095e-01 6.568966463696718217e-01 6.623970057231087782e-01 6.543325285981651529e-01 6.554323514056276112e-01 6.450725291619001656e-01 6.440481430156538289e-01 6.466992136342200048e-01 6.666295679941172114e-01 6.589601479025799513e-01 6.478009650510822004e-01 6.533472878899454495e-01 6.264130415477342506e-01 6.393970911257705891e-01 6.418993714639217307e-01 6.299229026555168698e-01 6.329173364076825514e-01 6.311803861305967933e-01 6.238897514077348383e-01 6.406364924003785655e-01 6.359423589111197206e-01 6.498041213165526298e-01 6.373387261382535973e-01 6.503927871783217185e-01 6.493491544969913765e-01 6.427904208928459928e-01 6.460225702873431119e-01 6.419977609504319283e-01 6.404399780148639643e-01 6.297101156293266611e-01 6.433579267046510841e-01 6.508997368231794756e-01 6.427032231670555262e-01 6.384160897731128159e-01 6.378501625747156067e-01 6.553360944448100023e-01 6.623643510789467559e-01 6.489295791832914162e-01 6.528058267975753726e-01 6.565849536827211841e-01 6.584992252952507341e-01 6.525559353994990763e-01 6.536003130122463034e-01 6.670405675086339414e-01 6.559646588858151217e-01 6.466538225288428476e-01 6.364904868651195535e-01 6.447659361003962308e-01 6.413725820716876802e-01 6.382048855603428272e-01 6.421088019773290023e-01 6.436650561420019789e-01 6.550015012546233084e-01 6.503059991929396322e-01 6.544601835874516160e-01
3.783410004244117109e-02 1.007463683142060112e-01 1.759451083213535161e-01 3.717076207752033623e-01 1.000000000000000000e+00 3.192610428973444714e-01 4.944561826849762642e-01 4.488904599691273534e-01 4.755378154802669122e-01 4.342511107807958126e-01 4.874721146345227241e-01 5.217474853755545983e-01 4.966846926486112035e-01 4.783063146410042044e-01 5.263227322039472078e-01 5.172953860827012029e-01 4.403969951690638318e-01 4.237207105375849769e-01 4.423472467314353840e-01 3.894926277276232196e-01 4.453390817301713378e-01 4.611064986666355558e-01 4.471867779572794022e-01 3.995952274412657990e-01 4.089361600925900952e-01 4.867326445112579725e-01 4.877439818488262246e-01 4.756369381757654669e-01 4.481374932094353558e-01 4.739403456454907571e-01 5.029391337093296332e-01 4.882122329865865029e-01 4.709601604970192756e-01 4.523915308893883824e-01 4.914735525670849703e-01 4.720454867440547764e-01 4.897894365349907964e-01 4.910371775253353221e-01 5.118664052360424321e-01 4.789683227615868510e-01 5.233635764151413072e-01 5.279822132108518140e-01 5.398659904859438585e-01 5.374894024330704179e-01 5.214173783893831793e-01 5.291474758896562713e-01 5.263273146973369565e-01 5.319408838309329646e-01 5.215147288929570246e-01 4.994909453657053744e-01 5.177880643302945618e-01 5.317429856062091398e-01 5.318049218495529695e-01 5.312028823365194663e-01 5.264793148222074448e-01 5.163867881438929386e-01 5.236606628885323023e-01 5.360717477689338484e-01 5.262007718537035084e-01 5.400031783755542270e-01 5.382229294420468602e-01 5.378336265715309983e-01 5.332584557370576572e-01 5.349237148789077745e-01 5.265275689197020936e-01 5.396331484486588392e-01 5.316257886075921313e-01 5.298822974427379595e-01 5.306313466212335683e-01 5.388111818845316980e-01 5.298269321804369714e-01 5.272756221191332582e-01 5.153477422253814888e-01 5.086542461957787031e-01 5.321919411940752020e-01 5.277289344310884811e-01 5.265332296103195642e-01 5.212303866380152417e-01 5.255729189950033575e-01 5.269347481883507323e-01 5.233995483482397626e-01 5.278736285334072464e-01 5.213652606972579706e-01 5.306910513245999272e-01 5.200815530455182856e-01 5.188369950708707767e-01 5.231304680130836049e-01 5.306246797278654226e-01 5.280900123364391519e-01 5.260638659009293505e-01 5.247659146679732878e-01 5.380288191051142421e-01 5.324343709075592956e-01 5.377579702622917734e-01 5.382774349687192705e-01 5.394913372020736508e-01 5.327922702608680616e-01 5.354928794394661073e-01 5.425411644345182749e-01 5.337284312583696622e-01 5.444045277993104781e-01 5.380495144348951264e-01 5.461341975670960247e-01 5.410970547961465593e-01 5.424936764444889814e-01 5.373343395693094271e-01 5.338004333679609026e-01 5.390114198361247722e-01 5.352024797684118429e-01 5.383241637567871551e-01 5.386678188059087491e-01 5.418822561009600802e-01 5.394947955496524061e-01 5.394885414990435724e-01 5.353692542025300094e-01 5.444192821879892952e-01
-1.784355720871913867e-02 8.250927812787391125e-02 2.280512363043897262e-01 3.859509395742347637e-01 3.192610428973444714e-01 1.000000000000000000e+00 5.441407611013163725e-01 4.710576947698764672e-01 5.021679377252944443e-01 4.854899984838680349e-01 5.288749331694500011e-01 5.633008942940179731e-01 5.163096947218469568e-01 5.278900538250339558e-01 5.687365619617608115e-01 5.687088445189472097e-01 5.103182611745188391e-01 4.867364664622247372e-01 5.126882898391842414e-01 3.873903251907280798e-01 4.908854895837785892e-01 5.165717984020775644e-01 4.919257562002302131e-01 4.669498573456418167e-01 4.695672489063201227e-01 5.212764240870151333e-01 5.420313001585319590e-01 5.156119847513310761e-01 5.049822053569059666e-01 5.098135040030687959e-01 5.441928826458716228e-01 5.619649519560698803e-01 5.225684587221050004e-01 5.351146021058770241e-01 5.410819172475802574e-01 5.245290574329215527e-01 5.476698636290973088e-01 5.690049365432919837e-01 5.676608734868945350e-01 5.266238607537743199e-01 5.681603130489643050e-01 5.772520017941054071e-01 5.531763965667745309e-01 5.764061042683802372e-01 5.629164551871082001e-01 5.724085301649146640e-01 5.847420872421629223e-01 5.839801719505652855e-01 5.775651303789473001e-01 5.664653995372050943e-01 5.769491889935145501e-01 5.430019323414461141e-01 5.759753340444272451e-01 5.737805334083340147e-01 5.659655584407718987e-01 5.604362975918550926e-01 5.585813787294771071e-01 5.819845152446697645e-01 5.759022434479418306e-01 5.834654591284762493e-01 5.807816235898158874e-01 5.786671331687982534e-01 5.749933334084236236e-01 5.797369911832112033e-01 5.770470310583055706e-01 5.761229532131532105e-01 5.848634424474659088e-01 5.868583680475729647e-01 5.846511731122300271e-01 5.803605885023004340e-01 5.858197817959247544e-01 5.801122564153698979e-01 5.757108402759300025e-01 5.684546179272640387e-01 5.807920684594586325e-01 5.773278700364115057e-01 5.813252601520857432e-01 5.750908475602244385e-01 5.772126085516460225e-01 5.775398942593290563e-01 5.780748288316214234e-01 5.796661290680392709e-01 5.816549359395493113e-01 5.825262225969529695e-01 5.849947409842600754e-01 5.849294911852512824e-01 5.767607453204403045e-01 5.884457136008783840e-01 5.901135700988002775e-01 5.770160399310858557e-01 5.829344252898572831e-01 5.874036751778950460e-01 5.812992826237960431e-01 5.860332329414115193e-01 5.884584109113487616e-01 5.902886882123338230e-01 5.811090641159211145e-01 5.774407436570233587e-01 5.855749284645426211e-01 5.876547989440512598e-01 5.835854251837874207e-01 5.844601852935701336e-01 5.863079352960582913e-01 5.885936357025338683e-01 5.845920386742355923e-01 5.781957294238936340e-01 5.878889735486725332e-01 5.862585180700252696e-01 5.831488201267249760e-01 5.887923532899829171e-01 5.878218190939050736e-01 5.872943162166197606e-01 5.866131727265234685e-01 5.870739082709103274e-01 5.880081422195969632e-01 5.854007460382428807e-01
1.403327770106774794e-03 1.118357129811846512e-01 3.574808681537416377e-01 5.820801419472685367e-01 4.944561826849762642e-01 5.441407611013163725e-01 1.000000000000000000e+00 7.119788007086891302e-01 7.463832683029348880e-01 6.879611904703099023e-01 7.631773481244559232e-01 8.195705094411183111e-01 7.580617625563528250e-01 7.486864770872843078e-01 8.543900263894577130e-01 8.200793705653610655e-01 7.501928155787495056e-01 7.074906709423134377e-01 7.349155910713187634e-01 5.914505957745178621e-01 7.354867305994634563e-01 7.551127549961821339e-01 7.212632413535158271e-01 6.597523854886062633e-01 6.693658047240778064e-01 7.707731270796678302e-01 7.877588208356722799e-01 7.614607370943586862e-01 7.189052051635493878e-01 7.306857483890399907e-01 7.880565864309395652e-01 8.109517866728600533e-01 7.692288993275961939e-01 7.679394260535796768e-01 7.858464929601198801e-01 7.800114570766921718e-01 7.947555542225408498e-01 8.152450353305826791e-01 8.239458413365708944e-01 7.756284410984487510e-01 8.290505511060952681e-01 8.281263046103914949e-01 8.300777329656902070e-01 8.401784581703037880e-01 8.235317806863284851e-01 8.302065059465212338e-01 8.363290137733282448e-01 8.442556676705169627e-01 8.334740113469341072e-01 8.146576600422669179e-01 8.385150025043344169e-01 8.089774767499090524e-01 8.386911001764113527e-01 8.356343999713802262e-01 8.313895770989113698e-01 8.206964882523862803e-01 8.331270310442255855e-01 8.399169101296106721e-01 8.341451757238139697e-01 8.442867263876819850e-01 8.457855750207572409e-01 8.448540253240333087e-01 8.443252626244875936e-01 8.440675877089455215e-01 8.365610063939273866e-01 8.452940153458075034e-01 8.435469688399205301e-01 8.407020637663671359e-01 8.404339221031930096e-01 8.438959042014400058e-01 8.460568195485483889e-01 8.368113468983630066e-01 8.247711420565912999e-01 8.082046554872186483e-01 8.392058459135521842e-01 8.376743675179696424e-01 8.316533516307502705e-01 8.240684309891820325e-01 8.267789684254959193e-01 8.257069479348743135e-01 8.309668573025739136e-01 8.328082959394894624e-01 8.370361105097562371e-01 8.330116557583803205e-01 8.326067573180240267e-01 8.327862978421531892e-01 8.375788825981812513e-01 8.417357270156239357e-01 8.429372424421844867e-01 8.349304454098808170e-01 8.349064428086899747e-01 8.458593612398135342e-01 8.434639744297078856e-01 8.439931013240248303e-01 8.453252870398678676e-01 8.465553738117891358e-01 8.392274374256349923e-01 8.419243012250257063e-01 8.453709825659266874e-01 8.445087309531728037e-01 8.480530327720324779e-01 8.477223028221050338e-01 8.468730190540106895e-01 8.490876221753576036e-01 8.466773846410895477e-01 8.483129693858748599e-01 8.464023567140883664e-01 8.453486682973663235e-01 8.438702042729289143e-01 8.477789491532400357e-01 8.448965332702451647e-01 8.490246349980696827e-01 8.503980669247310775e-01 8.482446532389008587e-01 8.445325530950942294e-01 8.491807169520726450e-01
3.388447991653198519e-03 8.684086821006704870e-02 3.225294236225410560e-01 5.790326936965619620e-01 4.488904599691273534e-01 4.710576947698764672e-01 7.119788007086891302e-01 1.000000000000000000e+00 7.038765893799387996e-01 6.425647148382742646e-01 7.272790187642729220e-01 7.721240937271686144e-01 7.213949101166489131e-01 7.110057444048002440e-01 7.897680000389984967e-01 7.704463074324741090e-01 6.979878163972380589e-01 6.829718960711822495e-01 7.077370658012216431e-01 5.837275635083040148e-01 7.092373283815913698e-01 7.127046715650443565e-01 6.964340810527139825e-01 6.365957846033210021e-01 6.506147048998378590e-01 7.321094447347409329e-01 7.368795097893264812e-01 7.184342736711292199e-01 6.869956738941299657e-01 7.022741368104076232e-01 7.483922108393503692e-01 7.748812163717173629e-01 7.280962540200566213e-01 7.422491732575605683e-01 7.485377300577694681e-01 7.409233866599371776e-01 7.539212171872764490e-01 7.737807369454843265e-01 7.817439498970011336e-01 7.367460102017159285e-01 7.813567998006832882e-01 7.785460598896177808e-01 7.850200720564541879e-01 7.909586332648370632e-01 7.794791527040438872e-01 7.807082881677017694e-01 7.895755928792097533e-01 7.955007812132858236e-01 7.936649013047142320e-01 7.902902124359236780e-01 8.017174201072342354e-01 7.767360524587699766e-01 7.846469567164933157e-01 7.807593302621506082e-01 7.849142915868388970e-01 7.760971304300565698e-01 7.905811436615375332e-01 7.925704446981942652e-01 7.866112928508458557e-01 7.941364429163609850e-01 8.019311571172621500e-01 7.929096812982914244e-01 8.007327987589826224e-01 7.990601843212511435e-01 7.878866126705950101e-01 7.951114189051874392e-01 7.943639128670360039e-01 7.942262059523469420e-01 7.950189733472572406e-01 7.999659954862885503e-01 8.006252702543048549e-01 7.922261059179575016e-01 7.833978117860970203e-01 7.682075208608937222e-01 7.912430752720616134e-01 7.910177290801079231e-01 7.823561339515276991e-01 7.819968332127117394e-01 7.835308469457940017e-01 7.817690102159754462e-01 7.830658224544010393e-01 7.863194161315488762e-01 7.975038117917925273e-01 7.860262924414113117e-01 7.979545445365985312e-01 7.928638610207719983e-01 7.909727422504658767e-01 7.996623152382467126e-01 7.955682576578795295e-01 7.925613954588437426e-01 7.861658262676466391e-01 7.952915948705862048e-01 7.991048092296081373e-01 7.954871823905190764e-01 7.973864039179051622e-01 7.969063581620045023e-01 8.055371334683691931e-01 8.083912757835532981e-01 8.042358879966149399e-01 8.042287445534569423e-01 8.031530485024626076e-01 8.126807017952853984e-01 8.037690811142189640e-01 8.016986319039235420e-01 8.058164230720460397e-01 8.083964234263747439e-01 8.037980008605193349e-01 7.944848816967151617e-01 8.003782720336525269e-01 8.009223814348650494e-01 8.000957493161872103e-01 7.986577383676030095e-01 8.033774790607822736e-01 8.021493740772596137e-01 7.968495053373931825e-01 8.001660684674579693e-01
6.505754884006260952e-02 1.387074258167181884e-01 3.729645121920895923e-01 5.795271838740875259e-01 4.755378154802669122e-01 5.021679377252944443e-01 7.463832683029348880e-01 7.038765893799387996e-01 1.000000000000000000e+00 7.433935041186653381e-01 8.102414391566119534e-01 8.472700652561905299e-01 7.910518485275880307e-01 7.736586543192163212e-01 8.518405573441585332e-01 8.393588564219566228e-01 7.851840144926156562e-01 7.514384408139129778e-01 7.921617443222370714e-01 5.503281275841500619e-01 7.054887478415347024e-01 7.827183270736816079e-01 8.046587348332836509e-01 7.295697389538344790e-01 7.444957687658980694e-01 8.397957877286060802e-01 8.357465509726588193e-01 8.283220575680055875e-01 8.094399383962586070e-01 8.256553378181693548e-01 8.597484390171123980e-01 8.563463776615394263e-01 8.223432929811441694e-01 8.173604137412440185e-01 8.456744645815069683e-01 8.126731069037246291e-01 8.505032953667117646e-01 8.592646137600755685e-01 8.663594719586145132e-01 8.209369634325086595e-01 8.718381107232648919e-01 8.689101956375827607e-01 8.600527957822295955e-01 8.797154701051593806e-01 8.651658663338591682e-01 8.716781609310519929e-01 8.780997515999753311e-01 8.787660962282028976e-01 8.716083991759030480e-01 8.495558771154437805e-01 8.750563815029843706e-01 8.109517105351746746e-01 8.576000848358656947e-01 8.815610776842131013e-01 8.801838921902940260e-01 8.775854615360124678e-01 8.658272606870025534e-01 8.781382633139185323e-01 8.751440017423177675e-01 8.774812434265792938e-01 8.781106290746398813e-01 8.773483695863044662e-01 8.737178642270740925e-01 8.772612070697761721e-01 8.700828542822515166e-01 8.740479310087309051e-01 8.826806332458931870e-01 8.779309429046500135e-01 8.786974446797329863e-01 8.545486358019004358e-01 8.687250643459373256e-01 8.782767593754565727e-01 8.634367530119585465e-01 8.596331318963149615e-01 8.818750106736468197e-01 8.822316187793420861e-01 8.776432962032378882e-01 8.767556682682653424e-01 8.764485424700575456e-01 8.789654478608390775e-01 8.791562123847593835e-01 8.799877497692137895e-01 8.761864256997933254e-01 8.732749398540378127e-01 8.674336916333297287e-01 8.744229421648963552e-01 8.746674918144878852e-01 8.757836987924635386e-01 8.785408761801163369e-01 8.786387836383654504e-01 8.679949350043103529e-01 8.790353226215077420e-01 8.778944505062292736e-01 8.800802499464516204e-01 8.802190561438330008e-01 8.788596903250893710e-01 8.674572406858824802e-01 8.662749629547660257e-01 8.748099098472679191e-01 8.734210309363649172e-01 8.771231548328254357e-01 8.743515489050334155e-01 8.733507912513374105e-01 8.786036726146846387e-01 8.753765361233518671e-01 8.720434411849110612e-01 8.771632189640294897e-01 8.800155206732971358e-01 8.822370833848567351e-01 8.794286095782082313e-01 8.755609824848764600e-01 8.808065442485324414e-01 8.784437012245881471e-01 8.788616964241737772e-01 8.767306255291085204e-01 8.772991069584460400e-01
2.010681154120029512e-02 1.578725472130145246e-01 3.408624300236511862e-01 5.041363607279321091e-01 4.342511107807958126e-01 4.854899984838680349e-01 6.879611904703099023e-01 6.425647148382742646e-01 7.433935041186653381e-01 1.000000000000000000e+00 7.391087381177378068e-01 7.726114795895109300e-01 7.150761710906071711e-01 7.233906556961595680e-01 7.921558307346646677e-01 7.763173956378143226e-01 7.171014375158331067e-01 6.749675504767336243e-01 7.319423964763320800e-01 4.818644361429897383e-01 6.338716594545747984e-01 7.111474593876381256e-01 7.180863079626808032e-01 6.512586578056681619e-01 6.769732747899054326e-01 7.725754796295324356e-01 7.664033992527349293e-01 7.657819495270901111e-01 7.435460445060682044e-01 7.564614157710426445e-01 7.885000138014569560e-01 7.838658378230550783e-01 7.564438541036533348e-01 7.446087582312095332e-01 7.764198789256334665e-01 7.411240983692629625e-01 7.813909028132003387e-01 7.934235943372984767e-01 7.952167232038340750e-01 7.574541337333605684e-01 8.057540104714374651e-01 8.055480716463695456e-01 7.816090320782554945e-01 8.082115778267652262e-01 8.003504003119327193e-01 8.013450546098729310e-01 8.174514544362516677e-01 8.180226790730141806e-01 8.129770719719648930e-01 7.826401783434222548e-01 8.071352698413143401e-01 7.279114978163131466e-01 7.946941147166307617e-01 8.155502122840697643e-01 8.105705556057258843e-01 8.090192354218314064e-01 7.889564674492463014e-01 8.104738882424527002e-01 8.150914191151371613e-01 8.120127773020060502e-01 8.069802213014366510e-01 8.095623056462343259e-01 8.002304714027939081e-01 8.051731621072863998e-01 7.999227721533972435e-01 8.020566471120151864e-01 8.149151656312022540e-01 8.104600143280503710e-01 8.072807674750324125e-01 7.821225290641651284e-01 8.025730290528719779e-01 8.098846839183471147e-01 7.900912456297075614e-01 7.939020639286332726e-01 8.138600817139209909e-01 8.149102834546851915e-01 8.154441109112620101e-01 8.104207020621094770e-01 8.111947673901738209e-01 8.138272477191456078e-01 8.116443235839841952e-01 8.142731911523038990e-01 8.075390652552147941e-01 8.078615373052923099e-01 8.012286363925276156e-01 8.049424027006629734e-01 8.098213215388717634e-01 8.119282423337231824e-01 8.145310257950734156e-01 8.123982920076067149e-01 8.090176621598991202e-01 8.134378062731677517e-01 8.104567246058164143e-01 8.164379252805512577e-01 8.161609709476790320e-01 8.157149784590341790e-01 7.989991359757536715e-01 7.943201162685100680e-01 8.076912055400524704e-01 8.095559470080371245e-01 8.061858397600200066e-01 8.047778435014737441e-01 8.058148497479906691e-01 8.111243371253483714e-01 8.026556211607467350e-01 8.012012305513502852e-01 8.123830266999487737e-01 8.162588275412663297e-01 8.140988437127061328e-01 8.154748322968797813e-01 8.119275126147751376e-01 8.152745230515032748e-01 8.119953682679942331e-01 8.106751720912929171e-01 8.084180927037933895e-01 8.072227549768944410e-01
1.449345348255062955e-02 1.275991257559231096e-01 4.045083264654862343e-01 5.994477447252004598e-01 4.874721146345227241e-01 5.288749331694500011e-01 7.631773481244559232e-01 7.272790187642729220e-01 8.102414391566119534e-01 7.391087381177378068e-01 1.000000000000000000e+00 8.759809114674407260e-01 8.038461220531706308e-01 8.012642748215634825e-01 8.758902775655910133e-01 8.611183669883819558e-01 8.074776336396456422e-01 7.712707259293117845e-01 8.141880765778269913e-01 5.597015272925829343e-01 7.221668028796252026e-01 8.066294357907156654e-01 8.226170535895741542e-01 7.508093726752228525e-01 7.761020568870521386e-01 8.607883930000366224e-01 8.616104022718911182e-01 8.577184582750211339e-01 8.384817964643388466e-01 8.547153002618351758e-01 9.007436962758036403e-01 8.822475514971904742e-01 8.576278047982465180e-01 8.551487000072546252e-01 8.764696649403155293e-01 8.456618876417577590e-01 8.872787713018198685e-01 8.883437554107667111e-01 8.967094285751342486e-01 8.557378965202343535e-01 8.986052692541613984e-01 8.948617859473717573e-01 8.790866667860258721e-01 9.000272146810265328e-01 8.951904176096290300e-01 8.956293260173772142e-01 9.016947479163734958e-01 9.029774612702606840e-01 8.948785064580609960e-01 8.737442766487835133e-01 8.968353267617473756e-01 8.272805082955357880e-01 8.816991692758604504e-01 8.978907670571611987e-01 8.943953493437766245e-01 8.990730843555163609e-01 8.756366935815523833e-01 8.990140782588206259e-01 8.969402069280560941e-01 8.960853971857385414e-01 8.954568612310912501e-01 8.942872040442947368e-01 8.896863310658041923e-01 8.945737770005794953e-01 8.913681335992377219e-01 8.924890395819201627e-01 9.066576688145105978e-01 9.037057425242009945e-01 9.066861490767282872e-01 8.769104165664416417e-01 8.966579634249558506e-01 9.047241142568471783e-01 8.907649488406654825e-01 8.917700560769202811e-01 9.104689541678752107e-01 9.077959780855899830e-01 9.056171453191776965e-01 9.053271899296193581e-01 9.062408953376026588e-01 9.088670372564258138e-01 9.135542916338280639e-01 9.118630821013649079e-01 9.056195779851237138e-01 9.087246197177558660e-01 9.052231741246256069e-01 9.066657457811710952e-01 9.082256458901117879e-01 9.079593202627402881e-01 9.077672647371199943e-01 9.109604884995590179e-01 9.042747784500182462e-01 9.074891155998285885e-01 9.072538128289601156e-01 9.079901633948740391e-01 9.049879329089288715e-01 9.052588447239624525e-01 8.978694046399295914e-01 8.860368587839816401e-01 8.997638979335822462e-01 9.028578426880154995e-01 9.028466365448928332e-01 9.011856124931945100e-01 8.972051477977588396e-01 9.050406391738160528e-01 9.012526267968370419e-01 8.973753016926637738e-01 9.044208390804084896e-01 9.065723805328020912e-01 9.100690089019596307e-01 9.043320956311989844e-01 9.050704346619015128e-01 9.034804303424458505e-01 9.032967002888175889e-01 9.030289022160042922e-01 9.005045653872291167e-01 8.983288189735352258e-01
1.750989226321652756e-02 1.270104844700793156e-01 3.936360013553351078e-01 6.672588634594962542e-01 5.217474853755545983e-01 5.633008942940179731e-01 8.195705094411183111e-01 7.721240937271686144e-01 8.472700652561905299e-01 7.726114795895109300e-01 8.759809114674407260e-01 1.000000000000000000e+00 8.531402296157916121e-01 8.441691652116209976e-01 9.274011492372933319e-01 9.146403353774382738e-01 8.444949798470348101e-01 7.907924943330978396e-01 8.281218076833707364e-01 6.582263676492884352e-01 8.062978626668362292e-01 8.427562422254680774e-01 8.293470863137245574e-01 7.500143330164463773e-01 7.616185577314713573e-01 8.742785436841860047e-01 8.917212469195148206e-01 8.662023132586382790e-01 8.314216112282215576e-01 8.504169196241405659e-01 9.102958305586946741e-01 9.128953134720130258e-01 8.722454341056544713e-01 8.739310916806815044e-01 8.959210834429626180e-01 8.836506136920426746e-01 9.018472237551514725e-01 9.167108127509299154e-01 9.287673221042360705e-01 8.686098735268590332e-01 9.344202643308733292e-01 9.287817182063979882e-01 9.281295114514931388e-01 9.448446881085370563e-01 9.291854068981987291e-01 9.343964015874032247e-01 9.447673502855938876e-01 9.465858476344053418e-01 9.385876345768234819e-01 9.178615063156286835e-01 9.413864808528523698e-01 9.012408748957164706e-01 9.388454004494629634e-01 9.395315472482562713e-01 9.328057897887701566e-01 9.274489740553512052e-01 9.341387564839840341e-01 9.415558182986445424e-01 9.353959262174965650e-01 9.490609216259858760e-01 9.512027172136120479e-01 9.459324010827767637e-01 9.434536669691531152e-01 9.503756108743849351e-01 9.480135886266627399e-01 9.517836798254345476e-01 9.489098691314089562e-01 9.427458488897400013e-01 9.460566100556220270e-01 9.413651186870639620e-01 9.412242390777570966e-01 9.412600460067181984e-01 9.287077994777384049e-01 9.124093001682281878e-01 9.448430654476310808e-01 9.443984622068769541e-01 9.373530001589641669e-01 9.373067481400509937e-01 9.351057561776866534e-01 9.364494044937028416e-01 9.401923002528117523e-01 9.424718745405746834e-01 9.454300544031524201e-01 9.426984930665509577e-01 9.375406114713461525e-01 9.398195394766336586e-01 9.416616523803819083e-01 9.439788987316954927e-01 9.467850202863826725e-01 9.395891549441269808e-01 9.371333972306549187e-01 9.474572161793536340e-01 9.467833602011455074e-01 9.479477914835070518e-01 9.483705313814304594e-01 9.494641034549673453e-01 9.370095149638160148e-01 9.433008146876580291e-01 9.475505036987647012e-01 9.459322689561373565e-01 9.495527700537017557e-01 9.485528823855000624e-01 9.490620031735235163e-01 9.513132949727617360e-01 9.511945250250789519e-01 9.458046255286393089e-01 9.482219119754800030e-01 9.473266097637803584e-01 9.470993171056862892e-01 9.493040913082533283e-01 9.458803673862123951e-01 9.516242002598490624e-01 9.504655530892855975e-01 9.521713693370039699e-01 9.512084944652421381e-01 9.539177130468705634e-01
1.310556794175174455e-02 1.327469433383288433e-01 3.601107712335639421e-01 5.865991607906690941e-01 4.966846926486112035e-01 5.163096947218469568e-01 7.580617625563528250e-01 7.213949101166489131e-01 7.910518485275880307e-01 7.150761710906071711e-01 8.038461220531706308e-01 8.531402296157916121e-01 1.000000000000000000e+00 7.932710585528655045e-01 8.686917918674500472e-01 8.531575587738284838e-01 7.637751120408845518e-01 7.170036175325475991e-01 7.578323602842271800e-01 6.051193786391056983e-01 7.181862144986946861e-01 7.590003311692957721e-01 7.556471115656202553e-01 6.746874228309993615e-01 6.887655326880477435e-01 8.128985252832083841e-01 8.237626195221116054e-01 8.027140070285448958e-01 7.739369943863747547e-01 7.910933500632264526e-01 8.419483413907625780e-01 8.349594465783956032e-01 8.016325253901477321e-01 7.882770317680711791e-01 8.243310615743292269e-01 7.975765044474426579e-01 8.279892187040966967e-01 8.427966170591584261e-01 8.602615053657607369e-01 7.988148718585241781e-01 8.665444058811705430e-01 8.690054719815784035e-01 8.602398753382651808e-01 8.796557346085580598e-01 8.568020943938169376e-01 8.784100742398986972e-01 8.796138012826819619e-01 8.826590378582506169e-01 8.690630195777601097e-01 8.457465286849094044e-01 8.664749588969136163e-01 8.367663622727256056e-01 8.730372431890029983e-01 8.762930945019870022e-01 8.689175434965573652e-01 8.610034890058811952e-01 8.578895059127901179e-01 8.757528226532838023e-01 8.692870935286340917e-01 8.854169753122154152e-01 8.831032127177237401e-01 8.778411481423860074e-01 8.735241910029788448e-01 8.804575804272292139e-01 8.759887948430371551e-01 8.827378290106616676e-01 8.805229922477737503e-01 8.761209633071687097e-01 8.780782118017735893e-01 8.736586191058393069e-01 8.723185693655198802e-01 8.709991991358309038e-01 8.555191834626110214e-01 8.446121291998518466e-01 8.802031388401700962e-01 8.798193937907538009e-01 8.741122549060390545e-01 8.725065898148058885e-01 8.733550331921474674e-01 8.730882618620914304e-01 8.722004541513779241e-01 8.790531692041136935e-01 8.731959787226537539e-01 8.750141444227544918e-01 8.703475077723880071e-01 8.703724682020771430e-01 8.705541744336409149e-01 8.808095687449640776e-01 8.817958835804411422e-01 8.738859510536794994e-01 8.724782502541342799e-01 8.850324851536321979e-01 8.826778947967719446e-01 8.834171987088090816e-01 8.864644450977113843e-01 8.857588028711858019e-01 8.749381845286018367e-01 8.816359206854630370e-01 8.869355700429858436e-01 8.826272030327915186e-01 8.868350798490596265e-01 8.854584398092503195e-01 8.886115263992437896e-01 8.873810274860273184e-01 8.855150151544545212e-01 8.813052552012438090e-01 8.847827995009655000e-01 8.861803456051139394e-01 8.841801728615634737e-01 8.858898962639025765e-01 8.837091519670259299e-01 8.886690968668331525e-01 8.865283180710878952e-01 8.886627447953665548e-01 8.842543766513518699e-01 8.895598629336108898e-01
