1.000000000000000000e+00 2.537283431609205775e-01 2.075492241438268992e-01 -5.544847034003956565e-02 2.487375423086301066e-02 2.188397411460163075e-02 -1.162329984341445160e-01 2.154852069555125357e-02 1.810782977887468448e-01 1.296093153535097242e-01 1.236211252445140324e-01 7.348939924505785808e-03 5.528871281594836297e-03 1.572211220970390691e-02 1.949981735912083292e-02 3.036668987620039575e-02 1.215385908165369094e-01 2.624769247981729725e-01 1.951395414539779938e-01 -6.245569646708881706e-02 1.863489336892073800e-01 2.101564482203704953e-01 2.408514782468192117e-01 2.640058203809871329e-01 1.970253277620539756e-01 2.022781790770783461e-01 1.981083147393999933e-01 2.082059579283601913e-01 3.070039470404076209e-01 2.442987403560568371e-01 2.061816482029224240e-01 1.547889492067652251e-01 1.680272870293137710e-01 1.641957355023236365e-01 1.860762565771427735e-01 8.176072926689549603e-02 1.648066946210358930e-01 8.558573973393256151e-02 9.161323505738352968e-02 2.734308861499744336e-02 5.101043871529291340e-02 4.739150054350396019e-02 2.057084327218933542e-02 5.334251408362557234e-02 7.716103650991143481e-02 6.942016153176483462e-02 8.317489049489259004e-03 4.594303761046383827e-02 8.168626858622973774e-02 1.039445679027863750e-01 7.105590748311253757e-02 8.317902813937735895e-02 4.295617815126549083e-02 8.286621917980785401e-02 9.799155648980549527e-02 8.603997783437215829e-02 1.093363753923557030e-01 4.374810701128578616e-02 5.323377125340233301e-02 4.303467184334088674e-02 4.089340518522258106e-02 4.284832293922387347e-02 5.816086293245289335e-02 4.173669346527290880e-02 7.192958560905517162e-02 7.562328590952077656e-02 5.338548755686691599e-02 7.909171575907246454e-02 9.345608150689815874e-02 1.927137385240287534e-02 7.672158279668003789e-02 7.897154686164613302e-02 9.759856178838149932e-02 8.925356040035933858e-02 6.677407705320721754e-02 6.649922377651668048e-02 6.817238025446843708e-02 1.366138616840230358e-01 8.651403591218113920e-02 1.107294807715296647e-01 9.944126561595900693e-02 8.778488668420039720e-02 7.336143813842262162e-02 9.589221573177149349e-02 6.066714673345271341e-02 6.151758006565025833e-02 5.676383646529572363e-02 3.522781348774983029e-02 4.100403457480095853e-02 6.064334083164175937e-02 2.760493848079688742e-02 1.179208826790482771e-02 2.251867942090437710e-02 2.567429736992249412e-02 1.121174483233438463e-02 2.119442898158292038e-02 4.962910500238399553e-02 7.388942691932999518e-02 1.478369429969997317e-02 2.224581735123618009e-02 -5.706819631034661285e-03 3.604818807533618358e-02 2.441068706464554969e-02 1.482030293214812479e-02 3.865211985412992518e-02 7.166091397051051193e-02 5.206555458423604149e-02 2.221513935947105889e-02 4.494471994958858241e-02 2.552132270071266057e-02 2.415080500130608113e-02 1.643856743277732554e-02 2.345934261406273577e-02 4.103300454210052212e-02 5.341389915128434696e-02 4.005903148506400474e-02
2.537283431609205775e-01 1.000000000000000000e+00 1.487048743865772571e-01 1.400142011192057230e-02 1.189879565400885908e-01 7.994363747836234768e-02 7.323735340292546192e-02 1.268566360612213284e-01 2.172369460293875898e-01 2.257823292209842903e-01 1.843381581171674999e-01 1.123431452350791698e-01 1.190608970630797347e-01 1.143656112462508589e-01 1.462299663699419550e-01 1.382352545642860919e-01 1.841225281587922091e-01 2.451186743000966228e-01 2.209495308077940312e-01 2.843732857319847609e-02 1.743290637448357272e-01 2.286957383775583830e-01 2.282532636838017215e-01 2.434071760708561016e-01 2.116606867139504411e-01 2.199960441252712395e-01 2.196486654695458673e-01 2.448666096370740730e-01 2.893914893982869052e-01 2.406298715802786814e-01 2.286429410506591875e-01 2.124910212680845012e-01 2.033725971705668267e-01 2.140645352633972487e-01 2.175319353760912788e-01 1.534939763949381419e-01 2.115142475497141239e-01 1.916707927928953115e-01 1.794143864990374315e-01 1.419819639353256113e-01 1.568986658035977366e-01 1.594826678253047081e-01 1.415997899806885341e-01 1.569948918018680972e-01 1.643127529558622568e-01 1.754646909312100045e-01 1.358213381825939536e-01 1.616012487413951981e-01 1.685344047556764646e-01 1.570793122670100239e-01 1.679199107624830822e-01 1.330996987602540427e-01 1.439131752629094207e-01 1.844696235751444313e-01 1.832171637915316065e-01 1.805912569837954951e-01 1.638395172107213194e-01 1.582528796419911121e-01 1.716534865704939239e-01 1.545376261658027717e-01 1.460883349099472150e-01 1.575131679021163911e-01 1.633132096054836224e-01 1.458313371845147144e-01 1.670432442548785423e-01 1.716246786936033719e-01 1.584344912302016462e-01 1.696029404602302504e-01 1.782503909053396451e-01 1.305667855693332657e-01 1.629144943219009711e-01 1.716636624369970998e-01 1.747740526720424625e-01 1.702701148289104405e-01 1.679657344071559810e-01 1.663214780607050469e-01 1.716143806111054548e-01 2.103453553137336063e-01 1.761496888260851434e-01 1.909679815991509044e-01 1.794200916840778259e-01 1.758645305666507452e-01 1.644472464829078995e-01 1.822029169530247072e-01 1.600135041275348446e-01 1.623593720314202293e-01 1.592126206214720674e-01 1.545365052188750199e-01 1.523113123946441549e-01 1.700607891954208917e-01 1.446062007916031900e-01 1.359358859193598723e-01 1.440504173183722314e-01 1.467032970982841689e-01 1.375450635400785881e-01 1.436806430626479392e-01 1.344697286012768445e-01 1.443892793060999880e-01 1.302544727818884529e-01 1.364499098804592414e-01 1.243844648482307774e-01 1.450552073348200244e-01 1.380783303376050819e-01 1.319741769042817037e-01 1.371506652850788821e-01 1.596432481937952175e-01 1.493290558228425047e-01 1.483682892883472493e-01 1.598775907851001654e-01 1.433735037919159905e-01 1.489882128434193431e-01 1.375442789824627976e-01 1.430474173584038722e-01 1.451026276293285455e-01 1.562702341721923516e-01 1.424956999427680338e-01
2.075492241438268992e-01 1.487048743865772571e-01 1.000000000000000000e+00 2.998484601896760915e-01 1.765990906854442433e-01 2.652958514067084717e-01 2.784798591559479175e-01 3.012302595880095302e-01 4.128825446628043294e-01 3.635911420638662239e-01 4.249612492722293910e-01 3.950448390654108799e-01 3.158685305900358897e-01 3.218399759168582008e-01 3.893452275732021683e-01 3.944723567020910759e-01 3.882268165622069778e-01 4.881668096055751249e-01 4.641363576290375992e-01 2.711531292313859032e-01 4.528195152662991552e-01 4.775960757975468152e-01 4.766154421423052234e-01 4.987247670702944502e-01 4.702128207076077815e-01 4.803005364521704679e-01 4.638578959562884574e-01 4.550056630338939478e-01 4.688580069571005593e-01 4.914936045959700794e-01 4.870275764932354701e-01 4.746791501278488923e-01 4.536948419797010024e-01 4.639819510536680180e-01 4.673061851009384093e-01 4.045948611597915412e-01 4.594693693950349656e-01 4.205452464160323589e-01 4.313948117766229773e-01 3.905675564268710209e-01 4.169772671789394036e-01 4.027709599360447812e-01 3.959990320070777003e-01 4.116848216624330870e-01 4.352206374860618787e-01 4.141130624897000900e-01 3.876172120328548187e-01 4.068852842425307870e-01 4.181268568598950908e-01 4.111722120563862659e-01 4.093384379316548083e-01 4.049397500720742227e-01 3.961796242085370290e-01 4.252104530647274339e-01 4.298956210221724361e-01 4.286294635006052678e-01 4.213109810913436837e-01 4.046153595220056132e-01 4.085742656901076297e-01 4.042688340211107456e-01 4.039007073903796985e-01 4.072804706154526388e-01 4.069627836464832504e-01 4.035897427442420304e-01 4.171211425026961073e-01 4.194943182368301993e-01 4.156338084586512771e-01 4.231557886539445423e-01 4.407741716708716284e-01 3.998750288033413591e-01 4.278577575194391636e-01 4.275201741167490854e-01 4.470040371392139389e-01 4.341390788451633953e-01 4.216489019796852422e-01 4.233183174842395924e-01 4.216569813100178865e-01 4.423899164130232209e-01 4.288526394307116130e-01 4.431833759290173536e-01 4.354198701772174496e-01 4.313996980586657926e-01 4.279066137270027825e-01 4.299336735576324009e-01 4.151744258072532223e-01 4.218933857664481923e-01 4.184013398157333530e-01 4.069686946260529514e-01 4.090885081767543507e-01 4.249842761583499939e-01 4.025161220004293550e-01 3.944421750051691489e-01 4.049653422287259330e-01 4.005077823041873208e-01 3.933930178342022743e-01 3.960602718072089301e-01 4.018123038829600757e-01 4.011240685435818465e-01 3.902202203509299028e-01 3.954436248525499131e-01 3.848350550183219920e-01 4.000590402312561022e-01 3.921747761517915265e-01 3.894080699662740286e-01 4.014802654541210769e-01 4.146976069440541091e-01 4.035251978127034067e-01 3.959691371768190860e-01 4.086740917956506181e-01 3.937082068273671798e-01 3.951800093380376522e-01 3.925984939569022170e-01 3.951031302577828752e-01 4.043494180835393026e-01 4.137262836204855243e-01 4.041680343316070290e-01
-5.544847034003956565e-02 1.400142011192057230e-02 2.998484601896760915e-01 1.000000000000000000e+00 3.235307868185053892e-01 4.267689678238945628e-01 5.648724600397680984e-01 5.386898191014894977e-01 5.011070289003505263e-01 4.513573157081750553e-01 5.529909643882052750e-01 6.445545036310788012e-01 5.469014985977608267e-01 4.947607672464424122e-01 6.150810573016142202e-01 6.230244734859320399e-01 5.342324314525244144e-01 4.676932125360497294e-01 5.044261408242147748e-01 5.426201510527549621e-01 5.658264674679734929e-01 5.177072067523126320e-01 4.594992025749281006e-01 4.573331948633144739e-01 4.997469127570512426e-01 5.283318790680094912e-01 5.063784423748498575e-01 4.801566170021510094e-01 3.779649596624599095e-01 4.734203859345285093e-01 5.268988638880764963e-01 5.810981775616481659e-01 5.054360327857843060e-01 5.641315980669177055e-01 5.249548276707663996e-01 5.904200689473386721e-01 5.470210723707068512e-01 5.779914705161578459e-01 5.977027783333076494e-01 5.892986723566620011e-01 6.040105778650396440e-01 5.935687709496033637e-01 6.175721918915557662e-01 6.246100334965651868e-01 6.071976207426338368e-01 5.862954844203226434e-01 6.153977252596001257e-01 6.057336728056400554e-01 6.067071150728563511e-01 6.045066554592125607e-01 6.083875591356538992e-01 6.062207043758942593e-01 6.301292999946885853e-01 5.945075709108842421e-01 5.889190154436754199e-01 5.827588120092743740e-01 5.925907516785638984e-01 6.073320415985836718e-01 5.939732545064759783e-01 6.222930977709044686e-01 6.275186646635062537e-01 6.174152421835187310e-01 6.110008378689804065e-01 6.257026336506170683e-01 6.083617449256802923e-01 6.083858191198305843e-01 6.103067221383611241e-01 5.920419163930913387e-01 5.972065805685881079e-01 6.393917661646698614e-01 6.087491078390692145e-01 5.941473411060783638e-01 5.944011427590953911e-01 5.962811135133745388e-01 6.039034777722660507e-01 6.005844464299990859e-01 5.898899274448845542e-01 5.531930816448402677e-01 5.879901192312759761e-01 5.719926484513657705e-01 5.833274107959292021e-01 5.902704998649205281e-01 6.044178973603386851e-01 5.788128717258921307e-01 6.070245765982450470e-01 6.084528841085640183e-01 6.072916772894494386e-01 6.137532136574553876e-01 6.122325936502347465e-01 5.998152988833577171e-01 6.089665770090679775e-01 6.218636999387620046e-01 6.242942909884235947e-01 6.124177385445197519e-01 6.238906353047151132e-01 6.178568424230319600e-01 6.238455776315557921e-01 6.218844813308125330e-01 6.303131400231501980e-01 6.284067868908050913e-01 6.367011585668023166e-01 6.252487607885507392e-01 6.299020700511344106e-01 6.339738728189890926e-01 6.298163016612904341e-01 6.130173323685400577e-01 6.196016013088886387e-01 6.095158226037241667e-01 6.055259063121304353e-01 6.261191186032243339e-01 6.157251877418580266e-01 6.290518466026522315e-01 6.253823274038166069e-01 6.280317761398936938e-01 6.163282055457487418e-01 6.245132707376885861e-01
2.487375423086301066e-02 1.189879565400885908e-01 1.765990906854442433e-01 3.235307868185053892e-01 1.000000000000000000e+00 3.077286071508424370e-01 4.394630178851793301e-01 4.563209857210008269e-01 4.074551455638389386e-01 4.088588316526818867e-01 4.476953564242975303e-01 4.842477510567764765e-01 4.504680941967272312e-01 4.039181792542836935e-01 4.979473007080912894e-01 4.657540079706460334e-01 4.251404438826741350e-01 4.046258947767230607e-01 4.370859628329268332e-01 3.742979059447150703e-01 4.448564150162532815e-01 4.298977714158648267e-01 3.884107221806571419e-01 3.974822851371876964e-01 4.012238406844794714e-01 4.297297031118488819e-01 4.242000338385668590e-01 4.239475248526892170e-01 3.508504217676841619e-01 3.912351940265346162e-01 4.192631741964428227e-01 4.661265947471689430e-01 4.140741421949797330e-01 4.437043708038342360e-01 4.390298810172882371e-01 4.585978343233989007e-01 4.468650407757159271e-01 4.564905143341091986e-01 4.639680370164680490e-01 4.638606024680032580e-01 4.769424229093589540e-01 4.735120036850112291e-01 4.991800875282860761e-01 4.862126334370965308e-01 4.740823073521851505e-01 4.705601085819139939e-01 4.806496475884474151e-01 4.716464502053589469e-01 4.754304791364653004e-01 4.660622826270828245e-01 4.853655462354311556e-01 4.710680505227908266e-01 4.837641399762805938e-01 4.718788245240290169e-01 4.734273742893067016e-01 4.652898935971749861e-01 4.535562690977705258e-01 4.830302741645071674e-01 4.745103752367956784e-01 4.878921139956909347e-01 4.899331859121502930e-01 4.796491721809039710e-01 4.693768231995157358e-01 4.711722590037938918e-01 4.723469704643206146e-01 4.791430639635997912e-01 4.770512953717732652e-01 4.749988522856936624e-01 4.729054804253111088e-01 4.882372367032701277e-01 4.785372787412550677e-01 4.740398361160707008e-01 4.705470484853593871e-01 4.683009118421136430e-01 4.792577643015998312e-01 4.678324928343892686e-01 4.603286104806351142e-01 4.497428248444966803e-01 4.668243589085422363e-01 4.609484289362337783e-01 4.630815685862164077e-01 4.652841334104044213e-01 4.631167056129293358e-01 4.622947201138630224e-01 4.738115385962631820e-01 4.730783002577175766e-01 4.741909323976487012e-01 4.769904786230127480e-01 4.727809655492926089e-01 4.688307496931063967e-01 4.761025821339699426e-01 4.813889177665883201e-01 4.798746588464363194e-01 4.813642296108766039e-01 4.830254308618510128e-01 4.783249349272630235e-01 4.800287518952706667e-01 4.758203064404650795e-01 4.824398365007547262e-01 4.815082302880777654e-01 4.876008450517221315e-01 4.813122124388431455e-01 4.798044093164493540e-01 4.894081292641158099e-01 4.792981057019188307e-01 4.759996080225739057e-01 4.778734996596682993e-01 4.783898682408339598e-01 4.798676606243992282e-01 4.808842966749151127e-01 4.831961701882988569e-01 4.828823516215271505e-01 4.856171654003523241e-01 4.766626570524492568e-01 4.753168702650599764e-01 4.814047009301804514e-01
2.188397411460163075e-02 7.994363747836234768e-02 2.652958514067084717e-01 4.267689678238945628e-01 3.077286071508424370e-01 1.000000000000000000e+00 5.210066162447108962e-01 5.175819730861760393e-01 5.465451558259590836e-01 4.966268374197372881e-01 5.749761661499530607e-01 6.137686830800817006e-01 5.376475249224128561e-01 5.134496549709148816e-01 6.027157477352422799e-01 6.010890004333886427e-01 5.628225828476226544e-01 5.516430159193204119e-01 5.779340047842589367e-01 4.385151735575498200e-01 5.804931020407640974e-01 5.910600447468948859e-01 5.692835167499279425e-01 5.448605433326497716e-01 5.843985595099620012e-01 5.919278579936119167e-01 5.705303340471664653e-01 5.761612088271316212e-01 4.971991729006200456e-01 5.578235208144438628e-01 5.886348752152337216e-01 6.159835306601506577e-01 5.897170535826478099e-01 6.050087402803202563e-01 6.016152676127216603e-01 6.139953936689439562e-01 6.153109121183536478e-01 6.122804511611696920e-01 6.288042219569065505e-01 6.176532564659892310e-01 6.306492736625832762e-01 6.257794899321839077e-01 6.255964230272434978e-01 6.333878680806991346e-01 6.346953883798874818e-01 6.207994501557558831e-01 6.271585961322688751e-01 6.250222380417325141e-01 6.136470539201985819e-01 6.122742458318309877e-01 6.230962891627040978e-01 6.208143969677524243e-01 6.230169902860464015e-01 6.163128807824066469e-01 6.156255846371174734e-01 6.202891643005941091e-01 5.947041487569039164e-01 6.223861999104820519e-01 6.171160043126563410e-01 6.251951555134115379e-01 6.282017695113125688e-01 6.181218755087695138e-01 6.113542645690251964e-01 6.200975621330491183e-01 6.263527181587780213e-01 6.196496718455022368e-01 6.299527778606874850e-01 6.243815322827755976e-01 6.339424489144119823e-01 6.261759342949231311e-01 6.335334964308645400e-01 6.300641483245216223e-01 6.267202081738069142e-01 6.291850130688569909e-01 6.301403031944580180e-01 6.286416903341218720e-01 6.226125694731717841e-01 6.064252497919203622e-01 6.245245426202353789e-01 6.174644963554110078e-01 6.250545193192510451e-01 6.246563421908819524e-01 6.348129514183222799e-01 6.264896800780562769e-01 6.329208988616117360e-01 6.339503491540531277e-01 6.383809169601761813e-01 6.318142847957674002e-01 6.335106490957882475e-01 6.303528714724296877e-01 6.357477775085272897e-01 6.320566522433016532e-01 6.357336889864623197e-01 6.321103384865170982e-01 6.310325102950234966e-01 6.300688694327244432e-01 6.272627101767394020e-01 6.144254375193303197e-01 6.280798290430974484e-01 6.341541629315946560e-01 6.355710976953798941e-01 6.276680820318107923e-01 6.267301983350563876e-01 6.330013326804746487e-01 6.329957343584374785e-01 6.168501129320614895e-01 6.243063245375610748e-01 6.269883375951956772e-01 6.295771959997508160e-01 6.279806037993336254e-01 6.294490681247698616e-01 6.277425651486143732e-01 6.265353935553384934e-01 6.293293490279963098e-01 6.273101277811135024e-01 6.271071877320787413e-01
-1.162329984341445160e-01 7.323735340292546192e-02 2.784798591559479175e-01 5.648724600397680984e-01 4.394630178851793301e-01 5.210066162447108962e-01 1.000000000000000000e+00 7.000901435183787269e-01 6.549010053918122853e-01 6.293501588820962223e-01 7.014915987576939571e-01 7.737260747189329546e-01 7.071149001646218624e-01 6.619928518142783602e-01 8.314438537260930850e-01 7.889570361105128216e-01 6.853542889831553131e-01 5.874795731120719955e-01 6.607992988249695721e-01 6.147665584374876202e-01 6.425479201040329436e-01 6.524347471163823853e-01 5.606120824557747628e-01 5.474014710600416667e-01 6.295616774761769729e-01 6.818032920046523948e-01 6.575620917680542465e-01 6.634633386931854115e-01 5.307452697443261203e-01 5.967747898390832750e-01 6.700232028303156895e-01 7.196173389695911249e-01 6.790092560766253227e-01 6.966160950632193094e-01 6.751354071302378967e-01 7.381221064397074372e-01 6.962807010439818756e-01 7.697565193032840369e-01 7.745536604266641811e-01 7.688520682453992006e-01 7.869405151869443005e-01 7.925276390545716865e-01 7.933986882239559835e-01 7.972553939114255250e-01 7.741091897457341720e-01 7.812759885358859790e-01 8.081896254060233487e-01 7.951076785601909336e-01 7.637800013870419402e-01 7.447039386745123446e-01 7.784711211840299461e-01 7.553891523023612553e-01 7.771619457360898764e-01 7.769728844266762247e-01 7.597361421717645502e-01 7.700668682006528432e-01 7.431602406453770016e-01 7.924091196235119039e-01 7.832681000176294761e-01 7.997109194452597380e-01 7.971009882508741651e-01 7.917757908889022644e-01 7.779760933567927417e-01 7.922093588424889976e-01 7.812440614484860157e-01 7.761210040764885409e-01 7.962650212429537300e-01 7.783528777093119411e-01 7.644465665815585176e-01 7.973709846422043501e-01 7.769050414757412426e-01 7.764646875444053409e-01 7.510441856264962190e-01 7.613373588678407078e-01 7.862739636142840327e-01 7.829137067711041675e-01 7.821514220551022412e-01 7.351062885911946454e-01 7.726258865291038003e-01 7.461440109646052532e-01 7.560207897454102044e-01 7.691025174005492460e-01 7.810830478621163531e-01 7.638470210405003957e-01 7.842332780815108872e-01 7.881636111913665754e-01 7.834558689557851174e-01 8.073919791835169057e-01 8.014595911672169892e-01 7.911110571291669613e-01 8.009502650179364247e-01 8.124754130110146688e-01 8.044251740906227521e-01 8.066049016620766565e-01 8.121447710136591169e-01 8.074699172786196089e-01 7.923830145484799248e-01 7.737286662987193919e-01 8.092129876668896493e-01 8.124147731864483912e-01 8.234428894306222713e-01 8.049394361488705352e-01 8.011691717927841294e-01 8.128728379506173773e-01 8.009104002376031817e-01 7.831898999183886101e-01 7.930251215182637647e-01 8.044985725865750892e-01 7.984955207755145556e-01 8.083581573434949208e-01 8.112128467761903217e-01 8.123104827536850037e-01 8.100053955090268376e-01 8.043012958151650738e-01 7.949886559000260977e-01 8.004426999183817948e-01
2.154852069555125357e-02 1.268566360612213284e-01 3.012302595880095302e-01 5.386898191014894977e-01 4.563209857210008269e-01 5.175819730861760393e-01 7.000901435183787269e-01 1.000000000000000000e+00 6.649923636310293151e-01 6.167746070863040497e-01 6.978400233829733512e-01 7.454235992141211575e-01 6.741399048692159335e-01 6.142977977990091709e-01 7.724919876616169745e-01 7.769540584000304007e-01 6.681904465968270257e-01 6.265986861607589775e-01 6.727397920751212457e-01 5.603209859214424160e-01 6.712377222936384280e-01 6.697415630568791522e-01 6.006249958437546166e-01 5.842752768310678357e-01 6.267623628358919285e-01 6.950653028817947998e-01 6.738845785113053433e-01 6.766236039371957833e-01 5.672482306727083534e-01 6.257385951716752936e-01 6.841343536792954261e-01 7.316994025790767298e-01 6.874797748872915060e-01 7.150422796057556152e-01 6.902460532202792098e-01 7.428587644262010237e-01 7.180880241761959937e-01 7.562800919409230493e-01 7.529299066910667415e-01 7.483693059605478481e-01 7.487699058784448303e-01 7.608607506358134875e-01 7.673850112207341034e-01 7.748992566424330874e-01 7.489106173471150596e-01 7.550256186661280511e-01 7.564279968318077252e-01 7.502909024819935935e-01 7.570138416767792089e-01 7.628439912272184653e-01 7.725680915521028203e-01 7.472019697394831628e-01 7.589880815802895198e-01 7.427882514188801633e-01 7.441245854904688928e-01 7.474327603753004867e-01 7.363710131049182595e-01 7.588018595595359406e-01 7.552845336224535133e-01 7.578779669282332820e-01 7.648836393222282481e-01 7.550168726126869068e-01 7.567350471637166454e-01 7.620878961711219368e-01 7.463886797544672103e-01 7.504081642603014357e-01 7.562909637196398860e-01 7.453214951667184174e-01 7.371043199111424471e-01 7.521284910280751079e-01 7.475678377021514054e-01 7.447276814100848297e-01 7.243199297634473899e-01 7.328682239934517506e-01 7.546897398366985144e-01 7.480981982946119935e-01 7.447841548508650211e-01 7.190009825721915826e-01 7.423518363411533150e-01 7.286240326595280203e-01 7.374984430875075603e-01 7.430944167170313586e-01 7.534135648810134089e-01 7.396180660700772957e-01 7.573151062919158960e-01 7.538816908371017700e-01 7.508667012609412383e-01 7.634253808725740553e-01 7.594829831602785131e-01 7.506650093255663458e-01 7.604999167551821371e-01 7.639059351275834242e-01 7.617371273850759295e-01 7.626999253145094748e-01 7.593263062714666889e-01 7.569877171966811202e-01 7.711928852386293887e-01 7.572600412357533006e-01 7.632795200005781933e-01 7.685423457892651689e-01 7.705515227796602140e-01 7.677280371419645810e-01 7.600129994296849212e-01 7.687910988970780846e-01 7.640398982696471331e-01 7.551810433335328643e-01 7.609959688919358811e-01 7.538003767369880759e-01 7.575103082198968441e-01 7.639894577327576153e-01 7.638053229913571718e-01 7.615214484373191706e-01 7.648804537848363783e-01 7.649848184272227680e-01 7.544235516173897205e-01 7.587616319007672860e-01
1.810782977887468448e-01 2.172369460293875898e-01 4.128825446628043294e-01 5.011070289003505263e-01 4.074551455638389386e-01 5.465451558259590836e-01 6.549010053918122853e-01 6.649923636310293151e-01 1.000000000000000000e+00 7.242442843511284201e-01 8.087065654255138902e-01 8.005476357918015484e-01 7.056510599519636440e-01 6.759013187769823405e-01 8.147391399031129744e-01 8.041115260124601649e-01 7.851209509995038527e-01 7.787075361047944844e-01 8.093012096096645624e-01 5.182220135347476164e-01 7.734303508175808251e-01 8.222503443092153974e-01 7.513891223492863425e-01 7.481938091240982747e-01 7.909126247606073079e-01 8.409694859717079529e-01 8.308942056866758241e-01 8.273176548315087642e-01 7.733811042897281718e-01 8.109667806871957429e-01 8.392166687473608944e-01 8.380947645116282319e-01 8.129534618234944832e-01 8.244347665846937234e-01 8.362889699274472788e-01 8.002936238369352528e-01 8.327094205884209011e-01 8.415178811069151665e-01 8.496916149931184048e-01 7.868988409825434793e-01 8.459130553245688411e-01 8.366244666378530592e-01 7.990200040108423885e-01 8.474105226023508353e-01 8.396425908444710151e-01 8.362003688317145578e-01 8.395662130616856622e-01 8.581517231933672996e-01 8.504184767949931611e-01 8.337860278316411300e-01 8.439892625099765233e-01 8.299940122379231289e-01 8.334241120246894674e-01 8.642963172831724661e-01 8.564842035796172981e-01 8.557874228794415394e-01 8.493346213633669040e-01 8.459786338604438072e-01 8.473767936224108066e-01 8.556316997425952309e-01 8.467142885275743547e-01 8.520267220262608410e-01 8.494145995080376599e-01 8.466693275012219244e-01 8.594427893615114167e-01 8.590819090283445814e-01 8.583304607343470449e-01 8.573149261123031994e-01 8.507931088436940792e-01 8.248807358955420055e-01 8.537611177833299703e-01 8.586861334106938859e-01 8.449461967214425551e-01 8.492276834953588205e-01 8.587228512428238814e-01 8.583236529651243618e-01 8.553604776292236256e-01 8.626122434357639257e-01 8.518555137139978140e-01 8.578458497364453983e-01 8.591397252670042173e-01 8.597968522168427663e-01 8.516336007959530718e-01 8.580319950295258735e-01 8.464789314301186529e-01 8.544803976574592008e-01 8.481863609411136595e-01 8.498904047154274277e-01 8.504933774709686478e-01 8.588073742169449742e-01 8.336028754831803500e-01 8.403900776206195689e-01 8.457545674339351782e-01 8.456781487961484434e-01 8.454884428840885313e-01 8.483054685067916711e-01 8.365392610262484263e-01 8.480314838636950903e-01 8.403317774737246726e-01 8.433769902522553208e-01 8.292885413867460143e-01 8.501435858427719428e-01 8.456657301391483639e-01 8.427204336997654588e-01 8.474373231591878497e-01 8.557118132133861854e-01 8.527215746804238661e-01 8.504009644717706040e-01 8.537261874685276863e-01 8.484506353167029502e-01 8.471329510033928090e-01 8.478737217077513266e-01 8.481277552294900213e-01 8.530787877986468759e-01 8.576332844883264306e-01 8.533288524808794184e-01
1.296093153535097242e-01 2.257823292209842903e-01 3.635911420638662239e-01 4.513573157081750553e-01 4.088588316526818867e-01 4.966268374197372881e-01 6.293501588820962223e-01 6.167746070863040497e-01 7.242442843511284201e-01 1.000000000000000000e+00 7.467007604789431818e-01 7.416301815490354832e-01 6.471157064185374397e-01 6.397355809562219608e-01 7.683338963564478874e-01 7.382781221385683601e-01 7.255152004824011458e-01 7.229601233281307548e-01 7.532831939953869016e-01 4.973986433446207500e-01 7.021012531842107940e-01 7.501736705815040818e-01 7.013925338854224423e-01 6.995723066621947206e-01 7.247391625685809524e-01 7.794672475754005347e-01 7.611146397802269759e-01 7.677132126515792132e-01 7.164828560107203703e-01 7.377816269964818652e-01 7.726400950535168288e-01 7.815523450873892441e-01 7.498890252694321301e-01 7.526537049831899528e-01 7.635192257091582002e-01 7.376005855466486461e-01 7.656139574982014917e-01 7.805126646104717514e-01 7.831148122393633004e-01 7.405977191045765018e-01 7.869989482940501491e-01 7.791271732071913814e-01 7.481814603065121139e-01 7.758893593856320825e-01 7.775968228366791912e-01 7.813786684404763205e-01 7.728827391082573328e-01 7.844300412155755797e-01 7.721089399829025313e-01 7.519423483707650124e-01 7.778986118714309450e-01 7.489763713601675921e-01 7.595259512232278576e-01 7.870839348733127405e-01 7.860327397214004197e-01 7.898544630927741839e-01 7.494799736274664337e-01 7.803465692887310290e-01 7.846209493638289789e-01 7.781949058716485235e-01 7.756268610481815706e-01 7.720600383674516287e-01 7.660778409455810678e-01 7.649666023413258520e-01 7.791864687486915741e-01 7.787348952491206511e-01 7.858327868435104335e-01 7.879999927749435917e-01 7.858914877557335865e-01 7.611294105818343647e-01 7.860032370505229959e-01 7.910144140525793288e-01 7.787337017427297114e-01 7.826689267238650105e-01 7.921459007319395784e-01 7.872647259544842679e-01 7.879178139709536177e-01 7.931031445157467052e-01 7.866733878006563208e-01 7.900896306745668340e-01 7.875757227166747532e-01 7.909831910868027061e-01 7.834681552110550617e-01 7.892384005795022306e-01 7.784299404478215445e-01 7.835511191210784432e-01 7.804725745858974717e-01 7.874052653016585523e-01 7.818168587315661444e-01 7.909341852783182691e-01 7.751328215461444904e-01 7.757372881514555951e-01 7.787598588478973349e-01 7.829748675112450096e-01 7.775519776310904074e-01 7.791188640750730254e-01 7.700753169439525925e-01 7.651918634687171483e-01 7.707134595947980893e-01 7.774846423584924615e-01 7.658636340197315651e-01 7.808288145179088646e-01 7.712591779357299560e-01 7.740420892028353483e-01 7.740041258648352462e-01 7.757270489520224910e-01 7.770915765095308680e-01 7.814198423431196749e-01 7.870523388195589387e-01 7.774850721239541240e-01 7.817300616391567036e-01 7.728180365768752003e-01 7.772464423571813219e-01 7.782597881716907251e-01 7.810961322280478569e-01 7.774886660087189094e-01
1.236211252445140324e-01 1.843381581171674999e-01 4.249612492722293910e-01 5.529909643882052750e-01 4.476953564242975303e-01 5.749761661499530607e-01 7.014915987576939571e-01 6.978400233829733512e-01 8.087065654255138902e-01 7.467007604789431818e-01 1.000000000000000000e+00 8.623886077722379140e-01 7.582989359621977732e-01 7.393838708419181449e-01 8.691440129562285621e-01 8.573608663208184266e-01 8.195958923653128281e-01 8.183707986320020167e-01 8.465419326479181050e-01 5.673007825081708422e-01 8.131741282441148355e-01 8.512915961123486142e-01 7.904076721975820119e-01 7.898792968598133957e-01 8.249067082646586169e-01 8.774563024938143441e-01 8.657732816020813349e-01 8.578638596480343548e-01 7.856682786716270295e-01 8.359765933995614295e-01 8.731935801587473733e-01 8.811625454505429555e-01 8.427196604170569261e-01 8.652040036303917381e-01 8.691043051349132131e-01 8.546886167725192829e-01 8.801454358195005545e-01 8.855929685620204106e-01 8.937392252841430684e-01 8.469867435823598134e-01 8.980240270400978719e-01 8.908942082149446939e-01 8.592284966422495396e-01 8.977380117949099736e-01 8.964840640926030613e-01 8.898808821085126830e-01 8.931443461489088076e-01 9.024369875428134291e-01 8.922249478581820714e-01 8.752903692927317403e-01 8.928661800886258382e-01 8.745877089253449865e-01 8.868697157542005938e-01 9.050207394473770428e-01 9.013582565046748263e-01 9.027869241368684516e-01 8.801064264694535844e-01 9.017865965642199999e-01 8.977548972778707226e-01 9.030140542285032268e-01 8.993113363315671238e-01 8.986730678248192605e-01 8.893860361407749382e-01 8.917077641883017769e-01 9.002759291281686727e-01 9.050573026182816561e-01 9.047403855849083243e-01 9.084054880134084797e-01 9.008194379852348943e-01 8.804275932514701308e-01 9.045837533323669577e-01 9.077475122076061886e-01 8.979023682519299276e-01 9.018868457091032687e-01 9.100549258667682828e-01 9.064545854732957153e-01 9.029427712199128431e-01 9.015756346151516665e-01 9.008697405047539908e-01 9.061429525568555077e-01 9.058185543089575242e-01 9.084292807227594135e-01 8.995224977537629174e-01 9.037903741576286398e-01 8.995986317002274690e-01 9.037899723013245179e-01 9.038100347222902675e-01 9.020455681685976002e-01 9.015901336668152855e-01 9.054670893995871994e-01 8.931166613704524249e-01 8.971266831922395379e-01 9.016161871297190267e-01 9.007553181798858555e-01 8.979697554758069300e-01 9.007917871479622640e-01 8.918087389654173469e-01 8.884857825447955992e-01 8.949240138337513084e-01 8.973925998653491387e-01 8.883321516926202532e-01 9.016503037182602709e-01 8.960395212853796698e-01 8.980879166046475959e-01 8.993752969467719849e-01 8.977218424412687359e-01 8.990584043962913663e-01 9.008455739808618468e-01 9.057762067606359713e-01 9.001022524243468270e-01 9.021632707170149645e-01 8.980487886966290745e-01 9.013163734589462184e-01 9.002968187903036545e-01 9.039385819545485701e-01 9.024004359904815864e-01
7.348939924505785808e-03 1.123431452350791698e-01 3.950448390654108799e-01 6.445545036310788012e-01 4.842477510567764765e-01 6.137686830800817006e-01 7.737260747189329546e-01 7.454235992141211575e-01 8.005476357918015484e-01 7.416301815490354832e-01 8.623886077722379140e-01 1.000000000000000000e+00 7.996054625164935592e-01 7.732660540233249336e-01 9.091334434772319062e-01 9.004372164822789237e-01 8.262210127295979145e-01 7.672312191848662533e-01 8.196348323956534898e-01 6.524049853716419323e-01 8.172986214062759602e-01 8.332081581139418880e-01 7.579318331386597496e-01 7.467786984969737585e-01 8.020909079291745902e-01 8.548979580870920136e-01 8.391234640572392545e-01 8.206862935438654638e-01 7.147472709743041275e-01 7.980501869356381173e-01 8.488755335748693343e-01 8.842193371245351541e-01 8.226496986036796466e-01 8.653558689029533513e-01 8.529852427737362186e-01 8.814352516294068351e-01 8.745221478310535312e-01 8.936319883070189540e-01 9.108150402669653589e-01 8.751127917392313993e-01 9.235388296047248868e-01 9.124161970927159304e-01 8.975013976992834985e-01 9.294911578175413247e-01 9.200750218092751398e-01 9.060940701666188035e-01 9.362965219117573845e-01 9.323734096945186511e-01 9.193212875869287704e-01 8.990713156508359782e-01 9.218285020155000398e-01 9.030502194691574225e-01 9.278687540325273320e-01 9.252161534517894248e-01 9.151531460570768717e-01 9.155990394627195883e-01 9.000084663976982702e-01 9.305755626164188277e-01 9.243315686162680844e-01 9.396676664156055070e-01 9.376623025878840778e-01 9.341884830935256456e-01 9.250664423068563069e-01 9.324538389547203376e-01 9.277997772354374950e-01 9.302168353872736217e-01 9.363762138864513140e-01 9.248256128788642227e-01 9.219808750584363999e-01 9.321208641621837598e-01 9.298262259809084718e-01 9.259641067737135467e-01 9.154695621847761533e-01 9.208775329327890669e-01 9.342405119551092652e-01 9.298946248077469834e-01 9.207709435543903753e-01 8.992616469660402734e-01 9.148308201657052718e-01 9.139689953981655623e-01 9.200168721008487038e-01 9.254679931196682086e-01 9.244429282961206251e-01 9.176762960467816921e-01 9.256037225774789157e-01 9.323526190793909318e-01 9.320682001296607400e-01 9.339001413105408878e-01 9.340608768354229374e-01 9.286811931502882977e-01 9.240702203059735220e-01 9.367101145001411888e-01 9.379799282801890570e-01 9.348849285242860629e-01 9.419265702398248452e-01 9.399036199050428975e-01 9.242941693408155412e-01 9.245486694909457182e-01 9.392112275580570824e-01 9.389525560099124535e-01 9.367797198039281570e-01 9.388225100920641886e-01 9.378532557089519495e-01 9.416829049745691904e-01 9.387154032965822070e-01 9.275576559804554755e-01 9.341779844869557703e-01 9.357779420186123076e-01 9.349613849293156864e-01 9.403696534523073858e-01 9.379282490514789794e-01 9.429493446481789221e-01 9.403040176256851623e-01 9.401066816584486840e-01 9.374539996150023091e-01 9.411957625711724340e-01
5.528871281594836297e-03 1.190608970630797347e-01 3.158685305900358897e-01 5.469014985977608267e-01 4.504680941967272312e-01 5.376475249224128561e-01 7.071149001646218624e-01 6.741399048692159335e-01 7.056510599519636440e-01 6.471157064185374397e-01 7.582989359621977732e-01 7.996054625164935592e-01 1.000000000000000000e+00 6.827540336874585725e-01 8.205960379108312441e-01 8.097869216837362272e-01 7.271580045292641570e-01 6.656567535733002305e-01 7.247266604151101355e-01 5.635624379124463124e-01 7.004255994196948443e-01 7.299887939091141975e-01 6.513725811440126412e-01 6.497950277828369314e-01 7.092108055808912237e-01 7.445941976360566095e-01 7.397195915195329263e-01 7.296107104103238816e-01 6.405508477540630130e-01 7.038196754272741940e-01 7.522135750483355254e-01 7.676077627607900133e-01 7.265137929303437936e-01 7.546179143797899780e-01 7.586298606439632053e-01 7.760145374016098607e-01 7.706217754515124474e-01 7.899484546866943901e-01 8.123817395635943850e-01 7.692993572271175085e-01 8.184646846847519752e-01 8.162881497501666139e-01 8.049137547368030443e-01 8.297447914538121916e-01 8.120934678014835040e-01 8.167255618155898622e-01 8.381095722816065408e-01 8.355958650777185470e-01 8.139560287680824846e-01 7.876999319283434220e-01 8.105265064644896489e-01 8.111630811480613490e-01 8.297647564013206356e-01 8.250363057316009163e-01 8.078037663012744840e-01 8.112781268956528180e-01 7.941532692203387978e-01 8.300339926243951449e-01 8.185664498565269342e-01 8.413427319247425151e-01 8.350915510967722444e-01 8.329067330409213321e-01 8.218768768291989657e-01 8.281395495978632892e-01 8.310009400337279306e-01 8.280012320124566783e-01 8.363994560833502012e-01 8.264081852073651424e-01 8.163184837626041856e-01 8.314363292196296218e-01 8.270058308082914866e-01 8.254073491503371995e-01 8.124439984867392051e-01 8.218826588321423987e-01 8.332177662266108120e-01 8.277982558291656634e-01 8.252226008100675969e-01 8.053935335368298531e-01 8.210160960469926605e-01 8.156418135124390290e-01 8.210951999707261084e-01 8.252407399540901967e-01 8.213738501471097297e-01 8.188599993834464463e-01 8.251305273235464144e-01 8.317489917139391231e-01 8.312869185278319861e-01 8.356978984239467056e-01 8.372510125030755423e-01 8.286394001405495979e-01 8.243698684554326972e-01 8.390378860295126806e-01 8.380634017254234847e-01 8.392225614372132991e-01 8.439710142030957263e-01 8.423888975907498633e-01 8.258495722058016852e-01 8.254781462738243203e-01 8.417155007975352099e-01 8.365799377757698885e-01 8.399273259923407675e-01 8.413877577133168639e-01 8.404663999815225051e-01 8.453308281796373391e-01 8.399623625160660412e-01 8.312774672879201798e-01 8.361865959375195390e-01 8.400907995313861010e-01 8.378124090763189313e-01 8.403375677326818671e-01 8.404965488269593443e-01 8.452576233679498507e-01 8.431114349881347891e-01 8.411197693764341787e-01 8.361491287937302674e-01 8.409843819751795513e-01
