1.000000000000000000e+00 8.678913338316744663e-02 8.198311449921800997e-02 1.346540360142044479e-01 4.155268603464393196e-02 3.204934752737749470e-02 5.141522413310677803e-02 8.501920821588151989e-02 1.008754538696473579e-01 3.761012360658771980e-02 3.167137097190002998e-02 4.001203269316756100e-02 3.379849130029579513e-02 8.866782217040628661e-03 2.794486998962942073e-02 5.840492946551966574e-02 8.747078206396824429e-02 9.487684929967733771e-02 1.211753189515543394e-01 5.721756033788308327e-02 1.307728259084679767e-01 1.160346336871036083e-01 7.595039516202981011e-02 1.002549538758606418e-01 1.042911361554581390e-01 1.267426320921401783e-01 1.159271870959042022e-01 8.310959503096343459e-02 8.229681926493574717e-02 6.482422673640851618e-02 5.902283613479875762e-02 7.124885369794338452e-02 6.056243080266995177e-02 9.424950585246157087e-02 6.993903466739441466e-02 8.835463731101794727e-02 6.645566769258386131e-02 4.572440355390555017e-02 5.277309949406667339e-02 2.294123329950023202e-02 2.313382056077847165e-02 3.013606830199976744e-02 5.626361923699579187e-02 4.006530572618149932e-02 6.659708991805038392e-02 3.138407481770869034e-02 1.609819957222197173e-02 2.626276721105963788e-02 3.794983480894452421e-02 7.211946050797535257e-02 4.344294100480654286e-02 1.087406566110643569e-01 6.664474984702566107e-02 3.339596207851307230e-02 4.683293093395050205e-02 4.394936466593579727e-02 6.583193341018112044e-02 3.618175709899674325e-02 3.143121915883231171e-02 5.499404680154350300e-02 4.983881905031045667e-02 4.680051149877231809e-02 4.080601942386302694e-02 4.852009303146712083e-02 6.347991776768754923e-02 5.965952854956257934e-02 2.066098251778443126e-02 4.415061106089607917e-02 4.036945334614485542e-02 2.974904024333679606e-02 4.881969999713839381e-02 3.728770271751333243e-02 4.909594202116486505e-02 4.980064012358166592e-02 3.635791765097703271e-02 4.019372725432440729e-02 2.501877317353908350e-02 3.655125452799526387e-02 2.430240652128113493e-02 2.331284039248702686e-02 2.550992660310543933e-02 1.772160222740198909e-02 3.929494147698824047e-02 2.280514464732982804e-02 2.662596070286780275e-02 3.843914707455942797e-02 2.749722258204471970e-02 1.026457476174054244e-02 1.871659402268044739e-02 2.270600921359162971e-02 1.175754701527924849e-02 1.554158395248654220e-02 2.151170176739752166e-02 1.436192759218706330e-02 5.569817540919444997e-03 1.257298597175817226e-02 2.478373769947658789e-02 4.682941025884904823e-02 1.701159323346232086e-02 9.142978359569802274e-03 1.321426133917212413e-02 2.434924570515468664e-02 3.514221145227089393e-02 1.473649555389914059e-02 3.717085378175249977e-02 3.457888107277496542e-02 2.216170933373403512e-02 2.037299591701913215e-02 2.196199911644050942e-02 1.366592954079928236e-02 1.419592293000420356e-02 2.243676314692304857e-02 1.658573324042256908e-02 2.493438813578690780e-02 3.724919228242461189e-02 3.618435689100972519e-02
8.678913338316744663e-02 1.000000000000000000e+00 4.749498311989699961e-02 9.262986278692740549e-02 1.217287623582772038e-01 1.330222042021682038e-01 1.265395074948674481e-01 1.195612422313061946e-01 1.633143603205151617e-01 1.738973081513001950e-01 1.279730485017320230e-01 1.312986280982818277e-01 1.413880022728937758e-01 1.342118068307271150e-01 1.616055287320029010e-01 1.542849173537384488e-01 1.527192151380512564e-01 1.020937771428069435e-01 9.681739312886744608e-02 4.427244520435338893e-02 8.867630128476682028e-02 1.035843638550682372e-01 1.379138140522141176e-01 9.455669252922062340e-02 8.341568506720682674e-02 1.418826689483600745e-01 1.517618356725394801e-01 1.450300850911021011e-01 1.396275503917602800e-01 1.623425504322967838e-01 1.559878418457870120e-01 1.637141164746538091e-01 1.671034358466468861e-01 1.518555309139782705e-01 1.754039927063903992e-01 1.536775907152954923e-01 1.749728921458810482e-01 1.434660197206640841e-01 1.590007136755635375e-01 1.340136889974696821e-01 1.558151071353611195e-01 1.366316633961170424e-01 1.030146921847683028e-01 1.543778671941061775e-01 1.563721639864198154e-01 1.492400457780322931e-01 1.636952468076708911e-01 1.693611038699695814e-01 1.594827421490417618e-01 1.198098773184972377e-01 1.257094008024661758e-01 1.126451467135125145e-01 1.465157959692191258e-01 1.732727057043518815e-01 1.627271089083475175e-01 1.485747094429241411e-01 1.564215241838796122e-01 1.561700123789792616e-01 1.635481955552191558e-01 1.816045930207018377e-01 1.336155718719367613e-01 1.815803676654542398e-01 1.520490630772741991e-01 1.664821333995465391e-01 1.655024396200746595e-01 1.624955320517321444e-01 1.638252844541721875e-01 1.570625118110055007e-01 1.675522498753929390e-01 1.380226578652181957e-01 1.500815822215018913e-01 1.553905351215146557e-01 1.469011665186611970e-01 1.425987337987958958e-01 1.619306279973411478e-01 1.641184345339157247e-01 1.499981189728353537e-01 1.647811970199919707e-01 1.594103276323384777e-01 1.690802693649135491e-01 1.682645708916295502e-01 1.622676321162091484e-01 1.733012431787194774e-01 1.718421343386710709e-01 1.573496057104080970e-01 1.626022518236808490e-01 1.677231539061510290e-01 1.660260027722737508e-01 1.661974760809510343e-01 1.601728328635131926e-01 1.580969770247910855e-01 1.566582403143718938e-01 1.622248895682660563e-01 1.605386710302644515e-01 1.627374342885797298e-01 1.691182952613914381e-01 1.431210454913345587e-01 1.491841123648890988e-01 1.548262631095621844e-01 1.589789380903336158e-01 1.484435993964226264e-01 1.608814568185551186e-01 1.542181891480259304e-01 1.584063473550571810e-01 1.509089566321266396e-01 1.706817906908066063e-01 1.663910225716242752e-01 1.699207299037577279e-01 1.637612939517487654e-01 1.684547639697968890e-01 1.723472780348988542e-01 1.713448323513627192e-01 1.807059021559041800e-01 1.707049968572998400e-01 1.620586267940810343e-01 1.634446911151651305e-01
8.198311449921800997e-02 4.749498311989699961e-02 1.000000000000000000e+00 3.886232746054505971e-01 2.363551706062356761e-01 1.852621557793637519e-01 3.924982656688720262e-01 3.670375335185943055e-01 3.616761533263088135e-01 3.265304811103599825e-01 3.882977531240639490e-01 4.380876084262978476e-01 3.717147182486451595e-01 2.943271158531339249e-01 3.988955998914238132e-01 4.115189103647319824e-01 3.880319012885059538e-01 3.898241734856530694e-01 4.223355337866734893e-01 2.975697612047911167e-01 3.765509352428405010e-01 4.289153277263839659e-01 4.213138536006842960e-01 4.097446246941560677e-01 4.267680626701730318e-01 4.166198218884990534e-01 4.261444996190661971e-01 4.205884097533107990e-01 4.234482552034722347e-01 4.134238283523092305e-01 4.220587138681747841e-01 4.310531722653757059e-01 4.148104121186124149e-01 4.397399759845581069e-01 3.986109138845860267e-01 4.168974915590362706e-01 4.144858732859573736e-01 4.173012854499634217e-01 4.199593702472916856e-01 4.068583834434447710e-01 3.896441710682131410e-01 3.976144526210859675e-01 4.047381796956399103e-01 3.982192706497101886e-01 4.187252954860374854e-01 4.097507807038288652e-01 3.783515008773000732e-01 3.839870366816922065e-01 3.935668733432495237e-01 3.897907034158867301e-01 3.842296703113431411e-01 3.934783714626279849e-01 3.835550322297244796e-01 3.842056947012784662e-01 3.938047128977942846e-01 4.079866847852719469e-01 3.905909534119394455e-01 3.830674597566070538e-01 3.914196169570883233e-01 3.906875730644926437e-01 3.823889553900961524e-01 3.803840385090797582e-01 3.832742785289776077e-01 3.843023497108037367e-01 3.888163911364723169e-01 3.845472026705151203e-01 3.863618544985534808e-01 4.076782665808766359e-01 4.093958147311228535e-01 3.950135729994437295e-01 4.093469567055921798e-01 4.028378797696182123e-01 4.161972900588008506e-01 4.165712690136051388e-01 3.937261355614277702e-01 4.042997160554440139e-01 4.037239232152118884e-01 4.112849400763776697e-01 4.051350350926043453e-01 3.991847465648192816e-01 3.911617382721879754e-01 4.028775735484355636e-01 4.069972548914607136e-01 3.956187053733492553e-01 3.987051241602065921e-01 4.120467612783667022e-01 3.999129541018180967e-01 3.935551169733464416e-01 3.986123737328318706e-01 3.956540593013104790e-01 4.036621097635640365e-01 3.929202014399142406e-01 3.955051960925795029e-01 3.920554972043694408e-01 3.773219905682639874e-01 3.787557379555233639e-01 3.805197431841554900e-01 3.684197990906778464e-01 3.826853548803774707e-01 3.817971863704269220e-01 3.852905784455832872e-01 3.755362527846700660e-01 3.776823864162063837e-01 3.826544968595653740e-01 3.912199680231934207e-01 3.775822885210501911e-01 3.849753891996061106e-01 3.867613347489256559e-01 3.880457701914956092e-01 3.843937828174377458e-01 3.882617187011835891e-01 3.816912233247806707e-01 3.717503643178196593e-01 3.758703032437590297e-01 3.843327888701266182e-01 3.757130079173112147e-01
1.346540360142044479e-01 9.262986278692740549e-02 3.886232746054505971e-01 1.000000000000000000e+00 3.878331693243845524e-01 3.150007915502591183e-01 5.788492483503209218e-01 5.685417846225232497e-01 5.182007036451319326e-01 4.473314056772019209e-01 5.800201946794307784e-01 6.498591752088173079e-01 5.134933046158762782e-01 4.385519312026108230e-01 5.778789872650700321e-01 6.013661276785340348e-01 5.564469706836704388e-01 4.846562148801452086e-01 5.491647258241425522e-01 5.045593855483661017e-01 5.739056454536151097e-01 5.972233729036277028e-01 5.038299190459968324e-01 4.672815997082377382e-01 5.231810433959794837e-01 5.602506755934238969e-01 5.745159337662764099e-01 5.698333653840150781e-01 5.187555335647335841e-01 5.028299690315062298e-01 5.314727180898144443e-01 5.816816842402878773e-01 5.637056499846405666e-01 5.805448792096862265e-01 5.494992542643239997e-01 5.745599116084419977e-01 5.442293086898849497e-01 5.910117080360014485e-01 5.782984370786766748e-01 5.765891945285079867e-01 5.446849466893143310e-01 5.748919899722717552e-01 5.976839132343580996e-01 5.866587547135010405e-01 5.804054084169459893e-01 5.698804956423904056e-01 5.398702282814796805e-01 5.483885988085014374e-01 5.630958409040419665e-01 5.794457272982969087e-01 5.748318965147009019e-01 5.829894135155977430e-01 5.592662835679858002e-01 5.433435900266454510e-01 5.628804726520965085e-01 5.716382007886788852e-01 5.733386410574841108e-01 5.677127845875242773e-01 5.607090378995748248e-01 5.608427106115509986e-01 5.669016302358631521e-01 5.591024221468863242e-01 5.737075490974270497e-01 5.608226520662947800e-01 5.685353814614847456e-01 5.607509885133683536e-01 5.449166705766571583e-01 5.542142955301122553e-01 5.586791337401089130e-01 5.909751433376292384e-01 5.817630138278964136e-01 5.618202582830645886e-01 5.432309082212513074e-01 5.447653901069833271e-01 5.504530610857883977e-01 5.608599961621170138e-01 5.603838017994849929e-01 5.468346184038850311e-01 5.517852883982251599e-01 5.331616943176431533e-01 5.320857403456150658e-01 5.437875809397400007e-01 5.633356766465470455e-01 5.534306560128385843e-01 5.717933161403924158e-01 5.678168784645624134e-01 5.551015079908916405e-01 5.584155372261374595e-01 5.600303648731739248e-01 5.551180684086525208e-01 5.679247768320413448e-01 5.600695883949489140e-01 5.585716304330958781e-01 5.579580767751425308e-01 5.390335251574642772e-01 5.399908778908969476e-01 5.693016503403133255e-01 5.604697405895480156e-01 5.558479360135047953e-01 5.572164924753941762e-01 5.637129189803464779e-01 5.622582732974125141e-01 5.501036315215031003e-01 5.588205878813893301e-01 5.663963866479041487e-01 5.519011411109533416e-01 5.544450768362381154e-01 5.447588851127713738e-01 5.493931530362174964e-01 5.537904107545884580e-01 5.546630852828169367e-01 5.483740083705248569e-01 5.455341154171571283e-01 5.540582947287013837e-01 5.540018148673613307e-01 5.486859350121405798e-01
4.155268603464393196e-02 1.217287623582772038e-01 2.363551706062356761e-01 3.878331693243845524e-01 1.000000000000000000e+00 2.729801574159215205e-01 4.926605629785931750e-01 4.775570351446731254e-01 4.545577836055819665e-01 4.195876779456552685e-01 4.675435896137870584e-01 4.938340186497590656e-01 5.233128230585931684e-01 3.752234857359872389e-01 5.266273790027431456e-01 5.053001587452689014e-01 4.398559230848601009e-01 3.240515659132288118e-01 4.054681808926701714e-01 3.278671345325847031e-01 3.247465357285738707e-01 3.985689617150348085e-01 4.264203234687391486e-01 3.319563714152329315e-01 3.985294400100487522e-01 4.599247491484610983e-01 4.531811811433419934e-01 4.705695698333289267e-01 4.195414359022641149e-01 4.356118224399890826e-01 4.674655758881722800e-01 4.548919252411663394e-01 4.481188658906051780e-01 4.373086380912140636e-01 4.788558396114179216e-01 4.370162363021538043e-01 4.621733469769114810e-01 4.781318805886592971e-01 4.781993838570881561e-01 4.667666281095331771e-01 4.794291713689468049e-01 4.967339632536533212e-01 4.918335820961011184e-01 5.123066032272477477e-01 4.848604347156729166e-01 5.006925121283190006e-01 4.876783371141343859e-01 4.811754553986131167e-01 4.849170524689840889e-01 4.698697128128402345e-01 4.746629781456174202e-01 4.718888478158665967e-01 4.823257823134413647e-01 4.845020809967700015e-01 4.863564132158825770e-01 4.925719638617518381e-01 4.729365924257414311e-01 4.886472563215172316e-01 4.769727109499182216e-01 5.028220160275925776e-01 4.958881327813184359e-01 4.927561815104083975e-01 4.883184637935911732e-01 4.779982390689577754e-01 4.805903178087585492e-01 4.945389824914848687e-01 4.855337117679973669e-01 4.777054836928283366e-01 4.931453434024725135e-01 4.954859594592143091e-01 4.723503369551978470e-01 4.805916751979237289e-01 4.610702021690387675e-01 4.633599291689678989e-01 4.911281590229693017e-01 4.879650346208817546e-01 4.937599623081977418e-01 4.779359766013330790e-01 4.952625920792381731e-01 4.823294408787819898e-01 4.877116851832644651e-01 4.880034542929728159e-01 4.837236106595159679e-01 4.921219295316856535e-01 4.876866546970606842e-01 4.827225754985935979e-01 4.836806447500924255e-01 4.944050992166386660e-01 4.902791828587208522e-01 4.982964416653249407e-01 4.972558868208821203e-01 4.947633605882409413e-01 4.920731395513157080e-01 4.974237558784317392e-01 4.885374273017218383e-01 4.885853454145157593e-01 4.922291441189993177e-01 4.808932732473016891e-01 4.948562088035133866e-01 4.897447520707027824e-01 5.081012828079164434e-01 4.943719676787453055e-01 4.971382035586029979e-01 5.044115447973174238e-01 4.941362045072054121e-01 4.855792949523822788e-01 4.925586538812155024e-01 4.913731531891341042e-01 4.959844501707287856e-01 4.942538387210448358e-01 4.894988555822377685e-01 4.989259749651646647e-01 4.960284721050207679e-01 4.901540319571027204e-01 4.856392644440303275e-01 4.979941987217195165e-01
3.204934752737749470e-02 1.330222042021682038e-01 1.852621557793637519e-01 3.150007915502591183e-01 2.729801574159215205e-01 1.000000000000000000e+00 4.613500062182809280e-01 4.147324592723716785e-01 4.475985784957427494e-01 4.183271003921333886e-01 4.559271953563015511e-01 4.723120148751158709e-01 4.377211836194078165e-01 3.577443256526023352e-01 4.784196889526526331e-01 4.699984750370728159e-01 4.495172797224783467e-01 3.940053553824831578e-01 4.296404135057878548e-01 3.456630282060325077e-01 3.701894290285416833e-01 4.452625576104239369e-01 4.386190315735752909e-01 3.883844176749370880e-01 4.245299681581863327e-01 4.454500617127260531e-01 4.522071428333374610e-01 4.820731732917908352e-01 4.411061524342406726e-01 4.287379014862242044e-01 4.492758046162672048e-01 4.795611384642803898e-01 4.658212472607712873e-01 4.558176676995435161e-01 4.618612151686680711e-01 4.465926059471815868e-01 4.653225353151945742e-01 4.911406222295120472e-01 4.784512720153485388e-01 4.871364954139267289e-01 4.814423080193788729e-01 4.891741901502572043e-01 4.850539628971271000e-01 4.890265336815112773e-01 4.869416825151167694e-01 4.974476298884630276e-01 4.760705935736804784e-01 4.813619604929325613e-01 4.745171830569070992e-01 4.603822647362191822e-01 4.736069578611709630e-01 4.567585809449328793e-01 4.751802064995375718e-01 4.727798365604842235e-01 4.787560670063057966e-01 4.838706510694096852e-01 4.686785669418832012e-01 4.843348650855869297e-01 4.787407164415934946e-01 4.810344425245369759e-01 4.766731629783406143e-01 4.755075839235997637e-01 4.782683161095489521e-01 4.686657214230410817e-01 4.782531530371526562e-01 4.713106036034754864e-01 4.828911287977767919e-01 4.832573408671423376e-01 4.843817383694178358e-01 4.875624454484915882e-01 4.826587050979530003e-01 4.863839023760173075e-01 4.745593708207176409e-01 4.722097879897368955e-01 4.806125867700380971e-01 4.849100896065562938e-01 4.929208596333861658e-01 4.827123747992159708e-01 4.878763722714290485e-01 4.704069365559880311e-01 4.796668328846974139e-01 4.781376817012721880e-01 4.831241489865906180e-01 4.846101275786732221e-01 4.788752005879519658e-01 4.846210645057998923e-01 4.798397482099147626e-01 4.907701299324117028e-01 4.865196712348456853e-01 4.844616417376839679e-01 4.930121057385661310e-01 4.886924640490062366e-01 4.878358033229024393e-01 4.894522634283541840e-01 4.800482761783079200e-01 4.817059211210589220e-01 4.764370338064289334e-01 4.709947704908892807e-01 4.799033303817976104e-01 4.842560183395357432e-01 4.868459074265331643e-01 4.779001902966832360e-01 4.787726916368621466e-01 4.847161403622785580e-01 4.780912824898516655e-01 4.702268774742900947e-01 4.834305285464911006e-01 4.829127353780175991e-01 4.831658082991723835e-01 4.811145662071554252e-01 4.852268783218897097e-01 4.809907934413534814e-01 4.760052994952198024e-01 4.751483950949330626e-01 4.773522723479790564e-01 4.771002662870836852e-01
5.141522413310677803e-02 1.265395074948674481e-01 3.924982656688720262e-01 5.788492483503209218e-01 4.926605629785931750e-01 4.613500062182809280e-01 1.000000000000000000e+00 7.247413041605477169e-01 6.886761370938216942e-01 6.445649481268690417e-01 7.295414870736355306e-01 7.866798120620147605e-01 7.194594766678952258e-01 6.031510221160920615e-01 8.353486324810120989e-01 7.983940508574679518e-01 7.294006256374998554e-01 6.243967769286723479e-01 7.054548368137463221e-01 5.924111973594614611e-01 5.825647789824593969e-01 7.132549392492344431e-01 7.347346250934797540e-01 6.338015750257021130e-01 6.996269841410743817e-01 7.546321314047489404e-01 7.650301404974410024e-01 7.958948336091096198e-01 7.221017700772475179e-01 7.222150813575439754e-01 7.457468993581564121e-01 7.889942847217454869e-01 7.783260719643388947e-01 7.622637954781771308e-01 7.693460467569761541e-01 7.293616744843055555e-01 7.625650839445152762e-01 8.073221935103606084e-01 7.884748631874185509e-01 7.946392318332223814e-01 7.845424454364159361e-01 8.047944506487811900e-01 8.145448564498994903e-01 7.986211842186795584e-01 7.924597732363328761e-01 8.110762522675392105e-01 7.696568008867578081e-01 7.733879360952299331e-01 7.786454569406487947e-01 7.711168963787211617e-01 7.747837317534524981e-01 7.425548027056206868e-01 7.621172373986346837e-01 7.639390025618761904e-01 7.757529049262655851e-01 8.025199608741451218e-01 7.591756783274060671e-01 7.721169864340123867e-01 7.749820994963589893e-01 7.733177386724928715e-01 7.752624139907301482e-01 7.584876354086704797e-01 7.708043920291837159e-01 7.584102396938428026e-01 7.556017055234984792e-01 7.645697160416096150e-01 7.748274501749161658e-01 7.727843458691228129e-01 7.929543591557335347e-01 7.903798462991965534e-01 7.663543404057528985e-01 7.801603625522500751e-01 7.698116403173048683e-01 7.608578332318357562e-01 7.829590705409512630e-01 7.895751142906747289e-01 8.081489929815055540e-01 7.766741020357305070e-01 7.916909636414765084e-01 7.631042586845546705e-01 7.699003886165500798e-01 7.737694593950354971e-01 7.854503439616523641e-01 7.870794999138934767e-01 7.909132681689252653e-01 7.880926186179593174e-01 7.709045907794227492e-01 7.923754829440113889e-01 7.862007074487179503e-01 7.923196130624737821e-01 8.074920923332321587e-01 7.939611776442387914e-01 7.857697245164675381e-01 7.913968787907837976e-01 7.686038726063385562e-01 7.701446013207137176e-01 7.819861149937608058e-01 7.582023656865158889e-01 7.812760848689556115e-01 7.823802095757734776e-01 7.923310647648829086e-01 7.694156821364974697e-01 7.700646973669944551e-01 7.819107921580051856e-01 7.732611583320131432e-01 7.655538255323720565e-01 7.808340686467164504e-01 7.770255470091216310e-01 7.820947803358653250e-01 7.781558937633269446e-01 7.821687187560388832e-01 7.739014456882502557e-01 7.626012887978309562e-01 7.642184252867058047e-01 7.614456574046057913e-01 7.663020893792835686e-01
8.501920821588151989e-02 1.195612422313061946e-01 3.670375335185943055e-01 5.685417846225232497e-01 4.775570351446731254e-01 4.147324592723716785e-01 7.247413041605477169e-01 1.000000000000000000e+00 7.068407503312482687e-01 6.241654828771892038e-01 7.229993340035359983e-01 7.740512892804209955e-01 6.929789251250519921e-01 5.895412117959815124e-01 7.803297403016793421e-01 8.011249698723805768e-01 7.193836587072489630e-01 6.269076033926871405e-01 6.889190553486519430e-01 5.714924886675645244e-01 6.285116489418473007e-01 7.055331030219180732e-01 6.917991385389260506e-01 6.115694972296101817e-01 6.668186378154143945e-01 7.116804539612400227e-01 7.236118752954169286e-01 7.377813846637409911e-01 6.485594750288405930e-01 6.662437315795100012e-01 7.042857130270360200e-01 7.669455643488706231e-01 7.418926207952745155e-01 7.488267244745204776e-01 7.450925029403219213e-01 7.230367616853619062e-01 7.426454781043885234e-01 7.894551176588135988e-01 7.758258799478383594e-01 7.675655045366175377e-01 7.614488178978995325e-01 7.820997397808536755e-01 7.879025965974120194e-01 7.941128750196662089e-01 7.746000038069273952e-01 7.796988040078964843e-01 7.717777243503314288e-01 7.727157230004743083e-01 7.782005129039064606e-01 7.763763601921692681e-01 7.785270409095237376e-01 7.482726873918060795e-01 7.640365462529911111e-01 7.646042977737667057e-01 7.789482385161099476e-01 7.775568257169175324e-01 7.772220707994562661e-01 7.759827669154631957e-01 7.803932914989103464e-01 7.722235619865863709e-01 7.787434698581396919e-01 7.741247645304968339e-01 7.858027414454989978e-01 7.797158996921990104e-01 7.670887454362130820e-01 7.707767271775592954e-01 7.738331619462249789e-01 7.689713914343302426e-01 7.769572333994407831e-01 7.847371259969146973e-01 7.746560103595765412e-01 7.749745888228949386e-01 7.550333977539013253e-01 7.527240156990273601e-01 7.694391820620916089e-01 7.748247859203786225e-01 7.789118189847407114e-01 7.511265646641204219e-01 7.677660120327938209e-01 7.503170985101793589e-01 7.586651732696982897e-01 7.597739563141993058e-01 7.825869091517282383e-01 7.779766792552772481e-01 7.858595922553226476e-01 7.809690839378278238e-01 7.700221063664738352e-01 7.872328399162010770e-01 7.807330519265442970e-01 7.824552517628318160e-01 7.870938258744878402e-01 7.848193847128036582e-01 7.781026572203402214e-01 7.828502459400599189e-01 7.706625095551420390e-01 7.731671723323554346e-01 7.909306298813809644e-01 7.782178785521101094e-01 7.866801871734643292e-01 7.865838123445260122e-01 7.913424953498801040e-01 7.889055685238242077e-01 7.739095708472626400e-01 7.845564312882700175e-01 7.805281726723622970e-01 7.827932772538285233e-01 7.832611592193027272e-01 7.744382263329671057e-01 7.793896748006177155e-01 7.809753557531270429e-01 7.865754174851744551e-01 7.766180652584400157e-01 7.758500844147918629e-01 7.806670627046120581e-01 7.699178419945519325e-01 7.711151944783356527e-01
1.008754538696473579e-01 1.633143603205151617e-01 3.616761533263088135e-01 5.182007036451319326e-01 4.545577836055819665e-01 4.475985784957427494e-01 6.886761370938216942e-01 7.068407503312482687e-01 1.000000000000000000e+00 7.493270982243724898e-01 7.972911090942299550e-01 8.246385716363758833e-01 7.644115739810825039e-01 6.355463006819727090e-01 8.350050927436278858e-01 8.241161419714176928e-01 8.069847873425411988e-01 7.107002524034147228e-01 7.608789544188371279e-01 5.687949876348179501e-01 6.385475964868190246e-01 7.608877390119597184e-01 7.906593704592784766e-01 7.009729774057689156e-01 7.475623685475119018e-01 8.108844425766256192e-01 8.251392579500939073e-01 8.077636445749298844e-01 7.437949569378493608e-01 7.943481666247402817e-01 8.316599064191448898e-01 8.411671918134172588e-01 7.887699176959953595e-01 8.148232151033720783e-01 8.282547124473663702e-01 7.924468861045588230e-01 8.464336214491580135e-01 8.384210706073715880e-01 8.523675444858149763e-01 8.162473799281990683e-01 8.624355560823728784e-01 8.579809610092130612e-01 8.188469441102862456e-01 8.743125416168279207e-01 8.645808689290155336e-01 8.490798106695743863e-01 8.767505070032992620e-01 8.813825086616640103e-01 8.776249135385782996e-01 8.362681229652839665e-01 8.541072161303095989e-01 8.371156645406884200e-01 8.700913320214356261e-01 8.818714387121259213e-01 8.714725057843000222e-01 8.626044157332793949e-01 8.695551421657770064e-01 8.810824343198028208e-01 8.697488345656059217e-01 8.924901980217151420e-01 8.746465263435659887e-01 8.841776353662282872e-01 8.659384244778453033e-01 8.747485948051001436e-01 8.825251131663520709e-01 8.816948414092696806e-01 8.831560818253186840e-01 8.804311488846729983e-01 8.803037111714997476e-01 8.639367972177577348e-01 8.717408054781055071e-01 8.787666636012450017e-01 8.637997187584753878e-01 8.652995006298370706e-01 8.818250851912363686e-01 8.786408911379786080e-01 8.693705317913653641e-01 8.616055319178351768e-01 8.717908117851842498e-01 8.734629403217496479e-01 8.745604515534766144e-01 8.760460271323043946e-01 8.765522688138351892e-01 8.764737098771747670e-01 8.652700690372866488e-01 8.766220789479051145e-01 8.783223097164625237e-01 8.760122750833203575e-01 8.783470306015062068e-01 8.765220635297767959e-01 8.679008168988581184e-01 8.791447426213131466e-01 8.824616411093291202e-01 8.786780590144667169e-01 8.819526565990990497e-01 8.819736297736304742e-01 8.592843892565059649e-01 8.703323274739231952e-01 8.790170104364913861e-01 8.730015554919942078e-01 8.720480008763247248e-01 8.740187817223911138e-01 8.809964801694166736e-01 8.808060833758371011e-01 8.784710931456647387e-01 8.691376407377460200e-01 8.811706487238456509e-01 8.820959707725926080e-01 8.780938481689861685e-01 8.817041139437697961e-01 8.760104763659301019e-01 8.883592711754114690e-01 8.800416132047814699e-01 8.774171987122399985e-01 8.853962707954695643e-01 8.853959263594549656e-01
3.761012360658771980e-02 1.738973081513001950e-01 3.265304811103599825e-01 4.473314056772019209e-01 4.195876779456552685e-01 4.183271003921333886e-01 6.445649481268690417e-01 6.241654828771892038e-01 7.493270982243724898e-01 1.000000000000000000e+00 7.403770021777074106e-01 7.559558283609624230e-01 6.992136467678753409e-01 5.871655456833696496e-01 7.819474469172255082e-01 7.482693392976088598e-01 7.348908895460861679e-01 6.453941299274243981e-01 6.881706410020307363e-01 4.954304052710950534e-01 5.479046135776177717e-01 6.895527496299679315e-01 7.464099785955394806e-01 6.384660841758404981e-01 6.804266329498664945e-01 7.502663191385809949e-01 7.536731852210846183e-01 7.589666757544947240e-01 7.047756264890806532e-01 7.605728785686322047e-01 7.841309327072270019e-01 7.860627545049599929e-01 7.449432549611629817e-01 7.500574651940966620e-01 7.770022984350670736e-01 7.366071785369623370e-01 7.951590319850359023e-01 7.824709896852933833e-01 7.935510734469023442e-01 7.628714128514800796e-01 8.065789709971997734e-01 7.937797330317427624e-01 7.516571126914016743e-01 8.030376492342367056e-01 8.002074554296637610e-01 7.896264979920913918e-01 8.083364169177230663e-01 8.131673202522468058e-01 8.032145777449989366e-01 7.499980130245491594e-01 7.750793131173913109e-01 7.360444673264844306e-01 7.814331983041026275e-01 8.124582971250757790e-01 7.970039946760237859e-01 8.048667722233141530e-01 7.856127750686057176e-01 8.038645842110986317e-01 7.977348596368136757e-01 8.156627432461489580e-01 7.905827320262486246e-01 8.034518425023831067e-01 7.830696213716576981e-01 7.928292063357977870e-01 7.991374086516096487e-01 8.004728601800832344e-01 8.146727929163616322e-01 8.082431440997863703e-01 8.174035027690599309e-01 7.855578632219862856e-01 7.945115884250496530e-01 8.079961738039194152e-01 7.969394250228222232e-01 7.973460427310093968e-01 8.153459787576216034e-01 8.103582496452191863e-01 8.085168645171040280e-01 8.034871712231810292e-01 8.141305727781994461e-01 8.167071963575549542e-01 8.192286906046054584e-01 8.175087145380541820e-01 8.120694003343827960e-01 8.157844442321992018e-01 8.007814933891193032e-01 8.085483100813292134e-01 8.143428852232386106e-01 8.136765448815904689e-01 8.155037637786549665e-01 8.148088607591138510e-01 8.112356969317163768e-01 8.119651058546147882e-01 8.163087867287475152e-01 8.138994297634374320e-01 8.142683682681947088e-01 8.144490331954268303e-01 7.871327002005856777e-01 7.847113775521208368e-01 8.062324301280938688e-01 8.043574181643731169e-01 8.024390361308689767e-01 7.963183412555412399e-01 8.061253154206150517e-01 8.112713538296921767e-01 8.010348489322859367e-01 7.961472829323982259e-01 8.114005615644833691e-01 8.149241674777025768e-01 8.097030372994615810e-01 8.140412648480707114e-01 8.107740175671517280e-01 8.159356971052792451e-01 8.089940852413175509e-01 8.049620432916236856e-01 8.092503766056319270e-01 8.076751809719492359e-01
3.167137097190002998e-02 1.279730485017320230e-01 3.882977531240639490e-01 5.800201946794307784e-01 4.675435896137870584e-01 4.559271953563015511e-01 7.295414870736355306e-01 7.229993340035359983e-01 7.972911090942299550e-01 7.403770021777074106e-01 1.000000000000000000e+00 8.666507497693964890e-01 7.833454780792428185e-01 6.491458198823868431e-01 8.594439256986901032e-01 8.478576038033240891e-01 8.202709382214229406e-01 7.204671475956552218e-01 7.968088650525856353e-01 5.951375882328185929e-01 6.745525524310763688e-01 8.010384262338139383e-01 8.117754739603725289e-01 7.243027497973392181e-01 7.916628049775871201e-01 8.347325874761876152e-01 8.530526294892687433e-01 8.399294544986070088e-01 7.743372843480916812e-01 8.211958309755277297e-01 8.667317708769191054e-01 8.647543367784593649e-01 8.196958617208773834e-01 8.426733567858456508e-01 8.541910797807262812e-01 8.152964841437563281e-01 8.672716879591555461e-01 8.700176991633294943e-01 8.775951978856095792e-01 8.482875555275020130e-01 8.837901707318678302e-01 8.822093067184403337e-01 8.548012338799589882e-01 8.919601632846263506e-01 8.854525547788624218e-01 8.819626300769994875e-01 8.954076493762460620e-01 8.979125849580504859e-01 8.958954324752326226e-01 8.659446297964420447e-01 8.773953464581860651e-01 8.570305231551976766e-01 8.875404754894710146e-01 8.924710269364060089e-01 8.918545830092984295e-01 8.909833075604554065e-01 8.863517293087080917e-01 8.909909299129842308e-01 8.874590663351628050e-01 8.940119989209326379e-01 8.904221576572920460e-01 8.886787114607731519e-01 8.830086099345489936e-01 8.827234593704436083e-01 8.905725566123079417e-01 8.939140196350919831e-01 8.987205979720050975e-01 8.985314006868526659e-01 8.970901658358635400e-01 8.915440836321729678e-01 8.961912736791806111e-01 9.025181777016788587e-01 8.834340854243493135e-01 8.888975943523770296e-01 9.007592498321719265e-01 9.002677620729019337e-01 8.958473150932937390e-01 8.839957099105831828e-01 8.942261699848890188e-01 8.918987728416174487e-01 8.955304562300465676e-01 8.996548057774625962e-01 8.932057877757028086e-01 8.963020015164712140e-01 8.893669006213774653e-01 8.982958630133663913e-01 8.945209013598323100e-01 8.976684151589645611e-01 8.978744242622320737e-01 8.982543092515394845e-01 8.964942555496316912e-01 9.013879683199973458e-01 9.010221435026176673e-01 9.010108510122026848e-01 8.983517543655205051e-01 8.977627135852862539e-01 8.880742203973175375e-01 8.885258090631950045e-01 8.996348694716118644e-01 8.945210278036078710e-01 8.955684348759762603e-01 8.920486979555413143e-01 8.991525806207270044e-01 8.990107702805802958e-01 8.991941728875643136e-01 8.883406623623378850e-01 9.006039098967779655e-01 8.978875877871314026e-01 8.981451987482027555e-01 8.995313796934530925e-01 8.944320166674198935e-01 8.997269067237310125e-01 8.927850337049112461e-01 8.919678880831879431e-01 8.965696760075180238e-01 8.994446210299812394e-01
4.001203269316756100e-02 1.312986280982818277e-01 4.380876084262978476e-01 6.498591752088173079e-01 4.938340186497590656e-01 4.723120148751158709e-01 7.866798120620147605e-01 7.740512892804209955e-01 8.246385716363758833e-01 7.559558283609624230e-01 8.666507497693964890e-01 1.000000000000000000e+00 8.090404336972725208e-01 6.914221554198056729e-01 8.975753455316572982e-01 8.968931835654331275e-01 8.424148277241099159e-01 7.289619179103642432e-01 8.139624565808303291e-01 6.498461241126513022e-01 7.094490495815758413e-01 8.353633101774152747e-01 8.198197344506282791e-01 7.247427476343304420e-01 7.995487162183212426e-01 8.482562754801461491e-01 8.629676281376288394e-01 8.605753173653223342e-01 7.909306738296747463e-01 8.239580154563379555e-01 8.684086260792691636e-01 8.899628063116366006e-01 8.510623957720111488e-01 8.671084056783222582e-01 8.711479579161141018e-01 8.545552501721148664e-01 8.832565593495499412e-01 9.050271061705443820e-01 9.072060447038805542e-01 8.913053089761560077e-01 9.048559627666696858e-01 9.166039940095184191e-01 9.023574929673077172e-01 9.258894293514943197e-01 9.136685100874020193e-01 9.145612500890335506e-01 9.150473358822774905e-01 9.181702965072994216e-01 9.201587921210122589e-01 8.995161988847751866e-01 9.127402449637097570e-01 8.902328442574599654e-01 9.111238287635382571e-01 9.131646305689938847e-01 9.172749736114074182e-01 9.197718361211305593e-01 9.177211798249960140e-01 9.192075827542302013e-01 9.172719635225067281e-01 9.149876879077922798e-01 9.203485981994028453e-01 9.143199197939106959e-01 9.195262723450632336e-01 9.126182628384919004e-01 9.122136371208198202e-01 9.152818289699882204e-01 9.195423166587516350e-01 9.181514925167025831e-01 9.168606945180320933e-01 9.239922298393334898e-01 9.198221004659347111e-01 9.250254946620219965e-01 8.982510024996518405e-01 9.017914638474373579e-01 9.196097783397260139e-01 9.212113641238252049e-01 9.207148192895218131e-01 9.021735235003464082e-01 9.145255221399362089e-01 9.053776809194511443e-01 9.074715788664601268e-01 9.154906248317941087e-01 9.190175814018259892e-01 9.150517245392953969e-01 9.159895275224645417e-01 9.202802299357253357e-01 9.177129302299024127e-01 9.216397259048969559e-01 9.221349805828141788e-01 9.230421795294737608e-01 9.246060391178475557e-01 9.272827812795428892e-01 9.243786595311731524e-01 9.247821768687822797e-01 9.188193749601459848e-01 9.187535803883292163e-01 9.197078542078823693e-01 9.096019172875591252e-01 9.250394266460281179e-01 9.202937182695443141e-01 9.255636888141683949e-01 9.211513568023229626e-01 9.186610054353788746e-01 9.252315503615951009e-01 9.246512602533177860e-01 9.124546173074854494e-01 9.217360711484160474e-01 9.198319489559465545e-01 9.224398695213956723e-01 9.232247114990089765e-01 9.213833004804790061e-01 9.204285545127078860e-01 9.134795008658755933e-01 9.152787271164929406e-01 9.180664637000441886e-01 9.185837274885968462e-01
3.379849130029579513e-02 1.413880022728937758e-01 3.717147182486451595e-01 5.134933046158762782e-01 5.233128230585931684e-01 4.377211836194078165e-01 7.194594766678952258e-01 6.929789251250519921e-01 7.644115739810825039e-01 6.992136467678753409e-01 7.833454780792428185e-01 8.090404336972725208e-01 1.000000000000000000e+00 6.210638013264386803e-01 8.322836034498211077e-01 8.162524305309880601e-01 7.567658809542804343e-01 6.455896275873087564e-01 7.185825259563193290e-01 5.439155600931656620e-01 5.825155061019083869e-01 7.124119923505272123e-01 7.621721129250419446e-01 6.509039962201786933e-01 7.134345051685845318e-01 7.764446699118346951e-01 7.841762660990998501e-01 7.895489348465838386e-01 7.186724416588785580e-01 7.622861695485345646e-01 8.005505430754822349e-01 7.956367821275310837e-01 7.549017254266410237e-01 7.640868620185974347e-01 7.933310881903932188e-01 7.559976558780077127e-01 8.053682276981863897e-01 8.089615753285136490e-01 8.164489811022291876e-01 8.004530767799632462e-01 8.295434151968934522e-01 8.367032194096343245e-01 8.135894612123288905e-01 8.487880860511215486e-01 8.294170649519818639e-01 8.328001170188669144e-01 8.380630789750577181e-01 8.375181651525167581e-01 8.347546534325051004e-01 8.005049370086770866e-01 8.169433339815699302e-01 7.979612197964256470e-01 8.324588233902091572e-01 8.399710522826033809e-01 8.296774246185019130e-01 8.370412013039150168e-01 8.190204463786379119e-01 8.430629663188624612e-01 8.253156436727673295e-01 8.467599130127581031e-01 8.432645943671782662e-01 8.344214391476723058e-01 8.246799457840156000e-01 8.235315168943210251e-01 8.303778036345278446e-01 8.409675768671379670e-01 8.422864892368396861e-01 8.372466619514428166e-01 8.427254305830113035e-01 8.325690554733754523e-01 8.249956498276803663e-01 8.378933680547500096e-01 8.186829254969205660e-01 8.212255881995127460e-01 8.456160825114463764e-01 8.437970541441733863e-01 8.465527387016514860e-01 8.280980642357673727e-01 8.437814602569176925e-01 8.367576161088611242e-01 8.410605986172445814e-01 8.433201946646627922e-01 8.344926111383877965e-01 8.394296782531005530e-01 8.291588899478107288e-01 8.348605909850980167e-01 8.366881029516090029e-01 8.432705606439023782e-01 8.440860240928482749e-01 8.493874556835324663e-01 8.434857484427170649e-01 8.484110529215413976e-01 8.469990946316681146e-01 8.493527162506531170e-01 8.443298858628202064e-01 8.436708375815711314e-01 8.307585705088978978e-01 8.256024325640157757e-01 8.445777403915408765e-01 8.373516131695678544e-01 8.502562715166127605e-01 8.375803669087538150e-01 8.446979425374010475e-01 8.503021681118919650e-01 8.435908511800149778e-01 8.301465494637924047e-01 8.428635685962058144e-01 8.457954730617694983e-01 8.455435670102798840e-01 8.449188420852082881e-01 8.399694325954208951e-01 8.482096689028637559e-01 8.407851076477008689e-01 8.373636411811105074e-01 8.416652814438405628e-01 8.461653663876717024e-01
