1.000000000000000000e+00 8.898841756769464151e-02 8.789507398786508552e-02 4.945055690590812597e-02 2.117186892880196930e-02 -7.758684250120258773e-03 1.488298674290814902e-02 1.968445831055938566e-02 1.629683193970677124e-01 3.944831716149083817e-02 2.843331936063707432e-02 2.570262782406679616e-02 5.677272594596326910e-02 -5.893556642257952866e-03 2.460093053699864349e-02 3.735809140976119325e-03 1.572067484786836555e-01 1.327420622633938008e-01 1.052822436425307345e-01 7.503188386356660078e-02 5.583130221911106889e-02 9.118508301895081325e-02 1.331886516009795629e-01 1.140218950735998743e-01 9.823847100298672974e-02 1.010370564251055758e-01 7.215164631137718776e-02 3.271256864877775117e-02 1.208587268851522151e-01 1.117696245823902312e-01 8.163877525483140274e-02 7.503971143849615111e-02 5.488145472555463339e-02 6.821121753487012496e-02 1.133504446028184842e-01 6.749697928437016492e-02 7.085062630621728752e-02 2.212398417987947608e-03 5.047930922748695981e-02 3.175865486308562802e-03 3.511900754209880404e-02 1.332561769488925345e-02 4.883171105692244406e-03 2.123326516367302075e-02 4.697864719584666365e-02 1.402728231775160136e-02 4.851521902994030376e-03 3.156656363003410015e-02 3.490216777188784314e-02 2.289556486300631591e-02 1.563092639021370495e-02 6.032095225680042527e-02 3.616521969980795309e-02 5.114724988231413721e-02 4.996999943906447333e-02 5.715361231965167266e-02 8.183952966710461574e-02 2.414344953791861675e-02 2.099943674227693763e-02 4.461591981839865134e-02 1.487658304268430452e-02 2.118882223449118293e-02 2.167940743440666118e-02 3.601505414054507331e-02 6.680299555809240952e-02 5.313665263835604807e-02 3.276200646148987733e-02 3.247266552656833533e-02 4.751290114862245090e-02 2.271470726605544915e-02 2.855367818175144276e-02 3.615512858224619736e-02 4.240802810493380509e-02 4.638317098255804322e-02 3.459672357118743352e-02 2.749749991682755648e-02 2.044195218895678706e-02 5.251645517569892424e-02 2.448676013795981002e-02 4.144233049543116082e-02 4.276504649131659952e-02 3.168970202334814995e-02 5.543151866556746826e-02 4.193959821219902379e-02 2.350164821108730387e-02 2.759295575962889685e-02 1.617653136473675562e-02 8.980992877723831258e-03 1.655741219686381743e-02 3.554627923340463597e-02 8.307984059061543011e-03 8.627365236091984191e-03 1.048011832163487159e-02 6.848166034251509764e-03 9.907002528176805933e-03 1.903100833162931979e-02 6.126779545153008405e-03 5.345309498556721078e-02 1.722865739203038177e-02 8.984861519309675360e-03 3.819424818643906572e-05 1.769058836045373645e-02 2.213705104305456819e-02 4.855435771612100562e-03 3.425396511754558171e-02 4.150472734672230185e-02 3.518282059956110569e-02 2.643465552384063194e-02 2.981681693016267551e-02 1.578978171914060744e-02 1.828557779839657185e-02 2.627528228329313598e-02 1.541555181290033515e-02 2.523826919245771364e-02 4.584973879643813172e-02 3.755606694407189611e-02
8.898841756769464151e-02 1.000000000000000000e+00 8.448428162637849903e-02 3.928879378516089704e-02 5.672942816065861676e-02 1.243108242121958168e-01 1.230972048578130446e-01 8.570704616129731779e-02 1.841338014163121095e-01 1.909925838319370683e-01 1.511724154989207147e-01 1.190104255091256474e-01 1.358505296776748861e-01 1.141680215705506013e-01 1.441595832815642797e-01 1.342346158317358484e-01 1.739892113586798683e-01 1.444077034560025674e-01 1.305051938084224872e-01 4.131204997375925031e-02 1.532187945520063939e-02 1.225472237881543025e-01 1.184319844870387606e-01 1.226146139070143221e-01 1.329894727399722754e-01 1.813167510494445855e-01 1.705870604812122771e-01 1.513986123548920482e-01 1.972362416055979673e-01 2.175038401393419030e-01 1.954632104475949872e-01 1.629924455148668572e-01 1.718034298111143499e-01 1.519212417747873578e-01 1.985893397315775799e-01 1.179068388772029630e-01 1.630551867023579127e-01 1.401740316526070007e-01 1.558619578718007659e-01 1.227966488432754022e-01 1.580673964618746208e-01 1.449138679871307678e-01 1.077427154030345391e-01 1.323672098457282231e-01 1.384402963580365631e-01 1.504885098443349278e-01 1.490989513751316553e-01 1.657663583185101097e-01 1.441377049960272938e-01 1.256052335089007099e-01 1.304051088276616255e-01 8.176213575090141017e-02 1.318327534638330245e-01 1.760862170660795756e-01 1.803745072793377369e-01 1.696725949973998393e-01 1.560147190826318697e-01 1.625787497621158928e-01 1.530643040505241526e-01 1.515428292467713156e-01 1.362204751583017404e-01 1.513542954571623078e-01 1.374192404301443904e-01 1.411009790993432711e-01 1.507315357337715434e-01 1.582098649879953023e-01 1.618178734566159682e-01 1.588324585418330881e-01 1.605992843246317747e-01 1.154115293582191337e-01 1.277855361390015376e-01 1.579312395027440974e-01 1.422758359439396658e-01 1.355349097063823227e-01 1.672228205906819698e-01 1.612709759047001312e-01 1.535670395302947411e-01 1.764433609579607876e-01 1.602911930716349742e-01 1.852686675337185951e-01 1.712128090540188108e-01 1.702419394032569366e-01 1.648087043605983293e-01 1.736118789586729716e-01 1.506569236852124405e-01 1.444626956978388166e-01 1.460805902150753288e-01 1.508156611908247346e-01 1.536236212565910697e-01 1.618699094843567832e-01 1.462120325495057105e-01 1.468128308536017224e-01 1.427650578420936456e-01 1.486740871646128059e-01 1.563900629223730077e-01 1.587184656720559972e-01 1.202542123655553352e-01 1.499842579366729711e-01 1.467385538886969154e-01 1.362011214535079340e-01 1.289216723194021308e-01 1.508326248904179046e-01 1.390952539817663924e-01 1.448270629829954137e-01 1.355349249086472141e-01 1.550788709322809544e-01 1.581336821587349395e-01 1.685307190327294258e-01 1.677379488530702512e-01 1.564592779125950905e-01 1.557795042391633689e-01 1.552150619561733225e-01 1.556362883665936003e-01 1.491920186054176423e-01 1.530749020800609150e-01 1.549433487217008742e-01
8.789507398786508552e-02 8.448428162637849903e-02 1.000000000000000000e+00 3.089737708114007053e-01 1.885345519679217929e-01 2.250457546240016982e-01 3.448775560827454512e-01 3.405913461648624740e-01 3.886089148199063370e-01 3.352482289047768460e-01 3.920091693371705044e-01 4.009989647929373957e-01 3.609147350829220446e-01 3.488615884541941825e-01 3.990539957601761389e-01 3.898226513628883505e-01 3.790895109585366574e-01 3.580081020955289683e-01 3.704037341941261996e-01 2.873474083450887062e-01 3.094470892749624502e-01 3.774336821308034717e-01 3.689025627197914381e-01 3.633283177623582438e-01 3.666962260168165622e-01 3.884038295802623164e-01 3.905125022702664039e-01 3.981560614890948813e-01 3.988890926792233449e-01 4.018398229602384020e-01 4.138183563938083731e-01 4.038857305019952770e-01 3.801055794679862876e-01 3.987978648264337567e-01 3.932432544990284717e-01 3.720364969418125667e-01 3.965719350357930217e-01 4.005879760165842463e-01 4.027670534039848316e-01 3.932427312455862300e-01 4.024977137251505299e-01 4.063100963924908826e-01 3.885998976474704381e-01 4.036288199036519031e-01 4.106741076897492682e-01 4.039099577784860950e-01 4.015362517928819930e-01 4.036581821840476980e-01 4.063250455856955434e-01 3.962974844099226290e-01 4.003850854088559785e-01 3.823539956437583820e-01 4.046305265570395715e-01 4.024190261259065760e-01 4.047375529526451299e-01 4.019349508028943752e-01 3.989414752467662084e-01 4.014631598743818031e-01 4.019633872841135713e-01 4.015523134313684350e-01 4.008993322343491483e-01 3.950150747517415795e-01 3.979764843356821125e-01 3.942186465763155012e-01 3.984312838994517603e-01 4.026113510338673041e-01 4.109938720527454570e-01 4.120793508661869109e-01 4.147778092705243780e-01 3.943594798079376740e-01 4.077097408103211307e-01 4.156945015793220843e-01 4.029230154819027354e-01 4.043373271403779556e-01 4.111055617647426108e-01 4.156450972288875945e-01 4.045274706124807884e-01 4.088411312929227659e-01 4.091476485297919075e-01 4.116686725866611218e-01 4.075959978518345350e-01 4.190528334796239651e-01 4.134669454828190926e-01 4.072502560761724344e-01 4.130223612815512313e-01 4.106080368426279770e-01 4.109482424977552451e-01 4.122931042989789185e-01 4.110970023123910466e-01 4.111899640098722331e-01 4.092994363148175774e-01 4.076552060311721681e-01 4.076999527794548661e-01 4.054115352320630805e-01 4.039519975211559588e-01 4.075171799322795940e-01 4.036933097721478458e-01 4.045564383282227450e-01 4.056583365127451879e-01 4.073986206290626244e-01 4.030221600897122558e-01 4.064925972257417697e-01 4.045453525451479515e-01 4.068886489559059294e-01 4.048614802621525177e-01 4.074808653380376233e-01 4.098369655437167358e-01 4.098319736085470066e-01 4.106805075097313962e-01 4.064050914504598877e-01 4.081117127996110039e-01 4.073258565383446883e-01 4.040758915855071076e-01 4.051699805932692522e-01 4.061420123360396928e-01 4.081975605975883270e-01
4.945055690590812597e-02 3.928879378516089704e-02 3.089737708114007053e-01 1.000000000000000000e+00 3.660340095511572800e-01 3.864367150257383421e-01 5.542007330299457690e-01 5.670734399348474897e-01 5.345719946384245302e-01 4.547686080917647256e-01 5.609522761464018625e-01 6.482579036655889970e-01 5.545636012745880361e-01 5.342949915697081664e-01 6.023688018361936791e-01 5.996315436639384489e-01 5.388293535383618105e-01 4.904745313086136815e-01 5.172779538971488122e-01 5.658044283814689379e-01 6.350859360873456483e-01 5.666345020618563932e-01 5.072783578435328122e-01 4.948590276327968218e-01 5.006996434369054283e-01 5.454587131889981899e-01 5.572684511740479962e-01 5.626739462393401947e-01 5.117134066732244024e-01 4.986652115379767713e-01 5.463011445493767271e-01 5.763593041589386567e-01 5.225456266660174487e-01 5.512487028198843619e-01 5.118439907934948518e-01 5.618749401075878724e-01 5.533843739017304530e-01 5.819103371978137096e-01 5.770311120333354582e-01 5.714260283200998103e-01 5.786257371806952099e-01 5.864089075794319816e-01 5.932486704093087315e-01 6.066835580164366970e-01 5.905267052127257665e-01 5.833012843382695545e-01 5.870651912292929042e-01 5.872691119709776419e-01 5.994548024170559541e-01 5.820079917606645337e-01 6.040622824328971685e-01 5.786417798326832784e-01 5.918073060723975098e-01 5.803416179205267422e-01 5.611947317736031282e-01 5.639317052878739522e-01 5.921399120245032233e-01 5.890071878848127662e-01 5.990769022504367491e-01 6.059443151055441401e-01 6.015527909169322562e-01 5.974747720185095146e-01 6.042475704533970537e-01 5.950129802753322261e-01 5.890547275392754578e-01 5.948231416453263476e-01 5.839499899508190373e-01 5.746358539325112647e-01 5.834867213243563056e-01 6.322760285025175175e-01 6.247045742210671770e-01 5.833777944605889054e-01 5.842694198180975462e-01 5.845917822228027250e-01 5.883305546046653234e-01 5.954084117070566062e-01 5.914770317224077312e-01 5.647103302386350387e-01 5.695812360560216225e-01 5.584582449832173889e-01 5.793766820569277165e-01 5.822252299231169825e-01 5.850683110425340949e-01 5.660837985268509787e-01 5.917610092842261471e-01 5.947938210872739662e-01 5.885819260342841641e-01 5.942506306363949387e-01 5.867157414681911654e-01 5.776347275792946823e-01 5.890701451239125364e-01 5.940823531761073584e-01 5.902829639996098887e-01 5.921641586766779319e-01 5.885901424007262683e-01 5.872280962537375082e-01 6.052583787463636789e-01 5.928560174770542979e-01 6.001883296410852608e-01 6.069770903050036859e-01 5.978862305633075858e-01 5.995853179443297876e-01 5.965085718849106877e-01 5.993158310680206657e-01 5.984695080203870088e-01 5.912192045486055481e-01 5.955943493703840241e-01 5.769735877771868804e-01 5.787926718351972255e-01 5.918989274875586792e-01 5.934740864477858757e-01 5.932437375677463987e-01 5.947252146505255244e-01 5.966871571672383023e-01 5.941365050007327842e-01 5.927882615337888295e-01
2.117186892880196930e-02 5.672942816065861676e-02 1.885345519679217929e-01 3.660340095511572800e-01 1.000000000000000000e+00 3.207150914751817350e-01 4.714969613645302315e-01 4.439789325089083527e-01 4.369550112177437717e-01 4.149038689415038839e-01 4.641502345426710696e-01 5.007483336208600200e-01 4.934969598989422668e-01 4.580571979008220551e-01 5.067486526144300285e-01 4.970370044573237389e-01 4.407851833412593789e-01 3.817524932693954209e-01 3.988672958659887913e-01 4.233501122072326206e-01 4.354087254967182186e-01 4.429926295190775853e-01 3.797996712006631026e-01 3.644855704775474825e-01 3.783288634628011460e-01 4.473854764784624960e-01 4.521871601596752499e-01 4.550118208773796802e-01 4.285010459869027510e-01 4.292213768661150564e-01 4.594261288484352557e-01 4.616709103033835304e-01 4.157835277301374921e-01 4.462441883178162039e-01 4.291305791460884866e-01 4.514980873846494713e-01 4.486353530025229963e-01 4.886683188063913330e-01 4.842380800569078825e-01 4.596275894046254473e-01 4.860856519862856717e-01 4.961249795643197791e-01 4.988207036905506486e-01 5.154674051770674614e-01 4.893882035381129647e-01 4.994140093287633975e-01 5.030240737152519293e-01 5.017504313949486816e-01 5.048089141960310222e-01 4.905800615044138557e-01 5.058499864823287062e-01 4.761370800139947956e-01 5.070977740064694927e-01 4.905816506022890877e-01 4.716391423520964743e-01 4.656359023100956063e-01 5.024020315228299172e-01 5.049916052475352801e-01 5.042522093771577563e-01 5.211613886090510350e-01 5.204872774709524696e-01 5.121877538305722455e-01 5.136633571303823587e-01 5.169705711166100448e-01 5.060709535866320108e-01 5.101453055762310562e-01 5.040194596387959081e-01 4.872935065598276716e-01 4.846923177149907169e-01 5.160396706784288190e-01 5.081017798425828680e-01 4.919226951979594475e-01 4.804406277683985205e-01 4.746083991265485635e-01 4.949915412229684009e-01 5.021188856649549948e-01 4.959833413650999168e-01 4.786654579431539047e-01 4.875658359263190800e-01 4.849073683644369304e-01 4.901768993156362386e-01 4.955134858888605165e-01 4.916853974774186842e-01 4.842409996063993805e-01 4.978849586877582833e-01 4.907388186816332154e-01 4.921689516892019389e-01 5.037979956328020315e-01 5.004741405491620609e-01 4.873654686239277667e-01 4.895882783114886005e-01 5.038337066721535473e-01 5.007678801761893395e-01 5.066875516333197993e-01 5.074490032909332315e-01 5.052292663886679414e-01 5.057798985017224469e-01 5.031861395335157638e-01 5.149924861516975705e-01 5.132690829569195312e-01 5.091372102649593945e-01 5.103226676441491305e-01 5.092728559151949996e-01 5.132556612837171350e-01 5.054857939566584912e-01 5.062349831105443787e-01 5.061186039275169524e-01 4.996382050325895441e-01 4.935113245597639309e-01 5.105817292465549828e-01 5.055786520848110088e-01 5.157561260898638755e-01 5.105149561156857585e-01 5.128356814611065850e-01 5.112668345301416561e-01 5.117981474958500643e-01
-7.758684250120258773e-03 1.243108242121958168e-01 2.250457546240016982e-01 3.864367150257383421e-01 3.207150914751817350e-01 1.000000000000000000e+00 5.301063346043222158e-01 5.003864670710278517e-01 5.193452809262711911e-01 4.891432588935020198e-01 5.592190820385500860e-01 5.658255277915767989e-01 5.316989530602534986e-01 5.393670440460203164e-01 5.966423150010647936e-01 5.736831459631375196e-01 5.207921276258467014e-01 4.825509501665212753e-01 5.243161475312513309e-01 4.163508378381964858e-01 4.525801650768217499e-01 5.286748610468283704e-01 4.786275198064968150e-01 4.877946130426993321e-01 5.149034646080296040e-01 5.567018597285817716e-01 5.510701099317788509e-01 5.661650598021774616e-01 5.317454186786720882e-01 5.446387613175224240e-01 5.758387269349549697e-01 5.591415185175868663e-01 5.512735627151121864e-01 5.538123591892742947e-01 5.366277685280722576e-01 5.519839326460229678e-01 5.617417368493794472e-01 5.847952563572182960e-01 5.901722364078541005e-01 5.717861894028798408e-01 5.979175079052244657e-01 5.998737586811052624e-01 5.941971337889441207e-01 5.991502846504864754e-01 5.930899151946089631e-01 6.004452651049940748e-01 6.020573763949805812e-01 6.004261233447073520e-01 5.883221136194430878e-01 5.725165619151194596e-01 5.959538096256067341e-01 5.427638298768240332e-01 5.903941823457867777e-01 5.952480700828413074e-01 5.825080594683974544e-01 5.877250752853409033e-01 5.799855645196315690e-01 6.012091307677023266e-01 5.985234051199668226e-01 5.983366192391657012e-01 5.999433077718636653e-01 5.935412375081572378e-01 5.937447349975325528e-01 5.907912747132078035e-01 5.844180229811829497e-01 5.918497626867995631e-01 6.033484906029820127e-01 5.978788188252313063e-01 5.964079578166332496e-01 5.926639754729301490e-01 6.010658796367812640e-01 6.008243779402153706e-01 5.907234133149640298e-01 5.920695492369983937e-01 6.021662706582542324e-01 6.005244601806456473e-01 6.061790480603512776e-01 5.889386374547814773e-01 5.980120648805732353e-01 5.959164408935510027e-01 6.002132549897745140e-01 6.035916991196070835e-01 5.983777526946241210e-01 5.986891751816884044e-01 6.001537511330694574e-01 5.999827884204786965e-01 6.040140572154796272e-01 6.083102852022150842e-01 6.094979910687092772e-01 5.984556394625158982e-01 6.024053782516360922e-01 6.087667080745435833e-01 6.059211772369240689e-01 6.108026916627200542e-01 6.084439093248167341e-01 6.054903395193038662e-01 5.952343418020437094e-01 5.899189919392640036e-01 6.030422301326299195e-01 6.080289855479260597e-01 6.051249501117167418e-01 6.053894133362199836e-01 6.048638638279906221e-01 6.052398213262412119e-01 5.974285609578782186e-01 5.944118770311437316e-01 6.014441975241274774e-01 6.055166975619757919e-01 6.023224876061381572e-01 6.041836164584124536e-01 6.026782775564440975e-01 6.039313550562382948e-01 6.039803725681777147e-01 6.030511657914002788e-01 5.979273935997455602e-01 6.025098114012427120e-01
1.488298674290814902e-02 1.230972048578130446e-01 3.448775560827454512e-01 5.542007330299457690e-01 4.714969613645302315e-01 5.301063346043222158e-01 1.000000000000000000e+00 7.140703426578355328e-01 7.059502772744284949e-01 6.539743553763572859e-01 7.407107430007383586e-01 7.944107438020419076e-01 7.456910675547465672e-01 7.337362646502206820e-01 8.403986383903426782e-01 8.002534994998853346e-01 7.049524198250253226e-01 6.476390749008796854e-01 6.895214156593920674e-01 6.181619422349903248e-01 6.642359156790851316e-01 7.253199422226407345e-01 6.394212842568366417e-01 6.221711794436944887e-01 6.499898011252610575e-01 7.590744778340836607e-01 7.501028348487894792e-01 7.756566701960833088e-01 7.189134447223940461e-01 7.174595539722592452e-01 7.668019902921501263e-01 7.712882157910505576e-01 7.418030751320953131e-01 7.538116649721409157e-01 7.203224442855616916e-01 7.515415963695766255e-01 7.537156544706985484e-01 8.139379246665560119e-01 8.072593263792831042e-01 7.939736915841996145e-01 8.007685980188671282e-01 8.139847340538877152e-01 8.038120322571953302e-01 8.258127304093174637e-01 7.976609212954488548e-01 8.166895885978697756e-01 8.064428105935074198e-01 8.039792393934429571e-01 8.065189966872022831e-01 7.932342523876082518e-01 8.180891678484204510e-01 7.356137957810897632e-01 7.934036465888079093e-01 7.988842966713091132e-01 7.864601201804590769e-01 7.887558245346855124e-01 7.972979683250804861e-01 8.107481346873914863e-01 8.178121859306154429e-01 8.113383366623236892e-01 8.154927492703835101e-01 8.161288849502722487e-01 8.177886388758972558e-01 8.121893604860279670e-01 7.940306377499953827e-01 8.025574323743562832e-01 8.053320829072277975e-01 7.939494001115002808e-01 7.933894708118305328e-01 8.062079567317347317e-01 8.090955440102088891e-01 7.959747831415955321e-01 7.738417228085784361e-01 7.722893344910071178e-01 8.104315240920146879e-01 8.114704903293060712e-01 8.137492300105438892e-01 7.880580851090448480e-01 7.995123707127259616e-01 7.856367113136452085e-01 7.952418207912985704e-01 8.038090836538138717e-01 7.997955262157011580e-01 7.889164382456455016e-01 8.031745793401869893e-01 7.926577456723512549e-01 8.017123142987724327e-01 8.188562099641072400e-01 8.127571784102376462e-01 8.013919544875102163e-01 8.125680283206678789e-01 8.189209030938905398e-01 8.137430227514705905e-01 8.204605905725964599e-01 8.111276883933421500e-01 8.097442931045638614e-01 8.098399828945881396e-01 7.913722322301629530e-01 8.149232073631771378e-01 8.205478003065684867e-01 8.177093188622052145e-01 8.155258404114966719e-01 8.104957212661185739e-01 8.181453823669455616e-01 8.002393635666121829e-01 8.008115995963249745e-01 8.088820905342378742e-01 8.064395640756468753e-01 8.056170252605869830e-01 8.129687996477568124e-01 8.134133247193237048e-01 8.112213142115121123e-01 8.136982089158328879e-01 8.108052727923860115e-01 8.064470646605537141e-01 8.054392611616055797e-01
1.968445831055938566e-02 8.570704616129731779e-02 3.405913461648624740e-01 5.670734399348474897e-01 4.439789325089083527e-01 5.003864670710278517e-01 7.140703426578355328e-01 1.000000000000000000e+00 6.816008251936594986e-01 6.103222632093930899e-01 7.275442242435864459e-01 7.736354948854620162e-01 7.145534381028575410e-01 6.924376659210389473e-01 7.902342937870879824e-01 7.939789417564175888e-01 6.963874897355970539e-01 6.568596234708248272e-01 6.780234917959722107e-01 6.192194282912926173e-01 7.041321100630576479e-01 7.173445288226125705e-01 6.406132079489508246e-01 6.284106251291515788e-01 6.505529806589066544e-01 7.299821169037268298e-01 7.228013545357724334e-01 7.381448786349534830e-01 6.889212146543431947e-01 6.838338349837064234e-01 7.348594801549350741e-01 7.610358135589864181e-01 7.108499129622330992e-01 7.493779223166731063e-01 6.903980790880480667e-01 7.463297253727043667e-01 7.352221102933049757e-01 7.832957130726438955e-01 7.758573369987163959e-01 7.622779168084724555e-01 7.651871079947332177e-01 7.737487368520592490e-01 7.728715067338891576e-01 7.917896341951019545e-01 7.694049628311055988e-01 7.752290035651763223e-01 7.733290822864050673e-01 7.749697209863765091e-01 7.898619433969336079e-01 7.866574246213123844e-01 7.959798524620624871e-01 7.462105533254450584e-01 7.721958402240215458e-01 7.689645252580761259e-01 7.608439589902158406e-01 7.651376772707263463e-01 7.779435791270333800e-01 7.756964218969819580e-01 7.877475478517019791e-01 7.790003970339700601e-01 7.874256745695484838e-01 7.842889203127699771e-01 7.919934569964458548e-01 7.863454671306956412e-01 7.736961573850120732e-01 7.780765736086265871e-01 7.710561260555797158e-01 7.669652598220441098e-01 7.665857183423707699e-01 7.841999180235766920e-01 7.902226163174387308e-01 7.682358665912929485e-01 7.569190750043779392e-01 7.560646932109519325e-01 7.770869991997758630e-01 7.756149366311000382e-01 7.762089349364466040e-01 7.559032719674236844e-01 7.619480422980023926e-01 7.512049156577704778e-01 7.649990142976296204e-01 7.671366631737331909e-01 7.748648287331777462e-01 7.571730960306369829e-01 7.846526519057946958e-01 7.780209526004439047e-01 7.744761913995971137e-01 7.876129873883978005e-01 7.799372768154345659e-01 7.719152501595215599e-01 7.789665367655392858e-01 7.827840515631090401e-01 7.787836682170753422e-01 7.826561794323151355e-01 7.763333977487355542e-01 7.774489363392025343e-01 7.947329863606823475e-01 7.814233877062047862e-01 7.905364788590966141e-01 7.977281225082426541e-01 7.888063106351869136e-01 7.924708709081266234e-01 7.813347867216644538e-01 7.868790683542531417e-01 7.859414128954549383e-01 7.781244871793765450e-01 7.850664016944800538e-01 7.697383753371740411e-01 7.741732112162620361e-01 7.803444054096269067e-01 7.857540658469446271e-01 7.772523612133712678e-01 7.833295741600074802e-01 7.858873911999201267e-01 7.779494616764782711e-01 7.769875739156505423e-01
1.629683193970677124e-01 1.841338014163121095e-01 3.886089148199063370e-01 5.345719946384245302e-01 4.369550112177437717e-01 5.193452809262711911e-01 7.059502772744284949e-01 6.816008251936594986e-01 1.000000000000000000e+00 7.425521865417077372e-01 8.065635416511167666e-01 8.138163348696537680e-01 7.704276853594719254e-01 7.399812518182603549e-01 8.382312622139619362e-01 8.162417396524257462e-01 8.440261977452291342e-01 7.592965638864621614e-01 7.811029314593066486e-01 6.078465082922658302e-01 6.482774084052637109e-01 7.926987163455270213e-01 7.347205642878550380e-01 7.308283706762066512e-01 7.563218652598363567e-01 8.424340838220039096e-01 8.353114722246613999e-01 8.227695382664957924e-01 8.314819830473627604e-01 8.358017260344848820e-01 8.623293398477674954e-01 8.451477484845778543e-01 8.093186375359086027e-01 8.289147681519150046e-01 8.329688241066391940e-01 8.113806965144511052e-01 8.368140989185879342e-01 8.398130980407007007e-01 8.594775571563139094e-01 8.083371829426295729e-01 8.587224144677666482e-01 8.505017247068655806e-01 8.266040034456857422e-01 8.573678596126222962e-01 8.484016232339315344e-01 8.503333108476687219e-01 8.602078409587776697e-01 8.745667479542202916e-01 8.649980502917240521e-01 8.359684168750350919e-01 8.540099440594678404e-01 7.903542170157349389e-01 8.498616809188060950e-01 8.721684917338400345e-01 8.569887277480510157e-01 8.594684772387690685e-01 8.727294484132047669e-01 8.622384101543115742e-01 8.609325250989183775e-01 8.761639105335822242e-01 8.589842193153259808e-01 8.632373071038778045e-01 8.540318224400310632e-01 8.670553743241865563e-01 8.748652536668009017e-01 8.697833513496826541e-01 8.726735567928179949e-01 8.658766989951182103e-01 8.662023341626039485e-01 8.388472174924219704e-01 8.571943443522582751e-01 8.685438088332801954e-01 8.501293943111583040e-01 8.488306018763090988e-01 8.699349138322127750e-01 8.687571388730336297e-01 8.600499262303312742e-01 8.703150819897002011e-01 8.622535419974635129e-01 8.709999869259021921e-01 8.694770486140174226e-01 8.698858077760274199e-01 8.771958684018849040e-01 8.686491795955777473e-01 8.618054138935208330e-01 8.610242806729936360e-01 8.594547842878927923e-01 8.614414020868805810e-01 8.652150156055510299e-01 8.648254008432738615e-01 8.522338139520319045e-01 8.607266598601779339e-01 8.598613923500658673e-01 8.608378341512092913e-01 8.652801077941186803e-01 8.688587337103946817e-01 8.432872361188843424e-01 8.607026256794498842e-01 8.635804758813024895e-01 8.595069536847883551e-01 8.505697854576286243e-01 8.622017611235761603e-01 8.613879163580645537e-01 8.629811554013187003e-01 8.625958330518912476e-01 8.664715508968583446e-01 8.711892169743808978e-01 8.713001197997277680e-01 8.698449266316647943e-01 8.668802987929463688e-01 8.656504716563204749e-01 8.718673013891581336e-01 8.663146552277694035e-01 8.700662742335859567e-01 8.756372699528155445e-01 8.711182752749646596e-01
3.944831716149083817e-02 1.909925838319370683e-01 3.352482289047768460e-01 4.547686080917647256e-01 4.149038689415038839e-01 4.891432588935020198e-01 6.539743553763572859e-01 6.103222632093930899e-01 7.425521865417077372e-01 1.000000000000000000e+00 7.494350053048215443e-01 7.458493627843757467e-01 7.014912694259046733e-01 7.084342197969127897e-01 7.931090875993093148e-01 7.718461145365722587e-01 7.338885069417938611e-01 6.897078574426643849e-01 7.116419783414456024e-01 5.244752637217218183e-01 5.511559461235866486e-01 7.189739199105538159e-01 6.654422592776164658e-01 6.639882220023242132e-01 6.901694801209403707e-01 7.743565539602161873e-01 7.714645972219676962e-01 7.676957741220514775e-01 7.628821971936510238e-01 7.766962840700434301e-01 8.043860791205851291e-01 7.800408632855222457e-01 7.610187362014930734e-01 7.672509465830213982e-01 7.717246445431518165e-01 7.459641417609492731e-01 7.782361399906627675e-01 7.997033988439246066e-01 8.074756891634486955e-01 7.658213131379778549e-01 8.097045834713695323e-01 8.019611049805119851e-01 7.796397716396656907e-01 8.001641056438147936e-01 7.921710507955305181e-01 8.055959513204714595e-01 8.156685796742928485e-01 8.232731192607328774e-01 8.035264261902707039e-01 7.755498831597411602e-01 8.014311644751506147e-01 7.049397669700505631e-01 7.883160513069739084e-01 8.161659370119380696e-01 8.082244344572182548e-01 8.061050383421736187e-01 7.943971867934206399e-01 8.167861327103791425e-01 8.138942279461813811e-01 8.100725590763381279e-01 8.043933387538516611e-01 8.099919129162055365e-01 7.995529271988224274e-01 8.021342419466882534e-01 8.011752195535692955e-01 8.050421910788643221e-01 8.211699202828536270e-01 8.181582237150069048e-01 8.123288160651190859e-01 7.778908936016633024e-01 7.996602190977691871e-01 8.162088705016304901e-01 7.964890383092458892e-01 7.892043756443982705e-01 8.179289758741676852e-01 8.168030718717033123e-01 8.096204023486403001e-01 8.171445636710694682e-01 8.102221889973441060e-01 8.209215265232893133e-01 8.146728930642845867e-01 8.213409294786059300e-01 8.176823676181745881e-01 8.179229854104530517e-01 8.105218057607305182e-01 8.060491021977936876e-01 8.116077250213016292e-01 8.168306613050725362e-01 8.203981477507488185e-01 8.165487105072464225e-01 8.072838818989676035e-01 8.146738824392905087e-01 8.125153291179875170e-01 8.168897955934751876e-01 8.207592201386085806e-01 8.222843122129848137e-01 7.890754988119947910e-01 7.986165549906011352e-01 8.130421478192493279e-01 8.082440434923133799e-01 8.031323391634650477e-01 8.135988240854069575e-01 8.067465677264591406e-01 8.122611141453960348e-01 8.008370424456511261e-01 8.096381824126078763e-01 8.167026834871981000e-01 8.256336150667020757e-01 8.228032591789402606e-01 8.202093110887216376e-01 8.174449267819221543e-01 8.187533951223144868e-01 8.184379531647887340e-01 8.147136019727467815e-01 8.117660295494665279e-01 8.144127772702909329e-01
2.843331936063707432e-02 1.511724154989207147e-01 3.920091693371705044e-01 5.609522761464018625e-01 4.641502345426710696e-01 5.592190820385500860e-01 7.407107430007383586e-01 7.275442242435864459e-01 8.065635416511167666e-01 7.494350053048215443e-01 1.000000000000000000e+00 8.667959207167826863e-01 7.888232153724737961e-01 7.899994208356058145e-01 8.746684165910716402e-01 8.553079775282992347e-01 8.073572073038545183e-01 7.607691017376426723e-01 7.988278891928091152e-01 6.191580972711860920e-01 6.765616912487583123e-01 8.150240533119069708e-01 7.485766848764816572e-01 7.454190208844160281e-01 7.799378112937526142e-01 8.550980691160418035e-01 8.553769108136063393e-01 8.574373041786638172e-01 8.286259901710080200e-01 8.386601201545725859e-01 8.829190727759947954e-01 8.603688518714610600e-01 8.304948184386194976e-01 8.530207546645695027e-01 8.314820586384525924e-01 8.341455590888299243e-01 8.655840862019001936e-01 8.834959196711300589e-01 8.906159907206018245e-01 8.604323433403382460e-01 8.961663175667632375e-01 8.914594517062828238e-01 8.737748839441988880e-01 8.953937185973561697e-01 8.878114527834726211e-01 8.934066700253670001e-01 9.037613852013475224e-01 9.059931223319083182e-01 8.930983295348342565e-01 8.726478118526775907e-01 8.932137532270618685e-01 8.264420259070041075e-01 8.851700784362208640e-01 8.952255756170097722e-01 8.847006448805825318e-01 8.870819838069603502e-01 8.807070837505084349e-01 8.986874502854373947e-01 8.979426286827524306e-01 9.000371137414965306e-01 8.978632733103758534e-01 8.969346970972387201e-01 8.897223242325245085e-01 8.917669221029262960e-01 8.905061319322704616e-01 8.942022700839399318e-01 9.045397496831290018e-01 9.004558299839499069e-01 8.967925864011463410e-01 8.801455023730669902e-01 9.030910362615256481e-01 9.047504221504192312e-01 8.831935932883123730e-01 8.881762449213607136e-01 9.057401897831618420e-01 9.076331003220307059e-01 9.021634507799526359e-01 8.946085811269697263e-01 8.997731279230009038e-01 8.981336027548790790e-01 9.031627580029821800e-01 9.057230111947944806e-01 9.022399779983745205e-01 8.975825319281964809e-01 9.028686462289975401e-01 8.993262872351363013e-01 9.034790597041617577e-01 9.063892891154627929e-01 9.057591258244138688e-01 9.014847709134207188e-01 9.020239118734425521e-01 9.074922544775031463e-01 9.058466239019477007e-01 9.077498146360186704e-01 9.086564731469631839e-01 9.079871415517319910e-01 8.933593394744411276e-01 8.880661099050647378e-01 9.046809732423394257e-01 9.057059008197893002e-01 9.020741583002521713e-01 9.048224765213410681e-01 9.026363940715609324e-01 9.070466776323719005e-01 8.999664425861699790e-01 8.956515788662097188e-01 9.055326316275081888e-01 9.065711282856634412e-01 9.061922761006100391e-01 9.069808376392037852e-01 9.068886722309529302e-01 9.067109773977461984e-01 9.053565231765795529e-01 9.044621189238701842e-01 9.023153389168768745e-01 9.027125790790501147e-01
2.570262782406679616e-02 1.190104255091256474e-01 4.009989647929373957e-01 6.482579036655889970e-01 5.007483336208600200e-01 5.658255277915767989e-01 7.944107438020419076e-01 7.736354948854620162e-01 8.138163348696537680e-01 7.458493627843757467e-01 8.667959207167826863e-01 1.000000000000000000e+00 8.316813695498093129e-01 8.182122745583068069e-01 9.089483916835271460e-01 8.988086557897149165e-01 8.194331277171827965e-01 7.662687040720017606e-01 8.039698533556630666e-01 7.148896875881591839e-01 7.810319180180067544e-01 8.309462294245938407e-01 7.597698026164584340e-01 7.475020088435595511e-01 7.717802493932647279e-01 8.566915879866333627e-01 8.661791400867220325e-01 8.698612834833927554e-01 8.305899880862471774e-01 8.281106136145027774e-01 8.870646103943586880e-01 8.847138949549947506e-01 8.383478232744790981e-01 8.645639207339729237e-01 8.253332050780665119e-01 8.589577449242650209e-01 8.780835796471742061e-01 9.081530622893315696e-01 9.080815285838124140e-01 8.842327330710014754e-01 9.094792023553520677e-01 9.143223322054395696e-01 9.113504224323636382e-01 9.284667241989233988e-01 9.081046459954780214e-01 9.174718016295875245e-01 9.237533090096066157e-01 9.235400937574913538e-01 9.241397801011121960e-01 9.014061653174095801e-01 9.251329985371844478e-01 8.614949236763441709e-01 9.169452124192953857e-01 9.159959422128026718e-01 8.981523793658544585e-01 8.983117854808989611e-01 9.147052801047502735e-01 9.191055226834645708e-01 9.261620808494633872e-01 9.301851755074195260e-01 9.322624151990461794e-01 9.290389308330052609e-01 9.283239976458811382e-01 9.242162834022640272e-01 9.168533078325994401e-01 9.239088369513138721e-01 9.224862513697876798e-01 9.129390861183639405e-01 9.152284921707272147e-01 9.312938061849481697e-01 9.343341878042277227e-01 9.175107105979152244e-01 9.042683426445807804e-01 9.033934782412154085e-01 9.228084145717369013e-01 9.255019708995767536e-01 9.215810941228234077e-01 9.076669962170899053e-01 9.094354967772108056e-01 9.053613773268212039e-01 9.157149237801155417e-01 9.195016822462361850e-01 9.200892985574069538e-01 9.101825549076552058e-01 9.221041905506187630e-01 9.199163246052369791e-01 9.233399941097208963e-01 9.279574752329263765e-01 9.258875635713874619e-01 9.156522993076379180e-01 9.227345879468855649e-01 9.286845547247427612e-01 9.255153875719844825e-01 9.292678886357607082e-01 9.283326440868571172e-01 9.283979596177565075e-01 9.210712768182680588e-01 9.123093609037524754e-01 9.297676740853580979e-01 9.327513964793818779e-01 9.296163050365756630e-01 9.301189360934352113e-01 9.269155007565050841e-01 9.318891667105583254e-01 9.240440664056197573e-01 9.202120127084028045e-01 9.278500417016471991e-01 9.219545451127110214e-01 9.201642135853207449e-01 9.287431233950328435e-01 9.290084846854349543e-01 9.302246222929041464e-01 9.296616550994998285e-01 9.287563744953861722e-01 9.261368891457575359e-01 9.254153075566375897e-01
5.677272594596326910e-02 1.358505296776748861e-01 3.609147350829220446e-01 5.545636012745880361e-01 4.934969598989422668e-01 5.316989530602534986e-01 7.456910675547465672e-01 7.145534381028575410e-01 7.704276853594719254e-01 7.014912694259046733e-01 7.888232153724737961e-01 8.316813695498093129e-01 1.000000000000000000e+00 7.579662659593149332e-01 8.447917610824150492e-01 8.370785420991149195e-01 7.589202553585948641e-01 7.124249909623044941e-01 7.446036935942382806e-01 6.483531813106726549e-01 6.764973304498187456e-01 7.625122883544876995e-01 7.076714446426682903e-01 6.975607490511912534e-01 7.144625663617377720e-01 8.058802032329038800e-01 8.072401303682344986e-01 8.024272563290568705e-01 7.824185248524923031e-01 7.895947733244682576e-01 8.294657367285633853e-01 8.264822386389155673e-01 7.844231955877115636e-01 8.091863265717332832e-01 7.873946457547085220e-01 7.967398808741779082e-01 8.151693752875399657e-01 8.418250082002360912e-01 8.497345885359107731e-01 8.128942908791209065e-01 8.445992235900036116e-01 8.491022645747838826e-01 8.425645782603272682e-01 8.633518991492570294e-01 8.449828428387222701e-01 8.514779169910802192e-01 8.566915959580989615e-01 8.575814107595827185e-01 8.555632114075518713e-01 8.320652603404824488e-01 8.542203023613375024e-01 7.985881603748268276e-01 8.561477794212420944e-01 8.575897992685805882e-01 8.387902297226930148e-01 8.353292281756876658e-01 8.569155206887215659e-01 8.579562663531096200e-01 8.593161164125440177e-01 8.705110513612311918e-01 8.686487946505419000e-01 8.651928846898000458e-01 8.626080686598632807e-01 8.632904476734092336e-01 8.564457467206644248e-01 8.649234028844116073e-01 8.612180661427134565e-01 8.526328616994180987e-01 8.551917567987947777e-01 8.544778331714979469e-01 8.579441065169252090e-01 8.532476953655517837e-01 8.427101010788228264e-01 8.368096047699455919e-01 8.597667627347002073e-01 8.573163262255026895e-01 8.549787100302442822e-01 8.480058790391780121e-01 8.476101863509643008e-01 8.495515241476860879e-01 8.550383449805388780e-01 8.590199395256108428e-01 8.577025324833115194e-01 8.554373100851173639e-01 8.581856044094433589e-01 8.543024037553316186e-01 8.556857158911725936e-01 8.615484440907986707e-01 8.613341234316868045e-01 8.502516585013498718e-01 8.536596438908267137e-01 8.612532376183511529e-01 8.612009489709047116e-01 8.622665555828702422e-01 8.631815217585412370e-01 8.635553028980950119e-01 8.525099526082853263e-01 8.526440074558158111e-01 8.658930801783888409e-01 8.639682061641512645e-01 8.626858482302384168e-01 8.630695123716353168e-01 8.662224289965745339e-01 8.669207618402785531e-01 8.603376343868406328e-01 8.607031588675142508e-01 8.646465758079796560e-01 8.596701215397397622e-01 8.583934853885862859e-01 8.632123509372763293e-01 8.608829741967756188e-01 8.691925403472647860e-01 8.650785425929432559e-01 8.671655510279970835e-01 8.638110749356613383e-01 8.671788179181166845e-01
