1.000000000000000000e+00 1.312732166092830666e-01 1.176012572663658190e-01 9.821296990502406676e-02 4.038744897914075399e-02 -1.304401754276172248e-02 5.748717909117877917e-02 4.877113062880632927e-02 1.295130664876766313e-01 5.427989192969216031e-02 7.781577765358717313e-02 4.706503197260131915e-02 5.273900264083803552e-02 -1.508098020140943418e-03 -5.037002564740154439e-03 4.723563406897829386e-02 1.244229618002229143e-01 4.828008659173117778e-02 8.626159150872460268e-02 4.375673962400034728e-02 1.071576478163817903e-01 1.132757298365048154e-01 7.342367178082044588e-02 8.836530420452112788e-02 7.134658370880112011e-02 7.294246003673753032e-02 8.231958807459374694e-02 4.472444238089631763e-02 9.958131551861233721e-02 8.222064394091635475e-02 6.342019514172461681e-02 4.182642739414176719e-02 1.890244538135137792e-02 7.899890947614585102e-02 6.825333060827652731e-02 7.859770292640816391e-02 7.018041831991436719e-02 -9.159290027159127864e-03 2.477200206184974191e-02 -4.689039958119003287e-02 1.234279073381456572e-02 -9.024524422100952195e-03 -1.045865981025651762e-03 1.379780843648535475e-02 6.920909213541517196e-03 1.210623843952007145e-02 2.008507988579536635e-02 2.253036634082757408e-02 2.057337903848925967e-02 2.352284108819203620e-02 2.109542828971586528e-02 5.906298651139891068e-03 3.754697870660736632e-03 3.787312245218511092e-02 1.133332731016254563e-02 -9.550857350965225034e-03 5.216159331950207673e-02 4.614585144200414671e-03 -8.590044960436190669e-04 5.627226722905063344e-02 1.325759728290178303e-02 1.760542279890130526e-02 1.801282733156550978e-02 2.702379871901122721e-02 8.106348757434504726e-02 7.834570895184843342e-02 3.060913894369009236e-02 2.938218259021590020e-02 2.501988256326791171e-02 2.534911009902611825e-02 5.072957759845899556e-02 3.716646628380243511e-02 2.625451055666236377e-02 3.191312171227697614e-02 2.376104146463133351e-02 1.896148168281525798e-02 2.792569121320409228e-02 4.809621523673788396e-02 2.391589585867890180e-02 1.461307140150404187e-02 1.578273813059255168e-02 1.872425401856532556e-02 2.913999524352857418e-02 2.104556856258646066e-02 7.160001011766714378e-03 2.162686434066240018e-02 1.651143641710520193e-02 -5.967292624811039621e-03 1.127122200207427219e-02 -8.009915157981514419e-03 -1.595656192477308902e-02 -1.725989280033246847e-03 6.616991599632028077e-03 1.369248053527082586e-02 8.571953942473316615e-03 1.208780225275603824e-02 -2.999370236517992505e-02 3.231605791781896192e-02 1.136969141086192469e-03 1.741050689962694896e-03 -1.399750857811483257e-02 3.245296962287965077e-04 1.224110969471358355e-02 7.096262567281813420e-04 1.237045516259431370e-02 1.401193165902995391e-02 7.285366434969990299e-03 1.033518129630747046e-02 -2.014402376813933615e-04 9.763524490302228492e-03 -1.182966762326056846e-02 2.382365481468275495e-02 8.083405136992734968e-03 2.034949116925319212e-02 4.279096336168108222e-02 4.503189478301568294e-02
1.312732166092830666e-01 1.000000000000000000e+00 7.231940453539295599e-02 5.024371651669892747e-02 6.442202080316468404e-02 6.823006837220665921e-02 1.074725130988610916e-01 7.046161580900023313e-02 1.726472285173539511e-01 1.664281597490912257e-01 1.435255263267745107e-01 1.498102082326768780e-01 1.229433202464565306e-01 7.762253835035153038e-02 1.241546765792905516e-01 1.112150849695340699e-01 1.562679862297495226e-01 1.002741608352639840e-01 1.011837593157186299e-01 5.022405436001204510e-02 9.441152809481941077e-02 1.022452207930209245e-01 1.506845526253566270e-01 6.996389159088452214e-02 8.214637239974058314e-02 1.571034654805891773e-01 1.499286159808638497e-01 1.340163057017081105e-01 1.413789129842673298e-01 1.605357547509243532e-01 1.598933826485791909e-01 1.436941226087464496e-01 1.351216918623980578e-01 1.055321969275520855e-01 1.475175866924710588e-01 1.441608899055716875e-01 1.486585345790430446e-01 9.571885572465826941e-02 1.271912749480824112e-01 9.658234179233204930e-02 1.303954128938916435e-01 1.093206235429609458e-01 9.459242247046861785e-02 1.029079186966836146e-01 1.267913346369512473e-01 1.079153341173086783e-01 1.288526058612543823e-01 1.447241148330806193e-01 1.289970274941064365e-01 1.047225892714842149e-01 1.115110383364620872e-01 7.582530368905847362e-02 1.083192210627701574e-01 1.693195597317601053e-01 1.486731038149595452e-01 1.338209768076356332e-01 1.583964456536859633e-01 1.168014059011160399e-01 1.261916052030353785e-01 1.526596871422130908e-01 1.317293394859868627e-01 1.417720924001829030e-01 1.427138381492768782e-01 1.210997145361655675e-01 1.509039013511941640e-01 1.717757039630679050e-01 1.325459412454843555e-01 1.271166949897363507e-01 1.405302633880033125e-01 1.129985434626668284e-01 1.183990289178687982e-01 1.287884632939400587e-01 1.083517560243134753e-01 1.110362811142096146e-01 1.313727622831096231e-01 1.333170685233375785e-01 1.274801114841342398e-01 1.299092333440089453e-01 1.354840567847783173e-01 1.324179210236212656e-01 1.376861663254200507e-01 1.361213321603744475e-01 1.373913688056599691e-01 1.425221641028353026e-01 1.153935829346999092e-01 1.161774194595534826e-01 1.321861113994718118e-01 1.145863359524210423e-01 1.242072709288379456e-01 1.243989440225337778e-01 1.135233347745051580e-01 1.199515980002974214e-01 1.229662681754826598e-01 1.255067356466311457e-01 1.310483925821197548e-01 1.335102762517861863e-01 9.317624492382518830e-02 1.347355212517822309e-01 1.285515572938204509e-01 1.191839861883717405e-01 1.115351788546156547e-01 1.302505162445721232e-01 1.220815442114123739e-01 1.176993462247443445e-01 1.234451539918096225e-01 1.436497166768939404e-01 1.311699679426736043e-01 1.356282602387589853e-01 1.338986904678480527e-01 1.299560511588396805e-01 1.189091089140968949e-01 1.407031920159001748e-01 1.320196820121810610e-01 1.314935951809039494e-01 1.386865663725228293e-01 1.512900634141643441e-01
1.176012572663658190e-01 7.231940453539295599e-02 1.000000000000000000e+00 2.979760593992951123e-01 1.248858579606452190e-01 1.662942456763682741e-01 2.318153923973646502e-01 2.426885908760212651e-01 3.037133945023279824e-01 2.453496872963731590e-01 3.152070031311809961e-01 2.954044637335145329e-01 2.601326991722969217e-01 2.015557726328850163e-01 2.430079201530950528e-01 2.917632081445551973e-01 2.600869947500063506e-01 3.370662609436319568e-01 3.380743471146195889e-01 2.938494049812839792e-01 3.565103189055148225e-01 3.472784308749708448e-01 3.133763673004852923e-01 3.261301224814606159e-01 3.306944201799933425e-01 3.266922031602148557e-01 3.162243819053967564e-01 3.192968652299462695e-01 3.522444685340912485e-01 3.171075720895984995e-01 3.253447496678266715e-01 2.981926186003391877e-01 2.848219400383887323e-01 3.004164233653462968e-01 2.974092323401343885e-01 2.718686146137117565e-01 3.065113356457828675e-01 2.874362627541007797e-01 2.895371103947192992e-01 2.850229429609614229e-01 2.863662337627395083e-01 2.754370287847321963e-01 2.817282426316883859e-01 2.913410089613164278e-01 2.784489848092965847e-01 2.871582415146287093e-01 2.759752885008820433e-01 2.744464995286731157e-01 2.751318927677932624e-01 2.856081886478742948e-01 2.820697949040577579e-01 2.499552726813933090e-01 2.768135345487939269e-01 2.845343421320046806e-01 2.833109327707882819e-01 2.773428389963814578e-01 2.863739595258177895e-01 2.776915433486427665e-01 2.831697087013420600e-01 2.799558695061076796e-01 2.754130739547421824e-01 2.787485437127825150e-01 2.767827972590010122e-01 2.828545345568643232e-01 2.879990224148467615e-01 2.814264128292531808e-01 2.710154898716652938e-01 2.956246745531850850e-01 2.918829135652593609e-01 2.972604482577828611e-01 3.187065651385196374e-01 3.039839586989044884e-01 2.913621873554060882e-01 3.036459883417260142e-01 2.842466625003669534e-01 2.856864978678643197e-01 2.932501150297273651e-01 3.068154873433070473e-01 2.897668523938803364e-01 2.760058535183471107e-01 2.751300950225407105e-01 2.782633897439171777e-01 2.675176832269553495e-01 2.782362221753017506e-01 2.787018412286501601e-01 2.751055791296239672e-01 2.599843973231993899e-01 2.694295674094911996e-01 2.734702798915912281e-01 2.633256032679345271e-01 2.693563325050928325e-01 2.696114617910049249e-01 2.783500209421914118e-01 2.791882553966817948e-01 2.659423069799678463e-01 2.684049368426332238e-01 2.719610900344564541e-01 2.792630664661897022e-01 2.714739843946146758e-01 2.714693368709746313e-01 2.663095184629022394e-01 2.660084449894635217e-01 2.688164714873537697e-01 2.699887144824734686e-01 2.683121854587032229e-01 2.744453532521911043e-01 2.666026455483370139e-01 2.657389565456432234e-01 2.643584142943422588e-01 2.696048214367819384e-01 2.625431792011722054e-01 2.696304346253503570e-01 2.670157406817778023e-01 2.686673550177934855e-01 2.811877482236078141e-01 2.759241878174540918e-01
9.821296990502406676e-02 5.024371651669892747e-02 2.979760593992951123e-01 1.000000000000000000e+00 1.964627058812112859e-01 2.687818455908690396e-01 4.428693971176455024e-01 4.107838920310671882e-01 4.275229972580741333e-01 3.603299644840113891e-01 4.709645763049395972e-01 5.220118990732418585e-01 4.284840889225157712e-01 4.059168119611774594e-01 4.677052601826281464e-01 4.839626365589176915e-01 4.199038556601221717e-01 4.026334612830207993e-01 4.380306539319951398e-01 4.241131717269655543e-01 4.518464147382745266e-01 4.443076181529165836e-01 3.954228430891270629e-01 3.945223237205500166e-01 4.335286282309184225e-01 4.577226546762649950e-01 4.443671900922440687e-01 4.639233737546943348e-01 4.569756443075355667e-01 4.310037884738509018e-01 4.748122335848978803e-01 4.529831218118389735e-01 4.191942600276777897e-01 4.604475707015348585e-01 4.371423085713451173e-01 4.534790975049905470e-01 4.701890891917358539e-01 4.822792865383349059e-01 4.689789349506416904e-01 4.583351203550051767e-01 4.708213527954708266e-01 4.658749377277950354e-01 4.731612051002898056e-01 4.966125865630445779e-01 4.716458654522396321e-01 4.728193721155660167e-01 4.751857006497162139e-01 4.654573783477575222e-01 4.799008915211857573e-01 4.884360153186855236e-01 4.891989085994248865e-01 4.801553900582890000e-01 4.789382692321436097e-01 4.529070633009233404e-01 4.524242548779283668e-01 4.474233264594466575e-01 4.689250937511058592e-01 4.761093172737936308e-01 4.676192374516675021e-01 4.750043690640622374e-01 4.635725098545749323e-01 4.683062233812568809e-01 4.637396673123868607e-01 4.871873336882738825e-01 4.801679968703961299e-01 4.786533265380783497e-01 4.649696401802264067e-01 4.718704346992019794e-01 4.565639408960165957e-01 5.094040451621060228e-01 4.980191978682086407e-01 4.740252068002274721e-01 4.549874933231911611e-01 4.732598501412930703e-01 4.730594524197869744e-01 4.772629813566264256e-01 4.808928867860156053e-01 4.734977410588471769e-01 4.722020323433630540e-01 4.521541253894230672e-01 4.647973818791531486e-01 4.646956816507176180e-01 4.628605149174908617e-01 4.529097729300624597e-01 4.779321289469464218e-01 4.692009751712215571e-01 4.597393005473753291e-01 4.754724330857399428e-01 4.701286812828636141e-01 4.575175161316658579e-01 4.664664409298538983e-01 4.664183673236371730e-01 4.740071628793123826e-01 4.786633596436022930e-01 4.667406625517144247e-01 4.638691266727914542e-01 4.722776373476750278e-01 4.803128339076657705e-01 4.699440963976442842e-01 4.822075446179897029e-01 4.711851398948924685e-01 4.663409011483476974e-01 4.756492954255776562e-01 4.764392449554286091e-01 4.754604154152847761e-01 4.613210398865831285e-01 4.687227985619663029e-01 4.617400293146057821e-01 4.558403323425043729e-01 4.682788485654806321e-01 4.625199693928224720e-01 4.707721903829015786e-01 4.679332386462328186e-01 4.744236790571302320e-01 4.776901244637943855e-01 4.756462637019646666e-01
4.038744897914075399e-02 6.442202080316468404e-02 1.248858579606452190e-01 1.964627058812112859e-01 1.000000000000000000e+00 1.971091343833815124e-01 3.322860040087971534e-01 3.411893310423815828e-01 3.693175292872876714e-01 3.588348477899983568e-01 3.461963394852844433e-01 3.994269935967167950e-01 3.771549926530747276e-01 3.095547022704670526e-01 4.174875347420763383e-01 4.040041428204840246e-01 3.470734916974975159e-01 2.932202192445039768e-01 3.317057473838174175e-01 3.216299387981041424e-01 2.994657981476688269e-01 2.917882314767098473e-01 3.681363570414899478e-01 3.038328380561959863e-01 3.236603327366432414e-01 3.978911086211966430e-01 3.855027802788400515e-01 3.888545751073899659e-01 3.576164979847125669e-01 3.840785455215816602e-01 3.994401242745826419e-01 4.109511943447842208e-01 3.888066580101036118e-01 3.923271322292801178e-01 3.987181654202727743e-01 4.084591548598359712e-01 4.105465984297256288e-01 4.188290226286167095e-01 4.137656087728984744e-01 4.093116051978357706e-01 4.213017437876273585e-01 4.222293724292982553e-01 4.257524024969394083e-01 4.218939463381675137e-01 4.115266069550185812e-01 4.154258234530874838e-01 4.291383665960417648e-01 4.242899630635718622e-01 4.267312670921459272e-01 4.038944496901542558e-01 4.180143920755491349e-01 3.952827619828675476e-01 4.097571574454163534e-01 4.275869075940030850e-01 4.203360917580463707e-01 4.242046128213077250e-01 4.216501524317806671e-01 4.357625817367570265e-01 4.257019118460081963e-01 4.246629201890893546e-01 4.280620970662556979e-01 4.264829620718717518e-01 4.267054197551942152e-01 4.183701306878361836e-01 4.167075473088247550e-01 4.191436741797419097e-01 4.182263827274179668e-01 4.113622415970933921e-01 4.240747811968293979e-01 4.226537829519697032e-01 3.889499216249581726e-01 4.029040158642687164e-01 4.035540014634491635e-01 4.004350690771678600e-01 4.229162340149729693e-01 4.154658644967645365e-01 4.197912784856316359e-01 4.094312597086767203e-01 4.188274904594463388e-01 4.138232068153453458e-01 4.215462022531911157e-01 4.197625169351973384e-01 4.210095974079265946e-01 4.180770018504345042e-01 4.248397567100314909e-01 4.212915724638788828e-01 4.223656636268355302e-01 4.266390319277275078e-01 4.229346428835618621e-01 4.213961991598553225e-01 4.216172249557558205e-01 4.267017684470971739e-01 4.238419616452013261e-01 4.253209629778649803e-01 4.258257355180784520e-01 4.236480583640464537e-01 4.188900827877666266e-01 4.143228318092425644e-01 4.223535190557299313e-01 4.257668805809883827e-01 4.257795643307535904e-01 4.227430904560307567e-01 4.229198712129582649e-01 4.257704643327570038e-01 4.228568945021257686e-01 4.176800914567887490e-01 4.244152986462032540e-01 4.228903926593287621e-01 4.235855808535157752e-01 4.268161265157557893e-01 4.255408203519259192e-01 4.264425041465344512e-01 4.259828912016844771e-01 4.235129919092287532e-01 4.201109802154912032e-01 4.227173241849084273e-01
-1.304401754276172248e-02 6.823006837220665921e-02 1.662942456763682741e-01 2.687818455908690396e-01 1.971091343833815124e-01 1.000000000000000000e+00 4.352554102029304040e-01 3.664742070926481632e-01 3.970801043494693316e-01 3.661894075805092741e-01 4.200325562624679376e-01 4.311353830982169177e-01 3.821827504108819551e-01 3.821752188247120041e-01 4.630313655692670505e-01 4.309602439726200052e-01 3.956680946246374231e-01 3.944772955968000594e-01 4.161396286747892637e-01 3.579880656396691174e-01 3.825221136602101057e-01 4.041425034190277432e-01 4.066751200653044296e-01 3.775418143373906465e-01 4.145762503291988699e-01 4.640680902062198077e-01 4.355867994332749404e-01 4.618810246863573332e-01 4.148426234777180532e-01 4.480274476939640760e-01 4.610825828873382215e-01 4.608694016546515670e-01 4.367839122560019938e-01 4.491226612342875124e-01 4.389679311284802044e-01 4.535174788328037998e-01 4.571450792979054878e-01 4.691172660319586352e-01 4.757637122064505841e-01 4.632267339441213383e-01 4.765150530072999602e-01 4.823344997017570135e-01 4.733593752919226239e-01 4.807747744894158570e-01 4.829877724118178950e-01 4.773989385689105247e-01 4.799153213275892393e-01 4.743084007418456594e-01 4.736979434808606948e-01 4.575729344112839936e-01 4.719901506910669786e-01 4.564650434039944638e-01 4.668444356860140254e-01 4.650830900190872086e-01 4.646469587474830187e-01 4.715101262461200426e-01 4.616056652435114316e-01 4.783212671610511668e-01 4.778444441420118816e-01 4.689396991210905141e-01 4.762118596133918524e-01 4.724705484085354179e-01 4.656628952838526292e-01 4.727286817566764276e-01 4.716944315931957399e-01 4.609713589497797526e-01 4.758452494031780167e-01 4.786351819724039003e-01 4.758052991579722057e-01 4.757456436802850464e-01 4.718719211421207316e-01 4.759352610502305403e-01 4.656714401228333466e-01 4.720646639867793204e-01 4.811199199776681201e-01 4.814816217053420333e-01 4.820400397616341759e-01 4.697001656142147374e-01 4.763784970444905897e-01 4.739647436774482858e-01 4.747636103065515645e-01 4.731846316567861477e-01 4.787019800770311306e-01 4.765329447557731246e-01 4.802376126843520554e-01 4.763732244149239681e-01 4.783522495352364734e-01 4.793835838007838301e-01 4.779002641593031453e-01 4.783022046413302197e-01 4.822245441079297534e-01 4.827500087017205233e-01 4.843284854537251993e-01 4.843015890447768257e-01 4.778914217910364415e-01 4.750355688718309044e-01 4.798460174789985766e-01 4.704526648061293503e-01 4.749126518997115465e-01 4.774157306696680814e-01 4.821188324964127969e-01 4.775241075597628782e-01 4.782531459847707000e-01 4.816917040754907786e-01 4.784764555727882285e-01 4.687369141441977693e-01 4.768762574306620872e-01 4.750275227402456224e-01 4.772566213091270493e-01 4.784068873511312381e-01 4.765006012596625928e-01 4.749596482641641471e-01 4.750611278747091104e-01 4.766265938692313409e-01 4.740642758184732686e-01 4.708122486732227996e-01
5.748717909117877917e-02 1.074725130988610916e-01 2.318153923973646502e-01 4.428693971176455024e-01 3.322860040087971534e-01 4.352554102029304040e-01 1.000000000000000000e+00 5.921266731769850855e-01 6.145805279755628403e-01 5.661123284214224505e-01 6.227156470006086630e-01 6.933715286528563393e-01 6.276764549021643935e-01 5.747007795485101767e-01 7.371875214687205746e-01 7.120143254028036273e-01 6.195792415260331643e-01 6.040599601850907829e-01 6.627545336562413736e-01 6.335698333050758801e-01 6.007019387681306055e-01 6.008547892256008716e-01 6.493948818469802431e-01 5.843994503711872346e-01 6.187846035070785344e-01 6.944450717407127938e-01 6.640795018757634782e-01 6.946695919974860134e-01 6.252757179680942246e-01 6.670283204135001309e-01 6.926935444084355575e-01 7.280386265363993914e-01 6.876576874984299259e-01 7.261362204756530714e-01 6.978588104030870598e-01 7.196591182962238653e-01 7.116582930668745588e-01 7.511901572679855477e-01 7.358325089803550156e-01 7.345309036371944211e-01 7.287825639534666333e-01 7.404891403267263028e-01 7.562927795361332750e-01 7.507002426556292907e-01 7.409238818911507707e-01 7.239746116818327470e-01 7.401289993310055104e-01 7.234034098009162195e-01 7.402694941687472108e-01 7.382733138677456397e-01 7.511599567829360113e-01 7.410161853595673698e-01 7.323798346501855239e-01 7.123612070659373074e-01 7.216959674649795486e-01 7.318667042668424161e-01 7.349352711593261089e-01 7.519173238902068235e-01 7.416601746528264094e-01 7.265900243494559652e-01 7.453067124144667766e-01 7.341522738808665682e-01 7.347840721907146211e-01 7.390956111297023456e-01 7.285165687328635231e-01 7.188442817105481497e-01 7.279330894770686955e-01 7.256224566766545925e-01 7.243863385426150270e-01 7.575047818859576010e-01 7.199384815761694645e-01 7.210025242696100900e-01 7.086648080138887584e-01 7.134745890991517348e-01 7.345107399747440313e-01 7.260116236711964266e-01 7.314336614485200672e-01 7.067263320192738174e-01 7.280235703046958884e-01 7.118761916448240745e-01 7.156255914329223700e-01 7.189748377568743187e-01 7.319611560142366136e-01 7.216149851458929509e-01 7.439152952240865035e-01 7.407011468285089606e-01 7.286685728183517341e-01 7.460448900370257874e-01 7.407545354991308395e-01 7.336786985828110952e-01 7.397362284716891834e-01 7.370032610334233958e-01 7.396619442899680097e-01 7.373747316298215893e-01 7.304318844063312222e-01 7.274456343263060454e-01 7.462590301311793350e-01 7.257438440522647749e-01 7.350444798591808659e-01 7.465011350903362208e-01 7.432480001458777741e-01 7.344398736630508573e-01 7.421671518300696491e-01 7.431871976194636131e-01 7.421523026892288266e-01 7.211422309024480004e-01 7.298577236094877518e-01 7.254250648693530978e-01 7.251715614849937319e-01 7.353741909335510529e-01 7.342398256862588957e-01 7.288634470990000835e-01 7.320171618870631169e-01 7.341430903228360894e-01 7.310420277821373380e-01 7.252460338675177365e-01
4.877113062880632927e-02 7.046161580900023313e-02 2.426885908760212651e-01 4.107838920310671882e-01 3.411893310423815828e-01 3.664742070926481632e-01 5.921266731769850855e-01 1.000000000000000000e+00 6.011751158542428808e-01 5.522160357249892293e-01 5.938018911297087143e-01 6.646842503958428905e-01 6.010713431108255511e-01 5.496677343416038752e-01 6.719120247807855995e-01 6.879513127811704987e-01 5.838533710039314206e-01 6.005741225106412395e-01 6.439052974197868595e-01 5.817778817729722940e-01 5.924668015362776208e-01 6.087758714323575626e-01 6.556682304132899208e-01 5.926168721591186239e-01 6.292305826177211348e-01 6.742049941208065889e-01 6.413097461237021735e-01 6.682788913727542024e-01 5.938141454052714430e-01 6.567619287744634882e-01 6.780852228268313686e-01 7.049629216680676214e-01 6.674263142962141293e-01 6.959254149273819134e-01 6.654516942261236023e-01 6.810205933734075900e-01 6.886168213891280532e-01 7.080081983179059568e-01 6.996651800265087928e-01 7.046387830744279546e-01 6.996620110021501970e-01 7.130827334493927694e-01 7.196999458400833438e-01 7.104534070402407364e-01 7.028872892727391353e-01 6.981660077301524714e-01 7.032890382641879823e-01 6.930996664744195623e-01 7.009951034418565596e-01 6.891429651066113271e-01 7.034595499731767232e-01 6.976213812537482850e-01 6.879162481467766543e-01 6.785453379644496019e-01 6.879762692857992468e-01 6.947423372313713541e-01 6.840520905749136737e-01 7.153807451218405777e-01 6.979488174235937148e-01 6.853222359408138731e-01 7.025532740296409617e-01 6.925097391008437908e-01 6.942148871788305087e-01 6.924476233103069589e-01 6.866933267768314808e-01 6.749824643409196856e-01 6.918188254837788209e-01 6.975717524430816718e-01 7.037859564340583907e-01 7.118982248934258017e-01 6.944003804474779828e-01 6.986435510717332598e-01 6.883562019945669297e-01 6.975514072327891890e-01 7.011514859793216425e-01 6.909228709116808087e-01 6.995105264300102155e-01 6.714589247197521038e-01 6.938124049583953568e-01 6.832830317816621646e-01 6.886953587787802977e-01 6.916104744244644387e-01 6.963054031736782834e-01 6.866497908044184584e-01 7.094385952879815882e-01 7.047055578910236262e-01 6.975645262735121754e-01 7.075935842854834679e-01 7.036930994955135077e-01 6.968225405595372957e-01 7.045492740203094240e-01 7.030357953543543426e-01 7.070174487743381420e-01 7.048744458830618065e-01 6.916586642705078170e-01 6.934693603537001039e-01 7.091999322482649415e-01 6.814732936213275805e-01 6.969399031640075570e-01 7.023253973479420820e-01 7.061003382499441150e-01 6.950946630648053848e-01 6.971304369077989671e-01 7.067717943752145349e-01 7.037384763655082365e-01 6.830791504828949146e-01 6.925278494504722993e-01 6.913647227644763582e-01 6.919869990280073102e-01 6.977978483810467480e-01 6.982824418599702376e-01 6.922726069212967737e-01 6.939617608111117164e-01 6.919955450566354083e-01 6.902691950858677039e-01 6.852280432105014585e-01
1.295130664876766313e-01 1.726472285173539511e-01 3.037133945023279824e-01 4.275229972580741333e-01 3.693175292872876714e-01 3.970801043494693316e-01 6.145805279755628403e-01 6.011751158542428808e-01 1.000000000000000000e+00 6.824261376391290712e-01 7.144381679730082979e-01 7.548778163273944797e-01 6.885788615418667602e-01 6.383969337346268036e-01 7.632460864313351800e-01 7.468875605931427630e-01 7.523361502558482128e-01 6.784745244208683079e-01 7.391411302746581091e-01 5.922190636117358187e-01 6.739638079392048509e-01 7.088828852551597448e-01 7.393952961395433565e-01 6.628374293215696378e-01 7.141217090767977282e-01 7.961012096998172360e-01 7.830212414860540093e-01 7.844040114899699656e-01 7.549110465313429996e-01 8.026151480530827609e-01 8.166877542147686908e-01 7.997694392442713518e-01 7.465878440270636851e-01 7.778092497951235584e-01 7.822755236451488514e-01 7.943963867531776968e-01 8.034856689978592259e-01 7.766390021907456642e-01 8.102585410833821333e-01 7.487644914142808084e-01 8.096249444202342493e-01 7.926690383062606760e-01 7.918358421942673919e-01 8.113544304540403207e-01 8.053332786958186107e-01 8.064936592518959779e-01 8.211481366565307471e-01 8.252052828910138027e-01 8.191860692136297972e-01 7.774470580226935379e-01 8.052441824267065895e-01 7.622013349726417530e-01 7.818308917230522015e-01 8.289890531550214714e-01 8.070937752491695871e-01 8.012236972894668519e-01 8.175581878079286602e-01 8.113447248975035331e-01 8.126496453141822673e-01 8.322237355503064871e-01 8.130972470391006901e-01 8.208328487082808822e-01 8.172916575667500405e-01 8.093701209927747220e-01 8.284858871570232042e-01 8.329205190321051777e-01 8.209057520462309521e-01 8.176380043464194225e-01 8.215900467520954598e-01 8.000238628104515692e-01 8.112957227868315968e-01 8.220125055725262531e-01 7.985326015149042389e-01 8.116319533144741305e-01 8.210122538657690372e-01 8.174186370023764914e-01 8.201228383419731927e-01 8.173132501885130852e-01 8.208796967070497441e-01 8.127534274584502505e-01 8.170294372082956835e-01 8.235741642818723562e-01 8.171297277775262380e-01 8.128684160914798618e-01 8.068974626157945362e-01 8.135538047272319329e-01 8.153430763033844286e-01 8.065029666016992893e-01 8.141398804683366297e-01 8.039453975145520737e-01 7.984772016810027795e-01 8.093655057782035422e-01 8.125231968492714341e-01 8.195030677605668057e-01 8.149119932921250475e-01 8.146605129175604754e-01 7.830005226995163659e-01 8.124731298557508197e-01 8.098149508716950828e-01 8.081667063499100578e-01 8.007026950974164281e-01 8.087807585427849721e-01 8.081548455364107042e-01 8.100768693865557646e-01 8.142923578802150342e-01 8.115030679281431958e-01 8.142559009555414562e-01 8.166178686018786825e-01 8.115361254463717700e-01 8.161426716445632223e-01 8.024285346704382871e-01 8.198021618507069785e-01 8.147625747442670541e-01 8.169858752092208354e-01 8.251972443168096305e-01 8.275411215256296416e-01
5.427989192969216031e-02 1.664281597490912257e-01 2.453496872963731590e-01 3.603299644840113891e-01 3.588348477899983568e-01 3.661894075805092741e-01 5.661123284214224505e-01 5.522160357249892293e-01 6.824261376391290712e-01 1.000000000000000000e+00 6.368584567114528028e-01 6.824765934239532816e-01 6.375144981656364340e-01 5.832141172856617484e-01 7.186626074802946462e-01 6.710727266144218550e-01 6.765427979947921111e-01 5.943532178060796367e-01 6.487618108332796618e-01 5.001178611348634506e-01 5.705261099923533141e-01 6.162359437222972858e-01 6.568259682138697375e-01 5.777776226529626191e-01 6.246742344832083571e-01 7.192234371039036844e-01 7.023701741720603797e-01 7.239435940191667473e-01 6.818717788403775293e-01 7.448265576050872028e-01 7.391996715790144501e-01 7.298972786657281775e-01 6.923722523763662373e-01 6.882155839695920374e-01 7.193011565985735212e-01 7.215542775512508999e-01 7.380630770114037231e-01 7.035701320136121817e-01 7.450431669584206551e-01 6.938553281923084404e-01 7.561456093689753466e-01 7.369957695455404689e-01 7.276648129050463654e-01 7.500897753546833524e-01 7.394383755238366218e-01 7.549179887543471246e-01 7.610146520753936494e-01 7.693565030597355747e-01 7.493052643176417726e-01 6.865944360528110080e-01 7.293466692873168400e-01 6.720074146990421271e-01 7.133294250984441032e-01 7.645475247309206912e-01 7.299826586066142653e-01 7.417893737243649310e-01 7.297439084629978590e-01 7.462687484604705324e-01 7.517291879697663992e-01 7.673340233757567352e-01 7.436282190180040219e-01 7.578679098058733743e-01 7.467681404802338774e-01 7.371611688041752597e-01 7.627596764088820924e-01 7.597226295751079439e-01 7.684689700318033667e-01 7.635039471357276675e-01 7.703430310906461687e-01 7.334201509637132688e-01 7.385768524521584277e-01 7.651473742931974575e-01 7.453358978159826398e-01 7.486535829933343988e-01 7.701445195546302580e-01 7.667291403868141675e-01 7.679323645534134046e-01 7.605313319439954700e-01 7.674652678052030774e-01 7.672077292977478313e-01 7.669679723841541508e-01 7.678377044941748775e-01 7.690638453434237576e-01 7.640650652152233269e-01 7.491423241975960767e-01 7.570585479240766746e-01 7.668700214734316400e-01 7.555559270927337812e-01 7.619644685409271423e-01 7.545493011860030519e-01 7.576269198098066759e-01 7.646357365335684220e-01 7.607134211398566270e-01 7.670318266244127159e-01 7.668867859553050170e-01 7.672815394786850485e-01 7.221390592349139492e-01 7.439925825804206694e-01 7.525702310522072169e-01 7.504557217565648308e-01 7.495944414500891329e-01 7.554274794393599501e-01 7.519588864357652502e-01 7.554154618027362211e-01 7.545162124005637683e-01 7.503960957412721955e-01 7.604145816619560794e-01 7.680109035271789342e-01 7.619370758614790740e-01 7.628881713354894734e-01 7.566142881830894007e-01 7.676865572455610076e-01 7.600499860376099814e-01 7.604242034520661830e-01 7.689519606849117839e-01 7.685968914823758658e-01
7.781577765358717313e-02 1.435255263267745107e-01 3.152070031311809961e-01 4.709645763049395972e-01 3.461963394852844433e-01 4.200325562624679376e-01 6.227156470006086630e-01 5.938018911297087143e-01 7.144381679730082979e-01 6.368584567114528028e-01 1.000000000000000000e+00 7.811306576793645151e-01 6.812322279187899010e-01 6.120374195623510261e-01 7.654752135394338186e-01 7.493273830639196609e-01 7.179585995073567428e-01 6.967546027418689558e-01 7.456630397563245305e-01 6.225812481669550369e-01 7.037331670675138762e-01 7.228701317405931137e-01 7.385901520622714100e-01 6.778240861769210257e-01 7.255089775350583858e-01 7.962383388241652815e-01 7.813496387757322692e-01 7.984876910612359602e-01 7.480858973718643723e-01 7.996790482090796459e-01 8.072487803866704725e-01 7.978196066481657578e-01 7.574049021163663520e-01 7.859811795282669600e-01 7.934025411644106685e-01 7.840162944223498798e-01 8.022548091791106284e-01 7.880854669814867375e-01 8.163751549372988414e-01 7.709145288288462572e-01 8.084510683075331050e-01 8.003400781670959585e-01 7.932063056050429051e-01 8.092626102961855139e-01 8.001252665396204611e-01 8.089952785765480714e-01 8.154482564484852869e-01 8.108613257999647272e-01 8.115886984754424605e-01 7.878827507579932998e-01 7.999867889827768641e-01 7.685984013274476112e-01 7.888025051582684410e-01 8.103194478867506989e-01 7.978597195050896040e-01 7.999020696827038313e-01 7.992948431021285050e-01 8.058210334051275625e-01 8.073890608671066005e-01 8.085515990277775122e-01 8.063294397057177987e-01 8.080650216987860235e-01 8.047302334484589537e-01 8.045221080299962413e-01 8.097610239124964915e-01 8.075635454402383395e-01 8.098720845015587866e-01 8.147389028658736931e-01 8.152220141240917872e-01 8.114539541585893412e-01 8.194555330013864047e-01 8.191436884312210953e-01 7.973377331994928596e-01 8.140453163663278202e-01 8.167555095524607900e-01 8.147455946534897242e-01 8.160067793877705533e-01 8.074801866206504641e-01 8.135571911242662768e-01 8.075800082375406141e-01 8.147904451858394292e-01 8.179392569946198899e-01 8.063109595015416353e-01 8.070586110912184585e-01 8.112453540649197103e-01 8.123512465103005509e-01 8.115275718683468975e-01 8.097707511061161822e-01 8.120250174390177822e-01 7.991933279638935295e-01 8.045340556333628879e-01 8.084778254496216565e-01 8.156419021990251039e-01 8.178021136433836213e-01 8.098488562681601666e-01 8.089246344285916379e-01 7.963547637430086201e-01 8.040863267767578426e-01 8.094401608862508146e-01 8.099058732222892409e-01 8.054152170949406830e-01 8.068681839548903501e-01 8.077374370311628526e-01 8.099539442897935038e-01 8.123373058771741206e-01 7.998393856889892684e-01 8.083471721759953876e-01 8.086952318327292888e-01 8.040352645333083137e-01 8.108403507146649813e-01 8.046472791722887319e-01 8.093358520181369586e-01 8.081475167626589462e-01 8.094189933469038145e-01 8.170819745923864064e-01 8.109611558987234181e-01
4.706503197260131915e-02 1.498102082326768780e-01 2.954044637335145329e-01 5.220118990732418585e-01 3.994269935967167950e-01 4.311353830982169177e-01 6.933715286528563393e-01 6.646842503958428905e-01 7.548778163273944797e-01 6.824765934239532816e-01 7.811306576793645151e-01 1.000000000000000000e+00 7.564565156295071091e-01 6.772190974589469281e-01 8.301831074013312772e-01 8.323658825603902356e-01 7.655492283709449675e-01 7.221185835805329356e-01 7.769396136889881177e-01 6.979665062895367145e-01 7.385386830043424444e-01 7.419920483132400602e-01 8.056748784186521517e-01 6.951545981875855151e-01 7.591936760059482259e-01 8.374382142706542353e-01 8.287648804511941192e-01 8.344112177149458631e-01 7.610885795336206350e-01 8.232958961958525279e-01 8.629377338318843238e-01 8.695662422529306657e-01 8.120969887776754437e-01 8.503688410228226191e-01 8.308399497928595778e-01 8.532803358951296380e-01 8.625802945538897371e-01 8.643060161563691501e-01 8.786044818264810985e-01 8.388102503892417294e-01 8.664381239727415585e-01 8.594548124917542609e-01 8.637978728070621059e-01 8.768415397053280769e-01 8.649574036263923960e-01 8.512709157747425648e-01 8.777947440924821487e-01 8.687194658748114140e-01 8.769342942090143644e-01 8.645302715159240980e-01 8.704030488918756969e-01 8.551471857137972199e-01 8.610647163279739891e-01 8.678796005718741879e-01 8.661919143944347699e-01 8.654770424164260900e-01 8.734582811839742833e-01 8.747616622994224267e-01 8.721577245754376095e-01 8.681193961024884498e-01 8.753910515928469138e-01 8.734738733096750751e-01 8.737545792771000963e-01 8.687171805920190781e-01 8.708830775917459910e-01 8.666967512797191242e-01 8.639529948888606814e-01 8.634010461300110073e-01 8.716228804743815228e-01 8.842404201279281395e-01 8.647253223098583241e-01 8.659182646234173664e-01 8.442863848896352552e-01 8.591607093331209422e-01 8.716679531293423100e-01 8.623769344302276707e-01 8.692475690441142655e-01 8.474885245768760678e-01 8.662987587816489699e-01 8.537899468697824901e-01 8.632480508213262738e-01 8.720951589386214398e-01 8.706014454204338282e-01 8.618781021452128766e-01 8.746710725053995494e-01 8.726833000552367547e-01 8.705340773556135003e-01 8.762839318027408897e-01 8.753150158655960134e-01 8.650125237999968242e-01 8.660244231465559217e-01 8.675299732625758597e-01 8.767108411810394797e-01 8.752710659732151344e-01 8.662186273000300751e-01 8.653766291653144371e-01 8.637419426785097887e-01 8.669669385369691561e-01 8.744208964035927734e-01 8.788617044204216633e-01 8.695009175527524947e-01 8.719157640927842623e-01 8.673573705209348672e-01 8.745851240188384779e-01 8.780786543744805162e-01 8.609088348912363742e-01 8.700405019040300392e-01 8.668336788462768228e-01 8.634819011635327390e-01 8.709954476650589861e-01 8.680969148020308834e-01 8.698710680345596025e-01 8.710357198178670934e-01 8.708510078154726441e-01 8.735973636674878584e-01 8.705511462592352423e-01
5.273900264083803552e-02 1.229433202464565306e-01 2.601326991722969217e-01 4.284840889225157712e-01 3.771549926530747276e-01 3.821827504108819551e-01 6.276764549021643935e-01 6.010713431108255511e-01 6.885788615418667602e-01 6.375144981656364340e-01 6.812322279187899010e-01 7.564565156295071091e-01 1.000000000000000000e+00 6.195852520664897334e-01 7.660783808435266407e-01 7.623278092936056627e-01 6.897180507965021690e-01 6.245075747367491159e-01 6.862035434112634391e-01 6.067872114623928947e-01 6.256805173081942950e-01 6.465031519048098918e-01 7.083354724723054385e-01 6.411916939923442138e-01 6.744590158932087798e-01 7.482521724821037390e-01 7.260288909298998616e-01 7.388184831672667263e-01 6.792035442648337584e-01 7.449204369466141396e-01 7.701316817108209145e-01 7.793826152966444321e-01 7.254676466489941022e-01 7.634075670519465673e-01 7.499767745419844145e-01 7.786564900557464419e-01 7.737047662301704820e-01 7.678622384217095309e-01 7.925845489919096654e-01 7.457025038935494177e-01 7.953934219311784570e-01 7.811216216278020763e-01 7.907152673119967057e-01 8.014530748340498167e-01 7.927579969157041440e-01 7.814264982794915104e-01 8.073713375181277296e-01 8.028415655307377108e-01 8.004375061210921016e-01 7.644547161698533877e-01 7.834814315163112219e-01 7.731999055962026635e-01 7.895451725888084082e-01 7.925152888028824671e-01 7.747275466340395322e-01 7.794249055577046059e-01 7.788696051004595500e-01 8.053133987718518183e-01 7.901662059174995312e-01 8.078673649386320932e-01 7.960427640491890555e-01 7.942885074678113222e-01 7.910575499157215251e-01 7.910871051036757473e-01 8.005053041886167620e-01 7.969790027208830674e-01 8.021970812203399470e-01 7.958554443802732248e-01 7.996273883742569533e-01 7.994651838364380536e-01 7.817170137823585829e-01 7.949307344353448990e-01 7.879750914041991905e-01 7.917083929963457667e-01 8.043672704012340136e-01 7.944213095552203896e-01 7.993596877593831529e-01 7.821932845088174213e-01 8.001162748760999310e-01 7.923519034853689913e-01 7.955208553089658796e-01 8.002768301921429073e-01 8.028561094729782521e-01 7.938466171585057962e-01 7.984084976910036380e-01 8.043582942519709178e-01 8.045281433758703082e-01 8.039432834756187196e-01 8.055818502407189330e-01 7.981194215775746503e-01 7.936050576336479701e-01 8.037720536373700320e-01 8.060732313720382347e-01 8.061071158977766160e-01 8.054521141433167442e-01 8.038257085648952138e-01 7.855702021192262352e-01 7.910258559589353755e-01 8.018603758780501467e-01 8.043130860229704693e-01 8.028651431596925958e-01 8.025085094077558656e-01 8.039142718487057859e-01 8.075646758271234349e-01 8.113111506300336728e-01 7.879152917602407769e-01 8.019222929822473755e-01 8.044070038919794996e-01 7.954216758845717994e-01 8.047149342743553646e-01 7.998369093393505880e-01 8.077354533078489052e-01 8.008471523234769185e-01 8.065906370621382937e-01 8.071042272082957769e-01 8.059685955795711232e-01
