1.000000000000000000e+00 1.321666873735084791e-01 2.183050412034658050e-01 6.682928956041910007e-02 -5.196106315138910442e-03 2.255128022820141950e-03 1.162320036999456773e-03 9.604000175910014370e-02 1.302746900580530887e-01 1.325838309023731343e-01 1.149824463664181340e-01 4.918548227728850551e-03 6.316301759116841295e-03 2.355128887052825373e-02 2.634210535301577741e-02 4.535946439861535118e-02 8.430222925589618554e-02 2.555274540237420511e-01 1.521713254648850711e-01 1.250884352118074305e-01 2.297408192188702403e-01 1.130171854056596231e-01 2.660204668757850666e-01 2.283803540108409469e-01 1.534748300805758581e-01 1.591782785182866977e-01 1.283732111735167991e-01 1.558810565373581203e-01 1.691489183749296799e-01 1.059871801335974806e-01 8.908117741722032523e-02 1.201114018862699528e-01 1.170221292785601358e-01 1.177965830033887024e-01 9.004274750928807636e-02 1.476711217079926530e-01 1.181150900192601688e-01 7.033739899159112408e-02 8.407664116420088263e-02 6.603856448878080154e-02 6.013144413130188520e-02 5.682760077197651638e-02 4.982856278433323710e-02 5.289724847472158931e-02 8.978518656818036681e-02 4.679423444338263322e-02 1.385993034774352095e-02 3.042756158090589511e-02 3.410092057422157291e-02 7.722071041179974504e-02 8.531144890230217548e-02 3.033428368986079357e-02 5.306505888815282040e-02 8.172698348045030758e-02 8.326544079949024790e-02 8.213956593192216216e-02 8.099870895933974912e-02 2.111424584466586526e-02 5.724312062068809270e-02 4.201592413116510272e-02 3.530392713173562819e-02 2.759533296438976963e-02 3.303670289890340422e-02 5.035777624861805662e-02 6.269555738214949159e-02 7.641853626862145366e-02 3.449555930937182879e-02 7.691867268883594011e-02 8.288004062902684654e-02 7.497910382259155571e-02 5.544850074495496356e-02 4.320774706445639629e-02 7.854715801329145708e-02 6.485565686666312779e-02 5.113952827284563851e-02 4.869435670413231609e-02 5.522633293623511325e-02 7.062800633317339871e-02 4.682955636176562575e-02 4.520824102014026069e-02 4.590978525657743448e-02 4.649797554462885979e-02 8.485037406920063752e-02 3.925481681152233338e-02 6.298275098354265411e-02 5.168487560899576866e-02 5.287243270870151113e-02 3.550184349307285159e-02 3.386597644784971467e-02 6.760787363602847877e-02 4.163716366388361262e-02 2.490918588609873641e-02 2.979378121403511090e-02 2.500359289345720562e-02 1.023718381675571727e-02 1.428986303374785681e-02 2.243006725848816982e-02 3.567137082157031958e-02 2.278716445438772054e-02 4.173416162949429575e-02 1.837592346944231375e-02 2.278939366825733989e-02 2.446821387361221289e-02 1.474848287197895458e-02 2.444846638525672439e-02 4.567416417902114140e-02 2.585996783554937381e-02 4.040007813778673240e-02 4.004060438853975640e-02 2.009192652209153621e-02 1.610751704798339679e-02 1.977441058821068770e-02 1.044183844717987315e-02 3.029501554897148438e-02 4.235701621491085034e-02 3.777204203326863657e-02
1.321666873735084791e-01 1.000000000000000000e+00 1.645015840594194201e-01 6.705529599509774119e-02 7.888575986163190445e-02 4.950210015086077553e-02 1.371362841108580699e-01 1.787784355945074843e-01 1.959649726454451568e-01 2.435821847638866555e-01 2.102902980051232495e-01 1.548882012476997527e-01 1.530309446030095333e-01 9.551453629473961870e-02 1.693550238375322869e-01 1.684174311682424263e-01 1.739693291955227428e-01 2.305667777234317317e-01 1.975123988054869328e-01 1.421926174529100639e-01 1.920436632544764155e-01 1.602150074347730990e-01 2.461427039027457297e-01 1.994561020030943821e-01 1.712607782263809719e-01 2.536176571752770115e-01 2.279304280496878554e-01 2.517328746025406794e-01 2.765505370623499992e-01 2.314095138285706399e-01 2.254354065423490872e-01 2.220242330426867583e-01 2.279235743683280524e-01 2.109111529891065928e-01 2.202874028864945932e-01 2.059664848797405079e-01 2.205871273088356455e-01 2.135131511902948476e-01 2.114731201616595613e-01 1.873994241821149154e-01 1.844230309125569900e-01 1.897876274100205041e-01 1.841794546934729382e-01 1.860114788701439648e-01 1.980327442715989206e-01 2.009246803749896171e-01 1.657288384171801410e-01 1.840451727592642694e-01 1.720768460347165962e-01 1.850311434964611312e-01 1.960676474284754889e-01 1.234523780588231701e-01 1.703268758211245459e-01 2.112344971672975025e-01 2.147009078069231913e-01 2.122462629147255364e-01 1.917612522295210342e-01 1.759658818970845084e-01 2.014282926073525104e-01 1.780341458238712538e-01 1.720161243658245298e-01 1.779427361347134806e-01 1.800379111601979887e-01 1.834432869892693441e-01 1.817242290100149482e-01 1.926387188857210109e-01 1.747516939612636100e-01 1.934417711289523056e-01 1.987614534939819155e-01 1.807111873274847846e-01 1.644699879195152814e-01 1.733996373113071421e-01 1.811191736201950009e-01 1.706255118405334559e-01 1.942185261259374296e-01 1.865060014326923032e-01 1.954201779600931999e-01 2.165332216848787072e-01 1.913698732302894778e-01 1.934003078641982898e-01 1.904877989555976703e-01 1.937940034198570027e-01 2.008118188788876601e-01 1.951540290061251348e-01 1.944769497362902611e-01 1.839872652701969036e-01 1.829953234667961448e-01 1.895919139297553291e-01 1.847658715340934621e-01 2.001726767415888120e-01 1.878930770267187023e-01 1.713061936697820586e-01 1.767704019337205112e-01 1.786613091490713567e-01 1.647252832479288442e-01 1.694660081655449402e-01 1.646359625522381964e-01 1.640330101692428766e-01 1.686073757328319656e-01 1.836211241548759421e-01 1.712629761199632172e-01 1.716795849073876057e-01 1.665520006642751127e-01 1.638931076619760396e-01 1.607272048734675884e-01 1.779941898649944065e-01 1.711730567808355252e-01 1.843680726404680614e-01 1.883047096727717140e-01 1.718306809756300901e-01 1.777464650341485652e-01 1.658933544944122263e-01 1.671869595268257180e-01 1.734141316587040904e-01 1.702702124934383776e-01 1.734976219349237403e-01
2.183050412034658050e-01 1.645015840594194201e-01 1.000000000000000000e+00 3.322366090955052309e-01 1.479375030088452558e-01 1.998623345183538902e-01 2.859396244752745453e-01 3.833916083974090450e-01 3.543642320189312467e-01 3.825118418768363449e-01 4.432286566090873903e-01 3.480588295473477922e-01 3.025954412086305778e-01 2.285052187985584793e-01 3.645989716915509216e-01 3.915784519494200366e-01 3.809203444358559287e-01 5.671136323060186335e-01 4.839963355279711110e-01 4.166330733231689565e-01 5.291723450958203401e-01 4.470662690466176703e-01 5.614400077631643837e-01 5.364202113830945917e-01 4.753380184676941345e-01 4.810663884079051100e-01 4.796379633677819720e-01 5.215706544106171183e-01 4.788204539226740275e-01 4.544153469266817291e-01 4.318841846125054951e-01 4.879698039000480714e-01 4.820297080980811555e-01 4.805249374892232583e-01 4.605872230153004732e-01 4.618487683236237595e-01 4.540458395324142304e-01 4.485689570624063482e-01 4.476157705730968162e-01 4.537982178381138043e-01 4.071817264294343430e-01 4.174979669647965186e-01 4.258192894539078455e-01 4.193092163639282610e-01 4.367513796689052041e-01 4.076369778264027910e-01 3.481162354103650713e-01 3.742730679345463440e-01 3.765372316193931201e-01 4.301838016485315941e-01 4.248074433141648676e-01 3.732427258322144614e-01 3.943502953769657537e-01 4.191313367044272042e-01 4.458975303062733264e-01 4.582415901140475811e-01 4.274460958460004623e-01 3.891590153222925230e-01 4.186474032090823916e-01 3.809591799195871098e-01 3.823087918856337697e-01 3.735910232350047600e-01 3.922761160674397840e-01 3.912141696316511763e-01 3.876176127843969921e-01 4.085587798772626900e-01 3.710336022136432876e-01 4.388102674521204283e-01 4.418955155611631325e-01 4.231269090764047114e-01 4.065571348416223141e-01 3.949409429452326870e-01 4.476562644935830337e-01 4.213621531991234570e-01 4.062951403002648676e-01 4.021329383039120575e-01 4.126120551714377305e-01 4.126367375445661456e-01 4.000828863585136896e-01 3.974602976884222261e-01 3.989500808120456932e-01 3.973710428123849447e-01 4.264754137358415242e-01 4.038842448408480612e-01 4.315468608399796180e-01 4.179215757821368449e-01 4.010130955287995458e-01 4.062185838137011840e-01 3.925209337535023879e-01 4.195965951070449451e-01 4.138862973802352463e-01 3.880799959111351227e-01 3.881354883295459746e-01 3.884136850054529799e-01 3.548492328504072035e-01 3.608643658379039332e-01 3.897151738466225757e-01 3.825063921924284349e-01 3.804817786085317177e-01 4.023498384326960609e-01 3.911343252940492898e-01 3.837609726072337968e-01 3.741404012976933813e-01 3.719961489662687582e-01 3.862016022596324594e-01 3.881031279402066270e-01 3.707486755991626914e-01 3.833661591036792160e-01 3.938544309375968111e-01 3.725297557801207082e-01 3.783462420007850935e-01 3.616459284364839100e-01 3.665417553169709741e-01 3.784629644613090593e-01 3.801303861592753019e-01 3.824587524525077664e-01
6.682928956041910007e-02 6.705529599509774119e-02 3.322366090955052309e-01 1.000000000000000000e+00 3.570865645508106700e-01 2.881780126413460708e-01 5.283802887774404766e-01 5.505628688559573991e-01 4.956914951430106409e-01 4.789133409350334603e-01 5.326501909835746895e-01 6.513966263743435903e-01 5.393518528156077130e-01 3.911199389747939126e-01 6.100759712084135034e-01 6.250832445794081149e-01 5.444082858962229210e-01 4.406851375134574478e-01 4.969924137631800964e-01 5.269419405867608042e-01 5.251561192308736858e-01 5.654002506627020530e-01 4.053351311377184074e-01 4.332539430152657633e-01 4.626784743191492688e-01 4.828116072221863564e-01 5.502951353344494034e-01 4.881759789219771717e-01 4.064561344455828729e-01 5.203981156304346989e-01 5.060835762529100057e-01 5.239768271294037438e-01 4.619250120429363449e-01 5.246409222571134512e-01 4.625975714458448462e-01 5.113903937799419985e-01 5.065733571466026763e-01 5.361444057183817335e-01 5.479057083324978539e-01 5.421823182850193934e-01 5.615780807657292373e-01 5.574438158511165753e-01 5.705594849613963015e-01 5.943231980920005153e-01 5.595274723946993545e-01 5.543973287678667372e-01 5.550411090831509631e-01 5.721092534348387604e-01 5.778154778100157429e-01 5.734476980874411156e-01 5.484959263150857023e-01 6.068045200302925046e-01 5.882645484807198510e-01 5.616813006330219071e-01 5.652131681941715557e-01 5.542405995574363198e-01 5.925355075641223213e-01 5.747276110324101017e-01 5.747558754341542953e-01 5.871112295504077316e-01 5.853842198015578591e-01 5.804949817993866334e-01 5.912920713063205547e-01 5.865493584553848061e-01 5.760591888987766085e-01 5.969792756367738873e-01 5.704241612431159014e-01 5.781717783820782275e-01 5.742987543435624787e-01 6.194852257015863728e-01 6.128202704797902634e-01 5.670741015376958849e-01 5.900036379142353793e-01 5.627233432342504393e-01 5.657373554637984414e-01 5.725712414669134054e-01 5.643504708112664359e-01 5.167045621308729020e-01 5.564190212544862790e-01 5.656139962095574347e-01 5.531389777588351375e-01 5.581013481308582103e-01 5.643839219471159518e-01 5.493271528166566720e-01 5.847047852392323053e-01 5.802664384155455934e-01 5.651913817167253384e-01 5.765189603036489085e-01 5.711839410723229538e-01 5.594189167260824602e-01 5.703752611437274966e-01 5.782757078344648027e-01 5.741125705348743002e-01 5.802943550318426791e-01 5.702621147333406526e-01 5.692770682959877870e-01 5.823141844333022954e-01 5.952698783798536786e-01 5.880482649943999940e-01 5.752947760027520285e-01 5.894658795359164483e-01 5.885194219561954432e-01 5.866592194503885693e-01 5.813005441935286122e-01 5.954020635441323872e-01 5.840931444645683923e-01 5.787503441581302033e-01 5.556554051936584138e-01 5.601576952019817757e-01 5.761525770791025014e-01 5.666969053025547876e-01 5.729893430349550787e-01 5.769188423297127999e-01 5.870559097954581862e-01 5.799751213180381892e-01 5.873326960172411404e-01
-5.196106315138910442e-03 7.888575986163190445e-02 1.479375030088452558e-01 3.570865645508106700e-01 1.000000000000000000e+00 2.031976200897913365e-01 4.669753513892184738e-01 4.567751102610309588e-01 4.187248399940048937e-01 3.771100329770614157e-01 4.081999190446979342e-01 4.867327132636800058e-01 4.880583959157755447e-01 3.267589102727749828e-01 5.046119095166833324e-01 4.938552443290590288e-01 4.200148279088680714e-01 2.727561786473896022e-01 3.966379910640268069e-01 3.236998081663405302e-01 3.255424572815747708e-01 4.343581594278184688e-01 2.769423715275354247e-01 3.014831354480216885e-01 3.699707282816733223e-01 3.934346579465130000e-01 4.062667780241575599e-01 3.584254792258501077e-01 3.336107510247016683e-01 4.274358270649419311e-01 4.218317973980820201e-01 3.989951415358961029e-01 3.468160917306080115e-01 3.988352609998625509e-01 3.698427743754793551e-01 3.906802467584574168e-01 4.198084937835666608e-01 4.189463274069366583e-01 4.348769606402321242e-01 4.173663858365645463e-01 4.616028143800337546e-01 4.600079744802249571e-01 4.521094295155813070e-01 4.742838299566668470e-01 4.517901796232114964e-01 4.557984418814363670e-01 4.816242284306286314e-01 4.760284448897306175e-01 4.739532778811401115e-01 4.386537532587642119e-01 4.402825344704334176e-01 4.883877594826246393e-01 4.815660096017291836e-01 4.569682266462396503e-01 4.432843341801091519e-01 4.277068544456964494e-01 4.514699099172562735e-01 4.706382558908246416e-01 4.552505946180427920e-01 4.836201063013205181e-01 4.893756898428851532e-01 4.759923794974130762e-01 4.697210706705982619e-01 4.745823069960358742e-01 4.658666665246937177e-01 4.736986005069037664e-01 4.749765862871891398e-01 4.613653806067389285e-01 4.539259746051018674e-01 4.791000128252472234e-01 4.848287399210430282e-01 4.734717162895507037e-01 4.645945029702941431e-01 4.681985885299335681e-01 4.731271844430331441e-01 4.666691698315800219e-01 4.658479182948310759e-01 4.418562452028281795e-01 4.695558940672007187e-01 4.651999290343887816e-01 4.627193598465332847e-01 4.647812609634909276e-01 4.543748495570634760e-01 4.555332506729712350e-01 4.595697676241475849e-01 4.641692646359411034e-01 4.681018110966165269e-01 4.720408793256847813e-01 4.733096404405707780e-01 4.600724563587154647e-01 4.682358816760506248e-01 4.815746898786344987e-01 4.751826948327111944e-01 4.769156156589053341e-01 4.857524257884107688e-01 4.822343640559137445e-01 4.834183281254825215e-01 4.826412375170925362e-01 4.903264718321512228e-01 4.745590299601505913e-01 4.822760025070473300e-01 4.825731792044528623e-01 4.906796932811149370e-01 4.854609111001080279e-01 4.880248979335330417e-01 4.740465021216004882e-01 4.846166025659183751e-01 4.708168896598915465e-01 4.711442523099989566e-01 4.838185807789548987e-01 4.738075758445742802e-01 4.836021535757956125e-01 4.840323818293189029e-01 4.828357847341579467e-01 4.797738748857885982e-01 4.820439613641507304e-01
2.255128022820141950e-03 4.950210015086077553e-02 1.998623345183538902e-01 2.881780126413460708e-01 2.031976200897913365e-01 1.000000000000000000e+00 3.547575000857827177e-01 3.266752065004009942e-01 3.341393696219623344e-01 3.093906881363892025e-01 3.595434480976326119e-01 3.897653098444625597e-01 3.523973469049438978e-01 2.507881737672161271e-01 3.889757662000211669e-01 3.832279520625743729e-01 3.533625766126505807e-01 2.953056533525061922e-01 3.423476042796019803e-01 2.983358413621755578e-01 2.933562070800418975e-01 3.643637981906717727e-01 2.960638618893432494e-01 3.107422417896766875e-01 3.166407979125016592e-01 3.412179762438951602e-01 3.725602308722708034e-01 3.271592324070176083e-01 2.938192753720429984e-01 3.652763512917681643e-01 3.657568720151835873e-01 3.765768665166630558e-01 3.342775052180194106e-01 3.813046358578450201e-01 3.519919080670182998e-01 3.558486595568731703e-01 3.581596063573825872e-01 3.717204328784579070e-01 3.801245760533773499e-01 3.564516075726401612e-01 3.836949137186118630e-01 3.816192178629727594e-01 3.846730023387114339e-01 3.956812754719902792e-01 3.858086136890239159e-01 3.785424670016359072e-01 3.838206930484140966e-01 3.837314465659893425e-01 3.834360784591298588e-01 3.849071072693335815e-01 3.781967567219339244e-01 3.926528972087887093e-01 3.839900870040972580e-01 3.833340036367464676e-01 3.804955172584929546e-01 3.762021836950596443e-01 3.864151617594710486e-01 3.927021249509876077e-01 3.862756850748332860e-01 3.938932585276639919e-01 3.951718683779364971e-01 3.934977351328243778e-01 3.937074123999103059e-01 3.914148840404100271e-01 3.813090258482115802e-01 3.891989942345441267e-01 3.870462632192356311e-01 3.944798562185346524e-01 3.942323597682428349e-01 3.937735931654527954e-01 3.886104030147727872e-01 3.877226916300191006e-01 4.019381545362180064e-01 3.815523198769291136e-01 3.844955869842696106e-01 3.837211403782828101e-01 3.821113352422232379e-01 3.623966207930715000e-01 3.822996592359912404e-01 3.877723249238761438e-01 3.838703600928519144e-01 3.834089798303518815e-01 3.864264452105770631e-01 3.916781575676391847e-01 4.034562876311696411e-01 4.059736245901526264e-01 3.849006879347355303e-01 3.968150217063452501e-01 3.908551475664241437e-01 3.834508183875172116e-01 3.885348648374087333e-01 3.906357808649440488e-01 3.922029865160924222e-01 3.896669811554173135e-01 3.879288859543830736e-01 3.876371864450868787e-01 3.846801974994645823e-01 3.886103971305277516e-01 3.936730875266633567e-01 3.906626261405096723e-01 3.921317878988516692e-01 3.929431942030598979e-01 3.891511312407083256e-01 3.912627770557956519e-01 3.988273435099868314e-01 3.879091039116161488e-01 3.884246382354519245e-01 3.831248463494768552e-01 3.869352024091972653e-01 3.919810449912949357e-01 3.883842770001528777e-01 3.908093467112286890e-01 3.908802076095591049e-01 3.936254567155356709e-01 3.894473305170362276e-01 3.913152427081728613e-01
1.162320036999456773e-03 1.371362841108580699e-01 2.859396244752745453e-01 5.283802887774404766e-01 4.669753513892184738e-01 3.547575000857827177e-01 1.000000000000000000e+00 7.172833605617411346e-01 6.751971667922123110e-01 6.272037396294075640e-01 6.772741313136786401e-01 7.581812477016943719e-01 6.911336127418501452e-01 5.313897689309147188e-01 8.083298313616461561e-01 7.725224246695371333e-01 6.808364251065196493e-01 5.087944300175426537e-01 6.649990047800536930e-01 5.590890985744841890e-01 5.335495869204116559e-01 6.985556852326686439e-01 5.338446863814806376e-01 5.535308993774766817e-01 6.262003602173267236e-01 6.495821318082386497e-01 6.655198438171446851e-01 6.175121889006619513e-01 5.645546000164541889e-01 7.136009034728865164e-01 7.069113619713557339e-01 6.970995945354326873e-01 6.025885155490678935e-01 7.012667657926365816e-01 6.396024019558101958e-01 6.780426978906175517e-01 6.961533584471837344e-01 7.038838450855815498e-01 7.205978792376864783e-01 7.182275811752346639e-01 7.411071940874129904e-01 7.497462334003475171e-01 7.617130222671295581e-01 7.611822660795825035e-01 7.441355705778267549e-01 7.448067566218524727e-01 7.600353659773614323e-01 7.558086516108095676e-01 7.571149661567364575e-01 7.249210786928447225e-01 7.211415651389102566e-01 7.578538318393145401e-01 7.576538104450828426e-01 7.267005227359034647e-01 7.179772341370624922e-01 7.202188751775941977e-01 7.423834083574976095e-01 7.535589536333398009e-01 7.368308379586275825e-01 7.520796003477566716e-01 7.677885709146865523e-01 7.491337060711263929e-01 7.542483476700747591e-01 7.487627214270837772e-01 7.373648517656133938e-01 7.458950470143890232e-01 7.560558898050476762e-01 7.431914727511019780e-01 7.544467625427758728e-01 7.625307368618680082e-01 7.512866531209833054e-01 7.481371126179106046e-01 7.561814368827327604e-01 7.456478581059811095e-01 7.508140066010839941e-01 7.422826441597044633e-01 7.523857193355613093e-01 7.031484893587748308e-01 7.480579520723649178e-01 7.410834418201039941e-01 7.404836437887561962e-01 7.403292572301427565e-01 7.438636295433932455e-01 7.408083890846345332e-01 7.543253936346463462e-01 7.582270825214139087e-01 7.449841666136449714e-01 7.648445888478908605e-01 7.553554835683876645e-01 7.398373974486937010e-01 7.601353951564777667e-01 7.667886453947114767e-01 7.553372831295048773e-01 7.611063049114972223e-01 7.578964570079651519e-01 7.583176053329060418e-01 7.529297219787250972e-01 7.460700985208306157e-01 7.618618068362342788e-01 7.555340482899955967e-01 7.713007382848341420e-01 7.541545846603665559e-01 7.604343150484269565e-01 7.600828559902729209e-01 7.648456703496778752e-01 7.456473884504428717e-01 7.586374381495988306e-01 7.499945033322334975e-01 7.483983674063978686e-01 7.578471220875652170e-01 7.573791407610180881e-01 7.558617252963697464e-01 7.539861520035640030e-01 7.527317800815191973e-01 7.475336980253373120e-01 7.554334178251657095e-01
9.604000175910014370e-02 1.787784355945074843e-01 3.833916083974090450e-01 5.505628688559573991e-01 4.567751102610309588e-01 3.266752065004009942e-01 7.172833605617411346e-01 1.000000000000000000e+00 6.701666800040725347e-01 6.332889309652722787e-01 6.955948095871365977e-01 7.379759109793064820e-01 6.703352896045693399e-01 5.103253997627377192e-01 7.615594304403074943e-01 7.931239776422429610e-01 6.813232978477405943e-01 6.379016533936927580e-01 7.194196509574116716e-01 6.057994548569261006e-01 6.581324500834355717e-01 7.159555016584169262e-01 6.428765086581430532e-01 6.426275917209673949e-01 6.593889115982504157e-01 6.921783441371165413e-01 7.043370463652705027e-01 6.813436104013455008e-01 6.286785968817564241e-01 7.338936717738262505e-01 7.079962376038957395e-01 7.351702587345980699e-01 6.515263302424221248e-01 7.369169695624523397e-01 6.732482645712328795e-01 7.150796514315576058e-01 7.132786111872393420e-01 7.302549047743336352e-01 7.364909789265644546e-01 7.286092049547040483e-01 7.271593380280820806e-01 7.427749802525871470e-01 7.653204004099550817e-01 7.574328086914611236e-01 7.476821164123362840e-01 7.435944630591165838e-01 7.199229812822608432e-01 7.267399397115777981e-01 7.427231611579925286e-01 7.551513492123526072e-01 7.414246877537774560e-01 7.391776587069370796e-01 7.493300424448519070e-01 7.420851406059255639e-01 7.554452266963325169e-01 7.550422925978146349e-01 7.724474751223089353e-01 7.451074513275192102e-01 7.536840726198500429e-01 7.392439882197268108e-01 7.541935600515218274e-01 7.456467173138628945e-01 7.649644510758970561e-01 7.496568327942803034e-01 7.270886060806490692e-01 7.552832466124811406e-01 7.271070643952283197e-01 7.520734455971418431e-01 7.562939510963873069e-01 7.666350999188547011e-01 7.437435850755698130e-01 7.323346584803449577e-01 7.623659947262787506e-01 7.367928556476943669e-01 7.362961270091218369e-01 7.279098414812180673e-01 7.335530647188529541e-01 7.077597936567360248e-01 7.359518485093552442e-01 7.303869829725312401e-01 7.272716106282060000e-01 7.232889139066597251e-01 7.478673197583040055e-01 7.278096834123849446e-01 7.612605687855866776e-01 7.536110388611156896e-01 7.316155898918138556e-01 7.525205856136149007e-01 7.373012714424469483e-01 7.417713896116371330e-01 7.435502486866929495e-01 7.388299434067959748e-01 7.337348840324191546e-01 7.354266612519512192e-01 7.240939954014289359e-01 7.254813759275037244e-01 7.467464278104504194e-01 7.446351086037937828e-01 7.463646193190743849e-01 7.458744139708751719e-01 7.500182276097797640e-01 7.478319109822749722e-01 7.373578745759418185e-01 7.334277504516535373e-01 7.444048878413781489e-01 7.439504838255019958e-01 7.381225098736581280e-01 7.255154213533040464e-01 7.357325184566755327e-01 7.357511126478406549e-01 7.375298267561725130e-01 7.251913407639152265e-01 7.316277973555245229e-01 7.388026835617234056e-01 7.288882611757376839e-01 7.392137196742347705e-01
1.302746900580530887e-01 1.959649726454451568e-01 3.543642320189312467e-01 4.956914951430106409e-01 4.187248399940048937e-01 3.341393696219623344e-01 6.751971667922123110e-01 6.701666800040725347e-01 1.000000000000000000e+00 7.730140763495757517e-01 7.926872925242601786e-01 8.172870713714950330e-01 7.622803583449107023e-01 6.043579719389977623e-01 8.403141187649988408e-01 8.211672248820315323e-01 8.161358839576535740e-01 6.468276842570132024e-01 7.908679945616489126e-01 5.546849377814440096e-01 6.603589678439127919e-01 8.037263628695904272e-01 6.781054642142110289e-01 6.522446456850264918e-01 7.371379240063151705e-01 8.148106110500076271e-01 8.286813426442423136e-01 7.633034335712259866e-01 7.799526583332453411e-01 8.569801064843352023e-01 8.621480128024192613e-01 8.411696033328066591e-01 7.605167581769070040e-01 8.251066117814706002e-01 7.979053938325888495e-01 8.209800360072603276e-01 8.422106943648082211e-01 8.248879972120628512e-01 8.570313944943666051e-01 7.967123826209840942e-01 8.718431491738550809e-01 8.597282778552022275e-01 8.327958746879039476e-01 8.756660237755863330e-01 8.719413596405007905e-01 8.555701344484935023e-01 8.831918233331351731e-01 8.838652929649066792e-01 8.775940768600329900e-01 8.456433977186956774e-01 8.533710183347957834e-01 8.306576091432354980e-01 8.756576941549696347e-01 8.803441201272120820e-01 8.551808789312409509e-01 8.484555278226767472e-01 8.619559639139688922e-01 8.722156499912230299e-01 8.694899609227595416e-01 8.859886639293822475e-01 8.830130383782412995e-01 8.699828910066045307e-01 8.575002007953863581e-01 8.782924897393591390e-01 8.840816145703761508e-01 8.803257063308403962e-01 8.840606010198223119e-01 8.783898509603200733e-01 8.765814294760699843e-01 8.551724330663886819e-01 8.666605701963243646e-01 8.819308977436787211e-01 8.582247164571371600e-01 8.626703090877431146e-01 8.819625628244874838e-01 8.832615804310341989e-01 8.742673498851705194e-01 8.779939077831027117e-01 8.813315526229036356e-01 8.838760743040656731e-01 8.814855087798612043e-01 8.859705062547594823e-01 8.792840326323464462e-01 8.719138721547696758e-01 8.644322496236416242e-01 8.739703629978390342e-01 8.788590273953207355e-01 8.709723357541259148e-01 8.797318540138896470e-01 8.728431997045394963e-01 8.683759727210282886e-01 8.775406101119300750e-01 8.802248172605052767e-01 8.750059677395988222e-01 8.794265667934026975e-01 8.818611606344293197e-01 8.568978182541701072e-01 8.640653291775983735e-01 8.738831054821890598e-01 8.734503419250237988e-01 8.682586925110399312e-01 8.699522638753904857e-01 8.772360264397939256e-01 8.768874055642230658e-01 8.730443251893269530e-01 8.746687724926632823e-01 8.812162506565098807e-01 8.839691706985045583e-01 8.813405295854443988e-01 8.805398900322752853e-01 8.736011196000853518e-01 8.829550269643200444e-01 8.755883689618834120e-01 8.800559639683158686e-01 8.834592386478254955e-01 8.821631672436806015e-01
1.325838309023731343e-01 2.435821847638866555e-01 3.825118418768363449e-01 4.789133409350334603e-01 3.771100329770614157e-01 3.093906881363892025e-01 6.272037396294075640e-01 6.332889309652722787e-01 7.730140763495757517e-01 1.000000000000000000e+00 7.625868243044565675e-01 7.518900662771598187e-01 6.961156822722091020e-01 5.609985746757758518e-01 7.926603350562045902e-01 7.772011212651243062e-01 7.699325415563545993e-01 6.568699225745120440e-01 7.590254981164792358e-01 5.443805886296749774e-01 6.385052662323539296e-01 7.577548168705744436e-01 6.900317363031738260e-01 6.543195543920776736e-01 7.125449115849059600e-01 8.080737971803834130e-01 8.164448941413501304e-01 7.832900769961097520e-01 7.730074819390391205e-01 8.308458782476833004e-01 8.350299464452906051e-01 8.193292770083991927e-01 7.634161889368462628e-01 8.029598847975089049e-01 7.926675221359577028e-01 7.910928452651055931e-01 8.214870228035277000e-01 8.149369480661543541e-01 8.330128277669566206e-01 7.926912482272843175e-01 8.343727492151903347e-01 8.300467170721084198e-01 8.056834787888779159e-01 8.309245509335733137e-01 8.372736980091869397e-01 8.305052173907211399e-01 8.213683385166876683e-01 8.297634641428160984e-01 8.220388913097514960e-01 8.049082220995962267e-01 8.177305058548047789e-01 7.632001550302325299e-01 8.188002915990495456e-01 8.326915494675444229e-01 8.232135587375151164e-01 8.274785058597030618e-01 8.122777030309855650e-01 8.238035693751090127e-01 8.304982812111202373e-01 8.231054672013434770e-01 8.206689127833448616e-01 8.106460879898755856e-01 8.061529028148044507e-01 8.201891911027210380e-01 8.237911918072119422e-01 8.221663261996894345e-01 8.286164886298094112e-01 8.369460190721665915e-01 8.346569243002825988e-01 8.020002500366829601e-01 8.122268273429367191e-01 8.296095752679321089e-01 8.128973933197932711e-01 8.174553207078740780e-01 8.397784174462213924e-01 8.372228431011650152e-01 8.402624040374723213e-01 8.385982015246065124e-01 8.378060065212989960e-01 8.395690793547391229e-01 8.398306309623556620e-01 8.407004618168958388e-01 8.415527536432279021e-01 8.286530191612355711e-01 8.282930455754269339e-01 8.301419451761909984e-01 8.359404212058286765e-01 8.370559100385499551e-01 8.372947442329041756e-01 8.408235498525247209e-01 8.342958844783084915e-01 8.310256587432297559e-01 8.331891670906160785e-01 8.331351470251415758e-01 8.217954343660784922e-01 8.253857858790267787e-01 8.150300811452753091e-01 8.106094069648785982e-01 8.224105657858991059e-01 8.335013319344043436e-01 8.271394144494149669e-01 8.222403958777186883e-01 8.212590719437322662e-01 8.238962993286886860e-01 8.207098929988471125e-01 8.211705807457987394e-01 8.258995010293606054e-01 8.346991396910736771e-01 8.354139174722148287e-01 8.265217478327105960e-01 8.286917556305671839e-01 8.228398345544573056e-01 8.212447941873423085e-01 8.260416251392137532e-01 8.278341007309633071e-01 8.269497090957916852e-01
1.149824463664181340e-01 2.102902980051232495e-01 4.432286566090873903e-01 5.326501909835746895e-01 4.081999190446979342e-01 3.595434480976326119e-01 6.772741313136786401e-01 6.955948095871365977e-01 7.926872925242601786e-01 7.625868243044565675e-01 1.000000000000000000e+00 8.234467639984227594e-01 7.481295603329365385e-01 5.909055591268922436e-01 8.441872778526428034e-01 8.392073045377282936e-01 8.135190140982624385e-01 7.380539584721461654e-01 8.439638744637096845e-01 6.323871050445569741e-01 7.414514960209025451e-01 8.463004783911015627e-01 7.591213758603623241e-01 7.393888990479662304e-01 7.895629290998837924e-01 8.477629727290655337e-01 8.632150055451692783e-01 8.305852344874238291e-01 7.964013887826592031e-01 8.708522736592347879e-01 8.739660932208190847e-01 8.843682047526134626e-01 8.157411335148920806e-01 8.726436181432458694e-01 8.385420898857268712e-01 8.565609483451689377e-01 8.699458295828440546e-01 8.644607300836307795e-01 8.832954602644401687e-01 8.505459296804124270e-01 8.823863086743509720e-01 8.759807043302729745e-01 8.707690532875665967e-01 8.875672382517011405e-01 8.943907973909884790e-01 8.712536862231521351e-01 8.641650253696314676e-01 8.749507379348363534e-01 8.728063406736522589e-01 8.674753579019326422e-01 8.711055100235451931e-01 8.284602886784676601e-01 8.732045945846342860e-01 8.840971835602255968e-01 8.809264487897708884e-01 8.846098107859921011e-01 8.793755312773688937e-01 8.740938062768695005e-01 8.840512313167341318e-01 8.747680843074822077e-01 8.773401538419854928e-01 8.652402959327173404e-01 8.673392889899006475e-01 8.764360063996449179e-01 8.723822944751131736e-01 8.793903926867205900e-01 8.757834999458696812e-01 8.969543948881376627e-01 8.935673912395861729e-01 8.739667027732485050e-01 8.822553168167073245e-01 8.838368065135694396e-01 8.833902217030238369e-01 8.809942216340261867e-01 8.877793442142362101e-01 8.838498383222329613e-01 8.839195277639677606e-01 8.743570620812305405e-01 8.799127316591128789e-01 8.803184032046271756e-01 8.834074059822971670e-01 8.811690811833697845e-01 8.930201010410481199e-01 8.788684484343566305e-01 8.849866638847376787e-01 8.885044300478412982e-01 8.849613586980564772e-01 8.846767866689189130e-01 8.809603904531028151e-01 8.899295630983701244e-01 8.876119350980508083e-01 8.796009076283280992e-01 8.823147070428020156e-01 8.774893426315745204e-01 8.683912976065576439e-01 8.714289695839365635e-01 8.693609170932508068e-01 8.643016158397931470e-01 8.759869622181042370e-01 8.807884464320077100e-01 8.787893306132356086e-01 8.757719963704226895e-01 8.742633453286020595e-01 8.744254096141088617e-01 8.751371356926961331e-01 8.774170870315167736e-01 8.758971452388855106e-01 8.817421456857548190e-01 8.847761439509260750e-01 8.760972784854422768e-01 8.776179816866840344e-01 8.718080724207695198e-01 8.716542310159161033e-01 8.771214493460276485e-01 8.776459101296676391e-01 8.780544055164299921e-01
4.918548227728850551e-03 1.548882012476997527e-01 3.480588295473477922e-01 6.513966263743435903e-01 4.867327132636800058e-01 3.897653098444625597e-01 7.581812477016943719e-01 7.379759109793064820e-01 8.172870713714950330e-01 7.518900662771598187e-01 8.234467639984227594e-01 1.000000000000000000e+00 8.288492860910483540e-01 6.488309334181734389e-01 9.094186393766643395e-01 9.040876384995590875e-01 8.415221897988677258e-01 5.989941843251687104e-01 7.749467120835077383e-01 6.029469393251662979e-01 6.620072928269440382e-01 8.285390636984119039e-01 6.026689016837096791e-01 5.945928256310381022e-01 7.050431039184877902e-01 7.879043225572773812e-01 8.382506110028594692e-01 7.547015788053804686e-01 7.156897145205777244e-01 8.476411471687088639e-01 8.587572973114765418e-01 8.324606183135446758e-01 7.562221824668541315e-01 8.208589974129738565e-01 7.920956665014849962e-01 8.126306317938022383e-01 8.379167227199506573e-01 8.541016551754790909e-01 8.754797019617436282e-01 8.251395202061785339e-01 8.970236326685261385e-01 8.884351723073050655e-01 8.760375798518194035e-01 9.175288194386287399e-01 8.900645128205769696e-01 8.914251114716620350e-01 9.205197779739847652e-01 9.260174875373681225e-01 9.245488526423877307e-01 8.848127021682500315e-01 8.719772611927545380e-01 9.018166804285433491e-01 9.186900297780886682e-01 9.097880528526310906e-01 8.928999789828379052e-01 8.806954656384984315e-01 9.093175202675778390e-01 9.212727972679926047e-01 9.119140243648592437e-01 9.349585783368015157e-01 9.301670810589361960e-01 9.270145742404370948e-01 9.223877906146310535e-01 9.277110146734983687e-01 9.166224462053024213e-01 9.267210023251452045e-01 9.248589566027292097e-01 9.061817750051850417e-01 8.945360652705810489e-01 9.092003247848625680e-01 9.241410412901780447e-01 9.162732811089774332e-01 8.844894247118626485e-01 8.875367281578325773e-01 9.122692906535788682e-01 9.155127152567774651e-01 9.021958670425583859e-01 8.783748060029904492e-01 9.062904988070427104e-01 9.167069572353856444e-01 9.099447525757411448e-01 9.134173118827416671e-01 9.015875087386361342e-01 9.039850608836360601e-01 9.018451633930006928e-01 9.099363734960899119e-01 9.138554343346491082e-01 9.134872422018479599e-01 9.194772511424147421e-01 9.039234075587366801e-01 9.033013911168027432e-01 9.218544662603115336e-01 9.223686823912784494e-01 9.212593223424049294e-01 9.296230302186627714e-01 9.290237618272070286e-01 9.076129711428304603e-01 9.210608837202040045e-01 9.281474183588180882e-01 9.105137084314501861e-01 9.208499234158428193e-01 9.289732849297894779e-01 9.315988889178061783e-01 9.283054036033595580e-01 9.283486725346150603e-01 9.239486239133549716e-01 9.283899320893442830e-01 9.167729159434406805e-01 9.172736316970490078e-01 9.287453654006306847e-01 9.208115709285893402e-01 9.304377220851600683e-01 9.304114730498121988e-01 9.326676132593728630e-01 9.273964228262455700e-01 9.322531437029849544e-01
6.316301759116841295e-03 1.530309446030095333e-01 3.025954412086305778e-01 5.393518528156077130e-01 4.880583959157755447e-01 3.523973469049438978e-01 6.911336127418501452e-01 6.703352896045693399e-01 7.622803583449107023e-01 6.961156822722091020e-01 7.481295603329365385e-01 8.288492860910483540e-01 1.000000000000000000e+00 5.890061810045660318e-01 8.411598188556349553e-01 8.257392557458717031e-01 7.598109851582446339e-01 5.492618810361313830e-01 7.232897035494499915e-01 5.438590448496232188e-01 5.973640732561016353e-01 7.617526617767593766e-01 5.608671335536407065e-01 5.620205498799693000e-01 6.639646381560125876e-01 7.313367712896515771e-01 7.620995185351652212e-01 6.870863608274071499e-01 6.697892543176562352e-01 7.865063958507495512e-01 7.933948700330392123e-01 7.689476829996709784e-01 6.859998853848645606e-01 7.547265746585622992e-01 7.279505826969963067e-01 7.435058316425665614e-01 7.712540848329930698e-01 7.795723124174609442e-01 8.066645322424487174e-01 7.500154352074697162e-01 8.238839641768523903e-01 8.227781050709878086e-01 8.103226228290942856e-01 8.444446670112905062e-01 8.188322208647212941e-01 8.281650211106967863e-01 8.565067307066581703e-01 8.533441474094894952e-01 8.501873703709929009e-01 8.061611405488422477e-01 8.028662697863713227e-01 8.182100415058950471e-01 8.498695402825863221e-01 8.394037392954941668e-01 8.218266710832000665e-01 8.050383820185178507e-01 8.279328512007549934e-01 8.510302686896150659e-01 8.350585311397620281e-01 8.598660815407029867e-01 8.618905565109751254e-01 8.525937305973732006e-01 8.421915331966076668e-01 8.522878690026970405e-01 8.419567971430955700e-01 8.491992738685013586e-01 8.548579637910134199e-01 8.384339294002585152e-01 8.286580796838929341e-01 8.378341979634722492e-01 8.477521872421426297e-01 8.483872266958810693e-01 8.199035273282576641e-01 8.272054182796195754e-01 8.458204147621473101e-01 8.440721894001571579e-01 8.369588500852910284e-01 8.198071004413780560e-01 8.426253069713097732e-01 8.442820778116030267e-01 8.424491936825526661e-01 8.463666259918716239e-01 8.327972708236943689e-01 8.310466189037521989e-01 8.326339045740006606e-01 8.393286915924978997e-01 8.432310794425917910e-01 8.458583654681828268e-01 8.516221818416910283e-01 8.382700835586813781e-01 8.330318086116428322e-01 8.524826482733857125e-01 8.526431746548227553e-01 8.495724838661486977e-01 8.601855657601313876e-01 8.606255378080757135e-01 8.464763700452512252e-01 8.515423109100224153e-01 8.611906278395662362e-01 8.452932617149216954e-01 8.530629225454902098e-01 8.588793959649486665e-01 8.605364830363713136e-01 8.592420072942001941e-01 8.553857205948817155e-01 8.540699239205440385e-01 8.610477948716989127e-01 8.520730300459904427e-01 8.531082399075243794e-01 8.601906944032408076e-01 8.527292318629803303e-01 8.615664740083900375e-01 8.611824954588817027e-01 8.628957116198039401e-01 8.525063062601041519e-01 8.613519575982311327e-01
