1.000000000000000000e+00 9.140877041723201313e-02 4.677342927421358765e-02 4.069709063031717346e-03 1.394544309243688981e-02 -2.139354709005905283e-02 2.216390784031135180e-02 2.775650585549044314e-02 6.610229194590971913e-02 4.923532584712642796e-02 2.582169114311460428e-02 7.571407907506022203e-03 1.179243113982948732e-02 -7.717455441408619526e-03 1.513265161491990536e-03 4.146776377507508347e-03 2.214200280313799798e-02 6.723716382916146428e-02 4.815380565929826967e-02 -1.997537214494784011e-02 -2.489774921866460752e-02 4.631073736449772132e-03 9.122982080128903826e-02 6.918108151772671410e-02 7.701616413360441726e-02 5.892795830342913849e-02 6.580575469880886597e-02 6.281587175137630374e-02 1.211044534955658392e-01 1.122377435812111079e-01 8.486983542626318211e-02 2.569954323179372488e-02 3.801381611765097118e-02 3.481253494278789551e-02 5.877555044213719077e-02 2.624902114104626233e-02 5.464154067283497063e-02 -6.336571721619335511e-03 3.331428219375893313e-02 -2.467533199209823863e-02 2.277865758149843264e-03 -3.646292722251015701e-03 -5.634210507059680441e-03 1.713566904123254783e-02 2.655444926388157018e-02 1.755188723025977518e-02 6.833453536786327810e-03 7.032901260542232143e-03 7.682572413155741749e-03 -3.853230162646144406e-03 -4.360416665757483635e-03 -5.497869792228801504e-03 -4.675339823356663808e-03 1.850115988136700682e-02 1.103226950560631803e-02 8.587113020298952140e-03 2.048015441152092192e-02 4.644160404613690250e-03 2.722236725270125481e-03 2.615475014782940935e-02 7.711702165161403617e-03 2.188226372287878363e-02 1.084336847657153997e-02 2.150852518134373573e-02 2.708881199729558376e-02 2.476169171933288726e-02 1.782374502731903440e-02 1.707682580943544956e-02 3.133163665628807548e-02 6.968981461876946372e-03 -6.597855173197976486e-03 1.790580223643625096e-02 2.895562544657569529e-02 3.265957547077634471e-02 2.631470651276561837e-02 2.859670241402504504e-02 1.729655326860012401e-02 5.142573794418562466e-02 3.052307907604350640e-02 5.123460913045829734e-02 3.755684374436212003e-02 3.574162705394291761e-02 3.080926914193056823e-02 3.328916608393740761e-02 6.469771658653680237e-03 1.976330447886713582e-02 2.211071447840122842e-02 -3.707600702503019430e-03 1.379013794418274506e-02 1.398952264728571711e-02 8.419126318971569944e-04 7.109489702942267848e-03 1.002030571874761196e-02 1.059473330805778442e-02 3.721754673351292120e-03 4.499616369367021897e-03 -1.083464459464666442e-02 8.790104972467667130e-03 1.647536409390603892e-03 6.364681702658249094e-05 8.690038405266393116e-04 3.233579812302637361e-04 -4.139485217447247747e-03 -1.155140323486467460e-03 3.045364796580319992e-03 1.143067783097045237e-02 1.020974090393977213e-02 8.651466479111243751e-03 8.594919083006439739e-03 1.107540105556223224e-03 -5.629416578637923968e-03 1.197996627351058212e-02 2.007753667042665602e-03 8.334343693891731533e-03 1.695185426775547982e-02 1.654975265823490152e-02
9.140877041723201313e-02 1.000000000000000000e+00 3.042319812536206647e-02 3.945001432246694750e-02 4.102079319266808272e-02 6.957419631523778514e-02 1.508043557768500020e-01 1.247240569312486613e-01 1.718868474649514200e-01 1.781641865743303355e-01 1.251353035335441843e-01 1.217208501554110645e-01 1.219045293870176516e-01 1.069669319527778439e-01 1.522663608486864162e-01 1.418745702586227120e-01 1.197016977786232866e-01 1.880341904669642905e-01 1.532964048716408401e-01 1.656045442083345642e-01 5.724425604862824757e-02 1.134613664962551560e-01 2.057042669076973307e-01 1.868014295368776445e-01 2.076129879917960330e-01 1.844199635484914668e-01 1.801170800566162800e-01 1.957907815299625154e-01 2.266446323625075920e-01 2.250195941803911082e-01 2.109441851344385499e-01 1.658428708844577604e-01 1.675326141748423314e-01 1.591368359712806713e-01 1.885891196495436128e-01 1.484263215408022640e-01 1.733740918543228982e-01 1.484764712438362555e-01 1.640003501271919961e-01 1.405444514429740055e-01 1.539049886614229645e-01 1.431188722318856854e-01 1.461721957564525443e-01 1.545069705340382515e-01 1.592612370771778474e-01 1.693665682583273824e-01 1.390286796739435282e-01 1.357578721641946873e-01 1.409373884012442013e-01 1.312882458035363187e-01 1.424941684093988248e-01 1.087864630332622679e-01 1.243299319421399540e-01 1.433287354834854310e-01 1.493387409724046266e-01 1.548288363465467610e-01 1.414757902073174589e-01 1.343187930291144805e-01 1.451680149304317158e-01 1.404849515212107103e-01 1.389839146842085094e-01 1.515176058562015815e-01 1.405074639437841888e-01 1.389560630702260935e-01 1.335346941928216569e-01 1.375580192907006616e-01 1.423198794893569263e-01 1.555452731019874302e-01 1.667175044125552008e-01 1.513113280398059590e-01 1.235679224548316135e-01 1.507980925202320743e-01 1.619928863148526188e-01 1.678519723975356870e-01 1.618865224162744920e-01 1.576031832885297079e-01 1.579488344301009095e-01 1.760766304479332300e-01 1.742940989566312548e-01 1.772322863376742663e-01 1.627198036982180351e-01 1.679769547324190260e-01 1.594456558149835723e-01 1.652240976365063063e-01 1.423119245820398948e-01 1.548774233671639800e-01 1.550223176250166146e-01 1.434041742312376355e-01 1.516555240195685272e-01 1.562306015593905861e-01 1.470567958632394701e-01 1.452880556869574069e-01 1.481553712740933115e-01 1.496771527328904228e-01 1.356241264034447891e-01 1.400698972591131186e-01 1.343661295936461886e-01 1.307039742299574425e-01 1.374079381072385031e-01 1.386790855238473619e-01 1.438856602950485120e-01 1.346562479959851066e-01 1.266595829866685452e-01 1.379334199721657384e-01 1.331266817854498685e-01 1.402854781356926150e-01 1.427394644507492538e-01 1.462092677205824587e-01 1.496025018909513393e-01 1.383486207392077005e-01 1.421984285149651972e-01 1.397750887737544412e-01 1.404390347065398725e-01 1.400068642294055310e-01 1.398064091656220642e-01 1.406261865948375822e-01
4.677342927421358765e-02 3.042319812536206647e-02 1.000000000000000000e+00 2.312845575252998331e-01 1.046341967497832204e-01 1.009587047042788260e-01 2.108335304655786502e-01 2.155260337568926654e-01 2.497255184901950309e-01 2.644876965046698003e-01 2.472229502718531202e-01 2.528017882462890720e-01 2.342017095490266654e-01 2.249293062331066406e-01 2.700553727956439554e-01 2.596454514822069126e-01 2.350970446474173192e-01 2.774528264011530965e-01 2.785782847398305950e-01 2.475812147146543019e-01 2.236376990368716677e-01 2.399276542873590989e-01 2.927271146933870805e-01 2.770363724413735795e-01 3.006309117036217171e-01 2.932302643903630934e-01 2.989641671559133962e-01 2.943614512772101954e-01 3.078667745729942173e-01 3.120559614702167472e-01 3.135059495640941662e-01 2.733353504830817182e-01 2.871079657775658656e-01 2.732383067177459046e-01 2.854157679515449408e-01 2.939200568177742778e-01 2.933339778414693066e-01 2.669075308929055312e-01 2.799965988171544962e-01 2.723174131255008956e-01 2.688681456007941950e-01 2.691569244027117169e-01 2.711801368074759355e-01 2.865422550149047676e-01 2.943826267504248140e-01 2.852193209977699762e-01 2.643544650753862357e-01 2.569866494669992840e-01 2.665666177939700066e-01 2.702173266063671586e-01 2.682013858154054797e-01 2.549686596577550035e-01 2.645771516193146655e-01 2.616816419856466958e-01 2.698125113216967019e-01 2.684906885848373226e-01 2.696159055089530354e-01 2.635108328933601918e-01 2.699082497271163561e-01 2.657308301200118072e-01 2.711760488910585076e-01 2.706289821475056923e-01 2.678463214809338466e-01 2.750852290163772196e-01 2.645410568441742272e-01 2.704858758041963074e-01 2.675895235949385387e-01 2.783416940250756921e-01 2.806390089813691202e-01 2.793200132420088910e-01 2.597613962669693688e-01 2.699609386066131878e-01 2.823369444931248529e-01 2.883130552641040567e-01 2.828088823619872016e-01 2.768423128737620975e-01 2.806705068886339860e-01 2.970291240576508618e-01 2.838461824115940391e-01 2.899193599817317391e-01 2.891201920819820859e-01 2.946667990220390165e-01 2.801356969762384685e-01 2.850954339423656392e-01 2.742976842873529053e-01 2.799459043131877767e-01 2.841638654654280449e-01 2.647205917304851219e-01 2.696136338468042570e-01 2.727109609286046954e-01 2.715666339716503175e-01 2.688233482614719172e-01 2.748420011441164990e-01 2.719790064417992315e-01 2.611181694040738965e-01 2.625777897284177764e-01 2.666424003096161677e-01 2.662000149117715320e-01 2.636097445944861062e-01 2.665470097551749795e-01 2.664140879777309179e-01 2.605510791903615786e-01 2.609032050853392626e-01 2.638916021609927776e-01 2.642897035355858959e-01 2.660049606464072736e-01 2.674737072876076094e-01 2.636850625845627571e-01 2.732350878086780011e-01 2.570860819034619937e-01 2.599746500258822146e-01 2.629664765724818443e-01 2.615777968905249606e-01 2.646477703878962751e-01 2.635572574341139007e-01 2.672353687532422195e-01
4.069709063031717346e-03 3.945001432246694750e-02 2.312845575252998331e-01 1.000000000000000000e+00 2.064881602767095758e-01 2.952854561268816180e-01 4.416533962164133076e-01 4.394466276075108535e-01 4.056018882432020356e-01 3.930237093866228992e-01 4.437722310064526332e-01 5.217907536214480002e-01 4.239623060976792090e-01 4.613605512742007253e-01 5.131031379300802220e-01 4.944851239803380594e-01 4.211259164159006363e-01 3.884754210365083948e-01 4.216458501331961650e-01 4.365883549824008392e-01 4.615092739077012451e-01 4.623235769650249072e-01 4.257658226389049450e-01 3.987890680257129561e-01 4.237996405419171553e-01 4.810524416069235643e-01 4.714685147019853639e-01 4.732025448774618281e-01 4.282831972817730537e-01 4.224465256677759073e-01 4.747800771631643380e-01 4.904301645508999385e-01 4.593130188474612852e-01 4.851603844848780267e-01 4.616786066918902032e-01 4.921377358782400568e-01 4.852899626529596500e-01 5.135476471405162613e-01 4.880779908288571667e-01 5.130362274570650083e-01 5.166146454684482636e-01 5.240333525038086693e-01 5.182148073585635117e-01 5.186465314531881754e-01 5.046694186120238568e-01 5.002774573273784942e-01 5.173477887848848544e-01 5.124052902491088579e-01 5.211157769954116725e-01 5.269116383323104724e-01 5.252516475133474083e-01 5.408711025470419598e-01 5.258146402612162706e-01 5.128771968617558130e-01 5.135610195469226813e-01 4.991810598664679355e-01 5.261749679291590764e-01 5.161279060232721871e-01 5.248069721210000260e-01 5.121007601374242268e-01 5.222901174938114899e-01 5.202408411817857070e-01 5.256238064302177770e-01 5.140327868443941295e-01 5.100740144373191454e-01 5.259917039139302419e-01 5.133899959161868365e-01 5.021114260190114864e-01 5.067096413346289241e-01 5.255634530614126110e-01 5.199830218479988275e-01 5.146071287677548289e-01 4.925041527173584233e-01 4.991528318463323566e-01 5.147886178916678546e-01 5.073333875089178768e-01 5.089464648964183713e-01 4.970949171539658651e-01 5.064008957394954269e-01 5.000845101138339244e-01 5.057957443611795778e-01 5.159177181624519104e-01 5.078100597869116273e-01 5.020945763625060954e-01 5.170785581011362320e-01 5.063196743020859092e-01 5.113955786871818843e-01 5.186732242247372726e-01 5.124181527917908152e-01 5.112316625149735394e-01 5.204714015712650355e-01 5.169791539822679027e-01 5.235369463005595803e-01 5.164720880985512741e-01 5.178666868818881941e-01 5.186505575685611547e-01 5.342349263190652175e-01 5.302220408379182404e-01 5.204331871375592611e-01 5.251308568942641974e-01 5.240014751556103523e-01 5.251449793610050154e-01 5.249206504337362578e-01 5.247038027534010052e-01 5.340693569550930553e-01 5.222876990533776853e-01 5.211355455999031605e-01 5.135264814651075982e-01 5.178084234275738273e-01 5.201203293147469431e-01 5.204373250347059665e-01 5.157174860188430410e-01 5.226195426508174480e-01 5.198845112961901771e-01 5.159335462165830499e-01 5.243861224609212002e-01
1.394544309243688981e-02 4.102079319266808272e-02 1.046341967497832204e-01 2.064881602767095758e-01 1.000000000000000000e+00 2.398594869635423121e-01 3.394315387379732152e-01 3.418218774382174585e-01 3.556117827973446222e-01 3.403701050711959719e-01 3.152204543051441710e-01 3.809383521203852374e-01 3.694809556316764332e-01 3.518023747787403788e-01 4.016183910652004752e-01 4.048589148195364529e-01 3.731837184094227711e-01 3.353200263114710089e-01 3.469628204646806324e-01 2.874746066305439718e-01 3.390611849034756431e-01 3.382956239569167023e-01 3.494766481850218320e-01 3.414439567081369309e-01 3.321772347071777487e-01 3.886002851999348917e-01 3.707886999843302833e-01 3.814217074856060541e-01 3.649166274427855794e-01 3.570268115951696908e-01 3.852093044598644545e-01 3.988244662061610768e-01 3.836394720999966035e-01 3.781385868567380126e-01 3.918663158038890870e-01 3.735336729375097198e-01 3.998894214723387464e-01 4.057119868587912848e-01 4.055220732210617074e-01 3.916643720816951335e-01 4.104234120848692102e-01 4.067382050839744578e-01 4.131975290306961202e-01 4.152101861069082411e-01 4.054889577285107904e-01 4.103762868245774409e-01 4.189281183889447258e-01 4.217441594968865393e-01 4.182503209529627730e-01 3.992278821261460164e-01 4.102599562107506204e-01 3.955088719334536318e-01 4.097182944801013305e-01 4.243313353084450235e-01 4.216877132036829234e-01 4.097131515518874223e-01 4.178113269828305221e-01 4.211069637482030559e-01 4.214161269784927888e-01 4.292199162105096999e-01 4.247263352256366864e-01 4.241105023761325143e-01 4.211718437763825040e-01 4.164819918043349833e-01 4.131454518183826363e-01 4.231999803399661420e-01 4.270071866457392784e-01 4.152315977248593470e-01 4.144224447003774792e-01 4.110865515837900941e-01 4.134431750550315865e-01 4.165205285557233017e-01 4.071941902192243723e-01 4.084766626812408319e-01 4.200441891691355512e-01 4.117992976320428156e-01 4.182822617320435254e-01 4.146418917801861781e-01 4.109800729641663319e-01 4.135652084898024938e-01 4.156703365105663406e-01 4.186415553403485812e-01 4.158568591230044631e-01 4.164985705864434617e-01 4.129289911777593858e-01 4.123732053842278922e-01 4.163791895930839537e-01 4.193676913027767350e-01 4.203595344559322711e-01 4.186333633632381979e-01 4.150247526481229965e-01 4.197071850366515533e-01 4.187159561317704837e-01 4.206548963508305317e-01 4.273505684355427547e-01 4.274061068595411128e-01 4.167259784011875245e-01 4.195729939798725217e-01 4.273254086616357639e-01 4.213226243299095786e-01 4.220711720735370598e-01 4.264844126680248926e-01 4.250216514876849483e-01 4.235126149772089899e-01 4.221010993772952857e-01 4.255746226062890880e-01 4.243569626701186315e-01 4.255109045791583555e-01 4.216576570146750580e-01 4.238598542918904366e-01 4.223679527280176371e-01 4.289657335338566968e-01 4.261267709438942286e-01 4.241486243603700967e-01 4.196437546475746960e-01 4.263389566254410790e-01
-2.139354709005905283e-02 6.957419631523778514e-02 1.009587047042788260e-01 2.952854561268816180e-01 2.398594869635423121e-01 1.000000000000000000e+00 4.191210726474632331e-01 3.875276216991358491e-01 4.167797104873726677e-01 4.113180437559578184e-01 3.980768110559908535e-01 4.673792368364432792e-01 4.170782770780829263e-01 4.422005937481282012e-01 4.873603251407875869e-01 4.800311081579411443e-01 4.421664610504596471e-01 3.864804779597709183e-01 4.174290539833681590e-01 4.021267324440160884e-01 4.258883021095898336e-01 4.447992556859707847e-01 4.148120095902484428e-01 4.054357036493210220e-01 4.155052394968375973e-01 4.653045562870311569e-01 4.581814232782576712e-01 4.585579186049241196e-01 4.149523079245909241e-01 4.073630424788419191e-01 4.526151722865554006e-01 4.781613154180897052e-01 4.445211758464948648e-01 4.707361630973275202e-01 4.570688519328438559e-01 4.648018502069701796e-01 4.796346067371325961e-01 4.874551868993675652e-01 4.858525325641653292e-01 4.764675486328641130e-01 5.036549832424768169e-01 5.001647488466217650e-01 5.033438949389765771e-01 5.005723556262153817e-01 4.950663125125840947e-01 4.863588618411238129e-01 5.027896773186569801e-01 5.095528586606478116e-01 5.011691249417256078e-01 4.840660701091771823e-01 4.960548997332300258e-01 4.883472177660757585e-01 4.967722225324670560e-01 5.014541537945541583e-01 4.966306299650138922e-01 4.893538208966110581e-01 4.920256718573036703e-01 5.050406816432949642e-01 5.005132919148492787e-01 5.048435752759482531e-01 5.028598956073148107e-01 4.979472530050898516e-01 4.966859447213712864e-01 4.915856391748945620e-01 4.946996122331751011e-01 5.049157820137144537e-01 5.038913682190959697e-01 4.965136477218051736e-01 4.979735201849858073e-01 5.073722466740437920e-01 5.066734487781171525e-01 5.032882043086882584e-01 4.861677629377883503e-01 4.901532600868727663e-01 5.005121145526363335e-01 5.023897996076817085e-01 4.953374413696620682e-01 4.849672644329798277e-01 4.899663230695887051e-01 4.820331912484976389e-01 4.864420029437073190e-01 4.948279917575483799e-01 4.938227558182739507e-01 4.951459735424495467e-01 4.940636462338351409e-01 4.998959251487624655e-01 5.014041995460706280e-01 5.041644006587461257e-01 5.016837528259414647e-01 4.989906334224206708e-01 5.030195938166264202e-01 5.076191171684260039e-01 5.037972273707723714e-01 5.069599323075232311e-01 5.095462154760548312e-01 5.083177045728132226e-01 5.039516585506381707e-01 4.990369769149566870e-01 5.070869243524628311e-01 5.033244929924853839e-01 5.106266367791519878e-01 5.050281048203570933e-01 5.076233859054668507e-01 5.113543318036064544e-01 5.095470511697690608e-01 5.008400993448443028e-01 5.049951630269055025e-01 5.077811343233866737e-01 5.071782786879165394e-01 5.071180405509695399e-01 5.050516555581177069e-01 5.072127425224437491e-01 5.068417770426745239e-01 5.054088627390789235e-01 5.011197952379383702e-01 5.043783553757767990e-01
2.216390784031135180e-02 1.508043557768500020e-01 2.108335304655786502e-01 4.416533962164133076e-01 3.394315387379732152e-01 4.191210726474632331e-01 1.000000000000000000e+00 6.177124414731101076e-01 6.584028215150283803e-01 6.469945097101895692e-01 6.520150336410072134e-01 7.140665783220215834e-01 6.272262345659639360e-01 6.704574924785021706e-01 7.706419434194595741e-01 7.359335017283570313e-01 6.439905160740807544e-01 6.817837611698758238e-01 6.924834220725539780e-01 6.282650001485160507e-01 6.099146866791889110e-01 6.733231560018587691e-01 7.284926011866645901e-01 6.974651477351423434e-01 7.068441498263877687e-01 7.567328968261436417e-01 7.238602917813363735e-01 7.602539969048254243e-01 7.134916163383474563e-01 7.266971822039415274e-01 7.675845932641779390e-01 7.713671812377295156e-01 7.511608921095824787e-01 7.556994619088553966e-01 7.547761432373265578e-01 7.487484183814364647e-01 7.679810743047509325e-01 7.687606353692012506e-01 7.706050576080168968e-01 7.747536375855545998e-01 7.780649472230504182e-01 7.760469026144827254e-01 7.731200056535134646e-01 7.803711110068140000e-01 7.751116531129268461e-01 7.784023354257205707e-01 7.707523397006519339e-01 7.721641275674273608e-01 7.713404350058653547e-01 7.625242023020686322e-01 7.745161234272840423e-01 7.423606099273021286e-01 7.589208221191985348e-01 7.714263193874520974e-01 7.720490405024036384e-01 7.735016473980617091e-01 7.652823723451793736e-01 7.679601949060479438e-01 7.751402352602534407e-01 7.675443977230016479e-01 7.738593404535584197e-01 7.738424409615051180e-01 7.714928379338743536e-01 7.573419073250376998e-01 7.530934267438230689e-01 7.636944124269776646e-01 7.704470505206624242e-01 7.768207971913753118e-01 7.858750758083596910e-01 7.758456725199595061e-01 7.609579346446412318e-01 7.763839815109456755e-01 7.762875320985708205e-01 7.796026010247744109e-01 7.819314232010231569e-01 7.825287985713764716e-01 7.823130775852793484e-01 7.742439333434201210e-01 7.840808024783251229e-01 7.805983915436095488e-01 7.819630582699297339e-01 7.827521613719559124e-01 7.802129542485597424e-01 7.830799104222947449e-01 7.811445648190274982e-01 7.816895232664333726e-01 7.822825520234421015e-01 7.802355962638846121e-01 7.824511197735102286e-01 7.811690655409871953e-01 7.871117976887922474e-01 7.823378297229440781e-01 7.834645014023781107e-01 7.842453620367273448e-01 7.753289147450352914e-01 7.771157262416212852e-01 7.798224199581845761e-01 7.659295859295446318e-01 7.770655424980631443e-01 7.814916471808995846e-01 7.812156989713783251e-01 7.738690784828815561e-01 7.702179100527071220e-01 7.766153552822754325e-01 7.743248472146421202e-01 7.713884523511319591e-01 7.775501816157127655e-01 7.768267082402096069e-01 7.800695343386597758e-01 7.745996206548446672e-01 7.789338423271638945e-01 7.736549749563608191e-01 7.769925806047793815e-01 7.771368531316157346e-01 7.657451915382657015e-01 7.705320087009013275e-01
2.775650585549044314e-02 1.247240569312486613e-01 2.155260337568926654e-01 4.394466276075108535e-01 3.418218774382174585e-01 3.875276216991358491e-01 6.177124414731101076e-01 1.000000000000000000e+00 6.264099886692088281e-01 5.917628323384035438e-01 6.190221970546546659e-01 6.917998818562662855e-01 6.026633091823127009e-01 6.367244273904141272e-01 7.163965779630183661e-01 7.125188328113262193e-01 6.263186318615523440e-01 6.149382577766900893e-01 6.211919947466375547e-01 5.757957893256716586e-01 5.968086727428504323e-01 6.381771300040522954e-01 6.517138924952662338e-01 6.107280768531143655e-01 6.262568098803059646e-01 6.909230223900248991e-01 6.761985889886898971e-01 6.966456290971482224e-01 6.581298461003725064e-01 6.496273759648305557e-01 7.002402248815190466e-01 7.138442008708689723e-01 6.679611394745451625e-01 6.982826096239490576e-01 6.863026834226874096e-01 6.917920695507943085e-01 7.061537467067015017e-01 7.240498486793865984e-01 7.208938450266783038e-01 7.142840384320539027e-01 7.312290947532353869e-01 7.290699519636490988e-01 7.315863447154913324e-01 7.377406381127110668e-01 7.159854963677528827e-01 7.282780977849470094e-01 7.397489135597257182e-01 7.338587901632462884e-01 7.362255886301574126e-01 7.298495384712561096e-01 7.375649660760513759e-01 7.160978492731721046e-01 7.208257932137317470e-01 7.375766535435863691e-01 7.379049815823544023e-01 7.276196417993333609e-01 7.373516344554446045e-01 7.379494203511198780e-01 7.442073035378998780e-01 7.389181264127215876e-01 7.406635903326691528e-01 7.436396897105197468e-01 7.391286378404759994e-01 7.334577903101441310e-01 7.191233903120125559e-01 7.359520075111959381e-01 7.377342309487288086e-01 7.329746365524417717e-01 7.347294106550067427e-01 7.357478237286495526e-01 7.278760928749925530e-01 7.363038098043581670e-01 7.190904948632460547e-01 7.244539233250236743e-01 7.391930826407465682e-01 7.353651869247809225e-01 7.340227123089587691e-01 7.307177858370472734e-01 7.321303717174391101e-01 7.313328875495640480e-01 7.307906231087782922e-01 7.380064473677855341e-01 7.327207952457742701e-01 7.323392177863209396e-01 7.335481970505056681e-01 7.311304083247519570e-01 7.327912199397477178e-01 7.403823239584516047e-01 7.388931184511138284e-01 7.363067256690634110e-01 7.352492420316549815e-01 7.412882337393819077e-01 7.386788798808676670e-01 7.396303591726468563e-01 7.423958192524771071e-01 7.409919836882145061e-01 7.422883025600834905e-01 7.424699188123582427e-01 7.445192459373145555e-01 7.446449233654767186e-01 7.426998239271630498e-01 7.467774166297102001e-01 7.376351203896078790e-01 7.437126599566346030e-01 7.418587016505513443e-01 7.401885019518253950e-01 7.448287480740123367e-01 7.394016824468415683e-01 7.410406962737111636e-01 7.427920950955073653e-01 7.431329659384806607e-01 7.400660129305565160e-01 7.463610776185954920e-01 7.437016282684767443e-01 7.349363295160419307e-01 7.397882397342538940e-01
6.610229194590971913e-02 1.718868474649514200e-01 2.497255184901950309e-01 4.056018882432020356e-01 3.556117827973446222e-01 4.167797104873726677e-01 6.584028215150283803e-01 6.264099886692088281e-01 1.000000000000000000e+00 7.128533045796795475e-01 6.943705958674087908e-01 7.671998238541724024e-01 7.119503325619556122e-01 7.185680938733769452e-01 8.089417884404412895e-01 7.935177169742947401e-01 7.530784768204789037e-01 7.502872690571646963e-01 7.684287601948183166e-01 6.440454548923817413e-01 6.521281304512284160e-01 7.417690013166539087e-01 7.940428307231665039e-01 7.589844868800137423e-01 7.750730701641799225e-01 8.311535845127888678e-01 8.113664959399814469e-01 8.135541464976966397e-01 7.960215765323834791e-01 8.101766607625938699e-01 8.372787639456660269e-01 8.326145364094645895e-01 8.031131522587273697e-01 8.153149865952228348e-01 8.285411725584913567e-01 8.109367907268945075e-01 8.336014710010046791e-01 8.203156894859215953e-01 8.510521542441804588e-01 7.997551510104788930e-01 8.334713256596272268e-01 8.287097384755015561e-01 8.241726008758015753e-01 8.439066592217282503e-01 8.428969935887915543e-01 8.399719651850849900e-01 8.459869246001187060e-01 8.493962620857784529e-01 8.432857794823436226e-01 8.124062657726199843e-01 8.304364749584227656e-01 7.940680562449980995e-01 8.115940310612085318e-01 8.511184161373357426e-01 8.455727315431912361e-01 8.413099835607716903e-01 8.424757655694061764e-01 8.360560357238115969e-01 8.378729322005308289e-01 8.533205910986076947e-01 8.472882616415452484e-01 8.464185413376392741e-01 8.403031546860522116e-01 8.395890537332661996e-01 8.504049366460935122e-01 8.470619157304070113e-01 8.525191569092843702e-01 8.534164702268204339e-01 8.566357525777903437e-01 8.409117726694399497e-01 8.316826077603312051e-01 8.526196039116420433e-01 8.475105796582612649e-01 8.531775171659069512e-01 8.540340655786404778e-01 8.558088045293406054e-01 8.537256473778090937e-01 8.559922122687340096e-01 8.520334870029788732e-01 8.558320622168368308e-01 8.581961547855850858e-01 8.571161821262033298e-01 8.595412583781846250e-01 8.566734009927217119e-01 8.446312002951633646e-01 8.534044113963052958e-01 8.538701332256344312e-01 8.448493409732285020e-01 8.548735493907850813e-01 8.531157044080147633e-01 8.414829747990182351e-01 8.503531771834139663e-01 8.502149955370729151e-01 8.536768281701699879e-01 8.485196147269828959e-01 8.510622460103191012e-01 8.329808852002834607e-01 8.379653526065632407e-01 8.481069683781584656e-01 8.437255314653393512e-01 8.451793707949298851e-01 8.445283380266179751e-01 8.391791174164158207e-01 8.483313082031944674e-01 8.447170902174807594e-01 8.461790424465150950e-01 8.499805103971770359e-01 8.518861651765448073e-01 8.527804418130709996e-01 8.461694353487095865e-01 8.419590751958216934e-01 8.545252168460361064e-01 8.476408481428169273e-01 8.526159419396273087e-01 8.529157566603924323e-01 8.520233789739184438e-01
4.923532584712642796e-02 1.781641865743303355e-01 2.644876965046698003e-01 3.930237093866228992e-01 3.403701050711959719e-01 4.113180437559578184e-01 6.469945097101895692e-01 5.917628323384035438e-01 7.128533045796795475e-01 1.000000000000000000e+00 6.700501967526720781e-01 7.158844528369137095e-01 6.639446122142951268e-01 6.816868315863798822e-01 7.686941094504025074e-01 7.384107624626335964e-01 6.840483447964003094e-01 7.049572780557165075e-01 7.111639377685631258e-01 6.135321308851032773e-01 5.994227975526462693e-01 6.692720023911575833e-01 7.462956177851236550e-01 7.150485465476370539e-01 7.285830570315068311e-01 7.809000868094613246e-01 7.624408989908946221e-01 7.646887018760152310e-01 7.515876203900074826e-01 7.644684414332861833e-01 7.946739810777996293e-01 7.852874699790141078e-01 7.549334747919997923e-01 7.632811315816113718e-01 7.761841784666762001e-01 7.541893179086547327e-01 7.899243027771226666e-01 7.754124261334243151e-01 7.935113306705565694e-01 7.627018115721171387e-01 7.872033781548194442e-01 7.810336997367204326e-01 7.827439988704472107e-01 7.938548046435000005e-01 7.903084004173496213e-01 7.980364986941138605e-01 7.952826662353917886e-01 7.971158050557666241e-01 7.939304996528662173e-01 7.630938681473961038e-01 7.838604016603272218e-01 7.407296714438799112e-01 7.664556176773276164e-01 7.977450705162761890e-01 7.971432762062546917e-01 7.934438329866442263e-01 7.884167157357573341e-01 7.854283764085109310e-01 7.934254407966985223e-01 7.969587890956754128e-01 7.956346704073420373e-01 7.971825806110506285e-01 7.910208610068770740e-01 7.836357627787451374e-01 7.854818978641920912e-01 7.898422687039634571e-01 7.979016437948658336e-01 8.004781910989550164e-01 8.047296111995492218e-01 7.890206646819181158e-01 7.751830712455904937e-01 7.968857339884487523e-01 7.963149735989407674e-01 8.026758195507748272e-01 8.047827706553993821e-01 8.012915799843318698e-01 8.030272138793839165e-01 8.043650457454686320e-01 8.013567700142028016e-01 8.088168411898390975e-01 8.080073805102044870e-01 8.093527362815904347e-01 8.023009308340532941e-01 8.040815016855831221e-01 7.931962280973683388e-01 7.989892569233602027e-01 8.017964019855373659e-01 7.942819335039217332e-01 8.003299077685933627e-01 8.004004857911926063e-01 7.922919729219191076e-01 7.986717517161733282e-01 7.976856884582343987e-01 8.019643600961633423e-01 7.960692023065071288e-01 7.976257467215244201e-01 7.845025768294636714e-01 7.819767116237658078e-01 7.947532555932538267e-01 7.919752576302637737e-01 7.950094999487512526e-01 7.912178198393370332e-01 7.868350704093520775e-01 7.937203757077040400e-01 7.915087432934828637e-01 7.922876328187473671e-01 7.972185109598042274e-01 8.012050490584756712e-01 8.028532152835672342e-01 7.946067501030881219e-01 7.958580239039874105e-01 7.991444838970709341e-01 7.964768157197403831e-01 7.965974883686188779e-01 7.950855011677407935e-01 7.956633786214295512e-01
2.582169114311460428e-02 1.251353035335441843e-01 2.472229502718531202e-01 4.437722310064526332e-01 3.152204543051441710e-01 3.980768110559908535e-01 6.520150336410072134e-01 6.190221970546546659e-01 6.943705958674087908e-01 6.700501967526720781e-01 1.000000000000000000e+00 7.613579272681689769e-01 6.700448889181614964e-01 6.939782205160615058e-01 7.840706014242113664e-01 7.446857028022539904e-01 6.837661659444556062e-01 7.005580565791990066e-01 7.180341899223909863e-01 6.303935907595961119e-01 6.425587338104241653e-01 6.994973813090001880e-01 7.398668556254686113e-01 7.141996910641232876e-01 7.273281416137106214e-01 7.874540863054159123e-01 7.585924017613578929e-01 7.754286959871430351e-01 7.390614429680985031e-01 7.463400311152288413e-01 7.927890229095932995e-01 7.942694494289783691e-01 7.695388965578412455e-01 7.846008882046168198e-01 7.779249028023930146e-01 7.793895689781898950e-01 7.945455685924233125e-01 7.989604496435060987e-01 8.030451857985371200e-01 7.821460921358744933e-01 7.979971746578660152e-01 7.971425516052503824e-01 7.939661898341042745e-01 8.044355416081848675e-01 8.027147323292385117e-01 7.989201969215690147e-01 8.019551821142393289e-01 8.046000651661220360e-01 8.064101250905236773e-01 7.944275969055818454e-01 8.064278702333893545e-01 7.746472806209515616e-01 7.851726551418857225e-01 8.034376965793595948e-01 8.025225562948798963e-01 8.002665911125398379e-01 7.998028714534338723e-01 7.985686897699320053e-01 8.061264762801251260e-01 7.999564012723616724e-01 8.065263563693946258e-01 8.038465707859185905e-01 8.032221626666816716e-01 8.019293937244358350e-01 7.887082362441880656e-01 8.009087168736880313e-01 8.073558355782558538e-01 8.077824270775965099e-01 8.095545427589774246e-01 8.012295315237605298e-01 7.966998313708452129e-01 8.084872078094419434e-01 8.023672089134105123e-01 8.064353167034187253e-01 8.112377826531258496e-01 8.111053667228063091e-01 8.069578283462599533e-01 8.051686930130014241e-01 8.098756175653487599e-01 8.077416876827046011e-01 8.098142273446491402e-01 8.126943145978910987e-01 8.106961793245557324e-01 8.113528226708265345e-01 8.095986397659268308e-01 8.100773096638854698e-01 8.139837144667743107e-01 8.088887364732859631e-01 8.121633488147291802e-01 8.099708985218192492e-01 8.084508942547812271e-01 8.129943176070204558e-01 8.102809858483762673e-01 8.127036073478721701e-01 8.074683296547016109e-01 8.090892887695956270e-01 8.087142361171775207e-01 8.045687933872398556e-01 8.087232645959122612e-01 8.138098647048901402e-01 8.089903552078319127e-01 8.083090640354050338e-01 8.021415741530474319e-01 8.091405407743457179e-01 8.098463055655698017e-01 8.058167319816856855e-01 8.117952818895263212e-01 8.078107506579709218e-01 8.117565347077536630e-01 8.071957256342064957e-01 8.062213457962914553e-01 8.062263753106665432e-01 8.087216078323626878e-01 8.108222896101763277e-01 8.048028977283461227e-01 8.047729003294169514e-01
7.571407907506022203e-03 1.217208501554110645e-01 2.528017882462890720e-01 5.217907536214480002e-01 3.809383521203852374e-01 4.673792368364432792e-01 7.140665783220215834e-01 6.917998818562662855e-01 7.671998238541724024e-01 7.158844528369137095e-01 7.613579272681689769e-01 1.000000000000000000e+00 7.472988895317573821e-01 7.713568711708256309e-01 8.709174235840012601e-01 8.531333510493803729e-01 7.686818180246928200e-01 7.367867917103622100e-01 7.791493539936289459e-01 7.028181181250072740e-01 7.550552421997370756e-01 7.939101780895215787e-01 7.815789435976199240e-01 7.552362505596919018e-01 7.756424675170874306e-01 8.460933768596222704e-01 8.212450800881682111e-01 8.332929686773102862e-01 7.791282904859566649e-01 7.837435421838959693e-01 8.496627438433200785e-01 8.725447810301559803e-01 8.325060293675030643e-01 8.552492258243634682e-01 8.353086687345708805e-01 8.575130288410748314e-01 8.657330173145565411e-01 8.827054531877588373e-01 8.782398989072295326e-01 8.681738985010767351e-01 8.860352823790974552e-01 8.866191886489472873e-01 8.866186464570833259e-01 8.967155581166272871e-01 8.848978286050973585e-01 8.777837044786750420e-01 9.024904141295688742e-01 8.984008052154307533e-01 8.998994140617334603e-01 8.890135906763908524e-01 8.973051435643873974e-01 8.866557295811632322e-01 8.906774691616923256e-01 8.967371817579239401e-01 8.971961059320128218e-01 8.880638734670958101e-01 9.006475260288554496e-01 8.964387886948830264e-01 8.996691950748586519e-01 8.950760550707528296e-01 9.040640280797379580e-01 9.001428636049680909e-01 9.022311213156550824e-01 8.945628781602761315e-01 8.887474283601565217e-01 9.021478027411267142e-01 8.999465179913411772e-01 8.961585762943196087e-01 8.939584730935611345e-01 9.018488985327040020e-01 8.980599248460511275e-01 9.013740112789188075e-01 8.828164985024223865e-01 8.863700916702964561e-01 9.002239270204464017e-01 8.938508835463192526e-01 8.936750603123597703e-01 8.812197990901410316e-01 8.899944695636788916e-01 8.839514320359826982e-01 8.912455790331655914e-01 8.960258836833703278e-01 8.963777410024469372e-01 8.933458521164848731e-01 9.003173453326097642e-01 8.960868622079202206e-01 8.986223728391753429e-01 9.030735769228998011e-01 9.002153061483453289e-01 8.980760736718400583e-01 9.003761022955883986e-01 9.034046063767299239e-01 9.046005248217559025e-01 9.030137041780400553e-01 9.053320382966328905e-01 9.048725660998825360e-01 9.063479549015609482e-01 9.033285298644075922e-01 9.048461963532338226e-01 9.053645004487659298e-01 9.064190331697598024e-01 9.061351109697386441e-01 9.058929837078283365e-01 9.062965155607869416e-01 9.105486861786795671e-01 9.040334573273803853e-01 9.063324557079600607e-01 9.008675416967905081e-01 9.030426865271947712e-01 9.037513331273200334e-01 9.034317727559517675e-01 9.022844820182099879e-01 9.065741226863559543e-01 9.044632911912664497e-01 9.007418757458076630e-01 9.043435035946881806e-01
1.179243113982948732e-02 1.219045293870176516e-01 2.342017095490266654e-01 4.239623060976792090e-01 3.694809556316764332e-01 4.170782770780829263e-01 6.272262345659639360e-01 6.026633091823127009e-01 7.119503325619556122e-01 6.639446122142951268e-01 6.700448889181614964e-01 7.472988895317573821e-01 1.000000000000000000e+00 6.885283668940374024e-01 7.797834874527194149e-01 7.714376527503725711e-01 7.109565195109539548e-01 6.659753940587896937e-01 7.034426117763880049e-01 6.036883054922695946e-01 6.292603053407238578e-01 6.873937097810224328e-01 7.136175896080777514e-01 6.831752354843216857e-01 6.915345645935505603e-01 7.734634912993323397e-01 7.448576302828547879e-01 7.534894268902797565e-01 7.085230237198643088e-01 7.173660692462936472e-01 7.661313373454773368e-01 7.886955141564572225e-01 7.495745923408827505e-01 7.718241613571017457e-01 7.665147710622348676e-01 7.683625172854654517e-01 7.826368732136494977e-01 7.961259181418985920e-01 7.996121766903800943e-01 7.745773857561130127e-01 7.971233007292339856e-01 7.914808003818788462e-01 7.936847919504901316e-01 8.047219948855203198e-01 7.929291953171188068e-01 7.974013406438357210e-01 8.151574110497911141e-01 8.178583146574514018e-01 8.137565935849280230e-01 7.924348132452131432e-01 8.069713123095760832e-01 7.788867167319003526e-01 7.918302428737421517e-01 8.165916919605293867e-01 8.131901430198753555e-01 8.010805351280422260e-01 8.085484508476755705e-01 8.098791012903650000e-01 8.109603493404969887e-01 8.139500377256665420e-01 8.176614370944502719e-01 8.117938004148426145e-01 8.119912968364267902e-01 8.076925455653896080e-01 7.999441994811079537e-01 8.090404565729725217e-01 8.188326790573208225e-01 8.092424493756069648e-01 8.086381016532222521e-01 8.022746128579866243e-01 7.980138109813917913e-01 8.088083938200231193e-01 8.028112410567003199e-01 7.995019356582385717e-01 8.145690659900983732e-01 8.086821011081337662e-01 8.094413147685014520e-01 8.000603524472569283e-01 8.031867109698395124e-01 8.040724565278861702e-01 8.077199601795191919e-01 8.108478075785341410e-01 8.100252249733723708e-01 8.091738884492502004e-01 8.111246975413146654e-01 8.112108384182318277e-01 8.130395207355576304e-01 8.139647586986881178e-01 8.174991278596553945e-01 8.128686496261341432e-01 8.055475179120540341e-01 8.165930964057632746e-01 8.136935277646643039e-01 8.160459769735005642e-01 8.185154248684755052e-01 8.200251451730676822e-01 8.100359807353624264e-01 8.112411611843971526e-01 8.204385386387995638e-01 8.159018174735549467e-01 8.152964589043115717e-01 8.191180448841565154e-01 8.105085322517755486e-01 8.192150632625450069e-01 8.162382446776308420e-01 8.158036776480284136e-01 8.184898441909517208e-01 8.195564532015786607e-01 8.181031897055649482e-01 8.172293637843149883e-01 8.167085905468620677e-01 8.209586276275455674e-01 8.204077584764800646e-01 8.202475111690252785e-01 8.134600025287079816e-01 8.172368648894779986e-01
