1.000000000000000000e+00 1.273843928662580782e-01 3.655275504102548784e-02 4.924249026858597278e-02 2.395600130386241894e-02 -1.579794356042954831e-02 2.582086108669618199e-02 -7.969188657817871668e-03 1.328988394271163331e-01 4.122021009568951205e-02 9.205573791569188549e-03 5.481053610989806979e-03 -7.232530329983817216e-03 1.687865820607770085e-03 5.018289962916460539e-03 4.291606921354592340e-03 4.359278203103709309e-02 -4.829186542031072005e-02 -7.847661539439231698e-03 7.196167063450135959e-02 -5.765180013729431785e-02 1.259111491155958176e-03 -8.066109591536491791e-03 -5.783711508958104541e-02 -2.182904900398578360e-02 5.398372935899505010e-02 3.955874495558332066e-02 3.346694882176962094e-02 5.822948202161201681e-02 9.589862148355170202e-02 4.974220529460003648e-02 1.732271313298247226e-02 2.015604656498690486e-02 1.061136712783965165e-03 5.645940739216189636e-02 1.558761232312939025e-02 4.589457906635343448e-02 -3.624099729334502064e-03 1.581595524018567303e-02 -4.081147774736979678e-02 1.732440885769583397e-02 -4.011433698823840821e-03 -9.190751245375010717e-03 -2.706276710145061760e-03 9.183080511434835169e-03 7.278032394646648078e-03 2.682196793717242077e-03 1.289414113565928027e-02 -3.900600353512061365e-03 -9.604646261857341036e-03 -1.920744313923213389e-02 -9.212588434854646286e-04 1.666000537715641577e-02 1.846571239717513524e-02 6.327125138156799646e-06 1.269096501361945302e-02 1.229173812621972041e-02 1.347127879661028744e-03 -1.672430013258868753e-02 1.652463670380547103e-02 4.044567213813438956e-03 9.268122772860445946e-03 3.976582945145287762e-03 1.328968345979067607e-02 3.325138521818129383e-02 2.810955904035189121e-02 1.336326445055228962e-02 -3.687258772652173260e-03 1.424310178568475617e-02 2.246470688930390577e-02 -1.287584072696949279e-02 7.908679145847490391e-03 -8.287172411171321584e-03 -1.536619580593360547e-02 2.297593519792233072e-02 2.241047892396704627e-02 1.716630640767546553e-02 2.805748194496003600e-02 1.548727931995096292e-02 4.377673862415770029e-02 2.537275542670666684e-02 1.811564977191532089e-02 1.002639541487692146e-02 2.735202370443786182e-02 -2.950631399325059998e-03 3.946495136979539207e-03 6.442904420469156186e-03 -5.517585245918056949e-03 9.536915715395687110e-03 1.869365912414737950e-03 -8.316230271109234864e-03 2.406962675341801916e-03 1.613274599308055484e-03 -1.878073045529540710e-03 2.976600804315093513e-03 8.729229592649956695e-03 -1.561153939878926269e-02 1.898310270953524823e-02 6.391362850463501314e-04 -6.018421698381208260e-03 -7.481135682431186949e-03 7.900833331908223896e-04 9.643271600972405655e-03 -2.924755078930579323e-03 1.533502533698359550e-03 9.920656128159663356e-03 9.987275409142645430e-03 9.355105427213947222e-03 2.203453596855061217e-03 2.994979564817481458e-03 -5.680506356067243495e-03 8.649933157005809670e-03 5.798445296103810036e-03 6.424821606664809365e-03 1.797320036472768723e-02 1.811505677673412931e-02
1.273843928662580782e-01 1.000000000000000000e+00 1.123845551233181028e-01 1.427057314686599743e-01 7.150330294450288338e-02 1.127160149232387942e-01 1.682709377147830199e-01 1.777994582775221377e-01 1.853233252930030217e-01 1.781312961381215643e-01 1.726051920878677592e-01 1.628406250700304980e-01 1.489772168224766657e-01 1.597580243063314032e-01 1.721699426752072715e-01 1.685840559842100295e-01 1.582194449588533447e-01 1.434542173254881869e-01 1.739427039485570703e-01 1.388401479994869347e-01 1.172164850727887148e-01 1.684404891476636301e-01 1.735957307445073761e-01 1.571703286730379012e-01 1.612146093487378251e-01 1.854777606099693998e-01 1.884190048690676522e-01 1.748788402553658194e-01 1.961323311298628636e-01 1.951643464651143245e-01 1.767222992302690809e-01 1.883494017988831815e-01 1.827985642929166321e-01 1.800988082416128122e-01 1.918765643432115975e-01 1.565726563151737805e-01 1.702750167520648006e-01 1.814757136581721941e-01 1.820160913067734032e-01 1.625223258922106895e-01 1.740448364858465102e-01 1.714276286479532452e-01 1.762962639260651498e-01 1.722899923225264252e-01 1.723879906712495469e-01 1.809272076062798107e-01 1.629714451565851541e-01 1.703675805493612416e-01 1.613172426081320165e-01 1.557156832522509637e-01 1.583040433936919733e-01 1.446156773077110769e-01 1.643532068347933750e-01 1.781611295087466851e-01 1.801426120314953139e-01 1.820948313766008742e-01 1.674911440565046705e-01 1.696243029123651880e-01 1.743259178893778738e-01 1.694170640168771169e-01 1.665831682221645960e-01 1.828550364365110481e-01 1.767536591774945542e-01 1.643142616384169474e-01 1.666560455586041101e-01 1.694969926288184270e-01 1.691556402604620923e-01 1.686377994262854008e-01 1.825428314132154506e-01 1.758675814170941043e-01 1.672191934785873524e-01 1.714347296272286103e-01 1.831259501066536122e-01 1.686073364188137580e-01 1.716575234408515005e-01 1.739831829721629752e-01 1.717977573289665161e-01 1.807113892932661336e-01 1.796400569778607015e-01 1.793073470059617924e-01 1.697275885199499568e-01 1.668006937938106282e-01 1.733810144848174917e-01 1.764131734086958891e-01 1.647746291367491733e-01 1.760257479579725448e-01 1.651660623122652438e-01 1.689226733014680959e-01 1.704520064365924459e-01 1.722487642920260409e-01 1.623282802560937488e-01 1.683056659726473447e-01 1.608656401376672151e-01 1.655956575054214064e-01 1.634545035554436920e-01 1.709425536045180993e-01 1.536268739525506188e-01 1.582859890781182499e-01 1.612940231088539067e-01 1.582757846460795814e-01 1.704055903018876494e-01 1.651926981046866749e-01 1.595906090285283407e-01 1.620777601499625853e-01 1.583287165176362477e-01 1.736022715407018746e-01 1.682516841282777342e-01 1.654618138035346409e-01 1.735858324755144566e-01 1.692221964004479717e-01 1.706816340021541090e-01 1.682542881421821568e-01 1.733944901900165148e-01 1.605950540912473579e-01 1.611970112849480108e-01 1.657209763897209975e-01
3.655275504102548784e-02 1.123845551233181028e-01 1.000000000000000000e+00 4.126052072628541567e-01 2.064822862055825936e-01 2.478960298409662033e-01 4.209300981233553007e-01 3.636887372255035999e-01 3.625513196474725586e-01 3.275906212803545436e-01 3.959306494084389172e-01 4.006779287060007189e-01 3.189728619222313433e-01 3.395375669299441901e-01 4.093272849210966013e-01 3.739038992342804124e-01 3.690581544163045180e-01 4.122552832552779378e-01 4.298908117195038292e-01 3.111353732412882045e-01 4.187789510338363885e-01 4.315322629967613954e-01 4.320790191757039600e-01 4.004106440014100765e-01 4.372401293009812173e-01 4.301547156875351607e-01 4.230895721130296661e-01 4.264761341781581616e-01 4.162320566236333841e-01 4.243371262433378033e-01 4.284127349638004456e-01 4.017430148491851205e-01 4.124778555952893777e-01 4.119630740021203996e-01 4.001916117270533646e-01 4.019367514110077089e-01 4.137173746994941559e-01 4.212621758691981744e-01 4.160479985239504686e-01 4.322229371350536642e-01 3.917224815988930575e-01 4.050752182383433042e-01 4.320920323891122572e-01 4.087123537214792934e-01 4.065489220774630152e-01 4.082521814253985415e-01 3.614724815540666936e-01 3.674843240143765843e-01 3.882309097885748295e-01 4.307422442481123048e-01 4.239382529505761887e-01 4.109374668111936413e-01 3.905553619989589609e-01 3.729838226318425987e-01 4.031830630499427248e-01 4.080763504139885423e-01 3.911433824527251746e-01 3.774169132975959129e-01 3.936499863225131901e-01 3.648630669879400212e-01 3.865912365556107844e-01 3.905970558686330807e-01 3.879709276895273451e-01 3.846107408506188041e-01 3.705371580314978375e-01 3.815487967789783497e-01 3.722861898679677428e-01 3.914445767677113275e-01 3.943354318315759333e-01 3.933557980950909694e-01 4.036607415021136180e-01 3.993139254800684435e-01 3.998352553146990451e-01 4.118198925409983224e-01 3.994792136204181610e-01 3.930994701159452598e-01 4.067583057906453137e-01 3.961257822611114476e-01 4.078467452550013084e-01 3.917775649219229495e-01 3.876496464096446659e-01 3.817452753803048382e-01 3.977715908482840068e-01 3.904048155812860355e-01 3.991963512890454591e-01 3.937296479812559813e-01 3.830476114809562294e-01 3.994254205994596241e-01 3.928976493067127262e-01 4.027099466938388606e-01 4.030440775428058564e-01 3.873150235248905560e-01 3.870013394706394716e-01 3.865438647279269002e-01 3.666614900910510344e-01 3.690926586897703698e-01 4.024519237483268896e-01 3.865603910312558900e-01 3.763675110857516160e-01 3.994588218301995397e-01 4.005431392051769790e-01 3.845545288814936069e-01 3.820109377617154633e-01 3.823564507084942221e-01 3.889967837943525963e-01 3.754813175601416364e-01 3.769008849462831545e-01 3.727163855226277023e-01 3.856979022803541102e-01 3.737116581094899193e-01 3.811841195224226486e-01 3.673491827725197112e-01 3.784291401386890019e-01 3.799598762828977350e-01 3.666136744010798920e-01 3.701322103616093706e-01
4.924249026858597278e-02 1.427057314686599743e-01 4.126052072628541567e-01 1.000000000000000000e+00 3.329586613926567851e-01 4.228768892580369032e-01 6.262587332725813027e-01 5.832770453704680946e-01 5.533107766031287733e-01 5.192002579328705014e-01 5.923906099799515212e-01 6.423332057402763029e-01 5.124215206220338326e-01 5.497167497027839467e-01 6.197945988035779008e-01 6.016060939713767652e-01 5.749926366142534828e-01 5.773092353569616586e-01 6.215226930543272799e-01 4.844335377931984765e-01 5.879051610702568098e-01 6.216034829246042115e-01 6.055347808727634673e-01 5.526306328872010454e-01 5.977223010645852375e-01 6.449641056782731141e-01 6.403089222584131823e-01 6.309048051477462726e-01 5.872199543719162085e-01 6.196621089966475315e-01 6.475491737568440653e-01 6.117248673463893116e-01 5.958425721280642406e-01 6.086965201811150861e-01 5.982052567210058847e-01 6.145269148268648340e-01 6.291196605390331209e-01 6.227011454600225315e-01 6.250239639709026518e-01 6.323325636741239375e-01 6.179613618351631477e-01 6.221425755213957354e-01 6.347822844610587767e-01 6.253512623377041058e-01 6.269500513269653519e-01 6.178144519051049777e-01 5.862611087607622062e-01 5.901947932330681157e-01 6.044506686818640340e-01 6.235854569899959010e-01 6.226934219498652112e-01 6.105949385643840710e-01 6.152070485861403926e-01 5.991737068560633039e-01 6.271170337221640967e-01 6.241413235845783003e-01 6.250493248406180369e-01 6.067939124106280779e-01 6.201685813971625771e-01 5.880364621081606291e-01 6.078576804314104187e-01 6.203384720781879302e-01 6.128074971571959573e-01 6.079033392235076994e-01 5.933430740552863014e-01 6.092137630710743323e-01 5.970961873375009166e-01 6.076813590537065712e-01 6.130402841374454903e-01 6.172067640518541509e-01 6.221270049061150553e-01 6.183586992879805955e-01 6.126755282885307796e-01 6.204899171120051848e-01 6.196991509765448214e-01 6.134389489219012059e-01 6.231749488479612076e-01 6.079488900190951339e-01 6.234542244752903084e-01 6.051734277623538327e-01 6.107116961521075194e-01 6.033526946840942484e-01 6.246415489280757738e-01 6.050196493429319533e-01 6.132957973502223270e-01 6.113816145333221819e-01 6.104468224440052770e-01 6.205562841802284568e-01 6.102808608240841703e-01 6.282447060293779861e-01 6.248227376808566103e-01 6.122365929039166321e-01 6.068602985296833729e-01 6.083197257527273027e-01 5.890773188487464784e-01 5.953063109613112580e-01 6.230366997692294850e-01 6.138510519093786089e-01 6.023981081120055592e-01 6.179272035803891061e-01 6.197356010420236316e-01 6.127616325949496456e-01 6.036880907305326449e-01 6.077837379544446250e-01 6.152079889214057129e-01 6.127428302807836902e-01 6.015011245764912973e-01 5.960545536655029730e-01 6.096861629967957885e-01 6.048567956762836983e-01 6.116348504169164535e-01 5.935032513212586958e-01 6.091019980260278244e-01 6.047809369475434238e-01 5.932945325452788632e-01 6.006503995442319388e-01
2.395600130386241894e-02 7.150330294450288338e-02 2.064822862055825936e-01 3.329586613926567851e-01 1.000000000000000000e+00 3.380587579617640448e-01 4.881441759683896597e-01 4.363363357465968040e-01 4.411990956972172140e-01 4.065363457341620301e-01 4.622691299939138410e-01 4.943052320045362436e-01 4.714735038257650279e-01 4.534074134468861761e-01 5.114054713524863738e-01 5.027533518930473733e-01 4.399641095900713172e-01 4.038508581529003383e-01 4.304110846109563959e-01 3.869508022522863411e-01 3.751501250818020106e-01 4.432546956623888423e-01 4.485411118998339219e-01 3.754705647041600702e-01 4.105029857517213943e-01 4.910497367492108745e-01 4.794886309043913108e-01 4.854586117553054136e-01 4.374478184992216523e-01 4.752609717641071430e-01 5.097485773536425402e-01 4.729508744466543457e-01 4.526182571693727064e-01 4.617983921106794121e-01 4.725511109774286900e-01 4.734509962716998976e-01 4.922454200107923561e-01 4.870177251386557660e-01 4.913658681967875697e-01 4.794499092610037816e-01 5.016369023395123028e-01 5.011768934766063222e-01 5.048341279527059910e-01 5.145679878448111699e-01 5.001179458676150436e-01 4.957640873461904296e-01 4.991950093361412488e-01 4.987455915688491781e-01 4.979068738186709919e-01 4.952379855956555166e-01 5.118790941881701251e-01 4.945697063340430688e-01 5.127307897861137498e-01 4.966785068533637326e-01 4.930652327484498776e-01 4.989881414672205917e-01 5.013938743605790282e-01 5.052433183932776295e-01 4.961188758826978185e-01 5.083477352777228120e-01 5.078124218419316493e-01 5.054412474292636626e-01 5.019547368229483331e-01 5.102637407680543635e-01 4.954503406066489424e-01 5.040726387110602280e-01 5.007940997713334896e-01 4.960335070269888957e-01 4.947899297307458699e-01 4.974974082721663193e-01 4.898337750509794142e-01 4.962619515570170781e-01 4.766521150929606820e-01 4.841641298649184133e-01 5.012728250516239603e-01 4.986188567160406149e-01 4.983448513947849601e-01 4.887936076151674913e-01 5.023560507692300670e-01 4.936110131652534649e-01 4.981368498671125966e-01 5.029157876618770562e-01 4.970600401642428778e-01 4.945861595775465358e-01 4.969671860037677136e-01 4.933749369978829291e-01 5.032436711237965321e-01 5.037366658017663479e-01 5.024599576548715030e-01 5.035605738438312384e-01 4.978710543249901810e-01 5.057779991882521697e-01 5.041961870902025300e-01 5.056846099804600536e-01 4.981687909326547592e-01 5.014125889296212613e-01 5.033830443512903319e-01 4.991257260033187260e-01 5.001170735548485791e-01 5.027224231085472006e-01 5.047691027111023132e-01 5.003759735392931951e-01 5.051319599791386228e-01 5.088549451887490749e-01 5.061464534117471326e-01 5.021241393933475461e-01 4.992353116945958402e-01 5.033225479965505178e-01 5.047527505859736863e-01 5.041669445023206908e-01 5.030508657780965454e-01 5.051855674291629850e-01 5.043115087222419524e-01 5.021334700732221767e-01 5.002315050885943748e-01 5.044527091428532284e-01
-1.579794356042954831e-02 1.127160149232387942e-01 2.478960298409662033e-01 4.228768892580369032e-01 3.380587579617640448e-01 1.000000000000000000e+00 5.736738659297158094e-01 5.016986007188366514e-01 5.164186990585355463e-01 5.056237273046744196e-01 5.705806180910437675e-01 5.898916013358966870e-01 5.242770562161372938e-01 5.327645136503506018e-01 6.094836429423039492e-01 5.939594296742336521e-01 5.305918373790504683e-01 5.445973494990997699e-01 5.801346227094301700e-01 4.499801398220414361e-01 5.147676120082389506e-01 5.699047769676640618e-01 5.635468551156497252e-01 5.155168749165224273e-01 5.532018559833371540e-01 5.995560449520819235e-01 6.025755118243922848e-01 6.125690994643394616e-01 5.724281102158528256e-01 5.693294349688805545e-01 6.126164762450947432e-01 5.971340476235138528e-01 5.754991517375389609e-01 5.926941782148693605e-01 5.808027026520949931e-01 5.942726821720420993e-01 6.052388397674932641e-01 6.018330437453903725e-01 6.035862309462493025e-01 6.022207371999184211e-01 6.106072305938284872e-01 6.156517148889093516e-01 6.022978011619568584e-01 6.174249151988024931e-01 6.135726542020329966e-01 6.040566944138733296e-01 6.051015650992375150e-01 5.996949393579460441e-01 5.995702118737555875e-01 6.064100794141333850e-01 6.068201734894590471e-01 6.024857294644048178e-01 6.091241856539338917e-01 5.867604896361461320e-01 5.923315011398482266e-01 6.020079615038345100e-01 5.968165136097428602e-01 6.000570388565346081e-01 5.994301662350656201e-01 6.014220494132720418e-01 6.107416835370145236e-01 6.021143965921399444e-01 5.947347276804046956e-01 5.953452668407256398e-01 5.959772270833300079e-01 6.042576536124375508e-01 6.087943514396357836e-01 6.136222984525518953e-01 6.076223057134986227e-01 6.017741736220709736e-01 6.157798375300524985e-01 6.190498556662478169e-01 6.041821883388517334e-01 6.149527913388569411e-01 6.148853570436726423e-01 6.135324154815562370e-01 6.193308178648858631e-01 6.119208396156371466e-01 6.172822682493426250e-01 6.005530338230595788e-01 6.120396135585450814e-01 6.139474088642313809e-01 6.182461714889313509e-01 6.107358317931093072e-01 6.150462523190313169e-01 6.154910785562728304e-01 6.194649812319947824e-01 6.189112553724002153e-01 6.150338258975815986e-01 6.202390819920678977e-01 6.254582717974578321e-01 6.191739006419172409e-01 6.192899275891932120e-01 6.163285813981816963e-01 6.081710147094008256e-01 6.105262290137730696e-01 6.214117189850010270e-01 6.073135507239620923e-01 6.122311731241544264e-01 6.178852968594868988e-01 6.214363782503418143e-01 6.127633316537529629e-01 6.158638398639237899e-01 6.160123162910495775e-01 6.230623406947199960e-01 6.070335141100831056e-01 6.094703585511974664e-01 6.094415333451804750e-01 6.111252527950441493e-01 6.103088015214812589e-01 6.150131463808642396e-01 6.079214078684976874e-01 6.142015731517640464e-01 6.128750155782713982e-01 6.076063502747041101e-01 6.077533365129609289e-01
2.582086108669618199e-02 1.682709377147830199e-01 4.209300981233553007e-01 6.262587332725813027e-01 4.881441759683896597e-01 5.736738659297158094e-01 1.000000000000000000e+00 7.148492439159602752e-01 7.320632459848296358e-01 6.994061212963947893e-01 7.702950895305524792e-01 8.084496548665380811e-01 7.168568981641291193e-01 7.197323531252836082e-01 8.547028548736770315e-01 7.991890538151917855e-01 7.496456959658361896e-01 7.279089054902853073e-01 7.837610617413961478e-01 5.974529527113171534e-01 6.879960111072814799e-01 7.865950691947258822e-01 7.963424230244111612e-01 6.972296511952409404e-01 7.600313290729456828e-01 8.358779354835080833e-01 8.207611219013397630e-01 8.449895986061126685e-01 7.806563030429024552e-01 8.018045786313459100e-01 8.382346902847949144e-01 8.234252719627739303e-01 8.202258614565790529e-01 8.115987875903515336e-01 8.068530730656334748e-01 8.148988732252769873e-01 8.325230252048513302e-01 8.400433168352596791e-01 8.462606523982273421e-01 8.322844129800591739e-01 8.233872618600869275e-01 8.408674190019113093e-01 8.359645799179791226e-01 8.389799657349258366e-01 8.421017269899262470e-01 8.400463198335770265e-01 8.107213549572080957e-01 8.056551586116604824e-01 8.135608694088923842e-01 8.183863089095504417e-01 8.317658692555093269e-01 7.838579028240965085e-01 8.165357278224318893e-01 7.903451154284146796e-01 7.903808169294124220e-01 8.324099104864561838e-01 7.886851341234594193e-01 8.063030852431379847e-01 8.002518820855990533e-01 8.101814541449435803e-01 8.124590192974023850e-01 8.026641555352852508e-01 7.917144171583578860e-01 8.079992719421653646e-01 8.117600200018300072e-01 8.048715435774916882e-01 8.202736709067963705e-01 8.257909061270177764e-01 8.303099937390036045e-01 8.148027502644441533e-01 8.276230861101518954e-01 8.350412438372807333e-01 8.188831027895385750e-01 8.265972573931226197e-01 8.336068825602677146e-01 8.304568689186585528e-01 8.428186229984968580e-01 8.239273617414420992e-01 8.422053121119719155e-01 8.204987534705252550e-01 8.276521451083528325e-01 8.278662239218712582e-01 8.415402796176866262e-01 8.300570263648634484e-01 8.327009378973081466e-01 8.314395096761107995e-01 8.323550994252215673e-01 8.403589480334456852e-01 8.358420368820539403e-01 8.340506518496303423e-01 8.460123939707143714e-01 8.347336066917960817e-01 8.298374469694984601e-01 8.353154822387044431e-01 8.119985880236578746e-01 8.148578803212375155e-01 8.150300321515828728e-01 8.026127631314527999e-01 8.086014965697354562e-01 8.301707713578188041e-01 8.317467596908132421e-01 8.052176685063662243e-01 8.158969472926125288e-01 8.224579386504895506e-01 8.213811040165598376e-01 7.966294571296754778e-01 8.131659381079743287e-01 8.151593952054390080e-01 8.165823168808813426e-01 8.182281458348251713e-01 8.174639881690112242e-01 8.134924859455807677e-01 8.117843847353315434e-01 8.184415778428230093e-01 8.139915720763692963e-01 8.059999374374382519e-01
-7.969188657817871668e-03 1.777994582775221377e-01 3.636887372255035999e-01 5.832770453704680946e-01 4.363363357465968040e-01 5.016986007188366514e-01 7.148492439159602752e-01 1.000000000000000000e+00 6.716702463153479963e-01 6.522750687180768336e-01 7.306858482531143340e-01 7.628152455492989148e-01 6.889361711197301563e-01 6.924422135963307356e-01 7.750037801133975446e-01 7.824210186820661495e-01 6.995534535731733339e-01 6.861774049258756447e-01 7.355890882146765009e-01 5.772532499123921301e-01 6.853422369490441701e-01 7.411968891788479619e-01 7.183416777171627299e-01 6.595492201201049731e-01 7.107166885799229838e-01 7.603477426706128917e-01 7.567462627281686949e-01 7.528936085957735891e-01 7.067765007157762458e-01 7.268841304310460494e-01 7.722784334823324937e-01 7.573947844381859751e-01 7.252746351868188945e-01 7.441233014270854929e-01 7.409019896262056815e-01 7.468536355378854186e-01 7.584599332970578534e-01 7.842656251500165210e-01 7.803914095322510569e-01 7.721475531775580103e-01 7.744345077907754948e-01 7.827493925872981428e-01 7.774042598464200315e-01 7.861086600418434323e-01 7.760778227638527316e-01 7.800260630802894335e-01 7.656755550068788940e-01 7.670090778740276116e-01 7.766998604607711076e-01 7.713405012174957553e-01 7.867376226935888228e-01 7.429196934260171581e-01 7.711154162201248052e-01 7.633310768215076925e-01 7.761029269191902502e-01 7.857286152826282732e-01 7.723367179963283036e-01 7.760960461390922216e-01 7.851399892197299391e-01 7.627773695833037770e-01 7.755502722927788417e-01 7.800987010002821131e-01 7.758139647967938757e-01 7.705913327929968526e-01 7.589589112930669179e-01 7.627961656634653087e-01 7.684913872213163799e-01 7.771473058867457429e-01 7.741247458293359918e-01 7.757150098659855164e-01 7.856018889068739908e-01 7.825974601193749214e-01 7.678882481652455905e-01 7.784187113434903882e-01 7.765340275358555422e-01 7.735382123001245391e-01 7.769054661426453290e-01 7.683148917349674756e-01 7.807066787089934623e-01 7.642261814249659002e-01 7.671943247856392034e-01 7.710653759558814269e-01 7.814215692458280627e-01 7.685783221428215128e-01 7.756960405342526732e-01 7.734080731983592472e-01 7.723119907634415915e-01 7.870127592497758728e-01 7.765480493275297436e-01 7.863083501095885497e-01 7.811441282641963246e-01 7.798571317150058135e-01 7.736975944960617912e-01 7.783748967388558482e-01 7.671363702973672538e-01 7.701124784670355661e-01 7.830806628863985486e-01 7.719332429736130985e-01 7.738944472092539328e-01 7.809618104877966704e-01 7.860966249781138337e-01 7.807846408158185536e-01 7.709648440829278693e-01 7.783439298492041969e-01 7.708836259424834969e-01 7.739789553127255362e-01 7.741651907751280204e-01 7.693754946989164178e-01 7.793445313433485788e-01 7.758428149086733505e-01 7.830004531757037700e-01 7.703614566911631822e-01 7.795100973223273444e-01 7.728093108812942313e-01 7.614708979494684282e-01 7.658389597068540056e-01
1.328988394271163331e-01 1.853233252930030217e-01 3.625513196474725586e-01 5.533107766031287733e-01 4.411990956972172140e-01 5.164186990585355463e-01 7.320632459848296358e-01 6.716702463153479963e-01 1.000000000000000000e+00 7.711915305886644090e-01 7.922906771911488732e-01 8.268099959795444098e-01 7.547619577541335723e-01 7.551624705964681272e-01 8.453227548156936333e-01 8.260240848512013789e-01 7.991667967781700410e-01 6.851233685864188683e-01 7.500836247580794369e-01 6.476812229955677402e-01 6.464273231178107038e-01 7.635194083217679006e-01 7.462440820014732967e-01 6.307001781281286190e-01 6.989237507586152365e-01 8.530193414461079149e-01 8.360438440919498726e-01 8.242984764813353626e-01 7.934834542857435169e-01 8.537041808286867095e-01 8.642371591889674853e-01 8.293507318429180764e-01 8.023943568417255534e-01 8.012714978517940789e-01 8.511579488870746335e-01 8.278750284632843126e-01 8.579010593687526054e-01 8.316861916182516357e-01 8.569372102229350086e-01 7.760326713049742198e-01 8.613480876086235805e-01 8.498285157207816631e-01 8.267965184629398889e-01 8.552313710533667734e-01 8.562169738252689566e-01 8.499250889996634584e-01 8.615743433862865785e-01 8.733001583120215683e-01 8.502389472994175135e-01 8.143857667669478495e-01 8.331917738592722333e-01 8.053347824845795699e-01 8.538074299000952827e-01 8.694709654104547658e-01 8.460112661609562323e-01 8.657561632667041263e-01 8.508467016920596704e-01 8.643781493300939367e-01 8.408142895957211316e-01 8.743858442059468938e-01 8.663564834614065902e-01 8.615533175904446228e-01 8.515554771290126945e-01 8.684867993670691844e-01 8.792250939441682567e-01 8.777908467452461005e-01 8.707519674844582669e-01 8.566535978016898145e-01 8.621502162440299877e-01 8.637903644146224247e-01 8.469058613380068268e-01 8.636788122541481094e-01 8.337604621686092177e-01 8.316114682765772814e-01 8.736759753282646868e-01 8.721494817652730713e-01 8.655430186059279718e-01 8.699523257454822023e-01 8.655229611362464937e-01 8.825489883443501382e-01 8.759462462813587535e-01 8.753905835510314981e-01 8.653464995199402487e-01 8.766642528949548652e-01 8.520718111439964382e-01 8.605678858500390715e-01 8.672047629504685551e-01 8.560134134784023185e-01 8.677308576119094896e-01 8.597964752881296358e-01 8.479455596405202078e-01 8.633651547877679855e-01 8.621567946896001589e-01 8.625829581551519576e-01 8.663347136058140441e-01 8.706958136100683143e-01 8.303937338998312878e-01 8.557086505047354352e-01 8.573746660793396535e-01 8.496513862965437980e-01 8.529322450793960231e-01 8.544419045309536997e-01 8.633707672437950231e-01 8.622350819802021560e-01 8.582626808890566616e-01 8.577106485781015310e-01 8.675703081607628597e-01 8.694098764814375269e-01 8.661576419506136215e-01 8.649779269428167217e-01 8.581717795199358401e-01 8.705716757257864202e-01 8.643395719112380027e-01 8.637314210776854129e-01 8.719963018820036105e-01 8.729324703213635628e-01
4.122021009568951205e-02 1.781312961381215643e-01 3.275906212803545436e-01 5.192002579328705014e-01 4.065363457341620301e-01 5.056237273046744196e-01 6.994061212963947893e-01 6.522750687180768336e-01 7.711915305886644090e-01 1.000000000000000000e+00 7.638314512922762534e-01 7.944610430583806115e-01 7.256029883675060299e-01 7.371913416659564566e-01 8.067917429166396870e-01 7.968798283096772961e-01 7.371624127437915730e-01 6.771953713952629794e-01 7.418087348824254912e-01 6.005042830570916923e-01 6.358030452091238960e-01 7.311096442862256017e-01 7.273814426707188030e-01 6.269676985145913317e-01 6.782095537201324742e-01 7.997380800561323388e-01 7.937916513473100011e-01 7.835766030565287643e-01 7.565600058099504199e-01 7.798086432781589084e-01 8.142922162870769309e-01 7.980478991682846690e-01 7.613887481237866517e-01 7.742600120992760848e-01 7.979552370455031962e-01 7.838701619429129241e-01 8.039514333453143813e-01 8.075581533076917617e-01 8.178070524100504723e-01 7.704190032689122170e-01 8.212727436280844451e-01 8.187941735885078121e-01 7.980866650607579826e-01 8.219781143485969110e-01 8.198656082368154241e-01 8.153416186698371204e-01 8.283954343660859809e-01 8.389328196260377180e-01 8.250249287351173466e-01 7.890067983426545251e-01 8.086592021199670022e-01 7.726108989884231670e-01 8.195268327813336473e-01 8.347852611374998455e-01 8.255645307651438003e-01 8.344931493301621650e-01 8.217246529400089594e-01 8.364535424220728155e-01 8.301670002749858002e-01 8.352808307973300650e-01 8.345271177619301151e-01 8.354045050610127143e-01 8.281266206490422999e-01 8.289862126890902294e-01 8.288844140287738860e-01 8.318884969446108668e-01 8.334111735809824895e-01 8.285959740590127520e-01 8.256433568608515516e-01 8.220945329188413808e-01 8.181665814376014589e-01 8.281979259191659670e-01 8.086536720774966103e-01 8.066333576422132223e-01 8.307705034665889832e-01 8.293704325397530663e-01 8.283174483213791017e-01 8.303214734152161158e-01 8.273102196913968420e-01 8.279525109064905797e-01 8.280402144541171294e-01 8.358840704441539149e-01 8.283519027904127086e-01 8.306031274980606449e-01 8.200264826759692260e-01 8.280638240097187852e-01 8.297747429097231953e-01 8.268386144771937563e-01 8.300061208527813594e-01 8.313870148634511237e-01 8.208339242960106530e-01 8.325761326995675393e-01 8.286559232856682833e-01 8.306132404783209688e-01 8.341221045716376015e-01 8.367154002287355841e-01 8.082793570118896875e-01 8.158094504569349814e-01 8.283242624807678478e-01 8.206385024411152473e-01 8.266705857753477993e-01 8.265157833683935973e-01 8.273244137163670020e-01 8.330512176960419568e-01 8.247965644622256010e-01 8.284033662782348539e-01 8.345066614428696683e-01 8.358587804055218617e-01 8.372796968928754024e-01 8.342735275833313979e-01 8.335373437940403196e-01 8.356301465318979327e-01 8.355778251352253827e-01 8.274417103508382443e-01 8.288506281868205372e-01 8.339771181214711282e-01
9.205573791569188549e-03 1.726051920878677592e-01 3.959306494084389172e-01 5.923906099799515212e-01 4.622691299939138410e-01 5.705806180910437675e-01 7.702950895305524792e-01 7.306858482531143340e-01 7.922906771911488732e-01 7.638314512922762534e-01 1.000000000000000000e+00 8.715941667748985378e-01 7.926100003300114993e-01 7.864352396797525957e-01 8.830786542540625117e-01 8.557297378875931004e-01 8.064960221752057734e-01 7.656369825828183151e-01 8.136688650805111722e-01 6.400452414272624901e-01 7.256588786215550924e-01 8.126763657395876805e-01 8.055739691134359282e-01 7.153585154825508052e-01 7.733402536521188919e-01 8.758217261142640098e-01 8.626170353209298147e-01 8.632396975982989940e-01 8.099608865387865064e-01 8.484446180642027935e-01 8.876208833566990863e-01 8.704027560697554788e-01 8.369787314890131391e-01 8.495220424954244010e-01 8.595612731513966320e-01 8.707367483092476323e-01 8.849571069720441052e-01 8.777443648278687727e-01 8.962102595227326995e-01 8.607659348060273663e-01 8.953595394863782531e-01 8.995371319719968062e-01 8.833625461316231275e-01 9.011105546339042149e-01 8.982850838530640480e-01 8.903467975951436797e-01 8.983708193893342742e-01 8.977795219146388339e-01 8.934347897513927883e-01 8.795714371574722135e-01 8.895268866378736039e-01 8.618771896681252098e-01 8.891406535199533057e-01 8.833188012098106556e-01 8.795082825273532467e-01 8.978763987698331617e-01 8.771931829229560051e-01 8.919096482888382305e-01 8.810455758449867725e-01 8.980427523870325723e-01 8.990960817352370293e-01 8.843664473089637434e-01 8.777182493008113262e-01 8.941570588494596183e-01 8.907668350155274473e-01 8.911234890469030834e-01 9.020654695284620050e-01 9.034577348988848122e-01 8.957058470923139337e-01 8.920804540961037032e-01 8.997949501276670814e-01 9.054061222764130390e-01 8.796150023355528980e-01 8.894488603151780026e-01 9.055026151565954695e-01 9.045418794970587761e-01 9.036128680666558610e-01 8.965484993645517209e-01 9.021987324813312004e-01 8.998872225888233656e-01 9.056713097274015078e-01 9.071149813694183717e-01 9.062370987484780205e-01 9.015598444155618063e-01 9.020824104641135266e-01 8.996778970313930035e-01 9.081965592818980193e-01 9.057614426871917201e-01 9.070401547865549752e-01 9.060603169086988151e-01 9.076449962444964603e-01 9.074111637064613545e-01 9.069093295582882908e-01 9.075721605441133821e-01 9.023952048117648284e-01 9.031499869850825313e-01 8.969510292199640578e-01 8.931260329986220325e-01 9.004979201669666145e-01 9.063786023231377165e-01 9.071649284325813412e-01 8.967782761833867911e-01 9.031096036381571768e-01 9.051217711332999460e-01 9.060833366437319736e-01 8.887639441455191802e-01 9.021236938022768603e-01 9.023565430642520591e-01 9.030479144010798986e-01 9.005577439382689287e-01 9.022015764215474132e-01 9.022791227474292741e-01 8.996972180547706532e-01 9.056264706900358785e-01 9.013417179106110177e-01 8.980664780677921621e-01
5.481053610989806979e-03 1.628406250700304980e-01 4.006779287060007189e-01 6.423332057402763029e-01 4.943052320045362436e-01 5.898916013358966870e-01 8.084496548665380811e-01 7.628152455492989148e-01 8.268099959795444098e-01 7.944610430583806115e-01 8.715941667748985378e-01 1.000000000000000000e+00 8.289003300752729730e-01 8.288518116717531470e-01 9.233659733814670867e-01 9.060972884718004883e-01 8.453392407863999924e-01 7.941623343326454920e-01 8.476519631534162880e-01 6.727178800788260471e-01 7.685356504105311792e-01 8.582191608976369457e-01 8.328327411557782112e-01 7.394713948478255361e-01 8.016718773113680196e-01 9.083614135531536959e-01 8.971542974752210187e-01 8.925059679952237479e-01 8.362222443128909388e-01 8.796025412288119849e-01 9.261717486665048682e-01 9.001924188783815284e-01 8.605872424644526175e-01 8.790267522674698464e-01 8.898362221520529358e-01 9.069295868449631648e-01 9.176149251738136003e-01 9.134306134703906732e-01 9.295433240818170573e-01 8.921125172088802957e-01 9.339247927431567620e-01 9.318818757095207461e-01 9.204947027796036574e-01 9.421344627824556062e-01 9.378661727112372892e-01 9.273027230688545286e-01 9.340749271995442138e-01 9.374026997476383460e-01 9.341109219121707108e-01 9.133102536295552021e-01 9.283612455794786333e-01 9.005116980379826996e-01 9.327693444292139979e-01 9.301450492985550156e-01 9.267532440040020525e-01 9.362458413575788230e-01 9.300949434321846843e-01 9.373491814585639403e-01 9.312294909520320019e-01 9.375784596158899253e-01 9.426153325307862207e-01 9.353054679467586174e-01 9.273948606900962455e-01 9.382623869927489979e-01 9.317940096398934502e-01 9.377911507274188097e-01 9.397511913033167463e-01 9.396134046674375906e-01 9.302569217019290848e-01 9.288281434340301956e-01 9.382925921140644610e-01 9.414179836989863270e-01 9.142555665539237042e-01 9.252865214944064887e-01 9.417370461471523679e-01 9.403739598114198017e-01 9.377480361008723175e-01 9.291029324367416908e-01 9.378908643082749519e-01 9.334446902134792001e-01 9.392040704646726912e-01 9.418964022321664187e-01 9.408272023366841541e-01 9.359676495621597203e-01 9.312167202024299595e-01 9.335438209858323289e-01 9.442351951270183674e-01 9.401878279459151555e-01 9.427843166447743561e-01 9.412284048700281236e-01 9.378562608792272437e-01 9.442890560535195377e-01 9.434542887249952603e-01 9.429751359280411638e-01 9.387419345833974971e-01 9.413265689314940232e-01 9.308925558940372991e-01 9.315144056940244388e-01 9.381625239534078231e-01 9.387007027119976810e-01 9.422790578116387872e-01 9.379160720721149147e-01 9.392416556047461507e-01 9.440140946446551329e-01 9.434079404629440724e-01 9.330027700125257395e-01 9.410016211511448292e-01 9.414990282002163591e-01 9.427090279121438376e-01 9.419607490496738622e-01 9.415367342599417766e-01 9.406255709676163423e-01 9.413575702895309316e-01 9.416367633383884161e-01 9.391721490558301300e-01 9.395978830128097758e-01
-7.232530329983817216e-03 1.489772168224766657e-01 3.189728619222313433e-01 5.124215206220338326e-01 4.714735038257650279e-01 5.242770562161372938e-01 7.168568981641291193e-01 6.889361711197301563e-01 7.547619577541335723e-01 7.256029883675060299e-01 7.926100003300114993e-01 8.289003300752729730e-01 1.000000000000000000e+00 7.505566424995563368e-01 8.461786333144990513e-01 8.401362214987898591e-01 7.692460988130276345e-01 6.989608359113652636e-01 7.393934973680758027e-01 6.274844495144603629e-01 6.570769397197987471e-01 7.541897865867954742e-01 7.357715035897663958e-01 6.401993147905405968e-01 6.999684688019166545e-01 8.271019046764334082e-01 8.114663345884201018e-01 7.956705506115268056e-01 7.545983999358469863e-01 7.975786314731707627e-01 8.353333766822710338e-01 8.222158681986434514e-01 7.812792398551817730e-01 7.896456806754516000e-01 8.144848235199882991e-01 8.229492987953092031e-01 8.303286609287361397e-01 8.320175965377883953e-01 8.474748096580373424e-01 7.950747497130864483e-01 8.593296668826233553e-01 8.521626777096242833e-01 8.303911793418291554e-01 8.633319802734510384e-01 8.539089772275367807e-01 8.430963049145939747e-01 8.675166938831865293e-01 8.710813694155291609e-01 8.601843705691044617e-01 8.283590508299329969e-01 8.475432761600396603e-01 8.181514670557530344e-01 8.559662906356454437e-01 8.599021257849384092e-01 8.434606682501698538e-01 8.562048287964884041e-01 8.467585183529178217e-01 8.638945327438700694e-01 8.476331587092510444e-01 8.744086167670884757e-01 8.693019905140773051e-01 8.565958960201587313e-01 8.528633511666657840e-01 8.682478447396535515e-01 8.627840454346452637e-01 8.654205804037541361e-01 8.705245719283242201e-01 8.630187210021980082e-01 8.556015918793492547e-01 8.585671013033316923e-01 8.534069768087181318e-01 8.640117389545192150e-01 8.302995295081857519e-01 8.428860982777411914e-01 8.655404804469951641e-01 8.668050155459793293e-01 8.592719311832565099e-01 8.531899318627935713e-01 8.572369198680409585e-01 8.608031579543511391e-01 8.645449158857286820e-01 8.687337211771103407e-01 8.648613636968062179e-01 8.616830305615100771e-01 8.554810746634596841e-01 8.564880802334522425e-01 8.676228078738899008e-01 8.639877202526750066e-01 8.667391790955534248e-01 8.653667555863218119e-01 8.560021024375689125e-01 8.700228649926827762e-01 8.689755133968447565e-01 8.683961142004109623e-01 8.725885883849872071e-01 8.737787386624155106e-01 8.519001097894330909e-01 8.586968622626045544e-01 8.686420627691255891e-01 8.623182712692918361e-01 8.638477989586512695e-01 8.641297815989714692e-01 8.712231685554562288e-01 8.740506056943827540e-01 8.670128962033722964e-01 8.628766623086379095e-01 8.713430204977984372e-01 8.743898116878231486e-01 8.717692799100478229e-01 8.734016629154943701e-01 8.703579409775015208e-01 8.759849076761132558e-01 8.701152120472208651e-01 8.709833464486022025e-01 8.711950143731437279e-01 8.715510746514634199e-01
