1.000000000000000000e+00 2.855482830375146719e-01 3.558596927058443882e-01 1.575717145934922570e-01 1.115370195031153283e-01 2.928867233306866463e-02 1.367910128178060070e-01 1.869295177386805507e-01 3.084385695906828317e-01 9.772746078557595362e-02 1.459752172095972744e-01 9.813371186633176868e-02 9.627642355923213269e-02 7.094574949082796400e-02 6.758348414516064662e-02 1.052771268028947493e-01 1.825080580566371957e-01 4.941745148467188153e-01 4.046477787539589643e-01 3.538177402735991905e-01 4.208310112670080039e-01 4.272010246288768798e-01 4.475423413335692380e-01 5.064842109690992356e-01 4.291529769552092088e-01 3.307210698851075215e-01 3.107020424178000284e-01 3.170312326254720037e-01 3.416526542669628408e-01 3.044892201253016073e-01 2.400039844815350376e-01 2.537623516954889968e-01 2.295682363210131138e-01 2.392341845886187812e-01 2.386014072076464432e-01 1.867570551967732417e-01 2.396807485507836954e-01 1.589291456272389491e-01 1.325629276086191521e-01 1.864634305068317843e-01 1.318891156797168396e-01 1.309248885019767550e-01 1.613969501106990168e-01 1.291603428729476977e-01 1.920344087867127125e-01 1.501992027015556785e-01 3.619845551447564008e-02 6.882669912386411848e-02 8.299694943348125131e-02 1.807289120571739238e-01 1.563451112109356667e-01 1.015493110711864072e-01 1.009500065788444950e-01 1.226318155732265130e-01 1.628920935812278314e-01 1.861346288785328817e-01 1.694520772097042327e-01 7.891459451521633250e-02 1.202504007957036769e-01 9.670863665605443360e-02 1.233401197252327469e-01 7.646823687765269550e-02 1.131845455921520749e-01 8.168002644166838522e-02 1.350444486949859135e-01 1.309110239836943357e-01 8.708314187646427895e-02 1.642602977875181891e-01 1.691060027967091484e-01 1.615442735654133710e-01 1.818919059954166306e-01 1.597398993548858337e-01 2.074527296818665656e-01 1.801183333002528419e-01 1.138467756670647202e-01 1.102845548114993329e-01 8.615322361629888792e-02 1.369724375398001237e-01 1.560408631766429244e-01 1.329638031162921896e-01 1.182497174340109564e-01 9.012349167645546111e-02 1.232167134095782657e-01 1.239297133397290473e-01 1.008678421345361731e-01 1.107675960263881099e-01 1.133050690678794048e-01 6.344321123972136711e-02 5.380904211112554070e-02 1.066991931608622934e-01 9.082002455536899999e-02 5.281346944426333623e-02 1.010730984707554347e-01 6.058731114293138681e-02 2.815817580921361335e-02 4.165198675974463721e-02 6.193164337260405328e-02 1.093229122031850326e-01 3.688490296019843878e-02 5.582501136871285963e-02 4.464502589639638558e-02 6.492433385271492718e-02 6.052158194255621848e-02 4.000973370970703491e-02 6.893975862596340987e-02 8.550527896273903139e-02 4.900622183633940310e-02 4.913817791639844140e-02 5.546410773499168417e-02 2.785469212801955363e-02 3.291159542569283003e-02 3.687880540173078120e-02 2.772090442292485940e-02 3.553081856615328965e-02 6.501220709903379746e-02 6.521247535522831096e-02
2.855482830375146719e-01 1.000000000000000000e+00 1.406720744582613258e-01 8.237548086530213642e-02 2.890581321597020942e-02 9.880620905647548302e-02 1.121014113370165655e-01 1.140388690264018540e-01 2.101525587198183609e-01 1.912042238738607680e-01 1.613361451042207573e-01 1.190226306191688455e-01 1.469463232892049553e-01 1.202814090006227576e-01 1.421405924742131788e-01 1.361824066149112111e-01 1.879056376101323478e-01 2.772958605271412802e-01 2.606557448336019878e-01 1.654619693888449150e-01 2.203513123010636399e-01 2.736012332994393614e-01 2.992617516409780132e-01 3.052511798995445891e-01 2.983341545751420076e-01 2.446683351236956794e-01 2.293014366939672422e-01 2.402875118878492755e-01 2.809215750339250084e-01 2.416091415282474175e-01 2.434633745056615506e-01 2.209978613247521040e-01 1.978538175864321957e-01 2.181227647525199598e-01 2.060584289603067942e-01 1.900540174409219851e-01 2.047220217496980577e-01 1.783013736054127052e-01 1.745361632877916180e-01 1.599538757608658379e-01 1.787877473371278780e-01 1.685014004411952981e-01 1.592245134729143030e-01 1.713031011714532537e-01 1.921296951123629693e-01 1.832402524989259207e-01 1.472743341421079710e-01 1.653714343517053709e-01 1.531478381961417501e-01 1.557865309039983270e-01 1.649161865607539357e-01 1.315891884028904668e-01 1.413775179071848354e-01 1.839199884714578792e-01 1.869879881511684050e-01 1.940720731209010230e-01 1.644475388442214470e-01 1.598162891283500808e-01 1.711540664542019197e-01 1.644227962722122627e-01 1.642475233253851696e-01 1.517121440842464364e-01 1.498167481940834433e-01 1.463225306037356233e-01 1.774627681091373310e-01 1.718597072547206062e-01 1.660835249540108527e-01 2.010173921168635081e-01 2.057764758001031924e-01 1.673995782680703925e-01 2.024493090528148853e-01 2.077749895950025683e-01 2.174213384537747873e-01 2.118458130716330823e-01 1.766845823214041322e-01 1.779241438212003090e-01 1.711789083316314353e-01 2.012363612387242928e-01 2.054722339330476155e-01 1.951208215585073791e-01 1.863146011906539057e-01 1.860799792876518532e-01 1.842678856951544264e-01 1.803753973498628815e-01 1.641549279974682529e-01 1.833105935264020270e-01 1.867324764741554455e-01 1.590688297731826795e-01 1.629439426215239239e-01 1.744909334606095097e-01 1.604896196302786904e-01 1.553162566872339501e-01 1.732277729935082777e-01 1.664347906577735570e-01 1.466096383331064734e-01 1.558881105143135049e-01 1.276057714985023572e-01 1.527734214793385059e-01 1.367706354698177418e-01 1.431516945741919400e-01 1.422998352354961082e-01 1.487567634174467024e-01 1.521200215426418978e-01 1.412289005746591997e-01 1.487042230936816700e-01 1.483938869820236872e-01 1.473758599746603226e-01 1.590120624308947461e-01 1.561683583864029723e-01 1.432535308882081915e-01 1.431273436498724794e-01 1.473267524508087845e-01 1.447041723483215303e-01 1.439637744965295563e-01 1.598545297355285499e-01 1.536379055199481591e-01
3.558596927058443882e-01 1.406720744582613258e-01 1.000000000000000000e+00 3.968708177093572265e-01 2.498961978936326545e-01 2.294857482301117801e-01 3.750142919714529732e-01 3.992095693304295589e-01 4.456319454622021947e-01 3.546326476902388891e-01 4.183265686235753678e-01 4.058782863314792655e-01 3.704388755593615024e-01 3.220743912731702241e-01 3.943527848994247131e-01 4.037335426562845275e-01 4.234503571504251718e-01 5.178171410139870146e-01 5.057600552460407295e-01 4.363351994427756564e-01 5.149492089165492725e-01 5.227232072072698355e-01 4.974097985932087740e-01 5.141369841282463771e-01 5.092684300771174177e-01 4.774117717103372738e-01 4.912066399576091036e-01 4.735924017924030283e-01 4.493557989553424448e-01 4.841420497658945887e-01 4.513330117103311889e-01 4.766439630773455782e-01 4.556571804251716706e-01 4.505639031035133524e-01 4.550650823575300152e-01 4.210707355471189350e-01 4.558109171438139429e-01 4.375193083890160928e-01 4.164108165459106670e-01 4.433118830893888473e-01 4.226707764933905209e-01 4.188685300832205582e-01 4.346639726765856304e-01 4.226726425679194765e-01 4.596035004554426262e-01 4.317650070208287616e-01 3.730312961404393390e-01 3.868051110037145635e-01 4.014074409591358306e-01 4.515968776807943730e-01 4.372826871099587120e-01 3.952284787423780421e-01 4.070309760239212427e-01 4.073798509679850133e-01 4.351355627948120253e-01 4.488008206042571890e-01 4.348093621805168008e-01 3.940638550852516020e-01 4.192704799310826846e-01 4.045101298843307158e-01 4.137655340294568163e-01 3.924013346251469248e-01 4.150944224353714795e-01 3.944861448165167817e-01 4.244663431264514286e-01 4.212095722108993301e-01 3.985093967348186661e-01 4.391534196754740549e-01 4.381250138085477919e-01 4.361179066459330289e-01 4.574903397351988699e-01 4.362771440313192861e-01 4.538344096166802566e-01 4.464988768368363115e-01 4.136861083320529930e-01 4.139858041879106998e-01 3.970684528876963215e-01 4.142284573335867637e-01 4.305150963176171408e-01 4.160488539196341429e-01 4.155865963076775804e-01 3.963829797957411083e-01 4.228956684099164365e-01 4.160074639501449290e-01 4.069991266880632064e-01 4.080030356387168711e-01 4.094711452540089613e-01 3.914661108205448325e-01 3.837973237877720933e-01 4.171074043485357152e-01 4.073436226103124835e-01 3.853002773456205565e-01 4.106826198849029552e-01 3.853898133942624815e-01 3.749582723325606270e-01 3.763199651361249232e-01 3.955971561968753547e-01 4.125296554528156134e-01 3.820104434216742839e-01 3.933140029584733521e-01 3.822176730936133748e-01 3.950610779386531379e-01 3.906088245841643491e-01 3.811663016016362260e-01 3.947261535969697754e-01 4.051255080098818406e-01 3.845023286110377247e-01 3.814093944094555932e-01 3.884328732140324703e-01 3.703143040406952080e-01 3.779036492970075378e-01 3.755261571106753293e-01 3.718134375285295223e-01 3.762704695474458072e-01 3.878703130341408234e-01 3.910780716504437260e-01
1.575717145934922570e-01 8.237548086530213642e-02 3.968708177093572265e-01 1.000000000000000000e+00 3.938931953807109365e-01 3.631259426732006967e-01 6.018123715723088241e-01 6.077655435533008133e-01 4.892336165750140187e-01 4.375995958775734107e-01 5.565897362712859398e-01 6.584634847629702303e-01 5.540492761170969782e-01 4.543976284877531691e-01 5.849721921567835325e-01 5.988886668563841997e-01 5.092170195513099351e-01 5.090306165905620350e-01 5.082003417633474962e-01 6.272717829208734885e-01 5.696425366780896171e-01 5.088756458300355279e-01 4.823587334754524392e-01 5.192561731483721355e-01 4.811655898433682133e-01 5.204694331877036673e-01 5.493828163816315557e-01 5.353263815155840932e-01 4.485805056161377702e-01 5.115590367316289466e-01 5.130927982800367326e-01 5.816190119104724943e-01 5.212796403254891242e-01 5.428962712759869413e-01 5.040335145288937779e-01 5.484818274975904462e-01 5.281084710124839265e-01 5.795889924361494749e-01 5.517799813220812810e-01 6.211786381367055965e-01 5.770716252237725330e-01 5.851014255459709990e-01 6.255243212670930086e-01 5.851313383727158035e-01 5.897876177649629126e-01 5.624466040060316363e-01 5.465824418649006811e-01 5.440136719130526100e-01 5.669606261199012787e-01 6.211911812395738419e-01 6.072197135419761249e-01 6.373849149795506319e-01 5.909082570657366862e-01 5.370126600307183473e-01 5.690800118159614618e-01 5.779047309270199939e-01 5.967599717208014187e-01 5.601356733534423871e-01 5.677096181909536687e-01 5.673090146681170065e-01 5.859667806744673912e-01 5.547148265664260114e-01 5.796963715358047775e-01 5.615778372100899141e-01 5.546638784358169927e-01 5.814630768654398540e-01 5.439302088014847936e-01 5.619205542582542678e-01 5.536593755582857046e-01 6.313513507793586665e-01 5.813292911081975323e-01 5.525427600792189864e-01 5.746315688840452074e-01 5.600420563514030281e-01 5.494916432157411768e-01 5.573556518678122185e-01 5.404608758358546705e-01 5.207764717144161004e-01 5.488538242397490441e-01 5.307357096939150365e-01 5.352508687050407943e-01 5.279493514616683258e-01 5.647978023825115379e-01 5.349433711073313669e-01 5.718799314004643364e-01 5.542597206604030768e-01 5.425001256164381225e-01 5.582794343685993921e-01 5.395503665598018195e-01 5.719821074882114331e-01 5.688440209574670003e-01 5.618023139829741996e-01 5.613577693837337179e-01 5.439634090377752917e-01 5.476100007012106863e-01 5.401208014890604980e-01 6.056784730555931917e-01 5.941457932777604034e-01 5.693593929842705181e-01 5.813917996743628303e-01 5.765766344179796832e-01 5.716932031679521353e-01 5.748297880825118389e-01 5.612361533611617270e-01 5.851249345663621648e-01 5.845082976057817126e-01 5.554210085886229775e-01 5.370930300569453086e-01 5.478141767606127255e-01 5.441813502905683553e-01 5.556927715618941166e-01 5.475244367191123285e-01 5.474411132254037859e-01 5.537047171736577678e-01 5.420654493335838042e-01 5.684915649523120118e-01
1.115370195031153283e-01 2.890581321597020942e-02 2.498961978936326545e-01 3.938931953807109365e-01 1.000000000000000000e+00 2.956259108173736605e-01 5.013607194364640973e-01 5.220715326408216228e-01 4.409857675971865509e-01 3.986059898912771571e-01 4.552470607784152579e-01 5.096638886248530120e-01 4.991450634259740893e-01 3.987343665008219462e-01 5.018857752524374938e-01 5.046234048837959785e-01 4.420619297270483306e-01 3.532427577482006864e-01 3.752996314611167783e-01 4.199465909117648388e-01 3.880967277754741596e-01 3.745057860494234725e-01 3.720280930596785440e-01 3.665579138633349165e-01 3.777729225864164264e-01 4.666681761876670387e-01 4.497722887859960661e-01 4.593077944839568105e-01 3.933631719947920935e-01 4.455767738922441490e-01 4.571486316094749980e-01 4.775393311765653293e-01 4.570171744862191465e-01 4.555491119890486829e-01 4.554386207016984933e-01 4.870930975256293483e-01 4.730805973871101133e-01 4.954081487369041414e-01 4.995295111154657297e-01 5.124823280824689631e-01 4.988540607468326948e-01 5.089529842043087893e-01 5.361870295125210628e-01 5.126542494691662677e-01 5.034412081120005489e-01 5.001520542182196216e-01 4.910718604180407953e-01 4.845228141167522429e-01 4.912207480031386408e-01 5.086273882808686198e-01 5.075965034437416312e-01 5.238321842612192469e-01 5.099079115594336020e-01 4.772215738175141220e-01 4.828397128234835911e-01 4.958138956835554945e-01 5.037349506449672054e-01 4.960656859354955484e-01 4.836869907860331108e-01 5.047546248560387250e-01 5.105151857521460501e-01 4.917896656882301820e-01 4.966596929614059408e-01 5.022780396528878644e-01 4.815663197313104216e-01 5.001219441389715969e-01 4.859343179033914217e-01 4.813574799844108631e-01 4.816516561900582305e-01 5.072781180244547716e-01 4.822316223218881537e-01 4.737034984566598217e-01 4.710369020913285909e-01 4.729775427574243740e-01 4.937137249028797914e-01 4.901105237931343561e-01 4.843246369351533742e-01 4.633280375482494162e-01 4.826803199982561687e-01 4.753524019297635794e-01 4.772143204812022699e-01 4.769279883699830136e-01 4.882802279206021057e-01 4.775703322015498742e-01 4.925799034995964609e-01 4.822648481774355900e-01 4.764542136471481837e-01 4.901904502447724798e-01 4.832821926954384284e-01 4.980560656376243345e-01 4.945895214716717336e-01 4.968292886282249521e-01 4.955009731383529514e-01 4.882711632166598648e-01 4.876553315642877529e-01 4.843235399404910435e-01 5.159221314222304233e-01 4.945575042950079991e-01 4.986486862096515260e-01 4.972032189235247035e-01 5.086563807253066116e-01 4.973500561693839916e-01 4.995850091428858941e-01 4.984481575919387231e-01 5.045759228444327560e-01 4.979495713996098805e-01 4.874952759104784206e-01 4.862497850814624378e-01 4.910318675093164886e-01 4.865123909994578111e-01 4.942016535245863929e-01 4.935059398911790240e-01 4.859338221717509065e-01 4.910367199579036557e-01 4.857430118517525597e-01 4.952931085920779797e-01
2.928867233306866463e-02 9.880620905647548302e-02 2.294857482301117801e-01 3.631259426732006967e-01 2.956259108173736605e-01 1.000000000000000000e+00 4.991558723733018343e-01 4.481434745380297735e-01 4.582418751395416212e-01 4.407719981861171199e-01 5.331228798155259740e-01 5.527072816614080342e-01 5.137648612969591966e-01 4.368864871780009373e-01 5.652198684922031813e-01 5.480696443016846997e-01 5.109527457798559436e-01 4.206428576407041930e-01 4.698905323339617190e-01 4.044391034543354801e-01 4.179762145435315102e-01 4.454814784543713047e-01 4.653160985499923408e-01 4.437946870660164356e-01 4.594830962154435872e-01 5.169390471076393823e-01 5.181115665639729473e-01 5.145080163688712238e-01 4.889239923811861677e-01 4.809883772018419545e-01 5.243673793091135904e-01 5.618907802732192591e-01 5.038803544483790864e-01 5.430228280376837580e-01 5.015411536022311711e-01 5.508532433478166013e-01 5.050193949926858883e-01 5.582538960817581275e-01 5.516954225457294525e-01 5.382853206535768154e-01 5.760159962763610197e-01 5.735495086271176213e-01 5.648033023154794829e-01 5.756009683796496912e-01 5.548076947062645647e-01 5.447856128248327323e-01 5.829253891460821624e-01 5.863192022780243651e-01 5.756425052934688313e-01 5.638981150981424717e-01 5.728124924716816446e-01 5.838022968738426632e-01 5.769683921010111405e-01 5.807937574082616683e-01 5.650938380218273327e-01 5.670824929515039248e-01 5.682788969064315188e-01 5.786175005273481720e-01 5.732004119357504424e-01 5.822729815132745568e-01 5.786145092325195582e-01 5.677535917335565507e-01 5.548394108546448322e-01 5.731955592355594264e-01 5.749633086420798955e-01 5.829785051317050160e-01 5.837124957110954027e-01 5.851400032153448727e-01 5.844656417647996483e-01 5.742431829676657440e-01 5.793281481774702479e-01 5.874357034654626997e-01 5.774230348480735575e-01 5.792293274267202863e-01 5.792433756205312978e-01 5.824136443910148397e-01 5.812960388653570787e-01 5.738006946255133078e-01 5.685561601061253079e-01 5.698315512107495762e-01 5.740644758079228582e-01 5.792719469362955786e-01 5.902936682112369660e-01 5.714605576193320102e-01 5.837370541019422099e-01 5.894547064833087768e-01 5.826018484895326699e-01 5.874426900191398460e-01 5.791562731287597243e-01 5.868410382226334487e-01 5.809074427503745364e-01 5.858197407737147921e-01 5.803719030545632096e-01 5.837662961220687619e-01 5.853410074358322834e-01 5.884731089858284969e-01 5.774115377005605287e-01 5.846295250021924517e-01 5.811783200122210280e-01 5.863285312959607420e-01 5.871910546954897114e-01 5.830969609777918450e-01 5.877702631917874898e-01 5.838966584287949013e-01 5.954412646392673869e-01 5.813344789023456860e-01 5.887543451646546355e-01 5.850065815031015859e-01 5.840764532443846191e-01 5.833278523364606727e-01 5.796670474380654081e-01 5.813064328065860042e-01 5.839912920103627059e-01 5.868083613981392999e-01 5.909800831995706272e-01 5.899632540552174342e-01
1.367910128178060070e-01 1.121014113370165655e-01 3.750142919714529732e-01 6.018123715723088241e-01 5.013607194364640973e-01 4.991558723733018343e-01 1.000000000000000000e+00 7.376901112075463507e-01 6.914361395810414423e-01 6.358963521154324949e-01 7.347543485104028882e-01 7.897712865460724263e-01 7.331001134827859200e-01 6.107810798747871361e-01 8.330478997911434647e-01 7.912642585251300487e-01 6.979734665532746352e-01 5.809495368320369835e-01 6.414788598534619801e-01 6.257160232820663248e-01 5.914029478390843142e-01 6.175604706179452785e-01 6.405457024268264021e-01 6.263990762933473455e-01 6.369299810855781896e-01 7.401343770291979318e-01 7.380498702035424019e-01 7.530738406822448106e-01 6.946700513637122931e-01 7.135608428962215699e-01 7.493828276094418595e-01 7.751439760480419716e-01 7.470305645427789409e-01 7.407875542325770279e-01 7.223589488094532829e-01 7.606011913580860151e-01 7.469544821699517501e-01 7.946938945989968639e-01 7.838310432194969257e-01 8.115968332874199387e-01 7.955495175869806701e-01 8.062842104841522195e-01 8.234177049224212785e-01 8.037499123357668696e-01 7.938328371094411917e-01 7.873763551720192044e-01 7.792527959135705506e-01 7.788968976926220478e-01 7.881595985297209506e-01 8.013687447486149695e-01 8.046501882210008727e-01 8.130867051179683225e-01 8.000218134172022433e-01 7.706519667271319873e-01 7.877291936998113142e-01 7.964339316000074165e-01 7.990024660755171704e-01 7.882617646379235232e-01 7.905874192536400669e-01 7.918692535500825302e-01 8.065237535660699786e-01 7.812514708612986469e-01 7.843637213849414813e-01 7.866139219917334113e-01 7.722105683360162010e-01 7.987125373357653046e-01 7.798020964100674801e-01 7.790927133855009012e-01 7.824423147449116600e-01 7.938647871869378703e-01 7.696128860833877372e-01 7.725422876864029842e-01 7.764027552336786320e-01 7.743664320115846156e-01 7.910131578311654366e-01 7.919591540018247056e-01 7.935475715902563509e-01 7.758973051990053493e-01 7.894834876827876435e-01 7.664024279916245019e-01 7.745227683891429127e-01 7.766666472210855821e-01 7.908538912236861007e-01 7.770369177820332096e-01 7.932920083230902142e-01 7.835452300969291128e-01 7.758356800834419476e-01 7.964686418782168653e-01 7.797450830019105883e-01 7.997981742108618564e-01 8.021004545846502909e-01 7.952075490644748834e-01 7.918145298535873566e-01 7.883055436457688803e-01 7.822856162606267594e-01 7.796712529721805396e-01 8.098705670218119268e-01 7.978224202457524505e-01 7.954104230816616550e-01 8.006520375067162076e-01 8.028085271641755005e-01 7.976125917683721811e-01 7.966177014824810110e-01 7.905683168691137741e-01 8.034096650536107775e-01 8.014295525135148868e-01 7.878043521440915020e-01 7.790623989253038228e-01 7.865289976677123374e-01 7.811328818543148422e-01 7.897649072904361356e-01 7.817509824594486290e-01 7.845075937301199120e-01 7.871132786941753556e-01 7.767213079313397550e-01 7.930871877483227639e-01
1.869295177386805507e-01 1.140388690264018540e-01 3.992095693304295589e-01 6.077655435533008133e-01 5.220715326408216228e-01 4.481434745380297735e-01 7.376901112075463507e-01 1.000000000000000000e+00 7.050346045250653892e-01 6.238571658694405109e-01 7.146772540846740851e-01 7.841096729903364038e-01 7.334886799650789380e-01 6.093843785687342862e-01 7.772582936436303047e-01 7.972113707219167233e-01 7.035662206246677819e-01 5.893384975644122559e-01 6.456972939419113322e-01 6.233151942771923970e-01 6.340043213363424357e-01 6.431237541064501739e-01 6.300048454803929276e-01 6.150205359347173939e-01 6.347006479839157889e-01 7.411264661096621520e-01 7.393723357393557905e-01 7.407651076488105391e-01 6.625317127887087043e-01 7.192612679964697220e-01 7.333198111390063501e-01 7.565089168126098995e-01 7.275653922881586411e-01 7.260659513060072623e-01 7.206080545633479773e-01 7.440051790229348372e-01 7.345288728347940665e-01 7.866233014433036130e-01 7.660380905701917875e-01 7.995127850759510268e-01 7.774081657029590087e-01 7.816243337172835703e-01 8.015783061133149312e-01 7.847238924483567191e-01 7.850678207410968223e-01 7.775732666863086617e-01 7.550108179473192793e-01 7.550744092275545327e-01 7.770188509937446808e-01 8.026883337327206380e-01 7.998073436004601300e-01 7.852171174159996436e-01 7.862440139117865545e-01 7.512646849987093534e-01 7.758335517638442758e-01 7.826811991740053598e-01 7.984593418398989728e-01 7.682141530824184716e-01 7.788415295929500548e-01 7.757529319380939148e-01 7.905845226232467438e-01 7.685089675529329645e-01 7.874774758417445453e-01 7.768716478972510497e-01 7.653703712206174625e-01 7.823779135390864781e-01 7.586737376980102754e-01 7.609550475835687999e-01 7.573717936417287966e-01 7.768532685907495461e-01 7.628797569419110136e-01 7.532252651036716040e-01 7.523439140785262991e-01 7.516108861608957747e-01 7.715049851544992787e-01 7.704739614215040389e-01 7.632525840459025712e-01 7.443153350595588247e-01 7.676692842147693208e-01 7.488061941276087374e-01 7.511959880134051470e-01 7.489891485449534647e-01 7.701409945448258743e-01 7.571964353931177616e-01 7.718308247192253724e-01 7.573745550135266846e-01 7.497096032437853275e-01 7.686732133042428750e-01 7.523085736580582550e-01 7.755405940907889040e-01 7.767101092569125287e-01 7.695057360955226411e-01 7.688479725286067046e-01 7.608172669007442490e-01 7.571550399654254360e-01 7.531325703134501559e-01 7.940888153257897875e-01 7.877293422416172808e-01 7.739716149544425550e-01 7.804007364981222494e-01 7.764502592233933909e-01 7.802556796043957910e-01 7.719894291172942902e-01 7.699298443317771357e-01 7.801534012704341992e-01 7.867600914121956057e-01 7.657020319378241568e-01 7.528046239438713760e-01 7.623525017698186135e-01 7.592682425901093879e-01 7.657220611956875311e-01 7.615279562507624167e-01 7.602389929380454214e-01 7.656420702458245353e-01 7.565942400963713288e-01 7.716194073556997823e-01
3.084385695906828317e-01 2.101525587198183609e-01 4.456319454622021947e-01 4.892336165750140187e-01 4.409857675971865509e-01 4.582418751395416212e-01 6.914361395810414423e-01 7.050346045250653892e-01 1.000000000000000000e+00 7.478159482571937744e-01 7.956755053818904688e-01 7.915779949280370431e-01 7.606102327029122812e-01 6.583069720094174571e-01 8.190227671270401411e-01 8.235552883910386424e-01 8.153445473060775273e-01 7.085582796171602249e-01 7.803723400510370611e-01 6.143297568672122511e-01 7.027894999907230433e-01 7.722647582385572251e-01 7.662604675617550321e-01 7.532443819432605991e-01 7.817820206571646224e-01 8.545167202491992242e-01 8.492022922408336560e-01 8.574946082315596518e-01 8.188126564637228100e-01 8.751920240863264588e-01 8.745023835909692123e-01 8.654625173565841934e-01 8.464682816516395647e-01 8.313022619621068809e-01 8.648650705927601878e-01 8.252234370248517914e-01 8.679148965621760192e-01 8.610445313137057299e-01 8.622395571438143946e-01 8.335124327247708242e-01 8.641485442202684331e-01 8.563233306903789144e-01 8.424001690145953569e-01 8.604369023767314273e-01 8.720560830813228748e-01 8.679256716886543099e-01 8.381687235044129602e-01 8.528705342082242291e-01 8.517134595054889346e-01 8.421765248268867632e-01 8.517226399053393626e-01 7.906741951229898646e-01 8.412901978029465599e-01 8.567214227973891649e-01 8.648382802470132580e-01 8.641454715451580837e-01 8.517818639406150583e-01 8.499118172530244486e-01 8.565670111538055131e-01 8.594168127248968947e-01 8.601238678299800711e-01 8.505790007926361529e-01 8.555490543491407474e-01 8.480662642386308514e-01 8.622291801456392069e-01 8.599148604474570190e-01 8.571177789318854545e-01 8.672651558204631517e-01 8.643111685276889666e-01 8.335796185257574598e-01 8.607320963509926814e-01 8.669432012785127650e-01 8.668422628481080583e-01 8.668651901315784780e-01 8.670881973165045498e-01 8.635087576913924590e-01 8.559218305982797537e-01 8.659705536253041736e-01 8.747176432319927475e-01 8.697906482894345315e-01 8.667032304704146428e-01 8.588645607192432196e-01 8.587776138440750273e-01 8.664549892880434312e-01 8.503801255570687667e-01 8.527503001960934359e-01 8.593309958727538556e-01 8.475745595921265751e-01 8.477637107512463466e-01 8.562096419832175842e-01 8.554273245736832010e-01 8.469020063128724907e-01 8.620817710896218067e-01 8.523897502401625026e-01 8.400223952676861838e-01 8.435810673014736416e-01 8.275426565509368393e-01 8.438278883256105090e-01 8.361599350090983540e-01 8.391316173742009443e-01 8.364367176232911927e-01 8.470197464486769467e-01 8.441376552578829795e-01 8.441824422650209270e-01 8.425297326802944076e-01 8.456816797036973421e-01 8.439375505022683743e-01 8.454899286965751326e-01 8.467889499521370489e-01 8.378515988141757020e-01 8.393651484439714761e-01 8.447422035328812084e-01 8.381248817364095327e-01 8.383633409329975805e-01 8.486538543733851414e-01 8.464063694113308500e-01
9.772746078557595362e-02 1.912042238738607680e-01 3.546326476902388891e-01 4.375995958775734107e-01 3.986059898912771571e-01 4.407719981861171199e-01 6.358963521154324949e-01 6.238571658694405109e-01 7.478159482571937744e-01 1.000000000000000000e+00 7.334077119857382865e-01 7.406426604195318619e-01 7.113916590194608869e-01 6.414404081789093492e-01 7.677991638598363755e-01 7.673443222399528585e-01 7.463226012286395816e-01 5.500569162579249660e-01 6.554850319686230664e-01 4.810016502394613425e-01 5.553446216926387624e-01 6.449148273927035602e-01 6.449448342914162469e-01 6.015194010529854030e-01 6.693078126579812270e-01 7.680003484561803706e-01 7.610386216710848251e-01 7.695627175994219638e-01 7.256178964129568199e-01 7.847158152431277234e-01 8.056930489657820882e-01 7.792768444082086576e-01 7.758352597802188333e-01 7.498852082160659682e-01 7.781797083371813084e-01 7.450488542847375495e-01 7.835669343702170719e-01 8.009437275641527743e-01 8.060522455682106457e-01 7.635155584741826207e-01 8.102718527627158496e-01 8.024220388365751466e-01 7.694449219380703475e-01 8.022154413908152426e-01 8.004609998140288507e-01 8.107365367311891724e-01 8.043345743620873289e-01 8.150061429093998777e-01 8.015272908075338210e-01 7.639855502777225249e-01 7.793751868713947317e-01 7.371751707155592692e-01 7.898897270212736910e-01 8.053509529152423907e-01 8.013037579538033750e-01 7.967656286764875917e-01 7.738415901835787869e-01 8.030483610225763735e-01 7.993691130635194320e-01 8.076740732496693331e-01 8.012717577407348912e-01 8.041701223062163173e-01 7.961091458271610799e-01 7.989945850379847059e-01 7.966657374540317971e-01 7.998227949730292163e-01 8.098161195882535024e-01 7.993374473647956169e-01 8.008180650215521723e-01 7.576458213122908569e-01 7.874339430220801406e-01 8.048910753916667105e-01 7.870671902655625995e-01 7.986484867688550260e-01 8.192780616719217424e-01 8.143769645028372528e-01 8.154599048976343134e-01 8.119990360260578299e-01 8.158147603366820988e-01 8.183962554588330995e-01 8.175797202407534270e-01 8.203775490975735440e-01 8.029670846649202831e-01 8.152671952406306266e-01 8.007437332639919525e-01 8.006778381790226051e-01 8.086226323901459789e-01 8.107721323267370606e-01 8.147765870232325236e-01 8.042140945806844909e-01 8.110446084563954772e-01 8.109987802931337697e-01 8.134207495851707437e-01 8.157085184356859253e-01 8.103876766954341004e-01 8.093955151967865413e-01 7.803559474010323127e-01 7.859237678391460813e-01 8.004991147365803084e-01 7.985586267661818338e-01 8.002568258815415669e-01 8.035957454533417810e-01 8.052645995831171355e-01 8.091219191612059047e-01 7.963016801442511783e-01 7.935308316266481699e-01 8.051439503373809536e-01 8.106990677193668393e-01 8.100642687647807705e-01 8.060789798782541649e-01 8.062753321088335090e-01 8.106847020228276079e-01 8.055180136610646802e-01 8.025958198272250543e-01 8.062201192916244041e-01 8.043954028285424940e-01
1.459752172095972744e-01 1.613361451042207573e-01 4.183265686235753678e-01 5.565897362712859398e-01 4.552470607784152579e-01 5.331228798155259740e-01 7.347543485104028882e-01 7.146772540846740851e-01 7.956755053818904688e-01 7.334077119857382865e-01 1.000000000000000000e+00 8.585001173919415418e-01 7.862734161008109179e-01 7.010501477960505712e-01 8.642107315238197751e-01 8.567990103448351880e-01 8.093029406954204141e-01 6.748957087405447197e-01 7.499420264755163323e-01 6.447675844379809895e-01 6.843548236244807459e-01 7.327522625797473488e-01 7.331176958666800747e-01 7.127836057166161421e-01 7.460429848509535500e-01 8.321946929601552467e-01 8.446315922393432540e-01 8.367559409961407013e-01 7.714086067451503270e-01 8.410937511418286050e-01 8.717647951156425323e-01 8.774413523739508225e-01 8.436997461216753091e-01 8.472242078005329802e-01 8.488559225781274753e-01 8.509630227737026154e-01 8.614922628159725759e-01 8.903530402764501250e-01 8.884812455222794725e-01 8.619452917363604749e-01 8.892688638918861965e-01 8.894498941249545654e-01 8.796112721199839113e-01 8.974490047515100155e-01 8.896396945862006245e-01 8.878920681239581558e-01 8.911541871113477509e-01 8.935730108118574710e-01 8.959795299950259473e-01 8.780716500489016418e-01 8.933829444436405254e-01 8.555285947185012896e-01 8.863536707499828360e-01 8.895280780797061304e-01 8.887502065848779109e-01 8.901683922106060631e-01 8.853867109759631093e-01 8.946587708710065368e-01 8.954273244730274195e-01 8.998841849009658889e-01 9.006728967281865117e-01 8.929368031659050686e-01 8.870215087522033137e-01 8.931060513782576038e-01 8.871559604086495243e-01 8.983191234435999872e-01 8.972915463527169067e-01 8.989887867435488733e-01 8.979054822838138383e-01 8.845748658175921486e-01 8.904235508669697818e-01 8.958847405821428467e-01 8.885218864782038484e-01 8.939569811051245596e-01 8.997324611980404008e-01 8.997145257939794805e-01 8.902678055178363525e-01 8.839230499343466718e-01 8.949675118078528335e-01 8.975118459329125553e-01 8.983476283146175634e-01 8.960215827597338700e-01 8.978743091139610444e-01 8.967910448438028981e-01 8.973385566692175797e-01 8.973218357147502156e-01 8.980976791104650081e-01 8.970673155170446611e-01 8.939023853801468800e-01 8.984651995987900097e-01 8.986531389241179113e-01 8.969253504422516343e-01 9.020410069151586496e-01 8.956402040500542894e-01 8.942402781506744169e-01 8.951548378902364211e-01 8.843567370769489511e-01 8.936900546097932274e-01 8.927280747338741662e-01 8.970864991570354219e-01 8.932913579335771681e-01 8.970367461625247119e-01 8.972001324858008831e-01 8.967241181625648094e-01 8.985553159452797090e-01 8.921412638688897001e-01 8.976171559942305311e-01 8.931900408002777514e-01 8.945888079311505869e-01 8.917039057683785463e-01 8.914369195013404079e-01 8.950582044061210496e-01 8.921676323145552034e-01 8.933761638427444307e-01 8.943684031519761879e-01 8.975399284234764075e-01
9.813371186633176868e-02 1.190226306191688455e-01 4.058782863314792655e-01 6.584634847629702303e-01 5.096638886248530120e-01 5.527072816614080342e-01 7.897712865460724263e-01 7.841096729903364038e-01 7.915779949280370431e-01 7.406426604195318619e-01 8.585001173919415418e-01 1.000000000000000000e+00 8.335294991868877901e-01 7.269329124893952887e-01 9.040122226478920497e-01 9.051587076722575897e-01 8.209783950960362064e-01 6.617922260769744103e-01 7.336356935180117222e-01 7.043149554047327676e-01 7.050413996922737514e-01 7.184488172889914592e-01 7.081188432733298566e-01 7.020927862125481145e-01 7.231561875135009698e-01 8.231122846930335468e-01 8.382415746260268863e-01 8.350087912668591184e-01 7.448495241267465428e-01 8.292373098295962031e-01 8.590129404616166919e-01 8.860107949298837715e-01 8.416253759700903503e-01 8.428903509758456369e-01 8.389476028417393039e-01 8.651016344242773437e-01 8.608866831673694930e-01 9.060656404336450143e-01 9.015405648598741051e-01 9.000593277608812670e-01 9.128601693332688560e-01 9.158569705256459637e-01 9.158791181885037602e-01 9.230414246556740698e-01 9.085170299360089130e-01 9.053798055848397697e-01 9.156586081634142671e-01 9.122482586214011313e-01 9.222098721506503116e-01 9.129877990851773539e-01 9.240283704718471602e-01 9.112756299325630582e-01 9.235229857172523316e-01 9.040801983469710645e-01 9.081652383021506791e-01 9.047623216792887169e-01 9.208443085727229249e-01 9.175065554495190900e-01 9.170718956968475499e-01 9.240608852270907336e-01 9.299177386823345159e-01 9.189668163764035391e-01 9.225041346434027512e-01 9.205849390921667652e-01 9.068138235830370819e-01 9.267026632900883243e-01 9.149504347623419465e-01 9.087472674592661503e-01 9.039132350667427040e-01 9.245112730675062451e-01 9.034632566322996494e-01 9.013359849124328305e-01 9.020508271441172177e-01 9.010457341286624011e-01 9.138136816218682679e-01 9.167049160090356974e-01 9.062197542498895420e-01 8.849827535110019738e-01 9.055566089621340797e-01 8.992213375519056973e-01 9.046166427574425795e-01 9.043621933733574370e-01 9.142588649970058157e-01 9.042911216243946226e-01 9.173493411466174807e-01 9.092099517257673513e-01 9.071384389216090582e-01 9.177260070758956889e-01 9.099464022372696359e-01 9.177901773880416947e-01 9.208350763665847927e-01 9.228042564204333997e-01 9.197718453753942480e-01 9.148985300986500757e-01 9.179719332450897440e-01 9.148192514795802088e-01 9.270098402318898145e-01 9.263481068602141821e-01 9.238181986441090787e-01 9.268150169067423949e-01 9.254244868841901006e-01 9.254160228369558983e-01 9.263172655094743524e-01 9.236165772039963695e-01 9.304296756815314540e-01 9.265398907420733243e-01 9.209455397045843705e-01 9.118495996945491511e-01 9.147207942203319231e-01 9.164882881111607871e-01 9.177221689866263965e-01 9.193400503938192747e-01 9.164166302042568990e-01 9.200995121359406559e-01 9.130048701479973605e-01 9.258164129573852597e-01
9.627642355923213269e-02 1.469463232892049553e-01 3.704388755593615024e-01 5.540492761170969782e-01 4.991450634259740893e-01 5.137648612969591966e-01 7.331001134827859200e-01 7.334886799650789380e-01 7.606102327029122812e-01 7.113916590194608869e-01 7.862734161008109179e-01 8.335294991868877901e-01 1.000000000000000000e+00 6.607677631130535190e-01 8.477431816680689458e-01 8.478944673155262013e-01 7.808017679595222749e-01 6.113160910413277804e-01 6.826125638490434522e-01 6.248621296271361647e-01 6.332871432834106251e-01 6.642365083352992361e-01 6.609388426652265114e-01 6.449804018052940346e-01 6.726470919083993305e-01 7.837829901411803579e-01 7.867165138191180018e-01 7.855148602087526077e-01 7.120516247793761133e-01 7.801143719982313041e-01 8.106247582497801973e-01 8.256237548721023778e-01 7.960283504188130355e-01 7.901866567828208510e-01 7.959143794242934389e-01 8.160986516704398230e-01 8.111821630595624777e-01 8.485032475780298622e-01 8.507526305527168820e-01 8.380895510829154960e-01 8.608946206912400090e-01 8.613043630115772009e-01 8.589014723415471231e-01 8.660073697148912286e-01 8.519622335640986144e-01 8.534469627634895250e-01 8.595555967218927451e-01 8.591998655234540649e-01 8.568527036125002105e-01 8.432347577558204632e-01 8.583752571261942244e-01 8.392939035043324170e-01 8.588732999288625214e-01 8.458442451397166773e-01 8.465586126422730562e-01 8.491447716115000377e-01 8.497616248506570935e-01 8.597154787713807700e-01 8.538229117815793190e-01 8.682246874523047442e-01 8.673183974696927478e-01 8.553566883148925326e-01 8.535621286024809296e-01 8.621916448747594108e-01 8.514025322395228912e-01 8.622169377664454792e-01 8.613282129021194722e-01 8.525947136186425857e-01 8.465162935720658144e-01 8.512749382258287811e-01 8.415715002912809162e-01 8.464260500477749360e-01 8.423115874903536193e-01 8.409642564803939679e-01 8.643003353927654064e-01 8.615894758051731994e-01 8.548963320238008867e-01 8.385352233672168643e-01 8.526907102059750887e-01 8.488683515074784136e-01 8.536588258532799012e-01 8.544773156796403590e-01 8.582419247838392051e-01 8.520359040916275495e-01 8.596260642621286197e-01 8.526583129245958181e-01 8.539982865720731064e-01 8.639802011754126321e-01 8.587817264598680556e-01 8.613837319153956340e-01 8.635404911838627795e-01 8.684619862100071419e-01 8.669028362069304272e-01 8.633822135766963113e-01 8.622332764555928897e-01 8.611490659461312758e-01 8.645502515234152474e-01 8.551727607520173136e-01 8.649823370627101049e-01 8.648893052553580096e-01 8.703807612325907828e-01 8.656459316651550218e-01 8.666404504602744918e-01 8.669798205286233239e-01 8.698471483066380072e-01 8.622675442903926513e-01 8.617913992542941548e-01 8.598540526519501404e-01 8.611202699146833783e-01 8.610578173462086760e-01 8.626527573456588271e-01 8.643783772538299326e-01 8.595377880393325620e-01 8.633580380257985798e-01 8.598373641364767117e-01 8.643330980800576491e-01
