1.000000000000000000e+00 2.378544621775830759e-01 2.464828927662665314e-01 1.218437804805645730e-01 3.894056914362338528e-02 1.913921710747553198e-02 1.287564450678697625e-01 5.774032311353680808e-02 1.644940092260703812e-01 1.222759294593454560e-01 1.635409116256807127e-01 2.187375515942996049e-02 1.757237091753721323e-02 -3.187294254075887651e-02 5.967574762531537014e-02 8.939373014329080047e-02 1.874431948489413136e-01 4.033272527942907137e-01 3.262991559025293919e-01 2.937094009721832877e-01 3.799759934807687700e-01 3.830774781489664771e-01 3.330272653237630331e-01 3.181130300309867320e-01 3.141601732191285357e-01 3.095008433841097695e-01 3.168738014901208433e-01 2.910211494430181567e-01 2.808518631262343357e-01 2.775398871981874516e-01 2.476773141179207938e-01 2.585879512257522883e-01 2.482492993616258470e-01 2.085730179666795137e-01 2.511749291118797744e-01 1.964353204901504724e-01 1.811331646807551043e-01 1.833059307149153550e-01 1.430924995242579822e-01 1.657242783585537726e-01 1.127655446824589736e-01 1.306771895266488626e-01 1.182430867444064088e-01 1.363572583059637910e-01 1.864358756328279021e-01 1.069155166331140494e-01 2.579857951703832739e-02 6.569825087619189652e-02 5.795229135838957796e-02 9.133610164312676305e-02 1.134034757735310484e-01 6.206758699321410222e-02 8.889829546095677493e-02 1.362107369844060556e-01 1.499399464231901125e-01 1.548786680735575461e-01 1.290472119705034781e-01 8.046469388594881811e-02 9.330935012588575939e-02 8.856828184236582857e-02 5.619714730753454235e-02 6.905045826108764662e-02 6.844491443072381331e-02 7.885105506207840120e-02 1.663624694885647015e-01 1.236242540100541548e-01 5.547424275922640396e-02 1.511702454915518912e-01 1.502328545892074041e-01 1.761921386698858949e-01 1.499283256921815077e-01 1.222424508768872181e-01 1.489576838493179289e-01 1.457273755018345385e-01 1.075265746762215091e-01 1.011675857802589590e-01 8.975652242372808565e-02 1.393359439959530044e-01 1.258111535455781471e-01 1.243735370335153773e-01 1.199189073894876972e-01 9.431493977212276891e-02 1.277854326977080901e-01 1.075782048527168938e-01 6.083333957113111479e-02 8.469761657766988749e-02 9.370622811587721313e-02 6.085610201049714701e-02 5.592634679660133529e-02 1.115046762880042286e-01 5.446675392162042550e-02 4.527922760484818371e-02 8.227022947724653423e-02 5.939078746002076498e-02 1.964837492600978938e-02 2.623500568583597356e-02 1.284299943378767149e-02 6.907016941468768767e-02 3.243380207182886693e-02 4.309247051353080199e-02 2.850750713438013340e-02 5.311199682906682373e-02 4.091166042843154271e-02 2.755114076993300104e-02 5.737296287693385149e-02 6.597910894498618117e-02 3.563284525563075594e-02 6.290031353818191506e-02 8.227203542707996198e-02 4.425748196519221217e-02 5.000394696613596340e-02 4.350565559774626639e-02 3.460840076189238695e-02 2.862092218659866016e-02 9.844153300775287940e-02 6.810488656990282275e-02
2.378544621775830759e-01 1.000000000000000000e+00 2.182376358635854663e-01 1.113817046195029054e-01 8.443315944786201899e-02 9.026332581181406578e-02 1.479616036011437985e-01 9.900781801997619869e-02 1.987514807401743189e-01 2.147482239794117898e-01 1.979501456798240244e-01 1.025309328143556575e-01 9.347464337399069567e-02 7.336243729456477791e-02 1.449745592038890474e-01 1.421378284032936701e-01 2.324925405856720362e-01 3.118207755645600043e-01 2.923334560064985710e-01 2.143108485255870999e-01 2.708316867797846972e-01 3.144407410724013863e-01 3.186336410750579828e-01 2.937496753999814247e-01 3.210926899222071862e-01 2.743775807662505173e-01 2.737126188216713052e-01 2.851049478114270341e-01 3.137991018062198378e-01 3.202392908294642848e-01 2.997937823233442489e-01 2.802716650646119856e-01 2.606277014595571040e-01 2.713889792573491722e-01 2.811301035170064022e-01 2.464262893878249872e-01 2.412102602649226490e-01 2.304982498830013271e-01 2.242741674372842609e-01 1.939904691557383098e-01 1.860336755093299488e-01 1.838236692318938881e-01 1.878960058271458011e-01 2.056160225526951491e-01 2.364072749765519510e-01 2.004502318182127263e-01 1.502956365607284184e-01 1.698497807082052224e-01 1.565273405822371899e-01 1.683479059090203789e-01 1.921530818631064230e-01 1.541431270241320206e-01 1.689427124081024356e-01 2.075103997135163969e-01 2.167648225360871983e-01 2.119940549083663417e-01 1.952843038660312114e-01 1.719723593716057375e-01 1.814364512669151552e-01 1.743150237444774653e-01 1.635704305333957609e-01 1.706871576869319618e-01 1.704944456760474625e-01 1.702581792715487097e-01 2.110337728021044745e-01 1.957696147957503352e-01 1.664177784743837429e-01 2.177080774653802897e-01 2.342939814657627184e-01 2.098816816934062357e-01 2.173156901928174345e-01 2.017738596582858146e-01 2.228213400213920337e-01 2.220476928899664804e-01 1.962124078548962147e-01 1.955775305463476055e-01 1.942750289811230047e-01 2.316118960478881217e-01 2.177069299591215257e-01 2.286254942466789397e-01 2.150252732498314223e-01 2.015293808134788478e-01 2.107344959271761353e-01 2.078410957205323872e-01 1.662136520694946773e-01 1.929228887615534183e-01 1.895592806923534768e-01 1.685938266135383334e-01 1.714250381030580639e-01 2.056018728103589932e-01 1.660586948134167296e-01 1.592482979135984578e-01 1.823319492444686052e-01 1.674023267002098525e-01 1.437740967983357765e-01 1.496450839394282972e-01 1.181687874962175644e-01 1.643018256603029081e-01 1.487114798910511293e-01 1.522982251291934708e-01 1.418640751787809962e-01 1.671152949938559951e-01 1.609709980839386378e-01 1.432998054461460113e-01 1.681744810060850082e-01 1.676088390614621781e-01 1.517815748502188145e-01 1.735469205971447992e-01 1.828963541488143885e-01 1.575677846035386798e-01 1.605818812285556285e-01 1.537401402380503268e-01 1.505032507478654968e-01 1.464027702630666394e-01 1.872539125811706062e-01 1.684875917501788001e-01
2.464828927662665314e-01 2.182376358635854663e-01 1.000000000000000000e+00 4.056514204582338801e-01 1.929141185501509759e-01 1.796079864050605379e-01 3.190685245687477356e-01 2.939440274092713357e-01 2.725017902123911262e-01 2.730538351649950402e-01 3.625175002586280559e-01 3.089062378355024729e-01 2.335774246415562583e-01 1.699783132117460849e-01 3.200833781618163676e-01 2.979675129227005725e-01 3.641378647996394435e-01 4.738329547214883419e-01 4.358407840244286624e-01 4.596686226624604465e-01 4.617501332100942824e-01 4.738771795403827758e-01 4.146238879441673242e-01 4.174299958863164073e-01 4.327137514318949996e-01 4.245862491381103832e-01 4.472008609890850139e-01 4.189651240265771515e-01 3.859342358197913048e-01 4.096567161281675640e-01 4.206699823158187579e-01 4.166977813687741117e-01 3.885830151337449911e-01 4.023760992166190986e-01 4.106812477703183917e-01 4.101824497297411054e-01 3.807916999610321818e-01 3.594125195912043491e-01 3.518800288988783165e-01 3.805593410987901937e-01 3.350101136829031212e-01 3.509953552133272536e-01 3.536424391454278671e-01 3.718022895513959369e-01 3.989682372116276632e-01 3.283055048319147851e-01 2.905298457865360673e-01 3.014405623137488832e-01 3.005334120227169947e-01 3.402102679271268859e-01 3.429300741737882907e-01 3.425626365565017095e-01 3.548999488017058890e-01 3.349659115314523872e-01 3.507937995570154510e-01 3.489790888996818219e-01 3.395964293185658178e-01 3.119632811025188079e-01 3.160471231426917327e-01 3.235102257082488331e-01 3.196218557368079582e-01 2.981624479722095877e-01 3.043278903101661603e-01 3.118741296688022913e-01 3.730327501444111737e-01 3.557854475496735058e-01 3.048762599172011867e-01 3.669508676426214144e-01 3.684509255859895749e-01 4.152386490817381870e-01 3.824663773902047259e-01 3.521141413781889717e-01 3.709480038990488615e-01 3.682303558870283489e-01 3.435978995304763139e-01 3.477079530692639975e-01 3.347437250852693391e-01 3.516792443081003805e-01 3.454907506547873486e-01 3.386724809751687770e-01 3.640388081281127897e-01 3.327024235457112789e-01 3.550034441288238973e-01 3.375415211952707550e-01 3.158147042305771146e-01 3.298112762606185133e-01 3.475050794435216583e-01 3.106095115003256746e-01 3.040314428180478923e-01 3.448878351948486132e-01 3.244176236856824991e-01 3.050053617024841568e-01 3.306903467789610862e-01 3.096148032877506506e-01 2.828733065620869236e-01 2.819693889186346558e-01 2.832486497547560544e-01 3.100891945049250586e-01 2.963528120256711529e-01 3.038474028132306382e-01 2.963737672720006544e-01 3.052903369370177367e-01 3.166375812949830393e-01 2.978103304119391614e-01 3.239958647715783235e-01 3.060898037083179535e-01 2.943221623909295093e-01 3.054306410598152111e-01 3.209238127898371151e-01 2.968646201820628883e-01 2.993360254618334104e-01 2.956581015674370483e-01 2.797874176644012945e-01 2.853643362608520029e-01 3.398107970046773674e-01 3.123659148343975178e-01
1.218437804805645730e-01 1.113817046195029054e-01 4.056514204582338801e-01 1.000000000000000000e+00 2.802561582189451728e-01 3.018770792958150317e-01 5.012876203987725043e-01 4.836774199293465415e-01 3.441212170929874858e-01 3.598442885037998473e-01 4.967596039013619236e-01 5.499795929154391860e-01 3.941551190871827592e-01 3.359440850926979083e-01 4.983960682059461744e-01 4.942858843224208210e-01 4.523991783846803560e-01 4.466694895024031497e-01 4.090646311820046455e-01 5.781349609612289608e-01 4.966315872390131281e-01 4.885137790536177027e-01 3.960205695920214763e-01 3.896560002990515637e-01 4.013251173150153561e-01 4.784863100250256740e-01 4.999955785608064529e-01 4.583819835774638474e-01 3.689251855257318913e-01 4.208813469065687540e-01 4.661506768970919978e-01 4.766610614611095365e-01 4.392978332700081534e-01 4.571135142127183415e-01 4.472694128438540195e-01 5.121634614534398278e-01 4.574431522982200238e-01 4.542040666655443037e-01 4.509425036006983745e-01 5.287334358695765513e-01 4.899142917850863310e-01 5.027822222769301463e-01 5.096787264836849518e-01 5.216715972733843021e-01 5.116938393461685219e-01 4.425058969769288253e-01 4.630041518689217983e-01 4.595943067627960565e-01 4.690825285685804591e-01 5.138801787083746575e-01 4.838704019519152744e-01 5.454672679456288309e-01 5.364563087635201288e-01 4.621945346286863709e-01 4.726640527756835186e-01 4.587981152054365630e-01 4.798463067531799076e-01 4.617979063376785320e-01 4.584931585037924640e-01 4.835306410463547366e-01 4.916602958483728414e-01 4.514751424553992698e-01 4.663396526759663874e-01 4.682700748864822571e-01 4.956516720520385277e-01 5.001686141236998395e-01 4.635593031730201319e-01 4.783577486340692686e-01 4.724192821305644441e-01 5.676906927697407124e-01 5.101919259094321868e-01 4.748146253526625005e-01 4.726610570388394827e-01 4.679469603587240178e-01 4.860656999695957547e-01 4.875176037622577785e-01 4.737845965323189690e-01 4.471078910769421544e-01 4.597724595288604776e-01 4.354208209044592159e-01 4.708701476881031467e-01 4.570882717084969182e-01 4.821877071442606799e-01 4.504295207882956231e-01 4.774408605965113628e-01 4.635387333144912470e-01 4.722638149844604616e-01 4.717497544962414024e-01 4.538951113113544600e-01 4.805968196287344063e-01 4.957165590632954255e-01 4.747672066207031527e-01 4.812372314461568212e-01 4.715588522835410523e-01 4.566229124995503930e-01 4.478543396247142150e-01 4.837469167930982250e-01 4.730104646915236355e-01 4.663442525379505876e-01 4.709707148442688340e-01 4.756186277507540305e-01 4.651004975699200017e-01 4.926200858591636700e-01 4.764648946602627055e-01 4.917557730781773606e-01 4.623020321394209486e-01 4.665024824755480415e-01 4.531962113121764668e-01 4.690228356118912312e-01 4.616067990835628354e-01 4.629265714705458890e-01 4.608509611137249773e-01 4.463229775301817970e-01 4.555739532127538460e-01 4.857564292353936386e-01 4.733312678150718433e-01
3.894056914362338528e-02 8.443315944786201899e-02 1.929141185501509759e-01 2.802561582189451728e-01 1.000000000000000000e+00 2.212404406058184336e-01 3.902418172944958075e-01 3.872992619836765349e-01 2.966371326343383852e-01 3.540186853748326645e-01 3.828220244697562724e-01 4.393916720971927647e-01 3.938945102596596026e-01 3.521419561301708523e-01 4.473981871411400468e-01 4.427421792001776102e-01 3.930516179124519671e-01 2.997977626563134712e-01 3.380714555465851867e-01 2.957169873060467857e-01 3.368756394055151260e-01 3.662225546672655541e-01 3.464648082021835607e-01 3.183697937146677259e-01 3.428004777158885630e-01 3.989107968512101143e-01 4.014215383219580935e-01 3.859384754995475175e-01 3.556148350043417672e-01 3.769448752794457014e-01 4.119725062514255631e-01 4.060696804371510815e-01 3.876204483758371455e-01 4.025333953048675362e-01 3.916138976435130092e-01 4.293205458239743311e-01 4.299868687156768732e-01 4.160601588902339554e-01 4.296510606639000751e-01 4.194427182504073537e-01 4.402047161065982261e-01 4.381750559807474632e-01 4.420097137889381633e-01 4.458820130824699413e-01 4.373667358995868004e-01 4.229351996625376753e-01 4.409661157776658125e-01 4.403842805456268383e-01 4.478998557982080686e-01 4.464155054902884112e-01 4.460523080354636960e-01 4.379956706561296542e-01 4.453350828931548211e-01 4.393157782581973980e-01 4.293992296384876450e-01 4.373026291447658642e-01 4.392242792547991215e-01 4.400012512295086720e-01 4.319216801399639594e-01 4.494653462853865356e-01 4.525412264583733024e-01 4.366930983331351879e-01 4.347699507944040032e-01 4.486432186197876759e-01 4.500172981170380004e-01 4.518537065467923552e-01 4.455769299112605220e-01 4.398859633721987628e-01 4.324402396090009648e-01 4.401599171892434104e-01 4.498338957399062865e-01 4.441272266360096199e-01 4.263441290225180591e-01 4.363856879602278083e-01 4.477519652864170308e-01 4.483432813230318059e-01 4.384237735860210816e-01 4.376009678425066274e-01 4.366397205715443208e-01 4.366501446184156143e-01 4.437733720857753306e-01 4.488751695346171466e-01 4.447604298633753284e-01 4.334202598541699869e-01 4.421490577475265527e-01 4.377792075802359739e-01 4.507080235865034146e-01 4.421323880734802092e-01 4.428034870346470031e-01 4.421028362908641096e-01 4.430874636257335353e-01 4.476110913685212300e-01 4.458910958697732130e-01 4.463997785351936365e-01 4.437922860307018103e-01 4.431673406408961347e-01 4.401336584154530995e-01 4.462668983015699586e-01 4.449104575032513664e-01 4.445091789225502077e-01 4.431666417141971737e-01 4.443355156185332944e-01 4.446056696898341709e-01 4.461809769559733074e-01 4.483530280321834649e-01 4.411684743195912195e-01 4.471021447724118358e-01 4.444980504546468536e-01 4.449649179944472621e-01 4.426910027984445883e-01 4.415810682174504676e-01 4.457673821913386569e-01 4.407559646549437105e-01 4.454794269127588247e-01 4.505168518206674744e-01 4.479424596278117621e-01
1.913921710747553198e-02 9.026332581181406578e-02 1.796079864050605379e-01 3.018770792958150317e-01 2.212404406058184336e-01 1.000000000000000000e+00 4.525003074772444567e-01 4.389797742994826502e-01 3.441395772676097420e-01 4.203537841751084914e-01 4.570829944575187653e-01 5.126733824155631503e-01 4.397973441157352892e-01 4.171083504204662340e-01 5.152183961625866893e-01 4.930751677725836446e-01 4.518144627901023447e-01 3.124665917705129470e-01 3.901790026272106138e-01 3.238686570097000783e-01 3.527339245542731039e-01 3.869234855396350148e-01 3.737838532373012335e-01 3.542834798624764359e-01 3.824449640612511692e-01 4.519277904134864077e-01 4.434643430822932109e-01 4.434739019070003119e-01 4.061469756043274981e-01 4.465020949563241470e-01 4.788043736062905786e-01 4.765398525294990972e-01 4.543215303212781442e-01 4.813403231660929871e-01 4.652579409271205835e-01 5.044318619825023386e-01 4.972772277268187047e-01 4.950288257870263942e-01 5.120222161283396467e-01 4.986490769549868363e-01 5.218769069510778014e-01 5.248752155802213215e-01 5.243752119337181661e-01 5.306858163881874590e-01 5.120236330998604313e-01 5.144536121546352536e-01 5.451703285536958488e-01 5.329437980634794680e-01 5.408635953425039444e-01 5.338672627069789289e-01 5.339540197266079424e-01 5.286355543815033364e-01 5.264622813227259890e-01 5.213486284359774015e-01 5.175526335010267598e-01 5.120748504704568660e-01 5.298928068016425241e-01 5.280032860438891307e-01 5.303672089335059736e-01 5.377866057912876752e-01 5.470555494368982696e-01 5.315775504387351136e-01 5.334828456528379892e-01 5.338054768507992653e-01 5.208631004597612524e-01 5.358627707118177597e-01 5.376545999652794228e-01 5.181107801045057304e-01 5.226160474368849451e-01 5.113057505304995365e-01 5.242837596518146182e-01 5.263082399287952740e-01 5.055968716948245900e-01 5.107379120738464451e-01 5.341548449954053313e-01 5.327403630694871328e-01 5.294742091542717910e-01 5.161373113225213860e-01 5.228858357662021783e-01 5.197868896528829996e-01 5.254280435256741821e-01 5.331383115368144576e-01 5.337958838790546334e-01 5.221582072957043907e-01 5.363942489356264831e-01 5.293635386378117147e-01 5.346696275971375423e-01 5.367056155565826936e-01 5.337680121488599383e-01 5.357573484067673641e-01 5.403358744027924043e-01 5.401549446450739644e-01 5.370653035957156929e-01 5.399552257915648523e-01 5.424120289011875595e-01 5.381606938492854431e-01 5.375597974047753302e-01 5.371920111347296967e-01 5.408623515616802768e-01 5.399360872105891662e-01 5.398369386182684249e-01 5.388253499454200846e-01 5.431996700007227785e-01 5.439040922387708976e-01 5.418929424748221146e-01 5.358130405446003275e-01 5.416975887129434897e-01 5.372706660142646529e-01 5.369877547015566854e-01 5.408626657762701795e-01 5.392417276432250883e-01 5.399305402043932389e-01 5.364350020152454102e-01 5.377988386817115218e-01 5.352473358843417017e-01 5.380620182090735115e-01
1.287564450678697625e-01 1.479616036011437985e-01 3.190685245687477356e-01 5.012876203987725043e-01 3.902418172944958075e-01 4.525003074772444567e-01 1.000000000000000000e+00 6.500776878469658460e-01 5.328501543123382866e-01 6.087464468767493919e-01 6.741290973312019652e-01 7.270377417052785729e-01 6.412706359217256180e-01 5.708389630576864437e-01 7.880969041978144185e-01 7.530851240230724830e-01 6.812217062251405553e-01 5.612393778913035147e-01 6.162163342113672337e-01 5.670698571719220427e-01 5.816959836399033801e-01 6.288472175835283506e-01 6.230264549262376494e-01 5.976454073109371823e-01 6.124935556034105666e-01 7.154174716587434757e-01 7.016399230941086085e-01 6.977654406939380882e-01 6.359496033443167162e-01 6.810763274301447900e-01 7.238749845799038463e-01 7.263434794675727169e-01 6.930353972559071263e-01 7.147631300747145922e-01 7.020053173398171920e-01 7.413788640966605392e-01 7.313758661685526574e-01 7.328526784524869164e-01 7.399531617049253107e-01 7.564329747775127011e-01 7.670514590265441468e-01 7.689239635393344541e-01 7.734252061880895202e-01 7.730100670912946059e-01 7.549622474921889870e-01 7.444178250170235822e-01 7.504638974344249869e-01 7.516772266868919639e-01 7.448686693379961143e-01 7.443460087003792580e-01 7.528002372792621522e-01 7.420500881852201136e-01 7.536893098010692960e-01 7.515494591194518126e-01 7.448131980537981978e-01 7.586023212668661087e-01 7.441728257774620214e-01 7.499291110382354519e-01 7.458034101393051785e-01 7.611529572903406038e-01 7.595490634715850176e-01 7.461348756387642389e-01 7.459421460299806572e-01 7.486303914484678801e-01 7.566379917851410175e-01 7.576523233468204221e-01 7.550864452131600402e-01 7.595790234990512646e-01 7.596289830684909150e-01 7.707803715455310289e-01 7.646965451183486140e-01 7.599803593601048846e-01 7.491608430318271727e-01 7.538547681444192072e-01 7.687346207455745262e-01 7.649403019458813624e-01 7.611252201214703250e-01 7.455661466444182262e-01 7.546103667690257089e-01 7.446373285697246436e-01 7.592695984181977442e-01 7.559203828619197596e-01 7.687360603477215726e-01 7.461546855017716640e-01 7.581211942044747687e-01 7.549498671109565739e-01 7.620049584145177635e-01 7.630990932368922897e-01 7.557047432344444760e-01 7.694307042958986598e-01 7.691513659325860397e-01 7.620172661855144636e-01 7.672833642275966870e-01 7.644330132270270584e-01 7.487061609044085575e-01 7.476918085694723715e-01 7.468987364020871489e-01 7.396990141378982919e-01 7.492509442150447896e-01 7.541336442576274113e-01 7.597252463375697706e-01 7.502479531180338279e-01 7.588831597809428953e-01 7.575822865400185790e-01 7.586332723479417561e-01 7.451142706207264377e-01 7.524430675719705475e-01 7.521303722395396019e-01 7.600039163709616519e-01 7.511084142778258199e-01 7.540921091292690503e-01 7.529540531425107375e-01 7.477140032363889244e-01 7.471468218503583003e-01 7.638376142709576433e-01 7.535595510948087661e-01
5.774032311353680808e-02 9.900781801997619869e-02 2.939440274092713357e-01 4.836774199293465415e-01 3.872992619836765349e-01 4.389797742994826502e-01 6.500776878469658460e-01 1.000000000000000000e+00 5.124320814463856344e-01 5.722975357773494309e-01 6.248657101224283084e-01 7.190647249046354661e-01 6.290440547153642870e-01 5.757852084016313876e-01 7.368201511340063403e-01 7.125896197967064305e-01 6.393754817540820978e-01 4.526238729534439176e-01 5.226571109092184031e-01 4.968159144891665102e-01 5.074960970964170759e-01 5.350349716289853896e-01 4.993782412518796288e-01 4.872763880431747463e-01 5.121330923119749023e-01 6.276205137272949930e-01 6.087376462491064233e-01 6.016809155675902909e-01 5.450907963695686975e-01 5.950096273663033619e-01 6.462027738257819509e-01 6.552897099151263616e-01 6.100742523395707995e-01 6.563846599078280164e-01 6.246929094715520936e-01 6.920274839725657490e-01 6.656809553722790040e-01 6.748511540957157218e-01 6.937934695068265212e-01 6.894935769444555662e-01 7.172127625136095475e-01 7.132441958859181419e-01 7.235761859776591587e-01 7.254030160494260304e-01 6.984402352949724557e-01 6.990023455603913138e-01 7.307416720469260829e-01 7.270095980422186521e-01 7.315392865909590148e-01 7.274593559405435617e-01 7.242263822230314840e-01 7.243280681148663858e-01 7.253682904065832382e-01 7.159315576417022431e-01 7.060579170071945576e-01 7.021053906350313012e-01 7.230471366973032499e-01 7.185159194580660325e-01 7.187878054224082769e-01 7.329286519001660949e-01 7.411763710994913046e-01 7.238242337965004047e-01 7.272349316062416413e-01 7.322121435253144961e-01 7.178691226549602789e-01 7.329909557903813155e-01 7.288115630972545889e-01 7.097787180850941846e-01 7.050331019639146657e-01 7.199976881622266456e-01 7.166268012488152817e-01 7.147607997865065288e-01 6.902196745983959492e-01 6.920934322934954031e-01 7.269282586510450450e-01 7.243041333456605724e-01 7.166649158336914072e-01 6.939782763876438665e-01 7.039863802438731666e-01 6.973531839647580943e-01 7.109545657628724147e-01 7.177994829488340001e-01 7.207136593596317198e-01 7.035187875066412078e-01 7.251053923491300734e-01 7.180425320015825230e-01 7.231410528608589461e-01 7.258979873744526579e-01 7.228078697893770554e-01 7.230905865270704780e-01 7.290370173688569544e-01 7.343385560147006608e-01 7.263789986564589407e-01 7.278793153583124065e-01 7.316723340713096047e-01 7.283174401660800212e-01 7.278957634618927752e-01 7.257438326182723554e-01 7.313294182544743949e-01 7.298226089666035588e-01 7.326999119845828412e-01 7.285756057589696244e-01 7.342978908365452861e-01 7.343152652631479427e-01 7.369665477090999728e-01 7.279515640367834051e-01 7.350642144318486615e-01 7.249635341766005325e-01 7.295742355613632490e-01 7.316426733627765522e-01 7.282521226063690678e-01 7.315547397477066838e-01 7.273454912596363231e-01 7.289859910569314039e-01 7.300953618873853301e-01 7.312317708078072132e-01
1.644940092260703812e-01 1.987514807401743189e-01 2.725017902123911262e-01 3.441212170929874858e-01 2.966371326343383852e-01 3.441395772676097420e-01 5.328501543123382866e-01 5.124320814463856344e-01 1.000000000000000000e+00 5.456539759940417511e-01 6.005347056528290706e-01 5.797061556378892977e-01 5.443107265707233244e-01 4.955089381584926733e-01 6.330372504209683671e-01 6.296937258121617642e-01 6.321267794407948726e-01 5.043391836781044857e-01 5.472301628641904614e-01 4.669936414233833433e-01 5.113583737215241509e-01 5.617978062442265941e-01 5.625338654769834745e-01 5.345022894703723715e-01 5.531409212028112199e-01 6.386292508893465225e-01 6.233810086075528556e-01 6.289013746437515096e-01 5.962400448865893265e-01 6.349652143970873075e-01 6.530156159146837114e-01 6.605425087053237165e-01 6.246923154701476966e-01 6.487316147460736593e-01 6.443810978513414556e-01 6.413233628144719978e-01 6.582070104192547788e-01 6.574036023032200360e-01 6.651739608344068300e-01 6.212886434193445329e-01 6.588984778517048557e-01 6.594727723616341519e-01 6.492036890822774353e-01 6.673623069490267623e-01 6.681156998085721055e-01 6.578380030947569290e-01 6.562348501393335809e-01 6.674734391203551720e-01 6.628352503985006638e-01 6.476155148201069300e-01 6.687157806209413913e-01 6.344154217145839825e-01 6.456308597862762122e-01 6.747940933618630233e-01 6.629350809184750837e-01 6.684648569869804380e-01 6.666103529754265899e-01 6.653811217308187587e-01 6.669814441783666892e-01 6.743609790528486414e-01 6.615564019128247208e-01 6.662370146479690280e-01 6.551104817250834600e-01 6.702247134368224390e-01 6.817953277602489814e-01 6.774835610851006606e-01 6.639458097602284337e-01 6.723313846260854376e-01 6.775745967568638228e-01 6.642561450093551478e-01 6.632588088352879829e-01 6.668950948303897786e-01 6.631768084699571908e-01 6.590892129037131397e-01 6.759904547987388712e-01 6.701335923881795997e-01 6.648407968372740395e-01 6.696760015669205313e-01 6.648542432028857752e-01 6.720126650639031141e-01 6.706197804265825457e-01 6.722010998867948839e-01 6.748840196794527735e-01 6.692892792408794422e-01 6.564624345913898651e-01 6.654067998398224271e-01 6.676125726121534543e-01 6.623694655892159444e-01 6.620061899959895912e-01 6.715090295493696404e-01 6.536002921650075903e-01 6.602825931746310051e-01 6.670499729239403042e-01 6.624862213803787148e-01 6.553384205192859246e-01 6.577404885237647658e-01 6.279376155963443118e-01 6.582068252475721248e-01 6.546117691557531426e-01 6.575697587921146559e-01 6.501545428834976104e-01 6.637739767041211936e-01 6.604509677932354217e-01 6.550423465442397619e-01 6.627553359152474899e-01 6.611690679578966501e-01 6.589319148418490979e-01 6.673655495914142532e-01 6.678136701349834947e-01 6.626043816824785937e-01 6.615857584929520918e-01 6.638488384236738149e-01 6.599464611464052055e-01 6.569139200208674589e-01 6.742814937183373436e-01 6.718109654024120303e-01
1.222759294593454560e-01 2.147482239794117898e-01 2.730538351649950402e-01 3.598442885037998473e-01 3.540186853748326645e-01 4.203537841751084914e-01 6.087464468767493919e-01 5.722975357773494309e-01 5.456539759940417511e-01 1.000000000000000000e+00 6.731525699513173366e-01 6.653690974786894419e-01 6.220926726736079049e-01 5.894888381422642709e-01 7.322273719540580705e-01 7.078144560254963080e-01 6.939017671763910711e-01 5.446157043388117902e-01 6.401382086681325356e-01 4.617277416765745990e-01 5.452648867528351317e-01 6.180982877276455234e-01 6.538561501099341422e-01 6.196559653096577192e-01 6.511045194939206748e-01 7.252700674274047410e-01 7.002553171845794511e-01 7.262008767630736550e-01 7.067032565695682278e-01 7.446727403232398235e-01 7.633541787644901877e-01 7.544880672549766354e-01 7.328941561774771074e-01 7.604997379679895309e-01 7.558275579716184911e-01 7.440182211845767224e-01 7.677680564729454371e-01 7.713752732852177108e-01 7.864643535543333064e-01 7.294147205723923166e-01 7.719477252278612589e-01 7.664849201234787968e-01 7.643685003737648032e-01 7.775900928234488196e-01 7.739477664358981324e-01 7.815001471926072973e-01 7.745045397920659047e-01 7.828182402625395442e-01 7.718151996710225227e-01 7.478230357102580994e-01 7.762340118907777864e-01 7.199308547955692861e-01 7.461603688756357489e-01 7.821705114016240801e-01 7.732951904726765857e-01 7.752843435520138105e-01 7.674621778523105231e-01 7.765741785773430106e-01 7.778737923754461825e-01 7.813117134496563310e-01 7.735878964768426735e-01 7.768922023513765707e-01 7.687004668523930162e-01 7.775527752700637230e-01 7.711912859616065763e-01 7.744579744169033386e-01 7.788860493447989919e-01 7.842618428490664151e-01 7.894775125574837737e-01 7.497367519686866100e-01 7.703298465491792424e-01 7.812073945829610677e-01 7.718242667863671747e-01 7.755177541457957124e-01 7.884131823218245572e-01 7.847661097997472579e-01 7.874998019813918004e-01 7.889893697636373160e-01 7.902895112306780323e-01 7.938554041719924070e-01 7.906884404958601786e-01 7.930619153104593311e-01 7.853877494804364368e-01 7.892754708527309759e-01 7.722848566700696304e-01 7.825220654219795513e-01 7.853372793628801141e-01 7.809450984025910758e-01 7.843682703368046738e-01 7.835857398388959005e-01 7.723675344646763197e-01 7.783841013017530619e-01 7.856383323201866498e-01 7.815397215918472584e-01 7.721883238652516024e-01 7.751272913033973033e-01 7.391625843343024860e-01 7.567408035553832013e-01 7.690153832562007796e-01 7.721432403103591913e-01 7.655661872805337165e-01 7.760386948913697847e-01 7.705697484940836617e-01 7.679125570126713596e-01 7.718791739583570344e-01 7.672081002608759359e-01 7.705162989247972272e-01 7.846186050005111712e-01 7.814685863002178712e-01 7.757193796557628751e-01 7.769739782460520772e-01 7.755040128373998920e-01 7.737880175358644586e-01 7.713811679366606722e-01 7.818349443184169356e-01 7.765720475583605120e-01
1.635409116256807127e-01 1.979501456798240244e-01 3.625175002586280559e-01 4.967596039013619236e-01 3.828220244697562724e-01 4.570829944575187653e-01 6.741290973312019652e-01 6.248657101224283084e-01 6.005347056528290706e-01 6.731525699513173366e-01 1.000000000000000000e+00 7.791319410386435829e-01 6.699268206430160078e-01 6.280217508635139723e-01 8.024715085875820941e-01 7.929341569079734198e-01 7.660255098121049322e-01 6.447146281435057746e-01 7.195429164450095616e-01 5.971830985082664522e-01 6.838058598674668920e-01 7.412349320851095991e-01 7.097803474567050408e-01 6.816697269790725766e-01 7.183978761343893238e-01 8.137478315005539642e-01 8.052834041848535573e-01 8.135690636074277560e-01 7.553813596777945172e-01 7.866642915791655088e-01 8.245566608161678523e-01 8.292375123997212105e-01 8.156400473647132943e-01 8.175388733791592033e-01 8.189984435478457891e-01 8.222169664083034402e-01 8.359653157197921569e-01 8.418941062127239805e-01 8.393810933605311275e-01 8.355831701361430275e-01 8.440510558495399884e-01 8.526201515912804618e-01 8.470970389457730398e-01 8.596968854096230794e-01 8.547260685274362668e-01 8.385775173923020187e-01 8.243794709806165910e-01 8.343695752850492919e-01 8.340062692741490036e-01 8.383723435589461870e-01 8.438300254091702923e-01 8.159392916463434897e-01 8.329527964333176548e-01 8.427612353969959891e-01 8.439789360342380142e-01 8.456284733560697209e-01 8.375474253784576106e-01 8.361877257193317536e-01 8.407375984977568661e-01 8.393114600589459684e-01 8.364240834361034160e-01 8.285676591316716300e-01 8.296698868542727867e-01 8.305103640267573750e-01 8.430139351828979111e-01 8.392721192193693946e-01 8.316065285908995630e-01 8.487095216256120844e-01 8.475365131881802405e-01 8.444020342971246817e-01 8.558224534630776148e-01 8.500307267820266244e-01 8.299178556626772840e-01 8.393828887942160755e-01 8.531544262972673431e-01 8.512088913579706206e-01 8.487353120570446663e-01 8.437558038641129743e-01 8.490194560084426412e-01 8.391123020161811441e-01 8.500844943930884190e-01 8.458011883592417846e-01 8.470615948371570392e-01 8.461697004758315099e-01 8.392563917711327592e-01 8.407268081408685312e-01 8.473612248094273269e-01 8.405787784815010877e-01 8.353122428288003443e-01 8.497195603759698512e-01 8.426315246525494240e-01 8.372439333448379317e-01 8.474847261150432187e-01 8.427592680434548011e-01 8.230024417176349250e-01 8.260694116795035402e-01 8.123892579972069594e-01 8.260946490309003520e-01 8.280513881690746425e-01 8.353768511382052564e-01 8.317531462601456260e-01 8.319978618675852866e-01 8.329331049961148370e-01 8.297704774089430524e-01 8.386623253561978908e-01 8.257634260666589787e-01 8.280786299206193135e-01 8.366171635910537585e-01 8.452355524864456626e-01 8.317062936267468620e-01 8.356843317203519472e-01 8.294761512749990739e-01 8.245214651821214380e-01 8.223382797049099135e-01 8.464612883436665181e-01 8.335990604748027000e-01
2.187375515942996049e-02 1.025309328143556575e-01 3.089062378355024729e-01 5.499795929154391860e-01 4.393916720971927647e-01 5.126733824155631503e-01 7.270377417052785729e-01 7.190647249046354661e-01 5.797061556378892977e-01 6.653690974786894419e-01 7.791319410386435829e-01 1.000000000000000000e+00 7.435040297779126339e-01 7.021800606818217050e-01 8.632446900510908350e-01 8.506040025068143384e-01 7.434100823633057464e-01 5.104331533833722512e-01 6.062084759160004666e-01 5.597927113590258630e-01 5.864673852513974106e-01 6.319413971391234508e-01 5.910743864581832208e-01 5.687445531563813939e-01 6.014710288888184264e-01 7.410428781797315789e-01 7.292756757408501711e-01 7.249125929681157210e-01 6.452641250094579561e-01 6.977818035042993028e-01 7.548431608702912410e-01 7.696632209522721313e-01 7.430534565707770378e-01 7.716963394177708269e-01 7.468570648020116387e-01 8.077638219964692334e-01 7.977222332568016938e-01 8.041245698052662538e-01 8.241624320708462736e-01 8.302731791887835167e-01 8.674770083086443817e-01 8.587692152051257244e-01 8.686887653163490874e-01 8.716918189355343793e-01 8.333446467849991990e-01 8.322122519749867164e-01 8.797399308695653675e-01 8.718914343863003458e-01 8.799958031037858897e-01 8.737513918220002340e-01 8.626369403583847850e-01 8.740932286088762826e-01 8.759381298581103703e-01 8.515931868653436876e-01 8.396711688408640129e-01 8.396201697548215659e-01 8.561908922879167827e-01 8.638368987831794854e-01 8.591336390697288383e-01 8.774479218660635738e-01 8.887464581833148802e-01 8.645369691700208747e-01 8.645845397432195822e-01 8.717630114537165964e-01 8.488884378173194856e-01 8.677768986512528482e-01 8.782651060473780635e-01 8.424964934096422775e-01 8.378092197008258912e-01 8.545240356598310383e-01 8.589801204208638019e-01 8.590040404949246255e-01 8.238758125909958485e-01 8.292772371680533494e-01 8.723980382549212376e-01 8.694774991596114777e-01 8.640659826464007764e-01 8.321101849368803816e-01 8.440885817965374516e-01 8.345149578834401005e-01 8.532752549811331022e-01 8.619799259264487867e-01 8.590741988012284835e-01 8.480864169302011479e-01 8.784700634235774741e-01 8.631636024658773110e-01 8.688670698005401816e-01 8.756416210058620697e-01 8.729423811082142048e-01 8.644916405027844863e-01 8.823600128975530588e-01 8.847502956409939445e-01 8.748277176393761678e-01 8.816435453302619019e-01 8.838177556429385184e-01 8.791487440449354818e-01 8.839555965911954916e-01 8.749627279427747428e-01 8.827737288296924056e-01 8.832650956333196746e-01 8.885991674009234842e-01 8.766201549696140960e-01 8.874384904337233593e-01 8.898137322614158018e-01 8.872597647221733830e-01 8.687969333827891827e-01 8.872868079273444897e-01 8.725054287574982581e-01 8.727138202750023277e-01 8.796832275455638284e-01 8.752121678129445304e-01 8.823229813710820046e-01 8.753039813713549000e-01 8.806072195584949691e-01 8.759865715184617097e-01 8.799944942463109321e-01
1.757237091753721323e-02 9.347464337399069567e-02 2.335774246415562583e-01 3.941551190871827592e-01 3.938945102596596026e-01 4.397973441157352892e-01 6.412706359217256180e-01 6.290440547153642870e-01 5.443107265707233244e-01 6.220926726736079049e-01 6.699268206430160078e-01 7.435040297779126339e-01 1.000000000000000000e+00 6.432736290156881864e-01 7.737558661928025661e-01 7.704661865809036003e-01 6.866144693480630279e-01 4.589253306099903007e-01 5.705692156589515784e-01 4.323728152789944046e-01 4.900580957520568326e-01 5.514185178764595685e-01 5.697383650993435023e-01 5.450685570315080275e-01 5.749760872427799319e-01 6.686606835038777508e-01 6.548738132294403824e-01 6.525386626611063834e-01 6.174967831961352127e-01 6.622526624673815698e-01 7.058190415017557839e-01 7.083552155565100428e-01 6.645850783931636085e-01 7.204572096352048760e-01 6.880800641029944931e-01 7.340865113540168130e-01 7.427837451777555833e-01 7.300052445041057547e-01 7.701986962203407616e-01 7.228379011409897803e-01 7.885619510280247324e-01 7.762971610301847569e-01 7.847023750147477106e-01 7.867012866309963659e-01 7.603466279471845501e-01 7.750322917903593734e-01 8.110650231626708173e-01 8.041417062337944399e-01 8.048880517629637410e-01 7.712808883483905920e-01 7.773195456705678241e-01 7.770759003924861963e-01 7.763955252651431049e-01 7.903398145840345723e-01 7.690995693980724468e-01 7.709585993068751586e-01 7.830879236466687932e-01 7.963703794390348811e-01 7.864490266641539495e-01 8.103171759316830647e-01 8.092370316260120156e-01 8.030570800544857279e-01 7.935878640009018659e-01 8.042099498124921642e-01 7.801627683217171594e-01 7.979678697052607905e-01 8.119865511818099568e-01 7.808939880432999026e-01 7.810745538534528132e-01 7.548510990653984898e-01 7.774562166153273779e-01 7.937986216082819624e-01 7.695082440557556858e-01 7.736628033140222627e-01 8.011658608859734132e-01 7.985614546128396718e-01 7.966673104146116957e-01 7.737369714203333748e-01 7.841289527015701255e-01 7.830723491805515746e-01 7.903100384441419379e-01 8.001194960907055398e-01 7.934647431502880321e-01 7.862677037215313192e-01 7.990099346594249363e-01 7.964518632551743638e-01 8.008877401247862515e-01 8.019397596796323802e-01 8.084807640134594742e-01 7.929765846813765506e-01 8.007200078761487205e-01 8.116489433407244602e-01 8.063488929928166460e-01 8.100336025102750082e-01 8.152207514752241035e-01 8.147851285681680933e-01 7.953887928446329303e-01 7.941838799307896490e-01 8.096383193306485593e-01 8.055993501320990458e-01 8.115961937008578930e-01 8.063709824611280386e-01 8.100029559251415989e-01 8.149430613861837758e-01 8.101129210257890234e-01 8.037312850537022824e-01 8.132094435099097574e-01 8.102528896066241160e-01 8.050934800610152209e-01 8.115379662230099989e-01 8.065005977295170991e-01 8.157842538903531393e-01 8.124942095572185163e-01 8.146100729185360434e-01 8.051692781706830671e-01 8.124701428692787664e-01
