1.000000000000000000e+00 1.180610428812119000e-01 1.408924537813846245e-01 6.487014345877513410e-02 -2.597457297649245159e-03 1.050266456324506874e-02 9.878016448221751955e-02 8.023480263044947824e-02 1.391561450776681308e-01 2.864207082541096044e-02 8.572826179263529078e-02 4.829250126165100104e-02 3.212045387409247915e-02 -2.145895759244271714e-02 1.104563011116874854e-02 8.775818271585779373e-03 1.181626350776260048e-01 1.703713103685406682e-01 8.656826593579250440e-02 1.285301451651169602e-01 1.795012323058249593e-01 1.331525468063464168e-01 9.777391766092424774e-02 9.867645033927971432e-02 8.930734029141966512e-02 8.763787457157122540e-02 7.104890817772070710e-02 7.655506682152890541e-02 8.077684835954948572e-02 9.837623741028403423e-02 5.646848296349475660e-02 6.588479899222279834e-02 4.303312490656300421e-02 5.890522389871716974e-02 8.183076884435390441e-02 -7.459592699468458980e-03 5.777335541332091068e-02 -9.556782856196268175e-03 1.553424865380349101e-02 -2.521804179780523167e-02 2.272902318654277526e-02 -5.485891650004167362e-03 -3.335837123578144076e-02 5.106809564500964550e-03 3.084959816563334276e-02 -1.110345274256228573e-02 -6.121688879130734269e-04 3.438982720369511414e-02 1.917338797252566077e-02 4.512897753268388726e-03 -8.257126373421247098e-03 3.333649735556663829e-02 3.195064324823761182e-02 6.846059397670216373e-02 6.982955541473162553e-02 2.038635829684678699e-02 7.461876817167756304e-02 2.674517958283848668e-02 3.206101578949636238e-02 5.866661683587662268e-02 2.643436709339435156e-02 4.652620023008071509e-02 3.825036317082776416e-02 3.572715737708869604e-02 7.587477004639774092e-02 8.799661942368543210e-02 3.768709859473926699e-02 4.569613005131408640e-02 5.669977345632599280e-02 6.628807889782190044e-02 5.150111888037293972e-02 4.826461151508126823e-02 5.730478422132354727e-02 4.222228087733159718e-02 4.170259291786066608e-02 2.917862183433812123e-02 2.829552348106515944e-02 3.654251628626310755e-02 2.831077721067392153e-02 4.171202272576048781e-02 3.339039589379198120e-02 3.677789851638421648e-02 5.639140419289013356e-02 5.072607963992887409e-02 3.769183347702592668e-02 4.541977290312238652e-02 3.077013477244103234e-02 2.129852951835795039e-02 1.847240217249178709e-02 3.132524071436302432e-02 2.198545219293074685e-02 7.981819448191637689e-03 1.889352453499609091e-02 1.224364257537722579e-02 1.111228753363657090e-02 1.666527436560612599e-02 1.894004456256500116e-02 6.938657098205314178e-02 1.843356020426016942e-02 3.917140881757126894e-03 -3.897526523408236139e-03 3.019998142619922943e-02 3.151031210112226894e-02 1.098399825734450684e-02 4.208255004973737723e-02 5.614571982663834476e-02 3.205547886251204626e-02 2.450560156568610745e-02 2.325887599812862666e-02 2.764854996236027970e-02 1.703884710577124872e-02 3.097606973951022233e-02 3.276801852181184666e-02 3.267568186284060261e-02 6.433595064649998141e-02 6.804580151186434556e-02
1.180610428812119000e-01 1.000000000000000000e+00 1.079760820113540853e-01 1.841241510666498729e-02 5.425497584813113866e-02 6.434372442525439217e-02 1.091530696412929130e-01 5.694710497404131821e-02 1.618770895055967052e-01 1.601135644201154284e-01 1.183475014555985527e-01 7.484791297470461124e-02 1.126376876923827069e-01 1.080683868613269288e-01 1.181906222994865557e-01 1.076749447962820905e-01 1.533337960925502397e-01 1.645137522940539054e-01 1.519184000168547766e-01 7.025167638687231098e-02 1.286693076732483287e-01 1.406256425169578328e-01 1.601128219804225650e-01 1.288298905187391374e-01 1.361751912255466102e-01 1.720902849524601208e-01 1.543705027898259474e-01 1.637331169257140728e-01 1.552444882152556604e-01 1.821146898036468120e-01 1.555727277300179567e-01 1.534395157816815236e-01 1.502530794127136249e-01 1.384792010767918191e-01 1.607767279317329212e-01 1.286764204440370707e-01 1.648607453623893992e-01 1.241611315700669599e-01 1.431066912386975976e-01 1.147986877085163532e-01 1.459916348664294095e-01 1.225726269116808043e-01 9.742703322231409391e-02 1.185061320131439028e-01 1.418764894592465242e-01 1.309917554518237603e-01 1.454042009059071661e-01 1.552335382410496567e-01 1.398808035390619320e-01 1.035449527258567592e-01 1.099076019386971276e-01 9.323839213575695062e-02 1.035043325270322279e-01 1.669541162971770742e-01 1.520569312160665321e-01 1.468422182705986512e-01 1.442284912636689620e-01 1.312959452867094590e-01 1.403591000138270650e-01 1.440458481792340761e-01 1.308822112551029926e-01 1.431385082306104728e-01 1.280545043965731489e-01 1.349080929599851819e-01 1.472660253201744374e-01 1.493438618185496114e-01 1.518077687870287851e-01 1.543501752543211814e-01 1.555550888138217680e-01 1.437727549333611965e-01 1.570653056549087545e-01 1.555646213249653742e-01 1.493835864036903438e-01 1.528771719842211552e-01 1.550742465958791783e-01 1.494717725861940405e-01 1.516645495718495218e-01 1.492314946185029634e-01 1.499456305772565168e-01 1.603656018596593957e-01 1.585455579282848138e-01 1.509911455904242028e-01 1.613052601410144837e-01 1.568520323609634282e-01 1.411331721467355693e-01 1.498088461072610011e-01 1.520436038685733515e-01 1.424845812892772401e-01 1.437440905214016351e-01 1.598688215345375752e-01 1.469012051755617387e-01 1.358850082637247936e-01 1.404501831538059187e-01 1.383630347289588336e-01 1.404317003914885564e-01 1.466004463691671089e-01 1.264266797750713822e-01 1.328746830517742727e-01 1.369415956866122941e-01 1.303558561678627159e-01 1.252578365833536544e-01 1.344463175894489437e-01 1.309578302247649539e-01 1.301778716832127647e-01 1.339244277469987254e-01 1.488628097548161389e-01 1.441813336934467116e-01 1.471763984982823736e-01 1.437809861559507796e-01 1.422630060485047254e-01 1.411514086611513619e-01 1.426220812060822185e-01 1.473127156222808765e-01 1.443048384783928439e-01 1.488772354782340046e-01 1.431230043257897544e-01
1.408924537813846245e-01 1.079760820113540853e-01 1.000000000000000000e+00 2.194665374556995785e-01 1.264776912446606838e-01 1.424085880787163416e-01 2.302811959277798193e-01 2.466708240274856356e-01 2.498200126540983668e-01 1.961492192190676942e-01 2.685179609240179732e-01 2.445211111569234042e-01 2.287533746439418536e-01 1.995669188124647997e-01 2.324126161641293931e-01 2.594119841898929746e-01 2.614786594233465267e-01 3.109882517930499524e-01 2.886873818130818448e-01 2.685861664912944646e-01 3.223484226663534957e-01 3.162315997379666066e-01 3.056277018250786459e-01 2.795625728566987211e-01 3.051008328072005171e-01 2.719847101886717633e-01 2.729702365910072204e-01 2.743224403353758389e-01 2.780989861654161732e-01 2.772363884010958790e-01 2.756380964826415925e-01 2.815577177477015525e-01 2.598146622679390338e-01 2.764256696721674178e-01 2.832816941082473283e-01 2.406100552572330853e-01 2.772827884049220981e-01 2.565142059183018186e-01 2.599081661645816776e-01 2.283658853614854156e-01 2.555006717074598810e-01 2.450830981107163242e-01 2.310990509817622829e-01 2.548004557656446400e-01 2.659722913568982605e-01 2.471821092866129110e-01 2.427560698480701329e-01 2.496188176285284721e-01 2.544211068911778617e-01 2.572994788422781620e-01 2.457852937960089412e-01 2.481707618725837450e-01 2.433673774079628260e-01 2.593405901746363429e-01 2.717474143582959689e-01 2.603337843102190297e-01 2.655360732544639335e-01 2.564246862596135657e-01 2.604576763033012443e-01 2.578110650079050159e-01 2.504590799786798327e-01 2.575550761263629140e-01 2.552733090126999005e-01 2.566678644292438305e-01 2.659714690814802274e-01 2.678987582083963148e-01 2.520768576699777830e-01 2.704181288907808733e-01 2.741695250581751564e-01 2.824284422166679631e-01 2.812644479912502771e-01 2.716995406893621401e-01 2.750999806690393457e-01 2.720934163364893132e-01 2.645922737270664515e-01 2.578209096776579723e-01 2.546183527371941868e-01 2.617938996122745055e-01 2.538066799571789822e-01 2.571054644751751828e-01 2.587435234229797931e-01 2.570933607468383064e-01 2.689812739531997621e-01 2.642652818646608615e-01 2.666707922824075316e-01 2.659876749196885548e-01 2.641014249507244727e-01 2.560046001666686499e-01 2.537745894447812067e-01 2.585261627223110481e-01 2.600674325971091827e-01 2.494741740926766371e-01 2.523592979250652846e-01 2.511662159162221242e-01 2.439497092282479629e-01 2.462792034018970178e-01 2.580328875671605293e-01 2.704037827485137879e-01 2.535701244521442188e-01 2.505136096047359540e-01 2.473596395962313066e-01 2.597089867962050214e-01 2.555663782577354270e-01 2.541504420460546365e-01 2.591932535148702144e-01 2.631598250411896212e-01 2.547683474698850814e-01 2.514629539482785003e-01 2.509162644060017322e-01 2.538491010845713713e-01 2.533093839038975115e-01 2.482418849470381383e-01 2.541576678560653058e-01 2.550308542189869132e-01 2.588621079290530091e-01 2.623798050985161612e-01
6.487014345877513410e-02 1.841241510666498729e-02 2.194665374556995785e-01 1.000000000000000000e+00 3.159600036523550481e-01 2.845741714647542775e-01 4.497477666820582920e-01 4.866377058802767164e-01 3.931800871058480085e-01 3.166597527915278598e-01 4.086111521941882541e-01 5.601593700892364414e-01 4.247125779182315264e-01 3.802473490489898245e-01 4.905408400578536443e-01 5.016174267315526292e-01 4.039371646167365659e-01 3.032654280955898729e-01 3.527172197905082407e-01 4.615252946137566314e-01 3.850225164372952369e-01 3.902853165696534288e-01 4.019198687913813628e-01 3.389535764103150939e-01 3.303781385855406594e-01 4.190807417547789404e-01 4.259686830840386240e-01 4.135706237744485869e-01 4.238955604958676848e-01 3.692911102154636249e-01 4.325452475944456254e-01 4.538237022780636787e-01 4.019889068076876182e-01 4.223344337209336552e-01 3.871231155826901360e-01 4.356389053420589019e-01 4.239695078860502009e-01 4.523282851095885015e-01 4.461778243282646939e-01 4.520120865494151596e-01 4.542824999163830868e-01 4.475567482522003204e-01 4.740667846490769777e-01 4.824586272519745811e-01 4.708926511391228198e-01 4.552284974122532968e-01 4.358494286721175115e-01 4.498293364917991255e-01 4.646674212920026692e-01 4.565291280481688641e-01 4.665425263319708526e-01 4.866851007527099315e-01 4.910305428471091749e-01 4.371978450337850042e-01 4.466777303470020888e-01 4.427428290537805955e-01 4.638260548166491248e-01 4.595956067368863751e-01 4.551263455765799382e-01 4.741400202418309950e-01 4.721026954680460075e-01 4.720730848711547356e-01 4.588227856797266746e-01 4.723614249943238752e-01 4.597247406563711447e-01 4.714307361324015511e-01 4.395873252787672603e-01 4.297600717738076503e-01 4.469135515511472589e-01 4.687231832132077169e-01 4.213967648257700427e-01 4.252795425667748042e-01 4.228066139191408168e-01 4.134462524369762471e-01 4.438275206037989307e-01 4.461428474958426538e-01 4.399590659553379579e-01 4.444051096900659692e-01 4.356822638860977648e-01 4.271911714672131932e-01 4.320017013887516022e-01 4.419008725564295692e-01 4.463821536857304761e-01 4.262202481821189548e-01 4.542429081221671661e-01 4.453186408901749216e-01 4.453312415536351265e-01 4.536271214899011972e-01 4.510598958581910067e-01 4.378625735798648000e-01 4.490268467928075768e-01 4.546269700851557904e-01 4.603696656414379973e-01 4.568149307785178692e-01 4.534411401258223173e-01 4.510854866449455769e-01 4.647112591112315672e-01 4.720039326872413898e-01 4.634987701083592149e-01 4.686210408627787816e-01 4.694515567643544052e-01 4.627030197418145474e-01 4.816337684530507812e-01 4.728386139757074780e-01 4.761347308932664668e-01 4.597815945340385513e-01 4.591278799465542959e-01 4.473058494587737188e-01 4.468990746453148089e-01 4.571453443264331673e-01 4.576521865671046019e-01 4.618477261127869604e-01 4.607287210329252258e-01 4.634817563044505984e-01 4.596254859471040621e-01 4.680028984480346099e-01
-2.597457297649245159e-03 5.425497584813113866e-02 1.264776912446606838e-01 3.159600036523550481e-01 1.000000000000000000e+00 2.437142657981833938e-01 3.924372962209049520e-01 4.195975108633225314e-01 3.614642262303827125e-01 3.278516085660562185e-01 3.509933181770052424e-01 4.356330905193798175e-01 4.093167938515341886e-01 3.601295646200134426e-01 4.436760917738215571e-01 4.434311540713973265e-01 3.721317104115443031e-01 3.021196667074206865e-01 3.561920072246140268e-01 3.660734803574614005e-01 3.492519774309078007e-01 3.544934534430088102e-01 3.556091638879968486e-01 3.268244019985303561e-01 3.247527996037971598e-01 3.851651569806162079e-01 3.895234523984076325e-01 3.769292501602921619e-01 3.940969921647235474e-01 3.614850996442474651e-01 3.977715715771061866e-01 4.113000886816178259e-01 3.815802102772150040e-01 3.907900854812581537e-01 3.693224570881200042e-01 4.073821276510084521e-01 4.003686243165895942e-01 4.150293312188344519e-01 4.126719521426640558e-01 4.120585242866391940e-01 4.239297368277087363e-01 4.259577604245741167e-01 4.367655817522914097e-01 4.433070149172501639e-01 4.311050218950199242e-01 4.183509710400811210e-01 4.122678752567610627e-01 4.161748080202915534e-01 4.151661251422749666e-01 4.074128709993005693e-01 4.246309324953587705e-01 4.222490286071858834e-01 4.242458809222814931e-01 3.954065983447497823e-01 3.974059079807694683e-01 4.139036292583564980e-01 3.971869507482212458e-01 4.223859006757434420e-01 4.088159504320447724e-01 4.278434456071912861e-01 4.213450997606128512e-01 4.169251076871894335e-01 4.063550984664391352e-01 4.220068238763391433e-01 4.115018248822723823e-01 4.112501590563182319e-01 4.152859200224092162e-01 4.081900799150608994e-01 4.145528284122003693e-01 4.261561535633887621e-01 4.050265025393463003e-01 4.043694421769493119e-01 4.027374300542673202e-01 3.990435559715410641e-01 4.158474220745189687e-01 4.137665855606849075e-01 4.146490417874926782e-01 4.166733758433699419e-01 4.118315893843494946e-01 4.058797302601107049e-01 4.093959292956810825e-01 4.186134595721350826e-01 4.142381249768971041e-01 4.083782437619319361e-01 4.157099562712189833e-01 4.133987270069979236e-01 4.213126888966561290e-01 4.242788570731275688e-01 4.213221625708934437e-01 4.134741746119401928e-01 4.198829788826009546e-01 4.242286382342915219e-01 4.290779301227447551e-01 4.252611017147435168e-01 4.254801420457186567e-01 4.206336216070964418e-01 4.173121005362284142e-01 4.133444950046543664e-01 4.178535903887869996e-01 4.303996809359114661e-01 4.358882170208429052e-01 4.198228981237847046e-01 4.323263366883194347e-01 4.349848573392989248e-01 4.290580380027645413e-01 4.091877830901816671e-01 4.200987884169744557e-01 4.177546385202181023e-01 4.193933838530889413e-01 4.230196865637702586e-01 4.184144236143167994e-01 4.256454344575479332e-01 4.198255674021381112e-01 4.218491873662173486e-01 4.215608083448360022e-01 4.179632562605255508e-01
1.050266456324506874e-02 6.434372442525439217e-02 1.424085880787163416e-01 2.845741714647542775e-01 2.437142657981833938e-01 1.000000000000000000e+00 4.091768050045941352e-01 3.797555465366956318e-01 4.093978518497947139e-01 4.058750338390125223e-01 4.007889733695538248e-01 4.552657205144304275e-01 4.125900416904662027e-01 4.046477403231823478e-01 4.827218374951869895e-01 4.824458521213663142e-01 3.980904612410781085e-01 3.387396052511561506e-01 3.872187011553942515e-01 3.531709423638894618e-01 3.619799667762387818e-01 3.945098627955800907e-01 4.011601997736146674e-01 3.584647758919785043e-01 3.658857762473677333e-01 4.418847195436474418e-01 4.528018513529407096e-01 4.462153945968003188e-01 4.575257060000215148e-01 4.365830856092103307e-01 4.773061625061487678e-01 4.560286891002457432e-01 4.402693329203533623e-01 4.372365233091058956e-01 4.242927040954376783e-01 4.517744484654131476e-01 4.584830019545726443e-01 4.743843430130380012e-01 4.756085972764777514e-01 4.654547831246061418e-01 4.895611669479760786e-01 4.963383341556716899e-01 4.777326916574672899e-01 4.924957125825198401e-01 4.905306978025271158e-01 4.966555680016861429e-01 4.962762487985900584e-01 5.030655714617420227e-01 4.906314392515421785e-01 4.623783785924660550e-01 4.817297451636946004e-01 4.672917793618782123e-01 4.837447511506944853e-01 4.871989051003403071e-01 4.778599615980081428e-01 4.896998759955933367e-01 4.724309893798414040e-01 4.977881127737229794e-01 4.891391376875449115e-01 4.986825571526827816e-01 4.893121520902774524e-01 4.935153673021313026e-01 4.775449689844771806e-01 4.883814106823469725e-01 4.955317634094778545e-01 4.880099812632633371e-01 4.961544770358861101e-01 4.869695514894066268e-01 4.853028082528442200e-01 4.843067199733595007e-01 4.801358514334630456e-01 4.870691117544156401e-01 4.710998115755007931e-01 4.739279886543988352e-01 4.925602094188711311e-01 4.969304687687340349e-01 4.962021488424691595e-01 4.940086290161497251e-01 4.953065291796230341e-01 4.917548354441196312e-01 4.933178909189171457e-01 4.990158561689035932e-01 4.931555318205009808e-01 4.865088788938439213e-01 4.909433722918430387e-01 4.912905255359720225e-01 4.908522363195939597e-01 5.043452194999449301e-01 5.023755140772949712e-01 4.975535160246731814e-01 4.965596451865980643e-01 5.056917381279789625e-01 5.032016105513892334e-01 5.064876656468940697e-01 5.091977811439242219e-01 5.068643695046902709e-01 4.967605863474349737e-01 4.926008648864849682e-01 5.039180025268800156e-01 5.062147920649965327e-01 5.079475099839809715e-01 5.019870152353993475e-01 5.015804960197617346e-01 5.087832591115059033e-01 5.007657268128581363e-01 4.974257808916950907e-01 5.066223000313279101e-01 5.023505674570692969e-01 5.038870881185508743e-01 5.054611246083746678e-01 5.068211891982384865e-01 5.075597329108524347e-01 5.024805527252639292e-01 5.055395576001180391e-01 4.990910728678755182e-01 4.989899168140209396e-01
9.878016448221751955e-02 1.091530696412929130e-01 2.302811959277798193e-01 4.497477666820582920e-01 3.924372962209049520e-01 4.091768050045941352e-01 1.000000000000000000e+00 6.413327798407607583e-01 6.094751770737832919e-01 5.471612520627723297e-01 6.018376559378821877e-01 7.244360979637334275e-01 6.506110453671674065e-01 6.013928593091860675e-01 7.658105623254396477e-01 7.137809530832719407e-01 6.595720556036632765e-01 5.904622819588296601e-01 6.427385955138339435e-01 6.264399602762783514e-01 6.079720150485539154e-01 6.481492981542581466e-01 6.784642854346840668e-01 6.368033086722265645e-01 6.096184632470628140e-01 6.977012489526773775e-01 6.818956373967468565e-01 7.011865844328611930e-01 6.910175092358360471e-01 6.790777763948553369e-01 7.070875104219225271e-01 7.389846253334988457e-01 6.859468479914069272e-01 7.182324870026974839e-01 6.759834005016338576e-01 7.081678622338286599e-01 7.059303251003473667e-01 7.375739709331790017e-01 7.348658107102590265e-01 7.147365417068195503e-01 7.279670201817839414e-01 7.293801630630282196e-01 7.349452746421218929e-01 7.443588250621319125e-01 7.295569998970984349e-01 7.324403281940168320e-01 7.026249447114841784e-01 7.169046057263466221e-01 7.237927624543923910e-01 7.121292915634265253e-01 7.378648982909677967e-01 7.135060541217593810e-01 7.091779902335337837e-01 7.026004986949684339e-01 7.145951557878245097e-01 7.292091040505105370e-01 7.172633114665348808e-01 7.261443539155457705e-01 7.291270433178891341e-01 7.249090055082494377e-01 7.277709425471173832e-01 7.245232153525957841e-01 7.246794093645940738e-01 7.345895350722085881e-01 7.226462356464598003e-01 7.094385973604343532e-01 7.194142845381348295e-01 7.190888746013388566e-01 7.297220551668505140e-01 7.321076913208014458e-01 7.005057716650550104e-01 7.108824040000453204e-01 7.194067393573445601e-01 7.071089997457781218e-01 7.254190644526089526e-01 7.141137639424006700e-01 7.161941623709568994e-01 7.164284675978660477e-01 7.210995591292426177e-01 7.083913037645122035e-01 7.140452628810024516e-01 7.226028637441500591e-01 7.331349209510954479e-01 7.161596465437267689e-01 7.309103372768170903e-01 7.292339248231816118e-01 7.273536154623090333e-01 7.320815104713762622e-01 7.291825188894447418e-01 7.218845414163475027e-01 7.311424611086073666e-01 7.288934007753147259e-01 7.311848264969642575e-01 7.327148214722456476e-01 7.214388709300202374e-01 7.163824098463387191e-01 7.315794740776238037e-01 7.253143309008270867e-01 7.180842876646581496e-01 7.346777859978080860e-01 7.318824003802821831e-01 7.325111569351343555e-01 7.271358312838023252e-01 7.332507029250939778e-01 7.330917384366636425e-01 7.136985788844347756e-01 7.234840235173671807e-01 7.190735535213332863e-01 7.184977063400390662e-01 7.217580043292444181e-01 7.227885551542669873e-01 7.202981175769259670e-01 7.181408976237725339e-01 7.234413918226618723e-01 7.209326337982613353e-01 7.194453189027677498e-01
8.023480263044947824e-02 5.694710497404131821e-02 2.466708240274856356e-01 4.866377058802767164e-01 4.195975108633225314e-01 3.797555465366956318e-01 6.413327798407607583e-01 1.000000000000000000e+00 5.872120589574878480e-01 5.233775031408537393e-01 5.774714183536230339e-01 7.048618942938941201e-01 6.302948257838412172e-01 5.895114315091523061e-01 7.078881957885568843e-01 7.284479297660756414e-01 6.142035777119305706e-01 5.600580082659792902e-01 6.002964274314555038e-01 6.004027425363506199e-01 6.156468144756259697e-01 6.298368006724079926e-01 6.156871115602036149e-01 5.796653342144270082e-01 5.682269524605381150e-01 6.512978948232904797e-01 6.643724362689681362e-01 6.598405539131979580e-01 6.672007694474212380e-01 6.426365983917785574e-01 6.799360481393611488e-01 6.997855231299282552e-01 6.418470443318907703e-01 6.680130491759380673e-01 6.383202888003914888e-01 6.561775248733231480e-01 6.687295095939543854e-01 6.958349451111752737e-01 6.932100093312455469e-01 6.514942550267960319e-01 6.826262067083957996e-01 6.888192453114906355e-01 6.959218752589313439e-01 7.136786682676686810e-01 6.982404637141679249e-01 6.938668182308359578e-01 6.816020050657122242e-01 6.898018595232691119e-01 7.022567853909579272e-01 6.890946435188141095e-01 7.058634542877813001e-01 6.816738261098177487e-01 6.881985679007827095e-01 6.794084050085770210e-01 6.904828480788810507e-01 6.818524280075387578e-01 6.923410494536883508e-01 7.016916536649618896e-01 7.064663019793526733e-01 7.040654477046252024e-01 7.119687065579966001e-01 7.091194950347278203e-01 7.083515343462217784e-01 7.121353058264634495e-01 6.926899332779116181e-01 6.949901792475482454e-01 6.910644107003370840e-01 6.890846708462843306e-01 6.991015129906205106e-01 7.056765913967618653e-01 6.791421116634628330e-01 6.836058697763056635e-01 6.828359098203159450e-01 6.761832163781325011e-01 6.948583423294463213e-01 6.878338557031994371e-01 6.887750321709112944e-01 6.964723999705223489e-01 6.865039858384132110e-01 6.826131219181034160e-01 6.838777310468200366e-01 6.964808979778248643e-01 6.965516779775757783e-01 6.869728344285841448e-01 7.027903949646573389e-01 6.989429072591623049e-01 6.954549875751616650e-01 7.084001152434659110e-01 7.012593421260097104e-01 6.948602363457836439e-01 6.917184807492998688e-01 7.010141944196101038e-01 7.016365251408122061e-01 7.054796729900418839e-01 6.979207969124154864e-01 6.941196430278855356e-01 7.131920747979321185e-01 7.123020096377343791e-01 7.085187808483804917e-01 7.093786313929139054e-01 7.160899262258068054e-01 7.176391812647926471e-01 7.056949789665859507e-01 7.178758875341455514e-01 7.105822433376243197e-01 7.026388019277094443e-01 7.024872475738822564e-01 6.937007311937730680e-01 6.996277597268694137e-01 7.053707422901249746e-01 7.075904018595591261e-01 7.013231322900773668e-01 7.063096118175786753e-01 7.097135425729171887e-01 6.993852101975589486e-01 6.989549848682377053e-01
1.391561450776681308e-01 1.618770895055967052e-01 2.498200126540983668e-01 3.931800871058480085e-01 3.614642262303827125e-01 4.093978518497947139e-01 6.094751770737832919e-01 5.872120589574878480e-01 1.000000000000000000e+00 6.633454966853785661e-01 6.750174012564192916e-01 7.162167803577004221e-01 6.833880191963261908e-01 6.859101563869635099e-01 7.597361219606943994e-01 7.625446494939781550e-01 7.652223290577698789e-01 6.857172277861779408e-01 7.340310709711306281e-01 5.983966745322638614e-01 6.850939328212255486e-01 7.367983375478566188e-01 7.502126751116156012e-01 6.745621242239036031e-01 6.903843988424741562e-01 7.903497087158596335e-01 7.861574083842095551e-01 7.934835081983492300e-01 7.998427175376859877e-01 7.996565738246731447e-01 8.245676273565551995e-01 7.928939918566156875e-01 7.606902240983272057e-01 7.684042756889502002e-01 7.802348372256839859e-01 7.449805873554776747e-01 8.049048199699015971e-01 7.661857793296945607e-01 7.912089799717251237e-01 7.307745014708504350e-01 8.161570304986024427e-01 7.851697692045837007e-01 7.434838291680051503e-01 8.003832804436947779e-01 8.127676793685275625e-01 7.929778987328364170e-01 8.220458263937134857e-01 8.393508082185309194e-01 8.156702877169423882e-01 7.546815020833685939e-01 7.691967764472218416e-01 7.669517523929942904e-01 7.875710085359862722e-01 8.408867005769677938e-01 8.218983454459762861e-01 8.066887310493285890e-01 8.222679953596084834e-01 8.229091734330954422e-01 8.135154982466551443e-01 8.463818585706009978e-01 8.169201556824228216e-01 8.294095026636421064e-01 8.012900366509178030e-01 8.180009176767571999e-01 8.440819309608940113e-01 8.446771877117615901e-01 8.394759709016587079e-01 8.328860818291198287e-01 8.332855049256546742e-01 8.248218995714300394e-01 8.218983675314152082e-01 8.302705247164345881e-01 8.181230892724983272e-01 8.156286220131743203e-01 8.347830307473331768e-01 8.317716708410464177e-01 8.308181510327851127e-01 8.357523000642441691e-01 8.252925833687617674e-01 8.375282017068221840e-01 8.337684441952974979e-01 8.372099668651868942e-01 8.389122532010752087e-01 8.359048910928623677e-01 8.257238882789753598e-01 8.309732119241057813e-01 8.281504881444196053e-01 8.280681103370048923e-01 8.281368273083991038e-01 8.337298863416544581e-01 8.255185295357172492e-01 8.272923322584309069e-01 8.300366986967848693e-01 8.274996014345079587e-01 8.321717174515965709e-01 8.359140583373702027e-01 8.110693844375532757e-01 8.310497528716500604e-01 8.267252784604574023e-01 8.181304438270349255e-01 8.156604551151883653e-01 8.265084807313841653e-01 8.284477849270028837e-01 8.282787838330086805e-01 8.340685434505009654e-01 8.379185634538733884e-01 8.378275013062063126e-01 8.358432835137947770e-01 8.321639000284081211e-01 8.355111333915389293e-01 8.300751950446265681e-01 8.419152305129911085e-01 8.383570374598219299e-01 8.377012015366790409e-01 8.468704404375043682e-01 8.478965723036517854e-01
2.864207082541096044e-02 1.601135644201154284e-01 1.961492192190676942e-01 3.166597527915278598e-01 3.278516085660562185e-01 4.058750338390125223e-01 5.471612520627723297e-01 5.233775031408537393e-01 6.633454966853785661e-01 1.000000000000000000e+00 6.103108876066394295e-01 6.402408844650436803e-01 6.243497828288893103e-01 6.409474550413277738e-01 7.091442642363203763e-01 6.969998513588790967e-01 6.748376355084800826e-01 5.782939876844487292e-01 6.530267320862853664e-01 5.063664882850238413e-01 5.634098752612590744e-01 6.456673119555905727e-01 6.628250556050443443e-01 5.843320993027137922e-01 6.032420226344339387e-01 7.251292482817387475e-01 7.239144493021290039e-01 7.310213156412650459e-01 7.206354624336848147e-01 7.309403713361602994e-01 7.536961394391040736e-01 7.184178519289761145e-01 7.064736935149096286e-01 6.922613587497838950e-01 7.135847653534583834e-01 6.984636149204984656e-01 7.380327813807797677e-01 7.192406182779842450e-01 7.313352647254732775e-01 6.871642290116433127e-01 7.486222838110997424e-01 7.300351296297785675e-01 6.902919464635913771e-01 7.357246976471474298e-01 7.471158297774683765e-01 7.402904980487385878e-01 7.627139503693791678e-01 7.708308229336907624e-01 7.489590194045538940e-01 6.909498819467692066e-01 7.144676605060851227e-01 6.845739893937629050e-01 7.030982005390279399e-01 7.678757207748414526e-01 7.434262248501235515e-01 7.456733546833306248e-01 7.354978335847403015e-01 7.522306530828266613e-01 7.461294008343481998e-01 7.624726654164583062e-01 7.432989741757283220e-01 7.526492448704749094e-01 7.268995135152430676e-01 7.423981057685807849e-01 7.503929456397229192e-01 7.528390526985768716e-01 7.687238672864917799e-01 7.557609373390301588e-01 7.557372893990297325e-01 7.385696344706652594e-01 7.460342726252110479e-01 7.555800420170486476e-01 7.354364598569930189e-01 7.412344059810853647e-01 7.675939761264695127e-01 7.675116389619269786e-01 7.680154437514858934e-01 7.611189619760212466e-01 7.673952074824618164e-01 7.711624366061404778e-01 7.664914190057706689e-01 7.668659354880054124e-01 7.636010528916944429e-01 7.656683862586380895e-01 7.503534202943974440e-01 7.567551804882076683e-01 7.623627566671917766e-01 7.636192473526068891e-01 7.652883104678982473e-01 7.669833305015577585e-01 7.652160171263089339e-01 7.659937608172445733e-01 7.649475435807118195e-01 7.651050521121479653e-01 7.675209246994350032e-01 7.718544023236284524e-01 7.418115031021845773e-01 7.461086292530170194e-01 7.579179545155738662e-01 7.558151915011928068e-01 7.520220739368144169e-01 7.574248841665511822e-01 7.522697217189460162e-01 7.592897182297263514e-01 7.559634837628629311e-01 7.592766081425442737e-01 7.659244744356539236e-01 7.704633212778431162e-01 7.689574411318118585e-01 7.638457580953859072e-01 7.647890522640833355e-01 7.685738550763463461e-01 7.675908988949411427e-01 7.654502168427260722e-01 7.624499912151572190e-01 7.619608164882045731e-01
8.572826179263529078e-02 1.183475014555985527e-01 2.685179609240179732e-01 4.086111521941882541e-01 3.509933181770052424e-01 4.007889733695538248e-01 6.018376559378821877e-01 5.774714183536230339e-01 6.750174012564192916e-01 6.103108876066394295e-01 1.000000000000000000e+00 7.376360001856576698e-01 6.729902665206862755e-01 6.609350669270858125e-01 7.342656616914098322e-01 7.259133658588348137e-01 7.191426827764674234e-01 6.732763973118476297e-01 7.189849239177138474e-01 6.041211054689893389e-01 6.701238356431594712e-01 7.338067824005263251e-01 7.339583031316553319e-01 6.825624226301653108e-01 6.931113052074444614e-01 7.681352516943383835e-01 7.645985139394227970e-01 7.768215057934295675e-01 7.755996832297614718e-01 7.663537782836505885e-01 7.768943229112037496e-01 7.907902432278587357e-01 7.665051704161617296e-01 7.641526829012942335e-01 7.660351828517916184e-01 7.444274129467070011e-01 7.818374607899974960e-01 7.666373455455131047e-01 7.777224338178275742e-01 7.319742907253621311e-01 7.928455119424384634e-01 7.696349055759619251e-01 7.351086846500851646e-01 7.826522292262634295e-01 7.877694024593187017e-01 7.762307063654346750e-01 7.805664220156739441e-01 7.892317394250258911e-01 7.836125890032968888e-01 7.542911360000675858e-01 7.590842136328773693e-01 7.512386028271443861e-01 7.535068204989965324e-01 7.815205112449986613e-01 7.836948462902033619e-01 7.816072831363327644e-01 7.742641873393074636e-01 7.817080064415613538e-01 7.776307233420683973e-01 7.873812859557965949e-01 7.782949197076595160e-01 7.798029166375112231e-01 7.717581562130022554e-01 7.777291891201835172e-01 7.840187791344687129e-01 7.804152296788057219e-01 7.927609086990999865e-01 7.945312164721626269e-01 8.030153564502844343e-01 7.978797936838046834e-01 7.917736500748617789e-01 7.954614958828019056e-01 7.895343109520217562e-01 7.891990903992527340e-01 7.991372593555949866e-01 7.902729035740512220e-01 7.909699741095642667e-01 7.949971207211118385e-01 7.890601882522763066e-01 7.926234921784661713e-01 7.938320052697009910e-01 7.960421241556066008e-01 7.976913677070540665e-01 7.962037303853756187e-01 7.957414879812395592e-01 7.989872842714929035e-01 7.954799456605785579e-01 7.924189003124774144e-01 7.926133331004748817e-01 7.901131484813331829e-01 8.019736795797219875e-01 7.933372796874968991e-01 7.947037736619569914e-01 7.913223430723643759e-01 7.889359894386083205e-01 7.889813409472438144e-01 7.840297479810173220e-01 7.889612762216902109e-01 7.857305289077043398e-01 7.870154334354321213e-01 7.824494589403521161e-01 7.896645971424270938e-01 7.866128284138315108e-01 7.891947466927811128e-01 7.946872179197072006e-01 7.857349094359318276e-01 7.913521580086966267e-01 7.926475860300248311e-01 7.909859496404866297e-01 7.898209889891965041e-01 7.869077318043820046e-01 7.891071633588561118e-01 7.876501977856625869e-01 7.882987631992550703e-01 7.912027216213078917e-01 7.888501023683091029e-01
4.829250126165100104e-02 7.484791297470461124e-02 2.445211111569234042e-01 5.601593700892364414e-01 4.356330905193798175e-01 4.552657205144304275e-01 7.244360979637334275e-01 7.048618942938941201e-01 7.162167803577004221e-01 6.402408844650436803e-01 7.376360001856576698e-01 1.000000000000000000e+00 7.433012793331920109e-01 7.120422580556479142e-01 8.379852723515645030e-01 8.370148682616582736e-01 7.510766477964435639e-01 6.595647321528474993e-01 7.343524186654537544e-01 7.071720645680030781e-01 7.013894213310469805e-01 7.505964150053457962e-01 7.714610688054804877e-01 7.049448987126905042e-01 7.090942421637173032e-01 7.975459005026812598e-01 8.040042613692268691e-01 8.107219746171240304e-01 8.105653103270513693e-01 7.830654300825733438e-01 8.231723300367653762e-01 8.416925147172439337e-01 7.957916525165946720e-01 8.183463894513187675e-01 7.818934105543748903e-01 8.215748479010959171e-01 8.228203578128323592e-01 8.371808976356969190e-01 8.462248836692958243e-01 8.205520857535889556e-01 8.453126285422893904e-01 8.401835146511459351e-01 8.437740829577790036e-01 8.686453020257951518e-01 8.610080715476400304e-01 8.458790990822193656e-01 8.318140626489064493e-01 8.417985582791724930e-01 8.535502577024819404e-01 8.318063958321182394e-01 8.518911068412993171e-01 8.427909314098365190e-01 8.466603744267212628e-01 8.276227549461490085e-01 8.353161853312793816e-01 8.395530531089687720e-01 8.408757246978028066e-01 8.454952371309831793e-01 8.457649566282201548e-01 8.548284983601358578e-01 8.583287222016880991e-01 8.497507170651830144e-01 8.425304561196118591e-01 8.586727236902768068e-01 8.383960974972938240e-01 8.467921635651883827e-01 8.425750106693108421e-01 8.375661395170221901e-01 8.488801531263896472e-01 8.593509838000769063e-01 8.265149939219602615e-01 8.364424504103891156e-01 8.342088198012425071e-01 8.294634499493095392e-01 8.467835884873216035e-01 8.435028609089089136e-01 8.411984190921878435e-01 8.464966158560838227e-01 8.400897619163608665e-01 8.335293713472334831e-01 8.347725212794283589e-01 8.497555556569188484e-01 8.451615746832076281e-01 8.334311464693717753e-01 8.474209450096796825e-01 8.480404640692715823e-01 8.479283094194517423e-01 8.490994994803320317e-01 8.490015415084306571e-01 8.380708342721228110e-01 8.477539959512722101e-01 8.517691258719035652e-01 8.576874840271435652e-01 8.538328046421505002e-01 8.495196132380321563e-01 8.458032479311389240e-01 8.490198072356345271e-01 8.510616048302381831e-01 8.475356631446986366e-01 8.563625671326354771e-01 8.545189449092864820e-01 8.527163315433846646e-01 8.618264785871910805e-01 8.577148163420615923e-01 8.610895746510480731e-01 8.406856599606443714e-01 8.493939299173526303e-01 8.449829445955584495e-01 8.430138918441243412e-01 8.475079687283159080e-01 8.464921938714452532e-01 8.511892221230743516e-01 8.452572806544091932e-01 8.475860617823630649e-01 8.441562597927941836e-01 8.508933996044384385e-01
3.212045387409247915e-02 1.126376876923827069e-01 2.287533746439418536e-01 4.247125779182315264e-01 4.093167938515341886e-01 4.125900416904662027e-01 6.506110453671674065e-01 6.302948257838412172e-01 6.833880191963261908e-01 6.243497828288893103e-01 6.729902665206862755e-01 7.433012793331920109e-01 1.000000000000000000e+00 6.735181721525309584e-01 7.803430492494879411e-01 7.811187784413050617e-01 6.929284383279217252e-01 6.453287399087926923e-01 6.994262567886799786e-01 6.193395780480334123e-01 6.559086691534609104e-01 7.079438551567965865e-01 7.205122657821250165e-01 6.604694368135027860e-01 6.709324585451336143e-01 7.560935782981478281e-01 7.533322205403926164e-01 7.568242345412725669e-01 7.579228655813937676e-01 7.505698288708444466e-01 7.890390966153525421e-01 7.808261271962653183e-01 7.539271905611600877e-01 7.581309194005385610e-01 7.513815809072621477e-01 7.488231923680149782e-01 7.825036620299992141e-01 7.694104060866882033e-01 7.825529970865507945e-01 7.393587251681178474e-01 7.978096964943112157e-01 7.805420576386176146e-01 7.723392777010564814e-01 8.055623732833796513e-01 8.037463763902962244e-01 7.931253318241121564e-01 7.962250257984168078e-01 8.067407307311965647e-01 7.953864682587949986e-01 7.577382044912165382e-01 7.772751778612541074e-01 7.687447385957126844e-01 7.815343421194463902e-01 8.000502878838542387e-01 7.984352480028534815e-01 7.865926510179701570e-01 7.885247434629210073e-01 8.054181016539140314e-01 7.980670237251533683e-01 8.144156247001522742e-01 8.062098678216185199e-01 8.103747056880716837e-01 7.949002607627400074e-01 7.993198496471771719e-01 7.983117747250724205e-01 8.054278353452827277e-01 8.038371166288750258e-01 8.015551999567739339e-01 8.083567466596136564e-01 8.058466695234368649e-01 7.948212362711160051e-01 7.995661748195376228e-01 7.942231546237428219e-01 7.925891835989277157e-01 8.087276265500169536e-01 8.032339945316039342e-01 8.001810425279374250e-01 8.040397923505400168e-01 8.046963177996181438e-01 8.008540667572779936e-01 8.021118880207149804e-01 8.083659446290661910e-01 8.020713698538817216e-01 8.015923357677888772e-01 8.013831401346735994e-01 8.078375375269325476e-01 8.070352585664095635e-01 8.058109068447504297e-01 8.089806398504578722e-01 8.045412072400163206e-01 8.027785249425390957e-01 8.086602758919378964e-01 8.106934173937858645e-01 8.101290338919397982e-01 8.086472633767334273e-01 8.087412446862043414e-01 7.960271332756913010e-01 7.974290999011027781e-01 8.049262772118090936e-01 8.030459945457956161e-01 8.088538099918822777e-01 8.061634549831864227e-01 8.115402200451963255e-01 8.113849476233448987e-01 8.127193020245676580e-01 8.043747597101145175e-01 8.063882149699014290e-01 8.090466849501718460e-01 8.086621345022740881e-01 8.064010930628745522e-01 8.073252300388501501e-01 8.113026946597126088e-01 8.118881199157489403e-01 8.063190485420190790e-01 8.046734845383933799e-01 8.098399531568674092e-01
