1.000000000000000000e+00 6.425800724260352648e-02 8.405816339786673086e-02 8.548601904370267679e-02 6.036472115012400663e-02 -8.705757469546640884e-04 2.864507868298516585e-02 5.656630135635636741e-02 8.929197764389033842e-02 1.431181155593099115e-02 1.639835367104539726e-02 1.940574613826328773e-02 1.224400525897346992e-02 2.043078733486804535e-02 3.728713205851203524e-03 2.819459914005122483e-02 1.085678856840611300e-01 6.130306117826377771e-02 3.438454046129660324e-02 7.309895425268539415e-02 7.164674796396006129e-02 4.056513108290466657e-02 3.736014690016899870e-02 4.432575768913813580e-02 2.235165107565970782e-02 6.382272668114950809e-02 4.711006809043230548e-02 2.604927462966252424e-02 4.688830484250324643e-02 4.243931703315258208e-02 2.942435000643601334e-02 3.168619766634498541e-02 2.344857342734292527e-02 1.424145405645551622e-02 2.187864488189222856e-02 1.852850719648689234e-02 1.128263160621035058e-02 1.905973337718005079e-03 5.597974773963429289e-03 4.052376076791777693e-03 1.602177864965835530e-02 4.772449620387969951e-03 1.984783056880214461e-02 1.758138654414076463e-02 1.190967597639923554e-02 1.031372680000264622e-02 1.260708024837941220e-02 1.635007653416210502e-02 1.385702469380706119e-02 2.317612944939480973e-02 8.782446521613765378e-03 2.075701440235468501e-02 2.125335645772096632e-02 4.511456890079554305e-02 3.294084282101746725e-02 2.384437704979199338e-02 6.975725050334465049e-02 1.964846619096428590e-02 2.346241374926966508e-02 2.894625586588741445e-02 2.349996587893343758e-02 3.424006462220061803e-02 3.437389194927219921e-02 3.685338418910003022e-02 4.744711432379600941e-02 3.585457626092240779e-02 2.057521536102232748e-02 1.373399844291482881e-02 1.971807044320900495e-02 2.670536203089906788e-02 1.262434277816622263e-02 1.281931185271383521e-02 1.265050969093990674e-02 9.497404919383774929e-03 2.194299188306332929e-02 1.470929156532829740e-02 8.333731697353186085e-03 1.908617235285847355e-02 1.565817250381610140e-02 1.268320498162021741e-02 1.273343410939046377e-02 9.384405270942105734e-03 3.101505891492245190e-02 7.482447020937690527e-03 6.438430186496204959e-03 5.524069858700071493e-03 8.182418158329891195e-03 1.892373524455174530e-03 1.228345060709596032e-03 1.617384865917360220e-02 -5.468140876413925017e-05 4.477815849412508653e-03 7.825028178215270164e-03 2.479256497872004469e-03 3.836817487909020656e-03 1.292741074273756618e-02 2.043996484753919651e-02 5.226191706783897550e-02 2.075101021395923256e-02 1.187977762160185267e-02 7.948926659729359939e-03 2.026418789875462576e-02 1.939205675606652662e-02 1.043339010173488859e-02 1.968238143306197049e-02 4.344641665566961741e-02 2.020636207731742878e-02 1.672000360901424246e-02 1.699914881451103019e-02 1.209806000049424603e-02 8.724081173640728382e-03 1.820310256592272066e-02 2.186262523472028499e-02 2.460057269621781714e-02 2.367389232535864474e-02 2.843246050077191320e-02
6.425800724260352648e-02 1.000000000000000000e+00 8.706690896036760330e-02 1.373830467399351218e-01 1.047248619370361317e-01 1.073793690119040495e-01 1.496944868435725606e-01 1.506520317444925428e-01 1.823862860195211433e-01 1.839332357618523595e-01 1.422648042262278090e-01 1.707245268625939005e-01 1.470834265447266975e-01 1.225664256892241427e-01 1.656845231628104598e-01 1.523776582035553384e-01 1.889727569003755436e-01 1.450448191266041353e-01 1.532256205193533172e-01 1.327851957851458597e-01 1.407911383879923983e-01 1.603598050477991754e-01 1.700882967659704259e-01 1.703728819686325668e-01 1.667824802468205470e-01 1.802950862649228547e-01 1.666861732735237800e-01 1.712135053081877412e-01 1.372147732327526071e-01 1.714314545140118717e-01 1.736348105232639050e-01 1.735787344302762158e-01 1.748868346749729574e-01 1.686941524164531914e-01 1.642209386158519913e-01 1.715136728208896399e-01 1.718148873152730849e-01 1.650571327045028680e-01 1.719639453339570634e-01 1.614975017661893220e-01 1.727195622989491364e-01 1.695208965658544786e-01 1.636161072776294023e-01 1.656511063220050817e-01 1.749576853633152129e-01 1.713283908576713477e-01 1.640032088874196770e-01 1.735151337586716136e-01 1.603950556569453123e-01 1.485808886947600771e-01 1.637465638953275460e-01 1.482949878886353212e-01 1.568254423820054089e-01 1.785770669745620209e-01 1.665747637353500177e-01 1.772281574399192094e-01 1.601143800050641441e-01 1.644196788680338250e-01 1.594027787617586789e-01 1.683431377495363535e-01 1.580177056459783347e-01 1.657687425059077846e-01 1.544574296657249268e-01 1.650369219968873258e-01 1.707278207192538533e-01 1.682789083928245000e-01 1.677988521857648185e-01 1.626331879275602632e-01 1.771125207318504369e-01 1.658602340799287256e-01 1.632410110207562215e-01 1.675178151951232930e-01 1.663412398349585763e-01 1.641350247259225070e-01 1.706141350603405937e-01 1.657207170241992156e-01 1.664299705871580271e-01 1.531102987083977629e-01 1.642274626428498752e-01 1.692355596211274626e-01 1.689794758839603395e-01 1.669723072983272105e-01 1.775141328953962760e-01 1.714853112179611783e-01 1.569069253362851690e-01 1.645561690929826515e-01 1.683154674220075364e-01 1.618455618912347238e-01 1.659939766552218365e-01 1.762632596268688401e-01 1.666221074626383081e-01 1.657183145841102379e-01 1.660202875764506258e-01 1.644580377842611019e-01 1.664561450146258281e-01 1.684134655965865979e-01 1.430279802225726260e-01 1.568644678795286795e-01 1.520439908562699893e-01 1.541844203057307905e-01 1.591006983674995434e-01 1.553885335573062243e-01 1.600291568469219827e-01 1.603537787276654580e-01 1.600808116214963439e-01 1.575758649276036705e-01 1.632338505571407361e-01 1.722300502317371806e-01 1.677324734825941799e-01 1.664627933824802952e-01 1.618888309612562804e-01 1.667074524672766955e-01 1.629836459256997494e-01 1.635638322931144695e-01 1.655771875245042046e-01 1.681832278096509758e-01
8.405816339786673086e-02 8.706690896036760330e-02 1.000000000000000000e+00 3.325565661334226597e-01 2.237298999324363324e-01 2.305389688408663040e-01 3.367976146342092081e-01 3.164830676115314989e-01 3.701308303968797175e-01 3.371091615388939200e-01 3.567388142859855837e-01 3.848195072504855818e-01 3.390368938376901453e-01 3.032989420950054638e-01 3.655090499865503717e-01 3.776289013920799409e-01 3.709130485355394691e-01 3.711105688204268671e-01 3.832623648539421612e-01 3.452105717943090846e-01 3.838149523086916148e-01 3.915485419051610294e-01 3.661008489446322955e-01 3.794384897499507581e-01 3.918671409210551237e-01 3.919456951980200832e-01 3.937623499254362947e-01 3.826283189407193031e-01 3.737765554334959162e-01 3.931080376711440505e-01 3.900105375263782093e-01 3.847467404901622756e-01 3.771197723161083259e-01 3.824367645107367153e-01 3.922254856880698082e-01 3.817721802444621337e-01 3.878733301813201972e-01 3.820707210534456388e-01 3.927118411137749399e-01 3.885888160564026639e-01 3.846237416536898435e-01 3.882347397759414176e-01 4.027968990801918947e-01 3.942409256968089637e-01 3.916476796113553815e-01 3.852505594403339284e-01 3.824112629670593511e-01 3.884929706512000869e-01 3.875020718682222753e-01 3.842010540432915788e-01 3.843873159898377745e-01 3.964562667392649287e-01 3.895999283306442740e-01 3.926216738720380572e-01 3.937263450039222290e-01 3.978190098980065037e-01 4.052648347319203759e-01 3.935584333216916031e-01 3.862030191914710975e-01 3.851449479197224801e-01 3.956079409836951166e-01 3.933735980725649450e-01 3.973205080631391217e-01 3.913351485696561216e-01 3.887008124634158679e-01 3.912988269383615991e-01 3.865933435783761030e-01 3.899441301467336252e-01 3.928619148708017428e-01 3.984576249964902894e-01 3.921013548584940112e-01 3.904940706748203927e-01 3.918499012722322372e-01 3.888449258434834022e-01 3.910559568541918662e-01 3.855747658124396571e-01 3.882467099353233975e-01 3.924667040319576583e-01 3.929490260925878609e-01 3.893525754203072120e-01 3.879858831719882883e-01 3.924213086722158073e-01 3.960026112981895330e-01 3.872912144862049044e-01 3.916902285393091820e-01 3.916115260766678263e-01 3.923149318639509442e-01 3.887312081293745614e-01 3.891143973536980716e-01 3.988859673080047963e-01 3.854591344990428992e-01 3.877492674861051092e-01 3.865267673200840637e-01 3.874157810331982921e-01 3.825978444522692978e-01 3.877998933124563452e-01 3.985076891725123915e-01 3.983870707151607737e-01 3.954033371102793071e-01 3.889502727749097888e-01 3.972094082478827559e-01 3.966629085730576931e-01 3.920223518860587730e-01 3.896100724267105297e-01 3.984890551030342287e-01 3.995597196621145653e-01 3.896269985844709183e-01 3.893499499376075756e-01 3.937479497094656389e-01 3.864292472685842972e-01 3.933270342584929136e-01 3.879405462883694922e-01 3.946687847859650100e-01 3.937116044809485516e-01 3.894268292401020237e-01 3.927648888933329974e-01
8.548601904370267679e-02 1.373830467399351218e-01 3.325565661334226597e-01 1.000000000000000000e+00 3.720836552701815014e-01 4.202504553631926654e-01 6.208007617510546972e-01 5.803817739476970772e-01 6.316987680150497608e-01 5.634975938945774310e-01 6.179470972892324721e-01 6.550062949709138937e-01 6.025913826993000155e-01 5.333129033502719274e-01 6.540793480584607966e-01 6.567468047670722564e-01 6.332304977769435128e-01 6.543199545575975051e-01 6.607144465277036138e-01 6.068574321103705760e-01 6.755199329893847304e-01 6.880727258438149585e-01 6.530767414466209786e-01 6.671860443200480217e-01 6.606059987558042801e-01 6.850868462434335227e-01 6.734758405600562714e-01 6.752940554949371510e-01 6.419176713682234192e-01 6.735858245094681340e-01 6.769802248998808558e-01 6.750652652652114893e-01 6.429219677752203710e-01 6.632700259897849060e-01 6.522890692888789754e-01 6.611130190176766064e-01 6.722692063086874725e-01 6.658127985813562244e-01 6.803043571989976224e-01 6.674903354290303570e-01 6.696732926263491148e-01 6.780947750326643542e-01 6.973776847522853428e-01 6.806582459590344580e-01 6.813754543591008517e-01 6.789252944397832223e-01 6.546080418102591114e-01 6.605197252374136463e-01 6.590994249496884283e-01 6.553647265971833669e-01 6.630623683979842697e-01 6.723843249892336171e-01 6.692958465135152579e-01 6.694093943945951253e-01 6.659160270754572730e-01 6.856398514958481627e-01 6.749645057120292613e-01 6.702276772333659594e-01 6.576146710912154081e-01 6.650344356568670401e-01 6.717077935140598477e-01 6.643013326903075555e-01 6.715357618277544294e-01 6.687940816226156659e-01 6.688090563936210931e-01 6.687041850016820499e-01 6.640831932904511792e-01 6.733118196577253523e-01 6.748341516671215734e-01 6.856087114770293978e-01 6.776337887704150242e-01 6.714695860258579341e-01 6.748580675722041233e-01 6.731661013541828664e-01 6.755527868622407395e-01 6.709232814866314953e-01 6.696399943546391675e-01 6.733768281974173986e-01 6.815099815474823242e-01 6.624114481108801522e-01 6.643940728077878388e-01 6.693068909444579440e-01 6.807007403910474430e-01 6.648549420851865843e-01 6.706270790019323025e-01 6.724738307889357447e-01 6.705069866525835698e-01 6.725015062668543431e-01 6.704256173062478341e-01 6.780622154288531434e-01 6.700880864808008708e-01 6.689900954448864123e-01 6.705808015576520953e-01 6.697589920801155783e-01 6.572289788506084918e-01 6.609355992441290351e-01 6.751787728106130038e-01 6.689776844298785941e-01 6.707032382698532302e-01 6.705535547968213272e-01 6.803396224698278205e-01 6.730990934406810844e-01 6.666429627167894667e-01 6.700890926048510554e-01 6.777759640675226072e-01 6.712781065273489833e-01 6.610582667022865122e-01 6.658757750686477017e-01 6.719116560599350807e-01 6.633050794685125817e-01 6.694747441759174578e-01 6.649953657637550641e-01 6.683542477476236421e-01 6.704798351224787734e-01 6.654872070134255635e-01 6.673887664141975318e-01
6.036472115012400663e-02 1.047248619370361317e-01 2.237298999324363324e-01 3.720836552701815014e-01 1.000000000000000000e+00 3.109463988886161934e-01 4.648857895992195566e-01 4.525043407376765359e-01 4.706908092956803014e-01 4.238028218004900038e-01 4.693335763112361780e-01 4.853806412507393198e-01 4.587839509076532818e-01 4.045216775845286716e-01 4.917586045002111383e-01 4.913772965629186751e-01 4.667890896082139141e-01 4.604350379135600524e-01 4.659039656482402147e-01 4.160507578031598652e-01 4.760992314805200243e-01 4.727499354064340631e-01 4.643066961940815474e-01 4.552956042467801168e-01 4.704295998445831017e-01 4.954356985244297573e-01 4.863458875020894023e-01 4.846011923979581248e-01 4.617244821564017165e-01 5.003367689148896513e-01 4.983174471456741639e-01 4.917157239017731496e-01 4.590854592311147120e-01 4.827370812247340215e-01 4.715176447526809866e-01 4.856488389740830636e-01 4.995430844866901587e-01 4.922918996048781803e-01 5.040429966859485411e-01 4.795359943878407250e-01 4.999447377408909876e-01 5.028227426107911846e-01 5.095178377344553589e-01 5.094510037131815272e-01 4.993090440930718077e-01 5.059800888702515875e-01 4.978617502719764332e-01 5.015130631989505039e-01 4.945646392667028546e-01 4.838100182084659195e-01 4.965522138271734054e-01 4.924533806973772077e-01 4.953593326101641270e-01 5.047480124342159646e-01 4.981970610242902331e-01 5.025811969014030156e-01 4.946161428355151379e-01 5.096227136582845985e-01 4.985651945437363231e-01 5.040388897872571938e-01 5.080464118281377006e-01 5.043997120349456020e-01 5.003625702533638364e-01 5.025337226375303779e-01 5.014210141818142841e-01 4.979109855607370405e-01 5.033849027993678726e-01 5.020112016684131762e-01 5.036752377637232492e-01 5.014936372423970390e-01 5.035972373462141993e-01 5.027738049927819031e-01 4.965805868940165735e-01 4.976543758768451897e-01 5.041501954675481345e-01 5.031361589389167221e-01 5.025864881140661433e-01 4.979206712887664366e-01 5.027073397890999829e-01 5.028394305463601555e-01 5.027653274043516474e-01 5.025538112532422774e-01 5.061743411619327171e-01 5.007070815075437276e-01 5.006810454155931067e-01 5.019525037414392932e-01 5.022954674522344121e-01 5.067270593913931753e-01 5.026510708769571512e-01 5.063926538677202549e-01 4.994844385299806455e-01 5.052459802147708512e-01 5.037001968557702769e-01 5.052249658539336163e-01 4.994339346928932666e-01 5.015544032747285552e-01 5.028524507755609552e-01 4.961401998098924349e-01 5.062897269794367494e-01 5.039393162167117302e-01 5.112984198178771589e-01 5.049153641281440841e-01 5.035296714744339486e-01 5.072569784230468448e-01 5.054376304930829900e-01 4.977240828301799369e-01 5.003169023590352538e-01 5.026681307837508328e-01 5.046816796415583006e-01 5.042593127427885680e-01 5.057605867453559556e-01 5.052619819926412736e-01 5.050767158185128780e-01 5.024076650394386778e-01 5.003484053046576285e-01 5.005148169159642224e-01
-8.705757469546640884e-04 1.073793690119040495e-01 2.305389688408663040e-01 4.202504553631926654e-01 3.109463988886161934e-01 1.000000000000000000e+00 5.294168618895583878e-01 4.658866682396907155e-01 5.414422735541166709e-01 5.012168870674603705e-01 5.518018606810871640e-01 5.749923980317777072e-01 5.040123482463944038e-01 4.445907900927049683e-01 5.795763094339192456e-01 5.630829149874839734e-01 5.438943535899527504e-01 5.306999615099321499e-01 5.496408076839838230e-01 4.613302807137673045e-01 5.352625868451911240e-01 5.675671709058236480e-01 5.341498774726484156e-01 5.551768455961973991e-01 5.633004502452869655e-01 5.715978877890728338e-01 5.732444382207362299e-01 5.677065952575567342e-01 5.436013691595695807e-01 5.788124326792185581e-01 5.899996501538551374e-01 5.821100879246261517e-01 5.685483439941774186e-01 5.791291613863583931e-01 5.710343800086816746e-01 5.714659274341358230e-01 5.829629714832735843e-01 5.961981471243558151e-01 5.948173401327012666e-01 5.891945627957605458e-01 5.885810980559017525e-01 5.897267724188713922e-01 5.858629740097299754e-01 5.928678137568069717e-01 5.891571387697845941e-01 5.896298507280448575e-01 5.844926757927324523e-01 5.881000570143423145e-01 5.900834898432092412e-01 5.832253173153724157e-01 5.937346049486587063e-01 5.713575288788080853e-01 5.810281304417527215e-01 5.734492798080639275e-01 5.785620605373833492e-01 5.900882349982030650e-01 5.721042506012234963e-01 5.816295789543273198e-01 5.891660004539177597e-01 5.839475634745558974e-01 5.883719815930913422e-01 5.828410867754905134e-01 5.809771147082364307e-01 5.830274123910499373e-01 5.784868049402059897e-01 5.795118586566585517e-01 5.900513783113864319e-01 5.914170996881714659e-01 5.897417911440879790e-01 5.872393310068009242e-01 5.956714777319094267e-01 5.929560271821145978e-01 5.870527570195487321e-01 5.926308342457071721e-01 5.898480742744528493e-01 5.917344542292758414e-01 5.922390737081331125e-01 5.842965574860374822e-01 5.931033217835690596e-01 5.878433191368429567e-01 5.913076882825487601e-01 5.938600409943152192e-01 5.893369476561161058e-01 5.958858010180396736e-01 5.880852669567002700e-01 5.934284084775519608e-01 5.951849136803419871e-01 5.936323677838654111e-01 5.965894521778630777e-01 5.885178077298475197e-01 5.983386632820708595e-01 5.969998174111360578e-01 5.937457646752957174e-01 5.958260864185667138e-01 5.865016011376539273e-01 5.877293063235392578e-01 5.861024408119159812e-01 5.680803593239837079e-01 5.845432491616688875e-01 5.920168742439867460e-01 5.949868767614263643e-01 5.859210485383998801e-01 5.882053359204124643e-01 5.915006530863491374e-01 5.861048144143869987e-01 5.737443505745670747e-01 5.858199890893962536e-01 5.853705072264442366e-01 5.876960173678177357e-01 5.884170868592986103e-01 5.913230778812021970e-01 5.875043906602744892e-01 5.864496159179056756e-01 5.836249791627239336e-01 5.840009837491403344e-01 5.822677763777569515e-01
2.864507868298516585e-02 1.496944868435725606e-01 3.367976146342092081e-01 6.208007617510546972e-01 4.648857895992195566e-01 5.294168618895583878e-01 1.000000000000000000e+00 7.250440829244222396e-01 7.530321214470099278e-01 7.050714432036486734e-01 7.697416160231745907e-01 8.104900185225480946e-01 7.314322773613877171e-01 6.550058299633884085e-01 8.412048515903144397e-01 8.102997255850864500e-01 7.548135386672614189e-01 7.818941218024351159e-01 7.983307472889412670e-01 7.164189606993217607e-01 7.871906721769217352e-01 8.169458120002520696e-01 7.935169801003718604e-01 8.090108400931336208e-01 8.164536068744464581e-01 8.246389789250511138e-01 8.192998935405785277e-01 8.424764583865888001e-01 7.947109163955166089e-01 8.223062789244087734e-01 8.319025906594627040e-01 8.288638211117350663e-01 8.114485106798007275e-01 8.189957409027065482e-01 8.017099850870988975e-01 7.910669662241687217e-01 8.306814631676461280e-01 8.364567469058338256e-01 8.381175152355474500e-01 8.312089758019610697e-01 8.293307311851855212e-01 8.460412921008976239e-01 8.354026138648583677e-01 8.424720332455816196e-01 8.320444720708096709e-01 8.460269940674831624e-01 8.182236286035015072e-01 8.210535611866963679e-01 8.150463020990849072e-01 8.019869743643998072e-01 8.251767861293461959e-01 7.969960688779754721e-01 8.146957322285636183e-01 8.126227516855150101e-01 8.187750424030199037e-01 8.428396796535211344e-01 8.014970758542425688e-01 8.234040764218518715e-01 8.182997962641425094e-01 8.187504828869545115e-01 8.231264606322532540e-01 8.211665985884831764e-01 8.190245212779028172e-01 8.132585247253640848e-01 8.069293186889439085e-01 8.132309803293937822e-01 8.209065098794884330e-01 8.336661939736854654e-01 8.363439145692430632e-01 8.410745076636308992e-01 8.373236065908591375e-01 8.303877131960929470e-01 8.370572651997147950e-01 8.339180092737935590e-01 8.339742983764427686e-01 8.343383982445302660e-01 8.429615408346445848e-01 8.349113561797686378e-01 8.467632156470760174e-01 8.194714888467802272e-01 8.290290563606560470e-01 8.288360271799618539e-01 8.340448318236296510e-01 8.367209894845030194e-01 8.312879630104327289e-01 8.322669501436117390e-01 8.329060645772865534e-01 8.395891281786417304e-01 8.347723198579221071e-01 8.325124236919733134e-01 8.468600160074934990e-01 8.369709588883343931e-01 8.348658594337775574e-01 8.379690347657874350e-01 8.198390630207738061e-01 8.197701398906306336e-01 8.207720486684662031e-01 8.002064151389877145e-01 8.194619723088943930e-01 8.307433393553645962e-01 8.379562548387152754e-01 8.206284353290854705e-01 8.218171863702959934e-01 8.281652513878732247e-01 8.206816852241116678e-01 8.092931488034661447e-01 8.166818046212074300e-01 8.229563737548870606e-01 8.281684396180039043e-01 8.234324481368875404e-01 8.303940307140661448e-01 8.211956721226189027e-01 8.225750322345632970e-01 8.176537164157920978e-01 8.167450908151241418e-01 8.164444426738650673e-01
5.656630135635636741e-02 1.506520317444925428e-01 3.164830676115314989e-01 5.803817739476970772e-01 4.525043407376765359e-01 4.658866682396907155e-01 7.250440829244222396e-01 1.000000000000000000e+00 7.064774223379844953e-01 6.532927298221227197e-01 7.162997921763770703e-01 7.631732851115757832e-01 6.863717721310561570e-01 6.124154909046775064e-01 7.689499154066925524e-01 7.861616161336222319e-01 7.173198833282423692e-01 7.200129128020497093e-01 7.242881943685226531e-01 6.654550696437330215e-01 7.451105228143797277e-01 7.622461221737945047e-01 7.216496488387251773e-01 7.273658121476549443e-01 7.333694240315684620e-01 7.684910105495321719e-01 7.597735625315067409e-01 7.629930872070664893e-01 7.258771321713124447e-01 7.657238856084859213e-01 7.730002134474494024e-01 7.718592331104795479e-01 7.355765109482057529e-01 7.540173924480413348e-01 7.424142247032878839e-01 7.391573513233319348e-01 7.669794742032105539e-01 7.826294989338745678e-01 7.794100437078200772e-01 7.618574745566623063e-01 7.693464939233928268e-01 7.795265173198004938e-01 7.737475098839485810e-01 7.905089562623676125e-01 7.734074806283056658e-01 7.859958005791688462e-01 7.738114903210279172e-01 7.711238841549098444e-01 7.727653224789179376e-01 7.686833406268183122e-01 7.806510717862148452e-01 7.454870356001228604e-01 7.674996961712825527e-01 7.724768874963117149e-01 7.778491273231434855e-01 7.864257135464832738e-01 7.752793226814552741e-01 7.858077263905074439e-01 7.878868542983841206e-01 7.698224031763913899e-01 7.803540997173792348e-01 7.789941560155475564e-01 7.810534354353048103e-01 7.736538613396934938e-01 7.656695872758524368e-01 7.651800445081948787e-01 7.712031662821077216e-01 7.745849483368458799e-01 7.766115339772574622e-01 7.844700393533098337e-01 7.803177717890095177e-01 7.745155015829605638e-01 7.736190230852931782e-01 7.717320526946042092e-01 7.771329417407146778e-01 7.752287938787689736e-01 7.777761916149059651e-01 7.738742851264641676e-01 7.818468405657132969e-01 7.722105461639112711e-01 7.738524177654443337e-01 7.756605419151509917e-01 7.783127404297771612e-01 7.768428242186188326e-01 7.797950970730633813e-01 7.769677229724438750e-01 7.739980687516938573e-01 7.862889422586528676e-01 7.782170191142601112e-01 7.783563873457580717e-01 7.744970612656896236e-01 7.798373099776448880e-01 7.758269285374512769e-01 7.801718823146960302e-01 7.688687997332827040e-01 7.699496087871681160e-01 7.829365560404479840e-01 7.720319116352029054e-01 7.835168144716802008e-01 7.809930133982887490e-01 7.792504538573982176e-01 7.824823568638504812e-01 7.698868363944406656e-01 7.789425410144669160e-01 7.732306781573521359e-01 7.740729448224694664e-01 7.724479691045301744e-01 7.735266124660967746e-01 7.805557636159172752e-01 7.766615866102631882e-01 7.848225032502350595e-01 7.736546462758587817e-01 7.787565237125368967e-01 7.745523312635189672e-01 7.688655589845267979e-01 7.689703363456831253e-01
8.929197764389033842e-02 1.823862860195211433e-01 3.701308303968797175e-01 6.316987680150497608e-01 4.706908092956803014e-01 5.414422735541166709e-01 7.530321214470099278e-01 7.064774223379844953e-01 1.000000000000000000e+00 7.694167703376399992e-01 8.250123909642961273e-01 8.642737432514951967e-01 7.827269709638129402e-01 6.983183996290421858e-01 8.682140189623107629e-01 8.471307907874148224e-01 8.402459519111551423e-01 7.995776266413798794e-01 8.231989692279235715e-01 7.003774268136371273e-01 8.044765023405708870e-01 8.423552747798007667e-01 7.966449135461669551e-01 8.173655787172978693e-01 8.365809405491119177e-01 8.654425996004777577e-01 8.527523302014899942e-01 8.425268246260091409e-01 7.850106493127464447e-01 8.799026887342457082e-01 8.915000978028576606e-01 8.736310134965867835e-01 8.271799745985831676e-01 8.506171674912315073e-01 8.486054229679206307e-01 8.476017832361828486e-01 8.768518257111821423e-01 8.666865734534829890e-01 8.807057983014473512e-01 8.403767818256482336e-01 8.866859092542531684e-01 8.795267533399936388e-01 8.666456086250874380e-01 8.882060167604867162e-01 8.822539732679850477e-01 8.782012633013244196e-01 8.942690173239163931e-01 8.962134613356642632e-01 8.899995884233791177e-01 8.619566592389699133e-01 8.832239942956902068e-01 8.524893085270475179e-01 8.863107444472492213e-01 8.999080476958051245e-01 8.869120365199870681e-01 8.912128282210143304e-01 8.857353517262367415e-01 8.891127568332800601e-01 8.886468749485334495e-01 8.998364738669925034e-01 8.934296992346321131e-01 8.987756315254776807e-01 8.874152837016684447e-01 8.967514071414046661e-01 8.946459242641385812e-01 8.956865848155122212e-01 8.984365335474253644e-01 8.917379777462067780e-01 8.934962053067031507e-01 8.894887048749159364e-01 8.900131288931276696e-01 8.934832657677206358e-01 8.853954035935249767e-01 8.875718012454784089e-01 8.970707702020724872e-01 8.939574282346579581e-01 8.870114122986859639e-01 8.742091355443730727e-01 8.857643370372499936e-01 8.948566469938397105e-01 8.929535214649482189e-01 8.967368421657195832e-01 8.970225398844490217e-01 8.900492771808768966e-01 8.854206957332679817e-01 8.897305933688200996e-01 8.920372014106816572e-01 8.881018427363732703e-01 8.935222986558124525e-01 8.911462572238459945e-01 8.846973908845624512e-01 8.943667775789791996e-01 8.944069587025080814e-01 8.922009204020061590e-01 8.934750273650091668e-01 8.960371195378782350e-01 8.798349405317048566e-01 8.827389258060499566e-01 8.886946604208403322e-01 8.918773755073436948e-01 8.883639574247818027e-01 8.895964391799969784e-01 8.925531124547452233e-01 8.947783497888123216e-01 8.893194101168532262e-01 8.875864014275732794e-01 8.964781342850494106e-01 8.964876700359406536e-01 8.956383640544054447e-01 8.953588252153680260e-01 8.902321030681853431e-01 8.978826858161214064e-01 8.959400954549819884e-01 8.959570244326546806e-01 8.963893956692146059e-01 8.967527903555683189e-01
1.431181155593099115e-02 1.839332357618523595e-01 3.371091615388939200e-01 5.634975938945774310e-01 4.238028218004900038e-01 5.012168870674603705e-01 7.050714432036486734e-01 6.532927298221227197e-01 7.694167703376399992e-01 1.000000000000000000e+00 7.596154445365790320e-01 7.934102734782136901e-01 7.293807549468936946e-01 6.425049351754251736e-01 8.051637748511170090e-01 7.766085452354207774e-01 7.638810559839025460e-01 7.346111733465505722e-01 7.558426141897255368e-01 6.328594203131133744e-01 7.185536807666840220e-01 7.787776734407277912e-01 7.372145689731808282e-01 7.581195939546145901e-01 7.790569092606556278e-01 7.929085800455800692e-01 7.818753652494164763e-01 7.730486638745230898e-01 7.268569988492094014e-01 8.037547000928981777e-01 8.203147298996593673e-01 8.139623735839225382e-01 7.647303118344754846e-01 7.930133276904683948e-01 7.750817173431061580e-01 7.842408544238167467e-01 8.114624625800436197e-01 8.086987870613454588e-01 8.187812534157573596e-01 7.797305872829756179e-01 8.244256327785602911e-01 8.143734384928825731e-01 8.003125277748818212e-01 8.216197499768248536e-01 8.244067470004194931e-01 8.179331800308721201e-01 8.313415739882445976e-01 8.366405143638100395e-01 8.281675751306110111e-01 7.985798385515534559e-01 8.190169852265396511e-01 7.884623864698303564e-01 8.150302044680917124e-01 8.269996678055175909e-01 8.164640676546299769e-01 8.245271042442775533e-01 8.088004589270794131e-01 8.243015975060035139e-01 8.232148546345881002e-01 8.318249150093873778e-01 8.254781113305997842e-01 8.272813674165852005e-01 8.175795190351383690e-01 8.259435198347587770e-01 8.271631041402548457e-01 8.282243721640648593e-01 8.343097320830049624e-01 8.346796325025394037e-01 8.331956900767358842e-01 8.238013687652597783e-01 8.283031724322047484e-01 8.329585629435736216e-01 8.291185622580324877e-01 8.302208946909633847e-01 8.349802027985940844e-01 8.333115947263110002e-01 8.280111906195795068e-01 8.162094129896830808e-01 8.272313218411475599e-01 8.320329472675495053e-01 8.327329438684033525e-01 8.355573216865650465e-01 8.341399630433692369e-01 8.306333872082494185e-01 8.242603691817191880e-01 8.312771855336992255e-01 8.325360509422390365e-01 8.307251813958287379e-01 8.334631102687505289e-01 8.331231589689533923e-01 8.275666802896342045e-01 8.344652752719871058e-01 8.345154534135356128e-01 8.359643992832088699e-01 8.344948534524910810e-01 8.356728385996944342e-01 8.154554235049042976e-01 8.124449165588443211e-01 8.243435381461237110e-01 8.284315136769837551e-01 8.268089103803960560e-01 8.272221477033051551e-01 8.305994329804079479e-01 8.331743370148239070e-01 8.264255422048653044e-01 8.189607453699758732e-01 8.339540592648023720e-01 8.354667071078155649e-01 8.334731989577329747e-01 8.347419191503849811e-01 8.301889394295167701e-01 8.345964734300734822e-01 8.306915929990991154e-01 8.299799817105710797e-01 8.316405529459049983e-01 8.326209332742638969e-01
1.639835367104539726e-02 1.422648042262278090e-01 3.567388142859855837e-01 6.179470972892324721e-01 4.693335763112361780e-01 5.518018606810871640e-01 7.697416160231745907e-01 7.162997921763770703e-01 8.250123909642961273e-01 7.596154445365790320e-01 1.000000000000000000e+00 8.751465441822829927e-01 7.813288487603740062e-01 7.012023616546213534e-01 8.794899583120509012e-01 8.576376905658634753e-01 8.293614059091333202e-01 8.060718001801395749e-01 8.306723946550332860e-01 7.122093948298877653e-01 8.020944308818677149e-01 8.536786086655729910e-01 8.091520719803482198e-01 8.326899374287766165e-01 8.541274004369213690e-01 8.665727137864467355e-01 8.572035448416510661e-01 8.547023947717300452e-01 8.037535060153830901e-01 8.782342543985165451e-01 8.973839230451801097e-01 8.881168854783597633e-01 8.407784664714573752e-01 8.724619305221980037e-01 8.537964618094513458e-01 8.625614865205010195e-01 8.871251636891048786e-01 8.866881531034189745e-01 8.969777363428582673e-01 8.645916415181696957e-01 8.947269125569682346e-01 8.958519060818369573e-01 8.858396812917578300e-01 9.006860899763490247e-01 8.959428970097690348e-01 8.949049722027381248e-01 9.018824832867379238e-01 9.039940463625061318e-01 8.994754626267774666e-01 8.824165031544332072e-01 8.988843956354467535e-01 8.743481986514799464e-01 8.920022279619141958e-01 8.953594769661396002e-01 8.917970111030451008e-01 9.008543451846147132e-01 8.834680437538956488e-01 8.975704850680673585e-01 8.970167728706286425e-01 8.990344709982277527e-01 9.024853062853763763e-01 9.002102638005153867e-01 8.977756268732982603e-01 8.991516529769653099e-01 8.917090035274546356e-01 8.978712854212191896e-01 9.029215752059904787e-01 9.032650229369451056e-01 9.028570669500093349e-01 8.968946563641462255e-01 9.020942110281013893e-01 9.034445921312626027e-01 8.977761509700802334e-01 9.005964096975004329e-01 9.035073804025123279e-01 9.026136739815029397e-01 9.021571943056350129e-01 8.916411864125065589e-01 9.017976502707943931e-01 9.001973174712685211e-01 9.033087722188721802e-01 9.063074681606917427e-01 9.035796265407807226e-01 9.021667516680884624e-01 9.030661376277830943e-01 9.038849358348154395e-01 9.046595553188817584e-01 9.053956028341348938e-01 9.068058116748379804e-01 9.029153010196455664e-01 9.008054449541522679e-01 9.055833886612018047e-01 9.058634684132291781e-01 9.067285977833219324e-01 9.033250412675489782e-01 9.046849814758659569e-01 8.964529828300658032e-01 8.869562709179432680e-01 9.001476979797616851e-01 9.035778069159631221e-01 9.039358990095816004e-01 9.024363769851909689e-01 9.012894253162908598e-01 9.049766151003177939e-01 9.017154759224991212e-01 8.910254235633560116e-01 9.015256019279748179e-01 9.041692980294563364e-01 9.054623839077650116e-01 9.017551845506274200e-01 9.044145059435575451e-01 9.030636884567521117e-01 9.033835738821353045e-01 9.024646526883258746e-01 9.009152498986142676e-01 9.014480874737137439e-01
1.940574613826328773e-02 1.707245268625939005e-01 3.848195072504855818e-01 6.550062949709138937e-01 4.853806412507393198e-01 5.749923980317777072e-01 8.104900185225480946e-01 7.631732851115757832e-01 8.642737432514951967e-01 7.934102734782136901e-01 8.751465441822829927e-01 1.000000000000000000e+00 8.256436762723884382e-01 7.464365534565207128e-01 9.252814258771255851e-01 9.032361481999940933e-01 8.651950824309673216e-01 8.450743765018875475e-01 8.720335391033200434e-01 7.420461670906940421e-01 8.525194675792071575e-01 8.959189910087025366e-01 8.498712273104420678e-01 8.684471058663482124e-01 8.951704128138314731e-01 9.125920460024362635e-01 9.081162939501140619e-01 9.020675510470067548e-01 8.435534065485547073e-01 9.234054516485648012e-01 9.423035033311403241e-01 9.289096967937136018e-01 8.810045802782624502e-01 9.059469095587513454e-01 8.962069999589344915e-01 9.047166476389346679e-01 9.314318586597120087e-01 9.236484012655714615e-01 9.390708996470304992e-01 9.038730400293429890e-01 9.359115637378367936e-01 9.399954560913043045e-01 9.310967752751667659e-01 9.449687479924276934e-01 9.410631089437645480e-01 9.377431080033266086e-01 9.429829164186244173e-01 9.455386493281537907e-01 9.413425605880598734e-01 9.167647183246194764e-01 9.348134690253692147e-01 9.155087088051110378e-01 9.339932117738704020e-01 9.405967591460814292e-01 9.374198799922247582e-01 9.445370393698384603e-01 9.287493259143496660e-01 9.417017416655067974e-01 9.390408812622693668e-01 9.440811218945071026e-01 9.452678783491080816e-01 9.453310103185610380e-01 9.412133346298906522e-01 9.433591205286646630e-01 9.378135888211283078e-01 9.431053390031609585e-01 9.461479352842263602e-01 9.474506959618395063e-01 9.455680977972089618e-01 9.420505017789297941e-01 9.476877650852223445e-01 9.473901142845967405e-01 9.393436445594680606e-01 9.439909667350770972e-01 9.481969250435527963e-01 9.471501722399721102e-01 9.471139035366706871e-01 9.333387601752149987e-01 9.445823500615948554e-01 9.439978450876383986e-01 9.465809880802150689e-01 9.493706726054494949e-01 9.474216501322400008e-01 9.449631464316562424e-01 9.424015619640375707e-01 9.457533846069782202e-01 9.491570757943528225e-01 9.476414062499018964e-01 9.490237350259081994e-01 9.487292053857878660e-01 9.448344619569303271e-01 9.498075918474492285e-01 9.505695720381528435e-01 9.502679968193558091e-01 9.456605317512997155e-01 9.475754796690412096e-01 9.397422095672067766e-01 9.304305863537946086e-01 9.435326496238788385e-01 9.464525973407380555e-01 9.496420439656316770e-01 9.456761839971901118e-01 9.459825193015011235e-01 9.502151787900742219e-01 9.462639238481740378e-01 9.380871330852604828e-01 9.462842956177761611e-01 9.483178661337570148e-01 9.493836823740493536e-01 9.465678302851596726e-01 9.485732711684922158e-01 9.478216617294389357e-01 9.481225596464833982e-01 9.472112743009736269e-01 9.453950711594959477e-01 9.458801744462819183e-01
1.224400525897346992e-02 1.470834265447266975e-01 3.390368938376901453e-01 6.025913826993000155e-01 4.587839509076532818e-01 5.040123482463944038e-01 7.314322773613877171e-01 6.863717721310561570e-01 7.827269709638129402e-01 7.293807549468936946e-01 7.813288487603740062e-01 8.256436762723884382e-01 1.000000000000000000e+00 6.607188757126840617e-01 8.392976432081494798e-01 8.226358191273299703e-01 7.788776879939183218e-01 7.559696239366202608e-01 7.835847231816405190e-01 6.614973480862745836e-01 7.579264199434397886e-01 8.089217513425175365e-01 7.634776296356766689e-01 7.782010688978129309e-01 8.056624220898740418e-01 8.265281549766773095e-01 8.160232924516435116e-01 8.118794068803520947e-01 7.557276169218833939e-01 8.290889128623152304e-01 8.485188534586246556e-01 8.336355338787483360e-01 7.847036494719500377e-01 8.155993636921429202e-01 8.023530150317743637e-01 8.137123168637330206e-01 8.382884206420001538e-01 8.271610516556172632e-01 8.485557761305793090e-01 8.070251926877044513e-01 8.497411931372098604e-01 8.501853651347277552e-01 8.395849666538390821e-01 8.550759025425609394e-01 8.480647589180350110e-01 8.458475950855397496e-01 8.566246814939754151e-01 8.577783844193492824e-01 8.527820424622597484e-01 8.209007819535828476e-01 8.445098912515305312e-01 8.260264850322646124e-01 8.482741606489015984e-01 8.535710916202444709e-01 8.423280592041598736e-01 8.505062415338149329e-01 8.332390496071508945e-01 8.549465835613170306e-01 8.466905780833353656e-01 8.574570819731397453e-01 8.543556169098461828e-01 8.538826810724383654e-01 8.480402587562936301e-01 8.541222299166615350e-01 8.495564470405437829e-01 8.536664302523884196e-01 8.602000236292443036e-01 8.591761611265672505e-01 8.564146663392042669e-01 8.501882408929017920e-01 8.581909263782323549e-01 8.593075601676823938e-01 8.501864462741335338e-01 8.556982749378215791e-01 8.611308726130556535e-01 8.606146601371704730e-01 8.583196267754108488e-01 8.435515782418098185e-01 8.543470029208345418e-01 8.570831854152010099e-01 8.580562696119792276e-01 8.613979000744823589e-01 8.572307248738630925e-01 8.534078521989894028e-01 8.560201475160797990e-01 8.587003006057500887e-01 8.582687781772793123e-01 8.604547959183052042e-01 8.615609251889005948e-01 8.598860104537949800e-01 8.543384022674831435e-01 8.629213917685019108e-01 8.622286205940945525e-01 8.616000201211770904e-01 8.610996300384958779e-01 8.608166490203269516e-01 8.510687814538281382e-01 8.419275411702867862e-01 8.576591061612669487e-01 8.595416598253514673e-01 8.617959025773630488e-01 8.579559178595140834e-01 8.576003316190420334e-01 8.641791730245120817e-01 8.593194023993118158e-01 8.491250016671594292e-01 8.589550430332941744e-01 8.602477869399617338e-01 8.616540335594681244e-01 8.612950476272043243e-01 8.600478169669629747e-01 8.618205405192945756e-01 8.610554960010803338e-01 8.613542630371511244e-01 8.591140692329836126e-01 8.570037729445477703e-01
