1.000000000000000000e+00 1.455363818463827064e-01 1.450219272359451750e-01 -4.152882325517849582e-02 -5.073994279690138137e-02 -4.397056869970365767e-02 -3.252511196221191669e-02 1.823056813246209593e-02 1.811299057374396448e-01 8.687854212242170082e-02 5.571557254884358656e-02 -4.552881651195488100e-02 -6.952580484113821818e-03 -7.701671250897874736e-04 1.800830649278643445e-03 1.596047960094407539e-02 7.291501086097920692e-02 2.331667076626143531e-01 1.536866342594474522e-01 1.884756869559141984e-02 1.537711195364002692e-01 1.680564003528113026e-01 2.038631137305539354e-01 2.152411677058095607e-01 1.630506891609247444e-01 1.504975146756480919e-01 1.838643625255138858e-01 1.878749626141751061e-01 2.435381229000278258e-01 2.230314011097549731e-01 1.621306305359254130e-01 1.344283011693291341e-01 1.574773850523852325e-01 1.303232316994546724e-01 1.575633146834701515e-01 6.105451385794272157e-02 1.367646899114663417e-01 6.076495181925480049e-02 9.293829386730785569e-02 4.718856474487205521e-02 1.555392628240534134e-02 6.965763502689687435e-03 -9.358165927572518680e-03 4.407549690642978413e-02 7.364978587776377372e-02 6.452140465412221915e-02 1.184310283065152965e-02 3.214138381902302555e-02 5.972815597676368882e-02 6.314562132471428224e-02 2.276362566617212702e-02 4.477703852347830749e-02 2.879599102838310831e-02 5.484191305452607718e-02 7.407197820756024342e-02 7.497802207918478901e-02 9.498060748784276086e-02 2.754283178612050575e-02 3.355999692832038056e-02 4.570176788255021078e-02 3.395069477744637465e-02 4.950323440850502854e-02 4.289044948477320485e-02 3.680452534507352297e-02 6.441012789966246710e-02 5.923634958846511062e-02 4.146145446888530040e-02 6.258863890884920622e-02 6.847080775961336685e-02 2.400702473391007688e-02 6.072489742710789062e-02 6.200988806414743648e-02 8.358905150018618169e-02 7.580244553532217155e-02 5.614428482042069235e-02 6.226230393118539069e-02 5.962896781575797306e-02 1.096374009621328693e-01 7.463677659506111339e-02 9.191711207994761323e-02 8.892068372109815377e-02 6.584367087079390224e-02 5.924978298609979988e-02 7.843301005992399377e-02 3.320973908900257121e-02 4.815025831947337270e-02 5.948777769106781965e-02 3.135551616338183578e-02 3.622227984376747562e-02 4.556706970041868310e-02 2.400132199163200128e-02 1.442626368149304769e-02 2.789923633200494177e-02 2.800672063848076709e-02 5.474013113589680860e-03 2.272060553271883568e-02 7.284723326207138451e-03 3.670143706971547987e-02 5.066615335348262188e-03 1.608657164380022236e-02 -9.314992866582676515e-03 1.811652439102691414e-02 1.759200703648503353e-02 1.020978772290928940e-02 2.638799591282027859e-02 5.304761190826477735e-02 3.235013902451942119e-02 2.993023468463831480e-02 3.191022497512652906e-02 2.216596201295482210e-02 2.406121009118221063e-02 2.156714834522393751e-02 2.106585039670444415e-02 2.367554625977915522e-02 4.732703936094077163e-02 2.966297928063701961e-02
1.455363818463827064e-01 1.000000000000000000e+00 7.651436548343426569e-02 -5.442124399937638829e-02 1.781945831977750985e-02 7.370752969604565941e-02 1.041137412378234373e-01 9.384761563847808519e-02 1.854150171303098893e-01 2.071823896675621390e-01 1.501833620182040085e-01 9.122172569530949404e-02 1.045037034032618578e-01 1.158147962161665823e-01 1.326372986701059575e-01 1.199551236738855553e-01 1.145790137641469197e-01 1.479204811251099427e-01 1.584792350050751031e-01 -3.630459274183278889e-03 5.307637106770139723e-02 1.501646833947601900e-01 1.296657948641730673e-01 1.338647916958234096e-01 1.603281730496735613e-01 1.827889582148027603e-01 1.838275658051899686e-01 2.050327722167181455e-01 2.237288794277887405e-01 1.996751755036755560e-01 1.958756929769471244e-01 1.353220645335045103e-01 1.753869983540749244e-01 1.370228516161156873e-01 1.761717314589088534e-01 1.206275654417258564e-01 1.717605083021355450e-01 1.610092870573671398e-01 1.597850207822252844e-01 1.069944405489525324e-01 1.318200204303285605e-01 1.325536193321673606e-01 8.899039781025391838e-02 1.187466971710854080e-01 1.428091994124238984e-01 1.490643321300045010e-01 1.303030844033105373e-01 1.450332108902350203e-01 1.392666383793772222e-01 1.163355787974327121e-01 1.270780930138320775e-01 1.146736633374416392e-01 1.233030608616759310e-01 1.700944958930283579e-01 1.618556200935731826e-01 1.601784963369156933e-01 1.607184030549515252e-01 1.392107048241900402e-01 1.539233159219932368e-01 1.393810465376169871e-01 1.269745496108298788e-01 1.484761692492928831e-01 1.425912752288031882e-01 1.365303374433509132e-01 1.520895202540976932e-01 1.517393307883888598e-01 1.402252502566087300e-01 1.461386382222815139e-01 1.434209349882720475e-01 1.168592495374267959e-01 1.294963249525954430e-01 1.521179621127438930e-01 1.382975508953110111e-01 1.428582645232629733e-01 1.544763606627193309e-01 1.525189534736152430e-01 1.664462894408583471e-01 1.840955370650611822e-01 1.617392073983623946e-01 1.659574239727180656e-01 1.686848739514656692e-01 1.637843694058569721e-01 1.400731379739962590e-01 1.597820934172275997e-01 1.314969316296547841e-01 1.437798238358040936e-01 1.456114379007826531e-01 1.393382496871617693e-01 1.449086898676534563e-01 1.492224260324231944e-01 1.295790868380544691e-01 1.319727417958012350e-01 1.348266163744027413e-01 1.367420222442942146e-01 1.329920068204949457e-01 1.395009878048652230e-01 1.139562320884197621e-01 1.329805060921517845e-01 1.292900963843056084e-01 1.268618956568354772e-01 1.159690258392748891e-01 1.340403062971589621e-01 1.284701179604678667e-01 1.217614653073684633e-01 1.271013633018922562e-01 1.468536094335971820e-01 1.385565376258452441e-01 1.491746986109475648e-01 1.443396409553040771e-01 1.329081178801576613e-01 1.382183314966425880e-01 1.363722630142127634e-01 1.380528444564545765e-01 1.370170014327380392e-01 1.442607419113878242e-01 1.409830238674155967e-01
1.450219272359451750e-01 7.651436548343426569e-02 1.000000000000000000e+00 2.759992247185177328e-01 1.430502079522487924e-01 2.361018455965750440e-01 3.188803857360343330e-01 3.267527271985529169e-01 4.063490353797583055e-01 3.135786209184364126e-01 4.157804779226443315e-01 3.731419047692989821e-01 3.320197043325402997e-01 3.466978776598892975e-01 3.902246734020856089e-01 3.971818358596496124e-01 4.049528015277406023e-01 4.962395661092514620e-01 4.575096217522019448e-01 3.454625647248612541e-01 4.774423259890135385e-01 4.614811162778303388e-01 4.873896576721122864e-01 4.863400065622748292e-01 4.652445033506700245e-01 4.491193694868506059e-01 4.604804271120455095e-01 4.449686685694722033e-01 4.381262431867459783e-01 4.797803754952786326e-01 4.548784803031181712e-01 4.912438931897478156e-01 4.589330444437036416e-01 4.847588535577890823e-01 4.761954219378684017e-01 4.479531010803520785e-01 4.736979376280747722e-01 4.245406168283615278e-01 4.604827289315798766e-01 4.471590032422097516e-01 4.049368079974722257e-01 4.083216847742157651e-01 4.191671408913304475e-01 4.445826999245239275e-01 4.533659444872649158e-01 4.455102128148892837e-01 4.125089319348130834e-01 4.182699170735143523e-01 4.254049755125168253e-01 4.396986456686378664e-01 4.150099368255402155e-01 4.159825735406441072e-01 4.093963030984295592e-01 4.154788921632794896e-01 4.407790960290696169e-01 4.486113039478448195e-01 4.293448655425564087e-01 4.166970559966136078e-01 4.126041074207754122e-01 4.246662298665012103e-01 4.285127640696120288e-01 4.235582270226920798e-01 4.173636583020590707e-01 4.116026068480027611e-01 4.241998990393421876e-01 4.215982590094066729e-01 4.300662835372398018e-01 4.480307502184590063e-01 4.587236973247529881e-01 4.375604583312027174e-01 4.554344812533709375e-01 4.459849371471920620e-01 4.680121884720902514e-01 4.557794892490832361e-01 4.325301454441853877e-01 4.381312999500830418e-01 4.343800253270456713e-01 4.501059481506875515e-01 4.460889592260430248e-01 4.498293634588663159e-01 4.498937839270986117e-01 4.320792100332359609e-01 4.470488994482616496e-01 4.456733765452507434e-01 4.397924280090010352e-01 4.434576489178853609e-01 4.451341884769873802e-01 4.314915991123309813e-01 4.299172382426246775e-01 4.319355596190254665e-01 4.316729977103011540e-01 4.208356748695886718e-01 4.282034449545608079e-01 4.310992221671087199e-01 4.100977052349741303e-01 4.199029227590861946e-01 4.200916336126752637e-01 4.085860300248977395e-01 4.122178841355690349e-01 4.199619619649645474e-01 4.167225947042090262e-01 4.155784269047660962e-01 4.101476754422412885e-01 4.169512393670075090e-01 4.260854168867812541e-01 4.247266349012592812e-01 4.159694935387010517e-01 4.181058965844247077e-01 4.232933299740486155e-01 4.181370452547265026e-01 4.249357499719452202e-01 4.133361218510942514e-01 4.144957872584409952e-01 4.135396461374057919e-01 4.238442166741240857e-01 4.135153341367343582e-01
-4.152882325517849582e-02 -5.442124399937638829e-02 2.759992247185177328e-01 1.000000000000000000e+00 4.065031061610996366e-01 4.247022851089528039e-01 5.487986658832038067e-01 5.737110672617727891e-01 4.549044003221176524e-01 3.429072667088948201e-01 5.247276772720698146e-01 6.353615993633919823e-01 5.222648825613234180e-01 4.761252360041960396e-01 5.744998263058441745e-01 5.831134034169694891e-01 5.120999243259922729e-01 3.735263073055593019e-01 4.258456714570204027e-01 4.830512242600810136e-01 5.509022730523925881e-01 4.477827865063690460e-01 3.609336545242449734e-01 3.703924267206258891e-01 4.003492144658854501e-01 4.628052825673281134e-01 4.144787285527248843e-01 3.573442223099629333e-01 2.345480288284419179e-01 3.714835817699055909e-01 4.011541728671924045e-01 5.186896008650578871e-01 4.251855870912806257e-01 5.201945982687200543e-01 4.512624910322025618e-01 5.530990724465110198e-01 4.676189791316522903e-01 4.941175742707273333e-01 5.295150560191788092e-01 5.181226068094344495e-01 5.447917166485425344e-01 5.431784559731023254e-01 6.096851458296037585e-01 5.981229369223689529e-01 5.462026557974690721e-01 5.170065785579016637e-01 5.766070236298761476e-01 5.547534869736809870e-01 5.780491957219912047e-01 5.871953470511176443e-01 5.785741602350855661e-01 5.911765629931010624e-01 5.965121032736108164e-01 5.284733028934714971e-01 5.168694728798528537e-01 5.052229575552698027e-01 5.591342155471155095e-01 5.578517462646925829e-01 5.313684028094154410e-01 5.899847966212096173e-01 5.892478005099766047e-01 5.677711703408512278e-01 5.668494007042829130e-01 5.941082767726814096e-01 5.510963074818110430e-01 5.704834040620871960e-01 5.592008273357067516e-01 5.374026334815723560e-01 5.416816294358325345e-01 5.982924735896445467e-01 5.740832695492115167e-01 5.347832582818855540e-01 5.311831655314664946e-01 5.370378751204593071e-01 5.379391949152856345e-01 5.240571630534522907e-01 5.124941334932479053e-01 4.647174960277103972e-01 5.094575941936434482e-01 5.049051300711517865e-01 5.062499740086594535e-01 5.109863711003003184e-01 5.557622918667373124e-01 5.194969945175267334e-01 5.636891344337437992e-01 5.541286873281037195e-01 5.442175714920828300e-01 5.601829469871496547e-01 5.575932169334665289e-01 5.461206333057627704e-01 5.579350548356830641e-01 5.739380017060949912e-01 5.699864606110045528e-01 5.636789004943161263e-01 5.736247468044958220e-01 5.676995108526734501e-01 5.999190829070280007e-01 5.951276263487514928e-01 5.905060756796256527e-01 5.868138907968883933e-01 5.956858635840892591e-01 5.851195338676253854e-01 5.908203672817515795e-01 5.946327775663453608e-01 5.903711427819549051e-01 5.766754232454119888e-01 5.855109899313518662e-01 5.513314021125610420e-01 5.517747142040807518e-01 5.785354834080116415e-01 5.712130266191630668e-01 5.850429499099858432e-01 5.798799865258741359e-01 5.893273218131480640e-01 5.617605276614108245e-01 5.794183961029469865e-01
-5.073994279690138137e-02 1.781945831977750985e-02 1.430502079522487924e-01 4.065031061610996366e-01 1.000000000000000000e+00 3.549713742255820037e-01 4.962960556344500063e-01 4.538097864776818313e-01 3.701031584938211383e-01 3.345306802422096659e-01 4.181171219629126190e-01 4.958236128354311378e-01 4.587999021127005528e-01 3.901656347831597982e-01 4.857860175114263601e-01 4.894573102601860737e-01 4.140222254382568967e-01 2.431086852086389860e-01 3.348759298807166274e-01 3.033512174600080380e-01 3.291260072351442356e-01 3.141283056275268604e-01 2.222143360993787398e-01 2.404589810559120688e-01 3.026128467100988040e-01 3.797196610008038986e-01 3.336125406189836551e-01 3.142828075805072507e-01 2.182636994785412676e-01 2.861576217924184928e-01 3.473077147567155687e-01 3.668135952151243551e-01 3.136100725341577355e-01 3.680270881261124560e-01 3.367488280520692379e-01 4.043801136334694846e-01 3.586495847461521058e-01 4.138902886490766209e-01 4.130589983492747308e-01 3.934935686665454457e-01 4.632823971729448376e-01 4.672275895928697520e-01 4.724699182426624344e-01 4.709631407355904242e-01 4.314406417536672533e-01 4.365527865380307571e-01 4.781204164917709498e-01 4.632780533857175365e-01 4.530451212434201680e-01 4.382430387513467918e-01 4.631676627265666202e-01 4.705183757575449599e-01 4.809653518387562721e-01 4.472457335501683340e-01 4.259391472613226481e-01 4.131910556719845529e-01 4.301299322778264766e-01 4.683127567607215380e-01 4.468744981352240631e-01 4.820446655626170473e-01 4.750255570713810549e-01 4.624712910776517250e-01 4.542370517942509456e-01 4.705751887661538402e-01 4.552370381088801099e-01 4.616042364371717444e-01 4.632973422743508207e-01 4.428785548985375020e-01 4.282796353854729787e-01 4.651639038314664965e-01 4.500252678175650223e-01 4.380010756862454113e-01 4.199699732024605447e-01 4.301856746844019419e-01 4.534801306264531484e-01 4.407298233893380823e-01 4.408711457106521681e-01 3.953096177721440174e-01 4.265261977455399034e-01 4.175794742920876379e-01 4.189387534356275866e-01 4.366528322128534478e-01 4.430029269927041047e-01 4.247848118422844488e-01 4.526621362835924200e-01 4.527599354389021946e-01 4.406498354318064137e-01 4.647840948771417846e-01 4.589674755095645708e-01 4.533965375427194133e-01 4.566610934475749950e-01 4.775255213736681603e-01 4.673250338502281664e-01 4.680229469785440188e-01 4.791229027334830137e-01 4.739971289500593543e-01 4.785368427370471633e-01 4.789079564292161861e-01 4.844324303815691901e-01 4.772624896131483774e-01 4.847510020250094254e-01 4.793219293305563400e-01 4.849162950240181735e-01 4.916959161925804067e-01 4.782042086967382977e-01 4.629150069367367060e-01 4.792067389974903890e-01 4.659042774322544878e-01 4.651659041310435838e-01 4.790979549029000806e-01 4.714953886754306156e-01 4.847693314480787108e-01 4.806109721615863806e-01 4.807108073649212221e-01 4.658549881018371197e-01 4.787955147831305380e-01
-4.397056869970365767e-02 7.370752969604565941e-02 2.361018455965750440e-01 4.247022851089528039e-01 3.549713742255820037e-01 1.000000000000000000e+00 5.574127045773893396e-01 5.002261613866243462e-01 5.162004984355393900e-01 4.672282035339671569e-01 5.583248894544220464e-01 6.159965574492561879e-01 5.592471564292608166e-01 5.165265960381343335e-01 6.110846532470149972e-01 5.987994344556368809e-01 5.427510656265196465e-01 4.141213440068087781e-01 5.004803170645641952e-01 3.725773776960961126e-01 4.499583796336942276e-01 5.101445459384021941e-01 4.011334188093386155e-01 4.067039374690588072e-01 4.897564544937802467e-01 5.440917033971328642e-01 5.043229629762151500e-01 4.964416567315617090e-01 4.040885593933363773e-01 4.602010111334072229e-01 5.146185322049718902e-01 5.337945164616753058e-01 5.002501351681916120e-01 5.259358954226820426e-01 5.231477742946117893e-01 5.662086817552035578e-01 5.344578345422077437e-01 5.859682929883458513e-01 5.810524253201980738e-01 5.487185489786564618e-01 6.190625877864158744e-01 6.183388699163403501e-01 5.957995179864009616e-01 6.125436503388947962e-01 5.960085907360448410e-01 5.890243843666487233e-01 6.256313181589957528e-01 6.238398266247371371e-01 5.953900352702875542e-01 5.843210641299231289e-01 6.138263782516996114e-01 6.061439028432942244e-01 6.145729631682285143e-01 6.103050199617018334e-01 5.818343862808427192e-01 5.857037888883320775e-01 5.797514960122623906e-01 6.211504621592951469e-01 6.057717810571890960e-01 6.199008301237320939e-01 6.122484982583488167e-01 6.085303991274808588e-01 6.018381302954893819e-01 6.155098669013256973e-01 6.123928452913821596e-01 6.098847111719076786e-01 6.224157071057901947e-01 6.063839922175900954e-01 5.968651107162321612e-01 6.048892039125568498e-01 6.105730552281302126e-01 6.098085316280746904e-01 5.837395113021154325e-01 6.006350349353852813e-01 6.150615136985045917e-01 6.019324271262783688e-01 6.014167047334275651e-01 5.663804596491185395e-01 5.937893994805016895e-01 5.854311756517144305e-01 5.914944572593835437e-01 6.001022658440501312e-01 6.045149725095217974e-01 5.979469790183273847e-01 6.146034479388622351e-01 6.105021137893902328e-01 6.048206996333930219e-01 6.220427034607998173e-01 6.161352748650069655e-01 6.149332120476713737e-01 6.166398604168860098e-01 6.289825820356578223e-01 6.222770919871344342e-01 6.203203409935207358e-01 6.297633896150625077e-01 6.261451012739405186e-01 6.226340987272611649e-01 6.188679381263286761e-01 6.276961868922327215e-01 6.264096865689851024e-01 6.247582556796761333e-01 6.247197384481587568e-01 6.283383703756684202e-01 6.333715927936509615e-01 6.266765191331704621e-01 6.098161765205718510e-01 6.231448589539876348e-01 6.204631598209230381e-01 6.209768679261172819e-01 6.302435908724067781e-01 6.255992626464847994e-01 6.290672007379914943e-01 6.260186671381677836e-01 6.254407004807747139e-01 6.197810083632474543e-01 6.241855886308828039e-01
-3.252511196221191669e-02 1.041137412378234373e-01 3.188803857360343330e-01 5.487986658832038067e-01 4.962960556344500063e-01 5.574127045773893396e-01 1.000000000000000000e+00 7.176162861202521892e-01 6.681877140894646461e-01 6.280372963490089555e-01 7.284441940898039869e-01 7.940918128643237317e-01 7.289373502407475724e-01 6.749539587443662558e-01 8.380599874453208420e-01 8.069984326562507082e-01 7.034884542160514398e-01 5.445219749249947672e-01 6.544186354207801593e-01 5.599397563350626550e-01 5.927894245050440158e-01 6.358390308303031313e-01 5.211309624246234229e-01 5.407495453409049135e-01 6.260075298238225727e-01 6.852279429747241135e-01 6.243235936388739082e-01 6.149724407433899698e-01 4.881217537119557082e-01 5.796953238654597440e-01 6.582198244535422127e-01 7.176767758013468113e-01 6.565022689947902501e-01 7.264767185756425549e-01 6.844535240220944727e-01 7.253271986609149957e-01 6.928259204212419142e-01 7.720711295202311586e-01 7.621973709119783669e-01 7.298391583833531149e-01 7.823925064760994808e-01 7.922220964423090095e-01 7.921606200795263675e-01 7.993463819959928385e-01 7.605337143071677630e-01 7.726465841313072680e-01 8.026463395362959385e-01 7.977250562249107446e-01 7.848537050520333347e-01 7.733760066617983986e-01 8.031825471213169809e-01 7.613615721484032761e-01 7.939897074183236425e-01 7.782608380614273180e-01 7.599230843715536476e-01 7.547263402453098236e-01 7.538603295219236111e-01 7.975734546252196688e-01 7.959790772226996713e-01 8.036550288473687242e-01 7.982505974904482438e-01 7.923107441641774606e-01 7.914259232520537424e-01 7.949602506669096735e-01 7.739773495241192292e-01 7.845719491473062135e-01 7.976470585602885022e-01 7.740689290182730664e-01 7.766257175508142208e-01 8.073089791635013057e-01 7.813143174823625747e-01 7.788807716909933454e-01 7.577767793733902746e-01 7.676885204513889116e-01 7.821847049528453111e-01 7.661942619855692804e-01 7.696542528383178983e-01 7.134778151547525038e-01 7.622358659285758398e-01 7.425867809334469882e-01 7.598079586140710218e-01 7.649329179464479100e-01 7.852214295831382307e-01 7.722630752978891788e-01 8.037361206688868887e-01 7.997835716873799017e-01 7.817284557649986088e-01 8.090767062612690408e-01 8.002874127726944398e-01 7.880044002090995647e-01 8.008012066332875767e-01 8.106310403456420399e-01 8.001242127012172523e-01 8.053023006100169523e-01 8.085854864445157775e-01 8.049797623608860864e-01 8.087524865711767097e-01 7.956046113388709484e-01 8.151957223740903258e-01 8.192869858382018089e-01 8.200949337039589171e-01 8.093773162286334033e-01 8.043006217686879955e-01 8.147070964555506167e-01 8.010271449010715195e-01 7.898189665976650398e-01 8.095884965902629959e-01 7.964643760513824278e-01 7.984030385379703443e-01 8.109495736712234448e-01 8.117045992728200154e-01 8.087552047168728997e-01 8.094641646177714867e-01 8.083724870352988479e-01 7.916675695958930170e-01 8.007555117850136961e-01
1.823056813246209593e-02 9.384761563847808519e-02 3.267527271985529169e-01 5.737110672617727891e-01 4.538097864776818313e-01 5.002261613866243462e-01 7.176162861202521892e-01 1.000000000000000000e+00 6.300955521035056517e-01 5.630172800456691995e-01 6.783078853960924359e-01 7.386704922396734041e-01 6.830101700212866112e-01 6.092276531940726825e-01 7.598002953332273490e-01 7.599035205511778246e-01 6.471253715077536217e-01 5.493713207829229450e-01 6.045709687015597966e-01 5.577639225347961194e-01 6.325853494484754425e-01 6.066861997207929624e-01 5.111324882721770546e-01 5.166335996445244882e-01 5.774163397690443844e-01 6.479696160559517137e-01 5.909879295942942479e-01 5.784307043145093807e-01 4.638542413556817068e-01 5.594608907556498645e-01 6.177746340691698812e-01 6.886017065610584575e-01 6.199907432057318868e-01 6.897452018664622653e-01 6.402193035957933764e-01 7.035682383856156630e-01 6.585839215350974829e-01 7.127693292153630678e-01 7.126586846597680047e-01 7.028927354351178769e-01 7.110185218108188154e-01 7.175618332871267491e-01 7.589515556037981225e-01 7.580508126648113354e-01 7.142254098051964428e-01 7.140256685270279791e-01 7.375337528511728413e-01 7.285001198101004327e-01 7.425894121187270880e-01 7.484214759996201671e-01 7.571705567522866165e-01 7.350286729088595372e-01 7.485434257739133068e-01 7.140297062278205820e-01 7.137487424167290317e-01 7.043131893891794171e-01 7.253570467658954080e-01 7.343711165281263664e-01 7.338087749791196712e-01 7.509069066391912406e-01 7.562560939223903489e-01 7.446541533395772960e-01 7.419959411948630068e-01 7.504565410333030595e-01 7.180050617288371573e-01 7.367017589600198813e-01 7.310765825053446854e-01 7.137175292661486203e-01 7.201923070561344620e-01 7.583201494857054747e-01 7.330155246745767572e-01 7.144359694755058054e-01 7.015945126903084805e-01 7.094966824993428345e-01 7.210120219878768388e-01 7.075303251904575541e-01 7.065398849377761969e-01 6.657540796030684271e-01 7.016352311302770373e-01 6.923509725349766830e-01 7.009147413710734575e-01 7.040018101690711516e-01 7.267420559566308835e-01 7.108474145105349029e-01 7.404459734657609093e-01 7.329529815130377823e-01 7.240771290303857910e-01 7.430664904239442370e-01 7.350428419913157541e-01 7.259007815460175594e-01 7.364880057380857048e-01 7.435420291607219845e-01 7.374266693690212371e-01 7.410585171639697544e-01 7.389839875095463029e-01 7.374340471551953380e-01 7.573486760767353942e-01 7.453353441663921330e-01 7.527706457496361470e-01 7.546234122759395424e-01 7.588799345548303821e-01 7.512490709487487095e-01 7.464848316931455008e-01 7.569210818268159446e-01 7.466586887606168066e-01 7.365980133984773026e-01 7.485227760321939705e-01 7.309237695080366137e-01 7.330100925102872589e-01 7.452239176864237091e-01 7.474446509400729521e-01 7.439301346682777316e-01 7.477477286373341858e-01 7.496321907070198076e-01 7.293076038781768355e-01 7.408006127417647857e-01
1.811299057374396448e-01 1.854150171303098893e-01 4.063490353797583055e-01 4.549044003221176524e-01 3.701031584938211383e-01 5.162004984355393900e-01 6.681877140894646461e-01 6.300955521035056517e-01 1.000000000000000000e+00 7.035981635583519189e-01 7.810765187050909830e-01 7.656481722672596746e-01 7.048656121965326538e-01 6.788967858569088243e-01 8.028699461000635695e-01 7.974975003544789720e-01 7.734278848972460096e-01 7.184423966192933220e-01 7.707367211340064861e-01 5.021294476723059397e-01 6.676313139144302022e-01 7.583362266826084719e-01 7.007742055491048561e-01 6.975823578404634073e-01 7.653163208599093048e-01 8.147420476410572876e-01 8.018156042212001289e-01 7.905634081894952203e-01 7.252945033229387661e-01 7.792338998316346022e-01 8.178894207382538806e-01 8.078517030252957420e-01 7.700636639088291879e-01 8.035357241409949447e-01 8.093989036368698375e-01 7.946262548759347455e-01 8.192033715854940557e-01 8.226739396090915202e-01 8.393614390673024284e-01 7.646729504322097304e-01 8.293852387899477430e-01 8.181772433618850204e-01 7.813207575082397049e-01 8.332846360947703257e-01 8.327615460263203540e-01 8.282735094698684408e-01 8.349809890193574669e-01 8.543574809371234924e-01 8.355777386078022673e-01 8.073491787478594972e-01 8.259647566286857368e-01 8.205047375313196945e-01 8.251925916814438766e-01 8.575160843030092961e-01 8.398538756683701090e-01 8.436765864795638947e-01 8.459993208639196016e-01 8.412553594281388936e-01 8.393740516662508977e-01 8.536167411380520820e-01 8.372553259807223869e-01 8.469115825234388995e-01 8.398199831685525529e-01 8.426241747573554042e-01 8.592791060901022737e-01 8.570774366041107317e-01 8.519154945742939411e-01 8.475183480451797813e-01 8.437919817200822958e-01 8.204322491408302387e-01 8.397731211071489676e-01 8.481664590667696846e-01 8.356636028599926380e-01 8.467215731758184205e-01 8.496404167766553606e-01 8.475928638561780470e-01 8.454979381734745170e-01 8.421581189874101092e-01 8.449090651104521621e-01 8.510091689060501619e-01 8.517684716665316902e-01 8.501082004464327602e-01 8.480225520661807126e-01 8.494388511811155063e-01 8.372125366749791908e-01 8.466651147733216254e-01 8.511219054754104452e-01 8.437469633908853961e-01 8.468321906456633963e-01 8.482141730986729744e-01 8.333432255951302992e-01 8.381787843264499882e-01 8.443431127424481097e-01 8.431413827090783464e-01 8.399890028154490818e-01 8.457138383614800636e-01 8.165653372858252546e-01 8.347996257137983989e-01 8.328580238180238737e-01 8.357341289356128300e-01 8.201423700329987243e-01 8.387883932605986192e-01 8.387431219445788955e-01 8.363697947218098339e-01 8.441672511479488827e-01 8.443124753427980744e-01 8.434673236132365082e-01 8.477944891092297208e-01 8.440169682449060184e-01 8.420325607671694801e-01 8.411208259757985140e-01 8.470458150774681227e-01 8.400673414420182228e-01 8.459568132337632607e-01 8.582882394076548627e-01 8.495997302469462387e-01
8.687854212242170082e-02 2.071823896675621390e-01 3.135786209184364126e-01 3.429072667088948201e-01 3.345306802422096659e-01 4.672282035339671569e-01 6.280372963490089555e-01 5.630172800456691995e-01 7.035981635583519189e-01 1.000000000000000000e+00 7.165044271967475620e-01 6.941902858775019780e-01 6.316735409645287680e-01 6.183415841979480465e-01 7.470904329899866747e-01 7.220201797550725997e-01 6.751511004416802519e-01 6.118948099840126886e-01 6.880596857390203214e-01 4.183744712154799927e-01 5.235062618515553545e-01 6.632335816025406450e-01 6.083306816171492049e-01 6.030374273455744172e-01 6.885306255635096351e-01 7.441661685684952676e-01 7.172339221265309206e-01 7.383357461471962147e-01 6.736882659701038945e-01 7.047180219424202807e-01 7.571903938867766692e-01 7.109182847002670780e-01 7.109921460634966994e-01 7.007345889629013058e-01 7.322618041343839090e-01 7.135633254782559609e-01 7.392038147601528442e-01 7.664344655639223625e-01 7.571180029742780038e-01 7.221858975690994553e-01 7.688969481018411711e-01 7.630029257379350449e-01 7.189615856972413344e-01 7.503966223939145808e-01 7.622399021029609978e-01 7.664797223684375327e-01 7.673388541665898677e-01 7.751371033677590949e-01 7.433714263743744777e-01 7.205867561805873178e-01 7.514281638096024230e-01 7.288814434340268322e-01 7.495207142552062773e-01 7.767855644560601736e-01 7.643067012538071747e-01 7.667387308654045608e-01 7.358074976247052090e-01 7.674345572192000642e-01 7.718935645947240243e-01 7.609173748822867234e-01 7.560802151840102514e-01 7.596623929281512977e-01 7.528601590620135342e-01 7.508764099395546232e-01 7.688765385754448012e-01 7.652620076328169318e-01 7.707446019366747114e-01 7.681830197302248475e-01 7.639238614686457707e-01 7.363724332727031863e-01 7.551826179230863856e-01 7.750748736558881191e-01 7.514585763625027948e-01 7.681748686493840017e-01 7.805678748255612254e-01 7.779927385229943315e-01 7.807833245041672088e-01 7.717614422743199754e-01 7.768568919521066096e-01 7.773708057646809833e-01 7.816880403220137774e-01 7.841353134451045648e-01 7.658736774981215190e-01 7.776341744461402472e-01 7.675382645092815315e-01 7.684891028113107758e-01 7.756724359914589639e-01 7.753780580096958364e-01 7.766894975441213100e-01 7.730629824541928041e-01 7.714818158996152864e-01 7.711159961475881897e-01 7.725222803614065770e-01 7.761833685982257869e-01 7.704433004690863784e-01 7.734927506460020918e-01 7.522923841863264904e-01 7.455129338754074020e-01 7.625367696780805948e-01 7.665664636087369255e-01 7.605366179007712057e-01 7.625663155356801060e-01 7.624462052165701387e-01 7.625055915433741616e-01 7.627405199946317715e-01 7.563130021076857057e-01 7.619655256041892866e-01 7.778666460029617369e-01 7.762498269264437312e-01 7.680182809636637575e-01 7.717706492743910962e-01 7.690071278883379158e-01 7.659900738916098906e-01 7.633463099540770402e-01 7.694654687132589377e-01 7.672777820248681824e-01
5.571557254884358656e-02 1.501833620182040085e-01 4.157804779226443315e-01 5.247276772720698146e-01 4.181171219629126190e-01 5.583248894544220464e-01 7.284441940898039869e-01 6.783078853960924359e-01 7.810765187050909830e-01 7.165044271967475620e-01 1.000000000000000000e+00 8.565330803850556007e-01 7.519788646620190198e-01 7.432974585597009742e-01 8.742288765613305257e-01 8.566693748025357991e-01 8.024273390890488411e-01 7.255733226734338848e-01 8.077416568915489758e-01 5.530059389949414372e-01 7.041831332673030852e-01 7.967828848794811236e-01 7.182205641826970854e-01 7.169238523211144409e-01 8.051067810757801535e-01 8.574160035653466405e-01 8.305875118920159617e-01 8.177934446998207374e-01 7.288426082805422590e-01 7.996920206171937995e-01 8.470285443506122558e-01 8.480311369985968906e-01 8.165065509859289472e-01 8.441040195613559449e-01 8.453994699755689179e-01 8.600217539459469318e-01 8.637528883265914725e-01 8.790434629119828758e-01 8.869502660667636373e-01 8.486672283094457425e-01 8.944172037316754365e-01 8.949079340438609309e-01 8.661672774269660868e-01 8.962104547145252065e-01 8.955759756710647279e-01 8.909063654308666536e-01 8.968116369100094243e-01 8.985566025709796900e-01 8.770007631576952623e-01 8.700227886653808529e-01 8.878808427169737616e-01 8.765079918382336910e-01 8.826566564808020487e-01 8.926923639796964238e-01 8.836849505333087551e-01 8.873914025824533036e-01 8.667542459683272860e-01 8.973623965392273361e-01 8.901676920908193624e-01 8.958802012313638041e-01 8.968489587092853821e-01 8.863032808453098488e-01 8.823305554007973006e-01 8.884013902795220297e-01 8.940557614098606498e-01 8.947519557279070002e-01 9.037253615800970863e-01 9.003371638629475981e-01 8.972639063236234058e-01 8.828186491482615805e-01 9.015976155236049561e-01 9.046689548835532557e-01 8.861884372904565987e-01 8.989755153424784373e-01 9.068591365054171627e-01 9.026718309731215362e-01 8.996785136835623309e-01 8.810129130464880998e-01 8.964581487742971921e-01 8.965006877174197530e-01 9.011421140727297052e-01 9.005658784641233927e-01 9.014551378081065991e-01 9.036685182770454183e-01 9.063446689770719988e-01 9.052403657901271217e-01 9.045717185372362801e-01 9.063845819670645065e-01 9.057384829524697256e-01 9.025197306167103140e-01 9.045000150673775385e-01 9.052599463889122733e-01 9.051458421345677241e-01 9.063191862518509279e-01 8.993770916864094467e-01 9.036020243538497310e-01 8.942132038109115166e-01 8.851340909209831631e-01 8.963465523337889040e-01 9.024092353594304061e-01 8.992232801578075030e-01 8.975792376613939139e-01 8.963112605954742795e-01 9.019716143492841898e-01 9.045171917267443851e-01 8.902586624095587542e-01 8.963565962550119615e-01 9.012565515279740147e-01 9.042164325210730880e-01 9.006123447109426472e-01 9.007908757090008489e-01 8.997698354680091493e-01 8.955186698747668039e-01 8.983376155565523380e-01 8.996737081188990182e-01 8.989753322403892799e-01
-4.552881651195488100e-02 9.122172569530949404e-02 3.731419047692989821e-01 6.353615993633919823e-01 4.958236128354311378e-01 6.159965574492561879e-01 7.940918128643237317e-01 7.386704922396734041e-01 7.656481722672596746e-01 6.941902858775019780e-01 8.565330803850556007e-01 1.000000000000000000e+00 8.063445656098044978e-01 7.711208831904520222e-01 9.118339812525287913e-01 8.954902171428263946e-01 8.065439317445738387e-01 6.384071031669463769e-01 7.477015711847234680e-01 5.851332581607684435e-01 6.876670863324143568e-01 7.392444637191213364e-01 6.262572563059527475e-01 6.287222057154383537e-01 7.312112718018080049e-01 8.157815133962249554e-01 7.745710443848033977e-01 7.450907442682968007e-01 6.266939012021621735e-01 7.216890805832929523e-01 7.912723280206728216e-01 8.169398925360782382e-01 7.615732681518863068e-01 8.143998704143233791e-01 7.969455053581268045e-01 8.558920193611110339e-01 8.158711319841188692e-01 8.700719961249020473e-01 8.744400242589835948e-01 8.390324567101220543e-01 9.107419425704860183e-01 9.101608490911223814e-01 9.010686710551170098e-01 9.194036419138293947e-01 8.912486276843230026e-01 8.816955873784256825e-01 9.269200577652826345e-01 9.201071794443809182e-01 9.000358100426458785e-01 8.845462043711036504e-01 9.169634025268057487e-01 9.057501991528700280e-01 9.180259275666480256e-01 9.032163221647668827e-01 8.801215867533123127e-01 8.771036040997395311e-01 8.814678808038358682e-01 9.207788143110753332e-01 9.063235088587687782e-01 9.275636272067219190e-01 9.256945858936248550e-01 9.127904288087863582e-01 9.091694833645598273e-01 9.231217415876477039e-01 9.119547909241260131e-01 9.164832104435146620e-01 9.215114227230889465e-01 9.009825517540898110e-01 8.945910556804731462e-01 9.129310827631001990e-01 9.056456600294683357e-01 9.013555253976381909e-01 8.777240381599872299e-01 8.923548010692389232e-01 9.145522312986569258e-01 9.021044991927121837e-01 8.974902996792881726e-01 8.581606259065033271e-01 8.890614945261691160e-01 8.841818752428487471e-01 8.868917554413309201e-01 8.991357885301507480e-01 9.074056803098217161e-01 8.922160313802917075e-01 9.154105023032436117e-01 9.127376352586221708e-01 9.080990207820522908e-01 9.231585274781936024e-01 9.211959631894067746e-01 9.118358661386685160e-01 9.171426872557763010e-01 9.308851004243416938e-01 9.259522221068515746e-01 9.244344193181462943e-01 9.334992528130705569e-01 9.291865432751141851e-01 9.268967307201995132e-01 9.195276889074575077e-01 9.328844923186232485e-01 9.309611472887479033e-01 9.335370014915883585e-01 9.306521589561537189e-01 9.322213782347028577e-01 9.378356912689600478e-01 9.327005841732289859e-01 9.120215673215770202e-01 9.273428366264900857e-01 9.216776698318454031e-01 9.219228583450884695e-01 9.308500997965156731e-01 9.271625788894047870e-01 9.345972122127436110e-01 9.283368392094789590e-01 9.323111810311829339e-01 9.224491680862930698e-01 9.295520428107755251e-01
-6.952580484113821818e-03 1.045037034032618578e-01 3.320197043325402997e-01 5.222648825613234180e-01 4.587999021127005528e-01 5.592471564292608166e-01 7.289373502407475724e-01 6.830101700212866112e-01 7.048656121965326538e-01 6.316735409645287680e-01 7.519788646620190198e-01 8.063445656098044978e-01 1.000000000000000000e+00 6.861063099349237193e-01 8.280681791817943171e-01 8.176211106122008854e-01 7.276929982552018394e-01 5.912947474237175705e-01 6.869767900190284493e-01 5.118508668824848229e-01 6.001631370687501299e-01 6.650411708319889925e-01 5.693322770768547425e-01 5.722463144733419549e-01 6.651569788753111112e-01 7.472482094003224384e-01 7.047955231844016399e-01 6.884403377562092752e-01 5.868927207046908956e-01 6.621501246840708621e-01 7.273563231230975035e-01 7.382638749232076636e-01 6.911143778380912650e-01 7.343374175117564073e-01 7.295929775294610620e-01 7.578020377268301910e-01 7.408150596979683478e-01 7.897645729353793831e-01 7.920375853226870877e-01 7.465887630914503914e-01 8.171902668613334475e-01 8.182750953177154729e-01 8.029540765963145699e-01 8.279777106941974552e-01 7.969897876003414483e-01 8.025421396310112865e-01 8.332279005143686801e-01 8.297032353290817452e-01 8.115846432552566991e-01 7.903866701313637666e-01 8.205271169559112954e-01 8.050591313662986970e-01 8.230764199748309418e-01 8.178721848309384868e-01 8.012881283386957820e-01 7.966588911760684732e-01 7.944932206698180899e-01 8.304480873559088039e-01 8.195493888636502522e-01 8.367636382180856369e-01 8.303904104114256945e-01 8.256608452283663580e-01 8.192249616073558061e-01 8.260670266715878229e-01 8.195409131520238200e-01 8.247735722067353059e-01 8.321352354812964203e-01 8.135153486565810388e-01 8.072120446010234707e-01 8.175938294743113621e-01 8.111603836932095302e-01 8.143422131104317563e-01 7.925708912857706290e-01 8.057146473893285199e-01 8.264520942578020835e-01 8.152528829783114439e-01 8.144616056953709604e-01 7.827689083354402166e-01 8.058061956019224592e-01 8.013730631914304237e-01 8.044693328392449327e-01 8.145665007946252256e-01 8.147078041445906527e-01 8.094052242395954888e-01 8.220847778686070084e-01 8.260386774742712879e-01 8.174529170720474802e-01 8.344769380611747334e-01 8.312243770813287913e-01 8.285382156066075643e-01 8.227190250433901175e-01 8.374562432201019258e-01 8.325089151460035586e-01 8.343963626757958663e-01 8.401439042581483330e-01 8.377365763630774120e-01 8.293082849873886220e-01 8.279646250832719545e-01 8.403222090672701761e-01 8.367781067011119678e-01 8.368064523065191773e-01 8.398336526961681647e-01 8.392350092524221150e-01 8.445792227591619739e-01 8.352117616676911771e-01 8.259949188804732723e-01 8.365686515129838741e-01 8.348790210031914460e-01 8.344734290977350311e-01 8.392416641359311535e-01 8.388314208757793322e-01 8.424918512063761522e-01 8.403883769103319690e-01 8.400516371823160133e-01 8.329828014264655245e-01 8.376094602509701614e-01
