1.000000000000000000e+00 1.724011067814505971e-01 7.883918599366272761e-02 1.274383394551757143e-01 4.881124649407779514e-02 3.291484422377567026e-02 6.404561020930572834e-02 7.505184977522563750e-02 1.855035268643950019e-01 8.566393625082700802e-02 7.401726907431865898e-02 7.808745618557286217e-02 4.990137616627046691e-02 2.076581246737506728e-02 3.950994429553021658e-02 4.677529869498338322e-02 1.484978055449035494e-01 1.141640493193039202e-01 1.125616939184848064e-01 1.407905793673967787e-01 1.561690962347969669e-01 1.259511327345661791e-01 1.129620924763057588e-01 8.839910777133534736e-02 1.069383704750583586e-01 1.370718713979286740e-01 1.016562767953900631e-01 9.445030958908366692e-02 1.545600226151153944e-01 1.104603038331144760e-01 7.927163354524445482e-02 6.418543929384691593e-02 6.064676295117058663e-02 4.948853713367941387e-02 7.817303679942019801e-02 4.108396866819753052e-02 3.829427257532946188e-02 5.564035427630109609e-02 5.023870963205986917e-02 1.544095692043510881e-02 5.253842356360050730e-02 2.591534494211516701e-02 3.928973515505533587e-02 5.766776806386091081e-02 5.978088595567714741e-02 3.558533434848162869e-02 2.343287515642078836e-02 3.329139033329508307e-02 4.528473369324399755e-02 4.640709834757490021e-02 5.329950374375762301e-02 5.912074602036491294e-02 7.183649691471330478e-02 6.329097290742134729e-02 6.484532702449045949e-02 4.034012033457858026e-02 8.760028714609041645e-02 2.533493931006381567e-02 3.954764914071765003e-02 6.569581855906617140e-02 5.521757998741515239e-02 6.539910013392258303e-02 5.665386162360348116e-02 6.317329723907438854e-02 7.890400762272008206e-02 8.524877290300486576e-02 3.503047586696874521e-02 3.423674418901212491e-02 5.316560202326281459e-02 6.028389167080446670e-02 4.862527455007974175e-02 4.695620229508069149e-02 4.820502480960559000e-02 4.294679474073716946e-02 5.334781528467547052e-02 4.125986589010165184e-02 5.371968648005089747e-02 7.142337544702360985e-02 4.591993933296047853e-02 5.661732630749534423e-02 5.111795963259220532e-02 3.555260129284430054e-02 5.172274839773007005e-02 4.744803074275705246e-02 1.731374511885653070e-02 2.799999984486352400e-02 1.999529419038235251e-02 1.324426075613168059e-02 1.697959009728508203e-02 4.865555469484961898e-02 1.381168025363270491e-02 1.197465771984752327e-02 1.852271877037455286e-02 1.910973159847404595e-02 1.205427466866893643e-02 2.024540833921851732e-02 7.054222936252194445e-03 4.042503278142102474e-02 1.394148976441809441e-02 1.510249331754282692e-02 9.578065662767485181e-03 2.078853305492361567e-02 2.910254198703204551e-02 1.921707330383457674e-02 2.248232843009646820e-02 4.335820348397879248e-02 3.131378132835112293e-02 3.177013841985622256e-02 3.520334251575322343e-02 2.918237737411839144e-02 1.186761997613327083e-02 3.049750741195691658e-02 2.904666445776016639e-02 3.011823925804915300e-02 4.200177226168014255e-02 3.731903406364851100e-02
1.724011067814505971e-01 1.000000000000000000e+00 1.025183221237672554e-01 1.789178047654297332e-01 7.023453971526920359e-02 1.209676539362596753e-01 2.282562616204424910e-01 2.128537853994952045e-01 2.338111673329900109e-01 2.479422096479820814e-01 1.932038631549310714e-01 1.943096840474666520e-01 1.320218598114248076e-01 1.458681566658993622e-01 1.947021514932496256e-01 1.954357553565532202e-01 1.746427210517738082e-01 2.400801638201975063e-01 2.176602897884309107e-01 2.700402258804602273e-01 2.611303478494910180e-01 2.222817158098656098e-01 2.864550068345376732e-01 2.492292090436512841e-01 2.128679347940310718e-01 2.348988559842807855e-01 2.242039988214541701e-01 2.246138167750135195e-01 2.776193609231277781e-01 2.219276281800517947e-01 2.349327338945110255e-01 2.512029582075575029e-01 2.088140898791476796e-01 2.515520225140885913e-01 2.088798288490282540e-01 1.784952298633719903e-01 1.563553617814154306e-01 2.558144864336147628e-01 2.064681066073384696e-01 1.938968452546891985e-01 1.944329474592109697e-01 1.865368998191820615e-01 1.456563934493397827e-01 1.911774084900065007e-01 1.971301502764973568e-01 1.864458332896251902e-01 1.708454166321402568e-01 1.883991334978271370e-01 1.887987186392678929e-01 1.968905223919402148e-01 2.171813671591075467e-01 1.103825570296920466e-01 1.547428275244639162e-01 2.005071795482792907e-01 2.034299342076000272e-01 2.269972526105017985e-01 1.604506067756397980e-01 1.646882585247705366e-01 2.075472070953859050e-01 1.712069183974303244e-01 1.471839918569505801e-01 1.781428493278065794e-01 1.630976354737025680e-01 1.733965591196951483e-01 1.691038984537332757e-01 1.728452914067306889e-01 1.841694874004941029e-01 1.796216431513137368e-01 2.177755397164800322e-01 2.125947455606379544e-01 1.843664536701211942e-01 1.854259286715487787e-01 2.180249195999597878e-01 1.875532577996033290e-01 1.906475528443323519e-01 1.799194092010531210e-01 1.978223881897088199e-01 2.153890339327883541e-01 2.021546864644537811e-01 1.933383535259404762e-01 1.900506901993278264e-01 1.969834362299849040e-01 2.165641727719263554e-01 1.966835010411755735e-01 1.911537667254344097e-01 1.998963851280566584e-01 1.750586128744358316e-01 1.961246263998911443e-01 1.790989603628812543e-01 2.088556756662867664e-01 1.819841188788690889e-01 1.685953262302638256e-01 1.696208179091629187e-01 1.774203598116063374e-01 1.629055202744258135e-01 1.734488729502807747e-01 1.518744496220995333e-01 1.319838345721754125e-01 1.518590513252727481e-01 1.723138871269220274e-01 1.512318902557368283e-01 1.458467738322523077e-01 1.418500580363644958e-01 1.513674028416721051e-01 1.502615174742166770e-01 1.432018166296368800e-01 1.674361193238604884e-01 1.840551145744958317e-01 1.808696125068940119e-01 1.715741523889995068e-01 1.788721309579790197e-01 1.585261247068369961e-01 1.605774150998936778e-01 1.533536738922378351e-01 1.661198896232750910e-01 1.491811516814451621e-01
7.883918599366272761e-02 1.025183221237672554e-01 1.000000000000000000e+00 4.024323243427773145e-01 1.962671373740433600e-01 2.887376697955892912e-01 3.803525145679938491e-01 3.429106235605349218e-01 3.584501917267153281e-01 3.286214795482124140e-01 3.852387405524249631e-01 4.043923230533000290e-01 3.075301609677361103e-01 3.066877992898095484e-01 3.991797212194765909e-01 3.669905453379022631e-01 3.703192824944085970e-01 4.084276830602941444e-01 4.125003139341960057e-01 3.394456990747579672e-01 4.156120917292775441e-01 4.188183331670765619e-01 3.940585521964869442e-01 3.825842890971045684e-01 3.958278451056068681e-01 4.227567930215458403e-01 4.116576846236806864e-01 4.313453066355155130e-01 3.916066880818358520e-01 4.292724877633418701e-01 4.380519669238359670e-01 3.875501839724537767e-01 4.117026879176293730e-01 3.939128259011210331e-01 4.037514081984425740e-01 4.156321224147247473e-01 4.198173614842418133e-01 3.861496305028348508e-01 4.292008010036842403e-01 4.275709607073635010e-01 3.969727885098549014e-01 4.057447577146561790e-01 4.091813487577410369e-01 4.053162911279956648e-01 4.203076783542082917e-01 4.237921408070987606e-01 3.540564551770091772e-01 3.614007044987739281e-01 3.556752861673413424e-01 3.682164241068895949e-01 3.722538394529478212e-01 3.705597001158754678e-01 3.731879626540664519e-01 3.467137850280715416e-01 3.638081610923353248e-01 3.893867146954748670e-01 3.626338905104122823e-01 3.629759352037746911e-01 3.669855605203138360e-01 3.526506118490133068e-01 3.700711751833528074e-01 3.540840279793158185e-01 3.623814404366683672e-01 3.665885217336962709e-01 3.658890901808922735e-01 3.580814724242135649e-01 3.633337408719152228e-01 3.829367032033015317e-01 3.821760139241003884e-01 3.928567413736342995e-01 3.994240670874030785e-01 3.899385147954321784e-01 3.826234768292192112e-01 3.891118292883617436e-01 3.886015070157429752e-01 3.930910684781118714e-01 3.965395459478050499e-01 3.782539122452615588e-01 3.961687035066759344e-01 4.059848936706184075e-01 4.052772473043830814e-01 3.911509818296908803e-01 3.823791779663769375e-01 3.901091752479625141e-01 3.721697570344427164e-01 3.781298268237637261e-01 3.970997845315489827e-01 3.776441812222398053e-01 3.901715366753967240e-01 3.785864373507109026e-01 3.993296918454810607e-01 3.778003005344680587e-01 3.826133969876653884e-01 3.948914902369675684e-01 3.576746230966785789e-01 3.581806222120037519e-01 3.773077248601364730e-01 3.595793999328730228e-01 3.688788923421292276e-01 3.726780002738342423e-01 3.872190820218878171e-01 3.636656776018138970e-01 3.636972943084197385e-01 3.683091059070767170e-01 3.751224359339371262e-01 3.609652514884307273e-01 3.576714085479740235e-01 3.560266651720715991e-01 3.648037424275680229e-01 3.605293237416613561e-01 3.677945869847305538e-01 3.545274478149281205e-01 3.568541347299430955e-01 3.665406469229068320e-01 3.604774792715271237e-01 3.543858290674315459e-01
1.274383394551757143e-01 1.789178047654297332e-01 4.024323243427773145e-01 1.000000000000000000e+00 3.733346126616743366e-01 4.411631533563398766e-01 6.039023612911075256e-01 5.876719543219359743e-01 5.441821354393967525e-01 4.818185372309060077e-01 5.880950891198420960e-01 6.421875981308101666e-01 5.255348645924533546e-01 4.885776490533985661e-01 6.222280562450689390e-01 6.033366474591570494e-01 5.728341480362382221e-01 6.280647180488129200e-01 6.136256604561499683e-01 5.239806193301544956e-01 6.170712847175300331e-01 6.302251233934609287e-01 6.073843725218492917e-01 5.914666478295517171e-01 5.735336536098641913e-01 6.338936632525946635e-01 6.278532220055523805e-01 6.557998250735712631e-01 5.729635528000699418e-01 6.153172073144513865e-01 6.420770705596471339e-01 6.006955130664385356e-01 6.220138456879190647e-01 6.005441935266591091e-01 5.965904882703523260e-01 6.234194986047005838e-01 6.210848627406332367e-01 5.929658641351027715e-01 6.549136074968798793e-01 6.448707506544151258e-01 6.145483948360989102e-01 6.353078573895424297e-01 6.333949037210231392e-01 6.356258823769015409e-01 6.473192486870167350e-01 6.467099168911449869e-01 5.614672702168328478e-01 5.671762108621687393e-01 5.483366194332477406e-01 5.544594169179872800e-01 5.713413258212026724e-01 5.813499214290639427e-01 5.858589546435073458e-01 5.525673682306975198e-01 5.669352029233172274e-01 6.009246670962468118e-01 5.576263578455864511e-01 5.770867329397564305e-01 5.641256059733629202e-01 5.659152107958269617e-01 5.810515386660639603e-01 5.598671873113413300e-01 5.567114720393950833e-01 5.640181783126634318e-01 5.701717817210518735e-01 5.666107439535089663e-01 5.734400365421339352e-01 5.942425492842103862e-01 6.040588655842352717e-01 6.046925200363264530e-01 6.127495939672035208e-01 5.948424307416050327e-01 6.055278333063729423e-01 5.925845062836726518e-01 5.995838442881522568e-01 6.015948279148508604e-01 6.077998071031587290e-01 5.795135562313974420e-01 6.094505472565856508e-01 6.074535073468136925e-01 6.107789290268096360e-01 5.950285378758622956e-01 6.010440227068821750e-01 6.104932960190266877e-01 5.958818666993141999e-01 5.948092242292366549e-01 6.080123633122770377e-01 6.012534219296494786e-01 6.101131203511548362e-01 6.085582721170339493e-01 6.228373889936379415e-01 5.931746056031006464e-01 5.965281625607004035e-01 6.148264578306120720e-01 5.608329494811867821e-01 5.643734212900153313e-01 5.955107020235549387e-01 5.731225930277927816e-01 5.840875517240788906e-01 5.889835170693465960e-01 6.041536524780424244e-01 5.787810398037608328e-01 5.753295749900474432e-01 5.871271922457089731e-01 5.919387678817286114e-01 5.741663922207962401e-01 5.696471616067053656e-01 5.644851589863376651e-01 5.820667277425570774e-01 5.790737542895464385e-01 5.808729153155408609e-01 5.679357133616242947e-01 5.692413283368122912e-01 5.785373634040759105e-01 5.633117576021533512e-01 5.647572125599229498e-01
4.881124649407779514e-02 7.023453971526920359e-02 1.962671373740433600e-01 3.733346126616743366e-01 1.000000000000000000e+00 3.484954974205934919e-01 4.794012482052171786e-01 4.827213301596878225e-01 4.668655373066520897e-01 4.161808893451914293e-01 4.810778936474769396e-01 4.909249274635860139e-01 5.012917925191509028e-01 4.008871711481057365e-01 5.077750982269836344e-01 5.158586173297566857e-01 4.703599486092964188e-01 4.644037808337674322e-01 4.838235306484038323e-01 4.176356612643455923e-01 4.520452820388284332e-01 4.823090019865231004e-01 4.658429565641817871e-01 4.821148712501602818e-01 4.695359984538314824e-01 4.900637863299288077e-01 4.882366670383697094e-01 4.871360115201565644e-01 4.310604416465523836e-01 4.382595485182447792e-01 4.753349154997738579e-01 5.082974403024294041e-01 4.525147947727209408e-01 4.861484186102638105e-01 4.545013301976938980e-01 4.631980093911020613e-01 4.562555745955501618e-01 4.817851567531847290e-01 5.000651256028377789e-01 4.932000628126621544e-01 5.051448307781205571e-01 5.142213007932893154e-01 5.256568954590363774e-01 5.222625181129358918e-01 5.097843064990402739e-01 5.021746270211449037e-01 4.906041337951302928e-01 4.978732992877411001e-01 4.758427677759112795e-01 4.626011545567921268e-01 4.909864223916153847e-01 5.005672702344927671e-01 4.981483951013250255e-01 4.771813525407552214e-01 4.884982766103629359e-01 4.973001958249000376e-01 4.658391617004888907e-01 5.035393063378135192e-01 4.929003592430889480e-01 5.059406748550332455e-01 5.124528357118479649e-01 4.942345367804542033e-01 4.728907532734316077e-01 4.891289404091825888e-01 4.976417902189397280e-01 4.911115848468572409e-01 5.004810538669699493e-01 5.111164051524644814e-01 5.190269394124328306e-01 5.141871934433983604e-01 5.106906205475272298e-01 5.081306410829231623e-01 5.165936866728711996e-01 5.071244158267413926e-01 5.094054354349166758e-01 5.008459771451245768e-01 5.015011235800739264e-01 4.895456946196596881e-01 5.083218613177920009e-01 4.994739667042624731e-01 5.000985285886989651e-01 4.934504561877148254e-01 5.020647734492131864e-01 5.002071324205716873e-01 5.041803881771251827e-01 5.046549787110850005e-01 4.969003386845064485e-01 5.064365022024673868e-01 5.068018433470105055e-01 5.103952640874502844e-01 5.086083209601933719e-01 5.071571497191331712e-01 5.049860734393024631e-01 5.087780246630480008e-01 4.943698346729197279e-01 4.967403785850044717e-01 4.971971153198216364e-01 4.843799564898444987e-01 5.069909091753744823e-01 5.092389752963205618e-01 5.135065684059217928e-01 4.955898020394540193e-01 4.981454058548058228e-01 5.113653188687365958e-01 5.068214124191293690e-01 4.906687847400288405e-01 4.940484329025237042e-01 4.996313805429723476e-01 5.055984848222823125e-01 5.074183507651756075e-01 4.975902425854467070e-01 5.039235774864396777e-01 4.993929593006886103e-01 4.995496920113925432e-01 4.973721715536081334e-01 4.957020163497511955e-01
3.291484422377567026e-02 1.209676539362596753e-01 2.887376697955892912e-01 4.411631533563398766e-01 3.484954974205934919e-01 1.000000000000000000e+00 5.403727393647485000e-01 5.033942995946839583e-01 5.098782809055535381e-01 4.985736869991104769e-01 5.514268599067357890e-01 5.891948101123749559e-01 5.087134021754649016e-01 4.868407866568663644e-01 5.852529642605515114e-01 5.779224798570361532e-01 5.383922490840434838e-01 5.245369044479596399e-01 5.433627004810492878e-01 4.467485334650507234e-01 5.108088833492780978e-01 5.722398802674276697e-01 5.276257309493297409e-01 5.126088623646819498e-01 5.387363984130926209e-01 5.613163399083722638e-01 5.683199822708501214e-01 5.864108861642370885e-01 5.067383946210295420e-01 5.311987082930795800e-01 5.878724229831253645e-01 5.671305345370751816e-01 5.321566275296844006e-01 5.562757975728869209e-01 5.215100653201043546e-01 5.709610877166561016e-01 5.630447100969826479e-01 5.645522680749943678e-01 5.955317898372038954e-01 5.881150718806642530e-01 5.983276663808092533e-01 6.127234784177501004e-01 5.944129123002959147e-01 6.122368761923128178e-01 6.109380965684488851e-01 6.126499485869636441e-01 5.864324199112408431e-01 5.868065170349533455e-01 5.685945048457120565e-01 5.515794431382007312e-01 5.714896056747911235e-01 5.727353899475355892e-01 5.836419080040041729e-01 5.658213258933421086e-01 5.733653635424397210e-01 5.838788146951527924e-01 5.536999735229320985e-01 5.847595764736595036e-01 5.823983959610248284e-01 5.740396001718516272e-01 5.867143439016244688e-01 5.744374596958400359e-01 5.668027787142863039e-01 5.682935873572925178e-01 5.765019049819496422e-01 5.673073536337206457e-01 5.863675521019839909e-01 5.982082602723091114e-01 5.967193626831523989e-01 5.931064386413318346e-01 6.008299743436193996e-01 5.979412273821882451e-01 5.956400421283762903e-01 5.985687623952388181e-01 6.025169792532236723e-01 6.033716817432067669e-01 6.032717527370697885e-01 5.786891882678393273e-01 6.025238100961193277e-01 5.908599930583784410e-01 5.931200527533698752e-01 5.989577861636931067e-01 5.954728020156960788e-01 5.873147979380775041e-01 5.881242564061979206e-01 5.921097928313447945e-01 5.996818955894085423e-01 5.963453283519456471e-01 6.035646782900444540e-01 5.993953376471758965e-01 6.112437264279135807e-01 6.004794941835701616e-01 6.015404401099399001e-01 6.063113572281749741e-01 5.875921785910387385e-01 5.869453719669477376e-01 5.971481857506496516e-01 5.803632715398894248e-01 5.960527564666416867e-01 5.936966154589471412e-01 6.018125647046063120e-01 5.863270242417318867e-01 5.909544046418778729e-01 5.967190678303168072e-01 5.957688238057896601e-01 5.821252092250978061e-01 5.832153266670206948e-01 5.867913298086135931e-01 5.934145145745890471e-01 5.938188750875307287e-01 5.936732440480380069e-01 5.858017409823531585e-01 5.860972782399810344e-01 5.879820658077182793e-01 5.838508356162325219e-01 5.824351710856308095e-01
6.404561020930572834e-02 2.282562616204424910e-01 3.803525145679938491e-01 6.039023612911075256e-01 4.794012482052171786e-01 5.403727393647485000e-01 1.000000000000000000e+00 7.464368839326614991e-01 7.186278550958058453e-01 6.914070099145118720e-01 7.616543120511728437e-01 7.927021412375181431e-01 7.114082486333551669e-01 6.307501075356544140e-01 8.510491883654958123e-01 8.072510257465881356e-01 7.021444881038553243e-01 7.424618487087962793e-01 7.388573365057155007e-01 6.888413836494052811e-01 6.970454416243445639e-01 7.496690548342562765e-01 7.724513648435983315e-01 7.284562727463346210e-01 7.097681632590188139e-01 8.157142397863510475e-01 7.984292885902194437e-01 8.266891375156739663e-01 7.461052409794916018e-01 7.619916495216438879e-01 8.055263890555610651e-01 8.044688037879428322e-01 7.662698179442001267e-01 7.893458422778235617e-01 7.676761947926245000e-01 7.513989796443724112e-01 7.691599459463283051e-01 8.009886328094548702e-01 8.268078244351073636e-01 8.154257204188790631e-01 8.118605672610041957e-01 8.276692256241895418e-01 7.919244035333043996e-01 8.217539497751936706e-01 8.205630526848491924e-01 8.285836324509496809e-01 7.821300550630233550e-01 7.877076352188782105e-01 7.728737085714807442e-01 7.506366769721284360e-01 7.844302360707262611e-01 7.328156405112795646e-01 7.740314845938442989e-01 7.748424643170443993e-01 7.849080150090480545e-01 8.113554810933986117e-01 7.456033858848830631e-01 7.840640872661520655e-01 7.891717856006543741e-01 7.803038695524511237e-01 7.804945239501700494e-01 7.780301701219567434e-01 7.603795018800562078e-01 7.736711975932937246e-01 7.664450540443453752e-01 7.680109786567687058e-01 7.862982116857132331e-01 7.947404260695308809e-01 8.135829350422747464e-01 8.110442177586681956e-01 7.927713309193066271e-01 7.956440782475423523e-01 8.085661361443753359e-01 7.893012335865700058e-01 8.138903369541059529e-01 8.097505632868797765e-01 8.177379527173535001e-01 7.924086631576741091e-01 8.238447165691797913e-01 8.096919087721498043e-01 8.156143569665907922e-01 8.063552487547449577e-01 8.018441610085705884e-01 8.133125528593552200e-01 8.047660258971904845e-01 8.037235182881317108e-01 8.075302059068596439e-01 8.123431614558106473e-01 8.188734815917296794e-01 8.075531532722500794e-01 8.257661309751018752e-01 8.040454831431512739e-01 8.021133474062264179e-01 8.190147153286175818e-01 7.840067090173842290e-01 7.849630328302533711e-01 7.865668781917486418e-01 7.593399518404999604e-01 7.929279958877590850e-01 8.022874681310473433e-01 8.013013568340303650e-01 7.790213289945298047e-01 7.750346421784620743e-01 7.925636175616028734e-01 7.817661741362083028e-01 7.650369323834049773e-01 7.841533172216936798e-01 7.891464916185727541e-01 7.969981069133580398e-01 7.924102492905320538e-01 7.964786250659200428e-01 7.829909094778456646e-01 7.829200578214910999e-01 7.827354540185974541e-01 7.730792932444675580e-01 7.705271038439752695e-01
7.505184977522563750e-02 2.128537853994952045e-01 3.429106235605349218e-01 5.876719543219359743e-01 4.827213301596878225e-01 5.033942995946839583e-01 7.464368839326614991e-01 1.000000000000000000e+00 6.920238220058730905e-01 6.611092684198486280e-01 7.321074648708415511e-01 7.827746080583585231e-01 7.090216556112854951e-01 6.174232275973088324e-01 8.054992531442315418e-01 8.147602420862517514e-01 7.094059787851431098e-01 7.295048920128752723e-01 7.321418023288137622e-01 6.601794735537013237e-01 7.180856477137963489e-01 7.469171680694816073e-01 7.464592109677128384e-01 7.186071303157303136e-01 6.980843581768544359e-01 7.835561319351466159e-01 7.682841804750365489e-01 7.893816891091728349e-01 7.131713298808188828e-01 7.192565573838026749e-01 7.759198897450613197e-01 7.847300344324720234e-01 7.404282852618789823e-01 7.745179664568465627e-01 7.409176028217606680e-01 7.391014149867712879e-01 7.394744164521964702e-01 7.998695378567646230e-01 8.084122094715304740e-01 7.843571180569042234e-01 7.907055579796226086e-01 8.108938976093150730e-01 7.837675388754160588e-01 8.190266566688741978e-01 8.026075697970355138e-01 8.083756531451137262e-01 7.726956516022844834e-01 7.768792481812892836e-01 7.639195852589415470e-01 7.533757169464518899e-01 7.907120021685460909e-01 7.232773848335070088e-01 7.636180632348057440e-01 7.652936438941017050e-01 7.823465353039606995e-01 8.032514200644438329e-01 7.399215318130876184e-01 7.873593846582447320e-01 7.933018076063627078e-01 7.663744612898371056e-01 7.779220775324700021e-01 7.705984607937443887e-01 7.595858827966884830e-01 7.626963766947710832e-01 7.595468151874665841e-01 7.527001653489008293e-01 7.782673364492693757e-01 7.868846594658790439e-01 7.966637453419582737e-01 7.938515933536794966e-01 7.920502727288039058e-01 7.864554280842724898e-01 7.929664463430454724e-01 7.833714836476390886e-01 7.922010626990142468e-01 7.872853007698141781e-01 7.923183876848117757e-01 7.731848667350579296e-01 7.945519663943223510e-01 7.810773087801065051e-01 7.889774923987419308e-01 7.842771829403518691e-01 7.933277716808426749e-01 7.911770868743274177e-01 7.943118149583852095e-01 7.902567033178791167e-01 7.854525499294000568e-01 8.081101092851356027e-01 7.985407374377028189e-01 8.033507432186784980e-01 7.996030934727368367e-01 7.895349557972681787e-01 7.857644457966680429e-01 8.015007726975131863e-01 7.695143499738846815e-01 7.741118205994923507e-01 7.850578575766274936e-01 7.635949270444477577e-01 7.835090612247824771e-01 7.978293438000657600e-01 7.919626751645997276e-01 7.808277833581935834e-01 7.662122317633296431e-01 7.885897820260654445e-01 7.755860889876569075e-01 7.575321394126870445e-01 7.766124043434040614e-01 7.768846668808989664e-01 7.869318225957473434e-01 7.858110421112319832e-01 7.896118680363450881e-01 7.701394053011308971e-01 7.729447323238429757e-01 7.753371420284412840e-01 7.652585434422042310e-01 7.580352190040569038e-01
1.855035268643950019e-01 2.338111673329900109e-01 3.584501917267153281e-01 5.441821354393967525e-01 4.668655373066520897e-01 5.098782809055535381e-01 7.186278550958058453e-01 6.920238220058730905e-01 1.000000000000000000e+00 7.503620922922915604e-01 8.030735878586575671e-01 8.204318532218746185e-01 7.544150750760195701e-01 6.420016934207284365e-01 8.288230445178462746e-01 8.256450532739280090e-01 7.925165591469367499e-01 7.045899636828223400e-01 7.479605836642235772e-01 6.526511429419642463e-01 6.925333067396390874e-01 7.495637166494857340e-01 7.487598730009338288e-01 6.772362273193353044e-01 7.076670843281842593e-01 8.300971253223604629e-01 8.159266186248080865e-01 8.048795303730643669e-01 7.872102218702500265e-01 7.517529130590479003e-01 8.091269390964136443e-01 8.176714394396522589e-01 7.393131962040493388e-01 7.807038024480495997e-01 7.768680321236814956e-01 7.424220314648427577e-01 7.693531988693039780e-01 7.996044852848890327e-01 8.208989945678136779e-01 7.570141200238535983e-01 8.479611907581972030e-01 8.175066490581882617e-01 7.812986606673727463e-01 8.465700284676521692e-01 8.278320343195356701e-01 8.185009595991388220e-01 8.503951548824305595e-01 8.573990797144462883e-01 8.522198964738052496e-01 7.895352214825441806e-01 8.327894592584883515e-01 7.795290068247595627e-01 8.503477827976110293e-01 8.615043956005243864e-01 8.572397482300261329e-01 8.350299097332057885e-01 8.484211639611710654e-01 8.420015139851333430e-01 8.487527636148728405e-01 8.649858947787572028e-01 8.539735456084663889e-01 8.662023125085055453e-01 8.465658543645454559e-01 8.647975802342339202e-01 8.584080698195551973e-01 8.666888035561619574e-01 8.504683790045480807e-01 8.416500364465879791e-01 8.483489936983334978e-01 8.503409169229608766e-01 8.363692261547663875e-01 8.517292394941554656e-01 8.300755299422939437e-01 8.244777901503101969e-01 8.584210566370679141e-01 8.528425898147988793e-01 8.534009761785839032e-01 8.544590692763597284e-01 8.435367057603606611e-01 8.454979857621649497e-01 8.477317416623353363e-01 8.516026734444235302e-01 8.450486054914785328e-01 8.395119703392932564e-01 8.192003729827518343e-01 8.356660959432035130e-01 8.332636676163062139e-01 8.321987921725524373e-01 8.400589770557200797e-01 8.418584556140716879e-01 8.300941456854099565e-01 8.403655263950180476e-01 8.410864087180364157e-01 8.402768591580277446e-01 8.451454861658882489e-01 8.492085369869298850e-01 8.072332908943550267e-01 8.231987659977783034e-01 8.343918344135496934e-01 8.357960919135570821e-01 8.240150463702501371e-01 8.329253348330850626e-01 8.431986640354893758e-01 8.417158339480539375e-01 8.326489545508931611e-01 8.375913536012223881e-01 8.489176061104275473e-01 8.522767165773837972e-01 8.517267407180095784e-01 8.565063639882606328e-01 8.405209774320909766e-01 8.535943115165095518e-01 8.530653509309926719e-01 8.469499866824101719e-01 8.554632443450694845e-01 8.506622949690098023e-01
8.566393625082700802e-02 2.479422096479820814e-01 3.286214795482124140e-01 4.818185372309060077e-01 4.161808893451914293e-01 4.985736869991104769e-01 6.914070099145118720e-01 6.611092684198486280e-01 7.503620922922915604e-01 1.000000000000000000e+00 7.428110660235803797e-01 7.679394837850276323e-01 6.920914297734114262e-01 6.068970599204159821e-01 7.836207143427362798e-01 7.777572782666595241e-01 7.002216148165690823e-01 6.507215347005623762e-01 6.902649345437910089e-01 5.945095373832467445e-01 6.445312968085764593e-01 6.910149670709554437e-01 7.128637910296884428e-01 6.388891225650503713e-01 6.585105859002089446e-01 7.588253256076868958e-01 7.626613957421314316e-01 7.569482781246327230e-01 7.414738138698577785e-01 6.942946025421019574e-01 7.667785304568103255e-01 7.825878320030089652e-01 7.025107902769572865e-01 7.479144147811094268e-01 7.145619020468498839e-01 7.029851408543378311e-01 7.120705419151720506e-01 7.801484431908732864e-01 7.766127599873562382e-01 7.335364141441963470e-01 8.030674190018712855e-01 7.780675576418794037e-01 7.259855572425275572e-01 7.953354018458167474e-01 7.829832932578789650e-01 7.802194076786043153e-01 8.068581183676934998e-01 8.178669573613268629e-01 8.040696173565837768e-01 7.475230108889161507e-01 7.892801413054864046e-01 7.002063747482375478e-01 7.753537573126767501e-01 8.115543159530975714e-01 8.048494767689718943e-01 8.026298299833768413e-01 7.716176490805350952e-01 7.947711842085237732e-01 8.115491295370161895e-01 8.001881855145206446e-01 7.853643405201561345e-01 8.073756710714350415e-01 7.896431037336908432e-01 7.994427265788622838e-01 7.885439484663265830e-01 7.948259516728943819e-01 8.073043517732323426e-01 7.930677285923993791e-01 8.067344061628879404e-01 7.996965769897333987e-01 7.876027554917460760e-01 8.012369277706862247e-01 7.911933236191120988e-01 7.835680711126622455e-01 8.100732977422223646e-01 8.076675544956721797e-01 8.096081714245405569e-01 8.132092750604830167e-01 8.036575624446170574e-01 7.945684733526192645e-01 7.976414864317641351e-01 8.111319561746028750e-01 8.064358189211529027e-01 7.901795962077488023e-01 7.839235771834937028e-01 7.957994592996555649e-01 7.925365997390114714e-01 7.993954651861864269e-01 7.987878257251891378e-01 8.061885605258731768e-01 7.949573462719021766e-01 8.001793114047107691e-01 7.997813833982398979e-01 8.014849743199070620e-01 8.049351202742843769e-01 8.094541240340377142e-01 7.700047808921396397e-01 7.634133868929294797e-01 7.879074206989995499e-01 7.937888595235392808e-01 7.804163976113600576e-01 7.824217506390028776e-01 7.866197564030285028e-01 7.936188427661901024e-01 7.809847750048747317e-01 7.823016534256003185e-01 8.001556420317014195e-01 8.123796376829236499e-01 8.093348257528916179e-01 8.088034545499468431e-01 8.061019403157790864e-01 8.022234696882963867e-01 8.027883797955747136e-01 7.929597799929284374e-01 8.010115541834369468e-01 7.930142808926078368e-01
7.401726907431865898e-02 1.932038631549310714e-01 3.852387405524249631e-01 5.880950891198420960e-01 4.810778936474769396e-01 5.514268599067357890e-01 7.616543120511728437e-01 7.321074648708415511e-01 8.030735878586575671e-01 7.428110660235803797e-01 1.000000000000000000e+00 8.715892287330435639e-01 7.690130957840870529e-01 6.908017415447389453e-01 8.703772910953282427e-01 8.559496955169779708e-01 7.866728782214167381e-01 7.467991704581126156e-01 7.908706921521194699e-01 6.501948068723122365e-01 7.286123017779362332e-01 7.959872471832289964e-01 7.752960425569074276e-01 7.326637016523948054e-01 7.603038046246065607e-01 8.510499338909216505e-01 8.667997216423951601e-01 8.544068125350184895e-01 8.040905951092192083e-01 8.142849025546627928e-01 8.682621639329891616e-01 8.484304467456860177e-01 7.893260380740838578e-01 8.226517543569397128e-01 8.139680094876143857e-01 8.090309936517564582e-01 8.343471061018069568e-01 8.297571229245875868e-01 8.720487861566874610e-01 8.244281891538927098e-01 8.867662427983853402e-01 8.730106944745209541e-01 8.375896602121846168e-01 8.864946831039784980e-01 8.824051956053775569e-01 8.824618020819318120e-01 8.831922456725441739e-01 8.845757720859606099e-01 8.698152655428368352e-01 8.216539548671780713e-01 8.560805870000492979e-01 8.276629945268264565e-01 8.759988082455461011e-01 8.732903925526792621e-01 8.720276455240987268e-01 8.750133662021232217e-01 8.578604041206182584e-01 8.746920221505120052e-01 8.728507478137862430e-01 8.799879200567264359e-01 8.819280079722503496e-01 8.816002093169816867e-01 8.646238437374357266e-01 8.803535684671712769e-01 8.779362036327091889e-01 8.779410339917669281e-01 8.876527509707031749e-01 8.889112207309936009e-01 8.882128840816456705e-01 8.867013508453414072e-01 8.855415271435896907e-01 8.924326214451698824e-01 8.772470081500226557e-01 8.784227280974624685e-01 8.982993721770545781e-01 8.996600892904003111e-01 9.004662733870131275e-01 8.899829032368921089e-01 8.941716632967474654e-01 8.903842786051412439e-01 8.950777298107566171e-01 8.985375811973254079e-01 8.868591046210604345e-01 8.840443461191355157e-01 8.711434198687654229e-01 8.823716426440890714e-01 8.878206854952551685e-01 8.805683228485324809e-01 8.901709048712423966e-01 8.855568952298585872e-01 8.883803169650300591e-01 8.885345591727548120e-01 8.910870311858088977e-01 8.910667354299305343e-01 8.846645811837356987e-01 8.856952492938272581e-01 8.676354836234607681e-01 8.664780836275192133e-01 8.825497757099558527e-01 8.832637218168231108e-01 8.783045368689054166e-01 8.753576973099029823e-01 8.803417732496966464e-01 8.855045553162617100e-01 8.828196230594426153e-01 8.771139583114215821e-01 8.846850235258195694e-01 8.872002233620401856e-01 8.892257546851664030e-01 8.897309152627866924e-01 8.818015236337843898e-01 8.860928186979657450e-01 8.854024599407342988e-01 8.862903036261462475e-01 8.842409341271164624e-01 8.822688107232657950e-01
7.808745618557286217e-02 1.943096840474666520e-01 4.043923230533000290e-01 6.421875981308101666e-01 4.909249274635860139e-01 5.891948101123749559e-01 7.927021412375181431e-01 7.827746080583585231e-01 8.204318532218746185e-01 7.679394837850276323e-01 8.715892287330435639e-01 1.000000000000000000e+00 8.082381370935330933e-01 7.173895837403695408e-01 9.124951976874901005e-01 9.034798662628007460e-01 8.261671856228759436e-01 7.721797223497416374e-01 8.153087961641316550e-01 6.624088777703713848e-01 7.787481094326899056e-01 8.276630702661489369e-01 7.996668851673512934e-01 7.400021769725045884e-01 7.676774253958327243e-01 8.787982397513300903e-01 8.832822139726773658e-01 8.846934463716551456e-01 8.055164078194240185e-01 8.268333261770030029e-01 8.843058423372097687e-01 8.837174084362433568e-01 8.411459371546768926e-01 8.634550774160608677e-01 8.571558010782384107e-01 8.621726041261058571e-01 8.748761580906401214e-01 8.837737297660762659e-01 9.252594550267616569e-01 8.796413552941265701e-01 9.284226797154262467e-01 9.249255447497987115e-01 8.890351442351234201e-01 9.390918336535243327e-01 9.225116440300550336e-01 9.275458215047984734e-01 9.227676253575505250e-01 9.259900548311085222e-01 9.099147923717638697e-01 8.706305733766319666e-01 9.049161937545433521e-01 8.668732348437525603e-01 9.140259565553487953e-01 9.092964259602900334e-01 9.117428011308764679e-01 9.191799189929266145e-01 8.961614326945692710e-01 9.205683788584144711e-01 9.220819559361332907e-01 9.171967677959372844e-01 9.217926006569201469e-01 9.197356542679886449e-01 9.061637232936898823e-01 9.184757288301425016e-01 9.134898295626319165e-01 9.141930815146654954e-01 9.237341533115275283e-01 9.230210623209142984e-01 9.193198692635603519e-01 9.198483768007938988e-01 9.278365394951479939e-01 9.257489600737529578e-01 9.044155019089269443e-01 9.060849384927617267e-01 9.328670777291947491e-01 9.329695988251323069e-01 9.301431464570736329e-01 9.112922083082402036e-01 9.193658893518033004e-01 9.218179483552555453e-01 9.297009876725985666e-01 9.285798940722401751e-01 9.227544665800089252e-01 9.230712143886863341e-01 9.095143378636191267e-01 9.190229295117813280e-01 9.293093104914935676e-01 9.250164410401864323e-01 9.327547485951118711e-01 9.252168917619193467e-01 9.299608831134927867e-01 9.308464697151841438e-01 9.297801204442484035e-01 9.347739365149027035e-01 9.219642399536640553e-01 9.245982100691968464e-01 9.099966602963917017e-01 9.055713050597463676e-01 9.216486203293817736e-01 9.260482313066858984e-01 9.210563956072124192e-01 9.180373899078234645e-01 9.210728105601607707e-01 9.283027311959533012e-01 9.234145432442157908e-01 9.135388217573016112e-01 9.229597688594096683e-01 9.219015123567886327e-01 9.268809335699063068e-01 9.311502647892332396e-01 9.259909106890988895e-01 9.244687219841812853e-01 9.245659417239346922e-01 9.256309942476055319e-01 9.215255622670276425e-01 9.193663459343599520e-01
4.990137616627046691e-02 1.320218598114248076e-01 3.075301609677361103e-01 5.255348645924533546e-01 5.012917925191509028e-01 5.087134021754649016e-01 7.114082486333551669e-01 7.090216556112854951e-01 7.544150750760195701e-01 6.920914297734114262e-01 7.690130957840870529e-01 8.082381370935330933e-01 1.000000000000000000e+00 6.418841699567746639e-01 8.295961405363726504e-01 8.280933316311955839e-01 7.382352085575681899e-01 6.733055833341159424e-01 7.176321373462948294e-01 6.092238898827599947e-01 6.555496490573056168e-01 7.309234180906268863e-01 7.211921609795897137e-01 6.720254822656521743e-01 6.900600577553551718e-01 7.808374313666146538e-01 7.798960661937986982e-01 7.706015983869735075e-01 7.064872630597900383e-01 6.971521916184529877e-01 7.781846187633241207e-01 7.986124794056213005e-01 7.148181613845782101e-01 7.733832185114054569e-01 7.443258439321189801e-01 7.506406640399385655e-01 7.532541688220754095e-01 7.765983477833041659e-01 8.080822121900641530e-01 7.713149956741824909e-01 8.400212388997021495e-01 8.293913794646898818e-01 8.069228681626458011e-01 8.440180105485997064e-01 8.277133506480800484e-01 8.178886513324179486e-01 8.445680455639811290e-01 8.476660269749322074e-01 8.226358413381450463e-01 7.677363783153753340e-01 8.058696816201590396e-01 7.988880744231829922e-01 8.383356603919973615e-01 8.320050578409101671e-01 8.291304765389304610e-01 8.256433838233865341e-01 8.057941553942873369e-01 8.468868938696011428e-01 8.309362519875911346e-01 8.551025926723563320e-01 8.470786211589631520e-01 8.408380881361711134e-01 8.163826842635052428e-01 8.359121660952306687e-01 8.414590423589797252e-01 8.384414751312795344e-01 8.476002140258721562e-01 8.426061898492042124e-01 8.427868547703942781e-01 8.433946097404345643e-01 8.357508563623263775e-01 8.445521523474348591e-01 8.302102547321945636e-01 8.234336664465697897e-01 8.477953415605089527e-01 8.450137150743625147e-01 8.397186705662207373e-01 8.272932331422999663e-01 8.359058233494006673e-01 8.298681181556182285e-01 8.353238781434074722e-01 8.402545269076038270e-01 8.360654164634683250e-01 8.325663369018505566e-01 8.302048838608171444e-01 8.385860415366316323e-01 8.362974162662843991e-01 8.411606188863265388e-01 8.465429698688679006e-01 8.414877291409502691e-01 8.400349547217005330e-01 8.500007405464585775e-01 8.503241587473943097e-01 8.479287581712267041e-01 8.498392226268474126e-01 8.499212609774853266e-01 8.265652174716684453e-01 8.200626578604932604e-01 8.436409488528586742e-01 8.436005847143638325e-01 8.420380282429754670e-01 8.363179061231315048e-01 8.479386342417709610e-01 8.516972999734764294e-01 8.472259317259570599e-01 8.366831507356697895e-01 8.442847831231854450e-01 8.491173871406659801e-01 8.508804439525691210e-01 8.549244003254704571e-01 8.451620013206345705e-01 8.568946210908900962e-01 8.513103268318881200e-01 8.456648165329944122e-01 8.499738399171152814e-01 8.493505882561669385e-01
