1.000000000000000000e+00 1.336164791829472787e-01 1.336184882479932445e-01 5.841450578397660437e-02 -1.859164049044722059e-02 -1.229444776922002970e-03 1.097330170975057730e-02 3.593955130252843994e-02 9.318576624534284647e-02 5.945932663477558611e-02 3.592171407492923685e-02 5.240492474734242262e-02 4.596548466632733969e-03 -7.650359775740154210e-03 1.176683644891274652e-02 2.618657659623068942e-02 1.136238478375815875e-01 1.157996925199931276e-01 9.825439414820535955e-02 6.218871195347619452e-02 8.065050288219223484e-02 1.030197404049588428e-01 1.162343857979559747e-01 8.724226694121114956e-02 1.230570552516872945e-01 9.434281306777028697e-02 9.547909032420280606e-02 8.926327505953002284e-02 1.038728146610776587e-01 1.445842015625252996e-01 1.099963345803972176e-01 5.940632940075004503e-02 4.449096957333385088e-02 5.310564510504114238e-02 1.000230572255475653e-01 7.711949945971392772e-02 6.808405476692828973e-02 2.116616558985729216e-02 2.948296119620662931e-02 6.794438722628642121e-05 3.270316813293057401e-02 1.246934892521427141e-02 2.072583235138991328e-02 2.779329725459958253e-02 3.826589948103385069e-02 1.629905065412481577e-02 6.879972786705611069e-03 1.272532027457479523e-02 3.383497567831970226e-02 5.092656734758681247e-02 5.280518886490397773e-02 4.224642480289130669e-02 4.470635089248715249e-02 1.907953370155496264e-02 1.709859197929134572e-02 2.013486912557550801e-02 5.440420365448134232e-02 -1.041666862177900200e-02 9.662326737316677058e-03 5.507445506459937579e-02 3.284613691771903765e-02 2.168797131076078202e-02 1.810032140363891304e-02 4.729819902697354056e-02 6.289375261489850433e-02 5.162901183361316704e-02 2.718903746872042629e-02 2.441085940598321929e-02 3.839232538983132492e-02 3.427684459110986320e-02 3.539116364663194569e-02 4.274934130875986810e-02 3.073005031453602404e-02 4.978814210923738354e-02 3.721416391319831707e-02 3.998433210883162170e-02 3.194314592025164490e-02 5.457412833683063236e-02 3.885685628195023611e-02 6.345432718702261055e-02 5.413967188080649057e-02 4.416495602291251737e-02 4.444403183316967404e-02 3.629006336898039919e-02 2.435395867700592201e-02 3.178570673594446894e-02 3.040104522338129417e-02 1.143211796774015049e-02 1.562931737107394609e-02 2.365450175861828069e-02 1.052101771377577689e-02 8.361807733923592653e-03 1.402068826544794825e-02 1.049694507166642858e-02 8.780995524799328766e-03 1.040743709330179713e-02 8.647093191563278922e-03 6.114909452110114940e-02 1.589089055217809271e-02 3.196268832989078434e-02 2.145954529484781804e-03 1.061123464111051427e-02 2.642482450328711291e-02 1.315203311641948217e-02 3.555289451825893038e-02 3.412833633112585807e-02 2.381813924351474862e-02 1.277146335244257712e-02 5.551446555330738671e-03 9.080784382295384316e-03 -1.585859864525315799e-02 1.903261266917642691e-02 6.756360551064067091e-03 2.620035620057314246e-02 2.900142446537294985e-02 2.845274915052451933e-02
1.336164791829472787e-01 1.000000000000000000e+00 6.413514572156076010e-02 2.414254959085488511e-02 7.403193636955343604e-02 8.912647805906832865e-02 1.314776132631079175e-01 1.134811120414114805e-01 1.899052334395674169e-01 1.953703392406305195e-01 1.332905358696053200e-01 1.268337037747412355e-01 9.961877470513454125e-02 1.095077899223304563e-01 1.378485247334764185e-01 1.464819047503132243e-01 1.468029522393055342e-01 6.658504599774035804e-02 1.038499231198186795e-01 2.581347910538390328e-02 -9.784167305923217178e-03 7.255282137773715057e-02 9.506911263155820579e-02 6.538201193112877507e-02 1.038560365480947212e-01 1.515785058629417759e-01 1.602593444860874461e-01 1.438169407122227295e-01 1.887450769730047440e-01 2.206378277525891662e-01 1.884695725251852860e-01 1.110967961588916197e-01 1.297250912886360741e-01 1.025440180750299274e-01 1.587153595472614864e-01 1.204197649388955432e-01 1.576344274980645277e-01 1.106220377681775835e-01 1.387859407568120262e-01 9.291396065873233634e-02 1.456252301901742319e-01 1.188942019771151298e-01 1.099690650895672889e-01 1.397219827405135062e-01 1.365259546320495010e-01 1.397200992462352687e-01 1.378693107738889201e-01 1.429859481415039490e-01 1.535023492547514801e-01 1.051726231918431315e-01 1.301462136170694894e-01 1.056484805572391744e-01 1.404169604203671651e-01 1.428672457839186560e-01 1.217647015728227367e-01 1.034971405958979157e-01 1.336195853183290150e-01 1.217026064809950403e-01 1.329145879469550151e-01 1.572286072053539763e-01 1.458240750562669330e-01 1.389621741826552737e-01 1.284816482019228157e-01 1.549751898669070593e-01 1.533740387192936427e-01 1.391971550508349365e-01 1.452439231526506114e-01 1.316176678407025014e-01 1.420995052122265845e-01 1.129642159971843141e-01 1.279308400611324781e-01 1.442907979887841641e-01 1.165289920242083971e-01 1.296665368406097751e-01 1.516148393763938618e-01 1.542718668582374608e-01 1.562484545468051933e-01 1.735519276599055971e-01 1.610705452932952864e-01 1.822707981326223692e-01 1.671582349350880237e-01 1.714621612476675550e-01 1.339056693664574804e-01 1.622849360447748135e-01 1.332248870731555790e-01 1.372694031205391185e-01 1.454464842459645413e-01 1.269615515057446187e-01 1.437604281615189605e-01 1.290750703729951765e-01 1.299248596658001131e-01 1.326195624528654637e-01 1.398811463361460117e-01 1.467699446318152523e-01 1.455352070289136490e-01 1.472877329816278391e-01 1.015937012060627864e-01 1.284981293673331804e-01 1.384593088411069650e-01 1.317863493788136164e-01 1.253678246108966832e-01 1.383693247827286199e-01 1.398786668343021122e-01 1.360329352765098920e-01 1.315518783881969578e-01 1.364178753797792853e-01 1.459732263734586366e-01 1.528879324573118037e-01 1.425789352829436030e-01 1.381529549192999640e-01 1.272193825113854815e-01 1.524469929625706377e-01 1.413054258943989561e-01 1.517068053055996013e-01 1.474153627503014541e-01 1.413415094401857530e-01
1.336184882479932445e-01 6.413514572156076010e-02 1.000000000000000000e+00 3.022055175239596880e-01 1.890302610566448327e-01 2.209831097391026511e-01 3.024967764573925910e-01 3.220262635636947368e-01 3.519086075339151742e-01 3.185374478408971588e-01 3.543346026227610635e-01 3.978578566621317480e-01 3.047250848024668501e-01 2.637798766181015941e-01 3.614007665893137489e-01 3.648825866012401220e-01 3.633784721120946748e-01 3.869126305906865348e-01 3.829549927172710699e-01 3.372554568344754422e-01 3.743427770311113512e-01 3.994723797937023146e-01 3.809136546846473292e-01 3.505908289430640923e-01 3.840028506916137729e-01 3.890958547291367697e-01 4.055429900139497223e-01 3.968869876107449790e-01 3.932727171928995791e-01 4.005729661449611290e-01 4.026599523603185959e-01 3.818622982338643057e-01 3.738965937485680402e-01 3.708253997269491120e-01 3.904110610567088635e-01 3.803523714058300031e-01 3.826569310026370907e-01 3.647824365709084748e-01 3.726874356772838515e-01 3.632176573509574569e-01 3.730148959621652494e-01 3.684482373606882688e-01 3.559409973452138387e-01 3.775794627779644475e-01 3.876470783563626399e-01 3.778693479266371780e-01 3.585910329550768827e-01 3.642892702098549096e-01 3.670293436778711560e-01 3.762570993621816018e-01 3.751871740555232093e-01 3.737863037559072676e-01 3.755530589724087598e-01 3.631208928901636934e-01 3.585793748214145538e-01 3.669152226678588646e-01 3.691567466578699053e-01 3.569575447654388944e-01 3.614220594414921939e-01 3.682164317431713130e-01 3.703044624204387403e-01 3.623879101070457964e-01 3.628666267298945591e-01 3.662553656740629715e-01 3.799092130178480242e-01 3.775605032336228906e-01 3.741633165869868161e-01 3.747141716191881300e-01 3.768430823698638021e-01 3.826334166959396432e-01 3.885958172294686208e-01 3.883515910969771445e-01 3.713066789473789542e-01 3.879738534517623849e-01 3.810378058659462108e-01 3.850373456238306846e-01 3.819789570982344840e-01 3.880306362692323985e-01 3.788880863356158812e-01 3.878430817331333103e-01 3.844324810304438067e-01 3.855674376536202819e-01 3.762509784104723365e-01 3.816891984745411914e-01 3.704188845612542136e-01 3.761344946051300986e-01 3.790232689695016699e-01 3.681154624744947257e-01 3.694184943434064006e-01 3.728390227364558052e-01 3.719895843750625208e-01 3.699541279205100230e-01 3.760301273675424327e-01 3.712577851127183415e-01 3.641563065452668724e-01 3.618106491521965729e-01 3.627864493861319706e-01 3.700892683830380170e-01 3.605036578320555130e-01 3.710789228166881393e-01 3.602981754765562927e-01 3.607233794623355694e-01 3.684646733148154163e-01 3.654587621262201935e-01 3.768278971178285475e-01 3.628334747318966436e-01 3.653441905705961390e-01 3.619144879502197987e-01 3.602614124047916477e-01 3.632084232048086170e-01 3.538284569229522281e-01 3.611071247912611692e-01 3.565521978299943662e-01 3.626962094395684844e-01 3.696698815827365592e-01 3.687229011317650906e-01
5.841450578397660437e-02 2.414254959085488511e-02 3.022055175239596880e-01 1.000000000000000000e+00 2.759230111644021544e-01 3.632396983329972961e-01 4.746571483544249070e-01 5.071369450810014889e-01 5.180850520439191920e-01 4.855869730328448153e-01 5.577306144877463012e-01 6.391725039689715171e-01 5.268519745022024470e-01 4.383958851074808982e-01 5.661177855267225389e-01 5.770537671661629675e-01 5.499353350606859259e-01 5.524808841172377250e-01 5.730337597692776175e-01 5.300174994001624063e-01 6.286061027009097746e-01 6.113656503504483197e-01 5.824241135445105133e-01 5.405531295172094630e-01 5.552796394729498930e-01 5.891168956061632045e-01 5.944928590974681848e-01 5.939212478174463739e-01 5.509089554738083594e-01 5.544903842462800547e-01 5.796998421489972797e-01 6.230949799544452938e-01 5.863934005006840033e-01 6.036245424412974847e-01 5.789594378065667790e-01 6.146478578119661806e-01 5.834796179214164491e-01 6.007283652797426043e-01 6.033665454290909613e-01 6.051344952203011607e-01 6.041245380726769643e-01 6.008940934886484175e-01 5.963511996138228799e-01 6.079492134323164487e-01 6.065429955103102122e-01 5.889409244743140093e-01 5.907734184717449155e-01 5.857429075293211218e-01 5.897344997505244990e-01 6.129154605659284938e-01 6.006673922844367741e-01 6.096497269523929452e-01 6.007083356146667441e-01 5.795979057561676528e-01 5.681639843964148007e-01 5.972267901442988025e-01 6.008884954304769543e-01 5.903087569344095398e-01 5.785957304637892040e-01 5.854828167098110603e-01 5.916465523138555449e-01 5.758952683929641214e-01 5.823573636647445539e-01 5.948386721930949417e-01 5.982928951360815262e-01 6.031739393832179497e-01 5.960612807456550089e-01 6.043208779289459542e-01 6.084171033399335959e-01 6.257138186503253818e-01 6.195928252465426889e-01 6.064632245376043729e-01 6.059196995257443152e-01 6.097124345298390313e-01 6.007718850199826877e-01 6.020286091149608110e-01 5.986019454330201439e-01 5.871182265546994739e-01 5.833425592557707207e-01 5.864979024411899333e-01 5.959468386254759276e-01 5.929454215226912517e-01 6.158767489186903754e-01 5.936842604637926346e-01 6.071744157730694091e-01 6.062581006569539577e-01 6.015240580927154745e-01 6.067153893214206617e-01 6.045457799839292212e-01 6.084217551855739536e-01 6.104802699427531731e-01 6.043827737101399311e-01 6.040100087900883707e-01 6.000615502564112802e-01 5.880025840826968997e-01 5.894948483932618277e-01 6.136903480337261296e-01 6.063377864433715514e-01 5.930921495835478341e-01 6.090698451237458455e-01 6.065773632198682153e-01 5.914694303144701903e-01 6.008852095208453425e-01 6.017044293994653348e-01 6.172784406461235829e-01 5.970306932816786816e-01 5.950293189388646820e-01 5.831818014365053315e-01 5.856176594416896419e-01 5.943974511459739762e-01 5.814925025892573318e-01 5.879613128876697292e-01 5.836724455460999827e-01 5.935355459464612959e-01 5.968079488844267866e-01 5.992984254120859999e-01
-1.859164049044722059e-02 7.403193636955343604e-02 1.890302610566448327e-01 2.759230111644021544e-01 1.000000000000000000e+00 2.988842017104827442e-01 4.525559389598413085e-01 4.677404557247496486e-01 4.198536081603945758e-01 3.993454082828131191e-01 4.164601657994746464e-01 4.474216181954044358e-01 4.392586525122629260e-01 3.474846993222238667e-01 4.860964961127120509e-01 4.960304082568698925e-01 3.935904803592126244e-01 3.411601536297160786e-01 3.863132494149703056e-01 3.537686370549848469e-01 3.724248101180693271e-01 3.940354494752421610e-01 3.774559455027287624e-01 3.402619158717801184e-01 3.368796341014203000e-01 4.476052337967754702e-01 4.280935962240114967e-01 4.212395642146327668e-01 3.883474545051175397e-01 4.095860776860985042e-01 4.363083434782925596e-01 4.384526240770975081e-01 4.140658816761629279e-01 4.134137124564185028e-01 4.222948143368424057e-01 4.286362789449784660e-01 4.369627767620578584e-01 4.472704609468867165e-01 4.714825532915121187e-01 4.424040075319651266e-01 4.736469265027077880e-01 4.721730639490679393e-01 4.740708814814572625e-01 4.814396103883800127e-01 4.689681739732062815e-01 4.695820387049307598e-01 4.826004192075964427e-01 4.787330671744257082e-01 4.749434416508777068e-01 4.434163723604765961e-01 4.561647944189519688e-01 4.537830864955296750e-01 4.679156574197624319e-01 4.768278221159196195e-01 4.578496850651120331e-01 4.585095445884617704e-01 4.730090388666341461e-01 4.849405930145381238e-01 4.696200021114778078e-01 4.844508661256009541e-01 4.862075783122643546e-01 4.785312243209888794e-01 4.774379398106448069e-01 4.774640572244783221e-01 4.678830664642785742e-01 4.735057263451846188e-01 4.771788322490100320e-01 4.672374365305677069e-01 4.677685024776458977e-01 4.734078632050643387e-01 4.711852380062523937e-01 4.705602694805913200e-01 4.474040887558946578e-01 4.495274955007554918e-01 4.765081554571839462e-01 4.755286206097438240e-01 4.691236248452063107e-01 4.507228327650220079e-01 4.697971282891675315e-01 4.690509837859384579e-01 4.699217514220330738e-01 4.728570787519911778e-01 4.676022412404958750e-01 4.678109669261664716e-01 4.660090433980817459e-01 4.632623579723332274e-01 4.724715707804861275e-01 4.779520982796325868e-01 4.796968949926558867e-01 4.780224458251635111e-01 4.726182834326129178e-01 4.794015612336939847e-01 4.766986536508230343e-01 4.807363078499069520e-01 4.819465883054595556e-01 4.826012575141470085e-01 4.743508081800464904e-01 4.710140200303687963e-01 4.826145091095478956e-01 4.761269819568831330e-01 4.851077229409540559e-01 4.844946572994691114e-01 4.841073900269472485e-01 4.843629022241726645e-01 4.772865717009752706e-01 4.816716467118727918e-01 4.797443648390281590e-01 4.861413455267006301e-01 4.829490420395523009e-01 4.835867468771546385e-01 4.842485160716851755e-01 4.832784789728152286e-01 4.852830196372655558e-01 4.859628933625137481e-01 4.766475718728512279e-01 4.808124719879489084e-01
-1.229444776922002970e-03 8.912647805906832865e-02 2.209831097391026511e-01 3.632396983329972961e-01 2.988842017104827442e-01 1.000000000000000000e+00 5.096326024521479203e-01 4.691547239162448535e-01 5.099624934364208606e-01 4.789048170213343059e-01 5.057504986776931721e-01 5.418297504871678605e-01 4.912970948580563935e-01 4.300963812864028735e-01 5.589184717068045316e-01 5.548479411066682410e-01 4.963407829577196062e-01 4.762289722165822803e-01 4.969097133170003455e-01 4.482628805222068635e-01 4.753116564888851814e-01 5.039209589189174165e-01 5.139827798665750347e-01 4.622196672928127748e-01 4.588767566323593283e-01 5.551573153998811128e-01 5.290026983929061455e-01 5.490013908802023890e-01 5.086821967267980416e-01 5.041569287331977289e-01 5.328208466956521061e-01 5.630704319209925979e-01 5.352560107234496378e-01 5.424740806562197148e-01 5.293335427418915939e-01 5.369844196506942113e-01 5.470095402143730912e-01 5.606842035889239018e-01 5.657776693907103915e-01 5.638832607578249112e-01 5.679415234339274532e-01 5.796000400958921661e-01 5.634310494698342442e-01 5.786135455833898433e-01 5.674667581394314819e-01 5.684741638339487757e-01 5.750681821624367140e-01 5.742867714497041920e-01 5.746614523973846422e-01 5.552102894715356118e-01 5.602938708423014225e-01 5.592926486081291060e-01 5.736890719696819962e-01 5.682971624785772002e-01 5.622690470686693143e-01 5.688036796770299386e-01 5.688563402339330555e-01 5.745327622464403428e-01 5.689902813522484948e-01 5.663195109201439870e-01 5.729029090105994815e-01 5.714423417731191446e-01 5.712453491692650598e-01 5.679998359377466111e-01 5.635178569663865655e-01 5.711544954843387201e-01 5.771526210630361087e-01 5.709553202415807993e-01 5.768469736486426802e-01 5.743924358842134037e-01 5.705064866937059609e-01 5.697781288934767874e-01 5.636808723146513600e-01 5.576206819228082257e-01 5.751295336881224740e-01 5.727262617827729718e-01 5.732815737953013135e-01 5.601359696139353028e-01 5.730036949840080496e-01 5.628057389704377300e-01 5.705924034685279089e-01 5.666602471488370041e-01 5.752308557508193365e-01 5.702894238459471632e-01 5.678998475119682032e-01 5.739299334379248663e-01 5.746348384382542474e-01 5.763639707581789118e-01 5.781541169730438634e-01 5.752813010557880080e-01 5.836778628413474834e-01 5.793638682752827451e-01 5.796125342979769890e-01 5.804190115090274160e-01 5.764967588507600160e-01 5.776269798562836399e-01 5.740734816316663824e-01 5.620809599175733418e-01 5.732311211798541972e-01 5.724835773869815236e-01 5.804817401307548197e-01 5.736564984569257897e-01 5.783890713834100028e-01 5.807150926388844336e-01 5.776126451089942382e-01 5.702819169260349152e-01 5.765610984208110468e-01 5.761354817937034412e-01 5.729252073503484644e-01 5.757978916455593899e-01 5.739951328644081752e-01 5.735805602463140973e-01 5.738923437023236707e-01 5.726549502358609933e-01 5.700849561596419424e-01 5.752379552622636227e-01
1.097330170975057730e-02 1.314776132631079175e-01 3.024967764573925910e-01 4.746571483544249070e-01 4.525559389598413085e-01 5.096326024521479203e-01 1.000000000000000000e+00 7.202632726052013989e-01 7.275303093480195438e-01 6.931057624885557100e-01 7.053065016087792793e-01 7.678598211194522793e-01 7.071026499535816301e-01 6.047881283046468992e-01 8.287810215728160790e-01 8.029504518977409466e-01 6.888392089641882654e-01 6.325126521390573853e-01 6.733268409499986173e-01 6.083384674392793290e-01 6.339691602922201685e-01 6.788363217351461865e-01 7.036447538247536659e-01 6.166672977059507454e-01 6.136751720700523993e-01 7.783059593050160041e-01 7.369304740456830149e-01 7.556131812294856198e-01 7.200135345127928188e-01 7.243536217994566151e-01 7.527421148275597051e-01 7.804152452940285034e-01 7.522071113513393303e-01 7.471730812984395120e-01 7.385244377724624609e-01 7.482793342326712338e-01 7.638575052841540813e-01 7.970989850469373250e-01 8.079449693247690023e-01 7.843597177536634213e-01 8.045881312679284969e-01 8.106768548424592158e-01 7.927856598220470730e-01 8.157388387312353162e-01 8.025967732665841847e-01 8.044760754906137290e-01 8.113397763452635525e-01 8.110712718879038441e-01 8.123306318744998311e-01 7.782409317644748414e-01 7.941182847012058232e-01 7.596270140365344314e-01 8.014207502188355203e-01 8.033311026168832303e-01 7.885432219785540875e-01 8.026117568584840711e-01 7.954299609286094030e-01 8.094370564611742536e-01 8.102988568410890435e-01 8.009169287700870221e-01 8.107599426999895220e-01 8.053733422696565114e-01 8.056726865463977871e-01 8.028421027779355512e-01 7.860200200438277607e-01 7.984355646824421449e-01 8.111647455134658458e-01 8.010295124093443908e-01 8.096988550692798547e-01 8.084482786140890775e-01 7.952722840734003373e-01 8.011407433770993958e-01 7.828310949431944721e-01 7.773102413028442070e-01 8.142343541501587678e-01 8.094251318225444969e-01 8.099501177727140844e-01 7.886853246784961691e-01 8.080250970406145372e-01 7.986148882027270801e-01 8.056486504398451265e-01 8.037346593500773739e-01 8.127084154255755921e-01 8.077415730591387399e-01 8.036849136685335626e-01 8.039479034235899046e-01 8.075503821533818183e-01 8.200668371534283185e-01 8.148574854406331891e-01 8.188665002557593553e-01 8.160897526733168483e-01 8.191631418317546487e-01 8.155128147045499487e-01 8.201451430116121211e-01 8.158068793132193797e-01 8.164342771931115683e-01 8.138485544128103433e-01 7.966013767840344206e-01 8.148322566361390074e-01 8.161188598280473272e-01 8.181367363058957842e-01 8.169127249077843267e-01 8.107143459158384635e-01 8.171306165775813479e-01 8.068715944434813325e-01 8.099164533579683578e-01 8.177048646691302825e-01 8.163907770536966702e-01 8.188019112045208381e-01 8.184543870108974550e-01 8.199711737008492651e-01 8.136218870009676030e-01 8.171974835239744772e-01 8.135848698432140980e-01 8.057107158308476347e-01 8.085974739612596940e-01
3.593955130252843994e-02 1.134811120414114805e-01 3.220262635636947368e-01 5.071369450810014889e-01 4.677404557247496486e-01 4.691547239162448535e-01 7.202632726052013989e-01 1.000000000000000000e+00 6.981114521527401751e-01 6.621675645751152750e-01 6.947221942120034299e-01 7.533904239403461656e-01 7.044821050357644721e-01 5.863959833912657515e-01 7.965076521008754851e-01 8.104169069648068380e-01 6.819467805145257300e-01 6.244833767186974693e-01 6.648469426684353589e-01 6.089881285691736146e-01 6.576619330600582680e-01 6.997755960455723789e-01 6.810974197075957415e-01 6.042669558240164607e-01 6.045282577464575757e-01 7.616697129751245354e-01 7.219493070631113341e-01 7.219382220193515387e-01 6.918403012078331304e-01 7.028787334909749607e-01 7.407282133395607371e-01 7.603735836585295838e-01 7.087665117829695660e-01 7.160204665522481582e-01 7.232269847760610659e-01 7.211414067401108463e-01 7.356334010973886173e-01 7.653382467997130734e-01 7.763520517535613674e-01 7.314809456398727594e-01 7.800274688133529422e-01 7.825356479596746739e-01 7.678830934446263523e-01 7.960317390780191626e-01 7.718590193633718677e-01 7.807529371854172728e-01 7.880207340116522907e-01 7.888891532311355093e-01 7.938494743619305405e-01 7.588999467295657331e-01 7.730467717230781188e-01 7.456515732904079874e-01 7.813224662039246482e-01 7.917359585041540138e-01 7.833955831861857400e-01 7.801639034727868571e-01 7.932758689637856575e-01 7.927036657984345425e-01 7.915118175183643023e-01 7.953972093408993027e-01 8.015130963447800738e-01 7.986411097358931954e-01 7.988370904450398102e-01 7.918396546875908770e-01 7.766639711467204776e-01 7.916247911559480821e-01 7.910407337952336526e-01 7.802964455533645260e-01 7.863839941940896638e-01 7.905402558918770417e-01 7.877695896256793340e-01 7.859905379134007886e-01 7.602883784004538237e-01 7.569149724943644575e-01 7.902977248843985336e-01 7.877823173930487144e-01 7.807961732509077768e-01 7.647121689733931138e-01 7.795065524046445038e-01 7.801771797013884457e-01 7.830691870887067640e-01 7.845002670496291630e-01 7.897259887241417919e-01 7.827705448923967246e-01 7.809685610123338062e-01 7.792925884753958421e-01 7.809764525674522950e-01 7.931214291815645856e-01 7.933016468035194446e-01 7.957350865595707035e-01 7.813009130739935193e-01 7.928309137609441670e-01 7.882742963589137730e-01 7.921689864208008025e-01 7.961523545368660582e-01 7.960213982151510548e-01 7.902178774624353252e-01 7.910215003289065017e-01 7.994154579169688857e-01 7.942111518738775855e-01 7.955116047183827810e-01 8.037458814660209949e-01 7.949275950766545584e-01 8.017589973135403891e-01 7.905532420884633371e-01 8.028332374953475181e-01 7.973872576604743578e-01 7.958394841870555236e-01 7.995890497501145777e-01 7.993708479378227594e-01 8.008235094065104809e-01 7.980734290018797195e-01 8.025902311447824511e-01 7.992571952991438522e-01 7.894128787890600796e-01 7.939554384489904137e-01
9.318576624534284647e-02 1.899052334395674169e-01 3.519086075339151742e-01 5.180850520439191920e-01 4.198536081603945758e-01 5.099624934364208606e-01 7.275303093480195438e-01 6.981114521527401751e-01 1.000000000000000000e+00 7.462053665824671667e-01 7.872570917456720441e-01 8.242635345892703747e-01 7.457122780770474302e-01 6.387355695936990374e-01 8.432497850024966990e-01 8.285414297177106091e-01 7.833558869556173088e-01 7.051621559345557788e-01 7.588536701309150923e-01 6.090162381368592337e-01 6.703506675341710519e-01 7.622392635321713072e-01 7.645821049064840391e-01 6.991717065557033761e-01 7.125189236831313000e-01 8.500366227898493721e-01 8.272371648075965700e-01 8.244788561021215711e-01 8.116738051486980243e-01 8.312506490371944778e-01 8.559250042961462634e-01 8.328554769501251842e-01 7.899164098264932488e-01 7.986077838445518884e-01 8.126560755505530809e-01 7.958532197154514209e-01 8.428551349772537282e-01 8.249643735230312025e-01 8.504266999183056619e-01 7.930468461579501804e-01 8.603951074363207496e-01 8.475100084895506036e-01 8.154570992983861677e-01 8.660486450763239530e-01 8.562352896848899331e-01 8.607771853585300947e-01 8.696646689371044792e-01 8.773718530775035385e-01 8.740961177467949650e-01 8.225281024081866343e-01 8.413062938120435819e-01 8.142611429380568477e-01 8.597881598282487436e-01 8.715068409425686946e-01 8.553874666280323336e-01 8.493939276938955452e-01 8.621620294143514940e-01 8.572205573626550112e-01 8.607867930992036953e-01 8.773056967491430491e-01 8.667319937649536898e-01 8.674150873784436389e-01 8.624489209883478003e-01 8.676595727807545622e-01 8.672858703683312687e-01 8.693207754588573311e-01 8.732721265838606639e-01 8.653776390419674058e-01 8.719506533181605734e-01 8.501338502548673182e-01 8.617372145063941780e-01 8.744069670776625225e-01 8.472237320439315322e-01 8.512391523240623314e-01 8.776606418424885980e-01 8.776404670183831636e-01 8.735096065584982972e-01 8.705637544573794351e-01 8.748986873422898158e-01 8.818922462821333630e-01 8.791123783211935994e-01 8.807186341336576962e-01 8.691861550710546780e-01 8.742203848802723165e-01 8.549338250846645337e-01 8.630003178987943890e-01 8.675365025648615891e-01 8.635475955067137832e-01 8.712681184469196483e-01 8.707999455952342149e-01 8.618413310415656836e-01 8.696132869769336304e-01 8.716277957423809175e-01 8.735834941424477362e-01 8.747874821330067219e-01 8.762981242881633381e-01 8.476058301786573157e-01 8.594585943175772069e-01 8.703801848919394679e-01 8.645220496635784846e-01 8.605927932635377697e-01 8.702309219933572759e-01 8.705590809733022573e-01 8.703161654075817211e-01 8.673121018217981870e-01 8.686820844099867323e-01 8.753614258318616059e-01 8.772246488711314960e-01 8.733434494631057143e-01 8.731857662733785164e-01 8.634696395610658159e-01 8.775571116425135987e-01 8.724120111932778254e-01 8.734799785014646378e-01 8.733654961065765443e-01 8.748277916245287278e-01
5.945932663477558611e-02 1.953703392406305195e-01 3.185374478408971588e-01 4.855869730328448153e-01 3.993454082828131191e-01 4.789048170213343059e-01 6.931057624885557100e-01 6.621675645751152750e-01 7.462053665824671667e-01 1.000000000000000000e+00 7.207806417741877691e-01 7.734006051456009390e-01 6.933623090470468764e-01 5.879126064956952114e-01 7.926005542119665126e-01 7.803801866853500302e-01 7.125044123139849805e-01 6.425025747015772337e-01 7.011704118701741484e-01 5.699793813897269246e-01 6.246638097173299320e-01 7.023377787948039686e-01 6.955179527495463088e-01 6.317174425964747764e-01 6.467794495495193807e-01 7.844734006150813066e-01 7.661509264117470908e-01 7.611008897671301954e-01 7.440508179085439933e-01 7.583618356818251360e-01 7.852803531944276827e-01 7.762982013895215472e-01 7.401737714907207222e-01 7.391589775664961781e-01 7.447000831530325993e-01 7.347438089049780352e-01 7.717515655519922024e-01 7.770436613074138688e-01 7.922796381802834631e-01 7.486578200451045051e-01 8.035965302764235263e-01 7.960357789792950056e-01 7.739137822375723452e-01 8.075745424658270499e-01 7.968650404638567553e-01 7.965511010144544768e-01 8.129019942214469330e-01 8.158698566007018815e-01 8.135873599926047861e-01 7.705316821144690964e-01 7.904761800980629749e-01 7.586886828149069784e-01 7.995325271826236868e-01 8.101687860590510715e-01 7.925371386952224650e-01 7.929737124884798094e-01 7.989684825160119352e-01 8.006780044542105568e-01 8.017527209835983992e-01 8.121864354786757501e-01 8.107424076655372902e-01 8.054753605503729430e-01 8.029355714330627114e-01 8.070028243396859535e-01 8.001943490244197710e-01 8.053412314298613595e-01 8.129225490279505806e-01 8.047692685903774512e-01 8.058047321239364402e-01 7.952383029184008079e-01 8.018750282589276468e-01 8.103388430460001235e-01 7.827208657558166749e-01 7.888753429938760720e-01 8.165538605358596547e-01 8.153860315817386129e-01 8.113093231297726637e-01 8.055644919338164067e-01 8.116874178691519948e-01 8.149025886898794147e-01 8.127227628758944000e-01 8.167204436881112528e-01 8.056325063731798464e-01 8.100838125595724026e-01 7.980364830868615922e-01 8.011952192470178646e-01 8.058573254590004620e-01 8.081139582605747496e-01 8.125925101457200928e-01 8.078673140960878074e-01 8.033708189031194546e-01 8.114550993943654422e-01 8.112393700923584694e-01 8.127635589658398496e-01 8.168527949838751967e-01 8.158402940478219900e-01 7.976029162838035313e-01 8.032264762403934499e-01 8.148219930170396141e-01 8.115095077275241708e-01 8.078984001353434197e-01 8.138023953082915707e-01 8.105200408362703834e-01 8.117525375758322115e-01 8.079229642413470192e-01 8.096425108830995754e-01 8.183142646979235657e-01 8.170791211711276869e-01 8.132524993845779981e-01 8.131881191756726857e-01 8.078069619093914966e-01 8.156847792436572320e-01 8.126575047337722957e-01 8.152768346730597804e-01 8.126708170330608771e-01 8.142041208783279416e-01
3.592171407492923685e-02 1.332905358696053200e-01 3.543346026227610635e-01 5.577306144877463012e-01 4.164601657994746464e-01 5.057504986776931721e-01 7.053065016087792793e-01 6.947221942120034299e-01 7.872570917456720441e-01 7.207806417741877691e-01 1.000000000000000000e+00 8.464475281013856822e-01 7.579019739167888181e-01 6.271658212440456293e-01 8.337271794909011380e-01 8.260449858295630943e-01 7.794396722241156983e-01 7.231799455457096348e-01 7.798410331615673874e-01 6.399923263365298043e-01 7.103553243733871092e-01 7.858932093188859547e-01 7.663462670764856766e-01 7.202438507902085840e-01 7.346174167175001379e-01 8.397532506437667132e-01 8.269085361531951506e-01 8.229697562662910970e-01 7.966120430090336546e-01 8.100345710756079454e-01 8.564735345233133179e-01 8.460147291867351482e-01 8.076383762480876527e-01 8.150930834965908200e-01 8.103399784729945488e-01 8.136070371622234898e-01 8.468319617260686716e-01 8.413340739454262529e-01 8.609567960974678913e-01 8.237800094047014188e-01 8.663061052989683430e-01 8.559736613103408054e-01 8.312809021075825422e-01 8.687474342200856015e-01 8.656353334022871548e-01 8.635160276828842685e-01 8.736259945523338066e-01 8.764724721737340296e-01 8.723680060171187245e-01 8.333831142480281340e-01 8.472516885373937434e-01 8.338722573921820702e-01 8.610280344886768189e-01 8.712627228381504274e-01 8.559606649296246372e-01 8.602115759019073327e-01 8.645917556183383423e-01 8.653186654630885544e-01 8.606579517351921060e-01 8.667095903256102352e-01 8.681261676704813413e-01 8.643165854719477847e-01 8.622664670152229149e-01 8.654796643522746358e-01 8.674018120434342505e-01 8.713313392115437095e-01 8.783728110068812489e-01 8.770785038691221169e-01 8.736549993927994473e-01 8.641876693103445195e-01 8.721602889920563317e-01 8.798778105342099920e-01 8.605131999138019294e-01 8.650527322451835310e-01 8.790881993099273206e-01 8.805301691964136923e-01 8.759754955530901777e-01 8.668035478633476787e-01 8.719523567018860888e-01 8.755520579988823604e-01 8.772661550888348758e-01 8.809149414745400808e-01 8.749469749340778035e-01 8.744922730224111707e-01 8.657223502587906294e-01 8.691045593192613383e-01 8.778448676712362619e-01 8.720394130149488054e-01 8.789752951614645538e-01 8.775218897084932079e-01 8.779118880548627546e-01 8.780520061449096358e-01 8.809170850996784763e-01 8.806391659834618135e-01 8.785953267480984819e-01 8.789028069228969064e-01 8.632191788449455894e-01 8.594208725943086602e-01 8.744946597594301929e-01 8.691827749523926006e-01 8.717140084367942521e-01 8.718633983893132600e-01 8.763933447243290598e-01 8.763338535910267790e-01 8.752204226073581061e-01 8.687249269366551507e-01 8.771326311550696753e-01 8.779026299837926484e-01 8.752771166300383765e-01 8.775727452873566259e-01 8.700067383611805871e-01 8.772907166142863700e-01 8.727888609126318586e-01 8.738873958780695173e-01 8.775780461386445408e-01 8.769000481108123468e-01
5.240492474734242262e-02 1.268337037747412355e-01 3.978578566621317480e-01 6.391725039689715171e-01 4.474216181954044358e-01 5.418297504871678605e-01 7.678598211194522793e-01 7.533904239403461656e-01 8.242635345892703747e-01 7.734006051456009390e-01 8.464475281013856822e-01 1.000000000000000000e+00 8.094780934874542533e-01 6.811508084486809222e-01 8.977403415160314371e-01 8.896947266407198018e-01 8.334868988774852827e-01 7.836687447410626284e-01 8.376797278168734984e-01 7.049391029256278918e-01 7.946875245853814995e-01 8.533765639907788803e-01 8.246426269155033850e-01 7.674422618910003990e-01 7.797193987649657654e-01 8.988343345016749364e-01 8.797247471375247985e-01 8.821374313547089008e-01 8.424063555944064641e-01 8.564300105495252780e-01 8.998384019155301061e-01 9.102972906816759746e-01 8.608256029503299489e-01 8.745595873095776129e-01 8.640240727283564626e-01 8.767832390848671054e-01 8.918340772814626893e-01 9.063336874258814957e-01 9.183079228260021543e-01 8.830073109980157708e-01 9.256487875691119527e-01 9.181601919011753710e-01 8.997011776982839493e-01 9.339018432164709616e-01 9.238563245035559257e-01 9.173252468361562384e-01 9.304454181663696088e-01 9.308503358435091801e-01 9.326398743967846405e-01 9.060749812291782890e-01 9.133263622353059441e-01 8.968754770657192399e-01 9.215519636860532993e-01 9.261107683413504210e-01 9.086550947091022179e-01 9.205421769645095731e-01 9.263681483791431637e-01 9.238341487142176511e-01 9.190657907390490378e-01 9.266912785639971339e-01 9.297959137251481376e-01 9.204630104307208738e-01 9.231998521925982581e-01 9.286230399008780223e-01 9.252918091591544325e-01 9.311672460205246971e-01 9.361842314393086228e-01 9.330832324878793882e-01 9.322809642422144050e-01 9.279789242686685702e-01 9.362951823359728643e-01 9.366286226920820246e-01 9.176030506526376973e-01 9.207172746452384482e-01 9.364269710351724729e-01 9.356885792423211834e-01 9.304993626030388931e-01 9.189385358471465759e-01 9.217336877705541998e-01 9.246391216964904292e-01 9.312067173519589236e-01 9.334748640904778627e-01 9.356577389600087002e-01 9.289775823607266947e-01 9.263810539489579776e-01 9.282016890854944968e-01 9.307897688047489515e-01 9.344633415282427302e-01 9.365394660177499553e-01 9.361119618446374080e-01 9.347143340950551105e-01 9.365046144293768249e-01 9.367602354603901116e-01 9.358384668624933900e-01 9.343868968010029530e-01 9.350591699010746272e-01 9.279209575329800952e-01 9.252517756148553874e-01 9.321641661549675550e-01 9.337643448584763695e-01 9.331693088426634697e-01 9.326473138376700778e-01 9.360384769380128978e-01 9.373973749664026300e-01 9.378095902782573878e-01 9.280701959033240689e-01 9.356776507679098742e-01 9.321901910481226183e-01 9.304370785963864687e-01 9.355807483595820484e-01 9.265006818004336564e-01 9.337518657465303518e-01 9.293513363024756835e-01 9.334409042739668649e-01 9.343848451457685833e-01 9.352581910181015923e-01
4.596548466632733969e-03 9.961877470513454125e-02 3.047250848024668501e-01 5.268519745022024470e-01 4.392586525122629260e-01 4.912970948580563935e-01 7.071026499535816301e-01 7.044821050357644721e-01 7.457122780770474302e-01 6.933623090470468764e-01 7.579019739167888181e-01 8.094780934874542533e-01 1.000000000000000000e+00 6.218971250124464278e-01 8.318283513559689979e-01 8.231571135781751147e-01 7.330493798096923141e-01 6.706204143631684378e-01 7.273891139659226512e-01 6.196012502187139281e-01 6.780485199809971331e-01 7.404102744435354655e-01 7.245614939237597918e-01 6.727374185522877470e-01 6.776799445236288966e-01 8.145916367444077100e-01 7.841119626105719220e-01 7.846743810815152154e-01 7.459338371127406386e-01 7.669030918587022017e-01 8.022233510208516272e-01 8.131027944064697088e-01 7.697160296406615476e-01 7.817048058178776015e-01 7.718424135832424593e-01 7.734538905433777645e-01 8.057310267006495552e-01 8.191345296958272293e-01 8.346478104570804746e-01 7.949097800536427672e-01 8.410792840817707949e-01 8.349652277569116210e-01 8.130850914193084034e-01 8.461025304426573745e-01 8.363119806693550817e-01 8.354380436003289168e-01 8.538078967845825762e-01 8.560879812927435495e-01 8.471857530095662225e-01 8.061341240362388527e-01 8.212003078253878874e-01 8.100853362362013810e-01 8.354158456662040821e-01 8.494921206336384367e-01 8.333084243808687175e-01 8.369106349944771539e-01 8.387511042304396369e-01 8.497548860120947012e-01 8.375610652796855460e-01 8.463265433951850936e-01 8.469626108420168498e-01 8.435936498188687516e-01 8.459705859333328526e-01 8.398106542027046206e-01 8.392114372073059547e-01 8.445491346649045550e-01 8.540384526698069356e-01 8.478106349124983065e-01 8.469624656431727905e-01 8.384507961206139059e-01 8.422667193263183583e-01 8.486318127980764237e-01 8.293480084659049512e-01 8.275790200293478005e-01 8.505162547648800198e-01 8.463238676189785981e-01 8.469130609970352275e-01 8.295149393352018174e-01 8.384882791135406244e-01 8.376783939965948278e-01 8.439815764932308007e-01 8.465878216844103799e-01 8.439787070414641601e-01 8.433187738375477194e-01 8.415519543216263276e-01 8.419061231011348845e-01 8.470299547002414497e-01 8.523438664119635799e-01 8.538486348856766384e-01 8.519961632633102910e-01 8.474989454435447600e-01 8.559202238937260176e-01 8.522943052124583030e-01 8.538456438038278806e-01 8.556782353424381427e-01 8.574869779582072749e-01 8.406380779326630970e-01 8.363916112343603437e-01 8.541893736328712849e-01 8.453455171598146523e-01 8.526712307596989726e-01 8.521081670683658960e-01 8.539863014350428383e-01 8.582245412559623698e-01 8.482470327296699475e-01 8.457207292396023979e-01 8.540434705902907320e-01 8.569296266701994513e-01 8.541096745903274945e-01 8.560728660174269367e-01 8.552400240020924249e-01 8.565790035106655154e-01 8.547007160551362004e-01 8.515111580753295106e-01 8.526814852259668731e-01 8.535136616955752986e-01
