1.000000000000000000e+00 1.558080293249398396e-01 1.908116966216025223e-01 -3.371379470188479860e-02 -6.335034477693689270e-02 6.864049113079472020e-02 1.107413149316477385e-01 -3.665231154363567806e-02 2.548597524577432827e-01 8.265584099452871758e-02 6.552733882149083811e-02 -7.140622921113691512e-03 -3.295202168712822038e-02 2.176699462202449573e-02 4.185866944000725398e-02 1.450343761304944204e-02 2.331856937896684134e-01 1.991423923876651514e-01 2.128636426224754519e-01 1.817501586346450260e-01 2.278318825580966378e-01 2.131002203672494044e-01 2.196486548207200462e-01 1.736297859556457379e-01 1.634854663334523728e-01 2.428038618684463246e-01 2.198832311034364939e-01 2.045346435449544309e-01 2.517488615698308951e-01 2.345289676827197189e-01 1.913881925116390770e-01 1.441178444557210114e-01 1.754930071246931789e-01 1.246117459592941124e-01 1.698007508704116875e-01 6.000210199662452115e-02 1.417254496704261346e-01 9.560517909033515449e-02 8.208053035254711527e-02 7.909539727616139715e-02 6.663862581327734125e-02 2.999122190323149154e-02 1.811654071157978510e-02 5.220138318956581841e-02 6.856642046734694185e-02 9.595774667788703471e-02 1.864263661495790120e-02 4.996853774358822609e-02 5.760836737314253830e-02 6.355941606244304432e-02 6.225936762505394906e-02 6.232027078076957105e-02 2.095084559769665178e-02 1.129659338356553133e-01 1.367781191296397469e-01 1.215891073822971957e-01 1.212409848767869724e-01 4.369142884863293219e-02 6.930333397535526352e-02 5.955758317979836791e-02 5.303375416308527684e-02 7.017934505004853885e-02 5.955150043102255819e-02 8.152393004334990145e-02 1.170703732093169580e-01 1.197647712627062239e-01 6.238556258958000145e-02 8.899681100188872040e-02 7.784509429231646627e-02 8.359354364647159086e-02 8.064094732930361664e-02 8.104095872295620506e-02 7.045917145033604723e-02 7.011543226468064383e-02 9.928709132016637351e-02 9.283443989842728172e-02 6.936071004736148182e-02 1.064268200872423992e-01 7.166461876511365237e-02 9.993642935382354708e-02 9.547992821321422963e-02 8.651329619896573619e-02 6.666668281638758742e-02 7.648198453096777261e-02 2.210115181126790299e-02 5.045975661322801148e-02 4.881402295254376467e-02 3.851361636310666331e-02 4.071713893495700065e-02 6.337164301339845429e-02 3.402010695639725441e-02 2.544481992384177091e-02 3.481981997180431249e-02 2.889689348942576369e-02 1.434860754221144695e-02 3.083312849491797597e-02 1.572592947003103800e-02 7.754457035419347333e-02 3.914663135082601525e-02 2.172367488920663725e-02 6.119133200412592462e-03 4.069977539880668960e-02 2.385567080149241306e-02 1.935121092987351216e-02 3.603158251954641927e-02 6.055193104792197523e-02 5.267402593980195780e-02 5.179772443243066404e-02 6.518225975820016171e-02 2.352616967778521986e-02 2.347405574959508107e-02 3.457506235638575787e-02 3.513063625260514494e-02 4.983394266335846451e-02 5.672762700738553932e-02 5.680774633006024921e-02
1.558080293249398396e-01 1.000000000000000000e+00 1.028700722895300873e-01 2.088597653206362634e-02 1.062150449235775042e-02 7.638104678746572562e-02 1.582017877806412010e-01 1.014376515133658951e-01 2.197846635126957104e-01 2.475933876336151862e-01 1.337147988651112285e-01 1.081082724150916607e-01 1.055328569974779834e-01 8.730293792707233269e-02 1.605457893706278283e-01 1.451027824641158981e-01 1.687636105289475885e-01 1.007009732379699762e-01 1.188110134355073733e-01 7.658734972316945389e-02 9.203232307381761790e-02 1.230227868416807618e-01 1.310583663832954326e-01 1.014382227367751355e-01 1.055784969913559079e-01 1.886334332715574602e-01 1.725821444381671343e-01 1.992437999038366991e-01 2.266726938530695401e-01 1.900496171629231235e-01 1.978608091360877785e-01 1.711071167386327974e-01 1.817160069892108931e-01 1.459071666299127934e-01 1.831044132162344407e-01 1.188199992045483183e-01 1.764777599464588398e-01 2.109012489390725276e-01 1.814753454777732478e-01 1.708857636394920942e-01 1.531311120690409533e-01 1.588229604457598865e-01 1.328743383267285139e-01 1.570892317819419515e-01 1.567218435543325794e-01 1.844599650216505460e-01 1.485884703418134112e-01 1.758660157194400220e-01 1.622643512785764131e-01 1.401058613229903826e-01 1.674623903891791499e-01 9.044015378511420511e-02 1.254141213352940321e-01 1.920716037340926274e-01 2.054865133642808650e-01 1.943998265899832545e-01 1.677351654736344566e-01 1.786339146738641914e-01 1.946165684722916678e-01 1.654986274499101184e-01 1.603397407431035593e-01 1.862016665423760486e-01 1.832173708077519114e-01 1.687152641366593819e-01 1.494345416276535998e-01 1.642278581078370214e-01 1.604226617842505198e-01 1.493132069368556802e-01 1.508163753742391977e-01 1.315249739265494655e-01 1.351561603531802047e-01 1.505158127804512025e-01 1.410148062011219172e-01 1.390100041266537911e-01 1.703824356813653518e-01 1.742390396211162262e-01 1.755743742487255454e-01 1.888714025200818047e-01 1.755198915422679640e-01 1.776667778382838014e-01 1.784171447956748868e-01 1.734708440410638319e-01 1.497573269616982450e-01 1.759464151534909093e-01 1.374945035262374327e-01 1.431024681824979716e-01 1.564063178023133160e-01 1.641707870921945145e-01 1.645270108813487731e-01 1.720518110635281817e-01 1.576182220429144243e-01 1.554516752336748964e-01 1.529813496492630764e-01 1.561588480211155983e-01 1.546558256564032341e-01 1.648224689205195770e-01 1.271865933897007306e-01 1.426474782851915035e-01 1.569731894592492905e-01 1.461532313796128635e-01 1.380009028042998298e-01 1.580793321462729828e-01 1.325050466518513381e-01 1.450038569987670556e-01 1.314858371478561383e-01 1.572703176936214864e-01 1.627761861600020565e-01 1.713571281255032996e-01 1.728431236799352344e-01 1.576647432997139719e-01 1.628145434646158241e-01 1.566881240685981391e-01 1.668272080101031729e-01 1.510241853521291922e-01 1.459369665640024571e-01 1.514066693302778543e-01
1.908116966216025223e-01 1.028700722895300873e-01 1.000000000000000000e+00 2.886818495742537460e-01 1.737012563479700955e-01 2.447724600440376042e-01 3.485071747602790926e-01 2.871363056377012613e-01 3.701247897453008862e-01 3.057253249631356473e-01 3.793256812843563974e-01 3.620500518835131354e-01 3.148453674790996915e-01 2.866501848219452642e-01 3.591295946352087154e-01 3.503071708222582070e-01 4.148448998321493941e-01 3.755167635187302011e-01 3.859563581533236309e-01 3.469115987939835888e-01 4.065569887353886469e-01 4.257084925488897609e-01 3.913777215845251622e-01 3.905447382983142646e-01 3.868629540381904319e-01 4.327300977132381710e-01 4.232554542853765311e-01 3.875781195910714683e-01 3.972736599127091317e-01 4.036636685631843635e-01 4.154230700313001901e-01 4.197233117822242732e-01 3.759947180345711848e-01 4.065368511014197384e-01 3.731082230372436137e-01 3.710411468247177824e-01 3.742648098753607044e-01 3.730603192531318224e-01 3.807774734806304573e-01 3.705377449109494847e-01 3.893703301957916474e-01 3.553931831119325202e-01 3.554775699093492003e-01 3.834729807791162903e-01 3.998277745226614943e-01 3.822886134507239575e-01 3.564050537077289027e-01 3.740494085859320528e-01 3.772850354941720830e-01 3.932193951943795396e-01 3.787720243383372876e-01 3.958081223264020565e-01 3.731265306689467431e-01 3.916274401788060189e-01 3.934762179302701002e-01 4.000701275679121593e-01 3.877587569047381555e-01 3.601248124215524204e-01 3.678247562799527026e-01 3.724964483441965957e-01 3.770590513369945218e-01 3.734020038699630839e-01 3.620003925420977597e-01 3.846802357461728827e-01 4.010484174295653181e-01 4.064857609183398224e-01 3.870730840290422803e-01 4.062360619988050758e-01 4.017055528680967824e-01 4.053325586848878781e-01 4.078210915731014796e-01 3.989091802647637963e-01 3.945779521329603190e-01 3.945897440134237821e-01 4.070937828976414208e-01 3.953238712083289585e-01 3.812091340376027038e-01 3.940226640759565413e-01 3.858226018124281120e-01 3.908671617590095959e-01 3.847118326079031481e-01 3.933869966566314047e-01 3.934938964284190877e-01 3.719248418023515801e-01 3.789264809785221622e-01 3.914896981602029591e-01 3.868146840011625343e-01 3.754251935097632220e-01 3.710764993050362226e-01 3.892383369873931298e-01 3.688709132833585813e-01 3.704546570575052988e-01 3.830979896630681836e-01 3.726552482428046598e-01 3.642892879614200163e-01 3.692013031166164749e-01 3.711166605500608728e-01 3.867762046530073827e-01 3.777468379683897037e-01 3.730337603321877138e-01 3.658418358889150568e-01 3.741559598809090503e-01 3.771902039798860629e-01 3.717979578755257197e-01 3.879856653882494122e-01 3.829268959265911820e-01 3.796982067476885048e-01 3.770339541154555940e-01 3.874245921111881819e-01 3.702441997686632402e-01 3.694121153190927376e-01 3.731827705308157217e-01 3.764449422857810146e-01 3.771728585763361452e-01 3.897896007719690026e-01 3.821673401487721278e-01
-3.371379470188479860e-02 2.088597653206362634e-02 2.886818495742537460e-01 1.000000000000000000e+00 3.739807677612693726e-01 3.069453391323060387e-01 4.531307668597178151e-01 5.540979376345832597e-01 4.091358930724277587e-01 3.924042261617489147e-01 5.346059569897544383e-01 6.642683471179444687e-01 5.148742871903287943e-01 4.229911540173631468e-01 5.293565405961023762e-01 5.668881159335026343e-01 4.608296823525211416e-01 3.924505022173847002e-01 3.596322574334363531e-01 4.692174684085099745e-01 4.691380285563291341e-01 4.364543346196587681e-01 4.332716225967146451e-01 4.392954649212563178e-01 3.780080176070738096e-01 4.154869061664103191e-01 4.362535329752342816e-01 3.935228579725373321e-01 3.384976461093663347e-01 3.995027113396513729e-01 4.416702556952977754e-01 5.124805631153240837e-01 3.784496258336921826e-01 4.978159411409618929e-01 4.052089871981689462e-01 5.342229692814034481e-01 4.467380985157785589e-01 4.571864600311463800e-01 4.937950460913426154e-01 4.681669607803535804e-01 5.336454699579606942e-01 5.176068849407243766e-01 5.512297803019381437e-01 5.485377141386204025e-01 5.256354411765611356e-01 4.918691819233869666e-01 5.366808457603959859e-01 5.243041187676747983e-01 5.500674152802550454e-01 5.485382172579950089e-01 5.215360924159342382e-01 5.886707999146453263e-01 5.833715041097629062e-01 5.045965279473811904e-01 4.736942872911476532e-01 4.857767962027764730e-01 5.461737415286213038e-01 5.138269301172623260e-01 4.943184952181695069e-01 5.457529172341194501e-01 5.477618653133033977e-01 5.216036807601880376e-01 5.143627883936001677e-01 5.409578694110916963e-01 5.314561455794172273e-01 5.526253399398268762e-01 5.239307669428170389e-01 5.251906518423119508e-01 5.401862997777412412e-01 5.676299375476949738e-01 5.351647323739061601e-01 5.098149563325663491e-01 5.398802923769161488e-01 5.170098630131302331e-01 5.104267071163507419e-01 5.038684470655399039e-01 5.011125584356487250e-01 4.762100952616614702e-01 5.135759742823855500e-01 4.863816449628381999e-01 4.840193253512072857e-01 5.012674581294924714e-01 5.427657213161973804e-01 4.777443773553129436e-01 5.338459547402214511e-01 5.425456910428204660e-01 5.273294061410306321e-01 5.233644723169050827e-01 5.154605872454102178e-01 5.140886508620733375e-01 5.241645785837021343e-01 5.331187739888746391e-01 5.450764167077625233e-01 5.314347624547723914e-01 5.330344181207974374e-01 5.281003036690684604e-01 5.536358953455432497e-01 5.491761574699062232e-01 5.471011281318272079e-01 5.350525535823047463e-01 5.523512944217453535e-01 5.324581684550719896e-01 5.590852321341476250e-01 5.483492671256080531e-01 5.652746681996796418e-01 5.480073739751754047e-01 5.367701837526478448e-01 5.148402441633076476e-01 5.102986551920776215e-01 5.360870721531590943e-01 5.271809139797584143e-01 5.448215266733593687e-01 5.323220937099125694e-01 5.422419645501458385e-01 5.467716613836346440e-01 5.458260071795428825e-01
-6.335034477693689270e-02 1.062150449235775042e-02 1.737012563479700955e-01 3.739807677612693726e-01 1.000000000000000000e+00 2.580668576074520160e-01 4.039656601364639554e-01 4.933753490265335162e-01 3.814941307548258553e-01 3.716523507802692028e-01 4.469956047176071867e-01 5.069886065698118172e-01 5.035938533741350920e-01 3.435233614367752542e-01 4.838483569853555544e-01 4.965202389818626494e-01 3.636645674603437017e-01 3.291220066620988982e-01 3.087091040112557305e-01 2.935359058056669634e-01 3.326641312845741716e-01 3.446387710140520477e-01 3.403841763983810886e-01 3.480611435817840271e-01 3.320978193865484207e-01 3.641722619376162595e-01 3.732493033818389816e-01 3.721214846984494118e-01 3.279910139279161863e-01 3.572211621592385478e-01 3.857036698395910346e-01 4.426550488528757654e-01 3.590781367626963982e-01 4.216235555759050291e-01 3.923895130407307197e-01 4.352587179375802529e-01 4.170182692478121567e-01 4.310473982988280994e-01 4.591040690770409882e-01 4.234180931176902973e-01 4.753915409116460933e-01 4.806076228487128899e-01 5.014725500895997889e-01 4.926906345722688596e-01 4.726729627513678311e-01 4.520902699252027368e-01 4.964115443891428114e-01 4.841240781902690360e-01 4.820730982077071625e-01 4.673237616716696130e-01 4.690027048967778667e-01 4.819610142104290840e-01 5.042944019521786725e-01 4.523687573970582299e-01 4.338481099297695209e-01 4.449495618029520871e-01 4.543063701623814010e-01 4.798299637813984164e-01 4.588115758217486406e-01 4.898612449059308593e-01 4.875388717613024503e-01 4.731714732194684525e-01 4.662723679749043448e-01 4.753636729347037182e-01 4.653343447903784957e-01 4.686521170770243105e-01 4.790164290025735183e-01 4.704100453962116735e-01 4.838037614930738028e-01 4.754997257663143295e-01 4.640022576757488748e-01 4.659618538318680003e-01 4.757349794820277533e-01 4.714603121732673929e-01 4.654511824863576952e-01 4.638817272750201948e-01 4.655154516194473513e-01 4.545034475830804777e-01 4.697413953235698436e-01 4.520543138171981279e-01 4.566003176710591305e-01 4.600694418587157886e-01 4.762474642990806029e-01 4.574763119168632763e-01 4.903276783768701352e-01 4.873168811237175713e-01 4.780443878147530024e-01 4.814556436069383771e-01 4.836393247161903108e-01 4.662776885268504756e-01 4.776245569861485851e-01 4.937900361161070562e-01 4.936899869745967617e-01 4.874253988593315601e-01 4.922457858422917831e-01 4.883373573261172162e-01 4.917318963030876677e-01 4.717688372487980897e-01 4.827473011326735564e-01 4.892962996470124892e-01 5.022798293665817759e-01 4.770369859176752936e-01 4.982658904357402663e-01 4.987360140312862566e-01 4.949044927444452568e-01 4.766227081414228794e-01 4.807349427621497306e-01 4.797972680017725255e-01 4.704373983958934358e-01 4.921172552350959739e-01 4.867529936895261811e-01 4.945929765225637875e-01 4.819064326996040371e-01 4.831883986335261949e-01 4.871717170713316669e-01 4.826521684753601327e-01
6.864049113079472020e-02 7.638104678746572562e-02 2.447724600440376042e-01 3.069453391323060387e-01 2.580668576074520160e-01 1.000000000000000000e+00 4.539767456973149984e-01 3.950326701375643790e-01 4.335158707914655851e-01 4.045461040942644471e-01 4.855613076600797107e-01 4.718930071955667604e-01 4.321619299305662909e-01 3.534027106617431135e-01 4.932201991864309520e-01 4.802938310844107050e-01 4.440660593725536676e-01 3.954546700488351663e-01 4.100303012684591297e-01 3.826906026966939711e-01 4.334922031333481862e-01 4.531239882752010617e-01 4.343384860036405004e-01 4.129374047377444290e-01 4.126745899755753788e-01 4.866012415188573081e-01 4.796211211840470945e-01 4.766184813626337946e-01 4.416531871927870667e-01 4.640591460413533986e-01 4.924567851967504573e-01 4.900191428915538494e-01 4.463122670950179782e-01 4.736512596853461599e-01 4.507030173751530033e-01 4.760351859158060139e-01 4.808425131264166263e-01 4.801546019379183683e-01 5.012886869619955776e-01 4.873534284163582586e-01 5.068260383134838287e-01 4.980970923629803870e-01 5.005402020964271337e-01 5.099655408123731082e-01 5.120213815469025764e-01 5.092415519719275530e-01 4.948061431595285331e-01 4.999228644340823480e-01 5.006949015628543442e-01 4.890682820646196638e-01 4.937810792780932823e-01 4.820106252885513198e-01 4.960617306747777677e-01 5.049435161459495669e-01 5.004410589713798041e-01 5.048035464214727375e-01 5.010264909103376851e-01 5.015516084047347833e-01 5.035675875248951661e-01 5.008717628096612806e-01 5.072441734683599268e-01 5.050793602034046037e-01 5.007467261514334522e-01 5.035919629892354754e-01 4.985618138647964215e-01 5.047107339677326943e-01 5.013567563196423826e-01 5.085738991423461863e-01 5.067712249177234174e-01 5.123565582410400943e-01 5.079774963561387580e-01 5.046283318257986927e-01 4.998384665731435139e-01 5.036981461729163057e-01 5.125230201040974487e-01 5.088767919285210883e-01 5.037023758927283712e-01 5.003211815782510063e-01 5.108397250400862344e-01 5.055059018059908649e-01 5.054897915364636729e-01 5.067604344228361368e-01 5.105149872739311867e-01 4.932702786584886590e-01 4.969669934405432921e-01 4.999422804338109483e-01 5.060975917579283445e-01 5.040467581688332643e-01 5.063706844234858728e-01 5.095334048938129357e-01 5.036286566920534780e-01 5.065743903420026895e-01 5.146606406994349570e-01 5.096469770710297942e-01 5.041372600534846926e-01 5.013509757090988117e-01 5.050689831220708248e-01 5.005171882908588943e-01 5.061187982038488631e-01 5.021913378944582451e-01 5.063872564065731163e-01 5.087664708134662650e-01 5.062460763087256455e-01 5.059370166199000929e-01 5.079032421676712428e-01 5.053599606147577417e-01 5.036551696672715295e-01 5.029572611634161028e-01 5.079455847363582022e-01 5.049354220000952242e-01 5.038924142865610634e-01 5.057716039685322684e-01 5.073551573025598671e-01 5.078162357680801042e-01 5.048806814249287012e-01 5.053092460161228150e-01
1.107413149316477385e-01 1.582017877806412010e-01 3.485071747602790926e-01 4.531307668597178151e-01 4.039656601364639554e-01 4.539767456973149984e-01 1.000000000000000000e+00 6.623366530296487253e-01 6.648299050554906664e-01 6.374036901492325935e-01 7.174999477538623882e-01 7.139062979928115782e-01 6.697662962825703392e-01 5.496643281419028026e-01 8.294298914084841101e-01 7.485772389617240119e-01 6.352225808802394180e-01 5.573616182998786250e-01 6.270048100909132449e-01 4.785457274971897101e-01 5.806551308759981822e-01 7.019968803553064962e-01 6.152086134154892694e-01 5.859787858960426865e-01 6.588438042886611834e-01 7.474675289711145698e-01 7.451038892216724774e-01 7.758986149030260293e-01 7.136365500793426797e-01 7.233926943004899135e-01 7.782941583152355181e-01 7.223247735950869552e-01 7.071901520094558968e-01 7.004039079232717846e-01 6.833094513679731641e-01 6.969549121872169462e-01 7.158899159285786462e-01 7.757530772442294831e-01 7.761335561052825627e-01 7.883959648098132211e-01 7.789793015788125663e-01 7.901630432699299211e-01 7.776233600000687085e-01 7.876157026202599276e-01 7.845299656127734389e-01 8.132501193206392864e-01 7.482923724705460300e-01 7.525170113122022775e-01 7.447472733654869614e-01 7.439883340301598480e-01 7.682045635230368985e-01 7.357594707087361519e-01 7.546929469957487369e-01 7.564934825027860299e-01 7.697044026573675035e-01 7.731604494154189489e-01 7.414416291984686769e-01 7.755589731184044933e-01 7.741814694546423903e-01 7.613648885964530155e-01 7.700997321755926883e-01 7.618173869005059329e-01 7.639254563875088611e-01 7.529328542723003892e-01 7.405384032492793311e-01 7.518266075008588345e-01 7.446160481071528725e-01 7.530646340110066506e-01 7.467369695142735964e-01 7.208847267721779639e-01 7.574931390103830653e-01 7.682107379719504969e-01 7.298374188300784660e-01 7.513777628065763103e-01 7.823751208902951504e-01 7.803462649705734666e-01 7.871252388537111067e-01 7.739067725566782796e-01 7.940528492610363642e-01 7.658397667146061849e-01 7.657779212485095188e-01 7.791125354154304627e-01 7.554829477094313628e-01 7.484263683606019457e-01 7.532148764897099724e-01 7.452061234030336045e-01 7.632358018939655597e-01 7.742105576496203234e-01 7.689324919434998851e-01 7.688508670630092023e-01 7.830574278851529790e-01 7.751356998678229360e-01 7.779554872349236927e-01 7.826102198819899769e-01 7.568527114992391613e-01 7.509887250596510855e-01 7.617610759101242079e-01 7.391589915296931101e-01 7.624955167319273919e-01 7.633460752755578671e-01 7.707260549335510635e-01 7.619065783407973358e-01 7.592095009979576981e-01 7.645772727771327215e-01 7.532826580868792199e-01 7.528460431671828434e-01 7.535040710782445750e-01 7.614773305604325415e-01 7.712120508905626615e-01 7.633992323978674444e-01 7.653622904485204437e-01 7.604093067735192557e-01 7.603712195461288514e-01 7.555450494573112685e-01 7.516903110706474322e-01 7.471171014856581305e-01
-3.665231154363567806e-02 1.014376515133658951e-01 2.871363056377012613e-01 5.540979376345832597e-01 4.933753490265335162e-01 3.950326701375643790e-01 6.623366530296487253e-01 1.000000000000000000e+00 6.274852723154049627e-01 6.269104884600290584e-01 7.045362484658324043e-01 7.568768994135683936e-01 7.006008583017310221e-01 5.613095703924907420e-01 7.610229806005295305e-01 7.923087074377577199e-01 5.874854675444283192e-01 4.824533303690531905e-01 5.194956979082325788e-01 4.579817235122168317e-01 5.177156406147820356e-01 5.838250396744054660e-01 5.270769710114571183e-01 5.231263654107072281e-01 5.558401877786428580e-01 6.359499910536121625e-01 6.323775583919195586e-01 6.464019321620761982e-01 5.905378985914115919e-01 6.063196590193852265e-01 6.654499163531343298e-01 7.030989091711828953e-01 6.032382276036966084e-01 6.623105864555679512e-01 6.232182710045313101e-01 6.588041801330855041e-01 6.502909021981310156e-01 7.280648753198645240e-01 7.269215605494214749e-01 6.828110777137071929e-01 7.456846480120306042e-01 7.530917092257489731e-01 7.530298780253027457e-01 7.675950696902169579e-01 7.306806531089221624e-01 7.435754874601557818e-01 7.565541865034919322e-01 7.484948073164935378e-01 7.602711261947233679e-01 7.474082792955994980e-01 7.576474825497172549e-01 7.182788221419700303e-01 7.612901483919911616e-01 7.306035980100942240e-01 7.287377478166668920e-01 7.192963185776192203e-01 7.329046184096679184e-01 7.607374626066896184e-01 7.518866776334769408e-01 7.575740381730092787e-01 7.700301348827724990e-01 7.521942801135843570e-01 7.562480644890607895e-01 7.473517633729076515e-01 7.212569047935125655e-01 7.352842641120284073e-01 7.385674437529725633e-01 7.219985198401849269e-01 7.366383868828699777e-01 7.207237232004732874e-01 7.219119845390563617e-01 7.281721589351398682e-01 7.195432481977213079e-01 7.210684738339082633e-01 7.380191950152122926e-01 7.341683322350561758e-01 7.445937958408019863e-01 7.243226466190724189e-01 7.435347217197487701e-01 7.194639384911796220e-01 7.213309801779173025e-01 7.339765045294676105e-01 7.319709689332662972e-01 7.143933050283257646e-01 7.508071187839224780e-01 7.428585774040080691e-01 7.371882190870232554e-01 7.544995632618395343e-01 7.459548959856029393e-01 7.318776545825423918e-01 7.441292352752516548e-01 7.583380783891169319e-01 7.564093496551679285e-01 7.564980517068575772e-01 7.580825200272193198e-01 7.516406499190715351e-01 7.580728602595402377e-01 7.459053414249644520e-01 7.641662864960123702e-01 7.620467087845435028e-01 7.667349828604143047e-01 7.600865749963084950e-01 7.651019052459983039e-01 7.654343360007256347e-01 7.526268474370422235e-01 7.501792121001545910e-01 7.556818883525584507e-01 7.462956848251688369e-01 7.444176599562649654e-01 7.618775244341028374e-01 7.572171215793745969e-01 7.610853405692359352e-01 7.523458169327421619e-01 7.543950455166729130e-01 7.449250824898683288e-01 7.461801572392688930e-01
2.548597524577432827e-01 2.197846635126957104e-01 3.701247897453008862e-01 4.091358930724277587e-01 3.814941307548258553e-01 4.335158707914655851e-01 6.648299050554906664e-01 6.274852723154049627e-01 1.000000000000000000e+00 7.198505798489199803e-01 7.756116549923957049e-01 7.551794395074016286e-01 6.991920507023351439e-01 5.642004339752525466e-01 7.906222180855231318e-01 7.827853485096958330e-01 7.767574190753219199e-01 6.084012170651392770e-01 6.890633587357744005e-01 5.472696440035357268e-01 6.319213133969422413e-01 7.256407581083598179e-01 6.934372829207934297e-01 6.554571103300248502e-01 6.761877721165242550e-01 8.187999411621594836e-01 8.085594688248032291e-01 7.997708386868493946e-01 7.777388483058937929e-01 7.951091015111220184e-01 8.201957380370216155e-01 8.246330620326245420e-01 7.472252801442604841e-01 7.603313335856223265e-01 7.800157132527558712e-01 7.200736918844765633e-01 7.923090364772926719e-01 8.161764340738655310e-01 8.176628482014060006e-01 7.675798859419205034e-01 8.391644280143302215e-01 8.089401342308706333e-01 7.985381773217602452e-01 8.423081189551042680e-01 8.220234349799239171e-01 8.357665925014340358e-01 8.355603199138945669e-01 8.529825576012245447e-01 8.472752714073479297e-01 8.068233935640243271e-01 8.306604319277740567e-01 7.729417583604496489e-01 8.117489321268729352e-01 8.647232259315491554e-01 8.552202835571762751e-01 8.481422392183968206e-01 8.526137412590507614e-01 8.436272262113877485e-01 8.518876146645639746e-01 8.580644580576836100e-01 8.505594663545836820e-01 8.599682608241706605e-01 8.415518024906791794e-01 8.566758062154676834e-01 8.632773758669413100e-01 8.636111548770821766e-01 8.513842145410462914e-01 8.352817905072693616e-01 8.396498199147407471e-01 8.164115997003089653e-01 8.277967105723699204e-01 8.458689201750965170e-01 8.208218845931171126e-01 8.298228584412782327e-01 8.626135295436980766e-01 8.551516050099869926e-01 8.425821646787136077e-01 8.484401827294969500e-01 8.417945516985605448e-01 8.526442786577237420e-01 8.504854968899612233e-01 8.527594989079669840e-01 8.364699753323970866e-01 8.387565627886289787e-01 8.229016430022341178e-01 8.323377015305806204e-01 8.293391657200720468e-01 8.405246989125323420e-01 8.378011020965683286e-01 8.348047849755280136e-01 8.234504410620520076e-01 8.376919034097868311e-01 8.390903355237371297e-01 8.355662790523791239e-01 8.379506255581815610e-01 8.465275851560430942e-01 8.178484538297077222e-01 8.503959106473815144e-01 8.447189934414767176e-01 8.320349436577282320e-01 8.229869723280087701e-01 8.414247568890927953e-01 8.378835554103556404e-01 8.380665813101436656e-01 8.354842694960640248e-01 8.455566613320715241e-01 8.542902040799944530e-01 8.521809217798965719e-01 8.517606775922372808e-01 8.426494956397319047e-01 8.395337767388250105e-01 8.507297242763067757e-01 8.440025167621345581e-01 8.502024765521146721e-01 8.501335228305838543e-01 8.517455842337603444e-01
8.265584099452871758e-02 2.475933876336151862e-01 3.057253249631356473e-01 3.924042261617489147e-01 3.716523507802692028e-01 4.045461040942644471e-01 6.374036901492325935e-01 6.269104884600290584e-01 7.198505798489199803e-01 1.000000000000000000e+00 7.193235046038575220e-01 7.105158766744262833e-01 6.791514959300001264e-01 5.502231678799072156e-01 7.676520069260328594e-01 7.576856156982503254e-01 6.600073354555121563e-01 4.935012928834285884e-01 5.776230967325999277e-01 4.212957303643771190e-01 5.039466360338764606e-01 6.063520433280983335e-01 5.833225848743903708e-01 5.309562253220294625e-01 5.773922740475202486e-01 7.083540888827525306e-01 6.924694427490776238e-01 7.248524874600420498e-01 6.842466489237097882e-01 6.922440627344221831e-01 7.330203071575072116e-01 7.376551776280065864e-01 6.653233629134345239e-01 6.784584888669072944e-01 6.904384017829852116e-01 6.674148095714164119e-01 7.140835924479844721e-01 7.765257713888860103e-01 7.771435016986689703e-01 7.337577914739275009e-01 7.905623594043623692e-01 7.827273233686626863e-01 7.600633198503637944e-01 7.925972299791645970e-01 7.715346412288199840e-01 7.881539293006531999e-01 7.980852067504586866e-01 8.099899097469684950e-01 7.905435648125819226e-01 7.395185502149785872e-01 7.797750038741506629e-01 6.947869635652308418e-01 7.637658422995238228e-01 8.011545203095045142e-01 7.887589584675628318e-01 7.935416777866295401e-01 7.702029595158457198e-01 8.047768678176484558e-01 8.096060721998173948e-01 8.016891788030795496e-01 7.947266676754066728e-01 8.103698889968099506e-01 7.994861111759663519e-01 7.964873204282182373e-01 7.704865473306342638e-01 7.821300293062896092e-01 7.989135563487369529e-01 7.678258436001993426e-01 7.766651171290311906e-01 7.382855891371504775e-01 7.558941513508892207e-01 7.794492792732647946e-01 7.499412154877033165e-01 7.640517476503557726e-01 7.965574881882014902e-01 7.956452863097802641e-01 7.971227141275377681e-01 7.891260983262872175e-01 7.922689814015813070e-01 7.858315897875395306e-01 7.894559635676781095e-01 7.925557692923362874e-01 7.833756184678500878e-01 7.843678821406578905e-01 7.755768221424814701e-01 7.728715495387530332e-01 7.825909234664364389e-01 7.998367474140747335e-01 7.977969442632540931e-01 8.000384530541759798e-01 7.893859125214846006e-01 8.020813236264386914e-01 7.967235799008445252e-01 8.010032138681268954e-01 8.050838828215617360e-01 8.091305674909701207e-01 7.755538217351028996e-01 7.768953103244720104e-01 7.999554507376994694e-01 7.910100536285823436e-01 7.897011935923250459e-01 7.985266246011583080e-01 7.892545498321295039e-01 7.957178443164318882e-01 7.813431937977070030e-01 7.896399217460328135e-01 8.031348692477804363e-01 8.101681123750406055e-01 8.071823943453767525e-01 8.035590075987258940e-01 8.079279513792685385e-01 8.028136675493283692e-01 8.059838200449588319e-01 7.990628363727608763e-01 7.889303576807161766e-01 7.963847844088843830e-01
6.552733882149083811e-02 1.337147988651112285e-01 3.793256812843563974e-01 5.346059569897544383e-01 4.469956047176071867e-01 4.855613076600797107e-01 7.174999477538623882e-01 7.045362484658324043e-01 7.756116549923957049e-01 7.193235046038575220e-01 1.000000000000000000e+00 8.475161163909769035e-01 7.746375375558868237e-01 6.355509419268904336e-01 8.585213193118291786e-01 8.455298788353734496e-01 7.720890378784773800e-01 6.580560008492697399e-01 7.195417471769335327e-01 5.653619586766509553e-01 6.825539198390815354e-01 7.577579178455390307e-01 7.217091930928613008e-01 6.976711436591503945e-01 7.134087149423187224e-01 8.029551523157415494e-01 8.140354059273510190e-01 8.081739883961024384e-01 7.585581456585196447e-01 8.018443882809087597e-01 8.378369000450703874e-01 8.599208546848047252e-01 7.875368661125656811e-01 8.275046096049808453e-01 8.055990921194179366e-01 8.062171536201315769e-01 8.350024001152994702e-01 8.522903521921800785e-01 8.766361091466440270e-01 8.394445173678984906e-01 8.923132853968114286e-01 8.771056361483893227e-01 8.727913327350350636e-01 8.961824597766562261e-01 8.821432363721645187e-01 8.805105438916638327e-01 8.941247290083477184e-01 8.984468372824212512e-01 8.944401537033608296e-01 8.703389570247221929e-01 8.828607146682688755e-01 8.475495993634408753e-01 8.828882136473180653e-01 8.866821456919731226e-01 8.695031018632268793e-01 8.794883630138049524e-01 8.771614854780056536e-01 8.910092827121594006e-01 8.867253576707485596e-01 8.973254057147540541e-01 9.002725234526713916e-01 8.919426361870611553e-01 8.783923175871338751e-01 8.941978084260844284e-01 8.878659107212369950e-01 8.930131642713741158e-01 9.012669641109187779e-01 8.920211647919240594e-01 8.948871428122475713e-01 8.730261949086928208e-01 8.914311786201788435e-01 8.956234293799476553e-01 8.825443847422381749e-01 8.877809242780840826e-01 8.998459281944353183e-01 8.969620425883937376e-01 8.937972208898350424e-01 8.856663821507372303e-01 8.949833387881750424e-01 8.886197665615269692e-01 8.894808724332824434e-01 8.959936155974552729e-01 8.986084437913622880e-01 8.854192955230089090e-01 8.982779692321249954e-01 8.994787249048334932e-01 8.944714564003722890e-01 9.013461844105046250e-01 9.000042942302042270e-01 8.902419078157801646e-01 8.972478532100434112e-01 9.017269995690336826e-01 9.032612605505968562e-01 9.038639212611971896e-01 9.014676066989820713e-01 9.008842030461363670e-01 8.925756628671581705e-01 8.923021921148944768e-01 9.036267699939790621e-01 8.981988254807545813e-01 8.998830261767168937e-01 8.963560686441206515e-01 9.028433073863482150e-01 9.035188204097969189e-01 9.044661309694319584e-01 8.945511877650909049e-01 9.014245449127402665e-01 8.992095911610324954e-01 8.991630154552371357e-01 9.012077997117190487e-01 8.997387787162229866e-01 9.030792590374933093e-01 8.993873143122947944e-01 9.019896886560446747e-01 9.034187714142389858e-01 9.005485988408467035e-01
-7.140622921113691512e-03 1.081082724150916607e-01 3.620500518835131354e-01 6.642683471179444687e-01 5.069886065698118172e-01 4.718930071955667604e-01 7.139062979928115782e-01 7.568768994135683936e-01 7.551794395074016286e-01 7.105158766744262833e-01 8.475161163909769035e-01 1.000000000000000000e+00 8.143709194806498797e-01 6.461502422631824061e-01 8.675779731894865954e-01 8.822795533391019074e-01 7.496530351327604924e-01 6.017081699552059293e-01 6.484904133777887880e-01 5.980167798370832344e-01 6.501269643869405090e-01 7.064290751639669130e-01 6.791516163555620933e-01 6.658881546600531331e-01 6.557714366671483219e-01 7.499476288274823377e-01 7.616339632871971244e-01 7.483510403928554933e-01 6.802943204811661149e-01 7.359349382270843343e-01 7.901964708691429085e-01 8.424923339938769073e-01 7.172968404998689707e-01 8.064959592244519415e-01 7.541495425600380775e-01 8.105002407441884715e-01 7.936026178067229209e-01 8.284011688830871245e-01 8.589710788321844870e-01 8.062573455342627593e-01 8.879281243742863650e-01 8.729009436761331342e-01 8.890149487535421446e-01 9.055867926557625847e-01 8.731405325172350018e-01 8.644565224638224299e-01 9.071820403828955159e-01 8.988700634542997614e-01 9.080568787286877885e-01 8.786974953361424978e-01 8.814203546988521598e-01 8.666543312998932214e-01 9.101399491637378603e-01 8.776967556091099798e-01 8.495426616344210480e-01 8.553865879823909779e-01 8.892664615597046796e-01 8.902191170688116273e-01 8.811339293037316889e-01 9.074453657915677596e-01 9.113027165078089187e-01 8.966659323765810985e-01 8.879348515102566397e-01 9.034303747275403973e-01 8.830628128583687397e-01 8.987460348156682821e-01 8.954850630915663912e-01 8.754209132755267353e-01 8.908810955470271020e-01 8.822530700098474288e-01 8.776471804848855474e-01 8.768726301480103125e-01 8.777167323206631622e-01 8.724758601988206186e-01 8.849261029527986100e-01 8.790550810933611681e-01 8.781623070456423541e-01 8.578289487229464605e-01 8.795423782916121924e-01 8.646239954538263994e-01 8.647603840546924658e-01 8.782226963180540524e-01 8.940715066729838512e-01 8.616274346702810227e-01 8.947463908330028914e-01 8.982563053215537607e-01 8.888473849498610413e-01 8.951637506610881090e-01 8.933853732255495617e-01 8.763403756357646124e-01 8.888787825399099285e-01 9.022525363600463200e-01 9.073355659718341792e-01 9.014962564319763949e-01 9.064244384273320021e-01 9.034483527946580717e-01 9.005392091351491768e-01 9.017304034818933722e-01 9.115629634734877529e-01 9.009868978914945536e-01 9.097821984313101407e-01 9.002574841225027269e-01 9.149128879799494074e-01 9.115652697687088857e-01 9.125972299929764331e-01 9.020186994342069831e-01 9.065914260310246053e-01 8.917417765519115580e-01 8.862459895516351382e-01 9.062213560259136935e-01 8.989364213085442312e-01 9.112758415837560744e-01 9.007368103546414817e-01 9.086685796315987496e-01 9.056505560270076138e-01 9.073757641945164876e-01
-3.295202168712822038e-02 1.055328569974779834e-01 3.148453674790996915e-01 5.148742871903287943e-01 5.035938533741350920e-01 4.321619299305662909e-01 6.697662962825703392e-01 7.006008583017310221e-01 6.991920507023351439e-01 6.791514959300001264e-01 7.746375375558868237e-01 8.143709194806498797e-01 1.000000000000000000e+00 5.771092941684077271e-01 8.188744596463064518e-01 8.225020496728686625e-01 6.725600359975696385e-01 5.533826175470950570e-01 6.074798437801737228e-01 4.935071966246840081e-01 5.632093624435837720e-01 6.489149087452289466e-01 6.257184468858869586e-01 6.119551063944772551e-01 6.261202481551219057e-01 6.985802177932387558e-01 7.053524321502380179e-01 7.147739765948947221e-01 6.524749357239385539e-01 6.840104092186273244e-01 7.401571976645308082e-01 7.726272207199194053e-01 6.802527932048910708e-01 7.401895211596176694e-01 7.100787829178276667e-01 7.487785131669199012e-01 7.471803818535511788e-01 7.775686766234751746e-01 8.102317296895856780e-01 7.640099015656668380e-01 8.363913235763602572e-01 8.317313227856271141e-01 8.411158637185237597e-01 8.433015187390172640e-01 8.227053339716881020e-01 8.114989877481411096e-01 8.512845910096726865e-01 8.443210207978418813e-01 8.331152966555909201e-01 7.989674617324280526e-01 8.186002293665861629e-01 7.954243606125706023e-01 8.356948166499134079e-01 8.171036132724657230e-01 7.918098485724832658e-01 8.017071298315947558e-01 8.017263912355261368e-01 8.397306177751061584e-01 8.208536476212950905e-01 8.477164117523587894e-01 8.439556698494278253e-01 8.317906224782852798e-01 8.169579104985744689e-01 8.311714341776318404e-01 8.180087214819693475e-01 8.235141831334259477e-01 8.391724677483587413e-01 8.183517268201063732e-01 8.292215162309941601e-01 8.035581171596389849e-01 8.143374809105394796e-01 8.274797322409480627e-01 8.175973579592725748e-01 8.244383644760737706e-01 8.314237161930906339e-01 8.284369055675845361e-01 8.293827760387932901e-01 8.116873306748685346e-01 8.311140105667548239e-01 8.150753998105563225e-01 8.190926415153626516e-01 8.273331164304545959e-01 8.343174940520381444e-01 8.140783349665405844e-01 8.404728962273787518e-01 8.364273926288593453e-01 8.366775351653517045e-01 8.416240922500823896e-01 8.437400266353555223e-01 8.264181882122362266e-01 8.386074804189287413e-01 8.517270411641709726e-01 8.507942917177815367e-01 8.504257925765655868e-01 8.528416353413837969e-01 8.501081693557661634e-01 8.394532303602074697e-01 8.276061290683750515e-01 8.447400021665815162e-01 8.450504478416405174e-01 8.564324272513345049e-01 8.389847949988877840e-01 8.537538231947264800e-01 8.548847865073305741e-01 8.498399666563469790e-01 8.334000228951400358e-01 8.439828488181553290e-01 8.439935442129766763e-01 8.365294430386348568e-01 8.501691058496324560e-01 8.483333104677429626e-01 8.546070243427690283e-01 8.444489249426704314e-01 8.461930658607449418e-01 8.465498793218907414e-01 8.445581115488463020e-01
