1.000000000000000000e+00 7.490384960711142515e-02 1.607890799205040355e-01 1.128569709379674824e-01 4.427613238046925609e-02 9.918711133282000214e-03 6.873671281077518846e-02 3.186332858929002282e-02 1.850673332549612193e-01 6.128694401714093742e-02 7.399939358608716156e-02 4.066448430030673161e-02 3.449497467199541534e-02 8.262868378961217043e-04 2.855685214834833424e-02 2.166793022659217402e-02 7.519457955504407765e-02 1.429108441787521611e-01 2.620326511961348567e-02 1.856302492540679305e-01 1.045788479403328003e-01 6.842201574940495745e-02 1.888872367930004570e-01 4.824125751157021247e-02 2.517793250367248228e-02 1.377167085104787636e-01 1.645910727163193699e-01 9.356776523582867322e-02 1.977348509756159389e-01 1.873433044905868927e-01 1.359737840783591667e-01 1.090799636414263446e-01 1.370510285394919425e-01 6.036702129739349165e-02 1.311954485590610398e-01 2.953643887369936452e-02 6.593176965410137147e-02 4.688456151409677725e-02 4.936339375278692848e-02 2.024029988599007276e-02 5.213251219820390359e-02 3.215111174248995451e-02 1.626688048264901543e-02 5.937180446277569301e-02 3.317759870711373127e-02 5.361030125852369460e-02 1.188054845236872180e-02 3.612824242578321909e-02 3.228511292691001872e-02 3.897629166682238522e-02 3.294167099919520503e-02 2.913458171123549725e-02 4.641144079989442672e-02 6.200618249398461707e-02 7.394126355669633499e-02 7.821715234949279394e-02 6.729474634437580816e-02 3.470169942857818240e-02 3.269404765445999006e-02 4.815800472363149232e-02 4.736231480717636305e-02 2.687813296503541519e-02 3.502163921243980210e-02 5.322060238948678190e-02 5.645172607643484525e-02 6.343067634032495405e-02 2.611707801575586033e-02 2.947826089902361515e-02 7.841031257611483229e-02 6.256030816020094476e-02 2.672455653511252027e-02 1.167237507488763301e-02 2.585566683389077178e-02 6.448927827131680120e-03 4.697898532155594248e-02 5.834959355242432671e-02 5.152544281310812713e-02 8.285914509574658637e-02 6.045120986200971935e-02 5.921645816548254393e-02 6.014936444144206723e-02 5.294201611895401477e-02 5.649611077338027171e-02 6.331603591889248261e-02 3.397841761523659465e-02 3.645296195511859433e-02 2.183103648608887559e-02 1.909692420182759059e-02 2.062628896102845430e-02 4.493109849713199794e-02 1.973485421945611606e-02 1.898719704161967725e-02 2.176130119120098932e-02 2.531483901047179574e-02 6.888097123889821288e-03 1.368353812306380771e-02 2.599301185287766769e-02 7.027020660263333385e-02 1.750304652959885215e-02 2.673866918733075471e-02 7.959337720157017709e-03 3.200662453863926254e-02 2.739640647765035145e-02 2.045990059128176622e-02 3.219662651482128185e-02 5.415420499301346058e-02 3.311094824402514153e-02 2.881574209033188269e-02 2.917172870559781028e-02 1.531500354722098445e-02 1.874375612246205122e-02 2.146758748287237381e-02 2.061891497447857630e-02 3.692557834072266593e-02 3.149706509122894571e-02 4.802820980377197485e-02
7.490384960711142515e-02 1.000000000000000000e+00 5.601452032210414711e-02 3.058532917240056048e-02 7.866576941663272482e-02 5.514530490668425461e-02 9.211936396436633256e-02 7.999701210809614937e-02 1.529748235296531367e-01 2.057060781037463315e-01 1.677586828087082871e-01 1.127076580855773807e-01 1.030638816548091474e-01 1.103005467825317609e-01 1.185635167907784643e-01 1.213906373607667455e-01 1.278967054609242149e-01 9.490943860257847198e-02 6.604204401716476380e-02 8.240967519431637023e-02 3.754162046775300771e-02 4.697786166429458732e-02 1.588215328310745300e-01 7.559253175128052837e-02 3.506337197193288430e-02 1.407042730744997028e-01 1.610351722104205185e-01 1.711731066165314841e-01 1.871205295056372619e-01 2.054473947858121707e-01 1.836744692244659527e-01 1.592328070903555604e-01 1.590260823008537716e-01 1.385619037431667921e-01 1.659753530763189433e-01 1.134987562305595082e-01 1.627328077099756964e-01 1.445011964868028465e-01 1.311594201125573789e-01 1.278381060866522756e-01 1.511671914163315034e-01 1.432077585191916524e-01 1.053643575802557658e-01 1.408866449360050566e-01 1.396517997775611197e-01 1.502906308509075750e-01 1.458852289464976082e-01 1.587364385350045481e-01 1.323559700204711698e-01 1.091035452476914469e-01 1.289013296105979145e-01 5.757544068566777112e-02 1.052737487040441150e-01 1.490153477598827325e-01 1.562700360095373442e-01 1.654606760742637628e-01 1.164576134496498327e-01 1.426097200010160160e-01 1.469445403405794104e-01 1.399659214541010832e-01 1.229469018407863268e-01 1.381565192574700507e-01 1.292015193380927907e-01 1.256362354085319988e-01 1.054801627547854170e-01 1.180354468363360165e-01 1.504354598755245076e-01 1.385318476138780452e-01 1.575862710460525229e-01 1.330376704484549921e-01 1.067824288500906910e-01 1.191619613952114437e-01 1.395380755982395804e-01 1.145139730835991604e-01 1.495604430984142919e-01 1.629846302057665064e-01 1.595564113364859871e-01 1.780965340087387327e-01 1.604769393115935694e-01 1.772028118643113048e-01 1.663298895543692535e-01 1.666269684388743955e-01 1.533174726011698186e-01 1.665392051745022139e-01 1.384626495211542241e-01 1.486195220570671049e-01 1.535967599172621545e-01 1.430012335401373569e-01 1.456636101451033449e-01 1.609108889307545032e-01 1.514283788944481290e-01 1.497553182948865580e-01 1.429910001664910779e-01 1.494536723988496019e-01 1.470082625167853652e-01 1.505715371084566934e-01 1.198144444853911639e-01 1.182726189051120785e-01 1.329808502540899828e-01 1.383778902420933210e-01 1.247822186003585271e-01 1.300170203137964164e-01 1.242991793189432842e-01 1.328516867007480950e-01 1.250998107604202048e-01 1.274112236151220268e-01 1.381544236442083240e-01 1.557057865394521901e-01 1.487726742739403085e-01 1.423241757092734983e-01 1.513362610730148161e-01 1.445207184999795780e-01 1.451785606343522494e-01 1.306218625171992886e-01 1.305094068180626676e-01 1.279171550609418673e-01
1.607890799205040355e-01 5.601452032210414711e-02 1.000000000000000000e+00 4.024278965259918128e-01 1.741737554140527777e-01 2.581057114421209109e-01 3.661140197593675261e-01 3.252486531495013544e-01 3.852892428703503791e-01 3.151750358189734369e-01 4.222849078705295245e-01 4.242822916189516458e-01 3.268871077975373240e-01 2.903841952650875191e-01 3.771967502084231372e-01 3.675744256694978840e-01 3.736693005064758433e-01 4.398610390123534608e-01 3.922290137364168872e-01 3.562985157310910589e-01 3.973488848422009889e-01 4.202298123311390410e-01 4.263574123125250526e-01 4.093796841496076255e-01 3.850521143421845593e-01 4.417681014742763090e-01 4.369712703665064590e-01 4.065340086793873819e-01 4.413214509491264481e-01 4.475190791274260560e-01 4.488959716612274664e-01 4.364504987621504739e-01 4.219698482457544531e-01 4.231591325730112430e-01 4.309436816795159664e-01 3.946048135206876029e-01 4.045850618056902048e-01 3.899446155908213307e-01 4.033059123342696006e-01 3.860929991385184112e-01 3.967177239829131619e-01 3.901146623319880491e-01 3.899458241181232299e-01 4.044006945086039972e-01 3.964316987553457294e-01 3.978542058812302162e-01 3.670075610969547042e-01 3.747832724414116856e-01 3.787370696558702288e-01 3.887469595448497794e-01 3.880958206285744505e-01 3.726339223443246307e-01 3.751089466462285693e-01 3.800397773540373225e-01 3.941946914122301804e-01 4.059984659846481159e-01 3.856405331300070682e-01 3.831055575561406745e-01 3.737635297225163633e-01 3.819248968140444012e-01 3.872644375693203855e-01 3.632937944462967805e-01 3.862703329616076209e-01 3.839071155099621491e-01 3.836698742089259540e-01 3.733411446485352392e-01 3.759246137776185992e-01 4.011252695187307871e-01 4.162965272584135956e-01 4.009516542340408329e-01 4.021248753615516147e-01 3.892187286672941227e-01 4.029807858386981190e-01 3.937355656161693473e-01 3.959335926915024673e-01 3.982127288139031274e-01 3.935494008069022609e-01 4.086382885215199545e-01 4.039628608611092742e-01 3.969140139135668988e-01 3.988239594364937912e-01 3.990928060364843932e-01 3.984172358246879653e-01 4.006580267644345161e-01 3.934730730601733728e-01 3.981092188215411554e-01 3.895771745861464352e-01 3.759177324781208807e-01 3.824528683636247983e-01 3.792785926733659996e-01 3.858727194739448585e-01 3.766272354939709244e-01 3.823912420784122412e-01 3.820801925293262902e-01 3.650761874591738620e-01 3.630978585327949704e-01 3.747233936481530470e-01 3.818248434477923836e-01 3.694539886141561258e-01 3.790984123203404721e-01 3.722788404884735947e-01 3.702293951200596456e-01 3.705259877823622872e-01 3.767351893018082709e-01 3.817162039848934207e-01 3.672541692861018836e-01 3.729738786585340971e-01 3.694231110454787026e-01 3.732139115419220166e-01 3.663032619750565821e-01 3.630523986424756266e-01 3.688105193841346163e-01 3.635698425051088201e-01 3.770873511082452056e-01 3.738598175372742083e-01 3.704639176669135003e-01
1.128569709379674824e-01 3.058532917240056048e-02 4.024278965259918128e-01 1.000000000000000000e+00 3.085074403562201306e-01 3.690770888146354678e-01 5.339060079378263879e-01 5.096911104627745992e-01 5.260521242143184617e-01 4.431497823002079062e-01 5.814513597635605491e-01 6.538334321275067751e-01 4.840933428409237571e-01 4.546510596643381641e-01 5.785559264704701610e-01 5.651720235075059495e-01 5.542849139408885240e-01 5.254416297137904923e-01 5.632673720766157022e-01 4.554328338647599117e-01 5.935487689745675421e-01 6.268864853872880838e-01 5.048161037460510148e-01 5.277433252399601482e-01 5.686805100778914435e-01 5.831943222740633148e-01 5.763382661926402806e-01 5.420653668848803841e-01 5.278586812736354439e-01 5.426319629683534762e-01 5.847418978186540439e-01 5.701013990893232242e-01 5.371803974321589514e-01 5.579921640323797227e-01 5.518080345957611099e-01 5.813750593006677958e-01 5.562237248223131925e-01 5.643846997346221306e-01 5.869895548833548027e-01 5.402949168541315572e-01 5.759043861815074106e-01 5.725756635933300087e-01 5.932718564419380280e-01 6.002250237642695607e-01 5.912960235630034811e-01 5.713170325917257264e-01 5.625024707240179334e-01 5.613825241275711697e-01 5.698423624208941440e-01 5.864213256320960355e-01 5.779514520986539505e-01 6.059357586817893937e-01 6.008220709268936588e-01 5.678122712366935332e-01 5.587971921667956865e-01 5.578025704595435119e-01 5.783482729645760267e-01 5.778611347807751653e-01 5.596909029338595909e-01 5.876170329205585574e-01 5.910913809570492727e-01 5.682659427445585498e-01 5.821432135024622312e-01 5.865259850835848887e-01 6.070455535854706319e-01 5.873440869065230663e-01 5.656925629510728415e-01 5.820453991384504366e-01 5.740688795787446397e-01 5.885365183085888852e-01 6.178679080900554288e-01 5.971654082658216511e-01 5.654085914318641715e-01 5.910434836494297128e-01 5.837482423847386581e-01 5.743261618328782125e-01 5.634317512458766330e-01 5.608227078305419999e-01 5.768014190490448057e-01 5.591466915257961023e-01 5.719330068722728866e-01 5.717663953251000963e-01 5.724218507790387322e-01 5.665809338348427593e-01 5.741340679243305267e-01 5.690520373167651247e-01 5.674937765244166821e-01 5.664609853268897099e-01 5.718829307928801065e-01 5.546572298852383565e-01 5.645441271854503285e-01 5.691234175854792410e-01 5.806455741227073419e-01 5.705792606139180601e-01 5.617500704293180158e-01 5.582140117493892273e-01 5.765096853079894057e-01 5.875088518686439887e-01 5.735464497701675546e-01 5.725827722869244463e-01 5.786741108646602516e-01 5.763356654395461742e-01 5.855071923250406707e-01 5.827249467583434095e-01 5.893575390304077732e-01 5.723044656796880680e-01 5.708315281724610779e-01 5.595586363476120484e-01 5.625964512036296661e-01 5.662808151866863815e-01 5.573295886637044116e-01 5.696341735813994500e-01 5.662507525883321291e-01 5.816243533007134925e-01 5.855760804931948726e-01 5.831536273811837034e-01
4.427613238046925609e-02 7.866576941663272482e-02 1.741737554140527777e-01 3.085074403562201306e-01 1.000000000000000000e+00 2.491349160935606710e-01 4.139111728538729662e-01 4.431645024656324927e-01 4.242943957690973322e-01 3.848814726927271002e-01 4.308145869851177090e-01 4.640343712928536868e-01 4.636809120285751984e-01 3.722203997488754412e-01 4.673155071199435184e-01 4.710684566098712889e-01 4.339744680597020232e-01 3.190313453745071692e-01 3.784243648132945004e-01 3.076867157526764762e-01 3.647437669408890026e-01 4.047573110298156585e-01 3.654017896540464050e-01 3.540502218001314594e-01 3.715192357297738557e-01 4.246259534327932461e-01 4.164047825644066059e-01 4.283762456360887816e-01 3.813571531853948704e-01 4.091723645412806420e-01 4.276841888628315491e-01 4.245611599191513319e-01 4.085965395175448212e-01 4.244829815788217497e-01 4.323302505372188520e-01 4.201727639540774883e-01 4.451390050394636866e-01 4.516591325519796474e-01 4.642940394323714082e-01 4.177525994732460557e-01 4.620120280138893532e-01 4.611053686582845534e-01 4.560909906613380693e-01 4.704007698433683715e-01 4.581348481822681840e-01 4.667668166829151977e-01 4.801503126025418733e-01 4.837410634244813101e-01 4.713601565204078581e-01 4.544122899178260067e-01 4.613567928009441044e-01 4.571499552126989108e-01 4.832320528044122820e-01 4.751018186403394572e-01 4.609917729674619102e-01 4.523329611810853468e-01 4.612372023661621134e-01 4.794366805931012943e-01 4.701411927997581897e-01 4.889158633407819088e-01 4.812828033940815819e-01 4.823797481935179210e-01 4.700029327772765053e-01 4.768972043989567200e-01 4.839277170849225485e-01 4.839393886929287403e-01 4.819265384395499119e-01 4.664916446575313458e-01 4.638175332974875942e-01 4.734446430331883948e-01 4.740329404238379229e-01 4.740197479256180180e-01 4.580428161268466636e-01 4.616696906489196062e-01 4.752215057743215954e-01 4.702260278038830621e-01 4.664874008823412521e-01 4.537396432759804865e-01 4.664840409609263272e-01 4.657505691665255743e-01 4.661171148410045428e-01 4.688391689393037187e-01 4.632021891616483478e-01 4.648526093618417510e-01 4.675049045669933956e-01 4.705946469755046824e-01 4.650668844435096871e-01 4.760184066698162630e-01 4.796594817088846718e-01 4.707419348894681943e-01 4.634622092755246725e-01 4.787361231549372431e-01 4.771637674392211759e-01 4.788593490880846404e-01 4.855431955628048413e-01 4.832146003640745424e-01 4.677534185388548815e-01 4.739119288612051450e-01 4.829322619155131946e-01 4.791432394925385641e-01 4.787457965796779180e-01 4.789153310794101448e-01 4.873021760442077244e-01 4.878650906297533618e-01 4.815700970742580744e-01 4.724653617156933660e-01 4.812212937942719759e-01 4.815150351801233408e-01 4.766524550666793036e-01 4.832572714107475909e-01 4.820245855606963281e-01 4.893373871278365317e-01 4.857649054101111363e-01 4.846656282627644918e-01 4.854252359221185031e-01 4.891711407748557394e-01
9.918711133282000214e-03 5.514530490668425461e-02 2.581057114421209109e-01 3.690770888146354678e-01 2.491349160935606710e-01 1.000000000000000000e+00 5.328183343500628721e-01 4.758758895169472036e-01 4.993912194675989014e-01 4.529361691410371260e-01 5.300438844325283672e-01 5.589299037284262139e-01 4.810771646753799202e-01 4.535790696673765998e-01 5.715065445121778609e-01 5.604154134148089383e-01 5.349120663170625622e-01 5.117120594733176597e-01 5.225570150392971902e-01 4.153695355301922354e-01 5.157016012831566742e-01 5.417788867918259532e-01 5.263495803757560765e-01 5.131462583548315193e-01 5.000865468379868117e-01 5.768133030870945532e-01 5.539070161547839932e-01 5.691040644891258715e-01 5.289947451600649497e-01 5.365216612595016255e-01 5.670593279002192899e-01 5.778179192999912672e-01 5.568757925424858701e-01 5.731156824060948951e-01 5.708022321855632519e-01 5.739304270291424315e-01 5.735218092273660639e-01 5.841448080131926845e-01 5.960957525639695165e-01 5.765966540888929348e-01 5.876104577529527306e-01 5.818299450859341082e-01 5.849902594866236427e-01 5.914841245953740279e-01 5.894970462705879655e-01 5.964495471698304518e-01 5.770878559268661778e-01 5.712787845235804962e-01 5.767180742127261395e-01 5.704980244562668501e-01 5.756926857173180201e-01 5.421620054821082446e-01 5.582360181894421292e-01 5.741607944468377633e-01 5.806957222643767125e-01 5.807289221777234278e-01 5.669949401604018613e-01 5.808035654501547684e-01 5.749118524349959847e-01 5.825796595729018090e-01 5.817381838945523409e-01 5.664681978442348553e-01 5.728126933249471087e-01 5.744152028742282035e-01 5.659055039315059599e-01 5.595818244092255478e-01 5.750379931147913126e-01 5.847623939073177679e-01 5.856080706474685593e-01 5.783364312577135014e-01 5.891350543779078075e-01 5.842537831305766316e-01 5.804647512514164998e-01 5.828671833442358174e-01 5.864515764994513436e-01 5.780983342046865925e-01 5.841555670854514659e-01 5.749673895094424836e-01 5.885456021537105453e-01 5.742590435994309184e-01 5.836108224994842608e-01 5.800386059388570326e-01 5.874419978609066728e-01 5.837886775127956174e-01 5.901132155093371523e-01 5.852400213456936395e-01 5.893041224379822474e-01 5.835493864383767271e-01 5.923323308813748245e-01 5.800328157094017945e-01 5.906030055976432269e-01 5.865898248453386143e-01 5.870352163880656615e-01 5.897293239165853906e-01 5.767241782750810453e-01 5.747356445638829303e-01 5.775912119533735956e-01 5.654645644868994125e-01 5.763381831268907796e-01 5.777010874384305161e-01 5.821016688183497934e-01 5.718463616060586174e-01 5.700767293606018304e-01 5.830571777607955752e-01 5.741646596060944185e-01 5.623490586465440533e-01 5.740278393562932013e-01 5.738304212514425684e-01 5.777715582275100292e-01 5.770354423144111733e-01 5.719274415171582415e-01 5.768924342815188178e-01 5.717710737197143622e-01 5.768938588228070818e-01 5.753178873543359773e-01 5.648264184399587329e-01
6.873671281077518846e-02 9.211936396436633256e-02 3.661140197593675261e-01 5.339060079378263879e-01 4.139111728538729662e-01 5.328183343500628721e-01 1.000000000000000000e+00 6.933447877721122810e-01 6.902518875720354830e-01 5.923192366236704753e-01 7.250986374562123915e-01 7.632989058868319132e-01 6.618576935323745580e-01 6.142875044977611498e-01 8.103385632519672921e-01 7.759425473839424159e-01 7.159392898574222786e-01 6.698098596328734278e-01 7.264466996363151408e-01 5.380665325065542293e-01 6.792987667015880637e-01 7.587038428477294039e-01 7.149910162391357460e-01 6.947758854044464583e-01 7.029552358568361692e-01 7.933344025564207369e-01 7.512838804515279412e-01 7.666484820137041689e-01 7.043092608410592703e-01 7.122944862334069649e-01 7.564622461466831149e-01 7.835587003443812426e-01 7.462440415637806579e-01 7.813831916722364657e-01 7.453582368054845197e-01 7.893901794765125768e-01 7.677259473066051498e-01 7.938896891347713147e-01 8.033588987497118916e-01 7.871743006772090601e-01 7.884763925239323124e-01 7.945835583351368303e-01 7.983212375455450704e-01 8.104811102051379113e-01 7.977814825259438303e-01 7.984345626996092182e-01 7.732093537642946712e-01 7.668360518638986933e-01 7.783254670005850251e-01 7.796742683405230023e-01 7.817785870089047906e-01 7.582377381434028951e-01 7.684307883489627233e-01 7.715357571837151429e-01 7.853956641725310384e-01 7.905982742343699021e-01 7.723469319794601384e-01 7.852772709324755684e-01 7.809524557711968740e-01 7.841977338916034102e-01 7.876802453498152889e-01 7.676772818899489925e-01 7.829070288594629501e-01 7.792052427864694097e-01 7.801194244133103917e-01 7.641629045636225692e-01 7.724148538434172373e-01 7.873320967654308111e-01 7.865669813094310348e-01 7.682797213054123331e-01 7.936719727240238997e-01 7.919762265424420411e-01 7.795040197948213123e-01 7.848715176734032406e-01 7.903616112880741396e-01 7.750234140089915513e-01 7.853702149126844390e-01 7.602666980611817449e-01 7.869120631293907708e-01 7.568251354459800684e-01 7.706627745804650598e-01 7.700915658226327176e-01 7.917106513484650776e-01 7.745102509164530913e-01 7.982550597980609952e-01 7.868605946529375617e-01 7.841050590395569619e-01 7.864829568996924980e-01 7.888547269492078851e-01 7.780776918325065239e-01 7.939838804121478466e-01 7.868306961898055008e-01 7.884954049368462226e-01 7.914338827029977486e-01 7.705647544526229575e-01 7.654989230943495260e-01 7.879696925166038701e-01 7.706232752991534207e-01 7.755060595985578953e-01 7.816823024533327002e-01 7.871151004543291974e-01 7.734714875099941711e-01 7.719137718120988589e-01 7.866934402174766694e-01 7.847382988359740130e-01 7.613960106381949533e-01 7.728472555866160443e-01 7.686204617754871515e-01 7.764455648244822372e-01 7.748369323787817065e-01 7.730003381498948833e-01 7.708306685281001158e-01 7.668034884148877683e-01 7.779491688890328716e-01 7.779552131382514446e-01 7.657329814418382119e-01
3.186332858929002282e-02 7.999701210809614937e-02 3.252486531495013544e-01 5.096911104627745992e-01 4.431645024656324927e-01 4.758758895169472036e-01 6.933447877721122810e-01 1.000000000000000000e+00 6.717115386332548344e-01 5.811122899636168571e-01 6.965084280787691151e-01 7.516254315009889275e-01 6.693339155283268838e-01 6.015219656893819877e-01 7.736643690981895860e-01 7.727849136221190962e-01 6.974938199696769647e-01 6.182948197624698050e-01 6.862645409850443023e-01 5.095817618617259903e-01 6.673774343941160092e-01 7.291963925517015443e-01 6.454717240886432839e-01 6.423755713720109561e-01 6.702941535320909860e-01 7.358732332805776322e-01 6.980390375345524312e-01 7.118620374204879253e-01 6.521737993802664279e-01 6.622252893522753148e-01 7.111440039660464896e-01 7.217803824214140684e-01 6.876773595277393403e-01 7.234292750910046310e-01 6.918336644636308153e-01 7.484022946547130850e-01 7.277996697175835861e-01 7.643750535251034872e-01 7.727034316254622892e-01 7.278292911591007774e-01 7.615255213132231527e-01 7.683837535460181778e-01 7.700177183449525842e-01 7.808378192379460403e-01 7.628741095974903574e-01 7.727271507511903614e-01 7.637508474393079894e-01 7.582150099979576563e-01 7.603150055220816439e-01 7.539580328643039620e-01 7.655932029266730998e-01 7.418212133808702591e-01 7.600311844694987995e-01 7.592185469615996274e-01 7.646189747090794686e-01 7.544098956960068048e-01 7.623040083634627928e-01 7.750051334885025289e-01 7.717259118315822342e-01 7.733230628525709083e-01 7.750118471255211805e-01 7.715267204974992632e-01 7.742837843944284648e-01 7.738666792638487779e-01 7.735100728358600408e-01 7.644773635574193538e-01 7.604411901921177552e-01 7.704895752299836253e-01 7.566451885731564353e-01 7.627360875812116969e-01 7.838347772509363098e-01 7.749854362046978418e-01 7.522603014526798582e-01 7.680131414322817207e-01 7.678924353042269058e-01 7.517347077193589078e-01 7.554008501307361012e-01 7.317265244585077211e-01 7.601705908575929760e-01 7.372781430741809361e-01 7.499538983065291431e-01 7.493322441321651484e-01 7.625438646908500040e-01 7.444696033209692310e-01 7.624962404444687314e-01 7.579302986628466687e-01 7.574934187269004582e-01 7.680275451376605833e-01 7.694061481763716515e-01 7.595916582184349952e-01 7.585444488794192974e-01 7.687283149333344889e-01 7.682519348213169286e-01 7.706764808712687209e-01 7.620664187507637521e-01 7.579536805016455769e-01 7.617117959712750297e-01 7.604444145378606024e-01 7.675659651527558802e-01 7.653812827555322995e-01 7.675300054349820655e-01 7.658204716926538813e-01 7.654720839178177361e-01 7.746487718363447295e-01 7.695302244294446314e-01 7.544231694001520827e-01 7.610328849023600961e-01 7.571012961540526387e-01 7.630060004193742751e-01 7.653102608131443496e-01 7.631525894663853116e-01 7.657231807328721551e-01 7.626583228333777553e-01 7.696294532113134856e-01 7.703794578720298825e-01 7.638323881615701749e-01
1.850673332549612193e-01 1.529748235296531367e-01 3.852892428703503791e-01 5.260521242143184617e-01 4.242943957690973322e-01 4.993912194675989014e-01 6.902518875720354830e-01 6.717115386332548344e-01 1.000000000000000000e+00 7.144639931653983256e-01 8.016290521654131362e-01 8.090094021562046489e-01 7.298437664035549721e-01 6.622839458790640288e-01 8.250727649600054781e-01 8.046138185853037861e-01 7.837846600737582436e-01 6.898858384586716852e-01 7.135037481527531922e-01 5.934051138228860767e-01 6.545983124882451820e-01 7.326934857776961074e-01 7.977437016932868996e-01 6.965456075586244911e-01 6.806125475851128037e-01 8.442765291612863710e-01 8.318616018457001271e-01 8.305385165509872047e-01 8.260335101485882792e-01 8.419298908540876480e-01 8.664385838976952359e-01 8.415556690720180644e-01 8.137086445071359808e-01 8.173569796946241750e-01 8.293330585046678749e-01 8.071655881132628885e-01 8.506144531966662869e-01 8.316474855741891048e-01 8.474115916603279786e-01 7.912235715018143267e-01 8.567819377499710232e-01 8.404212824475780774e-01 8.226667135275862464e-01 8.584131980973974674e-01 8.417261473752339906e-01 8.514442405263963343e-01 8.511148950198446084e-01 8.660434655889037714e-01 8.566471530519692568e-01 8.311409834609764236e-01 8.441579134227709114e-01 7.984398563834633755e-01 8.420536987712731181e-01 8.741671211120678464e-01 8.641222809812698635e-01 8.647247505200185147e-01 8.570781436685950272e-01 8.594491659621240620e-01 8.600804872529946854e-01 8.693457019008831166e-01 8.622572223757032361e-01 8.570614055220910910e-01 8.564040857781018978e-01 8.581851939586416789e-01 8.499386696172155364e-01 8.587848886698572493e-01 8.594557152089816743e-01 8.571976223028399122e-01 8.770278887289749692e-01 8.474208100844812241e-01 8.378848157680752751e-01 8.433740855625159183e-01 8.431156455330919286e-01 8.329555513189085270e-01 8.689726304913268917e-01 8.700535417695789420e-01 8.646728361000574070e-01 8.706180910684244711e-01 8.709233295107547956e-01 8.678593127497705728e-01 8.694902537395873265e-01 8.711135951190600579e-01 8.677458401099588103e-01 8.643429947692807813e-01 8.562070789794199444e-01 8.614005434646427872e-01 8.541937848797620525e-01 8.568506535699794702e-01 8.580153230627429739e-01 8.691187741269162936e-01 8.498323000283216633e-01 8.575812914733088599e-01 8.626258554359216291e-01 8.616813899558785073e-01 8.532654170053589615e-01 8.569940855376376732e-01 8.499989519090349610e-01 8.568954243585225061e-01 8.555147786704131452e-01 8.553366201819111447e-01 8.493437417949544210e-01 8.596635240633502262e-01 8.561270756589128839e-01 8.583643071217894605e-01 8.582495062647258477e-01 8.612760290469605451e-01 8.619880524397350863e-01 8.620579491396062055e-01 8.646053731725252822e-01 8.567776679232618209e-01 8.582232125027212666e-01 8.607391968522059011e-01 8.592226508002417384e-01 8.607554363626577221e-01 8.576952330985518902e-01 8.625886040484058714e-01
6.128694401714093742e-02 2.057060781037463315e-01 3.151750358189734369e-01 4.431497823002079062e-01 3.848814726927271002e-01 4.529361691410371260e-01 5.923192366236704753e-01 5.811122899636168571e-01 7.144639931653983256e-01 1.000000000000000000e+00 7.209409585045396529e-01 7.271397836554519545e-01 6.731268889124472077e-01 6.026316963500496504e-01 7.428719037120534718e-01 7.323117871321747074e-01 6.976280419098411789e-01 5.859482007356435762e-01 6.242766293942058065e-01 4.992286418654146019e-01 5.513636427792790728e-01 6.205367933473429076e-01 6.867003463717817890e-01 6.095264554452848316e-01 5.885091104620270297e-01 7.304553379600792207e-01 7.333181327024669294e-01 7.561503984234216880e-01 7.252462880937972090e-01 7.524139745249334155e-01 7.712870494084418382e-01 7.522914478529588722e-01 7.302570790909056475e-01 7.374913291072973109e-01 7.490331870187261210e-01 7.211219950610708862e-01 7.683793755262348091e-01 7.597137824984694365e-01 7.630098623711737416e-01 7.274955396511789685e-01 7.860662435134437853e-01 7.708212012138617730e-01 7.388935077934039031e-01 7.690204793149340023e-01 7.662769432600801123e-01 7.698671878987093375e-01 7.889706202219566311e-01 8.014614078641533190e-01 7.856396602384643213e-01 7.561037193792379263e-01 7.746942083190089257e-01 7.021266953496269059e-01 7.545092164598350415e-01 7.947301319999287017e-01 7.799646309607607408e-01 7.825189485207187934e-01 7.657412929960693004e-01 7.835996856913227671e-01 7.928519235609020610e-01 7.827522851248156499e-01 7.756194382168902779e-01 7.819206061092492943e-01 7.775108794946692381e-01 7.663360822862516075e-01 7.503282378205051728e-01 7.614113238518430693e-01 7.878271418870250731e-01 7.835575517961805847e-01 7.899269281488099370e-01 7.671132437746971400e-01 7.573212195496921151e-01 7.705306408341564550e-01 7.724578680436675615e-01 7.596092342791950225e-01 7.892794466680973509e-01 7.947342043179850268e-01 7.910098481098127854e-01 7.948212875137932176e-01 7.922151569868610688e-01 7.948702531004342431e-01 7.948328645481338439e-01 7.986917654738858730e-01 7.881234970467825285e-01 7.920317671220294953e-01 7.821698280643410994e-01 7.887620251464222410e-01 7.871590466947058218e-01 7.919786986535416462e-01 7.884848217611164500e-01 7.934189518007715991e-01 7.855595952765339618e-01 7.923258357454537881e-01 7.905769713830876899e-01 7.920721447245054891e-01 7.922851762670107822e-01 7.951801955991768533e-01 7.739599256222217116e-01 7.643901696930018863e-01 7.846079719551672937e-01 7.866634375477674634e-01 7.782250078947002825e-01 7.834069287825460304e-01 7.770266284236211352e-01 7.852981359785123905e-01 7.762571474955327622e-01 7.752215881017179289e-01 7.899539353961211319e-01 7.946547365758028780e-01 7.945788067175855174e-01 7.909139092332865273e-01 7.961432745888371576e-01 7.893664916319732550e-01 7.923124644223742408e-01 7.787484272553462095e-01 7.765917422799277769e-01 7.770405220741033459e-01
7.399939358608716156e-02 1.677586828087082871e-01 4.222849078705295245e-01 5.814513597635605491e-01 4.308145869851177090e-01 5.300438844325283672e-01 7.250986374562123915e-01 6.965084280787691151e-01 8.016290521654131362e-01 7.209409585045396529e-01 1.000000000000000000e+00 8.702817000946870829e-01 7.666614291599953557e-01 6.967698622064586456e-01 8.628782824734284596e-01 8.486184443759264839e-01 8.002242284934504291e-01 7.070398859191840968e-01 7.646816562214884261e-01 5.799597084599004138e-01 6.987827140984212981e-01 7.805555208287368041e-01 7.930498308049199752e-01 7.307709979396770361e-01 7.288152454829520677e-01 8.613235367057430203e-01 8.544182925456721422e-01 8.594540557737351261e-01 8.320000671807009640e-01 8.521621967910218975e-01 8.926501338142162068e-01 8.636371346053640652e-01 8.398506342712792616e-01 8.529179116491417689e-01 8.612249068850812428e-01 8.552758445639269125e-01 8.861857252915036343e-01 8.672452016345070236e-01 8.872762282976958126e-01 8.401874972600688052e-01 8.920690426888455704e-01 8.806628444946439371e-01 8.678849802452666129e-01 8.937847532598199862e-01 8.886147410503879573e-01 8.870673635294319403e-01 8.902271361841369579e-01 8.962977478083324900e-01 8.902614300968155758e-01 8.700766864551260360e-01 8.775221462236642012e-01 8.349273879800136466e-01 8.714514733249671963e-01 8.934182602182507704e-01 8.859845186168525677e-01 8.908759047943644038e-01 8.756971264093029728e-01 8.924338377633664887e-01 8.877916635352187669e-01 8.969817764892388245e-01 8.908541807514892552e-01 8.856496800512793088e-01 8.833212453569855294e-01 8.813336985849722360e-01 8.804573186042981003e-01 8.791014288168702562e-01 8.955977309104444783e-01 8.963875541018384574e-01 8.996154937867326673e-01 8.758588566334815084e-01 8.867604860339735051e-01 8.930101719424451412e-01 8.810589978221486929e-01 8.804630127106218840e-01 9.040328506910341178e-01 9.036199376852612763e-01 8.998969882166760748e-01 8.988594872397832614e-01 9.012239178020426955e-01 8.979819623972489229e-01 9.028883624925667650e-01 9.064407813949832970e-01 8.984969583299290408e-01 8.996947312123102503e-01 8.951317839215521266e-01 8.985717892627779202e-01 8.988815611216287582e-01 8.965891187936526618e-01 8.999531098658745121e-01 8.966503577643248901e-01 8.975045685231202164e-01 8.994311579781614219e-01 9.026102445494658122e-01 9.005595209546135571e-01 8.948329310982718887e-01 8.947902916025869402e-01 8.868088991548412903e-01 8.801203103132334560e-01 8.926699542101119711e-01 8.940392580831540981e-01 8.911851671952096821e-01 8.901266161130141352e-01 8.889427615064151578e-01 8.970323557942779802e-01 8.943389650087650855e-01 8.822938120047335575e-01 8.943072542196566221e-01 8.958696472862212046e-01 8.978501049629977748e-01 8.948525315543779390e-01 8.933756933656543664e-01 8.957621359288641116e-01 8.944561604973610969e-01 8.928244943523278021e-01 8.950808750434012806e-01 8.881298348784502084e-01
4.066448430030673161e-02 1.127076580855773807e-01 4.242822916189516458e-01 6.538334321275067751e-01 4.640343712928536868e-01 5.589299037284262139e-01 7.632989058868319132e-01 7.516254315009889275e-01 8.090094021562046489e-01 7.271397836554519545e-01 8.702817000946870829e-01 1.000000000000000000e+00 7.975150289744386001e-01 7.166358006977179285e-01 9.003133820402637877e-01 8.825193004184005430e-01 8.320546000293724820e-01 7.156692390295619211e-01 7.900006391910405767e-01 6.104602934195438868e-01 7.566738623449246193e-01 8.281208371889595687e-01 7.748594231405611099e-01 7.489924825254296037e-01 7.744600542948466559e-01 8.726141362164389070e-01 8.548261638609161439e-01 8.594538820688832903e-01 8.145119911246705424e-01 8.350767583120439763e-01 8.881945897667700152e-01 8.675624352794697458e-01 8.352111314745384041e-01 8.660385847869203069e-01 8.549320678321068456e-01 8.774295240495564308e-01 8.920477284168860654e-01 8.932906363780654946e-01 9.127307632482209998e-01 8.534765607469551041e-01 9.112786663577107094e-01 9.072224797937106233e-01 9.036419713093230000e-01 9.236629233134312500e-01 9.153553897439948850e-01 9.105218548358979813e-01 9.154150526348397987e-01 9.177817533807000050e-01 9.180456543939179426e-01 9.026375827255213036e-01 9.099785136870633950e-01 8.903250559727589053e-01 9.184874279625058202e-01 9.143280960146882297e-01 9.020347767032776964e-01 8.942141492042490203e-01 9.067819626919311204e-01 9.216418972357791617e-01 9.140423661414596168e-01 9.277913000142401501e-01 9.267225395360363382e-01 9.195498310204396342e-01 9.195625200102750529e-01 9.202967077636121651e-01 9.210889448371254451e-01 9.168282509592027285e-01 9.190580266657765174e-01 9.202527318773948695e-01 9.134646314996286431e-01 9.109634328849485208e-01 9.289390724306437752e-01 9.258729839456832922e-01 9.008531321048267593e-01 9.138910980926531202e-01 9.267180228232800854e-01 9.186745564668985509e-01 9.152766598710966317e-01 9.046826700157645229e-01 9.155686287320807804e-01 9.088622761925873039e-01 9.171882258889141326e-01 9.201538535501765370e-01 9.136261549916117053e-01 9.091879493000383228e-01 9.172565403450348986e-01 9.165669879662050601e-01 9.185404482364233347e-01 9.197773615144860804e-01 9.231817197190992363e-01 9.096205820742119252e-01 9.128576283214835385e-01 9.218245992335465377e-01 9.277806405214069629e-01 9.235633203724137319e-01 9.210363005147763626e-01 9.195274763686573927e-01 9.135143329719808136e-01 9.143353679283878765e-01 9.227213917616743366e-01 9.212774453322605250e-01 9.225326633268561283e-01 9.206619523279516715e-01 9.255552640941749898e-01 9.285887320127123035e-01 9.265777730137539914e-01 9.100644586922578272e-01 9.221928055314975170e-01 9.172059641794366724e-01 9.188022900984861296e-01 9.219036245108838123e-01 9.151032653892525737e-01 9.230323131239690504e-01 9.209794653937577458e-01 9.239289034597752970e-01 9.268308418177190200e-01 9.218005013531067604e-01
3.449497467199541534e-02 1.030638816548091474e-01 3.268871077975373240e-01 4.840933428409237571e-01 4.636809120285751984e-01 4.810771646753799202e-01 6.618576935323745580e-01 6.693339155283268838e-01 7.298437664035549721e-01 6.731268889124472077e-01 7.666614291599953557e-01 7.975150289744386001e-01 1.000000000000000000e+00 6.535761874224066403e-01 8.167604300533699568e-01 8.150755096222163099e-01 7.454022672384316150e-01 6.065579638428102438e-01 6.851003969230120560e-01 5.117526028448383668e-01 6.202745671685681028e-01 6.958260480130079584e-01 6.945053578438880049e-01 6.473733489616957382e-01 6.570577592717944393e-01 7.742820843077593551e-01 7.510700736413231660e-01 7.693566956543823609e-01 7.148215682335695709e-01 7.426209823780801633e-01 7.906138349493321282e-01 7.649123052971761316e-01 7.334489872838843016e-01 7.655635523690820232e-01 7.610026255617803326e-01 7.750962187604459874e-01 7.987398205227160819e-01 7.920177781658478411e-01 8.160261451705924651e-01 7.554625997114364777e-01 8.255478490934209379e-01 8.151832058097890910e-01 8.072717272279742451e-01 8.269015089702506094e-01 8.159000324759091427e-01 8.159605609006790328e-01 8.390147757988656307e-01 8.425180393894396991e-01 8.364918418203592942e-01 8.022551332925981216e-01 8.184046410242524772e-01 7.984546468734211588e-01 8.317377680011907026e-01 8.433744903755371336e-01 8.261998582087963783e-01 8.129892080274403465e-01 8.239712372746841318e-01 8.399270154035307634e-01 8.359042230073066015e-01 8.472712475635543194e-01 8.427519254331549137e-01 8.448264627047000763e-01 8.343454774595536749e-01 8.363777248886631321e-01 8.337162118312094750e-01 8.381185966183910541e-01 8.417905645199574849e-01 8.355119343007684218e-01 8.305257863565568277e-01 8.183664435763740030e-01 8.239036834500810258e-01 8.332013903304653635e-01 8.174189367250420668e-01 8.188494905450470762e-01 8.430771581287138661e-01 8.369158298502734628e-01 8.329197516262107914e-01 8.204797802313041899e-01 8.297662698866122843e-01 8.308028129845086429e-01 8.336917908719938541e-01 8.377269236516113882e-01 8.299454076219321408e-01 8.274463270404781579e-01 8.289141782546017856e-01 8.314858322306929450e-01 8.304341554235599165e-01 8.421274930482963716e-01 8.399541167588738810e-01 8.385600405356100628e-01 8.283307931139022307e-01 8.429392995334492600e-01 8.449044068151512210e-01 8.414502363995024492e-01 8.475368895447215056e-01 8.478208980249359872e-01 8.334804623646988597e-01 8.341457052150452744e-01 8.475870397383885591e-01 8.416974917242082688e-01 8.421760476137942764e-01 8.448490692547154790e-01 8.470486983308395113e-01 8.482386252619318334e-01 8.450241298950660340e-01 8.401660563342101540e-01 8.466652175415336767e-01 8.470285474037417828e-01 8.460018886155749041e-01 8.476554831607416851e-01 8.463532865257794580e-01 8.495689926118671353e-01 8.498153003045210152e-01 8.451508674489307538e-01 8.451079786609666522e-01 8.464634052006654308e-01
